Time,  Packets Generated,  Packets Reached,High Priority Packets Generated, High Priority Packets reached, Packet Dropped, Packet Dropped due to Faulty Node, High Prio Packet Dropped due to Faulty Node, Low Prio Packet Dropped due to Faulty Node 
5,1,1,1,1,0,0,0,0
10,6,5,5,4,0,0,0,0
15,8,7,6,6,0,0,0,0
20,17,12,10,9,1,1,0,1
25,25,21,13,12,2,2,1,1
30,32,28,17,16,2,2,1,1
35,45,36,22,19,3,3,1,2
40,56,49,29,26,4,4,1,3
45,63,57,31,29,4,4,1,3
50,76,65,36,32,5,5,1,4
55,87,78,40,36,6,6,1,5
60,94,86,44,42,6,6,1,5
65,107,94,49,44,7,7,2,5
70,118,107,56,53,7,7,2,5
75,125,114,60,56,9,7,2,5
80,138,121,68,62,11,8,2,6
85,149,132,73,69,14,8,2,6
90,156,139,77,73,15,8,2,6
95,169,145,84,77,18,9,3,6
100,180,156,91,86,20,9,3,6
105,187,163,94,90,23,9,3,6
110,200,168,100,92,26,10,4,6
115,211,180,106,100,28,10,4,6
120,218,187,108,104,30,10,4,6
125,231,192,112,106,35,11,4,7
130,242,197,117,109,43,11,4,7
135,249,203,121,115,45,11,4,7
140,262,206,129,117,50,12,5,7
145,273,213,134,123,58,12,5,7
150,280,218,137,127,60,12,5,7
155,293,222,143,129,68,13,6,7
160,304,227,149,134,73,13,6,7
165,311,234,152,139,76,13,6,7
170,324,238,159,143,81,14,7,7
175,335,244,166,147,88,14,7,7
180,342,252,171,153,88,14,7,7
185,355,255,177,156,97,15,7,8
190,366,256,181,157,108,15,7,8
195,373,259,185,160,113,15,7,8
200,386,259,192,160,122,16,7,9
205,397,263,197,164,133,16,7,9
210,404,265,200,165,139,16,7,9
215,417,266,204,166,150,17,8,9
220,428,267,208,167,160,17,8,9
225,435,269,211,169,166,17,8,9
230,448,271,216,171,175,18,9,9
235,459,274,222,174,183,18,9,9
240,466,277,224,177,189,18,9,9
245,479,277,227,177,201,19,9,10
250,490,279,230,178,210,19,9,10
255,497,283,231,180,214,19,9,10
260,510,286,240,183,223,20,10,10
265,521,288,242,184,233,20,10,10
270,528,289,245,184,239,20,10,10
275,541,291,251,185,248,21,10,11
280,552,294,254,187,257,21,10,11
285,559,294,256,187,265,21,10,11
290,572,295,260,187,277,22,10,12
295,583,296,268,188,287,22,10,12
300,590,296,271,188,294,22,10,12
305,603,298,281,190,304,23,11,12
310,614,300,283,192,314,23,11,12
315,621,302,287,194,319,23,11,12
320,634,303,295,195,330,24,12,12
325,645,305,299,197,340,24,12,12
330,652,305,303,197,346,24,12,12
335,665,309,312,200,355,25,13,12
340,676,311,319,202,365,25,13,12
345,683,311,323,202,372,25,13,12
350,696,313,332,203,381,26,14,12
355,707,315,336,205,391,26,14,12
360,714,315,342,205,398,26,14,12
365,727,315,348,205,412,27,15,12
370,738,316,356,206,422,27,15,12
375,745,317,358,206,428,27,15,12
380,758,317,363,206,441,28,16,12
385,769,318,372,207,450,28,16,12
390,776,321,374,208,455,28,16,12
395,789,322,379,209,467,29,17,12
400,800,323,382,210,477,29,17,12
405,807,325,385,211,482,29,17,12
410,820,325,389,211,494,30,17,13
415,831,326,391,212,505,30,17,13
420,838,328,394,213,510,30,17,13
425,851,328,400,213,522,30,17,13
430,862,329,407,214,533,30,17,13
435,869,330,407,214,539,30,17,13
440,882,330,416,214,551,30,17,13
445,893,331,419,215,562,30,17,13
450,900,332,423,216,568,30,17,13
455,913,332,431,216,581,30,17,13
460,924,332,436,216,592,30,17,13
465,931,333,438,216,598,30,17,13
470,944,334,445,217,608,31,18,13
475,955,338,451,221,616,31,18,13
480,962,341,456,224,620,31,18,13
485,975,342,460,225,633,32,18,14
490,986,343,465,225,642,32,18,14
495,993,345,469,227,648,32,18,14
500,1006,346,477,228,659,33,18,15
505,1017,348,482,229,668,33,18,15
510,1024,350,484,230,674,33,18,15
515,1037,351,491,231,685,34,18,16
520,1048,354,496,234,694,34,18,16
525,1055,355,498,234,700,34,18,16
530,1068,358,508,236,710,35,19,16
535,1079,360,513,238,719,35,19,16
540,1086,362,515,239,724,35,19,16
545,1099,364,520,240,735,35,19,16
550,1110,365,525,241,745,35,19,16
555,1117,366,529,241,751,35,19,16
560,1130,368,538,243,762,35,19,16
565,1141,369,546,244,772,35,19,16
570,1148,370,549,245,778,35,19,16
575,1161,372,556,246,789,35,19,16
580,1172,373,563,247,799,35,19,16
585,1179,374,566,248,805,35,19,16
590,1192,376,570,250,815,35,19,16
595,1203,378,575,252,823,35,19,16
600,1210,382,579,256,827,35,19,16
605,1223,383,585,257,840,36,20,16
610,1234,384,591,257,850,36,20,16
615,1241,385,593,257,856,36,20,16
620,1254,385,597,257,868,37,20,17
625,1265,387,604,258,878,37,20,17
630,1272,388,607,258,884,37,20,17
635,1285,388,615,258,895,38,21,17
640,1296,391,617,260,905,38,21,17
645,1303,393,619,261,910,38,21,17
650,1316,395,626,263,920,39,22,17
655,1327,397,629,265,930,39,22,17
660,1334,399,632,267,935,39,22,17
665,1347,399,638,267,948,40,22,18
670,1358,399,645,267,958,40,22,18
675,1365,402,649,269,963,40,22,18
680,1378,402,655,269,976,41,23,18
685,1389,402,660,269,986,41,23,18
690,1396,405,664,271,991,41,23,18
695,1409,405,671,271,1003,42,24,18
700,1420,406,676,272,1014,42,24,18
705,1427,408,679,273,1019,42,24,18
710,1440,408,686,273,1031,43,24,19
715,1451,410,691,275,1039,43,24,19
720,1458,414,694,278,1043,43,24,19
725,1471,416,701,280,1054,43,24,19
730,1482,417,703,281,1065,43,24,19
735,1489,420,707,283,1069,43,24,19
740,1502,421,716,284,1080,43,24,19
745,1513,424,725,287,1089,43,24,19
750,1520,425,726,288,1095,43,24,19
755,1533,426,731,288,1107,43,24,19
760,1544,427,738,289,1117,43,24,19
765,1551,427,742,289,1124,43,24,19
770,1564,428,747,289,1135,43,24,19
775,1575,431,751,291,1144,43,24,19
780,1582,432,752,292,1150,43,24,19
785,1595,432,759,292,1162,44,25,19
790,1606,434,765,294,1172,44,25,19
795,1613,436,766,294,1177,44,25,19
800,1626,436,773,294,1189,44,25,19
805,1637,438,778,296,1198,44,25,19
810,1644,441,783,298,1203,44,25,19
815,1657,441,791,298,1216,44,25,19
820,1668,442,796,299,1226,44,25,19
825,1675,444,801,300,1231,44,25,19
830,1688,445,808,301,1242,44,25,19
835,1699,447,812,302,1251,44,25,19
840,1706,450,813,303,1256,44,25,19
845,1719,452,822,305,1265,45,26,19
850,1730,455,826,307,1275,45,26,19
855,1737,457,830,308,1280,45,26,19
860,1750,459,836,309,1290,46,26,20
865,1761,461,841,311,1300,46,26,20
870,1768,463,843,311,1305,46,26,20
875,1781,464,845,312,1317,47,26,21
880,1792,465,850,312,1327,47,26,21
885,1799,467,854,313,1332,47,26,21
890,1812,470,860,315,1339,48,27,21
895,1823,477,868,321,1344,48,27,21
900,1830,481,872,325,1348,48,27,21
905,1843,481,875,325,1362,48,27,21
910,1854,482,882,326,1372,48,27,21
915,1861,483,886,326,1378,48,27,21
920,1874,484,895,327,1390,48,27,21
925,1885,484,897,327,1401,48,27,21
930,1892,485,900,327,1407,48,27,21
935,1905,486,910,328,1419,48,27,21
940,1916,486,916,328,1430,48,27,21
945,1923,487,922,329,1436,48,27,21
950,1936,487,929,329,1449,48,27,21
955,1947,487,935,329,1460,48,27,21
960,1954,488,937,329,1466,48,27,21
965,1967,490,945,331,1477,48,27,21
970,1978,492,951,333,1486,48,27,21
975,1985,493,951,333,1492,48,27,21
980,1998,494,955,334,1504,48,27,21
985,2009,496,959,336,1513,48,27,21
990,2016,497,962,336,1519,48,27,21
995,2029,498,971,337,1530,48,27,21
1000,2040,500,976,338,1540,48,27,21
1005,2047,501,981,339,1546,48,27,21
1010,2060,503,988,341,1556,49,27,22
1015,2071,507,994,344,1564,49,27,22
1020,2078,508,995,344,1570,49,27,22
1025,2091,509,1004,344,1582,49,27,22
1030,2102,509,1012,344,1593,49,27,22
1035,2109,509,1015,344,1600,49,27,22
1040,2122,510,1021,344,1612,49,27,22
1045,2133,510,1026,344,1623,49,27,22
1050,2140,510,1028,344,1630,49,27,22
1055,2153,511,1034,344,1642,49,27,22
1060,2164,511,1039,344,1653,49,27,22
1065,2171,512,1044,345,1659,49,27,22
1070,2184,514,1050,347,1670,50,28,22
1075,2195,515,1056,348,1676,50,28,22
1080,2202,520,1061,352,1680,50,28,22
1085,2215,521,1069,353,1693,50,28,22
1090,2226,524,1073,356,1702,50,28,22
1095,2233,526,1077,357,1707,50,28,22
1100,2246,528,1084,358,1716,50,28,22
1105,2257,532,1092,362,1725,50,28,22
1110,2264,533,1094,363,1731,50,28,22
1115,2277,535,1100,365,1742,50,28,22
1120,2288,536,1104,366,1752,50,28,22
1125,2295,537,1109,367,1758,50,28,22
1130,2308,539,1114,368,1769,50,28,22
1135,2319,541,1117,369,1778,50,28,22
1140,2326,542,1119,369,1784,50,28,22
1145,2339,542,1127,369,1797,51,29,22
1150,2350,543,1133,369,1807,51,29,22
1155,2357,544,1134,369,1813,51,29,22
1160,2370,545,1142,370,1825,52,30,22
1165,2381,546,1149,370,1835,52,30,22
1170,2388,547,1153,370,1841,52,30,22
1175,2401,547,1159,370,1854,53,31,22
1180,2412,548,1166,371,1864,53,31,22
1185,2419,549,1169,371,1870,53,31,22
1190,2432,550,1178,372,1881,54,32,22
1195,2443,551,1181,372,1892,54,32,22
1200,2450,552,1181,372,1898,54,32,22
1205,2463,553,1187,373,1910,55,32,23
1210,2474,554,1191,374,1920,55,32,23
1215,2481,556,1193,374,1925,55,32,23
1220,2494,556,1198,374,1938,56,32,24
1225,2505,558,1205,376,1947,56,32,24
1230,2512,560,1210,377,1952,56,32,24
1235,2525,561,1215,378,1964,57,33,24
1240,2536,562,1220,378,1974,57,33,24
1245,2543,564,1222,379,1979,57,33,24
1250,2556,565,1229,380,1989,58,33,25
1255,2567,570,1237,384,1996,58,33,25
1260,2574,573,1239,385,2001,58,33,25
1265,2587,574,1248,386,2011,58,33,25
1270,2598,576,1251,388,2020,58,33,25
1275,2605,580,1253,392,2025,58,33,25
1280,2618,581,1262,393,2036,58,33,25
1285,2629,582,1268,394,2046,58,33,25
1290,2636,584,1272,396,2052,58,33,25
1295,2649,585,1279,396,2063,58,33,25
1300,2660,586,1282,397,2074,58,33,25
1305,2667,587,1284,397,2080,58,33,25
1310,2680,588,1290,398,2091,58,33,25
1315,2691,589,1294,399,2101,58,33,25
1320,2698,591,1297,401,2106,58,33,25
1325,2711,593,1303,403,2118,58,33,25
1330,2722,593,1308,403,2129,58,33,25
1335,2729,594,1310,404,2135,58,33,25
1340,2742,595,1318,405,2147,58,33,25
1345,2753,595,1323,405,2158,58,33,25
1350,2760,596,1326,405,2164,58,33,25
1355,2773,597,1333,406,2176,58,33,25
1360,2784,597,1340,406,2187,58,33,25
1365,2791,599,1344,407,2192,58,33,25
1370,2804,602,1352,410,2201,58,33,25
1375,2815,605,1355,412,2210,58,33,25
1380,2822,608,1359,414,2214,58,33,25
1385,2835,608,1366,414,2226,58,33,25
1390,2846,611,1372,417,2234,58,33,25
1395,2853,614,1377,419,2238,58,33,25
1400,2866,615,1381,420,2250,58,33,25
1405,2877,616,1388,420,2261,58,33,25
1410,2884,617,1391,420,2267,58,33,25
1415,2897,617,1397,420,2280,58,33,25
1420,2908,618,1403,421,2290,58,33,25
1425,2915,619,1405,421,2296,58,33,25
1430,2928,619,1411,421,2308,58,33,25
1435,2939,621,1415,423,2318,58,33,25
1440,2946,622,1417,424,2324,58,33,25
1445,2959,622,1422,424,2337,58,33,25
1450,2970,623,1430,425,2347,58,33,25
1455,2977,624,1434,425,2353,58,33,25
1460,2990,624,1442,425,2366,58,33,25
1465,3001,625,1448,426,2376,58,33,25
1470,3008,626,1451,426,2382,58,33,25
1475,3021,626,1456,426,2395,58,33,25
1480,3032,627,1459,427,2405,58,33,25
1485,3039,628,1461,427,2411,58,33,25
1490,3052,629,1466,427,2423,58,33,25
1495,3063,631,1472,428,2432,58,33,25
1500,3070,632,1473,428,2438,58,33,25
1505,3083,632,1478,428,2451,58,33,25
1510,3094,633,1485,429,2461,58,33,25
1515,3101,633,1488,429,2468,58,33,25
1520,3114,633,1496,429,2481,58,33,25
1525,3125,633,1501,429,2492,58,33,25
1530,3132,633,1504,429,2499,58,33,25
1535,3145,633,1509,429,2512,58,33,25
1540,3156,633,1511,429,2523,58,33,25
1545,3163,633,1514,429,2530,58,33,25
1550,3176,633,1518,429,2543,58,33,25
1555,3187,633,1524,429,2554,58,33,25
1560,3194,633,1528,429,2561,58,33,25
1565,3207,633,1531,429,2574,58,33,25
1570,3218,633,1538,429,2585,58,33,25
1575,3225,633,1542,429,2592,58,33,25
1580,3238,633,1550,429,2605,58,33,25
1585,3249,633,1557,429,2616,58,33,25
1590,3256,633,1562,429,2623,58,33,25
1595,3269,633,1568,429,2636,58,33,25
1600,3280,633,1574,429,2647,58,33,25
1605,3287,633,1577,429,2654,58,33,25
1610,3300,635,1583,431,2662,59,33,26
1615,3311,642,1591,437,2664,59,33,26
1620,3318,651,1595,445,2666,59,33,26
1625,3331,652,1604,446,2679,59,33,26
1630,3342,652,1609,446,2690,59,33,26
1635,3349,653,1613,447,2696,59,33,26
1640,3362,655,1622,448,2707,59,33,26
1645,3373,655,1629,448,2718,59,33,26
1650,3380,656,1636,449,2724,59,33,26
1655,3393,657,1645,450,2736,59,33,26
1660,3404,657,1651,450,2747,59,33,26
1665,3411,658,1655,451,2753,59,33,26
1670,3424,659,1661,452,2765,59,33,26
1675,3435,659,1668,452,2776,59,33,26
1680,3442,660,1669,453,2782,59,33,26
1685,3455,661,1675,454,2794,59,33,26
1690,3466,661,1678,454,2805,59,33,26
1695,3473,662,1681,454,2811,59,33,26
1700,3486,664,1687,456,2822,59,33,26
1705,3497,664,1692,456,2833,59,33,26
1710,3504,665,1695,456,2839,59,33,26
1715,3517,667,1700,457,2849,59,33,26
1720,3528,668,1705,458,2860,59,33,26
1725,3535,670,1705,458,2865,59,33,26
1730,3548,673,1711,461,2873,60,33,27
1735,3559,678,1714,466,2881,60,33,27
1740,3566,680,1717,466,2884,60,33,27
1745,3579,681,1722,467,2898,60,33,27
1750,3590,681,1727,467,2909,60,33,27
1755,3597,683,1729,468,2914,60,33,27
1760,3610,683,1735,468,2927,60,33,27
1765,3621,683,1739,468,2938,60,33,27
1770,3628,685,1744,470,2943,60,33,27
1775,3641,685,1750,470,2956,60,33,27
1780,3652,685,1756,470,2967,60,33,27
1785,3659,687,1760,471,2972,60,33,27
1790,3672,687,1767,471,2985,60,33,27
1795,3683,687,1773,471,2996,60,33,27
1800,3690,689,1775,472,3001,60,33,27
1805,3703,690,1780,473,3013,61,34,27
1810,3714,691,1786,474,3023,61,34,27
1815,3721,693,1789,475,3028,61,34,27
1820,3734,694,1797,476,3039,62,34,28
1825,3745,696,1800,478,3049,62,34,28
1830,3752,698,1802,478,3054,62,34,28
1835,3765,700,1808,480,3065,63,34,29
1840,3776,700,1813,480,3076,63,34,29
1845,3783,703,1817,482,3079,63,34,29
1850,3796,704,1822,483,3089,63,34,29
1855,3807,710,1829,489,3094,63,34,29
1860,3814,716,1833,494,3098,63,34,29
1865,3827,716,1840,494,3110,63,34,29
1870,3838,718,1846,496,3120,63,34,29
1875,3845,719,1851,496,3126,63,34,29
1880,3858,719,1861,496,3138,63,34,29
1885,3869,721,1867,497,3148,63,34,29
1890,3876,722,1872,498,3154,63,34,29
1895,3889,722,1879,498,3167,63,34,29
1900,3900,723,1883,499,3177,63,34,29
1905,3907,724,1886,499,3183,63,34,29
1910,3920,724,1893,499,3196,63,34,29
1915,3931,725,1894,499,3206,63,34,29
1920,3938,726,1898,500,3212,63,34,29
1925,3951,728,1904,502,3222,64,34,30
1930,3962,733,1912,507,3227,64,34,30
1935,3969,737,1915,511,3232,64,34,30
1940,3982,740,1920,513,3242,65,34,31
1945,3993,743,1925,515,3250,65,34,31
1950,4000,744,1929,515,3255,65,34,31
1955,4013,751,1937,522,3262,66,35,31
1960,4024,753,1943,524,3269,66,35,31
1965,4031,757,1948,528,3273,66,35,31
1970,4044,761,1956,532,3281,67,36,31
1975,4055,766,1961,536,3288,67,36,31
1980,4062,767,1963,537,3294,67,36,31
1985,4075,769,1971,539,3306,68,37,31
1990,4086,770,1976,539,3316,68,37,31
1995,4093,770,1976,539,3323,68,37,31
2000,4106,771,1981,540,3335,69,37,32
2005,4117,772,1988,541,3345,69,37,32
2010,4124,772,1992,541,3352,69,37,32
2015,4137,772,1999,541,3365,70,38,32
2020,4148,773,2005,542,3375,70,38,32
2025,4155,773,2007,542,3382,70,38,32
2030,4168,773,2012,542,3395,71,39,32
2035,4179,774,2017,542,3405,71,39,32
2040,4186,775,2021,542,3411,71,39,32
2045,4199,775,2030,542,3423,71,39,32
2050,4210,777,2035,544,3433,71,39,32
2055,4217,778,2038,545,3439,71,39,32
2060,4230,778,2042,545,3452,71,39,32
2065,4241,779,2048,546,3462,71,39,32
2070,4248,781,2053,548,3467,71,39,32
2075,4261,781,2059,548,3479,71,39,32
2080,4272,783,2063,550,3488,71,39,32
2085,4279,786,2067,552,3493,71,39,32
2090,4292,786,2073,552,3505,72,40,32
2095,4303,788,2079,554,3511,72,40,32
2100,4310,794,2084,560,3515,72,40,32
2105,4323,796,2092,561,3526,72,40,32
2110,4334,797,2099,562,3537,72,40,32
2115,4341,799,2102,563,3542,72,40,32
2120,4354,800,2108,564,3553,72,40,32
2125,4365,801,2113,565,3564,72,40,32
2130,4372,803,2118,567,3569,72,40,32
2135,4385,804,2125,567,3581,72,40,32
2140,4396,804,2128,567,3592,72,40,32
2145,4403,806,2132,568,3597,72,40,32
2150,4416,809,2141,571,3606,72,40,32
2155,4427,811,2144,572,3616,72,40,32
2160,4434,813,2146,573,3621,72,40,32
2165,4447,814,2152,573,3632,72,40,32
2170,4458,816,2160,575,3641,72,40,32
2175,4465,819,2164,577,3646,72,40,32
2180,4478,821,2170,579,3657,72,40,32
2185,4489,822,2174,579,3665,72,40,32
2190,4496,826,2179,583,3670,72,40,32
2195,4509,828,2187,585,3680,72,40,32
2200,4520,830,2192,587,3688,72,40,32
2205,4527,834,2196,589,3693,72,40,32
2210,4540,837,2202,591,3702,72,40,32
2215,4551,840,2208,593,3708,72,40,32
2220,4558,845,2214,598,3713,72,40,32
2225,4571,845,2221,598,3726,72,40,32
2230,4582,846,2225,598,3736,72,40,32
2235,4589,846,2229,598,3743,72,40,32
2240,4602,846,2235,598,3756,72,40,32
2245,4613,847,2238,598,3766,72,40,32
2250,4620,847,2242,598,3773,72,40,32
2255,4633,847,2247,598,3786,72,40,32
2260,4644,848,2255,599,3796,72,40,32
2265,4651,848,2257,599,3803,72,40,32
2270,4664,849,2263,600,3812,73,41,32
2275,4675,853,2266,603,3819,73,41,32
2280,4682,857,2269,607,3825,73,41,32
2285,4695,857,2277,607,3838,73,41,32
2290,4706,857,2280,607,3849,73,41,32
2295,4713,857,2285,607,3856,73,41,32
2300,4726,857,2294,607,3869,73,41,32
2305,4737,857,2297,607,3880,73,41,32
2310,4744,857,2303,607,3887,73,41,32
2315,4757,857,2308,607,3900,73,41,32
2320,4768,857,2312,607,3911,73,41,32
2325,4775,857,2315,607,3918,73,41,32
2330,4788,857,2323,607,3931,73,41,32
2335,4799,857,2328,607,3942,73,41,32
2340,4806,858,2330,607,3948,73,41,32
2345,4819,858,2338,607,3961,73,41,32
2350,4830,858,2343,607,3972,73,41,32
2355,4837,860,2347,609,3977,73,41,32
2360,4850,860,2354,609,3990,73,41,32
2365,4861,861,2358,610,3999,73,41,32
2370,4868,863,2361,611,4005,73,41,32
2375,4881,863,2364,611,4018,73,41,32
2380,4892,865,2371,613,4027,73,41,32
2385,4899,868,2374,615,4031,73,41,32
2390,4912,871,2382,618,4036,74,41,33
2395,4923,878,2387,624,4042,74,41,33
2400,4930,885,2391,631,4045,74,41,33
2405,4943,886,2400,632,4056,74,41,33
2410,4954,888,2403,634,4066,74,41,33
2415,4961,888,2405,634,4073,74,41,33
2420,4974,889,2411,634,4084,74,41,33
2425,4985,891,2416,635,4094,74,41,33
2430,4992,891,2420,635,4101,74,41,33
2435,5005,892,2428,635,4112,74,41,33
2440,5016,894,2436,636,4122,74,41,33
2445,5023,894,2440,636,4129,74,41,33
2450,5036,895,2447,637,4140,74,41,33
2455,5047,897,2450,638,4150,74,41,33
2460,5054,897,2455,638,4157,74,41,33
2465,5067,898,2461,639,4169,74,41,33
2470,5078,899,2469,640,4179,74,41,33
2475,5085,899,2471,640,4186,74,41,33
2480,5098,900,2476,640,4197,74,41,33
2485,5109,902,2481,641,4207,74,41,33
2490,5116,902,2485,641,4214,74,41,33
2495,5129,903,2491,642,4226,74,41,33
2500,5140,904,2498,642,4236,74,41,33
2505,5147,904,2502,642,4243,74,41,33
2510,5160,907,2508,645,4250,75,41,34
2515,5171,913,2515,651,4254,75,41,34
2520,5178,921,2521,658,4254,75,41,34
2525,5191,921,2527,658,4270,76,42,34
2530,5202,921,2534,658,4281,76,42,34
2535,5209,922,2536,659,4287,76,42,34
2540,5222,922,2542,659,4300,77,42,35
2545,5233,922,2546,659,4311,77,42,35
2550,5240,923,2549,659,4317,77,42,35
2555,5253,923,2556,659,4330,78,43,35
2560,5264,923,2563,659,4341,78,43,35
2565,5271,924,2567,660,4347,78,43,35
2570,5284,924,2573,660,4360,79,44,35
2575,5295,924,2579,660,4371,79,44,35
2580,5302,925,2583,661,4377,79,44,35
2585,5315,925,2588,661,4390,79,44,35
2590,5326,925,2595,661,4401,79,44,35
2595,5333,926,2599,661,4407,79,44,35
2600,5346,926,2605,661,4420,79,44,35
2605,5357,926,2609,661,4431,79,44,35
2610,5364,927,2612,661,4437,79,44,35
2615,5377,927,2616,661,4450,79,44,35
2620,5388,927,2620,661,4461,79,44,35
2625,5395,928,2623,661,4467,79,44,35
2630,5408,931,2628,663,4476,79,44,35
2635,5419,934,2634,665,4480,79,44,35
2640,5426,943,2638,673,4482,79,44,35
2645,5439,945,2643,675,4494,79,44,35
2650,5450,946,2650,676,4504,79,44,35
2655,5457,947,2652,676,4510,79,44,35
2660,5470,948,2657,677,4522,79,44,35
2665,5481,949,2660,677,4532,79,44,35
2670,5488,950,2664,678,4538,79,44,35
2675,5501,952,2670,680,4549,79,44,35
2680,5512,953,2675,681,4559,79,44,35
2685,5519,954,2677,681,4565,79,44,35
2690,5532,956,2682,682,4576,79,44,35
2695,5543,957,2689,683,4586,79,44,35
2700,5550,958,2692,683,4592,79,44,35
2705,5563,959,2696,683,4604,79,44,35
2710,5574,960,2703,684,4613,79,44,35
2715,5581,962,2708,686,4619,79,44,35
2720,5594,963,2711,687,4631,79,44,35
2725,5605,964,2716,687,4641,79,44,35
2730,5612,965,2718,687,4647,79,44,35
2735,5625,967,2727,689,4658,79,44,35
2740,5636,968,2733,690,4668,79,44,35
2745,5643,970,2734,691,4673,79,44,35
2750,5656,972,2739,692,4681,79,44,35
2755,5667,979,2745,699,4686,79,44,35
2760,5674,985,2749,704,4688,79,44,35
2765,5687,986,2755,705,4701,80,44,36
2770,5698,986,2757,705,4712,80,44,36
2775,5705,987,2760,705,4718,80,44,36
2780,5718,987,2767,705,4731,80,44,36
2785,5729,987,2771,705,4742,80,44,36
2790,5736,988,2775,706,4748,80,44,36
2795,5749,988,2780,706,4761,80,44,36
2800,5760,988,2784,706,4772,80,44,36
2805,5767,989,2788,707,4778,80,44,36
2810,5780,989,2795,707,4791,80,44,36
2815,5791,990,2801,708,4801,80,44,36
2820,5798,991,2803,708,4807,80,44,36
2825,5811,993,2811,710,4818,80,44,36
2830,5822,993,2817,710,4829,80,44,36
2835,5829,994,2822,711,4835,80,44,36
2840,5842,995,2828,711,4847,80,44,36
2845,5853,995,2834,711,4858,80,44,36
2850,5860,996,2838,712,4864,80,44,36
2855,5873,997,2848,712,4876,80,44,36
2860,5884,997,2855,712,4887,80,44,36
2865,5891,998,2858,712,4893,80,44,36
2870,5904,1000,2863,713,4901,80,44,36
2875,5915,1006,2870,718,4905,80,44,36
2880,5922,1012,2870,722,4910,80,44,36
2885,5935,1013,2878,723,4922,80,44,36
2890,5946,1013,2883,723,4933,80,44,36
2895,5953,1014,2886,724,4939,80,44,36
2900,5966,1015,2895,724,4951,80,44,36
2905,5977,1015,2901,724,4962,80,44,36
2910,5984,1016,2905,724,4968,80,44,36
2915,5997,1017,2916,725,4980,80,44,36
2920,6008,1017,2919,725,4991,80,44,36
2925,6015,1018,2923,725,4997,80,44,36
2930,6028,1019,2927,725,5009,80,44,36
2935,6039,1019,2932,725,5020,80,44,36
2940,6046,1020,2935,725,5026,80,44,36
2945,6059,1021,2943,725,5038,80,44,36
2950,6070,1021,2947,725,5049,80,44,36
2955,6077,1022,2952,726,5055,80,44,36
2960,6090,1023,2954,726,5067,80,44,36
2965,6101,1023,2958,726,5078,80,44,36
2970,6108,1024,2961,726,5084,80,44,36
2975,6121,1025,2968,726,5096,80,44,36
2980,6132,1025,2973,726,5107,80,44,36
2985,6139,1027,2979,727,5111,80,44,36
2990,6152,1029,2987,729,5119,81,45,36
2995,6163,1037,2993,737,5124,81,45,36
3000,6170,1043,2997,742,5126,81,45,36
3005,6183,1043,3003,742,5140,82,45,37
3010,6194,1043,3008,742,5151,82,45,37
3015,6201,1045,3014,743,5156,82,45,37
3020,6214,1045,3019,743,5169,83,45,38
3025,6225,1045,3027,743,5180,83,45,38
3030,6232,1047,3029,743,5185,83,45,38
3035,6245,1047,3035,743,5198,84,45,39
3040,6256,1047,3039,743,5209,84,45,39
3045,6263,1049,3042,744,5214,84,45,39
3050,6276,1050,3050,745,5226,85,45,40
3055,6287,1050,3053,745,5237,85,45,40
3060,6294,1052,3057,747,5242,85,45,40
3065,6307,1053,3064,748,5254,86,46,40
3070,6318,1054,3072,749,5264,86,46,40
3075,6325,1056,3076,750,5269,86,46,40
3080,6338,1058,3082,752,5280,87,46,41
3085,6349,1059,3087,752,5290,87,46,41
3090,6356,1061,3093,754,5295,87,46,41
3095,6369,1063,3102,756,5306,88,46,42
3100,6380,1065,3106,757,5315,88,46,42
3105,6387,1067,3108,757,5320,88,46,42
3110,6400,1070,3117,760,5326,89,47,42
3115,6411,1076,3121,765,5333,89,47,42
3120,6418,1081,3124,769,5336,89,47,42
3125,6431,1083,3130,770,5348,89,47,42
3130,6442,1083,3134,770,5359,89,47,42
3135,6449,1083,3137,770,5366,89,47,42
3140,6462,1084,3141,770,5378,89,47,42
3145,6473,1084,3146,770,5389,89,47,42
3150,6480,1084,3149,770,5396,89,47,42
3155,6493,1085,3154,771,5408,89,47,42
3160,6504,1085,3163,771,5419,89,47,42
3165,6511,1085,3167,771,5426,89,47,42
3170,6524,1086,3174,771,5438,89,47,42
3175,6535,1086,3176,771,5449,89,47,42
3180,6542,1086,3180,771,5456,89,47,42
3185,6555,1087,3187,771,5468,89,47,42
3190,6566,1087,3191,771,5478,89,47,42
3195,6573,1088,3193,772,5485,89,47,42
3200,6586,1089,3200,773,5496,89,47,42
3205,6597,1090,3206,774,5507,89,47,42
3210,6604,1092,3208,776,5512,89,47,42
3215,6617,1093,3215,776,5524,89,47,42
3220,6628,1095,3219,778,5533,89,47,42
3225,6635,1096,3222,779,5539,89,47,42
3230,6648,1098,3228,780,5549,89,47,42
3235,6659,1101,3231,782,5556,89,47,42
3240,6666,1107,3235,786,5558,89,47,42
3245,6679,1107,3239,786,5572,90,47,43
3250,6690,1108,3246,786,5582,90,47,43
3255,6697,1110,3250,787,5587,90,47,43
3260,6710,1111,3255,788,5599,91,47,44
3265,6721,1112,3260,788,5609,91,47,44
3270,6728,1114,3262,789,5614,91,47,44
3275,6741,1115,3268,790,5626,92,48,44
3280,6752,1116,3275,791,5636,92,48,44
3285,6759,1118,3279,792,5641,92,48,44
3290,6772,1118,3284,792,5654,93,49,44
3295,6783,1119,3291,792,5664,93,49,44
3300,6790,1121,3297,794,5669,93,49,44
3305,6803,1122,3304,795,5681,94,50,44
3310,6814,1123,3308,796,5691,94,50,44
3315,6821,1125,3312,797,5696,94,50,44
3320,6834,1126,3320,798,5708,95,51,44
3325,6845,1127,3325,799,5718,95,51,44
3330,6852,1129,3330,800,5723,95,51,44
3335,6865,1131,3337,802,5734,96,52,44
3340,6876,1132,3342,803,5744,96,52,44
3345,6883,1134,3343,803,5749,96,52,44
3350,6896,1137,3348,805,5757,97,53,44
3355,6907,1143,3353,811,5763,97,53,44
3360,6914,1147,3357,814,5765,97,53,44
3365,6927,1149,3361,815,5778,97,53,44
3370,6938,1149,3369,815,5789,97,53,44
3375,6945,1150,3372,816,5795,97,53,44
3380,6958,1151,3378,816,5807,97,53,44
3385,6969,1151,3382,816,5818,97,53,44
3390,6976,1152,3385,817,5824,97,53,44
3395,6989,1153,3393,818,5836,97,53,44
3400,7000,1153,3399,818,5847,97,53,44
3405,7007,1154,3402,819,5853,97,53,44
3410,7020,1155,3407,819,5865,97,53,44
3415,7031,1155,3414,819,5876,97,53,44
3420,7038,1156,3417,820,5882,97,53,44
3425,7051,1157,3422,820,5892,97,53,44
3430,7062,1159,3426,822,5903,97,53,44
3435,7069,1160,3428,822,5909,97,53,44
3440,7082,1162,3432,823,5920,97,53,44
3445,7093,1162,3437,823,5931,97,53,44
3450,7100,1163,3441,824,5937,97,53,44
3455,7113,1165,3448,826,5946,97,53,44
3460,7124,1167,3453,828,5957,97,53,44
3465,7131,1168,3457,829,5963,97,53,44
3470,7144,1171,3463,831,5970,98,54,44
3475,7155,1175,3468,835,5976,98,54,44
3480,7162,1182,3473,842,5978,98,54,44
3485,7175,1183,3478,843,5992,98,54,44
3490,7186,1183,3486,843,6003,98,54,44
3495,7193,1184,3490,844,6009,98,54,44
3500,7206,1184,3498,844,6022,98,54,44
3505,7217,1184,3502,844,6033,98,54,44
3510,7224,1185,3504,844,6039,98,54,44
3515,7237,1185,3510,844,6052,98,54,44
3520,7248,1185,3517,844,6063,98,54,44
3525,7255,1186,3520,844,6069,98,54,44
3530,7268,1186,3526,844,6082,98,54,44
3535,7279,1186,3533,844,6093,98,54,44
3540,7286,1187,3538,845,6099,98,54,44
3545,7299,1187,3545,845,6112,98,54,44
3550,7310,1187,3550,845,6123,98,54,44
3555,7317,1189,3553,846,6128,98,54,44
3560,7330,1189,3560,846,6141,98,54,44
3565,7341,1190,3567,847,6151,98,54,44
3570,7348,1193,3572,849,6155,98,54,44
3575,7361,1193,3582,849,6168,98,54,44
3580,7372,1194,3590,850,6178,98,54,44
3585,7379,1196,3595,851,6183,98,54,44
3590,7392,1199,3604,854,6190,98,54,44
3595,7403,1204,3609,859,6197,98,54,44
3600,7410,1209,3612,863,6200,98,54,44
3605,7423,1211,3620,864,6212,98,54,44
3610,7434,1211,3628,864,6223,98,54,44
3615,7441,1212,3632,864,6229,98,54,44
3620,7454,1213,3639,865,6241,98,54,44
3625,7465,1213,3644,865,6252,98,54,44
3630,7472,1214,3649,866,6258,98,54,44
3635,7485,1215,3659,867,6270,98,54,44
3640,7496,1215,3664,867,6281,98,54,44
3645,7503,1216,3666,868,6287,98,54,44
3650,7516,1217,3670,869,6299,98,54,44
3655,7527,1217,3675,869,6310,98,54,44
3660,7534,1218,3678,869,6316,98,54,44
3665,7547,1219,3680,869,6328,98,54,44
3670,7558,1219,3681,869,6339,98,54,44
3675,7565,1220,3686,870,6345,98,54,44
3680,7578,1221,3691,871,6357,98,54,44
3685,7589,1221,3695,871,6368,98,54,44
3690,7596,1222,3699,872,6374,98,54,44
3695,7609,1223,3707,873,6386,98,54,44
3700,7620,1223,3713,873,6397,98,54,44
3705,7627,1224,3716,874,6403,98,54,44
3710,7640,1227,3722,876,6410,99,54,45
3715,7651,1231,3727,879,6415,99,54,45
3720,7658,1238,3729,885,6419,99,54,45
3725,7671,1239,3735,886,6432,99,54,45
3730,7682,1239,3743,886,6443,99,54,45
3735,7689,1240,3748,886,6449,99,54,45
3740,7702,1240,3759,886,6462,99,54,45
3745,7713,1240,3766,886,6473,99,54,45
3750,7720,1241,3770,887,6479,99,54,45
3755,7733,1241,3777,887,6492,99,54,45
3760,7744,1241,3781,887,6503,99,54,45
3765,7751,1242,3785,888,6509,99,54,45
3770,7764,1242,3793,888,6522,99,54,45
3775,7775,1242,3795,888,6533,99,54,45
3780,7782,1243,3798,889,6539,99,54,45
3785,7795,1243,3802,889,6552,99,54,45
3790,7806,1243,3804,889,6563,99,54,45
3795,7813,1244,3808,890,6569,99,54,45
3800,7826,1244,3817,890,6582,99,54,45
3805,7837,1244,3822,890,6593,99,54,45
3810,7844,1245,3826,891,6599,99,54,45
3815,7857,1245,3836,891,6612,99,54,45
3820,7868,1245,3841,891,6623,99,54,45
3825,7875,1247,3843,892,6628,99,54,45
3830,7888,1250,3849,894,6636,100,54,46
3835,7899,1255,3855,898,6642,100,54,46
3840,7906,1261,3859,903,6644,100,54,46
3845,7919,1261,3865,903,6658,100,54,46
3850,7930,1261,3870,903,6669,100,54,46
3855,7937,1262,3873,904,6675,100,54,46
3860,7950,1262,3880,904,6688,100,54,46
3865,7961,1262,3884,904,6699,100,54,46
3870,7968,1263,3887,905,6705,100,54,46
3875,7981,1263,3894,905,6718,100,54,46
3880,7992,1263,3897,905,6729,100,54,46
3885,7999,1264,3902,906,6735,100,54,46
3890,8012,1264,3902,906,6748,100,54,46
3895,8023,1264,3908,906,6759,100,54,46
3900,8030,1265,3912,907,6765,100,54,46
3905,8043,1265,3915,907,6778,100,54,46
3910,8054,1265,3920,907,6789,100,54,46
3915,8061,1266,3923,907,6795,100,54,46
3920,8074,1266,3929,907,6808,100,54,46
3925,8085,1266,3934,907,6819,100,54,46
3930,8092,1267,3935,907,6825,100,54,46
3935,8105,1267,3943,907,6838,100,54,46
3940,8116,1267,3951,907,6849,100,54,46
3945,8123,1269,3955,909,6854,100,54,46
3950,8136,1272,3961,911,6860,100,54,46
3955,8147,1278,3967,917,6865,100,54,46
3960,8154,1285,3972,924,6867,100,54,46
3965,8167,1287,3979,926,6880,100,54,46
3970,8178,1288,3986,927,6890,100,54,46
3975,8185,1289,3988,928,6896,100,54,46
3980,8198,1289,3993,928,6909,100,54,46
3985,8209,1291,4001,930,6918,100,54,46
3990,8216,1292,4003,931,6924,100,54,46
3995,8229,1292,4008,931,6937,100,54,46
4000,8240,1293,4013,932,6947,100,54,46
4005,8247,1294,4015,932,6953,100,54,46
4010,8260,1294,4020,932,6966,100,54,46
4015,8271,1295,4024,933,6976,100,54,46
4020,8278,1296,4030,934,6982,100,54,46
4025,8291,1296,4034,934,6995,101,54,47
4030,8302,1297,4041,934,7005,101,54,47
4035,8309,1298,4046,935,7011,101,54,47
4040,8322,1298,4052,935,7024,102,55,47
4045,8333,1299,4055,935,7034,102,55,47
4050,8340,1300,4057,935,7040,102,55,47
4055,8353,1300,4064,935,7053,103,56,47
4060,8364,1302,4069,936,7062,103,56,47
4065,8371,1304,4072,937,7067,103,56,47
4070,8384,1306,4078,938,7077,104,57,47
4075,8395,1310,4085,942,7082,104,57,47
4080,8402,1316,4087,947,7086,104,57,47
4085,8415,1316,4092,947,7099,104,57,47
4090,8426,1316,4100,947,7110,104,57,47
4095,8433,1317,4105,947,7116,104,57,47
4100,8446,1317,4111,947,7129,104,57,47
4105,8457,1317,4117,947,7140,104,57,47
4110,8464,1318,4119,947,7146,104,57,47
4115,8477,1318,4123,947,7159,104,57,47
4120,8488,1318,4131,947,7170,104,57,47
4125,8495,1319,4135,948,7176,104,57,47
4130,8508,1319,4142,948,7189,104,57,47
4135,8519,1319,4147,948,7200,104,57,47
4140,8526,1320,4151,949,7206,104,57,47
4145,8539,1320,4158,949,7219,104,57,47
4150,8550,1320,4161,949,7230,104,57,47
4155,8557,1321,4167,950,7236,104,57,47
4160,8570,1321,4175,950,7249,104,57,47
4165,8581,1321,4180,950,7260,104,57,47
4170,8588,1322,4183,950,7266,104,57,47
4175,8601,1322,4192,950,7279,104,57,47
4180,8612,1322,4199,950,7290,104,57,47
4185,8619,1323,4202,951,7296,104,57,47
4190,8632,1324,4210,951,7302,104,57,47
4195,8643,1334,4216,961,7307,104,57,47
4200,8650,1340,4219,965,7309,104,57,47
4205,8663,1341,4226,966,7322,104,57,47
4210,8674,1341,4231,966,7333,104,57,47
4215,8681,1341,4235,966,7340,104,57,47
4220,8694,1343,4242,967,7351,104,57,47
4225,8705,1343,4247,967,7362,104,57,47
4230,8712,1343,4250,967,7369,104,57,47
4235,8725,1344,4252,967,7381,104,57,47
4240,8736,1344,4256,967,7392,104,57,47
4245,8743,1344,4258,967,7399,104,57,47
4250,8756,1346,4265,969,7410,104,57,47
4255,8767,1346,4269,969,7421,104,57,47
4260,8774,1346,4273,969,7428,104,57,47
4265,8787,1347,4282,970,7439,104,57,47
4270,8798,1348,4287,971,7450,104,57,47
4275,8805,1348,4289,971,7457,104,57,47
4280,8818,1349,4297,971,7468,104,57,47
4285,8829,1350,4302,972,7479,104,57,47
4290,8836,1350,4305,972,7486,104,57,47
4295,8849,1351,4309,972,7497,104,57,47
4300,8860,1352,4313,973,7508,104,57,47
4305,8867,1353,4314,973,7514,104,57,47
4310,8880,1354,4321,973,7521,105,57,48
4315,8891,1359,4326,977,7527,105,57,48
4320,8898,1364,4328,981,7534,105,57,48
4325,8911,1364,4335,981,7546,105,57,48
4330,8922,1368,4343,984,7554,105,57,48
4335,8929,1369,4347,985,7560,105,57,48
4340,8942,1370,4353,986,7571,105,57,48
4345,8953,1372,4357,987,7581,105,57,48
4350,8960,1373,4360,987,7587,105,57,48
4355,8973,1373,4364,987,7600,105,57,48
4360,8984,1374,4368,987,7610,105,57,48
4365,8991,1375,4369,987,7616,105,57,48
4370,9004,1376,4376,988,7627,105,57,48
4375,9015,1378,4379,990,7636,105,57,48
4380,9022,1380,4385,992,7641,105,57,48
4385,9035,1380,4390,992,7655,105,57,48
4390,9046,1382,4398,993,7664,105,57,48
4395,9053,1383,4402,994,7670,105,57,48
4400,9066,1383,4409,994,7683,105,57,48
4405,9077,1385,4415,996,7692,105,57,48
4410,9084,1386,4422,997,7698,105,57,48
4415,9097,1386,4428,997,7711,105,57,48
4420,9108,1388,4436,999,7720,105,57,48
4425,9115,1389,4440,1000,7726,105,57,48
4430,9128,1392,4448,1002,7735,106,58,48
4435,9139,1396,4453,1006,7743,106,58,48
4440,9146,1400,4456,1008,7746,106,58,48
4445,9159,1401,4461,1009,7757,106,58,48
4450,9170,1402,4465,1010,7768,106,58,48
4455,9177,1404,4470,1012,7773,106,58,48
4460,9190,1406,4476,1013,7783,106,58,48
4465,9201,1407,4481,1014,7794,106,58,48
4470,9208,1409,4484,1014,7799,106,58,48
4475,9221,1411,4490,1016,7809,106,58,48
4480,9232,1412,4497,1017,7820,106,58,48
4485,9239,1414,4502,1018,7825,106,58,48
4490,9252,1415,4509,1019,7836,106,58,48
4495,9263,1416,4516,1020,7846,106,58,48
4500,9270,1419,4518,1021,7851,106,58,48
4505,9283,1421,4523,1022,7862,107,59,48
4510,9294,1421,4526,1022,7873,107,59,48
4515,9301,1423,4530,1023,7878,107,59,48
4520,9314,1425,4536,1025,7888,108,60,48
4525,9325,1426,4542,1026,7899,108,60,48
4530,9332,1428,4543,1026,7904,108,60,48
4535,9345,1429,4549,1027,7915,109,60,49
4540,9356,1430,4553,1028,7926,109,60,49
4545,9363,1433,4557,1031,7930,109,60,49
4550,9376,1436,4562,1033,7938,110,61,49
4555,9387,1440,4568,1036,7947,110,61,49
4560,9394,1442,4570,1037,7952,110,61,49
4565,9407,1443,4577,1038,7964,111,61,50
4570,9418,1444,4581,1038,7974,111,61,50
4575,9425,1444,4586,1038,7981,111,61,50
4580,9438,1444,4594,1038,7994,111,61,50
4585,9449,1445,4601,1039,8004,111,61,50
4590,9456,1445,4605,1039,8011,111,61,50
4595,9469,1445,4615,1039,8024,111,61,50
4600,9480,1446,4621,1039,8034,111,61,50
4605,9487,1446,4624,1039,8041,111,61,50
4610,9500,1446,4633,1039,8054,111,61,50
4615,9511,1447,4637,1040,8064,111,61,50
4620,9518,1447,4642,1040,8071,111,61,50
4625,9531,1447,4651,1040,8084,111,61,50
4630,9542,1448,4655,1041,8094,111,61,50
4635,9549,1448,4658,1041,8101,111,61,50
4640,9562,1448,4664,1041,8114,111,61,50
4645,9573,1450,4670,1043,8123,111,61,50
4650,9580,1450,4672,1043,8130,111,61,50
4655,9593,1450,4683,1043,8142,111,61,50
4660,9604,1453,4690,1046,8151,111,61,50
4665,9611,1455,4695,1048,8156,111,61,50
4670,9624,1455,4702,1048,8168,111,61,50
4675,9635,1459,4708,1051,8174,111,61,50
4680,9642,1463,4711,1055,8178,111,61,50
4685,9655,1467,4719,1058,8187,112,62,50
4690,9666,1468,4726,1059,8197,112,62,50
4695,9673,1470,4730,1060,8203,112,62,50
4700,9686,1472,4734,1061,8214,113,63,50
4705,9697,1473,4740,1062,8224,113,63,50
4710,9704,1475,4744,1063,8228,113,63,50
4715,9717,1478,4750,1065,8239,114,64,50
4720,9728,1478,4754,1065,8250,114,64,50
4725,9735,1480,4759,1066,8255,114,64,50
4730,9748,1483,4767,1069,8265,115,65,50
4735,9759,1484,4772,1070,8275,115,65,50
4740,9766,1486,4777,1071,8280,115,65,50
4745,9779,1486,4783,1071,8293,116,65,51
4750,9790,1486,4787,1071,8304,116,65,51
4755,9797,1488,4791,1072,8309,116,65,51
4760,9810,1488,4795,1072,8321,117,65,52
4765,9821,1490,4797,1074,8331,117,65,52
4770,9828,1492,4800,1075,8336,117,65,52
4775,9841,1492,4807,1075,8349,118,66,52
4780,9852,1492,4812,1075,8360,118,66,52
4785,9859,1494,4817,1077,8365,118,66,52
4790,9872,1494,4823,1077,8377,119,67,52
4795,9883,1497,4830,1080,8386,119,67,52
4800,9890,1500,4835,1083,8390,119,67,52
4805,9903,1501,4842,1084,8402,119,67,52
4810,9914,1502,4848,1085,8412,119,67,52
4815,9921,1504,4852,1085,8417,119,67,52
4820,9934,1505,4858,1086,8428,119,67,52
4825,9945,1507,4863,1087,8438,119,67,52
4830,9952,1509,4865,1087,8443,119,67,52
4835,9965,1509,4871,1087,8456,119,67,52
4840,9976,1511,4874,1088,8465,119,67,52
4845,9983,1513,4876,1088,8470,119,67,52
4850,9996,1514,4879,1088,8481,119,67,52
4855,10007,1516,4883,1089,8490,119,67,52
4860,10014,1519,4886,1091,8493,119,67,52
4865,10027,1521,4895,1093,8506,119,67,52
4870,10038,1521,4900,1093,8517,119,67,52
4875,10045,1521,4901,1093,8524,119,67,52
4880,10058,1523,4907,1094,8535,119,67,52
4885,10069,1523,4915,1094,8546,119,67,52
4890,10076,1523,4917,1094,8553,119,67,52
4895,10089,1525,4926,1095,8564,119,67,52
4900,10100,1525,4928,1095,8575,119,67,52
4905,10107,1525,4929,1095,8582,119,67,52
4910,10120,1527,4939,1097,8593,119,67,52
4915,10131,1527,4947,1097,8604,119,67,52
4920,10138,1527,4951,1097,8611,119,67,52
4925,10151,1528,4956,1097,8621,119,67,52
4930,10162,1531,4961,1100,8630,119,67,52
4935,10169,1533,4965,1101,8636,119,67,52
4940,10182,1535,4971,1103,8647,119,67,52
4945,10193,1536,4976,1104,8657,119,67,52
4950,10200,1538,4979,1105,8662,119,67,52
4955,10213,1539,4984,1105,8674,119,67,52
4960,10224,1540,4989,1106,8684,119,67,52
4965,10231,1542,4992,1106,8689,119,67,52
4970,10244,1544,4999,1107,8697,120,68,52
4975,10255,1550,5006,1113,8702,120,68,52
4980,10262,1554,5007,1116,8708,120,68,52
4985,10275,1555,5012,1116,8720,120,68,52
4990,10286,1556,5016,1116,8730,120,68,52
4995,10293,1557,5020,1117,8736,120,68,52
5000,10306,1558,5025,1117,8748,120,68,52
5005,10317,1559,5033,1117,8758,120,68,52
5010,10324,1560,5039,1118,8764,120,68,52
5015,10337,1561,5044,1118,8776,120,68,52
5020,10348,1563,5052,1119,8785,120,68,52
5025,10355,1564,5054,1119,8791,120,68,52
5030,10368,1565,5059,1119,8803,120,68,52
5035,10379,1566,5068,1120,8813,120,68,52
5040,10386,1567,5074,1121,8819,120,68,52
5045,10399,1568,5084,1122,8831,120,68,52
5050,10410,1569,5089,1123,8841,120,68,52
5055,10417,1570,5093,1124,8847,120,68,52
5060,10430,1571,5102,1125,8859,120,68,52
5065,10441,1572,5105,1125,8869,120,68,52
5070,10448,1573,5107,1126,8875,120,68,52
5075,10461,1574,5112,1126,8887,120,68,52
5080,10472,1576,5116,1128,8896,120,68,52
5085,10479,1578,5121,1130,8901,120,68,52
5090,10492,1581,5126,1132,8909,120,68,52
5095,10503,1584,5130,1134,8918,120,68,52
5100,10510,1588,5135,1138,8920,120,68,52
5105,10523,1589,5140,1139,8933,120,68,52
5110,10534,1590,5146,1140,8944,120,68,52
5115,10541,1592,5151,1141,8949,120,68,52
5120,10554,1592,5160,1141,8962,120,68,52
5125,10565,1592,5167,1141,8973,120,68,52
5130,10572,1594,5168,1141,8978,120,68,52
5135,10585,1595,5175,1142,8988,121,69,52
5140,10596,1597,5177,1144,8999,121,69,52
5145,10603,1599,5180,1145,9004,121,69,52
5150,10616,1600,5188,1146,9015,122,69,53
5155,10627,1601,5195,1147,9025,122,69,53
5160,10634,1605,5200,1150,9029,122,69,53
5165,10647,1605,5204,1150,9042,122,69,53
5170,10658,1605,5206,1150,9053,122,69,53
5175,10665,1607,5210,1151,9058,122,69,53
5180,10678,1607,5217,1151,9071,122,69,53
5185,10689,1607,5223,1151,9082,122,69,53
5190,10696,1609,5225,1152,9087,122,69,53
5195,10709,1609,5234,1152,9100,122,69,53
5200,10720,1609,5236,1152,9111,122,69,53
5205,10727,1611,5242,1154,9116,122,69,53
5210,10740,1613,5248,1156,9126,122,69,53
5215,10751,1615,5254,1158,9134,122,69,53
5220,10758,1619,5256,1160,9138,122,69,53
5225,10771,1621,5263,1162,9150,122,69,53
5230,10782,1622,5268,1162,9160,122,69,53
5235,10789,1622,5274,1162,9167,122,69,53
5240,10802,1622,5281,1162,9180,122,69,53
5245,10813,1623,5288,1163,9190,122,69,53
5250,10820,1623,5292,1163,9197,122,69,53
5255,10833,1623,5299,1163,9210,122,69,53
5260,10844,1624,5303,1163,9220,122,69,53
5265,10851,1624,5303,1163,9227,122,69,53
5270,10864,1624,5309,1163,9240,122,69,53
5275,10875,1625,5316,1164,9250,122,69,53
5280,10882,1625,5319,1164,9257,122,69,53
5285,10895,1625,5327,1164,9270,122,69,53
5290,10906,1626,5334,1165,9280,122,69,53
5295,10913,1626,5337,1165,9287,122,69,53
5300,10926,1627,5345,1166,9299,122,69,53
5305,10937,1628,5351,1167,9309,122,69,53
5310,10944,1628,5355,1167,9316,122,69,53
5315,10957,1629,5365,1168,9328,122,69,53
5320,10968,1630,5370,1169,9338,122,69,53
5325,10975,1630,5374,1169,9345,122,69,53
5330,10988,1633,5380,1172,9354,123,70,53
5335,10999,1638,5388,1177,9357,123,70,53
5340,11006,1646,5393,1183,9357,123,70,53
5345,11019,1648,5400,1185,9371,124,71,53
5350,11030,1648,5406,1185,9382,124,71,53
5355,11037,1649,5410,1186,9388,124,71,53
5360,11050,1650,5414,1186,9400,125,71,54
5365,11061,1650,5419,1186,9411,125,71,54
5370,11068,1651,5422,1186,9417,125,71,54
5375,11081,1652,5429,1186,9429,126,71,55
5380,11092,1652,5433,1186,9440,126,71,55
5385,11099,1653,5438,1187,9446,126,71,55
5390,11112,1654,5443,1188,9458,127,72,55
5395,11123,1654,5449,1188,9469,127,72,55
5400,11130,1655,5454,1189,9475,127,72,55
5405,11143,1657,5460,1190,9486,128,73,55
5410,11154,1659,5466,1192,9494,128,73,55
5415,11161,1662,5469,1194,9498,128,73,55
5420,11174,1665,5474,1197,9508,129,73,56
5425,11185,1669,5477,1200,9516,129,73,56
5430,11192,1671,5481,1202,9521,129,73,56
5435,11205,1674,5488,1204,9531,130,74,56
5440,11216,1677,5494,1207,9539,130,74,56
5445,11223,1680,5499,1209,9543,130,74,56
5450,11236,1683,5508,1212,9548,131,75,56
5455,11247,1688,5514,1217,9554,131,75,56
5460,11254,1695,5519,1223,9556,131,75,56
5465,11267,1696,5528,1224,9571,132,76,56
5470,11278,1696,5533,1224,9582,132,76,56
5475,11285,1696,5537,1224,9589,132,76,56
5480,11298,1696,5541,1224,9602,133,76,57
5485,11309,1696,5545,1224,9613,133,76,57
5490,11316,1696,5551,1224,9620,133,76,57
5495,11329,1696,5556,1224,9633,134,76,58
5500,11340,1696,5561,1224,9644,134,76,58
5505,11347,1696,5563,1224,9651,134,76,58
5510,11360,1696,5566,1224,9664,135,77,58
5515,11371,1696,5572,1224,9675,135,77,58
5520,11378,1696,5574,1224,9682,135,77,58
5525,11391,1696,5580,1224,9695,136,77,59
5530,11402,1697,5585,1225,9704,136,77,59
5535,11409,1700,5588,1227,9709,136,77,59
5540,11422,1700,5593,1227,9721,137,78,59
5545,11433,1703,5596,1229,9730,137,78,59
5550,11440,1705,5600,1231,9735,137,78,59
5555,11453,1706,5607,1232,9747,138,78,60
5560,11464,1707,5612,1232,9757,138,78,60
5565,11471,1707,5616,1232,9764,138,78,60
5570,11484,1708,5623,1233,9772,138,78,60
5575,11495,1715,5629,1239,9776,138,78,60
5580,11502,1720,5631,1243,9780,138,78,60
5585,11515,1722,5636,1245,9793,138,78,60
5590,11526,1723,5640,1245,9802,138,78,60
5595,11533,1727,5641,1247,9806,138,78,60
5600,11546,1729,5644,1248,9817,138,78,60
5605,11557,1730,5649,1248,9827,138,78,60
5610,11564,1732,5652,1249,9832,138,78,60
5615,11577,1734,5654,1250,9843,138,78,60
5620,11588,1735,5658,1251,9853,138,78,60
5625,11595,1737,5661,1251,9858,138,78,60
5630,11608,1739,5667,1253,9869,138,78,60
5635,11619,1740,5673,1253,9879,138,78,60
5640,11626,1743,5676,1256,9883,138,78,60
5645,11639,1744,5682,1256,9895,138,78,60
5650,11650,1745,5687,1257,9905,138,78,60
5655,11657,1746,5691,1257,9911,138,78,60
5660,11670,1748,5696,1258,9922,138,78,60
5665,11681,1749,5701,1258,9932,138,78,60
5670,11688,1750,5704,1258,9938,138,78,60
5675,11701,1751,5707,1258,9950,138,78,60
5680,11712,1752,5714,1258,9960,138,78,60
5685,11719,1753,5719,1259,9966,138,78,60
5690,11732,1754,5724,1259,9974,139,78,61
5695,11743,1760,5731,1264,9978,139,78,61
5700,11750,1766,5736,1270,9983,139,78,61
5705,11763,1767,5743,1271,9996,139,78,61
5710,11774,1768,5748,1271,10006,139,78,61
5715,11781,1769,5750,1271,10012,139,78,61
5720,11794,1769,5755,1271,10025,139,78,61
5725,11805,1771,5759,1272,10034,139,78,61
5730,11812,1772,5760,1272,10040,139,78,61
5735,11825,1773,5767,1273,10051,139,78,61
5740,11836,1776,5775,1275,10059,139,78,61
5745,11843,1779,5777,1276,10064,139,78,61
5750,11856,1779,5782,1276,10076,139,78,61
5755,11867,1780,5791,1277,10086,139,78,61
5760,11874,1783,5793,1279,10091,139,78,61
5765,11887,1783,5801,1279,10104,139,78,61
5770,11898,1784,5808,1280,10114,139,78,61
5775,11905,1786,5813,1281,10119,139,78,61
5780,11918,1786,5821,1281,10132,139,78,61
5785,11929,1787,5828,1282,10141,139,78,61
5790,11936,1790,5831,1285,10146,139,78,61
5795,11949,1790,5836,1285,10158,139,78,61
5800,11960,1792,5841,1286,10168,139,78,61
5805,11967,1794,5846,1288,10173,139,78,61
5810,11980,1794,5850,1288,10184,140,78,62
5815,11991,1799,5857,1292,10190,140,78,62
5820,11998,1803,5857,1294,10195,140,78,62
5825,12011,1803,5865,1294,10208,140,78,62
5830,12022,1803,5870,1294,10219,140,78,62
5835,12029,1806,5876,1297,10223,140,78,62
5840,12042,1806,5882,1297,10236,140,78,62
5845,12053,1807,5886,1298,10246,140,78,62
5850,12060,1810,5891,1300,10250,140,78,62
5855,12073,1810,5897,1300,10263,140,78,62
5860,12084,1811,5904,1301,10273,140,78,62
5865,12091,1814,5909,1303,10277,140,78,62
5870,12104,1816,5915,1305,10288,140,78,62
5875,12115,1817,5919,1306,10298,140,78,62
5880,12122,1820,5925,1309,10302,140,78,62
5885,12135,1822,5934,1311,10313,140,78,62
5890,12146,1823,5939,1312,10323,140,78,62
5895,12153,1823,5941,1312,10330,140,78,62
5900,12166,1824,5947,1313,10342,140,78,62
5905,12177,1825,5953,1314,10352,140,78,62
5910,12184,1825,5957,1314,10359,140,78,62
5915,12197,1826,5960,1314,10371,140,78,62
5920,12208,1827,5966,1314,10381,140,78,62
5925,12215,1827,5968,1314,10388,140,78,62
5930,12228,1829,5977,1316,10399,140,78,62
5935,12239,1831,5982,1317,10407,140,78,62
5940,12246,1832,5987,1318,10414,140,78,62
5945,12259,1834,5991,1319,10425,141,78,63
5950,12270,1835,5992,1320,10435,141,78,63
5955,12277,1836,5995,1320,10441,141,78,63
5960,12290,1838,6001,1321,10452,142,78,64
5965,12301,1839,6003,1321,10462,142,78,64
5970,12308,1840,6005,1321,10468,142,78,64
5975,12321,1842,6010,1322,10479,143,79,64
5980,12332,1843,6015,1322,10489,143,79,64
5985,12339,1845,6018,1322,10494,143,79,64
5990,12352,1847,6023,1323,10505,144,79,65
5995,12363,1848,6025,1324,10515,144,79,65
6000,12370,1850,6028,1325,10520,144,79,65
6005,12383,1851,6032,1326,10531,144,79,65
6010,12394,1852,6034,1327,10542,144,79,65
6015,12401,1854,6036,1327,10547,144,79,65
6020,12414,1855,6041,1327,10559,144,79,65
6025,12425,1855,6045,1327,10570,144,79,65
6030,12432,1857,6048,1328,10575,144,79,65
6035,12445,1858,6053,1329,10586,144,79,65
6040,12456,1860,6061,1331,10596,144,79,65
6045,12463,1862,6065,1332,10601,144,79,65
6050,12476,1863,6066,1332,10613,144,79,65
6055,12487,1866,6073,1335,10619,144,79,65
6060,12494,1871,6076,1338,10622,144,79,65
6065,12507,1872,6083,1339,10635,144,79,65
6070,12518,1873,6084,1339,10645,144,79,65
6075,12525,1874,6088,1339,10651,144,79,65
6080,12538,1874,6094,1339,10664,144,79,65
6085,12549,1875,6101,1340,10674,144,79,65
6090,12556,1876,6102,1340,10680,144,79,65
6095,12569,1876,6108,1340,10693,144,79,65
6100,12580,1877,6113,1340,10703,144,79,65
6105,12587,1878,6118,1341,10709,144,79,65
6110,12600,1878,6123,1341,10722,144,79,65
6115,12611,1879,6130,1342,10732,144,79,65
6120,12618,1880,6134,1342,10738,144,79,65
6125,12631,1880,6141,1342,10748,145,79,66
6130,12642,1884,6147,1346,10754,145,79,66
6135,12649,1888,6149,1349,10761,145,79,66
6140,12662,1888,6153,1349,10774,145,79,66
6145,12673,1889,6160,1350,10784,145,79,66
6150,12680,1890,6164,1351,10790,145,79,66
6155,12693,1890,6170,1351,10803,145,79,66
6160,12704,1891,6175,1351,10813,145,79,66
6165,12711,1892,6177,1351,10819,145,79,66
6170,12724,1894,6180,1353,10829,146,79,67
6175,12735,1898,6186,1356,10837,146,79,67
6180,12742,1900,6189,1358,10842,146,79,67
6185,12755,1901,6190,1358,10854,146,79,67
6190,12766,1901,6195,1358,10865,146,79,67
6195,12773,1903,6199,1359,10870,146,79,67
6200,12786,1904,6205,1359,10882,146,79,67
6205,12797,1904,6210,1359,10893,146,79,67
6210,12804,1906,6214,1360,10898,146,79,67
6215,12817,1907,6219,1361,10910,146,79,67
6220,12828,1907,6227,1361,10920,146,79,67
6225,12835,1910,6230,1363,10925,146,79,67
6230,12848,1911,6237,1364,10937,146,79,67
6235,12859,1911,6243,1364,10948,146,79,67
6240,12866,1913,6247,1364,10953,146,79,67
6245,12879,1914,6256,1364,10965,146,79,67
6250,12890,1914,6260,1364,10976,146,79,67
6255,12897,1916,6264,1366,10981,146,79,67
6260,12910,1917,6269,1367,10993,146,79,67
6265,12921,1917,6274,1367,11003,146,79,67
6270,12928,1920,6275,1369,11008,146,79,67
6275,12941,1921,6282,1370,11020,146,79,67
6280,12952,1921,6287,1370,11031,146,79,67
6285,12959,1923,6292,1371,11036,146,79,67
6290,12972,1925,6300,1372,11046,147,80,67
6295,12983,1930,6308,1376,11051,147,80,67
6300,12990,1935,6312,1381,11055,147,80,67
6305,13003,1935,6320,1381,11068,147,80,67
6310,13014,1936,6326,1382,11078,147,80,67
6315,13021,1936,6329,1382,11085,147,80,67
6320,13034,1936,6338,1382,11098,147,80,67
6325,13045,1937,6344,1382,11108,147,80,67
6330,13052,1937,6349,1382,11115,147,80,67
6335,13065,1937,6357,1382,11128,147,80,67
6340,13076,1938,6361,1383,11138,147,80,67
6345,13083,1938,6364,1383,11145,147,80,67
6350,13096,1938,6367,1383,11158,147,80,67
6355,13107,1939,6371,1384,11168,147,80,67
6360,13114,1939,6373,1384,11175,147,80,67
6365,13127,1940,6381,1385,11187,147,80,67
6370,13138,1941,6386,1386,11197,147,80,67
6375,13145,1941,6387,1386,11204,147,80,67
6380,13158,1941,6393,1386,11217,147,80,67
6385,13169,1942,6398,1386,11227,147,80,67
6390,13176,1942,6402,1386,11234,147,80,67
6395,13189,1942,6409,1386,11247,147,80,67
6400,13200,1943,6415,1387,11257,147,80,67
6405,13207,1945,6417,1387,11262,147,80,67
6410,13220,1946,6422,1388,11274,147,80,67
6415,13231,1948,6428,1389,11282,147,80,67
6420,13238,1952,6432,1392,11286,147,80,67
6425,13251,1953,6438,1392,11297,147,80,67
6430,13262,1954,6444,1393,11307,147,80,67
6435,13269,1957,6445,1394,11312,147,80,67
6440,13282,1958,6448,1394,11323,147,80,67
6445,13293,1959,6453,1395,11334,147,80,67
6450,13300,1961,6458,1396,11339,147,80,67
6455,13313,1962,6464,1397,11351,147,80,67
6460,13324,1963,6469,1398,11360,147,80,67
6465,13331,1966,6475,1401,11365,147,80,67
6470,13344,1967,6486,1402,11375,147,80,67
6475,13355,1969,6490,1404,11386,147,80,67
6480,13362,1971,6492,1405,11391,147,80,67
6485,13375,1973,6500,1407,11402,148,80,68
6490,13386,1975,6504,1409,11411,148,80,68
6495,13393,1977,6507,1409,11415,148,80,68
6500,13406,1980,6515,1412,11426,149,80,69
6505,13417,1983,6524,1415,11434,149,80,69
6510,13424,1985,6529,1417,11439,149,80,69
6515,13437,1987,6535,1418,11450,150,80,70
6520,13448,1989,6539,1420,11459,150,80,70
6525,13455,1992,6541,1421,11463,150,80,70
6530,13468,1994,6549,1422,11473,151,81,70
6535,13479,1999,6555,1426,11480,151,81,70
6540,13486,2001,6556,1426,11485,151,81,70
6545,13499,2001,6563,1426,11498,151,81,70
6550,13510,2001,6568,1426,11509,151,81,70
6555,13517,2001,6573,1426,11516,151,81,70
6560,13530,2001,6580,1426,11529,151,81,70
6565,13541,2001,6589,1426,11540,151,81,70
6570,13548,2001,6591,1426,11547,151,81,70
6575,13561,2001,6597,1426,11560,151,81,70
6580,13572,2001,6604,1426,11571,151,81,70
6585,13579,2001,6608,1426,11578,151,81,70
6590,13592,2001,6616,1426,11591,151,81,70
6595,13603,2001,6622,1426,11602,151,81,70
6600,13610,2001,6623,1426,11609,151,81,70
6605,13623,2001,6628,1426,11622,151,81,70
6610,13634,2001,6634,1426,11633,151,81,70
6615,13641,2001,6635,1426,11640,151,81,70
6620,13654,2001,6641,1426,11653,151,81,70
6625,13665,2001,6647,1426,11664,151,81,70
6630,13672,2001,6650,1426,11671,151,81,70
6635,13685,2001,6656,1426,11684,151,81,70
6640,13696,2001,6662,1426,11695,151,81,70
6645,13703,2003,6665,1427,11700,151,81,70
6650,13716,2004,6669,1428,11711,151,81,70
6655,13727,2007,6673,1430,11720,151,81,70
6660,13734,2009,6674,1430,11725,151,81,70
6665,13747,2013,6681,1434,11733,152,81,71
6670,13758,2015,6684,1436,11743,152,81,71
6675,13765,2016,6687,1436,11749,152,81,71
6680,13778,2017,6691,1437,11760,153,81,72
6685,13789,2019,6699,1439,11770,153,81,72
6690,13796,2020,6701,1439,11776,153,81,72
6695,13809,2021,6709,1440,11788,154,82,72
6700,13820,2022,6716,1440,11798,154,82,72
6705,13827,2023,6720,1441,11804,154,82,72
6710,13840,2023,6726,1441,11817,155,82,73
6715,13851,2024,6729,1442,11827,155,82,73
6720,13858,2025,6732,1442,11833,155,82,73
6725,13871,2026,6736,1443,11845,156,83,73
6730,13882,2026,6740,1443,11856,156,83,73
6735,13889,2027,6741,1443,11862,156,83,73
6740,13902,2027,6746,1443,11875,156,83,73
6745,13913,2027,6751,1443,11886,156,83,73
6750,13920,2028,6754,1444,11892,156,83,73
6755,13933,2028,6757,1444,11905,156,83,73
6760,13944,2028,6763,1444,11916,156,83,73
6765,13951,2030,6767,1446,11921,156,83,73
6770,13964,2030,6770,1446,11934,156,83,73
6775,13975,2031,6775,1447,11943,156,83,73
6780,13982,2035,6778,1449,11947,156,83,73
6785,13995,2037,6786,1450,11957,157,84,73
6790,14006,2039,6790,1451,11967,157,84,73
6795,14013,2039,6791,1451,11974,157,84,73
6800,14026,2042,6799,1454,11984,158,85,73
6805,14037,2043,6801,1454,11994,158,85,73
6810,14044,2043,6802,1454,12001,158,85,73
6815,14057,2044,6808,1455,12013,159,86,73
6820,14068,2046,6816,1457,12022,159,86,73
6825,14075,2046,6820,1457,12029,159,86,73
6830,14088,2047,6827,1457,12039,160,87,73
6835,14099,2051,6834,1461,12048,160,87,73
6840,14106,2051,6838,1461,12055,160,87,73
6845,14119,2052,6842,1461,12067,160,87,73
6850,14130,2052,6846,1461,12078,160,87,73
6855,14137,2052,6850,1461,12085,160,87,73
6860,14150,2053,6856,1462,12097,160,87,73
6865,14161,2053,6859,1462,12108,160,87,73
6870,14168,2053,6863,1462,12115,160,87,73
6875,14181,2054,6867,1462,12127,160,87,73
6880,14192,2054,6870,1462,12138,160,87,73
6885,14199,2056,6873,1463,12143,160,87,73
6890,14212,2057,6878,1463,12155,160,87,73
6895,14223,2059,6884,1465,12164,160,87,73
6900,14230,2061,6886,1465,12169,160,87,73
6905,14243,2062,6894,1466,12178,160,87,73
6910,14254,2067,6899,1471,12187,160,87,73
6915,14261,2069,6904,1473,12192,160,87,73
6920,14274,2071,6913,1475,12203,160,87,73
6925,14285,2073,6921,1477,12212,160,87,73
6930,14292,2074,6924,1477,12218,160,87,73
6935,14305,2076,6929,1478,12229,160,87,73
6940,14316,2076,6933,1478,12240,160,87,73
6945,14323,2077,6938,1479,12246,160,87,73
6950,14336,2077,6946,1479,12258,160,87,73
6955,14347,2079,6951,1480,12268,160,87,73
6960,14354,2080,6953,1480,12274,160,87,73
6965,14367,2081,6956,1481,12286,160,87,73
6970,14378,2082,6959,1481,12296,160,87,73
6975,14385,2083,6966,1482,12302,160,87,73
6980,14398,2083,6971,1482,12315,160,87,73
6985,14409,2084,6976,1482,12325,160,87,73
6990,14416,2085,6978,1483,12331,160,87,73
6995,14429,2085,6984,1483,12344,160,87,73
7000,14440,2086,6989,1483,12354,160,87,73
7005,14447,2087,6994,1484,12360,160,87,73
7010,14460,2087,7000,1484,12373,160,87,73
7015,14471,2089,7007,1486,12381,160,87,73
7020,14478,2091,7011,1488,12387,160,87,73
7025,14491,2092,7015,1488,12399,161,87,74
7030,14502,2093,7019,1488,12409,161,87,74
7035,14509,2094,7021,1488,12415,161,87,74
7040,14522,2096,7028,1489,12426,162,88,74
7045,14533,2098,7032,1490,12435,162,88,74
7050,14540,2099,7035,1490,12441,162,88,74
7055,14553,2101,7043,1491,12452,163,89,74
7060,14564,2104,7049,1494,12460,163,89,74
7065,14571,2105,7052,1495,12466,163,89,74
7070,14584,2108,7061,1497,12475,164,90,74
7075,14595,2112,7070,1501,12482,164,90,74
7080,14602,2114,7073,1502,12488,164,90,74
7085,14615,2116,7078,1503,12499,165,90,75
7090,14626,2117,7081,1504,12509,165,90,75
7095,14633,2118,7084,1505,12515,165,90,75
7100,14646,2118,7089,1505,12528,166,91,75
7105,14657,2119,7095,1506,12538,166,91,75
7110,14664,2120,7097,1506,12544,166,91,75
7115,14677,2120,7103,1506,12557,167,91,76
7120,14688,2121,7108,1506,12567,167,91,76
7125,14695,2122,7110,1506,12573,167,91,76
7130,14708,2123,7118,1507,12582,168,91,77
7135,14719,2127,7121,1510,12590,168,91,77
7140,14726,2132,7124,1514,12594,168,91,77
7145,14739,2134,7133,1516,12604,168,91,77
7150,14750,2135,7137,1517,12614,168,91,77
7155,14757,2139,7141,1519,12618,168,91,77
7160,14770,2141,7149,1521,12629,168,91,77
7165,14781,2143,7158,1523,12637,168,91,77
7170,14788,2146,7162,1525,12642,168,91,77
7175,14801,2147,7169,1526,12654,168,91,77
7180,14812,2148,7173,1527,12664,168,91,77
7185,14819,2150,7177,1528,12669,168,91,77
7190,14832,2150,7183,1528,12682,168,91,77
7195,14843,2150,7186,1528,12693,168,91,77
7200,14850,2152,7189,1529,12698,168,91,77
7205,14863,2152,7196,1529,12711,168,91,77
7210,14874,2153,7201,1530,12720,168,91,77
7215,14881,2156,7201,1531,12725,168,91,77
7220,14894,2157,7208,1532,12737,168,91,77
7225,14905,2157,7214,1532,12748,168,91,77
7230,14912,2159,7217,1533,12753,168,91,77
7235,14925,2159,7220,1533,12766,168,91,77
7240,14936,2160,7226,1534,12775,168,91,77
7245,14943,2163,7230,1537,12780,168,91,77
7250,14956,2164,7235,1538,12791,169,92,77
7255,14967,2167,7241,1541,12798,169,92,77
7260,14974,2172,7245,1545,12801,169,92,77
7265,14987,2173,7253,1546,12814,170,93,77
7270,14998,2175,7255,1547,12823,170,93,77
7275,15005,2175,7257,1547,12830,170,93,77
7280,15018,2176,7262,1547,12841,171,94,77
7285,15029,2179,7268,1550,12849,171,94,77
7290,15036,2181,7272,1552,12855,171,94,77
7295,15049,2184,7280,1554,12863,172,94,78
7300,15060,2189,7285,1558,12870,172,94,78
7305,15067,2191,7290,1560,12876,172,94,78
7310,15080,2192,7296,1560,12887,173,95,78
7315,15091,2195,7301,1563,12896,173,95,78
7320,15098,2196,7304,1564,12902,173,95,78
7325,15111,2196,7312,1564,12914,173,95,78
7330,15122,2197,7317,1565,12925,173,95,78
7335,15129,2199,7322,1567,12930,173,95,78
7340,15142,2199,7330,1567,12943,173,95,78
7345,15153,2199,7337,1567,12954,173,95,78
7350,15160,2200,7341,1567,12960,173,95,78
7355,15173,2200,7348,1567,12973,173,95,78
7360,15184,2200,7352,1567,12984,173,95,78
7365,15191,2202,7355,1569,12989,173,95,78
7370,15204,2202,7356,1569,13002,174,96,78
7375,15215,2202,7363,1569,13010,174,96,78
7380,15222,2207,7368,1574,13014,174,96,78
7385,15235,2209,7372,1575,13026,175,97,78
7390,15246,2210,7375,1576,13036,175,97,78
7395,15253,2212,7382,1578,13041,175,97,78
7400,15266,2214,7386,1579,13052,176,98,78
7405,15277,2215,7390,1579,13062,176,98,78
7410,15284,2217,7391,1580,13067,176,98,78
7415,15297,2219,7394,1581,13078,177,98,79
7420,15308,2220,7400,1582,13088,177,98,79
7425,15315,2222,7405,1582,13093,177,98,79
7430,15328,2224,7412,1583,13104,178,98,80
7435,15339,2225,7417,1584,13114,178,98,80
7440,15346,2228,7421,1585,13118,178,98,80
7445,15359,2229,7429,1586,13130,178,98,80
7450,15370,2230,7437,1587,13139,178,98,80
7455,15377,2233,7440,1589,13144,178,98,80
7460,15390,2234,7447,1589,13156,178,98,80
7465,15401,2234,7451,1589,13167,178,98,80
7470,15408,2236,7455,1590,13172,178,98,80
7475,15421,2237,7458,1591,13184,178,98,80
7480,15432,2238,7463,1592,13193,178,98,80
7485,15439,2241,7465,1593,13198,178,98,80
7490,15452,2242,7473,1594,13206,178,98,80
7495,15463,2246,7476,1598,13215,178,98,80
7500,15470,2250,7479,1602,13220,178,98,80
7505,15483,2251,7487,1603,13232,178,98,80
7510,15494,2252,7494,1604,13242,178,98,80
7515,15501,2252,7496,1604,13249,178,98,80
7520,15514,2254,7504,1605,13260,178,98,80
7525,15525,2255,7509,1605,13270,178,98,80
7530,15532,2255,7512,1605,13277,178,98,80
7535,15545,2257,7519,1606,13288,178,98,80
7540,15556,2258,7525,1607,13298,178,98,80
7545,15563,2258,7529,1607,13305,178,98,80
7550,15576,2259,7535,1607,13317,178,98,80
7555,15587,2260,7542,1608,13327,178,98,80
7560,15594,2260,7545,1608,13334,178,98,80
7565,15607,2262,7553,1610,13345,178,98,80
7570,15618,2263,7560,1611,13355,178,98,80
7575,15625,2263,7564,1611,13362,178,98,80
7580,15638,2265,7575,1613,13373,178,98,80
7585,15649,2266,7581,1614,13383,178,98,80
7590,15656,2266,7584,1614,13390,178,98,80
7595,15669,2268,7592,1616,13401,178,98,80
7600,15680,2269,7601,1617,13411,178,98,80
7605,15687,2269,7605,1617,13418,178,98,80
7610,15700,2270,7609,1618,13428,179,98,81
7615,15711,2273,7614,1621,13434,179,98,81
7620,15718,2280,7618,1627,13436,179,98,81
7625,15731,2282,7625,1629,13449,179,98,81
7630,15742,2282,7631,1629,13460,179,98,81
7635,15749,2283,7635,1630,13466,179,98,81
7640,15762,2283,7642,1630,13479,179,98,81
7645,15773,2283,7646,1630,13490,179,98,81
7650,15780,2284,7650,1630,13496,179,98,81
7655,15793,2284,7657,1630,13509,179,98,81
7660,15804,2284,7661,1630,13520,179,98,81
7665,15811,2285,7662,1631,13526,179,98,81
7670,15824,2285,7671,1631,13539,179,98,81
7675,15835,2286,7678,1632,13549,179,98,81
7680,15842,2287,7680,1632,13555,179,98,81
7685,15855,2287,7689,1632,13568,179,98,81
7690,15866,2288,7694,1633,13578,179,98,81
7695,15873,2289,7699,1633,13584,179,98,81
7700,15886,2289,7705,1633,13597,179,98,81
7705,15897,2289,7708,1633,13608,179,98,81
7710,15904,2290,7711,1633,13614,179,98,81
7715,15917,2290,7717,1633,13627,179,98,81
7720,15928,2290,7720,1633,13638,179,98,81
7725,15935,2292,7722,1634,13643,179,98,81
7730,15948,2295,7728,1637,13651,179,98,81
7735,15959,2299,7733,1641,13657,179,98,81
7740,15966,2305,7737,1646,13660,179,98,81
7745,15979,2306,7745,1647,13673,179,98,81
7750,15990,2306,7755,1647,13684,179,98,81
7755,15997,2307,7758,1647,13690,179,98,81
7760,16010,2308,7765,1647,13702,179,98,81
7765,16021,2308,7772,1647,13713,179,98,81
7770,16028,2309,7777,1648,13719,179,98,81
7775,16041,2310,7782,1648,13731,179,98,81
7780,16052,2310,7791,1648,13742,179,98,81
7785,16059,2311,7794,1648,13748,179,98,81
7790,16072,2312,7798,1649,13760,179,98,81
7795,16083,2312,7804,1649,13771,179,98,81
7800,16090,2313,7809,1650,13777,179,98,81
7805,16103,2314,7817,1651,13789,180,98,82
7810,16114,2314,7824,1651,13800,180,98,82
7815,16121,2315,7827,1651,13806,180,98,82
7820,16134,2316,7837,1651,13818,181,99,82
7825,16145,2316,7844,1651,13829,181,99,82
7830,16152,2317,7849,1652,13835,181,99,82
7835,16165,2318,7857,1652,13847,182,99,83
7840,16176,2318,7860,1652,13858,182,99,83
7845,16183,2320,7861,1652,13863,182,99,83
7850,16196,2322,7865,1654,13873,183,100,83
7855,16207,2325,7871,1657,13880,183,100,83
7860,16214,2330,7875,1662,13883,183,100,83
7865,16227,2331,7884,1663,13896,183,100,83
7870,16238,2333,7887,1664,13905,183,100,83
7875,16245,2335,7891,1665,13910,183,100,83
7880,16258,2335,7897,1665,13923,183,100,83
7885,16269,2337,7902,1667,13932,183,100,83
7890,16276,2339,7905,1668,13937,183,100,83
7895,16289,2339,7912,1668,13950,183,100,83
7900,16300,2341,7918,1669,13959,183,100,83
7905,16307,2343,7922,1671,13964,183,100,83
7910,16320,2343,7930,1671,13977,183,100,83
7915,16331,2344,7935,1671,13987,183,100,83
7920,16338,2346,7939,1672,13992,183,100,83
7925,16351,2348,7943,1673,14003,183,100,83
7930,16362,2349,7948,1674,14013,183,100,83
7935,16369,2351,7952,1674,14018,183,100,83
7940,16382,2352,7958,1674,14030,183,100,83
7945,16393,2354,7964,1675,14039,183,100,83
7950,16400,2356,7969,1676,14044,183,100,83
7955,16413,2357,7977,1677,14056,183,100,83
7960,16424,2359,7981,1678,14065,183,100,83
7965,16431,2361,7986,1679,14070,183,100,83
7970,16444,2363,7989,1680,14081,183,100,83
7975,16455,2366,7996,1682,14089,183,100,83
7980,16462,2368,7999,1684,14094,183,100,83
7985,16475,2368,8007,1684,14106,183,100,83
7990,16486,2370,8012,1685,14116,183,100,83
7995,16493,2370,8013,1685,14123,183,100,83
8000,16506,2370,8017,1685,14136,183,100,83
8005,16517,2371,8023,1686,14146,183,100,83
8010,16524,2371,8027,1686,14153,183,100,83
8015,16537,2371,8032,1686,14165,183,100,83
8020,16548,2373,8038,1687,14175,183,100,83
8025,16555,2373,8041,1687,14182,183,100,83
8030,16568,2373,8047,1687,14195,184,100,84
8035,16579,2374,8053,1687,14205,184,100,84
8040,16586,2375,8055,1688,14211,184,100,84
8045,16599,2375,8059,1688,14224,185,100,85
8050,16610,2375,8065,1688,14235,185,100,85
8055,16617,2375,8069,1688,14242,185,100,85
8060,16630,2375,8075,1688,14255,186,100,86
8065,16641,2375,8079,1688,14266,186,100,86
8070,16648,2375,8082,1688,14273,186,100,86
8075,16661,2375,8090,1688,14286,187,100,87
8080,16672,2375,8092,1688,14297,187,100,87
8085,16679,2377,8097,1690,14302,187,100,87
8090,16692,2379,8105,1691,14311,188,100,88
8095,16703,2381,8107,1693,14322,188,100,88
8100,16710,2384,8109,1695,14326,188,100,88
8105,16723,2385,8113,1696,14338,188,100,88
8110,16734,2385,8117,1696,14349,188,100,88
8115,16741,2386,8118,1696,14355,188,100,88
8120,16754,2387,8124,1697,14366,188,100,88
8125,16765,2388,8130,1698,14377,188,100,88
8130,16772,2389,8132,1699,14383,188,100,88
8135,16785,2390,8138,1700,14394,188,100,88
8140,16796,2391,8142,1701,14405,188,100,88
8145,16803,2392,8146,1702,14411,188,100,88
8150,16816,2393,8153,1702,14422,188,100,88
8155,16827,2395,8160,1703,14432,188,100,88
8160,16834,2396,8163,1704,14438,188,100,88
8165,16847,2398,8169,1705,14449,189,101,88
8170,16858,2399,8174,1705,14459,189,101,88
8175,16865,2400,8177,1706,14465,189,101,88
8180,16878,2402,8183,1707,14476,190,101,89
8185,16889,2403,8188,1707,14486,190,101,89
8190,16896,2404,8191,1707,14492,190,101,89
8195,16909,2406,8199,1709,14503,191,101,90
8200,16920,2407,8206,1709,14513,191,101,90
8205,16927,2408,8209,1709,14519,191,101,90
8210,16940,2410,8215,1710,14530,192,101,91
8215,16951,2412,8218,1711,14539,192,101,91
8220,16958,2414,8222,1713,14544,192,101,91
8225,16971,2415,8228,1714,14555,193,101,92
8230,16982,2418,8234,1716,14563,193,101,92
8235,16989,2420,8238,1717,14569,193,101,92
8240,17002,2420,8243,1717,14582,193,101,92
8245,17013,2422,8250,1718,14590,193,101,92
8250,17020,2424,8251,1719,14596,193,101,92
8255,17033,2424,8257,1719,14609,193,101,92
8260,17044,2426,8263,1721,14617,193,101,92
8265,17051,2428,8267,1723,14623,193,101,92
8270,17064,2428,8275,1723,14636,193,101,92
8275,17075,2431,8282,1725,14641,193,101,92
8280,17082,2435,8285,1728,14647,193,101,92
8285,17095,2435,8293,1728,14660,193,101,92
8290,17106,2436,8299,1728,14670,193,101,92
8295,17113,2436,8303,1728,14677,193,101,92
8300,17126,2436,8309,1728,14690,193,101,92
8305,17137,2437,8313,1729,14700,193,101,92
8310,17144,2437,8315,1729,14707,193,101,92
8315,17157,2437,8321,1729,14720,193,101,92
8320,17168,2438,8329,1729,14730,193,101,92
8325,17175,2439,8335,1730,14736,193,101,92
8330,17188,2441,8342,1732,14746,194,101,93
8335,17199,2444,8348,1735,14755,194,101,93
8340,17206,2445,8352,1736,14761,194,101,93
8345,17219,2447,8356,1737,14772,194,101,93
8350,17230,2448,8360,1737,14782,194,101,93
8355,17237,2449,8363,1737,14788,194,101,93
8360,17250,2450,8368,1737,14800,194,101,93
8365,17261,2451,8371,1737,14810,194,101,93
8370,17268,2452,8374,1738,14816,194,101,93
8375,17281,2454,8380,1739,14827,194,101,93
8380,17292,2455,8383,1739,14837,194,101,93
8385,17299,2457,8386,1740,14842,194,101,93
8390,17312,2459,8392,1742,14853,194,101,93
8395,17323,2460,8401,1743,14863,194,101,93
8400,17330,2462,8405,1745,14868,194,101,93
8405,17343,2463,8411,1746,14880,194,101,93
8410,17354,2463,8416,1746,14891,194,101,93
8415,17361,2465,8418,1746,14896,194,101,93
8420,17374,2466,8421,1746,14908,194,101,93
8425,17385,2466,8424,1746,14919,194,101,93
8430,17392,2468,8425,1746,14924,194,101,93
8435,17405,2469,8432,1747,14936,194,101,93
8440,17416,2469,8437,1747,14947,194,101,93
8445,17423,2471,8441,1748,14952,194,101,93
8450,17436,2472,8446,1748,14964,194,101,93
8455,17447,2472,8453,1748,14975,194,101,93
8460,17454,2474,8455,1749,14980,194,101,93
8465,17467,2476,8460,1750,14991,194,101,93
8470,17478,2477,8465,1751,15001,194,101,93
8475,17485,2480,8471,1753,15005,194,101,93
8480,17498,2481,8476,1754,15017,194,101,93
8485,17509,2482,8482,1755,15027,194,101,93
8490,17516,2485,8486,1757,15031,194,101,93
8495,17529,2486,8490,1757,15043,194,101,93
8500,17540,2487,8497,1758,15053,194,101,93
8505,17547,2490,8501,1760,15057,194,101,93
8510,17560,2492,8505,1761,15068,195,102,93
8515,17571,2496,8512,1764,15075,195,102,93
8520,17578,2500,8516,1766,15078,195,102,93
8525,17591,2500,8523,1766,15091,195,102,93
8530,17602,2501,8528,1767,15100,195,102,93
8535,17609,2503,8534,1768,15106,195,102,93
8540,17622,2503,8537,1768,15119,195,102,93
8545,17633,2503,8541,1768,15130,195,102,93
8550,17640,2504,8547,1768,15136,195,102,93
8555,17653,2504,8555,1768,15149,195,102,93
8560,17664,2504,8561,1768,15160,195,102,93
8565,17671,2505,8563,1768,15166,195,102,93
8570,17684,2505,8570,1768,15179,195,102,93
8575,17695,2505,8571,1768,15190,195,102,93
8580,17702,2506,8575,1769,15196,195,102,93
8585,17715,2508,8582,1771,15207,195,102,93
8590,17726,2509,8588,1772,15217,195,102,93
8595,17733,2510,8591,1773,15223,195,102,93
8600,17746,2511,8596,1774,15235,195,102,93
8605,17757,2512,8602,1775,15245,195,102,93
8610,17764,2513,8603,1775,15251,195,102,93
8615,17777,2515,8610,1777,15262,195,102,93
8620,17788,2516,8615,1777,15272,195,102,93
8625,17795,2518,8617,1778,15277,195,102,93
8630,17808,2521,8623,1780,15286,195,102,93
8635,17819,2524,8629,1782,15295,195,102,93
8640,17826,2527,8632,1784,15299,195,102,93
8645,17839,2529,8637,1785,15310,196,102,94
8650,17850,2529,8644,1785,15321,196,102,94
8655,17857,2531,8647,1786,15326,196,102,94
8660,17870,2532,8654,1787,15338,197,102,95
8665,17881,2532,8660,1787,15349,197,102,95
8670,17888,2534,8665,1789,15354,197,102,95
8675,17901,2536,8672,1790,15365,198,102,96
8680,17912,2536,8678,1790,15376,198,102,96
8685,17919,2538,8679,1790,15381,198,102,96
8690,17932,2539,8686,1790,15393,199,102,97
8695,17943,2539,8692,1790,15404,199,102,97
8700,17950,2541,8697,1791,15409,199,102,97
8705,17963,2543,8703,1792,15420,199,102,97
8710,17974,2543,8711,1792,15431,199,102,97
8715,17981,2544,8714,1792,15437,199,102,97
8720,17994,2545,8722,1793,15449,199,102,97
8725,18005,2545,8727,1793,15460,199,102,97
8730,18012,2546,8732,1794,15466,199,102,97
8735,18025,2548,8741,1795,15477,199,102,97
8740,18036,2548,8747,1795,15488,199,102,97
8745,18043,2549,8750,1795,15494,199,102,97
8750,18056,2551,8758,1797,15505,199,102,97
8755,18067,2552,8765,1798,15515,199,102,97
8760,18074,2553,8771,1799,15521,199,102,97
8765,18087,2555,8773,1800,15532,200,102,98
8770,18098,2556,8776,1801,15542,200,102,98
8775,18105,2558,8779,1802,15547,200,102,98
8780,18118,2559,8785,1803,15559,201,102,99
8785,18129,2560,8792,1803,15568,201,102,99
8790,18136,2563,8794,1805,15573,201,102,99
8795,18149,2563,8801,1805,15586,202,102,100
8800,18160,2565,8808,1806,15595,202,102,100
8805,18167,2567,8809,1807,15600,202,102,100
8810,18180,2567,8813,1807,15613,203,103,100
8815,18191,2569,8820,1809,15622,203,103,100
8820,18198,2572,8825,1812,15625,203,103,100
8825,18211,2575,8832,1815,15636,203,103,100
8830,18222,2577,8837,1816,15645,203,103,100
8835,18229,2578,8842,1817,15651,203,103,100
8840,18242,2579,8849,1818,15663,203,103,100
8845,18253,2582,8856,1820,15671,203,103,100
8850,18260,2583,8859,1821,15677,203,103,100
8855,18273,2585,8865,1822,15688,203,103,100
8860,18284,2587,8871,1824,15697,203,103,100
8865,18291,2588,8873,1824,15703,203,103,100
8870,18304,2589,8877,1824,15714,203,103,100
8875,18315,2592,8881,1827,15722,203,103,100
8880,18322,2594,8885,1828,15728,203,103,100
8885,18335,2594,8892,1828,15741,204,103,101
8890,18346,2594,8898,1828,15752,204,103,101
8895,18353,2594,8901,1828,15759,204,103,101
8900,18366,2594,8909,1828,15772,205,103,102
8905,18377,2594,8915,1828,15783,205,103,102
8910,18384,2594,8920,1828,15790,205,103,102
8915,18397,2594,8928,1828,15803,206,103,103
8920,18408,2594,8935,1828,15814,206,103,103
8925,18415,2595,8940,1829,15820,206,103,103
8930,18428,2595,8949,1829,15832,207,104,103
8935,18439,2596,8954,1830,15842,207,104,103
8940,18446,2598,8956,1832,15848,207,104,103
8945,18459,2598,8965,1832,15861,207,104,103
8950,18470,2599,8971,1833,15871,207,104,103
8955,18477,2600,8972,1833,15877,207,104,103
8960,18490,2601,8978,1834,15889,207,104,103
8965,18501,2601,8981,1834,15900,207,104,103
8970,18508,2602,8987,1835,15906,207,104,103
8975,18521,2603,8992,1836,15918,207,104,103
8980,18532,2603,8997,1836,15929,207,104,103
8985,18539,2605,9000,1837,15934,207,104,103
8990,18552,2607,9004,1839,15944,207,104,103
8995,18563,2610,9011,1841,15953,207,104,103
9000,18570,2613,9016,1844,15957,207,104,103
9005,18583,2615,9024,1846,15967,207,104,103
9010,18594,2618,9030,1849,15976,207,104,103
9015,18601,2619,9033,1850,15982,207,104,103
9020,18614,2620,9037,1851,15992,207,104,103
9025,18625,2623,9042,1854,16002,207,104,103
9030,18632,2624,9046,1855,16008,207,104,103
9035,18645,2625,9051,1855,16017,207,104,103
9040,18656,2630,9059,1860,16026,207,104,103
9045,18663,2631,9061,1860,16032,207,104,103
9050,18676,2633,9071,1861,16040,207,104,103
9055,18687,2636,9075,1863,16051,207,104,103
9060,18694,2637,9076,1863,16057,207,104,103
9065,18707,2638,9081,1864,16069,207,104,103
9070,18718,2640,9085,1865,16078,207,104,103
9075,18725,2640,9089,1865,16085,207,104,103
9080,18738,2641,9099,1866,16097,207,104,103
9085,18749,2642,9106,1867,16107,207,104,103
9090,18756,2642,9109,1867,16114,207,104,103
9095,18769,2643,9115,1868,16126,207,104,103
9100,18780,2644,9118,1868,16136,207,104,103
9105,18787,2644,9121,1868,16143,207,104,103
9110,18800,2647,9130,1870,16153,208,104,104
9115,18811,2648,9135,1871,16163,208,104,104
9120,18818,2648,9137,1871,16170,208,104,104
9125,18831,2648,9141,1871,16183,209,104,105
9130,18842,2648,9149,1871,16194,209,104,105
9135,18849,2648,9154,1871,16201,209,104,105
9140,18862,2648,9161,1871,16214,210,104,106
9145,18873,2648,9168,1871,16225,210,104,106
9150,18880,2648,9173,1871,16232,210,104,106
9155,18893,2648,9179,1871,16245,211,104,107
9160,18904,2648,9186,1871,16256,211,104,107
9165,18911,2649,9189,1871,16262,211,104,107
9170,18924,2649,9194,1871,16274,212,104,108
9175,18935,2650,9199,1872,16285,212,104,108
9180,18942,2653,9202,1875,16289,212,104,108
9185,18955,2656,9209,1878,16299,213,104,109
9190,18966,2658,9212,1879,16308,213,104,109
9195,18973,2660,9217,1880,16313,213,104,109
9200,18986,2662,9225,1882,16324,214,105,109
9205,18997,2663,9229,1883,16334,214,105,109
9210,19004,2665,9230,1883,16339,214,105,109
9215,19017,2667,9236,1884,16350,215,106,109
9220,19028,2669,9240,1885,16359,215,106,109
9225,19035,2671,9245,1886,16364,215,106,109
9230,19048,2673,9252,1887,16375,216,107,109
9235,19059,2674,9254,1887,16385,216,107,109
9240,19066,2676,9257,1889,16390,216,107,109
9245,19079,2676,9265,1889,16403,216,107,109
9250,19090,2676,9271,1889,16414,216,107,109
9255,19097,2677,9277,1890,16420,216,107,109
9260,19110,2677,9283,1890,16433,216,107,109
9265,19121,2677,9288,1890,16444,216,107,109
9270,19128,2678,9293,1891,16450,216,107,109
9275,19141,2678,9300,1891,16463,216,107,109
9280,19152,2678,9304,1891,16474,216,107,109
9285,19159,2679,9306,1891,16480,216,107,109
9290,19172,2679,9311,1891,16493,216,107,109
9295,19183,2679,9318,1891,16502,216,107,109
9300,19190,2682,9322,1893,16508,216,107,109
9305,19203,2682,9332,1893,16521,216,107,109
9310,19214,2684,9336,1895,16529,216,107,109
9315,19221,2686,9340,1896,16535,216,107,109
9320,19234,2686,9346,1896,16547,216,107,109
9325,19245,2688,9349,1897,16556,216,107,109
9330,19252,2690,9351,1898,16562,216,107,109
9335,19265,2690,9358,1898,16575,216,107,109
9340,19276,2691,9364,1898,16585,216,107,109
9345,19283,2693,9366,1899,16590,216,107,109
9350,19296,2695,9370,1900,16601,217,107,110
9355,19307,2697,9374,1902,16610,217,107,110
9360,19314,2699,9377,1902,16615,217,107,110
9365,19327,2701,9383,1904,16626,217,107,110
9370,19338,2702,9391,1905,16636,217,107,110
9375,19345,2704,9394,1905,16641,217,107,110
9380,19358,2706,9401,1907,16652,217,107,110
9385,19369,2707,9407,1907,16662,217,107,110
9390,19376,2709,9409,1908,16667,217,107,110
9395,19389,2711,9415,1909,16678,217,107,110
9400,19400,2712,9421,1910,16688,217,107,110
9405,19407,2714,9424,1912,16693,217,107,110
9410,19420,2717,9432,1914,16703,217,107,110
9415,19431,2718,9436,1915,16712,217,107,110
9420,19438,2721,9440,1917,16717,217,107,110
9425,19451,2723,9448,1919,16728,217,107,110
9430,19462,2724,9454,1920,16738,217,107,110
9435,19469,2725,9457,1921,16744,217,107,110
9440,19482,2727,9463,1923,16755,217,107,110
9445,19493,2728,9471,1923,16765,217,107,110
9450,19500,2729,9472,1923,16771,217,107,110
9455,19513,2730,9477,1924,16783,217,107,110
9460,19524,2731,9485,1925,16793,217,107,110
9465,19531,2732,9489,1926,16799,217,107,110
9470,19544,2733,9495,1927,16809,218,107,111
9475,19555,2737,9500,1931,16818,218,107,111
9480,19562,2738,9503,1932,16824,218,107,111
9485,19575,2738,9508,1932,16837,218,107,111
9490,19586,2740,9515,1934,16845,218,107,111
9495,19593,2742,9518,1936,16851,218,107,111
9500,19606,2742,9524,1936,16864,218,107,111
9505,19617,2742,9528,1936,16875,218,107,111
9510,19624,2743,9531,1936,16881,218,107,111
9515,19637,2743,9538,1936,16894,218,107,111
9520,19648,2744,9542,1937,16904,218,107,111
9525,19655,2745,9545,1938,16910,218,107,111
9530,19668,2745,9552,1938,16922,218,107,111
9535,19679,2748,9558,1941,16930,218,107,111
9540,19686,2750,9561,1942,16936,218,107,111
9545,19699,2752,9569,1943,16947,218,107,111
9550,19710,2752,9573,1943,16958,218,107,111
9555,19717,2752,9577,1943,16965,218,107,111
9560,19730,2753,9583,1944,16977,218,107,111
9565,19741,2753,9591,1944,16988,218,107,111
9570,19748,2753,9597,1944,16995,218,107,111
9575,19761,2754,9603,1945,17007,218,107,111
9580,19772,2754,9608,1945,17018,218,107,111
9585,19779,2755,9612,1946,17024,218,107,111
9590,19792,2757,9615,1947,17035,218,107,111
9595,19803,2759,9622,1949,17044,218,107,111
9600,19810,2760,9628,1949,17050,218,107,111
9605,19823,2762,9633,1951,17061,218,107,111
9610,19834,2764,9637,1953,17070,218,107,111
9615,19841,2765,9642,1954,17076,218,107,111
9620,19854,2768,9650,1957,17086,218,107,111
9625,19865,2770,9657,1958,17095,218,107,111
9630,19872,2771,9661,1959,17101,218,107,111
9635,19885,2772,9665,1960,17113,218,107,111
9640,19896,2774,9670,1962,17122,218,107,111
9645,19903,2776,9674,1963,17127,218,107,111
9650,19916,2778,9679,1965,17138,218,107,111
9655,19927,2781,9684,1967,17146,218,107,111
9660,19934,2783,9688,1968,17151,218,107,111
9665,19947,2784,9693,1968,17163,218,107,111
9670,19958,2787,9697,1970,17171,218,107,111
9675,19965,2789,9699,1970,17176,218,107,111
9680,19978,2792,9706,1972,17186,218,107,111
9685,19989,2793,9709,1972,17196,218,107,111
9690,19996,2794,9713,1973,17202,218,107,111
9695,20009,2797,9718,1975,17212,218,107,111
9700,20020,2800,9726,1978,17219,218,107,111
9705,20027,2802,9729,1979,17225,218,107,111
9710,20040,2804,9734,1980,17235,219,107,112
9715,20051,2808,9738,1984,17243,219,107,112
9720,20058,2810,9744,1986,17248,219,107,112
9725,20071,2810,9753,1986,17261,219,107,112
9730,20082,2810,9759,1986,17272,219,107,112
9735,20089,2810,9762,1986,17279,219,107,112
9740,20102,2810,9771,1986,17292,219,107,112
9745,20113,2810,9774,1986,17303,219,107,112
9750,20120,2810,9776,1986,17310,219,107,112
9755,20133,2810,9780,1986,17323,219,107,112
9760,20144,2810,9786,1986,17334,219,107,112
9765,20151,2810,9788,1986,17341,219,107,112
9770,20164,2810,9793,1986,17354,219,107,112
9775,20175,2810,9796,1986,17365,219,107,112
9780,20182,2810,9801,1986,17372,219,107,112
9785,20195,2810,9806,1986,17385,219,107,112
9790,20206,2810,9811,1986,17396,219,107,112
9795,20213,2811,9816,1987,17402,219,107,112
9800,20226,2811,9822,1987,17415,219,107,112
9805,20237,2812,9828,1988,17424,219,107,112
9810,20244,2814,9830,1989,17430,219,107,112
9815,20257,2814,9835,1989,17443,219,107,112
9820,20268,2814,9839,1989,17454,219,107,112
9825,20275,2816,9843,1991,17459,219,107,112
9830,20288,2817,9846,1991,17471,219,107,112
9835,20299,2819,9848,1992,17479,219,107,112
9840,20306,2822,9853,1995,17484,219,107,112
9845,20319,2823,9858,1996,17496,220,107,113
9850,20330,2825,9864,1997,17504,220,107,113
9855,20337,2828,9868,2000,17509,220,107,113
9860,20350,2829,9872,2001,17521,221,108,113
9865,20361,2831,9876,2003,17529,221,108,113
9870,20368,2834,9881,2006,17534,221,108,113
9875,20381,2837,9889,2009,17543,222,108,114
9880,20392,2839,9895,2011,17551,222,108,114
9885,20399,2843,9899,2014,17556,222,108,114
9890,20412,2845,9905,2016,17566,223,108,115
9895,20423,2847,9909,2018,17575,223,108,115
9900,20430,2850,9912,2020,17580,223,108,115
9905,20443,2852,9919,2022,17591,224,108,116
9910,20454,2852,9924,2022,17602,224,108,116
9915,20461,2854,9925,2023,17607,224,108,116
9920,20474,2856,9934,2025,17618,225,109,116
9925,20485,2856,9939,2025,17629,225,109,116
9930,20492,2858,9943,2026,17634,225,109,116
9935,20505,2860,9950,2028,17645,226,109,117
9940,20516,2860,9956,2028,17656,226,109,117
9945,20523,2862,9960,2030,17661,226,109,117
9950,20536,2863,9964,2031,17673,227,109,118
9955,20547,2863,9968,2031,17684,227,109,118
9960,20554,2865,9972,2032,17689,227,109,118
9965,20567,2866,9978,2033,17699,228,110,118
9970,20578,2870,9982,2036,17708,228,110,118
9975,20585,2873,9985,2039,17712,228,110,118
9980,20598,2874,9991,2039,17722,229,111,118
9985,20609,2878,10000,2042,17731,229,111,118
9990,20616,2882,10006,2045,17734,229,111,118
9995,20629,2884,10016,2047,17742,230,112,118
10000,20640,2888,10019,2050,17752,230,112,118
10005,20647,2891,10022,2051,17756,230,112,118
10010,20660,2892,10027,2052,17768,231,113,118
10015,20671,2893,10034,2053,17777,231,113,118
10020,20678,2895,10037,2055,17783,231,113,118
10025,20691,2896,10042,2055,17795,231,113,118
10030,20702,2897,10047,2056,17805,231,113,118
10035,20709,2897,10049,2056,17812,231,113,118
10040,20722,2898,10053,2056,17824,231,113,118
10045,20733,2899,10059,2056,17834,231,113,118
10050,20740,2899,10064,2056,17841,231,113,118
10055,20753,2900,10069,2057,17853,231,113,118
10060,20764,2901,10076,2058,17863,231,113,118
10065,20771,2901,10078,2058,17870,231,113,118
10070,20784,2902,10082,2059,17882,231,113,118
10075,20795,2903,10088,2059,17892,231,113,118
10080,20802,2903,10092,2059,17899,231,113,118
10085,20815,2904,10100,2059,17911,231,113,118
10090,20826,2905,10105,2059,17921,231,113,118
10095,20833,2905,10109,2059,17928,231,113,118
10100,20846,2906,10117,2060,17940,231,113,118
10105,20857,2907,10124,2061,17950,231,113,118
10110,20864,2907,10128,2061,17957,231,113,118
10115,20877,2909,10132,2062,17968,231,113,118
10120,20888,2910,10136,2063,17978,231,113,118
10125,20895,2911,10139,2064,17984,231,113,118
10130,20908,2915,10149,2067,17990,232,114,118
10135,20919,2919,10152,2070,18000,232,114,118
10140,20926,2922,10156,2073,18004,232,114,118
10145,20939,2922,10161,2073,18017,232,114,118
10150,20950,2922,10165,2073,18028,232,114,118
10155,20957,2924,10168,2074,18033,232,114,118
10160,20970,2925,10174,2075,18045,232,114,118
10165,20981,2925,10179,2075,18056,232,114,118
10170,20988,2927,10182,2077,18061,232,114,118
10175,21001,2928,10189,2078,18073,232,114,118
10180,21012,2928,10193,2078,18084,232,114,118
10185,21019,2930,10193,2078,18089,232,114,118
10190,21032,2930,10200,2078,18102,232,114,118
10195,21043,2930,10204,2078,18113,232,114,118
10200,21050,2932,10208,2078,18118,232,114,118
10205,21063,2932,10215,2078,18131,232,114,118
10210,21074,2932,10218,2078,18142,232,114,118
10215,21081,2934,10221,2078,18147,232,114,118
10220,21094,2935,10230,2079,18159,232,114,118
10225,21105,2935,10234,2079,18170,232,114,118
10230,21112,2937,10237,2080,18175,232,114,118
10235,21125,2938,10243,2081,18187,232,114,118
10240,21136,2938,10250,2081,18198,232,114,118
10245,21143,2940,10252,2082,18203,232,114,118
10250,21156,2942,10258,2083,18212,233,115,118
10255,21167,2945,10262,2086,18221,233,115,118
10260,21174,2949,10263,2088,18225,233,115,118
10265,21187,2950,10271,2089,18237,233,115,118
10270,21198,2951,10273,2089,18247,233,115,118
10275,21205,2952,10277,2090,18253,233,115,118
10280,21218,2953,10285,2091,18265,233,115,118
10285,21229,2954,10293,2092,18275,233,115,118
10290,21236,2955,10298,2092,18281,233,115,118
10295,21249,2956,10305,2092,18293,233,115,118
10300,21260,2957,10312,2093,18303,233,115,118
10305,21267,2958,10314,2093,18309,233,115,118
10310,21280,2959,10317,2094,18321,233,115,118
10315,21291,2961,10324,2095,18330,233,115,118
10320,21298,2962,10327,2095,18336,233,115,118
10325,21311,2963,10333,2095,18348,233,115,118
10330,21322,2964,10334,2095,18358,233,115,118
10335,21329,2965,10336,2095,18364,233,115,118
10340,21342,2966,10344,2095,18376,233,115,118
10345,21353,2968,10350,2097,18385,233,115,118
10350,21360,2969,10353,2097,18391,233,115,118
10355,21373,2970,10359,2098,18403,233,115,118
10360,21384,2972,10365,2099,18412,233,115,118
10365,21391,2974,10369,2101,18417,233,115,118
10370,21404,2976,10376,2102,18426,234,115,119
10375,21415,2980,10381,2106,18434,234,115,119
10380,21422,2984,10382,2108,18438,234,115,119
10385,21435,2984,10389,2108,18451,235,115,120
10390,21446,2984,10394,2108,18462,235,115,120
10395,21453,2985,10400,2109,18468,235,115,120
10400,21466,2986,10407,2110,18480,236,115,121
10405,21477,2986,10417,2110,18491,236,115,121
10410,21484,2987,10421,2111,18497,236,115,121
10415,21497,2987,10424,2111,18510,237,115,122
10420,21508,2987,10427,2111,18521,237,115,122
10425,21515,2988,10429,2111,18527,237,115,122
10430,21528,2988,10437,2111,18540,238,116,122
10435,21539,2988,10440,2111,18551,238,116,122
10440,21546,2989,10444,2111,18557,238,116,122
10445,21559,2989,10452,2111,18570,239,116,123
10450,21570,2989,10459,2111,18581,239,116,123
10455,21577,2990,10463,2111,18587,239,116,123
10460,21590,2990,10471,2111,18600,240,117,123
10465,21601,2990,10475,2111,18611,240,117,123
10470,21608,2991,10481,2112,18617,240,117,123
10475,21621,2991,10490,2112,18630,241,118,123
10480,21632,2991,10494,2112,18641,241,118,123
10485,21639,2993,10496,2113,18646,241,118,123
10490,21652,2994,10504,2114,18656,242,119,123
10495,21663,2999,10511,2119,18664,242,119,123
10500,21670,3001,10516,2121,18669,242,119,123
10505,21683,3002,10519,2121,18681,242,119,123
10510,21694,3003,10527,2122,18691,242,119,123
10515,21701,3004,10530,2122,18697,242,119,123
10520,21714,3005,10536,2123,18709,242,119,123
10525,21725,3007,10541,2124,18718,242,119,123
10530,21732,3008,10543,2125,18724,242,119,123
10535,21745,3009,10550,2125,18736,242,119,123
10540,21756,3010,10553,2125,18746,242,119,123
10545,21763,3011,10558,2126,18752,242,119,123
10550,21776,3012,10564,2126,18764,242,119,123
10555,21787,3014,10569,2128,18773,242,119,123
10560,21794,3015,10571,2128,18779,242,119,123
10565,21807,3017,10574,2129,18790,242,119,123
10570,21818,3018,10579,2130,18800,242,119,123
10575,21825,3019,10582,2131,18806,242,119,123
10580,21838,3021,10592,2133,18817,242,119,123
10585,21849,3023,10600,2135,18826,242,119,123
10590,21856,3024,10603,2135,18832,242,119,123
10595,21869,3026,10611,2136,18843,242,119,123
10600,21880,3027,10615,2136,18853,242,119,123
10605,21887,3028,10619,2137,18859,242,119,123
10610,21900,3031,10628,2140,18867,243,120,123
10615,21911,3034,10631,2142,18875,243,120,123
10620,21918,3039,10637,2147,18879,243,120,123
10625,21931,3041,10644,2148,18889,244,121,123
10630,21942,3043,10651,2150,18899,244,121,123
10635,21949,3044,10654,2150,18905,244,121,123
10640,21962,3046,10661,2152,18916,245,121,124
10645,21973,3046,10665,2152,18927,245,121,124
10650,21980,3047,10669,2153,18933,245,121,124
10655,21993,3048,10674,2153,18945,246,122,124
10660,22004,3048,10678,2153,18956,246,122,124
10665,22011,3049,10681,2153,18962,246,122,124
10670,22024,3051,10689,2155,18973,247,122,125
10675,22035,3052,10693,2156,18983,247,122,125
10680,22042,3053,10695,2156,18989,247,122,125
10685,22055,3055,10702,2157,18999,248,122,126
10690,22066,3057,10707,2159,19009,248,122,126
10695,22073,3058,10709,2159,19015,248,122,126
10700,22086,3060,10714,2160,19026,249,122,127
10705,22097,3060,10720,2160,19037,249,122,127
10710,22104,3061,10723,2161,19043,249,122,127
10715,22117,3063,10729,2162,19053,250,122,128
10720,22128,3064,10734,2163,19064,250,122,128
10725,22135,3066,10737,2164,19069,250,122,128
10730,22148,3067,10741,2164,19079,251,122,129
10735,22159,3071,10746,2167,19086,251,122,129
10740,22166,3076,10747,2170,19090,251,122,129
10745,22179,3076,10753,2170,19103,251,122,129
10750,22190,3077,10757,2171,19113,251,122,129
10755,22197,3078,10759,2172,19119,251,122,129
10760,22210,3078,10767,2172,19132,251,122,129
10765,22221,3079,10771,2172,19142,251,122,129
10770,22228,3080,10773,2172,19148,251,122,129
10775,22241,3080,10779,2172,19161,251,122,129
10780,22252,3081,10783,2172,19171,251,122,129
10785,22259,3082,10785,2173,19177,251,122,129
10790,22272,3082,10792,2173,19190,251,122,129
10795,22283,3083,10798,2174,19200,251,122,129
10800,22290,3084,10801,2174,19206,251,122,129
10805,22303,3084,10804,2174,19219,251,122,129
10810,22314,3085,10809,2175,19229,251,122,129
10815,22321,3086,10814,2175,19235,251,122,129
10820,22334,3086,10821,2175,19248,251,122,129
10825,22345,3087,10825,2175,19258,251,122,129
10830,22352,3088,10827,2175,19264,251,122,129
10835,22365,3088,10831,2175,19277,251,122,129
10840,22376,3089,10838,2175,19287,251,122,129
10845,22383,3091,10841,2176,19292,251,122,129
10850,22396,3095,10850,2180,19300,252,123,129
10855,22407,3099,10856,2184,19306,252,123,129
10860,22414,3103,10860,2187,19311,252,123,129
10865,22427,3103,10866,2187,19324,253,124,129
10870,22438,3103,10872,2187,19335,253,124,129
10875,22445,3104,10875,2188,19341,253,124,129
10880,22458,3104,10881,2188,19354,253,124,129
10885,22469,3105,10887,2189,19364,253,124,129
10890,22476,3106,10889,2190,19370,253,124,129
10895,22489,3106,10892,2190,19383,253,124,129
10900,22500,3107,10898,2191,19393,253,124,129
10905,22507,3108,10900,2192,19399,253,124,129
10910,22520,3108,10907,2192,19412,253,124,129
10915,22531,3108,10909,2192,19423,253,124,129
10920,22538,3109,10914,2193,19429,253,124,129
10925,22551,3109,10923,2193,19442,253,124,129
10930,22562,3109,10927,2193,19453,253,124,129
10935,22569,3110,10930,2193,19459,253,124,129
10940,22582,3110,10939,2193,19472,253,124,129
10945,22593,3111,10946,2194,19482,253,124,129
10950,22600,3112,10948,2194,19488,253,124,129
10955,22613,3112,10951,2194,19501,253,124,129
10960,22624,3113,10959,2195,19511,253,124,129
10965,22631,3116,10963,2196,19515,253,124,129
10970,22644,3118,10971,2197,19525,254,124,130
10975,22655,3122,10976,2201,19532,254,124,130
10980,22662,3125,10977,2202,19537,254,124,130
10985,22675,3127,10986,2204,19548,255,125,130
10990,22686,3127,10992,2204,19559,255,125,130
10995,22693,3128,10993,2204,19565,255,125,130
11000,22706,3130,10999,2205,19576,256,126,130
11005,22717,3131,11005,2206,19586,256,126,130
11010,22724,3132,11008,2207,19592,256,126,130
11015,22737,3134,11014,2208,19603,257,126,131
11020,22748,3135,11019,2209,19613,257,126,131
11025,22755,3136,11023,2209,19619,257,126,131
11030,22768,3138,11031,2211,19630,257,126,131
11035,22779,3138,11036,2211,19641,257,126,131
11040,22786,3139,11038,2211,19647,257,126,131
11045,22799,3141,11046,2213,19658,257,126,131
11050,22810,3141,11050,2213,19669,257,126,131
11055,22817,3142,11053,2214,19675,257,126,131
11060,22830,3144,11060,2216,19686,257,126,131
11065,22841,3145,11066,2217,19696,257,126,131
11070,22848,3146,11068,2217,19702,257,126,131
11075,22861,3148,11078,2219,19713,257,126,131
11080,22872,3149,11083,2220,19723,257,126,131
11085,22879,3151,11088,2221,19728,257,126,131
11090,22892,3153,11094,2222,19739,257,126,131
11095,22903,3157,11101,2226,19745,257,126,131
11100,22910,3161,11105,2229,19749,257,126,131
11105,22923,3162,11111,2230,19761,257,126,131
11110,22934,3163,11116,2231,19771,257,126,131
11115,22941,3164,11122,2232,19777,257,126,131
11120,22954,3165,11131,2233,19789,257,126,131
11125,22965,3166,11133,2233,19799,257,126,131
11130,22972,3167,11136,2233,19805,257,126,131
11135,22985,3168,11143,2234,19817,258,127,131
11140,22996,3169,11151,2235,19827,258,127,131
11145,23003,3170,11152,2235,19833,258,127,131
11150,23016,3171,11159,2236,19845,259,128,131
11155,23027,3172,11167,2237,19855,259,128,131
11160,23034,3173,11169,2237,19861,259,128,131
11165,23047,3174,11175,2238,19873,260,129,131
11170,23058,3175,11180,2238,19883,260,129,131
11175,23065,3176,11182,2238,19889,260,129,131
11180,23078,3177,11189,2239,19901,261,130,131
11185,23089,3178,11193,2239,19911,261,130,131
11190,23096,3179,11197,2240,19917,261,130,131
11195,23109,3181,11206,2242,19928,262,130,132
11200,23120,3182,11210,2242,19938,262,130,132
11205,23127,3183,11213,2242,19944,262,130,132
11210,23140,3183,11218,2242,19957,263,131,132
11215,23151,3187,11224,2246,19963,263,131,132
11220,23158,3191,11227,2249,19967,263,131,132
11225,23171,3191,11233,2249,19980,264,132,132
11230,23182,3192,11238,2250,19990,264,132,132
11235,23189,3193,11239,2250,19996,264,132,132
11240,23202,3193,11242,2250,20009,265,133,132
11245,23213,3193,11249,2250,20020,265,133,132
11250,23220,3194,11253,2251,20026,265,133,132
11255,23233,3194,11258,2251,20039,266,134,132
11260,23244,3194,11259,2251,20050,266,134,132
11265,23251,3195,11263,2252,20056,266,134,132
11270,23264,3197,11272,2254,20067,267,134,133
11275,23275,3198,11278,2255,20077,267,134,133
11280,23282,3199,11283,2256,20083,267,134,133
11285,23295,3202,11290,2259,20093,268,135,133
11290,23306,3203,11296,2260,20103,268,135,133
11295,23313,3204,11296,2260,20109,268,135,133
11300,23326,3207,11303,2262,20119,269,136,133
11305,23337,3207,11310,2262,20130,269,136,133
11310,23344,3208,11313,2263,20136,269,136,133
11315,23357,3210,11319,2265,20147,270,136,134
11320,23368,3211,11322,2266,20157,270,136,134
11325,23375,3212,11324,2266,20163,270,136,134
11330,23388,3214,11330,2267,20173,271,136,135
11335,23399,3217,11333,2269,20182,271,136,135
11340,23406,3219,11337,2271,20187,271,136,135
11345,23419,3219,11343,2271,20200,271,136,135
11350,23430,3220,11350,2272,20210,271,136,135
11355,23437,3221,11354,2273,20216,271,136,135
11360,23450,3221,11362,2273,20229,271,136,135
11365,23461,3222,11365,2274,20239,271,136,135
11370,23468,3223,11368,2274,20245,271,136,135
11375,23481,3223,11376,2274,20258,271,136,135
11380,23492,3224,11380,2274,20268,271,136,135
11385,23499,3225,11385,2274,20274,271,136,135
11390,23512,3225,11390,2274,20287,271,136,135
11395,23523,3226,11397,2275,20297,271,136,135
11400,23530,3227,11401,2276,20303,271,136,135
11405,23543,3227,11407,2276,20316,271,136,135
11410,23554,3228,11413,2277,20326,271,136,135
11415,23561,3229,11418,2277,20332,271,136,135
11420,23574,3229,11423,2277,20345,271,136,135
11425,23585,3230,11427,2277,20355,271,136,135
11430,23592,3231,11432,2278,20361,271,136,135
11435,23605,3231,11439,2278,20374,271,136,135
11440,23616,3232,11443,2278,20384,271,136,135
11445,23623,3233,11447,2279,20390,271,136,135
11450,23636,3236,11453,2282,20398,272,136,136
11455,23647,3243,11460,2288,20402,272,136,136
11460,23654,3247,11463,2291,20407,272,136,136
11465,23667,3248,11467,2291,20419,272,136,136
11470,23678,3249,11473,2292,20429,272,136,136
11475,23685,3251,11475,2293,20434,272,136,136
11480,23698,3252,11481,2293,20446,272,136,136
11485,23709,3252,11485,2293,20457,272,136,136
11490,23716,3254,11489,2295,20462,272,136,136
11495,23729,3255,11495,2296,20474,272,136,136
11500,23740,3255,11499,2296,20485,272,136,136
11505,23747,3257,11500,2296,20490,272,136,136
11510,23760,3258,11505,2297,20502,272,136,136
11515,23771,3258,11508,2297,20513,272,136,136
11520,23778,3260,11508,2297,20518,272,136,136
11525,23791,3261,11513,2298,20530,272,136,136
11530,23802,3262,11519,2299,20540,272,136,136
11535,23809,3264,11523,2301,20545,272,136,136
11540,23822,3265,11533,2301,20557,272,136,136
11545,23833,3265,11538,2301,20568,272,136,136
11550,23840,3267,11544,2302,20573,272,136,136
11555,23853,3268,11549,2302,20585,272,136,136
11560,23864,3269,11556,2303,20595,272,136,136
11565,23871,3271,11560,2304,20600,272,136,136
11570,23884,3276,11570,2309,20605,273,136,137
11575,23895,3281,11573,2314,20613,273,136,137
11580,23902,3284,11577,2316,20618,273,136,137
11585,23915,3284,11586,2316,20631,273,136,137
11590,23926,3284,11592,2316,20642,273,136,137
11595,23933,3284,11595,2316,20649,273,136,137
11600,23946,3284,11603,2316,20662,273,136,137
11605,23957,3284,11607,2316,20673,273,136,137
11610,23964,3284,11610,2316,20680,273,136,137
11615,23977,3284,11615,2316,20693,273,136,137
11620,23988,3284,11623,2316,20704,273,136,137
11625,23995,3284,11627,2316,20711,273,136,137
11630,24008,3284,11633,2316,20724,273,136,137
11635,24019,3284,11638,2316,20735,273,136,137
11640,24026,3284,11642,2316,20742,273,136,137
11645,24039,3284,11651,2316,20755,273,136,137
11650,24050,3284,11657,2316,20766,273,136,137
11655,24057,3284,11660,2316,20773,273,136,137
11660,24070,3284,11664,2316,20786,273,136,137
11665,24081,3284,11667,2316,20797,273,136,137
11670,24088,3284,11670,2316,20804,273,136,137
11675,24101,3284,11677,2316,20817,273,136,137
11680,24112,3284,11681,2316,20828,273,136,137
11685,24119,3285,11684,2316,20834,273,136,137
11690,24132,3287,11689,2317,20844,274,136,138
11695,24143,3291,11693,2320,20852,274,136,138
11700,24150,3293,11696,2320,20857,274,136,138
11705,24163,3294,11699,2320,20869,275,136,139
11710,24174,3294,11703,2320,20880,275,136,139
11715,24181,3296,11707,2321,20885,275,136,139
11720,24194,3297,11714,2321,20897,276,137,139
11725,24205,3297,11717,2321,20908,276,137,139
11730,24212,3299,11721,2321,20913,276,137,139
11735,24225,3301,11727,2322,20924,277,138,139
11740,24236,3301,11729,2322,20935,277,138,139
11745,24243,3303,11733,2324,20940,277,138,139
11750,24256,3304,11740,2325,20952,278,139,139
11755,24267,3304,11745,2325,20963,278,139,139
11760,24274,3306,11748,2326,20968,278,139,139
11765,24287,3307,11753,2327,20980,279,140,139
11770,24298,3307,11759,2327,20991,279,140,139
11775,24305,3309,11764,2328,20996,279,140,139
11780,24318,3310,11770,2329,21008,280,140,140
11785,24329,3311,11776,2330,21018,280,140,140
11790,24336,3313,11782,2331,21023,280,140,140
11795,24349,3314,11787,2331,21035,281,141,140
11800,24360,3314,11792,2331,21046,281,141,140
11805,24367,3316,11796,2332,21051,281,141,140
11810,24380,3318,11804,2334,21061,282,142,140
11815,24391,3322,11810,2338,21068,282,142,140
11820,24398,3325,11816,2340,21073,282,142,140
11825,24411,3326,11819,2341,21085,282,142,140
11830,24422,3328,11822,2342,21094,282,142,140
11835,24429,3330,11824,2342,21099,282,142,140
11840,24442,3331,11831,2343,21111,282,142,140
11845,24453,3334,11835,2345,21118,282,142,140
11850,24460,3337,11838,2348,21123,282,142,140
11855,24473,3338,11844,2349,21135,282,142,140
11860,24484,3339,11847,2350,21145,282,142,140
11865,24491,3340,11852,2351,21151,282,142,140
11870,24504,3341,11861,2352,21163,282,142,140
11875,24515,3343,11866,2354,21172,282,142,140
11880,24522,3344,11869,2354,21178,282,142,140
11885,24535,3344,11876,2354,21191,282,142,140
11890,24546,3346,11884,2356,21200,282,142,140
11895,24553,3347,11886,2356,21206,282,142,140
11900,24566,3347,11892,2356,21219,282,142,140
11905,24577,3348,11897,2356,21229,282,142,140
11910,24584,3349,11900,2357,21235,282,142,140
11915,24597,3349,11903,2357,21248,282,142,140
11920,24608,3350,11908,2358,21258,282,142,140
11925,24615,3351,11912,2358,21264,282,142,140
11930,24628,3351,11917,2358,21276,283,142,141
11935,24639,3353,11920,2360,21285,283,142,141
11940,24646,3355,11923,2361,21291,283,142,141
11945,24659,3355,11931,2361,21304,283,142,141
11950,24670,3355,11933,2361,21315,283,142,141
11955,24677,3356,11935,2361,21321,283,142,141
11960,24690,3356,11941,2361,21334,283,142,141
11965,24701,3357,11949,2362,21344,283,142,141
11970,24708,3358,11953,2363,21350,283,142,141
11975,24721,3358,11960,2363,21363,283,142,141
11980,24732,3358,11966,2363,21374,283,142,141
11985,24739,3359,11969,2363,21380,283,142,141
11990,24752,3359,11976,2363,21393,283,142,141
11995,24763,3360,11981,2364,21403,283,142,141
12000,24770,3361,11982,2364,21409,283,142,141
12005,24783,3361,11990,2364,21422,283,142,141
12010,24794,3361,11998,2364,21433,283,142,141
12015,24801,3362,12001,2365,21439,283,142,141
12020,24814,3362,12008,2365,21452,283,142,141
12025,24825,3362,12014,2365,21462,283,142,141
12030,24832,3364,12018,2366,21468,283,142,141
12035,24845,3364,12025,2366,21481,283,142,141
12040,24856,3364,12031,2366,21492,283,142,141
12045,24863,3366,12034,2367,21497,283,142,141
12050,24876,3368,12041,2368,21505,284,143,141
12055,24887,3372,12042,2371,21515,284,143,141
12060,24894,3374,12046,2372,21520,284,143,141
12065,24907,3375,12052,2372,21531,284,143,141
12070,24918,3376,12058,2373,21542,284,143,141
12075,24925,3377,12060,2373,21548,284,143,141
12080,24938,3379,12065,2374,21558,284,143,141
12085,24949,3380,12069,2375,21569,284,143,141
12090,24956,3381,12074,2375,21575,284,143,141
12095,24969,3382,12080,2376,21587,284,143,141
12100,24980,3383,12083,2377,21597,284,143,141
12105,24987,3384,12086,2378,21603,284,143,141
12110,25000,3385,12088,2378,21615,284,143,141
12115,25011,3386,12090,2379,21625,284,143,141
12120,25018,3387,12092,2379,21631,284,143,141
12125,25031,3389,12097,2381,21642,284,143,141
12130,25042,3389,12103,2381,21653,284,143,141
12135,25049,3390,12107,2381,21659,284,143,141
12140,25062,3390,12112,2381,21672,284,143,141
12145,25073,3391,12116,2382,21682,284,143,141
12150,25080,3392,12120,2382,21688,284,143,141
12155,25093,3393,12128,2383,21700,284,143,141
12160,25104,3393,12131,2383,21711,284,143,141
12165,25111,3396,12137,2385,21715,284,143,141
12170,25124,3397,12144,2386,21726,285,144,141
12175,25135,3401,12150,2390,21732,285,144,141
12180,25142,3406,12151,2393,21736,285,144,141
12185,25155,3406,12158,2393,21749,286,144,142
12190,25166,3406,12166,2393,21760,286,144,142
12195,25173,3406,12169,2393,21767,286,144,142
12200,25186,3406,12175,2393,21780,287,145,142
12205,25197,3406,12178,2393,21791,287,145,142
12210,25204,3406,12183,2393,21798,287,145,142
12215,25217,3406,12188,2393,21811,288,146,142
12220,25228,3406,12195,2393,21822,288,146,142
12225,25235,3406,12197,2393,21829,288,146,142
12230,25248,3406,12203,2393,21842,289,147,142
12235,25259,3406,12208,2393,21853,289,147,142
12240,25266,3406,12211,2393,21860,289,147,142
12245,25279,3406,12219,2393,21873,290,147,143
12250,25290,3406,12220,2393,21884,290,147,143
12255,25297,3406,12223,2393,21891,290,147,143
12260,25310,3406,12227,2393,21904,290,147,143
12265,25321,3406,12232,2393,21915,290,147,143
12270,25328,3406,12235,2393,21922,290,147,143
12275,25341,3406,12241,2393,21935,290,147,143
12280,25352,3406,12246,2393,21946,290,147,143
12285,25359,3407,12250,2394,21952,290,147,143
12290,25372,3408,12254,2395,21963,291,147,144
12295,25383,3411,12259,2398,21971,291,147,144
12300,25390,3416,12262,2401,21974,291,147,144
12305,25403,3418,12266,2402,21985,291,147,144
12310,25414,3419,12273,2403,21995,291,147,144
12315,25421,3421,12274,2404,22000,291,147,144
12320,25434,3422,12279,2405,22012,291,147,144
12325,25445,3423,12282,2406,22022,291,147,144
12330,25452,3425,12285,2407,22027,291,147,144
12335,25465,3426,12290,2408,22039,291,147,144
12340,25476,3427,12297,2408,22049,291,147,144
12345,25483,3429,12300,2409,22054,291,147,144
12350,25496,3430,12304,2409,22066,292,148,144
12355,25507,3431,12309,2409,22076,292,148,144
12360,25514,3433,12313,2410,22081,292,148,144
12365,25527,3435,12319,2411,22092,293,148,145
12370,25538,3436,12323,2411,22102,293,148,145
12375,25545,3438,12327,2413,22107,293,148,145
12380,25558,3440,12332,2415,22118,294,148,146
12385,25569,3441,12336,2416,22128,294,148,146
12390,25576,3443,12339,2418,22133,294,148,146
12395,25589,3445,12346,2419,22144,295,149,146
12400,25600,3446,12351,2420,22154,295,149,146
12405,25607,3448,12355,2421,22159,295,149,146
12410,25620,3449,12362,2422,22170,296,150,146
12415,25631,3454,12369,2426,22176,296,150,146
12420,25638,3457,12373,2428,22181,296,150,146
12425,25651,3458,12380,2428,22192,296,150,146
12430,25662,3460,12387,2430,22202,296,150,146
12435,25669,3460,12391,2430,22209,296,150,146
12440,25682,3461,12399,2430,22220,296,150,146
12445,25693,3463,12404,2431,22230,296,150,146
12450,25700,3463,12409,2431,22237,296,150,146
12455,25713,3464,12418,2431,22248,296,150,146
12460,25724,3466,12420,2432,22258,296,150,146
12465,25731,3466,12425,2432,22265,296,150,146
12470,25744,3467,12427,2432,22277,296,150,146
12475,25755,3468,12432,2432,22287,296,150,146
12480,25762,3468,12435,2432,22294,296,150,146
12485,25775,3469,12440,2433,22305,296,150,146
12490,25786,3471,12447,2434,22315,296,150,146
12495,25793,3471,12451,2434,22322,296,150,146
12500,25806,3472,12461,2434,22333,296,150,146
12505,25817,3474,12466,2436,22343,296,150,146
12510,25824,3474,12468,2436,22350,296,150,146
12515,25837,3475,12475,2436,22361,296,150,146
12520,25848,3477,12481,2438,22371,296,150,146
12525,25855,3479,12484,2439,22376,296,150,146
12530,25868,3481,12489,2440,22385,297,151,146
12535,25879,3485,12494,2443,22393,297,151,146
12540,25886,3488,12495,2445,22398,297,151,146
12545,25899,3490,12501,2446,22409,298,151,147
12550,25910,3490,12506,2446,22420,298,151,147
12555,25917,3492,12509,2448,22425,298,151,147
12560,25930,3494,12517,2450,22436,299,151,148
12565,25941,3494,12521,2450,22447,299,151,148
12570,25948,3496,12525,2451,22452,299,151,148
12575,25961,3497,12530,2452,22464,300,152,148
12580,25972,3497,12536,2452,22475,300,152,148
12585,25979,3499,12540,2453,22480,300,152,148
12590,25992,3501,12545,2454,22491,301,152,149
12595,26003,3501,12552,2454,22502,301,152,149
12600,26010,3503,12555,2455,22507,301,152,149
12605,26023,3505,12563,2457,22518,302,152,150
12610,26034,3505,12569,2457,22529,302,152,150
12615,26041,3507,12573,2458,22534,302,152,150
12620,26054,3508,12581,2458,22546,303,153,150
12625,26065,3508,12585,2458,22557,303,153,150
12630,26072,3510,12589,2459,22562,303,153,150
12635,26085,3511,12593,2460,22574,304,153,151
12640,26096,3511,12600,2460,22585,304,153,151
12645,26103,3513,12602,2461,22590,304,153,151
12650,26116,3515,12608,2462,22598,305,154,151
12655,26127,3520,12611,2466,22606,305,154,151
12660,26134,3523,12613,2468,22611,305,154,151
12665,26147,3524,12619,2469,22623,306,154,152
12670,26158,3525,12624,2469,22633,306,154,152
12675,26165,3526,12625,2469,22639,306,154,152
12680,26178,3528,12631,2471,22650,307,154,153
12685,26189,3529,12638,2472,22660,307,154,153
12690,26196,3530,12643,2473,22666,307,154,153
12695,26209,3532,12651,2475,22677,308,155,153
12700,26220,3534,12659,2476,22686,308,155,153
12705,26227,3535,12662,2477,22692,308,155,153
12710,26240,3537,12669,2479,22703,309,155,154
12715,26251,3539,12675,2481,22712,309,155,154
12720,26258,3540,12678,2481,22718,309,155,154
12725,26271,3540,12686,2481,22731,310,156,154
12730,26282,3541,12691,2482,22741,310,156,154
12735,26289,3541,12694,2482,22748,310,156,154
12740,26302,3542,12702,2483,22760,311,157,154
12745,26313,3543,12708,2483,22770,311,157,154
12750,26320,3543,12711,2483,22777,311,157,154
12755,26333,3543,12717,2483,22790,312,158,154
12760,26344,3544,12724,2483,22800,312,158,154
12765,26351,3545,12727,2483,22806,312,158,154
12770,26364,3546,12732,2484,22818,313,158,155
12775,26375,3549,12736,2487,22826,313,158,155
12780,26382,3551,12740,2489,22831,313,158,155
12785,26395,3552,12745,2490,22843,313,158,155
12790,26406,3552,12752,2490,22854,313,158,155
12795,26413,3553,12756,2491,22860,313,158,155
12800,26426,3554,12764,2491,22872,313,158,155
12805,26437,3555,12771,2492,22881,313,158,155
12810,26444,3557,12772,2493,22887,313,158,155
12815,26457,3558,12779,2493,22899,313,158,155
12820,26468,3558,12783,2493,22909,313,158,155
12825,26475,3560,12786,2495,22915,313,158,155
12830,26488,3561,12794,2496,22927,313,158,155
12835,26499,3562,12801,2497,22937,313,158,155
12840,26506,3563,12804,2497,22943,313,158,155
12845,26519,3564,12809,2498,22955,313,158,155
12850,26530,3564,12816,2498,22965,313,158,155
12855,26537,3566,12819,2500,22971,313,158,155
12860,26550,3567,12828,2501,22983,313,158,155
12865,26561,3568,12830,2502,22993,313,158,155
12870,26568,3569,12834,2503,22999,313,158,155
12875,26581,3570,12838,2503,23011,313,158,155
12880,26592,3570,12845,2503,23022,313,158,155
12885,26599,3571,12847,2503,23028,313,158,155
12890,26612,3573,12853,2505,23038,314,159,155
12895,26623,3578,12860,2510,23044,314,159,155
12900,26630,3582,12864,2513,23048,314,159,155
12905,26643,3582,12868,2513,23061,314,159,155
12910,26654,3583,12875,2514,23071,314,159,155
12915,26661,3584,12877,2515,23077,314,159,155
12920,26674,3584,12883,2515,23090,314,159,155
12925,26685,3584,12890,2515,23101,314,159,155
12930,26692,3585,12893,2516,23107,314,159,155
12935,26705,3585,12899,2516,23120,314,159,155
12940,26716,3585,12904,2516,23131,314,159,155
12945,26723,3586,12907,2516,23137,314,159,155
12950,26736,3586,12915,2516,23150,314,159,155
12955,26747,3586,12920,2516,23161,314,159,155
12960,26754,3587,12923,2516,23167,314,159,155
12965,26767,3587,12932,2516,23180,314,159,155
12970,26778,3588,12938,2517,23190,314,159,155
12975,26785,3589,12943,2517,23196,314,159,155
12980,26798,3589,12950,2517,23209,314,159,155
12985,26809,3590,12957,2518,23219,314,159,155
12990,26816,3591,12960,2518,23225,314,159,155
12995,26829,3591,12966,2518,23238,314,159,155
13000,26840,3591,12974,2518,23249,314,159,155
13005,26847,3592,12981,2519,23255,314,159,155
13010,26860,3595,12989,2522,23265,315,160,155
13015,26871,3599,12996,2526,23271,315,160,155
13020,26878,3602,12997,2527,23276,315,160,155
13025,26891,3603,13002,2527,23288,315,160,155
13030,26902,3604,13007,2527,23298,315,160,155
13035,26909,3604,13010,2527,23305,315,160,155
13040,26922,3606,13016,2528,23316,315,160,155
13045,26933,3607,13022,2528,23326,315,160,155
13050,26940,3607,13025,2528,23333,315,160,155
13055,26953,3608,13032,2528,23345,315,160,155
13060,26964,3609,13038,2529,23355,315,160,155
13065,26971,3609,13041,2529,23362,315,160,155
13070,26984,3610,13049,2530,23374,315,160,155
13075,26995,3611,13053,2530,23384,315,160,155
13080,27002,3611,13058,2530,23391,315,160,155
13085,27015,3613,13064,2531,23402,315,160,155
13090,27026,3614,13069,2531,23412,315,160,155
13095,27033,3614,13073,2531,23419,315,160,155
13100,27046,3615,13082,2532,23431,315,160,155
13105,27057,3616,13090,2533,23441,315,160,155
13110,27064,3616,13094,2533,23448,315,160,155
13115,27077,3617,13103,2534,23460,315,160,155
13120,27088,3618,13106,2534,23470,315,160,155
13125,27095,3618,13110,2534,23477,315,160,155
13130,27108,3621,13119,2537,23485,316,160,156
13135,27119,3627,13125,2543,23491,316,160,156
13140,27126,3632,13129,2547,23494,316,160,156
13145,27139,3632,13136,2547,23507,316,160,156
13150,27150,3632,13140,2547,23518,316,160,156
13155,27157,3634,13145,2549,23523,316,160,156
13160,27170,3634,13152,2549,23536,316,160,156
13165,27181,3634,13158,2549,23547,316,160,156
13170,27188,3636,13159,2549,23552,316,160,156
13175,27201,3636,13163,2549,23565,316,160,156
13180,27212,3636,13169,2549,23576,316,160,156
13185,27219,3638,13172,2550,23581,316,160,156
13190,27232,3638,13180,2550,23594,316,160,156
13195,27243,3638,13187,2550,23605,316,160,156
13200,27250,3640,13189,2550,23610,316,160,156
13205,27263,3640,13197,2550,23623,316,160,156
13210,27274,3640,13203,2550,23634,316,160,156
13215,27281,3642,13209,2552,23639,316,160,156
13220,27294,3642,13214,2552,23652,316,160,156
13225,27305,3642,13220,2552,23663,316,160,156
13230,27312,3644,13224,2553,23668,316,160,156
13235,27325,3644,13229,2553,23681,316,160,156
13240,27336,3644,13232,2553,23692,316,160,156
13245,27343,3646,13236,2554,23697,316,160,156
13250,27356,3647,13241,2554,23706,317,160,157
13255,27367,3654,13248,2560,23711,317,160,157
13260,27374,3658,13250,2563,23716,317,160,157
13265,27387,3659,13258,2564,23728,317,160,157
13270,27398,3659,13263,2564,23739,317,160,157
13275,27405,3660,13265,2564,23745,317,160,157
13280,27418,3661,13269,2564,23757,317,160,157
13285,27429,3661,13273,2564,23768,317,160,157
13290,27436,3662,13276,2564,23774,317,160,157
13295,27449,3664,13282,2566,23785,317,160,157
13300,27460,3664,13286,2566,23796,317,160,157
13305,27467,3665,13288,2566,23802,317,160,157
13310,27480,3666,13293,2566,23814,317,160,157
13315,27491,3666,13298,2566,23825,317,160,157
13320,27498,3667,13302,2566,23831,317,160,157
13325,27511,3669,13308,2568,23842,317,160,157
13330,27522,3670,13315,2569,23852,317,160,157
13335,27529,3671,13317,2569,23858,317,160,157
13340,27542,3673,13321,2570,23869,317,160,157
13345,27553,3673,13327,2570,23880,317,160,157
13350,27560,3674,13329,2570,23886,317,160,157
13355,27573,3675,13333,2571,23898,317,160,157
13360,27584,3675,13337,2571,23909,317,160,157
13365,27591,3677,13341,2573,23914,317,160,157
13370,27604,3679,13347,2574,23923,318,161,157
13375,27615,3683,13348,2577,23932,318,161,157
13380,27622,3686,13353,2579,23936,318,161,157
13385,27635,3686,13355,2579,23949,318,161,157
13390,27646,3686,13359,2579,23960,318,161,157
13395,27653,3686,13363,2579,23967,318,161,157
13400,27666,3686,13370,2579,23980,318,161,157
13405,27677,3686,13375,2579,23991,318,161,157
13410,27684,3686,13380,2579,23998,318,161,157
13415,27697,3686,13386,2579,24011,318,161,157
13420,27708,3686,13390,2579,24022,318,161,157
13425,27715,3686,13393,2579,24029,318,161,157
13430,27728,3686,13396,2579,24042,318,161,157
13435,27739,3686,13400,2579,24053,318,161,157
13440,27746,3686,13403,2579,24060,318,161,157
13445,27759,3686,13407,2579,24073,318,161,157
13450,27770,3686,13416,2579,24084,318,161,157
13455,27777,3686,13422,2579,24091,318,161,157
13460,27790,3686,13427,2579,24104,318,161,157
13465,27801,3686,13430,2579,24115,318,161,157
13470,27808,3686,13432,2579,24122,318,161,157
13475,27821,3686,13437,2579,24135,318,161,157
13480,27832,3686,13442,2579,24146,318,161,157
13485,27839,3689,13448,2582,24150,318,161,157
13490,27852,3690,13453,2583,24159,319,162,157
13495,27863,3695,13457,2588,24168,319,162,157
13500,27870,3697,13461,2589,24173,319,162,157
13505,27883,3699,13467,2590,24184,319,162,157
13510,27894,3701,13475,2592,24193,319,162,157
13515,27901,3703,13480,2594,24198,319,162,157
13520,27914,3704,13486,2594,24209,319,162,157
13525,27925,3707,13491,2597,24218,319,162,157
13530,27932,3708,13495,2598,24224,319,162,157
13535,27945,3710,13502,2600,24234,319,162,157
13540,27956,3712,13508,2602,24244,319,162,157
13545,27963,3713,13512,2603,24250,319,162,157
13550,27976,3714,13518,2603,24262,319,162,157
13555,27987,3716,13522,2605,24271,319,162,157
13560,27994,3717,13525,2605,24277,319,162,157
13565,28007,3718,13531,2605,24288,319,162,157
13570,28018,3720,13536,2606,24298,319,162,157
13575,28025,3721,13539,2606,24304,319,162,157
13580,28038,3722,13543,2606,24315,319,162,157
13585,28049,3725,13552,2609,24324,319,162,157
13590,28056,3726,13556,2610,24330,319,162,157
13595,28069,3728,13561,2612,24341,319,162,157
13600,28080,3730,13564,2613,24350,319,162,157
13605,28087,3731,13566,2613,24356,319,162,157
13610,28100,3734,13573,2616,24365,320,163,157
13615,28111,3738,13577,2620,24373,320,163,157
13620,28118,3739,13579,2620,24379,320,163,157
13625,28131,3740,13583,2620,24391,321,164,157
13630,28142,3741,13588,2621,24401,321,164,157
13635,28149,3743,13592,2623,24406,321,164,157
13640,28162,3745,13598,2624,24417,322,164,158
13645,28173,3745,13602,2624,24428,322,164,158
13650,28180,3746,13604,2624,24434,322,164,158
13655,28193,3747,13615,2624,24446,323,165,158
13660,28204,3748,13621,2625,24456,323,165,158
13665,28211,3749,13624,2625,24462,323,165,158
13670,28224,3750,13627,2625,24474,324,166,158
13675,28235,3751,13634,2626,24484,324,166,158
13680,28242,3752,13638,2627,24490,324,166,158
13685,28255,3754,13645,2628,24500,325,167,158
13690,28266,3755,13647,2629,24511,325,167,158
13695,28273,3756,13650,2630,24517,325,167,158
13700,28286,3759,13660,2633,24527,326,168,158
13705,28297,3759,13665,2633,24538,326,168,158
13710,28304,3760,13669,2633,24544,326,168,158
13715,28317,3762,13674,2635,24555,327,168,159
13720,28328,3762,13677,2635,24566,327,168,159
13725,28335,3763,13679,2635,24572,327,168,159
13730,28348,3765,13682,2636,24583,328,168,160
13735,28359,3767,13687,2637,24591,328,168,160
13740,28366,3769,13688,2638,24597,328,168,160
13745,28379,3769,13695,2638,24608,328,168,160
13750,28390,3772,13700,2640,24618,328,168,160
13755,28397,3774,13700,2640,24623,328,168,160
13760,28410,3774,13707,2640,24636,328,168,160
13765,28421,3775,13711,2641,24646,328,168,160
13770,28428,3777,13715,2641,24651,328,168,160
13775,28441,3777,13722,2641,24664,328,168,160
13780,28452,3778,13727,2642,24674,328,168,160
13785,28459,3780,13732,2643,24679,328,168,160
13790,28472,3780,13739,2643,24692,328,168,160
13795,28483,3781,13744,2643,24702,328,168,160
13800,28490,3783,13746,2644,24707,328,168,160
13805,28503,3783,13753,2644,24719,328,168,160
13810,28514,3786,13760,2646,24727,328,168,160
13815,28521,3788,13765,2648,24733,328,168,160
13820,28534,3788,13772,2648,24746,328,168,160
13825,28545,3789,13778,2649,24756,328,168,160
13830,28552,3790,13780,2649,24762,328,168,160
13835,28565,3790,13786,2649,24775,328,168,160
13840,28576,3791,13790,2649,24785,328,168,160
13845,28583,3792,13792,2649,24791,328,168,160
13850,28596,3792,13797,2649,24804,329,169,160
13855,28607,3794,13804,2650,24812,329,169,160
13860,28614,3796,13809,2652,24818,329,169,160
13865,28627,3797,13815,2652,24830,329,169,160
13870,28638,3798,13819,2653,24840,329,169,160
13875,28645,3800,13820,2653,24845,329,169,160
13880,28658,3801,13824,2654,24857,329,169,160
13885,28669,3802,13830,2655,24867,329,169,160
13890,28676,3804,13831,2656,24872,329,169,160
13895,28689,3805,13840,2657,24884,329,169,160
13900,28700,3806,13845,2658,24894,329,169,160
13905,28707,3808,13848,2659,24899,329,169,160
13910,28720,3809,13856,2660,24910,329,169,160
13915,28731,3812,13864,2663,24919,329,169,160
13920,28738,3815,13868,2664,24923,329,169,160
13925,28751,3816,13874,2665,24935,329,169,160
13930,28762,3816,13880,2665,24946,329,169,160
13935,28769,3816,13883,2665,24953,329,169,160
13940,28782,3817,13889,2666,24965,329,169,160
13945,28793,3817,13896,2666,24976,329,169,160
13950,28800,3817,13901,2666,24983,329,169,160
13955,28813,3818,13904,2666,24995,329,169,160
13960,28824,3818,13909,2666,25006,329,169,160
13965,28831,3818,13914,2666,25013,329,169,160
13970,28844,3819,13917,2667,25025,330,169,161
13975,28855,3822,13922,2669,25032,330,169,161
13980,28862,3823,13925,2670,25039,330,169,161
13985,28875,3825,13934,2672,25050,330,169,161
13990,28886,3826,13937,2673,25060,330,169,161
13995,28893,3827,13939,2673,25066,330,169,161
14000,28906,3828,13943,2673,25078,330,169,161
14005,28917,3829,13949,2674,25088,330,169,161
14010,28924,3830,13952,2675,25094,330,169,161
14015,28937,3832,13959,2676,25105,330,169,161
14020,28948,3833,13964,2676,25115,330,169,161
14025,28955,3835,13969,2677,25120,330,169,161
14030,28968,3837,13976,2678,25131,330,169,161
14035,28979,3839,13977,2679,25140,330,169,161
14040,28986,3841,13980,2681,25145,330,169,161
14045,28999,3841,13986,2681,25158,330,169,161
14050,29010,3842,13989,2681,25168,330,169,161
14055,29017,3844,13990,2682,25173,330,169,161
14060,29030,3845,13994,2683,25185,330,169,161
14065,29041,3846,13996,2683,25195,330,169,161
14070,29048,3848,13999,2684,25200,330,169,161
14075,29061,3849,14009,2685,25212,330,169,161
14080,29072,3851,14014,2686,25221,330,169,161
14085,29079,3853,14017,2687,25226,330,169,161
14090,29092,3853,14022,2687,25239,331,170,161
14095,29103,3854,14027,2688,25249,331,170,161
14100,29110,3856,14032,2689,25254,331,170,161
14105,29123,3856,14040,2689,25267,331,170,161
14110,29134,3856,14048,2689,25277,331,170,161
14115,29141,3858,14049,2690,25283,331,170,161
14120,29154,3858,14054,2690,25296,331,170,161
14125,29165,3859,14061,2691,25305,331,170,161
14130,29172,3861,14064,2692,25311,331,170,161
14135,29185,3861,14072,2692,25324,331,170,161
14140,29196,3861,14076,2692,25335,331,170,161
14145,29203,3861,14080,2692,25342,331,170,161
14150,29216,3861,14090,2692,25355,331,170,161
14155,29227,3861,14097,2692,25366,331,170,161
14160,29234,3861,14101,2692,25373,331,170,161
14165,29247,3861,14108,2692,25386,331,170,161
14170,29258,3861,14113,2692,25397,331,170,161
14175,29265,3861,14117,2692,25404,331,170,161
14180,29278,3861,14125,2692,25417,331,170,161
14185,29289,3861,14130,2692,25428,331,170,161
14190,29296,3861,14133,2692,25435,331,170,161
14195,29309,3861,14138,2692,25448,331,170,161
14200,29320,3861,14142,2692,25459,331,170,161
14205,29327,3861,14146,2692,25466,331,170,161
14210,29340,3863,14150,2694,25476,332,170,162
14215,29351,3867,14155,2698,25484,332,170,162
14220,29358,3869,14158,2700,25489,332,170,162
14225,29371,3870,14165,2700,25501,332,170,162
14230,29382,3871,14169,2701,25510,332,170,162
14235,29389,3874,14172,2703,25515,332,170,162
14240,29402,3875,14177,2703,25527,332,170,162
14245,29413,3876,14181,2704,25537,332,170,162
14250,29420,3878,14185,2705,25542,332,170,162
14255,29433,3879,14192,2705,25554,332,170,162
14260,29444,3881,14200,2707,25563,332,170,162
14265,29451,3883,14203,2707,25568,332,170,162
14270,29464,3884,14212,2708,25580,332,170,162
14275,29475,3885,14216,2708,25590,332,170,162
14280,29482,3887,14220,2708,25595,332,170,162
14285,29495,3888,14226,2708,25607,332,170,162
14290,29506,3889,14232,2709,25617,332,170,162
14295,29513,3891,14236,2710,25622,332,170,162
14300,29526,3892,14247,2710,25634,332,170,162
14305,29537,3894,14255,2711,25643,332,170,162
14310,29544,3896,14257,2711,25648,332,170,162
14315,29557,3897,14264,2711,25660,332,170,162
14320,29568,3898,14268,2711,25670,332,170,162
14325,29575,3900,14271,2712,25675,332,170,162
14330,29588,3903,14277,2715,25684,333,171,162
14335,29599,3906,14282,2717,25693,333,171,162
14340,29606,3909,14285,2720,25697,333,171,162
14345,29619,3910,14291,2721,25709,334,171,163
14350,29630,3910,14297,2721,25720,334,171,163
14355,29637,3910,14301,2721,25727,334,171,163
14360,29650,3912,14308,2722,25738,335,171,164
14365,29661,3912,14316,2722,25749,335,171,164
14370,29668,3912,14322,2722,25756,335,171,164
14375,29681,3914,14329,2723,25767,336,171,165
14380,29692,3914,14332,2723,25778,336,171,165
14385,29699,3914,14337,2723,25785,336,171,165
14390,29712,3915,14343,2724,25797,337,171,166
14395,29723,3915,14347,2724,25808,337,171,166
14400,29730,3915,14350,2724,25815,337,171,166
14405,29743,3915,14358,2724,25828,338,172,166
14410,29754,3915,14362,2724,25839,338,172,166
14415,29761,3915,14368,2724,25846,338,172,166
14420,29774,3915,14375,2724,25859,339,172,167
14425,29785,3915,14383,2724,25870,339,172,167
14430,29792,3915,14387,2724,25877,339,172,167
14435,29805,3915,14395,2724,25890,340,173,167
14440,29816,3915,14398,2724,25901,340,173,167
14445,29823,3916,14401,2724,25907,340,173,167
14450,29836,3918,14410,2726,25918,341,174,167
14455,29847,3922,14418,2729,25924,341,174,167
14460,29854,3926,14420,2732,25928,341,174,167
14465,29867,3926,14424,2732,25941,341,174,167
14470,29878,3928,14429,2734,25950,341,174,167
14475,29885,3930,14430,2734,25955,341,174,167
14480,29898,3930,14440,2734,25968,341,174,167
14485,29909,3931,14444,2734,25978,341,174,167
14490,29916,3933,14448,2734,25983,341,174,167
14495,29929,3933,14455,2734,25996,341,174,167
14500,29940,3935,14459,2736,26005,341,174,167
14505,29947,3937,14462,2738,26010,341,174,167
14510,29960,3938,14471,2738,26022,341,174,167
14515,29971,3940,14475,2739,26031,341,174,167
14520,29978,3942,14480,2740,26036,341,174,167
14525,29991,3943,14487,2741,26048,341,174,167
14530,30002,3944,14493,2741,26058,341,174,167
14535,30009,3946,14497,2743,26063,341,174,167
14540,30022,3947,14505,2744,26075,341,174,167
14545,30033,3948,14512,2745,26085,341,174,167
14550,30040,3950,14516,2747,26090,341,174,167
14555,30053,3951,14517,2747,26102,341,174,167
14560,30064,3952,14525,2748,26112,341,174,167
14565,30071,3954,14528,2748,26117,341,174,167
14570,30084,3955,14531,2748,26128,341,174,167
14575,30095,3958,14538,2751,26137,341,174,167
14580,30102,3960,14543,2752,26142,341,174,167
14585,30115,3962,14551,2754,26153,341,174,167
14590,30126,3962,14553,2754,26164,341,174,167
14595,30133,3963,14557,2755,26170,341,174,167
14600,30146,3964,14562,2755,26182,341,174,167
14605,30157,3965,14566,2756,26192,341,174,167
14610,30164,3966,14567,2756,26198,341,174,167
14615,30177,3967,14574,2756,26210,341,174,167
14620,30188,3968,14580,2757,26220,341,174,167
14625,30195,3969,14583,2757,26226,341,174,167
14630,30208,3970,14591,2758,26238,341,174,167
14635,30219,3971,14593,2759,26248,341,174,167
14640,30226,3972,14595,2759,26254,341,174,167
14645,30239,3973,14603,2759,26266,341,174,167
14650,30250,3973,14607,2759,26277,341,174,167
14655,30257,3974,14612,2760,26283,341,174,167
14660,30270,3975,14616,2761,26295,341,174,167
14665,30281,3976,14621,2762,26305,341,174,167
14670,30288,3977,14625,2763,26311,341,174,167
14675,30301,3978,14631,2763,26323,341,174,167
14680,30312,3978,14635,2763,26334,341,174,167
14685,30319,3980,14638,2765,26339,341,174,167
14690,30332,3982,14645,2767,26347,342,175,167
14695,30343,3988,14651,2773,26354,342,175,167
14700,30350,3991,14653,2775,26359,342,175,167
14705,30363,3992,14660,2775,26370,342,175,167
14710,30374,3994,14664,2777,26380,342,175,167
14715,30381,3995,14667,2777,26386,342,175,167
14720,30394,3996,14674,2778,26397,342,175,167
14725,30405,3998,14679,2780,26407,342,175,167
14730,30412,3999,14684,2781,26413,342,175,167
14735,30425,4000,14691,2781,26425,342,175,167
14740,30436,4001,14698,2782,26435,342,175,167
14745,30443,4002,14700,2782,26441,342,175,167
14750,30456,4003,14706,2782,26452,342,175,167
14755,30467,4005,14708,2783,26462,342,175,167
14760,30474,4006,14711,2783,26468,342,175,167
14765,30487,4007,14719,2784,26479,342,175,167
14770,30498,4010,14724,2787,26488,342,175,167
14775,30505,4011,14728,2788,26494,342,175,167
14780,30518,4012,14731,2788,26506,342,175,167
14785,30529,4014,14740,2790,26515,342,175,167
14790,30536,4015,14744,2790,26521,342,175,167
14795,30549,4016,14747,2790,26533,342,175,167
14800,30560,4017,14753,2790,26543,342,175,167
14805,30567,4018,14756,2790,26549,342,175,167
14810,30580,4022,14767,2794,26556,343,176,167
14815,30591,4029,14775,2800,26561,343,176,167
14820,30598,4032,14780,2803,26564,343,176,167
14825,30611,4033,14787,2804,26578,344,177,167
14830,30622,4033,14793,2804,26589,344,177,167
14835,30629,4034,14796,2804,26595,344,177,167
14840,30642,4034,14804,2804,26608,345,178,167
14845,30653,4034,14809,2804,26619,345,178,167
14850,30660,4035,14813,2805,26625,345,178,167
14855,30673,4035,14822,2805,26638,346,179,167
14860,30684,4035,14829,2805,26649,346,179,167
14865,30691,4036,14832,2805,26655,346,179,167
14870,30704,4036,14840,2805,26668,347,179,168
14875,30715,4036,14843,2805,26679,347,179,168
14880,30722,4037,14844,2805,26685,347,179,168
14885,30735,4039,14849,2807,26696,348,180,168
14890,30746,4039,14851,2807,26707,348,180,168
14895,30753,4040,14854,2807,26713,348,180,168
14900,30766,4043,14864,2809,26723,349,181,168
14905,30777,4043,14870,2809,26734,349,181,168
14910,30784,4044,14873,2810,26740,349,181,168
14915,30797,4044,14882,2810,26753,350,181,169
14920,30808,4044,14887,2810,26764,350,181,169
14925,30815,4046,14890,2812,26769,350,181,169
14930,30828,4047,14898,2813,26779,351,181,170
14935,30839,4051,14902,2816,26788,351,181,170
14940,30846,4054,14906,2819,26792,351,181,170
14945,30859,4054,14911,2819,26805,351,181,170
14950,30870,4056,14916,2820,26814,351,181,170
14955,30877,4058,14918,2820,26819,351,181,170
14960,30890,4058,14924,2820,26832,351,181,170
14965,30901,4059,14929,2820,26842,351,181,170
14970,30908,4061,14933,2821,26847,351,181,170
14975,30921,4061,14942,2821,26860,351,181,170
14980,30932,4062,14947,2821,26870,351,181,170
14985,30939,4064,14951,2822,26875,351,181,170
14990,30952,4064,14955,2822,26888,351,181,170
14995,30963,4066,14961,2824,26897,351,181,170
15000,30970,4068,14963,2826,26902,351,181,170
15005,30983,4068,14971,2826,26915,351,181,170
15010,30994,4070,14979,2827,26924,351,181,170
15015,31001,4072,14984,2829,26929,351,181,170
15020,31014,4073,14991,2829,26941,351,181,170
15025,31025,4075,14998,2831,26950,351,181,170
15030,31032,4077,15001,2832,26955,351,181,170
15035,31045,4078,15006,2832,26967,351,181,170
15040,31056,4079,15010,2833,26977,351,181,170
15045,31063,4081,15014,2834,26982,351,181,170
15050,31076,4084,15019,2837,26992,352,182,170
15055,31087,4086,15025,2839,27000,352,182,170
15060,31094,4089,15028,2841,27005,352,182,170
15065,31107,4091,15033,2842,27015,352,182,170
15070,31118,4094,15038,2844,27024,352,182,170
15075,31125,4094,15042,2844,27031,352,182,170
15080,31138,4095,15047,2844,27043,352,182,170
15085,31149,4095,15052,2844,27054,352,182,170
15090,31156,4095,15056,2844,27061,352,182,170
15095,31169,4096,15059,2844,27073,352,182,170
15100,31180,4096,15063,2844,27084,352,182,170
15105,31187,4096,15064,2844,27091,352,182,170
15110,31200,4097,15069,2844,27103,352,182,170
15115,31211,4097,15073,2844,27114,352,182,170
15120,31218,4097,15074,2844,27121,352,182,170
15125,31231,4099,15077,2845,27132,352,182,170
15130,31242,4099,15084,2845,27143,352,182,170
15135,31249,4099,15089,2845,27150,352,182,170
15140,31262,4101,15096,2846,27161,352,182,170
15145,31273,4101,15102,2846,27172,352,182,170
15150,31280,4101,15107,2846,27179,352,182,170
15155,31293,4103,15116,2847,27190,352,182,170
15160,31304,4104,15120,2848,27200,352,182,170
15165,31311,4106,15124,2849,27205,352,182,170
15170,31324,4108,15129,2850,27216,353,183,170
15175,31335,4109,15135,2851,27225,353,183,170
15180,31342,4114,15139,2855,27227,353,183,170
15185,31355,4115,15144,2856,27239,354,183,171
15190,31366,4117,15149,2858,27249,354,183,171
15195,31373,4119,15152,2859,27254,354,183,171
15200,31386,4119,15156,2859,27267,355,183,172
15205,31397,4120,15163,2860,27277,355,183,172
15210,31404,4122,15167,2861,27282,355,183,172
15215,31417,4122,15172,2861,27295,356,183,173
15220,31428,4123,15175,2861,27305,356,183,173
15225,31435,4125,15178,2861,27310,356,183,173
15230,31448,4125,15185,2861,27322,357,184,173
15235,31459,4127,15188,2862,27332,357,184,173
15240,31466,4129,15195,2864,27337,357,184,173
15245,31479,4129,15205,2864,27349,357,184,173
15250,31490,4131,15208,2866,27359,357,184,173
15255,31497,4132,15210,2866,27365,357,184,173
15260,31510,4132,15216,2866,27378,357,184,173
15265,31521,4134,15222,2868,27387,357,184,173
15270,31528,4135,15226,2869,27393,357,184,173
15275,31541,4135,15231,2869,27405,357,184,173
15280,31552,4137,15236,2870,27415,357,184,173
15285,31559,4138,15238,2871,27421,357,184,173
15290,31572,4139,15244,2872,27432,358,184,174
15295,31583,4142,15248,2874,27441,358,184,174
15300,31590,4143,15250,2874,27447,358,184,174
15305,31603,4143,15261,2874,27460,358,184,174
15310,31614,4143,15266,2874,27471,358,184,174
15315,31621,4144,15269,2875,27477,358,184,174
15320,31634,4144,15273,2875,27490,358,184,174
15325,31645,4144,15277,2875,27501,358,184,174
15330,31652,4145,15279,2876,27507,358,184,174
15335,31665,4145,15286,2876,27520,358,184,174
15340,31676,4146,15292,2877,27530,358,184,174
15345,31683,4148,15296,2878,27535,358,184,174
15350,31696,4150,15300,2879,27546,359,184,175
15355,31707,4151,15303,2880,27556,359,184,175
15360,31714,4153,15309,2881,27561,359,184,175
15365,31727,4155,15319,2883,27572,360,185,175
15370,31738,4157,15325,2885,27581,360,185,175
15375,31745,4158,15330,2886,27587,360,185,175
15380,31758,4160,15335,2887,27598,361,186,175
15385,31769,4163,15342,2889,27605,361,186,175
15390,31776,4165,15346,2891,27611,361,186,175
15395,31789,4166,15351,2892,27623,362,187,175
15400,31800,4167,15354,2892,27632,362,187,175
15405,31807,4169,15356,2893,27638,362,187,175
15410,31820,4172,15361,2895,27648,363,187,176
15415,31831,4175,15369,2898,27656,363,187,176
15420,31838,4176,15372,2898,27662,363,187,176
15425,31851,4176,15379,2898,27674,363,187,176
15430,31862,4177,15381,2899,27685,363,187,176
15435,31869,4179,15383,2899,27690,363,187,176
15440,31882,4179,15390,2899,27703,363,187,176
15445,31893,4179,15396,2899,27713,363,187,176
15450,31900,4182,15400,2902,27718,363,187,176
15455,31913,4183,15408,2903,27729,363,187,176
15460,31924,4184,15412,2904,27740,363,187,176
15465,31931,4186,15416,2905,27745,363,187,176
15470,31944,4186,15422,2905,27757,363,187,176
15475,31955,4189,15430,2908,27765,363,187,176
15480,31962,4192,15433,2909,27770,363,187,176
15485,31975,4194,15441,2910,27780,364,187,177
15490,31986,4196,15445,2911,27790,364,187,177
15495,31993,4197,15449,2912,27796,364,187,177
15500,32006,4199,15456,2914,27807,365,187,178
15505,32017,4200,15458,2914,27817,365,187,178
15510,32024,4201,15462,2914,27823,365,187,178
15515,32037,4204,15469,2916,27832,366,187,179
15520,32048,4206,15476,2918,27842,366,187,179
15525,32055,4207,15479,2919,27848,366,187,179
15530,32068,4209,15487,2920,27858,367,187,180
15535,32079,4213,15495,2924,27865,367,187,180
15540,32086,4215,15497,2926,27871,367,187,180
15545,32099,4218,15502,2929,27881,368,187,181
15550,32110,4218,15509,2929,27892,368,187,181
15555,32117,4218,15511,2929,27899,368,187,181
15560,32130,4220,15514,2930,27909,369,187,182
15565,32141,4221,15519,2931,27920,369,187,182
15570,32148,4221,15526,2931,27927,369,187,182
15575,32161,4221,15531,2931,27940,370,187,183
15580,32172,4221,15536,2931,27951,370,187,183
15585,32179,4222,15539,2931,27957,370,187,183
15590,32192,4222,15543,2931,27970,371,187,184
15595,32203,4222,15550,2931,27980,371,187,184
15600,32210,4224,15553,2932,27986,371,187,184
15605,32223,4224,15561,2932,27999,372,188,184
15610,32234,4224,15564,2932,28009,372,188,184
15615,32241,4226,15567,2934,28015,372,188,184
15620,32254,4226,15576,2934,28028,373,188,185
15625,32265,4226,15582,2934,28039,373,188,185
15630,32272,4227,15586,2935,28045,373,188,185
15635,32285,4227,15595,2935,28058,374,189,185
15640,32296,4227,15599,2935,28069,374,189,185
15645,32303,4229,15603,2935,28074,374,189,185
15650,32316,4230,15608,2936,28086,375,190,185
15655,32327,4231,15612,2936,28096,375,190,185
15660,32334,4233,15614,2936,28101,375,190,185
15665,32347,4234,15619,2937,28113,375,190,185
15670,32358,4235,15624,2938,28123,375,190,185
15675,32365,4237,15626,2938,28128,375,190,185
15680,32378,4238,15633,2938,28138,375,190,185
15685,32389,4241,15637,2940,28148,375,190,185
15690,32396,4243,15642,2942,28153,375,190,185
15695,32409,4244,15651,2942,28164,375,190,185
15700,32420,4246,15657,2943,28174,375,190,185
15705,32427,4248,15662,2945,28179,375,190,185
15710,32440,4249,15668,2945,28189,375,190,185
15715,32451,4253,15673,2948,28198,375,190,185
15720,32458,4256,15677,2950,28202,375,190,185
15725,32471,4257,15685,2950,28214,375,190,185
15730,32482,4259,15693,2952,28222,375,190,185
15735,32489,4261,15695,2953,28228,375,190,185
15740,32502,4262,15704,2954,28240,375,190,185
15745,32513,4263,15711,2954,28250,375,190,185
15750,32520,4264,15716,2955,28256,375,190,185
15755,32533,4265,15726,2955,28268,375,190,185
15760,32544,4267,15731,2956,28277,375,190,185
15765,32551,4268,15736,2957,28283,375,190,185
15770,32564,4270,15743,2959,28294,375,190,185
15775,32575,4272,15746,2961,28303,375,190,185
15780,32582,4273,15746,2961,28309,375,190,185
15785,32595,4275,15750,2962,28320,376,190,186
15790,32606,4276,15755,2963,28330,376,190,186
15795,32613,4277,15757,2963,28336,376,190,186
15800,32626,4279,15764,2964,28347,377,190,187
15805,32637,4280,15768,2965,28357,377,190,187
15810,32644,4281,15772,2965,28363,377,190,187
15815,32657,4282,15776,2966,28375,378,191,187
15820,32668,4283,15782,2967,28385,378,191,187
15825,32675,4285,15785,2968,28390,378,191,187
15830,32688,4287,15791,2969,28401,379,192,187
15835,32699,4288,15794,2970,28411,379,192,187
15840,32706,4291,15796,2972,28415,379,192,187
15845,32719,4292,15801,2972,28427,380,193,187
15850,32730,4292,15809,2972,28438,380,193,187
15855,32737,4293,15812,2973,28444,380,193,187
15860,32750,4294,15815,2973,28456,381,193,188
15865,32761,4294,15821,2973,28467,381,193,188
15870,32768,4295,15825,2974,28473,381,193,188
15875,32781,4296,15832,2975,28485,382,193,189
15880,32792,4297,15836,2976,28495,382,193,189
15885,32799,4298,15841,2977,28501,382,193,189
15890,32812,4300,15849,2978,28511,383,194,189
15895,32823,4303,15854,2981,28519,383,194,189
15900,32830,4305,15859,2983,28525,383,194,189
15905,32843,4306,15867,2984,28537,383,194,189
15910,32854,4307,15871,2984,28547,383,194,189
15915,32861,4307,15874,2984,28554,383,194,189
15920,32874,4308,15881,2984,28566,383,194,189
15925,32885,4309,15886,2984,28576,383,194,189
15930,32892,4309,15891,2984,28583,383,194,189
15935,32905,4310,15895,2985,28595,383,194,189
15940,32916,4311,15898,2985,28605,383,194,189
15945,32923,4311,15901,2985,28612,383,194,189
15950,32936,4312,15907,2985,28624,383,194,189
15955,32947,4313,15913,2986,28634,383,194,189
15960,32954,4316,15919,2989,28638,383,194,189
15965,32967,4317,15924,2989,28650,383,194,189
15970,32978,4319,15933,2990,28658,383,194,189
15975,32985,4321,15938,2992,28664,383,194,189
15980,32998,4322,15944,2992,28676,383,194,189
15985,33009,4323,15949,2992,28686,383,194,189
15990,33016,4324,15950,2992,28692,383,194,189
15995,33029,4325,15954,2992,28704,383,194,189
16000,33040,4326,15959,2992,28714,383,194,189
16005,33047,4328,15963,2993,28719,383,194,189
16010,33060,4330,15972,2995,28729,384,195,189
16015,33071,4334,15977,2998,28737,384,195,189
16020,33078,4336,15980,2998,28742,384,195,189
16025,33091,4337,15986,2998,28754,384,195,189
16030,33102,4338,15991,2999,28764,384,195,189
16035,33109,4340,15996,3001,28769,384,195,189
16040,33122,4342,16002,3003,28780,385,195,190
16045,33133,4343,16007,3004,28790,385,195,190
16050,33140,4345,16011,3005,28795,385,195,190
16055,33153,4347,16017,3007,28806,386,195,191
16060,33164,4347,16021,3007,28817,386,195,191
16065,33171,4349,16025,3009,28822,386,195,191
16070,33184,4350,16027,3009,28834,387,196,191
16075,33195,4351,16034,3010,28844,387,196,191
16080,33202,4354,16039,3013,28848,387,196,191
16085,33215,4354,16043,3013,28861,387,196,191
16090,33226,4355,16049,3014,28871,387,196,191
16095,33233,4357,16053,3015,28876,387,196,191
16100,33246,4357,16061,3015,28889,387,196,191
16105,33257,4357,16063,3015,28900,387,196,191
16110,33264,4360,16065,3017,28904,387,196,191
16115,33277,4360,16071,3017,28917,387,196,191
16120,33288,4360,16079,3017,28928,387,196,191
16125,33295,4362,16081,3018,28933,387,196,191
16130,33308,4362,16088,3018,28943,388,196,192
16135,33319,4367,16094,3023,28951,388,196,192
16140,33326,4370,16097,3025,28956,388,196,192
16145,33339,4372,16103,3027,28967,389,196,193
16150,33350,4373,16111,3027,28977,389,196,193
16155,33357,4375,16114,3027,28982,389,196,193
16160,33370,4376,16119,3027,28994,390,196,194
16165,33381,4377,16124,3027,29004,390,196,194
16170,33388,4379,16129,3029,29009,390,196,194
16175,33401,4381,16135,3030,29020,391,196,195
16180,33412,4382,16143,3031,29030,391,196,195
16185,33419,4384,16147,3032,29035,391,196,195
16190,33432,4386,16154,3034,29046,392,196,196
16195,33443,4387,16159,3034,29056,392,196,196
16200,33450,4389,16164,3035,29061,392,196,196
16205,33463,4389,16173,3035,29074,392,196,196
16210,33474,4391,16183,3037,29082,392,196,196
16215,33481,4393,16186,3038,29088,392,196,196
16220,33494,4393,16194,3038,29101,392,196,196
16225,33505,4394,16198,3038,29111,392,196,196
16230,33512,4395,16202,3039,29117,392,196,196
16235,33525,4395,16210,3039,29130,392,196,196
16240,33536,4397,16218,3041,29139,392,196,196
16245,33543,4398,16221,3041,29145,392,196,196
16250,33556,4398,16224,3041,29158,393,197,196
16255,33567,4399,16229,3041,29168,393,197,196
16260,33574,4400,16234,3041,29174,393,197,196
16265,33587,4402,16239,3042,29185,393,197,196
16270,33598,4403,16246,3042,29195,393,197,196
16275,33605,4403,16250,3042,29202,393,197,196
16280,33618,4404,16257,3043,29214,393,197,196
16285,33629,4405,16262,3043,29224,393,197,196
16290,33636,4405,16264,3043,29231,393,197,196
16295,33649,4407,16271,3045,29242,393,197,196
16300,33660,4409,16277,3046,29251,393,197,196
16305,33667,4410,16280,3046,29257,393,197,196
16310,33680,4411,16286,3046,29268,394,198,196
16315,33691,4415,16293,3050,29276,394,198,196
16320,33698,4416,16297,3050,29282,394,198,196
16325,33711,4418,16302,3052,29293,395,198,197
16330,33722,4419,16308,3053,29303,395,198,197
16335,33729,4420,16310,3054,29309,395,198,197
16340,33742,4420,16317,3054,29322,396,199,197
16345,33753,4421,16323,3055,29332,396,199,197
16350,33760,4422,16326,3055,29338,396,199,197
16355,33773,4424,16333,3057,29349,397,200,197
16360,33784,4425,16337,3058,29359,397,200,197
16365,33791,4428,16339,3059,29363,397,200,197
16370,33804,4430,16347,3061,29373,398,200,198
16375,33815,4434,16353,3065,29380,398,200,198
16380,33822,4439,16358,3068,29383,398,200,198
16385,33835,4440,16363,3069,29395,398,200,198
16390,33846,4440,16370,3069,29406,398,200,198
16395,33853,4441,16374,3069,29412,398,200,198
16400,33866,4441,16382,3069,29425,398,200,198
16405,33877,4442,16387,3070,29435,398,200,198
16410,33884,4443,16390,3071,29441,398,200,198
16415,33897,4444,16395,3072,29453,398,200,198
16420,33908,4444,16398,3072,29464,398,200,198
16425,33915,4445,16403,3073,29470,398,200,198
16430,33928,4448,16410,3076,29479,398,200,198
16435,33939,4450,16416,3078,29489,398,200,198
16440,33946,4451,16419,3078,29495,398,200,198
16445,33959,4454,16427,3081,29505,398,200,198
16450,33970,4454,16433,3081,29516,398,200,198
16455,33977,4454,16435,3081,29523,398,200,198
16460,33990,4456,16440,3082,29534,398,200,198
16465,34001,4456,16447,3082,29545,398,200,198
16470,34008,4456,16450,3082,29552,398,200,198
16475,34021,4458,16456,3083,29563,398,200,198
16480,34032,4458,16459,3083,29574,398,200,198
16485,34039,4458,16462,3083,29581,398,200,198
16490,34052,4461,16467,3086,29591,398,200,198
16495,34063,4465,16472,3089,29597,398,200,198
16500,34070,4468,16478,3092,29602,398,200,198
16505,34083,4469,16481,3093,29613,398,200,198
16510,34094,4471,16484,3095,29623,398,200,198
16515,34101,4472,16491,3096,29629,398,200,198
16520,34114,4472,16498,3096,29641,398,200,198
16525,34125,4474,16503,3098,29651,398,200,198
16530,34132,4475,16507,3098,29657,398,200,198
16535,34145,4475,16517,3098,29667,398,200,198
16540,34156,4479,16525,3101,29677,398,200,198
16545,34163,4481,16527,3101,29682,398,200,198
16550,34176,4481,16534,3101,29694,398,200,198
16555,34187,4483,16541,3103,29704,398,200,198
16560,34194,4485,16544,3103,29709,398,200,198
16565,34207,4485,16550,3103,29722,398,200,198
16570,34218,4486,16556,3104,29732,398,200,198
16575,34225,4488,16560,3105,29737,398,200,198
16580,34238,4489,16569,3106,29749,398,200,198
16585,34249,4490,16574,3106,29759,398,200,198
16590,34256,4492,16578,3106,29764,398,200,198
16595,34269,4493,16587,3107,29776,398,200,198
16600,34280,4494,16591,3107,29786,398,200,198
16605,34287,4496,16595,3109,29791,398,200,198
16610,34300,4496,16600,3109,29804,399,201,198
16615,34311,4499,16605,3112,29812,399,201,198
16620,34318,4501,16607,3114,29817,399,201,198
16625,34331,4502,16612,3114,29829,400,201,199
16630,34342,4503,16618,3115,29839,400,201,199
16635,34349,4504,16623,3115,29845,400,201,199
16640,34362,4505,16628,3116,29857,401,202,199
16645,34373,4507,16633,3118,29866,401,202,199
16650,34380,4508,16636,3118,29872,401,202,199
16655,34393,4510,16644,3120,29883,402,203,199
16660,34404,4512,16648,3122,29892,402,203,199
16665,34411,4513,16651,3123,29898,402,203,199
16670,34424,4515,16659,3125,29909,403,204,199
16675,34435,4517,16666,3127,29918,403,204,199
16680,34442,4518,16671,3128,29924,403,204,199
16685,34455,4519,16677,3128,29936,404,204,200
16690,34466,4521,16682,3129,29945,404,204,200
16695,34473,4522,16685,3130,29951,404,204,200
16700,34486,4524,16693,3131,29962,405,205,200
16705,34497,4525,16700,3132,29972,405,205,200
16710,34504,4526,16701,3132,29978,405,205,200
16715,34517,4527,16708,3133,29990,406,206,200
16720,34528,4529,16713,3135,29999,406,206,200
16725,34535,4531,16718,3137,30004,406,206,200
16730,34548,4533,16725,3139,30014,407,207,200
16735,34559,4536,16729,3141,30022,407,207,200
16740,34566,4541,16732,3144,30025,407,207,200
16745,34579,4541,16737,3144,30038,407,207,200
16750,34590,4541,16743,3144,30049,407,207,200
16755,34597,4542,16745,3144,30055,407,207,200
16760,34610,4542,16749,3144,30068,407,207,200
16765,34621,4542,16755,3144,30079,407,207,200
16770,34628,4543,16758,3144,30085,407,207,200
16775,34641,4543,16763,3144,30098,407,207,200
16780,34652,4543,16771,3144,30109,407,207,200
16785,34659,4544,16776,3145,30115,407,207,200
16790,34672,4544,16783,3145,30128,407,207,200
16795,34683,4544,16786,3145,30139,407,207,200
16800,34690,4545,16790,3146,30145,407,207,200
16805,34703,4545,16795,3146,30158,407,207,200
16810,34714,4545,16801,3146,30169,407,207,200
16815,34721,4546,16803,3146,30175,407,207,200
16820,34734,4546,16811,3146,30188,407,207,200
16825,34745,4546,16813,3146,30199,407,207,200
16830,34752,4547,16817,3147,30205,407,207,200
16835,34765,4547,16822,3147,30218,407,207,200
16840,34776,4547,16829,3147,30229,407,207,200
16845,34783,4549,16830,3147,30234,407,207,200
16850,34796,4550,16835,3148,30244,408,208,200
16855,34807,4555,16840,3153,30251,408,208,200
16860,34814,4559,16845,3156,30255,408,208,200
16865,34827,4560,16852,3157,30267,408,208,200
16870,34838,4560,16859,3157,30278,408,208,200
16875,34845,4562,16865,3159,30283,408,208,200
16880,34858,4563,16871,3159,30294,408,208,200
16885,34869,4564,16877,3160,30304,408,208,200
16890,34876,4567,16878,3161,30309,408,208,200
16895,34889,4568,16881,3161,30321,408,208,200
16900,34900,4568,16886,3161,30331,408,208,200
16905,34907,4571,16890,3163,30336,408,208,200
16910,34920,4572,16894,3164,30348,408,208,200
16915,34931,4572,16901,3164,30358,408,208,200
16920,34938,4575,16904,3166,30363,408,208,200
16925,34951,4576,16910,3167,30375,408,208,200
16930,34962,4576,16916,3167,30386,408,208,200
16935,34969,4578,16919,3168,30391,408,208,200
16940,34982,4579,16923,3168,30402,408,208,200
16945,34993,4580,16929,3169,30413,408,208,200
16950,35000,4582,16931,3170,30418,408,208,200
16955,35013,4583,16937,3171,30430,408,208,200
16960,35024,4583,16944,3171,30440,408,208,200
16965,35031,4586,16946,3172,30445,408,208,200
16970,35044,4589,16953,3174,30454,409,209,200
16975,35055,4592,16955,3176,30463,409,209,200
16980,35062,4594,16959,3177,30468,409,209,200
16985,35075,4595,16970,3178,30480,409,209,200
16990,35086,4597,16978,3180,30489,409,209,200
16995,35093,4597,16979,3180,30496,409,209,200
17000,35106,4597,16987,3180,30509,409,209,200
17005,35117,4598,16990,3180,30519,409,209,200
17010,35124,4598,16992,3180,30526,409,209,200
17015,35137,4598,16997,3180,30539,409,209,200
17020,35148,4599,17003,3180,30549,409,209,200
17025,35155,4599,17006,3180,30556,409,209,200
17030,35168,4599,17015,3180,30569,409,209,200
17035,35179,4600,17022,3181,30579,409,209,200
17040,35186,4600,17026,3181,30586,409,209,200
17045,35199,4600,17033,3181,30599,409,209,200
17050,35210,4601,17038,3182,30609,409,209,200
17055,35217,4602,17041,3183,30615,409,209,200
17060,35230,4602,17047,3183,30628,409,209,200
17065,35241,4604,17051,3184,30637,409,209,200
17070,35248,4605,17056,3185,30643,409,209,200
17075,35261,4605,17062,3185,30656,409,209,200
17080,35272,4607,17068,3186,30665,409,209,200
17085,35279,4608,17069,3186,30671,409,209,200
17090,35292,4610,17075,3187,30679,410,209,201
17095,35303,4614,17079,3190,30688,410,209,201
17100,35310,4618,17082,3192,30692,410,209,201
17105,35323,4619,17090,3193,30704,410,209,201
17110,35334,4619,17094,3193,30715,410,209,201
17115,35341,4621,17098,3194,30720,410,209,201
17120,35354,4622,17098,3194,30732,410,209,201
17125,35365,4622,17105,3194,30743,410,209,201
17130,35372,4624,17111,3196,30748,410,209,201
17135,35385,4625,17117,3196,30760,410,209,201
17140,35396,4625,17123,3196,30771,410,209,201
17145,35403,4627,17127,3197,30776,410,209,201
17150,35416,4628,17133,3198,30788,410,209,201
17155,35427,4628,17139,3198,30799,410,209,201
17160,35434,4630,17141,3198,30804,410,209,201
17165,35447,4631,17146,3199,30816,410,209,201
17170,35458,4631,17152,3199,30827,410,209,201
17175,35465,4633,17154,3200,30832,410,209,201
17180,35478,4634,17164,3201,30844,410,209,201
17185,35489,4634,17168,3201,30855,410,209,201
17190,35496,4636,17170,3202,30860,410,209,201
17195,35509,4637,17181,3203,30872,410,209,201
17200,35520,4637,17186,3203,30883,410,209,201
17205,35527,4639,17187,3204,30888,410,209,201
17210,35540,4642,17195,3207,30897,411,210,201
17215,35551,4645,17200,3209,30904,411,210,201
17220,35558,4649,17202,3211,30909,411,210,201
17225,35571,4649,17209,3211,30922,411,210,201
17230,35582,4650,17214,3212,30932,411,210,201
17235,35589,4651,17217,3212,30938,411,210,201
17240,35602,4651,17226,3212,30951,411,210,201
17245,35613,4653,17230,3214,30960,411,210,201
17250,35620,4654,17236,3215,30966,411,210,201
17255,35633,4654,17240,3215,30979,411,210,201
17260,35644,4656,17245,3216,30988,411,210,201
17265,35651,4657,17247,3216,30994,411,210,201
17270,35664,4657,17255,3216,31007,411,210,201
17275,35675,4658,17260,3216,31017,411,210,201
17280,35682,4659,17262,3216,31023,411,210,201
17285,35695,4659,17268,3216,31036,411,210,201
17290,35706,4660,17272,3217,31046,411,210,201
17295,35713,4661,17275,3218,31052,411,210,201
17300,35726,4661,17280,3218,31065,411,210,201
17305,35737,4662,17287,3219,31075,411,210,201
17310,35744,4663,17292,3220,31081,411,210,201
17315,35757,4663,17300,3220,31094,411,210,201
17320,35768,4664,17303,3220,31104,411,210,201
17325,35775,4665,17306,3221,31110,411,210,201
17330,35788,4669,17316,3225,31117,412,211,201
17335,35799,4675,17324,3230,31122,412,211,201
17340,35806,4679,17326,3232,31127,412,211,201
17345,35819,4680,17328,3232,31139,412,211,201
17350,35830,4680,17335,3232,31150,412,211,201
17355,35837,4681,17339,3232,31156,412,211,201
17360,35850,4681,17344,3232,31169,412,211,201
17365,35861,4682,17351,3233,31179,412,211,201
17370,35868,4683,17355,3233,31185,412,211,201
17375,35881,4683,17362,3233,31198,412,211,201
17380,35892,4684,17369,3234,31208,412,211,201
17385,35899,4685,17373,3235,31214,412,211,201
17390,35912,4685,17379,3235,31227,412,211,201
17395,35923,4685,17382,3235,31238,412,211,201
17400,35930,4686,17385,3235,31244,412,211,201
17405,35943,4686,17394,3235,31257,412,211,201
17410,35954,4686,17401,3235,31268,412,211,201
17415,35961,4687,17405,3235,31274,412,211,201
17420,35974,4687,17412,3235,31287,412,211,201
17425,35985,4688,17418,3236,31297,412,211,201
17430,35992,4689,17422,3237,31303,412,211,201
17435,36005,4689,17430,3237,31316,412,211,201
17440,36016,4690,17435,3238,31326,412,211,201
17445,36023,4692,17436,3238,31331,412,211,201
17450,36036,4694,17442,3240,31341,413,212,201
17455,36047,4699,17448,3245,31348,413,212,201
17460,36054,4702,17452,3247,31352,413,212,201
17465,36067,4703,17460,3248,31364,413,212,201
17470,36078,4703,17466,3248,31374,413,212,201
17475,36085,4706,17471,3250,31379,413,212,201
17480,36098,4707,17478,3250,31391,413,212,201
17485,36109,4707,17485,3250,31401,413,212,201
17490,36116,4710,17488,3251,31406,413,212,201
17495,36129,4711,17495,3252,31418,413,212,201
17500,36140,4711,17502,3252,31428,413,212,201
17505,36147,4714,17506,3254,31433,413,212,201
17510,36160,4715,17513,3254,31445,413,212,201
17515,36171,4715,17516,3254,31456,413,212,201
17520,36178,4717,17517,3254,31461,413,212,201
17525,36191,4718,17521,3254,31473,413,212,201
17530,36202,4718,17527,3254,31484,413,212,201
17535,36209,4720,17532,3256,31489,413,212,201
17540,36222,4721,17540,3257,31501,413,212,201
17545,36233,4721,17546,3257,31511,413,212,201
17550,36240,4724,17550,3259,31516,413,212,201
17555,36253,4725,17556,3260,31528,413,212,201
17560,36264,4725,17562,3260,31538,413,212,201
17565,36271,4728,17567,3263,31543,413,212,201
17570,36284,4732,17576,3266,31550,414,213,201
17575,36295,4737,17581,3270,31557,414,213,201
17580,36302,4741,17584,3274,31561,414,213,201
17585,36315,4742,17590,3275,31573,414,213,201
17590,36326,4742,17594,3275,31584,414,213,201
17595,36333,4742,17598,3275,31591,414,213,201
17600,36346,4743,17601,3276,31603,414,213,201
17605,36357,4743,17606,3276,31614,414,213,201
17610,36364,4743,17609,3276,31621,414,213,201
17615,36377,4744,17617,3276,31633,414,213,201
17620,36388,4744,17624,3276,31644,414,213,201
17625,36395,4744,17628,3276,31651,414,213,201
17630,36408,4745,17633,3276,31663,414,213,201
17635,36419,4745,17639,3276,31674,414,213,201
17640,36426,4745,17643,3276,31681,414,213,201
17645,36439,4746,17649,3277,31693,414,213,201
17650,36450,4746,17651,3277,31704,414,213,201
17655,36457,4747,17653,3278,31710,414,213,201
17660,36470,4748,17660,3278,31722,414,213,201
17665,36481,4749,17663,3279,31732,414,213,201
17670,36488,4750,17667,3280,31738,414,213,201
17675,36501,4751,17674,3281,31750,414,213,201
17680,36512,4752,17678,3282,31760,414,213,201
17685,36519,4754,17684,3284,31765,414,213,201
17690,36532,4757,17690,3286,31775,415,213,202
17695,36543,4760,17695,3288,31783,415,213,202
17700,36550,4762,17697,3289,31788,415,213,202
17705,36563,4762,17702,3289,31801,415,213,202
17710,36574,4762,17707,3289,31812,415,213,202
17715,36581,4763,17710,3290,31818,415,213,202
17720,36594,4763,17716,3290,31831,415,213,202
17725,36605,4764,17722,3291,31841,415,213,202
17730,36612,4765,17726,3292,31847,415,213,202
17735,36625,4765,17729,3292,31860,415,213,202
17740,36636,4765,17732,3292,31871,415,213,202
17745,36643,4766,17735,3293,31877,415,213,202
17750,36656,4766,17742,3293,31890,415,213,202
17755,36667,4767,17748,3294,31900,415,213,202
17760,36674,4768,17750,3295,31906,415,213,202
17765,36687,4768,17756,3295,31919,415,213,202
17770,36698,4768,17763,3295,31930,415,213,202
17775,36705,4769,17766,3295,31936,415,213,202
17780,36718,4769,17770,3295,31949,415,213,202
17785,36729,4769,17774,3295,31960,415,213,202
17790,36736,4770,17778,3295,31966,415,213,202
17795,36749,4770,17785,3295,31979,415,213,202
17800,36760,4770,17790,3295,31990,415,213,202
17805,36767,4772,17793,3296,31995,415,213,202
17810,36780,4775,17799,3298,32002,416,213,203
17815,36791,4783,17807,3305,32007,416,213,203
17820,36798,4787,17810,3307,32011,416,213,203
17825,36811,4789,17817,3309,32021,417,213,204
17830,36822,4791,17822,3310,32031,417,213,204
17835,36829,4792,17824,3310,32037,417,213,204
17840,36842,4793,17828,3310,32048,417,213,204
17845,36853,4795,17833,3312,32058,417,213,204
17850,36860,4796,17838,3313,32064,417,213,204
17855,36873,4798,17844,3315,32074,417,213,204
17860,36884,4801,17848,3317,32083,417,213,204
17865,36891,4802,17850,3318,32089,417,213,204
17870,36904,4803,17857,3318,32100,417,213,204
17875,36915,4805,17863,3320,32110,417,213,204
17880,36922,4806,17866,3320,32116,417,213,204
17885,36935,4807,17869,3320,32128,417,213,204
17890,36946,4808,17875,3321,32138,417,213,204
17895,36953,4809,17878,3321,32144,417,213,204
17900,36966,4811,17885,3322,32155,417,213,204
17905,36977,4812,17889,3322,32165,417,213,204
17910,36984,4813,17891,3322,32171,417,213,204
17915,36997,4814,17896,3322,32183,417,213,204
17920,37008,4815,17903,3322,32192,417,213,204
17925,37015,4818,17905,3323,32197,417,213,204
17930,37028,4821,17912,3326,32205,418,214,204
17935,37039,4828,17919,3333,32211,418,214,204
17940,37046,4831,17920,3334,32215,418,214,204
17945,37059,4831,17930,3334,32228,418,214,204
17950,37070,4832,17936,3335,32238,418,214,204
17955,37077,4833,17941,3335,32244,418,214,204
17960,37090,4833,17946,3335,32257,418,214,204
17965,37101,4834,17951,3336,32267,418,214,204
17970,37108,4835,17955,3337,32273,418,214,204
17975,37121,4835,17961,3337,32286,418,214,204
17980,37132,4835,17964,3337,32297,418,214,204
17985,37139,4836,17967,3337,32303,418,214,204
17990,37152,4836,17974,3337,32316,418,214,204
17995,37163,4836,17979,3337,32327,418,214,204
18000,37170,4837,17981,3337,32333,418,214,204
18005,37183,4837,17985,3337,32346,418,214,204
18010,37194,4838,17990,3338,32356,418,214,204
18015,37201,4839,17992,3338,32362,418,214,204
18020,37214,4839,17994,3338,32375,418,214,204
18025,37225,4839,17999,3338,32386,418,214,204
18030,37232,4840,18003,3339,32392,418,214,204
18035,37245,4840,18009,3339,32405,418,214,204
18040,37256,4840,18013,3339,32416,418,214,204
18045,37263,4842,18017,3341,32421,418,214,204
18050,37276,4845,18024,3344,32429,419,214,205
18055,37287,4851,18032,3350,32435,419,214,205
18060,37294,4854,18035,3352,32440,419,214,205
18065,37307,4856,18044,3354,32451,419,214,205
18070,37318,4857,18050,3354,32461,419,214,205
18075,37325,4858,18054,3354,32467,419,214,205
18080,37338,4860,18060,3355,32478,419,214,205
18085,37349,4862,18067,3357,32487,419,214,205
18090,37356,4863,18072,3358,32493,419,214,205
18095,37369,4865,18081,3359,32504,419,214,205
18100,37380,4867,18087,3360,32512,419,214,205
18105,37387,4869,18091,3362,32518,419,214,205
18110,37400,4871,18097,3363,32529,419,214,205
18115,37411,4872,18103,3364,32538,419,214,205
18120,37418,4874,18106,3366,32544,419,214,205
18125,37431,4876,18113,3367,32555,419,214,205
18130,37442,4878,18119,3369,32563,419,214,205
18135,37449,4880,18121,3370,32569,419,214,205
18140,37462,4882,18129,3372,32580,419,214,205
18145,37473,4883,18132,3372,32589,419,214,205
18150,37480,4885,18133,3373,32595,419,214,205
18155,37493,4886,18137,3373,32607,419,214,205
18160,37504,4888,18139,3374,32616,419,214,205
18165,37511,4890,18140,3374,32621,419,214,205
18170,37524,4892,18146,3376,32630,420,214,206
18175,37535,4895,18151,3378,32639,420,214,206
18180,37542,4900,18155,3381,32642,420,214,206
18185,37555,4900,18165,3381,32655,420,214,206
18190,37566,4900,18170,3381,32666,420,214,206
18195,37573,4901,18173,3382,32672,420,214,206
18200,37586,4901,18182,3382,32685,420,214,206
18205,37597,4901,18188,3382,32696,420,214,206
18210,37604,4902,18191,3383,32702,420,214,206
18215,37617,4902,18197,3383,32715,420,214,206
18220,37628,4902,18201,3383,32726,420,214,206
18225,37635,4903,18205,3384,32732,420,214,206
18230,37648,4903,18208,3384,32745,420,214,206
18235,37659,4903,18215,3384,32756,420,214,206
18240,37666,4904,18220,3384,32762,420,214,206
18245,37679,4904,18226,3384,32775,420,214,206
18250,37690,4904,18232,3384,32786,420,214,206
18255,37697,4905,18234,3385,32792,420,214,206
18260,37710,4905,18238,3385,32805,420,214,206
18265,37721,4905,18243,3385,32816,420,214,206
18270,37728,4906,18248,3386,32822,420,214,206
18275,37741,4906,18256,3386,32835,420,214,206
18280,37752,4906,18262,3386,32846,420,214,206
18285,37759,4908,18265,3388,32851,420,214,206
18290,37772,4910,18271,3389,32860,420,214,206
18295,37783,4915,18279,3394,32867,420,214,206
18300,37790,4918,18281,3396,32872,420,214,206
18305,37803,4919,18286,3397,32884,420,214,206
18310,37814,4919,18292,3397,32895,420,214,206
18315,37821,4920,18294,3397,32901,420,214,206
18320,37834,4920,18303,3397,32914,420,214,206
18325,37845,4920,18307,3397,32925,420,214,206
18330,37852,4921,18310,3397,32931,420,214,206
18335,37865,4921,18315,3397,32944,420,214,206
18340,37876,4921,18322,3397,32954,420,214,206
18345,37883,4923,18325,3398,32960,420,214,206
18350,37896,4923,18329,3398,32973,420,214,206
18355,37907,4924,18335,3399,32982,420,214,206
18360,37914,4926,18340,3401,32988,420,214,206
18365,37927,4926,18346,3401,33001,420,214,206
18370,37938,4926,18351,3401,33011,420,214,206
18375,37945,4928,18355,3403,33017,420,214,206
18380,37958,4928,18360,3403,33030,420,214,206
18385,37969,4928,18366,3403,33040,420,214,206
18390,37976,4930,18369,3404,33046,420,214,206
18395,37989,4930,18376,3404,33059,420,214,206
18400,38000,4930,18381,3404,33070,420,214,206
18405,38007,4932,18385,3405,33075,420,214,206
18410,38020,4933,18391,3406,33086,421,215,206
18415,38031,4939,18400,3411,33091,421,215,206
18420,38038,4943,18404,3413,33095,421,215,206
18425,38051,4944,18410,3414,33107,421,215,206
18430,38062,4946,18417,3416,33116,421,215,206
18435,38069,4947,18419,3416,33122,421,215,206
18440,38082,4948,18428,3416,33133,421,215,206
18445,38093,4951,18434,3419,33142,421,215,206
18450,38100,4952,18436,3419,33148,421,215,206
18455,38113,4953,18444,3419,33159,421,215,206
18460,38124,4955,18451,3421,33169,421,215,206
18465,38131,4956,18453,3421,33175,421,215,206
18470,38144,4957,18459,3421,33186,421,215,206
18475,38155,4959,18463,3423,33196,421,215,206
18480,38162,4960,18468,3424,33202,421,215,206
18485,38175,4961,18477,3425,33214,421,215,206
18490,38186,4961,18481,3425,33225,421,215,206
18495,38193,4962,18483,3426,33231,421,215,206
18500,38206,4963,18489,3426,33243,421,215,206
18505,38217,4963,18492,3426,33254,421,215,206
18510,38224,4964,18495,3426,33260,421,215,206
18515,38237,4965,18503,3427,33272,421,215,206
18520,38248,4965,18507,3427,33283,421,215,206
18525,38255,4966,18512,3428,33289,421,215,206
18530,38268,4968,18518,3430,33300,422,216,206
18535,38279,4971,18524,3432,33307,422,216,206
18540,38286,4974,18527,3435,33312,422,216,206
18545,38299,4974,18531,3435,33325,422,216,206
18550,38310,4974,18536,3435,33335,422,216,206
18555,38317,4976,18539,3437,33341,422,216,206
18560,38330,4976,18546,3437,33354,422,216,206
18565,38341,4976,18552,3437,33364,422,216,206
18570,38348,4978,18555,3438,33370,422,216,206
18575,38361,4978,18561,3438,33383,422,216,206
18580,38372,4978,18566,3438,33393,422,216,206
18585,38379,4980,18570,3439,33399,422,216,206
18590,38392,4980,18576,3439,33412,422,216,206
18595,38403,4980,18581,3439,33423,422,216,206
18600,38410,4981,18584,3439,33429,422,216,206
18605,38423,4981,18589,3439,33442,422,216,206
18610,38434,4981,18595,3439,33452,422,216,206
18615,38441,4983,18598,3440,33458,422,216,206
18620,38454,4983,18608,3440,33471,422,216,206
18625,38465,4983,18609,3440,33482,422,216,206
18630,38472,4984,18612,3440,33488,422,216,206
18635,38485,4984,18613,3440,33501,422,216,206
18640,38496,4984,18617,3440,33512,422,216,206
18645,38503,4985,18621,3441,33518,422,216,206
18650,38516,4987,18628,3443,33527,423,216,207
18655,38527,4993,18635,3449,33533,423,216,207
18660,38534,4997,18637,3451,33537,423,216,207
18665,38547,4999,18641,3452,33548,423,216,207
18670,38558,5000,18647,3453,33558,423,216,207
18675,38565,5001,18651,3454,33564,423,216,207
18680,38578,5003,18657,3456,33575,424,217,207
18685,38589,5004,18662,3457,33585,424,217,207
18690,38596,5005,18666,3458,33591,424,217,207
18695,38609,5006,18670,3458,33603,425,218,207
18700,38620,5006,18676,3458,33614,425,218,207
18705,38627,5007,18680,3458,33620,425,218,207
18710,38640,5008,18686,3459,33632,426,218,208
18715,38651,5008,18689,3459,33643,426,218,208
18720,38658,5009,18695,3460,33649,426,218,208
18725,38671,5010,18698,3461,33661,427,218,209
18730,38682,5011,18704,3462,33671,427,218,209
18735,38689,5012,18705,3462,33677,427,218,209
18740,38702,5012,18711,3462,33690,428,219,209
18745,38713,5013,18715,3463,33700,428,219,209
18750,38720,5014,18719,3464,33706,428,219,209
18755,38733,5015,18728,3465,33718,429,220,209
18760,38744,5015,18736,3465,33729,429,220,209
18765,38751,5017,18738,3466,33734,429,220,209
18770,38764,5019,18749,3468,33743,430,221,209
18775,38775,5024,18754,3472,33749,430,221,209
18780,38782,5028,18756,3474,33754,430,221,209
18785,38795,5030,18760,3475,33765,431,222,209
18790,38806,5031,18763,3475,33775,431,222,209
18795,38813,5032,18767,3476,33781,431,222,209
18800,38826,5033,18774,3477,33792,431,222,209
18805,38837,5035,18780,3478,33800,431,222,209
18810,38844,5038,18783,3481,33806,431,222,209
18815,38857,5040,18793,3482,33816,431,222,209
18820,38868,5042,18801,3484,33825,431,222,209
18825,38875,5044,18805,3486,33831,431,222,209
18830,38888,5045,18812,3486,33843,431,222,209
18835,38899,5045,18820,3486,33853,431,222,209
18840,38906,5047,18822,3488,33859,431,222,209
18845,38919,5048,18826,3488,33871,431,222,209
18850,38930,5049,18831,3489,33881,431,222,209
18855,38937,5050,18835,3490,33887,431,222,209
18860,38950,5052,18843,3492,33897,431,222,209
18865,38961,5054,18849,3494,33906,431,222,209
18870,38968,5056,18853,3496,33912,431,222,209
18875,38981,5058,18857,3497,33923,431,222,209
18880,38992,5059,18865,3498,33931,431,222,209
18885,38999,5063,18868,3501,33936,431,222,209
18890,39012,5065,18871,3503,33947,432,223,209
18895,39023,5068,18878,3506,33954,432,223,209
18900,39030,5072,18883,3510,33958,432,223,209
18905,39043,5072,18893,3510,33971,432,223,209
18910,39054,5072,18896,3510,33982,432,223,209
18915,39061,5073,18901,3510,33988,432,223,209
18920,39074,5073,18907,3510,34001,432,223,209
18925,39085,5073,18913,3510,34012,432,223,209
18930,39092,5074,18916,3511,34018,432,223,209
18935,39105,5074,18922,3511,34031,432,223,209
18940,39116,5074,18927,3511,34042,432,223,209
18945,39123,5075,18930,3512,34048,432,223,209
18950,39136,5075,18937,3512,34061,432,223,209
18955,39147,5075,18942,3512,34072,432,223,209
18960,39154,5076,18944,3513,34078,432,223,209
18965,39167,5076,18951,3513,34091,432,223,209
18970,39178,5076,18958,3513,34102,432,223,209
18975,39185,5077,18962,3514,34108,432,223,209
18980,39198,5077,18970,3514,34121,432,223,209
18985,39209,5077,18976,3514,34132,432,223,209
18990,39216,5078,18981,3515,34138,432,223,209
18995,39229,5078,18987,3515,34151,433,223,210
19000,39240,5080,18992,3516,34160,433,223,210
19005,39247,5082,18995,3517,34165,433,223,210
19010,39260,5084,18999,3518,34175,434,223,211
19015,39271,5087,19004,3521,34184,434,223,211
19020,39278,5091,19008,3525,34187,434,223,211
19025,39291,5092,19014,3525,34199,434,223,211
19030,39302,5093,19021,3525,34209,434,223,211
19035,39309,5095,19024,3525,34214,434,223,211
19040,39322,5095,19033,3525,34227,434,223,211
19045,39333,5096,19038,3525,34237,434,223,211
19050,39340,5098,19043,3526,34242,434,223,211
19055,39353,5098,19052,3526,34255,434,223,211
19060,39364,5099,19061,3527,34265,434,223,211
19065,39371,5101,19064,3528,34270,434,223,211
19070,39384,5101,19069,3528,34283,434,223,211
19075,39395,5102,19074,3528,34293,434,223,211
19080,39402,5104,19076,3530,34298,434,223,211
19085,39415,5104,19083,3530,34311,434,223,211
19090,39426,5105,19087,3530,34321,434,223,211
19095,39433,5107,19091,3532,34326,434,223,211
19100,39446,5107,19096,3532,34339,434,223,211
19105,39457,5108,19099,3532,34349,434,223,211
19110,39464,5110,19104,3533,34354,434,223,211
19115,39477,5110,19113,3533,34367,434,223,211
19120,39488,5111,19118,3533,34376,434,223,211
19125,39495,5114,19122,3535,34381,434,223,211
19130,39508,5116,19131,3537,34390,435,224,211
19135,39519,5121,19137,3542,34397,435,224,211
19140,39526,5124,19140,3544,34402,435,224,211
19145,39539,5125,19149,3545,34414,435,224,211
19150,39550,5125,19155,3545,34424,435,224,211
19155,39557,5128,19160,3547,34429,435,224,211
19160,39570,5129,19165,3548,34441,435,224,211
19165,39581,5129,19169,3548,34452,435,224,211
19170,39588,5131,19171,3548,34457,435,224,211
19175,39601,5132,19177,3549,34469,435,224,211
19180,39612,5133,19182,3550,34479,435,224,211
19185,39619,5135,19188,3552,34484,435,224,211
19190,39632,5136,19193,3553,34496,435,224,211
19195,39643,5137,19201,3554,34505,435,224,211
19200,39650,5140,19204,3556,34510,435,224,211
19205,39663,5141,19211,3556,34522,435,224,211
19210,39674,5142,19216,3557,34532,435,224,211
19215,39681,5143,19218,3558,34538,435,224,211
19220,39694,5144,19227,3558,34550,435,224,211
19225,39705,5145,19231,3559,34560,435,224,211
19230,39712,5146,19236,3559,34566,435,224,211
19235,39725,5147,19241,3559,34578,435,224,211
19240,39736,5148,19249,3560,34588,435,224,211
19245,39743,5149,19253,3561,34594,435,224,211
19250,39756,5152,19258,3563,34603,436,224,212
19255,39767,5154,19261,3565,34613,436,224,212
19260,39774,5155,19264,3565,34619,436,224,212
19265,39787,5155,19267,3565,34632,436,224,212
19270,39798,5155,19271,3565,34643,436,224,212
19275,39805,5155,19275,3565,34650,436,224,212
19280,39818,5155,19284,3565,34663,436,224,212
19285,39829,5155,19291,3565,34674,436,224,212
19290,39836,5155,19296,3565,34681,436,224,212
19295,39849,5155,19300,3565,34694,436,224,212
19300,39860,5155,19304,3565,34705,436,224,212
19305,39867,5156,19307,3566,34711,436,224,212
19310,39880,5156,19310,3566,34723,436,224,212
19315,39891,5158,19316,3568,34732,436,224,212
19320,39898,5160,19322,3569,34738,436,224,212
19325,39911,5160,19327,3569,34751,436,224,212
19330,39922,5160,19329,3569,34762,436,224,212
19335,39929,5161,19333,3570,34768,436,224,212
19340,39942,5161,19338,3570,34781,436,224,212
19345,39953,5162,19342,3571,34791,436,224,212
19350,39960,5163,19343,3571,34797,436,224,212
19355,39973,5163,19349,3571,34810,436,224,212
19360,39984,5163,19354,3571,34821,436,224,212
19365,39991,5165,19355,3571,34826,436,224,212
19370,40004,5168,19359,3573,34835,437,224,213
19375,40015,5171,19366,3576,34843,437,224,213
19380,40022,5174,19368,3578,34848,437,224,213
19385,40035,5175,19374,3578,34859,438,225,213
19390,40046,5178,19380,3581,34868,438,225,213
19395,40053,5180,19387,3583,34873,438,225,213
19400,40066,5182,19397,3585,34883,439,226,213
19405,40077,5184,19403,3587,34892,439,226,213
19410,40084,5187,19406,3588,34897,439,226,213
19415,40097,5189,19408,3589,34908,440,226,214
19420,40108,5189,19413,3589,34919,440,226,214
19425,40115,5191,19416,3591,34924,440,226,214
19430,40128,5193,19424,3592,34935,441,226,215
19435,40139,5194,19432,3593,34945,441,226,215
19440,40146,5196,19433,3593,34950,441,226,215
19445,40159,5197,19441,3594,34962,442,227,215
19450,40170,5197,19444,3594,34973,442,227,215
19455,40177,5199,19446,3594,34978,442,227,215
19460,40190,5202,19455,3596,34988,443,228,215
19465,40201,5202,19457,3596,34999,443,228,215
19470,40208,5204,19460,3597,35004,443,228,215
19475,40221,5205,19464,3597,35016,444,228,216
19480,40232,5206,19468,3598,35026,444,228,216
19485,40239,5208,19471,3600,35031,444,228,216
19490,40252,5212,19481,3604,35039,445,229,216
19495,40263,5215,19484,3606,35047,445,229,216
19500,40270,5218,19487,3608,35052,445,229,216
19505,40283,5218,19494,3608,35064,445,229,216
19510,40294,5221,19496,3610,35073,445,229,216
19515,40301,5222,19501,3611,35079,445,229,216
19520,40314,5222,19510,3611,35092,445,229,216
19525,40325,5223,19514,3612,35102,445,229,216
19530,40332,5223,19517,3612,35109,445,229,216
19535,40345,5223,19524,3612,35122,445,229,216
19540,40356,5224,19531,3612,35132,445,229,216
19545,40363,5224,19535,3612,35139,445,229,216
19550,40376,5224,19538,3612,35152,445,229,216
19555,40387,5225,19541,3612,35162,445,229,216
19560,40394,5225,19546,3612,35169,445,229,216
19565,40407,5226,19552,3612,35181,446,229,217
19570,40418,5227,19556,3612,35191,446,229,217
19575,40425,5227,19559,3612,35198,446,229,217
19580,40438,5229,19563,3613,35209,447,229,218
19585,40449,5231,19567,3614,35218,447,229,218
19590,40456,5231,19571,3614,35225,447,229,218
19595,40469,5234,19580,3617,35235,448,230,218
19600,40480,5236,19587,3619,35244,448,230,218
19605,40487,5237,19589,3620,35250,448,230,218
19610,40500,5239,19597,3622,35259,449,230,219
19615,40511,5243,19601,3626,35267,449,230,219
19620,40518,5246,19604,3627,35272,449,230,219
19625,40531,5247,19608,3627,35284,449,230,219
19630,40542,5247,19611,3627,35294,449,230,219
19635,40549,5250,19613,3629,35299,449,230,219
19640,40562,5250,19618,3629,35311,449,230,219
19645,40573,5251,19625,3630,35322,449,230,219
19650,40580,5253,19629,3631,35327,449,230,219
19655,40593,5254,19634,3632,35339,449,230,219
19660,40604,5254,19639,3632,35349,449,230,219
19665,40611,5257,19642,3634,35354,449,230,219
19670,40624,5258,19650,3635,35365,449,230,219
19675,40635,5259,19654,3636,35376,449,230,219
19680,40642,5261,19656,3637,35381,449,230,219
19685,40655,5262,19663,3637,35393,449,230,219
19690,40666,5262,19665,3637,35404,449,230,219
19695,40673,5264,19667,3638,35409,449,230,219
19700,40686,5265,19672,3639,35421,449,230,219
19705,40697,5266,19677,3640,35431,449,230,219
19710,40704,5268,19680,3641,35436,449,230,219
19715,40717,5269,19682,3641,35448,449,230,219
19720,40728,5271,19689,3643,35457,449,230,219
19725,40735,5273,19691,3644,35462,449,230,219
19730,40748,5276,19698,3646,35470,450,231,219
19735,40759,5280,19703,3649,35479,450,231,219
19740,40766,5281,19705,3649,35485,450,231,219
19745,40779,5282,19713,3649,35497,450,231,219
19750,40790,5282,19721,3649,35508,450,231,219
19755,40797,5283,19726,3650,35514,450,231,219
19760,40810,5284,19730,3651,35526,450,231,219
19765,40821,5285,19733,3652,35536,450,231,219
19770,40828,5286,19737,3653,35542,450,231,219
19775,40841,5287,19741,3653,35554,450,231,219
19780,40852,5288,19749,3654,35564,450,231,219
19785,40859,5290,19754,3656,35569,450,231,219
19790,40872,5291,19760,3656,35581,450,231,219
19795,40883,5291,19765,3656,35592,450,231,219
19800,40890,5293,19769,3658,35597,450,231,219
19805,40903,5294,19774,3659,35609,450,231,219
19810,40914,5295,19781,3660,35619,450,231,219
19815,40921,5297,19785,3662,35624,450,231,219
19820,40934,5298,19790,3662,35636,450,231,219
19825,40945,5299,19800,3663,35645,450,231,219
19830,40952,5302,19802,3664,35650,450,231,219
19835,40965,5303,19806,3665,35662,450,231,219
19840,40976,5304,19811,3666,35672,450,231,219
19845,40983,5306,19813,3667,35677,450,231,219
19850,40996,5307,19821,3667,35686,451,232,219
19855,41007,5313,19828,3672,35693,451,232,219
19860,41014,5317,19830,3675,35697,451,232,219
19865,41027,5317,19837,3675,35710,452,232,220
19870,41038,5317,19847,3675,35721,452,232,220
19875,41045,5318,19850,3676,35727,452,232,220
19880,41058,5318,19858,3676,35740,453,233,220
19885,41069,5318,19864,3676,35751,453,233,220
19890,41076,5319,19868,3676,35757,453,233,220
19895,41089,5319,19875,3676,35770,453,233,220
19900,41100,5319,19881,3676,35781,453,233,220
19905,41107,5320,19884,3677,35787,453,233,220
19910,41120,5320,19893,3677,35800,453,233,220
19915,41131,5320,19900,3677,35811,453,233,220
19920,41138,5321,19902,3677,35817,453,233,220
19925,41151,5321,19910,3677,35830,453,233,220
19930,41162,5321,19916,3677,35841,453,233,220
19935,41169,5322,19919,3677,35847,453,233,220
19940,41182,5322,19930,3677,35860,453,233,220
19945,41193,5322,19939,3677,35871,453,233,220
19950,41200,5323,19943,3677,35877,453,233,220
19955,41213,5323,19948,3677,35890,453,233,220
19960,41224,5323,19954,3677,35901,453,233,220
19965,41231,5324,19958,3678,35907,453,233,220
19970,41244,5325,19962,3679,35919,453,233,220
19975,41255,5328,19967,3681,35926,453,233,220
19980,41262,5332,19972,3684,35930,453,233,220
19985,41275,5333,19977,3684,35942,453,233,220
19990,41286,5334,19983,3685,35952,453,233,220
19995,41293,5336,19988,3686,35957,453,233,220
20000,41306,5337,19993,3687,35969,453,233,220
20005,41317,5338,19997,3687,35979,453,233,220
20010,41324,5340,19998,3688,35984,453,233,220
20015,41337,5341,20007,3689,35995,453,233,220
20020,41348,5343,20014,3691,36005,453,233,220
20025,41355,5345,20017,3692,36010,453,233,220
20030,41368,5346,20022,3693,36022,453,233,220
20035,41379,5347,20028,3694,36032,453,233,220
20040,41386,5349,20032,3695,36037,453,233,220
20045,41399,5350,20036,3695,36049,453,233,220
20050,41410,5351,20039,3695,36059,453,233,220
20055,41417,5353,20041,3695,36064,453,233,220
20060,41430,5354,20048,3696,36075,453,233,220
20065,41441,5356,20051,3697,36085,453,233,220
20070,41448,5358,20054,3699,36090,453,233,220
20075,41461,5359,20058,3700,36102,453,233,220
20080,41472,5360,20060,3700,36112,453,233,220
20085,41479,5362,20062,3702,36117,453,233,220
20090,41492,5364,20066,3704,36127,454,234,220
20095,41503,5368,20072,3708,36134,454,234,220
20100,41510,5373,20076,3712,36137,454,234,220
20105,41523,5373,20083,3712,36150,455,234,221
20110,41534,5373,20089,3712,36161,455,234,221
20115,41541,5373,20092,3712,36168,455,234,221
20120,41554,5373,20097,3712,36181,455,234,221
20125,41565,5373,20106,3712,36192,455,234,221
20130,41572,5373,20108,3712,36199,455,234,221
20135,41585,5373,20114,3712,36212,455,234,221
20140,41596,5373,20123,3712,36223,455,234,221
20145,41603,5373,20128,3712,36230,455,234,221
20150,41616,5373,20135,3712,36243,455,234,221
20155,41627,5373,20142,3712,36254,455,234,221
20160,41634,5373,20144,3712,36261,455,234,221
20165,41647,5373,20150,3712,36274,455,234,221
20170,41658,5373,20154,3712,36285,455,234,221
20175,41665,5373,20158,3712,36292,455,234,221
20180,41678,5373,20165,3712,36305,455,234,221
20185,41689,5373,20172,3712,36316,455,234,221
20190,41696,5373,20174,3712,36323,455,234,221
20195,41709,5373,20182,3712,36336,455,234,221
20200,41720,5373,20188,3712,36347,455,234,221
20205,41727,5375,20193,3713,36352,455,234,221
20210,41740,5377,20201,3715,36361,456,235,221
20215,41751,5382,20207,3719,36368,456,235,221
20220,41758,5385,20210,3721,36373,456,235,221
20225,41771,5385,20217,3721,36386,456,235,221
20230,41782,5386,20221,3721,36396,456,235,221
20235,41789,5388,20225,3722,36401,456,235,221
20240,41802,5388,20227,3722,36414,456,235,221
20245,41813,5389,20234,3722,36424,456,235,221
20250,41820,5391,20236,3722,36429,456,235,221
20255,41833,5391,20241,3722,36442,456,235,221
20260,41844,5392,20249,3723,36451,456,235,221
20265,41851,5395,20252,3725,36456,456,235,221
20270,41864,5395,20259,3725,36469,456,235,221
20275,41875,5396,20264,3725,36478,456,235,221
20280,41882,5399,20266,3727,36483,456,235,221
20285,41895,5399,20272,3727,36496,456,235,221
20290,41906,5400,20277,3728,36506,456,235,221
20295,41913,5402,20281,3729,36511,456,235,221
20300,41926,5402,20287,3729,36524,456,235,221
20305,41937,5403,20291,3730,36534,456,235,221
20310,41944,5405,20296,3732,36539,456,235,221
20315,41957,5405,20301,3732,36552,456,235,221
20320,41968,5406,20303,3732,36562,456,235,221
20325,41975,5408,20307,3732,36567,456,235,221
20330,41988,5410,20314,3733,36576,457,236,221
20335,41999,5415,20322,3738,36583,457,236,221
20340,42006,5419,20325,3741,36587,457,236,221
20345,42019,5419,20330,3741,36600,457,236,221
20350,42030,5419,20334,3741,36611,457,236,221
20355,42037,5419,20336,3741,36618,457,236,221
20360,42050,5419,20341,3741,36631,457,236,221
20365,42061,5419,20347,3741,36642,457,236,221
20370,42068,5419,20353,3741,36649,457,236,221
20375,42081,5419,20358,3741,36662,457,236,221
20380,42092,5419,20362,3741,36673,457,236,221
20385,42099,5419,20364,3741,36680,457,236,221
20390,42112,5419,20371,3741,36693,457,236,221
20395,42123,5419,20376,3741,36704,457,236,221
20400,42130,5419,20378,3741,36711,457,236,221
20405,42143,5419,20386,3741,36724,457,236,221
20410,42154,5419,20390,3741,36735,457,236,221
20415,42161,5419,20394,3741,36742,457,236,221
20420,42174,5419,20400,3741,36755,457,236,221
20425,42185,5419,20409,3741,36766,457,236,221
20430,42192,5419,20414,3741,36773,457,236,221
20435,42205,5419,20419,3741,36786,457,236,221
20440,42216,5419,20427,3741,36797,457,236,221
20445,42223,5420,20432,3742,36803,457,236,221
20450,42236,5421,20438,3742,36813,458,237,221
20455,42247,5426,20445,3747,36820,458,237,221
20460,42254,5431,20448,3751,36823,458,237,221
20465,42267,5433,20452,3752,36834,458,237,221
20470,42278,5433,20459,3752,36844,458,237,221
20475,42285,5436,20462,3755,36849,458,237,221
20480,42298,5438,20469,3756,36860,458,237,221
20485,42309,5438,20472,3756,36870,458,237,221
20490,42316,5441,20476,3758,36875,458,237,221
20495,42329,5443,20482,3759,36886,458,237,221
20500,42340,5443,20490,3759,36896,458,237,221
20505,42347,5446,20493,3761,36901,458,237,221
20510,42360,5447,20499,3762,36913,458,237,221
20515,42371,5447,20503,3762,36924,458,237,221
20520,42378,5449,20506,3764,36929,458,237,221
20525,42391,5450,20511,3764,36941,458,237,221
20530,42402,5450,20516,3764,36951,458,237,221
20535,42409,5453,20520,3766,36956,458,237,221
20540,42422,5454,20526,3767,36968,458,237,221
20545,42433,5454,20530,3767,36979,458,237,221
20550,42440,5456,20531,3767,36984,458,237,221
20555,42453,5458,20542,3768,36995,458,237,221
20560,42464,5458,20546,3768,37005,458,237,221
20565,42471,5461,20551,3770,37010,458,237,221
20570,42484,5463,20556,3771,37021,458,237,221
20575,42495,5465,20559,3772,37029,458,237,221
20580,42502,5469,20564,3776,37033,458,237,221
20585,42515,5470,20569,3777,37045,458,237,221
20590,42526,5472,20575,3779,37054,458,237,221
20595,42533,5473,20580,3779,37060,458,237,221
20600,42546,5473,20587,3779,37073,458,237,221
20605,42557,5474,20594,3780,37083,458,237,221
20610,42564,5475,20595,3780,37089,458,237,221
20615,42577,5476,20603,3781,37101,458,237,221
20620,42588,5478,20611,3783,37110,458,237,221
20625,42595,5479,20615,3783,37116,458,237,221
20630,42608,5479,20620,3783,37129,458,237,221
20635,42619,5480,20622,3783,37139,458,237,221
20640,42626,5481,20624,3784,37145,458,237,221
20645,42639,5481,20630,3784,37158,458,237,221
20650,42650,5482,20636,3785,37168,458,237,221
20655,42657,5482,20640,3785,37175,458,237,221
20660,42670,5482,20648,3785,37188,458,237,221
20665,42681,5483,20651,3786,37198,458,237,221
20670,42688,5483,20654,3786,37205,458,237,221
20675,42701,5483,20658,3786,37218,458,237,221
20680,42712,5484,20665,3786,37228,458,237,221
20685,42719,5484,20668,3786,37235,458,237,221
20690,42732,5487,20675,3788,37242,459,237,222
20695,42743,5494,20682,3794,37248,459,237,222
20700,42750,5498,20687,3798,37252,459,237,222
20705,42763,5498,20690,3798,37265,460,237,223
20710,42774,5498,20694,3798,37276,460,237,223
20715,42781,5500,20699,3799,37281,460,237,223
20720,42794,5500,20706,3799,37294,461,238,223
20725,42805,5500,20710,3799,37304,461,238,223
20730,42812,5503,20714,3802,37309,461,238,223
20735,42825,5503,20721,3802,37322,462,239,223
20740,42836,5503,20727,3802,37332,462,239,223
20745,42843,5506,20731,3805,37337,462,239,223
20750,42856,5506,20739,3805,37349,463,240,223
20755,42867,5507,20746,3806,37359,463,240,223
20760,42874,5510,20751,3807,37364,463,240,223
20765,42887,5510,20755,3807,37377,464,241,223
20770,42898,5510,20759,3807,37388,464,241,223
20775,42905,5512,20762,3808,37393,464,241,223
20780,42918,5512,20766,3808,37406,465,241,224
20785,42929,5512,20771,3808,37417,465,241,224
20790,42936,5514,20775,3810,37422,465,241,224
20795,42949,5514,20782,3810,37435,465,241,224
20800,42960,5514,20788,3810,37445,465,241,224
20805,42967,5517,20791,3812,37450,465,241,224
20810,42980,5519,20793,3813,37461,465,241,224
20815,42991,5520,20795,3814,37470,465,241,224
20820,42998,5523,20798,3816,37475,465,241,224
20825,43011,5526,20804,3819,37485,465,241,224
20830,43022,5529,20809,3822,37493,465,241,224
20835,43029,5530,20815,3823,37499,465,241,224
20840,43042,5532,20821,3824,37509,465,241,224
20845,43053,5534,20825,3826,37519,465,241,224
20850,43060,5535,20827,3826,37525,465,241,224
20855,43073,5536,20832,3827,37537,465,241,224
20860,43084,5537,20838,3828,37547,465,241,224
20865,43091,5538,20843,3829,37553,465,241,224
20870,43104,5539,20847,3830,37565,465,241,224
20875,43115,5541,20853,3832,37574,465,241,224
20880,43122,5542,20853,3832,37580,465,241,224
20885,43135,5543,20857,3832,37591,465,241,224
20890,43146,5545,20861,3834,37601,465,241,224
20895,43153,5546,20864,3834,37607,465,241,224
20900,43166,5548,20869,3836,37618,465,241,224
20905,43177,5549,20875,3837,37628,465,241,224
20910,43184,5550,20879,3837,37634,465,241,224
20915,43197,5551,20886,3838,37645,465,241,224
20920,43208,5553,20891,3840,37655,465,241,224
20925,43215,5554,20895,3841,37661,465,241,224
20930,43228,5556,20899,3843,37672,465,241,224
20935,43239,5556,20902,3843,37683,465,241,224
20940,43246,5559,20904,3844,37687,465,241,224
20945,43259,5560,20910,3845,37698,466,241,225
20950,43270,5562,20915,3846,37707,466,241,225
20955,43277,5564,20920,3848,37713,466,241,225
20960,43290,5565,20927,3849,37725,467,241,226
20965,43301,5566,20934,3849,37735,467,241,226
20970,43308,5567,20938,3850,37741,467,241,226
20975,43321,5567,20945,3850,37753,468,241,227
20980,43332,5569,20948,3851,37763,468,241,227
20985,43339,5570,20953,3852,37769,468,241,227
20990,43352,5571,20959,3853,37781,469,241,228
20995,43363,5572,20964,3853,37790,469,241,228
21000,43370,5574,20964,3854,37796,469,241,228
21005,43383,5574,20970,3854,37809,470,241,229
21010,43394,5574,20974,3854,37820,470,241,229
21015,43401,5575,20975,3854,37826,470,241,229
21020,43414,5575,20981,3854,37839,471,241,230
21025,43425,5575,20986,3854,37850,471,241,230
21030,43432,5576,20991,3855,37856,471,241,230
21035,43445,5576,20999,3855,37869,472,241,231
21040,43456,5576,21006,3855,37880,472,241,231
21045,43463,5578,21008,3856,37885,472,241,231
21050,43476,5578,21014,3856,37897,473,242,231
21055,43487,5580,21016,3858,37907,473,242,231
21060,43494,5583,21019,3859,37911,473,242,231
21065,43507,5584,21026,3859,37923,473,242,231
21070,43518,5586,21034,3861,37931,473,242,231
21075,43525,5589,21039,3864,37936,473,242,231
21080,43538,5591,21043,3866,37947,473,242,231
21085,43549,5593,21048,3868,37956,473,242,231
21090,43556,5594,21051,3868,37962,473,242,231
21095,43569,5596,21061,3870,37973,473,242,231
21100,43580,5598,21066,3871,37982,473,242,231
21105,43587,5599,21071,3871,37988,473,242,231
21110,43600,5600,21073,3871,38000,473,242,231
21115,43611,5602,21079,3873,38009,473,242,231
21120,43618,5603,21084,3874,38015,473,242,231
21125,43631,5604,21093,3875,38027,473,242,231
21130,43642,5606,21100,3877,38036,473,242,231
21135,43649,5607,21103,3878,38042,473,242,231
21140,43662,5608,21111,3879,38054,473,242,231
21145,43673,5610,21116,3881,38063,473,242,231
21150,43680,5611,21119,3881,38069,473,242,231
21155,43693,5612,21129,3881,38081,473,242,231
21160,43704,5613,21133,3881,38091,473,242,231
21165,43711,5614,21135,3881,38097,473,242,231
21170,43724,5615,21138,3881,38108,474,242,232
21175,43735,5618,21143,3884,38117,474,242,232
21180,43742,5619,21147,3885,38123,474,242,232
21185,43755,5621,21153,3887,38134,475,242,233
21190,43766,5621,21161,3887,38145,475,242,233
21195,43773,5622,21163,3887,38151,475,242,233
21200,43786,5624,21167,3888,38162,475,242,233
21205,43797,5624,21175,3888,38172,475,242,233
21210,43804,5626,21179,3890,38178,475,242,233
21215,43817,5629,21187,3892,38188,475,242,233
21220,43828,5630,21193,3893,38197,475,242,233
21225,43835,5632,21197,3895,38203,475,242,233
21230,43848,5632,21202,3895,38216,475,242,233
21235,43859,5633,21207,3896,38226,475,242,233
21240,43866,5634,21208,3896,38232,475,242,233
21245,43879,5634,21215,3896,38245,475,242,233
21250,43890,5634,21219,3896,38256,475,242,233
21255,43897,5635,21223,3897,38262,475,242,233
21260,43910,5635,21226,3897,38275,475,242,233
21265,43921,5635,21229,3897,38286,475,242,233
21270,43928,5636,21231,3898,38292,475,242,233
21275,43941,5636,21235,3898,38305,475,242,233
21280,43952,5637,21238,3899,38315,475,242,233
21285,43959,5639,21242,3900,38320,475,242,233
21290,43972,5640,21247,3901,38332,475,242,233
21295,43983,5643,21253,3904,38339,475,242,233
21300,43990,5647,21258,3908,38343,475,242,233
21305,44003,5647,21266,3908,38356,475,242,233
21310,44014,5647,21268,3908,38367,475,242,233
21315,44021,5648,21272,3908,38373,475,242,233
21320,44034,5648,21280,3908,38386,475,242,233
21325,44045,5648,21285,3908,38397,475,242,233
21330,44052,5649,21289,3909,38403,475,242,233
21335,44065,5649,21293,3909,38416,475,242,233
21340,44076,5650,21300,3910,38426,475,242,233
21345,44083,5651,21303,3911,38432,475,242,233
21350,44096,5651,21307,3911,38445,475,242,233
21355,44107,5652,21313,3912,38455,475,242,233
21360,44114,5653,21317,3912,38461,475,242,233
21365,44127,5653,21325,3912,38474,475,242,233
21370,44138,5653,21330,3912,38485,475,242,233
21375,44145,5654,21335,3913,38491,475,242,233
21380,44158,5654,21341,3913,38504,475,242,233
21385,44169,5655,21350,3914,38514,475,242,233
21390,44176,5656,21355,3915,38520,475,242,233
21395,44189,5656,21361,3915,38533,475,242,233
21400,44200,5657,21368,3916,38543,475,242,233
21405,44207,5658,21371,3916,38549,475,242,233
21410,44220,5662,21378,3920,38557,475,242,233
21415,44231,5665,21382,3923,38566,475,242,233
21420,44238,5667,21384,3925,38571,475,242,233
21425,44251,5668,21389,3926,38583,475,242,233
21430,44262,5669,21397,3927,38593,475,242,233
21435,44269,5670,21401,3927,38599,475,242,233
21440,44282,5671,21407,3927,38611,475,242,233
21445,44293,5672,21414,3928,38621,475,242,233
21450,44300,5673,21416,3928,38627,475,242,233
21455,44313,5674,21420,3928,38639,475,242,233
21460,44324,5675,21427,3929,38649,475,242,233
21465,44331,5676,21430,3929,38655,475,242,233
21470,44344,5678,21435,3930,38666,475,242,233
21475,44355,5679,21442,3931,38676,475,242,233
21480,44362,5680,21444,3931,38682,475,242,233
21485,44375,5682,21453,3933,38693,475,242,233
21490,44386,5682,21461,3933,38704,475,242,233
21495,44393,5683,21467,3934,38710,475,242,233
21500,44406,5684,21475,3934,38722,475,242,233
21505,44417,5684,21482,3934,38732,475,242,233
21510,44424,5686,21486,3936,38738,475,242,233
21515,44437,5687,21489,3936,38750,475,242,233
21520,44448,5688,21497,3937,38759,475,242,233
21525,44455,5690,21501,3939,38765,475,242,233
21530,44468,5693,21506,3942,38774,476,243,233
21535,44479,5696,21512,3945,38783,476,243,233
21540,44486,5698,21516,3947,38788,476,243,233
21545,44499,5699,21520,3948,38800,477,244,233
21550,44510,5700,21527,3949,38810,477,244,233
21555,44517,5701,21530,3949,38816,477,244,233
21560,44530,5701,21539,3949,38829,478,245,233
21565,44541,5701,21543,3949,38840,478,245,233
21570,44548,5702,21546,3950,38846,478,245,233
21575,44561,5702,21552,3950,38859,479,245,234
21580,44572,5702,21554,3950,38870,479,245,234
21585,44579,5703,21559,3951,38876,479,245,234
21590,44592,5703,21563,3951,38889,479,245,234
21595,44603,5704,21572,3952,38899,479,245,234
21600,44610,5705,21576,3953,38905,479,245,234
21605,44623,5705,21577,3953,38918,479,245,234
21610,44634,5706,21585,3954,38928,479,245,234
21615,44641,5707,21588,3954,38934,479,245,234
21620,44654,5707,21592,3954,38947,479,245,234
21625,44665,5707,21598,3954,38958,479,245,234
21630,44672,5708,21600,3954,38964,479,245,234
21635,44685,5708,21605,3954,38977,479,245,234
21640,44696,5709,21610,3955,38987,479,245,234
21645,44703,5711,21613,3955,38992,479,245,234
21650,44716,5712,21619,3956,39004,479,245,234
21655,44727,5714,21624,3957,39013,479,245,234
21660,44734,5718,21626,3959,39016,479,245,234
21665,44747,5720,21632,3961,39026,479,245,234
21670,44758,5723,21634,3963,39035,479,245,234
21675,44765,5724,21637,3963,39041,479,245,234
21680,44778,5724,21643,3963,39053,479,245,234
21685,44789,5727,21648,3965,39061,479,245,234
21690,44796,5729,21649,3967,39067,479,245,234
21695,44809,5729,21655,3967,39080,479,245,234
21700,44820,5730,21659,3967,39089,479,245,234
21705,44827,5732,21662,3969,39095,479,245,234
21710,44840,5732,21669,3969,39108,479,245,234
21715,44851,5733,21673,3969,39118,479,245,234
21720,44858,5734,21674,3969,39124,479,245,234
21725,44871,5734,21679,3969,39137,479,245,234
21730,44882,5735,21686,3970,39146,479,245,234
21735,44889,5737,21691,3972,39152,479,245,234
21740,44902,5737,21695,3972,39165,479,245,234
21745,44913,5738,21699,3972,39175,479,245,234
21750,44920,5739,21703,3972,39181,479,245,234
21755,44933,5739,21711,3972,39194,479,245,234
21760,44944,5741,21718,3973,39202,479,245,234
21765,44951,5743,21723,3975,39208,479,245,234
21770,44964,5743,21730,3975,39221,479,245,234
21775,44975,5747,21736,3978,39227,479,245,234
21780,44982,5752,21740,3981,39230,479,245,234
21785,44995,5753,21748,3982,39241,479,245,234
21790,45006,5755,21756,3984,39251,479,245,234
21795,45013,5756,21760,3985,39257,479,245,234
21800,45026,5756,21766,3985,39270,479,245,234
21805,45037,5757,21768,3986,39280,479,245,234
21810,45044,5758,21772,3987,39286,479,245,234
21815,45057,5758,21776,3987,39299,479,245,234
21820,45068,5759,21778,3988,39309,479,245,234
21825,45075,5760,21782,3989,39315,479,245,234
21830,45088,5760,21789,3989,39328,479,245,234
21835,45099,5761,21792,3990,39338,479,245,234
21840,45106,5762,21796,3990,39344,479,245,234
21845,45119,5762,21803,3990,39357,479,245,234
21850,45130,5762,21809,3990,39368,479,245,234
21855,45137,5763,21812,3990,39374,479,245,234
21860,45150,5763,21816,3990,39387,479,245,234
21865,45161,5763,21820,3990,39398,479,245,234
21870,45168,5764,21823,3990,39404,479,245,234
21875,45181,5764,21831,3990,39417,479,245,234
21880,45192,5765,21836,3991,39427,479,245,234
21885,45199,5766,21838,3992,39433,479,245,234
21890,45212,5766,21845,3992,39446,480,245,235
21895,45223,5769,21852,3995,39453,480,245,235
21900,45230,5773,21856,3999,39457,480,245,235
21905,45243,5774,21864,3999,39469,480,245,235
21910,45254,5774,21868,3999,39480,480,245,235
21915,45261,5774,21869,3999,39487,480,245,235
21920,45274,5775,21875,4000,39499,480,245,235
21925,45285,5775,21881,4000,39510,480,245,235
21930,45292,5775,21884,4000,39517,480,245,235
21935,45305,5776,21889,4000,39529,480,245,235
21940,45316,5776,21891,4000,39540,480,245,235
21945,45323,5776,21894,4000,39547,480,245,235
21950,45336,5777,21902,4000,39559,480,245,235
21955,45347,5777,21910,4000,39570,480,245,235
21960,45354,5777,21915,4000,39577,480,245,235
21965,45367,5779,21921,4002,39588,480,245,235
21970,45378,5779,21928,4002,39599,480,245,235
21975,45385,5779,21931,4002,39606,480,245,235
21980,45398,5780,21936,4002,39618,480,245,235
21985,45409,5780,21943,4002,39629,480,245,235
21990,45416,5780,21946,4002,39636,480,245,235
21995,45429,5782,21954,4003,39647,480,245,235
22000,45440,5782,21959,4003,39658,480,245,235
22005,45447,5783,21961,4003,39664,480,245,235
22010,45460,5784,21966,4004,39674,481,245,236
22015,45471,5788,21971,4007,39683,481,245,236
22020,45478,5790,21973,4007,39688,481,245,236
22025,45491,5790,21979,4007,39701,481,245,236
22030,45502,5792,21986,4008,39710,481,245,236
22035,45509,5793,21988,4008,39716,481,245,236
22040,45522,5793,21995,4008,39729,481,245,236
22045,45533,5795,21999,4010,39738,481,245,236
22050,45540,5796,22003,4010,39744,481,245,236
22055,45553,5796,22010,4010,39757,481,245,236
22060,45564,5798,22015,4011,39766,481,245,236
22065,45571,5799,22020,4012,39772,481,245,236
22070,45584,5799,22028,4012,39785,481,245,236
22075,45595,5800,22034,4013,39795,481,245,236
22080,45602,5801,22040,4014,39801,481,245,236
22085,45615,5801,22047,4014,39814,481,245,236
22090,45626,5803,22055,4016,39823,481,245,236
22095,45633,5804,22058,4017,39829,481,245,236
22100,45646,5804,22064,4017,39842,481,245,236
22105,45657,5805,22067,4018,39852,481,245,236
22110,45664,5806,22071,4019,39858,481,245,236
22115,45677,5806,22075,4019,39871,481,245,236
22120,45688,5808,22080,4020,39880,481,245,236
22125,45695,5810,22082,4021,39885,481,245,236
22130,45708,5812,22087,4023,39895,482,245,237
22135,45719,5817,22094,4027,39902,482,245,237
22140,45726,5819,22098,4029,39907,482,245,237
22145,45739,5819,22102,4029,39920,483,245,238
22150,45750,5819,22108,4029,39931,483,245,238
22155,45757,5819,22109,4029,39938,483,245,238
22160,45770,5819,22115,4029,39951,484,245,239
22165,45781,5819,22123,4029,39962,484,245,239
22170,45788,5819,22127,4029,39969,484,245,239
22175,45801,5819,22133,4029,39982,485,246,239
22180,45812,5819,22139,4029,39993,485,246,239
22185,45819,5819,22144,4029,40000,485,246,239
22190,45832,5819,22148,4029,40013,486,246,240
22195,45843,5819,22155,4029,40024,486,246,240
22200,45850,5819,22159,4029,40031,486,246,240
22205,45863,5819,22167,4029,40044,486,246,240
22210,45874,5819,22176,4029,40055,486,246,240
22215,45881,5819,22179,4029,40062,486,246,240
22220,45894,5819,22187,4029,40075,486,246,240
22225,45905,5819,22193,4029,40086,486,246,240
22230,45912,5819,22198,4029,40093,486,246,240
22235,45925,5819,22204,4029,40106,486,246,240
22240,45936,5819,22211,4029,40117,486,246,240
22245,45943,5820,22214,4030,40123,486,246,240
22250,45956,5823,22223,4033,40131,486,246,240
22255,45967,5826,22227,4036,40141,486,246,240
22260,45974,5828,22230,4037,40146,486,246,240
22265,45987,5829,22235,4037,40158,486,246,240
22270,45998,5831,22241,4039,40166,486,246,240
22275,46005,5833,22245,4041,40172,486,246,240
22280,46018,5834,22250,4041,40184,486,246,240
22285,46029,5836,22257,4043,40193,486,246,240
22290,46036,5837,22260,4043,40199,486,246,240
22295,46049,5838,22264,4043,40211,486,246,240
22300,46060,5839,22270,4044,40220,486,246,240
22305,46067,5841,22271,4045,40226,486,246,240
22310,46080,5842,22275,4046,40238,486,246,240
22315,46091,5843,22281,4047,40247,486,246,240
22320,46098,5845,22283,4048,40253,486,246,240
22325,46111,5847,22292,4050,40264,486,246,240
22330,46122,5849,22298,4052,40273,486,246,240
22335,46129,5850,22300,4053,40279,486,246,240
22340,46142,5852,22308,4055,40290,486,246,240
22345,46153,5854,22313,4056,40298,486,246,240
22350,46160,5856,22316,4058,40304,486,246,240
22355,46173,5858,22321,4059,40315,486,246,240
22360,46184,5860,22327,4060,40324,486,246,240
22365,46191,5863,22332,4063,40328,486,246,240
22370,46204,5867,22342,4066,40335,487,246,241
22375,46215,5872,22347,4070,40343,487,246,241
22380,46222,5875,22349,4072,40347,487,246,241
22385,46235,5875,22356,4072,40360,488,247,241
22390,46246,5876,22363,4073,40370,488,247,241
22395,46253,5877,22367,4074,40376,488,247,241
22400,46266,5877,22373,4074,40389,489,247,242
22405,46277,5877,22378,4074,40400,489,247,242
22410,46284,5878,22382,4074,40406,489,247,242
22415,46297,5878,22390,4074,40419,490,248,242
22420,46308,5878,22396,4074,40430,490,248,242
22425,46315,5879,22400,4075,40436,490,248,242
22430,46328,5879,22406,4075,40449,491,248,243
22435,46339,5880,22413,4076,40459,491,248,243
22440,46346,5881,22418,4077,40465,491,248,243
22445,46359,5881,22423,4077,40478,492,249,243
22450,46370,5881,22428,4077,40489,492,249,243
22455,46377,5882,22431,4078,40495,492,249,243
22460,46390,5882,22437,4078,40508,493,250,243
22465,46401,5883,22443,4079,40518,493,250,243
22470,46408,5884,22446,4080,40524,493,250,243
22475,46421,5884,22450,4080,40537,494,250,244
22480,46432,5885,22457,4081,40547,494,250,244
22485,46439,5886,22461,4082,40553,494,250,244
22490,46452,5887,22470,4083,40561,494,250,244
22495,46463,5893,22475,4089,40570,494,250,244
22500,46470,5895,22476,4090,40575,494,250,244
22505,46483,5897,22480,4092,40586,494,250,244
22510,46494,5899,22486,4093,40595,494,250,244
22515,46501,5900,22489,4094,40601,494,250,244
22520,46514,5902,22495,4095,40612,494,250,244
22525,46525,5904,22501,4096,40621,494,250,244
22530,46532,5905,22504,4097,40627,494,250,244
22535,46545,5907,22509,4098,40638,494,250,244
22540,46556,5908,22512,4098,40647,494,250,244
22545,46563,5910,22517,4100,40653,494,250,244
22550,46576,5911,22523,4100,40665,494,250,244
22555,46587,5912,22529,4100,40674,494,250,244
22560,46594,5914,22534,4102,40680,494,250,244
22565,46607,5915,22539,4102,40692,494,250,244
22570,46618,5916,22544,4103,40702,494,250,244
22575,46625,5917,22546,4103,40708,494,250,244
22580,46638,5919,22552,4105,40719,494,250,244
22585,46649,5920,22559,4105,40728,494,250,244
22590,46656,5922,22561,4106,40734,494,250,244
22595,46669,5924,22570,4107,40745,494,250,244
22600,46680,5925,22574,4108,40754,494,250,244
22605,46687,5928,22577,4109,40759,494,250,244
22610,46700,5930,22586,4110,40769,495,251,244
22615,46711,5934,22591,4114,40776,495,251,244
22620,46718,5939,22595,4118,40779,495,251,244
22625,46731,5939,22601,4118,40792,496,251,245
22630,46742,5941,22607,4120,40801,496,251,245
22635,46749,5942,22610,4120,40807,496,251,245
22640,46762,5942,22617,4120,40820,497,251,246
22645,46773,5943,22624,4120,40830,497,251,246
22650,46780,5944,22629,4120,40836,497,251,246
22655,46793,5944,22634,4120,40849,498,251,247
22660,46804,5946,22639,4122,40858,498,251,247
22665,46811,5947,22641,4123,40864,498,251,247
22670,46824,5947,22642,4123,40877,499,251,248
22675,46835,5949,22648,4125,40886,499,251,248
22680,46842,5950,22651,4125,40892,499,251,248
22685,46855,5951,22657,4126,40904,500,252,248
22690,46866,5951,22664,4126,40915,500,252,248
22695,46873,5951,22666,4126,40922,500,252,248
22700,46886,5952,22672,4127,40934,501,252,249
22705,46897,5952,22677,4127,40945,501,252,249
22710,46904,5952,22681,4127,40952,501,252,249
22715,46917,5953,22687,4128,40964,502,253,249
22720,46928,5954,22694,4129,40974,502,253,249
22725,46935,5955,22699,4130,40980,502,253,249
22730,46948,5957,22705,4132,40990,503,254,249
22735,46959,5960,22712,4135,40998,503,254,249
22740,46966,5964,22717,4138,41002,503,254,249
22745,46979,5966,22724,4140,41013,503,254,249
22750,46990,5968,22730,4141,41022,503,254,249
22755,46997,5969,22733,4141,41028,503,254,249
22760,47010,5969,22741,4141,41041,503,254,249
22765,47021,5970,22744,4141,41051,503,254,249
22770,47028,5971,22747,4141,41057,503,254,249
22775,47041,5972,22750,4142,41069,503,254,249
22780,47052,5973,22755,4143,41079,503,254,249
22785,47059,5974,22759,4144,41085,503,254,249
22790,47072,5975,22766,4145,41096,503,254,249
22795,47083,5977,22769,4146,41106,503,254,249
22800,47090,5978,22775,4147,41112,503,254,249
22805,47103,5978,22781,4147,41125,503,254,249
22810,47114,5978,22787,4147,41136,503,254,249
22815,47121,5978,22790,4147,41143,503,254,249
22820,47134,5978,22796,4147,41156,503,254,249
22825,47145,5978,22799,4147,41167,503,254,249
22830,47152,5978,22803,4147,41174,503,254,249
22835,47165,5978,22807,4147,41187,503,254,249
22840,47176,5978,22812,4147,41198,503,254,249
22845,47183,5979,22813,4147,41204,503,254,249
22850,47196,5979,22819,4147,41217,504,254,250
22855,47207,5979,22826,4147,41228,504,254,250
22860,47214,5980,22830,4148,41234,504,254,250
22865,47227,5983,22838,4151,41243,505,254,251
22870,47238,5985,22844,4153,41253,505,254,251
22875,47245,5985,22849,4153,41260,505,254,251
22880,47258,5987,22854,4155,41270,506,254,252
22885,47269,5989,22857,4157,41280,506,254,252
22890,47276,5989,22859,4157,41287,506,254,252
22895,47289,5991,22864,4158,41298,507,254,253
22900,47300,5992,22870,4159,41308,507,254,253
22905,47307,5992,22872,4159,41315,507,254,253
22910,47320,5993,22879,4159,41326,508,254,254
22915,47331,5996,22882,4161,41335,508,254,254
22920,47338,5997,22888,4162,41341,508,254,254
22925,47351,5998,22893,4162,41353,508,254,254
22930,47362,5998,22898,4162,41364,508,254,254
22935,47369,5999,22901,4162,41370,508,254,254
22940,47382,6000,22906,4162,41382,508,254,254
22945,47393,6000,22912,4162,41393,508,254,254
22950,47400,6001,22915,4162,41399,508,254,254
22955,47413,6002,22920,4162,41411,508,254,254
22960,47424,6002,22923,4162,41422,508,254,254
22965,47431,6004,22925,4163,41427,508,254,254
22970,47444,6005,22929,4163,41439,508,254,254
22975,47455,6005,22931,4163,41450,508,254,254
22980,47462,6009,22936,4167,41453,508,254,254
22985,47475,6010,22941,4168,41465,509,255,254
22990,47486,6011,22946,4168,41475,509,255,254
22995,47493,6013,22951,4169,41480,509,255,254
23000,47506,6013,22958,4169,41493,509,255,254
23005,47517,6014,22961,4170,41503,509,255,254
23010,47524,6016,22962,4171,41508,509,255,254
23015,47537,6016,22965,4171,41521,509,255,254
23020,47548,6017,22968,4171,41531,509,255,254
23025,47555,6019,22972,4173,41536,509,255,254
23030,47568,6019,22975,4173,41549,510,256,254
23035,47579,6020,22982,4173,41559,510,256,254
23040,47586,6022,22986,4174,41564,510,256,254
23045,47599,6023,22993,4175,41576,511,257,254
23050,47610,6025,23000,4177,41584,511,257,254
23055,47617,6029,23004,4179,41588,511,257,254
23060,47630,6030,23010,4180,41600,512,257,255
23065,47641,6032,23017,4182,41609,512,257,255
23070,47648,6034,23019,4183,41614,512,257,255
23075,47661,6035,23025,4184,41626,513,258,255
23080,47672,6037,23030,4185,41634,513,258,255
23085,47679,6041,23036,4189,41638,513,258,255
23090,47692,6042,23044,4190,41650,514,259,255
23095,47703,6045,23049,4192,41657,514,259,255
23100,47710,6048,23053,4195,41662,514,259,255
23105,47723,6049,23061,4196,41674,514,259,255
23110,47734,6050,23069,4197,41684,514,259,255
23115,47741,6050,23072,4197,41691,514,259,255
23120,47754,6051,23079,4198,41703,514,259,255
23125,47765,6052,23087,4199,41713,514,259,255
23130,47772,6052,23089,4199,41720,514,259,255
23135,47785,6052,23095,4199,41733,514,259,255
23140,47796,6053,23102,4200,41743,514,259,255
23145,47803,6053,23106,4200,41750,514,259,255
23150,47816,6055,23112,4202,41761,514,259,255
23155,47827,6056,23118,4202,41771,514,259,255
23160,47834,6056,23123,4202,41778,514,259,255
23165,47847,6057,23130,4202,41790,514,259,255
23170,47858,6058,23134,4202,41800,514,259,255
23175,47865,6058,23138,4202,41807,514,259,255
23180,47878,6059,23142,4202,41819,514,259,255
23185,47889,6060,23144,4202,41829,514,259,255
23190,47896,6060,23146,4202,41836,514,259,255
23195,47909,6061,23149,4202,41848,514,259,255
23200,47920,6062,23154,4202,41858,514,259,255
23205,47927,6062,23157,4202,41865,514,259,255
23210,47940,6063,23165,4203,41875,515,260,255
23215,47951,6067,23171,4206,41883,515,260,255
23220,47958,6071,23174,4208,41887,515,260,255
23225,47971,6072,23180,4208,41898,516,260,256
23230,47982,6074,23184,4209,41908,516,260,256
23235,47989,6075,23189,4210,41914,516,260,256
23240,48002,6076,23194,4211,41925,517,261,256
23245,48013,6078,23200,4213,41935,517,261,256
23250,48020,6079,23204,4214,41941,517,261,256
23255,48033,6081,23209,4216,41950,518,261,257
23260,48044,6084,23216,4218,41960,518,261,257
23265,48051,6085,23219,4218,41966,518,261,257
23270,48064,6086,23225,4219,41978,519,262,257
23275,48075,6087,23232,4219,41988,519,262,257
23280,48082,6088,23235,4220,41994,519,262,257
23285,48095,6089,23239,4220,42005,520,262,258
23290,48106,6090,23246,4221,42016,520,262,258
23295,48113,6091,23249,4221,42022,520,262,258
23300,48126,6092,23255,4222,42034,521,263,258
23305,48137,6092,23263,4222,42045,521,263,258
23310,48144,6093,23267,4223,42051,521,263,258
23315,48157,6094,23275,4224,42063,522,264,258
23320,48168,6094,23282,4224,42074,522,264,258
23325,48175,6095,23287,4225,42080,522,264,258
23330,48188,6098,23291,4227,42090,523,265,258
23335,48199,6099,23295,4228,42100,523,265,258
23340,48206,6101,23297,4229,42105,523,265,258
23345,48219,6102,23301,4229,42116,524,265,259
23350,48230,6104,23305,4231,42125,524,265,259
23355,48237,6107,23308,4233,42130,524,265,259
23360,48250,6109,23315,4235,42141,525,266,259
23365,48261,6111,23323,4237,42149,525,266,259
23370,48268,6114,23325,4239,42154,525,266,259
23375,48281,6116,23332,4241,42165,526,266,260
23380,48292,6118,23337,4243,42174,526,266,260
23385,48299,6120,23341,4245,42179,526,266,260
23390,48312,6122,23347,4247,42190,527,266,261
23395,48323,6124,23352,4249,42199,527,266,261
23400,48330,6126,23356,4250,42204,527,266,261
23405,48343,6127,23362,4251,42216,528,266,262
23410,48354,6128,23370,4252,42225,528,266,262
23415,48361,6131,23373,4254,42230,528,266,262
23420,48374,6131,23376,4254,42243,528,266,262
23425,48385,6132,23380,4255,42253,528,266,262
23430,48392,6133,23382,4255,42259,528,266,262
23435,48405,6133,23388,4255,42272,528,266,262
23440,48416,6133,23391,4255,42283,528,266,262
23445,48423,6134,23397,4256,42289,528,266,262
23450,48436,6134,23403,4256,42301,528,266,262
23455,48447,6136,23409,4258,42311,528,266,262
23460,48454,6137,23412,4259,42317,528,266,262
23465,48467,6139,23420,4261,42328,528,266,262
23470,48478,6139,23424,4261,42339,528,266,262
23475,48485,6139,23428,4261,42346,528,266,262
23480,48498,6140,23435,4262,42358,528,266,262
23485,48509,6140,23440,4262,42369,528,266,262
23490,48516,6140,23443,4262,42376,528,266,262
23495,48529,6141,23450,4263,42388,528,266,262
23500,48540,6141,23456,4263,42399,528,266,262
23505,48547,6141,23460,4263,42406,528,266,262
23510,48560,6142,23467,4264,42417,528,266,262
23515,48571,6144,23471,4265,42427,528,266,262
23520,48578,6144,23473,4265,42434,528,266,262
23525,48591,6145,23477,4265,42446,528,266,262
23530,48602,6146,23482,4265,42456,528,266,262
23535,48609,6146,23483,4265,42463,528,266,262
23540,48622,6147,23492,4266,42475,528,266,262
23545,48633,6148,23497,4267,42485,528,266,262
23550,48640,6148,23501,4267,42492,528,266,262
23555,48653,6149,23509,4267,42504,528,266,262
23560,48664,6150,23513,4267,42514,528,266,262
23565,48671,6151,23516,4267,42520,528,266,262
23570,48684,6153,23526,4269,42530,529,267,262
23575,48695,6155,23530,4271,42540,529,267,262
23580,48702,6158,23534,4272,42544,529,267,262
23585,48715,6158,23540,4272,42557,529,267,262
23590,48726,6159,23546,4272,42567,529,267,262
23595,48733,6161,23551,4274,42572,529,267,262
23600,48746,6162,23559,4275,42584,529,267,262
23605,48757,6164,23563,4277,42593,529,267,262
23610,48764,6166,23566,4278,42598,529,267,262
23615,48777,6166,23573,4278,42611,529,267,262
23620,48788,6167,23578,4278,42620,529,267,262
23625,48795,6170,23580,4281,42625,529,267,262
23630,48808,6170,23583,4281,42638,529,267,262
23635,48819,6173,23590,4284,42645,529,267,262
23640,48826,6176,23594,4285,42650,529,267,262
23645,48839,6177,23600,4286,42662,530,268,262
23650,48850,6179,23605,4288,42671,530,268,262
23655,48857,6180,23607,4288,42677,530,268,262
23660,48870,6180,23609,4288,42690,530,268,262
23665,48881,6182,23614,4289,42698,530,268,262
23670,48888,6184,23617,4291,42704,530,268,262
23675,48901,6184,23621,4291,42717,530,268,262
23680,48912,6185,23624,4292,42727,530,268,262
23685,48919,6186,23628,4293,42733,530,268,262
23690,48932,6189,23636,4295,42743,531,269,262
23695,48943,6192,23642,4298,42750,531,269,262
23700,48950,6194,23643,4299,42756,531,269,262
23705,48963,6195,23650,4300,42768,531,269,262
23710,48974,6196,23655,4301,42778,531,269,262
23715,48981,6196,23656,4301,42785,531,269,262
23720,48994,6198,23660,4302,42796,531,269,262
23725,49005,6199,23666,4303,42806,531,269,262
23730,49012,6199,23673,4303,42813,531,269,262
23735,49025,6201,23680,4305,42824,531,269,262
23740,49036,6202,23685,4306,42834,531,269,262
23745,49043,6203,23688,4306,42840,531,269,262
23750,49056,6206,23698,4309,42849,531,269,262
23755,49067,6209,23705,4312,42858,531,269,262
23760,49074,6210,23706,4312,42864,531,269,262
23765,49087,6212,23714,4313,42874,532,270,262
23770,49098,6214,23721,4315,42884,532,270,262
23775,49105,6215,23725,4315,42890,532,270,262
23780,49118,6217,23733,4317,42900,533,270,263
23785,49129,6219,23738,4319,42910,533,270,263
23790,49136,6220,23741,4320,42916,533,270,263
23795,49149,6223,23746,4322,42925,534,270,264
23800,49160,6224,23754,4323,42936,534,270,264
23805,49167,6226,23761,4325,42941,534,270,264
23810,49180,6227,23763,4325,42952,535,270,265
23815,49191,6229,23770,4327,42962,535,270,265
23820,49198,6231,23770,4327,42967,535,270,265
23825,49211,6231,23775,4327,42980,536,271,265
23830,49222,6231,23782,4327,42991,536,271,265
23835,49229,6231,23786,4327,42998,536,271,265
23840,49242,6231,23794,4327,43011,536,271,265
23845,49253,6231,23797,4327,43022,536,271,265
23850,49260,6231,23803,4327,43029,536,271,265
23855,49273,6231,23811,4327,43042,536,271,265
23860,49284,6231,23815,4327,43053,536,271,265
23865,49291,6231,23817,4327,43060,536,271,265
23870,49304,6232,23823,4328,43072,536,271,265
23875,49315,6234,23827,4329,43081,536,271,265
23880,49322,6234,23831,4329,43088,536,271,265
23885,49335,6235,23835,4330,43100,536,271,265
23890,49346,6236,23839,4330,43110,536,271,265
23895,49353,6236,23842,4330,43117,536,271,265
23900,49366,6237,23849,4331,43129,536,271,265
23905,49377,6238,23856,4331,43139,536,271,265
23910,49384,6238,23860,4331,43146,536,271,265
23915,49397,6238,23868,4331,43159,536,271,265
23920,49408,6239,23873,4331,43169,536,271,265
23925,49415,6240,23877,4332,43175,536,271,265
23930,49428,6242,23883,4334,43186,537,271,266
23935,49439,6244,23888,4335,43195,537,271,266
23940,49446,6248,23893,4338,43198,537,271,266
23945,49459,6250,23898,4339,43209,538,271,267
23950,49470,6253,23902,4342,43217,538,271,267
23955,49477,6255,23904,4342,43222,538,271,267
23960,49490,6258,23911,4345,43232,539,271,268
23965,49501,6260,23917,4346,43241,539,271,268
23970,49508,6262,23921,4347,43246,539,271,268
23975,49521,6263,23928,4347,43258,540,272,268
23980,49532,6265,23930,4348,43267,540,272,268
23985,49539,6267,23933,4349,43272,540,272,268
23990,49552,6269,23941,4351,43283,540,272,268
23995,49563,6271,23946,4353,43291,540,272,268
24000,49570,6274,23948,4354,43296,540,272,268
24005,49583,6275,23953,4354,43307,540,272,268
24010,49594,6277,23960,4355,43316,540,272,268
24015,49601,6279,23965,4357,43322,540,272,268
24020,49614,6281,23971,4358,43333,540,272,268
24025,49625,6282,23976,4358,43343,540,272,268
24030,49632,6283,23980,4358,43349,540,272,268
24035,49645,6285,23984,4360,43359,540,272,268
24040,49656,6287,23991,4361,43369,540,272,268
24045,49663,6288,23994,4361,43375,540,272,268
24050,49676,6289,24003,4362,43385,540,272,268
24055,49687,6294,24008,4367,43393,540,272,268
24060,49694,6295,24013,4368,43399,540,272,268
24065,49707,6295,24021,4368,43412,540,272,268
24070,49718,6295,24024,4368,43423,540,272,268
24075,49725,6295,24028,4368,43430,540,272,268
24080,49738,6295,24034,4368,43443,540,272,268
24085,49749,6295,24038,4368,43454,540,272,268
24090,49756,6295,24040,4368,43461,540,272,268
24095,49769,6295,24045,4368,43474,540,272,268
24100,49780,6295,24051,4368,43485,540,272,268
24105,49787,6296,24055,4369,43491,540,272,268
24110,49800,6296,24062,4369,43504,540,272,268
24115,49811,6297,24067,4370,43514,540,272,268
24120,49818,6298,24069,4370,43520,540,272,268
24125,49831,6298,24075,4370,43532,540,272,268
24130,49842,6300,24081,4372,43542,540,272,268
24135,49849,6301,24083,4372,43548,540,272,268
24140,49862,6301,24086,4372,43561,540,272,268
24145,49873,6301,24092,4372,43572,540,272,268
24150,49880,6302,24092,4372,43578,540,272,268
24155,49893,6302,24100,4372,43589,540,272,268
24160,49904,6305,24104,4375,43599,540,272,268
24165,49911,6307,24108,4376,43604,540,272,268
24170,49924,6309,24116,4377,43614,541,273,268
24175,49935,6312,24121,4379,43623,541,273,268
24180,49942,6314,24125,4380,43628,541,273,268
24185,49955,6316,24132,4382,43639,541,273,268
24190,49966,6317,24140,4383,43649,541,273,268
24195,49973,6319,24142,4383,43654,541,273,268
24200,49986,6321,24149,4385,43665,541,273,268
24205,49997,6322,24152,4386,43675,541,273,268
24210,50004,6324,24155,4387,43680,541,273,268
24215,50017,6326,24162,4389,43691,541,273,268
24220,50028,6327,24166,4389,43701,541,273,268
24225,50035,6329,24169,4391,43706,541,273,268
24230,50048,6330,24173,4391,43718,541,273,268
24235,50059,6331,24177,4391,43728,541,273,268
24240,50066,6333,24180,4393,43733,541,273,268
24245,50079,6334,24185,4393,43745,541,273,268
24250,50090,6335,24188,4393,43754,541,273,268
24255,50097,6338,24191,4395,43759,541,273,268
24260,50110,6339,24195,4395,43771,541,273,268
24265,50121,6340,24199,4396,43781,541,273,268
24270,50128,6342,24204,4398,43786,541,273,268
24275,50141,6344,24212,4399,43796,541,273,268
24280,50152,6346,24216,4400,43806,541,273,268
24285,50159,6348,24221,4402,43811,541,273,268
24290,50172,6351,24225,4404,43821,542,274,268
24295,50183,6353,24229,4406,43830,542,274,268
24300,50190,6355,24232,4407,43835,542,274,268
24305,50203,6355,24238,4407,43848,543,275,268
24310,50214,6356,24241,4408,43858,543,275,268
24315,50221,6357,24245,4408,43864,543,275,268
24320,50234,6357,24252,4408,43877,544,276,268
24325,50245,6358,24260,4409,43887,544,276,268
24330,50252,6359,24265,4409,43893,544,276,268
24335,50265,6359,24273,4409,43906,544,276,268
24340,50276,6360,24280,4410,43916,544,276,268
24345,50283,6361,24283,4410,43922,544,276,268
24350,50296,6361,24288,4410,43934,544,276,268
24355,50307,6363,24293,4412,43944,544,276,268
24360,50314,6364,24298,4413,43950,544,276,268
24365,50327,6364,24304,4413,43963,544,276,268
24370,50338,6364,24310,4413,43974,544,276,268
24375,50345,6364,24312,4413,43981,544,276,268
24380,50358,6364,24319,4413,43994,544,276,268
24385,50369,6364,24325,4413,44005,544,276,268
24390,50376,6364,24329,4413,44012,544,276,268
24395,50389,6364,24334,4413,44025,544,276,268
24400,50400,6364,24341,4413,44036,544,276,268
24405,50407,6365,24343,4413,44042,544,276,268
24410,50420,6368,24352,4416,44051,544,276,268
24415,50431,6372,24357,4419,44059,544,276,268
24420,50438,6373,24361,4420,44065,544,276,268
24425,50451,6375,24367,4422,44076,544,276,268
24430,50462,6375,24373,4422,44087,544,276,268
24435,50469,6376,24378,4422,44093,544,276,268
24440,50482,6378,24383,4423,44104,544,276,268
24445,50493,6379,24386,4424,44114,544,276,268
24450,50500,6380,24391,4425,44120,544,276,268
24455,50513,6381,24396,4426,44132,544,276,268
24460,50524,6381,24399,4426,44143,544,276,268
24465,50531,6382,24402,4426,44149,544,276,268
24470,50544,6383,24408,4426,44161,544,276,268
24475,50555,6384,24411,4427,44171,544,276,268
24480,50562,6385,24414,4428,44177,544,276,268
24485,50575,6386,24418,4429,44189,544,276,268
24490,50586,6386,24424,4429,44200,544,276,268
24495,50593,6386,24427,4429,44207,544,276,268
24500,50606,6388,24435,4431,44218,544,276,268
24505,50617,6389,24443,4432,44228,544,276,268
24510,50624,6389,24446,4432,44235,544,276,268
24515,50637,6391,24450,4433,44246,544,276,268
24520,50648,6391,24455,4433,44257,544,276,268
24525,50655,6392,24457,4433,44263,544,276,268
24530,50668,6396,24466,4436,44272,545,277,268
24535,50679,6398,24470,4437,44281,545,277,268
24540,50686,6399,24476,4438,44287,545,277,268
24545,50699,6399,24480,4438,44300,545,277,268
24550,50710,6400,24486,4439,44310,545,277,268
24555,50717,6401,24490,4439,44316,545,277,268
24560,50730,6401,24500,4439,44329,545,277,268
24565,50741,6401,24505,4439,44340,545,277,268
24570,50748,6402,24510,4439,44346,545,277,268
24575,50761,6402,24513,4439,44359,545,277,268
24580,50772,6402,24516,4439,44370,545,277,268
24585,50779,6403,24519,4439,44376,545,277,268
24590,50792,6403,24524,4439,44389,545,277,268
24595,50803,6403,24531,4439,44400,545,277,268
24600,50810,6405,24537,4440,44405,545,277,268
24605,50823,6405,24546,4440,44418,545,277,268
24610,50834,6406,24552,4441,44427,545,277,268
24615,50841,6409,24554,4443,44432,545,277,268
24620,50854,6409,24562,4443,44445,545,277,268
24625,50865,6409,24567,4443,44455,545,277,268
24630,50872,6412,24571,4445,44460,545,277,268
24635,50885,6412,24578,4445,44473,545,277,268
24640,50896,6413,24583,4446,44482,545,277,268
24645,50903,6416,24585,4448,44487,545,277,268
24650,50916,6418,24590,4449,44498,546,277,269
24655,50927,6420,24594,4450,44506,546,277,269
24660,50934,6423,24597,4452,44511,546,277,269
24665,50947,6425,24602,4453,44522,546,277,269
24670,50958,6425,24606,4453,44533,546,277,269
24675,50965,6425,24609,4453,44540,546,277,269
24680,50978,6427,24617,4455,44551,546,277,269
24685,50989,6427,24623,4455,44562,546,277,269
24690,50996,6427,24626,4455,44569,546,277,269
24695,51009,6429,24633,4457,44580,546,277,269
24700,51020,6429,24638,4457,44591,546,277,269
24705,51027,6429,24641,4457,44598,546,277,269
24710,51040,6431,24645,4458,44609,546,277,269
24715,51051,6431,24652,4458,44620,546,277,269
24720,51058,6431,24656,4458,44627,546,277,269
24725,51071,6432,24663,4459,44639,546,277,269
24730,51082,6432,24668,4459,44650,546,277,269
24735,51089,6432,24673,4459,44657,546,277,269
24740,51102,6433,24678,4459,44669,546,277,269
24745,51113,6433,24684,4459,44680,546,277,269
24750,51120,6433,24687,4459,44687,546,277,269
24755,51133,6434,24691,4459,44699,546,277,269
24760,51144,6434,24696,4459,44710,546,277,269
24765,51151,6436,24700,4459,44715,546,277,269
24770,51164,6438,24707,4461,44724,547,277,270
24775,51175,6445,24717,4468,44730,547,277,270
24780,51182,6447,24718,4468,44735,547,277,270
24785,51195,6447,24724,4468,44748,548,278,270
24790,51206,6447,24730,4468,44758,548,278,270
24795,51213,6449,24734,4470,44764,548,278,270
24800,51226,6449,24739,4470,44777,549,279,270
24805,51237,6449,24743,4470,44788,549,279,270
24810,51244,6450,24747,4471,44794,549,279,270
24815,51257,6450,24751,4471,44807,550,279,271
24820,51268,6452,24760,4473,44816,550,279,271
24825,51275,6453,24762,4473,44822,550,279,271
24830,51288,6453,24769,4473,44835,550,279,271
24835,51299,6453,24774,4473,44845,550,279,271
24840,51306,6455,24780,4474,44851,550,279,271
24845,51319,6455,24785,4474,44864,550,279,271
24850,51330,6455,24791,4474,44875,550,279,271
24855,51337,6455,24795,4474,44882,550,279,271
24860,51350,6455,24800,4474,44895,550,279,271
24865,51361,6455,24805,4474,44906,550,279,271
24870,51368,6455,24809,4474,44913,550,279,271
24875,51381,6455,24815,4474,44926,550,279,271
24880,51392,6455,24818,4474,44937,550,279,271
24885,51399,6456,24822,4474,44943,550,279,271
24890,51412,6457,24827,4474,44953,550,279,271
24895,51423,6461,24834,4477,44962,550,279,271
24900,51430,6462,24839,4478,44968,550,279,271
24905,51443,6464,24847,4480,44979,550,279,271
24910,51454,6465,24850,4480,44989,550,279,271
24915,51461,6465,24853,4480,44996,550,279,271
24920,51474,6466,24858,4480,45008,550,279,271
24925,51485,6467,24863,4480,45018,550,279,271
24930,51492,6467,24867,4480,45025,550,279,271
24935,51505,6468,24871,4480,45037,550,279,271
24940,51516,6469,24874,4480,45047,550,279,271
24945,51523,6470,24877,4480,45053,550,279,271
24950,51536,6471,24882,4480,45065,550,279,271
24955,51547,6473,24887,4481,45073,550,279,271
24960,51554,6475,24890,4482,45079,550,279,271
24965,51567,6476,24897,4483,45091,550,279,271
24970,51578,6478,24902,4484,45100,550,279,271
24975,51585,6479,24904,4485,45106,550,279,271
24980,51598,6480,24913,4485,45118,550,279,271
24985,51609,6481,24917,4485,45128,550,279,271
24990,51616,6482,24920,4486,45134,550,279,271
24995,51629,6483,24924,4486,45146,550,279,271
25000,51640,6484,24929,4487,45156,550,279,271
25005,51647,6486,24932,4488,45161,550,279,271
25010,51660,6488,24938,4490,45171,551,280,271
25015,51671,6491,24943,4493,45180,551,280,271
25020,51678,6493,24946,4494,45185,551,280,271
25025,51691,6493,24953,4494,45198,551,280,271
25030,51702,6494,24957,4495,45208,551,280,271
25035,51709,6496,24960,4497,45213,551,280,271
25040,51722,6496,24966,4497,45226,551,280,271
25045,51733,6497,24971,4498,45236,551,280,271
25050,51740,6499,24975,4499,45241,551,280,271
25055,51753,6499,24982,4499,45254,551,280,271
25060,51764,6500,24989,4500,45263,551,280,271
25065,51771,6503,24994,4503,45268,551,280,271
25070,51784,6503,24999,4503,45281,551,280,271
25075,51795,6504,25006,4504,45290,551,280,271
25080,51802,6507,25008,4505,45295,551,280,271
25085,51815,6507,25012,4505,45308,551,280,271
25090,51826,6508,25020,4506,45318,551,280,271
25095,51833,6509,25025,4507,45324,551,280,271
25100,51846,6509,25036,4507,45337,551,280,271
25105,51857,6510,25041,4508,45347,551,280,271
25110,51864,6511,25043,4508,45353,551,280,271
25115,51877,6511,25048,4508,45366,551,280,271
25120,51888,6512,25052,4509,45376,551,280,271
25125,51895,6513,25055,4510,45382,551,280,271
25130,51908,6515,25060,4512,45393,551,280,271
25135,51919,6518,25066,4514,45401,551,280,271
25140,51926,6519,25069,4515,45407,551,280,271
25145,51939,6520,25074,4516,45419,552,280,272
25150,51950,6520,25079,4516,45430,552,280,272
25155,51957,6520,25084,4516,45437,552,280,272
25160,51970,6523,25090,4518,45447,553,281,272
25165,51981,6523,25097,4518,45458,553,281,272
25170,51988,6523,25099,4518,45465,553,281,272
25175,52001,6526,25105,4520,45475,554,282,272
25180,52012,6526,25109,4520,45486,554,282,272
25185,52019,6526,25112,4520,45493,554,282,272
25190,52032,6528,25119,4522,45504,555,282,273
25195,52043,6529,25127,4523,45513,555,282,273
25200,52050,6531,25131,4524,45519,555,282,273
25205,52063,6531,25137,4524,45532,555,282,273
25210,52074,6532,25144,4525,45541,555,282,273
25215,52081,6534,25150,4527,45547,555,282,273
25220,52094,6534,25154,4527,45560,555,282,273
25225,52105,6534,25156,4527,45571,555,282,273
25230,52112,6534,25158,4527,45578,555,282,273
25235,52125,6534,25161,4527,45591,555,282,273
25240,52136,6534,25165,4527,45602,555,282,273
25245,52143,6534,25169,4527,45609,555,282,273
25250,52156,6534,25174,4527,45622,555,282,273
25255,52167,6537,25179,4530,45630,555,282,273
25260,52174,6538,25183,4531,45636,555,282,273
25265,52187,6539,25189,4532,45648,555,282,273
25270,52198,6541,25194,4533,45657,555,282,273
25275,52205,6542,25197,4533,45663,555,282,273
25280,52218,6542,25203,4533,45676,555,282,273
25285,52229,6544,25211,4534,45685,555,282,273
25290,52236,6545,25217,4535,45691,555,282,273
25295,52249,6546,25221,4536,45703,555,282,273
25300,52260,6547,25227,4536,45713,555,282,273
25305,52267,6548,25232,4537,45719,555,282,273
25310,52280,6550,25240,4538,45730,556,283,273
25315,52291,6551,25246,4538,45740,556,283,273
25320,52298,6552,25251,4539,45746,556,283,273
25325,52311,6554,25261,4541,45757,557,284,273
25330,52322,6555,25264,4541,45767,557,284,273
25335,52329,6556,25267,4542,45773,557,284,273
25340,52342,6557,25271,4542,45785,558,284,274
25345,52353,6559,25277,4543,45793,558,284,274
25350,52360,6561,25280,4545,45799,558,284,274
25355,52373,6562,25286,4546,45811,559,284,275
25360,52384,6565,25289,4548,45818,559,284,275
25365,52391,6567,25294,4550,45824,559,284,275
25370,52404,6568,25300,4551,45836,560,284,276
25375,52415,6570,25306,4552,45844,560,284,276
25380,52422,6572,25308,4553,45850,560,284,276
25385,52435,6573,25313,4554,45862,560,284,276
25390,52446,6573,25315,4554,45873,560,284,276
25395,52453,6573,25318,4554,45880,560,284,276
25400,52466,6574,25325,4555,45892,560,284,276
25405,52477,6574,25331,4555,45903,560,284,276
25410,52484,6574,25334,4555,45910,560,284,276
25415,52497,6575,25341,4555,45922,560,284,276
25420,52508,6575,25346,4555,45933,560,284,276
25425,52515,6576,25348,4556,45939,560,284,276
25430,52528,6577,25355,4556,45950,560,284,276
25435,52539,6578,25358,4557,45961,560,284,276
25440,52546,6579,25360,4557,45967,560,284,276
25445,52559,6581,25365,4558,45978,560,284,276
25450,52570,6581,25370,4558,45989,560,284,276
25455,52577,6582,25373,4558,45995,560,284,276
25460,52590,6583,25379,4558,46007,560,284,276
25465,52601,6583,25384,4558,46018,560,284,276
25470,52608,6584,25388,4558,46024,560,284,276
25475,52621,6586,25394,4559,46035,560,284,276
25480,52632,6586,25401,4559,46046,560,284,276
25485,52639,6588,25403,4559,46051,560,284,276
25490,52652,6589,25406,4559,46063,560,284,276
25495,52663,6590,25410,4559,46072,560,284,276
25500,52670,6593,25413,4562,46077,560,284,276
25505,52683,6594,25419,4563,46089,561,285,276
25510,52694,6596,25424,4565,46098,561,285,276
25515,52701,6598,25427,4566,46103,561,285,276
25520,52714,6598,25430,4566,46116,562,285,277
25525,52725,6599,25434,4566,46126,562,285,277
25530,52732,6601,25436,4566,46131,562,285,277
25535,52745,6601,25442,4566,46144,563,285,278
25540,52756,6603,25450,4568,46153,563,285,278
25545,52763,6605,25454,4569,46158,563,285,278
25550,52776,6606,25461,4570,46170,564,285,279
25555,52787,6607,25464,4570,46180,564,285,279
25560,52794,6609,25469,4572,46185,564,285,279
25565,52807,6609,25476,4572,46198,565,286,279
25570,52818,6611,25482,4574,46207,565,286,279
25575,52825,6613,25483,4574,46212,565,286,279
25580,52838,6613,25491,4574,46225,566,287,279
25585,52849,6616,25498,4577,46233,566,287,279
25590,52856,6618,25501,4578,46238,566,287,279
25595,52869,6618,25506,4578,46251,567,288,279
25600,52880,6620,25512,4580,46260,567,288,279
25605,52887,6622,25516,4581,46265,567,288,279
25610,52900,6626,25524,4584,46274,568,289,279
25615,52911,6630,25530,4587,46281,568,289,279
25620,52918,6632,25532,4588,46286,568,289,279
25625,52931,6634,25538,4590,46297,568,289,279
25630,52942,6634,25543,4590,46308,568,289,279
25635,52949,6634,25545,4590,46315,568,289,279
25640,52962,6635,25551,4591,46327,568,289,279
25645,52973,6635,25554,4591,46338,568,289,279
25650,52980,6635,25558,4591,46345,568,289,279
25655,52993,6636,25565,4592,46357,568,289,279
25660,53004,6636,25573,4592,46368,568,289,279
25665,53011,6636,25575,4592,46375,568,289,279
25670,53024,6637,25581,4592,46387,568,289,279
25675,53035,6637,25589,4592,46398,568,289,279
25680,53042,6637,25595,4592,46405,568,289,279
25685,53055,6638,25602,4593,46417,568,289,279
25690,53066,6638,25607,4593,46428,568,289,279
25695,53073,6638,25610,4593,46435,568,289,279
25700,53086,6639,25615,4594,46447,568,289,279
25705,53097,6639,25622,4594,46458,568,289,279
25710,53104,6639,25625,4594,46465,568,289,279
25715,53117,6640,25632,4594,46477,568,289,279
25720,53128,6640,25636,4594,46488,568,289,279
25725,53135,6642,25638,4594,46493,568,289,279
25730,53148,6644,25643,4595,46503,569,289,280
25735,53159,6647,25648,4597,46512,569,289,280
25740,53166,6649,25651,4598,46517,569,289,280
25745,53179,6649,25656,4598,46530,570,290,280
25750,53190,6650,25658,4599,46540,570,290,280
25755,53197,6652,25662,4601,46545,570,290,280
25760,53210,6654,25669,4603,46556,570,290,280
25765,53221,6656,25678,4605,46564,570,290,280
25770,53228,6659,25683,4608,46569,570,290,280
25775,53241,6659,25689,4608,46582,570,290,280
25780,53252,6660,25694,4608,46592,570,290,280
25785,53259,6662,25698,4609,46597,570,290,280
25790,53272,6663,25705,4610,46609,570,290,280
25795,53283,6664,25709,4610,46619,570,290,280
25800,53290,6666,25712,4612,46624,570,290,280
25805,53303,6666,25717,4612,46637,570,290,280
25810,53314,6668,25725,4613,46646,570,290,280
25815,53321,6669,25728,4614,46652,570,290,280
25820,53334,6671,25737,4616,46663,570,290,280
25825,53345,6672,25743,4616,46673,570,290,280
25830,53352,6673,25747,4616,46679,570,290,280
25835,53365,6674,25753,4617,46691,570,290,280
25840,53376,6676,25758,4618,46700,570,290,280
25845,53383,6677,25760,4619,46706,570,290,280
25850,53396,6678,25763,4620,46717,571,290,281
25855,53407,6682,25767,4623,46725,571,290,281
25860,53414,6683,25771,4624,46731,571,290,281
25865,53427,6684,25773,4625,46743,571,290,281
25870,53438,6684,25777,4625,46754,571,290,281
25875,53445,6685,25782,4626,46760,571,290,281
25880,53458,6686,25788,4627,46772,571,290,281
25885,53469,6687,25795,4628,46782,571,290,281
25890,53476,6688,25797,4628,46788,571,290,281
25895,53489,6689,25806,4629,46800,571,290,281
25900,53500,6690,25815,4630,46809,571,290,281
25905,53507,6692,25817,4631,46815,571,290,281
25910,53520,6693,25824,4631,46827,571,290,281
25915,53531,6694,25828,4632,46837,571,290,281
25920,53538,6695,25832,4632,46843,571,290,281
25925,53551,6696,25839,4632,46855,571,290,281
25930,53562,6696,25846,4632,46866,571,290,281
25935,53569,6696,25850,4632,46873,571,290,281
25940,53582,6697,25856,4632,46885,571,290,281
25945,53593,6697,25859,4632,46896,571,290,281
25950,53600,6697,25861,4632,46903,571,290,281
25955,53613,6698,25867,4632,46915,571,290,281
25960,53624,6698,25869,4632,46926,571,290,281
25965,53631,6699,25871,4632,46932,571,290,281
25970,53644,6702,25881,4634,46941,572,291,281
25975,53655,6708,25890,4639,46947,572,291,281
25980,53662,6709,25890,4639,46953,572,291,281
25985,53675,6709,25898,4639,46966,572,291,281
25990,53686,6709,25903,4639,46977,572,291,281
25995,53693,6710,25909,4640,46983,572,291,281
26000,53706,6710,25915,4640,46996,572,291,281
26005,53717,6710,25922,4640,47007,572,291,281
26010,53724,6711,25926,4640,47013,572,291,281
26015,53737,6711,25934,4640,47026,572,291,281
26020,53748,6712,25941,4641,47036,572,291,281
26025,53755,6713,25946,4642,47042,572,291,281
26030,53768,6713,25953,4642,47055,572,291,281
26035,53779,6713,25960,4642,47066,572,291,281
26040,53786,6714,25964,4643,47072,572,291,281
26045,53799,6714,25967,4643,47085,572,291,281
26050,53810,6715,25975,4644,47094,572,291,281
26055,53817,6717,25978,4645,47100,572,291,281
26060,53830,6717,25984,4645,47113,572,291,281
26065,53841,6717,25986,4645,47124,572,291,281
26070,53848,6718,25990,4645,47130,572,291,281
26075,53861,6718,25997,4645,47143,572,291,281
26080,53872,6718,26003,4645,47154,572,291,281
26085,53879,6720,26006,4647,47159,572,291,281
26090,53892,6721,26014,4648,47171,572,291,281
26095,53903,6723,26017,4649,47179,572,291,281
26100,53910,6726,26019,4650,47184,572,291,281
26105,53923,6727,26024,4651,47196,572,291,281
26110,53934,6728,26028,4652,47206,572,291,281
26115,53941,6729,26030,4652,47212,572,291,281
26120,53954,6730,26037,4653,47223,572,291,281
26125,53965,6732,26041,4654,47233,572,291,281
26130,53972,6733,26042,4654,47239,572,291,281
26135,53985,6734,26047,4654,47251,572,291,281
26140,53996,6736,26052,4655,47260,572,291,281
26145,54003,6737,26056,4656,47266,572,291,281
26150,54016,6738,26061,4656,47277,572,291,281
26155,54027,6741,26066,4659,47286,572,291,281
26160,54034,6742,26067,4659,47292,572,291,281
26165,54047,6743,26073,4660,47304,572,291,281
26170,54058,6745,26079,4662,47313,572,291,281
26175,54065,6746,26083,4662,47319,572,291,281
26180,54078,6747,26091,4662,47329,572,291,281
26185,54089,6751,26098,4665,47338,572,291,281
26190,54096,6751,26101,4665,47345,572,291,281
26195,54109,6752,26107,4665,47356,572,291,281
26200,54120,6754,26113,4666,47366,572,291,281
26205,54127,6754,26117,4666,47373,572,291,281
26210,54140,6755,26121,4666,47384,573,292,281
26215,54151,6758,26126,4668,47393,573,292,281
26220,54158,6759,26130,4669,47399,573,292,281
26225,54171,6760,26138,4670,47411,573,292,281
26230,54182,6761,26141,4671,47421,573,292,281
26235,54189,6761,26143,4671,47428,573,292,281
26240,54202,6761,26152,4671,47441,573,292,281
26245,54213,6762,26158,4671,47451,573,292,281
26250,54220,6762,26162,4671,47458,573,292,281
26255,54233,6762,26167,4671,47471,573,292,281
26260,54244,6763,26169,4671,47481,573,292,281
26265,54251,6763,26174,4671,47488,573,292,281
26270,54264,6763,26179,4671,47501,573,292,281
26275,54275,6764,26184,4672,47511,573,292,281
26280,54282,6764,26189,4672,47518,573,292,281
26285,54295,6764,26193,4672,47531,573,292,281
26290,54306,6765,26198,4672,47541,573,292,281
26295,54313,6765,26201,4672,47548,573,292,281
26300,54326,6765,26206,4672,47561,573,292,281
26305,54337,6766,26210,4672,47571,573,292,281
26310,54344,6766,26214,4672,47578,573,292,281
26315,54357,6766,26223,4672,47591,573,292,281
26320,54368,6767,26224,4672,47601,573,292,281
26325,54375,6768,26228,4673,47607,573,292,281
26330,54388,6771,26233,4675,47617,574,292,282
26335,54399,6773,26237,4677,47625,574,292,282
26340,54406,6776,26242,4680,47630,574,292,282
26345,54419,6777,26245,4681,47642,574,292,282
26350,54430,6777,26247,4681,47653,574,292,282
26355,54437,6779,26250,4681,47658,574,292,282
26360,54450,6780,26259,4682,47670,574,292,282
26365,54461,6780,26264,4682,47681,574,292,282
26370,54468,6782,26270,4684,47686,574,292,282
26375,54481,6783,26278,4684,47698,574,292,282
26380,54492,6783,26281,4684,47709,574,292,282
26385,54499,6785,26284,4684,47714,574,292,282
26390,54512,6786,26289,4684,47726,574,292,282
26395,54523,6786,26297,4684,47737,574,292,282
26400,54530,6788,26301,4685,47742,574,292,282
26405,54543,6789,26304,4686,47754,574,292,282
26410,54554,6789,26307,4686,47765,574,292,282
26415,54561,6791,26310,4688,47770,574,292,282
26420,54574,6792,26315,4689,47782,574,292,282
26425,54585,6792,26320,4689,47793,574,292,282
26430,54592,6794,26326,4691,47798,574,292,282
26435,54605,6795,26330,4691,47810,574,292,282
26440,54616,6795,26334,4691,47821,574,292,282
26445,54623,6797,26337,4692,47826,574,292,282
26450,54636,6798,26342,4693,47838,575,293,282
26455,54647,6803,26347,4697,47844,575,293,282
26460,54654,6805,26350,4697,47849,575,293,282
26465,54667,6805,26357,4697,47862,576,294,282
26470,54678,6806,26364,4698,47872,576,294,282
26475,54685,6807,26368,4699,47878,576,294,282
26480,54698,6807,26375,4699,47891,577,294,283
26485,54709,6808,26380,4700,47901,577,294,283
26490,54716,6809,26382,4700,47907,577,294,283
26495,54729,6809,26388,4700,47920,578,295,283
26500,54740,6809,26392,4700,47931,578,295,283
26505,54747,6810,26395,4700,47937,578,295,283
26510,54760,6810,26403,4700,47950,579,295,284
26515,54771,6810,26406,4700,47961,579,295,284
26520,54778,6811,26409,4701,47967,579,295,284
26525,54791,6811,26415,4701,47980,579,295,284
26530,54802,6811,26416,4701,47991,579,295,284
26535,54809,6812,26419,4702,47997,579,295,284
26540,54822,6812,26426,4702,48010,579,295,284
26545,54833,6812,26431,4702,48021,579,295,284
26550,54840,6813,26434,4702,48027,579,295,284
26555,54853,6813,26441,4702,48040,579,295,284
26560,54864,6813,26447,4702,48051,579,295,284
26565,54871,6815,26451,4702,48056,579,295,284
26570,54884,6817,26459,4704,48065,579,295,284
26575,54895,6823,26466,4710,48071,579,295,284
26580,54902,6826,26469,4711,48076,579,295,284
26585,54915,6828,26477,4713,48087,579,295,284
26590,54926,6829,26479,4714,48097,579,295,284
26595,54933,6830,26482,4715,48103,579,295,284
26600,54946,6831,26485,4715,48115,579,295,284
26605,54957,6832,26493,4716,48125,579,295,284
26610,54964,6833,26499,4717,48131,579,295,284
26615,54977,6835,26509,4719,48142,579,295,284
26620,54988,6836,26512,4719,48152,579,295,284
26625,54995,6837,26517,4719,48158,579,295,284
26630,55008,6838,26524,4720,48170,579,295,284
26635,55019,6839,26531,4721,48180,579,295,284
26640,55026,6840,26533,4721,48186,579,295,284
26645,55039,6842,26541,4722,48197,579,295,284
26650,55050,6843,26547,4723,48206,579,295,284
26655,55057,6845,26550,4724,48212,579,295,284
26660,55070,6846,26558,4725,48224,579,295,284
26665,55081,6847,26564,4726,48233,579,295,284
26670,55088,6849,26568,4728,48239,579,295,284
26675,55101,6851,26575,4730,48250,579,295,284
26680,55112,6852,26580,4730,48259,579,295,284
26685,55119,6855,26584,4733,48264,579,295,284
26690,55132,6856,26587,4733,48275,579,295,284
26695,55143,6859,26593,4736,48283,579,295,284
26700,55150,6862,26596,4737,48288,579,295,284
26705,55163,6863,26602,4738,48300,580,296,284
26710,55174,6863,26605,4738,48311,580,296,284
26715,55181,6864,26607,4738,48317,580,296,284
26720,55194,6865,26614,4739,48329,581,296,285
26725,55205,6866,26619,4740,48339,581,296,285
26730,55212,6867,26621,4741,48345,581,296,285
26735,55225,6868,26628,4742,48357,582,296,286
26740,55236,6868,26631,4742,48368,582,296,286
26745,55243,6869,26632,4742,48374,582,296,286
26750,55256,6869,26637,4742,48387,583,296,287
26755,55267,6869,26640,4742,48398,583,296,287
26760,55274,6870,26645,4742,48404,583,296,287
26765,55287,6870,26655,4742,48417,584,297,287
26770,55298,6870,26664,4742,48428,584,297,287
26775,55305,6870,26665,4742,48435,584,297,287
26780,55318,6870,26672,4742,48448,585,298,287
26785,55329,6870,26676,4742,48459,585,298,287
26790,55336,6870,26678,4742,48466,585,298,287
26795,55349,6870,26685,4742,48479,586,298,288
26800,55360,6870,26689,4742,48490,586,298,288
26805,55367,6871,26691,4743,48496,586,298,288
26810,55380,6873,26697,4744,48506,587,298,289
26815,55391,6876,26701,4747,48515,587,298,289
26820,55398,6877,26704,4747,48521,587,298,289
26825,55411,6879,26710,4749,48532,587,298,289
26830,55422,6880,26716,4749,48541,587,298,289
26835,55429,6882,26721,4751,48547,587,298,289
26840,55442,6884,26730,4753,48556,587,298,289
26845,55453,6886,26735,4755,48567,587,298,289
26850,55460,6887,26738,4755,48573,587,298,289
26855,55473,6888,26744,4755,48585,587,298,289
26860,55484,6888,26749,4755,48595,587,298,289
26865,55491,6890,26754,4757,48601,587,298,289
26870,55504,6891,26761,4758,48613,587,298,289
26875,55515,6891,26765,4758,48624,587,298,289
26880,55522,6892,26767,4759,48630,587,298,289
26885,55535,6893,26773,4759,48642,587,298,289
26890,55546,6893,26779,4759,48652,587,298,289
26895,55553,6895,26781,4761,48658,587,298,289
26900,55566,6896,26788,4762,48670,587,298,289
26905,55577,6896,26792,4762,48681,587,298,289
26910,55584,6897,26795,4763,48687,587,298,289
26915,55597,6898,26800,4763,48699,587,298,289
26920,55608,6898,26808,4763,48709,587,298,289
26925,55615,6900,26811,4765,48715,587,298,289
26930,55628,6901,26818,4765,48727,588,299,289
26935,55639,6902,26820,4766,48737,588,299,289
26940,55646,6904,26824,4766,48742,588,299,289
26945,55659,6906,26831,4768,48752,589,300,289
26950,55670,6910,26835,4771,48760,589,300,289
26955,55677,6912,26837,4771,48765,589,300,289
26960,55690,6913,26842,4771,48777,590,301,289
26965,55701,6915,26845,4772,48786,590,301,289
26970,55708,6917,26847,4772,48791,590,301,289
26975,55721,6921,26854,4775,48800,591,301,290
26980,55732,6923,26856,4776,48809,591,301,290
26985,55739,6925,26859,4777,48814,591,301,290
26990,55752,6928,26865,4780,48824,592,301,291
26995,55763,6930,26873,4782,48833,592,301,291
27000,55770,6932,26876,4783,48838,592,301,291
27005,55783,6932,26883,4783,48851,593,302,291
27010,55794,6934,26888,4784,48860,593,302,291
27015,55801,6936,26892,4786,48865,593,302,291
27020,55814,6937,26898,4787,48877,594,302,292
27025,55825,6939,26904,4789,48886,594,302,292
27030,55832,6941,26907,4790,48891,594,302,292
27035,55845,6942,26913,4791,48903,595,303,292
27040,55856,6944,26916,4792,48912,595,303,292
27045,55863,6946,26921,4793,48917,595,303,292
27050,55876,6946,26927,4793,48930,596,303,293
27055,55887,6948,26933,4794,48939,596,303,293
27060,55894,6950,26937,4795,48944,596,303,293
27065,55907,6950,26946,4795,48957,596,303,293
27070,55918,6950,26950,4795,48968,596,303,293
27075,55925,6950,26951,4795,48975,596,303,293
27080,55938,6950,26955,4795,48988,596,303,293
27085,55949,6950,26960,4795,48999,596,303,293
27090,55956,6950,26964,4795,49006,596,303,293
27095,55969,6950,26970,4795,49019,596,303,293
27100,55980,6950,26972,4795,49030,596,303,293
27105,55987,6950,26976,4795,49037,596,303,293
27110,56000,6951,26982,4796,49049,596,303,293
27115,56011,6951,26986,4796,49060,596,303,293
27120,56018,6951,26989,4796,49067,596,303,293
27125,56031,6952,26992,4796,49079,596,303,293
27130,56042,6952,26996,4796,49090,596,303,293
27135,56049,6952,26998,4796,49097,596,303,293
27140,56062,6954,27003,4798,49108,596,303,293
27145,56073,6954,27008,4798,49119,596,303,293
27150,56080,6954,27010,4798,49126,596,303,293
27155,56093,6955,27017,4799,49138,596,303,293
27160,56104,6955,27023,4799,49149,596,303,293
27165,56111,6957,27027,4800,49154,596,303,293
27170,56124,6960,27034,4802,49163,597,303,294
27175,56135,6963,27037,4804,49172,597,303,294
27180,56142,6965,27038,4804,49177,597,303,294
27185,56155,6966,27042,4804,49189,598,303,295
27190,56166,6967,27047,4804,49199,598,303,295
27195,56173,6969,27051,4805,49204,598,303,295
27200,56186,6970,27057,4806,49216,599,304,295
27205,56197,6971,27065,4807,49226,599,304,295
27210,56204,6973,27070,4808,49231,599,304,295
27215,56217,6974,27076,4808,49243,600,304,296
27220,56228,6975,27080,4808,49253,600,304,296
27225,56235,6977,27083,4810,49258,600,304,296
27230,56248,6980,27090,4813,49268,601,304,297
27235,56259,6981,27098,4814,49278,601,304,297
27240,56266,6983,27102,4815,49283,601,304,297
27245,56279,6984,27108,4816,49295,601,304,297
27250,56290,6984,27113,4816,49306,601,304,297
27255,56297,6986,27115,4816,49311,601,304,297
27260,56310,6987,27119,4817,49323,601,304,297
27265,56321,6987,27124,4817,49334,601,304,297
27270,56328,6989,27128,4818,49339,601,304,297
27275,56341,6990,27134,4818,49351,601,304,297
27280,56352,6990,27140,4818,49361,601,304,297
27285,56359,6993,27144,4820,49366,601,304,297
27290,56372,6994,27148,4820,49378,601,304,297
27295,56383,6994,27153,4820,49389,601,304,297
27300,56390,6996,27158,4822,49394,601,304,297
27305,56403,6998,27165,4824,49405,602,305,297
27310,56414,7000,27169,4826,49414,602,305,297
27315,56421,7002,27172,4827,49419,602,305,297
27320,56434,7003,27182,4828,49431,603,305,298
27325,56445,7004,27189,4829,49440,603,305,298
27330,56452,7007,27193,4830,49445,603,305,298
27335,56465,7009,27202,4832,49456,604,306,298
27340,56476,7009,27207,4832,49467,604,306,298
27345,56483,7011,27210,4833,49472,604,306,298
27350,56496,7012,27214,4834,49484,605,307,298
27355,56507,7014,27220,4835,49493,605,307,298
27360,56514,7016,27224,4836,49498,605,307,298
27365,56527,7019,27233,4839,49508,605,307,298
27370,56538,7021,27239,4841,49517,605,307,298
27375,56545,7023,27243,4843,49522,605,307,298
27380,56558,7025,27248,4845,49532,605,307,298
27385,56569,7028,27252,4847,49541,605,307,298
27390,56576,7030,27256,4848,49546,605,307,298
27395,56589,7032,27263,4850,49556,605,307,298
27400,56600,7035,27269,4853,49565,605,307,298
27405,56607,7036,27275,4854,49571,605,307,298
27410,56620,7037,27280,4855,49582,605,307,298
27415,56631,7040,27286,4858,49591,605,307,298
27420,56638,7041,27291,4859,49597,605,307,298
27425,56651,7043,27295,4861,49608,605,307,298
27430,56662,7043,27299,4861,49618,605,307,298
27435,56669,7045,27305,4863,49624,605,307,298
27440,56682,7048,27316,4866,49634,605,307,298
27445,56693,7049,27321,4867,49643,605,307,298
27450,56700,7051,27325,4869,49649,605,307,298
27455,56713,7052,27331,4869,49661,605,307,298
27460,56724,7052,27334,4869,49672,605,307,298
27465,56731,7053,27337,4869,49678,605,307,298
27470,56744,7054,27343,4869,49690,605,307,298
27475,56755,7055,27349,4870,49699,605,307,298
27480,56762,7057,27352,4871,49705,605,307,298
27485,56775,7059,27359,4873,49716,605,307,298
27490,56786,7059,27363,4873,49727,605,307,298
27495,56793,7059,27369,4873,49734,605,307,298
27500,56806,7061,27374,4874,49745,605,307,298
27505,56817,7061,27379,4874,49756,605,307,298
27510,56824,7062,27382,4874,49762,605,307,298
27515,56837,7064,27388,4875,49773,605,307,298
27520,56848,7065,27394,4876,49783,605,307,298
27525,56855,7066,27396,4876,49789,605,307,298
27530,56868,7067,27404,4877,49800,606,308,298
27535,56879,7070,27409,4880,49809,606,308,298
27540,56886,7071,27412,4881,49815,606,308,298
27545,56899,7072,27416,4882,49827,607,308,299
27550,56910,7074,27422,4883,49836,607,308,299
27555,56917,7075,27425,4883,49842,607,308,299
27560,56930,7076,27430,4884,49854,608,308,300
27565,56941,7077,27432,4885,49864,608,308,300
27570,56948,7078,27436,4886,49870,608,308,300
27575,56961,7079,27441,4887,49882,609,309,300
27580,56972,7081,27448,4889,49891,609,309,300
27585,56979,7082,27450,4889,49897,609,309,300
27590,56992,7082,27453,4889,49910,610,309,301
27595,57003,7083,27458,4889,49920,610,309,301
27600,57010,7085,27459,4890,49925,610,309,301
27605,57023,7085,27464,4890,49938,610,309,301
27610,57034,7086,27468,4891,49948,610,309,301
27615,57041,7088,27472,4893,49953,610,309,301
27620,57054,7089,27480,4894,49965,610,309,301
27625,57065,7091,27484,4895,49974,610,309,301
27630,57072,7093,27487,4895,49979,610,309,301
27635,57085,7093,27492,4895,49992,610,309,301
27640,57096,7095,27498,4896,50001,610,309,301
27645,57103,7097,27501,4896,50006,610,309,301
27650,57116,7098,27508,4897,50017,611,309,302
27655,57127,7102,27513,4900,50025,611,309,302
27660,57134,7104,27517,4901,50030,611,309,302
27665,57147,7105,27522,4901,50042,612,309,303
27670,57158,7105,27526,4901,50053,612,309,303
27675,57165,7106,27530,4901,50059,612,309,303
27680,57178,7107,27533,4902,50071,612,309,303
27685,57189,7107,27536,4902,50082,612,309,303
27690,57196,7108,27540,4903,50088,612,309,303
27695,57209,7110,27545,4904,50099,612,309,303
27700,57220,7110,27550,4904,50109,612,309,303
27705,57227,7112,27554,4905,50115,612,309,303
27710,57240,7113,27562,4905,50127,612,309,303
27715,57251,7113,27570,4905,50137,612,309,303
27720,57258,7115,27571,4906,50143,612,309,303
27725,57271,7115,27576,4906,50156,612,309,303
27730,57282,7115,27581,4906,50167,612,309,303
27735,57289,7116,27586,4907,50173,612,309,303
27740,57302,7116,27595,4907,50186,612,309,303
27745,57313,7116,27599,4907,50197,612,309,303
27750,57320,7117,27601,4908,50203,612,309,303
27755,57333,7117,27606,4908,50216,612,309,303
27760,57344,7118,27609,4909,50226,612,309,303
27765,57351,7119,27614,4910,50232,612,309,303
27770,57364,7119,27620,4910,50244,613,310,303
27775,57375,7122,27626,4912,50253,613,310,303
27780,57382,7124,27629,4913,50258,613,310,303
27785,57395,7125,27636,4914,50270,614,310,304
27790,57406,7127,27641,4915,50279,614,310,304
27795,57413,7128,27644,4915,50285,614,310,304
27800,57426,7129,27652,4916,50297,615,311,304
27805,57437,7130,27656,4916,50307,615,311,304
27810,57444,7131,27657,4916,50313,615,311,304
27815,57457,7132,27665,4917,50324,616,312,304
27820,57468,7135,27672,4919,50333,616,312,304
27825,57475,7136,27678,4920,50339,616,312,304
27830,57488,7138,27684,4921,50350,617,312,305
27835,57499,7139,27686,4921,50360,617,312,305
27840,57506,7140,27691,4921,50366,617,312,305
27845,57519,7141,27694,4922,50378,617,312,305
27850,57530,7141,27696,4922,50389,617,312,305
27855,57537,7141,27700,4922,50396,617,312,305
27860,57550,7142,27704,4922,50408,617,312,305
27865,57561,7142,27709,4922,50419,617,312,305
27870,57568,7142,27712,4922,50426,617,312,305
27875,57581,7143,27721,4922,50438,617,312,305
27880,57592,7143,27725,4922,50449,617,312,305
27885,57599,7143,27729,4922,50456,617,312,305
27890,57612,7144,27736,4922,50468,617,312,305
27895,57623,7144,27739,4922,50479,617,312,305
27900,57630,7144,27741,4922,50486,617,312,305
27905,57643,7145,27744,4922,50498,618,312,306
27910,57654,7146,27748,4922,50508,618,312,306
27915,57661,7147,27750,4923,50514,618,312,306
27920,57674,7148,27756,4924,50525,618,312,306
27925,57685,7151,27763,4927,50534,618,312,306
27930,57692,7152,27767,4928,50540,618,312,306
27935,57705,7154,27774,4930,50551,618,312,306
27940,57716,7155,27780,4930,50561,618,312,306
27945,57723,7156,27783,4931,50567,618,312,306
27950,57736,7159,27790,4934,50577,618,312,306
27955,57747,7161,27795,4935,50586,618,312,306
27960,57754,7163,27797,4936,50591,618,312,306
27965,57767,7165,27801,4938,50602,618,312,306
27970,57778,7167,27806,4940,50611,618,312,306
27975,57785,7169,27810,4940,50616,618,312,306
27980,57798,7170,27817,4940,50628,618,312,306
27985,57809,7172,27822,4941,50637,618,312,306
27990,57816,7174,27826,4941,50642,618,312,306
27995,57829,7176,27833,4943,50653,618,312,306
28000,57840,7178,27836,4945,50661,618,312,306
28005,57847,7181,27840,4947,50666,618,312,306
28010,57860,7183,27846,4948,50677,619,312,307
28015,57871,7186,27852,4950,50684,619,312,307
28020,57878,7189,27856,4953,50689,619,312,307
28025,57891,7190,27863,4953,50701,619,312,307
28030,57902,7191,27867,4954,50711,619,312,307
28035,57909,7191,27870,4954,50718,619,312,307
28040,57922,7192,27877,4955,50730,619,312,307
28045,57933,7192,27881,4955,50741,619,312,307
28050,57940,7192,27886,4955,50748,619,312,307
28055,57953,7193,27890,4955,50760,619,312,307
28060,57964,7193,27894,4955,50771,619,312,307
28065,57971,7193,27898,4955,50778,619,312,307
28070,57984,7194,27902,4955,50790,619,312,307
28075,57995,7194,27909,4955,50801,619,312,307
28080,58002,7194,27914,4955,50808,619,312,307
28085,58015,7197,27921,4957,50818,619,312,307
28090,58026,7199,27930,4959,50827,619,312,307
28095,58033,7200,27935,4960,50833,619,312,307
28100,58046,7201,27939,4961,50845,619,312,307
28105,58057,7203,27945,4963,50854,619,312,307
28110,58064,7204,27951,4964,50860,619,312,307
28115,58077,7205,27958,4964,50872,619,312,307
28120,58088,7207,27964,4966,50881,619,312,307
28125,58095,7208,27966,4966,50887,619,312,307
28130,58108,7210,27970,4967,50898,619,312,307
28135,58119,7212,27977,4968,50906,619,312,307
28140,58126,7214,27980,4969,50912,619,312,307
28145,58139,7215,27984,4969,50924,619,312,307
28150,58150,7216,27988,4969,50933,619,312,307
28155,58157,7218,27991,4970,50939,619,312,307
28160,58170,7220,27997,4971,50950,619,312,307
28165,58181,7222,28002,4972,50959,619,312,307
28170,58188,7223,28006,4973,50965,619,312,307
28175,58201,7225,28014,4974,50976,619,312,307
28180,58212,7227,28019,4976,50984,619,312,307
28185,58219,7230,28025,4979,50989,619,312,307
28190,58232,7233,28031,4981,50998,620,312,308
28195,58243,7236,28035,4983,51007,620,312,308
28200,58250,7237,28039,4984,51013,620,312,308
28205,58263,7237,28048,4984,51026,621,313,308
28210,58274,7238,28053,4985,51036,621,313,308
28215,58281,7239,28058,4985,51042,621,313,308
28220,58294,7239,28069,4985,51054,622,314,308
28225,58305,7241,28073,4987,51064,622,314,308
28230,58312,7242,28076,4987,51070,622,314,308
28235,58325,7242,28081,4987,51083,623,314,309
28240,58336,7243,28088,4988,51093,623,314,309
28245,58343,7244,28092,4989,51099,623,314,309
28250,58356,7244,28102,4989,51111,624,315,309
28255,58367,7245,28109,4990,51122,624,315,309
28260,58374,7246,28112,4991,51128,624,315,309
28265,58387,7246,28118,4991,51141,625,316,309
28270,58398,7246,28122,4991,51152,625,316,309
28275,58405,7246,28125,4991,51159,625,316,309
28280,58418,7246,28132,4991,51172,626,316,310
28285,58429,7246,28137,4991,51183,626,316,310
28290,58436,7246,28141,4991,51190,626,316,310
28295,58449,7246,28148,4991,51203,627,317,310
28300,58460,7246,28154,4991,51214,627,317,310
28305,58467,7247,28156,4991,51220,627,317,310
28310,58480,7247,28160,4991,51233,628,317,311
28315,58491,7250,28168,4994,51240,628,317,311
28320,58498,7252,28173,4996,51246,628,317,311
28325,58511,7254,28180,4998,51257,628,317,311
28330,58522,7256,28186,4999,51266,628,317,311
28335,58529,7258,28189,5000,51271,628,317,311
28340,58542,7259,28196,5000,51283,628,317,311
28345,58553,7260,28200,5000,51292,628,317,311
28350,58560,7263,28207,5003,51297,628,317,311
28355,58573,7264,28213,5003,51309,628,317,311
28360,58584,7265,28217,5003,51319,628,317,311
28365,58591,7267,28219,5003,51324,628,317,311
28370,58604,7268,28224,5004,51336,628,317,311
28375,58615,7269,28229,5004,51345,628,317,311
28380,58622,7272,28233,5006,51350,628,317,311
28385,58635,7274,28238,5007,51361,629,317,312
28390,58646,7275,28243,5008,51371,629,317,312
28395,58653,7277,28247,5009,51376,629,317,312
28400,58666,7278,28251,5010,51388,630,317,313
28405,58677,7279,28253,5011,51398,630,317,313
28410,58684,7281,28257,5011,51403,630,317,313
28415,58697,7282,28264,5011,51415,631,318,313
28420,58708,7284,28269,5012,51424,631,318,313
28425,58715,7286,28273,5014,51429,631,318,313
28430,58728,7290,28280,5018,51437,632,318,314
28435,58739,7294,28286,5021,51445,632,318,314
28440,58746,7296,28288,5023,51450,632,318,314
28445,58759,7297,28291,5023,51462,632,318,314
28450,58770,7297,28294,5023,51473,632,318,314
28455,58777,7297,28296,5023,51480,632,318,314
28460,58790,7299,28303,5025,51491,632,318,314
28465,58801,7299,28310,5025,51502,632,318,314
28470,58808,7299,28314,5025,51509,632,318,314
28475,58821,7301,28319,5026,51520,632,318,314
28480,58832,7301,28323,5026,51531,632,318,314
28485,58839,7301,28326,5026,51538,632,318,314
28490,58852,7302,28333,5027,51550,632,318,314
28495,58863,7302,28339,5027,51561,632,318,314
28500,58870,7302,28343,5027,51568,632,318,314
28505,58883,7303,28349,5028,51580,632,318,314
28510,58894,7303,28356,5028,51591,632,318,314
28515,58901,7303,28360,5028,51598,632,318,314
28520,58914,7304,28367,5028,51610,632,318,314
28525,58925,7304,28372,5028,51621,632,318,314
28530,58932,7304,28376,5028,51628,632,318,314
28535,58945,7305,28382,5028,51640,632,318,314
28540,58956,7305,28386,5028,51651,632,318,314
28545,58963,7306,28388,5028,51657,632,318,314
28550,58976,7307,28395,5029,51669,632,318,314
28555,58987,7308,28400,5029,51679,632,318,314
28560,58994,7310,28403,5029,51684,632,318,314
28565,59007,7311,28410,5030,51696,633,319,314
28570,59018,7313,28416,5032,51704,633,319,314
28575,59025,7316,28421,5035,51709,633,319,314
28580,59038,7316,28425,5035,51722,634,320,314
28585,59049,7317,28429,5036,51732,634,320,314
28590,59056,7319,28431,5037,51737,634,320,314
28595,59069,7319,28436,5037,51750,634,320,314
28600,59080,7319,28442,5037,51761,634,320,314
28605,59087,7321,28446,5038,51766,634,320,314
28610,59100,7322,28456,5039,51778,634,320,314
28615,59111,7322,28460,5039,51788,634,320,314
28620,59118,7325,28463,5040,51793,634,320,314
28625,59131,7326,28471,5041,51805,634,320,314
28630,59142,7327,28476,5042,51814,634,320,314
28635,59149,7330,28479,5044,51819,634,320,314
28640,59162,7330,28483,5044,51832,634,320,314
28645,59173,7330,28486,5044,51843,634,320,314
28650,59180,7332,28490,5045,51848,634,320,314
28655,59193,7332,28496,5045,51861,634,320,314
28660,59204,7333,28503,5046,51870,634,320,314
28665,59211,7336,28504,5048,51875,634,320,314
28670,59224,7338,28508,5049,51886,634,320,314
28675,59235,7340,28514,5051,51894,634,320,314
28680,59242,7343,28516,5052,51899,634,320,314
28685,59255,7344,28523,5052,51911,634,320,314
28690,59266,7344,28528,5052,51922,634,320,314
28695,59273,7344,28530,5052,51929,634,320,314
28700,59286,7345,28534,5052,51941,634,320,314
28705,59297,7345,28539,5052,51952,634,320,314
28710,59304,7345,28544,5052,51959,634,320,314
28715,59317,7346,28550,5053,51971,634,320,314
28720,59328,7346,28557,5053,51982,634,320,314
28725,59335,7346,28561,5053,51989,634,320,314
28730,59348,7348,28567,5054,52000,634,320,314
28735,59359,7348,28571,5054,52011,634,320,314
28740,59366,7348,28574,5054,52018,634,320,314
28745,59379,7350,28579,5055,52029,634,320,314
28750,59390,7350,28583,5055,52040,634,320,314
28755,59397,7350,28585,5055,52047,634,320,314
28760,59410,7352,28593,5056,52058,634,320,314
28765,59421,7352,28596,5056,52069,634,320,314
28770,59428,7352,28600,5056,52076,634,320,314
28775,59441,7354,28607,5058,52087,634,320,314
28780,59452,7354,28613,5058,52098,634,320,314
28785,59459,7356,28615,5059,52103,634,320,314
28790,59472,7358,28621,5061,52114,635,321,314
28795,59483,7363,28628,5066,52119,635,321,314
28800,59490,7366,28631,5068,52124,635,321,314
28805,59503,7366,28637,5068,52137,635,321,314
28810,59514,7368,28645,5070,52145,635,321,314
28815,59521,7371,28649,5073,52150,635,321,314
28820,59534,7372,28656,5074,52162,635,321,314
28825,59545,7375,28660,5076,52170,635,321,314
28830,59552,7377,28662,5076,52175,635,321,314
28835,59565,7378,28672,5077,52187,635,321,314
28840,59576,7381,28680,5080,52195,635,321,314
28845,59583,7382,28683,5081,52201,635,321,314
28850,59596,7382,28691,5081,52214,635,321,314
28855,59607,7384,28696,5082,52223,635,321,314
28860,59614,7385,28699,5082,52229,635,321,314
28865,59627,7386,28710,5083,52241,635,321,314
28870,59638,7388,28717,5084,52250,635,321,314
28875,59645,7389,28719,5085,52256,635,321,314
28880,59658,7390,28726,5086,52268,635,321,314
28885,59669,7391,28732,5086,52278,635,321,314
28890,59676,7392,28736,5086,52284,635,321,314
28895,59689,7392,28742,5086,52297,635,321,314
28900,59700,7393,28747,5086,52307,635,321,314
28905,59707,7394,28750,5087,52313,635,321,314
28910,59720,7395,28758,5087,52324,636,322,314
28915,59731,7399,28766,5091,52332,636,322,314
28920,59738,7400,28769,5092,52338,636,322,314
28925,59751,7401,28772,5093,52350,637,322,315
28930,59762,7401,28778,5093,52361,637,322,315
28935,59769,7401,28781,5093,52368,637,322,315
28940,59782,7403,28787,5095,52379,637,322,315
28945,59793,7404,28793,5096,52389,637,322,315
28950,59800,7405,28797,5097,52395,637,322,315
28955,59813,7406,28803,5098,52407,637,322,315
28960,59824,7407,28808,5099,52416,637,322,315
28965,59831,7409,28810,5100,52422,637,322,315
28970,59844,7411,28819,5102,52433,637,322,315
28975,59855,7411,28823,5102,52444,637,322,315
28980,59862,7412,28826,5102,52450,637,322,315
28985,59875,7414,28831,5103,52461,637,322,315
28990,59886,7414,28834,5103,52472,637,322,315
28995,59893,7415,28836,5103,52478,637,322,315
29000,59906,7417,28839,5104,52489,637,322,315
29005,59917,7417,28844,5104,52500,637,322,315
29010,59924,7418,28848,5105,52506,637,322,315
29015,59937,7419,28854,5106,52518,637,322,315
29020,59948,7420,28859,5107,52528,637,322,315
29025,59955,7422,28859,5107,52533,637,322,315
29030,59968,7425,28865,5109,52543,637,322,315
29035,59979,7428,28872,5112,52551,637,322,315
29040,59986,7430,28877,5113,52556,637,322,315
29045,59999,7432,28882,5115,52567,638,322,316
29050,60010,7434,28886,5116,52576,638,322,316
29055,60017,7436,28891,5118,52581,638,322,316
29060,60030,7437,28897,5119,52593,639,322,317
29065,60041,7440,28903,5121,52601,639,322,317
29070,60048,7442,28908,5122,52606,639,322,317
29075,60061,7442,28916,5122,52619,640,323,317
29080,60072,7444,28921,5123,52628,640,323,317
29085,60079,7446,28923,5123,52633,640,323,317
29090,60092,7447,28929,5124,52645,641,324,317
29095,60103,7448,28937,5125,52655,641,324,317
29100,60110,7450,28942,5126,52660,641,324,317
29105,60123,7450,28946,5126,52673,642,324,318
29110,60134,7451,28950,5126,52683,642,324,318
29115,60141,7452,28953,5126,52689,642,324,318
29120,60154,7454,28962,5128,52700,643,324,319
29125,60165,7456,28968,5129,52709,643,324,319
29130,60172,7457,28969,5129,52715,643,324,319
29135,60185,7457,28973,5129,52728,644,324,320
29140,60196,7458,28977,5129,52738,644,324,320
29145,60203,7459,28983,5130,52744,644,324,320
29150,60216,7461,28988,5131,52755,645,325,320
29155,60227,7464,28996,5134,52763,645,325,320
29160,60234,7465,29000,5135,52769,645,325,320
29165,60247,7467,29006,5136,52780,645,325,320
29170,60258,7468,29011,5137,52790,645,325,320
29175,60265,7469,29011,5137,52796,645,325,320
29180,60278,7471,29015,5139,52807,645,325,320
29185,60289,7472,29021,5140,52817,645,325,320
29190,60296,7473,29025,5140,52823,645,325,320
29195,60309,7474,29033,5141,52835,645,325,320
29200,60320,7475,29040,5142,52845,645,325,320
29205,60327,7476,29043,5142,52851,645,325,320
29210,60340,7478,29049,5143,52862,645,325,320
29215,60351,7479,29056,5144,52872,645,325,320
29220,60358,7480,29061,5144,52878,645,325,320
29225,60371,7482,29068,5145,52889,645,325,320
29230,60382,7482,29071,5145,52900,645,325,320
29235,60389,7483,29074,5145,52906,645,325,320
29240,60402,7485,29082,5147,52917,645,325,320
29245,60413,7486,29086,5148,52927,645,325,320
29250,60420,7487,29090,5149,52933,645,325,320
29255,60433,7489,29096,5150,52944,645,325,320
29260,60444,7490,29103,5151,52953,645,325,320
29265,60451,7493,29107,5154,52958,645,325,320
29270,60464,7495,29113,5156,52969,646,325,321
29275,60475,7497,29118,5157,52977,646,325,321
29280,60482,7500,29120,5158,52982,646,325,321
29285,60495,7500,29126,5158,52995,647,325,322
29290,60506,7500,29132,5158,53006,647,325,322
29295,60513,7501,29136,5159,53012,647,325,322
29300,60526,7501,29147,5159,53025,647,325,322
29305,60537,7502,29151,5160,53035,647,325,322
29310,60544,7503,29153,5160,53041,647,325,322
29315,60557,7503,29161,5160,53054,647,325,322
29320,60568,7504,29166,5161,53064,647,325,322
29325,60575,7505,29171,5162,53070,647,325,322
29330,60588,7505,29173,5162,53083,647,325,322
29335,60599,7505,29177,5162,53094,647,325,322
29340,60606,7506,29180,5162,53100,647,325,322
29345,60619,7506,29186,5162,53113,647,325,322
29350,60630,7508,29190,5164,53122,647,325,322
29355,60637,7510,29195,5166,53127,647,325,322
29360,60650,7510,29201,5166,53140,647,325,322
29365,60661,7512,29210,5168,53148,647,325,322
29370,60668,7515,29214,5171,53153,647,325,322
29375,60681,7515,29219,5171,53166,647,325,322
29380,60692,7516,29226,5172,53176,647,325,322
29385,60699,7518,29231,5174,53181,647,325,322
29390,60712,7521,29236,5176,53190,648,325,323
29395,60723,7526,29242,5180,53197,648,325,323
29400,60730,7528,29249,5182,53202,648,325,323
29405,60743,7530,29255,5184,53212,648,325,323
29410,60754,7533,29259,5186,53221,648,325,323
29415,60761,7533,29264,5186,53228,648,325,323
29420,60774,7535,29272,5188,53238,648,325,323
29425,60785,7537,29280,5190,53248,648,325,323
29430,60792,7537,29282,5190,53255,648,325,323
29435,60805,7538,29290,5191,53266,648,325,323
29440,60816,7540,29298,5192,53276,648,325,323
29445,60823,7540,29302,5192,53283,648,325,323
29450,60836,7541,29305,5192,53295,648,325,323
29455,60847,7542,29310,5192,53305,648,325,323
29460,60854,7542,29314,5192,53312,648,325,323
29465,60867,7543,29319,5193,53324,648,325,323
29470,60878,7544,29324,5194,53334,648,325,323
29475,60885,7544,29327,5194,53341,648,325,323
29480,60898,7546,29334,5196,53352,648,325,323
29485,60909,7547,29340,5197,53362,648,325,323
29490,60916,7547,29341,5197,53369,648,325,323
29495,60929,7549,29348,5199,53380,648,325,323
29500,60940,7550,29349,5199,53390,648,325,323
29505,60947,7552,29351,5200,53395,648,325,323
29510,60960,7556,29359,5203,53403,649,326,323
29515,60971,7560,29366,5207,53411,649,326,323
29520,60978,7562,29370,5208,53416,649,326,323
29525,60991,7562,29376,5208,53429,649,326,323
29530,61002,7563,29382,5209,53439,649,326,323
29535,61009,7565,29384,5210,53444,649,326,323
29540,61022,7565,29390,5210,53457,649,326,323
29545,61033,7565,29393,5210,53468,649,326,323
29550,61040,7567,29397,5212,53473,649,326,323
29555,61053,7567,29402,5212,53486,649,326,323
29560,61064,7567,29406,5212,53497,649,326,323
29565,61071,7569,29410,5214,53502,649,326,323
29570,61084,7569,29413,5214,53515,649,326,323
29575,61095,7570,29421,5215,53525,649,326,323
29580,61102,7572,29424,5216,53530,649,326,323
29585,61115,7573,29430,5217,53542,649,326,323
29590,61126,7573,29435,5217,53553,649,326,323
29595,61133,7575,29436,5217,53558,649,326,323
29600,61146,7576,29440,5218,53570,649,326,323
29605,61157,7577,29446,5219,53579,649,326,323
29610,61164,7580,29450,5221,53584,649,326,323
29615,61177,7580,29456,5221,53597,649,326,323
29620,61188,7580,29461,5221,53608,649,326,323
29625,61195,7582,29463,5221,53613,649,326,323
29630,61208,7582,29469,5221,53626,650,327,323
29635,61219,7583,29472,5221,53635,650,327,323
29640,61226,7586,29477,5224,53640,650,327,323
29645,61239,7586,29481,5224,53653,650,327,323
29650,61250,7588,29486,5226,53662,650,327,323
29655,61257,7589,29489,5226,53668,650,327,323
29660,61270,7589,29495,5226,53681,650,327,323
29665,61281,7590,29499,5227,53691,650,327,323
29670,61288,7591,29504,5228,53697,650,327,323
29675,61301,7591,29512,5228,53710,650,327,323
29680,61312,7593,29518,5230,53719,650,327,323
29685,61319,7594,29522,5230,53725,650,327,323
29690,61332,7596,29531,5231,53735,650,327,323
29695,61343,7599,29537,5233,53743,650,327,323
29700,61350,7601,29542,5234,53749,650,327,323
29705,61363,7602,29546,5234,53761,650,327,323
29710,61374,7603,29550,5234,53771,650,327,323
29715,61381,7603,29552,5234,53778,650,327,323
29720,61394,7604,29560,5234,53789,650,327,323
29725,61405,7606,29567,5236,53799,650,327,323
29730,61412,7606,29570,5236,53806,650,327,323
29735,61425,7607,29576,5236,53818,650,327,323
29740,61436,7608,29580,5237,53828,650,327,323
29745,61443,7609,29583,5238,53834,650,327,323
29750,61456,7611,29589,5239,53844,650,327,323
29755,61467,7614,29595,5242,53853,650,327,323
29760,61474,7615,29599,5243,53859,650,327,323
29765,61487,7616,29603,5243,53871,650,327,323
29770,61498,7616,29608,5243,53882,650,327,323
29775,61505,7617,29612,5244,53888,650,327,323
29780,61518,7619,29620,5246,53899,650,327,323
29785,61529,7619,29625,5246,53910,650,327,323
29790,61536,7620,29630,5247,53916,650,327,323
29795,61549,7622,29634,5248,53927,650,327,323
29800,61560,7623,29641,5249,53937,650,327,323
29805,61567,7624,29646,5249,53943,650,327,323
29810,61580,7625,29652,5250,53955,650,327,323
29815,61591,7625,29659,5250,53966,650,327,323
29820,61598,7627,29663,5250,53971,650,327,323
29825,61611,7628,29668,5250,53983,650,327,323
29830,61622,7628,29673,5250,53993,650,327,323
29835,61629,7631,29675,5252,53998,650,327,323
29840,61642,7633,29683,5253,54009,650,327,323
29845,61653,7634,29689,5254,54018,650,327,323
29850,61660,7637,29693,5256,54023,650,327,323
29855,61673,7639,29696,5257,54034,650,327,323
29860,61684,7639,29703,5257,54044,650,327,323
29865,61691,7642,29705,5258,54049,650,327,323
29870,61704,7645,29711,5260,54059,650,327,323
29875,61715,7646,29716,5261,54068,650,327,323
29880,61722,7649,29718,5262,54073,650,327,323
29885,61735,7650,29726,5263,54085,650,327,323
29890,61746,7651,29732,5263,54095,650,327,323
29895,61753,7652,29733,5264,54101,650,327,323
29900,61766,7652,29740,5264,54113,650,327,323
29905,61777,7654,29746,5266,54123,650,327,323
29910,61784,7655,29748,5267,54129,650,327,323
29915,61797,7655,29757,5267,54141,650,327,323
29920,61808,7657,29762,5269,54151,650,327,323
29925,61815,7658,29765,5270,54157,650,327,323
29930,61828,7658,29769,5270,54170,650,327,323
29935,61839,7659,29772,5270,54180,650,327,323
29940,61846,7660,29776,5270,54186,650,327,323
29945,61859,7661,29782,5270,54198,650,327,323
29950,61870,7662,29788,5271,54208,650,327,323
29955,61877,7662,29789,5271,54215,650,327,323
29960,61890,7665,29794,5273,54225,650,327,323
29965,61901,7667,29799,5275,54234,650,327,323
29970,61908,7667,29803,5275,54241,650,327,323
29975,61921,7669,29808,5276,54252,650,327,323
29980,61932,7670,29813,5276,54262,650,327,323
29985,61939,7671,29817,5276,54268,650,327,323
29990,61952,7674,29824,5279,54278,650,327,323
29995,61963,7678,29833,5283,54284,650,327,323
30000,61970,7680,29838,5285,54290,650,327,323
30005,61983,7680,29843,5285,54303,651,328,323
30010,61994,7680,29848,5285,54314,651,328,323
30015,62001,7681,29849,5285,54320,651,328,323
30020,62014,7681,29857,5285,54333,651,328,323
30025,62025,7682,29861,5286,54343,651,328,323
30030,62032,7683,29865,5286,54349,651,328,323
30035,62045,7683,29871,5286,54362,651,328,323
30040,62056,7684,29876,5287,54372,651,328,323
30045,62063,7685,29880,5288,54378,651,328,323
30050,62076,7685,29889,5288,54391,651,328,323
30055,62087,7685,29895,5288,54402,651,328,323
30060,62094,7687,29899,5289,54407,651,328,323
30065,62107,7688,29907,5290,54419,651,328,323
30070,62118,7689,29914,5291,54429,651,328,323
30075,62125,7691,29915,5292,54434,651,328,323
30080,62138,7692,29924,5293,54446,651,328,323
30085,62149,7693,29929,5294,54456,651,328,323
30090,62156,7695,29933,5295,54461,651,328,323
30095,62169,7695,29937,5295,54474,651,328,323
30100,62180,7696,29941,5296,54484,651,328,323
30105,62187,7698,29944,5297,54489,651,328,323
30110,62200,7702,29950,5300,54497,652,329,323
30115,62211,7705,29955,5302,54505,652,329,323
30120,62218,7708,29961,5305,54510,652,329,323
30125,62231,7709,29965,5305,54522,652,329,323
30130,62242,7710,29969,5305,54532,652,329,323
30135,62249,7710,29971,5305,54539,652,329,323
30140,62262,7711,29978,5306,54551,652,329,323
30145,62273,7712,29981,5306,54561,652,329,323
30150,62280,7712,29984,5306,54568,652,329,323
30155,62293,7713,29990,5306,54579,652,329,323
30160,62304,7715,29995,5307,54589,652,329,323
30165,62311,7715,29999,5307,54596,652,329,323
30170,62324,7716,30005,5307,54608,652,329,323
30175,62335,7717,30010,5307,54618,652,329,323
30180,62342,7717,30012,5307,54625,652,329,323
30185,62355,7718,30017,5307,54636,652,329,323
30190,62366,7720,30023,5309,54646,652,329,323
30195,62373,7720,30026,5309,54653,652,329,323
30200,62386,7721,30032,5309,54665,652,329,323
30205,62397,7722,30035,5310,54675,652,329,323
30210,62404,7722,30041,5310,54682,652,329,323
30215,62417,7723,30046,5310,54693,652,329,323
30220,62428,7725,30048,5312,54703,652,329,323
30225,62435,7725,30052,5312,54710,652,329,323
30230,62448,7727,30060,5314,54720,653,329,324
30235,62459,7729,30064,5316,54730,653,329,324
30240,62466,7731,30066,5316,54735,653,329,324
30245,62479,7732,30071,5316,54747,653,329,324
30250,62490,7732,30078,5316,54757,653,329,324
30255,62497,7735,30083,5318,54762,653,329,324
30260,62510,7737,30089,5319,54773,653,329,324
30265,62521,7737,30093,5319,54784,653,329,324
30270,62528,7739,30097,5320,54789,653,329,324
30275,62541,7742,30105,5323,54799,653,329,324
30280,62552,7743,30111,5324,54809,653,329,324
30285,62559,7745,30117,5326,54814,653,329,324
30290,62572,7746,30122,5326,54826,653,329,324
30295,62583,7747,30129,5327,54835,653,329,324
30300,62590,7750,30130,5328,54840,653,329,324
30305,62603,7750,30135,5328,54853,653,329,324
30310,62614,7751,30141,5329,54863,653,329,324
30315,62621,7753,30142,5329,54868,653,329,324
30320,62634,7753,30146,5329,54881,653,329,324
30325,62645,7754,30152,5330,54890,653,329,324
30330,62652,7757,30155,5333,54895,653,329,324
30335,62665,7757,30161,5333,54908,653,329,324
30340,62676,7757,30165,5333,54918,653,329,324
30345,62683,7760,30167,5335,54923,653,329,324
30350,62696,7760,30176,5335,54935,654,330,324
30355,62707,7764,30183,5339,54942,654,330,324
30360,62714,7767,30188,5342,54947,654,330,324
30365,62727,7768,30194,5343,54959,654,330,324
30370,62738,7770,30198,5344,54968,654,330,324
30375,62745,7771,30202,5344,54974,654,330,324
30380,62758,7772,30211,5345,54986,654,330,324
30385,62769,7774,30213,5346,54995,654,330,324
30390,62776,7775,30217,5346,55001,654,330,324
30395,62789,7776,30222,5346,55012,654,330,324
30400,62800,7780,30226,5349,55020,654,330,324
30405,62807,7781,30230,5350,55026,654,330,324
30410,62820,7783,30236,5352,55037,654,330,324
30415,62831,7785,30239,5353,55046,654,330,324
30420,62838,7786,30242,5353,55052,654,330,324
30425,62851,7788,30248,5354,55063,654,330,324
30430,62862,7790,30255,5356,55072,654,330,324
30435,62869,7790,30258,5356,55079,654,330,324
30440,62882,7790,30263,5356,55092,654,330,324
30445,62893,7791,30265,5357,55102,654,330,324
30450,62900,7791,30268,5357,55109,654,330,324
30455,62913,7791,30273,5357,55121,654,330,324
30460,62924,7793,30277,5359,55131,654,330,324
30465,62931,7793,30280,5359,55138,654,330,324
30470,62944,7794,30285,5360,55150,654,330,324
30475,62955,7797,30289,5362,55158,654,330,324
30480,62962,7798,30292,5362,55164,654,330,324
30485,62975,7799,30299,5363,55176,655,331,324
30490,62986,7799,30306,5363,55187,655,331,324
30495,62993,7800,30310,5363,55193,655,331,324
30500,63006,7800,30316,5363,55206,655,331,324
30505,63017,7800,30321,5363,55217,655,331,324
30510,63024,7801,30322,5363,55223,655,331,324
30515,63037,7801,30330,5363,55236,655,331,324
30520,63048,7802,30335,5364,55245,655,331,324
30525,63055,7804,30337,5365,55251,655,331,324
30530,63068,7805,30345,5366,55263,655,331,324
30535,63079,7805,30351,5366,55274,655,331,324
30540,63086,7807,30354,5366,55279,655,331,324
30545,63099,7807,30360,5366,55292,655,331,324
30550,63110,7809,30367,5368,55300,655,331,324
30555,63117,7812,30371,5370,55305,655,331,324
30560,63130,7813,30377,5371,55317,655,331,324
30565,63141,7814,30381,5372,55327,655,331,324
30570,63148,7816,30384,5374,55332,655,331,324
30575,63161,7818,30395,5376,55343,655,331,324
30580,63172,7819,30403,5377,55353,655,331,324
30585,63179,7821,30405,5377,55358,655,331,324
30590,63192,7823,30412,5378,55369,656,332,324
30595,63203,7826,30417,5381,55376,656,332,324
30600,63210,7829,30418,5382,55381,656,332,324
30605,63223,7830,30421,5382,55393,657,332,325
30610,63234,7831,30425,5383,55403,657,332,325
30615,63241,7832,30428,5383,55409,657,332,325
30620,63254,7833,30436,5384,55420,658,333,325
30625,63265,7834,30440,5385,55431,658,333,325
30630,63272,7835,30442,5385,55437,658,333,325
30635,63285,7836,30447,5386,55449,659,333,326
30640,63296,7836,30452,5386,55460,659,333,326
30645,63303,7837,30455,5387,55466,659,333,326
30650,63316,7838,30461,5387,55478,660,333,327
30655,63327,7839,30467,5388,55488,660,333,327
30660,63334,7840,30470,5388,55494,660,333,327
30665,63347,7841,30476,5389,55506,661,333,328
30670,63358,7842,30482,5390,55516,661,333,328
30675,63365,7843,30482,5390,55522,661,333,328
30680,63378,7845,30488,5391,55532,662,333,329
30685,63389,7847,30493,5393,55542,662,333,329
30690,63396,7848,30498,5394,55548,662,333,329
30695,63409,7849,30506,5395,55559,663,333,330
30700,63420,7851,30510,5397,55569,663,333,330
30705,63427,7851,30515,5397,55576,663,333,330
30710,63440,7852,30520,5398,55587,664,333,331
30715,63451,7856,30526,5402,55595,664,333,331
30720,63458,7857,30532,5403,55601,664,333,331
30725,63471,7858,30537,5404,55613,664,333,331
30730,63482,7860,30541,5405,55621,664,333,331
30735,63489,7862,30544,5407,55627,664,333,331
30740,63502,7862,30553,5407,55640,664,333,331
30745,63513,7864,30560,5409,55649,664,333,331
30750,63520,7865,30565,5410,55655,664,333,331
30755,63533,7865,30567,5410,55668,664,333,331
30760,63544,7867,30571,5411,55677,664,333,331
30765,63551,7868,30575,5411,55683,664,333,331
30770,63564,7868,30582,5411,55696,664,333,331
30775,63575,7870,30586,5413,55705,664,333,331
30780,63582,7871,30591,5414,55711,664,333,331
30785,63595,7871,30595,5414,55724,664,333,331
30790,63606,7872,30602,5415,55734,664,333,331
30795,63613,7873,30608,5416,55740,664,333,331
30800,63626,7873,30612,5416,55753,664,333,331
30805,63637,7874,30616,5416,55763,664,333,331
30810,63644,7875,30620,5416,55769,664,333,331
30815,63657,7875,30623,5416,55782,664,333,331
30820,63668,7876,30627,5416,55792,664,333,331
30825,63675,7878,30631,5416,55797,664,333,331
30830,63688,7880,30639,5418,55807,665,334,331
30835,63699,7883,30642,5420,55816,665,334,331
30840,63706,7885,30646,5422,55821,665,334,331
30845,63719,7886,30650,5422,55833,665,334,331
30850,63730,7886,30657,5422,55844,665,334,331
30855,63737,7887,30662,5422,55850,665,334,331
30860,63750,7888,30666,5422,55862,665,334,331
30865,63761,7889,30674,5423,55872,665,334,331
30870,63768,7890,30677,5423,55878,665,334,331
30875,63781,7891,30685,5423,55890,665,334,331
30880,63792,7891,30692,5423,55901,665,334,331
30885,63799,7892,30693,5423,55907,665,334,331
30890,63812,7893,30697,5423,55919,665,334,331
30895,63823,7893,30705,5423,55930,665,334,331
30900,63830,7894,30709,5424,55936,665,334,331
30905,63843,7895,30717,5425,55948,665,334,331
30910,63854,7895,30722,5425,55959,665,334,331
30915,63861,7896,30724,5425,55965,665,334,331
30920,63874,7897,30730,5425,55977,665,334,331
30925,63885,7898,30737,5426,55987,665,334,331
30930,63892,7899,30740,5427,55993,665,334,331
30935,63905,7900,30746,5427,56005,665,334,331
30940,63916,7900,30751,5427,56016,665,334,331
30945,63923,7901,30755,5427,56022,665,334,331
30950,63936,7903,30761,5428,56032,666,334,332
30955,63947,7907,30767,5432,56040,666,334,332
30960,63954,7909,30772,5433,56045,666,334,332
30965,63967,7909,30779,5433,56058,667,335,332
30970,63978,7909,30786,5433,56069,667,335,332
30975,63985,7910,30788,5434,56075,667,335,332
30980,63998,7910,30792,5434,56088,667,335,332
30985,64009,7910,30799,5434,56099,667,335,332
30990,64016,7911,30803,5434,56105,667,335,332
30995,64029,7911,30811,5434,56118,667,335,332
31000,64040,7911,30818,5434,56129,667,335,332
31005,64047,7912,30820,5434,56135,667,335,332
31010,64060,7912,30824,5434,56148,667,335,332
31015,64071,7912,30831,5434,56159,667,335,332
31020,64078,7913,30836,5434,56165,667,335,332
31025,64091,7913,30842,5434,56178,667,335,332
31030,64102,7913,30848,5434,56189,667,335,332
31035,64109,7914,30851,5435,56195,667,335,332
31040,64122,7914,30858,5435,56208,667,335,332
31045,64133,7914,30866,5435,56219,667,335,332
31050,64140,7915,30870,5436,56225,667,335,332
31055,64153,7915,30877,5436,56238,667,335,332
31060,64164,7915,30882,5436,56248,667,335,332
31065,64171,7918,30885,5437,56253,667,335,332
31070,64184,7920,30893,5439,56264,667,335,332
31075,64195,7923,30899,5442,56272,667,335,332
31080,64202,7925,30902,5443,56277,667,335,332
31085,64215,7928,30909,5445,56286,668,336,332
31090,64226,7930,30912,5446,56296,668,336,332
31095,64233,7932,30915,5446,56301,668,336,332
31100,64246,7935,30922,5448,56310,669,337,332
31105,64257,7938,30926,5450,56319,669,337,332
31110,64264,7940,30928,5450,56324,669,337,332
31115,64277,7941,30933,5450,56335,670,337,333
31120,64288,7944,30938,5453,56344,670,337,333
31125,64295,7946,30940,5453,56349,670,337,333
31130,64308,7948,30950,5455,56359,671,338,333
31135,64319,7950,30957,5457,56369,671,338,333
31140,64326,7952,30958,5457,56374,671,338,333
31145,64339,7952,30964,5457,56387,672,338,334
31150,64350,7952,30971,5457,56398,672,338,334
31155,64357,7953,30974,5457,56404,672,338,334
31160,64370,7953,30979,5457,56417,673,338,335
31165,64381,7953,30985,5457,56428,673,338,335
31170,64388,7954,30989,5458,56434,673,338,335
31175,64401,7954,30993,5458,56447,674,339,335
31180,64412,7955,31001,5459,56457,674,339,335
31185,64419,7956,31004,5459,56463,674,339,335
31190,64432,7956,31012,5459,56476,675,340,335
31195,64443,7957,31016,5460,56485,675,340,335
31200,64450,7959,31020,5462,56491,675,340,335
31205,64463,7959,31029,5462,56504,675,340,335
31210,64474,7960,31034,5462,56514,675,340,335
31215,64481,7960,31037,5462,56521,675,340,335
31220,64494,7960,31044,5462,56534,675,340,335
31225,64505,7961,31048,5463,56544,675,340,335
31230,64512,7961,31053,5463,56551,675,340,335
31235,64525,7961,31060,5463,56564,675,340,335
31240,64536,7962,31068,5463,56574,675,340,335
31245,64543,7963,31072,5463,56580,675,340,335
31250,64556,7964,31078,5464,56592,675,340,335
31255,64567,7966,31083,5465,56601,675,340,335
31260,64574,7967,31087,5466,56607,675,340,335
31265,64587,7967,31096,5466,56620,675,340,335
31270,64598,7968,31100,5467,56630,675,340,335
31275,64605,7969,31101,5467,56636,675,340,335
31280,64618,7969,31106,5467,56649,675,340,335
31285,64629,7971,31110,5468,56658,675,340,335
31290,64636,7972,31115,5469,56664,675,340,335
31295,64649,7973,31121,5470,56676,675,340,335
31300,64660,7974,31127,5471,56686,675,340,335
31305,64667,7975,31131,5472,56692,675,340,335
31310,64680,7976,31137,5472,56704,675,340,335
31315,64691,7980,31146,5476,56711,675,340,335
31320,64698,7982,31150,5478,56716,675,340,335
31325,64711,7983,31157,5478,56728,676,341,335
31330,64722,7984,31163,5479,56738,676,341,335
31335,64729,7986,31168,5481,56743,676,341,335
31340,64742,7988,31179,5483,56754,677,342,335
31345,64753,7989,31183,5483,56764,677,342,335
31350,64760,7991,31186,5483,56769,677,342,335
31355,64773,7993,31194,5485,56780,678,343,335
31360,64784,7994,31198,5485,56789,678,343,335
31365,64791,7997,31199,5486,56794,678,343,335
31370,64804,7998,31202,5487,56806,679,343,336
31375,64815,8001,31209,5490,56814,679,343,336
31380,64822,8003,31215,5492,56819,679,343,336
31385,64835,8003,31222,5492,56832,679,343,336
31390,64846,8004,31228,5492,56842,679,343,336
31395,64853,8005,31232,5492,56848,679,343,336
31400,64866,8005,31237,5492,56861,679,343,336
31405,64877,8006,31243,5493,56871,679,343,336
31410,64884,8007,31245,5493,56877,679,343,336
31415,64897,8007,31253,5493,56890,679,343,336
31420,64908,8009,31261,5495,56899,679,343,336
31425,64915,8010,31265,5495,56905,679,343,336
31430,64928,8011,31272,5496,56917,679,343,336
31435,64939,8013,31278,5498,56926,679,343,336
31440,64946,8014,31280,5498,56932,679,343,336
31445,64959,8015,31284,5499,56943,679,343,336
31450,64970,8017,31290,5501,56953,679,343,336
31455,64977,8017,31292,5501,56960,679,343,336
31460,64990,8019,31300,5503,56971,679,343,336
31465,65001,8020,31304,5503,56981,679,343,336
31470,65008,8020,31309,5503,56988,679,343,336
31475,65021,8022,31315,5505,56999,679,343,336
31480,65032,8023,31319,5505,57009,679,343,336
31485,65039,8024,31323,5505,57015,679,343,336
31490,65052,8027,31328,5507,57025,680,344,336
31495,65063,8028,31333,5508,57035,680,344,336
31500,65070,8029,31335,5508,57041,680,344,336
31505,65083,8031,31338,5509,57052,680,344,336
31510,65094,8033,31343,5511,57061,680,344,336
31515,65101,8034,31347,5511,57067,680,344,336
31520,65114,8036,31350,5512,57078,680,344,336
31525,65125,8038,31357,5513,57087,680,344,336
31530,65132,8039,31361,5513,57093,680,344,336
31535,65145,8040,31366,5513,57105,680,344,336
31540,65156,8041,31372,5514,57115,680,344,336
31545,65163,8043,31376,5515,57120,680,344,336
31550,65176,8046,31381,5518,57130,680,344,336
31555,65187,8048,31385,5519,57139,680,344,336
31560,65194,8050,31389,5521,57144,680,344,336
31565,65207,8050,31395,5521,57157,681,344,337
31570,65218,8050,31403,5521,57168,681,344,337
31575,65225,8052,31405,5522,57173,681,344,337
31580,65238,8052,31411,5522,57186,681,344,337
31585,65249,8052,31420,5522,57197,681,344,337
31590,65256,8054,31422,5523,57202,681,344,337
31595,65269,8055,31425,5524,57214,681,344,337
31600,65280,8055,31429,5524,57225,681,344,337
31605,65287,8057,31436,5526,57230,681,344,337
31610,65300,8057,31444,5526,57243,681,344,337
31615,65311,8057,31452,5526,57254,681,344,337
31620,65318,8059,31455,5527,57259,681,344,337
31625,65331,8060,31462,5528,57271,681,344,337
31630,65342,8060,31464,5528,57282,681,344,337
31635,65349,8062,31468,5529,57287,681,344,337
31640,65362,8062,31471,5529,57300,681,344,337
31645,65373,8062,31477,5529,57311,681,344,337
31650,65380,8064,31480,5529,57316,681,344,337
31655,65393,8065,31489,5530,57328,681,344,337
31660,65404,8065,31496,5530,57339,681,344,337
31665,65411,8067,31499,5531,57344,681,344,337
31670,65424,8069,31507,5533,57354,682,344,338
31675,65435,8072,31514,5536,57363,682,344,338
31680,65442,8074,31520,5538,57368,682,344,338
31685,65455,8077,31524,5541,57378,683,344,339
31690,65466,8078,31529,5542,57388,683,344,339
31695,65473,8078,31534,5542,57395,683,344,339
31700,65486,8078,31540,5542,57408,684,345,339
31705,65497,8079,31543,5542,57418,684,345,339
31710,65504,8079,31545,5542,57425,684,345,339
31715,65517,8080,31550,5543,57437,685,345,340
31720,65528,8081,31558,5544,57447,685,345,340
31725,65535,8081,31561,5544,57454,685,345,340
31730,65548,8081,31566,5544,57467,686,345,341
31735,65559,8082,31572,5544,57477,686,345,341
31740,65566,8082,31576,5544,57484,686,345,341
31745,65579,8083,31582,5545,57496,687,346,341
31750,65590,8084,31588,5545,57506,687,346,341
31755,65597,8084,31592,5545,57513,687,346,341
31760,65610,8085,31602,5546,57525,688,347,341
31765,65621,8086,31605,5547,57535,688,347,341
31770,65628,8086,31609,5547,57542,688,347,341
31775,65641,8086,31618,5547,57555,689,347,342
31780,65652,8087,31622,5547,57565,689,347,342
31785,65659,8087,31625,5547,57572,689,347,342
31790,65672,8089,31633,5549,57582,690,348,342
31795,65683,8093,31638,5552,57590,690,348,342
31800,65690,8095,31642,5553,57595,690,348,342
31805,65703,8096,31649,5554,57607,690,348,342
31810,65714,8097,31656,5555,57617,690,348,342
31815,65721,8099,31661,5556,57622,690,348,342
31820,65734,8100,31663,5556,57634,690,348,342
31825,65745,8101,31665,5557,57644,690,348,342
31830,65752,8103,31669,5558,57649,690,348,342
31835,65765,8105,31676,5560,57660,690,348,342
31840,65776,8106,31680,5561,57669,690,348,342
31845,65783,8109,31685,5564,57674,690,348,342
31850,65796,8111,31690,5565,57685,690,348,342
31855,65807,8112,31697,5566,57694,690,348,342
31860,65814,8115,31702,5568,57699,690,348,342
31865,65827,8116,31707,5568,57711,690,348,342
31870,65838,8116,31713,5568,57721,690,348,342
31875,65845,8119,31716,5570,57726,690,348,342
31880,65858,8121,31722,5571,57737,690,348,342
31885,65869,8122,31730,5572,57747,690,348,342
31890,65876,8124,31735,5574,57752,690,348,342
31895,65889,8126,31742,5576,57763,690,348,342
31900,65900,8126,31749,5576,57774,690,348,342
31905,65907,8128,31752,5577,57779,690,348,342
31910,65920,8129,31756,5577,57790,691,348,343
31915,65931,8131,31757,5578,57800,691,348,343
31920,65938,8133,31757,5578,57805,691,348,343
31925,65951,8133,31766,5578,57817,692,348,344
31930,65962,8135,31772,5579,57827,692,348,344
31935,65969,8135,31775,5579,57834,692,348,344
31940,65982,8136,31783,5580,57845,693,349,344
31945,65993,8138,31790,5582,57855,693,349,344
31950,66000,8138,31792,5582,57862,693,349,344
31955,66013,8138,31798,5582,57875,694,349,345
31960,66024,8138,31802,5582,57886,694,349,345
31965,66031,8138,31806,5582,57893,694,349,345
31970,66044,8138,31811,5582,57906,695,350,345
31975,66055,8138,31820,5582,57917,695,350,345
31980,66062,8138,31823,5582,57924,695,350,345
31985,66075,8138,31827,5582,57937,696,350,346
31990,66086,8138,31832,5582,57948,696,350,346
31995,66093,8138,31834,5582,57955,696,350,346
32000,66106,8138,31843,5582,57968,697,351,346
32005,66117,8138,31849,5582,57979,697,351,346
32010,66124,8138,31850,5582,57986,697,351,346
32015,66137,8138,31858,5582,57999,698,352,346
32020,66148,8138,31863,5582,58010,698,352,346
32025,66155,8139,31867,5583,58016,698,352,346
32030,66168,8141,31871,5585,58027,699,353,346
32035,66179,8142,31874,5586,58037,699,353,346
32040,66186,8144,31876,5586,58042,699,353,346
32045,66199,8147,31881,5588,58052,699,353,346
32050,66210,8149,31886,5589,58061,699,353,346
32055,66217,8151,31889,5590,58066,699,353,346
32060,66230,8153,31894,5591,58077,699,353,346
32065,66241,8155,31900,5592,58086,699,353,346
32070,66248,8157,31904,5593,58091,699,353,346
32075,66261,8160,31911,5595,58101,699,353,346
32080,66272,8161,31916,5595,58111,699,353,346
32085,66279,8163,31920,5596,58116,699,353,346
32090,66292,8167,31929,5600,58125,699,353,346
32095,66303,8168,31935,5600,58134,699,353,346
32100,66310,8171,31938,5601,58139,699,353,346
32105,66323,8171,31945,5601,58152,699,353,346
32110,66334,8172,31948,5602,58162,699,353,346
32115,66341,8173,31952,5603,58168,699,353,346
32120,66354,8173,31956,5603,58181,699,353,346
32125,66365,8174,31959,5603,58191,699,353,346
32130,66372,8175,31964,5604,58197,699,353,346
32135,66385,8175,31970,5604,58210,699,353,346
32140,66396,8177,31974,5605,58219,699,353,346
32145,66403,8178,31977,5606,58225,699,353,346
32150,66416,8178,31982,5606,58238,700,353,347
32155,66427,8180,31986,5608,58247,700,353,347
32160,66434,8181,31990,5609,58253,700,353,347
32165,66447,8182,31997,5609,58265,701,353,348
32170,66458,8183,32003,5610,58275,701,353,348
32175,66465,8183,32005,5610,58282,701,353,348
32180,66478,8184,32012,5611,58294,702,354,348
32185,66489,8186,32019,5613,58303,702,354,348
32190,66496,8186,32021,5613,58310,702,354,348
32195,66509,8187,32027,5613,58322,703,355,348
32200,66520,8189,32035,5615,58331,703,355,348
32205,66527,8190,32036,5615,58337,703,355,348
32210,66540,8192,32041,5617,58348,704,355,349
32215,66551,8194,32045,5619,58357,704,355,349
32220,66558,8195,32047,5620,58363,704,355,349
32225,66571,8195,32052,5620,58375,705,355,350
32230,66582,8197,32058,5622,58385,705,355,350
32235,66589,8198,32063,5623,58391,705,355,350
32240,66602,8198,32068,5623,58403,705,355,350
32245,66613,8200,32073,5625,58413,705,355,350
32250,66620,8201,32076,5625,58419,705,355,350
32255,66633,8201,32084,5625,58431,705,355,350
32260,66644,8202,32090,5626,58442,705,355,350
32265,66651,8204,32092,5627,58447,705,355,350
32270,66664,8204,32099,5627,58460,705,355,350
32275,66675,8205,32103,5628,58470,705,355,350
32280,66682,8207,32108,5630,58475,705,355,350
32285,66695,8209,32118,5632,58486,705,355,350
32290,66706,8209,32124,5632,58496,705,355,350
32295,66713,8212,32129,5634,58501,705,355,350
32300,66726,8214,32134,5635,58512,705,355,350
32305,66737,8214,32138,5635,58522,705,355,350
32310,66744,8217,32142,5637,58527,705,355,350
32315,66757,8218,32146,5637,58539,705,355,350
32320,66768,8220,32151,5639,58547,705,355,350
32325,66775,8223,32155,5642,58552,705,355,350
32330,66788,8225,32161,5643,58563,705,355,350
32335,66799,8228,32167,5645,58571,705,355,350
32340,66806,8230,32171,5646,58576,705,355,350
32345,66819,8232,32177,5647,58587,705,355,350
32350,66830,8233,32182,5648,58597,705,355,350
32355,66837,8233,32186,5648,58604,705,355,350
32360,66850,8235,32194,5650,58615,705,355,350
32365,66861,8236,32201,5651,58625,705,355,350
32370,66868,8236,32204,5651,58632,705,355,350
32375,66881,8237,32208,5651,58644,705,355,350
32380,66892,8239,32215,5653,58653,705,355,350
32385,66899,8239,32218,5653,58660,705,355,350
32390,66912,8241,32222,5655,58671,705,355,350
32395,66923,8243,32226,5656,58680,705,355,350
32400,66930,8243,32230,5656,58687,705,355,350
32405,66943,8243,32238,5656,58699,706,356,350
32410,66954,8245,32243,5658,58709,706,356,350
32415,66961,8246,32244,5658,58715,706,356,350
32420,66974,8247,32253,5659,58726,707,356,351
32425,66985,8249,32260,5661,58736,707,356,351
32430,66992,8250,32261,5662,58742,707,356,351
32435,67005,8250,32270,5662,58755,708,357,351
32440,67016,8251,32274,5663,58765,708,357,351
32445,67023,8252,32277,5664,58771,708,357,351
32450,67036,8253,32287,5665,58782,709,357,352
32455,67047,8257,32294,5668,58790,709,357,352
32460,67054,8258,32298,5669,58796,709,357,352
32465,67067,8258,32304,5669,58809,710,358,352
32470,67078,8259,32312,5670,58819,710,358,352
32475,67085,8260,32312,5670,58825,710,358,352
32480,67098,8260,32322,5670,58838,711,359,352
32485,67109,8260,32327,5670,58849,711,359,352
32490,67116,8261,32329,5670,58855,711,359,352
32495,67129,8261,32332,5670,58868,712,359,353
32500,67140,8262,32338,5671,58878,712,359,353
32505,67147,8263,32344,5672,58884,712,359,353
32510,67160,8264,32350,5673,58896,713,360,353
32515,67171,8266,32358,5675,58905,713,360,353
32520,67178,8268,32362,5676,58910,713,360,353
32525,67191,8269,32370,5677,58922,713,360,353
32530,67202,8269,32375,5677,58933,713,360,353
32535,67209,8270,32378,5678,58939,713,360,353
32540,67222,8271,32382,5678,58951,713,360,353
32545,67233,8272,32386,5679,58961,713,360,353
32550,67240,8273,32389,5679,58967,713,360,353
32555,67253,8275,32394,5681,58978,713,360,353
32560,67264,8277,32402,5683,58987,713,360,353
32565,67271,8278,32405,5683,58993,713,360,353
32570,67284,8279,32408,5683,59005,713,360,353
32575,67295,8283,32415,5686,59012,713,360,353
32580,67302,8284,32420,5687,59018,713,360,353
32585,67315,8285,32425,5688,59030,713,360,353
32590,67326,8286,32430,5689,59040,713,360,353
32595,67333,8287,32435,5690,59046,713,360,353
32600,67346,8288,32444,5691,59058,713,360,353
32605,67357,8290,32449,5692,59067,713,360,353
32610,67364,8291,32451,5693,59073,713,360,353
32615,67377,8292,32456,5693,59085,713,360,353
32620,67388,8293,32461,5693,59095,713,360,353
32625,67395,8295,32464,5693,59100,713,360,353
32630,67408,8297,32470,5695,59111,713,360,353
32635,67419,8298,32476,5695,59121,713,360,353
32640,67426,8300,32477,5695,59126,713,360,353
32645,67439,8302,32484,5696,59137,713,360,353
32650,67450,8303,32489,5697,59147,713,360,353
32655,67457,8305,32494,5699,59152,713,360,353
32660,67470,8305,32498,5699,59165,713,360,353
32665,67481,8307,32504,5701,59174,713,360,353
32670,67488,8309,32509,5703,59179,713,360,353
32675,67501,8310,32514,5704,59191,713,360,353
32680,67512,8311,32516,5704,59201,713,360,353
32685,67519,8313,32521,5705,59206,713,360,353
32690,67532,8314,32528,5706,59218,713,360,353
32695,67543,8315,32532,5706,59227,713,360,353
32700,67550,8318,32535,5708,59232,713,360,353
32705,67563,8319,32542,5709,59243,714,360,354
32710,67574,8322,32550,5712,59251,714,360,354
32715,67581,8324,32554,5713,59257,714,360,354
32720,67594,8324,32562,5713,59270,715,361,354
32725,67605,8324,32568,5713,59281,715,361,354
32730,67612,8325,32573,5714,59287,715,361,354
32735,67625,8325,32581,5714,59300,716,362,354
32740,67636,8326,32589,5715,59309,716,362,354
32745,67643,8328,32591,5716,59315,716,362,354
32750,67656,8328,32596,5716,59328,717,362,355
32755,67667,8328,32598,5716,59339,717,362,355
32760,67674,8329,32602,5716,59345,717,362,355
32765,67687,8330,32610,5717,59357,717,362,355
32770,67698,8330,32612,5717,59368,717,362,355
32775,67705,8330,32613,5717,59375,717,362,355
32780,67718,8331,32617,5717,59387,717,362,355
32785,67729,8331,32623,5717,59398,717,362,355
32790,67736,8331,32628,5717,59405,717,362,355
32795,67749,8332,32636,5718,59417,717,362,355
32800,67760,8332,32640,5718,59428,717,362,355
32805,67767,8333,32643,5719,59434,717,362,355
32810,67780,8334,32647,5719,59446,717,362,355
32815,67791,8335,32654,5720,59456,717,362,355
32820,67798,8336,32658,5721,59462,717,362,355
32825,67811,8337,32662,5721,59474,717,362,355
32830,67822,8338,32667,5722,59484,717,362,355
32835,67829,8339,32670,5723,59490,717,362,355
32840,67842,8341,32675,5725,59501,717,362,355
32845,67853,8343,32681,5726,59510,717,362,355
32850,67860,8344,32681,5726,59516,717,362,355
32855,67873,8345,32687,5726,59528,718,363,355
32860,67884,8347,32694,5727,59537,718,363,355
32865,67891,8349,32697,5728,59542,718,363,355
32870,67904,8352,32706,5730,59552,719,364,355
32875,67915,8355,32711,5732,59560,719,364,355
32880,67922,8357,32716,5734,59565,719,364,355
32885,67935,8358,32723,5735,59577,720,365,355
32890,67946,8359,32726,5736,59587,720,365,355
32895,67953,8361,32727,5736,59592,720,365,355
32900,67966,8362,32733,5737,59604,721,365,356
32905,67977,8364,32739,5739,59613,721,365,356
32910,67984,8366,32744,5741,59618,721,365,356
32915,67997,8366,32750,5741,59631,722,365,357
32920,68008,8368,32757,5743,59640,722,365,357
32925,68015,8370,32761,5744,59645,722,365,357
32930,68028,8372,32767,5746,59655,723,366,357
32935,68039,8377,32773,5751,59661,723,366,357
32940,68046,8380,32776,5754,59666,723,366,357
32945,68059,8380,32780,5754,59679,723,366,357
32950,68070,8380,32786,5754,59690,723,366,357
32955,68077,8380,32790,5754,59697,723,366,357
32960,68090,8380,32794,5754,59710,723,366,357
32965,68101,8380,32798,5754,59721,723,366,357
32970,68108,8380,32800,5754,59728,723,366,357
32975,68121,8380,32808,5754,59741,723,366,357
32980,68132,8380,32812,5754,59752,723,366,357
32985,68139,8380,32815,5754,59759,723,366,357
32990,68152,8381,32819,5754,59771,723,366,357
32995,68163,8381,32825,5754,59782,723,366,357
33000,68170,8381,32829,5754,59789,723,366,357
33005,68183,8384,32840,5757,59799,723,366,357
33010,68194,8385,32843,5758,59808,723,366,357
33015,68201,8387,32846,5760,59814,723,366,357
33020,68214,8389,32849,5761,59825,723,366,357
33025,68225,8389,32856,5761,59836,723,366,357
33030,68232,8390,32859,5761,59842,723,366,357
33035,68245,8391,32865,5761,59854,723,366,357
33040,68256,8392,32871,5762,59864,723,366,357
33045,68263,8394,32876,5763,59869,723,366,357
33050,68276,8397,32882,5765,59879,723,366,357
33055,68287,8399,32886,5767,59888,723,366,357
33060,68294,8401,32887,5767,59893,723,366,357
33065,68307,8403,32893,5769,59903,723,366,357
33070,68318,8406,32898,5771,59912,723,366,357
33075,68325,8407,32901,5771,59918,723,366,357
33080,68338,8408,32907,5771,59929,723,366,357
33085,68349,8410,32913,5772,59939,723,366,357
33090,68356,8411,32915,5773,59945,723,366,357
33095,68369,8412,32917,5773,59957,723,366,357
33100,68380,8414,32923,5775,59966,723,366,357
33105,68387,8415,32926,5775,59972,723,366,357
33110,68400,8416,32933,5775,59984,723,366,357
33115,68411,8417,32938,5775,59994,723,366,357
33120,68418,8418,32941,5775,60000,723,366,357
33125,68431,8420,32947,5776,60011,723,366,357
33130,68442,8421,32954,5776,60021,723,366,357
33135,68449,8421,32958,5776,60028,723,366,357
33140,68462,8423,32966,5777,60039,723,366,357
33145,68473,8424,32972,5777,60049,723,366,357
33150,68480,8424,32977,5777,60056,723,366,357
33155,68493,8425,32982,5777,60068,723,366,357
33160,68504,8426,32986,5778,60078,723,366,357
33165,68511,8427,32992,5779,60084,723,366,357
33170,68524,8429,32998,5781,60095,724,366,358
33175,68535,8432,33003,5784,60103,724,366,358
33180,68542,8433,33004,5784,60109,724,366,358
33185,68555,8433,33009,5784,60121,724,366,358
33190,68566,8435,33015,5786,60131,724,366,358
33195,68573,8436,33019,5786,60137,724,366,358
33200,68586,8436,33023,5786,60150,724,366,358
33205,68597,8436,33025,5786,60161,724,366,358
33210,68604,8437,33027,5786,60167,724,366,358
33215,68617,8437,33036,5786,60180,724,366,358
33220,68628,8437,33040,5786,60191,724,366,358
33225,68635,8438,33045,5787,60197,724,366,358
33230,68648,8438,33051,5787,60210,724,366,358
33235,68659,8439,33056,5788,60219,724,366,358
33240,68666,8441,33060,5790,60225,724,366,358
33245,68679,8441,33066,5790,60238,724,366,358
33250,68690,8441,33070,5790,60248,724,366,358
33255,68697,8443,33075,5791,60254,724,366,358
33260,68710,8443,33084,5791,60267,724,366,358
33265,68721,8444,33089,5792,60277,724,366,358
33270,68728,8445,33094,5792,60283,724,366,358
33275,68741,8445,33100,5792,60296,724,366,358
33280,68752,8446,33106,5793,60305,724,366,358
33285,68759,8448,33109,5795,60311,724,366,358
33290,68772,8450,33115,5797,60321,725,366,359
33295,68783,8453,33121,5800,60329,725,366,359
33300,68790,8456,33121,5801,60334,725,366,359
33305,68803,8458,33129,5803,60345,726,366,360
33310,68814,8459,33133,5804,60355,726,366,360
33315,68821,8460,33138,5805,60361,726,366,360
33320,68834,8461,33144,5805,60373,727,367,360
33325,68845,8462,33149,5806,60383,727,367,360
33330,68852,8463,33151,5807,60389,727,367,360
33335,68865,8464,33155,5807,60401,728,368,360
33340,68876,8465,33160,5808,60411,728,368,360
33345,68883,8466,33163,5808,60417,728,368,360
33350,68896,8468,33169,5809,60428,729,368,361
33355,68907,8470,33176,5811,60437,729,368,361
33360,68914,8471,33180,5812,60443,729,368,361
33365,68927,8471,33185,5812,60456,729,368,361
33370,68938,8471,33188,5812,60467,729,368,361
33375,68945,8472,33191,5812,60473,729,368,361
33380,68958,8472,33198,5812,60486,729,368,361
33385,68969,8472,33201,5812,60497,729,368,361
33390,68976,8473,33201,5812,60503,729,368,361
33395,68989,8473,33208,5812,60516,729,368,361
33400,69000,8474,33214,5813,60526,729,368,361
33405,69007,8476,33217,5814,60531,729,368,361
33410,69020,8476,33221,5814,60544,729,368,361
33415,69031,8478,33223,5815,60553,729,368,361
33420,69038,8480,33225,5816,60558,729,368,361
33425,69051,8480,33232,5816,60570,729,368,361
33430,69062,8482,33237,5817,60580,729,368,361
33435,69069,8483,33238,5818,60586,729,368,361
33440,69082,8483,33243,5818,60599,729,368,361
33445,69093,8484,33247,5818,60609,729,368,361
33450,69100,8485,33249,5818,60615,729,368,361
33455,69113,8485,33255,5818,60628,729,368,361
33460,69124,8486,33259,5819,60638,729,368,361
33465,69131,8487,33261,5819,60644,729,368,361
33470,69144,8489,33271,5821,60654,729,368,361
33475,69155,8492,33280,5824,60663,729,368,361
33480,69162,8493,33283,5824,60669,729,368,361
33485,69175,8495,33288,5825,60680,729,368,361
33490,69186,8496,33292,5826,60690,729,368,361
33495,69193,8497,33295,5827,60696,729,368,361
33500,69206,8499,33301,5828,60706,729,368,361
33505,69217,8502,33306,5830,60715,729,368,361
33510,69224,8503,33311,5831,60721,729,368,361
33515,69237,8505,33319,5833,60731,729,368,361
33520,69248,8507,33325,5835,60741,729,368,361
33525,69255,8509,33327,5836,60746,729,368,361
33530,69268,8512,33334,5839,60756,730,368,362
33535,69279,8514,33339,5840,60765,730,368,362
33540,69286,8516,33339,5840,60770,730,368,362
33545,69299,8516,33345,5840,60783,730,368,362
33550,69310,8516,33348,5840,60794,730,368,362
33555,69317,8518,33351,5841,60799,730,368,362
33560,69330,8518,33357,5841,60812,730,368,362
33565,69341,8519,33364,5842,60821,730,368,362
33570,69348,8522,33369,5844,60826,730,368,362
33575,69361,8522,33374,5844,60839,730,368,362
33580,69372,8523,33381,5845,60849,730,368,362
33585,69379,8525,33383,5845,60854,730,368,362
33590,69392,8525,33387,5845,60867,730,368,362
33595,69403,8526,33394,5846,60876,730,368,362
33600,69410,8529,33397,5847,60881,730,368,362
33605,69423,8530,33401,5848,60893,730,368,362
33610,69434,8531,33406,5849,60903,730,368,362
33615,69441,8532,33408,5850,60909,730,368,362
33620,69454,8533,33415,5851,60921,730,368,362
33625,69465,8533,33417,5851,60932,730,368,362
33630,69472,8534,33422,5852,60938,730,368,362
33635,69485,8535,33427,5853,60950,730,368,362
33640,69496,8535,33434,5853,60961,730,368,362
33645,69503,8536,33438,5854,60967,730,368,362
33650,69516,8539,33447,5856,60976,731,369,362
33655,69527,8543,33452,5859,60984,731,369,362
33660,69534,8544,33455,5859,60990,731,369,362
33665,69547,8544,33457,5859,61003,732,369,363
33670,69558,8544,33463,5859,61014,732,369,363
33675,69565,8545,33467,5859,61020,732,369,363
33680,69578,8545,33473,5859,61033,733,370,363
33685,69589,8545,33479,5859,61044,733,370,363
33690,69596,8546,33481,5859,61050,733,370,363
33695,69609,8546,33484,5859,61063,734,370,364
33700,69620,8546,33488,5859,61074,734,370,364
33705,69627,8548,33490,5859,61079,734,370,364
33710,69640,8548,33498,5859,61091,735,371,364
33715,69651,8551,33503,5862,61099,735,371,364
33720,69658,8554,33506,5863,61104,735,371,364
33725,69671,8554,33512,5863,61116,736,372,364
33730,69682,8556,33519,5865,61126,736,372,364
33735,69689,8558,33522,5866,61131,736,372,364
33740,69702,8558,33528,5866,61143,737,372,365
33745,69713,8560,33535,5868,61153,737,372,365
33750,69720,8562,33538,5870,61158,737,372,365
33755,69733,8562,33543,5870,61171,738,372,366
33760,69744,8562,33547,5870,61182,738,372,366
33765,69751,8564,33552,5872,61187,738,372,366
33770,69764,8565,33559,5873,61198,739,373,366
33775,69775,8568,33562,5875,61207,739,373,366
33780,69782,8570,33567,5876,61212,739,373,366
33785,69795,8571,33573,5877,61224,739,373,366
33790,69806,8572,33578,5877,61234,739,373,366
33795,69813,8573,33582,5878,61240,739,373,366
33800,69826,8574,33588,5878,61252,739,373,366
33805,69837,8576,33591,5879,61261,739,373,366
33810,69844,8577,33594,5879,61267,739,373,366
33815,69857,8579,33603,5881,61278,739,373,366
33820,69868,8580,33604,5881,61288,739,373,366
33825,69875,8581,33609,5882,61294,739,373,366
33830,69888,8582,33614,5883,61306,739,373,366
33835,69899,8584,33621,5884,61315,739,373,366
33840,69906,8585,33626,5885,61321,739,373,366
33845,69919,8586,33634,5886,61333,739,373,366
33850,69930,8588,33638,5887,61342,739,373,366
33855,69937,8588,33641,5887,61349,739,373,366
33860,69950,8590,33649,5889,61360,739,373,366
33865,69961,8592,33654,5891,61369,739,373,366
33870,69968,8592,33657,5891,61376,739,373,366
33875,69981,8593,33666,5892,61388,739,373,366
33880,69992,8595,33674,5894,61397,739,373,366
33885,69999,8596,33678,5895,61403,739,373,366
33890,70012,8600,33685,5899,61412,739,373,366
33895,70023,8601,33688,5899,61422,739,373,366
33900,70030,8602,33691,5900,61428,739,373,366
33905,70043,8602,33696,5900,61441,740,373,367
33910,70054,8603,33705,5901,61451,740,373,367
33915,70061,8604,33708,5901,61457,740,373,367
33920,70074,8604,33715,5901,61470,741,374,367
33925,70085,8605,33719,5902,61480,741,374,367
33930,70092,8606,33723,5902,61486,741,374,367
33935,70105,8606,33731,5902,61499,742,374,368
33940,70116,8606,33736,5902,61510,742,374,368
33945,70123,8608,33738,5902,61515,742,374,368
33950,70136,8608,33744,5902,61528,743,374,369
33955,70147,8609,33751,5903,61537,743,374,369
33960,70154,8612,33753,5905,61542,743,374,369
33965,70167,8613,33761,5906,61554,744,374,370
33970,70178,8613,33767,5906,61565,744,374,370
33975,70185,8615,33770,5906,61570,744,374,370
33980,70198,8616,33775,5907,61582,745,375,370
33985,70209,8616,33779,5907,61593,745,375,370
33990,70216,8618,33781,5907,61598,745,375,370
33995,70229,8619,33789,5908,61610,746,375,371
34000,70240,8619,33794,5908,61620,746,375,371
34005,70247,8622,33798,5909,61625,746,375,371
34010,70260,8623,33804,5909,61636,747,376,371
34015,70271,8625,33806,5910,61646,747,376,371
34020,70278,8627,33808,5911,61651,747,376,371
34025,70291,8628,33813,5912,61663,747,376,371
34030,70302,8630,33817,5914,61672,747,376,371
34035,70309,8631,33821,5914,61678,747,376,371
34040,70322,8632,33826,5914,61690,747,376,371
34045,70333,8634,33830,5915,61699,747,376,371
34050,70340,8635,33834,5916,61705,747,376,371
34055,70353,8636,33838,5916,61717,747,376,371
34060,70364,8637,33844,5917,61727,747,376,371
34065,70371,8638,33848,5917,61733,747,376,371
34070,70384,8639,33855,5918,61745,747,376,371
34075,70395,8640,33860,5918,61755,747,376,371
34080,70402,8641,33864,5919,61761,747,376,371
34085,70415,8642,33868,5920,61773,747,376,371
34090,70426,8644,33873,5922,61782,747,376,371
34095,70433,8644,33875,5922,61789,747,376,371
34100,70446,8646,33882,5924,61800,747,376,371
34105,70457,8648,33890,5926,61809,747,376,371
34110,70464,8648,33891,5926,61816,747,376,371
34115,70477,8650,33898,5927,61827,747,376,371
34120,70488,8651,33902,5928,61837,747,376,371
34125,70495,8652,33907,5929,61843,747,376,371
34130,70508,8653,33911,5929,61855,748,376,372
34135,70519,8656,33917,5931,61863,748,376,372
34140,70526,8657,33919,5932,61869,748,376,372
34145,70539,8657,33927,5932,61882,748,376,372
34150,70550,8658,33934,5933,61892,748,376,372
34155,70557,8659,33937,5934,61898,748,376,372
34160,70570,8659,33945,5934,61911,748,376,372
34165,70581,8660,33950,5934,61921,748,376,372
34170,70588,8661,33952,5935,61927,748,376,372
34175,70601,8661,33960,5935,61940,748,376,372
34180,70612,8663,33966,5936,61949,748,376,372
34185,70619,8665,33969,5938,61954,748,376,372
34190,70632,8665,33974,5938,61967,748,376,372
34195,70643,8666,33977,5939,61977,748,376,372
34200,70650,8668,33981,5939,61982,748,376,372
34205,70663,8668,33985,5939,61995,748,376,372
34210,70674,8669,33989,5940,62005,748,376,372
34215,70681,8671,33993,5941,62010,748,376,372
34220,70694,8671,33996,5941,62023,748,376,372
34225,70705,8672,34003,5942,62033,748,376,372
34230,70712,8674,34006,5942,62038,748,376,372
34235,70725,8675,34010,5943,62050,748,376,372
34240,70736,8676,34015,5944,62060,748,376,372
34245,70743,8678,34018,5946,62065,748,376,372
34250,70756,8681,34023,5948,62075,749,376,373
34255,70767,8684,34028,5950,62083,749,376,373
34260,70774,8686,34032,5952,62088,749,376,373
34265,70787,8688,34039,5954,62098,749,376,373
34270,70798,8689,34043,5955,62109,749,376,373
34275,70805,8691,34046,5957,62114,749,376,373
34280,70818,8692,34052,5957,62126,749,376,373
34285,70829,8692,34059,5957,62136,749,376,373
34290,70836,8695,34064,5958,62141,749,376,373
34295,70849,8696,34072,5958,62152,749,376,373
34300,70860,8697,34078,5959,62163,749,376,373
34305,70867,8699,34083,5961,62168,749,376,373
34310,70880,8701,34090,5962,62178,749,376,373
34315,70891,8703,34095,5964,62187,749,376,373
34320,70898,8706,34100,5966,62192,749,376,373
34325,70911,8708,34104,5967,62203,749,376,373
34330,70922,8709,34108,5968,62213,749,376,373
34335,70929,8710,34112,5969,62219,749,376,373
34340,70942,8711,34121,5969,62230,749,376,373
34345,70953,8712,34124,5970,62241,749,376,373
34350,70960,8713,34129,5971,62247,749,376,373
34355,70973,8714,34135,5971,62259,749,376,373
34360,70984,8715,34142,5972,62269,749,376,373
34365,70991,8716,34145,5972,62275,749,376,373
34370,71004,8717,34152,5973,62286,749,376,373
34375,71015,8719,34155,5974,62296,749,376,373
34380,71022,8720,34158,5975,62302,749,376,373
34385,71035,8720,34164,5975,62315,749,376,373
34390,71046,8721,34170,5975,62325,749,376,373
34395,71053,8721,34174,5975,62332,749,376,373
34400,71066,8721,34180,5975,62345,749,376,373
34405,71077,8722,34185,5975,62355,749,376,373
34410,71084,8722,34187,5975,62362,749,376,373
34415,71097,8722,34191,5975,62375,749,376,373
34420,71108,8723,34196,5976,62385,749,376,373
34425,71115,8723,34199,5976,62392,749,376,373
34430,71128,8723,34206,5976,62405,749,376,373
34435,71139,8725,34213,5977,62413,749,376,373
34440,71146,8727,34218,5978,62419,749,376,373
34445,71159,8727,34227,5978,62432,749,376,373
34450,71170,8730,34232,5981,62440,749,376,373
34455,71177,8731,34237,5982,62446,749,376,373
34460,71190,8731,34241,5982,62459,749,376,373
34465,71201,8732,34247,5983,62468,749,376,373
34470,71208,8734,34252,5985,62474,749,376,373
34475,71221,8734,34260,5985,62487,749,376,373
34480,71232,8735,34265,5986,62496,749,376,373
34485,71239,8738,34265,5987,62501,749,376,373
34490,71252,8740,34271,5989,62512,749,376,373
34495,71263,8745,34280,5994,62517,749,376,373
34500,71270,8748,34284,5996,62522,749,376,373
34505,71283,8750,34292,5997,62532,749,376,373
34510,71294,8751,34297,5998,62543,749,376,373
34515,71301,8752,34301,5998,62549,749,376,373
34520,71314,8753,34306,5999,62561,749,376,373
34525,71325,8753,34311,5999,62572,749,376,373
34530,71332,8754,34315,6000,62578,749,376,373
34535,71345,8756,34320,6002,62588,749,376,373
34540,71356,8757,34327,6003,62599,749,376,373
34545,71363,8758,34333,6004,62605,749,376,373
34550,71376,8760,34338,6005,62616,750,377,373
34555,71387,8760,34343,6005,62627,750,377,373
34560,71394,8761,34344,6005,62633,750,377,373
34565,71407,8763,34350,6007,62644,751,377,374
34570,71418,8763,34352,6007,62655,751,377,374
34575,71425,8764,34354,6007,62661,751,377,374
34580,71438,8766,34361,6008,62672,752,378,374
34585,71449,8766,34364,6008,62683,752,378,374
34590,71456,8767,34369,6009,62689,752,378,374
34595,71469,8768,34376,6010,62701,753,378,375
34600,71480,8768,34379,6010,62712,753,378,375
34605,71487,8770,34382,6011,62717,753,378,375
34610,71500,8772,34389,6013,62728,754,379,375
34615,71511,8774,34394,6015,62737,754,379,375
34620,71518,8776,34400,6016,62742,754,379,375
34625,71531,8776,34408,6016,62755,754,379,375
34630,71542,8777,34412,6017,62765,754,379,375
34635,71549,8778,34414,6017,62771,754,379,375
34640,71562,8778,34422,6017,62784,755,380,375
34645,71573,8781,34427,6020,62792,755,380,375
34650,71580,8782,34431,6020,62798,755,380,375
34655,71593,8782,34434,6020,62811,756,380,376
34660,71604,8783,34440,6020,62821,756,380,376
34665,71611,8784,34447,6021,62827,756,380,376
34670,71624,8785,34454,6022,62839,757,381,376
34675,71635,8786,34458,6023,62849,757,381,376
34680,71642,8787,34461,6023,62855,757,381,376
34685,71655,8787,34466,6023,62868,758,382,376
34690,71666,8790,34471,6025,62876,758,382,376
34695,71673,8791,34473,6025,62882,758,382,376
34700,71686,8791,34480,6025,62895,758,382,376
34705,71697,8793,34485,6026,62904,758,382,376
34710,71704,8794,34487,6027,62910,758,382,376
34715,71717,8795,34493,6028,62922,758,382,376
34720,71728,8798,34498,6030,62930,758,382,376
34725,71735,8800,34501,6032,62935,758,382,376
34730,71748,8802,34506,6033,62946,758,382,376
34735,71759,8804,34508,6034,62955,758,382,376
34740,71766,8806,34512,6036,62960,758,382,376
34745,71779,8807,34517,6036,62972,758,382,376
34750,71790,8808,34524,6037,62982,758,382,376
34755,71797,8809,34528,6038,62988,758,382,376
34760,71810,8810,34532,6038,63000,758,382,376
34765,71821,8810,34537,6038,63011,758,382,376
34770,71828,8811,34541,6039,63017,758,382,376
34775,71841,8812,34547,6039,63029,758,382,376
34780,71852,8813,34551,6040,63039,758,382,376
34785,71859,8814,34554,6040,63045,758,382,376
34790,71872,8815,34562,6040,63057,758,382,376
34795,71883,8816,34568,6041,63067,758,382,376
34800,71890,8817,34571,6042,63073,758,382,376
34805,71903,8818,34578,6042,63085,758,382,376
34810,71914,8819,34583,6043,63095,758,382,376
34815,71921,8820,34586,6044,63101,758,382,376
34820,71934,8821,34593,6044,63113,758,382,376
34825,71945,8821,34596,6044,63124,758,382,376
34830,71952,8822,34600,6044,63130,758,382,376
34835,71965,8823,34606,6045,63142,759,382,377
34840,71976,8824,34614,6046,63152,759,382,377
34845,71983,8825,34619,6046,63158,759,382,377
34850,71996,8826,34622,6047,63170,760,382,378
34855,72007,8829,34626,6050,63178,760,382,378
34860,72014,8831,34630,6052,63183,760,382,378
34865,72027,8832,34633,6052,63195,760,382,378
34870,72038,8834,34638,6053,63203,760,382,378
34875,72045,8836,34643,6055,63209,760,382,378
34880,72058,8837,34646,6055,63221,760,382,378
34885,72069,8838,34650,6055,63230,760,382,378
34890,72076,8840,34652,6056,63236,760,382,378
34895,72089,8841,34662,6056,63248,760,382,378
34900,72100,8842,34667,6056,63258,760,382,378
34905,72107,8843,34671,6057,63264,760,382,378
34910,72120,8844,34675,6057,63276,760,382,378
34915,72131,8846,34682,6059,63284,760,382,378
34920,72138,8848,34684,6060,63290,760,382,378
34925,72151,8849,34689,6060,63302,760,382,378
34930,72162,8851,34695,6061,63311,760,382,378
34935,72169,8852,34698,6061,63317,760,382,378
34940,72182,8854,34706,6062,63328,760,382,378
34945,72193,8856,34711,6064,63336,760,382,378
34950,72200,8858,34715,6066,63342,760,382,378
34955,72213,8860,34722,6067,63353,760,382,378
34960,72224,8861,34726,6067,63363,760,382,378
34965,72231,8863,34728,6068,63368,760,382,378
34970,72244,8866,34736,6071,63377,761,383,378
34975,72255,8869,34741,6073,63385,761,383,378
34980,72262,8872,34745,6075,63390,761,383,378
34985,72275,8872,34750,6075,63403,761,383,378
34990,72286,8873,34757,6076,63413,761,383,378
34995,72293,8874,34760,6077,63419,761,383,378
35000,72306,8874,34769,6077,63432,761,383,378
35005,72317,8875,34778,6078,63442,761,383,378
35010,72324,8876,34782,6078,63448,761,383,378
35015,72337,8876,34788,6078,63461,761,383,378
35020,72348,8876,34792,6078,63472,761,383,378
35025,72355,8877,34794,6079,63478,761,383,378
35030,72368,8877,34798,6079,63491,761,383,378
35035,72379,8878,34807,6080,63501,761,383,378
35040,72386,8879,34811,6080,63507,761,383,378
35045,72399,8879,34817,6080,63520,761,383,378
35050,72410,8879,34823,6080,63531,761,383,378
35055,72417,8880,34826,6081,63537,761,383,378
35060,72430,8880,34834,6081,63550,761,383,378
35065,72441,8880,34837,6081,63561,761,383,378
35070,72448,8881,34841,6082,63567,761,383,378
35075,72461,8881,34848,6082,63579,761,383,378
35080,72472,8882,34855,6083,63590,761,383,378
35085,72479,8883,34860,6084,63596,761,383,378
35090,72492,8885,34866,6086,63607,762,384,378
35095,72503,8888,34872,6088,63615,762,384,378
35100,72510,8890,34875,6090,63620,762,384,378
35105,72523,8893,34885,6092,63630,763,384,379
35110,72534,8894,34891,6093,63640,763,384,379
35115,72541,8895,34894,6093,63646,763,384,379
35120,72554,8896,34900,6094,63658,763,384,379
35125,72565,8896,34906,6094,63669,763,384,379
35130,72572,8897,34909,6094,63675,763,384,379
35135,72585,8898,34912,6095,63687,763,384,379
35140,72596,8898,34917,6095,63698,763,384,379
35145,72603,8899,34920,6095,63704,763,384,379
35150,72616,8900,34927,6096,63716,763,384,379
35155,72627,8900,34929,6096,63727,763,384,379
35160,72634,8901,34931,6097,63733,763,384,379
35165,72647,8903,34941,6099,63744,763,384,379
35170,72658,8904,34946,6100,63754,763,384,379
35175,72665,8905,34950,6101,63760,763,384,379
35180,72678,8906,34955,6102,63772,763,384,379
35185,72689,8907,34962,6103,63782,763,384,379
35190,72696,8908,34967,6104,63788,763,384,379
35195,72709,8910,34975,6106,63799,763,384,379
35200,72720,8911,34982,6107,63809,763,384,379
35205,72727,8912,34985,6108,63815,763,384,379
35210,72740,8914,34995,6110,63826,763,384,379
35215,72751,8918,35001,6113,63833,763,384,379
35220,72758,8920,35004,6114,63838,763,384,379
35225,72771,8922,35010,6116,63848,764,385,379
35230,72782,8924,35020,6118,63858,764,385,379
35235,72789,8925,35026,6119,63864,764,385,379
35240,72802,8926,35032,6120,63876,765,385,380
35245,72813,8927,35037,6121,63886,765,385,380
35250,72820,8928,35040,6121,63892,765,385,380
35255,72833,8929,35046,6122,63903,766,386,380
35260,72844,8931,35053,6124,63913,766,386,380
35265,72851,8932,35057,6124,63919,766,386,380
35270,72864,8932,35062,6124,63932,767,387,380
35275,72875,8933,35069,6125,63942,767,387,380
35280,72882,8934,35070,6125,63948,767,387,380
35285,72895,8934,35076,6125,63961,768,387,381
35290,72906,8934,35082,6125,63972,768,387,381
35295,72913,8934,35085,6125,63979,768,387,381
35300,72926,8934,35094,6125,63992,769,388,381
35305,72937,8934,35100,6125,64003,769,388,381
35310,72944,8934,35102,6125,64010,769,388,381
35315,72957,8934,35106,6125,64023,770,388,382
35320,72968,8934,35110,6125,64034,770,388,382
35325,72975,8934,35113,6125,64041,770,388,382
35330,72988,8937,35120,6127,64051,771,388,383
35335,72999,8939,35126,6129,64060,771,388,383
35340,73006,8940,35129,6129,64066,771,388,383
35345,73019,8941,35133,6129,64078,771,388,383
35350,73030,8942,35136,6130,64088,771,388,383
35355,73037,8943,35141,6131,64094,771,388,383
35360,73050,8944,35150,6132,64106,771,388,383
35365,73061,8945,35158,6133,64116,771,388,383
35370,73068,8946,35160,6134,64122,771,388,383
35375,73081,8947,35165,6134,64134,771,388,383
35380,73092,8948,35168,6134,64144,771,388,383
35385,73099,8950,35173,6136,64149,771,388,383
35390,73112,8951,35177,6136,64161,771,388,383
35395,73123,8952,35184,6137,64170,771,388,383
35400,73130,8955,35187,6140,64175,771,388,383
35405,73143,8956,35194,6140,64187,771,388,383
35410,73154,8957,35198,6140,64197,771,388,383
35415,73161,8959,35201,6140,64202,771,388,383
35420,73174,8960,35210,6141,64214,771,388,383
35425,73185,8962,35215,6143,64223,771,388,383
35430,73192,8964,35217,6143,64228,771,388,383
35435,73205,8965,35224,6144,64240,772,389,383
35440,73216,8967,35228,6146,64249,772,389,383
35445,73223,8969,35232,6147,64254,772,389,383
35450,73236,8972,35237,6149,64264,773,390,383
35455,73247,8975,35244,6152,64272,773,390,383
35460,73254,8977,35247,6153,64277,773,390,383
35465,73267,8980,35253,6155,64286,774,390,384
35470,73278,8981,35260,6156,64296,774,390,384
35475,73285,8984,35262,6158,64301,774,390,384
35480,73298,8986,35267,6160,64311,775,390,385
35485,73309,8987,35272,6161,64322,775,390,385
35490,73316,8989,35277,6163,64327,775,390,385
35495,73329,8990,35281,6164,64338,776,390,386
35500,73340,8992,35288,6166,64348,776,390,386
35505,73347,8994,35293,6166,64353,776,390,386
35510,73360,8996,35300,6167,64363,777,391,386
35515,73371,8997,35305,6168,64374,777,391,386
35520,73378,8999,35308,6168,64379,777,391,386
35525,73391,8999,35315,6168,64392,778,392,386
35530,73402,9000,35320,6169,64402,778,392,386
35535,73409,9001,35323,6170,64408,778,392,386
35540,73422,9001,35326,6170,64421,778,392,386
35545,73433,9001,35330,6170,64432,778,392,386
35550,73440,9002,35335,6170,64438,778,392,386
35555,73453,9002,35342,6170,64451,778,392,386
35560,73464,9002,35347,6170,64462,778,392,386
35565,73471,9003,35351,6171,64468,778,392,386
35570,73484,9003,35358,6171,64481,778,392,386
35575,73495,9008,35365,6176,64487,778,392,386
35580,73502,9009,35369,6176,64493,778,392,386
35585,73515,9011,35375,6178,64504,778,392,386
35590,73526,9012,35381,6179,64514,778,392,386
35595,73533,9012,35383,6179,64521,778,392,386
35600,73546,9012,35394,6179,64534,778,392,386
35605,73557,9013,35401,6180,64544,778,392,386
35610,73564,9013,35404,6180,64551,778,392,386
35615,73577,9013,35410,6180,64564,778,392,386
35620,73588,9014,35416,6181,64574,778,392,386
35625,73595,9015,35420,6182,64580,778,392,386
35630,73608,9016,35427,6183,64592,778,392,386
35635,73619,9018,35434,6184,64601,778,392,386
35640,73626,9019,35437,6184,64607,778,392,386
35645,73639,9019,35445,6184,64619,778,392,386
35650,73650,9022,35450,6187,64628,778,392,386
35655,73657,9023,35454,6188,64634,778,392,386
35660,73670,9023,35462,6188,64647,778,392,386
35665,73681,9025,35469,6189,64656,778,392,386
35670,73688,9026,35471,6189,64662,778,392,386
35675,73701,9026,35475,6189,64675,778,392,386
35680,73712,9028,35478,6190,64684,778,392,386
35685,73719,9029,35481,6191,64690,778,392,386
35690,73732,9029,35486,6191,64702,778,392,386
35695,73743,9033,35492,6195,64710,778,392,386
35700,73750,9035,35494,6195,64715,778,392,386
35705,73763,9037,35500,6197,64726,778,392,386
35710,73774,9037,35503,6197,64736,778,392,386
35715,73781,9039,35505,6198,64742,778,392,386
35720,73794,9039,35513,6198,64755,778,392,386
35725,73805,9039,35520,6198,64766,778,392,386
35730,73812,9040,35524,6198,64772,778,392,386
35735,73825,9040,35530,6198,64785,778,392,386
35740,73836,9041,35537,6199,64794,778,392,386
35745,73843,9043,35539,6201,64800,778,392,386
35750,73856,9043,35545,6201,64813,778,392,386
35755,73867,9043,35548,6201,64824,778,392,386
35760,73874,9044,35549,6201,64830,778,392,386
35765,73887,9044,35560,6201,64843,778,392,386
35770,73898,9045,35565,6202,64853,778,392,386
35775,73905,9046,35567,6202,64859,778,392,386
35780,73918,9046,35573,6202,64872,778,392,386
35785,73929,9046,35579,6202,64883,778,392,386
35790,73936,9047,35584,6203,64889,778,392,386
35795,73949,9047,35588,6203,64902,778,392,386
35800,73960,9048,35593,6204,64912,778,392,386
35805,73967,9050,35595,6204,64917,778,392,386
35810,73980,9051,35600,6205,64929,778,392,386
35815,73991,9055,35606,6209,64936,778,392,386
35820,73998,9057,35611,6211,64941,778,392,386
35825,74011,9058,35616,6212,64953,778,392,386
35830,74022,9059,35621,6213,64963,778,392,386
35835,74029,9060,35626,6214,64969,778,392,386
35840,74042,9062,35635,6216,64980,778,392,386
35845,74053,9063,35638,6217,64990,778,392,386
35850,74060,9064,35642,6218,64996,778,392,386
35855,74073,9065,35649,6218,65007,778,392,386
35860,74084,9068,35657,6221,65016,778,392,386
35865,74091,9069,35660,6221,65022,778,392,386
35870,74104,9070,35665,6221,65034,778,392,386
35875,74115,9072,35668,6222,65043,778,392,386
35880,74122,9073,35671,6222,65049,778,392,386
35885,74135,9074,35676,6222,65061,778,392,386
35890,74146,9075,35679,6223,65071,778,392,386
35895,74153,9075,35683,6223,65078,778,392,386
35900,74166,9077,35691,6225,65089,778,392,386
35905,74177,9078,35698,6226,65099,778,392,386
35910,74184,9078,35701,6226,65106,778,392,386
35915,74197,9079,35707,6226,65117,778,392,386
35920,74208,9081,35711,6228,65127,778,392,386
35925,74215,9081,35714,6228,65134,778,392,386
35930,74228,9084,35719,6230,65143,779,392,387
35935,74239,9087,35722,6232,65152,779,392,387
35940,74246,9088,35726,6233,65158,779,392,387
35945,74259,9088,35731,6233,65171,779,392,387
35950,74270,9088,35737,6233,65182,779,392,387
35955,74277,9089,35738,6233,65188,779,392,387
35960,74290,9089,35746,6233,65201,779,392,387
35965,74301,9090,35748,6234,65211,779,392,387
35970,74308,9091,35749,6234,65217,779,392,387
35975,74321,9091,35755,6234,65230,779,392,387
35980,74332,9092,35759,6235,65240,779,392,387
35985,74339,9094,35762,6236,65245,779,392,387
35990,74352,9095,35770,6237,65257,779,392,387
35995,74363,9096,35776,6238,65267,779,392,387
36000,74370,9098,35780,6239,65272,779,392,387
36005,74383,9098,35790,6239,65285,779,392,387
36010,74394,9099,35796,6240,65295,779,392,387
36015,74401,9101,35797,6241,65300,779,392,387
36020,74414,9101,35804,6241,65313,779,392,387
36025,74425,9102,35810,6242,65323,779,392,387
36030,74432,9104,35814,6243,65328,779,392,387
36035,74445,9104,35820,6243,65341,779,392,387
36040,74456,9105,35829,6244,65351,779,392,387
36045,74463,9107,35834,6244,65356,779,392,387
36050,74476,9109,35839,6245,65366,779,392,387
36055,74487,9114,35848,6250,65372,779,392,387
36060,74494,9117,35852,6253,65377,779,392,387
36065,74507,9118,35856,6253,65388,779,392,387
36070,74518,9121,35863,6256,65397,779,392,387
36075,74525,9122,35867,6256,65403,779,392,387
36080,74538,9123,35872,6256,65415,779,392,387
36085,74549,9126,35879,6259,65423,779,392,387
36090,74556,9127,35881,6260,65429,779,392,387
36095,74569,9128,35886,6261,65441,779,392,387
36100,74580,9130,35890,6262,65450,779,392,387
36105,74587,9131,35895,6263,65456,779,392,387
36110,74600,9132,35899,6263,65468,779,392,387
36115,74611,9133,35903,6263,65478,779,392,387
36120,74618,9134,35907,6263,65484,779,392,387
36125,74631,9135,35912,6263,65496,779,392,387
36130,74642,9137,35916,6264,65505,779,392,387
36135,74649,9138,35921,6264,65511,779,392,387
36140,74662,9140,35928,6265,65521,779,392,387
36145,74673,9143,35933,6267,65530,779,392,387
36150,74680,9144,35938,6267,65536,779,392,387
36155,74693,9145,35944,6268,65547,779,392,387
36160,74704,9149,35952,6271,65555,779,392,387
36165,74711,9150,35955,6271,65561,779,392,387
36170,74724,9154,35963,6274,65569,780,393,387
36175,74735,9157,35967,6276,65578,780,393,387
36180,74742,9158,35971,6277,65584,780,393,387
36185,74755,9160,35976,6278,65595,781,393,388
36190,74766,9161,35982,6279,65605,781,393,388
36195,74773,9162,35986,6279,65611,781,393,388
36200,74786,9162,35991,6279,65624,782,394,388
36205,74797,9162,35995,6279,65635,782,394,388
36210,74804,9163,36000,6280,65641,782,394,388
36215,74817,9163,36007,6280,65654,782,394,388
36220,74828,9164,36012,6281,65664,782,394,388
36225,74835,9166,36016,6283,65669,782,394,388
36230,74848,9166,36021,6283,65682,782,394,388
36235,74859,9167,36026,6284,65692,782,394,388
36240,74866,9169,36030,6285,65697,782,394,388
36245,74879,9169,36036,6285,65710,782,394,388
36250,74890,9170,36041,6286,65720,782,394,388
36255,74897,9172,36042,6286,65725,782,394,388
36260,74910,9172,36046,6286,65738,782,394,388
36265,74921,9173,36055,6287,65747,782,394,388
36270,74928,9176,36059,6289,65752,782,394,388
36275,74941,9176,36065,6289,65765,782,394,388
36280,74952,9177,36072,6290,65775,782,394,388
36285,74959,9178,36074,6290,65781,782,394,388
36290,74972,9178,36081,6290,65794,782,394,388
36295,74983,9180,36087,6292,65803,782,394,388
36300,74990,9181,36090,6292,65809,782,394,388
36305,75003,9182,36095,6292,65821,782,394,388
36310,75014,9183,36100,6293,65831,782,394,388
36315,75021,9184,36106,6294,65837,782,394,388
36320,75034,9185,36112,6295,65848,782,394,388
36325,75045,9187,36115,6296,65858,782,394,388
36330,75052,9188,36120,6296,65864,782,394,388
36335,75065,9189,36129,6296,65875,782,394,388
36340,75076,9191,36131,6297,65885,782,394,388
36345,75083,9192,36135,6298,65891,782,394,388
36350,75096,9193,36142,6298,65903,782,394,388
36355,75107,9194,36150,6299,65913,782,394,388
36360,75114,9195,36151,6299,65919,782,394,388
36365,75127,9196,36157,6299,65931,782,394,388
36370,75138,9197,36161,6299,65941,782,394,388
36375,75145,9198,36165,6300,65947,782,394,388
36380,75158,9199,36172,6301,65959,782,394,388
36385,75169,9200,36177,6302,65969,782,394,388
36390,75176,9201,36178,6303,65975,782,394,388
36395,75189,9202,36186,6304,65986,782,394,388
36400,75200,9204,36193,6306,65996,782,394,388
36405,75207,9206,36195,6308,66001,782,394,388
36410,75220,9208,36202,6310,66012,783,395,388
36415,75231,9210,36207,6311,66021,783,395,388
36420,75238,9212,36209,6311,66026,783,395,388
36425,75251,9214,36216,6313,66037,783,395,388
36430,75262,9214,36220,6313,66047,783,395,388
36435,75269,9216,36224,6314,66053,783,395,388
36440,75282,9217,36234,6315,66065,783,395,388
36445,75293,9218,36243,6316,66074,783,395,388
36450,75300,9220,36247,6318,66080,783,395,388
36455,75313,9221,36252,6319,66092,783,395,388
36460,75324,9221,36258,6319,66103,783,395,388
36465,75331,9221,36263,6319,66110,783,395,388
36470,75344,9222,36270,6319,66122,783,395,388
36475,75355,9222,36276,6319,66133,783,395,388
36480,75362,9222,36280,6319,66140,783,395,388
36485,75375,9223,36288,6320,66152,783,395,388
36490,75386,9223,36294,6320,66163,783,395,388
36495,75393,9223,36298,6320,66170,783,395,388
36500,75406,9224,36304,6320,66182,783,395,388
36505,75417,9224,36308,6320,66193,783,395,388
36510,75424,9224,36311,6320,66200,783,395,388
36515,75437,9225,36316,6320,66212,783,395,388
36520,75448,9225,36322,6320,66223,783,395,388
36525,75455,9225,36326,6320,66230,783,395,388
36530,75468,9227,36331,6322,66241,784,395,389
36535,75479,9228,36336,6322,66251,784,395,389
36540,75486,9229,36337,6322,66257,784,395,389
36545,75499,9230,36345,6323,66269,784,395,389
36550,75510,9231,36350,6324,66278,784,395,389
36555,75517,9234,36351,6325,66283,784,395,389
36560,75530,9234,36356,6325,66295,784,395,389
36565,75541,9237,36362,6327,66304,784,395,389
36570,75548,9239,36366,6329,66309,784,395,389
36575,75561,9239,36373,6329,66321,784,395,389
36580,75572,9242,36381,6331,66329,784,395,389
36585,75579,9245,36383,6333,66334,784,395,389
36590,75592,9245,36389,6333,66347,784,395,389
36595,75603,9247,36395,6334,66356,784,395,389
36600,75610,9249,36398,6335,66361,784,395,389
36605,75623,9249,36404,6335,66374,784,395,389
36610,75634,9250,36409,6336,66384,784,395,389
36615,75641,9252,36413,6337,66389,784,395,389
36620,75654,9252,36418,6337,66402,784,395,389
36625,75665,9253,36422,6338,66411,784,395,389
36630,75672,9256,36425,6339,66416,784,395,389
36635,75685,9256,36433,6339,66429,784,395,389
36640,75696,9258,36439,6341,66437,784,395,389
36645,75703,9261,36440,6342,66442,784,395,389
36650,75716,9261,36443,6342,66455,785,395,390
36655,75727,9265,36449,6345,66462,785,395,390
36660,75734,9267,36453,6346,66467,785,395,390
36665,75747,9269,36460,6348,66478,785,395,390
36670,75758,9270,36466,6349,66488,785,395,390
36675,75765,9270,36468,6349,66495,785,395,390
36680,75778,9270,36475,6349,66508,785,395,390
36685,75789,9270,36483,6349,66519,785,395,390
36690,75796,9270,36488,6349,66526,785,395,390
36695,75809,9270,36496,6349,66539,785,395,390
36700,75820,9270,36500,6349,66550,785,395,390
36705,75827,9270,36505,6349,66557,785,395,390
36710,75840,9270,36508,6349,66570,785,395,390
36715,75851,9270,36512,6349,66581,785,395,390
36720,75858,9270,36515,6349,66588,785,395,390
36725,75871,9270,36522,6349,66601,785,395,390
36730,75882,9270,36525,6349,66612,785,395,390
36735,75889,9270,36528,6349,66619,785,395,390
36740,75902,9270,36533,6349,66632,785,395,390
36745,75913,9270,36538,6349,66643,785,395,390
36750,75920,9270,36540,6349,66650,785,395,390
36755,75933,9270,36544,6349,66663,785,395,390
36760,75944,9270,36548,6349,66674,785,395,390
36765,75951,9272,36553,6350,66679,785,395,390
36770,75964,9273,36558,6351,66691,785,395,390
36775,75975,9276,36562,6353,66699,785,395,390
36780,75982,9278,36566,6355,66704,785,395,390
36785,75995,9280,36574,6356,66715,785,395,390
36790,76006,9281,36580,6357,66725,785,395,390
36795,76013,9283,36583,6358,66730,785,395,390
36800,76026,9284,36588,6359,66742,785,395,390
36805,76037,9285,36590,6360,66752,785,395,390
36810,76044,9287,36591,6360,66757,785,395,390
36815,76057,9288,36595,6361,66769,786,395,391
36820,76068,9289,36599,6362,66779,786,395,391
36825,76075,9291,36601,6363,66784,786,395,391
36830,76088,9293,36608,6364,66795,787,396,391
36835,76099,9293,36612,6364,66806,787,396,391
36840,76106,9295,36616,6364,66811,787,396,391
36845,76119,9297,36624,6366,66822,788,396,392
36850,76130,9297,36630,6366,66833,788,396,392
36855,76137,9299,36631,6366,66838,788,396,392
36860,76150,9301,36638,6367,66849,789,397,392
36865,76161,9302,36644,6368,66859,789,397,392
36870,76168,9304,36647,6368,66864,789,397,392
36875,76181,9305,36654,6368,66876,790,398,392
36880,76192,9306,36660,6369,66886,790,398,392
36885,76199,9308,36663,6369,66891,790,398,392
36890,76212,9309,36670,6370,66903,791,399,392
36895,76223,9311,36672,6371,66912,791,399,392
36900,76230,9313,36676,6371,66917,791,399,392
36905,76243,9313,36686,6371,66930,791,399,392
36910,76254,9314,36690,6372,66940,791,399,392
36915,76261,9315,36695,6372,66946,791,399,392
36920,76274,9315,36703,6372,66959,791,399,392
36925,76285,9316,36706,6373,66969,791,399,392
36930,76292,9317,36709,6373,66975,791,399,392
36935,76305,9317,36713,6373,66988,791,399,392
36940,76316,9317,36716,6373,66999,791,399,392
36945,76323,9318,36719,6374,67005,791,399,392
36950,76336,9318,36725,6374,67018,791,399,392
36955,76347,9318,36732,6374,67029,791,399,392
36960,76354,9319,36736,6375,67035,791,399,392
36965,76367,9319,36743,6375,67048,791,399,392
36970,76378,9320,36750,6376,67058,791,399,392
36975,76385,9321,36752,6376,67064,791,399,392
36980,76398,9321,36758,6376,67077,791,399,392
36985,76409,9322,36763,6377,67087,791,399,392
36990,76416,9323,36764,6377,67093,791,399,392
36995,76429,9323,36768,6377,67106,791,399,392
37000,76440,9323,36773,6377,67117,791,399,392
37005,76447,9325,36776,6378,67122,791,399,392
37010,76460,9328,36781,6381,67132,792,399,393
37015,76471,9330,36785,6382,67140,792,399,393
37020,76478,9333,36789,6384,67145,792,399,393
37025,76491,9333,36797,6384,67158,792,399,393
37030,76502,9335,36803,6386,67166,792,399,393
37035,76509,9337,36807,6388,67172,792,399,393
37040,76522,9337,36815,6388,67185,792,399,393
37045,76533,9338,36822,6389,67195,792,399,393
37050,76540,9339,36824,6390,67201,792,399,393
37055,76553,9339,36831,6390,67214,792,399,393
37060,76564,9340,36836,6391,67224,792,399,393
37065,76571,9341,36838,6391,67230,792,399,393
37070,76584,9341,36847,6391,67243,792,399,393
37075,76595,9342,36852,6391,67253,792,399,393
37080,76602,9343,36855,6392,67259,792,399,393
37085,76615,9343,36856,6392,67272,792,399,393
37090,76626,9344,36860,6393,67282,792,399,393
37095,76633,9345,36862,6393,67288,792,399,393
37100,76646,9345,36869,6393,67301,792,399,393
37105,76657,9346,36875,6393,67311,792,399,393
37110,76664,9347,36879,6393,67317,792,399,393
37115,76677,9347,36884,6393,67330,792,399,393
37120,76688,9349,36891,6394,67339,792,399,393
37125,76695,9351,36894,6395,67344,792,399,393
37130,76708,9353,36900,6396,67354,793,399,394
37135,76719,9356,36904,6398,67363,793,399,394
37140,76726,9358,36907,6398,67368,793,399,394
37145,76739,9360,36914,6399,67379,793,399,394
37150,76750,9361,36920,6400,67389,793,399,394
37155,76757,9362,36925,6400,67395,793,399,394
37160,76770,9364,36930,6402,67406,793,399,394
37165,76781,9365,36935,6403,67416,793,399,394
37170,76788,9366,36940,6404,67422,793,399,394
37175,76801,9368,36950,6406,67433,793,399,394
37180,76812,9370,36957,6408,67442,793,399,394
37185,76819,9371,36960,6408,67448,793,399,394
37190,76832,9372,36966,6409,67460,793,399,394
37195,76843,9373,36972,6410,67470,793,399,394
37200,76850,9374,36976,6410,67476,793,399,394
37205,76863,9376,36985,6412,67487,793,399,394
37210,76874,9376,36990,6412,67498,793,399,394
37215,76881,9377,36994,6412,67504,793,399,394
37220,76894,9378,37000,6413,67516,793,399,394
37225,76905,9378,37006,6413,67527,793,399,394
37230,76912,9379,37010,6414,67533,793,399,394
37235,76925,9380,37012,6415,67545,793,399,394
37240,76936,9381,37018,6416,67555,793,399,394
37245,76943,9382,37022,6417,67561,793,399,394
37250,76956,9383,37027,6418,67573,794,400,394
37255,76967,9386,37033,6421,67581,794,400,394
37260,76974,9388,37036,6422,67586,794,400,394
37265,76987,9389,37041,6423,67598,794,400,394
37270,76998,9391,37049,6425,67607,794,400,394
37275,77005,9393,37052,6426,67612,794,400,394
37280,77018,9393,37057,6426,67624,794,400,394
37285,77029,9395,37063,6427,67633,794,400,394
37290,77036,9398,37067,6430,67638,794,400,394
37295,77049,9398,37072,6430,67651,794,400,394
37300,77060,9399,37075,6431,67660,794,400,394
37305,77067,9402,37076,6432,67665,794,400,394
37310,77080,9403,37082,6433,67677,794,400,394
37315,77091,9404,37086,6434,67686,794,400,394
37320,77098,9407,37091,6436,67691,794,400,394
37325,77111,9407,37097,6436,67704,794,400,394
37330,77122,9408,37104,6437,67714,794,400,394
37335,77129,9409,37107,6437,67720,794,400,394
37340,77142,9409,37113,6437,67733,794,400,394
37345,77153,9410,37118,6437,67743,794,400,394
37350,77160,9411,37121,6437,67749,794,400,394
37355,77173,9411,37128,6437,67761,794,400,394
37360,77184,9414,37133,6439,67770,794,400,394
37365,77191,9415,37136,6439,67776,794,400,394
37370,77204,9417,37140,6440,67787,795,401,394
37375,77215,9419,37143,6441,67796,795,401,394
37380,77222,9420,37146,6442,67802,795,401,394
37385,77235,9422,37150,6443,67813,796,402,394
37390,77246,9422,37154,6443,67824,796,402,394
37395,77253,9422,37158,6443,67831,796,402,394
37400,77266,9423,37161,6443,67843,797,403,394
37405,77277,9423,37164,6443,67854,797,403,394
37410,77284,9423,37167,6443,67861,797,403,394
37415,77297,9424,37171,6444,67873,798,404,394
37420,77308,9424,37176,6444,67884,798,404,394
37425,77315,9424,37179,6444,67891,798,404,394
37430,77328,9426,37189,6446,67902,799,405,394
37435,77339,9426,37194,6446,67913,799,405,394
37440,77346,9427,37197,6446,67919,799,405,394
37445,77359,9429,37202,6447,67930,799,405,394
37450,77370,9430,37208,6448,67940,799,405,394
37455,77377,9431,37211,6449,67946,799,405,394
37460,77390,9431,37214,6449,67959,799,405,394
37465,77401,9432,37220,6450,67969,799,405,394
37470,77408,9433,37225,6451,67975,799,405,394
37475,77421,9433,37234,6451,67988,799,405,394
37480,77432,9433,37239,6451,67999,799,405,394
37485,77439,9435,37242,6453,68004,799,405,394
37490,77452,9435,37246,6453,68016,799,405,394
37495,77463,9437,37254,6455,68026,799,405,394
37500,77470,9439,37258,6457,68031,799,405,394
37505,77483,9440,37261,6457,68042,799,405,394
37510,77494,9443,37265,6460,68051,799,405,394
37515,77501,9445,37267,6461,68056,799,405,394
37520,77514,9446,37271,6462,68068,799,405,394
37525,77525,9448,37276,6463,68076,799,405,394
37530,77532,9451,37281,6466,68081,799,405,394
37535,77545,9452,37292,6467,68092,799,405,394
37540,77556,9456,37297,6471,68099,799,405,394
37545,77563,9459,37301,6473,68104,799,405,394
37550,77576,9460,37309,6474,68115,799,405,394
37555,77587,9463,37313,6476,68123,799,405,394
37560,77594,9466,37317,6479,68128,799,405,394
37565,77607,9469,37325,6481,68137,800,406,394
37570,77618,9471,37334,6483,68147,800,406,394
37575,77625,9471,37339,6483,68154,800,406,394
37580,77638,9474,37348,6485,68163,801,407,394
37585,77649,9476,37356,6487,68173,801,407,394
37590,77656,9476,37361,6487,68180,801,407,394
37595,77669,9478,37367,6488,68190,802,407,395
37600,77680,9480,37369,6489,68200,802,407,395
37605,77687,9480,37372,6489,68207,802,407,395
37610,77700,9482,37380,6491,68218,803,408,395
37615,77711,9484,37384,6493,68227,803,408,395
37620,77718,9484,37390,6493,68234,803,408,395
37625,77731,9484,37394,6493,68247,803,408,395
37630,77742,9484,37400,6493,68258,803,408,395
37635,77749,9484,37406,6493,68265,803,408,395
37640,77762,9484,37414,6493,68278,803,408,395
37645,77773,9484,37420,6493,68289,803,408,395
37650,77780,9484,37425,6493,68296,803,408,395
37655,77793,9484,37435,6493,68309,803,408,395
37660,77804,9484,37441,6493,68320,803,408,395
37665,77811,9485,37444,6493,68326,803,408,395
37670,77824,9486,37449,6494,68338,803,408,395
37675,77835,9486,37454,6494,68348,803,408,395
37680,77842,9489,37459,6496,68353,803,408,395
37685,77855,9490,37463,6496,68365,803,408,395
37690,77866,9491,37467,6496,68375,803,408,395
37695,77873,9493,37469,6496,68380,803,408,395
37700,77886,9494,37474,6497,68392,803,408,395
37705,77897,9495,37477,6498,68402,803,408,395
37710,77904,9497,37478,6498,68407,803,408,395
37715,77917,9498,37484,6498,68419,803,408,395
37720,77928,9500,37487,6499,68428,803,408,395
37725,77935,9502,37489,6499,68433,803,408,395
37730,77948,9503,37491,6499,68445,804,409,395
37735,77959,9505,37497,6501,68454,804,409,395
37740,77966,9507,37500,6502,68459,804,409,395
37745,77979,9508,37506,6503,68471,804,409,395
37750,77990,9508,37510,6503,68482,804,409,395
37755,77997,9510,37511,6503,68487,804,409,395
37760,78010,9512,37518,6505,68498,804,409,395
37765,78021,9513,37523,6506,68508,804,409,395
37770,78028,9515,37526,6507,68513,804,409,395
37775,78041,9516,37532,6508,68525,804,409,395
37780,78052,9516,37536,6508,68536,804,409,395
37785,78059,9518,37540,6510,68541,804,409,395
37790,78072,9520,37545,6511,68552,804,409,395
37795,78083,9520,37549,6511,68563,804,409,395
37800,78090,9522,37550,6511,68568,804,409,395
37805,78103,9523,37559,6512,68580,804,409,395
37810,78114,9523,37563,6512,68590,804,409,395
37815,78121,9526,37568,6515,68595,804,409,395
37820,78134,9526,37570,6515,68608,804,409,395
37825,78145,9528,37576,6517,68616,804,409,395
37830,78152,9531,37580,6518,68621,804,409,395
37835,78165,9531,37586,6518,68634,805,409,396
37840,78176,9532,37592,6519,68644,805,409,396
37845,78183,9534,37598,6521,68649,805,409,396
37850,78196,9534,37604,6521,68661,806,410,396
37855,78207,9536,37609,6523,68671,806,410,396
37860,78214,9538,37612,6524,68676,806,410,396
37865,78227,9538,37619,6524,68689,807,410,397
37870,78238,9539,37627,6525,68699,807,410,397
37875,78245,9539,37631,6525,68706,807,410,397
37880,78258,9540,37638,6526,68718,808,410,398
37885,78269,9541,37644,6527,68728,808,410,398
37890,78276,9541,37646,6527,68735,808,410,398
37895,78289,9541,37648,6527,68748,809,410,399
37900,78300,9542,37655,6527,68758,809,410,399
37905,78307,9542,37657,6527,68765,809,410,399
37910,78320,9544,37666,6528,68776,810,411,399
37915,78331,9546,37676,6530,68785,810,411,399
37920,78338,9546,37680,6530,68792,810,411,399
37925,78351,9548,37687,6531,68802,810,411,399
37930,78362,9550,37695,6533,68812,810,411,399
37935,78369,9550,37700,6533,68819,810,411,399
37940,78382,9551,37706,6533,68830,810,411,399
37945,78393,9553,37712,6534,68840,810,411,399
37950,78400,9553,37715,6534,68847,810,411,399
37955,78413,9554,37719,6535,68859,810,411,399
37960,78424,9555,37721,6535,68869,810,411,399
37965,78431,9556,37725,6535,68875,810,411,399
37970,78444,9557,37730,6535,68887,810,411,399
37975,78455,9558,37734,6536,68897,810,411,399
37980,78462,9560,37738,6538,68902,810,411,399
37985,78475,9561,37743,6538,68914,811,411,400
37990,78486,9563,37748,6539,68923,811,411,400
37995,78493,9565,37750,6540,68928,811,411,400
38000,78506,9567,37758,6542,68939,812,411,401
38005,78517,9568,37764,6543,68949,812,411,401
38010,78524,9570,37766,6544,68954,812,411,401
38015,78537,9572,37770,6545,68965,813,411,402
38020,78548,9573,37774,6545,68975,813,411,402
38025,78555,9575,37778,6547,68980,813,411,402
38030,78568,9576,37781,6547,68992,814,411,403
38035,78579,9577,37786,6548,69002,814,411,403
38040,78586,9579,37790,6549,69007,814,411,403
38045,78599,9580,37794,6549,69019,814,411,403
38050,78610,9580,37801,6549,69030,814,411,403
38055,78617,9581,37805,6550,69036,814,411,403
38060,78630,9582,37811,6551,69048,814,411,403
38065,78641,9583,37816,6552,69058,814,411,403
38070,78648,9584,37820,6552,69064,814,411,403
38075,78661,9585,37824,6552,69076,814,411,403
38080,78672,9585,37831,6552,69087,814,411,403
38085,78679,9586,37836,6553,69093,814,411,403
38090,78692,9587,37840,6553,69105,814,411,403
38095,78703,9588,37843,6554,69115,814,411,403
38100,78710,9589,37845,6554,69121,814,411,403
38105,78723,9591,37851,6555,69132,815,411,404
38110,78734,9592,37856,6555,69142,815,411,404
38115,78741,9592,37859,6555,69149,815,411,404
38120,78754,9594,37865,6556,69159,816,411,405
38125,78765,9596,37874,6558,69169,816,411,405
38130,78772,9596,37876,6558,69176,816,411,405
38135,78785,9598,37884,6559,69187,817,412,405
38140,78796,9600,37891,6561,69196,817,412,405
38145,78803,9601,37895,6561,69202,817,412,405
38150,78816,9603,37900,6562,69213,817,412,405
38155,78827,9606,37906,6565,69221,817,412,405
38160,78834,9607,37909,6565,69227,817,412,405
38165,78847,9608,37914,6566,69238,817,412,405
38170,78858,9610,37919,6568,69248,817,412,405
38175,78865,9611,37920,6568,69254,817,412,405
38180,78878,9611,37926,6568,69267,817,412,405
38185,78889,9612,37931,6568,69277,817,412,405
38190,78896,9613,37935,6568,69283,817,412,405
38195,78909,9613,37942,6568,69296,817,412,405
38200,78920,9615,37946,6569,69305,817,412,405
38205,78927,9617,37948,6570,69310,817,412,405
38210,78940,9617,37952,6570,69323,817,412,405
38215,78951,9618,37958,6571,69333,817,412,405
38220,78958,9620,37962,6573,69338,817,412,405
38225,78971,9623,37970,6576,69348,817,412,405
38230,78982,9624,37977,6577,69357,817,412,405
38235,78989,9627,37980,6579,69362,817,412,405
38240,79002,9630,37989,6582,69372,818,412,406
38245,79013,9631,37995,6583,69382,818,412,406
38250,79020,9633,38000,6585,69387,818,412,406
38255,79033,9636,38004,6587,69397,819,412,407
38260,79044,9636,38010,6587,69408,819,412,407
38265,79051,9638,38013,6588,69413,819,412,407
38270,79064,9639,38020,6589,69425,820,412,408
38275,79075,9640,38024,6590,69434,820,412,408
38280,79082,9643,38029,6593,69439,820,412,408
38285,79095,9645,38035,6595,69450,821,412,409
38290,79106,9646,38040,6595,69459,821,412,409
38295,79113,9648,38045,6597,69465,821,412,409
38300,79126,9648,38051,6597,69478,822,412,410
38305,79137,9650,38057,6598,69486,822,412,410
38310,79144,9652,38060,6600,69492,822,412,410
38315,79157,9652,38065,6600,69505,823,412,411
38320,79168,9653,38071,6600,69514,823,412,411
38325,79175,9655,38073,6601,69520,823,412,411
38330,79188,9656,38082,6602,69532,824,412,412
38335,79199,9658,38090,6603,69540,824,412,412
38340,79206,9660,38091,6604,69546,824,412,412
38345,79219,9661,38095,6605,69558,825,412,413
38350,79230,9662,38102,6606,69568,825,412,413
38355,79237,9663,38106,6606,69574,825,412,413
38360,79250,9663,38109,6606,69587,826,413,413
38365,79261,9664,38116,6606,69597,826,413,413
38370,79268,9665,38119,6607,69603,826,413,413
38375,79281,9666,38126,6608,69615,827,413,414
38380,79292,9667,38132,6608,69625,827,413,414
38385,79299,9668,38134,6608,69631,827,413,414
38390,79312,9670,38139,6609,69642,828,413,415
38395,79323,9671,38144,6610,69652,828,413,415
38400,79330,9673,38146,6611,69657,828,413,415
38405,79343,9675,38152,6612,69668,828,413,415
38410,79354,9676,38158,6613,69678,828,413,415
38415,79361,9677,38161,6613,69684,828,413,415
38420,79374,9679,38168,6615,69695,828,413,415
38425,79385,9680,38177,6616,69705,828,413,415
38430,79392,9681,38181,6617,69711,828,413,415
38435,79405,9682,38186,6618,69723,828,413,415
38440,79416,9682,38190,6618,69734,828,413,415
38445,79423,9683,38194,6619,69740,828,413,415
38450,79436,9685,38202,6621,69751,828,413,415
38455,79447,9686,38207,6622,69761,828,413,415
38460,79454,9687,38212,6623,69767,828,413,415
38465,79467,9688,38215,6623,69779,828,413,415
38470,79478,9689,38221,6624,69789,828,413,415
38475,79485,9690,38224,6625,69795,828,413,415
38480,79498,9691,38230,6626,69807,828,413,415
38485,79509,9691,38235,6626,69818,828,413,415
38490,79516,9692,38237,6626,69824,828,413,415
38495,79529,9694,38242,6628,69835,828,413,415
38500,79540,9694,38247,6628,69846,828,413,415
38505,79547,9695,38249,6629,69852,828,413,415
38510,79560,9698,38258,6632,69862,829,413,416
38515,79571,9699,38259,6633,69872,829,413,416
38520,79578,9701,38264,6635,69877,829,413,416
38525,79591,9701,38269,6635,69890,830,414,416
38530,79602,9702,38273,6636,69900,830,414,416
38535,79609,9703,38276,6636,69906,830,414,416
38540,79622,9703,38281,6636,69919,830,414,416
38545,79633,9703,38285,6636,69930,830,414,416
38550,79640,9704,38289,6637,69936,830,414,416
38555,79653,9704,38296,6637,69949,830,414,416
38560,79664,9705,38301,6638,69959,830,414,416
38565,79671,9706,38307,6639,69965,830,414,416
38570,79684,9706,38312,6639,69978,830,414,416
38575,79695,9707,38317,6640,69987,830,414,416
38580,79702,9709,38318,6642,69993,830,414,416
38585,79715,9709,38326,6642,70006,830,414,416
38590,79726,9709,38331,6642,70017,830,414,416
38595,79733,9709,38334,6642,70024,830,414,416
38600,79746,9709,38341,6642,70037,830,414,416
38605,79757,9709,38349,6642,70048,830,414,416
38610,79764,9709,38354,6642,70055,830,414,416
38615,79777,9709,38361,6642,70068,830,414,416
38620,79788,9709,38370,6642,70079,830,414,416
38625,79795,9710,38373,6642,70085,830,414,416
38630,79808,9714,38380,6645,70094,831,414,417
38635,79819,9716,38386,6647,70103,831,414,417
38640,79826,9717,38388,6647,70109,831,414,417
38645,79839,9718,38392,6648,70121,831,414,417
38650,79850,9719,38396,6648,70131,831,414,417
38655,79857,9720,38398,6648,70137,831,414,417
38660,79870,9721,38404,6649,70148,831,414,417
38665,79881,9724,38409,6652,70157,831,414,417
38670,79888,9725,38413,6652,70163,831,414,417
38675,79901,9726,38418,6653,70175,831,414,417
38680,79912,9727,38423,6653,70185,831,414,417
38685,79919,9729,38426,6655,70190,831,414,417
38690,79932,9730,38433,6656,70201,831,414,417
38695,79943,9733,38438,6658,70210,831,414,417
38700,79950,9735,38443,6659,70215,831,414,417
38705,79963,9736,38446,6659,70227,831,414,417
38710,79974,9737,38451,6659,70237,831,414,417
38715,79981,9738,38453,6659,70243,831,414,417
38720,79994,9739,38460,6660,70255,831,414,417
38725,80005,9740,38464,6660,70264,831,414,417
38730,80012,9742,38468,6661,70270,831,414,417
38735,80025,9743,38474,6662,70281,831,414,417
38740,80036,9745,38478,6664,70291,831,414,417
38745,80043,9746,38482,6665,70297,831,414,417
38750,80056,9748,38487,6666,70307,832,415,417
38755,80067,9751,38491,6668,70315,832,415,417
38760,80074,9753,38493,6670,70321,832,415,417
38765,80087,9753,38501,6670,70334,832,415,417
38770,80098,9753,38507,6670,70344,832,415,417
38775,80105,9755,38511,6672,70350,832,415,417
38780,80118,9755,38514,6672,70363,832,415,417
38785,80129,9755,38519,6672,70373,832,415,417
38790,80136,9757,38523,6673,70379,832,415,417
38795,80149,9757,38528,6673,70392,832,415,417
38800,80160,9757,38534,6673,70403,832,415,417
38805,80167,9758,38537,6674,70409,832,415,417
38810,80180,9758,38543,6674,70422,832,415,417
38815,80191,9758,38551,6674,70433,832,415,417
38820,80198,9759,38553,6674,70439,832,415,417
38825,80211,9759,38560,6674,70452,832,415,417
38830,80222,9759,38565,6674,70463,832,415,417
38835,80229,9760,38570,6674,70469,832,415,417
38840,80242,9760,38579,6674,70482,832,415,417
38845,80253,9760,38582,6674,70493,832,415,417
38850,80260,9761,38586,6674,70499,832,415,417
38855,80273,9761,38596,6674,70512,832,415,417
38860,80284,9761,38599,6674,70523,832,415,417
38865,80291,9763,38602,6675,70528,832,415,417
38870,80304,9765,38608,6676,70538,832,415,417
38875,80315,9768,38616,6679,70547,832,415,417
38880,80322,9770,38620,6680,70552,832,415,417
38885,80335,9771,38627,6681,70564,832,415,417
38890,80346,9772,38629,6681,70574,832,415,417
38895,80353,9773,38633,6682,70580,832,415,417
38900,80366,9774,38641,6683,70592,832,415,417
38905,80377,9776,38645,6684,70601,832,415,417
38910,80384,9777,38650,6685,70607,832,415,417
38915,80397,9778,38656,6686,70618,832,415,417
38920,80408,9781,38663,6689,70627,832,415,417
38925,80415,9782,38667,6689,70633,832,415,417
38930,80428,9783,38671,6690,70644,832,415,417
38935,80439,9786,38675,6692,70653,832,415,417
38940,80446,9787,38680,6693,70659,832,415,417
38945,80459,9788,38687,6694,70671,832,415,417
38950,80470,9790,38693,6696,70680,832,415,417
38955,80477,9791,38697,6697,70686,832,415,417
38960,80490,9792,38700,6697,70698,832,415,417
38965,80501,9794,38708,6699,70707,832,415,417
38970,80508,9795,38713,6699,70713,832,415,417
38975,80521,9796,38716,6699,70725,832,415,417
38980,80532,9797,38720,6700,70735,832,415,417
38985,80539,9799,38724,6700,70740,832,415,417
38990,80552,9801,38730,6701,70751,832,415,417
38995,80563,9803,38736,6702,70759,832,415,417
39000,80570,9806,38739,6704,70764,832,415,417
39005,80583,9807,38743,6704,70776,833,416,417
39010,80594,9808,38747,6705,70786,833,416,417
39015,80601,9809,38751,6706,70792,833,416,417
39020,80614,9811,38758,6707,70803,833,416,417
39025,80625,9812,38759,6708,70813,833,416,417
39030,80632,9813,38763,6709,70819,833,416,417
39035,80645,9815,38769,6711,70830,833,416,417
39040,80656,9815,38776,6711,70841,833,416,417
39045,80663,9816,38780,6711,70847,833,416,417
39050,80676,9818,38787,6713,70858,833,416,417
39055,80687,9818,38793,6713,70869,833,416,417
39060,80694,9819,38796,6713,70875,833,416,417
39065,80707,9821,38804,6715,70886,833,416,417
39070,80718,9821,38807,6715,70897,833,416,417
39075,80725,9822,38810,6715,70903,833,416,417
39080,80738,9825,38819,6718,70913,833,416,417
39085,80749,9825,38825,6718,70923,833,416,417
39090,80756,9827,38830,6719,70929,833,416,417
39095,80769,9828,38834,6719,70941,833,416,417
39100,80780,9829,38839,6720,70950,833,416,417
39105,80787,9832,38844,6722,70955,833,416,417
39110,80800,9834,38852,6724,70965,834,417,417
39115,80811,9837,38857,6727,70973,834,417,417
39120,80818,9840,38859,6728,70978,834,417,417
39125,80831,9841,38866,6729,70990,834,417,417
39130,80842,9843,38872,6731,70999,834,417,417
39135,80849,9844,38878,6731,71005,834,417,417
39140,80862,9845,38884,6732,71017,834,417,417
39145,80873,9847,38889,6734,71026,834,417,417
39150,80880,9847,38890,6734,71033,834,417,417
39155,80893,9847,38899,6734,71046,834,417,417
39160,80904,9848,38903,6734,71056,834,417,417
39165,80911,9848,38908,6734,71063,834,417,417
39170,80924,9848,38915,6734,71076,834,417,417
39175,80935,9849,38922,6735,71086,834,417,417
39180,80942,9849,38925,6735,71093,834,417,417
39185,80955,9849,38933,6735,71106,834,417,417
39190,80966,9850,38940,6735,71116,834,417,417
39195,80973,9850,38944,6735,71123,834,417,417
39200,80986,9850,38948,6735,71136,834,417,417
39205,80997,9851,38951,6735,71146,834,417,417
39210,81004,9851,38956,6735,71153,834,417,417
39215,81017,9851,38961,6735,71166,834,417,417
39220,81028,9852,38969,6736,71176,834,417,417
39225,81035,9852,38971,6736,71183,834,417,417
39230,81048,9854,38977,6738,71194,835,418,417
39235,81059,9856,38984,6739,71203,835,418,417
39240,81066,9857,38988,6740,71209,835,418,417
39245,81079,9858,38993,6740,71220,835,418,417
39250,81090,9861,38996,6742,71229,835,418,417
39255,81097,9862,38999,6743,71235,835,418,417
39260,81110,9863,39001,6744,71247,835,418,417
39265,81121,9865,39009,6746,71256,835,418,417
39270,81128,9866,39012,6746,71262,835,418,417
39275,81141,9867,39020,6746,71273,835,418,417
39280,81152,9869,39024,6748,71283,835,418,417
39285,81159,9870,39027,6748,71289,835,418,417
39290,81172,9871,39033,6748,71301,835,418,417
39295,81183,9873,39036,6750,71310,835,418,417
39300,81190,9874,39041,6751,71316,835,418,417
39305,81203,9875,39049,6752,71328,835,418,417
39310,81214,9875,39054,6752,71339,835,418,417
39315,81221,9875,39058,6752,71346,835,418,417
39320,81234,9876,39066,6753,71358,835,418,417
39325,81245,9877,39072,6754,71368,835,418,417
39330,81252,9877,39074,6754,71375,835,418,417
39335,81265,9878,39079,6755,71387,835,418,417
39340,81276,9878,39086,6755,71398,835,418,417
39345,81283,9879,39089,6755,71404,835,418,417
39350,81296,9880,39093,6756,71416,836,418,418
39355,81307,9880,39095,6756,71427,836,418,418
39360,81314,9881,39097,6756,71433,836,418,418
39365,81327,9882,39103,6757,71445,836,418,418
39370,81338,9883,39110,6757,71455,836,418,418
39375,81345,9884,39111,6757,71461,836,418,418
39380,81358,9884,39119,6757,71473,836,418,418
39385,81369,9887,39125,6760,71482,836,418,418
39390,81376,9888,39128,6761,71488,836,418,418
39395,81389,9888,39135,6761,71501,836,418,418
39400,81400,9890,39142,6763,71510,836,418,418
39405,81407,9891,39145,6764,71516,836,418,418
39410,81420,9891,39152,6764,71528,836,418,418
39415,81431,9893,39157,6766,71538,836,418,418
39420,81438,9894,39162,6767,71544,836,418,418
39425,81451,9894,39167,6767,71557,836,418,418
39430,81462,9895,39172,6767,71567,836,418,418
39435,81469,9896,39176,6768,71573,836,418,418
39440,81482,9896,39181,6768,71586,836,418,418
39445,81493,9898,39186,6769,71595,836,418,418
39450,81500,9899,39188,6769,71601,836,418,418
39455,81513,9899,39192,6769,71614,836,418,418
39460,81524,9900,39197,6770,71624,836,418,418
39465,81531,9902,39200,6771,71629,836,418,418
39470,81544,9904,39208,6772,71640,836,418,418
39475,81555,9906,39216,6774,71648,836,418,418
39480,81562,9909,39220,6777,71653,836,418,418
39485,81575,9911,39228,6779,71664,837,418,419
39490,81586,9912,39234,6780,71674,837,418,419
39495,81593,9913,39239,6781,71680,837,418,419
39500,81606,9915,39246,6783,71691,838,418,420
39505,81617,9915,39251,6783,71702,838,418,420
39510,81624,9916,39254,6783,71708,838,418,420
39515,81637,9917,39260,6783,71720,839,418,421
39520,81648,9919,39266,6785,71729,839,418,421
39525,81655,9920,39269,6786,71735,839,418,421
39530,81668,9922,39275,6788,71746,840,418,422
39535,81679,9924,39282,6790,71755,840,418,422
39540,81686,9925,39285,6790,71761,840,418,422
39545,81699,9925,39290,6790,71774,841,418,423
39550,81710,9925,39297,6790,71785,841,418,423
39555,81717,9926,39301,6790,71791,841,418,423
39560,81730,9926,39310,6790,71804,842,419,423
39565,81741,9927,39321,6791,71814,842,419,423
39570,81748,9928,39323,6792,71820,842,419,423
39575,81761,9928,39330,6792,71833,843,420,423
39580,81772,9929,39336,6793,71843,843,420,423
39585,81779,9930,39338,6794,71849,843,420,423
39590,81792,9932,39342,6796,71860,844,420,424
39595,81803,9934,39347,6797,71868,844,420,424
39600,81810,9937,39350,6799,71873,844,420,424
39605,81823,9938,39356,6800,71885,844,420,424
39610,81834,9939,39360,6801,71895,844,420,424
39615,81841,9941,39365,6803,71900,844,420,424
39620,81854,9942,39372,6803,71912,844,420,424
39625,81865,9943,39378,6804,71922,844,420,424
39630,81872,9945,39382,6805,71927,844,420,424
39635,81885,9947,39387,6807,71938,844,420,424
39640,81896,9948,39390,6807,71947,844,420,424
39645,81903,9951,39396,6810,71952,844,420,424
39650,81916,9952,39401,6810,71964,844,420,424
39655,81927,9953,39407,6810,71974,844,420,424
39660,81934,9955,39412,6811,71979,844,420,424
39665,81947,9957,39418,6813,71990,844,420,424
39670,81958,9958,39427,6814,72000,844,420,424
39675,81965,9960,39430,6815,72005,844,420,424
39680,81978,9962,39434,6816,72016,844,420,424
39685,81989,9963,39439,6816,72026,844,420,424
39690,81996,9965,39444,6818,72031,844,420,424
39695,82009,9966,39449,6818,72043,844,420,424
39700,82020,9967,39453,6818,72053,844,420,424
39705,82027,9969,39456,6819,72058,844,420,424
39710,82040,9973,39464,6823,72066,844,420,424
39715,82051,9976,39469,6826,72075,844,420,424
39720,82058,9978,39475,6828,72080,844,420,424
39725,82071,9980,39481,6830,72091,845,420,425
39730,82082,9980,39489,6830,72102,845,420,425
39735,82089,9981,39494,6831,72108,845,420,425
39740,82102,9981,39499,6831,72121,846,420,426
39745,82113,9982,39505,6832,72131,846,420,426
39750,82120,9983,39510,6832,72137,846,420,426
39755,82133,9983,39516,6832,72150,847,420,427
39760,82144,9984,39521,6833,72160,847,420,427
39765,82151,9985,39524,6833,72166,847,420,427
39770,82164,9985,39534,6833,72179,848,421,427
39775,82175,9986,39538,6834,72189,848,421,427
39780,82182,9987,39542,6835,72195,848,421,427
39785,82195,9987,39546,6835,72208,848,421,427
39790,82206,9988,39551,6836,72218,848,421,427
39795,82213,9989,39556,6837,72224,848,421,427
39800,82226,9989,39560,6837,72237,848,421,427
39805,82237,9990,39565,6838,72247,848,421,427
39810,82244,9991,39570,6839,72253,848,421,427
39815,82257,9991,39576,6839,72266,848,421,427
39820,82268,9992,39582,6840,72276,848,421,427
39825,82275,9994,39585,6841,72281,848,421,427
39830,82288,9995,39594,6842,72292,848,421,427
39835,82299,9998,39601,6844,72301,848,421,427
39840,82306,10000,39605,6845,72306,848,421,427
39845,82319,10002,39613,6847,72317,849,421,428
39850,82330,10002,39619,6847,72328,849,421,428
39855,82337,10003,39622,6847,72334,849,421,428
39860,82350,10004,39629,6847,72346,849,421,428
39865,82361,10004,39633,6847,72357,849,421,428
39870,82368,10005,39637,6848,72363,849,421,428
39875,82381,10006,39645,6849,72374,849,421,428
39880,82392,10008,39648,6851,72384,849,421,428
39885,82399,10009,39653,6852,72390,849,421,428
39890,82412,10010,39658,6852,72401,849,421,428
39895,82423,10011,39662,6853,72412,849,421,428
39900,82430,10012,39665,6854,72418,849,421,428
39905,82443,10013,39671,6854,72430,849,421,428
39910,82454,10014,39678,6855,72440,849,421,428
39915,82461,10015,39683,6856,72446,849,421,428
39920,82474,10016,39689,6857,72458,849,421,428
39925,82485,10016,39696,6857,72469,849,421,428
39930,82492,10017,39700,6858,72475,849,421,428
39935,82505,10018,39705,6858,72486,849,421,428
39940,82516,10020,39709,6860,72496,849,421,428
39945,82523,10022,39714,6862,72501,849,421,428
39950,82536,10024,39719,6863,72512,850,421,429
39955,82547,10025,39723,6863,72521,850,421,429
39960,82554,10028,39726,6865,72526,850,421,429
39965,82567,10030,39734,6867,72537,851,422,429
39970,82578,10032,39741,6869,72546,851,422,429
39975,82585,10033,39744,6869,72552,851,422,429
39980,82598,10036,39749,6871,72562,852,423,429
39985,82609,10038,39753,6873,72571,852,423,429
39990,82616,10039,39756,6873,72577,852,423,429
39995,82629,10043,39763,6876,72586,853,423,430
40000,82640,10044,39768,6876,72596,853,423,430
40005,82647,10045,39771,6876,72602,853,423,430
40010,82660,10047,39777,6877,72613,854,424,430
40015,82671,10049,39785,6878,72621,854,424,430
40020,82678,10051,39789,6879,72627,854,424,430
40025,82691,10053,39795,6880,72638,854,424,430
40030,82702,10054,39800,6881,72648,854,424,430
40035,82709,10055,39802,6881,72654,854,424,430
40040,82722,10055,39810,6881,72667,854,424,430
40045,82733,10057,39815,6882,72676,854,424,430
40050,82740,10058,39818,6883,72682,854,424,430
40055,82753,10058,39822,6883,72695,854,424,430
40060,82764,10060,39828,6884,72704,854,424,430
40065,82771,10062,39832,6885,72709,854,424,430
40070,82784,10063,39838,6886,72720,854,424,430
40075,82795,10066,39843,6889,72729,854,424,430
40080,82802,10068,39847,6891,72734,854,424,430
40085,82815,10068,39853,6891,72747,854,424,430
40090,82826,10069,39861,6892,72757,854,424,430
40095,82833,10070,39865,6893,72763,854,424,430
40100,82846,10070,39871,6893,72776,854,424,430
40105,82857,10071,39875,6894,72786,854,424,430
40110,82864,10072,39880,6895,72792,854,424,430
40115,82877,10072,39887,6895,72804,854,424,430
40120,82888,10074,39894,6897,72814,854,424,430
40125,82895,10075,39898,6898,72820,854,424,430
40130,82908,10075,39904,6898,72833,854,424,430
40135,82919,10075,39908,6898,72844,854,424,430
40140,82926,10076,39913,6898,72850,854,424,430
40145,82939,10076,39916,6898,72863,854,424,430
40150,82950,10077,39924,6899,72873,854,424,430
40155,82957,10078,39928,6900,72879,854,424,430
40160,82970,10078,39935,6900,72891,854,424,430
40165,82981,10079,39941,6901,72902,854,424,430
40170,82988,10080,39944,6901,72908,854,424,430
40175,83001,10080,39949,6901,72921,854,424,430
40180,83012,10081,39954,6902,72931,854,424,430
40185,83019,10082,39957,6902,72937,854,424,430
40190,83032,10084,39964,6903,72948,855,424,431
40195,83043,10087,39969,6906,72956,855,424,431
40200,83050,10089,39972,6907,72961,855,424,431
40205,83063,10091,39980,6908,72972,856,424,432
40210,83074,10093,39986,6910,72981,856,424,432
40215,83081,10094,39989,6911,72987,856,424,432
40220,83094,10095,39996,6912,72999,856,424,432
40225,83105,10096,40003,6913,73008,856,424,432
40230,83112,10098,40008,6915,73014,856,424,432
40235,83125,10101,40015,6917,73024,856,424,432
40240,83136,10102,40017,6917,73034,856,424,432
40245,83143,10103,40018,6918,73040,856,424,432
40250,83156,10105,40022,6919,73051,856,424,432
40255,83167,10106,40026,6919,73060,856,424,432
40260,83174,10108,40029,6920,73066,856,424,432
40265,83187,10110,40037,6922,73077,856,424,432
40270,83198,10112,40043,6924,73085,856,424,432
40275,83205,10114,40048,6926,73091,856,424,432
40280,83218,10115,40054,6926,73103,856,424,432
40285,83229,10117,40060,6928,73112,856,424,432
40290,83236,10118,40063,6928,73118,856,424,432
40295,83249,10119,40071,6928,73130,856,424,432
40300,83260,10120,40077,6929,73139,856,424,432
40305,83267,10122,40081,6930,73145,856,424,432
40310,83280,10123,40087,6931,73157,856,424,432
40315,83291,10124,40090,6931,73167,856,424,432
40320,83298,10126,40093,6933,73172,856,424,432
40325,83311,10126,40102,6933,73185,857,425,432
40330,83322,10127,40108,6934,73195,857,425,432
40335,83329,10128,40111,6935,73201,857,425,432
40340,83342,10128,40116,6935,73213,858,425,433
40345,83353,10129,40123,6936,73224,858,425,433
40350,83360,10130,40127,6937,73230,858,425,433
40355,83373,10130,40131,6937,73243,859,426,433
40360,83384,10130,40135,6937,73254,859,426,433
40365,83391,10131,40140,6938,73260,859,426,433
40370,83404,10131,40147,6938,73272,860,427,433
40375,83415,10132,40153,6939,73283,860,427,433
40380,83422,10133,40156,6940,73289,860,427,433
40385,83435,10133,40161,6940,73302,860,427,433
40390,83446,10133,40167,6940,73313,860,427,433
40395,83453,10133,40169,6940,73320,860,427,433
40400,83466,10133,40173,6940,73333,860,427,433
40405,83477,10133,40179,6940,73344,860,427,433
40410,83484,10133,40183,6940,73351,860,427,433
40415,83497,10133,40187,6940,73364,860,427,433
40420,83508,10133,40190,6940,73375,860,427,433
40425,83515,10134,40194,6940,73381,860,427,433
40430,83528,10136,40201,6941,73391,860,427,433
40435,83539,10139,40207,6944,73399,860,427,433
40440,83546,10141,40211,6946,73405,860,427,433
40445,83559,10142,40220,6947,73417,860,427,433
40450,83570,10143,40224,6947,73427,860,427,433
40455,83577,10144,40227,6947,73433,860,427,433
40460,83590,10146,40232,6948,73444,860,427,433
40465,83601,10148,40237,6949,73453,860,427,433
40470,83608,10149,40242,6949,73459,860,427,433
40475,83621,10151,40249,6951,73470,860,427,433
40480,83632,10153,40256,6952,73478,860,427,433
40485,83639,10156,40260,6954,73483,860,427,433
40490,83652,10157,40263,6954,73495,860,427,433
40495,83663,10159,40267,6956,73504,860,427,433
40500,83670,10161,40273,6958,73509,860,427,433
40505,83683,10162,40281,6958,73521,860,427,433
40510,83694,10163,40284,6958,73530,860,427,433
40515,83701,10166,40290,6960,73535,860,427,433
40520,83714,10167,40297,6960,73547,860,427,433
40525,83725,10169,40304,6961,73555,860,427,433
40530,83732,10172,40306,6964,73560,860,427,433
40535,83745,10173,40311,6965,73572,860,427,433
40540,83756,10175,40315,6966,73581,860,427,433
40545,83763,10177,40317,6967,73586,860,427,433
40550,83776,10179,40320,6968,73597,861,427,434
40555,83787,10182,40326,6970,73604,861,427,434
40560,83794,10185,40328,6971,73609,861,427,434
40565,83807,10185,40332,6971,73622,862,427,435
40570,83818,10186,40337,6972,73632,862,427,435
40575,83825,10187,40341,6972,73638,862,427,435
40580,83838,10187,40347,6972,73651,863,427,436
40585,83849,10188,40349,6973,73661,863,427,436
40590,83856,10189,40354,6973,73667,863,427,436
40595,83869,10189,40357,6973,73680,864,427,437
40600,83880,10190,40365,6974,73690,864,427,437
40605,83887,10191,40369,6974,73696,864,427,437
40610,83900,10191,40375,6974,73709,865,428,437
40615,83911,10191,40380,6974,73720,865,428,437
40620,83918,10192,40384,6974,73726,865,428,437
40625,83931,10192,40388,6974,73739,866,428,438
40630,83942,10192,40392,6974,73750,866,428,438
40635,83949,10193,40397,6975,73756,866,428,438
40640,83962,10193,40407,6975,73769,867,429,438
40645,83973,10193,40412,6975,73780,867,429,438
40650,83980,10194,40415,6976,73786,867,429,438
40655,83993,10194,40423,6976,73799,868,430,438
40660,84004,10195,40428,6977,73809,868,430,438
40665,84011,10196,40430,6977,73815,868,430,438
40670,84024,10199,40439,6979,73825,868,430,438
40675,84035,10200,40445,6979,73834,868,430,438
40680,84042,10203,40448,6981,73839,868,430,438
40685,84055,10204,40453,6982,73851,868,430,438
40690,84066,10205,40456,6982,73860,868,430,438
40695,84073,10207,40461,6984,73866,868,430,438
40700,84086,10208,40468,6985,73878,868,430,438
40705,84097,10210,40476,6987,73887,868,430,438
40710,84104,10211,40478,6987,73893,868,430,438
40715,84117,10213,40480,6988,73904,868,430,438
40720,84128,10215,40487,6990,73913,868,430,438
40725,84135,10216,40491,6990,73919,868,430,438
40730,84148,10217,40495,6990,73931,868,430,438
40735,84159,10218,40501,6990,73941,868,430,438
40740,84166,10219,40506,6991,73947,868,430,438
40745,84179,10221,40516,6993,73958,868,430,438
40750,84190,10223,40521,6994,73966,868,430,438
40755,84197,10225,40525,6996,73972,868,430,438
40760,84210,10227,40531,6997,73983,868,430,438
40765,84221,10229,40539,6999,73992,868,430,438
40770,84228,10230,40540,6999,73998,868,430,438
40775,84241,10232,40545,7000,74009,869,430,439
40780,84252,10233,40551,7000,74018,869,430,439
40785,84259,10236,40555,7002,74023,869,430,439
40790,84272,10238,40562,7004,74034,870,430,440
40795,84283,10239,40567,7004,74044,870,430,440
40800,84290,10241,40571,7005,74049,870,430,440
40805,84303,10242,40581,7006,74060,870,430,440
40810,84314,10245,40585,7008,74069,870,430,440
40815,84321,10246,40588,7009,74075,870,430,440
40820,84334,10248,40594,7011,74086,870,430,440
40825,84345,10250,40599,7012,74095,870,430,440
40830,84352,10251,40601,7012,74101,870,430,440
40835,84365,10252,40606,7013,74113,870,430,440
40840,84376,10253,40611,7014,74123,870,430,440
40845,84383,10254,40615,7015,74129,870,430,440
40850,84396,10256,40619,7016,74139,870,430,440
40855,84407,10258,40623,7018,74149,870,430,440
40860,84414,10259,40628,7018,74155,870,430,440
40865,84427,10261,40637,7020,74165,870,430,440
40870,84438,10263,40642,7021,74175,870,430,440
40875,84445,10263,40644,7021,74182,870,430,440
40880,84458,10263,40651,7021,74195,870,430,440
40885,84469,10264,40660,7022,74205,870,430,440
40890,84476,10264,40665,7022,74212,870,430,440
40895,84489,10264,40669,7022,74225,870,430,440
40900,84500,10265,40674,7023,74235,870,430,440
40905,84507,10265,40677,7023,74242,870,430,440
40910,84520,10265,40682,7023,74255,871,430,441
40915,84531,10266,40685,7024,74265,871,430,441
40920,84538,10267,40687,7024,74271,871,430,441
40925,84551,10267,40695,7024,74284,872,431,441
40930,84562,10267,40699,7024,74295,872,431,441
40935,84569,10268,40702,7024,74301,872,431,441
40940,84582,10268,40711,7024,74314,872,431,441
40945,84593,10269,40717,7025,74324,872,431,441
40950,84600,10270,40721,7026,74330,872,431,441
40955,84613,10270,40727,7026,74343,872,431,441
40960,84624,10270,40735,7026,74354,872,431,441
40965,84631,10272,40738,7027,74359,872,431,441
40970,84644,10273,40742,7028,74371,872,431,441
40975,84655,10273,40744,7028,74382,872,431,441
40980,84662,10275,40748,7030,74387,872,431,441
40985,84675,10275,40754,7030,74400,872,431,441
40990,84686,10276,40759,7031,74410,872,431,441
40995,84693,10278,40764,7033,74415,872,431,441
41000,84706,10279,40775,7034,74427,872,431,441
41005,84717,10280,40781,7035,74437,872,431,441
41010,84724,10282,40785,7036,74442,872,431,441
41015,84737,10282,40789,7036,74455,872,431,441
41020,84748,10283,40796,7037,74465,872,431,441
41025,84755,10285,40801,7039,74470,872,431,441
41030,84768,10287,40808,7040,74480,873,431,442
41035,84779,10290,40816,7042,74488,873,431,442
41040,84786,10293,40818,7043,74493,873,431,442
41045,84799,10294,40827,7043,74504,873,431,442
41050,84810,10297,40832,7046,74513,873,431,442
41055,84817,10298,40834,7046,74519,873,431,442
41060,84830,10299,40842,7047,74530,873,431,442
41065,84841,10303,40845,7050,74538,873,431,442
41070,84848,10304,40848,7050,74544,873,431,442
41075,84861,10305,40853,7051,74556,873,431,442
41080,84872,10306,40855,7051,74566,873,431,442
41085,84879,10307,40858,7052,74572,873,431,442
41090,84892,10308,40863,7052,74583,873,431,442
41095,84903,10312,40867,7055,74591,873,431,442
41100,84910,10313,40871,7056,74597,873,431,442
41105,84923,10314,40875,7056,74609,873,431,442
41110,84934,10316,40881,7058,74618,873,431,442
41115,84941,10317,40883,7059,74624,873,431,442
41120,84954,10318,40888,7059,74636,873,431,442
41125,84965,10320,40892,7060,74645,873,431,442
41130,84972,10321,40894,7060,74651,873,431,442
41135,84985,10322,40901,7061,74663,873,431,442
41140,84996,10323,40906,7061,74673,873,431,442
41145,85003,10325,40908,7062,74678,873,431,442
41150,85016,10327,40913,7064,74689,873,431,442
41155,85027,10330,40920,7067,74696,873,431,442
41160,85034,10333,40923,7068,74701,873,431,442
41165,85047,10336,40931,7070,74711,874,432,442
41170,85058,10337,40935,7071,74721,874,432,442
41175,85065,10338,40937,7071,74727,874,432,442
41180,85078,10341,40949,7074,74737,875,433,442
41185,85089,10342,40956,7075,74747,875,433,442
41190,85096,10343,40959,7075,74753,875,433,442
41195,85109,10343,40964,7075,74766,876,433,443
41200,85120,10343,40967,7075,74777,876,433,443
41205,85127,10344,40969,7075,74783,876,433,443
41210,85140,10344,40975,7075,74796,876,433,443
41215,85151,10344,40982,7075,74807,876,433,443
41220,85158,10345,40983,7075,74813,876,433,443
41225,85171,10345,40990,7075,74826,876,433,443
41230,85182,10346,40997,7076,74836,876,433,443
41235,85189,10347,41000,7076,74842,876,433,443
41240,85202,10347,41008,7076,74855,876,433,443
41245,85213,10347,41012,7076,74866,876,433,443
41250,85220,10348,41017,7076,74872,876,433,443
41255,85233,10348,41025,7076,74885,876,433,443
41260,85244,10349,41033,7077,74895,876,433,443
41265,85251,10350,41035,7078,74901,876,433,443
41270,85264,10350,41042,7078,74913,876,433,443
41275,85275,10352,41047,7080,74922,876,433,443
41280,85282,10355,41048,7082,74927,876,433,443
41285,85295,10356,41055,7082,74939,876,433,443
41290,85306,10358,41060,7083,74948,876,433,443
41295,85313,10359,41064,7084,74954,876,433,443
41300,85326,10360,41073,7084,74965,876,433,443
41305,85337,10364,41079,7088,74973,876,433,443
41310,85344,10365,41085,7089,74979,876,433,443
41315,85357,10366,41092,7090,74991,876,433,443
41320,85368,10368,41097,7092,75000,876,433,443
41325,85375,10369,41102,7093,75006,876,433,443
41330,85388,10370,41110,7094,75018,876,433,443
41335,85399,10371,41116,7095,75028,876,433,443
41340,85406,10372,41119,7095,75034,876,433,443
41345,85419,10373,41122,7095,75046,876,433,443
41350,85430,10375,41126,7097,75055,876,433,443
41355,85437,10376,41130,7098,75061,876,433,443
41360,85450,10377,41134,7098,75073,876,433,443
41365,85461,10379,41141,7100,75082,876,433,443
41370,85468,10380,41143,7100,75088,876,433,443
41375,85481,10381,41149,7101,75100,876,433,443
41380,85492,10383,41153,7102,75109,876,433,443
41385,85499,10384,41156,7103,75115,876,433,443
41390,85512,10386,41160,7105,75126,877,433,444
41395,85523,10388,41166,7107,75135,877,433,444
41400,85530,10390,41168,7108,75140,877,433,444
41405,85543,10390,41173,7108,75153,878,433,445
41410,85554,10390,41176,7108,75164,878,433,445
41415,85561,10392,41180,7109,75169,878,433,445
41420,85574,10392,41182,7109,75182,878,433,445
41425,85585,10393,41187,7110,75192,878,433,445
41430,85592,10395,41190,7112,75197,878,433,445
41435,85605,10395,41195,7112,75210,878,433,445
41440,85616,10396,41196,7113,75220,878,433,445
41445,85623,10398,41201,7114,75225,878,433,445
41450,85636,10398,41207,7114,75238,878,433,445
41455,85647,10399,41212,7115,75247,878,433,445
41460,85654,10402,41213,7117,75252,878,433,445
41465,85667,10402,41221,7117,75265,878,433,445
41470,85678,10403,41229,7118,75274,878,433,445
41475,85685,10406,41233,7121,75279,878,433,445
41480,85698,10406,41238,7121,75292,878,433,445
41485,85709,10407,41244,7122,75301,878,433,445
41490,85716,10410,41247,7124,75306,878,433,445
41495,85729,10410,41253,7124,75319,878,433,445
41500,85740,10411,41258,7125,75328,878,433,445
41505,85747,10414,41263,7127,75333,878,433,445
41510,85760,10417,41267,7129,75343,879,433,446
41515,85771,10418,41271,7130,75352,879,433,446
41520,85778,10421,41276,7133,75357,879,433,446
41525,85791,10422,41283,7134,75369,879,433,446
41530,85802,10423,41287,7135,75379,879,433,446
41535,85809,10423,41291,7135,75386,879,433,446
41540,85822,10424,41296,7135,75398,879,433,446
41545,85833,10425,41299,7136,75408,879,433,446
41550,85840,10425,41303,7136,75415,879,433,446
41555,85853,10426,41309,7136,75426,879,433,446
41560,85864,10428,41313,7137,75436,879,433,446
41565,85871,10428,41315,7137,75443,879,433,446
41570,85884,10430,41321,7139,75454,879,433,446
41575,85895,10431,41326,7139,75464,879,433,446
41580,85902,10431,41327,7139,75471,879,433,446
41585,85915,10432,41333,7140,75482,879,433,446
41590,85926,10434,41338,7141,75492,879,433,446
41595,85933,10434,41339,7141,75499,879,433,446
41600,85946,10436,41349,7143,75509,879,433,446
41605,85957,10438,41352,7145,75519,879,433,446
41610,85964,10438,41355,7145,75526,879,433,446
41615,85977,10440,41360,7147,75536,879,433,446
41620,85988,10442,41364,7148,75546,879,433,446
41625,85995,10443,41367,7149,75552,879,433,446
41630,86008,10446,41376,7152,75561,879,433,446
41635,86019,10449,41381,7154,75569,879,433,446
41640,86026,10452,41385,7156,75574,879,433,446
41645,86039,10454,41392,7158,75585,880,433,447
41650,86050,10455,41397,7159,75594,880,433,447
41655,86057,10458,41402,7161,75599,880,433,447
41660,86070,10459,41411,7162,75611,881,433,448
41665,86081,10460,41417,7163,75621,881,433,448
41670,86088,10461,41420,7164,75627,881,433,448
41675,86101,10462,41428,7165,75639,882,433,449
41680,86112,10463,41434,7166,75649,882,433,449
41685,86119,10464,41435,7166,75655,882,433,449
41690,86132,10464,41442,7166,75668,883,433,450
41695,86143,10464,41447,7166,75679,883,433,450
41700,86150,10465,41449,7166,75685,883,433,450
41705,86163,10465,41452,7166,75698,883,433,450
41710,86174,10465,41455,7166,75709,883,433,450
41715,86181,10466,41458,7167,75715,883,433,450
41720,86194,10466,41465,7167,75728,883,433,450
41725,86205,10466,41469,7167,75739,883,433,450
41730,86212,10467,41472,7168,75745,883,433,450
41735,86225,10467,41482,7168,75758,883,433,450
41740,86236,10468,41489,7169,75768,883,433,450
41745,86243,10469,41493,7169,75774,883,433,450
41750,86256,10471,41500,7170,75785,883,433,450
41755,86267,10473,41505,7172,75794,883,433,450
41760,86274,10474,41508,7173,75800,883,433,450
41765,86287,10475,41514,7174,75812,884,433,451
41770,86298,10477,41521,7175,75821,884,433,451
41775,86305,10479,41524,7177,75826,884,433,451
41780,86318,10480,41531,7178,75837,884,433,451
41785,86329,10483,41536,7181,75846,884,433,451
41790,86336,10485,41539,7182,75851,884,433,451
41795,86349,10487,41546,7184,75862,884,433,451
41800,86360,10488,41551,7185,75872,884,433,451
41805,86367,10490,41557,7187,75877,884,433,451
41810,86380,10491,41561,7188,75889,884,433,451
41815,86391,10492,41566,7188,75899,884,433,451
41820,86398,10494,41570,7188,75904,884,433,451
41825,86411,10495,41577,7189,75915,884,433,451
41830,86422,10498,41583,7191,75924,884,433,451
41835,86429,10499,41587,7192,75930,884,433,451
41840,86442,10500,41594,7192,75941,884,433,451
41845,86453,10503,41598,7194,75950,884,433,451
41850,86460,10504,41599,7195,75956,884,433,451
41855,86473,10505,41603,7195,75967,884,433,451
41860,86484,10507,41606,7197,75977,884,433,451
41865,86491,10508,41608,7197,75983,884,433,451
41870,86504,10509,41611,7197,75995,885,434,451
41875,86515,10511,41617,7199,76004,885,434,451
41880,86522,10512,41621,7200,76010,885,434,451
41885,86535,10513,41627,7201,76022,886,434,452
41890,86546,10514,41632,7201,76032,886,434,452
41895,86553,10515,41634,7201,76038,886,434,452
41900,86566,10516,41641,7202,76050,886,434,452
41905,86577,10517,41648,7203,76060,886,434,452
41910,86584,10518,41650,7203,76066,886,434,452
41915,86597,10519,41655,7204,76078,886,434,452
41920,86608,10520,41662,7204,76088,886,434,452
41925,86615,10521,41665,7204,76094,886,434,452
41930,86628,10521,41673,7204,76107,886,434,452
41935,86639,10523,41681,7206,76116,886,434,452
41940,86646,10524,41684,7207,76122,886,434,452
41945,86659,10525,41689,7208,76134,886,434,452
41950,86670,10527,41694,7209,76143,886,434,452
41955,86677,10528,41697,7209,76149,886,434,452
41960,86690,10528,41702,7209,76162,886,434,452
41965,86701,10530,41707,7210,76171,886,434,452
41970,86708,10531,41709,7210,76177,886,434,452
41975,86721,10532,41720,7211,76189,886,434,452
41980,86732,10533,41720,7211,76199,886,434,452
41985,86739,10535,41724,7212,76204,886,434,452
41990,86752,10538,41733,7215,76213,887,435,452
41995,86763,10542,41739,7218,76220,887,435,452
42000,86770,10545,41741,7220,76225,887,435,452
42005,86783,10546,41749,7221,76237,887,435,452
42010,86794,10546,41756,7221,76248,887,435,452
42015,86801,10547,41759,7222,76254,887,435,452
42020,86814,10548,41762,7222,76266,887,435,452
42025,86825,10549,41767,7223,76276,887,435,452
42030,86832,10550,41771,7223,76282,887,435,452
42035,86845,10552,41779,7225,76292,887,435,452
42040,86856,10553,41784,7226,76303,887,435,452
42045,86863,10554,41785,7226,76309,887,435,452
42050,86876,10555,41792,7227,76321,887,435,452
42055,86887,10556,41799,7228,76331,887,435,452
42060,86894,10557,41800,7228,76337,887,435,452
42065,86907,10559,41807,7229,76348,887,435,452
42070,86918,10559,41811,7229,76359,887,435,452
42075,86925,10559,41815,7229,76366,887,435,452
42080,86938,10561,41823,7230,76377,887,435,452
42085,86949,10561,41829,7230,76388,887,435,452
42090,86956,10561,41834,7230,76395,887,435,452
42095,86969,10562,41837,7231,76407,887,435,452
42100,86980,10562,41842,7231,76418,887,435,452
42105,86987,10563,41844,7232,76424,887,435,452
42110,87000,10566,41851,7234,76433,888,435,453
42115,87011,10570,41855,7237,76441,888,435,453
42120,87018,10571,41860,7237,76447,888,435,453
42125,87031,10572,41868,7238,76459,889,435,454
42130,87042,10574,41874,7240,76468,889,435,454
42135,87049,10575,41877,7240,76474,889,435,454
42140,87062,10575,41883,7240,76487,890,436,454
42145,87073,10577,41887,7241,76496,890,436,454
42150,87080,10578,41891,7241,76502,890,436,454
42155,87093,10578,41895,7241,76515,891,436,455
42160,87104,10580,41902,7243,76524,891,436,455
42165,87111,10582,41907,7245,76529,891,436,455
42170,87124,10583,41914,7246,76541,891,436,455
42175,87135,10585,41920,7247,76550,891,436,455
42180,87142,10587,41924,7248,76555,891,436,455
42185,87155,10589,41930,7250,76566,891,436,455
42190,87166,10591,41937,7251,76575,891,436,455
42195,87173,10593,41939,7253,76580,891,436,455
42200,87186,10594,41945,7254,76592,891,436,455
42205,87197,10596,41952,7256,76600,891,436,455
42210,87204,10599,41955,7258,76605,891,436,455
42215,87217,10601,41960,7260,76616,891,436,455
42220,87228,10603,41963,7261,76625,891,436,455
42225,87235,10605,41969,7262,76630,891,436,455
42230,87248,10606,41977,7263,76641,891,436,455
42235,87259,10609,41981,7265,76649,891,436,455
42240,87266,10612,41985,7267,76654,891,436,455
42245,87279,10613,41992,7267,76665,891,436,455
42250,87290,10615,41999,7269,76675,891,436,455
42255,87297,10615,42005,7269,76682,891,436,455
42260,87310,10616,42008,7269,76694,891,436,455
42265,87321,10617,42014,7270,76704,891,436,455
42270,87328,10617,42018,7270,76711,891,436,455
42275,87341,10618,42026,7271,76723,891,436,455
42280,87352,10619,42032,7272,76733,891,436,455
42285,87359,10619,42035,7272,76740,891,436,455
42290,87372,10620,42043,7272,76752,891,436,455
42295,87383,10620,42048,7272,76763,891,436,455
42300,87390,10620,42052,7272,76770,891,436,455
42305,87403,10621,42056,7272,76782,891,436,455
42310,87414,10621,42061,7272,76793,891,436,455
42315,87421,10621,42066,7272,76800,891,436,455
42320,87434,10622,42075,7273,76812,891,436,455
42325,87445,10622,42079,7273,76823,891,436,455
42330,87452,10622,42082,7273,76830,891,436,455
42335,87465,10623,42088,7273,76842,891,436,455
42340,87476,10623,42092,7273,76853,891,436,455
42345,87483,10624,42096,7273,76859,891,436,455
42350,87496,10627,42104,7275,76868,891,436,455
42355,87507,10629,42110,7277,76878,891,436,455
42360,87514,10631,42112,7277,76883,891,436,455
42365,87527,10634,42118,7279,76893,891,436,455
42370,87538,10636,42126,7280,76901,891,436,455
42375,87545,10639,42132,7283,76906,891,436,455
42380,87558,10641,42139,7285,76917,891,436,455
42385,87569,10642,42146,7286,76926,891,436,455
42390,87576,10645,42149,7288,76931,891,436,455
42395,87589,10648,42156,7291,76941,891,436,455
42400,87600,10649,42161,7291,76950,891,436,455
42405,87607,10652,42164,7293,76955,891,436,455
42410,87620,10655,42170,7295,76965,891,436,455
42415,87631,10656,42176,7295,76974,891,436,455
42420,87638,10659,42180,7298,76979,891,436,455
42425,87651,10659,42182,7298,76992,891,436,455
42430,87662,10661,42188,7300,77001,891,436,455
42435,87669,10663,42193,7302,77006,891,436,455
42440,87682,10665,42200,7304,77017,892,437,455
42445,87693,10667,42206,7306,77026,892,437,455
42450,87700,10669,42208,7307,77031,892,437,455
42455,87713,10669,42214,7307,77044,893,437,456
42460,87724,10671,42219,7308,77053,893,437,456
42465,87731,10673,42223,7310,77058,893,437,456
42470,87744,10673,42227,7310,77071,894,438,456
42475,87755,10675,42234,7312,77080,894,438,456
42480,87762,10677,42239,7314,77085,894,438,456
42485,87775,10678,42249,7315,77096,894,438,456
42490,87786,10679,42253,7316,77107,894,438,456
42495,87793,10680,42258,7317,77113,894,438,456
42500,87806,10681,42265,7317,77124,894,438,456
42505,87817,10683,42273,7319,77134,894,438,456
42510,87824,10684,42278,7320,77140,894,438,456
42515,87837,10685,42285,7321,77151,894,438,456
42520,87848,10686,42291,7322,77162,894,438,456
42525,87855,10687,42295,7322,77168,894,438,456
42530,87868,10688,42300,7323,77179,894,438,456
42535,87879,10690,42307,7325,77189,894,438,456
42540,87886,10691,42309,7325,77195,894,438,456
42545,87899,10692,42317,7325,77207,894,438,456
42550,87910,10692,42320,7325,77218,894,438,456
42555,87917,10693,42322,7325,77224,894,438,456
42560,87930,10694,42327,7325,77236,894,438,456
42565,87941,10694,42332,7325,77247,894,438,456
42570,87948,10695,42336,7325,77253,894,438,456
42575,87961,10696,42339,7325,77264,894,438,456
42580,87972,10698,42347,7327,77274,894,438,456
42585,87979,10700,42351,7329,77279,894,438,456
42590,87992,10703,42359,7332,77288,895,438,457
42595,88003,10706,42366,7335,77297,895,438,457
42600,88010,10708,42369,7336,77302,895,438,457
42605,88023,10708,42373,7336,77315,895,438,457
42610,88034,10709,42377,7336,77325,895,438,457
42615,88041,10710,42381,7336,77331,895,438,457
42620,88054,10710,42387,7336,77344,895,438,457
42625,88065,10711,42391,7337,77354,895,438,457
42630,88072,10712,42395,7338,77360,895,438,457
42635,88085,10712,42401,7338,77373,895,438,457
42640,88096,10713,42405,7338,77383,895,438,457
42645,88103,10714,42409,7339,77389,895,438,457
42650,88116,10714,42414,7339,77402,895,438,457
42655,88127,10716,42423,7341,77411,895,438,457
42660,88134,10717,42425,7341,77417,895,438,457
42665,88147,10717,42426,7341,77430,895,438,457
42670,88158,10718,42430,7341,77439,895,438,457
42675,88165,10720,42433,7342,77445,895,438,457
42680,88178,10720,42441,7342,77458,895,438,457
42685,88189,10721,42446,7342,77467,895,438,457
42690,88196,10723,42448,7344,77473,895,438,457
42695,88209,10723,42455,7344,77486,895,438,457
42700,88220,10724,42458,7344,77496,895,438,457
42705,88227,10726,42462,7346,77501,895,438,457
42710,88240,10728,42466,7347,77511,896,438,458
42715,88251,10731,42473,7349,77519,896,438,458
42720,88258,10734,42477,7352,77524,896,438,458
42725,88271,10735,42483,7352,77536,896,438,458
42730,88282,10735,42484,7352,77547,896,438,458
42735,88289,10736,42486,7352,77553,896,438,458
42740,88302,10737,42494,7353,77565,896,438,458
42745,88313,10737,42500,7353,77576,896,438,458
42750,88320,10738,42507,7354,77582,896,438,458
42755,88333,10739,42513,7354,77594,896,438,458
42760,88344,10740,42519,7355,77604,896,438,458
42765,88351,10741,42522,7356,77610,896,438,458
42770,88364,10742,42529,7356,77622,896,438,458
42775,88375,10742,42536,7356,77633,896,438,458
42780,88382,10743,42542,7357,77639,896,438,458
42785,88395,10744,42547,7358,77651,896,438,458
42790,88406,10744,42551,7358,77662,896,438,458
42795,88413,10745,42553,7358,77668,896,438,458
42800,88426,10746,42558,7358,77680,896,438,458
42805,88437,10746,42564,7358,77691,896,438,458
42810,88444,10747,42566,7359,77697,896,438,458
42815,88457,10748,42570,7359,77709,896,438,458
42820,88468,10749,42576,7360,77719,896,438,458
42825,88475,10750,42580,7361,77725,896,438,458
42830,88488,10752,42587,7363,77735,897,439,458
42835,88499,10755,42592,7365,77744,897,439,458
42840,88506,10757,42595,7366,77749,897,439,458
42845,88519,10758,42602,7367,77761,897,439,458
42850,88530,10760,42609,7368,77769,897,439,458
42855,88537,10762,42613,7369,77775,897,439,458
42860,88550,10762,42619,7369,77788,897,439,458
42865,88561,10763,42625,7370,77798,897,439,458
42870,88568,10764,42628,7371,77804,897,439,458
42875,88581,10764,42634,7371,77817,897,439,458
42880,88592,10766,42638,7373,77826,897,439,458
42885,88599,10767,42642,7374,77832,897,439,458
42890,88612,10767,42647,7374,77845,897,439,458
42895,88623,10768,42652,7375,77855,897,439,458
42900,88630,10769,42657,7376,77861,897,439,458
42905,88643,10769,42664,7376,77874,897,439,458
42910,88654,10770,42668,7377,77884,897,439,458
42915,88661,10771,42672,7377,77890,897,439,458
42920,88674,10771,42677,7377,77903,897,439,458
42925,88685,10772,42679,7377,77913,897,439,458
42930,88692,10773,42683,7378,77919,897,439,458
42935,88705,10773,42689,7378,77932,897,439,458
42940,88716,10775,42696,7379,77941,897,439,458
42945,88723,10777,42698,7380,77946,897,439,458
42950,88736,10778,42708,7381,77958,897,439,458
42955,88747,10779,42711,7381,77968,897,439,458
42960,88754,10781,42716,7382,77973,897,439,458
42965,88767,10783,42724,7383,77984,897,439,458
42970,88778,10785,42729,7385,77993,897,439,458
42975,88785,10786,42730,7385,77999,897,439,458
42980,88798,10787,42735,7386,78011,898,439,459
42985,88809,10788,42737,7386,78021,898,439,459
42990,88816,10789,42743,7387,78027,898,439,459
42995,88829,10791,42751,7388,78038,899,440,459
43000,88840,10793,42756,7389,78047,899,440,459
43005,88847,10794,42760,7389,78053,899,440,459
43010,88860,10795,42762,7389,78065,900,440,460
43015,88871,10797,42768,7390,78074,900,440,460
43020,88878,10798,42772,7391,78080,900,440,460
43025,88891,10799,42779,7392,78092,900,440,460
43030,88902,10800,42783,7392,78102,900,440,460
43035,88909,10801,42788,7393,78108,900,440,460
43040,88922,10802,42793,7394,78120,900,440,460
43045,88933,10803,42797,7395,78130,900,440,460
43050,88940,10804,42801,7395,78136,900,440,460
43055,88953,10805,42807,7395,78148,900,440,460
43060,88964,10806,42811,7395,78158,900,440,460
43065,88971,10807,42816,7396,78164,900,440,460
43070,88984,10808,42819,7397,78175,901,440,461
43075,88995,10811,42825,7399,78183,901,440,461
43080,89002,10814,42828,7401,78188,901,440,461
43085,89015,10816,42833,7402,78199,901,440,461
43090,89026,10817,42837,7403,78209,901,440,461
43095,89033,10818,42840,7403,78215,901,440,461
43100,89046,10820,42850,7404,78225,901,440,461
43105,89057,10822,42855,7405,78234,901,440,461
43110,89064,10824,42861,7407,78240,901,440,461
43115,89077,10825,42866,7407,78251,901,440,461
43120,89088,10827,42869,7408,78260,901,440,461
43125,89095,10829,42871,7409,78266,901,440,461
43130,89108,10830,42876,7410,78278,901,440,461
43135,89119,10831,42881,7411,78288,901,440,461
43140,89126,10832,42885,7412,78294,901,440,461
43145,89139,10834,42891,7414,78305,901,440,461
43150,89150,10836,42897,7415,78314,901,440,461
43155,89157,10837,42900,7416,78320,901,440,461
43160,89170,10839,42906,7418,78331,901,440,461
43165,89181,10841,42913,7419,78340,901,440,461
43170,89188,10842,42916,7419,78346,901,440,461
43175,89201,10845,42923,7421,78356,901,440,461
43180,89212,10847,42930,7423,78365,901,440,461
43185,89219,10849,42932,7424,78370,901,440,461
43190,89232,10852,42941,7427,78380,902,441,461
43195,89243,10855,42949,7430,78387,902,441,461
43200,89250,10858,42951,7432,78392,902,441,461
43205,89263,10858,42959,7432,78405,903,442,461
43210,89274,10858,42963,7432,78416,903,442,461
43215,89281,10859,42965,7433,78422,903,442,461
43220,89294,10859,42972,7433,78435,904,443,461
43225,89305,10860,42976,7434,78445,904,443,461
43230,89312,10861,42977,7434,78451,904,443,461
43235,89325,10861,42984,7434,78464,904,443,461
43240,89336,10861,42989,7434,78475,904,443,461
43245,89343,10862,42990,7434,78481,904,443,461
43250,89356,10862,42995,7434,78494,904,443,461
43255,89367,10862,42999,7434,78505,904,443,461
43260,89374,10863,43002,7435,78511,904,443,461
43265,89387,10863,43009,7435,78524,904,443,461
43270,89398,10863,43013,7435,78535,904,443,461
43275,89405,10864,43016,7435,78541,904,443,461
43280,89418,10864,43021,7435,78554,904,443,461
43285,89429,10864,43026,7435,78565,904,443,461
43290,89436,10865,43030,7435,78571,904,443,461
43295,89449,10865,43034,7435,78584,904,443,461
43300,89460,10865,43039,7435,78595,904,443,461
43305,89467,10866,43042,7436,78601,904,443,461
43310,89480,10868,43050,7438,78611,904,443,461
43315,89491,10871,43054,7440,78620,904,443,461
43320,89498,10872,43059,7441,78626,904,443,461
43325,89511,10873,43069,7442,78638,904,443,461
43330,89522,10873,43078,7442,78649,904,443,461
43335,89529,10874,43079,7442,78655,904,443,461
43340,89542,10874,43089,7442,78668,904,443,461
43345,89553,10874,43099,7442,78679,904,443,461
43350,89560,10875,43101,7442,78685,904,443,461
43355,89573,10875,43107,7442,78698,904,443,461
43360,89584,10875,43112,7442,78709,904,443,461
43365,89591,10876,43117,7442,78715,904,443,461
43370,89604,10876,43125,7442,78728,904,443,461
43375,89615,10876,43131,7442,78739,904,443,461
43380,89622,10877,43137,7443,78745,904,443,461
43385,89635,10877,43141,7443,78758,904,443,461
43390,89646,10877,43146,7443,78769,904,443,461
43395,89653,10878,43149,7443,78775,904,443,461
43400,89666,10878,43156,7443,78788,904,443,461
43405,89677,10878,43163,7443,78799,904,443,461
43410,89684,10879,43165,7443,78805,904,443,461
43415,89697,10879,43171,7443,78818,904,443,461
43420,89708,10879,43175,7443,78829,904,443,461
43425,89715,10881,43177,7445,78834,904,443,461
43430,89728,10884,43186,7448,78844,905,443,462
43435,89739,10885,43189,7448,78854,905,443,462
43440,89746,10887,43193,7449,78859,905,443,462
43445,89759,10887,43200,7449,78872,905,443,462
43450,89770,10888,43205,7450,78882,905,443,462
43455,89777,10889,43210,7450,78888,905,443,462
43460,89790,10889,43219,7450,78901,905,443,462
43465,89801,10890,43226,7451,78911,905,443,462
43470,89808,10891,43229,7451,78917,905,443,462
43475,89821,10891,43236,7451,78930,905,443,462
43480,89832,10892,43242,7451,78940,905,443,462
43485,89839,10893,43243,7451,78946,905,443,462
43490,89852,10893,43247,7451,78959,905,443,462
43495,89863,10895,43253,7452,78968,905,443,462
43500,89870,10896,43257,7452,78974,905,443,462
43505,89883,10896,43264,7452,78987,905,443,462
43510,89894,10897,43267,7453,78997,905,443,462
43515,89901,10898,43270,7454,79003,905,443,462
43520,89914,10898,43278,7454,79016,905,443,462
43525,89925,10899,43283,7454,79026,905,443,462
43530,89932,10900,43287,7454,79032,905,443,462
43535,89945,10900,43297,7454,79045,905,443,462
43540,89956,10901,43303,7454,79055,905,443,462
43545,89963,10903,43305,7455,79060,905,443,462
43550,89976,10905,43310,7456,79071,906,443,463
43555,89987,10907,43313,7457,79080,906,443,463
43560,89994,10909,43314,7457,79085,906,443,463
43565,90007,10911,43324,7459,79096,906,443,463
43570,90018,10911,43329,7459,79106,906,443,463
43575,90025,10914,43334,7461,79111,906,443,463
43580,90038,10915,43339,7462,79123,906,443,463
43585,90049,10916,43345,7463,79133,906,443,463
43590,90056,10918,43347,7464,79138,906,443,463
43595,90069,10920,43353,7465,79149,906,443,463
43600,90080,10920,43356,7465,79160,906,443,463
43605,90087,10922,43362,7467,79165,906,443,463
43610,90100,10923,43368,7467,79177,906,443,463
43615,90111,10924,43375,7468,79187,906,443,463
43620,90118,10926,43381,7469,79192,906,443,463
43625,90131,10928,43387,7471,79203,906,443,463
43630,90142,10928,43392,7471,79214,906,443,463
43635,90149,10929,43398,7472,79220,906,443,463
43640,90162,10931,43405,7474,79231,906,443,463
43645,90173,10932,43409,7475,79240,906,443,463
43650,90180,10934,43411,7476,79246,906,443,463
43655,90193,10936,43416,7477,79257,906,443,463
43660,90204,10936,43420,7477,79268,906,443,463
43665,90211,10937,43423,7478,79274,906,443,463
43670,90224,10938,43426,7478,79286,907,444,463
43675,90235,10939,43431,7479,79296,907,444,463
43680,90242,10940,43432,7479,79302,907,444,463
43685,90255,10940,43434,7479,79315,907,444,463
43690,90266,10941,43439,7479,79325,907,444,463
43695,90273,10941,43442,7479,79332,907,444,463
43700,90286,10942,43449,7480,79343,908,444,464
43705,90297,10944,43454,7482,79353,908,444,464
43710,90304,10944,43459,7482,79360,908,444,464
43715,90317,10944,43464,7482,79372,909,444,465
43720,90328,10946,43470,7483,79382,909,444,465
43725,90335,10946,43474,7483,79389,909,444,465
43730,90348,10946,43480,7483,79401,910,445,465
43735,90359,10948,43484,7485,79411,910,445,465
43740,90366,10948,43485,7485,79418,910,445,465
43745,90379,10948,43490,7485,79431,911,445,466
43750,90390,10948,43492,7485,79442,911,445,466
43755,90397,10948,43497,7485,79449,911,445,466
43760,90410,10948,43500,7485,79462,912,445,467
43765,90421,10948,43508,7485,79473,912,445,467
43770,90428,10948,43514,7485,79480,912,445,467
43775,90441,10948,43520,7485,79493,913,446,467
43780,90452,10948,43526,7485,79504,913,446,467
43785,90459,10949,43530,7485,79510,913,446,467
43790,90472,10950,43537,7485,79521,914,447,467
43795,90483,10952,43544,7487,79531,914,447,467
43800,90490,10954,43547,7488,79536,914,447,467
43805,90503,10955,43554,7489,79548,914,447,467
43810,90514,10957,43560,7491,79556,914,447,467
43815,90521,10960,43563,7493,79561,914,447,467
43820,90534,10961,43570,7494,79573,914,447,467
43825,90545,10962,43578,7494,79583,914,447,467
43830,90552,10963,43581,7494,79589,914,447,467
43835,90565,10965,43586,7495,79600,914,447,467
43840,90576,10966,43591,7496,79610,914,447,467
43845,90583,10967,43595,7496,79616,914,447,467
43850,90596,10968,43600,7496,79628,914,447,467
43855,90607,10970,43601,7497,79637,914,447,467
43860,90614,10971,43604,7497,79643,914,447,467
43865,90627,10972,43611,7498,79655,914,447,467
43870,90638,10974,43614,7500,79664,914,447,467
43875,90645,10975,43618,7501,79670,914,447,467
43880,90658,10976,43626,7502,79682,914,447,467
43885,90669,10977,43633,7502,79692,914,447,467
43890,90676,10978,43638,7502,79698,914,447,467
43895,90689,10979,43643,7502,79710,914,447,467
43900,90700,10981,43647,7503,79719,914,447,467
43905,90707,10982,43650,7503,79725,914,447,467
43910,90720,10984,43657,7504,79736,915,448,467
43915,90731,10986,43663,7506,79745,915,448,467
43920,90738,10987,43668,7507,79751,915,448,467
43925,90751,10988,43673,7507,79763,915,448,467
43930,90762,10990,43677,7508,79771,915,448,467
43935,90769,10992,43678,7509,79777,915,448,467
43940,90782,10993,43686,7510,79788,915,448,467
43945,90793,10997,43689,7513,79796,915,448,467
43950,90800,10998,43693,7514,79802,915,448,467
43955,90813,10999,43698,7515,79814,915,448,467
43960,90824,11002,43704,7518,79821,915,448,467
43965,90831,11004,43707,7520,79827,915,448,467
43970,90844,11005,43716,7521,79838,915,448,467
43975,90855,11008,43718,7523,79847,915,448,467
43980,90862,11009,43720,7523,79853,915,448,467
43985,90875,11010,43723,7523,79865,915,448,467
43990,90886,11011,43728,7524,79874,915,448,467
43995,90893,11013,43731,7526,79880,915,448,467
44000,90906,11014,43739,7526,79892,915,448,467
44005,90917,11016,43743,7528,79901,915,448,467
44010,90924,11017,43746,7529,79907,915,448,467
44015,90937,11018,43754,7529,79919,915,448,467
44020,90948,11020,43758,7531,79928,915,448,467
44025,90955,11021,43763,7532,79934,915,448,467
44030,90968,11022,43769,7533,79946,916,449,467
44035,90979,11023,43775,7533,79956,916,449,467
44040,90986,11025,43776,7533,79961,916,449,467
44045,90999,11025,43782,7533,79974,917,450,467
44050,91010,11025,43786,7533,79985,917,450,467
44055,91017,11027,43789,7533,79990,917,450,467
44060,91030,11027,43793,7533,80003,917,450,467
44065,91041,11028,43801,7534,80013,917,450,467
44070,91048,11030,43806,7536,80018,917,450,467
44075,91061,11030,43811,7536,80031,917,450,467
44080,91072,11030,43818,7536,80042,917,450,467
44085,91079,11032,43822,7537,80047,917,450,467
44090,91092,11032,43829,7537,80060,917,450,467
44095,91103,11033,43834,7538,80070,917,450,467
44100,91110,11035,43837,7538,80075,917,450,467
44105,91123,11035,43843,7538,80088,917,450,467
44110,91134,11036,43850,7539,80098,917,450,467
44115,91141,11038,43853,7540,80103,917,450,467
44120,91154,11038,43860,7540,80116,917,450,467
44125,91165,11039,43865,7541,80126,917,450,467
44130,91172,11041,43868,7542,80131,917,450,467
44135,91185,11041,43872,7542,80144,917,450,467
44140,91196,11043,43879,7544,80153,917,450,467
44145,91203,11045,43882,7545,80158,917,450,467
44150,91216,11048,43891,7547,80167,918,450,468
44155,91227,11050,43895,7549,80177,918,450,468
44160,91234,11051,43897,7550,80183,918,450,468
44165,91247,11053,43907,7552,80194,918,450,468
44170,91258,11055,43913,7553,80203,918,450,468
44175,91265,11056,43919,7554,80209,918,450,468
44180,91278,11058,43930,7556,80219,918,450,468
44185,91289,11060,43936,7557,80229,918,450,468
44190,91296,11061,43940,7558,80235,918,450,468
44195,91309,11063,43946,7560,80246,918,450,468
44200,91320,11065,43951,7561,80255,918,450,468
44205,91327,11066,43956,7561,80261,918,450,468
44210,91340,11068,43964,7563,80271,918,450,468
44215,91351,11070,43967,7565,80281,918,450,468
44220,91358,11071,43971,7566,80287,918,450,468
44225,91371,11072,43977,7567,80299,918,450,468
44230,91382,11073,43983,7568,80309,918,450,468
44235,91389,11073,43986,7568,80316,918,450,468
44240,91402,11074,43994,7569,80328,918,450,468
44245,91413,11075,43998,7569,80338,918,450,468
44250,91420,11075,44001,7569,80345,918,450,468
44255,91433,11076,44005,7569,80357,918,450,468
44260,91444,11077,44011,7570,80366,918,450,468
44265,91451,11079,44012,7571,80372,918,450,468
44270,91464,11082,44018,7573,80382,919,451,468
44275,91475,11085,44025,7576,80390,919,451,468
44280,91482,11086,44031,7577,80396,919,451,468
44285,91495,11088,44040,7579,80407,919,451,468
44290,91506,11089,44044,7580,80417,919,451,468
44295,91513,11089,44049,7580,80424,919,451,468
44300,91526,11089,44053,7580,80437,919,451,468
44305,91537,11090,44059,7580,80447,919,451,468
44310,91544,11090,44063,7580,80454,919,451,468
44315,91557,11091,44072,7581,80466,919,451,468
44320,91568,11092,44076,7581,80476,919,451,468
44325,91575,11093,44079,7581,80482,919,451,468
44330,91588,11094,44082,7582,80494,919,451,468
44335,91599,11095,44089,7583,80504,919,451,468
44340,91606,11096,44092,7584,80510,919,451,468
44345,91619,11096,44098,7584,80523,919,451,468
44350,91630,11097,44103,7585,80533,919,451,468
44355,91637,11098,44106,7585,80539,919,451,468
44360,91650,11099,44113,7586,80551,919,451,468
44365,91661,11101,44119,7588,80560,919,451,468
44370,91668,11102,44122,7589,80566,919,451,468
44375,91681,11102,44128,7589,80579,919,451,468
44380,91692,11103,44132,7589,80589,919,451,468
44385,91699,11105,44137,7590,80594,919,451,468
44390,91712,11107,44141,7592,80605,920,451,469
44395,91723,11109,44144,7593,80613,920,451,469
44400,91730,11112,44144,7594,80618,920,451,469
44405,91743,11114,44153,7595,80629,920,451,469
44410,91754,11114,44159,7595,80640,920,451,469
44415,91761,11115,44163,7595,80646,920,451,469
44420,91774,11116,44171,7596,80657,920,451,469
44425,91785,11117,44176,7597,80668,920,451,469
44430,91792,11118,44178,7597,80674,920,451,469
44435,91805,11119,44188,7598,80685,920,451,469
44440,91816,11121,44194,7600,80695,920,451,469
44445,91823,11122,44199,7601,80701,920,451,469
44450,91836,11123,44204,7602,80712,920,451,469
44455,91847,11125,44210,7604,80722,920,451,469
44460,91854,11126,44212,7604,80728,920,451,469
44465,91867,11127,44215,7604,80740,920,451,469
44470,91878,11127,44219,7604,80751,920,451,469
44475,91885,11128,44223,7604,80757,920,451,469
44480,91898,11129,44228,7605,80769,920,451,469
44485,91909,11130,44237,7606,80779,920,451,469
44490,91916,11131,44241,7607,80785,920,451,469
44495,91929,11132,44247,7608,80797,920,451,469
44500,91940,11133,44250,7609,80807,920,451,469
44505,91947,11135,44256,7610,80812,920,451,469
44510,91960,11137,44261,7611,80823,921,451,470
44515,91971,11138,44266,7612,80832,921,451,470
44520,91978,11141,44269,7614,80837,921,451,470
44525,91991,11144,44274,7616,80847,921,451,470
44530,92002,11145,44279,7616,80857,921,451,470
44535,92009,11146,44281,7616,80863,921,451,470
44540,92022,11147,44288,7617,80875,921,451,470
44545,92033,11148,44291,7617,80885,921,451,470
44550,92040,11149,44297,7617,80891,921,451,470
44555,92053,11151,44303,7619,80902,921,451,470
44560,92064,11153,44307,7620,80911,921,451,470
44565,92071,11154,44309,7620,80917,921,451,470
44570,92084,11155,44314,7621,80929,921,451,470
44575,92095,11156,44321,7621,80939,921,451,470
44580,92102,11157,44321,7621,80945,921,451,470
44585,92115,11157,44326,7621,80958,921,451,470
44590,92126,11158,44332,7621,80968,921,451,470
44595,92133,11159,44335,7621,80974,921,451,470
44600,92146,11160,44339,7622,80986,921,451,470
44605,92157,11161,44341,7623,80996,921,451,470
44610,92164,11162,44344,7623,81002,921,451,470
44615,92177,11162,44351,7623,81015,921,451,470
44620,92188,11164,44357,7624,81024,921,451,470
44625,92195,11166,44362,7625,81029,921,451,470
44630,92208,11167,44368,7626,81041,922,452,470
44635,92219,11168,44373,7627,81051,922,452,470
44640,92226,11170,44374,7627,81056,922,452,470
44645,92239,11171,44378,7627,81068,923,452,471
44650,92250,11171,44382,7627,81079,923,452,471
44655,92257,11172,44384,7627,81085,923,452,471
44660,92270,11173,44390,7627,81096,924,453,471
44665,92281,11175,44394,7629,81106,924,453,471
44670,92288,11176,44397,7629,81112,924,453,471
44675,92301,11177,44405,7630,81123,925,453,472
44680,92312,11179,44412,7632,81133,925,453,472
44685,92319,11180,44416,7632,81139,925,453,472
44690,92332,11181,44423,7633,81151,926,453,473
44695,92343,11181,44427,7633,81162,926,453,473
44700,92350,11182,44430,7633,81168,926,453,473
44705,92363,11184,44435,7634,81179,926,453,473
44710,92374,11184,44441,7634,81190,926,453,473
44715,92381,11185,44444,7634,81196,926,453,473
44720,92394,11186,44451,7635,81208,926,453,473
44725,92405,11186,44457,7635,81219,926,453,473
44730,92412,11187,44460,7635,81225,926,453,473
44735,92425,11189,44464,7636,81236,926,453,473
44740,92436,11189,44467,7636,81247,926,453,473
44745,92443,11191,44471,7637,81252,926,453,473
44750,92456,11193,44476,7638,81263,926,453,473
44755,92467,11194,44480,7638,81273,926,453,473
44760,92474,11196,44481,7639,81278,926,453,473
44765,92487,11197,44487,7639,81290,926,453,473
44770,92498,11200,44495,7641,81297,926,453,473
44775,92505,11203,44497,7642,81302,926,453,473
44780,92518,11205,44506,7643,81313,926,453,473
44785,92529,11208,44513,7646,81321,926,453,473
44790,92536,11210,44514,7646,81326,926,453,473
44795,92549,11211,44520,7646,81338,926,453,473
44800,92560,11213,44526,7647,81346,926,453,473
44805,92567,11216,44530,7649,81351,926,453,473
44810,92580,11218,44537,7651,81361,926,453,473
44815,92591,11220,44542,7653,81370,926,453,473
44820,92598,11223,44544,7655,81375,926,453,473
44825,92611,11223,44550,7655,81387,926,453,473
44830,92622,11226,44555,7657,81395,926,453,473
44835,92629,11227,44558,7658,81402,926,453,473
44840,92642,11227,44561,7658,81415,926,453,473
44845,92653,11228,44563,7658,81425,926,453,473
44850,92660,11228,44565,7658,81432,926,453,473
44855,92673,11228,44572,7658,81444,926,453,473
44860,92684,11230,44576,7660,81454,926,453,473
44865,92691,11230,44581,7660,81461,926,453,473
44870,92704,11231,44585,7661,81472,926,453,473
44875,92715,11233,44591,7663,81482,926,453,473
44880,92722,11233,44593,7663,81489,926,453,473
44885,92735,11233,44595,7663,81501,926,453,473
44890,92746,11236,44603,7666,81509,926,453,473
44895,92753,11238,44604,7667,81515,926,453,473
44900,92766,11238,44611,7667,81528,926,453,473
44905,92777,11240,44613,7668,81537,926,453,473
44910,92784,11241,44619,7669,81543,926,453,473
44915,92797,11241,44625,7669,81555,926,453,473
44920,92808,11244,44627,7671,81564,926,453,473
44925,92815,11246,44629,7672,81569,926,453,473
44930,92828,11248,44637,7673,81580,927,454,473
44935,92839,11250,44643,7674,81588,927,454,473
44940,92846,11253,44645,7676,81593,927,454,473
44945,92859,11255,44649,7677,81604,928,454,474
44950,92870,11255,44652,7677,81615,928,454,474
44955,92877,11256,44656,7677,81621,928,454,474
44960,92890,11258,44662,7679,81632,928,454,474
44965,92901,11259,44668,7680,81642,928,454,474
44970,92908,11260,44671,7680,81648,928,454,474
44975,92921,11263,44677,7683,81658,928,454,474
44980,92932,11264,44681,7684,81668,928,454,474
44985,92939,11265,44683,7685,81674,928,454,474
44990,92952,11268,44690,7688,81684,928,454,474
44995,92963,11269,44699,7689,81694,928,454,474
45000,92970,11270,44702,7689,81700,928,454,474
45005,92983,11270,44705,7689,81713,929,454,475
45010,92994,11271,44710,7690,81722,929,454,475
45015,93001,11273,44711,7691,81728,929,454,475
45020,93014,11273,44716,7691,81741,930,454,476
45025,93025,11273,44719,7691,81752,930,454,476
45030,93032,11274,44722,7691,81758,930,454,476
45035,93045,11274,44727,7691,81771,930,454,476
45040,93056,11274,44732,7691,81782,930,454,476
45045,93063,11275,44736,7692,81788,930,454,476
45050,93076,11276,44744,7693,81799,930,454,476
45055,93087,11279,44749,7695,81808,930,454,476
45060,93094,11280,44753,7695,81814,930,454,476
45065,93107,11281,44762,7696,81825,930,454,476
45070,93118,11284,44766,7698,81834,930,454,476
45075,93125,11286,44769,7699,81839,930,454,476
45080,93138,11288,44776,7700,81850,930,454,476
45085,93149,11289,44779,7700,81860,930,454,476
45090,93156,11291,44782,7701,81865,930,454,476
45095,93169,11292,44790,7701,81876,930,454,476
45100,93180,11294,44796,7703,81886,930,454,476
45105,93187,11296,44798,7704,81891,930,454,476
45110,93200,11298,44803,7705,81902,930,454,476
45115,93211,11301,44811,7708,81910,930,454,476
45120,93218,11303,44813,7709,81915,930,454,476
45125,93231,11303,44817,7709,81928,930,454,476
45130,93242,11303,44823,7709,81939,930,454,476
45135,93249,11303,44825,7709,81946,930,454,476
45140,93262,11303,44834,7709,81959,930,454,476
45145,93273,11303,44841,7709,81970,930,454,476
45150,93280,11303,44843,7709,81977,930,454,476
45155,93293,11303,44850,7709,81990,930,454,476
45160,93304,11303,44857,7709,82001,930,454,476
45165,93311,11303,44861,7709,82008,930,454,476
45170,93324,11303,44867,7709,82021,930,454,476
45175,93335,11303,44872,7709,82032,930,454,476
45180,93342,11303,44874,7709,82039,930,454,476
45185,93355,11303,44882,7709,82052,930,454,476
45190,93366,11303,44887,7709,82063,930,454,476
45195,93373,11303,44890,7709,82070,930,454,476
45200,93386,11303,44898,7709,82083,930,454,476
45205,93397,11303,44905,7709,82094,930,454,476
45210,93404,11303,44909,7709,82101,930,454,476
45215,93417,11303,44917,7709,82114,930,454,476
45220,93428,11303,44921,7709,82125,930,454,476
45225,93435,11304,44924,7710,82131,930,454,476
45230,93448,11306,44929,7711,82142,930,454,476
45235,93459,11309,44935,7713,82150,930,454,476
45240,93466,11311,44940,7715,82155,930,454,476
45245,93479,11314,44948,7717,82164,930,454,476
45250,93490,11317,44955,7720,82173,930,454,476
45255,93497,11319,44957,7720,82178,930,454,476
45260,93510,11320,44966,7721,82189,931,455,476
45265,93521,11323,44972,7723,82198,931,455,476
45270,93528,11325,44975,7724,82203,931,455,476
45275,93541,11327,44984,7726,82213,932,456,476
45280,93552,11330,44991,7728,82221,932,456,476
45285,93559,11333,44995,7731,82226,932,456,476
45290,93572,11335,45001,7733,82237,933,456,477
45295,93583,11337,45007,7734,82245,933,456,477
45300,93590,11340,45011,7736,82250,933,456,477
45305,93603,11340,45019,7736,82263,934,457,477
45310,93614,11341,45023,7737,82272,934,457,477
45315,93621,11344,45026,7738,82277,934,457,477
45320,93634,11344,45032,7738,82290,935,457,478
45325,93645,11344,45035,7738,82300,935,457,478
45330,93652,11347,45037,7740,82305,935,457,478
45335,93665,11347,45044,7740,82318,935,457,478
45340,93676,11347,45050,7740,82328,935,457,478
45345,93683,11350,45055,7743,82333,935,457,478
45350,93696,11351,45062,7744,82345,935,457,478
45355,93707,11351,45067,7744,82355,935,457,478
45360,93714,11354,45071,7745,82360,935,457,478
45365,93727,11355,45076,7745,82372,935,457,478
45370,93738,11355,45083,7745,82383,935,457,478
45375,93745,11356,45086,7745,82389,935,457,478
45380,93758,11358,45094,7747,82400,935,457,478
45385,93769,11359,45098,7748,82410,935,457,478
45390,93776,11360,45102,7748,82416,935,457,478
45395,93789,11362,45106,7749,82426,935,457,478
45400,93800,11364,45113,7751,82436,935,457,478
45405,93807,11365,45118,7752,82442,935,457,478
45410,93820,11366,45125,7752,82453,935,457,478
45415,93831,11368,45130,7754,82463,935,457,478
45420,93838,11369,45133,7755,82469,935,457,478
45425,93851,11370,45135,7755,82480,936,457,479
45430,93862,11372,45139,7756,82490,936,457,479
45435,93869,11372,45144,7756,82497,936,457,479
45440,93882,11374,45154,7758,82507,937,458,479
45445,93893,11376,45161,7760,82517,937,458,479
45450,93900,11376,45166,7760,82524,937,458,479
45455,93913,11378,45173,7762,82535,938,458,480
45460,93924,11379,45176,7762,82545,938,458,480
45465,93931,11380,45181,7762,82551,938,458,480
45470,93944,11383,45189,7765,82560,939,458,481
45475,93955,11386,45194,7767,82569,939,458,481
45480,93962,11387,45197,7767,82575,939,458,481
45485,93975,11387,45203,7767,82588,939,458,481
45490,93986,11388,45208,7768,82598,939,458,481
45495,93993,11389,45212,7769,82604,939,458,481
45500,94006,11389,45220,7769,82617,939,458,481
45505,94017,11389,45226,7769,82628,939,458,481
45510,94024,11390,45228,7769,82634,939,458,481
45515,94037,11390,45236,7769,82647,939,458,481
45520,94048,11391,45241,7770,82657,939,458,481
45525,94055,11392,45242,7771,82663,939,458,481
45530,94068,11392,45248,7771,82676,939,458,481
45535,94079,11392,45256,7771,82687,939,458,481
45540,94086,11394,45259,7773,82692,939,458,481
45545,94099,11394,45265,7773,82705,939,458,481
45550,94110,11395,45273,7774,82715,939,458,481
45555,94117,11397,45276,7775,82720,939,458,481
45560,94130,11397,45281,7775,82733,939,458,481
45565,94141,11397,45286,7775,82744,939,458,481
45570,94148,11399,45291,7777,82749,939,458,481
45575,94161,11399,45296,7777,82762,939,458,481
45580,94172,11400,45303,7778,82772,939,458,481
45585,94179,11402,45305,7778,82777,939,458,481
45590,94192,11405,45312,7781,82787,940,458,482
45595,94203,11407,45318,7783,82796,940,458,482
45600,94210,11409,45321,7784,82801,940,458,482
45605,94223,11411,45325,7785,82812,940,458,482
45610,94234,11413,45331,7787,82821,940,458,482
45615,94241,11414,45333,7787,82827,940,458,482
45620,94254,11416,45340,7789,82838,940,458,482
45625,94265,11419,45346,7791,82846,940,458,482
45630,94272,11420,45353,7792,82852,940,458,482
45635,94285,11421,45357,7793,82864,940,458,482
45640,94296,11422,45362,7793,82874,940,458,482
45645,94303,11423,45366,7793,82880,940,458,482
45650,94316,11424,45374,7794,82892,940,458,482
45655,94327,11425,45382,7795,82902,940,458,482
45660,94334,11426,45385,7796,82908,940,458,482
45665,94347,11426,45392,7796,82921,940,458,482
45670,94358,11428,45397,7798,82930,940,458,482
45675,94365,11429,45401,7799,82936,940,458,482
45680,94378,11429,45405,7799,82949,940,458,482
45685,94389,11430,45411,7800,82959,940,458,482
45690,94396,11431,45415,7801,82965,940,458,482
45695,94409,11431,45422,7801,82978,940,458,482
45700,94420,11432,45426,7801,82988,940,458,482
45705,94427,11433,45431,7802,82994,940,458,482
45710,94440,11435,45435,7804,83004,940,458,482
45715,94451,11438,45443,7806,83013,940,458,482
45720,94458,11440,45449,7807,83018,940,458,482
45725,94471,11442,45455,7809,83029,940,458,482
45730,94482,11442,45460,7809,83040,940,458,482
45735,94489,11443,45465,7809,83046,940,458,482
45740,94502,11445,45468,7811,83057,941,458,483
45745,94513,11446,45472,7812,83067,941,458,483
45750,94520,11447,45474,7812,83073,941,458,483
45755,94533,11448,45483,7813,83085,942,459,483
45760,94544,11449,45490,7814,83094,942,459,483
45765,94551,11451,45492,7815,83100,942,459,483
45770,94564,11453,45499,7816,83111,943,459,484
45775,94575,11453,45502,7816,83121,943,459,484
45780,94582,11455,45506,7818,83127,943,459,484
45785,94595,11456,45515,7819,83139,944,459,485
45790,94606,11457,45520,7820,83148,944,459,485
45795,94613,11459,45524,7821,83154,944,459,485
45800,94626,11460,45528,7822,83166,945,459,486
45805,94637,11461,45532,7823,83175,945,459,486
45810,94644,11463,45536,7825,83181,945,459,486
45815,94657,11465,45543,7827,83192,946,459,487
45820,94668,11466,45550,7828,83202,946,459,487
45825,94675,11467,45552,7828,83208,946,459,487
45830,94688,11469,45559,7829,83218,947,460,487
45835,94699,11472,45563,7831,83226,947,460,487
45840,94706,11475,45567,7833,83231,947,460,487
45845,94719,11475,45571,7833,83244,947,460,487
45850,94730,11477,45578,7835,83253,947,460,487
45855,94737,11478,45579,7835,83259,947,460,487
45860,94750,11479,45587,7836,83271,947,460,487
45865,94761,11481,45595,7838,83280,947,460,487
45870,94768,11482,45598,7838,83286,947,460,487
45875,94781,11483,45604,7839,83298,947,460,487
45880,94792,11484,45609,7839,83308,947,460,487
45885,94799,11485,45614,7839,83314,947,460,487
45890,94812,11486,45621,7840,83326,947,460,487
45895,94823,11487,45626,7840,83336,947,460,487
45900,94830,11488,45632,7841,83342,947,460,487
45905,94843,11488,45639,7841,83354,947,460,487
45910,94854,11490,45644,7843,83364,947,460,487
45915,94861,11490,45646,7843,83371,947,460,487
45920,94874,11490,45653,7843,83384,947,460,487
45925,94885,11491,45656,7843,83394,947,460,487
45930,94892,11491,45660,7843,83401,947,460,487
45935,94905,11491,45667,7843,83413,947,460,487
45940,94916,11493,45674,7845,83423,947,460,487
45945,94923,11493,45679,7845,83430,947,460,487
45950,94936,11495,45686,7846,83440,948,460,488
45955,94947,11498,45694,7848,83449,948,460,488
45960,94954,11499,45697,7848,83455,948,460,488
45965,94967,11500,45705,7848,83467,948,460,488
45970,94978,11501,45710,7849,83477,948,460,488
45975,94985,11502,45716,7850,83483,948,460,488
45980,94998,11502,45726,7850,83496,948,460,488
45985,95009,11503,45729,7851,83506,948,460,488
45990,95016,11504,45733,7852,83512,948,460,488
45995,95029,11504,45736,7852,83525,948,460,488
46000,95040,11504,45742,7852,83535,948,460,488
46005,95047,11507,45747,7854,83540,948,460,488
46010,95060,11507,45757,7854,83553,948,460,488
46015,95071,11507,45761,7854,83563,948,460,488
46020,95078,11510,45767,7857,83568,948,460,488
46025,95091,11510,45772,7857,83581,948,460,488
46030,95102,11510,45778,7857,83592,948,460,488
46035,95109,11512,45782,7858,83597,948,460,488
46040,95122,11512,45787,7858,83610,948,460,488
46045,95133,11512,45792,7858,83621,948,460,488
46050,95140,11514,45794,7858,83626,948,460,488
46055,95153,11515,45802,7859,83638,948,460,488
46060,95164,11515,45806,7859,83648,948,460,488
46065,95171,11518,45809,7860,83653,948,460,488
46070,95184,11518,45814,7860,83666,948,460,488
46075,95195,11520,45817,7861,83675,948,460,488
46080,95202,11522,45818,7862,83680,948,460,488
46085,95215,11524,45824,7863,83691,948,460,488
46090,95226,11526,45827,7865,83700,948,460,488
46095,95233,11527,45830,7865,83706,948,460,488
46100,95246,11528,45837,7865,83717,948,460,488
46105,95257,11531,45842,7867,83726,948,460,488
46110,95264,11532,45847,7867,83732,948,460,488
46115,95277,11533,45854,7868,83744,948,460,488
46120,95288,11535,45860,7869,83753,948,460,488
46125,95295,11536,45865,7870,83759,948,460,488
46130,95308,11537,45873,7870,83770,948,460,488
46135,95319,11541,45879,7874,83778,948,460,488
46140,95326,11542,45881,7874,83784,948,460,488
46145,95339,11543,45887,7875,83796,948,460,488
46150,95350,11545,45889,7876,83805,948,460,488
46155,95357,11546,45892,7876,83811,948,460,488
46160,95370,11547,45898,7877,83823,948,460,488
46165,95381,11548,45902,7877,83833,948,460,488
46170,95388,11549,45905,7877,83839,948,460,488
46175,95401,11550,45912,7878,83850,948,460,488
46180,95412,11554,45919,7882,83858,948,460,488
46185,95419,11556,45922,7884,83863,948,460,488
46190,95432,11557,45928,7884,83874,948,460,488
46195,95443,11560,45935,7887,83883,948,460,488
46200,95450,11562,45938,7888,83888,948,460,488
46205,95463,11562,45946,7888,83901,948,460,488
46210,95474,11563,45956,7889,83910,948,460,488
46215,95481,11565,45961,7891,83916,948,460,488
46220,95494,11565,45967,7891,83929,948,460,488
46225,95505,11566,45970,7892,83938,948,460,488
46230,95512,11568,45974,7894,83944,948,460,488
46235,95525,11568,45980,7894,83957,948,460,488
46240,95536,11568,45985,7894,83968,948,460,488
46245,95543,11569,45987,7895,83974,948,460,488
46250,95556,11569,45994,7895,83987,948,460,488
46255,95567,11570,45998,7896,83997,948,460,488
46260,95574,11571,46004,7897,84003,948,460,488
46265,95587,11571,46010,7897,84016,948,460,488
46270,95598,11571,46015,7897,84027,948,460,488
46275,95605,11572,46021,7898,84033,948,460,488
46280,95618,11572,46027,7898,84046,948,460,488
46285,95629,11573,46033,7899,84056,948,460,488
46290,95636,11574,46036,7900,84062,948,460,488
46295,95649,11574,46041,7900,84075,948,460,488
46300,95660,11575,46048,7901,84085,948,460,488
46305,95667,11577,46052,7902,84090,948,460,488
46310,95680,11578,46061,7903,84102,949,460,489
46315,95691,11579,46067,7904,84112,949,460,489
46320,95698,11581,46070,7904,84117,949,460,489
46325,95711,11582,46076,7905,84129,949,460,489
46330,95722,11584,46083,7907,84138,949,460,489
46335,95729,11585,46086,7907,84144,949,460,489
46340,95742,11586,46093,7908,84156,949,460,489
46345,95753,11588,46099,7909,84165,949,460,489
46350,95760,11589,46102,7910,84171,949,460,489
46355,95773,11590,46111,7910,84182,949,460,489
46360,95784,11594,46117,7914,84190,949,460,489
46365,95791,11595,46119,7915,84196,949,460,489
46370,95804,11596,46126,7916,84208,949,460,489
46375,95815,11598,46133,7918,84217,949,460,489
46380,95822,11599,46138,7919,84223,949,460,489
46385,95835,11600,46145,7919,84234,949,460,489
46390,95846,11602,46149,7920,84244,949,460,489
46395,95853,11603,46154,7920,84250,949,460,489
46400,95866,11604,46159,7920,84261,949,460,489
46405,95877,11607,46164,7923,84270,949,460,489
46410,95884,11608,46168,7924,84276,949,460,489
46415,95897,11609,46176,7925,84288,949,460,489
46420,95908,11612,46184,7927,84296,949,460,489
46425,95915,11613,46187,7928,84302,949,460,489
46430,95928,11615,46191,7930,84313,950,460,490
46435,95939,11618,46198,7933,84321,950,460,490
46440,95946,11620,46200,7934,84326,950,460,490
46445,95959,11620,46206,7934,84339,951,461,490
46450,95970,11621,46212,7935,84348,951,461,490
46455,95977,11623,46215,7936,84354,951,461,490
46460,95990,11623,46218,7936,84367,951,461,490
46465,96001,11623,46221,7936,84378,951,461,490
46470,96008,11624,46225,7937,84384,951,461,490
46475,96021,11624,46232,7937,84397,951,461,490
46480,96032,11625,46234,7938,84407,951,461,490
46485,96039,11626,46235,7938,84413,951,461,490
46490,96052,11626,46243,7938,84426,951,461,490
46495,96063,11626,46251,7938,84437,951,461,490
46500,96070,11627,46253,7938,84443,951,461,490
46505,96083,11627,46259,7938,84456,951,461,490
46510,96094,11627,46264,7938,84467,951,461,490
46515,96101,11628,46270,7939,84473,951,461,490
46520,96114,11628,46276,7939,84486,951,461,490
46525,96125,11628,46282,7939,84497,951,461,490
46530,96132,11629,46285,7940,84503,951,461,490
46535,96145,11629,46290,7940,84516,951,461,490
46540,96156,11629,46294,7940,84527,951,461,490
46545,96163,11630,46295,7940,84533,951,461,490
46550,96176,11632,46304,7942,84544,952,461,491
46555,96187,11634,46309,7944,84553,952,461,491
46560,96194,11636,46314,7946,84558,952,461,491
46565,96207,11637,46319,7947,84570,953,461,492
46570,96218,11638,46325,7947,84580,953,461,492
46575,96225,11640,46328,7947,84585,953,461,492
46580,96238,11641,46332,7948,84597,954,461,493
46585,96249,11643,46336,7949,84606,954,461,493
46590,96256,11645,46340,7951,84611,954,461,493
46595,96269,11647,46345,7953,84622,954,461,493
46600,96280,11649,46350,7955,84631,954,461,493
46605,96287,11651,46352,7956,84636,954,461,493
46610,96300,11653,46357,7958,84647,954,461,493
46615,96311,11656,46362,7961,84655,954,461,493
46620,96318,11658,46366,7963,84660,954,461,493
46625,96331,11659,46372,7963,84672,954,461,493
46630,96342,11662,46378,7966,84679,954,461,493
46635,96349,11665,46381,7969,84684,954,461,493
46640,96362,11666,46388,7969,84695,954,461,493
46645,96373,11670,46391,7972,84703,954,461,493
46650,96380,11671,46395,7973,84709,954,461,493
46655,96393,11672,46400,7973,84720,954,461,493
46660,96404,11675,46406,7976,84729,954,461,493
46665,96411,11676,46409,7977,84735,954,461,493
46670,96424,11677,46417,7977,84747,954,461,493
46675,96435,11679,46421,7978,84756,954,461,493
46680,96442,11680,46424,7978,84762,954,461,493
46685,96455,11681,46433,7979,84774,954,461,493
46690,96466,11682,46441,7980,84784,954,461,493
46695,96473,11682,46443,7980,84791,954,461,493
46700,96486,11683,46448,7981,84803,954,461,493
46705,96497,11684,46454,7981,84813,954,461,493
46710,96504,11684,46458,7981,84820,954,461,493
46715,96517,11685,46464,7982,84832,954,461,493
46720,96528,11686,46469,7983,84842,954,461,493
46725,96535,11686,46472,7983,84849,954,461,493
46730,96548,11688,46480,7985,84860,954,461,493
46735,96559,11689,46486,7986,84870,954,461,493
46740,96566,11689,46489,7986,84877,954,461,493
46745,96579,11689,46498,7986,84890,954,461,493
46750,96590,11691,46502,7987,84899,954,461,493
46755,96597,11692,46506,7988,84905,954,461,493
46760,96610,11692,46514,7988,84917,954,461,493
46765,96621,11694,46520,7990,84927,954,461,493
46770,96628,11695,46523,7990,84933,954,461,493
46775,96641,11695,46530,7990,84946,955,462,493
46780,96652,11697,46538,7992,84955,955,462,493
46785,96659,11698,46542,7993,84961,955,462,493
46790,96672,11699,46549,7994,84973,956,462,494
46795,96683,11701,46557,7995,84981,956,462,494
46800,96690,11704,46562,7997,84986,956,462,494
46805,96703,11705,46570,7998,84998,956,462,494
46810,96714,11706,46574,7999,85008,956,462,494
46815,96721,11708,46579,8001,85013,956,462,494
46820,96734,11710,46586,8003,85024,956,462,494
46825,96745,11710,46587,8003,85034,956,462,494
46830,96752,11713,46591,8006,85039,956,462,494
46835,96765,11714,46595,8006,85051,956,462,494
46840,96776,11715,46599,8007,85060,956,462,494
46845,96783,11718,46600,8009,85065,956,462,494
46850,96796,11719,46604,8009,85077,956,462,494
46855,96807,11720,46610,8010,85086,956,462,494
46860,96814,11723,46614,8012,85091,956,462,494
46865,96827,11725,46619,8014,85102,956,462,494
46870,96838,11727,46625,8016,85111,956,462,494
46875,96845,11728,46628,8016,85117,956,462,494
46880,96858,11730,46632,8018,85128,956,462,494
46885,96869,11731,46639,8019,85138,956,462,494
46890,96876,11732,46642,8020,85144,956,462,494
46895,96889,11734,46650,8022,85155,956,462,494
46900,96900,11734,46655,8022,85166,956,462,494
46905,96907,11735,46659,8023,85172,956,462,494
46910,96920,11738,46669,8025,85182,957,462,495
46915,96931,11740,46677,8027,85191,957,462,495
46920,96938,11741,46679,8027,85197,957,462,495
46925,96951,11741,46685,8027,85210,957,462,495
46930,96962,11742,46692,8028,85220,957,462,495
46935,96969,11742,46697,8028,85227,957,462,495
46940,96982,11742,46705,8028,85240,957,462,495
46945,96993,11743,46709,8028,85250,957,462,495
46950,97000,11743,46712,8028,85257,957,462,495
46955,97013,11743,46717,8028,85269,957,462,495
46960,97024,11745,46723,8030,85279,957,462,495
46965,97031,11746,46726,8030,85285,957,462,495
46970,97044,11746,46732,8030,85298,957,462,495
46975,97055,11747,46738,8030,85307,957,462,495
46980,97062,11749,46742,8032,85313,957,462,495
46985,97075,11749,46750,8032,85325,957,462,495
46990,97086,11752,46754,8034,85333,957,462,495
46995,97093,11754,46756,8035,85339,957,462,495
47000,97106,11754,46765,8035,85352,957,462,495
47005,97117,11755,46768,8035,85362,957,462,495
47010,97124,11756,46773,8035,85368,957,462,495
47015,97137,11756,46779,8035,85381,957,462,495
47020,97148,11757,46786,8035,85390,957,462,495
47025,97155,11759,46788,8036,85396,957,462,495
47030,97168,11760,46795,8037,85408,958,463,495
47035,97179,11763,46801,8039,85416,958,463,495
47040,97186,11765,46803,8040,85421,958,463,495
47045,97199,11766,46809,8041,85433,959,464,495
47050,97210,11767,46813,8042,85443,959,464,495
47055,97217,11768,46819,8043,85449,959,464,495
47060,97230,11769,46826,8044,85461,959,464,495
47065,97241,11770,46833,8045,85471,959,464,495
47070,97248,11771,46835,8045,85477,959,464,495
47075,97261,11772,46841,8046,85489,959,464,495
47080,97272,11772,46845,8046,85500,959,464,495
47085,97279,11773,46848,8046,85506,959,464,495
47090,97292,11774,46856,8047,85518,959,464,495
47095,97303,11774,46859,8047,85529,959,464,495
47100,97310,11775,46861,8047,85535,959,464,495
47105,97323,11775,46868,8047,85548,959,464,495
47110,97334,11775,46875,8047,85559,959,464,495
47115,97341,11775,46878,8047,85566,959,464,495
47120,97354,11775,46884,8047,85579,959,464,495
47125,97365,11775,46891,8047,85590,959,464,495
47130,97372,11775,46897,8047,85597,959,464,495
47135,97385,11775,46905,8047,85610,959,464,495
47140,97396,11775,46914,8047,85621,959,464,495
47145,97403,11776,46920,8048,85627,959,464,495
47150,97416,11777,46926,8049,85639,960,464,496
47155,97427,11779,46933,8051,85647,960,464,496
47160,97434,11781,46934,8052,85653,960,464,496
47165,97447,11782,46941,8052,85665,960,464,496
47170,97458,11783,46947,8053,85675,960,464,496
47175,97465,11783,46950,8053,85682,960,464,496
47180,97478,11785,46958,8055,85692,960,464,496
47185,97489,11787,46961,8056,85702,960,464,496
47190,97496,11787,46966,8056,85709,960,464,496
47195,97509,11789,46975,8058,85720,960,464,496
47200,97520,11790,46978,8059,85730,960,464,496
47205,97527,11790,46981,8059,85737,960,464,496
47210,97540,11791,46984,8059,85749,960,464,496
47215,97551,11792,46987,8059,85759,960,464,496
47220,97558,11792,46991,8059,85766,960,464,496
47225,97571,11793,46998,8060,85778,960,464,496
47230,97582,11794,47006,8061,85788,960,464,496
47235,97589,11794,47009,8061,85795,960,464,496
47240,97602,11795,47013,8061,85806,960,464,496
47245,97613,11797,47018,8062,85816,960,464,496
47250,97620,11797,47019,8062,85823,960,464,496
47255,97633,11799,47026,8064,85834,960,464,496
47260,97644,11800,47033,8064,85844,960,464,496
47265,97651,11802,47036,8064,85849,960,464,496
47270,97664,11804,47043,8066,85860,960,464,496
47275,97675,11805,47048,8066,85870,960,464,496
47280,97682,11807,47052,8068,85875,960,464,496
47285,97695,11809,47060,8070,85886,961,464,497
47290,97706,11810,47064,8070,85896,961,464,497
47295,97713,11812,47067,8071,85901,961,464,497
47300,97726,11814,47072,8073,85912,962,464,498
47305,97737,11816,47074,8074,85921,962,464,498
47310,97744,11818,47078,8076,85926,962,464,498
47315,97757,11820,47083,8077,85937,963,464,499
47320,97768,11822,47089,8078,85945,963,464,499
47325,97775,11825,47091,8080,85950,963,464,499
47330,97788,11826,47096,8080,85962,964,464,500
47335,97799,11828,47099,8081,85971,964,464,500
47340,97806,11830,47102,8082,85976,964,464,500
47345,97819,11831,47107,8082,85988,965,464,501
47350,97830,11833,47116,8084,85997,965,464,501
47355,97837,11835,47120,8086,86002,965,464,501
47360,97850,11837,47126,8088,86013,966,464,502
47365,97861,11839,47132,8089,86021,966,464,502
47370,97868,11842,47135,8091,86026,966,464,502
47375,97881,11844,47143,8093,86037,967,464,503
47380,97892,11846,47153,8095,86045,967,464,503
47385,97899,11849,47158,8097,86050,967,464,503
47390,97912,11851,47162,8098,86060,968,465,503
47395,97923,11854,47167,8101,86069,968,465,503
47400,97930,11856,47172,8102,86074,968,465,503
47405,97943,11856,47178,8102,86087,968,465,503
47410,97954,11856,47183,8102,86098,968,465,503
47415,97961,11856,47187,8102,86105,968,465,503
47420,97974,11856,47195,8102,86118,968,465,503
47425,97985,11856,47203,8102,86129,968,465,503
47430,97992,11856,47208,8102,86136,968,465,503
47435,98005,11856,47211,8102,86149,968,465,503
47440,98016,11856,47216,8102,86160,968,465,503
47445,98023,11856,47218,8102,86167,968,465,503
47450,98036,11856,47223,8102,86180,968,465,503
47455,98047,11856,47228,8102,86191,968,465,503
47460,98054,11856,47229,8102,86198,968,465,503
47465,98067,11856,47236,8102,86211,968,465,503
47470,98078,11856,47244,8102,86222,968,465,503
47475,98085,11856,47247,8102,86229,968,465,503
47480,98098,11856,47256,8102,86242,968,465,503
47485,98109,11856,47260,8102,86253,968,465,503
47490,98116,11856,47264,8102,86260,968,465,503
47495,98129,11856,47270,8102,86273,968,465,503
47500,98140,11856,47276,8102,86284,968,465,503
47505,98147,11858,47281,8103,86289,968,465,503
47510,98160,11859,47289,8104,86300,968,465,503
47515,98171,11862,47296,8106,86308,968,465,503
47520,98178,11865,47300,8108,86313,968,465,503
47525,98191,11866,47307,8108,86325,969,466,503
47530,98202,11867,47314,8109,86334,969,466,503
47535,98209,11870,47316,8111,86339,969,466,503
47540,98222,11873,47324,8113,86349,970,466,504
47545,98233,11874,47328,8114,86358,970,466,504
47550,98240,11877,47330,8115,86363,970,466,504
47555,98253,11878,47335,8115,86375,971,466,505
47560,98264,11880,47339,8116,86383,971,466,505
47565,98271,11883,47342,8118,86388,971,466,505
47570,98284,11885,47347,8120,86399,972,467,505
47575,98295,11886,47353,8121,86408,972,467,505
47580,98302,11889,47358,8124,86413,972,467,505
47585,98315,11890,47365,8125,86425,972,467,505
47590,98326,11891,47366,8125,86435,972,467,505
47595,98333,11892,47370,8125,86441,972,467,505
47600,98346,11893,47377,8126,86453,972,467,505
47605,98357,11895,47383,8127,86461,972,467,505
47610,98364,11897,47386,8129,86467,972,467,505
47615,98377,11898,47392,8130,86479,972,467,505
47620,98388,11900,47402,8132,86487,972,467,505
47625,98395,11902,47404,8133,86493,972,467,505
47630,98408,11904,47413,8135,86503,972,467,505
47635,98419,11907,47421,8138,86512,972,467,505
47640,98426,11907,47422,8138,86519,972,467,505
47645,98439,11908,47427,8138,86530,972,467,505
47650,98450,11910,47433,8139,86540,972,467,505
47655,98457,11910,47435,8139,86547,972,467,505
47660,98470,11911,47443,8140,86558,972,467,505
47665,98481,11913,47450,8142,86568,972,467,505
47670,98488,11913,47452,8142,86575,972,467,505
47675,98501,11914,47457,8142,86587,972,467,505
47680,98512,11915,47464,8142,86597,972,467,505
47685,98519,11915,47468,8142,86604,972,467,505
47690,98532,11916,47475,8143,86615,973,467,506
47695,98543,11918,47478,8145,86625,973,467,506
47700,98550,11918,47482,8145,86632,973,467,506
47705,98563,11920,47489,8146,86643,974,468,506
47710,98574,11920,47496,8146,86654,974,468,506
47715,98581,11920,47500,8146,86661,974,468,506
47720,98594,11922,47504,8147,86672,975,468,507
47725,98605,11922,47508,8147,86683,975,468,507
47730,98612,11922,47512,8147,86690,975,468,507
47735,98625,11923,47518,8147,86702,976,469,507
47740,98636,11924,47522,8148,86712,976,469,507
47745,98643,11926,47523,8148,86717,976,469,507
47750,98656,11929,47529,8151,86727,977,469,508
47755,98667,11930,47533,8152,86737,977,469,508
47760,98674,11932,47539,8154,86742,977,469,508
47765,98687,11932,47543,8154,86755,978,469,509
47770,98698,11933,47552,8155,86764,978,469,509
47775,98705,11936,47555,8157,86769,978,469,509
47780,98718,11937,47563,8158,86781,979,470,509
47785,98729,11937,47568,8158,86792,979,470,509
47790,98736,11939,47572,8159,86797,979,470,509
47795,98749,11940,47579,8160,86809,980,470,510
47800,98760,11940,47584,8160,86820,980,470,510
47805,98767,11942,47586,8161,86825,980,470,510
47810,98780,11942,47592,8161,86838,981,471,510
47815,98791,11942,47595,8161,86849,981,471,510
47820,98798,11944,47597,8162,86854,981,471,510
47825,98811,11944,47603,8162,86867,981,471,510
47830,98822,11945,47608,8163,86877,981,471,510
47835,98829,11947,47609,8163,86882,981,471,510
47840,98842,11947,47613,8163,86895,981,471,510
47845,98853,11948,47618,8164,86905,981,471,510
47850,98860,11950,47621,8165,86910,981,471,510
47855,98873,11950,47629,8165,86923,981,471,510
47860,98884,11951,47634,8166,86933,981,471,510
47865,98891,11953,47637,8166,86938,981,471,510
47870,98904,11955,47643,8167,86949,981,471,510
47875,98915,11957,47650,8169,86958,981,471,510
47880,98922,11959,47654,8170,86963,981,471,510
47885,98935,11960,47658,8171,86974,981,471,510
47890,98946,11962,47664,8173,86984,981,471,510
47895,98953,11962,47667,8173,86991,981,471,510
47900,98966,11963,47673,8174,87003,981,471,510
47905,98977,11964,47676,8174,87013,981,471,510
47910,98984,11964,47680,8174,87020,981,471,510
47915,98997,11965,47685,8175,87031,981,471,510
47920,99008,11967,47690,8176,87041,981,471,510
47925,99015,11967,47692,8176,87048,981,471,510
47930,99028,11968,47699,8176,87059,981,471,510
47935,99039,11970,47707,8177,87069,981,471,510
47940,99046,11970,47709,8177,87076,981,471,510
47945,99059,11971,47717,8177,87088,981,471,510
47950,99070,11973,47720,8178,87097,981,471,510
47955,99077,11974,47723,8179,87103,981,471,510
47960,99090,11975,47728,8180,87115,981,471,510
47965,99101,11976,47732,8181,87124,981,471,510
47970,99108,11978,47732,8182,87130,981,471,510
47975,99121,11979,47739,8183,87142,981,471,510
47980,99132,11980,47743,8183,87151,981,471,510
47985,99139,11983,47748,8185,87156,981,471,510
47990,99152,11986,47755,8187,87166,982,471,511
47995,99163,11989,47762,8189,87173,982,471,511
48000,99170,11992,47767,8191,87178,982,471,511
48005,99183,11992,47773,8191,87191,983,471,512
48010,99194,11992,47777,8191,87202,983,471,512
48015,99201,11993,47782,8191,87208,983,471,512
48020,99214,11993,47788,8191,87221,983,471,512
48025,99225,11994,47795,8192,87231,983,471,512
48030,99232,11995,47799,8193,87237,983,471,512
48035,99245,11995,47809,8193,87250,983,471,512
48040,99256,11995,47813,8193,87261,983,471,512
48045,99263,11996,47817,8194,87267,983,471,512
48050,99276,11996,47822,8194,87280,983,471,512
48055,99287,11997,47828,8195,87290,983,471,512
48060,99294,11998,47830,8196,87296,983,471,512
48065,99307,11998,47839,8196,87309,983,471,512
48070,99318,11999,47846,8197,87319,983,471,512
48075,99325,12000,47851,8198,87325,983,471,512
48080,99338,12000,47862,8198,87338,983,471,512
48085,99349,12000,47864,8198,87349,983,471,512
48090,99356,12001,47868,8199,87355,983,471,512
48095,99369,12001,47874,8199,87368,983,471,512
48100,99380,12001,47878,8199,87379,983,471,512
48105,99387,12003,47881,8200,87384,983,471,512
48110,99400,12004,47887,8201,87396,984,471,513
48115,99411,12006,47892,8202,87405,984,471,513
48120,99418,12008,47895,8203,87410,984,471,513
48125,99431,12010,47901,8204,87421,984,471,513
48130,99442,12012,47907,8205,87429,984,471,513
48135,99449,12014,47911,8207,87435,984,471,513
48140,99462,12016,47917,8209,87446,984,471,513
48145,99473,12019,47925,8211,87453,984,471,513
48150,99480,12021,47927,8212,87459,984,471,513
48155,99493,12023,47933,8214,87470,984,471,513
48160,99504,12024,47937,8214,87480,984,471,513
48165,99511,12025,47940,8215,87486,984,471,513
48170,99524,12027,47946,8216,87497,984,471,513
48175,99535,12028,47951,8216,87507,984,471,513
48180,99542,12029,47954,8216,87513,984,471,513
48185,99555,12031,47960,8218,87524,984,471,513
48190,99566,12032,47964,8218,87534,984,471,513
48195,99573,12032,47966,8218,87541,984,471,513
48200,99586,12034,47973,8220,87552,984,471,513
48205,99597,12035,47979,8220,87562,984,471,513
48210,99604,12035,47980,8220,87569,984,471,513
48215,99617,12036,47985,8220,87581,984,471,513
48220,99628,12037,47989,8220,87591,984,471,513
48225,99635,12038,47994,8220,87597,984,471,513
48230,99648,12041,48000,8222,87607,985,471,514
48235,99659,12042,48003,8223,87617,985,471,514
48240,99666,12043,48007,8224,87623,985,471,514
48245,99679,12044,48015,8225,87635,986,472,514
48250,99690,12046,48022,8227,87644,986,472,514
48255,99697,12047,48025,8227,87650,986,472,514
48260,99710,12047,48032,8227,87663,987,473,514
48265,99721,12048,48040,8228,87673,987,473,514
48270,99728,12049,48042,8229,87679,987,473,514
48275,99741,12049,48048,8229,87692,988,473,515
48280,99752,12050,48051,8229,87702,988,473,515
48285,99759,12051,48055,8230,87708,988,473,515
48290,99772,12052,48063,8231,87720,989,473,516
48295,99783,12053,48071,8232,87730,989,473,516
48300,99790,12055,48073,8233,87735,989,473,516
48305,99803,12055,48077,8233,87748,990,474,516
48310,99814,12058,48084,8236,87756,990,474,516
48315,99821,12059,48086,8237,87762,990,474,516
48320,99834,12060,48094,8238,87774,991,474,517
48325,99845,12063,48099,8241,87782,991,474,517
48330,99852,12064,48105,8242,87788,991,474,517
48335,99865,12064,48110,8242,87801,992,475,517
48340,99876,12066,48117,8244,87810,992,475,517
48345,99883,12067,48122,8245,87816,992,475,517
48350,99896,12067,48124,8245,87828,993,475,518
48355,99907,12070,48128,8247,87837,993,475,518
48360,99914,12071,48129,8247,87843,993,475,518
48365,99927,12071,48133,8247,87856,993,475,518
48370,99938,12071,48134,8247,87866,993,475,518
48375,99945,12073,48137,8248,87872,993,475,518
48380,99958,12073,48141,8248,87885,993,475,518
48385,99969,12074,48148,8249,87895,993,475,518
48390,99976,12075,48150,8249,87901,993,475,518
48395,99989,12075,48156,8249,87914,993,475,518
48400,100000,12076,48161,8250,87924,993,475,518
48405,100007,12077,48166,8251,87930,993,475,518
48410,100020,12078,48170,8251,87942,993,475,518
48415,100031,12079,48176,8252,87951,993,475,518
48420,100038,12081,48182,8254,87957,993,475,518
48425,100051,12083,48186,8255,87967,993,475,518
48430,100062,12085,48188,8256,87977,993,475,518
48435,100069,12085,48192,8256,87984,993,475,518
48440,100082,12086,48197,8257,87996,993,475,518
48445,100093,12087,48203,8257,88006,993,475,518
48450,100100,12087,48205,8257,88013,993,475,518
48455,100113,12089,48214,8259,88024,993,475,518
48460,100124,12090,48220,8260,88034,993,475,518
48465,100131,12091,48225,8260,88040,993,475,518
48470,100144,12092,48234,8261,88051,993,475,518
48475,100155,12095,48238,8264,88060,993,475,518
48480,100162,12096,48242,8265,88066,993,475,518
48485,100175,12098,48248,8266,88077,994,475,519
48490,100186,12101,48257,8269,88085,994,475,519
48495,100193,12103,48260,8270,88090,994,475,519
48500,100206,12105,48267,8272,88101,995,476,519
48505,100217,12106,48270,8272,88111,995,476,519
48510,100224,12108,48273,8273,88116,995,476,519
48515,100237,12109,48277,8273,88128,996,476,520
48520,100248,12110,48282,8273,88138,996,476,520
48525,100255,12112,48284,8275,88143,996,476,520
48530,100268,12114,48288,8276,88154,997,476,521
48535,100279,12115,48294,8277,88164,997,476,521
48540,100286,12117,48297,8278,88169,997,476,521
48545,100299,12119,48305,8280,88180,998,477,521
48550,100310,12122,48311,8282,88188,998,477,521
48555,100317,12124,48313,8282,88193,998,477,521
48560,100330,12127,48320,8284,88203,999,477,522
48565,100341,12129,48327,8286,88211,999,477,522
48570,100348,12132,48329,8288,88216,999,477,522
48575,100361,12133,48331,8288,88228,1000,478,522
48580,100372,12134,48337,8289,88237,1000,478,522
48585,100379,12137,48339,8291,88242,1000,478,522
48590,100392,12138,48343,8291,88254,1001,479,522
48595,100403,12140,48347,8292,88263,1001,479,522
48600,100410,12142,48353,8294,88268,1001,479,522
48605,100423,12143,48362,8295,88280,1001,479,522
48610,100434,12144,48367,8296,88290,1001,479,522
48615,100441,12145,48371,8297,88296,1001,479,522
48620,100454,12146,48379,8298,88308,1001,479,522
48625,100465,12147,48383,8299,88318,1001,479,522
48630,100472,12148,48388,8299,88324,1001,479,522
48635,100485,12148,48394,8299,88337,1001,479,522
48640,100496,12148,48398,8299,88348,1001,479,522
48645,100503,12149,48401,8300,88354,1001,479,522
48650,100516,12149,48406,8300,88367,1001,479,522
48655,100527,12150,48412,8301,88377,1001,479,522
48660,100534,12151,48416,8301,88383,1001,479,522
48665,100547,12151,48425,8301,88396,1001,479,522
48670,100558,12151,48432,8301,88407,1001,479,522
48675,100565,12151,48436,8301,88414,1001,479,522
48680,100578,12151,48443,8301,88427,1001,479,522
48685,100589,12151,48449,8301,88438,1001,479,522
48690,100596,12151,48453,8301,88445,1001,479,522
48695,100609,12151,48457,8301,88458,1001,479,522
48700,100620,12151,48461,8301,88469,1001,479,522
48705,100627,12151,48464,8301,88476,1001,479,522
48710,100640,12151,48468,8301,88489,1002,480,522
48715,100651,12152,48471,8301,88498,1002,480,522
48720,100658,12154,48476,8302,88504,1002,480,522
48725,100671,12157,48484,8304,88513,1002,480,522
48730,100682,12159,48490,8306,88523,1002,480,522
48735,100689,12161,48493,8306,88528,1002,480,522
48740,100702,12163,48498,8307,88539,1002,480,522
48745,100713,12164,48502,8307,88549,1002,480,522
48750,100720,12166,48505,8309,88554,1002,480,522
48755,100733,12167,48508,8309,88566,1002,480,522
48760,100744,12168,48514,8309,88575,1002,480,522
48765,100751,12171,48519,8311,88580,1002,480,522
48770,100764,12172,48522,8311,88591,1002,480,522
48775,100775,12174,48528,8312,88600,1002,480,522
48780,100782,12177,48530,8313,88605,1002,480,522
48785,100795,12178,48534,8314,88617,1002,480,522
48790,100806,12178,48540,8314,88628,1002,480,522
48795,100813,12180,48543,8315,88633,1002,480,522
48800,100826,12181,48547,8315,88645,1002,480,522
48805,100837,12181,48550,8315,88656,1002,480,522
48810,100844,12183,48553,8317,88661,1002,480,522
48815,100857,12184,48558,8317,88673,1002,480,522
48820,100868,12184,48565,8317,88684,1002,480,522
48825,100875,12186,48567,8317,88689,1002,480,522
48830,100888,12187,48571,8317,88700,1003,480,523
48835,100899,12189,48574,8319,88710,1003,480,523
48840,100906,12191,48577,8320,88715,1003,480,523
48845,100919,12193,48585,8321,88726,1004,480,524
48850,100930,12193,48589,8321,88737,1004,480,524
48855,100937,12193,48595,8321,88744,1004,480,524
48860,100950,12195,48602,8322,88755,1005,480,525
48865,100961,12195,48609,8322,88766,1005,480,525
48870,100968,12195,48611,8322,88773,1005,480,525
48875,100981,12196,48616,8322,88785,1006,480,526
48880,100992,12196,48620,8322,88796,1006,480,526
48885,100999,12196,48625,8322,88803,1006,480,526
48890,101012,12199,48631,8324,88813,1007,481,526
48895,101023,12200,48637,8325,88823,1007,481,526
48900,101030,12200,48641,8325,88830,1007,481,526
48905,101043,12201,48649,8326,88842,1007,481,526
48910,101054,12202,48654,8326,88852,1007,481,526
48915,101061,12202,48656,8326,88859,1007,481,526
48920,101074,12202,48663,8326,88872,1007,481,526
48925,101085,12203,48667,8327,88882,1007,481,526
48930,101092,12203,48671,8327,88889,1007,481,526
48935,101105,12203,48675,8327,88902,1007,481,526
48940,101116,12204,48680,8327,88912,1007,481,526
48945,101123,12206,48683,8328,88917,1007,481,526
48950,101136,12206,48686,8328,88929,1007,481,526
48955,101147,12209,48692,8330,88938,1007,481,526
48960,101154,12211,48695,8330,88943,1007,481,526
48965,101167,12212,48699,8330,88954,1007,481,526
48970,101178,12215,48701,8332,88963,1007,481,526
48975,101185,12217,48706,8333,88968,1007,481,526
48980,101198,12218,48713,8333,88980,1007,481,526
48985,101209,12220,48718,8334,88988,1007,481,526
48990,101216,12223,48723,8337,88993,1007,481,526
48995,101229,12224,48731,8338,89005,1007,481,526
49000,101240,12225,48738,8339,89014,1007,481,526
49005,101247,12228,48744,8342,89019,1007,481,526
49010,101260,12229,48749,8342,89031,1007,481,526
49015,101271,12232,48755,8345,89039,1007,481,526
49020,101278,12234,48757,8347,89044,1007,481,526
49025,101291,12235,48762,8348,89056,1008,482,526
49030,101302,12237,48769,8350,89065,1008,482,526
49035,101309,12239,48773,8351,89070,1008,482,526
49040,101322,12241,48782,8352,89081,1009,483,526
49045,101333,12243,48788,8353,89089,1009,483,526
49050,101340,12246,48791,8355,89094,1009,483,526
49055,101353,12248,48795,8356,89105,1010,483,527
49060,101364,12249,48802,8357,89114,1010,483,527
49065,101371,12252,48806,8359,89119,1010,483,527
49070,101384,12254,48809,8361,89130,1011,483,528
49075,101395,12255,48815,8361,89140,1011,483,528
49080,101402,12257,48817,8362,89145,1011,483,528
49085,101415,12257,48824,8362,89157,1011,483,528
49090,101426,12259,48828,8363,89167,1011,483,528
49095,101433,12259,48831,8363,89174,1011,483,528
49100,101446,12259,48839,8363,89187,1011,483,528
49105,101457,12260,48843,8364,89197,1011,483,528
49110,101464,12260,48847,8364,89204,1011,483,528
49115,101477,12260,48852,8364,89217,1011,483,528
49120,101488,12260,48857,8364,89228,1011,483,528
49125,101495,12260,48862,8364,89235,1011,483,528
49130,101508,12260,48868,8364,89248,1011,483,528
49135,101519,12260,48874,8364,89259,1011,483,528
49140,101526,12260,48877,8364,89266,1011,483,528
49145,101539,12260,48887,8364,89279,1011,483,528
49150,101550,12260,48892,8364,89290,1011,483,528
49155,101557,12260,48895,8364,89297,1011,483,528
49160,101570,12260,48904,8364,89310,1011,483,528
49165,101581,12260,48912,8364,89321,1011,483,528
49170,101588,12260,48914,8364,89328,1011,483,528
49175,101601,12260,48919,8364,89341,1011,483,528
49180,101612,12260,48922,8364,89352,1011,483,528
49185,101619,12261,48923,8364,89358,1011,483,528
49190,101632,12262,48929,8364,89370,1012,483,529
49195,101643,12262,48933,8364,89380,1012,483,529
49200,101650,12265,48937,8367,89385,1012,483,529
49205,101663,12267,48945,8368,89396,1013,483,530
49210,101674,12268,48950,8369,89406,1013,483,530
49215,101681,12270,48953,8369,89411,1013,483,530
49220,101694,12272,48958,8370,89422,1014,484,530
49225,101705,12274,48963,8371,89431,1014,484,530
49230,101712,12276,48966,8372,89436,1014,484,530
49235,101725,12278,48975,8374,89447,1015,484,531
49240,101736,12279,48983,8374,89456,1015,484,531
49245,101743,12282,48985,8376,89461,1015,484,531
49250,101756,12284,48993,8378,89472,1016,485,531
49255,101767,12285,48995,8378,89482,1016,485,531
49260,101774,12287,48998,8380,89487,1016,485,531
49265,101787,12289,49006,8382,89498,1017,485,532
49270,101798,12291,49012,8383,89507,1017,485,532
49275,101805,12293,49018,8385,89512,1017,485,532
49280,101818,12294,49026,8386,89524,1018,486,532
49285,101829,12296,49031,8387,89533,1018,486,532
49290,101836,12298,49034,8388,89538,1018,486,532
49295,101849,12299,49040,8388,89550,1019,487,532
49300,101860,12300,49046,8388,89560,1019,487,532
49305,101867,12302,49051,8389,89565,1019,487,532
49310,101880,12305,49060,8392,89574,1020,488,532
49315,101891,12307,49062,8393,89584,1020,488,532
49320,101898,12309,49066,8393,89589,1020,488,532
49325,101911,12309,49073,8393,89602,1020,488,532
49330,101922,12309,49079,8393,89613,1020,488,532
49335,101929,12310,49082,8394,89619,1020,488,532
49340,101942,12310,49090,8394,89632,1020,488,532
49345,101953,12310,49094,8394,89643,1020,488,532
49350,101960,12311,49098,8395,89649,1020,488,532
49355,101973,12311,49104,8395,89662,1020,488,532
49360,101984,12312,49110,8396,89672,1020,488,532
49365,101991,12313,49115,8397,89678,1020,488,532
49370,102004,12313,49125,8397,89691,1020,488,532
49375,102015,12314,49131,8398,89701,1020,488,532
49380,102022,12315,49137,8399,89707,1020,488,532
49385,102035,12315,49143,8399,89720,1020,488,532
49390,102046,12316,49148,8400,89730,1020,488,532
49395,102053,12317,49149,8400,89736,1020,488,532
49400,102066,12317,49152,8400,89749,1020,488,532
49405,102077,12317,49157,8400,89760,1020,488,532
49410,102084,12318,49161,8400,89766,1020,488,532
49415,102097,12318,49165,8400,89779,1020,488,532
49420,102108,12318,49167,8400,89790,1020,488,532
49425,102115,12320,49168,8400,89795,1020,488,532
49430,102128,12322,49173,8401,89805,1021,488,533
49435,102139,12326,49179,8404,89812,1021,488,533
49440,102146,12329,49183,8406,89817,1021,488,533
49445,102159,12331,49188,8407,89827,1022,489,533
49450,102170,12333,49193,8409,89837,1022,489,533
49455,102177,12334,49195,8409,89843,1022,489,533
49460,102190,12336,49203,8410,89854,1023,490,533
49465,102201,12338,49207,8411,89863,1023,490,533
49470,102208,12339,49212,8411,89869,1023,490,533
49475,102221,12340,49218,8411,89881,1024,491,533
49480,102232,12341,49223,8412,89891,1024,491,533
49485,102239,12342,49225,8413,89897,1024,491,533
49490,102252,12343,49230,8413,89908,1025,491,534
49495,102263,12345,49233,8415,89918,1025,491,534
49500,102270,12346,49237,8416,89924,1025,491,534
49505,102283,12347,49239,8416,89936,1026,492,534
49510,102294,12348,49243,8416,89946,1026,492,534
49515,102301,12349,49245,8416,89952,1026,492,534
49520,102314,12351,49250,8417,89963,1027,492,535
49525,102325,12352,49253,8417,89973,1027,492,535
49530,102332,12353,49259,8417,89979,1027,492,535
49535,102345,12354,49267,8418,89991,1028,492,536
49540,102356,12355,49272,8418,90001,1028,492,536
49545,102363,12356,49275,8418,90007,1028,492,536
49550,102376,12358,49280,8419,90018,1029,493,536
49555,102387,12360,49285,8421,90027,1029,493,536
49560,102394,12361,49290,8422,90033,1029,493,536
49565,102407,12361,49293,8422,90046,1030,493,537
49570,102418,12363,49300,8424,90055,1030,493,537
49575,102425,12364,49305,8424,90061,1030,493,537
49580,102438,12364,49313,8424,90074,1030,493,537
49585,102449,12366,49319,8426,90082,1030,493,537
49590,102456,12368,49322,8428,90088,1030,493,537
49595,102469,12368,49329,8428,90101,1030,493,537
49600,102480,12369,49335,8429,90111,1030,493,537
49605,102487,12370,49337,8430,90117,1030,493,537
49610,102500,12370,49346,8430,90130,1030,493,537
49615,102511,12371,49349,8430,90140,1030,493,537
49620,102518,12372,49350,8430,90146,1030,493,537
49625,102531,12372,49359,8430,90159,1030,493,537
49630,102542,12374,49366,8431,90168,1030,493,537
49635,102549,12375,49369,8431,90174,1030,493,537
49640,102562,12375,49373,8431,90187,1030,493,537
49645,102573,12376,49380,8432,90197,1030,493,537
49650,102580,12377,49384,8433,90203,1030,493,537
49655,102593,12377,49390,8433,90216,1030,493,537
49660,102604,12379,49395,8434,90225,1030,493,537
49665,102611,12381,49398,8435,90230,1030,493,537
49670,102624,12383,49401,8436,90241,1031,493,538
49675,102635,12384,49406,8436,90251,1031,493,538
49680,102642,12386,49409,8436,90256,1031,493,538
49685,102655,12387,49416,8437,90268,1032,494,538
49690,102666,12387,49422,8437,90279,1032,494,538
49695,102673,12388,49425,8438,90285,1032,494,538
49700,102686,12390,49434,8440,90296,1033,495,538
49705,102697,12390,49440,8440,90307,1033,495,538
49710,102704,12391,49443,8441,90313,1033,495,538
49715,102717,12392,49446,8442,90325,1034,495,539
49720,102728,12392,49452,8442,90336,1034,495,539
49725,102735,12393,49457,8442,90342,1034,495,539
49730,102748,12394,49463,8442,90354,1035,496,539
49735,102759,12394,49468,8442,90365,1035,496,539
49740,102766,12395,49471,8442,90371,1035,496,539
49745,102779,12397,49479,8443,90382,1036,497,539
49750,102790,12397,49488,8443,90393,1036,497,539
49755,102797,12398,49492,8443,90399,1036,497,539
49760,102810,12399,49498,8443,90411,1037,498,539
49765,102821,12399,49503,8443,90422,1037,498,539
49770,102828,12400,49507,8443,90428,1037,498,539
49775,102841,12401,49513,8444,90440,1037,498,539
49780,102852,12401,49520,8444,90451,1037,498,539
49785,102859,12403,49524,8445,90456,1037,498,539
49790,102872,12406,49534,8448,90466,1037,498,539
49795,102883,12409,49540,8450,90473,1037,498,539
49800,102890,12412,49544,8452,90478,1037,498,539
49805,102903,12413,49548,8453,90490,1037,498,539
49810,102914,12414,49555,8454,90500,1037,498,539
49815,102921,12416,49558,8455,90505,1037,498,539
49820,102934,12416,49563,8455,90518,1037,498,539
49825,102945,12418,49570,8457,90527,1037,498,539
49830,102952,12420,49573,8457,90532,1037,498,539
49835,102965,12420,49578,8457,90545,1037,498,539
49840,102976,12421,49584,8458,90555,1037,498,539
49845,102983,12423,49586,8458,90560,1037,498,539
49850,102996,12424,49593,8459,90572,1037,498,539
49855,103007,12425,49595,8459,90582,1037,498,539
49860,103014,12427,49596,8459,90587,1037,498,539
49865,103027,12428,49604,8460,90598,1037,498,539
49870,103038,12430,49606,8461,90608,1037,498,539
49875,103045,12431,49610,8462,90614,1037,498,539
49880,103058,12431,49618,8462,90627,1037,498,539
49885,103069,12433,49624,8464,90636,1037,498,539
49890,103076,12434,49627,8464,90642,1037,498,539
49895,103089,12434,49635,8464,90654,1037,498,539
49900,103100,12437,49638,8466,90663,1037,498,539
49905,103107,12438,49642,8466,90669,1037,498,539
49910,103120,12441,49648,8469,90679,1038,498,540
49915,103131,12443,49654,8471,90688,1038,498,540
49920,103138,12444,49657,8471,90694,1038,498,540
49925,103151,12445,49665,8471,90706,1039,498,541
49930,103162,12446,49668,8471,90716,1039,498,541
49935,103169,12447,49672,8472,90722,1039,498,541
49940,103182,12449,49678,8473,90733,1039,498,541
49945,103193,12450,49684,8474,90743,1039,498,541
49950,103200,12451,49686,8474,90749,1039,498,541
49955,103213,12453,49693,8476,90760,1039,498,541
49960,103224,12454,49695,8476,90770,1039,498,541
49965,103231,12455,49698,8477,90776,1039,498,541
49970,103244,12457,49707,8479,90787,1039,498,541
49975,103255,12459,49712,8481,90796,1039,498,541
49980,103262,12460,49717,8481,90802,1039,498,541
49985,103275,12462,49723,8482,90813,1039,498,541
49990,103286,12464,49729,8484,90822,1039,498,541
49995,103293,12465,49732,8484,90828,1039,498,541
50000,103306,12467,49740,8485,90839,1039,498,541
50005,103317,12469,49746,8487,90848,1039,498,541
50010,103324,12470,49751,8488,90854,1039,498,541
50015,103337,12472,49757,8489,90865,1039,498,541
50020,103348,12473,49763,8489,90875,1039,498,541
50025,103355,12475,49765,8490,90880,1039,498,541
50030,103368,12478,49775,8492,90889,1040,498,542
50035,103379,12480,49780,8493,90898,1040,498,542
50040,103386,12483,49784,8496,90903,1040,498,542
50045,103399,12483,49789,8496,90916,1040,498,542
50050,103410,12483,49793,8496,90926,1040,498,542
50055,103417,12485,49794,8497,90932,1040,498,542
50060,103430,12485,49802,8497,90945,1040,498,542
50065,103441,12485,49806,8497,90955,1040,498,542
50070,103448,12487,49807,8498,90961,1040,498,542
50075,103461,12487,49816,8498,90974,1040,498,542
50080,103472,12488,49823,8499,90984,1040,498,542
50085,103479,12489,49826,8499,90990,1040,498,542
50090,103492,12489,49831,8499,91003,1040,498,542
50095,103503,12490,49837,8500,91013,1040,498,542
50100,103510,12491,49841,8500,91019,1040,498,542
50105,103523,12491,49846,8500,91032,1040,498,542
50110,103534,12491,49853,8500,91043,1040,498,542
50115,103541,12491,49855,8500,91050,1040,498,542
50120,103554,12491,49859,8500,91063,1040,498,542
50125,103565,12491,49865,8500,91074,1040,498,542
50130,103572,12491,49869,8500,91081,1040,498,542
50135,103585,12491,49876,8500,91094,1040,498,542
50140,103596,12491,49883,8500,91105,1040,498,542
50145,103603,12492,49887,8500,91111,1040,498,542
50150,103616,12493,49894,8501,91123,1041,499,542
50155,103627,12495,49899,8502,91132,1041,499,542
50160,103634,12496,49901,8502,91138,1041,499,542
50165,103647,12498,49905,8503,91148,1041,499,542
50170,103658,12501,49912,8506,91157,1041,499,542
50175,103665,12502,49917,8507,91163,1041,499,542
50180,103678,12504,49922,8508,91173,1041,499,542
50185,103689,12507,49925,8510,91182,1041,499,542
50190,103696,12508,49928,8510,91188,1041,499,542
50195,103709,12509,49933,8511,91200,1041,499,542
50200,103720,12511,49938,8513,91209,1041,499,542
50205,103727,12513,49941,8514,91214,1041,499,542
50210,103740,12515,49948,8515,91224,1041,499,542
50215,103751,12518,49953,8517,91232,1041,499,542
50220,103758,12521,49956,8520,91237,1041,499,542
50225,103771,12522,49964,8520,91249,1041,499,542
50230,103782,12523,49967,8520,91259,1041,499,542
50235,103789,12524,49970,8520,91265,1041,499,542
50240,103802,12524,49978,8520,91278,1041,499,542
50245,103813,12526,49981,8521,91287,1041,499,542
50250,103820,12527,49984,8521,91293,1041,499,542
50255,103833,12527,49993,8521,91306,1041,499,542
50260,103844,12529,49997,8522,91315,1041,499,542
50265,103851,12530,50001,8523,91321,1041,499,542
50270,103864,12531,50008,8524,91333,1041,499,542
50275,103875,12532,50012,8525,91342,1041,499,542
50280,103882,12534,50016,8527,91348,1041,499,542
50285,103895,12534,50021,8527,91361,1042,499,543
50290,103906,12535,50025,8528,91371,1042,499,543
50295,103913,12535,50026,8528,91378,1042,499,543
50300,103926,12536,50031,8529,91390,1043,500,543
50305,103937,12537,50034,8529,91400,1043,500,543
50310,103944,12537,50040,8529,91407,1043,500,543
50315,103957,12538,50052,8530,91418,1044,501,543
50320,103968,12540,50057,8532,91428,1044,501,543
50325,103975,12541,50060,8532,91434,1044,501,543
50330,103988,12541,50064,8532,91447,1045,501,544
50335,103999,12542,50070,8533,91457,1045,501,544
50340,104006,12543,50075,8534,91463,1045,501,544
50345,104019,12544,50083,8535,91475,1046,502,544
50350,104030,12545,50090,8536,91485,1046,502,544
50355,104037,12546,50093,8536,91491,1046,502,544
50360,104050,12547,50101,8537,91503,1047,502,545
50365,104061,12547,50104,8537,91514,1047,502,545
50370,104068,12548,50106,8537,91520,1047,502,545
50375,104081,12548,50113,8537,91533,1048,502,546
50380,104092,12549,50118,8538,91543,1048,502,546
50385,104099,12551,50122,8539,91548,1048,502,546
50390,104112,12552,50129,8539,91560,1049,503,546
50395,104123,12553,50134,8540,91570,1049,503,546
50400,104130,12555,50136,8540,91575,1049,503,546
50405,104143,12556,50140,8541,91587,1049,503,546
50410,104154,12557,50146,8541,91597,1049,503,546
50415,104161,12559,50148,8542,91602,1049,503,546
50420,104174,12561,50157,8543,91612,1049,503,546
50425,104185,12564,50163,8545,91621,1049,503,546
50430,104192,12566,50166,8546,91626,1049,503,546
50435,104205,12567,50172,8547,91638,1049,503,546
50440,104216,12568,50176,8548,91648,1049,503,546
50445,104223,12570,50179,8549,91653,1049,503,546
50450,104236,12571,50183,8550,91664,1049,503,546
50455,104247,12574,50188,8552,91673,1049,503,546
50460,104254,12576,50189,8552,91678,1049,503,546
50465,104267,12577,50192,8553,91690,1049,503,546
50470,104278,12579,50197,8555,91699,1049,503,546
50475,104285,12581,50201,8557,91704,1049,503,546
50480,104298,12583,50208,8559,91715,1049,503,546
50485,104309,12584,50213,8560,91725,1049,503,546
50490,104316,12586,50217,8561,91730,1049,503,546
50495,104329,12588,50223,8562,91741,1049,503,546
50500,104340,12590,50231,8564,91750,1049,503,546
50505,104347,12592,50232,8564,91755,1049,503,546
50510,104360,12594,50239,8566,91766,1049,503,546
50515,104371,12595,50245,8567,91775,1049,503,546
50520,104378,12598,50249,8569,91780,1049,503,546
50525,104391,12600,50256,8570,91791,1050,504,546
50530,104402,12602,50261,8571,91800,1050,504,546
50535,104409,12603,50265,8572,91806,1050,504,546
50540,104422,12604,50267,8572,91818,1051,504,547
50545,104433,12605,50271,8572,91828,1051,504,547
50550,104440,12606,50273,8573,91834,1051,504,547
50555,104453,12607,50277,8573,91846,1052,505,547
50560,104464,12608,50280,8573,91856,1052,505,547
50565,104471,12609,50282,8574,91862,1052,505,547
50570,104484,12611,50289,8575,91872,1053,506,547
50575,104495,12614,50295,8578,91881,1053,506,547
50580,104502,12615,50298,8578,91887,1053,506,547
50585,104515,12616,50304,8579,91898,1053,506,547
50590,104526,12617,50311,8580,91909,1053,506,547
50595,104533,12618,50316,8580,91915,1053,506,547
50600,104546,12619,50323,8581,91926,1053,506,547
50605,104557,12620,50330,8582,91937,1053,506,547
50610,104564,12621,50334,8583,91943,1053,506,547
50615,104577,12622,50337,8584,91955,1053,506,547
50620,104588,12623,50343,8585,91965,1053,506,547
50625,104595,12625,50347,8586,91970,1053,506,547
50630,104608,12626,50352,8586,91982,1053,506,547
50635,104619,12626,50356,8586,91993,1053,506,547
50640,104626,12628,50358,8587,91998,1053,506,547
50645,104639,12629,50362,8588,92010,1053,506,547
50650,104650,12631,50367,8590,92019,1053,506,547
50655,104657,12632,50371,8590,92025,1053,506,547
50660,104670,12633,50378,8590,92037,1053,506,547
50665,104681,12635,50384,8592,92046,1053,506,547
50670,104688,12636,50388,8592,92052,1053,506,547
50675,104701,12637,50394,8592,92064,1053,506,547
50680,104712,12639,50400,8594,92073,1053,506,547
50685,104719,12640,50404,8595,92079,1053,506,547
50690,104732,12642,50410,8597,92090,1053,506,547
50695,104743,12645,50417,8600,92098,1053,506,547
50700,104750,12646,50420,8601,92104,1053,506,547
50705,104763,12648,50425,8603,92115,1054,506,548
50710,104774,12649,50431,8603,92125,1054,506,548
50715,104781,12650,50435,8603,92131,1054,506,548
50720,104794,12651,50443,8604,92143,1055,507,548
50725,104805,12653,50447,8606,92152,1055,507,548
50730,104812,12654,50449,8606,92158,1055,507,548
50735,104825,12656,50453,8608,92169,1056,507,549
50740,104836,12658,50459,8609,92178,1056,507,549
50745,104843,12660,50464,8611,92183,1056,507,549
50750,104856,12662,50471,8613,92194,1057,508,549
50755,104867,12663,50474,8613,92204,1057,508,549
50760,104874,12665,50478,8614,92209,1057,508,549
50765,104887,12667,50484,8616,92220,1057,508,549
50770,104898,12667,50488,8616,92231,1057,508,549
50775,104905,12669,50492,8618,92236,1057,508,549
50780,104918,12670,50497,8618,92248,1057,508,549
50785,104929,12671,50499,8619,92258,1057,508,549
50790,104936,12673,50500,8619,92263,1057,508,549
50795,104949,12674,50506,8620,92275,1057,508,549
50800,104960,12674,50509,8620,92286,1057,508,549
50805,104967,12676,50513,8622,92291,1057,508,549
50810,104980,12677,50516,8622,92303,1057,508,549
50815,104991,12678,50522,8623,92313,1057,508,549
50820,104998,12680,50527,8624,92318,1057,508,549
50825,105011,12681,50534,8624,92329,1057,508,549
50830,105022,12683,50538,8626,92339,1057,508,549
50835,105029,12685,50541,8627,92344,1057,508,549
50840,105042,12686,50547,8628,92355,1057,508,549
50845,105053,12687,50551,8629,92366,1057,508,549
50850,105060,12689,50555,8630,92371,1057,508,549
50855,105073,12690,50558,8630,92383,1057,508,549
50860,105084,12692,50563,8632,92392,1057,508,549
50865,105091,12694,50568,8634,92397,1057,508,549
50870,105104,12695,50574,8635,92409,1058,508,550
50875,105115,12698,50578,8637,92417,1058,508,550
50880,105122,12700,50582,8638,92422,1058,508,550
50885,105135,12700,50587,8638,92435,1058,508,550
50890,105146,12701,50594,8639,92445,1058,508,550
50895,105153,12701,50598,8639,92452,1058,508,550
50900,105166,12701,50601,8639,92465,1058,508,550
50905,105177,12702,50605,8640,92475,1058,508,550
50910,105184,12702,50608,8640,92482,1058,508,550
50915,105197,12702,50612,8640,92495,1058,508,550
50920,105208,12703,50616,8641,92505,1058,508,550
50925,105215,12703,50620,8641,92512,1058,508,550
50930,105228,12703,50624,8641,92525,1058,508,550
50935,105239,12704,50630,8642,92535,1058,508,550
50940,105246,12704,50634,8642,92542,1058,508,550
50945,105259,12704,50643,8642,92555,1058,508,550
50950,105270,12705,50647,8642,92565,1058,508,550
50955,105277,12705,50653,8642,92572,1058,508,550
50960,105290,12705,50657,8642,92585,1058,508,550
50965,105301,12706,50661,8642,92595,1058,508,550
50970,105308,12706,50662,8642,92602,1058,508,550
50975,105321,12706,50667,8642,92615,1058,508,550
50980,105332,12707,50670,8642,92625,1058,508,550
50985,105339,12707,50674,8642,92632,1058,508,550
50990,105352,12709,50680,8644,92643,1058,508,550
50995,105363,12710,50686,8644,92653,1058,508,550
51000,105370,12712,50690,8644,92658,1058,508,550
51005,105383,12714,50699,8646,92668,1058,508,550
51010,105394,12716,50704,8647,92677,1058,508,550
51015,105401,12719,50710,8650,92682,1058,508,550
51020,105414,12721,50716,8652,92693,1059,508,551
51025,105425,12724,50723,8655,92701,1059,508,551
51030,105432,12726,50728,8656,92706,1059,508,551
51035,105445,12727,50735,8657,92717,1060,508,552
51040,105456,12731,50742,8661,92725,1060,508,552
51045,105463,12733,50748,8663,92730,1060,508,552
51050,105476,12734,50753,8663,92741,1061,509,552
51055,105487,12738,50761,8667,92749,1061,509,552
51060,105494,12740,50764,8668,92754,1061,509,552
51065,105507,12740,50770,8668,92767,1061,509,552
51070,105518,12740,50775,8668,92778,1061,509,552
51075,105525,12741,50780,8668,92784,1061,509,552
51080,105538,12741,50788,8668,92797,1061,509,552
51085,105549,12741,50791,8668,92808,1061,509,552
51090,105556,12742,50793,8668,92814,1061,509,552
51095,105569,12742,50799,8668,92827,1061,509,552
51100,105580,12743,50803,8669,92837,1061,509,552
51105,105587,12744,50805,8669,92843,1061,509,552
51110,105600,12745,50812,8670,92855,1061,509,552
51115,105611,12746,50816,8671,92865,1061,509,552
51120,105618,12747,50820,8671,92871,1061,509,552
51125,105631,12749,50825,8673,92882,1062,509,553
51130,105642,12751,50830,8675,92891,1062,509,553
51135,105649,12752,50833,8676,92897,1062,509,553
51140,105662,12754,50843,8678,92908,1063,509,554
51145,105673,12757,50852,8680,92916,1063,509,554
51150,105680,12758,50856,8681,92922,1063,509,554
51155,105693,12760,50861,8683,92933,1064,509,555
51160,105704,12762,50866,8685,92942,1064,509,555
51165,105711,12763,50868,8685,92948,1064,509,555
51170,105724,12765,50876,8687,92959,1065,510,555
51175,105735,12767,50882,8689,92968,1065,510,555
51180,105742,12768,50884,8690,92974,1065,510,555
51185,105755,12769,50891,8691,92986,1065,510,555
51190,105766,12772,50894,8693,92994,1065,510,555
51195,105773,12773,50897,8693,93000,1065,510,555
51200,105786,12773,50903,8693,93013,1066,511,555
51205,105797,12775,50910,8694,93021,1066,511,555
51210,105804,12777,50912,8695,93027,1066,511,555
51215,105817,12778,50921,8696,93039,1067,512,555
51220,105828,12780,50928,8698,93047,1067,512,555
51225,105835,12783,50931,8701,93052,1067,512,555
51230,105848,12783,50936,8701,93065,1068,512,556
51235,105859,12784,50941,8702,93075,1068,512,556
51240,105866,12786,50945,8703,93080,1068,512,556
51245,105879,12787,50950,8704,93092,1068,512,556
51250,105890,12788,50957,8705,93102,1068,512,556
51255,105897,12789,50958,8706,93108,1068,512,556
51260,105910,12790,50966,8707,93120,1068,512,556
51265,105921,12791,50970,8708,93130,1068,512,556
51270,105928,12791,50974,8708,93137,1068,512,556
51275,105941,12791,50982,8708,93150,1068,512,556
51280,105952,12791,50987,8708,93161,1068,512,556
51285,105959,12791,50992,8708,93168,1068,512,556
51290,105972,12793,51000,8710,93179,1068,512,556
51295,105983,12793,51003,8710,93190,1068,512,556
51300,105990,12793,51007,8710,93197,1068,512,556
51305,106003,12795,51014,8712,93208,1068,512,556
51310,106014,12795,51019,8712,93219,1068,512,556
51315,106021,12795,51021,8712,93226,1068,512,556
51320,106034,12796,51026,8713,93238,1068,512,556
51325,106045,12796,51030,8713,93249,1068,512,556
51330,106052,12796,51036,8713,93256,1068,512,556
51335,106065,12797,51042,8713,93268,1068,512,556
51340,106076,12797,51046,8713,93279,1068,512,556
51345,106083,12798,51048,8713,93285,1068,512,556
51350,106096,12800,51056,8714,93295,1069,513,556
51355,106107,12803,51063,8717,93303,1069,513,556
51360,106114,12805,51070,8719,93309,1069,513,556
51365,106127,12807,51075,8720,93320,1070,514,556
51370,106138,12808,51080,8721,93330,1070,514,556
51375,106145,12810,51083,8721,93335,1070,514,556
51380,106158,12813,51090,8724,93345,1071,514,557
51385,106169,12814,51093,8724,93355,1071,514,557
51390,106176,12816,51095,8725,93360,1071,514,557
51395,106189,12819,51103,8728,93369,1072,515,557
51400,106200,12821,51109,8729,93379,1072,515,557
51405,106207,12823,51111,8729,93384,1072,515,557
51410,106220,12824,51116,8730,93396,1073,515,558
51415,106231,12826,51123,8731,93405,1073,515,558
51420,106238,12828,51126,8732,93410,1073,515,558
51425,106251,12829,51134,8733,93421,1073,515,558
51430,106262,12831,51138,8735,93431,1073,515,558
51435,106269,12833,51143,8737,93436,1073,515,558
51440,106282,12833,51151,8737,93449,1073,515,558
51445,106293,12834,51157,8738,93459,1073,515,558
51450,106300,12836,51160,8739,93464,1073,515,558
51455,106313,12836,51168,8739,93477,1073,515,558
51460,106324,12836,51173,8739,93488,1073,515,558
51465,106331,12838,51176,8740,93493,1073,515,558
51470,106344,12838,51178,8740,93506,1073,515,558
51475,106355,12840,51184,8742,93514,1073,515,558
51480,106362,12843,51187,8743,93519,1073,515,558
51485,106375,12843,51193,8743,93532,1074,516,558
51490,106386,12844,51195,8743,93542,1074,516,558
51495,106393,12844,51200,8743,93549,1074,516,558
51500,106406,12844,51207,8743,93562,1074,516,558
51505,106417,12845,51209,8743,93572,1074,516,558
51510,106424,12845,51212,8743,93579,1074,516,558
51515,106437,12846,51219,8744,93591,1074,516,558
51520,106448,12847,51223,8744,93601,1074,516,558
51525,106455,12847,51224,8744,93608,1074,516,558
51530,106468,12848,51228,8744,93620,1074,516,558
51535,106479,12849,51233,8744,93630,1074,516,558
51540,106486,12849,51236,8744,93637,1074,516,558
51545,106499,12850,51239,8745,93649,1074,516,558
51550,106510,12851,51243,8746,93659,1074,516,558
51555,106517,12851,51246,8746,93666,1074,516,558
51560,106530,12853,51254,8747,93677,1074,516,558
51565,106541,12854,51260,8748,93687,1074,516,558
51570,106548,12854,51263,8748,93694,1074,516,558
51575,106561,12856,51267,8750,93705,1074,516,558
51580,106572,12857,51273,8751,93715,1074,516,558
51585,106579,12859,51275,8751,93720,1074,516,558
51590,106592,12861,51284,8753,93730,1075,516,559
51595,106603,12864,51290,8755,93739,1075,516,559
51600,106610,12866,51292,8755,93744,1075,516,559
51605,106623,12867,51295,8756,93756,1075,516,559
51610,106634,12869,51302,8758,93764,1075,516,559
51615,106641,12872,51305,8760,93769,1075,516,559
51620,106654,12873,51313,8761,93781,1075,516,559
51625,106665,12875,51317,8763,93790,1075,516,559
51630,106672,12877,51319,8764,93795,1075,516,559
51635,106685,12878,51326,8764,93807,1075,516,559
51640,106696,12881,51332,8767,93815,1075,516,559
51645,106703,12883,51336,8769,93820,1075,516,559
51650,106716,12884,51341,8769,93832,1075,516,559
51655,106727,12887,51348,8771,93839,1075,516,559
51660,106734,12890,51350,8773,93844,1075,516,559
51665,106747,12891,51355,8774,93856,1075,516,559
51670,106758,12892,51358,8774,93866,1075,516,559
51675,106765,12893,51361,8774,93872,1075,516,559
51680,106778,12894,51364,8774,93884,1075,516,559
51685,106789,12895,51369,8774,93894,1075,516,559
51690,106796,12896,51374,8775,93900,1075,516,559
51695,106809,12897,51380,8776,93912,1075,516,559
51700,106820,12898,51384,8777,93922,1075,516,559
51705,106827,12899,51386,8777,93928,1075,516,559
51710,106840,12901,51395,8778,93938,1076,516,560
51715,106851,12904,51400,8781,93947,1076,516,560
51720,106858,12905,51403,8781,93953,1076,516,560
51725,106871,12905,51411,8781,93966,1077,516,561
51730,106882,12905,51414,8781,93977,1077,516,561
51735,106889,12906,51418,8782,93983,1077,516,561
51740,106902,12906,51422,8782,93996,1078,516,562
51745,106913,12906,51429,8782,94007,1078,516,562
51750,106920,12907,51435,8783,94013,1078,516,562
51755,106933,12908,51444,8784,94025,1078,516,562
51760,106944,12909,51447,8785,94035,1078,516,562
51765,106951,12911,51452,8787,94040,1078,516,562
51770,106964,12911,51457,8787,94053,1078,516,562
51775,106975,12913,51466,8789,94061,1078,516,562
51780,106982,12916,51469,8790,94066,1078,516,562
51785,106995,12916,51472,8790,94079,1078,516,562
51790,107006,12916,51477,8790,94090,1078,516,562
51795,107013,12918,51483,8792,94095,1078,516,562
51800,107026,12918,51489,8792,94108,1078,516,562
51805,107037,12919,51497,8793,94118,1078,516,562
51810,107044,12921,51499,8793,94123,1078,516,562
51815,107057,12921,51505,8793,94136,1078,516,562
51820,107068,12922,51512,8794,94146,1078,516,562
51825,107075,12924,51515,8794,94151,1078,516,562
51830,107088,12926,51523,8796,94161,1078,516,562
51835,107099,12929,51529,8799,94170,1078,516,562
51840,107106,12931,51533,8801,94175,1078,516,562
51845,107119,12932,51538,8802,94186,1078,516,562
51850,107130,12934,51545,8804,94195,1078,516,562
51855,107137,12936,51548,8806,94201,1078,516,562
51860,107150,12938,51554,8807,94212,1078,516,562
51865,107161,12939,51560,8807,94221,1078,516,562
51870,107168,12941,51563,8808,94227,1078,516,562
51875,107181,12943,51573,8810,94237,1078,516,562
51880,107192,12946,51577,8812,94246,1078,516,562
51885,107199,12947,51582,8813,94252,1078,516,562
51890,107212,12948,51589,8814,94263,1078,516,562
51895,107223,12950,51595,8815,94272,1078,516,562
51900,107230,12952,51596,8816,94278,1078,516,562
51905,107243,12953,51604,8817,94289,1078,516,562
51910,107254,12955,51608,8818,94298,1078,516,562
51915,107261,12957,51614,8819,94304,1078,516,562
51920,107274,12959,51619,8820,94315,1078,516,562
51925,107285,12960,51622,8821,94324,1078,516,562
51930,107292,12962,51626,8822,94330,1078,516,562
51935,107305,12964,51632,8824,94341,1078,516,562
51940,107316,12966,51634,8826,94350,1078,516,562
51945,107323,12968,51637,8827,94355,1078,516,562
51950,107336,12970,51644,8829,94366,1078,516,562
51955,107347,12972,51650,8831,94375,1078,516,562
51960,107354,12974,51653,8832,94380,1078,516,562
51965,107367,12974,51660,8832,94393,1079,517,562
51970,107378,12975,51667,8833,94403,1079,517,562
51975,107385,12976,51671,8834,94409,1079,517,562
51980,107398,12976,51681,8834,94422,1080,518,562
51985,107409,12976,51689,8834,94433,1080,518,562
51990,107416,12977,51691,8834,94439,1080,518,562
51995,107429,12977,51697,8834,94452,1081,519,562
52000,107440,12977,51703,8834,94463,1081,519,562
52005,107447,12978,51705,8835,94469,1081,519,562
52010,107460,12978,51711,8835,94482,1082,519,563
52015,107471,12978,51715,8835,94493,1082,519,563
52020,107478,12979,51717,8835,94499,1082,519,563
52025,107491,12979,51721,8835,94512,1083,519,564
52030,107502,12979,51724,8835,94523,1083,519,564
52035,107509,12980,51726,8835,94529,1083,519,564
52040,107522,12980,51731,8835,94542,1083,519,564
52045,107533,12981,51736,8836,94552,1083,519,564
52050,107540,12982,51739,8837,94558,1083,519,564
52055,107553,12982,51746,8837,94571,1083,519,564
52060,107564,12983,51752,8838,94581,1083,519,564
52065,107571,12984,51756,8839,94587,1083,519,564
52070,107584,12987,51766,8841,94596,1083,519,564
52075,107595,12990,51773,8843,94605,1083,519,564
52080,107602,12992,51775,8843,94610,1083,519,564
52085,107615,12994,51781,8844,94621,1083,519,564
52090,107626,12995,51785,8845,94630,1083,519,564
52095,107633,12998,51788,8848,94635,1083,519,564
52100,107646,13001,51797,8850,94645,1083,519,564
52105,107657,13002,51800,8850,94655,1083,519,564
52110,107664,13004,51802,8850,94660,1083,519,564
52115,107677,13008,51811,8853,94668,1083,519,564
52120,107688,13010,51816,8855,94678,1083,519,564
52125,107695,13012,51817,8856,94683,1083,519,564
52130,107708,13014,51823,8858,94693,1083,519,564
52135,107719,13016,51827,8860,94702,1083,519,564
52140,107726,13019,51832,8863,94707,1083,519,564
52145,107739,13020,51839,8864,94718,1083,519,564
52150,107750,13021,51845,8865,94728,1083,519,564
52155,107757,13024,51847,8866,94733,1083,519,564
52160,107770,13024,51852,8866,94745,1083,519,564
52165,107781,13025,51856,8867,94755,1083,519,564
52170,107788,13028,51860,8868,94760,1083,519,564
52175,107801,13028,51866,8868,94772,1083,519,564
52180,107812,13029,51870,8869,94782,1083,519,564
52185,107819,13032,51875,8872,94787,1083,519,564
52190,107832,13033,51883,8873,94798,1083,519,564
52195,107843,13034,51886,8874,94808,1083,519,564
52200,107850,13037,51888,8875,94813,1083,519,564
52205,107863,13038,51894,8875,94825,1083,519,564
52210,107874,13039,51899,8876,94835,1083,519,564
52215,107881,13039,51901,8876,94842,1083,519,564
52220,107894,13040,51907,8876,94854,1083,519,564
52225,107905,13041,51913,8876,94864,1083,519,564
52230,107912,13041,51916,8876,94871,1083,519,564
52235,107925,13043,51923,8878,94882,1083,519,564
52240,107936,13044,51927,8878,94892,1083,519,564
52245,107943,13044,51932,8878,94899,1083,519,564
52250,107956,13046,51938,8879,94910,1084,519,565
52255,107967,13047,51944,8880,94920,1084,519,565
52260,107974,13047,51946,8880,94927,1084,519,565
52265,107987,13048,51955,8881,94939,1084,519,565
52270,107998,13049,51957,8881,94949,1084,519,565
52275,108005,13049,51960,8881,94956,1084,519,565
52280,108018,13051,51967,8883,94967,1084,519,565
52285,108029,13052,51970,8884,94977,1084,519,565
52290,108036,13052,51973,8884,94984,1084,519,565
52295,108049,13053,51978,8885,94996,1084,519,565
52300,108060,13054,51983,8886,95006,1084,519,565
52305,108067,13056,51985,8887,95011,1084,519,565
52310,108080,13057,51991,8888,95023,1084,519,565
52315,108091,13058,51994,8889,95033,1084,519,565
52320,108098,13060,51996,8891,95038,1084,519,565
52325,108111,13060,52001,8891,95050,1084,519,565
52330,108122,13061,52007,8892,95061,1084,519,565
52335,108129,13063,52011,8892,95066,1084,519,565
52340,108142,13063,52018,8892,95079,1084,519,565
52345,108153,13063,52022,8892,95090,1084,519,565
52350,108160,13065,52024,8892,95095,1084,519,565
52355,108173,13065,52032,8892,95107,1084,519,565
52360,108184,13066,52036,8893,95118,1084,519,565
52365,108191,13068,52039,8894,95123,1084,519,565
52370,108204,13069,52048,8895,95135,1084,519,565
52375,108215,13070,52055,8896,95145,1084,519,565
52380,108222,13072,52061,8898,95150,1084,519,565
52385,108235,13074,52069,8900,95160,1085,520,565
52390,108246,13076,52075,8902,95170,1085,520,565
52395,108253,13078,52078,8903,95175,1085,520,565
52400,108266,13080,52088,8905,95186,1086,521,565
52405,108277,13082,52093,8906,95194,1086,521,565
52410,108284,13085,52097,8908,95199,1086,521,565
52415,108297,13086,52100,8908,95210,1087,521,566
52420,108308,13088,52105,8909,95220,1087,521,566
52425,108315,13090,52110,8911,95225,1087,521,566
52430,108328,13093,52115,8913,95235,1088,522,566
52435,108339,13096,52120,8915,95242,1088,522,566
52440,108346,13099,52124,8917,95247,1088,522,566
52445,108359,13100,52128,8917,95259,1088,522,566
52450,108370,13101,52132,8917,95269,1088,522,566
52455,108377,13102,52134,8917,95275,1088,522,566
52460,108390,13103,52140,8917,95287,1088,522,566
52465,108401,13104,52145,8918,95297,1088,522,566
52470,108408,13105,52149,8918,95303,1088,522,566
52475,108421,13107,52154,8920,95314,1088,522,566
52480,108432,13108,52159,8921,95324,1088,522,566
52485,108439,13109,52159,8921,95330,1088,522,566
52490,108452,13111,52166,8923,95341,1088,522,566
52495,108463,13112,52174,8924,95351,1088,522,566
52500,108470,13113,52176,8924,95357,1088,522,566
52505,108483,13114,52186,8925,95369,1088,522,566
52510,108494,13115,52193,8926,95379,1088,522,566
52515,108501,13116,52194,8927,95385,1088,522,566
52520,108514,13117,52202,8928,95397,1088,522,566
52525,108525,13118,52206,8929,95407,1088,522,566
52530,108532,13119,52208,8929,95413,1088,522,566
52535,108545,13120,52211,8929,95425,1088,522,566
52540,108556,13121,52214,8929,95435,1088,522,566
52545,108563,13122,52219,8930,95441,1088,522,566
52550,108576,13123,52226,8931,95453,1089,523,566
52555,108587,13126,52234,8934,95461,1089,523,566
52560,108594,13128,52237,8935,95466,1089,523,566
52565,108607,13128,52241,8935,95478,1089,523,566
52570,108618,13130,52249,8937,95488,1089,523,566
52575,108625,13131,52251,8937,95494,1089,523,566
52580,108638,13132,52258,8938,95505,1089,523,566
52585,108649,13133,52264,8939,95516,1089,523,566
52590,108656,13134,52269,8939,95522,1089,523,566
52595,108669,13135,52275,8940,95534,1089,523,566
52600,108680,13135,52279,8940,95545,1089,523,566
52605,108687,13136,52282,8940,95551,1089,523,566
52610,108700,13136,52292,8940,95563,1089,523,566
52615,108711,13137,52296,8941,95574,1089,523,566
52620,108718,13138,52300,8941,95580,1089,523,566
52625,108731,13138,52306,8941,95593,1089,523,566
52630,108742,13138,52314,8941,95604,1089,523,566
52635,108749,13138,52317,8941,95611,1089,523,566
52640,108762,13138,52323,8941,95624,1089,523,566
52645,108773,13138,52330,8941,95635,1089,523,566
52650,108780,13138,52335,8941,95642,1089,523,566
52655,108793,13138,52342,8941,95655,1089,523,566
52660,108804,13138,52346,8941,95666,1089,523,566
52665,108811,13138,52350,8941,95673,1089,523,566
52670,108824,13140,52359,8943,95683,1090,524,566
52675,108835,13144,52365,8947,95691,1090,524,566
52680,108842,13145,52370,8947,95697,1090,524,566
52685,108855,13146,52376,8948,95709,1090,524,566
52690,108866,13147,52382,8949,95719,1090,524,566
52695,108873,13148,52386,8949,95725,1090,524,566
52700,108886,13150,52393,8950,95736,1090,524,566
52705,108897,13152,52397,8951,95744,1090,524,566
52710,108904,13154,52398,8952,95750,1090,524,566
52715,108917,13156,52407,8954,95761,1090,524,566
52720,108928,13157,52412,8955,95770,1090,524,566
52725,108935,13160,52414,8957,95775,1090,524,566
52730,108948,13161,52420,8957,95787,1090,524,566
52735,108959,13162,52426,8957,95796,1090,524,566
52740,108966,13165,52428,8958,95801,1090,524,566
52745,108979,13166,52433,8958,95813,1090,524,566
52750,108990,13167,52438,8959,95823,1090,524,566
52755,108997,13169,52440,8960,95828,1090,524,566
52760,109010,13171,52447,8962,95839,1090,524,566
52765,109021,13172,52448,8963,95849,1090,524,566
52770,109028,13174,52453,8965,95854,1090,524,566
52775,109041,13176,52461,8966,95865,1090,524,566
52780,109052,13177,52465,8966,95875,1090,524,566
52785,109059,13179,52465,8966,95880,1090,524,566
52790,109072,13180,52472,8966,95891,1091,525,566
52795,109083,13182,52477,8967,95901,1091,525,566
52800,109090,13184,52480,8967,95906,1091,525,566
52805,109103,13184,52487,8967,95918,1091,525,566
52810,109114,13186,52493,8969,95928,1091,525,566
52815,109121,13187,52497,8969,95934,1091,525,566
52820,109134,13187,52502,8969,95946,1091,525,566
52825,109145,13188,52508,8970,95957,1091,525,566
52830,109152,13189,52511,8971,95963,1091,525,566
52835,109165,13189,52520,8971,95975,1091,525,566
52840,109176,13191,52526,8973,95985,1091,525,566
52845,109183,13192,52529,8974,95991,1091,525,566
52850,109196,13192,52537,8974,96003,1091,525,566
52855,109207,13193,52544,8975,96014,1091,525,566
52860,109214,13194,52545,8975,96020,1091,525,566
52865,109227,13194,52553,8975,96032,1091,525,566
52870,109238,13195,52559,8976,96043,1091,525,566
52875,109245,13196,52562,8976,96049,1091,525,566
52880,109258,13196,52567,8976,96062,1091,525,566
52885,109269,13197,52571,8977,96072,1091,525,566
52890,109276,13198,52575,8977,96078,1091,525,566
52895,109289,13198,52579,8977,96090,1091,525,566
52900,109300,13200,52586,8979,96100,1091,525,566
52905,109307,13202,52587,8980,96105,1091,525,566
52910,109320,13204,52593,8981,96115,1091,525,566
52915,109331,13206,52595,8982,96125,1091,525,566
52920,109338,13208,52597,8982,96130,1091,525,566
52925,109351,13209,52600,8982,96142,1092,525,567
52930,109362,13211,52606,8984,96150,1092,525,567
52935,109369,13212,52607,8985,96157,1092,525,567
52940,109382,13215,52616,8988,96167,1093,525,568
52945,109393,13216,52621,8989,96177,1093,525,568
52950,109400,13216,52625,8989,96184,1093,525,568
52955,109413,13219,52629,8991,96194,1094,525,569
52960,109424,13220,52636,8992,96204,1094,525,569
52965,109431,13220,52639,8992,96211,1094,525,569
52970,109444,13223,52645,8995,96221,1095,525,570
52975,109455,13224,52648,8995,96231,1095,525,570
52980,109462,13224,52651,8995,96238,1095,525,570
52985,109475,13224,52657,8995,96251,1095,525,570
52990,109486,13225,52660,8995,96261,1095,525,570
52995,109493,13225,52661,8995,96268,1095,525,570
53000,109506,13225,52670,8995,96281,1095,525,570
53005,109517,13226,52677,8995,96291,1095,525,570
53010,109524,13226,52680,8995,96298,1095,525,570
53015,109537,13226,52689,8995,96311,1095,525,570
53020,109548,13227,52691,8995,96321,1095,525,570
53025,109555,13228,52694,8996,96327,1095,525,570
53030,109568,13230,52702,8998,96337,1095,525,570
53035,109579,13232,52711,9000,96347,1095,525,570
53040,109586,13234,52714,9001,96352,1095,525,570
53045,109599,13237,52725,9004,96361,1095,525,570
53050,109610,13239,52729,9005,96370,1095,525,570
53055,109617,13241,52730,9006,96376,1095,525,570
53060,109630,13242,52736,9007,96388,1095,525,570
53065,109641,13243,52740,9008,96398,1095,525,570
53070,109648,13244,52746,9009,96404,1095,525,570
53075,109661,13246,52755,9011,96415,1095,525,570
53080,109672,13248,52759,9013,96424,1095,525,570
53085,109679,13249,52763,9013,96430,1095,525,570
53090,109692,13250,52768,9013,96442,1096,526,570
53095,109703,13251,52775,9014,96452,1096,526,570
53100,109710,13252,52777,9014,96458,1096,526,570
53105,109723,13252,52781,9014,96470,1097,526,571
53110,109734,13254,52787,9016,96480,1097,526,571
53115,109741,13254,52791,9016,96487,1097,526,571
53120,109754,13254,52796,9016,96500,1098,527,571
53125,109765,13254,52803,9016,96511,1098,527,571
53130,109772,13254,52810,9016,96518,1098,527,571
53135,109785,13254,52819,9016,96531,1099,528,571
53140,109796,13254,52826,9016,96542,1099,528,571
53145,109803,13254,52831,9016,96549,1099,528,571
53150,109816,13254,52840,9016,96562,1100,529,571
53155,109827,13255,52848,9017,96572,1100,529,571
53160,109834,13256,52850,9017,96578,1100,529,571
53165,109847,13256,52858,9017,96591,1100,529,571
53170,109858,13256,52863,9017,96602,1100,529,571
53175,109865,13257,52870,9018,96608,1100,529,571
53180,109878,13257,52877,9018,96621,1100,529,571
53185,109889,13258,52881,9019,96631,1100,529,571
53190,109896,13259,52883,9019,96637,1100,529,571
53195,109909,13259,52885,9019,96650,1100,529,571
53200,109920,13260,52890,9020,96660,1100,529,571
53205,109927,13262,52895,9021,96665,1100,529,571
53210,109940,13263,52901,9021,96677,1100,529,571
53215,109951,13264,52906,9022,96687,1100,529,571
53220,109958,13266,52906,9022,96692,1100,529,571
53225,109971,13267,52915,9023,96704,1100,529,571
53230,109982,13269,52922,9024,96712,1100,529,571
53235,109989,13272,52926,9026,96717,1100,529,571
53240,110002,13273,52936,9027,96729,1100,529,571
53245,110013,13276,52943,9029,96736,1100,529,571
53250,110020,13279,52948,9031,96741,1100,529,571
53255,110033,13280,52955,9031,96753,1100,529,571
53260,110044,13282,52959,9032,96761,1100,529,571
53265,110051,13285,52961,9034,96766,1100,529,571
53270,110064,13286,52967,9035,96778,1100,529,571
53275,110075,13288,52970,9036,96787,1100,529,571
53280,110082,13290,52972,9037,96792,1100,529,571
53285,110095,13290,52981,9037,96805,1100,529,571
53290,110106,13291,52985,9037,96815,1100,529,571
53295,110113,13292,52991,9038,96821,1100,529,571
53300,110126,13292,53002,9038,96834,1100,529,571
53305,110137,13294,53007,9040,96843,1100,529,571
53310,110144,13295,53011,9040,96849,1100,529,571
53315,110157,13295,53015,9040,96862,1100,529,571
53320,110168,13296,53021,9041,96872,1100,529,571
53325,110175,13297,53026,9041,96878,1100,529,571
53330,110188,13298,53033,9042,96890,1101,529,572
53335,110199,13299,53038,9043,96900,1101,529,572
53340,110206,13300,53039,9043,96906,1101,529,572
53345,110219,13302,53047,9044,96917,1102,530,572
53350,110230,13302,53054,9044,96928,1102,530,572
53355,110237,13304,53058,9046,96933,1102,530,572
53360,110250,13306,53068,9048,96944,1103,531,572
53365,110261,13306,53073,9048,96955,1103,531,572
53370,110268,13308,53077,9050,96960,1103,531,572
53375,110281,13309,53080,9050,96972,1104,531,573
53380,110292,13309,53086,9050,96983,1104,531,573
53385,110299,13311,53091,9051,96988,1104,531,573
53390,110312,13313,53100,9053,96999,1105,531,574
53395,110323,13314,53106,9054,97008,1105,531,574
53400,110330,13317,53110,9056,97013,1105,531,574
53405,110343,13318,53119,9057,97025,1105,531,574
53410,110354,13318,53125,9057,97036,1105,531,574
53415,110361,13319,53129,9057,97042,1105,531,574
53420,110374,13320,53136,9058,97054,1105,531,574
53425,110385,13320,53144,9058,97065,1105,531,574
53430,110392,13321,53148,9059,97071,1105,531,574
53435,110405,13321,53153,9059,97084,1105,531,574
53440,110416,13321,53160,9059,97095,1105,531,574
53445,110423,13322,53164,9060,97101,1105,531,574
53450,110436,13324,53173,9062,97112,1105,531,574
53455,110447,13325,53178,9063,97122,1105,531,574
53460,110454,13326,53181,9064,97128,1105,531,574
53465,110467,13327,53190,9065,97139,1105,531,574
53470,110478,13329,53195,9066,97149,1105,531,574
53475,110485,13329,53198,9066,97156,1105,531,574
53480,110498,13331,53204,9068,97166,1105,531,574
53485,110509,13333,53209,9069,97176,1105,531,574
53490,110516,13333,53213,9069,97183,1105,531,574
53495,110529,13333,53218,9069,97195,1105,531,574
53500,110540,13335,53221,9071,97205,1105,531,574
53505,110547,13335,53222,9071,97212,1105,531,574
53510,110560,13337,53226,9072,97223,1106,531,575
53515,110571,13339,53230,9074,97232,1106,531,575
53520,110578,13340,53234,9075,97238,1106,531,575
53525,110591,13342,53241,9076,97249,1106,531,575
53530,110602,13342,53244,9076,97260,1106,531,575
53535,110609,13343,53248,9076,97266,1106,531,575
53540,110622,13344,53253,9076,97278,1106,531,575
53545,110633,13345,53257,9077,97288,1106,531,575
53550,110640,13346,53259,9078,97294,1106,531,575
53555,110653,13348,53266,9079,97305,1106,531,575
53560,110664,13348,53269,9079,97316,1106,531,575
53565,110671,13349,53273,9080,97322,1106,531,575
53570,110684,13350,53280,9080,97334,1106,531,575
53575,110695,13351,53285,9081,97344,1106,531,575
53580,110702,13352,53291,9081,97350,1106,531,575
53585,110715,13355,53298,9083,97360,1107,532,575
53590,110726,13357,53304,9085,97369,1107,532,575
53595,110733,13358,53306,9086,97375,1107,532,575
53600,110746,13360,53311,9087,97385,1108,532,576
53605,110757,13362,53315,9089,97395,1108,532,576
53610,110764,13363,53317,9089,97401,1108,532,576
53615,110777,13366,53326,9092,97411,1109,533,576
53620,110788,13368,53332,9093,97419,1109,533,576
53625,110795,13371,53334,9094,97424,1109,533,576
53630,110808,13375,53343,9097,97432,1110,533,577
53635,110819,13378,53348,9099,97441,1110,533,577
53640,110826,13380,53354,9101,97446,1110,533,577
53645,110839,13380,53359,9101,97459,1111,533,578
53650,110850,13380,53364,9101,97470,1111,533,578
53655,110857,13381,53368,9102,97476,1111,533,578
53660,110870,13381,53373,9102,97489,1111,533,578
53665,110881,13382,53378,9103,97499,1111,533,578
53670,110888,13383,53383,9104,97505,1111,533,578
53675,110901,13384,53391,9105,97517,1111,533,578
53680,110912,13385,53399,9106,97527,1111,533,578
53685,110919,13386,53401,9106,97533,1111,533,578
53690,110932,13387,53406,9107,97545,1111,533,578
53695,110943,13387,53407,9107,97556,1111,533,578
53700,110950,13388,53412,9107,97562,1111,533,578
53705,110963,13389,53421,9108,97574,1111,533,578
53710,110974,13390,53428,9109,97584,1111,533,578
53715,110981,13391,53433,9110,97590,1111,533,578
53720,110994,13391,53440,9110,97603,1111,533,578
53725,111005,13392,53445,9111,97613,1111,533,578
53730,111012,13393,53448,9111,97619,1111,533,578
53735,111025,13394,53455,9112,97631,1111,533,578
53740,111036,13395,53459,9113,97641,1111,533,578
53745,111043,13396,53461,9113,97647,1111,533,578
53750,111056,13399,53467,9116,97657,1112,533,579
53755,111067,13402,53473,9119,97665,1112,533,579
53760,111074,13404,53474,9120,97670,1112,533,579
53765,111087,13405,53478,9120,97681,1113,534,579
53770,111098,13406,53483,9121,97692,1113,534,579
53775,111105,13407,53487,9122,97698,1113,534,579
53780,111118,13408,53492,9123,97710,1113,534,579
53785,111129,13408,53494,9123,97721,1113,534,579
53790,111136,13409,53496,9124,97727,1113,534,579
53795,111149,13410,53501,9124,97739,1113,534,579
53800,111160,13411,53510,9125,97749,1113,534,579
53805,111167,13412,53515,9126,97755,1113,534,579
53810,111180,13413,53523,9126,97767,1113,534,579
53815,111191,13414,53530,9127,97777,1113,534,579
53820,111198,13415,53535,9128,97783,1113,534,579
53825,111211,13416,53540,9129,97795,1113,534,579
53830,111222,13416,53545,9129,97806,1113,534,579
53835,111229,13417,53551,9130,97812,1113,534,579
53840,111242,13418,53557,9131,97824,1113,534,579
53845,111253,13418,53561,9131,97835,1113,534,579
53850,111260,13419,53564,9131,97841,1113,534,579
53855,111273,13420,53569,9132,97853,1113,534,579
53860,111284,13420,53576,9132,97864,1113,534,579
53865,111291,13422,53578,9133,97869,1113,534,579
53870,111304,13423,53583,9134,97881,1113,534,579
53875,111315,13426,53591,9137,97889,1113,534,579
53880,111322,13428,53592,9138,97894,1113,534,579
53885,111335,13429,53598,9139,97906,1113,534,579
53890,111346,13430,53603,9139,97916,1113,534,579
53895,111353,13431,53606,9140,97922,1113,534,579
53900,111366,13432,53613,9141,97934,1113,534,579
53905,111377,13433,53620,9142,97944,1113,534,579
53910,111384,13434,53622,9142,97950,1113,534,579
53915,111397,13435,53629,9143,97962,1113,534,579
53920,111408,13437,53634,9144,97971,1113,534,579
53925,111415,13438,53636,9144,97977,1113,534,579
53930,111428,13438,53640,9144,97990,1113,534,579
53935,111439,13439,53645,9145,98000,1113,534,579
53940,111446,13440,53647,9145,98006,1113,534,579
53945,111459,13441,53655,9146,98017,1113,534,579
53950,111470,13443,53657,9148,98027,1113,534,579
53955,111477,13443,53661,9148,98034,1113,534,579
53960,111490,13443,53668,9148,98046,1113,534,579
53965,111501,13445,53673,9150,98056,1113,534,579
53970,111508,13445,53678,9150,98063,1113,534,579
53975,111521,13445,53682,9150,98076,1113,534,579
53980,111532,13446,53682,9150,98086,1113,534,579
53985,111539,13446,53688,9150,98093,1113,534,579
53990,111552,13448,53693,9152,98104,1114,534,580
53995,111563,13450,53699,9153,98112,1114,534,580
54000,111570,13452,53701,9154,98118,1114,534,580
54005,111583,13455,53709,9157,98128,1115,534,581
54010,111594,13456,53714,9158,98138,1115,534,581
54015,111601,13458,53719,9159,98143,1115,534,581
54020,111614,13459,53725,9160,98155,1115,534,581
54025,111625,13460,53729,9161,98165,1115,534,581
54030,111632,13462,53735,9163,98170,1115,534,581
54035,111645,13464,53739,9165,98181,1115,534,581
54040,111656,13465,53744,9166,98191,1115,534,581
54045,111663,13467,53748,9168,98196,1115,534,581
54050,111676,13469,53758,9170,98207,1115,534,581
54055,111687,13470,53766,9171,98216,1115,534,581
54060,111694,13473,53770,9172,98221,1115,534,581
54065,111707,13474,53776,9173,98233,1115,534,581
54070,111718,13475,53782,9174,98243,1115,534,581
54075,111725,13477,53786,9175,98248,1115,534,581
54080,111738,13479,53792,9176,98259,1115,534,581
54085,111749,13480,53795,9176,98268,1115,534,581
54090,111756,13483,53800,9179,98273,1115,534,581
54095,111769,13485,53807,9180,98284,1115,534,581
54100,111780,13486,53813,9181,98294,1115,534,581
54105,111787,13488,53816,9182,98299,1115,534,581
54110,111800,13490,53823,9184,98310,1116,535,581
54115,111811,13491,53830,9185,98319,1116,535,581
54120,111818,13494,53833,9188,98324,1116,535,581
54125,111831,13494,53839,9188,98337,1117,536,581
54130,111842,13495,53847,9189,98347,1117,536,581
54135,111849,13497,53849,9190,98352,1117,536,581
54140,111862,13497,53857,9190,98365,1118,536,582
54145,111873,13497,53862,9190,98376,1118,536,582
54150,111880,13499,53866,9192,98381,1118,536,582
54155,111893,13499,53872,9192,98394,1119,536,583
54160,111904,13499,53876,9192,98405,1119,536,583
54165,111911,13501,53877,9192,98410,1119,536,583
54170,111924,13501,53881,9192,98423,1119,536,583
54175,111935,13501,53886,9192,98434,1119,536,583
54180,111942,13503,53890,9193,98439,1119,536,583
54185,111955,13503,53896,9193,98452,1119,536,583
54190,111966,13503,53900,9193,98463,1119,536,583
54195,111973,13505,53903,9194,98468,1119,536,583
54200,111986,13505,53909,9194,98481,1119,536,583
54205,111997,13506,53915,9195,98491,1119,536,583
54210,112004,13508,53921,9197,98496,1119,536,583
54215,112017,13508,53930,9197,98509,1119,536,583
54220,112028,13509,53935,9198,98519,1119,536,583
54225,112035,13511,53936,9198,98524,1119,536,583
54230,112048,13513,53941,9199,98535,1119,536,583
54235,112059,13515,53948,9201,98544,1119,536,583
54240,112066,13517,53952,9202,98549,1119,536,583
54245,112079,13519,53956,9203,98560,1119,536,583
54250,112090,13520,53961,9204,98570,1119,536,583
54255,112097,13521,53964,9205,98576,1119,536,583
54260,112110,13523,53972,9207,98586,1119,536,583
54265,112121,13525,53979,9208,98596,1119,536,583
54270,112128,13526,53981,9208,98602,1119,536,583
54275,112141,13528,53984,9210,98613,1119,536,583
54280,112152,13529,53987,9210,98623,1119,536,583
54285,112159,13530,53991,9211,98629,1119,536,583
54290,112172,13531,53995,9212,98641,1119,536,583
54295,112183,13533,54002,9214,98650,1119,536,583
54300,112190,13534,54007,9215,98656,1119,536,583
54305,112203,13535,54011,9215,98668,1119,536,583
54310,112214,13536,54019,9216,98678,1119,536,583
54315,112221,13536,54022,9216,98685,1119,536,583
54320,112234,13537,54029,9216,98697,1119,536,583
54325,112245,13538,54037,9217,98707,1119,536,583
54330,112252,13538,54039,9217,98714,1119,536,583
54335,112265,13539,54044,9218,98726,1119,536,583
54340,112276,13540,54049,9218,98736,1119,536,583
54345,112283,13540,54052,9218,98743,1119,536,583
54350,112296,13542,54060,9220,98754,1120,537,583
54355,112307,13544,54062,9221,98763,1120,537,583
54360,112314,13545,54068,9222,98769,1120,537,583
54365,112327,13548,54076,9224,98778,1120,537,583
54370,112338,13550,54080,9225,98788,1120,537,583
54375,112345,13551,54082,9225,98794,1120,537,583
54380,112358,13552,54090,9226,98806,1120,537,583
54385,112369,13554,54094,9227,98815,1120,537,583
54390,112376,13555,54096,9228,98821,1120,537,583
54395,112389,13556,54099,9229,98833,1120,537,583
54400,112400,13558,54105,9231,98841,1120,537,583
54405,112407,13561,54109,9233,98846,1120,537,583
54410,112420,13563,54115,9235,98857,1120,537,583
54415,112431,13565,54122,9237,98866,1120,537,583
54420,112438,13567,54126,9239,98871,1120,537,583
54425,112451,13569,54133,9241,98882,1120,537,583
54430,112462,13570,54139,9241,98892,1120,537,583
54435,112469,13571,54142,9242,98898,1120,537,583
54440,112482,13571,54149,9242,98910,1120,537,583
54445,112493,13573,54155,9244,98920,1120,537,583
54450,112500,13574,54157,9244,98926,1120,537,583
54455,112513,13575,54162,9245,98938,1120,537,583
54460,112524,13576,54167,9245,98948,1120,537,583
54465,112531,13577,54168,9246,98954,1120,537,583
54470,112544,13578,54172,9247,98965,1121,537,584
54475,112555,13582,54179,9251,98973,1121,537,584
54480,112562,13583,54184,9252,98979,1121,537,584
54485,112575,13584,54190,9252,98991,1121,537,584
54490,112586,13585,54194,9253,99001,1121,537,584
54495,112593,13586,54197,9253,99007,1121,537,584
54500,112606,13587,54205,9253,99019,1121,537,584
54505,112617,13587,54211,9253,99029,1121,537,584
54510,112624,13589,54214,9255,99035,1121,537,584
54515,112637,13590,54219,9255,99047,1121,537,584
54520,112648,13591,54225,9256,99057,1121,537,584
54525,112655,13592,54228,9257,99063,1121,537,584
54530,112668,13593,54233,9257,99075,1121,537,584
54535,112679,13593,54239,9257,99086,1121,537,584
54540,112686,13594,54242,9257,99092,1121,537,584
54545,112699,13595,54250,9258,99104,1121,537,584
54550,112710,13595,54254,9258,99115,1121,537,584
54555,112717,13595,54259,9258,99122,1121,537,584
54560,112730,13596,54267,9259,99134,1121,537,584
54565,112741,13596,54273,9259,99145,1121,537,584
54570,112748,13596,54276,9259,99152,1121,537,584
54575,112761,13597,54282,9259,99164,1121,537,584
54580,112772,13597,54286,9259,99175,1121,537,584
54585,112779,13598,54290,9260,99181,1121,537,584
54590,112792,13599,54295,9261,99193,1122,538,584
54595,112803,13600,54299,9262,99203,1122,538,584
54600,112810,13601,54303,9262,99209,1122,538,584
54605,112823,13602,54306,9263,99221,1122,538,584
54610,112834,13604,54313,9264,99230,1122,538,584
54615,112841,13606,54315,9264,99235,1122,538,584
54620,112854,13608,54322,9265,99246,1122,538,584
54625,112865,13611,54326,9267,99253,1122,538,584
54630,112872,13614,54329,9268,99258,1122,538,584
54635,112885,13616,54336,9270,99269,1122,538,584
54640,112896,13617,54340,9271,99279,1122,538,584
54645,112903,13619,54342,9272,99284,1122,538,584
54650,112916,13621,54347,9274,99295,1122,538,584
54655,112927,13622,54351,9274,99305,1122,538,584
54660,112934,13624,54355,9276,99310,1122,538,584
54665,112947,13625,54359,9276,99322,1122,538,584
54670,112958,13626,54361,9276,99332,1122,538,584
54675,112965,13627,54367,9277,99338,1122,538,584
54680,112978,13628,54374,9277,99350,1122,538,584
54685,112989,13630,54381,9278,99359,1122,538,584
54690,112996,13631,54386,9279,99365,1122,538,584
54695,113009,13633,54394,9281,99376,1122,538,584
54700,113020,13634,54398,9281,99386,1122,538,584
54705,113027,13635,54402,9281,99392,1122,538,584
54710,113040,13638,54407,9283,99402,1123,538,585
54715,113051,13640,54411,9285,99411,1123,538,585
54720,113058,13641,54414,9286,99417,1123,538,585
54725,113071,13641,54420,9286,99430,1123,538,585
54730,113082,13641,54426,9286,99440,1123,538,585
54735,113089,13643,54429,9288,99446,1123,538,585
54740,113102,13643,54435,9288,99459,1123,538,585
54745,113113,13643,54440,9288,99470,1123,538,585
54750,113120,13643,54445,9288,99477,1123,538,585
54755,113133,13643,54447,9288,99490,1123,538,585
54760,113144,13643,54451,9288,99501,1123,538,585
54765,113151,13643,54455,9288,99508,1123,538,585
54770,113164,13643,54465,9288,99521,1123,538,585
54775,113175,13643,54468,9288,99532,1123,538,585
54780,113182,13643,54471,9288,99539,1123,538,585
54785,113195,13644,54476,9288,99551,1123,538,585
54790,113206,13644,54479,9288,99562,1123,538,585
54795,113213,13645,54483,9289,99568,1123,538,585
54800,113226,13647,54488,9291,99579,1123,538,585
54805,113237,13647,54494,9291,99590,1123,538,585
54810,113244,13648,54498,9292,99596,1123,538,585
54815,113257,13651,54504,9294,99606,1123,538,585
54820,113268,13651,54511,9294,99617,1123,538,585
54825,113275,13652,54515,9295,99623,1123,538,585
54830,113288,13654,54524,9297,99634,1123,538,585
54835,113299,13656,54532,9299,99643,1123,538,585
54840,113306,13657,54536,9300,99649,1123,538,585
54845,113319,13657,54540,9300,99662,1123,538,585
54850,113330,13659,54546,9301,99671,1123,538,585
54855,113337,13661,54550,9302,99676,1123,538,585
54860,113350,13661,54558,9302,99688,1123,538,585
54865,113361,13663,54563,9303,99697,1123,538,585
54870,113368,13666,54565,9305,99702,1123,538,585
54875,113381,13666,54570,9305,99715,1123,538,585
54880,113392,13668,54577,9306,99724,1123,538,585
54885,113399,13670,54582,9308,99729,1123,538,585
54890,113412,13670,54588,9308,99742,1123,538,585
54895,113423,13672,54595,9310,99750,1123,538,585
54900,113430,13675,54599,9312,99755,1123,538,585
54905,113443,13677,54605,9313,99766,1123,538,585
54910,113454,13679,54609,9314,99774,1123,538,585
54915,113461,13681,54613,9316,99780,1123,538,585
54920,113474,13682,54619,9316,99792,1123,538,585
54925,113485,13683,54624,9316,99801,1123,538,585
54930,113492,13685,54627,9318,99807,1123,538,585
54935,113505,13687,54631,9319,99818,1123,538,585
54940,113516,13688,54635,9319,99827,1123,538,585
54945,113523,13690,54638,9320,99833,1123,538,585
54950,113536,13693,54646,9322,99843,1123,538,585
54955,113547,13695,54653,9324,99851,1123,538,585
54960,113554,13697,54657,9326,99857,1123,538,585
54965,113567,13697,54659,9326,99870,1124,538,586
54970,113578,13698,54666,9326,99880,1124,538,586
54975,113585,13698,54667,9326,99887,1124,538,586
54980,113598,13698,54673,9326,99900,1125,539,586
54985,113609,13699,54681,9327,99910,1125,539,586
54990,113616,13699,54684,9327,99917,1125,539,586
54995,113629,13700,54692,9328,99929,1125,539,586
55000,113640,13701,54695,9328,99939,1125,539,586
55005,113647,13701,54699,9328,99946,1125,539,586
55010,113660,13701,54703,9328,99959,1125,539,586
55015,113671,13702,54706,9329,99969,1125,539,586
55020,113678,13702,54711,9329,99976,1125,539,586
55025,113691,13702,54719,9329,99989,1125,539,586
55030,113702,13703,54725,9329,99999,1125,539,586
55035,113709,13703,54731,9329,100006,1125,539,586
55040,113722,13703,54737,9329,100019,1125,539,586
55045,113733,13704,54741,9329,100029,1125,539,586
55050,113740,13704,54745,9329,100036,1125,539,586
55055,113753,13705,54749,9330,100048,1125,539,586
55060,113764,13706,54754,9331,100058,1125,539,586
55065,113771,13708,54758,9332,100063,1125,539,586
55070,113784,13709,54764,9333,100074,1125,539,586
55075,113795,13713,54772,9336,100082,1125,539,586
55080,113802,13715,54774,9336,100087,1125,539,586
55085,113815,13716,54778,9337,100099,1125,539,586
55090,113826,13716,54783,9337,100109,1125,539,586
55095,113833,13719,54787,9338,100114,1125,539,586
55100,113846,13720,54790,9339,100126,1125,539,586
55105,113857,13721,54797,9340,100135,1125,539,586
55110,113864,13724,54800,9341,100140,1125,539,586
55115,113877,13726,54805,9342,100151,1125,539,586
55120,113888,13727,54811,9343,100160,1125,539,586
55125,113895,13730,54816,9345,100165,1125,539,586
55130,113908,13732,54822,9347,100176,1126,539,587
55135,113919,13732,54828,9347,100187,1126,539,587
55140,113926,13734,54832,9349,100192,1126,539,587
55145,113939,13734,54839,9349,100205,1127,540,587
55150,113950,13735,54844,9349,100215,1127,540,587
55155,113957,13736,54849,9350,100221,1127,540,587
55160,113970,13736,54854,9350,100234,1128,540,588
55165,113981,13737,54859,9350,100244,1128,540,588
55170,113988,13738,54861,9350,100250,1128,540,588
55175,114001,13738,54867,9350,100263,1129,540,589
55180,114012,13739,54872,9351,100273,1129,540,589
55185,114019,13740,54873,9352,100279,1129,540,589
55190,114032,13740,54878,9352,100292,1130,540,590
55195,114043,13742,54884,9353,100301,1130,540,590
55200,114050,13743,54890,9354,100307,1130,540,590
55205,114063,13743,54897,9354,100320,1130,540,590
55210,114074,13745,54902,9356,100329,1130,540,590
55215,114081,13746,54904,9357,100335,1130,540,590
55220,114094,13746,54907,9357,100348,1130,540,590
55225,114105,13748,54910,9358,100357,1130,540,590
55230,114112,13749,54915,9359,100363,1130,540,590
55235,114125,13749,54919,9359,100376,1130,540,590
55240,114136,13750,54924,9359,100386,1130,540,590
55245,114143,13752,54928,9360,100391,1130,540,590
55250,114156,13755,54933,9362,100401,1131,541,590
55255,114167,13756,54938,9363,100410,1131,541,590
55260,114174,13759,54939,9365,100415,1131,541,590
55265,114187,13761,54945,9367,100426,1131,541,590
55270,114198,13762,54950,9368,100436,1131,541,590
55275,114205,13763,54954,9369,100442,1131,541,590
55280,114218,13763,54957,9369,100455,1131,541,590
55285,114229,13765,54964,9370,100464,1131,541,590
55290,114236,13766,54969,9371,100470,1131,541,590
55295,114249,13767,54974,9372,100482,1131,541,590
55300,114260,13768,54979,9373,100492,1131,541,590
55305,114267,13769,54984,9374,100498,1131,541,590
55310,114280,13770,54992,9375,100510,1131,541,590
55315,114291,13771,54995,9375,100520,1131,541,590
55320,114298,13772,54998,9376,100526,1131,541,590
55325,114311,13772,55002,9376,100539,1131,541,590
55330,114322,13772,55008,9376,100550,1131,541,590
55335,114329,13773,55013,9377,100556,1131,541,590
55340,114342,13773,55016,9377,100569,1131,541,590
55345,114353,13773,55019,9377,100580,1131,541,590
55350,114360,13774,55021,9377,100586,1131,541,590
55355,114373,13774,55030,9377,100599,1131,541,590
55360,114384,13775,55036,9378,100609,1131,541,590
55365,114391,13777,55038,9379,100614,1131,541,590
55370,114404,13778,55045,9380,100626,1131,541,590
55375,114415,13779,55053,9381,100636,1131,541,590
55380,114422,13781,55057,9382,100641,1131,541,590
55385,114435,13782,55064,9382,100653,1131,541,590
55390,114446,13784,55070,9383,100662,1131,541,590
55395,114453,13785,55072,9383,100668,1131,541,590
55400,114466,13786,55081,9384,100679,1131,541,590
55405,114477,13788,55085,9385,100689,1131,541,590
55410,114484,13789,55088,9386,100695,1131,541,590
55415,114497,13790,55094,9387,100707,1131,541,590
55420,114508,13792,55100,9389,100716,1131,541,590
55425,114515,13793,55102,9390,100722,1131,541,590
55430,114528,13796,55111,9392,100731,1132,541,591
55435,114539,13799,55115,9394,100740,1132,541,591
55440,114546,13800,55118,9394,100746,1132,541,591
55445,114559,13801,55120,9394,100758,1132,541,591
55450,114570,13802,55127,9395,100767,1132,541,591
55455,114577,13804,55130,9397,100773,1132,541,591
55460,114590,13806,55138,9399,100784,1132,541,591
55465,114601,13806,55145,9399,100794,1132,541,591
55470,114608,13808,55149,9400,100800,1132,541,591
55475,114621,13809,55153,9400,100812,1132,541,591
55480,114632,13809,55161,9400,100822,1132,541,591
55485,114639,13811,55164,9401,100828,1132,541,591
55490,114652,13814,55169,9403,100838,1132,541,591
55495,114663,13815,55176,9404,100848,1132,541,591
55500,114670,13817,55179,9405,100853,1132,541,591
55505,114683,13818,55187,9406,100865,1132,541,591
55510,114694,13818,55191,9406,100876,1132,541,591
55515,114701,13819,55196,9407,100882,1132,541,591
55520,114714,13820,55201,9407,100894,1132,541,591
55525,114725,13821,55204,9408,100904,1132,541,591
55530,114732,13822,55208,9409,100910,1132,541,591
55535,114745,13824,55215,9410,100921,1132,541,591
55540,114756,13825,55221,9411,100931,1132,541,591
55545,114763,13826,55225,9411,100937,1132,541,591
55550,114776,13828,55232,9412,100948,1133,542,591
55555,114787,13830,55237,9413,100957,1133,542,591
55560,114794,13831,55241,9414,100963,1133,542,591
55565,114807,13831,55250,9414,100976,1134,542,592
55570,114818,13831,55254,9414,100987,1134,542,592
55575,114825,13832,55257,9415,100993,1134,542,592
55580,114838,13832,55262,9415,101006,1135,542,593
55585,114849,13832,55269,9415,101017,1135,542,593
55590,114856,13833,55270,9415,101023,1135,542,593
55595,114869,13833,55277,9415,101036,1135,542,593
55600,114880,13833,55282,9415,101047,1135,542,593
55605,114887,13834,55285,9415,101053,1135,542,593
55610,114900,13834,55292,9415,101066,1135,542,593
55615,114911,13835,55296,9416,101076,1135,542,593
55620,114918,13837,55299,9418,101081,1135,542,593
55625,114931,13837,55309,9418,101094,1135,542,593
55630,114942,13837,55316,9418,101105,1135,542,593
55635,114949,13839,55318,9418,101110,1135,542,593
55640,114962,13839,55326,9418,101123,1135,542,593
55645,114973,13839,55330,9418,101134,1135,542,593
55650,114980,13841,55332,9419,101139,1135,542,593
55655,114993,13841,55337,9419,101152,1135,542,593
55660,115004,13841,55341,9419,101163,1135,542,593
55665,115011,13843,55344,9420,101168,1135,542,593
55670,115024,13844,55352,9421,101179,1135,542,593
55675,115035,13847,55359,9423,101188,1135,542,593
55680,115042,13849,55362,9423,101193,1135,542,593
55685,115055,13851,55367,9424,101203,1135,542,593
55690,115066,13853,55371,9426,101212,1135,542,593
55695,115073,13855,55375,9428,101218,1135,542,593
55700,115086,13857,55380,9430,101229,1135,542,593
55705,115097,13860,55385,9432,101237,1135,542,593
55710,115104,13861,55389,9432,101243,1135,542,593
55715,115117,13863,55394,9434,101254,1135,542,593
55720,115128,13865,55401,9436,101262,1135,542,593
55725,115135,13867,55403,9438,101268,1135,542,593
55730,115148,13868,55410,9439,101280,1135,542,593
55735,115159,13869,55414,9439,101289,1135,542,593
55740,115166,13871,55417,9440,101295,1135,542,593
55745,115179,13872,55427,9441,101306,1135,542,593
55750,115190,13874,55432,9442,101315,1135,542,593
55755,115197,13876,55433,9443,101321,1135,542,593
55760,115210,13878,55444,9445,101331,1135,542,593
55765,115221,13880,55448,9447,101341,1135,542,593
55770,115228,13881,55453,9447,101347,1135,542,593
55775,115241,13883,55459,9448,101357,1135,542,593
55780,115252,13885,55464,9450,101367,1135,542,593
55785,115259,13886,55465,9451,101373,1135,542,593
55790,115272,13889,55473,9454,101383,1136,543,593
55795,115283,13890,55474,9454,101393,1136,543,593
55800,115290,13892,55478,9455,101398,1136,543,593
55805,115303,13892,55486,9455,101411,1137,543,594
55810,115314,13892,55489,9455,101422,1137,543,594
55815,115321,13893,55491,9455,101428,1137,543,594
55820,115334,13893,55498,9455,101441,1138,543,595
55825,115345,13894,55502,9456,101451,1138,543,595
55830,115352,13895,55506,9457,101457,1138,543,595
55835,115365,13895,55511,9457,101470,1139,543,596
55840,115376,13895,55514,9457,101481,1139,543,596
55845,115383,13896,55517,9458,101487,1139,543,596
55850,115396,13896,55525,9458,101500,1140,543,597
55855,115407,13896,55529,9458,101511,1140,543,597
55860,115414,13897,55532,9458,101517,1140,543,597
55865,115427,13897,55537,9458,101530,1141,544,597
55870,115438,13898,55544,9459,101540,1141,544,597
55875,115445,13899,55549,9459,101546,1141,544,597
55880,115458,13899,55555,9459,101559,1142,544,598
55885,115469,13900,55559,9460,101569,1142,544,598
55890,115476,13901,55563,9461,101575,1142,544,598
55895,115489,13901,55570,9461,101588,1143,545,598
55900,115500,13901,55575,9461,101599,1143,545,598
55905,115507,13902,55579,9462,101605,1143,545,598
55910,115520,13904,55587,9464,101615,1144,546,598
55915,115531,13908,55592,9468,101623,1144,546,598
55920,115538,13910,55596,9469,101628,1144,546,598
55925,115551,13912,55600,9470,101639,1144,546,598
55930,115562,13913,55603,9471,101648,1144,546,598
55935,115569,13915,55606,9472,101654,1144,546,598
55940,115582,13917,55614,9473,101665,1144,546,598
55945,115593,13918,55620,9473,101674,1144,546,598
55950,115600,13920,55623,9474,101680,1144,546,598
55955,115613,13922,55629,9475,101690,1144,546,598
55960,115624,13924,55634,9477,101700,1144,546,598
55965,115631,13925,55639,9478,101706,1144,546,598
55970,115644,13927,55646,9479,101717,1144,546,598
55975,115655,13928,55652,9480,101726,1144,546,598
55980,115662,13930,55656,9481,101732,1144,546,598
55985,115675,13932,55664,9483,101742,1144,546,598
55990,115686,13935,55668,9485,101750,1144,546,598
55995,115693,13937,55672,9486,101756,1144,546,598
56000,115706,13940,55679,9489,101765,1144,546,598
56005,115717,13942,55682,9490,101774,1144,546,598
56010,115724,13944,55685,9491,101780,1144,546,598
56015,115737,13945,55691,9492,101792,1144,546,598
56020,115748,13946,55695,9492,101802,1144,546,598
56025,115755,13947,55699,9493,101808,1144,546,598
56030,115768,13950,55706,9496,101817,1145,546,599
56035,115779,13952,55711,9498,101826,1145,546,599
56040,115786,13955,55713,9501,101831,1145,546,599
56045,115799,13956,55718,9502,101843,1146,546,600
56050,115810,13956,55722,9502,101854,1146,546,600
56055,115817,13957,55726,9502,101860,1146,546,600
56060,115830,13958,55734,9503,101872,1147,547,600
56065,115841,13958,55741,9503,101883,1147,547,600
56070,115848,13959,55744,9503,101889,1147,547,600
56075,115861,13960,55750,9504,101901,1148,548,600
56080,115872,13961,55755,9505,101911,1148,548,600
56085,115879,13962,55758,9505,101917,1148,548,600
56090,115892,13962,55763,9505,101930,1149,548,601
56095,115903,13963,55771,9506,101940,1149,548,601
56100,115910,13964,55775,9506,101946,1149,548,601
56105,115923,13964,55781,9506,101959,1149,548,601
56110,115934,13964,55786,9506,101970,1149,548,601
56115,115941,13965,55789,9506,101976,1149,548,601
56120,115954,13965,55796,9506,101989,1149,548,601
56125,115965,13966,55803,9507,101999,1149,548,601
56130,115972,13967,55808,9508,102005,1149,548,601
56135,115985,13967,55814,9508,102018,1149,548,601
56140,115996,13968,55823,9509,102028,1149,548,601
56145,116003,13970,55824,9509,102033,1149,548,601
56150,116016,13972,55831,9511,102044,1149,548,601
56155,116027,13974,55834,9512,102053,1149,548,601
56160,116034,13976,55836,9512,102058,1149,548,601
56165,116047,13979,55841,9514,102068,1149,548,601
56170,116058,13980,55849,9515,102078,1149,548,601
56175,116065,13981,55854,9516,102084,1149,548,601
56180,116078,13984,55864,9519,102093,1149,548,601
56185,116089,13986,55869,9520,102102,1149,548,601
56190,116096,13988,55874,9522,102108,1149,548,601
56195,116109,13990,55882,9524,102118,1150,549,601
56200,116120,13993,55886,9527,102126,1150,549,601
56205,116127,13995,55890,9528,102132,1150,549,601
56210,116140,13997,55899,9530,102142,1151,550,601
56215,116151,14000,55903,9532,102150,1151,550,601
56220,116158,14002,55906,9533,102156,1151,550,601
56225,116171,14004,55911,9534,102167,1151,550,601
56230,116182,14004,55917,9534,102178,1151,550,601
56235,116189,14004,55921,9534,102185,1151,550,601
56240,116202,14005,55927,9534,102197,1151,550,601
56245,116213,14005,55933,9534,102208,1151,550,601
56250,116220,14005,55938,9534,102215,1151,550,601
56255,116233,14006,55946,9535,102227,1151,550,601
56260,116244,14006,55951,9535,102238,1151,550,601
56265,116251,14007,55955,9535,102244,1151,550,601
56270,116264,14008,55963,9536,102255,1151,550,601
56275,116275,14010,55969,9538,102265,1151,550,601
56280,116282,14011,55970,9538,102271,1151,550,601
56285,116295,14012,55975,9538,102282,1151,550,601
56290,116306,14014,55983,9540,102292,1151,550,601
56295,116313,14016,55987,9542,102297,1151,550,601
56300,116326,14017,55993,9543,102309,1151,550,601
56305,116337,14018,55999,9544,102318,1151,550,601
56310,116344,14021,56002,9546,102323,1151,550,601
56315,116357,14022,56006,9546,102334,1151,550,601
56320,116368,14023,56011,9547,102345,1151,550,601
56325,116375,14025,56016,9549,102350,1151,550,601
56330,116388,14026,56020,9549,102361,1151,550,601
56335,116399,14029,56027,9552,102370,1151,550,601
56340,116406,14031,56032,9553,102375,1151,550,601
56345,116419,14031,56037,9553,102388,1152,550,602
56350,116430,14033,56044,9554,102397,1152,550,602
56355,116437,14034,56046,9554,102403,1152,550,602
56360,116450,14034,56052,9554,102416,1152,550,602
56365,116461,14036,56060,9556,102425,1152,550,602
56370,116468,14037,56064,9556,102431,1152,550,602
56375,116481,14037,56068,9556,102444,1152,550,602
56380,116492,14038,56073,9556,102454,1152,550,602
56385,116499,14039,56075,9556,102460,1152,550,602
56390,116512,14039,56083,9556,102473,1152,550,602
56395,116523,14041,56089,9558,102482,1152,550,602
56400,116530,14042,56091,9558,102488,1152,550,602
56405,116543,14044,56098,9560,102499,1152,550,602
56410,116554,14045,56104,9561,102509,1152,550,602
56415,116561,14045,56107,9561,102516,1152,550,602
56420,116574,14046,56114,9562,102528,1152,550,602
56425,116585,14047,56117,9562,102538,1152,550,602
56430,116592,14047,56120,9562,102545,1152,550,602
56435,116605,14047,56126,9562,102558,1152,550,602
56440,116616,14048,56131,9563,102568,1152,550,602
56445,116623,14048,56134,9563,102575,1152,550,602
56450,116636,14049,56141,9564,102586,1152,550,602
56455,116647,14051,56145,9565,102596,1152,550,602
56460,116654,14052,56149,9565,102602,1152,550,602
56465,116667,14052,56156,9565,102615,1152,550,602
56470,116678,14054,56159,9566,102624,1152,550,602
56475,116685,14055,56163,9567,102630,1152,550,602
56480,116698,14055,56170,9567,102643,1152,550,602
56485,116709,14057,56175,9569,102652,1152,550,602
56490,116716,14058,56176,9570,102658,1152,550,602
56495,116729,14058,56180,9570,102671,1152,550,602
56500,116740,14060,56185,9571,102680,1152,550,602
56505,116747,14061,56186,9571,102686,1152,550,602
56510,116760,14062,56194,9572,102698,1152,550,602
56515,116771,14064,56199,9574,102707,1152,550,602
56520,116778,14066,56201,9575,102712,1152,550,602
56525,116791,14067,56207,9575,102724,1152,550,602
56530,116802,14069,56212,9576,102732,1152,550,602
56535,116809,14071,56215,9578,102738,1152,550,602
56540,116822,14072,56222,9578,102750,1152,550,602
56545,116833,14073,56226,9578,102759,1152,550,602
56550,116840,14075,56229,9579,102765,1152,550,602
56555,116853,14076,56234,9579,102777,1152,550,602
56560,116864,14078,56238,9581,102786,1152,550,602
56565,116871,14079,56242,9582,102792,1152,550,602
56570,116884,14080,56247,9582,102804,1153,550,603
56575,116895,14082,56250,9583,102813,1153,550,603
56580,116902,14083,56256,9584,102819,1153,550,603
56585,116915,14085,56264,9585,102830,1154,550,604
56590,116926,14085,56267,9585,102841,1154,550,604
56595,116933,14086,56271,9585,102847,1154,550,604
56600,116946,14088,56278,9587,102858,1155,550,605
56605,116957,14088,56282,9587,102869,1155,550,605
56610,116964,14089,56283,9587,102875,1155,550,605
56615,116977,14090,56290,9587,102887,1156,550,606
56620,116988,14090,56294,9587,102897,1156,550,606
56625,116995,14092,56296,9589,102903,1156,550,606
56630,117008,14094,56304,9590,102914,1157,551,606
56635,117019,14094,56308,9590,102924,1157,551,606
56640,117026,14096,56311,9591,102930,1157,551,606
56645,117039,14098,56317,9593,102941,1157,551,606
56650,117050,14098,56322,9593,102952,1157,551,606
56655,117057,14098,56328,9593,102959,1157,551,606
56660,117070,14099,56331,9593,102971,1157,551,606
56665,117081,14099,56339,9593,102982,1157,551,606
56670,117088,14099,56341,9593,102989,1157,551,606
56675,117101,14100,56347,9594,103001,1157,551,606
56680,117112,14100,56353,9594,103012,1157,551,606
56685,117119,14101,56357,9594,103018,1157,551,606
56690,117132,14103,56363,9595,103029,1157,551,606
56695,117143,14104,56369,9596,103039,1157,551,606
56700,117150,14105,56372,9596,103045,1157,551,606
56705,117163,14107,56380,9598,103055,1157,551,606
56710,117174,14109,56386,9599,103064,1157,551,606
56715,117181,14112,56390,9601,103069,1157,551,606
56720,117194,14112,56397,9601,103081,1157,551,606
56725,117205,14115,56405,9604,103090,1157,551,606
56730,117212,14117,56407,9604,103095,1157,551,606
56735,117225,14118,56413,9605,103106,1157,551,606
56740,117236,14121,56418,9607,103115,1157,551,606
56745,117243,14123,56421,9609,103120,1157,551,606
56750,117256,14123,56425,9609,103132,1157,551,606
56755,117267,14125,56430,9611,103142,1157,551,606
56760,117274,14127,56434,9611,103147,1157,551,606
56765,117287,14128,56442,9612,103159,1158,551,607
56770,117298,14130,56448,9613,103168,1158,551,607
56775,117305,14131,56452,9613,103174,1158,551,607
56780,117318,14132,56455,9613,103186,1159,551,608
56785,117329,14133,56460,9613,103196,1159,551,608
56790,117336,14134,56463,9614,103202,1159,551,608
56795,117349,14135,56469,9615,103214,1160,552,608
56800,117360,14136,56476,9615,103224,1160,552,608
56805,117367,14137,56479,9615,103230,1160,552,608
56810,117380,14139,56486,9617,103241,1161,553,608
56815,117391,14141,56492,9619,103250,1161,553,608
56820,117398,14142,56495,9620,103256,1161,553,608
56825,117411,14143,56502,9621,103267,1161,553,608
56830,117422,14146,56509,9624,103276,1161,553,608
56835,117429,14148,56513,9626,103281,1161,553,608
56840,117442,14149,56522,9627,103292,1161,553,608
56845,117453,14152,56529,9629,103301,1161,553,608
56850,117460,14154,56531,9630,103306,1161,553,608
56855,117473,14155,56536,9630,103317,1161,553,608
56860,117484,14157,56541,9632,103327,1161,553,608
56865,117491,14159,56544,9633,103332,1161,553,608
56870,117504,14160,56549,9633,103344,1161,553,608
56875,117515,14162,56553,9634,103352,1161,553,608
56880,117522,14165,56557,9637,103357,1161,553,608
56885,117535,14166,56565,9637,103369,1161,553,608
56890,117546,14167,56569,9637,103379,1161,553,608
56895,117553,14167,56573,9637,103386,1161,553,608
56900,117566,14169,56580,9638,103397,1161,553,608
56905,117577,14170,56586,9639,103407,1161,553,608
56910,117584,14170,56588,9639,103414,1161,553,608
56915,117597,14171,56594,9639,103426,1161,553,608
56920,117608,14172,56600,9639,103436,1161,553,608
56925,117615,14172,56605,9639,103443,1161,553,608
56930,117628,14174,56610,9640,103454,1162,553,609
56935,117639,14175,56616,9641,103464,1162,553,609
56940,117646,14175,56618,9641,103471,1162,553,609
56945,117659,14177,56625,9643,103482,1163,554,609
56950,117670,14177,56630,9643,103493,1163,554,609
56955,117677,14177,56632,9643,103500,1163,554,609
56960,117690,14180,56641,9646,103510,1164,554,610
56965,117701,14180,56645,9646,103521,1164,554,610
56970,117708,14180,56650,9646,103528,1164,554,610
56975,117721,14182,56657,9647,103539,1164,554,610
56980,117732,14182,56662,9647,103550,1164,554,610
56985,117739,14184,56666,9648,103555,1164,554,610
56990,117752,14185,56672,9648,103567,1164,554,610
56995,117763,14185,56676,9648,103578,1164,554,610
57000,117770,14187,56679,9649,103583,1164,554,610
57005,117783,14188,56684,9650,103595,1164,554,610
57010,117794,14189,56686,9651,103605,1164,554,610
57015,117801,14191,56688,9653,103610,1164,554,610
57020,117814,14191,56691,9653,103623,1164,554,610
57025,117825,14192,56696,9654,103633,1164,554,610
57030,117832,14194,56699,9654,103638,1164,554,610
57035,117845,14194,56704,9654,103651,1164,554,610
57040,117856,14195,56710,9655,103660,1164,554,610
57045,117863,14198,56713,9656,103665,1164,554,610
57050,117876,14198,56718,9656,103677,1164,554,610
57055,117887,14200,56725,9658,103686,1164,554,610
57060,117894,14203,56729,9660,103691,1164,554,610
57065,117907,14204,56735,9661,103703,1164,554,610
57070,117918,14205,56738,9661,103713,1164,554,610
57075,117925,14206,56740,9661,103719,1164,554,610
57080,117938,14207,56747,9662,103731,1165,555,610
57085,117949,14208,56755,9663,103741,1165,555,610
57090,117956,14209,56757,9664,103747,1165,555,610
57095,117969,14211,56765,9666,103758,1166,556,610
57100,117980,14212,56772,9667,103768,1166,556,610
57105,117987,14213,56775,9667,103774,1166,556,610
57110,118000,14215,56779,9669,103785,1167,556,611
57115,118011,14216,56782,9669,103795,1167,556,611
57120,118018,14217,56785,9669,103801,1167,556,611
57125,118031,14218,56790,9669,103813,1167,556,611
57130,118042,14219,56792,9669,103823,1167,556,611
57135,118049,14220,56798,9669,103829,1167,556,611
57140,118062,14222,56808,9671,103840,1167,556,611
57145,118073,14223,56812,9672,103850,1167,556,611
57150,118080,14224,56814,9672,103856,1167,556,611
57155,118093,14226,56818,9674,103867,1167,556,611
57160,118104,14228,56825,9676,103876,1167,556,611
57165,118111,14230,56828,9677,103881,1167,556,611
57170,118124,14231,56834,9677,103892,1168,556,612
57175,118135,14233,56838,9679,103902,1168,556,612
57180,118142,14235,56841,9679,103907,1168,556,612
57185,118155,14237,56849,9680,103917,1169,557,612
57190,118166,14240,56856,9682,103925,1169,557,612
57195,118173,14242,56860,9684,103931,1169,557,612
57200,118186,14244,56868,9686,103941,1170,558,612
57205,118197,14247,56873,9689,103950,1170,558,612
57210,118204,14248,56877,9690,103956,1170,558,612
57215,118217,14250,56882,9692,103967,1171,559,612
57220,118228,14252,56890,9694,103976,1171,559,612
57225,118235,14253,56892,9694,103982,1171,559,612
57230,118248,14256,56899,9697,103992,1172,559,613
57235,118259,14259,56905,9699,103999,1172,559,613
57240,118266,14261,56909,9701,104005,1172,559,613
57245,118279,14262,56914,9702,104017,1172,559,613
57250,118290,14262,56918,9702,104028,1172,559,613
57255,118297,14262,56922,9702,104035,1172,559,613
57260,118310,14263,56925,9702,104047,1172,559,613
57265,118321,14264,56931,9703,104057,1172,559,613
57270,118328,14264,56936,9703,104064,1172,559,613
57275,118341,14265,56942,9703,104076,1172,559,613
57280,118352,14266,56948,9704,104086,1172,559,613
57285,118359,14267,56953,9705,104092,1172,559,613
57290,118372,14268,56959,9706,104104,1172,559,613
57295,118383,14270,56966,9708,104113,1172,559,613
57300,118390,14271,56968,9708,104119,1172,559,613
57305,118403,14272,56976,9709,104131,1172,559,613
57310,118414,14272,56981,9709,104142,1172,559,613
57315,118421,14273,56984,9710,104148,1172,559,613
57320,118434,14274,56989,9710,104160,1172,559,613
57325,118445,14276,56993,9712,104169,1172,559,613
57330,118452,14277,56996,9712,104175,1172,559,613
57335,118465,14278,57004,9712,104187,1172,559,613
57340,118476,14278,57008,9712,104198,1172,559,613
57345,118483,14279,57014,9713,104204,1172,559,613
57350,118496,14281,57022,9714,104215,1173,559,614
57355,118507,14282,57029,9715,104225,1173,559,614
57360,118514,14284,57033,9716,104230,1173,559,614
57365,118527,14286,57041,9718,104240,1173,559,614
57370,118538,14288,57045,9719,104250,1173,559,614
57375,118545,14290,57050,9720,104255,1173,559,614
57380,118558,14290,57055,9720,104268,1173,559,614
57385,118569,14291,57061,9720,104278,1173,559,614
57390,118576,14293,57067,9722,104283,1173,559,614
57395,118589,14294,57076,9723,104294,1173,559,614
57400,118600,14296,57083,9724,104303,1173,559,614
57405,118607,14299,57088,9727,104308,1173,559,614
57410,118620,14299,57095,9727,104320,1173,559,614
57415,118631,14301,57101,9728,104329,1173,559,614
57420,118638,14304,57104,9729,104334,1173,559,614
57425,118651,14305,57110,9730,104346,1173,559,614
57430,118662,14306,57117,9731,104356,1173,559,614
57435,118669,14308,57121,9732,104361,1173,559,614
57440,118682,14310,57126,9734,104372,1173,559,614
57445,118693,14311,57132,9735,104382,1173,559,614
57450,118700,14313,57134,9735,104387,1173,559,614
57455,118713,14314,57142,9736,104399,1173,559,614
57460,118724,14315,57147,9736,104409,1173,559,614
57465,118731,14317,57150,9736,104414,1173,559,614
57470,118744,14319,57155,9737,104425,1173,559,614
57475,118755,14320,57159,9737,104435,1173,559,614
57480,118762,14322,57163,9738,104440,1173,559,614
57485,118775,14323,57173,9739,104452,1174,560,614
57490,118786,14325,57179,9741,104460,1174,560,614
57495,118793,14327,57184,9743,104466,1174,560,614
57500,118806,14327,57192,9743,104479,1174,560,614
57505,118817,14329,57195,9745,104488,1174,560,614
57510,118824,14330,57200,9746,104494,1174,560,614
57515,118837,14330,57207,9746,104507,1174,560,614
57520,118848,14331,57214,9747,104516,1174,560,614
57525,118855,14333,57218,9749,104522,1174,560,614
57530,118868,14333,57223,9749,104535,1174,560,614
57535,118879,14335,57225,9750,104544,1174,560,614
57540,118886,14336,57231,9751,104550,1174,560,614
57545,118899,14336,57238,9751,104563,1175,561,614
57550,118910,14336,57245,9751,104573,1175,561,614
57555,118917,14338,57251,9752,104579,1175,561,614
57560,118930,14338,57259,9752,104592,1175,561,614
57565,118941,14338,57265,9752,104603,1175,561,614
57570,118948,14339,57269,9752,104609,1175,561,614
57575,118961,14339,57279,9752,104622,1175,561,614
57580,118972,14339,57284,9752,104632,1175,561,614
57585,118979,14341,57288,9754,104638,1175,561,614
57590,118992,14342,57296,9755,104650,1175,561,614
57595,119003,14343,57302,9756,104659,1175,561,614
57600,119010,14345,57305,9757,104665,1175,561,614
57605,119023,14346,57311,9758,104677,1175,561,614
57610,119034,14346,57317,9758,104688,1175,561,614
57615,119041,14346,57320,9758,104695,1175,561,614
57620,119054,14347,57324,9758,104707,1175,561,614
57625,119065,14347,57330,9758,104718,1175,561,614
57630,119072,14347,57335,9758,104725,1175,561,614
57635,119085,14348,57340,9758,104737,1175,561,614
57640,119096,14348,57345,9758,104748,1175,561,614
57645,119103,14349,57347,9758,104754,1175,561,614
57650,119116,14350,57352,9758,104765,1175,561,614
57655,119127,14352,57357,9759,104775,1175,561,614
57660,119134,14353,57360,9759,104781,1175,561,614
57665,119147,14355,57369,9760,104792,1176,562,614
57670,119158,14357,57374,9761,104801,1176,562,614
57675,119165,14359,57374,9761,104806,1176,562,614
57680,119178,14360,57379,9761,104818,1177,563,614
57685,119189,14362,57385,9763,104826,1177,563,614
57690,119196,14365,57390,9765,104831,1177,563,614
57695,119209,14367,57398,9767,104842,1178,563,615
57700,119220,14368,57405,9767,104851,1178,563,615
57705,119227,14371,57407,9770,104856,1178,563,615
57710,119240,14373,57414,9771,104867,1179,564,615
57715,119251,14376,57418,9773,104875,1179,564,615
57720,119258,14378,57422,9775,104880,1179,564,615
57725,119271,14378,57427,9775,104893,1179,564,615
57730,119282,14379,57431,9775,104903,1179,564,615
57735,119289,14380,57433,9776,104909,1179,564,615
57740,119302,14380,57438,9776,104922,1180,564,616
57745,119313,14381,57443,9777,104932,1180,564,616
57750,119320,14382,57447,9778,104938,1180,564,616
57755,119333,14382,57452,9778,104951,1181,565,616
57760,119344,14384,57456,9779,104960,1181,565,616
57765,119351,14385,57459,9779,104966,1181,565,616
57770,119364,14387,57465,9781,104977,1182,566,616
57775,119375,14388,57470,9781,104987,1182,566,616
57780,119382,14389,57473,9781,104993,1182,566,616
57785,119395,14389,57480,9781,105006,1182,566,616
57790,119406,14389,57481,9781,105017,1182,566,616
57795,119413,14390,57486,9782,105023,1182,566,616
57800,119426,14390,57492,9782,105036,1182,566,616
57805,119437,14391,57498,9783,105046,1182,566,616
57810,119444,14392,57501,9783,105052,1182,566,616
57815,119457,14392,57507,9783,105065,1182,566,616
57820,119468,14392,57517,9783,105076,1182,566,616
57825,119475,14393,57520,9783,105082,1182,566,616
57830,119488,14395,57525,9784,105093,1182,566,616
57835,119499,14396,57531,9785,105103,1182,566,616
57840,119506,14398,57535,9786,105108,1182,566,616
57845,119519,14399,57542,9786,105120,1182,566,616
57850,119530,14400,57546,9787,105130,1182,566,616
57855,119537,14401,57549,9787,105136,1182,566,616
57860,119550,14403,57556,9788,105147,1182,566,616
57865,119561,14404,57561,9788,105157,1182,566,616
57870,119568,14405,57564,9788,105163,1182,566,616
57875,119581,14406,57571,9788,105175,1182,566,616
57880,119592,14407,57573,9789,105185,1182,566,616
57885,119599,14408,57575,9789,105191,1182,566,616
57890,119612,14410,57579,9791,105202,1183,566,617
57895,119623,14412,57584,9792,105211,1183,566,617
57900,119630,14413,57586,9792,105217,1183,566,617
57905,119643,14416,57589,9794,105227,1184,566,618
57910,119654,14416,57593,9794,105238,1184,566,618
57915,119661,14417,57595,9795,105244,1184,566,618
57920,119674,14419,57602,9796,105255,1184,566,618
57925,119685,14419,57606,9796,105266,1184,566,618
57930,119692,14420,57611,9797,105272,1184,566,618
57935,119705,14421,57620,9798,105284,1184,566,618
57940,119716,14421,57624,9798,105295,1184,566,618
57945,119723,14423,57627,9799,105300,1184,566,618
57950,119736,14425,57631,9800,105311,1184,566,618
57955,119747,14426,57636,9801,105320,1184,566,618
57960,119754,14429,57640,9803,105325,1184,566,618
57965,119767,14430,57649,9804,105337,1184,566,618
57970,119778,14430,57654,9804,105348,1184,566,618
57975,119785,14431,57656,9804,105354,1184,566,618
57980,119798,14432,57660,9805,105366,1184,566,618
57985,119809,14433,57667,9806,105376,1184,566,618
57990,119816,14434,57670,9806,105382,1184,566,618
57995,119829,14435,57676,9807,105394,1184,566,618
58000,119840,14436,57684,9808,105404,1184,566,618
58005,119847,14437,57686,9809,105410,1184,566,618
58010,119860,14438,57694,9810,105422,1185,567,618
58015,119871,14439,57699,9811,105432,1185,567,618
58020,119878,14440,57701,9811,105438,1185,567,618
58025,119891,14440,57705,9811,105451,1185,567,618
58030,119902,14441,57711,9812,105461,1185,567,618
58035,119909,14441,57713,9812,105468,1185,567,618
58040,119922,14441,57717,9812,105481,1185,567,618
58045,119933,14442,57724,9813,105491,1185,567,618
58050,119940,14442,57728,9813,105498,1185,567,618
58055,119953,14442,57734,9813,105511,1185,567,618
58060,119964,14443,57737,9814,105521,1185,567,618
58065,119971,14444,57743,9815,105527,1185,567,618
58070,119984,14444,57751,9815,105540,1185,567,618
58075,119995,14447,57756,9817,105548,1185,567,618
58080,120002,14448,57759,9817,105554,1185,567,618
58085,120015,14449,57767,9818,105566,1185,567,618
58090,120026,14451,57772,9819,105575,1185,567,618
58095,120033,14453,57776,9820,105580,1185,567,618
58100,120046,14454,57785,9821,105592,1185,567,618
58105,120057,14456,57790,9822,105601,1185,567,618
58110,120064,14458,57796,9823,105606,1185,567,618
58115,120077,14458,57805,9823,105619,1185,567,618
58120,120088,14460,57811,9825,105628,1185,567,618
58125,120095,14462,57814,9826,105633,1185,567,618
58130,120108,14465,57819,9828,105643,1186,568,618
58135,120119,14466,57823,9829,105653,1186,568,618
58140,120126,14468,57827,9831,105658,1186,568,618
58145,120139,14470,57831,9832,105669,1186,568,618
58150,120150,14470,57836,9832,105679,1186,568,618
58155,120157,14472,57838,9833,105685,1186,568,618
58160,120170,14474,57844,9835,105696,1186,568,618
58165,120181,14475,57849,9836,105706,1186,568,618
58170,120188,14476,57851,9836,105712,1186,568,618
58175,120201,14479,57855,9838,105722,1186,568,618
58180,120212,14480,57864,9839,105731,1186,568,618
58185,120219,14482,57868,9840,105737,1186,568,618
58190,120232,14484,57873,9842,105748,1186,568,618
58195,120243,14484,57876,9842,105759,1186,568,618
58200,120250,14485,57879,9842,105765,1186,568,618
58205,120263,14485,57884,9842,105778,1186,568,618
58210,120274,14485,57891,9842,105789,1186,568,618
58215,120281,14485,57894,9842,105796,1186,568,618
58220,120294,14485,57904,9842,105809,1186,568,618
58225,120305,14485,57906,9842,105820,1186,568,618
58230,120312,14485,57910,9842,105827,1186,568,618
58235,120325,14485,57913,9842,105840,1186,568,618
58240,120336,14485,57919,9842,105851,1186,568,618
58245,120343,14485,57924,9842,105858,1186,568,618
58250,120356,14485,57929,9842,105871,1187,568,619
58255,120367,14487,57934,9843,105880,1187,568,619
58260,120374,14488,57936,9843,105886,1187,568,619
58265,120387,14488,57941,9843,105899,1187,568,619
58270,120398,14490,57946,9845,105908,1187,568,619
58275,120405,14491,57949,9846,105914,1187,568,619
58280,120418,14491,57951,9846,105927,1187,568,619
58285,120429,14493,57959,9847,105936,1187,568,619
58290,120436,14494,57964,9847,105942,1187,568,619
58295,120449,14494,57969,9847,105955,1187,568,619
58300,120460,14495,57974,9847,105965,1187,568,619
58305,120467,14496,57977,9847,105971,1187,568,619
58310,120480,14498,57986,9849,105981,1187,568,619
58315,120491,14500,57990,9851,105991,1187,568,619
58320,120498,14501,57996,9852,105997,1187,568,619
58325,120511,14503,58005,9854,106007,1187,568,619
58330,120522,14505,58010,9856,106017,1187,568,619
58335,120529,14506,58012,9856,106023,1187,568,619
58340,120542,14507,58017,9857,106035,1187,568,619
58345,120553,14508,58019,9857,106045,1187,568,619
58350,120560,14509,58024,9858,106051,1187,568,619
58355,120573,14511,58031,9859,106062,1187,568,619
58360,120584,14512,58037,9860,106072,1187,568,619
58365,120591,14513,58041,9860,106078,1187,568,619
58370,120604,14517,58047,9863,106087,1188,569,619
58375,120615,14518,58050,9864,106097,1188,569,619
58380,120622,14519,58053,9864,106103,1188,569,619
58385,120635,14521,58058,9866,106114,1188,569,619
58390,120646,14522,58061,9866,106124,1188,569,619
58395,120653,14523,58062,9866,106130,1188,569,619
58400,120666,14526,58069,9868,106140,1189,570,619
58405,120677,14527,58071,9868,106149,1189,570,619
58410,120684,14529,58072,9869,106155,1189,570,619
58415,120697,14530,58078,9869,106167,1190,570,620
58420,120708,14531,58083,9869,106176,1190,570,620
58425,120715,14534,58086,9870,106181,1190,570,620
58430,120728,14536,58092,9871,106192,1191,571,620
58435,120739,14537,58094,9871,106202,1191,571,620
58440,120746,14539,58097,9872,106207,1191,571,620
58445,120759,14540,58103,9873,106219,1191,571,620
58450,120770,14542,58108,9875,106228,1191,571,620
58455,120777,14544,58111,9876,106233,1191,571,620
58460,120790,14545,58118,9877,106245,1191,571,620
58465,120801,14547,58122,9878,106254,1191,571,620
58470,120808,14549,58124,9879,106259,1191,571,620
58475,120821,14549,58129,9879,106272,1191,571,620
58480,120832,14551,58131,9880,106281,1191,571,620
58485,120839,14553,58133,9880,106286,1191,571,620
58490,120852,14554,58142,9881,106298,1192,572,620
58495,120863,14556,58148,9882,106307,1192,572,620
58500,120870,14558,58151,9882,106312,1192,572,620
58505,120883,14558,58157,9882,106324,1192,572,620
58510,120894,14561,58164,9885,106333,1192,572,620
58515,120901,14561,58166,9885,106340,1192,572,620
58520,120914,14561,58174,9885,106352,1192,572,620
58525,120925,14563,58179,9886,106362,1192,572,620
58530,120932,14563,58183,9886,106369,1192,572,620
58535,120945,14563,58188,9886,106381,1192,572,620
58540,120956,14565,58191,9887,106391,1192,572,620
58545,120963,14565,58193,9887,106398,1192,572,620
58550,120976,14568,58199,9890,106408,1192,572,620
58555,120987,14569,58204,9890,106418,1192,572,620
58560,120994,14569,58210,9890,106425,1192,572,620
58565,121007,14571,58219,9891,106436,1192,572,620
58570,121018,14571,58221,9891,106447,1192,572,620
58575,121025,14571,58224,9891,106454,1192,572,620
58580,121038,14572,58230,9892,106466,1192,572,620
58585,121049,14572,58235,9892,106477,1192,572,620
58590,121056,14572,58237,9892,106484,1192,572,620
58595,121069,14573,58242,9892,106496,1192,572,620
58600,121080,14573,58247,9892,106507,1192,572,620
58605,121087,14574,58250,9893,106513,1192,572,620
58610,121100,14576,58256,9894,106524,1192,572,620
58615,121111,14576,58263,9894,106535,1192,572,620
58620,121118,14578,58266,9895,106540,1192,572,620
58625,121131,14580,58272,9896,106551,1192,572,620
58630,121142,14580,58274,9896,106562,1192,572,620
58635,121149,14582,58279,9898,106567,1192,572,620
58640,121162,14583,58286,9899,106579,1192,572,620
58645,121173,14583,58289,9899,106590,1192,572,620
58650,121180,14585,58292,9900,106595,1192,572,620
58655,121193,14587,58299,9901,106605,1192,572,620
58660,121204,14588,58302,9902,106615,1192,572,620
58665,121211,14591,58304,9903,106620,1192,572,620
58670,121224,14593,58308,9904,106631,1193,572,621
58675,121235,14594,58316,9904,106640,1193,572,621
58680,121242,14597,58319,9905,106645,1193,572,621
58685,121255,14599,58325,9907,106656,1194,573,621
58690,121266,14600,58330,9907,106666,1194,573,621
58695,121273,14601,58332,9907,106672,1194,573,621
58700,121286,14603,58341,9909,106683,1195,573,622
58705,121297,14604,58349,9910,106693,1195,573,622
58710,121304,14605,58353,9910,106699,1195,573,622
58715,121317,14605,58361,9910,106712,1196,574,622
58720,121328,14606,58365,9911,106722,1196,574,622
58725,121335,14607,58367,9911,106728,1196,574,622
58730,121348,14608,58374,9912,106740,1197,574,623
58735,121359,14609,58380,9913,106750,1197,574,623
58740,121366,14610,58384,9914,106756,1197,574,623
58745,121379,14611,58389,9915,106768,1198,574,624
58750,121390,14612,58394,9915,106778,1198,574,624
58755,121397,14613,58396,9915,106784,1198,574,624
58760,121410,14615,58404,9917,106795,1199,575,624
58765,121421,14616,58410,9918,106805,1199,575,624
58770,121428,14617,58414,9919,106811,1199,575,624
58775,121441,14618,58420,9920,106823,1200,576,624
58780,121452,14619,58422,9921,106833,1200,576,624
58785,121459,14621,58426,9921,106838,1200,576,624
58790,121472,14624,58434,9924,106848,1201,576,625
58795,121483,14626,58440,9926,106857,1201,576,625
58800,121490,14628,58444,9926,106862,1201,576,625
58805,121503,14629,58449,9927,106874,1201,576,625
58810,121514,14629,58456,9927,106885,1201,576,625
58815,121521,14630,58460,9928,106891,1201,576,625
58820,121534,14631,58467,9928,106903,1201,576,625
58825,121545,14631,58474,9928,106914,1201,576,625
58830,121552,14632,58478,9928,106920,1201,576,625
58835,121565,14633,58486,9928,106931,1201,576,625
58840,121576,14634,58487,9929,106942,1201,576,625
58845,121583,14635,58491,9930,106948,1201,576,625
58850,121596,14636,58497,9930,106960,1201,576,625
58855,121607,14637,58504,9931,106970,1201,576,625
58860,121614,14638,58506,9931,106976,1201,576,625
58865,121627,14639,58514,9931,106988,1201,576,625
58870,121638,14639,58520,9931,106999,1201,576,625
58875,121645,14640,58523,9932,107005,1201,576,625
58880,121658,14641,58527,9932,107017,1201,576,625
58885,121669,14642,58532,9933,107027,1201,576,625
58890,121676,14643,58536,9934,107033,1201,576,625
58895,121689,14644,58541,9934,107045,1201,576,625
58900,121700,14644,58547,9934,107056,1201,576,625
58905,121707,14645,58552,9935,107062,1201,576,625
58910,121720,14647,58558,9937,107073,1202,576,626
58915,121731,14648,58563,9937,107083,1202,576,626
58920,121738,14650,58564,9938,107088,1202,576,626
58925,121751,14650,58569,9938,107101,1202,576,626
58930,121762,14651,58573,9938,107111,1202,576,626
58935,121769,14652,58576,9938,107117,1202,576,626
58940,121782,14653,58583,9939,107129,1203,576,627
58945,121793,14655,58588,9941,107138,1203,576,627
58950,121800,14656,58591,9942,107144,1203,576,627
58955,121813,14657,58598,9943,107156,1204,576,628
58960,121824,14659,58605,9945,107164,1204,576,628
58965,121831,14661,58607,9946,107170,1204,576,628
58970,121844,14661,58612,9946,107183,1205,576,629
58975,121855,14663,58619,9948,107191,1205,576,629
58980,121862,14665,58623,9950,107197,1205,576,629
58985,121875,14666,58626,9951,107209,1205,576,629
58990,121886,14667,58632,9952,107219,1205,576,629
58995,121893,14669,58636,9952,107224,1205,576,629
59000,121906,14670,58645,9953,107235,1205,576,629
59005,121917,14672,58651,9954,107245,1205,576,629
59010,121924,14673,58653,9954,107251,1205,576,629
59015,121937,14673,58660,9954,107263,1205,576,629
59020,121948,14675,58668,9956,107272,1205,576,629
59025,121955,14677,58674,9958,107278,1205,576,629
59030,121968,14679,58682,9960,107289,1206,577,629
59035,121979,14681,58689,9962,107297,1206,577,629
59040,121986,14683,58692,9963,107303,1206,577,629
59045,121999,14684,58697,9963,107314,1206,577,629
59050,122010,14687,58701,9965,107323,1206,577,629
59055,122017,14688,58704,9965,107329,1206,577,629
59060,122030,14689,58710,9965,107340,1206,577,629
59065,122041,14691,58714,9967,107350,1206,577,629
59070,122048,14692,58716,9967,107356,1206,577,629
59075,122061,14694,58723,9968,107366,1206,577,629
59080,122072,14696,58730,9970,107376,1206,577,629
59085,122079,14697,58734,9970,107382,1206,577,629
59090,122092,14698,58740,9971,107393,1206,577,629
59095,122103,14701,58745,9974,107402,1206,577,629
59100,122110,14702,58748,9974,107408,1206,577,629
59105,122123,14704,58752,9975,107419,1207,577,630
59110,122134,14705,58759,9976,107428,1207,577,630
59115,122141,14708,58763,9978,107433,1207,577,630
59120,122154,14709,58770,9979,107445,1208,577,631
59125,122165,14710,58777,9980,107455,1208,577,631
59130,122172,14712,58780,9981,107460,1208,577,631
59135,122185,14713,58785,9982,107472,1209,577,632
59140,122196,14714,58790,9983,107482,1209,577,632
59145,122203,14716,58793,9983,107487,1209,577,632
59150,122216,14718,58798,9984,107498,1210,577,633
59155,122227,14718,58805,9984,107508,1210,577,633
59160,122234,14721,58809,9986,107513,1210,577,633
59165,122247,14723,58814,9988,107524,1211,577,634
59170,122258,14723,58824,9988,107534,1211,577,634
59175,122265,14726,58827,9990,107539,1211,577,634
59180,122278,14727,58833,9991,107551,1212,577,635
59185,122289,14727,58837,9991,107561,1212,577,635
59190,122296,14730,58839,9994,107566,1212,577,635
59195,122309,14732,58845,9995,107577,1213,577,636
59200,122320,14732,58850,9995,107587,1213,577,636
59205,122327,14735,58852,9996,107592,1213,577,636
59210,122340,14736,58856,9996,107604,1214,577,637
59215,122351,14737,58861,9997,107614,1214,577,637
59220,122358,14739,58864,9997,107619,1214,577,637
59225,122371,14739,58869,9997,107632,1215,578,637
59230,122382,14739,58873,9997,107643,1215,578,637
59235,122389,14740,58878,9998,107649,1215,578,637
59240,122402,14741,58885,9999,107661,1215,578,637
59245,122413,14741,58891,9999,107672,1215,578,637
59250,122420,14742,58895,9999,107678,1215,578,637
59255,122433,14743,58898,10000,107690,1215,578,637
59260,122444,14743,58907,10000,107701,1215,578,637
59265,122451,14744,58910,10000,107707,1215,578,637
59270,122464,14744,58915,10000,107720,1215,578,637
59275,122475,14744,58920,10000,107731,1215,578,637
59280,122482,14745,58927,10001,107737,1215,578,637
59285,122495,14745,58930,10001,107750,1215,578,637
59290,122506,14745,58934,10001,107761,1215,578,637
59295,122513,14746,58939,10002,107767,1215,578,637
59300,122526,14747,58945,10003,107779,1215,578,637
59305,122537,14747,58951,10003,107790,1215,578,637
59310,122544,14748,58954,10003,107796,1215,578,637
59315,122557,14748,58959,10003,107809,1215,578,637
59320,122568,14748,58965,10003,107820,1215,578,637
59325,122575,14750,58967,10004,107825,1215,578,637
59330,122588,14751,58973,10005,107837,1215,578,637
59335,122599,14752,58977,10005,107847,1215,578,637
59340,122606,14754,58981,10007,107852,1215,578,637
59345,122619,14755,58987,10007,107864,1216,578,638
59350,122630,14756,58991,10007,107874,1216,578,638
59355,122637,14758,58996,10008,107879,1216,578,638
59360,122650,14759,58999,10008,107891,1217,578,639
59365,122661,14760,59004,10009,107901,1217,578,639
59370,122668,14762,59009,10010,107906,1217,578,639
59375,122681,14764,59017,10012,107916,1218,578,640
59380,122692,14766,59022,10014,107926,1218,578,640
59385,122699,14768,59028,10016,107931,1218,578,640
59390,122712,14770,59034,10018,107941,1219,578,641
59395,122723,14772,59040,10019,107951,1219,578,641
59400,122730,14774,59043,10019,107956,1219,578,641
59405,122743,14775,59047,10020,107968,1220,578,642
59410,122754,14775,59053,10020,107979,1220,578,642
59415,122761,14777,59057,10020,107984,1220,578,642
59420,122774,14778,59064,10020,107995,1220,578,642
59425,122785,14779,59068,10021,108006,1220,578,642
59430,122792,14781,59072,10021,108011,1220,578,642
59435,122805,14782,59077,10021,108022,1220,578,642
59440,122816,14783,59082,10022,108033,1220,578,642
59445,122823,14785,59087,10023,108038,1220,578,642
59450,122836,14786,59092,10023,108050,1220,578,642
59455,122847,14787,59098,10024,108060,1220,578,642
59460,122854,14789,59100,10024,108065,1220,578,642
59465,122867,14791,59108,10026,108076,1220,578,642
59470,122878,14792,59114,10027,108086,1220,578,642
59475,122885,14794,59118,10028,108091,1220,578,642
59480,122898,14796,59128,10030,108102,1220,578,642
59485,122909,14797,59133,10031,108112,1220,578,642
59490,122916,14799,59137,10032,108117,1220,578,642
59495,122929,14801,59147,10033,108128,1220,578,642
59500,122940,14801,59152,10033,108138,1220,578,642
59505,122947,14804,59156,10036,108143,1220,578,642
59510,122960,14805,59164,10037,108155,1220,578,642
59515,122971,14806,59166,10038,108164,1220,578,642
59520,122978,14809,59169,10041,108169,1220,578,642
59525,122991,14810,59175,10041,108181,1220,578,642
59530,123002,14810,59181,10041,108191,1220,578,642
59535,123009,14813,59183,10043,108196,1220,578,642
59540,123022,14813,59191,10043,108209,1220,578,642
59545,123033,14813,59197,10043,108219,1220,578,642
59550,123040,14816,59199,10045,108224,1220,578,642
59555,123053,14816,59206,10045,108237,1220,578,642
59560,123064,14816,59209,10045,108248,1220,578,642
59565,123071,14818,59213,10046,108253,1220,578,642
59570,123084,14819,59221,10047,108265,1221,579,642
59575,123095,14820,59226,10048,108275,1221,579,642
59580,123102,14822,59230,10050,108280,1221,579,642
59585,123115,14823,59235,10050,108292,1221,579,642
59590,123126,14824,59243,10051,108302,1221,579,642
59595,123133,14826,59244,10051,108307,1221,579,642
59600,123146,14828,59250,10052,108318,1221,579,642
59605,123157,14829,59255,10053,108328,1221,579,642
59610,123164,14831,59258,10054,108333,1221,579,642
59615,123177,14833,59265,10055,108343,1221,579,642
59620,123188,14835,59271,10057,108353,1221,579,642
59625,123195,14837,59272,10057,108358,1221,579,642
59630,123208,14838,59276,10057,108370,1221,579,642
59635,123219,14839,59282,10058,108380,1221,579,642
59640,123226,14841,59286,10060,108385,1221,579,642
59645,123239,14842,59289,10060,108397,1221,579,642
59650,123250,14844,59298,10062,108405,1221,579,642
59655,123257,14847,59302,10064,108410,1221,579,642
59660,123270,14848,59308,10064,108422,1221,579,642
59665,123281,14849,59314,10064,108432,1221,579,642
59670,123288,14851,59318,10066,108437,1221,579,642
59675,123301,14853,59325,10068,108448,1221,579,642
59680,123312,14854,59333,10069,108457,1221,579,642
59685,123319,14857,59339,10072,108462,1221,579,642
59690,123332,14861,59347,10075,108470,1222,580,642
59695,123343,14864,59356,10077,108478,1222,580,642
59700,123350,14867,59360,10078,108483,1222,580,642
59705,123363,14868,59370,10079,108495,1223,581,642
59710,123374,14868,59374,10079,108505,1223,581,642
59715,123381,14871,59378,10081,108510,1223,581,642
59720,123394,14871,59385,10081,108523,1223,581,642
59725,123405,14871,59389,10081,108534,1223,581,642
59730,123412,14873,59391,10081,108539,1223,581,642
59735,123425,14873,59396,10081,108552,1223,581,642
59740,123436,14873,59401,10081,108562,1223,581,642
59745,123443,14876,59403,10082,108567,1223,581,642
59750,123456,14876,59407,10082,108580,1223,581,642
59755,123467,14876,59412,10082,108590,1223,581,642
59760,123474,14879,59417,10085,108595,1223,581,642
59765,123487,14879,59426,10085,108608,1223,581,642
59770,123498,14879,59432,10085,108619,1223,581,642
59775,123505,14881,59436,10086,108624,1223,581,642
59780,123518,14881,59444,10086,108637,1223,581,642
59785,123529,14881,59448,10086,108648,1223,581,642
59790,123536,14883,59450,10087,108653,1223,581,642
59795,123549,14883,59456,10087,108666,1223,581,642
59800,123560,14883,59462,10087,108677,1223,581,642
59805,123567,14885,59465,10088,108682,1223,581,642
59810,123580,14887,59473,10089,108692,1224,582,642
59815,123591,14889,59479,10091,108702,1224,582,642
59820,123598,14891,59481,10091,108707,1224,582,642
59825,123611,14893,59487,10092,108718,1224,582,642
59830,123622,14895,59495,10093,108726,1224,582,642
59835,123629,14898,59498,10095,108731,1224,582,642
59840,123642,14900,59504,10096,108742,1224,582,642
59845,123653,14901,59508,10097,108751,1224,582,642
59850,123660,14904,59512,10100,108756,1224,582,642
59855,123673,14906,59517,10101,108766,1224,582,642
59860,123684,14908,59521,10102,108776,1224,582,642
59865,123691,14910,59524,10103,108781,1224,582,642
59870,123704,14912,59529,10104,108792,1224,582,642
59875,123715,14913,59533,10104,108801,1224,582,642
59880,123722,14916,59537,10105,108806,1224,582,642
59885,123735,14917,59544,10106,108817,1224,582,642
59890,123746,14919,59552,10108,108826,1224,582,642
59895,123753,14922,59557,10111,108831,1224,582,642
59900,123766,14923,59563,10111,108842,1224,582,642
59905,123777,14925,59570,10112,108851,1224,582,642
59910,123784,14928,59572,10114,108856,1224,582,642
59915,123797,14929,59579,10114,108868,1224,582,642
59920,123808,14930,59583,10114,108877,1224,582,642
59925,123815,14933,59586,10115,108882,1224,582,642
59930,123828,14936,59593,10117,108891,1225,582,643
59935,123839,14938,59599,10119,108901,1225,582,643
59940,123846,14940,59601,10119,108906,1225,582,643
59945,123859,14940,59607,10119,108919,1226,583,643
59950,123870,14941,59613,10120,108929,1226,583,643
59955,123877,14943,59615,10121,108934,1226,583,643
59960,123890,14943,59623,10121,108947,1227,584,643
59965,123901,14943,59625,10121,108958,1227,584,643
59970,123908,14945,59628,10123,108963,1227,584,643
59975,123921,14945,59632,10123,108976,1228,584,644
59980,123932,14945,59637,10123,108987,1228,584,644
59985,123939,14947,59641,10124,108992,1228,584,644
59990,123952,14947,59645,10124,109005,1229,585,644
59995,123963,14947,59647,10124,109016,1229,585,644
60000,123970,14949,59650,10124,109021,1229,585,644
60005,123983,14949,59656,10124,109034,1229,585,644
60010,123994,14949,59662,10124,109045,1229,585,644
60015,124001,14951,59662,10124,109050,1229,585,644
60020,124014,14951,59669,10124,109063,1229,585,644
60025,124025,14951,59672,10124,109074,1229,585,644
60030,124032,14953,59676,10125,109079,1229,585,644
60035,124045,14953,59682,10125,109092,1229,585,644
60040,124056,14954,59688,10126,109102,1229,585,644
60045,124063,14956,59690,10127,109107,1229,585,644
60050,124076,14958,59696,10129,109118,1229,585,644
60055,124087,14960,59700,10130,109127,1229,585,644
60060,124094,14962,59702,10130,109132,1229,585,644
60065,124107,14963,59707,10130,109143,1229,585,644
60070,124118,14965,59712,10131,109153,1229,585,644
60075,124125,14967,59715,10132,109158,1229,585,644
60080,124138,14969,59721,10133,109168,1229,585,644
60085,124149,14971,59727,10135,109177,1229,585,644
60090,124156,14974,59731,10138,109182,1229,585,644
60095,124169,14975,59739,10138,109193,1229,585,644
60100,124180,14977,59746,10139,109202,1229,585,644
60105,124187,14980,59750,10142,109207,1229,585,644
60110,124200,14982,59755,10143,109218,1229,585,644
60115,124211,14983,59759,10144,109228,1229,585,644
60120,124218,14985,59761,10145,109233,1229,585,644
60125,124231,14987,59771,10146,109243,1229,585,644
60130,124242,14989,59778,10147,109252,1229,585,644
60135,124249,14992,59784,10149,109257,1229,585,644
60140,124262,14993,59791,10149,109269,1229,585,644
60145,124273,14994,59796,10150,109279,1229,585,644
60150,124280,14996,59799,10151,109284,1229,585,644
60155,124293,14997,59806,10152,109296,1229,585,644
60160,124304,14998,59812,10153,109305,1229,585,644
60165,124311,15001,59813,10154,109310,1229,585,644
60170,124324,15002,59819,10154,109321,1230,586,644
60175,124335,15005,59823,10156,109329,1230,586,644
60180,124342,15008,59827,10158,109334,1230,586,644
60185,124355,15008,59834,10158,109347,1231,587,644
60190,124366,15009,59839,10158,109356,1231,587,644
60195,124373,15012,59843,10159,109361,1231,587,644
60200,124386,15012,59849,10159,109374,1232,587,645
60205,124397,15014,59857,10161,109382,1232,587,645
60210,124404,15017,59863,10163,109387,1232,587,645
60215,124417,15018,59870,10164,109399,1233,588,645
60220,124428,15019,59875,10165,109409,1233,588,645
60225,124435,15021,59880,10165,109414,1233,588,645
60230,124448,15022,59884,10166,109426,1234,588,646
60235,124459,15023,59888,10166,109436,1234,588,646
60240,124466,15025,59891,10168,109441,1234,588,646
60245,124479,15025,59895,10168,109454,1235,589,646
60250,124490,15026,59897,10168,109464,1235,589,646
60255,124497,15028,59899,10168,109469,1235,589,646
60260,124510,15029,59907,10169,109481,1236,590,646
60265,124521,15031,59912,10171,109490,1236,590,646
60270,124528,15033,59915,10171,109495,1236,590,646
60275,124541,15034,59922,10172,109507,1237,591,646
60280,124552,15035,59928,10172,109517,1237,591,646
60285,124559,15037,59931,10173,109522,1237,591,646
60290,124572,15038,59937,10174,109534,1238,592,646
60295,124583,15040,59945,10175,109543,1238,592,646
60300,124590,15042,59948,10176,109548,1238,592,646
60305,124603,15043,59954,10177,109560,1238,592,646
60310,124614,15043,59961,10177,109571,1238,592,646
60315,124621,15045,59963,10177,109576,1238,592,646
60320,124634,15048,59973,10180,109586,1238,592,646
60325,124645,15048,59978,10180,109597,1238,592,646
60330,124652,15050,59983,10181,109602,1238,592,646
60335,124665,15052,59989,10182,109613,1238,592,646
60340,124676,15052,59996,10182,109624,1238,592,646
60345,124683,15054,60000,10183,109629,1238,592,646
60350,124696,15056,60003,10184,109640,1238,592,646
60355,124707,15056,60009,10184,109651,1238,592,646
60360,124714,15058,60015,10185,109656,1238,592,646
60365,124727,15059,60018,10186,109667,1238,592,646
60370,124738,15060,60023,10187,109678,1238,592,646
60375,124745,15062,60027,10188,109683,1238,592,646
60380,124758,15064,60030,10189,109694,1238,592,646
60385,124769,15064,60036,10189,109705,1238,592,646
60390,124776,15066,60039,10190,109710,1238,592,646
60395,124789,15068,60045,10191,109720,1239,592,647
60400,124800,15069,60051,10192,109731,1239,592,647
60405,124807,15071,60053,10193,109736,1239,592,647
60410,124820,15074,60060,10196,109745,1240,593,647
60415,124831,15077,60063,10198,109753,1240,593,647
60420,124838,15080,60067,10201,109758,1240,593,647
60425,124851,15080,60073,10201,109771,1241,593,648
60430,124862,15081,60079,10202,109781,1241,593,648
60435,124869,15083,60082,10202,109786,1241,593,648
60440,124882,15085,60089,10204,109797,1242,593,649
60445,124893,15086,60096,10205,109807,1242,593,649
60450,124900,15088,60099,10206,109812,1242,593,649
60455,124913,15089,60103,10207,109824,1243,594,649
60460,124924,15090,60107,10207,109834,1243,594,649
60465,124931,15092,60112,10209,109839,1243,594,649
60470,124944,15093,60120,10210,109851,1244,595,649
60475,124955,15094,60127,10211,109861,1244,595,649
60480,124962,15096,60130,10212,109866,1244,595,649
60485,124975,15098,60138,10214,109877,1245,595,650
60490,124986,15099,60143,10215,109886,1245,595,650
60495,124993,15102,60149,10218,109891,1245,595,650
60500,125006,15104,60155,10220,109902,1245,595,650
60505,125017,15105,60161,10221,109911,1245,595,650
60510,125024,15108,60165,10223,109916,1245,595,650
60515,125037,15109,60173,10224,109928,1245,595,650
60520,125048,15110,60174,10224,109938,1245,595,650
60525,125055,15112,60180,10225,109943,1245,595,650
60530,125068,15114,60185,10227,109954,1245,595,650
60535,125079,15116,60193,10228,109963,1245,595,650
60540,125086,15118,60194,10229,109968,1245,595,650
60545,125099,15119,60200,10229,109979,1245,595,650
60550,125110,15120,60207,10230,109990,1245,595,650
60555,125117,15122,60211,10231,109995,1245,595,650
60560,125130,15123,60219,10231,110007,1245,595,650
60565,125141,15123,60228,10231,110018,1245,595,650
60570,125148,15125,60230,10231,110023,1245,595,650
60575,125161,15126,60240,10232,110034,1245,595,650
60580,125172,15127,60246,10233,110045,1245,595,650
60585,125179,15129,60249,10233,110050,1245,595,650
60590,125192,15130,60252,10233,110061,1245,595,650
60595,125203,15131,60259,10234,110072,1245,595,650
60600,125210,15133,60263,10235,110077,1245,595,650
60605,125223,15134,60270,10236,110089,1245,595,650
60610,125234,15134,60276,10236,110100,1245,595,650
60615,125241,15136,60279,10236,110105,1245,595,650
60620,125254,15137,60284,10236,110116,1245,595,650
60625,125265,15138,60288,10237,110127,1245,595,650
60630,125272,15140,60292,10239,110132,1245,595,650
60635,125285,15141,60294,10239,110144,1245,595,650
60640,125296,15141,60297,10239,110155,1245,595,650
60645,125303,15143,60302,10241,110160,1245,595,650
60650,125316,15145,60307,10242,110170,1246,596,650
60655,125327,15148,60313,10245,110178,1246,596,650
60660,125334,15151,60316,10247,110183,1246,596,650
60665,125347,15152,60323,10248,110195,1246,596,650
60670,125358,15153,60329,10249,110204,1246,596,650
60675,125365,15156,60332,10250,110209,1246,596,650
60680,125378,15156,60339,10250,110222,1246,596,650
60685,125389,15157,60345,10251,110232,1246,596,650
60690,125396,15159,60350,10253,110237,1246,596,650
60695,125409,15159,60356,10253,110250,1246,596,650
60700,125420,15160,60360,10254,110260,1246,596,650
60705,125427,15162,60363,10254,110265,1246,596,650
60710,125440,15162,60368,10254,110278,1246,596,650
60715,125451,15163,60375,10255,110287,1246,596,650
60720,125458,15166,60379,10256,110292,1246,596,650
60725,125471,15166,60387,10256,110305,1246,596,650
60730,125482,15167,60390,10256,110314,1246,596,650
60735,125489,15170,60395,10258,110319,1246,596,650
60740,125502,15170,60401,10258,110332,1246,596,650
60745,125513,15171,60405,10259,110341,1246,596,650
60750,125520,15174,60411,10262,110346,1246,596,650
60755,125533,15174,60416,10262,110359,1246,596,650
60760,125544,15175,60419,10263,110368,1246,596,650
60765,125551,15178,60422,10265,110373,1246,596,650
60770,125564,15180,60431,10267,110384,1246,596,650
60775,125575,15181,60437,10267,110394,1246,596,650
60780,125582,15183,60441,10268,110399,1246,596,650
60785,125595,15185,60448,10269,110410,1246,596,650
60790,125606,15185,60453,10269,110421,1246,596,650
60795,125613,15187,60456,10270,110426,1246,596,650
60800,125626,15189,60462,10272,110437,1247,597,650
60805,125637,15189,60470,10272,110448,1247,597,650
60810,125644,15191,60473,10273,110453,1247,597,650
60815,125657,15192,60479,10273,110465,1248,597,651
60820,125668,15192,60486,10273,110476,1248,597,651
60825,125675,15194,60488,10274,110481,1248,597,651
60830,125688,15195,60494,10275,110493,1249,597,652
60835,125699,15195,60500,10275,110504,1249,597,652
60840,125706,15197,60503,10275,110509,1249,597,652
60845,125719,15198,60510,10275,110521,1250,598,652
60850,125730,15198,60515,10275,110532,1250,598,652
60855,125737,15200,60518,10275,110537,1250,598,652
60860,125750,15202,60523,10277,110548,1251,599,652
60865,125761,15202,60528,10277,110559,1251,599,652
60870,125768,15204,60532,10278,110564,1251,599,652
60875,125781,15205,60535,10278,110576,1252,599,653
60880,125792,15205,60543,10278,110586,1252,599,653
60885,125799,15208,60545,10280,110591,1252,599,653
60890,125812,15211,60552,10282,110600,1253,600,653
60895,125823,15214,60560,10284,110608,1253,600,653
60900,125830,15217,60563,10285,110613,1253,600,653
60905,125843,15218,60572,10286,110624,1253,600,653
60910,125854,15220,60575,10287,110634,1253,600,653
60915,125861,15222,60579,10288,110639,1253,600,653
60920,125874,15222,60584,10288,110652,1253,600,653
60925,125885,15223,60592,10288,110661,1253,600,653
60930,125892,15226,60593,10289,110666,1253,600,653
60935,125905,15226,60601,10289,110678,1253,600,653
60940,125916,15228,60608,10290,110688,1253,600,653
60945,125923,15230,60610,10290,110693,1253,600,653
60950,125936,15231,60619,10291,110704,1253,600,653
60955,125947,15233,60623,10292,110713,1253,600,653
60960,125954,15236,60627,10294,110718,1253,600,653
60965,125967,15236,60635,10294,110731,1253,600,653
60970,125978,15237,60643,10295,110740,1253,600,653
60975,125985,15240,60647,10297,110745,1253,600,653
60980,125998,15241,60653,10298,110757,1253,600,653
60985,126009,15242,60659,10299,110767,1253,600,653
60990,126016,15244,60664,10301,110772,1253,600,653
60995,126029,15245,60670,10302,110784,1253,600,653
61000,126040,15246,60675,10303,110794,1253,600,653
61005,126047,15248,60678,10303,110799,1253,600,653
61010,126060,15251,60688,10305,110809,1254,601,653
61015,126071,15252,60692,10305,110819,1254,601,653
61020,126078,15254,60694,10306,110824,1254,601,653
61025,126091,15255,60699,10307,110836,1254,601,653
61030,126102,15257,60703,10308,110845,1254,601,653
61035,126109,15259,60707,10310,110850,1254,601,653
61040,126122,15261,60713,10311,110861,1254,601,653
61045,126133,15263,60717,10312,110870,1254,601,653
61050,126140,15265,60719,10313,110875,1254,601,653
61055,126153,15267,60722,10314,110886,1254,601,653
61060,126164,15268,60729,10315,110896,1254,601,653
61065,126171,15270,60731,10316,110901,1254,601,653
61070,126184,15271,60736,10316,110913,1254,601,653
61075,126195,15272,60738,10316,110923,1254,601,653
61080,126202,15274,60741,10318,110928,1254,601,653
61085,126215,15276,60747,10319,110939,1254,601,653
61090,126226,15277,60752,10319,110949,1254,601,653
61095,126233,15279,60755,10320,110954,1254,601,653
61100,126246,15281,60761,10321,110965,1254,601,653
61105,126257,15282,60766,10322,110975,1254,601,653
61110,126264,15284,60770,10323,110980,1254,601,653
61115,126277,15286,60775,10324,110991,1254,601,653
61120,126288,15288,60780,10326,111000,1254,601,653
61125,126295,15290,60785,10328,111005,1254,601,653
61130,126308,15294,60791,10331,111014,1255,602,653
61135,126319,15296,60798,10333,111023,1255,602,653
61140,126326,15298,60800,10333,111028,1255,602,653
61145,126339,15298,60806,10333,111041,1255,602,653
61150,126350,15298,60812,10333,111052,1255,602,653
61155,126357,15300,60817,10335,111057,1255,602,653
61160,126370,15300,60822,10335,111069,1255,602,653
61165,126381,15301,60829,10336,111080,1255,602,653
61170,126388,15303,60831,10337,111085,1255,602,653
61175,126401,15303,60838,10337,111098,1255,602,653
61180,126412,15303,60842,10337,111109,1255,602,653
61185,126419,15305,60844,10338,111114,1255,602,653
61190,126432,15305,60849,10338,111127,1255,602,653
61195,126443,15305,60856,10338,111137,1255,602,653
61200,126450,15308,60857,10339,111142,1255,602,653
61205,126463,15308,60864,10339,111155,1255,602,653
61210,126474,15308,60867,10339,111165,1255,602,653
61215,126481,15311,60869,10341,111170,1255,602,653
61220,126494,15311,60875,10341,111183,1255,602,653
61225,126505,15311,60881,10341,111194,1255,602,653
61230,126512,15313,60885,10341,111199,1255,602,653
61235,126525,15314,60891,10342,111210,1255,602,653
61240,126536,15315,60895,10343,111221,1255,602,653
61245,126543,15317,60900,10345,111226,1255,602,653
61250,126556,15317,60904,10345,111239,1256,603,653
61255,126567,15319,60910,10346,111248,1256,603,653
61260,126574,15321,60912,10346,111253,1256,603,653
61265,126587,15323,60921,10347,111264,1256,603,653
61270,126598,15324,60925,10347,111273,1256,603,653
61275,126605,15327,60929,10349,111278,1256,603,653
61280,126618,15329,60936,10350,111289,1256,603,653
61285,126629,15331,60942,10352,111298,1256,603,653
61290,126636,15333,60947,10353,111303,1256,603,653
61295,126649,15335,60955,10355,111314,1256,603,653
61300,126660,15336,60962,10356,111323,1256,603,653
61305,126667,15339,60965,10358,111328,1256,603,653
61310,126680,15341,60974,10359,111339,1256,603,653
61315,126691,15342,60979,10359,111348,1256,603,653
61320,126698,15345,60985,10361,111353,1256,603,653
61325,126711,15346,60991,10362,111365,1256,603,653
61330,126722,15348,60996,10363,111373,1256,603,653
61335,126729,15351,60997,10365,111378,1256,603,653
61340,126742,15353,61003,10366,111389,1256,603,653
61345,126753,15355,61010,10367,111397,1256,603,653
61350,126760,15358,61012,10368,111402,1256,603,653
61355,126773,15359,61018,10369,111414,1256,603,653
61360,126784,15360,61021,10369,111423,1256,603,653
61365,126791,15363,61025,10372,111428,1256,603,653
61370,126804,15366,61032,10375,111437,1257,604,653
61375,126815,15369,61040,10377,111445,1257,604,653
61380,126822,15372,61042,10378,111450,1257,604,653
61385,126835,15372,61047,10378,111463,1257,604,653
61390,126846,15372,61054,10378,111474,1257,604,653
61395,126853,15374,61057,10379,111479,1257,604,653
61400,126866,15374,61064,10379,111491,1257,604,653
61405,126877,15375,61070,10380,111502,1257,604,653
61410,126884,15377,61073,10380,111507,1257,604,653
61415,126897,15377,61077,10380,111520,1257,604,653
61420,126908,15377,61083,10380,111530,1257,604,653
61425,126915,15380,61088,10382,111535,1257,604,653
61430,126928,15380,61096,10382,111547,1257,604,653
61435,126939,15381,61101,10383,111558,1257,604,653
61440,126946,15383,61107,10385,111563,1257,604,653
61445,126959,15383,61110,10385,111576,1257,604,653
61450,126970,15383,61114,10385,111586,1257,604,653
61455,126977,15386,61115,10387,111591,1257,604,653
61460,126990,15386,61122,10387,111603,1257,604,653
61465,127001,15387,61127,10388,111613,1257,604,653
61470,127008,15390,61130,10390,111618,1257,604,653
61475,127021,15390,61136,10390,111631,1257,604,653
61480,127032,15390,61143,10390,111642,1257,604,653
61485,127039,15392,61148,10391,111647,1257,604,653
61490,127052,15394,61155,10393,111657,1257,604,653
61495,127063,15397,61161,10395,111666,1257,604,653
61500,127070,15399,61167,10396,111671,1257,604,653
61505,127083,15402,61176,10399,111681,1257,604,653
61510,127094,15403,61180,10400,111691,1257,604,653
61515,127101,15405,61185,10402,111696,1257,604,653
61520,127114,15406,61195,10403,111708,1258,605,653
61525,127125,15406,61199,10403,111719,1258,605,653
61530,127132,15408,61201,10404,111724,1258,605,653
61535,127145,15409,61209,10405,111736,1259,605,654
61540,127156,15410,61212,10406,111746,1259,605,654
61545,127163,15412,61216,10407,111751,1259,605,654
61550,127176,15412,61224,10407,111764,1260,606,654
61555,127187,15412,61227,10407,111775,1260,606,654
61560,127194,15414,61232,10409,111780,1260,606,654
61565,127207,15414,61240,10409,111793,1260,606,654
61570,127218,15414,61244,10409,111803,1260,606,654
61575,127225,15417,61247,10411,111808,1260,606,654
61580,127238,15417,61253,10411,111821,1260,606,654
61585,127249,15417,61259,10411,111832,1260,606,654
61590,127256,15419,61263,10411,111837,1260,606,654
61595,127269,15419,61266,10411,111850,1260,606,654
61600,127280,15419,61272,10411,111861,1260,606,654
61605,127287,15421,61275,10412,111866,1260,606,654
61610,127300,15422,61280,10412,111878,1260,606,654
61615,127311,15423,61286,10412,111887,1260,606,654
61620,127318,15426,61289,10414,111892,1260,606,654
61625,127331,15427,61300,10415,111903,1260,606,654
61630,127342,15429,61306,10417,111913,1260,606,654
61635,127349,15431,61309,10419,111918,1260,606,654
61640,127362,15432,61315,10420,111929,1260,606,654
61645,127373,15434,61319,10421,111939,1260,606,654
61650,127380,15436,61324,10422,111944,1260,606,654
61655,127393,15438,61330,10424,111955,1260,606,654
61660,127404,15439,61332,10424,111965,1260,606,654
61665,127411,15441,61337,10426,111970,1260,606,654
61670,127424,15442,61342,10426,111981,1260,606,654
61675,127435,15444,61350,10427,111990,1260,606,654
61680,127442,15447,61353,10429,111995,1260,606,654
61685,127455,15448,61360,10430,112006,1260,606,654
61690,127466,15450,61365,10432,112015,1260,606,654
61695,127473,15453,61368,10434,112020,1260,606,654
61700,127486,15454,61375,10434,112031,1260,606,654
61705,127497,15456,61380,10435,112041,1260,606,654
61710,127504,15458,61383,10435,112046,1260,606,654
61715,127517,15459,61386,10436,112058,1260,606,654
61720,127528,15460,61390,10436,112067,1260,606,654
61725,127535,15463,61394,10439,112072,1260,606,654
61730,127548,15464,61398,10439,112083,1260,606,654
61735,127559,15466,61399,10440,112093,1260,606,654
61740,127566,15468,61402,10441,112098,1260,606,654
61745,127579,15469,61409,10442,112110,1260,606,654
61750,127590,15470,61417,10442,112120,1260,606,654
61755,127597,15472,61421,10442,112125,1260,606,654
61760,127610,15473,61427,10443,112137,1260,606,654
61765,127621,15474,61436,10443,112146,1260,606,654
61770,127628,15477,61437,10445,112151,1260,606,654
61775,127641,15478,61445,10446,112163,1260,606,654
61780,127652,15479,61451,10447,112172,1260,606,654
61785,127659,15482,61456,10450,112177,1260,606,654
61790,127672,15483,61460,10450,112189,1260,606,654
61795,127683,15484,61467,10451,112199,1260,606,654
61800,127690,15486,61469,10452,112204,1260,606,654
61805,127703,15487,61474,10453,112216,1260,606,654
61810,127714,15488,61478,10453,112226,1260,606,654
61815,127721,15490,61483,10455,112231,1260,606,654
61820,127734,15491,61486,10455,112243,1260,606,654
61825,127745,15492,61492,10456,112252,1260,606,654
61830,127752,15495,61497,10459,112257,1260,606,654
61835,127765,15497,61502,10460,112268,1260,606,654
61840,127776,15498,61508,10461,112278,1260,606,654
61845,127783,15500,61512,10463,112283,1260,606,654
61850,127796,15502,61517,10465,112294,1261,607,654
61855,127807,15504,61522,10467,112303,1261,607,654
61860,127814,15506,61525,10469,112308,1261,607,654
61865,127827,15507,61530,10470,112320,1262,607,655
61870,127838,15509,61538,10471,112329,1262,607,655
61875,127845,15511,61542,10472,112334,1262,607,655
61880,127858,15511,61548,10472,112347,1262,607,655
61885,127869,15511,61551,10472,112358,1262,607,655
61890,127876,15513,61554,10473,112363,1262,607,655
61895,127889,15513,61558,10473,112376,1262,607,655
61900,127900,15513,61559,10473,112387,1262,607,655
61905,127907,15515,61562,10474,112392,1262,607,655
61910,127920,15515,61570,10474,112405,1262,607,655
61915,127931,15515,61575,10474,112415,1262,607,655
61920,127938,15518,61578,10475,112420,1262,607,655
61925,127951,15518,61584,10475,112433,1262,607,655
61930,127962,15518,61589,10475,112443,1262,607,655
61935,127969,15521,61591,10477,112448,1262,607,655
61940,127982,15521,61597,10477,112461,1262,607,655
61945,127993,15521,61602,10477,112471,1262,607,655
61950,128000,15524,61607,10480,112476,1262,607,655
61955,128013,15524,61612,10480,112489,1262,607,655
61960,128024,15524,61619,10480,112500,1262,607,655
61965,128031,15526,61621,10481,112505,1262,607,655
61970,128044,15527,61630,10482,112517,1262,607,655
61975,128055,15527,61635,10482,112527,1262,607,655
61980,128062,15530,61638,10485,112532,1262,607,655
61985,128075,15531,61644,10485,112543,1263,607,656
61990,128086,15534,61649,10487,112551,1263,607,656
61995,128093,15537,61653,10489,112556,1263,607,656
62000,128106,15538,61657,10490,112567,1264,608,656
62005,128117,15541,61663,10492,112576,1264,608,656
62010,128124,15543,61667,10494,112581,1264,608,656
62015,128137,15546,61674,10497,112591,1264,608,656
62020,128148,15547,61678,10497,112600,1264,608,656
62025,128155,15550,61682,10498,112605,1264,608,656
62030,128168,15552,61687,10500,112616,1264,608,656
62035,128179,15554,61695,10502,112624,1264,608,656
62040,128186,15557,61697,10504,112629,1264,608,656
62045,128199,15559,61700,10505,112640,1264,608,656
62050,128210,15559,61704,10505,112651,1264,608,656
62055,128217,15561,61708,10506,112656,1264,608,656
62060,128230,15562,61711,10506,112668,1264,608,656
62065,128241,15562,61717,10506,112678,1264,608,656
62070,128248,15565,61722,10508,112683,1264,608,656
62075,128261,15567,61728,10509,112694,1264,608,656
62080,128272,15567,61735,10509,112704,1264,608,656
62085,128279,15570,61738,10511,112709,1264,608,656
62090,128292,15573,61747,10514,112719,1264,608,656
62095,128303,15573,61751,10514,112729,1264,608,656
62100,128310,15576,61755,10515,112734,1264,608,656
62105,128323,15577,61762,10516,112746,1264,608,656
62110,128334,15577,61768,10516,112757,1264,608,656
62115,128341,15579,61769,10516,112762,1264,608,656
62120,128354,15579,61775,10516,112775,1264,608,656
62125,128365,15579,61780,10516,112785,1264,608,656
62130,128372,15582,61782,10519,112790,1264,608,656
62135,128385,15583,61787,10520,112802,1264,608,656
62140,128396,15583,61793,10520,112812,1264,608,656
62145,128403,15586,61796,10523,112817,1264,608,656
62150,128416,15586,61805,10523,112830,1264,608,656
62155,128427,15587,61809,10524,112840,1264,608,656
62160,128434,15589,61812,10525,112845,1264,608,656
62165,128447,15590,61818,10525,112857,1264,608,656
62170,128458,15590,61824,10525,112868,1264,608,656
62175,128465,15592,61829,10527,112873,1264,608,656
62180,128478,15593,61836,10528,112885,1264,608,656
62185,128489,15593,61840,10528,112896,1264,608,656
62190,128496,15595,61844,10529,112901,1264,608,656
62195,128509,15597,61849,10530,112912,1264,608,656
62200,128520,15597,61852,10530,112922,1264,608,656
62205,128527,15600,61858,10532,112927,1264,608,656
62210,128540,15603,61866,10535,112937,1264,608,656
62215,128551,15604,61870,10535,112946,1264,608,656
62220,128558,15607,61873,10536,112951,1264,608,656
62225,128571,15608,61878,10537,112963,1265,609,656
62230,128582,15609,61885,10538,112972,1265,609,656
62235,128589,15612,61887,10539,112977,1265,609,656
62240,128602,15613,61893,10540,112988,1266,610,656
62245,128613,15615,61902,10542,112997,1266,610,656
62250,128620,15618,61905,10544,113002,1266,610,656
62255,128633,15618,61910,10544,113015,1267,610,657
62260,128644,15619,61914,10545,113024,1267,610,657
62265,128651,15622,61916,10546,113029,1267,610,657
62270,128664,15623,61922,10547,113040,1268,610,658
62275,128675,15626,61926,10549,113049,1268,610,658
62280,128682,15628,61929,10550,113054,1268,610,658
62285,128695,15628,61937,10550,113066,1269,610,659
62290,128706,15630,61941,10552,113075,1269,610,659
62295,128713,15633,61944,10554,113080,1269,610,659
62300,128726,15633,61949,10554,113092,1270,610,660
62305,128737,15635,61954,10556,113101,1270,610,660
62310,128744,15638,61957,10558,113106,1270,610,660
62315,128757,15638,61964,10558,113119,1271,610,661
62320,128768,15639,61969,10559,113128,1271,610,661
62325,128775,15642,61973,10562,113133,1271,610,661
62330,128788,15642,61980,10562,113145,1272,611,661
62335,128799,15644,61985,10564,113154,1272,611,661
62340,128806,15647,61987,10566,113159,1272,611,661
62345,128819,15648,61995,10567,113171,1272,611,661
62350,128830,15648,62000,10567,113182,1272,611,661
62355,128837,15650,62002,10568,113187,1272,611,661
62360,128850,15650,62009,10568,113200,1272,611,661
62365,128861,15650,62013,10568,113211,1272,611,661
62370,128868,15652,62015,10569,113216,1272,611,661
62375,128881,15653,62024,10570,113228,1272,611,661
62380,128892,15653,62032,10570,113238,1272,611,661
62385,128899,15656,62037,10573,113243,1272,611,661
62390,128912,15657,62045,10574,113255,1272,611,661
62395,128923,15657,62046,10574,113266,1272,611,661
62400,128930,15659,62048,10574,113271,1272,611,661
62405,128943,15660,62058,10575,113283,1272,611,661
62410,128954,15661,62065,10576,113292,1272,611,661
62415,128961,15664,62068,10578,113297,1272,611,661
62420,128974,15666,62074,10579,113308,1272,611,661
62425,128985,15667,62079,10580,113318,1272,611,661
62430,128992,15669,62080,10580,113323,1272,611,661
62435,129005,15670,62086,10580,113335,1272,611,661
62440,129016,15671,62090,10580,113344,1272,611,661
62445,129023,15674,62095,10582,113349,1272,611,661
62450,129036,15677,62104,10585,113359,1273,611,662
62455,129047,15678,62108,10586,113369,1273,611,662
62460,129054,15680,62111,10587,113374,1273,611,662
62465,129067,15681,62118,10588,113385,1274,611,663
62470,129078,15682,62125,10589,113395,1274,611,663
62475,129085,15685,62128,10590,113400,1274,611,663
62480,129098,15687,62137,10591,113411,1275,612,663
62485,129109,15687,62142,10591,113422,1275,612,663
62490,129116,15689,62147,10593,113427,1275,612,663
62495,129129,15691,62152,10594,113438,1276,612,664
62500,129140,15691,62158,10594,113448,1276,612,664
62505,129147,15694,62160,10595,113453,1276,612,664
62510,129160,15695,62161,10595,113465,1277,612,665
62515,129171,15695,62165,10595,113476,1277,612,665
62520,129178,15697,62171,10596,113481,1277,612,665
62525,129191,15700,62179,10598,113491,1277,612,665
62530,129202,15701,62182,10599,113501,1277,612,665
62535,129209,15703,62184,10600,113506,1277,612,665
62540,129222,15704,62191,10601,113518,1277,612,665
62545,129233,15705,62194,10602,113528,1277,612,665
62550,129240,15707,62196,10603,113533,1277,612,665
62555,129253,15709,62203,10605,113544,1277,612,665
62560,129264,15709,62207,10605,113554,1277,612,665
62565,129271,15712,62211,10608,113559,1277,612,665
62570,129284,15713,62221,10609,113571,1277,612,665
62575,129295,15715,62227,10610,113580,1277,612,665
62580,129302,15717,62229,10610,113585,1277,612,665
62585,129315,15718,62235,10611,113597,1278,613,665
62590,129326,15719,62238,10612,113607,1278,613,665
62595,129333,15721,62240,10613,113612,1278,613,665
62600,129346,15721,62244,10613,113625,1278,613,665
62605,129357,15722,62248,10613,113635,1278,613,665
62610,129364,15724,62250,10614,113640,1278,613,665
62615,129377,15724,62255,10614,113653,1278,613,665
62620,129388,15725,62259,10615,113663,1278,613,665
62625,129395,15727,62262,10617,113668,1278,613,665
62630,129408,15728,62272,10618,113680,1278,613,665
62635,129419,15729,62277,10618,113689,1278,613,665
62640,129426,15732,62282,10620,113694,1278,613,665
62645,129439,15733,62290,10621,113706,1278,613,665
62650,129450,15735,62296,10622,113715,1278,613,665
62655,129457,15737,62299,10623,113720,1278,613,665
62660,129470,15739,62306,10625,113730,1278,613,665
62665,129481,15741,62311,10627,113740,1278,613,665
62670,129488,15743,62313,10627,113745,1278,613,665
62675,129501,15743,62319,10627,113758,1278,613,665
62680,129512,15744,62321,10627,113768,1278,613,665
62685,129519,15746,62324,10628,113773,1278,613,665
62690,129532,15749,62327,10630,113783,1279,613,666
62695,129543,15750,62334,10631,113792,1279,613,666
62700,129550,15753,62339,10633,113797,1279,613,666
62705,129563,15755,62345,10634,113808,1280,613,667
62710,129574,15755,62349,10634,113818,1280,613,667
62715,129581,15758,62351,10635,113823,1280,613,667
62720,129594,15760,62357,10637,113834,1281,614,667
62725,129605,15760,62365,10637,113845,1281,614,667
62730,129612,15762,62367,10637,113850,1281,614,667
62735,129625,15764,62372,10638,113861,1282,614,668
62740,129636,15764,62377,10638,113872,1282,614,668
62745,129643,15766,62380,10639,113877,1282,614,668
62750,129656,15768,62384,10640,113888,1283,614,669
62755,129667,15768,62392,10640,113898,1283,614,669
62760,129674,15771,62398,10642,113903,1283,614,669
62765,129687,15773,62402,10643,113914,1284,614,670
62770,129698,15774,62410,10644,113924,1284,614,670
62775,129705,15776,62415,10646,113929,1284,614,670
62780,129718,15778,62423,10648,113940,1285,614,671
62785,129729,15778,62425,10648,113950,1285,614,671
62790,129736,15781,62428,10651,113955,1285,614,671
62795,129749,15782,62434,10651,113967,1286,614,672
62800,129760,15783,62439,10652,113976,1286,614,672
62805,129767,15786,62441,10653,113981,1286,614,672
62810,129780,15789,62450,10656,113991,1287,615,672
62815,129791,15790,62457,10657,114000,1287,615,672
62820,129798,15793,62462,10660,114005,1287,615,672
62825,129811,15793,62465,10660,114017,1287,615,672
62830,129822,15795,62469,10662,114026,1287,615,672
62835,129829,15798,62473,10664,114031,1287,615,672
62840,129842,15798,62479,10664,114044,1287,615,672
62845,129853,15799,62485,10664,114054,1287,615,672
62850,129860,15801,62488,10665,114059,1287,615,672
62855,129873,15801,62496,10665,114071,1287,615,672
62860,129884,15803,62503,10666,114080,1287,615,672
62865,129891,15806,62505,10668,114085,1287,615,672
62870,129904,15806,62511,10668,114098,1287,615,672
62875,129915,15807,62515,10668,114107,1287,615,672
62880,129922,15810,62521,10671,114112,1287,615,672
62885,129935,15811,62528,10672,114124,1287,615,672
62890,129946,15812,62536,10673,114133,1287,615,672
62895,129953,15815,62540,10676,114138,1287,615,672
62900,129966,15815,62546,10676,114150,1287,615,672
62905,129977,15817,62552,10677,114159,1287,615,672
62910,129984,15820,62555,10679,114164,1287,615,672
62915,129997,15821,62561,10680,114176,1287,615,672
62920,130008,15822,62570,10680,114185,1287,615,672
62925,130015,15825,62573,10682,114190,1287,615,672
62930,130028,15828,62581,10685,114199,1288,615,673
62935,130039,15831,62591,10687,114207,1288,615,673
62940,130046,15834,62593,10688,114212,1288,615,673
62945,130059,15835,62600,10688,114224,1288,615,673
62950,130070,15835,62604,10688,114234,1288,615,673
62955,130077,15838,62609,10691,114239,1288,615,673
62960,130090,15839,62616,10691,114251,1288,615,673
62965,130101,15839,62622,10691,114262,1288,615,673
62970,130108,15841,62625,10692,114267,1288,615,673
62975,130121,15842,62631,10692,114279,1288,615,673
62980,130132,15842,62634,10692,114290,1288,615,673
62985,130139,15844,62638,10693,114295,1288,615,673
62990,130152,15845,62644,10694,114307,1288,615,673
62995,130163,15845,62649,10694,114317,1288,615,673
63000,130170,15848,62652,10696,114322,1288,615,673
63005,130183,15849,62659,10696,114334,1288,615,673
63010,130194,15849,62663,10696,114345,1288,615,673
63015,130201,15851,62669,10697,114350,1288,615,673
63020,130214,15852,62676,10697,114362,1288,615,673
63025,130225,15852,62684,10697,114373,1288,615,673
63030,130232,15854,62687,10698,114378,1288,615,673
63035,130245,15855,62690,10698,114390,1288,615,673
63040,130256,15855,62694,10698,114400,1288,615,673
63045,130263,15858,62699,10701,114405,1288,615,673
63050,130276,15860,62707,10703,114416,1289,616,673
63055,130287,15862,62716,10705,114424,1289,616,673
63060,130294,15865,62717,10706,114429,1289,616,673
63065,130307,15866,62724,10707,114441,1289,616,673
63070,130318,15867,62728,10708,114450,1289,616,673
63075,130325,15870,62731,10710,114455,1289,616,673
63080,130338,15871,62738,10711,114467,1289,616,673
63085,130349,15873,62745,10713,114475,1289,616,673
63090,130356,15876,62748,10714,114480,1289,616,673
63095,130369,15876,62756,10714,114493,1289,616,673
63100,130380,15877,62758,10714,114503,1289,616,673
63105,130387,15879,62763,10716,114508,1289,616,673
63110,130400,15879,62768,10716,114521,1289,616,673
63115,130411,15880,62770,10716,114531,1289,616,673
63120,130418,15882,62775,10718,114536,1289,616,673
63125,130431,15882,62778,10718,114549,1289,616,673
63130,130442,15883,62784,10719,114559,1289,616,673
63135,130449,15885,62789,10720,114564,1289,616,673
63140,130462,15885,62794,10720,114577,1289,616,673
63145,130473,15887,62801,10722,114585,1289,616,673
63150,130480,15890,62803,10723,114590,1289,616,673
63155,130493,15890,62809,10723,114603,1289,616,673
63160,130504,15892,62816,10724,114611,1289,616,673
63165,130511,15895,62821,10726,114616,1289,616,673
63170,130524,15898,62828,10728,114626,1289,616,673
63175,130535,15899,62832,10729,114635,1289,616,673
63180,130542,15902,62835,10730,114640,1289,616,673
63185,130555,15903,62841,10731,114651,1290,617,673
63190,130566,15904,62843,10732,114662,1290,617,673
63195,130573,15906,62847,10733,114667,1290,617,673
63200,130586,15907,62852,10733,114679,1291,617,674
63205,130597,15907,62859,10733,114689,1291,617,674
63210,130604,15910,62863,10736,114694,1291,617,674
63215,130617,15912,62869,10737,114705,1292,617,675
63220,130628,15912,62874,10737,114716,1292,617,675
63225,130635,15914,62878,10738,114721,1292,617,675
63230,130648,15915,62884,10738,114732,1293,618,675
63235,130659,15916,62888,10739,114742,1293,618,675
63240,130666,15919,62891,10741,114747,1293,618,675
63245,130679,15920,62898,10741,114758,1294,619,675
63250,130690,15921,62902,10742,114769,1294,619,675
63255,130697,15923,62908,10744,114774,1294,619,675
63260,130710,15924,62915,10745,114785,1295,619,676
63265,130721,15925,62924,10746,114795,1295,619,676
63270,130728,15928,62925,10747,114800,1295,619,676
63275,130741,15930,62932,10748,114810,1296,620,676
63280,130752,15931,62938,10749,114821,1296,620,676
63285,130759,15933,62943,10750,114826,1296,620,676
63290,130772,15935,62950,10752,114836,1297,621,676
63295,130783,15937,62954,10754,114846,1297,621,676
63300,130790,15939,62957,10754,114851,1297,621,676
63305,130803,15940,62964,10755,114863,1297,621,676
63310,130814,15941,62970,10756,114873,1297,621,676
63315,130821,15943,62975,10758,114878,1297,621,676
63320,130834,15943,62979,10758,114891,1297,621,676
63325,130845,15945,62986,10759,114899,1297,621,676
63330,130852,15948,62989,10762,114904,1297,621,676
63335,130865,15948,62995,10762,114917,1297,621,676
63340,130876,15949,63002,10763,114927,1297,621,676
63345,130883,15951,63006,10764,114932,1297,621,676
63350,130896,15952,63012,10765,114944,1297,621,676
63355,130907,15954,63019,10766,114952,1297,621,676
63360,130914,15957,63025,10769,114957,1297,621,676
63365,130927,15957,63030,10769,114970,1297,621,676
63370,130938,15959,63036,10770,114978,1297,621,676
63375,130945,15962,63042,10773,114983,1297,621,676
63380,130958,15963,63048,10774,114995,1297,621,676
63385,130969,15965,63056,10776,115003,1297,621,676
63390,130976,15968,63058,10777,115008,1297,621,676
63395,130989,15969,63067,10778,115020,1297,621,676
63400,131000,15970,63071,10778,115030,1297,621,676
63405,131007,15972,63073,10778,115035,1297,621,676
63410,131020,15974,63078,10779,115045,1297,621,676
63415,131031,15976,63084,10780,115054,1297,621,676
63420,131038,15979,63088,10782,115059,1297,621,676
63425,131051,15982,63093,10784,115069,1298,622,676
63430,131062,15983,63096,10785,115079,1298,622,676
63435,131069,15985,63102,10787,115084,1298,622,676
63440,131082,15986,63103,10788,115096,1299,622,677
63445,131093,15987,63108,10788,115106,1299,622,677
63450,131100,15989,63112,10789,115111,1299,622,677
63455,131113,15991,63121,10791,115122,1300,623,677
63460,131124,15992,63128,10792,115131,1300,623,677
63465,131131,15995,63133,10793,115136,1300,623,677
63470,131144,15998,63139,10795,115146,1301,623,678
63475,131155,15999,63145,10796,115155,1301,623,678
63480,131162,16002,63151,10799,115160,1301,623,678
63485,131175,16003,63158,10800,115172,1301,623,678
63490,131186,16004,63163,10800,115181,1301,623,678
63495,131193,16007,63165,10802,115186,1301,623,678
63500,131206,16008,63173,10803,115198,1301,623,678
63505,131217,16009,63178,10803,115207,1301,623,678
63510,131224,16012,63183,10806,115212,1301,623,678
63515,131237,16013,63193,10807,115224,1301,623,678
63520,131248,16014,63200,10808,115233,1301,623,678
63525,131255,16017,63201,10809,115238,1301,623,678
63530,131268,16019,63206,10811,115249,1301,623,678
63535,131279,16020,63212,10812,115259,1301,623,678
63540,131286,16022,63215,10814,115264,1301,623,678
63545,131299,16024,63219,10815,115275,1302,624,678
63550,131310,16026,63226,10816,115283,1302,624,678
63555,131317,16029,63231,10818,115288,1302,624,678
63560,131330,16030,63234,10818,115299,1302,624,678
63565,131341,16032,63239,10819,115309,1302,624,678
63570,131348,16034,63240,10819,115314,1302,624,678
63575,131361,16035,63245,10819,115325,1302,624,678
63580,131372,16037,63252,10820,115334,1302,624,678
63585,131379,16040,63253,10821,115339,1302,624,678
63590,131392,16041,63259,10821,115351,1302,624,678
63595,131403,16042,63263,10821,115361,1302,624,678
63600,131410,16044,63268,10823,115366,1302,624,678
63605,131423,16046,63275,10824,115377,1303,624,679
63610,131434,16048,63284,10826,115385,1303,624,679
63615,131441,16051,63289,10828,115390,1303,624,679
63620,131454,16053,63293,10829,115401,1304,624,680
63625,131465,16054,63295,10829,115411,1304,624,680
63630,131472,16056,63298,10830,115416,1304,624,680
63635,131485,16057,63304,10831,115428,1305,625,680
63640,131496,16058,63308,10832,115438,1305,625,680
63645,131503,16060,63310,10833,115443,1305,625,680
63650,131516,16062,63314,10834,115454,1306,625,681
63655,131527,16064,63320,10836,115463,1306,625,681
63660,131534,16066,63326,10838,115468,1306,625,681
63665,131547,16066,63331,10838,115481,1306,625,681
63670,131558,16067,63334,10838,115491,1306,625,681
63675,131565,16069,63340,10840,115496,1306,625,681
63680,131578,16070,63349,10841,115508,1306,625,681
63685,131589,16071,63352,10841,115518,1306,625,681
63690,131596,16073,63355,10841,115523,1306,625,681
63695,131609,16073,63359,10841,115536,1306,625,681
63700,131620,16074,63363,10841,115546,1306,625,681
63705,131627,16076,63368,10842,115551,1306,625,681
63710,131640,16077,63370,10843,115563,1306,625,681
63715,131651,16078,63377,10843,115572,1306,625,681
63720,131658,16081,63382,10845,115577,1306,625,681
63725,131671,16082,63391,10846,115588,1307,625,682
63730,131682,16083,63394,10847,115598,1307,625,682
63735,131689,16086,63396,10849,115603,1307,625,682
63740,131702,16087,63404,10850,115614,1307,625,682
63745,131713,16088,63407,10851,115624,1307,625,682
63750,131720,16091,63410,10852,115629,1307,625,682
63755,131733,16091,63417,10852,115642,1307,625,682
63760,131744,16091,63421,10852,115653,1307,625,682
63765,131751,16093,63425,10853,115658,1307,625,682
63770,131764,16096,63433,10856,115667,1307,625,682
63775,131775,16097,63439,10857,115677,1307,625,682
63780,131782,16100,63444,10859,115682,1307,625,682
63785,131795,16101,63452,10860,115694,1307,625,682
63790,131806,16101,63457,10860,115704,1307,625,682
63795,131813,16104,63462,10863,115709,1307,625,682
63800,131826,16106,63466,10864,115720,1307,625,682
63805,131837,16106,63470,10864,115731,1307,625,682
63810,131844,16108,63474,10865,115736,1307,625,682
63815,131857,16109,63479,10866,115748,1307,625,682
63820,131868,16109,63487,10866,115758,1307,625,682
63825,131875,16112,63491,10868,115763,1307,625,682
63830,131888,16114,63499,10870,115774,1307,625,682
63835,131899,16115,63502,10870,115783,1307,625,682
63840,131906,16118,63505,10871,115788,1307,625,682
63845,131919,16119,63508,10872,115800,1308,625,683
63850,131930,16120,63514,10873,115810,1308,625,683
63855,131937,16122,63519,10875,115815,1308,625,683
63860,131950,16122,63527,10875,115828,1309,625,684
63865,131961,16123,63531,10875,115838,1309,625,684
63870,131968,16125,63537,10876,115843,1309,625,684
63875,131981,16125,63537,10876,115856,1310,625,685
63880,131992,16126,63543,10876,115865,1310,625,685
63885,131999,16129,63547,10878,115870,1310,625,685
63890,132012,16130,63554,10879,115882,1311,625,686
63895,132023,16131,63561,10879,115891,1311,625,686
63900,132030,16134,63565,10881,115896,1311,625,686
63905,132043,16135,63570,10882,115908,1312,626,686
63910,132054,16137,63576,10884,115916,1312,626,686
63915,132061,16140,63582,10887,115921,1312,626,686
63920,132074,16143,63590,10889,115931,1313,626,687
63925,132085,16145,63599,10891,115939,1313,626,687
63930,132092,16148,63600,10892,115944,1313,626,687
63935,132105,16151,63607,10895,115954,1314,627,687
63940,132116,16152,63612,10896,115964,1314,627,687
63945,132123,16154,63616,10897,115969,1314,627,687
63950,132136,16156,63622,10899,115980,1315,627,688
63955,132147,16158,63630,10901,115989,1315,627,688
63960,132154,16160,63634,10903,115994,1315,627,688
63965,132167,16161,63641,10904,116005,1315,627,688
63970,132178,16164,63645,10906,116014,1315,627,688
63975,132185,16166,63648,10908,116019,1315,627,688
63980,132198,16166,63652,10908,116032,1315,627,688
63985,132209,16168,63657,10909,116041,1315,627,688
63990,132216,16170,63662,10910,116046,1315,627,688
63995,132229,16171,63670,10911,116057,1315,627,688
64000,132240,16174,63676,10913,116065,1315,627,688
64005,132247,16177,63678,10916,116070,1315,627,688
64010,132260,16177,63683,10916,116083,1315,627,688
64015,132271,16178,63688,10917,116092,1315,627,688
64020,132278,16181,63691,10918,116097,1315,627,688
64025,132291,16182,63700,10919,116109,1315,627,688
64030,132302,16183,63706,10920,116119,1315,627,688
64035,132309,16184,63707,10920,116125,1315,627,688
64040,132322,16185,63713,10921,116137,1315,627,688
64045,132333,16186,63717,10921,116147,1315,627,688
64050,132340,16187,63721,10922,116153,1315,627,688
64055,132353,16187,63728,10922,116166,1316,627,689
64060,132364,16188,63733,10923,116176,1316,627,689
64065,132371,16189,63738,10924,116182,1316,627,689
64070,132384,16190,63742,10925,116194,1317,628,689
64075,132395,16191,63748,10925,116204,1317,628,689
64080,132402,16192,63750,10925,116210,1317,628,689
64085,132415,16193,63758,10926,116222,1318,629,689
64090,132426,16194,63764,10926,116232,1318,629,689
64095,132433,16195,63768,10927,116238,1318,629,689
64100,132446,16197,63773,10928,116249,1319,629,690
64105,132457,16198,63776,10929,116259,1319,629,690
64110,132464,16199,63779,10929,116265,1319,629,690
64115,132477,16201,63785,10931,116276,1320,629,691
64120,132488,16202,63790,10932,116286,1320,629,691
64125,132495,16203,63794,10933,116292,1320,629,691
64130,132508,16205,63803,10934,116302,1321,630,691
64135,132519,16207,63806,10935,116311,1321,630,691
64140,132526,16210,63812,10938,116316,1321,630,691
64145,132539,16210,63820,10938,116328,1321,630,691
64150,132550,16211,63824,10939,116339,1321,630,691
64155,132557,16213,63828,10940,116344,1321,630,691
64160,132570,16213,63832,10940,116357,1321,630,691
64165,132581,16213,63838,10940,116368,1321,630,691
64170,132588,16215,63842,10940,116373,1321,630,691
64175,132601,16215,63848,10940,116386,1321,630,691
64180,132612,16215,63854,10940,116396,1321,630,691
64185,132619,16218,63859,10943,116401,1321,630,691
64190,132632,16218,63862,10943,116414,1321,630,691
64195,132643,16218,63870,10943,116424,1321,630,691
64200,132650,16221,63872,10944,116429,1321,630,691
64205,132663,16221,63878,10944,116442,1322,630,692
64210,132674,16221,63883,10944,116453,1322,630,692
64215,132681,16223,63887,10945,116458,1322,630,692
64220,132694,16223,63892,10945,116470,1323,630,693
64225,132705,16224,63899,10946,116480,1323,630,693
64230,132712,16227,63902,10948,116485,1323,630,693
64235,132725,16227,63908,10948,116497,1324,630,694
64240,132736,16228,63913,10949,116508,1324,630,694
64245,132743,16230,63918,10950,116513,1324,630,694
64250,132756,16233,63928,10953,116522,1325,631,694
64255,132767,16235,63932,10954,116532,1325,631,694
64260,132774,16237,63934,10955,116537,1325,631,694
64265,132787,16238,63939,10955,116549,1325,631,694
64270,132798,16239,63945,10956,116558,1325,631,694
64275,132805,16242,63949,10958,116563,1325,631,694
64280,132818,16243,63956,10959,116575,1325,631,694
64285,132829,16245,63963,10961,116583,1325,631,694
64290,132836,16248,63966,10962,116588,1325,631,694
64295,132849,16249,63973,10963,116600,1325,631,694
64300,132860,16251,63980,10965,116609,1325,631,694
64305,132867,16253,63986,10967,116614,1325,631,694
64310,132880,16254,63993,10968,116626,1325,631,694
64315,132891,16255,63997,10969,116636,1325,631,694
64320,132898,16257,64000,10970,116641,1325,631,694
64325,132911,16259,64007,10971,116652,1325,631,694
64330,132922,16260,64012,10971,116662,1325,631,694
64335,132929,16262,64016,10972,116667,1325,631,694
64340,132942,16263,64022,10973,116679,1325,631,694
64345,132953,16264,64029,10973,116689,1325,631,694
64350,132960,16266,64033,10974,116694,1325,631,694
64355,132973,16267,64035,10974,116706,1325,631,694
64360,132984,16268,64040,10975,116716,1325,631,694
64365,132991,16270,64041,10975,116721,1325,631,694
64370,133004,16271,64046,10975,116732,1325,631,694
64375,133015,16273,64049,10976,116742,1325,631,694
64380,133022,16275,64053,10976,116747,1325,631,694
64385,133035,16275,64057,10976,116759,1326,631,695
64390,133046,16278,64064,10979,116768,1326,631,695
64395,133053,16280,64066,10980,116773,1326,631,695
64400,133066,16281,64074,10981,116785,1327,631,696
64405,133077,16282,64079,10982,116795,1327,631,696
64410,133084,16284,64084,10984,116800,1327,631,696
64415,133097,16285,64093,10985,116811,1328,631,697
64420,133108,16287,64099,10987,116820,1328,631,697
64425,133115,16290,64104,10990,116825,1328,631,697
64430,133128,16290,64112,10990,116837,1329,632,697
64435,133139,16293,64118,10993,116846,1329,632,697
64440,133146,16295,64122,10994,116851,1329,632,697
64445,133159,16295,64127,10994,116864,1330,633,697
64450,133170,16295,64134,10994,116874,1330,633,697
64455,133177,16298,64138,10996,116879,1330,633,697
64460,133190,16298,64145,10996,116892,1331,633,698
64465,133201,16298,64151,10996,116902,1331,633,698
64470,133208,16301,64156,10998,116907,1331,633,698
64475,133221,16301,64163,10998,116920,1332,633,699
64480,133232,16301,64168,10998,116930,1332,633,699
64485,133239,16304,64171,11000,116935,1332,633,699
64490,133252,16307,64180,11003,116945,1333,634,699
64495,133263,16307,64185,11003,116955,1333,634,699
64500,133270,16310,64189,11004,116960,1333,634,699
64505,133283,16311,64196,11005,116971,1333,634,699
64510,133294,16313,64199,11007,116981,1333,634,699
64515,133301,16315,64202,11008,116986,1333,634,699
64520,133314,16317,64207,11009,116997,1333,634,699
64525,133325,16318,64213,11010,117007,1333,634,699
64530,133332,16320,64217,11011,117012,1333,634,699
64535,133345,16322,64224,11012,117023,1333,634,699
64540,133356,16323,64231,11012,117032,1333,634,699
64545,133363,16326,64233,11013,117037,1333,634,699
64550,133376,16328,64238,11014,117048,1333,634,699
64555,133387,16329,64242,11014,117058,1333,634,699
64560,133394,16331,64244,11015,117063,1333,634,699
64565,133407,16332,64250,11015,117075,1333,634,699
64570,133418,16333,64255,11016,117085,1333,634,699
64575,133425,16335,64257,11016,117090,1333,634,699
64580,133438,16337,64262,11018,117101,1333,634,699
64585,133449,16338,64267,11018,117111,1333,634,699
64590,133456,16340,64270,11019,117116,1333,634,699
64595,133469,16342,64278,11021,117127,1333,634,699
64600,133480,16343,64281,11021,117137,1333,634,699
64605,133487,16345,64284,11022,117142,1333,634,699
64610,133500,16347,64292,11024,117153,1334,634,700
64615,133511,16348,64297,11024,117162,1334,634,700
64620,133518,16351,64301,11027,117167,1334,634,700
64625,133531,16351,64308,11027,117180,1335,635,700
64630,133542,16352,64313,11027,117189,1335,635,700
64635,133549,16355,64317,11029,117194,1335,635,700
64640,133562,16357,64322,11031,117205,1336,635,701
64645,133573,16359,64328,11033,117214,1336,635,701
64650,133580,16361,64331,11034,117219,1336,635,701
64655,133593,16362,64336,11035,117231,1337,635,702
64660,133604,16364,64342,11037,117240,1337,635,702
64665,133611,16366,64343,11037,117245,1337,635,702
64670,133624,16367,64353,11038,117257,1338,636,702
64675,133635,16369,64357,11039,117266,1338,636,702
64680,133642,16371,64361,11041,117271,1338,636,702
64685,133655,16372,64370,11042,117282,1339,636,703
64690,133666,16373,64376,11043,117292,1339,636,703
64695,133673,16376,64381,11045,117297,1339,636,703
64700,133686,16376,64383,11045,117310,1340,637,703
64705,133697,16376,64386,11045,117321,1340,637,703
64710,133704,16378,64391,11046,117326,1340,637,703
64715,133717,16379,64399,11047,117337,1340,637,703
64720,133728,16380,64405,11048,117348,1340,637,703
64725,133735,16382,64410,11049,117353,1340,637,703
64730,133748,16383,64415,11050,117365,1340,637,703
64735,133759,16383,64421,11050,117375,1340,637,703
64740,133766,16386,64423,11051,117380,1340,637,703
64745,133779,16387,64431,11052,117391,1340,637,703
64750,133790,16388,64435,11053,117401,1340,637,703
64755,133797,16391,64440,11056,117406,1340,637,703
64760,133810,16393,64446,11058,117416,1340,637,703
64765,133821,16394,64451,11059,117426,1340,637,703
64770,133828,16397,64455,11061,117431,1340,637,703
64775,133841,16398,64460,11061,117442,1340,637,703
64780,133852,16399,64463,11062,117452,1340,637,703
64785,133859,16402,64466,11064,117457,1340,637,703
64790,133872,16403,64471,11065,117469,1340,637,703
64795,133883,16405,64481,11067,117477,1340,637,703
64800,133890,16408,64482,11069,117482,1340,637,703
64805,133903,16410,64489,11071,117493,1341,638,703
64810,133914,16411,64493,11072,117503,1341,638,703
64815,133921,16413,64496,11072,117508,1341,638,703
64820,133934,16417,64504,11075,117517,1342,639,703
64825,133945,16418,64510,11076,117526,1342,639,703
64830,133952,16421,64516,11079,117531,1342,639,703
64835,133965,16423,64523,11081,117542,1343,640,703
64840,133976,16424,64525,11081,117552,1343,640,703
64845,133983,16426,64529,11083,117557,1343,640,703
64850,133996,16427,64531,11083,117569,1344,640,704
64855,134007,16428,64538,11083,117578,1344,640,704
64860,134014,16431,64542,11085,117583,1344,640,704
64865,134027,16431,64546,11085,117596,1344,640,704
64870,134038,16432,64551,11085,117606,1344,640,704
64875,134045,16434,64553,11085,117611,1344,640,704
64880,134058,16434,64563,11085,117624,1344,640,704
64885,134069,16435,64567,11086,117633,1344,640,704
64890,134076,16438,64569,11087,117638,1344,640,704
64895,134089,16438,64576,11087,117651,1344,640,704
64900,134100,16439,64580,11087,117660,1344,640,704
64905,134107,16442,64583,11088,117665,1344,640,704
64910,134120,16442,64587,11088,117678,1344,640,704
64915,134131,16443,64592,11089,117688,1344,640,704
64920,134138,16445,64596,11091,117693,1344,640,704
64925,134151,16445,64603,11091,117706,1345,641,704
64930,134162,16446,64609,11092,117716,1345,641,704
64935,134169,16448,64613,11093,117721,1345,641,704
64940,134182,16448,64616,11093,117734,1346,641,705
64945,134193,16449,64622,11093,117744,1346,641,705
64950,134200,16451,64626,11094,117749,1346,641,705
64955,134213,16452,64634,11095,117761,1347,642,705
64960,134224,16453,64639,11095,117771,1347,642,705
64965,134231,16455,64640,11095,117776,1347,642,705
64970,134244,16457,64647,11096,117787,1348,642,706
64975,134255,16458,64652,11096,117797,1348,642,706
64980,134262,16460,64656,11097,117802,1348,642,706
64985,134275,16462,64660,11098,117813,1348,642,706
64990,134286,16462,64667,11098,117823,1348,642,706
64995,134293,16465,64670,11100,117828,1348,642,706
65000,134306,16465,64674,11100,117841,1348,642,706
65005,134317,16465,64679,11100,117852,1348,642,706
65010,134324,16467,64684,11101,117857,1348,642,706
65015,134337,16467,64688,11101,117870,1348,642,706
65020,134348,16467,64694,11101,117881,1348,642,706
65025,134355,16469,64698,11102,117886,1348,642,706
65030,134368,16469,64704,11102,117899,1348,642,706
65035,134379,16469,64707,11102,117910,1348,642,706
65040,134386,16471,64710,11102,117915,1348,642,706
65045,134399,16471,64714,11102,117928,1349,642,707
65050,134410,16471,64719,11102,117939,1349,642,707
65055,134417,16473,64723,11103,117944,1349,642,707
65060,134430,16473,64729,11103,117957,1349,642,707
65065,134441,16473,64736,11103,117967,1349,642,707
65070,134448,16476,64737,11104,117972,1349,642,707
65075,134461,16476,64743,11104,117985,1349,642,707
65080,134472,16476,64747,11104,117996,1349,642,707
65085,134479,16478,64750,11105,118001,1349,642,707
65090,134492,16481,64756,11108,118011,1349,642,707
65095,134503,16482,64762,11108,118021,1349,642,707
65100,134510,16484,64765,11108,118026,1349,642,707
65105,134523,16485,64767,11108,118037,1349,642,707
65110,134534,16487,64771,11109,118047,1349,642,707
65115,134541,16489,64774,11110,118052,1349,642,707
65120,134554,16490,64780,11111,118064,1349,642,707
65125,134565,16491,64787,11112,118073,1349,642,707
65130,134572,16494,64791,11114,118078,1349,642,707
65135,134585,16494,64797,11114,118090,1349,642,707
65140,134596,16496,64802,11115,118099,1349,642,707
65145,134603,16499,64803,11117,118104,1349,642,707
65150,134616,16501,64809,11119,118115,1349,642,707
65155,134627,16502,64814,11120,118125,1349,642,707
65160,134634,16504,64818,11121,118130,1349,642,707
65165,134647,16506,64827,11122,118141,1349,642,707
65170,134658,16507,64832,11122,118151,1349,642,707
65175,134665,16509,64833,11123,118156,1349,642,707
65180,134678,16511,64837,11124,118167,1349,642,707
65185,134689,16512,64841,11125,118176,1349,642,707
65190,134696,16515,64847,11128,118181,1349,642,707
65195,134709,16517,64856,11130,118192,1349,642,707
65200,134720,16518,64861,11131,118201,1349,642,707
65205,134727,16521,64864,11134,118206,1349,642,707
65210,134740,16522,64872,11134,118218,1349,642,707
65215,134751,16523,64876,11135,118227,1349,642,707
65220,134758,16526,64880,11137,118232,1349,642,707
65225,134771,16526,64888,11137,118245,1349,642,707
65230,134782,16526,64893,11137,118256,1349,642,707
65235,134789,16528,64895,11137,118261,1349,642,707
65240,134802,16528,64903,11137,118274,1349,642,707
65245,134813,16528,64909,11137,118285,1349,642,707
65250,134820,16530,64912,11138,118290,1349,642,707
65255,134833,16530,64918,11138,118303,1349,642,707
65260,134844,16530,64922,11138,118314,1349,642,707
65265,134851,16532,64927,11140,118319,1349,642,707
65270,134864,16532,64935,11140,118332,1349,642,707
65275,134875,16532,64938,11140,118343,1349,642,707
65280,134882,16534,64942,11142,118348,1349,642,707
65285,134895,16534,64950,11142,118361,1349,642,707
65290,134906,16534,64955,11142,118372,1349,642,707
65295,134913,16536,64960,11144,118377,1349,642,707
65300,134926,16536,64964,11144,118390,1349,642,707
65305,134937,16536,64970,11144,118400,1349,642,707
65310,134944,16539,64975,11145,118405,1349,642,707
65315,134957,16539,64979,11145,118418,1349,642,707
65320,134968,16539,64985,11145,118428,1349,642,707
65325,134975,16542,64989,11146,118433,1349,642,707
65330,134988,16545,64995,11149,118443,1349,642,707
65335,134999,16547,65003,11151,118451,1349,642,707
65340,135006,16550,65004,11153,118456,1349,642,707
65345,135019,16552,65009,11155,118467,1349,642,707
65350,135030,16553,65017,11155,118476,1349,642,707
65355,135037,16556,65018,11156,118481,1349,642,707
65360,135050,16558,65026,11158,118491,1349,642,707
65365,135061,16560,65031,11160,118500,1349,642,707
65370,135068,16563,65035,11161,118505,1349,642,707
65375,135081,16564,65041,11162,118517,1349,642,707
65380,135092,16565,65047,11162,118527,1349,642,707
65385,135099,16567,65051,11162,118532,1349,642,707
65390,135112,16568,65057,11163,118544,1349,642,707
65395,135123,16569,65064,11164,118553,1349,642,707
65400,135130,16572,65066,11166,118558,1349,642,707
65405,135143,16572,65074,11166,118571,1349,642,707
65410,135154,16572,65078,11166,118582,1349,642,707
65415,135161,16574,65082,11167,118587,1349,642,707
65420,135174,16574,65085,11167,118600,1349,642,707
65425,135185,16574,65093,11167,118611,1349,642,707
65430,135192,16576,65096,11169,118616,1349,642,707
65435,135205,16576,65102,11169,118629,1349,642,707
65440,135216,16576,65106,11169,118640,1349,642,707
65445,135223,16578,65108,11171,118645,1349,642,707
65450,135236,16578,65111,11171,118658,1349,642,707
65455,135247,16579,65118,11172,118667,1349,642,707
65460,135254,16582,65122,11175,118672,1349,642,707
65465,135267,16583,65130,11176,118684,1349,642,707
65470,135278,16583,65132,11176,118695,1349,642,707
65475,135285,16585,65135,11177,118700,1349,642,707
65480,135298,16587,65143,11179,118711,1349,642,707
65485,135309,16588,65148,11180,118720,1349,642,707
65490,135316,16591,65150,11181,118725,1349,642,707
65495,135329,16593,65154,11182,118735,1349,642,707
65500,135340,16594,65162,11183,118746,1349,642,707
65505,135347,16596,65166,11184,118751,1349,642,707
65510,135360,16598,65172,11185,118762,1349,642,707
65515,135371,16599,65175,11186,118771,1349,642,707
65520,135378,16602,65178,11188,118776,1349,642,707
65525,135391,16603,65185,11189,118788,1349,642,707
65530,135402,16604,65190,11190,118797,1349,642,707
65535,135409,16607,65193,11191,118802,1349,642,707
65540,135422,16609,65202,11193,118813,1349,642,707
65545,135433,16610,65208,11193,118823,1349,642,707
65550,135440,16612,65208,11193,118828,1349,642,707
65555,135453,16614,65214,11195,118838,1349,642,707
65560,135464,16616,65218,11197,118848,1349,642,707
65565,135471,16618,65222,11198,118853,1349,642,707
65570,135484,16620,65228,11200,118864,1349,642,707
65575,135495,16621,65234,11201,118873,1349,642,707
65580,135502,16624,65237,11203,118878,1349,642,707
65585,135515,16626,65242,11204,118889,1349,642,707
65590,135526,16626,65247,11204,118900,1349,642,707
65595,135533,16628,65251,11205,118905,1349,642,707
65600,135546,16630,65260,11206,118916,1349,642,707
65605,135557,16630,65264,11206,118927,1349,642,707
65610,135564,16632,65267,11207,118932,1349,642,707
65615,135577,16633,65271,11207,118944,1349,642,707
65620,135588,16633,65275,11207,118954,1349,642,707
65625,135595,16636,65277,11208,118959,1349,642,707
65630,135608,16637,65285,11208,118971,1349,642,707
65635,135619,16637,65288,11208,118982,1349,642,707
65640,135626,16639,65292,11209,118987,1349,642,707
65645,135639,16641,65295,11211,118998,1349,642,707
65650,135650,16641,65302,11211,119009,1349,642,707
65655,135657,16643,65304,11212,119014,1349,642,707
65660,135670,16644,65310,11213,119026,1349,642,707
65665,135681,16644,65316,11213,119036,1349,642,707
65670,135688,16647,65318,11215,119041,1349,642,707
65675,135701,16648,65324,11216,119053,1349,642,707
65680,135712,16648,65333,11216,119063,1349,642,707
65685,135719,16651,65336,11218,119068,1349,642,707
65690,135732,16652,65339,11218,119080,1349,642,707
65695,135743,16654,65347,11220,119089,1349,642,707
65700,135750,16656,65351,11221,119094,1349,642,707
65705,135763,16656,65358,11221,119107,1349,642,707
65710,135774,16658,65362,11222,119115,1349,642,707
65715,135781,16661,65367,11225,119120,1349,642,707
65720,135794,16663,65375,11227,119131,1349,642,707
65725,135805,16665,65380,11229,119140,1349,642,707
65730,135812,16667,65383,11231,119145,1349,642,707
65735,135825,16668,65390,11232,119157,1349,642,707
65740,135836,16670,65398,11233,119165,1349,642,707
65745,135843,16673,65404,11235,119170,1349,642,707
65750,135856,16673,65411,11235,119183,1349,642,707
65755,135867,16675,65417,11237,119192,1349,642,707
65760,135874,16677,65422,11238,119197,1349,642,707
65765,135887,16678,65426,11239,119209,1349,642,707
65770,135898,16679,65431,11239,119218,1349,642,707
65775,135905,16682,65435,11240,119223,1349,642,707
65780,135918,16683,65443,11241,119235,1349,642,707
65785,135929,16685,65447,11242,119243,1349,642,707
65790,135936,16688,65450,11244,119248,1349,642,707
65795,135949,16688,65455,11244,119261,1349,642,707
65800,135960,16689,65460,11245,119270,1349,642,707
65805,135967,16692,65463,11247,119275,1349,642,707
65810,135980,16693,65470,11248,119287,1349,642,707
65815,135991,16695,65476,11249,119295,1349,642,707
65820,135998,16698,65482,11251,119300,1349,642,707
65825,136011,16700,65489,11253,119311,1349,642,707
65830,136022,16701,65494,11254,119321,1349,642,707
65835,136029,16702,65496,11255,119327,1349,642,707
65840,136042,16705,65504,11258,119337,1349,642,707
65845,136053,16706,65513,11259,119347,1349,642,707
65850,136060,16707,65516,11260,119353,1349,642,707
65855,136073,16708,65523,11260,119365,1349,642,707
65860,136084,16709,65526,11260,119375,1349,642,707
65865,136091,16710,65528,11260,119381,1349,642,707
65870,136104,16714,65538,11263,119390,1349,642,707
65875,136115,16715,65544,11264,119400,1349,642,707
65880,136122,16716,65547,11264,119406,1349,642,707
65885,136135,16716,65555,11264,119419,1349,642,707
65890,136146,16716,65560,11264,119430,1349,642,707
65895,136153,16717,65564,11265,119436,1349,642,707
65900,136166,16717,65569,11265,119449,1349,642,707
65905,136177,16717,65573,11265,119460,1349,642,707
65910,136184,16718,65574,11265,119466,1349,642,707
65915,136197,16718,65580,11265,119479,1349,642,707
65920,136208,16718,65585,11265,119490,1349,642,707
65925,136215,16719,65588,11265,119496,1349,642,707
65930,136228,16719,65594,11265,119509,1349,642,707
65935,136239,16719,65599,11265,119520,1349,642,707
65940,136246,16721,65604,11266,119525,1349,642,707
65945,136259,16721,65610,11266,119537,1349,642,707
65950,136270,16723,65613,11268,119547,1349,642,707
65955,136277,16725,65618,11270,119552,1349,642,707
65960,136290,16725,65624,11270,119565,1349,642,707
65965,136301,16726,65626,11271,119575,1349,642,707
65970,136308,16728,65628,11272,119580,1349,642,707
65975,136321,16728,65637,11272,119593,1349,642,707
65980,136332,16729,65645,11273,119602,1349,642,707
65985,136339,16732,65649,11274,119607,1349,642,707
65990,136352,16733,65653,11275,119619,1349,642,707
65995,136363,16734,65658,11276,119629,1349,642,707
66000,136370,16736,65661,11276,119634,1349,642,707
66005,136383,16736,65666,11276,119647,1349,642,707
66010,136394,16737,65673,11277,119656,1349,642,707
66015,136401,16740,65677,11278,119661,1349,642,707
66020,136414,16741,65683,11279,119673,1349,642,707
66025,136425,16742,65686,11280,119683,1349,642,707
66030,136432,16744,65690,11282,119688,1349,642,707
66035,136445,16745,65696,11283,119700,1349,642,707
66040,136456,16746,65700,11283,119710,1349,642,707
66045,136463,16748,65704,11284,119715,1349,642,707
66050,136476,16750,65711,11286,119726,1349,642,707
66055,136487,16751,65715,11287,119736,1349,642,707
66060,136494,16753,65719,11289,119741,1349,642,707
66065,136507,16755,65728,11291,119752,1349,642,707
66070,136518,16756,65733,11291,119761,1349,642,707
66075,136525,16759,65737,11292,119766,1349,642,707
66080,136538,16760,65741,11293,119778,1349,642,707
66085,136549,16761,65751,11294,119787,1349,642,707
66090,136556,16764,65755,11296,119792,1349,642,707
66095,136569,16765,65763,11297,119804,1349,642,707
66100,136580,16766,65769,11298,119813,1349,642,707
66105,136587,16769,65775,11301,119818,1349,642,707
66110,136600,16771,65781,11302,119829,1349,642,707
66115,136611,16772,65786,11302,119838,1349,642,707
66120,136618,16775,65790,11304,119843,1349,642,707
66125,136631,16776,65797,11305,119855,1349,642,707
66130,136642,16777,65805,11306,119864,1349,642,707
66135,136649,16780,65807,11308,119869,1349,642,707
66140,136662,16782,65808,11309,119880,1349,642,707
66145,136673,16783,65811,11310,119890,1349,642,707
66150,136680,16785,65814,11311,119895,1349,642,707
66155,136693,16787,65817,11312,119906,1349,642,707
66160,136704,16788,65823,11312,119916,1349,642,707
66165,136711,16790,65824,11313,119921,1349,642,707
66170,136724,16792,65832,11315,119931,1349,642,707
66175,136735,16794,65839,11315,119940,1349,642,707
66180,136742,16797,65846,11318,119945,1349,642,707
66185,136755,16797,65850,11318,119957,1349,642,707
66190,136766,16798,65855,11318,119968,1349,642,707
66195,136773,16800,65860,11319,119973,1349,642,707
66200,136786,16800,65868,11319,119985,1349,642,707
66205,136797,16801,65874,11319,119995,1349,642,707
66210,136804,16804,65877,11321,120000,1349,642,707
66215,136817,16804,65883,11321,120012,1349,642,707
66220,136828,16806,65891,11323,120021,1349,642,707
66225,136835,16809,65895,11325,120026,1349,642,707
66230,136848,16809,65898,11325,120038,1349,642,707
66235,136859,16810,65905,11325,120049,1349,642,707
66240,136866,16812,65910,11327,120054,1349,642,707
66245,136879,16812,65916,11327,120066,1349,642,707
66250,136890,16813,65921,11327,120076,1349,642,707
66255,136897,16816,65924,11329,120081,1349,642,707
66260,136910,16816,65936,11329,120093,1349,642,707
66265,136921,16817,65942,11330,120103,1349,642,707
66270,136928,16820,65944,11331,120108,1349,642,707
66275,136941,16820,65950,11331,120120,1349,642,707
66280,136952,16821,65955,11332,120131,1349,642,707
66285,136959,16823,65959,11333,120136,1349,642,707
66290,136972,16826,65969,11336,120145,1349,642,707
66295,136983,16828,65971,11337,120154,1349,642,707
66300,136990,16831,65974,11339,120159,1349,642,707
66305,137003,16832,65975,11339,120171,1349,642,707
66310,137014,16833,65977,11339,120181,1349,642,707
66315,137021,16835,65979,11340,120186,1349,642,707
66320,137034,16838,65985,11343,120196,1349,642,707
66325,137045,16839,65988,11344,120206,1349,642,707
66330,137052,16841,65991,11345,120211,1349,642,707
66335,137065,16842,65995,11345,120223,1349,642,707
66340,137076,16844,66002,11347,120232,1349,642,707
66345,137083,16846,66004,11347,120237,1349,642,707
66350,137096,16848,66012,11349,120248,1349,642,707
66355,137107,16849,66018,11349,120258,1349,642,707
66360,137114,16851,66019,11349,120263,1349,642,707
66365,137127,16852,66025,11349,120275,1349,642,707
66370,137138,16853,66030,11349,120285,1349,642,707
66375,137145,16855,66032,11350,120290,1349,642,707
66380,137158,16857,66037,11351,120301,1349,642,707
66385,137169,16858,66044,11352,120310,1349,642,707
66390,137176,16861,66049,11354,120315,1349,642,707
66395,137189,16864,66057,11356,120325,1349,642,707
66400,137200,16865,66062,11356,120334,1349,642,707
66405,137207,16868,66065,11358,120339,1349,642,707
66410,137220,16869,66071,11359,120350,1349,642,707
66415,137231,16871,66073,11360,120360,1349,642,707
66420,137238,16873,66076,11362,120365,1349,642,707
66425,137251,16874,66083,11362,120376,1349,642,707
66430,137262,16875,66089,11362,120386,1349,642,707
66435,137269,16878,66091,11364,120391,1349,642,707
66440,137282,16879,66095,11365,120402,1349,642,707
66445,137293,16880,66101,11366,120412,1349,642,707
66450,137300,16883,66104,11367,120417,1349,642,707
66455,137313,16884,66112,11367,120428,1349,642,707
66460,137324,16885,66116,11367,120439,1349,642,707
66465,137331,16887,66118,11369,120444,1349,642,707
66470,137344,16888,66122,11369,120455,1349,642,707
66475,137355,16889,66128,11370,120465,1349,642,707
66480,137362,16892,66132,11372,120470,1349,642,707
66485,137375,16893,66140,11373,120482,1349,642,707
66490,137386,16893,66146,11373,120492,1349,642,707
66495,137393,16896,66149,11375,120497,1349,642,707
66500,137406,16897,66156,11375,120509,1349,642,707
66505,137417,16897,66161,11375,120519,1349,642,707
66510,137424,16900,66163,11377,120524,1349,642,707
66515,137437,16901,66171,11378,120536,1349,642,707
66520,137448,16901,66176,11378,120546,1349,642,707
66525,137455,16904,66180,11380,120551,1349,642,707
66530,137468,16906,66187,11381,120562,1349,642,707
66535,137479,16907,66195,11382,120572,1349,642,707
66540,137486,16909,66200,11383,120577,1349,642,707
66545,137499,16912,66209,11385,120587,1349,642,707
66550,137510,16913,66215,11386,120596,1349,642,707
66555,137517,16916,66217,11388,120601,1349,642,707
66560,137530,16917,66219,11388,120613,1349,642,707
66565,137541,16918,66225,11389,120623,1349,642,707
66570,137548,16920,66227,11389,120628,1349,642,707
66575,137561,16921,66233,11390,120640,1349,642,707
66580,137572,16922,66238,11390,120650,1349,642,707
66585,137579,16924,66240,11390,120655,1349,642,707
66590,137592,16927,66249,11392,120664,1349,642,707
66595,137603,16929,66252,11393,120674,1349,642,707
66600,137610,16931,66255,11394,120679,1349,642,707
66605,137623,16932,66264,11395,120690,1349,642,707
66610,137634,16935,66268,11397,120699,1349,642,707
66615,137641,16937,66271,11398,120704,1349,642,707
66620,137654,16939,66276,11400,120714,1349,642,707
66625,137665,16941,66280,11400,120724,1349,642,707
66630,137672,16943,66283,11400,120729,1349,642,707
66635,137685,16945,66289,11402,120739,1349,642,707
66640,137696,16947,66295,11404,120748,1349,642,707
66645,137703,16950,66298,11406,120753,1349,642,707
66650,137716,16952,66304,11407,120763,1349,642,707
66655,137727,16955,66310,11410,120771,1349,642,707
66660,137734,16958,66314,11412,120776,1349,642,707
66665,137747,16961,66319,11415,120785,1349,642,707
66670,137758,16963,66324,11415,120794,1349,642,707
66675,137765,16966,66327,11416,120799,1349,642,707
66680,137778,16968,66333,11417,120809,1349,642,707
66685,137789,16970,66340,11417,120819,1349,642,707
66690,137796,16972,66343,11417,120824,1349,642,707
66695,137809,16975,66349,11419,120833,1349,642,707
66700,137820,16977,66352,11419,120842,1349,642,707
66705,137827,16980,66356,11422,120847,1349,642,707
66710,137840,16981,66363,11423,120858,1349,642,707
66715,137851,16982,66365,11423,120868,1349,642,707
66720,137858,16985,66368,11426,120873,1349,642,707
66725,137871,16985,66376,11426,120886,1349,642,707
66730,137882,16985,66379,11426,120897,1349,642,707
66735,137889,16987,66383,11427,120902,1349,642,707
66740,137902,16987,66387,11427,120915,1349,642,707
66745,137913,16987,66394,11427,120925,1349,642,707
66750,137920,16990,66399,11429,120930,1349,642,707
66755,137933,16990,66406,11429,120943,1349,642,707
66760,137944,16990,66412,11429,120953,1349,642,707
66765,137951,16993,66416,11431,120958,1349,642,707
66770,137964,16993,66423,11431,120971,1349,642,707
66775,137975,16993,66430,11431,120981,1349,642,707
66780,137982,16996,66433,11433,120986,1349,642,707
66785,137995,16996,66439,11433,120999,1349,642,707
66790,138006,16996,66444,11433,121010,1349,642,707
66795,138013,16998,66448,11435,121015,1349,642,707
66800,138026,16998,66455,11435,121028,1349,642,707
66805,138037,16998,66460,11435,121038,1349,642,707
66810,138044,17001,66464,11437,121043,1349,642,707
66815,138057,17002,66473,11438,121055,1349,642,707
66820,138068,17003,66480,11438,121064,1349,642,707
66825,138075,17006,66484,11440,121069,1349,642,707
66830,138088,17008,66487,11441,121079,1349,642,707
66835,138099,17011,66494,11442,121088,1349,642,707
66840,138106,17013,66499,11444,121093,1349,642,707
66845,138119,17015,66503,11445,121103,1349,642,707
66850,138130,17017,66508,11445,121113,1349,642,707
66855,138137,17019,66510,11445,121118,1349,642,707
66860,138150,17021,66515,11446,121128,1349,642,707
66865,138161,17023,66522,11447,121137,1349,642,707
66870,138168,17026,66525,11449,121142,1349,642,707
66875,138181,17029,66531,11450,121151,1349,642,707
66880,138192,17031,66537,11451,121161,1349,642,707
66885,138199,17033,66542,11452,121166,1349,642,707
66890,138212,17036,66547,11454,121175,1349,642,707
66895,138223,17038,66550,11454,121185,1349,642,707
66900,138230,17040,66553,11456,121190,1349,642,707
66905,138243,17041,66555,11456,121201,1349,642,707
66910,138254,17043,66563,11458,121210,1349,642,707
66915,138261,17046,66568,11460,121215,1349,642,707
66920,138274,17047,66575,11460,121227,1349,642,707
66925,138285,17048,66581,11461,121236,1349,642,707
66930,138292,17051,66583,11462,121241,1349,642,707
66935,138305,17054,66592,11464,121251,1349,642,707
66940,138316,17055,66600,11465,121261,1349,642,707
66945,138323,17057,66603,11465,121266,1349,642,707
66950,138336,17059,66609,11467,121277,1349,642,707
66955,138347,17060,66612,11467,121287,1349,642,707
66960,138354,17062,66616,11468,121292,1349,642,707
66965,138367,17064,66626,11470,121303,1349,642,707
66970,138378,17064,66634,11470,121314,1349,642,707
66975,138385,17066,66635,11471,121319,1349,642,707
66980,138398,17068,66641,11472,121329,1349,642,707
66985,138409,17069,66645,11473,121340,1349,642,707
66990,138416,17071,66652,11475,121345,1349,642,707
66995,138429,17072,66655,11475,121357,1349,642,707
67000,138440,17072,66661,11475,121367,1349,642,707
67005,138447,17075,66664,11477,121372,1349,642,707
67010,138460,17077,66671,11479,121382,1349,642,707
67015,138471,17078,66675,11480,121393,1349,642,707
67020,138478,17080,66677,11480,121398,1349,642,707
67025,138491,17082,66684,11482,121408,1349,642,707
67030,138502,17083,66689,11483,121419,1349,642,707
67035,138509,17085,66692,11483,121424,1349,642,707
67040,138522,17087,66696,11484,121435,1349,642,707
67045,138533,17087,66704,11484,121445,1349,642,707
67050,138540,17090,66704,11485,121450,1349,642,707
67055,138553,17092,66713,11487,121461,1349,642,707
67060,138564,17092,66717,11487,121472,1349,642,707
67065,138571,17094,66721,11488,121477,1349,642,707
67070,138584,17096,66727,11490,121488,1349,642,707
67075,138595,17098,66733,11491,121496,1349,642,707
67080,138602,17101,66735,11493,121501,1349,642,707
67085,138615,17101,66740,11493,121514,1349,642,707
67090,138626,17102,66744,11494,121524,1349,642,707
67095,138633,17104,66747,11495,121529,1349,642,707
67100,138646,17105,66755,11496,121540,1349,642,707
67105,138657,17107,66759,11497,121550,1349,642,707
67110,138664,17109,66763,11498,121555,1349,642,707
67115,138677,17109,66769,11498,121567,1349,642,707
67120,138688,17111,66773,11500,121577,1349,642,707
67125,138695,17113,66775,11501,121582,1349,642,707
67130,138708,17113,66780,11501,121595,1349,642,707
67135,138719,17114,66787,11501,121604,1349,642,707
67140,138726,17117,66791,11503,121609,1349,642,707
67145,138739,17117,66797,11503,121622,1349,642,707
67150,138750,17118,66804,11503,121631,1349,642,707
67155,138757,17121,66808,11505,121636,1349,642,707
67160,138770,17122,66811,11506,121648,1349,642,707
67165,138781,17124,66814,11507,121657,1349,642,707
67170,138788,17126,66817,11507,121662,1349,642,707
67175,138801,17127,66823,11508,121674,1349,642,707
67180,138812,17128,66827,11509,121683,1349,642,707
67185,138819,17131,66832,11512,121688,1349,642,707
67190,138832,17132,66837,11513,121699,1349,642,707
67195,138843,17134,66843,11514,121708,1349,642,707
67200,138850,17137,66848,11516,121713,1349,642,707
67205,138863,17138,66850,11516,121725,1349,642,707
67210,138874,17138,66855,11516,121735,1349,642,707
67215,138881,17141,66859,11519,121740,1349,642,707
67220,138894,17142,66867,11520,121752,1349,642,707
67225,138905,17142,66873,11520,121763,1349,642,707
67230,138912,17144,66878,11521,121768,1349,642,707
67235,138925,17146,66888,11523,121778,1349,642,707
67240,138936,17147,66893,11524,121789,1349,642,707
67245,138943,17149,66895,11525,121794,1349,642,707
67250,138956,17150,66900,11525,121806,1349,642,707
67255,138967,17150,66907,11525,121816,1349,642,707
67260,138974,17153,66911,11527,121821,1349,642,707
67265,138987,17154,66919,11527,121832,1349,642,707
67270,138998,17155,66926,11528,121843,1349,642,707
67275,139005,17157,66931,11529,121848,1349,642,707
67280,139018,17159,66938,11530,121859,1349,642,707
67285,139029,17159,66944,11530,121869,1349,642,707
67290,139036,17162,66948,11532,121874,1349,642,707
67295,139049,17164,66954,11534,121885,1349,642,707
67300,139060,17164,66961,11534,121895,1349,642,707
67305,139067,17167,66965,11535,121900,1349,642,707
67310,139080,17169,66972,11536,121910,1349,642,707
67315,139091,17172,66978,11539,121919,1349,642,707
67320,139098,17174,66981,11540,121924,1349,642,707
67325,139111,17176,66984,11541,121935,1349,642,707
67330,139122,17178,66991,11542,121944,1349,642,707
67335,139129,17180,66994,11543,121949,1349,642,707
67340,139142,17181,66998,11543,121960,1349,642,707
67345,139153,17183,67001,11544,121969,1349,642,707
67350,139160,17186,67005,11546,121974,1349,642,707
67355,139173,17188,67009,11547,121985,1349,642,707
67360,139184,17190,67014,11548,121994,1349,642,707
67365,139191,17192,67019,11549,121999,1349,642,707
67370,139204,17193,67024,11550,122011,1349,642,707
67375,139215,17195,67032,11552,122019,1349,642,707
67380,139222,17198,67035,11554,122024,1349,642,707
67385,139235,17199,67041,11555,122036,1349,642,707
67390,139246,17200,67046,11555,122046,1349,642,707
67395,139253,17202,67051,11557,122051,1349,642,707
67400,139266,17204,67058,11558,122062,1349,642,707
67405,139277,17205,67063,11559,122071,1349,642,707
67410,139284,17207,67066,11560,122077,1349,642,707
67415,139297,17208,67072,11560,122089,1349,642,707
67420,139308,17209,67078,11561,122099,1349,642,707
67425,139315,17210,67080,11562,122105,1349,642,707
67430,139328,17212,67089,11563,122116,1349,642,707
67435,139339,17213,67095,11563,122126,1349,642,707
67440,139346,17214,67099,11564,122132,1349,642,707
67445,139359,17215,67104,11565,122144,1349,642,707
67450,139370,17215,67112,11565,122154,1349,642,707
67455,139377,17217,67114,11567,122160,1349,642,707
67460,139390,17217,67119,11567,122173,1349,642,707
67465,139401,17217,67128,11567,122183,1349,642,707
67470,139408,17219,67132,11569,122189,1349,642,707
67475,139421,17219,67140,11569,122202,1349,642,707
67480,139432,17219,67144,11569,122213,1349,642,707
67485,139439,17220,67148,11570,122219,1349,642,707
67490,139452,17220,67156,11570,122232,1349,642,707
67495,139463,17220,67163,11570,122242,1349,642,707
67500,139470,17222,67165,11571,122248,1349,642,707
67505,139483,17222,67173,11571,122261,1349,642,707
67510,139494,17222,67179,11571,122271,1349,642,707
67515,139501,17224,67184,11573,122277,1349,642,707
67520,139514,17224,67187,11573,122290,1349,642,707
67525,139525,17224,67194,11573,122300,1349,642,707
67530,139532,17226,67199,11575,122306,1349,642,707
67535,139545,17226,67204,11575,122319,1349,642,707
67540,139556,17226,67210,11575,122329,1349,642,707
67545,139563,17228,67212,11576,122335,1349,642,707
67550,139576,17229,67216,11577,122347,1349,642,707
67555,139587,17231,67219,11579,122356,1349,642,707
67560,139594,17232,67223,11580,122362,1349,642,707
67565,139607,17233,67229,11580,122373,1349,642,707
67570,139618,17236,67234,11582,122381,1349,642,707
67575,139625,17238,67237,11583,122387,1349,642,707
67580,139638,17239,67243,11584,122398,1349,642,707
67585,139649,17242,67250,11587,122407,1349,642,707
67590,139656,17243,67254,11588,122413,1349,642,707
67595,139669,17245,67262,11590,122423,1349,642,707
67600,139680,17247,67264,11591,122433,1349,642,707
67605,139687,17248,67269,11592,122439,1349,642,707
67610,139700,17251,67278,11595,122448,1349,642,707
67615,139711,17254,67283,11597,122456,1349,642,707
67620,139718,17256,67286,11599,122462,1349,642,707
67625,139731,17259,67294,11601,122472,1349,642,707
67630,139742,17261,67300,11602,122481,1349,642,707
67635,139749,17262,67302,11602,122487,1349,642,707
67640,139762,17264,67308,11604,122498,1349,642,707
67645,139773,17266,67312,11605,122506,1349,642,707
67650,139780,17268,67315,11607,122512,1349,642,707
67655,139793,17270,67320,11608,122523,1349,642,707
67660,139804,17271,67326,11609,122533,1349,642,707
67665,139811,17272,67331,11609,122539,1349,642,707
67670,139824,17273,67338,11610,122550,1349,642,707
67675,139835,17275,67342,11611,122559,1349,642,707
67680,139842,17277,67345,11613,122565,1349,642,707
67685,139855,17278,67352,11614,122577,1349,642,707
67690,139866,17278,67357,11614,122588,1349,642,707
67695,139873,17279,67360,11614,122594,1349,642,707
67700,139886,17281,67364,11615,122605,1349,642,707
67705,139897,17281,67369,11615,122615,1349,642,707
67710,139904,17283,67371,11617,122621,1349,642,707
67715,139917,17284,67377,11618,122633,1349,642,707
67720,139928,17284,67383,11618,122643,1349,642,707
67725,139935,17286,67387,11620,122649,1349,642,707
67730,139948,17287,67391,11620,122661,1349,642,707
67735,139959,17287,67399,11620,122671,1349,642,707
67740,139966,17289,67401,11621,122677,1349,642,707
67745,139979,17290,67409,11622,122689,1349,642,707
67750,139990,17290,67413,11622,122699,1349,642,707
67755,139997,17292,67415,11623,122705,1349,642,707
67760,140010,17293,67421,11624,122717,1349,642,707
67765,140021,17293,67429,11624,122727,1349,642,707
67770,140028,17295,67433,11625,122733,1349,642,707
67775,140041,17296,67436,11625,122745,1349,642,707
67780,140052,17296,67442,11625,122755,1349,642,707
67785,140059,17298,67446,11626,122761,1349,642,707
67790,140072,17300,67456,11628,122772,1349,642,707
67795,140083,17301,67461,11628,122781,1349,642,707
67800,140090,17303,67465,11629,122787,1349,642,707
67805,140103,17305,67471,11631,122798,1349,642,707
67810,140114,17306,67472,11631,122808,1349,642,707
67815,140121,17307,67476,11631,122814,1349,642,707
67820,140134,17309,67484,11632,122824,1349,642,707
67825,140145,17312,67490,11635,122833,1349,642,707
67830,140152,17313,67491,11635,122839,1349,642,707
67835,140165,17314,67496,11636,122850,1349,642,707
67840,140176,17317,67498,11638,122859,1349,642,707
67845,140183,17318,67501,11638,122865,1349,642,707
67850,140196,17319,67508,11639,122876,1349,642,707
67855,140207,17322,67515,11641,122884,1349,642,707
67860,140214,17324,67519,11642,122890,1349,642,707
67865,140227,17326,67524,11643,122901,1349,642,707
67870,140238,17326,67530,11643,122911,1349,642,707
67875,140245,17328,67533,11645,122917,1349,642,707
67880,140258,17329,67535,11645,122929,1349,642,707
67885,140269,17329,67541,11645,122940,1349,642,707
67890,140276,17330,67542,11645,122946,1349,642,707
67895,140289,17331,67546,11646,122958,1349,642,707
67900,140300,17331,67552,11646,122968,1349,642,707
67905,140307,17333,67554,11647,122974,1349,642,707
67910,140320,17334,67560,11648,122986,1349,642,707
67915,140331,17334,67562,11648,122997,1349,642,707
67920,140338,17335,67564,11648,123003,1349,642,707
67925,140351,17336,67573,11649,123015,1349,642,707
67930,140362,17336,67577,11649,123026,1349,642,707
67935,140369,17336,67582,11649,123033,1349,642,707
67940,140382,17337,67587,11649,123045,1349,642,707
67945,140393,17337,67595,11649,123056,1349,642,707
67950,140400,17337,67596,11649,123063,1349,642,707
67955,140413,17338,67603,11649,123075,1349,642,707
67960,140424,17338,67611,11649,123086,1349,642,707
67965,140431,17338,67616,11649,123093,1349,642,707
67970,140444,17340,67623,11650,123103,1349,642,707
67975,140455,17342,67626,11652,123113,1349,642,707
67980,140462,17342,67629,11652,123120,1349,642,707
67985,140475,17345,67638,11655,123130,1349,642,707
67990,140486,17346,67642,11655,123140,1349,642,707
67995,140493,17346,67644,11655,123147,1349,642,707
68000,140506,17349,67649,11657,123157,1349,642,707
68005,140517,17350,67652,11657,123167,1349,642,707
68010,140524,17350,67654,11657,123174,1349,642,707
68015,140537,17351,67657,11657,123186,1349,642,707
68020,140548,17352,67662,11658,123196,1349,642,707
68025,140555,17353,67665,11658,123202,1349,642,707
68030,140568,17354,67670,11658,123214,1349,642,707
68035,140579,17355,67676,11659,123223,1349,642,707
68040,140586,17357,67679,11660,123229,1349,642,707
68045,140599,17359,67686,11661,123240,1349,642,707
68050,140610,17360,67688,11661,123250,1349,642,707
68055,140617,17361,67691,11661,123256,1349,642,707
68060,140630,17361,67696,11661,123269,1349,642,707
68065,140641,17362,67699,11661,123279,1349,642,707
68070,140648,17363,67704,11662,123285,1349,642,707
68075,140661,17364,67712,11663,123297,1349,642,707
68080,140672,17365,67717,11664,123306,1349,642,707
68085,140679,17367,67723,11666,123312,1349,642,707
68090,140692,17368,67731,11667,123324,1349,642,707
68095,140703,17370,67736,11669,123332,1349,642,707
68100,140710,17372,67741,11670,123338,1349,642,707
68105,140723,17372,67746,11670,123351,1349,642,707
68110,140734,17374,67751,11672,123360,1349,642,707
68115,140741,17375,67755,11672,123366,1349,642,707
68120,140754,17376,67761,11673,123377,1349,642,707
68125,140765,17378,67767,11674,123387,1349,642,707
68130,140772,17379,67769,11674,123393,1349,642,707
68135,140785,17379,67771,11674,123406,1349,642,707
68140,140796,17380,67778,11675,123416,1349,642,707
68145,140803,17381,67781,11675,123422,1349,642,707
68150,140816,17381,67787,11675,123434,1349,642,707
68155,140827,17383,67791,11676,123443,1349,642,707
68160,140834,17385,67794,11678,123449,1349,642,707
68165,140847,17386,67799,11679,123460,1349,642,707
68170,140858,17388,67806,11681,123470,1349,642,707
68175,140865,17389,67809,11681,123476,1349,642,707
68180,140878,17390,67818,11682,123488,1349,642,707
68185,140889,17391,67827,11683,123498,1349,642,707
68190,140896,17392,67832,11683,123504,1349,642,707
68195,140909,17393,67833,11683,123516,1349,642,707
68200,140920,17394,67836,11683,123526,1349,642,707
68205,140927,17395,67840,11683,123532,1349,642,707
68210,140940,17396,67845,11683,123543,1349,642,707
68215,140951,17398,67849,11684,123552,1349,642,707
68220,140958,17400,67853,11686,123558,1349,642,707
68225,140971,17402,67860,11688,123569,1349,642,707
68230,140982,17404,67866,11689,123578,1349,642,707
68235,140989,17405,67867,11690,123584,1349,642,707
68240,141002,17407,67875,11692,123595,1349,642,707
68245,141013,17408,67882,11693,123604,1349,642,707
68250,141020,17410,67885,11694,123610,1349,642,707
68255,141033,17412,67890,11695,123620,1349,642,707
68260,141044,17414,67894,11696,123629,1349,642,707
68265,141051,17416,67898,11697,123635,1349,642,707
68270,141064,17417,67903,11698,123647,1349,642,707
68275,141075,17419,67907,11699,123656,1349,642,707
68280,141082,17420,67908,11699,123662,1349,642,707
68285,141095,17421,67915,11700,123674,1349,642,707
68290,141106,17423,67922,11701,123682,1349,642,707
68295,141113,17425,67927,11702,123688,1349,642,707
68300,141126,17426,67933,11702,123699,1349,642,707
68305,141137,17428,67937,11704,123709,1349,642,707
68310,141144,17429,67939,11705,123715,1349,642,707
68315,141157,17430,67944,11705,123727,1349,642,707
68320,141168,17431,67949,11706,123737,1349,642,707
68325,141175,17432,67952,11707,123743,1349,642,707
68330,141188,17433,67958,11708,123754,1349,642,707
68335,141199,17435,67962,11710,123764,1349,642,707
68340,141206,17436,67963,11710,123770,1349,642,707
68345,141219,17437,67967,11710,123782,1349,642,707
68350,141230,17438,67973,11711,123792,1349,642,707
68355,141237,17439,67978,11711,123798,1349,642,707
68360,141250,17440,67986,11712,123810,1349,642,707
68365,141261,17441,67992,11713,123820,1349,642,707
68370,141268,17442,67996,11713,123826,1349,642,707
68375,141281,17443,68003,11714,123838,1349,642,707
68380,141292,17444,68008,11715,123848,1349,642,707
68385,141299,17445,68009,11715,123854,1349,642,707
68390,141312,17447,68016,11717,123864,1349,642,707
68395,141323,17449,68019,11718,123874,1349,642,707
68400,141330,17449,68021,11718,123881,1349,642,707
68405,141343,17451,68027,11719,123892,1349,642,707
68410,141354,17452,68033,11720,123902,1349,642,707
68415,141361,17452,68035,11720,123909,1349,642,707
68420,141374,17453,68040,11721,123921,1349,642,707
68425,141385,17454,68046,11722,123931,1349,642,707
68430,141392,17454,68049,11722,123938,1349,642,707
68435,141405,17456,68058,11724,123949,1349,642,707
68440,141416,17457,68066,11724,123959,1349,642,707
68445,141423,17457,68071,11724,123966,1349,642,707
68450,141436,17458,68074,11724,123977,1349,642,707
68455,141447,17460,68077,11726,123987,1349,642,707
68460,141454,17460,68082,11726,123994,1349,642,707
68465,141467,17461,68090,11727,124006,1349,642,707
68470,141478,17462,68095,11727,124016,1349,642,707
68475,141485,17462,68101,11727,124023,1349,642,707
68480,141498,17463,68108,11728,124035,1349,642,707
68485,141509,17464,68112,11728,124045,1349,642,707
68490,141516,17464,68114,11728,124052,1349,642,707
68495,141529,17466,68119,11730,124062,1349,642,707
68500,141540,17468,68120,11731,124072,1349,642,707
68505,141547,17468,68123,11731,124079,1349,642,707
68510,141560,17469,68130,11732,124091,1349,642,707
68515,141571,17470,68135,11733,124101,1349,642,707
68520,141578,17470,68137,11733,124108,1349,642,707
68525,141591,17471,68139,11733,124120,1349,642,707
68530,141602,17472,68145,11733,124130,1349,642,707
68535,141609,17472,68149,11733,124137,1349,642,707
68540,141622,17473,68159,11734,124148,1349,642,707
68545,141633,17475,68163,11735,124158,1349,642,707
68550,141640,17475,68167,11735,124165,1349,642,707
68555,141653,17476,68172,11735,124176,1349,642,707
68560,141664,17478,68178,11737,124186,1349,642,707
68565,141671,17478,68180,11737,124193,1349,642,707
68570,141684,17479,68185,11738,124205,1349,642,707
68575,141695,17480,68189,11738,124215,1349,642,707
68580,141702,17480,68192,11738,124222,1349,642,707
68585,141715,17481,68200,11739,124233,1349,642,707
68590,141726,17483,68207,11741,124243,1349,642,707
68595,141733,17483,68213,11741,124250,1349,642,707
68600,141746,17484,68220,11742,124262,1349,642,707
68605,141757,17485,68224,11742,124272,1349,642,707
68610,141764,17485,68227,11742,124279,1349,642,707
68615,141777,17486,68236,11742,124290,1349,642,707
68620,141788,17488,68239,11743,124300,1349,642,707
68625,141795,17488,68243,11743,124307,1349,642,707
68630,141808,17489,68247,11743,124319,1349,642,707
68635,141819,17490,68254,11744,124329,1349,642,707
68640,141826,17490,68257,11744,124336,1349,642,707
68645,141839,17491,68263,11744,124347,1349,642,707
68650,141850,17493,68266,11745,124357,1349,642,707
68655,141857,17493,68268,11745,124364,1349,642,707
68660,141870,17494,68273,11746,124376,1349,642,707
68665,141881,17495,68277,11746,124386,1349,642,707
68670,141888,17495,68283,11746,124393,1349,642,707
68675,141901,17497,68288,11748,124404,1349,642,707
68680,141912,17498,68294,11749,124414,1349,642,707
68685,141919,17498,68297,11749,124421,1349,642,707
68690,141932,17500,68302,11750,124431,1349,642,707
68695,141943,17502,68310,11751,124441,1349,642,707
68700,141950,17502,68312,11751,124448,1349,642,707
68705,141963,17503,68316,11752,124460,1349,642,707
68710,141974,17503,68319,11752,124471,1349,642,707
68715,141981,17503,68324,11752,124478,1349,642,707
68720,141994,17504,68330,11752,124490,1349,642,707
68725,142005,17504,68337,11752,124501,1349,642,707
68730,142012,17504,68341,11752,124508,1349,642,707
68735,142025,17505,68350,11752,124520,1349,642,707
68740,142036,17505,68356,11752,124531,1349,642,707
68745,142043,17505,68362,11752,124538,1349,642,707
68750,142056,17506,68368,11753,124550,1349,642,707
68755,142067,17506,68372,11753,124561,1349,642,707
68760,142074,17506,68374,11753,124568,1349,642,707
68765,142087,17507,68382,11753,124580,1349,642,707
68770,142098,17507,68390,11753,124591,1349,642,707
68775,142105,17507,68394,11753,124598,1349,642,707
68780,142118,17508,68398,11753,124610,1349,642,707
68785,142129,17509,68405,11754,124620,1349,642,707
68790,142136,17509,68411,11754,124627,1349,642,707
68795,142149,17510,68418,11755,124639,1349,642,707
68800,142160,17510,68422,11755,124650,1349,642,707
68805,142167,17510,68425,11755,124657,1349,642,707
68810,142180,17511,68429,11755,124669,1349,642,707
68815,142191,17512,68436,11755,124679,1349,642,707
68820,142198,17512,68439,11755,124686,1349,642,707
68825,142211,17514,68445,11757,124696,1349,642,707
68830,142222,17516,68447,11758,124706,1349,642,707
68835,142229,17516,68452,11758,124713,1349,642,707
68840,142242,17518,68456,11759,124724,1349,642,707
68845,142253,17519,68459,11759,124734,1349,642,707
68850,142260,17519,68461,11759,124741,1349,642,707
68855,142273,17520,68469,11760,124752,1349,642,707
68860,142284,17522,68471,11761,124762,1349,642,707
68865,142291,17522,68474,11761,124769,1349,642,707
68870,142304,17523,68479,11761,124780,1349,642,707
68875,142315,17525,68484,11762,124790,1349,642,707
68880,142322,17525,68487,11762,124797,1349,642,707
68885,142335,17527,68492,11763,124808,1349,642,707
68890,142346,17528,68500,11764,124818,1349,642,707
68895,142353,17528,68502,11764,124825,1349,642,707
68900,142366,17529,68507,11764,124837,1349,642,707
68905,142377,17531,68512,11766,124846,1349,642,707
68910,142384,17531,68512,11766,124853,1349,642,707
68915,142397,17532,68520,11766,124864,1349,642,707
68920,142408,17534,68524,11768,124874,1349,642,707
68925,142415,17534,68526,11768,124881,1349,642,707
68930,142428,17535,68534,11768,124893,1349,642,707
68935,142439,17536,68537,11768,124903,1349,642,707
68940,142446,17536,68541,11768,124910,1349,642,707
68945,142459,17537,68545,11768,124921,1349,642,707
68950,142470,17539,68549,11769,124931,1349,642,707
68955,142477,17539,68552,11769,124938,1349,642,707
68960,142490,17540,68558,11769,124950,1349,642,707
68965,142501,17541,68561,11769,124960,1349,642,707
68970,142508,17541,68566,11769,124967,1349,642,707
68975,142521,17542,68575,11769,124979,1349,642,707
68980,142532,17542,68581,11769,124990,1349,642,707
68985,142539,17542,68585,11769,124997,1349,642,707
68990,142552,17543,68589,11769,125009,1349,642,707
68995,142563,17543,68594,11769,125020,1349,642,707
69000,142570,17543,68596,11769,125027,1349,642,707
69005,142583,17544,68603,11769,125039,1349,642,707
69010,142594,17544,68606,11769,125050,1349,642,707
69015,142601,17544,68610,11769,125057,1349,642,707
69020,142614,17545,68618,11769,125069,1349,642,707
69025,142625,17545,68627,11769,125080,1349,642,707
69030,142632,17545,68631,11769,125087,1349,642,707
69035,142645,17546,68635,11769,125099,1349,642,707
69040,142656,17546,68640,11769,125110,1349,642,707
69045,142663,17546,68643,11769,125117,1349,642,707
69050,142676,17547,68652,11770,125129,1349,642,707
69055,142687,17547,68660,11770,125140,1349,642,707
69060,142694,17547,68663,11770,125147,1349,642,707
69065,142707,17548,68670,11771,125159,1349,642,707
69070,142718,17548,68677,11771,125170,1349,642,707
69075,142725,17548,68682,11771,125177,1349,642,707
69080,142738,17549,68690,11772,125189,1349,642,707
69085,142749,17549,68696,11772,125200,1349,642,707
69090,142756,17549,68699,11772,125207,1349,642,707
69095,142769,17550,68705,11772,125219,1349,642,707
69100,142780,17550,68707,11772,125230,1349,642,707
69105,142787,17550,68709,11772,125237,1349,642,707
69110,142800,17551,68714,11773,125249,1349,642,707
69115,142811,17552,68716,11774,125259,1349,642,707
69120,142818,17552,68723,11774,125266,1349,642,707
69125,142831,17553,68730,11775,125278,1349,642,707
69130,142842,17554,68737,11775,125288,1349,642,707
69135,142849,17554,68741,11775,125295,1349,642,707
69140,142862,17555,68745,11775,125307,1349,642,707
69145,142873,17555,68749,11775,125318,1349,642,707
69150,142880,17555,68753,11775,125325,1349,642,707
69155,142893,17556,68759,11775,125337,1349,642,707
69160,142904,17556,68765,11775,125348,1349,642,707
69165,142911,17556,68768,11775,125355,1349,642,707
69170,142924,17557,68770,11775,125367,1349,642,707
69175,142935,17557,68776,11775,125378,1349,642,707
69180,142942,17557,68780,11775,125385,1349,642,707
69185,142955,17558,68785,11775,125397,1349,642,707
69190,142966,17558,68790,11775,125408,1349,642,707
69195,142973,17558,68793,11775,125415,1349,642,707
69200,142986,17559,68803,11776,125427,1349,642,707
69205,142997,17559,68808,11776,125438,1349,642,707
69210,143004,17559,68810,11776,125445,1349,642,707
69215,143017,17560,68817,11777,125457,1349,642,707
69220,143028,17560,68823,11777,125468,1349,642,707
69225,143035,17560,68827,11777,125475,1349,642,707
69230,143048,17561,68833,11778,125487,1349,642,707
69235,143059,17561,68835,11778,125498,1349,642,707
69240,143066,17561,68839,11778,125505,1349,642,707
69245,143079,17562,68844,11778,125517,1349,642,707
69250,143090,17563,68848,11778,125527,1349,642,707
69255,143097,17563,68852,11778,125534,1349,642,707
69260,143110,17564,68858,11778,125546,1349,642,707
69265,143121,17565,68861,11778,125556,1349,642,707
69270,143128,17565,68865,11778,125563,1349,642,707
69275,143141,17566,68873,11779,125575,1349,642,707
69280,143152,17567,68879,11780,125585,1349,642,707
69285,143159,17567,68884,11780,125592,1349,642,707
69290,143172,17568,68888,11780,125604,1349,642,707
69295,143183,17569,68896,11780,125614,1349,642,707
69300,143190,17569,68899,11780,125621,1349,642,707
69305,143203,17570,68906,11781,125633,1349,642,707
69310,143214,17570,68912,11781,125644,1349,642,707
69315,143221,17570,68915,11781,125651,1349,642,707
69320,143234,17571,68923,11782,125663,1349,642,707
69325,143245,17571,68925,11782,125674,1349,642,707
69330,143252,17571,68929,11782,125681,1349,642,707
69335,143265,17572,68933,11782,125693,1349,642,707
69340,143276,17572,68938,11782,125704,1349,642,707
69345,143283,17572,68942,11782,125711,1349,642,707
69350,143296,17573,68946,11782,125723,1349,642,707
69355,143307,17573,68951,11782,125734,1349,642,707
69360,143314,17573,68954,11782,125741,1349,642,707
69365,143327,17574,68958,11783,125753,1349,642,707
69370,143338,17574,68963,11783,125764,1349,642,707
69375,143345,17574,68969,11783,125771,1349,642,707
69380,143358,17575,68974,11783,125783,1349,642,707
69385,143369,17575,68979,11783,125794,1349,642,707
69390,143376,17575,68981,11783,125801,1349,642,707
69395,143389,17576,68985,11784,125813,1349,642,707
69400,143400,17576,68990,11784,125824,1349,642,707
69405,143407,17576,68992,11784,125831,1349,642,707
69410,143420,17577,68999,11785,125843,1349,642,707
69415,143431,17578,69004,11786,125853,1349,642,707
69420,143438,17578,69007,11786,125860,1349,642,707
69425,143451,17579,69015,11787,125872,1349,642,707
69430,143462,17580,69020,11787,125882,1349,642,707
69435,143469,17580,69021,11787,125889,1349,642,707
69440,143482,17581,69028,11787,125901,1349,642,707
69445,143493,17582,69032,11787,125911,1349,642,707
69450,143500,17582,69036,11787,125918,1349,642,707
69455,143513,17583,69042,11788,125930,1349,642,707
69460,143524,17583,69046,11788,125941,1349,642,707
69465,143531,17583,69050,11788,125948,1349,642,707
69470,143544,17584,69056,11788,125960,1349,642,707
69475,143555,17584,69060,11788,125971,1349,642,707
69480,143562,17584,69066,11788,125978,1349,642,707
69485,143575,17585,69070,11789,125990,1349,642,707
69490,143586,17585,69072,11789,126001,1349,642,707
69495,143593,17585,69075,11789,126008,1349,642,707
69500,143606,17586,69080,11790,126020,1349,642,707
69505,143617,17586,69084,11790,126031,1349,642,707
69510,143624,17586,69089,11790,126038,1349,642,707
69515,143637,17587,69096,11791,126050,1349,642,707
69520,143648,17587,69100,11791,126061,1349,642,707
69525,143655,17587,69104,11791,126068,1349,642,707
69530,143668,17588,69110,11791,126080,1349,642,707
69535,143679,17588,69112,11791,126091,1349,642,707
69540,143686,17588,69115,11791,126098,1349,642,707
69545,143699,17589,69119,11792,126110,1349,642,707
69550,143710,17589,69123,11792,126121,1349,642,707
69555,143717,17589,69127,11792,126128,1349,642,707
69560,143730,17590,69131,11792,126140,1349,642,707
69565,143741,17591,69134,11792,126150,1349,642,707
69570,143748,17591,69136,11792,126157,1349,642,707
69575,143761,17592,69141,11793,126169,1349,642,707
69580,143772,17593,69146,11794,126179,1349,642,707
69585,143779,17593,69148,11794,126186,1349,642,707
69590,143792,17594,69157,11795,126198,1349,642,707
69595,143803,17595,69161,11795,126208,1349,642,707
69600,143810,17595,69165,11795,126215,1349,642,707
69605,143823,17596,69173,11796,126227,1349,642,707
69610,143834,17596,69177,11796,126238,1349,642,707
69615,143841,17596,69181,11796,126245,1349,642,707
69620,143854,17597,69186,11796,126257,1349,642,707
69625,143865,17597,69190,11796,126268,1349,642,707
69630,143872,17597,69194,11796,126275,1349,642,707
69635,143885,17598,69198,11797,126287,1349,642,707
69640,143896,17598,69203,11797,126298,1349,642,707
69645,143903,17598,69208,11797,126305,1349,642,707
69650,143916,17599,69213,11798,126317,1349,642,707
69655,143927,17599,69217,11798,126328,1349,642,707
69660,143934,17599,69222,11798,126335,1349,642,707
69665,143947,17600,69228,11798,126347,1349,642,707
69670,143958,17600,69235,11798,126358,1349,642,707
69675,143965,17600,69241,11798,126365,1349,642,707
69680,143978,17601,69246,11798,126377,1349,642,707
69685,143989,17601,69252,11798,126388,1349,642,707
69690,143996,17601,69254,11798,126395,1349,642,707
69695,144009,17602,69260,11799,126407,1349,642,707
69700,144020,17602,69266,11799,126418,1349,642,707
69705,144027,17602,69269,11799,126425,1349,642,707
69710,144040,17603,69275,11800,126437,1349,642,707
69715,144051,17604,69278,11801,126447,1349,642,707
69720,144058,17604,69282,11801,126454,1349,642,707
69725,144071,17605,69290,11802,126466,1349,642,707
69730,144082,17606,69293,11802,126476,1349,642,707
69735,144089,17606,69298,11802,126483,1349,642,707
69740,144102,17607,69305,11803,126495,1349,642,707
69745,144113,17607,69309,11803,126506,1349,642,707
69750,144120,17607,69309,11803,126513,1349,642,707
69755,144133,17608,69313,11803,126525,1349,642,707
69760,144144,17608,69319,11803,126536,1349,642,707
69765,144151,17608,69322,11803,126543,1349,642,707
69770,144164,17609,69329,11804,126555,1349,642,707
69775,144175,17609,69336,11804,126566,1349,642,707
69780,144182,17609,69340,11804,126573,1349,642,707
69785,144195,17610,69343,11804,126585,1349,642,707
69790,144206,17610,69350,11804,126596,1349,642,707
69795,144213,17610,69353,11804,126603,1349,642,707
69800,144226,17611,69356,11804,126615,1349,642,707
69805,144237,17611,69358,11804,126626,1349,642,707
69810,144244,17611,69364,11804,126633,1349,642,707
69815,144257,17612,69369,11804,126645,1349,642,707
69820,144268,17612,69374,11804,126656,1349,642,707
69825,144275,17612,69379,11804,126663,1349,642,707
69830,144288,17613,69385,11804,126675,1349,642,707
69835,144299,17613,69393,11804,126686,1349,642,707
69840,144306,17613,69397,11804,126693,1349,642,707
69845,144319,17614,69405,11805,126705,1349,642,707
69850,144330,17615,69409,11805,126715,1349,642,707
69855,144337,17615,69412,11805,126722,1349,642,707
69860,144350,17616,69415,11805,126734,1349,642,707
69865,144361,17617,69420,11805,126744,1349,642,707
69870,144368,17617,69423,11805,126751,1349,642,707
69875,144381,17618,69428,11805,126763,1349,642,707
69880,144392,17619,69432,11806,126773,1349,642,707
69885,144399,17619,69435,11806,126780,1349,642,707
69890,144412,17620,69440,11806,126792,1349,642,707
69895,144423,17620,69446,11806,126803,1349,642,707
69900,144430,17620,69448,11806,126810,1349,642,707
69905,144443,17621,69452,11807,126822,1349,642,707
69910,144454,17621,69456,11807,126833,1349,642,707
69915,144461,17621,69458,11807,126840,1349,642,707
69920,144474,17622,69462,11807,126852,1349,642,707
69925,144485,17622,69466,11807,126863,1349,642,707
69930,144492,17622,69468,11807,126870,1349,642,707
69935,144505,17623,69474,11807,126882,1349,642,707
69940,144516,17623,69482,11807,126893,1349,642,707
69945,144523,17623,69483,11807,126900,1349,642,707
69950,144536,17624,69488,11808,126912,1349,642,707
69955,144547,17624,69493,11808,126923,1349,642,707
69960,144554,17624,69496,11808,126930,1349,642,707
69965,144567,17625,69503,11809,126942,1349,642,707
69970,144578,17625,69509,11809,126953,1349,642,707
69975,144585,17625,69513,11809,126960,1349,642,707
69980,144598,17626,69520,11810,126972,1349,642,707
69985,144609,17626,69528,11810,126983,1349,642,707
69990,144616,17626,69531,11810,126990,1349,642,707
69995,144629,17627,69538,11810,127002,1349,642,707
70000,144640,17628,69544,11810,127012,1349,642,707
70005,144647,17628,69548,11810,127019,1349,642,707
70010,144660,17629,69556,11811,127031,1349,642,707
70015,144671,17630,69564,11812,127041,1349,642,707
70020,144678,17630,69567,11812,127048,1349,642,707
70025,144691,17631,69575,11813,127060,1349,642,707
70030,144702,17632,69579,11814,127070,1349,642,707
70035,144709,17632,69580,11814,127077,1349,642,707
70040,144722,17633,69586,11814,127089,1349,642,707
70045,144733,17634,69590,11814,127099,1349,642,707
70050,144740,17634,69593,11814,127106,1349,642,707
70055,144753,17635,69600,11814,127118,1349,642,707
70060,144764,17635,69605,11814,127129,1349,642,707
70065,144771,17635,69608,11814,127136,1349,642,707
70070,144784,17636,69614,11814,127148,1349,642,707
70075,144795,17636,69618,11814,127159,1349,642,707
70080,144802,17636,69620,11814,127166,1349,642,707
70085,144815,17637,69625,11814,127178,1349,642,707
70090,144826,17637,69632,11814,127189,1349,642,707
70095,144833,17637,69636,11814,127196,1349,642,707
70100,144846,17638,69645,11815,127208,1349,642,707
70105,144857,17638,69653,11815,127219,1349,642,707
70110,144864,17638,69655,11815,127226,1349,642,707
70115,144877,17639,69657,11815,127238,1349,642,707
70120,144888,17639,69663,11815,127249,1349,642,707
70125,144895,17639,69664,11815,127256,1349,642,707
70130,144908,17640,69673,11816,127268,1349,642,707
70135,144919,17640,69677,11816,127279,1349,642,707
70140,144926,17640,69682,11816,127286,1349,642,707
70145,144939,17641,69688,11816,127298,1349,642,707
70150,144950,17641,69692,11816,127309,1349,642,707
70155,144957,17641,69697,11816,127316,1349,642,707
70160,144970,17642,69704,11816,127328,1349,642,707
70165,144981,17643,69712,11817,127338,1349,642,707
70170,144988,17643,69712,11817,127345,1349,642,707
70175,145001,17644,69717,11818,127357,1349,642,707
70180,145012,17645,69721,11819,127367,1349,642,707
70185,145019,17645,69724,11819,127374,1349,642,707
70190,145032,17646,69733,11820,127386,1349,642,707
70195,145043,17647,69741,11821,127396,1349,642,707
70200,145050,17647,69746,11821,127403,1349,642,707
70205,145063,17648,69751,11821,127415,1349,642,707
70210,145074,17649,69759,11822,127425,1349,642,707
70215,145081,17649,69764,11822,127432,1349,642,707
70220,145094,17650,69770,11822,127444,1349,642,707
70225,145105,17650,69776,11822,127455,1349,642,707
70230,145112,17650,69777,11822,127462,1349,642,707
70235,145125,17651,69783,11823,127474,1349,642,707
70240,145136,17651,69785,11823,127485,1349,642,707
70245,145143,17651,69788,11823,127492,1349,642,707
70250,145156,17651,69794,11823,127505,1349,642,707
70255,145167,17651,69798,11823,127516,1349,642,707
70260,145174,17651,69801,11823,127523,1349,642,707
70265,145187,17651,69808,11823,127536,1349,642,707
70270,145198,17651,69814,11823,127547,1349,642,707
70275,145205,17651,69817,11823,127554,1349,642,707
70280,145218,17651,69822,11823,127567,1349,642,707
70285,145229,17651,69827,11823,127578,1349,642,707
70290,145236,17651,69830,11823,127585,1349,642,707
70295,145249,17651,69838,11823,127598,1349,642,707
70300,145260,17651,69843,11823,127609,1349,642,707
70305,145267,17651,69846,11823,127616,1349,642,707
70310,145280,17651,69852,11823,127629,1349,642,707
70315,145291,17651,69856,11823,127640,1349,642,707
70320,145298,17651,69858,11823,127647,1349,642,707
70325,145311,17651,69864,11823,127660,1349,642,707
70330,145322,17651,69872,11823,127671,1349,642,707
70335,145329,17651,69877,11823,127678,1349,642,707
70340,145342,17651,69887,11823,127691,1349,642,707
70345,145353,17651,69890,11823,127702,1349,642,707
70350,145360,17651,69893,11823,127709,1349,642,707
70355,145373,17651,69899,11823,127722,1349,642,707
70360,145384,17651,69904,11823,127733,1349,642,707
70365,145391,17651,69907,11823,127740,1349,642,707
70370,145404,17651,69912,11823,127753,1349,642,707
70375,145415,17651,69918,11823,127764,1349,642,707
70380,145422,17651,69924,11823,127771,1349,642,707
70385,145435,17651,69928,11823,127784,1349,642,707
70390,145446,17651,69932,11823,127795,1349,642,707
70395,145453,17651,69937,11823,127802,1349,642,707
70400,145466,17651,69941,11823,127815,1349,642,707
70405,145477,17651,69946,11823,127826,1349,642,707
70410,145484,17651,69948,11823,127833,1349,642,707
70415,145497,17651,69952,11823,127846,1349,642,707
70420,145508,17651,69958,11823,127857,1349,642,707
70425,145515,17651,69962,11823,127864,1349,642,707
70430,145528,17651,69968,11823,127877,1349,642,707
70435,145539,17651,69976,11823,127888,1349,642,707
70440,145546,17651,69980,11823,127895,1349,642,707
70445,145559,17651,69989,11823,127908,1349,642,707
70450,145570,17651,69995,11823,127919,1349,642,707
70455,145577,17651,69999,11823,127926,1349,642,707
70460,145590,17651,70004,11823,127939,1349,642,707
70465,145601,17651,70010,11823,127950,1349,642,707
70470,145608,17651,70017,11823,127957,1349,642,707
70475,145621,17651,70023,11823,127970,1349,642,707
70480,145632,17651,70032,11823,127981,1349,642,707
70485,145639,17651,70037,11823,127988,1349,642,707
70490,145652,17651,70044,11823,128001,1349,642,707
70495,145663,17651,70051,11823,128012,1349,642,707
70500,145670,17651,70053,11823,128019,1349,642,707
70505,145683,17651,70060,11823,128032,1349,642,707
70510,145694,17651,70062,11823,128043,1349,642,707
70515,145701,17651,70066,11823,128050,1349,642,707
70520,145714,17651,70072,11823,128063,1349,642,707
70525,145725,17651,70074,11823,128074,1349,642,707
70530,145732,17651,70078,11823,128081,1349,642,707
70535,145745,17651,70086,11823,128094,1349,642,707
70540,145756,17651,70092,11823,128105,1349,642,707
70545,145763,17651,70095,11823,128112,1349,642,707
70550,145776,17651,70101,11823,128125,1349,642,707
70555,145787,17651,70106,11823,128136,1349,642,707
70560,145794,17651,70111,11823,128143,1349,642,707
70565,145807,17651,70117,11823,128156,1349,642,707
70570,145818,17651,70123,11823,128167,1349,642,707
70575,145825,17651,70125,11823,128174,1349,642,707
70580,145838,17651,70133,11823,128187,1349,642,707
70585,145849,17651,70140,11823,128198,1349,642,707
70590,145856,17651,70143,11823,128205,1349,642,707
70595,145869,17651,70153,11823,128218,1349,642,707
70600,145880,17651,70157,11823,128229,1349,642,707
70605,145887,17651,70158,11823,128236,1349,642,707
70610,145900,17651,70163,11823,128249,1349,642,707
70615,145911,17651,70166,11823,128260,1349,642,707
70620,145918,17651,70170,11823,128267,1349,642,707
70625,145931,17651,70173,11823,128280,1349,642,707
70630,145942,17651,70180,11823,128291,1349,642,707
70635,145949,17651,70185,11823,128298,1349,642,707
70640,145962,17651,70191,11823,128311,1349,642,707
70645,145973,17651,70198,11823,128322,1349,642,707
70650,145980,17651,70202,11823,128329,1349,642,707
70655,145993,17651,70206,11823,128342,1349,642,707
70660,146004,17651,70210,11823,128353,1349,642,707
70665,146011,17651,70213,11823,128360,1349,642,707
70670,146024,17651,70219,11823,128373,1349,642,707
70675,146035,17651,70224,11823,128384,1349,642,707
70680,146042,17651,70225,11823,128391,1349,642,707
70685,146055,17651,70230,11823,128404,1349,642,707
70690,146066,17651,70236,11823,128415,1349,642,707
70695,146073,17651,70242,11823,128422,1349,642,707
70700,146086,17651,70246,11823,128435,1349,642,707
70705,146097,17651,70251,11823,128446,1349,642,707
70710,146104,17651,70255,11823,128453,1349,642,707
70715,146117,17651,70262,11823,128466,1349,642,707
70720,146128,17651,70269,11823,128477,1349,642,707
70725,146135,17651,70274,11823,128484,1349,642,707
70730,146148,17651,70276,11823,128497,1349,642,707
70735,146159,17651,70279,11823,128508,1349,642,707
70740,146166,17651,70281,11823,128515,1349,642,707
70745,146179,17651,70286,11823,128528,1349,642,707
70750,146190,17651,70292,11823,128539,1349,642,707
70755,146197,17651,70295,11823,128546,1349,642,707
70760,146210,17651,70303,11823,128559,1349,642,707
70765,146221,17651,70308,11823,128570,1349,642,707
70770,146228,17651,70311,11823,128577,1349,642,707
70775,146241,17651,70318,11823,128590,1349,642,707
70780,146252,17651,70321,11823,128601,1349,642,707
70785,146259,17651,70322,11823,128608,1349,642,707
70790,146272,17651,70330,11823,128621,1349,642,707
70795,146283,17651,70335,11823,128632,1349,642,707
70800,146290,17651,70337,11823,128639,1349,642,707
70805,146303,17651,70344,11823,128652,1349,642,707
70810,146314,17651,70350,11823,128663,1349,642,707
70815,146321,17651,70355,11823,128670,1349,642,707
70820,146334,17651,70364,11823,128683,1349,642,707
70825,146345,17651,70367,11823,128694,1349,642,707
70830,146352,17651,70368,11823,128701,1349,642,707
70835,146365,17651,70378,11823,128714,1349,642,707
70840,146376,17651,70383,11823,128725,1349,642,707
70845,146383,17651,70385,11823,128732,1349,642,707
70850,146396,17651,70390,11823,128745,1349,642,707
70855,146407,17651,70394,11823,128756,1349,642,707
70860,146414,17651,70399,11823,128763,1349,642,707
70865,146427,17651,70406,11823,128776,1349,642,707
70870,146438,17651,70411,11823,128787,1349,642,707
70875,146445,17651,70414,11823,128794,1349,642,707
70880,146458,17651,70422,11823,128807,1349,642,707
70885,146469,17651,70426,11823,128818,1349,642,707
70890,146476,17651,70428,11823,128825,1349,642,707
70895,146489,17651,70435,11823,128838,1349,642,707
70900,146500,17651,70443,11823,128849,1349,642,707
70905,146507,17651,70447,11823,128856,1349,642,707
70910,146520,17651,70455,11823,128869,1349,642,707
70915,146531,17651,70460,11823,128880,1349,642,707
70920,146538,17651,70464,11823,128887,1349,642,707
70925,146551,17651,70472,11823,128900,1349,642,707
70930,146562,17651,70479,11823,128911,1349,642,707
70935,146569,17651,70483,11823,128918,1349,642,707
70940,146582,17651,70489,11823,128931,1349,642,707
70945,146593,17651,70494,11823,128942,1349,642,707
70950,146600,17651,70499,11823,128949,1349,642,707
70955,146613,17651,70504,11823,128962,1349,642,707
70960,146624,17651,70510,11823,128973,1349,642,707
70965,146631,17651,70512,11823,128980,1349,642,707
70970,146644,17651,70520,11823,128993,1349,642,707
70975,146655,17651,70525,11823,129004,1349,642,707
70980,146662,17651,70529,11823,129011,1349,642,707
70985,146675,17651,70538,11823,129024,1349,642,707
70990,146686,17651,70545,11823,129035,1349,642,707
70995,146693,17651,70550,11823,129042,1349,642,707
71000,146706,17651,70553,11823,129055,1349,642,707
71005,146717,17651,70559,11823,129066,1349,642,707
71010,146724,17651,70563,11823,129073,1349,642,707
71015,146737,17651,70570,11823,129086,1349,642,707
71020,146748,17651,70580,11823,129097,1349,642,707
71025,146755,17651,70583,11823,129104,1349,642,707
71030,146768,17651,70588,11823,129117,1349,642,707
71035,146779,17651,70591,11823,129128,1349,642,707
71040,146786,17651,70593,11823,129135,1349,642,707
71045,146799,17651,70597,11823,129148,1349,642,707
71050,146810,17651,70601,11823,129159,1349,642,707
71055,146817,17651,70602,11823,129166,1349,642,707
71060,146830,17651,70609,11823,129179,1349,642,707
71065,146841,17651,70615,11823,129190,1349,642,707
71070,146848,17651,70617,11823,129197,1349,642,707
71075,146861,17651,70621,11823,129210,1349,642,707
71080,146872,17651,70624,11823,129221,1349,642,707
71085,146879,17651,70629,11823,129228,1349,642,707
71090,146892,17651,70640,11823,129241,1349,642,707
71095,146903,17651,70647,11823,129252,1349,642,707
71100,146910,17651,70649,11823,129259,1349,642,707
71105,146923,17651,70657,11823,129272,1349,642,707
71110,146934,17651,70661,11823,129283,1349,642,707
71115,146941,17651,70665,11823,129290,1349,642,707
71120,146954,17651,70674,11823,129303,1349,642,707
71125,146965,17651,70681,11823,129314,1349,642,707
71130,146972,17651,70684,11823,129321,1349,642,707
71135,146985,17651,70690,11823,129334,1349,642,707
71140,146996,17651,70696,11823,129345,1349,642,707
71145,147003,17651,70699,11823,129352,1349,642,707
71150,147016,17651,70703,11823,129365,1349,642,707
71155,147027,17651,70709,11823,129376,1349,642,707
71160,147034,17651,70713,11823,129383,1349,642,707
71165,147047,17651,70722,11823,129396,1349,642,707
71170,147058,17651,70726,11823,129407,1349,642,707
71175,147065,17651,70727,11823,129414,1349,642,707
71180,147078,17651,70737,11823,129427,1349,642,707
71185,147089,17651,70742,11823,129438,1349,642,707
71190,147096,17651,70746,11823,129445,1349,642,707
71195,147109,17651,70751,11823,129458,1349,642,707
71200,147120,17651,70761,11823,129469,1349,642,707
71205,147127,17651,70765,11823,129476,1349,642,707
71210,147140,17651,70774,11823,129489,1349,642,707
71215,147151,17651,70780,11823,129500,1349,642,707
71220,147158,17651,70784,11823,129507,1349,642,707
71225,147171,17651,70790,11823,129520,1349,642,707
71230,147182,17651,70793,11823,129531,1349,642,707
71235,147189,17651,70794,11823,129538,1349,642,707
71240,147202,17651,70802,11823,129551,1349,642,707
71245,147213,17651,70805,11823,129562,1349,642,707
71250,147220,17651,70810,11823,129569,1349,642,707
71255,147233,17651,70815,11823,129582,1349,642,707
71260,147244,17651,70817,11823,129593,1349,642,707
71265,147251,17651,70822,11823,129600,1349,642,707
71270,147264,17651,70826,11823,129613,1349,642,707
71275,147275,17651,70831,11823,129624,1349,642,707
71280,147282,17651,70835,11823,129631,1349,642,707
71285,147295,17651,70840,11823,129644,1349,642,707
71290,147306,17651,70843,11823,129655,1349,642,707
71295,147313,17651,70847,11823,129662,1349,642,707
71300,147326,17651,70856,11823,129675,1349,642,707
71305,147337,17651,70861,11823,129686,1349,642,707
71310,147344,17651,70865,11823,129693,1349,642,707
71315,147357,17651,70874,11823,129706,1349,642,707
71320,147368,17651,70877,11823,129717,1349,642,707
71325,147375,17651,70882,11823,129724,1349,642,707
71330,147388,17651,70887,11823,129737,1349,642,707
71335,147399,17651,70894,11823,129748,1349,642,707
71340,147406,17651,70899,11823,129755,1349,642,707
71345,147419,17651,70904,11823,129768,1349,642,707
71350,147430,17651,70910,11823,129779,1349,642,707
71355,147437,17651,70914,11823,129786,1349,642,707
71360,147450,17651,70920,11823,129799,1349,642,707
71365,147461,17651,70925,11823,129810,1349,642,707
71370,147468,17651,70928,11823,129817,1349,642,707
71375,147481,17651,70932,11823,129830,1349,642,707
71380,147492,17651,70937,11823,129841,1349,642,707
71385,147499,17651,70940,11823,129848,1349,642,707
71390,147512,17651,70948,11823,129861,1349,642,707
71395,147523,17651,70955,11823,129872,1349,642,707
71400,147530,17651,70959,11823,129879,1349,642,707
71405,147543,17651,70964,11823,129892,1349,642,707
71410,147554,17651,70969,11823,129903,1349,642,707
71415,147561,17651,70973,11823,129910,1349,642,707
71420,147574,17651,70980,11823,129923,1349,642,707
71425,147585,17651,70984,11823,129934,1349,642,707
71430,147592,17651,70986,11823,129941,1349,642,707
71435,147605,17651,70993,11823,129954,1349,642,707
71440,147616,17651,70996,11823,129965,1349,642,707
71445,147623,17651,71000,11823,129972,1349,642,707
71450,147636,17651,71008,11823,129985,1349,642,707
71455,147647,17651,71010,11823,129996,1349,642,707
71460,147654,17651,71013,11823,130003,1349,642,707
71465,147667,17651,71021,11823,130016,1349,642,707
71470,147678,17651,71025,11823,130027,1349,642,707
71475,147685,17651,71029,11823,130034,1349,642,707
71480,147698,17651,71040,11823,130047,1349,642,707
71485,147709,17651,71044,11823,130058,1349,642,707
71490,147716,17651,71048,11823,130065,1349,642,707
71495,147729,17651,71054,11823,130078,1349,642,707
71500,147740,17651,71058,11823,130089,1349,642,707
71505,147747,17651,71062,11823,130096,1349,642,707
71510,147760,17651,71066,11823,130109,1349,642,707
71515,147771,17651,71070,11823,130120,1349,642,707
71520,147778,17651,71074,11823,130127,1349,642,707
71525,147791,17651,71080,11823,130140,1349,642,707
71530,147802,17651,71086,11823,130151,1349,642,707
71535,147809,17651,71089,11823,130158,1349,642,707
71540,147822,17651,71094,11823,130171,1349,642,707
71545,147833,17651,71100,11823,130182,1349,642,707
71550,147840,17651,71103,11823,130189,1349,642,707
71555,147853,17651,71112,11823,130202,1349,642,707
71560,147864,17651,71117,11823,130213,1349,642,707
71565,147871,17651,71121,11823,130220,1349,642,707
71570,147884,17651,71126,11823,130233,1349,642,707
71575,147895,17651,71131,11823,130244,1349,642,707
71580,147902,17651,71135,11823,130251,1349,642,707
71585,147915,17651,71138,11823,130264,1349,642,707
71590,147926,17651,71141,11823,130275,1349,642,707
71595,147933,17651,71144,11823,130282,1349,642,707
71600,147946,17651,71147,11823,130295,1349,642,707
71605,147957,17651,71154,11823,130306,1349,642,707
71610,147964,17651,71155,11823,130313,1349,642,707
71615,147977,17651,71164,11823,130326,1349,642,707
71620,147988,17651,71168,11823,130337,1349,642,707
71625,147995,17651,71173,11823,130344,1349,642,707
71630,148008,17651,71180,11823,130357,1349,642,707
71635,148019,17651,71185,11823,130368,1349,642,707
71640,148026,17651,71190,11823,130375,1349,642,707
71645,148039,17651,71195,11823,130388,1349,642,707
71650,148050,17651,71201,11823,130399,1349,642,707
71655,148057,17651,71204,11823,130406,1349,642,707
71660,148070,17651,71207,11823,130419,1349,642,707
71665,148081,17651,71211,11823,130430,1349,642,707
71670,148088,17651,71215,11823,130437,1349,642,707
71675,148101,17651,71221,11823,130450,1349,642,707
71680,148112,17651,71226,11823,130461,1349,642,707
71685,148119,17651,71231,11823,130468,1349,642,707
71690,148132,17651,71236,11823,130481,1349,642,707
71695,148143,17651,71239,11823,130492,1349,642,707
71700,148150,17651,71244,11823,130499,1349,642,707
71705,148163,17651,71247,11823,130512,1349,642,707
71710,148174,17651,71255,11823,130523,1349,642,707
71715,148181,17651,71260,11823,130530,1349,642,707
71720,148194,17651,71268,11823,130543,1349,642,707
71725,148205,17651,71275,11823,130554,1349,642,707
71730,148212,17651,71278,11823,130561,1349,642,707
71735,148225,17651,71285,11823,130574,1349,642,707
71740,148236,17651,71290,11823,130585,1349,642,707
71745,148243,17651,71291,11823,130592,1349,642,707
71750,148256,17651,71297,11823,130605,1349,642,707
71755,148267,17651,71304,11823,130616,1349,642,707
71760,148274,17651,71308,11823,130623,1349,642,707
71765,148287,17651,71316,11823,130636,1349,642,707
71770,148298,17651,71320,11823,130647,1349,642,707
71775,148305,17651,71321,11823,130654,1349,642,707
71780,148318,17651,71326,11823,130667,1349,642,707
71785,148329,17651,71332,11823,130678,1349,642,707
71790,148336,17651,71337,11823,130685,1349,642,707
71795,148349,17651,71345,11823,130698,1349,642,707
71800,148360,17651,71350,11823,130709,1349,642,707
71805,148367,17651,71354,11823,130716,1349,642,707
71810,148380,17651,71363,11823,130729,1349,642,707
71815,148391,17651,71369,11823,130740,1349,642,707
71820,148398,17651,71372,11823,130747,1349,642,707
71825,148411,17651,71379,11823,130760,1349,642,707
71830,148422,17651,71386,11823,130771,1349,642,707
71835,148429,17651,71388,11823,130778,1349,642,707
71840,148442,17651,71394,11823,130791,1349,642,707
71845,148453,17651,71399,11823,130802,1349,642,707
71850,148460,17651,71400,11823,130809,1349,642,707
71855,148473,17651,71405,11823,130822,1349,642,707
71860,148484,17651,71411,11823,130833,1349,642,707
71865,148491,17651,71417,11823,130840,1349,642,707
71870,148504,17651,71422,11823,130853,1349,642,707
71875,148515,17651,71426,11823,130864,1349,642,707
71880,148522,17651,71429,11823,130871,1349,642,707
71885,148535,17651,71437,11823,130884,1349,642,707
71890,148546,17651,71443,11823,130895,1349,642,707
71895,148553,17651,71447,11823,130902,1349,642,707
71900,148566,17651,71453,11823,130915,1349,642,707
71905,148577,17651,71460,11823,130926,1349,642,707
71910,148584,17651,71464,11823,130933,1349,642,707
71915,148597,17651,71472,11823,130946,1349,642,707
71920,148608,17651,71479,11823,130957,1349,642,707
71925,148615,17651,71481,11823,130964,1349,642,707
71930,148628,17651,71487,11823,130977,1349,642,707
71935,148639,17651,71496,11823,130988,1349,642,707
71940,148646,17651,71501,11823,130995,1349,642,707
71945,148659,17651,71507,11823,131008,1349,642,707
71950,148670,17651,71511,11823,131019,1349,642,707
71955,148677,17651,71516,11823,131026,1349,642,707
71960,148690,17651,71523,11823,131039,1349,642,707
71965,148701,17651,71527,11823,131050,1349,642,707
71970,148708,17651,71530,11823,131057,1349,642,707
71975,148721,17651,71536,11823,131070,1349,642,707
71980,148732,17651,71540,11823,131081,1349,642,707
71985,148739,17651,71542,11823,131088,1349,642,707
71990,148752,17651,71549,11823,131101,1349,642,707
71995,148763,17651,71552,11823,131112,1349,642,707
72000,148770,17651,71555,11823,131119,1349,642,707
72005,148783,17651,71560,11823,131132,1349,642,707
72010,148794,17651,71565,11823,131143,1349,642,707
72015,148801,17651,71567,11823,131150,1349,642,707
72020,148814,17651,71572,11823,131163,1349,642,707
72025,148825,17651,71577,11823,131174,1349,642,707
72030,148832,17651,71582,11823,131181,1349,642,707
72035,148845,17651,71592,11823,131194,1349,642,707
72040,148856,17651,71599,11823,131205,1349,642,707
72045,148863,17651,71602,11823,131212,1349,642,707
72050,148876,17651,71607,11823,131225,1349,642,707
72055,148887,17651,71613,11823,131236,1349,642,707
72060,148894,17651,71616,11823,131243,1349,642,707
72065,148907,17651,71621,11823,131256,1349,642,707
72070,148918,17651,71627,11823,131267,1349,642,707
72075,148925,17651,71630,11823,131274,1349,642,707
72080,148938,17651,71638,11823,131287,1349,642,707
72085,148949,17651,71644,11823,131298,1349,642,707
72090,148956,17651,71646,11823,131305,1349,642,707
72095,148969,17651,71653,11823,131318,1349,642,707
72100,148980,17651,71657,11823,131329,1349,642,707
72105,148987,17651,71660,11823,131336,1349,642,707
72110,149000,17651,71668,11823,131349,1349,642,707
72115,149011,17651,71673,11823,131360,1349,642,707
72120,149018,17651,71677,11823,131367,1349,642,707
72125,149031,17651,71683,11823,131380,1349,642,707
72130,149042,17651,71686,11823,131391,1349,642,707
72135,149049,17651,71688,11823,131398,1349,642,707
72140,149062,17651,71693,11823,131411,1349,642,707
72145,149073,17651,71699,11823,131422,1349,642,707
72150,149080,17651,71702,11823,131429,1349,642,707
72155,149093,17651,71709,11823,131442,1349,642,707
72160,149104,17651,71714,11823,131453,1349,642,707
72165,149111,17651,71715,11823,131460,1349,642,707
72170,149124,17651,71725,11823,131473,1349,642,707
72175,149135,17651,71731,11823,131484,1349,642,707
72180,149142,17651,71734,11823,131491,1349,642,707
72185,149155,17651,71741,11823,131504,1349,642,707
72190,149166,17651,71749,11823,131515,1349,642,707
72195,149173,17651,71752,11823,131522,1349,642,707
72200,149186,17651,71757,11823,131535,1349,642,707
72205,149197,17651,71763,11823,131546,1349,642,707
72210,149204,17651,71765,11823,131553,1349,642,707
72215,149217,17651,71774,11823,131566,1349,642,707
72220,149228,17651,71779,11823,131577,1349,642,707
72225,149235,17651,71782,11823,131584,1349,642,707
72230,149248,17651,71791,11823,131597,1349,642,707
72235,149259,17651,71794,11823,131608,1349,642,707
72240,149266,17651,71796,11823,131615,1349,642,707
72245,149279,17651,71801,11823,131628,1349,642,707
72250,149290,17651,71806,11823,131639,1349,642,707
72255,149297,17651,71807,11823,131646,1349,642,707
72260,149310,17651,71811,11823,131659,1349,642,707
72265,149321,17651,71812,11823,131670,1349,642,707
72270,149328,17651,71814,11823,131677,1349,642,707
72275,149341,17651,71819,11823,131690,1349,642,707
72280,149352,17651,71824,11823,131701,1349,642,707
72285,149359,17651,71828,11823,131708,1349,642,707
72290,149372,17651,71834,11823,131721,1349,642,707
72295,149383,17651,71840,11823,131732,1349,642,707
72300,149390,17651,71844,11823,131739,1349,642,707
72305,149403,17651,71851,11823,131752,1349,642,707
72310,149414,17651,71857,11823,131763,1349,642,707
72315,149421,17651,71860,11823,131770,1349,642,707
72320,149434,17651,71867,11823,131783,1349,642,707
72325,149445,17651,71872,11823,131794,1349,642,707
72330,149452,17651,71875,11823,131801,1349,642,707
72335,149465,17651,71878,11823,131814,1349,642,707
72340,149476,17651,71882,11823,131825,1349,642,707
72345,149483,17651,71884,11823,131832,1349,642,707
72350,149496,17651,71894,11823,131845,1349,642,707
72355,149507,17651,71899,11823,131856,1349,642,707
72360,149514,17651,71901,11823,131863,1349,642,707
72365,149527,17651,71908,11823,131876,1349,642,707
72370,149538,17651,71912,11823,131887,1349,642,707
72375,149545,17651,71915,11823,131894,1349,642,707
72380,149558,17651,71920,11823,131907,1349,642,707
72385,149569,17651,71925,11823,131918,1349,642,707
72390,149576,17651,71929,11823,131925,1349,642,707
72395,149589,17651,71935,11823,131938,1349,642,707
72400,149600,17651,71940,11823,131949,1349,642,707
72405,149607,17651,71941,11823,131956,1349,642,707
72410,149620,17651,71948,11823,131969,1349,642,707
72415,149631,17651,71952,11823,131980,1349,642,707
72420,149638,17651,71956,11823,131987,1349,642,707
72425,149651,17651,71964,11823,132000,1349,642,707
72430,149662,17651,71965,11823,132011,1349,642,707
72435,149669,17651,71967,11823,132018,1349,642,707
72440,149682,17651,71974,11823,132031,1349,642,707
72445,149693,17651,71977,11823,132042,1349,642,707
72450,149700,17651,71978,11823,132049,1349,642,707
72455,149713,17651,71983,11823,132062,1349,642,707
72460,149724,17651,71987,11823,132073,1349,642,707
72465,149731,17651,71991,11823,132080,1349,642,707
72470,149744,17651,71993,11823,132093,1349,642,707
72475,149755,17651,72000,11823,132104,1349,642,707
72480,149762,17651,72002,11823,132111,1349,642,707
72485,149775,17651,72011,11823,132124,1349,642,707
72490,149786,17651,72016,11823,132135,1349,642,707
72495,149793,17651,72019,11823,132142,1349,642,707
72500,149806,17651,72027,11823,132155,1349,642,707
72505,149817,17651,72031,11823,132166,1349,642,707
72510,149824,17651,72035,11823,132173,1349,642,707
72515,149837,17651,72043,11823,132186,1349,642,707
72520,149848,17651,72049,11823,132197,1349,642,707
72525,149855,17651,72051,11823,132204,1349,642,707
72530,149868,17651,72055,11823,132217,1349,642,707
72535,149879,17651,72062,11823,132228,1349,642,707
72540,149886,17651,72065,11823,132235,1349,642,707
72545,149899,17651,72073,11823,132248,1349,642,707
72550,149910,17651,72077,11823,132259,1349,642,707
72555,149917,17651,72080,11823,132266,1349,642,707
72560,149930,17651,72085,11823,132279,1349,642,707
72565,149941,17651,72091,11823,132290,1349,642,707
72570,149948,17651,72095,11823,132297,1349,642,707
72575,149961,17651,72103,11823,132310,1349,642,707
72580,149972,17651,72106,11823,132321,1349,642,707
72585,149979,17651,72109,11823,132328,1349,642,707
72590,149992,17651,72118,11823,132341,1349,642,707
72595,150003,17651,72123,11823,132352,1349,642,707
72600,150010,17651,72126,11823,132359,1349,642,707
72605,150023,17651,72129,11823,132372,1349,642,707
72610,150034,17651,72133,11823,132383,1349,642,707
72615,150041,17651,72137,11823,132390,1349,642,707
72620,150054,17651,72146,11823,132403,1349,642,707
72625,150065,17651,72152,11823,132414,1349,642,707
72630,150072,17651,72154,11823,132421,1349,642,707
72635,150085,17651,72159,11823,132434,1349,642,707
72640,150096,17651,72165,11823,132445,1349,642,707
72645,150103,17651,72168,11823,132452,1349,642,707
72650,150116,17651,72175,11823,132465,1349,642,707
72655,150127,17651,72182,11823,132476,1349,642,707
72660,150134,17651,72187,11823,132483,1349,642,707
72665,150147,17651,72195,11823,132496,1349,642,707
72670,150158,17651,72200,11823,132507,1349,642,707
72675,150165,17651,72204,11823,132514,1349,642,707
72680,150178,17651,72211,11823,132527,1349,642,707
72685,150189,17651,72216,11823,132538,1349,642,707
72690,150196,17651,72219,11823,132545,1349,642,707
72695,150209,17651,72227,11823,132558,1349,642,707
72700,150220,17651,72229,11823,132569,1349,642,707
72705,150227,17651,72232,11823,132576,1349,642,707
72710,150240,17651,72239,11823,132589,1349,642,707
72715,150251,17651,72243,11823,132600,1349,642,707
72720,150258,17651,72246,11823,132607,1349,642,707
72725,150271,17651,72249,11823,132620,1349,642,707
72730,150282,17651,72254,11823,132631,1349,642,707
72735,150289,17651,72256,11823,132638,1349,642,707
72740,150302,17651,72264,11823,132651,1349,642,707
72745,150313,17651,72273,11823,132662,1349,642,707
72750,150320,17651,72276,11823,132669,1349,642,707
72755,150333,17651,72282,11823,132682,1349,642,707
72760,150344,17651,72287,11823,132693,1349,642,707
72765,150351,17651,72290,11823,132700,1349,642,707
72770,150364,17651,72295,11823,132713,1349,642,707
72775,150375,17651,72306,11823,132724,1349,642,707
72780,150382,17651,72309,11823,132731,1349,642,707
72785,150395,17651,72316,11823,132744,1349,642,707
72790,150406,17651,72322,11823,132755,1349,642,707
72795,150413,17651,72324,11823,132762,1349,642,707
72800,150426,17651,72331,11823,132775,1349,642,707
72805,150437,17651,72339,11823,132786,1349,642,707
72810,150444,17651,72342,11823,132793,1349,642,707
72815,150457,17651,72348,11823,132806,1349,642,707
72820,150468,17651,72352,11823,132817,1349,642,707
72825,150475,17651,72355,11823,132824,1349,642,707
72830,150488,17651,72361,11823,132837,1349,642,707
72835,150499,17651,72366,11823,132848,1349,642,707
72840,150506,17651,72369,11823,132855,1349,642,707
72845,150519,17651,72376,11823,132868,1349,642,707
72850,150530,17651,72384,11823,132879,1349,642,707
72855,150537,17651,72387,11823,132886,1349,642,707
72860,150550,17651,72391,11823,132899,1349,642,707
72865,150561,17651,72396,11823,132910,1349,642,707
72870,150568,17651,72400,11823,132917,1349,642,707
72875,150581,17651,72405,11823,132930,1349,642,707
72880,150592,17651,72408,11823,132941,1349,642,707
72885,150599,17651,72410,11823,132948,1349,642,707
72890,150612,17651,72414,11823,132961,1349,642,707
72895,150623,17651,72420,11823,132972,1349,642,707
72900,150630,17651,72423,11823,132979,1349,642,707
72905,150643,17651,72431,11823,132992,1349,642,707
72910,150654,17651,72431,11823,133003,1349,642,707
72915,150661,17651,72434,11823,133010,1349,642,707
72920,150674,17651,72440,11823,133023,1349,642,707
72925,150685,17651,72444,11823,133034,1349,642,707
72930,150692,17651,72447,11823,133041,1349,642,707
72935,150705,17651,72451,11823,133054,1349,642,707
72940,150716,17651,72456,11823,133065,1349,642,707
72945,150723,17651,72457,11823,133072,1349,642,707
72950,150736,17651,72460,11823,133085,1349,642,707
72955,150747,17651,72465,11823,133096,1349,642,707
72960,150754,17651,72467,11823,133103,1349,642,707
72965,150767,17651,72469,11823,133116,1349,642,707
72970,150778,17651,72473,11823,133127,1349,642,707
72975,150785,17651,72478,11823,133134,1349,642,707
72980,150798,17651,72488,11823,133147,1349,642,707
72985,150809,17651,72494,11823,133158,1349,642,707
72990,150816,17651,72497,11823,133165,1349,642,707
72995,150829,17651,72501,11823,133178,1349,642,707
73000,150840,17651,72506,11823,133189,1349,642,707
73005,150847,17651,72507,11823,133196,1349,642,707
73010,150860,17651,72515,11823,133209,1349,642,707
73015,150871,17651,72517,11823,133220,1349,642,707
73020,150878,17651,72523,11823,133227,1349,642,707
73025,150891,17651,72529,11823,133240,1349,642,707
73030,150902,17651,72535,11823,133251,1349,642,707
73035,150909,17651,72538,11823,133258,1349,642,707
73040,150922,17651,72544,11823,133271,1349,642,707
73045,150933,17651,72549,11823,133282,1349,642,707
73050,150940,17651,72553,11823,133289,1349,642,707
73055,150953,17651,72561,11823,133302,1349,642,707
73060,150964,17651,72567,11823,133313,1349,642,707
73065,150971,17651,72572,11823,133320,1349,642,707
73070,150984,17651,72579,11823,133333,1349,642,707
73075,150995,17651,72583,11823,133344,1349,642,707
73080,151002,17651,72589,11823,133351,1349,642,707
73085,151015,17651,72597,11823,133364,1349,642,707
73090,151026,17651,72601,11823,133375,1349,642,707
73095,151033,17651,72603,11823,133382,1349,642,707
73100,151046,17651,72609,11823,133395,1349,642,707
73105,151057,17651,72612,11823,133406,1349,642,707
73110,151064,17651,72616,11823,133413,1349,642,707
73115,151077,17651,72624,11823,133426,1349,642,707
73120,151088,17651,72628,11823,133437,1349,642,707
73125,151095,17651,72629,11823,133444,1349,642,707
73130,151108,17651,72635,11823,133457,1349,642,707
73135,151119,17651,72639,11823,133468,1349,642,707
73140,151126,17651,72640,11823,133475,1349,642,707
73145,151139,17651,72647,11823,133488,1349,642,707
73150,151150,17651,72653,11823,133499,1349,642,707
73155,151157,17651,72656,11823,133506,1349,642,707
73160,151170,17651,72664,11823,133519,1349,642,707
73165,151181,17651,72671,11823,133530,1349,642,707
73170,151188,17651,72676,11823,133537,1349,642,707
73175,151201,17651,72682,11823,133550,1349,642,707
73180,151212,17651,72687,11823,133561,1349,642,707
73185,151219,17651,72688,11823,133568,1349,642,707
73190,151232,17651,72698,11823,133581,1349,642,707
73195,151243,17651,72706,11823,133592,1349,642,707
73200,151250,17651,72708,11823,133599,1349,642,707
73205,151263,17651,72715,11823,133612,1349,642,707
73210,151274,17651,72717,11823,133623,1349,642,707
73215,151281,17651,72720,11823,133630,1349,642,707
73220,151294,17651,72727,11823,133643,1349,642,707
73225,151305,17651,72735,11823,133654,1349,642,707
73230,151312,17651,72739,11823,133661,1349,642,707
73235,151325,17651,72746,11823,133674,1349,642,707
73240,151336,17651,72750,11823,133685,1349,642,707
73245,151343,17651,72753,11823,133692,1349,642,707
73250,151356,17651,72759,11823,133705,1349,642,707
73255,151367,17651,72765,11823,133716,1349,642,707
73260,151374,17651,72768,11823,133723,1349,642,707
73265,151387,17651,72777,11823,133736,1349,642,707
73270,151398,17651,72783,11823,133747,1349,642,707
73275,151405,17651,72786,11823,133754,1349,642,707
73280,151418,17651,72790,11823,133767,1349,642,707
73285,151429,17651,72795,11823,133778,1349,642,707
73290,151436,17651,72798,11823,133785,1349,642,707
73295,151449,17651,72805,11823,133798,1349,642,707
73300,151460,17651,72809,11823,133809,1349,642,707
73305,151467,17651,72812,11823,133816,1349,642,707
73310,151480,17651,72818,11823,133829,1349,642,707
73315,151491,17651,72823,11823,133840,1349,642,707
73320,151498,17651,72826,11823,133847,1349,642,707
73325,151511,17651,72833,11823,133860,1349,642,707
73330,151522,17651,72840,11823,133871,1349,642,707
73335,151529,17651,72841,11823,133878,1349,642,707
73340,151542,17651,72844,11823,133891,1349,642,707
73345,151553,17651,72848,11823,133902,1349,642,707
73350,151560,17651,72851,11823,133909,1349,642,707
73355,151573,17651,72855,11823,133922,1349,642,707
73360,151584,17651,72859,11823,133933,1349,642,707
73365,151591,17651,72861,11823,133940,1349,642,707
73370,151604,17651,72869,11823,133953,1349,642,707
73375,151615,17651,72875,11823,133964,1349,642,707
73380,151622,17651,72877,11823,133971,1349,642,707
73385,151635,17651,72885,11823,133984,1349,642,707
73390,151646,17651,72892,11823,133995,1349,642,707
73395,151653,17651,72894,11823,134002,1349,642,707
73400,151666,17651,72900,11823,134015,1349,642,707
73405,151677,17651,72903,11823,134026,1349,642,707
73410,151684,17651,72906,11823,134033,1349,642,707
73415,151697,17651,72916,11823,134046,1349,642,707
73420,151708,17651,72922,11823,134057,1349,642,707
73425,151715,17651,72925,11823,134064,1349,642,707
73430,151728,17651,72934,11823,134077,1349,642,707
73435,151739,17651,72939,11823,134088,1349,642,707
73440,151746,17651,72946,11823,134095,1349,642,707
73445,151759,17651,72953,11823,134108,1349,642,707
73450,151770,17651,72958,11823,134119,1349,642,707
73455,151777,17651,72964,11823,134126,1349,642,707
73460,151790,17651,72974,11823,134139,1349,642,707
73465,151801,17651,72978,11823,134150,1349,642,707
73470,151808,17651,72980,11823,134157,1349,642,707
73475,151821,17651,72985,11823,134170,1349,642,707
73480,151832,17651,72992,11823,134181,1349,642,707
73485,151839,17651,72996,11823,134188,1349,642,707
73490,151852,17651,73003,11823,134201,1349,642,707
73495,151863,17651,73011,11823,134212,1349,642,707
73500,151870,17651,73015,11823,134219,1349,642,707
73505,151883,17651,73020,11823,134232,1349,642,707
73510,151894,17651,73023,11823,134243,1349,642,707
73515,151901,17651,73025,11823,134250,1349,642,707
73520,151914,17651,73032,11823,134263,1349,642,707
73525,151925,17651,73040,11823,134274,1349,642,707
73530,151932,17651,73045,11823,134281,1349,642,707
73535,151945,17651,73051,11823,134294,1349,642,707
73540,151956,17651,73056,11823,134305,1349,642,707
73545,151963,17651,73059,11823,134312,1349,642,707
73550,151976,17651,73068,11823,134325,1349,642,707
73555,151987,17651,73077,11823,134336,1349,642,707
73560,151994,17651,73081,11823,134343,1349,642,707
73565,152007,17651,73087,11823,134356,1349,642,707
73570,152018,17651,73093,11823,134367,1349,642,707
73575,152025,17651,73097,11823,134374,1349,642,707
73580,152038,17651,73105,11823,134387,1349,642,707
73585,152049,17651,73111,11823,134398,1349,642,707
73590,152056,17651,73114,11823,134405,1349,642,707
73595,152069,17651,73123,11823,134418,1349,642,707
73600,152080,17651,73130,11823,134429,1349,642,707
73605,152087,17651,73132,11823,134436,1349,642,707
73610,152100,17651,73135,11823,134449,1349,642,707
73615,152111,17651,73140,11823,134460,1349,642,707
73620,152118,17651,73143,11823,134467,1349,642,707
73625,152131,17651,73147,11823,134480,1349,642,707
73630,152142,17651,73151,11823,134491,1349,642,707
73635,152149,17651,73157,11823,134498,1349,642,707
73640,152162,17651,73164,11823,134511,1349,642,707
73645,152173,17651,73164,11823,134522,1349,642,707
73650,152180,17651,73168,11823,134529,1349,642,707
73655,152193,17651,73174,11823,134542,1349,642,707
73660,152204,17651,73181,11823,134553,1349,642,707
73665,152211,17651,73184,11823,134560,1349,642,707
73670,152224,17651,73191,11823,134573,1349,642,707
73675,152235,17651,73195,11823,134584,1349,642,707
73680,152242,17651,73197,11823,134591,1349,642,707
73685,152255,17651,73207,11823,134604,1349,642,707
73690,152266,17651,73210,11823,134615,1349,642,707
73695,152273,17651,73213,11823,134622,1349,642,707
73700,152286,17651,73218,11823,134635,1349,642,707
73705,152297,17651,73223,11823,134646,1349,642,707
73710,152304,17651,73225,11823,134653,1349,642,707
73715,152317,17651,73231,11823,134666,1349,642,707
73720,152328,17651,73238,11823,134677,1349,642,707
73725,152335,17651,73242,11823,134684,1349,642,707
73730,152348,17651,73250,11823,134697,1349,642,707
73735,152359,17651,73256,11823,134708,1349,642,707
73740,152366,17651,73259,11823,134715,1349,642,707
73745,152379,17651,73264,11823,134728,1349,642,707
73750,152390,17651,73267,11823,134739,1349,642,707
73755,152397,17651,73268,11823,134746,1349,642,707
73760,152410,17651,73276,11823,134759,1349,642,707
73765,152421,17651,73280,11823,134770,1349,642,707
73770,152428,17651,73284,11823,134777,1349,642,707
73775,152441,17651,73290,11823,134790,1349,642,707
73780,152452,17651,73294,11823,134801,1349,642,707
73785,152459,17651,73297,11823,134808,1349,642,707
73790,152472,17651,73303,11823,134821,1349,642,707
73795,152483,17651,73310,11823,134832,1349,642,707
73800,152490,17651,73311,11823,134839,1349,642,707
73805,152503,17651,73319,11823,134852,1349,642,707
73810,152514,17651,73323,11823,134863,1349,642,707
73815,152521,17651,73328,11823,134870,1349,642,707
73820,152534,17651,73334,11823,134883,1349,642,707
73825,152545,17651,73341,11823,134894,1349,642,707
73830,152552,17651,73344,11823,134901,1349,642,707
73835,152565,17651,73354,11823,134914,1349,642,707
73840,152576,17651,73358,11823,134925,1349,642,707
73845,152583,17651,73362,11823,134932,1349,642,707
73850,152596,17651,73372,11823,134945,1349,642,707
73855,152607,17651,73374,11823,134956,1349,642,707
73860,152614,17651,73379,11823,134963,1349,642,707
73865,152627,17651,73387,11823,134976,1349,642,707
73870,152638,17651,73390,11823,134987,1349,642,707
73875,152645,17651,73395,11823,134994,1349,642,707
73880,152658,17651,73403,11823,135007,1349,642,707
73885,152669,17651,73409,11823,135018,1349,642,707
73890,152676,17651,73413,11823,135025,1349,642,707
73895,152689,17651,73416,11823,135038,1349,642,707
73900,152700,17651,73424,11823,135049,1349,642,707
73905,152707,17651,73428,11823,135056,1349,642,707
73910,152720,17651,73433,11823,135069,1349,642,707
73915,152731,17651,73438,11823,135080,1349,642,707
73920,152738,17651,73442,11823,135087,1349,642,707
73925,152751,17651,73450,11823,135100,1349,642,707
73930,152762,17651,73455,11823,135111,1349,642,707
73935,152769,17651,73459,11823,135118,1349,642,707
73940,152782,17651,73463,11823,135131,1349,642,707
73945,152793,17651,73469,11823,135142,1349,642,707
73950,152800,17651,73471,11823,135149,1349,642,707
73955,152813,17651,73475,11823,135162,1349,642,707
73960,152824,17651,73481,11823,135173,1349,642,707
73965,152831,17651,73485,11823,135180,1349,642,707
73970,152844,17651,73494,11823,135193,1349,642,707
73975,152855,17651,73497,11823,135204,1349,642,707
73980,152862,17651,73502,11823,135211,1349,642,707
73985,152875,17651,73508,11823,135224,1349,642,707
73990,152886,17651,73512,11823,135235,1349,642,707
73995,152893,17651,73515,11823,135242,1349,642,707
74000,152906,17651,73524,11823,135255,1349,642,707
74005,152917,17651,73529,11823,135266,1349,642,707
74010,152924,17651,73533,11823,135273,1349,642,707
74015,152937,17651,73542,11823,135286,1349,642,707
74020,152948,17651,73547,11823,135297,1349,642,707
74025,152955,17651,73551,11823,135304,1349,642,707
74030,152968,17651,73553,11823,135317,1349,642,707
74035,152979,17651,73556,11823,135328,1349,642,707
74040,152986,17651,73560,11823,135335,1349,642,707
74045,152999,17651,73565,11823,135348,1349,642,707
74050,153010,17651,73570,11823,135359,1349,642,707
74055,153017,17651,73571,11823,135366,1349,642,707
74060,153030,17651,73578,11823,135379,1349,642,707
74065,153041,17651,73584,11823,135390,1349,642,707
74070,153048,17651,73586,11823,135397,1349,642,707
74075,153061,17651,73591,11823,135410,1349,642,707
74080,153072,17651,73599,11823,135421,1349,642,707
74085,153079,17651,73600,11823,135428,1349,642,707
74090,153092,17651,73606,11823,135441,1349,642,707
74095,153103,17651,73615,11823,135452,1349,642,707
74100,153110,17651,73618,11823,135459,1349,642,707
74105,153123,17651,73621,11823,135472,1349,642,707
74110,153134,17651,73625,11823,135483,1349,642,707
74115,153141,17651,73628,11823,135490,1349,642,707
74120,153154,17651,73635,11823,135503,1349,642,707
74125,153165,17651,73640,11823,135514,1349,642,707
74130,153172,17651,73645,11823,135521,1349,642,707
74135,153185,17651,73652,11823,135534,1349,642,707
74140,153196,17651,73656,11823,135545,1349,642,707
74145,153203,17651,73659,11823,135552,1349,642,707
74150,153216,17651,73664,11823,135565,1349,642,707
74155,153227,17651,73671,11823,135576,1349,642,707
74160,153234,17651,73675,11823,135583,1349,642,707
74165,153247,17651,73681,11823,135596,1349,642,707
74170,153258,17651,73685,11823,135607,1349,642,707
74175,153265,17651,73688,11823,135614,1349,642,707
74180,153278,17651,73695,11823,135627,1349,642,707
74185,153289,17651,73697,11823,135638,1349,642,707
74190,153296,17651,73700,11823,135645,1349,642,707
74195,153309,17651,73707,11823,135658,1349,642,707
74200,153320,17651,73711,11823,135669,1349,642,707
74205,153327,17651,73713,11823,135676,1349,642,707
74210,153340,17651,73719,11823,135689,1349,642,707
74215,153351,17651,73722,11823,135700,1349,642,707
74220,153358,17651,73725,11823,135707,1349,642,707
74225,153371,17651,73732,11823,135720,1349,642,707
74230,153382,17651,73735,11823,135731,1349,642,707
74235,153389,17651,73739,11823,135738,1349,642,707
74240,153402,17651,73744,11823,135751,1349,642,707
74245,153413,17651,73749,11823,135762,1349,642,707
74250,153420,17651,73754,11823,135769,1349,642,707
74255,153433,17651,73760,11823,135782,1349,642,707
74260,153444,17651,73766,11823,135793,1349,642,707
74265,153451,17651,73768,11823,135800,1349,642,707
74270,153464,17651,73770,11823,135813,1349,642,707
74275,153475,17651,73775,11823,135824,1349,642,707
74280,153482,17651,73779,11823,135831,1349,642,707
74285,153495,17651,73785,11823,135844,1349,642,707
74290,153506,17651,73787,11823,135855,1349,642,707
74295,153513,17651,73790,11823,135862,1349,642,707
74300,153526,17651,73799,11823,135875,1349,642,707
74305,153537,17651,73804,11823,135886,1349,642,707
74310,153544,17651,73807,11823,135893,1349,642,707
74315,153557,17651,73813,11823,135906,1349,642,707
74320,153568,17651,73818,11823,135917,1349,642,707
74325,153575,17651,73823,11823,135924,1349,642,707
74330,153588,17651,73831,11823,135937,1349,642,707
74335,153599,17651,73839,11823,135948,1349,642,707
74340,153606,17651,73844,11823,135955,1349,642,707
74345,153619,17651,73847,11823,135968,1349,642,707
74350,153630,17651,73851,11823,135979,1349,642,707
74355,153637,17651,73854,11823,135986,1349,642,707
74360,153650,17651,73861,11823,135999,1349,642,707
74365,153661,17651,73867,11823,136010,1349,642,707
74370,153668,17651,73869,11823,136017,1349,642,707
74375,153681,17651,73873,11823,136030,1349,642,707
74380,153692,17651,73878,11823,136041,1349,642,707
74385,153699,17651,73881,11823,136048,1349,642,707
74390,153712,17651,73886,11823,136061,1349,642,707
74395,153723,17651,73894,11823,136072,1349,642,707
74400,153730,17651,73897,11823,136079,1349,642,707
74405,153743,17651,73903,11823,136092,1349,642,707
74410,153754,17651,73913,11823,136103,1349,642,707
74415,153761,17651,73915,11823,136110,1349,642,707
74420,153774,17651,73921,11823,136123,1349,642,707
74425,153785,17651,73925,11823,136134,1349,642,707
74430,153792,17651,73926,11823,136141,1349,642,707
74435,153805,17651,73931,11823,136154,1349,642,707
74440,153816,17651,73939,11823,136165,1349,642,707
74445,153823,17651,73942,11823,136172,1349,642,707
74450,153836,17651,73946,11823,136185,1349,642,707
74455,153847,17651,73950,11823,136196,1349,642,707
74460,153854,17651,73953,11823,136203,1349,642,707
74465,153867,17651,73958,11823,136216,1349,642,707
74470,153878,17651,73965,11823,136227,1349,642,707
74475,153885,17651,73969,11823,136234,1349,642,707
74480,153898,17651,73974,11823,136247,1349,642,707
74485,153909,17651,73981,11823,136258,1349,642,707
74490,153916,17651,73984,11823,136265,1349,642,707
74495,153929,17651,73990,11823,136278,1349,642,707
74500,153940,17651,73992,11823,136289,1349,642,707
74505,153947,17651,73994,11823,136296,1349,642,707
74510,153960,17651,73998,11823,136309,1349,642,707
74515,153971,17651,74001,11823,136320,1349,642,707
74520,153978,17651,74005,11823,136327,1349,642,707
74525,153991,17651,74013,11823,136340,1349,642,707
74530,154002,17651,74017,11823,136351,1349,642,707
74535,154009,17651,74021,11823,136358,1349,642,707
74540,154022,17651,74027,11823,136371,1349,642,707
74545,154033,17651,74033,11823,136382,1349,642,707
74550,154040,17651,74036,11823,136389,1349,642,707
74555,154053,17651,74042,11823,136402,1349,642,707
74560,154064,17651,74046,11823,136413,1349,642,707
74565,154071,17651,74051,11823,136420,1349,642,707
74570,154084,17651,74057,11823,136433,1349,642,707
74575,154095,17651,74062,11823,136444,1349,642,707
74580,154102,17651,74064,11823,136451,1349,642,707
74585,154115,17651,74067,11823,136464,1349,642,707
74590,154126,17651,74074,11823,136475,1349,642,707
74595,154133,17651,74076,11823,136482,1349,642,707
74600,154146,17651,74082,11823,136495,1349,642,707
74605,154157,17651,74088,11823,136506,1349,642,707
74610,154164,17651,74091,11823,136513,1349,642,707
74615,154177,17651,74099,11823,136526,1349,642,707
74620,154188,17651,74102,11823,136537,1349,642,707
74625,154195,17651,74103,11823,136544,1349,642,707
74630,154208,17651,74108,11823,136557,1349,642,707
74635,154219,17651,74115,11823,136568,1349,642,707
74640,154226,17651,74117,11823,136575,1349,642,707
74645,154239,17651,74123,11823,136588,1349,642,707
74650,154250,17651,74129,11823,136599,1349,642,707
74655,154257,17651,74132,11823,136606,1349,642,707
74660,154270,17651,74138,11823,136619,1349,642,707
74665,154281,17651,74143,11823,136630,1349,642,707
74670,154288,17651,74148,11823,136637,1349,642,707
74675,154301,17651,74157,11823,136650,1349,642,707
74680,154312,17651,74163,11823,136661,1349,642,707
74685,154319,17651,74167,11823,136668,1349,642,707
74690,154332,17651,74175,11823,136681,1349,642,707
74695,154343,17651,74181,11823,136692,1349,642,707
74700,154350,17651,74185,11823,136699,1349,642,707
74705,154363,17651,74190,11823,136712,1349,642,707
74710,154374,17651,74195,11823,136723,1349,642,707
74715,154381,17651,74198,11823,136730,1349,642,707
74720,154394,17651,74203,11823,136743,1349,642,707
74725,154405,17651,74209,11823,136754,1349,642,707
74730,154412,17651,74210,11823,136761,1349,642,707
74735,154425,17651,74216,11823,136774,1349,642,707
74740,154436,17651,74221,11823,136785,1349,642,707
74745,154443,17651,74225,11823,136792,1349,642,707
74750,154456,17651,74230,11823,136805,1349,642,707
74755,154467,17651,74234,11823,136816,1349,642,707
74760,154474,17651,74237,11823,136823,1349,642,707
74765,154487,17651,74245,11823,136836,1349,642,707
74770,154498,17651,74251,11823,136847,1349,642,707
74775,154505,17651,74255,11823,136854,1349,642,707
74780,154518,17651,74261,11823,136867,1349,642,707
74785,154529,17651,74265,11823,136878,1349,642,707
74790,154536,17651,74267,11823,136885,1349,642,707
74795,154549,17651,74273,11823,136898,1349,642,707
74800,154560,17651,74278,11823,136909,1349,642,707
74805,154567,17651,74279,11823,136916,1349,642,707
74810,154580,17651,74285,11823,136929,1349,642,707
74815,154591,17651,74291,11823,136940,1349,642,707
74820,154598,17651,74296,11823,136947,1349,642,707
74825,154611,17651,74302,11823,136960,1349,642,707
74830,154622,17651,74310,11823,136971,1349,642,707
74835,154629,17651,74314,11823,136978,1349,642,707
74840,154642,17651,74316,11823,136991,1349,642,707
74845,154653,17651,74322,11823,137002,1349,642,707
74850,154660,17651,74326,11823,137009,1349,642,707
74855,154673,17651,74334,11823,137022,1349,642,707
74860,154684,17651,74340,11823,137033,1349,642,707
74865,154691,17651,74345,11823,137040,1349,642,707
74870,154704,17651,74351,11823,137053,1349,642,707
74875,154715,17651,74358,11823,137064,1349,642,707
74880,154722,17651,74360,11823,137071,1349,642,707
74885,154735,17651,74367,11823,137084,1349,642,707
74890,154746,17651,74369,11823,137095,1349,642,707
74895,154753,17651,74370,11823,137102,1349,642,707
74900,154766,17651,74374,11823,137115,1349,642,707
74905,154777,17651,74377,11823,137126,1349,642,707
74910,154784,17651,74381,11823,137133,1349,642,707
74915,154797,17651,74388,11823,137146,1349,642,707
74920,154808,17651,74392,11823,137157,1349,642,707
74925,154815,17651,74393,11823,137164,1349,642,707
74930,154828,17651,74400,11823,137177,1349,642,707
74935,154839,17651,74406,11823,137188,1349,642,707
74940,154846,17651,74409,11823,137195,1349,642,707
74945,154859,17651,74418,11823,137208,1349,642,707
74950,154870,17651,74423,11823,137219,1349,642,707
74955,154877,17651,74426,11823,137226,1349,642,707
74960,154890,17651,74431,11823,137239,1349,642,707
74965,154901,17651,74438,11823,137250,1349,642,707
74970,154908,17651,74440,11823,137257,1349,642,707
74975,154921,17651,74445,11823,137270,1349,642,707
74980,154932,17651,74450,11823,137281,1349,642,707
74985,154939,17651,74454,11823,137288,1349,642,707
74990,154952,17651,74459,11823,137301,1349,642,707
74995,154963,17651,74464,11823,137312,1349,642,707
75000,154970,17651,74466,11823,137319,1349,642,707
75005,154983,17651,74475,11823,137332,1349,642,707
75010,154994,17651,74479,11823,137343,1349,642,707
75015,155001,17651,74479,11823,137350,1349,642,707
75020,155014,17651,74485,11823,137363,1349,642,707
75025,155025,17651,74492,11823,137374,1349,642,707
75030,155032,17651,74494,11823,137381,1349,642,707
75035,155045,17651,74499,11823,137394,1349,642,707
75040,155056,17651,74505,11823,137405,1349,642,707
75045,155063,17651,74507,11823,137412,1349,642,707
75050,155076,17651,74511,11823,137425,1349,642,707
75055,155087,17651,74514,11823,137436,1349,642,707
75060,155094,17651,74517,11823,137443,1349,642,707
75065,155107,17651,74523,11823,137456,1349,642,707
75070,155118,17651,74531,11823,137467,1349,642,707
75075,155125,17651,74535,11823,137474,1349,642,707
75080,155138,17651,74540,11823,137487,1349,642,707
75085,155149,17651,74546,11823,137498,1349,642,707
75090,155156,17651,74548,11823,137505,1349,642,707
75095,155169,17651,74555,11823,137518,1349,642,707
75100,155180,17651,74560,11823,137529,1349,642,707
75105,155187,17651,74563,11823,137536,1349,642,707
75110,155200,17651,74569,11823,137549,1349,642,707
75115,155211,17651,74575,11823,137560,1349,642,707
75120,155218,17651,74582,11823,137567,1349,642,707
75125,155231,17651,74588,11823,137580,1349,642,707
75130,155242,17651,74592,11823,137591,1349,642,707
75135,155249,17651,74593,11823,137598,1349,642,707
75140,155262,17651,74597,11823,137611,1349,642,707
75145,155273,17651,74602,11823,137622,1349,642,707
75150,155280,17651,74605,11823,137629,1349,642,707
75155,155293,17651,74614,11823,137642,1349,642,707
75160,155304,17651,74620,11823,137653,1349,642,707
75165,155311,17651,74625,11823,137660,1349,642,707
75170,155324,17651,74632,11823,137673,1349,642,707
75175,155335,17651,74636,11823,137684,1349,642,707
75180,155342,17651,74636,11823,137691,1349,642,707
75185,155355,17651,74644,11823,137704,1349,642,707
75190,155366,17651,74651,11823,137715,1349,642,707
75195,155373,17651,74655,11823,137722,1349,642,707
75200,155386,17651,74661,11823,137735,1349,642,707
75205,155397,17651,74667,11823,137746,1349,642,707
75210,155404,17651,74669,11823,137753,1349,642,707
75215,155417,17651,74675,11823,137766,1349,642,707
75220,155428,17651,74683,11823,137777,1349,642,707
75225,155435,17651,74685,11823,137784,1349,642,707
75230,155448,17651,74694,11823,137797,1349,642,707
75235,155459,17651,74703,11823,137808,1349,642,707
75240,155466,17651,74708,11823,137815,1349,642,707
75245,155479,17651,74715,11823,137828,1349,642,707
75250,155490,17651,74722,11823,137839,1349,642,707
75255,155497,17651,74723,11823,137846,1349,642,707
75260,155510,17651,74726,11823,137859,1349,642,707
75265,155521,17651,74731,11823,137870,1349,642,707
75270,155528,17651,74735,11823,137877,1349,642,707
75275,155541,17651,74740,11823,137890,1349,642,707
75280,155552,17651,74746,11823,137901,1349,642,707
75285,155559,17651,74751,11823,137908,1349,642,707
75290,155572,17651,74759,11823,137921,1349,642,707
75295,155583,17651,74765,11823,137932,1349,642,707
75300,155590,17651,74767,11823,137939,1349,642,707
75305,155603,17651,74775,11823,137952,1349,642,707
75310,155614,17651,74781,11823,137963,1349,642,707
75315,155621,17651,74783,11823,137970,1349,642,707
75320,155634,17651,74789,11823,137983,1349,642,707
75325,155645,17651,74793,11823,137994,1349,642,707
75330,155652,17651,74796,11823,138001,1349,642,707
75335,155665,17651,74804,11823,138014,1349,642,707
75340,155676,17651,74810,11823,138025,1349,642,707
75345,155683,17651,74812,11823,138032,1349,642,707
75350,155696,17651,74815,11823,138045,1349,642,707
75355,155707,17651,74819,11823,138056,1349,642,707
75360,155714,17651,74825,11823,138063,1349,642,707
75365,155727,17651,74830,11823,138076,1349,642,707
75370,155738,17651,74835,11823,138087,1349,642,707
75375,155745,17651,74838,11823,138094,1349,642,707
75380,155758,17651,74844,11823,138107,1349,642,707
75385,155769,17651,74848,11823,138118,1349,642,707
75390,155776,17651,74850,11823,138125,1349,642,707
75395,155789,17651,74857,11823,138138,1349,642,707
75400,155800,17651,74863,11823,138149,1349,642,707
75405,155807,17651,74864,11823,138156,1349,642,707
75410,155820,17651,74871,11823,138169,1349,642,707
75414,155830,17651,74874,11823,138179,1349,642,707
