source,gentime, athop, hopcount,priority, reachedTime
2,3,2,2,1, 5
1,6,1,1,0, 7
4,6,4,4,1, 10
3,7,3,3,1, 10
5,7,3,3,1, 10
6,10,2,2,1, 12
7,12,1,1,1, 13
8,16,1,1,1, 17
11,14,4,4,0, 18
9,17,2,2,0, 19
16,19,2,2,0, 21
14,19,3,3,0, 22
17,19,3,3,1, 22
13,19,4,4,0, 23
15,21,2,2,0, 23
12,20,5,5,1, 25
20,23,6,6,0, 29
22,26,4,4,0, 30
24,29,1,1,0, 30
19,26,5,5,0, 31
23,28,3,3,1, 31
21,27,5,5,1, 32
27,32,4,4,0, 36
30,33,3,3,0, 36
25,35,2,2,1, 37
31,36,2,2,0, 38
28,34,5,5,1, 39
26,37,3,3,1, 40
29,38,4,4,0, 42
2,43,2,2,1, 45
1,46,1,1,1, 47
4,46,4,4,0, 50
3,47,3,3,0, 50
5,47,3,3,1, 50
6,50,2,2,0, 52
7,52,1,1,1, 53
8,56,1,1,0, 57
11,54,4,4,1, 58
9,57,2,2,0, 59
16,59,2,2,1, 61
14,59,3,3,0, 62
17,59,3,3,0, 62
13,59,4,4,0, 63
15,61,2,2,1, 63
12,60,5,5,1, 65
18,63,4,4,1, 67
20,63,6,6,1, 69
22,66,4,4,0, 70
24,69,1,1,1, 70
19,66,5,5,1, 71
23,68,3,3,1, 71
21,67,5,5,0, 72
27,72,4,4,0, 76
30,73,3,3,0, 76
25,75,2,2,0, 77
31,76,2,2,0, 78
28,74,5,5,1, 79
26,77,3,3,0, 80
29,78,4,4,1, 82
2,83,2,2,0, 85
1,86,1,1,1, 87
4,86,4,4,0, 90
3,87,3,3,0, 90
5,87,3,3,0, 90
6,90,2,2,0, 92
7,92,1,1,1, 93
8,96,1,1,1, 97
11,94,4,4,1, 98
9,97,2,2,0, 99
16,99,2,2,0, 101
14,99,3,3,0, 102
17,99,3,3,0, 102
13,99,4,4,1, 103
15,101,2,2,0, 103
12,100,5,5,0, 105
18,103,4,4,0, 107
20,103,6,6,1, 109
22,106,4,4,0, 110
24,109,1,1,1, 110
19,106,5,5,0, 111
23,108,3,3,1, 111
21,107,5,5,0, 112
27,112,4,4,1, 116
30,113,3,3,1, 116
25,115,2,2,0, 117
31,116,2,2,1, 118
28,114,5,5,0, 119
26,117,3,3,1, 120
29,118,4,4,0, 122
2,123,2,2,1, 125
1,126,1,1,0, 127
5,127,3,3,0, 130
6,130,2,2,1, 132
7,132,1,1,0, 133
8,136,1,1,0, 137
11,134,4,4,1, 138
9,137,2,2,1, 139
16,139,2,2,1, 141
14,139,3,3,0, 142
13,139,4,4,0, 143
15,141,2,2,1, 143
12,140,5,5,1, 145
18,143,4,4,1, 147
20,143,6,6,1, 149
22,146,4,4,1, 150
24,149,1,1,0, 150
19,146,5,5,1, 151
23,148,3,3,0, 151
21,147,5,5,1, 152
30,153,3,3,0, 156
25,155,2,2,1, 157
31,156,2,2,1, 158
28,154,5,5,1, 159
29,158,4,4,1, 162
1,166,1,1,1, 167
3,167,3,3,1, 170
5,167,3,3,1, 170
6,170,2,2,0, 172
7,172,1,1,0, 173
8,176,1,1,0, 177
11,174,4,4,1, 178
9,177,2,2,1, 179
16,179,2,2,1, 181
14,179,3,3,0, 182
13,179,4,4,1, 183
18,183,4,4,1, 187
20,183,6,6,1, 189
22,186,4,4,1, 190
24,189,1,1,0, 190
23,188,3,3,1, 191
27,192,4,4,1, 196
25,195,2,2,0, 197
31,196,2,2,1, 198
28,194,5,5,1, 199
26,197,3,3,0, 200
29,198,4,4,1, 202
6,210,2,2,1, 212
7,212,1,1,0, 213
8,216,1,1,1, 217
16,219,2,2,1, 221
17,219,3,3,1, 222
13,219,4,4,1, 223
18,223,4,4,1, 227
20,223,6,6,1, 229
22,226,4,4,1, 230
24,229,1,1,1, 230
19,226,5,5,1, 231
21,227,5,5,1, 232
25,235,2,2,1, 237
31,236,2,2,1, 238
28,234,5,5,1, 239
26,237,3,3,0, 240
7,252,1,1,0, 253
8,256,1,1,0, 257
15,261,2,2,1, 263
20,263,6,6,1, 269
24,269,1,1,1, 270
25,275,2,2,0, 277
26,277,3,3,1, 280
1,286,1,1,0, 287
4,286,4,6,1, 292
7,292,1,1,0, 293
8,296,1,1,0, 297
9,297,2,2,1, 299
20,303,6,6,1, 309
24,309,1,1,0, 310
21,307,5,5,1, 312
25,315,2,2,1, 317
1,326,1,1,0, 327
7,332,1,1,0, 333
8,336,1,1,1, 337
20,343,6,6,1, 349
24,349,1,1,0, 350
23,348,3,3,1, 351
30,353,3,3,1, 356
25,355,2,2,1, 357
27,352,4,6,1, 358
31,356,2,2,1, 358
1,366,1,1,0, 367
9,377,2,2,1, 379
24,389,1,1,1, 390
1,406,1,1,1, 407
4,406,4,8,1, 414
3,407,3,7,1, 414
5,407,3,9,1, 416
6,410,2,8,1, 418
9,417,2,2,1, 419
24,429,1,1,1, 430
25,435,2,2,1, 437
31,436,2,2,1, 438
24,469,1,1,1, 470
21,467,5,5,1, 472
30,473,3,3,1, 476
29,478,4,4,1, 482
7,492,1,1,1, 493
8,496,1,1,0, 497
24,509,1,1,1, 510
25,515,2,2,1, 517
1,526,1,1,0, 527
7,532,1,1,1, 533
8,536,1,1,0, 537
9,537,2,2,1, 539
24,549,1,1,1, 550
25,555,2,2,1, 557
7,572,1,1,0, 573
8,576,1,1,0, 577
9,577,2,2,1, 579
24,589,1,1,1, 590
7,612,1,1,0, 613
8,616,1,1,0, 617
24,629,1,1,1, 630
1,646,1,1,1, 647
6,650,2,2,1, 652
7,652,1,1,1, 653
8,656,1,1,1, 657
9,657,2,2,1, 659
24,669,1,1,0, 670
30,673,3,3,1, 676
25,675,2,2,1, 677
1,686,1,1,0, 687
3,687,3,3,1, 690
7,692,1,1,1, 693
8,696,1,1,1, 697
24,709,1,1,0, 710
23,708,3,3,1, 711
30,713,3,3,1, 716
29,718,4,4,1, 722
7,732,1,1,1, 733
8,736,1,1,0, 737
17,739,3,3,1, 742
24,749,1,1,1, 750
7,772,1,1,1, 773
8,776,1,1,1, 777
24,789,1,1,0, 790
25,795,2,2,1, 797
7,812,1,1,0, 813
8,816,1,1,1, 817
17,819,3,3,1, 822
24,829,1,1,1, 830
23,828,3,3,1, 831
30,833,3,3,1, 836
31,836,2,2,1, 838
1,846,1,1,0, 847
5,847,3,3,1, 850
6,850,2,2,1, 852
7,852,1,1,1, 853
8,856,1,1,1, 857
9,857,2,2,1, 859
24,869,1,1,1, 870
1,886,1,1,0, 887
5,887,3,3,1, 890
6,890,2,2,1, 892
7,892,1,1,1, 893
8,896,1,1,1, 897
24,909,1,1,0, 910
26,917,3,3,1, 920
2,923,2,2,1, 925
1,926,1,1,1, 927
5,927,3,3,1, 930
6,930,2,2,1, 932
7,932,1,1,0, 933
8,936,1,1,1, 937
24,949,1,1,0, 950
31,956,2,2,1, 958
2,963,2,2,1, 965
1,966,1,1,1, 967
8,976,1,1,1, 977
24,989,1,1,1, 990
23,988,3,3,1, 991
1,1006,1,1,0, 1007
8,1016,1,1,1, 1017
24,1029,1,1,0, 1030
1,1046,1,1,0, 1047
8,1056,1,1,0, 1057
16,1059,2,2,1, 1061
20,1063,6,6,1, 1069
24,1069,1,1,1, 1070
28,1074,5,5,1, 1079
29,1078,4,4,1, 1082
1,1086,1,1,0, 1087
7,1092,1,1,1, 1093
8,1096,1,1,1, 1097
14,1099,3,3,1, 1102
1,1126,1,1,1, 1127
7,1132,1,1,0, 1133
8,1136,1,1,1, 1137
9,1137,2,2,1, 1139
24,1149,1,1,1, 1150
30,1153,3,3,1, 1156
31,1156,2,2,1, 1158
7,1172,1,1,1, 1173
24,1189,1,1,0, 1190
30,1193,3,3,1, 1196
27,1192,4,10,1, 1202
29,1198,4,4,1, 1202
5,1207,3,3,1, 1210
6,1210,2,2,1, 1212
7,1212,1,1,1, 1213
8,1216,1,1,0, 1217
9,1217,2,2,1, 1219
15,1221,2,2,1, 1223
1,1246,1,1,1, 1247
7,1252,1,1,1, 1253
8,1256,1,1,0, 1257
24,1269,1,1,0, 1270
25,1275,2,2,1, 1277
7,1292,1,1,1, 1293
22,1306,4,4,1, 1310
24,1309,1,1,0, 1310
31,1316,2,2,1, 1318
5,1327,3,3,1, 1330
7,1332,1,1,1, 1333
14,1339,3,3,1, 1342
24,1349,1,1,1, 1350
29,1358,4,4,1, 1362
1,1366,1,1,0, 1367
5,1367,3,3,1, 1370
6,1370,2,2,1, 1372
7,1372,1,1,1, 1373
3,1367,3,9,1, 1376
8,1376,1,1,1, 1377
9,1377,2,2,1, 1379
11,1374,4,6,1, 1380
14,1379,3,3,1, 1382
17,1379,3,3,1, 1382
8,1416,1,1,1, 1417
9,1417,2,2,1, 1419
15,1421,2,2,1, 1423
22,1426,4,4,1, 1430
1,1486,1,1,0, 1487
7,1492,1,1,0, 1493
9,1497,2,2,1, 1499
15,1501,2,2,1, 1503
1,1526,1,1,1, 1527
6,1530,2,2,1, 1532
7,1532,1,1,0, 1533
9,1537,2,2,1, 1539
15,1541,2,2,1, 1543
22,1546,4,4,1, 1550
24,1549,1,1,0, 1550
1,1566,1,1,0, 1567
8,1576,1,1,0, 1577
24,1589,1,1,1, 1590
1,1606,1,1,0, 1607
8,1616,1,1,1, 1617
24,1629,1,1,1, 1630
23,1628,3,3,1, 1631
1,1646,1,1,1, 1647
8,1656,1,1,1, 1657
24,1669,1,1,1, 1670
1,1686,1,1,1, 1687
7,1692,1,1,1, 1693
8,1696,1,1,0, 1697
24,1709,1,1,0, 1710
2,1723,2,2,1, 1725
1,1726,1,1,1, 1727
7,1732,1,1,1, 1733
8,1736,1,1,0, 1737
24,1749,1,1,1, 1750
23,1748,3,3,1, 1751
2,1763,2,2,1, 1765
1,1766,1,1,0, 1767
7,1772,1,1,1, 1773
8,1776,1,1,0, 1777
17,1779,3,3,1, 1782
18,1783,4,4,1, 1787
24,1789,1,1,0, 1790
30,1793,3,3,1, 1796
31,1796,2,2,1, 1798
29,1798,4,4,1, 1802
2,1803,2,2,1, 1805
6,1810,2,2,1, 1812
7,1812,1,1,0, 1813
24,1829,1,1,0, 1830
7,1852,1,1,0, 1853
24,1869,1,1,0, 1870
7,1892,1,1,0, 1893
22,1906,4,4,1, 1910
24,1909,1,1,0, 1910
6,1930,2,2,1, 1932
7,1932,1,1,1, 1933
8,1936,1,1,0, 1937
24,1949,1,1,1, 1950
1,1966,1,1,0, 1967
7,1972,1,1,1, 1973
8,1976,1,1,1, 1977
9,1977,2,2,1, 1979
17,1979,3,3,1, 1982
24,1989,1,1,0, 1990
2,2003,2,2,1, 2005
1,2006,1,1,0, 2007
7,2012,1,1,0, 2013
8,2016,1,1,1, 2017
9,2017,2,2,1, 2019
24,2029,1,1,0, 2030
23,2028,3,3,1, 2031
1,2046,1,1,1, 2047
7,2052,1,1,0, 2053
24,2069,1,1,0, 2070
1,2086,1,1,1, 2087
7,2092,1,1,0, 2093
11,2094,4,6,1, 2100
15,2101,2,2,1, 2103
24,2109,1,1,0, 2110
30,2113,3,5,1, 2118
29,2118,4,6,1, 2124
2,2123,2,2,1, 2125
1,2126,1,1,1, 2127
7,2132,1,1,0, 2133
14,2139,3,3,1, 2142
13,2139,4,4,1, 2143
15,2141,2,2,1, 2143
24,2149,1,1,0, 2150
23,2148,3,3,1, 2151
30,2153,3,5,1, 2158
2,2163,2,2,1, 2165
1,2166,1,1,0, 2167
7,2172,1,1,1, 2173
24,2189,1,1,1, 2190
1,2206,1,1,1, 2207
3,2207,3,5,1, 2212
6,2210,2,2,1, 2212
7,2212,1,1,0, 2213
8,2216,1,1,1, 2217
11,2214,4,6,1, 2220
16,2219,2,2,1, 2221
24,2229,1,1,0, 2230
23,2228,3,3,1, 2231
31,2236,2,2,1, 2238
8,2256,1,1,0, 2257
9,2257,2,2,1, 2259
24,2269,1,1,1, 2270
8,2296,1,1,1, 2297
24,2309,1,1,1, 2310
23,2308,3,3,1, 2311
1,2326,1,1,0, 2327
3,2327,3,5,1, 2332
6,2330,2,2,1, 2332
7,2332,1,1,0, 2333
8,2336,1,1,1, 2337
9,2337,2,2,1, 2339
24,2349,1,1,1, 2350
2,2363,2,2,1, 2365
1,2366,1,1,0, 2367
7,2372,1,1,1, 2373
22,2386,4,4,1, 2390
24,2389,1,1,0, 2390
30,2393,3,3,1, 2396
1,2406,1,1,0, 2407
6,2410,2,2,1, 2412
7,2412,1,1,1, 2413
24,2429,1,1,1, 2430
1,2446,1,1,0, 2447
6,2450,2,2,1, 2452
7,2452,1,1,0, 2453
8,2456,1,1,1, 2457
9,2457,2,2,1, 2459
16,2459,2,2,1, 2461
14,2459,3,3,1, 2462
17,2459,3,3,1, 2462
24,2469,1,1,1, 2470
31,2476,2,2,1, 2478
24,2509,1,1,0, 2510
23,2508,3,3,1, 2511
31,2516,2,2,1, 2518
7,2532,1,1,1, 2533
24,2549,1,1,1, 2550
23,2548,3,3,1, 2551
1,2566,1,1,1, 2567
7,2572,1,1,0, 2573
8,2576,1,1,1, 2577
17,2579,3,3,1, 2582
24,2589,1,1,0, 2590
2,2603,2,2,1, 2605
1,2606,1,1,0, 2607
7,2612,1,1,1, 2613
8,2616,1,1,1, 2617
9,2617,2,2,1, 2619
24,2629,1,1,1, 2630
23,2628,3,3,1, 2631
31,2636,2,2,1, 2638
2,2643,2,2,1, 2645
1,2646,1,1,1, 2647
7,2652,1,1,1, 2653
8,2656,1,1,1, 2657
24,2669,1,1,1, 2670
23,2668,3,3,1, 2671
2,2683,2,2,1, 2685
1,2686,1,1,0, 2687
6,2690,2,2,1, 2692
7,2692,1,1,1, 2693
8,2696,1,1,1, 2697
9,2697,2,2,1, 2699
14,2699,3,3,1, 2702
17,2699,3,3,1, 2702
13,2699,4,4,1, 2703
1,2806,1,1,1, 2807
7,2812,1,1,1, 2813
8,2816,1,1,0, 2817
24,2829,1,1,1, 2830
30,2833,3,3,1, 2836
1,2846,1,1,1, 2847
7,2852,1,1,0, 2853
8,2856,1,1,0, 2857
24,2869,1,1,1, 2870
31,2876,2,2,1, 2878
1,2886,1,1,0, 2887
7,2892,1,1,1, 2893
8,2896,1,1,1, 2897
24,2909,1,1,0, 2910
31,2916,2,2,1, 2918
2,2923,2,2,1, 2925
1,2926,1,1,1, 2927
7,2932,1,1,1, 2933
8,2936,1,1,0, 2937
9,2937,2,2,1, 2939
16,2939,2,2,1, 2941
14,2939,3,3,1, 2942
24,2949,1,1,1, 2950
24,2989,1,1,1, 2990
24,3029,1,1,0, 3030
1,3046,1,1,0, 3047
7,3052,1,1,1, 3053
6,3050,2,4,1, 3054
8,3056,1,1,0, 3057
16,3059,2,2,1, 3061
14,3059,3,3,1, 3062
24,3069,1,1,0, 3070
23,3068,3,3,1, 3071
31,3076,2,2,1, 3078
24,3109,1,1,0, 3110
23,3108,3,3,1, 3111
7,3132,1,1,0, 3133
24,3149,1,1,1, 3150
1,3166,1,1,1, 3167
7,3172,1,1,0, 3173
8,3176,1,1,1, 3177
11,3174,4,8,1, 3182
17,3179,3,3,1, 3182
24,3189,1,1,0, 3190
1,3206,1,1,1, 3207
24,3229,1,1,0, 3230
1,3246,1,1,1, 3247
24,3269,1,1,0, 3270
2,3283,2,2,1, 3285
1,3286,1,1,1, 3287
7,3292,1,1,1, 3293
8,3296,1,1,1, 3297
16,3299,2,2,1, 3301
14,3299,3,5,1, 3304
24,3309,1,1,0, 3310
23,3308,3,3,1, 3311
7,3332,1,1,1, 3333
24,3349,1,1,1, 3350
23,3348,3,3,1, 3351
7,3372,1,1,0, 3373
22,3386,4,4,1, 3390
24,3389,1,1,0, 3390
21,3387,5,5,1, 3392
23,3388,3,5,1, 3393
1,3406,1,1,0, 3407
7,3412,1,1,1, 3413
8,3416,1,1,1, 3417
16,3419,2,2,1, 3421
17,3419,3,3,1, 3422
15,3421,2,2,1, 3423
14,3419,3,5,1, 3424
24,3429,1,1,0, 3430
7,3452,1,1,1, 3453
15,3461,2,2,1, 3463
24,3469,1,1,0, 3470
31,3476,2,2,1, 3478
1,3526,1,1,1, 3527
8,3536,1,1,1, 3537
31,3556,2,4,1, 3560
8,3576,1,1,0, 3577
9,3577,2,2,1, 3579
23,3588,3,3,1, 3591
31,3596,2,4,1, 3600
6,3610,2,2,1, 3612
7,3612,1,1,1, 3613
8,3616,1,1,1, 3617
9,3617,2,2,1, 3619
1,3646,1,1,0, 3647
6,3650,2,2,1, 3652
7,3652,1,1,1, 3653
8,3656,1,1,0, 3657
9,3657,2,2,1, 3659
14,3659,3,3,1, 3662
17,3659,3,3,1, 3662
13,3659,4,4,1, 3663
24,3669,1,1,0, 3670
1,3686,1,1,0, 3687
7,3692,1,1,1, 3693
9,3697,2,2,1, 3699
24,3709,1,1,1, 3710
1,3726,1,1,1, 3727
7,3732,1,1,1, 3733
9,3737,2,2,1, 3739
24,3749,1,1,0, 3750
23,3748,3,3,1, 3751
1,3766,1,1,1, 3767
6,3770,2,2,1, 3772
7,3772,1,1,0, 3773
8,3776,1,1,1, 3777
16,3779,2,2,1, 3781
24,3789,1,1,0, 3790
7,3812,1,1,0, 3813
8,3816,1,1,0, 3817
9,3817,2,2,1, 3819
24,3829,1,1,0, 3830
7,3852,1,1,0, 3853
8,3856,1,1,1, 3857
9,3857,2,2,1, 3859
24,3869,1,1,1, 3870
1,3886,1,1,1, 3887
7,3892,1,1,0, 3893
8,3896,1,1,0, 3897
9,3897,2,2,1, 3899
16,3899,2,2,1, 3901
17,3899,3,3,1, 3902
24,3909,1,1,0, 3910
1,3926,1,1,0, 3927
6,3930,2,2,1, 3932
7,3932,1,1,0, 3933
24,3949,1,1,1, 3950
1,3966,1,1,1, 3967
7,3972,1,1,0, 3973
24,3989,1,1,1, 3990
2,4003,2,2,1, 4005
1,4006,1,1,0, 4007
7,4012,1,1,0, 4013
8,4016,1,1,1, 4017
9,4017,2,2,1, 4019
16,4019,2,2,1, 4021
14,4019,3,3,1, 4022
13,4019,4,4,1, 4023
24,4029,1,1,0, 4030
7,4052,1,1,1, 4053
24,4069,1,1,0, 4070
7,4092,1,1,0, 4093
15,4101,2,2,1, 4103
24,4109,1,1,1, 4110
31,4116,2,2,1, 4118
1,4126,1,1,0, 4127
7,4132,1,1,0, 4133
8,4136,1,1,0, 4137
15,4141,2,2,1, 4143
24,4149,1,1,0, 4150
23,4148,3,3,1, 4151
7,4172,1,1,1, 4173
8,4176,1,1,0, 4177
15,4181,2,2,1, 4183
24,4189,1,1,1, 4190
23,4188,3,3,1, 4191
30,4193,3,3,1, 4196
31,4196,2,2,1, 4198
29,4198,4,4,1, 4202
8,4216,1,1,0, 4217
24,4229,1,1,0, 4230
1,4246,1,1,1, 4247
8,4256,1,1,0, 4257
16,4259,2,2,1, 4261
24,4269,1,1,0, 4270
1,4286,1,1,1, 4287
7,4292,1,1,1, 4293
24,4309,1,1,1, 4310
1,4326,1,1,0, 4327
6,4330,2,2,1, 4332
7,4332,1,1,1, 4333
9,4337,2,2,1, 4339
24,4349,1,1,1, 4350
30,4353,3,3,1, 4356
29,4358,4,4,1, 4362
2,4363,2,2,1, 4365
1,4366,1,1,1, 4367
6,4370,2,2,1, 4372
7,4372,1,1,0, 4373
8,4376,1,1,0, 4377
16,4379,2,2,1, 4381
14,4379,3,3,1, 4382
17,4379,3,3,1, 4382
24,4389,1,1,1, 4390
25,4395,2,2,1, 4397
7,4412,1,1,1, 4413
8,4416,1,1,1, 4417
24,4429,1,1,0, 4430
25,4435,2,2,1, 4437
7,4452,1,1,0, 4453
8,4456,1,1,0, 4457
24,4469,1,1,0, 4470
1,4486,1,1,1, 4487
7,4492,1,1,1, 4493
8,4496,1,1,1, 4497
9,4497,2,2,1, 4499
17,4499,3,3,1, 4502
24,4509,1,1,0, 4510
24,4549,1,1,1, 4550
24,4589,1,1,0, 4590
30,4593,3,3,1, 4596
31,4596,2,2,1, 4598
1,4606,1,1,1, 4607
6,4610,2,2,1, 4612
7,4612,1,1,0, 4613
13,4619,4,4,1, 4623
24,4629,1,1,0, 4630
7,4652,1,1,0, 4653
24,4669,1,1,0, 4670
6,4690,2,2,1, 4692
7,4692,1,1,1, 4693
8,4696,1,1,1, 4697
9,4697,2,2,1, 4699
17,4699,3,3,1, 4702
22,4706,4,4,1, 4710
24,4709,1,1,0, 4710
1,4726,1,1,0, 4727
6,4730,2,2,1, 4732
7,4732,1,1,0, 4733
8,4736,1,1,0, 4737
9,4737,2,2,1, 4739
16,4739,2,2,1, 4741
24,4749,1,1,0, 4750
1,4766,1,1,1, 4767
6,4770,2,2,1, 4772
7,4772,1,1,1, 4773
8,4776,1,1,1, 4777
24,4789,1,1,1, 4790
23,4788,3,3,1, 4791
30,4793,3,3,1, 4796
2,4803,2,2,1, 4805
1,4806,1,1,1, 4807
7,4812,1,1,0, 4813
8,4816,1,1,1, 4817
15,4821,2,2,1, 4823
24,4829,1,1,0, 4830
1,4846,1,1,1, 4847
7,4852,1,1,0, 4853
8,4856,1,1,1, 4857
14,4859,3,3,1, 4862
17,4859,3,3,1, 4862
13,4859,4,4,1, 4863
25,4875,2,2,1, 4877
31,4876,2,2,1, 4878
1,4886,1,1,0, 4887
7,4892,1,1,1, 4893
8,4896,1,1,1, 4897
16,4899,2,2,1, 4901
30,4913,3,3,1, 4916
25,4915,2,2,1, 4917
24,4989,1,1,1, 4990
25,4995,2,2,1, 4997
31,4996,2,2,1, 4998
17,5019,3,3,1, 5022
24,5029,1,1,0, 5030
30,5033,3,3,1, 5036
31,5036,2,2,1, 5038
1,5046,1,1,1, 5047
7,5052,1,1,1, 5053
8,5056,1,1,0, 5057
9,5057,2,2,1, 5059
24,5069,1,1,0, 5070
2,5083,2,2,1, 5085
1,5086,1,1,1, 5087
7,5092,1,1,0, 5093
8,5096,1,1,1, 5097
9,5097,2,2,1, 5099
24,5109,1,1,0, 5110
2,5123,2,2,1, 5125
1,5126,1,1,0, 5127
7,5132,1,1,1, 5133
8,5136,1,1,1, 5137
22,5146,4,4,1, 5150
24,5149,1,1,0, 5150
30,5153,3,3,1, 5156
31,5156,2,2,1, 5158
26,5157,3,3,1, 5160
5,5167,3,3,1, 5170
6,5170,2,2,1, 5172
7,5172,1,1,1, 5173
24,5189,1,1,1, 5190
6,5210,2,2,1, 5212
7,5212,1,1,1, 5213
24,5229,1,1,0, 5230
6,5250,2,2,1, 5252
7,5252,1,1,1, 5253
24,5269,1,1,0, 5270
22,5266,4,6,1, 5272
23,5268,3,5,1, 5273
1,5286,1,1,1, 5287
7,5292,1,1,0, 5293
8,5296,1,1,0, 5297
16,5299,2,2,1, 5301
15,5301,2,2,1, 5303
24,5309,1,1,0, 5310
25,5315,2,2,1, 5317
1,5326,1,1,0, 5327
7,5332,1,1,1, 5333
8,5336,1,1,1, 5337
14,5339,3,3,1, 5342
1,5366,1,1,0, 5367
8,5376,1,1,0, 5377
16,5379,2,2,1, 5381
25,5395,2,2,1, 5397
7,5452,1,1,1, 5453
6,5450,2,6,1, 5456
16,5459,2,2,1, 5461
17,5459,3,3,1, 5462
15,5461,2,2,1, 5463
24,5469,1,1,0, 5470
25,5475,2,2,1, 5477
7,5492,1,1,0, 5493
8,5496,1,1,1, 5497
15,5501,2,2,1, 5503
24,5509,1,1,0, 5510
25,5515,2,2,1, 5517
31,5516,2,2,1, 5518
1,5526,1,1,1, 5527
7,5532,1,1,0, 5533
8,5536,1,1,0, 5537
9,5537,2,2,1, 5539
24,5549,1,1,1, 5550
23,5548,3,3,1, 5551
2,5563,2,2,1, 5565
1,5566,1,1,0, 5567
7,5572,1,1,0, 5573
8,5576,1,1,0, 5577
9,5577,2,2,1, 5579
14,5579,3,3,1, 5582
24,5589,1,1,0, 5590
2,5603,2,2,1, 5605
1,5606,1,1,1, 5607
9,5617,2,2,1, 5619
24,5629,1,1,0, 5630
25,5635,2,2,1, 5637
8,5656,1,1,0, 5657
9,5657,2,2,1, 5659
24,5669,1,1,0, 5670
7,5692,1,1,0, 5693
8,5696,1,1,1, 5697
7,5732,1,1,0, 5733
8,5736,1,1,1, 5737
1,5766,1,1,1, 5767
7,5772,1,1,0, 5773
8,5776,1,1,1, 5777
9,5777,2,2,1, 5779
24,5789,1,1,0, 5790
2,5803,2,2,1, 5805
1,5806,1,1,1, 5807
7,5812,1,1,0, 5813
8,5816,1,1,0, 5817
9,5817,2,2,1, 5819
13,5819,4,4,1, 5823
24,5829,1,1,1, 5830
31,5836,2,2,1, 5838
1,5846,1,1,0, 5847
7,5852,1,1,1, 5853
24,5869,1,1,1, 5870
25,5875,2,2,1, 5877
2,5883,2,2,1, 5885
1,5886,1,1,1, 5887
7,5892,1,1,0, 5893
8,5896,1,1,0, 5897
16,5899,2,2,1, 5901
24,5909,1,1,1, 5910
2,5923,2,2,1, 5925
1,5926,1,1,0, 5927
7,5932,1,1,0, 5933
8,5936,1,1,1, 5937
16,5939,2,2,1, 5941
14,5939,3,3,1, 5942
1,6006,1,1,0, 6007
7,6012,1,1,0, 6013
24,6029,1,1,1, 6030
1,6046,1,1,1, 6047
7,6052,1,1,1, 6053
8,6056,1,1,0, 6057
7,6092,1,1,1, 6093
8,6096,1,1,1, 6097
9,6097,2,2,1, 6099
16,6099,2,2,1, 6101
8,6136,1,1,0, 6137
9,6137,2,2,1, 6139
24,6149,1,1,1, 6150
31,6156,2,2,1, 6158
1,6166,1,1,1, 6167
8,6176,1,1,0, 6177
9,6177,2,2,1, 6179
24,6189,1,1,0, 6190
2,6203,2,2,1, 6205
1,6206,1,1,0, 6207
8,6216,1,1,1, 6217
24,6229,1,1,1, 6230
25,6235,2,2,1, 6237
7,6252,1,1,0, 6253
7,6292,1,1,0, 6293
7,6332,1,1,0, 6333
24,6349,1,1,1, 6350
30,6353,3,3,1, 6356
25,6355,2,2,1, 6357
2,6363,2,2,1, 6365
1,6366,1,1,1, 6367
6,6370,2,2,1, 6372
7,6372,1,1,1, 6373
8,6376,1,1,1, 6377
9,6377,2,2,1, 6379
24,6389,1,1,0, 6390
2,6403,2,2,1, 6405
1,6406,1,1,0, 6407
6,6410,2,2,1, 6412
7,6412,1,1,0, 6413
8,6416,1,1,0, 6417
9,6417,2,2,1, 6419
24,6429,1,1,0, 6430
31,6436,2,2,1, 6438
2,6443,2,2,1, 6445
1,6446,1,1,0, 6447
7,6452,1,1,1, 6453
8,6456,1,1,1, 6457
22,6466,4,4,1, 6470
24,6469,1,1,1, 6470
30,6473,3,3,1, 6476
25,6475,2,2,1, 6477
31,6476,2,2,1, 6478
24,6589,1,1,1, 6590
23,6588,3,3,1, 6591
25,6595,2,2,1, 6597
2,6603,2,2,1, 6605
1,6606,1,1,1, 6607
6,6610,2,2,1, 6612
7,6612,1,1,1, 6613
8,6616,1,1,0, 6617
9,6617,2,2,1, 6619
24,6629,1,1,0, 6630
30,6633,3,3,1, 6636
25,6635,2,2,1, 6637
1,6646,1,1,1, 6647
5,6647,3,3,1, 6650
7,6652,1,1,0, 6653
8,6656,1,1,0, 6657
14,6659,3,3,1, 6662
24,6669,1,1,1, 6670
25,6675,2,2,1, 6677
7,6692,1,1,0, 6693
8,6696,1,1,0, 6697
22,6706,4,4,1, 6710
24,6709,1,1,1, 6710
31,6716,2,2,1, 6718
7,6732,1,1,0, 6733
24,6749,1,1,0, 6750
25,6755,2,2,1, 6757
31,6756,2,2,1, 6758
1,6766,1,1,0, 6767
6,6770,2,2,1, 6772
7,6772,1,1,1, 6773
24,6789,1,1,1, 6790
25,6795,2,2,1, 6797
31,6796,2,2,1, 6798
2,6803,2,2,1, 6805
1,6806,1,1,1, 6807
24,6829,1,1,1, 6830
22,6826,4,6,1, 6832
31,6836,2,2,1, 6838
2,6843,2,2,1, 6845
1,6846,1,1,0, 6847
8,6856,1,1,1, 6857
9,6857,2,2,1, 6859
15,6861,2,2,1, 6863
1,6886,1,1,1, 6887
7,6892,1,1,0, 6893
8,6896,1,1,1, 6897
14,6899,3,3,1, 6902
17,6899,3,3,1, 6902
1,6926,1,1,1, 6927
6,6930,2,2,1, 6932
7,6932,1,1,0, 6933
24,6949,1,1,0, 6950
30,6953,3,3,1, 6956
1,6966,1,1,0, 6967
7,6972,1,1,0, 6973
24,6989,1,1,1, 6990
23,6988,3,3,1, 6991
2,7003,2,2,1, 7005
1,7006,1,1,1, 7007
7,7012,1,1,0, 7013
8,7016,1,1,0, 7017
16,7019,2,2,1, 7021
17,7019,3,3,1, 7022
15,7021,2,2,1, 7023
24,7029,1,1,1, 7030
23,7028,3,3,1, 7031
7,7052,1,1,0, 7053
8,7056,1,1,1, 7057
9,7057,2,2,1, 7059
22,7066,4,4,1, 7070
24,7069,1,1,0, 7070
25,7075,2,2,1, 7077
31,7076,2,2,1, 7078
7,7092,1,1,0, 7093
24,7109,1,1,0, 7110
1,7126,1,1,0, 7127
6,7130,2,2,1, 7132
7,7132,1,1,0, 7133
15,7141,2,2,1, 7143
24,7149,1,1,1, 7150
2,7163,2,2,1, 7165
1,7166,1,1,0, 7167
6,7170,2,2,1, 7172
7,7172,1,1,1, 7173
8,7176,1,1,1, 7177
17,7179,3,3,1, 7182
15,7181,2,2,1, 7183
24,7189,1,1,1, 7190
1,7206,1,1,1, 7207
24,7229,1,1,1, 7230
1,7246,1,1,1, 7247
5,7247,3,5,1, 7252
6,7250,2,4,1, 7254
9,7257,2,2,1, 7259
16,7259,2,2,1, 7261
17,7259,3,3,1, 7262
15,7261,2,2,1, 7263
14,7259,3,7,1, 7266
22,7266,4,4,1, 7270
23,7268,3,3,1, 7271
8,7296,1,1,0, 7297
5,7327,3,3,1, 7330
7,7332,1,1,0, 7333
8,7336,1,1,0, 7337
9,7337,2,2,1, 7339
1,7366,1,1,0, 7367
5,7367,3,3,1, 7370
7,7372,1,1,1, 7373
8,7376,1,1,0, 7377
9,7377,2,2,1, 7379
16,7379,2,2,1, 7381
24,7389,1,1,1, 7390
25,7395,2,2,1, 7397
2,7403,2,2,1, 7405
1,7406,1,1,0, 7407
6,7410,2,2,1, 7412
7,7412,1,1,0, 7413
24,7429,1,1,0, 7430
30,7433,3,3,1, 7436
25,7435,2,2,1, 7437
6,7450,2,2,1, 7452
7,7452,1,1,0, 7453
14,7459,3,3,1, 7462
24,7469,1,1,0, 7470
30,7473,3,3,1, 7476
5,7487,3,3,1, 7490
6,7490,2,2,1, 7492
7,7492,1,1,0, 7493
24,7509,1,1,0, 7510
7,7532,1,1,1, 7533
22,7546,4,4,1, 7550
24,7549,1,1,0, 7550
23,7548,3,3,1, 7551
25,7555,2,2,1, 7557
29,7558,4,4,1, 7562
2,7563,2,2,1, 7565
1,7566,1,1,0, 7567
7,7572,1,1,1, 7573
24,7589,1,1,0, 7590
1,7606,1,1,0, 7607
6,7610,2,2,1, 7612
7,7612,1,1,0, 7613
24,7629,1,1,0, 7630
1,7646,1,1,1, 7647
24,7669,1,1,1, 7670
25,7675,2,2,1, 7677
1,7686,1,1,0, 7687
8,7696,1,1,0, 7697
9,7697,2,2,1, 7699
24,7709,1,1,1, 7710
2,7723,2,2,1, 7725
1,7726,1,1,1, 7727
6,7730,2,2,1, 7732
7,7732,1,1,0, 7733
8,7736,1,1,1, 7737
9,7737,2,2,1, 7739
24,7749,1,1,0, 7750
6,7770,2,2,1, 7772
7,7772,1,1,0, 7773
8,7776,1,1,0, 7777
9,7777,2,2,1, 7779
15,7781,2,2,1, 7783
24,7789,1,1,0, 7790
6,7810,2,2,1, 7812
7,7812,1,1,1, 7813
24,7829,1,1,1, 7830
25,7835,2,2,1, 7837
1,7846,1,1,0, 7847
7,7852,1,1,0, 7853
24,7869,1,1,0, 7870
1,7886,1,1,0, 7887
7,7892,1,1,1, 7893
9,7897,2,2,1, 7899
24,7909,1,1,1, 7910
30,7913,3,3,1, 7916
31,7916,2,2,1, 7918
29,7918,4,4,1, 7922
7,7932,1,1,1, 7933
8,7936,1,1,1, 7937
24,7949,1,1,1, 7950
25,7955,2,2,1, 7957
7,7972,1,1,1, 7973
8,7976,1,1,1, 7977
24,7989,1,1,1, 7990
25,7995,2,2,1, 7997
7,8012,1,1,1, 8013
8,8016,1,1,0, 8017
24,8029,1,1,1, 8030
23,8028,3,3,1, 8031
31,8036,2,2,1, 8038
1,8046,1,1,0, 8047
7,8052,1,1,1, 8053
8,8056,1,1,1, 8057
2,8083,2,2,1, 8085
1,8086,1,1,1, 8087
7,8092,1,1,0, 8093
8,8096,1,1,1, 8097
9,8097,2,2,1, 8099
31,8116,2,2,1, 8118
6,8130,2,2,1, 8132
7,8132,1,1,1, 8133
8,8136,1,1,0, 8137
9,8137,2,2,1, 8139
25,8155,2,2,1, 8157
24,8189,1,1,1, 8190
25,8195,2,2,1, 8197
1,8206,1,1,1, 8207
24,8229,1,1,0, 8230
1,8246,1,1,1, 8247
24,8269,1,1,0, 8270
31,8276,2,2,1, 8278
2,8283,2,2,1, 8285
1,8286,1,1,0, 8287
7,8292,1,1,1, 8293
8,8296,1,1,0, 8297
16,8299,2,2,1, 8301
24,8309,1,1,1, 8310
31,8316,2,2,1, 8318
7,8332,1,1,0, 8333
8,8336,1,1,0, 8337
24,8349,1,1,1, 8350
31,8356,2,2,1, 8358
7,8372,1,1,0, 8373
8,8376,1,1,1, 8377
24,8389,1,1,1, 8390
23,8388,3,3,1, 8391
30,8393,3,3,1, 8396
24,8429,1,1,0, 8430
24,8469,1,1,0, 8470
24,8509,1,1,1, 8510
23,8508,3,3,1, 8511
1,8526,1,1,0, 8527
6,8530,2,2,1, 8532
7,8532,1,1,0, 8533
8,8536,1,1,0, 8537
9,8537,2,2,1, 8539
24,8549,1,1,0, 8550
2,8563,2,2,1, 8565
1,8566,1,1,0, 8567
5,8567,3,3,1, 8570
6,8570,2,2,1, 8572
7,8572,1,1,1, 8573
8,8576,1,1,0, 8577
24,8589,1,1,1, 8590
31,8596,2,2,1, 8598
1,8606,1,1,0, 8607
7,8612,1,1,0, 8613
8,8616,1,1,1, 8617
24,8629,1,1,1, 8630
23,8628,3,3,1, 8631
30,8633,3,3,1, 8636
25,8635,2,2,1, 8637
31,8636,2,2,1, 8638
1,8646,1,1,1, 8647
8,8656,1,1,0, 8657
15,8661,2,2,1, 8663
24,8669,1,1,1, 8670
2,8683,2,2,1, 8685
1,8686,1,1,0, 8687
8,8696,1,1,0, 8697
9,8697,2,2,1, 8699
24,8709,1,1,1, 8710
25,8715,2,2,1, 8717
8,8736,1,1,0, 8737
15,8741,2,2,1, 8743
22,8746,4,4,1, 8750
24,8749,1,1,0, 8750
23,8748,3,3,1, 8751
30,8753,3,3,1, 8756
25,8755,2,2,1, 8757
31,8756,2,2,1, 8758
5,8767,3,3,1, 8770
6,8770,2,2,1, 8772
7,8772,1,1,1, 8773
24,8789,1,1,1, 8790
25,8795,2,2,1, 8797
31,8796,2,2,1, 8798
1,8806,1,1,1, 8807
5,8807,3,3,1, 8810
6,8810,2,2,1, 8812
7,8812,1,1,1, 8813
9,8817,2,2,1, 8819
31,8836,2,2,1, 8838
2,8843,2,2,1, 8845
1,8846,1,1,0, 8847
6,8850,2,2,1, 8852
7,8852,1,1,0, 8853
9,8857,2,2,1, 8859
22,8866,4,4,1, 8870
30,8873,3,3,1, 8876
8,8896,1,1,1, 8897
23,8908,3,3,1, 8911
8,8936,1,1,1, 8937
9,8937,2,2,1, 8939
15,8941,2,2,1, 8943
24,8949,1,1,0, 8950
23,8948,3,3,1, 8951
8,8976,1,1,0, 8977
9,8977,2,2,1, 8979
24,8989,1,1,1, 8990
25,8995,2,2,1, 8997
2,9003,2,2,1, 9005
1,9006,1,1,1, 9007
7,9012,1,1,0, 9013
9,9017,2,2,1, 9019
24,9029,1,1,1, 9030
25,9035,2,2,1, 9037
2,9043,2,2,1, 9045
1,9046,1,1,0, 9047
7,9052,1,1,0, 9053
9,9057,2,2,1, 9059
24,9069,1,1,1, 9070
25,9075,2,2,1, 9077
7,9092,1,1,0, 9093
24,9109,1,1,0, 9110
23,9108,3,5,1, 9113
8,9136,1,1,1, 9137
9,9137,2,2,1, 9139
24,9149,1,1,1, 9150
25,9155,2,2,1, 9157
1,9166,1,1,1, 9167
8,9176,1,1,0, 9177
9,9177,2,2,1, 9179
24,9189,1,1,0, 9190
25,9195,2,2,1, 9197
2,9203,2,2,1, 9205
1,9206,1,1,0, 9207
8,9216,1,1,1, 9217
15,9221,2,2,1, 9223
24,9229,1,1,0, 9230
30,9233,3,3,1, 9236
25,9235,2,2,1, 9237
31,9236,2,2,1, 9238
5,9247,3,3,1, 9250
7,9252,1,1,0, 9253
17,9259,3,3,1, 9262
24,9269,1,1,1, 9270
31,9276,2,2,1, 9278
5,9287,3,3,1, 9290
6,9290,2,2,1, 9292
7,9292,1,1,1, 9293
17,9299,3,3,1, 9302
24,9309,1,1,0, 9310
17,9339,3,3,1, 9342
24,9349,1,1,1, 9350
23,9348,3,3,1, 9351
25,9355,2,2,1, 9357
1,9366,1,1,1, 9367
7,9372,1,1,0, 9373
8,9376,1,1,1, 9377
15,9381,2,2,1, 9383
23,9388,3,3,1, 9391
25,9395,2,2,1, 9397
2,9403,2,2,1, 9405
1,9406,1,1,1, 9407
7,9412,1,1,1, 9413
8,9416,1,1,0, 9417
25,9435,2,2,1, 9437
1,9446,1,1,1, 9447
7,9452,1,1,0, 9453
8,9456,1,1,0, 9457
22,9466,4,4,1, 9470
23,9468,3,5,1, 9473
30,9473,3,3,1, 9476
31,9476,2,2,1, 9478
8,9496,1,1,1, 9497
24,9509,1,1,0, 9510
8,9536,1,1,0, 9537
9,9537,2,2,1, 9539
15,9541,2,2,1, 9543
24,9549,1,1,0, 9550
25,9555,2,2,1, 9557
31,9556,2,2,1, 9558
7,9572,1,1,0, 9573
8,9576,1,1,1, 9577
9,9577,2,2,1, 9579
14,9579,3,3,1, 9582
15,9581,2,2,1, 9583
24,9589,1,1,1, 9590
30,9593,3,3,1, 9596
1,9606,1,1,1, 9607
16,9619,2,2,1, 9621
24,9629,1,1,1, 9630
2,9643,2,2,1, 9645
1,9646,1,1,1, 9647
9,9657,2,2,1, 9659
16,9659,2,2,1, 9661
24,9669,1,1,1, 9670
2,9683,2,2,1, 9685
1,9686,1,1,1, 9687
24,9709,1,1,0, 9710
30,9713,3,3,1, 9716
25,9715,2,2,1, 9717
7,9732,1,1,0, 9733
8,9736,1,1,0, 9737
31,9756,2,2,1, 9758
7,9772,1,1,1, 9773
8,9776,1,1,0, 9777
23,9788,3,3,1, 9791
31,9796,2,2,1, 9798
7,9812,1,1,0, 9813
8,9816,1,1,1, 9817
9,9817,2,2,1, 9819
22,9826,4,4,1, 9830
24,9829,1,1,0, 9830
23,9828,3,3,1, 9831
30,9833,3,3,1, 9836
25,9835,2,2,1, 9837
2,9843,2,2,1, 9845
1,9846,1,1,0, 9847
8,9856,1,1,1, 9857
15,9861,2,2,1, 9863
24,9869,1,1,1, 9870
2,9883,2,2,1, 9885
1,9886,1,1,1, 9887
8,9896,1,1,0, 9897
15,9901,2,2,1, 9903
24,9909,1,1,1, 9910
2,9923,2,2,1, 9925
1,9926,1,1,1, 9927
8,9936,1,1,1, 9937
24,9949,1,1,0, 9950
23,9948,3,3,1, 9951
25,9955,2,2,1, 9957
31,9956,2,2,1, 9958
7,9972,1,1,1, 9973
24,9989,1,1,0, 9990
25,9995,2,2,1, 9997
7,10012,1,1,0, 10013
24,10029,1,1,0, 10030
25,10035,2,2,1, 10037
7,10052,1,1,0, 10053
24,10069,1,1,0, 10070
30,10073,3,3,1, 10076
25,10075,2,2,1, 10077
29,10078,4,4,1, 10082
1,10086,1,1,1, 10087
7,10092,1,1,1, 10093
8,10096,1,1,0, 10097
9,10097,2,2,1, 10099
2,10123,2,2,1, 10125
1,10126,1,1,0, 10127
7,10132,1,1,1, 10133
8,10136,1,1,1, 10137
24,10149,1,1,0, 10150
7,10172,1,1,0, 10173
8,10176,1,1,1, 10177
22,10186,4,4,1, 10190
24,10189,1,1,1, 10190
23,10188,3,3,1, 10191
30,10193,3,5,1, 10198
2,10203,2,2,1, 10205
1,10206,1,1,1, 10207
8,10216,1,1,0, 10217
9,10217,2,2,1, 10219
2,10243,2,2,1, 10245
1,10246,1,1,1, 10247
8,10256,1,1,0, 10257
8,10296,1,1,0, 10297
24,10309,1,1,1, 10310
30,10313,3,3,1, 10316
25,10315,2,2,1, 10317
29,10318,4,4,1, 10322
7,10332,1,1,0, 10333
24,10349,1,1,1, 10350
31,10356,2,2,1, 10358
1,10366,1,1,0, 10367
7,10372,1,1,1, 10373
15,10381,2,2,1, 10383
24,10389,1,1,1, 10390
1,10406,1,1,1, 10407
7,10412,1,1,0, 10413
9,10417,2,2,1, 10419
24,10429,1,1,1, 10430
1,10446,1,1,0, 10447
7,10452,1,1,0, 10453
8,10456,1,1,1, 10457
9,10457,2,2,1, 10459
15,10461,2,2,1, 10463
24,10469,1,1,1, 10470
23,10468,3,3,1, 10471
2,10483,2,2,1, 10485
1,10486,1,1,0, 10487
7,10492,1,1,1, 10493
8,10496,1,1,0, 10497
9,10497,2,2,1, 10499
13,10499,4,4,1, 10503
24,10509,1,1,0, 10510
25,10515,2,2,1, 10517
31,10516,2,2,1, 10518
7,10532,1,1,1, 10533
8,10536,1,1,0, 10537
9,10537,2,2,1, 10539
24,10549,1,1,0, 10550
31,10556,2,2,1, 10558
17,10579,3,3,1, 10582
24,10589,1,1,1, 10590
23,10588,3,3,1, 10591
1,10606,1,1,0, 10607
17,10619,3,3,1, 10622
24,10629,1,1,0, 10630
2,10643,2,2,1, 10645
1,10646,1,1,0, 10647
24,10669,1,1,0, 10670
25,10675,2,2,1, 10677
7,10692,1,1,1, 10693
8,10696,1,1,1, 10697
15,10701,2,2,1, 10703
6,10730,2,2,1, 10732
7,10732,1,1,1, 10733
8,10736,1,1,0, 10737
9,10737,2,2,1, 10739
6,10770,2,2,1, 10772
7,10772,1,1,0, 10773
8,10776,1,1,0, 10777
9,10777,2,2,1, 10779
24,10789,1,1,0, 10790
23,10788,3,3,1, 10791
31,10796,2,2,1, 10798
2,10803,2,2,1, 10805
1,10806,1,1,0, 10807
7,10812,1,1,1, 10813
8,10816,1,1,1, 10817
15,10821,2,2,1, 10823
24,10829,1,1,0, 10830
25,10835,2,2,1, 10837
1,10846,1,1,0, 10847
7,10852,1,1,1, 10853
8,10856,1,1,0, 10857
15,10861,2,2,1, 10863
24,10869,1,1,0, 10870
25,10875,2,2,1, 10877
1,10886,1,1,1, 10887
7,10892,1,1,0, 10893
8,10896,1,1,1, 10897
24,10909,1,1,1, 10910
25,10915,2,2,1, 10917
31,10916,2,2,1, 10918
24,11029,1,1,0, 11030
25,11035,2,2,1, 11037
31,11036,2,2,1, 11038
2,11043,2,2,1, 11045
1,11046,1,1,1, 11047
6,11050,2,2,1, 11052
7,11052,1,1,1, 11053
8,11056,1,1,1, 11057
9,11057,2,2,1, 11059
1,11086,1,1,1, 11087
6,11090,2,2,1, 11092
7,11092,1,1,1, 11093
8,11096,1,1,1, 11097
9,11097,2,2,1, 11099
6,11130,2,2,1, 11132
7,11132,1,1,1, 11133
8,11136,1,1,1, 11137
24,11149,1,1,1, 11150
23,11148,3,3,1, 11151
24,11189,1,1,1, 11190
25,11195,2,2,1, 11197
1,11206,1,1,0, 11207
9,11217,2,2,1, 11219
24,11229,1,1,0, 11230
25,11235,2,2,1, 11237
1,11246,1,1,0, 11247
24,11269,1,1,1, 11270
23,11268,3,3,1, 11271
25,11275,2,2,1, 11277
1,11286,1,1,1, 11287
7,11292,1,1,0, 11293
8,11296,1,1,0, 11297
9,11297,2,2,1, 11299
31,11316,2,2,1, 11318
1,11326,1,1,1, 11327
7,11332,1,1,1, 11333
8,11336,1,1,0, 11337
2,11363,2,2,1, 11365
1,11366,1,1,0, 11367
7,11372,1,1,1, 11373
8,11376,1,1,0, 11377
24,11389,1,1,1, 11390
30,11393,3,3,1, 11396
25,11395,2,2,1, 11397
7,11412,1,1,0, 11413
8,11416,1,1,1, 11417
24,11429,1,1,0, 11430
23,11428,3,3,1, 11431
7,11452,1,1,0, 11453
8,11456,1,1,1, 11457
24,11469,1,1,0, 11470
23,11468,3,3,1, 11471
6,11490,2,2,1, 11492
7,11492,1,1,0, 11493
8,11496,1,1,1, 11497
15,11501,2,2,1, 11503
24,11509,1,1,1, 11510
31,11516,2,2,1, 11518
2,11523,2,2,1, 11525
1,11526,1,1,1, 11527
9,11537,2,2,1, 11539
24,11549,1,1,0, 11550
25,11555,2,2,1, 11557
1,11566,1,1,0, 11567
24,11589,1,1,1, 11590
24,11629,1,1,0, 11630
25,11635,2,2,1, 11637
31,11636,2,2,1, 11638
7,11652,1,1,0, 11653
8,11656,1,1,1, 11657
15,11661,2,2,1, 11663
1,11686,1,1,1, 11687
7,11692,1,1,1, 11693
8,11696,1,1,1, 11697
9,11697,2,2,1, 11699
25,11715,2,2,1, 11717
2,11723,2,2,1, 11725
1,11726,1,1,1, 11727
7,11732,1,1,0, 11733
8,11736,1,1,0, 11737
24,11749,1,1,0, 11750
23,11748,3,3,1, 11751
25,11755,2,2,1, 11757
31,11756,2,2,1, 11758
6,11770,2,2,1, 11772
7,11772,1,1,1, 11773
14,11779,3,3,1, 11782
15,11781,2,2,1, 11783
24,11789,1,1,0, 11790
7,11812,1,1,1, 11813
15,11821,2,2,1, 11823
24,11829,1,1,0, 11830
7,11852,1,1,0, 11853
8,11856,1,1,0, 11857
16,11859,2,2,1, 11861
24,11869,1,1,1, 11870
31,11876,2,2,1, 11878
1,11886,1,1,1, 11887
7,11892,1,1,0, 11893
15,11901,2,2,1, 11903
2,11923,2,2,1, 11925
1,11926,1,1,1, 11927
7,11932,1,1,0, 11933
1,11966,1,1,0, 11967
7,11972,1,1,1, 11973
24,11989,1,1,0, 11990
7,12012,1,1,0, 12013
8,12016,1,1,1, 12017
24,12029,1,1,1, 12030
7,12052,1,1,0, 12053
8,12056,1,1,1, 12057
24,12069,1,1,0, 12070
25,12075,2,2,1, 12077
8,12096,1,1,1, 12097
24,12109,1,1,1, 12110
25,12115,2,2,1, 12117
31,12116,2,2,1, 12118
1,12126,1,1,1, 12127
8,12136,1,1,0, 12137
16,12139,2,2,1, 12141
25,12155,2,2,1, 12157
2,12163,2,2,1, 12165
1,12166,1,1,1, 12167
7,12172,1,1,0, 12173
8,12176,1,1,1, 12177
9,12177,2,2,1, 12179
16,12179,2,2,1, 12181
14,12179,3,3,1, 12182
17,12179,3,3,1, 12182
23,12188,3,3,1, 12191
7,12212,1,1,1, 12213
24,12229,1,1,1, 12230
7,12252,1,1,1, 12253
8,12256,1,1,1, 12257
9,12257,2,2,1, 12259
17,12259,3,3,1, 12262
24,12269,1,1,0, 12270
23,12268,3,3,1, 12271
25,12275,2,2,1, 12277
1,12286,1,1,1, 12287
5,12287,3,3,1, 12290
6,12290,2,2,1, 12292
7,12292,1,1,1, 12293
8,12296,1,1,1, 12297
9,12297,2,2,1, 12299
14,12299,3,3,1, 12302
17,12299,3,3,1, 12302
24,12309,1,1,0, 12310
2,12323,2,2,1, 12325
1,12326,1,1,0, 12327
24,12349,1,1,0, 12350
1,12366,1,1,0, 12367
7,12372,1,1,1, 12373
8,12376,1,1,1, 12377
15,12381,2,2,1, 12383
24,12389,1,1,1, 12390
2,12403,2,2,1, 12405
1,12406,1,1,1, 12407
5,12407,3,3,1, 12410
7,12412,1,1,0, 12413
8,12416,1,1,1, 12417
14,12419,3,3,1, 12422
24,12429,1,1,1, 12430
23,12428,3,3,1, 12431
25,12435,2,2,1, 12437
7,12452,1,1,0, 12453
8,12456,1,1,1, 12457
9,12457,2,2,1, 12459
15,12461,2,2,1, 12463
24,12469,1,1,0, 12470
23,12468,3,3,1, 12471
25,12475,2,2,1, 12477
31,12476,2,2,1, 12478
7,12492,1,1,0, 12493
16,12499,2,2,1, 12501
24,12509,1,1,0, 12510
1,12526,1,1,0, 12527
6,12530,2,2,1, 12532
7,12532,1,1,0, 12533
9,12537,2,2,1, 12539
16,12539,2,2,1, 12541
14,12539,3,3,1, 12542
24,12549,1,1,0, 12550
25,12555,2,2,1, 12557
1,12566,1,1,1, 12567
7,12572,1,1,0, 12573
24,12589,1,1,0, 12590
30,12593,3,3,1, 12596
31,12596,2,2,1, 12598
2,12603,2,2,1, 12605
1,12606,1,1,0, 12607
7,12612,1,1,0, 12613
8,12616,1,1,0, 12617
16,12619,2,2,1, 12621
24,12629,1,1,0, 12630
23,12628,3,3,1, 12631
30,12633,3,3,1, 12636
2,12643,2,2,1, 12645
1,12646,1,1,0, 12647
5,12647,3,3,1, 12650
7,12652,1,1,0, 12653
8,12656,1,1,1, 12657
15,12661,2,2,1, 12663
24,12669,1,1,0, 12670
24,12709,1,1,0, 12710
24,12749,1,1,1, 12750
1,12766,1,1,0, 12767
7,12772,1,1,1, 12773
8,12776,1,1,1, 12777
9,12777,2,2,1, 12779
17,12779,3,3,1, 12782
24,12789,1,1,1, 12790
1,12806,1,1,0, 12807
6,12810,2,2,1, 12812
7,12812,1,1,0, 12813
8,12816,1,1,1, 12817
24,12829,1,1,0, 12830
31,12836,2,2,1, 12838
7,12852,1,1,1, 12853
8,12856,1,1,0, 12857
9,12857,2,2,1, 12859
24,12869,1,1,0, 12870
31,12876,2,2,1, 12878
6,12890,2,2,1, 12892
7,12892,1,1,0, 12893
8,12896,1,1,0, 12897
16,12899,2,2,1, 12901
24,12909,1,1,0, 12910
24,12949,1,1,0, 12950
25,12955,2,2,1, 12957
1,12966,1,1,0, 12967
24,12989,1,1,0, 12990
2,13003,2,2,1, 13005
1,13006,1,1,0, 13007
6,13010,2,2,1, 13012
7,13012,1,1,1, 13013
8,13016,1,1,0, 13017
16,13019,2,2,1, 13021
24,13029,1,1,0, 13030
1,13046,1,1,1, 13047
6,13050,2,2,1, 13052
7,13052,1,1,1, 13053
8,13056,1,1,0, 13057
9,13057,2,2,1, 13059
24,13069,1,1,1, 13070
7,13092,1,1,0, 13093
8,13096,1,1,1, 13097
9,13097,2,2,1, 13099
24,13109,1,1,0, 13110
6,13130,2,2,1, 13132
7,13132,1,1,1, 13133
8,13136,1,1,0, 13137
16,13139,2,2,1, 13141
24,13149,1,1,0, 13150
8,13176,1,1,0, 13177
9,13177,2,2,1, 13179
24,13189,1,1,1, 13190
1,13206,1,1,0, 13207
8,13216,1,1,1, 13217
9,13217,2,2,1, 13219
24,13229,1,1,1, 13230
1,13246,1,1,0, 13247
7,13252,1,1,1, 13253
8,13256,1,1,0, 13257
9,13257,2,2,1, 13259
24,13269,1,1,0, 13270
23,13268,3,3,1, 13271
7,13292,1,1,1, 13293
24,13309,1,1,1, 13310
23,13308,3,3,1, 13311
6,13330,2,2,1, 13332
7,13332,1,1,1, 13333
15,13341,2,2,1, 13343
24,13349,1,1,1, 13350
1,13366,1,1,0, 13367
6,13370,2,2,1, 13372
7,13372,1,1,1, 13373
8,13376,1,1,1, 13377
24,13389,1,1,1, 13390
2,13403,2,2,1, 13405
1,13406,1,1,1, 13407
8,13416,1,1,1, 13417
9,13417,2,2,1, 13419
24,13429,1,1,1, 13430
8,13456,1,1,1, 13457
24,13469,1,1,0, 13470
7,13492,1,1,0, 13493
8,13496,1,1,0, 13497
16,13499,2,2,1, 13501
17,13499,3,3,1, 13502
24,13509,1,1,0, 13510
24,13549,1,1,0, 13550
25,13555,2,2,1, 13557
2,13563,2,2,1, 13565
1,13566,1,1,0, 13567
8,13576,1,1,0, 13577
15,13581,2,2,1, 13583
24,13589,1,1,1, 13590
2,13603,2,2,1, 13605
1,13606,1,1,1, 13607
6,13610,2,2,1, 13612
7,13612,1,1,0, 13613
8,13616,1,1,1, 13617
14,13619,3,3,1, 13622
24,13629,1,1,0, 13630
23,13628,3,3,1, 13631
1,13646,1,1,0, 13647
7,13652,1,1,0, 13653
8,13656,1,1,0, 13657
24,13669,1,1,1, 13670
2,13683,2,2,1, 13685
7,13692,1,1,1, 13693
8,13696,1,1,1, 13697
9,13697,2,2,1, 13699
24,13709,1,1,1, 13710
5,13727,3,3,1, 13730
7,13732,1,1,0, 13733
8,13736,1,1,1, 13737
14,13739,3,3,1, 13742
24,13749,1,1,1, 13750
25,13755,2,2,1, 13757
1,13766,1,1,1, 13767
7,13772,1,1,1, 13773
8,13776,1,1,0, 13777
9,13777,2,2,1, 13779
24,13789,1,1,1, 13790
7,13812,1,1,1, 13813
7,13852,1,1,0, 13853
14,13859,3,3,1, 13862
24,13909,1,1,1, 13910
30,13913,3,3,1, 13916
25,13915,2,2,1, 13917
31,13916,2,2,1, 13918
2,13923,2,2,1, 13925
1,13926,1,1,0, 13927
7,13932,1,1,1, 13933
8,13936,1,1,0, 13937
15,13941,2,2,1, 13943
24,13949,1,1,1, 13950
2,13963,2,2,1, 13965
1,13966,1,1,1, 13967
5,13967,3,3,1, 13970
7,13972,1,1,0, 13973
8,13976,1,1,0, 13977
9,13977,2,2,1, 13979
24,13989,1,1,0, 13990
7,14012,1,1,1, 14013
8,14016,1,1,0, 14017
9,14017,2,2,1, 14019
24,14029,1,1,0, 14030
23,14028,3,3,1, 14031
30,14033,3,3,1, 14036
7,14052,1,1,0, 14053
8,14056,1,1,0, 14057
9,14057,2,2,1, 14059
1,14086,1,1,0, 14087
6,14090,2,2,1, 14092
7,14092,1,1,0, 14093
8,14096,1,1,1, 14097
9,14097,2,2,1, 14099
25,14115,2,2,1, 14117
2,14123,2,2,1, 14125
1,14126,1,1,0, 14127
6,14130,2,2,1, 14132
7,14132,1,1,1, 14133
8,14136,1,1,0, 14137
9,14137,2,2,1, 14139
24,14149,1,1,1, 14150
30,14153,3,3,1, 14156
25,14155,2,2,1, 14157
31,14156,2,2,1, 14158
24,14189,1,1,1, 14190
31,14196,2,2,1, 14198
24,14229,1,1,0, 14230
24,14269,1,1,0, 14270
23,14268,3,3,1, 14271
30,14273,3,3,1, 14276
1,14286,1,1,0, 14287
8,14296,1,1,0, 14297
9,14297,2,2,1, 14299
24,14309,1,1,0, 14310
2,14323,2,2,1, 14325
1,14326,1,1,1, 14327
8,14336,1,1,0, 14337
9,14337,2,2,1, 14339
24,14349,1,1,1, 14350
2,14363,2,2,1, 14365
1,14366,1,1,0, 14367
8,14376,1,1,0, 14377
9,14377,2,2,1, 14379
24,14389,1,1,0, 14390
23,14388,3,3,1, 14391
31,14396,2,2,1, 14398
7,14412,1,1,0, 14413
24,14429,1,1,0, 14430
25,14435,2,2,1, 14437
6,14450,2,2,1, 14452
7,14452,1,1,0, 14453
15,14461,2,2,1, 14463
24,14469,1,1,1, 14470
25,14475,2,2,1, 14477
6,14490,2,2,1, 14492
7,14492,1,1,0, 14493
14,14499,3,3,1, 14502
24,14509,1,1,0, 14510
23,14508,3,3,1, 14511
30,14513,3,3,1, 14516
31,14516,2,2,1, 14518
2,14523,2,2,1, 14525
1,14526,1,1,0, 14527
8,14536,1,1,0, 14537
2,14563,2,2,1, 14565
1,14566,1,1,0, 14567
8,14576,1,1,1, 14577
2,14603,2,2,1, 14605
1,14606,1,1,0, 14607
8,14616,1,1,1, 14617
24,14629,1,1,0, 14630
25,14635,2,2,1, 14637
7,14652,1,1,0, 14653
8,14656,1,1,0, 14657
24,14669,1,1,1, 14670
7,14692,1,1,0, 14693
8,14696,1,1,0, 14697
9,14697,2,2,1, 14699
24,14709,1,1,1, 14710
7,14732,1,1,0, 14733
8,14736,1,1,1, 14737
24,14749,1,1,0, 14750
25,14755,2,2,1, 14757
31,14756,2,2,1, 14758
2,14763,2,2,1, 14765
1,14766,1,1,1, 14767
24,14789,1,1,1, 14790
1,14806,1,1,1, 14807
24,14829,1,1,1, 14830
1,14846,1,1,1, 14847
24,14869,1,1,0, 14870
1,14886,1,1,0, 14887
7,14892,1,1,1, 14893
24,14909,1,1,1, 14910
1,14926,1,1,0, 14927
7,14932,1,1,0, 14933
9,14937,2,2,1, 14939
24,14949,1,1,0, 14950
1,14966,1,1,1, 14967
7,14972,1,1,1, 14973
24,14989,1,1,0, 14990
23,14988,3,3,1, 14991
25,14995,2,2,1, 14997
2,15003,2,2,1, 15005
1,15006,1,1,0, 15007
7,15012,1,1,0, 15013
8,15016,1,1,1, 15017
25,15035,2,2,1, 15037
1,15046,1,1,0, 15047
7,15052,1,1,0, 15053
8,15056,1,1,1, 15057
9,15057,2,2,1, 15059
7,15092,1,1,0, 15093
8,15096,1,1,0, 15097
24,15109,1,1,0, 15110
23,15108,3,3,1, 15111
30,15113,3,3,1, 15116
25,15115,2,2,1, 15117
24,15149,1,1,0, 15150
25,15155,2,2,1, 15157
1,15166,1,1,1, 15167
9,15177,2,2,1, 15179
24,15189,1,1,1, 15190
25,15195,2,2,1, 15197
1,15206,1,1,0, 15207
24,15229,1,1,0, 15230
7,15252,1,1,1, 15253
8,15256,1,1,1, 15257
7,15292,1,1,0, 15293
8,15296,1,1,0, 15297
7,15332,1,1,1, 15333
8,15336,1,1,1, 15337
30,15353,3,3,1, 15356
25,15355,2,2,1, 15357
31,15356,2,2,1, 15358
1,15366,1,1,0, 15367
6,15370,2,2,1, 15372
7,15372,1,1,0, 15373
8,15376,1,1,1, 15377
9,15377,2,2,1, 15379
24,15389,1,1,0, 15390
25,15395,2,2,1, 15397
2,15403,2,2,1, 15405
1,15406,1,1,1, 15407
7,15412,1,1,0, 15413
8,15416,1,1,1, 15417
9,15417,2,2,1, 15419
24,15429,1,1,1, 15430
7,15452,1,1,0, 15453
8,15456,1,1,0, 15457
24,15469,1,1,1, 15470
23,15468,3,3,1, 15471
16,15499,2,2,1, 15501
17,15499,3,3,1, 15502
24,15509,1,1,1, 15510
1,15526,1,1,0, 15527
24,15549,1,1,0, 15550
2,15563,2,2,1, 15565
1,15566,1,1,1, 15567
24,15589,1,1,1, 15590
23,15588,3,3,1, 15591
31,15596,2,2,1, 15598
6,15610,2,2,1, 15612
7,15612,1,1,0, 15613
8,15616,1,1,0, 15617
15,15621,2,2,1, 15623
31,15636,2,2,1, 15638
6,15650,2,2,1, 15652
7,15652,1,1,0, 15653
8,15656,1,1,0, 15657
9,15657,2,2,1, 15659
8,15696,1,1,0, 15697
9,15697,2,2,1, 15699
24,15709,1,1,1, 15710
30,15713,3,3,1, 15716
2,15723,2,2,1, 15725
1,15726,1,1,0, 15727
8,15736,1,1,0, 15737
16,15739,2,2,1, 15741
24,15749,1,1,1, 15750
23,15748,3,3,1, 15751
2,15763,2,2,1, 15765
1,15766,1,1,1, 15767
6,15770,2,2,1, 15772
7,15772,1,1,0, 15773
8,15776,1,1,1, 15777
9,15777,2,2,1, 15779
16,15779,2,2,1, 15781
14,15779,3,3,1, 15782
24,15789,1,1,1, 15790
2,15803,2,2,1, 15805
1,15806,1,1,0, 15807
7,15812,1,1,1, 15813
24,15829,1,1,0, 15830
1,15846,1,1,0, 15847
7,15852,1,1,0, 15853
24,15869,1,1,0, 15870
31,15876,2,2,1, 15878
1,15886,1,1,0, 15887
6,15890,2,2,1, 15892
7,15892,1,1,0, 15893
8,15896,1,1,1, 15897
9,15897,2,2,1, 15899
14,15899,3,3,1, 15902
31,15916,2,2,1, 15918
7,15932,1,1,1, 15933
31,15956,2,2,1, 15958
7,15972,1,1,0, 15973
1,16006,1,1,0, 16007
7,16012,1,1,1, 16013
8,16016,1,1,0, 16017
9,16017,2,2,1, 16019
24,16029,1,1,0, 16030
1,16046,1,1,1, 16047
8,16056,1,1,0, 16057
9,16057,2,2,1, 16059
24,16069,1,1,1, 16070
1,16086,1,1,0, 16087
8,16096,1,1,0, 16097
9,16097,2,2,1, 16099
24,16109,1,1,1, 16110
1,16126,1,1,0, 16127
7,16132,1,1,1, 16133
8,16136,1,1,0, 16137
9,16137,2,2,1, 16139
16,16139,2,2,1, 16141
24,16149,1,1,0, 16150
25,16155,2,2,1, 16157
31,16156,2,2,1, 16158
6,16170,2,2,1, 16172
7,16172,1,1,1, 16173
24,16189,1,1,1, 16190
25,16195,2,2,1, 16197
6,16210,2,2,1, 16212
7,16212,1,1,1, 16213
24,16229,1,1,1, 16230
25,16235,2,2,1, 16237
1,16246,1,1,0, 16247
7,16252,1,1,0, 16253
8,16256,1,1,1, 16257
17,16259,3,3,1, 16262
24,16269,1,1,1, 16270
25,16275,2,2,1, 16277
8,16296,1,1,0, 16297
24,16309,1,1,1, 16310
8,16336,1,1,1, 16337
24,16349,1,1,0, 16350
25,16355,2,2,1, 16357
1,16366,1,1,1, 16367
6,16370,2,2,1, 16372
7,16372,1,1,1, 16373
8,16376,1,1,0, 16377
14,16379,3,3,1, 16382
1,16406,1,1,1, 16407
8,16416,1,1,0, 16417
2,16443,2,2,1, 16445
1,16446,1,1,0, 16447
8,16456,1,1,0, 16457
2,16483,2,2,1, 16485
1,16486,1,1,0, 16487
7,16492,1,1,0, 16493
8,16496,1,1,1, 16497
9,16497,2,2,1, 16499
24,16509,1,1,0, 16510
25,16515,2,2,1, 16517
1,16526,1,1,1, 16527
7,16532,1,1,0, 16533
15,16541,2,2,1, 16543
24,16549,1,1,1, 16550
23,16548,3,3,1, 16551
25,16555,2,2,1, 16557
1,16566,1,1,1, 16567
7,16572,1,1,1, 16573
15,16581,2,2,1, 16583
24,16589,1,1,1, 16590
1,16606,1,1,0, 16607
6,16610,2,2,1, 16612
7,16612,1,1,0, 16613
8,16616,1,1,1, 16617
9,16617,2,2,1, 16619
16,16619,2,2,1, 16621
24,16629,1,1,0, 16630
30,16633,3,3,1, 16636
25,16635,2,2,1, 16637
8,16656,1,1,0, 16657
9,16657,2,2,1, 16659
24,16669,1,1,0, 16670
25,16675,2,2,1, 16677
8,16696,1,1,0, 16697
24,16709,1,1,0, 16710
30,16713,3,3,1, 16716
25,16715,2,2,1, 16717
31,16716,2,2,1, 16718
1,16726,1,1,0, 16727
7,16732,1,1,1, 16733
8,16736,1,1,0, 16737
9,16737,2,2,1, 16739
15,16741,2,2,1, 16743
23,16748,3,3,1, 16751
25,16755,2,2,1, 16757
2,16763,2,2,1, 16765
1,16766,1,1,1, 16767
7,16772,1,1,1, 16773
8,16776,1,1,0, 16777
9,16777,2,2,1, 16779
15,16781,2,2,1, 16783
23,16788,3,3,1, 16791
25,16795,2,2,1, 16797
6,16810,2,2,1, 16812
7,16812,1,1,1, 16813
30,16833,3,3,1, 16836
6,16850,2,2,1, 16852
7,16852,1,1,1, 16853
17,16859,3,3,1, 16862
24,16869,1,1,0, 16870
23,16868,3,3,1, 16871
7,16892,1,1,0, 16893
8,16896,1,1,0, 16897
24,16909,1,1,0, 16910
23,16908,3,3,1, 16911
25,16915,2,2,1, 16917
1,16926,1,1,0, 16927
7,16932,1,1,1, 16933
8,16936,1,1,1, 16937
9,16937,2,2,1, 16939
24,16949,1,1,1, 16950
1,16966,1,1,1, 16967
7,16972,1,1,1, 16973
8,16976,1,1,1, 16977
16,16979,2,2,1, 16981
24,16989,1,1,1, 16990
23,16988,3,3,1, 16991
1,17006,1,1,0, 17007
6,17010,2,2,1, 17012
7,17012,1,1,1, 17013
17,17019,3,3,1, 17022
24,17029,1,1,1, 17030
1,17046,1,1,1, 17047
8,17056,1,1,0, 17057
15,17061,2,2,1, 17063
25,17075,2,2,1, 17077
1,17086,1,1,0, 17087
8,17096,1,1,1, 17097
9,17097,2,2,1, 17099
1,17126,1,1,0, 17127
8,17136,1,1,0, 17137
15,17141,2,2,1, 17143
24,17149,1,1,0, 17150
30,17153,3,3,1, 17156
31,17156,2,2,1, 17158
7,17172,1,1,0, 17173
30,17193,3,3,1, 17196
31,17196,2,2,1, 17198
7,17212,1,1,0, 17213
31,17236,2,2,1, 17238
7,17252,1,1,0, 17253
24,17269,1,1,0, 17270
31,17276,2,2,1, 17278
1,17286,1,1,1, 17287
8,17296,1,1,0, 17297
24,17309,1,1,1, 17310
2,17323,2,2,1, 17325
1,17326,1,1,0, 17327
8,17336,1,1,0, 17337
9,17337,2,2,1, 17339
15,17341,2,2,1, 17343
24,17349,1,1,0, 17350
1,17366,1,1,0, 17367
8,17376,1,1,1, 17377
9,17377,2,2,1, 17379
15,17381,2,2,1, 17383
24,17389,1,1,1, 17390
24,17429,1,1,0, 17430
25,17435,2,2,1, 17437
24,17469,1,1,0, 17470
24,17509,1,1,0, 17510
23,17508,3,3,1, 17511
30,17513,3,3,1, 17516
2,17523,2,2,1, 17525
1,17526,1,1,1, 17527
5,17527,3,3,1, 17530
6,17530,2,2,1, 17532
7,17532,1,1,1, 17533
8,17536,1,1,1, 17537
14,17539,3,3,1, 17542
24,17549,1,1,0, 17550
1,17566,1,1,1, 17567
7,17572,1,1,1, 17573
8,17576,1,1,0, 17577
9,17577,2,2,1, 17579
24,17589,1,1,0, 17590
7,17612,1,1,1, 17613
8,17616,1,1,0, 17617
24,17629,1,1,0, 17630
23,17628,3,3,1, 17631
31,17636,2,2,1, 17638
7,17652,1,1,0, 17653
24,17669,1,1,0, 17670
1,17686,1,1,1, 17687
7,17692,1,1,0, 17693
24,17709,1,1,0, 17710
1,17726,1,1,1, 17727
7,17732,1,1,0, 17733
9,17737,2,2,1, 17739
24,17749,1,1,0, 17750
25,17755,2,2,1, 17757
1,17766,1,1,0, 17767
7,17772,1,1,0, 17773
8,17776,1,1,0, 17777
24,17789,1,1,1, 17790
31,17796,2,2,1, 17798
1,17806,1,1,1, 17807
5,17807,3,3,1, 17810
6,17810,2,2,1, 17812
7,17812,1,1,1, 17813
8,17816,1,1,1, 17817
9,17817,2,2,1, 17819
24,17829,1,1,1, 17830
8,17856,1,1,1, 17857
24,17869,1,1,0, 17870
7,17892,1,1,1, 17893
8,17896,1,1,0, 17897
24,17909,1,1,1, 17910
1,17926,1,1,0, 17927
7,17932,1,1,0, 17933
8,17936,1,1,0, 17937
15,17941,2,2,1, 17943
24,17949,1,1,1, 17950
30,17953,3,3,1, 17956
2,17963,2,2,1, 17965
1,17966,1,1,0, 17967
8,17976,1,1,1, 17977
14,17979,3,3,1, 17982
15,17981,2,2,1, 17983
24,17989,1,1,1, 17990
30,17993,3,3,1, 17996
25,17995,2,2,1, 17997
31,17996,2,2,1, 17998
7,18052,1,1,1, 18053
7,18092,1,1,1, 18093
24,18109,1,1,1, 18110
25,18115,2,2,1, 18117
1,18126,1,1,1, 18127
6,18130,2,2,1, 18132
7,18132,1,1,1, 18133
8,18136,1,1,1, 18137
14,18139,3,3,1, 18142
24,18149,1,1,1, 18150
25,18155,2,2,1, 18157
1,18166,1,1,0, 18167
6,18170,2,2,1, 18172
7,18172,1,1,1, 18173
8,18176,1,1,0, 18177
9,18177,2,2,1, 18179
16,18179,2,2,1, 18181
17,18179,3,3,1, 18182
15,18181,2,2,1, 18183
24,18189,1,1,0, 18190
31,18196,2,2,1, 18198
2,18203,2,2,1, 18205
1,18206,1,1,0, 18207
7,18212,1,1,0, 18213
8,18216,1,1,0, 18217
9,18217,2,2,1, 18219
24,18229,1,1,1, 18230
2,18243,2,2,1, 18245
1,18246,1,1,1, 18247
5,18247,3,3,1, 18250
7,18252,1,1,0, 18253
8,18256,1,1,1, 18257
9,18257,2,2,1, 18259
24,18269,1,1,1, 18270
31,18276,2,2,1, 18278
1,18286,1,1,0, 18287
7,18292,1,1,0, 18293
8,18296,1,1,1, 18297
9,18297,2,2,1, 18299
17,18299,3,3,1, 18302
24,18309,1,1,0, 18310
25,18315,2,2,1, 18317
24,18349,1,1,1, 18350
8,18376,1,1,1, 18377
24,18389,1,1,1, 18390
25,18395,2,2,1, 18397
1,18406,1,1,1, 18407
7,18412,1,1,1, 18413
8,18416,1,1,0, 18417
24,18429,1,1,0, 18430
23,18428,3,3,1, 18431
31,18436,2,2,1, 18438
7,18452,1,1,0, 18453
8,18456,1,1,1, 18457
24,18469,1,1,0, 18470
23,18468,3,3,1, 18471
25,18475,2,2,1, 18477
31,18476,2,2,1, 18478
6,18490,2,2,1, 18492
7,18492,1,1,1, 18493
8,18496,1,1,0, 18497
16,18499,2,2,1, 18501
1,18526,1,1,0, 18527
5,18527,3,3,1, 18530
7,18532,1,1,0, 18533
8,18536,1,1,0, 18537
16,18539,2,2,1, 18541
2,18563,2,2,1, 18565
1,18566,1,1,0, 18567
9,18577,2,2,1, 18579
2,18603,2,2,1, 18605
1,18606,1,1,0, 18607
2,18643,2,2,1, 18645
1,18646,1,1,1, 18647
7,18652,1,1,1, 18653
8,18656,1,1,1, 18657
15,18661,2,2,1, 18663
24,18669,1,1,1, 18670
23,18668,3,3,1, 18671
25,18675,2,2,1, 18677
8,18696,1,1,0, 18697
15,18701,2,2,1, 18703
24,18709,1,1,1, 18710
23,18708,3,3,1, 18711
8,18736,1,1,1, 18737
9,18737,2,2,1, 18739
24,18749,1,1,0, 18750
1,18766,1,1,0, 18767
6,18770,2,2,1, 18772
7,18772,1,1,1, 18773
8,18776,1,1,1, 18777
16,18779,2,2,1, 18781
17,18779,3,3,1, 18782
24,18789,1,1,1, 18790
24,18829,1,1,1, 18830
31,18836,2,2,1, 18838
24,18869,1,1,0, 18870
1,18886,1,1,0, 18887
6,18890,2,2,1, 18892
7,18892,1,1,0, 18893
8,18896,1,1,0, 18897
9,18897,2,2,1, 18899
17,18899,3,3,1, 18902
24,18909,1,1,1, 18910
1,18926,1,1,1, 18927
7,18932,1,1,1, 18933
24,18949,1,1,1, 18950
2,18963,2,2,1, 18965
1,18966,1,1,0, 18967
7,18972,1,1,1, 18973
24,18989,1,1,0, 18990
1,19006,1,1,1, 19007
6,19010,2,2,1, 19012
7,19012,1,1,1, 19013
8,19016,1,1,1, 19017
9,19017,2,2,1, 19019
24,19029,1,1,0, 19030
31,19036,2,2,1, 19038
1,19046,1,1,1, 19047
9,19057,2,2,1, 19059
24,19069,1,1,1, 19070
30,19073,3,3,1, 19076
31,19076,2,2,1, 19078
24,19109,1,1,0, 19110
30,19113,3,3,1, 19116
25,19115,2,2,1, 19117
31,19116,2,2,1, 19118
6,19130,2,2,1, 19132
7,19132,1,1,1, 19133
8,19136,1,1,0, 19137
17,19139,3,3,1, 19142
24,19149,1,1,0, 19150
25,19155,2,2,1, 19157
7,19172,1,1,1, 19173
8,19176,1,1,1, 19177
24,19189,1,1,0, 19190
1,19206,1,1,1, 19207
7,19212,1,1,1, 19213
8,19216,1,1,1, 19217
9,19217,2,2,1, 19219
24,19229,1,1,1, 19230
25,19235,2,2,1, 19237
1,19246,1,1,0, 19247
7,19252,1,1,0, 19253
8,19256,1,1,1, 19257
24,19269,1,1,0, 19270
6,19290,2,2,1, 19292
7,19292,1,1,0, 19293
24,19309,1,1,0, 19310
6,19330,2,2,1, 19332
7,19332,1,1,1, 19333
24,19349,1,1,1, 19350
1,19366,1,1,0, 19367
6,19370,2,2,1, 19372
7,19372,1,1,1, 19373
8,19376,1,1,1, 19377
17,19379,3,3,1, 19382
24,19389,1,1,0, 19390
25,19395,2,2,1, 19397
8,19416,1,1,1, 19417
9,19417,2,2,1, 19419
24,19429,1,1,1, 19430
25,19435,2,2,1, 19437
8,19456,1,1,0, 19457
24,19469,1,1,0, 19470
25,19475,2,2,1, 19477
1,19486,1,1,1, 19487
7,19492,1,1,1, 19493
8,19496,1,1,1, 19497
16,19499,2,2,1, 19501
14,19499,3,3,1, 19502
17,19499,3,3,1, 19502
25,19515,2,2,1, 19517
31,19516,2,2,1, 19518
2,19523,2,2,1, 19525
1,19526,1,1,1, 19527
7,19532,1,1,0, 19533
31,19556,2,2,1, 19558
2,19563,2,2,1, 19565
1,19566,1,1,1, 19567
7,19572,1,1,1, 19573
8,19576,1,1,1, 19577
17,19579,3,3,1, 19582
24,19589,1,1,0, 19590
2,19603,2,2,1, 19605
1,19606,1,1,0, 19607
6,19610,2,2,1, 19612
7,19612,1,1,0, 19613
8,19616,1,1,0, 19617
24,19629,1,1,1, 19630
25,19635,2,2,1, 19637
24,19669,1,1,0, 19670
25,19675,2,2,1, 19677
24,19709,1,1,0, 19710
25,19715,2,2,1, 19717
1,19726,1,1,0, 19727
7,19732,1,1,0, 19733
8,19736,1,1,1, 19737
9,19737,2,2,1, 19739
1,19766,1,1,0, 19767
8,19776,1,1,0, 19777
9,19777,2,2,1, 19779
1,19806,1,1,1, 19807
8,19816,1,1,0, 19817
9,19817,2,2,1, 19819
2,19843,2,2,1, 19845
1,19846,1,1,0, 19847
6,19850,2,2,1, 19852
7,19852,1,1,0, 19853
8,19856,1,1,1, 19857
16,19859,2,2,1, 19861
14,19859,3,3,1, 19862
17,19859,3,3,1, 19862
24,19869,1,1,1, 19870
24,19909,1,1,0, 19910
24,19949,1,1,0, 19950
1,19966,1,1,1, 19967
7,19972,1,1,1, 19973
8,19976,1,1,1, 19977
9,19977,2,2,1, 19979
16,19979,2,2,1, 19981
17,19979,3,3,1, 19982
24,19989,1,1,0, 19990
1,20006,1,1,0, 20007
7,20012,1,1,1, 20013
24,20029,1,1,0, 20030
30,20033,3,3,1, 20036
7,20052,1,1,0, 20053
8,20056,1,1,0, 20057
16,20059,2,2,1, 20061
24,20069,1,1,1, 20070
7,20092,1,1,0, 20093
8,20096,1,1,0, 20097
16,20099,2,2,1, 20101
24,20109,1,1,0, 20110
25,20115,2,2,1, 20117
8,20136,1,1,0, 20137
15,20141,2,2,1, 20143
24,20149,1,1,1, 20150
31,20156,2,2,1, 20158
1,20166,1,1,1, 20167
9,20177,2,2,1, 20179
1,20206,1,1,1, 20207
5,20207,3,3,1, 20210
7,20212,1,1,1, 20213
9,20217,2,2,1, 20219
14,20219,3,3,1, 20222
31,20236,2,2,1, 20238
2,20243,2,2,1, 20245
1,20246,1,1,1, 20247
7,20252,1,1,0, 20253
24,20269,1,1,1, 20270
23,20268,3,3,1, 20271
30,20273,3,3,1, 20276
31,20276,2,2,1, 20278
7,20292,1,1,1, 20293
8,20296,1,1,0, 20297
5,20327,3,3,1, 20330
6,20330,2,2,1, 20332
7,20332,1,1,0, 20333
8,20336,1,1,0, 20337
23,20348,3,3,1, 20351
30,20353,3,3,1, 20356
5,20367,3,3,1, 20370
6,20370,2,2,1, 20372
7,20372,1,1,0, 20373
8,20376,1,1,0, 20377
15,20381,2,2,1, 20383
24,20389,1,1,0, 20390
2,20403,2,2,1, 20405
1,20406,1,1,0, 20407
24,20429,1,1,1, 20430
31,20436,2,2,1, 20438
1,20446,1,1,1, 20447
24,20469,1,1,1, 20470
31,20476,2,2,1, 20478
1,20486,1,1,0, 20487
24,20509,1,1,0, 20510
23,20508,3,3,1, 20511
30,20513,3,5,1, 20518
7,20532,1,1,1, 20533
8,20536,1,1,0, 20537
24,20549,1,1,0, 20550
7,20572,1,1,0, 20573
8,20576,1,1,0, 20577
24,20589,1,1,0, 20590
30,20593,3,3,1, 20596
6,20610,2,2,1, 20612
7,20612,1,1,1, 20613
8,20616,1,1,0, 20617
24,20629,1,1,1, 20630
30,20633,3,3,1, 20636
31,20636,2,2,1, 20638
1,20646,1,1,0, 20647
7,20652,1,1,1, 20653
8,20656,1,1,0, 20657
9,20657,2,2,1, 20659
24,20669,1,1,1, 20670
25,20675,2,2,1, 20677
1,20686,1,1,0, 20687
7,20692,1,1,0, 20693
8,20696,1,1,1, 20697
24,20709,1,1,1, 20710
7,20732,1,1,1, 20733
8,20736,1,1,0, 20737
24,20749,1,1,1, 20750
23,20748,3,3,1, 20751
30,20753,3,3,1, 20756
25,20755,2,2,1, 20757
31,20756,2,2,1, 20758
7,20772,1,1,0, 20773
31,20796,2,2,1, 20798
1,20806,1,1,0, 20807
5,20807,3,3,1, 20810
6,20810,2,2,1, 20812
7,20812,1,1,1, 20813
9,20817,2,2,1, 20819
25,20835,2,2,1, 20837
2,20843,2,2,1, 20845
1,20846,1,1,0, 20847
5,20847,3,3,1, 20850
7,20852,1,1,1, 20853
9,20857,2,2,1, 20859
24,20869,1,1,0, 20870
31,20876,2,2,1, 20878
8,20896,1,1,0, 20897
24,20909,1,1,0, 20910
8,20936,1,1,0, 20937
24,20949,1,1,0, 20950
8,20976,1,1,0, 20977
24,20989,1,1,0, 20990
30,20993,3,3,1, 20996
2,21003,2,2,1, 21005
1,21006,1,1,0, 21007
7,21012,1,1,1, 21013
24,21029,1,1,1, 21030
1,21046,1,1,0, 21047
7,21052,1,1,1, 21053
9,21057,2,2,1, 21059
24,21069,1,1,1, 21070
2,21083,2,2,1, 21085
1,21086,1,1,0, 21087
7,21092,1,1,0, 21093
9,21097,2,2,1, 21099
24,21109,1,1,0, 21110
30,21113,3,3,1, 21116
7,21132,1,1,1, 21133
8,21136,1,1,1, 21137
15,21141,2,2,1, 21143
24,21149,1,1,0, 21150
23,21148,3,3,1, 21151
7,21172,1,1,1, 21173
8,21176,1,1,1, 21177
9,21177,2,2,1, 21179
24,21189,1,1,1, 21190
25,21195,2,2,1, 21197
7,21212,1,1,1, 21213
24,21229,1,1,0, 21230
25,21235,2,2,1, 21237
31,21236,2,2,1, 21238
2,21243,2,2,1, 21245
1,21246,1,1,1, 21247
8,21256,1,1,1, 21257
24,21269,1,1,1, 21270
1,21286,1,1,0, 21287
8,21296,1,1,1, 21297
24,21309,1,1,1, 21310
31,21316,2,2,1, 21318
8,21336,1,1,0, 21337
24,21349,1,1,1, 21350
23,21348,3,3,1, 21351
30,21353,3,3,1, 21356
7,21372,1,1,1, 21373
24,21389,1,1,1, 21390
30,21393,3,3,1, 21396
1,21406,1,1,1, 21407
7,21412,1,1,0, 21413
24,21429,1,1,0, 21430
25,21435,2,2,1, 21437
1,21446,1,1,0, 21447
7,21452,1,1,1, 21453
24,21469,1,1,0, 21470
30,21473,3,3,1, 21476
31,21476,2,2,1, 21478
7,21492,1,1,0, 21493
8,21496,1,1,1, 21497
24,21509,1,1,0, 21510
25,21515,2,2,1, 21517
7,21532,1,1,1, 21533
8,21536,1,1,1, 21537
24,21549,1,1,0, 21550
7,21572,1,1,0, 21573
8,21576,1,1,0, 21577
24,21589,1,1,1, 21590
23,21588,3,3,1, 21591
30,21593,3,3,1, 21596
1,21606,1,1,1, 21607
7,21612,1,1,0, 21613
9,21617,2,2,1, 21619
15,21621,2,2,1, 21623
24,21629,1,1,0, 21630
30,21633,3,3,1, 21636
2,21643,2,2,1, 21645
1,21646,1,1,1, 21647
5,21647,3,3,1, 21650
7,21652,1,1,1, 21653
24,21669,1,1,0, 21670
23,21668,3,3,1, 21671
2,21683,2,2,1, 21685
1,21686,1,1,0, 21687
7,21692,1,1,1, 21693
9,21697,2,2,1, 21699
24,21709,1,1,1, 21710
30,21713,3,3,1, 21716
8,21736,1,1,0, 21737
9,21737,2,2,1, 21739
24,21749,1,1,1, 21750
8,21776,1,1,0, 21777
24,21789,1,1,1, 21790
25,21795,2,2,1, 21797
8,21816,1,1,1, 21817
24,21829,1,1,0, 21830
31,21836,2,2,1, 21838
1,21846,1,1,0, 21847
5,21847,3,3,1, 21850
7,21852,1,1,0, 21853
30,21873,3,3,1, 21876
25,21875,2,2,1, 21877
31,21876,2,2,1, 21878
2,21883,2,2,1, 21885
1,21886,1,1,1, 21887
7,21892,1,1,0, 21893
9,21897,2,2,1, 21899
30,21913,3,3,1, 21916
31,21916,2,2,1, 21918
7,21932,1,1,0, 21933
24,21949,1,1,1, 21950
23,21948,3,3,1, 21951
8,21976,1,1,1, 21977
24,21989,1,1,0, 21990
25,21995,2,2,1, 21997
1,22006,1,1,1, 22007
8,22016,1,1,0, 22017
24,22029,1,1,0, 22030
1,22046,1,1,0, 22047
8,22056,1,1,1, 22057
24,22069,1,1,1, 22070
23,22068,3,3,1, 22071
31,22076,2,2,1, 22078
1,22086,1,1,1, 22087
8,22096,1,1,1, 22097
24,22109,1,1,0, 22110
25,22115,2,2,1, 22117
1,22126,1,1,1, 22127
8,22136,1,1,0, 22137
24,22149,1,1,0, 22150
23,22148,3,3,1, 22151
8,22176,1,1,1, 22177
24,22189,1,1,0, 22190
31,22196,2,2,1, 22198
7,22212,1,1,0, 22213
8,22216,1,1,1, 22217
9,22217,2,2,1, 22219
24,22229,1,1,1, 22230
1,22246,1,1,0, 22247
5,22247,3,3,1, 22250
7,22252,1,1,0, 22253
8,22256,1,1,1, 22257
14,22259,3,3,1, 22262
24,22269,1,1,0, 22270
2,22283,2,2,1, 22285
1,22286,1,1,0, 22287
7,22292,1,1,1, 22293
24,22309,1,1,0, 22310
25,22315,2,2,1, 22317
7,22332,1,1,0, 22333
8,22336,1,1,0, 22337
15,22341,2,2,1, 22343
23,22348,3,3,1, 22351
7,22372,1,1,1, 22373
8,22376,1,1,0, 22377
16,22379,2,2,1, 22381
23,22388,3,3,1, 22391
7,22412,1,1,0, 22413
8,22416,1,1,1, 22417
9,22417,2,2,1, 22419
16,22419,2,2,1, 22421
24,22429,1,1,0, 22430
23,22428,3,3,1, 22431
30,22433,3,3,1, 22436
1,22446,1,1,1, 22447
7,22452,1,1,1, 22453
24,22469,1,1,0, 22470
23,22468,3,3,1, 22471
31,22476,2,2,1, 22478
1,22486,1,1,0, 22487
6,22490,2,2,1, 22492
7,22492,1,1,1, 22493
15,22501,2,2,1, 22503
24,22509,1,1,0, 22510
23,22508,3,3,1, 22511
30,22513,3,3,1, 22516
1,22526,1,1,0, 22527
7,22532,1,1,1, 22533
24,22549,1,1,1, 22550
30,22553,3,3,1, 22556
2,22563,2,2,1, 22565
1,22566,1,1,1, 22567
7,22572,1,1,1, 22573
15,22581,2,2,1, 22583
24,22589,1,1,1, 22590
23,22588,3,3,1, 22591
25,22595,2,2,1, 22597
1,22606,1,1,0, 22607
7,22612,1,1,0, 22613
8,22616,1,1,1, 22617
24,22629,1,1,0, 22630
2,22643,2,2,1, 22645
1,22646,1,1,0, 22647
8,22656,1,1,0, 22657
24,22669,1,1,1, 22670
31,22676,2,2,1, 22678
8,22696,1,1,1, 22697
9,22697,2,2,1, 22699
24,22709,1,1,0, 22710
31,22716,2,2,1, 22718
7,22732,1,1,1, 22733
8,22736,1,1,0, 22737
24,22749,1,1,1, 22750
7,22772,1,1,1, 22773
24,22789,1,1,1, 22790
2,22803,2,2,1, 22805
1,22806,1,1,1, 22807
7,22812,1,1,0, 22813
9,22817,2,2,1, 22819
24,22829,1,1,0, 22830
1,22846,1,1,0, 22847
5,22847,3,3,1, 22850
7,22852,1,1,1, 22853
8,22856,1,1,1, 22857
14,22859,3,3,1, 22862
17,22859,3,3,1, 22862
24,22869,1,1,1, 22870
2,22883,2,2,1, 22885
1,22886,1,1,1, 22887
24,22909,1,1,1, 22910
1,22926,1,1,0, 22927
9,22937,2,2,1, 22939
24,22949,1,1,1, 22950
1,22966,1,1,0, 22967
7,22972,1,1,0, 22973
8,22976,1,1,1, 22977
9,22977,2,2,1, 22979
16,22979,2,2,1, 22981
14,22979,3,3,1, 22982
24,22989,1,1,0, 22990
24,23029,1,1,0, 23030
24,23069,1,1,1, 23070
25,23075,2,2,1, 23077
1,23086,1,1,0, 23087
5,23087,3,3,1, 23090
7,23092,1,1,0, 23093
8,23096,1,1,1, 23097
9,23097,2,2,1, 23099
17,23099,3,3,1, 23102
24,23109,1,1,1, 23110
1,23126,1,1,0, 23127
24,23149,1,1,1, 23150
8,23176,1,1,1, 23177
9,23177,2,2,1, 23179
15,23181,2,2,1, 23183
24,23189,1,1,0, 23190
7,23212,1,1,1, 23213
8,23216,1,1,1, 23217
16,23219,2,2,1, 23221
17,23219,3,3,1, 23222
7,23252,1,1,0, 23253
1,23286,1,1,1, 23287
7,23292,1,1,0, 23293
8,23296,1,1,1, 23297
25,23315,2,2,1, 23317
2,23323,2,2,1, 23325
1,23326,1,1,0, 23327
7,23332,1,1,0, 23333
8,23336,1,1,0, 23337
17,23339,3,3,1, 23342
24,23349,1,1,1, 23350
24,23389,1,1,1, 23390
24,23429,1,1,1, 23430
25,23435,2,2,1, 23437
1,23446,1,1,0, 23447
7,23452,1,1,0, 23453
8,23456,1,1,0, 23457
9,23457,2,2,1, 23459
16,23459,2,2,1, 23461
17,23459,3,3,1, 23462
24,23469,1,1,1, 23470
25,23475,2,2,1, 23477
2,23483,2,2,1, 23485
1,23486,1,1,1, 23487
24,23509,1,1,1, 23510
25,23515,2,2,1, 23517
7,23532,1,1,0, 23533
8,23536,1,1,1, 23537
9,23537,2,2,1, 23539
23,23548,3,3,1, 23551
30,23553,3,3,1, 23556
7,23572,1,1,1, 23573
8,23576,1,1,0, 23577
9,23577,2,2,1, 23579
14,23579,3,3,1, 23582
24,23629,1,1,1, 23630
25,23635,2,2,1, 23637
1,23646,1,1,0, 23647
9,23657,2,2,1, 23659
15,23661,2,4,1, 23665
24,23669,1,1,0, 23670
23,23668,3,3,1, 23671
31,23676,2,2,1, 23678
1,23686,1,1,0, 23687
7,23692,1,1,1, 23693
24,23709,1,1,0, 23710
2,23723,2,2,1, 23725
1,23726,1,1,0, 23727
7,23732,1,1,1, 23733
9,23737,2,2,1, 23739
24,23749,1,1,0, 23750
25,23755,2,2,1, 23757
6,23770,2,2,1, 23772
7,23772,1,1,0, 23773
8,23776,1,1,1, 23777
24,23789,1,1,0, 23790
25,23795,2,2,1, 23797
6,23810,2,2,1, 23812
7,23812,1,1,0, 23813
8,23816,1,1,1, 23817
24,23829,1,1,1, 23830
7,23852,1,1,1, 23853
8,23856,1,1,0, 23857
24,23869,1,1,0, 23870
30,23873,3,3,1, 23876
25,23875,2,2,1, 23877
2,23883,2,2,1, 23885
1,23886,1,1,0, 23887
7,23892,1,1,1, 23893
8,23896,1,1,0, 23897
24,23909,1,1,1, 23910
2,23923,2,2,1, 23925
1,23926,1,1,1, 23927
7,23932,1,1,0, 23933
8,23936,1,1,1, 23937
9,23937,2,2,1, 23939
24,23949,1,1,1, 23950
25,23955,2,2,1, 23957
6,23970,2,2,1, 23972
7,23972,1,1,0, 23973
8,23976,1,1,1, 23977
9,23977,2,2,1, 23979
24,23989,1,1,1, 23990
30,23993,3,3,1, 23996
6,24010,2,2,1, 24012
7,24012,1,1,0, 24013
1,24046,1,1,0, 24047
7,24052,1,1,0, 24053
25,24075,2,2,1, 24077
1,24086,1,1,0, 24087
6,24090,2,2,1, 24092
7,24092,1,1,0, 24093
24,24109,1,1,1, 24110
23,24108,3,3,1, 24111
25,24115,2,2,1, 24117
1,24126,1,1,1, 24127
8,24136,1,1,1, 24137
24,24149,1,1,0, 24150
25,24155,2,2,1, 24157
1,24166,1,1,1, 24167
8,24176,1,1,1, 24177
24,24189,1,1,0, 24190
25,24195,2,2,1, 24197
8,24216,1,1,0, 24217
24,24229,1,1,1, 24230
7,24252,1,1,1, 24253
8,24256,1,1,1, 24257
9,24257,2,2,1, 24259
24,24269,1,1,1, 24270
31,24276,2,2,1, 24278
1,24286,1,1,0, 24287
7,24292,1,1,0, 24293
8,24296,1,1,1, 24297
24,24309,1,1,1, 24310
2,24323,2,2,1, 24325
1,24326,1,1,1, 24327
7,24332,1,1,1, 24333
8,24336,1,1,0, 24337
9,24337,2,2,1, 24339
24,24349,1,1,1, 24350
23,24348,3,3,1, 24351
31,24356,2,2,1, 24358
1,24366,1,1,1, 24367
24,24389,1,1,1, 24390
1,24406,1,1,0, 24407
24,24429,1,1,0, 24430
25,24435,2,2,1, 24437
24,24469,1,1,1, 24470
30,24473,3,3,1, 24476
25,24475,2,2,1, 24477
31,24476,2,2,1, 24478
6,24490,2,2,1, 24492
7,24492,1,1,1, 24493
8,24496,1,1,1, 24497
1,24526,1,1,0, 24527
6,24530,2,2,1, 24532
7,24532,1,1,0, 24533
8,24536,1,1,0, 24537
2,24563,2,2,1, 24565
1,24566,1,1,0, 24567
6,24570,2,2,1, 24572
7,24572,1,1,0, 24573
8,24576,1,1,0, 24577
24,24589,1,1,0, 24590
25,24595,2,2,1, 24597
2,24603,2,2,1, 24605
1,24606,1,1,0, 24607
7,24612,1,1,1, 24613
8,24616,1,1,0, 24617
9,24617,2,2,1, 24619
24,24629,1,1,1, 24630
23,24628,3,3,1, 24631
25,24635,2,2,1, 24637
2,24643,2,2,1, 24645
1,24646,1,1,1, 24647
7,24652,1,1,1, 24653
8,24656,1,1,0, 24657
24,24669,1,1,1, 24670
25,24675,2,2,1, 24677
6,24690,2,2,1, 24692
7,24692,1,1,1, 24693
8,24696,1,1,1, 24697
9,24697,2,2,1, 24699
24,24709,1,1,1, 24710
1,24766,1,1,1, 24767
1,24806,1,1,1, 24807
24,24829,1,1,0, 24830
30,24833,3,3,1, 24836
2,24843,2,2,1, 24845
1,24846,1,1,0, 24847
7,24852,1,1,1, 24853
8,24856,1,1,1, 24857
9,24857,2,2,1, 24859
24,24869,1,1,0, 24870
1,24886,1,1,0, 24887
7,24892,1,1,0, 24893
8,24896,1,1,1, 24897
24,24909,1,1,1, 24910
1,24926,1,1,1, 24927
7,24932,1,1,0, 24933
8,24936,1,1,1, 24937
9,24937,2,2,1, 24939
24,24949,1,1,1, 24950
31,24956,2,2,1, 24958
7,24972,1,1,1, 24973
24,24989,1,1,1, 24990
25,24995,2,2,1, 24997
6,25010,2,2,1, 25012
7,25012,1,1,1, 25013
24,25029,1,1,0, 25030
25,25035,2,2,1, 25037
7,25052,1,1,1, 25053
15,25061,2,2,1, 25063
24,25069,1,1,1, 25070
30,25073,3,3,1, 25076
25,25075,2,2,1, 25077
1,25086,1,1,1, 25087
8,25096,1,1,1, 25097
25,25115,2,2,1, 25117
2,25123,2,2,1, 25125
1,25126,1,1,1, 25127
8,25136,1,1,0, 25137
1,25166,1,1,0, 25167
8,25176,1,1,0, 25177
24,25189,1,1,0, 25190
23,25188,3,3,1, 25191
25,25195,2,2,1, 25197
7,25212,1,1,0, 25213
8,25216,1,1,1, 25217
9,25217,2,2,1, 25219
24,25229,1,1,0, 25230
7,25252,1,1,1, 25253
8,25256,1,1,1, 25257
9,25257,2,2,1, 25259
24,25269,1,1,0, 25270
6,25290,2,2,1, 25292
7,25292,1,1,1, 25293
8,25296,1,1,0, 25297
24,25309,1,1,0, 25310
23,25308,3,3,1, 25311
2,25323,2,2,1, 25325
1,25326,1,1,1, 25327
8,25336,1,1,1, 25337
24,25349,1,1,1, 25350
2,25363,2,2,1, 25365
1,25366,1,1,1, 25367
8,25376,1,1,1, 25377
24,25389,1,1,0, 25390
2,25403,2,2,1, 25405
1,25406,1,1,0, 25407
8,25416,1,1,1, 25417
9,25417,2,2,1, 25419
24,25429,1,1,0, 25430
23,25428,3,3,1, 25431
31,25436,2,2,1, 25438
7,25452,1,1,0, 25453
15,25461,2,2,1, 25463
24,25469,1,1,1, 25470
23,25468,3,3,1, 25471
25,25475,2,2,1, 25477
7,25492,1,1,1, 25493
24,25509,1,1,0, 25510
23,25508,3,3,1, 25511
7,25532,1,1,0, 25533
24,25549,1,1,1, 25550
30,25553,3,3,1, 25556
25,25555,2,2,1, 25557
31,25556,2,2,1, 25558
1,25566,1,1,1, 25567
8,25576,1,1,0, 25577
24,25589,1,1,0, 25590
2,25603,2,2,1, 25605
1,25606,1,1,1, 25607
8,25616,1,1,0, 25617
24,25629,1,1,1, 25630
2,25643,2,2,1, 25645
1,25646,1,1,1, 25647
8,25656,1,1,0, 25657
24,25669,1,1,0, 25670
30,25673,3,3,1, 25676
25,25675,2,2,1, 25677
31,25676,2,2,1, 25678
1,25686,1,1,1, 25687
7,25692,1,1,1, 25693
8,25696,1,1,0, 25697
2,25723,2,2,1, 25725
1,25726,1,1,0, 25727
6,25730,2,2,1, 25732
7,25732,1,1,1, 25733
8,25736,1,1,1, 25737
6,25770,2,2,1, 25772
7,25772,1,1,1, 25773
8,25776,1,1,0, 25777
9,25777,2,2,1, 25779
24,25789,1,1,0, 25790
30,25793,3,3,1, 25796
6,25810,2,2,1, 25812
7,25812,1,1,1, 25813
8,25816,1,1,0, 25817
9,25817,2,2,1, 25819
24,25829,1,1,1, 25830
1,25846,1,1,0, 25847
7,25852,1,1,1, 25853
8,25856,1,1,1, 25857
1,25966,1,1,0, 25967
7,25972,1,1,0, 25973
8,25976,1,1,0, 25977
16,25979,2,2,1, 25981
14,25979,3,3,1, 25982
17,25979,3,3,1, 25982
24,25989,1,1,1, 25990
1,26006,1,1,1, 26007
7,26012,1,1,1, 26013
8,26016,1,1,1, 26017
24,26029,1,1,0, 26030
25,26035,2,2,1, 26037
2,26043,2,2,1, 26045
1,26046,1,1,1, 26047
7,26052,1,1,1, 26053
8,26056,1,1,0, 26057
24,26069,1,1,0, 26070
2,26083,2,2,1, 26085
1,26086,1,1,0, 26087
6,26090,2,2,1, 26092
7,26092,1,1,1, 26093
8,26096,1,1,1, 26097
16,26099,2,2,1, 26101
24,26109,1,1,1, 26110
23,26108,3,3,1, 26111
2,26123,2,2,1, 26125
1,26126,1,1,0, 26127
7,26132,1,1,1, 26133
9,26137,2,2,1, 26139
24,26149,1,1,1, 26150
25,26155,2,2,1, 26157
6,26170,2,2,1, 26172
7,26172,1,1,0, 26173
24,26189,1,1,0, 26190
25,26195,2,2,1, 26197
7,26212,1,1,0, 26213
8,26216,1,1,0, 26217
16,26219,2,2,1, 26221
24,26229,1,1,0, 26230
25,26235,2,2,1, 26237
6,26250,2,2,1, 26252
7,26252,1,1,0, 26253
8,26256,1,1,0, 26257
24,26269,1,1,0, 26270
25,26275,2,2,1, 26277
2,26283,2,2,1, 26285
1,26286,1,1,1, 26287
7,26292,1,1,1, 26293
8,26296,1,1,1, 26297
9,26297,2,2,1, 26299
24,26309,1,1,1, 26310
25,26315,2,2,1, 26317
1,26326,1,1,1, 26327
7,26332,1,1,0, 26333
8,26336,1,1,1, 26337
9,26337,2,2,1, 26339
16,26339,2,2,1, 26341
24,26349,1,1,0, 26350
25,26355,2,2,1, 26357
7,26372,1,1,0, 26373
24,26389,1,1,1, 26390
6,26410,2,2,1, 26412
7,26412,1,1,1, 26413
8,26416,1,1,0, 26417
24,26429,1,1,1, 26430
1,26446,1,1,1, 26447
7,26452,1,1,1, 26453
8,26456,1,1,0, 26457
9,26457,2,2,1, 26459
24,26469,1,1,1, 26470
25,26475,2,2,1, 26477
2,26483,2,2,1, 26485
1,26486,1,1,1, 26487
24,26509,1,1,0, 26510
23,26508,3,3,1, 26511
30,26513,3,3,1, 26516
25,26515,2,2,1, 26517
31,26516,2,2,1, 26518
6,26530,2,2,1, 26532
7,26532,1,1,0, 26533
24,26549,1,1,0, 26550
6,26570,2,2,1, 26572
7,26572,1,1,1, 26573
8,26576,1,1,0, 26577
16,26579,2,2,1, 26581
24,26589,1,1,1, 26590
6,26610,2,2,1, 26612
7,26612,1,1,1, 26613
8,26616,1,1,1, 26617
24,26629,1,1,0, 26630
30,26633,3,3,1, 26636
1,26646,1,1,1, 26647
6,26650,2,2,1, 26652
7,26652,1,1,0, 26653
8,26656,1,1,1, 26657
24,26669,1,1,1, 26670
25,26675,2,2,1, 26677
2,26683,2,2,1, 26685
1,26686,1,1,0, 26687
7,26692,1,1,1, 26693
8,26696,1,1,1, 26697
17,26699,3,3,1, 26702
24,26709,1,1,1, 26710
1,26726,1,1,0, 26727
8,26736,1,1,1, 26737
24,26749,1,1,1, 26750
25,26755,2,2,1, 26757
8,26776,1,1,0, 26777
15,26781,2,2,1, 26783
24,26789,1,1,1, 26790
7,26812,1,1,0, 26813
8,26816,1,1,0, 26817
9,26817,2,2,1, 26819
24,26829,1,1,1, 26830
6,26850,2,2,1, 26852
7,26852,1,1,0, 26853
24,26869,1,1,1, 26870
1,26886,1,1,1, 26887
6,26890,2,2,1, 26892
7,26892,1,1,0, 26893
9,26897,2,2,1, 26899
24,26909,1,1,1, 26910
2,26923,2,2,1, 26925
1,26926,1,1,0, 26927
6,26930,2,2,1, 26932
7,26932,1,1,0, 26933
8,26936,1,1,0, 26937
15,26941,2,2,1, 26943
24,26949,1,1,0, 26950
25,26955,2,2,1, 26957
24,26989,1,1,0, 26990
25,26995,2,2,1, 26997
24,27029,1,1,0, 27030
25,27035,2,2,1, 27037
1,27046,1,1,0, 27047
7,27052,1,1,0, 27053
8,27056,1,1,1, 27057
9,27057,2,2,1, 27059
16,27059,2,2,1, 27061
24,27069,1,1,0, 27070
2,27083,2,2,1, 27085
1,27086,1,1,0, 27087
6,27090,2,2,1, 27092
7,27092,1,1,0, 27093
8,27096,1,1,1, 27097
15,27101,2,2,1, 27103
24,27109,1,1,0, 27110
23,27108,3,3,1, 27111
1,27126,1,1,1, 27127
7,27132,1,1,0, 27133
8,27136,1,1,0, 27137
24,27149,1,1,0, 27150
1,27166,1,1,1, 27167
6,27170,2,2,1, 27172
7,27172,1,1,0, 27173
8,27176,1,1,0, 27177
16,27179,2,2,1, 27181
24,27189,1,1,1, 27190
6,27210,2,2,1, 27212
7,27212,1,1,1, 27213
8,27216,1,1,1, 27217
9,27217,2,2,1, 27219
24,27229,1,1,1, 27230
23,27228,3,3,1, 27231
7,27252,1,1,0, 27253
8,27256,1,1,1, 27257
9,27257,2,2,1, 27259
15,27261,2,2,1, 27263
24,27269,1,1,0, 27270
23,27268,3,3,1, 27271
25,27275,2,2,1, 27277
1,27286,1,1,0, 27287
6,27290,2,2,1, 27292
7,27292,1,1,0, 27293
8,27296,1,1,1, 27297
17,27299,3,3,1, 27302
24,27309,1,1,0, 27310
24,27349,1,1,0, 27350
25,27355,2,2,1, 27357
24,27389,1,1,1, 27390
1,27406,1,1,0, 27407
6,27410,2,2,1, 27412
7,27412,1,1,1, 27413
8,27416,1,1,0, 27417
9,27417,2,2,1, 27419
16,27419,2,2,1, 27421
17,27419,3,3,1, 27422
1,27446,1,1,1, 27447
8,27456,1,1,0, 27457
8,27496,1,1,1, 27497
9,27497,2,2,1, 27499
24,27509,1,1,0, 27510
7,27532,1,1,1, 27533
8,27536,1,1,1, 27537
9,27537,2,2,1, 27539
16,27539,2,2,1, 27541
17,27539,3,3,1, 27542
24,27549,1,1,1, 27550
24,27589,1,1,1, 27590
25,27595,2,2,1, 27597
2,27603,2,2,1, 27605
1,27606,1,1,0, 27607
24,27629,1,1,0, 27630
1,27646,1,1,0, 27647
7,27652,1,1,1, 27653
8,27656,1,1,1, 27657
16,27659,2,2,1, 27661
14,27659,3,3,1, 27662
7,27692,1,1,1, 27693
7,27732,1,1,1, 27733
8,27736,1,1,1, 27737
24,27749,1,1,0, 27750
1,27766,1,1,0, 27767
6,27770,2,2,1, 27772
7,27772,1,1,0, 27773
8,27776,1,1,0, 27777
9,27777,2,2,1, 27779
14,27779,3,3,1, 27782
24,27789,1,1,0, 27790
1,27806,1,1,0, 27807
7,27812,1,1,1, 27813
8,27816,1,1,0, 27817
24,27829,1,1,1, 27830
23,27828,3,3,1, 27831
25,27835,2,2,1, 27837
31,27836,2,2,1, 27838
1,27846,1,1,0, 27847
6,27850,2,2,1, 27852
7,27852,1,1,1, 27853
8,27856,1,1,1, 27857
2,27883,2,2,1, 27885
1,27886,1,1,1, 27887
6,27890,2,2,1, 27892
7,27892,1,1,1, 27893
8,27896,1,1,1, 27897
23,27908,3,3,1, 27911
2,27923,2,2,1, 27925
1,27926,1,1,1, 27927
6,27930,2,2,1, 27932
7,27932,1,1,1, 27933
8,27936,1,1,1, 27937
15,27941,2,2,1, 27943
23,27948,3,3,1, 27951
25,27955,2,2,1, 27957
31,27956,2,2,1, 27958
24,27989,1,1,1, 27990
31,27996,2,2,1, 27998
24,28029,1,1,0, 28030
31,28036,2,2,1, 28038
24,28069,1,1,1, 28070
25,28075,2,2,1, 28077
31,28076,2,2,1, 28078
2,28083,2,2,1, 28085
1,28086,1,1,0, 28087
6,28090,2,2,1, 28092
7,28092,1,1,1, 28093
8,28096,1,1,1, 28097
1,28126,1,1,0, 28127
7,28132,1,1,0, 28133
8,28136,1,1,1, 28137
1,28166,1,1,1, 28167
6,28170,2,2,1, 28172
7,28172,1,1,0, 28173
8,28176,1,1,1, 28177
24,28189,1,1,1, 28190
23,28188,3,3,1, 28191
30,28193,3,3,1, 28196
31,28196,2,2,1, 28198
7,28212,1,1,0, 28213
8,28216,1,1,1, 28217
9,28217,2,2,1, 28219
24,28229,1,1,1, 28230
25,28235,2,2,1, 28237
6,28250,2,2,1, 28252
7,28252,1,1,1, 28253
8,28256,1,1,1, 28257
24,28269,1,1,0, 28270
25,28275,2,2,1, 28277
6,28290,2,2,1, 28292
7,28292,1,1,0, 28293
8,28296,1,1,1, 28297
9,28297,2,2,1, 28299
24,28309,1,1,1, 28310
25,28315,2,2,1, 28317
1,28326,1,1,1, 28327
7,28332,1,1,0, 28333
9,28337,2,2,1, 28339
15,28341,2,2,1, 28343
23,28348,3,3,1, 28351
2,28363,2,2,1, 28365
1,28366,1,1,0, 28367
6,28370,2,2,1, 28372
7,28372,1,1,0, 28373
7,28412,1,1,1, 28413
15,28421,2,2,1, 28423
24,28429,1,1,1, 28430
23,28428,3,3,1, 28431
25,28435,2,2,1, 28437
8,28456,1,1,0, 28457
9,28457,2,2,1, 28459
24,28469,1,1,1, 28470
25,28475,2,2,1, 28477
1,28486,1,1,0, 28487
8,28496,1,1,1, 28497
9,28497,2,2,1, 28499
24,28509,1,1,0, 28510
2,28523,2,2,1, 28525
1,28526,1,1,0, 28527
8,28536,1,1,0, 28537
24,28549,1,1,0, 28550
2,28563,2,2,1, 28565
1,28566,1,1,0, 28567
8,28576,1,1,1, 28577
24,28589,1,1,1, 28590
23,28588,3,3,1, 28591
1,28606,1,1,1, 28607
7,28612,1,1,0, 28613
8,28616,1,1,0, 28617
16,28619,2,2,1, 28621
17,28619,3,3,1, 28622
24,28629,1,1,1, 28630
30,28633,3,3,1, 28636
25,28635,2,2,1, 28637
1,28646,1,1,0, 28647
24,28669,1,1,0, 28670
1,28686,1,1,1, 28687
8,28696,1,1,0, 28697
15,28701,2,2,1, 28703
24,28709,1,1,1, 28710
31,28716,2,2,1, 28718
1,28726,1,1,0, 28727
6,28730,2,2,1, 28732
7,28732,1,1,1, 28733
8,28736,1,1,0, 28737
14,28739,3,3,1, 28742
17,28739,3,3,1, 28742
1,28766,1,1,0, 28767
6,28770,2,2,1, 28772
7,28772,1,1,0, 28773
7,28812,1,1,0, 28813
8,28816,1,1,1, 28817
9,28817,2,2,1, 28819
24,28829,1,1,0, 28830
6,28850,2,2,1, 28852
7,28852,1,1,0, 28853
8,28856,1,1,0, 28857
9,28857,2,2,1, 28859
2,28923,2,2,1, 28925
1,28926,1,1,0, 28927
2,28963,2,2,1, 28965
1,28966,1,1,1, 28967
7,28972,1,1,1, 28973
8,28976,1,1,1, 28977
16,28979,2,2,1, 28981
14,28979,3,3,1, 28982
24,28989,1,1,1, 28990
2,29003,2,2,1, 29005
1,29006,1,1,0, 29007
7,29012,1,1,0, 29013
8,29016,1,1,0, 29017
9,29017,2,2,1, 29019
24,29029,1,1,1, 29030
30,29033,3,3,1, 29036
7,29052,1,1,0, 29053
8,29056,1,1,0, 29057
9,29057,2,2,1, 29059
24,29069,1,1,0, 29070
30,29073,3,3,1, 29076
6,29090,2,2,1, 29092
7,29092,1,1,0, 29093
8,29096,1,1,1, 29097
9,29097,2,2,1, 29099
24,29109,1,1,1, 29110
25,29115,2,2,1, 29117
24,29149,1,1,0, 29150
25,29155,2,2,1, 29157
1,29166,1,1,1, 29167
24,29189,1,1,1, 29190
1,29206,1,1,0, 29207
7,29212,1,1,1, 29213
8,29216,1,1,0, 29217
9,29217,2,2,1, 29219
16,29219,2,2,1, 29221
14,29219,3,3,1, 29222
24,29229,1,1,1, 29230
1,29246,1,1,1, 29247
6,29250,2,2,1, 29252
7,29252,1,1,0, 29253
24,29269,1,1,1, 29270
1,29286,1,1,0, 29287
6,29290,2,2,1, 29292
7,29292,1,1,0, 29293
24,29309,1,1,1, 29310
1,29326,1,1,0, 29327
7,29332,1,1,1, 29333
8,29336,1,1,0, 29337
9,29337,2,2,1, 29339
24,29349,1,1,1, 29350
30,29353,3,3,1, 29356
31,29356,2,2,1, 29358
8,29376,1,1,0, 29377
9,29377,2,2,1, 29379
24,29389,1,1,1, 29390
31,29396,2,2,1, 29398
8,29416,1,1,1, 29417
9,29417,2,2,1, 29419
24,29429,1,1,0, 29430
30,29433,3,3,1, 29436
25,29435,2,2,1, 29437
1,29446,1,1,1, 29447
7,29452,1,1,0, 29453
8,29456,1,1,0, 29457
9,29457,2,2,1, 29459
16,29459,2,2,1, 29461
2,29483,2,2,1, 29485
1,29486,1,1,1, 29487
6,29490,2,2,1, 29492
7,29492,1,1,0, 29493
9,29497,2,2,1, 29499
2,29523,2,2,1, 29525
1,29526,1,1,0, 29527
6,29530,2,2,1, 29532
7,29532,1,1,0, 29533
6,29570,2,2,1, 29572
7,29572,1,1,0, 29573
8,29576,1,1,1, 29577
9,29577,2,2,1, 29579
16,29579,2,2,1, 29581
24,29589,1,1,0, 29590
2,29603,2,2,1, 29605
1,29606,1,1,0, 29607
7,29612,1,1,1, 29613
8,29616,1,1,0, 29617
24,29629,1,1,0, 29630
1,29646,1,1,1, 29647
6,29650,2,2,1, 29652
7,29652,1,1,1, 29653
8,29656,1,1,0, 29657
9,29657,2,2,1, 29659
24,29669,1,1,1, 29670
1,29686,1,1,0, 29687
6,29690,2,2,1, 29692
7,29692,1,1,1, 29693
8,29696,1,1,1, 29697
9,29697,2,2,1, 29699
24,29709,1,1,1, 29710
24,29749,1,1,1, 29750
24,29789,1,1,1, 29790
1,29806,1,1,0, 29807
7,29812,1,1,1, 29813
8,29816,1,1,1, 29817
9,29817,2,2,1, 29819
16,29819,2,2,1, 29821
24,29829,1,1,0, 29830
25,29835,2,2,1, 29837
1,29846,1,1,1, 29847
24,29869,1,1,0, 29870
24,29909,1,1,1, 29910
6,29930,2,2,1, 29932
7,29932,1,1,0, 29933
8,29936,1,1,0, 29937
14,29939,3,3,1, 29942
24,29949,1,1,1, 29950
25,29955,2,2,1, 29957
6,29970,2,2,1, 29972
7,29972,1,1,0, 29973
8,29976,1,1,1, 29977
24,29989,1,1,0, 29990
25,29995,2,2,1, 29997
2,30003,2,2,1, 30005
1,30006,1,1,1, 30007
7,30012,1,1,1, 30013
8,30016,1,1,1, 30017
9,30017,2,2,1, 30019
24,30029,1,1,1, 30030
25,30035,2,2,1, 30037
2,30043,2,2,1, 30045
1,30046,1,1,1, 30047
6,30050,2,2,1, 30052
7,30052,1,1,0, 30053
8,30056,1,1,1, 30057
9,30057,2,2,1, 30059
24,30069,1,1,1, 30070
24,30109,1,1,1, 30110
25,30115,2,2,1, 30117
24,30149,1,1,0, 30150
1,30166,1,1,0, 30167
7,30172,1,1,1, 30173
8,30176,1,1,0, 30177
16,30179,2,2,1, 30181
24,30189,1,1,0, 30190
2,30203,2,2,1, 30205
1,30206,1,1,1, 30207
7,30212,1,1,0, 30213
24,30229,1,1,1, 30230
2,30243,2,2,1, 30245
1,30246,1,1,1, 30247
7,30252,1,1,1, 30253
24,30269,1,1,0, 30270
1,30286,1,1,1, 30287
6,30290,2,2,1, 30292
7,30292,1,1,0, 30293
8,30296,1,1,0, 30297
9,30297,2,2,1, 30299
16,30299,2,2,1, 30301
14,30299,3,3,1, 30302
24,30309,1,1,1, 30310
25,30315,2,2,1, 30317
6,30330,2,2,1, 30332
7,30332,1,1,0, 30333
24,30349,1,1,1, 30350
25,30355,2,2,1, 30357
6,30370,2,2,1, 30372
7,30372,1,1,0, 30373
24,30389,1,1,1, 30390
25,30395,2,2,1, 30397
1,30406,1,1,0, 30407
7,30412,1,1,0, 30413
8,30416,1,1,0, 30417
16,30419,2,2,1, 30421
14,30419,3,3,1, 30422
24,30429,1,1,1, 30430
2,30443,2,2,1, 30445
1,30446,1,1,1, 30447
8,30456,1,1,0, 30457
24,30469,1,1,0, 30470
25,30475,2,2,1, 30477
2,30483,2,2,1, 30485
1,30486,1,1,1, 30487
7,30492,1,1,1, 30493
8,30496,1,1,0, 30497
24,30509,1,1,0, 30510
1,30526,1,1,0, 30527
7,30532,1,1,0, 30533
8,30536,1,1,0, 30537
9,30537,2,2,1, 30539
16,30539,2,2,1, 30541
14,30539,3,3,1, 30542
15,30541,2,2,1, 30543
24,30549,1,1,1, 30550
2,30563,2,2,1, 30565
1,30566,1,1,0, 30567
6,30570,2,2,1, 30572
7,30572,1,1,0, 30573
8,30576,1,1,0, 30577
24,30589,1,1,1, 30590
25,30595,2,2,1, 30597
6,30610,2,2,1, 30612
7,30612,1,1,0, 30613
8,30616,1,1,0, 30617
24,30629,1,1,1, 30630
23,30628,3,3,1, 30631
6,30650,2,2,1, 30652
7,30652,1,1,0, 30653
8,30656,1,1,0, 30657
16,30659,2,2,1, 30661
24,30669,1,1,0, 30670
24,30709,1,1,0, 30710
25,30715,2,2,1, 30717
2,30723,2,2,1, 30725
1,30726,1,1,0, 30727
9,30737,2,2,1, 30739
24,30749,1,1,1, 30750
1,30766,1,1,0, 30767
6,30770,2,2,1, 30772
7,30772,1,1,0, 30773
8,30776,1,1,1, 30777
16,30779,2,2,1, 30781
14,30779,3,3,1, 30782
24,30789,1,1,1, 30790
1,30806,1,1,1, 30807
7,30812,1,1,1, 30813
9,30817,2,2,1, 30819
24,30829,1,1,0, 30830
2,30843,2,2,1, 30845
1,30846,1,1,1, 30847
6,30850,2,2,1, 30852
7,30852,1,1,1, 30853
16,30859,2,2,1, 30861
24,30869,1,1,1, 30870
1,30886,1,1,1, 30887
6,30890,2,2,1, 30892
7,30892,1,1,1, 30893
24,30909,1,1,1, 30910
2,30923,2,2,1, 30925
1,30926,1,1,0, 30927
8,30936,1,1,0, 30937
24,30949,1,1,1, 30950
25,30955,2,2,1, 30957
8,30976,1,1,1, 30977
9,30977,2,2,1, 30979
24,30989,1,1,0, 30990
25,30995,2,2,1, 30997
7,31012,1,1,1, 31013
8,31016,1,1,1, 31017
9,31017,2,2,1, 31019
16,31019,2,2,1, 31021
24,31029,1,1,0, 31030
25,31035,2,2,1, 31037
7,31052,1,1,1, 31053
24,31069,1,1,1, 31070
25,31075,2,2,1, 31077
1,31086,1,1,0, 31087
6,31090,2,2,1, 31092
7,31092,1,1,1, 31093
9,31097,2,2,1, 31099
24,31109,1,1,1, 31110
1,31126,1,1,0, 31127
7,31132,1,1,1, 31133
8,31136,1,1,1, 31137
9,31137,2,2,1, 31139
24,31149,1,1,0, 31150
7,31172,1,1,1, 31173
8,31176,1,1,0, 31177
24,31189,1,1,1, 31190
6,31210,2,2,1, 31212
7,31212,1,1,1, 31213
8,31216,1,1,0, 31217
9,31217,2,2,1, 31219
24,31229,1,1,0, 31230
1,31246,1,1,0, 31247
6,31250,2,2,1, 31252
7,31252,1,1,0, 31253
8,31256,1,1,0, 31257
14,31259,3,3,1, 31262
24,31269,1,1,0, 31270
25,31275,2,2,1, 31277
2,31283,2,2,1, 31285
1,31286,1,1,1, 31287
24,31309,1,1,1, 31310
25,31315,2,2,1, 31317
8,31336,1,1,0, 31337
24,31349,1,1,1, 31350
7,31372,1,1,0, 31373
8,31376,1,1,0, 31377
16,31379,2,2,1, 31381
14,31379,3,3,1, 31382
24,31389,1,1,0, 31390
25,31395,2,2,1, 31397
6,31410,2,2,1, 31412
7,31412,1,1,0, 31413
24,31429,1,1,0, 31430
2,31443,2,2,1, 31445
1,31446,1,1,1, 31447
6,31450,2,2,1, 31452
7,31452,1,1,1, 31453
9,31457,2,2,1, 31459
24,31469,1,1,1, 31470
2,31483,2,2,1, 31485
1,31486,1,1,0, 31487
6,31490,2,2,1, 31492
7,31492,1,1,0, 31493
8,31496,1,1,0, 31497
9,31497,2,2,1, 31499
24,31509,1,1,0, 31510
1,31526,1,1,1, 31527
9,31537,2,2,1, 31539
24,31549,1,1,0, 31550
25,31555,2,2,1, 31557
2,31563,2,2,1, 31565
24,31589,1,1,0, 31590
25,31595,2,2,1, 31597
7,31612,1,1,0, 31613
8,31616,1,1,1, 31617
9,31617,2,2,1, 31619
16,31619,2,2,1, 31621
24,31629,1,1,0, 31630
25,31635,2,2,1, 31637
7,31652,1,1,1, 31653
8,31656,1,1,0, 31657
24,31669,1,1,1, 31670
25,31675,2,2,1, 31677
1,31686,1,1,1, 31687
6,31690,2,2,1, 31692
7,31692,1,1,0, 31693
8,31696,1,1,1, 31697
24,31709,1,1,1, 31710
25,31715,2,2,1, 31717
2,31723,2,2,1, 31725
1,31726,1,1,1, 31727
6,31730,2,2,1, 31732
7,31732,1,1,0, 31733
8,31736,1,1,0, 31737
24,31749,1,1,0, 31750
25,31755,2,2,1, 31757
8,31776,1,1,1, 31777
9,31777,2,2,1, 31779
24,31789,1,1,1, 31790
8,31816,1,1,1, 31817
9,31817,2,2,1, 31819
24,31829,1,1,1, 31830
1,31846,1,1,0, 31847
7,31852,1,1,0, 31853
8,31856,1,1,0, 31857
9,31857,2,2,1, 31859
16,31859,2,2,1, 31861
14,31859,3,3,1, 31862
25,31875,2,2,1, 31877
2,31883,2,2,1, 31885
1,31886,1,1,0, 31887
1,31926,1,1,1, 31927
7,31932,1,1,1, 31933
8,31936,1,1,1, 31937
9,31937,2,2,1, 31939
1,31966,1,1,0, 31967
7,31972,1,1,1, 31973
8,31976,1,1,1, 31977
9,31977,2,2,1, 31979
14,31979,3,3,1, 31982
24,31989,1,1,0, 31990
25,31995,2,2,1, 31997
24,32029,1,1,0, 32030
24,32069,1,1,0, 32070
1,32086,1,1,0, 32087
6,32090,2,2,1, 32092
7,32092,1,1,1, 32093
8,32096,1,1,0, 32097
16,32099,2,2,1, 32101
24,32109,1,1,0, 32110
1,32126,1,1,0, 32127
8,32136,1,1,1, 32137
24,32149,1,1,0, 32150
1,32166,1,1,0, 32167
8,32176,1,1,1, 32177
9,32177,2,2,1, 32179
24,32189,1,1,0, 32190
1,32206,1,1,1, 32207
6,32210,2,2,1, 32212
7,32212,1,1,0, 32213
8,32216,1,1,0, 32217
16,32219,2,2,1, 32221
24,32229,1,1,1, 32230
2,32243,2,2,1, 32245
1,32246,1,1,0, 32247
24,32269,1,1,0, 32270
24,32309,1,1,0, 32310
25,32315,2,2,1, 32317
6,32330,2,2,1, 32332
7,32332,1,1,1, 32333
8,32336,1,1,0, 32337
24,32349,1,1,1, 32350
7,32372,1,1,0, 32373
8,32376,1,1,1, 32377
9,32377,2,2,1, 32379
24,32389,1,1,1, 32390
2,32403,2,2,1, 32405
1,32406,1,1,0, 32407
6,32410,2,2,1, 32412
7,32412,1,1,1, 32413
8,32416,1,1,1, 32417
24,32429,1,1,0, 32430
1,32446,1,1,1, 32447
7,32452,1,1,1, 32453
8,32456,1,1,0, 32457
9,32457,2,2,1, 32459
16,32459,2,2,1, 32461
24,32469,1,1,1, 32470
2,32483,2,2,1, 32485
1,32486,1,1,1, 32487
24,32509,1,1,0, 32510
25,32515,2,2,1, 32517
2,32523,2,2,1, 32525
1,32526,1,1,0, 32527
8,32536,1,1,1, 32537
24,32549,1,1,0, 32550
1,32566,1,1,0, 32567
6,32570,2,2,1, 32572
7,32572,1,1,0, 32573
8,32576,1,1,1, 32577
14,32579,3,3,1, 32582
24,32589,1,1,0, 32590
1,32606,1,1,1, 32607
8,32616,1,1,1, 32617
16,32619,2,2,1, 32621
24,32629,1,1,0, 32630
8,32656,1,1,0, 32657
9,32657,2,2,1, 32659
24,32669,1,1,0, 32670
7,32692,1,1,0, 32693
8,32696,1,1,1, 32697
14,32699,3,3,1, 32702
24,32709,1,1,0, 32710
7,32732,1,1,1, 32733
24,32749,1,1,1, 32750
1,32766,1,1,0, 32767
7,32772,1,1,0, 32773
8,32776,1,1,0, 32777
9,32777,2,2,1, 32779
24,32789,1,1,0, 32790
25,32795,2,2,1, 32797
1,32806,1,1,1, 32807
7,32812,1,1,1, 32813
8,32816,1,1,1, 32817
24,32829,1,1,0, 32830
25,32835,2,2,1, 32837
24,32869,1,1,0, 32870
25,32875,2,2,1, 32877
6,32890,2,2,1, 32892
7,32892,1,1,0, 32893
8,32896,1,1,1, 32897
16,32899,2,2,1, 32901
15,32901,2,2,1, 32903
24,32909,1,1,1, 32910
1,32926,1,1,0, 32927
7,32932,1,1,0, 32933
8,32936,1,1,0, 32937
9,32937,2,2,1, 32939
16,32939,2,2,1, 32941
24,32949,1,1,0, 32950
2,32963,2,2,1, 32965
1,32966,1,1,1, 32967
7,32972,1,1,0, 32973
9,32977,2,2,1, 32979
16,32979,2,2,1, 32981
24,32989,1,1,1, 32990
25,32995,2,2,1, 32997
31,32996,2,2,1, 32998
2,33003,2,2,1, 33005
1,33006,1,1,0, 33007
9,33017,2,2,1, 33019
24,33029,1,1,0, 33030
2,33043,2,2,1, 33045
1,33046,1,1,1, 33047
8,33056,1,1,1, 33057
14,33059,3,3,1, 33062
23,33068,3,3,1, 33071
7,33092,1,1,1, 33093
8,33096,1,1,0, 33097
9,33097,2,2,1, 33099
6,33130,2,2,1, 33132
7,33132,1,1,1, 33133
8,33136,1,1,0, 33137
9,33137,2,2,1, 33139
1,33166,1,1,0, 33167
6,33170,2,2,1, 33172
7,33172,1,1,1, 33173
8,33176,1,1,1, 33177
16,33179,2,2,1, 33181
24,33189,1,1,0, 33190
23,33188,3,3,1, 33191
1,33206,1,1,0, 33207
24,33229,1,1,1, 33230
2,33243,2,2,1, 33245
1,33246,1,1,1, 33247
24,33269,1,1,1, 33270
1,33286,1,1,0, 33287
6,33290,2,2,1, 33292
7,33292,1,1,0, 33293
8,33296,1,1,1, 33297
9,33297,2,2,1, 33299
16,33299,2,2,1, 33301
24,33309,1,1,1, 33310
7,33332,1,1,1, 33333
8,33336,1,1,1, 33337
24,33349,1,1,1, 33350
6,33370,2,2,1, 33372
7,33372,1,1,0, 33373
8,33376,1,1,1, 33377
24,33389,1,1,1, 33390
1,33406,1,1,0, 33407
7,33412,1,1,1, 33413
8,33416,1,1,0, 33417
9,33417,2,2,1, 33419
14,33419,3,3,1, 33422
24,33429,1,1,1, 33430
25,33435,2,2,1, 33437
2,33443,2,2,1, 33445
1,33446,1,1,1, 33447
24,33469,1,1,0, 33470
8,33496,1,1,0, 33497
24,33509,1,1,0, 33510
7,33532,1,1,0, 33533
8,33536,1,1,1, 33537
16,33539,2,2,1, 33541
24,33549,1,1,0, 33550
8,33576,1,1,1, 33577
24,33589,1,1,1, 33590
2,33603,2,2,1, 33605
1,33606,1,1,0, 33607
8,33616,1,1,0, 33617
9,33617,2,2,1, 33619
24,33629,1,1,0, 33630
2,33643,2,2,1, 33645
1,33646,1,1,1, 33647
7,33652,1,1,1, 33653
8,33656,1,1,1, 33657
24,33669,1,1,1, 33670
8,33696,1,1,0, 33697
24,33709,1,1,1, 33710
8,33736,1,1,1, 33737
9,33737,2,2,1, 33739
24,33749,1,1,1, 33750
1,33766,1,1,0, 33767
7,33772,1,1,0, 33773
8,33776,1,1,0, 33777
9,33777,2,2,1, 33779
14,33779,3,3,1, 33782
24,33789,1,1,1, 33790
25,33795,2,2,1, 33797
2,33803,2,2,1, 33805
1,33806,1,1,0, 33807
6,33810,2,2,1, 33812
7,33812,1,1,0, 33813
8,33816,1,1,0, 33817
9,33817,2,2,1, 33819
24,33829,1,1,1, 33830
7,33852,1,1,1, 33853
8,33856,1,1,0, 33857
9,33857,2,2,1, 33859
24,33869,1,1,0, 33870
31,33876,2,2,1, 33878
6,33890,2,2,1, 33892
7,33892,1,1,1, 33893
8,33896,1,1,1, 33897
9,33897,2,2,1, 33899
24,33909,1,1,1, 33910
24,33949,1,1,1, 33950
2,33963,2,2,1, 33965
1,33966,1,1,0, 33967
9,33977,2,2,1, 33979
24,33989,1,1,1, 33990
2,34003,2,2,1, 34005
1,34006,1,1,1, 34007
7,34012,1,1,1, 34013
8,34016,1,1,1, 34017
9,34017,2,2,1, 34019
24,34029,1,1,0, 34030
25,34035,2,2,1, 34037
6,34050,2,2,1, 34052
7,34052,1,1,0, 34053
8,34056,1,1,0, 34057
9,34057,2,2,1, 34059
16,34059,2,2,1, 34061
24,34069,1,1,0, 34070
25,34075,2,2,1, 34077
7,34092,1,1,1, 34093
8,34096,1,1,1, 34097
9,34097,2,2,1, 34099
24,34109,1,1,0, 34110
1,34126,1,1,0, 34127
7,34132,1,1,1, 34133
8,34136,1,1,1, 34137
14,34139,3,3,1, 34142
25,34155,2,2,1, 34157
2,34163,2,2,1, 34165
1,34166,1,1,1, 34167
6,34170,2,2,1, 34172
7,34172,1,1,0, 34173
2,34203,2,2,1, 34205
1,34206,1,1,1, 34207
7,34212,1,1,1, 34213
1,34246,1,1,1, 34247
6,34250,2,2,1, 34252
7,34252,1,1,1, 34253
8,34256,1,1,1, 34257
9,34257,2,2,1, 34259
16,34259,2,2,1, 34261
14,34259,3,3,1, 34262
24,34269,1,1,0, 34270
25,34275,2,2,1, 34277
24,34309,1,1,1, 34310
24,34349,1,1,1, 34350
25,34355,2,2,1, 34357
1,34366,1,1,0, 34367
6,34370,2,2,1, 34372
7,34372,1,1,1, 34373
8,34376,1,1,1, 34377
9,34377,2,2,1, 34379
2,34403,2,2,1, 34405
1,34406,1,1,1, 34407
7,34412,1,1,0, 34413
2,34443,2,2,1, 34445
1,34446,1,1,1, 34447
6,34450,2,2,1, 34452
7,34452,1,1,1, 34453
1,34486,1,1,0, 34487
6,34490,2,2,1, 34492
7,34492,1,1,0, 34493
8,34496,1,1,1, 34497
9,34497,2,2,1, 34499
16,34499,2,2,1, 34501
14,34499,3,3,1, 34502
24,34509,1,1,0, 34510
25,34515,2,2,1, 34517
24,34549,1,1,0, 34550
25,34555,2,2,1, 34557
24,34589,1,1,0, 34590
1,34606,1,1,0, 34607
6,34610,2,2,1, 34612
7,34612,1,1,1, 34613
8,34616,1,1,0, 34617
9,34617,2,2,1, 34619
16,34619,2,2,1, 34621
14,34619,3,3,1, 34622
25,34635,2,2,1, 34637
2,34643,2,2,1, 34645
1,34646,1,1,1, 34647
9,34657,2,2,1, 34659
7,34692,1,1,0, 34693
8,34696,1,1,1, 34697
24,34709,1,1,1, 34710
7,34732,1,1,0, 34733
8,34736,1,1,1, 34737
16,34739,2,2,1, 34741
14,34739,3,3,1, 34742
24,34749,1,1,1, 34750
25,34755,2,2,1, 34757
7,34772,1,1,1, 34773
8,34776,1,1,1, 34777
24,34789,1,1,0, 34790
25,34795,2,2,1, 34797
1,34806,1,1,1, 34807
6,34810,2,2,1, 34812
7,34812,1,1,0, 34813
8,34816,1,1,1, 34817
24,34829,1,1,0, 34830
2,34843,2,2,1, 34845
1,34846,1,1,0, 34847
7,34852,1,1,0, 34853
8,34856,1,1,1, 34857
16,34859,2,2,1, 34861
2,34883,2,2,1, 34885
1,34886,1,1,1, 34887
9,34897,2,2,1, 34899
16,34939,2,2,1, 34941
24,34949,1,1,0, 34950
25,34955,2,2,1, 34957
7,34972,1,1,1, 34973
8,34976,1,1,0, 34977
9,34977,2,2,1, 34979
14,34979,3,3,1, 34982
6,35010,2,2,1, 35012
7,35012,1,1,1, 35013
8,35016,1,1,0, 35017
9,35017,2,2,1, 35019
25,35035,2,2,1, 35037
2,35043,2,2,1, 35045
1,35046,1,1,0, 35047
6,35050,2,2,1, 35052
7,35052,1,1,1, 35053
8,35056,1,1,1, 35057
24,35069,1,1,0, 35070
1,35086,1,1,0, 35087
6,35090,2,2,1, 35092
7,35092,1,1,0, 35093
8,35096,1,1,0, 35097
15,35101,2,2,1, 35103
24,35109,1,1,1, 35110
25,35115,2,2,1, 35117
1,35126,1,1,0, 35127
8,35136,1,1,0, 35137
24,35149,1,1,1, 35150
8,35176,1,1,1, 35177
6,35210,2,2,1, 35212
7,35212,1,1,0, 35213
8,35216,1,1,0, 35217
6,35250,2,2,1, 35252
7,35252,1,1,1, 35253
8,35256,1,1,1, 35257
24,35269,1,1,0, 35270
25,35275,2,2,1, 35277
1,35286,1,1,0, 35287
7,35292,1,1,1, 35293
8,35296,1,1,1, 35297
24,35309,1,1,0, 35310
1,35326,1,1,1, 35327
6,35330,2,2,1, 35332
7,35332,1,1,0, 35333
8,35336,1,1,1, 35337
15,35341,2,2,1, 35343
24,35349,1,1,1, 35350
1,35366,1,1,0, 35367
24,35389,1,1,0, 35390
2,35403,2,2,1, 35405
1,35406,1,1,1, 35407
9,35417,2,2,1, 35419
24,35429,1,1,1, 35430
2,35443,2,2,1, 35445
1,35446,1,1,0, 35447
7,35452,1,1,0, 35453
8,35456,1,1,0, 35457
16,35459,2,2,1, 35461
14,35459,3,3,1, 35462
24,35469,1,1,0, 35470
24,35509,1,1,0, 35510
24,35549,1,1,1, 35550
1,35566,1,1,1, 35567
6,35570,2,2,1, 35572
7,35572,1,1,0, 35573
8,35576,1,1,0, 35577
24,35589,1,1,0, 35590
25,35595,2,2,1, 35597
2,35603,2,2,1, 35605
1,35606,1,1,0, 35607
6,35610,2,2,1, 35612
7,35612,1,1,1, 35613
24,35629,1,1,0, 35630
2,35643,2,2,1, 35645
1,35646,1,1,0, 35647
6,35650,2,2,1, 35652
7,35652,1,1,0, 35653
24,35669,1,1,0, 35670
1,35686,1,1,0, 35687
7,35692,1,1,1, 35693
8,35696,1,1,1, 35697
9,35697,2,2,1, 35699
16,35699,2,2,1, 35701
24,35709,1,1,1, 35710
31,35716,2,2,1, 35718
2,35723,2,2,1, 35725
1,35726,1,1,1, 35727
24,35749,1,1,0, 35750
25,35755,2,2,1, 35757
8,35776,1,1,0, 35777
24,35789,1,1,0, 35790
31,35796,2,2,1, 35798
7,35812,1,1,0, 35813
8,35816,1,1,0, 35817
24,35829,1,1,1, 35830
25,35835,2,2,1, 35837
7,35852,1,1,1, 35853
24,35869,1,1,0, 35870
1,35886,1,1,0, 35887
7,35892,1,1,1, 35893
24,35909,1,1,0, 35910
2,35923,2,2,1, 35925
1,35926,1,1,1, 35927
6,35930,2,2,1, 35932
7,35932,1,1,0, 35933
8,35936,1,1,1, 35937
16,35939,2,2,1, 35941
24,35949,1,1,0, 35950
25,35955,2,2,1, 35957
1,35966,1,1,0, 35967
7,35972,1,1,1, 35973
8,35976,1,1,1, 35977
24,35989,1,1,1, 35990
25,35995,2,2,1, 35997
2,36003,2,2,1, 36005
1,36006,1,1,0, 36007
7,36012,1,1,1, 36013
8,36016,1,1,1, 36017
16,36019,2,2,1, 36021
24,36029,1,1,0, 36030
25,36035,2,2,1, 36037
2,36043,2,2,1, 36045
1,36046,1,1,1, 36047
6,36050,2,2,1, 36052
7,36052,1,1,0, 36053
8,36056,1,1,0, 36057
9,36057,2,2,1, 36059
16,36059,2,2,1, 36061
24,36069,1,1,1, 36070
24,36109,1,1,0, 36110
24,36149,1,1,1, 36150
1,36166,1,1,0, 36167
6,36170,2,2,1, 36172
7,36172,1,1,1, 36173
8,36176,1,1,0, 36177
16,36179,2,2,1, 36181
24,36189,1,1,1, 36190
25,36195,2,2,1, 36197
1,36206,1,1,1, 36207
8,36216,1,1,0, 36217
24,36229,1,1,0, 36230
2,36243,2,2,1, 36245
1,36246,1,1,1, 36247
8,36256,1,1,0, 36257
24,36269,1,1,0, 36270
2,36283,2,2,1, 36285
1,36286,1,1,0, 36287
6,36290,2,2,1, 36292
7,36292,1,1,0, 36293
8,36296,1,1,0, 36297
9,36297,2,2,1, 36299
24,36309,1,1,1, 36310
25,36315,2,2,1, 36317
7,36332,1,1,1, 36333
24,36349,1,1,1, 36350
25,36355,2,2,1, 36357
6,36370,2,2,1, 36372
7,36372,1,1,1, 36373
24,36389,1,1,1, 36390
1,36406,1,1,0, 36407
6,36410,2,2,1, 36412
7,36412,1,1,0, 36413
8,36416,1,1,0, 36417
14,36419,3,3,1, 36422
24,36429,1,1,1, 36430
25,36435,2,2,1, 36437
2,36443,2,2,1, 36445
1,36446,1,1,0, 36447
8,36456,1,1,0, 36457
24,36469,1,1,1, 36470
25,36475,2,2,1, 36477
8,36496,1,1,1, 36497
9,36497,2,2,1, 36499
24,36509,1,1,1, 36510
7,36532,1,1,1, 36533
8,36536,1,1,1, 36537
9,36537,2,2,1, 36539
24,36549,1,1,1, 36550
7,36572,1,1,0, 36573
24,36589,1,1,0, 36590
1,36606,1,1,1, 36607
7,36612,1,1,1, 36613
9,36617,2,2,1, 36619
24,36629,1,1,0, 36630
1,36646,1,1,1, 36647
7,36652,1,1,1, 36653
8,36656,1,1,0, 36657
9,36657,2,2,1, 36659
24,36669,1,1,0, 36670
1,36686,1,1,1, 36687
8,36696,1,1,0, 36697
24,36709,1,1,0, 36710
8,36736,1,1,1, 36737
24,36749,1,1,0, 36750
6,36770,2,2,1, 36772
7,36772,1,1,1, 36773
8,36776,1,1,0, 36777
14,36779,3,3,1, 36782
24,36789,1,1,1, 36790
25,36795,2,2,1, 36797
31,36796,2,2,1, 36798
8,36816,1,1,1, 36817
24,36829,1,1,1, 36830
1,36846,1,1,0, 36847
7,36852,1,1,0, 36853
8,36856,1,1,0, 36857
16,36859,2,2,1, 36861
24,36869,1,1,0, 36870
1,36886,1,1,0, 36887
6,36890,2,2,1, 36892
7,36892,1,1,0, 36893
8,36896,1,1,1, 36897
24,36909,1,1,1, 36910
2,36923,2,2,1, 36925
1,36926,1,1,0, 36927
24,36949,1,1,1, 36950
24,36989,1,1,0, 36990
6,37010,2,2,1, 37012
7,37012,1,1,0, 37013
8,37016,1,1,1, 37017
9,37017,2,2,1, 37019
14,37019,3,3,1, 37022
24,37029,1,1,1, 37030
6,37050,2,2,1, 37052
7,37052,1,1,1, 37053
8,37056,1,1,0, 37057
9,37057,2,2,1, 37059
24,37069,1,1,0, 37070
1,37086,1,1,1, 37087
7,37092,1,1,1, 37093
8,37096,1,1,1, 37097
9,37097,2,2,1, 37099
24,37109,1,1,1, 37110
1,37126,1,1,1, 37127
7,37132,1,1,1, 37133
8,37136,1,1,0, 37137
24,37149,1,1,1, 37150
24,37189,1,1,1, 37190
25,37195,2,2,1, 37197
24,37229,1,1,0, 37230
1,37246,1,1,1, 37247
7,37252,1,1,1, 37253
8,37256,1,1,1, 37257
16,37259,2,2,1, 37261
14,37259,3,3,1, 37262
24,37269,1,1,1, 37270
25,37275,2,2,1, 37277
1,37286,1,1,0, 37287
7,37292,1,1,1, 37293
24,37309,1,1,0, 37310
7,37332,1,1,1, 37333
8,37336,1,1,1, 37337
24,37349,1,1,0, 37350
25,37355,2,2,1, 37357
6,37370,2,2,1, 37372
7,37372,1,1,0, 37373
8,37376,1,1,1, 37377
16,37379,2,2,1, 37381
14,37379,3,3,1, 37382
24,37389,1,1,0, 37390
25,37395,2,2,1, 37397
6,37410,2,2,1, 37412
7,37412,1,1,0, 37413
8,37416,1,1,0, 37417
24,37429,1,1,0, 37430
25,37435,2,2,1, 37437
1,37446,1,1,0, 37447
7,37452,1,1,1, 37453
8,37456,1,1,0, 37457
9,37457,2,2,1, 37459
24,37469,1,1,0, 37470
2,37483,2,2,1, 37485
1,37486,1,1,1, 37487
6,37490,2,2,1, 37492
7,37492,1,1,0, 37493
8,37496,1,1,1, 37497
9,37497,2,2,1, 37499
16,37499,2,2,1, 37501
14,37499,3,3,1, 37502
1,37526,1,1,1, 37527
2,37563,2,2,1, 37565
1,37566,1,1,0, 37567
6,37570,2,2,1, 37572
7,37572,1,1,1, 37573
8,37576,1,1,1, 37577
15,37581,2,2,1, 37583
1,37606,1,1,0, 37607
7,37612,1,1,1, 37613
8,37616,1,1,1, 37617
9,37617,2,2,1, 37619
24,37629,1,1,0, 37630
24,37669,1,1,1, 37670
25,37675,2,2,1, 37677
24,37709,1,1,0, 37710
1,37726,1,1,1, 37727
7,37732,1,1,1, 37733
8,37736,1,1,1, 37737
9,37737,2,2,1, 37739
16,37739,2,2,1, 37741
24,37749,1,1,0, 37750
23,37748,3,3,1, 37751
25,37755,2,2,1, 37757
2,37763,2,2,1, 37765
1,37766,1,1,0, 37767
6,37770,2,2,1, 37772
7,37772,1,1,1, 37773
9,37777,2,2,1, 37779
24,37789,1,1,1, 37790
25,37795,2,2,1, 37797
6,37810,2,2,1, 37812
7,37812,1,1,0, 37813
24,37829,1,1,0, 37830
7,37852,1,1,0, 37853
8,37856,1,1,0, 37857
16,37859,2,2,1, 37861
24,37869,1,1,0, 37870
25,37875,2,2,1, 37877
8,37896,1,1,0, 37897
9,37897,2,2,1, 37899
24,37909,1,1,0, 37910
2,37923,2,2,1, 37925
1,37926,1,1,0, 37927
8,37936,1,1,1, 37937
9,37937,2,2,1, 37939
24,37949,1,1,0, 37950
2,37963,2,2,1, 37965
1,37966,1,1,0, 37967
7,37972,1,1,1, 37973
8,37976,1,1,1, 37977
16,37979,2,2,1, 37981
14,37979,3,3,1, 37982
24,37989,1,1,0, 37990
31,37996,2,2,1, 37998
1,38006,1,1,1, 38007
24,38029,1,1,1, 38030
1,38046,1,1,0, 38047
8,38056,1,1,0, 38057
15,38061,2,2,1, 38063
24,38069,1,1,0, 38070
25,38075,2,2,1, 38077
1,38086,1,1,0, 38087
6,38090,2,2,1, 38092
7,38092,1,1,1, 38093
8,38096,1,1,1, 38097
9,38097,2,2,1, 38099
14,38099,3,3,1, 38102
24,38109,1,1,1, 38110
1,38126,1,1,0, 38127
6,38130,2,2,1, 38132
7,38132,1,1,1, 38133
24,38149,1,1,1, 38150
2,38163,2,2,1, 38165
1,38166,1,1,1, 38167
6,38170,2,2,1, 38172
7,38172,1,1,1, 38173
8,38176,1,1,0, 38177
9,38177,2,2,1, 38179
24,38189,1,1,0, 38190
2,38203,2,2,1, 38205
1,38206,1,1,1, 38207
7,38212,1,1,0, 38213
8,38216,1,1,0, 38217
9,38217,2,2,1, 38219
16,38219,2,2,1, 38221
15,38221,2,2,1, 38223
24,38229,1,1,1, 38230
23,38228,3,3,1, 38231
25,38235,2,2,1, 38237
7,38252,1,1,1, 38253
15,38261,2,2,1, 38263
24,38269,1,1,0, 38270
23,38268,3,3,1, 38271
25,38275,2,2,1, 38277
7,38292,1,1,1, 38293
24,38309,1,1,0, 38310
25,38315,2,2,1, 38317
1,38326,1,1,1, 38327
7,38332,1,1,1, 38333
8,38336,1,1,1, 38337
15,38341,2,2,1, 38343
24,38349,1,1,0, 38350
31,38356,2,2,1, 38358
1,38366,1,1,0, 38367
8,38376,1,1,1, 38377
9,38377,2,2,1, 38379
24,38389,1,1,1, 38390
25,38395,2,2,1, 38397
31,38396,2,2,1, 38398
8,38416,1,1,0, 38417
14,38419,3,3,1, 38422
15,38421,2,2,1, 38423
24,38429,1,1,0, 38430
7,38452,1,1,1, 38453
6,38450,2,4,1, 38454
8,38456,1,1,1, 38457
16,38459,2,2,1, 38461
14,38459,3,3,1, 38462
24,38469,1,1,1, 38470
23,38468,3,3,1, 38471
31,38476,2,2,1, 38478
6,38490,2,2,1, 38492
7,38492,1,1,1, 38493
24,38509,1,1,0, 38510
23,38508,3,3,1, 38511
2,38523,2,2,1, 38525
1,38526,1,1,1, 38527
7,38532,1,1,1, 38533
8,38536,1,1,0, 38537
1,38566,1,1,1, 38567
7,38572,1,1,1, 38573
8,38576,1,1,1, 38577
9,38577,2,2,1, 38579
23,38588,3,3,1, 38591
1,38606,1,1,1, 38607
7,38612,1,1,1, 38613
8,38616,1,1,0, 38617
9,38617,2,2,1, 38619
15,38621,2,2,1, 38623
24,38629,1,1,0, 38630
23,38628,3,3,1, 38631
25,38635,2,2,1, 38637
31,38636,2,2,1, 38638
6,38650,2,2,1, 38652
7,38652,1,1,1, 38653
16,38659,2,2,1, 38661
15,38661,2,2,1, 38663
24,38669,1,1,0, 38670
6,38690,2,2,1, 38692
7,38692,1,1,0, 38693
16,38699,2,2,1, 38701
7,38732,1,1,0, 38733
25,38755,2,2,1, 38757
2,38763,2,2,1, 38765
1,38766,1,1,0, 38767
7,38772,1,1,1, 38773
8,38776,1,1,0, 38777
15,38781,2,2,1, 38783
24,38789,1,1,0, 38790
1,38806,1,1,0, 38807
7,38812,1,1,0, 38813
8,38816,1,1,0, 38817
24,38829,1,1,1, 38830
2,38843,2,2,1, 38845
1,38846,1,1,1, 38847
7,38852,1,1,1, 38853
8,38856,1,1,1, 38857
9,38857,2,2,1, 38859
24,38869,1,1,0, 38870
25,38875,2,2,1, 38877
7,38892,1,1,0, 38893
8,38896,1,1,1, 38897
9,38897,2,2,1, 38899
24,38909,1,1,0, 38910
25,38915,2,2,1, 38917
7,38932,1,1,1, 38933
8,38936,1,1,1, 38937
9,38937,2,2,1, 38939
24,38949,1,1,0, 38950
25,38955,2,2,1, 38957
7,38972,1,1,0, 38973
8,38976,1,1,1, 38977
9,38977,2,2,1, 38979
24,38989,1,1,1, 38990
1,39006,1,1,0, 39007
6,39010,2,2,1, 39012
7,39012,1,1,1, 39013
9,39017,2,2,1, 39019
16,39019,2,2,1, 39021
24,39029,1,1,0, 39030
25,39035,2,2,1, 39037
2,39043,2,2,1, 39045
1,39046,1,1,1, 39047
6,39050,2,2,1, 39052
7,39052,1,1,1, 39053
24,39069,1,1,0, 39070
2,39083,2,2,1, 39085
1,39086,1,1,0, 39087
6,39090,2,2,1, 39092
7,39092,1,1,0, 39093
16,39099,2,2,1, 39101
24,39109,1,1,1, 39110
23,39108,3,3,1, 39111
31,39116,2,2,1, 39118
6,39130,2,2,1, 39132
7,39132,1,1,0, 39133
8,39136,1,1,1, 39137
15,39141,2,2,1, 39143
6,39170,2,2,1, 39172
7,39172,1,1,1, 39173
8,39176,1,1,0, 39177
9,39177,2,2,1, 39179
7,39212,1,1,1, 39213
8,39216,1,1,0, 39217
9,39217,2,2,1, 39219
23,39228,3,3,1, 39231
30,39233,3,3,1, 39236
1,39246,1,1,0, 39247
6,39250,2,2,1, 39252
7,39252,1,1,0, 39253
8,39256,1,1,0, 39257
9,39257,2,2,1, 39259
24,39269,1,1,1, 39270
1,39286,1,1,0, 39287
7,39292,1,1,1, 39293
8,39296,1,1,0, 39297
16,39299,2,2,1, 39301
14,39299,3,3,1, 39302
24,39309,1,1,0, 39310
24,39349,1,1,1, 39350
25,39355,2,2,1, 39357
8,39376,1,1,0, 39377
24,39389,1,1,1, 39390
31,39396,2,2,1, 39398
1,39406,1,1,0, 39407
8,39416,1,1,1, 39417
24,39429,1,1,0, 39430
31,39436,2,2,1, 39438
1,39446,1,1,1, 39447
24,39469,1,1,1, 39470
30,39473,3,3,1, 39476
31,39476,2,2,1, 39478
2,39483,2,2,1, 39485
1,39486,1,1,1, 39487
24,39509,1,1,0, 39510
1,39526,1,1,1, 39527
6,39530,2,2,1, 39532
7,39532,1,1,1, 39533
8,39536,1,1,0, 39537
16,39539,2,2,1, 39541
14,39539,3,3,1, 39542
24,39549,1,1,1, 39550
25,39555,2,2,1, 39557
6,39570,2,2,1, 39572
7,39572,1,1,1, 39573
8,39576,1,1,1, 39577
24,39589,1,1,0, 39590
25,39595,2,2,1, 39597
7,39612,1,1,1, 39613
8,39616,1,1,0, 39617
24,39629,1,1,1, 39630
1,39646,1,1,1, 39647
6,39650,2,2,1, 39652
7,39652,1,1,1, 39653
8,39656,1,1,0, 39657
9,39657,2,2,1, 39659
24,39669,1,1,0, 39670
25,39675,2,2,1, 39677
1,39686,1,1,0, 39687
6,39690,2,2,1, 39692
7,39692,1,1,1, 39693
8,39696,1,1,0, 39697
9,39697,2,2,1, 39699
24,39709,1,1,0, 39710
7,39732,1,1,1, 39733
8,39736,1,1,1, 39737
24,39749,1,1,1, 39750
25,39755,2,2,1, 39757
7,39772,1,1,0, 39773
8,39776,1,1,1, 39777
16,39779,2,2,1, 39781
24,39789,1,1,0, 39790
25,39795,2,2,1, 39797
8,39816,1,1,1, 39817
24,39829,1,1,1, 39830
31,39836,2,2,1, 39838
1,39846,1,1,0, 39847
8,39856,1,1,1, 39857
24,39869,1,1,1, 39870
31,39876,2,2,1, 39878
1,39886,1,1,0, 39887
6,39890,2,2,1, 39892
7,39892,1,1,1, 39893
8,39896,1,1,1, 39897
9,39897,2,2,1, 39899
14,39899,3,3,1, 39902
24,39909,1,1,0, 39910
1,39926,1,1,0, 39927
6,39930,2,2,1, 39932
7,39932,1,1,0, 39933
8,39936,1,1,0, 39937
24,39949,1,1,0, 39950
25,39955,2,2,1, 39957
2,39963,2,2,1, 39965
1,39966,1,1,1, 39967
7,39972,1,1,1, 39973
8,39976,1,1,1, 39977
24,39989,1,1,1, 39990
25,39995,2,2,1, 39997
2,40003,2,2,1, 40005
1,40006,1,1,0, 40007
6,40010,2,2,1, 40012
7,40012,1,1,1, 40013
8,40016,1,1,1, 40017
16,40019,2,2,1, 40021
1,40126,1,1,0, 40127
7,40132,1,1,1, 40133
8,40136,1,1,0, 40137
9,40137,2,2,1, 40139
16,40139,2,2,1, 40141
24,40149,1,1,0, 40150
23,40148,3,3,1, 40151
2,40163,2,2,1, 40165
1,40166,1,1,0, 40167
6,40170,2,2,1, 40172
7,40172,1,1,1, 40173
8,40176,1,1,0, 40177
24,40189,1,1,0, 40190
23,40188,3,3,1, 40191
31,40196,2,2,1, 40198
2,40203,2,2,1, 40205
1,40206,1,1,0, 40207
7,40212,1,1,0, 40213
8,40216,1,1,0, 40217
24,40229,1,1,0, 40230
1,40246,1,1,0, 40247
6,40250,2,2,1, 40252
7,40252,1,1,1, 40253
8,40256,1,1,1, 40257
24,40269,1,1,0, 40270
7,40292,1,1,1, 40293
24,40309,1,1,1, 40310
23,40308,3,3,1, 40311
25,40315,2,2,1, 40317
24,40349,1,1,0, 40350
25,40355,2,2,1, 40357
1,40366,1,1,0, 40367
8,40376,1,1,0, 40377
9,40377,2,2,1, 40379
14,40379,3,3,1, 40382
15,40381,2,2,1, 40383
24,40389,1,1,1, 40390
6,40410,2,2,1, 40412
7,40412,1,1,0, 40413
8,40416,1,1,0, 40417
16,40419,2,2,1, 40421
15,40421,2,2,1, 40423
24,40429,1,1,1, 40430
31,40436,2,2,1, 40438
8,40456,1,1,1, 40457
24,40469,1,1,0, 40470
23,40468,3,3,1, 40471
25,40475,2,2,1, 40477
1,40486,1,1,1, 40487
8,40496,1,1,0, 40497
24,40509,1,1,1, 40510
25,40515,2,2,1, 40517
1,40526,1,1,1, 40527
8,40536,1,1,0, 40537
24,40549,1,1,0, 40550
6,40570,2,2,1, 40572
7,40572,1,1,1, 40573
8,40576,1,1,0, 40577
16,40579,2,2,1, 40581
31,40596,2,2,1, 40598
6,40610,2,2,1, 40612
7,40612,1,1,1, 40613
8,40616,1,1,0, 40617
16,40619,2,2,1, 40621
8,40656,1,1,0, 40657
15,40661,2,2,1, 40663
24,40669,1,1,1, 40670
25,40675,2,2,1, 40677
2,40683,2,2,1, 40685
1,40686,1,1,0, 40687
24,40709,1,1,0, 40710
25,40715,2,2,1, 40717
1,40726,1,1,0, 40727
7,40732,1,1,0, 40733
15,40741,2,2,1, 40743
24,40749,1,1,1, 40750
23,40748,3,3,1, 40751
31,40756,2,2,1, 40758
6,40770,2,2,1, 40772
7,40772,1,1,1, 40773
24,40789,1,1,1, 40790
31,40796,2,2,1, 40798
7,40812,1,1,1, 40813
8,40816,1,1,1, 40817
24,40829,1,1,1, 40830
25,40835,2,2,1, 40837
1,40846,1,1,0, 40847
7,40852,1,1,1, 40853
8,40856,1,1,1, 40857
16,40859,2,2,1, 40861
24,40869,1,1,1, 40870
25,40875,2,2,1, 40877
1,40886,1,1,0, 40887
7,40892,1,1,0, 40893
8,40896,1,1,1, 40897
9,40897,2,2,1, 40899
24,40909,1,1,0, 40910
25,40915,2,2,1, 40917
31,40916,2,2,1, 40918
6,40930,2,2,1, 40932
7,40932,1,1,1, 40933
8,40936,1,1,1, 40937
16,40939,2,2,1, 40941
14,40939,3,3,1, 40942
15,40941,2,2,1, 40943
6,40970,2,2,1, 40972
7,40972,1,1,0, 40973
8,40976,1,1,1, 40977
16,40979,2,2,1, 40981
6,41010,2,2,1, 41012
7,41012,1,1,0, 41013
8,41016,1,1,1, 41017
24,41029,1,1,0, 41030
1,41046,1,1,0, 41047
8,41056,1,1,0, 41057
9,41057,2,2,1, 41059
24,41069,1,1,1, 41070
1,41086,1,1,1, 41087
8,41096,1,1,1, 41097
14,41099,3,3,1, 41102
24,41109,1,1,0, 41110
1,41126,1,1,1, 41127
24,41149,1,1,0, 41150
25,41155,2,2,1, 41157
6,41170,2,2,1, 41172
7,41172,1,1,1, 41173
8,41176,1,1,1, 41177
9,41177,2,2,1, 41179
24,41189,1,1,0, 41190
7,41212,1,1,0, 41213
8,41216,1,1,1, 41217
14,41219,3,3,1, 41222
24,41229,1,1,0, 41230
24,41269,1,1,1, 41270
25,41275,2,2,1, 41277
2,41283,2,2,1, 41285
1,41286,1,1,1, 41287
8,41296,1,1,1, 41297
9,41297,2,2,1, 41299
24,41309,1,1,0, 41310
25,41315,2,2,1, 41317
1,41326,1,1,0, 41327
7,41332,1,1,0, 41333
8,41336,1,1,1, 41337
16,41339,2,2,1, 41341
24,41349,1,1,0, 41350
24,41389,1,1,0, 41390
24,41429,1,1,1, 41430
1,41446,1,1,0, 41447
7,41452,1,1,0, 41453
8,41456,1,1,1, 41457
9,41457,2,2,1, 41459
24,41469,1,1,0, 41470
25,41475,2,2,1, 41477
2,41483,2,2,1, 41485
1,41486,1,1,1, 41487
7,41492,1,1,0, 41493
8,41496,1,1,0, 41497
24,41509,1,1,0, 41510
7,41532,1,1,1, 41533
8,41536,1,1,0, 41537
24,41549,1,1,1, 41550
6,41570,2,2,1, 41572
7,41572,1,1,0, 41573
8,41576,1,1,1, 41577
9,41577,2,2,1, 41579
16,41579,2,2,1, 41581
24,41589,1,1,0, 41590
25,41595,2,2,1, 41597
24,41629,1,1,1, 41630
25,41635,2,2,1, 41637
1,41646,1,1,0, 41647
9,41657,2,2,1, 41659
24,41669,1,1,0, 41670
1,41686,1,1,1, 41687
6,41690,2,2,1, 41692
7,41692,1,1,0, 41693
8,41696,1,1,0, 41697
9,41697,2,2,1, 41699
16,41699,2,2,1, 41701
24,41709,1,1,1, 41710
24,41749,1,1,0, 41750
24,41789,1,1,1, 41790
1,41806,1,1,0, 41807
6,41810,2,2,1, 41812
7,41812,1,1,0, 41813
8,41816,1,1,1, 41817
9,41817,2,2,1, 41819
14,41819,3,3,1, 41822
24,41829,1,1,1, 41830
25,41835,2,2,1, 41837
2,41843,2,2,1, 41845
1,41846,1,1,0, 41847
24,41869,1,1,1, 41870
25,41875,2,2,1, 41877
8,41896,1,1,1, 41897
24,41909,1,1,1, 41910
6,41930,2,2,1, 41932
7,41932,1,1,1, 41933
8,41936,1,1,1, 41937
14,41939,3,3,1, 41942
24,41949,1,1,1, 41950
25,41955,2,2,1, 41957
24,41989,1,1,1, 41990
25,41995,2,2,1, 41997
31,41996,2,2,1, 41998
1,42006,1,1,1, 42007
7,42012,1,1,0, 42013
8,42016,1,1,0, 42017
24,42029,1,1,0, 42030
1,42046,1,1,0, 42047
7,42052,1,1,0, 42053
8,42056,1,1,1, 42057
16,42059,2,2,1, 42061
14,42059,3,3,1, 42062
24,42069,1,1,1, 42070
1,42086,1,1,0, 42087
16,42099,2,2,1, 42101
24,42109,1,1,0, 42110
2,42123,2,2,1, 42125
1,42126,1,1,1, 42127
8,42136,1,1,0, 42137
24,42149,1,1,1, 42150
2,42163,2,2,1, 42165
1,42166,1,1,0, 42167
6,42170,2,2,1, 42172
7,42172,1,1,0, 42173
8,42176,1,1,0, 42177
9,42177,2,2,1, 42179
14,42179,3,3,1, 42182
24,42189,1,1,0, 42190
8,42216,1,1,1, 42217
24,42229,1,1,1, 42230
8,42256,1,1,1, 42257
1,42286,1,1,1, 42287
7,42292,1,1,1, 42293
8,42296,1,1,0, 42297
9,42297,2,2,1, 42299
16,42299,2,2,1, 42301
15,42301,2,2,1, 42303
25,42315,2,2,1, 42317
2,42323,2,2,1, 42325
1,42326,1,1,0, 42327
6,42330,2,2,1, 42332
7,42332,1,1,0, 42333
9,42337,2,2,1, 42339
15,42341,2,2,1, 42343
24,42349,1,1,0, 42350
25,42355,2,2,1, 42357
2,42363,2,2,1, 42365
6,42370,2,2,1, 42372
7,42372,1,1,1, 42373
24,42389,1,1,0, 42390
7,42412,1,1,1, 42413
8,42416,1,1,0, 42417
9,42417,2,2,1, 42419
16,42419,2,2,1, 42421
24,42429,1,1,0, 42430
2,42443,2,2,1, 42445
1,42446,1,1,1, 42447
7,42452,1,1,0, 42453
8,42456,1,1,1, 42457
24,42469,1,1,0, 42470
30,42473,3,3,1, 42476
31,42476,2,2,1, 42478
1,42486,1,1,0, 42487
7,42492,1,1,1, 42493
8,42496,1,1,1, 42497
14,42499,3,3,1, 42502
24,42509,1,1,0, 42510
23,42508,3,3,1, 42511
2,42523,2,2,1, 42525
1,42526,1,1,0, 42527
6,42530,2,2,1, 42532
7,42532,1,1,0, 42533
8,42536,1,1,1, 42537
14,42539,3,3,1, 42542
24,42549,1,1,0, 42550
25,42555,2,2,1, 42557
8,42576,1,1,0, 42577
24,42589,1,1,1, 42590
8,42616,1,1,0, 42617
14,42619,3,3,1, 42622
15,42621,2,2,1, 42623
24,42629,1,1,0, 42630
25,42635,2,2,1, 42637
1,42646,1,1,1, 42647
8,42656,1,1,1, 42657
16,42659,2,2,1, 42661
14,42659,3,3,1, 42662
24,42669,1,1,1, 42670
1,42686,1,1,0, 42687
24,42709,1,1,1, 42710
25,42715,2,2,1, 42717
2,42723,2,2,1, 42725
1,42726,1,1,1, 42727
7,42732,1,1,1, 42733
8,42736,1,1,0, 42737
24,42749,1,1,0, 42750
2,42763,2,2,1, 42765
1,42766,1,1,1, 42767
7,42772,1,1,0, 42773
8,42776,1,1,1, 42777
24,42789,1,1,0, 42790
6,42810,2,2,1, 42812
7,42812,1,1,0, 42813
8,42816,1,1,0, 42817
16,42819,2,2,1, 42821
24,42829,1,1,1, 42830
23,42828,3,3,1, 42831
7,42852,1,1,0, 42853
8,42856,1,1,0, 42857
9,42857,2,2,1, 42859
24,42869,1,1,1, 42870
1,42886,1,1,1, 42887
7,42892,1,1,1, 42893
8,42896,1,1,1, 42897
9,42897,2,2,1, 42899
24,42909,1,1,1, 42910
2,42923,2,2,1, 42925
1,42926,1,1,1, 42927
8,42936,1,1,1, 42937
9,42937,2,2,1, 42939
24,42949,1,1,0, 42950
23,42948,3,3,1, 42951
25,42955,2,2,1, 42957
7,43012,1,1,1, 43013
14,43019,3,3,1, 43022
23,43028,3,3,1, 43031
31,43036,2,2,1, 43038
7,43052,1,1,1, 43053
24,43069,1,1,1, 43070
25,43075,2,2,1, 43077
2,43083,2,2,1, 43085
1,43086,1,1,0, 43087
7,43092,1,1,1, 43093
8,43096,1,1,0, 43097
24,43109,1,1,1, 43110
25,43115,2,2,1, 43117
1,43126,1,1,1, 43127
7,43132,1,1,1, 43133
8,43136,1,1,1, 43137
14,43139,3,3,1, 43142
24,43149,1,1,0, 43150
6,43170,2,2,1, 43172
7,43172,1,1,0, 43173
8,43176,1,1,0, 43177
9,43177,2,2,1, 43179
16,43179,2,2,1, 43181
15,43181,2,2,1, 43183
24,43189,1,1,1, 43190
30,43193,3,3,1, 43196
31,43196,2,2,1, 43198
8,43216,1,1,1, 43217
24,43229,1,1,0, 43230
30,43233,3,3,1, 43236
25,43235,2,2,1, 43237
1,43246,1,1,1, 43247
8,43256,1,1,1, 43257
9,43257,2,2,1, 43259
8,43296,1,1,0, 43297
9,43297,2,2,1, 43299
7,43332,1,1,0, 43333
8,43336,1,1,0, 43337
9,43337,2,2,1, 43339
1,43366,1,1,1, 43367
6,43370,2,2,1, 43372
7,43372,1,1,1, 43373
8,43376,1,1,1, 43377
24,43389,1,1,1, 43390
1,43406,1,1,1, 43407
7,43412,1,1,1, 43413
9,43417,2,2,1, 43419
16,43419,2,2,1, 43421
24,43429,1,1,1, 43430
1,43446,1,1,0, 43447
6,43450,2,2,1, 43452
7,43452,1,1,0, 43453
16,43459,2,2,1, 43461
24,43469,1,1,1, 43470
1,43486,1,1,1, 43487
7,43492,1,1,0, 43493
8,43496,1,1,0, 43497
9,43497,2,2,1, 43499
16,43499,2,2,1, 43501
14,43499,3,3,1, 43502
8,43536,1,1,0, 43537
8,43576,1,1,0, 43577
9,43577,2,2,1, 43579
1,43606,1,1,0, 43607
7,43612,1,1,0, 43613
8,43616,1,1,1, 43617
9,43617,2,2,1, 43619
16,43619,2,2,1, 43621
14,43619,3,3,1, 43622
24,43629,1,1,0, 43630
1,43646,1,1,0, 43647
16,43659,2,2,1, 43661
24,43669,1,1,0, 43670
1,43686,1,1,1, 43687
8,43696,1,1,1, 43697
24,43709,1,1,1, 43710
2,43723,2,2,1, 43725
1,43726,1,1,0, 43727
7,43732,1,1,0, 43733
8,43736,1,1,1, 43737
9,43737,2,2,1, 43739
14,43739,3,3,1, 43742
24,43749,1,1,0, 43750
25,43755,2,2,1, 43757
31,43756,2,2,1, 43758
24,43789,1,1,0, 43790
23,43788,3,3,1, 43791
31,43796,2,2,1, 43798
24,43829,1,1,1, 43830
1,43846,1,1,0, 43847
6,43850,2,2,1, 43852
7,43852,1,1,1, 43853
8,43856,1,1,0, 43857
24,43869,1,1,1, 43870
1,43886,1,1,0, 43887
6,43890,2,2,1, 43892
7,43892,1,1,0, 43893
8,43896,1,1,1, 43897
24,43909,1,1,0, 43910
7,43932,1,1,0, 43933
8,43936,1,1,0, 43937
9,43937,2,2,1, 43939
24,43949,1,1,0, 43950
7,43972,1,1,0, 43973
8,43976,1,1,0, 43977
16,43979,2,2,1, 43981
24,43989,1,1,0, 43990
8,44016,1,1,1, 44017
24,44029,1,1,1, 44030
2,44043,2,2,1, 44045
1,44046,1,1,1, 44047
8,44056,1,1,0, 44057
24,44069,1,1,1, 44070
1,44086,1,1,0, 44087
7,44092,1,1,0, 44093
8,44096,1,1,1, 44097
24,44109,1,1,0, 44110
1,44126,1,1,1, 44127
6,44130,2,2,1, 44132
7,44132,1,1,0, 44133
8,44136,1,1,0, 44137
24,44149,1,1,1, 44150
25,44155,2,2,1, 44157
31,44156,2,2,1, 44158
6,44170,2,2,1, 44172
7,44172,1,1,0, 44173
8,44176,1,1,1, 44177
9,44177,2,2,1, 44179
6,44210,2,2,1, 44212
7,44212,1,1,0, 44213
8,44216,1,1,1, 44217
9,44217,2,2,1, 44219
16,44219,2,2,1, 44221
23,44228,3,3,1, 44231
6,44250,2,2,1, 44252
7,44252,1,1,0, 44253
8,44256,1,1,0, 44257
16,44259,2,2,1, 44261
15,44261,2,2,1, 44263
2,44283,2,2,1, 44285
1,44286,1,1,0, 44287
9,44297,2,2,1, 44299
16,44299,2,2,1, 44301
24,44309,1,1,1, 44310
1,44326,1,1,1, 44327
15,44341,2,2,1, 44343
24,44349,1,1,0, 44350
30,44353,3,3,1, 44356
1,44366,1,1,1, 44367
24,44389,1,1,0, 44390
31,44396,2,2,1, 44398
2,44403,2,2,1, 44405
1,44406,1,1,1, 44407
8,44416,1,1,1, 44417
9,44417,2,2,1, 44419
24,44429,1,1,1, 44430
2,44443,2,2,1, 44445
1,44446,1,1,0, 44447
7,44452,1,1,1, 44453
8,44456,1,1,1, 44457
9,44457,2,2,1, 44459
24,44469,1,1,0, 44470
6,44490,2,2,1, 44492
7,44492,1,1,1, 44493
8,44496,1,1,0, 44497
9,44497,2,2,1, 44499
24,44509,1,1,0, 44510
23,44508,3,3,1, 44511
6,44530,2,2,1, 44532
7,44532,1,1,0, 44533
8,44536,1,1,0, 44537
24,44549,1,1,1, 44550
25,44555,2,2,1, 44557
1,44566,1,1,1, 44567
6,44570,2,2,1, 44572
7,44572,1,1,1, 44573
8,44576,1,1,0, 44577
9,44577,2,2,1, 44579
16,44579,2,2,1, 44581
7,44612,1,1,0, 44613
8,44616,1,1,0, 44617
9,44617,2,2,1, 44619
16,44619,2,2,1, 44621
7,44652,1,1,1, 44653
8,44656,1,1,1, 44657
1,44686,1,1,0, 44687
7,44692,1,1,1, 44693
8,44696,1,1,0, 44697
16,44699,2,2,1, 44701
15,44701,2,2,1, 44703
24,44709,1,1,1, 44710
25,44715,2,2,1, 44717
31,44716,2,2,1, 44718
2,44723,2,2,1, 44725
1,44726,1,1,1, 44727
7,44732,1,1,0, 44733
8,44736,1,1,1, 44737
9,44737,2,2,1, 44739
24,44749,1,1,0, 44750
25,44755,2,2,1, 44757
7,44772,1,1,0, 44773
8,44776,1,1,0, 44777
9,44777,2,2,1, 44779
24,44789,1,1,0, 44790
7,44812,1,1,0, 44813
8,44816,1,1,1, 44817
9,44817,2,2,1, 44819
16,44819,2,2,1, 44821
24,44829,1,1,0, 44830
25,44835,2,2,1, 44837
7,44852,1,1,0, 44853
24,44869,1,1,1, 44870
1,44886,1,1,1, 44887
16,44899,2,2,1, 44901
24,44909,1,1,0, 44910
31,44916,2,2,1, 44918
2,44923,2,2,1, 44925
1,44926,1,1,1, 44927
8,44936,1,1,0, 44937
24,44949,1,1,1, 44950
31,44956,2,2,1, 44958
2,44963,2,2,1, 44965
1,44966,1,1,0, 44967
8,44976,1,1,1, 44977
24,44989,1,1,0, 44990
31,44996,2,2,1, 44998
1,45006,1,1,0, 45007
7,45012,1,1,0, 45013
8,45016,1,1,1, 45017
9,45017,2,2,1, 45019
2,45043,2,2,1, 45045
1,45046,1,1,1, 45047
6,45050,2,2,1, 45052
7,45052,1,1,0, 45053
8,45056,1,1,1, 45057
6,45090,2,2,1, 45092
7,45092,1,1,0, 45093
8,45096,1,1,0, 45097
24,45109,1,1,0, 45110
7,45132,1,1,0, 45133
8,45136,1,1,0, 45137
24,45149,1,1,1, 45150
23,45148,3,3,1, 45151
1,45166,1,1,1, 45167
7,45172,1,1,1, 45173
8,45176,1,1,0, 45177
24,45189,1,1,1, 45190
1,45206,1,1,0, 45207
6,45210,2,2,1, 45212
7,45212,1,1,1, 45213
8,45216,1,1,1, 45217
24,45229,1,1,0, 45230
25,45235,2,2,1, 45237
1,45246,1,1,0, 45247
6,45250,2,2,1, 45252
7,45252,1,1,1, 45253
8,45256,1,1,1, 45257
9,45257,2,2,1, 45259
24,45269,1,1,0, 45270
2,45283,2,2,1, 45285
1,45286,1,1,1, 45287
6,45290,2,2,1, 45292
7,45292,1,1,1, 45293
8,45296,1,1,1, 45297
9,45297,2,2,1, 45299
24,45309,1,1,0, 45310
8,45336,1,1,0, 45337
9,45337,2,2,1, 45339
24,45349,1,1,0, 45350
25,45355,2,2,1, 45357
8,45376,1,1,0, 45377
16,45379,2,2,1, 45381
24,45389,1,1,0, 45390
25,45395,2,2,1, 45397
1,45406,1,1,0, 45407
7,45412,1,1,1, 45413
8,45416,1,1,1, 45417
9,45417,2,2,1, 45419
16,45419,2,2,1, 45421
24,45429,1,1,0, 45430
25,45435,2,2,1, 45437
2,45443,2,2,1, 45445
1,45446,1,1,0, 45447
6,45450,2,2,1, 45452
7,45452,1,1,1, 45453
8,45456,1,1,0, 45457
24,45469,1,1,1, 45470
25,45475,2,2,1, 45477
2,45483,2,2,1, 45485
1,45486,1,1,0, 45487
6,45490,2,2,1, 45492
7,45492,1,1,0, 45493
8,45496,1,1,1, 45497
24,45509,1,1,1, 45510
1,45526,1,1,0, 45527
7,45532,1,1,1, 45533
8,45536,1,1,1, 45537
24,45549,1,1,0, 45550
23,45548,3,3,1, 45551
1,45566,1,1,1, 45567
8,45576,1,1,1, 45577
24,45589,1,1,1, 45590
30,45593,3,3,1, 45596
31,45596,2,2,1, 45598
8,45616,1,1,0, 45617
24,45629,1,1,1, 45630
25,45635,2,2,1, 45637
6,45650,2,2,1, 45652
7,45652,1,1,0, 45653
8,45656,1,1,0, 45657
9,45657,2,2,1, 45659
14,45659,3,3,1, 45662
6,45690,2,2,1, 45692
7,45692,1,1,1, 45693
1,45726,1,1,1, 45727
7,45732,1,1,1, 45733
8,45736,1,1,0, 45737
25,45755,2,2,1, 45757
1,45766,1,1,1, 45767
6,45770,2,2,1, 45772
7,45772,1,1,1, 45773
8,45776,1,1,1, 45777
16,45779,2,2,1, 45781
14,45779,3,3,1, 45782
24,45789,1,1,1, 45790
2,45803,2,2,1, 45805
1,45806,1,1,1, 45807
8,45816,1,1,0, 45817
24,45829,1,1,0, 45830
25,45835,2,2,1, 45837
8,45856,1,1,1, 45857
9,45857,2,2,1, 45859
24,45869,1,1,0, 45870
6,45890,2,2,1, 45892
7,45892,1,1,1, 45893
8,45896,1,1,0, 45897
9,45897,2,2,1, 45899
24,45909,1,1,1, 45910
24,45949,1,1,0, 45950
25,45955,2,2,1, 45957
2,45963,2,2,1, 45965
1,45966,1,1,0, 45967
24,45989,1,1,1, 45990
1,46006,1,1,0, 46007
7,46012,1,1,0, 46013
8,46016,1,1,1, 46017
9,46017,2,2,1, 46019
16,46019,2,2,1, 46021
24,46029,1,1,0, 46030
1,46046,1,1,0, 46047
8,46056,1,1,0, 46057
9,46057,2,2,1, 46059
24,46069,1,1,0, 46070
2,46083,2,2,1, 46085
1,46086,1,1,1, 46087
8,46096,1,1,1, 46097
24,46109,1,1,1, 46110
31,46116,2,2,1, 46118
2,46123,2,2,1, 46125
1,46126,1,1,0, 46127
6,46130,2,2,1, 46132
7,46132,1,1,0, 46133
8,46136,1,1,1, 46137
9,46137,2,2,1, 46139
14,46139,3,3,1, 46142
8,46176,1,1,0, 46177
8,46216,1,1,0, 46217
1,46246,1,1,0, 46247
7,46252,1,1,0, 46253
8,46256,1,1,0, 46257
16,46259,2,2,1, 46261
14,46259,3,3,1, 46262
24,46269,1,1,1, 46270
31,46276,2,2,1, 46278
2,46283,2,2,1, 46285
1,46286,1,1,1, 46287
7,46292,1,1,1, 46293
8,46296,1,1,0, 46297
9,46297,2,2,1, 46299
24,46309,1,1,1, 46310
25,46315,2,2,1, 46317
31,46316,2,2,1, 46318
7,46332,1,1,0, 46333
8,46336,1,1,0, 46337
24,46349,1,1,0, 46350
31,46356,2,2,1, 46358
7,46372,1,1,1, 46373
8,46376,1,1,0, 46377
9,46377,2,2,1, 46379
14,46379,3,3,1, 46382
25,46435,2,2,1, 46437
2,46443,2,2,1, 46445
1,46446,1,1,0, 46447
8,46456,1,1,1, 46457
9,46457,2,2,1, 46459
1,46486,1,1,1, 46487
6,46490,2,2,1, 46492
7,46492,1,1,0, 46493
8,46496,1,1,0, 46497
9,46497,2,2,1, 46499
24,46509,1,1,0, 46510
6,46530,2,2,1, 46532
7,46532,1,1,0, 46533
16,46539,2,2,1, 46541
24,46549,1,1,1, 46550
7,46572,1,1,1, 46573
16,46579,2,2,1, 46581
24,46589,1,1,1, 46590
1,46606,1,1,1, 46607
7,46612,1,1,1, 46613
8,46616,1,1,0, 46617
9,46617,2,2,1, 46619
16,46619,2,2,1, 46621
24,46629,1,1,1, 46630
25,46635,2,2,1, 46637
1,46646,1,1,0, 46647
8,46656,1,1,0, 46657
24,46669,1,1,1, 46670
30,46673,3,3,1, 46676
8,46696,1,1,0, 46697
24,46709,1,1,0, 46710
30,46713,3,3,1, 46716
6,46730,2,2,1, 46732
7,46732,1,1,0, 46733
8,46736,1,1,0, 46737
9,46737,2,2,1, 46739
16,46739,2,2,1, 46741
24,46749,1,1,1, 46750
7,46772,1,1,0, 46773
24,46789,1,1,0, 46790
25,46795,2,2,1, 46797
2,46803,2,2,1, 46805
1,46806,1,1,0, 46807
6,46810,2,2,1, 46812
7,46812,1,1,1, 46813
9,46817,2,2,1, 46819
24,46829,1,1,0, 46830
25,46835,2,2,1, 46837
2,46843,2,2,1, 46845
1,46846,1,1,1, 46847
6,46850,2,2,1, 46852
7,46852,1,1,0, 46853
8,46856,1,1,0, 46857
24,46869,1,1,1, 46870
25,46875,2,2,1, 46877
8,46896,1,1,0, 46897
24,46909,1,1,1, 46910
8,46936,1,1,0, 46937
9,46937,2,2,1, 46939
24,46949,1,1,0, 46950
25,46955,2,2,1, 46957
1,46966,1,1,0, 46967
7,46972,1,1,0, 46973
8,46976,1,1,1, 46977
16,46979,2,2,1, 46981
14,46979,3,3,1, 46982
24,46989,1,1,1, 46990
2,47003,2,2,1, 47005
1,47006,1,1,1, 47007
7,47012,1,1,0, 47013
24,47029,1,1,0, 47030
1,47046,1,1,0, 47047
6,47050,2,2,1, 47052
7,47052,1,1,1, 47053
8,47056,1,1,1, 47057
24,47069,1,1,0, 47070
2,47083,2,2,1, 47085
1,47086,1,1,1, 47087
6,47090,2,2,1, 47092
7,47092,1,1,1, 47093
8,47096,1,1,0, 47097
9,47097,2,2,1, 47099
16,47099,2,2,1, 47101
24,47109,1,1,0, 47110
25,47115,2,2,1, 47117
24,47149,1,1,1, 47150
25,47155,2,2,1, 47157
24,47189,1,1,1, 47190
1,47206,1,1,0, 47207
6,47210,2,2,1, 47212
7,47212,1,1,0, 47213
8,47216,1,1,0, 47217
16,47219,2,2,1, 47221
2,47243,2,2,1, 47245
1,47246,1,1,0, 47247
8,47256,1,1,1, 47257
2,47283,2,2,1, 47285
8,47296,1,1,1, 47297
16,47299,2,2,1, 47301
7,47332,1,1,1, 47333
8,47336,1,1,0, 47337
24,47349,1,1,1, 47350
23,47348,3,3,1, 47351
25,47355,2,2,1, 47357
7,47372,1,1,0, 47373
24,47389,1,1,0, 47390
23,47388,3,3,1, 47391
30,47393,3,3,1, 47396
25,47395,2,2,1, 47397
31,47396,2,2,1, 47398
1,47406,1,1,1, 47407
6,47410,2,2,1, 47412
7,47412,1,1,1, 47413
9,47417,2,2,1, 47419
24,47429,1,1,0, 47430
1,47446,1,1,0, 47447
7,47452,1,1,0, 47453
8,47456,1,1,1, 47457
9,47457,2,2,1, 47459
16,47459,2,2,1, 47461
24,47469,1,1,0, 47470
1,47486,1,1,1, 47487
9,47497,2,2,1, 47499
16,47499,2,2,1, 47501
24,47509,1,1,0, 47510
1,47526,1,1,0, 47527
24,47549,1,1,0, 47550
25,47555,2,2,1, 47557
1,47566,1,1,1, 47567
8,47576,1,1,0, 47577
9,47577,2,2,1, 47579
14,47579,3,3,1, 47582
24,47589,1,1,1, 47590
25,47595,2,2,1, 47597
8,47616,1,1,1, 47617
24,47629,1,1,1, 47630
30,47633,3,3,1, 47636
31,47636,2,2,1, 47638
7,47652,1,1,0, 47653
8,47656,1,1,0, 47657
24,47669,1,1,1, 47670
1,47686,1,1,0, 47687
6,47690,2,2,1, 47692
7,47692,1,1,1, 47693
8,47696,1,1,1, 47697
9,47697,2,2,1, 47699
24,47709,1,1,0, 47710
2,47723,2,2,1, 47725
1,47726,1,1,0, 47727
6,47730,2,2,1, 47732
7,47732,1,1,0, 47733
8,47736,1,1,1, 47737
24,47749,1,1,1, 47750
23,47748,3,3,1, 47751
1,47766,1,1,1, 47767
6,47770,2,2,1, 47772
7,47772,1,1,0, 47773
8,47776,1,1,1, 47777
24,47789,1,1,0, 47790
1,47806,1,1,0, 47807
7,47812,1,1,1, 47813
8,47816,1,1,1, 47817
9,47817,2,2,1, 47819
24,47829,1,1,0, 47830
25,47835,2,2,1, 47837
8,47856,1,1,0, 47857
9,47857,2,2,1, 47859
24,47869,1,1,1, 47870
6,47890,2,2,1, 47892
7,47892,1,1,1, 47893
8,47896,1,1,1, 47897
9,47897,2,2,1, 47899
24,47909,1,1,1, 47910
1,47926,1,1,1, 47927
7,47932,1,1,0, 47933
8,47936,1,1,1, 47937
9,47937,2,2,1, 47939
14,47939,3,3,1, 47942
24,47949,1,1,1, 47950
25,47955,2,2,1, 47957
1,47966,1,1,0, 47967
9,47977,2,2,1, 47979
24,47989,1,1,0, 47990
24,48029,1,1,1, 48030
31,48036,2,2,1, 48038
16,48059,2,2,1, 48061
31,48116,2,2,1, 48118
2,48123,2,2,1, 48125
1,48126,1,1,1, 48127
6,48130,2,2,1, 48132
7,48132,1,1,0, 48133
8,48136,1,1,0, 48137
24,48149,1,1,1, 48150
1,48166,1,1,0, 48167
7,48172,1,1,1, 48173
8,48176,1,1,0, 48177
24,48189,1,1,0, 48190
1,48206,1,1,0, 48207
6,48210,2,2,1, 48212
7,48212,1,1,1, 48213
8,48216,1,1,1, 48217
24,48229,1,1,0, 48230
30,48233,3,3,1, 48236
25,48235,2,2,1, 48237
31,48236,2,2,1, 48238
1,48246,1,1,0, 48247
8,48256,1,1,0, 48257
9,48257,2,2,1, 48259
24,48269,1,1,0, 48270
25,48275,2,2,1, 48277
1,48286,1,1,0, 48287
8,48296,1,1,0, 48297
9,48297,2,2,1, 48299
24,48309,1,1,1, 48310
8,48336,1,1,0, 48337
9,48337,2,2,1, 48339
24,48349,1,1,1, 48350
8,48376,1,1,1, 48377
24,48389,1,1,0, 48390
31,48396,2,2,1, 48398
1,48406,1,1,1, 48407
8,48416,1,1,0, 48417
9,48417,2,2,1, 48419
24,48429,1,1,1, 48430
23,48428,3,3,1, 48431
1,48446,1,1,1, 48447
8,48456,1,1,1, 48457
9,48457,2,2,1, 48459
24,48469,1,1,0, 48470
31,48476,2,2,1, 48478
2,48483,2,2,1, 48485
1,48486,1,1,0, 48487
6,48490,2,2,1, 48492
7,48492,1,1,1, 48493
16,48499,2,2,1, 48501
24,48509,1,1,1, 48510
2,48523,2,2,1, 48525
1,48526,1,1,0, 48527
6,48530,2,2,1, 48532
7,48532,1,1,0, 48533
16,48539,2,2,1, 48541
24,48549,1,1,0, 48550
2,48563,2,2,1, 48565
1,48566,1,1,0, 48567
6,48570,2,2,1, 48572
7,48572,1,1,0, 48573
24,48589,1,1,0, 48590
25,48595,2,2,1, 48597
31,48596,2,2,1, 48598
8,48616,1,1,1, 48617
9,48617,2,2,1, 48619
8,48656,1,1,0, 48657
9,48657,2,2,1, 48659
8,48696,1,1,1, 48697
9,48697,2,2,1, 48699
24,48709,1,1,1, 48710
25,48715,2,2,1, 48717
2,48723,2,2,1, 48725
1,48726,1,1,0, 48727
6,48730,2,2,1, 48732
7,48732,1,1,0, 48733
8,48736,1,1,1, 48737
9,48737,2,2,1, 48739
14,48739,3,3,1, 48742
15,48741,2,2,1, 48743
24,48749,1,1,0, 48750
2,48763,2,2,1, 48765
1,48766,1,1,1, 48767
7,48772,1,1,0, 48773
16,48779,2,2,1, 48781
24,48789,1,1,1, 48790
2,48803,2,2,1, 48805
1,48806,1,1,0, 48807
9,48817,2,2,1, 48819
24,48829,1,1,1, 48830
30,48833,3,3,1, 48836
31,48836,2,2,1, 48838
8,48856,1,1,0, 48857
15,48861,2,2,1, 48863
7,48892,1,1,0, 48893
8,48896,1,1,1, 48897
23,48908,3,3,1, 48911
7,48932,1,1,0, 48933
8,48936,1,1,1, 48937
9,48937,2,2,1, 48939
24,48949,1,1,1, 48950
25,48955,2,2,1, 48957
31,48956,2,2,1, 48958
2,48963,2,2,1, 48965
1,48966,1,1,0, 48967
7,48972,1,1,1, 48973
8,48976,1,1,0, 48977
16,48979,2,2,1, 48981
24,48989,1,1,1, 48990
23,48988,3,3,1, 48991
31,48996,2,2,1, 48998
2,49003,2,2,1, 49005
1,49006,1,1,0, 49007
7,49012,1,1,0, 49013
8,49016,1,1,1, 49017
9,49017,2,2,1, 49019
14,49019,3,3,1, 49022
24,49029,1,1,1, 49030
2,49043,2,2,1, 49045
1,49046,1,1,0, 49047
6,49050,2,2,1, 49052
7,49052,1,1,1, 49053
8,49056,1,1,1, 49057
24,49069,1,1,1, 49070
6,49090,2,2,1, 49092
7,49092,1,1,1, 49093
8,49096,1,1,0, 49097
24,49109,1,1,1, 49110
25,49115,2,2,1, 49117
6,49130,2,2,1, 49132
7,49132,1,1,1, 49133
8,49136,1,1,1, 49137
9,49137,2,2,1, 49139
16,49139,2,2,1, 49141
14,49139,3,3,1, 49142
24,49149,1,1,1, 49150
8,49176,1,1,1, 49177
9,49177,2,2,1, 49179
24,49189,1,1,1, 49190
1,49206,1,1,0, 49207
8,49216,1,1,1, 49217
24,49229,1,1,0, 49230
2,49243,2,2,1, 49245
1,49246,1,1,1, 49247
7,49252,1,1,1, 49253
8,49256,1,1,1, 49257
16,49259,2,2,1, 49261
24,49269,1,1,1, 49270
23,49268,3,3,1, 49271
7,49292,1,1,0, 49293
14,49299,3,3,1, 49302
24,49309,1,1,0, 49310
23,49308,3,3,1, 49311
6,49330,2,2,1, 49332
7,49332,1,1,0, 49333
24,49349,1,1,0, 49350
1,49366,1,1,1, 49367
6,49370,2,2,1, 49372
7,49372,1,1,1, 49373
8,49376,1,1,0, 49377
9,49377,2,2,1, 49379
24,49389,1,1,1, 49390
25,49395,2,2,1, 49397
2,49403,2,2,1, 49405
1,49406,1,1,1, 49407
8,49416,1,1,0, 49417
24,49429,1,1,1, 49430
25,49435,2,2,1, 49437
8,49456,1,1,0, 49457
15,49461,2,2,1, 49463
24,49469,1,1,1, 49470
7,49492,1,1,0, 49493
8,49496,1,1,0, 49497
9,49497,2,2,1, 49499
16,49499,2,2,1, 49501
14,49499,3,3,1, 49502
24,49509,1,1,0, 49510
7,49532,1,1,0, 49533
24,49549,1,1,1, 49550
1,49566,1,1,1, 49567
6,49570,2,2,1, 49572
7,49572,1,1,0, 49573
16,49579,2,2,1, 49581
15,49581,2,2,1, 49583
24,49589,1,1,1, 49590
2,49603,2,2,1, 49605
1,49606,1,1,1, 49607
6,49610,2,2,1, 49612
7,49612,1,1,1, 49613
9,49617,2,2,1, 49619
16,49619,2,2,1, 49621
24,49629,1,1,1, 49630
30,49633,3,3,1, 49636
1,49646,1,1,0, 49647
24,49669,1,1,1, 49670
30,49673,3,3,1, 49676
31,49676,2,2,1, 49678
1,49686,1,1,1, 49687
7,49692,1,1,1, 49693
8,49696,1,1,0, 49697
24,49709,1,1,0, 49710
1,49726,1,1,0, 49727
6,49730,2,2,1, 49732
7,49732,1,1,0, 49733
8,49736,1,1,0, 49737
9,49737,2,2,1, 49739
16,49739,2,2,1, 49741
24,49749,1,1,1, 49750
6,49770,2,2,1, 49772
7,49772,1,1,0, 49773
8,49776,1,1,0, 49777
9,49777,2,2,1, 49779
24,49789,1,1,1, 49790
25,49795,2,2,1, 49797
31,49796,2,2,1, 49798
8,49816,1,1,0, 49817
1,49846,1,1,1, 49847
8,49856,1,1,0, 49857
16,49859,2,2,1, 49861
25,49875,2,2,1, 49877
2,49883,2,2,1, 49885
1,49886,1,1,1, 49887
8,49896,1,1,0, 49897
16,49899,2,2,1, 49901
24,49909,1,1,0, 49910
6,49930,2,2,1, 49932
7,49932,1,1,1, 49933
24,49949,1,1,1, 49950
6,49970,2,2,1, 49972
7,49972,1,1,1, 49973
24,49989,1,1,1, 49990
1,50006,1,1,1, 50007
6,50010,2,2,1, 50012
7,50012,1,1,1, 50013
24,50029,1,1,0, 50030
23,50028,3,3,1, 50031
6,50050,2,2,1, 50052
7,50052,1,1,0, 50053
8,50056,1,1,0, 50057
24,50069,1,1,1, 50070
25,50075,2,2,1, 50077
7,50092,1,1,1, 50093
8,50096,1,1,0, 50097
24,50109,1,1,0, 50110
25,50115,2,2,1, 50117
8,50136,1,1,1, 50137
24,50149,1,1,1, 50150
23,50148,3,3,1, 50151
30,50153,3,3,1, 50156
25,50155,2,2,1, 50157
2,50163,2,2,1, 50165
1,50166,1,1,0, 50167
8,50176,1,1,0, 50177
9,50177,2,2,1, 50179
16,50179,2,2,1, 50181
24,50189,1,1,1, 50190
25,50195,2,2,1, 50197
1,50206,1,1,0, 50207
8,50216,1,1,1, 50217
9,50217,2,2,1, 50219
24,50229,1,1,1, 50230
24,50269,1,1,1, 50270
6,50290,2,2,1, 50292
7,50292,1,1,0, 50293
8,50296,1,1,0, 50297
24,50309,1,1,1, 50310
1,50326,1,1,1, 50327
6,50330,2,2,1, 50332
7,50332,1,1,0, 50333
8,50336,1,1,0, 50337
24,50349,1,1,1, 50350
25,50355,2,2,1, 50357
2,50363,2,2,1, 50365
1,50366,1,1,0, 50367
6,50370,2,2,1, 50372
7,50372,1,1,0, 50373
8,50376,1,1,1, 50377
9,50377,2,2,1, 50379
16,50379,2,2,1, 50381
24,50389,1,1,0, 50390
25,50395,2,2,1, 50397
31,50396,2,2,1, 50398
24,50429,1,1,1, 50430
24,50469,1,1,0, 50470
23,50468,3,3,1, 50471
30,50473,3,3,1, 50476
24,50509,1,1,1, 50510
23,50508,3,3,1, 50511
2,50523,2,2,1, 50525
1,50526,1,1,1, 50527
7,50532,1,1,1, 50533
8,50536,1,1,1, 50537
15,50541,2,2,1, 50543
14,50539,3,5,1, 50544
24,50549,1,1,0, 50550
23,50548,3,3,1, 50551
2,50563,2,2,1, 50565
1,50566,1,1,0, 50567
6,50570,2,2,1, 50572
7,50572,1,1,0, 50573
8,50576,1,1,0, 50577
16,50579,2,2,1, 50581
24,50589,1,1,0, 50590
2,50603,2,2,1, 50605
1,50606,1,1,0, 50607
7,50612,1,1,1, 50613
8,50616,1,1,0, 50617
24,50629,1,1,0, 50630
25,50635,2,2,1, 50637
7,50652,1,1,0, 50653
8,50656,1,1,0, 50657
9,50657,2,2,1, 50659
24,50669,1,1,1, 50670
7,50692,1,1,1, 50693
8,50696,1,1,1, 50697
9,50697,2,2,1, 50699
16,50699,2,2,1, 50701
15,50701,2,2,1, 50703
24,50709,1,1,0, 50710
6,50730,2,2,1, 50732
7,50732,1,1,1, 50733
16,50739,2,2,1, 50741
15,50741,2,2,1, 50743
24,50749,1,1,0, 50750
25,50755,2,2,1, 50757
31,50756,2,2,1, 50758
1,50766,1,1,1, 50767
6,50770,2,2,1, 50772
7,50772,1,1,1, 50773
24,50789,1,1,1, 50790
25,50795,2,2,1, 50797
1,50806,1,1,1, 50807
7,50812,1,1,0, 50813
8,50816,1,1,1, 50817
9,50817,2,2,1, 50819
16,50819,2,2,1, 50821
24,50829,1,1,1, 50830
23,50828,3,3,1, 50831
7,50852,1,1,1, 50853
8,50856,1,1,1, 50857
14,50859,3,3,1, 50862
15,50861,2,2,1, 50863
24,50869,1,1,0, 50870
30,50873,3,3,1, 50876
6,50890,2,2,1, 50892
7,50892,1,1,1, 50893
8,50896,1,1,1, 50897
1,50926,1,1,1, 50927
6,50930,2,2,1, 50932
7,50932,1,1,0, 50933
8,50936,1,1,0, 50937
9,50937,2,2,1, 50939
2,50963,2,2,1, 50965
1,50966,1,1,1, 50967
6,50970,2,2,1, 50972
7,50972,1,1,0, 50973
8,50976,1,1,1, 50977
24,50989,1,1,0, 50990
23,50988,3,3,1, 50991
1,51006,1,1,1, 51007
8,51016,1,1,1, 51017
24,51029,1,1,0, 51030
2,51043,2,2,1, 51045
1,51046,1,1,1, 51047
8,51056,1,1,0, 51057
9,51057,2,2,1, 51059
24,51069,1,1,0, 51070
8,51096,1,1,0, 51097
9,51097,2,2,1, 51099
24,51109,1,1,1, 51110
23,51108,3,3,1, 51111
30,51113,3,3,1, 51116
31,51116,2,2,1, 51118
6,51130,2,2,1, 51132
7,51132,1,1,0, 51133
24,51149,1,1,1, 51150
25,51155,2,2,1, 51157
1,51166,1,1,0, 51167
7,51172,1,1,0, 51173
16,51179,2,2,1, 51181
24,51189,1,1,0, 51190
2,51203,2,2,1, 51205
1,51206,1,1,0, 51207
7,51212,1,1,1, 51213
9,51217,2,2,1, 51219
24,51229,1,1,0, 51230
30,51233,3,3,1, 51236
31,51236,2,2,1, 51238
1,51246,1,1,0, 51247
8,51256,1,1,0, 51257
2,51283,2,2,1, 51285
1,51286,1,1,0, 51287
8,51296,1,1,0, 51297
8,51336,1,1,0, 51337
23,51348,3,3,1, 51351
31,51356,2,2,1, 51358
1,51366,1,1,1, 51367
8,51376,1,1,1, 51377
9,51377,2,2,1, 51379
24,51389,1,1,1, 51390
25,51395,2,2,1, 51397
2,51403,2,2,1, 51405
1,51406,1,1,1, 51407
8,51416,1,1,0, 51417
24,51429,1,1,1, 51430
25,51435,2,2,1, 51437
8,51456,1,1,1, 51457
24,51469,1,1,0, 51470
23,51468,3,3,1, 51471
30,51473,3,3,1, 51476
31,51476,2,2,1, 51478
1,51526,1,1,0, 51527
1,51566,1,1,1, 51567
9,51577,2,2,1, 51579
24,51589,1,1,0, 51590
1,51606,1,1,0, 51607
7,51612,1,1,0, 51613
8,51616,1,1,1, 51617
16,51619,2,2,1, 51621
24,51629,1,1,0, 51630
1,51646,1,1,0, 51647
6,51650,2,2,1, 51652
7,51652,1,1,0, 51653
8,51656,1,1,0, 51657
24,51669,1,1,0, 51670
2,51683,2,2,1, 51685
1,51686,1,1,1, 51687
6,51690,2,2,1, 51692
7,51692,1,1,1, 51693
8,51696,1,1,1, 51697
24,51709,1,1,0, 51710
30,51713,3,3,1, 51716
31,51716,2,2,1, 51718
1,51726,1,1,0, 51727
8,51736,1,1,0, 51737
24,51749,1,1,0, 51750
25,51755,2,2,1, 51757
2,51763,2,2,1, 51765
1,51766,1,1,0, 51767
8,51776,1,1,0, 51777
9,51777,2,2,1, 51779
24,51789,1,1,1, 51790
8,51816,1,1,1, 51817
16,51819,2,2,1, 51821
24,51829,1,1,1, 51830
30,51833,3,3,1, 51836
6,51850,2,2,1, 51852
7,51852,1,1,0, 51853
24,51869,1,1,0, 51870
25,51875,2,2,1, 51877
31,51876,2,2,1, 51878
1,51886,1,1,0, 51887
7,51892,1,1,0, 51893
24,51909,1,1,0, 51910
2,51923,2,2,1, 51925
1,51926,1,1,1, 51927
6,51930,2,2,1, 51932
7,51932,1,1,1, 51933
9,51937,2,2,1, 51939
24,51949,1,1,1, 51950
30,51953,3,3,1, 51956
1,51966,1,1,0, 51967
8,51976,1,1,1, 51977
9,51977,2,2,1, 51979
24,51989,1,1,0, 51990
2,52003,2,2,1, 52005
1,52006,1,1,1, 52007
8,52016,1,1,0, 52017
9,52017,2,2,1, 52019
24,52029,1,1,0, 52030
8,52056,1,1,0, 52057
9,52057,2,2,1, 52059
24,52069,1,1,1, 52070
30,52073,3,3,1, 52076
31,52076,2,2,1, 52078
8,52096,1,1,0, 52097
24,52109,1,1,1, 52110
25,52115,2,2,1, 52117
1,52126,1,1,0, 52127
8,52136,1,1,1, 52137
16,52139,2,2,1, 52141
24,52149,1,1,1, 52150
2,52163,2,2,1, 52165
1,52166,1,1,0, 52167
16,52179,2,2,1, 52181
24,52189,1,1,0, 52190
23,52188,3,3,1, 52191
31,52196,2,2,1, 52198
6,52210,2,2,1, 52212
7,52212,1,1,0, 52213
16,52219,2,4,1, 52223
15,52221,2,2,1, 52223
23,52228,3,3,1, 52231
7,52252,1,1,0, 52253
8,52256,1,1,0, 52257
16,52259,2,4,1, 52263
7,52292,1,1,1, 52293
8,52296,1,1,0, 52297
2,52323,2,2,1, 52325
1,52326,1,1,0, 52327
8,52336,1,1,0, 52337
24,52349,1,1,1, 52350
2,52363,2,2,1, 52365
1,52366,1,1,1, 52367
8,52376,1,1,0, 52377
24,52389,1,1,1, 52390
25,52395,2,2,1, 52397
1,52406,1,1,1, 52407
8,52416,1,1,1, 52417
24,52429,1,1,0, 52430
23,52428,3,3,1, 52431
6,52450,2,2,1, 52452
7,52452,1,1,1, 52453
8,52456,1,1,0, 52457
16,52459,2,2,1, 52461
24,52469,1,1,0, 52470
7,52492,1,1,0, 52493
8,52496,1,1,0, 52497
24,52509,1,1,1, 52510
7,52532,1,1,0, 52533
8,52536,1,1,0, 52537
24,52549,1,1,1, 52550
30,52553,3,3,1, 52556
1,52566,1,1,0, 52567
8,52576,1,1,0, 52577
24,52589,1,1,0, 52590
1,52606,1,1,0, 52607
8,52616,1,1,1, 52617
9,52617,2,2,1, 52619
24,52629,1,1,1, 52630
2,52643,2,2,1, 52645
1,52646,1,1,1, 52647
8,52656,1,1,0, 52657
24,52669,1,1,0, 52670
31,52676,2,2,1, 52678
6,52690,2,2,1, 52692
7,52692,1,1,0, 52693
24,52709,1,1,1, 52710
7,52732,1,1,0, 52733
24,52749,1,1,0, 52750
25,52755,2,2,1, 52757
2,52763,2,2,1, 52765
1,52766,1,1,1, 52767
7,52772,1,1,1, 52773
24,52789,1,1,0, 52790
30,52793,3,3,1, 52796
25,52795,2,2,1, 52797
31,52796,2,2,1, 52798
2,52803,2,2,1, 52805
1,52806,1,1,0, 52807
8,52816,1,1,1, 52817
24,52829,1,1,1, 52830
1,52846,1,1,1, 52847
8,52856,1,1,0, 52857
24,52869,1,1,1, 52870
8,52896,1,1,0, 52897
24,52909,1,1,1, 52910
23,52908,3,3,1, 52911
7,52932,1,1,1, 52933
8,52936,1,1,1, 52937
9,52937,2,2,1, 52939
16,52939,2,2,1, 52941
24,52949,1,1,1, 52950
1,52966,1,1,1, 52967
6,52970,2,2,1, 52972
7,52972,1,1,0, 52973
8,52976,1,1,1, 52977
16,52979,2,2,1, 52981
24,52989,1,1,0, 52990
25,52995,2,2,1, 52997
1,53006,1,1,1, 53007
6,53010,2,2,1, 53012
7,53012,1,1,0, 53013
8,53016,1,1,0, 53017
24,53029,1,1,0, 53030
30,53033,3,3,1, 53036
31,53036,2,2,1, 53038
2,53043,2,2,1, 53045
1,53046,1,1,1, 53047
24,53069,1,1,1, 53070
1,53086,1,1,1, 53087
24,53109,1,1,1, 53110
1,53126,1,1,1, 53127
24,53149,1,1,1, 53150
23,53148,3,5,1, 53153
30,53153,3,3,1, 53156
31,53156,2,2,1, 53158
6,53170,2,2,1, 53172
7,53172,1,1,1, 53173
8,53176,1,1,0, 53177
24,53189,1,1,1, 53190
6,53210,2,2,1, 53212
7,53212,1,1,0, 53213
8,53216,1,1,1, 53217
24,53229,1,1,0, 53230
7,53252,1,1,1, 53253
8,53256,1,1,1, 53257
24,53269,1,1,1, 53270
30,53273,3,3,1, 53276
25,53275,2,2,1, 53277
31,53276,2,2,1, 53278
1,53286,1,1,1, 53287
7,53292,1,1,0, 53293
8,53296,1,1,0, 53297
9,53297,2,2,1, 53299
24,53309,1,1,0, 53310
1,53326,1,1,1, 53327
6,53330,2,2,1, 53332
7,53332,1,1,1, 53333
8,53336,1,1,1, 53337
9,53337,2,2,1, 53339
24,53349,1,1,0, 53350
2,53363,2,2,1, 53365
1,53366,1,1,1, 53367
6,53370,2,2,1, 53372
7,53372,1,1,1, 53373
8,53376,1,1,1, 53377
24,53389,1,1,1, 53390
30,53393,3,3,1, 53396
25,53395,2,2,1, 53397
1,53406,1,1,0, 53407
8,53416,1,1,0, 53417
14,53419,3,3,1, 53422
24,53429,1,1,0, 53430
1,53446,1,1,1, 53447
8,53456,1,1,0, 53457
16,53459,2,2,1, 53461
14,53459,3,3,1, 53462
24,53469,1,1,0, 53470
25,53475,2,2,1, 53477
24,53509,1,1,1, 53510
25,53515,2,2,1, 53517
6,53530,2,2,1, 53532
7,53532,1,1,0, 53533
8,53536,1,1,0, 53537
24,53549,1,1,1, 53550
25,53555,2,2,1, 53557
1,53566,1,1,1, 53567
7,53572,1,1,1, 53573
8,53576,1,1,0, 53577
16,53579,2,2,1, 53581
24,53589,1,1,1, 53590
1,53606,1,1,0, 53607
6,53610,2,2,1, 53612
7,53612,1,1,0, 53613
9,53617,2,2,1, 53619
24,53629,1,1,1, 53630
31,53636,2,2,1, 53638
1,53646,1,1,0, 53647
6,53650,2,2,1, 53652
7,53652,1,1,0, 53653
16,53659,2,2,1, 53661
24,53669,1,1,0, 53670
1,53686,1,1,1, 53687
6,53690,2,2,1, 53692
7,53692,1,1,1, 53693
8,53696,1,1,0, 53697
9,53697,2,2,1, 53699
24,53709,1,1,0, 53710
8,53736,1,1,1, 53737
24,53749,1,1,1, 53750
25,53755,2,2,1, 53757
8,53776,1,1,1, 53777
9,53777,2,2,1, 53779
24,53789,1,1,1, 53790
1,53806,1,1,0, 53807
6,53810,2,2,1, 53812
7,53812,1,1,1, 53813
8,53816,1,1,1, 53817
9,53817,2,2,1, 53819
16,53819,2,2,1, 53821
24,53829,1,1,1, 53830
2,53843,2,2,1, 53845
1,53846,1,1,1, 53847
24,53869,1,1,1, 53870
2,53883,2,2,1, 53885
1,53886,1,1,1, 53887
24,53909,1,1,1, 53910
2,53923,2,2,1, 53925
1,53926,1,1,0, 53927
7,53932,1,1,0, 53933
8,53936,1,1,0, 53937
24,53949,1,1,0, 53950
23,53948,3,3,1, 53951
30,53953,3,3,1, 53956
7,53972,1,1,1, 53973
8,53976,1,1,1, 53977
9,53977,2,2,1, 53979
24,53989,1,1,0, 53990
23,53988,3,3,1, 53991
6,54010,2,2,1, 54012
7,54012,1,1,0, 54013
8,54016,1,1,0, 54017
9,54017,2,2,1, 54019
24,54029,1,1,0, 54030
1,54046,1,1,0, 54047
6,54050,2,2,1, 54052
7,54052,1,1,0, 54053
8,54056,1,1,1, 54057
16,54059,2,2,1, 54061
24,54069,1,1,0, 54070
23,54068,3,3,1, 54071
25,54075,2,2,1, 54077
1,54086,1,1,0, 54087
6,54090,2,2,1, 54092
7,54092,1,1,1, 54093
16,54099,2,2,1, 54101
24,54109,1,1,0, 54110
30,54113,3,3,1, 54116
25,54115,2,2,1, 54117
16,54139,2,2,1, 54141
24,54149,1,1,0, 54150
8,54176,1,1,0, 54177
16,54179,2,2,1, 54181
24,54189,1,1,1, 54190
8,54216,1,1,0, 54217
24,54229,1,1,0, 54230
25,54235,2,2,1, 54237
31,54236,2,2,1, 54238
1,54246,1,1,0, 54247
6,54250,2,2,1, 54252
7,54252,1,1,1, 54253
8,54256,1,1,0, 54257
24,54269,1,1,0, 54270
2,54283,2,2,1, 54285
1,54286,1,1,0, 54287
6,54290,2,2,1, 54292
7,54292,1,1,0, 54293
8,54296,1,1,1, 54297
9,54297,2,2,1, 54299
24,54309,1,1,0, 54310
1,54326,1,1,0, 54327
6,54330,2,2,1, 54332
7,54332,1,1,0, 54333
8,54336,1,1,1, 54337
24,54349,1,1,0, 54350
25,54355,2,2,1, 54357
1,54366,1,1,1, 54367
6,54370,2,2,1, 54372
7,54372,1,1,1, 54373
8,54376,1,1,0, 54377
24,54389,1,1,0, 54390
25,54395,2,2,1, 54397
1,54406,1,1,0, 54407
7,54412,1,1,1, 54413
8,54416,1,1,0, 54417
16,54419,2,2,1, 54421
14,54419,3,3,1, 54422
24,54429,1,1,1, 54430
25,54435,2,2,1, 54437
8,54456,1,1,0, 54457
24,54469,1,1,1, 54470
23,54468,3,3,1, 54471
25,54475,2,2,1, 54477
31,54476,2,2,1, 54478
8,54496,1,1,1, 54497
24,54509,1,1,1, 54510
1,54526,1,1,0, 54527
8,54536,1,1,0, 54537
16,54539,2,2,1, 54541
24,54549,1,1,1, 54550
2,54563,2,2,1, 54565
1,54566,1,1,0, 54567
24,54589,1,1,0, 54590
30,54593,3,3,1, 54596
2,54603,2,2,1, 54605
1,54606,1,1,0, 54607
7,54612,1,1,1, 54613
16,54619,2,2,1, 54621
24,54629,1,1,0, 54630
1,54646,1,1,1, 54647
6,54650,2,2,1, 54652
7,54652,1,1,0, 54653
8,54656,1,1,1, 54657
9,54657,2,2,1, 54659
24,54669,1,1,0, 54670
25,54675,2,2,1, 54677
7,54692,1,1,1, 54693
8,54696,1,1,1, 54697
24,54709,1,1,0, 54710
30,54713,3,3,1, 54716
31,54716,2,2,1, 54718
8,54736,1,1,1, 54737
24,54749,1,1,1, 54750
23,54748,3,3,1, 54751
1,54766,1,1,0, 54767
8,54776,1,1,1, 54777
9,54777,2,2,1, 54779
16,54779,2,2,1, 54781
24,54789,1,1,0, 54790
25,54795,2,2,1, 54797
1,54806,1,1,0, 54807
8,54816,1,1,0, 54817
9,54817,2,2,1, 54819
24,54829,1,1,0, 54830
30,54833,3,3,1, 54836
25,54835,2,2,1, 54837
6,54850,2,2,1, 54852
7,54852,1,1,0, 54853
8,54856,1,1,1, 54857
15,54861,2,2,1, 54863
24,54869,1,1,0, 54870
25,54875,2,2,1, 54877
6,54890,2,2,1, 54892
7,54892,1,1,0, 54893
8,54896,1,1,1, 54897
24,54909,1,1,1, 54910
7,54932,1,1,0, 54933
8,54936,1,1,0, 54937
16,54939,2,2,1, 54941
24,54949,1,1,0, 54950
30,54953,3,3,1, 54956
31,54956,2,2,1, 54958
1,54966,1,1,1, 54967
6,54970,2,2,1, 54972
7,54972,1,1,0, 54973
8,54976,1,1,0, 54977
2,55003,2,2,1, 55005
1,55006,1,1,0, 55007
7,55012,1,1,0, 55013
8,55016,1,1,1, 55017
9,55017,2,2,1, 55019
15,55021,2,2,1, 55023
2,55043,2,2,1, 55045
1,55046,1,1,0, 55047
8,55056,1,1,0, 55057
9,55057,2,2,1, 55059
24,55069,1,1,0, 55070
25,55075,2,2,1, 55077
8,55096,1,1,0, 55097
9,55097,2,2,1, 55099
24,55109,1,1,1, 55110
7,55132,1,1,1, 55133
8,55136,1,1,1, 55137
9,55137,2,2,1, 55139
16,55139,2,2,1, 55141
24,55149,1,1,1, 55150
25,55155,2,2,1, 55157
7,55172,1,1,0, 55173
8,55176,1,1,0, 55177
9,55177,2,2,1, 55179
24,55189,1,1,0, 55190
30,55193,3,3,1, 55196
25,55195,2,2,1, 55197
31,55196,2,2,1, 55198
1,55206,1,1,0, 55207
6,55210,2,2,1, 55212
7,55212,1,1,1, 55213
2,55243,2,2,1, 55245
1,55246,1,1,1, 55247
6,55250,2,2,1, 55252
7,55252,1,1,0, 55253
24,55269,1,1,1, 55270
2,55283,2,2,1, 55285
1,55286,1,1,0, 55287
6,55290,2,2,1, 55292
7,55292,1,1,1, 55293
8,55296,1,1,1, 55297
15,55301,2,2,1, 55303
24,55309,1,1,1, 55310
31,55316,2,2,1, 55318
1,55326,1,1,0, 55327
6,55330,2,2,1, 55332
7,55332,1,1,0, 55333
16,55339,2,2,1, 55341
24,55349,1,1,1, 55350
1,55366,1,1,0, 55367
7,55372,1,1,1, 55373
9,55377,2,2,1, 55379
24,55389,1,1,1, 55390
6,55410,2,2,1, 55412
7,55412,1,1,0, 55413
24,55429,1,1,1, 55430
7,55452,1,1,0, 55453
8,55456,1,1,0, 55457
24,55469,1,1,0, 55470
31,55476,2,2,1, 55478
1,55486,1,1,1, 55487
7,55492,1,1,0, 55493
8,55496,1,1,0, 55497
9,55497,2,2,1, 55499
16,55499,2,2,1, 55501
15,55501,2,2,1, 55503
25,55515,2,2,1, 55517
2,55523,2,2,1, 55525
1,55526,1,1,0, 55527
8,55536,1,1,1, 55537
1,55566,1,1,1, 55567
8,55576,1,1,0, 55577
2,55603,2,2,1, 55605
1,55606,1,1,1, 55607
7,55612,1,1,0, 55613
8,55616,1,1,0, 55617
24,55629,1,1,0, 55630
7,55652,1,1,0, 55653
8,55656,1,1,1, 55657
24,55669,1,1,0, 55670
25,55675,2,2,1, 55677
6,55690,2,2,1, 55692
7,55692,1,1,0, 55693
8,55696,1,1,0, 55697
9,55697,2,2,1, 55699
24,55709,1,1,1, 55710
1,55726,1,1,1, 55727
6,55730,2,2,1, 55732
7,55732,1,1,0, 55733
8,55736,1,1,1, 55737
24,55749,1,1,1, 55750
2,55763,2,2,1, 55765
1,55766,1,1,1, 55767
24,55789,1,1,0, 55790
1,55806,1,1,0, 55807
24,55829,1,1,0, 55830
1,55846,1,1,1, 55847
7,55852,1,1,0, 55853
8,55856,1,1,1, 55857
24,55869,1,1,1, 55870
25,55875,2,2,1, 55877
7,55892,1,1,1, 55893
24,55909,1,1,0, 55910
25,55915,2,2,1, 55917
7,55932,1,1,0, 55933
24,55949,1,1,0, 55950
23,55948,3,3,1, 55951
1,55966,1,1,1, 55967
7,55972,1,1,1, 55973
8,55976,1,1,1, 55977
9,55977,2,2,1, 55979
24,55989,1,1,0, 55990
1,56006,1,1,0, 56007
7,56012,1,1,0, 56013
8,56016,1,1,0, 56017
15,56021,2,2,1, 56023
24,56029,1,1,0, 56030
23,56028,3,3,1, 56031
25,56035,2,2,1, 56037
2,56043,2,2,1, 56045
1,56046,1,1,1, 56047
7,56052,1,1,0, 56053
8,56056,1,1,0, 56057
24,56069,1,1,1, 56070
2,56083,2,2,1, 56085
1,56086,1,1,1, 56087
6,56090,2,2,1, 56092
7,56092,1,1,1, 56093
8,56096,1,1,1, 56097
24,56109,1,1,0, 56110
6,56130,2,2,1, 56132
7,56132,1,1,0, 56133
8,56136,1,1,1, 56137
9,56137,2,2,1, 56139
24,56149,1,1,1, 56150
25,56155,2,2,1, 56157
2,56163,2,2,1, 56165
24,56189,1,1,0, 56190
25,56195,2,2,1, 56197
24,56229,1,1,0, 56230
30,56233,3,3,1, 56236
31,56236,2,2,1, 56238
24,56269,1,1,0, 56270
30,56273,3,3,1, 56276
25,56275,2,2,1, 56277
2,56283,2,2,1, 56285
1,56286,1,1,1, 56287
8,56296,1,1,1, 56297
16,56299,2,2,1, 56301
24,56309,1,1,1, 56310
2,56323,2,2,1, 56325
1,56326,1,1,1, 56327
6,56330,2,2,1, 56332
7,56332,1,1,1, 56333
8,56336,1,1,1, 56337
16,56339,2,2,1, 56341
24,56349,1,1,0, 56350
23,56348,3,3,1, 56351
30,56353,3,3,1, 56356
31,56356,2,2,1, 56358
1,56366,1,1,0, 56367
6,56370,2,2,1, 56372
7,56372,1,1,0, 56373
16,56379,2,2,1, 56381
24,56389,1,1,1, 56390
23,56388,3,3,1, 56391
25,56395,2,2,1, 56397
1,56406,1,1,0, 56407
7,56412,1,1,0, 56413
8,56416,1,1,0, 56417
25,56435,2,2,1, 56437
2,56443,2,2,1, 56445
1,56446,1,1,1, 56447
7,56452,1,1,1, 56453
8,56456,1,1,1, 56457
9,56457,2,2,1, 56459
15,56461,2,2,1, 56463
23,56468,3,3,1, 56471
7,56492,1,1,0, 56493
24,56509,1,1,0, 56510
30,56513,3,3,1, 56516
25,56515,2,2,1, 56517
8,56536,1,1,0, 56537
9,56537,2,2,1, 56539
16,56539,2,2,1, 56541
15,56541,2,2,1, 56543
24,56549,1,1,0, 56550
25,56555,2,2,1, 56557
1,56566,1,1,0, 56567
8,56576,1,1,0, 56577
9,56577,2,2,1, 56579
16,56579,2,2,1, 56581
14,56579,3,3,1, 56582
24,56589,1,1,1, 56590
1,56606,1,1,1, 56607
24,56629,1,1,1, 56630
30,56633,3,3,1, 56636
31,56636,2,2,1, 56638
1,56646,1,1,1, 56647
7,56652,1,1,0, 56653
8,56656,1,1,0, 56657
24,56669,1,1,0, 56670
1,56686,1,1,0, 56687
6,56690,2,2,1, 56692
7,56692,1,1,0, 56693
8,56696,1,1,0, 56697
24,56709,1,1,0, 56710
25,56715,2,2,1, 56717
24,56749,1,1,0, 56750
25,56755,2,2,1, 56757
24,56789,1,1,0, 56790
25,56795,2,2,1, 56797
1,56806,1,1,1, 56807
6,56810,2,2,1, 56812
7,56812,1,1,1, 56813
8,56816,1,1,1, 56817
16,56819,2,2,1, 56821
14,56819,3,3,1, 56822
24,56829,1,1,1, 56830
25,56835,2,2,1, 56837
2,56843,2,2,1, 56845
1,56846,1,1,0, 56847
7,56852,1,1,0, 56853
24,56869,1,1,1, 56870
6,56890,2,2,1, 56892
7,56892,1,1,0, 56893
8,56896,1,1,1, 56897
24,56909,1,1,0, 56910
7,56932,1,1,1, 56933
8,56936,1,1,0, 56937
16,56939,2,2,1, 56941
14,56939,3,3,1, 56942
24,56949,1,1,1, 56950
24,56989,1,1,0, 56990
2,57003,2,2,1, 57005
1,57006,1,1,0, 57007
8,57016,1,1,1, 57017
24,57029,1,1,1, 57030
1,57046,1,1,1, 57047
6,57050,2,2,1, 57052
7,57052,1,1,0, 57053
8,57056,1,1,1, 57057
9,57057,2,2,1, 57059
24,57069,1,1,0, 57070
25,57075,2,2,1, 57077
24,57109,1,1,0, 57110
7,57132,1,1,1, 57133
8,57136,1,1,1, 57137
16,57139,2,2,1, 57141
15,57141,2,2,1, 57143
24,57149,1,1,0, 57150
23,57148,3,3,1, 57151
1,57166,1,1,0, 57167
7,57172,1,1,1, 57173
8,57176,1,1,0, 57177
16,57179,2,2,1, 57181
24,57189,1,1,1, 57190
1,57206,1,1,0, 57207
7,57212,1,1,1, 57213
9,57217,2,2,1, 57219
30,57233,3,3,1, 57236
1,57246,1,1,1, 57247
6,57250,2,2,1, 57252
7,57252,1,1,1, 57253
9,57257,2,2,1, 57259
30,57273,3,3,1, 57276
2,57283,2,2,1, 57285
1,57286,1,1,0, 57287
6,57290,2,2,1, 57292
7,57292,1,1,1, 57293
8,57296,1,1,1, 57297
14,57299,3,3,1, 57302
8,57376,1,1,1, 57377
9,57377,2,2,1, 57379
1,57406,1,1,0, 57407
6,57410,2,2,1, 57412
7,57412,1,1,0, 57413
8,57416,1,1,0, 57417
1,57446,1,1,1, 57447
2,57483,2,2,1, 57485
1,57486,1,1,0, 57487
25,57515,2,2,1, 57517
2,57523,2,2,1, 57525
1,57526,1,1,0, 57527
7,57532,1,1,0, 57533
8,57536,1,1,1, 57537
14,57539,3,3,1, 57542
7,57572,1,1,0, 57573
7,57612,1,1,1, 57613
1,57646,1,1,0, 57647
6,57650,2,2,1, 57652
7,57652,1,1,0, 57653
8,57656,1,1,0, 57657
16,57659,2,2,1, 57661
1,57686,1,1,1, 57687
8,57696,1,1,0, 57697
16,57699,2,2,1, 57701
1,57726,1,1,1, 57727
8,57736,1,1,0, 57737
1,57766,1,1,0, 57767
7,57772,1,1,0, 57773
8,57776,1,1,0, 57777
16,57779,2,2,1, 57781
25,57795,2,2,1, 57797
1,57806,1,1,0, 57807
25,57835,2,2,1, 57837
1,57846,1,1,1, 57847
1,57886,1,1,0, 57887
7,57892,1,1,0, 57893
8,57896,1,1,0, 57897
16,57899,2,2,1, 57901
14,57899,3,3,1, 57902
25,57915,2,2,1, 57917
31,57916,2,2,1, 57918
1,57926,1,1,0, 57927
7,57932,1,1,0, 57933
8,57936,1,1,1, 57937
1,57966,1,1,0, 57967
7,57972,1,1,1, 57973
8,57976,1,1,0, 57977
25,57995,2,2,1, 57997
31,57996,2,2,1, 57998
1,58006,1,1,1, 58007
7,58012,1,1,1, 58013
8,58016,1,1,0, 58017
16,58019,2,2,1, 58021
14,58019,3,3,1, 58022
23,58028,3,3,1, 58031
1,58046,1,1,1, 58047
8,58056,1,1,1, 58057
16,58059,2,2,1, 58061
23,58068,3,3,1, 58071
25,58075,2,2,1, 58077
1,58086,1,1,1, 58087
8,58096,1,1,1, 58097
16,58099,2,2,1, 58101
25,58115,2,2,1, 58117
1,58126,1,1,0, 58127
7,58132,1,1,0, 58133
8,58136,1,1,1, 58137
1,58166,1,1,1, 58167
6,58170,2,2,1, 58172
7,58172,1,1,1, 58173
1,58206,1,1,1, 58207
6,58210,2,2,1, 58212
7,58212,1,1,0, 58213
25,58235,2,2,1, 58237
1,58246,1,1,0, 58247
7,58252,1,1,0, 58253
8,58256,1,1,1, 58257
16,58259,2,2,1, 58261
31,58276,2,2,1, 58278
1,58286,1,1,0, 58287
6,58290,2,2,1, 58292
7,58292,1,1,1, 58293
8,58296,1,1,1, 58297
16,58299,2,2,1, 58301
25,58315,2,2,0, 58317
31,58316,2,2,1, 58318
1,58326,1,1,1, 58327
8,58336,1,1,0, 58337
25,58355,2,2,1, 58357
1,58366,1,1,0, 58367
8,58376,1,1,0, 58377
16,58379,2,2,1, 58381
25,58395,2,2,0, 58397
1,58406,1,1,1, 58407
8,58416,1,1,1, 58417
16,58419,2,2,1, 58421
25,58435,2,2,1, 58437
1,58446,1,1,0, 58447
7,58452,1,1,1, 58453
8,58456,1,1,1, 58457
25,58475,2,2,0, 58477
1,58486,1,1,0, 58487
7,58492,1,1,0, 58493
8,58496,1,1,1, 58497
16,58499,2,2,1, 58501
25,58515,2,2,1, 58517
1,58526,1,1,1, 58527
7,58532,1,1,1, 58533
8,58536,1,1,0, 58537
23,58548,3,3,1, 58551
25,58555,2,2,1, 58557
1,58566,1,1,0, 58567
7,58572,1,1,1, 58573
8,58576,1,1,0, 58577
25,58595,2,2,0, 58597
31,58596,2,2,1, 58598
1,58606,1,1,0, 58607
7,58612,1,1,1, 58613
8,58616,1,1,1, 58617
25,58635,2,2,1, 58637
31,58636,2,2,1, 58638
1,58646,1,1,1, 58647
7,58652,1,1,0, 58653
8,58656,1,1,1, 58657
16,58659,2,2,1, 58661
25,58675,2,2,0, 58677
1,58686,1,1,0, 58687
7,58692,1,1,1, 58693
8,58696,1,1,0, 58697
16,58699,2,2,1, 58701
25,58715,2,2,0, 58717
31,58716,2,2,1, 58718
1,58726,1,1,0, 58727
7,58732,1,1,1, 58733
8,58736,1,1,0, 58737
16,58739,2,2,1, 58741
25,58755,2,2,0, 58757
1,58766,1,1,1, 58767
7,58772,1,1,0, 58773
8,58776,1,1,1, 58777
15,58781,2,2,1, 58783
25,58795,2,2,1, 58797
31,58796,2,2,1, 58798
1,58806,1,1,1, 58807
7,58812,1,1,0, 58813
8,58816,1,1,1, 58817
16,58819,2,2,1, 58821
25,58835,2,2,1, 58837
31,58836,2,2,1, 58838
1,58846,1,1,1, 58847
7,58852,1,1,0, 58853
8,58856,1,1,1, 58857
25,58875,2,2,1, 58877
1,58886,1,1,0, 58887
7,58892,1,1,0, 58893
8,58896,1,1,1, 58897
25,58915,2,2,1, 58917
1,58926,1,1,1, 58927
7,58932,1,1,0, 58933
8,58936,1,1,0, 58937
23,58948,3,3,1, 58951
25,58955,2,2,0, 58957
1,58966,1,1,1, 58967
7,58972,1,1,0, 58973
8,58976,1,1,0, 58977
16,58979,2,2,1, 58981
25,58995,2,2,1, 58997
1,59006,1,1,0, 59007
7,59012,1,1,0, 59013
8,59016,1,1,0, 59017
16,59019,2,2,1, 59021
25,59035,2,2,0, 59037
1,59046,1,1,1, 59047
7,59052,1,1,1, 59053
8,59056,1,1,1, 59057
16,59059,2,2,1, 59061
25,59075,2,2,0, 59077
31,59076,2,2,1, 59078
1,59086,1,1,1, 59087
7,59092,1,1,0, 59093
8,59096,1,1,0, 59097
16,59099,2,2,1, 59101
25,59115,2,2,1, 59117
1,59126,1,1,1, 59127
7,59132,1,1,0, 59133
8,59136,1,1,1, 59137
25,59155,2,2,1, 59157
1,59166,1,1,1, 59167
7,59172,1,1,1, 59173
8,59176,1,1,0, 59177
25,59195,2,2,0, 59197
1,59206,1,1,1, 59207
7,59212,1,1,1, 59213
8,59216,1,1,1, 59217
25,59235,2,2,0, 59237
31,59236,2,2,1, 59238
1,59246,1,1,0, 59247
7,59252,1,1,0, 59253
8,59256,1,1,0, 59257
25,59275,2,2,0, 59277
1,59286,1,1,1, 59287
7,59292,1,1,0, 59293
8,59296,1,1,1, 59297
16,59299,2,2,1, 59301
25,59315,2,2,0, 59317
31,59316,2,2,1, 59318
1,59326,1,1,0, 59327
7,59332,1,1,1, 59333
8,59336,1,1,1, 59337
25,59355,2,2,1, 59357
31,59356,2,2,1, 59358
1,59366,1,1,0, 59367
7,59372,1,1,0, 59373
8,59376,1,1,1, 59377
25,59395,2,2,0, 59397
31,59396,2,2,1, 59398
1,59406,1,1,0, 59407
7,59412,1,1,1, 59413
8,59416,1,1,1, 59417
25,59435,2,2,0, 59437
1,59446,1,1,1, 59447
7,59452,1,1,0, 59453
8,59456,1,1,0, 59457
14,59459,3,3,1, 59462
25,59475,2,2,0, 59477
1,59486,1,1,1, 59487
7,59492,1,1,1, 59493
8,59496,1,1,0, 59497
16,59499,2,2,1, 59501
25,59515,2,2,1, 59517
1,59526,1,1,1, 59527
7,59532,1,1,0, 59533
8,59536,1,1,0, 59537
16,59539,2,2,1, 59541
15,59541,2,2,1, 59543
25,59555,2,2,1, 59557
31,59556,2,2,1, 59558
1,59566,1,1,0, 59567
7,59572,1,1,1, 59573
8,59576,1,1,0, 59577
25,59595,2,2,1, 59597
31,59596,2,2,1, 59598
1,59606,1,1,0, 59607
7,59612,1,1,1, 59613
8,59616,1,1,1, 59617
25,59635,2,2,1, 59637
1,59646,1,1,1, 59647
7,59652,1,1,1, 59653
8,59656,1,1,0, 59657
25,59675,2,2,1, 59677
31,59676,2,2,1, 59678
1,59686,1,1,1, 59687
7,59692,1,1,0, 59693
8,59696,1,1,0, 59697
25,59715,2,2,0, 59717
31,59716,2,2,1, 59718
1,59726,1,1,1, 59727
7,59732,1,1,1, 59733
8,59736,1,1,1, 59737
25,59755,2,2,1, 59757
1,59766,1,1,0, 59767
7,59772,1,1,1, 59773
8,59776,1,1,1, 59777
16,59779,2,2,1, 59781
25,59795,2,2,1, 59797
31,59796,2,2,1, 59798
1,59806,1,1,0, 59807
7,59812,1,1,1, 59813
8,59816,1,1,1, 59817
25,59835,2,2,1, 59837
1,59846,1,1,0, 59847
7,59852,1,1,0, 59853
8,59856,1,1,1, 59857
16,59859,2,2,1, 59861
25,59875,2,2,0, 59877
1,59886,1,1,0, 59887
7,59892,1,1,0, 59893
8,59896,1,1,1, 59897
16,59899,2,2,1, 59901
23,59908,3,3,1, 59911
25,59915,2,2,0, 59917
1,59926,1,1,1, 59927
7,59932,1,1,1, 59933
8,59936,1,1,1, 59937
16,59939,2,2,1, 59941
14,59939,3,3,1, 59942
25,59955,2,2,1, 59957
1,59966,1,1,1, 59967
7,59972,1,1,0, 59973
8,59976,1,1,0, 59977
16,59979,2,2,1, 59981
25,59995,2,2,1, 59997
31,59996,2,2,1, 59998
1,60006,1,1,0, 60007
7,60012,1,1,1, 60013
8,60016,1,1,0, 60017
16,60019,2,2,1, 60021
25,60035,2,2,1, 60037
1,60046,1,1,0, 60047
7,60052,1,1,0, 60053
8,60056,1,1,1, 60057
14,60059,3,3,1, 60062
25,60075,2,2,1, 60077
31,60076,2,2,1, 60078
1,60086,1,1,0, 60087
7,60092,1,1,0, 60093
8,60096,1,1,1, 60097
25,60115,2,2,1, 60117
1,60126,1,1,0, 60127
7,60132,1,1,0, 60133
8,60136,1,1,1, 60137
25,60155,2,2,0, 60157
1,60166,1,1,1, 60167
7,60172,1,1,1, 60173
8,60176,1,1,0, 60177
25,60195,2,2,0, 60197
1,60206,1,1,0, 60207
7,60212,1,1,0, 60213
8,60216,1,1,1, 60217
16,60219,2,2,1, 60221
25,60235,2,2,0, 60237
31,60236,2,2,1, 60238
1,60246,1,1,0, 60247
7,60252,1,1,0, 60253
8,60256,1,1,1, 60257
16,60259,2,2,1, 60261
25,60275,2,2,1, 60277
31,60276,2,2,1, 60278
1,60286,1,1,1, 60287
7,60292,1,1,0, 60293
8,60296,1,1,1, 60297
16,60299,2,2,1, 60301
14,60299,3,3,1, 60302
25,60315,2,2,0, 60317
31,60316,2,2,1, 60318
1,60326,1,1,1, 60327
7,60332,1,1,1, 60333
8,60336,1,1,0, 60337
16,60339,2,2,1, 60341
25,60355,2,2,1, 60357
31,60356,2,2,1, 60358
1,60366,1,1,0, 60367
7,60372,1,1,1, 60373
8,60376,1,1,1, 60377
16,60379,2,2,1, 60381
25,60395,2,2,0, 60397
31,60396,2,2,1, 60398
1,60406,1,1,0, 60407
7,60412,1,1,0, 60413
8,60416,1,1,0, 60417
25,60435,2,2,1, 60437
31,60436,2,2,1, 60438
1,60446,1,1,1, 60447
7,60452,1,1,0, 60453
8,60456,1,1,1, 60457
25,60475,2,2,1, 60477
1,60486,1,1,1, 60487
7,60492,1,1,1, 60493
8,60496,1,1,0, 60497
25,60515,2,2,1, 60517
31,60516,2,2,1, 60518
1,60526,1,1,1, 60527
7,60532,1,1,0, 60533
8,60536,1,1,1, 60537
16,60539,2,2,0, 60541
25,60555,2,2,1, 60557
1,60566,1,1,1, 60567
7,60572,1,1,0, 60573
8,60576,1,1,1, 60577
16,60579,2,2,0, 60581
25,60595,2,2,0, 60597
31,60596,2,2,1, 60598
1,60606,1,1,0, 60607
7,60612,1,1,1, 60613
8,60616,1,1,0, 60617
16,60619,2,2,1, 60621
25,60635,2,2,1, 60637
1,60646,1,1,1, 60647
7,60652,1,1,0, 60653
8,60656,1,1,1, 60657
16,60659,2,2,1, 60661
25,60675,2,2,0, 60677
31,60676,2,2,1, 60678
1,60686,1,1,0, 60687
7,60692,1,1,0, 60693
8,60696,1,1,0, 60697
16,60699,2,2,0, 60701
25,60715,2,2,0, 60717
31,60716,2,2,1, 60718
1,60726,1,1,1, 60727
7,60732,1,1,0, 60733
8,60736,1,1,1, 60737
16,60739,2,2,1, 60741
25,60755,2,2,1, 60757
1,60766,1,1,1, 60767
7,60772,1,1,1, 60773
8,60776,1,1,1, 60777
16,60779,2,2,0, 60781
25,60795,2,2,1, 60797
1,60806,1,1,0, 60807
7,60812,1,1,1, 60813
8,60816,1,1,0, 60817
16,60819,2,2,1, 60821
25,60835,2,2,1, 60837
1,60846,1,1,0, 60847
7,60852,1,1,0, 60853
8,60856,1,1,0, 60857
16,60859,2,2,1, 60861
25,60875,2,2,0, 60877
1,60886,1,1,0, 60887
7,60892,1,1,1, 60893
8,60896,1,1,0, 60897
16,60899,2,2,1, 60901
25,60915,2,2,1, 60917
1,60926,1,1,1, 60927
7,60932,1,1,0, 60933
8,60936,1,1,0, 60937
16,60939,2,2,1, 60941
25,60955,2,2,1, 60957
31,60956,2,2,1, 60958
1,60966,1,1,1, 60967
7,60972,1,1,0, 60973
8,60976,1,1,0, 60977
16,60979,2,2,1, 60981
25,60995,2,2,1, 60997
1,61006,1,1,0, 61007
7,61012,1,1,1, 61013
8,61016,1,1,0, 61017
16,61019,2,2,0, 61021
25,61035,2,2,0, 61037
31,61036,2,2,1, 61038
1,61046,1,1,0, 61047
7,61052,1,1,1, 61053
8,61056,1,1,0, 61057
16,61059,2,2,0, 61061
25,61075,2,2,0, 61077
31,61076,2,2,1, 61078
1,61086,1,1,0, 61087
7,61092,1,1,1, 61093
8,61096,1,1,0, 61097
16,61099,2,2,1, 61101
25,61115,2,2,1, 61117
31,61116,2,2,1, 61118
1,61126,1,1,0, 61127
7,61132,1,1,0, 61133
8,61136,1,1,0, 61137
16,61139,2,2,0, 61141
25,61155,2,2,1, 61157
1,61166,1,1,0, 61167
7,61172,1,1,1, 61173
8,61176,1,1,0, 61177
16,61179,2,2,0, 61181
25,61195,2,2,1, 61197
1,61206,1,1,0, 61207
7,61212,1,1,1, 61213
8,61216,1,1,1, 61217
16,61219,2,2,0, 61221
25,61235,2,2,1, 61237
1,61246,1,1,0, 61247
7,61252,1,1,0, 61253
8,61256,1,1,0, 61257
16,61259,2,2,0, 61261
25,61275,2,2,0, 61277
31,61276,2,2,1, 61278
1,61286,1,1,0, 61287
7,61292,1,1,1, 61293
8,61296,1,1,0, 61297
16,61299,2,2,0, 61301
25,61315,2,2,0, 61317
1,61326,1,1,0, 61327
7,61332,1,1,0, 61333
8,61336,1,1,1, 61337
16,61339,2,2,0, 61341
25,61355,2,2,1, 61357
1,61366,1,1,0, 61367
7,61372,1,1,0, 61373
8,61376,1,1,1, 61377
16,61379,2,2,0, 61381
25,61395,2,2,0, 61397
31,61396,2,2,1, 61398
1,61406,1,1,0, 61407
7,61412,1,1,0, 61413
8,61416,1,1,1, 61417
16,61419,2,2,0, 61421
25,61435,2,2,0, 61437
31,61436,2,2,1, 61438
1,61446,1,1,1, 61447
7,61452,1,1,1, 61453
8,61456,1,1,1, 61457
16,61459,2,2,0, 61461
25,61475,2,2,1, 61477
31,61476,2,2,1, 61478
1,61486,1,1,1, 61487
7,61492,1,1,1, 61493
8,61496,1,1,0, 61497
16,61499,2,2,0, 61501
25,61515,2,2,1, 61517
31,61516,2,2,1, 61518
1,61526,1,1,1, 61527
7,61532,1,1,0, 61533
8,61536,1,1,1, 61537
16,61539,2,2,0, 61541
25,61555,2,2,1, 61557
1,61566,1,1,1, 61567
7,61572,1,1,0, 61573
8,61576,1,1,1, 61577
16,61579,2,2,0, 61581
25,61595,2,2,0, 61597
31,61596,2,2,1, 61598
1,61606,1,1,0, 61607
7,61612,1,1,1, 61613
8,61616,1,1,0, 61617
16,61619,2,2,0, 61621
25,61635,2,2,0, 61637
1,61646,1,1,1, 61647
7,61652,1,1,1, 61653
8,61656,1,1,0, 61657
16,61659,2,2,0, 61661
25,61675,2,2,1, 61677
1,61686,1,1,1, 61687
7,61692,1,1,1, 61693
8,61696,1,1,1, 61697
16,61699,2,2,0, 61701
25,61715,2,2,1, 61717
1,61726,1,1,0, 61727
7,61732,1,1,1, 61733
8,61736,1,1,1, 61737
16,61739,2,2,1, 61741
25,61755,2,2,1, 61757
1,61766,1,1,0, 61767
7,61772,1,1,0, 61773
8,61776,1,1,0, 61777
16,61779,2,2,0, 61781
25,61795,2,2,0, 61797
31,61796,2,2,1, 61798
1,61806,1,1,0, 61807
7,61812,1,1,1, 61813
8,61816,1,1,0, 61817
16,61819,2,2,0, 61821
25,61835,2,2,1, 61837
1,61846,1,1,1, 61847
7,61852,1,1,0, 61853
8,61856,1,1,1, 61857
16,61859,2,2,1, 61861
14,61859,3,3,1, 61862
25,61875,2,2,0, 61877
31,61876,2,2,1, 61878
1,61886,1,1,0, 61887
7,61892,1,1,0, 61893
8,61896,1,1,0, 61897
16,61899,2,2,1, 61901
25,61915,2,2,1, 61917
31,61916,2,2,1, 61918
1,61926,1,1,1, 61927
7,61932,1,1,0, 61933
8,61936,1,1,0, 61937
16,61939,2,2,0, 61941
1,61966,1,1,1, 61967
7,61972,1,1,0, 61973
8,61976,1,1,0, 61977
16,61979,2,2,1, 61981
31,61996,2,2,1, 61998
1,62006,1,1,1, 62007
7,62012,1,1,1, 62013
8,62016,1,1,0, 62017
16,62019,2,2,0, 62021
31,62036,2,2,1, 62038
1,62046,1,1,0, 62047
7,62052,1,1,0, 62053
8,62056,1,1,1, 62057
16,62059,2,2,1, 62061
31,62076,2,2,1, 62078
1,62086,1,1,1, 62087
7,62092,1,1,1, 62093
8,62096,1,1,1, 62097
16,62099,2,2,0, 62101
14,62099,3,3,1, 62102
1,62126,1,1,1, 62127
7,62132,1,1,0, 62133
8,62136,1,1,1, 62137
16,62139,2,2,0, 62141
1,62166,1,1,0, 62167
7,62172,1,1,1, 62173
8,62176,1,1,0, 62177
16,62179,2,2,0, 62181
1,62206,1,1,0, 62207
7,62212,1,1,1, 62213
8,62216,1,1,1, 62217
16,62219,2,2,1, 62221
1,62246,1,1,1, 62247
7,62252,1,1,1, 62253
8,62256,1,1,0, 62257
16,62259,2,2,0, 62261
1,62286,1,1,1, 62287
7,62292,1,1,0, 62293
8,62296,1,1,1, 62297
16,62299,2,2,1, 62301
31,62316,2,2,1, 62318
1,62326,1,1,0, 62327
7,62332,1,1,1, 62333
8,62336,1,1,0, 62337
16,62339,2,2,1, 62341
31,62356,2,2,1, 62358
1,62366,1,1,0, 62367
7,62372,1,1,0, 62373
8,62376,1,1,1, 62377
16,62379,2,2,1, 62381
31,62396,2,2,1, 62398
1,62406,1,1,0, 62407
7,62412,1,1,0, 62413
8,62416,1,1,0, 62417
16,62419,2,2,0, 62421
31,62436,2,2,0, 62438
1,62446,1,1,0, 62447
7,62452,1,1,0, 62453
8,62456,1,1,0, 62457
16,62459,2,2,1, 62461
14,62459,3,3,1, 62462
31,62476,2,2,1, 62478
1,62486,1,1,0, 62487
7,62492,1,1,0, 62493
8,62496,1,1,1, 62497
16,62499,2,2,1, 62501
31,62516,2,2,0, 62518
1,62526,1,1,1, 62527
7,62532,1,1,1, 62533
8,62536,1,1,1, 62537
16,62539,2,2,1, 62541
31,62556,2,2,1, 62558
1,62566,1,1,1, 62567
7,62572,1,1,1, 62573
8,62576,1,1,0, 62577
16,62579,2,2,0, 62581
31,62596,2,2,0, 62598
1,62606,1,1,1, 62607
7,62612,1,1,1, 62613
8,62616,1,1,1, 62617
16,62619,2,2,0, 62621
31,62636,2,2,1, 62638
1,62646,1,1,1, 62647
7,62652,1,1,1, 62653
8,62656,1,1,0, 62657
16,62659,2,2,1, 62661
31,62676,2,2,0, 62678
1,62686,1,1,0, 62687
7,62692,1,1,0, 62693
8,62696,1,1,1, 62697
16,62699,2,2,1, 62701
31,62716,2,2,0, 62718
1,62726,1,1,1, 62727
7,62732,1,1,1, 62733
8,62736,1,1,1, 62737
16,62739,2,2,1, 62741
31,62756,2,2,0, 62758
1,62766,1,1,0, 62767
7,62772,1,1,0, 62773
8,62776,1,1,0, 62777
16,62779,2,2,1, 62781
31,62796,2,2,1, 62798
1,62806,1,1,1, 62807
7,62812,1,1,1, 62813
8,62816,1,1,1, 62817
16,62819,2,2,0, 62821
14,62819,3,3,1, 62822
31,62836,2,2,1, 62838
1,62846,1,1,1, 62847
7,62852,1,1,1, 62853
8,62856,1,1,1, 62857
16,62859,2,2,1, 62861
31,62876,2,2,1, 62878
1,62886,1,1,0, 62887
7,62892,1,1,1, 62893
8,62896,1,1,1, 62897
16,62899,2,2,1, 62901
31,62916,2,2,1, 62918
1,62926,1,1,1, 62927
7,62932,1,1,0, 62933
8,62936,1,1,1, 62937
16,62939,2,2,1, 62941
31,62956,2,2,0, 62958
1,62966,1,1,0, 62967
7,62972,1,1,0, 62973
8,62976,1,1,1, 62977
16,62979,2,2,0, 62981
31,62996,2,2,1, 62998
1,63006,1,1,0, 63007
7,63012,1,1,0, 63013
8,63016,1,1,0, 63017
16,63019,2,2,0, 63021
31,63036,2,2,0, 63038
1,63046,1,1,0, 63047
7,63052,1,1,0, 63053
8,63056,1,1,0, 63057
16,63059,2,2,0, 63061
14,63059,3,3,1, 63062
31,63076,2,2,1, 63078
1,63086,1,1,0, 63087
7,63092,1,1,0, 63093
8,63096,1,1,1, 63097
16,63099,2,2,1, 63101
31,63116,2,2,0, 63118
1,63126,1,1,0, 63127
7,63132,1,1,1, 63133
8,63136,1,1,1, 63137
16,63139,2,2,1, 63141
31,63156,2,2,0, 63158
1,63166,1,1,1, 63167
7,63172,1,1,1, 63173
8,63176,1,1,0, 63177
16,63179,2,2,0, 63181
31,63196,2,2,0, 63198
1,63206,1,1,0, 63207
7,63212,1,1,0, 63213
8,63216,1,1,0, 63217
16,63219,2,2,0, 63221
31,63236,2,2,1, 63238
1,63246,1,1,1, 63247
7,63252,1,1,1, 63253
8,63256,1,1,0, 63257
16,63259,2,2,0, 63261
31,63276,2,2,1, 63278
1,63286,1,1,1, 63287
7,63292,1,1,0, 63293
8,63296,1,1,0, 63297
16,63299,2,2,1, 63301
14,63299,3,3,1, 63302
31,63316,2,2,0, 63318
1,63326,1,1,0, 63327
7,63332,1,1,1, 63333
8,63336,1,1,0, 63337
16,63339,2,2,1, 63341
31,63356,2,2,1, 63358
1,63366,1,1,1, 63367
7,63372,1,1,1, 63373
8,63376,1,1,1, 63377
16,63379,2,2,1, 63381
31,63396,2,2,0, 63398
1,63406,1,1,0, 63407
7,63412,1,1,0, 63413
8,63416,1,1,0, 63417
16,63419,2,2,1, 63421
1,63446,1,1,0, 63447
8,63456,1,1,1, 63457
16,63459,2,2,0, 63461
1,63486,1,1,0, 63487
8,63496,1,1,1, 63497
16,63499,2,2,0, 63501
1,63526,1,1,1, 63527
8,63536,1,1,1, 63537
16,63539,2,2,1, 63541
15,63541,2,2,0, 63543
1,63566,1,1,1, 63567
8,63576,1,1,1, 63577
16,63579,2,2,1, 63581
14,63579,3,3,1, 63582
15,63581,2,2,0, 63583
1,63606,1,1,1, 63607
8,63616,1,1,1, 63617
16,63619,2,2,0, 63621
1,63646,1,1,0, 63647
8,63656,1,1,0, 63657
16,63659,2,2,0, 63661
1,63686,1,1,1, 63687
8,63696,1,1,1, 63697
16,63699,2,2,0, 63701
1,63726,1,1,1, 63727
8,63736,1,1,1, 63737
16,63739,2,2,0, 63741
14,63739,3,3,1, 63742
15,63741,2,2,0, 63743
1,63766,1,1,1, 63767
8,63776,1,1,0, 63777
16,63779,2,2,0, 63781
15,63781,2,2,0, 63783
1,63806,1,1,0, 63807
8,63816,1,1,0, 63817
16,63819,2,2,1, 63821
14,63819,3,3,1, 63822
15,63821,2,2,1, 63823
1,63846,1,1,1, 63847
8,63856,1,1,0, 63857
16,63859,2,2,0, 63861
1,63886,1,1,0, 63887
1,63926,1,1,1, 63927
1,63966,1,1,0, 63967
1,64006,1,1,0, 64007
1,64046,1,1,1, 64047
1,64086,1,1,1, 64087
1,64126,1,1,0, 64127
1,64166,1,1,0, 64167
1,64206,1,1,0, 64207
1,64246,1,1,1, 64247
1,64286,1,1,0, 64287
1,64326,1,1,1, 64327
1,64366,1,1,1, 64367
1,64406,1,1,0, 64407
1,64446,1,1,1, 64447
1,64486,1,1,1, 64487
1,64526,1,1,1, 64527
1,64566,1,1,0, 64567
1,64606,1,1,0, 64607
1,64646,1,1,0, 64647
1,64686,1,1,0, 64687
1,64726,1,1,0, 64727
1,64766,1,1,0, 64767
1,64806,1,1,1, 64807
1,64846,1,1,1, 64847
1,64886,1,1,1, 64887
1,64926,1,1,0, 64927
1,64966,1,1,0, 64967
1,65006,1,1,1, 65007
1,65046,1,1,1, 65047
1,65086,1,1,1, 65087
1,65126,1,1,0, 65127
1,65166,1,1,1, 65167
1,65206,1,1,0, 65207
1,65246,1,1,1, 65247
1,65286,1,1,1, 65287
1,65326,1,1,0, 65327
1,65366,1,1,0, 65367
1,65406,1,1,0, 65407
1,65446,1,1,1, 65447
1,65486,1,1,0, 65487
