Time,  Packets Generated,  Packets Reached,High Priority Packets Generated, High Priority Packets reached, Packet Dropped, Packet Dropped due to Faulty Node, High Prio Packet Dropped due to Faulty Node, Low Prio Packet Dropped due to Faulty Node 
5,1,1,1,1,0,0,0,0
10,7,6,6,5,0,0,0,0
15,15,13,9,8,0,0,0,0
20,31,24,16,14,1,1,0,1
25,50,40,26,22,3,3,0,3
30,74,61,36,32,5,5,1,4
35,102,85,46,40,7,7,2,5
40,133,113,64,55,9,9,2,7
45,164,142,81,69,11,11,3,8
50,195,168,96,89,18,13,3,10
55,226,192,110,106,25,15,3,12
60,257,210,125,117,37,17,3,14
65,288,233,140,132,46,18,4,14
70,319,251,157,142,59,19,5,14
75,350,263,173,150,81,20,6,14
80,381,272,188,156,103,21,6,15
85,412,284,202,164,121,22,6,16
90,443,293,213,172,146,23,7,16
95,474,301,226,180,170,24,7,17
100,505,306,237,183,193,25,7,18
105,536,315,250,192,218,26,7,19
110,567,320,259,195,244,27,7,20
115,598,328,278,202,265,28,8,20
120,629,336,292,208,291,29,8,21
125,660,339,310,210,317,30,8,22
130,691,344,329,215,344,31,9,22
135,722,349,347,220,371,32,9,23
140,753,353,363,223,398,33,9,24
145,784,355,377,225,428,34,10,24
150,815,356,385,225,458,35,10,25
155,846,357,398,226,488,36,10,26
160,877,358,412,226,519,37,11,26
165,908,359,427,226,547,38,11,27
170,939,360,442,227,579,39,12,27
175,970,363,460,229,604,40,13,27
180,1001,367,473,232,632,41,14,27
185,1032,371,488,236,660,42,15,27
190,1063,375,505,239,685,43,16,27
195,1094,381,518,244,710,44,17,27
200,1125,384,536,247,739,45,18,27
205,1156,385,552,247,771,46,19,27
210,1187,386,569,247,799,47,20,27
215,1218,387,583,247,830,48,20,28
220,1249,388,596,247,861,49,20,29
225,1280,390,612,247,889,50,20,30
230,1311,393,624,250,917,51,20,31
235,1342,396,635,253,944,52,20,32
240,1373,401,653,257,971,53,21,32
245,1404,405,668,260,998,54,22,32
250,1435,409,684,263,1024,55,22,33
255,1466,415,699,267,1049,56,23,33
260,1497,420,713,270,1076,57,24,33
265,1528,425,730,275,1103,58,25,33
270,1559,428,744,276,1130,59,26,33
275,1590,432,756,280,1158,60,26,34
280,1621,434,772,281,1187,61,26,35
285,1652,436,786,283,1216,62,27,35
290,1683,438,806,284,1245,63,27,36
295,1714,441,819,285,1273,64,28,36
300,1745,443,833,287,1302,65,28,37
305,1776,448,845,290,1327,66,29,37
310,1807,454,859,294,1351,67,30,37
315,1838,460,875,300,1378,68,31,37
320,1869,464,891,302,1403,69,32,37
325,1900,470,905,306,1427,70,32,38
330,1931,477,927,313,1452,71,33,38
335,1962,481,942,317,1479,72,33,39
340,1993,486,954,320,1507,73,33,40
345,2024,490,967,322,1532,74,33,41
350,2055,492,986,324,1562,75,34,41
355,2086,493,1001,325,1593,76,34,42
360,2117,494,1017,326,1623,77,34,43
365,2148,495,1033,327,1652,78,34,44
370,2179,496,1049,327,1681,79,35,44
375,2210,497,1065,328,1711,80,36,44
380,2241,498,1080,328,1743,81,36,45
385,2272,500,1097,329,1771,82,36,46
390,2303,504,1111,331,1798,83,36,47
395,2334,507,1123,334,1826,84,36,48
400,2365,512,1139,339,1853,85,36,49
405,2396,516,1157,342,1879,86,37,49
410,2427,521,1175,347,1904,87,38,49
415,2458,526,1186,350,1932,88,38,50
420,2489,527,1197,351,1962,89,38,51
425,2520,528,1215,352,1992,90,38,52
430,2551,529,1226,352,2021,91,38,53
435,2582,531,1245,354,2050,92,39,53
440,2613,535,1258,358,2076,93,39,54
445,2644,539,1276,362,2104,94,40,54
450,2675,542,1289,363,2133,95,40,55
455,2706,545,1302,365,2161,96,41,55
460,2737,548,1316,366,2188,97,41,56
465,2768,553,1329,370,2215,98,41,57
470,2799,556,1350,373,2240,99,42,57
475,2830,563,1363,380,2266,100,42,58
480,2861,567,1380,382,2292,101,43,58
485,2892,573,1395,386,2318,102,44,58
490,2923,578,1409,390,2344,103,45,58
495,2954,584,1421,394,2370,104,45,59
500,2985,589,1438,398,2395,105,46,59
505,3016,593,1454,401,2423,106,47,59
510,3047,595,1464,403,2450,107,48,59
515,3078,601,1477,407,2477,108,49,59
520,3109,602,1491,407,2507,109,50,59
525,3140,604,1507,408,2536,110,50,60
530,3171,607,1517,411,2564,111,50,61
535,3202,610,1530,412,2592,112,50,62
540,3233,612,1547,414,2620,113,51,62
545,3264,614,1565,415,2648,114,51,63
550,3295,617,1581,417,2677,115,52,63
555,3326,621,1602,420,2704,116,53,63
560,3357,625,1618,422,2731,117,53,64
565,3388,630,1642,426,2758,118,54,64
570,3419,635,1660,430,2784,119,54,65
575,3450,636,1673,430,2814,120,55,65
580,3481,637,1686,430,2844,121,55,66
585,3512,638,1696,430,2874,122,56,66
590,3543,639,1711,430,2904,123,56,67
595,3574,640,1720,430,2934,124,56,68
600,3605,641,1733,430,2964,125,56,69
605,3636,642,1748,430,2994,126,56,70
610,3667,644,1763,431,3023,127,57,70
615,3698,646,1779,432,3052,128,58,70
620,3729,648,1794,433,3079,129,58,71
625,3760,653,1806,438,3106,130,58,72
630,3791,657,1820,440,3133,131,59,72
635,3822,661,1836,441,3161,132,60,72
640,3853,665,1856,444,3188,133,60,73
645,3884,670,1878,449,3212,134,60,74
650,3915,674,1890,451,3240,135,60,75
655,3946,679,1901,454,3265,136,60,76
660,3977,686,1919,459,3288,137,61,76
665,4008,693,1936,465,3312,138,61,77
670,4039,700,1954,471,3337,139,61,78
675,4070,703,1967,473,3365,140,61,79
680,4101,707,1980,476,3394,141,61,80
685,4132,711,1997,478,3419,142,61,81
690,4163,716,2009,482,3446,143,62,81
695,4194,719,2026,485,3473,144,62,82
700,4225,723,2040,488,3502,145,62,83
705,4256,725,2057,488,3531,146,63,83
710,4287,727,2071,489,3560,147,64,83
715,4318,730,2087,490,3588,148,65,83
720,4349,732,2105,491,3617,149,65,84
725,4380,735,2123,493,3645,150,65,85
730,4411,738,2138,495,3673,151,65,86
735,4442,740,2150,496,3702,152,65,87
740,4473,744,2167,498,3729,153,65,88
745,4504,748,2182,501,3755,154,66,88
750,4535,750,2200,503,3785,155,67,88
755,4566,753,2217,505,3813,156,68,88
760,4597,756,2232,507,3841,157,68,89
765,4628,759,2244,508,3869,158,68,90
770,4659,762,2262,511,3896,159,69,90
775,4690,765,2274,512,3924,160,69,91
780,4721,770,2290,515,3949,161,69,92
785,4752,775,2307,520,3976,162,69,93
790,4783,779,2321,524,4002,163,69,94
795,4814,783,2337,528,4029,164,69,95
800,4845,789,2350,532,4056,165,70,95
805,4876,794,2362,535,4081,166,71,95
810,4907,796,2378,537,4111,167,71,96
815,4938,798,2398,538,4140,168,71,97
820,4969,801,2409,540,4168,169,71,98
825,5000,804,2426,542,4195,170,72,98
830,5031,807,2443,544,4224,171,73,98
835,5062,810,2460,546,4251,172,73,99
840,5093,813,2473,549,4279,173,74,99
845,5124,815,2489,550,4308,174,74,100
850,5155,818,2506,553,4337,175,75,100
855,5186,820,2525,555,4366,176,76,100
860,5217,823,2540,556,4393,177,76,101
865,5248,826,2553,557,4422,178,77,101
870,5279,829,2572,558,4450,179,78,101
875,5310,831,2586,560,4479,180,79,101
880,5341,834,2604,562,4507,181,80,101
885,5372,837,2615,564,4535,182,80,102
890,5403,840,2627,565,4563,183,81,102
895,5434,846,2640,569,4588,184,82,102
900,5465,849,2655,571,4616,185,82,103
905,5496,851,2668,572,4645,186,82,104
910,5527,854,2681,574,4673,187,82,105
915,5558,857,2696,574,4700,188,82,106
920,5589,862,2710,576,4726,189,83,106
925,5620,866,2723,578,4753,190,83,107
930,5651,870,2737,580,4780,191,83,108
935,5682,877,2751,586,4805,192,83,109
940,5713,882,2764,591,4831,193,83,110
945,5744,887,2778,596,4856,194,84,110
950,5775,893,2792,600,4880,195,85,110
955,5806,903,2809,608,4901,196,85,111
960,5837,907,2825,610,4930,197,86,111
965,5868,908,2843,611,4960,198,87,111
970,5899,909,2861,612,4990,199,88,111
975,5930,910,2875,612,5020,200,88,112
980,5961,911,2890,612,5050,201,89,112
985,5992,912,2911,613,5080,202,89,113
990,6023,913,2926,614,5110,203,90,113
995,6054,914,2939,615,5140,204,90,114
1000,6085,915,2953,616,5170,205,91,114
1005,6116,918,2965,619,5198,206,92,114
1010,6147,920,2986,621,5227,207,93,114
1015,6178,922,3002,623,5256,208,93,115
1020,6209,924,3017,623,5285,209,93,116
1025,6240,927,3032,625,5313,210,93,117
1030,6271,930,3047,628,5340,211,93,118
1035,6302,932,3060,628,5369,212,93,119
1040,6333,935,3081,630,5398,213,94,119
1045,6364,938,3100,632,5425,214,95,119
1050,6395,940,3114,633,5455,215,95,120
1055,6426,942,3128,635,5483,216,96,120
1060,6457,944,3139,635,5513,217,96,121
1065,6488,946,3152,635,5540,218,96,122
1070,6519,955,3171,642,5562,219,97,122
1075,6550,961,3182,646,5589,220,97,123
1080,6581,966,3199,651,5611,221,98,123
1085,6612,977,3211,659,5635,222,98,124
1090,6643,984,3226,665,5657,223,98,125
1095,6674,993,3237,670,5680,224,98,126
1100,6705,999,3254,674,5706,225,99,126
1105,6736,1001,3265,675,5734,226,99,127
1110,6767,1003,3282,677,5763,227,100,127
1115,6798,1005,3301,678,5792,228,101,127
1120,6829,1007,3318,679,5821,229,101,128
1125,6860,1010,3333,681,5849,230,101,129
1130,6891,1012,3347,683,5879,231,102,129
1135,6922,1015,3359,684,5907,232,102,130
1140,6953,1018,3375,685,5935,233,102,131
1145,6984,1022,3390,689,5962,234,102,132
1150,7015,1025,3403,690,5990,235,102,133
1155,7046,1028,3419,692,6018,236,102,134
1160,7077,1029,3431,693,6048,237,103,134
1165,7108,1030,3444,693,6078,238,104,134
1170,7139,1031,3462,693,6108,239,104,135
1175,7170,1032,3477,694,6138,240,104,136
1180,7201,1033,3497,695,6168,241,104,137
1185,7232,1034,3508,696,6198,242,105,137
1190,7263,1035,3523,696,6228,243,105,138
1195,7294,1036,3543,697,6258,244,106,138
1200,7325,1037,3558,698,6287,245,107,138
1205,7356,1040,3578,701,6314,246,108,138
1210,7387,1046,3602,705,6341,247,109,138
1215,7418,1049,3616,707,6368,248,110,138
1220,7449,1053,3636,710,6396,249,111,138
1225,7480,1058,3656,714,6421,250,111,139
1230,7511,1064,3668,718,6447,251,111,140
1235,7542,1069,3679,722,6472,252,111,141
1240,7573,1075,3690,725,6496,253,111,142
1245,7604,1080,3705,729,6520,254,111,143
1250,7635,1086,3719,734,6546,255,112,143
1255,7666,1090,3732,737,6573,256,113,143
1260,7697,1095,3754,741,6599,257,113,144
1265,7728,1100,3775,746,6627,258,114,144
1270,7759,1104,3789,748,6654,259,115,144
1275,7790,1107,3800,750,6683,260,116,144
1280,7821,1109,3813,751,6712,261,117,144
1285,7852,1111,3833,753,6741,262,117,145
1290,7883,1113,3845,755,6770,263,117,146
1295,7914,1115,3864,757,6799,264,117,147
1300,7945,1117,3879,758,6828,265,117,148
1305,7976,1120,3891,760,6856,266,117,149
1310,8007,1122,3902,761,6885,267,117,150
1315,8038,1124,3914,761,6914,268,117,151
1320,8069,1126,3926,761,6943,269,117,152
1325,8100,1128,3939,763,6972,270,117,153
1330,8131,1130,3958,765,7001,271,118,153
1335,8162,1134,3976,768,7028,272,119,153
1340,8193,1137,3991,769,7056,273,119,154
1345,8224,1141,4007,773,7083,274,120,154
1350,8255,1143,4018,773,7112,275,120,155
1355,8286,1146,4033,774,7140,276,121,155
1360,8317,1150,4051,776,7166,277,121,156
1365,8348,1156,4062,780,7191,278,121,157
1370,8379,1160,4076,783,7218,279,121,158
1375,8410,1167,4091,789,7242,280,122,158
1380,8441,1176,4108,796,7264,281,122,159
1385,8472,1180,4121,798,7292,282,122,160
1390,8503,1183,4140,801,7320,283,123,160
1395,8534,1186,4155,803,7348,284,123,161
1400,8565,1189,4172,805,7376,285,123,162
1405,8596,1191,4189,806,7405,286,124,162
1410,8627,1194,4206,809,7433,287,125,162
1415,8658,1197,4223,811,7461,288,125,163
1420,8689,1199,4239,811,7490,289,125,164
1425,8720,1201,4251,812,7519,290,125,165
1430,8751,1203,4261,812,7548,291,125,166
1435,8782,1206,4280,815,7576,292,125,167
1440,8813,1208,4294,815,7604,293,126,167
1445,8844,1210,4307,816,7634,294,126,168
1450,8875,1213,4318,818,7662,295,126,169
1455,8906,1216,4332,821,7689,296,126,170
1460,8937,1219,4351,823,7716,297,127,170
1465,8968,1222,4362,825,7745,298,128,170
1470,8999,1224,4373,826,7774,299,129,170
1475,9030,1227,4389,828,7802,300,129,171
1480,9061,1231,4407,831,7828,301,130,171
1485,9092,1235,4427,834,7856,302,130,172
1490,9123,1239,4446,836,7883,303,131,172
1495,9154,1243,4459,837,7910,304,131,173
1500,9185,1248,4474,840,7936,305,131,174
1505,9216,1255,4489,845,7961,306,131,175
1510,9247,1260,4506,847,7986,307,131,176
1515,9278,1266,4523,851,8011,308,132,176
1520,9309,1270,4533,852,8038,309,133,176
1525,9340,1276,4546,856,8064,310,134,176
1530,9371,1279,4560,858,8091,311,134,177
1535,9402,1282,4574,860,8120,312,134,178
1540,9433,1284,4589,860,8149,313,134,179
1545,9464,1287,4612,863,8176,314,135,179
1550,9495,1290,4630,866,8205,315,135,180
1555,9526,1291,4648,867,8235,316,135,181
1560,9557,1292,4662,867,8265,317,136,181
1565,9588,1293,4679,868,8295,318,137,181
1570,9619,1294,4699,869,8325,319,137,182
1575,9650,1295,4715,869,8355,320,137,183
1580,9681,1298,4733,870,8383,321,137,184
1585,9712,1301,4747,871,8411,322,137,185
1590,9743,1303,4763,872,8440,323,137,186
1595,9774,1306,4780,875,8468,324,137,187
1600,9805,1308,4794,877,8497,325,137,188
1605,9836,1310,4805,878,8526,326,138,188
1610,9867,1313,4821,880,8554,327,139,188
1615,9898,1316,4839,883,8582,328,139,189
1620,9929,1318,4856,885,8611,329,139,190
1625,9960,1321,4868,887,8639,330,140,190
1630,9991,1323,4878,887,8668,331,141,190
1635,10022,1326,4892,888,8694,332,142,190
1640,10053,1331,4906,891,8721,333,142,191
1645,10084,1336,4922,896,8746,334,142,192
1650,10115,1340,4934,898,8773,335,143,192
1655,10146,1347,4954,904,8797,336,144,192
1660,10177,1352,4970,907,8823,337,145,192
1665,10208,1357,4981,910,8850,338,145,193
1670,10239,1364,4996,916,8872,339,145,194
1675,10270,1372,5010,923,8897,340,146,194
1680,10301,1376,5023,926,8922,341,147,194
1685,10332,1383,5043,930,8947,342,148,194
1690,10363,1386,5058,931,8977,343,149,194
1695,10394,1388,5080,932,9004,344,150,194
1700,10425,1394,5099,937,9030,345,150,195
1705,10456,1397,5109,939,9059,346,150,196
1710,10487,1399,5123,940,9088,347,151,196
1715,10518,1401,5137,941,9117,348,152,196
1720,10549,1403,5157,942,9146,349,153,196
1725,10580,1406,5173,945,9174,350,154,196
1730,10611,1408,5185,945,9203,351,154,197
1735,10642,1411,5203,948,9231,352,155,197
1740,10673,1412,5215,949,9261,353,155,198
1745,10704,1413,5231,949,9291,354,156,198
1750,10735,1414,5247,949,9321,355,156,199
1755,10766,1415,5261,949,9351,356,157,199
1760,10797,1418,5278,950,9379,357,158,199
1765,10828,1420,5295,952,9408,358,159,199
1770,10859,1423,5305,953,9436,359,159,200
1775,10890,1426,5323,955,9464,360,160,200
1780,10921,1428,5342,956,9493,361,160,201
1785,10952,1430,5361,957,9522,362,160,202
1790,10983,1433,5378,958,9550,363,161,202
1795,11014,1436,5398,960,9577,364,162,202
1800,11045,1441,5412,962,9603,365,163,202
1805,11076,1445,5426,965,9630,366,163,203
1810,11107,1448,5440,966,9659,367,164,203
1815,11138,1451,5456,968,9687,368,164,204
1820,11169,1454,5473,969,9713,369,164,205
1825,11200,1458,5486,971,9740,370,164,206
1830,11231,1461,5503,973,9770,371,164,207
1835,11262,1464,5524,976,9796,372,165,207
1840,11293,1468,5540,978,9823,373,166,207
1845,11324,1475,5554,983,9845,374,167,207
1850,11355,1485,5566,991,9868,375,167,208
1855,11386,1491,5577,994,9893,376,168,208
1860,11417,1500,5592,1001,9915,377,169,208
1865,11448,1504,5606,1004,9942,378,169,209
1870,11479,1508,5621,1007,9970,379,170,209
1875,11510,1511,5635,1009,9998,380,170,210
1880,11541,1514,5644,1011,10027,381,171,210
1885,11572,1517,5653,1012,10055,382,171,211
1890,11603,1519,5666,1013,10083,383,171,212
1895,11634,1522,5680,1014,10111,384,171,213
1900,11665,1526,5693,1016,10139,385,171,214
1905,11696,1529,5705,1018,10167,386,172,214
1910,11727,1532,5721,1019,10195,387,173,214
1915,11758,1535,5741,1021,10223,388,173,215
1920,11789,1536,5754,1022,10253,389,174,215
1925,11820,1537,5765,1022,10283,390,174,216
1930,11851,1538,5780,1023,10313,391,174,217
1935,11882,1539,5799,1024,10343,392,175,217
1940,11913,1540,5817,1024,10373,393,175,218
1945,11944,1541,5833,1024,10403,394,176,218
1950,11975,1542,5847,1024,10433,395,176,219
1955,12006,1543,5862,1025,10463,396,177,219
1960,12037,1544,5880,1025,10491,397,177,220
1965,12068,1545,5895,1026,10522,398,178,220
1970,12099,1549,5914,1029,10550,399,178,221
1975,12130,1553,5930,1030,10577,400,178,222
1980,12161,1557,5944,1033,10604,401,178,223
1985,12192,1561,5959,1037,10631,402,178,224
1990,12223,1564,5974,1038,10658,403,178,225
1995,12254,1569,5989,1041,10685,404,179,225
2000,12285,1572,5997,1042,10712,405,179,226
2005,12316,1576,6007,1044,10739,406,179,227
2010,12347,1580,6022,1047,10767,407,179,228
2015,12378,1583,6031,1048,10795,408,179,229
2020,12409,1586,6040,1048,10823,409,180,229
2025,12440,1590,6051,1050,10849,410,180,230
2030,12471,1595,6065,1053,10876,411,181,230
2035,12502,1599,6080,1054,10903,412,182,230
2040,12533,1603,6092,1057,10929,413,182,231
2045,12564,1612,6106,1062,10952,414,182,232
2050,12595,1620,6121,1067,10972,415,182,233
2055,12626,1630,6138,1074,10995,416,182,234
2060,12657,1636,6153,1078,11020,417,182,235
2065,12688,1640,6168,1080,11046,418,183,235
2070,12719,1645,6179,1083,11073,419,183,236
2075,12750,1648,6189,1084,11101,420,183,237
2080,12781,1651,6202,1085,11129,421,183,238
2085,12812,1654,6218,1087,11157,422,183,239
2090,12843,1657,6234,1088,11185,423,184,239
2095,12874,1659,6253,1090,11215,424,184,240
2100,12905,1660,6267,1090,11244,425,184,241
2105,12936,1661,6280,1091,11275,426,185,241
2110,12967,1662,6296,1092,11305,427,185,242
2115,12998,1663,6317,1092,11335,428,186,242
2120,13029,1664,6334,1093,11365,429,187,242
2125,13060,1665,6354,1094,11395,430,187,243
2130,13091,1666,6367,1095,11425,431,187,244
2135,13122,1667,6378,1096,11455,432,187,245
2140,13153,1668,6391,1096,11485,433,187,246
2145,13184,1669,6408,1096,11513,434,187,247
2150,13215,1670,6421,1096,11543,435,188,247
2155,13246,1671,6435,1096,11575,436,189,247
2160,13277,1672,6446,1096,11605,437,190,247
2165,13308,1674,6464,1096,11633,438,190,248
2170,13339,1678,6481,1098,11660,439,191,248
2175,13370,1682,6497,1102,11687,440,191,249
2180,13401,1686,6513,1106,11715,441,192,249
2185,13432,1690,6531,1109,11742,442,193,249
2190,13463,1693,6546,1111,11769,443,194,249
2195,13494,1699,6560,1116,11795,444,194,250
2200,13525,1705,6577,1121,11819,445,194,251
2205,13556,1713,6594,1127,11841,446,194,252
2210,13587,1723,6614,1137,11861,447,195,252
2215,13618,1731,6626,1143,11886,448,196,252
2220,13649,1738,6639,1150,11911,449,196,253
2225,13680,1744,6653,1152,11936,450,196,254
2230,13711,1748,6668,1154,11961,451,197,254
2235,13742,1752,6677,1158,11990,452,197,255
2240,13773,1755,6688,1159,12018,453,197,256
2245,13804,1758,6708,1162,12046,454,198,256
2250,13835,1761,6723,1164,12074,455,199,256
2255,13866,1763,6734,1164,12103,456,199,257
2260,13897,1765,6744,1164,12132,457,200,257
2265,13928,1767,6756,1164,12160,458,200,258
2270,13959,1770,6770,1165,12188,459,201,258
2275,13990,1773,6784,1167,12216,460,202,258
2280,14021,1778,6797,1171,12242,461,203,258
2285,14052,1780,6807,1172,12272,462,203,259
2290,14083,1781,6823,1172,12302,463,204,259
2295,14114,1782,6838,1172,12331,464,204,260
2300,14145,1783,6854,1173,12361,465,205,260
2305,14176,1784,6865,1173,12392,466,206,260
2310,14207,1785,6877,1174,12422,467,206,261
2315,14238,1786,6890,1174,12452,468,207,261
2320,14269,1787,6911,1175,12481,469,207,262
2325,14300,1788,6928,1176,12512,470,208,262
2330,14331,1790,6944,1178,12539,471,208,263
2335,14362,1794,6955,1181,12568,472,209,263
2340,14393,1799,6968,1183,12593,473,210,263
2345,14424,1804,6980,1187,12620,474,210,264
2350,14455,1808,6999,1189,12646,475,211,264
2355,14486,1814,7013,1194,12672,476,212,264
2360,14517,1818,7025,1195,12697,477,212,265
2365,14548,1823,7040,1199,12724,478,213,265
2370,14579,1830,7058,1204,12748,479,213,266
2375,14610,1836,7076,1209,12774,480,213,267
2380,14641,1840,7087,1212,12801,481,213,268
2385,14672,1844,7101,1215,12828,482,213,269
2390,14703,1849,7113,1219,12854,483,214,269
2395,14734,1855,7130,1225,12878,484,214,270
2400,14765,1859,7146,1228,12906,485,215,270
2405,14796,1861,7167,1229,12935,486,216,270
2410,14827,1864,7182,1232,12963,487,216,271
2415,14858,1867,7195,1235,12991,488,216,272
2420,14889,1870,7206,1237,13019,489,217,272
2425,14920,1872,7220,1238,13048,490,217,273
2430,14951,1874,7234,1240,13077,491,218,273
2435,14982,1877,7250,1242,13105,492,219,273
2440,15013,1879,7261,1243,13134,493,219,274
2445,15044,1881,7275,1245,13163,494,219,275
2450,15075,1884,7295,1248,13189,495,219,276
2455,15106,1888,7308,1250,13217,496,220,276
2460,15137,1892,7325,1253,13243,497,220,277
2465,15168,1895,7347,1256,13270,498,221,277
2470,15199,1896,7356,1256,13302,499,222,277
2475,15230,1897,7372,1257,13332,500,223,277
2480,15261,1898,7384,1257,13363,501,223,278
2485,15292,1899,7393,1257,13393,502,224,278
2490,15323,1900,7409,1258,13423,503,225,278
2495,15354,1901,7425,1259,13453,504,225,279
2500,15385,1902,7444,1260,13482,505,226,279
2505,15416,1906,7457,1262,13510,506,226,280
2510,15447,1909,7471,1263,13536,507,227,280
2515,15478,1914,7484,1266,13562,508,227,281
2520,15509,1920,7500,1272,13589,509,228,281
2525,15540,1924,7515,1275,13615,510,229,281
2530,15571,1929,7532,1280,13642,511,230,281
2535,15602,1934,7550,1283,13668,512,231,281
2540,15633,1939,7570,1287,13692,513,231,282
2545,15664,1945,7589,1293,13719,514,232,282
2550,15695,1947,7608,1293,13748,515,232,283
2555,15726,1950,7623,1294,13776,516,232,284
2560,15757,1953,7639,1296,13804,517,232,285
2565,15788,1955,7654,1298,13833,518,232,286
2570,15819,1958,7667,1301,13861,519,232,287
2575,15850,1963,7686,1305,13887,520,233,287
2580,15881,1967,7703,1309,13913,521,234,287
2585,15912,1971,7715,1312,13941,522,234,288
2590,15943,1976,7725,1316,13966,523,234,289
2595,15974,1982,7742,1320,13990,524,235,289
2600,16005,1989,7762,1325,14013,525,236,289
2605,16036,1997,7781,1331,14037,526,237,289
2610,16067,2001,7798,1333,14065,527,238,289
2615,16098,2004,7813,1334,14094,528,239,289
2620,16129,2006,7833,1336,14123,529,240,289
2625,16160,2009,7853,1338,14151,530,241,289
2630,16191,2012,7864,1340,14179,531,242,289
2635,16222,2015,7881,1342,14207,532,243,289
2640,16253,2017,7894,1344,14236,533,243,290
2645,16284,2020,7909,1346,14264,534,243,291
2650,16315,2022,7926,1347,14293,535,243,292
2655,16346,2025,7941,1350,14321,536,244,292
2660,16377,2028,7957,1352,14348,537,245,292
2665,16408,2032,7973,1354,14375,538,246,292
2670,16439,2036,7987,1357,14403,539,247,292
2675,16470,2040,8003,1358,14428,540,247,293
2680,16501,2047,8016,1363,14452,541,247,294
2685,16532,2052,8028,1365,14480,542,247,295
2690,16563,2057,8046,1368,14505,543,248,295
2695,16594,2063,8058,1372,14530,544,248,296
2700,16625,2068,8072,1374,14556,545,249,296
2705,16656,2072,8086,1376,14584,546,250,296
2710,16687,2075,8103,1378,14612,547,250,297
2715,16718,2076,8112,1378,14642,548,250,298
2720,16749,2077,8121,1378,14672,549,250,299
2725,16780,2079,8136,1379,14701,550,250,300
2730,16811,2081,8150,1380,14730,551,250,301
2735,16842,2085,8167,1383,14757,552,251,301
2740,16873,2088,8179,1385,14785,553,251,302
2745,16904,2092,8196,1388,14811,554,252,302
2750,16935,2096,8212,1392,14838,555,253,302
2755,16966,2100,8226,1395,14865,556,254,302
2760,16997,2103,8241,1397,14893,557,255,302
2765,17028,2106,8255,1400,14921,557,255,302
2770,17059,2110,8272,1404,14946,557,255,302
2775,17090,2113,8291,1407,14974,557,255,302
2780,17121,2115,8308,1409,15005,557,255,302
2785,17152,2116,8319,1409,15036,557,255,302
2790,17183,2117,8340,1409,15066,557,255,302
2795,17214,2118,8355,1409,15096,557,255,302
2800,17245,2119,8366,1409,15126,557,255,302
2805,17276,2120,8379,1409,15155,557,255,302
2810,17307,2123,8390,1411,15183,557,255,302
2815,17338,2127,8409,1413,15211,557,255,302
2820,17369,2131,8419,1414,15238,557,255,302
2825,17400,2135,8429,1416,15265,557,255,302
2830,17431,2139,8444,1417,15291,557,255,302
2835,17462,2144,8458,1421,15318,557,255,302
2840,17493,2147,8475,1424,15346,557,255,302
2845,17524,2150,8489,1424,15373,557,255,302
2850,17555,2155,8503,1426,15400,557,255,302
2855,17586,2159,8522,1428,15427,557,255,302
2860,17617,2162,8537,1429,15455,557,255,302
2865,17648,2165,8550,1430,15483,558,255,303
2870,17679,2168,8568,1432,15510,559,255,304
2875,17710,2173,8580,1437,15536,560,255,305
2880,17741,2179,8594,1441,15562,561,256,305
2885,17772,2185,8607,1445,15587,562,256,306
2890,17803,2190,8620,1448,15613,563,257,306
2895,17834,2195,8634,1451,15639,564,258,306
2900,17865,2199,8652,1454,15666,565,259,306
2905,17896,2204,8669,1458,15692,566,260,306
2910,17927,2209,8683,1461,15718,567,261,306
2915,17958,2213,8700,1463,15745,568,261,307
2920,17989,2218,8719,1467,15771,569,262,307
2925,18020,2220,8737,1468,15800,570,262,308
2930,18051,2223,8756,1469,15828,571,262,309
2935,18082,2225,8772,1471,15857,572,263,309
2940,18113,2227,8784,1471,15886,573,263,310
2945,18144,2230,8799,1473,15914,574,264,310
2950,18175,2235,8811,1478,15939,575,264,311
2955,18206,2239,8830,1480,15965,576,264,312
2960,18237,2240,8846,1481,15997,577,265,312
2965,18268,2241,8861,1482,16027,578,266,312
2970,18299,2242,8874,1483,16056,579,266,313
2975,18330,2243,8889,1484,16086,580,266,314
2980,18361,2244,8905,1484,16117,581,266,315
2985,18392,2245,8925,1485,16146,582,267,315
2990,18423,2247,8945,1486,16174,583,268,315
2995,18454,2251,8963,1489,16200,584,269,315
3000,18485,2255,8976,1491,16228,585,269,316
3005,18516,2258,8990,1493,16258,586,270,316
3010,18547,2260,9002,1493,16286,587,270,317
3015,18578,2264,9022,1496,16312,588,270,318
3020,18609,2269,9036,1501,16339,589,271,318
3025,18640,2273,9047,1503,16366,590,271,319
3030,18671,2276,9067,1506,16395,591,271,320
3035,18702,2278,9079,1507,16424,592,272,320
3040,18733,2280,9097,1508,16453,593,272,321
3045,18764,2283,9113,1510,16481,594,272,322
3050,18795,2286,9126,1512,16509,595,272,323
3055,18826,2289,9140,1514,16537,596,272,324
3060,18857,2291,9158,1514,16566,597,273,324
3065,18888,2293,9178,1515,16595,598,274,324
3070,18919,2297,9192,1517,16622,599,275,324
3075,18950,2302,9208,1521,16648,600,275,325
3080,18981,2306,9223,1523,16675,601,276,325
3085,19012,2309,9232,1525,16703,602,277,325
3090,19043,2313,9248,1528,16730,603,277,326
3095,19074,2316,9261,1530,16758,604,277,327
3100,19105,2319,9280,1531,16786,605,278,327
3105,19136,2323,9298,1533,16811,606,279,327
3110,19167,2328,9310,1537,16838,607,279,328
3115,19198,2333,9329,1540,16862,608,280,328
3120,19229,2339,9342,1545,16890,609,280,329
3125,19260,2342,9356,1547,16917,610,281,329
3130,19291,2345,9369,1549,16945,611,282,329
3135,19322,2349,9382,1550,16971,612,282,330
3140,19353,2354,9399,1554,16998,613,282,331
3145,19384,2360,9415,1558,17023,614,283,331
3150,19415,2367,9429,1562,17046,615,284,331
3155,19446,2372,9445,1566,17072,616,285,331
3160,19477,2377,9460,1571,17099,617,285,332
3165,19508,2381,9475,1575,17127,618,286,332
3170,19539,2384,9491,1576,17154,619,287,332
3175,19570,2387,9507,1579,17181,620,287,333
3180,19601,2390,9523,1581,17211,621,288,333
3185,19632,2391,9535,1581,17241,622,288,334
3190,19663,2392,9550,1581,17271,623,288,335
3195,19694,2393,9566,1581,17301,624,289,335
3200,19725,2394,9579,1582,17331,625,289,336
3205,19756,2395,9600,1583,17361,626,290,336
3210,19787,2396,9614,1583,17391,627,291,336
3215,19818,2397,9631,1583,17421,628,292,336
3220,19849,2398,9646,1583,17451,629,292,337
3225,19880,2400,9663,1584,17480,630,292,338
3230,19911,2402,9677,1586,17509,631,292,339
3235,19942,2404,9692,1587,17538,632,292,340
3240,19973,2407,9703,1589,17566,633,292,341
3245,20004,2408,9716,1590,17596,634,292,342
3250,20035,2409,9732,1590,17626,635,293,342
3255,20066,2411,9750,1592,17655,636,293,343
3260,20097,2415,9768,1596,17682,637,294,343
3265,20128,2418,9777,1597,17710,638,294,344
3270,20159,2421,9792,1598,17738,639,294,345
3275,20190,2424,9803,1599,17766,640,295,345
3280,20221,2428,9821,1603,17792,641,295,346
3285,20252,2434,9833,1606,17817,642,296,346
3290,20283,2437,9845,1607,17843,643,296,347
3295,20314,2442,9856,1609,17868,644,296,348
3300,20345,2449,9870,1614,17895,645,297,348
3305,20376,2456,9885,1618,17918,646,298,348
3310,20407,2463,9901,1623,17942,647,299,348
3315,20438,2469,9916,1628,17967,648,299,349
3320,20469,2474,9932,1633,17993,649,299,350
3325,20500,2476,9947,1634,18024,650,299,351
3330,20531,2477,9963,1635,18053,651,299,352
3335,20562,2478,9975,1635,18083,652,299,353
3340,20593,2480,9988,1637,18113,653,299,354
3345,20624,2481,10012,1637,18142,654,300,354
3350,20655,2484,10026,1639,18170,655,300,355
3355,20686,2489,10041,1642,18197,656,301,355
3360,20717,2490,10052,1642,18227,657,301,356
3365,20748,2491,10068,1642,18257,657,301,356
3370,20779,2492,10080,1642,18287,657,301,356
3375,20810,2493,10096,1642,18317,657,301,356
3380,20841,2494,10113,1643,18347,657,301,356
3385,20872,2495,10130,1644,18377,657,301,356
3390,20903,2496,10145,1645,18407,657,301,356
3395,20934,2497,10161,1646,18437,657,301,356
3400,20965,2498,10170,1646,18467,657,301,356
3405,20996,2499,10187,1647,18497,657,301,356
3410,21027,2500,10197,1647,18527,657,301,356
3415,21058,2501,10212,1648,18556,657,301,356
3420,21089,2504,10228,1650,18585,657,301,356
3425,21120,2506,10240,1650,18614,657,301,356
3430,21151,2509,10256,1651,18642,657,301,356
3435,21182,2512,10268,1653,18670,657,301,356
3440,21213,2517,10282,1657,18696,657,301,356
3445,21244,2521,10301,1660,18722,657,301,356
3450,21275,2524,10316,1662,18751,657,301,356
3455,21306,2528,10330,1664,18777,657,301,356
3460,21337,2532,10342,1666,18803,657,301,356
3465,21368,2537,10356,1669,18831,658,301,357
3470,21399,2544,10374,1673,18850,659,301,358
3475,21430,2554,10386,1680,18873,660,302,358
3480,21461,2563,10404,1686,18895,661,303,358
3485,21492,2568,10423,1689,18923,662,304,358
3490,21523,2573,10433,1691,18948,663,304,359
3495,21554,2578,10449,1695,18974,664,304,360
3500,21585,2583,10469,1697,19001,665,305,360
3505,21616,2585,10488,1699,19031,666,305,361
3510,21647,2587,10502,1701,19060,667,305,362
3515,21678,2589,10517,1701,19089,668,305,363
3520,21709,2591,10535,1702,19118,669,306,363
3525,21740,2594,10547,1703,19146,670,306,364
3530,21771,2596,10562,1704,19175,671,306,365
3535,21802,2599,10573,1705,19203,672,307,365
3540,21833,2601,10588,1706,19232,673,308,365
3545,21864,2604,10608,1709,19260,674,308,366
3550,21895,2607,10626,1711,19288,675,308,367
3555,21926,2610,10641,1713,19316,676,309,367
3560,21957,2613,10659,1716,19344,677,310,367
3565,21988,2615,10673,1717,19373,678,310,368
3570,22019,2618,10686,1719,19401,679,310,369
3575,22050,2621,10699,1722,19429,680,310,370
3580,22081,2624,10712,1724,19457,681,310,371
3585,22112,2627,10726,1726,19485,682,310,372
3590,22143,2630,10739,1727,19513,683,311,372
3595,22174,2633,10750,1729,19541,684,312,372
3600,22205,2635,10764,1731,19570,685,312,373
3605,22236,2638,10777,1733,19598,686,313,373
3610,22267,2641,10789,1734,19626,687,314,373
3615,22298,2646,10803,1738,19650,688,314,374
3620,22329,2651,10818,1740,19674,689,315,374
3625,22360,2658,10829,1745,19701,690,316,374
3630,22391,2662,10847,1748,19727,691,317,374
3635,22422,2669,10864,1754,19751,692,318,374
3640,22453,2672,10879,1755,19778,693,319,374
3645,22484,2676,10890,1757,19808,694,320,374
3650,22515,2678,10904,1759,19835,695,321,374
3655,22546,2681,10920,1761,19863,696,321,375
3660,22577,2685,10935,1765,19891,697,322,375
3665,22608,2689,10951,1769,19919,698,323,375
3670,22639,2691,10968,1769,19947,699,324,375
3675,22670,2694,10983,1771,19974,700,325,375
3680,22701,2699,10998,1775,20001,701,325,376
3685,22732,2701,11011,1777,20031,702,325,377
3690,22763,2702,11026,1778,20061,703,325,378
3695,22794,2704,11042,1779,20090,704,325,379
3700,22825,2707,11057,1782,20118,705,326,379
3705,22856,2709,11074,1784,20147,706,326,380
3710,22887,2712,11093,1787,20175,707,326,381
3715,22918,2714,11108,1787,20204,708,326,382
3720,22949,2717,11126,1789,20232,709,327,382
3725,22980,2719,11140,1791,20261,710,327,383
3730,23011,2721,11157,1791,20290,711,327,384
3735,23042,2724,11173,1794,20318,712,327,385
3740,23073,2726,11187,1796,20347,713,327,386
3745,23104,2729,11202,1798,20374,714,328,386
3750,23135,2736,11217,1804,20398,715,329,386
3755,23166,2743,11233,1808,20422,716,330,386
3760,23197,2747,11241,1809,20450,717,330,387
3765,23228,2753,11258,1814,20473,718,331,387
3770,23259,2760,11267,1819,20498,719,331,388
3775,23290,2764,11288,1822,20526,720,331,389
3780,23321,2767,11300,1823,20554,721,331,390
3785,23352,2769,11316,1824,20583,722,331,391
3790,23383,2774,11326,1827,20608,723,331,392
3795,23414,2780,11340,1831,20632,724,331,393
3800,23445,2785,11359,1834,20659,725,331,394
3805,23476,2788,11371,1836,20686,726,331,395
3810,23507,2790,11388,1838,20716,727,331,396
3815,23538,2793,11404,1840,20745,728,332,396
3820,23569,2795,11421,1841,20774,729,332,397
3825,23600,2797,11436,1841,20802,730,332,398
3830,23631,2801,11450,1844,20829,731,333,398
3835,23662,2803,11464,1846,20858,732,334,398
3840,23693,2805,11477,1847,20888,733,335,398
3845,23724,2807,11493,1848,20917,734,335,399
3850,23755,2809,11503,1849,20945,735,336,399
3855,23786,2812,11512,1851,20973,736,337,399
3860,23817,2816,11529,1853,21000,737,338,399
3865,23848,2819,11547,1856,21028,738,339,399
3870,23879,2821,11566,1857,21058,739,339,400
3875,23910,2822,11584,1857,21088,740,340,400
3880,23941,2824,11600,1858,21116,741,340,401
3885,23972,2827,11612,1860,21145,742,340,402
3890,24003,2830,11632,1863,21173,743,341,402
3895,24034,2832,11648,1863,21200,744,342,402
3900,24065,2837,11662,1868,21227,745,342,403
3905,24096,2843,11675,1872,21252,746,343,403
3910,24127,2847,11687,1873,21279,747,343,404
3915,24158,2853,11698,1876,21304,748,343,405
3920,24189,2856,11710,1878,21333,749,344,405
3925,24220,2858,11725,1879,21362,750,345,405
3930,24251,2860,11738,1880,21391,751,345,406
3935,24282,2862,11751,1882,21420,752,346,406
3940,24313,2864,11767,1883,21449,753,347,406
3945,24344,2866,11785,1885,21477,754,347,407
3950,24375,2868,11801,1886,21506,755,348,407
3955,24406,2870,11818,1887,21534,756,348,408
3960,24437,2872,11828,1887,21563,757,348,409
3965,24468,2874,11842,1889,21593,758,349,409
3970,24499,2876,11857,1890,21622,759,349,410
3975,24530,2880,11874,1894,21649,760,349,411
3980,24561,2883,11892,1895,21677,761,350,411
3985,24592,2886,11903,1895,21706,762,351,411
3990,24623,2889,11916,1895,21734,763,352,411
3995,24654,2892,11929,1897,21762,764,353,411
4000,24685,2895,11938,1899,21790,765,354,411
4005,24716,2899,11957,1902,21817,766,355,411
4010,24747,2903,11972,1904,21844,767,356,411
4015,24778,2906,11987,1907,21871,768,356,412
4020,24809,2911,12005,1911,21898,769,357,412
4025,24840,2917,12022,1917,21922,769,357,412
4030,24871,2924,12039,1924,21946,769,357,412
4035,24902,2929,12049,1925,21973,769,357,412
4040,24933,2935,12063,1929,21998,769,357,412
4045,24964,2939,12077,1932,22025,769,357,412
4050,24995,2944,12087,1933,22051,769,357,412
4055,25026,2948,12095,1933,22078,769,357,412
4060,25057,2953,12111,1936,22103,769,357,412
4065,25088,2959,12124,1939,22128,769,357,412
4070,25119,2964,12142,1942,22155,769,357,412
4075,25150,2968,12155,1943,22182,769,357,412
4080,25181,2972,12173,1944,22209,769,357,412
4085,25212,2975,12186,1947,22237,769,357,412
4090,25243,2978,12201,1947,22265,769,357,412
4095,25274,2982,12215,1950,22292,769,357,412
4100,25305,2986,12225,1952,22319,769,357,412
4105,25336,2990,12238,1954,22346,769,357,412
4110,25367,2994,12253,1956,22373,769,357,412
4115,25398,2999,12263,1958,22399,769,357,412
4120,25429,3002,12278,1960,22427,769,357,412
4125,25460,3005,12288,1961,22454,770,357,413
4130,25491,3009,12302,1964,22481,771,358,413
4135,25522,3014,12315,1967,22508,772,359,413
4140,25553,3016,12330,1969,22537,773,359,414
4145,25584,3017,12343,1969,22565,774,359,415
4150,25615,3018,12360,1970,22597,775,359,416
4155,25646,3018,12376,1970,22627,776,360,416
4160,25677,3018,12394,1970,22658,777,361,416
4165,25708,3018,12414,1970,22689,778,361,417
4170,25739,3018,12427,1970,22721,779,361,418
4175,25770,3019,12439,1970,22749,780,362,418
4180,25801,3021,12456,1971,22779,781,362,419
4185,25832,3023,12473,1973,22807,782,362,420
4190,25863,3025,12488,1974,22836,783,363,420
4195,25894,3027,12498,1975,22866,784,363,421
4200,25925,3028,12514,1976,22895,785,364,421
4205,25956,3029,12529,1976,22927,786,365,421
4210,25987,3030,12543,1976,22956,787,365,422
4215,26018,3032,12561,1977,22985,788,366,422
4220,26049,3034,12578,1979,23015,789,366,423
4225,26080,3036,12592,1980,23043,790,367,423
4230,26111,3040,12606,1983,23071,791,368,423
4235,26142,3043,12616,1985,23098,792,368,424
4240,26173,3048,12627,1989,23125,793,368,425
4245,26204,3055,12648,1996,23147,794,368,426
4250,26235,3059,12666,2000,23176,795,369,426
4255,26266,3063,12684,2002,23202,796,370,426
4260,26297,3067,12700,2003,23230,797,370,427
4265,26328,3071,12714,2005,23257,798,371,427
4270,26359,3075,12731,2007,23284,799,372,427
4275,26390,3078,12742,2008,23312,800,372,428
4280,26421,3083,12761,2013,23338,801,372,429
4285,26452,3086,12776,2015,23366,802,373,429
4290,26483,3090,12791,2018,23393,803,374,429
4295,26514,3094,12808,2022,23420,804,374,430
4300,26545,3097,12824,2022,23448,805,375,430
4305,26576,3101,12836,2024,23475,806,375,431
4310,26607,3105,12852,2025,23502,807,375,432
4315,26638,3109,12867,2027,23529,808,376,432
4320,26669,3114,12881,2030,23552,809,376,433
4325,26700,3119,12898,2033,23580,810,376,434
4330,26731,3122,12912,2035,23608,811,376,435
4335,26762,3124,12929,2036,23637,812,377,435
4340,26793,3127,12946,2038,23666,813,377,436
4345,26824,3129,12962,2038,23695,814,377,437
4350,26855,3131,12987,2039,23724,815,378,437
4355,26886,3134,13000,2040,23751,816,379,437
4360,26917,3138,13013,2043,23778,817,380,437
4365,26948,3141,13029,2045,23805,818,381,437
4370,26979,3145,13046,2049,23832,819,382,437
4375,27010,3149,13062,2052,23860,820,383,437
4380,27041,3153,13079,2054,23886,821,383,438
4385,27072,3158,13099,2058,23913,822,384,438
4390,27103,3161,13115,2061,23941,823,384,439
4395,27134,3163,13133,2063,23971,824,385,439
4400,27165,3164,13150,2063,24001,825,385,440
4405,27196,3165,13162,2063,24030,826,385,441
4410,27227,3166,13175,2063,24061,827,385,442
4415,27258,3167,13195,2064,24091,828,386,442
4420,27289,3168,13213,2064,24120,829,387,442
4425,27320,3169,13229,2064,24151,830,387,443
4430,27351,3170,13239,2064,24180,831,388,443
4435,27382,3173,13257,2066,24208,832,389,443
4440,27413,3175,13269,2067,24238,833,390,443
4445,27444,3177,13280,2067,24267,834,391,443
4450,27475,3179,13291,2068,24296,835,391,444
4455,27506,3182,13305,2069,24324,836,391,445
4460,27537,3185,13318,2071,24352,837,392,445
4465,27568,3188,13333,2071,24380,838,393,445
4470,27599,3192,13345,2073,24406,839,394,445
4475,27630,3196,13355,2074,24433,840,394,446
4480,27661,3201,13367,2076,24458,841,395,446
4485,27692,3208,13384,2083,24483,842,395,447
4490,27723,3213,13395,2086,24509,843,395,448
4495,27754,3215,13406,2087,24539,844,396,448
4500,27785,3218,13427,2088,24566,845,397,448
4505,27816,3222,13436,2090,24593,846,397,449
4510,27847,3225,13451,2090,24621,847,397,450
4515,27878,3230,13465,2092,24645,848,397,451
4520,27909,3235,13484,2097,24672,849,398,451
4525,27940,3240,13500,2099,24699,850,399,451
4530,27971,3244,13515,2101,24726,851,399,452
4535,28002,3248,13528,2103,24753,852,399,453
4540,28033,3252,13542,2104,24780,853,399,454
4545,28064,3257,13559,2106,24807,854,400,454
4550,28095,3261,13570,2109,24834,855,400,455
4555,28126,3264,13580,2110,24862,856,400,456
4560,28157,3269,13595,2114,24888,857,400,457
4565,28188,3271,13610,2116,24917,857,400,457
4570,28219,3273,13626,2117,24946,857,400,457
4575,28250,3276,13643,2119,24974,857,400,457
4580,28281,3279,13655,2122,25002,857,400,457
4585,28312,3281,13673,2124,25031,857,400,457
4590,28343,3283,13680,2124,25060,857,400,457
4595,28374,3285,13693,2124,25089,857,400,457
4600,28405,3288,13705,2126,25117,857,400,457
4605,28436,3292,13719,2129,25144,857,400,457
4610,28467,3295,13736,2131,25172,857,400,457
4615,28498,3298,13751,2134,25200,857,400,457
4620,28529,3301,13770,2135,25227,857,400,457
4625,28560,3306,13784,2138,25254,857,400,457
4630,28591,3309,13796,2139,25282,857,400,457
4635,28622,3313,13815,2142,25308,857,400,457
4640,28653,3318,13824,2145,25335,857,400,457
4645,28684,3322,13837,2148,25362,857,400,457
4650,28715,3326,13853,2150,25388,857,400,457
4655,28746,3332,13872,2155,25413,857,400,457
4660,28777,3337,13887,2158,25439,857,400,457
4665,28808,3343,13902,2161,25464,858,400,458
4670,28839,3349,13915,2165,25490,859,400,459
4675,28870,3352,13930,2167,25517,860,400,460
4680,28901,3355,13941,2169,25546,861,400,461
4685,28932,3357,13956,2170,25574,862,401,461
4690,28963,3360,13973,2172,25602,863,402,461
4695,28994,3363,13985,2174,25630,864,402,462
4700,29025,3365,13993,2174,25660,865,402,463
4705,29056,3367,14006,2175,25687,866,402,464
4710,29087,3370,14022,2177,25716,867,402,465
4715,29118,3372,14038,2177,25745,868,402,466
4720,29149,3375,14053,2179,25773,869,403,466
4725,29180,3378,14069,2181,25801,870,404,466
4730,29211,3382,14085,2184,25827,871,405,466
4735,29242,3386,14106,2188,25854,872,406,466
4740,29273,3389,14122,2190,25882,873,406,467
4745,29304,3392,14136,2192,25911,874,406,468
4750,29335,3393,14148,2192,25942,875,407,468
4755,29366,3394,14161,2193,25972,876,407,469
4760,29397,3395,14175,2193,26002,877,408,469
4765,29428,3396,14189,2193,26032,878,408,470
4770,29459,3397,14209,2194,26062,879,409,470
4775,29490,3400,14223,2196,26090,880,409,471
4780,29521,3404,14242,2198,26117,881,409,472
4785,29552,3408,14260,2200,26144,882,410,472
4790,29583,3413,14275,2204,26170,883,410,473
4795,29614,3418,14288,2208,26196,884,411,473
4800,29645,3421,14306,2209,26223,885,412,473
4805,29676,3427,14326,2214,26247,886,413,473
4810,29707,3434,14341,2219,26271,887,414,473
4815,29738,3440,14355,2224,26297,888,415,473
4820,29769,3443,14371,2227,26326,889,415,474
4825,29800,3445,14392,2229,26355,890,416,474
4830,29831,3448,14407,2232,26383,891,416,475
4835,29862,3450,14423,2233,26412,892,417,475
4840,29893,3453,14436,2235,26440,893,417,476
4845,29924,3456,14453,2238,26467,894,417,477
4850,29955,3459,14467,2240,26494,895,417,478
4855,29986,3463,14485,2242,26521,896,417,479
4860,30017,3467,14500,2244,26550,897,418,479
4865,30048,3470,14517,2246,26578,898,418,480
4870,30079,3474,14529,2247,26605,899,419,480
4875,30110,3479,14548,2250,26630,900,420,480
4880,30141,3483,14560,2254,26657,901,421,480
4885,30172,3489,14571,2260,26682,902,422,480
4890,30203,3492,14588,2262,26710,903,423,480
4895,30234,3495,14599,2264,26739,904,423,481
4900,30265,3497,14616,2266,26768,905,424,481
4905,30296,3499,14629,2266,26797,906,425,481
4910,30327,3501,14643,2267,26824,907,426,481
4915,30358,3505,14657,2269,26851,908,427,481
4920,30389,3508,14671,2271,26879,909,427,482
4925,30420,3513,14688,2274,26907,910,427,483
4930,30451,3516,14703,2276,26935,911,427,484
4935,30482,3519,14716,2278,26963,912,428,484
4940,30513,3521,14730,2280,26992,913,428,485
4945,30544,3524,14747,2282,27020,914,428,486
4950,30575,3527,14763,2284,27048,915,429,486
4955,30606,3530,14786,2287,27076,916,430,486
4960,30637,3533,14801,2289,27104,917,431,486
4965,30668,3535,14819,2290,27133,918,432,486
4970,30699,3538,14836,2293,27160,919,433,486
4975,30730,3542,14847,2297,27187,920,433,487
4980,30761,3545,14859,2299,27214,921,433,488
4985,30792,3548,14879,2302,27244,922,434,488
4990,30823,3549,14895,2302,27274,923,434,489
4995,30854,3551,14909,2303,27303,924,434,490
5000,30885,3553,14923,2305,27332,925,434,491
5005,30916,3555,14938,2305,27361,926,435,491
5010,30947,3557,14954,2307,27390,927,436,491
5015,30978,3559,14969,2308,27419,928,436,492
5020,31009,3561,14989,2309,27448,929,437,492
5025,31040,3563,15003,2310,27477,930,438,492
5030,31071,3566,15019,2312,27505,931,438,493
5035,31102,3570,15030,2313,27532,932,439,493
5040,31133,3575,15046,2316,27557,933,439,494
5045,31164,3579,15058,2318,27584,933,439,494
5050,31195,3582,15069,2319,27611,933,439,494
5055,31226,3587,15075,2322,27639,933,439,494
5060,31257,3591,15092,2326,27666,933,439,494
5065,31288,3593,15112,2328,27694,933,439,494
5070,31319,3596,15126,2331,27723,933,439,494
5075,31350,3598,15141,2332,27751,933,439,494
5080,31381,3603,15155,2336,27778,933,439,494
5085,31412,3608,15170,2340,27804,933,439,494
5090,31443,3614,15183,2343,27828,933,439,494
5095,31474,3622,15202,2350,27849,933,439,494
5100,31505,3630,15216,2357,27874,933,439,494
5105,31536,3634,15229,2360,27902,933,439,494
5110,31567,3637,15242,2362,27930,933,439,494
5115,31598,3639,15257,2363,27959,933,439,494
5120,31629,3641,15273,2365,27988,933,439,494
5125,31660,3644,15284,2366,28016,933,439,494
5130,31691,3645,15298,2367,28046,933,439,494
5135,31722,3647,15316,2368,28074,933,439,494
5140,31753,3650,15334,2370,28103,933,439,494
5145,31784,3650,15351,2370,28134,934,440,494
5150,31815,3651,15359,2370,28163,935,441,494
5155,31846,3652,15376,2371,28193,936,442,494
5160,31877,3653,15389,2372,28223,937,442,495
5165,31908,3654,15406,2372,28253,938,443,495
5170,31939,3655,15420,2372,28282,939,443,496
5175,31970,3656,15437,2372,28313,940,444,496
5180,32001,3657,15454,2373,28344,941,444,497
5185,32032,3658,15467,2373,28374,942,444,498
5190,32063,3659,15483,2374,28404,943,445,498
5195,32094,3660,15500,2375,28434,944,446,498
5200,32125,3661,15513,2375,28464,945,447,498
5205,32156,3662,15529,2375,28494,946,447,499
5210,32187,3664,15542,2376,28523,947,448,499
5215,32218,3666,15557,2376,28551,948,449,499
5220,32249,3669,15573,2379,28579,949,450,499
5225,32280,3672,15592,2380,28608,950,450,500
5230,32311,3675,15605,2382,28636,951,450,501
5235,32342,3678,15618,2385,28664,952,451,501
5240,32373,3682,15630,2387,28690,953,452,501
5245,32404,3686,15647,2390,28717,954,453,501
5250,32435,3692,15666,2395,28742,955,453,502
5255,32466,3699,15682,2400,28766,956,453,503
5260,32497,3707,15702,2406,28789,957,454,503
5265,32528,3716,15722,2412,28810,958,454,504
5270,32559,3725,15741,2419,28832,959,454,505
5275,32590,3734,15748,2425,28856,960,454,506
5280,32621,3742,15761,2430,28879,961,454,507
5285,32652,3745,15774,2431,28903,962,455,507
5290,32683,3751,15787,2435,28931,963,456,507
5295,32714,3753,15798,2436,28960,964,456,508
5300,32745,3755,15814,2437,28990,965,456,509
5305,32776,3757,15829,2438,29018,966,457,509
5310,32807,3760,15846,2441,29046,967,457,510
5315,32838,3763,15865,2442,29075,968,458,510
5320,32869,3766,15877,2443,29103,969,458,511
5325,32900,3768,15893,2444,29132,970,458,512
5330,32931,3770,15905,2445,29160,971,459,512
5335,32962,3772,15923,2446,29190,972,459,513
5340,32993,3775,15942,2447,29217,973,460,513
5345,33024,3776,15951,2448,29248,974,460,514
5350,33055,3777,15969,2448,29278,975,460,515
5355,33086,3778,15983,2448,29308,976,460,516
5360,33117,3779,16000,2449,29338,977,460,517
5365,33148,3780,16016,2449,29368,978,460,518
5370,33179,3781,16026,2449,29398,979,461,518
5375,33210,3782,16041,2449,29428,980,462,518
5380,33241,3783,16058,2449,29458,981,462,519
5385,33272,3784,16068,2450,29487,982,462,520
5390,33303,3787,16086,2453,29515,983,463,520
5395,33334,3791,16102,2455,29542,984,463,521
5400,33365,3796,16118,2457,29568,985,464,521
5405,33396,3801,16133,2461,29595,986,465,521
5410,33427,3806,16152,2465,29619,987,465,522
5415,33458,3813,16168,2471,29644,988,466,522
5420,33489,3820,16192,2478,29666,989,467,522
5425,33520,3830,16208,2486,29688,990,467,523
5430,33551,3835,16223,2490,29716,991,467,524
5435,33582,3836,16236,2490,29745,992,468,524
5440,33613,3837,16255,2491,29776,993,469,524
5445,33644,3838,16268,2492,29806,994,470,524
5450,33675,3840,16283,2494,29832,995,470,525
5455,33706,3843,16299,2496,29862,996,470,526
5460,33737,3845,16314,2496,29891,997,470,527
5465,33768,3847,16329,2497,29921,998,471,527
5470,33799,3849,16343,2499,29949,999,472,527
5475,33830,3851,16359,2500,29979,1000,473,527
5480,33861,3853,16379,2500,30007,1001,473,528
5485,33892,3855,16392,2501,30037,1002,473,529
5490,33923,3857,16407,2502,30066,1003,473,530
5495,33954,3859,16423,2502,30095,1004,473,531
5500,33985,3861,16438,2503,30124,1005,473,532
5505,34016,3863,16456,2505,30153,1006,473,533
5510,34047,3865,16464,2505,30182,1007,473,534
5515,34078,3867,16479,2506,30211,1008,473,535
5520,34109,3869,16497,2506,30240,1009,473,536
5525,34140,3871,16513,2507,30267,1010,474,536
5530,34171,3877,16531,2512,30294,1011,475,536
5535,34202,3880,16548,2514,30322,1012,476,536
5540,34233,3885,16565,2517,30347,1013,477,536
5545,34264,3892,16583,2522,30370,1014,477,537
5550,34295,3901,16596,2529,30394,1015,477,538
5555,34326,3907,16609,2533,30419,1016,477,539
5560,34357,3913,16626,2538,30444,1017,478,539
5565,34388,3920,16642,2541,30467,1018,479,539
5570,34419,3929,16657,2548,30489,1019,479,540
5575,34450,3935,16673,2552,30514,1020,480,540
5580,34481,3940,16691,2557,30541,1021,480,541
5585,34512,3944,16705,2560,30568,1022,480,542
5590,34543,3948,16722,2563,30594,1023,480,543
5595,34574,3952,16734,2567,30621,1024,481,543
5600,34605,3954,16748,2568,30651,1025,481,544
5605,34636,3956,16761,2569,30680,1026,482,544
5610,34667,3958,16780,2570,30708,1027,482,545
5615,34698,3961,16792,2573,30736,1028,482,546
5620,34729,3963,16807,2575,30766,1029,482,547
5625,34760,3966,16819,2577,30793,1030,482,548
5630,34791,3968,16834,2577,30821,1031,483,548
5635,34822,3971,16851,2579,30850,1032,484,548
5640,34853,3974,16868,2580,30878,1033,484,549
5645,34884,3975,16880,2581,30909,1034,485,549
5650,34915,3976,16894,2581,30939,1035,486,549
5655,34946,3977,16908,2581,30969,1036,487,549
5660,34977,3978,16920,2582,30999,1037,487,550
5665,35008,3979,16936,2583,31028,1038,487,551
5670,35039,3980,16952,2584,31059,1039,488,551
5675,35070,3981,16965,2584,31088,1040,488,552
5680,35101,3983,16985,2586,31118,1041,489,552
5685,35132,3985,16994,2586,31146,1042,490,552
5690,35163,3990,17013,2590,31170,1043,490,553
5695,35194,3995,17029,2594,31197,1044,491,553
5700,35225,4001,17043,2600,31223,1045,491,554
5705,35256,4008,17061,2606,31246,1045,491,554
5710,35287,4015,17073,2612,31271,1045,491,554
5715,35318,4019,17088,2615,31297,1045,491,554
5720,35349,4023,17098,2618,31326,1045,491,554
5725,35380,4025,17114,2618,31355,1045,491,554
5730,35411,4028,17131,2621,31382,1045,491,554
5735,35442,4031,17145,2623,31410,1045,491,554
5740,35473,4035,17160,2625,31437,1045,491,554
5745,35504,4036,17177,2626,31468,1045,491,554
5750,35535,4039,17193,2629,31496,1045,491,554
5755,35566,4042,17207,2631,31524,1045,491,554
5760,35597,4045,17224,2634,31552,1045,491,554
5765,35628,4048,17238,2636,31580,1045,491,554
5770,35659,4051,17251,2637,31608,1045,491,554
5775,35690,4054,17264,2639,31636,1045,491,554
5780,35721,4057,17279,2641,31664,1045,491,554
5785,35752,4060,17297,2643,31691,1045,491,554
5790,35783,4063,17312,2645,31719,1045,491,554
5795,35814,4065,17327,2645,31749,1045,491,554
5800,35845,4068,17341,2647,31777,1045,491,554
5805,35876,4071,17360,2648,31804,1046,492,554
5810,35907,4073,17376,2649,31834,1047,492,555
5815,35938,4077,17390,2651,31861,1048,492,556
5820,35969,4079,17410,2652,31889,1049,493,556
5825,36000,4081,17427,2653,31919,1050,494,556
5830,36031,4083,17440,2654,31948,1051,495,556
5835,36062,4085,17457,2655,31977,1052,495,557
5840,36093,4087,17476,2657,32006,1053,496,557
5845,36124,4090,17493,2657,32034,1054,497,557
5850,36155,4094,17511,2660,32061,1055,498,557
5855,36186,4097,17520,2660,32089,1056,498,558
5860,36217,4100,17536,2661,32117,1057,498,559
5865,36248,4104,17553,2665,32143,1058,499,559
5870,36279,4107,17573,2666,32169,1059,500,559
5875,36310,4115,17589,2674,32195,1060,500,560
5880,36341,4120,17600,2677,32221,1061,501,560
5885,36372,4126,17614,2680,32246,1062,501,561
5890,36403,4132,17630,2685,32271,1063,501,562
5895,36434,4137,17647,2688,32297,1064,501,563
5900,36465,4139,17658,2689,32326,1065,501,564
5905,36496,4141,17671,2690,32355,1066,501,565
5910,36527,4144,17687,2692,32383,1067,501,566
5915,36558,4147,17700,2695,32411,1068,501,567
5920,36589,4150,17713,2696,32439,1069,501,568
5925,36620,4155,17728,2700,32464,1070,501,569
5930,36651,4158,17740,2703,32492,1071,501,570
5935,36682,4160,17753,2703,32521,1072,501,571
5940,36713,4162,17769,2705,32550,1073,502,571
5945,36744,4163,17782,2705,32581,1074,503,571
5950,36775,4164,17797,2706,32611,1075,504,571
5955,36806,4166,17815,2708,32640,1076,505,571
5960,36837,4167,17826,2709,32670,1077,505,572
5965,36868,4168,17840,2709,32700,1078,506,572
5970,36899,4170,17855,2711,32729,1079,506,573
5975,36930,4172,17869,2713,32758,1080,506,574
5980,36961,4173,17883,2714,32788,1081,507,574
5985,36992,4174,17895,2714,32817,1082,507,575
5990,37023,4176,17909,2715,32847,1083,508,575
5995,37054,4178,17926,2717,32875,1084,508,576
6000,37085,4179,17944,2717,32905,1085,509,576
6005,37116,4181,17959,2717,32933,1086,509,577
6010,37147,4184,17971,2718,32962,1087,510,577
6015,37178,4187,17983,2720,32991,1088,510,578
6020,37209,4189,17993,2720,33020,1089,511,578
6025,37240,4192,18007,2721,33048,1090,511,579
6030,37271,4195,18022,2724,33075,1091,511,580
6035,37302,4198,18039,2727,33104,1092,512,580
6040,37333,4202,18056,2730,33130,1093,513,580
6045,37364,4206,18078,2734,33156,1094,513,581
6050,37395,4212,18093,2738,33182,1095,514,581
6055,37426,4218,18109,2742,33208,1096,515,581
6060,37457,4223,18126,2747,33234,1097,516,581
6065,37488,4228,18136,2751,33259,1098,517,581
6070,37519,4233,18143,2752,33286,1099,517,582
6075,37550,4239,18161,2756,33309,1100,517,583
6080,37581,4245,18179,2762,33335,1101,517,584
6085,37612,4250,18194,2766,33362,1102,517,585
6090,37643,4254,18207,2769,33388,1103,518,585
6095,37674,4258,18223,2770,33414,1104,519,585
6100,37705,4264,18236,2775,33441,1105,520,585
6105,37736,4267,18253,2777,33469,1106,521,585
6110,37767,4269,18268,2777,33498,1107,522,585
6115,37798,4272,18284,2779,33526,1108,523,585
6120,37829,4275,18299,2781,33554,1109,523,586
6125,37860,4276,18314,2782,33584,1110,523,587
6130,37891,4277,18328,2782,33614,1111,524,587
6135,37922,4278,18343,2782,33643,1112,525,587
6140,37953,4279,18357,2782,33674,1113,526,587
6145,37984,4280,18372,2782,33704,1114,527,587
6150,38015,4281,18389,2783,33733,1115,527,588
6155,38046,4282,18409,2783,33764,1116,527,589
6160,38077,4283,18424,2783,33794,1117,527,590
6165,38108,4284,18441,2784,33824,1118,528,590
6170,38139,4285,18457,2785,33854,1119,529,590
6175,38170,4286,18474,2786,33884,1120,529,591
6180,38201,4287,18486,2787,33913,1121,529,592
6185,38232,4289,18499,2788,33943,1122,529,593
6190,38263,4291,18516,2790,33972,1123,529,594
6195,38294,4293,18528,2790,34001,1124,530,594
6200,38325,4296,18544,2792,34029,1125,531,594
6205,38356,4299,18558,2794,34056,1126,532,594
6210,38387,4302,18573,2796,34084,1127,533,594
6215,38418,4306,18587,2799,34111,1128,533,595
6220,38449,4310,18605,2800,34137,1129,534,595
6225,38480,4314,18613,2802,34165,1130,534,596
6230,38511,4320,18625,2804,34190,1131,535,596
6235,38542,4326,18639,2807,34216,1132,536,596
6240,38573,4332,18655,2812,34241,1133,537,596
6245,38604,4337,18670,2815,34266,1133,537,596
6250,38635,4344,18683,2820,34291,1133,537,596
6255,38666,4351,18697,2824,34315,1133,537,596
6260,38697,4355,18710,2826,34341,1133,537,596
6265,38728,4361,18725,2829,34366,1133,537,596
6270,38759,4368,18745,2835,34390,1133,537,596
6275,38790,4373,18759,2839,34417,1133,537,596
6280,38821,4376,18771,2841,34445,1133,537,596
6285,38852,4379,18789,2844,34473,1133,537,596
6290,38883,4382,18809,2846,34500,1133,537,596
6295,38914,4384,18823,2846,34530,1133,537,596
6300,38945,4386,18840,2848,34559,1133,537,596
6305,38976,4389,18856,2851,34587,1133,537,596
6310,39007,4392,18871,2852,34615,1133,537,596
6315,39038,4395,18889,2854,34643,1133,537,596
6320,39069,4396,18904,2854,34673,1133,537,596
6325,39100,4397,18920,2855,34703,1133,537,596
6330,39131,4398,18933,2855,34733,1133,537,596
6335,39162,4399,18949,2856,34763,1133,537,596
6340,39193,4400,18966,2856,34793,1133,537,596
6345,39224,4401,18984,2857,34823,1134,538,596
6350,39255,4402,18996,2858,34853,1135,539,596
6355,39286,4403,19011,2859,34883,1136,539,597
6360,39317,4405,19029,2860,34912,1137,540,597
6365,39348,4407,19049,2862,34941,1138,540,598
6370,39379,4410,19067,2865,34969,1139,540,599
6375,39410,4413,19081,2867,34997,1140,540,600
6380,39441,4415,19095,2868,35025,1141,541,600
6385,39472,4419,19110,2869,35053,1142,541,601
6390,39503,4422,19128,2871,35080,1143,542,601
6395,39534,4427,19147,2874,35106,1144,543,601
6400,39565,4433,19163,2878,35132,1145,544,601
6405,39596,4437,19174,2880,35158,1146,544,602
6410,39627,4440,19192,2882,35187,1147,544,603
6415,39658,4445,19208,2885,35212,1148,545,603
6420,39689,4454,19224,2892,35234,1149,545,604
6425,39720,4463,19239,2900,35254,1150,545,605
6430,39751,4473,19255,2908,35277,1151,546,605
6435,39782,4477,19266,2911,35305,1152,547,605
6440,39813,4479,19279,2911,35334,1153,547,606
6445,39844,4481,19298,2912,35363,1154,548,606
6450,39875,4483,19309,2912,35392,1155,549,606
6455,39906,4486,19325,2914,35420,1156,550,606
6460,39937,4488,19336,2915,35449,1157,550,607
6465,39968,4491,19347,2916,35477,1158,550,608
6470,39999,4494,19358,2919,35505,1159,550,609
6475,40030,4496,19371,2920,35534,1160,551,609
6480,40061,4499,19395,2923,35562,1161,551,610
6485,40092,4501,19407,2924,35591,1162,552,610
6490,40123,4503,19420,2926,35620,1163,552,611
6495,40154,4505,19437,2928,35649,1164,552,612
6500,40185,4507,19451,2930,35678,1165,552,613
6505,40216,4509,19462,2932,35707,1166,552,614
6510,40247,4511,19477,2934,35736,1167,552,615
6515,40278,4513,19491,2936,35764,1168,552,616
6520,40309,4515,19506,2936,35794,1169,552,617
6525,40340,4517,19520,2938,35822,1170,552,618
6530,40371,4519,19537,2939,35852,1171,552,619
6535,40402,4522,19550,2939,35879,1172,552,620
6540,40433,4526,19561,2941,35906,1173,552,621
6545,40464,4530,19575,2941,35933,1174,553,621
6550,40495,4535,19593,2945,35959,1175,554,621
6555,40526,4539,19606,2946,35987,1176,554,622
6560,40557,4543,19615,2949,36014,1177,555,622
6565,40588,4547,19632,2950,36041,1178,555,623
6570,40619,4551,19647,2954,36066,1179,556,623
6575,40650,4556,19659,2957,36094,1180,556,624
6580,40681,4561,19670,2959,36119,1181,556,625
6585,40712,4571,19681,2967,36140,1182,556,626
6590,40743,4582,19696,2976,36159,1183,557,626
6595,40774,4591,19712,2982,36178,1184,558,626
6600,40805,4602,19729,2991,36202,1185,559,626
6605,40836,4604,19739,2993,36232,1186,559,627
6610,40867,4605,19757,2994,36262,1187,560,627
6615,40898,4606,19773,2995,36292,1188,560,628
6620,40929,4607,19790,2995,36322,1189,560,629
6625,40960,4608,19804,2995,36352,1190,561,629
6630,40991,4609,19818,2995,36382,1191,561,630
6635,41022,4610,19834,2996,36412,1192,562,630
6640,41053,4611,19855,2996,36442,1193,563,630
6645,41084,4612,19872,2997,36472,1194,563,631
6650,41115,4613,19890,2998,36502,1195,563,632
6655,41146,4614,19908,2998,36532,1196,564,632
6660,41177,4615,19926,2998,36562,1197,565,632
6665,41208,4616,19946,2999,36592,1198,566,632
6670,41239,4617,19962,3000,36622,1199,566,633
6675,41270,4618,19975,3000,36652,1200,566,634
6680,41301,4619,19990,3000,36682,1201,567,634
6685,41332,4620,20004,3001,36711,1202,568,634
6690,41363,4621,20021,3002,36741,1203,568,635
6695,41394,4622,20035,3003,36771,1204,569,635
6700,41425,4623,20046,3003,36801,1205,570,635
6705,41456,4627,20057,3004,36828,1206,570,636
6710,41487,4631,20065,3006,36855,1207,570,637
6715,41518,4636,20080,3007,36881,1208,570,638
6720,41549,4641,20095,3010,36908,1209,570,639
6725,41580,4647,20111,3015,36932,1210,571,639
6730,41611,4654,20133,3019,36957,1211,572,639
6735,41642,4660,20150,3023,36980,1212,572,640
6740,41673,4667,20162,3026,37005,1213,572,641
6745,41704,4674,20179,3031,37029,1214,573,641
6750,41735,4682,20198,3037,37050,1215,573,642
6755,41766,4691,20215,3043,37074,1216,574,642
6760,41797,4698,20226,3050,37098,1217,574,643
6765,41828,4705,20240,3056,37120,1218,574,644
6770,41859,4714,20255,3063,37145,1219,575,644
6775,41890,4717,20270,3066,37173,1220,576,644
6780,41921,4723,20285,3070,37198,1221,577,644
6785,41952,4723,20299,3070,37229,1222,577,645
6790,41983,4723,20311,3070,37260,1223,577,646
6795,42014,4723,20328,3070,37291,1224,578,646
6800,42045,4723,20340,3070,37322,1225,579,646
6805,42076,4723,20357,3070,37353,1226,580,646
6810,42107,4723,20369,3070,37384,1227,581,646
6815,42138,4723,20383,3070,37415,1228,581,647
6820,42169,4723,20397,3070,37446,1229,581,648
6825,42200,4723,20417,3070,37477,1230,582,648
6830,42231,4723,20436,3070,37508,1231,582,649
6835,42262,4723,20450,3070,37539,1232,582,650
6840,42293,4723,20466,3070,37570,1233,583,650
6845,42324,4723,20480,3070,37601,1234,584,650
6850,42355,4723,20497,3070,37632,1235,585,650
6855,42386,4723,20510,3070,37663,1236,585,651
6860,42417,4723,20524,3070,37694,1237,586,651
6865,42448,4723,20537,3070,37725,1238,586,652
6870,42479,4723,20554,3070,37755,1239,587,652
6875,42510,4723,20567,3070,37785,1240,587,653
6880,42541,4725,20585,3072,37814,1241,588,653
6885,42572,4730,20599,3076,37842,1242,588,654
6890,42603,4737,20620,3082,37864,1243,589,654
6895,42634,4743,20626,3085,37890,1244,589,655
6900,42665,4752,20645,3094,37913,1245,590,655
6905,42696,4757,20657,3098,37939,1245,590,655
6910,42727,4764,20672,3103,37961,1245,590,655
6915,42758,4771,20687,3107,37987,1245,590,655
6920,42789,4776,20703,3111,38011,1245,590,655
6925,42820,4783,20719,3118,38036,1245,590,655
6930,42851,4792,20737,3125,38056,1245,590,655
6935,42882,4798,20754,3128,38083,1245,590,655
6940,42913,4800,20763,3128,38113,1245,590,655
6945,42944,4803,20779,3130,38141,1245,590,655
6950,42975,4806,20792,3132,38169,1245,590,655
6955,43006,4808,20800,3133,38198,1245,590,655
6960,43037,4811,20818,3134,38226,1245,590,655
6965,43068,4814,20831,3135,38254,1245,590,655
6970,43099,4817,20845,3137,38282,1245,590,655
6975,43130,4818,20856,3138,38312,1245,590,655
6980,43161,4819,20868,3138,38342,1245,590,655
6985,43192,4820,20884,3138,38372,1245,590,655
6990,43223,4821,20899,3139,38402,1245,590,655
6995,43254,4822,20906,3139,38432,1245,590,655
7000,43285,4823,20926,3140,38461,1245,590,655
7005,43316,4824,20941,3140,38492,1246,590,656
7010,43347,4825,20956,3141,38521,1247,590,657
7015,43378,4826,20968,3142,38552,1248,591,657
7020,43409,4827,20977,3142,38582,1249,592,657
7025,43440,4828,20995,3142,38612,1250,592,658
7030,43471,4829,21013,3143,38642,1251,593,658
7035,43502,4830,21023,3143,38672,1252,593,659
7040,43533,4831,21042,3143,38702,1253,594,659
7045,43564,4834,21058,3145,38728,1254,594,660
7050,43595,4837,21073,3146,38758,1255,594,661
7055,43626,4840,21089,3147,38785,1256,594,662
7060,43657,4843,21109,3148,38814,1257,594,663
7065,43688,4846,21124,3149,38841,1258,594,664
7070,43719,4849,21136,3152,38870,1259,595,664
7075,43750,4852,21151,3153,38898,1260,595,665
7080,43781,4856,21166,3156,38925,1261,595,666
7085,43812,4860,21183,3158,38952,1262,596,666
7090,43843,4864,21199,3160,38978,1263,597,666
7095,43874,4868,21211,3161,39005,1264,597,667
7100,43905,4872,21225,3164,39033,1265,597,668
7105,43936,4876,21234,3164,39060,1266,597,669
7110,43967,4880,21245,3164,39087,1267,597,670
7115,43998,4884,21262,3167,39114,1268,598,670
7120,44029,4888,21277,3169,39140,1269,598,671
7125,44060,4895,21290,3172,39164,1270,598,672
7130,44091,4904,21305,3179,39186,1271,598,673
7135,44122,4912,21322,3186,39208,1272,598,674
7140,44153,4922,21339,3193,39230,1273,599,674
7145,44184,4931,21358,3201,39252,1274,599,675
7150,44215,4936,21376,3206,39275,1275,600,675
7155,44246,4944,21386,3212,39300,1276,600,676
7160,44277,4946,21405,3213,39329,1277,600,677
7165,44308,4947,21419,3213,39359,1278,600,678
7170,44339,4948,21432,3213,39390,1279,601,678
7175,44370,4949,21450,3214,39421,1280,601,679
7180,44401,4950,21473,3215,39450,1281,601,680
7185,44432,4951,21487,3215,39480,1282,602,680
7190,44463,4952,21505,3216,39510,1283,603,680
7195,44494,4953,21519,3216,39540,1284,603,681
7200,44525,4954,21536,3217,39571,1285,603,682
7205,44556,4955,21550,3217,39601,1286,603,683
7210,44587,4956,21562,3218,39631,1287,604,683
7215,44618,4957,21577,3218,39661,1288,605,683
7220,44649,4958,21591,3218,39691,1289,606,683
7225,44680,4959,21604,3218,39720,1290,607,683
7230,44711,4960,21617,3218,39750,1291,607,684
7235,44742,4961,21629,3218,39781,1292,608,684
7240,44773,4962,21641,3218,39810,1293,608,685
7245,44804,4963,21651,3219,39841,1294,609,685
7250,44835,4965,21666,3221,39868,1295,610,685
7255,44866,4969,21675,3225,39896,1296,610,686
7260,44897,4972,21693,3227,39924,1297,611,686
7265,44928,4977,21707,3229,39951,1298,611,687
7270,44959,4981,21728,3232,39977,1299,612,687
7275,44990,4985,21745,3234,40003,1300,613,687
7280,45021,4990,21764,3237,40030,1301,614,687
7285,45052,4995,21775,3239,40056,1302,614,688
7290,45083,5000,21786,3240,40081,1303,614,689
7295,45114,5004,21800,3240,40109,1304,614,690
7300,45145,5008,21813,3241,40136,1305,614,691
7305,45176,5014,21828,3246,40161,1306,615,691
7310,45207,5021,21841,3251,40182,1307,615,692
7315,45238,5032,21860,3260,40204,1308,616,692
7320,45269,5039,21872,3264,40225,1309,617,692
7325,45300,5045,21886,3269,40253,1310,618,692
7330,45331,5049,21898,3271,40281,1311,619,692
7335,45362,5054,21920,3274,40307,1312,620,692
7340,45393,5056,21934,3275,40337,1313,621,692
7345,45424,5058,21951,3276,40366,1314,622,692
7350,45455,5060,21965,3278,40395,1315,622,693
7355,45486,5062,21976,3278,40424,1316,622,694
7360,45517,5064,21992,3279,40453,1317,623,694
7365,45548,5066,22008,3280,40482,1318,624,694
7370,45579,5068,22025,3281,40511,1319,625,694
7375,45610,5070,22044,3282,40540,1320,625,695
7380,45641,5072,22062,3283,40569,1321,626,695
7385,45672,5074,22074,3283,40598,1322,626,696
7390,45703,5076,22085,3284,40627,1323,627,696
7395,45734,5078,22100,3285,40656,1324,627,697
7400,45765,5080,22112,3286,40685,1325,628,697
7405,45796,5082,22132,3288,40714,1326,629,697
7410,45827,5084,22147,3289,40743,1327,630,697
7415,45858,5086,22164,3290,40772,1328,631,697
7420,45889,5088,22183,3291,40801,1329,632,697
7425,45920,5091,22201,3293,40829,1330,633,697
7430,45951,5095,22220,3295,40856,1331,634,697
7435,45982,5099,22234,3298,40882,1332,635,697
7440,46013,5108,22249,3304,40904,1333,636,697
7445,46044,5114,22263,3308,40929,1334,636,698
7450,46075,5119,22274,3310,40956,1335,637,698
7455,46106,5124,22288,3312,40981,1336,638,698
7460,46137,5129,22305,3317,41006,1337,638,699
7465,46168,5133,22320,3319,41033,1338,639,699
7470,46199,5138,22338,3323,41058,1339,639,700
7475,46230,5143,22353,3327,41084,1340,639,701
7480,46261,5148,22370,3330,41111,1341,639,702
7485,46292,5153,22388,3334,41133,1342,639,703
7490,46323,5162,22403,3342,41160,1343,640,703
7495,46354,5167,22421,3345,41186,1344,641,703
7500,46385,5171,22435,3349,41214,1345,641,704
7505,46416,5173,22448,3350,41243,1346,641,705
7510,46447,5175,22467,3350,41272,1347,641,706
7515,46478,5177,22479,3350,41301,1348,642,706
7520,46509,5179,22492,3351,41330,1349,642,707
7525,46540,5181,22507,3351,41359,1350,642,708
7530,46571,5183,22521,3352,41388,1351,643,708
7535,46602,5185,22539,3353,41417,1352,644,708
7540,46633,5187,22551,3354,41446,1353,644,709
7545,46664,5189,22566,3354,41475,1354,645,709
7550,46695,5191,22583,3354,41504,1355,646,709
7555,46726,5193,22599,3355,41533,1356,647,709
7560,46757,5195,22614,3356,41562,1357,648,709
7565,46788,5197,22632,3356,41591,1358,649,709
7570,46819,5199,22641,3356,41619,1359,649,710
7575,46850,5201,22655,3357,41649,1360,650,710
7580,46881,5203,22669,3358,41678,1361,650,711
7585,46912,5205,22686,3359,41706,1362,650,712
7590,46943,5207,22704,3360,41735,1363,651,712
7595,46974,5211,22722,3363,41762,1364,652,712
7600,47005,5214,22739,3364,41789,1365,653,712
7605,47036,5222,22749,3369,41814,1366,654,712
7610,47067,5229,22764,3374,41836,1367,654,713
7615,47098,5238,22779,3379,41857,1368,654,714
7620,47129,5247,22794,3387,41878,1369,654,715
7625,47160,5254,22805,3391,41905,1369,654,715
7630,47191,5259,22816,3393,41930,1369,654,715
7635,47222,5263,22835,3396,41957,1369,654,715
7640,47253,5268,22851,3399,41984,1369,654,715
7645,47284,5271,22862,3401,42013,1369,654,715
7650,47315,5273,22876,3402,42042,1369,654,715
7655,47346,5275,22890,3404,42071,1369,654,715
7660,47377,5277,22904,3405,42100,1369,654,715
7665,47408,5279,22917,3405,42129,1369,654,715
7670,47439,5281,22927,3406,42158,1369,654,715
7675,47470,5283,22940,3406,42187,1369,654,715
7680,47501,5285,22956,3407,42216,1369,654,715
7685,47532,5287,22965,3407,42245,1369,654,715
7690,47563,5289,22975,3408,42274,1369,654,715
7695,47594,5291,22990,3408,42303,1369,654,715
7700,47625,5293,23008,3410,42330,1369,654,715
7705,47656,5295,23023,3411,42360,1369,654,715
7710,47687,5297,23041,3412,42389,1369,654,715
7715,47718,5299,23059,3413,42419,1369,654,715
7720,47749,5301,23077,3415,42448,1369,654,715
7725,47780,5303,23093,3417,42477,1370,655,715
7730,47811,5306,23110,3418,42505,1371,656,715
7735,47842,5309,23127,3420,42533,1372,657,715
7740,47873,5312,23140,3421,42561,1373,658,715
7745,47904,5315,23149,3423,42589,1374,658,716
7750,47935,5318,23161,3424,42616,1375,659,716
7755,47966,5323,23178,3429,42643,1376,660,716
7760,47997,5326,23192,3429,42671,1377,660,717
7765,48028,5329,23206,3430,42699,1378,660,718
7770,48059,5332,23224,3432,42724,1379,660,719
7775,48090,5336,23236,3435,42753,1380,661,719
7780,48121,5341,23254,3439,42779,1381,661,720
7785,48152,5345,23273,3442,42805,1382,662,720
7790,48183,5351,23290,3445,42832,1383,663,720
7795,48214,5354,23300,3447,42858,1384,663,721
7800,48245,5359,23314,3450,42886,1385,664,721
7805,48276,5364,23331,3453,42910,1386,665,721
7810,48307,5369,23343,3457,42938,1387,665,722
7815,48338,5373,23359,3460,42963,1388,665,723
7820,48369,5379,23374,3465,42990,1389,666,723
7825,48400,5382,23385,3466,43017,1390,666,724
7830,48431,5385,23400,3468,43045,1391,667,724
7835,48462,5387,23417,3469,43075,1392,668,724
7840,48493,5388,23432,3470,43105,1393,668,725
7845,48524,5389,23448,3470,43135,1394,669,725
7850,48555,5391,23464,3472,43164,1395,669,726
7855,48586,5393,23475,3474,43193,1396,669,727
7860,48617,5395,23490,3475,43222,1397,669,728
7865,48648,5397,23505,3477,43251,1398,670,728
7870,48679,5399,23523,3478,43280,1399,670,729
7875,48710,5401,23538,3479,43308,1400,670,730
7880,48741,5403,23556,3479,43337,1401,671,730
7885,48772,5405,23571,3480,43367,1402,671,731
7890,48803,5407,23582,3481,43396,1403,672,731
7895,48834,5409,23599,3481,43424,1404,673,731
7900,48865,5411,23608,3482,43454,1405,673,732
7905,48896,5413,23620,3482,43483,1406,674,732
7910,48927,5415,23632,3482,43512,1407,674,733
7915,48958,5417,23649,3484,43540,1408,675,733
7920,48989,5419,23657,3484,43570,1409,676,733
7925,49020,5422,23679,3486,43597,1410,677,733
7930,49051,5425,23694,3488,43626,1411,677,734
7935,49082,5428,23710,3491,43654,1412,678,734
7940,49113,5431,23730,3492,43681,1413,679,734
7945,49144,5436,23743,3493,43708,1414,680,734
7950,49175,5441,23763,3497,43733,1415,681,734
7955,49206,5447,23775,3501,43758,1416,682,734
7960,49237,5453,23793,3504,43783,1417,683,734
7965,49268,5459,23807,3507,43808,1418,683,735
7970,49299,5465,23821,3511,43833,1419,683,736
7975,49330,5470,23833,3515,43860,1420,683,737
7980,49361,5475,23848,3520,43884,1421,683,738
7985,49392,5481,23865,3525,43911,1422,684,738
7990,49423,5485,23883,3529,43938,1423,684,739
7995,49454,5488,23895,3531,43966,1424,684,740
8000,49485,5491,23909,3534,43994,1425,684,741
8005,49516,5494,23924,3536,44022,1426,685,741
8010,49547,5497,23939,3539,44049,1427,685,742
8015,49578,5500,23951,3541,44078,1428,686,742
8020,49609,5505,23969,3544,44104,1429,687,742
8025,49640,5506,23982,3545,44134,1430,687,743
8030,49671,5507,24000,3545,44163,1431,687,744
8035,49702,5508,24017,3546,44192,1432,687,745
8040,49733,5509,24031,3547,44224,1433,687,746
8045,49764,5510,24044,3547,44253,1434,687,747
8050,49795,5511,24060,3547,44283,1435,688,747
8055,49826,5512,24074,3547,44313,1436,688,748
8060,49857,5513,24086,3547,44344,1437,688,749
8065,49888,5514,24097,3547,44373,1438,689,749
8070,49919,5515,24113,3548,44403,1439,689,750
8075,49950,5516,24129,3549,44434,1440,690,750
8080,49981,5517,24148,3549,44464,1441,690,751
8085,50012,5518,24159,3549,44493,1442,690,752
8090,50043,5521,24170,3552,44520,1443,690,753
8095,50074,5525,24184,3554,44546,1444,690,754
8100,50105,5529,24195,3556,44574,1445,691,754
8105,50136,5533,24208,3557,44602,1446,691,755
8110,50167,5536,24225,3560,44630,1447,691,756
8115,50198,5539,24236,3561,44659,1448,691,757
8120,50229,5542,24250,3564,44686,1449,691,758
8125,50260,5545,24270,3566,44715,1450,692,758
8130,50291,5549,24288,3568,44740,1451,693,758
8135,50322,5554,24303,3570,44766,1452,694,758
8140,50353,5559,24317,3572,44793,1453,694,759
8145,50384,5565,24333,3577,44818,1454,695,759
8150,50415,5572,24350,3583,44840,1455,696,759
8155,50446,5580,24364,3589,44866,1456,696,760
8160,50477,5583,24381,3591,44894,1457,696,761
8165,50508,5587,24396,3593,44921,1457,696,761
8170,50539,5590,24405,3594,44949,1457,696,761
8175,50570,5594,24418,3595,44976,1457,696,761
8180,50601,5598,24430,3597,45003,1457,696,761
8185,50632,5603,24448,3601,45029,1457,696,761
8190,50663,5607,24462,3603,45056,1457,696,761
8195,50694,5610,24478,3605,45084,1457,696,761
8200,50725,5615,24496,3608,45110,1457,696,761
8205,50756,5621,24512,3612,45135,1457,696,761
8210,50787,5626,24522,3614,45161,1457,696,761
8215,50818,5628,24543,3615,45190,1457,696,761
8220,50849,5630,24559,3617,45219,1457,696,761
8225,50880,5632,24576,3618,45248,1457,696,761
8230,50911,5634,24588,3618,45277,1457,696,761
8235,50942,5636,24600,3619,45304,1457,696,761
8240,50973,5638,24615,3620,45333,1457,696,761
8245,51004,5640,24631,3620,45362,1457,696,761
8250,51035,5642,24642,3621,45391,1457,696,761
8255,51066,5644,24661,3622,45417,1457,696,761
8260,51097,5646,24677,3623,45448,1457,696,761
8265,51128,5650,24689,3625,45478,1458,696,762
8270,51159,5653,24703,3626,45504,1459,697,762
8275,51190,5656,24722,3628,45533,1460,698,762
8280,51221,5659,24738,3629,45560,1461,699,762
8285,51252,5663,24749,3630,45589,1462,699,763
8290,51283,5666,24767,3632,45616,1463,699,764
8295,51314,5669,24782,3633,45644,1464,700,764
8300,51345,5672,24799,3635,45673,1465,700,765
8305,51376,5675,24811,3637,45701,1466,701,765
8310,51407,5679,24824,3641,45728,1467,701,766
8315,51438,5683,24843,3642,45755,1468,702,766
8320,51469,5686,24855,3644,45783,1469,703,766
8325,51500,5691,24870,3646,45809,1470,704,766
8330,51531,5696,24880,3647,45834,1471,704,767
8335,51562,5702,24894,3651,45860,1472,705,767
8340,51593,5708,24909,3654,45884,1473,705,768
8345,51624,5713,24922,3658,45910,1474,705,769
8350,51655,5717,24936,3660,45938,1475,706,769
8355,51686,5720,24951,3661,45966,1476,707,769
8360,51717,5723,24963,3662,45994,1477,707,770
8365,51748,5726,24979,3664,46022,1478,707,771
8370,51779,5729,24996,3666,46050,1479,708,771
8375,51810,5733,25011,3669,46077,1480,709,771
8380,51841,5738,25031,3672,46102,1481,710,771
8385,51872,5742,25046,3674,46129,1482,711,771
8390,51903,5749,25057,3679,46154,1483,712,771
8395,51934,5753,25072,3682,46180,1484,712,772
8400,51965,5759,25088,3686,46206,1485,713,772
8405,51996,5761,25103,3686,46235,1486,714,772
8410,52027,5763,25118,3687,46263,1487,714,773
8415,52058,5765,25134,3688,46292,1488,715,773
8420,52089,5767,25152,3690,46322,1489,716,773
8425,52120,5769,25160,3691,46351,1490,717,773
8430,52151,5771,25173,3693,46380,1491,717,774
8435,52182,5773,25188,3695,46409,1492,717,775
8440,52213,5775,25200,3696,46437,1493,718,775
8445,52244,5777,25220,3697,46466,1494,719,775
8450,52275,5779,25235,3698,46495,1495,720,775
8455,52306,5783,25258,3701,46520,1496,721,775
8460,52337,5787,25269,3705,46550,1497,721,776
8465,52368,5790,25283,3705,46578,1498,722,776
8470,52399,5793,25298,3706,46605,1499,723,776
8475,52430,5796,25311,3708,46634,1500,724,776
8480,52461,5799,25324,3709,46661,1501,725,776
8485,52492,5803,25340,3710,46687,1502,725,777
8490,52523,5808,25351,3712,46715,1503,725,778
8495,52554,5811,25362,3713,46743,1504,725,779
8500,52585,5816,25375,3717,46769,1505,725,780
8505,52616,5822,25392,3721,46794,1506,726,780
8510,52647,5827,25403,3724,46819,1507,727,780
8515,52678,5833,25418,3727,46844,1508,728,780
8520,52709,5838,25428,3728,46871,1509,729,780
8525,52740,5841,25439,3728,46898,1510,730,780
8530,52771,5844,25458,3729,46926,1511,731,780
8535,52802,5847,25473,3732,46954,1512,731,781
8540,52833,5850,25488,3734,46983,1513,731,782
8545,52864,5853,25504,3736,47011,1514,731,783
8550,52895,5857,25522,3739,47038,1515,731,784
8555,52926,5862,25536,3742,47064,1516,731,785
8560,52957,5866,25549,3743,47091,1517,732,785
8565,52988,5870,25562,3744,47118,1518,732,786
8570,53019,5876,25579,3749,47142,1519,733,786
8575,53050,5883,25599,3755,47166,1520,733,787
8580,53081,5885,25613,3757,47196,1521,733,788
8585,53112,5886,25629,3757,47226,1522,734,788
8590,53143,5887,25640,3757,47256,1523,735,788
8595,53174,5888,25654,3757,47285,1524,736,788
8600,53205,5889,25666,3757,47316,1525,736,789
8605,53236,5890,25687,3758,47345,1526,737,789
8610,53267,5891,25701,3759,47375,1527,737,790
8615,53298,5892,25715,3760,47406,1528,737,791
8620,53329,5893,25732,3761,47436,1529,737,792
8625,53360,5895,25749,3763,47464,1530,738,792
8630,53391,5898,25762,3766,47493,1531,738,793
8635,53422,5901,25773,3768,47520,1532,738,794
8640,53453,5904,25786,3769,47548,1533,738,795
8645,53484,5907,25802,3771,47576,1534,738,796
8650,53515,5912,25821,3774,47602,1535,739,796
8655,53546,5916,25835,3777,47630,1536,739,797
8660,53577,5922,25853,3783,47655,1537,739,798
8665,53608,5923,25864,3783,47685,1538,739,799
8670,53639,5924,25876,3783,47715,1539,739,800
8675,53670,5925,25895,3784,47745,1540,740,800
8680,53701,5927,25913,3785,47773,1541,740,801
8685,53732,5929,25931,3787,47803,1542,741,801
8690,53763,5932,25951,3788,47831,1543,742,801
8695,53794,5935,25966,3789,47859,1544,743,801
8700,53825,5938,25982,3791,47887,1545,744,801
8705,53856,5941,25994,3791,47915,1545,744,801
8710,53887,5944,26011,3793,47943,1545,744,801
8715,53918,5947,26021,3793,47971,1545,744,801
8720,53949,5950,26034,3794,47999,1545,744,801
8725,53980,5953,26045,3796,48027,1545,744,801
8730,54011,5956,26058,3796,48054,1545,744,801
8735,54042,5959,26072,3798,48083,1545,744,801
8740,54073,5963,26087,3800,48110,1545,744,801
8745,54104,5967,26105,3804,48137,1545,744,801
8750,54135,5971,26119,3806,48164,1545,744,801
8755,54166,5977,26135,3812,48189,1545,744,801
8760,54197,5982,26149,3815,48215,1545,744,801
8765,54228,5985,26165,3816,48243,1545,744,801
8770,54259,5990,26177,3819,48268,1545,744,801
8775,54290,5997,26191,3824,48293,1545,744,801
8780,54321,6000,26203,3825,48320,1545,744,801
8785,54352,6003,26220,3826,48348,1545,744,801
8790,54383,6006,26231,3828,48377,1545,744,801
8795,54414,6009,26243,3829,48405,1545,744,801
8800,54445,6012,26257,3830,48431,1545,744,801
8805,54476,6016,26273,3832,48459,1546,745,801
8810,54507,6020,26287,3835,48487,1547,745,802
8815,54538,6025,26303,3840,48512,1548,745,803
8820,54569,6029,26314,3841,48540,1549,745,804
8825,54600,6034,26328,3843,48566,1550,746,804
8830,54631,6037,26341,3845,48594,1551,746,805
8835,54662,6041,26355,3848,48621,1552,746,806
8840,54693,6047,26373,3852,48645,1553,746,807
8845,54724,6052,26385,3855,48672,1554,747,807
8850,54755,6054,26399,3856,48701,1555,748,807
8855,54786,6056,26412,3857,48730,1556,748,808
8860,54817,6058,26422,3857,48759,1557,748,809
8865,54848,6060,26438,3858,48787,1558,749,809
8870,54879,6062,26457,3860,48815,1559,749,810
8875,54910,6064,26474,3861,48845,1560,749,811
8880,54941,6066,26483,3861,48875,1561,749,812
8885,54972,6068,26506,3862,48904,1562,749,813
8890,55003,6071,26523,3862,48932,1563,749,814
8895,55034,6074,26539,3863,48960,1564,749,815
8900,55065,6077,26554,3864,48988,1565,750,815
8905,55096,6080,26571,3865,49016,1566,751,815
8910,55127,6083,26586,3866,49044,1567,752,815
8915,55158,6086,26601,3866,49072,1568,753,815
8920,55189,6089,26610,3867,49100,1569,754,815
8925,55220,6093,26626,3870,49127,1570,755,815
8930,55251,6097,26636,3871,49154,1571,755,816
8935,55282,6100,26651,3872,49182,1572,756,816
8940,55313,6104,26670,3876,49209,1573,757,816
8945,55344,6107,26684,3878,49237,1574,758,816
8950,55375,6109,26695,3879,49266,1575,759,816
8955,55406,6112,26709,3881,49294,1576,759,817
8960,55437,6115,26725,3883,49322,1577,760,817
8965,55468,6118,26742,3886,49350,1578,760,818
8970,55499,6121,26758,3886,49378,1579,761,818
8975,55530,6126,26771,3890,49403,1580,761,819
8980,55561,6132,26787,3893,49428,1581,762,819
8985,55592,6136,26798,3894,49456,1582,762,820
8990,55623,6141,26817,3898,49481,1583,763,820
8995,55654,6144,26829,3899,49508,1584,763,821
9000,55685,6148,26840,3902,49536,1585,764,821
9005,55716,6151,26851,3904,49565,1586,764,822
9010,55747,6154,26863,3907,49592,1587,764,823
9015,55778,6159,26881,3911,49618,1588,765,823
9020,55809,6163,26895,3913,49645,1589,765,824
9025,55840,6167,26911,3916,49673,1590,765,825
9030,55871,6168,26924,3916,49703,1591,766,825
9035,55902,6169,26943,3916,49733,1592,766,826
9040,55933,6170,26951,3917,49763,1593,767,826
9045,55964,6171,26967,3918,49792,1594,768,826
9050,55995,6173,26980,3919,49820,1595,769,826
9055,56026,6175,26992,3920,49850,1596,769,827
9060,56057,6177,27002,3921,49880,1597,769,828
9065,56088,6179,27015,3921,49907,1598,769,829
9070,56119,6181,27031,3922,49937,1599,769,830
9075,56150,6183,27040,3923,49967,1600,769,831
9080,56181,6185,27054,3924,49996,1601,769,832
9085,56212,6187,27074,3926,50025,1602,769,833
9090,56243,6189,27087,3926,50054,1603,769,834
9095,56274,6191,27106,3927,50083,1604,769,835
9100,56305,6194,27116,3928,50111,1605,769,836
9105,56336,6197,27131,3930,50138,1606,769,837
9110,56367,6200,27145,3932,50167,1607,770,837
9115,56398,6203,27162,3935,50193,1608,770,838
9120,56429,6206,27179,3937,50222,1609,770,839
9125,56460,6209,27198,3938,50250,1610,771,839
9130,56491,6212,27213,3938,50279,1611,771,840
9135,56522,6216,27230,3941,50305,1612,771,841
9140,56553,6221,27245,3945,50331,1613,772,841
9145,56584,6225,27260,3946,50358,1614,772,842
9150,56615,6232,27277,3950,50383,1615,772,843
9155,56646,6238,27293,3953,50408,1616,773,843
9160,56677,6243,27312,3957,50433,1617,774,843
9165,56708,6248,27328,3960,50460,1618,775,843
9170,56739,6253,27339,3963,50485,1619,775,844
9175,56770,6259,27356,3966,50510,1620,776,844
9180,56801,6266,27372,3971,50534,1621,776,845
9185,56832,6275,27385,3978,50555,1622,777,845
9190,56863,6281,27401,3984,50580,1623,777,846
9195,56894,6287,27414,3989,50607,1624,777,847
9200,56925,6289,27428,3989,50635,1625,778,847
9205,56956,6291,27439,3990,50663,1626,778,848
9210,56987,6293,27452,3990,50693,1627,779,848
9215,57018,6295,27463,3991,50721,1628,779,849
9220,57049,6297,27476,3991,50750,1629,780,849
9225,57080,6299,27490,3992,50780,1630,781,849
9230,57111,6301,27505,3993,50810,1631,782,849
9235,57142,6303,27520,3995,50839,1632,783,849
9240,57173,6305,27532,3996,50868,1633,784,849
9245,57204,6307,27542,3997,50897,1634,784,850
9250,57235,6309,27557,3997,50925,1635,785,850
9255,57266,6311,27574,3999,50955,1636,786,850
9260,57297,6313,27591,4001,50983,1637,786,851
9265,57328,6315,27604,4003,51013,1638,786,852
9270,57359,6317,27618,4005,51041,1639,786,853
9275,57390,6319,27635,4006,51071,1640,786,854
9280,57421,6321,27649,4008,51099,1641,787,854
9285,57452,6323,27661,4010,51128,1642,787,855
9290,57483,6325,27683,4010,51155,1643,788,855
9295,57514,6328,27694,4011,51184,1644,788,856
9300,57545,6331,27702,4012,51213,1645,788,857
9305,57576,6335,27718,4015,51239,1645,788,857
9310,57607,6340,27733,4018,51265,1645,788,857
9315,57638,6345,27743,4022,51293,1645,788,857
9320,57669,6349,27753,4022,51320,1645,788,857
9325,57700,6354,27772,4025,51346,1645,788,857
9330,57731,6361,27787,4029,51370,1645,788,857
9335,57762,6368,27801,4033,51393,1645,788,857
9340,57793,6374,27815,4036,51418,1645,788,857
9345,57824,6382,27831,4042,51440,1645,788,857
9350,57855,6389,27844,4047,51465,1645,788,857
9355,57886,6393,27861,4049,51492,1645,788,857
9360,57917,6396,27876,4050,51519,1645,788,857
9365,57948,6400,27889,4052,51546,1645,788,857
9370,57979,6406,27900,4056,51572,1645,788,857
9375,58010,6410,27918,4060,51599,1645,788,857
9380,58041,6412,27938,4062,51628,1645,788,857
9385,58072,6414,27956,4063,51658,1645,788,857
9390,58103,6416,27969,4063,51687,1645,788,857
9395,58134,6418,27982,4064,51716,1645,788,857
9400,58165,6420,27996,4064,51745,1645,788,857
9405,58196,6422,28011,4064,51773,1646,788,858
9410,58227,6424,28028,4065,51801,1647,789,858
9415,58258,6426,28045,4066,51829,1648,789,859
9420,58289,6428,28065,4067,51859,1649,790,859
9425,58320,6429,28080,4068,51891,1650,791,859
9430,58351,6430,28099,4069,51921,1651,792,859
9435,58382,6431,28116,4070,51951,1652,792,860
9440,58413,6432,28128,4070,51981,1653,793,860
9445,58444,6433,28146,4070,52011,1654,794,860
9450,58475,6434,28158,4071,52041,1655,794,861
9455,58506,6436,28178,4073,52070,1656,795,861
9460,58537,6438,28194,4074,52099,1657,795,862
9465,58568,6440,28211,4076,52127,1658,796,862
9470,58599,6442,28222,4076,52156,1659,796,863
9475,58630,6444,28235,4076,52185,1660,797,863
9480,58661,6448,28251,4078,52211,1661,798,863
9485,58692,6452,28261,4079,52238,1662,798,864
9490,58723,6457,28276,4082,52265,1663,798,865
9495,58754,6462,28290,4086,52291,1664,798,866
9500,58785,6466,28301,4090,52318,1665,798,867
9505,58816,6471,28317,4093,52344,1666,799,867
9510,58847,6476,28331,4096,52371,1667,799,868
9515,58878,6479,28347,4097,52399,1668,800,868
9520,58909,6484,28364,4101,52423,1669,800,869
9525,58940,6490,28379,4106,52449,1670,801,869
9530,58971,6496,28392,4110,52474,1671,801,870
9535,59002,6502,28409,4115,52500,1672,801,871
9540,59033,6505,28422,4116,52528,1673,802,871
9545,59064,6509,28434,4119,52555,1674,802,872
9550,59095,6513,28454,4121,52579,1675,802,873
9555,59126,6515,28466,4121,52610,1676,803,873
9560,59157,6517,28483,4122,52639,1677,804,873
9565,59188,6519,28494,4122,52669,1678,804,874
9570,59219,6521,28506,4123,52698,1679,805,874
9575,59250,6523,28519,4124,52727,1680,806,874
9580,59281,6525,28532,4126,52756,1681,807,874
9585,59312,6527,28549,4127,52784,1682,807,875
9590,59343,6529,28564,4128,52814,1683,808,875
9595,59374,6531,28577,4130,52843,1684,808,876
9600,59405,6533,28590,4130,52871,1685,809,876
9605,59436,6535,28604,4130,52901,1686,810,876
9610,59467,6537,28619,4131,52930,1687,810,877
9615,59498,6539,28635,4133,52959,1688,811,877
9620,59529,6541,28652,4134,52988,1689,812,877
9625,59560,6543,28669,4134,53017,1690,812,878
9630,59591,6545,28689,4136,53046,1691,813,878
9635,59622,6548,28707,4138,53074,1692,813,879
9640,59653,6551,28722,4139,53102,1693,814,879
9645,59684,6554,28740,4142,53130,1694,814,880
9650,59715,6557,28754,4142,53156,1695,815,880
9655,59746,6563,28771,4146,53183,1696,815,881
9660,59777,6568,28785,4149,53208,1697,815,882
9665,59808,6573,28802,4151,53235,1698,815,883
9670,59839,6578,28816,4153,53261,1699,816,883
9675,59870,6583,28830,4157,53287,1700,816,884
9680,59901,6588,28837,4160,53313,1701,816,885
9685,59932,6596,28854,4166,53336,1702,816,886
9690,59963,6603,28863,4169,53360,1703,816,887
9695,59994,6612,28879,4176,53382,1704,816,888
9700,60025,6618,28893,4181,53407,1705,816,889
9705,60056,6622,28913,4185,53433,1706,816,890
9710,60087,6628,28927,4189,53459,1707,817,890
9715,60118,6630,28944,4190,53488,1708,818,890
9720,60149,6632,28957,4190,53516,1709,819,890
9725,60180,6634,28971,4191,53545,1710,820,890
9730,60211,6636,28987,4192,53574,1711,820,891
9735,60242,6638,29003,4193,53604,1712,821,891
9740,60273,6640,29014,4194,53633,1713,821,892
9745,60304,6642,29031,4194,53662,1714,822,892
9750,60335,6644,29047,4195,53690,1715,823,892
9755,60366,6646,29064,4195,53719,1716,824,892
9760,60397,6648,29078,4196,53749,1717,824,893
9765,60428,6650,29095,4197,53776,1718,824,894
9770,60459,6652,29112,4198,53804,1719,825,894
9775,60490,6654,29124,4198,53836,1720,826,894
9780,60521,6656,29142,4200,53862,1721,827,894
9785,60552,6658,29159,4202,53894,1722,827,895
9790,60583,6660,29172,4204,53923,1723,827,896
9795,60614,6662,29184,4204,53951,1724,827,897
9800,60645,6664,29199,4205,53981,1725,827,898
9805,60676,6667,29218,4207,54008,1726,828,898
9810,60707,6670,29234,4209,54037,1727,828,899
9815,60738,6673,29253,4210,54065,1728,828,900
9820,60769,6677,29270,4212,54091,1729,828,901
9825,60800,6682,29286,4215,54117,1730,829,901
9830,60831,6688,29305,4220,54142,1731,830,901
9835,60862,6694,29319,4223,54167,1732,830,902
9840,60893,6699,29331,4225,54193,1733,830,903
9845,60924,6704,29346,4229,54219,1734,830,904
9850,60955,6710,29357,4233,54243,1735,830,905
9855,60986,6717,29372,4238,54268,1736,830,906
9860,61017,6723,29387,4242,54292,1737,830,907
9865,61048,6730,29401,4247,54317,1738,830,908
9870,61079,6734,29412,4248,54343,1739,831,908
9875,61110,6743,29427,4255,54367,1740,832,908
9880,61141,6748,29437,4259,54392,1741,833,908
9885,61172,6750,29452,4260,54422,1742,834,908
9890,61203,6752,29466,4262,54451,1743,834,909
9895,61234,6754,29480,4263,54480,1744,835,909
9900,61265,6756,29494,4264,54509,1745,835,910
9905,61296,6758,29509,4264,54538,1746,835,911
9910,61327,6760,29527,4265,54567,1747,835,912
9915,61358,6762,29544,4267,54596,1748,836,912
9920,61389,6764,29555,4269,54625,1749,836,913
9925,61420,6766,29573,4271,54653,1750,836,914
9930,61451,6768,29586,4272,54683,1751,836,915
9935,61482,6770,29602,4273,54712,1752,837,915
9940,61513,6772,29618,4274,54740,1753,838,915
9945,61544,6774,29632,4275,54770,1754,838,916
9950,61575,6776,29651,4276,54797,1755,839,916
9955,61606,6778,29667,4277,54826,1756,840,916
9960,61637,6780,29681,4279,54856,1757,841,916
9965,61668,6781,29694,4280,54887,1757,841,916
9970,61699,6783,29709,4281,54915,1757,841,916
9975,61730,6785,29724,4282,54944,1757,841,916
9980,61761,6787,29737,4283,54973,1757,841,916
9985,61792,6790,29754,4284,55000,1757,841,916
9990,61823,6793,29769,4286,55029,1757,841,916
9995,61854,6797,29780,4288,55055,1757,841,916
10000,61885,6801,29792,4291,55083,1757,841,916
10005,61916,6804,29806,4292,55111,1757,841,916
10010,61947,6808,29821,4295,55138,1757,841,916
10015,61978,6812,29842,4298,55165,1757,841,916
10020,62009,6816,29854,4300,55193,1757,841,916
10025,62040,6819,29867,4302,55221,1757,841,916
10030,62071,6822,29887,4305,55248,1757,841,916
10035,62102,6826,29903,4307,55276,1757,841,916
10040,62133,6832,29920,4311,55300,1757,841,916
10045,62164,6837,29935,4314,55327,1757,841,916
10050,62195,6842,29948,4318,55353,1757,841,916
10055,62226,6846,29964,4321,55379,1757,841,916
10060,62257,6850,29974,4324,55407,1757,841,916
10065,62288,6854,29988,4328,55433,1758,841,917
10070,62319,6857,30003,4329,55461,1759,842,917
10075,62350,6860,30014,4331,55490,1760,843,917
10080,62381,6865,30029,4335,55516,1761,843,918
10085,62412,6870,30044,4338,55542,1762,843,919
10090,62443,6872,30057,4339,55571,1763,843,920
10095,62474,6874,30069,4339,55600,1764,844,920
10100,62505,6876,30087,4340,55629,1765,845,920
10105,62536,6878,30102,4342,55658,1766,845,921
10110,62567,6880,30121,4342,55687,1767,845,922
10115,62598,6882,30134,4342,55716,1768,846,922
10120,62629,6884,30144,4342,55745,1769,846,923
10125,62660,6886,30160,4343,55774,1770,847,923
10130,62691,6888,30172,4343,55803,1771,848,923
10135,62722,6890,30191,4345,55832,1772,849,923
10140,62753,6892,30208,4346,55861,1773,850,923
10145,62784,6894,30219,4346,55890,1774,850,924
10150,62815,6896,30232,4346,55919,1775,850,925
10155,62846,6898,30246,4347,55948,1776,851,925
10160,62877,6900,30261,4348,55977,1777,852,925
10165,62908,6903,30271,4349,56004,1778,852,926
10170,62939,6906,30284,4350,56033,1779,852,927
10175,62970,6909,30296,4351,56060,1780,852,928
10180,63001,6912,30315,4354,56089,1781,852,929
10185,63032,6916,30326,4357,56116,1782,852,930
10190,63063,6920,30342,4359,56143,1783,853,930
10195,63094,6925,30357,4363,56168,1784,853,931
10200,63125,6931,30374,4367,56193,1785,854,931
10205,63156,6937,30391,4371,56219,1786,854,932
10210,63187,6943,30409,4377,56244,1787,854,933
10215,63218,6947,30420,4378,56271,1788,855,933
10220,63249,6951,30432,4378,56298,1789,855,934
10225,63280,6957,30446,4384,56323,1790,855,935
10230,63311,6962,30458,4387,56348,1791,855,936
10235,63342,6968,30473,4393,56373,1792,855,937
10240,63373,6971,30485,4395,56402,1793,856,937
10245,63404,6975,30503,4397,56429,1794,857,937
10250,63435,6979,30518,4400,56456,1795,857,938
10255,63466,6982,30535,4403,56484,1796,857,939
10260,63497,6986,30550,4405,56511,1797,858,939
10265,63528,6989,30566,4406,56539,1798,858,940
10270,63559,6993,30580,4408,56566,1799,858,941
10275,63590,6997,30594,4410,56593,1800,858,942
10280,63621,7001,30610,4412,56620,1801,859,942
10285,63652,7005,30622,4415,56647,1802,859,943
10290,63683,7009,30636,4417,56674,1803,859,944
10295,63714,7013,30648,4418,56699,1804,859,945
10300,63745,7016,30665,4421,56728,1805,860,945
10305,63776,7018,30683,4422,56757,1806,860,946
10310,63807,7020,30696,4423,56787,1807,861,946
10315,63838,7022,30714,4424,56816,1808,862,946
10320,63869,7024,30727,4426,56845,1809,862,947
10325,63900,7025,30743,4427,56875,1810,862,948
10330,63931,7026,30758,4427,56905,1811,863,948
10335,63962,7027,30775,4427,56934,1812,863,949
10340,63993,7029,30790,4428,56962,1813,864,949
10345,64024,7034,30807,4433,56989,1814,865,949
10350,64055,7038,30822,4436,57016,1815,866,949
10355,64086,7042,30840,4438,57042,1816,867,949
10360,64117,7046,30854,4442,57069,1817,867,950
10365,64148,7053,30874,4449,57093,1818,867,951
10370,64179,7055,30889,4450,57121,1819,868,951
10375,64210,7056,30905,4451,57154,1820,868,952
10380,64241,7057,30919,4451,57184,1821,868,953
10385,64272,7058,30930,4451,57214,1822,868,954
10390,64303,7059,30948,4451,57244,1823,868,955
10395,64334,7060,30961,4452,57274,1824,868,956
10400,64365,7061,30977,4453,57304,1825,868,957
10405,64396,7063,30991,4454,57333,1826,868,958
10410,64427,7065,31009,4454,57362,1827,869,958
10415,64458,7067,31027,4455,57391,1828,870,958
10420,64489,7069,31042,4457,57420,1829,870,959
10425,64520,7071,31056,4458,57449,1830,870,960
10430,64551,7074,31075,4460,57477,1831,871,960
10435,64582,7077,31093,4463,57505,1832,871,961
10440,64613,7080,31105,4465,57533,1833,871,962
10445,64644,7083,31117,4466,57560,1834,871,963
10450,64675,7087,31135,4468,57587,1835,871,964
10455,64706,7090,31153,4469,57615,1836,872,964
10460,64737,7094,31174,4470,57643,1837,873,964
10465,64768,7097,31189,4472,57671,1838,873,965
10470,64799,7100,31201,4473,57699,1839,874,965
10475,64830,7105,31221,4476,57724,1840,874,966
10480,64861,7110,31236,4478,57750,1841,875,966
10485,64892,7116,31249,4482,57775,1842,875,967
10490,64923,7122,31270,4486,57798,1843,875,968
10495,64954,7132,31283,4493,57821,1844,875,969
10500,64985,7139,31298,4497,57843,1845,875,970
10505,65016,7147,31313,4505,57868,1846,875,971
10510,65047,7151,31326,4507,57896,1847,875,972
10515,65078,7155,31338,4509,57923,1848,875,973
10520,65109,7159,31350,4510,57950,1849,876,973
10525,65140,7161,31364,4511,57979,1850,876,974
10530,65171,7163,31379,4511,58008,1851,877,974
10535,65202,7165,31393,4511,58037,1852,877,975
10540,65233,7167,31410,4512,58066,1853,878,975
10545,65264,7169,31423,4513,58095,1854,879,975
10550,65295,7171,31442,4513,58121,1855,879,976
10555,65326,7173,31460,4515,58152,1856,880,976
10560,65357,7175,31469,4515,58181,1857,880,977
10565,65388,7177,31486,4515,58210,1858,880,978
10570,65419,7179,31504,4516,58240,1859,881,978
10575,65450,7181,31523,4517,58269,1860,881,979
10580,65481,7183,31537,4517,58298,1861,882,979
10585,65512,7185,31548,4518,58327,1862,882,980
10590,65543,7187,31563,4519,58356,1863,883,980
10595,65574,7189,31581,4520,58385,1864,883,981
10600,65605,7191,31597,4520,58414,1865,883,982
10605,65636,7195,31614,4524,58441,1866,884,982
10610,65667,7200,31629,4528,58466,1867,884,983
10615,65698,7205,31648,4533,58491,1868,885,983
10620,65729,7209,31662,4534,58520,1869,885,984
10625,65760,7212,31674,4534,58547,1869,885,984
10630,65791,7216,31688,4537,58575,1869,885,984
10635,65822,7221,31706,4541,58601,1869,885,984
10640,65853,7225,31718,4543,58628,1869,885,984
10645,65884,7230,31740,4548,58654,1869,885,984
10650,65915,7235,31753,4552,58680,1869,885,984
10655,65946,7239,31761,4553,58706,1869,885,984
10660,65977,7245,31781,4559,58732,1869,885,984
10665,66008,7251,31795,4562,58756,1869,885,984
10670,66039,7258,31811,4569,58780,1869,885,984
10675,66070,7265,31825,4574,58805,1869,885,984
10680,66101,7271,31840,4579,58829,1869,885,984
10685,66132,7277,31855,4585,58853,1869,885,984
10690,66163,7280,31870,4587,58882,1869,885,984
10695,66194,7282,31879,4588,58911,1869,885,984
10700,66225,7284,31892,4588,58941,1869,885,984
10705,66256,7286,31908,4589,58969,1869,885,984
10710,66287,7288,31926,4589,58999,1869,885,984
10715,66318,7290,31942,4591,59028,1869,885,984
10720,66349,7292,31955,4592,59056,1869,885,984
10725,66380,7294,31967,4592,59086,1870,886,984
10730,66411,7296,31980,4593,59114,1871,886,985
10735,66442,7298,31995,4593,59143,1872,887,985
10740,66473,7300,32010,4595,59172,1873,888,985
10745,66504,7302,32025,4596,59201,1874,889,985
10750,66535,7304,32040,4597,59230,1875,889,986
10755,66566,7306,32050,4597,59260,1876,890,986
10760,66597,7308,32066,4598,59289,1877,890,987
10765,66628,7310,32081,4598,59318,1878,890,988
10770,66659,7312,32098,4599,59347,1879,891,988
10775,66690,7314,32114,4599,59375,1880,891,989
10780,66721,7317,32131,4600,59404,1881,892,989
10785,66752,7322,32146,4604,59430,1882,893,989
10790,66783,7327,32158,4607,59456,1883,894,989
10795,66814,7334,32173,4611,59480,1884,894,990
10800,66845,7339,32191,4615,59505,1885,895,990
10805,66876,7344,32207,4619,59532,1886,896,990
10810,66907,7348,32221,4621,59559,1887,897,990
10815,66938,7352,32236,4622,59586,1888,897,991
10820,66969,7358,32248,4626,59611,1889,897,992
10825,67000,7365,32267,4633,59635,1890,897,993
10830,67031,7371,32283,4637,59660,1891,897,994
10835,67062,7378,32302,4642,59683,1892,898,994
10840,67093,7383,32318,4645,59710,1893,899,994
10845,67124,7386,32330,4647,59738,1894,900,994
10850,67155,7389,32347,4647,59765,1895,901,994
10855,67186,7393,32367,4650,59793,1896,901,995
10860,67217,7396,32379,4652,59819,1897,901,996
10865,67248,7400,32394,4654,59847,1898,901,997
10870,67279,7403,32407,4655,59876,1899,902,997
10875,67310,7406,32424,4657,59904,1900,903,997
10880,67341,7410,32440,4659,59931,1901,903,998
10885,67372,7413,32454,4662,59959,1902,904,998
10890,67403,7417,32467,4664,59986,1903,905,998
10895,67434,7420,32482,4665,60014,1904,906,998
10900,67465,7422,32495,4666,60043,1905,907,998
10905,67496,7424,32512,4668,60072,1906,908,998
10910,67527,7426,32525,4668,60101,1907,909,998
10915,67558,7428,32539,4669,60129,1908,910,998
10920,67589,7430,32559,4669,60158,1909,911,998
10925,67620,7431,32579,4669,60188,1910,911,999
10930,67651,7432,32593,4669,60219,1911,912,999
10935,67682,7433,32608,4669,60249,1912,912,1000
10940,67713,7434,32617,4669,60279,1913,912,1001
10945,67744,7435,32634,4669,60309,1914,913,1001
10950,67775,7436,32646,4670,60338,1915,914,1001
10955,67806,7439,32661,4671,60366,1916,915,1001
10960,67837,7442,32672,4672,60394,1917,915,1002
10965,67868,7446,32686,4675,60422,1918,915,1003
10970,67899,7450,32702,4678,60448,1919,915,1004
10975,67930,7454,32720,4681,60475,1920,915,1005
10980,67961,7457,32731,4684,60502,1921,915,1006
10985,67992,7460,32747,4686,60529,1922,916,1006
10990,68023,7466,32766,4690,60556,1923,916,1007
10995,68054,7467,32778,4690,60587,1924,917,1007
11000,68085,7469,32793,4691,60616,1925,917,1008
11005,68116,7471,32805,4693,60645,1926,917,1009
11010,68147,7473,32818,4694,60674,1927,917,1010
11015,68178,7475,32836,4695,60703,1928,918,1010
11020,68209,7477,32846,4695,60732,1929,919,1010
11025,68240,7479,32862,4696,60761,1930,919,1011
11030,68271,7482,32879,4699,60788,1931,919,1012
11035,68302,7485,32889,4700,60817,1932,919,1013
11040,68333,7488,32905,4701,60845,1933,919,1014
11045,68364,7491,32917,4703,60872,1934,919,1015
11050,68395,7494,32930,4705,60901,1935,919,1016
11055,68426,7497,32942,4707,60929,1936,920,1016
11060,68457,7500,32963,4710,60956,1937,920,1017
11065,68488,7504,32981,4713,60984,1938,921,1017
11070,68519,7507,32995,4715,61012,1939,922,1017
11075,68550,7510,33007,4718,61040,1940,922,1018
11080,68581,7515,33021,4720,61066,1941,923,1018
11085,68612,7519,33032,4722,61093,1942,924,1018
11090,68643,7526,33048,4727,61117,1943,924,1019
11095,68674,7532,33064,4732,61141,1944,925,1019
11100,68705,7538,33079,4734,61166,1945,926,1019
11105,68736,7543,33099,4739,61193,1946,926,1020
11110,68767,7547,33113,4740,61220,1947,927,1020
11115,68798,7550,33124,4741,61247,1948,928,1020
11120,68829,7554,33140,4745,61274,1949,928,1021
11125,68860,7558,33155,4748,61301,1950,928,1022
11130,68891,7562,33167,4749,61328,1951,928,1023
11135,68922,7566,33182,4751,61356,1952,929,1023
11140,68953,7569,33195,4754,61383,1953,929,1024
11145,68984,7573,33204,4756,61410,1954,930,1024
11150,69015,7578,33219,4760,61436,1955,930,1025
11155,69046,7581,33229,4761,61464,1956,930,1026
11160,69077,7587,33242,4765,61488,1957,930,1027
11165,69108,7588,33253,4766,61518,1958,930,1028
11170,69139,7589,33267,4767,61548,1959,930,1029
11175,69170,7590,33287,4767,61580,1960,931,1029
11180,69201,7591,33299,4767,61610,1961,932,1029
11185,69232,7592,33317,4767,61639,1962,933,1029
11190,69263,7593,33330,4768,61670,1963,933,1030
11195,69294,7594,33342,4768,61700,1964,934,1030
11200,69325,7595,33355,4768,61730,1965,935,1030
11205,69356,7597,33373,4769,61759,1966,936,1030
11210,69387,7599,33385,4771,61788,1967,936,1031
11215,69418,7601,33401,4772,61817,1968,937,1031
11220,69449,7603,33414,4772,61846,1969,938,1031
11225,69480,7605,33424,4772,61875,1969,938,1031
11230,69511,7607,33443,4773,61904,1969,938,1031
11235,69542,7609,33456,4774,61933,1969,938,1031
11240,69573,7611,33471,4775,61962,1969,938,1031
11245,69604,7613,33483,4776,61991,1969,938,1031
11250,69635,7615,33494,4776,62020,1969,938,1031
11255,69666,7617,33509,4777,62049,1969,938,1031
11260,69697,7620,33525,4779,62077,1969,938,1031
11265,69728,7623,33541,4780,62104,1969,938,1031
11270,69759,7629,33556,4783,62129,1969,938,1031
11275,69790,7634,33571,4786,62155,1969,938,1031
11280,69821,7644,33585,4793,62175,1969,938,1031
11285,69852,7652,33599,4798,62199,1969,938,1031
11290,69883,7661,33613,4805,62222,1969,938,1031
11295,69914,7667,33632,4810,62246,1969,938,1031
11300,69945,7672,33646,4813,62273,1969,938,1031
11305,69976,7674,33664,4813,62302,1969,938,1031
11310,70007,7676,33683,4815,62331,1969,938,1031
11315,70038,7678,33694,4815,62359,1969,938,1031
11320,70069,7680,33713,4816,62388,1969,938,1031
11325,70100,7682,33728,4816,62417,1970,938,1032
11330,70131,7684,33742,4817,62446,1971,938,1033
11335,70162,7686,33757,4818,62476,1972,939,1033
11340,70193,7688,33773,4819,62504,1973,939,1034
11345,70224,7690,33785,4819,62534,1974,939,1035
11350,70255,7692,33802,4821,62562,1975,940,1035
11355,70286,7694,33811,4822,62592,1976,940,1036
11360,70317,7696,33823,4822,62621,1977,940,1037
11365,70348,7698,33836,4822,62650,1978,940,1038
11370,70379,7700,33853,4824,62679,1979,941,1038
11375,70410,7702,33866,4826,62708,1980,941,1039
11380,70441,7704,33881,4827,62737,1981,942,1039
11385,70472,7706,33894,4827,62766,1982,943,1039
11390,70503,7708,33910,4828,62795,1983,944,1039
11395,70534,7710,33922,4828,62824,1984,945,1039
11400,70565,7713,33942,4831,62852,1985,946,1039
11405,70596,7716,33957,4832,62880,1986,947,1039
11410,70627,7720,33973,4833,62907,1987,947,1040
11415,70658,7724,33983,4834,62934,1988,947,1041
11420,70689,7728,33996,4835,62961,1989,947,1042
11425,70720,7733,34008,4836,62987,1990,948,1042
11430,70751,7737,34021,4839,63014,1991,948,1043
11435,70782,7741,34036,4841,63041,1992,948,1044
11440,70813,7746,34051,4844,63067,1993,948,1045
11445,70844,7751,34068,4847,63092,1994,949,1045
11450,70875,7760,34087,4854,63114,1995,949,1046
11455,70906,7767,34104,4859,63137,1996,950,1046
11460,70937,7775,34117,4864,63157,1997,950,1047
11465,70968,7783,34133,4871,63182,1998,950,1048
11470,70999,7789,34149,4876,63209,1999,951,1048
11475,71030,7794,34162,4879,63234,2000,951,1049
11480,71061,7796,34178,4880,63263,2001,951,1050
11485,71092,7798,34190,4881,63294,2002,952,1050
11490,71123,7800,34204,4882,63322,2003,953,1050
11495,71154,7802,34224,4884,63352,2004,954,1050
11500,71185,7804,34239,4885,63381,2005,954,1051
11505,71216,7806,34258,4886,63410,2006,955,1051
11510,71247,7808,34267,4888,63439,2007,956,1051
11515,71278,7810,34288,4890,63468,2008,957,1051
11520,71309,7812,34304,4891,63497,2009,957,1052
11525,71340,7814,34319,4891,63525,2010,958,1052
11530,71371,7816,34335,4892,63554,2011,958,1053
11535,71402,7818,34349,4892,63584,2012,959,1053
11540,71433,7820,34358,4892,63610,2013,959,1054
11545,71464,7822,34374,4893,63641,2014,959,1055
11550,71495,7824,34387,4893,63671,2015,959,1056
11555,71526,7826,34404,4893,63700,2016,959,1057
11560,71557,7828,34418,4895,63728,2017,960,1057
11565,71588,7830,34433,4896,63757,2018,960,1058
11570,71619,7835,34452,4900,63783,2019,961,1058
11575,71650,7838,34463,4902,63812,2020,961,1059
11580,71681,7843,34479,4905,63837,2021,961,1060
11585,71712,7848,34491,4907,63863,2022,962,1060
11590,71743,7854,34504,4912,63889,2023,962,1061
11595,71774,7858,34516,4913,63916,2024,962,1062
11600,71805,7865,34530,4917,63940,2025,962,1063
11605,71836,7870,34542,4921,63965,2026,962,1064
11610,71867,7877,34559,4927,63988,2027,962,1065
11615,71898,7885,34575,4933,64011,2028,963,1065
11620,71929,7894,34591,4939,64033,2029,964,1065
11625,71960,7901,34604,4944,64057,2030,964,1066
11630,71991,7903,34621,4945,64087,2031,964,1067
11635,72022,7905,34632,4946,64117,2032,964,1068
11640,72053,7907,34644,4946,64145,2033,965,1068
11645,72084,7909,34659,4947,64174,2034,966,1068
11650,72115,7911,34672,4949,64204,2035,966,1069
11655,72146,7913,34687,4951,64233,2036,967,1069
11660,72177,7915,34702,4953,64262,2037,967,1070
11665,72208,7917,34720,4954,64290,2038,968,1070
11670,72239,7919,34733,4954,64320,2039,968,1071
11675,72270,7921,34749,4955,64349,2040,969,1071
11680,72301,7923,34766,4956,64378,2041,970,1071
11685,72332,7925,34785,4958,64406,2042,970,1072
11690,72363,7927,34796,4959,64435,2043,971,1072
11695,72394,7929,34815,4961,64465,2044,972,1072
11700,72425,7931,34832,4962,64493,2045,973,1072
11705,72456,7933,34843,4964,64522,2046,974,1072
11710,72487,7935,34865,4966,64551,2047,975,1072
11715,72518,7937,34880,4968,64580,2048,975,1073
11720,72549,7939,34898,4969,64610,2049,976,1073
11725,72580,7941,34911,4970,64639,2050,976,1074
11730,72611,7945,34926,4972,64665,2051,976,1075
11735,72642,7951,34939,4976,64690,2052,976,1076
11740,72673,7957,34955,4980,64715,2053,976,1077
11745,72704,7963,34971,4983,64741,2054,977,1077
11750,72735,7970,34992,4988,64763,2055,978,1077
11755,72766,7982,35008,4999,64784,2056,978,1078
11760,72797,7990,35029,5005,64806,2057,979,1078
11765,72828,7995,35044,5009,64833,2057,979,1078
11770,72859,7999,35061,5011,64859,2057,979,1078
11775,72890,8005,35073,5014,64885,2057,979,1078
11780,72921,8007,35092,5014,64914,2057,979,1078
11785,72952,8009,35103,5016,64943,2057,979,1078
11790,72983,8011,35118,5018,64972,2057,979,1078
11795,73014,8013,35130,5018,65001,2057,979,1078
11800,73045,8015,35146,5018,65030,2057,979,1078
11805,73076,8017,35164,5020,65057,2057,979,1078
11810,73107,8019,35176,5021,65087,2057,979,1078
11815,73138,8021,35191,5023,65116,2057,979,1078
11820,73169,8023,35207,5025,65144,2057,979,1078
11825,73200,8024,35221,5025,65175,2057,979,1078
11830,73231,8025,35235,5026,65205,2057,979,1078
11835,73262,8026,35249,5026,65236,2057,979,1078
11840,73293,8027,35265,5027,65266,2057,979,1078
11845,73324,8028,35280,5027,65296,2057,979,1078
11850,73355,8029,35296,5027,65326,2057,979,1078
11855,73386,8030,35312,5028,65356,2057,979,1078
11860,73417,8031,35324,5028,65386,2057,979,1078
11865,73448,8033,35340,5028,65415,2058,979,1079
11870,73479,8035,35354,5029,65444,2059,979,1080
11875,73510,8037,35373,5031,65472,2060,980,1080
11880,73541,8039,35390,5032,65501,2061,981,1080
11885,73572,8042,35407,5034,65530,2062,981,1081
11890,73603,8045,35425,5036,65557,2063,982,1081
11895,73634,8049,35441,5039,65585,2064,983,1081
11900,73665,8052,35460,5041,65612,2065,983,1082
11905,73696,8056,35473,5044,65639,2066,983,1083
11910,73727,8061,35484,5046,65665,2067,983,1084
11915,73758,8066,35499,5050,65692,2068,983,1085
11920,73789,8070,35511,5052,65718,2069,984,1085
11925,73820,8075,35528,5054,65744,2070,984,1086
11930,73851,8082,35543,5060,65769,2071,985,1086
11935,73882,8087,35557,5062,65794,2072,985,1087
11940,73913,8095,35571,5069,65818,2073,986,1087
11945,73944,8100,35586,5073,65844,2074,987,1087
11950,73975,8104,35598,5075,65870,2075,988,1087
11955,74006,8109,35615,5078,65897,2076,988,1088
11960,74037,8111,35632,5080,65926,2077,989,1088
11965,74068,8113,35647,5080,65955,2078,989,1089
11970,74099,8115,35664,5080,65984,2079,990,1089
11975,74130,8117,35675,5080,66013,2080,990,1090
11980,74161,8119,35687,5080,66042,2081,990,1091
11985,74192,8121,35705,5081,66071,2082,990,1092
11990,74223,8123,35716,5082,66100,2083,990,1093
11995,74254,8125,35729,5082,66128,2084,991,1093
12000,74285,8127,35742,5082,66157,2085,991,1094
12005,74316,8128,35753,5082,66187,2086,991,1095
12010,74347,8129,35767,5082,66217,2087,991,1096
12015,74378,8130,35786,5083,66247,2088,991,1097
12020,74409,8131,35803,5083,66276,2089,991,1098
12025,74440,8132,35818,5083,66307,2090,991,1099
12030,74471,8133,35836,5084,66338,2091,991,1100
12035,74502,8134,35854,5085,66367,2092,992,1100
12040,74533,8135,35870,5086,66398,2093,993,1100
12045,74564,8136,35885,5086,66426,2094,994,1100
12050,74595,8138,35896,5087,66456,2095,995,1100
12055,74626,8140,35911,5087,66485,2096,996,1100
12060,74657,8145,35924,5090,66511,2097,996,1101
12065,74688,8149,35941,5094,66538,2098,996,1102
12070,74719,8154,35960,5098,66564,2099,997,1102
12075,74750,8158,35975,5101,66591,2100,997,1103
12080,74781,8162,35991,5103,66619,2101,998,1103
12085,74812,8166,36005,5106,66646,2102,998,1104
12090,74843,8169,36020,5107,66674,2103,999,1104
12095,74874,8173,36034,5109,66701,2104,999,1105
12100,74905,8178,36043,5112,66727,2105,999,1106
12105,74936,8184,36062,5118,66750,2106,1000,1106
12110,74967,8192,36077,5124,66774,2107,1001,1106
12115,74998,8198,36091,5129,66800,2108,1002,1106
12120,75029,8202,36109,5131,66825,2109,1002,1107
12125,75060,8206,36126,5133,66854,2110,1003,1107
12130,75091,8208,36139,5134,66883,2111,1003,1108
12135,75122,8210,36154,5135,66912,2112,1004,1108
12140,75153,8212,36169,5136,66940,2113,1005,1108
12145,75184,8214,36184,5137,66970,2114,1005,1109
12150,75215,8216,36201,5137,66999,2115,1006,1109
12155,75246,8218,36214,5137,67027,2116,1006,1110
12160,75277,8220,36229,5138,67056,2117,1007,1110
12165,75308,8222,36250,5140,67086,2118,1008,1110
12170,75339,8224,36268,5141,67114,2119,1009,1110
12175,75370,8226,36285,5143,67144,2120,1010,1110
12180,75401,8228,36301,5144,67173,2121,1010,1111
12185,75432,8230,36313,5145,67201,2122,1010,1112
12190,75463,8232,36328,5146,67231,2123,1010,1113
12195,75494,8234,36341,5147,67259,2124,1011,1113
12200,75525,8236,36354,5148,67289,2125,1012,1113
12205,75556,8238,36371,5149,67317,2126,1012,1114
12210,75587,8240,36389,5150,67346,2127,1013,1114
12215,75618,8242,36400,5151,67376,2128,1013,1115
12220,75649,8245,36416,5153,67404,2129,1013,1116
12225,75680,8249,36431,5155,67428,2130,1014,1116
12230,75711,8255,36442,5157,67455,2131,1015,1116
12235,75742,8261,36459,5161,67478,2132,1015,1117
12240,75773,8267,36473,5164,67505,2133,1015,1118
12245,75804,8273,36491,5168,67531,2134,1016,1118
12250,75835,8278,36507,5173,67557,2135,1017,1118
12255,75866,8282,36519,5175,67583,2136,1018,1118
12260,75897,8287,36531,5179,67608,2137,1018,1119
12265,75928,8294,36544,5184,67634,2138,1018,1120
12270,75959,8297,36556,5185,67662,2139,1018,1121
12275,75990,8300,36571,5186,67690,2140,1018,1122
12280,76021,8303,36585,5187,67718,2141,1018,1123
12285,76052,8306,36593,5187,67746,2142,1018,1124
12290,76083,8310,36606,5189,67773,2143,1018,1125
12295,76114,8313,36619,5191,67801,2144,1019,1125
12300,76145,8316,36635,5193,67829,2145,1020,1125
12305,76176,8320,36651,5197,67856,2146,1020,1126
12310,76207,8324,36668,5199,67883,2147,1021,1126
12315,76238,8329,36682,5202,67909,2148,1021,1127
12320,76269,8335,36700,5206,67934,2149,1021,1128
12325,76300,8340,36712,5210,67960,2150,1021,1129
12330,76331,8343,36723,5211,67988,2151,1021,1130
12335,76362,8345,36739,5213,68017,2152,1022,1130
12340,76393,8347,36757,5215,68045,2153,1022,1131
12345,76424,8349,36765,5215,68075,2154,1022,1132
12350,76455,8351,36779,5215,68104,2155,1023,1132
12355,76486,8353,36795,5215,68132,2156,1024,1132
12360,76517,8355,36812,5216,68161,2157,1025,1132
12365,76548,8357,36828,5217,68191,2157,1025,1132
12370,76579,8360,36844,5218,68217,2157,1025,1132
12375,76610,8364,36856,5221,68246,2157,1025,1132
12380,76641,8367,36864,5222,68274,2157,1025,1132
12385,76672,8370,36882,5224,68302,2157,1025,1132
12390,76703,8373,36897,5225,68329,2157,1025,1132
12395,76734,8376,36912,5226,68356,2157,1025,1132
12400,76765,8380,36929,5229,68385,2157,1025,1132
12405,76796,8383,36947,5231,68410,2157,1025,1132
12410,76827,8387,36963,5233,68438,2157,1025,1132
12415,76858,8392,36982,5238,68462,2157,1025,1132
12420,76889,8397,36998,5241,68489,2157,1025,1132
12425,76920,8403,37011,5245,68516,2157,1025,1132
12430,76951,8407,37027,5247,68543,2157,1025,1132
12435,76982,8413,37039,5250,68568,2157,1025,1132
12440,77013,8417,37054,5252,68596,2157,1025,1132
12445,77044,8420,37071,5254,68624,2157,1025,1132
12450,77075,8423,37079,5254,68652,2157,1025,1132
12455,77106,8426,37095,5256,68680,2157,1025,1132
12460,77137,8429,37111,5259,68708,2157,1025,1132
12465,77168,8432,37125,5261,68736,2158,1026,1132
12470,77199,8435,37139,5264,68764,2159,1026,1133
12475,77230,8438,37148,5264,68792,2160,1026,1134
12480,77261,8442,37159,5266,68819,2161,1027,1134
12485,77292,8445,37170,5268,68847,2162,1028,1134
12490,77323,8449,37186,5269,68874,2163,1028,1135
12495,77354,8452,37199,5271,68902,2164,1029,1135
12500,77385,8456,37213,5273,68928,2165,1029,1136
12505,77416,8459,37230,5275,68956,2166,1029,1137
12510,77447,8462,37245,5276,68985,2167,1029,1138
12515,77478,8466,37258,5277,69012,2168,1030,1138
12520,77509,8470,37271,5280,69038,2169,1030,1139
12525,77540,8474,37288,5283,69065,2170,1031,1139
12530,77571,8478,37305,5285,69093,2171,1032,1139
12535,77602,8484,37320,5290,69115,2172,1033,1139
12540,77633,8488,37345,5294,69145,2173,1034,1139
12545,77664,8492,37363,5297,69170,2174,1034,1140
12550,77695,8497,37377,5300,69197,2175,1034,1141
12555,77726,8501,37392,5302,69225,2176,1035,1141
12560,77757,8505,37413,5305,69250,2177,1036,1141
12565,77788,8510,37430,5307,69277,2178,1037,1141
12570,77819,8514,37447,5311,69303,2179,1038,1141
12575,77850,8518,37463,5315,69331,2180,1039,1141
12580,77881,8522,37472,5316,69358,2181,1039,1142
12585,77912,8525,37481,5317,69386,2182,1040,1142
12590,77943,8529,37491,5319,69413,2183,1040,1143
12595,77974,8533,37504,5320,69441,2184,1041,1143
12600,78005,8538,37517,5322,69467,2185,1042,1143
12605,78036,8540,37530,5322,69496,2186,1043,1143
12610,78067,8542,37542,5323,69525,2187,1043,1144
12615,78098,8544,37556,5324,69553,2188,1043,1145
12620,78129,8546,37568,5325,69583,2189,1044,1145
12625,78160,8548,37584,5326,69612,2190,1045,1145
12630,78191,8550,37603,5327,69641,2191,1045,1146
12635,78222,8552,37616,5328,69670,2192,1045,1147
12640,78253,8555,37636,5330,69698,2193,1046,1147
12645,78284,8558,37647,5330,69726,2194,1046,1148
12650,78315,8561,37663,5333,69754,2195,1046,1149
12655,78346,8564,37683,5336,69781,2196,1047,1149
12660,78377,8567,37704,5338,69810,2197,1048,1149
12665,78408,8570,37717,5338,69838,2198,1048,1150
12670,78439,8573,37728,5339,69866,2199,1048,1151
12675,78470,8576,37740,5339,69894,2200,1048,1152
12680,78501,8579,37755,5340,69922,2201,1049,1152
12685,78532,8582,37769,5343,69949,2202,1049,1153
12690,78563,8585,37779,5343,69977,2203,1049,1154
12695,78594,8590,37793,5345,70004,2204,1049,1155
12700,78625,8594,37808,5346,70031,2205,1049,1156
12705,78656,8597,37824,5347,70057,2206,1049,1157
12710,78687,8604,37838,5351,70082,2207,1050,1157
12715,78718,8611,37848,5355,70105,2208,1050,1158
12720,78749,8617,37862,5360,70130,2209,1050,1159
12725,78780,8626,37881,5367,70152,2210,1051,1159
12730,78811,8631,37899,5372,70180,2211,1052,1159
12735,78842,8633,37912,5373,70209,2212,1052,1160
12740,78873,8635,37924,5374,70238,2213,1053,1160
12745,78904,8637,37940,5375,70266,2214,1054,1160
12750,78935,8640,37950,5377,70295,2215,1054,1161
12755,78966,8643,37967,5379,70323,2216,1055,1161
12760,78997,8646,37984,5382,70351,2217,1056,1161
12765,79028,8649,38002,5385,70379,2218,1056,1162
12770,79059,8652,38019,5388,70407,2219,1056,1163
12775,79090,8653,38034,5388,70437,2220,1057,1163
12780,79121,8654,38050,5388,70467,2221,1058,1163
12785,79152,8655,38064,5388,70497,2222,1059,1163
12790,79183,8656,38079,5388,70527,2223,1060,1163
12795,79214,8657,38095,5389,70557,2224,1061,1163
12800,79245,8658,38109,5389,70586,2225,1062,1163
12805,79276,8659,38123,5389,70616,2226,1062,1164
12810,79307,8660,38135,5389,70647,2227,1063,1164
12815,79338,8661,38149,5390,70677,2228,1063,1165
12820,79369,8662,38166,5391,70706,2229,1063,1166
12825,79400,8663,38184,5391,70737,2230,1064,1166
12830,79431,8665,38199,5391,70766,2231,1064,1167
12835,79462,8668,38214,5393,70792,2232,1064,1168
12840,79493,8671,38227,5395,70821,2233,1064,1169
12845,79524,8674,38242,5396,70849,2234,1065,1169
12850,79555,8677,38255,5397,70877,2235,1066,1169
12855,79586,8680,38268,5398,70906,2236,1066,1170
12860,79617,8683,38277,5398,70934,2237,1066,1171
12865,79648,8686,38292,5400,70962,2238,1066,1172
12870,79679,8689,38312,5403,70990,2239,1066,1173
12875,79710,8692,38322,5404,71018,2240,1067,1173
12880,79741,8696,38338,5406,71045,2241,1068,1173
12885,79772,8700,38358,5408,71072,2242,1069,1173
12890,79803,8704,38377,5411,71098,2243,1070,1173
12895,79834,8710,38391,5415,71123,2244,1070,1174
12900,79865,8716,38402,5418,71147,2245,1070,1175
12905,79896,8722,38417,5423,71174,2246,1071,1175
12910,79927,8729,38431,5427,71198,2247,1071,1176
12915,79958,8735,38445,5431,71223,2248,1071,1177
12920,79989,8742,38459,5435,71246,2249,1071,1178
12925,80020,8748,38472,5438,71271,2250,1072,1178
12930,80051,8756,38484,5443,71294,2251,1072,1179
12935,80082,8762,38499,5447,71319,2252,1073,1179
12940,80113,8765,38512,5448,71348,2253,1074,1179
12945,80144,8767,38527,5449,71377,2254,1075,1179
12950,80175,8769,38540,5450,71406,2255,1076,1179
12955,80206,8771,38558,5452,71434,2256,1077,1179
12960,80237,8773,38575,5454,71463,2257,1077,1180
12965,80268,8774,38592,5454,71493,2257,1077,1180
12970,80299,8775,38604,5455,71523,2257,1077,1180
12975,80330,8776,38623,5456,71554,2257,1077,1180
12980,80361,8777,38638,5456,71584,2257,1077,1180
12985,80392,8778,38653,5457,71614,2257,1077,1180
12990,80423,8779,38669,5458,71644,2257,1077,1180
12995,80454,8780,38684,5459,71672,2257,1077,1180
13000,80485,8781,38698,5459,71703,2257,1077,1180
13005,80516,8782,38714,5459,71734,2257,1077,1180
13010,80547,8783,38726,5459,71764,2257,1077,1180
13015,80578,8784,38742,5460,71793,2257,1077,1180
13020,80609,8785,38756,5460,71824,2257,1077,1180
13025,80640,8786,38767,5460,71854,2257,1077,1180
13030,80671,8787,38784,5461,71884,2257,1077,1180
13035,80702,8788,38800,5462,71914,2257,1077,1180
13040,80733,8789,38816,5462,71943,2257,1077,1180
13045,80764,8793,38831,5466,71971,2257,1077,1180
13050,80795,8796,38849,5467,71998,2257,1077,1180
13055,80826,8800,38863,5470,72025,2257,1077,1180
13060,80857,8804,38882,5473,72052,2257,1077,1180
13065,80888,8808,38894,5476,72079,2258,1078,1180
13070,80919,8813,38914,5480,72106,2259,1079,1180
13075,80950,8818,38930,5482,72131,2260,1080,1180
13080,80981,8825,38946,5487,72156,2261,1080,1181
13085,81012,8830,38960,5489,72181,2262,1080,1182
13090,81043,8838,38974,5493,72205,2263,1080,1183
13095,81074,8845,38990,5498,72227,2264,1081,1183
13100,81105,8851,39001,5501,72253,2265,1081,1184
13105,81136,8854,39016,5502,72281,2266,1082,1184
13110,81167,8857,39030,5503,72310,2267,1083,1184
13115,81198,8861,39046,5505,72336,2268,1083,1185
13120,81229,8867,39064,5510,72362,2269,1084,1185
13125,81260,8871,39077,5513,72388,2270,1084,1186
13130,81291,8874,39091,5515,72415,2271,1084,1187
13135,81322,8881,39101,5521,72441,2272,1084,1188
13140,81353,8883,39116,5522,72468,2273,1085,1188
13145,81384,8885,39132,5522,72498,2274,1085,1189
13150,81415,8887,39150,5523,72527,2275,1085,1190
13155,81446,8889,39164,5524,72556,2276,1085,1191
13160,81477,8891,39179,5526,72586,2277,1086,1191
13165,81508,8893,39190,5526,72615,2278,1087,1191
13170,81539,8895,39205,5527,72644,2279,1087,1192
13175,81570,8897,39225,5529,72671,2280,1088,1192
13180,81601,8899,39242,5529,72701,2281,1089,1192
13185,81632,8901,39256,5531,72730,2282,1090,1192
13190,81663,8903,39273,5533,72759,2283,1091,1192
13195,81694,8905,39287,5535,72788,2284,1092,1192
13200,81725,8907,39307,5535,72817,2285,1093,1192
13205,81756,8909,39328,5536,72846,2286,1094,1192
13210,81787,8911,39342,5536,72874,2287,1095,1192
13215,81818,8916,39353,5538,72901,2288,1096,1192
13220,81849,8920,39370,5541,72928,2289,1096,1193
13225,81880,8926,39385,5546,72953,2290,1096,1194
13230,81911,8931,39399,5549,72979,2291,1097,1194
13235,81942,8936,39415,5553,73005,2292,1097,1195
13240,81973,8940,39432,5556,73033,2293,1098,1195
13245,82004,8945,39445,5558,73058,2294,1098,1196
13250,82035,8952,39461,5564,73083,2295,1099,1196
13255,82066,8955,39480,5565,73110,2296,1099,1197
13260,82097,8958,39498,5567,73138,2297,1099,1198
13265,82128,8961,39513,5570,73166,2298,1099,1199
13270,82159,8965,39531,5573,73193,2299,1099,1200
13275,82190,8969,39544,5575,73221,2300,1100,1200
13280,82221,8973,39559,5578,73247,2301,1101,1200
13285,82252,8977,39572,5580,73274,2302,1101,1201
13290,82283,8981,39590,5583,73302,2303,1101,1202
13295,82314,8986,39611,5587,73328,2304,1101,1203
13300,82345,8992,39628,5593,73353,2305,1102,1203
13305,82376,8995,39642,5594,73378,2306,1103,1203
13310,82407,8999,39655,5597,73408,2307,1103,1204
13315,82438,9001,39668,5598,73436,2308,1103,1205
13320,82469,9003,39687,5599,73465,2309,1104,1205
13325,82500,9005,39702,5601,73495,2310,1105,1205
13330,82531,9007,39718,5603,73523,2311,1105,1206
13335,82562,9009,39733,5603,73553,2312,1106,1206
13340,82593,9011,39749,5603,73582,2313,1106,1207
13345,82624,9013,39760,5604,73611,2314,1106,1208
13350,82655,9015,39776,5605,73640,2315,1106,1209
13355,82686,9017,39793,5607,73668,2316,1107,1209
13360,82717,9020,39806,5609,73696,2317,1107,1210
13365,82748,9025,39820,5613,73722,2318,1108,1210
13370,82779,9030,39834,5615,73748,2319,1108,1211
13375,82810,9034,39851,5619,73773,2320,1108,1212
13380,82841,9040,39870,5624,73798,2321,1109,1212
13385,82872,9045,39883,5627,73826,2322,1110,1212
13390,82903,9050,39902,5632,73852,2323,1111,1212
13395,82934,9055,39915,5634,73879,2324,1112,1212
13400,82965,9057,39932,5636,73908,2325,1113,1212
13405,82996,9059,39947,5636,73936,2326,1114,1212
13410,83027,9061,39960,5638,73965,2327,1114,1213
13415,83058,9063,39977,5640,73993,2328,1114,1214
13420,83089,9066,39995,5640,74022,2329,1114,1215
13425,83120,9069,40012,5642,74049,2330,1115,1215
13430,83151,9072,40019,5642,74079,2331,1115,1216
13435,83182,9075,40034,5644,74107,2332,1116,1216
13440,83213,9079,40053,5646,74133,2333,1117,1216
13445,83244,9083,40068,5647,74161,2334,1117,1217
13450,83275,9086,40085,5647,74189,2335,1118,1217
13455,83306,9089,40100,5650,74217,2336,1118,1218
13460,83337,9093,40113,5654,74244,2337,1119,1218
13465,83368,9097,40130,5656,74271,2338,1120,1218
13470,83399,9101,40145,5658,74298,2339,1120,1219
13475,83430,9104,40158,5660,74326,2340,1120,1220
13480,83461,9108,40173,5664,74353,2341,1120,1221
13485,83492,9113,40185,5666,74379,2342,1121,1221
13490,83523,9116,40197,5667,74407,2343,1121,1222
13495,83554,9121,40217,5671,74432,2344,1122,1222
13500,83585,9126,40231,5675,74458,2345,1122,1223
13505,83616,9129,40246,5676,74485,2345,1122,1223
13510,83647,9134,40262,5680,74513,2345,1122,1223
13515,83678,9138,40277,5681,74538,2345,1122,1223
13520,83709,9142,40294,5683,74565,2345,1122,1223
13525,83740,9149,40310,5689,74589,2345,1122,1223
13530,83771,9155,40320,5692,74614,2345,1122,1223
13535,83802,9161,40330,5696,74641,2345,1122,1223
13540,83833,9163,40345,5696,74670,2345,1122,1223
13545,83864,9165,40355,5696,74699,2345,1122,1223
13550,83895,9167,40374,5697,74726,2345,1122,1223
13555,83926,9169,40386,5697,74757,2345,1122,1223
13560,83957,9171,40403,5698,74785,2345,1122,1223
13565,83988,9173,40419,5699,74814,2345,1122,1223
13570,84019,9175,40436,5700,74843,2345,1122,1223
13575,84050,9177,40450,5702,74873,2345,1122,1223
13580,84081,9179,40466,5703,74902,2345,1122,1223
13585,84112,9181,40478,5704,74931,2345,1122,1223
13590,84143,9183,40493,5705,74960,2345,1122,1223
13595,84174,9185,40511,5707,74989,2345,1122,1223
13600,84205,9187,40529,5708,75018,2345,1122,1223
13605,84236,9190,40542,5711,75046,2346,1122,1224
13610,84267,9193,40560,5714,75074,2347,1123,1224
13615,84298,9196,40577,5715,75102,2348,1123,1225
13620,84329,9199,40592,5718,75130,2349,1124,1225
13625,84360,9201,40605,5719,75159,2350,1125,1225
13630,84391,9204,40617,5720,75187,2351,1125,1226
13635,84422,9208,40634,5723,75212,2352,1125,1227
13640,84453,9213,40647,5728,75239,2353,1126,1227
13645,84484,9219,40667,5734,75264,2354,1126,1228
13650,84515,9224,40681,5737,75289,2355,1127,1228
13655,84546,9229,40693,5741,75316,2356,1127,1229
13660,84577,9233,40708,5744,75344,2357,1127,1230
13665,84608,9235,40724,5745,75370,2358,1128,1230
13670,84639,9239,40740,5748,75399,2359,1129,1230
13675,84670,9243,40751,5751,75423,2360,1130,1230
13680,84701,9247,40770,5754,75451,2361,1130,1231
13685,84732,9251,40787,5758,75480,2362,1131,1231
13690,84763,9255,40805,5760,75507,2363,1131,1232
13695,84794,9256,40823,5761,75538,2364,1132,1232
13700,84825,9257,40839,5762,75568,2365,1133,1232
13705,84856,9258,40852,5762,75598,2366,1133,1233
13710,84887,9259,40862,5763,75628,2367,1133,1234
13715,84918,9260,40874,5763,75657,2368,1134,1234
13720,84949,9261,40886,5763,75688,2369,1135,1234
13725,84980,9262,40897,5763,75717,2370,1135,1235
13730,85011,9264,40911,5763,75745,2371,1135,1236
13735,85042,9266,40928,5763,75776,2372,1136,1236
13740,85073,9268,40945,5763,75804,2373,1136,1237
13745,85104,9270,40960,5763,75833,2374,1136,1238
13750,85135,9272,40973,5765,75862,2375,1136,1239
13755,85166,9274,40987,5766,75892,2376,1137,1239
13760,85197,9277,41005,5768,75919,2377,1137,1240
13765,85228,9280,41022,5769,75947,2378,1138,1240
13770,85259,9283,41039,5769,75976,2379,1139,1240
13775,85290,9286,41052,5771,76004,2380,1140,1240
13780,85321,9289,41069,5772,76031,2381,1141,1240
13785,85352,9292,41089,5773,76060,2382,1142,1240
13790,85383,9296,41108,5777,76087,2383,1142,1241
13795,85414,9299,41120,5779,76115,2384,1143,1241
13800,85445,9305,41132,5783,76137,2385,1143,1242
13805,85476,9313,41147,5789,76162,2386,1144,1242
13810,85507,9320,41160,5794,76185,2387,1144,1243
13815,85538,9327,41171,5798,76209,2388,1144,1244
13820,85569,9333,41181,5801,76234,2389,1144,1245
13825,85600,9340,41194,5806,76260,2390,1144,1246
13830,85631,9345,41205,5808,76284,2391,1144,1247
13835,85662,9352,41217,5812,76309,2392,1145,1247
13840,85693,9359,41238,5818,76332,2393,1146,1247
13845,85724,9363,41249,5820,76361,2394,1147,1247
13850,85755,9365,41265,5820,76390,2395,1148,1247
13855,85786,9367,41281,5821,76419,2396,1149,1247
13860,85817,9369,41295,5821,76448,2397,1150,1247
13865,85848,9370,41307,5822,76478,2398,1150,1248
13870,85879,9371,41318,5822,76508,2399,1151,1248
13875,85910,9372,41332,5823,76538,2400,1151,1249
13880,85941,9373,41345,5824,76568,2401,1151,1250
13885,85972,9374,41357,5824,76598,2402,1151,1251
13890,86003,9375,41373,5824,76628,2403,1152,1251
13895,86034,9376,41390,5825,76658,2404,1153,1251
13900,86065,9377,41407,5825,76688,2405,1154,1251
13905,86096,9378,41425,5826,76716,2406,1154,1252
13910,86127,9379,41441,5826,76747,2407,1154,1253
13915,86158,9380,41450,5826,76777,2408,1155,1253
13920,86189,9381,41462,5826,76807,2409,1156,1253
13925,86220,9382,41479,5827,76837,2410,1156,1254
13930,86251,9383,41497,5828,76868,2411,1157,1254
13935,86282,9384,41512,5828,76898,2412,1158,1254
13940,86313,9385,41528,5829,76928,2413,1158,1255
13945,86344,9386,41545,5830,76958,2414,1158,1256
13950,86375,9389,41560,5830,76986,2415,1158,1257
13955,86406,9392,41573,5831,77014,2416,1158,1258
13960,86437,9395,41590,5834,77042,2417,1158,1259
13965,86468,9399,41601,5836,77068,2418,1158,1260
13970,86499,9404,41611,5840,77095,2419,1158,1261
13975,86530,9409,41624,5841,77121,2420,1158,1262
13980,86561,9413,41639,5844,77147,2421,1158,1263
13985,86592,9420,41654,5849,77171,2422,1159,1263
13990,86623,9426,41670,5853,77195,2423,1160,1263
13995,86654,9435,41688,5860,77217,2424,1160,1264
14000,86685,9443,41699,5866,77241,2425,1161,1264
14005,86716,9447,41716,5869,77269,2426,1161,1265
14010,86747,9450,41729,5871,77297,2427,1161,1266
14015,86778,9453,41747,5872,77323,2428,1162,1266
14020,86809,9458,41761,5875,77350,2429,1162,1267
14025,86840,9462,41776,5877,77377,2430,1163,1267
14030,86871,9465,41790,5879,77404,2431,1164,1267
14035,86902,9471,41804,5883,77429,2432,1165,1267
14040,86933,9475,41818,5885,77456,2433,1166,1267
14045,86964,9477,41836,5886,77487,2434,1167,1267
14050,86995,9479,41847,5887,77516,2435,1168,1267
14055,87026,9481,41865,5888,77545,2436,1168,1268
14060,87057,9483,41881,5890,77574,2437,1168,1269
14065,87088,9485,41895,5890,77603,2438,1168,1270
14070,87119,9487,41910,5891,77632,2439,1169,1270
14075,87150,9489,41929,5893,77661,2440,1169,1271
14080,87181,9491,41942,5894,77690,2441,1169,1272
14085,87212,9493,41958,5895,77718,2442,1170,1272
14090,87243,9495,41973,5896,77746,2443,1170,1273
14095,87274,9497,41988,5898,77777,2444,1171,1273
14100,87305,9499,42007,5899,77805,2445,1172,1273
14105,87336,9501,42023,5900,77834,2445,1172,1273
14110,87367,9504,42038,5903,77861,2445,1172,1273
14115,87398,9508,42054,5906,77889,2445,1172,1273
14120,87429,9511,42071,5906,77916,2445,1172,1273
14125,87460,9515,42086,5909,77944,2445,1172,1273
14130,87491,9518,42101,5910,77972,2445,1172,1273
14135,87522,9522,42116,5913,77999,2445,1172,1273
14140,87553,9527,42138,5917,78025,2445,1172,1273
14145,87584,9533,42154,5920,78049,2445,1172,1273
14150,87615,9541,42168,5926,78072,2445,1172,1273
14155,87646,9549,42182,5932,78097,2445,1172,1273
14160,87677,9552,42197,5932,78124,2445,1172,1273
14165,87708,9555,42211,5932,78153,2445,1172,1273
14170,87739,9558,42226,5935,78181,2445,1172,1273
14175,87770,9561,42245,5936,78209,2445,1172,1273
14180,87801,9564,42262,5937,78237,2445,1172,1273
14185,87832,9567,42282,5938,78265,2445,1172,1273
14190,87863,9570,42299,5939,78293,2445,1172,1273
14195,87894,9573,42315,5941,78321,2445,1172,1273
14200,87925,9576,42325,5941,78349,2445,1172,1273
14205,87956,9579,42338,5942,78376,2446,1173,1273
14210,87987,9584,42356,5946,78403,2447,1174,1273
14215,88018,9588,42370,5948,78430,2448,1174,1274
14220,88049,9592,42383,5949,78456,2449,1175,1274
14225,88080,9597,42398,5953,78483,2450,1175,1275
14230,88111,9602,42411,5956,78509,2451,1175,1276
14235,88142,9607,42425,5961,78535,2452,1175,1277
14240,88173,9609,42438,5962,78563,2453,1176,1277
14245,88204,9611,42454,5964,78592,2454,1177,1277
14250,88235,9613,42464,5964,78622,2455,1177,1278
14255,88266,9615,42480,5965,78649,2456,1178,1278
14260,88297,9617,42493,5967,78677,2457,1178,1279
14265,88328,9622,42510,5969,78703,2458,1179,1279
14270,88359,9627,42526,5973,78728,2459,1179,1280
14275,88390,9632,42546,5977,78755,2460,1180,1280
14280,88421,9637,42557,5979,78781,2461,1180,1281
14285,88452,9644,42569,5983,78806,2462,1180,1282
14290,88483,9649,42585,5986,78833,2463,1181,1282
14295,88514,9651,42600,5987,78863,2464,1181,1283
14300,88545,9653,42618,5989,78890,2465,1182,1283
14305,88576,9655,42632,5989,78920,2466,1183,1283
14310,88607,9657,42645,5990,78950,2467,1183,1284
14315,88638,9659,42661,5991,78979,2468,1184,1284
14320,88669,9661,42674,5993,79008,2469,1184,1285
14325,88700,9663,42685,5994,79037,2470,1184,1286
14330,88731,9665,42705,5995,79066,2471,1185,1286
14335,88762,9667,42722,5996,79095,2472,1186,1286
14340,88793,9670,42733,5998,79123,2473,1186,1287
14345,88824,9673,42748,5998,79151,2474,1186,1288
14350,88855,9676,42761,6000,79179,2475,1186,1289
14355,88886,9679,42777,6001,79207,2476,1187,1289
14360,88917,9682,42791,6002,79235,2477,1187,1290
14365,88948,9685,42804,6005,79263,2478,1187,1291
14370,88979,9688,42818,6005,79291,2479,1187,1292
14375,89010,9691,42831,6005,79319,2480,1188,1292
14380,89041,9695,42846,6007,79346,2481,1188,1293
14385,89072,9699,42864,6010,79373,2482,1189,1293
14390,89103,9702,42875,6012,79401,2483,1190,1293
14395,89134,9708,42889,6015,79426,2484,1190,1294
14400,89165,9714,42904,6018,79449,2485,1190,1295
14405,89196,9722,42922,6025,79472,2486,1190,1296
14410,89227,9731,42939,6032,79493,2487,1190,1297
14415,89258,9737,42957,6036,79519,2488,1191,1297
14420,89289,9742,42971,6041,79544,2489,1191,1298
14425,89320,9747,42981,6044,79571,2490,1191,1299
14430,89351,9751,42993,6047,79599,2491,1192,1299
14435,89382,9754,43007,6049,79624,2492,1192,1300
14440,89413,9757,43018,6051,79656,2493,1192,1301
14445,89444,9759,43032,6051,79685,2494,1192,1302
14450,89475,9761,43047,6053,79712,2495,1192,1303
14455,89506,9763,43064,6055,79741,2496,1192,1304
14460,89537,9765,43085,6057,79770,2497,1193,1304
14465,89568,9766,43104,6058,79799,2498,1194,1304
14470,89599,9767,43122,6058,79831,2499,1194,1305
14475,89630,9768,43140,6059,79862,2500,1194,1306
14480,89661,9769,43152,6060,79892,2501,1194,1307
14485,89692,9770,43169,6061,79922,2502,1194,1308
14490,89723,9771,43183,6061,79952,2503,1194,1309
14495,89754,9772,43196,6061,79982,2504,1194,1310
14500,89785,9773,43214,6062,80012,2505,1195,1310
14505,89816,9774,43235,6063,80042,2506,1195,1311
14510,89847,9775,43245,6063,80072,2507,1196,1311
14515,89878,9776,43261,6063,80102,2508,1196,1312
14520,89909,9778,43276,6064,80131,2509,1196,1313
14525,89940,9780,43294,6065,80160,2510,1196,1314
14530,89971,9782,43309,6066,80189,2511,1196,1315
14535,90002,9784,43320,6066,80218,2512,1196,1316
14540,90033,9786,43338,6067,80247,2513,1197,1316
14545,90064,9789,43350,6069,80275,2514,1197,1317
14550,90095,9792,43366,6072,80303,2515,1197,1318
14555,90126,9795,43384,6072,80331,2516,1197,1319
14560,90157,9799,43404,6076,80358,2517,1197,1320
14565,90188,9802,43414,6078,80386,2518,1198,1320
14570,90219,9807,43426,6080,80411,2519,1198,1321
14575,90250,9812,43433,6082,80438,2520,1198,1322
14580,90281,9819,43447,6087,80461,2521,1199,1322
14585,90312,9826,43460,6091,80484,2522,1199,1323
14590,90343,9833,43477,6096,80507,2523,1200,1323
14595,90374,9839,43488,6100,80533,2524,1200,1324
14600,90405,9843,43499,6102,80561,2525,1200,1325
14605,90436,9848,43519,6105,80587,2526,1200,1326
14610,90467,9852,43534,6108,80614,2527,1200,1327
14615,90498,9858,43553,6112,80638,2528,1200,1328
14620,90529,9863,43568,6115,80665,2529,1201,1328
14625,90560,9865,43584,6117,80695,2530,1202,1328
14630,90591,9867,43599,6119,80724,2531,1203,1328
14635,90622,9869,43609,6119,80753,2532,1203,1329
14640,90653,9871,43623,6120,80782,2533,1203,1330
14645,90684,9873,43641,6122,80811,2533,1203,1330
14650,90715,9875,43655,6122,80840,2533,1203,1330
14655,90746,9877,43672,6124,80869,2533,1203,1330
14660,90777,9879,43684,6124,80898,2533,1203,1330
14665,90808,9881,43696,6124,80927,2533,1203,1330
14670,90839,9883,43713,6125,80956,2533,1203,1330
14675,90870,9885,43722,6126,80985,2533,1203,1330
14680,90901,9887,43735,6126,81014,2533,1203,1330
14685,90932,9889,43749,6127,81043,2533,1203,1330
14690,90963,9891,43767,6128,81072,2533,1203,1330
14695,90994,9893,43780,6129,81101,2533,1203,1330
14700,91025,9896,43792,6130,81129,2533,1203,1330
14705,91056,9899,43808,6131,81157,2533,1203,1330
14710,91087,9902,43827,6134,81185,2533,1203,1330
14715,91118,9905,43839,6134,81213,2533,1203,1330
14720,91149,9909,43858,6137,81240,2533,1203,1330
14725,91180,9912,43870,6138,81268,2533,1203,1330
14730,91211,9918,43887,6143,81292,2533,1203,1330
14735,91242,9926,43904,6149,81315,2533,1203,1330
14740,91273,9932,43927,6155,81340,2533,1203,1330
14745,91304,9938,43944,6160,81364,2534,1204,1330
14750,91335,9945,43961,6165,81390,2535,1204,1331
14755,91366,9949,43975,6168,81417,2536,1204,1332
14760,91397,9957,43992,6172,81436,2537,1204,1333
14765,91428,9961,44004,6174,81466,2538,1204,1334
14770,91459,9964,44016,6176,81494,2539,1205,1334
14775,91490,9966,44038,6177,81522,2540,1205,1335
14780,91521,9969,44051,6179,81551,2541,1205,1336
14785,91552,9972,44069,6181,81577,2542,1206,1336
14790,91583,9975,44081,6184,81607,2543,1206,1337
14795,91614,9977,44096,6184,81635,2544,1207,1337
14800,91645,9980,44111,6185,81664,2545,1207,1338
14805,91676,9983,44127,6186,81690,2546,1207,1339
14810,91707,9985,44140,6187,81722,2547,1207,1340
14815,91738,9986,44150,6187,81751,2548,1208,1340
14820,91769,9987,44168,6188,81782,2549,1208,1341
14825,91800,9988,44185,6189,81812,2550,1208,1342
14830,91831,9989,44202,6189,81842,2551,1209,1342
14835,91862,9990,44213,6189,81872,2552,1209,1343
14840,91893,9991,44226,6190,81902,2553,1209,1344
14845,91924,9992,44245,6191,81932,2554,1210,1344
14850,91955,9993,44258,6191,81962,2555,1210,1345
14855,91986,9994,44272,6191,81992,2556,1211,1345
14860,92017,9995,44286,6191,82021,2557,1211,1346
14865,92048,9996,44303,6191,82050,2558,1211,1347
14870,92079,9999,44312,6192,82080,2559,1211,1348
14875,92110,10002,44323,6194,82108,2560,1212,1348
14880,92141,10005,44338,6196,82134,2561,1212,1349
14885,92172,10008,44348,6196,82164,2562,1213,1349
14890,92203,10011,44365,6197,82192,2563,1213,1350
14895,92234,10014,44377,6200,82220,2564,1213,1351
14900,92265,10017,44386,6200,82248,2565,1214,1351
14905,92296,10020,44401,6202,82275,2566,1215,1351
14910,92327,10025,44420,6206,82300,2567,1216,1351
14915,92358,10034,44435,6214,82323,2568,1216,1352
14920,92389,10042,44449,6219,82343,2569,1216,1353
14925,92420,10052,44463,6226,82364,2570,1217,1353
14930,92451,10059,44474,6230,82392,2571,1217,1354
14935,92482,10063,44485,6232,82417,2572,1217,1355
14940,92513,10069,44503,6235,82441,2573,1218,1355
14945,92544,10074,44517,6238,82468,2574,1218,1356
14950,92575,10077,44534,6241,82497,2575,1219,1356
14955,92606,10079,44547,6241,82527,2576,1220,1356
14960,92637,10081,44559,6241,82556,2577,1221,1356
14965,92668,10083,44568,6241,82584,2578,1222,1356
14970,92699,10085,44583,6242,82614,2579,1222,1357
14975,92730,10087,44594,6242,82643,2580,1222,1358
14980,92761,10089,44609,6243,82672,2581,1223,1358
14985,92792,10091,44622,6243,82701,2582,1223,1359
14990,92823,10093,44634,6243,82729,2583,1223,1360
14995,92854,10095,44646,6245,82759,2584,1224,1360
15000,92885,10097,44662,6246,82787,2585,1224,1361
15005,92916,10099,44674,6247,82817,2586,1225,1361
15010,92947,10101,44687,6247,82846,2587,1225,1362
15015,92978,10103,44703,6248,82875,2588,1226,1362
15020,93009,10105,44712,6248,82904,2589,1227,1362
15025,93040,10107,44724,6250,82932,2590,1228,1362
15030,93071,10109,44741,6251,82961,2591,1228,1363
15035,93102,10112,44760,6253,82988,2592,1228,1364
15040,93133,10115,44773,6254,83017,2593,1228,1365
15045,93164,10118,44786,6255,83045,2594,1228,1366
15050,93195,10122,44800,6259,83072,2595,1228,1367
15055,93226,10128,44814,6263,83098,2596,1229,1367
15060,93257,10132,44831,6265,83124,2597,1230,1367
15065,93288,10139,44846,6269,83149,2598,1230,1368
15070,93319,10144,44863,6272,83174,2599,1230,1369
15075,93350,10151,44878,6277,83198,2600,1230,1370
15080,93381,10159,44894,6284,83222,2601,1231,1370
15085,93412,10163,44914,6287,83247,2602,1232,1370
15090,93443,10169,44926,6293,83274,2603,1232,1371
15095,93474,10176,44946,6299,83296,2604,1232,1372
15100,93505,10185,44962,6307,83318,2605,1232,1373
15105,93536,10190,44980,6310,83346,2606,1232,1374
15110,93567,10194,44998,6313,83373,2607,1233,1374
15115,93598,10196,45017,6314,83401,2608,1234,1374
15120,93629,10198,45031,6314,83430,2609,1235,1374
15125,93660,10200,45041,6314,83460,2610,1236,1374
15130,93691,10202,45060,6316,83488,2611,1237,1374
15135,93722,10204,45074,6317,83517,2612,1238,1374
15140,93753,10206,45091,6319,83547,2613,1238,1375
15145,93784,10208,45103,6321,83576,2614,1239,1375
15150,93815,10210,45122,6322,83605,2615,1240,1375
15155,93846,10212,45134,6324,83634,2616,1241,1375
15160,93877,10214,45150,6324,83663,2617,1241,1376
15165,93908,10216,45172,6326,83692,2618,1241,1377
15170,93939,10218,45185,6327,83721,2619,1242,1377
15175,93970,10220,45201,6329,83749,2620,1242,1378
15180,94001,10222,45217,6329,83778,2621,1243,1378
15185,94032,10224,45233,6331,83808,2622,1244,1378
15190,94063,10226,45245,6332,83837,2623,1244,1379
15195,94094,10228,45261,6334,83865,2624,1245,1379
15200,94125,10230,45279,6336,83894,2625,1245,1380
15205,94156,10232,45295,6337,83923,2626,1245,1381
15210,94187,10235,45309,6339,83951,2627,1245,1382
15215,94218,10238,45323,6339,83979,2628,1245,1383
15220,94249,10242,45337,6340,84007,2629,1246,1383
15225,94280,10246,45355,6342,84034,2630,1246,1384
15230,94311,10250,45372,6344,84060,2631,1246,1385
15235,94342,10256,45390,6348,84086,2632,1247,1385
15240,94373,10260,45404,6348,84112,2633,1248,1385
15245,94404,10265,45419,6351,84139,2634,1248,1386
15250,94435,10269,45433,6354,84166,2635,1249,1386
15255,94466,10275,45454,6359,84191,2636,1249,1387
15260,94497,10281,45468,6362,84216,2637,1249,1388
15265,94528,10287,45479,6365,84240,2638,1249,1389
15270,94559,10294,45495,6371,84264,2639,1250,1389
15275,94590,10301,45510,6375,84288,2640,1251,1389
15280,94621,10308,45527,6381,84313,2641,1252,1389
15285,94652,10313,45541,6383,84337,2642,1253,1389
15290,94683,10319,45556,6388,84363,2643,1253,1390
15295,94714,10323,45569,6389,84390,2644,1254,1390
15300,94745,10328,45585,6393,84416,2645,1255,1390
15305,94776,10329,45601,6393,84447,2645,1255,1390
15310,94807,10330,45618,6394,84476,2645,1255,1390
15315,94838,10331,45636,6395,84506,2645,1255,1390
15320,94869,10332,45650,6396,84536,2645,1255,1390
15325,94900,10333,45666,6396,84566,2645,1255,1390
15330,94931,10334,45684,6396,84596,2645,1255,1390
15335,94962,10335,45703,6396,84624,2645,1255,1390
15340,94993,10336,45722,6397,84656,2645,1255,1390
15345,95024,10337,45736,6398,84686,2645,1255,1390
15350,95055,10338,45753,6398,84716,2645,1255,1390
15355,95086,10339,45770,6399,84747,2645,1255,1390
15360,95117,10340,45785,6399,84777,2645,1255,1390
15365,95148,10341,45801,6399,84807,2645,1255,1390
15370,95179,10342,45813,6399,84837,2645,1255,1390
15375,95210,10343,45821,6399,84867,2645,1255,1390
15380,95241,10344,45834,6400,84897,2645,1255,1390
15385,95272,10345,45852,6400,84927,2645,1255,1390
15390,95303,10346,45869,6400,84957,2645,1255,1390
15395,95334,10348,45885,6402,84986,2645,1255,1390
15400,95365,10350,45896,6403,85013,2645,1255,1390
15405,95396,10355,45909,6408,85041,2646,1256,1390
15410,95427,10359,45926,6410,85067,2647,1256,1391
15415,95458,10365,45941,6414,85092,2648,1256,1392
15420,95489,10371,45966,6419,85116,2649,1257,1392
15425,95520,10377,45978,6422,85143,2650,1258,1392
15430,95551,10381,45992,6424,85169,2651,1258,1393
15435,95582,10387,46007,6427,85195,2652,1258,1394
15440,95613,10391,46024,6429,85221,2653,1259,1394
15445,95644,10396,46039,6432,85248,2654,1259,1395
15450,95675,10402,46057,6437,85271,2655,1260,1395
15455,95706,10411,46075,6444,85294,2656,1260,1396
15460,95737,10416,46090,6448,85319,2657,1260,1397
15465,95768,10421,46107,6452,85345,2658,1261,1397
15470,95799,10428,46124,6456,85369,2659,1261,1398
15475,95830,10430,46142,6457,85399,2660,1262,1398
15480,95861,10432,46158,6458,85427,2661,1262,1399
15485,95892,10434,46174,6458,85456,2662,1263,1399
15490,95923,10436,46190,6459,85485,2663,1264,1399
15495,95954,10438,46205,6459,85515,2664,1265,1399
15500,95985,10440,46217,6460,85544,2665,1266,1399
15505,96016,10442,46229,6462,85573,2666,1266,1400
15510,96047,10444,46240,6463,85602,2667,1266,1401
15515,96078,10446,46255,6464,85632,2668,1267,1401
15520,96109,10448,46273,6465,85661,2669,1267,1402
15525,96140,10450,46288,6467,85690,2670,1268,1402
15530,96171,10452,46301,6467,85719,2671,1268,1403
15535,96202,10454,46317,6467,85748,2672,1268,1404
15540,96233,10456,46330,6468,85777,2673,1269,1404
15545,96264,10458,46343,6469,85806,2674,1269,1405
15550,96295,10460,46354,6470,85835,2675,1269,1406
15555,96326,10462,46372,6471,85864,2676,1269,1407
15560,96357,10464,46384,6471,85893,2677,1270,1407
15565,96388,10467,46398,6472,85921,2678,1270,1408
15570,96419,10471,46414,6474,85946,2679,1271,1408
15575,96450,10477,46430,6477,85971,2680,1272,1408
15580,96481,10484,46445,6483,85997,2681,1272,1409
15585,96512,10489,46459,6486,86023,2682,1272,1410
15590,96543,10493,46478,6490,86049,2683,1272,1411
15595,96574,10501,46496,6496,86071,2684,1272,1412
15600,96605,10507,46510,6501,86095,2685,1273,1412
15605,96636,10512,46528,6505,86123,2686,1273,1413
15610,96667,10515,46546,6506,86151,2687,1274,1413
15615,96698,10518,46568,6508,86180,2688,1275,1413
15620,96729,10522,46582,6510,86207,2689,1275,1414
15625,96760,10525,46594,6512,86235,2690,1276,1414
15630,96791,10527,46602,6512,86264,2691,1277,1414
15635,96822,10530,46616,6514,86292,2692,1278,1414
15640,96853,10532,46631,6514,86321,2693,1278,1415
15645,96884,10534,46647,6514,86350,2694,1279,1415
15650,96915,10539,46664,6518,86376,2695,1279,1416
15655,96946,10542,46684,6521,86402,2696,1280,1416
15660,96977,10544,46703,6522,86432,2697,1281,1416
15665,97008,10545,46715,6523,86462,2698,1282,1416
15670,97039,10546,46731,6524,86493,2699,1282,1417
15675,97070,10547,46746,6524,86522,2700,1283,1417
15680,97101,10548,46761,6525,86551,2701,1284,1417
15685,97132,10549,46778,6526,86582,2702,1284,1418
15690,97163,10550,46793,6527,86612,2703,1285,1418
15695,97194,10551,46806,6528,86642,2704,1285,1419
15700,97225,10552,46823,6529,86673,2705,1286,1419
15705,97256,10553,46838,6530,86703,2706,1287,1419
15710,97287,10556,46852,6532,86730,2707,1288,1419
15715,97318,10560,46865,6536,86757,2708,1288,1420
15720,97349,10565,46881,6539,86783,2709,1289,1420
15725,97380,10570,46902,6542,86809,2710,1289,1421
15730,97411,10578,46923,6548,86832,2711,1290,1421
15735,97442,10583,46939,6553,86859,2712,1291,1421
15740,97473,10588,46954,6555,86885,2713,1291,1422
15745,97504,10590,46971,6556,86914,2714,1291,1423
15750,97535,10592,46983,6557,86943,2715,1291,1424
15755,97566,10594,46996,6558,86972,2716,1291,1425
15760,97597,10596,47011,6560,87001,2717,1291,1426
15765,97628,10599,47024,6561,87029,2718,1291,1427
15770,97659,10602,47041,6563,87057,2719,1291,1428
15775,97690,10605,47057,6565,87084,2720,1292,1428
15780,97721,10608,47071,6567,87112,2721,1292,1429
15785,97752,10612,47082,6569,87140,2722,1292,1430
15790,97783,10615,47093,6571,87168,2723,1293,1430
15795,97814,10618,47106,6573,87196,2724,1293,1431
15800,97845,10623,47123,6576,87222,2725,1293,1432
15805,97876,10629,47141,6581,87246,2726,1294,1432
15810,97907,10636,47161,6586,87271,2727,1295,1432
15815,97938,10641,47177,6589,87296,2728,1295,1433
15820,97969,10646,47191,6592,87323,2729,1295,1434
15825,98000,10648,47209,6594,87352,2730,1296,1434
15830,98031,10650,47220,6594,87381,2731,1297,1434
15835,98062,10652,47232,6595,87410,2732,1297,1435
15840,98093,10654,47252,6597,87439,2733,1297,1436
15845,98124,10657,47268,6599,87465,2734,1297,1437
15850,98155,10662,47284,6603,87491,2735,1298,1437
15855,98186,10667,47304,6608,87519,2736,1299,1437
15860,98217,10671,47321,6609,87544,2737,1300,1437
15865,98248,10675,47332,6612,87573,2738,1301,1437
15870,98279,10679,47345,6614,87599,2739,1302,1437
15875,98310,10682,47363,6617,87627,2740,1303,1437
15880,98341,10685,47373,6617,87656,2741,1303,1438
15885,98372,10688,47391,6618,87682,2742,1304,1438
15890,98403,10693,47411,6622,87709,2743,1305,1438
15895,98434,10698,47424,6625,87736,2744,1306,1438
15900,98465,10701,47440,6626,87763,2745,1307,1438
15905,98496,10705,47456,6629,87791,2745,1307,1438
15910,98527,10707,47472,6630,87820,2745,1307,1438
15915,98558,10709,47487,6631,87849,2745,1307,1438
15920,98589,10711,47504,6632,87878,2745,1307,1438
15925,98620,10713,47515,6632,87907,2745,1307,1438
15930,98651,10716,47526,6632,87935,2745,1307,1438
15935,98682,10720,47541,6633,87961,2745,1307,1438
15940,98713,10725,47561,6637,87988,2745,1307,1438
15945,98744,10731,47575,6642,88012,2745,1307,1438
15950,98775,10737,47589,6646,88036,2745,1307,1438
15955,98806,10744,47600,6650,88062,2745,1307,1438
15960,98837,10749,47612,6653,88087,2745,1307,1438
15965,98868,10751,47627,6654,88116,2745,1307,1438
15970,98899,10753,47641,6654,88144,2745,1307,1438
15975,98930,10755,47656,6654,88175,2745,1307,1438
15980,98961,10757,47671,6654,88204,2745,1307,1438
15985,98992,10759,47684,6654,88233,2745,1307,1438
15990,99023,10761,47696,6654,88262,2745,1307,1438
15995,99054,10763,47714,6654,88291,2745,1307,1438
16000,99085,10765,47724,6656,88320,2745,1307,1438
16005,99116,10767,47736,6657,88348,2746,1308,1438
16010,99147,10769,47751,6658,88377,2747,1309,1438
16015,99178,10774,47769,6662,88403,2748,1310,1438
16020,99209,10779,47788,6666,88427,2749,1311,1438
16025,99240,10785,47805,6669,88454,2750,1312,1438
16030,99271,10789,47821,6671,88481,2751,1312,1439
16035,99302,10794,47837,6673,88507,2752,1313,1439
16040,99333,10799,47857,6676,88532,2753,1314,1439
16045,99364,10804,47872,6680,88559,2754,1314,1440
16050,99395,10806,47884,6680,88588,2755,1315,1440
16055,99426,10808,47898,6681,88618,2756,1316,1440
16060,99457,10810,47913,6682,88647,2757,1317,1440
16065,99488,10812,47930,6683,88676,2758,1318,1440
16070,99519,10815,47944,6685,88704,2759,1318,1441
16075,99550,10818,47958,6688,88732,2760,1318,1442
16080,99581,10821,47970,6688,88760,2761,1319,1442
16085,99612,10824,47983,6690,88788,2762,1320,1442
16090,99643,10828,47997,6691,88815,2763,1321,1442
16095,99674,10832,48012,6693,88842,2764,1321,1443
16100,99705,10837,48030,6696,88867,2765,1321,1444
16105,99736,10842,48047,6701,88894,2766,1322,1444
16110,99767,10847,48059,6704,88918,2767,1322,1445
16115,99798,10853,48076,6709,88945,2768,1322,1446
16120,99829,10857,48091,6712,88972,2769,1323,1446
16125,99860,10859,48106,6712,89000,2770,1323,1447
16130,99891,10861,48122,6714,89030,2771,1323,1448
16135,99922,10863,48133,6714,89058,2772,1324,1448
16140,99953,10865,48140,6714,89087,2773,1325,1448
16145,99984,10867,48153,6716,89117,2774,1325,1449
16150,100015,10869,48168,6717,89146,2775,1325,1450
16155,100046,10871,48183,6718,89175,2776,1326,1450
16160,100077,10874,48196,6719,89202,2777,1327,1450
16165,100108,10878,48210,6721,89229,2778,1327,1451
16170,100139,10882,48230,6725,89256,2779,1327,1452
16175,100170,10885,48246,6726,89285,2780,1327,1453
16180,100201,10888,48265,6726,89312,2781,1328,1453
16185,100232,10891,48276,6727,89340,2782,1328,1454
16190,100263,10895,48286,6729,89368,2783,1329,1454
16195,100294,10898,48302,6731,89394,2784,1330,1454
16200,100325,10902,48317,6734,89423,2785,1330,1455
16205,100356,10906,48330,6736,89450,2786,1331,1455
16210,100387,10910,48342,6737,89476,2787,1332,1455
16215,100418,10914,48359,6738,89502,2788,1332,1456
16220,100449,10920,48376,6743,89526,2789,1333,1456
16225,100480,10926,48391,6748,89554,2790,1333,1457
16230,100511,10931,48405,6750,89579,2791,1333,1458
16235,100542,10934,48420,6752,89608,2792,1334,1458
16240,100573,10937,48442,6755,89636,2793,1334,1459
16245,100604,10940,48457,6756,89663,2794,1335,1459
16250,100635,10944,48466,6757,89688,2795,1335,1460
16255,100666,10947,48481,6758,89717,2796,1336,1460
16260,100697,10950,48497,6761,89746,2797,1336,1461
16265,100728,10953,48507,6762,89775,2798,1336,1462
16270,100759,10956,48519,6763,89803,2799,1337,1462
16275,100790,10959,48533,6764,89831,2800,1338,1462
16280,100821,10962,48546,6766,89859,2801,1338,1463
16285,100852,10964,48556,6767,89888,2802,1338,1464
16290,100883,10966,48569,6767,89917,2803,1338,1465
16295,100914,10968,48580,6767,89946,2804,1338,1466
16300,100945,10970,48598,6768,89975,2805,1339,1466
16305,100976,10973,48615,6771,90003,2806,1339,1467
16310,101007,10977,48628,6774,90030,2807,1340,1467
16315,101038,10982,48647,6779,90055,2808,1340,1468
16320,101069,10985,48661,6782,90083,2809,1341,1468
16325,101100,10987,48672,6783,90113,2810,1342,1468
16330,101131,10988,48684,6783,90143,2811,1343,1468
16335,101162,10989,48697,6784,90173,2812,1344,1468
16340,101193,10991,48710,6784,90202,2813,1344,1469
16345,101224,10993,48730,6785,90230,2814,1345,1469
16350,101255,10995,48749,6785,90260,2815,1346,1469
16355,101286,10997,48760,6785,90289,2816,1346,1470
16360,101317,10999,48780,6786,90318,2817,1346,1471
16365,101348,11001,48794,6787,90347,2818,1347,1471
16370,101379,11004,48809,6787,90374,2819,1348,1471
16375,101410,11008,48820,6788,90402,2820,1348,1472
16380,101441,11013,48836,6791,90427,2821,1348,1473
16385,101472,11016,48849,6792,90456,2822,1348,1474
16390,101503,11021,48867,6796,90481,2823,1349,1474
16395,101534,11024,48883,6797,90509,2824,1350,1474
16400,101565,11029,48899,6801,90536,2825,1351,1474
16405,101596,11033,48917,6804,90563,2826,1352,1474
16410,101627,11037,48926,6806,90590,2827,1352,1475
16415,101658,11041,48942,6808,90617,2828,1353,1475
16420,101689,11046,48956,6811,90643,2829,1353,1476
16425,101720,11050,48972,6814,90669,2830,1353,1477
16430,101751,11052,48991,6814,90697,2831,1354,1477
16435,101782,11055,49001,6814,90726,2832,1354,1478
16440,101813,11058,49022,6815,90754,2833,1354,1479
16445,101844,11061,49036,6816,90782,2834,1354,1480
16450,101875,11064,49057,6818,90811,2835,1354,1481
16455,101906,11067,49071,6820,90838,2836,1354,1482
16460,101937,11070,49086,6823,90866,2837,1355,1482
16465,101968,11073,49099,6824,90895,2838,1355,1483
16470,101999,11076,49120,6826,90922,2839,1356,1483
16475,102030,11079,49140,6828,90950,2840,1356,1484
16480,102061,11083,49150,6831,90978,2841,1356,1485
16485,102092,11087,49165,6834,91004,2842,1356,1486
16490,102123,11090,49170,6834,91033,2843,1356,1487
16495,102154,11094,49186,6836,91060,2844,1357,1487
16500,102185,11098,49201,6838,91086,2845,1357,1488
16505,102216,11100,49216,6838,91116,2845,1357,1488
16510,102247,11102,49227,6838,91145,2845,1357,1488
16515,102278,11105,49239,6839,91173,2845,1357,1488
16520,102309,11108,49248,6842,91201,2845,1357,1488
16525,102340,11112,49263,6844,91228,2845,1357,1488
16530,102371,11116,49279,6847,91255,2845,1357,1488
16535,102402,11118,49293,6848,91283,2845,1357,1488
16540,102433,11121,49311,6850,91311,2845,1357,1488
16545,102464,11124,49328,6851,91339,2845,1357,1488
16550,102495,11127,49342,6853,91367,2845,1357,1488
16555,102526,11130,49354,6854,91395,2845,1357,1488
16560,102557,11133,49372,6857,91423,2845,1357,1488
16565,102588,11136,49388,6859,91450,2845,1357,1488
16570,102619,11140,49400,6862,91479,2845,1357,1488
16575,102650,11142,49414,6862,91506,2845,1357,1488
16580,102681,11146,49430,6865,91534,2845,1357,1488
16585,102712,11151,49446,6869,91560,2845,1357,1488
16590,102743,11153,49459,6871,91589,2845,1357,1488
16595,102774,11154,49476,6871,91618,2845,1357,1488
16600,102805,11155,49495,6872,91649,2845,1357,1488
16605,102836,11156,49509,6872,91680,2846,1358,1488
16610,102867,11158,49531,6873,91709,2847,1358,1489
16615,102898,11160,49547,6873,91738,2848,1359,1489
16620,102929,11162,49561,6873,91767,2849,1360,1489
16625,102960,11164,49576,6875,91796,2850,1361,1489
16630,102991,11166,49590,6876,91825,2851,1362,1489
16635,103022,11168,49601,6877,91854,2852,1362,1490
16640,103053,11171,49617,6878,91882,2853,1363,1490
16645,103084,11174,49633,6879,91909,2854,1363,1491
16650,103115,11177,49647,6880,91937,2855,1363,1492
16655,103146,11180,49661,6881,91966,2856,1363,1493
16660,103177,11183,49676,6883,91994,2857,1363,1494
16665,103208,11186,49692,6883,92021,2858,1364,1494
16670,103239,11190,49704,6886,92049,2859,1364,1495
16675,103270,11194,49722,6890,92076,2860,1364,1496
16680,103301,11198,49736,6892,92102,2861,1365,1496
16685,103332,11202,49755,6895,92130,2862,1365,1497
16690,103363,11205,49770,6897,92158,2863,1365,1498
16695,103394,11209,49787,6901,92184,2864,1366,1498
16700,103425,11216,49800,6905,92209,2865,1367,1498
16705,103456,11220,49812,6906,92235,2866,1368,1498
16710,103487,11228,49829,6912,92259,2867,1368,1499
16715,103518,11232,49843,6914,92286,2868,1368,1500
16720,103549,11238,49857,6918,92309,2869,1368,1501
16725,103580,11247,49874,6926,92331,2870,1369,1501
16730,103611,11256,49892,6933,92351,2871,1370,1501
16735,103642,11262,49904,6938,92379,2872,1370,1502
16740,103673,11264,49919,6938,92409,2873,1370,1503
16745,103704,11266,49932,6938,92438,2874,1370,1504
16750,103735,11268,49945,6939,92467,2875,1370,1505
16755,103766,11270,49961,6939,92495,2876,1371,1505
16760,103797,11272,49977,6941,92524,2877,1371,1506
16765,103828,11274,49989,6942,92554,2878,1371,1507
16770,103859,11276,50006,6944,92583,2879,1371,1508
16775,103890,11278,50020,6944,92612,2880,1372,1508
16780,103921,11280,50031,6944,92641,2881,1372,1509
16785,103952,11282,50047,6945,92668,2882,1372,1510
16790,103983,11284,50062,6947,92699,2883,1372,1511
16795,104014,11286,50080,6948,92727,2884,1373,1511
16800,104045,11288,50097,6949,92756,2885,1374,1511
16805,104076,11290,50110,6950,92785,2886,1374,1512
16810,104107,11292,50126,6951,92814,2887,1374,1513
16815,104138,11294,50138,6952,92844,2888,1375,1513
16820,104169,11296,50153,6952,92873,2889,1376,1513
16825,104200,11298,50171,6954,92902,2890,1376,1514
16830,104231,11301,50181,6955,92929,2891,1377,1514
16835,104262,11304,50192,6955,92958,2892,1377,1515
16840,104293,11307,50205,6957,92986,2893,1377,1516
16845,104324,11312,50218,6960,93012,2894,1377,1517
16850,104355,11319,50235,6966,93036,2895,1377,1518
16855,104386,11326,50253,6972,93057,2896,1378,1518
16860,104417,11335,50266,6978,93081,2897,1379,1518
16865,104448,11340,50275,6983,93106,2898,1380,1518
16870,104479,11343,50284,6983,93135,2899,1381,1518
16875,104510,11347,50302,6986,93163,2900,1382,1518
16880,104541,11351,50321,6988,93190,2901,1383,1518
16885,104572,11355,50336,6989,93217,2902,1384,1518
16890,104603,11358,50350,6991,93245,2903,1385,1518
16895,104634,11361,50359,6993,93273,2904,1386,1518
16900,104665,11366,50376,6997,93299,2905,1387,1518
16905,104696,11371,50393,7000,93325,2906,1387,1519
16910,104727,11375,50407,7002,93352,2907,1387,1520
16915,104758,11381,50424,7008,93377,2908,1387,1521
16920,104789,11383,50440,7009,93406,2909,1387,1522
16925,104820,11385,50451,7010,93435,2910,1387,1523
16930,104851,11387,50470,7010,93463,2911,1387,1524
16935,104882,11389,50482,7011,93493,2912,1387,1525
16940,104913,11391,50496,7011,93521,2913,1387,1526
16945,104944,11393,50505,7012,93550,2914,1387,1527
16950,104975,11395,50515,7013,93580,2915,1387,1528
16955,105006,11397,50531,7014,93608,2916,1387,1529
16960,105037,11399,50544,7014,93636,2917,1387,1530
16965,105068,11401,50557,7016,93667,2918,1387,1531
16970,105099,11405,50572,7018,93690,2919,1387,1532
16975,105130,11409,50586,7021,93721,2920,1387,1533
16980,105161,11412,50601,7023,93749,2921,1388,1533
16985,105192,11415,50611,7023,93777,2922,1388,1534
16990,105223,11418,50623,7023,93804,2923,1389,1534
16995,105254,11423,50638,7026,93831,2924,1389,1535
17000,105285,11427,50655,7029,93857,2925,1389,1536
17005,105316,11431,50664,7031,93885,2926,1389,1537
17010,105347,11434,50678,7032,93912,2927,1389,1538
17015,105378,11440,50697,7036,93937,2928,1389,1539
17020,105409,11446,50714,7040,93962,2929,1390,1539
17025,105440,11452,50731,7044,93986,2930,1390,1540
17030,105471,11456,50752,7045,94014,2931,1390,1541
17035,105502,11459,50767,7047,94042,2932,1390,1542
17040,105533,11462,50784,7049,94071,2933,1391,1542
17045,105564,11465,50795,7049,94099,2934,1392,1542
17050,105595,11468,50809,7051,94127,2935,1393,1542
17055,105626,11471,50824,7051,94155,2936,1394,1542
17060,105657,11474,50839,7053,94183,2937,1394,1543
17065,105688,11478,50857,7056,94210,2938,1395,1543
17070,105719,11481,50872,7058,94237,2939,1395,1544
17075,105750,11486,50889,7063,94263,2940,1396,1544
17080,105781,11490,50901,7065,94289,2941,1396,1545
17085,105812,11497,50917,7072,94312,2942,1397,1545
17090,105843,11505,50935,7079,94337,2943,1398,1545
17095,105874,11507,50946,7080,94366,2944,1398,1546
17100,105905,11509,50963,7082,94395,2945,1398,1547
17105,105936,11510,50979,7082,94426,2946,1398,1548
17110,105967,11511,50998,7082,94456,2947,1398,1549
17115,105998,11512,51012,7082,94486,2948,1398,1550
17120,106029,11513,51024,7082,94516,2949,1398,1551
17125,106060,11514,51039,7082,94546,2950,1398,1552
17130,106091,11515,51052,7083,94576,2951,1399,1552
17135,106122,11517,51073,7085,94603,2952,1400,1552
17140,106153,11522,51087,7090,94630,2953,1400,1553
17145,106184,11526,51100,7093,94658,2954,1401,1553
17150,106215,11530,51114,7096,94684,2955,1402,1553
17155,106246,11534,51130,7098,94712,2956,1403,1553
17160,106277,11537,51150,7100,94738,2957,1403,1554
17165,106308,11542,51166,7103,94766,2957,1403,1554
17170,106339,11543,51178,7104,94796,2957,1403,1554
17175,106370,11544,51192,7104,94826,2957,1403,1554
17180,106401,11545,51203,7104,94856,2957,1403,1554
17185,106432,11546,51216,7105,94886,2957,1403,1554
17190,106463,11547,51226,7106,94916,2957,1403,1554
17195,106494,11548,51239,7107,94946,2957,1403,1554
17200,106525,11550,51252,7108,94974,2957,1403,1554
17205,106556,11552,51265,7108,95004,2957,1403,1554
17210,106587,11555,51282,7110,95031,2957,1403,1554
17215,106618,11558,51295,7112,95060,2957,1403,1554
17220,106649,11562,51313,7114,95086,2957,1403,1554
17225,106680,11565,51324,7115,95113,2957,1403,1554
17230,106711,11569,51340,7117,95140,2957,1403,1554
17235,106742,11573,51354,7119,95168,2957,1403,1554
17240,106773,11578,51362,7122,95195,2957,1403,1554
17245,106804,11582,51378,7123,95222,2957,1403,1554
17250,106835,11586,51391,7127,95248,2957,1403,1554
17255,106866,11591,51407,7129,95273,2957,1403,1554
17260,106897,11597,51420,7133,95299,2957,1403,1554
17265,106928,11599,51440,7134,95329,2958,1404,1554
17270,106959,11601,51456,7134,95357,2959,1404,1555
17275,106990,11606,51469,7137,95384,2960,1405,1555
17280,107021,11610,51487,7140,95409,2961,1405,1556
17285,107052,11615,51504,7144,95436,2962,1405,1557
17290,107083,11620,51521,7147,95461,2963,1406,1557
17295,107114,11626,51536,7151,95488,2964,1407,1557
17300,107145,11629,51552,7152,95516,2965,1408,1557
17305,107176,11632,51568,7155,95543,2966,1409,1557
17310,107207,11636,51587,7159,95571,2967,1409,1558
17315,107238,11640,51601,7160,95597,2968,1410,1558
17320,107269,11643,51616,7162,95626,2969,1411,1558
17325,107300,11645,51631,7162,95655,2970,1412,1558
17330,107331,11647,51642,7162,95684,2971,1412,1559
17335,107362,11649,51657,7162,95713,2972,1412,1560
17340,107393,11651,51677,7164,95742,2973,1413,1560
17345,107424,11652,51693,7165,95772,2974,1414,1560
17350,107455,11653,51708,7166,95801,2975,1415,1560
17355,107486,11654,51719,7166,95832,2976,1416,1560
17360,107517,11655,51729,7167,95862,2977,1416,1561
17365,107548,11656,51745,7167,95892,2978,1417,1561
17370,107579,11658,51762,7168,95921,2979,1418,1561
17375,107610,11660,51780,7169,95950,2980,1419,1561
17380,107641,11662,51794,7170,95979,2981,1420,1561
17385,107672,11664,51807,7171,96008,2982,1420,1562
17390,107703,11666,51820,7173,96037,2983,1420,1563
17395,107734,11669,51836,7174,96062,2984,1421,1563
17400,107765,11672,51850,7176,96091,2985,1422,1563
17405,107796,11675,51864,7177,96119,2986,1423,1563
17410,107827,11678,51879,7180,96149,2987,1424,1563
17415,107858,11680,51892,7180,96178,2988,1425,1563
17420,107889,11682,51904,7180,96207,2989,1426,1563
17425,107920,11686,51920,7183,96233,2990,1426,1564
17430,107951,11691,51935,7187,96258,2991,1426,1565
17435,107982,11696,51952,7190,96283,2992,1426,1566
17440,108013,11702,51966,7195,96310,2993,1427,1566
17445,108044,11706,51976,7198,96338,2994,1427,1567
17450,108075,11711,51990,7201,96363,2995,1428,1567
17455,108106,11714,51999,7202,96391,2996,1428,1568
17460,108137,11717,52015,7203,96418,2997,1428,1569
17465,108168,11721,52030,7206,96445,2998,1428,1570
17470,108199,11725,52045,7208,96474,2999,1428,1571
17475,108230,11728,52068,7209,96501,3000,1428,1572
17480,108261,11732,52084,7211,96528,3001,1428,1573
17485,108292,11736,52098,7215,96556,3002,1429,1573
17490,108323,11739,52113,7217,96584,3003,1429,1574
17495,108354,11742,52126,7219,96612,3004,1430,1574
17500,108385,11745,52137,7220,96639,3005,1431,1574
17505,108416,11749,52152,7223,96663,3006,1432,1574
17510,108447,11754,52162,7226,96691,3007,1432,1575
17515,108478,11759,52183,7230,96716,3008,1433,1575
17520,108509,11766,52200,7234,96743,3009,1434,1575
17525,108540,11768,52211,7235,96772,3010,1434,1576
17530,108571,11770,52224,7236,96800,3011,1435,1576
17535,108602,11772,52240,7236,96829,3012,1435,1577
17540,108633,11774,52255,7237,96859,3013,1436,1577
17545,108664,11776,52272,7238,96888,3014,1437,1577
17550,108695,11778,52288,7240,96917,3015,1438,1577
17555,108726,11780,52302,7241,96946,3016,1438,1578
17560,108757,11783,52320,7243,96973,3017,1439,1578
17565,108788,11786,52340,7246,97002,3018,1440,1578
17570,108819,11790,52355,7248,97026,3019,1441,1578
17575,108850,11795,52375,7251,97052,3020,1441,1579
17580,108881,11800,52391,7256,97080,3021,1441,1580
17585,108912,11804,52405,7259,97106,3022,1442,1580
17590,108943,11807,52418,7260,97135,3023,1443,1580
17595,108974,11812,52431,7264,97162,3024,1444,1580
17600,109005,11816,52444,7267,97188,3025,1444,1581
17605,109036,11819,52457,7267,97216,3026,1444,1582
17610,109067,11823,52469,7269,97244,3027,1445,1582
17615,109098,11827,52485,7271,97270,3028,1446,1582
17620,109129,11831,52499,7274,97297,3029,1447,1582
17625,109160,11834,52517,7276,97326,3030,1447,1583
17630,109191,11837,52535,7278,97354,3031,1447,1584
17635,109222,11840,52550,7280,97382,3032,1447,1585
17640,109253,11843,52565,7282,97409,3033,1448,1585
17645,109284,11846,52578,7283,97438,3034,1448,1586
17650,109315,11849,52591,7284,97465,3035,1449,1586
17655,109346,11852,52598,7284,97494,3036,1449,1587
17660,109377,11855,52613,7286,97521,3037,1450,1587
17665,109408,11858,52627,7289,97550,3038,1451,1587
17670,109439,11861,52643,7292,97578,3039,1452,1587
17675,109470,11864,52655,7294,97606,3040,1452,1588
17680,109501,11867,52667,7296,97634,3041,1452,1589
17685,109532,11870,52685,7298,97662,3042,1453,1589
17690,109563,11874,52698,7300,97688,3043,1453,1590
17695,109594,11879,52721,7305,97714,3044,1454,1590
17700,109625,11883,52734,7307,97741,3045,1455,1590
17705,109656,11887,52751,7308,97768,3046,1455,1591
17710,109687,11894,52766,7314,97790,3047,1455,1592
17715,109718,11900,52779,7319,97817,3048,1455,1593
17720,109749,11902,52796,7319,97846,3049,1455,1594
17725,109780,11904,52816,7319,97874,3050,1455,1595
17730,109811,11907,52838,7320,97904,3051,1456,1595
17735,109842,11910,52854,7320,97932,3052,1457,1595
17740,109873,11913,52873,7322,97959,3053,1457,1596
17745,109904,11916,52885,7323,97988,3054,1457,1597
17750,109935,11919,52898,7323,98016,3055,1458,1597
17755,109966,11922,52911,7325,98044,3056,1458,1598
17760,109997,11926,52933,7329,98070,3057,1459,1598
17765,110028,11929,52953,7331,98098,3057,1459,1598
17770,110059,11932,52964,7331,98127,3057,1459,1598
17775,110090,11935,52977,7332,98154,3057,1459,1598
17780,110121,11938,52998,7334,98182,3057,1459,1598
17785,110152,11941,53014,7336,98210,3057,1459,1598
17790,110183,11946,53031,7340,98236,3057,1459,1598
17795,110214,11952,53044,7343,98262,3057,1459,1598
17800,110245,11957,53063,7347,98288,3057,1459,1598
17805,110276,11962,53077,7350,98314,3057,1459,1598
17810,110307,11967,53097,7354,98340,3057,1459,1598
17815,110338,11969,53115,7355,98369,3057,1459,1598
17820,110369,11971,53134,7357,98397,3057,1459,1598
17825,110400,11975,53152,7359,98424,3057,1459,1598
17830,110431,11979,53169,7361,98452,3057,1459,1598
17835,110462,11983,53186,7364,98479,3057,1459,1598
17840,110493,11986,53202,7365,98507,3057,1459,1598
17845,110524,11992,53216,7370,98531,3057,1459,1598
17850,110555,11997,53224,7372,98557,3057,1459,1598
17855,110586,12002,53237,7376,98584,3057,1459,1598
17860,110617,12006,53251,7379,98609,3057,1459,1598
17865,110648,12011,53261,7382,98637,3058,1459,1599
17870,110679,12013,53278,7384,98665,3059,1459,1600
17875,110710,12015,53295,7384,98695,3060,1459,1601
17880,110741,12017,53309,7385,98724,3061,1459,1602
17885,110772,12019,53323,7386,98752,3062,1459,1603
17890,110803,12021,53338,7387,98782,3063,1460,1603
17895,110834,12023,53357,7389,98810,3064,1460,1604
17900,110865,12025,53373,7390,98840,3065,1461,1604
17905,110896,12027,53389,7390,98869,3066,1462,1604
17910,110927,12029,53403,7392,98897,3067,1463,1604
17915,110958,12031,53418,7393,98927,3068,1463,1605
17920,110989,12034,53438,7395,98955,3069,1464,1605
17925,111020,12037,53452,7396,98982,3070,1464,1606
17930,111051,12040,53465,7398,99010,3071,1464,1607
17935,111082,12044,53476,7400,99037,3072,1464,1608
17940,111113,12048,53491,7401,99064,3073,1464,1609
17945,111144,12051,53499,7401,99092,3074,1464,1610
17950,111175,12055,53519,7403,99120,3075,1465,1610
17955,111206,12058,53538,7404,99148,3076,1465,1611
17960,111237,12062,53556,7406,99175,3077,1465,1612
17965,111268,12065,53568,7407,99203,3078,1465,1613
17970,111299,12069,53582,7408,99229,3079,1466,1613
17975,111330,12076,53595,7411,99253,3080,1466,1614
17980,111361,12084,53610,7418,99277,3081,1466,1615
17985,111392,12090,53627,7423,99300,3082,1467,1615
17990,111423,12099,53639,7429,99322,3083,1467,1616
17995,111454,12106,53652,7434,99347,3084,1468,1616
18000,111485,12110,53665,7437,99374,3085,1468,1617
18005,111516,12114,53680,7440,99402,3086,1468,1618
18010,111547,12116,53691,7442,99430,3087,1468,1619
18015,111578,12118,53705,7444,99460,3088,1469,1619
18020,111609,12119,53723,7445,99490,3089,1469,1620
18025,111640,12120,53737,7446,99520,3090,1469,1621
18030,111671,12121,53754,7446,99550,3091,1469,1622
18035,111702,12122,53775,7447,99579,3092,1470,1622
18040,111733,12123,53789,7447,99610,3093,1470,1623
18045,111764,12124,53805,7447,99640,3094,1471,1623
18050,111795,12125,53823,7447,99669,3095,1471,1624
18055,111826,12126,53837,7447,99700,3096,1472,1624
18060,111857,12127,53853,7447,99730,3097,1473,1624
18065,111888,12128,53870,7448,99760,3098,1474,1624
18070,111919,12129,53881,7449,99790,3099,1475,1624
18075,111950,12130,53895,7449,99819,3100,1476,1624
18080,111981,12131,53905,7449,99849,3101,1477,1624
18085,112012,12132,53927,7450,99879,3102,1477,1625
18090,112043,12133,53938,7451,99910,3103,1477,1626
18095,112074,12134,53954,7451,99940,3104,1477,1627
18100,112105,12135,53968,7451,99970,3105,1477,1628
18105,112136,12136,53983,7451,100000,3106,1478,1628
18110,112167,12139,53993,7451,100028,3107,1478,1629
18115,112198,12142,54010,7451,100056,3108,1478,1630
18120,112229,12145,54026,7453,100084,3109,1479,1630
18125,112260,12149,54043,7455,100110,3110,1480,1630
18130,112291,12155,54056,7458,100135,3111,1480,1631
18135,112322,12160,54072,7462,100162,3112,1480,1632
18140,112353,12164,54088,7464,100187,3113,1480,1633
18145,112384,12171,54099,7467,100212,3114,1480,1634
18150,112415,12176,54113,7470,100239,3115,1481,1634
18155,112446,12180,54130,7473,100265,3116,1481,1635
18160,112477,12185,54147,7477,100291,3117,1482,1635
18165,112508,12191,54160,7481,100316,3118,1483,1635
18170,112539,12197,54169,7486,100341,3119,1484,1635
18175,112570,12204,54187,7491,100362,3120,1484,1636
18180,112601,12214,54201,7499,100385,3121,1484,1637
18185,112632,12221,54217,7506,100410,3122,1485,1637
18190,112663,12222,54231,7506,100440,3123,1485,1638
18195,112694,12223,54247,7507,100471,3124,1485,1639
18200,112725,12224,54263,7507,100501,3125,1486,1639
18205,112756,12225,54277,7507,100531,3126,1487,1639
18210,112787,12226,54294,7507,100560,3127,1487,1640
18215,112818,12227,54305,7508,100591,3128,1487,1641
18220,112849,12228,54319,7509,100621,3129,1487,1642
18225,112880,12229,54334,7509,100651,3130,1488,1642
18230,112911,12230,54345,7509,100681,3131,1488,1643
18235,112942,12231,54357,7510,100711,3132,1488,1644
18240,112973,12232,54371,7510,100741,3133,1489,1644
18245,113004,12233,54393,7510,100771,3134,1490,1644
18250,113035,12234,54406,7511,100801,3135,1490,1645
18255,113066,12235,54417,7512,100831,3136,1490,1646
18260,113097,12236,54432,7513,100861,3137,1491,1646
18265,113128,12237,54446,7513,100891,3138,1491,1647
18270,113159,12238,54461,7513,100921,3139,1492,1647
18275,113190,12239,54474,7513,100951,3140,1493,1647
18280,113221,12240,54487,7513,100981,3141,1493,1648
18285,113252,12241,54501,7513,101011,3142,1493,1649
18290,113283,12243,54521,7514,101040,3143,1494,1649
18295,113314,12248,54539,7517,101065,3144,1495,1649
18300,113345,12254,54555,7521,101090,3145,1495,1650
18305,113376,12259,54569,7524,101115,3145,1495,1650
18310,113407,12265,54586,7527,101140,3145,1495,1650
18315,113438,12273,54603,7533,101163,3145,1495,1650
18320,113469,12280,54616,7539,101188,3145,1495,1650
18325,113500,12285,54628,7542,101214,3145,1495,1650
18330,113531,12291,54641,7545,101239,3145,1495,1650
18335,113562,12296,54659,7549,101266,3145,1495,1650
18340,113593,12299,54670,7551,101293,3145,1495,1650
18345,113624,12302,54689,7553,101320,3145,1495,1650
18350,113655,12305,54701,7555,101348,3145,1495,1650
18355,113686,12308,54714,7556,101376,3145,1495,1650
18360,113717,12312,54735,7558,101402,3145,1495,1650
18365,113748,12319,54748,7562,101427,3145,1495,1650
18370,113779,12323,54762,7564,101455,3145,1495,1650
18375,113810,12325,54777,7564,101485,3145,1495,1650
18380,113841,12327,54790,7564,101514,3145,1495,1650
18385,113872,12329,54805,7565,101543,3145,1495,1650
18390,113903,12331,54819,7566,101571,3145,1495,1650
18395,113934,12333,54837,7567,101601,3145,1495,1650
18400,113965,12335,54853,7567,101630,3145,1495,1650
18405,113996,12337,54864,7567,101659,3146,1496,1650
18410,114027,12339,54875,7569,101688,3147,1496,1651
18415,114058,12341,54894,7570,101717,3148,1497,1651
18420,114089,12343,54905,7571,101746,3149,1497,1652
18425,114120,12345,54917,7571,101775,3150,1497,1653
18430,114151,12347,54931,7572,101804,3151,1497,1654
18435,114182,12349,54944,7573,101832,3152,1498,1654
18440,114213,12354,54955,7576,101859,3153,1498,1655
18445,114244,12358,54971,7578,101886,3154,1499,1655
18450,114275,12362,54987,7580,101912,3155,1499,1656
18455,114306,12366,55000,7583,101940,3156,1499,1657
18460,114337,12369,55015,7585,101968,3157,1500,1657
18465,114368,12373,55027,7587,101994,3158,1500,1658
18470,114399,12382,55043,7595,102015,3159,1500,1659
18475,114430,12390,55062,7602,102040,3160,1501,1659
18480,114461,12394,55079,7606,102066,3161,1502,1659
18485,114492,12398,55093,7608,102093,3162,1502,1660
18490,114523,12403,55107,7611,102120,3163,1503,1660
18495,114554,12407,55119,7614,102147,3164,1503,1661
18500,114585,12413,55136,7619,102170,3165,1504,1661
18505,114616,12418,55152,7621,102197,3166,1505,1661
18510,114647,12422,55166,7624,102225,3167,1506,1661
18515,114678,12424,55185,7625,102253,3168,1506,1662
18520,114709,12426,55199,7625,102283,3169,1507,1662
18525,114740,12428,55213,7625,102311,3170,1507,1663
18530,114771,12430,55229,7626,102341,3171,1507,1664
18535,114802,12432,55247,7627,102368,3172,1507,1665
18540,114833,12434,55259,7629,102398,3173,1507,1666
18545,114864,12436,55275,7630,102427,3174,1508,1666
18550,114895,12438,55290,7632,102457,3175,1509,1666
18555,114926,12440,55305,7634,102486,3176,1509,1667
18560,114957,12442,55323,7635,102515,3177,1509,1668
18565,114988,12444,55334,7637,102544,3178,1510,1668
18570,115019,12446,55347,7639,102573,3179,1511,1668
18575,115050,12448,55364,7641,102602,3180,1512,1668
18580,115081,12450,55378,7642,102631,3181,1513,1668
18585,115112,12453,55392,7644,102659,3182,1513,1669
18590,115143,12456,55408,7646,102686,3183,1514,1669
18595,115174,12460,55423,7648,102713,3184,1515,1669
18600,115205,12464,55440,7650,102740,3185,1516,1669
18605,115236,12469,55455,7653,102765,3186,1516,1670
18610,115267,12475,55471,7657,102791,3187,1517,1670
18615,115298,12481,55483,7661,102816,3188,1517,1671
18620,115329,12488,55495,7667,102839,3189,1517,1672
18625,115360,12495,55510,7672,102863,3190,1518,1672
18630,115391,12500,55523,7675,102890,3191,1518,1673
18635,115422,12503,55536,7677,102918,3192,1518,1674
18640,115453,12507,55552,7679,102946,3193,1519,1674
18645,115484,12512,55567,7683,102972,3194,1519,1675
18650,115515,12517,55584,7686,102997,3195,1520,1675
18655,115546,12522,55600,7689,103023,3196,1520,1676
18660,115577,12527,55611,7691,103049,3197,1521,1676
18665,115608,12529,55626,7693,103079,3198,1522,1676
18670,115639,12531,55642,7693,103108,3199,1522,1677
18675,115670,12533,55660,7695,103136,3200,1523,1677
18680,115701,12535,55676,7697,103166,3201,1524,1677
18685,115732,12537,55689,7697,103194,3202,1525,1677
18690,115763,12539,55702,7698,103222,3203,1525,1678
18695,115794,12541,55716,7699,103251,3204,1526,1678
18700,115825,12543,55731,7700,103282,3205,1526,1679
18705,115856,12545,55748,7702,103311,3206,1526,1680
18710,115887,12547,55760,7702,103340,3207,1526,1681
18715,115918,12549,55780,7703,103369,3208,1526,1682
18720,115949,12551,55793,7703,103398,3209,1526,1683
18725,115980,12553,55813,7704,103426,3210,1527,1683
18730,116011,12555,55829,7705,103455,3211,1528,1683
18735,116042,12558,55840,7706,103483,3212,1528,1684
18740,116073,12561,55860,7708,103510,3213,1528,1685
18745,116104,12565,55879,7711,103537,3214,1529,1685
18750,116135,12570,55896,7714,103564,3215,1530,1685
18755,116166,12575,55908,7716,103591,3216,1531,1685
18760,116197,12580,55924,7721,103616,3217,1532,1685
18765,116228,12588,55944,7726,103638,3218,1533,1685
18770,116259,12595,55960,7730,103663,3219,1534,1685
18775,116290,12600,55974,7732,103689,3220,1534,1686
18780,116321,12604,55991,7734,103717,3221,1534,1687
18785,116352,12607,56004,7736,103745,3222,1535,1687
18790,116383,12610,56018,7737,103773,3223,1535,1688
18795,116414,12613,56034,7738,103801,3224,1535,1689
18800,116445,12616,56050,7740,103829,3225,1535,1690
18805,116476,12619,56066,7741,103857,3226,1535,1691
18810,116507,12622,56081,7742,103885,3227,1535,1692
18815,116538,12626,56096,7745,103912,3228,1536,1692
18820,116569,12631,56110,7748,103938,3229,1536,1693
18825,116600,12634,56123,7749,103966,3230,1536,1694
18830,116631,12637,56137,7751,103994,3231,1537,1694
18835,116662,12642,56155,7754,104019,3232,1538,1694
18840,116693,12646,56168,7755,104047,3233,1539,1694
18845,116724,12650,56178,7757,104074,3234,1539,1695
18850,116755,12653,56191,7760,104101,3235,1539,1696
18855,116786,12659,56205,7763,104126,3236,1539,1697
18860,116817,12663,56220,7765,104153,3237,1540,1697
18865,116848,12665,56232,7765,104182,3238,1541,1697
18870,116879,12667,56245,7767,104211,3239,1541,1698
18875,116910,12669,56260,7769,104239,3240,1541,1699
18880,116941,12671,56276,7769,104269,3241,1541,1700
18885,116972,12674,56286,7769,104298,3242,1541,1701
18890,117003,12678,56300,7771,104325,3243,1542,1701
18895,117034,12682,56315,7773,104350,3244,1543,1701
18900,117065,12688,56329,7778,104374,3245,1543,1702
18905,117096,12695,56344,7784,104401,3245,1543,1702
18910,117127,12700,56361,7788,104427,3245,1543,1702
18915,117158,12705,56377,7791,104453,3245,1543,1702
18920,117189,12707,56393,7792,104482,3245,1543,1702
18925,117220,12709,56408,7794,104511,3245,1543,1702
18930,117251,12711,56423,7796,104540,3245,1543,1702
18935,117282,12713,56438,7797,104569,3245,1543,1702
18940,117313,12715,56453,7797,104598,3245,1543,1702
18945,117344,12717,56467,7798,104627,3245,1543,1702
18950,117375,12719,56484,7799,104656,3245,1543,1702
18955,117406,12721,56499,7799,104685,3245,1543,1702
18960,117437,12723,56520,7800,104714,3245,1543,1702
18965,117468,12724,56532,7800,104744,3245,1543,1702
18970,117499,12726,56547,7802,104773,3245,1543,1702
18975,117530,12728,56561,7803,104802,3245,1543,1702
18980,117561,12730,56578,7804,104831,3245,1543,1702
18985,117592,12732,56592,7804,104860,3245,1543,1702
18990,117623,12734,56609,7806,104889,3245,1543,1702
18995,117654,12736,56623,7807,104917,3245,1543,1702
19000,117685,12739,56638,7809,104946,3245,1543,1702
19005,117716,12742,56655,7812,104974,3246,1543,1703
19010,117747,12745,56670,7814,105002,3247,1543,1704
19015,117778,12747,56681,7814,105031,3248,1543,1705
19020,117809,12751,56690,7817,105058,3249,1543,1706
19025,117840,12754,56703,7819,105086,3250,1543,1707
19030,117871,12758,56716,7821,105112,3251,1544,1707
19035,117902,12764,56734,7825,105135,3252,1545,1707
19040,117933,12772,56745,7830,105157,3253,1545,1708
19045,117964,12778,56763,7835,105183,3254,1545,1709
19050,117995,12783,56778,7840,105209,3255,1546,1709
19055,118026,12789,56789,7844,105235,3256,1546,1710
19060,118057,12792,56803,7846,105264,3257,1546,1711
19065,118088,12793,56816,7847,105295,3258,1547,1711
19070,118119,12795,56831,7847,105324,3259,1547,1712
19075,118150,12797,56846,7848,105353,3260,1547,1713
19080,118181,12799,56863,7850,105381,3261,1548,1713
19085,118212,12800,56880,7851,105412,3262,1548,1714
19090,118243,12801,56898,7852,105442,3263,1548,1715
19095,118274,12802,56911,7852,105472,3264,1549,1715
19100,118305,12803,56923,7852,105502,3265,1549,1716
19105,118336,12804,56941,7852,105532,3266,1550,1716
19110,118367,12805,56956,7853,105562,3267,1551,1716
19115,118398,12806,56972,7853,105592,3268,1552,1716
19120,118429,12807,56987,7853,105622,3269,1552,1717
19125,118460,12808,56999,7853,105652,3270,1552,1718
19130,118491,12809,57019,7854,105681,3271,1552,1719
19135,118522,12810,57038,7855,105712,3272,1552,1720
19140,118553,12811,57054,7856,105741,3273,1552,1721
19145,118584,12812,57072,7857,105771,3274,1552,1722
19150,118615,12814,57091,7858,105801,3275,1553,1722
19155,118646,12816,57106,7858,105830,3276,1554,1722
19160,118677,12818,57123,7860,105859,3277,1555,1722
19165,118708,12821,57140,7863,105885,3278,1556,1722
19170,118739,12826,57154,7867,105912,3279,1557,1722
19175,118770,12830,57168,7869,105938,3280,1558,1722
19180,118801,12836,57189,7875,105963,3281,1559,1722
19185,118832,12842,57204,7880,105988,3282,1559,1723
19190,118863,12850,57222,7886,106011,3283,1560,1723
19195,118894,12858,57235,7890,106034,3284,1560,1724
19200,118925,12863,57256,7894,106060,3285,1561,1724
19205,118956,12866,57275,7897,106088,3286,1561,1725
19210,118987,12870,57293,7899,106116,3287,1562,1725
19215,119018,12873,57309,7900,106145,3288,1563,1725
19220,119049,12876,57323,7900,106173,3289,1564,1725
19225,119080,12879,57339,7900,106201,3290,1564,1726
19230,119111,12882,57348,7900,106229,3291,1564,1727
19235,119142,12885,57366,7902,106257,3292,1564,1728
19240,119173,12889,57376,7906,106284,3293,1564,1729
19245,119204,12892,57395,7906,106309,3294,1565,1729
19250,119235,12901,57413,7913,106332,3295,1566,1729
19255,119266,12905,57424,7916,106361,3296,1566,1730
19260,119297,12907,57437,7918,106390,3297,1566,1731
19265,119328,12909,57452,7920,106418,3298,1566,1732
19270,119359,12911,57462,7920,106448,3299,1566,1733
19275,119390,12913,57477,7921,106477,3300,1567,1733
19280,119421,12915,57490,7922,106506,3301,1567,1734
19285,119452,12917,57506,7923,106535,3302,1568,1734
19290,119483,12919,57523,7924,106564,3303,1569,1734
19295,119514,12921,57539,7926,106591,3304,1569,1735
19300,119545,12923,57553,7927,106621,3305,1569,1736
19305,119576,12927,57569,7928,106648,3306,1569,1737
19310,119607,12930,57578,7930,106676,3307,1569,1738
19315,119638,12935,57588,7933,106703,3308,1569,1739
19320,119669,12940,57599,7935,106729,3309,1570,1739
19325,119700,12945,57618,7940,106755,3310,1570,1740
19330,119731,12948,57628,7942,106783,3311,1571,1740
19335,119762,12952,57645,7945,106810,3312,1572,1740
19340,119793,12957,57658,7948,106836,3313,1573,1740
19345,119824,12961,57673,7950,106863,3314,1574,1740
19350,119855,12965,57690,7952,106890,3315,1575,1740
19355,119886,12968,57703,7954,106918,3316,1576,1740
19360,119917,12970,57716,7954,106945,3317,1576,1741
19365,119948,12974,57730,7955,106974,3318,1577,1741
19370,119979,12977,57749,7956,107001,3319,1577,1742
19375,120010,12981,57763,7959,107029,3320,1577,1743
19380,120041,12984,57782,7961,107056,3321,1578,1743
19385,120072,12988,57802,7964,107084,3322,1578,1744
19390,120103,12991,57819,7965,107111,3323,1578,1745
19395,120134,12994,57829,7965,107138,3324,1579,1745
19400,120165,12998,57842,7967,107165,3325,1580,1745
19405,120196,13002,57852,7970,107194,3326,1580,1746
19410,120227,13005,57870,7973,107221,3327,1581,1746
19415,120258,13008,57882,7975,107250,3328,1581,1747
19420,120289,13012,57899,7976,107276,3329,1581,1748
19425,120320,13016,57912,7979,107303,3330,1581,1749
19430,120351,13022,57927,7983,107328,3331,1581,1750
19435,120382,13027,57938,7988,107354,3332,1581,1751
19440,120413,13032,57950,7992,107381,3333,1581,1752
19445,120444,13034,57968,7994,107409,3334,1582,1752
19450,120475,13036,57982,7995,107439,3335,1583,1752
19455,120506,13038,58001,7996,107467,3336,1584,1752
19460,120537,13042,58016,7999,107492,3337,1584,1753
19465,120568,13048,58028,8003,107518,3338,1584,1754
19470,120599,13052,58046,8006,107546,3339,1584,1755
19475,120630,13056,58058,8007,107573,3340,1584,1756
19480,120661,13060,58067,8009,107600,3341,1584,1757
19485,120692,13063,58074,8011,107628,3342,1585,1757
19490,120723,13067,58091,8013,107655,3343,1586,1757
19495,120754,13071,58100,8014,107683,3344,1586,1758
19500,120785,13075,58115,8016,107710,3345,1587,1758
19505,120816,13080,58126,8018,107736,3345,1587,1758
19510,120847,13083,58138,8020,107764,3345,1587,1758
19515,120878,13085,58154,8022,107793,3345,1587,1758
19520,120909,13087,58171,8022,107822,3345,1587,1758
19525,120940,13089,58186,8022,107850,3345,1587,1758
19530,120971,13091,58196,8023,107879,3345,1587,1758
19535,121002,13093,58215,8025,107909,3345,1587,1758
19540,121033,13095,58228,8026,107937,3345,1587,1758
19545,121064,13097,58239,8027,107967,3345,1587,1758
19550,121095,13100,58254,8029,107995,3345,1587,1758
19555,121126,13103,58271,8030,108023,3345,1587,1758
19560,121157,13106,58284,8031,108051,3345,1587,1758
19565,121188,13109,58297,8032,108079,3345,1587,1758
19570,121219,13112,58307,8032,108107,3345,1587,1758
19575,121250,13115,58322,8034,108135,3345,1587,1758
19580,121281,13120,58338,8038,108161,3345,1587,1758
19585,121312,13124,58358,8040,108187,3345,1587,1758
19590,121343,13129,58371,8044,108214,3345,1587,1758
19595,121374,13134,58388,8048,108239,3345,1587,1758
19600,121405,13140,58400,8052,108263,3345,1587,1758
19605,121436,13146,58419,8058,108288,3346,1588,1758
19610,121467,13148,58432,8058,108319,3347,1588,1759
19615,121498,13152,58447,8061,108345,3348,1588,1760
19620,121529,13157,58466,8064,108372,3349,1589,1760
19625,121560,13162,58484,8068,108396,3350,1590,1760
19630,121591,13168,58494,8071,108421,3351,1590,1761
19635,121622,13173,58510,8076,108449,3352,1591,1761
19640,121653,13176,58524,8077,108477,3353,1592,1761
19645,121684,13180,58540,8079,108503,3354,1592,1762
19650,121715,13183,58557,8080,108531,3355,1593,1762
19655,121746,13186,58567,8081,108560,3356,1594,1762
19660,121777,13190,58580,8083,108587,3357,1594,1763
19665,121808,13192,58598,8084,108615,3358,1594,1764
19670,121839,13194,58612,8085,108644,3359,1595,1764
19675,121870,13196,58625,8085,108674,3360,1596,1764
19680,121901,13198,58641,8086,108703,3361,1596,1765
19685,121932,13200,58657,8088,108732,3362,1596,1766
19690,121963,13202,58678,8089,108761,3363,1597,1766
19695,121994,13204,58695,8091,108790,3364,1598,1766
19700,122025,13206,58708,8092,108819,3365,1598,1767
19705,122056,13208,58720,8092,108848,3366,1599,1767
19710,122087,13211,58737,8094,108873,3367,1600,1767
19715,122118,13216,58750,8096,108901,3368,1600,1768
19720,122149,13219,58767,8097,108930,3369,1601,1768
19725,122180,13224,58783,8101,108953,3370,1601,1769
19730,122211,13230,58797,8104,108979,3371,1601,1770
19735,122242,13237,58812,8110,109003,3372,1602,1770
19740,122273,13243,58830,8116,109028,3373,1603,1770
19745,122304,13245,58842,8117,109059,3374,1604,1770
19750,122335,13247,58853,8119,109088,3375,1605,1770
19755,122366,13249,58867,8120,109116,3376,1605,1771
19760,122397,13251,58883,8121,109146,3377,1606,1771
19765,122428,13253,58897,8123,109175,3378,1606,1772
19770,122459,13256,58914,8124,109203,3379,1607,1772
19775,122490,13261,58930,8127,109229,3380,1607,1773
19780,122521,13265,58943,8129,109256,3381,1607,1774
19785,122552,13269,58957,8131,109282,3382,1608,1774
19790,122583,13273,58972,8135,109307,3383,1608,1775
19795,122614,13277,58983,8138,109336,3384,1608,1776
19800,122645,13281,58997,8141,109364,3385,1609,1776
19805,122676,13284,59014,8143,109391,3386,1609,1777
19810,122707,13287,59030,8145,109419,3387,1609,1778
19815,122738,13291,59046,8148,109446,3388,1609,1779
19820,122769,13293,59060,8149,109476,3389,1610,1779
19825,122800,13294,59075,8150,109506,3390,1611,1779
19830,122831,13295,59091,8150,109535,3391,1612,1779
19835,122862,13296,59104,8150,109565,3392,1612,1780
19840,122893,13297,59126,8151,109595,3393,1612,1781
19845,122924,13298,59142,8151,109624,3394,1612,1782
19850,122955,13301,59162,8154,109650,3395,1613,1782
19855,122986,13304,59172,8156,109679,3396,1614,1782
19860,123017,13308,59189,8160,109705,3397,1615,1782
19865,123048,13314,59202,8165,109733,3398,1616,1782
19870,123079,13316,59216,8167,109761,3399,1616,1783
19875,123110,13319,59232,8170,109790,3400,1616,1784
19880,123141,13323,59247,8173,109816,3401,1617,1784
19885,123172,13328,59261,8178,109844,3402,1618,1784
19890,123203,13329,59276,8178,109874,3403,1618,1785
19895,123234,13330,59288,8178,109904,3404,1619,1785
19900,123265,13331,59305,8178,109934,3405,1620,1785
19905,123296,13332,59322,8179,109964,3406,1620,1786
19910,123327,13334,59344,8180,109993,3407,1621,1786
19915,123358,13336,59365,8182,110021,3408,1622,1786
19920,123389,13338,59383,8183,110051,3409,1623,1786
19925,123420,13340,59394,8183,110080,3410,1623,1787
19930,123451,13342,59405,8183,110109,3411,1624,1787
19935,123482,13344,59423,8185,110138,3412,1625,1787
19940,123513,13347,59440,8187,110166,3413,1626,1787
19945,123544,13349,59454,8187,110195,3414,1627,1787
19950,123575,13351,59469,8188,110224,3415,1628,1787
19955,123606,13354,59486,8190,110252,3416,1629,1787
19960,123637,13357,59502,8192,110280,3417,1630,1787
19965,123668,13361,59514,8194,110305,3418,1631,1787
19970,123699,13364,59528,8195,110334,3419,1631,1788
19975,123730,13369,59541,8198,110359,3420,1632,1788
19980,123761,13375,59561,8203,110385,3421,1633,1788
19985,123792,13376,59578,8204,110416,3422,1634,1788
19990,123823,13377,59588,8204,110446,3423,1635,1788
19995,123854,13378,59605,8205,110475,3424,1635,1789
20000,123885,13381,59619,8207,110503,3425,1635,1790
20005,123916,13383,59631,8207,110531,3426,1635,1791
20010,123947,13386,59644,8208,110561,3427,1635,1792
20015,123978,13388,59653,8208,110589,3428,1636,1792
20020,124009,13390,59665,8210,110618,3429,1637,1792
20025,124040,13394,59681,8213,110645,3430,1638,1792
20030,124071,13398,59695,8215,110672,3431,1639,1792
20035,124102,13402,59703,8216,110700,3432,1639,1793
20040,124133,13406,59718,8219,110726,3433,1639,1794
20045,124164,13410,59737,8222,110751,3434,1640,1794
20050,124195,13416,59753,8227,110778,3435,1641,1794
20055,124226,13419,59766,8229,110806,3436,1641,1795
20060,124257,13424,59789,8234,110832,3437,1642,1795
20065,124288,13427,59803,8237,110861,3438,1642,1796
20070,124319,13429,59815,8238,110890,3439,1643,1796
20075,124350,13431,59833,8240,110919,3440,1644,1796
20080,124381,13433,59847,8240,110947,3441,1645,1796
20085,124412,13435,59867,8241,110976,3442,1646,1796
20090,124443,13437,59882,8243,111005,3443,1646,1797
20095,124474,13440,59893,8244,111034,3444,1646,1798
20100,124505,13443,59904,8246,111062,3445,1646,1799
20105,124536,13446,59921,8248,111090,3445,1646,1799
20110,124567,13449,59935,8248,111118,3445,1646,1799
20115,124598,13452,59953,8251,111146,3445,1646,1799
20120,124629,13456,59970,8253,111173,3445,1646,1799
20125,124660,13459,59987,8256,111201,3445,1646,1799
20130,124691,13464,60003,8259,111227,3445,1646,1799
20135,124722,13468,60017,8260,111254,3445,1646,1799
20140,124753,13472,60029,8261,111281,3445,1646,1799
20145,124784,13476,60042,8263,111308,3445,1646,1799
20150,124815,13480,60058,8265,111334,3445,1646,1799
20155,124846,13484,60071,8267,111360,3445,1646,1799
20160,124877,13490,60086,8271,111385,3445,1646,1799
20165,124908,13492,60102,8272,111416,3445,1646,1799
20170,124939,13495,60116,8274,111444,3445,1646,1799
20175,124970,13498,60135,8275,111471,3445,1646,1799
20180,125001,13501,60153,8277,111499,3445,1646,1799
20185,125032,13504,60170,8278,111528,3445,1646,1799
20190,125063,13507,60183,8280,111556,3445,1646,1799
20195,125094,13510,60196,8283,111584,3445,1646,1799
20200,125125,13513,60216,8286,111612,3445,1646,1799
20205,125156,13516,60236,8288,111640,3446,1647,1799
20210,125187,13521,60251,8292,111666,3447,1648,1799
20215,125218,13526,60267,8295,111690,3448,1649,1799
20220,125249,13532,60282,8300,111716,3449,1650,1799
20225,125280,13537,60292,8303,111742,3450,1650,1800
20230,125311,13542,60305,8306,111769,3451,1651,1800
20235,125342,13547,60320,8308,111795,3452,1652,1800
20240,125373,13549,60336,8309,111824,3453,1653,1800
20245,125404,13551,60354,8309,111853,3454,1653,1801
20250,125435,13553,60367,8309,111882,3455,1653,1802
20255,125466,13555,60384,8310,111911,3456,1654,1802
20260,125497,13557,60399,8312,111939,3457,1655,1802
20265,125528,13560,60414,8312,111967,3458,1656,1802
20270,125559,13563,60427,8315,111996,3459,1657,1802
20275,125590,13566,60445,8318,112024,3460,1657,1803
20280,125621,13569,60460,8318,112052,3461,1657,1804
20285,125652,13572,60475,8320,112079,3462,1658,1804
20290,125683,13576,60491,8322,112106,3463,1659,1804
20295,125714,13579,60507,8324,112132,3464,1659,1805
20300,125745,13583,60523,8326,112161,3465,1660,1805
20305,125776,13586,60533,8327,112190,3466,1661,1805
20310,125807,13591,60548,8331,112215,3467,1662,1805
20315,125838,13594,60568,8333,112242,3468,1663,1805
20320,125869,13599,60583,8337,112269,3469,1663,1806
20325,125900,13604,60598,8342,112294,3470,1664,1806
20330,125931,13608,60615,8345,112321,3471,1664,1807
20335,125962,13613,60632,8349,112347,3472,1665,1807
20340,125993,13616,60650,8352,112374,3473,1666,1807
20345,126024,13620,60667,8356,112402,3474,1666,1808
20350,126055,13624,60684,8360,112429,3475,1666,1809
20355,126086,13629,60696,8364,112456,3476,1666,1810
20360,126117,13633,60709,8366,112484,3477,1666,1811
20365,126148,13637,60721,8369,112511,3478,1666,1812
20370,126179,13641,60735,8372,112537,3479,1666,1813
20375,126210,13645,60745,8374,112564,3480,1667,1813
20380,126241,13649,60759,8376,112591,3481,1667,1814
20385,126272,13653,60773,8379,112618,3482,1667,1815
20390,126303,13659,60789,8384,112644,3483,1667,1816
20395,126334,13663,60805,8387,112671,3484,1667,1817
20400,126365,13665,60821,8388,112700,3485,1667,1818
20405,126396,13667,60836,8389,112729,3486,1667,1819
20410,126427,13669,60848,8390,112758,3487,1667,1820
20415,126458,13671,60862,8391,112787,3488,1668,1820
20420,126489,13673,60873,8392,112816,3489,1669,1820
20425,126520,13675,60888,8393,112845,3490,1669,1821
20430,126551,13677,60902,8394,112873,3491,1669,1822
20435,126582,13679,60918,8396,112902,3492,1669,1823
20440,126613,13683,60933,8399,112929,3493,1670,1823
20445,126644,13689,60953,8404,112952,3494,1670,1824
20450,126675,13694,60970,8407,112979,3495,1671,1824
20455,126706,13699,60989,8410,113005,3496,1672,1824
20460,126737,13703,60999,8411,113034,3497,1673,1824
20465,126768,13707,61014,8414,113061,3498,1674,1824
20470,126799,13713,61030,8419,113086,3499,1675,1824
20475,126830,13717,61044,8422,113113,3500,1676,1824
20480,126861,13719,61061,8424,113142,3501,1676,1825
20485,126892,13721,61075,8426,113171,3502,1676,1826
20490,126923,13723,61094,8427,113200,3503,1677,1826
20495,126954,13725,61109,8428,113229,3504,1677,1827
20500,126985,13727,61120,8429,113258,3505,1678,1827
20505,127016,13730,61135,8430,113284,3506,1679,1827
20510,127047,13735,61151,8434,113310,3507,1679,1828
20515,127078,13740,61172,8438,113337,3508,1679,1829
20520,127109,13743,61191,8439,113365,3509,1679,1830
20525,127140,13748,61205,8444,113390,3510,1679,1831
20530,127171,13753,61221,8447,113416,3511,1679,1832
20535,127202,13759,61236,8451,113442,3512,1679,1833
20540,127233,13763,61250,8454,113470,3513,1680,1833
20545,127264,13767,61264,8456,113497,3514,1680,1834
20550,127295,13769,61277,8457,113525,3515,1680,1835
20555,127326,13771,61295,8458,113555,3516,1681,1835
20560,127357,13773,61312,8460,113584,3517,1681,1836
20565,127388,13775,61326,8462,113613,3518,1681,1837
20570,127419,13777,61341,8463,113639,3519,1681,1838
20575,127450,13779,61359,8464,113669,3520,1682,1838
20580,127481,13781,61372,8464,113698,3521,1683,1838
20585,127512,13786,61386,8467,113724,3522,1683,1839
20590,127543,13791,61396,8469,113750,3523,1684,1839
20595,127574,13796,61407,8472,113777,3524,1684,1840
20600,127605,13799,61426,8473,113806,3525,1684,1841
20605,127636,13802,61443,8476,113834,3526,1685,1841
20610,127667,13805,61460,8477,113862,3527,1686,1841
20615,127698,13809,61473,8478,113889,3528,1686,1842
20620,127729,13812,61485,8479,113917,3529,1686,1843
20625,127760,13816,61500,8480,113944,3530,1687,1843
20630,127791,13821,61517,8483,113970,3531,1687,1844
20635,127822,13825,61529,8485,113997,3532,1687,1845
20640,127853,13828,61545,8487,114025,3533,1687,1846
20645,127884,13833,61555,8490,114051,3534,1687,1847
20650,127915,13835,61567,8491,114079,3535,1687,1848
20655,127946,13839,61583,8494,114106,3536,1688,1848
20660,127977,13843,61597,8495,114133,3537,1689,1848
20665,128008,13847,61611,8496,114159,3538,1690,1848
20670,128039,13851,61627,8497,114186,3539,1690,1849
20675,128070,13855,61640,8499,114215,3540,1691,1849
20680,128101,13858,61656,8502,114242,3541,1692,1849
20685,128132,13861,61674,8503,114268,3542,1692,1850
20690,128163,13866,61685,8506,114294,3543,1693,1850
20695,128194,13872,61700,8511,114322,3544,1694,1850
20700,128225,13877,61709,8513,114347,3545,1694,1851
20705,128256,13881,61726,8516,114375,3545,1694,1851
20710,128287,13882,61742,8516,114405,3545,1694,1851
20715,128318,13883,61760,8517,114435,3545,1694,1851
20720,128349,13884,61773,8518,114465,3545,1694,1851
20725,128380,13885,61785,8519,114495,3545,1694,1851
20730,128411,13886,61803,8519,114525,3545,1694,1851
20735,128442,13887,61816,8519,114555,3545,1694,1851
20740,128473,13888,61833,8520,114585,3545,1694,1851
20745,128504,13889,61848,8520,114614,3545,1694,1851
20750,128535,13890,61863,8520,114642,3545,1694,1851
20755,128566,13896,61877,8524,114668,3545,1694,1851
20760,128597,13898,61890,8524,114698,3545,1694,1851
20765,128628,13900,61909,8525,114727,3545,1694,1851
20770,128659,13902,61919,8526,114757,3545,1694,1851
20775,128690,13904,61932,8526,114786,3545,1694,1851
20780,128721,13906,61948,8527,114815,3545,1694,1851
20785,128752,13909,61962,8528,114843,3545,1694,1851
20790,128783,13912,61978,8531,114871,3545,1694,1851
20795,128814,13915,61991,8534,114899,3545,1694,1851
20800,128845,13918,62008,8537,114927,3545,1694,1851
20805,128876,13921,62021,8538,114955,3546,1694,1852
20810,128907,13926,62042,8543,114981,3547,1695,1852
20815,128938,13932,62054,8546,115006,3548,1695,1853
20820,128969,13936,62072,8549,115033,3549,1696,1853
20825,129000,13938,62083,8549,115062,3550,1696,1854
20830,129031,13940,62099,8550,115091,3551,1697,1854
20835,129062,13942,62114,8551,115118,3552,1697,1855
20840,129093,13944,62134,8553,115149,3553,1698,1855
20845,129124,13946,62150,8554,115177,3554,1698,1856
20850,129155,13948,62161,8556,115207,3555,1699,1856
20855,129186,13950,62177,8557,115235,3556,1699,1857
20860,129217,13952,62188,8559,115263,3557,1699,1858
20865,129248,13955,62202,8560,115291,3558,1699,1859
20870,129279,13958,62218,8561,115318,3559,1700,1859
20875,129310,13965,62233,8567,115342,3560,1700,1860
20880,129341,13972,62242,8572,115368,3561,1700,1861
20885,129372,13974,62254,8573,115396,3562,1700,1862
20890,129403,13975,62268,8573,115427,3563,1700,1863
20895,129434,13976,62287,8573,115456,3564,1701,1863
20900,129465,13977,62303,8573,115488,3565,1701,1864
20905,129496,13978,62318,8573,115517,3566,1701,1865
20910,129527,13979,62327,8573,115548,3567,1701,1866
20915,129558,13980,62342,8574,115578,3568,1702,1866
20920,129589,13981,62356,8575,115608,3569,1703,1866
20925,129620,13983,62370,8577,115637,3570,1703,1867
20930,129651,13987,62382,8580,115664,3571,1703,1868
20935,129682,13991,62400,8582,115690,3572,1704,1868
20940,129713,13996,62420,8586,115716,3573,1704,1869
20945,129744,14001,62431,8590,115742,3574,1705,1869
20950,129775,14006,62447,8593,115768,3575,1706,1869
20955,129806,14011,62463,8597,115795,3576,1707,1869
20960,129837,14016,62477,8599,115820,3577,1708,1869
20965,129868,14018,62495,8600,115849,3578,1708,1870
20970,129899,14020,62510,8601,115878,3579,1709,1870
20975,129930,14022,62526,8601,115908,3580,1710,1870
20980,129961,14024,62544,8602,115937,3581,1711,1870
20985,129992,14026,62558,8604,115966,3582,1712,1870
20990,130023,14030,62578,8608,115993,3583,1713,1870
20995,130054,14035,62597,8612,116018,3584,1714,1870
21000,130085,14039,62612,8613,116045,3585,1715,1870
21005,130116,14046,62629,8619,116069,3586,1715,1871
21010,130147,14051,62642,8621,116094,3587,1715,1872
21015,130178,14057,62657,8625,116120,3588,1716,1872
21020,130209,14059,62675,8626,116149,3589,1716,1873
21025,130240,14061,62689,8627,116178,3590,1716,1874
21030,130271,14063,62704,8627,116207,3591,1717,1874
21035,130302,14065,62720,8629,116237,3592,1718,1874
21040,130333,14067,62735,8630,116265,3593,1719,1874
21045,130364,14069,62753,8631,116295,3594,1720,1874
21050,130395,14071,62766,8633,116323,3595,1720,1875
21055,130426,14073,62778,8635,116352,3596,1720,1876
21060,130457,14075,62791,8636,116382,3597,1720,1877
21065,130488,14077,62806,8638,116411,3598,1721,1877
21070,130519,14080,62826,8640,116439,3599,1722,1877
21075,130550,14084,62837,8641,116466,3600,1723,1877
21080,130581,14087,62849,8643,116494,3601,1723,1878
21085,130612,14090,62866,8644,116522,3602,1724,1878
21090,130643,14093,62881,8647,116550,3603,1724,1879
21095,130674,14096,62895,8648,116578,3604,1725,1879
21100,130705,14100,62913,8650,116604,3605,1725,1880
21105,130736,14105,62928,8654,116631,3606,1726,1880
21110,130767,14110,62948,8658,116656,3607,1726,1881
21115,130798,14114,62962,8660,116683,3608,1726,1882
21120,130829,14120,62977,8664,116708,3609,1726,1883
21125,130860,14126,62994,8667,116734,3610,1727,1883
21130,130891,14130,63010,8670,116761,3611,1727,1884
21135,130922,14133,63028,8673,116788,3612,1728,1884
21140,130953,14137,63045,8676,116816,3613,1729,1884
21145,130984,14145,63064,8682,116837,3614,1730,1884
21150,131015,14154,63074,8691,116860,3615,1730,1885
21155,131046,14158,63090,8694,116888,3616,1731,1885
21160,131077,14160,63103,8695,116917,3617,1731,1886
21165,131108,14162,63119,8695,116946,3618,1731,1887
21170,131139,14164,63137,8696,116975,3619,1732,1887
21175,131170,14166,63155,8697,117004,3620,1733,1887
21180,131201,14168,63170,8698,117033,3621,1734,1887
21185,131232,14170,63190,8698,117062,3622,1735,1887
21190,131263,14172,63205,8698,117091,3623,1736,1887
21195,131294,14174,63217,8698,117120,3624,1736,1888
21200,131325,14176,63233,8699,117149,3625,1737,1888
21205,131356,14178,63241,8699,117178,3626,1737,1889
21210,131387,14180,63257,8700,117207,3627,1738,1889
21215,131418,14182,63271,8701,117236,3628,1738,1890
21220,131449,14184,63292,8703,117265,3629,1739,1890
21225,131480,14186,63302,8703,117293,3630,1739,1891
21230,131511,14188,63313,8704,117323,3631,1739,1892
21235,131542,14190,63329,8705,117352,3632,1739,1893
21240,131573,14193,63344,8708,117380,3633,1739,1894
21245,131604,14196,63358,8710,117408,3633,1739,1894
21250,131635,14199,63369,8711,117436,3633,1739,1894
21255,131666,14202,63386,8712,117464,3633,1739,1894
21260,131697,14206,63400,8715,117491,3633,1739,1894
21265,131728,14211,63415,8717,117516,3633,1739,1894
21270,131759,14216,63429,8721,117543,3633,1739,1894
21275,131790,14221,63449,8726,117569,3633,1739,1894
21280,131821,14225,63465,8727,117595,3633,1739,1894
21285,131852,14231,63478,8730,117618,3633,1739,1894
21290,131883,14237,63496,8734,117643,3633,1739,1894
21295,131914,14243,63506,8737,117669,3633,1739,1894
21300,131945,14253,63523,8744,117691,3633,1739,1894
21305,131976,14262,63537,8752,117713,3633,1739,1894
21310,132007,14267,63550,8754,117739,3633,1739,1894
21315,132038,14272,63569,8758,117766,3633,1739,1894
21320,132069,14274,63585,8759,117795,3633,1739,1894
21325,132100,14276,63604,8761,117824,3633,1739,1894
21330,132131,14278,63618,8763,117853,3633,1739,1894
21335,132162,14280,63637,8765,117882,3633,1739,1894
21340,132193,14282,63652,8766,117911,3633,1739,1894
21345,132224,14284,63668,8767,117940,3634,1739,1895
21350,132255,14286,63682,8768,117969,3635,1740,1895
21355,132286,14288,63696,8769,117998,3636,1741,1895
21360,132317,14290,63711,8771,118027,3637,1741,1896
21365,132348,14292,63725,8771,118056,3638,1741,1897
21370,132379,14294,63741,8771,118085,3639,1741,1898
21375,132410,14296,63755,8771,118114,3640,1742,1898
21380,132441,14298,63770,8772,118143,3641,1742,1899
21385,132472,14300,63784,8773,118172,3642,1742,1900
21390,132503,14302,63799,8774,118200,3643,1742,1901
21395,132534,14304,63817,8776,118229,3644,1743,1901
21400,132565,14306,63830,8776,118258,3645,1743,1902
21405,132596,14308,63845,8777,118287,3646,1743,1903
21410,132627,14310,63861,8779,118317,3647,1744,1903
21415,132658,14313,63875,8781,118345,3648,1745,1903
21420,132689,14316,63889,8782,118372,3649,1745,1904
21425,132720,14319,63905,8785,118400,3650,1746,1904
21430,132751,14323,63925,8787,118427,3651,1746,1905
21435,132782,14328,63937,8790,118453,3652,1746,1906
21440,132813,14334,63953,8794,118478,3653,1747,1906
21445,132844,14340,63973,8798,118504,3654,1748,1906
21450,132875,14345,63992,8801,118529,3655,1748,1907
21455,132906,14350,64002,8802,118555,3656,1748,1908
21460,132937,14356,64020,8806,118581,3657,1748,1909
21465,132968,14362,64035,8809,118603,3658,1748,1910
21470,132999,14372,64043,8816,118626,3659,1748,1911
21475,133030,14376,64054,8817,118652,3660,1748,1912
21480,133061,14379,64071,8820,118682,3661,1748,1913
21485,133092,14382,64089,8822,118709,3662,1748,1914
21490,133123,14385,64108,8824,118736,3663,1749,1914
21495,133154,14389,64126,8827,118765,3664,1749,1915
21500,133185,14392,64143,8828,118793,3665,1750,1915
21505,133216,14395,64162,8828,118821,3666,1751,1915
21510,133247,14398,64176,8829,118849,3667,1752,1915
21515,133278,14402,64193,8831,118876,3668,1753,1915
21520,133309,14406,64204,8833,118903,3669,1753,1916
21525,133340,14411,64222,8837,118929,3670,1753,1917
21530,133371,14414,64237,8840,118957,3671,1754,1917
21535,133402,14418,64248,8842,118984,3672,1754,1918
21540,133433,14420,64259,8844,119013,3673,1754,1919
21545,133464,14422,64276,8846,119041,3674,1754,1920
21550,133495,14424,64289,8846,119070,3675,1754,1921
21555,133526,14426,64306,8848,119099,3676,1755,1921
21560,133557,14428,64321,8848,119129,3677,1756,1921
21565,133588,14430,64335,8850,119158,3678,1756,1922
21570,133619,14432,64350,8851,119186,3679,1756,1923
21575,133650,14434,64365,8853,119214,3680,1756,1924
21580,133681,14438,64383,8857,119243,3681,1757,1924
21585,133712,14441,64395,8857,119270,3682,1757,1925
21590,133743,14445,64413,8860,119298,3683,1757,1926
21595,133774,14448,64427,8862,119324,3684,1758,1926
21600,133805,14453,64444,8865,119351,3685,1759,1926
21605,133836,14457,64458,8868,119378,3686,1760,1926
21610,133867,14461,64467,8871,119406,3687,1761,1926
21615,133898,14468,64488,8878,119428,3688,1762,1926
21620,133929,14470,64502,8880,119458,3689,1762,1927
21625,133960,14471,64521,8880,119488,3690,1763,1927
21630,133991,14472,64530,8881,119519,3691,1763,1928
21635,134022,14473,64545,8881,119548,3692,1764,1928
21640,134053,14475,64560,8882,119577,3693,1764,1929
21645,134084,14477,64573,8883,119607,3694,1765,1929
21650,134115,14479,64587,8884,119636,3695,1766,1929
21655,134146,14481,64600,8884,119664,3696,1766,1930
21660,134177,14483,64615,8885,119693,3697,1766,1931
21665,134208,14485,64632,8886,119722,3698,1766,1932
21670,134239,14487,64644,8887,119752,3699,1766,1933
21675,134270,14489,64659,8889,119781,3700,1766,1934
21680,134301,14491,64672,8890,119809,3701,1767,1934
21685,134332,14493,64686,8891,119839,3702,1767,1935
21690,134363,14497,64702,8894,119865,3703,1767,1936
21695,134394,14502,64712,8898,119891,3704,1767,1937
21700,134425,14506,64727,8901,119919,3705,1767,1938
21705,134456,14509,64741,8903,119947,3706,1768,1938
21710,134487,14514,64753,8905,119973,3707,1768,1939
21715,134518,14518,64766,8907,120000,3708,1768,1940
21720,134549,14521,64778,8909,120026,3709,1768,1941
21725,134580,14524,64795,8911,120054,3710,1769,1941
21730,134611,14527,64807,8913,120083,3711,1770,1941
21735,134642,14530,64824,8915,120111,3712,1770,1942
21740,134673,14533,64837,8917,120140,3713,1770,1943
21745,134704,14535,64853,8917,120166,3714,1771,1943
21750,134735,14539,64870,8921,120194,3715,1772,1943
21755,134766,14542,64884,8923,120222,3716,1773,1943
21760,134797,14550,64900,8931,120245,3717,1773,1944
21765,134828,14553,64917,8933,120274,3718,1773,1945
21770,134859,14554,64931,8933,120304,3719,1773,1946
21775,134890,14555,64946,8933,120334,3720,1773,1947
21780,134921,14556,64962,8934,120365,3721,1773,1948
21785,134952,14557,64976,8934,120395,3721,1773,1948
21790,134983,14558,64993,8935,120424,3721,1773,1948
21795,135014,14559,65007,8936,120454,3721,1773,1948
21800,135045,14560,65024,8937,120485,3721,1773,1948
21805,135076,14561,65037,8938,120515,3721,1773,1948
21810,135107,14562,65055,8939,120545,3721,1773,1948
21815,135138,14563,65071,8939,120575,3721,1773,1948
21820,135169,14564,65084,8939,120605,3721,1773,1948
21825,135200,14566,65100,8940,120633,3721,1773,1948
21830,135231,14569,65109,8941,120662,3721,1773,1948
21835,135262,14572,65127,8941,120690,3721,1773,1948
21840,135293,14575,65140,8942,120718,3721,1773,1948
21845,135324,14578,65152,8943,120746,3721,1773,1948
21850,135355,14581,65169,8944,120774,3721,1773,1948
21855,135386,14584,65181,8944,120802,3721,1773,1948
21860,135417,14587,65200,8947,120830,3721,1773,1948
21865,135448,14590,65212,8949,120858,3721,1773,1948
21870,135479,14595,65228,8952,120882,3721,1773,1948
21875,135510,14603,65241,8958,120906,3721,1773,1948
21880,135541,14610,65257,8962,120929,3721,1773,1948
21885,135572,14616,65269,8965,120956,3722,1773,1949
21890,135603,14622,65282,8968,120980,3723,1774,1949
21895,135634,14628,65293,8971,121005,3724,1774,1950
21900,135665,14638,65307,8980,121026,3725,1774,1951
21905,135696,14647,65323,8987,121048,3726,1775,1951
21910,135727,14650,65338,8988,121077,3727,1776,1951
21915,135758,14652,65355,8990,121105,3728,1776,1952
21920,135789,14654,65371,8991,121134,3729,1777,1952
21925,135820,14656,65387,8993,121163,3730,1777,1953
21930,135851,14658,65408,8995,121192,3731,1778,1953
21935,135882,14660,65425,8996,121222,3732,1778,1954
21940,135913,14662,65440,8997,121250,3733,1779,1954
21945,135944,14664,65454,8999,121279,3734,1780,1954
21950,135975,14666,65468,9000,121307,3735,1781,1954
21955,136006,14668,65485,9001,121337,3736,1782,1954
21960,136037,14670,65501,9003,121365,3737,1782,1955
21965,136068,14672,65519,9004,121395,3738,1782,1956
21970,136099,14674,65535,9005,121425,3739,1783,1956
21975,136130,14676,65551,9005,121453,3740,1784,1956
21980,136161,14678,65567,9006,121482,3741,1785,1956
21985,136192,14680,65578,9007,121512,3742,1786,1956
21990,136223,14682,65592,9008,121541,3743,1787,1956
21995,136254,14684,65608,9008,121570,3744,1787,1957
22000,136285,14686,65621,9009,121599,3745,1787,1958
22005,136316,14688,65634,9010,121627,3746,1787,1959
22010,136347,14690,65653,9011,121657,3747,1788,1959
22015,136378,14692,65663,9011,121686,3748,1788,1960
22020,136409,14696,65681,9015,121712,3749,1789,1960
22025,136440,14700,65695,9016,121739,3750,1789,1961
22030,136471,14705,65709,9017,121764,3751,1789,1962
22035,136502,14710,65723,9020,121791,3752,1789,1963
22040,136533,14716,65739,9024,121817,3753,1790,1963
22045,136564,14723,65762,9028,121840,3754,1791,1963
22050,136595,14728,65777,9030,121866,3755,1792,1963
22055,136626,14733,65794,9034,121892,3756,1793,1963
22060,136657,14741,65808,9039,121915,3757,1794,1963
22065,136688,14747,65816,9042,121939,3758,1794,1964
22070,136719,14757,65830,9050,121958,3759,1794,1965
22075,136750,14766,65849,9058,121984,3760,1795,1965
22080,136781,14768,65867,9059,122012,3761,1795,1966
22085,136812,14770,65881,9061,122042,3762,1796,1966
22090,136843,14772,65897,9062,122071,3763,1797,1966
22095,136874,14774,65914,9064,122100,3764,1797,1967
22100,136905,14776,65931,9065,122129,3765,1798,1967
22105,136936,14778,65949,9066,122158,3766,1799,1967
22110,136967,14780,65964,9066,122187,3767,1799,1968
22115,136998,14782,65975,9067,122216,3768,1800,1968
22120,137029,14784,65983,9067,122245,3769,1800,1969
22125,137060,14786,65993,9067,122274,3770,1800,1970
22130,137091,14788,66011,9069,122303,3771,1800,1971
22135,137122,14790,66022,9070,122332,3772,1800,1972
22140,137153,14792,66034,9071,122361,3773,1800,1973
22145,137184,14794,66054,9072,122390,3774,1801,1973
22150,137215,14796,66068,9072,122419,3775,1802,1973
22155,137246,14798,66082,9073,122448,3776,1802,1974
22160,137277,14800,66093,9074,122477,3777,1803,1974
22165,137308,14802,66110,9074,122506,3778,1804,1974
22170,137339,14804,66120,9075,122534,3779,1804,1975
22175,137370,14806,66138,9075,122563,3780,1805,1975
22180,137401,14809,66153,9078,122590,3781,1806,1975
22185,137432,14813,66167,9081,122618,3782,1807,1975
22190,137463,14818,66186,9085,122641,3783,1808,1975
22195,137494,14825,66206,9089,122667,3784,1808,1976
22200,137525,14831,66219,9093,122693,3785,1809,1976
22205,137556,14836,66230,9094,122718,3786,1809,1977
22210,137587,14842,66244,9097,122744,3787,1809,1978
22215,137618,14848,66262,9103,122768,3788,1809,1979
22220,137649,14855,66275,9107,122793,3789,1809,1980
22225,137680,14859,66288,9108,122821,3790,1809,1981
22230,137711,14862,66300,9109,122849,3791,1810,1981
22235,137742,14866,66316,9112,122876,3792,1811,1981
22240,137773,14870,66332,9115,122903,3793,1812,1981
22245,137804,14875,66348,9119,122927,3794,1812,1982
22250,137835,14881,66361,9124,122952,3795,1813,1982
22255,137866,14887,66375,9128,122978,3796,1814,1982
22260,137897,14890,66386,9129,123006,3797,1814,1983
22265,137928,14892,66402,9129,123036,3798,1815,1983
22270,137959,14894,66420,9130,123065,3799,1816,1983
22275,137990,14896,66438,9130,123094,3800,1817,1983
22280,138021,14898,66453,9131,123123,3801,1817,1984
22285,138052,14900,66470,9132,123152,3802,1818,1984
22290,138083,14902,66484,9133,123181,3803,1819,1984
22295,138114,14904,66499,9135,123210,3804,1819,1985
22300,138145,14906,66514,9137,123239,3805,1819,1986
22305,138176,14908,66529,9138,123268,3806,1820,1986
22310,138207,14910,66545,9139,123296,3807,1820,1987
22315,138238,14912,66554,9140,123326,3808,1820,1988
22320,138269,14914,66572,9141,123355,3809,1821,1988
22325,138300,14916,66590,9142,123383,3809,1821,1988
22330,138331,14920,66609,9145,123409,3809,1821,1988
22335,138362,14924,66623,9146,123436,3809,1821,1988
22340,138393,14928,66638,9149,123465,3809,1821,1988
22345,138424,14931,66654,9150,123493,3809,1821,1988
22350,138455,14934,66668,9151,123520,3809,1821,1988
22355,138486,14938,66680,9153,123547,3809,1821,1988
22360,138517,14943,66695,9156,123574,3809,1821,1988
22365,138548,14947,66710,9158,123601,3809,1821,1988
22370,138579,14951,66725,9159,123628,3809,1821,1988
22375,138610,14955,66739,9161,123654,3809,1821,1988
22380,138641,14960,66751,9163,123680,3809,1821,1988
22385,138672,14967,66766,9167,123705,3809,1821,1988
22390,138703,14971,66779,9169,123730,3809,1821,1988
22395,138734,14980,66794,9177,123752,3809,1821,1988
22400,138765,14989,66809,9184,123775,3809,1821,1988
22405,138796,14995,66820,9187,123800,3809,1821,1988
22410,138827,15000,66835,9191,123827,3809,1821,1988
22415,138858,15005,66849,9194,123853,3809,1821,1988
22420,138889,15008,66864,9195,123879,3809,1821,1988
22425,138920,15011,66884,9197,123908,3810,1821,1989
22430,138951,15013,66897,9198,123938,3811,1821,1990
22435,138982,15015,66915,9199,123965,3812,1822,1990
22440,139013,15017,66936,9201,123996,3813,1822,1991
22445,139044,15019,66952,9203,124025,3814,1823,1991
22450,139075,15021,66970,9204,124054,3815,1824,1991
22455,139106,15023,66983,9206,124083,3816,1824,1992
22460,139137,15025,66996,9207,124112,3817,1824,1993
22465,139168,15027,67009,9207,124141,3818,1825,1993
22470,139199,15029,67022,9208,124170,3819,1825,1994
22475,139230,15031,67039,9209,124199,3820,1826,1994
22480,139261,15033,67056,9210,124228,3821,1826,1995
22485,139292,15035,67069,9211,124257,3822,1827,1995
22490,139323,15037,67086,9213,124285,3823,1827,1996
22495,139354,15039,67103,9214,124314,3824,1827,1997
22500,139385,15041,67118,9215,124343,3825,1828,1997
22505,139416,15043,67137,9216,124373,3826,1829,1997
22510,139447,15045,67153,9218,124402,3827,1829,1998
22515,139478,15049,67171,9220,124427,3828,1830,1998
22520,139509,15054,67186,9224,124455,3829,1831,1998
22525,139540,15058,67202,9226,124480,3830,1832,1998
22530,139571,15064,67215,9229,124504,3831,1833,1998
22535,139602,15069,67226,9231,124530,3832,1833,1999
22540,139633,15074,67242,9233,124558,3833,1834,1999
22545,139664,15081,67259,9238,124582,3834,1834,2000
22550,139695,15087,67274,9241,124608,3835,1834,2001
22555,139726,15094,67291,9246,124632,3836,1835,2001
22560,139757,15098,67306,9250,124658,3837,1835,2002
22565,139788,15102,67318,9253,124686,3838,1836,2002
22570,139819,15106,67334,9255,124711,3839,1836,2003
22575,139850,15110,67349,9258,124739,3840,1837,2003
22580,139881,15113,67362,9260,124767,3841,1837,2004
22585,139912,15118,67374,9264,124794,3842,1838,2004
22590,139943,15119,67388,9265,124822,3843,1839,2004
22595,139974,15120,67406,9266,124853,3844,1840,2004
22600,140005,15121,67419,9267,124884,3845,1841,2004
22605,140036,15122,67435,9268,124914,3846,1842,2004
22610,140067,15123,67454,9268,124942,3847,1843,2004
22615,140098,15124,67469,9269,124974,3848,1844,2004
22620,140129,15125,67480,9270,125003,3849,1844,2005
22625,140160,15125,67493,9270,125035,3850,1844,2006
22630,140191,15125,67503,9270,125066,3851,1844,2007
22635,140222,15125,67522,9270,125097,3852,1845,2007
22640,140253,15125,67534,9270,125128,3853,1846,2007
22645,140284,15125,67545,9270,125159,3854,1846,2008
22650,140315,15125,67558,9270,125190,3855,1847,2008
22655,140346,15125,67568,9270,125221,3856,1847,2009
22660,140377,15125,67584,9270,125252,3857,1847,2010
22665,140408,15126,67600,9270,125281,3858,1848,2010
22670,140439,15130,67620,9273,125308,3859,1848,2011
22675,140470,15133,67636,9274,125336,3860,1848,2012
22680,140501,15136,67648,9276,125364,3861,1848,2013
22685,140532,15139,67655,9277,125393,3862,1848,2014
22690,140563,15141,67667,9277,125422,3863,1848,2015
22695,140594,15145,67684,9280,125447,3864,1849,2015
22700,140625,15149,67694,9283,125474,3865,1849,2016
22705,140656,15155,67709,9287,125500,3866,1849,2017
22710,140687,15161,67727,9292,125526,3867,1850,2017
22715,140718,15165,67744,9295,125552,3868,1851,2017
22720,140749,15168,67759,9297,125580,3869,1851,2018
22725,140780,15173,67771,9301,125605,3870,1851,2019
22730,140811,15181,67783,9305,125629,3871,1851,2020
22735,140842,15186,67797,9308,125655,3872,1852,2020
22740,140873,15190,67816,9309,125682,3873,1852,2021
22745,140904,15195,67832,9312,125708,3874,1852,2022
22750,140935,15198,67843,9313,125737,3875,1852,2023
22755,140966,15200,67857,9313,125766,3876,1853,2023
22760,140997,15202,67871,9314,125795,3877,1853,2024
22765,141028,15204,67889,9316,125824,3878,1854,2024
22770,141059,15206,67900,9316,125853,3879,1855,2024
22775,141090,15208,67914,9318,125882,3880,1855,2025
22780,141121,15210,67931,9319,125911,3881,1856,2025
22785,141152,15212,67941,9320,125939,3882,1856,2026
22790,141183,15214,67956,9321,125968,3883,1856,2027
22795,141214,15216,67965,9322,125997,3884,1856,2028
22800,141245,15218,67984,9323,126027,3885,1857,2028
22805,141276,15220,68002,9324,126056,3886,1858,2028
22810,141307,15222,68014,9325,126085,3887,1858,2029
22815,141338,15224,68025,9325,126114,3888,1859,2029
22820,141369,15226,68038,9326,126143,3889,1859,2030
22825,141400,15228,68056,9326,126172,3890,1859,2031
22830,141431,15230,68072,9328,126201,3891,1860,2031
22835,141462,15233,68088,9329,126228,3892,1860,2032
22840,141493,15237,68106,9330,126255,3893,1860,2033
22845,141524,15241,68118,9332,126283,3894,1860,2034
22850,141555,15244,68129,9332,126310,3895,1860,2035
22855,141586,15247,68138,9333,126339,3896,1861,2035
22860,141617,15252,68155,9335,126364,3897,1862,2035
22865,141648,15258,68169,9338,126389,3898,1862,2036
22870,141679,15265,68184,9342,126413,3899,1863,2036
22875,141710,15272,68196,9347,126438,3900,1863,2037
22880,141741,15279,68219,9354,126460,3901,1864,2037
22885,141772,15285,68232,9357,126485,3902,1865,2037
22890,141803,15293,68245,9363,126510,3903,1865,2038
22895,141834,15300,68261,9369,126532,3904,1866,2038
22900,141865,15306,68271,9374,126558,3905,1866,2039
22905,141896,15309,68286,9375,126586,3906,1867,2039
22910,141927,15312,68300,9376,126614,3907,1867,2040
22915,141958,15314,68314,9377,126644,3908,1868,2040
22920,141989,15316,68329,9378,126671,3909,1868,2041
22925,142020,15318,68347,9379,126702,3909,1868,2041
22930,142051,15320,68365,9380,126730,3909,1868,2041
22935,142082,15322,68379,9382,126760,3909,1868,2041
22940,142113,15324,68397,9384,126788,3909,1868,2041
22945,142144,15326,68416,9385,126817,3909,1868,2041
22950,142175,15328,68429,9386,126847,3909,1868,2041
22955,142206,15330,68441,9387,126875,3909,1868,2041
22960,142237,15332,68455,9388,126904,3909,1868,2041
22965,142268,15334,68466,9389,126934,3909,1868,2041
22970,142299,15336,68476,9389,126963,3909,1868,2041
22975,142330,15338,68490,9390,126992,3909,1868,2041
22980,142361,15340,68505,9391,127021,3909,1868,2041
22985,142392,15342,68516,9391,127050,3909,1868,2041
22990,142423,15344,68531,9392,127079,3909,1868,2041
22995,142454,15346,68542,9393,127108,3909,1868,2041
23000,142485,15348,68556,9394,127137,3909,1868,2041
23005,142516,15351,68570,9395,127165,3909,1868,2041
23010,142547,15354,68587,9396,127192,3909,1868,2041
23015,142578,15359,68601,9400,127218,3909,1868,2041
23020,142609,15365,68615,9404,127243,3909,1868,2041
23025,142640,15370,68633,9409,127270,3910,1869,2041
23030,142671,15375,68649,9412,127295,3911,1870,2041
23035,142702,15379,68667,9415,127321,3912,1870,2042
23040,142733,15386,68688,9421,127344,3913,1871,2042
23045,142764,15391,68702,9424,127373,3914,1871,2043
23050,142795,15396,68712,9427,127399,3915,1871,2044
23055,142826,15401,68729,9430,127425,3916,1871,2045
23060,142857,15407,68743,9434,127450,3917,1872,2045
23065,142888,15413,68755,9438,127475,3918,1873,2045
23070,142919,15419,68770,9442,127500,3919,1874,2045
23075,142950,15423,68782,9444,127527,3920,1875,2045
23080,142981,15426,68799,9445,127555,3921,1876,2045
23085,143012,15431,68815,9448,127580,3922,1877,2045
23090,143043,15437,68831,9451,127604,3923,1878,2045
23095,143074,15441,68841,9453,127632,3924,1879,2045
23100,143105,15445,68856,9456,127659,3925,1879,2046
23105,143136,15448,68870,9457,127686,3926,1879,2047
23110,143167,15450,68887,9458,127716,3927,1879,2048
23115,143198,15452,68905,9459,127746,3928,1880,2048
23120,143229,15454,68920,9459,127775,3929,1881,2048
23125,143260,15456,68932,9459,127804,3930,1881,2049
23130,143291,15458,68943,9460,127833,3931,1881,2050
23135,143322,15460,68957,9461,127862,3932,1881,2051
23140,143353,15462,68972,9462,127889,3933,1881,2052
23145,143384,15464,68984,9463,127919,3934,1882,2052
23150,143415,15466,68996,9464,127949,3935,1882,2053
23155,143446,15468,69012,9466,127977,3936,1883,2053
23160,143477,15470,69026,9468,128006,3937,1884,2053
23165,143508,15472,69041,9470,128035,3938,1884,2054
23170,143539,15474,69054,9470,128063,3939,1885,2054
23175,143570,15476,69070,9472,128094,3940,1886,2054
23180,143601,15479,69077,9473,128122,3941,1886,2055
23185,143632,15482,69093,9474,128150,3942,1886,2056
23190,143663,15485,69108,9474,128178,3943,1887,2056
23195,143694,15488,69117,9474,128206,3944,1887,2057
23200,143725,15491,69129,9475,128234,3945,1887,2058
23205,143756,15494,69139,9476,128262,3946,1888,2058
23210,143787,15498,69153,9477,128287,3947,1889,2058
23215,143818,15505,69170,9482,128311,3948,1889,2059
23220,143849,15514,69184,9491,128335,3949,1890,2059
23225,143880,15519,69198,9494,128360,3950,1890,2060
23230,143911,15525,69210,9496,128386,3951,1890,2061
23235,143942,15531,69226,9498,128411,3952,1890,2062
23240,143973,15538,69243,9501,128435,3953,1891,2062
23245,144004,15544,69258,9505,128459,3954,1891,2063
23250,144035,15550,69272,9509,128484,3955,1892,2063
23255,144066,15556,69288,9514,128508,3956,1892,2064
23260,144097,15560,69302,9516,128536,3957,1892,2065
23265,144128,15563,69311,9518,128564,3958,1893,2065
23270,144159,15568,69328,9522,128589,3959,1894,2065
23275,144190,15572,69342,9524,128618,3960,1895,2065
23280,144221,15576,69355,9525,128645,3961,1896,2065
23285,144252,15578,69367,9525,128674,3962,1896,2066
23290,144283,15580,69382,9526,128703,3963,1896,2067
23295,144314,15582,69402,9528,128732,3964,1896,2068
23300,144345,15584,69413,9530,128760,3965,1896,2069
23305,144376,15586,69425,9531,128789,3966,1896,2070
23310,144407,15588,69439,9532,128819,3967,1896,2071
23315,144438,15590,69451,9532,128848,3968,1897,2071
23320,144469,15592,69461,9533,128876,3969,1897,2072
23325,144500,15594,69472,9533,128904,3970,1897,2073
23330,144531,15596,69487,9534,128934,3971,1898,2073
23335,144562,15598,69501,9534,128964,3972,1898,2074
23340,144593,15600,69517,9536,128992,3973,1898,2075
23345,144624,15602,69534,9537,129022,3974,1898,2076
23350,144655,15604,69552,9538,129051,3975,1899,2076
23355,144686,15606,69571,9539,129079,3976,1899,2077
23360,144717,15608,69583,9540,129109,3977,1900,2077
23365,144748,15611,69598,9541,129137,3978,1900,2078
23370,144779,15615,69611,9542,129164,3979,1900,2079
23375,144810,15619,69623,9545,129191,3980,1900,2080
23380,144841,15622,69641,9547,129219,3981,1900,2081
23385,144872,15625,69656,9549,129246,3982,1900,2082
23390,144903,15633,69671,9554,129267,3983,1901,2082
23395,144934,15640,69687,9561,129292,3984,1901,2083
23400,144965,15648,69701,9565,129315,3985,1901,2084
23405,144996,15656,69716,9571,129340,3986,1902,2084
23410,145027,15662,69729,9574,129364,3987,1902,2085
23415,145058,15669,69749,9579,129388,3988,1902,2086
23420,145089,15675,69767,9584,129414,3989,1903,2086
23425,145120,15678,69780,9587,129441,3990,1904,2086
23430,145151,15682,69791,9589,129469,3991,1905,2086
23435,145182,15685,69804,9591,129497,3992,1906,2086
23440,145213,15690,69820,9595,129522,3993,1906,2087
23445,145244,15693,69835,9597,129551,3994,1907,2087
23450,145275,15695,69850,9597,129580,3995,1907,2088
23455,145306,15697,69859,9598,129608,3996,1908,2088
23460,145337,15699,69882,9600,129638,3997,1909,2088
23465,145368,15700,69895,9601,129668,3998,1909,2089
23470,145399,15701,69909,9602,129697,3999,1909,2090
23475,145430,15702,69926,9602,129726,4000,1909,2091
23480,145461,15703,69940,9602,129757,4001,1910,2091
23485,145492,15704,69950,9602,129788,4002,1910,2092
23490,145523,15705,69964,9602,129818,4003,1911,2092
23495,145554,15706,69985,9603,129848,4004,1912,2092
23500,145585,15707,70002,9604,129878,4005,1912,2093
23505,145616,15708,70020,9604,129907,4006,1912,2094
23510,145647,15709,70040,9605,129938,4007,1913,2094
23515,145678,15710,70057,9605,129967,4008,1913,2095
23520,145709,15711,70071,9606,129998,4009,1913,2096
23525,145740,15711,70082,9606,130029,4009,1913,2096
23530,145771,15712,70098,9606,130059,4009,1913,2096
23535,145802,15713,70117,9607,130089,4009,1913,2096
23540,145833,15714,70132,9608,130119,4009,1913,2096
23545,145864,15716,70149,9610,130147,4009,1913,2096
23550,145895,15719,70161,9612,130176,4009,1913,2096
23555,145926,15721,70172,9614,130205,4009,1913,2096
23560,145957,15723,70189,9614,130232,4009,1913,2096
23565,145988,15729,70205,9619,130258,4009,1913,2096
23570,146019,15733,70217,9621,130285,4009,1913,2096
23575,146050,15738,70226,9623,130312,4009,1913,2096
23580,146081,15743,70246,9627,130336,4009,1913,2096
23585,146112,15750,70259,9632,130361,4009,1913,2096
23590,146143,15758,70275,9639,130385,4009,1913,2096
23595,146174,15761,70285,9642,130413,4009,1913,2096
23600,146205,15765,70300,9645,130440,4009,1913,2096
23605,146236,15768,70314,9648,130468,4009,1913,2096
23610,146267,15770,70326,9649,130497,4009,1913,2096
23615,146298,15772,70341,9650,130526,4009,1913,2096
23620,146329,15776,70361,9654,130552,4009,1913,2096
23625,146360,15777,70373,9655,130582,4010,1913,2097
23630,146391,15779,70389,9657,130611,4011,1913,2098
23635,146422,15781,70404,9657,130638,4012,1913,2099
23640,146453,15783,70420,9658,130668,4013,1913,2100
23645,146484,15785,70431,9659,130699,4014,1913,2101
23650,146515,15787,70453,9661,130728,4015,1914,2101
23655,146546,15789,70468,9661,130756,4016,1915,2101
23660,146577,15791,70486,9663,130785,4017,1916,2101
23665,146608,15793,70502,9664,130815,4018,1917,2101
23670,146639,15795,70517,9665,130843,4019,1917,2102
23675,146670,15797,70535,9666,130873,4020,1918,2102
23680,146701,15799,70551,9666,130902,4021,1919,2102
23685,146732,15801,70568,9668,130931,4022,1919,2103
23690,146763,15803,70586,9669,130960,4023,1920,2103
23695,146794,15805,70596,9669,130989,4024,1920,2104
23700,146825,15808,70605,9669,131017,4025,1920,2105
23705,146856,15811,70620,9671,131043,4026,1921,2105
23710,146887,15816,70636,9673,131069,4027,1922,2105
23715,146918,15820,70653,9676,131098,4028,1923,2105
23720,146949,15823,70670,9677,131125,4029,1923,2106
23725,146980,15828,70688,9682,131152,4030,1924,2106
23730,147011,15833,70701,9686,131177,4031,1925,2106
23735,147042,15839,70720,9691,131202,4032,1926,2106
23740,147073,15845,70732,9695,131228,4033,1927,2106
23745,147104,15850,70749,9699,131252,4034,1927,2107
23750,147135,15858,70771,9706,131277,4035,1928,2107
23755,147166,15862,70787,9708,131304,4036,1929,2107
23760,147197,15866,70800,9710,131331,4037,1930,2107
23765,147228,15870,70813,9711,131358,4038,1930,2108
23770,147259,15875,70824,9713,131384,4039,1930,2109
23775,147290,15880,70838,9715,131410,4040,1931,2109
23780,147321,15885,70854,9719,131435,4041,1931,2110
23785,147352,15890,70870,9722,131461,4042,1931,2111
23790,147383,15892,70885,9723,131490,4043,1932,2111
23795,147414,15894,70901,9723,131520,4044,1933,2111
23800,147445,15896,70919,9724,131548,4045,1934,2111
23805,147476,15898,70930,9725,131577,4046,1935,2111
23810,147507,15900,70944,9726,131605,4047,1935,2112
23815,147538,15902,70961,9727,131634,4048,1936,2112
23820,147569,15904,70977,9728,131664,4049,1936,2113
23825,147600,15906,70991,9729,131692,4050,1936,2114
23830,147631,15908,71006,9730,131722,4051,1937,2114
23835,147662,15910,71017,9730,131751,4052,1937,2115
23840,147693,15912,71035,9732,131780,4053,1937,2116
23845,147724,15914,71053,9733,131809,4054,1938,2116
23850,147755,15916,71063,9733,131839,4055,1939,2116
23855,147786,15918,71079,9734,131868,4056,1939,2117
23860,147817,15920,71092,9735,131897,4057,1939,2118
23865,147848,15923,71110,9735,131924,4058,1940,2118
23870,147879,15927,71125,9739,131951,4059,1941,2118
23875,147910,15931,71138,9741,131979,4060,1942,2118
23880,147941,15934,71147,9741,132006,4061,1942,2119
23885,147972,15938,71161,9743,132033,4062,1943,2119
23890,148003,15943,71178,9746,132059,4063,1943,2120
23895,148034,15948,71194,9749,132085,4064,1943,2121
23900,148065,15953,71205,9750,132112,4065,1944,2121
23905,148096,15958,71221,9752,132137,4066,1945,2121
23910,148127,15963,71233,9753,132164,4067,1946,2121
23915,148158,15967,71246,9755,132191,4068,1947,2121
23920,148189,15973,71265,9758,132214,4069,1948,2121
23925,148220,15980,71282,9764,132239,4070,1948,2122
23930,148251,15987,71295,9769,132263,4071,1949,2122
23935,148282,15995,71314,9774,132283,4072,1950,2122
23940,148313,16003,71323,9779,132310,4073,1950,2123
23945,148344,16009,71343,9785,132335,4074,1951,2123
23950,148375,16011,71360,9785,132363,4075,1952,2123
23955,148406,16013,71378,9787,132393,4076,1953,2123
23960,148437,16015,71392,9789,132421,4077,1954,2123
23965,148468,16017,71403,9789,132451,4078,1954,2124
23970,148499,16019,71420,9789,132479,4079,1954,2125
23975,148530,16021,71435,9790,132508,4080,1954,2126
23980,148561,16023,71449,9792,132537,4081,1955,2126
23985,148592,16025,71469,9793,132567,4082,1956,2126
23990,148623,16027,71485,9793,132596,4083,1957,2126
23995,148654,16029,71504,9795,132624,4084,1958,2126
24000,148685,16031,71521,9795,132652,4085,1958,2127
24005,148716,16033,71534,9796,132683,4086,1958,2128
24010,148747,16035,71547,9796,132711,4087,1958,2129
24015,148778,16037,71560,9797,132741,4088,1959,2129
24020,148809,16039,71572,9797,132770,4089,1959,2130
24025,148840,16041,71589,9798,132799,4090,1959,2131
24030,148871,16043,71604,9799,132828,4091,1960,2131
24035,148902,16045,71619,9800,132857,4092,1961,2131
24040,148933,16047,71634,9800,132886,4093,1962,2131
24045,148964,16050,71653,9802,132913,4094,1963,2131
24050,148995,16054,71665,9804,132940,4095,1964,2131
24055,149026,16059,71680,9805,132967,4096,1964,2132
24060,149057,16063,71690,9807,132994,4097,1964,2133
24065,149088,16067,71706,9811,133020,4098,1965,2133
24070,149119,16073,71721,9815,133045,4099,1965,2134
24075,149150,16079,71739,9820,133070,4100,1965,2135
24080,149181,16084,71755,9823,133096,4101,1966,2135
24085,149212,16090,71770,9828,133121,4102,1966,2136
24090,149243,16098,71787,9835,133144,4103,1967,2136
24095,149274,16104,71799,9839,133168,4104,1967,2137
24100,149305,16108,71808,9842,133197,4105,1967,2138
24105,149336,16111,71818,9842,133224,4106,1967,2139
24110,149367,16116,71832,9845,133250,4107,1968,2139
24115,149398,16124,71849,9852,133273,4108,1969,2139
24120,149429,16131,71864,9857,133297,4109,1970,2139
24125,149460,16133,71877,9857,133326,4109,1970,2139
24130,149491,16135,71891,9857,133354,4109,1970,2139
24135,149522,16137,71906,9858,133383,4109,1970,2139
24140,149553,16139,71917,9858,133414,4109,1970,2139
24145,149584,16141,71933,9859,133442,4109,1970,2139
24150,149615,16143,71945,9860,133471,4109,1970,2139
24155,149646,16145,71960,9861,133501,4109,1970,2139
24160,149677,16147,71971,9862,133530,4109,1970,2139
24165,149708,16149,71980,9863,133559,4109,1970,2139
24170,149739,16151,71992,9864,133588,4109,1970,2139
24175,149770,16153,72007,9865,133617,4109,1970,2139
24180,149801,16155,72023,9866,133646,4109,1970,2139
24185,149832,16157,72040,9867,133674,4109,1970,2139
24190,149863,16159,72054,9867,133703,4109,1970,2139
24195,149894,16161,72069,9867,133733,4109,1970,2139
24200,149925,16163,72083,9868,133761,4109,1970,2139
24205,149956,16168,72101,9871,133786,4109,1970,2139
24210,149987,16172,72115,9873,133813,4109,1970,2139
24215,150018,16176,72127,9876,133842,4109,1970,2139
24220,150049,16180,72143,9879,133867,4109,1970,2139
24225,150080,16184,72156,9883,133895,4110,1971,2139
24230,150111,16190,72172,9889,133920,4111,1972,2139
24235,150142,16196,72193,9895,133946,4112,1973,2139
24240,150173,16201,72208,9899,133972,4113,1973,2140
24245,150204,16207,72226,9903,133996,4114,1973,2141
24250,150235,16213,72236,9905,134021,4115,1973,2142
24255,150266,16218,72248,9908,134048,4116,1973,2143
24260,150297,16221,72260,9909,134076,4117,1973,2144
24265,150328,16224,72280,9910,134104,4118,1974,2144
24270,150359,16227,72292,9911,134132,4119,1974,2145
24275,150390,16231,72312,9913,134159,4120,1975,2145
24280,150421,16236,72327,9916,134185,4121,1976,2145
24285,150452,16240,72345,9919,134211,4122,1977,2145
24290,150483,16245,72358,9923,134238,4123,1978,2145
24295,150514,16250,72374,9927,134264,4124,1979,2145
24300,150545,16254,72390,9930,134289,4125,1980,2145
24305,150576,16256,72403,9930,134320,4126,1980,2146
24310,150607,16258,72412,9931,134348,4127,1980,2147
24315,150638,16260,72428,9933,134377,4128,1980,2148
24320,150669,16262,72439,9933,134407,4129,1980,2149
24325,150700,16264,72449,9934,134435,4130,1980,2150
24330,150731,16266,72459,9934,134465,4131,1980,2151
24335,150762,16268,72469,9934,134494,4132,1981,2151
24340,150793,16270,72483,9934,134523,4133,1981,2152
24345,150824,16272,72499,9935,134552,4134,1981,2153
24350,150855,16274,72511,9936,134580,4135,1982,2153
24355,150886,16276,72528,9937,134609,4136,1982,2154
24360,150917,16278,72542,9938,134639,4137,1982,2155
24365,150948,16282,72559,9940,134665,4138,1982,2156
24370,150979,16287,72575,9943,134691,4139,1983,2156
24375,151010,16291,72595,9947,134718,4140,1983,2157
24380,151041,16295,72606,9949,134746,4141,1984,2157
24385,151072,16298,72621,9950,134772,4142,1984,2158
24390,151103,16304,72631,9956,134799,4143,1984,2159
24395,151134,16309,72643,9961,134825,4144,1984,2160
24400,151165,16316,72661,9968,134849,4145,1985,2160
24405,151196,16319,72680,9969,134877,4146,1986,2160
24410,151227,16322,72694,9970,134904,4147,1987,2160
24415,151258,16325,72712,9972,134932,4148,1987,2161
24420,151289,16329,72724,9973,134960,4149,1987,2162
24425,151320,16331,72742,9975,134989,4150,1987,2163
24430,151351,16334,72756,9978,135017,4151,1987,2164
24435,151382,16337,72772,9980,135045,4152,1988,2164
24440,151413,16340,72787,9983,135073,4153,1989,2164
24445,151444,16342,72802,9985,135102,4154,1989,2165
24450,151475,16344,72815,9986,135131,4155,1990,2165
24455,151506,16345,72831,9986,135160,4156,1990,2166
24460,151537,16348,72843,9989,135189,4157,1991,2166
24465,151568,16348,72855,9989,135220,4158,1992,2166
24470,151599,16348,72867,9989,135248,4159,1993,2166
24475,151630,16348,72882,9989,135281,4160,1994,2166
24480,151661,16348,72898,9989,135312,4161,1995,2166
24485,151692,16348,72913,9989,135344,4162,1995,2167
24490,151723,16348,72931,9989,135375,4163,1996,2167
24495,151754,16348,72952,9989,135406,4164,1997,2167
24500,151785,16348,72971,9989,135437,4165,1998,2167
24505,151816,16348,72983,9989,135468,4166,1998,2168
24510,151847,16349,73000,9989,135497,4167,1998,2169
24515,151878,16351,73018,9990,135526,4168,1999,2169
24520,151909,16353,73030,9991,135555,4169,1999,2170
24525,151940,16355,73049,9993,135585,4170,2000,2170
24530,151971,16358,73064,9995,135613,4171,2001,2170
24535,152002,16362,73085,9998,135640,4172,2002,2170
24540,152033,16365,73102,9999,135667,4173,2002,2171
24545,152064,16369,73120,10002,135695,4174,2002,2172
24550,152095,16373,73134,10005,135722,4175,2003,2172
24555,152126,16376,73146,10006,135750,4176,2003,2173
24560,152157,16379,73161,10007,135778,4177,2003,2174
24565,152188,16383,73171,10008,135805,4178,2003,2175
24570,152219,16389,73188,10013,135830,4179,2004,2175
24575,152250,16394,73202,10016,135856,4180,2004,2176
24580,152281,16402,73218,10023,135877,4181,2004,2177
24585,152312,16412,73227,10029,135899,4182,2005,2177
24590,152343,16421,73248,10038,135922,4183,2006,2177
24595,152374,16426,73262,10040,135947,4184,2007,2177
24600,152405,16431,73274,10044,135973,4185,2007,2178
24605,152436,16433,73289,10046,136002,4186,2008,2178
24610,152467,16435,73301,10046,136031,4187,2009,2178
24615,152498,16437,73316,10048,136061,4188,2010,2178
24620,152529,16439,73332,10050,136089,4189,2010,2179
24625,152560,16441,73350,10051,136119,4190,2011,2179
24630,152591,16443,73368,10051,136147,4191,2012,2179
24635,152622,16445,73384,10053,136176,4192,2013,2179
24640,152653,16447,73401,10053,136205,4193,2013,2180
24645,152684,16449,73416,10053,136235,4194,2013,2181
24650,152715,16451,73432,10053,136264,4195,2014,2181
24655,152746,16453,73448,10055,136293,4196,2015,2181
24660,152777,16455,73462,10055,136322,4197,2015,2182
24665,152808,16457,73473,10055,136351,4198,2016,2182
24670,152839,16459,73490,10055,136380,4199,2016,2183
24675,152870,16461,73506,10055,136407,4200,2017,2183
24680,152901,16463,73521,10055,136437,4201,2018,2183
24685,152932,16465,73537,10057,136466,4202,2018,2184
24690,152963,16467,73552,10058,136496,4203,2019,2184
24695,152994,16469,73561,10058,136525,4204,2020,2184
24700,153025,16472,73573,10061,136552,4205,2020,2185
24705,153056,16476,73588,10064,136580,4206,2020,2186
24710,153087,16481,73604,10069,136604,4207,2021,2186
24715,153118,16485,73621,10071,136632,4208,2022,2186
24720,153149,16490,73631,10073,136659,4209,2022,2187
24725,153180,16494,73650,10077,136685,4209,2022,2187
24730,153211,16500,73663,10082,136709,4209,2022,2187
24735,153242,16510,73679,10088,136731,4209,2022,2187
24740,153273,16515,73693,10092,136757,4209,2022,2187
24745,153304,16520,73705,10095,136782,4209,2022,2187
24750,153335,16528,73717,10099,136805,4209,2022,2187
24755,153366,16536,73730,10105,136830,4209,2022,2187
24760,153397,16540,73742,10107,136854,4209,2022,2187
24765,153428,16546,73758,10110,136881,4209,2022,2187
24770,153459,16551,73770,10114,136908,4209,2022,2187
24775,153490,16553,73784,10115,136937,4209,2022,2187
24780,153521,16555,73796,10115,136966,4209,2022,2187
24785,153552,16557,73812,10117,136995,4209,2022,2187
24790,153583,16559,73826,10118,137023,4209,2022,2187
24795,153614,16561,73844,10120,137052,4209,2022,2187
24800,153645,16563,73858,10122,137081,4209,2022,2187
24805,153676,16565,73872,10124,137111,4209,2022,2187
24810,153707,16567,73883,10125,137140,4209,2022,2187
24815,153738,16569,73902,10127,137169,4209,2022,2187
24820,153769,16571,73919,10128,137198,4209,2022,2187
24825,153800,16573,73928,10129,137227,4210,2022,2188
24830,153831,16575,73945,10131,137256,4211,2023,2188
24835,153862,16577,73958,10132,137284,4212,2024,2188
24840,153893,16579,73972,10133,137314,4213,2025,2188
24845,153924,16581,73989,10134,137342,4214,2025,2189
24850,153955,16583,73997,10135,137372,4215,2025,2190
24855,153986,16585,74010,10136,137400,4216,2025,2191
24860,154017,16587,74024,10137,137430,4217,2025,2192
24865,154048,16590,74039,10139,137458,4218,2026,2192
24870,154079,16593,74056,10141,137486,4219,2026,2193
24875,154110,16596,74066,10143,137514,4220,2026,2194
24880,154141,16599,74079,10145,137542,4221,2026,2195
24885,154172,16604,74097,10149,137565,4222,2026,2196
24890,154203,16610,74107,10153,137591,4223,2026,2197
24895,154234,16615,74120,10155,137618,4224,2027,2197
24900,154265,16621,74136,10160,137641,4225,2028,2197
24905,154296,16626,74153,10164,137668,4226,2029,2197
24910,154327,16632,74171,10169,137693,4227,2030,2197
24915,154358,16637,74188,10173,137720,4228,2030,2198
24920,154389,16644,74202,10177,137743,4229,2030,2199
24925,154420,16652,74213,10183,137768,4230,2030,2200
24930,154451,16655,74229,10185,137796,4231,2030,2201
24935,154482,16659,74241,10187,137823,4232,2030,2202
24940,154513,16663,74260,10189,137850,4233,2031,2202
24945,154544,16667,74270,10190,137877,4234,2032,2202
24950,154575,16670,74282,10191,137902,4235,2033,2202
24955,154606,16678,74299,10199,137927,4236,2033,2203
24960,154637,16681,74315,10201,137956,4237,2034,2203
24965,154668,16683,74330,10202,137985,4238,2034,2204
24970,154699,16685,74348,10203,138014,4239,2034,2205
24975,154730,16687,74364,10203,138043,4240,2035,2205
24980,154761,16689,74372,10205,138072,4241,2035,2206
24985,154792,16691,74385,10206,138101,4242,2035,2207
24990,154823,16693,74398,10207,138130,4243,2036,2207
24995,154854,16695,74414,10208,138159,4244,2037,2207
25000,154885,16697,74429,10210,138188,4245,2037,2208
25005,154916,16699,74444,10210,138217,4246,2038,2208
25010,154947,16701,74455,10211,138246,4247,2038,2209
25015,154978,16703,74473,10211,138275,4248,2038,2210
25020,155009,16705,74482,10212,138304,4249,2039,2210
25025,155040,16707,74495,10214,138333,4250,2040,2210
25030,155071,16709,74510,10215,138361,4251,2040,2211
25035,155102,16713,74522,10217,138387,4252,2040,2212
25040,155133,16719,74538,10221,138413,4253,2041,2212
25045,155164,16723,74553,10223,138439,4254,2042,2212
25050,155195,16728,74566,10226,138466,4255,2043,2212
25055,155226,16732,74585,10228,138494,4256,2044,2212
25060,155257,16736,74597,10231,138520,4257,2044,2213
25065,155288,16741,74610,10233,138545,4258,2044,2214
25070,155319,16746,74628,10237,138571,4259,2045,2214
25075,155350,16752,74640,10243,138597,4260,2045,2215
25080,155381,16758,74659,10249,138621,4261,2046,2215
25085,155412,16762,74673,10250,138650,4262,2047,2215
25090,155443,16765,74691,10252,138678,4263,2048,2215
25095,155474,16768,74713,10252,138706,4264,2049,2215
25100,155505,16771,74724,10253,138734,4265,2050,2215
25105,155536,16774,74737,10254,138762,4266,2050,2216
25110,155567,16777,74755,10256,138790,4267,2050,2217
25115,155598,16780,74773,10258,138817,4268,2051,2217
25120,155629,16783,74787,10261,138845,4269,2051,2218
25125,155660,16786,74801,10264,138874,4270,2051,2219
25130,155691,16790,74814,10265,138901,4271,2051,2220
25135,155722,16793,74828,10267,138927,4272,2051,2221
25140,155753,16798,74840,10270,138955,4273,2052,2221
25145,155784,16802,74854,10272,138982,4274,2052,2222
25150,155815,16806,74869,10274,139009,4275,2053,2222
25155,155846,16812,74885,10277,139034,4276,2053,2223
25160,155877,16817,74905,10281,139060,4277,2053,2224
25165,155908,16819,74918,10283,139089,4278,2053,2225
25170,155939,16821,74934,10285,139118,4279,2053,2226
25175,155970,16823,74953,10287,139146,4280,2053,2227
25180,156001,16825,74969,10289,139175,4281,2053,2228
25185,156032,16827,74988,10291,139203,4282,2053,2229
25190,156063,16831,75003,10293,139231,4283,2053,2230
25195,156094,16834,75021,10295,139257,4284,2054,2230
25200,156125,16838,75037,10297,139285,4285,2055,2230
25205,156156,16842,75049,10300,139313,4286,2055,2231
25210,156187,16845,75063,10300,139342,4287,2056,2231
25215,156218,16848,75080,10300,139370,4288,2057,2231
25220,156249,16851,75093,10302,139398,4289,2057,2232
25225,156280,16854,75106,10304,139426,4290,2057,2233
25230,156311,16857,75121,10305,139454,4291,2057,2234
25235,156342,16860,75138,10306,139482,4292,2058,2234
25240,156373,16863,75150,10307,139510,4293,2058,2235
25245,156404,16866,75165,10309,139537,4294,2058,2236
25250,156435,16869,75178,10311,139565,4295,2059,2236
25255,156466,16872,75192,10312,139593,4296,2059,2237
25260,156497,16876,75207,10314,139620,4297,2059,2238
25265,156528,16881,75218,10317,139646,4297,2059,2238
25270,156559,16885,75235,10318,139673,4297,2059,2238
25275,156590,16891,75251,10322,139699,4297,2059,2238
25280,156621,16895,75269,10323,139725,4297,2059,2238
25285,156652,16899,75279,10325,139751,4297,2059,2238
25290,156683,16904,75298,10327,139776,4297,2059,2238
25295,156714,16910,75315,10331,139803,4297,2059,2238
25300,156745,16916,75333,10336,139829,4297,2059,2238
25305,156776,16920,75352,10338,139856,4297,2059,2238
25310,156807,16926,75368,10341,139881,4297,2059,2238
25315,156838,16930,75390,10345,139908,4297,2059,2238
25320,156869,16936,75410,10351,139933,4297,2059,2238
25325,156900,16940,75428,10355,139960,4297,2059,2238
25330,156931,16943,75437,10357,139988,4297,2059,2238
25335,156962,16943,75448,10357,140018,4297,2059,2238
25340,156993,16943,75462,10357,140049,4297,2059,2238
25345,157024,16943,75476,10357,140081,4297,2059,2238
25350,157055,16943,75494,10357,140112,4297,2059,2238
25355,157086,16943,75509,10357,140142,4297,2059,2238
25360,157117,16943,75526,10357,140173,4297,2059,2238
25365,157148,16943,75538,10357,140205,4298,2060,2238
25370,157179,16943,75554,10357,140235,4299,2060,2239
25375,157210,16943,75568,10357,140267,4300,2061,2239
25380,157241,16943,75589,10357,140298,4301,2062,2239
25385,157272,16943,75606,10357,140329,4302,2063,2239
25390,157303,16943,75621,10357,140360,4303,2063,2240
25395,157334,16943,75632,10357,140391,4304,2063,2241
25400,157365,16943,75643,10357,140421,4305,2063,2242
25405,157396,16944,75658,10357,140451,4306,2063,2243
25410,157427,16945,75676,10358,140481,4307,2063,2244
25415,157458,16946,75695,10358,140510,4308,2064,2244
25420,157489,16948,75712,10360,140541,4309,2064,2245
25425,157520,16950,75729,10361,140568,4310,2064,2246
25430,157551,16956,75745,10366,140594,4311,2065,2246
25435,157582,16960,75759,10368,140622,4312,2066,2246
25440,157613,16964,75770,10369,140648,4313,2066,2247
25445,157644,16969,75782,10372,140674,4314,2066,2248
25450,157675,16974,75796,10376,140701,4315,2066,2249
25455,157706,16978,75810,10378,140726,4316,2067,2249
25460,157737,16984,75825,10381,140753,4317,2068,2249
25465,157768,16989,75845,10386,140779,4318,2069,2249
25470,157799,16993,75861,10389,140805,4319,2070,2249
25475,157830,16998,75874,10393,140832,4320,2071,2249
25480,157861,17004,75884,10397,140856,4321,2072,2249
25485,157892,17011,75898,10402,140880,4322,2072,2250
25490,157923,17019,75910,10408,140903,4323,2072,2251
25495,157954,17028,75929,10414,140926,4324,2073,2251
25500,157985,17031,75938,10414,140954,4325,2074,2251
25505,158016,17033,75954,10415,140983,4326,2075,2251
25510,158047,17035,75965,10415,141012,4327,2075,2252
25515,158078,17037,75979,10416,141041,4328,2076,2252
25520,158109,17039,75995,10418,141070,4329,2076,2253
25525,158140,17041,76016,10419,141098,4330,2077,2253
25530,158171,17043,76030,10420,141128,4331,2077,2254
25535,158202,17045,76043,10421,141157,4332,2077,2255
25540,158233,17047,76054,10421,141186,4333,2077,2256
25545,158264,17049,76070,10422,141215,4334,2077,2257
25550,158295,17051,76082,10423,141244,4335,2078,2257
25555,158326,17053,76094,10424,141273,4336,2079,2257
25560,158357,17055,76106,10426,141302,4337,2079,2258
25565,158388,17057,76121,10427,141331,4338,2080,2258
25570,158419,17059,76137,10428,141360,4339,2080,2259
25575,158450,17061,76155,10429,141389,4340,2080,2260
25580,158481,17063,76170,10430,141418,4341,2081,2260
25585,158512,17065,76183,10430,141447,4342,2082,2260
25590,158543,17067,76199,10432,141476,4343,2082,2261
25595,158574,17069,76214,10432,141505,4344,2082,2262
25600,158605,17072,76226,10434,141530,4345,2082,2263
25605,158636,17079,76238,10439,141557,4346,2083,2263
25610,158667,17086,76251,10443,141581,4347,2084,2263
25615,158698,17091,76266,10446,141606,4348,2085,2263
25620,158729,17097,76281,10449,141630,4349,2086,2263
25625,158760,17105,76293,10453,141653,4350,2087,2263
25630,158791,17113,76308,10458,141678,4351,2087,2264
25635,158822,17117,76321,10461,141704,4352,2087,2265
25640,158853,17123,76337,10464,141729,4353,2087,2266
25645,158884,17128,76353,10467,141756,4354,2088,2266
25650,158915,17131,76368,10468,141784,4355,2088,2267
25655,158946,17135,76381,10472,141811,4356,2089,2267
25660,158977,17139,76398,10475,141838,4357,2089,2268
25665,159008,17141,76411,10475,141867,4358,2090,2268
25670,159039,17143,76430,10475,141896,4359,2091,2268
25675,159070,17145,76453,10477,141925,4360,2092,2268
25680,159101,17147,76465,10477,141954,4361,2092,2269
25685,159132,17149,76478,10477,141982,4362,2093,2269
25690,159163,17151,76497,10478,142011,4363,2094,2269
25695,159194,17153,76513,10479,142041,4364,2094,2270
25700,159225,17155,76525,10480,142069,4365,2094,2271
25705,159256,17157,76544,10481,142099,4366,2095,2271
25710,159287,17159,76561,10483,142128,4367,2095,2272
25715,159318,17161,76579,10483,142157,4368,2096,2272
25720,159349,17163,76594,10484,142185,4369,2097,2272
25725,159380,17165,76607,10485,142214,4370,2098,2272
25730,159411,17167,76622,10486,142244,4371,2099,2272
25735,159442,17169,76639,10487,142273,4372,2100,2272
25740,159473,17171,76653,10487,142300,4373,2100,2273
25745,159504,17177,76669,10493,142326,4374,2101,2273
25750,159535,17182,76685,10498,142352,4375,2101,2274
25755,159566,17187,76696,10501,142378,4376,2101,2275
25760,159597,17191,76713,10503,142404,4377,2102,2275
25765,159628,17195,76727,10506,142433,4378,2102,2276
25770,159659,17200,76740,10510,142456,4379,2102,2277
25775,159690,17206,76754,10514,142483,4380,2103,2277
25780,159721,17210,76768,10518,142510,4381,2104,2277
25785,159752,17216,76781,10522,142534,4382,2104,2278
25790,159783,17222,76794,10525,142559,4383,2105,2278
25795,159814,17227,76810,10529,142585,4384,2106,2278
25800,159845,17233,76828,10532,142612,4385,2107,2278
25805,159876,17237,76838,10533,142638,4386,2107,2279
25810,159907,17241,76851,10535,142666,4387,2107,2280
25815,159938,17244,76865,10536,142693,4388,2107,2281
25820,159969,17247,76881,10537,142722,4389,2108,2281
25825,160000,17250,76893,10537,142749,4390,2109,2281
25830,160031,17253,76911,10540,142778,4391,2110,2281
25835,160062,17256,76925,10542,142806,4392,2111,2281
25840,160093,17260,76942,10544,142832,4393,2112,2281
25845,160124,17263,76959,10545,142861,4394,2112,2282
25850,160155,17266,76975,10546,142889,4395,2112,2283
25855,160186,17269,76990,10548,142917,4396,2112,2284
25860,160217,17271,77005,10548,142946,4397,2112,2285
25865,160248,17273,77016,10549,142975,4397,2112,2285
25870,160279,17275,77031,10550,143004,4397,2112,2285
25875,160310,17277,77048,10550,143033,4397,2112,2285
25880,160341,17279,77058,10550,143062,4397,2112,2285
25885,160372,17281,77074,10551,143091,4397,2112,2285
25890,160403,17283,77088,10552,143120,4397,2112,2285
25895,160434,17286,77100,10553,143148,4397,2112,2285
25900,160465,17289,77115,10553,143176,4397,2112,2285
25905,160496,17292,77134,10555,143202,4397,2112,2285
25910,160527,17296,77153,10557,143226,4397,2112,2285
25915,160558,17300,77170,10560,143258,4397,2112,2285
25920,160589,17303,77179,10560,143286,4397,2112,2285
25925,160620,17306,77193,10562,143313,4397,2112,2285
25930,160651,17310,77213,10565,143340,4397,2112,2285
25935,160682,17313,77226,10568,143368,4397,2112,2285
25940,160713,17318,77244,10572,143394,4397,2112,2285
25945,160744,17323,77259,10574,143421,4397,2112,2285
25950,160775,17326,77273,10575,143449,4397,2112,2285
25955,160806,17330,77289,10579,143476,4397,2112,2285
25960,160837,17336,77305,10583,143500,4397,2112,2285
25965,160868,17344,77318,10587,143521,4398,2113,2285
25970,160899,17354,77333,10595,143544,4399,2113,2286
25975,160930,17360,77345,10598,143567,4400,2114,2286
25980,160961,17367,77360,10604,143593,4401,2115,2286
25985,160992,17370,77374,10607,143622,4402,2116,2286
25990,161023,17372,77388,10609,143650,4403,2116,2287
25995,161054,17374,77405,10611,143680,4404,2116,2288
26000,161085,17376,77420,10611,143708,4405,2116,2289
26005,161116,17378,77430,10611,143738,4406,2117,2289
26010,161147,17380,77443,10611,143767,4407,2117,2290
26015,161178,17382,77456,10612,143796,4408,2117,2291
26020,161209,17384,77476,10614,143825,4409,2117,2292
26025,161240,17386,77489,10616,143854,4410,2117,2293
26030,161271,17388,77506,10617,143883,4411,2117,2294
26035,161302,17390,77521,10618,143912,4412,2118,2294
26040,161333,17392,77539,10619,143941,4413,2118,2295
26045,161364,17394,77559,10620,143970,4414,2119,2295
26050,161395,17396,77568,10621,143999,4415,2119,2296
26055,161426,17398,77582,10621,144027,4416,2119,2297
26060,161457,17400,77598,10622,144057,4417,2120,2297
26065,161488,17402,77612,10623,144086,4418,2121,2297
26070,161519,17404,77628,10624,144114,4419,2121,2298
26075,161550,17406,77641,10625,144144,4420,2121,2299
26080,161581,17408,77654,10627,144173,4421,2121,2300
26085,161612,17411,77665,10628,144201,4422,2121,2301
26090,161643,17416,77677,10632,144226,4423,2121,2302
26095,161674,17421,77692,10635,144252,4424,2122,2302
26100,161705,17426,77705,10638,144279,4425,2122,2303
26105,161736,17430,77722,10641,144304,4426,2122,2304
26110,161767,17436,77735,10644,144330,4427,2123,2304
26115,161798,17442,77752,10649,144353,4428,2123,2305
26120,161829,17450,77764,10653,144378,4429,2124,2305
26125,161860,17456,77779,10658,144402,4430,2124,2306
26130,161891,17463,77793,10664,144427,4431,2124,2307
26135,161922,17467,77808,10666,144454,4432,2124,2308
26140,161953,17470,77823,10666,144483,4433,2125,2308
26145,161984,17473,77840,10669,144510,4434,2126,2308
26150,162015,17477,77858,10672,144536,4435,2126,2309
26155,162046,17481,77871,10674,144564,4436,2127,2309
26160,162077,17484,77890,10676,144590,4437,2128,2309
26165,162108,17489,77910,10681,144618,4438,2128,2310
26170,162139,17495,77929,10685,144643,4439,2128,2311
26175,162170,17500,77945,10689,144670,4440,2128,2312
26180,162201,17502,77958,10691,144699,4441,2128,2313
26185,162232,17504,77976,10692,144728,4442,2128,2314
26190,162263,17506,77994,10693,144756,4443,2128,2315
26195,162294,17508,78010,10694,144785,4444,2129,2315
26200,162325,17510,78028,10695,144815,4445,2129,2316
26205,162356,17512,78039,10697,144843,4446,2129,2317
26210,162387,17514,78053,10697,144873,4447,2129,2318
26215,162418,17516,78067,10699,144902,4448,2129,2319
26220,162449,17518,78079,10700,144931,4449,2129,2320
26225,162480,17519,78097,10701,144961,4450,2129,2321
26230,162511,17520,78114,10701,144991,4451,2130,2321
26235,162542,17521,78126,10702,145021,4452,2131,2321
26240,162573,17525,78140,10705,145048,4453,2132,2321
26245,162604,17528,78155,10707,145076,4454,2132,2322
26250,162635,17531,78177,10709,145104,4455,2133,2322
26255,162666,17534,78197,10712,145132,4456,2134,2322
26260,162697,17537,78209,10715,145160,4457,2134,2323
26265,162728,17540,78223,10717,145188,4458,2135,2323
26270,162759,17543,78244,10720,145216,4459,2136,2323
26275,162790,17547,78258,10723,145240,4460,2136,2324
26280,162821,17552,78275,10728,145269,4461,2136,2325
26285,162852,17552,78289,10728,145299,4462,2136,2326
26290,162883,17554,78300,10729,145327,4463,2136,2327
26295,162914,17556,78320,10731,145357,4464,2136,2328
26300,162945,17558,78333,10733,145386,4465,2136,2329
26305,162976,17560,78345,10735,145415,4466,2136,2330
26310,163007,17561,78361,10736,145446,4467,2137,2330
26315,163038,17563,78378,10738,145473,4468,2138,2330
26320,163069,17567,78393,10741,145501,4469,2139,2330
26325,163100,17571,78406,10744,145527,4470,2139,2331
26330,163131,17575,78427,10746,145554,4471,2139,2332
26335,163162,17578,78442,10748,145581,4472,2139,2333
26340,163193,17581,78453,10750,145611,4473,2140,2333
26345,163224,17582,78469,10751,145641,4474,2140,2334
26350,163255,17583,78483,10752,145672,4475,2141,2334
26355,163286,17584,78501,10753,145700,4476,2141,2335
26360,163317,17585,78514,10753,145731,4477,2141,2336
26365,163348,17586,78531,10753,145761,4478,2141,2337
26370,163379,17587,78540,10753,145792,4479,2141,2338
26375,163410,17588,78557,10753,145820,4480,2142,2338
26380,163441,17589,78571,10754,145852,4481,2142,2339
26385,163472,17591,78590,10756,145879,4482,2143,2339
26390,163503,17595,78602,10759,145905,4483,2143,2340
26395,163534,17598,78618,10761,145936,4484,2143,2341
26400,163565,17601,78632,10764,145964,4485,2144,2341
26405,163596,17604,78649,10765,145992,4486,2144,2342
26410,163627,17608,78671,10769,146019,4487,2145,2342
26415,163658,17612,78690,10772,146046,4488,2145,2343
26420,163689,17615,78707,10773,146074,4489,2146,2343
26425,163720,17620,78722,10776,146100,4490,2147,2343
26430,163751,17626,78743,10781,146125,4491,2148,2343
26435,163782,17631,78760,10785,146151,4492,2148,2344
26440,163813,17636,78779,10789,146175,4493,2149,2344
26445,163844,17642,78791,10793,146201,4494,2150,2344
26450,163875,17646,78807,10796,146227,4495,2151,2344
26455,163906,17650,78823,10800,146254,4496,2151,2345
26460,163937,17654,78829,10801,146283,4497,2151,2346
26465,163968,17657,78845,10803,146309,4497,2151,2346
26470,163999,17661,78858,10804,146337,4497,2151,2346
26475,164030,17666,78873,10809,146363,4497,2151,2346
26480,164061,17671,78888,10812,146390,4497,2151,2346
26485,164092,17674,78899,10813,146418,4497,2151,2346
26490,164123,17678,78914,10815,146445,4497,2151,2346
26495,164154,17683,78932,10817,146470,4497,2151,2346
26500,164185,17686,78948,10818,146498,4497,2151,2346
26505,164216,17688,78964,10818,146527,4497,2151,2346
26510,164247,17690,78981,10819,146556,4497,2151,2346
26515,164278,17692,78995,10821,146585,4497,2151,2346
26520,164309,17694,79012,10821,146614,4497,2151,2346
26525,164340,17696,79024,10822,146643,4497,2151,2346
26530,164371,17698,79039,10822,146673,4497,2151,2346
26535,164402,17700,79052,10823,146701,4497,2151,2346
26540,164433,17702,79069,10823,146730,4497,2151,2346
26545,164464,17704,79086,10823,146760,4497,2151,2346
26550,164495,17707,79100,10824,146788,4497,2151,2346
26555,164526,17710,79118,10826,146816,4497,2151,2346
26560,164557,17714,79138,10829,146843,4497,2151,2346
26565,164588,17717,79153,10831,146871,4498,2152,2346
26570,164619,17720,79168,10832,146898,4499,2153,2346
26575,164650,17723,79181,10834,146927,4500,2154,2346
26580,164681,17726,79191,10835,146955,4501,2154,2347
26585,164712,17729,79207,10836,146983,4502,2154,2348
26590,164743,17735,79225,10840,147008,4503,2155,2348
26595,164774,17739,79239,10841,147035,4504,2156,2348
26600,164805,17743,79250,10843,147062,4505,2156,2349
26605,164836,17748,79261,10847,147088,4506,2156,2350
26610,164867,17754,79275,10851,147113,4507,2157,2350
26615,164898,17760,79290,10855,147138,4508,2157,2351
26620,164929,17764,79305,10856,147165,4509,2157,2352
26625,164960,17768,79318,10858,147191,4510,2157,2353
26630,164991,17772,79337,10861,147218,4511,2158,2353
26635,165022,17775,79348,10861,147247,4512,2159,2353
26640,165053,17778,79360,10863,147274,4513,2159,2354
26645,165084,17783,79375,10866,147300,4514,2159,2355
26650,165115,17789,79391,10870,147324,4515,2159,2356
26655,165146,17798,79411,10878,147346,4516,2160,2356
26660,165177,17803,79424,10880,147374,4517,2161,2356
26665,165208,17805,79437,10880,147403,4518,2162,2356
26670,165239,17807,79452,10882,147432,4519,2162,2357
26675,165270,17809,79470,10883,147461,4520,2162,2358
26680,165301,17811,79483,10884,147490,4521,2163,2358
26685,165332,17813,79500,10886,147519,4522,2163,2359
26690,165363,17815,79515,10888,147548,4523,2163,2360
26695,165394,17817,79533,10890,147577,4524,2164,2360
26700,165425,17819,79543,10890,147606,4525,2165,2360
26705,165456,17821,79553,10891,147634,4526,2165,2361
26710,165487,17823,79568,10891,147663,4527,2166,2361
26715,165518,17825,79581,10891,147692,4528,2166,2362
26720,165549,17827,79591,10892,147722,4529,2167,2362
26725,165580,17829,79605,10892,147751,4530,2167,2363
26730,165611,17832,79620,10893,147777,4531,2167,2364
26735,165642,17838,79632,10896,147804,4532,2168,2364
26740,165673,17842,79642,10898,147831,4533,2168,2365
26745,165704,17847,79658,10901,147857,4534,2168,2366
26750,165735,17851,79677,10904,147884,4535,2169,2366
26755,165766,17855,79694,10907,147911,4536,2169,2367
26760,165797,17858,79706,10908,147939,4537,2170,2367
26765,165828,17862,79719,10910,147965,4538,2171,2367
26770,165859,17867,79736,10914,147991,4539,2172,2367
26775,165890,17874,79753,10920,148015,4540,2172,2368
26780,165921,17883,79771,10927,148037,4541,2173,2368
26785,165952,17887,79787,10930,148064,4542,2174,2368
26790,165983,17893,79805,10936,148089,4543,2175,2368
26795,166014,17898,79820,10940,148116,4544,2176,2368
26800,166045,17903,79840,10945,148139,4545,2177,2368
26805,166076,17907,79855,10947,148168,4546,2178,2368
26810,166107,17909,79866,10948,148197,4547,2179,2368
26815,166138,17911,79878,10950,148226,4548,2180,2368
26820,166169,17913,79895,10951,148255,4549,2181,2368
26825,166200,17915,79911,10953,148284,4550,2182,2368
26830,166231,17917,79928,10955,148314,4551,2183,2368
26835,166262,17919,79943,10956,148342,4552,2183,2369
26840,166293,17921,79963,10957,148372,4553,2184,2369
26845,166324,17923,79981,10958,148401,4554,2185,2369
26850,166355,17925,79995,10959,148430,4555,2186,2369
26855,166386,17927,80010,10961,148459,4556,2187,2369
26860,166417,17929,80023,10962,148487,4557,2187,2370
26865,166448,17931,80038,10964,148517,4558,2188,2370
26870,166479,17933,80056,10965,148545,4559,2189,2370
26875,166510,17935,80069,10965,148574,4560,2189,2371
26880,166541,17937,80087,10966,148603,4561,2189,2372
26885,166572,17940,80101,10968,148631,4562,2189,2373
26890,166603,17943,80113,10969,148660,4563,2190,2373
26895,166634,17946,80129,10971,148687,4564,2190,2374
26900,166665,17949,80143,10973,148716,4565,2190,2375
26905,166696,17952,80157,10974,148744,4566,2190,2376
26910,166727,17959,80170,10979,148766,4567,2190,2377
26915,166758,17967,80189,10984,148789,4568,2191,2377
26920,166789,17975,80206,10989,148812,4569,2191,2378
26925,166820,17984,80222,10995,148834,4570,2191,2379
26930,166851,17991,80238,11000,148858,4571,2192,2379
26935,166882,17999,80250,11005,148882,4572,2192,2380
26940,166913,18003,80261,11008,148910,4573,2193,2380
26945,166944,18007,80276,11010,148937,4574,2194,2380
26950,166975,18013,80294,11015,148962,4575,2195,2380
26955,167006,18016,80309,11017,148988,4576,2196,2380
26960,167037,18018,80324,11018,149018,4577,2196,2381
26965,167068,18020,80341,11018,149046,4578,2196,2382
26970,167099,18022,80360,11019,149076,4579,2197,2382
26975,167130,18024,80373,11019,149106,4580,2197,2383
26980,167161,18026,80391,11020,149134,4581,2197,2384
26985,167192,18028,80404,11020,149163,4582,2197,2385
26990,167223,18030,80417,11022,149193,4583,2198,2385
26995,167254,18032,80437,11023,149221,4584,2198,2386
27000,167285,18034,80454,11025,149251,4585,2199,2386
27005,167316,18036,80466,11026,149280,4586,2199,2387
27010,167347,18038,80476,11026,149309,4587,2199,2388
27015,167378,18040,80485,11028,149338,4588,2199,2389
27020,167409,18042,80504,11030,149367,4589,2200,2389
27025,167440,18044,80519,11031,149395,4590,2201,2389
27030,167471,18046,80532,11031,149425,4591,2202,2389
27035,167502,18048,80546,11031,149453,4592,2203,2389
27040,167533,18050,80558,11032,149482,4593,2203,2390
27045,167564,18053,80572,11033,149510,4594,2204,2390
27050,167595,18056,80590,11035,149537,4595,2205,2390
27055,167626,18059,80604,11037,149566,4596,2205,2391
27060,167657,18063,80623,11038,149592,4597,2205,2392
27065,167688,18067,80634,11041,149621,4597,2205,2392
27070,167719,18073,80646,11043,149646,4597,2205,2392
27075,167750,18079,80661,11046,149669,4597,2205,2392
27080,167781,18084,80674,11048,149696,4597,2205,2392
27085,167812,18090,80691,11052,149721,4597,2205,2392
27090,167843,18096,80704,11054,149746,4597,2205,2392
27095,167874,18104,80723,11061,149769,4597,2205,2392
27100,167905,18111,80732,11064,149794,4597,2205,2392
27105,167936,18118,80749,11070,149816,4597,2205,2392
27110,167967,18124,80765,11075,149842,4597,2205,2392
27115,167998,18128,80777,11077,149868,4597,2205,2392
27120,168029,18134,80794,11082,149895,4597,2205,2392
27125,168060,18135,80808,11083,149925,4597,2205,2392
27130,168091,18136,80819,11083,149955,4597,2205,2392
27135,168122,18137,80833,11083,149985,4597,2205,2392
27140,168153,18138,80844,11083,150014,4597,2205,2392
27145,168184,18139,80858,11084,150045,4597,2205,2392
27150,168215,18140,80870,11085,150075,4597,2205,2392
27155,168246,18141,80888,11086,150104,4597,2205,2392
27160,168277,18142,80903,11087,150134,4597,2205,2392
27165,168308,18143,80919,11087,150165,4598,2205,2393
27170,168339,18144,80933,11088,150195,4599,2205,2394
27175,168370,18145,80947,11088,150225,4600,2205,2395
27180,168401,18146,80960,11089,150255,4601,2205,2396
27185,168432,18146,80976,11089,150286,4602,2205,2397
27190,168463,18146,80991,11089,150317,4603,2206,2397
27195,168494,18146,81012,11089,150348,4604,2206,2398
27200,168525,18146,81025,11089,150379,4605,2206,2399
27205,168556,18146,81041,11089,150410,4606,2206,2400
27210,168587,18146,81053,11089,150441,4607,2207,2400
27215,168618,18148,81069,11090,150469,4608,2207,2401
27220,168649,18151,81087,11093,150498,4609,2208,2401
27225,168680,18153,81106,11094,150527,4610,2208,2402
27230,168711,18159,81121,11098,150552,4611,2208,2403
27235,168742,18163,81126,11100,150579,4612,2208,2404
27240,168773,18167,81138,11103,150606,4613,2208,2405
27245,168804,18171,81153,11104,150632,4614,2208,2406
27250,168835,18175,81174,11108,150659,4615,2208,2407
27255,168866,18178,81186,11109,150687,4616,2209,2407
27260,168897,18182,81203,11111,150715,4617,2210,2407
27265,168928,18184,81224,11112,150743,4618,2210,2408
27270,168959,18186,81239,11113,150772,4619,2210,2409
27275,168990,18188,81252,11114,150800,4620,2210,2410
27280,169021,18191,81266,11116,150829,4621,2210,2411
27285,169052,18196,81281,11121,150853,4622,2211,2411
27290,169083,18203,81297,11127,150878,4623,2211,2412
27295,169114,18211,81313,11133,150902,4624,2211,2413
27300,169145,18214,81327,11135,150931,4625,2211,2414
27305,169176,18216,81341,11136,150960,4626,2211,2415
27310,169207,18218,81355,11138,150989,4627,2212,2415
27315,169238,18220,81372,11138,151018,4628,2213,2415
27320,169269,18222,81385,11138,151047,4629,2214,2415
27325,169300,18224,81401,11140,151075,4630,2215,2415
27330,169331,18226,81415,11140,151104,4631,2216,2415
27335,169362,18228,81427,11142,151133,4632,2216,2416
27340,169393,18230,81440,11143,151163,4633,2217,2416
27345,169424,18232,81454,11144,151192,4634,2217,2417
27350,169455,18234,81472,11146,151221,4635,2217,2418
27355,169486,18236,81490,11148,151250,4636,2218,2418
27360,169517,18238,81506,11150,151279,4637,2218,2419
27365,169548,18241,81520,11153,151307,4638,2219,2419
27370,169579,18245,81532,11156,151334,4639,2219,2420
27375,169610,18249,81547,11159,151360,4640,2220,2420
27380,169641,18255,81565,11164,151386,4641,2221,2420
27385,169672,18259,81575,11165,151413,4642,2222,2420
27390,169703,18264,81591,11169,151438,4643,2222,2421
27395,169734,18268,81607,11172,151464,4644,2222,2422
27400,169765,18273,81620,11175,151491,4645,2222,2423
27405,169796,18279,81636,11179,151516,4646,2223,2423
27410,169827,18284,81651,11181,151541,4647,2224,2423
27415,169858,18289,81666,11184,151567,4648,2225,2423
27420,169889,18295,81684,11188,151593,4649,2226,2423
27425,169920,18298,81695,11189,151621,4650,2226,2424
27430,169951,18303,81706,11193,151648,4651,2227,2424
27435,169982,18308,81724,11197,151672,4652,2228,2424
27440,170013,18313,81739,11200,151698,4653,2228,2425
27445,170044,18319,81754,11203,151724,4654,2228,2426
27450,170075,18321,81771,11203,151754,4655,2229,2426
27455,170106,18323,81789,11204,151782,4656,2229,2427
27460,170137,18325,81805,11206,151811,4657,2229,2428
27465,170168,18327,81820,11207,151841,4658,2229,2429
27470,170199,18329,81830,11209,151870,4659,2229,2430
27475,170230,18331,81848,11209,151899,4660,2229,2431
27480,170261,18333,81866,11210,151928,4661,2230,2431
27485,170292,18335,81883,11212,151957,4662,2230,2432
27490,170323,18337,81898,11213,151986,4663,2231,2432
27495,170354,18339,81915,11215,152015,4664,2231,2433
27500,170385,18341,81930,11216,152044,4665,2232,2433
27505,170416,18343,81945,11217,152073,4666,2232,2434
27510,170447,18345,81960,11218,152102,4667,2232,2435
27515,170478,18347,81975,11218,152131,4668,2232,2436
27520,170509,18349,81992,11219,152160,4669,2233,2436
27525,170540,18351,82010,11219,152189,4670,2234,2436
27530,170571,18354,82024,11221,152217,4671,2234,2437
27535,170602,18357,82034,11223,152245,4672,2234,2438
27540,170633,18360,82049,11224,152273,4673,2235,2438
27545,170664,18363,82062,11224,152301,4674,2235,2439
27550,170695,18366,82077,11225,152329,4675,2236,2439
27555,170726,18371,82097,11228,152354,4676,2237,2439
27560,170757,18377,82111,11230,152380,4677,2238,2439
27565,170788,18381,82125,11232,152407,4678,2239,2439
27570,170819,18386,82141,11233,152431,4679,2240,2439
27575,170850,18394,82165,11240,152454,4680,2241,2439
27580,170881,18401,82179,11245,152479,4681,2241,2440
27585,170912,18407,82193,11249,152503,4682,2242,2440
27590,170943,18415,82209,11257,152527,4683,2242,2441
27595,170974,18420,82221,11259,152554,4684,2242,2442
27600,171005,18424,82235,11262,152581,4685,2242,2443
27605,171036,18427,82251,11264,152607,4686,2242,2444
27610,171067,18430,82264,11265,152637,4687,2243,2444
27615,171098,18433,82279,11265,152664,4688,2243,2445
27620,171129,18439,82292,11270,152690,4689,2243,2446
27625,171160,18444,82308,11273,152715,4690,2244,2446
27630,171191,18447,82326,11276,152744,4691,2245,2446
27635,171222,18449,82337,11276,152773,4692,2245,2447
27640,171253,18451,82354,11277,152802,4693,2246,2447
27645,171284,18453,82374,11279,152830,4694,2247,2447
27650,171315,18455,82388,11281,152860,4695,2248,2447
27655,171346,18457,82403,11281,152888,4696,2248,2448
27660,171377,18459,82417,11283,152917,4697,2248,2449
27665,171408,18461,82430,11284,152947,4697,2248,2449
27670,171439,18463,82442,11285,152975,4697,2248,2449
27675,171470,18465,82455,11285,153005,4697,2248,2449
27680,171501,18467,82468,11285,153034,4697,2248,2449
27685,171532,18469,82484,11286,153063,4697,2248,2449
27690,171563,18471,82500,11287,153092,4697,2248,2449
27695,171594,18473,82518,11289,153120,4697,2248,2449
27700,171625,18476,82534,11290,153148,4697,2248,2449
27705,171656,18479,82551,11293,153177,4697,2248,2449
27710,171687,18482,82563,11295,153205,4697,2248,2449
27715,171718,18485,82575,11297,153233,4697,2248,2449
27720,171749,18488,82591,11299,153261,4697,2248,2449
27725,171780,18492,82604,11301,153288,4697,2248,2449
27730,171811,18495,82615,11301,153316,4697,2248,2449
27735,171842,18499,82630,11303,153341,4697,2248,2449
27740,171873,18506,82645,11307,153364,4697,2248,2449
27745,171904,18513,82661,11312,153387,4697,2248,2449
27750,171935,18522,82679,11320,153411,4697,2248,2449
27755,171966,18528,82692,11323,153435,4697,2248,2449
27760,171997,18533,82708,11326,153462,4697,2248,2449
27765,172028,18536,82722,11328,153492,4698,2248,2450
27770,172059,18539,82738,11329,153518,4699,2248,2451
27775,172090,18542,82753,11332,153547,4700,2248,2452
27780,172121,18545,82764,11333,153575,4701,2249,2452
27785,172152,18549,82779,11334,153602,4702,2250,2452
27790,172183,18553,82794,11336,153629,4703,2251,2452
27795,172214,18556,82812,11337,153657,4704,2252,2452
27800,172245,18560,82833,11340,153683,4705,2253,2452
27805,172276,18564,82848,11344,153710,4706,2253,2453
27810,172307,18567,82859,11346,153738,4707,2254,2453
27815,172338,18573,82874,11352,153765,4708,2255,2453
27820,172369,18576,82892,11354,153791,4709,2256,2453
27825,172400,18582,82907,11359,153817,4710,2256,2454
27830,172431,18587,82923,11362,153844,4711,2256,2455
27835,172462,18589,82940,11364,153872,4712,2257,2455
27840,172493,18591,82958,11366,153902,4713,2257,2456
27845,172524,18593,82974,11367,153931,4714,2258,2456
27850,172555,18595,82983,11368,153960,4715,2258,2457
27855,172586,18597,82994,11368,153989,4716,2258,2458
27860,172617,18600,83009,11369,154017,4717,2259,2458
27865,172648,18603,83024,11370,154045,4718,2260,2458
27870,172679,18606,83038,11371,154073,4719,2260,2459
27875,172710,18609,83051,11373,154101,4720,2260,2460
27880,172741,18612,83064,11374,154128,4721,2261,2460
27885,172772,18616,83080,11375,154155,4722,2262,2460
27890,172803,18621,83096,11379,154181,4723,2263,2460
27895,172834,18625,83111,11382,154209,4724,2263,2461
27900,172865,18629,83129,11385,154235,4725,2263,2462
27905,172896,18635,83142,11390,154261,4726,2263,2463
27910,172927,18639,83158,11393,154287,4727,2263,2464
27915,172958,18644,83175,11397,154314,4728,2264,2464
27920,172989,18647,83190,11400,154342,4729,2264,2465
27925,173020,18649,83207,11401,154371,4730,2264,2466
27930,173051,18651,83222,11401,154400,4731,2264,2467
27935,173082,18653,83242,11402,154429,4732,2265,2467
27940,173113,18655,83255,11403,154457,4733,2265,2468
27945,173144,18659,83270,11404,154484,4734,2266,2468
27950,173175,18662,83280,11406,154511,4735,2266,2469
27955,173206,18666,83295,11408,154539,4736,2267,2469
27960,173237,18671,83311,11411,154565,4737,2267,2470
27965,173268,18676,83324,11415,154592,4738,2267,2471
27970,173299,18680,83341,11417,154618,4739,2267,2472
27975,173330,18684,83353,11419,154645,4740,2268,2472
27980,173361,18689,83367,11423,154671,4741,2269,2472
27985,173392,18693,83379,11425,154697,4742,2270,2472
27990,173423,18696,83388,11427,154726,4743,2270,2473
27995,173454,18701,83398,11431,154753,4744,2270,2474
28000,173485,18705,83412,11433,154780,4745,2270,2475
28005,173516,18707,83430,11434,154808,4746,2270,2476
28010,173547,18709,83444,11434,154837,4747,2270,2477
28015,173578,18711,83457,11434,154866,4748,2271,2477
28020,173609,18713,83473,11435,154896,4749,2271,2478
28025,173640,18715,83484,11436,154925,4750,2271,2479
28030,173671,18717,83503,11437,154954,4751,2271,2480
28035,173702,18719,83516,11439,154983,4752,2271,2481
28040,173733,18721,83527,11439,155012,4753,2271,2482
28045,173764,18723,83539,11439,155041,4754,2272,2482
28050,173795,18725,83550,11440,155070,4755,2272,2483
28055,173826,18728,83567,11442,155098,4756,2273,2483
28060,173857,18730,83583,11442,155126,4757,2273,2484
28065,173888,18733,83596,11444,155155,4758,2274,2484
28070,173919,18737,83607,11447,155182,4759,2274,2485
28075,173950,18739,83618,11448,155210,4760,2275,2485
28080,173981,18742,83630,11449,155238,4761,2276,2485
28085,174012,18745,83644,11452,155266,4762,2276,2486
28090,174043,18749,83659,11456,155294,4763,2276,2487
28095,174074,18751,83672,11458,155323,4764,2276,2488
28100,174105,18752,83689,11459,155353,4765,2277,2488
28105,174136,18752,83701,11459,155382,4766,2278,2488
28110,174167,18756,83719,11463,155409,4767,2278,2489
28115,174198,18760,83732,11467,155437,4768,2278,2490
28120,174229,18762,83746,11468,155465,4769,2279,2490
28125,174260,18767,83766,11473,155492,4770,2280,2490
28130,174291,18771,83774,11476,155520,4771,2280,2491
28135,174322,18775,83786,11478,155547,4772,2280,2492
28140,174353,18776,83800,11479,155575,4773,2280,2493
28145,174384,18777,83815,11479,155607,4774,2281,2493
28150,174415,18778,83831,11479,155636,4775,2282,2493
28155,174446,18779,83846,11480,155666,4776,2282,2494
28160,174477,18780,83865,11481,155697,4777,2283,2494
28165,174508,18781,83878,11482,155727,4778,2284,2494
28170,174539,18782,83891,11482,155756,4779,2284,2495
28175,174570,18783,83909,11483,155787,4780,2285,2495
28180,174601,18784,83926,11483,155817,4781,2286,2495
28185,174632,18785,83943,11483,155844,4782,2287,2495
28190,174663,18787,83954,11484,155876,4783,2287,2496
28195,174694,18789,83968,11485,155905,4784,2287,2497
28200,174725,18791,83981,11486,155934,4785,2288,2497
28205,174756,18794,83993,11487,155962,4786,2289,2497
28210,174787,18797,84008,11487,155990,4787,2290,2497
28215,174818,18800,84021,11488,156018,4788,2290,2498
28220,174849,18803,84039,11489,156046,4789,2290,2499
28225,174880,18806,84053,11491,156074,4790,2291,2499
28230,174911,18809,84070,11494,156102,4791,2291,2500
28235,174942,18812,84086,11494,156130,4792,2292,2500
28240,174973,18816,84102,11496,156157,4793,2293,2500
28245,175004,18821,84115,11500,156183,4794,2293,2501
28250,175035,18825,84126,11502,156208,4795,2294,2501
28255,175066,18833,84140,11508,156232,4796,2294,2502
28260,175097,18841,84159,11515,156254,4797,2294,2503
28265,175128,18849,84173,11519,156277,4797,2294,2503
28270,175159,18853,84189,11520,156305,4797,2294,2503
28275,175190,18856,84200,11521,156334,4797,2294,2503
28280,175221,18859,84212,11522,156362,4797,2294,2503
28285,175252,18862,84221,11523,156390,4797,2294,2503
28290,175283,18865,84235,11523,156416,4797,2294,2503
28295,175314,18868,84257,11524,156443,4797,2294,2503
28300,175345,18872,84264,11525,156472,4797,2294,2503
28305,175376,18876,84283,11527,156498,4797,2294,2503
28310,175407,18880,84298,11530,156526,4797,2294,2503
28315,175438,18886,84311,11534,156550,4797,2294,2503
28320,175469,18891,84328,11538,156576,4797,2294,2503
28325,175500,18896,84339,11542,156604,4797,2294,2503
28330,175531,18898,84352,11542,156632,4797,2294,2503
28335,175562,18900,84367,11542,156662,4797,2294,2503
28340,175593,18902,84381,11543,156690,4797,2294,2503
28345,175624,18904,84393,11543,156719,4797,2294,2503
28350,175655,18906,84408,11544,156748,4797,2294,2503
28355,175686,18908,84421,11546,156778,4797,2294,2503
28360,175717,18910,84438,11547,156807,4797,2294,2503
28365,175748,18912,84454,11548,156836,4798,2294,2504
28370,175779,18914,84465,11548,156865,4799,2295,2504
28375,175810,18917,84483,11550,156893,4800,2295,2505
28380,175841,18920,84498,11552,156921,4801,2295,2506
28385,175872,18923,84511,11552,156949,4802,2296,2506
28390,175903,18926,84527,11554,156977,4803,2297,2506
28395,175934,18929,84538,11556,157005,4804,2297,2507
28400,175965,18933,84553,11559,157032,4805,2297,2508
28405,175996,18937,84574,11562,157059,4806,2298,2508
28410,176027,18940,84588,11564,157087,4807,2299,2508
28415,176058,18944,84603,11567,157114,4808,2300,2508
28420,176089,18948,84620,11569,157139,4809,2300,2509
28425,176120,18953,84634,11573,157165,4810,2301,2509
28430,176151,18959,84652,11577,157191,4811,2302,2509
28435,176182,18967,84672,11584,157214,4812,2303,2509
28440,176213,18971,84683,11585,157242,4813,2303,2510
28445,176244,18974,84700,11587,157269,4814,2304,2510
28450,176275,18978,84716,11588,157296,4815,2304,2511
28455,176306,18982,84726,11591,157324,4816,2304,2512
28460,176337,18985,84740,11591,157351,4817,2305,2512
28465,176368,18989,84749,11595,157379,4818,2305,2513
28470,176399,18992,84763,11596,157405,4819,2306,2513
28475,176430,18996,84781,11599,157431,4820,2306,2514
28480,176461,19000,84797,11602,157459,4821,2307,2514
28485,176492,19004,84806,11604,157486,4822,2307,2515
28490,176523,19008,84818,11606,157512,4823,2307,2516
28495,176554,19012,84830,11608,157541,4824,2308,2516
28500,176585,19016,84846,11610,157567,4825,2308,2517
28505,176616,19022,84865,11616,157594,4826,2309,2517
28510,176647,19024,84877,11617,157623,4827,2309,2518
28515,176678,19026,84887,11618,157652,4828,2309,2519
28520,176709,19028,84901,11619,157681,4829,2309,2520
28525,176740,19030,84918,11621,157710,4830,2310,2520
28530,176771,19032,84931,11622,157739,4831,2310,2521
28535,176802,19034,84951,11624,157768,4832,2310,2522
28540,176833,19037,84964,11626,157795,4833,2310,2523
28545,176864,19040,84983,11627,157822,4834,2311,2523
28550,176895,19043,85000,11629,157851,4835,2311,2524
28555,176926,19046,85015,11630,157878,4836,2312,2524
28560,176957,19049,85027,11631,157907,4837,2312,2525
28565,176988,19052,85039,11632,157934,4838,2312,2526
28570,177019,19056,85055,11636,157962,4839,2313,2526
28575,177050,19060,85070,11639,157990,4840,2313,2527
28580,177081,19064,85086,11641,158017,4841,2313,2528
28585,177112,19068,85098,11643,158044,4842,2313,2529
28590,177143,19072,85115,11646,158071,4843,2314,2529
28595,177174,19075,85131,11647,158099,4844,2315,2529
28600,177205,19078,85147,11650,158127,4845,2316,2529
28605,177236,19083,85166,11654,158151,4846,2316,2530
28610,177267,19091,85181,11661,158174,4847,2317,2530
28615,177298,19097,85192,11664,158200,4848,2317,2531
28620,177329,19101,85206,11667,158226,4849,2318,2531
28625,177360,19105,85222,11668,158254,4850,2318,2532
28630,177391,19109,85238,11670,158280,4851,2319,2532
28635,177422,19113,85255,11674,158307,4852,2320,2532
28640,177453,19117,85270,11675,158335,4853,2321,2532
28645,177484,19121,85284,11677,158362,4854,2322,2532
28650,177515,19124,85299,11678,158391,4855,2322,2533
28655,177546,19128,85317,11681,158418,4856,2323,2533
28660,177577,19131,85330,11682,158445,4857,2324,2533
28665,177608,19136,85341,11685,158471,4858,2324,2534
28670,177639,19139,85352,11686,158500,4859,2325,2534
28675,177670,19142,85365,11687,158527,4860,2325,2535
28680,177701,19147,85384,11690,158554,4861,2326,2535
28685,177732,19149,85400,11690,158583,4862,2327,2535
28690,177763,19151,85405,11691,158612,4863,2327,2536
28695,177794,19153,85422,11691,158641,4864,2328,2536
28700,177825,19155,85440,11691,158669,4865,2328,2537
28705,177856,19157,85458,11693,158699,4866,2328,2538
28710,177887,19159,85474,11695,158727,4867,2328,2539
28715,177918,19162,85485,11696,158756,4868,2328,2540
28720,177949,19165,85500,11698,158782,4869,2329,2540
28725,177980,19168,85517,11700,158809,4870,2329,2541
28730,178011,19171,85536,11702,158838,4871,2330,2541
28735,178042,19174,85547,11704,158868,4872,2330,2542
28740,178073,19177,85558,11705,158894,4873,2330,2543
28745,178104,19180,85572,11707,158924,4874,2331,2543
28750,178135,19184,85588,11710,158951,4875,2331,2544
28755,178166,19188,85608,11714,158978,4876,2332,2544
28760,178197,19192,85623,11717,159005,4877,2333,2544
28765,178228,19197,85640,11719,159031,4878,2333,2545
28770,178259,19200,85653,11720,159059,4879,2333,2546
28775,178290,19204,85665,11722,159086,4880,2333,2547
28780,178321,19208,85678,11725,159113,4881,2334,2547
28785,178352,19212,85693,11729,159140,4882,2334,2548
28790,178383,19219,85710,11734,159163,4883,2335,2548
28795,178414,19225,85729,11738,159188,4884,2335,2549
28800,178445,19229,85741,11741,159215,4885,2336,2549
28805,178476,19234,85754,11743,159242,4885,2336,2549
28810,178507,19237,85767,11744,159269,4885,2336,2549
28815,178538,19242,85780,11746,159294,4885,2336,2549
28820,178569,19248,85797,11750,159319,4885,2336,2549
28825,178600,19253,85812,11753,159345,4885,2336,2549
28830,178631,19259,85830,11757,159372,4885,2336,2549
28835,178662,19261,85848,11758,159401,4885,2336,2549
28840,178693,19263,85862,11758,159430,4885,2336,2549
28845,178724,19265,85877,11759,159459,4885,2336,2549
28850,178755,19267,85892,11761,159488,4885,2336,2549
28855,178786,19269,85910,11763,159517,4885,2336,2549
28860,178817,19271,85927,11764,159546,4885,2336,2549
28865,178848,19273,85940,11764,159575,4885,2336,2549
28870,178879,19275,85956,11764,159602,4885,2336,2549
28875,178910,19277,85969,11764,159632,4885,2336,2549
28880,178941,19279,85981,11765,159662,4885,2336,2549
28885,178972,19281,85996,11765,159689,4885,2336,2549
28890,179003,19283,86014,11766,159719,4885,2336,2549
28895,179034,19285,86030,11766,159749,4885,2336,2549
28900,179065,19288,86043,11766,159775,4885,2336,2549
28905,179096,19292,86055,11768,159804,4886,2336,2550
28910,179127,19295,86072,11769,159832,4887,2336,2551
28915,179158,19298,86091,11770,159860,4888,2337,2551
28920,179189,19301,86106,11772,159888,4889,2337,2552
28925,179220,19304,86122,11773,159916,4890,2337,2553
28930,179251,19307,86133,11774,159944,4891,2337,2554
28935,179282,19310,86147,11776,159971,4892,2337,2555
28940,179313,19315,86165,11781,159998,4893,2337,2556
28945,179344,19319,86176,11784,160024,4894,2337,2557
28950,179375,19323,86193,11787,160052,4895,2337,2558
28955,179406,19328,86207,11790,160076,4896,2337,2559
28960,179437,19333,86220,11791,160104,4897,2337,2560
28965,179468,19339,86239,11796,160128,4898,2338,2560
28970,179499,19346,86255,11802,160153,4899,2338,2561
28975,179530,19352,86274,11808,160176,4900,2338,2562
28980,179561,19361,86290,11815,160200,4901,2338,2563
28985,179592,19365,86305,11818,160225,4902,2338,2564
28990,179623,19370,86317,11823,160253,4903,2339,2564
28995,179654,19372,86330,11825,160280,4904,2339,2565
29000,179685,19376,86339,11827,160308,4905,2339,2566
29005,179716,19379,86354,11829,160336,4906,2340,2566
29010,179747,19379,86364,11829,160367,4907,2341,2566
29015,179778,19379,86380,11829,160398,4908,2341,2567
29020,179809,19379,86395,11829,160429,4909,2341,2568
29025,179840,19379,86407,11829,160460,4910,2342,2568
29030,179871,19379,86424,11829,160491,4911,2342,2569
29035,179902,19379,86444,11829,160522,4912,2343,2569
29040,179933,19379,86458,11829,160554,4913,2343,2570
29045,179964,19379,86472,11829,160584,4914,2344,2570
29050,179995,19379,86487,11829,160615,4915,2344,2571
29055,180026,19379,86501,11829,160647,4916,2344,2572
29060,180057,19379,86514,11829,160677,4917,2344,2573
29065,180088,19379,86526,11829,160708,4918,2344,2574
29070,180119,19379,86540,11829,160739,4919,2344,2575
29075,180150,19379,86553,11829,160771,4920,2345,2575
29080,180181,19379,86575,11829,160801,4921,2346,2575
29085,180212,19379,86589,11829,160833,4922,2347,2575
29090,180243,19381,86604,11830,160861,4923,2347,2576
29095,180274,19383,86614,11830,160890,4924,2348,2576
29100,180305,19385,86626,11832,160920,4925,2348,2577
29105,180336,19387,86637,11832,160949,4926,2348,2578
29110,180367,19391,86648,11833,160976,4927,2348,2579
29115,180398,19395,86664,11835,161003,4928,2348,2580
29120,180429,19399,86682,11838,161029,4929,2349,2580
29125,180460,19404,86695,11840,161056,4930,2350,2580
29130,180491,19408,86712,11842,161082,4931,2351,2580
29135,180522,19413,86730,11846,161108,4932,2351,2581
29140,180553,19418,86746,11850,161135,4933,2352,2581
29145,180584,19423,86761,11855,161161,4934,2353,2581
29150,180615,19431,86781,11861,161183,4935,2354,2581
29155,180646,19438,86794,11865,161207,4936,2355,2581
29160,180677,19447,86808,11872,161229,4937,2355,2582
29165,180708,19455,86825,11879,161252,4938,2355,2583
29170,180739,19460,86841,11884,161278,4939,2355,2584
29175,180770,19465,86854,11889,161305,4940,2355,2585
29180,180801,19469,86867,11891,161332,4941,2356,2585
29185,180832,19473,86881,11893,161359,4942,2357,2585
29190,180863,19475,86901,11894,161387,4943,2357,2586
29195,180894,19477,86915,11896,161416,4944,2357,2587
29200,180925,19479,86928,11897,161445,4945,2357,2588
29205,180956,19481,86941,11898,161474,4946,2357,2589
29210,180987,19483,86958,11900,161504,4947,2358,2589
29215,181018,19485,86971,11901,161531,4948,2358,2590
29220,181049,19487,86988,11902,161561,4949,2359,2590
29225,181080,19489,87004,11904,161590,4950,2359,2591
29230,181111,19491,87021,11905,161620,4951,2360,2591
29235,181142,19493,87037,11907,161649,4952,2361,2591
29240,181173,19495,87051,11907,161678,4953,2362,2591
29245,181204,19497,87071,11909,161707,4954,2363,2591
29250,181235,19499,87084,11910,161734,4955,2363,2592
29255,181266,19501,87102,11912,161764,4956,2364,2592
29260,181297,19503,87116,11913,161794,4957,2365,2592
29265,181328,19505,87130,11913,161823,4958,2365,2593
29270,181359,19507,87148,11915,161852,4959,2366,2593
29275,181390,19510,87161,11915,161880,4960,2366,2594
29280,181421,19513,87177,11916,161908,4961,2366,2595
29285,181452,19516,87193,11917,161936,4962,2367,2595
29290,181483,19519,87207,11920,161964,4963,2368,2595
29295,181514,19524,87225,11924,161990,4964,2369,2595
29300,181545,19529,87238,11925,162015,4965,2369,2596
29305,181576,19534,87250,11927,162042,4966,2370,2596
29310,181607,19539,87267,11929,162067,4967,2370,2597
29315,181638,19545,87279,11932,162092,4968,2371,2597
29320,181669,19552,87294,11937,162116,4969,2371,2598
29325,181700,19560,87308,11944,162137,4970,2371,2599
29330,181731,19570,87323,11954,162159,4971,2372,2599
29335,181762,19577,87338,11960,162184,4972,2373,2599
29340,181793,19583,87348,11964,162210,4973,2373,2600
29345,181824,19586,87364,11965,162237,4973,2373,2600
29350,181855,19589,87386,11967,162266,4973,2373,2600
29355,181886,19591,87399,11968,162295,4973,2373,2600
29360,181917,19593,87412,11969,162324,4973,2373,2600
29365,181948,19595,87425,11970,162352,4973,2373,2600
29370,181979,19597,87442,11971,162382,4973,2373,2600
29375,182010,19599,87455,11972,162411,4973,2373,2600
29380,182041,19601,87473,11973,162439,4973,2373,2600
29385,182072,19603,87484,11975,162468,4973,2373,2600
29390,182103,19605,87501,11976,162497,4973,2373,2600
29395,182134,19607,87516,11977,162526,4973,2373,2600
29400,182165,19609,87530,11978,162556,4973,2373,2600
29405,182196,19611,87546,11979,162585,4973,2373,2600
29410,182227,19613,87558,11980,162614,4973,2373,2600
29415,182258,19615,87574,11982,162643,4973,2373,2600
29420,182289,19617,87588,11982,162672,4973,2373,2600
29425,182320,19619,87604,11983,162701,4973,2373,2600
29430,182351,19621,87616,11984,162730,4973,2373,2600
29435,182382,19623,87631,11985,162759,4973,2373,2600
29440,182413,19626,87650,11986,162787,4973,2373,2600
29445,182444,19629,87660,11987,162814,4974,2374,2600
29450,182475,19632,87677,11989,162842,4975,2374,2601
29455,182506,19636,87699,11993,162867,4976,2375,2601
29460,182537,19641,87712,11995,162894,4977,2375,2602
29465,182568,19645,87731,11997,162922,4978,2375,2603
29470,182599,19650,87744,11999,162948,4979,2375,2604
29475,182630,19655,87758,12001,162973,4980,2375,2605
29480,182661,19662,87774,12006,162998,4981,2375,2606
29485,182692,19667,87787,12009,163024,4982,2376,2606
29490,182723,19672,87805,12013,163048,4983,2376,2607
29495,182754,19681,87825,12021,163072,4984,2377,2607
29500,182785,19687,87836,12024,163097,4985,2377,2608
29505,182816,19694,87851,12028,163121,4986,2378,2608
29510,182847,19702,87868,12034,163145,4987,2378,2609
29515,182878,19708,87888,12038,163168,4988,2379,2609
29520,182909,19710,87901,12038,163198,4989,2380,2609
29525,182940,19712,87921,12039,163228,4990,2380,2610
29530,182971,19714,87938,12040,163256,4991,2381,2610
29535,183002,19716,87951,12042,163286,4992,2381,2611
29540,183033,19718,87961,12043,163315,4993,2381,2612
29545,183064,19720,87975,12044,163344,4994,2382,2612
29550,183095,19722,87988,12045,163373,4995,2383,2612
29555,183126,19724,88004,12046,163402,4996,2383,2613
29560,183157,19726,88019,12047,163431,4997,2383,2614
29565,183188,19728,88030,12047,163460,4998,2383,2615
29570,183219,19730,88047,12048,163489,4999,2383,2616
29575,183250,19732,88064,12050,163517,5000,2383,2617
29580,183281,19734,88072,12052,163547,5001,2383,2618
29585,183312,19736,88089,12054,163576,5002,2383,2619
29590,183343,19738,88106,12055,163604,5003,2384,2619
29595,183374,19740,88122,12057,163634,5004,2385,2619
29600,183405,19742,88139,12057,163663,5005,2386,2619
29605,183436,19744,88155,12058,163692,5006,2387,2619
29610,183467,19746,88167,12059,163721,5007,2388,2619
29615,183498,19749,88179,12060,163749,5008,2388,2620
29620,183529,19753,88194,12062,163775,5009,2389,2620
29625,183560,19758,88211,12066,163801,5010,2389,2621
29630,183591,19764,88229,12070,163825,5011,2389,2622
29635,183622,19769,88240,12073,163853,5012,2389,2623
29640,183653,19774,88256,12076,163876,5013,2390,2623
29645,183684,19781,88277,12082,163900,5014,2391,2623
29650,183715,19788,88296,12088,163926,5015,2392,2623
29655,183746,19794,88310,12093,163952,5016,2392,2624
29660,183777,19797,88329,12095,163980,5017,2392,2625
29665,183808,19800,88344,12096,164007,5018,2392,2626
29670,183839,19803,88357,12098,164036,5019,2392,2627
29675,183870,19806,88373,12100,164064,5020,2392,2628
29680,183901,19809,88388,12103,164092,5021,2393,2628
29685,183932,19813,88404,12106,164119,5022,2394,2628
29690,183963,19817,88423,12108,164144,5023,2395,2628
29695,183994,19821,88435,12110,164172,5024,2395,2629
29700,184025,19825,88452,12114,164198,5025,2396,2629
29705,184056,19831,88463,12119,164225,5026,2396,2630
29710,184087,19835,88482,12121,164249,5027,2396,2631
29715,184118,19840,88495,12123,164277,5028,2396,2632
29720,184149,19844,88508,12125,164304,5029,2396,2633
29725,184180,19846,88525,12126,164333,5030,2396,2634
29730,184211,19848,88544,12128,164362,5031,2396,2635
29735,184242,19850,88557,12129,164391,5032,2396,2636
29740,184273,19852,88573,12129,164420,5033,2397,2636
29745,184304,19854,88589,12130,164450,5034,2397,2637
29750,184335,19856,88603,12130,164479,5035,2398,2637
29755,184366,19858,88614,12131,164508,5036,2398,2638
29760,184397,19862,88630,12133,164535,5037,2399,2638
29765,184428,19864,88640,12133,164564,5038,2399,2639
29770,184459,19867,88652,12135,164592,5039,2400,2639
29775,184490,19870,88669,12137,164620,5040,2400,2640
29780,184521,19872,88687,12139,164649,5041,2400,2641
29785,184552,19875,88705,12142,164677,5042,2401,2641
29790,184583,19878,88718,12144,164705,5043,2401,2642
29795,184614,19881,88733,12146,164733,5044,2401,2643
29800,184645,19884,88752,12148,164761,5045,2401,2644
29805,184676,19886,88764,12148,164789,5046,2402,2644
29810,184707,19889,88777,12150,164817,5047,2402,2645
29815,184738,19894,88792,12155,164842,5048,2403,2645
29820,184769,19896,88806,12157,164873,5049,2404,2645
29825,184800,19897,88817,12157,164903,5050,2404,2646
29830,184831,19899,88831,12159,164930,5051,2404,2647
29835,184862,19901,88845,12160,164961,5052,2404,2648
29840,184893,19903,88858,12161,164990,5053,2404,2649
29845,184924,19905,88876,12162,165017,5054,2404,2650
29850,184955,19907,88892,12163,165047,5055,2404,2651
29855,184986,19910,88911,12165,165075,5056,2404,2652
29860,185017,19914,88930,12168,165101,5057,2404,2653
29865,185048,19919,88947,12173,165129,5058,2405,2653
29870,185079,19922,88957,12174,165156,5059,2406,2653
29875,185110,19927,88972,12177,165182,5060,2406,2654
29880,185141,19932,88984,12180,165209,5061,2406,2655
29885,185172,19935,88996,12182,165236,5061,2406,2655
29890,185203,19937,89014,12184,165265,5061,2406,2655
29895,185234,19938,89029,12185,165296,5061,2406,2655
29900,185265,19939,89046,12186,165325,5061,2406,2655
29905,185296,19940,89064,12187,165356,5061,2406,2655
29910,185327,19941,89074,12187,165385,5061,2406,2655
29915,185358,19942,89089,12187,165415,5061,2406,2655
29920,185389,19943,89104,12188,165445,5061,2406,2655
29925,185420,19945,89121,12190,165474,5061,2406,2655
29930,185451,19948,89138,12191,165502,5061,2406,2655
29935,185482,19951,89154,12193,165530,5061,2406,2655
29940,185513,19954,89166,12196,165559,5061,2406,2655
29945,185544,19956,89180,12196,165587,5061,2406,2655
29950,185575,19959,89193,12198,165616,5061,2406,2655
29955,185606,19961,89206,12199,165644,5061,2406,2655
29960,185637,19966,89220,12202,165670,5061,2406,2655
29965,185668,19970,89238,12205,165695,5061,2406,2655
29970,185699,19977,89252,12211,165721,5061,2406,2655
29975,185730,19978,89271,12211,165750,5061,2406,2655
29980,185761,19979,89286,12212,165782,5061,2406,2655
29985,185792,19980,89302,12212,165811,5062,2407,2655
29990,185823,19982,89316,12212,165840,5063,2407,2656
29995,185854,19985,89331,12214,165869,5064,2408,2656
30000,185885,19988,89349,12216,165896,5065,2409,2656
30005,185916,19991,89362,12217,165925,5066,2410,2656
30010,185947,19995,89376,12220,165952,5067,2410,2657
30015,185978,19998,89391,12222,165980,5068,2411,2657
30020,186009,20002,89406,12223,166006,5069,2412,2657
30025,186040,20007,89414,12226,166033,5070,2412,2658
30030,186071,20011,89424,12228,166059,5071,2413,2658
30035,186102,20016,89439,12231,166084,5072,2413,2659
30040,186133,20022,89454,12235,166111,5073,2414,2659
30045,186164,20026,89470,12238,166138,5074,2414,2660
30050,186195,20029,89484,12240,166166,5075,2414,2661
30055,186226,20031,89493,12241,166195,5076,2415,2661
30060,186257,20033,89506,12241,166224,5077,2416,2661
30065,186288,20035,89519,12242,166252,5078,2417,2661
30070,186319,20037,89525,12243,166282,5079,2417,2662
30075,186350,20039,89538,12244,166310,5080,2418,2662
30080,186381,20043,89554,12247,166335,5081,2419,2662
30085,186412,20049,89571,12252,166360,5082,2419,2663
30090,186443,20053,89583,12254,166390,5083,2419,2664
30095,186474,20058,89600,12258,166413,5084,2419,2665
30100,186505,20064,89618,12263,166439,5085,2419,2666
30105,186536,20068,89623,12264,166467,5086,2419,2667
30110,186567,20076,89641,12271,166489,5087,2420,2667
30115,186598,20078,89655,12272,166520,5088,2421,2667
30120,186629,20080,89667,12272,166549,5089,2422,2667
30125,186660,20082,89686,12274,166577,5090,2422,2668
30130,186691,20084,89699,12274,166606,5091,2423,2668
30135,186722,20086,89714,12275,166636,5092,2424,2668
30140,186753,20088,89726,12277,166664,5093,2424,2669
30145,186784,20090,89743,12278,166693,5094,2425,2669
30150,186815,20092,89753,12278,166723,5095,2425,2670
30155,186846,20095,89765,12278,166751,5096,2425,2671
30160,186877,20098,89777,12279,166777,5097,2426,2671
30165,186908,20101,89789,12280,166807,5098,2427,2671
30170,186939,20104,89807,12282,166834,5099,2427,2672
30175,186970,20107,89823,12283,166863,5100,2427,2673
30180,187001,20110,89839,12284,166891,5101,2427,2674
30185,187032,20113,89852,12286,166919,5102,2427,2675
30190,187063,20117,89866,12289,166946,5103,2427,2676
30195,187094,20120,89878,12290,166974,5104,2428,2676
30200,187125,20123,89895,12291,167002,5105,2429,2676
30205,187156,20126,89910,12292,167029,5106,2429,2677
30210,187187,20131,89926,12295,167056,5107,2430,2677
30215,187218,20136,89943,12299,167081,5108,2430,2678
30220,187249,20142,89965,12304,167105,5109,2431,2678
30225,187280,20150,89989,12311,167127,5110,2432,2678
30230,187311,20155,90001,12314,167156,5111,2433,2678
30235,187342,20158,90013,12316,167184,5112,2434,2678
30240,187373,20162,90028,12318,167209,5113,2435,2678
30245,187404,20168,90038,12322,167234,5114,2435,2679
30250,187435,20174,90055,12326,167260,5115,2436,2679
30255,187466,20179,90070,12328,167285,5116,2437,2679
30260,187497,20185,90086,12333,167312,5117,2437,2680
30265,187528,20187,90106,12334,167340,5118,2437,2681
30270,187559,20189,90119,12334,167369,5119,2437,2682
30275,187590,20191,90138,12335,167399,5120,2437,2683
30280,187621,20193,90152,12337,167428,5121,2438,2683
30285,187652,20195,90172,12338,167457,5122,2438,2684
30290,187683,20197,90188,12339,167486,5123,2439,2684
30295,187714,20199,90202,12340,167515,5124,2440,2684
30300,187745,20201,90217,12341,167544,5125,2440,2685
30305,187776,20203,90233,12343,167573,5126,2440,2686
30310,187807,20205,90246,12344,167602,5127,2441,2686
30315,187838,20207,90260,12344,167631,5128,2441,2687
30320,187869,20209,90275,12344,167659,5129,2441,2688
30325,187900,20211,90286,12345,167689,5130,2441,2689
30330,187931,20215,90301,12348,167715,5131,2441,2690
30335,187962,20220,90319,12352,167740,5132,2441,2691
30340,187993,20224,90332,12354,167769,5133,2442,2691
30345,188024,20227,90344,12354,167796,5134,2442,2692
30350,188055,20230,90357,12355,167825,5135,2442,2693
30355,188086,20233,90378,12358,167853,5136,2442,2694
30360,188117,20236,90397,12361,167881,5137,2442,2695
30365,188148,20240,90415,12363,167907,5138,2443,2695
30370,188179,20245,90433,12366,167934,5139,2444,2695
30375,188210,20250,90450,12367,167958,5140,2445,2695
30380,188241,20256,90461,12371,167985,5141,2445,2696
30385,188272,20261,90478,12374,168010,5142,2446,2696
30390,188303,20267,90495,12377,168035,5143,2447,2696
30395,188334,20271,90509,12380,168063,5144,2448,2696
30400,188365,20274,90523,12382,168091,5145,2448,2697
30405,188396,20277,90538,12383,168119,5146,2449,2697
30410,188427,20280,90551,12384,168146,5147,2449,2698
30415,188458,20286,90567,12388,168171,5148,2449,2699
30420,188489,20290,90580,12389,168198,5149,2450,2699
30425,188520,20296,90598,12394,168223,5150,2450,2700
30430,188551,20300,90610,12397,168249,5151,2450,2701
30435,188582,20306,90626,12402,168275,5152,2450,2702
30440,188613,20312,90645,12406,168300,5153,2451,2702
30445,188644,20314,90657,12407,168330,5154,2451,2703
30450,188675,20316,90672,12407,168359,5155,2451,2704
30455,188706,20318,90690,12409,168387,5156,2451,2705
30460,188737,20320,90709,12410,168416,5157,2452,2705
30465,188768,20322,90725,12410,168445,5158,2452,2706
30470,188799,20324,90738,12411,168474,5159,2453,2706
30475,188830,20326,90758,12412,168502,5160,2454,2706
30480,188861,20328,90770,12413,168532,5161,2455,2706
30485,188892,20330,90783,12414,168560,5161,2455,2706
30490,188923,20332,90794,12416,168589,5161,2455,2706
30495,188954,20334,90813,12417,168618,5161,2455,2706
30500,188985,20336,90828,12418,168649,5161,2455,2706
30505,189016,20339,90841,12420,168675,5161,2455,2706
30510,189047,20342,90856,12423,168704,5161,2455,2706
30515,189078,20345,90875,12426,168733,5161,2455,2706
30520,189109,20348,90890,12428,168761,5161,2455,2706
30525,189140,20351,90900,12429,168789,5161,2455,2706
30530,189171,20354,90910,12430,168817,5161,2455,2706
30535,189202,20357,90925,12431,168845,5161,2455,2706
30540,189233,20360,90940,12431,168873,5161,2455,2706
30545,189264,20364,90952,12433,168900,5161,2455,2706
30550,189295,20368,90964,12435,168927,5161,2455,2706
30555,189326,20372,90985,12438,168953,5161,2455,2706
30560,189357,20377,91001,12440,168979,5161,2455,2706
30565,189388,20383,91016,12442,169003,5161,2455,2706
30570,189419,20391,91033,12448,169027,5161,2455,2706
30575,189450,20397,91052,12453,169053,5161,2455,2706
30580,189481,20403,91070,12458,169077,5161,2455,2706
30585,189512,20409,91086,12463,169102,5162,2456,2706
30590,189543,20417,91101,12469,169126,5163,2457,2706
30595,189574,20422,91117,12472,169150,5164,2457,2707
30600,189605,20426,91135,12475,169178,5165,2457,2708
30605,189636,20429,91146,12475,169207,5166,2458,2708
30610,189667,20433,91159,12477,169233,5167,2459,2708
30615,189698,20438,91177,12481,169259,5168,2460,2708
30620,189729,20443,91194,12486,169284,5169,2461,2708
30625,189760,20446,91213,12489,169314,5170,2462,2708
30630,189791,20448,91223,12490,169343,5171,2462,2709
30635,189822,20450,91237,12492,169371,5172,2462,2710
30640,189853,20452,91251,12492,169401,5173,2463,2710
30645,189884,20454,91264,12492,169430,5174,2464,2710
30650,189915,20456,91277,12494,169456,5175,2464,2711
30655,189946,20458,91290,12495,169487,5176,2465,2711
30660,189977,20460,91304,12495,169516,5177,2466,2711
30665,190008,20461,91316,12495,169547,5178,2466,2712
30670,190039,20462,91329,12496,169577,5179,2466,2713
30675,190070,20463,91344,12497,169607,5180,2466,2714
30680,190101,20464,91358,12498,169637,5181,2466,2715
30685,190132,20465,91370,12498,169666,5182,2466,2716
30690,190163,20466,91383,12498,169697,5183,2466,2717
30695,190194,20467,91397,12498,169727,5184,2466,2718
30700,190225,20468,91412,12499,169757,5185,2467,2718
30705,190256,20471,91426,12501,169783,5186,2467,2719
30710,190287,20476,91442,12506,169809,5187,2468,2719
30715,190318,20480,91450,12509,169838,5188,2468,2720
30720,190349,20482,91466,12511,169865,5189,2468,2721
30725,190380,20488,91483,12515,169892,5190,2469,2721
30730,190411,20493,91505,12519,169917,5191,2470,2721
30735,190442,20495,91518,12520,169947,5192,2471,2721
30740,190473,20496,91540,12521,169977,5193,2472,2721
30745,190504,20497,91556,12521,170007,5194,2472,2722
30750,190535,20498,91570,12521,170037,5195,2473,2722
30755,190566,20499,91585,12522,170067,5196,2473,2723
30760,190597,20501,91598,12524,170096,5197,2473,2724
30765,190628,20502,91615,12525,170125,5198,2474,2724
30770,190659,20505,91631,12527,170154,5199,2474,2725
30775,190690,20509,91649,12531,170179,5200,2475,2725
30780,190721,20512,91664,12533,170208,5201,2475,2726
30785,190752,20515,91681,12536,170235,5202,2475,2727
30790,190783,20520,91697,12540,170262,5203,2476,2727
30795,190814,20525,91715,12545,170289,5204,2477,2727
30800,190845,20526,91732,12546,170319,5205,2478,2727
30805,190876,20527,91748,12546,170349,5206,2479,2727
30810,190907,20528,91763,12547,170379,5207,2479,2728
30815,190938,20529,91776,12547,170409,5208,2480,2728
30820,190969,20530,91791,12547,170437,5209,2480,2729
30825,191000,20531,91811,12548,170466,5210,2480,2730
30830,191031,20533,91826,12549,170497,5211,2480,2731
30835,191062,20535,91836,12549,170526,5212,2480,2732
30840,191093,20537,91853,12551,170554,5213,2480,2733
30845,191124,20541,91869,12555,170581,5214,2481,2733
30850,191155,20544,91883,12556,170610,5215,2481,2734
30855,191186,20547,91896,12558,170639,5216,2482,2734
30860,191217,20550,91913,12560,170666,5217,2482,2735
30865,191248,20554,91930,12563,170693,5218,2482,2736
30870,191279,20557,91944,12564,170721,5219,2482,2737
30875,191310,20561,91966,12567,170748,5220,2483,2737
30880,191341,20566,91977,12571,170774,5221,2483,2738
30885,191372,20571,91993,12574,170801,5222,2484,2738
30890,191403,20574,92011,12574,170829,5223,2485,2738
30895,191434,20578,92027,12577,170855,5224,2486,2738
30900,191465,20585,92041,12580,170880,5225,2487,2738
30905,191496,20590,92053,12582,170906,5226,2487,2739
30910,191527,20593,92068,12583,170934,5227,2487,2740
30915,191558,20596,92084,12584,170961,5228,2488,2740
30920,191589,20599,92100,12585,170988,5229,2488,2741
30925,191620,20602,92116,12586,171016,5230,2488,2742
30930,191651,20605,92128,12588,171045,5231,2489,2742
30935,191682,20609,92138,12591,171071,5232,2489,2743
30940,191713,20614,92156,12595,171098,5233,2490,2743
30945,191744,20618,92170,12599,171126,5234,2491,2743
30950,191775,20622,92186,12602,171152,5235,2492,2743
30955,191806,20627,92200,12605,171178,5236,2492,2744
30960,191837,20631,92216,12608,171206,5237,2493,2744
30965,191868,20635,92231,12611,171233,5238,2493,2745
30970,191899,20640,92247,12614,171259,5239,2493,2746
30975,191930,20642,92263,12615,171288,5240,2494,2746
30980,191961,20644,92277,12616,171317,5241,2495,2746
30985,191992,20646,92292,12617,171346,5242,2496,2746
30990,192023,20648,92304,12617,171375,5243,2496,2747
30995,192054,20650,92323,12618,171404,5244,2497,2747
31000,192085,20652,92339,12619,171433,5245,2497,2748
31005,192116,20654,92351,12619,171461,5246,2498,2748
31010,192147,20656,92367,12621,171491,5247,2498,2749
31015,192178,20659,92378,12622,171517,5248,2498,2750
31020,192209,20664,92397,12626,171544,5249,2499,2750
31025,192240,20668,92413,12630,171571,5249,2499,2750
31030,192271,20673,92424,12633,171598,5249,2499,2750
31035,192302,20677,92436,12635,171624,5249,2499,2750
31040,192333,20682,92450,12639,171649,5249,2499,2750
31045,192364,20686,92468,12642,171676,5249,2499,2750
31050,192395,20694,92483,12649,171700,5249,2499,2750
31055,192426,20696,92496,12651,171729,5249,2499,2750
31060,192457,20698,92512,12653,171757,5249,2499,2750
31065,192488,20700,92532,12655,171785,5249,2499,2750
31070,192519,20702,92547,12656,171816,5249,2499,2750
31075,192550,20704,92560,12657,171846,5249,2499,2750
31080,192581,20707,92573,12659,171874,5249,2499,2750
31085,192612,20710,92585,12661,171902,5249,2499,2750
31090,192643,20713,92599,12662,171930,5249,2499,2750
31095,192674,20716,92613,12664,171958,5249,2499,2750
31100,192705,20720,92631,12665,171985,5249,2499,2750
31105,192736,20723,92644,12666,172013,5249,2499,2750
31110,192767,20727,92661,12670,172040,5249,2499,2750
31115,192798,20731,92675,12671,172067,5249,2499,2750
31120,192829,20734,92688,12672,172095,5249,2499,2750
31125,192860,20737,92706,12674,172123,5250,2499,2751
31130,192891,20742,92720,12679,172149,5251,2499,2752
31135,192922,20746,92733,12681,172175,5252,2500,2752
31140,192953,20749,92749,12682,172203,5253,2500,2753
31145,192984,20754,92766,12687,172229,5254,2501,2753
31150,193015,20757,92779,12689,172258,5255,2502,2753
31155,193046,20762,92798,12692,172283,5256,2503,2753
31160,193077,20765,92811,12694,172312,5257,2504,2753
31165,193108,20768,92828,12695,172340,5258,2504,2754
31170,193139,20771,92844,12695,172368,5259,2505,2754
31175,193170,20774,92860,12695,172395,5260,2506,2754
31180,193201,20779,92878,12699,172421,5261,2506,2755
31185,193232,20785,92897,12705,172447,5262,2506,2756
31190,193263,20790,92914,12709,172470,5263,2506,2757
31195,193294,20798,92928,12715,172494,5264,2507,2757
31200,193325,20805,92944,12720,172520,5265,2507,2758
31205,193356,20807,92962,12721,172549,5266,2507,2759
31210,193387,20809,92978,12721,172575,5267,2507,2760
31215,193418,20811,92992,12723,172606,5268,2508,2760
31220,193449,20813,93003,12724,172635,5269,2509,2760
31225,193480,20815,93017,12725,172664,5270,2509,2761
31230,193511,20817,93032,12726,172693,5271,2510,2761
31235,193542,20819,93044,12727,172722,5272,2511,2761
31240,193573,20821,93057,12728,172752,5273,2511,2762
31245,193604,20823,93069,12729,172781,5274,2511,2763
31250,193635,20825,93083,12730,172810,5275,2511,2764
31255,193666,20827,93102,12731,172839,5276,2512,2764
31260,193697,20829,93119,12733,172868,5277,2512,2765
31265,193728,20832,93134,12734,172895,5278,2513,2765
31270,193759,20835,93153,12736,172923,5279,2514,2765
31275,193790,20838,93170,12738,172952,5280,2514,2766
31280,193821,20841,93185,12740,172979,5281,2514,2767
31285,193852,20844,93198,12742,173007,5282,2514,2768
31290,193883,20847,93215,12742,173035,5283,2515,2768
31295,193914,20850,93229,12743,173064,5284,2515,2769
31300,193945,20854,93247,12745,173091,5285,2516,2769
31305,193976,20857,93258,12747,173119,5286,2516,2770
31310,194007,20861,93270,12747,173145,5287,2517,2770
31315,194038,20868,93281,12751,173169,5288,2517,2771
31320,194069,20876,93295,12755,173192,5289,2517,2772
31325,194100,20884,93313,12760,173215,5290,2518,2772
31330,194131,20892,93330,12766,173239,5291,2519,2772
31335,194162,20896,93343,12770,173265,5292,2519,2773
31340,194193,20901,93355,12773,173292,5293,2520,2773
31345,194224,20904,93364,12773,173319,5294,2520,2774
31350,194255,20908,93381,12776,173347,5295,2521,2774
31355,194286,20912,93395,12779,173374,5296,2521,2775
31360,194317,20915,93412,12780,173401,5297,2522,2775
31365,194348,20920,93431,12782,173425,5298,2522,2776
31370,194379,20926,93442,12788,173452,5299,2522,2777
31375,194410,20928,93455,12788,173481,5300,2522,2778
31380,194441,20930,93471,12788,173511,5301,2522,2779
31385,194472,20932,93487,12790,173539,5302,2523,2779
31390,194503,20934,93507,12791,173569,5303,2523,2780
31395,194534,20936,93521,12792,173597,5304,2523,2781
31400,194565,20938,93530,12793,173626,5305,2523,2782
31405,194596,20940,93546,12795,173654,5306,2523,2783
31410,194627,20942,93564,12796,173683,5307,2523,2784
31415,194658,20944,93578,12797,173713,5308,2523,2785
31420,194689,20946,93590,12799,173743,5309,2523,2786
31425,194720,20948,93607,12799,173772,5310,2523,2787
31430,194751,20950,93625,12801,173800,5311,2524,2787
31435,194782,20953,93642,12802,173828,5312,2525,2787
31440,194813,20956,93656,12803,173857,5313,2525,2788
31445,194844,20959,93667,12806,173885,5314,2525,2789
31450,194875,20962,93681,12807,173912,5315,2526,2789
31455,194906,20965,93695,12808,173940,5316,2526,2790
31460,194937,20968,93702,12808,173969,5317,2526,2791
31465,194968,20971,93713,12809,173996,5318,2527,2791
31470,194999,20974,93724,12811,174025,5319,2528,2791
31475,195030,20977,93737,12811,174053,5320,2529,2791
31480,195061,20982,93749,12813,174079,5321,2529,2792
31485,195092,20986,93761,12815,174106,5322,2530,2792
31490,195123,20991,93774,12816,174132,5323,2530,2793
31495,195154,20998,93788,12820,174156,5324,2531,2793
31500,195185,21002,93799,12821,174182,5325,2531,2794
31505,195216,21010,93817,12825,174205,5326,2531,2795
31510,195247,21015,93829,12827,174231,5327,2532,2795
31515,195278,21025,93847,12834,174253,5328,2533,2795
31520,195309,21032,93861,12841,174277,5329,2534,2795
31525,195340,21036,93876,12843,174302,5330,2535,2795
31530,195371,21043,93892,12848,174328,5331,2535,2796
31535,195402,21045,93905,12849,174356,5332,2535,2797
31540,195433,21047,93918,12850,174386,5333,2536,2797
31545,195464,21049,93932,12850,174415,5334,2537,2797
31550,195495,21051,93949,12851,174444,5335,2537,2798
31555,195526,21053,93967,12851,174473,5336,2538,2798
31560,195557,21055,93986,12852,174501,5337,2539,2798
31565,195588,21057,93998,12853,174531,5337,2539,2798
31570,195619,21059,94010,12854,174560,5337,2539,2798
31575,195650,21061,94022,12855,174589,5337,2539,2798
31580,195681,21063,94038,12857,174618,5337,2539,2798
31585,195712,21065,94055,12857,174647,5337,2539,2798
31590,195743,21067,94068,12858,174676,5337,2539,2798
31595,195774,21069,94081,12859,174705,5337,2539,2798
31600,195805,21071,94099,12860,174734,5337,2539,2798
31605,195836,21073,94113,12860,174761,5337,2539,2798
31610,195867,21075,94128,12861,174790,5337,2539,2798
31615,195898,21077,94151,12863,174820,5337,2539,2798
31620,195929,21079,94166,12864,174849,5337,2539,2798
31625,195960,21081,94181,12864,174879,5337,2539,2798
31630,195991,21083,94197,12866,174908,5337,2539,2798
31635,196022,21085,94218,12868,174937,5337,2539,2798
31640,196053,21088,94230,12869,174965,5337,2539,2798
31645,196084,21091,94243,12869,174993,5337,2539,2798
31650,196115,21094,94257,12869,175021,5337,2539,2798
31655,196146,21098,94268,12871,175048,5337,2539,2798
31660,196177,21102,94287,12875,175075,5337,2539,2798
31665,196208,21107,94304,12880,175101,5338,2539,2799
31670,196239,21112,94316,12882,175126,5339,2539,2800
31675,196270,21117,94329,12886,175151,5340,2539,2801
31680,196301,21127,94349,12895,175170,5341,2539,2802
31685,196332,21132,94364,12899,175198,5342,2540,2802
31690,196363,21136,94382,12903,175227,5343,2541,2802
31695,196394,21138,94396,12905,175256,5344,2542,2802
31700,196425,21142,94409,12909,175283,5345,2542,2803
31705,196456,21142,94425,12909,175314,5346,2543,2803
31710,196487,21142,94440,12909,175345,5347,2544,2803
31715,196518,21142,94455,12909,175376,5348,2544,2804
31720,196549,21142,94466,12909,175407,5349,2544,2805
31725,196580,21142,94477,12909,175438,5350,2544,2806
31730,196611,21143,94484,12909,175468,5351,2545,2806
31735,196642,21144,94496,12909,175497,5352,2545,2807
31740,196673,21145,94509,12909,175527,5353,2545,2808
31745,196704,21146,94523,12910,175558,5354,2545,2809
31750,196735,21147,94536,12911,175588,5355,2545,2810
31755,196766,21148,94551,12912,175617,5356,2545,2811
31760,196797,21149,94570,12913,175647,5357,2546,2811
31765,196828,21150,94587,12913,175678,5358,2546,2812
31770,196859,21151,94600,12913,175708,5359,2546,2813
31775,196890,21152,94610,12913,175738,5360,2547,2813
31780,196921,21153,94624,12913,175768,5361,2547,2814
31785,196952,21154,94636,12913,175797,5362,2548,2814
31790,196983,21156,94647,12915,175827,5363,2549,2814
31795,197014,21160,94665,12919,175854,5364,2550,2814
31800,197045,21164,94681,12920,175877,5365,2551,2814
31805,197076,21175,94694,12929,175899,5366,2552,2814
31810,197107,21181,94708,12933,175923,5367,2553,2814
31815,197138,21186,94719,12937,175952,5368,2554,2814
31820,197169,21189,94735,12939,175978,5369,2554,2815
31825,197200,21192,94752,12941,176006,5370,2555,2815
31830,197231,21195,94768,12944,176035,5371,2555,2816
31835,197262,21198,94780,12945,176064,5372,2555,2817
31840,197293,21201,94790,12945,176091,5373,2555,2818
31845,197324,21205,94804,12946,176118,5374,2556,2818
31850,197355,21208,94820,12947,176147,5375,2557,2818
31855,197386,21211,94835,12949,176174,5376,2558,2818
31860,197417,21215,94845,12951,176202,5377,2558,2819
31865,197448,21219,94860,12954,176229,5378,2559,2819
31870,197479,21225,94879,12960,176254,5379,2560,2819
31875,197510,21230,94894,12964,176280,5380,2560,2820
31880,197541,21234,94906,12965,176307,5381,2560,2821
31885,197572,21238,94920,12967,176334,5382,2561,2821
31890,197603,21242,94936,12970,176361,5383,2562,2821
31895,197634,21246,94952,12973,176388,5384,2563,2821
31900,197665,21249,94971,12975,176415,5385,2564,2821
31905,197696,21251,94990,12976,176443,5386,2565,2821
31910,197727,21253,95009,12977,176472,5387,2565,2822
31915,197758,21255,95025,12979,176502,5388,2566,2822
31920,197789,21258,95040,12980,176527,5389,2567,2822
31925,197820,21262,95054,12983,176557,5390,2568,2822
31930,197851,21265,95069,12985,176585,5391,2568,2823
31935,197882,21269,95080,12987,176610,5392,2568,2824
31940,197913,21275,95092,12991,176636,5393,2569,2824
31945,197944,21283,95111,12997,176659,5394,2569,2825
31950,197975,21288,95126,13000,176684,5395,2570,2825
31955,198006,21292,95139,13003,176714,5396,2570,2826
31960,198037,21294,95154,13004,176743,5397,2570,2827
31965,198068,21296,95169,13006,176770,5398,2571,2827
31970,198099,21298,95182,13006,176799,5399,2571,2828
31975,198130,21300,95199,13007,176828,5400,2572,2828
31980,198161,21302,95213,13008,176857,5401,2573,2828
31985,198192,21304,95230,13009,176888,5402,2574,2828
31990,198223,21306,95246,13009,176916,5403,2575,2828
31995,198254,21308,95258,13010,176945,5404,2575,2829
32000,198285,21310,95270,13010,176975,5405,2575,2830
32005,198316,21312,95285,13011,177004,5406,2576,2830
32010,198347,21315,95300,13014,177032,5407,2576,2831
32015,198378,21319,95311,13015,177059,5408,2577,2831
32020,198409,21323,95328,13017,177086,5409,2578,2831
32025,198440,21326,95347,13019,177114,5410,2579,2831
32030,198471,21331,95368,13022,177140,5411,2579,2832
32035,198502,21335,95380,13024,177167,5412,2579,2833
32040,198533,21339,95393,13026,177194,5413,2579,2834
32045,198564,21344,95409,13031,177219,5414,2580,2834
32050,198595,21349,95421,13035,177245,5415,2581,2834
32055,198626,21355,95433,13039,177270,5416,2582,2834
32060,198657,21359,95445,13041,177298,5417,2582,2835
32065,198688,21362,95459,13041,177325,5418,2583,2835
32070,198719,21365,95479,13043,177353,5419,2584,2835
32075,198750,21368,95496,13045,177382,5420,2584,2836
32080,198781,21371,95509,13047,177410,5421,2584,2837
32085,198812,21374,95525,13049,177436,5422,2584,2838
32090,198843,21378,95534,13051,177464,5423,2585,2838
32095,198874,21383,95547,13055,177489,5424,2586,2838
32100,198905,21390,95560,13060,177514,5425,2586,2839
32105,198936,21395,95576,13064,177540,5426,2587,2839
32110,198967,21400,95589,13067,177564,5427,2587,2840
32115,198998,21405,95600,13070,177593,5428,2587,2841
32120,199029,21407,95615,13071,177621,5429,2588,2841
32125,199060,21409,95634,13071,177650,5430,2588,2842
32130,199091,21411,95648,13073,177680,5431,2589,2842
32135,199122,21413,95668,13074,177709,5432,2590,2842
32140,199153,21415,95686,13075,177738,5433,2590,2843
32145,199184,21417,95698,13076,177767,5434,2590,2844
32150,199215,21419,95715,13076,177795,5435,2591,2844
32155,199246,21421,95730,13076,177824,5436,2591,2845
32160,199277,21423,95745,13077,177854,5437,2591,2846
32165,199308,21426,95765,13079,177882,5437,2591,2846
32170,199339,21429,95778,13082,177909,5437,2591,2846
32175,199370,21432,95794,13083,177938,5437,2591,2846
32180,199401,21435,95813,13084,177966,5437,2591,2846
32185,199432,21439,95832,13087,177993,5437,2591,2846
32190,199463,21442,95847,13090,178021,5437,2591,2846
32195,199494,21445,95863,13091,178049,5437,2591,2846
32200,199525,21449,95875,13093,178076,5437,2591,2846
32205,199556,21453,95886,13094,178103,5437,2591,2846
32210,199587,21458,95904,13098,178129,5437,2591,2846
32215,199618,21463,95920,13102,178155,5437,2591,2846
32220,199649,21468,95940,13106,178181,5437,2591,2846
32225,199680,21475,95955,13112,178203,5437,2591,2846
32230,199711,21483,95972,13119,178227,5437,2591,2846
32235,199742,21489,95985,13122,178251,5437,2591,2846
32240,199773,21494,96000,13125,178278,5437,2591,2846
32245,199804,21499,96012,13128,178303,5437,2591,2846
32250,199835,21505,96031,13133,178330,5437,2591,2846
32255,199866,21507,96047,13134,178358,5437,2591,2846
32260,199897,21509,96065,13135,178386,5437,2591,2846
32265,199928,21511,96077,13135,178417,5438,2591,2847
32270,199959,21513,96091,13137,178446,5439,2591,2848
32275,199990,21515,96106,13138,178475,5440,2592,2848
32280,200021,21517,96122,13140,178503,5441,2592,2849
32285,200052,21519,96138,13142,178531,5442,2592,2850
32290,200083,21521,96153,13143,178562,5443,2593,2850
32295,200114,21523,96166,13144,178590,5444,2593,2851
32300,200145,21525,96180,13146,178620,5445,2593,2852
32305,200176,21527,96197,13148,178647,5446,2594,2852
32310,200207,21529,96213,13149,178678,5447,2595,2852
32315,200238,21531,96232,13151,178707,5448,2595,2853
32320,200269,21533,96242,13151,178736,5449,2596,2853
32325,200300,21535,96258,13152,178764,5450,2597,2853
32330,200331,21537,96272,13153,178794,5451,2597,2854
32335,200362,21540,96284,13153,178821,5452,2597,2855
32340,200393,21543,96299,13155,178849,5453,2598,2855
32345,200424,21546,96313,13157,178877,5454,2598,2856
32350,200455,21549,96325,13158,178905,5455,2598,2857
32355,200486,21553,96338,13160,178932,5456,2598,2858
32360,200517,21557,96353,13162,178960,5457,2598,2859
32365,200548,21562,96364,13165,178985,5458,2598,2860
32370,200579,21568,96376,13168,179010,5459,2598,2861
32375,200610,21575,96395,13173,179034,5460,2598,2862
32380,200641,21583,96411,13177,179057,5461,2599,2862
32385,200672,21591,96425,13183,179080,5462,2600,2862
32390,200703,21597,96440,13186,179105,5463,2600,2863
32395,200734,21603,96452,13188,179131,5464,2601,2863
32400,200765,21610,96467,13194,179152,5465,2602,2863
32405,200796,21616,96484,13199,179180,5466,2602,2864
32410,200827,21618,96500,13200,179209,5467,2603,2864
32415,200858,21620,96515,13201,179238,5468,2603,2865
32420,200889,21622,96527,13202,179267,5469,2603,2866
32425,200920,21624,96550,13203,179296,5470,2603,2867
32430,200951,21626,96567,13203,179325,5471,2603,2868
32435,200982,21628,96578,13204,179354,5472,2603,2869
32440,201013,21630,96594,13204,179382,5473,2604,2869
32445,201044,21632,96613,13206,179412,5474,2605,2869
32450,201075,21634,96630,13207,179441,5475,2605,2870
32455,201106,21636,96649,13209,179470,5476,2606,2870
32460,201137,21638,96665,13210,179499,5477,2607,2870
32465,201168,21640,96687,13211,179528,5478,2608,2870
32470,201199,21642,96704,13212,179555,5479,2609,2870
32475,201230,21644,96723,13213,179585,5480,2610,2870
32480,201261,21646,96741,13214,179615,5481,2610,2871
32485,201292,21648,96758,13215,179643,5482,2610,2872
32490,201323,21650,96773,13216,179673,5483,2610,2873
32495,201354,21652,96789,13218,179702,5484,2611,2873
32500,201385,21654,96799,13219,179731,5485,2611,2874
32505,201416,21656,96812,13221,179758,5486,2611,2875
32510,201447,21660,96831,13224,179785,5487,2611,2876
32515,201478,21665,96844,13228,179813,5488,2612,2876
32520,201509,21669,96864,13231,179838,5489,2612,2877
32525,201540,21673,96883,13235,179867,5490,2613,2877
32530,201571,21676,96902,13238,179894,5491,2614,2877
32535,201602,21681,96920,13242,179919,5492,2614,2878
32540,201633,21688,96933,13248,179944,5493,2614,2879
32545,201664,21694,96950,13253,179969,5494,2614,2880
32550,201695,21702,96965,13259,179993,5495,2615,2880
32555,201726,21707,96977,13262,180019,5496,2616,2880
32560,201757,21714,96992,13268,180043,5497,2616,2881
32565,201788,21718,97008,13271,180070,5498,2617,2881
32570,201819,21721,97024,13272,180098,5499,2617,2882
32575,201850,21723,97041,13273,180127,5500,2617,2883
32580,201881,21724,97055,13274,180157,5501,2618,2883
32585,201912,21725,97067,13274,180186,5502,2619,2883
32590,201943,21726,97084,13274,180217,5503,2620,2883
32595,201974,21727,97098,13274,180247,5504,2621,2883
32600,202005,21728,97113,13275,180277,5505,2621,2884
32605,202036,21729,97130,13275,180307,5506,2622,2884
32610,202067,21730,97145,13275,180337,5507,2622,2885
32615,202098,21731,97158,13276,180367,5508,2622,2886
32620,202129,21732,97170,13276,180397,5509,2622,2887
32625,202160,21733,97187,13277,180427,5510,2623,2887
32630,202191,21735,97204,13278,180456,5511,2624,2887
32635,202222,21737,97215,13279,180485,5512,2624,2888
32640,202253,21739,97232,13281,180513,5513,2625,2888
32645,202284,21740,97248,13282,180544,5514,2626,2888
32650,202315,21741,97258,13283,180574,5515,2627,2888
32655,202346,21742,97272,13284,180602,5516,2627,2889
32660,202377,21743,97286,13284,180634,5517,2627,2890
32665,202408,21744,97304,13285,180663,5518,2628,2890
32670,202439,21746,97316,13286,180692,5519,2628,2891
32675,202470,21748,97327,13287,180721,5520,2628,2892
32680,202501,21752,97348,13291,180747,5521,2629,2892
32685,202532,21757,97359,13294,180775,5522,2630,2892
32690,202563,21760,97375,13296,180803,5523,2630,2893
32695,202594,21764,97397,13298,180828,5524,2631,2893
32700,202625,21770,97413,13302,180854,5525,2631,2894
32705,202656,21774,97431,13305,180882,5525,2631,2894
32710,202687,21778,97450,13307,180908,5525,2631,2894
32715,202718,21784,97462,13312,180933,5525,2631,2894
32720,202749,21787,97473,13314,180962,5525,2631,2894
32725,202780,21790,97489,13316,180990,5525,2631,2894
32730,202811,21792,97506,13318,181019,5525,2631,2894
32735,202842,21794,97520,13318,181048,5525,2631,2894
32740,202873,21796,97536,13318,181077,5525,2631,2894
32745,202904,21799,97552,13321,181105,5525,2631,2894
32750,202935,21803,97567,13322,181132,5525,2631,2894
32755,202966,21807,97585,13323,181158,5525,2631,2894
32760,202997,21810,97604,13326,181186,5525,2631,2894
32765,203028,21813,97619,13327,181215,5525,2631,2894
32770,203059,21817,97634,13329,181242,5525,2631,2894
32775,203090,21821,97644,13331,181269,5525,2631,2894
32780,203121,21825,97655,13334,181296,5525,2631,2894
32785,203152,21830,97668,13338,181322,5525,2631,2894
32790,203183,21835,97684,13342,181347,5525,2631,2894
32795,203214,21837,97700,13343,181376,5525,2631,2894
32800,203245,21839,97716,13344,181405,5525,2631,2894
32805,203276,21841,97732,13345,181435,5526,2631,2895
32810,203307,21843,97743,13346,181464,5527,2631,2896
32815,203338,21845,97758,13346,181493,5528,2631,2897
32820,203369,21847,97773,13347,181520,5529,2631,2898
32825,203400,21850,97783,13348,181549,5530,2631,2899
32830,203431,21853,97796,13350,181576,5531,2632,2899
32835,203462,21856,97812,13351,181605,5532,2633,2899
32840,203493,21860,97829,13352,181631,5533,2634,2899
32845,203524,21865,97839,13355,181659,5534,2635,2899
32850,203555,21869,97853,13357,181685,5535,2635,2900
32855,203586,21874,97871,13359,181712,5536,2635,2901
32860,203617,21877,97882,13360,181740,5537,2635,2902
32865,203648,21880,97902,13361,181767,5538,2636,2902
32870,203679,21884,97921,13364,181794,5539,2637,2902
32875,203710,21888,97937,13367,181821,5540,2638,2902
32880,203741,21893,97952,13369,181848,5541,2639,2902
32885,203772,21896,97964,13370,181875,5542,2639,2903
32890,203803,21900,97978,13372,181902,5543,2639,2904
32895,203834,21903,97993,13375,181931,5544,2639,2905
32900,203865,21906,98011,13378,181959,5545,2640,2905
32905,203896,21909,98023,13379,181987,5546,2641,2905
32910,203927,21912,98037,13381,182015,5547,2641,2906
32915,203958,21915,98049,13381,182043,5548,2641,2907
32920,203989,21918,98063,13382,182071,5549,2641,2908
32925,204020,21921,98076,13383,182099,5550,2641,2909
32930,204051,21924,98086,13384,182127,5551,2642,2909
32935,204082,21928,98105,13387,182154,5552,2642,2910
32940,204113,21931,98126,13389,182182,5553,2643,2910
32945,204144,21934,98143,13392,182209,5554,2644,2910
32950,204175,21937,98161,13392,182236,5555,2645,2910
32955,204206,21942,98180,13396,182263,5556,2646,2910
32960,204237,21947,98198,13399,182289,5557,2647,2910
32965,204268,21953,98213,13404,182312,5558,2647,2911
32970,204299,21959,98228,13409,182338,5559,2647,2912
32975,204330,21962,98242,13410,182366,5560,2647,2913
32980,204361,21964,98256,13410,182395,5561,2647,2914
32985,204392,21966,98271,13411,182424,5562,2648,2914
32990,204423,21968,98290,13411,182453,5563,2649,2914
32995,204454,21970,98305,13412,182482,5564,2649,2915
33000,204485,21974,98321,13415,182510,5565,2650,2915
33005,204516,21978,98335,13417,182537,5566,2650,2916
33010,204547,21982,98347,13419,182565,5567,2650,2917
33015,204578,21985,98363,13420,182593,5568,2651,2917
33020,204609,21988,98374,13420,182621,5569,2651,2918
33025,204640,21991,98389,13423,182648,5570,2651,2919
33030,204671,21995,98397,13424,182676,5571,2651,2920
33035,204702,21998,98412,13425,182703,5572,2651,2921
33040,204733,22001,98427,13427,182732,5573,2652,2921
33045,204764,22005,98441,13430,182758,5574,2653,2921
33050,204795,22009,98456,13432,182784,5575,2653,2922
33055,204826,22014,98476,13436,182809,5576,2654,2922
33060,204857,22021,98494,13442,182833,5577,2655,2922
33065,204888,22025,98509,13446,182863,5578,2656,2922
33070,204919,22027,98522,13448,182892,5579,2657,2922
33075,204950,22029,98537,13450,182921,5580,2657,2923
33080,204981,22032,98551,13451,182949,5581,2658,2923
33085,205012,22035,98567,13453,182977,5582,2658,2924
33090,205043,22038,98585,13453,183003,5583,2658,2925
33095,205074,22041,98601,13455,183032,5584,2658,2926
33100,205105,22044,98615,13456,183060,5585,2658,2927
33105,205136,22048,98628,13458,183086,5586,2659,2927
33110,205167,22053,98642,13460,183111,5587,2659,2928
33115,205198,22058,98654,13463,183139,5588,2660,2928
33120,205229,22062,98667,13465,183166,5589,2660,2929
33125,205260,22068,98687,13469,183190,5590,2661,2929
33130,205291,22073,98702,13472,183217,5591,2662,2929
33135,205322,22077,98715,13474,183243,5592,2663,2929
33140,205353,22080,98732,13476,183272,5593,2664,2929
33145,205384,22082,98746,13476,183302,5594,2664,2930
33150,205415,22084,98762,13476,183331,5595,2665,2930
33155,205446,22086,98772,13477,183360,5596,2665,2931
33160,205477,22088,98785,13478,183388,5597,2665,2932
33165,205508,22090,98803,13479,183418,5598,2666,2932
33170,205539,22093,98825,13481,183445,5599,2667,2932
33175,205570,22097,98839,13483,183473,5600,2668,2932
33180,205601,22101,98855,13486,183500,5601,2668,2933
33185,205632,22104,98871,13487,183527,5602,2669,2933
33190,205663,22108,98888,13490,183555,5603,2669,2934
33195,205694,22111,98906,13493,183582,5604,2669,2935
33200,205725,22115,98923,13496,183609,5605,2669,2936
33205,205756,22119,98938,13498,183636,5606,2669,2937
33210,205787,22123,98949,13500,183664,5607,2669,2938
33215,205818,22128,98966,13503,183688,5608,2669,2939
33220,205849,22134,98981,13507,183715,5609,2670,2939
33225,205880,22138,98996,13510,183741,5610,2670,2940
33230,205911,22143,99018,13514,183766,5611,2670,2941
33235,205942,22145,99030,13514,183795,5612,2671,2941
33240,205973,22147,99044,13515,183826,5613,2672,2941
33245,206004,22150,99057,13517,183854,5614,2672,2942
33250,206035,22153,99073,13519,183882,5615,2673,2942
33255,206066,22157,99088,13520,183909,5616,2674,2942
33260,206097,22161,99102,13523,183936,5617,2675,2942
33265,206128,22165,99116,13526,183963,5618,2676,2942
33270,206159,22168,99136,13529,183990,5619,2677,2942
33275,206190,22172,99147,13530,184017,5620,2677,2943
33280,206221,22176,99162,13532,184042,5621,2677,2944
33285,206252,22182,99178,13537,184067,5622,2678,2944
33290,206283,22187,99190,13540,184094,5623,2679,2944
33295,206314,22191,99204,13544,184121,5624,2679,2945
33300,206345,22195,99216,13547,184150,5625,2680,2945
33305,206376,22197,99233,13548,184177,5625,2680,2945
33310,206407,22199,99248,13549,184208,5625,2680,2945
33315,206438,22201,99263,13551,184237,5625,2680,2945
33320,206469,22203,99279,13551,184266,5625,2680,2945
33325,206500,22205,99293,13552,184295,5625,2680,2945
33330,206531,22207,99308,13553,184324,5625,2680,2945
33335,206562,22209,99324,13553,184353,5625,2680,2945
33340,206593,22213,99340,13556,184380,5625,2680,2945
33345,206624,22217,99355,13559,184406,5625,2680,2945
33350,206655,22221,99372,13561,184433,5625,2680,2945
33355,206686,22225,99385,13563,184459,5625,2680,2945
33360,206717,22232,99403,13567,184484,5625,2680,2945
33365,206748,22237,99414,13571,184511,5625,2680,2945
33370,206779,22240,99427,13572,184537,5625,2680,2945
33375,206810,22247,99442,13579,184563,5625,2680,2945
33380,206841,22249,99456,13580,184592,5625,2680,2945
33385,206872,22251,99473,13581,184621,5625,2680,2945
33390,206903,22253,99486,13582,184650,5625,2680,2945
33395,206934,22255,99501,13582,184679,5625,2680,2945
33400,206965,22257,99519,13583,184708,5625,2680,2945
33405,206996,22261,99532,13585,184734,5626,2681,2945
33410,207027,22264,99544,13586,184763,5627,2681,2946
33415,207058,22267,99563,13589,184791,5628,2681,2947
33420,207089,22270,99583,13592,184819,5629,2682,2947
33425,207120,22274,99596,13593,184846,5630,2682,2948
33430,207151,22278,99614,13596,184873,5631,2682,2949
33435,207182,22282,99631,13600,184900,5632,2682,2950
33440,207213,22285,99646,13603,184928,5633,2683,2950
33445,207244,22288,99658,13605,184956,5634,2683,2951
33450,207275,22293,99674,13607,184981,5635,2683,2952
33455,207306,22299,99691,13611,185006,5636,2683,2953
33460,207337,22303,99709,13614,185034,5637,2683,2954
33465,207368,22308,99725,13619,185060,5638,2684,2954
33470,207399,22311,99737,13621,185088,5639,2684,2955
33475,207430,22313,99748,13621,185117,5640,2685,2955
33480,207461,22315,99768,13622,185144,5641,2685,2956
33485,207492,22320,99786,13625,185172,5642,2685,2957
33490,207523,22323,99802,13627,185200,5643,2685,2958
33495,207554,22326,99818,13629,185228,5644,2686,2958
33500,207585,22329,99830,13631,185255,5645,2687,2958
33505,207616,22332,99841,13632,185283,5646,2688,2958
33510,207647,22337,99855,13637,185308,5647,2688,2959
33515,207678,22342,99868,13641,185335,5648,2688,2960
33520,207709,22344,99885,13642,185364,5649,2689,2960
33525,207740,22345,99902,13642,185394,5650,2689,2961
33530,207771,22346,99913,13643,185424,5651,2689,2962
33535,207802,22347,99928,13644,185453,5652,2690,2962
33540,207833,22348,99944,13644,185484,5653,2690,2963
33545,207864,22348,99960,13644,185516,5654,2690,2964
33550,207895,22348,99975,13644,185547,5655,2691,2964
33555,207926,22348,99993,13644,185578,5656,2691,2965
33560,207957,22348,100013,13644,185609,5657,2691,2966
33565,207988,22348,100028,13644,185640,5658,2692,2966
33570,208019,22348,100037,13644,185671,5659,2692,2967
33575,208050,22349,100053,13644,185701,5660,2692,2968
33580,208081,22350,100071,13645,185731,5661,2692,2969
33585,208112,22351,100089,13646,185760,5662,2693,2969
33590,208143,22353,100102,13648,185789,5663,2693,2970
33595,208174,22355,100116,13649,185818,5664,2693,2971
33600,208205,22357,100130,13650,185848,5665,2693,2972
33605,208236,22360,100145,13652,185876,5666,2693,2973
33610,208267,22363,100157,13654,185904,5667,2693,2974
33615,208298,22366,100173,13657,185932,5668,2694,2974
33620,208329,22369,100188,13660,185960,5669,2695,2974
33625,208360,22371,100202,13661,185988,5670,2696,2974
33630,208391,22376,100215,13663,186015,5671,2697,2974
33635,208422,22379,100231,13664,186042,5672,2698,2974
33640,208453,22383,100246,13667,186069,5673,2698,2975
33645,208484,22389,100262,13670,186095,5674,2699,2975
33650,208515,22394,100277,13672,186118,5675,2699,2976
33655,208546,22402,100290,13677,186143,5676,2699,2977
33660,208577,22407,100304,13681,186168,5677,2699,2978
33665,208608,22414,100321,13687,186193,5678,2700,2978
33670,208639,22418,100338,13689,186218,5679,2700,2979
33675,208670,22423,100353,13691,186246,5680,2700,2980
33680,208701,22428,100367,13694,186272,5681,2700,2981
33685,208732,22430,100382,13695,186302,5682,2701,2981
33690,208763,22432,100403,13696,186331,5683,2702,2981
33695,208794,22434,100419,13696,186360,5684,2702,2982
33700,208825,22436,100436,13698,186389,5685,2702,2983
33705,208856,22438,100453,13698,186418,5686,2703,2983
33710,208887,22440,100469,13699,186445,5687,2703,2984
33715,208918,22442,100483,13700,186476,5688,2704,2984
33720,208949,22444,100500,13701,186503,5689,2705,2984
33725,208980,22446,100512,13703,186534,5690,2706,2984
33730,209011,22448,100526,13703,186563,5691,2706,2985
33735,209042,22450,100544,13705,186592,5692,2707,2985
33740,209073,22452,100560,13706,186621,5693,2707,2986
33745,209104,22454,100577,13708,186650,5694,2708,2986
33750,209135,22456,100592,13710,186679,5695,2708,2987
33755,209166,22458,100608,13710,186708,5696,2709,2987
33760,209197,22460,100620,13711,186737,5697,2709,2988
33765,209228,22462,100634,13712,186766,5698,2709,2989
33770,209259,22465,100648,13712,186794,5699,2710,2989
33775,209290,22468,100667,13713,186822,5700,2711,2989
33780,209321,22471,100681,13716,186849,5701,2711,2990
33785,209352,22474,100698,13717,186877,5702,2712,2990
33790,209383,22479,100714,13719,186903,5703,2712,2991
33795,209414,22485,100728,13723,186928,5704,2712,2992
33800,209445,22490,100741,13727,186955,5705,2713,2992
33805,209476,22495,100762,13729,186980,5706,2714,2992
33810,209507,22501,100777,13732,187005,5707,2714,2993
33815,209538,22506,100793,13735,187031,5708,2715,2993
33820,209569,22511,100808,13738,187058,5709,2716,2993
33825,209600,22517,100827,13743,187079,5710,2717,2993
33830,209631,22526,100840,13749,187103,5711,2718,2993
33835,209662,22532,100850,13752,187127,5712,2718,2994
33840,209693,22539,100862,13758,187153,5713,2719,2994
33845,209724,22543,100880,13761,187179,5714,2719,2995
33850,209755,22547,100892,13765,187207,5715,2719,2996
33855,209786,22551,100906,13767,187235,5716,2720,2996
33860,209817,22555,100921,13769,187260,5717,2721,2996
33865,209848,22558,100942,13772,187289,5718,2722,2996
33870,209879,22560,100960,13772,187318,5719,2722,2997
33875,209910,22562,100971,13774,187347,5720,2722,2998
33880,209941,22564,100983,13775,187377,5721,2723,2998
33885,209972,22566,101001,13776,187405,5722,2723,2999
33890,210003,22568,101017,13778,187434,5723,2724,2999
33895,210034,22570,101030,13778,187464,5724,2724,3000
33900,210065,22572,101045,13779,187491,5725,2724,3001
33905,210096,22574,101066,13780,187521,5725,2724,3001
33910,210127,22576,101086,13781,187551,5725,2724,3001
33915,210158,22578,101102,13783,187580,5725,2724,3001
33920,210189,22580,101124,13785,187609,5725,2724,3001
33925,210220,22582,101140,13786,187638,5725,2724,3001
33930,210251,22584,101158,13787,187667,5725,2724,3001
33935,210282,22586,101171,13788,187696,5725,2724,3001
33940,210313,22588,101188,13788,187725,5725,2724,3001
33945,210344,22591,101204,13790,187753,5725,2724,3001
33950,210375,22594,101219,13791,187781,5725,2724,3001
33955,210406,22597,101232,13793,187809,5725,2724,3001
33960,210437,22600,101248,13794,187837,5725,2724,3001
33965,210468,22603,101262,13795,187864,5725,2724,3001
33970,210499,22608,101273,13797,187890,5725,2724,3001
33975,210530,22613,101290,13801,187915,5725,2724,3001
33980,210561,22619,101303,13805,187941,5725,2724,3001
33985,210592,22625,101318,13810,187966,5725,2724,3001
33990,210623,22631,101332,13814,187991,5725,2724,3001
33995,210654,22638,101346,13819,188015,5725,2724,3001
34000,210685,22646,101363,13824,188037,5725,2724,3001
34005,210716,22651,101375,13828,188064,5726,2725,3001
34010,210747,22655,101392,13830,188091,5727,2725,3002
34015,210778,22660,101407,13834,188118,5728,2725,3003
34020,210809,22667,101426,13840,188140,5729,2726,3003
34025,210840,22673,101445,13845,188167,5730,2727,3003
34030,210871,22675,101456,13845,188196,5731,2727,3004
34035,210902,22677,101471,13845,188225,5732,2728,3004
34040,210933,22679,101486,13845,188253,5733,2728,3005
34045,210964,22681,101505,13846,188283,5734,2729,3005
34050,210995,22683,101519,13847,188312,5735,2730,3005
34055,211026,22685,101535,13849,188341,5736,2731,3005
34060,211057,22687,101544,13849,188370,5737,2731,3006
34065,211088,22689,101556,13850,188399,5738,2731,3007
34070,211119,22691,101572,13852,188427,5739,2732,3007
34075,211150,22693,101588,13853,188456,5740,2732,3008
34080,211181,22695,101608,13855,188486,5741,2732,3009
34085,211212,22697,101625,13857,188515,5742,2732,3010
34090,211243,22699,101640,13859,188544,5743,2733,3010
34095,211274,22701,101655,13860,188573,5744,2734,3010
34100,211305,22703,101668,13861,188602,5745,2735,3010
34105,211336,22705,101684,13862,188630,5746,2736,3010
34110,211367,22708,101694,13863,188659,5747,2737,3010
34115,211398,22711,101710,13866,188686,5748,2737,3011
34120,211429,22714,101724,13867,188714,5749,2738,3011
34125,211460,22717,101735,13868,188742,5750,2738,3012
34130,211491,22722,101752,13872,188768,5751,2739,3012
34135,211522,22726,101763,13875,188795,5752,2740,3012
34140,211553,22732,101781,13878,188820,5753,2741,3012
34145,211584,22737,101797,13883,188845,5754,2741,3013
34150,211615,22744,101813,13889,188869,5755,2742,3013
34155,211646,22749,101824,13892,188897,5756,2742,3014
34160,211677,22754,101839,13897,188922,5757,2742,3015
34165,211708,22759,101852,13900,188948,5758,2742,3016
34170,211739,22765,101863,13905,188974,5759,2742,3017
34175,211770,22772,101880,13911,188998,5760,2743,3017
34180,211801,22777,101892,13914,189024,5761,2743,3018
34185,211832,22783,101905,13917,189048,5762,2744,3018
34190,211863,22790,101916,13920,189071,5763,2745,3018
34195,211894,22796,101931,13925,189097,5764,2746,3018
34200,211925,22801,101942,13927,189124,5765,2746,3019
34205,211956,22803,101956,13929,189153,5766,2746,3020
34210,211987,22805,101967,13929,189182,5767,2747,3020
34215,212018,22807,101983,13930,189210,5768,2747,3021
34220,212049,22809,101998,13930,189239,5769,2747,3022
34225,212080,22811,102009,13931,189269,5770,2747,3023
34230,212111,22813,102024,13932,189298,5771,2747,3024
34235,212142,22815,102038,13932,189326,5772,2748,3024
34240,212173,22817,102054,13933,189356,5773,2749,3024
34245,212204,22819,102064,13934,189385,5774,2749,3025
34250,212235,22821,102077,13934,189413,5775,2749,3026
34255,212266,22823,102092,13934,189442,5776,2749,3027
34260,212297,22825,102106,13934,189471,5777,2749,3028
34265,212328,22827,102120,13936,189501,5778,2750,3028
34270,212359,22829,102138,13937,189530,5779,2751,3028
34275,212390,22831,102154,13937,189559,5780,2751,3029
34280,212421,22833,102173,13937,189588,5781,2752,3029
34285,212452,22835,102186,13937,189616,5782,2752,3030
34290,212483,22837,102201,13937,189645,5783,2752,3031
34295,212514,22839,102221,13938,189675,5784,2752,3032
34300,212545,22842,102238,13939,189703,5785,2752,3033
34305,212576,22846,102254,13942,189729,5786,2752,3034
34310,212607,22849,102269,13942,189756,5787,2752,3035
34315,212638,22854,102282,13944,189782,5788,2752,3036
34320,212669,22860,102295,13947,189809,5789,2753,3036
34325,212700,22864,102311,13949,189835,5790,2753,3037
34330,212731,22869,102325,13952,189862,5791,2754,3037
34335,212762,22875,102345,13956,189887,5792,2754,3038
34340,212793,22879,102359,13958,189914,5793,2755,3038
34345,212824,22885,102376,13963,189939,5794,2755,3039
34350,212855,22890,102388,13966,189965,5795,2756,3039
34355,212886,22893,102398,13966,189993,5796,2757,3039
34360,212917,22898,102414,13969,190018,5797,2758,3039
34365,212948,22900,102428,13970,190046,5798,2758,3040
34370,212979,22903,102442,13972,190074,5799,2758,3041
34375,213010,22907,102463,13975,190100,5800,2759,3041
34380,213041,22911,102479,13978,190128,5801,2759,3042
34385,213072,22913,102495,13979,190158,5802,2759,3043
34390,213103,22914,102515,13980,190189,5803,2760,3043
34395,213134,22915,102529,13981,190218,5804,2761,3043
34400,213165,22916,102544,13981,190248,5805,2761,3044
34405,213196,22917,102559,13982,190278,5806,2761,3045
34410,213227,22918,102569,13982,190307,5807,2761,3046
34415,213258,22919,102588,13982,190337,5808,2762,3046
34420,213289,22920,102604,13982,190369,5809,2763,3046
34425,213320,22921,102619,13983,190399,5810,2764,3046
34430,213351,22923,102632,13984,190428,5811,2765,3046
34435,213382,22925,102648,13985,190457,5812,2765,3047
34440,213413,22927,102665,13985,190486,5813,2766,3047
34445,213444,22929,102680,13987,190515,5813,2766,3047
34450,213475,22931,102698,13989,190544,5813,2766,3047
34455,213506,22933,102712,13990,190573,5813,2766,3047
34460,213537,22935,102730,13992,190602,5813,2766,3047
34465,213568,22937,102749,13994,190631,5813,2766,3047
34470,213599,22940,102766,13996,190659,5813,2766,3047
34475,213630,22943,102782,13999,190687,5813,2766,3047
34480,213661,22947,102798,14002,190714,5813,2766,3047
34485,213692,22950,102811,14003,190741,5813,2766,3047
34490,213723,22956,102834,14008,190766,5813,2766,3047
34495,213754,22960,102847,14009,190793,5813,2766,3047
34500,213785,22965,102862,14012,190820,5813,2766,3047
34505,213816,22970,102877,14016,190845,5813,2766,3047
34510,213847,22975,102889,14019,190869,5813,2766,3047
34515,213878,22982,102902,14025,190896,5813,2766,3047
34520,213909,22985,102913,14026,190922,5813,2766,3047
34525,213940,22992,102933,14032,190947,5813,2766,3047
34530,213971,22994,102950,14034,190976,5813,2766,3047
34535,214002,22999,102962,14038,191002,5813,2766,3047
34540,214033,23001,102977,14039,191029,5813,2766,3047
34545,214064,23004,102990,14041,191059,5814,2766,3048
34550,214095,23008,103006,14044,191084,5815,2767,3048
34555,214126,23012,103022,14048,191111,5816,2767,3049
34560,214157,23016,103040,14051,191141,5817,2768,3049
34565,214188,23017,103054,14051,191170,5818,2768,3050
34570,214219,23018,103072,14051,191200,5819,2769,3050
34575,214250,23019,103083,14051,191230,5820,2769,3051
34580,214281,23020,103097,14052,191261,5821,2769,3052
34585,214312,23021,103113,14052,191291,5822,2769,3053
34590,214343,23022,103133,14053,191321,5823,2770,3053
34595,214374,23023,103152,14053,191351,5824,2771,3053
34600,214405,23024,103170,14054,191381,5825,2772,3053
34605,214436,23025,103188,14055,191409,5826,2773,3053
34610,214467,23027,103202,14057,191437,5827,2773,3054
34615,214498,23029,103215,14057,191467,5828,2773,3055
34620,214529,23031,103231,14058,191498,5829,2774,3055
34625,214560,23033,103250,14058,191527,5830,2775,3055
34630,214591,23035,103268,14059,191556,5831,2775,3056
34635,214622,23038,103277,14061,191584,5832,2775,3057
34640,214653,23041,103288,14061,191612,5833,2776,3057
34645,214684,23044,103304,14062,191640,5834,2776,3058
34650,214715,23047,103322,14064,191668,5835,2776,3059
34655,214746,23051,103342,14066,191695,5836,2776,3060
34660,214777,23055,103359,14067,191722,5837,2777,3060
34665,214808,23061,103377,14070,191746,5838,2778,3060
34670,214839,23066,103393,14073,191772,5839,2779,3060
34675,214870,23071,103405,14076,191797,5840,2779,3061
34680,214901,23078,103422,14081,191822,5841,2780,3061
34685,214932,23087,103441,14087,191843,5842,2780,3062
34690,214963,23092,103455,14091,191870,5843,2781,3062
34695,214994,23096,103465,14094,191897,5844,2782,3062
34700,215025,23100,103480,14097,191924,5845,2782,3063
34705,215056,23104,103498,14101,191951,5846,2782,3064
34710,215087,23107,103509,14102,191979,5847,2783,3064
34715,215118,23110,103530,14103,192006,5848,2784,3064
34720,215149,23115,103545,14107,192033,5849,2785,3064
34725,215180,23120,103561,14112,192060,5850,2785,3065
34730,215211,23123,103578,14114,192086,5851,2785,3066
34735,215242,23130,103591,14120,192112,5852,2785,3067
34740,215273,23132,103604,14121,192141,5853,2785,3068
34745,215304,23134,103617,14122,192170,5854,2786,3068
34750,215335,23136,103632,14122,192199,5855,2787,3068
34755,215366,23138,103647,14123,192228,5856,2787,3069
34760,215397,23140,103664,14124,192257,5857,2788,3069
34765,215428,23142,103679,14125,192286,5858,2788,3070
34770,215459,23144,103689,14125,192314,5859,2788,3071
34775,215490,23146,103704,14126,192343,5860,2789,3071
34780,215521,23148,103720,14127,192371,5861,2789,3072
34785,215552,23150,103731,14128,192401,5862,2789,3073
34790,215583,23152,103750,14128,192431,5863,2790,3073
34795,215614,23155,103767,14130,192458,5864,2790,3074
34800,215645,23158,103779,14133,192486,5865,2790,3075
34805,215676,23161,103793,14135,192515,5866,2790,3076
34810,215707,23164,103809,14136,192542,5867,2790,3077
34815,215738,23167,103827,14137,192570,5868,2791,3077
34820,215769,23170,103844,14139,192597,5869,2792,3077
34825,215800,23173,103856,14140,192627,5870,2793,3077
34830,215831,23177,103867,14141,192654,5871,2793,3078
34835,215862,23181,103882,14143,192679,5872,2793,3079
34840,215893,23186,103897,14146,192707,5873,2793,3080
34845,215924,23192,103913,14152,192731,5874,2793,3081
34850,215955,23197,103929,14155,192756,5875,2793,3082
34855,215986,23203,103945,14160,192783,5876,2793,3083
34860,216017,23208,103960,14164,192808,5877,2794,3083
34865,216048,23213,103978,14169,192835,5878,2795,3083
34870,216079,23217,103993,14171,192862,5879,2795,3084
34875,216110,23221,104014,14173,192889,5880,2796,3084
34880,216141,23224,104026,14174,192917,5881,2796,3085
34885,216172,23228,104043,14177,192944,5882,2796,3086
34890,216203,23232,104060,14178,192971,5883,2796,3087
34895,216234,23236,104074,14181,192998,5884,2797,3087
34900,216265,23241,104094,14184,193024,5885,2797,3088
34905,216296,23246,104107,14188,193050,5886,2797,3089
34910,216327,23249,104125,14190,193077,5887,2797,3090
34915,216358,23254,104143,14193,193103,5888,2798,3090
34920,216389,23259,104155,14196,193130,5889,2798,3091
34925,216420,23261,104176,14197,193159,5890,2799,3091
34930,216451,23263,104188,14198,193188,5891,2800,3091
34935,216482,23265,104205,14200,193217,5892,2801,3091
34940,216513,23267,104221,14201,193243,5893,2802,3091
34945,216544,23269,104240,14203,193275,5894,2802,3092
34950,216575,23271,104253,14204,193304,5895,2803,3092
34955,216606,23273,104264,14204,193332,5896,2803,3093
34960,216637,23275,104281,14204,193361,5897,2803,3094
34965,216668,23277,104291,14204,193390,5898,2804,3094
34970,216699,23279,104309,14206,193419,5899,2805,3094
34975,216730,23282,104325,14206,193447,5900,2806,3094
34980,216761,23286,104342,14209,193474,5901,2806,3095
34985,216792,23289,104357,14211,193502,5902,2807,3095
34990,216823,23292,104369,14212,193530,5903,2807,3096
34995,216854,23296,104385,14214,193558,5904,2808,3096
35000,216885,23299,104398,14215,193586,5905,2809,3096
35005,216916,23303,104413,14218,193613,5906,2810,3096
35010,216947,23307,104429,14220,193640,5907,2811,3096
35015,216978,23310,104439,14221,193668,5908,2811,3097
35020,217009,23313,104456,14221,193696,5909,2812,3097
35025,217040,23316,104470,14221,193723,5910,2813,3097
35030,217071,23323,104484,14226,193746,5911,2813,3098
35035,217102,23330,104495,14231,193771,5912,2814,3098
35040,217133,23336,104508,14237,193795,5913,2814,3099
35045,217164,23344,104527,14243,193817,5913,2814,3099
35050,217195,23351,104542,14249,193843,5913,2814,3099
35055,217226,23357,104559,14254,193867,5913,2814,3099
35060,217257,23363,104575,14259,193894,5913,2814,3099
35065,217288,23365,104592,14260,193922,5913,2814,3099
35070,217319,23367,104604,14260,193951,5913,2814,3099
35075,217350,23369,104621,14262,193981,5913,2814,3099
35080,217381,23371,104636,14263,194010,5913,2814,3099
35085,217412,23373,104648,14263,194039,5913,2814,3099
35090,217443,23375,104665,14264,194067,5913,2814,3099
35095,217474,23377,104676,14264,194097,5913,2814,3099
35100,217505,23379,104691,14264,194126,5913,2814,3099
35105,217536,23381,104704,14264,194155,5913,2814,3099
35110,217567,23383,104718,14265,194184,5913,2814,3099
35115,217598,23385,104731,14266,194213,5913,2814,3099
35120,217629,23387,104748,14267,194242,5913,2814,3099
35125,217660,23389,104767,14268,194271,5913,2814,3099
35130,217691,23391,104785,14269,194300,5913,2814,3099
35135,217722,23393,104800,14271,194328,5913,2814,3099
35140,217753,23395,104815,14271,194357,5913,2814,3099
35145,217784,23397,104825,14271,194387,5914,2814,3100
35150,217815,23399,104832,14272,194415,5915,2814,3101
35155,217846,23402,104848,14274,194444,5916,2815,3101
35160,217877,23405,104868,14277,194470,5917,2815,3102
35165,217908,23408,104883,14280,194500,5918,2816,3102
35170,217939,23411,104895,14281,194526,5919,2816,3103
35175,217970,23417,104914,14284,194552,5920,2816,3104
35180,218001,23423,104935,14289,194576,5921,2816,3105
35185,218032,23429,104947,14294,194602,5922,2816,3106
35190,218063,23435,104963,14297,194626,5923,2817,3106
35195,218094,23443,104978,14302,194650,5924,2818,3106
35200,218125,23451,104996,14309,194674,5925,2818,3107
35205,218156,23454,105014,14310,194702,5926,2819,3107
35210,218187,23458,105033,14313,194729,5927,2820,3107
35215,218218,23462,105050,14315,194756,5928,2821,3107
35220,218249,23465,105063,14318,194784,5929,2821,3108
35225,218280,23468,105076,14319,194812,5930,2821,3109
35230,218311,23470,105090,14321,194841,5931,2822,3109
35235,218342,23474,105109,14324,194868,5932,2823,3109
35240,218373,23477,105128,14326,194895,5933,2823,3110
35245,218404,23482,105139,14330,194921,5934,2823,3111
35250,218435,23485,105153,14332,194950,5935,2824,3111
35255,218466,23486,105167,14333,194980,5936,2824,3112
35260,218497,23487,105182,14333,195010,5937,2825,3112
35265,218528,23488,105199,14334,195039,5938,2825,3113
35270,218559,23489,105217,14335,195069,5939,2826,3113
35275,218590,23490,105230,14335,195097,5940,2827,3113
35280,218621,23491,105246,14335,195129,5941,2828,3113
35285,218652,23492,105259,14335,195160,5942,2828,3114
35290,218683,23493,105271,14335,195190,5943,2828,3115
35295,218714,23494,105282,14336,195219,5944,2828,3116
35300,218745,23495,105293,14337,195250,5945,2829,3116
35305,218776,23496,105307,14338,195280,5946,2829,3117
35310,218807,23498,105322,14340,195309,5947,2829,3118
35315,218838,23500,105338,14340,195337,5948,2829,3119
35320,218869,23503,105349,14341,195366,5949,2829,3120
35325,218900,23505,105365,14343,195393,5950,2829,3121
35330,218931,23509,105383,14347,195422,5951,2829,3122
35335,218962,23512,105401,14348,195450,5952,2830,3122
35340,218993,23515,105417,14349,195476,5953,2831,3122
35345,219024,23518,105433,14350,195506,5954,2832,3122
35350,219055,23520,105449,14350,195534,5955,2832,3123
35355,219086,23523,105462,14351,195563,5956,2832,3124
35360,219117,23526,105480,14354,195590,5957,2832,3125
35365,219148,23531,105494,14358,195616,5958,2832,3126
35370,219179,23536,105510,14362,195641,5959,2832,3127
35375,219210,23542,105524,14368,195667,5960,2832,3128
35380,219241,23547,105536,14371,195693,5961,2833,3128
35385,219272,23552,105552,14375,195720,5962,2833,3129
35390,219303,23554,105569,14377,195749,5963,2833,3130
35395,219334,23557,105582,14380,195777,5964,2833,3131
35400,219365,23559,105599,14381,195805,5965,2833,3132
35405,219396,23561,105620,14382,195835,5966,2834,3132
35410,219427,23563,105632,14384,195864,5967,2834,3133
35415,219458,23566,105644,14386,195892,5968,2834,3134
35420,219489,23568,105659,14387,195921,5969,2834,3135
35425,219520,23571,105678,14389,195949,5970,2835,3135
35430,219551,23574,105696,14391,195977,5971,2835,3136
35435,219582,23577,105708,14393,196005,5972,2835,3137
35440,219613,23581,105724,14396,196032,5973,2836,3137
35445,219644,23584,105741,14398,196059,5974,2837,3137
35450,219675,23591,105750,14402,196083,5975,2837,3138
35455,219706,23594,105765,14403,196112,5976,2837,3139
35460,219737,23596,105775,14404,196141,5977,2837,3140
35465,219768,23598,105787,14405,196170,5978,2837,3141
35470,219799,23600,105807,14406,196199,5979,2837,3142
35475,219830,23602,105827,14407,196228,5980,2838,3142
35480,219861,23604,105842,14407,196257,5981,2839,3142
35485,219892,23606,105855,14409,196286,5982,2839,3143
35490,219923,23608,105868,14410,196315,5983,2840,3143
35495,219954,23611,105886,14411,196343,5984,2841,3143
35500,219985,23614,105901,14414,196371,5985,2841,3144
35505,220016,23617,105912,14414,196398,5986,2842,3144
35510,220047,23622,105923,14418,196424,5987,2842,3145
35515,220078,23627,105939,14423,196450,5988,2842,3146
35520,220109,23632,105954,14426,196472,5989,2842,3147
35525,220140,23640,105971,14434,196499,5990,2842,3148
35530,220171,23645,105984,14437,196526,5991,2843,3148
35535,220202,23647,106000,14438,196553,5992,2844,3148
35540,220233,23649,106016,14439,196584,5993,2845,3148
35545,220264,23651,106032,14440,196613,5994,2846,3148
35550,220295,23653,106049,14441,196642,5995,2847,3148
35555,220326,23655,106062,14442,196671,5996,2847,3149
35560,220357,23658,106081,14443,196699,5997,2848,3149
35565,220388,23661,106096,14444,196725,5998,2848,3150
35570,220419,23664,106113,14446,196754,5999,2848,3151
35575,220450,23667,106129,14447,196783,6000,2849,3151
35580,220481,23671,106145,14450,196809,6001,2850,3151
35585,220512,23674,106163,14451,196838,6002,2851,3151
35590,220543,23678,106178,14452,196865,6003,2852,3151
35595,220574,23681,106191,14453,196893,6004,2852,3152
35600,220605,23684,106205,14455,196921,6005,2852,3153
35605,220636,23687,106221,14456,196949,6006,2853,3153
35610,220667,23690,106233,14458,196977,6007,2854,3153
35615,220698,23694,106246,14459,197004,6008,2855,3153
35620,220729,23697,106259,14461,197032,6009,2855,3154
35625,220760,23700,106276,14463,197060,6010,2855,3155
35630,220791,23705,106293,14466,197085,6011,2856,3155
35635,220822,23709,106304,14468,197112,6012,2856,3156
35640,220853,23716,106317,14471,197135,6013,2856,3157
35645,220884,23721,106334,14476,197162,6013,2856,3157
35650,220915,23725,106351,14480,197189,6013,2856,3157
35655,220946,23729,106363,14483,197217,6013,2856,3157
35660,220977,23732,106377,14483,197244,6013,2856,3157
35665,221008,23736,106393,14486,197272,6013,2856,3157
35670,221039,23739,106410,14488,197300,6013,2856,3157
35675,221070,23742,106422,14488,197328,6013,2856,3157
35680,221101,23746,106441,14491,197355,6013,2856,3157
35685,221132,23749,106461,14491,197381,6013,2856,3157
35690,221163,23754,106476,14494,197407,6013,2856,3157
35695,221194,23760,106490,14498,197433,6013,2856,3157
35700,221225,23768,106510,14505,197454,6013,2856,3157
35705,221256,23771,106526,14507,197483,6013,2856,3157
35710,221287,23773,106544,14508,197513,6013,2856,3157
35715,221318,23775,106561,14510,197541,6013,2856,3157
35720,221349,23777,106578,14511,197571,6013,2856,3157
35725,221380,23779,106592,14511,197600,6013,2856,3157
35730,221411,23781,106603,14512,197630,6013,2856,3157
35735,221442,23783,106621,14514,197659,6013,2856,3157
35740,221473,23785,106637,14516,197688,6013,2856,3157
35745,221504,23787,106651,14517,197717,6014,2856,3158
35750,221535,23790,106669,14520,197745,6015,2856,3159
35755,221566,23793,106682,14521,197773,6016,2856,3160
35760,221597,23796,106697,14523,197801,6017,2856,3161
35765,221628,23799,106711,14524,197829,6018,2856,3162
35770,221659,23802,106728,14526,197857,6019,2857,3162
35775,221690,23805,106744,14529,197885,6020,2857,3163
35780,221721,23808,106758,14529,197913,6021,2857,3164
35785,221752,23811,106773,14530,197941,6022,2857,3165
35790,221783,23814,106789,14531,197969,6023,2858,3165
35795,221814,23818,106807,14534,197996,6024,2858,3166
35800,221845,23821,106818,14534,198024,6025,2859,3166
35805,221876,23824,106830,14536,198051,6026,2859,3167
35810,221907,23829,106843,14538,198076,6027,2859,3168
35815,221938,23837,106858,14545,198100,6028,2859,3169
35820,221969,23845,106872,14551,198123,6029,2859,3170
35825,222000,23853,106883,14555,198145,6030,2860,3170
35830,222031,23858,106898,14557,198172,6031,2861,3170
35835,222062,23864,106911,14560,198196,6032,2862,3170
35840,222093,23869,106923,14563,198223,6033,2863,3170
35845,222124,23874,106935,14566,198248,6034,2864,3170
35850,222155,23876,106951,14567,198277,6035,2865,3170
35855,222186,23878,106968,14569,198306,6036,2866,3170
35860,222217,23880,106984,14570,198335,6037,2867,3170
35865,222248,23882,107000,14571,198365,6038,2867,3171
35870,222279,23884,107017,14573,198395,6039,2868,3171
35875,222310,23886,107030,14573,198423,6040,2868,3172
35880,222341,23888,107045,14575,198453,6041,2869,3172
35885,222372,23890,107066,14577,198482,6042,2870,3172
35890,222403,23892,107079,14578,198511,6043,2870,3173
35895,222434,23894,107091,14578,198540,6044,2870,3174
35900,222465,23896,107107,14579,198569,6045,2871,3174
35905,222496,23898,107119,14579,198598,6046,2872,3174
35910,222527,23900,107137,14581,198627,6047,2873,3174
35915,222558,23902,107152,14581,198656,6048,2874,3174
35920,222589,23904,107167,14582,198684,6049,2875,3174
35925,222620,23906,107183,14583,198714,6050,2876,3174
35930,222651,23908,107200,14584,198742,6051,2876,3175
35935,222682,23911,107215,14587,198770,6052,2876,3176
35940,222713,23914,107231,14588,198799,6053,2877,3176
35945,222744,23917,107248,14590,198826,6054,2878,3176
35950,222775,23922,107265,14593,198851,6055,2879,3176
35955,222806,23927,107281,14596,198879,6056,2880,3176
35960,222837,23932,107293,14599,198905,6057,2880,3177
35965,222868,23936,107306,14602,198932,6058,2880,3178
35970,222899,23941,107316,14605,198957,6059,2880,3179
35975,222930,23946,107330,14606,198983,6060,2880,3180
35980,222961,23953,107343,14610,199008,6061,2880,3181
35985,222992,23960,107357,14614,199032,6062,2880,3182
35990,223023,23967,107373,14619,199056,6063,2881,3182
35995,223054,23974,107389,14624,199080,6064,2881,3183
36000,223085,23981,107406,14627,199104,6065,2881,3184
36005,223116,23985,107427,14630,199131,6066,2882,3184
36010,223147,23988,107440,14632,199159,6067,2882,3185
36015,223178,23992,107453,14634,199185,6068,2883,3185
36020,223209,23997,107470,14638,199211,6069,2883,3186
36025,223240,24001,107485,14640,199237,6070,2883,3187
36030,223271,24004,107500,14641,199267,6071,2883,3188
36035,223302,24006,107512,14642,199296,6072,2883,3189
36040,223333,24008,107525,14642,199324,6073,2883,3190
36045,223364,24010,107543,14643,199353,6074,2883,3191
36050,223395,24012,107561,14645,199383,6075,2883,3192
36055,223426,24014,107577,14646,199411,6076,2883,3193
36060,223457,24016,107589,14646,199440,6077,2883,3194
36065,223488,24017,107603,14646,199471,6078,2884,3194
36070,223519,24018,107614,14647,199500,6079,2885,3194
36075,223550,24019,107627,14648,199531,6080,2886,3194
36080,223581,24020,107636,14649,199561,6081,2886,3195
36085,223612,24021,107655,14650,199590,6082,2887,3195
36090,223643,24022,107670,14651,199620,6083,2888,3195
36095,223674,24023,107682,14651,199651,6084,2889,3195
36100,223705,24024,107701,14651,199679,6085,2890,3195
36105,223736,24025,107719,14652,199710,6086,2891,3195
36110,223767,24027,107731,14653,199739,6087,2891,3196
36115,223798,24029,107748,14655,199769,6088,2891,3197
36120,223829,24031,107763,14656,199797,6089,2892,3197
36125,223860,24033,107779,14657,199826,6090,2892,3198
36130,223891,24035,107790,14658,199856,6091,2892,3199
36135,223922,24038,107807,14659,199883,6092,2893,3199
36140,223953,24043,107817,14661,199910,6093,2893,3200
36145,223984,24047,107831,14662,199936,6094,2893,3201
36150,224015,24052,107852,14666,199963,6095,2894,3201
36155,224046,24057,107867,14670,199989,6096,2895,3201
36160,224077,24061,107883,14672,200016,6097,2895,3202
36165,224108,24065,107896,14673,200041,6098,2896,3202
36170,224139,24072,107907,14677,200066,6099,2896,3203
36175,224170,24080,107921,14682,200089,6100,2896,3204
36180,224201,24088,107936,14688,200111,6101,2897,3204
36185,224232,24095,107948,14693,200137,6102,2897,3205
36190,224263,24099,107959,14695,200163,6103,2898,3205
36195,224294,24102,107975,14697,200192,6104,2898,3206
36200,224325,24104,107991,14698,200221,6105,2899,3206
36205,224356,24106,108008,14699,200250,6106,2900,3206
36210,224387,24108,108021,14700,200279,6107,2900,3207
36215,224418,24110,108033,14701,200308,6108,2901,3207
36220,224449,24112,108047,14703,200337,6109,2902,3207
36225,224480,24114,108063,14705,200366,6110,2902,3208
36230,224511,24116,108074,14706,200394,6111,2902,3209
36235,224542,24118,108090,14707,200422,6112,2903,3209
36240,224573,24120,108104,14708,200453,6113,2904,3209
36245,224604,24121,108122,14709,200481,6113,2904,3209
36250,224635,24122,108137,14710,200512,6113,2904,3209
36255,224666,24123,108149,14711,200543,6113,2904,3209
36260,224697,24124,108166,14712,200572,6113,2904,3209
36265,224728,24125,108179,14712,200602,6113,2904,3209
36270,224759,24126,108190,14712,200633,6113,2904,3209
36275,224790,24127,108205,14712,200663,6113,2904,3209
36280,224821,24128,108222,14712,200693,6113,2904,3209
36285,224852,24129,108233,14712,200723,6113,2904,3209
36290,224883,24131,108245,14713,200751,6113,2904,3209
36295,224914,24134,108262,14716,200779,6113,2904,3209
36300,224945,24136,108276,14717,200807,6113,2904,3209
36305,224976,24140,108291,14718,200835,6113,2904,3209
36310,225007,24143,108306,14718,200863,6113,2904,3209
36315,225038,24146,108325,14720,200892,6113,2904,3209
36320,225069,24149,108342,14723,200920,6113,2904,3209
36325,225100,24152,108359,14724,200947,6113,2904,3209
36330,225131,24155,108377,14727,200975,6113,2904,3209
36335,225162,24159,108387,14728,201001,6113,2904,3209
36340,225193,24163,108402,14731,201029,6113,2904,3209
36345,225224,24168,108414,14735,201054,6114,2904,3210
36350,225255,24177,108428,14741,201078,6115,2905,3210
36355,225286,24184,108446,14746,201101,6116,2905,3211
36360,225317,24190,108456,14749,201126,6117,2906,3211
36365,225348,24196,108472,14754,201151,6118,2907,3211
36370,225379,24203,108490,14760,201173,6119,2907,3212
36375,225410,24206,108501,14762,201203,6120,2908,3212
36380,225441,24208,108519,14764,201233,6121,2908,3213
36385,225472,24210,108529,14765,201261,6122,2909,3213
36390,225503,24212,108542,14766,201290,6123,2910,3213
36395,225534,24214,108554,14768,201319,6124,2910,3214
36400,225565,24216,108567,14768,201349,6125,2910,3215
36405,225596,24218,108582,14768,201378,6126,2910,3216
36410,225627,24220,108602,14770,201407,6127,2910,3217
36415,225658,24222,108621,14770,201435,6128,2911,3217
36420,225689,24224,108633,14772,201465,6129,2912,3217
36425,225720,24226,108654,14774,201494,6130,2913,3217
36430,225751,24228,108674,14776,201523,6131,2914,3217
36435,225782,24230,108687,14777,201551,6132,2915,3217
36440,225813,24232,108704,14778,201580,6133,2916,3217
36445,225844,24234,108718,14778,201610,6134,2917,3217
36450,225875,24236,108730,14779,201639,6135,2917,3218
36455,225906,24238,108744,14780,201668,6136,2918,3218
36460,225937,24240,108761,14782,201696,6137,2919,3218
36465,225968,24244,108774,14784,201723,6138,2919,3219
36470,225999,24249,108790,14787,201749,6139,2919,3220
36475,226030,24255,108807,14792,201775,6140,2919,3221
36480,226061,24260,108821,14795,201799,6141,2919,3222
36485,226092,24266,108836,14799,201825,6142,2919,3223
36490,226123,24271,108853,14801,201851,6143,2920,3223
36495,226154,24276,108869,14803,201877,6144,2921,3223
36500,226185,24283,108884,14807,201902,6145,2921,3224
36505,226216,24289,108901,14811,201926,6146,2921,3225
36510,226247,24293,108921,14814,201954,6147,2922,3225
36515,226278,24297,108935,14817,201981,6148,2922,3226
36520,226309,24301,108954,14819,202007,6149,2923,3226
36525,226340,24305,108969,14821,202033,6150,2924,3226
36530,226371,24310,108987,14824,202058,6151,2925,3226
36535,226402,24315,109001,14827,202084,6152,2926,3226
36540,226433,24321,109012,14830,202109,6153,2927,3226
36545,226464,24323,109033,14832,202139,6154,2927,3227
36550,226495,24325,109046,14833,202168,6155,2928,3227
36555,226526,24327,109065,14834,202199,6156,2929,3227
36560,226557,24329,109082,14834,202227,6157,2930,3227
36565,226588,24331,109094,14836,202256,6158,2930,3228
36570,226619,24333,109112,14838,202285,6159,2931,3228
36575,226650,24335,109128,14838,202314,6160,2931,3229
36580,226681,24337,109146,14839,202344,6161,2931,3230
36585,226712,24339,109162,14841,202373,6162,2931,3231
36590,226743,24341,109180,14841,202402,6163,2932,3231
36595,226774,24343,109196,14843,202431,6164,2933,3231
36600,226805,24345,109212,14845,202460,6165,2934,3231
36605,226836,24347,109227,14846,202489,6166,2934,3232
36610,226867,24349,109236,14847,202517,6167,2934,3233
36615,226898,24353,109242,14848,202545,6168,2934,3234
36620,226929,24357,109261,14851,202572,6169,2934,3235
36625,226960,24361,109273,14853,202599,6170,2935,3235
36630,226991,24365,109290,14855,202625,6171,2936,3235
36635,227022,24370,109305,14857,202652,6172,2936,3236
36640,227053,24373,109321,14857,202679,6173,2936,3237
36645,227084,24378,109331,14859,202704,6174,2936,3238
36650,227115,24387,109346,14865,202724,6175,2937,3238
36655,227146,24392,109368,14868,202753,6176,2937,3239
36660,227177,24395,109386,14870,202781,6177,2937,3240
36665,227208,24398,109403,14872,202808,6178,2937,3241
36670,227239,24401,109414,14873,202837,6179,2938,3241
36675,227270,24405,109430,14876,202865,6180,2939,3241
36680,227301,24408,109444,14877,202893,6181,2939,3242
36685,227332,24412,109460,14880,202919,6182,2940,3242
36690,227363,24417,109472,14884,202945,6183,2940,3243
36695,227394,24422,109486,14889,202972,6184,2940,3244
36700,227425,24425,109495,14889,202999,6185,2940,3245
36705,227456,24429,109514,14892,203026,6186,2940,3246
36710,227487,24433,109526,14894,203052,6187,2940,3247
36715,227518,24439,109540,14898,203077,6188,2940,3248
36720,227549,24442,109559,14901,203107,6189,2941,3248
36725,227580,24444,109577,14903,203135,6190,2941,3249
36730,227611,24446,109592,14904,203165,6191,2942,3249
36735,227642,24448,109601,14904,203194,6192,2943,3249
36740,227673,24450,109619,14906,203223,6193,2943,3250
36745,227704,24452,109632,14907,203252,6194,2944,3250
36750,227735,24454,109646,14908,203281,6195,2945,3250
36755,227766,24456,109661,14908,203310,6196,2946,3250
36760,227797,24460,109676,14909,203336,6197,2947,3250
36765,227828,24463,109688,14911,203365,6198,2948,3250
36770,227859,24467,109708,14914,203389,6199,2949,3250
36775,227890,24474,109722,14921,203415,6200,2949,3251
36780,227921,24480,109735,14926,203439,6201,2949,3252
36785,227952,24487,109750,14932,203465,6201,2949,3252
36790,227983,24491,109763,14934,203492,6201,2949,3252
36795,228014,24493,109778,14935,203521,6201,2949,3252
36800,228045,24495,109792,14935,203550,6201,2949,3252
36805,228076,24497,109808,14937,203579,6201,2949,3252
36810,228107,24499,109824,14938,203608,6201,2949,3252
36815,228138,24501,109841,14940,203637,6201,2949,3252
36820,228169,24504,109856,14941,203665,6201,2949,3252
36825,228200,24509,109875,14946,203691,6201,2949,3252
36830,228231,24513,109888,14948,203718,6201,2949,3252
36835,228262,24516,109900,14949,203746,6201,2949,3252
36840,228293,24521,109916,14953,203771,6201,2949,3252
36845,228324,24525,109931,14955,203798,6201,2949,3252
36850,228355,24530,109944,14959,203824,6201,2949,3252
36855,228386,24536,109957,14963,203849,6201,2949,3252
36860,228417,24541,109976,14967,203876,6201,2949,3252
36865,228448,24543,109993,14969,203905,6201,2949,3252
36870,228479,24545,110006,14969,203934,6201,2949,3252
36875,228510,24547,110024,14971,203963,6201,2949,3252
36880,228541,24549,110036,14971,203992,6201,2949,3252
36885,228572,24551,110055,14973,204020,6202,2949,3253
36890,228603,24553,110065,14973,204050,6203,2949,3254
36895,228634,24555,110078,14973,204077,6204,2950,3254
36900,228665,24561,110088,14976,204104,6205,2951,3254
36905,228696,24563,110099,14977,204131,6206,2951,3255
36910,228727,24567,110114,14980,204158,6207,2951,3256
36915,228758,24571,110131,14984,204184,6208,2952,3256
36920,228789,24576,110143,14989,204211,6209,2952,3257
36925,228820,24582,110155,14993,204238,6210,2952,3258
36930,228851,24583,110166,14993,204268,6211,2953,3258
36935,228882,24584,110179,14994,204298,6212,2954,3258
36940,228913,24585,110194,14995,204328,6213,2954,3259
36945,228944,24586,110209,14995,204357,6214,2955,3259
36950,228975,24587,110221,14995,204386,6215,2955,3260
36955,229006,24588,110235,14995,204417,6216,2955,3261
36960,229037,24589,110251,14996,204447,6217,2956,3261
36965,229068,24590,110266,14996,204477,6218,2956,3262
36970,229099,24593,110281,14998,204505,6219,2957,3262
36975,229130,24595,110293,14999,204534,6220,2958,3262
36980,229161,24597,110310,15001,204564,6221,2959,3262
36985,229192,24600,110324,15003,204592,6222,2960,3262
36990,229223,24602,110341,15005,204621,6223,2961,3262
36995,229254,24605,110355,15007,204649,6224,2961,3263
37000,229285,24608,110368,15008,204677,6225,2961,3264
37005,229316,24613,110387,15013,204703,6226,2962,3264
37010,229347,24616,110403,15014,204731,6227,2963,3264
37015,229378,24621,110417,15016,204757,6228,2963,3265
37020,229409,24627,110435,15021,204782,6229,2964,3265
37025,229440,24630,110448,15023,204810,6230,2964,3266
37030,229471,24632,110459,15024,204839,6231,2965,3266
37035,229502,24635,110478,15025,204867,6232,2966,3266
37040,229533,24638,110493,15027,204894,6233,2966,3267
37045,229564,24642,110507,15029,204921,6234,2966,3268
37050,229595,24646,110517,15031,204948,6235,2966,3269
37055,229626,24650,110535,15034,204975,6236,2967,3269
37060,229657,24654,110549,15037,205002,6237,2968,3269
37065,229688,24658,110565,15040,205028,6238,2969,3269
37070,229719,24664,110583,15045,205051,6239,2969,3270
37075,229750,24673,110596,15052,205076,6240,2970,3270
37080,229781,24678,110611,15056,205103,6241,2971,3270
37085,229812,24680,110625,15056,205132,6242,2972,3270
37090,229843,24682,110641,15057,205160,6243,2973,3270
37095,229874,24684,110656,15057,205188,6244,2974,3270
37100,229905,24686,110673,15058,205219,6245,2975,3270
37105,229936,24688,110685,15058,205247,6246,2975,3271
37110,229967,24690,110696,15059,205276,6247,2975,3272
37115,229998,24692,110710,15060,205304,6248,2975,3273
37120,230029,24694,110727,15060,205335,6249,2976,3273
37125,230060,24696,110743,15060,205364,6250,2976,3274
37130,230091,24699,110761,15062,205391,6251,2977,3274
37135,230122,24702,110776,15063,205420,6252,2978,3274
37140,230153,24705,110789,15064,205448,6253,2978,3275
37145,230184,24707,110805,15065,205477,6254,2978,3276
37150,230215,24709,110817,15065,205506,6255,2979,3276
37155,230246,24711,110832,15065,205535,6256,2979,3277
37160,230277,24713,110848,15067,205564,6257,2979,3278
37165,230308,24716,110864,15069,205592,6258,2980,3278
37170,230339,24719,110883,15072,205620,6259,2980,3279
37175,230370,24721,110897,15074,205649,6260,2980,3280
37180,230401,24724,110913,15076,205677,6261,2980,3281
37185,230432,24727,110926,15077,205704,6262,2980,3282
37190,230463,24732,110941,15079,205730,6263,2980,3283
37195,230494,24739,110959,15084,205754,6264,2981,3283
37200,230525,24744,110971,15087,205781,6265,2982,3283
37205,230556,24747,110986,15089,205809,6266,2982,3284
37210,230587,24751,111005,15093,205836,6267,2982,3285
37215,230618,24753,111016,15095,205865,6268,2982,3286
37220,230649,24756,111029,15097,205893,6269,2983,3286
37225,230680,24759,111045,15099,205921,6270,2983,3287
37230,230711,24762,111055,15100,205949,6271,2983,3288
37235,230742,24764,111071,15100,205977,6272,2984,3288
37240,230773,24769,111085,15104,206002,6273,2984,3289
37245,230804,24775,111099,15108,206029,6274,2984,3290
37250,230835,24779,111114,15111,206055,6275,2984,3291
37255,230866,24781,111128,15112,206083,6276,2984,3292
37260,230897,24783,111142,15114,206113,6277,2985,3292
37265,230928,24785,111164,15115,206143,6278,2986,3292
37270,230959,24787,111181,15116,206172,6279,2986,3293
37275,230990,24789,111198,15117,206201,6280,2987,3293
37280,231021,24791,111211,15118,206230,6281,2988,3293
37285,231052,24793,111229,15119,206258,6282,2988,3294
37290,231083,24795,111237,15119,206288,6283,2988,3295
37295,231114,24797,111251,15120,206317,6284,2988,3296
37300,231145,24799,111268,15120,206346,6285,2989,3296
37305,231176,24801,111281,15120,206375,6286,2990,3296
37310,231207,24803,111296,15122,206404,6287,2991,3296
37315,231238,24806,111309,15124,206432,6288,2991,3297
37320,231269,24809,111325,15126,206460,6289,2991,3298
37325,231300,24812,111341,15127,206488,6289,2991,3298
37330,231331,24815,111354,15129,206516,6289,2991,3298
37335,231362,24818,111367,15130,206544,6289,2991,3298
37340,231393,24821,111386,15132,206571,6289,2991,3298
37345,231424,24824,111401,15134,206600,6289,2991,3298
37350,231455,24827,111415,15135,206628,6289,2991,3298
37355,231486,24830,111434,15137,206656,6289,2991,3298
37360,231517,24833,111447,15138,206684,6289,2991,3298
37365,231548,24838,111462,15141,206709,6289,2991,3298
37370,231579,24844,111470,15143,206735,6289,2991,3298
37375,231610,24851,111479,15147,206758,6289,2991,3298
37380,231641,24858,111493,15151,206783,6289,2991,3298
37385,231672,24867,111505,15158,206804,6289,2991,3298
37390,231703,24876,111526,15167,206825,6289,2991,3298
37395,231734,24882,111538,15171,206852,6289,2991,3298
37400,231765,24887,111556,15174,206877,6289,2991,3298
37405,231796,24891,111570,15176,206904,6289,2991,3298
37410,231827,24893,111584,15176,206933,6289,2991,3298
37415,231858,24895,111600,15177,206961,6289,2991,3298
37420,231889,24897,111616,15177,206990,6289,2991,3298
37425,231920,24899,111633,15177,207021,6290,2992,3298
37430,231951,24901,111647,15178,207049,6291,2992,3299
37435,231982,24903,111663,15178,207078,6292,2992,3300
37440,232013,24905,111682,15180,207107,6293,2993,3300
37445,232044,24907,111697,15180,207135,6294,2993,3301
37450,232075,24909,111710,15181,207165,6295,2994,3301
37455,232106,24911,111724,15182,207194,6296,2994,3302
37460,232137,24913,111742,15182,207224,6297,2995,3302
37465,232168,24915,111760,15184,207252,6298,2995,3303
37470,232199,24917,111777,15185,207281,6299,2996,3303
37475,232230,24919,111789,15185,207311,6300,2997,3303
37480,232261,24921,111804,15186,207339,6301,2997,3304
37485,232292,24923,111819,15187,207368,6302,2997,3305
37490,232323,24925,111837,15187,207398,6303,2997,3306
37495,232354,24927,111850,15188,207427,6304,2998,3306
37500,232385,24929,111864,15189,207456,6305,2998,3307
37505,232416,24932,111879,15192,207483,6306,2999,3307
37510,232447,24938,111888,15195,207508,6307,2999,3308
37515,232478,24945,111897,15198,207533,6308,2999,3309
37520,232509,24950,111911,15200,207558,6309,3000,3309
37525,232540,24958,111929,15206,207579,6310,3001,3309
37530,232571,24966,111949,15212,207604,6311,3002,3309
37535,232602,24970,111961,15213,207631,6312,3002,3310
37540,232633,24975,111976,15217,207656,6313,3003,3310
37545,232664,24980,111996,15219,207681,6314,3004,3310
37550,232695,24985,112011,15222,207710,6315,3005,3310
37555,232726,24989,112027,15224,207736,6316,3005,3311
37560,232757,24993,112039,15227,207764,6317,3005,3312
37565,232788,24997,112056,15230,207791,6318,3006,3312
37570,232819,25000,112067,15232,207818,6319,3006,3313
37575,232850,25004,112088,15236,207845,6320,3007,3313
37580,232881,25006,112105,15237,207874,6321,3007,3314
37585,232912,25008,112117,15237,207904,6322,3007,3315
37590,232943,25010,112129,15238,207932,6323,3007,3316
37595,232974,25012,112143,15238,207962,6324,3008,3316
37600,233005,25014,112157,15240,207991,6325,3008,3317
37605,233036,25016,112168,15241,208018,6326,3009,3317
37610,233067,25018,112183,15242,208047,6327,3010,3317
37615,233098,25020,112194,15244,208077,6328,3010,3318
37620,233129,25022,112210,15246,208106,6329,3010,3319
37625,233160,25024,112222,15247,208136,6330,3011,3319
37630,233191,25026,112238,15249,208164,6331,3012,3319
37635,233222,25028,112249,15249,208192,6332,3012,3320
37640,233253,25032,112265,15252,208220,6333,3012,3321
37645,233284,25036,112280,15253,208247,6334,3013,3321
37650,233315,25040,112290,15257,208275,6335,3013,3322
37655,233346,25044,112305,15259,208301,6336,3013,3323
37660,233377,25050,112321,15262,208326,6337,3013,3324
37665,233408,25055,112335,15267,208352,6338,3014,3324
37670,233439,25061,112349,15270,208378,6339,3014,3325
37675,233470,25066,112363,15273,208403,6340,3014,3326
37680,233501,25072,112374,15276,208429,6341,3015,3326
37685,233532,25075,112387,15277,208457,6342,3016,3326
37690,233563,25078,112401,15278,208485,6343,3017,3326
37695,233594,25081,112414,15280,208513,6344,3017,3327
37700,233625,25085,112428,15283,208540,6345,3017,3328
37705,233656,25088,112438,15285,208568,6346,3018,3328
37710,233687,25092,112451,15288,208593,6347,3018,3329
37715,233718,25095,112463,15288,208621,6348,3018,3330
37720,233749,25100,112477,15292,208648,6349,3019,3330
37725,233780,25105,112492,15296,208675,6350,3020,3330
37730,233811,25110,112511,15301,208700,6351,3020,3331
37735,233842,25114,112523,15304,208728,6352,3021,3331
37740,233873,25119,112538,15307,208753,6353,3021,3332
37745,233904,25122,112560,15310,208781,6354,3021,3333
37750,233935,25124,112572,15312,208810,6355,3021,3334
37755,233966,25126,112589,15313,208838,6356,3022,3334
37760,233997,25128,112602,15314,208868,6357,3023,3334
37765,234028,25130,112619,15315,208898,6358,3023,3335
37770,234059,25132,112636,15316,208926,6359,3024,3335
37775,234090,25134,112649,15317,208956,6360,3024,3336
37780,234121,25136,112662,15318,208985,6361,3024,3337
37785,234152,25138,112678,15318,209014,6362,3024,3338
37790,234183,25142,112699,15321,209040,6363,3025,3338
37795,234214,25146,112716,15323,209068,6364,3025,3339
37800,234245,25150,112730,15325,209095,6365,3025,3340
37805,234276,25152,112743,15326,209124,6366,3025,3341
37810,234307,25154,112756,15328,209153,6367,3025,3342
37815,234338,25156,112772,15328,209181,6368,3025,3343
37820,234369,25158,112784,15330,209210,6369,3026,3343
37825,234400,25161,112795,15332,209238,6370,3026,3344
37830,234431,25165,112807,15335,209266,6371,3026,3345
37835,234462,25168,112817,15337,209294,6372,3027,3345
37840,234493,25173,112835,15342,209319,6373,3028,3345
37845,234524,25176,112843,15343,209347,6374,3028,3346
37850,234555,25181,112855,15345,209374,6375,3029,3346
37855,234586,25183,112872,15347,209402,6376,3030,3346
37860,234617,25185,112883,15347,209431,6377,3031,3346
37865,234648,25188,112900,15349,209460,6377,3031,3346
37870,234679,25191,112914,15351,209487,6377,3031,3346
37875,234710,25193,112930,15353,209517,6377,3031,3346
37880,234741,25197,112945,15355,209544,6377,3031,3346
37885,234772,25201,112962,15358,209571,6377,3031,3346
37890,234803,25203,112969,15358,209600,6377,3031,3346
37895,234834,25206,112981,15361,209628,6377,3031,3346
37900,234865,25211,112996,15364,209653,6377,3031,3346
37905,234896,25216,113012,15367,209678,6377,3031,3346
37910,234927,25219,113023,15368,209707,6377,3031,3346
37915,234958,25221,113042,15368,209736,6377,3031,3346
37920,234989,25223,113058,15369,209765,6377,3031,3346
37925,235020,25225,113069,15369,209794,6377,3031,3346
37930,235051,25227,113086,15370,209823,6377,3031,3346
37935,235082,25229,113099,15370,209853,6377,3031,3346
37940,235113,25231,113113,15372,209882,6377,3031,3346
37945,235144,25233,113128,15373,209911,6377,3031,3346
37950,235175,25235,113143,15374,209939,6377,3031,3346
37955,235206,25237,113160,15376,209968,6377,3031,3346
37960,235237,25241,113174,15378,209994,6377,3031,3346
37965,235268,25245,113183,15379,210023,6378,3031,3347
37970,235299,25248,113197,15380,210051,6379,3032,3347
37975,235330,25251,113211,15382,210079,6380,3032,3348
37980,235361,25255,113228,15385,210105,6381,3033,3348
37985,235392,25261,113243,15390,210130,6382,3034,3348
37990,235423,25266,113254,15393,210156,6383,3034,3349
37995,235454,25271,113267,15395,210183,6384,3035,3349
38000,235485,25275,113281,15399,210209,6385,3036,3349
38005,235516,25280,113296,15403,210235,6386,3037,3349
38010,235547,25282,113310,15403,210264,6387,3037,3350
38015,235578,25284,113323,15403,210294,6388,3038,3350
38020,235609,25287,113335,15404,210321,6389,3038,3351
38025,235640,25291,113353,15406,210348,6390,3039,3351
38030,235671,25295,113365,15409,210376,6391,3040,3351
38035,235702,25301,113387,15414,210401,6392,3040,3352
38040,235733,25306,113400,15417,210427,6393,3040,3353
38045,235764,25308,113418,15418,210456,6394,3041,3353
38050,235795,25310,113430,15420,210485,6395,3042,3353
38055,235826,25313,113449,15423,210513,6396,3043,3353
38060,235857,25317,113467,15425,210540,6397,3043,3354
38065,235888,25320,113478,15427,210568,6398,3043,3355
38070,235919,25324,113496,15431,210595,6399,3043,3356
38075,235950,25325,113515,15431,210625,6400,3044,3356
38080,235981,25326,113529,15431,210654,6401,3044,3357
38085,236012,25327,113547,15432,210683,6402,3044,3358
38090,236043,25328,113557,15432,210715,6403,3045,3358
38095,236074,25329,113571,15432,210745,6404,3046,3358
38100,236105,25330,113586,15432,210775,6405,3047,3358
38105,236136,25331,113605,15433,210805,6406,3048,3358
38110,236167,25332,113622,15434,210833,6407,3048,3359
38115,236198,25337,113638,15438,210860,6408,3048,3360
38120,236229,25342,113655,15442,210885,6409,3049,3360
38125,236260,25346,113668,15446,210914,6410,3050,3360
38130,236291,25350,113681,15449,210940,6411,3051,3360
38135,236322,25355,113697,15454,210966,6412,3052,3360
38140,236353,25359,113711,15456,210993,6413,3052,3361
38145,236384,25360,113724,15457,211023,6414,3052,3362
38150,236415,25362,113743,15459,211053,6415,3053,3362
38155,236446,25364,113756,15459,211082,6416,3053,3363
38160,236477,25366,113774,15460,211111,6417,3053,3364
38165,236508,25368,113791,15461,211140,6418,3054,3364
38170,236539,25370,113803,15462,211169,6419,3055,3364
38175,236570,25373,113819,15465,211196,6420,3056,3364
38180,236601,25379,113833,15469,211222,6421,3056,3365
38185,236632,25382,113846,15471,211249,6422,3057,3365
38190,236663,25387,113858,15476,211276,6423,3058,3365
38195,236694,25392,113874,15479,211301,6424,3058,3366
38200,236725,25397,113890,15484,211328,6425,3059,3366
38205,236756,25402,113905,15487,211353,6426,3060,3366
38210,236787,25408,113919,15491,211377,6427,3060,3367
38215,236818,25410,113938,15492,211406,6428,3060,3368
38220,236849,25412,113951,15494,211436,6429,3060,3369
38225,236880,25414,113959,15494,211465,6430,3061,3369
38230,236911,25416,113974,15495,211494,6431,3061,3370
38235,236942,25418,113993,15496,211524,6432,3062,3370
38240,236973,25420,114010,15497,211552,6433,3063,3370
38245,237004,25422,114026,15497,211582,6434,3064,3370
38250,237035,25425,114042,15498,211608,6435,3065,3370
38255,237066,25429,114061,15500,211636,6436,3065,3371
38260,237097,25432,114077,15501,211663,6437,3066,3371
38265,237128,25438,114093,15506,211689,6438,3067,3371
38270,237159,25443,114105,15508,211716,6439,3068,3371
38275,237190,25447,114117,15509,211742,6440,3069,3371
38280,237221,25452,114126,15512,211768,6441,3069,3372
38285,237252,25455,114138,15512,211796,6442,3069,3373
38290,237283,25460,114157,15515,211821,6443,3070,3373
38295,237314,25466,114173,15519,211848,6444,3070,3374
38300,237345,25468,114182,15520,211877,6445,3070,3375
38305,237376,25470,114196,15521,211906,6446,3071,3375
38310,237407,25472,114208,15521,211935,6447,3071,3376
38315,237438,25474,114222,15522,211964,6448,3071,3377
38320,237469,25477,114239,15523,211992,6449,3072,3377
38325,237500,25480,114254,15524,212020,6450,3073,3377
38330,237531,25483,114266,15525,212048,6451,3074,3377
38335,237562,25486,114279,15527,212075,6452,3074,3378
38340,237593,25490,114289,15529,212103,6453,3074,3379
38345,237624,25494,114306,15531,212129,6454,3074,3380
38350,237655,25499,114326,15535,212156,6455,3075,3380
38355,237686,25503,114341,15537,212183,6456,3076,3380
38360,237717,25508,114355,15541,212209,6457,3077,3380
38365,237748,25512,114369,15544,212236,6458,3077,3381
38370,237779,25516,114389,15547,212263,6459,3078,3381
38375,237810,25521,114405,15550,212289,6460,3079,3381
38380,237841,25525,114419,15552,212316,6461,3079,3382
38385,237872,25527,114436,15552,212345,6462,3079,3383
38390,237903,25529,114452,15553,212374,6463,3080,3383
38395,237934,25531,114468,15554,212403,6464,3080,3384
38400,237965,25533,114485,15556,212432,6465,3081,3384
38405,237996,25535,114498,15556,212461,6465,3081,3384
38410,238027,25538,114515,15558,212487,6465,3081,3384
38415,238058,25541,114527,15560,212515,6465,3081,3384
38420,238089,25544,114539,15561,212545,6465,3081,3384
38425,238120,25547,114553,15562,212573,6465,3081,3384
38430,238151,25550,114565,15562,212600,6465,3081,3384
38435,238182,25553,114583,15563,212628,6465,3081,3384
38440,238213,25556,114598,15564,212657,6465,3081,3384
38445,238244,25559,114616,15565,212685,6465,3081,3384
38450,238275,25562,114629,15565,212713,6465,3081,3384
38455,238306,25566,114643,15568,212740,6465,3081,3384
38460,238337,25569,114657,15569,212768,6465,3081,3384
38465,238368,25572,114672,15570,212796,6465,3081,3384
38470,238399,25576,114685,15572,212823,6465,3081,3384
38475,238430,25580,114696,15574,212850,6465,3081,3384
38480,238461,25585,114710,15578,212876,6465,3081,3384
38485,238492,25589,114721,15581,212902,6465,3081,3384
38490,238523,25599,114739,15589,212923,6465,3081,3384
38495,238554,25607,114754,15594,212946,6465,3081,3384
38500,238585,25611,114767,15597,212974,6465,3081,3384
38505,238616,25614,114781,15600,213001,6466,3081,3385
38510,238647,25617,114793,15602,213029,6467,3081,3386
38515,238678,25620,114809,15603,213058,6468,3081,3387
38520,238709,25623,114824,15606,213086,6469,3082,3387
38525,238740,25626,114838,15608,213114,6470,3083,3387
38530,238771,25630,114853,15609,213141,6471,3084,3387
38535,238802,25634,114866,15612,213168,6472,3085,3387
38540,238833,25638,114878,15615,213195,6473,3085,3388
38545,238864,25642,114892,15617,213222,6474,3085,3389
38550,238895,25645,114907,15620,213250,6475,3085,3390
38555,238926,25649,114924,15623,213275,6476,3085,3391
38560,238957,25656,114941,15628,213300,6477,3086,3391
38565,238988,25658,114956,15630,213330,6478,3087,3391
38570,239019,25660,114970,15630,213358,6479,3087,3392
38575,239050,25662,114986,15631,213388,6480,3088,3392
38580,239081,25664,115001,15631,213417,6481,3088,3393
38585,239112,25666,115014,15632,213446,6482,3089,3393
38590,239143,25668,115026,15634,213475,6483,3089,3394
38595,239174,25670,115041,15634,213504,6484,3090,3394
38600,239205,25672,115059,15634,213533,6485,3091,3394
38605,239236,25675,115070,15636,213560,6486,3091,3395
38610,239267,25678,115083,15636,213588,6487,3092,3395
38615,239298,25681,115098,15639,213615,6488,3093,3395
38620,239329,25686,115111,15642,213643,6489,3094,3395
38625,239360,25690,115125,15645,213670,6490,3094,3396
38630,239391,25694,115144,15648,213695,6491,3095,3396
38635,239422,25702,115155,15655,213720,6492,3096,3396
38640,239453,25707,115170,15657,213745,6493,3097,3396
38645,239484,25712,115189,15661,213772,6494,3097,3397
38650,239515,25714,115206,15662,213801,6495,3098,3397
38655,239546,25716,115224,15663,213830,6496,3099,3397
38660,239577,25718,115237,15665,213859,6497,3099,3398
38665,239608,25720,115258,15666,213888,6498,3099,3399
38670,239639,25725,115276,15670,213914,6499,3100,3399
38675,239670,25729,115287,15672,213941,6500,3101,3399
38680,239701,25734,115302,15675,213967,6501,3101,3400
38685,239732,25737,115316,15676,213995,6502,3102,3400
38690,239763,25742,115335,15679,214021,6503,3102,3401
38695,239794,25746,115352,15682,214048,6504,3103,3401
38700,239825,25750,115365,15683,214075,6505,3104,3401
38705,239856,25752,115377,15685,214104,6506,3104,3402
38710,239887,25755,115392,15687,214132,6507,3105,3402
38715,239918,25759,115406,15690,214159,6508,3106,3402
38720,239949,25760,115427,15691,214189,6509,3107,3402
38725,239980,25761,115441,15692,214219,6510,3107,3403
38730,240011,25762,115456,15693,214249,6511,3108,3403
38735,240042,25763,115475,15694,214279,6512,3109,3403
38740,240073,25764,115491,15694,214309,6513,3109,3404
38745,240104,25765,115502,15695,214338,6514,3109,3405
38750,240135,25766,115521,15695,214365,6515,3110,3405
38755,240166,25770,115529,15698,214395,6516,3111,3405
38760,240197,25774,115544,15700,214422,6517,3112,3405
38765,240228,25777,115562,15703,214449,6518,3112,3406
38770,240259,25780,115577,15705,214477,6519,3112,3407
38775,240290,25783,115596,15708,214505,6520,3112,3408
38780,240321,25787,115612,15710,214533,6521,3113,3408
38785,240352,25790,115628,15713,214561,6522,3114,3408
38790,240383,25793,115643,15715,214590,6523,3115,3408
38795,240414,25796,115655,15716,214618,6524,3116,3408
38800,240445,25798,115670,15716,214646,6525,3116,3409
38805,240476,25802,115689,15720,214672,6526,3117,3409
38810,240507,25804,115705,15721,214701,6527,3118,3409
38815,240538,25806,115722,15723,214728,6528,3118,3410
38820,240569,25809,115738,15726,214760,6529,3119,3410
38825,240600,25812,115751,15729,214788,6530,3119,3411
38830,240631,25815,115766,15731,214816,6531,3119,3412
38835,240662,25818,115780,15733,214844,6532,3119,3413
38840,240693,25821,115801,15735,214872,6533,3119,3414
38845,240724,25824,115812,15736,214900,6534,3119,3415
38850,240755,25827,115824,15737,214928,6535,3120,3415
38855,240786,25830,115839,15738,214956,6536,3120,3416
38860,240817,25834,115853,15740,214983,6537,3120,3417
38865,240848,25838,115871,15744,215010,6538,3120,3418
38870,240879,25842,115890,15748,215037,6539,3121,3418
38875,240910,25846,115902,15751,215064,6540,3121,3419
38880,240941,25850,115916,15754,215091,6541,3122,3419
38885,240972,25857,115935,15759,215115,6542,3122,3420
38890,241003,25861,115948,15762,215142,6543,3123,3420
38895,241034,25864,115965,15764,215170,6544,3123,3421
38900,241065,25866,115978,15765,215199,6545,3123,3422
38905,241096,25868,115995,15767,215227,6546,3124,3422
38910,241127,25873,116012,15772,215254,6547,3124,3423
38915,241158,25876,116027,15773,215281,6548,3125,3423
38920,241189,25880,116042,15776,215309,6549,3125,3424
38925,241220,25884,116059,15779,215335,6550,3126,3424
38930,241251,25890,116078,15785,215360,6551,3126,3425
38935,241282,25893,116091,15786,215387,6552,3126,3426
38940,241313,25899,116109,15791,215413,6553,3126,3427
38945,241344,25904,116124,15795,215439,6554,3126,3428
38950,241375,25905,116133,15795,215470,6555,3126,3429
38955,241406,25906,116148,15796,215500,6556,3127,3429
38960,241437,25907,116164,15797,215529,6557,3127,3430
38965,241468,25908,116181,15797,215560,6558,3127,3431
38970,241499,25909,116199,15798,215589,6559,3127,3432
38975,241530,25910,116215,15799,215620,6560,3128,3432
38980,241561,25911,116231,15799,215650,6561,3128,3433
38985,241592,25912,116241,15799,215680,6562,3128,3434
38990,241623,25913,116259,15799,215710,6563,3129,3434
38995,241654,25914,116274,15799,215740,6564,3130,3434
39000,241685,25916,116288,15799,215769,6565,3131,3434
39005,241716,25918,116305,15799,215798,6565,3131,3434
39010,241747,25920,116316,15799,215827,6565,3131,3434
39015,241778,25922,116335,15800,215856,6565,3131,3434
39020,241809,25924,116349,15801,215884,6565,3131,3434
39025,241840,25926,116362,15803,215914,6565,3131,3434
39030,241871,25928,116373,15804,215943,6565,3131,3434
39035,241902,25930,116387,15805,215972,6565,3131,3434
39040,241933,25932,116403,15805,216000,6565,3131,3434
39045,241964,25935,116418,15807,216028,6565,3131,3434
39050,241995,25939,116433,15810,216055,6565,3131,3434
39055,242026,25943,116446,15812,216082,6565,3131,3434
39060,242057,25949,116459,15815,216108,6565,3131,3434
39065,242088,25955,116475,15819,216133,6565,3131,3434
39070,242119,25961,116489,15825,216158,6565,3131,3434
39075,242150,25967,116503,15829,216183,6565,3131,3434
39080,242181,25971,116514,15830,216210,6565,3131,3434
39085,242212,25976,116530,15832,216236,6565,3131,3434
39090,242243,25979,116543,15834,216264,6565,3131,3434
39095,242274,25982,116558,15836,216292,6565,3131,3434
39100,242305,25986,116573,15839,216319,6565,3131,3434
39105,242336,25990,116584,15841,216345,6566,3131,3435
39110,242367,25996,116599,15846,216369,6567,3132,3435
39115,242398,26003,116615,15850,216394,6568,3132,3436
39120,242429,26007,116631,15852,216420,6569,3132,3437
39125,242460,26012,116649,15855,216448,6570,3132,3438
39130,242491,26014,116665,15856,216476,6571,3132,3439
39135,242522,26016,116675,15857,216505,6572,3132,3440
39140,242553,26018,116688,15858,216535,6573,3132,3441
39145,242584,26020,116699,15858,216564,6574,3133,3441
39150,242615,26022,116721,15859,216593,6575,3134,3441
39155,242646,26024,116735,15860,216622,6576,3134,3442
39160,242677,26026,116753,15861,216651,6577,3134,3443
39165,242708,26028,116767,15861,216679,6578,3134,3444
39170,242739,26030,116781,15862,216707,6579,3135,3444
39175,242770,26032,116799,15864,216736,6580,3136,3444
39180,242801,26034,116813,15865,216766,6581,3136,3445
39185,242832,26036,116829,15867,216796,6582,3137,3445
39190,242863,26039,116842,15868,216824,6583,3138,3445
39195,242894,26042,116858,15871,216851,6584,3138,3446
39200,242925,26045,116876,15874,216880,6585,3138,3447
39205,242956,26048,116893,15877,216907,6586,3138,3448
39210,242987,26051,116907,15879,216936,6587,3138,3449
39215,243018,26054,116922,15881,216964,6588,3138,3450
39220,243049,26057,116934,15882,216991,6589,3138,3451
39225,243080,26061,116951,15883,217018,6590,3138,3452
39230,243111,26065,116964,15884,217046,6591,3138,3453
39235,243142,26072,116977,15887,217069,6592,3139,3453
39240,243173,26079,116993,15893,217092,6593,3139,3454
39245,243204,26087,117006,15899,217116,6594,3139,3455
39250,243235,26094,117024,15906,217140,6595,3139,3456
39255,243266,26100,117040,15911,217164,6596,3139,3457
39260,243297,26106,117059,15916,217190,6597,3140,3457
39265,243328,26110,117074,15919,217217,6598,3141,3457
39270,243359,26114,117090,15922,217244,6599,3142,3457
39275,243390,26120,117107,15926,217269,6600,3143,3457
39280,243421,26125,117118,15929,217296,6601,3144,3457
39285,243452,26127,117135,15930,217325,6602,3145,3457
39290,243483,26129,117149,15931,217354,6603,3145,3458
39295,243514,26131,117166,15933,217382,6604,3145,3459
39300,243545,26133,117179,15935,217412,6605,3145,3460
39305,243576,26135,117192,15935,217441,6606,3145,3461
39310,243607,26137,117209,15937,217470,6607,3145,3462
39315,243638,26139,117223,15938,217499,6608,3145,3463
39320,243669,26141,117240,15938,217528,6609,3146,3463
39325,243700,26143,117253,15938,217557,6610,3147,3463
39330,243731,26145,117268,15939,217586,6611,3148,3463
39335,243762,26147,117285,15940,217615,6612,3149,3463
39340,243793,26149,117300,15941,217643,6613,3149,3464
39345,243824,26151,117311,15942,217673,6614,3150,3464
39350,243855,26153,117328,15943,217702,6615,3151,3464
39355,243886,26155,117347,15944,217731,6616,3152,3464
39360,243917,26158,117363,15945,217758,6617,3152,3465
39365,243948,26161,117379,15947,217786,6618,3153,3465
39370,243979,26164,117398,15948,217814,6619,3153,3466
39375,244010,26167,117413,15950,217842,6620,3154,3466
39380,244041,26170,117427,15951,217870,6621,3155,3466
39385,244072,26173,117440,15953,217898,6622,3156,3466
39390,244103,26176,117456,15954,217925,6623,3157,3466
39395,244134,26183,117468,15959,217951,6624,3157,3467
39400,244165,26189,117485,15963,217975,6625,3158,3467
39405,244196,26194,117501,15966,218002,6626,3159,3467
39410,244227,26201,117518,15971,218024,6627,3160,3467
39415,244258,26211,117532,15978,218045,6628,3161,3467
39420,244289,26220,117552,15985,218066,6629,3162,3467
39425,244320,26227,117566,15991,218091,6630,3162,3468
39430,244351,26231,117584,15994,218120,6631,3162,3469
39435,244382,26233,117600,15995,218149,6632,3162,3470
39440,244413,26235,117612,15995,218178,6633,3162,3471
39445,244444,26237,117626,15997,218207,6634,3163,3471
39450,244475,26239,117647,15998,218236,6635,3164,3471
39455,244506,26241,117658,15999,218264,6636,3165,3471
39460,244537,26243,117670,16001,218293,6637,3165,3472
39465,244568,26245,117685,16001,218323,6638,3165,3473
39470,244599,26247,117701,16002,218352,6639,3165,3474
39475,244630,26249,117716,16004,218381,6640,3165,3475
39480,244661,26251,117732,16006,218410,6641,3166,3475
39485,244692,26253,117752,16006,218439,6642,3167,3475
39490,244723,26255,117771,16008,218468,6643,3168,3475
39495,244754,26257,117782,16009,218497,6644,3168,3476
39500,244785,26259,117800,16009,218526,6645,3169,3476
39505,244816,26261,117816,16009,218555,6646,3169,3477
39510,244847,26263,117829,16009,218583,6647,3169,3478
39515,244878,26265,117838,16010,218613,6648,3169,3479
39520,244909,26267,117854,16011,218641,6649,3170,3479
39525,244940,26269,117870,16013,218671,6650,3170,3480
39530,244971,26272,117882,16014,218699,6651,3170,3481
39535,245002,26275,117897,16015,218725,6652,3171,3481
39540,245033,26280,117913,16018,218753,6653,3171,3482
39545,245064,26284,117925,16019,218780,6654,3172,3482
39550,245095,26289,117939,16021,218806,6655,3172,3483
39555,245126,26293,117953,16024,218833,6656,3172,3484
39560,245157,26298,117969,16026,218859,6657,3172,3485
39565,245188,26302,117985,16027,218886,6658,3172,3486
39570,245219,26307,117997,16029,218912,6659,3172,3487
39575,245250,26313,118010,16034,218937,6660,3173,3487
39580,245281,26319,118023,16037,218962,6661,3174,3487
39585,245312,26324,118041,16041,218987,6662,3175,3487
39590,245343,26331,118055,16046,219011,6663,3175,3488
39595,245374,26336,118073,16050,219038,6664,3175,3489
39600,245405,26341,118090,16053,219063,6665,3176,3489
39605,245436,26344,118104,16055,219091,6665,3176,3489
39610,245467,26347,118119,16056,219119,6665,3176,3489
39615,245498,26352,118132,16060,219146,6665,3176,3489
39620,245529,26356,118147,16063,219172,6665,3176,3489
39625,245560,26357,118162,16064,219203,6665,3176,3489
39630,245591,26358,118176,16065,219233,6665,3176,3489
39635,245622,26359,118195,16066,219263,6665,3176,3489
39640,245653,26360,118213,16067,219292,6665,3176,3489
39645,245684,26361,118230,16068,219323,6665,3176,3489
39650,245715,26362,118248,16068,219352,6665,3176,3489
39655,245746,26363,118258,16069,219383,6665,3176,3489
39660,245777,26364,118270,16069,219412,6665,3176,3489
39665,245808,26365,118287,16070,219443,6665,3176,3489
39670,245839,26366,118301,16070,219473,6665,3176,3489
39675,245870,26367,118313,16070,219503,6665,3176,3489
39680,245901,26368,118326,16070,219533,6665,3176,3489
39685,245932,26369,118342,16070,219563,6665,3176,3489
39690,245963,26370,118354,16070,219593,6665,3176,3489
39695,245994,26371,118371,16071,219623,6665,3176,3489
39700,246025,26373,118388,16071,219652,6665,3176,3489
39705,246056,26375,118404,16072,219681,6666,3177,3489
39710,246087,26378,118421,16075,219707,6667,3178,3489
39715,246118,26382,118434,16078,219736,6668,3178,3490
39720,246149,26385,118449,16079,219762,6669,3178,3491
39725,246180,26390,118461,16083,219788,6670,3178,3492
39730,246211,26396,118474,16086,219813,6671,3178,3493
39735,246242,26403,118487,16091,219837,6672,3178,3494
39740,246273,26410,118501,16098,219862,6673,3178,3495
39745,246304,26417,118511,16101,219886,6674,3178,3496
39750,246335,26420,118530,16102,219915,6675,3178,3497
39755,246366,26423,118541,16103,219942,6676,3178,3498
39760,246397,26426,118555,16104,219970,6677,3178,3499
39765,246428,26429,118563,16106,219999,6678,3178,3500
39770,246459,26432,118579,16109,220024,6679,3178,3501
39775,246490,26435,118593,16109,220054,6680,3178,3502
39780,246521,26439,118607,16112,220082,6681,3179,3502
39785,246552,26443,118625,16115,220109,6682,3179,3503
39790,246583,26446,118636,16116,220137,6683,3180,3503
39795,246614,26450,118652,16118,220163,6684,3180,3504
39800,246645,26454,118665,16121,220189,6685,3181,3504
39805,246676,26459,118678,16125,220216,6686,3181,3505
39810,246707,26463,118692,16128,220242,6687,3181,3506
39815,246738,26470,118708,16133,220266,6688,3181,3507
39820,246769,26474,118723,16136,220295,6689,3181,3508
39825,246800,26476,118738,16136,220323,6690,3181,3509
39830,246831,26478,118757,16138,220353,6691,3182,3509
39835,246862,26480,118775,16140,220382,6692,3183,3509
39840,246893,26482,118794,16142,220411,6693,3183,3510
39845,246924,26483,118810,16142,220441,6694,3183,3511
39850,246955,26484,118827,16143,220469,6695,3184,3511
39855,246986,26489,118839,16147,220496,6696,3185,3511
39860,247017,26492,118854,16150,220523,6697,3186,3511
39865,247048,26496,118866,16152,220552,6698,3187,3511
39870,247079,26499,118882,16153,220579,6699,3187,3512
39875,247110,26503,118898,16155,220606,6700,3187,3513
39880,247141,26507,118914,16157,220633,6701,3188,3513
39885,247172,26510,118931,16160,220661,6702,3189,3513
39890,247203,26514,118942,16163,220689,6703,3189,3514
39895,247234,26517,118955,16164,220717,6704,3189,3515
39900,247265,26518,118974,16165,220745,6705,3190,3515
39905,247296,26519,118991,16166,220776,6706,3190,3516
39910,247327,26520,119003,16166,220806,6707,3190,3517
39915,247358,26521,119018,16167,220837,6708,3191,3517
39920,247389,26522,119037,16167,220866,6709,3191,3518
39925,247420,26524,119054,16169,220896,6710,3191,3519
39930,247451,26526,119071,16170,220925,6711,3191,3520
39935,247482,26528,119090,16170,220954,6712,3191,3521
39940,247513,26531,119107,16172,220982,6713,3192,3521
39945,247544,26535,119121,16176,221009,6714,3192,3522
39950,247575,26539,119137,16178,221035,6715,3193,3522
39955,247606,26542,119154,16180,221063,6716,3193,3523
39960,247637,26545,119169,16183,221090,6717,3193,3524
39965,247668,26549,119183,16185,221118,6718,3193,3525
39970,247699,26554,119197,16187,221145,6719,3194,3525
39975,247730,26558,119211,16188,221172,6720,3195,3525
39980,247761,26561,119223,16189,221199,6721,3196,3525
39985,247792,26566,119239,16192,221225,6722,3197,3525
39990,247823,26569,119254,16194,221254,6723,3198,3525
39995,247854,26571,119270,16196,221281,6724,3199,3525
40000,247885,26576,119285,16200,221307,6725,3199,3526
40005,247916,26581,119301,16203,221334,6726,3200,3526
40010,247947,26586,119315,16208,221360,6727,3201,3526
40015,247978,26590,119330,16210,221386,6728,3201,3527
40020,248009,26596,119346,16213,221412,6729,3201,3528
40025,248040,26601,119363,16217,221439,6730,3202,3528
40030,248071,26605,119378,16220,221466,6731,3203,3528
40035,248102,26607,119398,16222,221495,6732,3204,3528
40040,248133,26609,119414,16223,221524,6733,3205,3528
40045,248164,26611,119433,16225,221553,6734,3205,3529
40050,248195,26613,119447,16226,221581,6735,3205,3530
40055,248226,26615,119463,16227,221611,6736,3206,3530
40060,248257,26617,119473,16228,221640,6737,3207,3530
40065,248288,26619,119487,16229,221669,6738,3207,3531
40070,248319,26621,119501,16230,221698,6739,3207,3532
40075,248350,26623,119513,16231,221727,6740,3207,3533
40080,248381,26625,119523,16233,221756,6741,3207,3534
40085,248412,26627,119536,16235,221782,6742,3207,3535
40090,248443,26630,119547,16236,221810,6743,3207,3536
40095,248474,26633,119565,16237,221840,6744,3208,3536
40100,248505,26636,119584,16239,221867,6745,3208,3537
40105,248536,26639,119594,16240,221896,6746,3209,3537
40110,248567,26643,119608,16242,221923,6747,3209,3538
40115,248598,26648,119626,16247,221950,6748,3209,3539
40120,248629,26653,119643,16251,221975,6749,3209,3540
40125,248660,26657,119653,16252,222003,6750,3209,3541
40130,248691,26660,119669,16253,222029,6751,3210,3541
40135,248722,26665,119684,16256,222055,6752,3211,3541
40140,248753,26672,119703,16262,222079,6753,3212,3541
40145,248784,26678,119717,16266,222105,6754,3212,3542
40150,248815,26682,119732,16268,222133,6755,3212,3543
40155,248846,26685,119746,16269,222161,6756,3213,3543
40160,248877,26688,119757,16269,222189,6757,3213,3544
40165,248908,26691,119769,16271,222217,6758,3214,3544
40170,248939,26694,119784,16274,222245,6759,3214,3545
40175,248970,26697,119798,16274,222272,6760,3215,3545
40180,249001,26700,119812,16276,222300,6761,3215,3546
40185,249032,26705,119827,16279,222326,6762,3215,3547
40190,249063,26708,119841,16280,222354,6763,3215,3548
40195,249094,26712,119853,16282,222382,6764,3215,3549
40200,249125,26716,119868,16284,222408,6765,3216,3549
40205,249156,26720,119880,16285,222436,6765,3216,3549
40210,249187,26726,119896,16290,222459,6765,3216,3549
40215,249218,26731,119906,16292,222487,6765,3216,3549
40220,249249,26735,119923,16295,222514,6765,3216,3549
40225,249280,26737,119936,16296,222543,6765,3216,3549
40230,249311,26739,119951,16296,222571,6765,3216,3549
40235,249342,26741,119971,16297,222601,6765,3216,3549
40240,249373,26743,119980,16297,222630,6765,3216,3549
40245,249404,26745,119998,16298,222658,6765,3216,3549
40250,249435,26747,120010,16299,222687,6765,3216,3549
40255,249466,26749,120020,16300,222716,6765,3216,3549
40260,249497,26752,120036,16302,222744,6765,3216,3549
40265,249528,26755,120050,16303,222773,6765,3216,3549
40270,249559,26758,120065,16305,222801,6765,3216,3549
40275,249590,26762,120083,16306,222828,6765,3216,3549
40280,249621,26766,120097,16309,222855,6765,3216,3549
40285,249652,26770,120111,16313,222882,6765,3216,3549
40290,249683,26774,120126,16314,222909,6765,3216,3549
40295,249714,26778,120143,16316,222935,6765,3216,3549
40300,249745,26782,120157,16318,222963,6765,3216,3549
40305,249776,26786,120169,16320,222990,6766,3216,3550
40310,249807,26790,120183,16323,223016,6767,3216,3551
40315,249838,26795,120198,16327,223042,6768,3216,3552
40320,249869,26800,120206,16329,223067,6769,3216,3553
40325,249900,26803,120224,16332,223097,6770,3217,3553
40330,249931,26806,120243,16334,223124,6771,3217,3554
40335,249962,26810,120256,16336,223152,6772,3217,3555
40340,249993,26814,120269,16339,223179,6773,3218,3555
40345,250024,26817,120287,16340,223206,6774,3219,3555
40350,250055,26821,120301,16342,223233,6775,3220,3555
40355,250086,26825,120321,16345,223261,6776,3221,3555
40360,250117,26830,120336,16348,223287,6777,3221,3556
40365,250148,26834,120352,16351,223314,6778,3221,3557
40370,250179,26838,120367,16354,223341,6779,3222,3557
40375,250210,26841,120380,16355,223368,6780,3222,3558
40380,250241,26845,120391,16358,223394,6781,3222,3559
40385,250272,26849,120405,16361,223423,6782,3223,3559
40390,250303,26853,120420,16363,223449,6783,3224,3559
40395,250334,26854,120436,16363,223479,6784,3225,3559
40400,250365,26855,120454,16363,223509,6785,3226,3559
40405,250396,26856,120470,16363,223540,6786,3226,3560
40410,250427,26857,120483,16363,223569,6787,3227,3560
40415,250458,26858,120495,16363,223600,6788,3228,3560
40420,250489,26859,120513,16364,223630,6789,3228,3561
40425,250520,26860,120532,16365,223660,6790,3228,3562
40430,250551,26861,120549,16366,223690,6791,3228,3563
40435,250582,26863,120560,16366,223719,6792,3228,3564
40440,250613,26865,120575,16367,223747,6793,3228,3565
40445,250644,26867,120592,16369,223776,6794,3229,3565
40450,250675,26869,120608,16371,223806,6795,3230,3565
40455,250706,26871,120621,16373,223835,6796,3231,3565
40460,250737,26873,120630,16374,223863,6797,3232,3565
40465,250768,26875,120649,16375,223892,6798,3232,3566
40470,250799,26877,120662,16376,223921,6799,3232,3567
40475,250830,26880,120675,16377,223949,6800,3232,3568
40480,250861,26882,120689,16377,223979,6801,3232,3569
40485,250892,26884,120702,16378,224008,6802,3232,3570
40490,250923,26888,120718,16382,224033,6803,3232,3571
40495,250954,26895,120737,16388,224056,6804,3233,3571
40500,250985,26905,120750,16395,224079,6805,3233,3572
40505,251016,26910,120763,16398,224105,6806,3234,3572
40510,251047,26914,120775,16400,224131,6807,3235,3572
40515,251078,26920,120786,16404,224156,6808,3235,3573
40520,251109,26925,120804,16409,224182,6809,3235,3574
40525,251140,26932,120823,16415,224208,6810,3236,3574
40530,251171,26934,120839,16416,224237,6811,3236,3575
40535,251202,26936,120848,16418,224266,6812,3236,3576
40540,251233,26938,120864,16419,224295,6813,3236,3577
40545,251264,26940,120880,16420,224324,6814,3237,3577
40550,251295,26942,120892,16420,224353,6815,3237,3578
40555,251326,26944,120910,16421,224382,6816,3238,3578
40560,251357,26946,120928,16421,224411,6817,3239,3578
40565,251388,26948,120945,16422,224440,6818,3240,3578
40570,251419,26950,120961,16424,224469,6819,3240,3579
40575,251450,26952,120980,16425,224498,6820,3241,3579
40580,251481,26954,120994,16426,224526,6821,3241,3580
40585,251512,26956,121008,16427,224556,6822,3241,3581
40590,251543,26958,121018,16428,224583,6823,3241,3582
40595,251574,26960,121032,16429,224614,6824,3241,3583
40600,251605,26962,121048,16430,224642,6825,3242,3583
40605,251636,26964,121058,16432,224672,6826,3242,3584
40610,251667,26967,121068,16433,224699,6827,3243,3584
40615,251698,26970,121081,16435,224728,6828,3244,3584
40620,251729,26973,121098,16438,224756,6829,3244,3585
40625,251760,26977,121117,16442,224783,6830,3244,3586
40630,251791,26981,121129,16443,224810,6831,3245,3586
40635,251822,26987,121146,16447,224835,6832,3245,3587
40640,251853,26992,121158,16449,224860,6833,3246,3587
40645,251884,26999,121175,16455,224885,6834,3247,3587
40650,251915,27004,121189,16459,224909,6835,3248,3587
40655,251946,27011,121206,16464,224934,6836,3249,3587
40660,251977,27018,121225,16470,224958,6837,3250,3587
40665,252008,27022,121244,16473,224984,6838,3251,3587
40670,252039,27026,121257,16476,225013,6839,3252,3587
40675,252070,27030,121272,16477,225039,6840,3252,3588
40680,252101,27034,121282,16480,225066,6841,3253,3588
40685,252132,27037,121298,16481,225093,6842,3254,3588
40690,252163,27042,121317,16484,225121,6843,3255,3588
40695,252194,27046,121334,16486,225146,6844,3256,3588
40700,252225,27052,121352,16491,225173,6845,3257,3588
40705,252256,27054,121366,16492,225202,6846,3257,3589
40710,252287,27056,121381,16493,225231,6847,3257,3590
40715,252318,27058,121391,16493,225260,6848,3258,3590
40720,252349,27060,121404,16493,225288,6849,3259,3590
40725,252380,27062,121416,16494,225317,6850,3259,3591
40730,252411,27064,121430,16494,225347,6851,3260,3591
40735,252442,27066,121441,16495,225376,6852,3261,3591
40740,252473,27068,121458,16495,225405,6853,3262,3591
40745,252504,27069,121469,16495,225435,6854,3263,3591
40750,252535,27070,121484,16496,225465,6855,3263,3592
40755,252566,27071,121501,16497,225495,6856,3264,3592
40760,252597,27072,121517,16497,225525,6857,3264,3593
40765,252628,27073,121534,16497,225554,6858,3265,3593
40770,252659,27078,121552,16501,225580,6859,3265,3594
40775,252690,27084,121566,16506,225606,6860,3265,3595
40780,252721,27087,121580,16509,225634,6861,3265,3596
40785,252752,27089,121597,16511,225662,6862,3265,3597
40790,252783,27091,121607,16512,225691,6863,3265,3598
40795,252814,27093,121621,16513,225721,6864,3265,3599
40800,252845,27095,121640,16513,225749,6865,3265,3600
40805,252876,27098,121659,16515,225775,6865,3265,3600
40810,252907,27107,121676,16522,225798,6865,3265,3600
40815,252938,27110,121691,16524,225827,6865,3265,3600
40820,252969,27113,121710,16525,225856,6865,3265,3600
40825,253000,27115,121727,16526,225885,6865,3265,3600
40830,253031,27117,121742,16528,225914,6865,3265,3600
40835,253062,27119,121753,16529,225943,6865,3265,3600
40840,253093,27121,121766,16530,225971,6865,3265,3600
40845,253124,27123,121782,16531,225998,6865,3265,3600
40850,253155,27128,121792,16536,226025,6865,3265,3600
40855,253186,27132,121802,16538,226052,6865,3265,3600
40860,253217,27137,121817,16542,226079,6865,3265,3600
40865,253248,27141,121829,16544,226107,6865,3265,3600
40870,253279,27145,121846,16547,226133,6865,3265,3600
40875,253310,27150,121862,16549,226160,6865,3265,3600
40880,253341,27154,121881,16552,226186,6865,3265,3600
40885,253372,27157,121892,16554,226215,6865,3265,3600
40890,253403,27159,121902,16556,226244,6865,3265,3600
40895,253434,27161,121917,16557,226273,6865,3265,3600
40900,253465,27163,121929,16559,226302,6865,3265,3600
40905,253496,27165,121941,16559,226330,6866,3266,3600
40910,253527,27167,121957,16559,226360,6867,3266,3601
40915,253558,27169,121971,16560,226389,6868,3267,3601
40920,253589,27173,121990,16562,226416,6869,3268,3601
40925,253620,27177,122004,16566,226443,6870,3268,3602
40930,253651,27180,122022,16569,226471,6871,3269,3602
40935,253682,27183,122033,16569,226498,6872,3270,3602
40940,253713,27188,122049,16572,226525,6873,3271,3602
40945,253744,27192,122063,16574,226552,6874,3271,3603
40950,253775,27198,122078,16578,226575,6875,3271,3604
40955,253806,27206,122096,16584,226600,6876,3271,3605
40960,253837,27208,122110,16586,226629,6877,3271,3606
40965,253868,27210,122127,16587,226658,6878,3271,3607
40970,253899,27212,122142,16588,226686,6879,3272,3607
40975,253930,27214,122157,16589,226714,6880,3272,3608
40980,253961,27216,122168,16591,226745,6881,3272,3609
40985,253992,27218,122180,16592,226774,6882,3272,3610
40990,254023,27221,122196,16594,226802,6883,3272,3611
40995,254054,27224,122212,16595,226829,6884,3272,3612
41000,254085,27228,122229,16598,226855,6885,3272,3613
41005,254116,27234,122246,16604,226881,6886,3273,3613
41010,254147,27239,122265,16607,226907,6887,3273,3614
41015,254178,27243,122280,16610,226933,6888,3274,3614
41020,254209,27248,122291,16614,226961,6889,3274,3615
41025,254240,27254,122306,16618,226983,6890,3274,3616
41030,254271,27260,122314,16622,227010,6891,3274,3617
41035,254302,27264,122325,16626,227037,6892,3274,3618
41040,254333,27266,122337,16627,227067,6893,3275,3618
41045,254364,27268,122352,16628,227096,6894,3276,3618
41050,254395,27270,122367,16630,227125,6895,3276,3619
41055,254426,27272,122378,16630,227154,6896,3277,3619
41060,254457,27274,122392,16630,227182,6897,3278,3619
41065,254488,27277,122410,16630,227210,6898,3278,3620
41070,254519,27281,122426,16632,227237,6899,3279,3620
41075,254550,27285,122443,16635,227265,6900,3279,3621
41080,254581,27289,122462,16637,227291,6901,3279,3622
41085,254612,27292,122474,16638,227320,6902,3280,3622
41090,254643,27298,122487,16643,227344,6903,3280,3623
41095,254674,27305,122502,16648,227368,6904,3280,3624
41100,254705,27312,122512,16654,227393,6905,3280,3625
41105,254736,27314,122529,16655,227422,6906,3281,3625
41110,254767,27316,122545,16656,227451,6907,3282,3625
41115,254798,27318,122556,16657,227480,6908,3282,3626
41120,254829,27320,122570,16659,227508,6909,3283,3626
41125,254860,27322,122582,16661,227538,6910,3284,3626
41130,254891,27324,122598,16661,227566,6911,3284,3627
41135,254922,27326,122618,16663,227596,6912,3285,3627
41140,254953,27328,122631,16665,227625,6913,3285,3628
41145,254984,27331,122646,16665,227648,6914,3286,3628
41150,255015,27337,122661,16669,227676,6915,3287,3628
41155,255046,27343,122676,16674,227702,6916,3288,3628
41160,255077,27347,122692,16676,227728,6917,3289,3628
41165,255108,27352,122707,16680,227756,6918,3289,3629
41170,255139,27356,122721,16683,227781,6919,3289,3630
41175,255170,27362,122739,16688,227807,6920,3290,3630
41180,255201,27365,122752,16691,227836,6921,3290,3631
41185,255232,27367,122764,16691,227865,6922,3290,3632
41190,255263,27369,122775,16692,227894,6923,3290,3633
41195,255294,27371,122793,16692,227923,6924,3291,3633
41200,255325,27373,122807,16692,227952,6925,3292,3633
41205,255356,27376,122824,16693,227980,6926,3292,3634
41210,255387,27379,122835,16694,228008,6927,3293,3634
41215,255418,27382,122849,16696,228036,6928,3294,3634
41220,255449,27385,122865,16698,228064,6929,3294,3635
41225,255480,27388,122874,16699,228092,6930,3294,3636
41230,255511,27391,122889,16699,228120,6931,3295,3636
41235,255542,27394,122905,16700,228148,6932,3296,3636
41240,255573,27397,122918,16702,228176,6933,3297,3636
41245,255604,27401,122935,16705,228203,6934,3298,3636
41250,255635,27405,122951,16707,228230,6935,3298,3637
41255,255666,27409,122967,16709,228256,6936,3298,3638
41260,255697,27413,122984,16711,228283,6937,3299,3638
41265,255728,27417,122996,16712,228310,6938,3299,3639
41270,255759,27422,123009,16715,228334,6939,3300,3639
41275,255790,27430,123022,16721,228359,6940,3301,3639
41280,255821,27432,123039,16723,228388,6941,3301,3640
41285,255852,27433,123054,16723,228418,6942,3301,3641
41290,255883,27435,123068,16724,228448,6943,3302,3641
41295,255914,27438,123084,16727,228476,6944,3303,3641
41300,255945,27440,123102,16729,228504,6945,3303,3642
41305,255976,27443,123122,16732,228532,6946,3304,3642
41310,256007,27447,123137,16735,228559,6947,3304,3643
41315,256038,27450,123150,16737,228587,6948,3304,3644
41320,256069,27453,123163,16738,228615,6949,3304,3645
41325,256100,27456,123174,16739,228643,6950,3305,3645
41330,256131,27460,123194,16742,228669,6951,3306,3645
41335,256162,27464,123212,16745,228698,6952,3306,3646
41340,256193,27466,123224,16745,228726,6953,3306,3647
41345,256224,27469,123234,16747,228755,6954,3307,3647
41350,256255,27471,123251,16748,228783,6955,3307,3648
41355,256286,27475,123271,16752,228811,6956,3308,3648
41360,256317,27476,123287,16753,228841,6957,3309,3648
41365,256348,27477,123299,16753,228871,6958,3310,3648
41370,256379,27478,123312,16754,228901,6959,3310,3649
41375,256410,27479,123332,16755,228931,6960,3310,3650
41380,256441,27481,123348,16756,228960,6961,3311,3650
41385,256472,27483,123366,16757,228988,6962,3312,3650
41390,256503,27487,123383,16761,229016,6963,3312,3651
41395,256534,27490,123398,16762,229044,6964,3312,3652
41400,256565,27494,123414,16765,229071,6965,3313,3652
41405,256596,27497,123427,16768,229099,6966,3314,3652
41410,256627,27500,123440,16768,229126,6967,3315,3652
41415,256658,27504,123449,16770,229154,6968,3316,3652
41420,256689,27510,123467,16775,229178,6969,3316,3653
41425,256720,27516,123482,16780,229204,6970,3317,3653
41430,256751,27520,123496,16781,229228,6971,3317,3654
41435,256782,27524,123511,16783,229257,6972,3318,3654
41440,256813,27529,123529,16787,229282,6973,3318,3655
41445,256844,27531,123541,16788,229313,6974,3319,3655
41450,256875,27533,123553,16788,229339,6975,3319,3656
41455,256906,27535,123562,16789,229369,6976,3320,3656
41460,256937,27538,123579,16791,229396,6977,3320,3657
41465,256968,27542,123593,16794,229425,6977,3320,3657
41470,256999,27546,123607,16796,229451,6977,3320,3657
41475,257030,27550,123621,16799,229479,6977,3320,3657
41480,257061,27554,123636,16802,229506,6977,3320,3657
41485,257092,27558,123654,16804,229533,6977,3320,3657
41490,257123,27562,123667,16808,229561,6977,3320,3657
41495,257154,27565,123680,16809,229587,6977,3320,3657
41500,257185,27570,123693,16813,229614,6977,3320,3657
41505,257216,27573,123711,16816,229641,6977,3320,3657
41510,257247,27577,123724,16818,229668,6977,3320,3657
41515,257278,27581,123741,16819,229696,6977,3320,3657
41520,257309,27586,123755,16822,229721,6977,3320,3657
41525,257340,27589,123766,16824,229751,6977,3320,3657
41530,257371,27591,123778,16825,229780,6977,3320,3657
41535,257402,27593,123789,16826,229809,6977,3320,3657
41540,257433,27595,123810,16828,229838,6977,3320,3657
41545,257464,27597,123824,16828,229867,6977,3320,3657
41550,257495,27600,123840,16830,229895,6977,3320,3657
41555,257526,27603,123857,16832,229923,6977,3320,3657
41560,257557,27606,123873,16832,229951,6977,3320,3657
41565,257588,27609,123889,16834,229979,6978,3321,3657
41570,257619,27612,123905,16837,230007,6979,3321,3658
41575,257650,27615,123917,16839,230035,6980,3321,3659
41580,257681,27620,123934,16842,230060,6981,3322,3659
41585,257712,27626,123951,16847,230086,6982,3323,3659
41590,257743,27631,123966,16849,230111,6983,3324,3659
41595,257774,27635,123985,16852,230137,6984,3324,3660
41600,257805,27639,123997,16854,230166,6985,3324,3661
41605,257836,27644,124014,16858,230192,6986,3325,3661
41610,257867,27647,124022,16860,230219,6987,3325,3662
41615,257898,27653,124037,16863,230244,6988,3326,3662
41620,257929,27655,124048,16863,230274,6989,3326,3663
41625,257960,27657,124057,16864,230301,6990,3326,3664
41630,257991,27660,124068,16866,230330,6991,3326,3665
41635,258022,27663,124087,16868,230358,6992,3327,3665
41640,258053,27667,124103,16872,230385,6993,3328,3665
41645,258084,27670,124117,16874,230413,6994,3328,3666
41650,258115,27674,124128,16878,230440,6995,3329,3666
41655,258146,27678,124146,16881,230466,6996,3329,3667
41660,258177,27683,124162,16885,230492,6997,3329,3668
41665,258208,27686,124180,16887,230518,6998,3330,3668
41670,258239,27690,124197,16890,230547,6999,3330,3669
41675,258270,27693,124209,16892,230576,7000,3331,3669
41680,258301,27694,124222,16892,230606,7001,3331,3670
41685,258332,27695,124234,16892,230637,7002,3332,3670
41690,258363,27696,124245,16892,230667,7003,3332,3671
41695,258394,27697,124263,16893,230697,7004,3332,3672
41700,258425,27698,124275,16893,230727,7005,3332,3673
41705,258456,27699,124294,16893,230757,7006,3332,3674
41710,258487,27700,124306,16893,230787,7007,3332,3675
41715,258518,27701,124323,16893,230817,7008,3333,3675
41720,258549,27702,124341,16894,230847,7009,3334,3675
41725,258580,27704,124362,16896,230876,7010,3334,3676
41730,258611,27706,124377,16896,230905,7011,3334,3677
41735,258642,27708,124391,16896,230934,7012,3335,3677
41740,258673,27710,124404,16896,230963,7013,3336,3677
41745,258704,27714,124418,16898,230990,7014,3337,3677
41750,258735,27718,124434,16902,231017,7015,3337,3678
41755,258766,27724,124450,16907,231041,7016,3338,3678
41760,258797,27728,124466,16910,231068,7017,3339,3678
41765,258828,27733,124478,16913,231095,7018,3339,3679
41770,258859,27737,124490,16916,231122,7019,3339,3680
41775,258890,27742,124513,16921,231147,7020,3340,3680
41780,258921,27751,124530,16929,231169,7021,3340,3681
41785,258952,27754,124544,16931,231197,7022,3340,3682
41790,258983,27757,124559,16933,231224,7023,3340,3683
41795,259014,27761,124579,16935,231252,7024,3340,3684
41800,259045,27765,124589,16936,231278,7025,3341,3684
41805,259076,27769,124602,16939,231305,7026,3341,3685
41810,259107,27773,124622,16942,231334,7027,3342,3685
41815,259138,27776,124637,16944,231362,7028,3342,3686
41820,259169,27779,124651,16946,231389,7029,3342,3687
41825,259200,27782,124664,16947,231418,7030,3342,3688
41830,259231,27785,124679,16948,231446,7031,3343,3688
41835,259262,27788,124695,16948,231473,7032,3344,3688
41840,259293,27792,124713,16950,231500,7033,3344,3689
41845,259324,27795,124729,16951,231529,7034,3344,3690
41850,259355,27798,124745,16952,231557,7035,3344,3691
41855,259386,27802,124756,16954,231584,7036,3344,3692
41860,259417,27806,124774,16958,231611,7037,3345,3692
41865,259448,27809,124790,16961,231638,7038,3345,3693
41870,259479,27814,124805,16964,231664,7039,3346,3693
41875,259510,27817,124822,16966,231693,7040,3347,3693
41880,259541,27819,124839,16967,231722,7041,3347,3694
41885,259572,27821,124851,16967,231751,7042,3347,3695
41890,259603,27824,124869,16969,231779,7043,3347,3696
41895,259634,27827,124886,16972,231807,7044,3347,3697
41900,259665,27831,124905,16974,231834,7045,3348,3697
41905,259696,27835,124921,16975,231861,7046,3348,3698
41910,259727,27838,124934,16976,231888,7047,3349,3698
41915,259758,27843,124949,16979,231915,7048,3349,3699
41920,259789,27847,124964,16981,231942,7049,3350,3699
41925,259820,27850,124977,16983,231969,7050,3351,3699
41930,259851,27855,124989,16987,231996,7051,3352,3699
41935,259882,27861,125008,16992,232021,7052,3352,3700
41940,259913,27865,125022,16993,232048,7053,3352,3701
41945,259944,27870,125033,16995,232074,7054,3353,3701
41950,259975,27872,125047,16996,232102,7055,3353,3702
41955,260006,27874,125065,16997,232131,7056,3354,3702
41960,260037,27876,125080,16998,232161,7057,3355,3702
41965,260068,27878,125097,17000,232189,7058,3355,3703
41970,260099,27880,125111,17001,232219,7059,3356,3703
41975,260130,27882,125129,17003,232246,7060,3357,3703
41980,260161,27885,125146,17003,232273,7061,3358,3703
41985,260192,27890,125162,17008,232301,7062,3358,3704
41990,260223,27895,125177,17012,232327,7063,3358,3705
41995,260254,27899,125194,17013,232353,7064,3358,3706
42000,260285,27903,125210,17015,232381,7065,3359,3706
42005,260316,27907,125223,17016,232409,7066,3359,3707
42010,260347,27910,125240,17017,232437,7067,3360,3707
42015,260378,27913,125260,17019,232465,7068,3361,3707
42020,260409,27916,125278,17020,232493,7069,3362,3707
42025,260440,27919,125296,17022,232521,7070,3362,3708
42030,260471,27922,125311,17022,232548,7071,3363,3708
42035,260502,27926,125325,17024,232575,7072,3363,3709
42040,260533,27929,125342,17026,232603,7073,3363,3710
42045,260564,27933,125357,17029,232631,7074,3364,3710
42050,260595,27937,125369,17032,232658,7075,3364,3711
42055,260626,27941,125386,17036,232685,7076,3364,3712
42060,260657,27946,125399,17039,232710,7077,3365,3712
42065,260688,27952,125415,17043,232735,7077,3365,3712
42070,260719,27960,125433,17049,232758,7077,3365,3712
42075,260750,27966,125450,17055,232784,7077,3365,3712
42080,260781,27969,125467,17056,232812,7077,3365,3712
42085,260812,27973,125482,17059,232839,7077,3365,3712
42090,260843,27978,125501,17062,232865,7077,3365,3712
42095,260874,27981,125517,17064,232893,7077,3365,3712
42100,260905,27984,125529,17066,232921,7077,3365,3712
42105,260936,27986,125544,17068,232950,7077,3365,3712
42110,260967,27988,125561,17069,232979,7077,3365,3712
42115,260998,27990,125574,17069,233007,7077,3365,3712
42120,261029,27992,125589,17070,233037,7077,3365,3712
42125,261060,27994,125606,17070,233066,7077,3365,3712
42130,261091,27996,125622,17070,233095,7077,3365,3712
42135,261122,27998,125637,17071,233124,7077,3365,3712
42140,261153,28000,125653,17072,233153,7077,3365,3712
42145,261184,28002,125671,17074,233182,7077,3365,3712
42150,261215,28004,125689,17075,233210,7077,3365,3712
42155,261246,28006,125703,17075,233240,7077,3365,3712
42160,261277,28008,125715,17076,233268,7077,3365,3712
42165,261308,28010,125731,17076,233297,7078,3366,3712
42170,261339,28012,125743,17076,233327,7079,3366,3713
42175,261370,28015,125755,17077,233354,7080,3367,3713
42180,261401,28020,125774,17080,233380,7081,3368,3713
42185,261432,28023,125787,17081,233408,7082,3369,3713
42190,261463,28026,125802,17083,233435,7083,3370,3713
42195,261494,28030,125817,17086,233462,7084,3370,3714
42200,261525,28033,125834,17089,233490,7085,3370,3715
42205,261556,28037,125849,17092,233518,7086,3370,3716
42210,261587,28042,125864,17097,233545,7087,3370,3717
42215,261618,28046,125879,17100,233571,7088,3370,3718
42220,261649,28051,125895,17104,233598,7089,3371,3718
42225,261680,28056,125911,17107,233623,7090,3371,3719
42230,261711,28061,125928,17111,233647,7091,3372,3719
42235,261742,28067,125941,17116,233675,7092,3372,3720
42240,261773,28072,125956,17120,233700,7093,3373,3720
42245,261804,28075,125978,17122,233728,7094,3374,3720
42250,261835,28079,125999,17125,233756,7095,3374,3721
42255,261866,28080,126018,17126,233786,7096,3374,3722
42260,261897,28081,126034,17127,233816,7097,3375,3722
42265,261928,28082,126052,17127,233846,7098,3376,3722
42270,261959,28083,126069,17128,233876,7099,3377,3722
42275,261990,28084,126087,17129,233906,7100,3378,3722
42280,262021,28085,126102,17130,233936,7101,3378,3723
42285,262052,28086,126118,17130,233966,7102,3379,3723
42290,262083,28088,126133,17130,233995,7103,3379,3724
42295,262114,28090,126151,17130,234023,7104,3380,3724
42300,262145,28092,126165,17132,234052,7105,3380,3725
42305,262176,28094,126177,17132,234081,7106,3380,3726
42310,262207,28096,126189,17133,234111,7107,3380,3727
42315,262238,28098,126205,17135,234140,7108,3380,3728
42320,262269,28100,126222,17137,234168,7109,3380,3729
42325,262300,28102,126239,17139,234198,7110,3381,3729
42330,262331,28104,126251,17140,234226,7111,3381,3730
42335,262362,28106,126273,17141,234256,7112,3382,3730
42340,262393,28108,126287,17143,234282,7113,3383,3730
42345,262424,28114,126300,17148,234308,7114,3383,3731
42350,262455,28119,126313,17153,234334,7115,3384,3731
42355,262486,28123,126331,17157,234361,7116,3385,3731
42360,262517,28130,126348,17164,234385,7117,3385,3732
42365,262548,28135,126361,17167,234412,7118,3386,3732
42370,262579,28142,126378,17172,234437,7119,3387,3732
42375,262610,28147,126397,17174,234462,7120,3388,3732
42380,262641,28151,126414,17176,234490,7121,3388,3733
42385,262672,28154,126435,17179,234518,7122,3389,3733
42390,262703,28157,126450,17180,234545,7123,3390,3733
42395,262734,28161,126465,17184,234572,7124,3390,3734
42400,262765,28164,126484,17186,234600,7125,3390,3735
42405,262796,28168,126499,17188,234628,7126,3390,3736
42410,262827,28172,126515,17190,234654,7127,3390,3737
42415,262858,28178,126531,17194,234679,7128,3390,3738
42420,262889,28184,126546,17198,234704,7129,3391,3738
42425,262920,28187,126555,17201,234733,7130,3391,3739
42430,262951,28189,126575,17201,234762,7131,3392,3739
42435,262982,28191,126589,17201,234791,7132,3392,3740
42440,263013,28193,126603,17203,234820,7133,3392,3741
42445,263044,28195,126621,17204,234849,7134,3393,3741
42450,263075,28197,126635,17204,234878,7135,3394,3741
42455,263106,28199,126654,17206,234907,7136,3395,3741
42460,263137,28201,126674,17208,234936,7137,3396,3741
42465,263168,28203,126689,17210,234965,7138,3396,3742
42470,263199,28205,126704,17211,234993,7139,3397,3742
42475,263230,28207,126719,17213,235022,7140,3397,3743
42480,263261,28211,126731,17216,235048,7141,3397,3744
42485,263292,28216,126747,17219,235074,7142,3397,3745
42490,263323,28220,126764,17221,235101,7143,3398,3745
42495,263354,28224,126783,17223,235128,7144,3399,3745
42500,263385,28228,126796,17225,235156,7145,3399,3746
42505,263416,28231,126812,17228,235182,7146,3400,3746
42510,263447,28234,126830,17229,235211,7147,3400,3747
42515,263478,28237,126846,17231,235241,7148,3401,3747
42520,263509,28240,126865,17233,235268,7149,3402,3747
42525,263540,28243,126887,17233,235297,7150,3403,3747
42530,263571,28247,126903,17234,235324,7151,3403,3748
42535,263602,28251,126914,17234,235351,7152,3404,3748
42540,263633,28255,126929,17236,235378,7153,3405,3748
42545,263664,28258,126942,17237,235406,7154,3406,3748
42550,263695,28261,126957,17239,235434,7155,3407,3748
42555,263726,28264,126971,17241,235462,7156,3408,3748
42560,263757,28267,126984,17243,235490,7157,3408,3749
42565,263788,28270,126998,17245,235518,7158,3408,3750
42570,263819,28273,127005,17245,235545,7159,3408,3751
42575,263850,28277,127020,17247,235573,7160,3408,3752
42580,263881,28280,127033,17248,235601,7161,3408,3753
42585,263912,28283,127046,17249,235627,7162,3408,3754
42590,263943,28287,127053,17251,235656,7163,3408,3755
42595,263974,28291,127066,17253,235683,7164,3408,3756
42600,264005,28296,127083,17256,235707,7165,3408,3757
42605,264036,28300,127096,17259,235736,7166,3408,3758
42610,264067,28302,127109,17259,235765,7167,3408,3759
42615,264098,28305,127127,17261,235792,7168,3409,3759
42620,264129,28308,127144,17263,235821,7169,3410,3759
42625,264160,28314,127157,17268,235846,7170,3410,3760
42630,264191,28319,127179,17272,235872,7171,3411,3760
42635,264222,28320,127193,17272,235902,7172,3411,3761
42640,264253,28321,127209,17272,235932,7173,3411,3762
42645,264284,28322,127227,17273,235962,7174,3412,3762
42650,264315,28324,127248,17274,235991,7175,3413,3762
42655,264346,28326,127261,17275,236020,7176,3413,3763
42660,264377,28328,127277,17276,236049,7177,3413,3764
42665,264408,28330,127289,17276,236078,7177,3413,3764
42670,264439,28332,127306,17277,236107,7177,3413,3764
42675,264470,28334,127315,17277,236136,7177,3413,3764
42680,264501,28336,127332,17278,236164,7177,3413,3764
42685,264532,28338,127346,17279,236194,7177,3413,3764
42690,264563,28340,127360,17280,236223,7177,3413,3764
42695,264594,28342,127377,17282,236251,7177,3413,3764
42700,264625,28344,127392,17282,236279,7177,3413,3764
42705,264656,28346,127411,17283,236308,7177,3413,3764
42710,264687,28351,127426,17286,236335,7177,3413,3764
42715,264718,28355,127440,17287,236361,7177,3413,3764
42720,264749,28360,127457,17290,236386,7177,3413,3764
42725,264780,28365,127471,17294,236415,7177,3413,3764
42730,264811,28368,127488,17295,236442,7177,3413,3764
42735,264842,28372,127500,17297,236470,7177,3413,3764
42740,264873,28377,127514,17300,236495,7177,3413,3764
42745,264904,28383,127529,17303,236520,7177,3413,3764
42750,264935,28388,127544,17306,236546,7177,3413,3764
42755,264966,28394,127554,17308,236571,7177,3413,3764
42760,264997,28398,127568,17310,236599,7177,3413,3764
42765,265028,28401,127577,17313,236627,7178,3413,3765
42770,265059,28405,127588,17315,236654,7179,3413,3766
42775,265090,28409,127601,17317,236680,7180,3413,3767
42780,265121,28413,127617,17320,236707,7181,3413,3768
42785,265152,28417,127639,17323,236735,7182,3414,3768
42790,265183,28421,127656,17326,236762,7183,3415,3768
42795,265214,28427,127669,17330,236787,7184,3415,3769
42800,265245,28432,127685,17334,236813,7185,3415,3770
42805,265276,28435,127695,17334,236841,7186,3415,3771
42810,265307,28440,127712,17338,236867,7187,3415,3772
42815,265338,28443,127725,17340,236894,7188,3416,3772
42820,265369,28445,127742,17342,236924,7189,3417,3772
42825,265400,28447,127755,17343,236951,7190,3418,3772
42830,265431,28449,127766,17343,236981,7191,3418,3773
42835,265462,28451,127782,17345,237010,7192,3418,3774
42840,265493,28453,127797,17346,237039,7193,3418,3775
42845,265524,28455,127810,17347,237068,7194,3418,3776
42850,265555,28457,127824,17348,237098,7195,3419,3776
42855,265586,28459,127838,17350,237127,7196,3419,3777
42860,265617,28461,127851,17350,237156,7197,3420,3777
42865,265648,28464,127868,17352,237183,7198,3421,3777
42870,265679,28469,127888,17356,237209,7199,3422,3777
42875,265710,28474,127901,17359,237235,7200,3423,3777
42880,265741,28478,127913,17361,237262,7201,3423,3778
42885,265772,28483,127935,17366,237287,7202,3424,3778
42890,265803,28488,127949,17368,237314,7203,3424,3779
42895,265834,28492,127966,17371,237341,7204,3425,3779
42900,265865,28497,127981,17375,237367,7205,3425,3780
42905,265896,28502,128001,17380,237394,7206,3425,3781
42910,265927,28504,128016,17381,237423,7207,3425,3782
42915,265958,28506,128030,17381,237452,7208,3426,3782
42920,265989,28509,128049,17382,237479,7209,3427,3782
42925,266020,28512,128067,17384,237507,7210,3427,3783
42930,266051,28515,128084,17385,237535,7211,3428,3783
42935,266082,28518,128103,17387,237564,7212,3428,3784
42940,266113,28521,128114,17387,237592,7213,3429,3784
42945,266144,28524,128129,17387,237618,7214,3429,3785
42950,266175,28527,128144,17388,237646,7215,3429,3786
42955,266206,28531,128156,17390,237675,7216,3429,3787
42960,266237,28535,128170,17393,237702,7217,3429,3788
42965,266268,28540,128188,17397,237728,7218,3430,3788
42970,266299,28544,128196,17399,237755,7219,3430,3789
42975,266330,28547,128209,17400,237783,7220,3431,3789
42980,266361,28552,128224,17403,237809,7221,3432,3789
42985,266392,28557,128247,17407,237834,7222,3432,3790
42990,266423,28563,128266,17412,237858,7223,3433,3790
42995,266454,28565,128281,17412,237887,7224,3433,3791
43000,266485,28567,128298,17414,237917,7225,3433,3792
43005,266516,28569,128315,17415,237944,7226,3433,3793
43010,266547,28571,128330,17416,237974,7227,3433,3794
43015,266578,28573,128338,17417,238004,7228,3434,3794
43020,266609,28576,128354,17418,238031,7229,3434,3795
43025,266640,28580,128370,17420,238060,7230,3435,3795
43030,266671,28584,128386,17422,238087,7231,3436,3795
43035,266702,28588,128403,17425,238113,7232,3437,3795
43040,266733,28593,128415,17428,238140,7233,3437,3796
43045,266764,28596,128431,17429,238167,7234,3438,3796
43050,266795,28601,128450,17432,238193,7235,3439,3796
43055,266826,28606,128464,17436,238219,7236,3439,3797
43060,266857,28612,128479,17442,238244,7237,3439,3798
43065,266888,28617,128495,17446,238271,7238,3440,3798
43070,266919,28619,128508,17448,238300,7239,3440,3799
43075,266950,28621,128524,17448,238329,7240,3441,3799
43080,266981,28623,128541,17450,238358,7241,3441,3800
43085,267012,28624,128556,17450,238388,7242,3442,3800
43090,267043,28625,128574,17451,238418,7243,3443,3800
43095,267074,28626,128590,17451,238448,7244,3444,3800
43100,267105,28628,128611,17453,238477,7245,3445,3800
43105,267136,28630,128625,17453,238506,7246,3445,3801
43110,267167,28632,128640,17454,238535,7247,3446,3801
43115,267198,28634,128655,17454,238564,7248,3446,3802
43120,267229,28637,128669,17457,238592,7249,3446,3803
43125,267260,28641,128685,17459,238619,7250,3446,3804
43130,267291,28646,128698,17463,238643,7251,3447,3804
43135,267322,28650,128710,17466,238670,7252,3447,3805
43140,267353,28657,128726,17472,238694,7253,3447,3806
43145,267384,28658,128738,17473,238726,7254,3448,3806
43150,267415,28659,128753,17473,238753,7255,3448,3807
43155,267446,28660,128767,17474,238786,7256,3449,3807
43160,267477,28661,128782,17475,238815,7257,3449,3808
43165,267508,28662,128795,17476,238844,7258,3449,3809
43170,267539,28663,128808,17477,238876,7259,3449,3810
43175,267570,28664,128818,17477,238905,7260,3449,3811
43180,267601,28666,128832,17477,238935,7261,3450,3811
43185,267632,28668,128847,17478,238960,7262,3451,3811
43190,267663,28672,128861,17480,238990,7263,3452,3811
43195,267694,28676,128879,17483,239016,7264,3453,3811
43200,267725,28680,128896,17486,239044,7265,3453,3812
43205,267756,28683,128915,17488,239073,7266,3454,3812
43210,267787,28686,128934,17491,239101,7267,3454,3813
43215,267818,28689,128948,17493,239129,7268,3454,3814
43220,267849,28692,128968,17494,239157,7269,3454,3815
43225,267880,28696,128983,17496,239183,7270,3454,3816
43230,267911,28700,128995,17497,239211,7271,3455,3816
43235,267942,28704,129010,17499,239237,7272,3455,3817
43240,267973,28709,129025,17502,239264,7273,3456,3817
43245,268004,28715,129039,17507,239288,7274,3456,3818
43250,268035,28722,129057,17512,239313,7275,3456,3819
43255,268066,28725,129070,17513,239341,7276,3457,3819
43260,268097,28728,129084,17514,239369,7277,3458,3819
43265,268128,28731,129101,17514,239396,7277,3458,3819
43270,268159,28734,129121,17516,239425,7277,3458,3819
43275,268190,28738,129134,17519,239452,7277,3458,3819
43280,268221,28742,129148,17521,239479,7277,3458,3819
43285,268252,28746,129165,17523,239506,7277,3458,3819
43290,268283,28750,129182,17527,239533,7277,3458,3819
43295,268314,28755,129199,17530,239559,7277,3458,3819
43300,268345,28759,129212,17533,239586,7277,3458,3819
43305,268376,28764,129227,17536,239612,7277,3458,3819
43310,268407,28769,129241,17538,239638,7277,3458,3819
43315,268438,28775,129255,17542,239663,7277,3458,3819
43320,268469,28777,129266,17542,239692,7277,3458,3819
43325,268500,28779,129283,17543,239720,7277,3458,3819
43330,268531,28781,129295,17544,239749,7277,3458,3819
43335,268562,28783,129307,17546,239779,7277,3458,3819
43340,268593,28785,129323,17548,239808,7277,3458,3819
43345,268624,28787,129342,17548,239837,7277,3458,3819
43350,268655,28789,129359,17549,239865,7277,3458,3819
43355,268686,28791,129372,17549,239894,7277,3458,3819
43360,268717,28794,129390,17552,239922,7277,3458,3819
43365,268748,28797,129408,17553,239949,7278,3459,3819
43370,268779,28801,129425,17555,239977,7279,3460,3819
43375,268810,28804,129437,17557,240006,7280,3461,3819
43380,268841,28807,129449,17557,240033,7281,3462,3819
43385,268872,28810,129467,17559,240061,7282,3463,3819
43390,268903,28815,129483,17562,240087,7283,3464,3819
43395,268934,28819,129499,17564,240114,7284,3465,3819
43400,268965,28823,129515,17566,240142,7285,3465,3820
43405,268996,28827,129533,17570,240169,7286,3465,3821
43410,269027,28830,129551,17572,240197,7287,3466,3821
43415,269058,28833,129562,17573,240224,7288,3466,3822
43420,269089,28838,129578,17577,240251,7289,3466,3823
43425,269120,28844,129595,17580,240275,7290,3467,3823
43430,269151,28851,129612,17585,240300,7291,3468,3823
43435,269182,28854,129624,17587,240328,7292,3468,3824
43440,269213,28859,129638,17590,240354,7293,3468,3825
43445,269244,28862,129650,17591,240382,7294,3468,3826
43450,269275,28865,129662,17593,240410,7295,3469,3826
43455,269306,28870,129682,17598,240436,7296,3470,3826
43460,269337,28873,129694,17600,240464,7297,3471,3826
43465,269368,28877,129709,17604,240491,7298,3472,3826
43470,269399,28879,129722,17605,240520,7299,3473,3826
43475,269430,28883,129736,17608,240547,7300,3473,3827
43480,269461,28885,129751,17608,240576,7301,3473,3828
43485,269492,28889,129765,17611,240603,7302,3474,3828
43490,269523,28890,129780,17611,240633,7303,3474,3829
43495,269554,28891,129793,17612,240663,7304,3474,3830
43500,269585,28892,129806,17612,240691,7305,3474,3831
43505,269616,28893,129823,17612,240722,7306,3475,3831
43510,269647,28894,129835,17612,240752,7307,3475,3832
43515,269678,28895,129849,17612,240782,7308,3475,3833
43520,269709,28896,129866,17612,240813,7309,3475,3834
43525,269740,28897,129879,17612,240843,7310,3475,3835
43530,269771,28898,129898,17613,240873,7311,3476,3835
43535,269802,28899,129910,17614,240902,7312,3477,3835
43540,269833,28903,129922,17617,240929,7313,3477,3836
43545,269864,28907,129934,17620,240957,7314,3478,3836
43550,269895,28911,129951,17623,240983,7315,3478,3837
43555,269926,28915,129964,17626,241010,7316,3479,3837
43560,269957,28919,129979,17628,241036,7317,3479,3838
43565,269988,28923,129995,17630,241065,7318,3480,3838
43570,270019,28927,130010,17632,241091,7319,3481,3838
43575,270050,28932,130017,17635,241117,7320,3481,3839
43580,270081,28937,130031,17638,241143,7321,3482,3839
43585,270112,28940,130047,17640,241172,7322,3482,3840
43590,270143,28942,130067,17642,241201,7323,3483,3840
43595,270174,28945,130082,17644,241229,7324,3484,3840
43600,270205,28948,130098,17645,241257,7325,3484,3841
43605,270236,28952,130113,17647,241282,7326,3484,3842
43610,270267,28955,130128,17649,241310,7327,3485,3842
43615,270298,28958,130140,17649,241339,7328,3486,3842
43620,270329,28962,130155,17652,241367,7329,3486,3843
43625,270360,28966,130167,17654,241394,7330,3487,3843
43630,270391,28972,130181,17659,241419,7331,3487,3844
43635,270422,28976,130192,17661,241446,7332,3487,3845
43640,270453,28979,130207,17663,241474,7333,3488,3845
43645,270484,28982,130221,17665,241502,7334,3489,3845
43650,270515,28987,130232,17668,241528,7335,3490,3845
43655,270546,28991,130245,17671,241555,7336,3490,3846
43660,270577,28995,130264,17675,241582,7337,3490,3847
43665,270608,28999,130278,17678,241609,7338,3490,3848
43670,270639,29002,130292,17680,241637,7339,3491,3848
43675,270670,29004,130303,17681,241665,7340,3492,3848
43680,270701,29006,130314,17682,241695,7341,3493,3848
43685,270732,29008,130324,17682,241723,7342,3494,3848
43690,270763,29012,130340,17685,241751,7343,3494,3849
43695,270794,29015,130348,17685,241779,7344,3494,3850
43700,270825,29019,130362,17687,241804,7345,3495,3850
43705,270856,29024,130377,17691,241830,7346,3495,3851
43710,270887,29028,130391,17695,241858,7347,3495,3852
43715,270918,29033,130407,17698,241882,7348,3495,3853
43720,270949,29038,130422,17702,241910,7349,3496,3853
43725,270980,29042,130435,17705,241937,7350,3496,3854
43730,271011,29045,130447,17706,241965,7351,3496,3855
43735,271042,29048,130465,17706,241993,7352,3497,3855
43740,271073,29051,130482,17708,242020,7353,3498,3855
43745,271104,29055,130493,17709,242049,7354,3499,3855
43750,271135,29058,130510,17710,242075,7355,3500,3855
43755,271166,29062,130523,17712,242103,7356,3501,3855
43760,271197,29067,130538,17716,242130,7357,3501,3856
43765,271228,29069,130558,17718,242159,7358,3502,3856
43770,271259,29071,130574,17718,242187,7359,3503,3856
43775,271290,29074,130593,17720,242216,7360,3504,3856
43780,271321,29077,130607,17722,242243,7361,3504,3857
43785,271352,29080,130620,17724,242271,7362,3505,3857
43790,271383,29083,130632,17724,242298,7363,3505,3858
43795,271414,29086,130647,17725,242328,7364,3505,3859
43800,271445,29089,130663,17725,242356,7365,3506,3859
43805,271476,29093,130677,17727,242383,7366,3506,3860
43810,271507,29097,130691,17729,242410,7367,3506,3861
43815,271538,29102,130703,17732,242436,7368,3507,3861
43820,271569,29106,130720,17734,242463,7369,3508,3861
43825,271600,29111,130736,17738,242489,7370,3508,3862
43830,271631,29116,130754,17741,242515,7371,3509,3862
43835,271662,29120,130771,17744,242542,7372,3509,3863
43840,271693,29126,130788,17748,242567,7373,3509,3864
43845,271724,29128,130805,17750,242595,7374,3509,3865
43850,271755,29130,130820,17751,242624,7375,3510,3865
43855,271786,29132,130837,17752,242654,7376,3510,3866
43860,271817,29134,130851,17752,242683,7377,3511,3866
43865,271848,29136,130864,17753,242712,7377,3511,3866
43870,271879,29140,130876,17756,242739,7377,3511,3866
43875,271910,29144,130894,17758,242765,7377,3511,3866
43880,271941,29148,130909,17760,242793,7377,3511,3866
43885,271972,29151,130924,17762,242821,7377,3511,3866
43890,272003,29155,130936,17764,242848,7377,3511,3866
43895,272034,29158,130950,17765,242874,7377,3511,3866
43900,272065,29163,130963,17769,242900,7377,3511,3866
43905,272096,29167,130973,17770,242928,7377,3511,3866
43910,272127,29171,130985,17772,242954,7377,3511,3866
43915,272158,29176,130999,17775,242981,7377,3511,3866
43920,272189,29180,131013,17777,243008,7377,3511,3866
43925,272220,29182,131026,17777,243036,7377,3511,3866
43930,272251,29185,131040,17778,243064,7377,3511,3866
43935,272282,29188,131055,17780,243094,7377,3511,3866
43940,272313,29189,131074,17781,243123,7377,3511,3866
43945,272344,29190,131088,17782,243154,7377,3511,3866
43950,272375,29192,131105,17782,243183,7377,3511,3866
43955,272406,29194,131119,17783,243212,7377,3511,3866
43960,272437,29196,131133,17784,243241,7377,3511,3866
43965,272468,29199,131147,17786,243269,7378,3512,3866
43970,272499,29202,131162,17787,243297,7379,3512,3867
43975,272530,29204,131176,17788,243326,7380,3512,3868
43980,272561,29207,131191,17789,243354,7381,3512,3869
43985,272592,29210,131208,17791,243382,7382,3512,3870
43990,272623,29212,131221,17793,243411,7383,3512,3871
43995,272654,29216,131239,17796,243438,7384,3513,3871
44000,272685,29219,131255,17798,243466,7385,3514,3871
44005,272716,29221,131268,17798,243495,7386,3515,3871
44010,272747,29225,131285,17801,243522,7387,3515,3872
44015,272778,29228,131300,17804,243550,7388,3516,3872
44020,272809,29232,131308,17806,243577,7389,3516,3873
44025,272840,29236,131324,17809,243604,7390,3517,3873
44030,272871,29238,131334,17810,243633,7391,3517,3874
44035,272902,29240,131353,17810,243661,7392,3517,3875
44040,272933,29242,131365,17810,243689,7393,3518,3875
44045,272964,29246,131375,17812,243717,7394,3518,3876
44050,272995,29249,131393,17815,243744,7395,3519,3876
44055,273026,29253,131410,17818,243771,7396,3519,3877
44060,273057,29257,131427,17821,243799,7397,3520,3877
44065,273088,29261,131445,17823,243827,7398,3521,3877
44070,273119,29264,131460,17823,243854,7399,3522,3877
44075,273150,29269,131475,17828,243881,7400,3523,3877
44080,273181,29273,131493,17830,243906,7401,3523,3878
44085,273212,29278,131513,17834,243933,7402,3524,3878
44090,273243,29283,131527,17839,243959,7403,3525,3878
44095,273274,29287,131539,17842,243985,7404,3525,3879
44100,273305,29291,131560,17845,244014,7405,3526,3879
44105,273336,29293,131572,17845,244043,7406,3526,3880
44110,273367,29295,131586,17845,244072,7407,3526,3881
44115,273398,29297,131603,17847,244101,7408,3526,3882
44120,273429,29299,131617,17849,244130,7409,3527,3882
44125,273460,29301,131627,17849,244159,7410,3527,3883
44130,273491,29303,131643,17851,244188,7411,3528,3883
44135,273522,29305,131661,17852,244217,7412,3528,3884
44140,273553,29308,131681,17855,244245,7413,3529,3884
44145,273584,29312,131698,17858,244270,7414,3530,3884
44150,273615,29317,131715,17861,244297,7415,3530,3885
44155,273646,29322,131732,17864,244323,7416,3531,3885
44160,273677,29327,131748,17867,244350,7417,3531,3886
44165,273708,29333,131766,17870,244375,7418,3532,3886
44170,273739,29338,131785,17874,244400,7419,3532,3887
44175,273770,29343,131803,17878,244426,7420,3533,3887
44180,273801,29345,131817,17880,244456,7421,3534,3887
44185,273832,29347,131830,17880,244485,7422,3535,3887
44190,273863,29349,131848,17880,244514,7423,3536,3887
44195,273894,29351,131861,17881,244543,7424,3537,3887
44200,273925,29353,131873,17882,244571,7425,3537,3888
44205,273956,29357,131892,17885,244597,7426,3538,3888
44210,273987,29363,131913,17889,244622,7427,3538,3889
44215,274018,29367,131930,17893,244648,7428,3539,3889
44220,274049,29371,131945,17897,244677,7429,3539,3890
44225,274080,29375,131963,17901,244704,7430,3539,3891
44230,274111,29380,131982,17905,244729,7431,3540,3891
44235,274142,29386,131996,17908,244755,7432,3540,3892
44240,274173,29391,132015,17911,244781,7433,3540,3893
44245,274204,29393,132028,17912,244811,7434,3540,3894
44250,274235,29395,132037,17913,244840,7435,3540,3895
44255,274266,29397,132049,17914,244869,7436,3541,3895
44260,274297,29399,132063,17916,244898,7437,3542,3895
44265,274328,29401,132080,17918,244926,7438,3543,3895
44270,274359,29403,132096,17919,244956,7439,3543,3896
44275,274390,29405,132106,17921,244985,7440,3543,3897
44280,274421,29407,132121,17921,245014,7441,3544,3897
44285,274452,29409,132135,17923,245043,7442,3545,3897
44290,274483,29414,132158,17926,245069,7443,3546,3897
44295,274514,29419,132176,17929,245094,7444,3546,3898
44300,274545,29423,132192,17932,245121,7445,3546,3899
44305,274576,29428,132210,17937,245148,7446,3547,3899
44310,274607,29433,132225,17940,245173,7447,3548,3899
44315,274638,29437,132241,17941,245200,7448,3548,3900
44320,274669,29441,132254,17944,245227,7449,3548,3901
44325,274700,29447,132264,17947,245252,7450,3549,3901
44330,274731,29449,132278,17947,245281,7451,3550,3901
44335,274762,29451,132295,17947,245311,7452,3551,3901
44340,274793,29453,132309,17947,245340,7453,3552,3901
44345,274824,29454,132326,17948,245370,7454,3552,3902
44350,274855,29455,132340,17948,245400,7455,3553,3902
44355,274886,29457,132352,17949,245427,7456,3553,3903
44360,274917,29461,132365,17952,245455,7457,3553,3904
44365,274948,29465,132374,17956,245483,7458,3553,3905
44370,274979,29468,132388,17957,245510,7459,3553,3906
44375,275010,29472,132400,17959,245537,7460,3553,3907
44380,275041,29476,132416,17962,245563,7461,3553,3908
44385,275072,29481,132427,17965,245590,7462,3554,3908
44390,275103,29484,132440,17967,245617,7463,3554,3909
44395,275134,29488,132453,17970,245646,7464,3554,3910
44400,275165,29491,132466,17972,245674,7465,3554,3911
44405,275196,29492,132486,17972,245704,7466,3555,3911
44410,275227,29493,132504,17973,245734,7467,3555,3912
44415,275258,29494,132521,17974,245764,7468,3555,3913
44420,275289,29495,132537,17974,245794,7469,3555,3914
44425,275320,29496,132549,17975,245824,7470,3556,3914
44430,275351,29497,132566,17976,245854,7471,3557,3914
44435,275382,29498,132581,17976,245884,7472,3558,3914
44440,275413,29500,132594,17976,245913,7473,3558,3915
44445,275444,29502,132610,17977,245942,7474,3558,3916
44450,275475,29506,132625,17979,245967,7475,3558,3917
44455,275506,29509,132640,17982,245996,7476,3558,3918
44460,275537,29513,132653,17986,246022,7477,3558,3919
44465,275568,29517,132667,17988,246050,7477,3558,3919
44470,275599,29521,132683,17990,246077,7477,3558,3919
44475,275630,29524,132694,17992,246105,7477,3558,3919
44480,275661,29528,132713,17994,246131,7477,3558,3919
44485,275692,29532,132726,17995,246159,7477,3558,3919
44490,275723,29538,132743,17999,246184,7477,3558,3919
44495,275754,29544,132755,18003,246210,7477,3558,3919
44500,275785,29546,132767,18004,246239,7477,3558,3919
44505,275816,29548,132781,18006,246267,7477,3558,3919
44510,275847,29552,132802,18009,246294,7477,3558,3919
44515,275878,29556,132811,18011,246322,7477,3558,3919
44520,275909,29559,132825,18014,246348,7477,3558,3919
44525,275940,29563,132843,18017,246377,7477,3558,3919
44530,275971,29566,132858,18019,246404,7477,3558,3919
44535,276002,29569,132872,18020,246433,7477,3558,3919
44540,276033,29572,132887,18023,246460,7477,3558,3919
44545,276064,29575,132899,18024,246489,7477,3558,3919
44550,276095,29578,132911,18025,246517,7477,3558,3919
44555,276126,29581,132929,18027,246545,7477,3558,3919
44560,276157,29584,132941,18028,246573,7477,3558,3919
44565,276188,29587,132956,18029,246601,7478,3559,3919
44570,276219,29590,132972,18029,246628,7479,3560,3919
44575,276250,29593,132983,18030,246657,7480,3561,3919
44580,276281,29597,133000,18032,246684,7481,3562,3919
44585,276312,29602,133016,18036,246708,7482,3562,3920
44590,276343,29610,133033,18042,246731,7483,3563,3920
44595,276374,29613,133044,18045,246761,7484,3563,3921
44600,276405,29615,133059,18045,246789,7485,3563,3922
44605,276436,29618,133074,18046,246817,7486,3563,3923
44610,276467,29621,133086,18046,246845,7487,3563,3924
44615,276498,29624,133103,18047,246874,7488,3563,3925
44620,276529,29627,133116,18050,246902,7489,3563,3926
44625,276560,29630,133129,18052,246930,7490,3564,3926
44630,276591,29633,133139,18052,246958,7491,3565,3926
44635,276622,29636,133160,18054,246986,7492,3566,3926
44640,276653,29639,133175,18056,247014,7493,3567,3926
44645,276684,29642,133187,18057,247041,7494,3568,3926
44650,276715,29645,133204,18060,247069,7495,3568,3927
44655,276746,29648,133218,18060,247097,7496,3569,3927
44660,276777,29652,133231,18062,247124,7497,3570,3927
44665,276808,29656,133245,18063,247151,7498,3570,3928
44670,276839,29660,133253,18065,247179,7499,3570,3929
44675,276870,29663,133267,18066,247207,7500,3571,3929
44680,276901,29666,133280,18067,247235,7501,3572,3929
44685,276932,29670,133290,18068,247261,7502,3573,3929
44690,276963,29676,133306,18072,247286,7503,3573,3930
44695,276994,29682,133319,18076,247311,7504,3573,3931
44700,277025,29688,133335,18078,247335,7505,3574,3931
44705,277056,29692,133342,18079,247364,7506,3574,3932
44710,277087,29695,133356,18081,247391,7507,3574,3933
44715,277118,29698,133367,18083,247418,7508,3574,3934
44720,277149,29702,133383,18087,247447,7509,3575,3934
44725,277180,29705,133398,18089,247475,7510,3575,3935
44730,277211,29709,133411,18092,247502,7511,3575,3936
44735,277242,29713,133431,18094,247527,7512,3576,3936
44740,277273,29720,133453,18100,247551,7513,3576,3937
44745,277304,29726,133468,18105,247576,7514,3576,3938
44750,277335,29732,133481,18110,247602,7515,3576,3939
44755,277366,29734,133496,18111,247631,7516,3577,3939
44760,277397,29736,133508,18113,247660,7517,3577,3940
44765,277428,29738,133519,18114,247688,7518,3577,3941
44770,277459,29740,133539,18116,247718,7519,3577,3942
44775,277490,29742,133556,18117,247747,7520,3577,3943
44780,277521,29744,133577,18118,247775,7521,3577,3944
44785,277552,29746,133588,18118,247805,7522,3577,3945
44790,277583,29748,133600,18118,247835,7523,3577,3946
44795,277614,29750,133623,18120,247864,7524,3578,3946
44800,277645,29752,133636,18120,247892,7525,3578,3947
44805,277676,29755,133650,18121,247920,7526,3578,3948
44810,277707,29758,133664,18124,247949,7527,3578,3949
44815,277738,29762,133678,18126,247976,7528,3578,3950
44820,277769,29765,133694,18128,248004,7529,3579,3950
44825,277800,29768,133709,18130,248032,7530,3580,3950
44830,277831,29770,133725,18132,248061,7531,3581,3950
44835,277862,29773,133739,18134,248089,7532,3581,3951
44840,277893,29775,133751,18135,248118,7533,3581,3952
44845,277924,29778,133764,18137,248146,7534,3582,3952
44850,277955,29781,133777,18139,248174,7535,3583,3952
44855,277986,29784,133791,18142,248201,7536,3583,3953
44860,278017,29790,133805,18146,248226,7537,3583,3954
44865,278048,29797,133822,18152,248250,7538,3584,3954
44870,278079,29803,133835,18156,248275,7539,3585,3954
44875,278110,29806,133844,18158,248304,7540,3585,3955
44880,278141,29810,133862,18162,248329,7541,3585,3956
44885,278172,29814,133874,18164,248356,7542,3585,3957
44890,278203,29819,133888,18168,248384,7543,3585,3958
44895,278234,29820,133904,18169,248414,7544,3586,3958
44900,278265,29821,133921,18170,248443,7545,3586,3959
44905,278296,29822,133943,18171,248473,7546,3587,3959
44910,278327,29823,133962,18171,248503,7547,3588,3959
44915,278358,29824,133973,18171,248534,7548,3588,3960
44920,278389,29825,133986,18171,248564,7549,3589,3960
44925,278420,29826,133995,18172,248594,7550,3589,3961
44930,278451,29828,134009,18173,248623,7551,3589,3962
44935,278482,29830,134023,18174,248652,7552,3589,3963
44940,278513,29832,134035,18175,248681,7553,3590,3963
44945,278544,29834,134048,18176,248709,7554,3590,3964
44950,278575,29836,134063,18178,248738,7555,3591,3964
44955,278606,29838,134081,18179,248768,7556,3591,3965
44960,278637,29840,134096,18181,248797,7557,3591,3966
44965,278668,29842,134111,18181,248824,7558,3592,3966
44970,278699,29844,134127,18181,248854,7559,3593,3966
44975,278730,29847,134140,18183,248882,7560,3594,3966
44980,278761,29850,134156,18185,248910,7561,3595,3966
44985,278792,29853,134171,18186,248939,7562,3596,3966
44990,278823,29856,134187,18188,248966,7563,3597,3966
44995,278854,29860,134205,18191,248993,7564,3598,3966
45000,278885,29865,134222,18194,249020,7565,3599,3966
45005,278916,29869,134233,18196,249046,7566,3599,3967
45010,278947,29874,134246,18198,249072,7567,3599,3968
45015,278978,29880,134265,18203,249098,7568,3600,3968
45020,279009,29884,134282,18205,249125,7569,3600,3969
45025,279040,29888,134292,18206,249151,7570,3600,3970
45030,279071,29894,134307,18211,249177,7571,3601,3970
45035,279102,29899,134319,18213,249202,7572,3601,3971
45040,279133,29908,134335,18221,249224,7573,3602,3971
45045,279164,29914,134348,18224,249248,7574,3602,3972
45050,279195,29924,134369,18231,249268,7575,3603,3972
45055,279226,29932,134385,18237,249294,7576,3603,3973
45060,279257,29934,134399,18239,249323,7577,3603,3974
45065,279288,29936,134417,18241,249352,7577,3603,3974
45070,279319,29938,134430,18242,249381,7577,3603,3974
45075,279350,29940,134445,18242,249409,7577,3603,3974
45080,279381,29942,134458,18242,249439,7577,3603,3974
45085,279412,29944,134471,18243,249467,7577,3603,3974
45090,279443,29946,134482,18243,249496,7577,3603,3974
45095,279474,29948,134497,18245,249526,7577,3603,3974
45100,279505,29950,134516,18245,249554,7577,3603,3974
45105,279536,29952,134527,18245,249584,7577,3603,3974
45110,279567,29954,134540,18246,249612,7577,3603,3974
45115,279598,29956,134553,18246,249642,7577,3603,3974
45120,279629,29958,134563,18247,249670,7577,3603,3974
45125,279660,29960,134580,18249,249699,7577,3603,3974
45130,279691,29962,134595,18249,249727,7577,3603,3974
45135,279722,29964,134607,18250,249758,7577,3603,3974
45140,279753,29966,134622,18251,249787,7577,3603,3974
45145,279784,29968,134634,18252,249816,7577,3603,3974
45150,279815,29970,134648,18254,249845,7577,3603,3974
45155,279846,29972,134660,18254,249873,7577,3603,3974
45160,279877,29976,134678,18256,249901,7577,3603,3974
45165,279908,29980,134695,18257,249928,7578,3604,3974
45170,279939,29984,134713,18260,249955,7579,3605,3974
45175,279970,29988,134725,18262,249981,7580,3605,3975
45180,280001,29992,134736,18262,250009,7581,3605,3976
45185,280032,29997,134746,18264,250035,7582,3606,3976
45190,280063,30002,134762,18266,250061,7583,3607,3976
45195,280094,30007,134778,18269,250087,7584,3608,3976
45200,280125,30012,134793,18273,250113,7585,3609,3976
45205,280156,30017,134810,18276,250139,7586,3609,3977
45210,280187,30022,134828,18280,250165,7587,3610,3977
45215,280218,30028,134843,18283,250190,7588,3611,3977
45220,280249,30034,134854,18286,250215,7589,3611,3978
45225,280280,30039,134868,18290,250238,7590,3611,3979
45230,280311,30046,134883,18294,250263,7591,3612,3979
45235,280342,30052,134896,18298,250289,7592,3613,3979
45240,280373,30058,134907,18301,250314,7593,3613,3980
45245,280404,30063,134925,18305,250341,7594,3613,3981
45250,280435,30064,134939,18305,250370,7595,3613,3982
45255,280466,30065,134955,18305,250401,7596,3614,3982
45260,280497,30066,134971,18305,250431,7597,3614,3983
45265,280528,30067,134988,18305,250461,7598,3615,3983
45270,280559,30068,135002,18306,250491,7599,3615,3984
45275,280590,30069,135016,18307,250521,7600,3615,3985
45280,280621,30070,135031,18307,250551,7601,3616,3985
45285,280652,30071,135046,18308,250580,7602,3616,3986
45290,280683,30072,135062,18308,250609,7603,3617,3986
45295,280714,30073,135078,18308,250639,7604,3617,3987
45300,280745,30074,135090,18308,250671,7605,3618,3987
45305,280776,30075,135106,18308,250699,7606,3618,3988
45310,280807,30076,135120,18308,250730,7607,3619,3988
45315,280838,30077,135129,18309,250761,7608,3620,3988
45320,280869,30078,135144,18309,250790,7609,3620,3989
45325,280900,30079,135157,18309,250821,7610,3621,3989
45330,280931,30080,135176,18310,250851,7611,3622,3989
45335,280962,30082,135194,18311,250880,7612,3623,3989
45340,280993,30084,135210,18312,250909,7613,3623,3990
45345,281024,30086,135225,18312,250938,7614,3623,3991
45350,281055,30089,135237,18314,250966,7615,3623,3992
45355,281086,30093,135252,18316,250992,7616,3624,3992
45360,281117,30101,135272,18324,251016,7617,3625,3992
45365,281148,30108,135291,18329,251040,7618,3626,3992
45370,281179,30113,135304,18331,251066,7619,3627,3992
45375,281210,30119,135319,18334,251089,7620,3628,3992
45380,281241,30126,135337,18339,251115,7621,3628,3993
45385,281272,30129,135352,18342,251143,7622,3629,3993
45390,281303,30132,135365,18342,251171,7623,3630,3993
45395,281334,30135,135380,18344,251199,7624,3631,3993
45400,281365,30138,135396,18346,251227,7625,3631,3994
45405,281396,30143,135414,18350,251253,7626,3631,3995
45410,281427,30147,135426,18352,251279,7627,3632,3995
45415,281458,30151,135435,18355,251307,7628,3633,3995
45420,281489,30157,135454,18359,251332,7629,3634,3995
45425,281520,30163,135470,18363,251356,7630,3635,3995
45430,281551,30166,135482,18365,251385,7631,3636,3995
45435,281582,30168,135495,18366,251414,7632,3636,3996
45440,281613,30170,135512,18367,251441,7633,3636,3997
45445,281644,30172,135530,18368,251471,7634,3637,3997
45450,281675,30174,135550,18369,251501,7635,3637,3998
45455,281706,30176,135564,18370,251529,7636,3637,3999
45460,281737,30178,135581,18372,251559,7637,3637,4000
45465,281768,30180,135597,18373,251587,7638,3638,4000
45470,281799,30182,135609,18373,251617,7639,3638,4001
45475,281830,30184,135628,18373,251645,7640,3639,4001
45480,281861,30186,135642,18374,251674,7641,3640,4001
45485,281892,30188,135657,18375,251703,7642,3641,4001
45490,281923,30192,135674,18377,251731,7643,3641,4002
45495,281954,30195,135690,18378,251758,7644,3642,4002
45500,281985,30199,135703,18381,251785,7645,3642,4003
45505,282016,30203,135715,18384,251812,7646,3642,4004
45510,282047,30207,135733,18387,251838,7647,3642,4005
45515,282078,30213,135744,18392,251865,7648,3642,4006
45520,282109,30218,135759,18394,251889,7649,3643,4006
45525,282140,30224,135772,18397,251914,7650,3643,4007
45530,282171,30231,135789,18402,251938,7651,3644,4007
45535,282202,30235,135804,18405,251966,7652,3644,4008
45540,282233,30238,135823,18408,251995,7653,3645,4008
45545,282264,30241,135839,18410,252022,7654,3645,4009
45550,282295,30244,135856,18412,252051,7655,3645,4010
45555,282326,30247,135866,18413,252079,7656,3645,4011
45560,282357,30250,135884,18415,252107,7657,3646,4011
45565,282388,30253,135901,18416,252134,7658,3647,4011
45570,282419,30256,135913,18417,252160,7659,3647,4012
45575,282450,30259,135929,18418,252191,7660,3647,4013
45580,282481,30264,135945,18422,252217,7661,3648,4013
45585,282512,30268,135958,18423,252244,7662,3648,4014
45590,282543,30272,135974,18427,252270,7663,3648,4015
45595,282574,30279,135995,18433,252295,7664,3649,4015
45600,282605,30284,136010,18436,252321,7665,3650,4015
45605,282636,30286,136028,18436,252350,7666,3650,4016
45610,282667,30288,136042,18437,252378,7667,3651,4016
45615,282698,30290,136059,18439,252407,7668,3652,4016
45620,282729,30292,136076,18440,252437,7669,3652,4017
45625,282760,30294,136092,18440,252466,7670,3653,4017
45630,282791,30296,136107,18441,252495,7671,3653,4018
45635,282822,30298,136121,18441,252524,7672,3654,4018
45640,282853,30301,136132,18442,252551,7673,3655,4018
45645,282884,30305,136144,18443,252578,7674,3655,4019
45650,282915,30309,136158,18445,252606,7675,3655,4020
45655,282946,30312,136174,18447,252633,7676,3656,4020
45660,282977,30316,136190,18450,252660,7677,3657,4020
45665,283008,30320,136204,18453,252688,7677,3657,4020
45670,283039,30323,136219,18456,252716,7677,3657,4020
45675,283070,30326,136234,18459,252744,7677,3657,4020
45680,283101,30329,136254,18462,252770,7677,3657,4020
45685,283132,30333,136266,18464,252798,7677,3657,4020
45690,283163,30337,136282,18468,252825,7677,3657,4020
45695,283194,30340,136295,18469,252853,7677,3657,4020
45700,283225,30344,136305,18471,252881,7677,3657,4020
45705,283256,30347,136320,18472,252908,7677,3657,4020
45710,283287,30353,136336,18476,252933,7677,3657,4020
45715,283318,30360,136352,18480,252957,7677,3657,4020
45720,283349,30364,136363,18482,252985,7677,3657,4020
45725,283380,30367,136382,18485,253012,7677,3657,4020
45730,283411,30370,136399,18487,253040,7677,3657,4020
45735,283442,30373,136413,18489,253068,7677,3657,4020
45740,283473,30376,136428,18491,253097,7677,3657,4020
45745,283504,30379,136440,18492,253125,7677,3657,4020
45750,283535,30382,136455,18493,253153,7677,3657,4020
45755,283566,30385,136463,18494,253181,7677,3657,4020
45760,283597,30388,136480,18496,253209,7677,3657,4020
45765,283628,30392,136495,18497,253235,7678,3658,4020
45770,283659,30398,136506,18501,253261,7679,3659,4020
45775,283690,30403,136520,18503,253284,7680,3659,4021
45780,283721,30409,136541,18507,253309,7681,3660,4021
45785,283752,30413,136552,18511,253339,7682,3661,4021
45790,283783,30414,136567,18511,253369,7683,3661,4022
45795,283814,30415,136584,18511,253399,7684,3661,4023
45800,283845,30416,136596,18512,253429,7685,3662,4023
45805,283876,30417,136610,18513,253459,7686,3662,4024
45810,283907,30418,136626,18514,253489,7687,3663,4024
45815,283938,30419,136642,18515,253519,7688,3664,4024
45820,283969,30420,136661,18515,253549,7689,3665,4024
45825,284000,30421,136672,18516,253579,7690,3666,4024
45830,284031,30424,136686,18519,253607,7691,3667,4024
45835,284062,30427,136699,18521,253635,7692,3667,4025
45840,284093,30429,136709,18522,253664,7693,3668,4025
45845,284124,30431,136724,18522,253693,7694,3669,4025
45850,284155,30433,136735,18522,253722,7695,3669,4026
45855,284186,30435,136751,18523,253751,7696,3669,4027
45860,284217,30437,136767,18524,253780,7697,3670,4027
45865,284248,30439,136780,18524,253809,7698,3670,4028
45870,284279,30441,136795,18526,253838,7699,3670,4029
45875,284310,30443,136814,18527,253867,7700,3671,4029
45880,284341,30445,136829,18529,253896,7701,3671,4030
45885,284372,30448,136843,18532,253923,7702,3671,4031
45890,284403,30456,136860,18539,253946,7703,3672,4031
45895,284434,30462,136876,18543,253970,7704,3673,4031
45900,284465,30468,136887,18546,253996,7705,3673,4032
45905,284496,30474,136903,18550,254022,7706,3674,4032
45910,284527,30479,136921,18552,254047,7707,3674,4033
45915,284558,30484,136937,18556,254072,7708,3675,4033
45920,284589,30489,136946,18559,254099,7709,3675,4034
45925,284620,30492,136967,18562,254127,7710,3676,4034
45930,284651,30496,136985,18566,254154,7711,3677,4034
45935,284682,30499,137000,18567,254183,7712,3677,4035
45940,284713,30503,137017,18569,254209,7713,3678,4035
45945,284744,30507,137036,18571,254233,7714,3678,4036
45950,284775,30514,137049,18576,254261,7715,3678,4037
45955,284806,30518,137063,18577,254287,7716,3678,4038
45960,284837,30520,137080,18578,254317,7717,3679,4038
45965,284868,30522,137094,18580,254346,7718,3680,4038
45970,284899,30524,137113,18581,254374,7719,3680,4039
45975,284930,30526,137128,18582,254403,7720,3681,4039
45980,284961,30528,137139,18583,254432,7721,3682,4039
45985,284992,30530,137150,18584,254462,7722,3683,4039
45990,285023,30532,137164,18585,254491,7723,3684,4039
45995,285054,30534,137175,18585,254520,7724,3685,4039
46000,285085,30536,137189,18587,254549,7725,3686,4039
46005,285116,30538,137201,18588,254578,7726,3687,4039
46010,285147,30540,137213,18588,254607,7727,3687,4040
46015,285178,30542,137225,18589,254636,7728,3687,4041
46020,285209,30544,137241,18590,254665,7729,3688,4041
46025,285240,30547,137258,18592,254692,7730,3688,4042
46030,285271,30552,137268,18595,254718,7731,3688,4043
46035,285302,30557,137285,18599,254744,7732,3688,4044
46040,285333,30561,137300,18603,254772,7733,3688,4045
46045,285364,30564,137311,18605,254799,7734,3689,4045
46050,285395,30568,137328,18608,254826,7735,3690,4045
46055,285426,30572,137345,18610,254853,7736,3690,4046
46060,285457,30579,137365,18615,254876,7737,3690,4047
46065,285488,30588,137379,18622,254898,7738,3690,4048
46070,285519,30596,137387,18626,254923,7739,3690,4049
46075,285550,30603,137404,18631,254947,7740,3690,4050
46080,285581,30607,137418,18633,254973,7741,3690,4051
46085,285612,30613,137434,18638,254999,7742,3691,4051
46090,285643,30617,137449,18641,255025,7743,3691,4052
46095,285674,30620,137463,18643,255054,7744,3691,4053
46100,285705,30622,137471,18643,255082,7745,3691,4054
46105,285736,30624,137483,18643,255112,7746,3692,4054
46110,285767,30626,137493,18643,255141,7747,3692,4055
46115,285798,30628,137510,18644,255169,7748,3692,4056
46120,285829,30630,137530,18646,255198,7749,3693,4056
46125,285860,30632,137545,18647,255227,7750,3693,4057
46130,285891,30634,137561,18647,255256,7751,3693,4058
46135,285922,30636,137576,18649,255284,7752,3693,4059
46140,285953,30638,137593,18650,255314,7753,3693,4060
46145,285984,30639,137608,18650,255344,7754,3693,4061
46150,286015,30640,137629,18651,255374,7755,3694,4061
46155,286046,30641,137644,18652,255405,7756,3694,4062
46160,286077,30642,137661,18653,255435,7757,3695,4062
46165,286108,30643,137676,18653,255465,7758,3696,4062
46170,286139,30644,137692,18653,255495,7759,3697,4062
46175,286170,30645,137706,18654,255525,7760,3697,4063
46180,286201,30646,137720,18655,255555,7761,3698,4063
46185,286232,30647,137733,18655,255585,7762,3699,4063
46190,286263,30649,137750,18655,255613,7763,3700,4063
46195,286294,30652,137762,18656,255641,7764,3700,4064
46200,286325,30657,137771,18658,255668,7765,3700,4065
46205,286356,30660,137791,18661,255695,7766,3701,4065
46210,286387,30665,137811,18664,255721,7767,3702,4065
46215,286418,30670,137825,18668,255747,7768,3702,4066
46220,286449,30676,137840,18673,255771,7769,3702,4067
46225,286480,30682,137851,18678,255797,7770,3703,4067
46230,286511,30686,137864,18679,255824,7771,3704,4067
46235,286542,30690,137879,18681,255850,7772,3705,4067
46240,286573,30699,137900,18689,255871,7773,3706,4067
46245,286604,30707,137917,18695,255895,7774,3706,4068
46250,286635,30711,137931,18698,255923,7775,3707,4068
46255,286666,30713,137948,18699,255952,7776,3707,4069
46260,286697,30715,137968,18699,255981,7777,3707,4070
46265,286728,30717,137986,18700,256011,7777,3707,4070
46270,286759,30719,138001,18700,256039,7777,3707,4070
46275,286790,30721,138020,18702,256069,7777,3707,4070
46280,286821,30723,138038,18704,256097,7777,3707,4070
46285,286852,30725,138053,18706,256126,7777,3707,4070
46290,286883,30727,138064,18706,256155,7777,3707,4070
46295,286914,30729,138084,18708,256183,7777,3707,4070
46300,286945,30731,138101,18710,256213,7777,3707,4070
46305,286976,30733,138118,18710,256242,7777,3707,4070
46310,287007,30735,138133,18711,256272,7777,3707,4070
46315,287038,30737,138149,18712,256301,7777,3707,4070
46320,287069,30739,138164,18713,256329,7777,3707,4070
46325,287100,30741,138178,18715,256359,7777,3707,4070
46330,287131,30743,138198,18716,256387,7777,3707,4070
46335,287162,30745,138210,18716,256417,7777,3707,4070
46340,287193,30747,138224,18718,256445,7777,3707,4070
46345,287224,30749,138244,18720,256475,7777,3707,4070
46350,287255,30751,138261,18722,256503,7777,3707,4070
46355,287286,30756,138279,18725,256530,7777,3707,4070
46360,287317,30760,138292,18726,256557,7777,3707,4070
46365,287348,30764,138306,18730,256584,7778,3707,4071
46370,287379,30768,138316,18730,256610,7779,3707,4072
46375,287410,30773,138327,18732,256637,7780,3707,4073
46380,287441,30777,138339,18732,256664,7781,3708,4073
46385,287472,30782,138355,18736,256686,7782,3709,4073
46390,287503,30793,138372,18746,256706,7783,3709,4074
46395,287534,30803,138388,18754,256731,7784,3709,4075
46400,287565,30807,138402,18756,256756,7785,3709,4076
46405,287596,30812,138415,18759,256782,7786,3710,4076
46410,287627,30818,138430,18763,256808,7787,3710,4077
46415,287658,30822,138442,18766,256836,7788,3710,4078
46420,287689,30825,138461,18769,256864,7789,3711,4078
46425,287720,30830,138476,18772,256889,7790,3712,4078
46430,287751,30835,138490,18775,256916,7791,3712,4079
46435,287782,30839,138507,18778,256943,7792,3713,4079
46440,287813,30841,138520,18780,256971,7793,3713,4080
46445,287844,30843,138537,18781,256999,7794,3713,4081
46450,287875,30845,138550,18782,257029,7795,3714,4081
46455,287906,30847,138562,18783,257058,7796,3715,4081
46460,287937,30849,138578,18784,257087,7797,3716,4081
46465,287968,30851,138591,18785,257116,7798,3717,4081
46470,287999,30853,138605,18785,257145,7799,3717,4082
46475,288030,30855,138617,18785,257175,7800,3718,4082
46480,288061,30857,138632,18787,257203,7801,3719,4082
46485,288092,30859,138642,18788,257233,7802,3719,4083
46490,288123,30861,138659,18789,257262,7803,3719,4084
46495,288154,30863,138673,18790,257290,7804,3719,4085
46500,288185,30865,138685,18790,257320,7805,3719,4086
46505,288216,30867,138695,18791,257349,7806,3719,4087
46510,288247,30870,138711,18792,257376,7807,3720,4087
46515,288278,30873,138724,18793,257405,7808,3721,4087
46520,288309,30876,138743,18796,257433,7809,3722,4087
46525,288340,30879,138760,18798,257461,7810,3723,4087
46530,288371,30882,138773,18799,257489,7811,3724,4087
46535,288402,30887,138786,18802,257514,7812,3724,4088
46540,288433,30891,138801,18805,257542,7813,3724,4089
46545,288464,30896,138819,18809,257567,7814,3725,4089
46550,288495,30903,138831,18812,257589,7815,3726,4089
46555,288526,30911,138844,18817,257612,7816,3726,4090
46560,288557,30919,138856,18822,257638,7817,3727,4090
46565,288588,30923,138870,18824,257665,7818,3728,4090
46570,288619,30926,138881,18825,257692,7819,3728,4091
46575,288650,30930,138893,18828,257720,7820,3728,4092
46580,288681,30934,138909,18832,257747,7821,3728,4093
46585,288712,30937,138924,18835,257774,7822,3729,4093
46590,288743,30945,138943,18841,257795,7823,3730,4093
46595,288774,30951,138958,18845,257822,7824,3731,4093
46600,288805,30953,138971,18846,257852,7825,3731,4094
46605,288836,30955,138986,18847,257881,7826,3731,4095
46610,288867,30957,138997,18847,257910,7827,3731,4096
46615,288898,30959,139012,18848,257939,7828,3732,4096
46620,288929,30961,139026,18848,257968,7829,3733,4096
46625,288960,30963,139042,18850,257996,7830,3734,4096
46630,288991,30965,139057,18852,258026,7831,3734,4097
46635,289022,30967,139081,18854,258055,7832,3735,4097
46640,289053,30969,139096,18856,258084,7833,3735,4098
46645,289084,30971,139110,18857,258113,7834,3735,4099
46650,289115,30973,139126,18859,258141,7835,3735,4100
46655,289146,30975,139142,18861,258171,7836,3736,4100
46660,289177,30977,139157,18862,258199,7837,3736,4101
46665,289208,30979,139176,18863,258228,7838,3736,4102
46670,289239,30982,139193,18864,258256,7839,3737,4102
46675,289270,30985,139208,18864,258284,7840,3737,4103
46680,289301,30988,139223,18865,258312,7841,3737,4104
46685,289332,30991,139241,18868,258340,7842,3737,4105
46690,289363,30994,139260,18869,258369,7843,3738,4105
46695,289394,30997,139281,18872,258397,7844,3739,4105
46700,289425,31000,139295,18873,258424,7845,3740,4105
46705,289456,31005,139309,18877,258450,7846,3741,4105
46710,289487,31012,139323,18882,258474,7847,3741,4106
46715,289518,31018,139338,18886,258499,7848,3741,4107
46720,289549,31025,139348,18890,258524,7849,3741,4108
46725,289580,31032,139362,18896,258548,7850,3742,4108
46730,289611,31037,139380,18899,258573,7851,3742,4109
46735,289642,31044,139392,18903,258594,7852,3742,4110
46740,289673,31053,139408,18911,258617,7853,3743,4110
46745,289704,31059,139423,18917,258644,7854,3744,4110
46750,289735,31060,139438,18917,258674,7855,3744,4111
46755,289766,31061,139453,18918,258705,7856,3745,4111
46760,289797,31062,139464,18918,258734,7857,3745,4112
46765,289828,31063,139479,18919,258764,7858,3745,4113
46770,289859,31064,139497,18919,258794,7859,3746,4113
46775,289890,31065,139513,18919,258825,7860,3746,4114
46780,289921,31066,139526,18919,258855,7861,3747,4114
46785,289952,31067,139542,18919,258885,7862,3748,4114
46790,289983,31068,139556,18920,258915,7863,3749,4114
46795,290014,31069,139568,18920,258945,7864,3750,4114
46800,290045,31070,139585,18920,258974,7865,3750,4115
46805,290076,31071,139598,18920,259005,7866,3751,4115
46810,290107,31072,139618,18921,259034,7867,3752,4115
46815,290138,31073,139629,18921,259065,7868,3752,4116
46820,290169,31074,139650,18921,259094,7869,3753,4116
46825,290200,31075,139671,18921,259124,7870,3754,4116
46830,290231,31076,139687,18922,259155,7871,3754,4117
46835,290262,31077,139699,18923,259185,7872,3755,4117
46840,290293,31078,139714,18923,259215,7873,3756,4117
46845,290324,31079,139731,18923,259245,7874,3757,4117
46850,290355,31082,139748,18924,259271,7875,3758,4117
46855,290386,31088,139763,18928,259297,7876,3758,4118
46860,290417,31094,139781,18932,259319,7877,3759,4118
46865,290448,31101,139795,18937,259346,7877,3759,4118
46870,290479,31106,139804,18940,259372,7877,3759,4118
46875,290510,31112,139825,18944,259396,7877,3759,4118
46880,290541,31118,139841,18948,259422,7877,3759,4118
46885,290572,31125,139856,18954,259446,7877,3759,4118
46890,290603,31131,139875,18958,259469,7877,3759,4118
46895,290634,31139,139894,18965,259494,7877,3759,4118
46900,290665,31144,139907,18968,259521,7877,3759,4118
46905,290696,31148,139918,18970,259548,7877,3759,4118
46910,290727,31152,139932,18971,259574,7877,3759,4118
46915,290758,31155,139948,18974,259602,7877,3759,4118
46920,290789,31157,139963,18975,259631,7877,3759,4118
46925,290820,31159,139978,18976,259661,7877,3759,4118
46930,290851,31161,139995,18977,259689,7877,3759,4118
46935,290882,31163,140009,18978,259719,7877,3759,4118
46940,290913,31165,140026,18980,259746,7877,3759,4118
46945,290944,31167,140042,18980,259775,7877,3759,4118
46950,290975,31169,140055,18980,259806,7877,3759,4118
46955,291006,31171,140068,18981,259835,7877,3759,4118
46960,291037,31173,140087,18983,259864,7877,3759,4118
46965,291068,31175,140106,18985,259893,7878,3760,4118
46970,291099,31177,140118,18986,259921,7879,3760,4119
46975,291130,31179,140130,18986,259951,7880,3760,4120
46980,291161,31181,140147,18986,259979,7881,3761,4120
46985,291192,31183,140161,18987,260009,7882,3762,4120
46990,291223,31185,140177,18989,260038,7883,3763,4120
46995,291254,31187,140190,18990,260067,7884,3764,4120
47000,291285,31189,140200,18990,260096,7885,3764,4121
47005,291316,31193,140216,18991,260123,7886,3764,4122
47010,291347,31196,140231,18993,260150,7887,3764,4123
47015,291378,31201,140249,18998,260175,7888,3765,4123
47020,291409,31209,140264,19004,260199,7889,3766,4123
47025,291440,31216,140276,19007,260223,7890,3766,4124
47030,291471,31222,140290,19012,260248,7891,3767,4124
47035,291502,31229,140309,19018,260272,7892,3768,4124
47040,291533,31235,140322,19021,260297,7893,3769,4124
47045,291564,31242,140342,19028,260322,7894,3769,4125
47050,291595,31246,140358,19030,260349,7895,3769,4126
47055,291626,31250,140373,19031,260375,7896,3770,4126
47060,291657,31256,140387,19034,260399,7897,3770,4127
47065,291688,31261,140402,19038,260427,7898,3770,4128
47070,291719,31266,140414,19040,260453,7899,3770,4129
47075,291750,31273,140431,19045,260477,7900,3771,4129
47080,291781,31275,140438,19045,260506,7901,3772,4129
47085,291812,31277,140452,19047,260535,7902,3772,4130
47090,291843,31279,140465,19048,260564,7903,3772,4131
47095,291874,31281,140479,19049,260591,7904,3773,4131
47100,291905,31283,140493,19050,260620,7905,3773,4132
47105,291936,31285,140508,19050,260650,7906,3774,4132
47110,291967,31287,140519,19051,260680,7907,3775,4132
47115,291998,31289,140531,19052,260708,7908,3775,4133
47120,292029,31291,140546,19052,260738,7909,3776,4133
47125,292060,31293,140563,19054,260767,7910,3776,4134
47130,292091,31295,140580,19054,260796,7911,3776,4135
47135,292122,31297,140600,19055,260825,7912,3777,4135
47140,292153,31299,140613,19056,260854,7913,3777,4136
47145,292184,31301,140627,19057,260883,7914,3777,4137
47150,292215,31303,140638,19058,260911,7915,3777,4138
47155,292246,31305,140651,19059,260941,7916,3778,4138
47160,292277,31307,140664,19060,260970,7917,3778,4139
47165,292308,31308,140677,19061,261000,7918,3778,4140
47170,292339,31309,140687,19061,261030,7919,3779,4140
47175,292370,31310,140701,19061,261060,7920,3779,4141
47180,292401,31312,140718,19062,261088,7921,3780,4141
47185,292432,31319,140736,19068,261112,7922,3781,4141
47190,292463,31323,140749,19070,261140,7923,3781,4142
47195,292494,31328,140766,19073,261164,7924,3782,4142
47200,292525,31336,140781,19079,261188,7925,3783,4142
47205,292556,31343,140798,19086,261213,7926,3783,4143
47210,292587,31348,140812,19089,261237,7927,3783,4144
47215,292618,31352,140821,19091,261263,7928,3783,4145
47220,292649,31357,140835,19093,261290,7929,3783,4146
47225,292680,31361,140848,19094,261317,7930,3784,4146
47230,292711,31366,140869,19097,261343,7931,3785,4146
47235,292742,31368,140879,19098,261373,7932,3786,4146
47240,292773,31370,140894,19100,261401,7933,3787,4146
47245,292804,31372,140908,19102,261430,7934,3787,4147
47250,292835,31375,140921,19103,261459,7935,3787,4148
47255,292866,31378,140939,19106,261487,7936,3787,4149
47260,292897,31380,140955,19107,261517,7937,3787,4150
47265,292928,31381,140967,19108,261545,7938,3787,4151
47270,292959,31383,140982,19110,261575,7939,3788,4151
47275,292990,31385,140999,19111,261605,7940,3789,4151
47280,293021,31387,141018,19112,261634,7941,3790,4151
47285,293052,31389,141031,19113,261662,7942,3791,4151
47290,293083,31391,141041,19114,261692,7943,3792,4151
47295,293114,31393,141059,19114,261721,7944,3793,4151
47300,293145,31395,141070,19114,261750,7945,3793,4152
47305,293176,31397,141081,19114,261779,7946,3794,4152
47310,293207,31399,141097,19115,261807,7947,3794,4153
47315,293238,31401,141109,19115,261837,7948,3794,4154
47320,293269,31403,141117,19116,261866,7949,3795,4154
47325,293300,31405,141134,19118,261895,7950,3796,4154
47330,293331,31407,141153,19119,261924,7951,3797,4154
47335,293362,31409,141167,19120,261953,7952,3798,4154
47340,293393,31412,141176,19120,261980,7953,3798,4155
47345,293424,31416,141191,19122,262007,7954,3799,4155
47350,293455,31421,141205,19125,262034,7955,3800,4155
47355,293486,31426,141222,19129,262060,7956,3800,4156
47360,293517,31430,141235,19131,262085,7957,3800,4157
47365,293548,31436,141250,19136,262110,7958,3801,4157
47370,293579,31444,141265,19143,262134,7959,3802,4157
47375,293610,31452,141280,19149,262156,7960,3803,4157
47380,293641,31459,141295,19153,262179,7961,3803,4158
47385,293672,31466,141315,19159,262204,7962,3804,4158
47390,293703,31470,141333,19161,262227,7963,3805,4158
47395,293734,31473,141347,19162,262259,7964,3805,4159
47400,293765,31476,141360,19164,262288,7965,3805,4160
47405,293796,31479,141377,19167,262315,7966,3806,4160
47410,293827,31482,141394,19168,262344,7967,3807,4160
47415,293858,31485,141404,19168,262373,7968,3808,4160
47420,293889,31488,141418,19169,262401,7969,3808,4161
47425,293920,31491,141428,19171,262429,7970,3809,4161
47430,293951,31495,141443,19174,262456,7971,3810,4161
47435,293982,31498,141460,19176,262484,7972,3811,4161
47440,294013,31501,141475,19177,262512,7973,3811,4162
47445,294044,31503,141489,19177,262541,7974,3811,4163
47450,294075,31505,141505,19178,262569,7975,3812,4163
47455,294106,31507,141525,19180,262599,7976,3812,4164
47460,294137,31509,141534,19181,262628,7977,3813,4164
47465,294168,31511,141548,19181,262657,7977,3813,4164
47470,294199,31513,141568,19183,262686,7977,3813,4164
47475,294230,31515,141584,19185,262714,7977,3813,4164
47480,294261,31517,141596,19186,262744,7977,3813,4164
47485,294292,31519,141612,19188,262773,7977,3813,4164
47490,294323,31522,141631,19191,262801,7977,3813,4164
47495,294354,31525,141648,19192,262829,7977,3813,4164
47500,294385,31528,141663,19194,262857,7977,3813,4164
47505,294416,31532,141678,19198,262884,7977,3813,4164
47510,294447,31538,141689,19203,262909,7977,3813,4164
47515,294478,31544,141705,19206,262933,7977,3813,4164
47520,294509,31553,141723,19214,262953,7977,3813,4164
47525,294540,31556,141743,19216,262983,7977,3813,4164
47530,294571,31557,141759,19217,263012,7977,3813,4164
47535,294602,31558,141771,19218,263043,7977,3813,4164
47540,294633,31561,141786,19220,263072,7977,3813,4164
47545,294664,31564,141801,19222,263100,7977,3813,4164
47550,294695,31569,141813,19227,263126,7977,3813,4164
47555,294726,31573,141826,19230,263152,7977,3813,4164
47560,294757,31575,141839,19231,263181,7977,3813,4164
47565,294788,31577,141851,19231,263209,7978,3813,4165
47570,294819,31579,141866,19232,263239,7979,3813,4166
47575,294850,31581,141877,19233,263269,7980,3813,4167
47580,294881,31583,141891,19234,263298,7981,3813,4168
47585,294912,31585,141907,19236,263327,7982,3814,4168
47590,294943,31588,141925,19239,263354,7983,3815,4168
47595,294974,31591,141939,19241,263383,7984,3815,4169
47600,295005,31595,141958,19245,263410,7985,3816,4169
47605,295036,31597,141974,19247,263438,7986,3817,4169
47610,295067,31601,141994,19251,263465,7987,3818,4169
47615,295098,31603,142008,19252,263495,7988,3819,4169
47620,295129,31604,142023,19253,263525,7989,3820,4169
47625,295160,31605,142042,19254,263553,7990,3820,4170
47630,295191,31609,142056,19257,263581,7991,3820,4171
47635,295222,31614,142071,19259,263607,7992,3820,4172
47640,295253,31618,142090,19263,263634,7993,3821,4172
47645,295284,31623,142105,19267,263661,7994,3821,4173
47650,295315,31627,142120,19268,263688,7995,3821,4174
47655,295346,31631,142140,19271,263715,7996,3821,4175
47660,295377,31634,142155,19271,263742,7997,3821,4176
47665,295408,31639,142164,19275,263769,7998,3821,4177
47670,295439,31642,142177,19276,263796,7999,3822,4177
47675,295470,31647,142197,19280,263823,8000,3823,4177
47680,295501,31651,142211,19282,263849,8001,3823,4178
47685,295532,31653,142229,19283,263878,8002,3824,4178
47690,295563,31655,142238,19283,263908,8003,3824,4179
47695,295594,31657,142250,19284,263936,8004,3824,4180
47700,295625,31659,142265,19285,263966,8005,3824,4181
47705,295656,31661,142278,19286,263994,8006,3824,4182
47710,295687,31663,142286,19287,264024,8007,3825,4182
47715,295718,31665,142299,19289,264053,8008,3825,4183
47720,295749,31667,142316,19289,264082,8009,3825,4184
47725,295780,31670,142330,19290,264110,8010,3826,4184
47730,295811,31673,142345,19292,264137,8011,3826,4185
47735,295842,31676,142361,19294,264166,8012,3826,4186
47740,295873,31679,142378,19295,264194,8013,3827,4186
47745,295904,31682,142389,19295,264221,8014,3828,4186
47750,295935,31685,142403,19297,264249,8015,3828,4187
47755,295966,31688,142420,19298,264277,8016,3829,4187
47760,295997,31691,142429,19298,264305,8017,3830,4187
47765,296028,31694,142439,19300,264334,8018,3830,4188
47770,296059,31697,142455,19302,264362,8019,3830,4189
47775,296090,31700,142473,19303,264390,8020,3831,4189
47780,296121,31704,142487,19305,264417,8021,3832,4189
47785,296152,31709,142501,19308,264442,8022,3833,4189
47790,296183,31714,142512,19312,264468,8023,3833,4190
47795,296214,31719,142528,19315,264495,8024,3833,4191
47800,296245,31724,142543,19318,264521,8025,3834,4191
47805,296276,31729,142562,19321,264545,8026,3834,4192
47810,296307,31736,142581,19326,264568,8027,3835,4192
47815,296338,31743,142597,19331,264592,8028,3836,4192
47820,296369,31751,142614,19338,264616,8029,3836,4193
47825,296400,31759,142632,19343,264640,8030,3837,4193
47830,296431,31764,142647,19346,264666,8031,3838,4193
47835,296462,31767,142660,19348,264694,8032,3839,4193
47840,296493,31771,142673,19349,264721,8033,3840,4193
47845,296524,31776,142691,19353,264748,8034,3841,4193
47850,296555,31778,142705,19354,264777,8035,3842,4193
47855,296586,31780,142721,19356,264806,8036,3843,4193
47860,296617,31782,142739,19357,264835,8037,3843,4194
47865,296648,31784,142752,19358,264864,8038,3843,4195
47870,296679,31786,142770,19360,264893,8039,3843,4196
47875,296710,31788,142788,19361,264922,8040,3843,4197
47880,296741,31790,142801,19361,264951,8041,3843,4198
47885,296772,31792,142818,19363,264980,8042,3844,4198
47890,296803,31794,142833,19364,265009,8043,3845,4198
47895,296834,31796,142845,19364,265038,8044,3845,4199
47900,296865,31798,142858,19364,265067,8045,3846,4199
47905,296896,31800,142873,19364,265096,8046,3847,4199
47910,296927,31802,142893,19364,265124,8047,3847,4200
47915,296958,31804,142906,19365,265154,8048,3848,4200
47920,296989,31806,142926,19366,265182,8049,3848,4201
47925,297020,31808,142943,19367,265212,8050,3849,4201
47930,297051,31810,142958,19368,265239,8051,3850,4201
47935,297082,31813,142971,19371,265269,8052,3851,4201
47940,297113,31817,142985,19374,265296,8053,3852,4201
47945,297144,31820,142992,19375,265323,8054,3852,4202
47950,297175,31823,143008,19376,265352,8055,3852,4203
47955,297206,31828,143022,19377,265376,8056,3852,4204
47960,297237,31835,143037,19381,265402,8057,3853,4204
47965,297268,31840,143049,19385,265427,8058,3854,4204
47970,297299,31846,143067,19389,265452,8059,3855,4204
47975,297330,31853,143081,19394,265477,8060,3855,4205
47980,297361,31858,143098,19398,265502,8061,3856,4205
47985,297392,31865,143112,19403,265527,8062,3857,4205
47990,297423,31871,143129,19408,265550,8063,3858,4205
47995,297454,31878,143140,19413,265575,8064,3858,4206
48000,297485,31882,143155,19416,265602,8065,3859,4206
48005,297516,31886,143172,19418,265629,8066,3859,4207
48010,297547,31889,143192,19420,265658,8067,3860,4207
48015,297578,31892,143205,19422,265686,8068,3860,4208
48020,297609,31893,143217,19423,265716,8069,3860,4209
48025,297640,31894,143234,19424,265746,8070,3861,4209
48030,297671,31895,143252,19424,265775,8071,3861,4210
48035,297702,31896,143264,19424,265804,8072,3861,4211
48040,297733,31897,143283,19425,265834,8073,3861,4212
48045,297764,31898,143302,19426,265865,8074,3862,4212
48050,297795,31899,143317,19427,265896,8075,3862,4213
48055,297826,31900,143330,19427,265926,8076,3862,4214
48060,297857,31901,143346,19428,265956,8077,3863,4214
48065,297888,31902,143362,19429,265986,8077,3863,4214
48070,297919,31903,143377,19429,266015,8077,3863,4214
48075,297950,31904,143395,19430,266045,8077,3863,4214
48080,297981,31905,143414,19430,266076,8077,3863,4214
48085,298012,31906,143430,19431,266105,8077,3863,4214
48090,298043,31907,143447,19431,266135,8077,3863,4214
48095,298074,31908,143460,19432,266166,8077,3863,4214
48100,298105,31909,143479,19433,266196,8077,3863,4214
48105,298136,31911,143495,19433,266225,8077,3863,4214
48110,298167,31914,143510,19436,266253,8077,3863,4214
48115,298198,31917,143522,19438,266280,8077,3863,4214
48120,298229,31920,143537,19440,266308,8077,3863,4214
48125,298260,31925,143551,19445,266335,8077,3863,4214
48130,298291,31929,143569,19447,266361,8077,3863,4214
48135,298322,31934,143579,19450,266387,8077,3863,4214
48140,298353,31939,143592,19451,266413,8077,3863,4214
48145,298384,31945,143609,19455,266439,8077,3863,4214
48150,298415,31950,143626,19458,266464,8077,3863,4214
48155,298446,31957,143644,19463,266488,8077,3863,4214
48160,298477,31963,143657,19466,266513,8077,3863,4214
48165,298508,31970,143670,19471,266538,8078,3864,4214
48170,298539,31975,143683,19472,266563,8079,3865,4214
48175,298570,31982,143702,19477,266586,8080,3865,4215
48180,298601,31987,143717,19480,266614,8081,3866,4215
48185,298632,31991,143732,19483,266640,8082,3867,4215
48190,298663,31994,143750,19485,266667,8083,3868,4215
48195,298694,31998,143762,19487,266695,8084,3868,4216
48200,298725,32001,143771,19489,266722,8085,3868,4217
48205,298756,32006,143785,19493,266750,8086,3869,4217
48210,298787,32008,143801,19494,266778,8087,3869,4218
48215,298818,32010,143818,19495,266808,8088,3870,4218
48220,298849,32012,143833,19497,266837,8089,3870,4219
48225,298880,32014,143849,19497,266866,8090,3871,4219
48230,298911,32016,143863,19498,266892,8091,3871,4220
48235,298942,32018,143876,19498,266923,8092,3872,4220
48240,298973,32020,143892,19498,266952,8093,3873,4220
48245,299004,32022,143905,19499,266982,8094,3873,4221
48250,299035,32024,143921,19501,267011,8095,3874,4221
48255,299066,32026,143930,19501,267040,8096,3874,4222
48260,299097,32028,143941,19501,267069,8097,3875,4222
48265,299128,32030,143955,19501,267098,8098,3876,4222
48270,299159,32032,143971,19502,267127,8099,3877,4222
48275,299190,32034,143985,19502,267156,8100,3878,4222
48280,299221,32036,143999,19503,267185,8101,3878,4223
48285,299252,32038,144014,19504,267214,8102,3879,4223
48290,299283,32041,144030,19506,267242,8103,3879,4224
48295,299314,32044,144047,19508,267269,8104,3880,4224
48300,299345,32048,144061,19510,267296,8105,3881,4224
48305,299376,32052,144083,19514,267323,8106,3882,4224
48310,299407,32056,144096,19515,267351,8107,3882,4225
48315,299438,32060,144108,19516,267378,8108,3882,4226
48320,299469,32064,144121,19518,267404,8109,3883,4226
48325,299500,32070,144134,19521,267430,8110,3883,4227
48330,299531,32075,144147,19523,267455,8111,3884,4227
48335,299562,32080,144166,19527,267482,8112,3885,4227
48340,299593,32084,144180,19528,267508,8113,3886,4227
48345,299624,32091,144194,19532,267532,8114,3887,4227
48350,299655,32099,144207,19537,267555,8115,3887,4228
48355,299686,32107,144223,19544,267577,8116,3887,4229
48360,299717,32115,144241,19552,267602,8117,3888,4229
48365,299748,32119,144254,19554,267629,8118,3888,4230
48370,299779,32122,144268,19555,267655,8119,3888,4231
48375,299810,32127,144282,19559,267683,8120,3889,4231
48380,299841,32129,144299,19560,267711,8121,3889,4232
48385,299872,32131,144314,19560,267741,8122,3889,4233
48390,299903,32133,144327,19561,267770,8123,3889,4234
48395,299934,32135,144343,19561,267799,8124,3890,4234
48400,299965,32137,144361,19561,267828,8125,3890,4235
48405,299996,32139,144374,19561,267857,8126,3891,4235
48410,300027,32141,144386,19561,267886,8127,3892,4235
48415,300058,32143,144399,19562,267914,8128,3892,4236
48420,300089,32145,144419,19563,267944,8129,3893,4236
48425,300120,32146,144426,19563,267974,8130,3894,4236
48430,300151,32147,144442,19563,268004,8131,3895,4236
48435,300182,32148,144453,19563,268033,8132,3895,4237
48440,300213,32149,144464,19563,268063,8133,3895,4238
48445,300244,32150,144477,19563,268094,8134,3896,4238
48450,300275,32151,144496,19563,268124,8135,3896,4239
48455,300306,32152,144511,19563,268154,8136,3896,4240
48460,300337,32153,144526,19564,268183,8137,3896,4241
48465,300368,32154,144545,19564,268214,8138,3897,4241
48470,300399,32156,144559,19565,268242,8139,3898,4241
48475,300430,32158,144572,19567,268271,8140,3899,4241
48480,300461,32160,144586,19567,268300,8141,3900,4241
48485,300492,32164,144601,19570,268327,8142,3900,4242
48490,300523,32169,144616,19572,268354,8143,3901,4242
48495,300554,32175,144630,19576,268377,8144,3902,4242
48500,300585,32183,144648,19583,268402,8145,3903,4242
48505,300616,32190,144661,19587,268424,8146,3904,4242
48510,300647,32197,144671,19593,268450,8147,3904,4243
48515,300678,32200,144690,19594,268476,8148,3905,4243
48520,300709,32205,144701,19598,268503,8149,3905,4244
48525,300740,32208,144717,19601,268531,8150,3905,4245
48530,300771,32211,144731,19603,268559,8151,3905,4246
48535,300802,32213,144743,19603,268589,8152,3906,4246
48540,300833,32215,144752,19604,268618,8153,3906,4247
48545,300864,32217,144763,19606,268647,8154,3906,4248
48550,300895,32219,144778,19608,268676,8155,3907,4248
48555,300926,32221,144795,19610,268705,8156,3908,4248
48560,300957,32223,144808,19611,268734,8157,3908,4249
48565,300988,32225,144818,19611,268763,8158,3908,4250
48570,301019,32227,144837,19612,268791,8159,3909,4250
48575,301050,32229,144852,19613,268820,8160,3910,4250
48580,301081,32231,144868,19614,268850,8161,3910,4251
48585,301112,32233,144883,19614,268879,8162,3910,4252
48590,301143,32235,144902,19615,268907,8163,3910,4253
48595,301174,32237,144920,19617,268937,8164,3911,4253
48600,301205,32239,144937,19618,268966,8165,3912,4253
48605,301236,32241,144956,19620,268995,8165,3912,4253
48610,301267,32243,144971,19620,269024,8165,3912,4253
48615,301298,32245,144985,19620,269053,8165,3912,4253
48620,301329,32248,144999,19621,269081,8165,3912,4253
48625,301360,32251,145015,19623,269109,8165,3912,4253
48630,301391,32254,145033,19625,269135,8165,3912,4253
48635,301422,32261,145047,19630,269161,8165,3912,4253
48640,301453,32266,145066,19633,269186,8165,3912,4253
48645,301484,32270,145081,19634,269214,8165,3912,4253
48650,301515,32275,145091,19637,269239,8165,3912,4253
48655,301546,32279,145105,19641,269266,8165,3912,4253
48660,301577,32285,145119,19646,269291,8165,3912,4253
48665,301608,32290,145130,19648,269318,8165,3912,4253
48670,301639,32295,145150,19652,269343,8165,3912,4253
48675,301670,32301,145165,19657,269369,8165,3912,4253
48680,301701,32306,145178,19658,269392,8165,3912,4253
48685,301732,32314,145193,19663,269418,8165,3912,4253
48690,301763,32320,145205,19666,269443,8165,3912,4253
48695,301794,32324,145218,19669,269470,8165,3912,4253
48700,301825,32327,145235,19670,269497,8165,3912,4253
48705,301856,32332,145252,19674,269523,8166,3912,4254
48710,301887,32336,145267,19677,269549,8167,3912,4255
48715,301918,32340,145276,19679,269577,8168,3913,4255
48720,301949,32344,145291,19681,269605,8169,3914,4255
48725,301980,32346,145309,19682,269634,8170,3915,4255
48730,302011,32348,145324,19684,269663,8171,3915,4256
48735,302042,32350,145335,19685,269692,8172,3916,4256
48740,302073,32352,145351,19686,269721,8173,3917,4256
48745,302104,32354,145364,19686,269750,8174,3917,4257
48750,302135,32356,145384,19687,269779,8175,3918,4257
48755,302166,32358,145401,19687,269808,8176,3919,4257
48760,302197,32360,145414,19688,269837,8177,3919,4258
48765,302228,32362,145422,19689,269866,8178,3919,4259
48770,302259,32364,145436,19691,269895,8179,3919,4260
48775,302290,32366,145454,19692,269924,8180,3920,4260
48780,302321,32368,145473,19693,269952,8181,3921,4260
48785,302352,32369,145492,19694,269983,8182,3921,4261
48790,302383,32370,145504,19694,270013,8183,3922,4261
48795,302414,32372,145521,19696,270041,8184,3923,4261
48800,302445,32375,145534,19699,270069,8185,3923,4262
48805,302476,32378,145551,19701,270097,8186,3923,4263
48810,302507,32381,145570,19704,270124,8187,3923,4264
48815,302538,32384,145586,19707,270151,8188,3923,4265
48820,302569,32388,145601,19710,270179,8189,3924,4265
48825,302600,32391,145610,19711,270209,8190,3925,4265
48830,302631,32394,145634,19714,270235,8191,3926,4265
48835,302662,32399,145645,19718,270261,8192,3926,4266
48840,302693,32404,145659,19721,270288,8193,3926,4267
48845,302724,32410,145670,19725,270314,8194,3926,4268
48850,302755,32412,145684,19726,270343,8195,3927,4268
48855,302786,32414,145695,19727,270372,8196,3927,4269
48860,302817,32416,145711,19729,270399,8197,3928,4269
48865,302848,32418,145728,19729,270429,8198,3928,4270
48870,302879,32420,145741,19730,270457,8199,3928,4271
48875,302910,32422,145758,19731,270487,8200,3928,4272
48880,302941,32425,145768,19733,270515,8201,3928,4273
48885,302972,32427,145788,19734,270544,8202,3929,4273
48890,303003,32431,145801,19737,270572,8203,3929,4274
48895,303034,32435,145818,19740,270597,8204,3929,4275
48900,303065,32441,145835,19745,270622,8205,3929,4276
48905,303096,32447,145854,19751,270649,8206,3930,4276
48910,303127,32452,145871,19755,270674,8207,3931,4276
48915,303158,32454,145884,19756,270704,8208,3931,4277
48920,303189,32456,145903,19757,270732,8209,3931,4278
48925,303220,32458,145915,19758,270762,8210,3931,4279
48930,303251,32460,145931,19760,270791,8211,3932,4279
48935,303282,32462,145940,19761,270819,8212,3932,4280
48940,303313,32464,145955,19762,270848,8213,3933,4280
48945,303344,32466,145972,19762,270878,8214,3934,4280
48950,303375,32469,145989,19763,270905,8215,3935,4280
48955,303406,32473,146004,19767,270932,8216,3935,4281
48960,303437,32477,146022,19769,270958,8217,3936,4281
48965,303468,32482,146037,19772,270985,8218,3936,4282
48970,303499,32486,146054,19774,271012,8219,3937,4282
48975,303530,32490,146065,19775,271039,8220,3937,4283
48980,303561,32494,146083,19776,271067,8221,3938,4283
48985,303592,32498,146100,19779,271092,8222,3939,4283
48990,303623,32503,146116,19783,271119,8223,3940,4283
48995,303654,32507,146130,19784,271145,8224,3941,4283
49000,303685,32512,146149,19788,271172,8225,3942,4283
49005,303716,32514,146161,19789,271199,8226,3943,4283
49010,303747,32516,146177,19791,271229,8227,3943,4284
49015,303778,32519,146190,19792,271257,8228,3944,4284
49020,303809,32522,146202,19792,271283,8229,3945,4284
49025,303840,32525,146219,19793,271313,8230,3946,4284
49030,303871,32528,146234,19795,271342,8231,3946,4285
49035,303902,32532,146252,19799,271370,8232,3947,4285
49040,303933,32535,146271,19801,271398,8233,3947,4286
49045,303964,32539,146289,19803,271425,8234,3947,4287
49050,303995,32542,146300,19804,271453,8235,3947,4288
49055,304026,32545,146315,19805,271480,8236,3948,4288
49060,304057,32549,146326,19806,271507,8237,3948,4289
49065,304088,32553,146340,19809,271534,8238,3948,4290
49070,304119,32557,146353,19812,271561,8239,3949,4290
49075,304150,32562,146370,19817,271586,8240,3949,4291
49080,304181,32567,146385,19819,271612,8241,3949,4292
49085,304212,32571,146399,19822,271641,8242,3950,4292
49090,304243,32573,146412,19822,271669,8243,3951,4292
49095,304274,32575,146424,19823,271699,8244,3952,4292
49100,304305,32577,146436,19824,271728,8245,3952,4293
49105,304336,32579,146451,19825,271756,8246,3952,4294
49110,304367,32583,146464,19828,271784,8247,3952,4295
49115,304398,32586,146476,19829,271812,8248,3952,4296
49120,304429,32589,146488,19830,271840,8249,3952,4297
49125,304460,32593,146505,19831,271866,8250,3953,4297
49130,304491,32599,146524,19837,271891,8251,3953,4298
49135,304522,32606,146538,19842,271914,8252,3953,4299
49140,304553,32613,146552,19848,271937,8253,3954,4299
49145,304584,32617,146568,19850,271967,8254,3954,4300
49150,304615,32619,146582,19851,271994,8255,3954,4301
49155,304646,32621,146597,19853,272025,8256,3954,4302
49160,304677,32623,146610,19853,272052,8257,3954,4303
49165,304708,32625,146629,19855,272081,8258,3954,4304
49170,304739,32627,146643,19855,272111,8259,3954,4305
49175,304770,32629,146661,19856,272140,8260,3955,4305
49180,304801,32631,146679,19858,272168,8261,3956,4305
49185,304832,32634,146697,19860,272197,8262,3957,4305
49190,304863,32637,146708,19862,272226,8263,3958,4305
49195,304894,32640,146723,19862,272254,8264,3959,4305
49200,304925,32643,146735,19863,272282,8265,3960,4305
49205,304956,32646,146755,19866,272309,8265,3960,4305
49210,304987,32649,146765,19867,272338,8265,3960,4305
49215,305018,32654,146777,19869,272363,8265,3960,4305
49220,305049,32659,146793,19873,272390,8265,3960,4305
49225,305080,32664,146806,19876,272415,8265,3960,4305
49230,305111,32668,146818,19878,272442,8265,3960,4305
49235,305142,32673,146833,19883,272469,8265,3960,4305
49240,305173,32676,146850,19885,272497,8265,3960,4305
49245,305204,32680,146867,19888,272524,8265,3960,4305
49250,305235,32683,146880,19888,272552,8265,3960,4305
49255,305266,32687,146892,19889,272578,8265,3960,4305
49260,305297,32692,146910,19894,272604,8265,3960,4305
49265,305328,32696,146927,19897,272632,8265,3960,4305
49270,305359,32700,146944,19900,272657,8265,3960,4305
49275,305390,32706,146958,19904,272682,8265,3960,4305
49280,305421,32711,146972,19907,272708,8265,3960,4305
49285,305452,32716,146990,19910,272733,8265,3960,4305
49290,305483,32722,147007,19913,272761,8265,3960,4305
49295,305514,32724,147022,19915,272789,8265,3960,4305
49300,305545,32726,147034,19915,272819,8265,3960,4305
49305,305576,32728,147052,19917,272846,8266,3961,4305
49310,305607,32730,147068,19918,272876,8267,3961,4306
49315,305638,32732,147084,19919,272905,8268,3962,4306
49320,305669,32734,147096,19919,272934,8269,3963,4306
49325,305700,32735,147104,19920,272964,8270,3963,4307
49330,305731,32736,147120,19920,272994,8271,3963,4308
49335,305762,32737,147136,19920,273024,8272,3964,4308
49340,305793,32738,147152,19920,273055,8273,3964,4309
49345,305824,32739,147171,19921,273084,8274,3965,4309
49350,305855,32740,147185,19921,273115,8275,3966,4309
49355,305886,32741,147201,19922,273145,8276,3966,4310
49360,305917,32742,147216,19923,273175,8277,3966,4311
49365,305948,32744,147230,19923,273204,8278,3967,4311
49370,305979,32746,147246,19925,273233,8279,3967,4312
49375,306010,32748,147262,19926,273262,8280,3968,4312
49380,306041,32750,147278,19927,273291,8281,3969,4312
49385,306072,32752,147293,19928,273320,8282,3970,4312
49390,306103,32754,147309,19930,273349,8283,3971,4312
49395,306134,32759,147323,19933,273373,8284,3971,4313
49400,306165,32764,147333,19936,273400,8285,3971,4314
49405,306196,32769,147349,19940,273427,8286,3972,4314
49410,306227,32774,147368,19943,273451,8287,3972,4315
49415,306258,32781,147382,19948,273477,8288,3973,4315
49420,306289,32785,147397,19950,273503,8289,3974,4315
49425,306320,32792,147412,19955,273527,8290,3975,4315
49430,306351,32800,147422,19960,273551,8291,3975,4316
49435,306382,32805,147431,19963,273574,8292,3975,4317
49440,306413,32813,147447,19969,273598,8293,3975,4318
49445,306444,32816,147462,19971,273628,8294,3976,4318
49450,306475,32818,147475,19973,273656,8295,3976,4319
49455,306506,32820,147493,19974,273683,8296,3976,4320
49460,306537,32822,147508,19975,273715,8297,3977,4320
49465,306568,32824,147525,19976,273743,8298,3978,4320
49470,306599,32826,147538,19977,273773,8299,3978,4321
49475,306630,32828,147552,19978,273802,8300,3978,4322
49480,306661,32830,147567,19978,273830,8301,3979,4322
49485,306692,32832,147586,19980,273859,8302,3979,4323
49490,306723,32834,147603,19982,273889,8303,3980,4323
49495,306754,32836,147623,19984,273917,8304,3981,4323
49500,306785,32838,147641,19984,273947,8305,3981,4324
49505,306816,32840,147655,19985,273976,8306,3982,4324
49510,306847,32842,147671,19987,274005,8307,3982,4325
49515,306878,32844,147683,19987,274034,8308,3983,4325
49520,306909,32846,147699,19989,274063,8309,3983,4326
49525,306940,32848,147715,19990,274092,8310,3984,4326
49530,306971,32850,147730,19990,274121,8311,3985,4326
49535,307002,32852,147750,19992,274150,8312,3985,4327
49540,307033,32854,147764,19992,274179,8313,3985,4328
49545,307064,32856,147783,19993,274208,8314,3985,4329
49550,307095,32859,147794,19995,274236,8315,3985,4330
49555,307126,32863,147811,19998,274262,8316,3986,4330
49560,307157,32868,147826,20002,274288,8317,3986,4331
49565,307188,32873,147844,20005,274313,8318,3986,4332
49570,307219,32882,147862,20013,274336,8319,3986,4333
49575,307250,32893,147879,20022,274355,8320,3987,4333
49580,307281,32899,147891,20025,274382,8321,3987,4334
49585,307312,32903,147905,20026,274409,8322,3987,4335
49590,307343,32907,147925,20027,274436,8323,3987,4336
49595,307374,32910,147941,20028,274464,8324,3988,4336
49600,307405,32914,147955,20030,274491,8325,3989,4336
49605,307436,32918,147970,20033,274518,8326,3990,4336
49610,307467,32922,147982,20034,274545,8327,3990,4337
49615,307498,32925,147993,20036,274572,8328,3991,4337
49620,307529,32929,148009,20038,274598,8329,3992,4337
49625,307560,32933,148025,20039,274626,8330,3992,4338
49630,307591,32936,148033,20039,274655,8331,3993,4338
49635,307622,32939,148045,20041,274683,8332,3994,4338
49640,307653,32941,148057,20042,274711,8333,3995,4338
49645,307684,32943,148076,20044,274740,8334,3996,4338
49650,307715,32945,148090,20045,274768,8335,3996,4339
49655,307746,32947,148107,20047,274798,8336,3996,4340
49660,307777,32949,148123,20049,274828,8337,3997,4340
49665,307808,32951,148135,20050,274857,8338,3997,4341
49670,307839,32953,148147,20051,274886,8339,3997,4342
49675,307870,32955,148161,20051,274915,8340,3998,4342
49680,307901,32957,148174,20051,274944,8341,3998,4343
49685,307932,32959,148191,20053,274973,8342,3998,4344
49690,307963,32962,148209,20055,275000,8343,3998,4345
49695,307994,32967,148222,20058,275026,8344,3998,4346
49700,308025,32973,148238,20061,275051,8345,3999,4346
49705,308056,32978,148259,20065,275077,8346,4000,4346
49710,308087,32985,148274,20069,275101,8347,4000,4347
49715,308118,32992,148291,20075,275125,8348,4000,4348
49720,308149,32994,148310,20077,275154,8349,4000,4349
49725,308180,32996,148321,20077,275183,8350,4000,4350
49730,308211,32998,148337,20077,275213,8351,4000,4351
49735,308242,33002,148353,20081,275240,8352,4001,4351
49740,308273,33006,148370,20082,275266,8353,4001,4352
49745,308304,33008,148384,20083,275296,8354,4002,4352
49750,308335,33010,148403,20084,275325,8355,4003,4352
49755,308366,33012,148418,20086,275354,8356,4003,4353
49760,308397,33014,148429,20086,275383,8357,4003,4354
49765,308428,33016,148444,20087,275412,8358,4004,4354
49770,308459,33018,148461,20088,275440,8359,4005,4354
49775,308490,33020,148477,20089,275470,8360,4006,4354
49780,308521,33022,148495,20091,275499,8361,4007,4354
49785,308552,33024,148513,20093,275527,8362,4007,4355
49790,308583,33026,148529,20094,275556,8363,4007,4356
49795,308614,33029,148543,20095,275585,8364,4008,4356
49800,308645,33032,148555,20097,275613,8365,4008,4357
49805,308676,33034,148569,20097,275641,8365,4008,4357
49810,308707,33036,148584,20098,275671,8365,4008,4357
49815,308738,33038,148597,20098,275699,8365,4008,4357
49820,308769,33040,148618,20100,275729,8365,4008,4357
49825,308800,33044,148634,20104,275754,8365,4008,4357
49830,308831,33049,148647,20109,275780,8365,4008,4357
49835,308862,33053,148661,20111,275807,8365,4008,4357
49840,308893,33059,148673,20115,275833,8365,4008,4357
49845,308924,33062,148690,20116,275861,8365,4008,4357
49850,308955,33066,148700,20118,275888,8365,4008,4357
49855,308986,33070,148713,20121,275914,8365,4008,4357
49860,309017,33076,148730,20125,275939,8365,4008,4357
49865,309048,33083,148746,20132,275964,8365,4008,4357
49870,309079,33088,148758,20136,275989,8365,4008,4357
49875,309110,33092,148775,20138,276018,8365,4008,4357
49880,309141,33094,148792,20140,276047,8365,4008,4357
49885,309172,33096,148803,20140,276075,8365,4008,4357
49890,309203,33098,148813,20141,276104,8365,4008,4357
49895,309234,33100,148828,20142,276134,8365,4008,4357
49900,309265,33102,148848,20142,276163,8365,4008,4357
49905,309296,33104,148861,20143,276192,8366,4009,4357
49910,309327,33106,148879,20145,276221,8367,4010,4357
49915,309358,33108,148893,20146,276250,8368,4011,4357
49920,309389,33110,148908,20147,276278,8369,4011,4358
49925,309420,33112,148925,20149,276308,8370,4011,4359
49930,309451,33114,148936,20149,276337,8371,4011,4360
49935,309482,33116,148951,20150,276366,8372,4011,4361
49940,309513,33118,148964,20151,276395,8373,4011,4362
49945,309544,33121,148986,20154,276423,8374,4011,4363
49950,309575,33124,149005,20157,276451,8375,4012,4363
49955,309606,33127,149025,20158,276479,8376,4013,4363
49960,309637,33130,149038,20160,276507,8377,4014,4363
49965,309668,33133,149054,20161,276534,8378,4014,4364
49970,309699,33136,149069,20163,276562,8379,4015,4364
49975,309730,33139,149085,20165,276590,8380,4016,4364
49980,309761,33143,149100,20166,276616,8381,4016,4365
49985,309792,33148,149110,20168,276644,8382,4017,4365
49990,309823,33154,149128,20172,276668,8383,4018,4365
49995,309854,33159,149141,20174,276695,8384,4019,4365
50000,309885,33165,149153,20178,276718,8385,4019,4366
50005,309916,33171,149165,20183,276745,8386,4020,4366
50010,309947,33177,149178,20187,276770,8387,4021,4366
50015,309978,33181,149188,20189,276797,8388,4022,4366
50020,310009,33188,149201,20193,276821,8389,4022,4367
50025,310040,33195,149215,20197,276845,8390,4022,4368
50030,310071,33201,149230,20199,276868,8391,4022,4369
50035,310102,33208,149245,20206,276894,8392,4022,4370
50040,310133,33214,149263,20211,276919,8393,4023,4370
50045,310164,33218,149279,20215,276946,8394,4023,4371
50050,310195,33220,149292,20215,276974,8395,4023,4372
50055,310226,33222,149304,20216,277004,8396,4024,4372
50060,310257,33224,149322,20218,277033,8397,4025,4372
50065,310288,33226,149337,20218,277062,8398,4026,4372
50070,310319,33228,149349,20219,277091,8399,4027,4372
50075,310350,33230,149361,20220,277120,8400,4027,4373
50080,310381,33232,149371,20221,277149,8401,4027,4374
50085,310412,33234,149385,20222,277178,8402,4027,4375
50090,310443,33236,149400,20223,277207,8403,4027,4376
50095,310474,33238,149419,20225,277236,8404,4028,4376
50100,310505,33240,149436,20226,277265,8405,4028,4377
50105,310536,33242,149453,20227,277293,8406,4028,4378
50110,310567,33244,149468,20229,277323,8407,4028,4379
50115,310598,33246,149485,20230,277351,8408,4029,4379
50120,310629,33248,149501,20232,277381,8409,4029,4380
50125,310660,33250,149517,20233,277410,8410,4030,4380
50130,310691,33252,149532,20235,277439,8411,4030,4381
50135,310722,33254,149547,20236,277467,8412,4031,4381
50140,310753,33257,149562,20238,277496,8413,4031,4382
50145,310784,33260,149575,20238,277523,8414,4031,4383
50150,310815,33263,149590,20240,277552,8415,4032,4383
50155,310846,33266,149602,20242,277579,8416,4032,4384
50160,310877,33271,149616,20245,277606,8417,4032,4385
50165,310908,33277,149633,20247,277629,8418,4032,4386
50170,310939,33284,149651,20251,277653,8419,4032,4387
50175,310970,33292,149666,20257,277677,8420,4032,4388
50180,311001,33299,149687,20263,277701,8421,4032,4389
50185,311032,33307,149698,20270,277725,8422,4032,4390
50190,311063,33313,149711,20274,277750,8423,4033,4390
50195,311094,33316,149727,20276,277778,8424,4034,4390
50200,311125,33320,149745,20279,277805,8425,4034,4391
50205,311156,33323,149758,20280,277833,8426,4034,4392
50210,311187,33326,149774,20281,277861,8427,4035,4392
50215,311218,33332,149789,20284,277885,8428,4036,4392
50220,311249,33337,149808,20287,277911,8429,4037,4392
50225,311280,33340,149823,20290,277939,8430,4037,4393
50230,311311,33342,149837,20290,277968,8431,4037,4394
50235,311342,33344,149847,20290,277998,8432,4037,4395
50240,311373,33346,149860,20290,278026,8433,4037,4396
50245,311404,33348,149878,20291,278055,8434,4038,4396
50250,311435,33350,149890,20292,278084,8435,4039,4396
50255,311466,33352,149903,20293,278114,8436,4039,4397
50260,311497,33354,149914,20294,278142,8437,4040,4397
50265,311528,33356,149930,20295,278171,8438,4041,4397
50270,311559,33358,149942,20297,278200,8439,4041,4398
50275,311590,33360,149962,20299,278228,8440,4041,4399
50280,311621,33362,149979,20300,278259,8441,4042,4399
50285,311652,33363,149998,20301,278289,8442,4042,4400
50290,311683,33364,150012,20301,278319,8443,4042,4401
50295,311714,33365,150029,20301,278349,8444,4042,4402
50300,311745,33367,150043,20302,278377,8445,4042,4403
50305,311776,33370,150060,20305,278405,8446,4043,4403
50310,311807,33373,150082,20308,278433,8447,4043,4404
50315,311838,33376,150094,20310,278461,8448,4043,4405
50320,311869,33381,150107,20314,278488,8449,4043,4406
50325,311900,33383,150125,20315,278515,8450,4043,4407
50330,311931,33390,150142,20320,278539,8451,4044,4407
50335,311962,33395,150158,20323,278565,8452,4045,4407
50340,311993,33401,150179,20328,278592,8453,4046,4407
50345,312024,33403,150193,20329,278621,8454,4046,4408
50350,312055,33405,150211,20329,278650,8455,4047,4408
50355,312086,33407,150226,20329,278679,8456,4047,4409
50360,312117,33410,150243,20330,278707,8457,4048,4409
50365,312148,33413,150259,20333,278735,8458,4048,4410
50370,312179,33416,150272,20334,278761,8459,4048,4411
50375,312210,33421,150289,20338,278787,8460,4048,4412
50380,312241,33427,150300,20344,278813,8461,4048,4413
50385,312272,33432,150318,20347,278839,8462,4048,4414
50390,312303,33434,150333,20348,278867,8463,4049,4414
50395,312334,33436,150351,20349,278896,8464,4049,4415
50400,312365,33438,150368,20349,278926,8465,4049,4416
50405,312396,33440,150376,20350,278956,8465,4049,4416
50410,312427,33442,150388,20350,278985,8465,4049,4416
50415,312458,33444,150405,20350,279014,8465,4049,4416
50420,312489,33446,150421,20352,279043,8465,4049,4416
50425,312520,33448,150434,20354,279072,8465,4049,4416
50430,312551,33450,150447,20355,279101,8465,4049,4416
50435,312582,33452,150462,20356,279130,8465,4049,4416
50440,312613,33454,150473,20356,279159,8465,4049,4416
50445,312644,33457,150488,20357,279185,8465,4049,4416
50450,312675,33461,150500,20360,279212,8465,4049,4416
50455,312706,33465,150513,20362,279240,8465,4049,4416
50460,312737,33468,150527,20365,279268,8465,4049,4416
50465,312768,33471,150538,20366,279296,8465,4049,4416
50470,312799,33475,150558,20369,279324,8465,4049,4416
50475,312830,33479,150576,20372,279351,8465,4049,4416
50480,312861,33482,150591,20375,279377,8465,4049,4416
50485,312892,33487,150603,20378,279404,8465,4049,4416
50490,312923,33492,150620,20381,279430,8465,4049,4416
50495,312954,33498,150631,20385,279456,8465,4049,4416
50500,312985,33503,150648,20389,279481,8465,4049,4416
50505,313016,33509,150662,20392,279507,8466,4050,4416
50510,313047,33513,150675,20394,279533,8467,4051,4416
50515,313078,33518,150689,20398,279560,8468,4052,4416
50520,313109,33523,150707,20402,279583,8469,4053,4416
50525,313140,33528,150721,20405,279609,8470,4054,4416
50530,313171,33535,150736,20411,279636,8471,4055,4416
50535,313202,33538,150751,20413,279664,8472,4056,4416
50540,313233,33540,150764,20414,279693,8473,4056,4417
50545,313264,33542,150780,20414,279722,8474,4057,4417
50550,313295,33544,150799,20415,279751,8475,4057,4418
50555,313326,33546,150814,20417,279780,8476,4057,4419
50560,313357,33548,150830,20418,279809,8477,4058,4419
50565,313388,33550,150848,20419,279838,8478,4058,4420
50570,313419,33552,150858,20419,279867,8479,4058,4421
50575,313450,33554,150873,20421,279895,8480,4058,4422
50580,313481,33556,150890,20423,279923,8481,4059,4422
50585,313512,33558,150907,20423,279954,8482,4059,4423
50590,313543,33560,150927,20424,279982,8483,4059,4424
50595,313574,33562,150939,20426,280012,8484,4059,4425
50600,313605,33564,150955,20427,280041,8485,4060,4425
50605,313636,33566,150972,20428,280069,8486,4060,4426
50610,313667,33569,150983,20431,280098,8487,4060,4427
50615,313698,33573,151003,20433,280124,8488,4061,4427
50620,313729,33577,151013,20434,280152,8489,4062,4427
50625,313760,33580,151026,20436,280180,8490,4062,4428
50630,313791,33583,151042,20437,280207,8491,4063,4428
50635,313822,33586,151056,20439,280235,8492,4063,4429
50640,313853,33590,151076,20442,280262,8493,4063,4430
50645,313884,33594,151093,20444,280290,8494,4064,4430
50650,313915,33599,151109,20447,280316,8495,4064,4431
50655,313946,33603,151125,20449,280343,8496,4065,4431
50660,313977,33609,151139,20452,280368,8497,4065,4432
50665,314008,33616,151156,20458,280392,8498,4065,4433
50670,314039,33620,151165,20460,280419,8499,4066,4433
50675,314070,33627,151183,20465,280443,8500,4067,4433
50680,314101,33633,151195,20468,280468,8501,4068,4433
50685,314132,33638,151211,20472,280494,8502,4069,4433
50690,314163,33645,151229,20477,280518,8503,4070,4433
50695,314194,33648,151241,20479,280546,8504,4070,4434
50700,314225,33651,151254,20480,280574,8505,4070,4435
50705,314256,33654,151267,20483,280602,8506,4071,4435
50710,314287,33656,151285,20484,280631,8507,4072,4435
50715,314318,33660,151302,20486,280658,8508,4073,4435
50720,314349,33662,151317,20488,280687,8509,4073,4436
50725,314380,33664,151328,20488,280716,8510,4073,4437
50730,314411,33667,151345,20490,280744,8511,4073,4438
50735,314442,33669,151360,20491,280773,8512,4074,4438
50740,314473,33672,151373,20493,280801,8513,4074,4439
50745,314504,33674,151387,20494,280829,8514,4075,4439
50750,314535,33675,151402,20495,280858,8515,4075,4440
50755,314566,33676,151418,20496,280888,8516,4076,4440
50760,314597,33677,151431,20497,280920,8517,4077,4440
50765,314628,33678,151442,20498,280949,8518,4077,4441
50770,314659,33679,151457,20498,280980,8519,4077,4442
50775,314690,33680,151471,20498,281010,8520,4077,4443
50780,314721,33681,151487,20499,281040,8521,4078,4443
50785,314752,33682,151504,20499,281070,8522,4079,4443
50790,314783,33683,151525,20500,281099,8523,4079,4444
50795,314814,33684,151544,20501,281130,8524,4080,4444
50800,314845,33687,151559,20504,281157,8525,4080,4445
50805,314876,33691,151570,20507,281184,8526,4081,4445
50810,314907,33696,151586,20511,281211,8527,4081,4446
50815,314938,33701,151598,20514,281236,8528,4082,4446
50820,314969,33708,151617,20518,281261,8529,4083,4446
50825,315000,33713,151632,20521,281287,8530,4084,4446
50830,315031,33715,151649,20521,281316,8531,4084,4447
50835,315062,33717,151660,20522,281345,8532,4084,4448
50840,315093,33719,151677,20524,281374,8533,4084,4449
50845,315124,33721,151699,20525,281403,8534,4085,4449
50850,315155,33724,151713,20525,281431,8535,4086,4449
50855,315186,33727,151727,20526,281459,8536,4086,4450
50860,315217,33730,151740,20526,281487,8537,4087,4450
50865,315248,33733,151751,20526,281514,8538,4088,4450
50870,315279,33736,151770,20526,281542,8539,4088,4451
50875,315310,33740,151790,20529,281570,8540,4089,4451
50880,315341,33743,151806,20531,281598,8541,4089,4452
50885,315372,33746,151820,20532,281626,8542,4089,4453
50890,315403,33749,151835,20533,281654,8543,4089,4454
50895,315434,33752,151852,20536,281682,8544,4090,4454
50900,315465,33755,151865,20538,281710,8545,4090,4455
50905,315496,33758,151878,20539,281738,8546,4090,4456
50910,315527,33761,151899,20542,281766,8547,4091,4456
50915,315558,33765,151918,20545,281793,8548,4091,4457
50920,315589,33770,151932,20550,281818,8549,4092,4457
50925,315620,33775,151944,20553,281844,8550,4092,4458
50930,315651,33780,151956,20556,281871,8551,4092,4459
50935,315682,33787,151969,20559,281894,8552,4092,4460
50940,315713,33794,151984,20565,281917,8553,4093,4460
50945,315744,33798,151997,20569,281945,8553,4093,4460
50950,315775,33801,152013,20570,281974,8553,4093,4460
50955,315806,33804,152026,20570,282001,8553,4093,4460
50960,315837,33807,152039,20572,282030,8553,4093,4460
50965,315868,33810,152051,20573,282057,8553,4093,4460
50970,315899,33815,152057,20575,282084,8553,4093,4460
50975,315930,33819,152077,20579,282109,8553,4093,4460
50980,315961,33823,152088,20580,282137,8553,4093,4460
50985,315992,33826,152098,20581,282165,8553,4093,4460
50990,316023,33834,152115,20587,282187,8553,4093,4460
50995,316054,33840,152130,20593,282213,8553,4093,4460
51000,316085,33842,152145,20593,282243,8553,4093,4460
51005,316116,33844,152160,20594,282272,8553,4093,4460
51010,316147,33846,152175,20595,282301,8553,4093,4460
51015,316178,33848,152186,20596,282330,8553,4093,4460
51020,316209,33850,152198,20598,282359,8553,4093,4460
51025,316240,33852,152211,20598,282388,8553,4093,4460
51030,316271,33854,152224,20598,282417,8553,4093,4460
51035,316302,33856,152234,20599,282446,8553,4093,4460
51040,316333,33858,152247,20601,282475,8553,4093,4460
51045,316364,33860,152267,20603,282504,8554,4093,4461
51050,316395,33862,152285,20603,282533,8555,4093,4462
51055,316426,33866,152294,20604,282559,8556,4093,4463
51060,316457,33870,152312,20605,282586,8557,4093,4464
51065,316488,33874,152327,20607,282613,8558,4094,4464
51070,316519,33877,152341,20608,282641,8559,4094,4465
51075,316550,33882,152353,20612,282668,8560,4094,4466
51080,316581,33886,152371,20614,282695,8561,4095,4466
51085,316612,33890,152386,20615,282722,8562,4096,4466
51090,316643,33893,152398,20618,282750,8563,4096,4467
51095,316674,33898,152413,20623,282776,8564,4096,4468
51100,316705,33903,152427,20627,282800,8565,4097,4468
51105,316736,33909,152440,20631,282827,8566,4098,4468
51110,316767,33914,152458,20636,282850,8567,4098,4469
51115,316798,33918,152475,20640,282880,8568,4098,4470
51120,316829,33923,152489,20643,282905,8569,4099,4470
51125,316860,33926,152506,20644,282932,8570,4100,4470
51130,316891,33929,152520,20645,282961,8571,4100,4471
51135,316922,33931,152537,20645,282988,8572,4100,4472
51140,316953,33940,152554,20653,283012,8573,4101,4472
51145,316984,33944,152569,20655,283039,8574,4101,4473
51150,317015,33945,152582,20656,283070,8575,4101,4474
51155,317046,33946,152597,20657,283100,8576,4101,4475
51160,317077,33947,152612,20657,283130,8577,4102,4475
51165,317108,33948,152624,20657,283160,8578,4102,4476
51170,317139,33949,152632,20657,283190,8579,4103,4476
51175,317170,33950,152645,20657,283220,8580,4103,4477
51180,317201,33951,152663,20657,283249,8581,4104,4477
51185,317232,33952,152676,20657,283280,8582,4104,4478
51190,317263,33953,152691,20658,283310,8583,4105,4478
51195,317294,33954,152711,20658,283340,8584,4105,4479
51200,317325,33955,152728,20659,283370,8585,4105,4480
51205,317356,33956,152740,20659,283400,8586,4105,4481
51210,317387,33957,152756,20659,283430,8587,4105,4482
51215,317418,33958,152768,20659,283460,8588,4105,4483
51220,317449,33961,152781,20661,283488,8589,4106,4483
51225,317480,33964,152792,20664,283516,8590,4107,4483
51230,317511,33968,152807,20667,283543,8591,4107,4484
51235,317542,33973,152824,20670,283569,8592,4107,4485
51240,317573,33977,152834,20672,283596,8593,4107,4486
51245,317604,33980,152848,20673,283624,8594,4107,4487
51250,317635,33983,152860,20675,283652,8595,4107,4488
51255,317666,33990,152875,20680,283675,8596,4108,4488
51260,317697,33999,152893,20686,283697,8597,4108,4489
51265,317728,34005,152911,20690,283720,8598,4109,4489
51270,317759,34013,152918,20694,283745,8599,4110,4489
51275,317790,34019,152932,20699,283770,8600,4111,4489
51280,317821,34023,152948,20701,283797,8601,4112,4489
51285,317852,34028,152960,20705,283824,8602,4112,4490
51290,317883,34030,152974,20707,283853,8603,4113,4490
51295,317914,34032,152987,20708,283881,8604,4113,4491
51300,317945,34034,153005,20708,283907,8605,4114,4491
51305,317976,34036,153015,20708,283940,8606,4114,4492
51310,318007,34038,153030,20710,283968,8607,4115,4492
51315,318038,34040,153042,20711,283998,8608,4116,4492
51320,318069,34042,153056,20712,284027,8609,4117,4492
51325,318100,34044,153070,20714,284056,8610,4117,4493
51330,318131,34046,153087,20714,284085,8611,4118,4493
51335,318162,34048,153097,20714,284114,8612,4118,4494
51340,318193,34050,153107,20716,284143,8613,4119,4494
51345,318224,34052,153119,20717,284172,8614,4120,4494
51350,318255,34054,153136,20718,284201,8615,4120,4495
51355,318286,34056,153153,20719,284230,8616,4121,4495
51360,318317,34058,153163,20719,284259,8617,4122,4495
51365,318348,34060,153182,20721,284288,8618,4123,4495
51370,318379,34062,153200,20721,284317,8619,4123,4496
51375,318410,34064,153214,20722,284346,8620,4123,4497
51380,318441,34067,153228,20725,284374,8621,4123,4498
51385,318472,34070,153241,20725,284402,8622,4124,4498
51390,318503,34073,153258,20726,284430,8623,4125,4498
51395,318534,34077,153268,20728,284457,8624,4126,4498
51400,318565,34082,153284,20729,284483,8625,4127,4498
51405,318596,34088,153300,20733,284508,8626,4127,4499
51410,318627,34094,153314,20738,284533,8627,4128,4499
51415,318658,34099,153334,20743,284557,8628,4129,4499
51420,318689,34109,153347,20751,284580,8629,4129,4500
51425,318720,34116,153364,20756,284603,8630,4130,4500
51430,318751,34124,153376,20762,284626,8631,4130,4501
51435,318782,34130,153388,20767,284651,8632,4131,4501
51440,318813,34135,153401,20769,284677,8633,4132,4501
51445,318844,34140,153418,20772,284704,8634,4133,4501
51450,318875,34142,153434,20774,284731,8635,4133,4502
51455,318906,34144,153451,20775,284761,8636,4134,4502
51460,318937,34146,153468,20777,284790,8637,4135,4502
51465,318968,34148,153481,20778,284819,8638,4135,4503
51470,318999,34150,153495,20778,284849,8639,4135,4504
51475,319030,34152,153508,20778,284877,8640,4136,4504
51480,319061,34154,153526,20780,284906,8641,4137,4504
51485,319092,34156,153545,20780,284933,8641,4137,4504
51490,319123,34158,153562,20781,284965,8641,4137,4504
51495,319154,34160,153580,20783,284993,8641,4137,4504
51500,319185,34162,153595,20785,285023,8641,4137,4504
51505,319216,34164,153612,20786,285052,8641,4137,4504
51510,319247,34166,153623,20787,285081,8641,4137,4504
51515,319278,34168,153635,20787,285110,8641,4137,4504
51520,319309,34170,153647,20788,285139,8641,4137,4504
51525,319340,34172,153666,20790,285168,8641,4137,4504
51530,319371,34174,153678,20791,285197,8641,4137,4504
51535,319402,34176,153688,20792,285226,8641,4137,4504
51540,319433,34179,153702,20795,285254,8641,4137,4504
51545,319464,34181,153721,20796,285283,8641,4137,4504
51550,319495,34183,153742,20798,285312,8641,4137,4504
51555,319526,34187,153755,20799,285338,8641,4137,4504
51560,319557,34191,153770,20800,285366,8641,4137,4504
51565,319588,34195,153791,20803,285392,8641,4137,4504
51570,319619,34201,153808,20807,285417,8641,4137,4504
51575,319650,34207,153824,20812,285442,8641,4137,4504
51580,319681,34212,153840,20816,285467,8641,4137,4504
51585,319712,34218,153854,20822,285494,8642,4137,4505
51590,319743,34222,153868,20825,285521,8643,4137,4506
51595,319774,34226,153884,20827,285548,8644,4138,4506
51600,319805,34230,153900,20831,285572,8645,4138,4507
51605,319836,34236,153918,20837,285597,8646,4139,4507
51610,319867,34238,153931,20838,285628,8647,4139,4508
51615,319898,34239,153939,20838,285658,8648,4139,4509
51620,319929,34240,153955,20838,285688,8649,4140,4509
51625,319960,34241,153970,20838,285718,8650,4141,4509
51630,319991,34242,153986,20839,285748,8651,4141,4510
51635,320022,34243,154007,20840,285778,8652,4142,4510
51640,320053,34244,154022,20840,285809,8653,4143,4510
51645,320084,34245,154039,20840,285837,8654,4143,4511
51650,320115,34247,154056,20840,285867,8655,4143,4512
51655,320146,34249,154071,20841,285897,8656,4143,4513
51660,320177,34251,154086,20842,285925,8657,4144,4513
51665,320208,34253,154102,20843,285955,8658,4144,4514
51670,320239,34255,154121,20844,285984,8659,4144,4515
51675,320270,34257,154135,20845,286013,8660,4144,4516
51680,320301,34259,154149,20845,286041,8661,4144,4517
51685,320332,34261,154168,20847,286071,8662,4145,4517
51690,320363,34264,154182,20848,286098,8663,4146,4517
51695,320394,34268,154202,20851,286125,8664,4147,4517
51700,320425,34273,154219,20855,286151,8665,4148,4517
51705,320456,34278,154239,20858,286177,8666,4149,4517
51710,320487,34282,154255,20860,286204,8667,4150,4517
51715,320518,34288,154279,20865,286228,8668,4151,4517
51720,320549,34294,154297,20870,286253,8669,4151,4518
51725,320580,34301,154311,20876,286278,8670,4152,4518
51730,320611,34305,154330,20878,286306,8671,4153,4518
51735,320642,34308,154345,20880,286334,8672,4154,4518
51740,320673,34311,154355,20882,286362,8673,4154,4519
51745,320704,34314,154366,20882,286390,8674,4154,4520
51750,320735,34317,154380,20884,286418,8675,4155,4520
51755,320766,34320,154393,20886,286446,8676,4155,4521
51760,320797,34324,154409,20887,286473,8677,4156,4521
51765,320828,34327,154424,20888,286501,8678,4157,4521
51770,320859,34331,154438,20890,286526,8679,4158,4521
51775,320890,34336,154450,20894,286553,8680,4158,4522
51780,320921,34342,154463,20899,286578,8681,4159,4522
51785,320952,34350,154482,20907,286601,8682,4160,4522
51790,320983,34352,154497,20909,286628,8683,4161,4522
51795,321014,34354,154507,20910,286660,8684,4161,4523
51800,321045,34356,154526,20912,286688,8685,4161,4524
51805,321076,34358,154543,20914,286716,8686,4162,4524
51810,321107,34360,154561,20916,286745,8687,4162,4525
51815,321138,34362,154574,20917,286774,8688,4163,4525
51820,321169,34364,154589,20918,286803,8689,4164,4525
51825,321200,34366,154603,20919,286832,8690,4164,4526
51830,321231,34368,154617,20921,286863,8691,4165,4526
51835,321262,34371,154629,20922,286890,8692,4166,4526
51840,321293,34375,154641,20924,286918,8693,4166,4527
51845,321324,34378,154651,20926,286946,8694,4166,4528
51850,321355,34381,154672,20928,286974,8695,4166,4529
51855,321386,34384,154689,20930,287002,8696,4166,4530
51860,321417,34387,154708,20931,287029,8697,4167,4530
51865,321448,34391,154720,20934,287056,8698,4167,4531
51870,321479,34395,154733,20935,287083,8699,4168,4531
51875,321510,34399,154751,20938,287111,8700,4168,4532
51880,321541,34403,154768,20942,287137,8701,4169,4532
51885,321572,34409,154780,20946,287161,8702,4169,4533
51890,321603,34415,154797,20950,287187,8703,4169,4534
51895,321634,34421,154814,20952,287213,8704,4170,4534
51900,321665,34424,154830,20954,287241,8705,4171,4534
51905,321696,34427,154850,20957,287269,8706,4172,4534
51910,321727,34430,154869,20957,287296,8707,4173,4534
51915,321758,34433,154885,20960,287324,8708,4174,4534
51920,321789,34436,154898,20961,287353,8709,4175,4534
51925,321820,34439,154916,20963,287380,8710,4175,4535
51930,321851,34444,154934,20968,287407,8711,4176,4535
51935,321882,34449,154952,20971,287432,8712,4177,4535
51940,321913,34455,154968,20975,287457,8713,4177,4536
51945,321944,34460,154982,20978,287483,8714,4177,4537
51950,321975,34465,154997,20982,287510,8715,4178,4537
51955,322006,34470,155018,20987,287535,8716,4178,4538
51960,322037,34472,155028,20987,287565,8717,4179,4538
51965,322068,34474,155043,20987,287594,8718,4179,4539
51970,322099,34476,155056,20988,287622,8719,4179,4540
51975,322130,34478,155073,20990,287652,8720,4179,4541
51980,322161,34480,155087,20990,287680,8721,4179,4542
51985,322192,34482,155103,20991,287710,8722,4180,4542
51990,322223,34484,155119,20992,287739,8723,4181,4542
51995,322254,34486,155136,20992,287768,8724,4181,4543
52000,322285,34489,155148,20994,287796,8725,4182,4543
52005,322316,34492,155165,20996,287822,8726,4182,4544
52010,322347,34496,155184,20997,287847,8727,4182,4545
52015,322378,34500,155196,20999,287877,8728,4183,4545
52020,322409,34504,155211,21002,287902,8729,4184,4545
52025,322440,34507,155228,21005,287930,8730,4184,4546
52030,322471,34511,155240,21007,287959,8731,4184,4547
52035,322502,34514,155251,21009,287988,8732,4184,4548
52040,322533,34517,155265,21010,288015,8733,4184,4549
52045,322564,34519,155282,21011,288045,8734,4185,4549
52050,322595,34521,155294,21011,288074,8735,4185,4550
52055,322626,34524,155307,21013,288102,8736,4186,4550
52060,322657,34526,155322,21014,288131,8737,4186,4551
52065,322688,34530,155337,21018,288156,8738,4187,4551
52070,322719,34536,155350,21022,288183,8739,4187,4552
52075,322750,34538,155367,21024,288212,8740,4187,4553
52080,322781,34540,155383,21025,288241,8741,4187,4554
52085,322812,34542,155398,21026,288270,8742,4188,4554
52090,322843,34546,155413,21030,288297,8743,4188,4555
52095,322874,34548,155430,21031,288326,8744,4189,4555
52100,322905,34551,155444,21034,288354,8745,4189,4556
52105,322936,34554,155459,21036,288381,8746,4190,4556
52110,322967,34558,155479,21039,288408,8747,4191,4556
52115,322998,34563,155494,21042,288433,8748,4191,4557
52120,323029,34568,155506,21046,288461,8749,4191,4558
52125,323060,34570,155521,21048,288490,8750,4192,4558
52130,323091,34572,155537,21049,288519,8751,4193,4558
52135,323122,34574,155552,21050,288548,8752,4194,4558
52140,323153,34576,155561,21051,288577,8753,4194,4559
52145,323184,34578,155575,21052,288606,8753,4194,4559
52150,323215,34580,155585,21054,288635,8753,4194,4559
52155,323246,34582,155601,21055,288664,8753,4194,4559
52160,323277,34584,155618,21055,288692,8753,4194,4559
52165,323308,34586,155634,21057,288721,8753,4194,4559
52170,323339,34588,155647,21058,288749,8753,4194,4559
52175,323370,34590,155660,21058,288778,8753,4194,4559
52180,323401,34594,155676,21060,288805,8753,4194,4559
52185,323432,34598,155692,21061,288832,8753,4194,4559
52190,323463,34602,155708,21062,288859,8753,4194,4559
52195,323494,34606,155725,21063,288887,8753,4194,4559
52200,323525,34609,155743,21063,288915,8753,4194,4559
52205,323556,34613,155756,21065,288942,8753,4194,4559
52210,323587,34617,155778,21068,288968,8753,4194,4559
52215,323618,34621,155793,21070,288997,8753,4194,4559
52220,323649,34624,155809,21072,289024,8753,4194,4559
52225,323680,34627,155826,21073,289053,8753,4194,4559
52230,323711,34631,155841,21076,289079,8753,4194,4559
52235,323742,34638,155856,21082,289104,8753,4194,4559
52240,323773,34643,155872,21083,289129,8753,4194,4559
52245,323804,34650,155890,21088,289153,8754,4194,4560
52250,323835,34656,155901,21091,289179,8755,4194,4561
52255,323866,34659,155917,21092,289207,8756,4194,4562
52260,323897,34662,155930,21093,289235,8757,4194,4563
52265,323928,34665,155946,21094,289263,8758,4194,4564
52270,323959,34668,155965,21096,289291,8759,4194,4565
52275,323990,34672,155980,21098,289318,8760,4195,4565
52280,324021,34676,155994,21100,289345,8761,4195,4566
52285,324052,34679,156008,21101,289373,8762,4195,4567
52290,324083,34684,156021,21104,289399,8763,4196,4567
52295,324114,34687,156033,21106,289427,8764,4196,4568
52300,324145,34691,156048,21108,289453,8765,4197,4568
52305,324176,34696,156063,21112,289479,8766,4198,4568
52310,324207,34703,156083,21118,289504,8767,4199,4568
52315,324238,34706,156100,21120,289530,8768,4199,4569
52320,324269,34708,156112,21122,289561,8769,4200,4569
52325,324300,34710,156127,21123,289589,8770,4201,4569
52330,324331,34712,156138,21124,289619,8771,4201,4570
52335,324362,34714,156150,21125,289647,8772,4201,4571
52340,324393,34716,156162,21126,289677,8773,4201,4572
52345,324424,34718,156180,21127,289704,8774,4202,4572
52350,324455,34720,156195,21128,289734,8775,4203,4572
52355,324486,34722,156210,21130,289763,8776,4204,4572
52360,324517,34724,156225,21132,289791,8777,4205,4572
52365,324548,34729,156238,21135,289818,8778,4206,4572
52370,324579,34732,156255,21136,289846,8779,4207,4572
52375,324610,34736,156267,21138,289872,8780,4208,4572
52380,324641,34740,156281,21142,289900,8781,4208,4573
52385,324672,34744,156296,21144,289926,8782,4208,4574
52390,324703,34751,156314,21150,289951,8783,4209,4574
52395,324734,34756,156328,21154,289978,8784,4209,4575
52400,324765,34759,156340,21157,290005,8785,4210,4575
52405,324796,34764,156356,21161,290031,8786,4211,4575
52410,324827,34767,156373,21163,290059,8787,4211,4576
52415,324858,34769,156391,21164,290088,8788,4211,4577
52420,324889,34772,156409,21167,290117,8789,4212,4577
52425,324920,34775,156419,21167,290144,8790,4212,4578
52430,324951,34778,156436,21169,290172,8791,4212,4579
52435,324982,34781,156447,21170,290201,8792,4212,4580
52440,325013,34784,156464,21172,290229,8793,4212,4581
52445,325044,34786,156480,21173,290258,8794,4212,4582
52450,325075,34788,156497,21175,290287,8795,4213,4582
52455,325106,34790,156516,21176,290316,8796,4214,4582
52460,325137,34792,156529,21177,290345,8797,4214,4583
52465,325168,34795,156546,21179,290373,8798,4215,4583
52470,325199,34798,156561,21181,290401,8799,4216,4583
52475,325230,34802,156575,21183,290428,8800,4217,4583
52480,325261,34805,156589,21185,290456,8801,4217,4584
52485,325292,34810,156606,21189,290482,8802,4218,4584
52490,325323,34815,156625,21193,290507,8803,4219,4584
52495,325354,34818,156641,21195,290536,8804,4220,4584
52500,325385,34820,156653,21196,290565,8805,4220,4585
52505,325416,34821,156666,21196,290595,8806,4220,4586
52510,325447,34822,156681,21197,290625,8807,4221,4586
52515,325478,34824,156695,21198,290654,8808,4222,4586
52520,325509,34826,156714,21200,290683,8809,4222,4587
52525,325540,34828,156726,21201,290712,8810,4223,4587
52530,325571,34830,156740,21201,290741,8811,4224,4587
52535,325602,34832,156757,21202,290770,8812,4224,4588
52540,325633,34834,156775,21203,290797,8813,4225,4588
52545,325664,34837,156791,21205,290825,8814,4226,4588
52550,325695,34840,156805,21207,290853,8815,4226,4589
52555,325726,34846,156818,21212,290879,8816,4226,4590
52560,325757,34850,156835,21214,290906,8817,4226,4591
52565,325788,34856,156849,21219,290932,8818,4226,4592
52570,325819,34860,156864,21222,290956,8819,4226,4593
52575,325850,34866,156877,21225,290983,8820,4227,4593
52580,325881,34869,156890,21227,291011,8821,4228,4593
52585,325912,34871,156907,21227,291041,8822,4228,4594
52590,325943,34873,156926,21228,291070,8823,4229,4594
52595,325974,34875,156946,21228,291099,8824,4229,4595
52600,326005,34877,156961,21228,291128,8825,4229,4596
52605,326036,34880,156979,21231,291156,8826,4230,4596
52610,326067,34883,156994,21232,291184,8827,4230,4597
52615,326098,34886,157009,21233,291212,8828,4231,4597
52620,326129,34889,157023,21235,291240,8829,4232,4597
52625,326160,34892,157037,21235,291268,8830,4232,4598
52630,326191,34895,157054,21238,291296,8831,4233,4598
52635,326222,34898,157070,21241,291324,8832,4234,4598
52640,326253,34901,157090,21243,291352,8833,4234,4599
52645,326284,34905,157106,21246,291379,8834,4234,4600
52650,326315,34909,157119,21248,291406,8835,4234,4601
52655,326346,34913,157137,21250,291433,8836,4234,4602
52660,326377,34917,157153,21251,291459,8837,4234,4603
52665,326408,34920,157165,21252,291488,8838,4235,4603
52670,326439,34924,157178,21256,291515,8839,4236,4603
52675,326470,34928,157190,21258,291542,8840,4236,4604
52680,326501,34933,157203,21261,291568,8841,4237,4604
52685,326532,34939,157219,21265,291593,8841,4237,4604
52690,326563,34942,157232,21266,291620,8841,4237,4604
52695,326594,34946,157248,21269,291648,8841,4237,4604
52700,326625,34949,157260,21269,291675,8841,4237,4604
52705,326656,34952,157270,21270,291704,8841,4237,4604
52710,326687,34956,157282,21272,291730,8841,4237,4604
52715,326718,34960,157299,21274,291758,8841,4237,4604
52720,326749,34963,157312,21275,291785,8841,4237,4604
52725,326780,34967,157326,21278,291811,8841,4237,4604
52730,326811,34972,157337,21280,291838,8841,4237,4604
52735,326842,34977,157353,21284,291862,8841,4237,4604
52740,326873,34982,157369,21288,291889,8841,4237,4604
52745,326904,34986,157381,21291,291917,8841,4237,4604
52750,326935,34988,157394,21292,291946,8841,4237,4604
52755,326966,34990,157411,21294,291975,8841,4237,4604
52760,326997,34992,157427,21294,292004,8841,4237,4604
52765,327028,34994,157447,21295,292033,8841,4237,4604
52770,327059,34996,157459,21296,292062,8841,4237,4604
52775,327090,34998,157473,21298,292091,8841,4237,4604
52780,327121,35000,157485,21299,292120,8841,4237,4604
52785,327152,35002,157499,21299,292150,8842,4237,4605
52790,327183,35004,157509,21301,292178,8843,4238,4605
52795,327214,35007,157523,21303,292206,8844,4238,4606
52800,327245,35010,157534,21303,292235,8845,4238,4607
52805,327276,35013,157544,21304,292263,8846,4238,4608
52810,327307,35016,157560,21305,292291,8847,4238,4609
52815,327338,35019,157575,21306,292319,8848,4239,4609
52820,327369,35022,157592,21309,292347,8849,4239,4610
52825,327400,35025,157607,21311,292375,8850,4240,4610
52830,327431,35028,157623,21311,292403,8851,4240,4611
52835,327462,35031,157634,21312,292431,8852,4240,4612
52840,327493,35035,157652,21314,292458,8853,4241,4612
52845,327524,35038,157664,21315,292485,8854,4241,4613
52850,327555,35043,157675,21319,292511,8855,4241,4614
52855,327586,35048,157690,21322,292536,8856,4241,4615
52860,327617,35056,157708,21329,292559,8857,4242,4615
52865,327648,35062,157726,21334,292585,8858,4243,4615
52870,327679,35069,157740,21338,292609,8859,4244,4615
52875,327710,35075,157754,21343,292634,8860,4245,4615
52880,327741,35083,157772,21350,292657,8861,4246,4615
52885,327772,35090,157786,21356,292682,8862,4247,4615
52890,327803,35093,157799,21358,292710,8863,4248,4615
52895,327834,35096,157815,21359,292737,8864,4249,4615
52900,327865,35099,157831,21359,292765,8865,4249,4616
52905,327896,35103,157848,21362,292791,8866,4250,4616
52910,327927,35107,157863,21364,292818,8867,4250,4617
52915,327958,35112,157877,21367,292845,8868,4251,4617
52920,327989,35115,157892,21369,292874,8869,4251,4618
52925,328020,35117,157913,21371,292902,8870,4252,4618
52930,328051,35119,157925,21371,292932,8871,4253,4618
52935,328082,35121,157938,21372,292961,8872,4254,4618
52940,328113,35123,157952,21373,292990,8873,4255,4618
52945,328144,35125,157967,21374,293019,8874,4256,4618
52950,328175,35127,157978,21374,293048,8875,4256,4619
52955,328206,35129,157993,21375,293077,8876,4257,4619
52960,328237,35131,158007,21376,293106,8877,4258,4619
52965,328268,35133,158027,21376,293133,8878,4258,4620
52970,328299,35135,158041,21376,293162,8879,4259,4620
52975,328330,35137,158058,21378,293192,8880,4260,4620
52980,328361,35139,158071,21378,293222,8881,4261,4620
52985,328392,35140,158087,21379,293252,8882,4261,4621
52990,328423,35141,158105,21380,293282,8883,4262,4621
52995,328454,35143,158116,21381,293311,8884,4262,4622
53000,328485,35145,158131,21382,293340,8885,4263,4622
53005,328516,35147,158148,21383,293369,8886,4264,4622
53010,328547,35149,158161,21383,293398,8887,4264,4623
53015,328578,35152,158179,21385,293426,8888,4264,4624
53020,328609,35155,158197,21387,293454,8889,4264,4625
53025,328640,35160,158210,21391,293479,8890,4265,4625
53030,328671,35165,158224,21395,293505,8891,4265,4626
53035,328702,35170,158237,21400,293532,8892,4265,4627
53040,328733,35173,158250,21400,293560,8893,4266,4627
53045,328764,35177,158264,21403,293587,8894,4266,4628
53050,328795,35183,158283,21408,293611,8895,4267,4628
53055,328826,35187,158294,21410,293638,8896,4268,4628
53060,328857,35194,158306,21415,293662,8897,4269,4628
53065,328888,35199,158323,21418,293688,8898,4270,4628
53070,328919,35203,158338,21421,293714,8899,4270,4629
53075,328950,35206,158355,21422,293742,8900,4271,4629
53080,328981,35211,158364,21425,293770,8901,4271,4630
53085,329012,35212,158384,21425,293798,8902,4272,4630
53090,329043,35214,158400,21426,293829,8903,4272,4631
53095,329074,35216,158415,21427,293857,8904,4273,4631
53100,329105,35218,158431,21429,293887,8905,4274,4631
53105,329136,35220,158446,21430,293914,8906,4274,4632
53110,329167,35222,158462,21431,293944,8907,4274,4633
53115,329198,35224,158481,21433,293974,8908,4275,4633
53120,329229,35226,158497,21434,294003,8909,4275,4634
53125,329260,35228,158510,21435,294032,8910,4275,4635
53130,329291,35230,158525,21436,294061,8911,4275,4636
53135,329322,35232,158539,21438,294090,8912,4276,4636
53140,329353,35234,158553,21440,294119,8913,4276,4637
53145,329384,35236,158568,21440,294148,8914,4277,4637
53150,329415,35238,158587,21442,294177,8915,4277,4638
53155,329446,35240,158605,21443,294206,8916,4278,4638
53160,329477,35242,158620,21445,294235,8917,4278,4639
53165,329508,35244,158634,21445,294263,8918,4278,4640
53170,329539,35247,158648,21445,294292,8919,4278,4641
53175,329570,35250,158661,21446,294320,8920,4279,4641
53180,329601,35254,158676,21449,294347,8921,4280,4641
53185,329632,35257,158692,21451,294375,8922,4280,4642
53190,329663,35263,158711,21456,294400,8923,4281,4642
53195,329694,35269,158726,21461,294425,8924,4282,4642
53200,329725,35274,158741,21463,294450,8925,4282,4643
53205,329756,35278,158754,21465,294477,8926,4282,4644
53210,329787,35284,158774,21471,294502,8927,4283,4644
53215,329818,35289,158785,21473,294529,8928,4284,4644
53220,329849,35295,158802,21478,294553,8929,4285,4644
53225,329880,35302,158819,21483,294577,8930,4286,4644
53230,329911,35310,158835,21489,294600,8931,4287,4644
53235,329942,35316,158849,21492,294626,8932,4288,4644
53240,329973,35319,158859,21493,294652,8933,4288,4645
53245,330004,35325,158873,21498,294677,8934,4288,4646
53250,330035,35331,158890,21503,294703,8935,4288,4647
53255,330066,35333,158907,21505,294733,8936,4288,4648
53260,330097,35335,158921,21506,294762,8937,4288,4649
53265,330128,35337,158934,21507,294790,8938,4288,4650
53270,330159,35339,158948,21507,294819,8939,4289,4650
53275,330190,35341,158968,21508,294848,8940,4290,4650
53280,330221,35343,158982,21509,294878,8941,4291,4650
53285,330252,35345,158994,21511,294907,8941,4291,4650
53290,330283,35347,159007,21512,294936,8941,4291,4650
53295,330314,35349,159017,21512,294964,8941,4291,4650
53300,330345,35351,159031,21512,294993,8941,4291,4650
53305,330376,35353,159045,21512,295022,8941,4291,4650
53310,330407,35355,159061,21514,295052,8941,4291,4650
53315,330438,35357,159075,21515,295081,8941,4291,4650
53320,330469,35359,159093,21516,295109,8941,4291,4650
53325,330500,35361,159109,21517,295138,8941,4291,4650
53330,330531,35363,159126,21518,295168,8941,4291,4650
53335,330562,35365,159138,21519,295197,8941,4291,4650
53340,330593,35368,159158,21520,295225,8941,4291,4650
53345,330624,35371,159173,21522,295253,8941,4291,4650
53350,330655,35375,159187,21524,295280,8941,4291,4650
53355,330686,35378,159205,21526,295307,8941,4291,4650
53360,330717,35385,159218,21530,295332,8941,4291,4650
53365,330748,35391,159231,21535,295356,8941,4291,4650
53370,330779,35397,159243,21538,295381,8941,4291,4650
53375,330810,35403,159255,21541,295407,8941,4291,4650
53380,330841,35408,159268,21543,295432,8941,4291,4650
53385,330872,35415,159287,21549,295456,8942,4291,4651
53390,330903,35423,159297,21554,295480,8943,4291,4652
53395,330934,35430,159310,21558,295500,8944,4292,4652
53400,330965,35438,159325,21564,295525,8945,4292,4653
53405,330996,35441,159339,21567,295555,8946,4292,4654
53410,331027,35442,159351,21567,295585,8947,4292,4655
53415,331058,35443,159367,21568,295615,8948,4293,4655
53420,331089,35444,159383,21568,295645,8949,4294,4655
53425,331120,35445,159400,21569,295675,8950,4295,4655
53430,331151,35446,159415,21570,295705,8951,4296,4655
53435,331182,35447,159434,21571,295735,8952,4297,4655
53440,331213,35448,159447,21572,295764,8953,4297,4656
53445,331244,35449,159464,21573,295795,8954,4297,4657
53450,331275,35450,159478,21574,295825,8955,4298,4657
53455,331306,35451,159492,21574,295854,8956,4298,4658
53460,331337,35452,159508,21574,295884,8957,4298,4659
53465,331368,35453,159523,21574,295913,8958,4298,4660
53470,331399,35454,159537,21575,295945,8959,4298,4661
53475,331430,35455,159551,21576,295975,8960,4299,4661
53480,331461,35456,159560,21576,296004,8961,4299,4662
53485,331492,35457,159573,21576,296034,8962,4299,4663
53490,331523,35458,159588,21577,296065,8963,4299,4664
53495,331554,35459,159607,21578,296094,8964,4300,4664
53500,331585,35460,159619,21578,296125,8965,4300,4665
53505,331616,35462,159631,21579,296153,8966,4300,4666
53510,331647,35465,159643,21581,296182,8967,4300,4667
53515,331678,35469,159661,21583,296208,8968,4300,4668
53520,331709,35476,159674,21588,296233,8969,4301,4668
53525,331740,35482,159689,21592,296257,8970,4301,4669
53530,331771,35488,159705,21596,296282,8971,4302,4669
53535,331802,35497,159722,21603,296304,8972,4302,4670
53540,331833,35503,159741,21607,296330,8973,4303,4670
53545,331864,35507,159758,21609,296357,8974,4304,4670
53550,331895,35512,159774,21613,296383,8975,4304,4671
53555,331926,35515,159790,21616,296411,8976,4305,4671
53560,331957,35521,159802,21622,296436,8977,4305,4672
53565,331988,35525,159820,21625,296462,8978,4306,4672
53570,332019,35530,159839,21629,296487,8979,4307,4672
53575,332050,35535,159858,21633,296513,8980,4308,4672
53580,332081,35537,159874,21633,296543,8981,4309,4672
53585,332112,35539,159888,21634,296573,8982,4309,4673
53590,332143,35541,159902,21634,296601,8983,4309,4674
53595,332174,35543,159918,21635,296631,8984,4309,4675
53600,332205,35545,159930,21636,296660,8985,4309,4676
53605,332236,35547,159941,21637,296689,8986,4310,4676
53610,332267,35549,159953,21637,296718,8987,4311,4676
53615,332298,35551,159967,21638,296747,8988,4312,4676
53620,332329,35553,159980,21639,296775,8989,4312,4677
53625,332360,35555,159996,21640,296805,8990,4313,4677
53630,332391,35557,160012,21642,296834,8991,4314,4677
53635,332422,35559,160026,21642,296862,8992,4315,4677
53640,332453,35561,160041,21642,296892,8993,4315,4678
53645,332484,35563,160060,21644,296919,8994,4315,4679
53650,332515,35567,160072,21646,296948,8995,4316,4679
53655,332546,35570,160089,21649,296975,8996,4317,4679
53660,332577,35574,160106,21650,297001,8997,4317,4680
53665,332608,35578,160123,21654,297030,8998,4317,4681
53670,332639,35581,160136,21655,297057,8999,4318,4681
53675,332670,35585,160148,21658,297084,9000,4319,4681
53680,332701,35590,160162,21661,297110,9001,4319,4682
53685,332732,35595,160178,21665,297137,9002,4319,4683
53690,332763,35601,160195,21668,297162,9003,4320,4683
53695,332794,35607,160213,21673,297186,9004,4321,4683
53700,332825,35612,160229,21675,297211,9005,4321,4684
53705,332856,35618,160243,21677,297238,9006,4321,4685
53710,332887,35622,160261,21679,297264,9007,4321,4686
53715,332918,35626,160274,21681,297292,9008,4321,4687
53720,332949,35629,160288,21682,297319,9009,4322,4687
53725,332980,35633,160299,21685,297347,9010,4322,4688
53730,333011,35637,160312,21688,297373,9011,4323,4688
53735,333042,35640,160327,21689,297401,9012,4323,4689
53740,333073,35644,160341,21691,297429,9013,4323,4690
53745,333104,35647,160358,21692,297455,9014,4324,4690
53750,333135,35652,160369,21697,297483,9015,4324,4691
53755,333166,35657,160386,21699,297507,9016,4325,4691
53760,333197,35663,160402,21703,297534,9017,4325,4692
53765,333228,35665,160415,21705,297563,9018,4326,4692
53770,333259,35667,160426,21706,297592,9019,4327,4692
53775,333290,35669,160447,21706,297621,9020,4328,4692
53780,333321,35671,160458,21707,297650,9021,4328,4693
53785,333352,35673,160473,21707,297678,9022,4329,4693
53790,333383,35675,160486,21708,297707,9023,4329,4694
53795,333414,35677,160503,21709,297737,9024,4330,4694
53800,333445,35679,160512,21709,297766,9025,4330,4695
53805,333476,35681,160527,21710,297795,9026,4330,4696
53810,333507,35685,160543,21713,297820,9027,4331,4696
53815,333538,35690,160558,21716,297848,9028,4331,4697
53820,333569,35694,160576,21717,297874,9029,4332,4697
53825,333600,35698,160590,21719,297901,9029,4332,4697
53830,333631,35703,160604,21722,297928,9029,4332,4697
53835,333662,35707,160622,21724,297954,9029,4332,4697
53840,333693,35713,160643,21729,297979,9029,4332,4697
53845,333724,35718,160654,21733,298006,9029,4332,4697
53850,333755,35720,160667,21733,298035,9029,4332,4697
53855,333786,35722,160685,21735,298064,9029,4332,4697
53860,333817,35724,160699,21735,298093,9029,4332,4697
53865,333848,35727,160709,21735,298120,9029,4332,4697
53870,333879,35730,160725,21737,298148,9029,4332,4697
53875,333910,35733,160739,21738,298176,9029,4332,4697
53880,333941,35736,160752,21739,298205,9029,4332,4697
53885,333972,35738,160768,21741,298232,9029,4332,4697
53890,334003,35740,160785,21743,298261,9029,4332,4697
53895,334034,35742,160803,21743,298291,9029,4332,4697
53900,334065,35744,160818,21743,298320,9029,4332,4697
53905,334096,35746,160830,21743,298350,9029,4332,4697
53910,334127,35748,160841,21744,298379,9029,4332,4697
53915,334158,35751,160857,21745,298406,9029,4332,4697
53920,334189,35753,160877,21746,298436,9029,4332,4697
53925,334220,35757,160893,21748,298463,9030,4333,4697
53930,334251,35762,160906,21752,298489,9031,4333,4698
53935,334282,35766,160920,21755,298516,9032,4334,4698
53940,334313,35770,160934,21758,298543,9033,4334,4699
53945,334344,35771,160945,21758,298573,9034,4334,4700
53950,334375,35772,160960,21758,298602,9035,4334,4701
53955,334406,35775,160969,21760,298630,9036,4334,4702
53960,334437,35777,160986,21761,298659,9037,4334,4703
53965,334468,35779,161003,21761,298689,9038,4335,4703
53970,334499,35781,161017,21762,298718,9039,4336,4703
53975,334530,35784,161032,21763,298746,9040,4336,4704
53980,334561,35787,161049,21764,298774,9041,4336,4705
53985,334592,35789,161067,21765,298801,9042,4337,4705
53990,334623,35795,161080,21769,298826,9043,4337,4706
53995,334654,35802,161095,21773,298851,9044,4337,4707
54000,334685,35807,161110,21776,298875,9045,4337,4708
54005,334716,35812,161125,21780,298904,9046,4338,4708
54010,334747,35814,161141,21780,298933,9047,4339,4708
54015,334778,35816,161154,21781,298962,9048,4340,4708
54020,334809,35818,161166,21782,298991,9049,4340,4709
54025,334840,35820,161179,21782,299020,9050,4340,4710
54030,334871,35822,161191,21782,299049,9051,4340,4711
54035,334902,35824,161202,21782,299078,9052,4340,4712
54040,334933,35826,161222,21784,299107,9053,4341,4712
54045,334964,35829,161239,21786,299134,9054,4342,4712
54050,334995,35832,161249,21786,299163,9055,4343,4712
54055,335026,35835,161266,21789,299191,9056,4343,4713
54060,335057,35838,161284,21791,299219,9057,4344,4713
54065,335088,35841,161297,21793,299247,9058,4345,4713
54070,335119,35844,161310,21794,299275,9059,4345,4714
54075,335150,35847,161326,21795,299303,9060,4346,4714
54080,335181,35850,161346,21796,299330,9061,4347,4714
54085,335212,35853,161367,21799,299358,9062,4348,4714
54090,335243,35857,161385,21801,299384,9063,4348,4715
54095,335274,35860,161398,21801,299413,9064,4348,4716
54100,335305,35865,161415,21804,299439,9065,4348,4717
54105,335336,35868,161429,21804,299466,9066,4348,4718
54110,335367,35873,161445,21807,299494,9067,4349,4718
54115,335398,35879,161459,21812,299518,9068,4349,4719
54120,335429,35884,161473,21814,299544,9069,4349,4720
54125,335460,35891,161484,21817,299569,9070,4349,4721
54130,335491,35897,161500,21820,299593,9071,4350,4721
54135,335522,35904,161513,21824,299617,9072,4350,4722
54140,335553,35910,161526,21828,299643,9073,4351,4722
54145,335584,35913,161538,21829,299670,9074,4351,4723
54150,335615,35918,161550,21832,299697,9075,4352,4723
54155,335646,35922,161564,21835,299724,9076,4352,4724
54160,335677,35925,161581,21837,299751,9077,4353,4724
54165,335708,35931,161595,21842,299776,9078,4354,4724
54170,335739,35933,161611,21843,299806,9079,4355,4724
54175,335770,35935,161630,21844,299834,9080,4355,4725
54180,335801,35937,161648,21846,299864,9081,4356,4725
54185,335832,35939,161661,21848,299893,9082,4357,4725
54190,335863,35941,161679,21850,299922,9083,4358,4725
54195,335894,35943,161697,21852,299951,9084,4358,4726
54200,335925,35945,161710,21853,299980,9085,4358,4727
54205,335956,35947,161724,21854,300009,9086,4358,4728
54210,335987,35949,161740,21855,300038,9087,4359,4728
54215,336018,35951,161756,21856,300067,9088,4359,4729
54220,336049,35953,161769,21858,300096,9089,4359,4730
54225,336080,35955,161786,21860,300124,9090,4360,4730
54230,336111,35957,161802,21862,300153,9091,4361,4730
54235,336142,35959,161820,21863,300182,9092,4362,4730
54240,336173,35961,161836,21865,300211,9093,4363,4730
54245,336204,35963,161850,21867,300240,9094,4364,4730
54250,336235,35966,161867,21868,300267,9095,4365,4730
54255,336266,35969,161879,21870,300296,9096,4366,4730
54260,336297,35972,161893,21871,300324,9097,4367,4730
54265,336328,35975,161912,21873,300353,9098,4368,4730
54270,336359,35978,161923,21875,300379,9099,4369,4730
54275,336390,35983,161938,21878,300406,9100,4370,4730
54280,336421,35987,161951,21881,300434,9101,4370,4731
54285,336452,35992,161961,21883,300460,9102,4370,4732
54290,336483,35997,161977,21887,300485,9103,4370,4733
54295,336514,36002,161990,21890,300512,9104,4371,4733
54300,336545,36006,162000,21891,300537,9105,4371,4734
54305,336576,36014,162019,21898,300561,9106,4371,4735
54310,336607,36020,162036,21902,300586,9107,4372,4735
54315,336638,36026,162055,21905,300612,9108,4372,4736
54320,336669,36030,162077,21907,300639,9109,4373,4736
54325,336700,36035,162092,21909,300665,9110,4373,4737
54330,336731,36041,162106,21913,300690,9111,4374,4737
54335,336762,36044,162120,21916,300718,9112,4374,4738
54340,336793,36047,162130,21917,300746,9113,4375,4738
54345,336824,36051,162146,21919,300770,9114,4375,4739
54350,336855,36057,162154,21923,300796,9115,4375,4740
54355,336886,36064,162167,21928,300822,9116,4375,4741
54360,336917,36068,162177,21931,300848,9117,4375,4742
54365,336948,36071,162197,21934,300876,9117,4375,4742
54370,336979,36072,162210,21935,300907,9117,4375,4742
54375,337010,36073,162223,21935,300937,9117,4375,4742
54380,337041,36074,162238,21936,300966,9117,4375,4742
54385,337072,36075,162254,21936,300995,9117,4375,4742
54390,337103,36076,162272,21937,301027,9117,4375,4742
54395,337134,36077,162286,21938,301056,9117,4375,4742
54400,337165,36078,162301,21938,301086,9117,4375,4742
54405,337196,36079,162316,21939,301117,9117,4375,4742
54410,337227,36080,162330,21939,301147,9117,4375,4742
54415,337258,36081,162346,21939,301177,9117,4375,4742
54420,337289,36082,162361,21940,301206,9117,4375,4742
54425,337320,36083,162376,21940,301236,9117,4375,4742
54430,337351,36084,162391,21941,301267,9117,4375,4742
54435,337382,36085,162403,21942,301294,9117,4375,4742
54440,337413,36090,162420,21946,301322,9117,4375,4742
54445,337444,36094,162431,21949,301349,9117,4375,4742
54450,337475,36097,162444,21950,301377,9117,4375,4742
54455,337506,36100,162457,21952,301405,9117,4375,4742
54460,337537,36104,162476,21955,301432,9117,4375,4742
54465,337568,36107,162494,21958,301458,9118,4375,4743
54470,337599,36113,162508,21962,301484,9119,4375,4744
54475,337630,36119,162524,21967,301508,9120,4375,4745
54480,337661,36124,162537,21971,301537,9121,4376,4745
54485,337692,36127,162554,21973,301564,9122,4376,4746
54490,337723,36130,162567,21973,301593,9123,4376,4747
54495,337754,36133,162583,21974,301621,9124,4377,4747
54500,337785,36136,162591,21974,301649,9125,4377,4748
54505,337816,36140,162607,21977,301676,9126,4378,4748
54510,337847,36144,162620,21980,301703,9127,4379,4748
54515,337878,36149,162634,21984,301729,9128,4379,4749
54520,337909,36156,162647,21989,301753,9129,4379,4750
54525,337940,36163,162661,21994,301777,9130,4379,4751
54530,337971,36166,162674,21996,301805,9131,4379,4752
54535,338002,36168,162688,21996,301834,9132,4380,4752
54540,338033,36170,162704,21998,301863,9133,4380,4753
54545,338064,36172,162721,22000,301892,9134,4380,4754
54550,338095,36174,162733,22001,301920,9135,4380,4755
54555,338126,36176,162749,22002,301949,9136,4381,4755
54560,338157,36178,162765,22004,301979,9137,4382,4755
54565,338188,36180,162780,22006,302008,9138,4383,4755
54570,338219,36182,162793,22007,302037,9139,4384,4755
54575,338250,36184,162805,22007,302064,9140,4385,4755
54580,338281,36186,162821,22009,302095,9141,4386,4755
54585,338312,36189,162842,22011,302122,9142,4387,4755
54590,338343,36192,162856,22012,302150,9143,4387,4756
54595,338374,36195,162870,22014,302178,9144,4388,4756
54600,338405,36198,162885,22016,302206,9145,4388,4757
54605,338436,36201,162896,22016,302235,9146,4388,4758
54610,338467,36204,162914,22018,302262,9147,4389,4758
54615,338498,36208,162925,22021,302289,9148,4389,4759
54620,338529,36211,162939,22023,302318,9149,4390,4759
54625,338560,36214,162955,22026,302345,9150,4390,4760
54630,338591,36218,162970,22027,302371,9151,4390,4761
54635,338622,36223,162986,22031,302397,9152,4391,4761
54640,338653,36230,163004,22036,302422,9153,4391,4762
54645,338684,36236,163021,22041,302446,9154,4392,4762
54650,338715,36243,163039,22047,302470,9155,4392,4763
54655,338746,36250,163059,22052,302496,9156,4393,4763
54660,338777,36253,163076,22054,302524,9157,4394,4763
54665,338808,36256,163092,22056,302552,9158,4394,4764
54670,338839,36259,163106,22057,302580,9159,4395,4764
54675,338870,36262,163122,22059,302608,9160,4396,4764
54680,338901,36265,163139,22060,302636,9161,4397,4764
54685,338932,36268,163150,22060,302664,9162,4397,4765
54690,338963,36273,163167,22064,302690,9163,4397,4766
54695,338994,36278,163181,22068,302716,9164,4397,4767
54700,339025,36284,163200,22072,302741,9165,4397,4768
54705,339056,36290,163221,22077,302765,9166,4397,4769
54710,339087,36295,163234,22081,302792,9167,4398,4769
54715,339118,36298,163248,22083,302820,9168,4399,4769
54720,339149,36300,163266,22084,302848,9169,4400,4769
54725,339180,36301,163284,22084,302879,9170,4401,4769
54730,339211,36302,163299,22085,302909,9171,4402,4769
54735,339242,36303,163314,22085,302939,9172,4403,4769
54740,339273,36304,163328,22085,302969,9173,4404,4769
54745,339304,36305,163348,22085,302998,9174,4405,4769
54750,339335,36306,163361,22086,303028,9175,4406,4769
54755,339366,36307,163378,22087,303058,9176,4406,4770
54760,339397,36308,163393,22088,303087,9177,4406,4771
54765,339428,36310,163405,22089,303115,9178,4406,4772
54770,339459,36312,163420,22090,303144,9179,4406,4773
54775,339490,36315,163432,22092,303173,9180,4406,4774
54780,339521,36318,163446,22094,303202,9181,4406,4775
54785,339552,36320,163458,22094,303232,9182,4407,4775
54790,339583,36322,163473,22095,303260,9183,4407,4776
54795,339614,36325,163492,22098,303288,9184,4407,4777
54800,339645,36328,163511,22101,303317,9185,4408,4777
54805,339676,36330,163524,22103,303346,9186,4409,4777
54810,339707,36332,163538,22104,303375,9187,4409,4778
54815,339738,36334,163555,22105,303404,9188,4409,4779
54820,339769,36337,163567,22105,303432,9189,4409,4780
54825,339800,36340,163579,22107,303460,9190,4410,4780
54830,339831,36346,163596,22111,303483,9191,4410,4781
54835,339862,36355,163611,22118,303506,9192,4411,4781
54840,339893,36360,163626,22120,303531,9193,4412,4781
54845,339924,36365,163641,22123,303559,9194,4412,4782
54850,339955,36368,163653,22124,303587,9195,4413,4782
54855,339986,36371,163669,22126,303615,9196,4413,4783
54860,340017,36374,163685,22127,303643,9197,4414,4783
54865,340048,36377,163699,22129,303671,9198,4415,4783
54870,340079,36380,163710,22130,303698,9199,4415,4784
54875,340110,36384,163726,22133,303725,9200,4416,4784
54880,340141,36388,163737,22136,303752,9201,4417,4784
54885,340172,36394,163750,22140,303776,9202,4417,4785
54890,340203,36400,163765,22144,303802,9203,4417,4786
54895,340234,36406,163778,22147,303826,9204,4417,4787
54900,340265,36410,163796,22150,303853,9205,4417,4788
54905,340296,36412,163811,22152,303883,9206,4417,4789
54910,340327,36414,163825,22153,303913,9207,4417,4790
54915,340358,36416,163840,22154,303942,9208,4418,4790
54920,340389,36418,163853,22156,303971,9209,4418,4791
54925,340420,36420,163866,22156,304000,9210,4418,4792
54930,340451,36422,163882,22156,304029,9211,4418,4793
54935,340482,36424,163896,22158,304058,9212,4418,4794
54940,340513,36426,163919,22159,304087,9213,4418,4795
54945,340544,36428,163934,22159,304116,9214,4418,4796
54950,340575,36431,163946,22162,304144,9215,4419,4796
54955,340606,36434,163961,22163,304171,9216,4420,4796
54960,340637,36437,163976,22164,304200,9217,4420,4797
54965,340668,36440,163990,22165,304228,9217,4420,4797
54970,340699,36443,164002,22166,304256,9217,4420,4797
54975,340730,36447,164016,22168,304283,9217,4420,4797
54980,340761,36450,164030,22168,304311,9217,4420,4797
54985,340792,36453,164045,22169,304339,9217,4420,4797
54990,340823,36457,164059,22172,304366,9217,4420,4797
54995,340854,36460,164068,22173,304394,9217,4420,4797
55000,340885,36465,164084,22178,304420,9217,4420,4797
55005,340916,36469,164101,22180,304447,9217,4420,4797
55010,340947,36473,164117,22183,304474,9217,4420,4797
55015,340978,36478,164129,22186,304499,9217,4420,4797
55020,341009,36487,164147,22194,304519,9217,4420,4797
55025,341040,36494,164156,22199,304546,9217,4420,4797
55030,341071,36498,164173,22201,304571,9217,4420,4797
55035,341102,36502,164189,22203,304598,9217,4420,4797
55040,341133,36507,164209,22207,304624,9217,4420,4797
55045,341164,36512,164225,22211,304650,9217,4420,4797
55050,341195,36517,164240,22215,304675,9217,4420,4797
55055,341226,36524,164253,22219,304701,9217,4420,4797
55060,341257,36526,164274,22221,304730,9217,4420,4797
55065,341288,36528,164286,22222,304759,9218,4420,4798
55070,341319,36530,164302,22224,304788,9219,4421,4798
55075,341350,36532,164316,22225,304816,9220,4422,4798
55080,341381,36534,164329,22226,304845,9221,4422,4799
55085,341412,36536,164342,22226,304876,9222,4423,4799
55090,341443,36538,164358,22228,304905,9223,4423,4800
55095,341474,36540,164373,22228,304934,9224,4423,4801
55100,341505,36542,164384,22229,304963,9225,4424,4801
55105,341536,36544,164400,22231,304992,9226,4424,4802
55110,341567,36546,164411,22231,305021,9227,4424,4803
55115,341598,36548,164428,22233,305050,9228,4424,4804
55120,341629,36550,164443,22234,305079,9229,4424,4805
55125,341660,36552,164460,22235,305108,9230,4424,4806
55130,341691,36554,164477,22237,305136,9231,4424,4807
55135,341722,36558,164495,22240,305164,9232,4425,4807
55140,341753,36561,164511,22243,305192,9233,4425,4808
55145,341784,36564,164525,22244,305218,9234,4426,4808
55150,341815,36571,164540,22249,305243,9235,4426,4809
55155,341846,36576,164551,22251,305269,9236,4427,4809
55160,341877,36582,164570,22256,305293,9237,4427,4810
55165,341908,36589,164585,22261,305318,9238,4428,4810
55170,341939,36592,164604,22262,305347,9239,4428,4811
55175,341970,36595,164621,22263,305375,9240,4428,4812
55180,342001,36598,164639,22264,305403,9241,4428,4813
55185,342032,36601,164657,22266,305431,9242,4429,4813
55190,342063,36604,164671,22268,305459,9243,4430,4813
55195,342094,36607,164685,22269,305487,9244,4430,4814
55200,342125,36611,164700,22271,305513,9245,4430,4815
55205,342156,36616,164712,22274,305539,9246,4430,4816
55210,342187,36621,164730,22278,305566,9247,4430,4817
55215,342218,36625,164742,22280,305593,9248,4431,4817
55220,342249,36630,164757,22283,305618,9249,4431,4818
55225,342280,36636,164772,22288,305643,9250,4431,4819
55230,342311,36640,164785,22289,305670,9251,4431,4820
55235,342342,36643,164801,22292,305699,9252,4431,4821
55240,342373,36645,164817,22293,305728,9253,4431,4822
55245,342404,36647,164832,22295,305756,9254,4432,4822
55250,342435,36649,164844,22296,305785,9255,4432,4823
55255,342466,36651,164862,22297,305814,9256,4432,4824
55260,342497,36653,164874,22297,305844,9257,4432,4825
55265,342528,36654,164884,22298,305874,9258,4432,4826
55270,342559,36656,164904,22300,305902,9259,4433,4826
55275,342590,36659,164920,22303,305931,9260,4433,4827
55280,342621,36661,164933,22303,305959,9261,4433,4828
55285,342652,36666,164952,22307,305986,9262,4433,4829
55290,342683,36669,164968,22310,306013,9263,4434,4829
55295,342714,36673,164977,22312,306041,9264,4434,4830
55300,342745,36676,164995,22314,306069,9265,4434,4831
55305,342776,36681,165016,22317,306094,9266,4434,4832
55310,342807,36686,165032,22320,306121,9267,4435,4832
55315,342838,36687,165051,22321,306151,9268,4436,4832
55320,342869,36688,165065,22321,306181,9269,4436,4833
55325,342900,36689,165075,22321,306211,9270,4437,4833
55330,342931,36690,165085,22322,306241,9271,4438,4833
55335,342962,36691,165101,22323,306271,9272,4439,4833
55340,342993,36692,165117,22323,306301,9273,4439,4834
55345,343024,36694,165128,22323,306330,9274,4439,4835
55350,343055,36696,165143,22325,306359,9275,4440,4835
55355,343086,36699,165159,22327,306387,9276,4440,4836
55360,343117,36702,165177,22330,306415,9277,4440,4837
55365,343148,36705,165190,22331,306443,9278,4440,4838
55370,343179,36709,165201,22332,306469,9279,4441,4838
55375,343210,36714,165217,22334,306494,9280,4442,4838
55380,343241,36719,165233,22337,306522,9281,4443,4838
55385,343272,36723,165249,22341,306548,9282,4444,4838
55390,343303,36728,165269,22345,306573,9283,4444,4839
55395,343334,36731,165279,22347,306603,9284,4445,4839
55400,343365,36733,165295,22348,306632,9285,4446,4839
55405,343396,36735,165312,22349,306660,9286,4446,4840
55410,343427,36737,165326,22349,306690,9287,4447,4840
55415,343458,36739,165340,22349,306718,9288,4448,4840
55420,343489,36743,165356,22351,306745,9289,4449,4840
55425,343520,36746,165370,22353,306774,9290,4449,4841
55430,343551,36749,165384,22354,306802,9291,4449,4842
55435,343582,36752,165397,22355,306830,9292,4450,4842
55440,343613,36755,165410,22356,306856,9293,4451,4842
55445,343644,36759,165423,22360,306885,9294,4452,4842
55450,343675,36763,165440,22364,306912,9295,4453,4842
55455,343706,36766,165452,22365,306939,9296,4453,4843
55460,343737,36771,165466,22367,306966,9297,4454,4843
55465,343768,36775,165483,22370,306993,9298,4455,4843
55470,343799,36779,165499,22372,307019,9299,4456,4843
55475,343830,36784,165513,22374,307045,9300,4457,4843
55480,343861,36790,165536,22380,307070,9301,4457,4844
55485,343892,36793,165551,22382,307099,9302,4457,4845
55490,343923,36795,165567,22383,307128,9303,4458,4845
55495,343954,36797,165576,22384,307157,9304,4459,4845
55500,343985,36802,165589,22386,307183,9305,4460,4845
55505,344016,36808,165606,22391,307208,9306,4460,4846
55510,344047,36813,165621,22395,307234,9307,4460,4847
55515,344078,36817,165629,22396,307261,9308,4460,4848
55520,344109,36822,165645,22400,307287,9309,4460,4849
55525,344140,36827,165658,22402,307313,9310,4461,4849
55530,344171,36831,165676,22404,307340,9311,4461,4850
55535,344202,36833,165692,22406,307369,9312,4462,4850
55540,344233,36835,165712,22407,307397,9313,4463,4850
55545,344264,36837,165724,22408,307426,9314,4464,4850
55550,344295,36839,165739,22408,307455,9315,4465,4850
55555,344326,36841,165754,22409,307483,9316,4466,4850
55560,344357,36843,165766,22409,307512,9317,4467,4850
55565,344388,36845,165784,22409,307541,9317,4467,4850
55570,344419,36847,165797,22409,307570,9317,4467,4850
55575,344450,36849,165809,22410,307600,9317,4467,4850
55580,344481,36851,165824,22410,307630,9317,4467,4850
55585,344512,36853,165835,22412,307658,9317,4467,4850
55590,344543,36856,165850,22414,307686,9317,4467,4850
55595,344574,36859,165861,22415,307714,9317,4467,4850
55600,344605,36862,165880,22417,307742,9317,4467,4850
55605,344636,36865,165889,22417,307771,9317,4467,4850
55610,344667,36868,165903,22418,307799,9317,4467,4850
55615,344698,36871,165920,22421,307827,9317,4467,4850
55620,344729,36874,165932,22421,307854,9317,4467,4850
55625,344760,36876,165949,22421,307884,9317,4467,4850
55630,344791,36878,165968,22423,307913,9317,4467,4850
55635,344822,36880,165981,22425,307942,9317,4467,4850
55640,344853,36884,165994,22428,307969,9317,4467,4850
55645,344884,36888,166009,22432,307996,9317,4467,4850
55650,344915,36891,166021,22432,308024,9317,4467,4850
55655,344946,36895,166036,22436,308051,9317,4467,4850
55660,344977,36900,166050,22440,308077,9317,4467,4850
55665,345008,36905,166062,22444,308103,9318,4467,4851
55670,345039,36912,166081,22450,308124,9319,4467,4852
55675,345070,36920,166093,22456,308148,9320,4468,4852
55680,345101,36930,166114,22465,308170,9321,4469,4852
55685,345132,36934,166130,22468,308198,9322,4469,4853
55690,345163,36936,166152,22470,308227,9323,4470,4853
55695,345194,36937,166169,22470,308257,9324,4470,4854
55700,345225,36938,166183,22471,308287,9325,4470,4855
55705,345256,36939,166197,22472,308316,9326,4471,4855
55710,345287,36940,166212,22472,308347,9327,4472,4855
55715,345318,36941,166228,22473,308377,9328,4473,4855
55720,345349,36942,166240,22473,308406,9329,4473,4856
55725,345380,36943,166253,22473,308436,9330,4474,4856
55730,345411,36945,166270,22475,308465,9331,4474,4857
55735,345442,36947,166278,22476,308495,9332,4474,4858
55740,345473,36949,166286,22477,308523,9333,4474,4859
55745,345504,36951,166299,22478,308552,9334,4475,4859
55750,345535,36953,166314,22479,308579,9335,4475,4860
55755,345566,36955,166329,22479,308609,9336,4476,4860
55760,345597,36957,166341,22480,308639,9337,4476,4861
55765,345628,36959,166357,22480,308668,9338,4477,4861
55770,345659,36961,166374,22481,308697,9339,4478,4861
55775,345690,36963,166396,22483,308726,9340,4479,4861
55780,345721,36965,166410,22483,308756,9341,4480,4861
55785,345752,36967,166423,22485,308785,9342,4480,4862
55790,345783,36969,166440,22486,308814,9343,4481,4862
55795,345814,36974,166455,22490,308839,9344,4481,4863
55800,345845,36980,166474,22493,308863,9345,4481,4864
55805,345876,36986,166482,22497,308889,9346,4481,4865
55810,345907,36992,166498,22499,308914,9347,4481,4866
55815,345938,36998,166512,22502,308938,9348,4481,4867
55820,345969,37005,166522,22506,308964,9349,4481,4868
55825,346000,37012,166537,22512,308988,9350,4482,4868
55830,346031,37015,166550,22512,309016,9351,4483,4868
55835,346062,37018,166564,22515,309044,9352,4484,4868
55840,346093,37022,166575,22516,309070,9353,4484,4869
55845,346124,37028,166594,22519,309094,9354,4485,4869
55850,346155,37035,166613,22525,309119,9355,4485,4870
55855,346186,37039,166624,22526,309146,9356,4485,4871
55860,346217,37043,166636,22529,309174,9357,4486,4871
55865,346248,37045,166649,22531,309203,9358,4486,4872
55870,346279,37047,166667,22533,309231,9359,4487,4872
55875,346310,37049,166684,22533,309259,9360,4488,4872
55880,346341,37051,166699,22534,309288,9361,4489,4872
55885,346372,37053,166714,22536,309318,9362,4489,4873
55890,346403,37055,166729,22537,309348,9363,4490,4873
55895,346434,37057,166747,22538,309376,9364,4490,4874
55900,346465,37059,166766,22539,309406,9365,4491,4874
55905,346496,37061,166779,22541,309435,9366,4492,4874
55910,346527,37063,166793,22542,309463,9367,4492,4875
55915,346558,37065,166804,22542,309492,9368,4492,4876
55920,346589,37067,166822,22544,309521,9369,4492,4877
55925,346620,37069,166841,22545,309551,9370,4492,4878
55930,346651,37071,166855,22546,309580,9371,4493,4878
55935,346682,37074,166871,22546,309608,9372,4494,4878
55940,346713,37077,166889,22547,309636,9373,4495,4878
55945,346744,37080,166906,22549,309664,9374,4496,4878
55950,346775,37084,166923,22551,309691,9375,4496,4879
55955,346806,37087,166934,22553,309719,9376,4496,4880
55960,346837,37090,166951,22555,309746,9377,4497,4880
55965,346868,37093,166965,22558,309774,9378,4497,4881
55970,346899,37100,166982,22562,309798,9379,4497,4882
55975,346930,37104,166999,22565,309824,9380,4498,4882
55980,346961,37109,167011,22568,309850,9381,4498,4883
55985,346992,37115,167019,22572,309877,9382,4498,4884
55990,347023,37121,167034,22577,309898,9383,4499,4884
55995,347054,37131,167051,22586,309923,9384,4500,4884
56000,347085,37137,167068,22588,309945,9385,4501,4884
56005,347116,37146,167081,22595,309969,9386,4502,4884
56010,347147,37150,167098,22597,309997,9387,4503,4884
56015,347178,37155,167115,22600,310022,9388,4504,4884
56020,347209,37157,167128,22600,310052,9389,4504,4885
56025,347240,37159,167142,22601,310080,9390,4505,4885
56030,347271,37161,167151,22602,310110,9391,4505,4886
56035,347302,37163,167164,22603,310139,9392,4506,4886
56040,347333,37165,167178,22604,310166,9393,4506,4887
56045,347364,37166,167190,22605,310198,9394,4507,4887
56050,347395,37167,167206,22606,310228,9395,4508,4887
56055,347426,37168,167225,22607,310258,9396,4508,4888
56060,347457,37169,167246,22608,310288,9397,4509,4888
56065,347488,37170,167259,22608,310318,9398,4510,4888
56070,347519,37171,167270,22609,310348,9399,4510,4889
56075,347550,37172,167281,22609,310378,9400,4510,4890
56080,347581,37173,167297,22609,310408,9401,4510,4891
56085,347612,37174,167314,22609,310437,9402,4511,4891
56090,347643,37175,167332,22610,310467,9403,4511,4892
56095,347674,37176,167344,22610,310498,9404,4511,4893
56100,347705,37177,167355,22610,310528,9405,4512,4893
56105,347736,37178,167364,22610,310558,9406,4512,4894
56110,347767,37180,167380,22611,310587,9407,4513,4894
56115,347798,37183,167397,22613,310613,9408,4513,4895
56120,347829,37188,167409,22616,310640,9409,4513,4896
56125,347860,37192,167423,22617,310667,9410,4513,4897
56130,347891,37197,167441,22621,310692,9411,4513,4898
56135,347922,37202,167460,22625,310719,9412,4514,4898
56140,347953,37207,167477,22630,310746,9413,4514,4899
56145,347984,37210,167490,22633,310773,9414,4514,4900
56150,348015,37215,167507,22637,310797,9415,4514,4901
56155,348046,37222,167520,22641,310824,9416,4515,4901
56160,348077,37226,167535,22643,310851,9417,4515,4902
56165,348108,37230,167549,22645,310878,9417,4515,4902
56170,348139,37233,167562,22645,310905,9417,4515,4902
56175,348170,37239,167573,22648,310929,9417,4515,4902
56180,348201,37246,167591,22653,310954,9417,4515,4902
56185,348232,37252,167604,22657,310980,9417,4515,4902
56190,348263,37255,167621,22660,311007,9417,4515,4902
56195,348294,37257,167633,22660,311036,9417,4515,4902
56200,348325,37259,167649,22661,311066,9417,4515,4902
56205,348356,37261,167665,22663,311094,9417,4515,4902
56210,348387,37263,167679,22664,311124,9417,4515,4902
56215,348418,37265,167697,22666,311153,9417,4515,4902
56220,348449,37267,167706,22667,311182,9417,4515,4902
56225,348480,37269,167724,22668,311211,9417,4515,4902
56230,348511,37271,167741,22670,311240,9417,4515,4902
56235,348542,37273,167753,22671,311268,9417,4515,4902
56240,348573,37275,167774,22673,311297,9417,4515,4902
56245,348604,37277,167790,22673,311326,9417,4515,4902
56250,348635,37279,167807,22675,311355,9417,4515,4902
56255,348666,37281,167821,22676,311385,9417,4515,4902
56260,348697,37283,167833,22676,311414,9417,4515,4902
56265,348728,37286,167846,22677,311442,9418,4515,4903
56270,348759,37289,167859,22679,311468,9419,4515,4904
56275,348790,37293,167872,22680,311496,9420,4515,4905
56280,348821,37297,167888,22684,311524,9421,4515,4906
56285,348852,37300,167904,22685,311551,9422,4515,4907
56290,348883,37303,167918,22686,311580,9423,4516,4907
56295,348914,37307,167934,22689,311607,9424,4516,4908
56300,348945,37311,167944,22691,311633,9425,4516,4909
56305,348976,37315,167961,22692,311660,9426,4516,4910
56310,349007,37319,167977,22694,311687,9427,4516,4911
56315,349038,37324,167995,22698,311714,9428,4517,4911
56320,349069,37328,168009,22700,311739,9429,4518,4911
56325,349100,37335,168023,22705,311764,9430,4519,4911
56330,349131,37342,168042,22709,311787,9431,4519,4912
56335,349162,37348,168055,22713,311813,9432,4519,4913
56340,349193,37354,168070,22718,311838,9433,4520,4913
56345,349224,37360,168087,22723,311862,9434,4521,4913
56350,349255,37368,168107,22729,311886,9435,4522,4913
56355,349286,37374,168119,22734,311912,9436,4522,4914
56360,349317,37378,168135,22738,311938,9437,4523,4914
56365,349348,37381,168152,22740,311965,9438,4524,4914
56370,349379,37383,168171,22741,311995,9439,4524,4915
56375,349410,37385,168184,22742,312024,9440,4525,4915
56380,349441,37387,168195,22743,312054,9441,4525,4916
56385,349472,37389,168213,22744,312082,9442,4525,4917
56390,349503,37391,168227,22744,312112,9443,4525,4918
56395,349534,37393,168239,22745,312141,9444,4525,4919
56400,349565,37395,168251,22745,312170,9445,4525,4920
56405,349596,37397,168268,22745,312199,9446,4526,4920
56410,349627,37399,168284,22745,312228,9447,4527,4920
56415,349658,37401,168296,22747,312257,9448,4528,4920
56420,349689,37403,168311,22748,312285,9449,4529,4920
56425,349720,37405,168325,22749,312315,9450,4529,4921
56430,349751,37407,168341,22750,312343,9451,4529,4922
56435,349782,37409,168356,22750,312373,9452,4530,4922
56440,349813,37411,168373,22752,312402,9453,4531,4922
56445,349844,37413,168384,22754,312430,9454,4532,4922
56450,349875,37415,168399,22756,312460,9455,4533,4922
56455,349906,37417,168408,22757,312489,9456,4534,4922
56460,349937,37420,168419,22758,312514,9457,4534,4923
56465,349968,37424,168433,22761,312543,9458,4534,4924
56470,349999,37428,168449,22765,312570,9459,4534,4925
56475,350030,37431,168466,22767,312597,9460,4534,4926
56480,350061,37437,168484,22772,312622,9461,4534,4927
56485,350092,37443,168502,22777,312649,9462,4534,4928
56490,350123,37448,168518,22780,312674,9463,4535,4928
56495,350154,37453,168529,22783,312701,9464,4536,4928
56500,350185,37457,168546,22786,312725,9465,4536,4929
56505,350216,37465,168559,22793,312749,9466,4536,4930
56510,350247,37474,168572,22800,312771,9467,4536,4931
56515,350278,37479,168584,22803,312799,9468,4536,4932
56520,350309,37480,168596,22803,312828,9469,4537,4932
56525,350340,37481,168616,22804,312858,9470,4538,4932
56530,350371,37482,168629,22805,312888,9471,4538,4933
56535,350402,37483,168645,22806,312917,9472,4538,4934
56540,350433,37484,168662,22807,312949,9473,4539,4934
56545,350464,37485,168679,22808,312979,9474,4540,4934
56550,350495,37486,168690,22809,313009,9475,4540,4935
56555,350526,37487,168704,22809,313039,9476,4540,4936
56560,350557,37488,168714,22809,313069,9477,4540,4937
56565,350588,37489,168730,22810,313099,9478,4541,4937
56570,350619,37491,168748,22810,313128,9479,4542,4937
56575,350650,37493,168760,22811,313157,9480,4543,4937
56580,350681,37495,168775,22812,313186,9481,4543,4938
56585,350712,37497,168791,22813,313215,9482,4543,4939
56590,350743,37499,168807,22814,313244,9483,4544,4939
56595,350774,37501,168823,22816,313273,9484,4545,4939
56600,350805,37503,168840,22818,313302,9485,4545,4940
56605,350836,37505,168852,22818,313331,9486,4546,4940
56610,350867,37507,168866,22818,313360,9487,4546,4941
56615,350898,37509,168877,22819,313389,9488,4546,4942
56620,350929,37513,168891,22822,313415,9489,4547,4942
56625,350960,37520,168905,22826,313438,9490,4548,4942
56630,350991,37525,168919,22831,313464,9491,4548,4943
56635,351022,37533,168938,22838,313486,9492,4549,4943
56640,351053,37539,168952,22842,313512,9493,4549,4944
56645,351084,37545,168966,22847,313536,9494,4550,4944
56650,351115,37554,168981,22854,313559,9495,4551,4944
56655,351146,37559,168997,22858,313586,9496,4552,4944
56660,351177,37562,169011,22859,313614,9497,4553,4944
56665,351208,37565,169023,22859,313643,9498,4553,4945
56670,351239,37570,169037,22863,313669,9499,4554,4945
56675,351270,37573,169054,22865,313697,9500,4555,4945
56680,351301,37578,169075,22870,313723,9501,4555,4946
56685,351332,37582,169090,22872,313750,9502,4556,4946
56690,351363,37585,169102,22873,313777,9503,4556,4947
56695,351394,37587,169118,22874,313806,9504,4557,4947
56700,351425,37589,169138,22876,313835,9505,4558,4947
56705,351456,37591,169152,22878,313864,9505,4558,4947
56710,351487,37593,169171,22880,313893,9505,4558,4947
56715,351518,37595,169185,22881,313923,9505,4558,4947
56720,351549,37597,169199,22882,313951,9505,4558,4947
56725,351580,37599,169213,22884,313981,9505,4558,4947
56730,351611,37601,169230,22885,314010,9505,4558,4947
56735,351642,37603,169242,22887,314039,9505,4558,4947
56740,351673,37605,169254,22887,314068,9505,4558,4947
56745,351704,37607,169265,22887,314096,9505,4558,4947
56750,351735,37609,169277,22888,314126,9505,4558,4947
56755,351766,37611,169291,22889,314154,9505,4558,4947
56760,351797,37614,169303,22891,314182,9505,4558,4947
56765,351828,37618,169320,22895,314210,9505,4558,4947
56770,351859,37621,169333,22897,314237,9505,4558,4947
56775,351890,37624,169346,22897,314265,9505,4558,4947
56780,351921,37627,169365,22899,314292,9505,4558,4947
56785,351952,37630,169382,22900,314322,9505,4558,4947
56790,351983,37634,169403,22903,314347,9505,4558,4947
56795,352014,37638,169417,22904,314375,9505,4558,4947
56800,352045,37642,169434,22906,314402,9505,4558,4947
56805,352076,37646,169449,22908,314430,9506,4559,4947
56810,352107,37651,169466,22911,314455,9507,4559,4948
56815,352138,37659,169482,22916,314477,9508,4559,4949
56820,352169,37667,169502,22922,314500,9509,4559,4950
56825,352200,37673,169516,22926,314527,9510,4559,4951
56830,352231,37676,169535,22928,314555,9511,4560,4951
56835,352262,37680,169549,22930,314582,9512,4561,4951
56840,352293,37683,169565,22931,314610,9513,4561,4952
56845,352324,37686,169582,22933,314638,9514,4562,4952
56850,352355,37690,169599,22936,314665,9515,4563,4952
56855,352386,37693,169613,22939,314693,9516,4563,4953
56860,352417,37696,169626,22942,314721,9517,4563,4954
56865,352448,37700,169641,22943,314748,9518,4563,4955
56870,352479,37704,169652,22945,314775,9519,4564,4955
56875,352510,37709,169665,22949,314800,9520,4564,4956
56880,352541,37713,169677,22951,314828,9521,4564,4957
56885,352572,37718,169695,22955,314853,9522,4565,4957
56890,352603,37722,169711,22958,314881,9523,4565,4958
56895,352634,37724,169723,22960,314910,9524,4565,4959
56900,352665,37726,169741,22961,314939,9525,4565,4960
56905,352696,37728,169758,22963,314967,9526,4566,4960
56910,352727,37730,169776,22964,314997,9527,4567,4960
56915,352758,37732,169795,22965,315025,9528,4568,4960
56920,352789,37734,169811,22966,315055,9529,4568,4961
56925,352820,37736,169825,22966,315084,9530,4569,4961
56930,352851,37738,169844,22967,315111,9531,4570,4961
56935,352882,37741,169865,22970,315141,9532,4571,4961
56940,352913,37744,169877,22971,315169,9533,4571,4962
56945,352944,37746,169894,22972,315197,9534,4572,4962
56950,352975,37749,169908,22974,315226,9535,4573,4962
56955,353006,37751,169926,22976,315254,9536,4573,4963
56960,353037,37753,169943,22978,315284,9537,4573,4964
56965,353068,37755,169960,22979,315311,9538,4573,4965
56970,353099,37757,169975,22980,315341,9539,4574,4965
56975,353130,37760,169990,22982,315368,9540,4575,4965
56980,353161,37764,170003,22986,315396,9541,4576,4965
56985,353192,37768,170015,22988,315423,9542,4577,4965
56990,353223,37772,170029,22992,315449,9543,4577,4966
56995,353254,37777,170044,22995,315475,9544,4577,4967
57000,353285,37782,170055,22997,315501,9545,4578,4967
57005,353316,37786,170073,23000,315530,9546,4579,4967
57010,353347,37789,170083,23003,315558,9547,4579,4968
57015,353378,37791,170098,23004,315587,9548,4580,4968
57020,353409,37794,170113,23006,315615,9549,4580,4969
57025,353440,37796,170126,23007,315644,9550,4581,4969
57030,353471,37799,170140,23010,315672,9551,4581,4970
57035,353502,37801,170157,23010,315700,9552,4582,4970
57040,353533,37805,170175,23013,315728,9553,4582,4971
57045,353564,37808,170194,23016,315756,9554,4583,4971
57050,353595,37811,170206,23017,315784,9555,4583,4972
57055,353626,37815,170221,23020,315810,9556,4584,4972
57060,353657,37820,170238,23023,315836,9557,4584,4973
57065,353688,37824,170254,23026,315864,9558,4585,4973
57070,353719,37826,170264,23026,315893,9559,4585,4974
57075,353750,37828,170277,23026,315922,9560,4585,4975
57080,353781,37830,170288,23027,315951,9561,4585,4976
57085,353812,37832,170303,23028,315979,9562,4586,4976
57090,353843,37834,170318,23029,316009,9563,4586,4977
57095,353874,37836,170331,23029,316037,9564,4587,4977
57100,353905,37838,170348,23030,316067,9565,4588,4977
57105,353936,37840,170359,23030,316094,9566,4588,4978
57110,353967,37845,170370,23033,316120,9567,4588,4979
57115,353998,37850,170392,23037,316147,9568,4589,4979
57120,354029,37854,170405,23039,316174,9569,4589,4980
57125,354060,37858,170422,23041,316201,9570,4590,4980
57130,354091,37862,170435,23043,316227,9571,4591,4980
57135,354122,37867,170446,23045,316254,9572,4591,4981
57140,354153,37871,170465,23047,316281,9573,4592,4981
57145,354184,37875,170477,23049,316308,9574,4592,4982
57150,354215,37880,170493,23052,316334,9575,4593,4982
57155,354246,37883,170509,23054,316363,9576,4594,4982
57160,354277,37885,170522,23054,316391,9577,4594,4983
57165,354308,37887,170536,23055,316420,9578,4595,4983
57170,354339,37891,170548,23058,316447,9579,4595,4984
57175,354370,37898,170568,23064,316471,9580,4596,4984
57180,354401,37902,170582,23066,316499,9581,4597,4984
57185,354432,37905,170595,23067,316526,9582,4598,4984
57190,354463,37908,170605,23067,316555,9583,4598,4985
57195,354494,37911,170619,23069,316583,9584,4598,4986
57200,354525,37914,170632,23071,316610,9585,4599,4986
57205,354556,37917,170641,23073,316639,9586,4599,4987
57210,354587,37920,170661,23076,316667,9587,4600,4987
57215,354618,37923,170680,23079,316693,9588,4600,4988
57220,354649,37927,170695,23081,316722,9589,4601,4988
57225,354680,37931,170709,23083,316749,9590,4602,4988
57230,354711,37936,170725,23086,316775,9591,4603,4988
57235,354742,37940,170740,23088,316802,9592,4603,4989
57240,354773,37943,170756,23089,316830,9593,4603,4990
57245,354804,37947,170772,23092,316857,9594,4603,4991
57250,354835,37949,170786,23092,316886,9595,4603,4992
57255,354866,37951,170799,23092,316914,9596,4604,4992
57260,354897,37955,170815,23095,316941,9597,4605,4992
57265,354928,37960,170833,23099,316968,9598,4606,4992
57270,354959,37964,170852,23102,316994,9599,4607,4992
57275,354990,37968,170868,23105,317020,9600,4608,4992
57280,355021,37974,170885,23111,317046,9601,4608,4993
57285,355052,37979,170902,23115,317073,9602,4608,4994
57290,355083,37983,170914,23118,317099,9603,4608,4995
57295,355114,37986,170931,23120,317125,9604,4609,4995
57300,355145,37991,170943,23124,317154,9605,4610,4995
57305,355176,37993,170956,23126,317181,9605,4610,4995
57310,355207,37995,170972,23127,317210,9605,4610,4995
57315,355238,37996,170987,23128,317240,9605,4610,4995
57320,355269,37997,171000,23129,317271,9605,4610,4995
57325,355300,37998,171017,23129,317301,9605,4610,4995
57330,355331,37999,171033,23130,317331,9605,4610,4995
57335,355362,38000,171050,23130,317361,9605,4610,4995
57340,355393,38001,171066,23131,317392,9605,4610,4995
57345,355424,38002,171081,23131,317421,9605,4610,4995
57350,355455,38003,171099,23132,317452,9605,4610,4995
57355,355486,38005,171112,23132,317480,9605,4610,4995
57360,355517,38007,171128,23133,317510,9605,4610,4995
57365,355548,38009,171142,23133,317538,9605,4610,4995
57370,355579,38011,171157,23134,317567,9605,4610,4995
57375,355610,38013,171174,23135,317596,9605,4610,4995
57380,355641,38015,171188,23137,317625,9605,4610,4995
57385,355672,38017,171198,23137,317654,9605,4610,4995
57390,355703,38019,171212,23138,317684,9605,4610,4995
57395,355734,38021,171224,23139,317713,9605,4610,4995
57400,355765,38023,171239,23140,317742,9605,4610,4995
57405,355796,38025,171251,23141,317771,9606,4610,4996
57410,355827,38028,171270,23143,317799,9607,4611,4996
57415,355858,38036,171288,23151,317821,9608,4611,4997
57420,355889,38044,171306,23158,317844,9609,4611,4998
57425,355920,38050,171321,23163,317870,9610,4611,4999
57430,355951,38055,171337,23167,317895,9611,4611,5000
57435,355982,38060,171353,23170,317921,9612,4612,5000
57440,356013,38066,171367,23174,317946,9613,4612,5001
57445,356044,38072,171384,23177,317971,9614,4613,5001
57450,356075,38078,171399,23181,317996,9615,4614,5001
57455,356106,38084,171415,23186,318022,9616,4614,5002
57460,356137,38090,171427,23191,318046,9617,4615,5002
57465,356168,38094,171441,23194,318073,9618,4615,5003
57470,356199,38098,171456,23196,318099,9619,4616,5003
57475,356230,38102,171469,23198,318127,9620,4617,5003
57480,356261,38106,171483,23200,318153,9621,4617,5004
57485,356292,38109,171495,23203,318182,9622,4618,5004
57490,356323,38111,171506,23205,318211,9623,4618,5005
57495,356354,38113,171518,23205,318241,9624,4619,5005
57500,356385,38115,171530,23206,318268,9625,4620,5005
57505,356416,38117,171547,23207,318298,9626,4621,5005
57510,356447,38119,171557,23207,318327,9627,4622,5005
57515,356478,38121,171575,23208,318355,9628,4622,5006
57520,356509,38123,171595,23209,318385,9629,4623,5006
57525,356540,38125,171612,23210,318414,9630,4623,5007
57530,356571,38127,171623,23210,318443,9631,4623,5008
57535,356602,38129,171640,23212,318472,9632,4624,5008
57540,356633,38131,171651,23213,318502,9633,4625,5008
57545,356664,38133,171663,23214,318531,9634,4626,5008
57550,356695,38135,171672,23214,318560,9635,4626,5009
57555,356726,38137,171688,23215,318589,9636,4627,5009
57560,356757,38139,171698,23215,318618,9637,4628,5009
57565,356788,38141,171714,23217,318647,9638,4629,5009
57570,356819,38143,171727,23217,318676,9639,4629,5010
57575,356850,38146,171743,23219,318704,9640,4629,5011
57580,356881,38149,171762,23221,318732,9641,4629,5012
57585,356912,38152,171781,23223,318760,9642,4630,5012
57590,356943,38158,171798,23228,318784,9643,4631,5012
57595,356974,38167,171812,23235,318807,9644,4631,5013
57600,357005,38172,171824,23238,318832,9645,4631,5014
57605,357036,38178,171840,23241,318857,9646,4631,5015
57610,357067,38183,171852,23243,318884,9647,4631,5016
57615,357098,38188,171868,23246,318908,9648,4632,5016
57620,357129,38193,171879,23249,318936,9649,4632,5017
57625,357160,38198,171893,23252,318961,9650,4632,5018
57630,357191,38203,171911,23254,318988,9651,4633,5018
57635,357222,38210,171926,23259,319011,9652,4634,5018
57640,357253,38215,171939,23262,319037,9653,4634,5019
57645,357284,38220,171951,23266,319063,9654,4634,5020
57650,357315,38227,171966,23272,319088,9655,4634,5021
57655,357346,38229,171980,23274,319117,9656,4634,5022
57660,357377,38231,171998,23275,319146,9657,4634,5023
57665,357408,38233,172010,23275,319175,9658,4634,5024
57670,357439,38235,172025,23275,319202,9659,4634,5025
57675,357470,38237,172038,23276,319233,9660,4634,5026
57680,357501,38239,172050,23277,319262,9661,4634,5027
57685,357532,38241,172059,23278,319290,9662,4634,5028
57690,357563,38243,172074,23280,319317,9663,4635,5028
57695,357594,38245,172089,23280,319347,9664,4636,5028
57700,357625,38247,172102,23281,319377,9665,4637,5028
57705,357656,38249,172119,23282,319406,9666,4638,5028
57710,357687,38251,172137,23282,319436,9667,4638,5029
57715,357718,38253,172146,23282,319465,9668,4639,5029
57720,357749,38255,172164,23284,319494,9669,4639,5030
57725,357780,38257,172181,23286,319523,9670,4639,5031
57730,357811,38259,172192,23287,319552,9671,4640,5031
57735,357842,38261,172205,23289,319581,9672,4640,5032
57740,357873,38265,172225,23291,319607,9673,4641,5032
57745,357904,38271,172241,23294,319632,9674,4642,5032
57750,357935,38277,172257,23298,319658,9675,4643,5032
57755,357966,38281,172269,23301,319685,9676,4644,5032
57760,357997,38286,172286,23303,319711,9677,4645,5032
57765,358028,38291,172303,23307,319737,9678,4646,5032
57770,358059,38295,172313,23309,319763,9679,4646,5033
57775,358090,38300,172324,23312,319789,9680,4646,5034
57780,358121,38307,172340,23318,319812,9681,4647,5034
57785,358152,38311,172353,23321,319841,9682,4648,5034
57790,358183,38315,172370,23325,319868,9683,4648,5035
57795,358214,38319,172380,23327,319895,9684,4648,5036
57800,358245,38322,172395,23330,319923,9685,4648,5037
57805,358276,38325,172407,23332,319951,9686,4649,5037
57810,358307,38328,172426,23333,319977,9687,4650,5037
57815,358338,38333,172437,23337,320004,9688,4650,5038
57820,358369,38339,172454,23342,320029,9689,4651,5038
57825,358400,38345,172473,23347,320052,9690,4651,5039
57830,358431,38350,172487,23351,320079,9691,4651,5040
57835,358462,38352,172495,23351,320110,9692,4651,5041
57840,358493,38354,172509,23351,320137,9693,4652,5041
57845,358524,38355,172517,23351,320168,9694,4652,5042
57850,358555,38356,172539,23352,320198,9695,4653,5042
57855,358586,38357,172553,23353,320229,9696,4653,5043
57860,358617,38358,172572,23354,320259,9697,4653,5044
57865,358648,38359,172589,23355,320289,9698,4653,5045
57870,358679,38360,172605,23355,320319,9699,4654,5045
57875,358710,38361,172615,23355,320349,9700,4655,5045
57880,358741,38362,172629,23355,320379,9701,4655,5046
57885,358772,38363,172641,23355,320408,9702,4655,5047
57890,358803,38366,172654,23358,320436,9703,4655,5048
57895,358834,38369,172672,23361,320464,9704,4655,5049
57900,358865,38372,172682,23363,320493,9705,4656,5049
57905,358896,38374,172701,23363,320521,9705,4656,5049
57910,358927,38377,172714,23365,320550,9705,4656,5049
57915,358958,38379,172728,23366,320578,9705,4656,5049
57920,358989,38382,172741,23369,320607,9705,4656,5049
57925,359020,38384,172756,23370,320635,9705,4656,5049
57930,359051,38386,172765,23371,320665,9705,4656,5049
57935,359082,38389,172781,23373,320693,9705,4656,5049
57940,359113,38392,172794,23375,320721,9705,4656,5049
57945,359144,38395,172809,23376,320747,9705,4656,5049
57950,359175,38404,172825,23381,320769,9705,4656,5049
57955,359206,38410,172845,23387,320796,9705,4656,5049
57960,359237,38413,172855,23388,320824,9705,4656,5049
57965,359268,38416,172871,23391,320852,9705,4656,5049
57970,359299,38419,172886,23394,320877,9705,4656,5049
57975,359330,38422,172900,23394,320907,9705,4656,5049
57980,359361,38425,172915,23395,320933,9705,4656,5049
57985,359392,38429,172928,23396,320963,9705,4656,5049
57990,359423,38432,172940,23396,320990,9705,4656,5049
57995,359454,38436,172959,23398,321018,9705,4656,5049
58000,359485,38439,172966,23399,321045,9705,4656,5049
58005,359516,38443,172980,23402,321073,9706,4656,5050
58010,359547,38446,173000,23404,321100,9707,4656,5051
58015,359578,38449,173015,23405,321129,9708,4657,5051
58020,359609,38452,173034,23408,321157,9709,4658,5051
58025,359640,38458,173048,23411,321182,9710,4659,5051
58030,359671,38463,173060,23415,321208,9711,4659,5052
58035,359702,38469,173081,23421,321233,9712,4659,5053
58040,359733,38472,173099,23422,321261,9713,4659,5054
58045,359764,38474,173112,23423,321290,9714,4659,5055
58050,359795,38476,173132,23424,321319,9715,4660,5055
58055,359826,38478,173142,23424,321348,9716,4660,5056
58060,359857,38480,173156,23425,321377,9717,4661,5056
58065,359888,38483,173167,23425,321405,9718,4662,5056
58070,359919,38486,173177,23425,321433,9719,4662,5057
58075,359950,38489,173196,23428,321460,9720,4663,5057
58080,359981,38493,173208,23430,321488,9721,4663,5058
58085,360012,38498,173222,23433,321513,9722,4663,5059
58090,360043,38503,173236,23437,321539,9723,4664,5059
58095,360074,38509,173251,23442,321565,9724,4665,5059
58100,360105,38515,173269,23447,321588,9725,4665,5060
58105,360136,38520,173283,23452,321614,9726,4665,5061
58110,360167,38523,173300,23455,321643,9727,4665,5062
58115,360198,38525,173311,23456,321673,9728,4665,5063
58120,360229,38527,173331,23458,321702,9729,4665,5064
58125,360260,38529,173343,23459,321730,9730,4665,5065
58130,360291,38531,173353,23461,321757,9731,4665,5066
58135,360322,38533,173373,23463,321789,9732,4666,5066
58140,360353,38535,173387,23464,321817,9733,4666,5067
58145,360384,38537,173405,23465,321847,9734,4667,5067
58150,360415,38539,173420,23467,321876,9735,4668,5067
58155,360446,38541,173433,23467,321905,9736,4668,5068
58160,360477,38543,173446,23468,321934,9737,4668,5069
58165,360508,38545,173464,23469,321963,9738,4669,5069
58170,360539,38547,173482,23470,321992,9739,4669,5070
58175,360570,38549,173497,23472,322021,9740,4670,5070
58180,360601,38551,173511,23474,322050,9741,4671,5070
58185,360632,38553,173526,23475,322078,9742,4672,5070
58190,360663,38555,173540,23476,322108,9743,4673,5070
58195,360694,38558,173560,23478,322135,9744,4673,5071
58200,360725,38561,173575,23479,322163,9745,4673,5072
58205,360756,38563,173590,23480,322192,9746,4674,5072
58210,360787,38565,173605,23480,322220,9747,4674,5073
58215,360818,38570,173621,23484,322246,9748,4674,5074
58220,360849,38575,173635,23487,322273,9749,4674,5075
58225,360880,38579,173647,23490,322299,9750,4675,5075
58230,360911,38586,173660,23495,322323,9751,4676,5075
58235,360942,38594,173677,23502,322348,9752,4677,5075
58240,360973,38601,173693,23507,322370,9753,4677,5076
58245,361004,38608,173703,23513,322396,9754,4678,5076
58250,361035,38615,173725,23519,322416,9755,4679,5076
58255,361066,38618,173741,23521,322447,9756,4679,5077
58260,361097,38620,173754,23521,322476,9757,4680,5077
58265,361128,38622,173768,23522,322505,9758,4681,5077
58270,361159,38624,173783,23523,322534,9759,4681,5078
58275,361190,38626,173796,23525,322563,9760,4681,5079
58280,361221,38628,173811,23527,322593,9761,4681,5080
58285,361252,38630,173824,23529,322621,9762,4681,5081
58290,361283,38632,173836,23529,322651,9763,4682,5081
58295,361314,38634,173856,23531,322679,9764,4683,5081
58300,361345,38636,173870,23532,322709,9765,4684,5081
58305,361376,38638,173885,23534,322738,9766,4685,5081
58310,361407,38640,173897,23535,322767,9767,4685,5082
58315,361438,38642,173910,23535,322796,9768,4685,5083
58320,361469,38644,173922,23536,322825,9769,4686,5083
58325,361500,38646,173937,23536,322854,9770,4686,5084
58330,361531,38648,173951,23536,322882,9771,4687,5084
58335,361562,38650,173968,23536,322911,9772,4688,5084
58340,361593,38652,173991,23536,322940,9773,4689,5084
58345,361624,38654,174004,23537,322970,9774,4689,5085
58350,361655,38656,174016,23537,322998,9775,4690,5085
58355,361686,38659,174028,23538,323027,9776,4691,5085
58360,361717,38662,174042,23538,323053,9777,4692,5085
58365,361748,38669,174055,23542,323078,9778,4692,5086
58370,361779,38675,174066,23545,323103,9779,4692,5087
58375,361810,38680,174082,23549,323128,9780,4692,5088
58380,361841,38686,174098,23553,323155,9781,4692,5089
58385,361872,38693,174115,23557,323178,9782,4693,5089
58390,361903,38700,174132,23562,323201,9783,4693,5090
58395,361934,38711,174151,23571,323223,9784,4694,5090
58400,361965,38717,174170,23576,323248,9785,4695,5090
58405,361996,38723,174185,23582,323273,9786,4695,5091
58410,362027,38725,174194,23582,323302,9787,4695,5092
58415,362058,38727,174214,23583,323330,9788,4696,5092
58420,362089,38729,174228,23585,323359,9789,4697,5092
58425,362120,38731,174244,23586,323388,9790,4697,5093
58430,362151,38733,174258,23586,323418,9791,4698,5093
58435,362182,38735,174271,23587,323447,9792,4699,5093
58440,362213,38737,174289,23587,323475,9793,4699,5094
58445,362244,38739,174302,23587,323503,9794,4700,5094
58450,362275,38741,174319,23588,323534,9795,4701,5094
58455,362306,38743,174334,23589,323562,9796,4701,5095
58460,362337,38745,174346,23590,323592,9797,4701,5096
58465,362368,38747,174356,23591,323621,9798,4702,5096
58470,362399,38749,174368,23592,323649,9799,4703,5096
58475,362430,38751,174382,23593,323679,9800,4704,5096
58480,362461,38753,174397,23594,323708,9801,4705,5096
58485,362492,38755,174407,23595,323736,9802,4705,5097
58490,362523,38757,174419,23596,323765,9803,4705,5098
58495,362554,38759,174436,23597,323793,9804,4706,5098
58500,362585,38761,174450,23599,323822,9805,4707,5098
58505,362616,38763,174463,23600,323851,9806,4708,5098
58510,362647,38767,174476,23603,323879,9807,4709,5098
58515,362678,38772,174489,23606,323904,9808,4709,5099
58520,362709,38777,174502,23608,323931,9809,4709,5100
58525,362740,38782,174516,23612,323958,9810,4710,5100
58530,362771,38786,174534,23615,323984,9811,4710,5101
58535,362802,38792,174549,23619,324010,9812,4710,5102
58540,362833,38798,174568,23623,324035,9813,4711,5102
58545,362864,38804,174589,23628,324059,9814,4712,5102
58550,362895,38809,174605,23631,324085,9815,4712,5103
58555,362926,38817,174624,23636,324107,9816,4713,5103
58560,362957,38824,174642,23643,324131,9817,4713,5104
58565,362988,38831,174657,23648,324156,9817,4713,5104
58570,363019,38838,174671,23653,324181,9817,4713,5104
58575,363050,38842,174683,23654,324208,9817,4713,5104
58580,363081,38848,174698,23658,324233,9817,4713,5104
58585,363112,38852,174712,23660,324260,9817,4713,5104
58590,363143,38854,174729,23661,324288,9817,4713,5104
58595,363174,38856,174740,23661,324318,9817,4713,5104
58600,363205,38858,174751,23663,324347,9817,4713,5104
58605,363236,38860,174767,23664,324376,9817,4713,5104
58610,363267,38862,174780,23664,324405,9817,4713,5104
58615,363298,38864,174793,23664,324432,9817,4713,5104
58620,363329,38866,174810,23666,324461,9817,4713,5104
58625,363360,38868,174826,23667,324490,9817,4713,5104
58630,363391,38870,174837,23668,324519,9817,4713,5104
58635,363422,38872,174850,23668,324548,9817,4713,5104
58640,363453,38874,174867,23669,324579,9817,4713,5104
58645,363484,38876,174886,23670,324608,9817,4713,5104
58650,363515,38878,174903,23671,324637,9817,4713,5104
58655,363546,38880,174922,23672,324666,9817,4713,5104
58660,363577,38882,174936,23673,324695,9817,4713,5104
58665,363608,38884,174951,23675,324724,9818,4714,5104
58670,363639,38886,174964,23676,324752,9819,4714,5105
58675,363670,38888,174983,23676,324781,9820,4715,5105
58680,363701,38890,174999,23678,324811,9821,4715,5106
58685,363732,38892,175014,23678,324840,9822,4716,5106
58690,363763,38895,175031,23679,324868,9823,4716,5107
58695,363794,38899,175045,23679,324895,9824,4717,5107
58700,363825,38903,175059,23682,324922,9825,4718,5107
58705,363856,38907,175073,23683,324948,9826,4719,5107
58710,363887,38912,175087,23686,324975,9827,4720,5107
58715,363918,38916,175101,23686,325002,9828,4720,5108
58720,363949,38921,175114,23688,325028,9829,4721,5108
58725,363980,38926,175122,23691,325054,9830,4721,5109
58730,364011,38931,175137,23694,325079,9831,4722,5109
58735,364042,38937,175157,23700,325104,9832,4722,5110
58740,364073,38942,175169,23701,325129,9833,4723,5110
58745,364104,38947,175178,23705,325155,9834,4723,5111
58750,364135,38956,175196,23714,325178,9835,4724,5111
58755,364166,38965,175208,23722,325201,9836,4724,5112
58760,364197,38970,175229,23727,325225,9837,4725,5112
58765,364228,38974,175243,23729,325253,9838,4725,5113
58770,364259,38975,175256,23729,325283,9839,4725,5114
58775,364290,38976,175270,23729,325313,9840,4726,5114
58780,364321,38977,175286,23729,325344,9841,4726,5115
58785,364352,38978,175301,23730,325372,9842,4726,5116
58790,364383,38979,175319,23730,325402,9843,4727,5116
58795,364414,38980,175334,23730,325433,9844,4728,5116
58800,364445,38981,175343,23730,325463,9845,4728,5117
58805,364476,38982,175357,23731,325494,9846,4729,5117
58810,364507,38983,175370,23732,325524,9847,4730,5117
58815,364538,38984,175385,23733,325554,9848,4731,5117
58820,364569,38985,175402,23734,325584,9849,4731,5118
58825,364600,38986,175420,23735,325614,9850,4732,5118
58830,364631,38987,175440,23735,325644,9851,4733,5118
58835,364662,38988,175458,23736,325674,9852,4733,5119
58840,364693,38989,175471,23736,325704,9853,4734,5119
58845,364724,38990,175487,23736,325734,9854,4734,5120
58850,364755,38992,175506,23738,325762,9855,4734,5121
58855,364786,38994,175521,23739,325791,9856,4734,5122
58860,364817,38996,175531,23739,325821,9857,4734,5123
58865,364848,38999,175545,23740,325849,9858,4735,5123
58870,364879,39002,175560,23742,325877,9859,4735,5124
58875,364910,39006,175576,23745,325903,9860,4735,5125
58880,364941,39011,175588,23747,325930,9861,4736,5125
58885,364972,39015,175605,23749,325957,9862,4736,5126
58890,365003,39019,175621,23751,325984,9863,4737,5126
58895,365034,39023,175633,23752,326011,9864,4737,5127
58900,365065,39028,175646,23755,326037,9865,4737,5128
58905,365096,39032,175666,23756,326062,9866,4738,5128
58910,365127,39041,175682,23762,326084,9867,4738,5129
58915,365158,39050,175693,23768,326105,9868,4738,5130
58920,365189,39063,175705,23778,326124,9869,4738,5131
58925,365220,39070,175721,23783,326148,9870,4738,5132
58930,365251,39075,175739,23787,326175,9871,4739,5132
58935,365282,39077,175752,23787,326205,9872,4740,5132
58940,365313,39079,175765,23787,326234,9873,4740,5133
58945,365344,39081,175783,23788,326263,9874,4740,5134
58950,365375,39083,175797,23789,326292,9875,4740,5135
58955,365406,39085,175810,23790,326321,9876,4741,5135
58960,365437,39087,175824,23790,326350,9877,4742,5135
58965,365468,39089,175838,23791,326379,9878,4743,5135
58970,365499,39091,175859,23793,326407,9879,4744,5135
58975,365530,39093,175878,23795,326436,9880,4745,5135
58980,365561,39095,175897,23797,326466,9881,4746,5135
58985,365592,39097,175909,23798,326494,9882,4746,5136
58990,365623,39099,175922,23799,326524,9883,4746,5137
58995,365654,39101,175941,23801,326553,9884,4747,5137
59000,365685,39103,175960,23802,326582,9885,4747,5138
59005,365716,39105,175979,23802,326611,9886,4748,5138
59010,365747,39107,175995,23803,326640,9887,4749,5138
59015,365778,39109,176010,23803,326669,9888,4749,5139
59020,365809,39111,176027,23804,326698,9889,4750,5139
59025,365840,39113,176042,23804,326727,9890,4750,5140
59030,365871,39117,176055,23806,326752,9891,4750,5141
59035,365902,39121,176072,23809,326781,9892,4750,5142
59040,365933,39126,176089,23812,326805,9893,4750,5143
59045,365964,39132,176104,23816,326832,9894,4751,5143
59050,365995,39138,176120,23820,326857,9895,4751,5144
59055,366026,39143,176128,23821,326883,9896,4751,5145
59060,366057,39147,176139,23823,326909,9897,4752,5145
59065,366088,39152,176149,23825,326935,9898,4752,5146
59070,366119,39158,176162,23828,326961,9899,4753,5146
59075,366150,39163,176177,23833,326987,9900,4753,5147
59080,366181,39168,176189,23834,327013,9901,4754,5147
59085,366212,39172,176204,23836,327040,9902,4755,5147
59090,366243,39175,176218,23838,327067,9903,4755,5148
59095,366274,39180,176233,23842,327093,9904,4755,5149
59100,366305,39183,176245,23843,327121,9905,4755,5150
59105,366336,39186,176262,23844,327150,9905,4755,5150
59110,366367,39189,176275,23846,327178,9905,4755,5150
59115,366398,39194,176292,23850,327204,9905,4755,5150
59120,366429,39197,176307,23853,327232,9905,4755,5150
59125,366460,39198,176322,23853,327262,9905,4755,5150
59130,366491,39199,176336,23854,327292,9905,4755,5150
59135,366522,39200,176350,23854,327322,9905,4755,5150
59140,366553,39201,176364,23854,327352,9905,4755,5150
59145,366584,39202,176379,23854,327381,9905,4755,5150
59150,366615,39203,176397,23855,327411,9905,4755,5150
59155,366646,39204,176410,23855,327442,9905,4755,5150
59160,366677,39205,176430,23855,327471,9905,4755,5150
59165,366708,39206,176443,23856,327502,9905,4755,5150
59170,366739,39207,176457,23857,327532,9905,4755,5150
59175,366770,39208,176468,23857,327562,9905,4755,5150
59180,366801,39209,176486,23858,327592,9905,4755,5150
59185,366832,39212,176500,23860,327620,9905,4755,5150
59190,366863,39214,176513,23861,327648,9905,4755,5150
59195,366894,39217,176533,23863,327677,9905,4755,5150
59200,366925,39220,176550,23864,327704,9905,4755,5150
59205,366956,39224,176568,23867,327731,9906,4755,5151
59210,366987,39227,176583,23868,327760,9907,4756,5151
59215,367018,39230,176591,23868,327787,9908,4756,5152
59220,367049,39240,176608,23875,327806,9909,4757,5152
59225,367080,39245,176620,23878,327834,9910,4757,5153
59230,367111,39248,176630,23880,327862,9911,4757,5154
59235,367142,39251,176644,23881,327890,9912,4757,5155
59240,367173,39254,176657,23883,327919,9913,4757,5156
59245,367204,39257,176669,23884,327947,9914,4758,5156
59250,367235,39260,176682,23884,327975,9915,4759,5156
59255,367266,39263,176698,23886,328003,9916,4759,5157
59260,367297,39266,176713,23887,328031,9917,4759,5158
59265,367328,39269,176728,23887,328059,9918,4759,5159
59270,367359,39274,176745,23891,328085,9919,4760,5159
59275,367390,39278,176755,23894,328112,9920,4761,5159
59280,367421,39283,176768,23897,328138,9921,4762,5159
59285,367452,39290,176787,23901,328162,9922,4763,5159
59290,367483,39295,176801,23903,328188,9923,4763,5160
59295,367514,39300,176821,23906,328214,9924,4763,5161
59300,367545,39302,176838,23907,328242,9925,4764,5161
59305,367576,39304,176852,23907,328272,9926,4765,5161
59310,367607,39306,176867,23907,328301,9927,4765,5162
59315,367638,39308,176883,23907,328328,9928,4766,5162
59320,367669,39310,176900,23908,328358,9929,4767,5162
59325,367700,39312,176914,23910,328388,9930,4767,5163
59330,367731,39314,176928,23910,328416,9931,4768,5163
59335,367762,39316,176943,23911,328445,9932,4769,5163
59340,367793,39320,176958,23913,328472,9933,4770,5163
59345,367824,39324,176975,23915,328499,9934,4770,5164
59350,367855,39329,176990,23918,328524,9935,4771,5164
59355,367886,39336,177008,23924,328549,9936,4772,5164
59360,367917,39341,177019,23927,328575,9937,4772,5165
59365,367948,39347,177034,23931,328599,9938,4773,5165
59370,367979,39349,177047,23932,328629,9939,4773,5166
59375,368010,39351,177066,23933,328657,9940,4774,5166
59380,368041,39353,177083,23934,328687,9941,4774,5167
59385,368072,39355,177093,23934,328717,9942,4774,5168
59390,368103,39357,177110,23935,328745,9943,4774,5169
59395,368134,39359,177131,23937,328775,9944,4775,5169
59400,368165,39361,177150,23938,328804,9945,4776,5169
59405,368196,39364,177168,23939,328832,9946,4777,5169
59410,368227,39367,177183,23940,328860,9947,4777,5170
59415,368258,39370,177202,23943,328888,9948,4777,5171
59420,368289,39374,177221,23947,328915,9949,4777,5172
59425,368320,39378,177229,23949,328942,9950,4777,5173
59430,368351,39381,177244,23951,328970,9951,4778,5173
59435,368382,39385,177263,23953,328997,9952,4779,5173
59440,368413,39388,177276,23955,329025,9953,4780,5173
59445,368444,39392,177297,23959,329052,9954,4780,5174
59450,368475,39396,177309,23961,329079,9955,4781,5174
59455,368506,39400,177326,23963,329106,9956,4782,5174
59460,368537,39404,177344,23965,329133,9957,4783,5174
59465,368568,39408,177359,23969,329159,9958,4784,5174
59470,368599,39415,177372,23974,329183,9959,4784,5175
59475,368630,39420,177384,23976,329208,9960,4785,5175
59480,368661,39425,177396,23981,329235,9961,4786,5175
59485,368692,39429,177415,23985,329261,9962,4787,5175
59490,368723,39433,177430,23987,329290,9963,4788,5175
59495,368754,39437,177444,23990,329315,9964,4788,5176
59500,368785,39442,177457,23994,329341,9965,4789,5176
59505,368816,39448,177469,23998,329363,9966,4789,5177
59510,368847,39455,177484,24004,329389,9967,4789,5178
59515,368878,39457,177497,24004,329419,9968,4789,5179
59520,368909,39459,177514,24005,329446,9969,4790,5179
59525,368940,39461,177527,24006,329479,9970,4791,5179
59530,368971,39463,177541,24006,329508,9971,4791,5180
59535,369002,39465,177554,24007,329537,9972,4791,5181
59540,369033,39467,177568,24008,329566,9973,4792,5181
59545,369064,39469,177585,24009,329595,9974,4792,5182
59550,369095,39471,177603,24011,329624,9975,4792,5183
59555,369126,39473,177618,24011,329653,9976,4793,5183
59560,369157,39475,177636,24012,329682,9977,4794,5183
59565,369188,39477,177646,24014,329711,9978,4795,5183
59570,369219,39479,177660,24016,329740,9979,4795,5184
59575,369250,39481,177674,24018,329769,9980,4795,5185
59580,369281,39484,177694,24019,329797,9981,4796,5185
59585,369312,39487,177708,24020,329825,9982,4796,5186
59590,369343,39490,177721,24021,329853,9983,4797,5186
59595,369374,39493,177738,24021,329881,9984,4798,5186
59600,369405,39496,177755,24023,329909,9985,4799,5186
59605,369436,39499,177775,24024,329937,9986,4800,5186
59610,369467,39502,177789,24024,329965,9987,4801,5186
59615,369498,39505,177805,24027,329992,9988,4801,5187
59620,369529,39510,177816,24031,330019,9989,4801,5188
59625,369560,39515,177827,24033,330045,9990,4802,5188
59630,369591,39520,177844,24038,330071,9991,4802,5189
59635,369622,39529,177859,24046,330091,9992,4802,5190
59640,369653,39537,177872,24052,330115,9993,4802,5191
59645,369684,39543,177887,24056,330139,9993,4802,5191
59650,369715,39552,177902,24064,330161,9993,4802,5191
59655,369746,39557,177913,24068,330189,9993,4802,5191
59660,369777,39558,177930,24069,330218,9993,4802,5191
59665,369808,39559,177944,24069,330248,9993,4802,5191
59670,369839,39560,177957,24069,330278,9993,4802,5191
59675,369870,39561,177973,24069,330308,9993,4802,5191
59680,369901,39562,177986,24069,330339,9993,4802,5191
59685,369932,39563,178003,24069,330369,9993,4802,5191
59690,369963,39564,178022,24070,330398,9993,4802,5191
59695,369994,39565,178035,24070,330428,9993,4802,5191
59700,370025,39566,178052,24070,330457,9993,4802,5191
59705,370056,39567,178067,24071,330489,9993,4802,5191
59710,370087,39568,178081,24072,330517,9993,4802,5191
59715,370118,39569,178095,24073,330549,9993,4802,5191
59720,370149,39570,178108,24074,330578,9993,4802,5191
59725,370180,39571,178124,24075,330608,9993,4802,5191
59730,370211,39572,178138,24075,330639,9993,4802,5191
59735,370242,39573,178155,24076,330669,9993,4802,5191
59740,370273,39574,178175,24077,330699,9993,4802,5191
59745,370304,39575,178196,24077,330729,9994,4803,5191
59750,370335,39577,178214,24078,330757,9995,4804,5191
59755,370366,39579,178229,24078,330787,9996,4805,5191
59760,370397,39582,178244,24079,330814,9997,4806,5191
59765,370428,39586,178258,24080,330842,9998,4807,5191
59770,370459,39590,178270,24082,330869,9999,4807,5192
59775,370490,39594,178285,24083,330896,10000,4808,5192
59780,370521,39598,178303,24083,330923,10001,4808,5193
59785,370552,39602,178317,24084,330950,10002,4809,5193
59790,370583,39607,178333,24087,330976,10003,4809,5194
59795,370614,39613,178352,24092,331001,10004,4809,5195
59800,370645,39619,178369,24095,331026,10005,4810,5195
59805,370676,39623,178380,24096,331051,10006,4811,5195
59810,370707,39629,178393,24101,331077,10007,4811,5196
59815,370738,39637,178408,24107,331100,10008,4811,5197
59820,370769,39646,178423,24114,331121,10009,4811,5198
59825,370800,39650,178433,24115,331149,10010,4812,5198
59830,370831,39654,178449,24117,331177,10011,4812,5199
59835,370862,39658,178458,24119,331204,10012,4812,5200
59840,370893,39662,178471,24122,331231,10013,4812,5201
59845,370924,39669,178490,24128,331254,10014,4812,5202
59850,370955,39671,178501,24128,331283,10015,4813,5202
59855,370986,39673,178514,24129,331313,10016,4814,5202
59860,371017,39675,178529,24130,331341,10017,4814,5203
59865,371048,39677,178545,24132,331371,10018,4814,5204
59870,371079,39679,178556,24132,331399,10019,4815,5204
59875,371110,39681,178570,24132,331429,10020,4815,5205
59880,371141,39683,178588,24133,331456,10021,4816,5205
59885,371172,39685,178607,24134,331486,10022,4817,5205
59890,371203,39687,178623,24134,331515,10023,4818,5205
59895,371234,39689,178637,24134,331545,10024,4819,5205
59900,371265,39691,178653,24135,331574,10025,4820,5205
59905,371296,39693,178663,24135,331603,10026,4821,5205
59910,371327,39695,178680,24137,331632,10027,4822,5205
59915,371358,39697,178697,24138,331661,10028,4823,5205
59920,371389,39699,178710,24139,331690,10029,4823,5206
59925,371420,39701,178724,24139,331718,10030,4823,5207
59930,371451,39706,178739,24142,331744,10031,4824,5207
59935,371482,39712,178755,24147,331768,10032,4825,5207
59940,371513,39718,178771,24152,331791,10033,4825,5208
59945,371544,39725,178791,24159,331817,10034,4825,5209
59950,371575,39730,178807,24162,331845,10035,4826,5209
59955,371606,39733,178821,24164,331873,10036,4827,5209
59960,371637,39736,178835,24166,331901,10037,4827,5210
59965,371668,39739,178848,24167,331929,10038,4828,5210
59970,371699,39742,178862,24167,331957,10039,4828,5211
59975,371730,39745,178880,24169,331985,10040,4829,5211
59980,371761,39749,178893,24171,332012,10041,4829,5212
59985,371792,39753,178909,24174,332039,10042,4830,5212
59990,371823,39758,178924,24176,332065,10043,4830,5213
59995,371854,39761,178938,24177,332093,10044,4831,5213
60000,371885,39765,178950,24179,332120,10045,4831,5214
60005,371916,39769,178964,24182,332147,10046,4832,5214
60010,371947,39773,178977,24184,332174,10047,4833,5214
60015,371978,39778,178993,24188,332200,10048,4833,5215
60020,372009,39779,179012,24189,332229,10049,4834,5215
60025,372040,39780,179028,24189,332259,10050,4835,5215
60030,372071,39781,179041,24189,332289,10051,4836,5215
60035,372102,39782,179054,24189,332320,10052,4837,5215
60040,372133,39783,179067,24189,332349,10053,4837,5216
60045,372164,39784,179084,24190,332379,10054,4838,5216
60050,372195,39785,179096,24191,332409,10055,4838,5217
60055,372226,39787,179112,24193,332439,10056,4838,5218
60060,372257,39789,179126,24194,332466,10057,4838,5219
60065,372288,39792,179143,24195,332494,10058,4839,5219
60070,372319,39795,179162,24198,332523,10059,4839,5220
60075,372350,39797,179177,24199,332552,10060,4840,5220
60080,372381,39800,179196,24202,332580,10061,4840,5221
60085,372412,39803,179213,24205,332608,10062,4840,5222
60090,372443,39806,179225,24207,332637,10063,4841,5222
60095,372474,39808,179240,24207,332666,10064,4841,5223
60100,372505,39810,179256,24208,332695,10065,4841,5224
60105,372536,39813,179273,24210,332720,10066,4841,5225
60110,372567,39821,179288,24217,332744,10067,4841,5226
60115,372598,39827,179305,24221,332771,10068,4842,5226
60120,372629,39829,179318,24223,332800,10069,4843,5226
60125,372660,39832,179334,24225,332828,10070,4844,5226
60130,372691,39835,179346,24225,332856,10071,4845,5226
60135,372722,39838,179364,24227,332884,10072,4845,5227
60140,372753,39841,179380,24227,332912,10073,4846,5227
60145,372784,39844,179393,24229,332939,10074,4847,5227
60150,372815,39847,179413,24231,332967,10075,4848,5227
60155,372846,39850,179432,24233,332994,10076,4848,5228
60160,372877,39853,179442,24234,333024,10077,4848,5229
60165,372908,39857,179453,24237,333050,10078,4849,5229
60170,372939,39862,179469,24240,333075,10079,4850,5229
60175,372970,39868,179483,24244,333102,10080,4850,5230
60180,373001,39874,179498,24248,333125,10081,4850,5231
60185,373032,39881,179515,24253,333151,10081,4850,5231
60190,373063,39883,179530,24254,333180,10081,4850,5231
60195,373094,39885,179543,24256,333209,10081,4850,5231
60200,373125,39887,179563,24257,333238,10081,4850,5231
60205,373156,39889,179581,24259,333267,10081,4850,5231
60210,373187,39891,179598,24260,333296,10081,4850,5231
60215,373218,39893,179611,24261,333325,10081,4850,5231
60220,373249,39895,179625,24262,333353,10081,4850,5231
60225,373280,39899,179637,24264,333379,10081,4850,5231
60230,373311,39903,179652,24267,333407,10081,4850,5231
60235,373342,39907,179667,24269,333434,10081,4850,5231
60240,373373,39911,179684,24273,333462,10081,4850,5231
60245,373404,39914,179694,24275,333490,10081,4850,5231
60250,373435,39917,179713,24276,333517,10081,4850,5231
60255,373466,39920,179728,24276,333545,10081,4850,5231
60260,373497,39923,179745,24278,333574,10081,4850,5231
60265,373528,39926,179764,24280,333601,10081,4850,5231
60270,373559,39931,179777,24284,333626,10081,4850,5231
60275,373590,39936,179794,24288,333654,10081,4850,5231
60280,373621,39941,179809,24291,333680,10081,4850,5231
60285,373652,39945,179828,24293,333706,10082,4850,5232
60290,373683,39950,179844,24297,333730,10083,4850,5233
60295,373714,39954,179858,24299,333760,10084,4851,5233
60300,373745,39957,179874,24301,333788,10085,4852,5233
60305,373776,39960,179887,24304,333816,10086,4852,5234
60310,373807,39963,179901,24304,333843,10087,4853,5234
60315,373838,39966,179922,24306,333872,10088,4854,5234
60320,373869,39969,179934,24307,333899,10089,4854,5235
60325,373900,39972,179951,24308,333928,10090,4854,5236
60330,373931,39975,179964,24309,333955,10091,4854,5237
60335,373962,39978,179980,24310,333984,10092,4854,5238
60340,373993,39981,179992,24312,334012,10093,4855,5238
60345,374024,39985,180010,24314,334039,10094,4856,5238
60350,374055,39988,180023,24316,334067,10095,4856,5239
60355,374086,39991,180039,24318,334095,10096,4857,5239
60360,374117,39995,180053,24319,334122,10097,4858,5239
60365,374148,40000,180068,24323,334148,10098,4859,5239
60370,374179,40003,180083,24323,334176,10099,4860,5239
60375,374210,40006,180101,24325,334204,10100,4860,5240
60380,374241,40009,180117,24326,334231,10101,4860,5241
60385,374272,40013,180125,24327,334259,10102,4860,5242
60390,374303,40016,180143,24330,334286,10103,4861,5242
60395,374334,40022,180161,24335,334312,10104,4861,5243
60400,374365,40027,180173,24337,334338,10105,4861,5244
60405,374396,40032,180190,24341,334362,10106,4861,5245
60410,374427,40038,180204,24346,334386,10107,4862,5245
60415,374458,40043,180216,24350,334414,10108,4862,5246
60420,374489,40046,180232,24352,334441,10109,4862,5247
60425,374520,40051,180245,24355,334467,10110,4863,5247
60430,374551,40057,180261,24358,334493,10111,4864,5247
60435,374582,40063,180274,24362,334517,10112,4865,5247
60440,374613,40068,180294,24365,334541,10113,4865,5248
60445,374644,40070,180312,24367,334573,10114,4866,5248
60450,374675,40072,180323,24368,334601,10115,4867,5248
60455,374706,40074,180343,24370,334631,10116,4868,5248
60460,374737,40076,180356,24371,334659,10117,4868,5249
60465,374768,40078,180372,24371,334688,10118,4869,5249
60470,374799,40080,180386,24373,334719,10119,4870,5249
60475,374830,40082,180392,24374,334748,10120,4870,5250
60480,374861,40084,180411,24376,334777,10121,4870,5251
60485,374892,40086,180423,24376,334806,10122,4870,5252
60490,374923,40088,180437,24376,334835,10123,4870,5253
60495,374954,40090,180450,24378,334863,10124,4870,5254
60500,374985,40092,180468,24378,334893,10125,4870,5255
60505,375016,40094,180485,24380,334922,10126,4870,5256
60510,375047,40097,180499,24382,334950,10127,4870,5257
60515,375078,40100,180518,24384,334978,10128,4871,5257
60520,375109,40103,180534,24385,335006,10129,4871,5258
60525,375140,40106,180551,24387,335034,10130,4872,5258
60530,375171,40109,180566,24388,335062,10131,4872,5259
60535,375202,40112,180578,24389,335090,10132,4872,5260
60540,375233,40115,180590,24390,335118,10133,4872,5261
60545,375264,40117,180608,24392,335147,10134,4872,5262
60550,375295,40120,180626,24395,335174,10135,4872,5263
60555,375326,40125,180636,24398,335201,10136,4872,5264
60560,375357,40128,180652,24401,335228,10137,4872,5265
60565,375388,40136,180670,24407,335251,10138,4872,5266
60570,375419,40144,180681,24414,335275,10139,4872,5267
60575,375450,40147,180692,24416,335303,10140,4872,5268
60580,375481,40150,180703,24418,335330,10141,4873,5268
60585,375512,40155,180721,24422,335356,10142,4874,5268
60590,375543,40158,180734,24424,335383,10143,4874,5269
60595,375574,40162,180748,24426,335410,10144,4875,5269
60600,375605,40167,180760,24430,335437,10145,4875,5270
60605,375636,40170,180772,24431,335466,10146,4875,5271
60610,375667,40173,180784,24433,335494,10147,4875,5272
60615,375698,40175,180792,24434,335523,10148,4875,5273
60620,375729,40178,180809,24435,335551,10149,4875,5274
60625,375760,40179,180822,24436,335581,10150,4875,5275
60630,375791,40180,180836,24437,335611,10151,4876,5275
60635,375822,40181,180851,24437,335641,10152,4877,5275
60640,375853,40182,180863,24437,335671,10153,4877,5276
60645,375884,40183,180879,24438,335697,10154,4878,5276
60650,375915,40185,180891,24439,335727,10155,4878,5277
60655,375946,40187,180908,24441,335758,10156,4879,5277
60660,375977,40189,180921,24442,335787,10157,4879,5278
60665,376008,40191,180934,24442,335817,10158,4879,5279
60670,376039,40193,180950,24444,335846,10159,4880,5279
60675,376070,40195,180961,24444,335875,10160,4880,5280
60680,376101,40198,180970,24444,335903,10161,4880,5281
60685,376132,40201,180988,24447,335931,10162,4880,5282
60690,376163,40204,181005,24449,335958,10163,4881,5282
60695,376194,40207,181015,24450,335986,10164,4881,5283
60700,376225,40210,181033,24453,336014,10165,4882,5283
60705,376256,40213,181051,24455,336042,10166,4882,5284
60710,376287,40216,181069,24456,336071,10167,4882,5285
60715,376318,40219,181081,24457,336099,10168,4883,5285
60720,376349,40223,181096,24458,336126,10169,4883,5286
60725,376380,40228,181114,24461,336152,10170,4883,5287
60730,376411,40233,181126,24464,336178,10171,4883,5288
60735,376442,40238,181141,24467,336203,10172,4883,5289
60740,376473,40244,181152,24469,336229,10173,4884,5289
60745,376504,40251,181172,24473,336252,10174,4884,5290
60750,376535,40258,181187,24480,336277,10175,4885,5290
60755,376566,40262,181204,24483,336304,10176,4885,5291
60760,376597,40267,181219,24486,336329,10177,4885,5292
60765,376628,40272,181234,24489,336355,10178,4885,5293
60770,376659,40276,181249,24491,336382,10179,4886,5293
60775,376690,40281,181263,24495,336408,10180,4887,5293
60780,376721,40287,181278,24499,336433,10181,4887,5294
60785,376752,40291,181292,24501,336460,10181,4887,5294
60790,376783,40294,181306,24502,336488,10181,4887,5294
60795,376814,40296,181321,24503,336517,10181,4887,5294
60800,376845,40298,181339,24505,336547,10181,4887,5294
60805,376876,40300,181355,24505,336576,10181,4887,5294
60810,376907,40302,181372,24505,336604,10181,4887,5294
60815,376938,40304,181385,24505,336633,10181,4887,5294
60820,376969,40306,181400,24506,336663,10181,4887,5294
60825,377000,40308,181411,24507,336692,10181,4887,5294
60830,377031,40310,181425,24507,336719,10181,4887,5294
60835,377062,40312,181436,24507,336748,10181,4887,5294
60840,377093,40314,181453,24507,336777,10181,4887,5294
60845,377124,40315,181468,24507,336807,10181,4887,5294
60850,377155,40316,181482,24508,336837,10181,4887,5294
60855,377186,40317,181496,24509,336868,10181,4887,5294
60860,377217,40319,181513,24510,336896,10181,4887,5294
60865,377248,40321,181530,24510,336927,10181,4887,5294
60870,377279,40323,181546,24511,336956,10181,4887,5294
60875,377310,40325,181558,24512,336985,10181,4887,5294
60880,377341,40327,181568,24514,337014,10181,4887,5294
60885,377372,40329,181583,24515,337043,10182,4888,5294
60890,377403,40331,181599,24517,337072,10183,4889,5294
60895,377434,40334,181608,24518,337100,10184,4890,5294
60900,377465,40337,181627,24520,337127,10185,4890,5295
60905,377496,40341,181643,24523,337153,10186,4890,5296
60910,377527,40346,181660,24527,337179,10187,4890,5297
60915,377558,40355,181679,24535,337202,10188,4891,5297
60920,377589,40360,181695,24537,337227,10189,4892,5297
60925,377620,40368,181708,24543,337252,10190,4892,5298
60930,377651,40371,181720,24545,337280,10191,4892,5299
60935,377682,40374,181736,24547,337308,10192,4893,5299
60940,377713,40378,181752,24550,337335,10193,4894,5299
60945,377744,40384,181770,24555,337360,10194,4895,5299
60950,377775,40389,181784,24558,337386,10195,4896,5299
60955,377806,40391,181798,24560,337415,10196,4897,5299
60960,377837,40393,181814,24562,337444,10197,4898,5299
60965,377868,40395,181832,24563,337473,10198,4899,5299
60970,377899,40397,181847,24564,337502,10199,4899,5300
60975,377930,40399,181860,24564,337530,10200,4899,5301
60980,377961,40401,181869,24565,337560,10201,4899,5302
60985,377992,40403,181882,24565,337588,10202,4899,5303
60990,378023,40405,181899,24566,337618,10203,4900,5303
60995,378054,40407,181913,24567,337646,10204,4900,5304
61000,378085,40409,181925,24567,337676,10205,4901,5304
61005,378116,40411,181935,24568,337704,10206,4901,5305
61010,378147,40413,181952,24569,337732,10207,4902,5305
61015,378178,40415,181966,24570,337762,10208,4903,5305
61020,378209,40417,181985,24572,337791,10209,4904,5305
61025,378240,40419,182002,24572,337819,10210,4905,5305
61030,378271,40421,182018,24574,337849,10211,4905,5306
61035,378302,40425,182035,24575,337877,10212,4906,5306
61040,378333,40429,182049,24577,337904,10213,4907,5306
61045,378364,40432,182061,24577,337931,10214,4907,5307
61050,378395,40435,182077,24577,337960,10215,4907,5308
61055,378426,40438,182091,24579,337988,10216,4907,5309
61060,378457,40442,182104,24581,338015,10217,4908,5309
61065,378488,40447,182121,24584,338039,10218,4908,5310
61070,378519,40453,182138,24590,338064,10219,4908,5311
61075,378550,40458,182155,24595,338091,10220,4908,5312
61080,378581,40463,182172,24598,338117,10221,4909,5312
61085,378612,40470,182188,24603,338141,10222,4910,5312
61090,378643,40475,182202,24606,338166,10223,4911,5312
61095,378674,40480,182221,24610,338194,10224,4912,5312
61100,378705,40484,182240,24612,338221,10225,4913,5312
61105,378736,40487,182257,24614,338249,10226,4913,5313
61110,378767,40491,182268,24616,338276,10227,4913,5314
61115,378798,40494,182283,24618,338304,10228,4913,5315
61120,378829,40498,182296,24621,338331,10229,4913,5316
61125,378860,40502,182313,24622,338358,10230,4914,5316
61130,378891,40507,182330,24626,338384,10231,4914,5317
61135,378922,40513,182344,24630,338407,10232,4915,5317
61140,378953,40520,182360,24636,338433,10233,4915,5318
61145,378984,40522,182368,24636,338462,10234,4916,5318
61150,379015,40524,182382,24637,338490,10235,4917,5318
61155,379046,40526,182398,24638,338520,10236,4917,5319
61160,379077,40528,182414,24640,338549,10237,4918,5319
61165,379108,40530,182431,24642,338577,10238,4919,5319
61170,379139,40532,182443,24643,338607,10239,4919,5320
61175,379170,40534,182458,24643,338635,10240,4919,5321
61180,379201,40536,182473,24645,338664,10241,4919,5322
61185,379232,40538,182486,24647,338692,10242,4920,5322
61190,379263,40540,182496,24648,338722,10243,4920,5323
61195,379294,40542,182513,24648,338751,10244,4921,5323
61200,379325,40545,182523,24648,338777,10245,4922,5323
61205,379356,40549,182534,24650,338807,10246,4922,5324
61210,379387,40552,182549,24652,338834,10247,4922,5325
61215,379418,40555,182562,24653,338862,10248,4922,5326
61220,379449,40559,182582,24655,338890,10249,4923,5326
61225,379480,40562,182598,24658,338917,10250,4923,5327
61230,379511,40565,182613,24659,338944,10251,4923,5328
61235,379542,40570,182623,24662,338972,10252,4923,5329
61240,379573,40573,182636,24664,339000,10253,4923,5330
61245,379604,40577,182653,24667,339027,10254,4923,5331
61250,379635,40581,182665,24669,339054,10255,4924,5331
61255,379666,40586,182679,24672,339079,10256,4924,5332
61260,379697,40591,182699,24675,339104,10257,4925,5332
61265,379728,40598,182714,24680,339130,10258,4926,5332
61270,379759,40602,182727,24681,339157,10259,4926,5333
61275,379790,40606,182740,24682,339182,10260,4926,5334
61280,379821,40612,182752,24686,339209,10261,4926,5335
61285,379852,40618,182768,24688,339234,10262,4927,5335
61290,379883,40624,182785,24694,339259,10263,4927,5336
61295,379914,40629,182804,24698,339285,10264,4927,5337
61300,379945,40633,182820,24699,339311,10265,4928,5337
61305,379976,40637,182832,24701,339338,10266,4929,5337
61310,380007,40642,182851,24705,339363,10267,4930,5337
61315,380038,40647,182860,24709,339391,10268,4930,5338
61320,380069,40649,182875,24711,339419,10269,4931,5338
61325,380100,40651,182897,24713,339447,10270,4932,5338
61330,380131,40653,182917,24715,339477,10271,4933,5338
61335,380162,40655,182930,24716,339505,10272,4933,5339
61340,380193,40657,182943,24717,339534,10273,4934,5339
61345,380224,40659,182959,24718,339563,10274,4934,5340
61350,380255,40661,182980,24720,339593,10275,4934,5341
61355,380286,40663,182995,24721,339622,10276,4935,5341
61360,380317,40665,183008,24721,339652,10277,4936,5341
61365,380348,40667,183026,24723,339680,10278,4936,5342
61370,380379,40669,183044,24724,339709,10279,4936,5343
61375,380410,40671,183059,24725,339739,10280,4936,5344
61380,380441,40673,183076,24726,339768,10281,4937,5344
61385,380472,40675,183090,24727,339797,10281,4937,5344
61390,380503,40677,183105,24729,339825,10281,4937,5344
61395,380534,40679,183124,24730,339854,10281,4937,5344
61400,380565,40683,183139,24732,339882,10281,4937,5344
61405,380596,40686,183154,24733,339909,10281,4937,5344
61410,380627,40690,183169,24736,339937,10281,4937,5344
61415,380658,40693,183183,24738,339964,10281,4937,5344
61420,380689,40697,183196,24739,339991,10281,4937,5344
61425,380720,40702,183205,24743,340018,10281,4937,5344
61430,380751,40706,183215,24744,340045,10281,4937,5344
61435,380782,40710,183229,24745,340072,10281,4937,5344
61440,380813,40714,183244,24747,340098,10281,4937,5344
61445,380844,40721,183256,24751,340122,10281,4937,5344
61450,380875,40728,183274,24756,340146,10281,4937,5344
61455,380906,40735,183290,24761,340170,10281,4937,5344
61460,380937,40742,183307,24767,340195,10281,4937,5344
61465,380968,40745,183317,24768,340223,10281,4937,5344
61470,380999,40750,183332,24770,340249,10281,4937,5344
61475,381030,40754,183348,24773,340275,10281,4937,5344
61480,381061,40760,183365,24778,340300,10281,4937,5344
61485,381092,40766,183379,24783,340325,10282,4937,5345
61490,381123,40770,183393,24786,340351,10283,4937,5346
61495,381154,40772,183406,24788,340381,10284,4937,5347
61500,381185,40774,183419,24789,340409,10285,4938,5347
61505,381216,40775,183432,24790,340440,10286,4939,5347
61510,381247,40776,183448,24790,340470,10287,4939,5348
61515,381278,40777,183463,24791,340500,10288,4940,5348
61520,381309,40778,183482,24791,340531,10289,4940,5349
61525,381340,40779,183499,24792,340561,10290,4941,5349
61530,381371,40780,183518,24792,340591,10291,4941,5350
61535,381402,40781,183537,24792,340621,10292,4941,5351
61540,381433,40782,183559,24793,340651,10293,4942,5351
61545,381464,40783,183576,24794,340681,10294,4943,5351
61550,381495,40784,183592,24794,340711,10295,4944,5351
61555,381526,40785,183607,24794,340740,10296,4945,5351
61560,381557,40786,183625,24794,340770,10297,4946,5351
61565,381588,40787,183641,24795,340801,10298,4947,5351
61570,381619,40789,183664,24797,340828,10299,4948,5351
61575,381650,40792,183678,24800,340858,10300,4948,5352
61580,381681,40795,183699,24803,340886,10301,4949,5352
61585,381712,40798,183710,24804,340914,10302,4949,5353
61590,381743,40800,183730,24804,340941,10303,4950,5353
61595,381774,40805,183748,24808,340969,10304,4950,5354
61600,381805,40809,183766,24809,340995,10305,4951,5354
61605,381836,40813,183779,24810,341021,10306,4952,5354
61610,381867,40820,183792,24815,341047,10307,4952,5355
61615,381898,40826,183808,24819,341070,10308,4952,5356
61620,381929,40835,183821,24824,341094,10309,4952,5357
61625,381960,40840,183838,24827,341120,10310,4952,5358
61630,381991,40845,183854,24831,341146,10311,4953,5358
61635,382022,40851,183873,24836,341171,10312,4954,5358
61640,382053,40855,183893,24839,341198,10313,4955,5358
61645,382084,40859,183907,24842,341224,10314,4956,5358
61650,382115,40863,183918,24845,341251,10315,4956,5359
61655,382146,40867,183934,24848,341277,10316,4956,5360
61660,382177,40869,183947,24850,341306,10317,4956,5361
61665,382208,40871,183965,24852,341336,10318,4956,5362
61670,382239,40873,183977,24854,341365,10319,4956,5363
61675,382270,40875,183993,24855,341395,10320,4956,5364
61680,382301,40877,184005,24856,341424,10321,4956,5365
61685,382332,40879,184017,24858,341453,10322,4956,5366
61690,382363,40881,184035,24859,341482,10323,4957,5366
61695,382394,40883,184048,24861,341511,10324,4958,5366
61700,382425,40885,184061,24862,341539,10325,4959,5366
61705,382456,40887,184078,24864,341568,10326,4959,5367
61710,382487,40889,184098,24866,341596,10327,4960,5367
61715,382518,40891,184113,24868,341627,10328,4961,5367
61720,382549,40893,184130,24869,341655,10329,4962,5367
61725,382580,40895,184144,24870,341684,10330,4962,5368
61730,382611,40898,184162,24872,341711,10331,4963,5368
61735,382642,40902,184175,24874,341738,10332,4964,5368
61740,382673,40906,184191,24877,341766,10333,4964,5369
61745,382704,40910,184207,24879,341794,10334,4964,5370
61750,382735,40913,184221,24879,341821,10335,4965,5370
61755,382766,40917,184240,24881,341849,10336,4965,5371
61760,382797,40920,184258,24883,341876,10337,4966,5371
61765,382828,40926,184275,24888,341902,10338,4966,5372
61770,382859,40931,184290,24891,341928,10339,4966,5373
61775,382890,40937,184304,24894,341953,10340,4967,5373
61780,382921,40945,184322,24901,341974,10341,4967,5374
61785,382952,40956,184340,24911,341996,10342,4968,5374
61790,382983,40963,184359,24917,342020,10343,4968,5375
61795,383014,40966,184371,24918,342048,10344,4968,5376
61800,383045,40969,184386,24921,342075,10345,4969,5376
61805,383076,40972,184401,24924,342103,10346,4969,5377
61810,383107,40975,184418,24926,342131,10347,4969,5378
61815,383138,40979,184435,24930,342159,10348,4970,5378
61820,383169,40980,184453,24931,342189,10349,4971,5378
61825,383200,40981,184465,24931,342219,10350,4971,5379
61830,383231,40982,184481,24932,342249,10351,4971,5380
61835,383262,40983,184493,24932,342279,10352,4971,5381
61840,383293,40984,184508,24933,342309,10353,4972,5381
61845,383324,40985,184524,24934,342338,10354,4973,5381
61850,383355,40986,184544,24934,342367,10355,4973,5382
61855,383386,40987,184554,24935,342397,10356,4974,5382
61860,383417,40988,184568,24935,342429,10357,4975,5382
61865,383448,40989,184588,24936,342457,10358,4975,5383
61870,383479,40990,184600,24936,342488,10359,4976,5383
61875,383510,40991,184616,24936,342518,10360,4977,5383
61880,383541,40992,184633,24937,342548,10361,4977,5384
61885,383572,40993,184648,24937,342579,10362,4978,5384
61890,383603,40994,184662,24937,342609,10363,4978,5385
61895,383634,40995,184680,24937,342639,10364,4978,5386
61900,383665,40996,184700,24937,342669,10365,4979,5386
61905,383696,40998,184716,24937,342696,10366,4980,5386
61910,383727,41002,184729,24939,342724,10367,4980,5387
61915,383758,41006,184745,24940,342751,10368,4980,5388
61920,383789,41009,184762,24941,342778,10369,4981,5388
61925,383820,41016,184776,24946,342803,10370,4981,5389
61930,383851,41022,184788,24950,342829,10371,4982,5389
61935,383882,41029,184802,24956,342852,10372,4982,5390
61940,383913,41037,184813,24961,342876,10373,4982,5391
61945,383944,41040,184828,24962,342904,10374,4982,5392
61950,383975,41043,184842,24963,342932,10375,4983,5392
61955,384006,41046,184857,24964,342960,10376,4983,5393
61960,384037,41049,184869,24965,342988,10377,4983,5394
61965,384068,41052,184882,24967,343016,10378,4983,5395
61970,384099,41055,184897,24969,343044,10379,4984,5395
61975,384130,41059,184913,24971,343071,10380,4985,5395
61980,384161,41064,184930,24976,343097,10381,4986,5395
61985,384192,41069,184942,24980,343123,10381,4986,5395
61990,384223,41074,184956,24984,343149,10381,4986,5395
61995,384254,41079,184975,24988,343175,10381,4986,5395
62000,384285,41082,184989,24990,343203,10381,4986,5395
62005,384316,41086,185006,24992,343230,10381,4986,5395
62010,384347,41090,185018,24995,343257,10381,4986,5395
62015,384378,41094,185037,24999,343284,10381,4986,5395
62020,384409,41097,185054,25001,343312,10381,4986,5395
62025,384440,41099,185071,25002,343341,10381,4986,5395
62030,384471,41101,185086,25002,343370,10381,4986,5395
62035,384502,41103,185100,25004,343397,10381,4986,5395
62040,384533,41105,185113,25004,343427,10381,4986,5395
62045,384564,41108,185125,25005,343456,10381,4986,5395
62050,384595,41112,185139,25007,343481,10381,4986,5395
62055,384626,41117,185155,25011,343509,10381,4986,5395
62060,384657,41121,185171,25013,343534,10381,4986,5395
62065,384688,41125,185182,25016,343562,10381,4986,5395
62070,384719,41130,185198,25018,343588,10381,4986,5395
62075,384750,41133,185213,25019,343617,10381,4986,5395
62080,384781,41137,185227,25021,343643,10381,4986,5395
62085,384812,41142,185240,25025,343669,10382,4986,5396
62090,384843,41148,185253,25029,343694,10383,4987,5396
62095,384874,41153,185268,25032,343721,10384,4988,5396
62100,384905,41155,185282,25033,343750,10385,4988,5397
62105,384936,41157,185297,25034,343779,10386,4988,5398
62110,384967,41159,185310,25035,343807,10387,4989,5398
62115,384998,41161,185324,25036,343836,10388,4989,5399
62120,385029,41163,185342,25037,343866,10389,4989,5400
62125,385060,41166,185356,25038,343894,10390,4989,5401
62130,385091,41169,185373,25040,343922,10391,4989,5402
62135,385122,41172,185389,25042,343950,10392,4989,5403
62140,385153,41175,185407,25045,343978,10393,4989,5404
62145,385184,41179,185423,25047,344005,10394,4989,5405
62150,385215,41182,185437,25048,344033,10395,4989,5406
62155,385246,41187,185457,25051,344059,10396,4990,5406
62160,385277,41192,185470,25054,344085,10397,4991,5406
62165,385308,41198,185487,25058,344110,10398,4992,5406
62170,385339,41204,185505,25063,344135,10399,4992,5407
62175,385370,41209,185519,25066,344161,10400,4992,5408
62180,385401,41213,185537,25069,344188,10401,4992,5409
62185,385432,41215,185548,25069,344216,10402,4993,5409
62190,385463,41217,185564,25070,344246,10403,4993,5410
62195,385494,41219,185577,25071,344275,10404,4993,5411
62200,385525,41221,185595,25073,344304,10405,4994,5411
62205,385556,41223,185611,25075,344331,10406,4995,5411
62210,385587,41228,185621,25079,344359,10407,4995,5412
62215,385618,41231,185633,25080,344384,10408,4995,5413
62220,385649,41235,185645,25082,344414,10409,4995,5414
62225,385680,41238,185659,25083,344441,10410,4995,5415
62230,385711,41242,185672,25085,344468,10411,4996,5415
62235,385742,41246,185686,25086,344494,10412,4997,5415
62240,385773,41252,185701,25090,344521,10413,4997,5416
62245,385804,41255,185717,25091,344546,10414,4998,5416
62250,385835,41260,185734,25096,344574,10415,4998,5417
62255,385866,41264,185753,25098,344600,10416,4999,5417
62260,385897,41270,185769,25102,344627,10417,5000,5417
62265,385928,41272,185785,25102,344656,10418,5000,5418
62270,385959,41274,185800,25104,344684,10419,5000,5419
62275,385990,41276,185813,25106,344714,10420,5001,5419
62280,386021,41278,185830,25108,344742,10421,5002,5419
62285,386052,41280,185842,25108,344772,10422,5002,5420
62290,386083,41283,185854,25109,344800,10423,5003,5420
62295,386114,41287,185870,25110,344827,10424,5004,5420
62300,386145,41292,185886,25113,344852,10425,5004,5421
62305,386176,41297,185901,25116,344879,10426,5005,5421
62310,386207,41301,185915,25120,344906,10427,5005,5422
62315,386238,41305,185929,25122,344933,10428,5006,5422
62320,386269,41308,185943,25125,344961,10429,5006,5423
62325,386300,41312,185954,25127,344988,10430,5006,5424
62330,386331,41317,185970,25131,345013,10431,5006,5425
62335,386362,41320,185983,25133,345042,10432,5006,5426
62340,386393,41324,185991,25135,345069,10433,5007,5426
62345,386424,41327,186005,25136,345097,10434,5008,5426
62350,386455,41331,186020,25137,345124,10435,5009,5426
62355,386486,41333,186030,25138,345153,10436,5009,5427
62360,386517,41335,186050,25140,345182,10437,5009,5428
62365,386548,41338,186066,25143,345210,10438,5009,5429
62370,386579,41341,186081,25145,345238,10439,5009,5430
62375,386610,41344,186098,25146,345266,10440,5009,5431
62380,386641,41347,186114,25148,345294,10441,5009,5432
62385,386672,41350,186135,25150,345318,10442,5010,5432
62390,386703,41355,186149,25153,345346,10443,5011,5432
62395,386734,41359,186159,25156,345373,10444,5011,5433
62400,386765,41364,186169,25159,345398,10445,5011,5434
62405,386796,41369,186185,25162,345423,10446,5011,5435
62410,386827,41377,186203,25169,345448,10447,5012,5435
62415,386858,41381,186216,25172,345477,10448,5012,5436
62420,386889,41383,186228,25172,345506,10449,5013,5436
62425,386920,41385,186242,25174,345535,10450,5013,5437
62430,386951,41387,186255,25174,345563,10451,5013,5438
62435,386982,41389,186271,25175,345592,10452,5013,5439
62440,387013,41391,186286,25176,345622,10453,5014,5439
62445,387044,41393,186302,25178,345650,10454,5015,5439
62450,387075,41395,186324,25180,345680,10455,5016,5439
62455,387106,41399,186342,25182,345706,10456,5016,5440
62460,387137,41404,186352,25184,345733,10457,5016,5441
62465,387168,41408,186369,25188,345759,10458,5016,5442
62470,387199,41413,186382,25190,345786,10459,5016,5443
62475,387230,41417,186393,25193,345813,10460,5016,5444
62480,387261,41421,186409,25194,345840,10461,5016,5445
62485,387292,41425,186424,25195,345866,10462,5017,5445
62490,387323,41431,186438,25201,345892,10463,5017,5446
62495,387354,41433,186449,25202,345921,10464,5017,5447
62500,387385,41435,186467,25203,345950,10465,5018,5447
62505,387416,41437,186477,25203,345979,10466,5018,5448
62510,387447,41439,186491,25204,346008,10467,5019,5448
62515,387478,41441,186508,25206,346037,10468,5020,5448
62520,387509,41444,186521,25207,346065,10469,5020,5449
62525,387540,41446,186539,25209,346093,10470,5020,5450
62530,387571,41448,186552,25209,346120,10471,5021,5450
62535,387602,41451,186564,25212,346151,10472,5021,5451
62540,387633,41453,186574,25212,346176,10473,5021,5452
62545,387664,41456,186585,25214,346207,10474,5021,5453
62550,387695,41458,186601,25215,346234,10475,5022,5453
62555,387726,41461,186622,25217,346264,10476,5023,5453
62560,387757,41466,186634,25221,346291,10477,5023,5454
62565,387788,41468,186650,25223,346319,10478,5023,5455
62570,387819,41474,186667,25228,346344,10479,5024,5455
62575,387850,41480,186682,25234,346369,10480,5024,5456
62580,387881,41481,186698,25235,346399,10481,5024,5457
62585,387912,41482,186711,25236,346430,10481,5024,5457
62590,387943,41483,186726,25236,346460,10481,5024,5457
62595,387974,41484,186740,25236,346490,10481,5024,5457
62600,388005,41486,186754,25236,346518,10481,5024,5457
62605,388036,41488,186763,25237,346548,10481,5024,5457
62610,388067,41491,186776,25240,346576,10481,5024,5457
62615,388098,41494,186791,25241,346603,10481,5024,5457
62620,388129,41497,186802,25243,346632,10481,5024,5457
62625,388160,41500,186818,25245,346660,10481,5024,5457
62630,388191,41503,186833,25248,346687,10481,5024,5457
62635,388222,41507,186850,25251,346715,10481,5024,5457
62640,388253,41510,186864,25253,346743,10481,5024,5457
62645,388284,41513,186879,25253,346771,10481,5024,5457
62650,388315,41516,186897,25256,346799,10481,5024,5457
62655,388346,41520,186908,25259,346826,10481,5024,5457
62660,388377,41523,186925,25261,346854,10481,5024,5457
62665,388408,41530,186937,25266,346877,10481,5024,5457
62670,388439,41534,186948,25268,346905,10481,5024,5457
62675,388470,41536,186963,25268,346934,10481,5024,5457
62680,388501,41538,186979,25269,346962,10481,5024,5457
62685,388532,41542,186995,25270,346989,10482,5024,5458
62690,388563,41546,187008,25272,347017,10483,5025,5458
62695,388594,41549,187025,25273,347045,10484,5026,5458
62700,388625,41552,187036,25273,347073,10485,5027,5458
62705,388656,41554,187050,25273,347101,10486,5027,5459
62710,388687,41557,187066,25276,347128,10487,5027,5460
62715,388718,41559,187080,25277,347159,10488,5027,5461
62720,388749,41561,187093,25277,347184,10489,5027,5462
62725,388780,41564,187104,25279,347215,10490,5027,5463
62730,388811,41566,187122,25280,347243,10491,5028,5463
62735,388842,41569,187138,25281,347271,10492,5029,5463
62740,388873,41572,187160,25283,347298,10493,5029,5464
62745,388904,41575,187174,25286,347327,10494,5029,5465
62750,388935,41577,187187,25287,347355,10495,5029,5466
62755,388966,41584,187199,25293,347382,10496,5029,5467
62760,388997,41587,187207,25295,347408,10497,5029,5468
62765,389028,41589,187219,25297,347439,10498,5030,5468
62770,389059,41590,187236,25298,347469,10499,5031,5468
62775,389090,41592,187255,25300,347498,10500,5031,5469
62780,389121,41594,187270,25301,347527,10501,5031,5470
62785,389152,41596,187288,25302,347556,10502,5032,5470
62790,389183,41598,187306,25304,347585,10503,5033,5470
62795,389214,41600,187323,25305,347614,10504,5034,5470
62800,389245,41602,187340,25306,347643,10505,5034,5471
62805,389276,41604,187359,25307,347672,10506,5035,5471
62810,389307,41607,187373,25309,347700,10507,5036,5471
62815,389338,41610,187387,25309,347728,10508,5036,5472
62820,389369,41613,187401,25309,347756,10509,5036,5473
62825,389400,41618,187416,25312,347782,10510,5036,5474
62830,389431,41622,187430,25314,347809,10511,5037,5474
62835,389462,41627,187447,25317,347835,10512,5038,5474
62840,389493,41633,187463,25320,347860,10513,5038,5475
62845,389524,41639,187481,25324,347884,10514,5038,5476
62850,389555,41644,187493,25326,347911,10515,5038,5477
62855,389586,41646,187504,25327,347940,10516,5039,5477
62860,389617,41648,187518,25328,347969,10517,5040,5477
62865,389648,41650,187537,25329,347997,10518,5041,5477
62870,389679,41654,187551,25333,348025,10519,5042,5477
62875,389710,41658,187569,25335,348051,10520,5042,5478
62880,389741,41663,187587,25339,348076,10521,5042,5479
62885,389772,41668,187599,25341,348104,10522,5042,5480
62890,389803,41672,187609,25342,348131,10523,5042,5481
62895,389834,41676,187622,25344,348157,10524,5043,5481
62900,389865,41680,187638,25347,348184,10525,5043,5482
62905,389896,41683,187651,25348,348211,10526,5044,5482
62910,389927,41686,187665,25349,348240,10527,5045,5482
62915,389958,41689,187682,25352,348269,10528,5046,5482
62920,389989,41692,187693,25353,348297,10529,5047,5482
62925,390020,41695,187707,25353,348323,10530,5048,5482
62930,390051,41698,187723,25354,348351,10531,5049,5482
62935,390082,41701,187736,25355,348380,10532,5050,5482
62940,390113,41705,187753,25358,348406,10533,5051,5482
62945,390144,41708,187767,25358,348436,10534,5052,5482
62950,390175,41711,187783,25359,348463,10535,5052,5483
62955,390206,41715,187798,25360,348491,10536,5052,5484
62960,390237,41720,187819,25362,348517,10537,5053,5484
62965,390268,41723,187836,25365,348545,10538,5054,5484
62970,390299,41726,187851,25365,348573,10539,5054,5485
62975,390330,41729,187862,25366,348601,10540,5054,5486
62980,390361,41732,187880,25367,348629,10541,5055,5486
62985,390392,41736,187897,25369,348656,10542,5056,5486
62990,390423,41739,187906,25370,348684,10543,5057,5486
62995,390454,41742,187917,25372,348712,10544,5057,5487
63000,390485,41745,187930,25372,348740,10545,5058,5487
63005,390516,41748,187941,25373,348768,10546,5059,5487
63010,390547,41752,187959,25376,348795,10547,5060,5487
63015,390578,41758,187981,25381,348820,10548,5060,5488
63020,390609,41763,187997,25385,348846,10549,5060,5489
63025,390640,41768,188017,25389,348872,10550,5060,5490
63030,390671,41774,188033,25394,348897,10551,5060,5491
63035,390702,41776,188054,25395,348926,10552,5060,5492
63040,390733,41778,188072,25397,348955,10553,5061,5492
63045,390764,41780,188082,25398,348984,10554,5062,5492
63050,390795,41782,188100,25398,349013,10555,5063,5492
63055,390826,41784,188114,25400,349042,10556,5064,5492
63060,390857,41786,188132,25401,349070,10557,5065,5492
63065,390888,41790,188143,25404,349097,10557,5065,5492
63070,390919,41794,188163,25408,349123,10557,5065,5492
63075,390950,41799,188177,25411,349150,10557,5065,5492
63080,390981,41803,188198,25414,349175,10557,5065,5492
63085,391012,41808,188212,25416,349203,10557,5065,5492
63090,391043,41813,188232,25421,349227,10557,5065,5492
63095,391074,41818,188244,25424,349254,10557,5065,5492
63100,391105,41822,188256,25427,349282,10557,5065,5492
63105,391136,41826,188272,25429,349309,10557,5065,5492
63110,391167,41829,188287,25431,349337,10557,5065,5492
63115,391198,41831,188301,25431,349366,10557,5065,5492
63120,391229,41833,188316,25432,349395,10557,5065,5492
63125,391260,41835,188332,25434,349425,10557,5065,5492
63130,391291,41837,188345,25436,349453,10557,5065,5492
63135,391322,41840,188364,25437,349482,10557,5065,5492
63140,391353,41843,188376,25438,349510,10557,5065,5492
63145,391384,41846,188394,25441,349538,10557,5065,5492
63150,391415,41849,188407,25441,349566,10557,5065,5492
63155,391446,41852,188422,25443,349594,10557,5065,5492
63160,391477,41855,188440,25445,349622,10557,5065,5492
63165,391508,41858,188456,25447,349650,10558,5065,5493
63170,391539,41861,188471,25449,349678,10559,5066,5493
63175,391570,41864,188492,25451,349706,10560,5067,5493
63180,391601,41868,188511,25452,349733,10561,5068,5493
63185,391632,41872,188524,25454,349760,10562,5068,5494
63190,391663,41876,188540,25455,349787,10563,5068,5495
63195,391694,41880,188556,25459,349814,10564,5069,5495
63200,391725,41883,188564,25461,349842,10565,5069,5496
63205,391756,41890,188582,25466,349866,10566,5069,5497
63210,391787,41893,188594,25467,349894,10567,5069,5498
63215,391818,41900,188611,25473,349916,10568,5069,5499
63220,391849,41907,188621,25477,349941,10569,5069,5500
63225,391880,41912,188638,25480,349966,10570,5070,5500
63230,391911,41916,188655,25484,349992,10571,5070,5501
63235,391942,41921,188669,25486,350018,10572,5071,5501
63240,391973,41927,188683,25490,350046,10573,5071,5502
63245,392004,41929,188702,25491,350070,10574,5071,5503
63250,392035,41932,188715,25493,350102,10575,5071,5504
63255,392066,41935,188727,25495,350130,10576,5071,5505
63260,392097,41938,188747,25496,350156,10577,5071,5506
63265,392128,41940,188764,25497,350185,10578,5071,5507
63270,392159,41941,188782,25498,350217,10579,5071,5508
63275,392190,41942,188801,25499,350248,10580,5072,5508
63280,392221,41943,188814,25499,350278,10581,5072,5509
63285,392252,41944,188833,25500,350308,10582,5072,5510
63290,392283,41945,188846,25500,350337,10583,5072,5511
63295,392314,41946,188863,25501,350368,10584,5072,5512
63300,392345,41947,188880,25501,350398,10585,5072,5513
63305,392376,41948,188901,25502,350427,10586,5073,5513
63310,392407,41949,188917,25502,350457,10587,5074,5513
63315,392438,41950,188926,25503,350488,10588,5074,5514
63320,392469,41951,188935,25503,350517,10589,5074,5515
63325,392500,41952,188951,25504,350548,10590,5075,5515
63330,392531,41954,188964,25504,350577,10591,5075,5516
63335,392562,41956,188976,25505,350606,10592,5076,5516
63340,392593,41958,188994,25506,350635,10593,5076,5517
63345,392624,41960,189009,25506,350664,10594,5077,5517
63350,392655,41964,189028,25510,350691,10595,5078,5517
63355,392686,41970,189043,25513,350716,10596,5079,5517
63360,392717,41975,189059,25516,350742,10597,5080,5517
63365,392748,41980,189072,25519,350767,10598,5081,5517
63370,392779,41987,189092,25525,350791,10599,5082,5517
63375,392810,41994,189106,25531,350816,10600,5082,5518
63380,392841,42000,189122,25533,350841,10601,5083,5518
63385,392872,42003,189136,25535,350869,10602,5084,5518
63390,392903,42006,189153,25537,350896,10603,5084,5519
63395,392934,42010,189166,25538,350923,10604,5085,5519
63400,392965,42014,189185,25541,350950,10605,5086,5519
63405,392996,42018,189204,25543,350976,10606,5087,5519
63410,393027,42022,189218,25544,351004,10607,5087,5520
63415,393058,42025,189239,25546,351032,10608,5087,5521
63420,393089,42029,189260,25548,351058,10609,5088,5521
63425,393120,42033,189274,25551,351086,10610,5089,5521
63430,393151,42037,189289,25554,351112,10611,5090,5521
63435,393182,42041,189301,25556,351140,10612,5090,5522
63440,393213,42044,189318,25557,351167,10613,5090,5523
63445,393244,42048,189333,25558,351195,10614,5090,5524
63450,393275,42051,189346,25559,351222,10615,5091,5524
63455,393306,42055,189357,25560,351250,10616,5092,5524
63460,393337,42058,189370,25561,351277,10617,5093,5524
63465,393368,42062,189387,25564,351306,10618,5093,5525
63470,393399,42066,189403,25566,351331,10619,5094,5525
63475,393430,42071,189414,25569,351359,10620,5094,5526
63480,393461,42073,189423,25570,351388,10621,5094,5527
63485,393492,42075,189438,25570,351417,10622,5095,5527
63490,393523,42078,189455,25571,351445,10623,5095,5528
63495,393554,42082,189471,25573,351472,10624,5095,5529
63500,393585,42086,189489,25576,351499,10625,5096,5529
63505,393616,42090,189508,25578,351526,10626,5097,5529
63510,393647,42094,189526,25581,351553,10627,5098,5529
63515,393678,42098,189540,25584,351580,10628,5099,5529
63520,393709,42102,189558,25588,351607,10629,5099,5530
63525,393740,42105,189571,25589,351634,10630,5099,5531
63530,393771,42110,189585,25594,351660,10631,5099,5532
63535,393802,42115,189606,25598,351687,10632,5100,5532
63540,393833,42120,189622,25601,351712,10633,5101,5532
63545,393864,42123,189636,25602,351741,10634,5102,5532
63550,393895,42125,189651,25602,351770,10635,5103,5532
63555,393926,42127,189667,25604,351799,10636,5103,5533
63560,393957,42129,189681,25605,351828,10637,5103,5534
63565,393988,42131,189694,25606,351857,10638,5103,5535
63570,394019,42133,189704,25606,351886,10639,5103,5536
63575,394050,42135,189715,25607,351915,10640,5104,5536
63580,394081,42137,189727,25607,351944,10641,5104,5537
63585,394112,42140,189739,25609,351971,10642,5104,5538
63590,394143,42143,189755,25611,351999,10643,5104,5539
63595,394174,42146,189771,25612,352027,10644,5105,5539
63600,394205,42149,189789,25615,352055,10645,5105,5540
63605,394236,42152,189803,25616,352084,10645,5105,5540
63610,394267,42155,189820,25616,352111,10645,5105,5540
63615,394298,42159,189835,25618,352138,10645,5105,5540
63620,394329,42162,189845,25619,352167,10645,5105,5540
63625,394360,42165,189858,25620,352194,10645,5105,5540
63630,394391,42168,189873,25622,352223,10645,5105,5540
63635,394422,42172,189885,25624,352250,10645,5105,5540
63640,394453,42175,189901,25626,352278,10645,5105,5540
63645,394484,42179,189921,25629,352304,10645,5105,5540
63650,394515,42185,189936,25633,352330,10645,5105,5540
63655,394546,42191,189953,25639,352354,10645,5105,5540
63660,394577,42197,189970,25642,352379,10645,5105,5540
63665,394608,42202,189983,25644,352406,10645,5105,5540
63670,394639,42205,189999,25646,352433,10645,5105,5540
63675,394670,42208,190014,25647,352462,10645,5105,5540
63680,394701,42210,190029,25648,352491,10645,5105,5540
63685,394732,42212,190046,25648,352520,10645,5105,5540
63690,394763,42214,190062,25650,352549,10645,5105,5540
63695,394794,42217,190079,25652,352577,10645,5105,5540
63700,394825,42220,190094,25654,352605,10645,5105,5540
63705,394856,42224,190110,25656,352631,10646,5105,5541
63710,394887,42227,190121,25659,352660,10647,5105,5542
63715,394918,42230,190136,25661,352687,10648,5106,5542
63720,394949,42234,190146,25663,352715,10649,5106,5543
63725,394980,42238,190161,25667,352742,10650,5106,5544
63730,395011,42239,190175,25668,352772,10651,5107,5544
63735,395042,42240,190194,25668,352802,10652,5108,5544
63740,395073,42241,190208,25668,352832,10653,5109,5544
63745,395104,42242,190227,25668,352862,10654,5110,5544
63750,395135,42243,190244,25669,352892,10655,5111,5544
63755,395166,42244,190259,25670,352922,10656,5112,5544
63760,395197,42245,190276,25670,352952,10657,5112,5545
63765,395228,42246,190289,25671,352982,10658,5113,5545
63770,395259,42248,190305,25673,353011,10659,5114,5545
63775,395290,42250,190319,25674,353038,10660,5115,5545
63780,395321,42254,190335,25677,353065,10661,5116,5545
63785,395352,42259,190347,25679,353091,10662,5116,5546
63790,395383,42265,190366,25685,353116,10663,5116,5547
63795,395414,42270,190380,25689,353141,10664,5116,5548
63800,395445,42275,190394,25692,353168,10665,5116,5549
63805,395476,42280,190408,25696,353194,10666,5116,5550
63810,395507,42284,190422,25698,353222,10667,5116,5551
63815,395538,42286,190435,25698,353251,10668,5117,5551
63820,395569,42288,190447,25699,353281,10669,5117,5552
63825,395600,42290,190464,25700,353307,10670,5117,5553
63830,395631,42292,190481,25701,353337,10671,5117,5554
63835,395662,42295,190500,25703,353366,10672,5117,5555
63840,395693,42298,190513,25704,353395,10673,5118,5555
63845,395724,42301,190527,25706,353423,10674,5118,5556
63850,395755,42304,190542,25707,353449,10675,5119,5556
63855,395786,42307,190558,25707,353479,10676,5119,5557
63860,395817,42311,190574,25710,353504,10677,5120,5557
63865,395848,42315,190591,25713,353532,10678,5121,5557
63870,395879,42319,190604,25715,353558,10679,5121,5558
63875,395910,42322,190620,25717,353587,10680,5122,5558
63880,395941,42326,190632,25720,353614,10681,5122,5559
63885,395972,42330,190651,25724,353642,10682,5123,5559
63890,396003,42334,190663,25725,353669,10683,5123,5560
63895,396034,42337,190680,25727,353697,10684,5124,5560
63900,396065,42342,190698,25731,353723,10685,5124,5561
63905,396096,42345,190711,25733,353751,10686,5125,5561
63910,396127,42349,190726,25735,353777,10687,5126,5561
63915,396158,42355,190742,25741,353802,10688,5127,5561
63920,396189,42361,190751,25745,353828,10689,5128,5561
63925,396220,42364,190765,25746,353855,10690,5128,5562
63930,396251,42369,190779,25749,353882,10691,5129,5562
63935,396282,42372,190797,25751,353910,10692,5129,5563
63940,396313,42376,190811,25752,353936,10693,5129,5564
63945,396344,42380,190829,25755,353961,10694,5130,5564
63950,396375,42386,190845,25760,353989,10695,5131,5564
63955,396406,42389,190862,25761,354015,10696,5132,5564
63960,396437,42394,190873,25765,354042,10697,5132,5565
63965,396468,42397,190887,25766,354069,10698,5133,5565
63970,396499,42401,190905,25767,354095,10699,5133,5566
63975,396530,42404,190921,25770,354124,10700,5133,5567
63980,396561,42406,190935,25771,354155,10701,5134,5567
63985,396592,42408,190949,25772,354183,10702,5135,5567
63990,396623,42410,190965,25773,354213,10703,5136,5567
63995,396654,42412,190978,25773,354241,10704,5136,5568
64000,396685,42414,190990,25773,354271,10705,5136,5569
64005,396716,42416,191004,25773,354300,10706,5137,5569
64010,396747,42418,191020,25773,354329,10707,5137,5570
64015,396778,42420,191037,25773,354358,10708,5138,5570
64020,396809,42422,191053,25775,354386,10709,5138,5571
64025,396840,42425,191072,25776,354414,10710,5138,5572
64030,396871,42428,191092,25777,354442,10711,5139,5572
64035,396902,42431,191104,25779,354471,10712,5140,5572
64040,396933,42434,191119,25779,354497,10713,5140,5573
64045,396964,42437,191135,25780,354525,10714,5140,5574
64050,396995,42440,191155,25782,354555,10715,5141,5574
64055,397026,42443,191168,25783,354583,10716,5141,5575
64060,397057,42447,191187,25785,354610,10717,5141,5576
64065,397088,42452,191203,25788,354636,10718,5142,5576
64070,397119,42456,191221,25791,354663,10719,5143,5576
64075,397150,42460,191233,25793,354690,10720,5143,5577
64080,397181,42466,191254,25797,354714,10721,5144,5577
64085,397212,42473,191268,25802,354739,10722,5145,5577
64090,397243,42479,191280,25806,354762,10723,5145,5578
64095,397274,42483,191295,25808,354791,10724,5145,5579
64100,397305,42486,191315,25809,354817,10725,5146,5579
64105,397336,42489,191328,25810,354845,10726,5147,5579
64110,397367,42492,191346,25812,354873,10727,5148,5579
64115,397398,42495,191362,25813,354901,10728,5149,5579
64120,397429,42498,191376,25814,354929,10729,5149,5580
64125,397460,42501,191388,25815,354959,10730,5150,5580
64130,397491,42504,191403,25817,354986,10731,5150,5581
64135,397522,42507,191416,25819,355015,10732,5150,5582
64140,397553,42510,191429,25821,355043,10733,5150,5583
64145,397584,42513,191447,25823,355070,10734,5150,5584
64150,397615,42518,191466,25827,355096,10735,5151,5584
64155,397646,42523,191483,25832,355122,10736,5152,5584
64160,397677,42529,191498,25836,355148,10737,5153,5584
64165,397708,42530,191514,25837,355178,10738,5154,5584
64170,397739,42531,191528,25837,355207,10739,5154,5585
64175,397770,42532,191543,25838,355238,10740,5155,5585
64180,397801,42533,191555,25839,355268,10741,5155,5586
64185,397832,42534,191568,25839,355297,10742,5155,5587
64190,397863,42535,191580,25839,355328,10743,5155,5588
64195,397894,42537,191591,25839,355356,10744,5156,5588
64200,397925,42539,191612,25841,355385,10745,5157,5588
64205,397956,42541,191627,25841,355415,10745,5157,5588
64210,397987,42543,191647,25842,355444,10745,5157,5588
64215,398018,42546,191657,25843,355472,10745,5157,5588
64220,398049,42549,191675,25845,355500,10745,5157,5588
64225,398080,42552,191684,25846,355528,10745,5157,5588
64230,398111,42555,191701,25848,355556,10745,5157,5588
64235,398142,42559,191715,25852,355583,10745,5157,5588
64240,398173,42562,191728,25853,355611,10745,5157,5588
64245,398204,42566,191746,25857,355637,10745,5157,5588
64250,398235,42572,191760,25863,355663,10745,5157,5588
64255,398266,42574,191773,25863,355692,10745,5157,5588
64260,398297,42576,191788,25864,355720,10745,5157,5588
64265,398328,42578,191801,25865,355750,10745,5157,5588
64270,398359,42581,191817,25868,355776,10745,5157,5588
64275,398390,42585,191832,25870,355804,10745,5157,5588
64280,398421,42589,191851,25873,355830,10745,5157,5588
64285,398452,42594,191868,25877,355858,10745,5157,5588
64290,398483,42597,191879,25877,355886,10745,5157,5588
64295,398514,42601,191897,25881,355911,10745,5157,5588
64300,398545,42605,191911,25883,355939,10745,5157,5588
64305,398576,42609,191925,25885,355964,10746,5157,5589
64310,398607,42618,191943,25892,355988,10747,5157,5590
64315,398638,42623,191959,25894,356014,10748,5157,5591
64320,398669,42625,191977,25896,356043,10749,5158,5591
64325,398700,42627,191996,25897,356072,10750,5158,5592
64330,398731,42629,192008,25897,356101,10751,5158,5593
64335,398762,42631,192025,25898,356130,10752,5158,5594
64340,398793,42633,192040,25899,356160,10753,5158,5595
64345,398824,42635,192053,25900,356189,10754,5158,5596
64350,398855,42637,192065,25900,356218,10755,5159,5596
64355,398886,42639,192083,25901,356247,10756,5160,5596
64360,398917,42642,192097,25903,356274,10757,5160,5597
64365,398948,42645,192112,25905,356302,10758,5161,5597
64370,398979,42648,192123,25906,356330,10759,5161,5598
64375,399010,42651,192134,25907,356358,10760,5161,5599
64380,399041,42654,192146,25908,356387,10761,5161,5600
64385,399072,42657,192161,25910,356415,10762,5161,5601
64390,399103,42660,192175,25912,356443,10763,5161,5602
64395,399134,42663,192190,25914,356471,10764,5161,5603
64400,399165,42666,192206,25916,356499,10765,5161,5604
64405,399196,42669,192217,25916,356527,10766,5162,5604
64410,399227,42674,192229,25918,356553,10767,5162,5605
64415,399258,42678,192243,25920,356580,10768,5162,5606
64420,399289,42684,192255,25922,356605,10769,5162,5607
64425,399320,42691,192271,25928,356629,10770,5163,5607
64430,399351,42697,192282,25932,356653,10771,5164,5607
64435,399382,42703,192297,25938,356679,10772,5165,5607
64440,399413,42709,192310,25942,356704,10773,5165,5608
64445,399444,42713,192326,25946,356729,10774,5165,5609
64450,399475,42719,192335,25950,356754,10775,5165,5610
64455,399506,42725,192349,25954,356779,10776,5166,5610
64460,399537,42731,192361,25957,356805,10777,5167,5610
64465,399568,42735,192374,25960,356833,10778,5168,5610
64470,399599,42739,192392,25963,356859,10779,5168,5611
64475,399630,42741,192406,25965,356888,10780,5168,5612
64480,399661,42743,192422,25967,356918,10781,5169,5612
64485,399692,42745,192434,25968,356947,10782,5169,5613
64490,399723,42747,192452,25968,356976,10783,5170,5613
64495,399754,42749,192468,25969,357005,10784,5171,5613
64500,399785,42751,192483,25971,357034,10785,5171,5614
64505,399816,42753,192496,25971,357063,10786,5172,5614
64510,399847,42755,192510,25971,357092,10787,5173,5614
64515,399878,42757,192524,25971,357121,10788,5173,5615
64520,399909,42759,192541,25973,357150,10789,5174,5615
64525,399940,42761,192553,25973,357179,10790,5174,5616
64530,399971,42763,192569,25973,357208,10791,5175,5616
64535,400002,42765,192580,25974,357237,10792,5175,5617
64540,400033,42767,192601,25976,357266,10793,5176,5617
64545,400064,42769,192615,25976,357295,10794,5176,5618
64550,400095,42772,192627,25978,357322,10795,5176,5619
64555,400126,42776,192644,25981,357350,10796,5177,5619
64560,400157,42779,192652,25983,357378,10797,5177,5620
64565,400188,42782,192664,25984,357405,10798,5177,5621
64570,400219,42785,192682,25984,357433,10799,5178,5621
64575,400250,42788,192699,25985,357461,10800,5178,5622
64580,400281,42793,192715,25986,357486,10801,5178,5623
64585,400312,42799,192726,25989,357512,10802,5178,5624
64590,400343,42805,192744,25994,357538,10803,5178,5625
64595,400374,42810,192762,25997,357563,10804,5179,5625
64600,400405,42815,192771,25999,357588,10805,5180,5625
64605,400436,42824,192784,26004,357612,10806,5181,5625
64610,400467,42830,192797,26007,357635,10807,5182,5625
64615,400498,42838,192810,26012,357659,10808,5183,5625
64620,400529,42841,192824,26012,357687,10809,5184,5625
64625,400560,42844,192834,26013,357716,10810,5185,5625
64630,400591,42848,192853,26017,357743,10811,5185,5626
64635,400622,42852,192865,26019,357770,10812,5185,5627
64640,400653,42855,192881,26022,357798,10813,5186,5627
64645,400684,42859,192897,26024,357825,10814,5186,5628
64650,400715,42860,192910,26024,357855,10815,5187,5628
64655,400746,42861,192926,26024,357885,10816,5187,5629
64660,400777,42862,192942,26025,357915,10817,5188,5629
64665,400808,42863,192956,26025,357945,10818,5189,5629
64670,400839,42864,192971,26025,357974,10819,5190,5629
64675,400870,42865,192985,26026,358003,10820,5191,5629
64680,400901,42866,192999,26026,358033,10821,5191,5630
64685,400932,42867,193016,26027,358065,10822,5192,5630
64690,400963,42868,193027,26027,358095,10823,5192,5631
64695,400994,42869,193044,26027,358125,10824,5192,5632
64700,401025,42870,193057,26027,358155,10825,5192,5633
64705,401056,42871,193068,26028,358185,10826,5192,5634
64710,401087,42872,193080,26028,358215,10827,5192,5635
64715,401118,42873,193091,26028,358245,10828,5192,5636
64720,401149,42874,193111,26029,358274,10829,5193,5636
64725,401180,42877,193125,26030,358301,10830,5194,5636
64730,401211,42881,193134,26031,358329,10831,5195,5636
64735,401242,42885,193154,26034,358355,10832,5195,5637
64740,401273,42890,193169,26037,358382,10833,5195,5638
64745,401304,42894,193185,26040,358409,10834,5195,5639
64750,401335,42900,193202,26044,358434,10835,5196,5639
64755,401366,42907,193213,26047,358458,10836,5196,5640
64760,401397,42913,193225,26051,358484,10837,5196,5641
64765,401428,42916,193240,26052,358512,10838,5196,5642
64770,401459,42919,193255,26052,358540,10839,5196,5643
64775,401490,42922,193270,26053,358568,10840,5197,5643
64780,401521,42925,193282,26053,358596,10841,5197,5644
64785,401552,42928,193296,26053,358624,10842,5198,5644
64790,401583,42932,193314,26056,358650,10843,5198,5645
64795,401614,42936,193323,26060,358678,10844,5199,5645
64800,401645,42939,193343,26061,358706,10845,5199,5646
64805,401676,42943,193357,26063,358733,10845,5199,5646
64810,401707,42946,193371,26066,358761,10845,5199,5646
64815,401738,42952,193386,26071,358786,10845,5199,5646
64820,401769,42956,193393,26072,358813,10845,5199,5646
64825,401800,42961,193408,26076,358839,10845,5199,5646
64830,401831,42964,193421,26077,358867,10845,5199,5646
64835,401862,42969,193432,26080,358893,10845,5199,5646
64840,401893,42972,193445,26083,358921,10845,5199,5646
64845,401924,42976,193464,26087,358948,10845,5199,5646
64850,401955,42978,193477,26088,358977,10845,5199,5646
64855,401986,42980,193493,26089,359006,10845,5199,5646
64860,402017,42982,193511,26091,359035,10845,5199,5646
64865,402048,42984,193524,26091,359063,10845,5199,5646
64870,402079,42988,193541,26095,359091,10845,5199,5646
64875,402110,42992,193551,26097,359118,10845,5199,5646
64880,402141,42996,193564,26100,359144,10845,5199,5646
64885,402172,42999,193580,26103,359171,10845,5199,5646
64890,402203,43004,193593,26106,359198,10845,5199,5646
64895,402234,43008,193609,26109,359226,10845,5199,5646
64900,402265,43012,193629,26112,359251,10845,5199,5646
64905,402296,43016,193645,26115,359279,10846,5200,5646
64910,402327,43020,193662,26118,359305,10847,5200,5647
64915,402358,43024,193674,26121,359333,10848,5201,5647
64920,402389,43030,193693,26126,359357,10849,5202,5647
64925,402420,43032,193709,26128,359388,10850,5202,5648
64930,402451,43034,193724,26129,359417,10851,5203,5648
64935,402482,43036,193736,26129,359446,10852,5204,5648
64940,402513,43038,193747,26130,359475,10853,5205,5648
64945,402544,43040,193762,26130,359504,10854,5205,5649
64950,402575,43043,193779,26131,359532,10855,5205,5650
64955,402606,43046,193793,26132,359560,10856,5206,5650
64960,402637,43049,193808,26133,359588,10857,5206,5651
64965,402668,43052,193826,26135,359616,10858,5206,5652
64970,402699,43055,193837,26136,359643,10859,5206,5653
64975,402730,43058,193851,26138,359671,10860,5207,5653
64980,402761,43061,193866,26141,359700,10861,5208,5653
64985,402792,43064,193881,26142,359728,10862,5209,5653
64990,402823,43068,193899,26144,359755,10863,5210,5653
64995,402854,43071,193918,26146,359783,10864,5211,5653
65000,402885,43075,193931,26149,359810,10865,5212,5653
65005,402916,43078,193941,26150,359838,10866,5213,5653
65010,402947,43082,193956,26153,359865,10867,5214,5653
65015,402978,43086,193969,26155,359892,10868,5215,5653
65020,403009,43090,193986,26158,359919,10869,5216,5653
65025,403040,43094,193999,26160,359945,10870,5216,5654
65030,403071,43102,194016,26166,359965,10871,5216,5655
65035,403102,43113,194032,26175,359987,10872,5216,5656
65040,403133,43118,194046,26178,360014,10873,5216,5657
65045,403164,43122,194060,26182,360042,10874,5216,5658
65050,403195,43124,194075,26184,360071,10875,5217,5658
65055,403226,43126,194088,26185,360100,10876,5217,5659
65060,403257,43129,194102,26186,360128,10877,5218,5659
65065,403288,43132,194114,26187,360155,10878,5218,5660
65070,403319,43135,194126,26189,360183,10879,5218,5661
65075,403350,43138,194142,26192,360211,10880,5219,5661
65080,403381,43141,194157,26194,360238,10881,5220,5661
65085,403412,43143,194173,26195,360268,10882,5220,5662
65090,403443,43144,194187,26195,360297,10883,5220,5663
65095,403474,43145,194194,26195,360327,10884,5220,5664
65100,403505,43146,194213,26196,360358,10885,5221,5664
65105,403536,43147,194227,26196,360389,10886,5222,5664
65110,403567,43148,194245,26197,360419,10887,5223,5664
65115,403598,43149,194260,26198,360448,10888,5223,5665
65120,403629,43150,194276,26199,360478,10889,5223,5666
65125,403660,43151,194292,26200,360508,10890,5224,5666
65130,403691,43152,194305,26200,360539,10891,5225,5666
65135,403722,43153,194323,26201,360569,10892,5225,5667
65140,403753,43155,194342,26203,360598,10893,5225,5668
65145,403784,43157,194356,26205,360627,10894,5225,5669
65150,403815,43160,194372,26207,360655,10895,5226,5669
65155,403846,43163,194388,26209,360683,10896,5226,5670
65160,403877,43166,194406,26209,360711,10897,5227,5670
65165,403908,43169,194421,26212,360739,10898,5228,5670
65170,403939,43172,194429,26212,360767,10899,5228,5671
65175,403970,43175,194444,26214,360795,10900,5228,5672
65180,404001,43178,194457,26214,360823,10901,5229,5672
65185,404032,43181,194472,26215,360851,10902,5230,5672
65190,404063,43185,194489,26216,360878,10903,5230,5673
65195,404094,43191,194508,26221,360903,10904,5231,5673
65200,404125,43195,194520,26222,360930,10905,5232,5673
65205,404156,43200,194531,26224,360955,10906,5232,5674
65210,404187,43208,194543,26229,360975,10907,5232,5675
65215,404218,43218,194560,26237,360997,10908,5232,5676
65220,404249,43223,194576,26241,361024,10909,5232,5677
65225,404280,43227,194593,26243,361052,10910,5233,5677
65230,404311,43231,194611,26245,361078,10911,5234,5677
65235,404342,43235,194621,26248,361105,10912,5234,5678
65240,404373,43241,194639,26252,361132,10913,5235,5678
65245,404404,43244,194650,26254,361160,10914,5235,5679
65250,404435,43247,194662,26254,361188,10915,5235,5680
65255,404466,43252,194672,26256,361213,10916,5235,5681
65260,404497,43259,194690,26260,361237,10917,5236,5681
65265,404528,43261,194711,26262,361266,10918,5237,5681
65270,404559,43263,194729,26263,361296,10919,5237,5682
65275,404590,43265,194743,26263,361325,10920,5238,5682
65280,404621,43267,194763,26265,361354,10921,5238,5683
65285,404652,43269,194775,26265,361383,10922,5238,5684
65290,404683,43271,194792,26267,361411,10923,5239,5684
65295,404714,43273,194808,26269,361441,10924,5239,5685
65300,404745,43275,194824,26270,361470,10925,5239,5686
65305,404776,43277,194838,26272,361499,10926,5240,5686
65310,404807,43279,194854,26273,361528,10927,5240,5687
65315,404838,43281,194866,26274,361557,10928,5240,5688
65320,404869,43283,194881,26275,361586,10929,5240,5689
65325,404900,43286,194896,26276,361614,10930,5240,5690
65330,404931,43289,194912,26278,361642,10931,5241,5690
65335,404962,43292,194930,26280,361670,10932,5242,5690
65340,404993,43295,194944,26283,361698,10933,5242,5691
65345,405024,43298,194964,26285,361726,10933,5242,5691
65350,405055,43301,194982,26287,361754,10933,5242,5691
65355,405086,43305,194996,26290,361781,10933,5242,5691
65360,405117,43310,195013,26294,361807,10933,5242,5691
65365,405148,43315,195030,26298,361831,10933,5242,5691
65370,405179,43324,195042,26305,361853,10933,5242,5691
65375,405210,43333,195054,26314,361877,10933,5242,5691
65380,405241,43336,195065,26314,361904,10933,5242,5691
65385,405272,43340,195080,26318,361930,10933,5242,5691
65390,405303,43344,195091,26321,361959,10933,5242,5691
65395,405334,43347,195105,26321,361986,10933,5242,5691
65400,405365,43351,195118,26323,362012,10933,5242,5691
65405,405396,43355,195132,26324,362041,10933,5242,5691
65410,405427,43359,195145,26327,362067,10933,5242,5691
65415,405458,43362,195162,26330,362095,10933,5242,5691
65420,405489,43366,195174,26332,362123,10933,5242,5691
65425,405520,43369,195191,26333,362149,10933,5242,5691
65430,405551,43375,195205,26338,362176,10933,5242,5691
65435,405582,43380,195223,26341,362201,10933,5242,5691
65440,405613,43384,195242,26345,362229,10933,5242,5691
65445,405644,43386,195256,26347,362258,10934,5243,5691
65450,405675,43388,195273,26349,362286,10935,5243,5692
65455,405706,43390,195286,26350,362315,10936,5243,5693
65460,405737,43392,195304,26352,362344,10937,5243,5694
65465,405768,43393,195321,26352,362375,10938,5244,5694
65470,405799,43394,195335,26352,362405,10939,5244,5695
65475,405830,43395,195353,26352,362435,10940,5245,5695
65480,405861,43396,195368,26353,362465,10941,5245,5696
65485,405892,43398,195380,26353,362494,10942,5246,5696
65490,405923,43400,195394,26353,362523,10943,5247,5696
65495,405954,43402,195409,26355,362552,10944,5247,5697
65500,405985,43404,195422,26356,362581,10945,5248,5697
65505,406016,43406,195439,26357,362610,10946,5248,5698
65510,406047,43408,195452,26358,362639,10947,5248,5699
65515,406078,43410,195467,26359,362668,10948,5249,5699
65520,406109,43412,195483,26359,362697,10949,5250,5699
65525,406140,43416,195498,26362,362724,10950,5251,5699
65530,406171,43419,195516,26365,362752,10951,5252,5699
65535,406202,43422,195533,26366,362780,10952,5253,5699
65540,406233,43424,195543,26367,362809,10953,5254,5699
65545,406264,43426,195556,26369,362838,10954,5254,5700
65550,406295,43430,195574,26372,362863,10955,5255,5700
65555,406326,43435,195588,26375,362890,10956,5255,5701
65560,406357,43442,195603,26380,362913,10957,5255,5702
65565,406388,43449,195615,26385,362937,10958,5256,5702
65570,406419,43460,195629,26393,362958,10959,5256,5703
65575,406450,43464,195641,26396,362985,10960,5256,5704
65580,406481,43469,195656,26399,363010,10961,5257,5704
65585,406512,43472,195673,26400,363039,10962,5258,5704
65590,406543,43474,195690,26401,363068,10963,5259,5704
65595,406574,43476,195709,26403,363097,10964,5259,5705
65600,406605,43478,195724,26403,363127,10965,5260,5705
65605,406636,43480,195740,26405,363156,10966,5260,5706
65610,406667,43482,195757,26406,363181,10967,5261,5706
65615,406698,43484,195767,26406,363214,10968,5261,5707
65620,406729,43486,195784,26407,363241,10969,5261,5708
65625,406760,43488,195794,26407,363270,10970,5261,5709
65630,406791,43490,195816,26409,363299,10971,5262,5709
65635,406822,43492,195834,26411,363330,10972,5263,5709
65640,406853,43494,195851,26412,363359,10973,5264,5709
65645,406884,43496,195862,26412,363388,10974,5264,5710
65650,406915,43498,195873,26413,363417,10975,5264,5711
65655,406946,43500,195887,26413,363446,10976,5265,5711
65660,406977,43502,195905,26415,363475,10977,5266,5711
65665,407008,43504,195919,26417,363504,10978,5267,5711
65670,407039,43506,195932,26418,363533,10979,5268,5711
65675,407070,43509,195945,26418,363561,10980,5268,5712
65680,407101,43512,195958,26420,363589,10981,5269,5712
65685,407132,43515,195976,26422,363616,10982,5270,5712
65690,407163,43520,195991,26425,363643,10983,5270,5713
65695,407194,43524,196007,26426,363668,10984,5271,5713
65700,407225,43532,196022,26432,363692,10985,5271,5714
65705,407256,43539,196040,26437,363716,10986,5271,5715
65710,407287,43544,196056,26440,363742,10987,5271,5716
65715,407318,43551,196069,26443,363765,10988,5271,5717
65720,407349,43558,196086,26449,363788,10989,5272,5717
65725,407380,43568,196099,26457,363812,10990,5273,5717
65730,407411,43575,196113,26463,363836,10991,5273,5718
65735,407442,43579,196133,26466,363863,10992,5274,5718
65740,407473,43581,196145,26467,363892,10993,5274,5719
65745,407504,43583,196157,26467,363919,10994,5275,5719
65750,407535,43585,196173,26467,363946,10995,5275,5720
65755,407566,43587,196189,26468,363977,10996,5275,5721
65760,407597,43589,196205,26469,364006,10997,5275,5722
65765,407628,43591,196214,26470,364037,10998,5276,5722
65770,407659,43593,196225,26470,364066,10999,5277,5722
65775,407690,43595,196241,26471,364095,11000,5277,5723
65780,407721,43597,196253,26471,364124,11001,5278,5723
65785,407752,43599,196268,26472,364152,11002,5278,5724
65790,407783,43600,196283,26472,364182,11003,5279,5724
65795,407814,43601,196297,26472,364213,11004,5279,5725
65800,407845,43602,196314,26473,364243,11005,5280,5725
65805,407876,43603,196334,26474,364273,11006,5281,5725
65810,407907,43604,196350,26475,364303,11007,5282,5725
65815,407938,43605,196366,26475,364333,11008,5283,5725
65820,407969,43606,196376,26476,364363,11009,5283,5726
65825,408000,43607,196389,26476,364393,11010,5283,5727
65830,408031,43608,196400,26476,364422,11011,5284,5727
65835,408062,43611,196420,26479,364450,11012,5284,5728
65840,408093,43615,196436,26481,364477,11013,5284,5729
65845,408124,43619,196452,26483,364504,11014,5285,5729
65850,408155,43623,196469,26486,364531,11015,5285,5730
65855,408186,43627,196483,26487,364559,11016,5286,5730
65860,408217,43630,196500,26489,364586,11017,5287,5730
65865,408248,43637,196514,26494,364610,11018,5288,5730
65870,408279,43641,196526,26498,364638,11019,5288,5731
65875,408310,43646,196540,26501,364663,11020,5288,5732
65880,408341,43652,196555,26506,364688,11021,5289,5732
65885,408372,43660,196571,26513,364710,11022,5290,5732
65890,408403,43665,196584,26517,364738,11023,5290,5733
65895,408434,43667,196592,26518,364767,11024,5290,5734
65900,408465,43673,196608,26523,364791,11025,5290,5735
65905,408496,43674,196626,26524,364821,11026,5291,5735
65910,408527,43675,196642,26524,364851,11027,5291,5736
65915,408558,43676,196659,26525,364881,11028,5292,5736
65920,408589,43677,196672,26525,364910,11029,5292,5737
65925,408620,43678,196691,26526,364941,11030,5292,5738
65930,408651,43679,196707,26526,364971,11031,5293,5738
65935,408682,43680,196721,26526,365001,11032,5294,5738
65940,408713,43681,196734,26526,365032,11033,5295,5738
65945,408744,43681,196750,26526,365061,11033,5295,5738
65950,408775,43681,196766,26526,365093,11033,5295,5738
65955,408806,43681,196779,26526,365125,11033,5295,5738
65960,408837,43681,196791,26526,365156,11033,5295,5738
65965,408868,43681,196807,26526,365187,11033,5295,5738
65970,408899,43681,196825,26526,365217,11033,5295,5738
65975,408930,43681,196835,26526,365248,11033,5295,5738
65980,408961,43681,196858,26526,365279,11033,5295,5738
65985,408992,43681,196872,26526,365311,11033,5295,5738
65990,409023,43681,196894,26526,365341,11033,5295,5738
65995,409054,43683,196910,26527,365371,11033,5295,5738
66000,409085,43684,196924,26527,365400,11033,5295,5738
66005,409116,43686,196940,26528,365430,11033,5295,5738
66010,409147,43688,196957,26529,365459,11033,5295,5738
66015,409178,43691,196975,26531,365486,11033,5295,5738
66020,409209,43695,196994,26534,365513,11033,5295,5738
66025,409240,43698,197005,26536,365541,11033,5295,5738
66030,409271,43702,197018,26539,365568,11033,5295,5738
66035,409302,43706,197033,26542,365595,11033,5295,5738
66040,409333,43712,197044,26547,365621,11033,5295,5738
66045,409364,43718,197064,26552,365645,11034,5295,5739
66050,409395,43724,197082,26558,365671,11035,5296,5739
66055,409426,43728,197095,26561,365696,11036,5297,5739
66060,409457,43736,197111,26567,365721,11037,5298,5739
66065,409488,43739,197123,26570,365748,11038,5298,5740
66070,409519,43740,197138,26570,365779,11039,5299,5740
66075,409550,43741,197158,26571,365808,11040,5299,5741
66080,409581,43742,197172,26572,365839,11041,5299,5742
66085,409612,43743,197184,26573,365869,11042,5299,5743
66090,409643,43744,197199,26573,365899,11043,5299,5744
66095,409674,43745,197214,26573,365929,11044,5299,5745
66100,409705,43746,197229,26573,365959,11045,5300,5745
66105,409736,43747,197239,26574,365987,11046,5300,5746
66110,409767,43748,197256,26574,366017,11047,5301,5746
66115,409798,43749,197266,26574,366047,11048,5301,5747
66120,409829,43750,197286,26574,366078,11049,5301,5748
66125,409860,43751,197297,26574,366107,11050,5301,5749
66130,409891,43752,197311,26574,366138,11051,5301,5750
66135,409922,43753,197327,26574,366168,11052,5302,5750
66140,409953,43754,197346,26574,366198,11053,5302,5751
66145,409984,43755,197364,26574,366228,11054,5303,5751
66150,410015,43756,197379,26575,366259,11055,5304,5751
66155,410046,43757,197394,26575,366289,11056,5305,5751
66160,410077,43758,197412,26576,366319,11057,5305,5752
66165,410108,43759,197427,26577,366349,11058,5306,5752
66170,410139,43761,197445,26579,366377,11059,5306,5753
66175,410170,43765,197460,26583,366405,11060,5306,5754
66180,410201,43768,197476,26584,366432,11061,5307,5754
66185,410232,43772,197485,26585,366460,11062,5307,5755
66190,410263,43775,197496,26585,366488,11063,5307,5756
66195,410294,43778,197511,26585,366515,11064,5308,5756
66200,410325,43783,197526,26588,366541,11065,5308,5757
66205,410356,43788,197543,26592,366567,11066,5309,5757
66210,410387,43792,197554,26594,366594,11067,5309,5758
66215,410418,43798,197567,26598,366619,11068,5310,5758
66220,410449,43807,197582,26606,366641,11069,5310,5759
66225,410480,43816,197597,26613,366663,11070,5310,5760
66230,410511,43821,197608,26615,366689,11071,5311,5760
66235,410542,43825,197620,26618,366716,11072,5311,5761
66240,410573,43827,197634,26619,366746,11073,5311,5762
66245,410604,43828,197645,26619,366775,11074,5311,5763
66250,410635,43829,197659,26619,366806,11075,5311,5764
66255,410666,43830,197671,26619,366836,11076,5311,5765
66260,410697,43831,197681,26619,366866,11077,5311,5766
66265,410728,43832,197693,26620,366896,11078,5311,5767
66270,410759,43833,197706,26620,366926,11079,5312,5767
66275,410790,43834,197716,26620,366956,11080,5312,5768
66280,410821,43835,197729,26620,366986,11081,5313,5768
66285,410852,43836,197742,26620,367016,11082,5314,5768
66290,410883,43837,197756,26620,367046,11083,5314,5769
66295,410914,43838,197774,26621,367076,11084,5315,5769
66300,410945,43839,197789,26621,367106,11085,5316,5769
66305,410976,43840,197810,26622,367136,11086,5317,5769
66310,411007,43841,197824,26623,367165,11087,5318,5769
66315,411038,43842,197835,26623,367196,11088,5318,5770
66320,411069,43843,197847,26624,367226,11089,5319,5770
66325,411100,43844,197864,26625,367255,11090,5320,5770
66330,411131,43845,197875,26626,367286,11091,5320,5771
66335,411162,43848,197890,26627,367313,11092,5320,5772
66340,411193,43851,197906,26629,367340,11093,5321,5772
66345,411224,43855,197922,26631,367369,11094,5321,5773
66350,411255,43858,197938,26634,367395,11095,5321,5774
66355,411286,43863,197952,26636,367420,11096,5321,5775
66360,411317,43868,197963,26639,367447,11097,5321,5776
66365,411348,43875,197977,26643,367471,11098,5321,5777
66370,411379,43880,197991,26647,367499,11099,5322,5777
66375,411410,43882,198005,26649,367527,11100,5323,5777
66380,411441,43885,198020,26652,367556,11100,5323,5777
66385,411472,43887,198033,26654,367585,11100,5323,5777
66390,411503,43890,198051,26656,367613,11100,5323,5777
66395,411534,43893,198064,26659,367641,11100,5323,5777
66400,411565,43895,198078,26661,367670,11100,5323,5777
66405,411596,43898,198094,26663,367698,11100,5323,5777
66410,411627,43901,198111,26666,367726,11100,5323,5777
66415,411658,43904,198125,26667,367754,11100,5323,5777
66420,411689,43909,198145,26672,367780,11100,5323,5777
66425,411720,43912,198155,26674,367808,11100,5323,5777
66430,411751,43913,198169,26674,367838,11100,5323,5777
66435,411782,43914,198186,26674,367868,11100,5323,5777
66440,411813,43915,198200,26674,367898,11100,5323,5777
66445,411844,43916,198211,26675,367928,11100,5323,5777
66450,411875,43917,198231,26675,367957,11100,5323,5777
66455,411906,43918,198247,26676,367988,11100,5323,5777
66460,411937,43919,198265,26677,368018,11100,5323,5777
66465,411968,43920,198278,26677,368047,11100,5323,5777
66470,411999,43921,198290,26678,368077,11100,5323,5777
66475,412030,43922,198311,26678,368107,11100,5323,5777
66480,412061,43924,198329,26679,368136,11100,5323,5777
66485,412092,43926,198343,26679,368166,11100,5323,5777
66490,412123,43928,198357,26680,368195,11100,5323,5777
66495,412154,43930,198373,26682,368224,11100,5323,5777
66500,412185,43933,198385,26685,368251,11100,5323,5777
66505,412216,43936,198406,26687,368279,11100,5323,5777
66510,412247,43940,198421,26690,368307,11100,5323,5777
66515,412278,43943,198430,26691,368335,11100,5323,5777
66520,412309,43946,198446,26693,368363,11100,5323,5777
66525,412340,43949,198461,26696,368391,11100,5323,5777
66530,412371,43954,198481,26700,368416,11100,5323,5777
66535,412402,43958,198498,26704,368443,11100,5323,5777
66540,412433,43963,198513,26708,368470,11100,5323,5777
66545,412464,43965,198526,26709,368498,11100,5323,5777
66550,412495,43967,198543,26709,368527,11100,5323,5777
66555,412526,43969,198561,26711,368556,11100,5323,5777
66560,412557,43971,198576,26711,368584,11100,5323,5777
66565,412588,43973,198591,26712,368615,11100,5323,5777
66570,412619,43975,198606,26713,368644,11100,5323,5777
66575,412650,43977,198621,26714,368673,11100,5323,5777
66580,412681,43979,198640,26714,368702,11100,5323,5777
66585,412712,43981,198654,26714,368731,11100,5323,5777
66590,412743,43984,198665,26716,368759,11100,5323,5777
66595,412774,43988,198681,26719,368786,11100,5323,5777
66600,412805,43992,198695,26722,368813,11100,5323,5777
66605,412836,43996,198706,26724,368840,11100,5323,5777
66610,412867,43999,198718,26725,368868,11100,5323,5777
66615,412898,44003,198735,26728,368895,11100,5323,5777
66620,412929,44004,198746,26728,368925,11100,5323,5777
66625,412960,44005,198758,26729,368955,11100,5323,5777
66630,412991,44006,198775,26730,368985,11100,5323,5777
66635,413022,44007,198785,26731,369015,11100,5323,5777
66640,413053,44008,198800,26732,369045,11100,5323,5777
66645,413084,44009,198810,26733,369075,11100,5323,5777
66650,413115,44011,198825,26733,369103,11100,5323,5777
66655,413146,44013,198843,26734,369133,11100,5323,5777
66660,413177,44016,198856,26737,369161,11100,5323,5777
66665,413208,44018,198872,26737,369189,11100,5323,5777
66670,413239,44020,198882,26739,369218,11100,5323,5777
66675,413270,44022,198901,26741,369245,11100,5323,5777
66680,413301,44024,198916,26743,369275,11100,5323,5777
66685,413332,44026,198925,26743,369304,11100,5323,5777
66690,413363,44028,198941,26744,369335,11100,5323,5777
66695,413394,44030,198956,26745,369363,11100,5323,5777
66700,413425,44032,198966,26746,369393,11100,5323,5777
66705,413456,44034,198981,26748,369419,11100,5323,5777
66710,413487,44038,198999,26751,369447,11100,5323,5777
66715,413518,44040,199016,26753,369477,11100,5323,5777
66720,413549,44043,199031,26755,369506,11100,5323,5777
66725,413580,44047,199043,26756,369533,11100,5323,5777
66730,413611,44051,199057,26758,369560,11100,5323,5777
66735,413642,44054,199068,26760,369588,11100,5323,5777
66740,413673,44058,199081,26763,369615,11100,5323,5777
66745,413704,44061,199095,26765,369642,11100,5323,5777
66750,413735,44063,199109,26767,369672,11100,5323,5777
66755,413766,44066,199127,26768,369699,11100,5323,5777
66760,413797,44069,199140,26771,369728,11100,5323,5777
66765,413828,44073,199157,26773,369755,11100,5323,5777
66770,413859,44074,199176,26774,369785,11100,5323,5777
66775,413890,44075,199192,26774,369815,11100,5323,5777
66780,413921,44076,199207,26774,369845,11100,5323,5777
66785,413952,44077,199222,26774,369875,11100,5323,5777
66790,413983,44079,199232,26776,369904,11100,5323,5777
66795,414014,44082,199250,26778,369932,11100,5323,5777
66800,414045,44084,199264,26780,369961,11100,5323,5777
66805,414076,44086,199281,26782,369990,11100,5323,5777
66810,414107,44088,199294,26783,370019,11100,5323,5777
66815,414138,44090,199309,26784,370048,11100,5323,5777
66820,414169,44091,199323,26785,370078,11100,5323,5777
66825,414200,44094,199340,26787,370106,11100,5323,5777
66830,414231,44096,199353,26789,370135,11100,5323,5777
66835,414262,44099,199372,26792,370163,11100,5323,5777
66840,414293,44099,199389,26792,370194,11100,5323,5777
66845,414324,44099,199402,26792,370225,11100,5323,5777
66850,414355,44099,199418,26792,370255,11100,5323,5777
66855,414386,44099,199434,26792,370285,11100,5323,5777
66860,414417,44099,199449,26792,370317,11100,5323,5777
66865,414448,44099,199460,26792,370347,11100,5323,5777
66870,414479,44100,199472,26793,370377,11100,5323,5777
66875,414510,44102,199488,26794,370406,11100,5323,5777
66880,414541,44103,199501,26794,370437,11100,5323,5777
66885,414572,44104,199520,26794,370467,11100,5323,5777
66890,414603,44106,199537,26795,370495,11100,5323,5777
66895,414634,44108,199556,26796,370523,11100,5323,5777
66900,414665,44110,199574,26798,370555,11100,5323,5777
66905,414696,44112,199589,26799,370583,11100,5323,5777
66910,414727,44114,199612,26801,370613,11100,5323,5777
66915,414758,44115,199626,26802,370643,11100,5323,5777
66920,414789,44117,199643,26804,370672,11100,5323,5777
66925,414820,44119,199665,26805,370701,11100,5323,5777
66930,414851,44120,199675,26806,370731,11100,5323,5777
66935,414882,44122,199692,26808,370760,11100,5323,5777
66940,414913,44124,199705,26810,370789,11100,5323,5777
66945,414944,44127,199722,26811,370817,11100,5323,5777
66950,414975,44128,199742,26811,370847,11100,5323,5777
66955,415006,44129,199758,26811,370877,11100,5323,5777
66960,415037,44130,199776,26812,370907,11100,5323,5777
66965,415068,44131,199796,26813,370937,11100,5323,5777
66970,415099,44132,199813,26814,370967,11100,5323,5777
66975,415130,44134,199828,26816,370996,11100,5323,5777
66980,415161,44135,199844,26817,371025,11100,5323,5777
66985,415192,44136,199861,26818,371055,11100,5323,5777
66990,415223,44139,199875,26820,371084,11100,5323,5777
66995,415254,44142,199886,26822,371111,11100,5323,5777
67000,415285,44145,199907,26825,371139,11100,5323,5777
67005,415316,44147,199921,26827,371169,11100,5323,5777
67010,415347,44150,199935,26830,371197,11100,5323,5777
67015,415378,44154,199953,26834,371222,11100,5323,5777
67020,415409,44154,199967,26834,371253,11100,5323,5777
67025,415440,44154,199981,26834,371284,11100,5323,5777
67030,415471,44154,199989,26834,371316,11100,5323,5777
67035,415502,44154,200001,26834,371344,11100,5323,5777
67040,415533,44154,200013,26834,371377,11100,5323,5777
67045,415564,44154,200025,26834,371408,11100,5323,5777
67050,415595,44154,200040,26834,371439,11100,5323,5777
67055,415626,44156,200054,26835,371468,11100,5323,5777
67060,415657,44157,200067,26835,371499,11100,5323,5777
67065,415688,44158,200083,26835,371530,11100,5323,5777
67070,415719,44159,200100,26836,371558,11100,5323,5777
67075,415750,44160,200113,26837,371589,11100,5323,5777
67080,415781,44161,200129,26837,371619,11100,5323,5777
67085,415812,44163,200148,26839,371648,11100,5323,5777
67090,415843,44164,200161,26839,371678,11100,5323,5777
67095,415874,44165,200175,26839,371708,11100,5323,5777
67100,415905,44167,200190,26841,371737,11100,5323,5777
67105,415936,44169,200209,26842,371766,11100,5323,5777
67110,415967,44171,200222,26843,371795,11100,5323,5777
67115,415998,44173,200236,26844,371824,11100,5323,5777
67120,416029,44176,200255,26847,371853,11100,5323,5777
67125,416060,44178,200265,26848,371882,11100,5323,5777
67130,416091,44183,200279,26852,371908,11100,5323,5777
67135,416122,44184,200294,26853,371938,11100,5323,5777
67140,416153,44185,200305,26854,371968,11100,5323,5777
67145,416184,44187,200317,26855,371997,11100,5323,5777
67150,416215,44190,200327,26857,372025,11100,5323,5777
67155,416246,44192,200338,26859,372054,11100,5323,5777
67160,416277,44194,200350,26860,372083,11100,5323,5777
67165,416308,44197,200363,26862,372111,11100,5323,5777
67170,416339,44201,200383,26865,372138,11100,5323,5777
67175,416370,44203,200396,26866,372166,11100,5323,5777
67180,416401,44204,200406,26867,372197,11100,5323,5777
67185,416432,44206,200420,26869,372224,11100,5323,5777
67190,416463,44206,200438,26869,372254,11100,5323,5777
67195,416494,44206,200458,26869,372285,11100,5323,5777
67200,416525,44206,200471,26869,372317,11100,5323,5777
67205,416556,44206,200488,26869,372349,11100,5323,5777
67210,416587,44206,200498,26869,372381,11100,5323,5777
67215,416618,44206,200515,26869,372411,11100,5323,5777
67220,416649,44206,200529,26869,372442,11100,5323,5777
67225,416680,44206,200542,26869,372474,11100,5323,5777
67230,416711,44206,200556,26869,372504,11100,5323,5777
67235,416742,44206,200571,26869,372536,11100,5323,5777
67240,416773,44208,200590,26870,372565,11100,5323,5777
67245,416804,44210,200600,26871,372593,11100,5323,5777
67250,416835,44212,200616,26873,372622,11100,5323,5777
67255,416866,44213,200631,26874,372653,11100,5323,5777
67260,416897,44215,200649,26876,372681,11100,5323,5777
67265,416928,44216,200667,26877,372711,11100,5323,5777
67270,416959,44217,200683,26877,372742,11100,5323,5777
67275,416990,44218,200697,26878,372772,11100,5323,5777
67280,417021,44219,200711,26879,372802,11100,5323,5777
67285,417052,44220,200723,26880,372831,11100,5323,5777
67290,417083,44222,200737,26881,372860,11100,5323,5777
67295,417114,44224,200751,26883,372889,11100,5323,5777
67300,417145,44226,200763,26884,372919,11100,5323,5777
67305,417176,44228,200772,26885,372948,11100,5323,5777
67310,417207,44232,200785,26887,372975,11100,5323,5777
67315,417238,44236,200802,26890,373001,11100,5323,5777
67320,417269,44242,200821,26894,373026,11100,5323,5777
67325,417300,44247,200835,26898,373053,11100,5323,5777
67330,417331,44251,200854,26900,373080,11100,5323,5777
67335,417362,44256,200867,26903,373106,11100,5323,5777
67340,417393,44259,200884,26906,373133,11100,5323,5777
67345,417424,44260,200897,26906,373163,11100,5323,5777
67350,417455,44262,200914,26907,373193,11100,5323,5777
67355,417486,44262,200928,26907,373223,11100,5323,5777
67360,417517,44262,200940,26907,373255,11100,5323,5777
67365,417548,44262,200955,26907,373285,11100,5323,5777
67370,417579,44262,200972,26907,373315,11100,5323,5777
67375,417610,44262,200982,26907,373347,11100,5323,5777
67380,417641,44262,200994,26907,373378,11100,5323,5777
67385,417672,44262,201009,26907,373409,11100,5323,5777
67390,417703,44262,201018,26907,373441,11100,5323,5777
67395,417734,44262,201032,26907,373471,11100,5323,5777
67400,417765,44262,201047,26907,373503,11100,5323,5777
67405,417796,44262,201066,26907,373534,11100,5323,5777
67410,417827,44262,201083,26907,373564,11100,5323,5777
67415,417858,44262,201097,26907,373595,11100,5323,5777
67420,417889,44262,201109,26907,373627,11100,5323,5777
67425,417920,44262,201126,26907,373657,11100,5323,5777
67430,417951,44262,201140,26907,373689,11100,5323,5777
67435,417982,44262,201158,26907,373720,11100,5323,5777
67440,418013,44263,201172,26908,373750,11100,5323,5777
67445,418044,44264,201183,26908,373780,11100,5323,5777
67450,418075,44266,201205,26910,373809,11100,5323,5777
67455,418106,44268,201213,26911,373838,11100,5323,5777
67460,418137,44270,201228,26912,373867,11100,5323,5777
67465,418168,44273,201241,26913,373895,11100,5323,5777
67470,418199,44275,201255,26914,373924,11100,5323,5777
67475,418230,44277,201268,26915,373953,11100,5323,5777
67480,418261,44279,201284,26917,373982,11100,5323,5777
67485,418292,44282,201296,26919,374010,11100,5323,5777
67490,418323,44288,201313,26923,374034,11100,5323,5777
67495,418354,44295,201331,26928,374059,11100,5323,5777
67500,418385,44300,201347,26932,374085,11100,5323,5777
67505,418416,44304,201363,26934,374112,11100,5323,5777
67510,418447,44310,201381,26939,374137,11100,5323,5777
67515,418478,44313,201396,26942,374165,11100,5323,5777
67520,418509,44313,201411,26942,374196,11100,5323,5777
67525,418540,44313,201422,26942,374227,11100,5323,5777
67530,418571,44313,201433,26942,374258,11100,5323,5777
67535,418602,44313,201450,26942,374289,11100,5323,5777
67540,418633,44313,201461,26942,374320,11100,5323,5777
67545,418664,44313,201481,26942,374351,11100,5323,5777
67550,418695,44313,201496,26942,374382,11100,5323,5777
67555,418726,44313,201512,26942,374413,11100,5323,5777
67560,418757,44313,201531,26942,374443,11100,5323,5777
67565,418788,44313,201549,26942,374474,11100,5323,5777
67570,418819,44313,201563,26942,374506,11100,5323,5777
67575,418850,44313,201577,26942,374537,11100,5323,5777
67580,418881,44313,201594,26942,374566,11100,5323,5777
67585,418912,44313,201610,26942,374598,11100,5323,5777
67590,418943,44313,201625,26942,374629,11100,5323,5777
67595,418974,44313,201639,26942,374659,11100,5323,5777
67600,419005,44313,201653,26942,374690,11100,5323,5777
67605,419036,44313,201665,26942,374723,11100,5323,5777
67610,419067,44313,201681,26942,374753,11100,5323,5777
67615,419098,44313,201695,26942,374783,11100,5323,5777
67620,419129,44315,201709,26944,374812,11100,5323,5777
67625,419160,44316,201722,26944,374843,11100,5323,5777
67630,419191,44318,201734,26944,374873,11100,5323,5777
67635,419222,44321,201753,26945,374901,11100,5323,5777
67640,419253,44324,201768,26948,374929,11100,5323,5777
67645,419284,44328,201783,26952,374956,11100,5323,5777
67650,419315,44334,201798,26957,374981,11100,5323,5777
67655,419346,44337,201819,26960,375009,11100,5323,5777
67660,419377,44340,201832,26961,375037,11100,5323,5777
67665,419408,44344,201845,26963,375064,11100,5323,5777
67670,419439,44348,201862,26965,375091,11100,5323,5777
67675,419470,44351,201880,26967,375119,11100,5323,5777
67680,419501,44354,201893,26970,375147,11100,5323,5777
67685,419532,44356,201906,26971,375176,11100,5323,5777
67690,419563,44357,201919,26972,375206,11100,5323,5777
67695,419594,44358,201929,26973,375236,11100,5323,5777
67700,419625,44359,201946,26974,375266,11100,5323,5777
67705,419656,44360,201957,26974,375296,11100,5323,5777
67710,419687,44363,201972,26976,375324,11100,5323,5777
67715,419718,44366,201983,26979,375352,11100,5323,5777
67720,419749,44368,201996,26981,375381,11100,5323,5777
67725,419780,44370,202013,26982,375410,11100,5323,5777
67730,419811,44370,202028,26982,375440,11100,5323,5777
67735,419842,44370,202040,26982,375471,11100,5323,5777
67740,419873,44370,202052,26982,375502,11100,5323,5777
67745,419904,44370,202065,26982,375534,11100,5323,5777
67750,419935,44370,202080,26982,375564,11100,5323,5777
67755,419966,44370,202096,26982,375596,11100,5323,5777
67760,419997,44370,202110,26982,375626,11100,5323,5777
67765,420028,44370,202122,26982,375657,11100,5323,5777
67770,420059,44370,202134,26982,375688,11100,5323,5777
67775,420090,44370,202147,26982,375719,11100,5323,5777
67780,420121,44370,202165,26982,375750,11100,5323,5777
67785,420152,44370,202180,26982,375781,11100,5323,5777
67790,420183,44373,202198,26984,375809,11100,5323,5777
67795,420214,44374,202215,26985,375837,11100,5323,5777
67800,420245,44378,202227,26988,375866,11100,5323,5777
67805,420276,44382,202246,26991,375892,11100,5323,5777
67810,420307,44384,202260,26992,375922,11100,5323,5777
67815,420338,44386,202277,26993,375951,11100,5323,5777
67820,420369,44389,202289,26996,375979,11100,5323,5777
67825,420400,44389,202305,26996,376009,11100,5323,5777
67830,420431,44389,202317,26996,376042,11100,5323,5777
67835,420462,44390,202328,26996,376072,11100,5323,5777
67840,420493,44392,202341,26998,376100,11100,5323,5777
67845,420524,44393,202356,26999,376131,11100,5323,5777
67850,420555,44394,202369,27000,376161,11100,5323,5777
67855,420586,44395,202383,27001,376191,11100,5323,5777
67860,420617,44396,202402,27002,376221,11100,5323,5777
67865,420648,44397,202417,27002,376251,11100,5323,5777
67870,420679,44398,202432,27002,376281,11100,5323,5777
67875,420710,44399,202444,27002,376311,11100,5323,5777
67880,420741,44400,202457,27003,376341,11100,5323,5777
67885,420772,44401,202470,27003,376371,11100,5323,5777
67890,420803,44402,202485,27003,376401,11100,5323,5777
67895,420834,44403,202498,27004,376431,11100,5323,5777
67900,420865,44404,202519,27005,376461,11100,5323,5777
67905,420896,44407,202537,27008,376489,11100,5323,5777
67910,420927,44409,202554,27009,376518,11100,5323,5777
67915,420958,44411,202568,27010,376546,11100,5323,5777
67920,420989,44413,202583,27011,376576,11100,5323,5777
67925,421020,44416,202597,27014,376604,11100,5323,5777
67930,421051,44420,202616,27017,376630,11100,5323,5777
67935,421082,44423,202627,27019,376658,11100,5323,5777
67940,421113,44426,202638,27021,376687,11100,5323,5777
67945,421144,44428,202653,27022,376715,11100,5323,5777
67950,421175,44429,202671,27022,376745,11100,5323,5777
67955,421206,44431,202684,27023,376774,11100,5323,5777
67960,421237,44433,202700,27024,376804,11100,5323,5777
67965,421268,44434,202716,27024,376834,11100,5323,5777
67970,421299,44435,202729,27025,376863,11100,5323,5777
67975,421330,44438,202743,27028,376892,11100,5323,5777
67980,421361,44440,202755,27030,376920,11100,5323,5777
67985,421392,44443,202768,27033,376949,11100,5323,5777
67990,421423,44445,202782,27035,376978,11100,5323,5777
67995,421454,44447,202796,27037,377007,11100,5323,5777
68000,421485,44449,202811,27039,377035,11100,5323,5777
68005,421516,44450,202822,27040,377066,11100,5323,5777
68010,421547,44450,202833,27040,377097,11100,5323,5777
68015,421578,44450,202851,27040,377128,11100,5323,5777
68020,421609,44450,202866,27040,377158,11100,5323,5777
68025,421640,44450,202878,27040,377188,11100,5323,5777
68030,421671,44450,202891,27040,377220,11100,5323,5777
68035,421702,44450,202904,27040,377250,11100,5323,5777
68040,421733,44450,202920,27040,377283,11100,5323,5777
68045,421764,44450,202936,27040,377312,11100,5323,5777
68050,421795,44452,202957,27042,377343,11100,5323,5777
68055,421826,44453,202976,27042,377373,11100,5323,5777
68060,421857,44455,202987,27043,377402,11100,5323,5777
68065,421888,44458,202999,27046,377428,11100,5323,5777
68070,421919,44460,203013,27048,377459,11100,5323,5777
68075,421950,44462,203021,27049,377488,11100,5323,5777
68080,421981,44464,203031,27051,377515,11100,5323,5777
68085,422012,44467,203044,27053,377544,11100,5323,5777
68090,422043,44471,203059,27056,377571,11100,5323,5777
68095,422074,44474,203074,27059,377600,11100,5323,5777
68100,422105,44474,203092,27059,377631,11100,5323,5777
68105,422136,44474,203109,27059,377661,11100,5323,5777
68110,422167,44475,203123,27059,377690,11100,5323,5777
68115,422198,44476,203139,27059,377722,11100,5323,5777
68120,422229,44477,203153,27059,377751,11100,5323,5777
68125,422260,44478,203168,27059,377781,11100,5323,5777
68130,422291,44479,203186,27060,377812,11100,5323,5777
68135,422322,44481,203203,27061,377840,11100,5323,5777
68140,422353,44483,203220,27063,377870,11100,5323,5777
68145,422384,44485,203237,27065,377898,11100,5323,5777
68150,422415,44487,203253,27066,377928,11100,5323,5777
68155,422446,44489,203266,27067,377957,11100,5323,5777
68160,422477,44491,203280,27068,377986,11100,5323,5777
68165,422508,44493,203297,27069,378015,11100,5323,5777
68170,422539,44494,203313,27070,378045,11100,5323,5777
68175,422570,44496,203331,27071,378074,11100,5323,5777
68180,422601,44498,203344,27072,378103,11100,5323,5777
68185,422632,44499,203356,27072,378133,11100,5323,5777
68190,422663,44501,203372,27074,378162,11100,5323,5777
68195,422694,44504,203384,27076,378190,11100,5323,5777
68200,422725,44504,203399,27076,378221,11100,5323,5777
68205,422756,44505,203409,27077,378251,11100,5323,5777
68210,422787,44506,203426,27077,378281,11100,5323,5777
68215,422818,44508,203442,27079,378310,11100,5323,5777
68220,422849,44509,203461,27080,378340,11100,5323,5777
68225,422880,44510,203479,27080,378370,11100,5323,5777
68230,422911,44512,203493,27081,378399,11100,5323,5777
68235,422942,44514,203507,27083,378428,11100,5323,5777
68240,422973,44518,203524,27086,378455,11100,5323,5777
68245,423004,44521,203544,27089,378483,11100,5323,5777
68250,423035,44524,203557,27091,378509,11100,5323,5777
68255,423066,44527,203571,27093,378538,11100,5323,5777
68260,423097,44527,203580,27093,378569,11100,5323,5777
68265,423128,44527,203597,27093,378598,11100,5323,5777
68270,423159,44527,203611,27093,378631,11100,5323,5777
68275,423190,44527,203625,27093,378661,11100,5323,5777
68280,423221,44527,203643,27093,378693,11100,5323,5777
68285,423252,44527,203657,27093,378725,11100,5323,5777
68290,423283,44527,203669,27093,378755,11100,5323,5777
68295,423314,44527,203685,27093,378785,11100,5323,5777
68300,423345,44527,203699,27093,378817,11100,5323,5777
68305,423376,44527,203708,27093,378849,11100,5323,5777
68310,423407,44528,203726,27094,378878,11100,5323,5777
68315,423438,44529,203741,27094,378909,11100,5323,5777
68320,423469,44530,203755,27094,378938,11100,5323,5777
68325,423500,44531,203767,27095,378969,11100,5323,5777
68330,423531,44532,203777,27096,378999,11100,5323,5777
68335,423562,44533,203793,27097,379028,11100,5323,5777
68340,423593,44534,203807,27098,379059,11100,5323,5777
68345,423624,44535,203822,27099,379088,11100,5323,5777
68350,423655,44536,203838,27100,379118,11100,5323,5777
68355,423686,44537,203847,27100,379149,11100,5323,5777
68360,423717,44538,203864,27101,379178,11100,5323,5777
68365,423748,44541,203880,27102,379207,11100,5323,5777
68370,423779,44544,203899,27105,379235,11100,5323,5777
68375,423810,44546,203911,27105,379263,11100,5323,5777
68380,423841,44549,203925,27107,379292,11100,5323,5777
68385,423872,44551,203939,27108,379320,11100,5323,5777
68390,423903,44554,203949,27109,379348,11100,5323,5777
68395,423934,44560,203968,27115,379373,11100,5323,5777
68400,423965,44568,203984,27122,379396,11100,5323,5777
68405,423996,44574,204000,27127,379421,11100,5323,5777
68410,424027,44581,204018,27133,379445,11100,5323,5777
68415,424058,44581,204034,27133,379476,11100,5323,5777
68420,424089,44581,204047,27133,379508,11100,5323,5777
68425,424120,44581,204065,27133,379539,11100,5323,5777
68430,424151,44581,204081,27133,379570,11100,5323,5777
68435,424182,44581,204099,27133,379600,11100,5323,5777
68440,424213,44581,204114,27133,379632,11100,5323,5777
68445,424244,44581,204130,27133,379661,11100,5323,5777
68450,424275,44581,204149,27133,379693,11100,5323,5777
68455,424306,44581,204165,27133,379724,11100,5323,5777
68460,424337,44581,204180,27133,379755,11100,5323,5777
68465,424368,44581,204191,27133,379787,11100,5323,5777
68470,424399,44581,204207,27133,379817,11100,5323,5777
68475,424430,44581,204220,27133,379849,11100,5323,5777
68480,424461,44581,204238,27133,379879,11100,5323,5777
68485,424492,44581,204251,27133,379910,11100,5323,5777
68490,424523,44581,204268,27133,379942,11100,5323,5777
68495,424554,44581,204281,27133,379973,11100,5323,5777
68500,424585,44581,204297,27133,380003,11100,5323,5777
68505,424616,44581,204309,27133,380034,11100,5323,5777
68510,424647,44581,204321,27133,380065,11100,5323,5777
68515,424678,44582,204338,27134,380094,11100,5323,5777
68520,424709,44584,204347,27134,380124,11100,5323,5777
68525,424740,44586,204364,27136,380154,11100,5323,5777
68530,424771,44588,204379,27137,380182,11100,5323,5777
68535,424802,44590,204393,27138,380212,11100,5323,5777
68540,424833,44592,204408,27140,380240,11100,5323,5777
68545,424864,44594,204426,27141,380269,11100,5323,5777
68550,424895,44596,204441,27143,380299,11100,5323,5777
68555,424926,44598,204458,27145,380327,11100,5323,5777
68560,424957,44602,204475,27149,380354,11100,5323,5777
68565,424988,44605,204489,27150,380383,11100,5323,5777
68570,425019,44607,204504,27152,380412,11100,5323,5777
68575,425050,44610,204521,27154,380439,11100,5323,5777
68580,425081,44615,204535,27158,380464,11100,5323,5777
68585,425112,44621,204542,27162,380491,11100,5323,5777
68590,425143,44625,204553,27164,380517,11100,5323,5777
68595,425174,44628,204569,27167,380544,11100,5323,5777
68600,425205,44630,204585,27169,380575,11100,5323,5777
68605,425236,44631,204601,27170,380604,11100,5323,5777
68610,425267,44633,204616,27171,380633,11100,5323,5777
68615,425298,44636,204627,27174,380662,11100,5323,5777
68620,425329,44640,204644,27178,380689,11100,5323,5777
68625,425360,44641,204662,27179,380719,11100,5323,5777
68630,425391,44641,204674,27179,380750,11100,5323,5777
68635,425422,44641,204693,27179,380780,11100,5323,5777
68640,425453,44641,204708,27179,380812,11100,5323,5777
68645,425484,44641,204721,27179,380842,11100,5323,5777
68650,425515,44641,204738,27179,380873,11100,5323,5777
68655,425546,44641,204755,27179,380904,11100,5323,5777
68660,425577,44641,204766,27179,380936,11100,5323,5777
68665,425608,44641,204786,27179,380966,11100,5323,5777
68670,425639,44641,204799,27179,380998,11100,5323,5777
68675,425670,44641,204812,27179,381028,11100,5323,5777
68680,425701,44641,204832,27179,381059,11100,5323,5777
68685,425732,44641,204846,27179,381091,11100,5323,5777
68690,425763,44641,204856,27179,381122,11100,5323,5777
68695,425794,44641,204869,27179,381153,11100,5323,5777
68700,425825,44641,204883,27179,381184,11100,5323,5777
68705,425856,44643,204900,27180,381212,11100,5323,5777
68710,425887,44645,204915,27181,381242,11100,5323,5777
68715,425918,44646,204933,27181,381270,11100,5323,5777
68720,425949,44649,204949,27184,381299,11100,5323,5777
68725,425980,44653,204961,27188,381326,11100,5323,5777
68730,426011,44656,204974,27189,381354,11100,5323,5777
68735,426042,44662,204993,27194,381378,11100,5323,5777
68740,426073,44665,205004,27196,381407,11100,5323,5777
68745,426104,44666,205015,27196,381437,11100,5323,5777
68750,426135,44667,205041,27197,381467,11100,5323,5777
68755,426166,44668,205058,27198,381496,11100,5323,5777
68760,426197,44669,205070,27198,381528,11100,5323,5777
68765,426228,44670,205088,27199,381557,11100,5323,5777
68770,426259,44671,205099,27199,381587,11100,5323,5777
68775,426290,44672,205110,27200,381617,11100,5323,5777
68780,426321,44673,205127,27201,381647,11100,5323,5777
68785,426352,44674,205141,27201,381677,11100,5323,5777
68790,426383,44675,205157,27201,381708,11100,5323,5777
68795,426414,44677,205172,27203,381737,11100,5323,5777
68800,426445,44678,205185,27204,381766,11100,5323,5777
68805,426476,44679,205200,27205,381796,11100,5323,5777
68810,426507,44681,205215,27207,381826,11100,5323,5777
68815,426538,44683,205229,27208,381855,11100,5323,5777
68820,426569,44684,205245,27209,381885,11100,5323,5777
68825,426600,44686,205257,27211,381914,11100,5323,5777
68830,426631,44688,205271,27213,381943,11100,5323,5777
68835,426662,44689,205285,27213,381973,11100,5323,5777
68840,426693,44690,205299,27213,382003,11100,5323,5777
68845,426724,44693,205315,27216,382031,11100,5323,5777
68850,426755,44695,205326,27218,382060,11100,5323,5777
68855,426786,44700,205339,27223,382086,11100,5323,5777
68860,426817,44701,205354,27224,382116,11100,5323,5777
68865,426848,44704,205371,27227,382143,11100,5323,5777
68870,426879,44707,205385,27230,382170,11100,5323,5777
68875,426910,44711,205402,27234,382198,11100,5323,5777
68880,426941,44714,205417,27237,382226,11100,5323,5777
68885,426972,44717,205429,27239,382254,11100,5323,5777
68890,427003,44717,205444,27239,382285,11100,5323,5777
68895,427034,44717,205455,27239,382317,11100,5323,5777
68900,427065,44717,205470,27239,382346,11100,5323,5777
68905,427096,44717,205482,27239,382379,11100,5323,5777
68910,427127,44717,205498,27239,382408,11100,5323,5777
68915,427158,44717,205511,27239,382441,11100,5323,5777
68920,427189,44717,205523,27239,382471,11100,5323,5777
68925,427220,44717,205534,27239,382503,11100,5323,5777
68930,427251,44717,205549,27239,382533,11100,5323,5777
68935,427282,44717,205566,27239,382565,11100,5323,5777
68940,427313,44717,205579,27239,382596,11100,5323,5777
68945,427344,44717,205594,27239,382627,11100,5323,5777
68950,427375,44717,205607,27239,382658,11100,5323,5777
68955,427406,44717,205622,27239,382689,11100,5323,5777
68960,427437,44717,205639,27239,382720,11100,5323,5777
68965,427468,44718,205653,27239,382750,11100,5323,5777
68970,427499,44719,205665,27240,382780,11100,5323,5777
68975,427530,44720,205676,27241,382810,11100,5323,5777
68980,427561,44721,205691,27241,382840,11100,5323,5777
68985,427592,44722,205708,27242,382869,11100,5323,5777
68990,427623,44724,205723,27243,382899,11100,5323,5777
68995,427654,44726,205735,27243,382927,11100,5323,5777
69000,427685,44728,205749,27245,382957,11100,5323,5777
69005,427716,44731,205762,27248,382984,11100,5323,5777
69010,427747,44734,205774,27251,383013,11100,5323,5777
69015,427778,44737,205795,27254,383040,11100,5323,5777
69020,427809,44741,205808,27257,383067,11100,5323,5777
69025,427840,44743,205824,27258,383097,11100,5323,5777
69030,427871,44746,205838,27260,383124,11100,5323,5777
69035,427902,44748,205848,27260,383154,11100,5323,5777
69040,427933,44753,205862,27264,383180,11100,5323,5777
69045,427964,44757,205872,27266,383207,11100,5323,5777
69050,427995,44762,205888,27269,383232,11100,5323,5777
69055,428026,44768,205903,27275,383257,11100,5323,5777
69060,428057,44772,205918,27278,383283,11100,5323,5777
69065,428088,44774,205934,27279,383313,11100,5323,5777
69070,428119,44774,205953,27279,383342,11100,5323,5777
69075,428150,44774,205968,27279,383375,11100,5323,5777
69080,428181,44774,205987,27279,383406,11100,5323,5777
69085,428212,44774,205998,27279,383437,11100,5323,5777
69090,428243,44774,206010,27279,383469,11100,5323,5777
69095,428274,44774,206024,27279,383498,11100,5323,5777
69100,428305,44774,206044,27279,383529,11100,5323,5777
69105,428336,44774,206061,27279,383560,11100,5323,5777
69110,428367,44774,206076,27279,383593,11100,5323,5777
69115,428398,44774,206091,27279,383623,11100,5323,5777
69120,428429,44774,206106,27279,383655,11100,5323,5777
69125,428460,44774,206122,27279,383686,11100,5323,5777
69130,428491,44774,206140,27279,383717,11100,5323,5777
69135,428522,44774,206154,27279,383748,11100,5323,5777
69140,428553,44774,206169,27279,383779,11100,5323,5777
69145,428584,44774,206184,27279,383810,11100,5323,5777
69150,428615,44774,206203,27279,383841,11100,5323,5777
69155,428646,44774,206220,27279,383872,11100,5323,5777
69160,428677,44774,206233,27279,383903,11100,5323,5777
69165,428708,44774,206252,27279,383934,11100,5323,5777
69170,428739,44776,206267,27280,383962,11100,5323,5777
69175,428770,44781,206286,27284,383988,11100,5323,5777
69180,428801,44787,206301,27289,384013,11100,5323,5777
69185,428832,44790,206313,27290,384042,11100,5323,5777
69190,428863,44792,206326,27290,384071,11100,5323,5777
69195,428894,44796,206345,27292,384097,11100,5323,5777
69200,428925,44800,206365,27295,384124,11100,5323,5777
69205,428956,44803,206376,27297,384153,11100,5323,5777
69210,428987,44805,206389,27299,384182,11100,5323,5777
69215,429018,44808,206404,27301,384209,11100,5323,5777
69220,429049,44810,206415,27302,384237,11100,5323,5777
69225,429080,44816,206431,27307,384264,11100,5323,5777
69230,429111,44818,206441,27309,384292,11100,5323,5777
69235,429142,44822,206456,27313,384318,11100,5323,5777
69240,429173,44825,206471,27316,384348,11100,5323,5777
69245,429204,44825,206479,27316,384379,11100,5323,5777
69250,429235,44825,206494,27316,384409,11100,5323,5777
69255,429266,44825,206507,27316,384441,11100,5323,5777
69260,429297,44825,206524,27316,384472,11100,5323,5777
69265,429328,44825,206540,27316,384502,11100,5323,5777
69270,429359,44825,206550,27316,384534,11100,5323,5777
69275,429390,44825,206560,27316,384563,11100,5323,5777
69280,429421,44825,206573,27316,384595,11100,5323,5777
69285,429452,44825,206585,27316,384627,11100,5323,5777
69290,429483,44825,206593,27316,384657,11100,5323,5777
69295,429514,44825,206608,27316,384688,11100,5323,5777
69300,429545,44825,206624,27316,384718,11100,5323,5777
69305,429576,44825,206637,27316,384751,11100,5323,5777
69310,429607,44825,206650,27316,384781,11100,5323,5777
69315,429638,44825,206659,27316,384813,11100,5323,5777
69320,429669,44825,206671,27316,384844,11100,5323,5777
69325,429700,44825,206683,27316,384875,11100,5323,5777
69330,429731,44825,206698,27316,384906,11100,5323,5777
69335,429762,44827,206718,27317,384935,11100,5323,5777
69340,429793,44828,206732,27317,384964,11100,5323,5777
69345,429824,44830,206744,27319,384993,11100,5323,5777
69350,429855,44836,206759,27324,385019,11100,5323,5777
69355,429886,44841,206773,27328,385045,11100,5323,5777
69360,429917,44844,206787,27329,385073,11100,5323,5777
69365,429948,44849,206807,27333,385098,11100,5323,5777
69370,429979,44854,206817,27338,385125,11100,5323,5777
69375,430010,44857,206834,27339,385153,11100,5323,5777
69380,430041,44859,206850,27339,385182,11100,5323,5777
69385,430072,44862,206865,27341,385210,11100,5323,5777
69390,430103,44866,206882,27344,385237,11100,5323,5777
69395,430134,44870,206897,27347,385264,11100,5323,5777
69400,430165,44874,206913,27350,385291,11100,5323,5777
69405,430196,44877,206928,27352,385319,11100,5323,5777
69410,430227,44878,206935,27353,385349,11100,5323,5777
69415,430258,44878,206949,27353,385380,11100,5323,5777
69420,430289,44878,206962,27353,385411,11100,5323,5777
69425,430320,44878,206980,27353,385442,11100,5323,5777
69430,430351,44878,206993,27353,385473,11100,5323,5777
69435,430382,44878,207009,27353,385504,11100,5323,5777
69440,430413,44878,207024,27353,385535,11100,5323,5777
69445,430444,44878,207043,27353,385566,11100,5323,5777
69450,430475,44878,207056,27353,385597,11100,5323,5777
69455,430506,44878,207071,27353,385628,11100,5323,5777
69460,430537,44878,207084,27353,385659,11100,5323,5777
69465,430568,44878,207099,27353,385689,11100,5323,5777
69470,430599,44878,207112,27353,385720,11100,5323,5777
69475,430630,44878,207130,27353,385751,11100,5323,5777
69480,430661,44878,207142,27353,385781,11100,5323,5777
69485,430692,44878,207157,27353,385813,11100,5323,5777
69490,430723,44878,207176,27353,385845,11100,5323,5777
69495,430754,44878,207193,27353,385875,11100,5323,5777
69500,430785,44878,207208,27353,385906,11100,5323,5777
69505,430816,44878,207224,27353,385937,11100,5323,5777
69510,430847,44880,207244,27354,385966,11100,5323,5777
69515,430878,44884,207260,27357,385992,11100,5323,5777
69520,430909,44887,207276,27359,386021,11100,5323,5777
69525,430940,44892,207292,27362,386048,11100,5323,5777
69530,430971,44896,207309,27366,386074,11100,5323,5777
69535,431002,44899,207319,27368,386102,11100,5323,5777
69540,431033,44902,207335,27371,386130,11100,5323,5777
69545,431064,44905,207353,27374,386158,11100,5323,5777
69550,431095,44909,207370,27377,386185,11100,5323,5777
69555,431126,44913,207383,27379,386212,11100,5323,5777
69560,431157,44917,207399,27383,386239,11100,5323,5777
69565,431188,44920,207417,27386,386268,11100,5323,5777
69570,431219,44922,207430,27388,386296,11100,5323,5777
69575,431250,44923,207446,27389,386327,11100,5323,5777
69580,431281,44924,207460,27389,386357,11100,5323,5777
69585,431312,44927,207477,27392,386385,11100,5323,5777
69590,431343,44929,207494,27393,386414,11100,5323,5777
69595,431374,44929,207511,27393,386445,11100,5323,5777
69600,431405,44929,207528,27393,386476,11100,5323,5777
69605,431436,44929,207546,27393,386507,11100,5323,5777
69610,431467,44929,207556,27393,386538,11100,5323,5777
69615,431498,44929,207573,27393,386569,11100,5323,5777
69620,431529,44929,207584,27393,386600,11100,5323,5777
69625,431560,44929,207601,27393,386631,11100,5323,5777
69630,431591,44929,207620,27393,386662,11100,5323,5777
69635,431622,44929,207636,27393,386693,11100,5323,5777
69640,431653,44929,207653,27393,386723,11100,5323,5777
69645,431684,44929,207666,27393,386755,11100,5323,5777
69650,431715,44929,207683,27393,386785,11100,5323,5777
69655,431746,44929,207701,27393,386815,11100,5323,5777
69660,431777,44929,207717,27393,386847,11100,5323,5777
69665,431808,44929,207736,27393,386878,11100,5323,5777
69670,431839,44929,207752,27393,386909,11100,5323,5777
69675,431870,44930,207765,27394,386940,11100,5323,5777
69680,431901,44931,207778,27395,386970,11100,5323,5777
69685,431932,44934,207797,27398,386997,11100,5323,5777
69690,431963,44937,207811,27401,387025,11100,5323,5777
69695,431994,44940,207829,27403,387053,11100,5323,5777
69700,432025,44943,207849,27405,387080,11100,5323,5777
69705,432056,44948,207860,27408,387107,11100,5323,5777
69710,432087,44953,207878,27413,387134,11100,5323,5777
69715,432118,44957,207891,27415,387160,11100,5323,5777
69720,432149,44958,207904,27415,387189,11100,5323,5777
69725,432180,44959,207913,27415,387220,11100,5323,5777
69730,432211,44960,207924,27415,387250,11100,5323,5777
69735,432242,44961,207939,27416,387279,11100,5323,5777
69740,432273,44962,207956,27416,387310,11100,5323,5777
69745,432304,44963,207976,27416,387341,11100,5323,5777
69750,432335,44964,207985,27416,387371,11100,5323,5777
69755,432366,44965,208002,27417,387400,11100,5323,5777
69760,432397,44966,208008,27417,387431,11100,5323,5777
69765,432428,44967,208023,27418,387460,11100,5323,5777
69770,432459,44969,208031,27419,387490,11100,5323,5777
69775,432490,44970,208044,27419,387519,11100,5323,5777
69780,432521,44973,208060,27422,387548,11100,5323,5777
69785,432552,44975,208073,27424,387576,11100,5323,5777
69790,432583,44977,208084,27426,387605,11100,5323,5777
69795,432614,44980,208101,27428,387634,11100,5323,5777
69800,432645,44982,208116,27429,387663,11100,5323,5777
69805,432676,44985,208132,27432,387690,11100,5323,5777
69810,432707,44986,208141,27432,387720,11100,5323,5777
69815,432738,44988,208160,27434,387750,11100,5323,5777
69820,432769,44988,208177,27434,387781,11100,5323,5777
69825,432800,44990,208189,27436,387810,11100,5323,5777
69830,432831,44991,208204,27436,387840,11100,5323,5777
69835,432862,44993,208221,27438,387869,11100,5323,5777
69840,432893,44996,208236,27440,387896,11100,5323,5777
69845,432924,44998,208251,27441,387925,11100,5323,5777
69850,432955,45002,208263,27444,387953,11100,5323,5777
69855,432986,45005,208279,27447,387980,11100,5323,5777
69860,433017,45008,208293,27449,388007,11100,5323,5777
69865,433048,45009,208307,27450,388039,11100,5323,5777
69870,433079,45009,208319,27450,388069,11100,5323,5777
69875,433110,45009,208337,27450,388101,11100,5323,5777
69880,433141,45009,208351,27450,388131,11100,5323,5777
69885,433172,45009,208366,27450,388163,11100,5323,5777
69890,433203,45009,208379,27450,388193,11100,5323,5777
69895,433234,45009,208393,27450,388225,11100,5323,5777
69900,433265,45009,208406,27450,388256,11100,5323,5777
69905,433296,45009,208421,27450,388286,11100,5323,5777
69910,433327,45009,208432,27450,388317,11100,5323,5777
69915,433358,45009,208454,27450,388349,11100,5323,5777
69920,433389,45009,208465,27450,388379,11100,5323,5777
69925,433420,45009,208479,27450,388411,11100,5323,5777
69930,433451,45010,208493,27451,388440,11100,5323,5777
69935,433482,45012,208510,27452,388470,11100,5323,5777
69940,433513,45014,208526,27453,388499,11100,5323,5777
69945,433544,45016,208535,27454,388528,11100,5323,5777
69950,433575,45019,208555,27456,388555,11100,5323,5777
69955,433606,45021,208569,27457,388585,11100,5323,5777
69960,433637,45024,208584,27460,388613,11100,5323,5777
69965,433668,45028,208602,27464,388639,11100,5323,5777
69970,433699,45031,208619,27466,388667,11100,5323,5777
69975,433730,45034,208634,27468,388696,11100,5323,5777
69980,433761,45036,208647,27469,388725,11100,5323,5777
69985,433792,45038,208666,27471,388753,11100,5323,5777
69990,433823,45039,208684,27472,388783,11100,5323,5777
69995,433854,45040,208697,27472,388814,11100,5323,5777
70000,433885,45041,208710,27472,388844,11100,5323,5777
70005,433916,45043,208722,27473,388872,11100,5323,5777
70010,433947,45045,208738,27475,388902,11100,5323,5777
70015,433978,45047,208752,27476,388930,11100,5323,5777
70020,434009,45050,208769,27479,388958,11100,5323,5777
70025,434040,45054,208784,27483,388986,11100,5323,5777
70030,434071,45056,208801,27485,389014,11100,5323,5777
70035,434102,45058,208816,27487,389044,11100,5323,5777
70040,434133,45058,208828,27487,389075,11100,5323,5777
70045,434164,45058,208843,27487,389106,11100,5323,5777
70050,434195,45058,208859,27487,389137,11100,5323,5777
70055,434226,45058,208875,27487,389167,11100,5323,5777
70060,434257,45058,208889,27487,389198,11100,5323,5777
70065,434288,45058,208902,27487,389229,11100,5323,5777
70070,434319,45058,208916,27487,389260,11100,5323,5777
70075,434350,45058,208932,27487,389292,11100,5323,5777
70080,434381,45058,208953,27487,389323,11100,5323,5777
70085,434412,45058,208970,27487,389354,11100,5323,5777
70090,434443,45060,208980,27489,389383,11100,5323,5777
70095,434474,45062,208993,27491,389412,11100,5323,5777
70100,434505,45064,209009,27492,389441,11100,5323,5777
70105,434536,45065,209023,27492,389471,11100,5323,5777
70110,434567,45067,209035,27493,389499,11100,5323,5777
70115,434598,45069,209050,27494,389528,11100,5323,5777
70120,434629,45071,209068,27496,389557,11100,5323,5777
70125,434660,45072,209080,27497,389588,11100,5323,5777
70130,434691,45074,209094,27498,389616,11100,5323,5777
70135,434722,45078,209109,27501,389643,11100,5323,5777
70140,434753,45082,209118,27504,389671,11100,5323,5777
70145,434784,45083,209134,27505,389701,11100,5323,5777
70150,434815,45084,209146,27506,389731,11100,5323,5777
70155,434846,45085,209163,27506,389761,11100,5323,5777
70160,434877,45086,209174,27506,389790,11100,5323,5777
70165,434908,45087,209186,27507,389821,11100,5323,5777
70170,434939,45088,209203,27508,389851,11100,5323,5777
70175,434970,45089,209220,27509,389880,11100,5323,5777
70180,435001,45090,209236,27510,389911,11100,5323,5777
70185,435032,45091,209257,27511,389940,11100,5323,5777
70190,435063,45093,209267,27512,389970,11100,5323,5777
70195,435094,45095,209282,27514,389999,11100,5323,5777
70200,435125,45096,209294,27514,390029,11100,5323,5777
70205,435156,45098,209304,27515,390058,11100,5323,5777
70210,435187,45099,209317,27516,390088,11100,5323,5777
70215,435218,45101,209329,27517,390117,11100,5323,5777
70220,435249,45102,209341,27517,390146,11100,5323,5777
70225,435280,45105,209357,27519,390174,11100,5323,5777
70230,435311,45107,209373,27520,390203,11100,5323,5777
70235,435342,45109,209391,27521,390232,11100,5323,5777
70240,435373,45110,209404,27522,390262,11100,5323,5777
70245,435404,45112,209416,27523,390292,11100,5323,5777
70250,435435,45117,209429,27528,390318,11100,5323,5777
70255,435466,45121,209441,27531,390345,11100,5323,5777
70260,435497,45124,209462,27534,390372,11100,5323,5777
70265,435528,45126,209478,27535,390401,11100,5323,5777
70270,435559,45127,209495,27535,390432,11100,5323,5777
70275,435590,45128,209513,27535,390461,11100,5323,5777
70280,435621,45129,209529,27536,390491,11100,5323,5777
70285,435652,45130,209541,27537,390521,11100,5323,5777
70290,435683,45131,209556,27537,390551,11100,5323,5777
70295,435714,45132,209573,27538,390581,11100,5323,5777
70300,435745,45133,209587,27538,390612,11100,5323,5777
70305,435776,45134,209599,27539,390641,11100,5323,5777
70310,435807,45135,209619,27540,390672,11100,5323,5777
70315,435838,45136,209637,27541,390702,11100,5323,5777
70320,435869,45137,209654,27542,390732,11100,5323,5777
70325,435900,45138,209669,27542,390762,11100,5323,5777
70330,435931,45139,209684,27543,390792,11100,5323,5777
70335,435962,45140,209698,27543,390822,11100,5323,5777
70340,435993,45141,209717,27544,390851,11100,5323,5777
70345,436024,45142,209734,27544,390881,11100,5323,5777
70350,436055,45143,209753,27544,390911,11100,5323,5777
70355,436086,45144,209768,27545,390941,11100,5323,5777
70360,436117,45145,209780,27545,390972,11100,5323,5777
70365,436148,45147,209798,27546,391000,11100,5323,5777
70370,436179,45153,209810,27551,391025,11100,5323,5777
70375,436210,45157,209824,27553,391053,11100,5323,5777
70380,436241,45160,209841,27556,391080,11100,5323,5777
70385,436272,45161,209854,27556,391110,11100,5323,5777
70390,436303,45162,209872,27557,391141,11100,5323,5777
70395,436334,45163,209883,27558,391171,11100,5323,5777
70400,436365,45164,209901,27559,391201,11100,5323,5777
70405,436396,45165,209919,27560,391231,11100,5323,5777
70410,436427,45166,209932,27561,391260,11100,5323,5777
70415,436458,45167,209945,27562,391290,11100,5323,5777
70420,436489,45168,209961,27562,391320,11100,5323,5777
70425,436520,45169,209978,27563,391349,11100,5323,5777
70430,436551,45170,209997,27563,391380,11100,5323,5777
70435,436582,45172,210017,27564,391410,11100,5323,5777
70440,436613,45174,210033,27566,391438,11100,5323,5777
70445,436644,45176,210046,27567,391467,11100,5323,5777
70450,436675,45177,210059,27567,391498,11100,5323,5777
70455,436706,45178,210076,27568,391527,11100,5323,5777
70460,436737,45179,210094,27568,391557,11100,5323,5777
70465,436768,45180,210109,27569,391588,11100,5323,5777
70470,436799,45181,210126,27570,391618,11100,5323,5777
70475,436830,45183,210142,27571,391647,11100,5323,5777
70480,436861,45185,210155,27573,391676,11100,5323,5777
70485,436892,45187,210168,27574,391704,11100,5323,5777
70490,436923,45193,210187,27579,391729,11100,5323,5777
70495,436954,45195,210201,27580,391757,11100,5323,5777
70500,436985,45196,210217,27581,391788,11100,5323,5777
70505,437016,45197,210230,27582,391818,11100,5323,5777
70510,437047,45198,210247,27582,391848,11100,5323,5777
70515,437078,45199,210262,27583,391878,11100,5323,5777
70520,437109,45200,210279,27583,391908,11100,5323,5777
70525,437140,45201,210293,27584,391938,11100,5323,5777
70530,437171,45202,210306,27584,391969,11100,5323,5777
70535,437202,45204,210321,27585,391997,11100,5323,5777
70540,437233,45206,210336,27587,392026,11100,5323,5777
70545,437264,45209,210351,27589,392055,11100,5323,5777
70550,437295,45211,210367,27590,392082,11100,5323,5777
70555,437326,45217,210388,27596,392107,11100,5323,5777
70560,437357,45217,210402,27596,392139,11100,5323,5777
70565,437388,45217,210416,27596,392170,11100,5323,5777
70570,437419,45217,210433,27596,392201,11100,5323,5777
70575,437450,45217,210453,27596,392232,11100,5323,5777
70580,437481,45217,210470,27596,392263,11100,5323,5777
70585,437512,45217,210487,27596,392295,11100,5323,5777
70590,437543,45217,210503,27596,392326,11100,5323,5777
70595,437574,45217,210521,27596,392357,11100,5323,5777
70600,437605,45218,210537,27596,392387,11100,5323,5777
70605,437636,45219,210550,27596,392417,11100,5323,5777
70610,437667,45220,210568,27596,392447,11100,5323,5777
70615,437698,45221,210580,27597,392477,11100,5323,5777
70620,437729,45222,210596,27597,392507,11100,5323,5777
70625,437760,45223,210614,27598,392537,11100,5323,5777
70630,437791,45224,210631,27598,392566,11100,5323,5777
70635,437822,45225,210648,27598,392597,11100,5323,5777
70640,437853,45226,210661,27598,392627,11100,5323,5777
70645,437884,45227,210677,27598,392656,11100,5323,5777
70650,437915,45228,210694,27598,392686,11100,5323,5777
70655,437946,45229,210713,27598,392716,11100,5323,5777
70660,437977,45231,210727,27599,392745,11100,5323,5777
70665,438008,45233,210743,27599,392775,11100,5323,5777
70670,438039,45236,210757,27601,392802,11100,5323,5777
70675,438070,45240,210772,27604,392829,11100,5323,5777
70680,438101,45244,210786,27607,392857,11100,5323,5777
70685,438132,45247,210799,27608,392885,11100,5323,5777
70690,438163,45253,210815,27614,392909,11100,5323,5777
70695,438194,45257,210829,27617,392937,11100,5323,5777
70700,438225,45261,210839,27620,392963,11100,5323,5777
70705,438256,45266,210854,27625,392989,11100,5323,5777
70710,438287,45269,210868,27627,393018,11100,5323,5777
70715,438318,45274,210886,27632,393044,11100,5323,5777
70720,438349,45275,210902,27633,393073,11100,5323,5777
70725,438380,45275,210918,27633,393104,11100,5323,5777
70730,438411,45275,210931,27633,393136,11100,5323,5777
70735,438442,45275,210946,27633,393166,11100,5323,5777
70740,438473,45275,210962,27633,393197,11100,5323,5777
70745,438504,45275,210975,27633,393228,11100,5323,5777
70750,438535,45275,210991,27633,393259,11100,5323,5777
70755,438566,45275,211009,27633,393290,11100,5323,5777
70760,438597,45275,211028,27633,393321,11100,5323,5777
70765,438628,45275,211042,27633,393353,11100,5323,5777
70770,438659,45275,211055,27633,393383,11100,5323,5777
70775,438690,45275,211070,27633,393415,11100,5323,5777
70780,438721,45275,211082,27633,393446,11100,5323,5777
70785,438752,45275,211096,27633,393476,11100,5323,5777
70790,438783,45275,211112,27633,393507,11100,5323,5777
70795,438814,45275,211130,27633,393539,11100,5323,5777
70800,438845,45275,211144,27633,393569,11100,5323,5777
70805,438876,45275,211161,27633,393601,11100,5323,5777
70810,438907,45275,211175,27633,393632,11100,5323,5777
70815,438938,45275,211195,27633,393663,11100,5323,5777
70820,438969,45276,211210,27634,393693,11100,5323,5777
70825,439000,45278,211225,27636,393722,11100,5323,5777
70830,439031,45281,211244,27639,393750,11100,5323,5777
70835,439062,45284,211259,27641,393778,11100,5323,5777
70840,439093,45287,211277,27644,393806,11100,5323,5777
70845,439124,45290,211295,27647,393834,11100,5323,5777
70850,439155,45292,211305,27647,393863,11100,5323,5777
70855,439186,45294,211318,27649,393892,11100,5323,5777
70860,439217,45297,211338,27652,393920,11100,5323,5777
70865,439248,45299,211348,27653,393949,11100,5323,5777
70870,439279,45302,211365,27655,393977,11100,5323,5777
70875,439310,45304,211380,27655,394006,11100,5323,5777
70880,439341,45307,211397,27657,394034,11100,5323,5777
70885,439372,45309,211412,27658,394063,11100,5323,5777
70890,439403,45311,211429,27660,394092,11100,5323,5777
70895,439434,45314,211445,27661,394120,11100,5323,5777
70900,439465,45318,211466,27665,394147,11100,5323,5777
70905,439496,45321,211483,27666,394175,11100,5323,5777
70910,439527,45322,211489,27666,394205,11100,5323,5777
70915,439558,45324,211506,27667,394232,11100,5323,5777
70920,439589,45327,211515,27669,394262,11100,5323,5777
70925,439620,45328,211529,27670,394291,11100,5323,5777
70930,439651,45332,211544,27673,394317,11100,5323,5777
70935,439682,45336,211559,27676,394346,11100,5323,5777
70940,439713,45337,211573,27677,394376,11100,5323,5777
70945,439744,45337,211590,27677,394405,11100,5323,5777
70950,439775,45337,211604,27677,394437,11100,5323,5777
70955,439806,45337,211621,27677,394468,11100,5323,5777
70960,439837,45337,211633,27677,394499,11100,5323,5777
70965,439868,45337,211649,27677,394530,11100,5323,5777
70970,439899,45337,211666,27677,394560,11100,5323,5777
70975,439930,45337,211682,27677,394591,11100,5323,5777
70980,439961,45337,211698,27677,394624,11100,5323,5777
70985,439992,45337,211711,27677,394654,11100,5323,5777
70990,440023,45337,211728,27677,394684,11100,5323,5777
70995,440054,45337,211735,27677,394717,11100,5323,5777
71000,440085,45337,211752,27677,394746,11100,5323,5777
71005,440116,45337,211768,27677,394779,11100,5323,5777
71010,440147,45337,211782,27677,394810,11100,5323,5777
71015,440178,45338,211799,27678,394840,11100,5323,5777
71020,440209,45339,211819,27678,394870,11100,5323,5777
71025,440240,45340,211829,27678,394900,11100,5323,5777
71030,440271,45342,211846,27680,394929,11100,5323,5777
71035,440302,45343,211856,27681,394959,11100,5323,5777
71040,440333,45345,211870,27683,394988,11100,5323,5777
71045,440364,45350,211887,27686,395014,11100,5323,5777
71050,440395,45355,211900,27689,395040,11100,5323,5777
71055,440426,45359,211917,27692,395067,11100,5323,5777
71060,440457,45362,211935,27694,395095,11100,5323,5777
71065,440488,45364,211948,27694,395124,11100,5323,5777
71070,440519,45368,211965,27697,395151,11100,5323,5777
71075,440550,45371,211986,27700,395179,11100,5323,5777
71080,440581,45374,211999,27703,395207,11100,5323,5777
71085,440612,45377,212013,27705,395235,11100,5323,5777
71090,440643,45379,212032,27707,395264,11100,5323,5777
71095,440674,45382,212046,27708,395292,11100,5323,5777
71100,440705,45384,212052,27708,395321,11100,5323,5777
71105,440736,45386,212070,27709,395349,11100,5323,5777
71110,440767,45388,212084,27710,395379,11100,5323,5777
71115,440798,45390,212096,27712,395407,11100,5323,5777
71120,440829,45392,212111,27714,395435,11100,5323,5777
71125,440860,45392,212128,27714,395467,11100,5323,5777
71130,440891,45392,212145,27714,395496,11100,5323,5777
71135,440922,45392,212162,27714,395528,11100,5323,5777
71140,440953,45392,212180,27714,395559,11100,5323,5777
71145,440984,45392,212193,27714,395590,11100,5323,5777
71150,441015,45392,212209,27714,395623,11100,5323,5777
71155,441046,45392,212226,27714,395653,11100,5323,5777
71160,441077,45392,212238,27714,395683,11100,5323,5777
71165,441108,45392,212259,27714,395715,11100,5323,5777
71170,441139,45392,212274,27714,395747,11100,5323,5777
71175,441170,45392,212289,27714,395778,11100,5323,5777
71180,441201,45392,212303,27714,395809,11100,5323,5777
71185,441232,45392,212316,27714,395840,11100,5323,5777
71190,441263,45392,212333,27714,395870,11100,5323,5777
71195,441294,45392,212346,27714,395902,11100,5323,5777
71200,441325,45392,212358,27714,395932,11100,5323,5777
71205,441356,45392,212375,27714,395964,11100,5323,5777
71210,441387,45393,212391,27714,395994,11100,5323,5777
71215,441418,45394,212406,27714,396023,11100,5323,5777
71220,441449,45396,212422,27716,396053,11100,5323,5777
71225,441480,45399,212439,27718,396081,11100,5323,5777
71230,441511,45403,212453,27721,396108,11100,5323,5777
71235,441542,45407,212469,27724,396135,11100,5323,5777
71240,441573,45412,212487,27728,396161,11100,5323,5777
71245,441604,45417,212502,27732,396187,11100,5323,5777
71250,441635,45420,212518,27735,396215,11100,5323,5777
71255,441666,45425,212532,27739,396241,11100,5323,5777
71260,441697,45431,212549,27745,396265,11100,5323,5777
71265,441728,45437,212563,27749,396290,11100,5323,5777
71270,441759,45440,212575,27751,396318,11100,5323,5777
71275,441790,45440,212585,27751,396350,11100,5323,5777
71280,441821,45440,212600,27751,396380,11100,5323,5777
71285,441852,45440,212615,27751,396411,11100,5323,5777
71290,441883,45440,212630,27751,396443,11100,5323,5777
71295,441914,45440,212643,27751,396473,11100,5323,5777
71300,441945,45440,212659,27751,396505,11100,5323,5777
71305,441976,45440,212673,27751,396536,11100,5323,5777
71310,442007,45440,212686,27751,396567,11100,5323,5777
71315,442038,45440,212702,27751,396597,11100,5323,5777
71320,442069,45440,212715,27751,396629,11100,5323,5777
71325,442100,45440,212734,27751,396660,11100,5323,5777
71330,442131,45440,212751,27751,396691,11100,5323,5777
71335,442162,45440,212767,27751,396722,11100,5323,5777
71340,442193,45440,212777,27751,396753,11100,5323,5777
71345,442224,45440,212791,27751,396784,11100,5323,5777
71350,442255,45440,212804,27751,396815,11100,5323,5777
71355,442286,45440,212817,27751,396846,11100,5323,5777
71360,442317,45440,212831,27751,396877,11100,5323,5777
71365,442348,45440,212846,27751,396908,11100,5323,5777
71370,442379,45440,212862,27751,396939,11100,5323,5777
71375,442410,45441,212878,27752,396969,11100,5323,5777
71380,442441,45442,212893,27752,396999,11100,5323,5777
71385,442472,45444,212907,27754,397028,11100,5323,5777
71390,442503,45447,212924,27756,397055,11100,5323,5777
71395,442534,45451,212939,27760,397083,11100,5323,5777
71400,442565,45456,212951,27764,397109,11100,5323,5777
71405,442596,45459,212968,27765,397135,11100,5323,5777
71410,442627,45462,212980,27766,397164,11100,5323,5777
71415,442658,45465,212991,27768,397193,11100,5323,5777
71420,442689,45468,213003,27770,397221,11100,5323,5777
71425,442720,45472,213021,27774,397247,11100,5323,5777
71430,442751,45475,213030,27775,397275,11100,5323,5777
71435,442782,45477,213045,27777,397305,11100,5323,5777
71440,442813,45481,213064,27781,397332,11100,5323,5777
71445,442844,45483,213077,27782,397361,11100,5323,5777
71450,442875,45486,213095,27784,397388,11100,5323,5777
71455,442906,45488,213107,27784,397417,11100,5323,5777
71460,442937,45491,213122,27785,397445,11100,5323,5777
71465,442968,45495,213138,27789,397472,11100,5323,5777
71470,442999,45498,213151,27792,397500,11100,5323,5777
71475,443030,45498,213168,27792,397531,11100,5323,5777
71480,443061,45498,213180,27792,397563,11100,5323,5777
71485,443092,45498,213198,27792,397593,11100,5323,5777
71490,443123,45498,213213,27792,397625,11100,5323,5777
71495,443154,45498,213224,27792,397656,11100,5323,5777
71500,443185,45498,213238,27792,397686,11100,5323,5777
71505,443216,45498,213253,27792,397717,11100,5323,5777
71510,443247,45498,213268,27792,397747,11100,5323,5777
71515,443278,45498,213278,27792,397780,11100,5323,5777
71520,443309,45498,213290,27792,397810,11100,5323,5777
71525,443340,45498,213307,27792,397840,11100,5323,5777
71530,443371,45498,213321,27792,397873,11100,5323,5777
71535,443402,45498,213338,27792,397904,11100,5323,5777
71540,443433,45498,213358,27792,397935,11100,5323,5777
71545,443464,45498,213373,27792,397966,11100,5323,5777
71550,443495,45498,213395,27792,397997,11100,5323,5777
71555,443526,45498,213405,27792,398028,11100,5323,5777
71560,443557,45498,213418,27792,398059,11100,5323,5777
71565,443588,45498,213433,27792,398090,11100,5323,5777
71570,443619,45498,213443,27792,398121,11100,5323,5777
71575,443650,45499,213455,27793,398151,11100,5323,5777
71580,443681,45501,213471,27793,398180,11100,5323,5777
71585,443712,45503,213485,27795,398209,11100,5323,5777
71590,443743,45505,213501,27796,398238,11100,5323,5777
71595,443774,45508,213513,27798,398266,11100,5323,5777
71600,443805,45510,213527,27798,398295,11100,5323,5777
71605,443836,45513,213539,27801,398323,11100,5323,5777
71610,443867,45515,213552,27802,398352,11100,5323,5777
71615,443898,45517,213568,27803,398381,11100,5323,5777
71620,443929,45520,213587,27806,398409,11100,5323,5777
71625,443960,45523,213602,27807,398436,11100,5323,5777
71630,443991,45526,213615,27808,398465,11100,5323,5777
71635,444022,45528,213624,27809,398494,11100,5323,5777
71640,444053,45531,213636,27810,398520,11100,5323,5777
71645,444084,45536,213653,27814,398546,11100,5323,5777
71650,444115,45541,213668,27818,398574,11100,5323,5777
71655,444146,45545,213684,27821,398600,11100,5323,5777
71660,444177,45550,213697,27824,398626,11100,5323,5777
71665,444208,45555,213713,27828,398652,11100,5323,5777
71670,444239,45558,213726,27830,398680,11100,5323,5777
71675,444270,45560,213739,27831,398710,11100,5323,5777
71680,444301,45560,213753,27831,398741,11100,5323,5777
71685,444332,45560,213765,27831,398772,11100,5323,5777
71690,444363,45560,213779,27831,398803,11100,5323,5777
71695,444394,45560,213788,27831,398834,11100,5323,5777
71700,444425,45560,213808,27831,398864,11100,5323,5777
71705,444456,45560,213822,27831,398896,11100,5323,5777
71710,444487,45560,213835,27831,398927,11100,5323,5777
71715,444518,45560,213851,27831,398956,11100,5323,5777
71720,444549,45560,213862,27831,398988,11100,5323,5777
71725,444580,45560,213876,27831,399019,11100,5323,5777
71730,444611,45560,213888,27831,399050,11100,5323,5777
71735,444642,45560,213907,27831,399081,11100,5323,5777
71740,444673,45560,213922,27831,399112,11100,5323,5777
71745,444704,45560,213933,27831,399144,11100,5323,5777
71750,444735,45560,213945,27831,399173,11100,5323,5777
71755,444766,45560,213964,27831,399205,11100,5323,5777
71760,444797,45560,213982,27831,399235,11100,5323,5777
71765,444828,45560,213995,27831,399268,11100,5323,5777
71770,444859,45560,214006,27831,399299,11100,5323,5777
71775,444890,45561,214019,27831,399329,11100,5323,5777
71780,444921,45562,214034,27832,399359,11100,5323,5777
71785,444952,45566,214050,27835,399386,11100,5323,5777
71790,444983,45569,214065,27837,399414,11100,5323,5777
71795,445014,45572,214081,27840,399442,11100,5323,5777
71800,445045,45574,214095,27840,399471,11100,5323,5777
71805,445076,45578,214111,27843,399498,11100,5323,5777
71810,445107,45580,214124,27845,399527,11100,5323,5777
71815,445138,45584,214141,27848,399554,11100,5323,5777
71820,445169,45587,214158,27850,399582,11100,5323,5777
71825,445200,45590,214169,27852,399610,11100,5323,5777
71830,445231,45592,214186,27854,399639,11100,5323,5777
71835,445262,45596,214201,27858,399666,11100,5323,5777
71840,445293,45601,214215,27861,399692,11100,5323,5777
71845,445324,45603,214228,27862,399721,11100,5323,5777
71850,445355,45609,214245,27866,399746,11100,5323,5777
71855,445386,45612,214260,27868,399774,11100,5323,5777
71860,445417,45613,214274,27868,399804,11100,5323,5777
71865,445448,45614,214288,27868,399833,11100,5323,5777
71870,445479,45618,214304,27871,399859,11100,5323,5777
71875,445510,45619,214321,27872,399890,11100,5323,5777
71880,445541,45619,214334,27872,399921,11100,5323,5777
71885,445572,45619,214348,27872,399953,11100,5323,5777
71890,445603,45619,214360,27872,399984,11100,5323,5777
71895,445634,45619,214374,27872,400014,11100,5323,5777
71900,445665,45619,214388,27872,400044,11100,5323,5777
71905,445696,45619,214402,27872,400076,11100,5323,5777
71910,445727,45619,214422,27872,400107,11100,5323,5777
71915,445758,45619,214437,27872,400139,11100,5323,5777
71920,445789,45619,214453,27872,400169,11100,5323,5777
71925,445820,45619,214470,27872,400199,11100,5323,5777
71930,445851,45619,214480,27872,400231,11100,5323,5777
71935,445882,45619,214494,27872,400261,11100,5323,5777
71940,445913,45619,214512,27872,400293,11100,5323,5777
71945,445944,45619,214529,27872,400323,11100,5323,5777
71950,445975,45619,214543,27872,400356,11100,5323,5777
71955,446006,45619,214556,27872,400386,11100,5323,5777
71960,446037,45619,214571,27872,400418,11100,5323,5777
71965,446068,45621,214587,27873,400447,11100,5323,5777
71970,446099,45623,214607,27875,400475,11100,5323,5777
71975,446130,45625,214621,27876,400504,11100,5323,5777
71980,446161,45627,214633,27876,400534,11100,5323,5777
71985,446192,45629,214651,27877,400563,11100,5323,5777
71990,446223,45632,214667,27879,400591,11100,5323,5777
71995,446254,45634,214675,27880,400620,11100,5323,5777
72000,446285,45637,214691,27882,400648,11100,5323,5777
72005,446316,45639,214700,27883,400677,11100,5323,5777
72010,446347,45641,214717,27885,400706,11100,5323,5777
72015,446378,45644,214730,27888,400734,11100,5323,5777
72020,446409,45646,214750,27889,400763,11100,5323,5777
72025,446440,45649,214766,27891,400791,11100,5323,5777
72030,446471,45652,214785,27893,400819,11100,5323,5777
72035,446502,45654,214805,27894,400848,11100,5323,5777
72040,446533,45659,214822,27898,400874,11100,5323,5777
72045,446564,45661,214839,27900,400903,11100,5323,5777
72050,446595,45664,214853,27901,400931,11100,5323,5777
72055,446626,45667,214863,27903,400959,11100,5323,5777
72060,446657,45672,214879,27906,400985,11100,5323,5777
72065,446688,45674,214897,27908,401012,11100,5323,5777
72070,446719,45677,214910,27910,401042,11100,5323,5777
72075,446750,45679,214929,27911,401069,11100,5323,5777
72080,446781,45679,214942,27911,401102,11100,5323,5777
72085,446812,45679,214958,27911,401133,11100,5323,5777
72090,446843,45679,214975,27911,401163,11100,5323,5777
72095,446874,45679,214984,27911,401195,11100,5323,5777
72100,446905,45679,215004,27911,401224,11100,5323,5777
72105,446936,45679,215017,27911,401256,11100,5323,5777
72110,446967,45679,215030,27911,401286,11100,5323,5777
72115,446998,45679,215047,27911,401317,11100,5323,5777
72120,447029,45679,215062,27911,401350,11100,5323,5777
72125,447060,45679,215075,27911,401381,11100,5323,5777
72130,447091,45679,215088,27911,401412,11100,5323,5777
72135,447122,45679,215103,27911,401442,11100,5323,5777
72140,447153,45679,215121,27911,401474,11100,5323,5777
72145,447184,45679,215135,27911,401504,11100,5323,5777
72150,447215,45679,215146,27911,401535,11100,5323,5777
72155,447246,45679,215163,27911,401565,11100,5323,5777
72160,447277,45679,215179,27911,401597,11100,5323,5777
72165,447308,45679,215197,27911,401628,11100,5323,5777
72170,447339,45680,215211,27912,401659,11100,5323,5777
72175,447370,45682,215229,27913,401688,11100,5323,5777
72180,447401,45685,215241,27915,401715,11100,5323,5777
72185,447432,45687,215264,27916,401744,11100,5323,5777
72190,447463,45689,215275,27916,401773,11100,5323,5777
72195,447494,45691,215287,27917,401802,11100,5323,5777
72200,447525,45693,215301,27919,401832,11100,5323,5777
72205,447556,45695,215316,27920,401861,11100,5323,5777
72210,447587,45697,215334,27921,401890,11100,5323,5777
72215,447618,45699,215349,27921,401919,11100,5323,5777
72220,447649,45701,215362,27921,401947,11100,5323,5777
72225,447680,45704,215374,27922,401975,11100,5323,5777
72230,447711,45708,215388,27925,402002,11100,5323,5777
72235,447742,45713,215402,27929,402028,11100,5323,5777
72240,447773,45718,215417,27933,402054,11100,5323,5777
72245,447804,45723,215432,27936,402081,11100,5323,5777
72250,447835,45725,215448,27937,402110,11100,5323,5777
72255,447866,45726,215466,27937,402139,11100,5323,5777
72260,447897,45728,215482,27938,402168,11100,5323,5777
72265,447928,45729,215495,27938,402199,11100,5323,5777
72270,447959,45731,215511,27939,402228,11100,5323,5777
72275,447990,45733,215522,27940,402257,11100,5323,5777
72280,448021,45735,215535,27941,402286,11100,5323,5777
72285,448052,45737,215547,27942,402315,11100,5323,5777
72290,448083,45739,215561,27943,402344,11100,5323,5777
72295,448114,45742,215575,27946,402372,11100,5323,5777
72300,448145,45742,215586,27946,402403,11100,5323,5777
72305,448176,45742,215605,27946,402433,11100,5323,5777
72310,448207,45742,215620,27946,402465,11100,5323,5777
72315,448238,45742,215633,27946,402496,11100,5323,5777
72320,448269,45742,215649,27946,402526,11100,5323,5777
72325,448300,45742,215665,27946,402558,11100,5323,5777
72330,448331,45742,215683,27946,402588,11100,5323,5777
72335,448362,45742,215699,27946,402619,11100,5323,5777
72340,448393,45742,215717,27946,402650,11100,5323,5777
72345,448424,45742,215737,27946,402681,11100,5323,5777
72350,448455,45742,215755,27946,402712,11100,5323,5777
72355,448486,45743,215769,27947,402742,11100,5323,5777
72360,448517,45744,215787,27947,402771,11100,5323,5777
72365,448548,45746,215805,27948,402802,11100,5323,5777
72370,448579,45747,215820,27948,402831,11100,5323,5777
72375,448610,45749,215835,27949,402860,11100,5323,5777
72380,448641,45751,215845,27950,402889,11100,5323,5777
72385,448672,45753,215859,27952,402919,11100,5323,5777
72390,448703,45757,215877,27955,402945,11100,5323,5777
72395,448734,45759,215887,27957,402974,11100,5323,5777
72400,448765,45762,215899,27959,403003,11100,5323,5777
72405,448796,45767,215913,27963,403028,11100,5323,5777
72410,448827,45773,215927,27968,403054,11100,5323,5777
72415,448858,45774,215941,27969,403084,11100,5323,5777
72420,448889,45777,215957,27971,403110,11100,5323,5777
72425,448920,45781,215972,27974,403138,11100,5323,5777
72430,448951,45783,215986,27975,403168,11100,5323,5777
72435,448982,45784,216002,27976,403197,11100,5323,5777
72440,449013,45785,216019,27977,403227,11100,5323,5777
72445,449044,45787,216037,27978,403257,11100,5323,5777
72450,449075,45788,216055,27979,403287,11100,5323,5777
72455,449106,45789,216069,27979,403316,11100,5323,5777
72460,449137,45790,216082,27979,403346,11100,5323,5777
72465,449168,45791,216097,27980,403376,11100,5323,5777
72470,449199,45793,216110,27982,403405,11100,5323,5777
72475,449230,45795,216129,27984,403435,11100,5323,5777
72480,449261,45795,216146,27984,403465,11100,5323,5777
72485,449292,45795,216160,27984,403497,11100,5323,5777
72490,449323,45795,216180,27984,403528,11100,5323,5777
72495,449354,45795,216197,27984,403559,11100,5323,5777
72500,449385,45795,216212,27984,403590,11100,5323,5777
72505,449416,45795,216230,27984,403621,11100,5323,5777
72510,449447,45795,216244,27984,403652,11100,5323,5777
72515,449478,45795,216260,27984,403683,11100,5323,5777
72520,449509,45797,216275,27986,403712,11100,5323,5777
72525,449540,45798,216286,27987,403742,11100,5323,5777
72530,449571,45799,216298,27987,403772,11100,5323,5777
72535,449602,45801,216312,27988,403801,11100,5323,5777
72540,449633,45803,216326,27990,403830,11100,5323,5777
72545,449664,45805,216348,27992,403859,11100,5323,5777
72550,449695,45807,216362,27993,403888,11100,5323,5777
72555,449726,45809,216377,27994,403916,11100,5323,5777
72560,449757,45810,216394,27994,403947,11100,5323,5777
72565,449788,45811,216412,27995,403976,11100,5323,5777
72570,449819,45812,216428,27996,404006,11100,5323,5777
72575,449850,45813,216437,27996,404037,11100,5323,5777
72580,449881,45817,216453,28000,404063,11100,5323,5777
72585,449912,45818,216467,28001,404094,11100,5323,5777
72590,449943,45823,216480,28005,404119,11100,5323,5777
72595,449974,45829,216500,28010,404144,11100,5323,5777
72600,450005,45834,216518,28014,404169,11100,5323,5777
72605,450036,45837,216531,28017,404198,11100,5323,5777
72610,450067,45841,216544,28021,404226,11100,5323,5777
72615,450098,45841,216558,28021,404256,11100,5323,5777
72620,450129,45841,216574,28021,404287,11100,5323,5777
72625,450160,45841,216585,28021,404319,11100,5323,5777
72630,450191,45841,216604,28021,404350,11100,5323,5777
72635,450222,45841,216617,28021,404379,11100,5323,5777
72640,450253,45841,216627,28021,404411,11100,5323,5777
72645,450284,45841,216645,28021,404441,11100,5323,5777
72650,450315,45841,216661,28021,404472,11100,5323,5777
72655,450346,45841,216677,28021,404505,11100,5323,5777
72660,450377,45841,216688,28021,404535,11100,5323,5777
72665,450408,45841,216705,28021,404566,11100,5323,5777
72670,450439,45841,216718,28021,404598,11100,5323,5777
72675,450470,45841,216734,28021,404629,11100,5323,5777
72680,450501,45841,216750,28021,404660,11100,5323,5777
72685,450532,45841,216766,28021,404691,11100,5323,5777
72690,450563,45841,216775,28021,404722,11100,5323,5777
72695,450594,45841,216795,28021,404753,11100,5323,5777
72700,450625,45841,216812,28021,404784,11100,5323,5777
72705,450656,45843,216833,28023,404812,11100,5323,5777
72710,450687,45845,216848,28025,404842,11100,5323,5777
72715,450718,45847,216866,28027,404871,11100,5323,5777
72720,450749,45849,216883,28029,404900,11100,5323,5777
72725,450780,45852,216894,28030,404928,11100,5323,5777
72730,450811,45854,216910,28031,404957,11100,5323,5777
72735,450842,45857,216924,28034,404985,11100,5323,5777
72740,450873,45860,216944,28037,405013,11100,5323,5777
72745,450904,45862,216952,28038,405042,11100,5323,5777
72750,450935,45864,216966,28038,405071,11100,5323,5777
72755,450966,45867,216977,28039,405099,11100,5323,5777
72760,450997,45871,216993,28042,405126,11100,5323,5777
72765,451028,45875,217004,28045,405153,11100,5323,5777
72770,451059,45877,217016,28047,405182,11100,5323,5777
72775,451090,45881,217032,28051,405209,11100,5323,5777
72780,451121,45884,217043,28053,405237,11100,5323,5777
72785,451152,45889,217058,28056,405263,11100,5323,5777
72790,451183,45891,217073,28058,405291,11100,5323,5777
72795,451214,45893,217087,28059,405320,11100,5323,5777
72800,451245,45894,217105,28059,405351,11100,5323,5777
72805,451276,45896,217121,28060,405380,11100,5323,5777
72810,451307,45896,217138,28060,405411,11100,5323,5777
72815,451338,45896,217150,28060,405441,11100,5323,5777
72820,451369,45896,217163,28060,405473,11100,5323,5777
72825,451400,45896,217179,28060,405503,11100,5323,5777
72830,451431,45896,217200,28060,405533,11100,5323,5777
72835,451462,45896,217215,28060,405566,11100,5323,5777
72840,451493,45896,217227,28060,405595,11100,5323,5777
72845,451524,45896,217246,28060,405627,11100,5323,5777
72850,451555,45896,217256,28060,405656,11100,5323,5777
72855,451586,45896,217268,28060,405689,11100,5323,5777
72860,451617,45896,217283,28060,405721,11100,5323,5777
72865,451648,45896,217293,28060,405751,11100,5323,5777
72870,451679,45896,217309,28060,405783,11100,5323,5777
72875,451710,45896,217330,28060,405813,11100,5323,5777
72880,451741,45896,217342,28060,405845,11100,5323,5777
72885,451772,45896,217357,28060,405876,11100,5323,5777
72890,451803,45896,217367,28060,405907,11100,5323,5777
72895,451834,45899,217380,28062,405935,11100,5323,5777
72900,451865,45902,217390,28064,405962,11100,5323,5777
72905,451896,45903,217401,28065,405993,11100,5323,5777
72910,451927,45907,217416,28069,406020,11100,5323,5777
72915,451958,45911,217432,28072,406047,11100,5323,5777
72920,451989,45913,217446,28073,406076,11100,5323,5777
72925,452020,45915,217460,28073,406104,11100,5323,5777
72930,452051,45918,217477,28075,406132,11100,5323,5777
72935,452082,45921,217491,28077,406160,11100,5323,5777
72940,452113,45924,217503,28078,406189,11100,5323,5777
72945,452144,45926,217522,28078,406217,11100,5323,5777
72950,452175,45928,217534,28079,406246,11100,5323,5777
72955,452206,45931,217547,28082,406275,11100,5323,5777
72960,452237,45934,217563,28083,406303,11100,5323,5777
72965,452268,45936,217586,28085,406332,11100,5323,5777
72970,452299,45938,217601,28087,406361,11100,5323,5777
72975,452330,45940,217617,28088,406390,11100,5323,5777
72980,452361,45941,217634,28089,406420,11100,5323,5777
72985,452392,45945,217647,28093,406447,11100,5323,5777
72990,452423,45947,217659,28094,406475,11100,5323,5777
72995,452454,45950,217671,28096,406504,11100,5323,5777
73000,452485,45953,217679,28098,406532,11100,5323,5777
73005,452516,45953,217692,28098,406562,11100,5323,5777
73010,452547,45953,217709,28098,406593,11100,5323,5777
73015,452578,45953,217720,28098,406624,11100,5323,5777
73020,452609,45953,217735,28098,406656,11100,5323,5777
73025,452640,45953,217750,28098,406686,11100,5323,5777
73030,452671,45953,217763,28098,406718,11100,5323,5777
73035,452702,45953,217775,28098,406749,11100,5323,5777
73040,452733,45953,217789,28098,406780,11100,5323,5777
73045,452764,45953,217799,28098,406811,11100,5323,5777
73050,452795,45953,217817,28098,406842,11100,5323,5777
73055,452826,45953,217833,28098,406873,11100,5323,5777
73060,452857,45953,217847,28098,406903,11100,5323,5777
73065,452888,45956,217861,28100,406931,11100,5323,5777
73070,452919,45959,217875,28103,406959,11100,5323,5777
73075,452950,45962,217889,28105,406988,11100,5323,5777
73080,452981,45965,217902,28108,407015,11100,5323,5777
73085,453012,45967,217918,28109,407043,11100,5323,5777
73090,453043,45969,217933,28110,407073,11100,5323,5777
73095,453074,45971,217946,28112,407103,11100,5323,5777
73100,453105,45974,217965,28115,407129,11100,5323,5777
73105,453136,45974,217981,28115,407161,11100,5323,5777
73110,453167,45976,217994,28117,407190,11100,5323,5777
73115,453198,45977,218010,28117,407219,11100,5323,5777
73120,453229,45978,218028,28118,407250,11100,5323,5777
73125,453260,45980,218045,28120,407279,11100,5323,5777
73130,453291,45982,218056,28122,407309,11100,5323,5777
73135,453322,45984,218068,28124,407338,11100,5323,5777
73140,453353,45988,218084,28127,407364,11100,5323,5777
73145,453384,45991,218097,28129,407391,11100,5323,5777
73150,453415,45993,218113,28131,407422,11100,5323,5777
73155,453446,45994,218123,28131,407451,11100,5323,5777
73160,453477,45997,218139,28134,407479,11100,5323,5777
73165,453508,45997,218155,28134,407511,11100,5323,5777
73170,453539,45997,218173,28134,407541,11100,5323,5777
73175,453570,45997,218184,28134,407573,11100,5323,5777
73180,453601,45997,218199,28134,407604,11100,5323,5777
73185,453632,45997,218218,28134,407634,11100,5323,5777
73190,453663,45997,218231,28134,407666,11100,5323,5777
73195,453694,45997,218249,28134,407696,11100,5323,5777
73200,453725,45997,218267,28134,407728,11100,5323,5777
73205,453756,45997,218282,28134,407759,11100,5323,5777
73210,453787,45998,218297,28135,407789,11100,5323,5777
73215,453818,46000,218309,28136,407817,11100,5323,5777
73220,453849,46002,218324,28137,407846,11100,5323,5777
73225,453880,46003,218341,28138,407877,11100,5323,5777
73230,453911,46005,218352,28140,407906,11100,5323,5777
73235,453942,46007,218368,28142,407935,11100,5323,5777
73240,453973,46008,218380,28142,407965,11100,5323,5777
73245,454004,46009,218393,28142,407995,11100,5323,5777
73250,454035,46010,218408,28143,408025,11100,5323,5777
73255,454066,46011,218418,28144,408055,11100,5323,5777
73260,454097,46013,218436,28146,408083,11100,5323,5777
73265,454128,46016,218450,28149,408112,11100,5323,5777
73270,454159,46019,218463,28152,408139,11100,5323,5777
73275,454190,46023,218480,28155,408166,11100,5323,5777
73280,454221,46027,218496,28158,408194,11100,5323,5777
73285,454252,46028,218513,28159,408223,11100,5323,5777
73290,454283,46029,218533,28160,408253,11100,5323,5777
73295,454314,46030,218548,28160,408284,11100,5323,5777
73300,454345,46031,218567,28161,408313,11100,5323,5777
73305,454376,46032,218578,28161,408343,11100,5323,5777
73310,454407,46034,218593,28163,408372,11100,5323,5777
73315,454438,46035,218605,28164,408402,11100,5323,5777
73320,454469,46037,218621,28165,408431,11100,5323,5777
73325,454500,46039,218634,28166,408459,11100,5323,5777
73330,454531,46041,218646,28167,408490,11100,5323,5777
73335,454562,46043,218661,28168,408519,11100,5323,5777
73340,454593,46046,218678,28171,408546,11100,5323,5777
73345,454624,46048,218695,28173,408575,11100,5323,5777
73350,454655,46051,218712,28176,408604,11100,5323,5777
73355,454686,46053,218723,28177,408633,11100,5323,5777
73360,454717,46055,218736,28179,408662,11100,5323,5777
73365,454748,46055,218754,28179,408693,11100,5323,5777
73370,454779,46055,218769,28179,408723,11100,5323,5777
73375,454810,46055,218788,28179,408754,11100,5323,5777
73380,454841,46055,218802,28179,408785,11100,5323,5777
73385,454872,46057,218819,28181,408814,11100,5323,5777
73390,454903,46059,218831,28182,408843,11100,5323,5777
73395,454934,46061,218844,28183,408872,11100,5323,5777
73400,454965,46063,218857,28184,408900,11100,5323,5777
73405,454996,46064,218870,28185,408932,11100,5323,5777
73410,455027,46066,218885,28187,408961,11100,5323,5777
73415,455058,46070,218901,28190,408987,11100,5323,5777
73420,455089,46073,218917,28193,409016,11100,5323,5777
73425,455120,46077,218933,28196,409042,11100,5323,5777
73430,455151,46077,218941,28196,409074,11100,5323,5777
73435,455182,46077,218954,28196,409104,11100,5323,5777
73440,455213,46077,218970,28196,409136,11100,5323,5777
73445,455244,46077,218988,28196,409167,11100,5323,5777
73450,455275,46077,219003,28196,409197,11100,5323,5777
73455,455306,46077,219017,28196,409229,11100,5323,5777
73460,455337,46077,219032,28196,409259,11100,5323,5777
73465,455368,46077,219044,28196,409291,11100,5323,5777
73470,455399,46079,219064,28198,409319,11100,5323,5777
73475,455430,46081,219077,28199,409349,11100,5323,5777
73480,455461,46083,219095,28200,409378,11100,5323,5777
73485,455492,46085,219111,28201,409406,11100,5323,5777
73490,455523,46087,219128,28203,409436,11100,5323,5777
73495,455554,46089,219148,28205,409464,11100,5323,5777
73500,455585,46090,219162,28206,409494,11100,5323,5777
73505,455616,46091,219173,28206,409524,11100,5323,5777
73510,455647,46092,219187,28207,409555,11100,5323,5777
73515,455678,46093,219204,28208,409585,11100,5323,5777
73520,455709,46096,219219,28210,409613,11100,5323,5777
73525,455740,46099,219237,28213,409641,11100,5323,5777
73530,455771,46102,219250,28214,409669,11100,5323,5777
73535,455802,46104,219263,28215,409697,11100,5323,5777
73540,455833,46106,219279,28215,409725,11100,5323,5777
73545,455864,46109,219293,28218,409754,11100,5323,5777
73550,455895,46112,219308,28220,409783,11100,5323,5777
73555,455926,46113,219318,28220,409813,11100,5323,5777
73560,455957,46114,219332,28220,409842,11100,5323,5777
73565,455988,46116,219347,28221,409871,11100,5323,5777
73570,456019,46117,219364,28221,409901,11100,5323,5777
73575,456050,46118,219381,28221,409932,11100,5323,5777
73580,456081,46119,219396,28222,409962,11100,5323,5777
73585,456112,46121,219412,28223,409991,11100,5323,5777
73590,456143,46122,219425,28224,410020,11100,5323,5777
73595,456174,46123,219437,28224,410051,11100,5323,5777
73600,456205,46124,219452,28225,410080,11100,5323,5777
73605,456236,46125,219469,28226,410110,11100,5323,5777
73610,456267,46129,219487,28230,410137,11100,5323,5777
73615,456298,46131,219501,28232,410166,11100,5323,5777
73620,456329,46133,219514,28234,410196,11100,5323,5777
73625,456360,46136,219531,28236,410223,11100,5323,5777
73630,456391,46138,219544,28238,410253,11100,5323,5777
73635,456422,46138,219562,28238,410284,11100,5323,5777
73640,456453,46138,219578,28238,410315,11100,5323,5777
73645,456484,46138,219591,28238,410346,11100,5323,5777
73650,456515,46138,219603,28238,410377,11100,5323,5777
73655,456546,46138,219616,28238,410408,11100,5323,5777
73660,456577,46140,219632,28240,410437,11100,5323,5777
73665,456608,46141,219643,28241,410467,11100,5323,5777
73670,456639,46143,219657,28242,410494,11100,5323,5777
73675,456670,46145,219670,28244,410525,11100,5323,5777
73680,456701,46147,219683,28245,410554,11100,5323,5777
73685,456732,46150,219696,28248,410581,11100,5323,5777
73690,456763,46153,219712,28251,410610,11100,5323,5777
73695,456794,46154,219727,28251,410639,11100,5323,5777
73700,456825,46155,219741,28252,410669,11100,5323,5777
73705,456856,46158,219758,28254,410697,11100,5323,5777
73710,456887,46160,219774,28256,410726,11100,5323,5777
73715,456918,46162,219794,28258,410754,11100,5323,5777
73720,456949,46162,219813,28258,410786,11100,5323,5777
73725,456980,46162,219827,28258,410818,11100,5323,5777
73730,457011,46162,219841,28258,410847,11100,5323,5777
73735,457042,46162,219856,28258,410879,11100,5323,5777
73740,457073,46163,219869,28259,410909,11100,5323,5777
73745,457104,46164,219883,28260,410940,11100,5323,5777
73750,457135,46165,219897,28260,410970,11100,5323,5777
73755,457166,46166,219909,28260,411000,11100,5323,5777
73760,457197,46167,219924,28260,411030,11100,5323,5777
73765,457228,46168,219942,28260,411060,11100,5323,5777
73770,457259,46169,219957,28261,411090,11100,5323,5777
73775,457290,46170,219975,28261,411120,11100,5323,5777
73780,457321,46171,219991,28261,411150,11100,5323,5777
73785,457352,46172,220005,28261,411179,11100,5323,5777
73790,457383,46173,220019,28262,411210,11100,5323,5777
73795,457414,46175,220033,28263,411238,11100,5323,5777
73800,457445,46176,220046,28263,411268,11100,5323,5777
73805,457476,46178,220065,28265,411297,11100,5323,5777
73810,457507,46179,220077,28266,411328,11100,5323,5777
73815,457538,46180,220092,28266,411357,11100,5323,5777
73820,457569,46182,220105,28268,411386,11100,5323,5777
73825,457600,46186,220123,28272,411413,11100,5323,5777
73830,457631,46188,220138,28273,411443,11100,5323,5777
73835,457662,46192,220154,28276,411470,11100,5323,5777
73840,457693,46195,220167,28278,411498,11100,5323,5777
73845,457724,46197,220182,28279,411527,11100,5323,5777
73850,457755,46201,220200,28282,411552,11100,5323,5777
73855,457786,46205,220217,28285,411581,11100,5323,5777
73860,457817,46208,220227,28286,411608,11100,5323,5777
73865,457848,46211,220244,28288,411636,11100,5323,5777
73870,457879,46212,220255,28288,411665,11100,5323,5777
73875,457910,46214,220270,28289,411695,11100,5323,5777
73880,457941,46215,220283,28290,411726,11100,5323,5777
73885,457972,46218,220302,28293,411753,11100,5323,5777
73890,458003,46221,220316,28295,411782,11100,5323,5777
73895,458034,46223,220331,28296,411811,11100,5323,5777
73900,458065,46223,220346,28296,411840,11100,5323,5777
73905,458096,46223,220361,28296,411872,11100,5323,5777
73910,458127,46223,220374,28296,411903,11100,5323,5777
73915,458158,46223,220386,28296,411935,11100,5323,5777
73920,458189,46223,220401,28296,411965,11100,5323,5777
73925,458220,46223,220419,28296,411995,11100,5323,5777
73930,458251,46223,220434,28296,412027,11100,5323,5777
73935,458282,46223,220453,28296,412058,11100,5323,5777
73940,458313,46223,220469,28296,412090,11100,5323,5777
73945,458344,46223,220489,28296,412121,11100,5323,5777
73950,458375,46223,220503,28296,412152,11100,5323,5777
73955,458406,46223,220520,28296,412183,11100,5323,5777
73960,458437,46223,220533,28296,412214,11100,5323,5777
73965,458468,46223,220548,28296,412245,11100,5323,5777
73970,458499,46224,220566,28296,412275,11100,5323,5777
73975,458530,46225,220581,28297,412305,11100,5323,5777
73980,458561,46226,220600,28298,412335,11100,5323,5777
73985,458592,46227,220616,28299,412365,11100,5323,5777
73990,458623,46228,220629,28300,412395,11100,5323,5777
73995,458654,46229,220639,28300,412425,11100,5323,5777
74000,458685,46231,220653,28301,412454,11100,5323,5777
74005,458716,46233,220664,28301,412483,11100,5323,5777
74010,458747,46235,220679,28302,412512,11100,5323,5777
74015,458778,46237,220696,28302,412541,11100,5323,5777
74020,458809,46240,220708,28303,412569,11100,5323,5777
74025,458840,46243,220723,28304,412596,11100,5323,5777
74030,458871,46247,220738,28307,412623,11100,5323,5777
74035,458902,46253,220756,28313,412649,11100,5323,5777
74040,458933,46259,220773,28318,412673,11100,5323,5777
74045,458964,46267,220792,28325,412697,11100,5323,5777
74050,458995,46272,220808,28330,412722,11100,5323,5777
74055,459026,46273,220818,28330,412753,11100,5323,5777
74060,459057,46274,220833,28331,412781,11100,5323,5777
74065,459088,46276,220854,28333,412811,11100,5323,5777
74070,459119,46276,220867,28333,412841,11100,5323,5777
74075,459150,46276,220880,28333,412873,11100,5323,5777
74080,459181,46276,220892,28333,412904,11100,5323,5777
74085,459212,46276,220908,28333,412935,11100,5323,5777
74090,459243,46276,220923,28333,412965,11100,5323,5777
74095,459274,46276,220935,28333,412997,11100,5323,5777
74100,459305,46276,220948,28333,413028,11100,5323,5777
74105,459336,46276,220968,28333,413059,11100,5323,5777
74110,459367,46276,220982,28333,413091,11100,5323,5777
74115,459398,46276,220999,28333,413121,11100,5323,5777
74120,459429,46276,221015,28333,413153,11100,5323,5777
74125,459460,46276,221030,28333,413183,11100,5323,5777
74130,459491,46276,221050,28333,413213,11100,5323,5777
74135,459522,46276,221061,28333,413246,11100,5323,5777
74140,459553,46276,221076,28333,413277,11100,5323,5777
74145,459584,46276,221088,28333,413307,11100,5323,5777
74150,459615,46276,221104,28333,413338,11100,5323,5777
74155,459646,46276,221114,28333,413370,11100,5323,5777
74160,459677,46277,221127,28334,413399,11100,5323,5777
74165,459708,46278,221139,28334,413430,11100,5323,5777
74170,459739,46282,221155,28337,413457,11100,5323,5777
74175,459770,46286,221170,28339,413484,11100,5323,5777
74180,459801,46290,221187,28341,413511,11100,5323,5777
74185,459832,46293,221202,28342,413539,11100,5323,5777
74190,459863,46295,221216,28342,413568,11100,5323,5777
74195,459894,46297,221228,28342,413597,11100,5323,5777
74200,459925,46299,221245,28343,413626,11100,5323,5777
74205,459956,46301,221261,28345,413655,11100,5323,5777
74210,459987,46306,221282,28349,413681,11100,5323,5777
74215,460018,46311,221298,28353,413707,11100,5323,5777
74220,460049,46316,221315,28356,413733,11100,5323,5777
74225,460080,46319,221331,28359,413761,11100,5323,5777
74230,460111,46322,221346,28361,413789,11100,5323,5777
74235,460142,46325,221363,28364,413817,11100,5323,5777
74240,460173,46326,221384,28365,413847,11100,5323,5777
74245,460204,46328,221395,28366,413876,11100,5323,5777
74250,460235,46330,221407,28367,413905,11100,5323,5777
74255,460266,46332,221423,28369,413934,11100,5323,5777
74260,460297,46333,221443,28370,413964,11100,5323,5777
74265,460328,46334,221456,28371,413994,11100,5323,5777
74270,460359,46334,221468,28371,414023,11100,5323,5777
74275,460390,46334,221484,28371,414054,11100,5323,5777
74280,460421,46334,221498,28371,414087,11100,5323,5777
74285,460452,46334,221512,28371,414116,11100,5323,5777
74290,460483,46334,221522,28371,414149,11100,5323,5777
74295,460514,46334,221539,28371,414179,11100,5323,5777
74300,460545,46334,221552,28371,414211,11100,5323,5777
74305,460576,46334,221569,28371,414240,11100,5323,5777
74310,460607,46334,221583,28371,414271,11100,5323,5777
74315,460638,46334,221596,28371,414303,11100,5323,5777
74320,460669,46334,221607,28371,414334,11100,5323,5777
74325,460700,46334,221618,28371,414366,11100,5323,5777
74330,460731,46334,221628,28371,414395,11100,5323,5777
74335,460762,46334,221641,28371,414427,11100,5323,5777
74340,460793,46335,221660,28371,414457,11100,5323,5777
74345,460824,46336,221673,28372,414487,11100,5323,5777
74350,460855,46337,221687,28373,414517,11100,5323,5777
74355,460886,46339,221696,28374,414546,11100,5323,5777
74360,460917,46341,221711,28375,414576,11100,5323,5777
74365,460948,46343,221723,28377,414605,11100,5323,5777
74370,460979,46347,221737,28380,414631,11100,5323,5777
74375,461010,46351,221755,28382,414658,11100,5323,5777
74380,461041,46355,221768,28385,414686,11100,5323,5777
74385,461072,46359,221782,28388,414712,11100,5323,5777
74390,461103,46364,221801,28393,414739,11100,5323,5777
74395,461134,46370,221821,28399,414764,11100,5323,5777
74400,461165,46373,221833,28401,414792,11100,5323,5777
74405,461196,46375,221846,28401,414821,11100,5323,5777
74410,461227,46377,221860,28402,414850,11100,5323,5777
74415,461258,46380,221872,28403,414878,11100,5323,5777
74420,461289,46381,221887,28404,414908,11100,5323,5777
74425,461320,46382,221903,28404,414938,11100,5323,5777
74430,461351,46384,221913,28406,414967,11100,5323,5777
74435,461382,46385,221928,28406,414997,11100,5323,5777
74440,461413,46387,221943,28408,415025,11100,5323,5777
74445,461444,46388,221951,28409,415056,11100,5323,5777
74450,461475,46388,221966,28409,415087,11100,5323,5777
74455,461506,46388,221976,28409,415118,11100,5323,5777
74460,461537,46388,221990,28409,415148,11100,5323,5777
74465,461568,46388,222001,28409,415179,11100,5323,5777
74470,461599,46388,222013,28409,415210,11100,5323,5777
74475,461630,46388,222028,28409,415242,11100,5323,5777
74480,461661,46388,222039,28409,415272,11100,5323,5777
74485,461692,46388,222057,28409,415303,11100,5323,5777
74490,461723,46388,222070,28409,415335,11100,5323,5777
74495,461754,46388,222084,28409,415365,11100,5323,5777
74500,461785,46388,222099,28409,415397,11100,5323,5777
74505,461816,46388,222116,28409,415427,11100,5323,5777
74510,461847,46388,222136,28409,415457,11100,5323,5777
74515,461878,46388,222147,28409,415490,11100,5323,5777
74520,461909,46388,222164,28409,415520,11100,5323,5777
74525,461940,46389,222177,28409,415550,11100,5323,5777
74530,461971,46391,222187,28410,415580,11100,5323,5777
74535,462002,46392,222202,28411,415608,11100,5323,5777
74540,462033,46393,222213,28411,415639,11100,5323,5777
74545,462064,46395,222227,28413,415667,11100,5323,5777
74550,462095,46398,222241,28415,415695,11100,5323,5777
74555,462126,46400,222256,28415,415724,11100,5323,5777
74560,462157,46403,222270,28418,415754,11100,5323,5777
74565,462188,46406,222284,28420,415781,11100,5323,5777
74570,462219,46409,222297,28422,415808,11100,5323,5777
74575,462250,46412,222314,28425,415838,11100,5323,5777
74580,462281,46415,222326,28428,415866,11100,5323,5777
74585,462312,46418,222339,28429,415894,11100,5323,5777
74590,462343,46423,222355,28433,415919,11100,5323,5777
74595,462374,46428,222372,28437,415946,11100,5323,5777
74600,462405,46434,222391,28441,415970,11100,5323,5777
74605,462436,46436,222404,28442,415999,11100,5323,5777
74610,462467,46437,222419,28443,416030,11100,5323,5777
74615,462498,46439,222434,28445,416058,11100,5323,5777
74620,462529,46440,222448,28445,416088,11100,5323,5777
74625,462560,46441,222462,28445,416119,11100,5323,5777
74630,462591,46443,222479,28446,416148,11100,5323,5777
74635,462622,46443,222494,28446,416179,11100,5323,5777
74640,462653,46443,222510,28446,416210,11100,5323,5777
74645,462684,46443,222524,28446,416240,11100,5323,5777
74650,462715,46443,222538,28446,416271,11100,5323,5777
74655,462746,46443,222556,28446,416303,11100,5323,5777
74660,462777,46443,222570,28446,416334,11100,5323,5777
74665,462808,46443,222584,28446,416365,11100,5323,5777
74670,462839,46443,222598,28446,416396,11100,5323,5777
74675,462870,46443,222614,28446,416427,11100,5323,5777
74680,462901,46443,222626,28446,416458,11100,5323,5777
74685,462932,46443,222637,28446,416488,11100,5323,5777
74690,462963,46443,222650,28446,416520,11100,5323,5777
74695,462994,46443,222663,28446,416551,11100,5323,5777
74700,463025,46443,222679,28446,416581,11100,5323,5777
74705,463056,46443,222694,28446,416613,11100,5323,5777
74710,463087,46444,222705,28446,416643,11100,5323,5777
74715,463118,46445,222721,28447,416673,11100,5323,5777
74720,463149,46446,222735,28448,416703,11100,5323,5777
74725,463180,46447,222752,28449,416732,11100,5323,5777
74730,463211,46448,222766,28449,416762,11100,5323,5777
74735,463242,46451,222779,28451,416791,11100,5323,5777
74740,463273,46454,222797,28453,416819,11100,5323,5777
74745,463304,46457,222812,28454,416845,11100,5323,5777
74750,463335,46460,222827,28456,416874,11100,5323,5777
74755,463366,46462,222844,28457,416902,11100,5323,5777
74760,463397,46464,222858,28457,416932,11100,5323,5777
74765,463428,46467,222873,28459,416960,11100,5323,5777
74770,463459,46470,222887,28460,416988,11100,5323,5777
74775,463490,46474,222904,28464,417016,11100,5323,5777
74780,463521,46476,222918,28465,417045,11100,5323,5777
74785,463552,46481,222930,28468,417071,11100,5323,5777
74790,463583,46484,222944,28470,417098,11100,5323,5777
74795,463614,46488,222960,28473,417125,11100,5323,5777
74800,463645,46494,222972,28477,417151,11100,5323,5777
74805,463676,46498,222984,28479,417178,11100,5323,5777
74810,463707,46503,222997,28484,417204,11100,5323,5777
74815,463738,46506,223013,28486,417232,11100,5323,5777
74820,463769,46507,223024,28486,417262,11100,5323,5777
74825,463800,46507,223043,28486,417293,11100,5323,5777
74830,463831,46507,223057,28486,417324,11100,5323,5777
74835,463862,46507,223073,28486,417355,11100,5323,5777
74840,463893,46507,223089,28486,417385,11100,5323,5777
74845,463924,46507,223106,28486,417417,11100,5323,5777
74850,463955,46507,223120,28486,417447,11100,5323,5777
74855,463986,46507,223133,28486,417478,11100,5323,5777
74860,464017,46507,223152,28486,417510,11100,5323,5777
74865,464048,46507,223166,28486,417541,11100,5323,5777
74870,464079,46507,223180,28486,417572,11100,5323,5777
74875,464110,46507,223191,28486,417603,11100,5323,5777
74880,464141,46507,223204,28486,417634,11100,5323,5777
74885,464172,46507,223223,28486,417664,11100,5323,5777
74890,464203,46507,223234,28486,417696,11100,5323,5777
74895,464234,46507,223248,28486,417727,11100,5323,5777
74900,464265,46507,223264,28486,417758,11100,5323,5777
74905,464296,46507,223279,28486,417789,11100,5323,5777
74910,464327,46507,223293,28486,417820,11100,5323,5777
74915,464358,46507,223305,28486,417851,11100,5323,5777
74920,464389,46507,223320,28486,417882,11100,5323,5777
74925,464420,46509,223333,28487,417911,11100,5323,5777
74930,464451,46512,223347,28489,417939,11100,5323,5777
74935,464482,46515,223365,28491,417967,11100,5323,5777
74940,464513,46520,223385,28496,417993,11100,5323,5777
74945,464544,46523,223399,28498,418021,11100,5323,5777
74950,464575,46526,223411,28501,418049,11100,5323,5777
74955,464606,46529,223422,28503,418077,11100,5323,5777
74960,464637,46531,223435,28504,418106,11100,5323,5777
74965,464668,46535,223450,28506,418133,11100,5323,5777
74970,464699,46537,223459,28508,418162,11100,5323,5777
74975,464730,46540,223473,28510,418190,11100,5323,5777
74980,464761,46543,223484,28511,418218,11100,5323,5777
74985,464792,46550,223502,28516,418241,11100,5323,5777
74990,464823,46555,223515,28520,418267,11100,5323,5777
74995,464854,46558,223532,28523,418294,11100,5323,5777
75000,464885,46561,223549,28526,418321,11100,5323,5777
75005,464916,46561,223567,28526,418355,11100,5323,5777
75010,464947,46561,223583,28526,418385,11100,5323,5777
75015,464978,46561,223597,28526,418416,11100,5323,5777
75020,465009,46561,223618,28526,418447,11100,5323,5777
75025,465040,46561,223628,28526,418479,11100,5323,5777
75030,465071,46561,223640,28526,418509,11100,5323,5777
75035,465102,46561,223655,28526,418539,11100,5323,5777
75040,465133,46561,223668,28526,418572,11100,5323,5777
75045,465164,46561,223679,28526,418603,11100,5323,5777
75050,465195,46561,223693,28526,418634,11100,5323,5777
75055,465226,46561,223709,28526,418665,11100,5323,5777
75060,465257,46561,223723,28526,418696,11100,5323,5777
75065,465288,46561,223741,28526,418726,11100,5323,5777
75070,465319,46561,223759,28526,418756,11100,5323,5777
75075,465350,46561,223770,28526,418789,11100,5323,5777
75080,465381,46561,223784,28526,418819,11100,5323,5777
75085,465412,46561,223802,28526,418849,11100,5323,5777
75090,465443,46561,223813,28526,418881,11100,5323,5777
75095,465474,46562,223831,28527,418910,11100,5323,5777
75100,465505,46563,223846,28527,418942,11100,5323,5777
75105,465536,46564,223863,28527,418971,11100,5323,5777
75110,465567,46568,223874,28529,418999,11100,5323,5777
75115,465598,46571,223889,28531,419027,11100,5323,5777
75120,465629,46576,223905,28534,419053,11100,5323,5777
75125,465660,46580,223921,28536,419080,11100,5323,5777
75130,465691,46585,223940,28540,419106,11100,5323,5777
75135,465722,46589,223955,28543,419133,11100,5323,5777
75140,465753,46593,223967,28546,419160,11100,5323,5777
75145,465784,46597,223983,28549,419187,11100,5323,5777
75150,465815,46598,224002,28550,419217,11100,5323,5777
75155,465846,46599,224021,28551,419246,11100,5323,5777
75160,465877,46601,224043,28553,419276,11100,5323,5777
75165,465908,46602,224057,28554,419306,11100,5323,5777
75170,465939,46606,224075,28558,419332,11100,5323,5777
75175,465970,46607,224083,28558,419363,11100,5323,5777
75180,466001,46608,224095,28558,419393,11100,5323,5777
75185,466032,46611,224114,28560,419421,11100,5323,5777
75190,466063,46611,224130,28560,419452,11100,5323,5777
75195,466094,46611,224145,28560,419483,11100,5323,5777
75200,466125,46611,224160,28560,419514,11100,5323,5777
75205,466156,46611,224174,28560,419545,11100,5323,5777
75210,466187,46611,224191,28560,419576,11100,5323,5777
75215,466218,46611,224211,28560,419606,11100,5323,5777
75220,466249,46611,224233,28560,419638,11100,5323,5777
75225,466280,46611,224246,28560,419669,11100,5323,5777
75230,466311,46611,224261,28560,419699,11100,5323,5777
75235,466342,46611,224274,28560,419731,11100,5323,5777
75240,466373,46611,224290,28560,419761,11100,5323,5777
75245,466404,46611,224307,28560,419792,11100,5323,5777
75250,466435,46611,224319,28560,419823,11100,5323,5777
75255,466466,46612,224336,28561,419854,11100,5323,5777
75260,466497,46614,224350,28563,419883,11100,5323,5777
75265,466528,46616,224366,28564,419911,11100,5323,5777
75270,466559,46617,224375,28564,419942,11100,5323,5777
75275,466590,46618,224389,28564,419971,11100,5323,5777
75280,466621,46620,224402,28565,420001,11100,5323,5777
75285,466652,46623,224417,28568,420028,11100,5323,5777
75290,466683,46626,224429,28570,420056,11100,5323,5777
75295,466714,46632,224446,28575,420081,11100,5323,5777
75300,466745,46637,224458,28579,420108,11100,5323,5777
75305,466776,46640,224473,28582,420136,11100,5323,5777
75310,466807,46644,224491,28586,420161,11100,5323,5777
75315,466838,46647,224504,28589,420189,11100,5323,5777
75320,466869,46650,224519,28592,420219,11100,5323,5777
75325,466900,46654,224531,28594,420245,11100,5323,5777
75330,466931,46656,224544,28595,420275,11100,5323,5777
75335,466962,46658,224561,28597,420303,11100,5323,5777
75340,466993,46658,224576,28597,420335,11100,5323,5777
75345,467024,46658,224596,28597,420366,11100,5323,5777
75350,467055,46658,224611,28597,420396,11100,5323,5777
75355,467086,46658,224625,28597,420426,11100,5323,5777
75360,467117,46658,224643,28597,420459,11100,5323,5777
75365,467148,46658,224655,28597,420490,11100,5323,5777
75370,467179,46658,224670,28597,420521,11100,5323,5777
75375,467210,46658,224686,28597,420551,11100,5323,5777
75380,467241,46658,224700,28597,420582,11100,5323,5777
75385,467272,46658,224716,28597,420614,11100,5323,5777
75390,467303,46658,224732,28597,420645,11100,5323,5777
75395,467334,46658,224750,28597,420676,11100,5323,5777
75400,467365,46658,224764,28597,420707,11100,5323,5777
75405,467396,46658,224774,28597,420738,11100,5323,5777
75410,467427,46658,224792,28597,420769,11100,5323,5777
75415,467458,46658,224809,28597,420800,11100,5323,5777
75420,467489,46658,224825,28597,420831,11100,5323,5777
75425,467520,46658,224841,28597,420862,11100,5323,5777
75430,467551,46658,224851,28597,420893,11100,5323,5777
75435,467582,46659,224866,28598,420923,11100,5323,5777
75440,467613,46662,224879,28600,420951,11100,5323,5777
75445,467644,46667,224900,28605,420977,11100,5323,5777
75450,467675,46671,224915,28608,421004,11100,5323,5777
75455,467706,46673,224928,28608,421033,11100,5323,5777
75460,467737,46677,224946,28612,421060,11100,5323,5777
75465,467768,46683,224962,28618,421085,11100,5323,5777
75470,467799,46687,224975,28621,421111,11100,5323,5777
75475,467830,46693,224991,28626,421137,11100,5323,5777
75480,467861,46698,225009,28629,421162,11100,5323,5777
75485,467892,46701,225022,28631,421190,11100,5323,5777
75490,467923,46702,225033,28632,421219,11100,5323,5777
75495,467954,46704,225053,28633,421249,11100,5323,5777
75500,467985,46704,225069,28633,421280,11100,5323,5777
75505,468016,46704,225077,28633,421310,11100,5323,5777
75510,468047,46704,225096,28633,421342,11100,5323,5777
75515,468078,46704,225108,28633,421372,11100,5323,5777
75520,468109,46704,225121,28633,421404,11100,5323,5777
75525,468140,46704,225133,28633,421436,11100,5323,5777
75530,468171,46704,225148,28633,421466,11100,5323,5777
75535,468202,46704,225165,28633,421498,11100,5323,5777
75540,468233,46704,225180,28633,421528,11100,5323,5777
75545,468264,46704,225197,28633,421559,11100,5323,5777
75550,468295,46704,225207,28633,421591,11100,5323,5777
75555,468326,46704,225217,28633,421621,11100,5323,5777
75560,468357,46704,225233,28633,421651,11100,5323,5777
75565,468388,46704,225247,28633,421683,11100,5323,5777
75570,468419,46704,225260,28633,421714,11100,5323,5777
75575,468450,46704,225272,28633,421746,11100,5323,5777
75580,468481,46704,225285,28633,421776,11100,5323,5777
75585,468512,46707,225301,28636,421804,11100,5323,5777
75590,468543,46708,225316,28637,421834,11100,5323,5777
75595,468574,46711,225335,28640,421863,11100,5323,5777
75600,468605,46715,225352,28643,421890,11100,5323,5777
75605,468636,46722,225369,28648,421913,11100,5323,5777
75610,468667,46726,225381,28650,421941,11100,5323,5777
75615,468698,46727,225399,28650,421971,11100,5323,5777
75620,468729,46729,225414,28651,422000,11100,5323,5777
75625,468760,46731,225431,28652,422029,11100,5323,5777
75630,468791,46733,225447,28654,422058,11100,5323,5777
75635,468822,46735,225461,28656,422087,11100,5323,5777
75640,468853,46737,225477,28657,422116,11100,5323,5777
75645,468884,46740,225492,28660,422144,11100,5323,5777
75650,468915,46741,225505,28660,422174,11100,5323,5777
75655,468946,46742,225518,28660,422204,11100,5323,5777
75660,468977,46744,225533,28661,422233,11100,5323,5777
75665,469008,46745,225547,28662,422262,11100,5323,5777
75670,469039,46746,225560,28663,422292,11100,5323,5777
75675,469070,46747,225570,28663,422322,11100,5323,5777
75680,469101,46749,225592,28665,422351,11100,5323,5777
75685,469132,46749,225604,28665,422383,11100,5323,5777
75690,469163,46749,225621,28665,422413,11100,5323,5777
75695,469194,46749,225638,28665,422444,11100,5323,5777
75700,469225,46749,225656,28665,422474,11100,5323,5777
75705,469256,46749,225670,28665,422505,11100,5323,5777
75710,469287,46749,225684,28665,422537,11100,5323,5777
75715,469318,46749,225696,28665,422569,11100,5323,5777
75720,469349,46750,225711,28665,422597,11100,5323,5777
75725,469380,46751,225728,28666,422627,11100,5323,5777
75730,469411,46752,225749,28667,422657,11100,5323,5777
75735,469442,46754,225768,28669,422688,11100,5323,5777
75740,469473,46755,225778,28669,422717,11100,5323,5777
75745,469504,46756,225790,28669,422748,11100,5323,5777
75750,469535,46758,225805,28670,422775,11100,5323,5777
75755,469566,46760,225818,28672,422805,11100,5323,5777
75760,469597,46763,225831,28674,422833,11100,5323,5777
75765,469628,46765,225841,28676,422863,11100,5323,5777
75770,469659,46767,225858,28678,422891,11100,5323,5777
75775,469690,46769,225874,28679,422920,11100,5323,5777
75780,469721,46771,225889,28681,422950,11100,5323,5777
75785,469752,46772,225898,28682,422980,11100,5323,5777
75790,469783,46775,225915,28684,423008,11100,5323,5777
75795,469814,46778,225931,28686,423035,11100,5323,5777
75800,469845,46782,225943,28688,423063,11100,5323,5777
75805,469876,46783,225952,28689,423093,11100,5323,5777
75810,469907,46785,225973,28690,423121,11100,5323,5777
75815,469938,46786,225988,28690,423152,11100,5323,5777
75820,469969,46787,226000,28691,423181,11100,5323,5777
75825,470000,46789,226012,28692,423210,11100,5323,5777
75830,470031,46790,226033,28692,423240,11100,5323,5777
75835,470062,46792,226045,28694,423270,11100,5323,5777
75840,470093,46793,226063,28695,423300,11100,5323,5777
75845,470124,46796,226080,28697,423328,11100,5323,5777
75850,470155,46800,226099,28700,423354,11100,5323,5777
75855,470186,46802,226118,28702,423383,11100,5323,5777
75860,470217,46802,226130,28702,423415,11100,5323,5777
75865,470248,46802,226143,28702,423446,11100,5323,5777
75870,470279,46802,226157,28702,423476,11100,5323,5777
75875,470310,46802,226171,28702,423508,11100,5323,5777
75880,470341,46802,226186,28702,423538,11100,5323,5777
75885,470372,46802,226202,28702,423570,11100,5323,5777
75890,470403,46802,226215,28702,423601,11100,5323,5777
75895,470434,46802,226229,28702,423631,11100,5323,5777
75900,470465,46802,226243,28702,423662,11100,5323,5777
75905,470496,46804,226258,28703,423692,11100,5323,5777
75910,470527,46806,226270,28705,423720,11100,5323,5777
75915,470558,46810,226287,28708,423747,11100,5323,5777
75920,470589,46813,226304,28711,423775,11100,5323,5777
75925,470620,46817,226322,28714,423803,11100,5323,5777
75930,470651,46818,226335,28714,423832,11100,5323,5777
75935,470682,46819,226349,28715,423862,11100,5323,5777
75940,470713,46820,226362,28716,423891,11100,5323,5777
75945,470744,46821,226378,28716,423922,11100,5323,5777
75950,470775,46822,226394,28716,423951,11100,5323,5777
75955,470806,46824,226407,28717,423981,11100,5323,5777
75960,470837,46825,226420,28718,424011,11100,5323,5777
75965,470868,46827,226432,28719,424040,11100,5323,5777
75970,470899,46829,226448,28719,424069,11100,5323,5777
75975,470930,46831,226462,28720,424099,11100,5323,5777
75980,470961,46833,226468,28720,424128,11100,5323,5777
75985,470992,46837,226486,28723,424154,11100,5323,5777
75990,471023,46839,226503,28725,424183,11100,5323,5777
75995,471054,46842,226515,28726,424212,11100,5323,5777
76000,471085,46845,226529,28727,424239,11100,5323,5777
76005,471116,46848,226548,28730,424267,11100,5323,5777
76010,471147,46850,226564,28731,424297,11100,5323,5777
76015,471178,46853,226581,28733,424325,11100,5323,5777
76020,471209,46855,226595,28735,424353,11100,5323,5777
76025,471240,46857,226612,28736,424383,11100,5323,5777
76030,471271,46859,226629,28738,424411,11100,5323,5777
76035,471302,46861,226643,28740,424441,11100,5323,5777
76040,471333,46861,226659,28740,424472,11100,5323,5777
76045,471364,46861,226674,28740,424502,11100,5323,5777
76050,471395,46861,226691,28740,424534,11100,5323,5777
76055,471426,46861,226710,28740,424565,11100,5323,5777
76060,471457,46861,226728,28740,424596,11100,5323,5777
76065,471488,46861,226742,28740,424627,11100,5323,5777
76070,471519,46861,226754,28740,424657,11100,5323,5777
76075,471550,46861,226769,28740,424689,11100,5323,5777
76080,471581,46861,226787,28740,424718,11100,5323,5777
76085,471612,46861,226797,28740,424751,11100,5323,5777
76090,471643,46861,226814,28740,424781,11100,5323,5777
76095,471674,46861,226828,28740,424812,11100,5323,5777
76100,471705,46861,226846,28740,424843,11100,5323,5777
76105,471736,46861,226861,28740,424874,11100,5323,5777
76110,471767,46862,226870,28740,424904,11100,5323,5777
76115,471798,46866,226891,28744,424932,11100,5323,5777
76120,471829,46869,226915,28747,424959,11100,5323,5777
76125,471860,46870,226928,28747,424990,11100,5323,5777
76130,471891,46871,226942,28747,425020,11100,5323,5777
76135,471922,46872,226953,28747,425049,11100,5323,5777
76140,471953,46873,226966,28747,425079,11100,5323,5777
76145,471984,46874,226978,28747,425110,11100,5323,5777
76150,472015,46877,226992,28749,425138,11100,5323,5777
76155,472046,46880,227007,28752,425166,11100,5323,5777
76160,472077,46883,227023,28754,425194,11100,5323,5777
76165,472108,46886,227039,28756,425222,11100,5323,5777
76170,472139,46888,227055,28758,425251,11100,5323,5777
76175,472170,46890,227069,28759,425280,11100,5323,5777
76180,472201,46892,227082,28759,425309,11100,5323,5777
76185,472232,46894,227094,28760,425338,11100,5323,5777
76190,472263,46896,227104,28760,425367,11100,5323,5777
76195,472294,46899,227113,28762,425395,11100,5323,5777
76200,472325,46903,227127,28764,425422,11100,5323,5777
76205,472356,46906,227143,28767,425449,11100,5323,5777
76210,472387,46911,227161,28770,425475,11100,5323,5777
76215,472418,46913,227176,28772,425505,11100,5323,5777
76220,472449,46916,227191,28774,425532,11100,5323,5777
76225,472480,46920,227207,28777,425560,11100,5323,5777
76230,472511,46921,227224,28778,425589,11100,5323,5777
76235,472542,46924,227241,28780,425618,11100,5323,5777
76240,472573,46927,227255,28782,425645,11100,5323,5777
76245,472604,46928,227269,28783,425676,11100,5323,5777
76250,472635,46928,227286,28783,425707,11100,5323,5777
76255,472666,46928,227300,28783,425736,11100,5323,5777
76260,472697,46928,227318,28783,425767,11100,5323,5777
76265,472728,46928,227338,28783,425797,11100,5323,5777
76270,472759,46928,227351,28783,425830,11100,5323,5777
76275,472790,46928,227362,28783,425860,11100,5323,5777
76280,472821,46928,227384,28783,425890,11100,5323,5777
76285,472852,46928,227399,28783,425922,11100,5323,5777
76290,472883,46928,227414,28783,425954,11100,5323,5777
76295,472914,46928,227437,28783,425985,11100,5323,5777
76300,472945,46928,227452,28783,426016,11100,5323,5777
76305,472976,46928,227467,28783,426047,11100,5323,5777
76310,473007,46928,227486,28783,426078,11100,5323,5777
76315,473038,46928,227499,28783,426109,11100,5323,5777
76320,473069,46928,227510,28783,426141,11100,5323,5777
76325,473100,46928,227521,28783,426172,11100,5323,5777
76330,473131,46928,227534,28783,426203,11100,5323,5777
76335,473162,46929,227547,28783,426233,11100,5323,5777
76340,473193,46931,227562,28784,426262,11100,5323,5777
76345,473224,46932,227577,28785,426292,11100,5323,5777
76350,473255,46934,227588,28785,426321,11100,5323,5777
76355,473286,46937,227603,28787,426349,11100,5323,5777
76360,473317,46939,227619,28787,426378,11100,5323,5777
76365,473348,46941,227633,28788,426407,11100,5323,5777
76370,473379,46943,227647,28790,426436,11100,5323,5777
76375,473410,46945,227661,28791,426465,11100,5323,5777
76380,473441,46947,227677,28792,426494,11100,5323,5777
76385,473472,46951,227695,28796,426521,11100,5323,5777
76390,473503,46956,227711,28800,426547,11100,5323,5777
76395,473534,46962,227731,28806,426571,11100,5323,5777
76400,473565,46967,227747,28810,426597,11100,5323,5777
76405,473596,46970,227765,28812,426625,11100,5323,5777
76410,473627,46972,227783,28814,426655,11100,5323,5777
76415,473658,46975,227796,28816,426682,11100,5323,5777
76420,473689,46978,227811,28819,426709,11100,5323,5777
76425,473720,46982,227827,28822,426737,11100,5323,5777
76430,473751,46983,227843,28823,426767,11100,5323,5777
76435,473782,46983,227862,28823,426799,11100,5323,5777
76440,473813,46983,227878,28823,426830,11100,5323,5777
76445,473844,46983,227895,28823,426861,11100,5323,5777
76450,473875,46983,227912,28823,426891,11100,5323,5777
76455,473906,46983,227931,28823,426921,11100,5323,5777
76460,473937,46983,227947,28823,426954,11100,5323,5777
76465,473968,46983,227962,28823,426984,11100,5323,5777
76470,473999,46983,227978,28823,427014,11100,5323,5777
76475,474030,46983,227992,28823,427046,11100,5323,5777
76480,474061,46983,228007,28823,427077,11100,5323,5777
76485,474092,46983,228020,28823,427108,11100,5323,5777
76490,474123,46983,228027,28823,427140,11100,5323,5777
76495,474154,46983,228037,28823,427170,11100,5323,5777
76500,474185,46983,228049,28823,427201,11100,5323,5777
76505,474216,46983,228064,28823,427232,11100,5323,5777
76510,474247,46983,228081,28823,427263,11100,5323,5777
76515,474278,46984,228099,28823,427294,11100,5323,5777
76520,474309,46985,228112,28823,427324,11100,5323,5777
76525,474340,46986,228124,28823,427354,11100,5323,5777
76530,474371,46988,228141,28824,427383,11100,5323,5777
76535,474402,46992,228153,28826,427410,11100,5323,5777
76540,474433,46996,228167,28829,427437,11100,5323,5777
76545,474464,46998,228177,28830,427466,11100,5323,5777
76550,474495,47000,228197,28832,427494,11100,5323,5777
76555,474526,47003,228214,28835,427522,11100,5323,5777
76560,474557,47006,228227,28838,427551,11100,5323,5777
76565,474588,47008,228238,28838,427580,11100,5323,5777
76570,474619,47012,228252,28842,427606,11100,5323,5777
76575,474650,47017,228264,28845,427632,11100,5323,5777
76580,474681,47021,228278,28848,427660,11100,5323,5777
76585,474712,47022,228294,28848,427690,11100,5323,5777
76590,474743,47024,228308,28850,427718,11100,5323,5777
76595,474774,47026,228322,28852,427747,11100,5323,5777
76600,474805,47027,228332,28852,427778,11100,5323,5777
76605,474836,47028,228345,28852,427808,11100,5323,5777
76610,474867,47029,228358,28853,427838,11100,5323,5777
76615,474898,47030,228371,28853,427868,11100,5323,5777
76620,474929,47031,228383,28854,427898,11100,5323,5777
76625,474960,47033,228395,28856,427927,11100,5323,5777
76630,474991,47035,228404,28857,427956,11100,5323,5777
76635,475022,47037,228419,28859,427985,11100,5323,5777
76640,475053,47038,228432,28859,428015,11100,5323,5777
76645,475084,47040,228447,28860,428044,11100,5323,5777
76650,475115,47041,228458,28860,428074,11100,5323,5777
76655,475146,47042,228470,28861,428104,11100,5323,5777
76660,475177,47044,228483,28862,428133,11100,5323,5777
76665,475208,47046,228501,28863,428162,11100,5323,5777
76670,475239,47048,228515,28865,428190,11100,5323,5777
76675,475270,47048,228530,28865,428222,11100,5323,5777
76680,475301,47048,228542,28865,428253,11100,5323,5777
76685,475332,47048,228555,28865,428283,11100,5323,5777
76690,475363,47050,228565,28866,428312,11100,5323,5777
76695,475394,47052,228583,28868,428341,11100,5323,5777
76700,475425,47054,228601,28870,428369,11100,5323,5777
76705,475456,47056,228613,28871,428399,11100,5323,5777
76710,475487,47058,228628,28873,428429,11100,5323,5777
76715,475518,47061,228645,28876,428457,11100,5323,5777
76720,475549,47064,228657,28878,428485,11100,5323,5777
76725,475580,47066,228667,28880,428513,11100,5323,5777
76730,475611,47068,228677,28881,428543,11100,5323,5777
76735,475642,47071,228692,28883,428569,11100,5323,5777
76740,475673,47073,228709,28885,428600,11100,5323,5777
76745,475704,47073,228725,28885,428630,11100,5323,5777
76750,475735,47073,228739,28885,428661,11100,5323,5777
76755,475766,47073,228755,28885,428693,11100,5323,5777
76760,475797,47073,228775,28885,428722,11100,5323,5777
76765,475828,47073,228790,28885,428753,11100,5323,5777
76770,475859,47073,228804,28885,428784,11100,5323,5777
76775,475890,47073,228816,28885,428817,11100,5323,5777
76780,475921,47076,228833,28887,428844,11100,5323,5777
76785,475952,47080,228851,28890,428871,11100,5323,5777
76790,475983,47082,228864,28891,428901,11100,5323,5777
76795,476014,47085,228878,28893,428929,11100,5323,5777
76800,476045,47087,228892,28895,428957,11100,5323,5777
76805,476076,47088,228909,28895,428988,11100,5323,5777
76810,476107,47089,228927,28895,429018,11100,5323,5777
76815,476138,47090,228942,28895,429048,11100,5323,5777
76820,476169,47091,228957,28896,429078,11100,5323,5777
76825,476200,47092,228972,28896,429108,11100,5323,5777
76830,476231,47093,228989,28897,429138,11100,5323,5777
76835,476262,47094,229004,28897,429168,11100,5323,5777
76840,476293,47095,229022,28897,429198,11100,5323,5777
76845,476324,47096,229042,28898,429228,11100,5323,5777
76850,476355,47099,229056,28900,429256,11100,5323,5777
76855,476386,47103,229075,28903,429283,11100,5323,5777
76860,476417,47106,229091,28905,429311,11100,5323,5777
76865,476448,47107,229106,28906,429341,11100,5323,5777
76870,476479,47108,229127,28907,429371,11100,5323,5777
76875,476510,47109,229143,28908,429401,11100,5323,5777
76880,476541,47110,229156,28909,429431,11100,5323,5777
76885,476572,47111,229171,28910,429461,11100,5323,5777
76890,476603,47113,229187,28912,429490,11100,5323,5777
76895,476634,47115,229203,28914,429519,11100,5323,5777
76900,476665,47118,229214,28916,429546,11100,5323,5777
76905,476696,47120,229231,28918,429575,11100,5323,5777
76910,476727,47121,229241,28919,429604,11100,5323,5777
76915,476758,47124,229254,28922,429633,11100,5323,5777
76920,476789,47129,229266,28926,429659,11100,5323,5777
76925,476820,47129,229282,28926,429691,11100,5323,5777
76930,476851,47129,229297,28926,429721,11100,5323,5777
76935,476882,47129,229308,28926,429753,11100,5323,5777
76940,476913,47129,229325,28926,429784,11100,5323,5777
76945,476944,47129,229338,28926,429814,11100,5323,5777
76950,476975,47129,229351,28926,429845,11100,5323,5777
76955,477006,47129,229366,28926,429875,11100,5323,5777
76960,477037,47129,229380,28926,429907,11100,5323,5777
76965,477068,47131,229391,28927,429937,11100,5323,5777
76970,477099,47135,229408,28931,429963,11100,5323,5777
76975,477130,47138,229424,28934,429992,11100,5323,5777
76980,477161,47142,229440,28937,430016,11100,5323,5777
76985,477192,47145,229453,28939,430046,11100,5323,5777
76990,477223,47147,229471,28941,430075,11100,5323,5777
76995,477254,47149,229487,28942,430105,11100,5323,5777
77000,477285,47149,229504,28942,430135,11100,5323,5777
77005,477316,47149,229519,28942,430167,11100,5323,5777
77010,477347,47149,229537,28942,430197,11100,5323,5777
77015,477378,47149,229554,28942,430228,11100,5323,5777
77020,477409,47149,229567,28942,430260,11100,5323,5777
77025,477440,47149,229583,28942,430290,11100,5323,5777
77030,477471,47151,229597,28944,430320,11100,5323,5777
77035,477502,47152,229609,28945,430350,11100,5323,5777
77040,477533,47153,229627,28946,430379,11100,5323,5777
77045,477564,47155,229641,28947,430409,11100,5323,5777
77050,477595,47157,229653,28949,430438,11100,5323,5777
77055,477626,47159,229664,28950,430467,11100,5323,5777
77060,477657,47161,229680,28952,430496,11100,5323,5777
77065,477688,47163,229693,28954,430525,11100,5323,5777
77070,477719,47167,229710,28958,430552,11100,5323,5777
77075,477750,47170,229727,28961,430580,11100,5323,5777
77080,477781,47172,229741,28962,430609,11100,5323,5777
77085,477812,47172,229750,28962,430640,11100,5323,5777
77090,477843,47172,229769,28962,430670,11100,5323,5777
77095,477874,47172,229783,28962,430702,11100,5323,5777
77100,477905,47173,229795,28963,430732,11100,5323,5777
77105,477936,47175,229809,28964,430760,11100,5323,5777
77110,477967,47176,229827,28964,430791,11100,5323,5777
77115,477998,47179,229844,28967,430818,11100,5323,5777
77120,478029,47182,229859,28969,430847,11100,5323,5777
77125,478060,47184,229872,28971,430876,11100,5323,5777
77130,478091,47186,229888,28972,430905,11100,5323,5777
77135,478122,47188,229900,28974,430934,11100,5323,5777
77140,478153,47190,229917,28976,430963,11100,5323,5777
77145,478184,47192,229934,28978,430992,11100,5323,5777
77150,478215,47195,229951,28980,431020,11100,5323,5777
77155,478246,47195,229964,28980,431049,11100,5323,5777
77160,478277,47195,229979,28980,431082,11100,5323,5777
77165,478308,47195,229988,28980,431112,11100,5323,5777
77170,478339,47195,230005,28980,431143,11100,5323,5777
77175,478370,47195,230019,28980,431175,11100,5323,5777
77180,478401,47195,230039,28980,431205,11100,5323,5777
77185,478432,47195,230051,28980,431237,11100,5323,5777
77190,478463,47196,230067,28981,431267,11100,5323,5777
77195,478494,47197,230080,28982,431297,11100,5323,5777
77200,478525,47198,230094,28983,431326,11100,5323,5777
77205,478556,47199,230106,28983,431356,11100,5323,5777
77210,478587,47200,230119,28983,431386,11100,5323,5777
77215,478618,47201,230131,28984,431417,11100,5323,5777
77220,478649,47204,230143,28986,431444,11100,5323,5777
77225,478680,47206,230155,28987,431473,11100,5323,5777
77230,478711,47207,230173,28987,431503,11100,5323,5777
77235,478742,47209,230189,28988,431533,11100,5323,5777
77240,478773,47212,230204,28990,431561,11100,5323,5777
77245,478804,47214,230218,28991,431590,11100,5323,5777
77250,478835,47217,230235,28993,431618,11100,5323,5777
77255,478866,47220,230249,28995,431645,11100,5323,5777
77260,478897,47227,230262,29002,431669,11100,5323,5777
77265,478928,47228,230272,29002,431699,11100,5323,5777
77270,478959,47231,230285,29004,431726,11100,5323,5777
77275,478990,47235,230301,29008,431754,11100,5323,5777
77280,479021,47236,230314,29008,431785,11100,5323,5777
77285,479052,47239,230323,29010,431813,11100,5323,5777
77290,479083,47240,230341,29011,431843,11100,5323,5777
77295,479114,47241,230353,29011,431873,11100,5323,5777
77300,479145,47242,230361,29012,431903,11100,5323,5777
77305,479176,47243,230372,29012,431932,11100,5323,5777
77310,479207,47244,230385,29012,431962,11100,5323,5777
77315,479238,47245,230405,29012,431993,11100,5323,5777
77320,479269,47246,230423,29012,432022,11100,5323,5777
77325,479300,47247,230441,29012,432053,11100,5323,5777
77330,479331,47248,230457,29013,432082,11100,5323,5777
77335,479362,47249,230474,29013,432113,11100,5323,5777
77340,479393,47250,230485,29013,432143,11100,5323,5777
77345,479424,47251,230501,29014,432173,11100,5323,5777
77350,479455,47252,230518,29015,432202,11100,5323,5777
77355,479486,47254,230535,29016,432231,11100,5323,5777
77360,479517,47255,230549,29016,432261,11100,5323,5777
77365,479548,47257,230566,29018,432291,11100,5323,5777
77370,479579,47259,230583,29019,432319,11100,5323,5777
77375,479610,47261,230599,29020,432348,11100,5323,5777
77380,479641,47263,230617,29022,432378,11100,5323,5777
77385,479672,47266,230635,29025,432405,11100,5323,5777
77390,479703,47267,230646,29026,432436,11100,5323,5777
77395,479734,47269,230662,29028,432464,11100,5323,5777
77400,479765,47270,230672,29028,432494,11100,5323,5777
77405,479796,47273,230691,29031,432523,11100,5323,5777
77410,479827,47276,230707,29033,432551,11100,5323,5777
77415,479858,47277,230720,29033,432581,11100,5323,5777
77420,479889,47280,230737,29036,432608,11100,5323,5777
77425,479920,47281,230755,29037,432639,11100,5323,5777
77430,479951,47282,230770,29038,432669,11100,5323,5777
77435,479982,47284,230785,29040,432697,11100,5323,5777
77440,480013,47284,230801,29040,432728,11100,5323,5777
77445,480044,47284,230817,29040,432759,11100,5323,5777
77450,480075,47284,230831,29040,432790,11100,5323,5777
77455,480106,47284,230850,29040,432821,11100,5323,5777
77460,480137,47284,230864,29040,432852,11100,5323,5777
77465,480168,47284,230876,29040,432884,11100,5323,5777
77470,480199,47284,230886,29040,432914,11100,5323,5777
77475,480230,47288,230901,29043,432941,11100,5323,5777
77480,480261,47294,230919,29049,432967,11100,5323,5777
77485,480292,47298,230939,29053,432993,11100,5323,5777
77490,480323,47302,230952,29056,433021,11100,5323,5777
77495,480354,47304,230965,29058,433050,11100,5323,5777
77500,480385,47304,230980,29058,433081,11100,5323,5777
77505,480416,47304,230997,29058,433112,11100,5323,5777
77510,480447,47304,231016,29058,433141,11100,5323,5777
77515,480478,47304,231034,29058,433173,11100,5323,5777
77520,480509,47304,231047,29058,433203,11100,5323,5777
77525,480540,47304,231067,29058,433236,11100,5323,5777
77530,480571,47304,231082,29058,433267,11100,5323,5777
77535,480602,47304,231093,29058,433298,11100,5323,5777
77540,480633,47304,231111,29058,433329,11100,5323,5777
77545,480664,47306,231127,29060,433358,11100,5323,5777
77550,480695,47307,231140,29061,433388,11100,5323,5777
77555,480726,47308,231156,29062,433418,11100,5323,5777
77560,480757,47309,231173,29062,433448,11100,5323,5777
77565,480788,47311,231186,29064,433477,11100,5323,5777
77570,480819,47312,231198,29064,433507,11100,5323,5777
77575,480850,47313,231214,29064,433537,11100,5323,5777
77580,480881,47314,231234,29065,433567,11100,5323,5777
77585,480912,47315,231248,29065,433597,11100,5323,5777
77590,480943,47317,231265,29066,433626,11100,5323,5777
77595,480974,47319,231284,29067,433655,11100,5323,5777
77600,481005,47320,231297,29067,433685,11100,5323,5777
77605,481036,47322,231311,29069,433714,11100,5323,5777
77610,481067,47325,231324,29070,433742,11100,5323,5777
77615,481098,47328,231338,29072,433770,11100,5323,5777
77620,481129,47331,231355,29073,433798,11100,5323,5777
77625,481160,47335,231367,29076,433825,11100,5323,5777
77630,481191,47339,231380,29079,433851,11100,5323,5777
77635,481222,47345,231397,29083,433876,11100,5323,5777
77640,481253,47348,231408,29085,433905,11100,5323,5777
77645,481284,47355,231426,29090,433928,11100,5323,5777
77650,481315,47357,231439,29092,433956,11100,5323,5777
77655,481346,47357,231453,29092,433988,11100,5323,5777
77660,481377,47357,231467,29092,434019,11100,5323,5777
77665,481408,47357,231483,29092,434051,11100,5323,5777
77670,481439,47357,231499,29092,434080,11100,5323,5777
77675,481470,47357,231510,29092,434113,11100,5323,5777
77680,481501,47357,231523,29092,434143,11100,5323,5777
77685,481532,47357,231541,29092,434172,11100,5323,5777
77690,481563,47357,231562,29092,434203,11100,5323,5777
77695,481594,47357,231575,29092,434235,11100,5323,5777
77700,481625,47357,231589,29092,434267,11100,5323,5777
77705,481656,47357,231601,29092,434299,11100,5323,5777
77710,481687,47357,231616,29092,434329,11100,5323,5777
77715,481718,47357,231629,29092,434360,11100,5323,5777
77720,481749,47357,231642,29092,434390,11100,5323,5777
77725,481780,47357,231659,29092,434423,11100,5323,5777
77730,481811,47357,231674,29092,434454,11100,5323,5777
77735,481842,47357,231687,29092,434485,11100,5323,5777
77740,481873,47357,231701,29092,434516,11100,5323,5777
77745,481904,47357,231716,29092,434547,11100,5323,5777
77750,481935,47358,231734,29093,434577,11100,5323,5777
77755,481966,47359,231745,29094,434607,11100,5323,5777
77760,481997,47362,231761,29096,434635,11100,5323,5777
77765,482028,47364,231772,29097,434664,11100,5323,5777
77770,482059,47366,231787,29097,434693,11100,5323,5777
77775,482090,47368,231801,29098,434722,11100,5323,5777
77780,482121,47370,231816,29098,434751,11100,5323,5777
77785,482152,47372,231832,29099,434780,11100,5323,5777
77790,482183,47374,231846,29099,434809,11100,5323,5777
77795,482214,47376,231861,29099,434838,11100,5323,5777
77800,482245,47380,231877,29101,434865,11100,5323,5777
77805,482276,47383,231890,29104,434893,11100,5323,5777
77810,482307,47386,231904,29106,434921,11100,5323,5777
77815,482338,47391,231920,29110,434947,11100,5323,5777
77820,482369,47395,231932,29113,434974,11100,5323,5777
77825,482400,47398,231950,29115,435001,11100,5323,5777
77830,482431,47402,231964,29118,435028,11100,5323,5777
77835,482462,47406,231984,29121,435055,11100,5323,5777
77840,482493,47407,231993,29121,435084,11100,5323,5777
77845,482524,47409,232006,29122,435114,11100,5323,5777
77850,482555,47411,232023,29123,435143,11100,5323,5777
77855,482586,47412,232039,29123,435173,11100,5323,5777
77860,482617,47413,232051,29123,435203,11100,5323,5777
77865,482648,47414,232065,29124,435233,11100,5323,5777
77870,482679,47418,232083,29128,435260,11100,5323,5777
77875,482710,47419,232098,29128,435291,11100,5323,5777
77880,482741,47421,232113,29129,435318,11100,5323,5777
77885,482772,47421,232129,29129,435349,11100,5323,5777
77890,482803,47421,232141,29129,435381,11100,5323,5777
77895,482834,47421,232156,29129,435412,11100,5323,5777
77900,482865,47421,232169,29129,435444,11100,5323,5777
77905,482896,47421,232184,29129,435474,11100,5323,5777
77910,482927,47421,232196,29129,435505,11100,5323,5777
77915,482958,47421,232211,29129,435537,11100,5323,5777
77920,482989,47421,232228,29129,435568,11100,5323,5777
77925,483020,47421,232247,29129,435599,11100,5323,5777
77930,483051,47421,232263,29129,435630,11100,5323,5777
77935,483082,47421,232278,29129,435660,11100,5323,5777
77940,483113,47422,232297,29130,435689,11100,5323,5777
77945,483144,47424,232315,29132,435719,11100,5323,5777
77950,483175,47426,232329,29133,435747,11100,5323,5777
77955,483206,47428,232342,29134,435777,11100,5323,5777
77960,483237,47430,232357,29136,435806,11100,5323,5777
77965,483268,47433,232373,29138,435834,11100,5323,5777
77970,483299,47434,232389,29138,435865,11100,5323,5777
77975,483330,47436,232404,29140,435894,11100,5323,5777
77980,483361,47438,232422,29141,435923,11100,5323,5777
77985,483392,47439,232435,29141,435952,11100,5323,5777
77990,483423,47447,232450,29147,435975,11100,5323,5777
77995,483454,47452,232468,29152,436001,11100,5323,5777
78000,483485,47455,232485,29154,436030,11100,5323,5777
78005,483516,47456,232499,29155,436059,11100,5323,5777
78010,483547,47457,232516,29156,436090,11100,5323,5777
78015,483578,47458,232532,29157,436120,11100,5323,5777
78020,483609,47459,232550,29158,436149,11100,5323,5777
78025,483640,47460,232565,29159,436180,11100,5323,5777
78030,483671,47461,232575,29160,436210,11100,5323,5777
78035,483702,47463,232590,29161,436239,11100,5323,5777
78040,483733,47464,232606,29161,436268,11100,5323,5777
78045,483764,47465,232620,29162,436299,11100,5323,5777
78050,483795,47467,232636,29163,436328,11100,5323,5777
78055,483826,47468,232652,29164,436358,11100,5323,5777
78060,483857,47470,232668,29165,436387,11100,5323,5777
78065,483888,47471,232679,29165,436417,11100,5323,5777
78070,483919,47472,232694,29166,436446,11100,5323,5777
78075,483950,47472,232711,29166,436477,11100,5323,5777
78080,483981,47472,232727,29166,436508,11100,5323,5777
78085,484012,47472,232746,29166,436539,11100,5323,5777
78090,484043,47472,232763,29166,436570,11100,5323,5777
78095,484074,47472,232777,29166,436602,11100,5323,5777
78100,484105,47474,232795,29168,436630,11100,5323,5777
78105,484136,47475,232810,29168,436659,11100,5323,5777
78110,484167,47477,232827,29169,436689,11100,5323,5777
78115,484198,47478,232843,29169,436718,11100,5323,5777
78120,484229,47480,232858,29170,436748,11100,5323,5777
78125,484260,47482,232874,29171,436777,11100,5323,5777
78130,484291,47484,232887,29172,436806,11100,5323,5777
78135,484322,47485,232904,29172,436836,11100,5323,5777
78140,484353,47487,232915,29174,436865,11100,5323,5777
78145,484384,47488,232927,29174,436896,11100,5323,5777
78150,484415,47489,232941,29174,436925,11100,5323,5777
78155,484446,47491,232958,29175,436954,11100,5323,5777
78160,484477,47492,232970,29175,436984,11100,5323,5777
78165,484508,47494,232982,29177,437014,11100,5323,5777
78170,484539,47497,232994,29179,437041,11100,5323,5777
78175,484570,47502,233008,29183,437068,11100,5323,5777
78180,484601,47508,233026,29189,437092,11100,5323,5777
78185,484632,47510,233041,29190,437121,11100,5323,5777
78190,484663,47512,233048,29191,437151,11100,5323,5777
78195,484694,47514,233060,29193,437180,11100,5323,5777
78200,484725,47517,233074,29195,437208,11100,5323,5777
78205,484756,47520,233095,29197,437234,11100,5323,5777
78210,484787,47521,233109,29197,437265,11100,5323,5777
78215,484818,47524,233125,29200,437294,11100,5323,5777
78220,484849,47524,233140,29200,437325,11100,5323,5777
78225,484880,47524,233158,29200,437356,11100,5323,5777
78230,484911,47524,233174,29200,437387,11100,5323,5777
78235,484942,47524,233191,29200,437417,11100,5323,5777
78240,484973,47524,233203,29200,437448,11100,5323,5777
78245,485004,47524,233217,29200,437480,11100,5323,5777
78250,485035,47524,233233,29200,437510,11100,5323,5777
78255,485066,47524,233243,29200,437541,11100,5323,5777
78260,485097,47524,233257,29200,437572,11100,5323,5777
78265,485128,47524,233277,29200,437604,11100,5323,5777
78270,485159,47524,233292,29200,437635,11100,5323,5777
78275,485190,47524,233306,29200,437665,11100,5323,5777
78280,485221,47524,233321,29200,437696,11100,5323,5777
78285,485252,47524,233331,29200,437728,11100,5323,5777
78290,485283,47524,233346,29200,437758,11100,5323,5777
78295,485314,47525,233365,29200,437788,11100,5323,5777
78300,485345,47526,233380,29200,437819,11100,5323,5777
78305,485376,47528,233391,29201,437848,11100,5323,5777
78310,485407,47530,233408,29203,437877,11100,5323,5777
78315,485438,47532,233423,29205,437906,11100,5323,5777
78320,485469,47535,233438,29207,437933,11100,5323,5777
78325,485500,47539,233450,29209,437960,11100,5323,5777
78330,485531,47543,233469,29213,437987,11100,5323,5777
78335,485562,47547,233482,29216,438015,11100,5323,5777
78340,485593,47550,233501,29219,438042,11100,5323,5777
78345,485624,47554,233517,29223,438069,11100,5323,5777
78350,485655,47555,233535,29223,438099,11100,5323,5777
78355,485686,47557,233553,29225,438128,11100,5323,5777
78360,485717,47559,233569,29227,438157,11100,5323,5777
78365,485748,47561,233589,29228,438186,11100,5323,5777
78370,485779,47563,233606,29229,438215,11100,5323,5777
78375,485810,47565,233623,29230,438245,11100,5323,5777
78380,485841,47567,233639,29231,438273,11100,5323,5777
78385,485872,47568,233652,29231,438303,11100,5323,5777
78390,485903,47570,233669,29232,438333,11100,5323,5777
78395,485934,47572,233684,29234,438361,11100,5323,5777
78400,485965,47574,233699,29236,438391,11100,5323,5777
78405,485996,47574,233714,29236,438421,11100,5323,5777
78410,486027,47574,233730,29236,438453,11100,5323,5777
78415,486058,47574,233745,29236,438484,11100,5323,5777
78420,486089,47574,233759,29236,438515,11100,5323,5777
78425,486120,47574,233775,29236,438546,11100,5323,5777
78430,486151,47574,233788,29236,438577,11100,5323,5777
78435,486182,47574,233803,29236,438608,11100,5323,5777
78440,486213,47574,233822,29236,438639,11100,5323,5777
78445,486244,47574,233841,29236,438670,11100,5323,5777
78450,486275,47574,233857,29236,438701,11100,5323,5777
78455,486306,47575,233875,29237,438731,11100,5323,5777
78460,486337,47576,233892,29237,438761,11100,5323,5777
78465,486368,47577,233908,29237,438791,11100,5323,5777
78470,486399,47578,233923,29237,438821,11100,5323,5777
78475,486430,47579,233934,29237,438851,11100,5323,5777
78480,486461,47580,233949,29238,438880,11100,5323,5777
78485,486492,47581,233969,29239,438910,11100,5323,5777
78490,486523,47582,233981,29239,438940,11100,5323,5777
78495,486554,47583,233994,29239,438970,11100,5323,5777
78500,486585,47584,234012,29240,439000,11100,5323,5777
78505,486616,47586,234030,29241,439029,11100,5323,5777
78510,486647,47588,234045,29242,439058,11100,5323,5777
78515,486678,47593,234060,29247,439084,11100,5323,5777
78520,486709,47596,234073,29249,439112,11100,5323,5777
78525,486740,47602,234092,29254,439137,11100,5323,5777
78530,486771,47608,234107,29259,439163,11100,5323,5777
78535,486802,47611,234122,29261,439190,11100,5323,5777
78540,486833,47612,234142,29261,439221,11100,5323,5777
78545,486864,47614,234155,29263,439250,11100,5323,5777
78550,486895,47615,234170,29264,439280,11100,5323,5777
78555,486926,47617,234183,29265,439309,11100,5323,5777
78560,486957,47619,234197,29266,439338,11100,5323,5777
78565,486988,47621,234215,29268,439367,11100,5323,5777
78570,487019,47622,234226,29268,439397,11100,5323,5777
78575,487050,47624,234240,29270,439426,11100,5323,5777
78580,487081,47626,234254,29272,439455,11100,5323,5777
78585,487112,47627,234269,29273,439484,11100,5323,5777
78590,487143,47628,234280,29273,439514,11100,5323,5777
78595,487174,47630,234292,29274,439543,11100,5323,5777
78600,487205,47633,234305,29276,439571,11100,5323,5777
78605,487236,47634,234324,29277,439601,11100,5323,5777
78610,487267,47634,234337,29277,439633,11100,5323,5777
78615,487298,47634,234353,29277,439664,11100,5323,5777
78620,487329,47634,234364,29277,439694,11100,5323,5777
78625,487360,47634,234381,29277,439726,11100,5323,5777
78630,487391,47634,234400,29277,439757,11100,5323,5777
78635,487422,47634,234414,29277,439787,11100,5323,5777
78640,487453,47635,234429,29278,439818,11100,5323,5777
78645,487484,47636,234440,29279,439848,11100,5323,5777
78650,487515,47637,234453,29280,439877,11100,5323,5777
78655,487546,47638,234473,29280,439906,11100,5323,5777
78660,487577,47640,234491,29282,439936,11100,5323,5777
78665,487608,47641,234510,29282,439966,11100,5323,5777
78670,487639,47643,234531,29283,439994,11100,5323,5777
78675,487670,47645,234550,29285,440025,11100,5323,5777
78680,487701,47646,234561,29286,440055,11100,5323,5777
78685,487732,47647,234575,29287,440084,11100,5323,5777
78690,487763,47649,234593,29288,440114,11100,5323,5777
78695,487794,47651,234604,29290,440142,11100,5323,5777
78700,487825,47653,234622,29292,440171,11100,5323,5777
78705,487856,47655,234634,29293,440200,11100,5323,5777
78710,487887,47658,234648,29295,440229,11100,5323,5777
78715,487918,47661,234658,29296,440256,11100,5323,5777
78720,487949,47664,234679,29298,440284,11100,5323,5777
78725,487980,47665,234690,29298,440315,11100,5323,5777
78730,488011,47666,234704,29298,440345,11100,5323,5777
78735,488042,47667,234719,29298,440375,11100,5323,5777
78740,488073,47668,234735,29298,440405,11100,5323,5777
78745,488104,47669,234755,29299,440435,11100,5323,5777
78750,488135,47670,234772,29300,440465,11100,5323,5777
78755,488166,47671,234782,29300,440495,11100,5323,5777
78760,488197,47672,234802,29301,440525,11100,5323,5777
78765,488228,47673,234818,29301,440555,11100,5323,5777
78770,488259,47675,234833,29303,440584,11100,5323,5777
78775,488290,47676,234849,29303,440614,11100,5323,5777
78780,488321,47677,234864,29303,440644,11100,5323,5777
78785,488352,47678,234881,29304,440674,11100,5323,5777
78790,488383,47680,234895,29306,440703,11100,5323,5777
78795,488414,47682,234905,29307,440732,11100,5323,5777
78800,488445,47685,234924,29310,440758,11100,5323,5777
78805,488476,47688,234941,29312,440788,11100,5323,5777
78810,488507,47691,234956,29314,440815,11100,5323,5777
78815,488538,47693,234969,29315,440845,11100,5323,5777
78820,488569,47695,234984,29317,440873,11100,5323,5777
78825,488600,47695,235002,29317,440903,11100,5323,5777
78830,488631,47697,235013,29318,440934,11100,5323,5777
78835,488662,47698,235027,29319,440964,11100,5323,5777
78840,488693,47700,235041,29320,440992,11100,5323,5777
78845,488724,47702,235056,29322,441020,11100,5323,5777
78850,488755,47704,235067,29323,441051,11100,5323,5777
78855,488786,47705,235082,29323,441080,11100,5323,5777
78860,488817,47707,235096,29324,441110,11100,5323,5777
78865,488848,47709,235113,29325,441138,11100,5323,5777
78870,488879,47710,235127,29326,441168,11100,5323,5777
78875,488910,47712,235144,29328,441196,11100,5323,5777
78880,488941,47713,235155,29328,441227,11100,5323,5777
78885,488972,47715,235167,29330,441256,11100,5323,5777
78890,489003,47717,235185,29332,441284,11100,5323,5777
78895,489034,47719,235202,29333,441313,11100,5323,5777
78900,489065,47721,235221,29335,441343,11100,5323,5777
78905,489096,47721,235238,29335,441374,11100,5323,5777
78910,489127,47721,235253,29335,441405,11100,5323,5777
78915,489158,47721,235265,29335,441437,11100,5323,5777
78920,489189,47721,235282,29335,441467,11100,5323,5777
78925,489220,47721,235294,29335,441499,11100,5323,5777
78930,489251,47722,235306,29335,441529,11100,5323,5777
78935,489282,47723,235321,29336,441559,11100,5323,5777
78940,489313,47724,235331,29337,441589,11100,5323,5777
78945,489344,47725,235345,29338,441618,11100,5323,5777
78950,489375,47726,235361,29339,441648,11100,5323,5777
78955,489406,47727,235373,29339,441679,11100,5323,5777
78960,489437,47728,235388,29339,441709,11100,5323,5777
78965,489468,47729,235406,29340,441738,11100,5323,5777
78970,489499,47730,235422,29340,441768,11100,5323,5777
78975,489530,47731,235436,29340,441799,11100,5323,5777
78980,489561,47732,235454,29341,441829,11100,5323,5777
78985,489592,47733,235465,29342,441859,11100,5323,5777
78990,489623,47734,235479,29342,441889,11100,5323,5777
78995,489654,47735,235493,29342,441919,11100,5323,5777
79000,489685,47737,235508,29344,441948,11100,5323,5777
79005,489716,47741,235518,29347,441975,11100,5323,5777
79010,489747,47743,235531,29348,442004,11100,5323,5777
79015,489778,47746,235548,29350,442032,11100,5323,5777
79020,489809,47750,235564,29353,442059,11100,5323,5777
79025,489840,47753,235575,29356,442087,11100,5323,5777
79030,489871,47757,235594,29359,442114,11100,5323,5777
79035,489902,47761,235607,29363,442141,11100,5323,5777
79040,489933,47765,235622,29365,442168,11100,5323,5777
79045,489964,47769,235638,29368,442195,11100,5323,5777
79050,489995,47770,235651,29368,442225,11100,5323,5777
79055,490026,47772,235662,29369,442254,11100,5323,5777
79060,490057,47773,235679,29370,442284,11100,5323,5777
79065,490088,47775,235695,29372,442313,11100,5323,5777
79070,490119,47777,235711,29373,442341,11100,5323,5777
79075,490150,47779,235723,29375,442370,11100,5323,5777
79080,490181,47781,235741,29377,442400,11100,5323,5777
79085,490212,47781,235754,29377,442431,11100,5323,5777
79090,490243,47781,235767,29377,442461,11100,5323,5777
79095,490274,47781,235779,29377,442492,11100,5323,5777
79100,490305,47781,235798,29377,442523,11100,5323,5777
79105,490336,47781,235810,29377,442554,11100,5323,5777
79110,490367,47781,235823,29377,442586,11100,5323,5777
79115,490398,47781,235840,29377,442616,11100,5323,5777
79120,490429,47781,235850,29377,442648,11100,5323,5777
79125,490460,47781,235866,29377,442678,11100,5323,5777
79130,490491,47781,235889,29377,442709,11100,5323,5777
79135,490522,47781,235901,29377,442740,11100,5323,5777
79140,490553,47781,235916,29377,442770,11100,5323,5777
79145,490584,47781,235928,29377,442802,11100,5323,5777
79150,490615,47781,235950,29377,442833,11100,5323,5777
79155,490646,47782,235964,29378,442863,11100,5323,5777
79160,490677,47783,235977,29379,442894,11100,5323,5777
79165,490708,47784,235994,29380,442923,11100,5323,5777
79170,490739,47785,236010,29381,442953,11100,5323,5777
79175,490770,47786,236023,29382,442984,11100,5323,5777
79180,490801,47787,236036,29382,443014,11100,5323,5777
79185,490832,47788,236053,29382,443044,11100,5323,5777
79190,490863,47791,236074,29384,443072,11100,5323,5777
79195,490894,47794,236090,29387,443100,11100,5323,5777
79200,490925,47797,236106,29389,443128,11100,5323,5777
79205,490956,47799,236123,29391,443156,11100,5323,5777
79210,490987,47804,236137,29394,443183,11100,5323,5777
79215,491018,47807,236149,29395,443210,11100,5323,5777
79220,491049,47813,236164,29400,443236,11100,5323,5777
79225,491080,47817,236181,29403,443263,11100,5323,5777
79230,491111,47822,236195,29407,443288,11100,5323,5777
79235,491142,47825,236208,29408,443317,11100,5323,5777
79240,491173,47828,236229,29411,443345,11100,5323,5777
79245,491204,47829,236240,29412,443375,11100,5323,5777
79250,491235,47830,236258,29412,443405,11100,5323,5777
79255,491266,47832,236278,29414,443434,11100,5323,5777
79260,491297,47834,236292,29416,443463,11100,5323,5777
79265,491328,47836,236306,29417,443492,11100,5323,5777
79270,491359,47836,236318,29417,443523,11100,5323,5777
79275,491390,47836,236338,29417,443553,11100,5323,5777
79280,491421,47836,236356,29417,443585,11100,5323,5777
79285,491452,47836,236375,29417,443615,11100,5323,5777
79290,491483,47836,236391,29417,443646,11100,5323,5777
79295,491514,47836,236405,29417,443678,11100,5323,5777
79300,491545,47836,236422,29417,443709,11100,5323,5777
79305,491576,47836,236437,29417,443739,11100,5323,5777
79310,491607,47836,236451,29417,443770,11100,5323,5777
79315,491638,47836,236466,29417,443801,11100,5323,5777
79320,491669,47836,236479,29417,443833,11100,5323,5777
79325,491700,47836,236494,29417,443864,11100,5323,5777
79330,491731,47836,236510,29417,443895,11100,5323,5777
79335,491762,47836,236529,29417,443925,11100,5323,5777
79340,491793,47838,236548,29418,443954,11100,5323,5777
79345,491824,47840,236555,29419,443984,11100,5323,5777
79350,491855,47842,236571,29421,444013,11100,5323,5777
79355,491886,47843,236583,29422,444042,11100,5323,5777
79360,491917,47847,236604,29426,444070,11100,5323,5777
79365,491948,47849,236620,29427,444099,11100,5323,5777
79370,491979,47850,236635,29428,444129,11100,5323,5777
79375,492010,47853,236653,29429,444156,11100,5323,5777
79380,492041,47856,236677,29432,444185,11100,5323,5777
79385,492072,47859,236694,29435,444213,11100,5323,5777
79390,492103,47861,236711,29437,444242,11100,5323,5777
79395,492134,47863,236725,29437,444271,11100,5323,5777
79400,492165,47866,236742,29439,444299,11100,5323,5777
79405,492196,47868,236755,29440,444327,11100,5323,5777
79410,492227,47870,236769,29441,444356,11100,5323,5777
79415,492258,47872,236786,29442,444386,11100,5323,5777
79420,492289,47875,236802,29443,444413,11100,5323,5777
79425,492320,47877,236817,29444,444442,11100,5323,5777
79430,492351,47880,236830,29445,444470,11100,5323,5777
79435,492382,47882,236845,29446,444500,11100,5323,5777
79440,492413,47885,236863,29448,444528,11100,5323,5777
79445,492444,47888,236880,29449,444556,11100,5323,5777
79450,492475,47890,236891,29449,444585,11100,5323,5777
79455,492506,47894,236904,29451,444612,11100,5323,5777
79460,492537,47895,236918,29451,444642,11100,5323,5777
79465,492568,47897,236933,29453,444671,11100,5323,5777
79470,492599,47899,236945,29454,444700,11100,5323,5777
79475,492630,47901,236959,29455,444729,11100,5323,5777
79480,492661,47903,236974,29456,444758,11100,5323,5777
79485,492692,47905,236990,29457,444787,11100,5323,5777
79490,492723,47907,237002,29459,444816,11100,5323,5777
79495,492754,47907,237020,29459,444847,11100,5323,5777
79500,492785,47907,237033,29459,444878,11100,5323,5777
79505,492816,47907,237048,29459,444909,11100,5323,5777
79510,492847,47907,237064,29459,444940,11100,5323,5777
79515,492878,47907,237077,29459,444971,11100,5323,5777
79520,492909,47907,237087,29459,445002,11100,5323,5777
79525,492940,47907,237101,29459,445033,11100,5323,5777
79530,492971,47907,237119,29459,445064,11100,5323,5777
79535,493002,47907,237136,29459,445095,11100,5323,5777
79540,493033,47907,237156,29459,445126,11100,5323,5777
79545,493064,47907,237162,29459,445157,11100,5323,5777
79550,493095,47907,237179,29459,445187,11100,5323,5777
79555,493126,47907,237192,29459,445218,11100,5323,5777
79560,493157,47907,237208,29459,445250,11100,5323,5777
79565,493188,47908,237218,29459,445280,11100,5323,5777
79570,493219,47910,237234,29460,445309,11100,5323,5777
79575,493250,47912,237251,29461,445338,11100,5323,5777
79580,493281,47913,237267,29461,445368,11100,5323,5777
79585,493312,47915,237285,29463,445397,11100,5323,5777
79590,493343,47917,237301,29465,445426,11100,5323,5777
79595,493374,47918,237314,29466,445456,11100,5323,5777
79600,493405,47922,237328,29468,445483,11100,5323,5777
79605,493436,47927,237344,29473,445509,11100,5323,5777
79610,493467,47930,237360,29475,445537,11100,5323,5777
79615,493498,47933,237373,29476,445565,11100,5323,5777
