Time,  Packets Generated,  Packets Reached,High Priority Packets Generated, High Priority Packets reached, Packet Dropped, Packet Dropped due to Faulty Node, High Prio Packet Dropped due to Faulty Node, Low Prio Packet Dropped due to Faulty Node 
5,1,1,1,1,0,0,0,0
10,7,4,6,3,3,3,3,0
15,15,7,9,3,7,7,6,1
20,31,14,16,8,15,15,8,7
25,50,23,26,12,25,25,13,12
30,74,36,36,18,36,36,17,19
35,102,49,46,22,50,50,24,26
40,133,64,64,29,66,66,33,33
45,164,79,81,34,82,82,44,38
50,195,94,96,45,98,98,51,47
55,226,109,110,53,114,114,57,57
60,257,122,125,58,132,130,65,65
65,288,133,140,67,151,142,72,70
70,319,146,157,77,168,154,77,77
75,350,160,173,87,185,166,83,83
80,381,173,188,95,204,178,90,88
85,412,187,202,105,222,190,96,94
90,443,197,213,112,243,202,100,102
95,474,206,226,118,265,214,102,112
100,505,210,237,120,292,226,105,121
105,536,215,250,125,319,238,109,129
110,567,218,259,127,346,250,112,138
115,598,223,278,130,371,262,121,141
120,629,228,292,133,398,274,126,148
125,660,234,310,138,421,283,131,152
130,691,239,329,142,448,292,137,155
135,722,243,347,146,474,301,143,158
140,753,248,363,150,501,310,148,162
145,784,252,377,153,530,319,153,166
150,815,256,385,154,557,328,157,171
155,846,260,398,157,584,337,159,178
160,877,265,412,160,610,346,164,182
165,908,270,427,164,637,355,168,187
170,939,274,442,167,663,364,174,190
175,970,279,460,169,690,373,181,192
180,1001,283,473,172,717,382,183,199
185,1032,285,488,174,745,390,186,204
190,1063,287,505,175,774,398,188,210
195,1094,289,518,175,803,406,190,216
200,1125,291,536,176,833,414,196,218
205,1156,293,552,176,860,422,199,223
210,1187,299,569,180,887,430,206,224
215,1218,302,583,181,914,438,210,228
220,1249,306,596,182,940,446,213,233
225,1280,311,612,186,966,454,219,235
230,1311,317,624,190,993,462,222,240
235,1342,320,635,191,1021,470,227,243
240,1373,326,653,195,1046,478,233,245
245,1404,330,668,196,1072,486,236,250
250,1435,333,684,198,1101,494,243,251
255,1466,335,699,200,1130,502,247,255
260,1497,337,713,201,1159,510,252,258
265,1528,339,730,203,1188,518,257,261
270,1559,341,744,203,1216,526,263,263
275,1590,343,756,204,1246,534,266,268
280,1621,345,772,205,1275,542,270,272
285,1652,347,786,206,1303,550,274,276
290,1683,349,806,207,1333,558,278,280
295,1714,353,819,209,1360,566,283,283
300,1745,355,833,211,1386,574,287,287
305,1776,360,845,214,1415,582,291,291
310,1807,364,859,217,1440,590,294,296
315,1838,366,875,218,1471,598,298,300
320,1869,368,891,218,1498,606,303,303
325,1900,370,905,219,1530,614,305,309
330,1931,373,927,222,1558,622,311,311
335,1962,375,942,224,1586,630,317,313
340,1993,378,954,226,1615,638,321,317
345,2024,380,967,227,1643,646,323,323
350,2055,384,986,231,1670,654,327,327
355,2086,388,1001,234,1695,662,331,331
360,2117,395,1017,241,1721,670,335,335
365,2148,401,1033,246,1744,678,338,340
370,2179,407,1049,249,1770,686,345,341
375,2210,413,1065,253,1796,694,352,342
380,2241,419,1080,257,1820,702,354,348
385,2272,426,1097,262,1844,710,359,351
390,2303,430,1111,265,1872,718,361,357
395,2334,431,1123,266,1903,726,362,364
400,2365,433,1139,268,1931,734,365,369
405,2396,435,1157,270,1960,742,371,371
410,2427,437,1175,272,1990,750,377,373
415,2458,439,1186,273,2019,758,379,379
420,2489,440,1197,274,2049,766,383,383
425,2520,442,1215,276,2077,774,388,386
430,2551,444,1226,277,2106,782,393,389
435,2582,446,1245,279,2134,790,400,390
440,2613,447,1258,280,2165,798,402,396
445,2644,448,1276,281,2193,806,405,401
450,2675,449,1289,281,2224,814,408,406
455,2706,450,1302,281,2254,822,411,411
460,2737,451,1316,282,2285,830,415,415
465,2768,453,1329,284,2314,838,419,419
470,2799,454,1350,285,2345,846,426,420
475,2830,455,1363,286,2375,854,431,423
480,2861,456,1380,286,2405,862,434,428
485,2892,458,1395,287,2434,870,438,432
490,2923,460,1409,288,2463,878,442,436
495,2954,463,1421,290,2491,886,445,441
500,2985,465,1438,291,2518,894,450,444
505,3016,469,1454,295,2547,902,453,449
510,3047,471,1464,296,2574,910,454,456
515,3078,475,1477,299,2602,918,458,460
520,3109,478,1491,300,2630,926,462,464
525,3140,482,1507,304,2658,934,466,468
530,3171,485,1517,306,2686,942,469,473
535,3202,487,1530,307,2714,950,473,477
540,3233,489,1547,308,2744,958,478,480
545,3264,493,1565,311,2770,966,482,484
550,3295,498,1581,315,2797,974,486,488
555,3326,501,1602,316,2823,982,493,489
560,3357,507,1618,320,2849,990,497,493
565,3388,513,1642,325,2875,998,504,494
570,3419,515,1660,326,2903,1006,509,497
575,3450,516,1673,327,2934,1014,511,503
580,3481,518,1686,329,2961,1022,513,509
585,3512,519,1696,329,2991,1030,515,515
590,3543,521,1711,331,3021,1038,518,520
595,3574,521,1720,331,3052,1046,520,526
600,3605,521,1733,331,3083,1054,522,532
605,3636,522,1748,331,3113,1062,525,537
610,3667,523,1763,331,3143,1070,530,540
615,3698,524,1779,331,3173,1078,534,544
620,3729,525,1794,332,3204,1086,538,548
625,3760,526,1806,333,3234,1094,543,551
630,3791,527,1820,333,3263,1102,545,557
635,3822,528,1836,333,3294,1110,550,560
640,3853,530,1856,335,3323,1118,557,561
645,3884,532,1878,337,3350,1126,562,564
650,3915,533,1890,337,3381,1134,565,569
655,3946,535,1901,338,3410,1142,566,576
660,3977,537,1919,339,3438,1150,570,580
665,4008,539,1936,341,3469,1158,575,583
670,4039,540,1954,341,3497,1166,580,586
675,4070,543,1967,343,3526,1174,582,592
680,4101,546,1980,346,3555,1182,586,596
685,4132,548,1997,347,3583,1190,590,600
690,4163,552,2009,350,3611,1198,593,605
695,4194,556,2026,353,3638,1206,596,610
700,4225,560,2040,356,3665,1214,599,615
705,4256,563,2057,357,3692,1222,603,619
710,4287,568,2071,360,3719,1230,607,623
715,4318,571,2087,361,3747,1238,612,626
720,4349,575,2105,364,3774,1246,618,628
725,4380,579,2123,367,3801,1254,623,631
730,4411,585,2138,372,3824,1262,625,637
735,4442,592,2150,377,3848,1270,627,643
740,4473,601,2167,383,3871,1278,633,645
745,4504,606,2182,387,3898,1286,638,648
750,4535,609,2200,390,3926,1294,641,653
755,4566,611,2217,391,3955,1302,647,655
760,4597,613,2232,393,3984,1310,649,661
765,4628,616,2244,395,4012,1318,652,666
770,4659,619,2262,398,4040,1326,655,671
775,4690,619,2274,398,4070,1334,659,675
780,4721,619,2290,398,4100,1342,662,680
785,4752,619,2307,398,4132,1350,664,686
790,4783,619,2321,398,4163,1358,669,689
795,4814,619,2337,398,4194,1366,672,694
800,4845,619,2350,398,4226,1374,675,699
805,4876,619,2362,398,4257,1382,678,704
810,4907,619,2378,398,4288,1390,683,707
815,4938,619,2398,398,4318,1398,689,709
820,4969,619,2409,398,4350,1406,690,716
825,5000,619,2426,398,4380,1414,692,722
830,5031,619,2443,398,4411,1422,698,724
835,5062,619,2460,398,4443,1430,702,728
840,5093,619,2473,398,4474,1438,705,733
845,5124,619,2489,398,4504,1446,710,736
850,5155,619,2506,398,4535,1454,716,738
855,5186,620,2525,398,4565,1462,722,740
860,5217,623,2540,399,4594,1470,724,746
865,5248,626,2553,401,4622,1478,727,751
870,5279,629,2572,402,4650,1486,732,754
875,5310,631,2586,403,4678,1494,738,756
880,5341,637,2604,408,4703,1502,743,759
885,5372,642,2615,410,4729,1510,746,764
890,5403,646,2627,412,4756,1518,749,769
895,5434,653,2640,417,4781,1526,754,772
900,5465,658,2655,420,4806,1534,759,775
905,5496,664,2668,425,4831,1542,762,780
910,5527,669,2681,428,4858,1550,765,785
915,5558,674,2696,430,4883,1558,769,789
920,5589,677,2710,431,4912,1566,773,793
925,5620,679,2723,432,4941,1574,777,797
930,5651,683,2737,434,4968,1582,781,801
935,5682,686,2751,437,4996,1590,784,806
940,5713,689,2764,440,5024,1598,786,812
945,5744,692,2778,443,5051,1606,789,817
950,5775,697,2792,447,5077,1614,795,819
955,5806,702,2809,451,5103,1622,801,821
960,5837,704,2825,451,5130,1630,806,824
965,5868,706,2843,452,5161,1638,811,827
970,5899,706,2861,452,5193,1646,816,830
975,5930,706,2875,452,5224,1654,819,835
980,5961,706,2890,452,5254,1662,822,840
985,5992,706,2911,452,5286,1670,827,843
990,6023,706,2926,452,5317,1678,832,846
995,6054,706,2939,452,5347,1686,834,852
1000,6085,706,2953,452,5379,1694,838,856
1005,6116,706,2965,452,5409,1702,843,859
1010,6147,706,2986,452,5440,1710,848,862
1015,6178,706,3002,452,5471,1718,852,866
1020,6209,706,3017,452,5502,1726,857,869
1025,6240,707,3032,452,5531,1734,861,873
1030,6271,709,3047,453,5561,1742,864,878
1035,6302,711,3060,455,5590,1750,865,885
1040,6333,712,3081,456,5620,1758,870,888
1045,6364,714,3100,457,5649,1766,874,892
1050,6395,716,3114,458,5679,1774,876,898
1055,6426,717,3128,458,5709,1782,879,903
1060,6457,718,3139,458,5739,1790,880,910
1065,6488,720,3152,458,5767,1798,886,912
1070,6519,725,3171,461,5793,1806,891,915
1075,6550,729,3182,463,5819,1814,894,920
1080,6581,733,3199,467,5847,1822,899,923
1085,6612,740,3211,471,5871,1830,903,927
1090,6643,745,3226,475,5897,1838,905,933
1095,6674,750,3237,477,5922,1846,907,939
1100,6705,756,3254,481,5949,1854,912,942
1105,6736,759,3265,483,5977,1862,914,948
1110,6767,762,3282,486,6005,1870,920,950
1115,6798,765,3301,488,6033,1878,927,951
1120,6829,768,3318,490,6061,1886,931,955
1125,6860,771,3333,492,6087,1894,933,961
1130,6891,773,3347,494,6118,1902,937,965
1135,6922,777,3359,496,6144,1910,939,971
1140,6953,780,3375,497,6172,1918,944,974
1145,6984,783,3390,500,6201,1926,947,979
1150,7015,786,3403,501,6229,1934,951,983
1155,7046,790,3419,504,6256,1942,954,988
1160,7077,791,3431,505,6286,1950,957,993
1165,7108,792,3444,505,6316,1958,961,997
1170,7139,793,3462,505,6345,1966,967,999
1175,7170,794,3477,506,6376,1974,971,1003
1180,7201,795,3497,507,6405,1982,975,1007
1185,7232,795,3508,507,6436,1990,980,1010
1190,7263,795,3523,507,6468,1998,983,1015
1195,7294,795,3543,507,6498,2006,990,1016
1200,7325,795,3558,507,6529,2014,995,1019
1205,7356,797,3578,509,6556,2022,1002,1020
1210,7387,800,3602,511,6586,2030,1007,1023
1215,7418,801,3616,512,6616,2038,1009,1029
1220,7449,803,3636,514,6646,2046,1016,1030
1225,7480,804,3656,514,6674,2054,1019,1035
1230,7511,806,3668,516,6705,2062,1021,1041
1235,7542,807,3679,516,6735,2070,1024,1046
1240,7573,808,3690,516,6764,2078,1026,1052
1245,7604,809,3705,516,6794,2086,1030,1056
1250,7635,811,3719,518,6822,2094,1036,1058
1255,7666,814,3732,521,6852,2102,1039,1063
1260,7697,817,3754,524,6878,2110,1044,1066
1265,7728,822,3775,529,6905,2118,1050,1068
1270,7759,825,3789,531,6934,2126,1053,1073
1275,7790,826,3800,532,6964,2134,1056,1078
1280,7821,827,3813,533,6994,2142,1059,1083
1285,7852,830,3833,536,7021,2150,1060,1090
1290,7883,834,3845,540,7049,2158,1063,1095
1295,7914,837,3864,543,7076,2166,1070,1096
1300,7945,840,3879,545,7104,2174,1075,1099
1305,7976,843,3891,547,7133,2182,1077,1105
1310,8007,846,3902,549,7161,2190,1078,1112
1315,8038,849,3914,550,7188,2198,1082,1116
1320,8069,852,3926,551,7216,2206,1085,1121
1325,8100,855,3939,554,7245,2214,1087,1127
1330,8131,859,3958,558,7272,2222,1089,1133
1335,8162,863,3976,561,7298,2230,1093,1137
1340,8193,867,3991,563,7326,2238,1095,1143
1345,8224,870,4007,566,7354,2246,1098,1148
1350,8255,871,4018,566,7384,2254,1102,1152
1355,8286,873,4033,567,7413,2262,1106,1156
1360,8317,875,4051,568,7442,2270,1110,1160
1365,8348,876,4062,568,7472,2278,1113,1165
1370,8379,877,4076,569,7501,2286,1117,1169
1375,8410,878,4091,569,7530,2294,1121,1173
1380,8441,881,4108,571,7559,2302,1125,1177
1385,8472,883,4121,572,7588,2310,1127,1183
1390,8503,885,4140,573,7616,2318,1133,1185
1395,8534,887,4155,574,7646,2326,1138,1188
1400,8565,889,4172,576,7674,2334,1141,1193
1405,8596,891,4189,578,7703,2342,1146,1196
1410,8627,893,4206,580,7732,2350,1150,1200
1415,8658,895,4223,581,7762,2358,1155,1203
1420,8689,897,4239,582,7790,2366,1157,1209
1425,8720,899,4251,584,7821,2374,1161,1213
1430,8751,900,4261,584,7850,2382,1164,1218
1435,8782,901,4280,585,7879,2390,1168,1222
1440,8813,902,4294,585,7910,2398,1171,1227
1445,8844,904,4307,586,7939,2406,1175,1231
1450,8875,905,4318,587,7970,2414,1177,1237
1455,8906,907,4332,588,7999,2422,1182,1240
1460,8937,909,4351,589,8028,2430,1187,1243
1465,8968,910,4362,589,8058,2438,1192,1246
1470,8999,911,4373,590,8088,2446,1194,1252
1475,9030,914,4389,592,8116,2454,1197,1257
1480,9061,918,4407,595,8143,2462,1202,1260
1485,9092,920,4427,596,8172,2470,1209,1261
1490,9123,923,4446,598,8200,2478,1213,1265
1495,9154,927,4459,600,8227,2486,1218,1268
1500,9185,930,4474,602,8255,2494,1220,1274
1505,9216,934,4489,605,8282,2502,1223,1279
1510,9247,936,4506,605,8311,2510,1226,1284
1515,9278,940,4523,608,8337,2518,1228,1290
1520,9309,943,4533,609,8365,2526,1232,1294
1525,9340,946,4546,610,8394,2534,1236,1298
1530,9371,948,4560,611,8423,2542,1240,1302
1535,9402,950,4574,612,8452,2550,1243,1307
1540,9433,954,4589,614,8479,2558,1247,1311
1545,9464,958,4612,618,8506,2566,1252,1314
1550,9495,961,4630,621,8532,2574,1256,1318
1555,9526,967,4648,626,8557,2582,1261,1321
1560,9557,971,4662,629,8584,2590,1263,1327
1565,9588,975,4679,633,8612,2598,1267,1331
1570,9619,977,4699,634,8641,2606,1272,1334
1575,9650,979,4715,635,8670,2614,1276,1338
1580,9681,981,4733,637,8700,2622,1280,1342
1585,9712,982,4747,637,8729,2630,1283,1347
1590,9743,984,4763,639,8758,2638,1288,1350
1595,9774,986,4780,641,8788,2646,1291,1355
1600,9805,987,4794,641,8817,2654,1296,1358
1605,9836,989,4805,642,8846,2662,1300,1362
1610,9867,990,4821,642,8876,2670,1305,1365
1615,9898,991,4839,642,8905,2678,1309,1369
1620,9929,993,4856,644,8935,2686,1315,1371
1625,9960,994,4868,645,8965,2694,1319,1375
1630,9991,994,4878,645,8997,2702,1321,1381
1635,10022,994,4892,645,9027,2710,1326,1384
1640,10053,994,4906,645,9058,2718,1328,1390
1645,10084,994,4922,645,9089,2726,1332,1394
1650,10115,994,4934,645,9120,2734,1336,1398
1655,10146,994,4954,645,9152,2742,1341,1401
1660,10177,996,4970,647,9180,2750,1346,1404
1665,10208,997,4981,647,9211,2758,1350,1408
1670,10239,1001,4996,650,9238,2766,1351,1415
1675,10270,1005,5010,653,9265,2774,1353,1421
1680,10301,1009,5023,656,9292,2782,1355,1427
1685,10332,1012,5043,657,9320,2790,1361,1429
1690,10363,1015,5058,658,9348,2798,1363,1435
1695,10394,1017,5080,659,9377,2806,1371,1435
1700,10425,1020,5099,661,9405,2814,1375,1439
1705,10456,1023,5109,663,9433,2822,1378,1444
1710,10487,1025,5123,664,9462,2830,1382,1448
1715,10518,1027,5137,665,9491,2838,1386,1452
1720,10549,1030,5157,667,9519,2846,1390,1456
1725,10580,1034,5173,671,9543,2854,1393,1461
1730,10611,1039,5185,673,9568,2862,1396,1466
1735,10642,1044,5203,678,9595,2870,1401,1469
1740,10673,1050,5215,682,9622,2878,1405,1473
1745,10704,1053,5231,684,9648,2886,1410,1476
1750,10735,1059,5247,688,9675,2894,1414,1480
1755,10766,1063,5261,690,9702,2902,1417,1485
1760,10797,1067,5278,692,9730,2910,1421,1489
1765,10828,1069,5295,693,9759,2918,1427,1491
1770,10859,1072,5305,695,9786,2926,1430,1496
1775,10890,1075,5323,698,9815,2934,1435,1499
1780,10921,1077,5342,699,9843,2942,1439,1503
1785,10952,1080,5361,702,9871,2950,1442,1508
1790,10983,1082,5378,704,9900,2958,1446,1512
1795,11014,1083,5398,705,9929,2966,1452,1514
1800,11045,1085,5412,706,9958,2974,1456,1518
1805,11076,1087,5426,708,9989,2982,1460,1522
1810,11107,1088,5440,709,10019,2990,1464,1526
1815,11138,1089,5456,710,10049,2998,1467,1531
1820,11169,1090,5473,711,10078,3006,1471,1535
1825,11200,1092,5486,712,10108,3014,1474,1540
1830,11231,1094,5503,714,10137,3022,1479,1543
1835,11262,1094,5524,714,10168,3030,1485,1545
1840,11293,1094,5540,714,10198,3038,1490,1548
1845,11324,1094,5554,714,10230,3046,1494,1552
1850,11355,1094,5566,714,10261,3054,1497,1557
1855,11386,1094,5577,714,10292,3062,1502,1560
1860,11417,1096,5592,715,10321,3070,1506,1564
1865,11448,1099,5606,717,10348,3077,1509,1568
1870,11479,1101,5621,719,10377,3084,1513,1571
1875,11510,1102,5635,720,10405,3091,1516,1575
1880,11541,1103,5644,720,10438,3098,1518,1580
1885,11572,1106,5653,722,10465,3105,1519,1586
1890,11603,1108,5666,723,10494,3112,1522,1590
1895,11634,1111,5680,724,10521,3119,1524,1595
1900,11665,1114,5693,725,10549,3126,1527,1599
1905,11696,1117,5705,727,10579,3133,1530,1603
1910,11727,1120,5721,728,10606,3140,1536,1604
1915,11758,1123,5741,730,10635,3147,1541,1606
1920,11789,1126,5754,732,10663,3154,1543,1611
1925,11820,1129,5765,733,10691,3161,1545,1616
1930,11851,1133,5780,737,10718,3168,1548,1620
1935,11882,1136,5799,739,10745,3175,1552,1623
1940,11913,1140,5817,741,10770,3182,1556,1626
1945,11944,1144,5833,744,10799,3189,1562,1627
1950,11975,1148,5847,747,10827,3196,1564,1632
1955,12006,1151,5862,749,10855,3203,1570,1633
1960,12037,1153,5880,750,10883,3210,1574,1636
1965,12068,1157,5895,753,10911,3218,1579,1639
1970,12099,1159,5914,754,10940,3226,1584,1642
1975,12130,1160,5930,754,10970,3234,1587,1647
1980,12161,1161,5944,755,11000,3242,1590,1652
1985,12192,1162,5959,756,11030,3250,1592,1658
1990,12223,1163,5974,756,11059,3258,1595,1663
1995,12254,1166,5989,759,11088,3266,1600,1666
2000,12285,1167,5997,760,11117,3274,1600,1674
2005,12316,1169,6007,762,11146,3282,1601,1681
2010,12347,1172,6022,765,11175,3290,1605,1685
2015,12378,1174,6031,766,11204,3298,1607,1691
2020,12409,1176,6040,767,11233,3306,1610,1696
2025,12440,1178,6051,769,11262,3314,1613,1701
2030,12471,1180,6065,771,11290,3322,1618,1704
2035,12502,1180,6080,771,11321,3330,1621,1709
2040,12533,1180,6092,771,11352,3338,1622,1716
2045,12564,1183,6106,773,11381,3346,1624,1722
2050,12595,1185,6121,774,11410,3354,1629,1725
2055,12626,1187,6138,776,11438,3362,1632,1730
2060,12657,1190,6153,779,11467,3370,1634,1736
2065,12688,1192,6168,780,11496,3378,1638,1740
2070,12719,1195,6179,782,11524,3386,1641,1745
2075,12750,1198,6189,783,11552,3394,1642,1752
2080,12781,1201,6202,784,11579,3402,1646,1756
2085,12812,1205,6218,787,11606,3410,1650,1760
2090,12843,1208,6234,788,11633,3418,1656,1762
2095,12874,1210,6253,790,11664,3426,1658,1768
2100,12905,1211,6267,790,11693,3434,1660,1774
2105,12936,1213,6280,792,11722,3442,1662,1780
2110,12967,1215,6296,794,11751,3450,1665,1785
2115,12998,1217,6317,795,11780,3458,1670,1788
2120,13029,1218,6334,796,11810,3466,1675,1791
2125,13060,1220,6354,798,11839,3474,1680,1794
2130,13091,1221,6367,799,11870,3482,1684,1798
2135,13122,1223,6378,800,11896,3490,1686,1804
2140,13153,1228,6391,804,11924,3498,1687,1811
2145,13184,1233,6408,807,11947,3506,1690,1816
2150,13215,1237,6421,810,11976,3514,1693,1821
2155,13246,1242,6435,813,12001,3522,1697,1825
2160,13277,1247,6446,817,12030,3530,1701,1829
2165,13308,1251,6464,819,12056,3538,1704,1834
2170,13339,1255,6481,822,12084,3546,1709,1837
2175,13370,1255,6497,822,12115,3554,1712,1842
2180,13401,1255,6513,822,12146,3562,1717,1845
2185,13432,1255,6531,822,12177,3570,1723,1847
2190,13463,1255,6546,822,12208,3578,1727,1851
2195,13494,1255,6560,822,12239,3586,1729,1857
2200,13525,1255,6577,822,12269,3594,1731,1863
2205,13556,1257,6594,823,12299,3602,1736,1866
2210,13587,1259,6614,825,12327,3610,1743,1867
2215,13618,1261,6626,827,12357,3618,1748,1870
2220,13649,1262,6639,828,12387,3626,1750,1876
2225,13680,1265,6653,830,12415,3634,1753,1881
2230,13711,1266,6668,831,12445,3642,1758,1884
2235,13742,1269,6677,833,12473,3650,1761,1889
2240,13773,1271,6688,835,12502,3658,1763,1895
2245,13804,1272,6708,836,12531,3666,1768,1898
2250,13835,1273,6723,836,12561,3674,1774,1900
2255,13866,1275,6734,838,12590,3682,1776,1906
2260,13897,1277,6744,839,12620,3690,1777,1913
2265,13928,1278,6756,840,12648,3698,1780,1918
2270,13959,1281,6770,842,12676,3706,1782,1924
2275,13990,1282,6784,843,12705,3714,1784,1930
2280,14021,1288,6797,849,12731,3722,1789,1933
2285,14052,1292,6807,851,12757,3730,1790,1940
2290,14083,1297,6823,854,12784,3738,1794,1944
2295,14114,1301,6838,857,12813,3746,1798,1948
2300,14145,1304,6854,860,12839,3754,1804,1950
2305,14176,1308,6865,863,12866,3762,1807,1955
2310,14207,1312,6877,867,12893,3770,1810,1960
2315,14238,1315,6890,868,12921,3778,1815,1963
2320,14269,1319,6911,871,12949,3786,1817,1969
2325,14300,1320,6928,872,12980,3794,1821,1973
2330,14331,1322,6944,874,13008,3802,1826,1976
2335,14362,1324,6955,876,13038,3810,1829,1981
2340,14393,1325,6968,876,13068,3818,1833,1985
2345,14424,1327,6980,877,13097,3824,1834,1990
2350,14455,1329,6999,878,13126,3830,1838,1992
2355,14486,1330,7013,879,13156,3836,1840,1996
2360,14517,1331,7025,879,13186,3842,1842,2000
2365,14548,1332,7040,880,13216,3848,1845,2003
2370,14579,1333,7058,881,13246,3854,1846,2008
2375,14610,1336,7076,883,13273,3860,1849,2011
2380,14641,1338,7087,884,13303,3866,1850,2016
2385,14672,1340,7101,885,13332,3872,1853,2019
2390,14703,1342,7113,887,13361,3878,1855,2023
2395,14734,1346,7130,891,13388,3884,1858,2026
2400,14765,1348,7146,893,13417,3890,1862,2028
2405,14796,1349,7167,894,13447,3895,1865,2030
2410,14827,1350,7182,895,13477,3900,1866,2034
2415,14858,1351,7195,895,13507,3905,1869,2036
2420,14889,1353,7206,896,13536,3910,1872,2038
2425,14920,1355,7220,897,13564,3915,1874,2041
2430,14951,1358,7234,898,13592,3920,1877,2043
2435,14982,1361,7250,900,13621,3925,1880,2045
2440,15013,1364,7261,903,13648,3930,1880,2050
2445,15044,1369,7275,906,13674,3937,1883,2054
2450,15075,1373,7295,910,13698,3944,1886,2058
2455,15106,1375,7308,910,13729,3951,1888,2063
2460,15137,1379,7325,913,13756,3958,1891,2067
2465,15168,1383,7347,917,13784,3965,1896,2069
2470,15199,1385,7356,918,13814,3972,1898,2074
2475,15230,1387,7372,919,13843,3979,1901,2078
2480,15261,1388,7384,919,13873,3986,1904,2082
2485,15292,1389,7393,919,13902,3993,1906,2087
2490,15323,1392,7409,922,13930,4000,1909,2091
2495,15354,1394,7425,924,13959,4007,1911,2096
2500,15385,1398,7444,928,13986,4014,1915,2099
2505,15416,1400,7457,929,14016,4022,1920,2102
2510,15447,1402,7471,931,14045,4030,1924,2106
2515,15478,1403,7484,931,14075,4038,1927,2111
2520,15509,1404,7500,932,14105,4046,1930,2116
2525,15540,1405,7515,933,14135,4053,1934,2119
2530,15571,1406,7532,934,14165,4060,1937,2123
2535,15602,1408,7550,935,14194,4067,1940,2127
2540,15633,1409,7570,936,14224,4074,1942,2132
2545,15664,1410,7589,937,14254,4081,1947,2134
2550,15695,1412,7608,938,14283,4088,1950,2138
2555,15726,1413,7623,938,14313,4095,1953,2142
2560,15757,1414,7639,939,14343,4102,1956,2146
2565,15788,1416,7654,941,14372,4109,1960,2149
2570,15819,1417,7667,942,14401,4116,1961,2155
2575,15850,1421,7686,945,14428,4123,1965,2158
2580,15881,1423,7703,947,14458,4130,1970,2160
2585,15912,1426,7715,949,14484,4137,1975,2162
2590,15943,1429,7725,951,14514,4144,1977,2167
2595,15974,1432,7742,953,14541,4151,1981,2170
2600,16005,1436,7762,956,14568,4158,1985,2173
2605,16036,1440,7781,959,14593,4165,1988,2177
2610,16067,1444,7798,961,14619,4172,1992,2180
2615,16098,1447,7813,962,14650,4179,1996,2183
2620,16129,1450,7833,965,14676,4186,1999,2187
2625,16160,1454,7853,968,14706,4194,2004,2190
2630,16191,1457,7864,971,14732,4202,2008,2194
2635,16222,1460,7881,972,14762,4210,2013,2197
2640,16253,1463,7894,975,14789,4218,2017,2201
2645,16284,1465,7909,977,14818,4226,2021,2205
2650,16315,1469,7926,979,14846,4234,2026,2208
2655,16346,1472,7941,982,14874,4242,2029,2213
2660,16377,1474,7957,983,14902,4250,2034,2216
2665,16408,1477,7973,984,14930,4258,2038,2220
2670,16439,1481,7987,988,14958,4266,2041,2225
2675,16470,1482,8003,988,14987,4274,2045,2229
2680,16501,1484,8016,989,15016,4282,2049,2233
2685,16532,1486,8028,990,15046,4290,2053,2237
2690,16563,1488,8046,991,15074,4298,2059,2239
2695,16594,1491,8058,993,15102,4306,2062,2244
2700,16625,1495,8072,996,15130,4314,2066,2248
2705,16656,1495,8086,996,15161,4320,2071,2249
2710,16687,1495,8103,996,15192,4326,2073,2253
2715,16718,1496,8112,996,15222,4332,2076,2256
2720,16749,1497,8121,996,15252,4338,2079,2259
2725,16780,1498,8136,997,15282,4344,2082,2262
2730,16811,1499,8150,998,15311,4350,2084,2266
2735,16842,1501,8167,999,15341,4356,2086,2270
2740,16873,1502,8179,999,15369,4362,2088,2274
2745,16904,1503,8196,1000,15399,4368,2091,2277
2750,16935,1505,8212,1002,15428,4374,2093,2281
2755,16966,1506,8226,1003,15457,4380,2098,2282
2760,16997,1508,8241,1005,15489,4386,2100,2286
2765,17028,1510,8255,1006,15517,4392,2103,2289
2770,17059,1511,8272,1007,15547,4398,2106,2292
2775,17090,1513,8291,1009,15576,4404,2110,2294
2780,17121,1516,8308,1011,15605,4410,2114,2296
2785,17152,1519,8319,1013,15633,4416,2117,2299
2790,17183,1522,8340,1014,15661,4422,2121,2301
2795,17214,1524,8355,1014,15690,4428,2124,2304
2800,17245,1526,8366,1015,15719,4434,2125,2309
2805,17276,1530,8379,1017,15745,4441,2125,2316
2810,17307,1533,8390,1018,15774,4449,2129,2320
2815,17338,1538,8409,1021,15799,4457,2135,2322
2820,17369,1542,8419,1022,15826,4465,2139,2326
2825,17400,1546,8429,1024,15853,4473,2142,2331
2830,17431,1549,8444,1024,15882,4481,2147,2334
2835,17462,1552,8458,1026,15910,4489,2152,2337
2840,17493,1555,8475,1029,15937,4497,2157,2340
2845,17524,1559,8489,1030,15964,4505,2162,2343
2850,17555,1563,8503,1031,15992,4513,2167,2346
2855,17586,1566,8522,1032,16019,4521,2173,2348
2860,17617,1571,8537,1035,16046,4529,2178,2351
2865,17648,1575,8550,1037,16073,4537,2181,2356
2870,17679,1582,8568,1043,16096,4545,2185,2360
2875,17710,1586,8580,1047,16122,4553,2185,2368
2880,17741,1590,8594,1050,16151,4561,2189,2372
2885,17772,1593,8607,1053,16179,4567,2191,2376
2890,17803,1596,8620,1055,16207,4573,2193,2380
2895,17834,1600,8634,1057,16234,4579,2195,2384
2900,17865,1602,8652,1058,16263,4585,2200,2385
2905,17896,1606,8669,1061,16289,4591,2203,2388
2910,17927,1609,8683,1063,16317,4597,2207,2390
2915,17958,1612,8700,1064,16345,4603,2209,2394
2920,17989,1615,8719,1066,16373,4609,2215,2394
2925,18020,1616,8737,1067,16402,4615,2217,2398
2930,18051,1618,8756,1069,16433,4621,2221,2400
2935,18082,1619,8772,1069,16463,4627,2225,2402
2940,18113,1620,8784,1069,16492,4633,2227,2406
2945,18144,1620,8799,1069,16524,4637,2230,2407
2950,18175,1620,8811,1069,16555,4641,2231,2410
2955,18206,1620,8830,1069,16586,4645,2232,2413
2960,18237,1620,8846,1069,16617,4649,2234,2415
2965,18268,1620,8861,1069,16648,4653,2236,2417
2970,18299,1620,8874,1069,16679,4657,2236,2421
2975,18330,1620,8889,1069,16710,4661,2237,2424
2980,18361,1621,8905,1070,16739,4665,2237,2428
2985,18392,1624,8925,1072,16767,4671,2240,2431
2990,18423,1627,8945,1075,16794,4677,2243,2434
2995,18454,1630,8963,1078,16822,4683,2245,2438
3000,18485,1633,8976,1080,16852,4689,2247,2442
3005,18516,1634,8990,1081,16882,4695,2251,2444
3010,18547,1635,9002,1081,16911,4701,2254,2447
3015,18578,1638,9022,1084,16939,4707,2258,2449
3020,18609,1641,9036,1087,16967,4713,2262,2451
3025,18640,1644,9047,1089,16996,4719,2263,2456
3030,18671,1646,9067,1091,17025,4725,2265,2460
3035,18702,1650,9079,1095,17052,4731,2267,2464
3040,18733,1653,9097,1097,17079,4737,2270,2467
3045,18764,1656,9113,1099,17108,4744,2274,2470
3050,18795,1659,9126,1101,17134,4752,2275,2477
3055,18826,1663,9140,1104,17163,4760,2277,2483
3060,18857,1666,9158,1105,17189,4768,2284,2484
3065,18888,1670,9178,1108,17216,4775,2288,2487
3070,18919,1673,9192,1110,17245,4782,2291,2491
3075,18950,1675,9208,1112,17275,4789,2293,2496
3080,18981,1676,9223,1112,17304,4796,2296,2500
3085,19012,1677,9232,1113,17335,4803,2299,2504
3090,19043,1678,9248,1113,17364,4810,2304,2506
3095,19074,1679,9261,1114,17393,4817,2307,2510
3100,19105,1680,9280,1114,17424,4824,2312,2512
3105,19136,1681,9298,1114,17453,4831,2317,2514
3110,19167,1683,9310,1116,17484,4838,2319,2519
3115,19198,1685,9329,1118,17513,4845,2323,2522
3120,19229,1686,9342,1119,17543,4852,2328,2524
3125,19260,1687,9356,1120,17573,4859,2332,2527
3130,19291,1688,9369,1120,17603,4866,2336,2530
3135,19322,1690,9382,1121,17630,4873,2338,2535
3140,19353,1696,9399,1127,17656,4880,2341,2539
3145,19384,1701,9415,1131,17680,4887,2345,2542
3150,19415,1707,9429,1135,17706,4894,2347,2547
3155,19446,1711,9445,1138,17733,4901,2350,2551
3160,19477,1716,9460,1142,17760,4908,2354,2554
3165,19508,1721,9475,1147,17786,4916,2358,2558
3170,19539,1722,9491,1147,17817,4924,2364,2560
3175,19570,1724,9507,1149,17846,4932,2367,2565
3180,19601,1727,9523,1151,17874,4940,2370,2570
3185,19632,1728,9535,1151,17904,4948,2373,2575
3190,19663,1731,9550,1153,17932,4956,2375,2581
3195,19694,1733,9566,1154,17961,4964,2378,2586
3200,19725,1734,9579,1155,17991,4972,2383,2589
3205,19756,1735,9600,1156,18021,4980,2390,2590
3210,19787,1737,9614,1157,18049,4988,2395,2593
3215,19818,1739,9631,1158,18077,4996,2400,2596
3220,19849,1741,9646,1159,18108,5004,2404,2600
3225,19880,1743,9663,1161,18136,5012,2408,2604
3230,19911,1747,9677,1165,18163,5020,2410,2610
3235,19942,1749,9692,1167,18191,5028,2412,2616
3240,19973,1749,9703,1167,18223,5036,2415,2621
3245,20004,1749,9716,1167,18254,5043,2418,2625
3250,20035,1749,9732,1167,18285,5050,2421,2629
3255,20066,1749,9750,1167,18317,5057,2426,2631
3260,20097,1749,9768,1167,18347,5064,2431,2633
3265,20128,1749,9777,1167,18379,5071,2432,2639
3270,20159,1750,9792,1167,18408,5078,2433,2645
3275,20190,1751,9803,1167,18438,5085,2436,2649
3280,20221,1752,9821,1167,18468,5092,2439,2653
3285,20252,1755,9833,1168,18495,5099,2441,2658
3290,20283,1757,9845,1169,18525,5106,2441,2665
3295,20314,1760,9856,1170,18552,5113,2443,2670
3300,20345,1764,9870,1172,18581,5120,2448,2672
3305,20376,1766,9885,1172,18610,5126,2451,2675
3310,20407,1768,9901,1173,18639,5132,2454,2678
3315,20438,1770,9916,1174,18668,5138,2458,2680
3320,20469,1772,9932,1176,18697,5144,2461,2683
3325,20500,1774,9947,1176,18726,5150,2465,2685
3330,20531,1777,9963,1179,18754,5156,2469,2687
3335,20562,1779,9975,1179,18783,5162,2474,2688
3340,20593,1783,9988,1181,18810,5168,2475,2693
3345,20624,1790,10012,1185,18831,5175,2481,2694
3350,20655,1795,10026,1188,18858,5182,2485,2697
3355,20686,1802,10041,1192,18884,5189,2487,2702
3360,20717,1804,10052,1193,18913,5196,2490,2706
3365,20748,1807,10068,1195,18941,5201,2493,2708
3370,20779,1809,10080,1195,18970,5206,2497,2709
3375,20810,1812,10096,1197,18998,5211,2499,2712
3380,20841,1815,10113,1199,19026,5216,2500,2716
3385,20872,1818,10130,1202,19054,5221,2502,2719
3390,20903,1820,10145,1204,19083,5226,2505,2721
3395,20934,1822,10161,1206,19112,5231,2506,2725
3400,20965,1826,10170,1208,19139,5236,2507,2729
3405,20996,1830,10187,1211,19166,5242,2509,2733
3410,21027,1832,10197,1212,19195,5248,2512,2736
3415,21058,1836,10212,1216,19221,5254,2516,2738
3420,21089,1841,10228,1221,19247,5260,2519,2741
3425,21120,1844,10240,1223,19276,5264,2520,2744
3430,21151,1848,10256,1226,19303,5268,2521,2747
3435,21182,1848,10268,1226,19333,5272,2522,2750
3440,21213,1848,10282,1226,19364,5276,2524,2752
3445,21244,1848,10301,1226,19395,5280,2527,2753
3450,21275,1848,10316,1226,19427,5284,2530,2754
3455,21306,1848,10330,1226,19457,5288,2531,2757
3460,21337,1848,10342,1226,19488,5292,2533,2759
3465,21368,1849,10356,1227,19518,5297,2535,2762
3470,21399,1851,10374,1229,19544,5303,2537,2766
3475,21430,1854,10386,1231,19573,5309,2541,2768
3480,21461,1856,10404,1232,19602,5315,2545,2770
3485,21492,1858,10423,1234,19633,5321,2549,2772
3490,21523,1860,10433,1235,19662,5327,2551,2776
3495,21554,1861,10449,1236,19693,5333,2552,2781
3500,21585,1862,10469,1236,19722,5339,2556,2783
3505,21616,1864,10488,1237,19751,5345,2558,2787
3510,21647,1866,10502,1238,19780,5351,2560,2791
3515,21678,1868,10517,1239,19810,5357,2562,2795
3520,21709,1869,10535,1239,19840,5363,2565,2798
3525,21740,1872,10547,1240,19867,5371,2565,2806
3530,21771,1877,10562,1243,19893,5379,2567,2812
3535,21802,1881,10573,1245,19921,5387,2570,2817
3540,21833,1883,10588,1246,19950,5395,2575,2820
3545,21864,1885,10608,1248,19979,5403,2581,2822
3550,21895,1888,10626,1250,20007,5411,2586,2825
3555,21926,1891,10641,1252,20035,5419,2588,2831
3560,21957,1894,10659,1255,20063,5427,2591,2836
3565,21988,1897,10673,1257,20091,5435,2595,2840
3570,22019,1900,10686,1259,20119,5443,2598,2845
3575,22050,1903,10699,1262,20147,5451,2600,2851
3580,22081,1905,10712,1263,20176,5459,2601,2858
3585,22112,1910,10726,1267,20202,5467,2603,2864
3590,22143,1915,10739,1271,20228,5475,2605,2870
3595,22174,1919,10750,1274,20255,5483,2609,2874
3600,22205,1923,10764,1277,20281,5491,2611,2880
3605,22236,1927,10777,1281,20308,5497,2614,2883
3610,22267,1928,10789,1281,20338,5503,2615,2888
3615,22298,1929,10803,1281,20369,5509,2618,2891
3620,22329,1930,10818,1282,20399,5515,2621,2894
3625,22360,1931,10829,1283,20429,5521,2624,2897
3630,22391,1933,10847,1284,20457,5527,2628,2899
3635,22422,1935,10864,1285,20486,5533,2632,2901
3640,22453,1936,10879,1285,20516,5539,2636,2903
3645,22484,1938,10890,1285,20546,5545,2640,2905
3650,22515,1940,10904,1287,20574,5551,2643,2908
3655,22546,1942,10920,1289,20603,5557,2646,2911
3660,22577,1945,10935,1292,20631,5563,2648,2915
3665,22608,1948,10951,1295,20659,5569,2651,2918
3670,22639,1949,10968,1295,20687,5575,2655,2920
3675,22670,1951,10983,1297,20717,5581,2657,2924
3680,22701,1955,10998,1300,20744,5587,2660,2927
3685,22732,1958,11011,1302,20771,5593,2662,2931
3690,22763,1960,11026,1304,20803,5599,2664,2935
3695,22794,1961,11042,1305,20832,5605,2667,2938
3700,22825,1963,11057,1307,20862,5611,2669,2942
3705,22856,1964,11074,1308,20891,5618,2672,2946
3710,22887,1965,11093,1309,20922,5626,2676,2950
3715,22918,1966,11108,1310,20952,5634,2681,2953
3720,22949,1969,11126,1312,20979,5642,2687,2955
3725,22980,1971,11140,1314,21008,5650,2690,2960
3730,23011,1974,11157,1316,21036,5658,2693,2965
3735,23042,1977,11173,1319,21065,5666,2696,2970
3740,23073,1979,11187,1321,21094,5674,2701,2973
3745,23104,1981,11202,1322,21123,5682,2705,2977
3750,23135,1983,11217,1324,21152,5690,2711,2979
3755,23166,1986,11233,1325,21180,5698,2715,2983
3760,23197,1987,11241,1325,21210,5706,2716,2990
3765,23228,1989,11258,1327,21237,5714,2722,2992
3770,23259,1991,11267,1329,21268,5722,2723,2999
3775,23290,1992,11288,1329,21296,5730,2728,3002
3780,23321,1993,11300,1329,21327,5738,2730,3008
3785,23352,1994,11316,1329,21358,5746,2736,3010
3790,23383,1995,11326,1329,21388,5754,2739,3015
3795,23414,1997,11340,1330,21417,5762,2743,3019
3800,23445,1999,11359,1331,21446,5770,2749,3021
3805,23476,2000,11371,1331,21476,5778,2752,3026
3810,23507,2001,11388,1331,21506,5786,2757,3029
3815,23538,2004,11404,1332,21533,5794,2762,3032
3820,23569,2008,11421,1336,21560,5802,2764,3038
3825,23600,2012,11436,1339,21587,5810,2766,3044
3830,23631,2016,11450,1342,21615,5818,2772,3046
3835,23662,2019,11464,1344,21643,5826,2777,3049
3840,23693,2021,11477,1345,21672,5834,2778,3056
3845,23724,2023,11493,1346,21701,5841,2783,3058
3850,23755,2025,11503,1346,21730,5848,2786,3062
3855,23786,2028,11512,1348,21758,5855,2789,3066
3860,23817,2034,11529,1352,21782,5862,2792,3070
3865,23848,2038,11547,1355,21810,5869,2795,3074
3870,23879,2043,11566,1358,21835,5876,2797,3079
3875,23910,2046,11584,1360,21863,5883,2802,3081
3880,23941,2049,11600,1361,21891,5890,2806,3084
3885,23972,2051,11612,1362,21921,5897,2809,3088
3890,24003,2055,11632,1365,21948,5904,2814,3090
3895,24034,2060,11648,1369,21973,5911,2817,3094
3900,24065,2064,11662,1373,22000,5918,2819,3099
3905,24096,2067,11675,1375,22028,5923,2819,3104
3910,24127,2073,11687,1380,22053,5928,2820,3108
3915,24158,2074,11698,1380,22083,5933,2821,3112
3920,24189,2077,11710,1383,22111,5938,2821,3117
3925,24220,2077,11725,1383,22143,5943,2822,3121
3930,24251,2077,11738,1383,22174,5948,2824,3124
3935,24282,2077,11751,1383,22205,5953,2827,3126
3940,24313,2077,11767,1383,22236,5958,2830,3128
3945,24344,2077,11785,1383,22265,5964,2833,3131
3950,24375,2077,11801,1383,22296,5970,2837,3133
3955,24406,2077,11818,1383,22327,5976,2840,3136
3960,24437,2077,11828,1383,22359,5982,2843,3139
3965,24468,2077,11842,1383,22391,5987,2843,3144
3970,24499,2077,11857,1383,22422,5992,2845,3147
3975,24530,2078,11874,1384,22452,5997,2848,3149
3980,24561,2079,11892,1385,22482,6002,2851,3151
3985,24592,2080,11903,1385,22512,6007,2853,3154
3990,24623,2081,11916,1385,22542,6012,2854,3158
3995,24654,2082,11929,1386,22572,6017,2855,3162
4000,24685,2083,11938,1387,22602,6022,2856,3166
4005,24716,2084,11957,1388,22632,6029,2860,3169
4010,24747,2085,11972,1388,22662,6036,2863,3173
4015,24778,2086,11987,1389,22691,6043,2866,3177
4020,24809,2089,12005,1392,22719,6050,2871,3179
4025,24840,2092,12022,1395,22748,6056,2874,3182
4030,24871,2095,12039,1398,22776,6062,2877,3185
4035,24902,2098,12049,1398,22803,6068,2878,3190
4040,24933,2102,12063,1400,22830,6074,2882,3192
4045,24964,2107,12077,1404,22857,6080,2886,3194
4050,24995,2112,12087,1406,22883,6086,2887,3199
4055,25026,2115,12095,1406,22911,6092,2888,3204
4060,25057,2118,12111,1408,22939,6098,2890,3208
4065,25088,2122,12124,1410,22965,6105,2892,3213
4070,25119,2128,12142,1414,22987,6112,2896,3216
4075,25150,2135,12155,1418,23014,6119,2900,3219
4080,25181,2140,12173,1421,23041,6126,2902,3224
4085,25212,2144,12186,1424,23067,6132,2903,3229
4090,25243,2149,12201,1427,23092,6138,2907,3231
4095,25274,2157,12215,1434,23115,6144,2910,3234
4100,25305,2162,12225,1437,23142,6150,2913,3237
4105,25336,2167,12238,1440,23169,6156,2916,3240
4110,25367,2169,12253,1441,23197,6162,2920,3242
4115,25398,2171,12263,1442,23227,6168,2922,3246
4120,25429,2173,12278,1443,23255,6174,2923,3251
4125,25460,2174,12288,1444,23285,6181,2926,3255
4130,25491,2175,12302,1444,23316,6188,2931,3257
4135,25522,2177,12315,1446,23345,6195,2935,3260
4140,25553,2178,12330,1446,23375,6202,2939,3263
4145,25584,2179,12343,1446,23404,6208,2940,3268
4150,25615,2180,12360,1446,23434,6214,2944,3270
4155,25646,2181,12376,1446,23465,6220,2949,3271
4160,25677,2182,12394,1447,23495,6226,2952,3274
4165,25708,2184,12414,1448,23524,6232,2954,3278
4170,25739,2185,12427,1449,23554,6238,2958,3280
4175,25770,2186,12439,1450,23584,6244,2959,3285
4180,25801,2186,12456,1450,23615,6250,2962,3288
4185,25832,2186,12473,1450,23646,6256,2964,3292
4190,25863,2186,12488,1450,23677,6263,2967,3296
4195,25894,2186,12498,1450,23708,6270,2968,3302
4200,25925,2186,12514,1450,23739,6277,2971,3306
4205,25956,2186,12529,1450,23769,6284,2974,3310
4210,25987,2186,12543,1450,23801,6291,2975,3316
4215,26018,2187,12561,1451,23830,6298,2977,3321
4220,26049,2191,12578,1454,23855,6305,2981,3324
4225,26080,2195,12592,1457,23883,6312,2984,3328
4230,26111,2198,12606,1458,23913,6319,2987,3332
4235,26142,2200,12616,1459,23940,6326,2988,3338
4240,26173,2203,12627,1462,23970,6333,2989,3344
4245,26204,2206,12648,1465,23998,6341,2993,3348
4250,26235,2208,12666,1467,24027,6349,2998,3351
4255,26266,2211,12684,1469,24053,6357,3001,3356
4260,26297,2214,12700,1471,24081,6365,3004,3361
4265,26328,2217,12714,1473,24109,6372,3009,3363
4270,26359,2221,12731,1476,24136,6379,3014,3365
4275,26390,2224,12742,1478,24166,6386,3019,3367
4280,26421,2228,12761,1482,24191,6393,3023,3370
4285,26452,2233,12776,1486,24217,6400,3026,3374
4290,26483,2239,12791,1491,24244,6407,3028,3379
4295,26514,2243,12808,1495,24269,6414,3033,3381
4300,26545,2247,12824,1496,24296,6421,3038,3383
4305,26576,2253,12836,1501,24323,6428,3040,3388
4310,26607,2257,12852,1502,24348,6435,3045,3390
4315,26638,2262,12867,1505,24374,6442,3050,3392
4320,26669,2266,12881,1508,24403,6449,3052,3397
4325,26700,2269,12898,1509,24430,6456,3056,3400
4330,26731,2273,12912,1512,24458,6463,3061,3402
4335,26762,2276,12929,1514,24486,6470,3067,3403
4340,26793,2278,12946,1515,24515,6477,3069,3408
4345,26824,2280,12962,1516,24544,6484,3073,3411
4350,26855,2281,12987,1517,24573,6491,3079,3412
4355,26886,2283,13000,1518,24603,6498,3082,3416
4360,26917,2284,13013,1519,24633,6505,3085,3420
4365,26948,2286,13029,1520,24662,6512,3087,3425
4370,26979,2287,13046,1521,24692,6520,3093,3427
4375,27010,2287,13062,1521,24723,6528,3097,3431
4380,27041,2287,13079,1521,24754,6536,3103,3433
4385,27072,2287,13099,1521,24785,6544,3110,3434
4390,27103,2287,13115,1521,24816,6552,3113,3439
4395,27134,2287,13133,1521,24847,6560,3119,3441
4400,27165,2287,13150,1521,24877,6568,3121,3447
4405,27196,2287,13162,1521,24908,6576,3123,3453
4410,27227,2287,13175,1521,24940,6584,3127,3457
4415,27258,2287,13195,1521,24971,6592,3132,3460
4420,27289,2287,13213,1521,25001,6600,3139,3461
4425,27320,2289,13229,1522,25031,6608,3142,3466
4430,27351,2291,13239,1523,25060,6616,3144,3472
4435,27382,2292,13257,1523,25090,6624,3150,3474
4440,27413,2293,13269,1523,25120,6632,3152,3480
4445,27444,2295,13280,1523,25149,6637,3155,3482
4450,27475,2297,13291,1524,25178,6642,3158,3484
4455,27506,2299,13305,1524,25207,6647,3161,3486
4460,27537,2302,13318,1526,25235,6652,3163,3489
4465,27568,2307,13333,1530,25261,6657,3166,3491
4470,27599,2312,13345,1533,25287,6662,3167,3495
4475,27630,2315,13355,1533,25315,6667,3169,3498
4480,27661,2318,13367,1533,25343,6672,3171,3501
4485,27692,2323,13384,1538,25368,6677,3173,3504
4490,27723,2329,13395,1542,25394,6682,3174,3508
4495,27754,2332,13406,1544,25422,6687,3175,3512
4500,27785,2335,13427,1546,25450,6692,3180,3512
4505,27816,2337,13436,1547,25479,6696,3181,3515
4510,27847,2340,13451,1548,25507,6700,3184,3516
4515,27878,2342,13465,1548,25536,6704,3187,3517
4520,27909,2345,13484,1551,25564,6708,3189,3519
4525,27940,2351,13500,1555,25589,6712,3190,3522
4530,27971,2355,13515,1557,25615,6716,3192,3524
4535,28002,2360,13528,1561,25642,6720,3193,3527
4540,28033,2362,13542,1561,25671,6724,3195,3529
4545,28064,2367,13559,1564,25695,6731,3199,3532
4550,28095,2369,13570,1565,25725,6738,3202,3536
4555,28126,2373,13580,1567,25753,6745,3205,3540
4560,28157,2374,13595,1568,25782,6752,3207,3545
4565,28188,2375,13610,1569,25812,6758,3207,3551
4570,28219,2376,13626,1569,25843,6764,3209,3555
4575,28250,2377,13643,1570,25873,6770,3211,3559
4580,28281,2378,13655,1571,25903,6776,3214,3562
4585,28312,2379,13673,1572,25932,6782,3217,3565
4590,28343,2380,13680,1572,25963,6788,3218,3570
4595,28374,2381,13693,1572,25990,6794,3220,3574
4600,28405,2384,13705,1575,26019,6800,3223,3577
4605,28436,2386,13719,1576,26048,6807,3228,3579
4610,28467,2388,13736,1576,26078,6814,3235,3579
4615,28498,2391,13751,1579,26106,6821,3239,3582
4620,28529,2393,13770,1579,26134,6828,3242,3586
4625,28560,2398,13784,1583,26161,6835,3244,3591
4630,28591,2402,13796,1585,26187,6842,3245,3597
4635,28622,2407,13815,1589,26213,6849,3248,3601
4640,28653,2411,13824,1592,26241,6856,3251,3605
4645,28684,2414,13837,1594,26269,6863,3255,3608
4650,28715,2416,13853,1595,26299,6870,3257,3613
4655,28746,2417,13872,1595,26329,6877,3263,3614
4660,28777,2418,13887,1595,26359,6884,3268,3616
4665,28808,2422,13902,1597,26386,6892,3271,3621
4670,28839,2427,13915,1600,26412,6900,3275,3625
4675,28870,2432,13930,1604,26438,6908,3278,3630
4680,28901,2437,13941,1609,26464,6916,3280,3636
4685,28932,2440,13956,1612,26492,6924,3284,3640
4690,28963,2443,13973,1614,26520,6932,3290,3642
4695,28994,2443,13985,1614,26551,6940,3290,3650
4700,29025,2443,13993,1614,26582,6948,3291,3657
4705,29056,2443,14006,1614,26613,6956,3293,3663
4710,29087,2443,14022,1614,26644,6964,3298,3666
4715,29118,2443,14038,1614,26674,6972,3302,3670
4720,29149,2443,14053,1614,26705,6980,3306,3674
4725,29180,2443,14069,1614,26735,6988,3312,3676
4730,29211,2443,14085,1614,26767,6996,3317,3679
4735,29242,2443,14106,1614,26798,7004,3324,3680
4740,29273,2443,14122,1614,26828,7012,3327,3685
4745,29304,2443,14136,1614,26861,7019,3329,3690
4750,29335,2443,14148,1614,26892,7026,3333,3693
4755,29366,2444,14161,1614,26922,7033,3335,3698
4760,29397,2445,14175,1615,26951,7040,3338,3702
4765,29428,2447,14189,1617,26979,7047,3342,3705
4770,29459,2449,14209,1618,27008,7054,3347,3707
4775,29490,2451,14223,1619,27038,7061,3351,3710
4780,29521,2452,14242,1619,27067,7068,3356,3712
4785,29552,2455,14260,1621,27096,7075,3359,3716
4790,29583,2458,14275,1623,27125,7082,3363,3719
4795,29614,2460,14288,1625,27154,7089,3367,3722
4800,29645,2463,14306,1627,27181,7096,3370,3726
4805,29676,2468,14326,1631,27207,7102,3373,3729
4810,29707,2474,14341,1636,27231,7108,3377,3731
4815,29738,2479,14355,1639,27257,7114,3380,3734
4820,29769,2484,14371,1644,27284,7120,3383,3737
4825,29800,2490,14392,1649,27308,7126,3387,3739
4830,29831,2495,14407,1654,27336,7132,3389,3743
4835,29862,2499,14423,1657,27363,7138,3392,3746
4840,29893,2502,14436,1659,27391,7144,3393,3751
4845,29924,2504,14453,1661,27420,7151,3398,3753
4850,29955,2506,14467,1662,27449,7158,3399,3759
4855,29986,2510,14485,1665,27476,7165,3404,3761
4860,30017,2512,14500,1666,27505,7172,3408,3764
4865,30048,2515,14517,1668,27533,7179,3412,3767
4870,30079,2517,14529,1668,27562,7186,3417,3769
4875,30110,2520,14548,1670,27590,7193,3423,3770
4880,30141,2523,14560,1673,27618,7200,3424,3776
4885,30172,2526,14571,1676,27646,7207,3425,3782
4890,30203,2529,14588,1678,27674,7214,3431,3783
4895,30234,2532,14599,1679,27700,7221,3433,3788
4900,30265,2535,14616,1682,27726,7228,3438,3790
4905,30296,2539,14629,1685,27753,7235,3440,3795
4910,30327,2542,14643,1687,27785,7243,3444,3799
4915,30358,2544,14657,1688,27813,7251,3448,3803
4920,30389,2545,14671,1689,27843,7259,3452,3807
4925,30420,2545,14688,1689,27875,7266,3455,3811
4930,30451,2545,14703,1689,27906,7273,3457,3816
4935,30482,2546,14716,1689,27936,7280,3461,3819
4940,30513,2547,14730,1689,27966,7287,3463,3824
4945,30544,2548,14747,1689,27996,7294,3466,3828
4950,30575,2549,14763,1689,28026,7301,3471,3830
4955,30606,2550,14786,1689,28056,7308,3477,3831
4960,30637,2551,14801,1689,28086,7315,3482,3833
4965,30668,2552,14819,1689,28116,7322,3485,3837
4970,30699,2553,14836,1690,28146,7329,3489,3840
4975,30730,2554,14847,1691,28176,7336,3491,3845
4980,30761,2555,14859,1692,28206,7343,3491,3852
4985,30792,2556,14879,1693,28236,7348,3494,3854
4990,30823,2557,14895,1693,28266,7353,3497,3856
4995,30854,2558,14909,1693,28296,7358,3500,3858
5000,30885,2560,14923,1694,28325,7363,3500,3863
5005,30916,2562,14938,1695,28354,7368,3502,3866
5010,30947,2564,14954,1697,28383,7373,3505,3868
5015,30978,2567,14969,1699,28411,7378,3508,3870
5020,31009,2573,14989,1704,28436,7383,3511,3872
5025,31040,2577,15003,1706,28462,7388,3513,3875
5030,31071,2582,15019,1710,28484,7394,3517,3877
5035,31102,2590,15030,1715,28510,7400,3518,3882
5040,31133,2595,15046,1718,28536,7406,3519,3887
5045,31164,2600,15058,1721,28563,7412,3521,3891
5050,31195,2603,15069,1722,28590,7418,3523,3895
5055,31226,2607,15075,1724,28618,7424,3524,3900
5060,31257,2611,15092,1727,28646,7430,3527,3903
5065,31288,2613,15112,1729,28674,7436,3529,3907
5070,31319,2615,15126,1731,28704,7442,3530,3912
5075,31350,2617,15141,1732,28732,7448,3531,3917
5080,31381,2618,15155,1733,28763,7454,3533,3921
5085,31412,2619,15170,1734,28793,7462,3538,3924
5090,31443,2621,15183,1735,28821,7470,3543,3927
5095,31474,2623,15202,1737,28849,7478,3547,3931
5100,31505,2624,15216,1738,28881,7486,3552,3934
5105,31536,2626,15229,1740,28910,7491,3553,3938
5110,31567,2627,15242,1741,28940,7496,3553,3943
5115,31598,2627,15257,1741,28971,7501,3555,3946
5120,31629,2627,15273,1741,29002,7506,3557,3949
5125,31660,2627,15284,1741,29033,7511,3557,3954
5130,31691,2627,15298,1741,29064,7516,3558,3958
5135,31722,2627,15316,1741,29095,7521,3561,3960
5140,31753,2627,15334,1741,29125,7526,3563,3963
5145,31784,2629,15351,1742,29154,7531,3566,3965
5150,31815,2631,15359,1743,29184,7536,3567,3969
5155,31846,2633,15376,1745,29212,7541,3569,3972
5160,31877,2635,15389,1746,29242,7546,3572,3974
5165,31908,2638,15406,1747,29268,7551,3575,3976
5170,31939,2642,15420,1750,29296,7556,3578,3978
5175,31970,2647,15437,1753,29321,7561,3581,3980
5180,32001,2653,15454,1759,29347,7566,3584,3982
5185,32032,2658,15467,1763,29373,7571,3585,3986
5190,32063,2663,15483,1767,29399,7576,3586,3990
5195,32094,2668,15500,1772,29426,7581,3588,3993
5200,32125,2669,15513,1772,29456,7586,3591,3995
5205,32156,2670,15529,1772,29486,7594,3596,3998
5210,32187,2672,15542,1774,29514,7602,3600,4002
5215,32218,2675,15557,1775,29542,7610,3604,4006
5220,32249,2677,15573,1777,29571,7618,3610,4008
5225,32280,2680,15592,1779,29599,7626,3616,4010
5230,32311,2681,15605,1779,29630,7634,3619,4015
5235,32342,2682,15618,1780,29660,7642,3621,4021
5240,32373,2683,15630,1780,29690,7650,3624,4026
5245,32404,2684,15647,1781,29720,7658,3629,4029
5250,32435,2685,15666,1781,29750,7666,3633,4033
5255,32466,2686,15682,1782,29780,7674,3636,4038
5260,32497,2687,15702,1782,29809,7682,3642,4040
5265,32528,2688,15722,1782,29839,7690,3648,4042
5270,32559,2689,15741,1783,29868,7698,3652,4046
5275,32590,2690,15748,1783,29900,7706,3654,4052
5280,32621,2691,15761,1784,29930,7714,3655,4059
5285,32652,2692,15774,1784,29960,7722,3661,4061
5290,32683,2693,15787,1784,29990,7730,3665,4065
5295,32714,2694,15798,1784,30020,7738,3668,4070
5300,32745,2695,15814,1784,30049,7746,3673,4073
5305,32776,2697,15829,1784,30077,7754,3679,4075
5310,32807,2701,15846,1788,30104,7762,3681,4081
5315,32838,2705,15865,1791,30131,7770,3685,4085
5320,32869,2709,15877,1794,30160,7778,3687,4091
5325,32900,2711,15893,1795,30188,7786,3693,4093
5330,32931,2715,15905,1799,30215,7794,3696,4098
5335,32962,2721,15923,1804,30240,7802,3700,4102
5340,32993,2727,15942,1807,30266,7810,3706,4104
5345,33024,2732,15951,1810,30292,7817,3709,4108
5350,33055,2738,15969,1814,30316,7824,3712,4112
5355,33086,2745,15983,1819,30341,7831,3716,4115
5360,33117,2749,16000,1822,30368,7838,3718,4120
5365,33148,2753,16016,1825,30395,7845,3720,4125
5370,33179,2756,16026,1826,30423,7852,3724,4128
5375,33210,2758,16041,1826,30452,7859,3728,4131
5380,33241,2762,16058,1829,30477,7866,3731,4135
5385,33272,2764,16068,1830,30507,7873,3732,4141
5390,33303,2767,16086,1833,30535,7880,3736,4144
5395,33334,2770,16102,1835,30563,7887,3737,4150
5400,33365,2772,16118,1836,30592,7894,3741,4153
5405,33396,2773,16133,1837,30623,7901,3744,4157
5410,33427,2774,16152,1838,30653,7908,3749,4159
5415,33458,2776,16168,1840,30682,7915,3753,4162
5420,33489,2776,16192,1840,30713,7922,3759,4163
5425,33520,2776,16208,1840,30744,7929,3762,4167
5430,33551,2776,16223,1840,30775,7936,3765,4171
5435,33582,2776,16236,1840,30806,7943,3769,4174
5440,33613,2776,16255,1840,30837,7950,3774,4176
5445,33644,2776,16268,1840,30868,7958,3779,4179
5450,33675,2776,16283,1840,30899,7966,3781,4185
5455,33706,2776,16299,1840,30930,7974,3785,4189
5460,33737,2776,16314,1840,30961,7982,3787,4195
5465,33768,2776,16329,1840,30992,7989,3791,4198
5470,33799,2777,16343,1841,31022,7996,3795,4201
5475,33830,2778,16359,1842,31052,8003,3799,4204
5480,33861,2780,16379,1844,31081,8010,3805,4205
5485,33892,2782,16392,1845,31110,8017,3806,4211
5490,33923,2783,16407,1846,31140,8024,3807,4217
5495,33954,2784,16423,1847,31170,8031,3812,4219
5500,33985,2787,16438,1849,31198,8038,3814,4224
5505,34016,2790,16456,1851,31224,8045,3816,4229
5510,34047,2794,16464,1853,31253,8052,3819,4233
5515,34078,2798,16479,1856,31280,8059,3822,4237
5520,34109,2802,16497,1858,31305,8066,3825,4241
5525,34140,2808,16513,1862,31329,8071,3828,4243
5530,34171,2816,16531,1869,31354,8076,3831,4245
5535,34202,2824,16548,1876,31377,8081,3834,4247
5540,34233,2826,16565,1878,31407,8086,3838,4248
5545,34264,2830,16583,1881,31434,8091,3840,4251
5550,34295,2834,16596,1883,31461,8096,3843,4253
5555,34326,2837,16609,1885,31489,8101,3844,4257
5560,34357,2840,16626,1887,31517,8106,3847,4259
5565,34388,2843,16642,1888,31543,8112,3850,4262
5570,34419,2846,16657,1890,31573,8118,3851,4267
5575,34450,2847,16673,1890,31602,8124,3854,4270
5580,34481,2848,16691,1891,31632,8130,3858,4272
5585,34512,2850,16705,1893,31662,8135,3861,4274
5590,34543,2852,16722,1895,31690,8140,3862,4278
5595,34574,2854,16734,1897,31720,8145,3864,4281
5600,34605,2856,16748,1899,31748,8150,3867,4283
5605,34636,2857,16761,1900,31778,8155,3870,4285
5610,34667,2857,16780,1900,31810,8160,3872,4288
5615,34698,2857,16792,1900,31841,8165,3872,4293
5620,34729,2857,16807,1900,31872,8170,3874,4296
5625,34760,2857,16819,1900,31903,8176,3877,4299
5630,34791,2857,16834,1900,31934,8183,3881,4302
5635,34822,2857,16851,1900,31965,8190,3885,4305
5640,34853,2857,16868,1900,31996,8197,3888,4309
5645,34884,2858,16880,1900,32025,8203,3890,4313
5650,34915,2860,16894,1902,32054,8209,3895,4314
5655,34946,2862,16908,1903,32084,8215,3900,4315
5660,34977,2863,16920,1904,32114,8221,3902,4319
5665,35008,2864,16936,1904,32144,8227,3905,4322
5670,35039,2865,16952,1904,32173,8233,3909,4324
5675,35070,2869,16965,1907,32200,8239,3911,4328
5680,35101,2875,16985,1913,32225,8245,3914,4331
5685,35132,2879,16994,1916,32253,8251,3915,4336
5690,35163,2884,17013,1920,32279,8258,3919,4339
5695,35194,2887,17029,1921,32306,8265,3923,4342
5700,35225,2891,17043,1925,32334,8272,3926,4346
5705,35256,2896,17061,1930,32359,8278,3928,4350
5710,35287,2903,17073,1935,32383,8284,3929,4355
5715,35318,2908,17088,1939,32408,8290,3933,4357
5720,35349,2911,17098,1941,32438,8296,3936,4360
5725,35380,2914,17114,1943,32466,8302,3939,4363
5730,35411,2915,17131,1943,32495,8308,3942,4366
5735,35442,2916,17145,1944,32525,8314,3944,4370
5740,35473,2918,17160,1946,32554,8320,3946,4374
5745,35504,2919,17177,1947,32584,8327,3950,4377
5750,35535,2921,17193,1949,32613,8334,3953,4381
5755,35566,2922,17207,1950,32643,8341,3957,4384
5760,35597,2924,17224,1952,32672,8348,3961,4387
5765,35628,2925,17238,1953,32703,8354,3965,4389
5770,35659,2926,17251,1953,32733,8360,3968,4392
5775,35690,2928,17264,1954,32762,8366,3969,4397
5780,35721,2930,17279,1955,32791,8372,3973,4399
5785,35752,2932,17297,1957,32820,8378,3977,4401
5790,35783,2934,17312,1959,32848,8384,3981,4403
5795,35814,2936,17327,1960,32877,8390,3984,4406
5800,35845,2938,17341,1961,32907,8396,3987,4409
5805,35876,2940,17360,1962,32935,8403,3990,4413
5810,35907,2941,17376,1963,32966,8410,3995,4415
5815,35938,2942,17390,1963,32995,8417,3998,4419
5820,35969,2943,17410,1963,33026,8424,4003,4421
5825,36000,2944,17427,1963,33053,8431,4007,4424
5830,36031,2947,17440,1966,33084,8438,4010,4428
5835,36062,2948,17457,1967,33113,8445,4017,4428
5840,36093,2951,17476,1970,33140,8452,4020,4432
5845,36124,2955,17493,1972,33169,8459,4024,4435
5850,36155,2957,17511,1973,33198,8466,4026,4440
5855,36186,2959,17520,1973,33227,8473,4028,4445
5860,36217,2961,17536,1973,33256,8480,4033,4447
5865,36248,2963,17553,1975,33285,8488,4039,4449
5870,36279,2967,17573,1978,33311,8496,4043,4453
5875,36310,2971,17589,1982,33339,8504,4046,4458
5880,36341,2974,17600,1983,33367,8512,4052,4460
5885,36372,2979,17614,1986,33393,8519,4054,4465
5890,36403,2983,17630,1990,33419,8526,4058,4468
5895,36434,2990,17647,1996,33444,8533,4060,4473
5900,36465,2992,17658,1997,33472,8540,4062,4478
5905,36496,2996,17671,2000,33500,8547,4064,4483
5910,36527,2998,17687,2001,33528,8554,4068,4486
5915,36558,3001,17700,2004,33557,8561,4069,4492
5920,36589,3003,17713,2005,33586,8568,4073,4495
5925,36620,3004,17728,2006,33616,8575,4075,4500
5930,36651,3005,17740,2007,33646,8582,4077,4505
5935,36682,3006,17753,2007,33675,8589,4080,4509
5940,36713,3007,17769,2008,33706,8596,4085,4511
5945,36744,3008,17782,2008,33736,8603,4088,4515
5950,36775,3009,17797,2009,33765,8610,4092,4518
5955,36806,3010,17815,2010,33796,8617,4097,4520
5960,36837,3011,17826,2011,33826,8624,4100,4524
5965,36868,3012,17840,2011,33856,8631,4105,4526
5970,36899,3013,17855,2012,33886,8638,4107,4531
5975,36930,3014,17869,2013,33916,8645,4110,4535
5980,36961,3015,17883,2014,33946,8652,4113,4539
5985,36992,3016,17895,2014,33976,8660,4115,4545
5990,37023,3018,17909,2015,34005,8668,4121,4547
5995,37054,3020,17926,2017,34034,8676,4123,4553
6000,37085,3021,17944,2017,34064,8684,4128,4556
6005,37116,3023,17959,2018,34093,8691,4130,4561
6010,37147,3024,17971,2018,34123,8698,4134,4564
6015,37178,3026,17983,2019,34152,8705,4137,4568
6020,37209,3028,17993,2020,34181,8712,4139,4573
6025,37240,3032,18007,2022,34208,8719,4140,4579
6030,37271,3036,18022,2025,34235,8726,4142,4584
6035,37302,3040,18039,2028,34260,8733,4146,4587
6040,37333,3046,18056,2033,34287,8740,4151,4589
6045,37364,3051,18078,2038,34310,8747,4153,4594
6050,37395,3056,18093,2042,34337,8754,4156,4598
6055,37426,3062,18109,2047,34363,8761,4159,4602
6060,37457,3066,18126,2051,34390,8768,4164,4604
6065,37488,3070,18136,2055,34417,8774,4166,4608
6070,37519,3075,18143,2057,34444,8780,4168,4612
6075,37550,3082,18161,2063,34466,8786,4171,4615
6080,37581,3088,18179,2069,34492,8792,4173,4619
6085,37612,3091,18194,2072,34521,8798,4175,4623
6090,37643,3093,18207,2074,34550,8804,4178,4626
6095,37674,3096,18223,2076,34578,8810,4182,4628
6100,37705,3097,18236,2076,34608,8816,4186,4630
6105,37736,3100,18253,2078,34635,8823,4188,4635
6110,37767,3102,18268,2079,34665,8830,4190,4640
6115,37798,3104,18284,2081,34694,8837,4195,4642
6120,37829,3104,18299,2081,34724,8844,4197,4647
6125,37860,3104,18314,2081,34756,8851,4200,4651
6130,37891,3104,18328,2081,34787,8858,4204,4654
6135,37922,3104,18343,2081,34818,8865,4210,4655
6140,37953,3104,18357,2081,34848,8872,4211,4661
6145,37984,3104,18372,2081,34880,8879,4215,4664
6150,38015,3104,18389,2081,34911,8886,4218,4668
6155,38046,3104,18409,2081,34942,8893,4223,4670
6160,38077,3104,18424,2081,34972,8900,4225,4675
6165,38108,3104,18441,2081,35003,8908,4229,4679
6170,38139,3104,18457,2081,35035,8916,4233,4683
6175,38170,3104,18474,2081,35064,8924,4236,4688
6180,38201,3104,18486,2081,35095,8932,4238,4694
6185,38232,3104,18499,2081,35127,8940,4243,4697
6190,38263,3106,18516,2083,35157,8948,4248,4700
6195,38294,3107,18528,2084,35187,8956,4253,4703
6200,38325,3109,18544,2085,35216,8964,4257,4707
6205,38356,3112,18558,2087,35244,8972,4261,4711
6210,38387,3114,18573,2089,35273,8980,4265,4715
6215,38418,3117,18587,2091,35301,8988,4270,4718
6220,38449,3120,18605,2093,35328,8996,4274,4722
6225,38480,3124,18613,2095,35356,9004,4277,4727
6230,38511,3128,18625,2096,35383,9012,4280,4732
6235,38542,3131,18639,2097,35410,9020,4285,4735
6240,38573,3136,18655,2101,35437,9028,4289,4739
6245,38604,3139,18670,2103,35464,9033,4290,4743
6250,38635,3144,18683,2106,35491,9038,4293,4745
6255,38666,3148,18697,2107,35518,9043,4297,4746
6260,38697,3153,18710,2110,35541,9048,4297,4751
6265,38728,3160,18725,2114,35565,9053,4299,4754
6270,38759,3168,18745,2121,35590,9058,4302,4756
6275,38790,3170,18759,2122,35620,9063,4305,4758
6280,38821,3172,18771,2123,35648,9068,4306,4762
6285,38852,3174,18789,2125,35676,9073,4309,4764
6290,38883,3176,18809,2126,35706,9078,4313,4765
6295,38914,3178,18823,2126,35736,9083,4316,4767
6300,38945,3180,18840,2128,35761,9088,4319,4769
6305,38976,3183,18856,2131,35791,9091,4320,4771
6310,39007,3186,18871,2132,35821,9094,4321,4773
6315,39038,3189,18889,2134,35848,9097,4323,4774
6320,39069,3191,18904,2135,35877,9100,4325,4775
6325,39100,3192,18920,2136,35908,9103,4327,4776
6330,39131,3193,18933,2136,35937,9106,4328,4778
6335,39162,3195,18949,2138,35966,9109,4329,4780
6340,39193,3197,18966,2139,35995,9112,4331,4781
6345,39224,3198,18984,2140,36025,9117,4335,4782
6350,39255,3199,18996,2141,36056,9123,4337,4786
6355,39286,3201,19011,2143,36084,9129,4340,4789
6360,39317,3202,19029,2143,36113,9135,4346,4789
6365,39348,3204,19049,2145,36143,9141,4351,4790
6370,39379,3206,19067,2147,36173,9147,4356,4791
6375,39410,3207,19081,2147,36203,9153,4359,4794
6380,39441,3210,19095,2148,36230,9159,4362,4797
6385,39472,3214,19110,2150,36258,9165,4365,4800
6390,39503,3217,19128,2152,36285,9171,4369,4802
6395,39534,3221,19147,2154,36312,9177,4373,4804
6400,39565,3223,19163,2155,36342,9183,4378,4805
6405,39596,3224,19174,2156,36372,9190,4380,4810
6410,39627,3225,19192,2157,36402,9198,4384,4814
6415,39658,3226,19208,2157,36431,9206,4388,4818
6420,39689,3229,19224,2159,36458,9214,4390,4824
6425,39720,3235,19239,2165,36485,9221,4393,4828
6430,39751,3240,19255,2169,36511,9228,4397,4831
6435,39782,3243,19266,2170,36539,9235,4399,4836
6440,39813,3246,19279,2171,36567,9242,4402,4840
6445,39844,3248,19298,2172,36596,9249,4408,4841
6450,39875,3249,19309,2172,36626,9256,4412,4844
6455,39906,3250,19325,2173,36656,9263,4418,4845
6460,39937,3251,19336,2174,36686,9270,4421,4849
6465,39968,3252,19347,2174,36716,9277,4422,4855
6470,39999,3253,19358,2175,36745,9284,4423,4861
6475,40030,3255,19371,2177,36775,9291,4427,4864
6480,40061,3257,19395,2179,36803,9298,4432,4866
6485,40092,3258,19407,2179,36834,9305,4437,4868
6490,40123,3259,19420,2180,36864,9312,4440,4872
6495,40154,3260,19437,2181,36894,9319,4445,4874
6500,40185,3263,19451,2184,36922,9326,4450,4876
6505,40216,3265,19462,2186,36951,9333,4452,4881
6510,40247,3267,19477,2188,36980,9340,4454,4886
6515,40278,3270,19491,2191,37008,9347,4456,4891
6520,40309,3273,19506,2192,37036,9354,4458,4896
6525,40340,3276,19520,2195,37063,9362,4462,4900
6530,40371,3279,19537,2197,37091,9370,4467,4903
6535,40402,3281,19550,2197,37119,9378,4470,4908
6540,40433,3283,19561,2197,37150,9386,4472,4914
6545,40464,3285,19575,2197,37178,9393,4478,4915
6550,40495,3289,19593,2201,37205,9400,4483,4917
6555,40526,3294,19606,2204,37231,9407,4486,4921
6560,40557,3298,19615,2207,37258,9414,4489,4925
6565,40588,3302,19632,2209,37284,9421,4494,4927
6570,40619,3306,19647,2213,37313,9428,4497,4931
6575,40650,3310,19659,2215,37339,9435,4501,4934
6580,40681,3315,19670,2218,37366,9442,4503,4939
6585,40712,3322,19681,2223,37390,9449,4505,4944
6590,40743,3327,19696,2227,37414,9456,4507,4949
6595,40774,3330,19712,2229,37442,9463,4511,4952
6600,40805,3334,19729,2232,37470,9470,4517,4953
6605,40836,3337,19739,2233,37499,9476,4518,4958
6610,40867,3341,19757,2236,37526,9482,4520,4962
6615,40898,3344,19773,2239,37553,9488,4524,4964
6620,40929,3348,19790,2243,37580,9494,4527,4967
6625,40960,3350,19804,2244,37610,9500,4532,4968
6630,40991,3351,19818,2245,37639,9506,4535,4971
6635,41022,3351,19834,2245,37670,9512,4539,4973
6640,41053,3351,19855,2245,37702,9518,4544,4974
6645,41084,3351,19872,2245,37732,9525,4546,4979
6650,41115,3351,19890,2245,37763,9532,4550,4982
6655,41146,3351,19908,2245,37795,9539,4553,4986
6660,41177,3351,19926,2245,37826,9546,4558,4988
6665,41208,3351,19946,2245,37857,9553,4564,4989
6670,41239,3351,19962,2245,37888,9560,4566,4994
6675,41270,3351,19975,2245,37919,9567,4569,4998
6680,41301,3351,19990,2245,37950,9574,4573,5001
6685,41332,3351,20004,2245,37981,9581,4577,5004
6690,41363,3351,20021,2245,38012,9588,4581,5007
6695,41394,3353,20035,2247,38041,9595,4584,5011
6700,41425,3355,20046,2248,38070,9602,4587,5015
6705,41456,3357,20057,2249,38098,9610,4590,5020
6710,41487,3359,20065,2250,38127,9618,4592,5026
6715,41518,3360,20080,2250,38158,9626,4595,5031
6720,41549,3361,20095,2251,38188,9634,4598,5036
6725,41580,3363,20111,2253,38216,9642,4601,5041
6730,41611,3368,20133,2256,38242,9650,4607,5043
6735,41642,3372,20150,2258,38268,9658,4612,5046
6740,41673,3378,20162,2261,38293,9666,4613,5053
6745,41704,3385,20179,2267,38317,9674,4616,5058
6750,41735,3391,20198,2272,38343,9682,4619,5063
6755,41766,3398,20215,2277,38367,9690,4622,5068
6760,41797,3404,20226,2283,38393,9698,4625,5073
6765,41828,3409,20240,2287,38418,9706,4630,5076
6770,41859,3412,20255,2288,38447,9714,4633,5081
6775,41890,3415,20270,2291,38475,9722,4637,5085
6780,41921,3419,20285,2294,38501,9730,4640,5090
6785,41952,3422,20299,2296,38530,9736,4644,5092
6790,41983,3424,20311,2297,38559,9742,4645,5097
6795,42014,3427,20328,2300,38587,9748,4648,5100
6800,42045,3429,20340,2300,38615,9754,4650,5104
6805,42076,3432,20357,2301,38644,9760,4653,5107
6810,42107,3434,20369,2302,38673,9766,4654,5112
6815,42138,3437,20383,2305,38700,9772,4655,5117
6820,42169,3439,20397,2307,38729,9778,4657,5121
6825,42200,3440,20417,2308,38759,9784,4661,5123
6830,42231,3441,20436,2308,38789,9790,4663,5127
6835,42262,3443,20450,2310,38819,9796,4665,5131
6840,42293,3443,20466,2310,38849,9802,4667,5135
6845,42324,3443,20480,2310,38880,9808,4670,5138
6850,42355,3443,20497,2310,38912,9814,4676,5138
6855,42386,3443,20510,2310,38942,9820,4677,5143
6860,42417,3443,20524,2310,38974,9826,4681,5145
6865,42448,3443,20537,2310,39005,9832,4683,5149
6870,42479,3443,20554,2310,39036,9838,4687,5151
6875,42510,3444,20567,2311,39065,9844,4689,5155
6880,42541,3446,20585,2313,39094,9850,4692,5158
6885,42572,3448,20599,2314,39123,9858,4696,5162
6890,42603,3449,20620,2315,39153,9866,4702,5164
6895,42634,3450,20626,2315,39183,9874,4702,5172
6900,42665,3452,20645,2317,39212,9882,4706,5176
6905,42696,3454,20657,2319,39241,9889,4707,5182
6910,42727,3457,20672,2322,39268,9896,4711,5185
6915,42758,3460,20687,2325,39297,9903,4714,5189
6920,42789,3462,20703,2327,39326,9910,4715,5195
6925,42820,3466,20719,2331,39351,9917,4718,5199
6930,42851,3472,20737,2337,39378,9924,4719,5205
6935,42882,3477,20754,2340,39405,9931,4722,5209
6940,42913,3479,20763,2341,39434,9938,4723,5215
6945,42944,3481,20779,2342,39463,9945,4727,5218
6950,42975,3484,20792,2344,39491,9952,4730,5222
6955,43006,3486,20800,2345,39520,9959,4731,5228
6960,43037,3489,20818,2346,39548,9966,4736,5230
6965,43068,3492,20831,2347,39576,9971,4738,5233
6970,43099,3495,20845,2349,39604,9976,4740,5236
6975,43130,3498,20856,2351,39632,9981,4741,5240
6980,43161,3501,20868,2353,39660,9986,4744,5242
6985,43192,3503,20884,2353,39689,9991,4747,5244
6990,43223,3507,20899,2357,39716,9996,4750,5246
6995,43254,3509,20906,2357,39745,10001,4750,5251
7000,43285,3513,20926,2361,39772,10006,4753,5253
7005,43316,3517,20941,2363,39799,10012,4757,5255
7010,43347,3520,20956,2365,39827,10018,4760,5258
7015,43378,3524,20968,2368,39854,10024,4762,5262
7020,43409,3527,20977,2370,39882,10030,4765,5265
7025,43440,3529,20995,2371,39911,10035,4769,5266
7030,43471,3529,21013,2371,39942,10040,4772,5268
7035,43502,3529,21023,2371,39972,10045,4775,5270
7040,43533,3529,21042,2371,40002,10050,4778,5272
7045,43564,3533,21058,2375,40030,10055,4779,5276
7050,43595,3537,21073,2378,40058,10060,4782,5278
7055,43626,3538,21089,2378,40087,10065,4786,5279
7060,43657,3540,21109,2379,40113,10070,4789,5281
7065,43688,3542,21124,2380,40142,10076,4792,5284
7070,43719,3544,21136,2382,40175,10083,4796,5287
7075,43750,3545,21151,2382,40203,10090,4798,5292
7080,43781,3548,21166,2385,40232,10097,4801,5296
7085,43812,3551,21183,2388,40258,10103,4805,5298
7090,43843,3552,21199,2389,40290,10109,4808,5301
7095,43874,3552,21211,2389,40322,10115,4810,5305
7100,43905,3552,21225,2389,40353,10121,4812,5309
7105,43936,3552,21234,2389,40383,10127,4814,5313
7110,43967,3552,21245,2389,40415,10133,4815,5318
7115,43998,3552,21262,2389,40446,10139,4819,5320
7120,44029,3552,21277,2389,40476,10145,4822,5323
7125,44060,3553,21290,2389,40507,10151,4824,5327
7130,44091,3554,21305,2389,40537,10158,4828,5330
7135,44122,3556,21322,2391,40565,10165,4831,5334
7140,44153,3559,21339,2392,40593,10172,4837,5335
7145,44184,3561,21358,2393,40622,10178,4840,5338
7150,44215,3564,21376,2396,40651,10184,4846,5338
7155,44246,3566,21386,2396,40680,10190,4849,5341
7160,44277,3569,21405,2397,40707,10196,4852,5344
7165,44308,3571,21419,2398,40737,10202,4855,5347
7170,44339,3573,21432,2399,40766,10208,4857,5351
7175,44370,3575,21450,2401,40795,10214,4860,5354
7180,44401,3577,21473,2403,40824,10220,4864,5356
7185,44432,3580,21487,2404,40852,10227,4868,5359
7190,44463,3585,21505,2409,40877,10234,4872,5362
7195,44494,3591,21519,2413,40902,10241,4873,5368
7200,44525,3597,21536,2418,40927,10248,4877,5371
7205,44556,3604,21550,2423,40952,10255,4880,5375
7210,44587,3607,21562,2425,40980,10262,4882,5380
7215,44618,3612,21577,2427,41006,10269,4887,5382
7220,44649,3616,21591,2428,41033,10276,4893,5383
7225,44680,3622,21604,2431,41057,10283,4894,5389
7230,44711,3627,21617,2433,41084,10290,4897,5393
7235,44742,3631,21629,2436,41111,10297,4900,5397
7240,44773,3632,21641,2437,41141,10304,4902,5402
7245,44804,3634,21651,2438,41170,10312,4904,5408
7250,44835,3636,21666,2439,41198,10320,4909,5411
7255,44866,3637,21675,2439,41228,10328,4912,5416
7260,44897,3638,21693,2439,41257,10336,4918,5418
7265,44928,3640,21707,2441,41287,10344,4922,5422
7270,44959,3641,21728,2441,41317,10352,4927,5425
7275,44990,3642,21745,2442,41347,10360,4934,5426
7280,45021,3644,21764,2444,41377,10368,4940,5428
7285,45052,3645,21775,2445,41407,10376,4941,5435
7290,45083,3647,21786,2446,41435,10384,4945,5439
7295,45114,3648,21800,2446,41466,10392,4950,5442
7300,45145,3649,21813,2446,41496,10400,4953,5447
7305,45176,3650,21828,2447,41525,10408,4955,5453
7310,45207,3651,21841,2448,41555,10416,4957,5459
7315,45238,3651,21860,2448,41586,10424,4960,5464
7320,45269,3651,21872,2448,41617,10432,4964,5468
7325,45300,3651,21886,2448,41648,10439,4967,5472
7330,45331,3651,21898,2448,41680,10446,4970,5476
7335,45362,3651,21920,2448,41710,10453,4976,5477
7340,45393,3656,21934,2452,41736,10460,4979,5481
7345,45424,3660,21951,2455,41762,10467,4982,5485
7350,45455,3664,21965,2459,41790,10474,4985,5489
7355,45486,3669,21976,2462,41816,10481,4987,5494
7360,45517,3674,21992,2465,41843,10488,4991,5497
7365,45548,3679,22008,2469,41868,10495,4994,5501
7370,45579,3684,22025,2473,41894,10502,4999,5503
7375,45610,3692,22044,2480,41917,10509,5002,5507
7380,45641,3697,22062,2485,41943,10516,5005,5511
7385,45672,3697,22074,2485,41974,10522,5008,5514
7390,45703,3697,22085,2485,42005,10528,5010,5518
7395,45734,3697,22100,2485,42037,10534,5012,5522
7400,45765,3697,22112,2485,42068,10540,5016,5524
7405,45796,3697,22132,2485,42095,10546,5020,5526
7410,45827,3697,22147,2485,42129,10552,5024,5528
7415,45858,3698,22164,2486,42158,10558,5030,5528
7420,45889,3700,22183,2487,42189,10564,5033,5531
7425,45920,3702,22201,2488,42217,10571,5039,5532
7430,45951,3704,22220,2490,42245,10578,5044,5534
7435,45982,3706,22234,2492,42276,10585,5046,5539
7440,46013,3707,22249,2492,42306,10592,5049,5543
7445,46044,3708,22263,2492,42336,10599,5051,5548
7450,46075,3710,22274,2494,42365,10606,5055,5551
7455,46106,3711,22288,2494,42395,10613,5061,5552
7460,46137,3713,22305,2496,42424,10620,5063,5557
7465,46168,3714,22320,2497,42454,10627,5065,5562
7470,46199,3715,22338,2498,42484,10634,5068,5566
7475,46230,3717,22353,2499,42513,10641,5072,5569
7480,46261,3719,22370,2500,42542,10648,5077,5571
7485,46292,3721,22388,2501,42571,10656,5082,5574
7490,46323,3726,22403,2505,42595,10664,5086,5578
7495,46354,3733,22421,2510,42620,10672,5090,5582
7500,46385,3737,22435,2514,42646,10680,5092,5588
7505,46416,3742,22448,2517,42673,10687,5095,5592
7510,46447,3746,22467,2520,42700,10694,5100,5594
7515,46478,3751,22479,2523,42727,10701,5104,5597
7520,46509,3754,22492,2524,42755,10708,5106,5602
7525,46540,3757,22507,2526,42783,10715,5109,5606
7530,46571,3759,22521,2527,42812,10722,5112,5610
7535,46602,3762,22539,2529,42840,10729,5116,5613
7540,46633,3765,22551,2531,42867,10736,5120,5616
7545,46664,3767,22566,2532,42897,10743,5122,5621
7550,46695,3771,22583,2535,42924,10750,5124,5626
7555,46726,3771,22599,2535,42955,10757,5127,5630
7560,46757,3771,22614,2535,42985,10764,5131,5633
7565,46788,3771,22632,2535,43016,10770,5135,5635
7570,46819,3771,22641,2535,43048,10776,5137,5639
7575,46850,3771,22655,2535,43079,10782,5139,5643
7580,46881,3771,22669,2535,43109,10788,5143,5645
7585,46912,3771,22686,2535,43141,10794,5147,5647
7590,46943,3771,22704,2535,43172,10800,5152,5648
7595,46974,3772,22722,2536,43201,10806,5155,5651
7600,47005,3774,22739,2538,43230,10812,5156,5656
7605,47036,3776,22749,2539,43258,10819,5160,5659
7610,47067,3777,22764,2540,43289,10826,5164,5662
7615,47098,3779,22779,2541,43318,10833,5166,5667
7620,47129,3780,22794,2542,43347,10840,5170,5670
7625,47160,3781,22805,2542,43379,10846,5172,5674
7630,47191,3783,22816,2543,43407,10852,5175,5677
7635,47222,3785,22835,2545,43437,10858,5178,5680
7640,47253,3787,22851,2546,43466,10864,5181,5683
7645,47284,3789,22862,2548,43494,10870,5183,5687
7650,47315,3791,22876,2550,43524,10876,5186,5690
7655,47346,3793,22890,2551,43553,10882,5189,5693
7660,47377,3797,22904,2554,43579,10888,5190,5698
7665,47408,3801,22917,2556,43607,10895,5194,5701
7670,47439,3806,22927,2559,43632,10902,5197,5705
7675,47470,3812,22940,2564,43657,10909,5199,5710
7680,47501,3818,22956,2569,43682,10916,5202,5714
7685,47532,3824,22965,2573,43707,10921,5202,5719
7690,47563,3828,22975,2574,43734,10926,5202,5724
7695,47594,3831,22990,2576,43763,10931,5204,5727
7700,47625,3834,23008,2578,43791,10936,5207,5729
7705,47656,3837,23023,2580,43819,10941,5209,5732
7710,47687,3839,23041,2580,43848,10946,5213,5733
7715,47718,3843,23059,2584,43875,10951,5217,5734
7720,47749,3846,23077,2587,43903,10956,5220,5736
7725,47780,3849,23093,2589,43930,10962,5225,5737
7730,47811,3853,23110,2592,43957,10968,5229,5739
7735,47842,3856,23127,2594,43985,10974,5231,5743
7740,47873,3857,23140,2594,44016,10980,5233,5747
7745,47904,3859,23149,2596,44045,10985,5234,5751
7750,47935,3860,23161,2596,44075,10990,5236,5754
7755,47966,3862,23178,2598,44104,10995,5237,5758
7760,47997,3863,23192,2598,44134,11000,5240,5760
7765,48028,3864,23206,2598,44164,11005,5244,5761
7770,48059,3865,23224,2599,44193,11010,5246,5764
7775,48090,3867,23236,2600,44223,11015,5248,5767
7780,48121,3869,23254,2601,44251,11020,5250,5770
7785,48152,3870,23273,2602,44280,11026,5254,5772
7790,48183,3872,23290,2603,44309,11033,5259,5774
7795,48214,3873,23300,2603,44340,11040,5261,5779
7800,48245,3875,23314,2604,44368,11047,5264,5783
7805,48276,3876,23331,2604,44400,11054,5267,5787
7810,48307,3877,23343,2604,44429,11061,5268,5793
7815,48338,3878,23359,2605,44460,11068,5270,5798
7820,48369,3879,23374,2606,44490,11075,5273,5802
7825,48400,3880,23385,2606,44520,11082,5276,5806
7830,48431,3881,23400,2607,44550,11089,5279,5810
7835,48462,3882,23417,2608,44579,11096,5284,5812
7840,48493,3884,23432,2609,44608,11103,5288,5815
7845,48524,3886,23448,2611,44636,11110,5292,5818
7850,48555,3890,23464,2615,44664,11118,5295,5823
7855,48586,3893,23475,2618,44692,11126,5297,5829
7860,48617,3897,23490,2621,44718,11134,5301,5833
7865,48648,3901,23505,2624,44746,11140,5305,5835
7870,48679,3906,23523,2628,44772,11146,5308,5838
7875,48710,3909,23538,2631,44801,11152,5311,5841
7880,48741,3911,23556,2632,44830,11158,5313,5845
7885,48772,3912,23571,2633,44860,11164,5315,5849
7890,48803,3913,23582,2633,44890,11170,5318,5852
7895,48834,3914,23599,2633,44920,11176,5322,5854
7900,48865,3916,23608,2634,44949,11182,5324,5858
7905,48896,3919,23620,2636,44977,11188,5325,5863
7910,48927,3924,23632,2640,45002,11194,5326,5868
7915,48958,3929,23649,2644,45029,11200,5330,5870
7920,48989,3932,23657,2646,45057,11206,5331,5875
7925,49020,3935,23679,2649,45085,11212,5336,5876
7930,49051,3936,23694,2650,45115,11218,5338,5880
7935,49082,3938,23710,2652,45144,11224,5342,5882
7940,49113,3939,23730,2652,45174,11230,5345,5885
7945,49144,3940,23743,2652,45204,11236,5347,5889
7950,49175,3942,23763,2654,45230,11242,5350,5892
7955,49206,3943,23775,2655,45262,11248,5352,5896
7960,49237,3945,23793,2656,45291,11254,5357,5897
7965,49268,3947,23807,2658,45320,11262,5360,5902
7970,49299,3948,23821,2658,45351,11270,5362,5908
7975,49330,3949,23833,2659,45380,11278,5365,5913
7980,49361,3951,23848,2661,45407,11286,5368,5918
7985,49392,3955,23865,2664,45436,11294,5375,5919
7990,49423,3959,23883,2668,45464,11302,5378,5924
7995,49454,3962,23895,2670,45492,11310,5382,5928
8000,49485,3964,23909,2671,45521,11318,5386,5932
8005,49516,3966,23924,2673,45549,11326,5389,5937
8010,49547,3968,23939,2674,45579,11334,5392,5942
8015,49578,3969,23951,2675,45608,11342,5395,5947
8020,49609,3971,23969,2676,45638,11350,5401,5949
8025,49640,3972,23982,2677,45668,11358,5407,5951
8030,49671,3974,24000,2679,45696,11366,5411,5955
8035,49702,3977,24017,2681,45725,11374,5415,5959
8040,49733,3980,24031,2684,45753,11382,5419,5963
8045,49764,3984,24044,2687,45780,11390,5421,5969
8050,49795,3988,24060,2689,45806,11398,5427,5971
8055,49826,3992,24074,2692,45834,11406,5431,5975
8060,49857,3994,24086,2692,45863,11414,5437,5977
8065,49888,3997,24097,2693,45891,11422,5442,5980
8070,49919,3999,24113,2694,45919,11430,5444,5986
8075,49950,4002,24129,2696,45948,11438,5450,5988
8080,49981,4007,24148,2700,45973,11446,5454,5992
8085,50012,4009,24159,2701,46002,11454,5457,5997
8090,50043,4010,24170,2702,46033,11462,5461,6001
8095,50074,4012,24184,2703,46061,11470,5464,6006
8100,50105,4013,24195,2703,46091,11478,5468,6010
8105,50136,4014,24208,2703,46120,11485,5469,6016
8110,50167,4017,24225,2705,46149,11492,5472,6020
8115,50198,4020,24236,2706,46177,11499,5474,6025
8120,50229,4023,24250,2709,46204,11506,5476,6030
8125,50260,4026,24270,2711,46232,11513,5482,6031
8130,50291,4029,24288,2713,46259,11520,5486,6034
8135,50322,4031,24303,2714,46290,11527,5488,6039
8140,50353,4034,24317,2715,46318,11534,5492,6042
8145,50384,4037,24333,2717,46345,11541,5497,6044
8150,50415,4040,24350,2720,46373,11548,5500,6048
8155,50446,4042,24364,2720,46403,11555,5504,6051
8160,50477,4045,24381,2722,46432,11562,5509,6053
8165,50508,4048,24396,2723,46460,11567,5511,6056
8170,50539,4049,24405,2724,46490,11572,5513,6059
8175,50570,4050,24418,2724,46520,11577,5515,6062
8180,50601,4051,24430,2724,46550,11582,5516,6066
8185,50632,4052,24448,2724,46580,11587,5520,6067
8190,50663,4053,24462,2725,46610,11592,5522,6070
8195,50694,4056,24478,2728,46637,11597,5523,6074
8200,50725,4059,24496,2730,46665,11602,5524,6078
8205,50756,4063,24512,2733,46692,11608,5526,6082
8210,50787,4067,24522,2735,46719,11614,5527,6087
8215,50818,4072,24543,2739,46744,11620,5530,6090
8220,50849,4079,24559,2746,46769,11626,5533,6093
8225,50880,4081,24576,2747,46799,11631,5536,6095
8230,50911,4082,24588,2747,46829,11636,5537,6099
8235,50942,4083,24600,2747,46859,11641,5539,6102
8240,50973,4084,24615,2748,46889,11646,5541,6105
8245,51004,4085,24631,2749,46919,11651,5542,6109
8250,51035,4086,24642,2749,46948,11656,5544,6112
8255,51066,4087,24661,2749,46978,11661,5547,6114
8260,51097,4088,24677,2749,47009,11666,5550,6116
8265,51128,4089,24689,2750,47039,11673,5552,6121
8270,51159,4090,24703,2750,47067,11680,5558,6122
8275,51190,4094,24722,2753,47093,11687,5562,6125
8280,51221,4098,24738,2756,47122,11694,5566,6128
8285,51252,4101,24749,2757,47151,11701,5568,6133
8290,51283,4103,24767,2758,47177,11708,5572,6136
8295,51314,4106,24782,2759,47208,11715,5575,6140
8300,51345,4108,24799,2761,47237,11722,5579,6143
8305,51376,4109,24811,2762,47267,11729,5583,6146
8310,51407,4111,24824,2764,47296,11736,5586,6150
8315,51438,4113,24843,2765,47324,11743,5592,6151
8320,51469,4115,24855,2767,47354,11750,5596,6154
8325,51500,4116,24870,2768,47382,11758,5600,6158
8330,51531,4118,24880,2768,47411,11766,5601,6165
8335,51562,4120,24894,2769,47442,11774,5605,6169
8340,51593,4123,24909,2770,47470,11782,5607,6175
8345,51624,4126,24922,2772,47498,11790,5611,6179
8350,51655,4128,24936,2772,47527,11798,5617,6181
8355,51686,4130,24951,2773,47554,11806,5618,6188
8360,51717,4134,24963,2776,47582,11814,5619,6195
8365,51748,4137,24979,2779,47610,11822,5622,6200
8370,51779,4140,24996,2781,47639,11830,5628,6202
8375,51810,4143,25011,2783,47667,11838,5633,6205
8380,51841,4147,25031,2786,47693,11846,5638,6208
8385,51872,4153,25046,2792,47718,11854,5642,6212
8390,51903,4158,25057,2796,47745,11862,5644,6218
8395,51934,4158,25072,2796,47776,11870,5649,6221
8400,51965,4158,25088,2796,47807,11878,5652,6226
8405,51996,4160,25103,2797,47836,11883,5655,6228
8410,52027,4161,25118,2798,47866,11888,5658,6230
8415,52058,4162,25134,2798,47895,11893,5662,6231
8420,52089,4164,25152,2799,47924,11898,5665,6233
8425,52120,4165,25160,2799,47955,11903,5666,6237
8430,52151,4167,25173,2800,47983,11908,5667,6241
8435,52182,4169,25188,2802,48013,11913,5668,6245
8440,52213,4171,25200,2803,48042,11918,5671,6247
8445,52244,4173,25220,2804,48069,11923,5676,6247
8450,52275,4174,25235,2804,48097,11928,5679,6249
8455,52306,4176,25258,2806,48127,11933,5683,6250
8460,52337,4177,25269,2807,48159,11938,5684,6254
8465,52368,4179,25283,2808,48188,11942,5688,6254
8470,52399,4180,25298,2808,48217,11946,5691,6255
8475,52430,4182,25311,2809,48248,11950,5694,6256
8480,52461,4183,25324,2810,48278,11954,5697,6257
8485,52492,4184,25340,2811,48308,11958,5697,6261
8490,52523,4184,25351,2811,48339,11962,5698,6264
8495,52554,4185,25362,2811,48369,11966,5698,6268
8500,52585,4188,25375,2814,48397,11970,5700,6270
8505,52616,4191,25392,2816,48425,11975,5702,6273
8510,52647,4193,25403,2817,48454,11982,5706,6276
8515,52678,4195,25418,2818,48483,11989,5709,6280
8520,52709,4197,25428,2818,48512,11996,5712,6284
8525,52740,4199,25439,2819,48540,12003,5715,6288
8530,52771,4203,25458,2822,48568,12010,5718,6292
8535,52802,4205,25473,2824,48597,12017,5721,6296
8540,52833,4208,25488,2825,48624,12024,5724,6300
8545,52864,4213,25504,2829,48651,12031,5726,6305
8550,52895,4216,25522,2831,48679,12038,5728,6310
8555,52926,4218,25536,2832,48708,12045,5732,6313
8560,52957,4222,25549,2834,48735,12052,5737,6315
8565,52988,4225,25562,2835,48762,12060,5740,6320
8570,53019,4231,25579,2840,48786,12068,5744,6324
8575,53050,4236,25599,2844,48813,12076,5748,6328
8580,53081,4239,25613,2846,48838,12084,5754,6330
8585,53112,4241,25629,2847,48868,12092,5755,6337
8590,53143,4243,25640,2847,48899,12100,5759,6341
8595,53174,4246,25654,2849,48926,12108,5765,6343
8600,53205,4249,25666,2850,48956,12116,5768,6348
8605,53236,4252,25687,2852,48983,12124,5773,6351
8610,53267,4255,25701,2853,49012,12132,5780,6352
8615,53298,4258,25715,2855,49039,12140,5781,6359
8620,53329,4262,25732,2857,49066,12148,5785,6363
8625,53360,4264,25749,2858,49096,12156,5791,6365
8630,53391,4266,25762,2859,49124,12164,5795,6369
8635,53422,4268,25773,2859,49154,12172,5797,6375
8640,53453,4272,25786,2862,49181,12180,5801,6379
8645,53484,4274,25802,2864,49209,12188,5804,6384
8650,53515,4276,25821,2866,49239,12196,5808,6388
8655,53546,4278,25835,2867,49268,12204,5810,6394
8660,53577,4280,25853,2868,49296,12212,5814,6398
8665,53608,4281,25864,2869,49327,12220,5815,6405
8670,53639,4281,25876,2869,49358,12228,5815,6413
8675,53670,4281,25895,2869,49389,12236,5820,6416
8680,53701,4281,25913,2869,49420,12244,5823,6421
8685,53732,4281,25931,2869,49450,12252,5831,6421
8690,53763,4284,25951,2872,49478,12260,5838,6422
8695,53794,4287,25966,2875,49506,12268,5842,6426
8700,53825,4289,25982,2876,49535,12276,5849,6427
8705,53856,4292,25994,2878,49563,12282,5851,6431
8710,53887,4296,26011,2881,49591,12288,5856,6432
8715,53918,4298,26021,2882,49619,12294,5858,6436
8720,53949,4301,26034,2885,49648,12300,5860,6440
8725,53980,4301,26045,2885,49679,12306,5862,6444
8730,54011,4301,26058,2885,49709,12312,5863,6449
8735,54042,4301,26072,2885,49740,12318,5867,6451
8740,54073,4301,26087,2885,49772,12324,5869,6455
8745,54104,4301,26105,2885,49802,12330,5872,6458
8750,54135,4303,26119,2886,49830,12336,5874,6462
8755,54166,4304,26135,2887,49860,12342,5878,6464
8760,54197,4306,26149,2888,49891,12348,5879,6469
8765,54228,4309,26165,2890,49917,12352,5881,6471
8770,54259,4311,26177,2891,49947,12356,5883,6473
8775,54290,4313,26191,2892,49976,12360,5885,6475
8780,54321,4315,26203,2893,50006,12364,5887,6477
8785,54352,4317,26220,2895,50034,12368,5888,6480
8790,54383,4320,26231,2897,50062,12372,5888,6484
8795,54414,4323,26243,2898,50091,12376,5890,6486
8800,54445,4326,26257,2901,50118,12380,5890,6490
8805,54476,4329,26273,2903,50147,12386,5892,6494
8810,54507,4333,26287,2907,50173,12392,5893,6499
8815,54538,4336,26303,2909,50202,12398,5896,6502
8820,54569,4340,26314,2912,50229,12404,5897,6507
8825,54600,4343,26328,2914,50256,12410,5900,6510
8830,54631,4347,26341,2916,50283,12416,5903,6513
8835,54662,4351,26355,2919,50310,12422,5906,6516
8840,54693,4355,26373,2922,50338,12428,5909,6519
8845,54724,4359,26385,2924,50364,12434,5912,6522
8850,54755,4361,26399,2925,50393,12440,5915,6525
8855,54786,4363,26412,2927,50422,12446,5917,6529
8860,54817,4365,26422,2927,50450,12452,5918,6534
8865,54848,4370,26438,2930,50475,12460,5924,6536
8870,54879,4376,26457,2935,50502,12468,5929,6539
8875,54910,4382,26474,2939,50527,12476,5934,6542
8880,54941,4385,26483,2941,50555,12484,5935,6549
8885,54972,4389,26506,2944,50583,12492,5940,6552
8890,55003,4391,26523,2945,50611,12500,5944,6556
8895,55034,4392,26539,2945,50642,12508,5948,6560
8900,55065,4393,26554,2946,50671,12516,5951,6565
8905,55096,4395,26571,2947,50701,12524,5956,6568
8910,55127,4397,26586,2948,50730,12532,5960,6572
8915,55158,4398,26601,2948,50759,12540,5966,6574
8920,55189,4399,26610,2949,50789,12548,5969,6579
8925,55220,4400,26626,2950,50819,12556,5971,6585
8930,55251,4400,26636,2950,50850,12564,5973,6591
8935,55282,4400,26651,2950,50880,12572,5978,6594
8940,55313,4400,26670,2950,50912,12580,5983,6597
8945,55344,4400,26684,2950,50944,12588,5985,6603
8950,55375,4401,26695,2951,50974,12596,5987,6609
8955,55406,4404,26709,2953,51002,12604,5991,6613
8960,55437,4406,26725,2954,51031,12612,5996,6616
8965,55468,4408,26742,2956,51060,12620,6001,6619
8970,55499,4410,26758,2957,51089,12628,6006,6622
8975,55530,4413,26771,2959,51117,12636,6008,6628
8980,55561,4416,26787,2961,51145,12644,6013,6631
8985,55592,4418,26798,2962,51173,12652,6015,6637
8990,55623,4421,26817,2965,51201,12660,6018,6642
8995,55654,4424,26829,2966,51229,12668,6022,6646
9000,55685,4427,26840,2968,51258,12676,6026,6650
9005,55716,4428,26851,2968,51288,12682,6028,6654
9010,55747,4429,26863,2969,51318,12688,6033,6655
9015,55778,4432,26881,2972,51346,12694,6037,6657
9020,55809,4434,26895,2973,51374,12700,6039,6661
9025,55840,4438,26911,2977,51402,12706,6041,6665
9030,55871,4440,26924,2977,51430,12712,6045,6667
9035,55902,4445,26943,2982,51456,12718,6048,6670
9040,55933,4449,26951,2984,51484,12724,6049,6675
9045,55964,4452,26967,2986,51510,12730,6052,6678
9050,55995,4454,26980,2988,51541,12736,6057,6679
9055,56026,4456,26992,2989,51569,12742,6059,6683
9060,56057,4458,27002,2991,51599,12748,6063,6685
9065,56088,4459,27015,2992,51628,12754,6064,6690
9070,56119,4461,27031,2993,51656,12760,6066,6694
9075,56150,4462,27040,2993,51687,12766,6067,6699
9080,56181,4463,27054,2994,51718,12772,6070,6702
9085,56212,4465,27074,2996,51747,12778,6074,6704
9090,56243,4466,27087,2997,51777,12784,6075,6709
9095,56274,4467,27106,2997,51806,12790,6079,6711
9100,56305,4469,27116,2998,51836,12796,6081,6715
9105,56336,4471,27131,2999,51863,12804,6085,6719
9110,56367,4475,27145,3002,51892,12812,6090,6722
9115,56398,4479,27162,3006,51918,12820,6093,6727
9120,56429,4483,27179,3010,51944,12828,6095,6733
9125,56460,4487,27198,3013,51971,12834,6100,6734
9130,56491,4489,27213,3014,52000,12840,6103,6737
9135,56522,4491,27230,3016,52029,12846,6107,6739
9140,56553,4494,27245,3019,52058,12852,6109,6743
9145,56584,4497,27260,3021,52086,12858,6111,6747
9150,56615,4498,27277,3022,52116,12864,6115,6749
9155,56646,4501,27293,3024,52145,12870,6120,6750
9160,56677,4503,27312,3025,52172,12876,6124,6752
9165,56708,4505,27328,3027,52202,12882,6128,6754
9170,56739,4506,27339,3027,52232,12888,6131,6757
9175,56770,4508,27356,3028,52261,12894,6134,6760
9180,56801,4511,27372,3031,52290,12900,6138,6762
9185,56832,4512,27385,3032,52319,12905,6139,6766
9190,56863,4516,27401,3036,52346,12910,6142,6768
9195,56894,4519,27414,3038,52374,12915,6144,6771
9200,56925,4520,27428,3039,52405,12920,6148,6772
9205,56956,4520,27439,3039,52436,12925,6149,6776
9210,56987,4520,27452,3039,52467,12930,6151,6779
9215,57018,4520,27463,3039,52498,12935,6153,6782
9220,57049,4520,27476,3039,52529,12940,6155,6785
9225,57080,4520,27490,3039,52559,12945,6156,6789
9230,57111,4521,27505,3040,52589,12952,6159,6793
9235,57142,4522,27520,3041,52620,12959,6164,6795
9240,57173,4524,27532,3042,52649,12966,6169,6797
9245,57204,4525,27542,3042,52679,12972,6170,6802
9250,57235,4526,27557,3042,52709,12978,6171,6807
9255,57266,4530,27574,3045,52736,12984,6176,6808
9260,57297,4534,27591,3049,52763,12990,6178,6812
9265,57328,4538,27604,3052,52790,12996,6182,6814
9270,57359,4540,27618,3054,52816,13002,6184,6818
9275,57390,4542,27635,3055,52846,13008,6186,6822
9280,57421,4544,27649,3057,52876,13014,6189,6825
9285,57452,4546,27661,3058,52904,13021,6193,6828
9290,57483,4549,27683,3059,52933,13028,6197,6831
9295,57514,4551,27694,3060,52963,13035,6199,6836
9300,57545,4553,27702,3061,52992,13042,6199,6843
9305,57576,4557,27718,3064,53017,13047,6202,6845
9310,57607,4563,27733,3069,53042,13052,6203,6849
9315,57638,4567,27743,3073,53070,13057,6205,6852
9320,57669,4572,27753,3075,53096,13062,6207,6855
9325,57700,4576,27772,3078,53123,13067,6210,6857
9330,57731,4581,27787,3081,53149,13072,6213,6859
9335,57762,4585,27801,3083,53175,13077,6215,6862
9340,57793,4590,27815,3086,53200,13082,6216,6866
9345,57824,4594,27831,3090,53230,13088,6220,6868
9350,57855,4596,27844,3092,53258,13094,6223,6871
9355,57886,4599,27861,3094,53286,13100,6226,6874
9360,57917,4602,27876,3096,53314,13106,6228,6878
9365,57948,4604,27889,3096,53344,13112,6230,6882
9370,57979,4609,27900,3100,53370,13118,6231,6887
9375,58010,4613,27918,3104,53397,13124,6234,6890
9380,58041,4615,27938,3105,53426,13130,6238,6892
9385,58072,4617,27956,3107,53455,13136,6240,6896
9390,58103,4619,27969,3109,53484,13142,6243,6899
9395,58134,4621,27982,3111,53512,13148,6247,6901
9400,58165,4623,27996,3112,53542,13154,6249,6905
9405,58196,4624,28011,3113,53571,13162,6251,6911
9410,58227,4625,28028,3114,53601,13170,6255,6915
9415,58258,4626,28045,3115,53632,13178,6257,6921
9420,58289,4626,28065,3115,53663,13186,6264,6922
9425,58320,4626,28080,3115,53694,13194,6271,6923
9430,58351,4626,28099,3115,53725,13202,6276,6926
9435,58382,4626,28116,3115,53756,13210,6280,6930
9440,58413,4626,28128,3115,53787,13218,6283,6935
9445,58444,4626,28146,3115,53818,13226,6288,6938
9450,58475,4627,28158,3115,53848,13234,6291,6943
9455,58506,4628,28178,3116,53878,13242,6299,6943
9460,58537,4629,28194,3116,53908,13250,6302,6948
9465,58568,4630,28211,3116,53935,13258,6307,6951
9470,58599,4632,28222,3117,53965,13266,6311,6955
9475,58630,4633,28235,3117,53995,13274,6314,6960
9480,58661,4636,28251,3120,54023,13282,6319,6963
9485,58692,4639,28261,3121,54052,13289,6320,6969
9490,58723,4645,28276,3126,54078,13296,6321,6975
9495,58754,4650,28290,3130,54104,13303,6324,6979
9500,58785,4653,28301,3132,54132,13310,6326,6984
9505,58816,4657,28317,3134,54158,13317,6329,6988
9510,58847,4661,28331,3136,54185,13324,6333,6991
9515,58878,4669,28347,3142,54209,13331,6336,6995
9520,58909,4676,28364,3147,54232,13338,6340,6998
9525,58940,4681,28379,3151,54259,13345,6342,7003
9530,58971,4687,28392,3155,54284,13352,6345,7007
9535,59002,4689,28409,3157,54313,13359,6349,7010
9540,59033,4690,28422,3157,54343,13366,6353,7013
9545,59064,4692,28434,3159,54372,13372,6355,7017
9550,59095,4694,28454,3161,54401,13378,6359,7019
9555,59126,4696,28466,3163,54430,13384,6363,7021
9560,59157,4698,28483,3165,54459,13390,6366,7024
9565,59188,4700,28494,3166,54488,13396,6367,7029
9570,59219,4701,28506,3166,54518,13402,6369,7033
9575,59250,4702,28519,3166,54548,13408,6373,7035
9580,59281,4704,28532,3167,54577,13414,6376,7038
9585,59312,4705,28549,3168,54606,13421,6380,7041
9590,59343,4706,28564,3169,54637,13428,6384,7044
9595,59374,4706,28577,3169,54667,13435,6387,7048
9600,59405,4706,28590,3169,54698,13442,6390,7052
9605,59436,4706,28604,3169,54730,13449,6394,7055
9610,59467,4706,28619,3169,54760,13456,6399,7057
9615,59498,4706,28635,3169,54792,13463,6403,7060
9620,59529,4706,28652,3169,54822,13470,6406,7064
9625,59560,4706,28669,3169,54854,13477,6408,7069
9630,59591,4706,28689,3169,54885,13484,6412,7072
9635,59622,4708,28707,3170,54912,13491,6416,7075
9640,59653,4711,28722,3172,54942,13498,6421,7077
9645,59684,4714,28740,3175,54969,13506,6427,7079
9650,59715,4718,28754,3177,54993,13514,6431,7083
9655,59746,4724,28771,3182,55021,13522,6435,7087
9660,59777,4728,28785,3184,55047,13530,6438,7092
9665,59808,4732,28802,3187,55074,13538,6442,7096
9670,59839,4738,28816,3191,55099,13546,6446,7100
9675,59870,4741,28830,3194,55128,13554,6448,7106
9680,59901,4744,28837,3196,55156,13562,6449,7113
9685,59932,4749,28854,3200,55183,13570,6451,7119
9690,59963,4752,28863,3201,55211,13578,6452,7126
9695,59994,4755,28879,3203,55239,13586,6456,7130
9700,60025,4758,28893,3205,55267,13594,6461,7133
9705,60056,4759,28913,3206,55297,13602,6465,7137
9710,60087,4761,28927,3207,55326,13610,6469,7141
9715,60118,4762,28944,3207,55356,13618,6476,7142
9720,60149,4763,28957,3207,55386,13626,6480,7146
9725,60180,4764,28971,3207,55416,13632,6481,7151
9730,60211,4765,28987,3207,55445,13638,6485,7153
9735,60242,4767,29003,3209,55475,13644,6489,7155
9740,60273,4769,29014,3210,55504,13650,6491,7159
9745,60304,4771,29031,3211,55533,13656,6494,7162
9750,60335,4772,29047,3212,55562,13662,6497,7165
9755,60366,4774,29064,3213,55592,13668,6500,7168
9760,60397,4776,29078,3214,55620,13674,6503,7171
9765,60428,4777,29095,3215,55650,13680,6504,7176
9770,60459,4778,29112,3215,55681,13686,6507,7179
9775,60490,4779,29124,3216,55710,13692,6510,7182
9780,60521,4781,29142,3218,55740,13698,6513,7185
9785,60552,4782,29159,3219,55769,13703,6516,7187
9790,60583,4783,29172,3219,55799,13708,6518,7190
9795,60614,4787,29184,3221,55825,13713,6522,7191
9800,60645,4791,29199,3223,55852,13718,6524,7194
9805,60676,4796,29218,3227,55879,13723,6526,7197
9810,60707,4800,29234,3229,55906,13728,6530,7198
9815,60738,4804,29253,3230,55933,13733,6534,7199
9820,60769,4807,29270,3231,55960,13738,6538,7200
9825,60800,4812,29286,3234,55987,13744,6542,7202
9830,60831,4818,29305,3239,56011,13751,6547,7204
9835,60862,4822,29319,3241,56038,13758,6551,7207
9840,60893,4826,29331,3242,56064,13765,6553,7212
9845,60924,4830,29346,3246,56093,13770,6555,7215
9850,60955,4832,29357,3247,56121,13775,6556,7219
9855,60986,4834,29372,3247,56152,13780,6557,7223
9860,61017,4837,29387,3249,56180,13785,6560,7225
9865,61048,4839,29401,3250,56209,13790,6563,7227
9870,61079,4841,29412,3250,56238,13795,6567,7228
9875,61110,4843,29427,3250,56267,13800,6569,7231
9880,61141,4846,29437,3252,56295,13805,6572,7233
9885,61172,4848,29452,3253,56324,13811,6574,7237
9890,61203,4852,29466,3256,56351,13817,6575,7242
9895,61234,4856,29480,3259,56378,13823,6579,7244
9900,61265,4858,29494,3260,56407,13829,6581,7248
9905,61296,4859,29509,3260,56437,13834,6583,7251
9910,61327,4861,29527,3262,56466,13839,6587,7252
9915,61358,4862,29544,3263,56496,13844,6591,7253
9920,61389,4863,29555,3264,56526,13849,6593,7256
9925,61420,4865,29573,3266,56555,13854,6595,7259
9930,61451,4866,29586,3267,56585,13859,6599,7260
9935,61482,4869,29602,3270,56613,13864,6603,7261
9940,61513,4871,29618,3271,56642,13869,6605,7264
9945,61544,4871,29632,3271,56673,13875,6607,7268
9950,61575,4873,29651,3272,56700,13882,6611,7271
9955,61606,4877,29667,3275,56727,13889,6615,7274
9960,61637,4880,29681,3277,56755,13896,6618,7278
9965,61668,4885,29694,3281,56782,13903,6621,7282
9970,61699,4888,29709,3284,56810,13910,6625,7285
9975,61730,4889,29724,3285,56839,13917,6628,7289
9980,61761,4892,29737,3288,56869,13924,6632,7292
9985,61792,4892,29754,3288,56900,13931,6634,7297
9990,61823,4892,29769,3288,56930,13938,6636,7302
9995,61854,4892,29780,3288,56962,13945,6638,7307
10000,61885,4892,29792,3288,56993,13952,6641,7311
10005,61916,4893,29806,3288,57022,13960,6643,7317
10010,61947,4895,29821,3290,57052,13968,6647,7321
10015,61978,4897,29842,3291,57081,13976,6652,7324
10020,62009,4899,29854,3293,57110,13984,6655,7329
10025,62040,4901,29867,3294,57139,13992,6658,7334
10030,62071,4903,29887,3296,57168,14000,6665,7335
10035,62102,4904,29903,3297,57198,14008,6669,7339
10040,62133,4906,29920,3298,57227,14016,6673,7343
10045,62164,4908,29935,3299,57256,14024,6675,7349
10050,62195,4910,29948,3301,57285,14032,6678,7354
10055,62226,4913,29964,3303,57313,14040,6683,7357
10060,62257,4915,29974,3304,57342,14048,6686,7362
10065,62288,4919,29988,3308,57369,14056,6689,7367
10070,62319,4921,30003,3309,57397,14064,6693,7371
10075,62350,4923,30014,3311,57426,14072,6696,7376
10080,62381,4927,30029,3314,57453,14080,6701,7379
10085,62412,4930,30044,3316,57481,14086,6703,7383
10090,62443,4932,30057,3317,57510,14092,6706,7386
10095,62474,4937,30069,3319,57537,14098,6709,7389
10100,62505,4942,30087,3323,57563,14104,6712,7392
10105,62536,4945,30102,3325,57591,14110,6716,7394
10110,62567,4949,30121,3328,57618,14116,6718,7398
10115,62598,4952,30134,3329,57646,14122,6722,7400
10120,62629,4955,30144,3331,57674,14128,6722,7406
10125,62660,4958,30160,3333,57700,14134,6724,7410
10130,62691,4963,30172,3336,57728,14140,6725,7415
10135,62722,4967,30191,3340,57755,14146,6731,7415
10140,62753,4971,30208,3344,57781,14152,6735,7417
10145,62784,4973,30219,3345,57811,14158,6737,7421
10150,62815,4975,30232,3346,57840,14164,6740,7424
10155,62846,4977,30246,3348,57869,14170,6743,7427
10160,62877,4979,30261,3349,57897,14176,6746,7430
10165,62908,4979,30271,3349,57929,14182,6747,7435
10170,62939,4979,30284,3349,57960,14188,6750,7438
10175,62970,4979,30296,3349,57991,14194,6754,7440
10180,63001,4979,30315,3349,58022,14200,6759,7441
10185,63032,4979,30326,3349,58053,14208,6763,7445
10190,63063,4979,30342,3349,58084,14216,6768,7448
10195,63094,4979,30357,3349,58115,14224,6772,7452
10200,63125,4980,30374,3350,58144,14232,6776,7456
10205,63156,4981,30391,3350,58172,14240,6779,7461
10210,63187,4983,30409,3352,58204,14248,6784,7464
10215,63218,4984,30420,3352,58233,14256,6788,7468
10220,63249,4985,30432,3352,58263,14264,6791,7473
10225,63280,4986,30446,3353,58294,14272,6794,7478
10230,63311,4987,30458,3353,58324,14280,6797,7483
10235,63342,4988,30473,3354,58354,14288,6802,7486
10240,63373,4990,30485,3355,58383,14296,6805,7491
10245,63404,4992,30503,3357,58412,14304,6810,7494
10250,63435,4995,30518,3359,58440,14312,6816,7496
10255,63466,4998,30535,3361,58467,14320,6820,7500
10260,63497,5000,30550,3362,58495,14328,6824,7504
10265,63528,5003,30566,3363,58525,14335,6829,7506
10270,63559,5007,30580,3364,58551,14342,6833,7509
10275,63590,5012,30594,3367,58577,14349,6834,7515
10280,63621,5018,30610,3371,58603,14356,6838,7518
10285,63652,5023,30622,3375,58628,14363,6841,7522
10290,63683,5028,30636,3378,58654,14370,6845,7525
10295,63714,5033,30648,3381,58680,14377,6847,7530
10300,63745,5035,30665,3382,58709,14384,6851,7533
10305,63776,5037,30683,3383,58738,14391,6855,7536
10310,63807,5039,30696,3384,58768,14398,6859,7539
10315,63838,5042,30714,3386,58796,14405,6863,7542
10320,63869,5045,30727,3389,58824,14412,6867,7545
10325,63900,5047,30743,3390,58853,14418,6871,7547
10330,63931,5049,30758,3391,58881,14424,6873,7551
10335,63962,5051,30775,3392,58911,14430,6875,7555
10340,63993,5053,30790,3393,58940,14436,6878,7558
10345,64024,5055,30807,3394,58968,14442,6881,7561
10350,64055,5057,30822,3394,58998,14448,6885,7563
10355,64086,5059,30840,3394,59027,14454,6889,7565
10360,64117,5061,30854,3394,59056,14460,6892,7568
10365,64148,5063,30874,3395,59083,14467,6898,7569
10370,64179,5066,30889,3396,59112,14474,6902,7572
10375,64210,5070,30905,3399,59140,14481,6904,7577
10380,64241,5074,30919,3402,59165,14488,6906,7582
10385,64272,5076,30930,3403,59196,14494,6907,7587
10390,64303,5080,30948,3407,59223,14500,6910,7590
10395,64334,5083,30961,3410,59251,14506,6913,7593
10400,64365,5087,30977,3412,59277,14512,6917,7595
10405,64396,5092,30991,3415,59304,14518,6920,7598
10410,64427,5096,31009,3417,59331,14524,6922,7602
10415,64458,5098,31027,3419,59359,14530,6925,7605
10420,64489,5101,31042,3422,59388,14536,6928,7608
10425,64520,5103,31056,3423,59417,14543,6931,7612
10430,64551,5105,31075,3423,59446,14550,6938,7612
10435,64582,5107,31093,3425,59474,14557,6941,7616
10440,64613,5110,31105,3426,59502,14564,6943,7621
10445,64644,5113,31117,3428,59531,14569,6944,7625
10450,64675,5115,31135,3430,59559,14574,6947,7627
10455,64706,5118,31153,3432,59587,14579,6951,7628
10460,64737,5121,31174,3435,59612,14584,6953,7631
10465,64768,5125,31189,3439,59641,14589,6955,7634
10470,64799,5125,31201,3439,59674,14594,6957,7637
10475,64830,5125,31221,3439,59705,14599,6960,7639
10480,64861,5125,31236,3439,59736,14604,6964,7640
10485,64892,5125,31249,3439,59767,14610,6967,7643
10490,64923,5125,31270,3439,59796,14616,6971,7645
10495,64954,5125,31283,3439,59827,14622,6973,7649
10500,64985,5125,31298,3439,59860,14628,6974,7654
10505,65016,5125,31313,3439,59889,14634,6978,7656
10510,65047,5125,31326,3439,59921,14640,6980,7660
10515,65078,5125,31338,3439,59953,14646,6982,7664
10520,65109,5126,31350,3439,59983,14652,6984,7668
10525,65140,5127,31364,3439,60012,14658,6988,7670
10530,65171,5129,31379,3440,60042,14664,6992,7672
10535,65202,5130,31393,3440,60071,14670,6995,7675
10540,65233,5131,31410,3440,60101,14676,6998,7678
10545,65264,5134,31423,3441,60129,14683,7002,7681
10550,65295,5136,31442,3442,60158,14691,7007,7684
10555,65326,5138,31460,3443,60187,14699,7012,7687
10560,65357,5141,31469,3444,60216,14707,7013,7694
10565,65388,5145,31486,3446,60243,14714,7017,7697
10570,65419,5148,31504,3449,60271,14721,7022,7699
10575,65450,5153,31523,3452,60297,14728,7027,7701
10580,65481,5157,31537,3455,60324,14735,7029,7706
10585,65512,5161,31548,3459,60351,14742,7034,7708
10590,65543,5165,31563,3461,60378,14749,7039,7710
10595,65574,5171,31581,3466,60402,14756,7043,7713
10600,65605,5176,31597,3470,60428,14763,7045,7718
10605,65636,5180,31614,3474,60456,14770,7049,7721
10610,65667,5184,31629,3478,60482,14777,7050,7727
10615,65698,5186,31648,3480,60512,14784,7055,7729
10620,65729,5188,31662,3480,60541,14791,7059,7732
10625,65760,5190,31674,3480,60570,14797,7062,7735
10630,65791,5192,31688,3482,60599,14803,7064,7739
10635,65822,5196,31706,3486,60626,14809,7068,7741
10640,65853,5199,31718,3488,60654,14815,7071,7744
10645,65884,5204,31740,3493,60680,14821,7075,7746
10650,65915,5208,31753,3496,60707,14827,7078,7749
10655,65946,5210,31761,3497,60736,14833,7079,7754
10660,65977,5212,31781,3499,60764,14839,7083,7756
10665,66008,5217,31795,3503,60789,14845,7084,7761
10670,66039,5221,31811,3507,60817,14852,7088,7764
10675,66070,5222,31825,3508,60848,14859,7090,7769
10680,66101,5222,31840,3508,60879,14866,7093,7773
10685,66132,5222,31855,3508,60910,14872,7095,7777
10690,66163,5222,31870,3508,60941,14878,7100,7778
10695,66194,5222,31879,3508,60972,14884,7102,7782
10700,66225,5222,31892,3508,61002,14890,7103,7787
10705,66256,5222,31908,3508,61034,14896,7105,7791
10710,66287,5222,31926,3508,61065,14902,7109,7793
10715,66318,5223,31942,3509,61095,14908,7113,7795
10720,66349,5224,31955,3510,61125,14914,7114,7800
10725,66380,5225,31967,3510,61155,14921,7117,7804
10730,66411,5227,31980,3512,61183,14928,7118,7810
10735,66442,5229,31995,3513,61212,14935,7120,7815
10740,66473,5230,32010,3514,61243,14942,7124,7818
10745,66504,5232,32025,3515,61271,14949,7127,7822
10750,66535,5233,32040,3515,61302,14956,7131,7825
10755,66566,5234,32050,3515,61331,14963,7132,7831
10760,66597,5236,32066,3516,61361,14970,7134,7836
10765,66628,5238,32081,3517,61389,14977,7138,7839
10770,66659,5241,32098,3519,61417,14984,7142,7842
10775,66690,5243,32114,3520,61446,14991,7146,7845
10780,66721,5247,32131,3523,61473,14998,7151,7847
10785,66752,5251,32146,3527,61500,15006,7154,7852
10790,66783,5256,32158,3530,61526,15014,7156,7858
10795,66814,5262,32173,3534,61552,15022,7160,7862
10800,66845,5266,32191,3538,61578,15030,7163,7867
10805,66876,5269,32207,3541,61607,15038,7167,7871
10810,66907,5275,32221,3545,61632,15046,7172,7874
10815,66938,5277,32236,3545,61659,15054,7177,7877
10820,66969,5281,32248,3548,61687,15062,7179,7883
10825,67000,5285,32267,3552,61714,15070,7183,7887
10830,67031,5290,32283,3557,61740,15078,7186,7892
10835,67062,5295,32302,3560,61767,15086,7190,7896
10840,67093,5298,32318,3563,61793,15094,7194,7900
10845,67124,5302,32330,3566,61821,15102,7200,7902
10850,67155,5306,32347,3568,61847,15110,7206,7904
10855,67186,5308,32367,3570,61877,15118,7211,7907
10860,67217,5309,32379,3570,61908,15126,7214,7912
10865,67248,5311,32394,3571,61937,15132,7218,7914
10870,67279,5312,32407,3571,61967,15138,7221,7917
10875,67310,5313,32424,3571,61997,15144,7226,7918
10880,67341,5315,32440,3573,62026,15150,7228,7922
10885,67372,5316,32454,3574,62056,15156,7231,7925
10890,67403,5318,32467,3576,62085,15162,7234,7928
10895,67434,5319,32482,3577,62115,15168,7237,7931
10900,67465,5319,32495,3577,62145,15174,7238,7936
10905,67496,5319,32512,3577,62176,15180,7241,7939
10910,67527,5319,32525,3577,62207,15186,7243,7943
10915,67558,5319,32539,3577,62239,15192,7243,7949
10920,67589,5320,32559,3577,62268,15198,7246,7952
10925,67620,5321,32579,3577,62298,15203,7249,7954
10930,67651,5322,32593,3577,62329,15208,7252,7956
10935,67682,5323,32608,3577,62359,15213,7255,7958
10940,67713,5324,32617,3577,62389,15218,7256,7962
10945,67744,5325,32634,3577,62419,15223,7259,7964
10950,67775,5326,32646,3578,62449,15228,7262,7966
10955,67806,5327,32661,3578,62477,15233,7265,7968
10960,67837,5330,32672,3579,62506,15238,7268,7970
10965,67868,5334,32686,3582,62532,15245,7272,7973
10970,67899,5338,32702,3585,62558,15252,7275,7977
10975,67930,5342,32720,3588,62585,15259,7278,7981
10980,67961,5345,32731,3591,62615,15266,7280,7986
10985,67992,5349,32747,3594,62642,15272,7284,7988
10990,68023,5353,32766,3596,62668,15278,7288,7990
10995,68054,5356,32778,3597,62698,15284,7292,7992
11000,68085,5359,32793,3599,62724,15290,7294,7996
11005,68116,5362,32805,3601,62753,15296,7295,8001
11010,68147,5365,32818,3603,62781,15302,7298,8004
11015,68178,5370,32836,3606,62806,15308,7302,8006
11020,68209,5375,32846,3609,62834,15314,7304,8010
11025,68240,5380,32862,3613,62859,15321,7308,8013
11030,68271,5385,32879,3617,62886,15328,7313,8015
11035,68302,5388,32889,3619,62914,15335,7315,8020
11040,68333,5393,32905,3623,62940,15342,7318,8024
11045,68364,5394,32917,3624,62970,15348,7321,8027
11050,68395,5395,32930,3625,63000,15354,7324,8030
11055,68426,5396,32942,3625,63030,15360,7326,8034
11060,68457,5397,32963,3626,63060,15366,7331,8035
11065,68488,5398,32981,3627,63090,15372,7335,8037
11070,68519,5399,32995,3628,63120,15378,7338,8040
11075,68550,5400,33007,3629,63150,15384,7339,8045
11080,68581,5402,33021,3630,63179,15390,7342,8048
11085,68612,5403,33032,3631,63209,15397,7345,8052
11090,68643,5405,33048,3632,63238,15404,7349,8055
11095,68674,5407,33064,3633,63267,15411,7352,8059
11100,68705,5408,33079,3633,63297,15418,7356,8062
11105,68736,5409,33099,3634,63327,15425,7359,8066
11110,68767,5410,33113,3635,63356,15432,7362,8070
11115,68798,5412,33124,3637,63386,15439,7365,8074
11120,68829,5413,33140,3637,63415,15446,7367,8079
11125,68860,5414,33155,3637,63444,15453,7370,8083
11130,68891,5416,33167,3639,63474,15460,7372,8088
11135,68922,5417,33182,3639,63505,15467,7376,8091
11140,68953,5419,33195,3640,63533,15474,7380,8094
11145,68984,5423,33204,3643,63560,15481,7382,8099
11150,69015,5432,33219,3651,63582,15489,7385,8104
11155,69046,5436,33229,3654,63609,15497,7387,8110
11160,69077,5444,33242,3659,63631,15505,7391,8114
11165,69108,5447,33253,3661,63659,15512,7395,8117
11170,69139,5451,33267,3665,63688,15519,7397,8122
11175,69170,5456,33287,3670,63713,15526,7402,8124
11180,69201,5460,33299,3672,63741,15533,7404,8129
11185,69232,5462,33317,3673,63770,15540,7406,8134
11190,69263,5464,33330,3674,63799,15547,7410,8137
11195,69294,5468,33342,3678,63825,15554,7412,8142
11200,69325,5471,33355,3681,63853,15561,7415,8146
11205,69356,5474,33373,3682,63880,15568,7417,8151
11210,69387,5479,33385,3685,63907,15575,7419,8156
11215,69418,5482,33401,3688,63936,15582,7423,8159
11220,69449,5482,33414,3688,63966,15589,7427,8162
11225,69480,5482,33424,3688,63997,15596,7430,8166
11230,69511,5482,33443,3688,64029,15603,7432,8171
11235,69542,5482,33456,3688,64059,15610,7437,8173
11240,69573,5482,33471,3688,64091,15617,7441,8176
11245,69604,5482,33483,3688,64122,15624,7445,8179
11250,69635,5482,33494,3688,64153,15631,7448,8183
11255,69666,5482,33509,3688,64183,15638,7452,8186
11260,69697,5482,33525,3688,64215,15645,7457,8188
11265,69728,5482,33541,3688,64244,15653,7461,8192
11270,69759,5482,33556,3688,64276,15661,7465,8196
11275,69790,5482,33571,3688,64308,15669,7469,8200
11280,69821,5482,33585,3688,64339,15677,7472,8205
11285,69852,5484,33599,3689,64367,15683,7474,8209
11290,69883,5485,33613,3689,64398,15689,7477,8212
11295,69914,5486,33632,3689,64427,15695,7480,8215
11300,69945,5487,33646,3689,64458,15701,7484,8217
11305,69976,5489,33664,3691,64486,15707,7486,8221
11310,70007,5490,33683,3692,64515,15713,7490,8223
11315,70038,5494,33694,3694,64543,15719,7491,8228
11320,70069,5500,33713,3699,64568,15725,7496,8229
11325,70100,5508,33728,3705,64590,15731,7497,8234
11330,70131,5515,33742,3709,64613,15737,7498,8239
11335,70162,5525,33757,3718,64635,15743,7500,8243
11340,70193,5534,33773,3726,64659,15749,7504,8245
11345,70224,5536,33785,3728,64687,15755,7506,8249
11350,70255,5540,33802,3731,64715,15761,7509,8252
11355,70286,5542,33811,3732,64744,15767,7512,8255
11360,70317,5543,33823,3733,64773,15773,7513,8260
11365,70348,5545,33836,3735,64802,15779,7515,8264
11370,70379,5547,33853,3736,64832,15785,7519,8266
11375,70410,5548,33866,3736,64862,15791,7522,8269
11380,70441,5549,33881,3736,64890,15797,7526,8271
11385,70472,5552,33894,3739,64919,15804,7529,8275
11390,70503,5554,33910,3741,64949,15812,7533,8279
11395,70534,5554,33922,3741,64979,15820,7536,8284
11400,70565,5554,33942,3741,65011,15828,7541,8287
11405,70596,5554,33957,3741,65041,15835,7545,8290
11410,70627,5554,33973,3741,65073,15842,7549,8293
11415,70658,5554,33983,3741,65103,15849,7550,8299
11420,70689,5554,33996,3741,65135,15856,7551,8305
11425,70720,5554,34008,3741,65166,15863,7555,8308
11430,70751,5554,34021,3741,65196,15870,7556,8314
11435,70782,5554,34036,3741,65228,15877,7560,8317
11440,70813,5554,34051,3741,65258,15884,7562,8322
11445,70844,5554,34068,3741,65289,15891,7565,8326
11450,70875,5556,34087,3743,65319,15898,7569,8329
11455,70906,5559,34104,3744,65346,15905,7572,8333
11460,70937,5561,34117,3745,65375,15912,7574,8338
11465,70968,5563,34133,3746,65404,15917,7576,8341
11470,70999,5566,34149,3749,65433,15922,7578,8344
11475,71030,5570,34162,3752,65459,15927,7579,8348
11480,71061,5573,34178,3753,65488,15932,7581,8351
11485,71092,5576,34190,3754,65515,15937,7585,8352
11490,71123,5579,34204,3755,65544,15942,7588,8354
11495,71154,5582,34224,3758,65569,15947,7592,8355
11500,71185,5588,34239,3762,65597,15952,7594,8358
11505,71216,5593,34258,3766,65620,15958,7597,8361
11510,71247,5599,34267,3771,65648,15964,7599,8365
11515,71278,5606,34288,3778,65671,15970,7604,8366
11520,71309,5610,34304,3781,65698,15976,7606,8370
11525,71340,5613,34319,3783,65727,15982,7608,8374
11530,71371,5616,34335,3784,65755,15988,7612,8376
11535,71402,5619,34349,3787,65782,15994,7616,8378
11540,71433,5622,34358,3789,65810,16000,7616,8384
11545,71464,5624,34374,3789,65839,16006,7619,8387
11550,71495,5627,34387,3792,65867,16012,7620,8392
11555,71526,5630,34404,3793,65895,16018,7622,8396
11560,71557,5632,34418,3794,65924,16024,7625,8399
11565,71588,5633,34433,3794,65954,16032,7629,8403
11570,71619,5634,34452,3795,65984,16040,7635,8405
11575,71650,5635,34463,3795,66015,16048,7637,8411
11580,71681,5636,34479,3796,66045,16056,7642,8414
11585,71712,5637,34491,3796,66075,16063,7646,8417
11590,71743,5638,34504,3796,66105,16070,7647,8423
11595,71774,5639,34516,3796,66135,16077,7648,8429
11600,71805,5640,34530,3796,66165,16084,7653,8431
11605,71836,5641,34542,3797,66195,16091,7657,8434
11610,71867,5642,34559,3798,66225,16098,7660,8438
11615,71898,5643,34575,3798,66255,16105,7662,8443
11620,71929,5644,34591,3798,66285,16112,7664,8448
11625,71960,5646,34604,3799,66313,16119,7666,8453
11630,71991,5649,34621,3801,66341,16126,7673,8453
11635,72022,5651,34632,3802,66371,16133,7674,8459
11640,72053,5654,34644,3803,66399,16140,7677,8463
11645,72084,5658,34659,3806,66426,16147,7679,8468
11650,72115,5662,34672,3809,66453,16154,7684,8470
11655,72146,5665,34687,3812,66481,16161,7688,8473
11660,72177,5666,34702,3813,66511,16168,7693,8475
11665,72208,5669,34720,3816,66538,16175,7693,8482
11670,72239,5672,34733,3818,66567,16182,7695,8487
11675,72270,5676,34749,3821,66593,16189,7698,8491
11680,72301,5680,34766,3823,66620,16196,7701,8495
11685,72332,5685,34785,3827,66643,16204,7707,8497
11690,72363,5689,34796,3830,66672,16212,7710,8502
11695,72394,5692,34815,3832,66701,16220,7716,8504
11700,72425,5695,34832,3834,66728,16228,7721,8507
11705,72456,5697,34843,3835,66759,16234,7724,8510
11710,72487,5700,34865,3838,66786,16240,7729,8511
11715,72518,5703,34880,3840,66814,16246,7730,8516
11720,72549,5706,34898,3843,66843,16252,7733,8519
11725,72580,5708,34911,3844,66872,16258,7737,8521
11730,72611,5709,34926,3844,66900,16264,7741,8523
11735,72642,5711,34939,3845,66929,16270,7743,8527
11740,72673,5712,34955,3846,66960,16276,7745,8531
11745,72704,5712,34971,3846,66991,16282,7748,8534
11750,72735,5712,34992,3846,67022,16288,7752,8536
11755,72766,5712,35008,3846,67054,16294,7756,8538
11760,72797,5713,35029,3846,67083,16300,7760,8540
11765,72828,5715,35044,3848,67113,16306,7762,8544
11770,72859,5717,35061,3849,67142,16312,7764,8548
11775,72890,5719,35073,3851,67171,16318,7766,8552
11780,72921,5721,35092,3853,67200,16324,7767,8557
11785,72952,5723,35103,3854,67229,16330,7768,8562
11790,72983,5724,35118,3855,67259,16336,7769,8567
11795,73014,5726,35130,3856,67288,16342,7771,8571
11800,73045,5728,35146,3857,67316,16348,7774,8574
11805,73076,5730,35164,3858,67344,16355,7776,8579
11810,73107,5731,35176,3858,67376,16363,7779,8584
11815,73138,5733,35191,3860,67405,16371,7782,8589
11820,73169,5734,35207,3860,67435,16379,7787,8592
11825,73200,5737,35221,3861,67463,16387,7792,8595
11830,73231,5741,35235,3864,67490,16395,7795,8600
11835,73262,5744,35249,3866,67518,16403,7797,8606
11840,73293,5745,35265,3867,67548,16411,7803,8608
11845,73324,5748,35280,3868,67575,16419,7808,8611
11850,73355,5752,35296,3870,67601,16427,7813,8614
11855,73386,5757,35312,3875,67628,16435,7817,8618
11860,73417,5762,35324,3879,67654,16443,7819,8624
11865,73448,5766,35340,3881,67681,16451,7824,8627
11870,73479,5772,35354,3885,67706,16459,7827,8632
11875,73510,5776,35373,3888,67734,16467,7833,8634
11880,73541,5779,35390,3891,67759,16475,7837,8638
11885,73572,5783,35407,3895,67789,16482,7840,8642
11890,73603,5783,35425,3895,67819,16489,7843,8646
11895,73634,5783,35441,3895,67850,16496,7846,8650
11900,73665,5783,35460,3895,67881,16503,7847,8656
11905,73696,5783,35473,3895,67913,16510,7851,8659
11910,73727,5783,35484,3895,67944,16517,7853,8664
11915,73758,5783,35499,3895,67974,16524,7857,8667
11920,73789,5783,35511,3895,68005,16531,7860,8671
11925,73820,5783,35528,3895,68036,16538,7865,8673
11930,73851,5783,35543,3895,68067,16545,7869,8676
11935,73882,5783,35557,3895,68096,16552,7871,8681
11940,73913,5784,35571,3896,68128,16559,7874,8685
11945,73944,5786,35586,3898,68157,16565,7877,8688
11950,73975,5788,35598,3899,68186,16571,7880,8691
11955,74006,5789,35615,3900,68216,16577,7884,8693
11960,74037,5790,35632,3901,68247,16583,7888,8695
11965,74068,5791,35647,3902,68276,16589,7890,8699
11970,74099,5793,35664,3903,68306,16595,7893,8702
11975,74130,5794,35675,3904,68336,16601,7893,8708
11980,74161,5795,35687,3904,68366,16607,7895,8712
11985,74192,5797,35705,3906,68395,16614,7899,8715
11990,74223,5803,35716,3910,68419,16621,7899,8722
11995,74254,5808,35729,3913,68445,16628,7902,8726
12000,74285,5815,35742,3917,68469,16635,7906,8729
12005,74316,5822,35753,3923,68493,16639,7907,8732
12010,74347,5827,35767,3926,68520,16643,7908,8735
12015,74378,5829,35786,3928,68549,16647,7909,8738
12020,74409,5833,35803,3931,68576,16651,7911,8740
12025,74440,5835,35818,3931,68605,16655,7912,8743
12030,74471,5838,35836,3932,68633,16659,7914,8745
12035,74502,5841,35854,3934,68661,16663,7917,8746
12040,74533,5844,35870,3936,68689,16667,7919,8748
12045,74564,5848,35885,3939,68716,16672,7921,8751
12050,74595,5850,35896,3940,68745,16677,7923,8754
12055,74626,5854,35911,3943,68772,16682,7927,8755
12060,74657,5856,35924,3944,68801,16687,7929,8758
12065,74688,5858,35941,3946,68830,16692,7931,8761
12070,74719,5860,35960,3948,68859,16697,7934,8763
12075,74750,5863,35975,3950,68887,16702,7936,8766
12080,74781,5865,35991,3951,68915,16707,7940,8767
12085,74812,5865,36005,3951,68946,16712,7941,8771
12090,74843,5865,36020,3951,68978,16717,7942,8775
12095,74874,5865,36034,3951,69008,16722,7945,8777
12100,74905,5865,36043,3951,69040,16727,7946,8781
12105,74936,5865,36062,3951,69070,16734,7952,8782
12110,74967,5865,36077,3951,69102,16742,7956,8786
12115,74998,5865,36091,3951,69133,16750,7960,8790
12120,75029,5866,36109,3952,69162,16758,7966,8792
12125,75060,5868,36126,3953,69191,16766,7970,8796
12130,75091,5870,36139,3954,69219,16774,7971,8803
12135,75122,5874,36154,3958,69247,16782,7975,8807
12140,75153,5877,36169,3961,69276,16790,7981,8809
12145,75184,5880,36184,3964,69303,16798,7984,8814
12150,75215,5884,36201,3968,69329,16806,7988,8818
12155,75246,5886,36214,3970,69360,16814,7991,8823
12160,75277,5887,36229,3970,69390,16822,7996,8826
12165,75308,5888,36250,3971,69420,16830,8003,8827
12170,75339,5889,36268,3972,69450,16838,8006,8832
12175,75370,5890,36285,3973,69480,16846,8010,8836
12180,75401,5891,36301,3973,69510,16854,8014,8840
12185,75432,5892,36313,3974,69540,16861,8018,8843
12190,75463,5894,36328,3974,69569,16868,8023,8845
12195,75494,5896,36341,3975,69598,16875,8025,8850
12200,75525,5898,36354,3977,69627,16882,8028,8854
12205,75556,5900,36371,3978,69656,16889,8032,8857
12210,75587,5902,36389,3979,69685,16896,8036,8860
12215,75618,5904,36400,3979,69714,16903,8038,8865
12220,75649,5906,36416,3980,69743,16910,8042,8868
12225,75680,5908,36431,3981,69770,16917,8045,8872
12230,75711,5911,36442,3982,69799,16924,8047,8877
12235,75742,5913,36459,3983,69828,16931,8052,8879
12240,75773,5915,36473,3983,69857,16938,8055,8883
12245,75804,5919,36491,3986,69884,16945,8056,8889
12250,75835,5922,36507,3989,69913,16952,8059,8893
12255,75866,5924,36519,3990,69942,16959,8063,8896
12260,75897,5927,36531,3992,69970,16966,8064,8902
12265,75928,5931,36544,3995,69997,16973,8067,8906
12270,75959,5934,36556,3996,70025,16980,8069,8911
12275,75990,5939,36571,3998,70051,16987,8073,8914
12280,76021,5942,36585,3999,70079,16994,8078,8916
12285,76052,5945,36593,4000,70107,17002,8082,8920
12290,76083,5951,36606,4005,70132,17010,8083,8927
12295,76114,5956,36619,4008,70158,17018,8089,8929
12300,76145,5961,36635,4012,70184,17026,8092,8934
12305,76176,5964,36651,4015,70212,17033,8096,8937
12310,76207,5967,36668,4017,70240,17040,8101,8939
12315,76238,5969,36682,4018,70269,17047,8105,8942
12320,76269,5972,36700,4020,70297,17054,8109,8945
12325,76300,5974,36712,4021,70326,17061,8112,8949
12330,76331,5977,36723,4023,70354,17068,8112,8956
12335,76362,5979,36739,4023,70383,17075,8116,8959
12340,76393,5981,36757,4025,70410,17082,8119,8963
12345,76424,5986,36765,4028,70437,17089,8120,8969
12350,76455,5992,36779,4033,70463,17096,8126,8970
12355,76486,5995,36795,4036,70488,17103,8130,8973
12360,76517,6002,36812,4043,70513,17110,8132,8978
12365,76548,6003,36828,4044,70545,17116,8137,8979
12370,76579,6003,36844,4044,70576,17122,8140,8982
12375,76610,6003,36856,4044,70607,17128,8142,8986
12380,76641,6003,36864,4044,70637,17134,8145,8989
12385,76672,6003,36882,4044,70667,17140,8150,8990
12390,76703,6003,36897,4044,70700,17146,8153,8993
12395,76734,6003,36912,4044,70731,17152,8156,8996
12400,76765,6003,36929,4044,70760,17158,8159,8999
12405,76796,6003,36947,4044,70792,17165,8161,9004
12410,76827,6004,36963,4044,70823,17172,8165,9007
12415,76858,6005,36982,4045,70852,17179,8170,9009
12420,76889,6007,36998,4047,70882,17186,8175,9011
12425,76920,6009,37011,4048,70911,17193,8180,9013
12430,76951,6011,37027,4049,70940,17200,8184,9016
12435,76982,6012,37039,4049,70969,17207,8187,9020
12440,77013,6014,37054,4050,70998,17214,8189,9025
12445,77044,6015,37071,4051,71028,17221,8193,9028
12450,77075,6017,37079,4052,71058,17228,8197,9031
12455,77106,6019,37095,4054,71087,17235,8201,9034
12460,77137,6020,37111,4055,71116,17242,8205,9037
12465,77168,6022,37125,4056,71146,17249,8208,9041
12470,77199,6027,37139,4060,71171,17257,8212,9045
12475,77230,6034,37148,4064,71195,17265,8213,9052
12480,77261,6039,37159,4067,71222,17273,8218,9055
12485,77292,6042,37170,4068,71250,17279,8222,9057
12490,77323,6046,37186,4069,71276,17285,8225,9060
12495,77354,6051,37199,4072,71302,17291,8227,9064
12500,77385,6057,37213,4077,71328,17297,8229,9068
12505,77416,6061,37230,4079,71354,17303,8232,9071
12510,77447,6064,37245,4080,71382,17309,8236,9073
12515,77478,6068,37258,4082,71410,17315,8238,9077
12520,77509,6071,37271,4085,71437,17321,8239,9082
12525,77540,6074,37288,4087,71463,17327,8243,9084
12530,77571,6077,37305,4088,71492,17333,8247,9086
12535,77602,6080,37320,4089,71519,17339,8250,9089
12540,77633,6083,37345,4092,71548,17345,8255,9090
12545,77664,6087,37363,4095,71576,17350,8258,9092
12550,77695,6089,37377,4097,71606,17355,8261,9094
12555,77726,6090,37392,4098,71636,17360,8263,9097
12560,77757,6091,37413,4099,71666,17365,8266,9099
12565,77788,6092,37430,4099,71696,17370,8268,9102
12570,77819,6093,37447,4099,71726,17375,8271,9104
12575,77850,6094,37463,4100,71756,17380,8274,9106
12580,77881,6095,37472,4100,71786,17385,8276,9109
12585,77912,6096,37481,4101,71816,17392,8277,9115
12590,77943,6097,37491,4102,71846,17399,8278,9121
12595,77974,6097,37504,4102,71876,17406,8281,9125
12600,78005,6097,37517,4102,71907,17413,8284,9129
12605,78036,6097,37530,4102,71939,17419,8285,9134
12610,78067,6097,37542,4102,71970,17425,8287,9138
12615,78098,6098,37556,4103,72000,17431,8288,9143
12620,78129,6099,37568,4103,72030,17437,8293,9144
12625,78160,6100,37584,4103,72060,17443,8297,9146
12630,78191,6102,37603,4105,72089,17449,8299,9150
12635,78222,6103,37616,4105,72119,17455,8302,9153
12640,78253,6104,37636,4106,72149,17461,8306,9155
12645,78284,6106,37647,4107,72178,17468,8309,9159
12650,78315,6107,37663,4108,72206,17475,8312,9163
12655,78346,6115,37683,4116,72229,17482,8316,9166
12660,78377,6124,37704,4124,72251,17489,8320,9169
12665,78408,6128,37717,4126,72280,17496,8324,9172
12670,78439,6130,37728,4127,72309,17503,8326,9177
12675,78470,6132,37740,4127,72338,17510,8328,9182
12680,78501,6134,37755,4128,72366,17517,8331,9186
12685,78532,6137,37769,4131,72394,17524,8334,9190
12690,78563,6139,37779,4132,72424,17531,8335,9196
12695,78594,6141,37793,4132,72453,17538,8337,9201
12700,78625,6144,37808,4133,72481,17545,8339,9206
12705,78656,6146,37824,4133,72506,17553,8343,9210
12710,78687,6149,37838,4134,72537,17561,8348,9213
12715,78718,6152,37848,4136,72566,17569,8349,9220
12720,78749,6154,37862,4137,72594,17577,8353,9224
12725,78780,6157,37881,4138,72622,17585,8359,9226
12730,78811,6159,37899,4140,72651,17593,8363,9230
12735,78842,6162,37912,4142,72679,17601,8365,9236
12740,78873,6164,37924,4143,72708,17609,8369,9240
12745,78904,6166,37940,4144,72738,17617,8374,9243
12750,78935,6169,37950,4146,72766,17625,8378,9247
12755,78966,6174,37967,4151,72792,17633,8383,9250
12760,78997,6177,37984,4154,72820,17641,8388,9253
12765,79028,6178,38002,4154,72850,17649,8392,9257
12770,79059,6179,38019,4155,72880,17657,8395,9262
12775,79090,6180,38034,4156,72910,17665,8397,9268
12780,79121,6181,38050,4157,72940,17673,8402,9271
12785,79152,6182,38064,4157,72970,17680,8405,9275
12790,79183,6183,38079,4158,73000,17687,8408,9279
12795,79214,6187,38095,4161,73026,17694,8413,9281
12800,79245,6191,38109,4164,73054,17701,8418,9283
12805,79276,6195,38123,4167,73080,17708,8424,9284
12810,79307,6200,38135,4171,73107,17715,8429,9286
12815,79338,6204,38149,4175,73134,17722,8431,9291
12820,79369,6209,38166,4179,73160,17729,8434,9295
12825,79400,6210,38184,4180,73189,17736,8438,9298
12830,79431,6211,38199,4180,73219,17743,8442,9301
12835,79462,6212,38214,4180,73250,17750,8445,9305
12840,79493,6213,38227,4181,73280,17757,8449,9308
12845,79524,6215,38242,4182,73309,17762,8452,9310
12850,79555,6216,38255,4183,73338,17767,8454,9313
12855,79586,6217,38268,4184,73369,17772,8456,9316
12860,79617,6219,38277,4185,73398,17777,8457,9320
12865,79648,6223,38292,4188,73425,17782,8460,9322
12870,79679,6226,38312,4191,73452,17787,8463,9324
12875,79710,6228,38322,4191,73480,17792,8463,9329
12880,79741,6230,38338,4192,73509,17797,8466,9331
12885,79772,6232,38358,4194,73537,17803,8471,9332
12890,79803,6236,38377,4198,73566,17809,8475,9334
12895,79834,6239,38391,4200,73594,17815,8478,9337
12900,79865,6241,38402,4200,73622,17821,8482,9339
12905,79896,6243,38417,4201,73652,17827,8484,9343
12910,79927,6247,38431,4204,73679,17833,8486,9347
12915,79958,6249,38445,4205,73709,17839,8487,9352
12920,79989,6251,38459,4207,73737,17845,8490,9355
12925,80020,6253,38472,4208,73767,17851,8495,9356
12930,80051,6257,38484,4211,73794,17857,8497,9360
12935,80082,6261,38499,4214,73821,17863,8499,9364
12940,80113,6267,38512,4218,73846,17869,8503,9366
12945,80144,6271,38527,4221,73872,17876,8505,9371
12950,80175,6273,38540,4222,73902,17884,8509,9375
12955,80206,6274,38558,4223,73930,17892,8515,9377
12960,80237,6276,38575,4224,73960,17900,8518,9382
12965,80268,6278,38592,4226,73989,17907,8521,9386
12970,80299,6280,38604,4228,74019,17914,8525,9389
12975,80330,6281,38623,4229,74049,17921,8531,9390
12980,80361,6282,38638,4230,74078,17928,8535,9393
12985,80392,6284,38653,4232,74107,17935,8540,9395
12990,80423,6286,38669,4233,74137,17942,8546,9396
12995,80454,6288,38684,4234,74166,17949,8551,9398
13000,80485,6290,38698,4236,74194,17956,8554,9402
13005,80516,6293,38714,4238,74222,17963,8559,9404
13010,80547,6295,38726,4239,74252,17970,8562,9408
13015,80578,6295,38742,4239,74280,17977,8566,9411
13020,80609,6296,38756,4240,74310,17984,8567,9417
13025,80640,6297,38767,4240,74341,17989,8569,9420
13030,80671,6298,38784,4240,74372,17994,8573,9421
13035,80702,6299,38800,4241,74403,17999,8576,9423
13040,80733,6300,38816,4241,74433,18004,8578,9426
13045,80764,6301,38831,4242,74463,18009,8580,9429
13050,80795,6303,38849,4244,74492,18014,8583,9431
13055,80826,6307,38863,4247,74519,18019,8586,9433
13060,80857,6311,38882,4249,74546,18024,8589,9435
13065,80888,6314,38894,4251,74574,18030,8592,9438
13070,80919,6318,38914,4255,74600,18036,8595,9441
13075,80950,6322,38930,4258,74627,18042,8597,9445
13080,80981,6325,38946,4260,74656,18048,8601,9447
13085,81012,6329,38960,4263,74683,18052,8601,9451
13090,81043,6332,38974,4264,74711,18056,8602,9454
13095,81074,6336,38990,4266,74738,18060,8606,9454
13100,81105,6338,39001,4266,74767,18064,8606,9458
13105,81136,6340,39016,4267,74795,18068,8609,9459
13110,81167,6342,39030,4268,74825,18072,8611,9461
13115,81198,6345,39046,4270,74852,18076,8611,9465
13120,81229,6348,39064,4272,74879,18080,8613,9467
13125,81260,6356,39077,4278,74903,18086,8615,9471
13130,81291,6362,39091,4282,74928,18092,8619,9473
13135,81322,6366,39101,4285,74955,18098,8621,9477
13140,81353,6372,39116,4290,74979,18104,8625,9479
13145,81384,6377,39132,4294,75007,18110,8626,9484
13150,81415,6378,39150,4295,75037,18116,8628,9488
13155,81446,6378,39164,4295,75068,18122,8632,9490
13160,81477,6378,39179,4295,75098,18128,8637,9491
13165,81508,6378,39190,4295,75129,18134,8639,9495
13170,81539,6378,39205,4295,75161,18140,8642,9498
13175,81570,6378,39225,4295,75191,18146,8647,9499
13180,81601,6378,39242,4295,75223,18152,8651,9501
13185,81632,6378,39256,4295,75253,18159,8655,9504
13190,81663,6378,39273,4295,75283,18167,8659,9508
13195,81694,6378,39287,4295,75315,18175,8662,9513
13200,81725,6378,39307,4295,75344,18183,8668,9515
13205,81756,6378,39328,4295,75377,18191,8673,9518
13210,81787,6378,39342,4295,75409,18199,8676,9523
13215,81818,6378,39353,4295,75440,18207,8679,9528
13220,81849,6378,39370,4295,75470,18215,8682,9533
13225,81880,6378,39385,4295,75502,18223,8686,9537
13230,81911,6378,39399,4295,75533,18231,8690,9541
13235,81942,6380,39415,4297,75562,18239,8694,9545
13240,81973,6383,39432,4299,75590,18247,8700,9547
13245,82004,6385,39445,4300,75619,18255,8704,9551
13250,82035,6388,39461,4303,75647,18263,8710,9553
13255,82066,6394,39480,4308,75670,18271,8713,9558
13260,82097,6404,39498,4316,75692,18279,8718,9561
13265,82128,6410,39513,4321,75718,18287,8722,9565
13270,82159,6415,39531,4326,75742,18295,8724,9571
13275,82190,6419,39544,4329,75770,18303,8728,9575
13280,82221,6424,39559,4332,75795,18311,8731,9580
13285,82252,6429,39572,4335,75822,18319,8734,9585
13290,82283,6432,39590,4338,75849,18327,8738,9589
13295,82314,6437,39611,4343,75877,18335,8744,9591
13300,82345,6439,39628,4345,75906,18343,8748,9595
13305,82376,6440,39642,4346,75936,18351,8751,9600
13310,82407,6441,39655,4346,75966,18359,8753,9606
13315,82438,6443,39668,4347,75995,18367,8753,9614
13320,82469,6445,39687,4348,76023,18375,8757,9618
13325,82500,6446,39702,4348,76054,18383,8762,9621
13330,82531,6447,39718,4348,76084,18391,8765,9626
13335,82562,6448,39733,4349,76114,18399,8770,9629
13340,82593,6449,39749,4350,76143,18407,8772,9635
13345,82624,6450,39760,4351,76173,18415,8775,9640
13350,82655,6451,39776,4352,76203,18423,8778,9645
13355,82686,6452,39793,4352,76233,18431,8783,9648
13360,82717,6453,39806,4352,76263,18439,8786,9653
13365,82748,6454,39820,4352,76293,18447,8790,9657
13370,82779,6455,39834,4353,76323,18455,8793,9662
13375,82810,6458,39851,4355,76351,18463,8795,9668
13380,82841,6460,39870,4356,76379,18471,8800,9671
13385,82872,6461,39883,4356,76410,18479,8803,9676
13390,82903,6462,39902,4357,76440,18487,8809,9678
13395,82934,6464,39915,4358,76469,18495,8814,9681
13400,82965,6466,39932,4359,76498,18503,8819,9684
13405,82996,6469,39947,4360,76526,18511,8823,9688
13410,83027,6471,39960,4361,76555,18519,8828,9691
13415,83058,6474,39977,4364,76583,18527,8831,9696
13420,83089,6479,39995,4367,76609,18535,8835,9700
13425,83120,6482,40012,4368,76638,18543,8841,9702
13430,83151,6486,40019,4371,76665,18551,8842,9709
13435,83182,6490,40034,4375,76692,18559,8846,9713
13440,83213,6491,40053,4376,76721,18567,8850,9717
13445,83244,6493,40068,4377,76750,18572,8850,9722
13450,83275,6496,40085,4379,76779,18577,8852,9725
13455,83306,6498,40100,4380,76806,18582,8855,9727
13460,83337,6500,40113,4381,76837,18587,8857,9730
13465,83368,6503,40130,4383,76864,18592,8860,9732
13470,83399,6507,40145,4386,76891,18597,8863,9734
13475,83430,6510,40158,4388,76920,18602,8865,9737
13480,83461,6512,40173,4390,76948,18607,8867,9740
13485,83492,6513,40185,4390,76978,18612,8867,9745
13490,83523,6514,40197,4391,77009,18617,8867,9750
13495,83554,6516,40217,4393,77037,18622,8870,9752
13500,83585,6517,40231,4393,77067,18627,8874,9753
13505,83616,6518,40246,4393,77097,18632,8877,9755
13510,83647,6519,40262,4393,77128,18637,8880,9757
13515,83678,6520,40277,4394,77158,18642,8880,9762
13520,83709,6522,40294,4395,77186,18647,8882,9765
13525,83740,6524,40310,4397,77216,18652,8885,9767
13530,83771,6525,40320,4397,77246,18657,8887,9770
13535,83802,6527,40330,4398,77275,18662,8888,9774
13540,83833,6530,40345,4399,77303,18667,8891,9776
13545,83864,6532,40355,4399,77332,18675,8893,9782
13550,83895,6537,40374,4403,77358,18683,8897,9786
13555,83926,6541,40386,4405,77385,18691,8902,9789
13560,83957,6545,40403,4408,77410,18699,8907,9792
13565,83988,6547,40419,4409,77440,18705,8911,9794
13570,84019,6551,40436,4413,77467,18711,8914,9797
13575,84050,6556,40450,4417,77493,18717,8918,9799
13580,84081,6559,40466,4419,77521,18723,8923,9800
13585,84112,6563,40478,4421,77549,18729,8925,9804
13590,84143,6565,40493,4423,77578,18735,8928,9807
13595,84174,6568,40511,4425,77605,18741,8930,9811
13600,84205,6572,40529,4429,77633,18747,8934,9813
13605,84236,6576,40542,4433,77660,18753,8935,9818
13610,84267,6579,40560,4436,77686,18759,8940,9819
13615,84298,6585,40577,4441,77711,18765,8944,9821
13620,84329,6587,40592,4442,77742,18771,8948,9823
13625,84360,6587,40605,4442,77773,18775,8951,9824
13630,84391,6587,40617,4442,77804,18779,8954,9825
13635,84422,6587,40634,4442,77835,18783,8954,9829
13640,84453,6587,40647,4442,77866,18787,8955,9832
13645,84484,6587,40667,4442,77897,18791,8958,9833
13650,84515,6587,40681,4442,77928,18795,8960,9835
13655,84546,6587,40693,4442,77958,18799,8962,9837
13660,84577,6587,40708,4442,77989,18803,8962,9841
13665,84608,6587,40724,4442,78021,18808,8967,9841
13670,84639,6587,40740,4442,78052,18814,8971,9843
13675,84670,6587,40751,4442,78083,18820,8972,9848
13680,84701,6587,40770,4442,78114,18826,8975,9851
13685,84732,6587,40787,4442,78145,18832,8980,9852
13690,84763,6589,40805,4443,78173,18838,8984,9854
13695,84794,6590,40823,4444,78203,18844,8989,9855
13700,84825,6591,40839,4445,78234,18850,8992,9858
13705,84856,6594,40852,4447,78262,18856,8993,9863
13710,84887,6598,40862,4450,78289,18862,8995,9867
13715,84918,6601,40874,4452,78317,18868,8998,9870
13720,84949,6606,40886,4456,78343,18874,9001,9873
13725,84980,6610,40897,4459,78369,18882,9004,9878
13730,85011,6616,40911,4464,78394,18890,9007,9883
13735,85042,6622,40928,4468,78418,18898,9010,9888
13740,85073,6628,40945,4473,78443,18906,9014,9892
13745,85104,6633,40960,4476,78471,18914,9018,9896
13750,85135,6636,40973,4478,78497,18922,9021,9901
13755,85166,6641,40987,4483,78523,18930,9025,9905
13760,85197,6645,41005,4487,78550,18938,9028,9910
13765,85228,6649,41022,4490,78577,18946,9034,9912
13770,85259,6653,41039,4492,78604,18954,9040,9914
13775,85290,6655,41052,4492,78632,18962,9044,9918
13780,85321,6660,41069,4496,78660,18970,9046,9924
13785,85352,6662,41089,4497,78690,18978,9049,9929
13790,85383,6664,41108,4499,78719,18986,9053,9933
13795,85414,6665,41120,4499,78749,18994,9059,9935
13800,85445,6666,41132,4500,78779,19002,9061,9941
13805,85476,6666,41147,4500,78809,19009,9065,9944
13810,85507,6666,41160,4500,78841,19016,9068,9948
13815,85538,6666,41171,4500,78871,19023,9069,9954
13820,85569,6666,41181,4500,78902,19030,9070,9960
13825,85600,6666,41194,4500,78934,19037,9073,9964
13830,85631,6666,41205,4500,78965,19044,9074,9970
13835,85662,6666,41217,4500,78996,19051,9076,9975
13840,85693,6666,41238,4500,79027,19058,9081,9977
13845,85724,6666,41249,4500,79058,19065,9083,9982
13850,85755,6666,41265,4500,79089,19072,9088,9984
13855,85786,6667,41281,4501,79119,19079,9092,9987
13860,85817,6669,41295,4502,79148,19086,9094,9992
13865,85848,6670,41307,4503,79178,19093,9097,9996
13870,85879,6671,41318,4503,79208,19100,9099,10001
13875,85910,6672,41332,4504,79238,19107,9102,10005
13880,85941,6673,41345,4504,79268,19114,9106,10008
13885,85972,6674,41357,4505,79298,19121,9110,10011
13890,86003,6676,41373,4507,79324,19128,9114,10014
13895,86034,6678,41390,4508,79354,19135,9117,10018
13900,86065,6681,41407,4510,79382,19142,9120,10022
13905,86096,6685,41425,4513,79409,19149,9123,10026
13910,86127,6691,41441,4519,79435,19157,9126,10031
13915,86158,6696,41450,4522,79462,19165,9130,10035
13920,86189,6699,41462,4523,79489,19173,9134,10039
13925,86220,6704,41479,4527,79514,19180,9138,10042
13930,86251,6710,41497,4531,79540,19187,9142,10045
13935,86282,6715,41512,4534,79565,19194,9146,10048
13940,86313,6722,41528,4539,79590,19201,9150,10051
13945,86344,6728,41545,4544,79615,19208,9152,10056
13950,86375,6733,41560,4546,79641,19215,9156,10059
13955,86406,6736,41573,4548,79670,19222,9160,10062
13960,86437,6738,41590,4550,79699,19229,9164,10065
13965,86468,6742,41601,4553,79726,19236,9166,10070
13970,86499,6745,41611,4555,79753,19243,9167,10076
13975,86530,6751,41624,4559,79778,19250,9170,10080
13980,86561,6754,41639,4562,79807,19257,9174,10083
13985,86592,6755,41654,4562,79837,19263,9176,10087
13990,86623,6756,41670,4563,79867,19269,9179,10090
13995,86654,6757,41688,4563,79897,19275,9181,10094
14000,86685,6758,41699,4563,79927,19281,9184,10097
14005,86716,6759,41716,4564,79957,19287,9187,10100
14010,86747,6760,41729,4565,79986,19293,9190,10103
14015,86778,6761,41747,4565,80017,19299,9194,10105
14020,86809,6762,41761,4565,80047,19305,9196,10109
14025,86840,6763,41776,4566,80076,19312,9200,10112
14030,86871,6764,41790,4567,80105,19319,9204,10115
14035,86902,6765,41804,4567,80135,19326,9208,10118
14040,86933,6766,41818,4567,80164,19333,9210,10123
14045,86964,6767,41836,4567,80195,19339,9213,10126
14050,86995,6768,41847,4567,80227,19345,9214,10131
14055,87026,6769,41865,4568,80256,19351,9218,10133
14060,87057,6772,41881,4570,80283,19357,9222,10135
14065,87088,6774,41895,4571,80314,19363,9225,10138
14070,87119,6777,41910,4572,80342,19369,9227,10142
14075,87150,6780,41929,4575,80370,19375,9231,10144
14080,87181,6783,41942,4578,80398,19381,9233,10148
14085,87212,6786,41958,4580,80425,19388,9237,10151
14090,87243,6791,41973,4583,80451,19395,9241,10154
14095,87274,6795,41988,4587,80478,19402,9244,10158
14100,87305,6799,42007,4590,80504,19409,9248,10161
14105,87336,6804,42023,4593,80531,19414,9250,10164
14110,87367,6810,42038,4598,80556,19419,9253,10166
14115,87398,6815,42054,4603,80583,19424,9256,10168
14120,87429,6818,42071,4604,80610,19429,9257,10172
14125,87460,6821,42086,4606,80639,19434,9260,10174
14130,87491,6823,42101,4607,80668,19439,9263,10176
14135,87522,6825,42116,4609,80697,19444,9267,10177
14140,87553,6827,42138,4610,80726,19449,9271,10178
14145,87584,6829,42154,4611,80755,19455,9274,10181
14150,87615,6831,42168,4613,80784,19461,9277,10184
14155,87646,6833,42182,4614,80813,19467,9281,10186
14160,87677,6835,42197,4615,80841,19473,9284,10189
14165,87708,6835,42211,4615,80872,19478,9284,10194
14170,87739,6835,42226,4615,80903,19483,9287,10196
14175,87770,6835,42245,4615,80935,19488,9288,10200
14180,87801,6835,42262,4615,80966,19493,9290,10203
14185,87832,6835,42282,4615,80996,19498,9294,10204
14190,87863,6835,42299,4615,81026,19503,9297,10206
14195,87894,6835,42315,4615,81058,19508,9299,10209
14200,87925,6835,42325,4615,81090,19513,9302,10211
14205,87956,6835,42338,4615,81120,19520,9304,10216
14210,87987,6835,42356,4615,81151,19527,9309,10218
14215,88018,6835,42370,4615,81182,19534,9311,10223
14220,88049,6836,42383,4615,81213,19541,9316,10225
14225,88080,6837,42398,4616,81242,19548,9321,10227
14230,88111,6839,42411,4616,81270,19555,9322,10233
14235,88142,6843,42425,4619,81299,19562,9325,10237
14240,88173,6845,42438,4620,81327,19569,9330,10239
14245,88204,6849,42454,4624,81352,19576,9333,10243
14250,88235,6853,42464,4627,81381,19583,9335,10248
14255,88266,6857,42480,4629,81407,19590,9340,10250
14260,88297,6861,42493,4633,81434,19597,9343,10254
14265,88328,6866,42510,4636,81461,19605,9347,10258
14270,88359,6872,42526,4640,81485,19613,9351,10262
14275,88390,6879,42546,4646,81510,19621,9356,10265
14280,88421,6885,42557,4649,81534,19629,9358,10271
14285,88452,6891,42569,4654,81561,19636,9359,10277
14290,88483,6893,42585,4655,81590,19643,9362,10281
14295,88514,6896,42600,4658,81618,19650,9365,10285
14300,88545,6899,42618,4661,81646,19657,9369,10288
14305,88576,6901,42632,4661,81674,19664,9373,10291
14310,88607,6903,42645,4662,81703,19671,9375,10296
14315,88638,6906,42661,4665,81731,19678,9379,10299
14320,88669,6907,42674,4666,81761,19685,9384,10301
14325,88700,6908,42685,4667,81791,19692,9386,10306
14330,88731,6911,42705,4670,81820,19699,9391,10308
14335,88762,6914,42722,4673,81848,19706,9395,10311
14340,88793,6915,42733,4674,81878,19713,9397,10316
14345,88824,6917,42748,4675,81907,19720,9400,10320
14350,88855,6919,42761,4677,81936,19727,9401,10326
14355,88886,6919,42777,4677,81966,19734,9404,10330
14360,88917,6919,42791,4677,81995,19741,9408,10333
14365,88948,6919,42804,4677,82029,19748,9409,10339
14370,88979,6919,42818,4677,82059,19755,9412,10343
14375,89010,6919,42831,4677,82090,19762,9414,10348
14380,89041,6919,42846,4677,82120,19769,9416,10353
14385,89072,6919,42864,4677,82152,19776,9420,10356
14390,89103,6920,42875,4677,82181,19784,9423,10361
14395,89134,6921,42889,4677,82212,19792,9426,10366
14400,89165,6923,42904,4678,82241,19800,9430,10370
14405,89196,6925,42922,4680,82269,19808,9435,10373
14410,89227,6927,42939,4682,82299,19816,9438,10378
14415,89258,6930,42957,4683,82327,19824,9444,10380
14420,89289,6932,42971,4685,82355,19832,9448,10384
14425,89320,6935,42981,4687,82384,19840,9452,10388
14430,89351,6937,42993,4689,82413,19848,9455,10393
14435,89382,6939,43007,4691,82441,19856,9458,10398
14440,89413,6942,43018,4693,82471,19864,9461,10403
14445,89444,6945,43032,4695,82499,19872,9464,10408
14450,89475,6947,43047,4695,82527,19880,9469,10411
14455,89506,6950,43064,4697,82555,19888,9475,10413
14460,89537,6956,43085,4703,82580,19896,9480,10416
14465,89568,6962,43104,4708,82606,19903,9486,10417
14470,89599,6968,43122,4712,82631,19910,9488,10422
14475,89630,6972,43140,4715,82658,19917,9491,10426
14480,89661,6975,43152,4717,82686,19924,9494,10430
14485,89692,6978,43169,4720,82714,19931,9496,10435
14490,89723,6981,43183,4721,82742,19938,9497,10441
14495,89754,6983,43196,4721,82771,19945,9500,10445
14500,89785,6985,43214,4722,82799,19952,9503,10449
14505,89816,6988,43235,4725,82827,19959,9508,10451
14510,89847,6991,43245,4726,82856,19966,9512,10454
14515,89878,6993,43261,4727,82885,19973,9515,10458
14520,89909,6996,43276,4729,82913,19980,9517,10463
14525,89940,6998,43294,4730,82942,19985,9520,10465
14530,89971,7000,43309,4731,82971,19990,9521,10469
14535,90002,7002,43320,4731,83000,19995,9524,10471
14540,90033,7004,43338,4732,83029,20000,9528,10472
14545,90064,7006,43350,4734,83058,20005,9530,10475
14550,90095,7008,43366,4736,83087,20010,9532,10478
14555,90126,7010,43384,4736,83116,20015,9535,10480
14560,90157,7012,43404,4738,83145,20020,9538,10482
14565,90188,7014,43414,4739,83173,20026,9539,10487
14570,90219,7016,43426,4739,83202,20032,9540,10492
14575,90250,7018,43433,4739,83232,20038,9542,10496
14580,90281,7021,43447,4740,83257,20044,9545,10499
14585,90312,7024,43460,4741,83288,20050,9547,10503
14590,90343,7028,43477,4743,83315,20056,9551,10505
14595,90374,7031,43488,4745,83343,20062,9552,10510
14600,90405,7034,43499,4746,83371,20068,9553,10515
14605,90436,7038,43519,4747,83398,20074,9557,10517
14610,90467,7041,43534,4748,83426,20080,9560,10520
14615,90498,7044,43553,4750,83454,20086,9562,10524
14620,90529,7049,43568,4753,83480,20092,9566,10526
14625,90560,7053,43584,4756,83507,20099,9572,10527
14630,90591,7056,43599,4758,83534,20107,9578,10529
14635,90622,7061,43609,4760,83560,20115,9580,10535
14640,90653,7067,43623,4764,83585,20123,9582,10541
14645,90684,7072,43641,4768,83611,20129,9587,10542
14650,90715,7075,43655,4770,83639,20135,9591,10544
14655,90746,7077,43672,4771,83668,20141,9595,10546
14660,90777,7080,43684,4773,83697,20147,9598,10549
14665,90808,7080,43696,4773,83728,20153,9599,10554
14670,90839,7080,43713,4773,83759,20159,9603,10556
14675,90870,7080,43722,4773,83790,20165,9604,10561
14680,90901,7080,43735,4773,83821,20171,9606,10565
14685,90932,7080,43749,4773,83850,20177,9608,10569
14690,90963,7080,43767,4773,83881,20183,9610,10573
14695,90994,7080,43780,4773,83912,20189,9613,10576
14700,91025,7080,43792,4773,83944,20195,9615,10580
14705,91056,7080,43808,4773,83975,20199,9617,10582
14710,91087,7080,43827,4773,84006,20203,9620,10583
14715,91118,7080,43839,4773,84038,20207,9621,10586
14720,91149,7080,43858,4773,84069,20211,9624,10587
14725,91180,7080,43870,4773,84100,20215,9625,10590
14730,91211,7080,43887,4773,84131,20219,9627,10592
14735,91242,7080,43904,4773,84162,20223,9629,10594
14740,91273,7080,43927,4773,84192,20227,9633,10594
14745,91304,7081,43944,4773,84223,20233,9637,10596
14750,91335,7083,43961,4774,84248,20239,9641,10598
14755,91366,7085,43975,4775,84281,20245,9646,10599
14760,91397,7089,43992,4777,84305,20251,9651,10600
14765,91428,7093,44004,4780,84335,20257,9655,10602
14770,91459,7097,44016,4781,84361,20263,9657,10606
14775,91490,7101,44038,4784,84388,20269,9660,10609
14780,91521,7105,44051,4786,84415,20275,9662,10613
14785,91552,7110,44069,4789,84441,20281,9665,10616
14790,91583,7114,44081,4792,84469,20287,9667,10620
14795,91614,7119,44096,4795,84494,20293,9670,10623
14800,91645,7125,44111,4799,84519,20299,9671,10628
14805,91676,7130,44127,4802,84545,20307,9676,10631
14810,91707,7135,44140,4805,84572,20315,9679,10636
14815,91738,7138,44150,4807,84599,20323,9681,10642
14820,91769,7144,44168,4812,84625,20331,9687,10644
14825,91800,7148,44185,4816,84652,20339,9692,10647
14830,91831,7155,44202,4821,84676,20347,9696,10651
14835,91862,7162,44213,4825,84700,20355,9698,10657
14840,91893,7165,44226,4826,84728,20363,9704,10659
14845,91924,7166,44245,4827,84758,20371,9709,10662
14850,91955,7167,44258,4827,84788,20379,9711,10668
14855,91986,7168,44272,4828,84818,20387,9716,10671
14860,92017,7170,44286,4829,84847,20395,9721,10674
14865,92048,7171,44303,4830,84877,20403,9724,10679
14870,92079,7173,44312,4832,84905,20411,9726,10685
14875,92110,7174,44323,4833,84936,20419,9730,10689
14880,92141,7174,44338,4833,84967,20427,9734,10693
14885,92172,7174,44348,4833,84998,20435,9738,10697
14890,92203,7174,44365,4833,85029,20443,9742,10701
14895,92234,7174,44377,4833,85059,20451,9746,10705
14900,92265,7174,44386,4833,85091,20459,9748,10711
14905,92296,7174,44401,4833,85121,20467,9753,10714
14910,92327,7174,44420,4833,85152,20475,9758,10717
14915,92358,7174,44435,4833,85183,20483,9762,10721
14920,92389,7174,44449,4833,85214,20491,9765,10726
14925,92420,7174,44463,4833,85246,20499,9769,10730
14930,92451,7174,44474,4833,85277,20507,9772,10735
14935,92482,7174,44485,4833,85307,20515,9774,10741
14940,92513,7174,44503,4833,85335,20523,9778,10745
14945,92544,7178,44517,4837,85363,20530,9782,10748
14950,92575,7181,44534,4839,85391,20537,9787,10750
14955,92606,7185,44547,4842,85420,20544,9792,10752
14960,92637,7189,44559,4845,85447,20551,9794,10757
14965,92668,7193,44568,4848,85474,20558,9798,10760
14970,92699,7195,44583,4850,85504,20565,9801,10764
14975,92730,7197,44594,4851,85533,20572,9802,10770
14980,92761,7200,44609,4852,85560,20579,9804,10775
14985,92792,7203,44622,4854,85588,20586,9809,10777
14990,92823,7209,44634,4857,85613,20593,9810,10783
14995,92854,7215,44646,4861,85639,20600,9814,10786
15000,92885,7219,44662,4863,85664,20607,9818,10789
15005,92916,7224,44674,4866,85692,20613,9821,10792
15010,92947,7227,44687,4868,85720,20619,9824,10795
15015,92978,7231,44703,4870,85747,20625,9828,10797
15020,93009,7234,44712,4871,85775,20631,9831,10800
15025,93040,7236,44724,4872,85804,20637,9833,10804
15030,93071,7239,44741,4873,85832,20643,9836,10807
15035,93102,7241,44760,4875,85861,20649,9841,10808
15040,93133,7243,44773,4876,85890,20655,9842,10813
15045,93164,7247,44786,4879,85917,20661,9844,10817
15050,93195,7249,44800,4881,85946,20668,9848,10820
15055,93226,7253,44814,4884,85973,20675,9851,10824
15060,93257,7256,44831,4886,86001,20682,9855,10827
15065,93288,7260,44846,4888,86028,20688,9859,10829
15070,93319,7261,44863,4888,86058,20694,9862,10832
15075,93350,7263,44878,4889,86087,20700,9865,10835
15080,93381,7265,44894,4891,86116,20706,9869,10837
15085,93412,7266,44914,4892,86146,20712,9872,10840
15090,93443,7267,44926,4893,86176,20718,9873,10845
15095,93474,7268,44946,4894,86206,20724,9875,10849
15100,93505,7270,44962,4896,86235,20730,9879,10851
15105,93536,7271,44980,4897,86265,20737,9882,10855
15110,93567,7273,44998,4899,86294,20744,9885,10859
15115,93598,7275,45017,4901,86322,20751,9889,10862
15120,93629,7277,45031,4902,86352,20758,9892,10866
15125,93660,7278,45041,4903,86381,20765,9894,10871
15130,93691,7281,45060,4905,86410,20772,9899,10873
15135,93722,7283,45074,4907,86439,20779,9903,10876
15140,93753,7285,45091,4908,86467,20786,9907,10879
15145,93784,7287,45103,4910,86497,20793,9910,10883
15150,93815,7289,45122,4912,86525,20800,9912,10888
15155,93846,7291,45134,4913,86554,20807,9917,10890
15160,93877,7293,45150,4914,86584,20814,9919,10895
15165,93908,7295,45172,4915,86611,20822,9926,10896
15170,93939,7298,45185,4918,86640,20830,9931,10899
15175,93970,7299,45201,4919,86670,20838,9937,10901
15180,94001,7301,45217,4920,86699,20846,9941,10905
15185,94032,7302,45233,4921,86729,20852,9945,10907
15190,94063,7303,45245,4922,86759,20858,9946,10912
15195,94094,7304,45261,4923,86790,20864,9952,10912
15200,94125,7305,45279,4924,86820,20870,9956,10914
15205,94156,7306,45295,4924,86850,20876,9960,10916
15210,94187,7308,45309,4925,86879,20882,9964,10918
15215,94218,7310,45323,4925,86907,20888,9966,10922
15220,94249,7312,45337,4925,86936,20894,9969,10925
15225,94280,7314,45355,4926,86966,20900,9972,10928
15230,94311,7316,45372,4927,86994,20906,9975,10931
15235,94342,7319,45390,4929,87022,20912,9980,10932
15240,94373,7322,45404,4930,87051,20918,9983,10935
15245,94404,7324,45419,4931,87080,20923,9986,10937
15250,94435,7327,45433,4934,87108,20928,9989,10939
15255,94466,7330,45454,4936,87136,20933,9993,10940
15260,94497,7333,45468,4937,87164,20938,9995,10943
15265,94528,7336,45479,4938,87192,20943,9996,10947
15270,94559,7339,45495,4940,87219,20948,9999,10949
15275,94590,7347,45510,4946,87240,20953,10000,10953
15280,94621,7356,45527,4955,87264,20958,10002,10956
15285,94652,7362,45541,4959,87286,20964,10003,10961
15290,94683,7370,45556,4966,87310,20971,10006,10965
15295,94714,7374,45569,4968,87340,20978,10009,10969
15300,94745,7378,45585,4972,87366,20985,10012,10973
15305,94776,7382,45601,4974,87391,20990,10015,10975
15310,94807,7383,45618,4975,87424,20995,10016,10979
15315,94838,7384,45636,4976,87454,21000,10021,10979
15320,94869,7386,45650,4977,87483,21005,10023,10982
15325,94900,7387,45666,4978,87513,21010,10024,10986
15330,94931,7388,45684,4979,87543,21015,10028,10987
15335,94962,7388,45703,4979,87574,21020,10029,10991
15340,94993,7388,45722,4979,87605,21025,10032,10993
15345,95024,7388,45736,4979,87636,21031,10034,10997
15350,95055,7388,45753,4979,87667,21037,10038,10999
15355,95086,7388,45770,4979,87697,21043,10043,11000
15360,95117,7388,45785,4979,87729,21049,10046,11003
15365,95148,7388,45801,4979,87759,21055,10050,11005
15370,95179,7388,45813,4979,87791,21061,10055,11006
15375,95210,7388,45821,4979,87821,21067,10056,11011
15380,95241,7388,45834,4979,87852,21073,10058,11015
15385,95272,7388,45852,4979,87884,21079,10063,11016
15390,95303,7388,45869,4979,87914,21085,10067,11018
15395,95334,7388,45885,4979,87945,21091,10070,11021
15400,95365,7389,45896,4980,87974,21097,10071,11026
15405,95396,7393,45909,4984,88003,21105,10076,11029
15410,95427,7397,45926,4988,88029,21113,10077,11036
15415,95458,7403,45941,4993,88052,21121,10079,11042
15420,95489,7411,45966,5001,88075,21129,10083,11046
15425,95520,7413,45978,5002,88106,21137,10085,11052
15430,95551,7414,45992,5002,88136,21145,10090,11055
15435,95582,7417,46007,5003,88164,21153,10095,11058
15440,95613,7420,46024,5005,88192,21161,10100,11061
15445,95644,7423,46039,5006,88219,21169,10104,11065
15450,95675,7427,46057,5010,88247,21177,10108,11069
15455,95706,7431,46075,5013,88274,21185,10112,11073
15460,95737,7434,46090,5015,88302,21193,10114,11079
15465,95768,7437,46107,5017,88331,21201,10119,11082
15470,95799,7440,46124,5018,88359,21209,10123,11086
15475,95830,7443,46142,5021,88387,21217,10127,11090
15480,95861,7447,46158,5024,88414,21225,10132,11093
15485,95892,7449,46174,5025,88443,21233,10135,11098
15490,95923,7452,46190,5026,88471,21241,10141,11100
15495,95954,7454,46205,5028,88500,21249,10145,11104
15500,95985,7455,46217,5028,88530,21257,10150,11107
15505,96016,7456,46229,5028,88560,21265,10153,11112
15510,96047,7457,46240,5029,88590,21273,10154,11119
15515,96078,7459,46255,5030,88619,21281,10158,11123
15520,96109,7460,46273,5031,88649,21289,10163,11126
15525,96140,7462,46288,5032,88678,21297,10166,11131
15530,96171,7465,46301,5035,88704,21305,10169,11136
15535,96202,7469,46317,5038,88732,21313,10173,11140
15540,96233,7475,46330,5042,88757,21321,10178,11143
15545,96264,7480,46343,5045,88783,21328,10181,11147
15550,96295,7484,46354,5049,88811,21335,10184,11151
15555,96326,7486,46372,5051,88839,21342,10187,11155
15560,96357,7487,46384,5052,88870,21349,10188,11161
15565,96388,7487,46398,5052,88901,21356,10189,11167
15570,96419,7487,46414,5052,88931,21363,10193,11170
15575,96450,7487,46430,5052,88963,21370,10196,11174
15580,96481,7487,46445,5052,88994,21377,10200,11177
15585,96512,7487,46459,5052,89024,21384,10202,11182
15590,96543,7487,46478,5052,89056,21391,10207,11184
15595,96574,7487,46496,5052,89087,21398,10211,11187
15600,96605,7489,46510,5054,89116,21405,10215,11190
15605,96636,7491,46528,5056,89145,21412,10217,11195
15610,96667,7495,46546,5059,89172,21419,10221,11198
15615,96698,7498,46568,5062,89200,21426,10228,11198
15620,96729,7500,46582,5064,89229,21433,10231,11202
15625,96760,7502,46594,5065,89258,21440,10234,11206
15630,96791,7503,46602,5065,89288,21447,10236,11211
15635,96822,7504,46616,5066,89318,21454,10242,11212
15640,96853,7506,46631,5068,89347,21461,10245,11216
15645,96884,7507,46647,5068,89375,21469,10251,11218
15650,96915,7508,46664,5069,89405,21477,10254,11223
15655,96946,7511,46684,5072,89433,21485,10259,11226
15660,96977,7513,46703,5072,89463,21493,10264,11229
15665,97008,7516,46715,5073,89492,21500,10268,11232
15670,97039,7519,46731,5074,89519,21507,10270,11237
15675,97070,7522,46746,5074,89547,21514,10274,11240
15680,97101,7525,46761,5076,89576,21521,10277,11244
15685,97132,7528,46778,5079,89604,21528,10281,11247
15690,97163,7531,46793,5080,89631,21535,10285,11250
15695,97194,7534,46806,5080,89660,21542,10289,11253
15700,97225,7537,46823,5081,89688,21549,10295,11254
15705,97256,7541,46838,5084,89715,21556,10298,11258
15710,97287,7546,46852,5088,89740,21563,10301,11262
15715,97318,7551,46865,5093,89766,21570,10305,11265
15720,97349,7556,46881,5097,89793,21577,10308,11269
15725,97380,7562,46902,5102,89818,21582,10311,11271
15730,97411,7567,46923,5106,89844,21587,10315,11272
15735,97442,7570,46939,5109,89872,21592,10318,11274
15740,97473,7573,46954,5110,89900,21597,10321,11276
15745,97504,7575,46971,5111,89929,21602,10325,11277
15750,97535,7577,46983,5112,89958,21607,10327,11280
15755,97566,7581,46996,5114,89985,21612,10329,11283
15760,97597,7583,47011,5115,90014,21617,10331,11286
15765,97628,7585,47024,5117,90042,21623,10333,11290
15770,97659,7587,47041,5119,90069,21629,10336,11293
15775,97690,7589,47057,5121,90101,21635,10341,11294
15780,97721,7590,47071,5122,90131,21641,10346,11295
15785,97752,7590,47082,5122,90162,21646,10346,11300
15790,97783,7590,47093,5122,90193,21651,10349,11302
15795,97814,7590,47106,5122,90223,21656,10350,11306
15800,97845,7590,47123,5122,90255,21661,10353,11308
15805,97876,7590,47141,5122,90286,21666,10356,11310
15810,97907,7590,47161,5122,90317,21671,10360,11311
15815,97938,7590,47177,5122,90348,21676,10362,11314
15820,97969,7590,47191,5122,90379,21681,10364,11317
15825,98000,7590,47209,5122,90410,21687,10366,11321
15830,98031,7590,47220,5122,90440,21694,10369,11325
15835,98062,7593,47232,5124,90468,21701,10371,11330
15840,98093,7597,47252,5128,90495,21708,10375,11333
15845,98124,7600,47268,5131,90523,21713,10375,11338
15850,98155,7602,47284,5133,90553,21718,10379,11339
15855,98186,7605,47304,5136,90580,21723,10383,11340
15860,98217,7609,47321,5139,90607,21728,10385,11343
15865,98248,7610,47332,5140,90637,21733,10388,11345
15870,98279,7612,47345,5141,90666,21738,10390,11348
15875,98310,7613,47363,5142,90696,21743,10394,11349
15880,98341,7615,47373,5143,90725,21748,10396,11352
15885,98372,7618,47391,5144,90752,21753,10398,11355
15890,98403,7623,47411,5149,90778,21759,10402,11357
15895,98434,7627,47424,5151,90806,21765,10405,11360
15900,98465,7629,47440,5152,90835,21771,10410,11361
15905,98496,7632,47456,5153,90864,21777,10412,11365
15910,98527,7637,47472,5157,90889,21783,10415,11368
15915,98558,7640,47487,5160,90917,21789,10419,11370
15920,98589,7645,47504,5164,90944,21795,10421,11374
15925,98620,7648,47515,5165,90971,21801,10424,11377
15930,98651,7652,47526,5168,90999,21807,10426,11381
15935,98682,7653,47541,5168,91029,21813,10429,11384
15940,98713,7655,47561,5170,91056,21819,10432,11387
15945,98744,7657,47575,5172,91084,21827,10436,11391
15950,98775,7658,47589,5172,91117,21835,10439,11396
15955,98806,7660,47600,5173,91145,21843,10442,11401
15960,98837,7661,47612,5174,91175,21851,10445,11406
15965,98868,7662,47627,5175,91205,21858,10449,11409
15970,98899,7665,47641,5177,91234,21865,10450,11415
15975,98930,7669,47656,5179,91261,21872,10452,11420
15980,98961,7671,47671,5179,91290,21879,10456,11423
15985,98992,7675,47684,5182,91317,21886,10461,11425
15990,99023,7676,47696,5182,91347,21893,10462,11431
15995,99054,7678,47714,5183,91376,21900,10465,11435
16000,99085,7679,47724,5184,91406,21907,10470,11437
16005,99116,7681,47736,5186,91433,21914,10472,11442
16010,99147,7684,47751,5188,91462,21921,10477,11444
16015,99178,7687,47769,5191,91491,21928,10480,11448
16020,99209,7688,47788,5192,91520,21935,10485,11450
16025,99240,7690,47805,5193,91549,21942,10488,11454
16030,99271,7692,47821,5195,91578,21949,10493,11456
16035,99302,7693,47837,5196,91607,21956,10496,11460
16040,99333,7696,47857,5198,91635,21963,10497,11466
16045,99364,7699,47872,5201,91663,21970,10501,11469
16050,99395,7701,47884,5203,91694,21977,10504,11473
16055,99426,7702,47898,5203,91721,21984,10505,11479
16060,99457,7705,47913,5206,91751,21991,10510,11481
16065,99488,7709,47930,5210,91779,21999,10515,11484
16070,99519,7712,47944,5213,91805,22007,10519,11488
16075,99550,7715,47958,5216,91834,22015,10524,11491
16080,99581,7715,47970,5216,91866,22023,10526,11497
16085,99612,7715,47983,5216,91896,22030,10530,11500
16090,99643,7716,47997,5216,91926,22037,10533,11504
16095,99674,7717,48012,5217,91957,22044,10536,11508
16100,99705,7719,48030,5219,91986,22051,10539,11512
16105,99736,7721,48047,5221,92015,22058,10543,11515
16110,99767,7723,48059,5223,92043,22065,10545,11520
16115,99798,7725,48076,5224,92073,22072,10550,11522
16120,99829,7726,48091,5225,92102,22079,10554,11525
16125,99860,7727,48106,5225,92133,22086,10558,11528
16130,99891,7729,48122,5226,92162,22093,10562,11531
16135,99922,7731,48133,5227,92190,22100,10566,11534
16140,99953,7733,48140,5227,92219,22107,10567,11540
16145,99984,7736,48153,5229,92247,22114,10568,11546
16150,100015,7738,48168,5230,92277,22121,10571,11550
16155,100046,7740,48183,5232,92306,22128,10574,11554
16160,100077,7743,48196,5233,92333,22135,10577,11558
16165,100108,7747,48210,5236,92360,22142,10580,11562
16170,100139,7751,48230,5239,92388,22149,10585,11564
16175,100170,7754,48246,5242,92416,22156,10587,11569
16180,100201,7757,48265,5244,92444,22163,10593,11570
16185,100232,7760,48276,5246,92471,22171,10596,11575
16190,100263,7765,48286,5249,92498,22179,10599,11580
16195,100294,7769,48302,5251,92523,22187,10604,11583
16200,100325,7774,48317,5255,92550,22195,10607,11588
16205,100356,7776,48330,5256,92580,22202,10611,11591
16210,100387,7779,48342,5257,92608,22209,10613,11596
16215,100418,7781,48359,5257,92635,22216,10615,11601
16220,100449,7784,48376,5259,92664,22223,10621,11602
16225,100480,7787,48391,5262,92693,22230,10624,11606
16230,100511,7790,48405,5264,92719,22237,10626,11611
16235,100542,7797,48420,5269,92744,22244,10632,11612
16240,100573,7803,48442,5275,92769,22251,10637,11614
16245,100604,7807,48457,5277,92797,22258,10641,11617
16250,100635,7808,48466,5277,92827,22265,10643,11622
16255,100666,7810,48481,5278,92855,22272,10646,11626
16260,100697,7810,48497,5278,92886,22279,10650,11629
16265,100728,7810,48507,5278,92918,22285,10652,11633
16270,100759,7810,48519,5278,92949,22291,10655,11636
16275,100790,7810,48533,5278,92979,22297,10659,11638
16280,100821,7810,48546,5278,93010,22303,10663,11640
16285,100852,7810,48556,5278,93042,22309,10663,11646
16290,100883,7810,48569,5278,93072,22315,10665,11650
16295,100914,7810,48580,5278,93103,22321,10666,11655
16300,100945,7810,48598,5278,93134,22327,10669,11658
16305,100976,7811,48615,5279,93165,22334,10673,11661
16310,101007,7812,48628,5280,93195,22341,10676,11665
16315,101038,7814,48647,5282,93224,22348,10679,11669
16320,101069,7815,48661,5283,93254,22355,10682,11673
16325,101100,7817,48672,5284,93283,22362,10685,11677
16330,101131,7818,48684,5284,93312,22369,10690,11679
16335,101162,7820,48697,5285,93341,22376,10693,11683
16340,101193,7821,48710,5286,93371,22383,10694,11689
16345,101224,7823,48730,5287,93399,22390,10698,11692
16350,101255,7828,48749,5291,93426,22397,10702,11695
16355,101286,7831,48760,5293,93455,22404,10704,11700
16360,101317,7837,48780,5299,93479,22411,10707,11704
16365,101348,7843,48794,5304,93505,22419,10711,11708
16370,101379,7850,48809,5309,93529,22427,10717,11710
16375,101410,7857,48820,5313,93552,22435,10720,11715
16380,101441,7865,48836,5319,93575,22443,10725,11718
16385,101472,7871,48849,5323,93601,22451,10728,11723
16390,101503,7875,48867,5326,93627,22459,10732,11727
16395,101534,7879,48883,5328,93654,22467,10737,11730
16400,101565,7882,48899,5331,93682,22475,10740,11735
16405,101596,7884,48917,5333,93712,22483,10745,11738
16410,101627,7884,48926,5333,93743,22491,10746,11745
16415,101658,7884,48942,5333,93773,22499,10748,11751
16420,101689,7884,48956,5333,93805,22507,10752,11755
16425,101720,7884,48972,5333,93835,22515,10756,11759
16430,101751,7884,48991,5333,93866,22523,10762,11761
16435,101782,7884,49001,5333,93898,22531,10764,11767
16440,101813,7884,49022,5333,93928,22539,10770,11769
16445,101844,7884,49036,5333,93959,22543,10772,11771
16450,101875,7884,49057,5333,93990,22547,10775,11772
16455,101906,7884,49071,5333,94021,22551,10777,11774
16460,101937,7884,49086,5333,94052,22555,10781,11774
16465,101968,7884,49099,5333,94083,22559,10783,11776
16470,101999,7884,49120,5333,94114,22563,10786,11777
16475,102030,7884,49140,5333,94146,22567,10788,11779
16480,102061,7884,49150,5333,94177,22571,10788,11783
16485,102092,7884,49165,5333,94207,22575,10790,11785
16490,102123,7884,49170,5333,94239,22579,10790,11789
16495,102154,7884,49186,5333,94270,22583,10793,11790
16500,102185,7885,49201,5333,94299,22587,10793,11794
16505,102216,7887,49216,5333,94328,22591,10797,11794
16510,102247,7891,49227,5335,94355,22595,10797,11798
16515,102278,7897,49239,5338,94381,22599,10799,11800
16520,102309,7901,49248,5340,94408,22603,10801,11802
16525,102340,7905,49263,5343,94434,22607,10804,11803
16530,102371,7911,49279,5349,94457,22611,10806,11805
16535,102402,7918,49293,5354,94482,22615,10807,11808
16540,102433,7924,49311,5358,94506,22619,10810,11809
16545,102464,7930,49328,5364,94534,22625,10814,11811
16550,102495,7934,49342,5367,94560,22633,10816,11817
16555,102526,7938,49354,5370,94588,22641,10820,11821
16560,102557,7941,49372,5372,94616,22649,10827,11822
16565,102588,7943,49388,5373,94645,22656,10829,11827
16570,102619,7946,49400,5375,94673,22663,10832,11831
16575,102650,7950,49414,5377,94700,22670,10836,11834
16580,102681,7954,49430,5381,94727,22677,10841,11836
16585,102712,7956,49446,5382,94756,22684,10844,11840
16590,102743,7958,49459,5383,94785,22691,10849,11842
16595,102774,7959,49476,5383,94815,22698,10852,11846
16600,102805,7961,49495,5384,94844,22705,10856,11849
16605,102836,7962,49509,5384,94874,22712,10861,11851
16610,102867,7963,49531,5385,94904,22719,10867,11852
16615,102898,7964,49547,5386,94934,22726,10871,11855
16620,102929,7964,49561,5386,94965,22733,10875,11858
16625,102960,7964,49576,5386,94996,22739,10878,11861
16630,102991,7964,49590,5386,95027,22745,10880,11865
16635,103022,7964,49601,5386,95058,22751,10882,11869
16640,103053,7964,49617,5386,95089,22757,10885,11872
16645,103084,7967,49633,5389,95116,22763,10887,11876
16650,103115,7970,49647,5391,95144,22769,10889,11880
16655,103146,7975,49661,5396,95170,22775,10892,11883
16660,103177,7978,49676,5399,95197,22781,10894,11887
16665,103208,7983,49692,5403,95224,22788,10898,11890
16670,103239,7984,49704,5404,95255,22795,10903,11892
16675,103270,7984,49722,5404,95285,22802,10906,11896
16680,103301,7984,49736,5404,95317,22809,10908,11901
16685,103332,7984,49755,5404,95348,22816,10911,11905
16690,103363,7985,49770,5405,95378,22823,10913,11910
16695,103394,7987,49787,5407,95407,22830,10919,11911
16700,103425,7988,49800,5407,95437,22837,10924,11913
16705,103456,7990,49812,5408,95466,22844,10925,11919
16710,103487,7992,49829,5409,95495,22851,10929,11922
16715,103518,7993,49843,5410,95525,22858,10933,11925
16720,103549,7996,49857,5411,95553,22865,10937,11928
16725,103580,8001,49874,5415,95578,22873,10940,11933
16730,103611,8004,49892,5417,95606,22881,10946,11935
16735,103642,8007,49904,5419,95635,22889,10951,11938
16740,103673,8011,49919,5421,95661,22897,10954,11943
16745,103704,8013,49932,5421,95691,22904,10958,11946
16750,103735,8016,49945,5423,95719,22911,10961,11950
16755,103766,8019,49961,5425,95746,22918,10963,11955
16760,103797,8020,49977,5426,95776,22925,10967,11958
16765,103828,8021,49989,5426,95807,22932,10971,11961
16770,103859,8022,50006,5427,95837,22939,10975,11964
16775,103890,8024,50020,5428,95864,22946,10979,11967
16780,103921,8028,50031,5431,95891,22953,10980,11973
16785,103952,8030,50047,5432,95918,22960,10983,11977
16790,103983,8035,50062,5436,95947,22967,10988,11979
16795,104014,8041,50080,5441,95969,22974,10991,11983
16800,104045,8048,50097,5448,95996,22981,10994,11987
16805,104076,8050,50110,5450,96026,22987,10996,11991
16810,104107,8051,50126,5451,96056,22993,10999,11994
16815,104138,8052,50138,5451,96086,22999,11003,11996
16820,104169,8053,50153,5452,96116,23005,11006,11999
16825,104200,8054,50171,5452,96146,23011,11008,12003
16830,104231,8055,50181,5452,96176,23017,11011,12006
16835,104262,8056,50192,5452,96206,23023,11012,12011
16840,104293,8057,50205,5453,96236,23029,11014,12015
16845,104324,8058,50218,5453,96266,23036,11016,12020
16850,104355,8059,50235,5454,96296,23043,11020,12023
16855,104386,8060,50253,5455,96326,23050,11023,12027
16860,104417,8061,50266,5455,96355,23057,11027,12030
16865,104448,8064,50275,5458,96384,23064,11029,12035
16870,104479,8067,50284,5459,96412,23071,11030,12041
16875,104510,8071,50302,5463,96439,23078,11035,12043
16880,104541,8075,50321,5465,96466,23085,11041,12044
16885,104572,8078,50336,5466,96494,23092,11047,12045
16890,104603,8080,50350,5467,96523,23099,11051,12048
16895,104634,8082,50359,5468,96552,23106,11055,12051
16900,104665,8085,50376,5471,96580,23113,11057,12056
16905,104696,8088,50393,5473,96607,23121,11061,12060
16910,104727,8091,50407,5473,96634,23129,11066,12063
16915,104758,8097,50424,5479,96660,23137,11070,12067
16920,104789,8102,50440,5481,96686,23145,11077,12068
16925,104820,8106,50451,5484,96714,23153,11081,12072
16930,104851,8110,50470,5487,96739,23161,11084,12077
16935,104882,8115,50482,5489,96766,23169,11088,12081
16940,104913,8120,50496,5492,96791,23177,11088,12089
16945,104944,8124,50505,5495,96819,23185,11090,12095
16950,104975,8129,50515,5498,96846,23193,11093,12100
16955,105006,8132,50531,5499,96873,23201,11096,12105
16960,105037,8136,50544,5501,96900,23209,11100,12109
16965,105068,8140,50557,5504,96927,23217,11103,12114
16970,105099,8145,50572,5506,96953,23225,11107,12118
16975,105130,8147,50586,5506,96982,23233,11111,12122
16980,105161,8150,50601,5508,97010,23241,11116,12125
16985,105192,8152,50611,5509,97039,23247,11118,12129
16990,105223,8154,50623,5510,97068,23253,11121,12132
16995,105254,8157,50638,5512,97097,23259,11123,12136
17000,105285,8157,50655,5512,97128,23265,11127,12138
17005,105316,8157,50664,5512,97159,23271,11128,12143
17010,105347,8157,50678,5512,97189,23277,11132,12145
17015,105378,8157,50697,5512,97220,23283,11137,12146
17020,105409,8157,50714,5512,97252,23289,11142,12147
17025,105440,8157,50731,5512,97282,23295,11145,12150
17030,105471,8157,50752,5512,97313,23301,11148,12153
17035,105502,8157,50767,5512,97345,23307,11151,12156
17040,105533,8157,50784,5512,97376,23313,11155,12158
17045,105564,8157,50795,5512,97406,23319,11157,12162
17050,105595,8157,50809,5512,97437,23325,11161,12164
17055,105626,8157,50824,5512,97469,23331,11163,12168
17060,105657,8157,50839,5512,97499,23337,11166,12171
17065,105688,8157,50857,5512,97530,23343,11171,12172
17070,105719,8157,50872,5512,97562,23349,11172,12177
17075,105750,8157,50889,5512,97593,23355,11176,12179
17080,105781,8157,50901,5512,97624,23361,11178,12183
17085,105812,8159,50917,5514,97653,23369,11184,12185
17090,105843,8163,50935,5517,97680,23377,11190,12187
17095,105874,8169,50946,5521,97705,23385,11193,12192
17100,105905,8175,50963,5526,97729,23393,11196,12197
17105,105936,8182,50979,5531,97752,23399,11200,12199
17110,105967,8190,50998,5538,97777,23405,11202,12203
17115,105998,8193,51012,5540,97804,23411,11203,12208
17120,106029,8198,51024,5543,97831,23417,11206,12211
17125,106060,8200,51039,5544,97859,23423,11209,12214
17130,106091,8203,51052,5546,97887,23429,11212,12217
17135,106122,8205,51073,5547,97915,23435,11216,12219
17140,106153,8210,51087,5551,97943,23441,11218,12223
17145,106184,8214,51100,5554,97969,23447,11220,12227
17150,106215,8218,51114,5558,97997,23453,11224,12229
17155,106246,8219,51130,5559,98027,23459,11229,12230
17160,106277,8220,51150,5560,98057,23465,11231,12234
17165,106308,8221,51166,5561,98087,23469,11234,12235
17170,106339,8223,51178,5562,98116,23473,11236,12237
17175,106370,8224,51192,5562,98146,23477,11239,12238
17180,106401,8225,51203,5563,98175,23481,11241,12240
17185,106432,8226,51216,5564,98205,23485,11244,12241
17190,106463,8228,51226,5565,98235,23489,11245,12244
17195,106494,8230,51239,5567,98264,23493,11249,12244
17200,106525,8231,51252,5568,98293,23497,11249,12248
17205,106556,8233,51265,5569,98323,23502,11251,12251
17210,106587,8235,51282,5571,98351,23508,11255,12253
17215,106618,8236,51295,5571,98381,23514,11258,12256
17220,106649,8238,51313,5573,98410,23520,11261,12259
17225,106680,8238,51324,5573,98442,23526,11262,12264
17230,106711,8241,51340,5575,98470,23532,11265,12267
17235,106742,8243,51354,5576,98499,23538,11269,12269
17240,106773,8246,51362,5579,98527,23544,11270,12274
17245,106804,8248,51378,5580,98556,23550,11274,12276
17250,106835,8252,51391,5584,98581,23556,11275,12281
17255,106866,8257,51407,5588,98607,23562,11279,12283
17260,106897,8261,51420,5591,98635,23568,11283,12285
17265,106928,8266,51440,5595,98660,23575,11288,12287
17270,106959,8269,51456,5598,98688,23583,11291,12292
17275,106990,8273,51469,5601,98717,23591,11297,12294
17280,107021,8275,51487,5603,98743,23599,11302,12297
17285,107052,8278,51504,5606,98771,23606,11305,12301
17290,107083,8280,51521,5607,98801,23613,11311,12302
17295,107114,8283,51536,5609,98831,23620,11314,12306
17300,107145,8283,51552,5609,98862,23627,11319,12308
17305,107176,8283,51568,5609,98893,23634,11323,12311
17310,107207,8283,51587,5609,98924,23641,11327,12314
17315,107238,8283,51601,5609,98955,23648,11330,12318
17320,107269,8283,51616,5609,98986,23655,11334,12321
17325,107300,8284,51631,5610,99016,23662,11339,12323
17330,107331,8285,51642,5611,99046,23669,11341,12328
17335,107362,8286,51657,5612,99076,23676,11344,12332
17340,107393,8287,51677,5613,99106,23683,11348,12335
17345,107424,8288,51693,5613,99136,23689,11352,12337
17350,107455,8289,51708,5614,99166,23695,11357,12338
17355,107486,8290,51719,5615,99196,23701,11361,12340
17360,107517,8291,51729,5616,99226,23707,11363,12344
17365,107548,8292,51745,5617,99256,23713,11366,12347
17370,107579,8293,51762,5618,99286,23719,11369,12350
17375,107610,8294,51780,5619,99316,23725,11373,12352
17380,107641,8297,51794,5621,99344,23731,11375,12356
17385,107672,8300,51807,5624,99372,23738,11378,12360
17390,107703,8304,51820,5628,99399,23745,11381,12364
17395,107734,8307,51836,5630,99425,23752,11384,12368
17400,107765,8310,51850,5631,99455,23759,11388,12371
17405,107796,8314,51864,5632,99480,23766,11393,12373
17410,107827,8321,51879,5637,99504,23773,11397,12376
17415,107858,8326,51892,5641,99530,23780,11400,12380
17420,107889,8330,51904,5643,99558,23787,11404,12383
17425,107920,8334,51920,5646,99586,23794,11408,12386
17430,107951,8337,51935,5648,99613,23801,11410,12391
17435,107982,8341,51952,5651,99639,23808,11413,12395
17440,108013,8345,51966,5655,99668,23815,11416,12399
17445,108044,8348,51976,5656,99696,23823,11419,12404
17450,108075,8351,51990,5658,99723,23831,11422,12409
17455,108106,8354,51999,5658,99751,23839,11426,12413
17460,108137,8359,52015,5661,99776,23847,11430,12417
17465,108168,8364,52030,5664,99803,23855,11433,12422
17470,108199,8368,52045,5667,99830,23863,11438,12425
17475,108230,8371,52068,5668,99859,23871,11442,12429
17480,108261,8374,52084,5669,99887,23879,11447,12432
17485,108292,8377,52098,5671,99915,23887,11454,12433
17490,108323,8380,52113,5673,99943,23895,11456,12439
17495,108354,8382,52126,5674,99972,23903,11460,12443
17500,108385,8384,52137,5676,100001,23911,11464,12447
17505,108416,8386,52152,5677,100030,23919,11470,12449
17510,108447,8390,52162,5679,100057,23927,11473,12454
17515,108478,8394,52183,5683,100084,23935,11479,12456
17520,108509,8396,52200,5685,100113,23943,11482,12461
17525,108540,8396,52211,5685,100144,23950,11485,12465
17530,108571,8396,52224,5685,100175,23957,11489,12468
17535,108602,8396,52240,5685,100206,23964,11492,12472
17540,108633,8396,52255,5685,100237,23971,11495,12476
17545,108664,8396,52272,5685,100268,23978,11500,12478
17550,108695,8396,52288,5685,100299,23985,11504,12481
17555,108726,8396,52302,5685,100330,23992,11506,12486
17560,108757,8396,52320,5685,100361,23999,11510,12489
17565,108788,8396,52340,5685,100391,24006,11516,12490
17570,108819,8399,52355,5688,100419,24013,11520,12493
17575,108850,8403,52375,5692,100446,24020,11523,12497
17580,108881,8407,52391,5695,100472,24027,11527,12500
17585,108912,8410,52405,5698,100502,24033,11529,12504
17590,108943,8412,52418,5700,100530,24039,11531,12508
17595,108974,8415,52431,5702,100559,24045,11535,12510
17600,109005,8415,52444,5702,100590,24051,11537,12514
17605,109036,8415,52457,5702,100619,24057,11539,12518
17610,109067,8415,52469,5702,100651,24063,11542,12521
17615,109098,8415,52485,5702,100682,24069,11546,12523
17620,109129,8416,52499,5703,100712,24075,11549,12526
17625,109160,8421,52517,5707,100737,24082,11553,12529
17630,109191,8424,52535,5710,100767,24089,11557,12532
17635,109222,8428,52550,5713,100794,24096,11560,12536
17640,109253,8431,52565,5715,100822,24103,11564,12539
17645,109284,8435,52578,5717,100849,24109,11565,12544
17650,109315,8437,52591,5717,100878,24115,11569,12546
17655,109346,8441,52598,5719,100905,24121,11571,12550
17660,109377,8443,52613,5720,100934,24127,11575,12552
17665,109408,8445,52627,5721,100963,24133,11578,12555
17670,109439,8447,52643,5722,100992,24139,11581,12558
17675,109470,8451,52655,5724,101019,24145,11583,12562
17680,109501,8454,52667,5726,101047,24151,11586,12565
17685,109532,8457,52685,5729,101075,24158,11589,12569
17690,109563,8460,52698,5732,101103,24165,11590,12575
17695,109594,8464,52721,5736,101127,24172,11595,12577
17700,109625,8470,52734,5741,101154,24179,11599,12580
17705,109656,8473,52751,5742,101181,24185,11603,12582
17710,109687,8477,52766,5745,101209,24191,11603,12588
17715,109718,8482,52779,5748,101235,24197,11605,12592
17720,109749,8487,52796,5753,101260,24203,11607,12596
17725,109780,8493,52816,5757,101285,24209,11610,12599
17730,109811,8498,52838,5762,101312,24215,11613,12602
17735,109842,8499,52854,5763,101342,24221,11616,12605
17740,109873,8499,52873,5763,101373,24227,11619,12608
17745,109904,8499,52885,5763,101405,24234,11619,12615
17750,109935,8499,52898,5763,101435,24241,11624,12617
17755,109966,8499,52911,5763,101467,24248,11627,12621
17760,109997,8499,52933,5763,101496,24255,11632,12623
17765,110028,8499,52953,5763,101528,24262,11636,12626
17770,110059,8499,52964,5763,101560,24269,11638,12631
17775,110090,8499,52977,5763,101590,24276,11640,12636
17780,110121,8499,52998,5763,101621,24283,11643,12640
17785,110152,8499,53014,5763,101652,24290,11645,12645
17790,110183,8499,53031,5763,101684,24297,11648,12649
17795,110214,8499,53044,5763,101715,24304,11650,12654
17800,110245,8499,53063,5763,101746,24311,11655,12656
17805,110276,8500,53077,5764,101775,24318,11658,12660
17810,110307,8502,53097,5765,101803,24326,11664,12662
17815,110338,8505,53115,5768,101833,24334,11669,12665
17820,110369,8508,53134,5771,101861,24342,11674,12668
17825,110400,8510,53152,5772,101890,24349,11676,12673
17830,110431,8513,53169,5774,101918,24356,11679,12677
17835,110462,8516,53186,5777,101946,24363,11681,12682
17840,110493,8519,53202,5780,101974,24370,11687,12683
17845,110524,8521,53216,5781,102002,24377,11693,12684
17850,110555,8525,53224,5783,102030,24384,11693,12691
17855,110586,8527,53237,5783,102058,24391,11695,12696
17860,110617,8530,53251,5785,102087,24398,11697,12701
17865,110648,8532,53261,5786,102116,24405,11699,12706
17870,110679,8534,53278,5788,102144,24412,11703,12709
17875,110710,8538,53295,5791,102171,24419,11706,12713
17880,110741,8542,53309,5795,102199,24426,11707,12719
17885,110772,8546,53323,5798,102225,24430,11708,12722
17890,110803,8550,53338,5802,102252,24434,11709,12725
17895,110834,8554,53357,5805,102279,24438,11712,12726
17900,110865,8555,53373,5806,102309,24442,11712,12730
17905,110896,8556,53389,5807,102339,24446,11713,12733
17910,110927,8557,53403,5807,102369,24450,11715,12735
17915,110958,8558,53418,5807,102399,24454,11717,12737
17920,110989,8559,53438,5808,102429,24458,11721,12737
17925,111020,8560,53452,5809,102459,24463,11722,12741
17930,111051,8562,53465,5811,102488,24468,11724,12744
17935,111082,8564,53476,5812,102518,24473,11725,12748
17940,111113,8566,53491,5813,102546,24478,11727,12751
17945,111144,8568,53499,5814,102575,24483,11727,12756
17950,111175,8572,53519,5816,102603,24488,11730,12758
17955,111206,8574,53538,5817,102632,24493,11734,12759
17960,111237,8578,53556,5820,102659,24498,11737,12761
17965,111268,8580,53568,5821,102688,24503,11739,12764
17970,111299,8584,53582,5823,102714,24508,11742,12766
17975,111330,8588,53595,5825,102742,24513,11742,12771
17980,111361,8592,53610,5828,102768,24518,11743,12775
17985,111392,8595,53627,5830,102796,24525,11748,12777
17990,111423,8599,53639,5832,102824,24533,11750,12783
17995,111454,8603,53652,5836,102850,24541,11754,12787
18000,111485,8605,53665,5837,102879,24549,11758,12791
18005,111516,8609,53680,5840,102907,24557,11763,12794
18010,111547,8610,53691,5841,102936,24565,11765,12800
18015,111578,8612,53705,5843,102965,24573,11769,12804
18020,111609,8614,53723,5845,102995,24581,11774,12807
18025,111640,8615,53737,5845,103024,24589,11778,12811
18030,111671,8617,53754,5847,103053,24597,11781,12816
18035,111702,8619,53775,5849,103083,24605,11786,12819
18040,111733,8620,53789,5849,103113,24613,11789,12824
18045,111764,8621,53805,5850,103143,24621,11792,12829
18050,111795,8624,53823,5853,103170,24629,11795,12834
18055,111826,8626,53837,5854,103199,24637,11800,12837
18060,111857,8629,53853,5857,103226,24645,11801,12844
18065,111888,8632,53870,5859,103255,24653,11805,12848
18070,111919,8633,53881,5860,103286,24661,11808,12853
18075,111950,8633,53895,5860,103317,24669,11811,12858
18080,111981,8633,53905,5860,103348,24677,11815,12862
18085,112012,8633,53927,5860,103378,24685,11819,12866
18090,112043,8633,53938,5860,103409,24693,11823,12870
18095,112074,8634,53954,5860,103439,24701,11826,12875
18100,112105,8635,53968,5860,103469,24709,11829,12880
18105,112136,8636,53983,5860,103500,24717,11836,12881
18110,112167,8638,53993,5861,103529,24725,11839,12886
18115,112198,8642,54010,5863,103556,24733,11842,12891
18120,112229,8644,54026,5864,103584,24741,11847,12894
18125,112260,8648,54043,5867,103612,24748,11853,12895
18130,112291,8651,54056,5869,103639,24755,11855,12900
18135,112322,8653,54072,5871,103667,24762,11859,12903
18140,112353,8657,54088,5873,103694,24769,11862,12907
18145,112384,8662,54099,5876,103721,24776,11864,12912
18150,112415,8665,54113,5878,103750,24783,11869,12914
18155,112446,8669,54130,5881,103776,24790,11872,12918
18160,112477,8673,54147,5885,103803,24797,11875,12922
18165,112508,8675,54160,5886,103833,24804,11878,12926
18170,112539,8678,54169,5889,103861,24811,11880,12931
18175,112570,8683,54187,5892,103886,24818,11883,12935
18180,112601,8688,54201,5896,103912,24825,11883,12942
18185,112632,8692,54217,5900,103938,24830,11887,12943
18190,112663,8698,54231,5904,103965,24835,11888,12947
18195,112694,8700,54247,5906,103993,24840,11891,12949
18200,112725,8703,54263,5909,104020,24845,11895,12950
18205,112756,8708,54277,5912,104048,24850,11898,12952
18210,112787,8710,54294,5913,104076,24855,11901,12954
18215,112818,8714,54305,5916,104104,24860,11904,12956
18220,112849,8717,54319,5918,104131,24865,11906,12959
18225,112880,8718,54334,5919,104162,24871,11908,12963
18230,112911,8718,54345,5919,104193,24877,11909,12968
18235,112942,8718,54357,5919,104224,24883,11911,12972
18240,112973,8718,54371,5919,104255,24889,11914,12975
18245,113004,8718,54393,5919,104286,24895,11918,12977
18250,113035,8718,54406,5919,104316,24901,11921,12980
18255,113066,8718,54417,5919,104346,24907,11923,12984
18260,113097,8718,54432,5919,104379,24913,11926,12987
18265,113128,8718,54446,5919,104410,24919,11928,12991
18270,113159,8718,54461,5919,104440,24925,11931,12994
18275,113190,8718,54474,5919,104471,24931,11934,12997
18280,113221,8718,54487,5919,104502,24937,11937,13000
18285,113252,8718,54501,5919,104534,24945,11940,13005
18290,113283,8720,54521,5920,104563,24953,11945,13008
18295,113314,8721,54539,5921,104593,24961,11950,13011
18300,113345,8722,54555,5921,104623,24969,11954,13015
18305,113376,8723,54569,5921,104653,24976,11956,13020
18310,113407,8724,54586,5921,104683,24983,11959,13024
18315,113438,8725,54603,5922,104713,24990,11961,13029
18320,113469,8727,54616,5924,104742,24997,11965,13032
18325,113500,8729,54628,5925,104771,25004,11970,13034
18330,113531,8732,54641,5926,104798,25011,11975,13036
18335,113562,8739,54659,5932,104823,25018,11978,13040
18340,113593,8743,54670,5934,104849,25025,11981,13044
18345,113624,8748,54689,5937,104873,25032,11986,13046
18350,113655,8753,54701,5941,104902,25039,11989,13050
18355,113686,8758,54714,5945,104927,25046,11991,13055
18360,113717,8765,54735,5951,104949,25053,11995,13058
18365,113748,8774,54748,5958,104973,25060,11996,13064
18370,113779,8780,54762,5962,104998,25067,11998,13069
18375,113810,8782,54777,5963,105028,25074,12001,13073
18380,113841,8783,54790,5964,105058,25081,12007,13074
18385,113872,8784,54805,5965,105088,25088,12011,13077
18390,113903,8785,54819,5966,105118,25095,12017,13078
18395,113934,8786,54837,5966,105148,25102,12020,13082
18400,113965,8787,54853,5966,105178,25109,12024,13085
18405,113996,8788,54864,5966,105208,25116,12030,13086
18410,114027,8789,54875,5966,105238,25124,12033,13091
18415,114058,8790,54894,5967,105267,25132,12039,13093
18420,114089,8791,54905,5967,105298,25140,12043,13097
18425,114120,8792,54917,5967,105328,25146,12047,13099
18430,114151,8793,54931,5967,105358,25152,12050,13102
18435,114182,8794,54944,5967,105387,25158,12053,13105
18440,114213,8795,54955,5967,105418,25164,12056,13108
18445,114244,8796,54971,5967,105448,25170,12061,13109
18450,114275,8797,54987,5968,105478,25176,12065,13111
18455,114306,8798,55000,5968,105508,25182,12068,13114
18460,114337,8799,55015,5968,105538,25188,12072,13116
18465,114368,8800,55027,5969,105567,25194,12074,13120
18470,114399,8801,55043,5970,105597,25200,12077,13123
18475,114430,8803,55062,5972,105626,25206,12080,13126
18480,114461,8807,55079,5975,105653,25212,12085,13127
18485,114492,8813,55093,5979,105678,25218,12087,13131
18490,114523,8819,55107,5983,105702,25224,12090,13134
18495,114554,8823,55119,5985,105731,25230,12093,13137
18500,114585,8829,55136,5989,105755,25236,12098,13138
18505,114616,8834,55152,5991,105782,25242,12101,13141
18510,114647,8839,55166,5993,105808,25248,12104,13144
18515,114678,8843,55185,5996,105834,25254,12106,13148
18520,114709,8848,55199,5999,105860,25260,12109,13151
18525,114740,8853,55213,6001,105886,25268,12112,13156
18530,114771,8859,55229,6004,105910,25276,12117,13159
18535,114802,8864,55247,6007,105935,25284,12122,13162
18540,114833,8869,55259,6011,105962,25292,12124,13168
18545,114864,8871,55275,6012,105993,25299,12127,13172
18550,114895,8872,55290,6013,106023,25306,12131,13175
18555,114926,8873,55305,6014,106053,25313,12133,13180
18560,114957,8874,55323,6015,106083,25320,12136,13184
18565,114988,8875,55334,6016,106113,25327,12138,13189
18570,115019,8876,55347,6017,106143,25334,12140,13194
18575,115050,8877,55364,6018,106173,25341,12145,13196
18580,115081,8878,55378,6019,106203,25348,12148,13200
18585,115112,8879,55392,6019,106233,25355,12154,13201
18590,115143,8881,55408,6020,106262,25362,12157,13205
18595,115174,8882,55423,6021,106292,25369,12160,13209
18600,115205,8884,55440,6023,106320,25376,12164,13212
18605,115236,8884,55455,6023,106352,25382,12167,13215
18610,115267,8884,55471,6023,106383,25388,12169,13219
18615,115298,8884,55483,6023,106414,25394,12173,13221
18620,115329,8884,55495,6023,106445,25400,12174,13226
18625,115360,8884,55510,6023,106476,25406,12177,13229
18630,115391,8884,55523,6023,106507,25412,12179,13233
18635,115422,8884,55536,6023,106538,25418,12182,13236
18640,115453,8884,55552,6023,106569,25424,12183,13241
18645,115484,8885,55567,6024,106598,25431,12185,13246
18650,115515,8889,55584,6027,106624,25438,12189,13249
18655,115546,8896,55600,6034,106649,25445,12191,13254
18660,115577,8900,55611,6036,106677,25452,12194,13258
18665,115608,8904,55626,6039,106703,25458,12198,13260
18670,115639,8910,55642,6044,106728,25464,12200,13264
18675,115670,8911,55660,6044,106758,25470,12206,13264
18680,115701,8912,55676,6045,106789,25476,12209,13267
18685,115732,8913,55689,6045,106819,25482,12213,13269
18690,115763,8915,55702,6046,106848,25488,12217,13271
18695,115794,8916,55716,6046,106878,25494,12221,13273
18700,115825,8918,55731,6048,106907,25500,12222,13278
18705,115856,8922,55748,6051,106933,25506,12224,13282
18710,115887,8928,55760,6055,106959,25513,12225,13288
18715,115918,8935,55780,6060,106983,25520,12230,13290
18720,115949,8938,55793,6062,107010,25527,12233,13294
18725,115980,8944,55813,6067,107035,25532,12234,13298
18730,116011,8948,55829,6069,107062,25537,12238,13299
18735,116042,8949,55840,6070,107092,25542,12239,13303
18740,116073,8951,55860,6072,107121,25547,12241,13306
18745,116104,8952,55879,6073,107152,25552,12245,13307
18750,116135,8953,55896,6073,107182,25557,12247,13310
18755,116166,8954,55908,6074,107212,25562,12249,13313
18760,116197,8954,55924,6074,107243,25567,12253,13314
18765,116228,8954,55944,6074,107274,25573,12257,13316
18770,116259,8954,55960,6074,107304,25579,12260,13319
18775,116290,8955,55974,6075,107333,25585,12263,13322
18780,116321,8958,55991,6077,107362,25591,12267,13324
18785,116352,8961,56004,6080,107390,25597,12271,13326
18790,116383,8966,56018,6085,107416,25603,12271,13332
18795,116414,8969,56034,6087,107444,25609,12273,13336
18800,116445,8973,56050,6090,107472,25615,12278,13337
18805,116476,8973,56066,6090,107503,25621,12281,13340
18810,116507,8973,56081,6090,107534,25627,12282,13345
18815,116538,8973,56096,6090,107565,25633,12285,13348
18820,116569,8973,56110,6090,107596,25639,12288,13351
18825,116600,8973,56123,6090,107626,25647,12291,13356
18830,116631,8973,56137,6090,107655,25655,12294,13361
18835,116662,8973,56155,6090,107685,25663,12298,13365
18840,116693,8975,56168,6091,107715,25671,12301,13370
18845,116724,8977,56178,6092,107746,25679,12303,13376
18850,116755,8978,56191,6093,107776,25687,12307,13380
18855,116786,8980,56205,6094,107806,25695,12309,13386
18860,116817,8983,56220,6096,107834,25703,12312,13391
18865,116848,8988,56232,6099,107860,25711,12315,13396
18870,116879,8991,56245,6101,107888,25719,12317,13402
18875,116910,8994,56260,6103,107915,25727,12320,13407
18880,116941,8998,56276,6105,107943,25735,12325,13410
18885,116972,9000,56286,6106,107971,25743,12328,13415
18890,117003,9004,56300,6110,107999,25751,12330,13421
18895,117034,9006,56315,6112,108028,25759,12335,13424
18900,117065,9007,56329,6112,108058,25767,12340,13427
18905,117096,9009,56344,6114,108087,25775,12346,13429
18910,117127,9012,56361,6116,108114,25783,12349,13434
18915,117158,9014,56377,6116,108143,25791,12353,13438
18920,117189,9018,56393,6119,108169,25799,12358,13441
18925,117220,9021,56408,6120,108199,25807,12362,13445
18930,117251,9023,56423,6121,108227,25815,12364,13451
18935,117282,9026,56438,6122,108255,25823,12368,13455
18940,117313,9030,56453,6125,108282,25831,12373,13458
18945,117344,9033,56467,6126,108310,25839,12377,13462
18950,117375,9039,56484,6130,108335,25847,12382,13465
18955,117406,9042,56499,6131,108362,25855,12385,13470
18960,117437,9048,56520,6136,108386,25863,12390,13473
18965,117468,9053,56532,6139,108415,25869,12394,13475
18970,117499,9054,56547,6140,108443,25875,12396,13479
18975,117530,9055,56561,6141,108473,25881,12399,13482
18980,117561,9056,56578,6141,108500,25887,12401,13486
18985,117592,9057,56592,6141,108534,25893,12403,13490
18990,117623,9058,56609,6142,108565,25899,12404,13495
18995,117654,9059,56623,6143,108595,25905,12407,13498
19000,117685,9061,56638,6144,108623,25911,12410,13501
19005,117716,9063,56655,6146,108652,25917,12412,13505
19010,117747,9065,56670,6147,108681,25923,12415,13508
19015,117778,9067,56681,6147,108711,25929,12417,13512
19020,117809,9070,56690,6149,108739,25935,12417,13518
19025,117840,9072,56703,6151,108767,25940,12419,13521
19030,117871,9074,56716,6152,108796,25945,12422,13523
19035,117902,9076,56734,6153,108826,25950,12426,13524
19040,117933,9078,56745,6153,108855,25955,12428,13527
19045,117964,9080,56763,6153,108884,25960,12430,13530
19050,117995,9082,56778,6154,108913,25965,12435,13530
19055,118026,9085,56789,6155,108941,25970,12436,13534
19060,118057,9087,56803,6155,108970,25975,12438,13537
19065,118088,9091,56816,6158,108997,25981,12440,13541
19070,118119,9095,56831,6160,109024,25988,12442,13546
19075,118150,9098,56846,6163,109052,25995,12446,13549
19080,118181,9101,56863,6164,109080,26002,12450,13552
19085,118212,9104,56880,6166,109108,26009,12456,13553
19090,118243,9109,56898,6171,109133,26016,12459,13557
19095,118274,9113,56911,6173,109160,26023,12462,13561
19100,118305,9117,56923,6175,109187,26030,12463,13567
19105,118336,9121,56941,6179,109214,26037,12466,13571
19110,118367,9126,56956,6182,109241,26044,12472,13572
19115,118398,9132,56972,6188,109266,26051,12475,13576
19120,118429,9133,56987,6188,109295,26058,12477,13581
19125,118460,9137,56999,6192,109323,26066,12478,13588
19130,118491,9139,57019,6194,109352,26074,12484,13590
19135,118522,9143,57038,6197,109378,26082,12488,13594
19140,118553,9144,57054,6198,109408,26090,12494,13596
19145,118584,9144,57072,6198,109440,26098,12499,13599
19150,118615,9144,57091,6198,109470,26106,12503,13603
19155,118646,9144,57106,6198,109502,26114,12508,13606
19160,118677,9144,57123,6198,109532,26122,12512,13610
19165,118708,9144,57140,6198,109564,26130,12516,13614
19170,118739,9144,57154,6198,109594,26138,12520,13618
19175,118770,9144,57168,6198,109626,26146,12524,13622
19180,118801,9144,57189,6198,109657,26154,12531,13623
19185,118832,9144,57204,6198,109688,26162,12534,13628
19190,118863,9144,57222,6198,109718,26170,12539,13631
19195,118894,9144,57235,6198,109749,26178,12542,13636
19200,118925,9144,57256,6198,109781,26186,12549,13637
19205,118956,9145,57275,6199,109809,26192,12553,13639
19210,118987,9147,57293,6200,109839,26198,12555,13643
19215,119018,9149,57309,6201,109868,26204,12559,13645
19220,119049,9150,57323,6201,109899,26210,12560,13650
19225,119080,9151,57339,6202,109929,26216,12561,13655
19230,119111,9154,57348,6203,109956,26222,12563,13659
19235,119142,9157,57366,6206,109983,26228,12566,13662
19240,119173,9159,57376,6207,110013,26234,12567,13667
19245,119204,9163,57395,6209,110039,26240,12572,13668
19250,119235,9169,57413,6213,110064,26246,12575,13671
19255,119266,9174,57424,6216,110091,26252,12577,13675
19260,119297,9178,57437,6219,110117,26258,12580,13678
19265,119328,9182,57452,6222,110146,26262,12583,13679
19270,119359,9186,57462,6224,110173,26266,12584,13682
19275,119390,9189,57477,6225,110200,26270,12586,13684
19280,119421,9194,57490,6230,110227,26274,12587,13687
19285,119452,9198,57506,6232,110254,26278,12590,13688
19290,119483,9204,57523,6235,110279,26282,12594,13688
19295,119514,9209,57539,6239,110304,26286,12596,13690
19300,119545,9215,57553,6244,110329,26290,12597,13693
19305,119576,9222,57569,6249,110353,26296,12599,13697
19310,119607,9227,57578,6253,110379,26302,12601,13701
19315,119638,9235,57588,6259,110403,26308,12602,13706
19320,119669,9237,57599,6260,110431,26314,12605,13709
19325,119700,9237,57618,6260,110462,26319,12608,13711
19330,119731,9237,57628,6260,110494,26324,12611,13713
19335,119762,9237,57645,6260,110524,26329,12615,13714
19340,119793,9237,57658,6260,110556,26334,12617,13717
19345,119824,9237,57673,6260,110587,26339,12620,13719
19350,119855,9237,57690,6260,110618,26344,12623,13721
19355,119886,9237,57703,6260,110649,26349,12626,13723
19360,119917,9237,57716,6260,110680,26354,12628,13726
19365,119948,9237,57730,6260,110711,26361,12633,13728
19370,119979,9237,57749,6260,110741,26368,12638,13730
19375,120010,9237,57763,6260,110772,26375,12640,13735
19380,120041,9237,57782,6260,110803,26382,12646,13736
19385,120072,9237,57802,6260,110834,26389,12649,13740
19390,120103,9237,57819,6260,110865,26396,12651,13745
19395,120134,9237,57829,6260,110897,26403,12653,13750
19400,120165,9237,57842,6260,110927,26410,12657,13753
19405,120196,9237,57852,6260,110959,26417,12659,13758
19410,120227,9237,57870,6260,110990,26424,12665,13759
19415,120258,9238,57882,6260,111020,26431,12668,13763
19420,120289,9241,57899,6262,111045,26438,12671,13767
19425,120320,9245,57912,6265,111075,26445,12675,13770
19430,120351,9249,57927,6268,111102,26453,12679,13774
19435,120382,9255,57938,6273,111126,26461,12681,13780
19440,120413,9262,57950,6280,111151,26469,12683,13786
19445,120444,9266,57968,6283,111178,26477,12690,13787
19450,120475,9269,57982,6284,111205,26485,12695,13790
19455,120506,9275,58001,6290,111229,26493,12698,13795
19460,120537,9279,58016,6293,111257,26501,12703,13798
19465,120568,9283,58028,6295,111284,26509,12706,13803
19470,120599,9289,58046,6301,111310,26517,12710,13807
19475,120630,9294,58058,6304,111335,26525,12711,13814
19480,120661,9300,58067,6308,111361,26533,12711,13822
19485,120692,9302,58074,6309,111390,26541,12713,13828
19490,120723,9306,58091,6312,111417,26549,12717,13832
19495,120754,9309,58100,6313,111445,26557,12718,13839
19500,120785,9312,58115,6315,111473,26565,12720,13845
19505,120816,9315,58126,6316,111501,26572,12724,13848
19510,120847,9318,58138,6318,111529,26579,12727,13852
19515,120878,9321,58154,6320,111557,26586,12733,13853
19520,120909,9324,58171,6322,111585,26593,12736,13857
19525,120940,9325,58186,6322,111615,26600,12740,13860
19530,120971,9326,58196,6322,111644,26607,12742,13865
19535,121002,9327,58215,6322,111672,26614,12746,13868
19540,121033,9328,58228,6323,111704,26621,12749,13872
19545,121064,9329,58239,6324,111735,26628,12752,13876
19550,121095,9330,58254,6324,111762,26635,12754,13881
19555,121126,9331,58271,6325,111792,26642,12757,13885
19560,121157,9332,58284,6326,111825,26649,12760,13889
19565,121188,9333,58297,6327,111855,26656,12762,13894
19570,121219,9334,58307,6327,111885,26663,12764,13899
19575,121250,9335,58322,6327,111914,26670,12768,13902
19580,121281,9336,58338,6328,111944,26677,12771,13906
19585,121312,9337,58358,6329,111975,26684,12777,13907
19590,121343,9339,58371,6329,112003,26691,12780,13911
19595,121374,9342,58388,6332,112032,26698,12784,13914
19600,121405,9345,58400,6334,112059,26705,12789,13916
19605,121436,9348,58419,6337,112088,26713,12796,13917
19610,121467,9350,58432,6338,112116,26721,12800,13921
19615,121498,9354,58447,6341,112144,26729,12806,13923
19620,121529,9356,58466,6343,112171,26737,12810,13927
19625,121560,9361,58484,6348,112199,26743,12813,13930
19630,121591,9363,58494,6349,112228,26749,12815,13934
19635,121622,9370,58510,6356,112252,26755,12819,13936
19640,121653,9375,58524,6361,112278,26761,12820,13941
19645,121684,9381,58540,6366,112303,26767,12822,13945
19650,121715,9386,58557,6370,112329,26773,12825,13948
19655,121746,9388,58567,6371,112358,26779,12828,13951
19660,121777,9389,58580,6371,112388,26785,12832,13953
19665,121808,9390,58598,6372,112418,26791,12834,13957
19670,121839,9391,58612,6372,112448,26797,12839,13958
19675,121870,9392,58625,6372,112478,26803,12841,13962
19680,121901,9393,58641,6372,112508,26809,12845,13964
19685,121932,9393,58657,6372,112539,26815,12848,13967
19690,121963,9393,58678,6372,112570,26821,12852,13969
19695,121994,9393,58695,6372,112601,26827,12855,13972
19700,122025,9393,58708,6372,112630,26833,12857,13976
19705,122056,9393,58720,6372,112662,26839,12859,13980
19710,122087,9393,58737,6372,112693,26845,12864,13981
19715,122118,9393,58750,6372,112724,26851,12864,13987
19720,122149,9394,58767,6373,112754,26857,12868,13989
19725,122180,9396,58783,6374,112783,26864,12872,13992
19730,122211,9397,58797,6375,112813,26872,12876,13996
19735,122242,9398,58812,6375,112842,26880,12881,13999
19740,122273,9400,58830,6377,112873,26888,12886,14002
19745,122304,9401,58842,6378,112903,26896,12888,14008
19750,122335,9402,58853,6379,112933,26904,12892,14012
19755,122366,9404,58867,6381,112961,26912,12895,14017
19760,122397,9406,58883,6381,112990,26920,12899,14021
19765,122428,9409,58897,6384,113018,26928,12902,14026
19770,122459,9412,58914,6386,113046,26936,12907,14029
19775,122490,9416,58930,6388,113074,26944,12911,14033
19780,122521,9418,58943,6388,113103,26952,12914,14038
19785,122552,9423,58957,6393,113128,26960,12917,14043
19790,122583,9430,58972,6399,113152,26968,12920,14048
19795,122614,9436,58983,6403,113177,26976,12922,14054
19800,122645,9442,58997,6408,113202,26984,12927,14057
19805,122676,9449,59014,6414,113226,26988,12929,14059
19810,122707,9457,59030,6421,113250,26992,12930,14062
19815,122738,9461,59046,6424,113275,26996,12932,14064
19820,122769,9464,59060,6427,113305,27000,12934,14066
19825,122800,9466,59075,6428,113334,27004,12936,14068
19830,122831,9467,59091,6429,113364,27008,12939,14069
19835,122862,9469,59104,6430,113393,27012,12942,14070
19840,122893,9470,59126,6431,113422,27016,12945,14071
19845,122924,9471,59142,6432,113453,27020,12946,14074
19850,122955,9471,59162,6432,113483,27024,12949,14075
19855,122986,9471,59172,6432,113515,27028,12951,14077
19860,123017,9471,59189,6432,113546,27032,12951,14081
19865,123048,9471,59202,6432,113577,27036,12952,14084
19870,123079,9471,59216,6432,113608,27040,12955,14085
19875,123110,9471,59232,6432,113639,27044,12957,14087
19880,123141,9471,59247,6432,113670,27048,12959,14089
19885,123172,9471,59261,6432,113701,27052,12961,14091
19890,123203,9471,59276,6432,113730,27056,12963,14093
19895,123234,9471,59288,6432,113761,27060,12964,14096
19900,123265,9471,59305,6432,113794,27064,12967,14097
19905,123296,9471,59322,6432,113824,27072,12972,14100
19910,123327,9471,59344,6432,113856,27080,12977,14103
19915,123358,9471,59365,6432,113886,27088,12983,14105
19920,123389,9473,59383,6434,113916,27096,12987,14109
19925,123420,9476,59394,6435,113944,27104,12989,14115
19930,123451,9478,59405,6436,113972,27112,12993,14119
19935,123482,9481,59423,6437,114000,27120,12999,14121
19940,123513,9484,59440,6440,114028,27128,13004,14124
19945,123544,9488,59454,6444,114054,27136,13008,14128
19950,123575,9492,59469,6447,114082,27144,13011,14133
19955,123606,9498,59486,6451,114106,27152,13016,14136
19960,123637,9505,59502,6456,114131,27160,13019,14141
19965,123668,9511,59514,6461,114157,27168,13021,14147
19970,123699,9517,59528,6465,114180,27176,13023,14153
19975,123730,9523,59541,6469,114207,27184,13026,14158
19980,123761,9528,59561,6473,114232,27192,13032,14160
19985,123792,9534,59578,6478,114256,27200,13035,14165
19990,123823,9536,59588,6480,114286,27208,13038,14170
19995,123854,9537,59605,6480,114316,27216,13043,14173
20000,123885,9539,59619,6481,114346,27224,13046,14178
20005,123916,9540,59631,6481,114376,27232,13048,14184
20010,123947,9542,59644,6482,114405,27240,13049,14191
20015,123978,9543,59653,6483,114434,27248,13053,14195
20020,124009,9545,59665,6484,114464,27256,13058,14198
20025,124040,9546,59681,6485,114494,27264,13062,14202
20030,124071,9548,59695,6487,114523,27272,13064,14208
20035,124102,9549,59703,6487,114553,27280,13066,14214
20040,124133,9551,59718,6489,114582,27288,13070,14218
20045,124164,9551,59737,6489,114611,27294,13071,14223
20050,124195,9551,59753,6489,114641,27300,13074,14226
20055,124226,9551,59766,6489,114674,27306,13075,14231
20060,124257,9551,59789,6489,114704,27312,13080,14232
20065,124288,9551,59803,6489,114735,27318,13083,14235
20070,124319,9551,59815,6489,114768,27324,13087,14237
20075,124350,9551,59833,6489,114799,27330,13091,14239
20080,124381,9551,59847,6489,114830,27336,13095,14241
20085,124412,9553,59867,6490,114859,27342,13100,14242
20090,124443,9555,59882,6492,114888,27348,13103,14245
20095,124474,9559,59893,6495,114915,27354,13104,14250
20100,124505,9562,59904,6498,114943,27360,13106,14254
20105,124536,9566,59921,6502,114969,27366,13110,14256
20110,124567,9569,59935,6503,114997,27372,13115,14257
20115,124598,9572,59953,6505,115026,27378,13119,14259
20120,124629,9576,59970,6507,115053,27384,13124,14260
20125,124660,9579,59987,6510,115080,27390,13126,14264
20130,124691,9580,60003,6511,115111,27396,13128,14268
20135,124722,9581,60017,6511,115140,27402,13133,14269
20140,124753,9584,60029,6513,115168,27408,13133,14275
20145,124784,9588,60042,6516,115194,27415,13134,14281
20150,124815,9593,60058,6519,115222,27423,13139,14284
20155,124846,9596,60071,6522,115249,27431,13141,14290
20160,124877,9598,60086,6522,115279,27439,13147,14292
20165,124908,9601,60102,6524,115307,27447,13148,14299
20170,124939,9603,60116,6524,115335,27455,13151,14304
20175,124970,9607,60135,6526,115363,27463,13155,14308
20180,125001,9608,60153,6527,115392,27471,13160,14311
20185,125032,9609,60170,6527,115423,27479,13163,14316
20190,125063,9610,60183,6527,115452,27487,13168,14319
20195,125094,9611,60196,6528,115483,27495,13172,14323
20200,125125,9612,60216,6528,115513,27503,13176,14327
20205,125156,9613,60236,6529,115543,27511,13181,14330
20210,125187,9614,60251,6529,115573,27519,13185,14334
20215,125218,9615,60267,6530,115603,27527,13191,14336
20220,125249,9616,60282,6530,115632,27535,13197,14338
20225,125280,9618,60292,6531,115662,27542,13199,14343
20230,125311,9620,60305,6532,115691,27549,13203,14346
20235,125342,9623,60320,6534,115719,27556,13206,14350
20240,125373,9627,60336,6536,115745,27563,13210,14353
20245,125404,9631,60354,6538,115773,27570,13213,14357
20250,125435,9635,60367,6541,115800,27577,13216,14361
20255,125466,9637,60384,6542,115829,27584,13222,14362
20260,125497,9640,60399,6545,115857,27591,13228,14363
20265,125528,9644,60414,6547,115884,27598,13233,14365
20270,125559,9646,60427,6549,115912,27605,13238,14367
20275,125590,9651,60445,6554,115939,27612,13242,14370
20280,125621,9654,60460,6555,115966,27619,13246,14373
20285,125652,9660,60475,6560,115992,27626,13249,14377
20290,125683,9664,60491,6562,116018,27633,13254,14379
20295,125714,9671,60507,6567,116042,27640,13257,14383
20300,125745,9677,60523,6571,116067,27647,13259,14388
20305,125776,9680,60533,6572,116095,27654,13264,14390
20310,125807,9685,60548,6576,116122,27661,13266,14395
20315,125838,9688,60568,6579,116149,27668,13272,14396
20320,125869,9691,60583,6582,116178,27675,13276,14399
20325,125900,9691,60598,6582,116209,27683,13279,14404
20330,125931,9691,60615,6582,116240,27691,13284,14407
20335,125962,9691,60632,6582,116271,27699,13288,14411
20340,125993,9691,60650,6582,116302,27707,13294,14413
20345,126024,9691,60667,6582,116333,27712,13298,14414
20350,126055,9691,60684,6582,116363,27717,13299,14418
20355,126086,9691,60696,6582,116395,27722,13302,14420
20360,126117,9691,60709,6582,116425,27727,13304,14423
20365,126148,9691,60721,6582,116457,27732,13304,14428
20370,126179,9691,60735,6582,116488,27737,13307,14430
20375,126210,9691,60745,6582,116519,27742,13309,14433
20380,126241,9691,60759,6582,116550,27747,13312,14435
20385,126272,9691,60773,6582,116580,27752,13314,14438
20390,126303,9691,60789,6582,116609,27757,13316,14441
20395,126334,9691,60805,6582,116641,27762,13317,14445
20400,126365,9691,60821,6582,116672,27767,13320,14447
20405,126396,9691,60836,6582,116705,27771,13323,14448
20410,126427,9693,60848,6584,116734,27775,13324,14451
20415,126458,9695,60862,6584,116762,27779,13327,14452
20420,126489,9698,60873,6586,116790,27783,13328,14455
20425,126520,9702,60888,6588,116817,27787,13331,14456
20430,126551,9707,60902,6591,116843,27791,13332,14459
20435,126582,9711,60918,6593,116869,27795,13335,14460
20440,126613,9716,60933,6597,116897,27799,13338,14461
20445,126644,9721,60953,6601,116920,27805,13342,14463
20450,126675,9728,60970,6607,116945,27812,13345,14467
20455,126706,9734,60989,6612,116971,27819,13350,14469
20460,126737,9738,60999,6613,116998,27826,13352,14474
20465,126768,9743,61014,6617,117024,27832,13356,14476
20470,126799,9750,61030,6623,117048,27838,13359,14479
20475,126830,9758,61044,6629,117072,27844,13362,14482
20480,126861,9763,61061,6632,117097,27850,13367,14483
20485,126892,9766,61075,6634,117126,27856,13371,14485
20490,126923,9769,61094,6636,117154,27862,13375,14487
20495,126954,9773,61109,6639,117181,27868,13379,14489
20500,126985,9774,61120,6640,117211,27874,13381,14493
20505,127016,9775,61135,6641,117241,27881,13384,14497
20510,127047,9776,61151,6642,117270,27888,13388,14500
20515,127078,9777,61172,6643,117300,27895,13392,14503
20520,127109,9778,61191,6643,117331,27902,13397,14505
20525,127140,9779,61205,6644,117361,27909,13399,14510
20530,127171,9780,61221,6645,117391,27916,13402,14514
20535,127202,9781,61236,6646,117421,27923,13404,14519
20540,127233,9781,61250,6646,117452,27930,13407,14523
20545,127264,9781,61264,6646,117483,27937,13409,14528
20550,127295,9781,61277,6646,117514,27944,13413,14531
20555,127326,9781,61295,6646,117545,27951,13417,14534
20560,127357,9781,61312,6646,117576,27958,13420,14538
20565,127388,9781,61326,6646,117607,27966,13426,14540
20570,127419,9781,61341,6646,117636,27974,13428,14546
20575,127450,9781,61359,6646,117669,27982,13434,14548
20580,127481,9781,61372,6646,117700,27990,13436,14554
20585,127512,9781,61386,6646,117731,27997,13440,14557
20590,127543,9781,61396,6646,117762,28004,13442,14562
20595,127574,9782,61407,6646,117791,28011,13443,14568
20600,127605,9783,61426,6646,117821,28018,13449,14569
20605,127636,9784,61443,6646,117851,28025,13453,14572
20610,127667,9787,61460,6648,117879,28032,13456,14576
20615,127698,9789,61473,6648,117908,28039,13457,14582
20620,127729,9791,61485,6649,117937,28046,13459,14587
20625,127760,9794,61500,6650,117965,28053,13462,14591
20630,127791,9796,61517,6651,117995,28060,13466,14594
20635,127822,9799,61529,6652,118023,28067,13467,14600
20640,127853,9804,61545,6655,118048,28074,13472,14602
20645,127884,9809,61555,6659,118075,28081,13474,14607
20650,127915,9813,61567,6662,118102,28088,13476,14612
20655,127946,9817,61583,6666,118129,28095,13480,14615
20660,127977,9822,61597,6669,118155,28102,13483,14619
20665,128008,9827,61611,6671,118180,28109,13486,14623
20670,128039,9835,61627,6677,118204,28116,13490,14626
20675,128070,9837,61640,6678,118233,28123,13493,14630
20680,128101,9840,61656,6680,118261,28130,13497,14633
20685,128132,9842,61674,6681,118289,28138,13501,14637
20690,128163,9845,61685,6682,118317,28146,13506,14640
20695,128194,9848,61700,6685,118346,28154,13510,14644
20700,128225,9850,61709,6686,118375,28162,13512,14650
20705,128256,9853,61726,6687,118403,28170,13516,14654
20710,128287,9857,61742,6690,118429,28178,13520,14658
20715,128318,9860,61760,6693,118458,28186,13526,14660
20720,128349,9861,61773,6694,118488,28194,13528,14666
20725,128380,9862,61785,6694,118517,28202,13532,14670
20730,128411,9863,61803,6695,118547,28210,13536,14674
20735,128442,9864,61816,6695,118577,28218,13540,14678
20740,128473,9865,61833,6695,118605,28226,13544,14682
20745,128504,9866,61848,6695,118635,28234,13549,14685
20750,128535,9867,61863,6695,118667,28242,13554,14688
20755,128566,9869,61877,6696,118696,28250,13557,14693
20760,128597,9871,61890,6697,118726,28258,13562,14696
20765,128628,9872,61909,6698,118756,28265,13568,14697
20770,128659,9873,61919,6699,118785,28272,13570,14702
20775,128690,9874,61932,6699,118816,28279,13573,14706
20780,128721,9876,61948,6700,118844,28286,13576,14710
20785,128752,9879,61962,6701,118872,28293,13579,14714
20790,128783,9882,61978,6703,118901,28300,13583,14717
20795,128814,9884,61991,6704,118930,28307,13585,14722
20800,128845,9887,62008,6707,118957,28314,13588,14726
20805,128876,9891,62021,6709,118983,28321,13590,14731
20810,128907,9897,62042,6715,119009,28328,13595,14733
20815,128938,9901,62054,6717,119035,28335,13598,14737
20820,128969,9907,62072,6723,119061,28342,13602,14740
20825,129000,9911,62083,6725,119089,28348,13602,14746
20830,129031,9913,62099,6726,119118,28354,13607,14747
20835,129062,9915,62114,6728,119147,28360,13611,14749
20840,129093,9917,62134,6730,119176,28366,13615,14751
20845,129124,9920,62150,6733,119204,28372,13617,14755
20850,129155,9922,62161,6733,119233,28378,13620,14758
20855,129186,9924,62177,6734,119262,28384,13623,14761
20860,129217,9926,62188,6735,119291,28390,13624,14766
20865,129248,9929,62202,6737,119318,28397,13626,14771
20870,129279,9931,62218,6739,119347,28404,13629,14775
20875,129310,9934,62233,6742,119375,28411,13631,14780
20880,129341,9936,62242,6743,119405,28418,13634,14784
20885,129372,9937,62254,6743,119434,28423,13636,14787
20890,129403,9938,62268,6743,119464,28428,13639,14789
20895,129434,9939,62287,6744,119494,28433,13644,14789
20900,129465,9940,62303,6745,119524,28438,13646,14792
20905,129496,9941,62318,6745,119551,28443,13647,14796
20910,129527,9943,62327,6746,119584,28448,13648,14800
20915,129558,9945,62342,6747,119613,28453,13652,14801
20920,129589,9947,62356,6749,119641,28458,13654,14804
20925,129620,9949,62370,6750,119670,28463,13656,14807
20930,129651,9954,62382,6754,119696,28469,13658,14811
20935,129682,9958,62400,6757,119724,28475,13662,14813
20940,129713,9962,62420,6760,119748,28481,13664,14817
20945,129744,9966,62431,6763,119777,28487,13666,14821
20950,129775,9969,62447,6766,119805,28493,13670,14823
20955,129806,9972,62463,6769,119834,28499,13674,14825
20960,129837,9974,62477,6770,119862,28505,13677,14828
20965,129868,9977,62495,6772,119888,28511,13680,14831
20970,129899,9980,62510,6774,119919,28517,13685,14832
20975,129930,9982,62526,6775,119948,28523,13689,14834
20980,129961,9982,62544,6775,119979,28529,13693,14836
20985,129992,9983,62558,6775,120009,28537,13697,14840
20990,130023,9985,62578,6777,120038,28545,13703,14842
20995,130054,9987,62597,6779,120067,28553,13708,14845
21000,130085,9988,62612,6779,120097,28561,13712,14849
21005,130116,9990,62629,6781,120126,28568,13715,14853
21010,130147,9992,62642,6782,120155,28575,13717,14858
21015,130178,9994,62657,6784,120183,28582,13720,14862
21020,130209,9996,62675,6786,120212,28589,13724,14865
21025,130240,9997,62689,6786,120243,28596,13727,14869
21030,130271,9998,62704,6786,120272,28603,13731,14872
21035,130302,10000,62720,6788,120302,28610,13735,14875
21040,130333,10001,62735,6789,120332,28617,13737,14880
21045,130364,10002,62753,6790,120362,28624,13739,14885
21050,130395,10004,62766,6791,120390,28631,13743,14888
21055,130426,10007,62778,6793,120419,28638,13746,14892
21060,130457,10010,62791,6794,120446,28645,13751,14894
21065,130488,10012,62806,6795,120475,28650,13753,14897
21070,130519,10015,62826,6798,120504,28655,13754,14901
21075,130550,10018,62837,6799,120532,28660,13756,14904
21080,130581,10022,62849,6803,120558,28665,13758,14907
21085,130612,10027,62866,6807,120584,28670,13760,14910
21090,130643,10032,62881,6811,120611,28675,13764,14911
21095,130674,10036,62895,6813,120637,28680,13765,14915
21100,130705,10040,62913,6815,120663,28685,13769,14916
21105,130736,10045,62928,6818,120691,28690,13770,14920
21110,130767,10048,62948,6821,120717,28696,13774,14922
21115,130798,10051,62962,6823,120745,28702,13776,14926
21120,130829,10054,62977,6825,120775,28708,13780,14928
21125,130860,10057,62994,6826,120802,28713,13783,14930
21130,130891,10059,63010,6827,120832,28718,13787,14931
21135,130922,10061,63028,6829,120859,28723,13790,14933
21140,130953,10064,63045,6831,120889,28728,13793,14935
21145,130984,10066,63064,6832,120917,28733,13797,14936
21150,131015,10069,63074,6835,120946,28738,13799,14939
21155,131046,10071,63090,6837,120973,28743,13800,14943
21160,131077,10073,63103,6839,121003,28748,13803,14945
21165,131108,10076,63119,6840,121028,28755,13807,14948
21170,131139,10083,63137,6846,121053,28762,13810,14952
21175,131170,10088,63155,6850,121082,28769,13814,14955
21180,131201,10090,63170,6852,121111,28776,13817,14959
21185,131232,10090,63190,6852,121142,28783,13820,14963
21190,131263,10090,63205,6852,121173,28790,13824,14966
21195,131294,10090,63217,6852,121204,28797,13826,14971
21200,131325,10090,63233,6852,121235,28804,13830,14974
21205,131356,10090,63241,6852,121266,28811,13832,14979
21210,131387,10090,63257,6852,121297,28818,13836,14982
21215,131418,10091,63271,6853,121327,28825,13840,14985
21220,131449,10093,63292,6854,121356,28832,13845,14987
21225,131480,10095,63302,6855,121385,28840,13847,14993
21230,131511,10097,63313,6856,121414,28848,13850,14998
21235,131542,10099,63329,6858,121443,28856,13854,15002
21240,131573,10100,63344,6859,121473,28864,13859,15005
21245,131604,10101,63358,6860,121503,28872,13863,15009
21250,131635,10102,63369,6861,121533,28880,13866,15014
21255,131666,10103,63386,6862,121563,28888,13873,15015
21260,131697,10104,63400,6863,121592,28896,13876,15020
21265,131728,10105,63415,6863,121623,28904,13881,15023
21270,131759,10106,63429,6864,121652,28912,13885,15027
21275,131790,10107,63449,6865,121683,28920,13890,15030
21280,131821,10108,63465,6865,121713,28928,13894,15034
21285,131852,10110,63478,6866,121740,28936,13897,15039
21290,131883,10118,63496,6872,121764,28944,13902,15042
21295,131914,10124,63506,6876,121790,28952,13904,15048
21300,131945,10131,63523,6881,121814,28960,13908,15052
21305,131976,10136,63537,6885,121840,28968,13912,15056
21310,132007,10139,63550,6886,121867,28976,13916,15060
21315,132038,10143,63569,6889,121894,28984,13923,15061
21320,132069,10146,63585,6891,121922,28992,13927,15065
21325,132100,10151,63604,6896,121948,29000,13933,15067
21330,132131,10155,63618,6899,121975,29008,13938,15070
21335,132162,10160,63637,6904,122002,29016,13944,15072
21340,132193,10162,63652,6904,122030,29024,13946,15078
21345,132224,10165,63668,6905,122058,29032,13951,15081
21350,132255,10168,63682,6907,122086,29040,13955,15085
21355,132286,10170,63696,6907,122114,29048,13958,15090
21360,132317,10173,63711,6910,122144,29056,13963,15093
21365,132348,10175,63725,6911,122170,29063,13966,15097
21370,132379,10177,63741,6911,122199,29070,13968,15102
21375,132410,10179,63755,6912,122228,29077,13972,15105
21380,132441,10184,63770,6915,122256,29084,13977,15107
21385,132472,10186,63784,6916,122284,29091,13981,15110
21390,132503,10189,63799,6919,122313,29098,13982,15116
21395,132534,10190,63817,6920,122343,29105,13989,15116
21400,132565,10191,63830,6920,122374,29112,13993,15119
21405,132596,10193,63845,6922,122402,29119,13998,15121
21410,132627,10194,63861,6923,122433,29126,14003,15123
21415,132658,10195,63875,6924,122462,29133,14007,15126
21420,132689,10195,63889,6924,122493,29140,14008,15132
21425,132720,10195,63905,6924,122525,29145,14011,15134
21430,132751,10195,63925,6924,122556,29150,14012,15138
21435,132782,10195,63937,6924,122587,29155,14015,15140
21440,132813,10195,63953,6924,122618,29160,14019,15141
21445,132844,10197,63973,6926,122647,29165,14022,15143
21450,132875,10198,63992,6926,122677,29170,14025,15145
21455,132906,10199,64002,6926,122707,29175,14027,15148
21460,132937,10201,64020,6928,122736,29180,14029,15151
21465,132968,10203,64035,6930,122765,29186,14033,15153
21470,132999,10205,64043,6931,122794,29192,14034,15158
21475,133030,10207,64054,6932,122823,29198,14037,15161
21480,133061,10210,64071,6935,122851,29204,14040,15164
21485,133092,10214,64089,6939,122878,29210,14043,15167
21490,133123,10216,64108,6941,122907,29216,14048,15168
21495,133154,10219,64126,6943,122935,29222,14051,15171
21500,133185,10220,64143,6943,122964,29228,14055,15173
21505,133216,10221,64162,6944,122993,29234,14058,15176
21510,133247,10223,64176,6945,123023,29240,14061,15179
21515,133278,10225,64193,6946,123052,29246,14064,15182
21520,133309,10229,64204,6948,123080,29252,14064,15188
21525,133340,10232,64222,6951,123106,29260,14067,15193
21530,133371,10234,64237,6952,123136,29268,14071,15197
21535,133402,10236,64248,6953,123165,29276,14073,15203
21540,133433,10238,64259,6953,123195,29284,14076,15208
21545,133464,10241,64276,6956,123221,29291,14079,15212
21550,133495,10244,64289,6958,123249,29298,14084,15214
21555,133526,10247,64306,6960,123277,29305,14089,15216
21560,133557,10250,64321,6962,123307,29312,14094,15218
21565,133588,10253,64335,6963,123335,29319,14095,15224
21570,133619,10255,64350,6964,123362,29326,14097,15229
21575,133650,10259,64365,6968,123389,29333,14099,15234
21580,133681,10263,64383,6971,123418,29340,14103,15237
21585,133712,10266,64395,6973,123444,29347,14105,15242
21590,133743,10269,64413,6975,123474,29354,14109,15245
21595,133774,10272,64427,6976,123500,29361,14112,15249
21600,133805,10277,64444,6979,123527,29368,14116,15252
21605,133836,10280,64458,6981,123554,29375,14119,15256
21610,133867,10285,64467,6984,123582,29382,14122,15260
21615,133898,10289,64488,6988,123609,29389,14127,15262
21620,133929,10291,64502,6990,123638,29396,14129,15267
21625,133960,10292,64521,6990,123668,29403,14135,15268
21630,133991,10293,64530,6991,123698,29410,14137,15273
21635,134022,10295,64545,6992,123727,29417,14142,15275
21640,134053,10296,64560,6992,123757,29424,14144,15280
21645,134084,10297,64573,6993,123786,29431,14149,15282
21650,134115,10299,64587,6995,123816,29439,14154,15285
21655,134146,10300,64600,6995,123846,29447,14158,15289
21660,134177,10302,64615,6997,123874,29455,14162,15293
21665,134208,10304,64632,6998,123903,29460,14165,15295
21670,134239,10307,64644,7001,123932,29465,14165,15300
21675,134270,10310,64659,7004,123959,29470,14167,15303
21680,134301,10311,64672,7005,123990,29475,14171,15304
21685,134332,10312,64686,7005,124020,29480,14173,15307
21690,134363,10314,64702,7006,124049,29485,14174,15311
21695,134394,10315,64712,7006,124079,29490,14176,15314
21700,134425,10317,64727,7008,124108,29495,14177,15318
21705,134456,10317,64741,7008,124138,29500,14178,15322
21710,134487,10317,64753,7008,124169,29505,14180,15325
21715,134518,10317,64766,7008,124200,29510,14184,15326
21720,134549,10319,64778,7008,124229,29515,14187,15328
21725,134580,10322,64795,7010,124258,29519,14188,15331
21730,134611,10325,64807,7012,124286,29523,14190,15333
21735,134642,10327,64824,7014,124315,29527,14190,15337
21740,134673,10330,64837,7016,124343,29531,14191,15340
21745,134704,10333,64853,7018,124371,29535,14193,15342
21750,134735,10335,64870,7019,124400,29539,14194,15345
21755,134766,10337,64884,7021,124429,29543,14196,15347
21760,134797,10339,64900,7022,124456,29547,14200,15347
21765,134828,10342,64917,7024,124483,29554,14202,15352
21770,134859,10346,64931,7026,124512,29561,14204,15357
21775,134890,10349,64946,7027,124541,29568,14207,15361
21780,134921,10351,64962,7027,124569,29575,14213,15362
21785,134952,10356,64976,7030,124596,29582,14217,15365
21790,134983,10358,64993,7031,124624,29589,14223,15366
21795,135014,10361,65007,7034,124652,29596,14227,15369
21800,135045,10366,65024,7038,124677,29603,14232,15371
21805,135076,10369,65037,7040,124706,29610,14236,15374
21810,135107,10374,65055,7044,124732,29617,14242,15375
21815,135138,10379,65071,7047,124758,29624,14245,15379
21820,135169,10381,65084,7049,124788,29631,14247,15384
21825,135200,10382,65100,7049,124817,29638,14251,15387
21830,135231,10384,65109,7051,124847,29646,14253,15393
21835,135262,10386,65127,7052,124876,29654,14258,15396
21840,135293,10387,65140,7053,124906,29662,14261,15401
21845,135324,10389,65152,7055,124934,29670,14265,15405
21850,135355,10390,65169,7055,124964,29678,14270,15408
21855,135386,10392,65181,7056,124994,29686,14274,15412
21860,135417,10394,65200,7058,125022,29694,14280,15414
21865,135448,10395,65212,7059,125053,29702,14283,15419
21870,135479,10396,65228,7059,125082,29710,14289,15421
21875,135510,10397,65241,7059,125112,29718,14293,15425
21880,135541,10399,65257,7060,125140,29726,14295,15431
21885,135572,10401,65269,7061,125170,29734,14298,15436
21890,135603,10403,65282,7062,125197,29742,14300,15442
21895,135634,10405,65293,7064,125228,29750,14303,15447
21900,135665,10405,65307,7064,125260,29758,14306,15452
21905,135696,10405,65323,7064,125290,29766,14309,15457
21910,135727,10406,65338,7064,125321,29774,14313,15461
21915,135758,10407,65355,7064,125351,29782,14317,15465
21920,135789,10408,65371,7065,125381,29790,14321,15469
21925,135820,10410,65387,7067,125409,29798,14325,15473
21930,135851,10414,65408,7070,125437,29806,14332,15474
21935,135882,10416,65425,7071,125465,29814,14338,15476
21940,135913,10419,65440,7073,125492,29822,14342,15480
21945,135944,10423,65454,7075,125519,29830,14346,15484
21950,135975,10426,65468,7076,125547,29838,14349,15489
21955,136006,10432,65485,7081,125573,29846,14355,15491
21960,136037,10436,65501,7084,125598,29854,14359,15495
21965,136068,10442,65519,7090,125625,29859,14362,15497
21970,136099,10444,65535,7092,125654,29864,14364,15500
21975,136130,10445,65551,7092,125684,29869,14367,15502
21980,136161,10446,65567,7092,125714,29874,14369,15505
21985,136192,10447,65578,7093,125745,29879,14372,15507
21990,136223,10449,65592,7095,125774,29884,14375,15509
21995,136254,10450,65608,7095,125804,29889,14377,15512
22000,136285,10452,65621,7095,125833,29894,14380,15514
22005,136316,10454,65634,7096,125861,29899,14382,15517
22010,136347,10457,65653,7098,125889,29904,14386,15518
22015,136378,10459,65663,7098,125919,29909,14387,15522
22020,136409,10462,65681,7101,125946,29914,14391,15523
22025,136440,10464,65695,7102,125974,29919,14392,15527
22030,136471,10466,65709,7102,126004,29924,14393,15531
22035,136502,10468,65723,7103,126034,29929,14395,15534
22040,136533,10471,65739,7105,126062,29934,14399,15535
22045,136564,10474,65762,7107,126089,29939,14402,15537
22050,136595,10476,65777,7107,126119,29944,14404,15540
22055,136626,10478,65794,7108,126146,29949,14408,15541
22060,136657,10481,65808,7110,126176,29954,14411,15543
22065,136688,10483,65816,7111,126204,29962,14412,15550
22070,136719,10485,65830,7113,126232,29970,14415,15555
22075,136750,10488,65849,7115,126261,29978,14421,15557
22080,136781,10491,65867,7116,126288,29986,14427,15559
22085,136812,10496,65881,7120,126315,29994,14431,15563
22090,136843,10500,65897,7123,126343,30002,14437,15565
22095,136874,10504,65914,7126,126369,30010,14440,15570
22100,136905,10508,65931,7130,126395,30018,14443,15575
22105,136936,10513,65949,7135,126421,30026,14448,15578
22110,136967,10517,65964,7137,126449,30034,14450,15584
22115,136998,10521,65975,7141,126476,30042,14453,15589
22120,137029,10525,65983,7143,126502,30050,14455,15595
22125,137060,10527,65993,7144,126532,30058,14457,15601
22130,137091,10529,66011,7146,126561,30066,14461,15605
22135,137122,10530,66022,7146,126591,30074,14464,15610
22140,137153,10533,66034,7149,126620,30082,14468,15614
22145,137184,10533,66054,7149,126651,30090,14472,15618
22150,137215,10533,66068,7149,126682,30098,14478,15620
22155,137246,10533,66082,7149,126713,30106,14479,15627
22160,137277,10533,66093,7149,126744,30114,14482,15632
22165,137308,10533,66110,7149,126775,30122,14486,15636
22170,137339,10534,66120,7149,126805,30130,14487,15643
22175,137370,10536,66138,7151,126834,30138,14493,15645
22180,137401,10537,66153,7152,126864,30146,14496,15650
22185,137432,10538,66167,7153,126893,30154,14500,15654
22190,137463,10539,66186,7154,126924,30162,14504,15658
22195,137494,10541,66206,7156,126953,30170,14509,15661
22200,137525,10542,66219,7157,126983,30178,14512,15666
22205,137556,10543,66230,7157,127013,30184,14515,15669
22210,137587,10544,66244,7157,127043,30190,14518,15672
22215,137618,10545,66262,7158,127073,30196,14522,15674
22220,137649,10547,66275,7160,127102,30202,14525,15677
22225,137680,10548,66288,7160,127132,30208,14528,15680
22230,137711,10550,66300,7160,127161,30214,14530,15684
22235,137742,10553,66316,7163,127189,30220,14532,15688
22240,137773,10556,66332,7165,127216,30226,14536,15690
22245,137804,10560,66348,7168,127242,30232,14538,15694
22250,137835,10564,66361,7171,127268,30238,14540,15698
22255,137866,10568,66375,7174,127297,30244,14543,15701
22260,137897,10572,66386,7176,127322,30250,14543,15707
22265,137928,10576,66402,7178,127350,30254,14545,15709
22270,137959,10582,66420,7184,127376,30258,14547,15711
22275,137990,10587,66438,7188,127402,30262,14551,15711
22280,138021,10591,66453,7190,127428,30266,14553,15713
22285,138052,10598,66470,7195,127453,30270,14554,15716
22290,138083,10602,66484,7197,127481,30274,14557,15717
22295,138114,10605,66499,7200,127509,30278,14560,15718
22300,138145,10609,66514,7204,127535,30282,14563,15719
22305,138176,10612,66529,7205,127562,30288,14565,15723
22310,138207,10618,66545,7210,127588,30294,14568,15726
22315,138238,10623,66554,7215,127615,30300,14569,15731
22320,138269,10626,66572,7216,127642,30306,14572,15734
22325,138300,10628,66590,7217,127671,30312,14574,15738
22330,138331,10630,66609,7219,127701,30318,14578,15740
22335,138362,10630,66623,7219,127732,30324,14582,15742
22340,138393,10630,66638,7219,127763,30330,14584,15746
22345,138424,10630,66654,7219,127794,30336,14588,15748
22350,138455,10630,66668,7219,127825,30342,14590,15752
22355,138486,10630,66680,7219,127855,30348,14593,15755
22360,138517,10630,66695,7219,127886,30354,14595,15759
22365,138548,10630,66710,7219,127918,30361,14599,15762
22370,138579,10630,66725,7219,127948,30369,14603,15766
22375,138610,10630,66739,7219,127980,30377,14609,15768
22380,138641,10630,66751,7219,128011,30385,14612,15773
22385,138672,10630,66766,7219,128042,30392,14613,15779
22390,138703,10630,66779,7219,128073,30399,14615,15784
22395,138734,10630,66794,7219,128103,30406,14620,15786
22400,138765,10631,66809,7219,128133,30413,14623,15790
22405,138796,10632,66820,7219,128164,30420,14625,15795
22410,138827,10634,66835,7221,128193,30427,14629,15798
22415,138858,10636,66849,7222,128222,30434,14634,15800
22420,138889,10637,66864,7222,128252,30441,14638,15803
22425,138920,10638,66884,7223,128281,30448,14643,15805
22430,138951,10641,66897,7226,128309,30455,14645,15810
22435,138982,10646,66915,7230,128332,30462,14648,15814
22440,139013,10652,66936,7236,128358,30469,14653,15816
22445,139044,10658,66952,7240,128384,30476,14659,15817
22450,139075,10664,66970,7245,128410,30483,14664,15819
22455,139106,10669,66983,7248,128436,30490,14667,15823
22460,139137,10672,66996,7249,128463,30497,14670,15827
22465,139168,10676,67009,7251,128491,30504,14673,15831
22470,139199,10679,67022,7251,128519,30511,14677,15834
22475,139230,10683,67039,7253,128546,30518,14682,15836
22480,139261,10687,67056,7256,128573,30525,14685,15840
22485,139292,10690,67069,7256,128600,30532,14689,15843
22490,139323,10695,67086,7261,128627,30540,14692,15848
22495,139354,10698,67103,7263,128655,30548,14695,15853
22500,139385,10702,67118,7265,128682,30556,14700,15856
22505,139416,10706,67137,7268,128709,30562,14703,15859
22510,139447,10711,67153,7272,128735,30568,14705,15863
22515,139478,10714,67171,7274,128763,30574,14709,15865
22520,139509,10717,67186,7275,128792,30580,14712,15868
22525,139540,10718,67202,7275,128822,30586,14716,15870
22530,139571,10719,67215,7275,128852,30592,14717,15875
22535,139602,10720,67226,7275,128882,30598,14718,15880
22540,139633,10721,67242,7275,128912,30604,14721,15883
22545,139664,10722,67259,7276,128942,30610,14723,15887
22550,139695,10723,67274,7277,128972,30616,14726,15890
22555,139726,10725,67291,7279,129001,30622,14729,15893
22560,139757,10727,67306,7281,129029,30628,14732,15896
22565,139788,10729,67318,7283,129059,30633,14734,15899
22570,139819,10731,67334,7284,129087,30638,14736,15902
22575,139850,10732,67349,7284,129118,30643,14739,15904
22580,139881,10733,67362,7285,129148,30648,14742,15906
22585,139912,10735,67374,7287,129177,30653,14746,15907
22590,139943,10736,67388,7287,129206,30658,14750,15908
22595,139974,10737,67406,7288,129235,30663,14754,15909
22600,140005,10737,67419,7288,129265,30668,14756,15912
22605,140036,10737,67435,7288,129297,30675,14761,15914
22610,140067,10737,67454,7288,129326,30682,14766,15916
22615,140098,10740,67469,7290,129355,30689,14771,15918
22620,140129,10742,67480,7291,129386,30696,14772,15924
22625,140160,10744,67493,7293,129416,30703,14774,15929
22630,140191,10746,67503,7293,129445,30710,14778,15932
22635,140222,10749,67522,7296,129472,30717,14782,15935
22640,140253,10753,67534,7300,129500,30724,14784,15940
22645,140284,10755,67545,7301,129528,30731,14786,15945
22650,140315,10758,67558,7302,129555,30738,14790,15948
22655,140346,10762,67568,7304,129583,30745,14794,15951
22660,140377,10766,67584,7308,129610,30752,14797,15955
22665,140408,10769,67600,7310,129639,30760,14802,15958
22670,140439,10773,67620,7313,129665,30768,14808,15960
22675,140470,10778,67636,7316,129691,30776,14811,15965
22680,140501,10783,67648,7319,129718,30784,14813,15971
22685,140532,10787,67655,7321,129745,30792,14814,15978
22690,140563,10788,67667,7321,129775,30800,14816,15984
22695,140594,10790,67684,7322,129804,30808,14820,15988
22700,140625,10792,67694,7324,129833,30816,14821,15995
22705,140656,10797,67709,7329,129859,30824,14823,16001
22710,140687,10800,67727,7331,129887,30832,14828,16004
22715,140718,10801,67744,7331,129916,30840,14834,16006
22720,140749,10802,67759,7332,129946,30848,14839,16009
22725,140780,10804,67771,7333,129976,30856,14841,16015
22730,140811,10806,67783,7334,130002,30864,14844,16020
22735,140842,10808,67797,7335,130033,30872,14846,16026
22740,140873,10810,67816,7336,130059,30880,14851,16029
22745,140904,10812,67832,7337,130091,30887,14854,16033
22750,140935,10814,67843,7339,130119,30894,14856,16038
22755,140966,10816,67857,7341,130149,30901,14859,16042
22760,140997,10818,67871,7343,130179,30908,14862,16046
22765,141028,10819,67889,7344,130208,30915,14867,16048
22770,141059,10821,67900,7345,130238,30922,14870,16052
22775,141090,10823,67914,7347,130266,30929,14872,16057
22780,141121,10824,67931,7348,130296,30936,14875,16061
22785,141152,10824,67941,7348,130327,30943,14877,16066
22790,141183,10824,67956,7348,130358,30950,14880,16070
22795,141214,10825,67965,7348,130387,30957,14883,16074
22800,141245,10827,67984,7350,130418,30964,14888,16076
22805,141276,10829,68002,7351,130446,30970,14892,16078
22810,141307,10831,68014,7353,130475,30976,14894,16082
22815,141338,10834,68025,7355,130503,30982,14895,16087
22820,141369,10838,68038,7358,130531,30988,14899,16089
22825,141400,10842,68056,7361,130557,30994,14900,16094
22830,141431,10846,68072,7364,130585,31000,14903,16097
22835,141462,10848,68088,7364,130613,31006,14907,16099
22840,141493,10854,68106,7368,130639,31012,14911,16101
22845,141524,10857,68118,7370,130667,31019,14914,16105
22850,141555,10859,68129,7371,130696,31026,14916,16110
22855,141586,10860,68138,7371,130726,31033,14918,16115
22860,141617,10862,68155,7372,130754,31040,14922,16118
22865,141648,10864,68169,7373,130783,31046,14925,16121
22870,141679,10865,68184,7374,130813,31052,14927,16125
22875,141710,10867,68196,7375,130843,31058,14929,16129
22880,141741,10870,68219,7378,130870,31064,14932,16132
22885,141772,10872,68232,7378,130898,31070,14935,16135
22890,141803,10876,68245,7381,130926,31076,14938,16138
22895,141834,10880,68261,7384,130953,31082,14940,16142
22900,141865,10884,68271,7386,130981,31088,14943,16145
22905,141896,10887,68286,7388,131008,31095,14947,16148
22910,141927,10889,68300,7390,131037,31102,14951,16151
22915,141958,10890,68314,7391,131068,31109,14957,16152
22920,141989,10892,68329,7393,131096,31116,14958,16158
22925,142020,10893,68347,7393,131126,31123,14960,16163
22930,142051,10894,68365,7393,131157,31130,14964,16166
22935,142082,10895,68379,7394,131187,31137,14967,16170
22940,142113,10896,68397,7395,131217,31144,14971,16173
22945,142144,10898,68416,7397,131245,31151,14978,16173
22950,142175,10900,68429,7397,131274,31158,14982,16176
22955,142206,10905,68441,7401,131301,31165,14986,16179
22960,142237,10907,68455,7403,131329,31172,14991,16181
22965,142268,10911,68466,7406,131354,31180,14994,16186
22970,142299,10916,68476,7410,131382,31188,14997,16191
22975,142330,10919,68490,7412,131410,31196,15002,16194
22980,142361,10923,68505,7414,131437,31204,15005,16199
22985,142392,10926,68516,7416,131464,31211,15007,16204
22990,142423,10930,68531,7419,131491,31218,15008,16210
22995,142454,10932,68542,7420,131521,31225,15011,16214
23000,142485,10933,68556,7421,131551,31232,15015,16217
23005,142516,10934,68570,7421,131582,31239,15018,16221
23010,142547,10935,68587,7421,131611,31246,15021,16225
23015,142578,10936,68601,7422,131642,31253,15023,16230
23020,142609,10938,68615,7424,131671,31260,15026,16234
23025,142640,10940,68633,7426,131700,31267,15030,16237
23030,142671,10942,68649,7426,131728,31274,15033,16241
23035,142702,10945,68667,7428,131756,31281,15036,16245
23040,142733,10947,68688,7429,131786,31288,15041,16247
23045,142764,10949,68702,7430,131815,31294,15043,16251
23050,142795,10951,68712,7431,131844,31300,15045,16255
23055,142826,10953,68729,7433,131871,31306,15047,16259
23060,142857,10955,68743,7434,131902,31312,15050,16262
23065,142888,10958,68755,7436,131929,31318,15052,16266
23070,142919,10961,68770,7438,131958,31324,15055,16269
23075,142950,10964,68782,7439,131986,31330,15057,16273
23080,142981,10968,68799,7442,132013,31336,15060,16276
23085,143012,10971,68815,7445,132041,31342,15064,16278
23090,143043,10974,68831,7447,132069,31349,15068,16281
23095,143074,10978,68841,7449,132096,31356,15072,16284
23100,143105,10983,68856,7452,132122,31363,15075,16288
23105,143136,10984,68870,7453,132152,31367,15076,16291
23110,143167,10985,68887,7454,132182,31371,15077,16294
23115,143198,10986,68905,7454,132211,31375,15079,16296
23120,143229,10988,68920,7456,132241,31379,15080,16299
23125,143260,10989,68932,7457,132271,31383,15080,16303
23130,143291,10990,68943,7458,132301,31387,15082,16305
23135,143322,10991,68957,7459,132331,31391,15083,16308
23140,143353,10992,68972,7459,132360,31395,15085,16310
23145,143384,10994,68984,7460,132390,31400,15088,16312
23150,143415,10995,68996,7461,132420,31405,15090,16315
23155,143446,10997,69012,7462,132447,31410,15092,16318
23160,143477,11000,69026,7464,132475,31415,15096,16319
23165,143508,11004,69041,7468,132502,31420,15098,16322
23170,143539,11009,69054,7472,132530,31425,15100,16325
23175,143570,11010,69070,7472,132559,31430,15104,16326
23180,143601,11011,69077,7473,132590,31435,15107,16328
23185,143632,11011,69093,7473,132620,31440,15110,16330
23190,143663,11011,69108,7473,132651,31445,15112,16333
23195,143694,11011,69117,7473,132682,31450,15113,16337
23200,143725,11011,69129,7473,132713,31455,15115,16340
23205,143756,11012,69139,7474,132744,31462,15118,16344
23210,143787,11014,69153,7475,132773,31470,15122,16348
23215,143818,11017,69170,7477,132801,31478,15126,16352
23220,143849,11020,69184,7480,132829,31486,15131,16355
23225,143880,11022,69198,7481,132858,31494,15135,16359
23230,143911,11025,69210,7482,132886,31502,15139,16363
23235,143942,11028,69226,7483,132913,31510,15143,16367
23240,143973,11031,69243,7484,132941,31518,15147,16371
23245,144004,11033,69258,7486,132971,31526,15151,16375
23250,144035,11035,69272,7486,132999,31534,15156,16378
23255,144066,11037,69288,7488,133028,31542,15160,16382
23260,144097,11039,69302,7488,133056,31550,15166,16384
23265,144128,11042,69311,7490,133085,31558,15169,16389
23270,144159,11047,69328,7494,133111,31566,15173,16393
23275,144190,11051,69342,7496,133136,31574,15178,16396
23280,144221,11054,69355,7497,133166,31582,15182,16400
23285,144252,11057,69367,7499,133194,31589,15184,16405
23290,144283,11061,69382,7501,133222,31596,15188,16408
23295,144314,11065,69402,7504,133249,31603,15192,16411
23300,144345,11068,69413,7506,133277,31610,15194,16416
23305,144376,11072,69425,7509,133304,31617,15198,16419
23310,144407,11075,69439,7511,133332,31624,15198,16426
23315,144438,11078,69451,7511,133360,31631,15201,16430
23320,144469,11084,69461,7516,133385,31638,15201,16437
23325,144500,11089,69472,7519,133411,31645,15202,16443
23330,144531,11096,69487,7524,133435,31652,15205,16447
23335,144562,11101,69501,7527,133460,31659,15207,16452
23340,144593,11109,69517,7534,133484,31666,15209,16457
23345,144624,11112,69534,7536,133512,31673,15214,16459
23350,144655,11112,69552,7536,133543,31680,15220,16460
23355,144686,11112,69571,7536,133574,31687,15225,16462
23360,144717,11112,69583,7536,133605,31694,15227,16467
23365,144748,11112,69598,7536,133634,31701,15228,16473
23370,144779,11112,69611,7536,133665,31708,15231,16477
23375,144810,11112,69623,7536,133698,31715,15233,16482
23380,144841,11112,69641,7536,133728,31722,15236,16486
23385,144872,11112,69656,7536,133760,31730,15241,16489
23390,144903,11112,69671,7536,133790,31738,15244,16494
23395,144934,11112,69687,7536,133819,31746,15247,16499
23400,144965,11112,69701,7536,133853,31754,15249,16505
23405,144996,11112,69716,7536,133883,31761,15254,16507
23410,145027,11112,69729,7536,133915,31768,15256,16512
23415,145058,11112,69749,7536,133946,31775,15259,16516
23420,145089,11112,69767,7536,133977,31782,15264,16518
23425,145120,11112,69780,7536,134008,31789,15267,16522
23430,145151,11112,69791,7536,134039,31796,15269,16527
23435,145182,11112,69804,7536,134070,31803,15271,16532
23440,145213,11112,69820,7536,134100,31810,15273,16537
23445,145244,11114,69835,7536,134130,31817,15276,16541
23450,145275,11117,69850,7537,134156,31824,15280,16544
23455,145306,11121,69859,7540,134185,31831,15282,16549
23460,145337,11125,69882,7544,134211,31838,15288,16550
23465,145368,11130,69895,7548,134238,31845,15291,16554
23470,145399,11134,69909,7551,134264,31852,15294,16558
23475,145430,11139,69926,7554,134291,31859,15298,16561
23480,145461,11143,69940,7556,134317,31866,15301,16565
23485,145492,11148,69950,7558,134343,31873,15304,16569
23490,145523,11152,69964,7559,134370,31880,15310,16570
23495,145554,11158,69985,7565,134395,31887,15316,16571
23500,145585,11163,70002,7570,134422,31894,15317,16577
23505,145616,11168,70020,7572,134447,31902,15322,16580
23510,145647,11178,70040,7582,134469,31910,15326,16584
23515,145678,11185,70057,7587,134493,31918,15330,16588
23520,145709,11188,70071,7590,134521,31926,15334,16592
23525,145740,11189,70082,7590,134549,31933,15336,16597
23530,145771,11191,70098,7591,134580,31940,15340,16600
23535,145802,11192,70117,7592,134608,31947,15345,16602
23540,145833,11193,70132,7593,134639,31954,15350,16604
23545,145864,11193,70149,7593,134671,31961,15354,16607
23550,145895,11193,70161,7593,134702,31968,15358,16610
23555,145926,11193,70172,7593,134733,31975,15360,16615
23560,145957,11193,70189,7593,134762,31982,15365,16617
23565,145988,11193,70205,7593,134794,31989,15367,16622
23570,146019,11193,70217,7593,134824,31996,15370,16626
23575,146050,11193,70226,7593,134857,32003,15372,16631
23580,146081,11193,70246,7593,134887,32010,15376,16634
23585,146112,11193,70259,7593,134918,32016,15379,16637
23590,146143,11193,70275,7593,134950,32022,15381,16641
23595,146174,11193,70285,7593,134981,32028,15386,16642
23600,146205,11193,70300,7593,135012,32034,15387,16647
23605,146236,11193,70314,7593,135043,32040,15388,16652
23610,146267,11193,70326,7593,135074,32046,15392,16654
23615,146298,11193,70341,7593,135105,32052,15395,16657
23620,146329,11193,70361,7593,135136,32058,15398,16660
23625,146360,11194,70373,7594,135166,32065,15401,16664
23630,146391,11200,70389,7600,135191,32072,15404,16668
23635,146422,11205,70404,7603,135216,32079,15407,16672
23640,146453,11211,70420,7607,135241,32086,15411,16675
23645,146484,11218,70431,7612,135266,32092,15412,16680
23650,146515,11223,70453,7617,135292,32098,15417,16681
23655,146546,11226,70468,7620,135319,32104,15420,16684
23660,146577,11230,70486,7622,135347,32110,15425,16685
23665,146608,11234,70502,7625,135374,32116,15429,16687
23670,146639,11237,70517,7628,135402,32122,15430,16692
23675,146670,11239,70535,7630,135430,32128,15436,16692
23680,146701,11243,70551,7634,135458,32134,15439,16695
23685,146732,11246,70568,7637,135486,32141,15444,16697
23690,146763,11250,70586,7639,135512,32148,15451,16697
23695,146794,11251,70596,7639,135542,32155,15455,16700
23700,146825,11252,70605,7640,135572,32162,15457,16705
23705,146856,11254,70620,7641,135602,32168,15459,16709
23710,146887,11255,70636,7642,135631,32174,15462,16712
23715,146918,11256,70653,7642,135661,32180,15466,16714
23720,146949,11258,70670,7643,135690,32186,15467,16719
23725,146980,11259,70688,7643,135720,32192,15470,16722
23730,147011,11260,70701,7644,135751,32198,15474,16724
23735,147042,11261,70720,7645,135780,32204,15479,16725
23740,147073,11263,70732,7647,135809,32210,15481,16729
23745,147104,11265,70749,7649,135839,32217,15483,16734
23750,147135,11267,70771,7651,135867,32224,15488,16736
23755,147166,11271,70787,7654,135894,32231,15491,16740
23760,147197,11275,70800,7657,135922,32238,15496,16742
23765,147228,11278,70813,7658,135950,32243,15498,16745
23770,147259,11282,70824,7660,135977,32248,15501,16747
23775,147290,11285,70838,7662,136005,32253,15504,16749
23780,147321,11288,70854,7665,136032,32258,15506,16752
23785,147352,11291,70870,7667,136060,32263,15508,16755
23790,147383,11294,70885,7670,136089,32268,15511,16757
23795,147414,11295,70901,7671,136118,32273,15515,16758
23800,147445,11298,70919,7674,136145,32278,15519,16759
23805,147476,11302,70930,7677,136174,32284,15523,16761
23810,147507,11303,70944,7677,136203,32290,15527,16763
23815,147538,11305,70961,7679,136230,32296,15531,16765
23820,147569,11307,70977,7681,136260,32302,15532,16770
23825,147600,11309,70991,7683,136291,32307,15534,16773
23830,147631,11310,71006,7684,136321,32312,15535,16777
23835,147662,11311,71017,7684,136351,32317,15535,16782
23840,147693,11313,71035,7685,136380,32322,15536,16786
23845,147724,11314,71053,7686,136410,32327,15539,16788
23850,147755,11315,71063,7686,136440,32332,15540,16792
23855,147786,11318,71079,7689,136468,32337,15542,16795
23860,147817,11320,71092,7690,136497,32342,15543,16799
23865,147848,11320,71110,7690,136527,32347,15547,16800
23870,147879,11320,71125,7690,136557,32354,15551,16803
23875,147910,11321,71138,7690,136589,32361,15556,16805
23880,147941,11323,71147,7692,136617,32368,15558,16810
23885,147972,11325,71161,7694,136646,32375,15562,16813
23890,148003,11326,71178,7695,136675,32382,15564,16818
23895,148034,11327,71194,7696,136706,32389,15567,16822
23900,148065,11329,71205,7696,136736,32396,15570,16826
23905,148096,11332,71221,7698,136763,32403,15573,16830
23910,148127,11335,71233,7699,136792,32410,15577,16833
23915,148158,11338,71246,7701,136820,32417,15580,16837
23920,148189,11342,71265,7703,136847,32424,15587,16837
23925,148220,11346,71282,7706,136874,32432,15592,16840
23930,148251,11349,71295,7708,136899,32440,15595,16845
23935,148282,11353,71314,7710,136928,32448,15599,16849
23940,148313,11356,71323,7711,136956,32456,15601,16855
23945,148344,11360,71343,7715,136983,32463,15604,16859
23950,148375,11362,71360,7716,137012,32470,15608,16862
23955,148406,11365,71378,7719,137041,32477,15611,16866
23960,148437,11367,71392,7721,137069,32484,15615,16869
23965,148468,11371,71403,7723,137096,32491,15616,16875
23970,148499,11374,71420,7725,137125,32498,15618,16880
23975,148530,11376,71435,7726,137153,32505,15621,16884
23980,148561,11380,71449,7729,137180,32512,15625,16887
23985,148592,11383,71469,7732,137209,32519,15630,16889
23990,148623,11386,71485,7734,137236,32526,15635,16891
23995,148654,11390,71504,7737,137264,32533,15640,16893
24000,148685,11392,71521,7738,137293,32540,15644,16896
24005,148716,11395,71534,7740,137320,32547,15647,16900
24010,148747,11399,71547,7743,137347,32554,15648,16906
24015,148778,11403,71560,7746,137375,32561,15650,16911
24020,148809,11404,71572,7746,137405,32568,15651,16917
24025,148840,11405,71589,7746,137435,32575,15654,16921
24030,148871,11407,71604,7747,137464,32582,15659,16923
24035,148902,11408,71619,7748,137493,32589,15662,16927
24040,148933,11410,71634,7749,137523,32596,15666,16930
24045,148964,11410,71653,7749,137553,32604,15672,16932
24050,148995,11410,71665,7749,137584,32612,15675,16937
24055,149026,11410,71680,7749,137614,32620,15679,16941
24060,149057,11411,71690,7749,137644,32628,15681,16947
24065,149088,11412,71706,7750,137675,32635,15688,16947
24070,149119,11414,71721,7751,137705,32642,15692,16950
24075,149150,11415,71739,7752,137735,32649,15698,16951
24080,149181,11417,71755,7754,137764,32656,15702,16954
24085,149212,11419,71770,7756,137793,32663,15704,16959
24090,149243,11420,71787,7756,137823,32670,15709,16961
24095,149274,11422,71799,7757,137852,32677,15710,16967
24100,149305,11423,71808,7758,137882,32684,15713,16971
24105,149336,11424,71818,7758,137912,32691,15716,16975
24110,149367,11425,71832,7759,137942,32698,15720,16978
24115,149398,11427,71849,7761,137971,32705,15722,16983
24120,149429,11430,71864,7762,137999,32712,15724,16988
24125,149460,11433,71877,7764,138026,32718,15726,16992
24130,149491,11437,71891,7767,138054,32724,15727,16997
24135,149522,11440,71906,7769,138081,32730,15731,16999
24140,149553,11443,71917,7770,138110,32736,15734,17002
24145,149584,11445,71933,7770,138139,32742,15737,17005
24150,149615,11450,71945,7774,138165,32748,15739,17009
24155,149646,11455,71960,7778,138191,32754,15740,17014
24160,149677,11457,71971,7780,138219,32760,15741,17019
24165,149708,11462,71980,7785,138246,32767,15743,17024
24170,149739,11466,71992,7789,138271,32774,15745,17029
24175,149770,11470,72007,7791,138297,32781,15748,17033
24180,149801,11473,72023,7794,138326,32788,15752,17036
24185,149832,11476,72040,7797,138354,32794,15755,17039
24190,149863,11479,72054,7800,138382,32800,15759,17041
24195,149894,11483,72069,7804,138410,32806,15761,17045
24200,149925,11486,72083,7807,138438,32812,15765,17047
24205,149956,11489,72101,7810,138465,32818,15767,17051
24210,149987,11489,72115,7810,138497,32824,15769,17055
24215,150018,11489,72127,7810,138529,32830,15771,17059
24220,150049,11489,72143,7810,138559,32836,15773,17063
24225,150080,11489,72156,7810,138591,32843,15776,17067
24230,150111,11489,72172,7810,138622,32850,15780,17070
24235,150142,11489,72193,7810,138652,32857,15783,17074
24240,150173,11489,72208,7810,138683,32864,15785,17079
24245,150204,11489,72226,7810,138715,32871,15790,17081
24250,150235,11489,72236,7810,138746,32878,15792,17086
24255,150266,11490,72248,7810,138776,32885,15794,17091
24260,150297,11491,72260,7811,138806,32892,15797,17095
24265,150328,11492,72280,7811,138836,32899,15801,17098
24270,150359,11493,72292,7811,138866,32906,15805,17101
24275,150390,11494,72312,7811,138896,32913,15811,17102
24280,150421,11495,72327,7811,138926,32920,15813,17107
24285,150452,11496,72345,7811,138956,32928,15819,17109
24290,150483,11497,72358,7812,138986,32936,15823,17113
24295,150514,11501,72374,7815,139012,32944,15827,17117
24300,150545,11505,72390,7818,139038,32952,15832,17120
24305,150576,11508,72403,7819,139068,32959,15836,17123
24310,150607,11511,72412,7820,139095,32966,15840,17126
24315,150638,11517,72428,7824,139121,32973,15845,17128
24320,150669,11522,72439,7827,139147,32980,15847,17133
24325,150700,11526,72449,7828,139174,32987,15849,17138
24330,150731,11530,72459,7829,139201,32994,15852,17142
24335,150762,11535,72469,7831,139227,33001,15855,17146
24340,150793,11539,72483,7833,139253,33008,15858,17150
24345,150824,11542,72499,7835,139281,33015,15862,17153
24350,150855,11545,72511,7837,139310,33022,15864,17158
24355,150886,11547,72528,7839,139338,33029,15868,17161
24360,150917,11550,72542,7841,139366,33036,15869,17167
24365,150948,11552,72559,7843,139395,33042,15871,17171
24370,150979,11555,72575,7844,139423,33048,15876,17172
24375,151010,11557,72595,7846,139452,33054,15880,17174
24380,151041,11560,72606,7848,139480,33060,15883,17177
24385,151072,11563,72621,7849,139508,33066,15885,17181
24390,151103,11566,72631,7851,139537,33072,15888,17184
24395,151134,11568,72643,7853,139566,33078,15890,17188
24400,151165,11571,72661,7855,139593,33084,15895,17189
24405,151196,11574,72680,7857,139621,33091,15898,17193
24410,151227,11577,72694,7859,139648,33098,15901,17197
24415,151258,11584,72712,7865,139672,33105,15905,17200
24420,151289,11587,72724,7867,139701,33112,15907,17205
24425,151320,11590,72742,7870,139730,33118,15909,17209
24430,151351,11591,72756,7871,139760,33124,15911,17213
24435,151382,11592,72772,7871,139790,33130,15917,17213
24440,151413,11593,72787,7872,139820,33136,15919,17217
24445,151444,11594,72802,7873,139850,33142,15922,17220
24450,151475,11596,72815,7875,139879,33148,15925,17223
24455,151506,11597,72831,7876,139909,33154,15928,17226
24460,151537,11598,72843,7876,139939,33160,15930,17230
24465,151568,11599,72855,7876,139966,33167,15932,17235
24470,151599,11600,72867,7876,139997,33174,15938,17236
24475,151630,11602,72882,7877,140026,33181,15942,17239
24480,151661,11604,72898,7879,140056,33188,15945,17243
24485,151692,11605,72913,7879,140086,33193,15946,17247
24490,151723,11606,72931,7879,140117,33198,15949,17249
24495,151754,11608,72952,7881,140146,33203,15954,17249
24500,151785,11610,72971,7882,140175,33208,15959,17249
24505,151816,11612,72983,7884,140204,33213,15961,17252
24510,151847,11613,73000,7885,140234,33218,15965,17253
24515,151878,11615,73018,7886,140263,33223,15969,17254
24520,151909,11617,73030,7887,140292,33228,15971,17257
24525,151940,11619,73049,7889,140321,33233,15976,17257
24530,151971,11622,73064,7891,140348,33239,15979,17260
24535,152002,11626,73085,7894,140375,33245,15984,17261
24540,152033,11629,73102,7895,140403,33251,15987,17264
24545,152064,11633,73120,7898,140430,33257,15989,17268
24550,152095,11635,73134,7900,140459,33263,15991,17272
24555,152126,11639,73146,7902,140487,33269,15994,17275
24560,152157,11641,73161,7902,140514,33275,15996,17279
24565,152188,11644,73171,7904,140542,33281,15998,17283
24570,152219,11648,73188,7908,140570,33287,16004,17283
24575,152250,11652,73202,7912,140596,33293,16006,17287
24580,152281,11655,73218,7915,140625,33299,16009,17290
24585,152312,11659,73227,7917,140653,33306,16012,17294
24590,152343,11661,73248,7919,140681,33314,16019,17295
24595,152374,11666,73262,7922,140705,33322,16024,17298
24600,152405,11668,73274,7924,140736,33330,16025,17305
24605,152436,11669,73289,7925,140765,33337,16030,17307
24610,152467,11670,73301,7926,140797,33344,16033,17311
24615,152498,11671,73316,7927,140826,33351,16038,17313
24620,152529,11672,73332,7927,140855,33358,16043,17315
24625,152560,11673,73350,7928,140885,33365,16044,17321
24630,152591,11674,73368,7928,140916,33372,16049,17323
24635,152622,11675,73384,7929,140946,33379,16054,17325
24640,152653,11677,73401,7931,140976,33386,16057,17329
24645,152684,11678,73416,7931,141006,33393,16060,17333
24650,152715,11680,73432,7933,141035,33400,16064,17336
24655,152746,11684,73448,7937,141062,33407,16068,17339
24660,152777,11689,73462,7941,141088,33414,16068,17346
24665,152808,11691,73473,7941,141117,33420,16069,17351
24670,152839,11694,73490,7942,141145,33426,16073,17353
24675,152870,11699,73506,7946,141171,33432,16077,17355
24680,152901,11703,73521,7948,141198,33438,16079,17359
24685,152932,11707,73537,7952,141225,33444,16082,17362
24690,152963,11711,73552,7955,141252,33450,16086,17364
24695,152994,11712,73561,7955,141282,33456,16088,17368
24700,153025,11713,73573,7956,141310,33462,16091,17371
24705,153056,11717,73588,7960,141339,33469,16093,17376
24710,153087,11719,73604,7962,141368,33476,16095,17381
24715,153118,11721,73621,7963,141396,33483,16098,17385
24720,153149,11723,73631,7964,141426,33490,16100,17390
24725,153180,11725,73650,7966,141453,33496,16105,17391
24730,153211,11729,73663,7970,141480,33502,16107,17395
24735,153242,11732,73679,7972,141509,33508,16110,17398
24740,153273,11734,73693,7974,141539,33514,16112,17402
24745,153304,11736,73705,7976,141568,33520,16113,17407
24750,153335,11736,73717,7976,141599,33526,16116,17410
24755,153366,11736,73730,7976,141630,33532,16119,17413
24760,153397,11736,73742,7976,141660,33538,16120,17418
24765,153428,11736,73758,7976,141691,33545,16125,17420
24770,153459,11736,73770,7976,141722,33552,16128,17424
24775,153490,11736,73784,7976,141753,33559,16131,17428
24780,153521,11736,73796,7976,141784,33566,16132,17434
24785,153552,11736,73812,7976,141815,33573,16136,17437
24790,153583,11736,73826,7976,141847,33580,16140,17440
24795,153614,11736,73844,7976,141878,33587,16146,17441
24800,153645,11739,73858,7979,141906,33594,16147,17447
24805,153676,11741,73872,7980,141935,33601,16149,17452
24810,153707,11743,73883,7980,141961,33608,16152,17456
24815,153738,11745,73902,7982,141992,33615,16159,17456
24820,153769,11748,73919,7983,142020,33622,16163,17459
24825,153800,11751,73928,7984,142049,33630,16164,17466
24830,153831,11753,73945,7985,142077,33638,16170,17468
24835,153862,11756,73958,7987,142104,33646,16174,17472
24840,153893,11760,73972,7990,142132,33654,16178,17476
24845,153924,11762,73989,7991,142161,33661,16181,17480
24850,153955,11764,73997,7992,142190,33668,16182,17486
24855,153986,11769,74010,7995,142215,33675,16184,17491
24860,154017,11775,74024,8000,142241,33682,16187,17495
24865,154048,11780,74039,8004,142266,33689,16193,17496
24870,154079,11786,74056,8009,142291,33696,16196,17500
24875,154110,11790,74066,8012,142320,33703,16199,17504
24880,154141,11793,74079,8014,142347,33710,16202,17508
24885,154172,11797,74097,8017,142373,33717,16207,17510
24890,154203,11801,74107,8019,142401,33724,16210,17514
24895,154234,11806,74120,8023,142427,33731,16212,17519
24900,154265,11811,74136,8027,142454,33738,16216,17522
24905,154296,11812,74153,8028,142484,33744,16219,17525
24910,154327,11813,74171,8029,142514,33750,16222,17528
24915,154358,11815,74188,8031,142543,33756,16226,17530
24920,154389,11817,74202,8032,142572,33762,16229,17533
24925,154420,11818,74213,8033,142602,33768,16231,17537
24930,154451,11819,74229,8033,142632,33774,16232,17542
24935,154482,11821,74241,8035,142661,33780,16234,17546
24940,154513,11823,74260,8036,142689,33786,16239,17547
24945,154544,11824,74270,8036,142720,33793,16242,17551
24950,154575,11825,74282,8037,142750,33800,16245,17555
24955,154606,11827,74299,8039,142778,33807,16248,17559
24960,154637,11829,74315,8040,142808,33814,16251,17563
24965,154668,11831,74330,8042,142837,33821,16255,17566
24970,154699,11832,74348,8042,142867,33828,16259,17569
24975,154730,11834,74364,8043,142896,33835,16263,17572
24980,154761,11835,74372,8044,142926,33842,16266,17576
24985,154792,11836,74385,8045,142955,33849,16268,17581
24990,154823,11837,74398,8046,142986,33856,16271,17585
24995,154854,11838,74414,8047,143015,33863,16275,17588
25000,154885,11839,74429,8048,143045,33870,16279,17591
25005,154916,11840,74444,8048,143075,33878,16283,17595
25010,154947,11841,74455,8048,143105,33886,16286,17600
25015,154978,11844,74473,8050,143133,33894,16290,17604
25020,155009,11846,74482,8050,143163,33902,16293,17609
25025,155040,11848,74495,8052,143192,33909,16296,17613
25030,155071,11850,74510,8054,143220,33916,16298,17618
25035,155102,11852,74522,8054,143248,33923,16299,17624
25040,155133,11856,74538,8056,143276,33930,16305,17625
25045,155164,11860,74553,8059,143302,33937,16310,17627
25050,155195,11864,74566,8062,143330,33944,16314,17630
25055,155226,11868,74585,8065,143357,33951,16319,17632
25060,155257,11872,74597,8068,143384,33958,16322,17636
25065,155288,11876,74610,8070,143411,33965,16325,17640
25070,155319,11880,74628,8073,143438,33972,16329,17643
25075,155350,11885,74640,8078,143465,33979,16332,17647
25080,155381,11890,74659,8083,143490,33986,16338,17648
25085,155412,11896,74673,8086,143516,33991,16341,17650
25090,155443,11897,74691,8087,143545,33996,16345,17651
25095,155474,11899,74713,8088,143574,34001,16349,17652
25100,155505,11901,74724,8089,143604,34006,16353,17653
25105,155536,11902,74737,8089,143634,34011,16355,17656
25110,155567,11903,74755,8089,143663,34016,16358,17658
25115,155598,11905,74773,8091,143693,34021,16359,17662
25120,155629,11907,74787,8093,143721,34026,16361,17665
25125,155660,11908,74801,8094,143751,34031,16363,17668
25130,155691,11910,74814,8095,143781,34037,16365,17672
25135,155722,11911,74828,8096,143810,34043,16368,17675
25140,155753,11913,74840,8097,143840,34049,16371,17678
25145,155784,11914,74854,8097,143870,34055,16372,17683
25150,155815,11915,74869,8097,143900,34061,16375,17686
25155,155846,11917,74885,8098,143929,34067,16378,17689
25160,155877,11919,74905,8100,143958,34073,16378,17695
25165,155908,11920,74918,8100,143988,34079,16380,17699
25170,155939,11921,74934,8100,144018,34085,16383,17702
25175,155970,11923,74953,8101,144047,34091,16388,17703
25180,156001,11924,74969,8102,144077,34097,16391,17706
25185,156032,11925,74988,8103,144106,34105,16396,17709
25190,156063,11925,75003,8103,144136,34113,16399,17714
25195,156094,11929,75021,8107,144163,34121,16404,17717
25200,156125,11934,75037,8110,144189,34129,16408,17721
25205,156156,11937,75049,8113,144218,34136,16410,17726
25210,156187,11940,75063,8114,144247,34143,16415,17728
25215,156218,11943,75080,8115,144274,34150,16420,17730
25220,156249,11945,75093,8116,144303,34157,16423,17734
25225,156280,11949,75106,8119,144328,34164,16425,17739
25230,156311,11955,75121,8124,144355,34171,16429,17742
25235,156342,11959,75138,8127,144381,34178,16434,17744
25240,156373,11962,75150,8129,144410,34185,16438,17747
25245,156404,11965,75165,8132,144438,34192,16441,17751
25250,156435,11967,75178,8134,144468,34199,16445,17754
25255,156466,11968,75192,8134,144498,34206,16449,17757
25260,156497,11970,75207,8135,144526,34213,16451,17762
25265,156528,11972,75218,8136,144556,34219,16451,17768
25270,156559,11975,75235,8138,144584,34225,16454,17771
25275,156590,11977,75251,8139,144613,34231,16457,17774
25280,156621,11977,75269,8139,144644,34237,16460,17777
25285,156652,11978,75279,8139,144674,34243,16461,17782
25290,156683,11980,75298,8140,144703,34249,16465,17784
25295,156714,11982,75315,8142,144732,34255,16467,17788
25300,156745,11984,75333,8144,144761,34261,16470,17791
25305,156776,11985,75352,8145,144788,34267,16476,17791
25310,156807,11986,75368,8145,144820,34274,16480,17794
25315,156838,11988,75390,8147,144847,34281,16486,17795
25320,156869,11990,75410,8149,144878,34288,16489,17799
25325,156900,11991,75428,8150,144905,34294,16492,17802
25330,156931,11993,75437,8151,144937,34300,16493,17807
25335,156962,11995,75448,8152,144966,34306,16495,17811
25340,156993,11997,75462,8153,144996,34312,16499,17813
25345,157024,11999,75476,8154,145024,34318,16500,17818
25350,157055,12003,75494,8157,145051,34324,16504,17820
25355,157086,12006,75509,8159,145078,34330,16508,17822
25360,157117,12010,75526,8161,145105,34336,16510,17826
25365,157148,12015,75538,8164,145132,34343,16514,17829
25370,157179,12020,75554,8167,145158,34350,16520,17830
25375,157210,12022,75568,8167,145187,34357,16525,17832
25380,157241,12026,75589,8171,145214,34364,16530,17834
25385,157272,12030,75606,8175,145240,34370,16532,17838
25390,157303,12034,75621,8178,145269,34376,16536,17840
25395,157334,12035,75632,8179,145299,34382,16538,17844
25400,157365,12037,75643,8180,145328,34388,16539,17849
25405,157396,12039,75658,8181,145357,34394,16542,17852
25410,157427,12041,75676,8182,145385,34400,16545,17855
25415,157458,12043,75695,8184,145414,34406,16548,17858
25420,157489,12044,75712,8184,145445,34412,16552,17860
25425,157520,12047,75729,8186,145473,34419,16555,17864
25430,157551,12048,75745,8186,145503,34426,16560,17866
25435,157582,12052,75759,8189,145529,34433,16565,17868
25440,157613,12055,75770,8191,145557,34440,16566,17874
25445,157644,12055,75782,8191,145589,34446,16568,17878
25450,157675,12055,75796,8191,145620,34452,16571,17881
25455,157706,12055,75810,8191,145650,34458,16575,17883
25460,157737,12055,75825,8191,145681,34464,16580,17884
25465,157768,12055,75845,8191,145711,34470,16584,17886
25470,157799,12055,75861,8191,145743,34476,16587,17889
25475,157830,12055,75874,8191,145775,34482,16589,17893
25480,157861,12055,75884,8191,145806,34488,16591,17897
25485,157892,12056,75898,8191,145834,34495,16594,17901
25490,157923,12057,75910,8191,145865,34502,16597,17905
25495,157954,12058,75929,8191,145894,34509,16600,17909
25500,157985,12059,75938,8191,145925,34516,16604,17912
25505,158016,12062,75954,8193,145954,34523,16610,17913
25510,158047,12064,75965,8193,145983,34530,16613,17917
25515,158078,12066,75979,8194,146012,34537,16617,17920
25520,158109,12069,75995,8195,146040,34544,16621,17923
25525,158140,12072,76016,8198,146068,34551,16624,17927
25530,158171,12074,76030,8199,146097,34558,16626,17932
25535,158202,12076,76043,8200,146125,34565,16629,17936
25540,158233,12080,76054,8204,146153,34572,16632,17940
25545,158264,12083,76070,8207,146180,34580,16636,17944
25550,158295,12088,76082,8210,146205,34588,16640,17948
25555,158326,12094,76094,8215,146230,34596,16644,17952
25560,158357,12100,76106,8219,146255,34604,16648,17956
25565,158388,12109,76121,8227,146279,34612,16652,17960
25570,158419,12114,76137,8231,146303,34620,16655,17965
25575,158450,12120,76155,8237,146328,34628,16659,17969
25580,158481,12127,76170,8241,146353,34636,16663,17973
25585,158512,12133,76183,8246,146379,34644,16666,17978
25590,158543,12135,76199,8248,146408,34652,16669,17983
25595,158574,12136,76214,8248,146438,34660,16673,17987
25600,158605,12137,76226,8249,146468,34668,16675,17993
25605,158636,12139,76238,8251,146497,34676,16681,17995
25610,158667,12140,76251,8252,146526,34684,16686,17998
25615,158698,12140,76266,8252,146558,34692,16689,18003
25620,158729,12140,76281,8252,146587,34700,16694,18006
25625,158760,12140,76293,8252,146619,34707,16698,18009
25630,158791,12140,76308,8252,146650,34714,16701,18013
25635,158822,12140,76321,8252,146681,34721,16705,18016
25640,158853,12140,76337,8252,146712,34728,16710,18018
25645,158884,12140,76353,8252,146743,34735,16713,18022
25650,158915,12140,76368,8252,146775,34742,16714,18028
25655,158946,12140,76381,8252,146806,34749,16719,18030
25660,158977,12140,76398,8252,146837,34756,16723,18033
25665,159008,12140,76411,8252,146868,34763,16727,18036
25670,159039,12140,76430,8252,146899,34770,16732,18038
25675,159070,12140,76453,8252,146930,34777,16739,18038
25680,159101,12140,76465,8252,146961,34784,16741,18043
25685,159132,12140,76478,8252,146992,34789,16744,18045
25690,159163,12141,76497,8253,147020,34794,16746,18048
25695,159194,12145,76513,8255,147046,34799,16750,18049
25700,159225,12150,76525,8259,147075,34804,16751,18053
25705,159256,12154,76544,8262,147100,34809,16753,18056
25710,159287,12160,76561,8268,147126,34814,16756,18058
25715,159318,12165,76579,8271,147151,34819,16759,18060
25720,159349,12171,76594,8274,147178,34824,16764,18060
25725,159380,12176,76607,8278,147204,34830,16769,18061
25730,159411,12181,76622,8283,147230,34836,16772,18064
25735,159442,12187,76639,8289,147254,34842,16774,18068
25740,159473,12191,76653,8291,147281,34848,16776,18072
25745,159504,12194,76669,8293,147309,34854,16779,18075
25750,159535,12197,76685,8296,147338,34860,16782,18078
25755,159566,12200,76696,8298,147366,34866,16783,18083
25760,159597,12203,76713,8299,147393,34872,16789,18083
25765,159628,12207,76727,8302,147421,34878,16792,18086
25770,159659,12210,76740,8305,147449,34884,16794,18090
25775,159690,12211,76754,8306,147479,34890,16797,18093
25780,159721,12212,76768,8307,147508,34896,16800,18096
25785,159752,12213,76781,8307,147538,34903,16802,18101
25790,159783,12214,76794,8307,147568,34911,16807,18104
25795,159814,12216,76810,8308,147598,34919,16813,18106
25800,159845,12218,76828,8309,147625,34927,16819,18108
25805,159876,12220,76838,8310,147653,34934,16820,18114
25810,159907,12222,76851,8311,147685,34941,16823,18118
25815,159938,12223,76865,8311,147713,34948,16826,18122
25820,159969,12224,76881,8312,147744,34955,16831,18124
25825,160000,12224,76893,8312,147776,34962,16833,18129
25830,160031,12224,76911,8312,147807,34969,16838,18131
25835,160062,12224,76925,8312,147838,34976,16842,18134
25840,160093,12224,76942,8312,147868,34983,16846,18137
25845,160124,12226,76959,8314,147897,34990,16851,18139
25850,160155,12228,76975,8316,147926,34997,16856,18141
25855,160186,12231,76990,8318,147954,35004,16859,18145
25860,160217,12234,77005,8321,147982,35011,16861,18150
25865,160248,12236,77016,8322,148012,35017,16862,18155
25870,160279,12237,77031,8322,148042,35023,16866,18157
25875,160310,12241,77048,8325,148068,35029,16870,18159
25880,160341,12246,77058,8328,148095,35035,16871,18164
25885,160372,12250,77074,8331,148121,35041,16872,18169
25890,160403,12254,77088,8335,148147,35047,16874,18173
25895,160434,12258,77100,8338,148176,35053,16875,18178
25900,160465,12260,77115,8339,148205,35059,16878,18181
25905,160496,12261,77134,8340,148234,35066,16882,18184
25910,160527,12262,77153,8340,148265,35073,16888,18185
25915,160558,12264,77170,8341,148294,35080,16892,18188
25920,160589,12266,77179,8342,148323,35087,16894,18193
25925,160620,12268,77193,8343,148351,35093,16897,18196
25930,160651,12272,77213,8347,148377,35099,16901,18198
25935,160682,12274,77226,8349,148406,35105,16902,18203
25940,160713,12277,77244,8351,148436,35111,16907,18204
25945,160744,12280,77259,8352,148464,35117,16910,18207
25950,160775,12281,77273,8353,148492,35123,16913,18210
25955,160806,12282,77289,8353,148521,35129,16916,18213
25960,160837,12283,77305,8353,148553,35135,16919,18216
25965,160868,12284,77318,8353,148583,35142,16923,18219
25970,160899,12285,77333,8354,148613,35149,16928,18221
25975,160930,12286,77345,8355,148642,35156,16931,18225
25980,160961,12287,77360,8356,148673,35163,16936,18227
25985,160992,12288,77374,8356,148704,35168,16937,18231
25990,161023,12289,77388,8357,148733,35173,16939,18234
25995,161054,12290,77405,8358,148764,35178,16943,18235
26000,161085,12292,77420,8358,148792,35183,16945,18238
26005,161116,12294,77430,8359,148822,35188,16947,18241
26010,161147,12296,77443,8360,148850,35193,16948,18245
26015,161178,12298,77456,8362,148880,35198,16949,18249
26020,161209,12300,77476,8363,148908,35203,16952,18251
26025,161240,12302,77489,8363,148938,35208,16953,18255
26030,161271,12304,77506,8365,148967,35214,16956,18258
26035,161302,12306,77521,8367,148996,35220,16959,18261
26040,161333,12309,77539,8369,149024,35226,16961,18265
26045,161364,12312,77559,8370,149052,35232,16966,18266
26050,161395,12314,77568,8370,149081,35238,16967,18271
26055,161426,12318,77582,8372,149108,35244,16970,18274
26060,161457,12325,77598,8378,149132,35250,16973,18277
26065,161488,12331,77612,8382,149157,35256,16977,18279
26070,161519,12338,77628,8388,149181,35262,16979,18283
26075,161550,12343,77641,8391,149207,35268,16982,18286
26080,161581,12351,77654,8397,149230,35274,16985,18289
26085,161612,12357,77665,8401,149255,35282,16988,18294
26090,161643,12364,77677,8408,149279,35290,16991,18299
26095,161674,12368,77692,8410,149306,35298,16996,18302
26100,161705,12373,77705,8414,149331,35306,17000,18306
26105,161736,12374,77722,8415,149361,35314,17003,18311
26110,161767,12375,77735,8415,149391,35322,17008,18314
26115,161798,12377,77752,8417,149420,35330,17012,18318
26120,161829,12378,77764,8418,149450,35338,17014,18324
26125,161860,12378,77779,8418,149481,35346,17018,18328
26130,161891,12378,77793,8418,149512,35354,17021,18333
26135,161922,12378,77808,8418,149541,35362,17025,18337
26140,161953,12378,77823,8418,149575,35370,17029,18341
26145,161984,12378,77840,8418,149606,35378,17035,18343
26150,162015,12378,77858,8418,149637,35386,17038,18348
26155,162046,12378,77871,8418,149668,35394,17042,18352
26160,162077,12378,77890,8418,149698,35402,17046,18356
26165,162108,12378,77910,8418,149730,35409,17050,18359
26170,162139,12378,77929,8418,149761,35416,17053,18363
26175,162170,12378,77945,8418,149792,35423,17058,18365
26180,162201,12378,77958,8418,149823,35430,17062,18368
26185,162232,12378,77976,8418,149854,35437,17065,18372
26190,162263,12378,77994,8418,149885,35444,17068,18376
26195,162294,12378,78010,8418,149916,35451,17072,18379
26200,162325,12379,78028,8418,149946,35458,17076,18382
26205,162356,12380,78039,8419,149975,35465,17077,18388
26210,162387,12384,78053,8422,150001,35472,17079,18393
26215,162418,12388,78067,8426,150030,35479,17081,18398
26220,162449,12391,78079,8427,150057,35486,17083,18403
26225,162480,12397,78097,8433,150083,35492,17087,18405
26230,162511,12402,78114,8437,150109,35498,17090,18408
26235,162542,12406,78126,8440,150136,35504,17094,18410
26240,162573,12412,78140,8444,150160,35510,17096,18414
26245,162604,12420,78155,8450,150183,35516,17098,18418
26250,162635,12428,78177,8458,150206,35522,17102,18420
26255,162666,12436,78197,8465,150230,35528,17106,18422
26260,162697,12438,78209,8467,150259,35534,17108,18426
26265,162728,12440,78223,8468,150287,35541,17111,18430
26270,162759,12444,78244,8471,150313,35548,17116,18432
26275,162790,12446,78258,8472,150342,35555,17118,18437
26280,162821,12450,78275,8475,150370,35562,17123,18439
26285,162852,12451,78289,8475,150401,35568,17126,18442
26290,162883,12453,78300,8476,150430,35574,17126,18448
26295,162914,12455,78320,8478,150457,35580,17129,18451
26300,162945,12456,78333,8478,150489,35586,17130,18456
26305,162976,12457,78345,8478,150518,35592,17132,18460
26310,163007,12458,78361,8478,150548,35598,17136,18462
26315,163038,12459,78378,8479,150578,35604,17139,18465
26320,163069,12460,78393,8480,150608,35610,17142,18468
26325,163100,12461,78406,8481,150639,35617,17144,18473
26330,163131,12463,78427,8483,150667,35624,17148,18476
26335,163162,12465,78442,8485,150697,35631,17150,18481
26340,163193,12466,78453,8486,150727,35638,17152,18486
26345,163224,12467,78469,8487,150756,35644,17157,18487
26350,163255,12468,78483,8488,150787,35650,17159,18491
26355,163286,12469,78501,8489,150816,35656,17163,18493
26360,163317,12471,78514,8490,150846,35662,17166,18496
26365,163348,12473,78531,8492,150875,35668,17169,18499
26370,163379,12475,78540,8492,150903,35674,17172,18502
26375,163410,12478,78557,8494,150931,35680,17174,18506
26380,163441,12480,78571,8496,150959,35686,17175,18511
26385,163472,12484,78590,8500,150987,35692,17180,18512
26390,163503,12488,78602,8502,151015,35699,17183,18516
26395,163534,12494,78618,8507,151040,35706,17186,18520
26400,163565,12496,78632,8508,151067,35713,17191,18522
26405,163596,12502,78649,8513,151094,35720,17195,18525
26410,163627,12504,78671,8515,151123,35727,17200,18527
26415,163658,12505,78690,8516,151153,35734,17204,18530
26420,163689,12506,78707,8516,151183,35741,17209,18532
26425,163720,12508,78722,8517,151212,35748,17214,18534
26430,163751,12511,78743,8520,151240,35755,17218,18537
26435,163782,12513,78760,8521,151269,35762,17222,18540
26440,163813,12515,78779,8523,151298,35769,17227,18542
26445,163844,12517,78791,8524,151327,35777,17230,18547
26450,163875,12518,78807,8524,151355,35785,17237,18548
26455,163906,12521,78823,8527,151384,35793,17241,18552
26460,163937,12523,78829,8528,151414,35801,17242,18559
26465,163968,12523,78845,8528,151443,35809,17247,18562
26470,163999,12523,78858,8528,151475,35817,17249,18568
26475,164030,12523,78873,8528,151506,35825,17252,18573
26480,164061,12524,78888,8529,151536,35833,17255,18578
26485,164092,12525,78899,8530,151564,35841,17258,18583
26490,164123,12526,78914,8531,151595,35849,17261,18588
26495,164154,12527,78932,8532,151626,35857,17267,18590
26500,164185,12528,78948,8532,151656,35865,17272,18593
26505,164216,12529,78964,8532,151685,35873,17276,18597
26510,164247,12531,78981,8533,151714,35881,17283,18598
26515,164278,12534,78995,8535,151744,35889,17287,18602
26520,164309,12538,79012,8539,151769,35897,17290,18607
26525,164340,12544,79024,8543,151796,35902,17292,18610
26530,164371,12548,79039,8546,151822,35907,17294,18613
26535,164402,12550,79052,8547,151851,35912,17296,18616
26540,164433,12554,79069,8550,151878,35917,17299,18618
26545,164464,12556,79086,8550,151906,35922,17301,18621
26550,164495,12560,79100,8552,151934,35927,17304,18623
26555,164526,12564,79118,8555,151962,35932,17306,18626
26560,164557,12567,79138,8557,151989,35937,17309,18628
26565,164588,12572,79153,8561,152015,35942,17313,18629
26570,164619,12577,79168,8565,152042,35947,17316,18631
26575,164650,12580,79181,8568,152070,35952,17317,18635
26580,164681,12582,79191,8569,152099,35957,17319,18638
26585,164712,12585,79207,8571,152127,35961,17320,18641
26590,164743,12588,79225,8573,152155,35965,17323,18642
26595,164774,12591,79239,8574,152183,35969,17325,18644
26600,164805,12594,79250,8575,152211,35973,17327,18646
26605,164836,12596,79261,8577,152240,35977,17328,18649
26610,164867,12599,79275,8579,152267,35981,17330,18651
26615,164898,12602,79290,8582,152295,35985,17334,18651
26620,164929,12604,79305,8583,152324,35989,17336,18653
26625,164960,12606,79318,8585,152351,35996,17340,18656
26630,164991,12607,79337,8586,152380,36003,17344,18659
26635,165022,12608,79348,8586,152413,36010,17346,18664
26640,165053,12609,79360,8587,152443,36017,17350,18667
26645,165084,12611,79375,8589,152472,36024,17354,18670
26650,165115,12612,79391,8589,152503,36031,17356,18675
26655,165146,12614,79411,8590,152532,36038,17362,18676
26660,165177,12617,79424,8592,152560,36045,17367,18678
26665,165208,12618,79437,8592,152590,36052,17370,18682
26670,165239,12619,79452,8593,152620,36059,17374,18685
26675,165270,12620,79470,8593,152650,36066,17377,18689
26680,165301,12624,79483,8597,152677,36073,17380,18693
26685,165332,12626,79500,8598,152706,36080,17384,18696
26690,165363,12627,79515,8598,152735,36088,17388,18700
26695,165394,12629,79533,8600,152764,36096,17392,18704
26700,165425,12632,79543,8603,152792,36104,17394,18710
26705,165456,12634,79553,8605,152821,36111,17395,18716
26710,165487,12636,79568,8607,152850,36118,17399,18719
26715,165518,12638,79581,8609,152880,36125,17401,18724
26720,165549,12639,79591,8609,152910,36132,17404,18728
26725,165580,12641,79605,8609,152938,36139,17407,18732
26730,165611,12644,79620,8612,152966,36146,17409,18737
26735,165642,12649,79632,8615,152992,36153,17411,18742
26740,165673,12653,79642,8617,153020,36160,17414,18746
26745,165704,12657,79658,8621,153047,36167,17417,18750
26750,165735,12658,79677,8622,153075,36174,17419,18755
26755,165766,12660,79694,8624,153105,36181,17422,18759
26760,165797,12661,79706,8624,153134,36188,17425,18763
26765,165828,12662,79719,8625,153166,36194,17427,18767
26770,165859,12663,79736,8625,153196,36200,17432,18768
26775,165890,12664,79753,8626,153225,36206,17437,18769
26780,165921,12665,79771,8626,153255,36212,17439,18773
26785,165952,12667,79787,8627,153285,36218,17443,18775
26790,165983,12668,79805,8627,153315,36224,17448,18776
26795,166014,12671,79820,8629,153342,36230,17452,18778
26800,166045,12673,79840,8631,153370,36236,17455,18781
26805,166076,12675,79855,8632,153401,36243,17458,18785
26810,166107,12678,79866,8635,153429,36250,17461,18789
26815,166138,12681,79878,8637,153456,36257,17464,18793
26820,166169,12685,79895,8640,153484,36264,17468,18796
26825,166200,12688,79911,8643,153511,36271,17471,18800
26830,166231,12690,79928,8644,153541,36278,17478,18800
26835,166262,12692,79943,8646,153569,36285,17481,18804
26840,166293,12696,79963,8649,153597,36292,17484,18808
26845,166324,12699,79981,8652,153624,36299,17488,18811
26850,166355,12704,79995,8656,153651,36306,17491,18815
26855,166386,12708,80010,8659,153678,36313,17496,18817
26860,166417,12711,80023,8661,153704,36320,17496,18824
26865,166448,12718,80038,8666,153729,36328,17501,18827
26870,166479,12722,80056,8667,153755,36336,17507,18829
26875,166510,12728,80069,8671,153781,36344,17508,18836
26880,166541,12734,80087,8676,153805,36352,17513,18839
26885,166572,12739,80101,8680,153832,36358,17515,18843
26890,166603,12741,80113,8682,153862,36364,17519,18845
26895,166634,12742,80129,8682,153891,36370,17522,18848
26900,166665,12745,80143,8685,153919,36376,17523,18853
26905,166696,12748,80157,8687,153948,36382,17525,18857
26910,166727,12748,80170,8687,153979,36388,17527,18861
26915,166758,12748,80189,8687,154009,36394,17531,18863
26920,166789,12748,80206,8687,154040,36400,17536,18864
26925,166820,12748,80222,8687,154071,36406,17537,18869
26930,166851,12748,80238,8687,154102,36412,17540,18872
26935,166882,12748,80250,8687,154134,36418,17540,18878
26940,166913,12748,80261,8687,154165,36424,17542,18882
26945,166944,12748,80276,8687,154195,36430,17544,18886
26950,166975,12748,80294,8687,154226,36436,17548,18888
26955,167006,12748,80309,8687,154258,36442,17551,18891
26960,167037,12748,80324,8687,154288,36448,17555,18893
26965,167068,12748,80341,8687,154319,36454,17559,18895
26970,167099,12748,80360,8687,154350,36460,17563,18897
26975,167130,12748,80373,8687,154382,36466,17565,18901
26980,167161,12748,80391,8687,154413,36472,17569,18903
26985,167192,12750,80404,8688,154442,36479,17572,18907
26990,167223,12752,80417,8690,154471,36487,17576,18911
26995,167254,12753,80437,8691,154501,36495,17582,18913
27000,167285,12755,80454,8692,154530,36503,17588,18915
27005,167316,12758,80466,8694,154558,36511,17590,18921
27010,167347,12761,80476,8696,154585,36519,17593,18926
27015,167378,12764,80485,8698,154614,36527,17596,18931
27020,167409,12768,80504,8701,154638,36535,17601,18934
27025,167440,12773,80519,8706,154665,36543,17604,18939
27030,167471,12779,80532,8711,154690,36551,17607,18944
27035,167502,12784,80546,8713,154717,36559,17611,18948
27040,167533,12788,80558,8714,154744,36567,17615,18952
27045,167564,12793,80572,8718,154770,36575,17619,18956
27050,167595,12798,80590,8722,154796,36583,17625,18958
27055,167626,12803,80604,8726,154822,36591,17628,18963
27060,167657,12809,80623,8730,154846,36599,17632,18967
27065,167688,12813,80634,8733,154875,36605,17634,18971
27070,167719,12816,80646,8734,154903,36611,17634,18977
27075,167750,12817,80661,8734,154933,36617,17637,18980
27080,167781,12818,80674,8735,154963,36623,17638,18985
27085,167812,12819,80691,8735,154993,36629,17641,18988
27090,167843,12820,80704,8735,155023,36635,17645,18990
27095,167874,12821,80723,8736,155053,36641,17648,18993
27100,167905,12822,80732,8736,155083,36647,17649,18998
27105,167936,12823,80749,8736,155113,36653,17652,19001
27110,167967,12824,80765,8737,155142,36659,17657,19002
27115,167998,12825,80777,8737,155173,36665,17660,19005
27120,168029,12827,80794,8739,155200,36671,17663,19008
27125,168060,12828,80808,8740,155232,36676,17665,19011
27130,168091,12829,80819,8740,155262,36681,17667,19014
27135,168122,12830,80833,8741,155292,36686,17668,19018
27140,168153,12831,80844,8741,155322,36691,17670,19021
27145,168184,12832,80858,8741,155352,36696,17673,19023
27150,168215,12833,80870,8742,155382,36701,17676,19025
27155,168246,12835,80888,8744,155411,36706,17679,19027
27160,168277,12836,80903,8744,155441,36711,17682,19029
27165,168308,12838,80919,8746,155469,36718,17686,19032
27170,168339,12843,80933,8750,155495,36725,17688,19037
27175,168370,12848,80947,8754,155521,36732,17690,19042
27180,168401,12853,80960,8758,155548,36739,17694,19045
27185,168432,12857,80976,8760,155575,36746,17699,19047
27190,168463,12861,80991,8763,155602,36753,17700,19053
27195,168494,12864,81012,8765,155630,36760,17705,19055
27200,168525,12867,81025,8767,155658,36767,17708,19059
27205,168556,12870,81041,8769,155686,36774,17712,19062
27210,168587,12873,81053,8771,155714,36781,17714,19067
27215,168618,12876,81069,8774,155742,36788,17719,19069
27220,168649,12880,81087,8777,155769,36795,17722,19073
27225,168680,12883,81106,8779,155796,36803,17726,19077
27230,168711,12886,81121,8781,155825,36811,17730,19081
27235,168742,12888,81126,8782,155854,36819,17731,19088
27240,168773,12890,81138,8784,155883,36827,17735,19092
27245,168804,12892,81153,8785,155911,36834,17739,19095
27250,168835,12895,81174,8788,155939,36841,17744,19097
27255,168866,12898,81186,8791,155968,36848,17748,19100
27260,168897,12898,81203,8791,155997,36855,17752,19103
27265,168928,12898,81224,8791,156030,36862,17756,19106
27270,168959,12898,81239,8791,156061,36869,17761,19108
27275,168990,12898,81252,8791,156091,36876,17762,19114
27280,169021,12898,81266,8791,156122,36883,17766,19117
27285,169052,12898,81281,8791,156153,36890,17770,19120
27290,169083,12898,81297,8791,156185,36897,17772,19125
27295,169114,12899,81313,8791,156214,36904,17776,19128
27300,169145,12900,81327,8791,156245,36911,17778,19133
27305,169176,12901,81341,8792,156274,36917,17779,19138
27310,169207,12902,81355,8793,156304,36923,17783,19140
27315,169238,12904,81372,8794,156334,36929,17788,19141
27320,169269,12906,81385,8796,156363,36935,17791,19144
27325,169300,12908,81401,8797,156392,36941,17795,19146
27330,169331,12910,81415,8799,156420,36947,17796,19151
27335,169362,12912,81427,8801,156450,36953,17798,19155
27340,169393,12914,81440,8802,156479,36959,17800,19159
27345,169424,12917,81454,8804,156507,36966,17802,19164
27350,169455,12922,81472,8808,156530,36973,17804,19169
27355,169486,12926,81490,8811,156559,36980,17808,19172
27360,169517,12930,81506,8813,156583,36987,17810,19177
27365,169548,12934,81520,8816,156614,36993,17813,19180
27370,169579,12938,81532,8819,156641,36999,17815,19184
27375,169610,12942,81547,8822,156668,37005,17819,19186
27380,169641,12946,81565,8824,156695,37011,17824,19187
27385,169672,12948,81575,8824,156723,37017,17827,19190
27390,169703,12952,81591,8828,156751,37023,17830,19193
27395,169734,12956,81607,8831,156777,37029,17831,19198
27400,169765,12960,81620,8835,156805,37035,17833,19202
27405,169796,12963,81636,8836,156833,37041,17838,19203
27410,169827,12967,81651,8838,156860,37048,17841,19207
27415,169858,12969,81666,8839,156888,37055,17844,19211
27420,169889,12973,81684,8842,156916,37062,17849,19213
27425,169920,12974,81695,8843,156945,37068,17850,19218
27430,169951,12976,81706,8844,156975,37074,17853,19221
27435,169982,12977,81724,8845,157004,37080,17855,19225
27440,170013,12979,81739,8847,157033,37086,17857,19229
27445,170044,12981,81754,8848,157062,37092,17859,19233
27450,170075,12984,81771,8851,157091,37098,17862,19236
27455,170106,12985,81789,8852,157119,37104,17866,19238
27460,170137,12989,81805,8855,157147,37110,17868,19242
27465,170168,12990,81820,8856,157175,37117,17870,19247
27470,170199,12990,81830,8856,157207,37124,17871,19253
27475,170230,12990,81848,8856,157238,37131,17875,19256
27480,170261,12990,81866,8856,157269,37138,17879,19259
27485,170292,12992,81883,8857,157300,37144,17884,19260
27490,170323,12994,81898,8859,157329,37150,17887,19263
27495,170354,12996,81915,8860,157357,37156,17891,19265
27500,170385,12997,81930,8860,157387,37162,17894,19268
27505,170416,12998,81945,8860,157418,37168,17896,19272
27510,170447,12999,81960,8860,157448,37174,17900,19274
27515,170478,13001,81975,8862,157476,37180,17902,19278
27520,170509,13002,81992,8863,157507,37186,17905,19281
27525,170540,13004,82010,8865,157535,37193,17908,19285
27530,170571,13006,82024,8867,157565,37200,17911,19289
27535,170602,13009,82034,8870,157592,37207,17914,19293
27540,170633,13012,82049,8872,157620,37214,17917,19297
27545,170664,13015,82062,8873,157648,37221,17918,19303
27550,170695,13017,82077,8873,157678,37228,17924,19304
27555,170726,13020,82097,8875,157706,37235,17929,19306
27560,170757,13023,82111,8876,157734,37242,17932,19310
27565,170788,13025,82125,8876,157763,37249,17937,19312
27570,170819,13029,82141,8877,157788,37256,17941,19315
27575,170850,13034,82165,8882,157815,37263,17946,19317
27580,170881,13039,82179,8885,157842,37270,17948,19322
27585,170912,13043,82193,8888,157867,37277,17952,19325
27590,170943,13048,82209,8893,157894,37285,17957,19328
27595,170974,13054,82221,8896,157920,37293,17959,19334
27600,171005,13058,82235,8900,157947,37301,17961,19340
27605,171036,13060,82251,8902,157974,37307,17964,19343
27610,171067,13062,82264,8903,158005,37313,17969,19344
27615,171098,13064,82279,8904,158033,37319,17971,19348
27620,171129,13066,82292,8905,158062,37325,17974,19351
27625,171160,13068,82308,8905,158090,37331,17979,19352
27630,171191,13070,82326,8905,158120,37337,17984,19353
27635,171222,13073,82337,8907,158148,37343,17985,19358
27640,171253,13076,82354,8909,158176,37349,17989,19360
27645,171284,13079,82374,8911,158203,37355,17993,19362
27650,171315,13083,82388,8914,158232,37361,17995,19366
27655,171346,13087,82403,8918,158259,37367,17998,19369
27660,171377,13090,82417,8920,158287,37373,18001,19372
27665,171408,13092,82430,8922,158316,37379,18004,19375
27670,171439,13093,82442,8923,158346,37385,18008,19377
27675,171470,13095,82455,8925,158375,37391,18010,19381
27680,171501,13095,82468,8925,158406,37397,18013,19384
27685,171532,13095,82484,8925,158437,37403,18015,19388
27690,171563,13095,82500,8925,158468,37409,18018,19391
27695,171594,13095,82518,8925,158499,37415,18021,19394
27700,171625,13095,82534,8925,158529,37421,18023,19398
27705,171656,13095,82551,8925,158561,37429,18026,19403
27710,171687,13096,82563,8925,158591,37437,18030,19407
27715,171718,13098,82575,8927,158620,37445,18032,19413
27720,171749,13100,82591,8929,158648,37453,18036,19417
27725,171780,13101,82604,8929,158679,37460,18039,19421
27730,171811,13103,82615,8930,158708,37467,18041,19426
27735,171842,13105,82630,8932,158737,37474,18045,19429
27740,171873,13107,82645,8933,158766,37481,18047,19434
27745,171904,13108,82661,8933,158795,37488,18051,19437
27750,171935,13109,82679,8933,158826,37495,18055,19440
27755,171966,13110,82692,8933,158856,37502,18059,19443
27760,171997,13111,82708,8933,158884,37509,18062,19447
27765,172028,13113,82722,8935,158915,37516,18065,19451
27770,172059,13117,82738,8938,158941,37523,18068,19455
27775,172090,13120,82753,8941,158969,37530,18071,19459
27780,172121,13123,82764,8944,158998,37537,18074,19463
27785,172152,13126,82779,8946,159024,37543,18078,19465
27790,172183,13133,82794,8952,159050,37549,18079,19470
27795,172214,13137,82812,8954,159075,37555,18082,19473
27800,172245,13142,82833,8958,159101,37561,18087,19474
27805,172276,13146,82848,8961,159129,37567,18091,19476
27810,172307,13150,82859,8963,159155,37573,18094,19479
27815,172338,13154,82874,8967,159183,37579,18097,19482
27820,172369,13158,82892,8970,159210,37585,18102,19483
27825,172400,13160,82907,8970,159237,37592,18105,19487
27830,172431,13163,82923,8972,159265,37599,18108,19491
27835,172462,13167,82940,8974,159295,37606,18111,19495
27840,172493,13169,82958,8975,159322,37613,18116,19497
27845,172524,13171,82974,8976,159352,37620,18119,19501
27850,172555,13173,82983,8977,159382,37627,18120,19507
27855,172586,13176,82994,8978,159409,37634,18122,19512
27860,172617,13180,83009,8981,159436,37641,18124,19517
27865,172648,13183,83024,8983,159464,37648,18127,19521
27870,172679,13188,83038,8988,159491,37655,18130,19525
27875,172710,13191,83051,8989,159518,37662,18132,19530
27880,172741,13194,83064,8990,159547,37669,18137,19532
27885,172772,13195,83080,8990,159577,37677,18143,19534
27890,172803,13197,83096,8992,159606,37685,18149,19536
27895,172834,13198,83111,8993,159636,37693,18151,19542
27900,172865,13199,83129,8994,159666,37701,18155,19546
27905,172896,13199,83142,8994,159697,37709,18159,19550
27910,172927,13199,83158,8994,159728,37717,18164,19553
27915,172958,13199,83175,8994,159759,37725,18168,19557
27920,172989,13199,83190,8994,159790,37733,18170,19563
27925,173020,13199,83207,8994,159821,37741,18175,19566
27930,173051,13200,83222,8994,159851,37749,18178,19571
27935,173082,13201,83242,8995,159881,37757,18181,19576
27940,173113,13202,83255,8996,159911,37765,18184,19581
27945,173144,13203,83270,8996,159941,37773,18190,19583
27950,173175,13204,83280,8997,159970,37781,18193,19588
27955,173206,13205,83295,8997,160000,37789,18198,19591
27960,173237,13207,83311,8998,160029,37797,18203,19594
27965,173268,13209,83324,9000,160058,37803,18205,19598
27970,173299,13211,83341,9002,160087,37809,18209,19600
27975,173330,13212,83353,9002,160118,37815,18210,19605
27980,173361,13214,83367,9003,160147,37821,18214,19607
27985,173392,13215,83379,9003,160177,37827,18216,19611
27990,173423,13217,83388,9004,160206,37833,18217,19616
27995,173454,13220,83398,9006,160234,37839,18218,19621
28000,173485,13222,83412,9006,160261,37845,18220,19625
28005,173516,13227,83430,9010,160288,37851,18223,19628
28010,173547,13231,83444,9012,160314,37857,18226,19631
28015,173578,13237,83457,9016,160341,37863,18228,19635
28020,173609,13242,83473,9020,160365,37869,18231,19638
28025,173640,13248,83484,9024,160392,37874,18232,19642
28030,173671,13253,83503,9027,160418,37879,18235,19644
28035,173702,13255,83516,9029,160446,37884,18236,19648
28040,173733,13261,83527,9033,160471,37889,18236,19653
28045,173764,13265,83539,9035,160498,37894,18239,19655
28050,173795,13270,83550,9039,160524,37899,18241,19658
28055,173826,13275,83567,9042,160551,37904,18245,19659
28060,173857,13278,83583,9043,160578,37909,18247,19662
28065,173888,13279,83596,9043,160609,37916,18251,19665
28070,173919,13281,83607,9045,160638,37923,18254,19669
28075,173950,13282,83618,9045,160667,37930,18259,19671
28080,173981,13283,83630,9045,160697,37937,18265,19672
28085,174012,13284,83644,9046,160727,37944,18268,19676
28090,174043,13285,83659,9047,160758,37951,18270,19681
28095,174074,13286,83672,9048,160788,37958,18274,19684
28100,174105,13287,83689,9048,160817,37965,18279,19686
28105,174136,13288,83701,9048,160847,37972,18281,19691
28110,174167,13289,83719,9048,160876,37979,18283,19696
28115,174198,13290,83732,9049,160907,37986,18284,19702
28120,174229,13291,83746,9049,160938,37993,18286,19707
28125,174260,13292,83766,9049,160967,38000,18290,19710
28130,174291,13293,83774,9049,160998,38008,18291,19717
28135,174322,13295,83786,9051,161025,38016,18292,19724
28140,174353,13298,83800,9053,161053,38024,18294,19730
28145,174384,13301,83815,9054,161083,38030,18297,19733
28150,174415,13303,83831,9054,161110,38036,18302,19734
28155,174446,13305,83846,9055,161140,38042,18302,19740
28160,174477,13307,83865,9057,161170,38048,18307,19741
28165,174508,13311,83878,9060,161197,38054,18311,19743
28170,174539,13315,83891,9062,161222,38060,18312,19748
28175,174570,13320,83909,9066,161249,38066,18316,19750
28180,174601,13325,83926,9069,161276,38072,18320,19752
28185,174632,13330,83943,9073,161300,38078,18323,19755
28190,174663,13335,83954,9076,161327,38084,18324,19760
28195,174694,13339,83968,9080,161352,38090,18325,19765
28200,174725,13344,83981,9083,161381,38096,18329,19767
28205,174756,13347,83993,9084,161409,38100,18332,19768
28210,174787,13350,84008,9085,161436,38104,18335,19769
28215,174818,13354,84021,9088,161464,38108,18335,19773
28220,174849,13359,84039,9091,161490,38112,18338,19774
28225,174880,13360,84053,9092,161520,38116,18341,19775
28230,174911,13361,84070,9093,161550,38120,18344,19776
28235,174942,13363,84086,9094,161579,38124,18346,19778
28240,174973,13365,84102,9096,161608,38128,18349,19779
28245,175004,13365,84115,9096,161639,38134,18351,19783
28250,175035,13365,84126,9096,161670,38140,18355,19785
28255,175066,13365,84140,9096,161701,38146,18359,19787
28260,175097,13365,84159,9096,161732,38152,18362,19790
28265,175128,13365,84173,9096,161763,38158,18366,19792
28270,175159,13365,84189,9096,161794,38164,18370,19794
28275,175190,13365,84200,9096,161825,38170,18371,19799
28280,175221,13365,84212,9096,161856,38176,18373,19803
28285,175252,13365,84221,9096,161887,38182,18377,19805
28290,175283,13365,84235,9096,161918,38188,18378,19810
28295,175314,13365,84257,9096,161949,38194,18381,19813
28300,175345,13365,84264,9096,161980,38200,18383,19817
28305,175376,13366,84283,9096,162009,38207,18387,19820
28310,175407,13367,84298,9097,162039,38215,18389,19826
28315,175438,13368,84311,9098,162067,38223,18392,19831
28320,175469,13370,84328,9099,162097,38231,18398,19833
28325,175500,13371,84339,9099,162128,38239,18400,19839
28330,175531,13373,84352,9100,162157,38247,18404,19843
28335,175562,13377,84367,9103,162183,38255,18405,19850
28340,175593,13381,84381,9106,162209,38263,18408,19855
28345,175624,13387,84393,9110,162237,38271,18412,19859
28350,175655,13394,84408,9116,162260,38279,18416,19863
28355,175686,13400,84421,9121,162286,38287,18421,19866
28360,175717,13406,84438,9125,162310,38295,18424,19871
28365,175748,13412,84454,9130,162334,38303,18427,19876
28370,175779,13419,84465,9134,162359,38311,18432,19879
28375,175810,13423,84483,9137,162386,38319,18438,19881
28380,175841,13429,84498,9142,162411,38327,18443,19884
28385,175872,13433,84511,9145,162438,38334,18446,19888
28390,175903,13436,84527,9147,162467,38341,18450,19891
28395,175934,13437,84538,9148,162497,38348,18454,19894
28400,175965,13439,84553,9150,162525,38355,18457,19898
28405,175996,13441,84574,9151,162554,38362,18463,19899
28410,176027,13442,84588,9152,162584,38369,18464,19905
28415,176058,13443,84603,9153,162615,38376,18467,19909
28420,176089,13444,84620,9153,162645,38383,18470,19913
28425,176120,13446,84634,9155,162674,38390,18473,19917
28430,176151,13447,84652,9155,162704,38397,18477,19920
28435,176182,13449,84672,9157,162733,38404,18481,19923
28440,176213,13450,84683,9158,162763,38411,18484,19927
28445,176244,13450,84700,9158,162794,38418,18486,19932
28450,176275,13450,84716,9158,162825,38425,18490,19935
28455,176306,13450,84726,9158,162855,38432,18493,19939
28460,176337,13450,84740,9158,162886,38439,18497,19942
28465,176368,13450,84749,9158,162918,38446,18498,19948
28470,176399,13450,84763,9158,162948,38453,18501,19952
28475,176430,13450,84781,9158,162979,38460,18503,19957
28480,176461,13450,84797,9158,163011,38467,18506,19961
28485,176492,13451,84806,9159,163041,38475,18508,19967
28490,176523,13452,84818,9159,163070,38483,18510,19973
28495,176554,13454,84830,9160,163099,38491,18513,19978
28500,176585,13458,84846,9163,163125,38499,18514,19985
28505,176616,13461,84865,9166,163153,38506,18517,19989
28510,176647,13465,84877,9168,163181,38513,18519,19994
28515,176678,13468,84887,9170,163209,38520,18521,19999
28520,176709,13471,84901,9172,163238,38527,18524,20003
28525,176740,13474,84918,9174,163266,38534,18528,20006
28530,176771,13477,84931,9176,163293,38541,18530,20011
28535,176802,13481,84951,9180,163319,38548,18535,20013
28540,176833,13484,84964,9182,163349,38555,18539,20016
28545,176864,13491,84983,9188,163369,38562,18541,20021
28550,176895,13497,85000,9194,163397,38569,18545,20024
28555,176926,13500,85015,9195,163424,38576,18548,20028
28560,176957,13505,85027,9200,163451,38583,18549,20034
28565,176988,13508,85039,9202,163479,38589,18550,20039
28570,177019,13510,85055,9204,163509,38595,18553,20042
28575,177050,13512,85070,9206,163538,38601,18556,20045
28580,177081,13514,85086,9207,163567,38607,18559,20048
28585,177112,13516,85098,9208,163596,38613,18562,20051
28590,177143,13518,85115,9209,163625,38619,18567,20052
28595,177174,13519,85131,9210,163655,38625,18569,20056
28600,177205,13520,85147,9211,163685,38631,18572,20059
28605,177236,13521,85166,9212,163715,38638,18575,20063
28610,177267,13523,85181,9213,163744,38645,18579,20066
28615,177298,13524,85192,9213,163774,38652,18581,20071
28620,177329,13525,85206,9213,163804,38659,18585,20074
28625,177360,13526,85222,9214,163834,38665,18589,20076
28630,177391,13528,85238,9215,163863,38671,18592,20079
28635,177422,13530,85255,9217,163892,38677,18597,20080
28640,177453,13531,85270,9217,163922,38683,18601,20082
28645,177484,13532,85284,9218,163952,38689,18602,20087
28650,177515,13533,85299,9218,163982,38695,18604,20091
28655,177546,13535,85317,9219,164011,38701,18609,20092
28660,177577,13537,85330,9220,164040,38707,18612,20095
28665,177608,13539,85341,9222,164069,38714,18613,20101
28670,177639,13541,85352,9224,164098,38721,18616,20105
28675,177670,13543,85365,9225,164125,38728,18620,20108
28680,177701,13548,85384,9228,164152,38735,18626,20109
28685,177732,13551,85400,9230,164180,38740,18629,20111
28690,177763,13553,85405,9230,164210,38745,18630,20115
28695,177794,13555,85422,9231,164239,38750,18635,20115
28700,177825,13557,85440,9232,164268,38755,18638,20117
28705,177856,13561,85458,9236,164294,38760,18641,20119
28710,177887,13564,85474,9239,164323,38765,18643,20122
28715,177918,13566,85485,9240,164350,38770,18644,20126
28720,177949,13569,85500,9242,164379,38775,18647,20128
28725,177980,13573,85517,9246,164406,38781,18649,20132
28730,178011,13579,85536,9252,164430,38787,18653,20134
28735,178042,13583,85547,9255,164459,38793,18655,20138
28740,178073,13586,85558,9256,164483,38799,18656,20143
28745,178104,13590,85572,9259,164514,38804,18657,20147
28750,178135,13591,85588,9259,164544,38809,18658,20151
28755,178166,13592,85608,9260,164574,38814,18662,20152
28760,178197,13593,85623,9261,164603,38819,18664,20155
28765,178228,13594,85640,9262,164634,38824,18666,20158
28770,178259,13596,85653,9263,164663,38829,18668,20161
28775,178290,13599,85665,9264,164691,38834,18669,20165
28780,178321,13602,85678,9266,164719,38839,18672,20167
28785,178352,13605,85693,9269,164747,38845,18674,20171
28790,178383,13606,85710,9269,164777,38852,18679,20173
28795,178414,13607,85729,9270,164807,38859,18683,20176
28800,178445,13608,85741,9271,164837,38866,18685,20181
28805,178476,13610,85754,9272,164866,38872,18687,20185
28810,178507,13611,85767,9272,164896,38878,18690,20188
28815,178538,13612,85780,9272,164926,38884,18692,20192
28820,178569,13614,85797,9273,164955,38890,18696,20194
28825,178600,13616,85812,9274,164984,38896,18699,20197
28830,178631,13617,85830,9275,165014,38902,18700,20202
28835,178662,13618,85848,9275,165044,38908,18705,20203
28840,178693,13620,85862,9276,165073,38914,18706,20208
28845,178724,13621,85877,9277,165103,38921,18706,20215
28850,178755,13622,85892,9278,165133,38928,18709,20219
28855,178786,13627,85910,9282,165159,38935,18715,20220
28860,178817,13631,85927,9286,165186,38942,18717,20225
28865,178848,13634,85940,9288,165213,38949,18719,20230
28870,178879,13639,85956,9291,165239,38956,18721,20235
28875,178910,13642,85969,9293,165266,38963,18723,20240
28880,178941,13646,85981,9295,165295,38970,18727,20243
28885,178972,13648,85996,9295,165324,38977,18729,20248
28890,179003,13652,86014,9298,165349,38984,18731,20253
28895,179034,13658,86030,9302,165375,38991,18735,20256
28900,179065,13663,86043,9305,165400,38998,18735,20263
28905,179096,13668,86055,9307,165427,39005,18739,20266
28910,179127,13672,86072,9310,165453,39013,18743,20270
28915,179158,13677,86091,9315,165481,39021,18748,20273
28920,179189,13679,86106,9317,165509,39029,18753,20276
28925,179220,13683,86122,9319,165536,39036,18758,20278
28930,179251,13685,86133,9320,165565,39043,18758,20285
28935,179282,13687,86147,9321,165595,39050,18763,20287
28940,179313,13688,86165,9322,165625,39057,18768,20289
28945,179344,13689,86176,9323,165655,39064,18771,20293
28950,179375,13690,86193,9324,165685,39071,18777,20294
28955,179406,13691,86207,9325,165713,39078,18780,20298
28960,179437,13693,86220,9326,165743,39085,18783,20302
28965,179468,13694,86239,9326,165773,39092,18789,20303
28970,179499,13695,86255,9327,165804,39099,18793,20306
28975,179530,13695,86274,9327,165835,39106,18798,20308
28980,179561,13695,86290,9327,165866,39113,18800,20313
28985,179592,13695,86305,9327,165897,39120,18803,20317
28990,179623,13695,86317,9327,165927,39127,18803,20324
28995,179654,13695,86330,9327,165959,39134,18808,20326
29000,179685,13695,86339,9327,165989,39141,18811,20330
29005,179716,13695,86354,9327,166020,39148,18814,20334
29010,179747,13695,86364,9327,166052,39155,18816,20339
29015,179778,13696,86380,9327,166082,39162,18817,20345
29020,179809,13697,86395,9327,166111,39169,18822,20347
29025,179840,13699,86407,9329,166141,39177,18825,20352
29030,179871,13701,86424,9331,166169,39185,18828,20357
29035,179902,13706,86444,9335,166195,39193,18833,20360
29040,179933,13709,86458,9338,166224,39201,18836,20365
29045,179964,13713,86472,9340,166250,39208,18840,20368
29050,179995,13716,86487,9342,166278,39215,18844,20371
29055,180026,13718,86501,9343,166307,39222,18849,20373
29060,180057,13721,86514,9344,166335,39229,18850,20379
29065,180088,13726,86526,9348,166362,39236,18851,20385
29070,180119,13730,86540,9351,166388,39243,18854,20389
29075,180150,13734,86553,9353,166413,39250,18858,20392
29080,180181,13740,86575,9359,166436,39257,18862,20395
29085,180212,13747,86589,9365,166464,39264,18867,20397
29090,180243,13752,86604,9369,166487,39271,18869,20402
29095,180274,13756,86614,9372,166517,39278,18872,20406
29100,180305,13759,86626,9374,166544,39285,18874,20411
29105,180336,13764,86637,9378,166571,39291,18876,20415
29110,180367,13767,86648,9379,166600,39297,18879,20418
29115,180398,13770,86664,9381,166628,39303,18883,20420
29120,180429,13772,86682,9383,166656,39309,18885,20424
29125,180460,13776,86695,9386,166684,39315,18888,20427
29130,180491,13779,86712,9388,166711,39321,18892,20429
29135,180522,13780,86730,9389,166742,39327,18895,20432
29140,180553,13780,86746,9389,166773,39333,18897,20436
29145,180584,13780,86761,9389,166804,39340,18901,20439
29150,180615,13780,86781,9389,166835,39347,18904,20443
29155,180646,13780,86794,9389,166866,39354,18908,20446
29160,180677,13780,86808,9389,166897,39361,18913,20448
29165,180708,13780,86825,9389,166928,39367,18916,20451
29170,180739,13780,86841,9389,166959,39373,18918,20455
29175,180770,13780,86854,9389,166990,39379,18919,20460
29180,180801,13780,86867,9389,167021,39385,18921,20464
29185,180832,13780,86881,9389,167052,39391,18923,20468
29190,180863,13780,86901,9389,167083,39397,18926,20471
29195,180894,13780,86915,9389,167114,39403,18930,20473
29200,180925,13783,86928,9392,167142,39409,18932,20477
29205,180956,13784,86941,9393,167172,39416,18935,20481
29210,180987,13786,86958,9395,167200,39423,18940,20483
29215,181018,13788,86971,9397,167226,39430,18943,20487
29220,181049,13790,86988,9398,167257,39437,18949,20488
29225,181080,13791,87004,9399,167285,39444,18953,20491
29230,181111,13793,87021,9400,167316,39451,18957,20494
29235,181142,13796,87037,9403,167341,39458,18962,20496
29240,181173,13800,87051,9406,167373,39465,18967,20498
29245,181204,13804,87071,9410,167399,39472,18971,20501
29250,181235,13808,87084,9412,167427,39479,18974,20505
29255,181266,13813,87102,9416,167452,39486,18979,20507
29260,181297,13815,87116,9417,167482,39493,18984,20509
29265,181328,13817,87130,9417,167510,39501,18987,20514
29270,181359,13820,87148,9419,167538,39509,18993,20516
29275,181390,13823,87161,9420,167567,39517,18995,20522
29280,181421,13825,87177,9422,167595,39525,18998,20527
29285,181452,13828,87193,9423,167623,39531,19003,20528
29290,181483,13831,87207,9426,167652,39537,19006,20531
29295,181514,13834,87225,9428,167680,39543,19009,20534
29300,181545,13836,87238,9428,167709,39549,19011,20538
29305,181576,13838,87250,9429,167738,39555,19013,20542
29310,181607,13841,87267,9431,167765,39561,19016,20545
29315,181638,13844,87279,9433,167794,39567,19019,20548
29320,181669,13846,87294,9434,167822,39573,19021,20552
29325,181700,13849,87308,9437,167850,39579,19026,20553
29330,181731,13853,87323,9441,167877,39585,19028,20557
29335,181762,13857,87338,9444,167904,39591,19031,20560
29340,181793,13859,87348,9446,167934,39597,19033,20564
29345,181824,13861,87364,9447,167963,39603,19035,20568
29350,181855,13863,87386,9449,167991,39609,19040,20569
29355,181886,13865,87399,9450,168019,39615,19043,20572
29360,181917,13866,87412,9450,168049,39621,19046,20575
29365,181948,13868,87425,9450,168077,39627,19049,20578
29370,181979,13871,87442,9451,168106,39633,19053,20580
29375,182010,13875,87455,9453,168134,39639,19054,20585
29380,182041,13879,87473,9457,168162,39645,19058,20587
29385,182072,13881,87484,9458,168190,39653,19062,20591
29390,182103,13884,87501,9461,168218,39661,19067,20594
29395,182134,13886,87516,9462,168248,39669,19072,20597
29400,182165,13889,87530,9464,168276,39677,19075,20602
29405,182196,13893,87546,9467,168303,39684,19078,20606
29410,182227,13896,87558,9470,168331,39691,19081,20610
29415,182258,13899,87574,9473,168359,39698,19086,20612
29420,182289,13900,87588,9473,168389,39705,19089,20616
29425,182320,13901,87604,9473,168419,39712,19090,20622
29430,182351,13902,87616,9474,168449,39719,19093,20626
29435,182382,13904,87631,9475,168478,39726,19096,20630
29440,182413,13906,87650,9476,168507,39733,19101,20632
29445,182444,13908,87660,9477,168535,39740,19102,20638
29450,182475,13912,87677,9481,168562,39747,19105,20642
29455,182506,13916,87699,9485,168588,39754,19109,20645
29460,182537,13919,87712,9487,168618,39761,19111,20650
29465,182568,13920,87731,9487,168646,39767,19113,20654
29470,182599,13922,87744,9488,168677,39773,19116,20657
29475,182630,13923,87758,9488,168705,39779,19119,20660
29480,182661,13928,87774,9492,168732,39785,19122,20663
29485,182692,13931,87787,9494,168761,39791,19125,20666
29490,182723,13933,87805,9496,168786,39797,19128,20669
29495,182754,13938,87825,9501,168814,39803,19132,20671
29500,182785,13938,87836,9501,168847,39809,19134,20675
29505,182816,13938,87851,9501,168876,39815,19137,20678
29510,182847,13938,87868,9501,168909,39822,19139,20683
29515,182878,13938,87888,9501,168937,39829,19144,20685
29520,182909,13939,87901,9501,168968,39836,19148,20688
29525,182940,13941,87921,9503,168998,39842,19152,20690
29530,182971,13943,87938,9504,169027,39848,19156,20692
29535,183002,13944,87951,9504,169057,39854,19160,20694
29540,183033,13946,87961,9506,169087,39860,19162,20698
29545,183064,13948,87975,9507,169115,39866,19164,20702
29550,183095,13949,87988,9507,169145,39872,19165,20707
29555,183126,13950,88004,9508,169176,39878,19167,20711
29560,183157,13951,88019,9509,169206,39884,19168,20716
29565,183188,13954,88030,9512,169234,39890,19170,20720
29570,183219,13957,88047,9514,169262,39897,19175,20722
29575,183250,13959,88064,9516,169291,39904,19179,20725
29580,183281,13962,88072,9519,169319,39911,19181,20730
29585,183312,13966,88089,9523,169346,39918,19185,20733
29590,183343,13970,88106,9525,169373,39925,19189,20736
29595,183374,13973,88122,9527,169399,39932,19193,20739
29600,183405,13976,88139,9529,169428,39939,19196,20743
29605,183436,13981,88155,9533,169455,39946,19198,20748
29610,183467,13984,88167,9535,169483,39953,19201,20752
29615,183498,13989,88179,9538,169509,39960,19205,20755
29620,183529,13993,88194,9540,169535,39967,19209,20758
29625,183560,13999,88211,9545,169560,39975,19215,20760
29630,183591,14003,88229,9549,169587,39983,19219,20764
29635,183622,14007,88240,9552,169615,39991,19221,20770
29640,183653,14011,88256,9555,169640,39999,19226,20773
29645,183684,14014,88277,9558,169668,40005,19230,20775
29650,183715,14017,88296,9561,169696,40011,19235,20776
29655,183746,14020,88310,9563,169724,40017,19237,20780
29660,183777,14023,88329,9566,169753,40023,19238,20785
29665,183808,14023,88344,9566,169785,40029,19241,20788
29670,183839,14023,88357,9566,169815,40035,19242,20793
29675,183870,14023,88373,9566,169847,40041,19245,20796
29680,183901,14023,88388,9566,169877,40047,19249,20798
29685,183932,14023,88404,9566,169909,40053,19253,20800
29690,183963,14023,88423,9566,169939,40059,19257,20802
29695,183994,14023,88435,9566,169971,40065,19257,20808
29700,184025,14023,88452,9566,170001,40071,19262,20809
29705,184056,14023,88463,9566,170033,40076,19263,20813
29710,184087,14023,88482,9566,170062,40081,19264,20817
29715,184118,14023,88495,9566,170094,40086,19266,20820
29720,184149,14023,88508,9566,170125,40091,19268,20823
29725,184180,14023,88525,9566,170156,40096,19269,20827
29730,184211,14023,88544,9566,170188,40101,19272,20829
29735,184242,14024,88557,9566,170218,40106,19275,20831
29740,184273,14026,88573,9567,170246,40111,19277,20834
29745,184304,14028,88589,9568,170276,40118,19281,20837
29750,184335,14031,88603,9569,170304,40125,19285,20840
29755,184366,14033,88614,9569,170333,40132,19288,20844
29760,184397,14037,88630,9573,170360,40139,19292,20847
29765,184428,14040,88640,9574,170388,40146,19296,20850
29770,184459,14046,88652,9577,170413,40153,19299,20854
29775,184490,14052,88669,9582,170437,40160,19302,20858
29780,184521,14058,88687,9587,170462,40167,19305,20862
29785,184552,14065,88705,9594,170486,40174,19309,20865
29790,184583,14072,88718,9600,170510,40181,19310,20871
29795,184614,14078,88733,9605,170536,40188,19313,20875
29800,184645,14084,88752,9609,170561,40195,19316,20879
29805,184676,14087,88764,9611,170587,40203,19321,20882
29810,184707,14093,88777,9616,170612,40211,19323,20888
29815,184738,14098,88792,9620,170640,40219,19326,20893
29820,184769,14101,88806,9622,170668,40227,19329,20898
29825,184800,14102,88817,9623,170698,40233,19331,20902
29830,184831,14103,88831,9624,170728,40239,19334,20905
29835,184862,14104,88845,9625,170758,40245,19336,20909
29840,184893,14105,88858,9626,170788,40251,19338,20913
29845,184924,14106,88876,9627,170818,40257,19341,20916
29850,184955,14107,88892,9628,170848,40263,19343,20920
29855,184986,14108,88911,9628,170878,40269,19346,20923
29860,185017,14109,88930,9628,170907,40275,19350,20925
29865,185048,14110,88947,9629,170937,40281,19352,20929
29870,185079,14111,88957,9629,170968,40287,19354,20933
29875,185110,14112,88972,9629,170996,40293,19357,20936
29880,185141,14113,88984,9629,171028,40299,19358,20941
29885,185172,14114,88996,9629,171057,40305,19359,20946
29890,185203,14115,89014,9630,171087,40311,19363,20948
29895,185234,14116,89029,9630,171118,40317,19366,20951
29900,185265,14117,89046,9631,171147,40323,19367,20956
29905,185296,14118,89064,9632,171178,40329,19370,20959
29910,185327,14119,89074,9633,171207,40335,19371,20964
29915,185358,14120,89089,9634,171238,40341,19373,20968
29920,185389,14122,89104,9635,171265,40347,19377,20970
29925,185420,14124,89121,9637,171294,40355,19382,20973
29930,185451,14130,89138,9641,171318,40363,19388,20975
29935,185482,14135,89154,9645,171345,40371,19391,20980
29940,185513,14138,89166,9648,171374,40379,19395,20984
29945,185544,14140,89180,9648,171402,40387,19401,20986
29950,185575,14143,89193,9650,171430,40395,19403,20992
29955,185606,14147,89206,9653,171458,40403,19405,20998
29960,185637,14151,89220,9655,171486,40411,19411,21000
29965,185668,14155,89238,9658,171511,40419,19416,21003
29970,185699,14160,89252,9662,171538,40427,19420,21007
29975,185730,14165,89271,9666,171564,40435,19424,21011
29980,185761,14167,89286,9668,171594,40443,19427,21016
29985,185792,14169,89302,9669,171623,40451,19431,21020
29990,185823,14171,89316,9670,171652,40459,19434,21025
29995,185854,14173,89331,9672,171681,40467,19438,21029
30000,185885,14175,89349,9674,171710,40475,19445,21030
30005,185916,14176,89362,9675,171740,40483,19449,21034
30010,185947,14178,89376,9677,171769,40491,19451,21040
30015,185978,14178,89391,9677,171800,40499,19457,21042
30020,186009,14178,89406,9677,171831,40507,19462,21045
30025,186040,14178,89414,9677,171862,40515,19464,21051
30030,186071,14178,89424,9677,171893,40523,19469,21054
30035,186102,14178,89439,9677,171924,40531,19473,21058
30040,186133,14180,89454,9678,171953,40539,19478,21061
30045,186164,14181,89470,9679,171983,40547,19482,21065
30050,186195,14183,89484,9681,172012,40555,19487,21068
30055,186226,14184,89493,9681,172041,40563,19490,21073
30060,186257,14186,89506,9683,172070,40571,19494,21077
30065,186288,14188,89519,9684,172100,40579,19497,21082
30070,186319,14189,89525,9684,172130,40587,19497,21090
30075,186350,14190,89538,9685,172160,40595,19499,21096
30080,186381,14192,89554,9687,172189,40603,19505,21098
30085,186412,14195,89571,9689,172215,40611,19508,21103
30090,186443,14199,89583,9691,172244,40619,19511,21108
30095,186474,14203,89600,9694,172268,40627,19514,21113
30100,186505,14207,89618,9698,172298,40635,19518,21117
30105,186536,14210,89623,9699,172325,40643,19518,21125
30110,186567,14212,89641,9699,172354,40651,19521,21130
30115,186598,14215,89655,9700,172383,40659,19525,21134
30120,186629,14219,89667,9701,172409,40667,19529,21138
30125,186660,14224,89686,9706,172434,40672,19530,21142
30130,186691,14229,89699,9710,172461,40677,19533,21144
30135,186722,14233,89714,9712,172488,40682,19535,21147
30140,186753,14237,89726,9715,172516,40687,19537,21150
30145,186784,14240,89743,9717,172543,40692,19541,21151
30150,186815,14243,89753,9719,172572,40697,19543,21154
30155,186846,14246,89765,9721,172600,40702,19543,21159
30160,186877,14248,89777,9722,172629,40707,19545,21162
30165,186908,14251,89789,9724,172656,40712,19545,21167
30170,186939,14255,89807,9726,172684,40717,19547,21170
30175,186970,14258,89823,9727,172711,40722,19550,21172
30180,187001,14263,89839,9731,172736,40727,19554,21173
30185,187032,14265,89852,9733,172767,40731,19555,21176
30190,187063,14266,89866,9734,172797,40735,19558,21177
30195,187094,14267,89878,9734,172827,40739,19560,21179
30200,187125,14268,89895,9734,172857,40743,19562,21181
30205,187156,14269,89910,9734,172887,40747,19564,21183
30210,187187,14270,89926,9734,172917,40751,19566,21185
30215,187218,14271,89943,9735,172947,40755,19568,21187
30220,187249,14272,89965,9736,172977,40759,19570,21189
30225,187280,14273,89989,9737,173003,40764,19574,21190
30230,187311,14275,90001,9738,173036,40771,19575,21196
30235,187342,14278,90013,9739,173063,40778,19579,21199
30240,187373,14279,90028,9740,173094,40785,19582,21203
30245,187404,14280,90038,9741,173123,40790,19582,21208
30250,187435,14281,90055,9741,173153,40795,19585,21210
30255,187466,14283,90070,9743,173183,40800,19587,21213
30260,187497,14284,90086,9744,173213,40805,19589,21216
30265,187528,14285,90106,9745,173243,40810,19592,21218
30270,187559,14286,90119,9746,173273,40815,19593,21222
30275,187590,14288,90138,9748,173302,40820,19596,21224
30280,187621,14289,90152,9748,173332,40825,19600,21225
30285,187652,14291,90172,9750,173359,40831,19604,21227
30290,187683,14295,90188,9752,173388,40837,19607,21230
30295,187714,14297,90202,9753,173414,40843,19611,21232
30300,187745,14303,90217,9757,173441,40849,19614,21235
30305,187776,14306,90233,9760,173469,40855,19617,21238
30310,187807,14309,90246,9762,173498,40861,19620,21241
30315,187838,14311,90260,9762,173527,40867,19623,21244
30320,187869,14314,90275,9764,173554,40873,19625,21248
30325,187900,14318,90286,9766,173582,40879,19628,21251
30330,187931,14322,90301,9769,173608,40885,19632,21253
30335,187962,14327,90319,9774,173634,40891,19636,21255
30340,187993,14330,90332,9777,173662,40897,19639,21258
30345,188024,14335,90344,9780,173689,40905,19641,21264
30350,188055,14338,90357,9783,173717,40913,19642,21271
30355,188086,14343,90378,9788,173743,40921,19647,21274
30360,188117,14347,90397,9792,173770,40929,19652,21277
30365,188148,14350,90415,9794,173797,40936,19657,21279
30370,188179,14352,90433,9796,173827,40943,19663,21280
30375,188210,14352,90450,9796,173857,40950,19667,21283
30380,188241,14352,90461,9796,173889,40957,19669,21288
30385,188272,14352,90478,9796,173919,40964,19673,21291
30390,188303,14352,90495,9796,173949,40971,19678,21293
30395,188334,14352,90509,9796,173981,40978,19681,21297
30400,188365,14352,90523,9796,174013,40985,19685,21300
30405,188396,14352,90538,9796,174042,40992,19687,21305
30410,188427,14352,90551,9796,174074,40999,19688,21311
30415,188458,14352,90567,9796,174105,41006,19693,21313
30420,188489,14352,90580,9796,174136,41013,19697,21316
30425,188520,14352,90598,9796,174167,41019,19700,21319
30430,188551,14352,90610,9796,174199,41025,19701,21324
30435,188582,14352,90626,9796,174230,41031,19705,21326
30440,188613,14353,90645,9796,174258,41037,19708,21329
30445,188644,14354,90657,9796,174289,41043,19711,21332
30450,188675,14355,90672,9796,174319,41049,19713,21336
30455,188706,14356,90690,9797,174349,41055,19716,21339
30460,188737,14359,90709,9798,174377,41061,19720,21341
30465,188768,14362,90725,9801,174405,41068,19722,21346
30470,188799,14365,90738,9803,174434,41075,19723,21352
30475,188830,14367,90758,9804,174462,41082,19729,21353
30480,188861,14371,90770,9805,174489,41089,19733,21356
30485,188892,14376,90783,9807,174515,41096,19738,21358
30490,188923,14380,90794,9809,174543,41103,19742,21361
30495,188954,14384,90813,9812,174570,41110,19746,21364
30500,188985,14388,90828,9815,174597,41117,19750,21367
30505,189016,14392,90841,9817,174624,41124,19752,21372
30510,189047,14397,90856,9821,174650,41131,19754,21377
30515,189078,14402,90875,9825,174675,41138,19757,21381
30520,189109,14408,90890,9829,174699,41145,19761,21384
30525,189140,14415,90900,9834,174725,41153,19765,21388
30530,189171,14421,90910,9838,174750,41161,19770,21391
30535,189202,14425,90925,9841,174777,41169,19774,21395
30540,189233,14430,90940,9844,174803,41177,19778,21399
30545,189264,14431,90952,9845,174833,41185,19780,21405
30550,189295,14433,90964,9846,174862,41193,19783,21410
30555,189326,14434,90985,9846,174891,41201,19791,21410
30560,189357,14435,91001,9846,174921,41209,19795,21414
30565,189388,14436,91016,9846,174951,41217,19798,21419
30570,189419,14438,91033,9847,174981,41225,19803,21422
30575,189450,14440,91052,9849,175009,41233,19809,21424
30580,189481,14442,91070,9851,175038,41241,19812,21429
30585,189512,14443,91086,9852,175069,41249,19817,21432
30590,189543,14445,91101,9853,175098,41257,19821,21436
30595,189574,14446,91117,9853,175128,41265,19825,21440
30600,189605,14448,91135,9854,175155,41273,19830,21443
30605,189636,14449,91146,9854,175185,41281,19833,21448
30610,189667,14450,91159,9854,175216,41289,19836,21453
30615,189698,14451,91177,9855,175247,41297,19842,21455
30620,189729,14452,91194,9856,175276,41305,19848,21457
30625,189760,14453,91213,9857,175306,41313,19853,21460
30630,189791,14453,91223,9857,175338,41321,19855,21466
30635,189822,14453,91237,9857,175368,41329,19860,21469
30640,189853,14454,91251,9858,175399,41337,19864,21473
30645,189884,14455,91264,9859,175428,41345,19867,21478
30650,189915,14457,91277,9861,175458,41353,19870,21483
30655,189946,14460,91290,9863,175485,41361,19873,21488
30660,189977,14463,91304,9864,175513,41369,19878,21491
30665,190008,14465,91316,9865,175542,41377,19882,21495
30670,190039,14468,91329,9866,175570,41385,19885,21500
30675,190070,14470,91344,9867,175599,41393,19889,21504
30680,190101,14473,91358,9870,175627,41401,19892,21509
30685,190132,14476,91370,9871,175656,41409,19895,21514
30690,190163,14480,91383,9874,175683,41417,19897,21520
30695,190194,14483,91397,9876,175711,41425,19899,21526
30700,190225,14488,91412,9880,175737,41433,19903,21530
30705,190256,14490,91426,9881,175765,41441,19908,21533
30710,190287,14494,91442,9884,175792,41449,19913,21536
30715,190318,14499,91450,9888,175819,41457,19914,21543
30720,190349,14501,91466,9889,175848,41465,19918,21547
30725,190380,14503,91483,9890,175877,41472,19923,21549
30730,190411,14506,91505,9893,175905,41479,19929,21550
30735,190442,14509,91518,9895,175933,41486,19932,21554
30740,190473,14512,91540,9898,175961,41493,19937,21556
30745,190504,14515,91556,9900,175988,41500,19942,21558
30750,190535,14518,91570,9901,176017,41507,19946,21561
30755,190566,14521,91585,9903,176045,41514,19950,21564
30760,190597,14524,91598,9905,176073,41521,19954,21567
30765,190628,14527,91615,9908,176101,41528,19958,21570
30770,190659,14531,91631,9911,176128,41535,19963,21572
30775,190690,14535,91649,9915,176155,41542,19966,21576
30780,190721,14538,91664,9917,176183,41549,19970,21579
30785,190752,14539,91681,9918,176213,41552,19972,21580
30790,190783,14540,91697,9918,176243,41555,19972,21583
30795,190814,14541,91715,9919,176273,41558,19972,21586
30800,190845,14542,91732,9920,176303,41561,19974,21587
30805,190876,14544,91748,9922,176332,41564,19976,21588
30810,190907,14546,91763,9924,176361,41567,19977,21590
30815,190938,14548,91776,9925,176390,41570,19979,21591
30820,190969,14549,91791,9926,176419,41573,19980,21593
30825,191000,14552,91811,9929,176445,41577,19981,21596
30830,191031,14554,91826,9930,176475,41581,19982,21599
30835,191062,14557,91836,9932,176503,41585,19984,21601
30840,191093,14558,91853,9933,176532,41589,19987,21602
30845,191124,14561,91869,9936,176562,41592,19989,21603
30850,191155,14563,91883,9938,176592,41595,19990,21605
30855,191186,14564,91896,9939,176622,41598,19992,21606
30860,191217,14565,91913,9939,176650,41601,19994,21607
30865,191248,14568,91930,9941,176679,41604,19996,21608
30870,191279,14572,91944,9944,176706,41607,19997,21610
30875,191310,14573,91966,9945,176737,41610,20000,21610
30880,191341,14573,91977,9945,176768,41613,20000,21613
30885,191372,14573,91993,9945,176798,41619,20002,21617
30890,191403,14575,92011,9946,176827,41626,20006,21620
30895,191434,14576,92027,9946,176858,41633,20009,21624
30900,191465,14577,92041,9946,176887,41640,20014,21626
30905,191496,14578,92053,9946,176917,41646,20014,21632
30910,191527,14580,92068,9947,176946,41652,20017,21635
30915,191558,14581,92084,9947,176976,41658,20022,21636
30920,191589,14582,92100,9948,177007,41664,20024,21640
30925,191620,14584,92116,9949,177035,41670,20027,21643
30930,191651,14587,92128,9952,177063,41676,20030,21646
30935,191682,14590,92138,9954,177092,41682,20031,21651
30940,191713,14592,92156,9955,177120,41688,20034,21654
30945,191744,14594,92170,9957,177150,41694,20037,21657
30950,191775,14597,92186,9960,177178,41701,20043,21658
30955,191806,14599,92200,9961,177206,41708,20046,21662
30960,191837,14602,92216,9963,177235,41715,20051,21664
30965,191868,14605,92231,9965,177263,41722,20056,21666
30970,191899,14608,92247,9967,177291,41729,20058,21671
30975,191930,14611,92263,9969,177319,41736,20062,21674
30980,191961,14616,92277,9973,177345,41743,20066,21677
30985,191992,14621,92292,9976,177371,41750,20070,21680
30990,192023,14626,92304,9979,177397,41757,20073,21684
30995,192054,14629,92323,9982,177423,41764,20079,21685
31000,192085,14632,92339,9985,177453,41771,20081,21690
31005,192116,14634,92351,9986,177480,41779,20084,21695
31010,192147,14638,92367,9989,177507,41787,20089,21698
31015,192178,14640,92378,9989,177536,41795,20093,21702
31020,192209,14644,92397,9993,177563,41803,20098,21705
31025,192240,14648,92413,9996,177590,41810,20101,21709
31030,192271,14652,92424,9998,177619,41817,20104,21713
31035,192302,14655,92436,10000,177644,41824,20107,21717
31040,192333,14658,92450,10002,177674,41831,20110,21721
31045,192364,14661,92468,10005,177702,41838,20114,21724
31050,192395,14665,92483,10009,177729,41845,20117,21728
31055,192426,14668,92496,10011,177758,41852,20121,21731
31060,192457,14670,92512,10012,177787,41859,20127,21732
31065,192488,14673,92532,10014,177815,41866,20132,21734
31070,192519,14674,92547,10014,177845,41873,20136,21737
31075,192550,14675,92560,10015,177875,41880,20139,21741
31080,192581,14676,92573,10016,177904,41887,20144,21743
31085,192612,14677,92585,10017,177934,41894,20149,21745
31090,192643,14678,92599,10017,177964,41901,20151,21750
31095,192674,14679,92613,10018,177994,41908,20155,21753
31100,192705,14682,92631,10019,178023,41915,20159,21756
31105,192736,14684,92644,10020,178052,41922,20163,21759
31110,192767,14686,92661,10022,178080,41929,20167,21762
31115,192798,14689,92675,10023,178108,41936,20170,21766
31120,192829,14691,92688,10024,178137,41943,20172,21771
31125,192860,14694,92706,10027,178164,41951,20175,21776
31130,192891,14697,92720,10030,178193,41959,20176,21783
31135,192922,14701,92733,10033,178221,41967,20180,21787
31140,192953,14703,92749,10034,178249,41975,20185,21790
31145,192984,14704,92766,10035,178279,41983,20191,21792
31150,193015,14705,92779,10036,178308,41991,20196,21795
31155,193046,14706,92798,10036,178338,41999,20201,21798
31160,193077,14708,92811,10037,178368,42007,20206,21801
31165,193108,14710,92828,10038,178397,42015,20211,21804
31170,193139,14713,92844,10040,178425,42023,20217,21806
31175,193170,14716,92860,10041,178453,42031,20223,21808
31180,193201,14720,92878,10044,178480,42039,20227,21812
31185,193232,14725,92897,10049,178507,42047,20231,21816
31190,193263,14726,92914,10049,178536,42055,20237,21818
31195,193294,14728,92928,10050,178565,42063,20240,21823
31200,193325,14730,92944,10052,178594,42071,20242,21829
31205,193356,14732,92962,10054,178624,42079,20245,21834
31210,193387,14733,92978,10055,178653,42087,20250,21837
31215,193418,14735,92992,10056,178683,42095,20256,21839
31220,193449,14736,93003,10056,178712,42103,20260,21843
31225,193480,14738,93017,10058,178741,42111,20262,21849
31230,193511,14741,93032,10060,178768,42119,20266,21853
31235,193542,14744,93044,10063,178796,42127,20269,21858
31240,193573,14747,93057,10066,178824,42135,20271,21864
31245,193604,14750,93069,10068,178854,42143,20277,21866
31250,193635,14751,93083,10068,178884,42151,20280,21871
31255,193666,14752,93102,10068,178914,42159,20285,21874
31260,193697,14754,93119,10069,178943,42167,20289,21878
31265,193728,14755,93134,10069,178973,42175,20294,21881
31270,193759,14756,93153,10069,179003,42183,20300,21883
31275,193790,14757,93170,10069,179033,42191,20305,21886
31280,193821,14759,93185,10070,179062,42199,20310,21889
31285,193852,14761,93198,10072,179091,42207,20315,21892
31290,193883,14764,93215,10073,179119,42215,20319,21896
31295,193914,14766,93229,10074,179148,42223,20324,21899
31300,193945,14769,93247,10075,179176,42231,20330,21901
31305,193976,14771,93258,10076,179205,42239,20334,21905
31310,194007,14773,93270,10076,179231,42247,20336,21911
31315,194038,14776,93281,10077,179262,42255,20338,21917
31320,194069,14779,93295,10078,179288,42263,20343,21920
31325,194100,14782,93313,10079,179315,42269,20347,21922
31330,194131,14785,93330,10082,179346,42275,20351,21924
31335,194162,14787,93343,10084,179374,42281,20352,21929
31340,194193,14789,93355,10085,179404,42287,20355,21932
31345,194224,14791,93364,10086,179433,42293,20356,21937
31350,194255,14796,93381,10090,179459,42299,20359,21940
31355,194286,14800,93395,10093,179486,42305,20361,21944
31360,194317,14804,93412,10094,179512,42311,20367,21944
31365,194348,14808,93431,10095,179537,42317,20371,21946
31370,194379,14814,93442,10100,179564,42323,20373,21950
31375,194410,14818,93455,10103,179590,42329,20373,21956
31380,194441,14822,93471,10105,179616,42335,20377,21958
31385,194472,14827,93487,10109,179644,42339,20378,21961
31390,194503,14830,93507,10112,179671,42343,20380,21963
31395,194534,14834,93521,10115,179699,42347,20383,21964
31400,194565,14836,93530,10115,179728,42351,20385,21966
31405,194596,14839,93546,10117,179756,42355,20388,21967
31410,194627,14842,93564,10119,179783,42359,20392,21967
31415,194658,14845,93578,10121,179812,42363,20394,21969
31420,194689,14847,93590,10123,179840,42367,20395,21972
31425,194720,14852,93607,10127,179868,42373,20400,21973
31430,194751,14856,93625,10131,179895,42379,20404,21975
31435,194782,14859,93642,10132,179922,42385,20408,21977
31440,194813,14860,93656,10133,179953,42391,20412,21979
31445,194844,14860,93667,10133,179984,42396,20414,21982
31450,194875,14860,93681,10133,180014,42401,20416,21985
31455,194906,14860,93695,10133,180045,42406,20419,21987
31460,194937,14860,93702,10133,180077,42411,20420,21991
31465,194968,14860,93713,10133,180107,42416,20423,21993
31470,194999,14860,93724,10133,180139,42421,20425,21996
31475,195030,14860,93737,10133,180168,42426,20427,21999
31480,195061,14861,93749,10133,180199,42431,20430,22001
31485,195092,14862,93761,10133,180229,42438,20434,22004
31490,195123,14864,93774,10134,180256,42445,20436,22009
31495,195154,14866,93788,10135,180288,42452,20442,22010
31500,195185,14867,93799,10135,180316,42459,20446,22013
31505,195216,14868,93817,10135,180347,42465,20449,22016
31510,195247,14869,93829,10135,180378,42471,20453,22018
31515,195278,14870,93847,10135,180408,42477,20458,22019
31520,195309,14872,93861,10136,180437,42483,20462,22021
31525,195340,14874,93876,10137,180466,42489,20466,22023
31530,195371,14875,93892,10138,180496,42495,20470,22025
31535,195402,14877,93905,10139,180525,42501,20471,22030
31540,195433,14879,93918,10141,180553,42507,20472,22035
31545,195464,14882,93932,10142,180580,42514,20476,22038
31550,195495,14888,93949,10147,180606,42521,20478,22043
31555,195526,14894,93967,10150,180631,42528,20481,22047
31560,195557,14900,93986,10154,180656,42535,20486,22049
31565,195588,14903,93998,10155,180685,42541,20488,22053
31570,195619,14906,94010,10156,180713,42547,20490,22057
31575,195650,14909,94022,10157,180741,42553,20494,22059
31580,195681,14913,94038,10159,180767,42559,20497,22062
31585,195712,14917,94055,10161,180794,42565,20501,22064
31590,195743,14921,94068,10163,180821,42571,20503,22068
31595,195774,14925,94081,10165,180849,42577,20505,22072
31600,195805,14929,94099,10168,180875,42583,20508,22075
31605,195836,14933,94113,10170,180901,42589,20510,22079
31610,195867,14940,94128,10175,180926,42596,20513,22083
31615,195898,14943,94151,10178,180953,42603,20520,22083
31620,195929,14948,94166,10181,180980,42610,20523,22087
31625,195960,14950,94181,10182,181009,42616,20527,22089
31630,195991,14951,94197,10183,181039,42622,20531,22091
31635,196022,14953,94218,10185,181068,42628,20536,22092
31640,196053,14955,94230,10186,181098,42634,20540,22094
31645,196084,14957,94243,10187,181127,42640,20543,22097
31650,196115,14959,94257,10188,181155,42646,20547,22099
31655,196146,14959,94268,10188,181187,42652,20550,22102
31660,196177,14959,94287,10188,181215,42658,20554,22104
31665,196208,14959,94304,10188,181249,42664,20558,22106
31670,196239,14959,94316,10188,181279,42671,20560,22111
31675,196270,14959,94329,10188,181310,42678,20562,22116
31680,196301,14959,94349,10188,181340,42685,20565,22120
31685,196332,14959,94364,10188,181373,42692,20571,22121
31690,196363,14959,94382,10188,181404,42699,20575,22124
31695,196394,14959,94396,10188,181435,42706,20579,22127
31700,196425,14959,94409,10188,181466,42713,20582,22131
31705,196456,14959,94425,10188,181497,42720,20586,22134
31710,196487,14959,94440,10188,181528,42727,20591,22136
31715,196518,14960,94455,10189,181558,42734,20593,22141
31720,196549,14961,94466,10189,181588,42741,20595,22146
31725,196580,14962,94477,10189,181617,42749,20597,22152
31730,196611,14966,94484,10191,181644,42757,20599,22158
31735,196642,14970,94496,10194,181672,42765,20602,22163
31740,196673,14972,94509,10195,181700,42773,20605,22168
31745,196704,14976,94523,10197,181727,42781,20609,22172
31750,196735,14979,94536,10198,181755,42789,20614,22175
31755,196766,14984,94551,10202,181782,42797,20617,22180
31760,196797,14988,94570,10206,181808,42805,20621,22184
31765,196828,14992,94587,10210,181836,42813,20626,22187
31770,196859,14994,94600,10211,181865,42821,20631,22190
31775,196890,14996,94610,10212,181894,42829,20633,22196
31780,196921,14999,94624,10214,181922,42837,20634,22203
31785,196952,15002,94636,10216,181950,42845,20638,22207
31790,196983,15005,94647,10219,181978,42853,20641,22212
31795,197014,15008,94665,10222,182005,42861,20647,22214
31800,197045,15010,94681,10223,182034,42869,20651,22218
31805,197076,15014,94694,10226,182062,42877,20654,22223
31810,197107,15017,94708,10228,182090,42885,20659,22226
31815,197138,15019,94719,10230,182119,42893,20661,22232
31820,197169,15022,94735,10233,182147,42901,20664,22237
31825,197200,15024,94752,10234,182176,42909,20670,22239
31830,197231,15026,94768,10236,182205,42917,20675,22242
31835,197262,15028,94780,10237,182234,42925,20677,22248
31840,197293,15030,94790,10237,182261,42933,20678,22255
31845,197324,15034,94804,10239,182288,42941,20682,22259
31850,197355,15037,94820,10241,182318,42949,20687,22262
31855,197386,15039,94835,10242,182345,42957,20693,22264
31860,197417,15042,94845,10244,182375,42965,20694,22271
31865,197448,15045,94860,10246,182403,42971,20697,22274
31870,197479,15049,94879,10249,182429,42977,20700,22277
31875,197510,15054,94894,10252,182456,42983,20703,22280
31880,197541,15058,94906,10253,182482,42989,20706,22283
31885,197572,15064,94920,10258,182508,42995,20708,22287
31890,197603,15067,94936,10259,182535,43001,20712,22289
31895,197634,15071,94952,10263,182563,43007,20715,22292
31900,197665,15075,94971,10266,182590,43013,20719,22294
31905,197696,15077,94990,10268,182617,43019,20722,22297
31910,197727,15081,95009,10271,182645,43025,20727,22298
31915,197758,15083,95025,10272,182673,43031,20731,22300
31920,197789,15088,95040,10276,182699,43037,20735,22302
31925,197820,15090,95054,10278,182730,43042,20740,22302
31930,197851,15092,95069,10280,182759,43047,20741,22306
31935,197882,15092,95080,10280,182788,43052,20742,22310
31940,197913,15092,95092,10280,182820,43057,20744,22313
31945,197944,15092,95111,10280,182851,43062,20746,22316
31950,197975,15092,95126,10280,182882,43067,20750,22317
31955,198006,15092,95139,10280,182913,43072,20752,22320
31960,198037,15092,95154,10280,182945,43077,20754,22323
31965,198068,15092,95169,10280,182974,43084,20758,22326
31970,198099,15092,95182,10280,183007,43091,20760,22331
31975,198130,15092,95199,10280,183038,43098,20764,22334
31980,198161,15092,95213,10280,183068,43105,20767,22338
31985,198192,15092,95230,10280,183099,43110,20769,22341
31990,198223,15092,95246,10280,183131,43115,20772,22343
31995,198254,15092,95258,10280,183161,43120,20773,22347
32000,198285,15092,95270,10280,183192,43125,20775,22350
32005,198316,15093,95285,10280,183223,43130,20778,22352
32010,198347,15095,95300,10282,183252,43135,20783,22352
32015,198378,15097,95311,10282,183281,43140,20785,22355
32020,198409,15100,95328,10284,183309,43145,20788,22357
32025,198440,15103,95347,10286,183337,43151,20791,22360
32030,198471,15107,95368,10288,183364,43157,20797,22360
32035,198502,15110,95380,10290,183392,43163,20799,22364
32040,198533,15113,95393,10292,183420,43169,20802,22367
32045,198564,15118,95409,10296,183445,43175,20806,22369
32050,198595,15122,95421,10299,183473,43181,20809,22372
32055,198626,15126,95433,10302,183499,43187,20812,22375
32060,198657,15130,95445,10303,183527,43193,20815,22378
32065,198688,15133,95459,10303,183553,43199,20818,22381
32070,198719,15137,95479,10305,183581,43205,20823,22382
32075,198750,15141,95496,10308,183608,43211,20825,22386
32080,198781,15144,95509,10310,183636,43217,20829,22388
32085,198812,15147,95525,10313,183661,43225,20831,22394
32090,198843,15150,95534,10314,183692,43233,20835,22398
32095,198874,15155,95547,10318,183718,43241,20839,22402
32100,198905,15162,95560,10322,183740,43249,20844,22405
32105,198936,15169,95576,10328,183765,43257,20848,22409
32110,198967,15175,95589,10332,183790,43265,20851,22414
32115,198998,15181,95600,10337,183817,43273,20855,22418
32120,199029,15185,95615,10339,183842,43281,20862,22419
32125,199060,15187,95634,10341,183872,43289,20866,22423
32130,199091,15187,95648,10341,183904,43297,20870,22427
32135,199122,15187,95668,10341,183934,43305,20875,22430
32140,199153,15187,95686,10341,183965,43313,20879,22434
32145,199184,15187,95698,10341,183996,43321,20881,22440
32150,199215,15187,95715,10341,184027,43329,20886,22443
32155,199246,15187,95730,10341,184058,43337,20887,22450
32160,199277,15187,95745,10341,184090,43345,20890,22455
32165,199308,15187,95765,10341,184121,43351,20895,22456
32170,199339,15187,95778,10341,184152,43357,20897,22460
32175,199370,15187,95794,10341,184183,43363,20900,22463
32180,199401,15187,95813,10341,184214,43369,20904,22465
32185,199432,15187,95832,10341,184245,43375,20907,22468
32190,199463,15187,95847,10341,184276,43381,20911,22470
32195,199494,15187,95863,10341,184307,43387,20915,22472
32200,199525,15187,95875,10341,184338,43393,20915,22478
32205,199556,15187,95886,10341,184369,43399,20918,22481
32210,199587,15187,95904,10341,184398,43405,20922,22483
32215,199618,15187,95920,10341,184429,43411,20925,22486
32220,199649,15187,95940,10341,184460,43417,20928,22489
32225,199680,15188,95955,10342,184491,43423,20932,22491
32230,199711,15191,95972,10345,184519,43429,20933,22496
32235,199742,15196,95985,10347,184546,43435,20935,22500
32240,199773,15200,96000,10350,184573,43441,20936,22505
32245,199804,15203,96012,10350,184601,43447,20941,22506
32250,199835,15206,96031,10353,184629,43453,20943,22510
32255,199866,15209,96047,10354,184656,43459,20945,22514
32260,199897,15214,96065,10359,184683,43465,20949,22516
32265,199928,15219,96077,10362,184709,43472,20951,22521
32270,199959,15223,96091,10365,184736,43480,20954,22526
32275,199990,15226,96106,10367,184763,43488,20959,22529
32280,200021,15230,96122,10371,184790,43496,20963,22533
32285,200052,15234,96138,10374,184817,43503,20969,22534
32290,200083,15239,96153,10378,184844,43510,20973,22537
32295,200114,15245,96166,10381,184867,43517,20974,22543
32300,200145,15253,96180,10387,184890,43524,20977,22547
32305,200176,15260,96197,10392,184916,43531,20982,22549
32310,200207,15263,96213,10393,184944,43538,20987,22551
32315,200238,15264,96232,10394,184974,43545,20990,22555
32320,200269,15265,96242,10394,185004,43552,20991,22561
32325,200300,15266,96258,10394,185034,43559,20994,22565
32330,200331,15267,96272,10394,185064,43566,20996,22570
32335,200362,15269,96284,10395,185093,43573,20999,22574
32340,200393,15271,96299,10396,185121,43580,21001,22579
32345,200424,15272,96313,10397,185152,43587,21005,22582
32350,200455,15273,96325,10398,185181,43594,21008,22586
32355,200486,15275,96338,10399,185211,43601,21010,22591
32360,200517,15276,96353,10399,185241,43608,21015,22593
32365,200548,15277,96364,10400,185271,43615,21016,22599
32370,200579,15279,96376,10402,185300,43622,21017,22605
32375,200610,15281,96395,10403,185329,43629,21021,22608
32380,200641,15283,96411,10404,185358,43636,21025,22611
32385,200672,15284,96425,10404,185387,43643,21028,22615
32390,200703,15285,96440,10404,185416,43651,21032,22619
32395,200734,15287,96452,10405,185446,43659,21034,22625
32400,200765,15288,96467,10406,185476,43667,21037,22630
32405,200796,15289,96484,10407,185506,43672,21040,22632
32410,200827,15290,96500,10407,185536,43677,21044,22633
32415,200858,15292,96515,10408,185565,43682,21046,22636
32420,200889,15295,96527,10410,185594,43687,21049,22638
32425,200920,15299,96550,10412,185619,43692,21052,22640
32430,200951,15303,96567,10415,185647,43697,21055,22642
32435,200982,15305,96578,10415,185677,43702,21056,22646
32440,201013,15307,96594,10416,185704,43707,21059,22648
32445,201044,15311,96613,10419,185732,43712,21063,22649
32450,201075,15316,96630,10423,185758,43717,21066,22651
32455,201106,15320,96649,10426,185784,43722,21069,22653
32460,201137,15324,96665,10429,185812,43727,21072,22655
32465,201168,15329,96687,10433,185839,43732,21075,22657
32470,201199,15331,96704,10435,185868,43737,21078,22659
32475,201230,15333,96723,10437,185897,43742,21081,22661
32480,201261,15334,96741,10437,185927,43747,21084,22663
32485,201292,15335,96758,10438,185957,43752,21086,22666
32490,201323,15336,96773,10439,185987,43757,21088,22669
32495,201354,15337,96789,10440,186017,43762,21091,22671
32500,201385,15338,96799,10441,186047,43767,21093,22674
32505,201416,15340,96812,10443,186076,43775,21096,22679
32510,201447,15341,96831,10444,186106,43783,21100,22683
32515,201478,15343,96844,10446,186135,43791,21104,22687
32520,201509,15344,96864,10447,186164,43799,21110,22689
32525,201540,15346,96883,10449,186193,43807,21114,22693
32530,201571,15349,96902,10452,186222,43815,21118,22697
32535,201602,15354,96920,10456,186247,43823,21119,22704
32540,201633,15356,96933,10457,186277,43831,21123,22708
32545,201664,15360,96950,10460,186303,43839,21126,22713
32550,201695,15361,96965,10460,186334,43847,21130,22717
32555,201726,15362,96977,10460,186364,43855,21135,22720
32560,201757,15363,96992,10461,186394,43863,21138,22725
32565,201788,15364,97008,10462,186424,43871,21143,22728
32570,201819,15366,97024,10463,186450,43879,21148,22731
32575,201850,15368,97041,10464,186479,43887,21152,22735
32580,201881,15372,97055,10467,186508,43895,21155,22740
32585,201912,15375,97067,10469,186536,43901,21157,22744
32590,201943,15379,97084,10472,186563,43907,21161,22746
32595,201974,15381,97098,10474,186592,43913,21164,22749
32600,202005,15385,97113,10477,186618,43919,21167,22752
32605,202036,15389,97130,10480,186645,43925,21172,22753
32610,202067,15394,97145,10483,186671,43931,21174,22757
32615,202098,15397,97158,10485,186699,43937,21177,22760
32620,202129,15401,97170,10487,186728,43943,21182,22761
32625,202160,15405,97187,10489,186754,43949,21184,22765
32630,202191,15410,97204,10492,186780,43955,21186,22769
32635,202222,15414,97215,10494,186808,43961,21188,22773
32640,202253,15415,97232,10495,186838,43967,21191,22776
32645,202284,15415,97248,10495,186869,43973,21195,22778
32650,202315,15415,97258,10495,186900,43979,21199,22780
32655,202346,15417,97272,10496,186928,43985,21203,22782
32660,202377,15418,97286,10497,186959,43991,21207,22784
32665,202408,15420,97304,10499,186987,43997,21210,22787
32670,202439,15422,97316,10500,187017,44003,21214,22789
32675,202470,15424,97327,10501,187046,44009,21215,22794
32680,202501,15426,97348,10503,187075,44015,21221,22794
32685,202532,15427,97359,10504,187105,44023,21225,22798
32690,202563,15428,97375,10505,187133,44031,21229,22802
32695,202594,15430,97397,10507,187162,44039,21234,22805
32700,202625,15431,97413,10507,187192,44047,21238,22809
32705,202656,15433,97431,10508,187223,44055,21243,22812
32710,202687,15435,97450,10509,187252,44063,21248,22815
32715,202718,15436,97462,10509,187282,44071,21251,22820
32720,202749,15437,97473,10509,187312,44079,21256,22823
32725,202780,15438,97489,10509,187342,44087,21262,22825
32730,202811,15440,97506,10511,187371,44095,21267,22828
32735,202842,15442,97520,10512,187400,44103,21270,22833
32740,202873,15444,97536,10513,187429,44111,21274,22837
32745,202904,15448,97552,10517,187456,44119,21278,22841
32750,202935,15450,97567,10518,187485,44127,21280,22847
32755,202966,15453,97585,10519,187513,44135,21285,22850
32760,202997,15455,97604,10521,187542,44143,21291,22852
32765,203028,15457,97619,10522,187571,44150,21295,22855
32770,203059,15459,97634,10523,187600,44157,21299,22858
32775,203090,15461,97644,10523,187629,44164,21300,22864
32780,203121,15463,97655,10525,187658,44171,21302,22869
32785,203152,15465,97668,10525,187687,44178,21304,22874
32790,203183,15467,97684,10526,187716,44185,21309,22876
32795,203214,15469,97700,10527,187745,44192,21315,22877
32800,203245,15471,97716,10529,187774,44199,21319,22880
32805,203276,15473,97732,10530,187802,44206,21321,22885
32810,203307,15477,97743,10533,187828,44213,21322,22891
32815,203338,15481,97758,10537,187856,44220,21326,22894
32820,203369,15485,97773,10540,187884,44227,21331,22896
32825,203400,15488,97783,10541,187911,44233,21332,22901
32830,203431,15492,97796,10543,187938,44239,21336,22903
32835,203462,15496,97812,10546,187966,44245,21339,22906
32840,203493,15497,97829,10547,187996,44251,21343,22908
32845,203524,15498,97839,10547,188026,44257,21344,22913
32850,203555,15499,97853,10548,188056,44263,21347,22916
32855,203586,15503,97871,10551,188083,44269,21348,22921
32860,203617,15506,97882,10553,188111,44275,21349,22926
32865,203648,15511,97902,10557,188136,44282,21354,22928
32870,203679,15516,97921,10561,188162,44289,21359,22930
32875,203710,15518,97937,10562,188192,44296,21363,22933
32880,203741,15522,97952,10564,188218,44303,21366,22937
32885,203772,15525,97964,10565,188245,44310,21368,22942
32890,203803,15527,97978,10566,188275,44317,21371,22946
32895,203834,15530,97993,10568,188303,44324,21373,22951
32900,203865,15533,98011,10571,188331,44331,21376,22955
32905,203896,15535,98023,10572,188361,44338,21380,22958
32910,203927,15537,98037,10573,188389,44345,21386,22959
32915,203958,15539,98049,10573,188419,44352,21391,22961
32920,203989,15541,98063,10574,188447,44359,21394,22965
32925,204020,15543,98076,10574,188477,44366,21397,22969
32930,204051,15545,98086,10575,188506,44374,21400,22974
32935,204082,15547,98105,10576,188535,44382,21405,22977
32940,204113,15550,98126,10578,188562,44390,21411,22979
32945,204144,15553,98143,10581,188591,44395,21415,22980
32950,204175,15557,98161,10583,188618,44400,21418,22982
32955,204206,15559,98180,10583,188646,44405,21422,22983
32960,204237,15562,98198,10586,188675,44410,21424,22986
32965,204268,15564,98213,10587,188704,44415,21426,22989
32970,204299,15567,98228,10589,188732,44420,21430,22990
32975,204330,15571,98242,10592,188759,44425,21431,22994
32980,204361,15576,98256,10595,188784,44430,21433,22997
32985,204392,15583,98271,10600,188808,44435,21436,22999
32990,204423,15587,98290,10603,188836,44440,21439,23001
32995,204454,15588,98305,10604,188865,44445,21441,23004
33000,204485,15591,98321,10607,188894,44450,21444,23006
33005,204516,15591,98335,10607,188925,44454,21444,23010
33010,204547,15591,98347,10607,188956,44458,21445,23013
33015,204578,15591,98363,10607,188987,44462,21448,23014
33020,204609,15591,98374,10607,189018,44466,21450,23016
33025,204640,15591,98389,10607,189049,44470,21451,23019
33030,204671,15591,98397,10607,189080,44474,21453,23021
33035,204702,15591,98412,10607,189111,44478,21456,23022
33040,204733,15591,98427,10607,189141,44482,21460,23022
33045,204764,15591,98441,10607,189171,44489,21462,23027
33050,204795,15592,98456,10607,189197,44496,21465,23031
33055,204826,15594,98476,10609,189228,44503,21469,23034
33060,204857,15595,98494,10609,189259,44510,21472,23038
33065,204888,15596,98509,10610,189290,44517,21474,23043
33070,204919,15597,98522,10611,189322,44524,21477,23047
33075,204950,15599,98537,10612,189351,44531,21480,23051
33080,204981,15600,98551,10613,189381,44538,21482,23056
33085,205012,15601,98567,10614,189411,44545,21487,23058
33090,205043,15603,98585,10615,189439,44552,21492,23060
33095,205074,15604,98601,10616,189470,44559,21497,23062
33100,205105,15610,98615,10620,189494,44566,21499,23067
33105,205136,15614,98628,10623,189521,44573,21504,23069
33110,205167,15620,98642,10627,189544,44581,21508,23073
33115,205198,15628,98654,10634,189569,44589,21511,23078
33120,205229,15633,98667,10637,189594,44597,21514,23083
33125,205260,15640,98687,10643,189618,44605,21518,23087
33130,205291,15647,98702,10648,189642,44613,21522,23091
33135,205322,15652,98715,10651,189668,44621,21526,23095
33140,205353,15656,98732,10654,189697,44629,21530,23099
33145,205384,15658,98746,10656,189726,44637,21532,23105
33150,205415,15659,98762,10657,189756,44645,21535,23110
33155,205446,15660,98772,10658,189786,44653,21538,23115
33160,205477,15662,98785,10659,189815,44661,21541,23120
33165,205508,15664,98803,10661,189844,44669,21545,23124
33170,205539,15665,98825,10661,189874,44677,21550,23127
33175,205570,15666,98839,10662,189904,44685,21555,23130
33180,205601,15667,98855,10662,189933,44693,21559,23134
33185,205632,15668,98871,10663,189964,44699,21563,23136
33190,205663,15669,98888,10664,189993,44705,21567,23138
33195,205694,15669,98906,10664,190024,44711,21570,23141
33200,205725,15669,98923,10664,190053,44717,21573,23144
33205,205756,15669,98938,10664,190087,44723,21576,23147
33210,205787,15669,98949,10664,190116,44729,21578,23151
33215,205818,15669,98966,10664,190148,44735,21581,23154
33220,205849,15669,98981,10664,190179,44741,21583,23158
33225,205880,15669,98996,10664,190209,44747,21587,23160
33230,205911,15669,99018,10664,190241,44753,21591,23162
33235,205942,15669,99030,10664,190273,44759,21594,23165
33240,205973,15671,99044,10665,190302,44765,21597,23168
33245,206004,15672,99057,10666,190331,44771,21600,23171
33250,206035,15675,99073,10668,190359,44777,21604,23173
33255,206066,15678,99088,10670,190388,44783,21607,23176
33260,206097,15681,99102,10671,190415,44789,21610,23179
33265,206128,15683,99116,10673,190445,44795,21612,23183
33270,206159,15686,99136,10676,190473,44801,21616,23185
33275,206190,15689,99147,10677,190501,44807,21617,23190
33280,206221,15691,99162,10678,190530,44813,21621,23192
33285,206252,15693,99178,10680,190558,44821,21625,23196
33290,206283,15696,99190,10683,190587,44829,21628,23201
33295,206314,15699,99204,10685,190614,44837,21633,23204
33300,206345,15705,99216,10688,190639,44845,21638,23207
33305,206376,15713,99233,10694,190662,44853,21642,23211
33310,206407,15718,99248,10698,190689,44861,21648,23213
33315,206438,15721,99263,10700,190716,44869,21653,23216
33320,206469,15726,99279,10704,190742,44877,21657,23220
33325,206500,15732,99293,10708,190767,44885,21659,23226
33330,206531,15736,99308,10712,190795,44893,21663,23230
33335,206562,15738,99324,10713,190824,44901,21668,23233
33340,206593,15739,99340,10714,190854,44909,21671,23238
33345,206624,15741,99355,10715,190882,44917,21675,23242
33350,206655,15743,99372,10716,190912,44925,21680,23245
33355,206686,15745,99385,10718,190941,44933,21684,23249
33360,206717,15746,99403,10719,190970,44941,21689,23252
33365,206748,15747,99414,10719,191000,44948,21694,23254
33370,206779,15748,99427,10719,191031,44955,21699,23256
33375,206810,15749,99442,10719,191061,44962,21701,23261
33380,206841,15750,99456,10720,191091,44969,21703,23266
33385,206872,15751,99473,10720,191120,44976,21707,23269
33390,206903,15752,99486,10721,191150,44983,21710,23273
33395,206934,15753,99501,10722,191181,44990,21714,23276
33400,206965,15754,99519,10722,191210,44997,21718,23279
33405,206996,15755,99532,10722,191240,45004,21723,23281
33410,207027,15756,99544,10723,191271,45011,21725,23286
33415,207058,15759,99563,10726,191298,45018,21729,23289
33420,207089,15762,99583,10729,191327,45025,21734,23291
33425,207120,15764,99596,10729,191355,45030,21736,23294
33430,207151,15766,99614,10730,191384,45035,21739,23296
33435,207182,15768,99631,10732,191413,45040,21742,23298
33440,207213,15771,99646,10735,191442,45045,21746,23299
33445,207244,15774,99658,10738,191470,45050,21747,23303
33450,207275,15777,99674,10739,191497,45055,21750,23305
33455,207306,15781,99691,10742,191524,45060,21752,23308
33460,207337,15785,99709,10745,191551,45065,21754,23311
33465,207368,15789,99725,10748,191578,45071,21758,23313
33470,207399,15794,99737,10751,191605,45077,21762,23315
33475,207430,15798,99748,10753,191630,45083,21764,23319
33480,207461,15805,99768,10759,191655,45089,21769,23320
33485,207492,15813,99786,10766,191679,45094,21771,23323
33490,207523,15817,99802,10769,191706,45099,21774,23325
33495,207554,15823,99818,10774,191731,45104,21776,23328
33500,207585,15825,99830,10775,191760,45109,21778,23331
33505,207616,15825,99841,10775,191791,45114,21781,23333
33510,207647,15825,99855,10775,191822,45119,21784,23335
33515,207678,15825,99868,10775,191852,45124,21787,23337
33520,207709,15825,99885,10775,191884,45129,21791,23338
33525,207740,15825,99902,10775,191914,45135,21793,23342
33530,207771,15825,99913,10775,191946,45142,21796,23346
33535,207802,15825,99928,10775,191977,45149,21801,23348
33540,207833,15825,99944,10775,192008,45156,21804,23352
33545,207864,15825,99960,10775,192038,45162,21807,23355
33550,207895,15825,99975,10775,192069,45168,21809,23359
33555,207926,15825,99993,10775,192101,45174,21813,23361
33560,207957,15825,100013,10775,192131,45180,21816,23364
33565,207988,15825,100028,10775,192162,45186,21820,23366
33570,208019,15825,100037,10775,192193,45192,21821,23371
33575,208050,15827,100053,10776,192222,45198,21822,23376
33580,208081,15828,100071,10777,192252,45204,21826,23378
33585,208112,15830,100089,10779,192281,45211,21831,23380
33590,208143,15831,100102,10780,192311,45218,21833,23385
33595,208174,15833,100116,10782,192341,45225,21837,23388
33600,208205,15834,100130,10783,192369,45232,21840,23392
33605,208236,15838,100145,10786,192395,45239,21844,23395
33610,208267,15843,100157,10789,192423,45246,21846,23400
33615,208298,15849,100173,10794,192448,45253,21850,23403
33620,208329,15856,100188,10801,192472,45260,21851,23409
33625,208360,15860,100202,10803,192499,45267,21853,23414
33630,208391,15866,100215,10806,192525,45274,21855,23419
33635,208422,15870,100231,10808,192551,45281,21857,23424
33640,208453,15875,100246,10812,192577,45288,21861,23427
33645,208484,15881,100262,10815,192603,45296,21867,23429
33650,208515,15887,100277,10818,192627,45304,21870,23434
33655,208546,15894,100290,10823,192652,45312,21872,23440
33660,208577,15897,100304,10825,192680,45320,21876,23444
33665,208608,15900,100321,10827,192708,45328,21879,23449
33670,208639,15902,100338,10828,192737,45336,21883,23453
33675,208670,15903,100353,10828,192767,45344,21888,23456
33680,208701,15905,100367,10829,192796,45352,21891,23461
33685,208732,15907,100382,10831,192825,45360,21896,23464
33690,208763,15907,100403,10831,192856,45368,21901,23467
33695,208794,15907,100419,10831,192887,45376,21904,23472
33700,208825,15907,100436,10831,192918,45384,21910,23474
33705,208856,15907,100453,10831,192948,45392,21913,23479
33710,208887,15907,100469,10831,192980,45400,21916,23484
33715,208918,15907,100483,10831,193011,45408,21920,23488
33720,208949,15907,100500,10831,193042,45416,21924,23492
33725,208980,15907,100512,10831,193073,45423,21927,23496
33730,209011,15907,100526,10831,193102,45430,21929,23501
33735,209042,15907,100544,10831,193135,45437,21935,23502
33740,209073,15907,100560,10831,193166,45444,21940,23504
33745,209104,15907,100577,10831,193196,45451,21944,23507
33750,209135,15907,100592,10831,193228,45458,21947,23511
33755,209166,15907,100608,10831,193258,45465,21952,23513
33760,209197,15907,100620,10831,193289,45472,21953,23519
33765,209228,15908,100634,10831,193320,45479,21957,23522
33770,209259,15911,100648,10832,193348,45486,21961,23525
33775,209290,15914,100667,10834,193375,45493,21967,23526
33780,209321,15918,100681,10837,193400,45500,21970,23530
33785,209352,15923,100698,10841,193428,45505,21972,23533
33790,209383,15929,100714,10846,193453,45510,21974,23536
33795,209414,15936,100728,10851,193477,45515,21976,23539
33800,209445,15942,100741,10856,193503,45520,21978,23542
33805,209476,15947,100762,10858,193528,45525,21981,23544
33810,209507,15954,100777,10862,193553,45530,21983,23547
33815,209538,15956,100793,10864,193581,45535,21984,23551
33820,209569,15958,100808,10865,193611,45540,21987,23553
33825,209600,15962,100827,10869,193638,45545,21991,23554
33830,209631,15965,100840,10871,193665,45551,21993,23558
33835,209662,15969,100850,10874,193693,45557,21994,23563
33840,209693,15974,100862,10879,193719,45563,21996,23567
33845,209724,15978,100880,10883,193745,45569,22000,23569
33850,209755,15980,100892,10884,193775,45575,22003,23572
33855,209786,15981,100906,10885,193804,45581,22005,23576
33860,209817,15982,100921,10885,193834,45587,22009,23578
33865,209848,15984,100942,10887,193864,45593,22014,23579
33870,209879,15985,100960,10888,193894,45599,22017,23582
33875,209910,15985,100971,10888,193925,45605,22019,23586
33880,209941,15985,100983,10888,193956,45611,22022,23589
33885,209972,15985,101001,10888,193986,45619,22028,23591
33890,210003,15985,101017,10888,194018,45627,22033,23594
33895,210034,15985,101030,10888,194049,45635,22034,23601
33900,210065,15985,101045,10888,194080,45643,22036,23607
33905,210096,15985,101066,10888,194111,45651,22040,23611
33910,210127,15985,101086,10888,194142,45659,22043,23616
33915,210158,15986,101102,10889,194171,45667,22047,23620
33920,210189,15990,101124,10892,194198,45675,22052,23623
33925,210220,15992,101140,10894,194228,45683,22057,23626
33930,210251,15993,101158,10895,194257,45691,22059,23632
33935,210282,15995,101171,10897,194286,45699,22062,23637
33940,210313,15997,101188,10898,194315,45707,22066,23641
33945,210344,15999,101204,10899,194345,45715,22073,23642
33950,210375,16000,101219,10899,194374,45723,22074,23649
33955,210406,16003,101232,10902,194402,45731,22078,23653
33960,210437,16007,101248,10904,194429,45739,22082,23657
33965,210468,16010,101262,10905,194457,45745,22085,23660
33970,210499,16014,101273,10908,194484,45751,22087,23664
33975,210530,16017,101290,10910,194513,45757,22089,23668
33980,210561,16019,101303,10911,194542,45763,22092,23671
33985,210592,16022,101318,10913,194570,45769,22095,23674
33990,210623,16024,101332,10915,194599,45775,22099,23676
33995,210654,16027,101346,10917,194627,45781,22101,23680
34000,210685,16030,101363,10919,194655,45787,22104,23683
34005,210716,16033,101375,10920,194682,45793,22107,23686
34010,210747,16036,101392,10922,194710,45799,22109,23690
34015,210778,16039,101407,10923,194739,45805,22112,23693
34020,210809,16042,101426,10924,194766,45811,22116,23695
34025,210840,16044,101445,10924,194796,45815,22120,23695
34030,210871,16046,101456,10924,194824,45819,22120,23699
34035,210902,16048,101471,10924,194854,45823,22122,23701
34040,210933,16051,101486,10926,194881,45827,22123,23704
34045,210964,16054,101505,10927,194909,45831,22127,23704
34050,210995,16057,101519,10929,194938,45835,22129,23706
34055,211026,16058,101535,10930,194968,45839,22132,23707
34060,211057,16059,101544,10931,194998,45843,22133,23710
34065,211088,16060,101556,10932,195028,45849,22135,23714
34070,211119,16061,101572,10933,195056,45855,22140,23715
34075,211150,16062,101588,10934,195087,45861,22141,23720
34080,211181,16068,101608,10940,195112,45867,22145,23722
34085,211212,16071,101625,10943,195140,45872,22147,23725
34090,211243,16074,101640,10944,195168,45877,22149,23728
34095,211274,16078,101655,10947,195195,45882,22153,23729
34100,211305,16081,101668,10950,195223,45887,22154,23733
34105,211336,16087,101684,10956,195249,45892,22157,23735
34110,211367,16090,101694,10957,195275,45897,22161,23736
34115,211398,16094,101710,10960,195303,45902,22163,23739
34120,211429,16098,101724,10964,195331,45907,22166,23741
34125,211460,16099,101735,10964,195359,45913,22168,23745
34130,211491,16101,101752,10966,195389,45920,22172,23748
34135,211522,16102,101763,10967,195419,45927,22175,23752
34140,211553,16103,101781,10967,195448,45934,22179,23755
34145,211584,16105,101797,10969,195479,45941,22184,23757
34150,211615,16106,101813,10970,195509,45948,22188,23760
34155,211646,16107,101824,10970,195539,45955,22189,23766
34160,211677,16109,101839,10972,195568,45962,22192,23770
34165,211708,16111,101852,10973,195597,45969,22196,23773
34170,211739,16115,101863,10977,195624,45976,22198,23778
34175,211770,16118,101880,10979,195652,45983,22202,23781
34180,211801,16119,101892,10979,195682,45990,22206,23784
34185,211832,16120,101905,10980,195712,45998,22209,23789
34190,211863,16121,101916,10980,195742,46006,22213,23793
34195,211894,16123,101931,10981,195771,46014,22216,23798
34200,211925,16124,101942,10981,195801,46022,22218,23804
34205,211956,16126,101956,10983,195830,46030,22221,23809
34210,211987,16127,101967,10983,195860,46038,22224,23814
34215,212018,16129,101983,10984,195889,46046,22228,23818
34220,212049,16131,101998,10985,195918,46054,22231,23823
34225,212080,16133,102009,10987,195947,46062,22233,23829
34230,212111,16135,102024,10989,195975,46070,22236,23834
34235,212142,16139,102038,10991,196000,46078,22240,23838
34240,212173,16146,102054,10996,196025,46086,22245,23841
34245,212204,16150,102064,10998,196052,46094,22249,23845
34250,212235,16154,102077,11001,196078,46102,22252,23850
34255,212266,16157,102092,11003,196107,46110,22257,23853
34260,212297,16159,102106,11004,196137,46118,22260,23858
34265,212328,16162,102120,11007,196165,46126,22263,23863
34270,212359,16165,102138,11009,196194,46134,22268,23866
34275,212390,16165,102154,11009,196224,46142,22273,23869
34280,212421,16166,102173,11010,196254,46150,22277,23873
34285,212452,16167,102186,11011,196285,46158,22283,23875
34290,212483,16169,102201,11012,196313,46166,22286,23880
34295,212514,16171,102221,11013,196342,46174,22289,23885
34300,212545,16173,102238,11015,196372,46182,22293,23889
34305,212576,16175,102254,11017,196400,46190,22298,23892
34310,212607,16176,102269,11017,196430,46198,22301,23897
34315,212638,16177,102282,11017,196460,46206,22305,23901
34320,212669,16178,102295,11017,196491,46214,22311,23903
34325,212700,16180,102311,11019,196520,46221,22313,23908
34330,212731,16181,102325,11019,196549,46228,22315,23913
34335,212762,16183,102345,11021,196579,46235,22321,23914
34340,212793,16185,102359,11022,196608,46242,22324,23918
34345,212824,16187,102376,11024,196637,46249,22328,23921
34350,212855,16189,102388,11025,196666,46256,22332,23924
34355,212886,16190,102398,11025,196696,46263,22336,23927
34360,212917,16193,102414,11026,196724,46270,22341,23929
34365,212948,16196,102428,11027,196752,46277,22344,23933
34370,212979,16199,102442,11030,196779,46284,22347,23937
34375,213010,16202,102463,11032,196806,46291,22352,23939
34380,213041,16205,102479,11033,196835,46298,22355,23943
34385,213072,16208,102495,11036,196864,46303,22357,23946
34390,213103,16211,102515,11039,196891,46308,22360,23948
34395,213134,16214,102529,11040,196919,46313,22362,23951
34400,213165,16217,102544,11043,196948,46318,22365,23953
34405,213196,16220,102559,11044,196976,46323,22367,23956
34410,213227,16222,102569,11044,197004,46328,22369,23959
34415,213258,16226,102588,11047,197031,46333,22372,23961
34420,213289,16229,102604,11050,197060,46338,22374,23964
34425,213320,16231,102619,11050,197088,46344,22378,23966
34430,213351,16235,102632,11052,197115,46350,22381,23969
34435,213382,16239,102648,11055,197140,46356,22383,23973
34440,213413,16245,102665,11060,197165,46362,22389,23973
34445,213444,16251,102680,11066,197192,46368,22392,23976
34450,213475,16253,102698,11068,197221,46374,22395,23979
34455,213506,16253,102712,11068,197253,46380,22399,23981
34460,213537,16253,102730,11068,197284,46386,22402,23984
34465,213568,16253,102749,11068,197314,46392,22405,23987
34470,213599,16253,102766,11068,197346,46398,22406,23992
34475,213630,16253,102782,11068,197377,46404,22408,23996
34480,213661,16253,102798,11068,197408,46410,22413,23997
34485,213692,16254,102811,11068,197438,46417,22416,24001
34490,213723,16256,102834,11070,197466,46425,22422,24003
34495,213754,16257,102847,11070,197497,46433,22428,24005
34500,213785,16259,102862,11071,197525,46441,22434,24007
34505,213816,16261,102877,11073,197555,46448,22437,24011
34510,213847,16262,102889,11074,197584,46455,22440,24015
34515,213878,16263,102902,11075,197615,46462,22442,24020
34520,213909,16264,102913,11076,197645,46469,22445,24024
34525,213940,16266,102933,11077,197673,46476,22452,24024
34530,213971,16267,102950,11077,197704,46483,22458,24025
34535,214002,16268,102962,11077,197734,46490,22460,24030
34540,214033,16269,102977,11078,197763,46497,22465,24032
34545,214064,16271,102990,11080,197793,46504,22467,24037
34550,214095,16272,103006,11080,197823,46511,22471,24040
34555,214126,16274,103022,11082,197851,46518,22473,24045
34560,214157,16281,103040,11087,197874,46525,22478,24047
34565,214188,16286,103054,11090,197900,46530,22481,24049
34570,214219,16291,103072,11093,197928,46535,22485,24050
34575,214250,16294,103083,11093,197954,46540,22486,24054
34580,214281,16298,103097,11096,197981,46545,22487,24058
34585,214312,16301,103113,11098,198011,46550,22488,24062
34590,214343,16304,103133,11100,198038,46555,22492,24063
34595,214374,16308,103152,11103,198065,46560,22496,24064
34600,214405,16312,103170,11107,198092,46565,22499,24066
34605,214436,16316,103188,11110,198120,46571,22504,24067
34610,214467,16319,103202,11112,198148,46577,22506,24071
34615,214498,16322,103215,11113,198175,46583,22508,24075
34620,214529,16327,103231,11116,198201,46589,22511,24078
34625,214560,16331,103250,11118,198228,46595,22514,24081
34630,214591,16336,103268,11122,198255,46601,22517,24084
34635,214622,16338,103277,11123,198284,46607,22520,24087
34640,214653,16340,103288,11123,198313,46613,22523,24090
34645,214684,16342,103304,11123,198342,46619,22527,24092
34650,214715,16344,103322,11125,198370,46625,22530,24095
34655,214746,16346,103342,11125,198399,46631,22533,24098
34660,214777,16348,103359,11125,198428,46637,22537,24100
34665,214808,16351,103377,11126,198457,46645,22542,24103
34670,214839,16353,103393,11127,198485,46653,22545,24108
34675,214870,16355,103405,11128,198515,46661,22548,24113
34680,214901,16358,103422,11130,198543,46669,22553,24116
34685,214932,16362,103441,11133,198569,46676,22556,24120
34690,214963,16365,103455,11136,198598,46683,22559,24124
34695,214994,16368,103465,11138,198625,46690,22562,24128
34700,215025,16370,103480,11139,198654,46697,22565,24132
34705,215056,16372,103498,11141,198683,46704,22568,24136
34710,215087,16373,103509,11142,198713,46711,22571,24140
34715,215118,16374,103530,11143,198742,46718,22575,24143
34720,215149,16376,103545,11145,198772,46725,22577,24148
34725,215180,16378,103561,11147,198801,46732,22579,24153
34730,215211,16380,103578,11148,198831,46739,22582,24157
34735,215242,16380,103591,11148,198862,46746,22585,24161
34740,215273,16382,103604,11149,198890,46753,22586,24167
34745,215304,16385,103617,11152,198918,46760,22589,24171
34750,215335,16387,103632,11153,198946,46767,22593,24174
34755,215366,16391,103647,11157,198975,46774,22595,24179
34760,215397,16393,103664,11159,199001,46781,22598,24183
34765,215428,16397,103679,11162,199029,46788,22600,24188
34770,215459,16400,103689,11164,199058,46795,22601,24194
34775,215490,16400,103704,11164,199090,46802,22605,24197
34780,215521,16400,103720,11164,199121,46809,22606,24203
34785,215552,16400,103731,11164,199152,46817,22609,24208
34790,215583,16400,103750,11164,199182,46825,22615,24210
34795,215614,16400,103767,11164,199212,46833,22620,24213
34800,215645,16400,103779,11164,199244,46841,22622,24219
34805,215676,16401,103793,11164,199275,46848,22626,24222
34810,215707,16403,103809,11165,199303,46855,22629,24226
34815,215738,16405,103827,11167,199332,46862,22635,24227
34820,215769,16406,103844,11168,199362,46869,22639,24230
34825,215800,16407,103856,11169,199392,46876,22642,24234
34830,215831,16408,103867,11169,199423,46883,22644,24239
34835,215862,16409,103882,11169,199453,46890,22646,24244
34840,215893,16412,103897,11170,199481,46897,22652,24245
34845,215924,16416,103913,11174,199508,46904,22656,24248
34850,215955,16419,103929,11176,199536,46911,22659,24252
34855,215986,16422,103945,11179,199564,46918,22664,24254
34860,216017,16425,103960,11181,199592,46925,22668,24257
34865,216048,16428,103978,11184,199620,46932,22673,24259
34870,216079,16430,103993,11184,199649,46939,22676,24263
34875,216110,16436,104014,11189,199674,46946,22680,24266
34880,216141,16441,104026,11191,199699,46953,22682,24271
34885,216172,16449,104043,11199,199723,46960,22685,24275
34890,216203,16453,104060,11201,199750,46967,22689,24278
34895,216234,16457,104074,11205,199777,46974,22692,24282
34900,216265,16463,104094,11210,199802,46981,22696,24285
34905,216296,16467,104107,11213,199828,46988,22701,24287
34910,216327,16473,104125,11217,199854,46996,22707,24289
34915,216358,16480,104143,11223,199878,47004,22712,24292
34920,216389,16482,104155,11224,199906,47012,22713,24299
34925,216420,16484,104176,11226,199935,47019,22718,24301
34930,216451,16486,104188,11227,199964,47026,22721,24305
34935,216482,16489,104205,11230,199993,47033,22725,24308
34940,216513,16489,104221,11230,200022,47040,22727,24313
34945,216544,16489,104240,11230,200054,47047,22732,24315
34950,216575,16489,104253,11230,200085,47054,22733,24321
34955,216606,16489,104264,11230,200116,47061,22736,24325
34960,216637,16489,104281,11230,200147,47068,22739,24329
34965,216668,16489,104291,11230,200178,47075,22741,24334
34970,216699,16489,104309,11230,200209,47082,22744,24338
34975,216730,16489,104325,11230,200240,47089,22748,24341
34980,216761,16489,104342,11230,200269,47096,22751,24345
34985,216792,16489,104357,11230,200303,47102,22756,24346
34990,216823,16489,104369,11230,200333,47108,22758,24350
34995,216854,16489,104385,11230,200364,47114,22760,24354
35000,216885,16489,104398,11230,200396,47120,22762,24358
35005,216916,16489,104413,11230,200427,47126,22765,24361
35010,216947,16489,104429,11230,200458,47132,22767,24365
35015,216978,16489,104439,11230,200489,47138,22770,24368
35020,217009,16492,104456,11232,200517,47144,22775,24369
35025,217040,16493,104470,11232,200547,47151,22779,24372
35030,217071,16496,104484,11234,200575,47158,22784,24374
35035,217102,16499,104495,11236,200603,47165,22787,24378
35040,217133,16503,104508,11240,200629,47172,22788,24384
35045,217164,16511,104527,11247,200652,47177,22791,24386
35050,217195,16519,104542,11255,200676,47182,22792,24390
35055,217226,16526,104559,11260,200699,47187,22794,24393
35060,217257,16533,104575,11265,200723,47192,22797,24395
35065,217288,16538,104592,11269,200750,47197,22800,24397
35070,217319,16541,104604,11270,200777,47202,22803,24399
35075,217350,16544,104621,11272,200806,47207,22808,24399
35080,217381,16546,104636,11274,200835,47212,22811,24401
35085,217412,16549,104648,11275,200863,47218,22813,24405
35090,217443,16551,104665,11275,200891,47224,22819,24405
35095,217474,16554,104676,11277,200920,47230,22822,24408
35100,217505,16558,104691,11279,200946,47236,22825,24411
35105,217536,16560,104704,11279,200975,47240,22827,24413
35110,217567,16563,104718,11281,201002,47244,22828,24416
35115,217598,16564,104731,11281,201031,47248,22832,24416
35120,217629,16565,104748,11282,201063,47252,22835,24417
35125,217660,16566,104767,11282,201092,47256,22838,24418
35130,217691,16567,104785,11282,201123,47260,22840,24420
35135,217722,16568,104800,11282,201153,47264,22842,24422
35140,217753,16569,104815,11283,201182,47268,22843,24425
35145,217784,16570,104825,11284,201214,47274,22844,24430
35150,217815,16571,104832,11285,201243,47280,22845,24435
35155,217846,16572,104848,11285,201273,47286,22849,24437
35160,217877,16573,104868,11286,201302,47292,22851,24441
35165,217908,16574,104883,11287,201334,47298,22855,24443
35170,217939,16576,104895,11287,201362,47304,22857,24447
35175,217970,16579,104914,11288,201390,47310,22861,24449
35180,218001,16582,104935,11290,201418,47316,22866,24450
35185,218032,16585,104947,11292,201447,47322,22869,24453
35190,218063,16587,104963,11293,201475,47328,22871,24457
35195,218094,16590,104978,11295,201504,47334,22874,24460
35200,218125,16593,104996,11298,201531,47340,22877,24463
35205,218156,16598,105014,11302,201557,47347,22881,24466
35210,218187,16602,105033,11306,201583,47355,22884,24471
35215,218218,16608,105050,11312,201609,47363,22890,24473
35220,218249,16613,105063,11316,201636,47371,22895,24476
35225,218280,16615,105076,11317,201665,47379,22898,24481
35230,218311,16616,105090,11317,201695,47387,22903,24484
35235,218342,16618,105109,11319,201724,47395,22910,24485
35240,218373,16621,105128,11321,201752,47403,22914,24489
35245,218404,16624,105139,11323,201780,47411,22917,24494
35250,218435,16627,105153,11326,201808,47419,22921,24498
35255,218466,16629,105167,11327,201837,47427,22926,24501
35260,218497,16631,105182,11329,201865,47435,22930,24505
35265,218528,16632,105199,11330,201893,47443,22933,24510
35270,218559,16635,105217,11333,201920,47451,22938,24513
35275,218590,16635,105230,11333,201952,47459,22941,24518
35280,218621,16635,105246,11333,201986,47467,22945,24522
35285,218652,16635,105259,11333,202017,47474,22948,24526
35290,218683,16635,105271,11333,202048,47481,22950,24531
35295,218714,16635,105282,11333,202079,47488,22952,24536
35300,218745,16635,105293,11333,202109,47495,22957,24538
35305,218776,16635,105307,11333,202141,47502,22961,24541
35310,218807,16635,105322,11333,202171,47509,22964,24545
35315,218838,16635,105338,11333,202202,47516,22965,24551
35320,218869,16636,105349,11333,202232,47523,22968,24555
35325,218900,16637,105365,11333,202261,47530,22972,24558
35330,218931,16641,105383,11337,202289,47537,22976,24561
35335,218962,16644,105401,11340,202317,47544,22980,24564
35340,218993,16647,105417,11341,202344,47551,22985,24566
35345,219024,16651,105433,11343,202373,47557,22990,24567
35350,219055,16653,105449,11344,202402,47563,22993,24570
35355,219086,16655,105462,11344,202431,47569,22997,24572
35360,219117,16657,105480,11346,202459,47575,22999,24576
35365,219148,16661,105494,11350,202487,47581,23001,24580
35370,219179,16663,105510,11351,202515,47587,23004,24583
35375,219210,16667,105524,11355,202542,47593,23007,24586
35380,219241,16672,105536,11358,202569,47599,23009,24590
35385,219272,16678,105552,11363,202594,47606,23013,24593
35390,219303,16684,105569,11369,202616,47613,23016,24597
35395,219334,16691,105582,11376,202642,47620,23016,24604
35400,219365,16694,105599,11378,202670,47627,23017,24610
35405,219396,16698,105620,11381,202696,47634,23021,24613
35410,219427,16701,105632,11384,202726,47641,23025,24616
35415,219458,16705,105644,11387,202752,47648,23027,24621
35420,219489,16708,105659,11389,202781,47655,23029,24626
35425,219520,16711,105678,11391,202808,47662,23034,24628
35430,219551,16712,105696,11391,202839,47669,23037,24632
35435,219582,16713,105708,11391,202869,47676,23039,24637
35440,219613,16716,105724,11393,202897,47683,23042,24641
35445,219644,16718,105741,11394,202926,47690,23047,24643
35450,219675,16720,105750,11395,202955,47698,23049,24649
35455,219706,16722,105765,11396,202984,47706,23053,24653
35460,219737,16722,105775,11396,203015,47714,23057,24657
35465,219768,16722,105787,11396,203046,47722,23062,24660
35470,219799,16722,105807,11396,203077,47730,23067,24663
35475,219830,16722,105827,11396,203108,47738,23072,24666
35480,219861,16722,105842,11396,203139,47746,23075,24671
35485,219892,16722,105855,11396,203170,47754,23078,24676
35490,219923,16722,105868,11396,203201,47762,23083,24679
35495,219954,16722,105886,11396,203232,47770,23089,24681
35500,219985,16722,105901,11396,203263,47778,23091,24687
35505,220016,16723,105912,11396,203292,47786,23094,24692
35510,220047,16725,105923,11397,203321,47794,23097,24697
35515,220078,16729,105939,11401,203349,47802,23102,24700
35520,220109,16730,105954,11401,203378,47810,23107,24703
35525,220140,16734,105971,11405,203406,47817,23110,24707
35530,220171,16736,105984,11405,203435,47824,23114,24710
35535,220202,16739,106000,11408,203461,47831,23117,24714
35540,220233,16743,106016,11411,203488,47838,23121,24717
35545,220264,16748,106032,11415,203515,47845,23126,24719
35550,220295,16751,106049,11416,203543,47852,23131,24721
35555,220326,16754,106062,11417,203572,47859,23133,24726
35560,220357,16756,106081,11418,203599,47866,23138,24728
35565,220388,16760,106096,11421,203626,47873,23140,24733
35570,220419,16762,106113,11422,203655,47880,23143,24737
35575,220450,16766,106129,11424,203682,47887,23146,24741
35580,220481,16770,106145,11427,203710,47894,23148,24746
35585,220512,16773,106163,11429,203737,47900,23152,24748
35590,220543,16775,106178,11429,203767,47906,23154,24752
35595,220574,16778,106191,11431,203796,47912,23155,24757
35600,220605,16780,106205,11432,203824,47918,23156,24762
35605,220636,16783,106221,11434,203852,47924,23158,24766
35610,220667,16785,106233,11436,203882,47930,23160,24770
35615,220698,16788,106246,11437,203910,47936,23162,24774
35620,220729,16790,106259,11438,203939,47942,23164,24778
35625,220760,16793,106276,11441,203966,47949,23168,24781
35630,220791,16795,106293,11441,203995,47956,23173,24783
35635,220822,16797,106304,11442,204024,47963,23175,24788
35640,220853,16800,106317,11443,204053,47970,23178,24792
35645,220884,16802,106334,11444,204082,47974,23180,24794
35650,220915,16804,106351,11446,204111,47978,23181,24797
35655,220946,16806,106363,11447,204140,47982,23183,24799
35660,220977,16809,106377,11448,204167,47986,23184,24802
35665,221008,16815,106393,11453,204193,47990,23185,24805
35670,221039,16818,106410,11455,204221,47994,23188,24806
35675,221070,16821,106422,11456,204248,47998,23189,24809
35680,221101,16827,106441,11461,204273,48002,23192,24810
35685,221132,16831,106461,11464,204299,48007,23196,24811
35690,221163,16837,106476,11468,204326,48012,23200,24812
35695,221194,16839,106490,11470,204355,48017,23202,24815
35700,221225,16840,106510,11471,204385,48022,23204,24818
35705,221256,16842,106526,11472,204414,48027,23206,24821
35710,221287,16843,106544,11473,204444,48032,23207,24825
35715,221318,16845,106561,11475,204473,48037,23209,24828
35720,221349,16846,106578,11475,204502,48042,23211,24831
35725,221380,16847,106592,11476,204532,48047,23213,24834
35730,221411,16847,106603,11476,204564,48052,23215,24837
35735,221442,16847,106621,11476,204595,48057,23217,24840
35740,221473,16847,106637,11476,204625,48062,23220,24842
35745,221504,16847,106651,11476,204656,48070,23223,24847
35750,221535,16847,106669,11476,204686,48078,23227,24851
35755,221566,16847,106682,11476,204718,48086,23230,24856
35760,221597,16847,106697,11476,204748,48094,23233,24861
35765,221628,16847,106711,11476,204780,48101,23237,24864
35770,221659,16849,106728,11478,204809,48108,23242,24866
35775,221690,16852,106744,11481,204838,48115,23244,24871
35780,221721,16855,106758,11483,204866,48122,23248,24874
35785,221752,16857,106773,11485,204894,48129,23250,24879
35790,221783,16861,106789,11489,204921,48136,23253,24883
35795,221814,16863,106807,11491,204950,48143,23256,24887
35800,221845,16865,106818,11491,204979,48150,23259,24891
35805,221876,16867,106830,11493,205009,48157,23261,24896
35810,221907,16869,106843,11493,205038,48164,23262,24902
35815,221938,16871,106858,11494,205067,48171,23264,24907
35820,221969,16874,106872,11495,205094,48178,23265,24913
35825,222000,16877,106883,11496,205122,48184,23268,24916
35830,222031,16883,106898,11499,205147,48190,23273,24917
35835,222062,16889,106911,11502,205172,48196,23277,24919
35840,222093,16895,106923,11505,205197,48202,23279,24923
35845,222124,16900,106935,11508,205224,48208,23282,24926
35850,222155,16906,106951,11512,205249,48214,23287,24927
35855,222186,16909,106968,11514,205275,48220,23291,24929
35860,222217,16915,106984,11518,205302,48226,23294,24932
35865,222248,16918,107000,11521,205330,48232,23296,24936
35870,222279,16919,107017,11521,205360,48239,23299,24940
35875,222310,16921,107030,11522,205389,48246,23300,24946
35880,222341,16922,107045,11522,205419,48253,23304,24949
35885,222372,16923,107066,11523,205449,48260,23307,24953
35890,222403,16925,107079,11524,205478,48267,23310,24957
35895,222434,16926,107091,11525,205507,48274,23314,24960
35900,222465,16928,107107,11527,205536,48281,23318,24963
35905,222496,16929,107119,11527,205567,48288,23322,24966
35910,222527,16931,107137,11528,205596,48295,23326,24969
35915,222558,16932,107152,11528,205626,48302,23331,24971
35920,222589,16933,107167,11528,205655,48309,23333,24976
35925,222620,16934,107183,11529,205683,48317,23337,24980
35930,222651,16936,107200,11530,205713,48325,23340,24985
35935,222682,16938,107215,11532,205742,48333,23344,24989
35940,222713,16939,107231,11533,205774,48341,23348,24993
35945,222744,16939,107248,11533,205805,48349,23354,24995
35950,222775,16939,107265,11533,205836,48357,23357,25000
35955,222806,16940,107281,11534,205865,48365,23362,25003
35960,222837,16943,107293,11537,205893,48373,23365,25008
35965,222868,16945,107306,11539,205923,48381,23369,25012
35970,222899,16947,107316,11541,205952,48389,23371,25018
35975,222930,16950,107330,11543,205978,48397,23375,25022
35980,222961,16954,107343,11546,206005,48405,23377,25028
35985,222992,16958,107357,11549,206033,48413,23381,25032
35990,223023,16964,107373,11555,206057,48421,23385,25036
35995,223054,16968,107389,11558,206085,48429,23391,25038
36000,223085,16972,107406,11560,206111,48437,23395,25042
36005,223116,16974,107427,11562,206142,48443,23400,25043
36010,223147,16975,107440,11562,206172,48449,23401,25048
36015,223178,16976,107453,11563,206201,48455,23404,25051
36020,223209,16977,107470,11564,206232,48461,23405,25056
36025,223240,16978,107485,11564,206262,48467,23407,25060
36030,223271,16979,107500,11565,206292,48473,23409,25064
36035,223302,16980,107512,11566,206322,48479,23412,25067
36040,223333,16981,107525,11566,206351,48485,23413,25072
36045,223364,16985,107543,11570,206378,48491,23413,25078
36050,223395,16989,107561,11573,206405,48497,23416,25081
36055,223426,16994,107577,11576,206432,48503,23420,25083
36060,223457,16999,107589,11580,206458,48509,23422,25087
36065,223488,17000,107603,11580,206488,48515,23425,25090
36070,223519,17002,107614,11582,206517,48521,23429,25092
36075,223550,17003,107627,11583,206547,48527,23433,25094
36080,223581,17004,107636,11583,206577,48533,23436,25097
36085,223612,17005,107655,11583,206607,48539,23440,25099
36090,223643,17006,107670,11584,206637,48545,23444,25101
36095,223674,17008,107682,11585,206666,48551,23446,25105
36100,223705,17010,107701,11586,206695,48557,23450,25107
36105,223736,17011,107719,11586,206723,48564,23456,25108
36110,223767,17014,107731,11589,206752,48572,23457,25115
36115,223798,17018,107748,11593,206779,48580,23460,25120
36120,223829,17020,107763,11594,206807,48588,23465,25123
36125,223860,17023,107779,11596,206835,48595,23469,25126
36130,223891,17026,107790,11599,206865,48602,23471,25131
36135,223922,17031,107807,11602,206891,48609,23474,25135
36140,223953,17034,107817,11603,206918,48616,23477,25139
36145,223984,17037,107831,11605,206946,48623,23478,25145
36150,224015,17039,107852,11607,206975,48630,23483,25147
36155,224046,17043,107867,11611,207003,48637,23487,25150
36160,224077,17047,107883,11614,207029,48644,23489,25155
36165,224108,17048,107896,11615,207060,48651,23494,25157
36170,224139,17053,107907,11618,207085,48658,23496,25162
36175,224170,17057,107921,11621,207112,48665,23500,25165
36180,224201,17060,107936,11624,207139,48672,23505,25167
36185,224232,17063,107948,11627,207168,48676,23507,25169
36190,224263,17064,107959,11627,207199,48680,23510,25170
36195,224294,17065,107975,11628,207228,48684,23513,25171
36200,224325,17066,107991,11629,207259,48688,23515,25173
36205,224356,17067,108008,11629,207287,48692,23516,25176
36210,224387,17069,108021,11631,207317,48696,23517,25179
36215,224418,17073,108033,11634,207344,48700,23520,25180
36220,224449,17076,108047,11636,207372,48704,23521,25183
36225,224480,17078,108063,11638,207401,48709,23525,25184
36230,224511,17079,108074,11639,207431,48714,23526,25188
36235,224542,17079,108090,11639,207463,48719,23530,25189
36240,224573,17079,108104,11639,207493,48724,23531,25193
36245,224604,17079,108122,11639,207524,48729,23534,25195
36250,224635,17079,108137,11639,207556,48734,23539,25195
36255,224666,17079,108149,11639,207586,48739,23540,25199
36260,224697,17079,108166,11639,207618,48744,23543,25201
36265,224728,17080,108179,11640,207648,48749,23545,25204
36270,224759,17081,108190,11641,207678,48754,23546,25208
36275,224790,17082,108205,11642,207706,48759,23548,25211
36280,224821,17084,108222,11642,207737,48764,23553,25211
36285,224852,17087,108233,11643,207764,48772,23556,25216
36290,224883,17089,108245,11643,207793,48780,23559,25221
36295,224914,17091,108262,11645,207823,48788,23562,25226
36300,224945,17093,108276,11646,207851,48796,23565,25231
36305,224976,17096,108291,11647,207880,48804,23571,25233
36310,225007,17099,108306,11648,207908,48812,23574,25238
36315,225038,17102,108325,11651,207936,48820,23579,25241
36320,225069,17105,108342,11654,207964,48828,23585,25243
36325,225100,17107,108359,11654,207993,48836,23589,25247
36330,225131,17109,108377,11656,208020,48844,23593,25251
36335,225162,17115,108387,11659,208046,48852,23595,25257
36340,225193,17121,108402,11664,208072,48860,23597,25263
36345,225224,17125,108414,11667,208097,48868,23599,25269
36350,225255,17132,108428,11672,208123,48876,23604,25272
36355,225286,17137,108446,11675,208148,48884,23607,25277
36360,225317,17141,108456,11677,208175,48892,23610,25282
36365,225348,17148,108472,11684,208199,48900,23613,25287
36370,225379,17154,108490,11689,208224,48908,23617,25291
36375,225410,17158,108501,11693,208252,48916,23621,25295
36380,225441,17161,108519,11696,208280,48924,23627,25297
36385,225472,17165,108529,11699,208307,48932,23629,25303
36390,225503,17167,108542,11701,208336,48940,23635,25305
36395,225534,17170,108554,11703,208364,48948,23638,25310
36400,225565,17171,108567,11703,208393,48956,23642,25314
36405,225596,17173,108582,11705,208422,48964,23646,25318
36410,225627,17175,108602,11706,208450,48972,23650,25322
36415,225658,17176,108621,11706,208479,48980,23653,25327
36420,225689,17178,108633,11707,208509,48988,23657,25331
36425,225720,17179,108654,11708,208541,48995,23661,25334
36430,225751,17179,108674,11708,208571,49002,23667,25335
36435,225782,17179,108687,11708,208603,49009,23671,25338
36440,225813,17179,108704,11708,208634,49016,23675,25341
36445,225844,17179,108718,11708,208664,49023,23678,25345
36450,225875,17179,108730,11708,208695,49030,23682,25348
36455,225906,17179,108744,11708,208726,49037,23684,25353
36460,225937,17179,108761,11708,208757,49044,23689,25355
36465,225968,17179,108774,11708,208788,49051,23692,25359
36470,225999,17180,108790,11708,208818,49058,23696,25362
36475,226030,17181,108807,11709,208849,49065,23700,25365
36480,226061,17183,108821,11711,208878,49072,23702,25370
36485,226092,17184,108836,11711,208907,49078,23705,25373
36490,226123,17186,108853,11712,208936,49084,23706,25378
36495,226154,17187,108869,11712,208967,49090,23711,25379
36500,226185,17189,108884,11713,208996,49096,23715,25381
36505,226216,17191,108901,11715,209025,49102,23718,25384
36510,226247,17194,108921,11717,209053,49108,23721,25387
36515,226278,17197,108935,11719,209081,49114,23722,25392
36520,226309,17201,108954,11721,209108,49120,23726,25394
36525,226340,17205,108969,11724,209133,49127,23729,25398
36530,226371,17212,108987,11729,209158,49134,23733,25401
36535,226402,17217,109001,11732,209185,49141,23740,25401
36540,226433,17222,109012,11734,209209,49148,23743,25405
36545,226464,17230,109033,11742,209234,49154,23746,25408
36550,226495,17232,109046,11744,209263,49160,23748,25412
36555,226526,17237,109065,11748,209289,49166,23752,25414
36560,226557,17242,109082,11752,209315,49172,23755,25417
36565,226588,17246,109094,11756,209342,49178,23757,25421
36570,226619,17250,109112,11759,209369,49184,23762,25422
36575,226650,17251,109128,11760,209399,49190,23762,25428
36580,226681,17253,109146,11761,209428,49196,23766,25430
36585,226712,17254,109162,11761,209458,49202,23770,25432
36590,226743,17256,109180,11762,209486,49209,23773,25436
36595,226774,17256,109196,11762,209518,49216,23778,25438
36600,226805,17256,109212,11762,209548,49223,23782,25441
36605,226836,17256,109227,11762,209580,49230,23784,25446
36610,226867,17256,109236,11762,209611,49237,23787,25450
36615,226898,17256,109242,11762,209642,49244,23789,25455
36620,226929,17256,109261,11762,209673,49251,23792,25459
36625,226960,17256,109273,11762,209703,49258,23794,25464
36630,226991,17256,109290,11762,209734,49265,23798,25467
36635,227022,17256,109305,11762,209766,49272,23803,25469
36640,227053,17256,109321,11762,209796,49279,23805,25474
36645,227084,17256,109331,11762,209827,49287,23808,25479
36650,227115,17257,109346,11762,209857,49295,23812,25483
36655,227146,17259,109368,11764,209886,49303,23816,25487
36660,227177,17261,109386,11765,209915,49311,23821,25490
36665,227208,17263,109403,11767,209944,49318,23825,25493
36670,227239,17264,109414,11768,209974,49325,23829,25496
36675,227270,17266,109430,11769,210004,49332,23834,25498
36680,227301,17268,109444,11770,210033,49339,23838,25501
36685,227332,17270,109460,11771,210062,49346,23841,25505
36690,227363,17274,109472,11774,210089,49353,23843,25510
36695,227394,17276,109486,11776,210118,49360,23847,25513
36700,227425,17280,109495,11778,210145,49367,23848,25519
36705,227456,17285,109514,11782,210169,49374,23852,25522
36710,227487,17291,109526,11787,210195,49381,23852,25529
36715,227518,17298,109540,11792,210218,49388,23854,25534
36720,227549,17307,109559,11801,210241,49395,23858,25537
36725,227580,17311,109577,11805,210269,49400,23860,25540
36730,227611,17314,109592,11808,210297,49405,23863,25542
36735,227642,17317,109601,11810,210325,49410,23865,25545
36740,227673,17321,109619,11813,210352,49415,23868,25547
36745,227704,17324,109632,11815,210380,49420,23869,25551
36750,227735,17328,109646,11819,210405,49425,23871,25554
36755,227766,17329,109661,11819,210436,49430,23875,25555
36760,227797,17330,109676,11820,210465,49435,23877,25558
36765,227828,17331,109688,11821,210497,49441,23880,25561
36770,227859,17332,109708,11822,210526,49447,23884,25563
36775,227890,17333,109722,11823,210557,49453,23888,25565
36780,227921,17334,109735,11824,210587,49459,23892,25567
36785,227952,17335,109750,11825,210616,49463,23894,25569
36790,227983,17336,109763,11826,210646,49467,23895,25572
36795,228014,17337,109778,11827,210677,49471,23897,25574
36800,228045,17338,109792,11827,210707,49475,23898,25577
36805,228076,17339,109808,11827,210737,49479,23900,25579
36810,228107,17340,109824,11827,210767,49483,23901,25582
36815,228138,17341,109841,11827,210797,49487,23903,25584
36820,228169,17342,109856,11827,210827,49491,23904,25587
36825,228200,17343,109875,11828,210856,49496,23906,25590
36830,228231,17348,109888,11832,210882,49502,23910,25592
36835,228262,17353,109900,11836,210907,49508,23911,25597
36840,228293,17357,109916,11839,210935,49514,23914,25600
36845,228324,17359,109931,11840,210964,49520,23917,25603
36850,228355,17361,109944,11841,210993,49526,23921,25605
36855,228386,17366,109957,11845,211019,49532,23923,25609
36860,228417,17373,109976,11851,211043,49538,23926,25612
36865,228448,17379,109993,11857,211068,49544,23930,25614
36870,228479,17381,110006,11858,211098,49550,23932,25618
36875,228510,17383,110024,11860,211127,49556,23936,25620
36880,228541,17385,110036,11861,211156,49562,23939,25623
36885,228572,17387,110055,11863,211184,49570,23942,25628
36890,228603,17388,110065,11863,211215,49578,23944,25634
36895,228634,17389,110078,11863,211245,49586,23948,25638
36900,228665,17390,110088,11863,211275,49594,23952,25642
36905,228696,17391,110099,11863,211304,49602,23957,25645
36910,228727,17392,110114,11864,211333,49610,23960,25650
36915,228758,17393,110131,11865,211364,49618,23965,25653
36920,228789,17394,110143,11865,211395,49626,23969,25657
36925,228820,17395,110155,11866,211424,49634,23971,25663
36930,228851,17396,110166,11866,211454,49642,23976,25666
36935,228882,17397,110179,11866,211484,49650,23980,25670
36940,228913,17398,110194,11866,211512,49658,23984,25674
36945,228944,17400,110209,11868,211541,49666,23989,25677
36950,228975,17403,110221,11870,211571,49674,23992,25682
36955,229006,17405,110235,11870,211599,49682,23995,25687
36960,229037,17408,110251,11872,211629,49690,24000,25690
36965,229068,17411,110266,11874,211657,49698,24002,25696
36970,229099,17414,110281,11877,211684,49706,24006,25700
36975,229130,17417,110293,11878,211712,49714,24010,25704
36980,229161,17422,110310,11882,211738,49722,24016,25706
36985,229192,17428,110324,11886,211763,49730,24019,25711
36990,229223,17433,110341,11890,211789,49738,24026,25712
36995,229254,17439,110355,11895,211815,49746,24027,25719
37000,229285,17442,110368,11896,211843,49754,24030,25724
37005,229316,17445,110387,11898,211870,49762,24036,25726
37010,229347,17449,110403,11901,211897,49770,24041,25729
37015,229378,17453,110417,11903,211924,49778,24044,25734
37020,229409,17458,110435,11906,211951,49786,24050,25736
37025,229440,17460,110448,11908,211980,49793,24052,25741
37030,229471,17460,110459,11908,212011,49800,24055,25745
37035,229502,17460,110478,11908,212042,49807,24059,25748
37040,229533,17460,110493,11908,212073,49814,24063,25751
37045,229564,17460,110507,11908,212104,49821,24065,25756
37050,229595,17460,110517,11908,212135,49828,24066,25762
37055,229626,17460,110535,11908,212166,49835,24070,25765
37060,229657,17460,110549,11908,212196,49842,24072,25770
37065,229688,17460,110565,11908,212228,49849,24077,25772
37070,229719,17460,110583,11908,212258,49856,24081,25775
37075,229750,17460,110596,11908,212290,49863,24087,25776
37080,229781,17460,110611,11908,212321,49870,24091,25779
37085,229812,17460,110625,11908,212352,49876,24093,25783
37090,229843,17460,110641,11908,212382,49882,24097,25785
37095,229874,17460,110656,11908,212411,49888,24100,25788
37100,229905,17463,110673,11911,212441,49894,24103,25791
37105,229936,17467,110685,11914,212467,49900,24105,25795
37110,229967,17471,110696,11918,212495,49906,24107,25799
37115,229998,17474,110710,11921,212521,49912,24109,25803
37120,230029,17479,110727,11925,212550,49918,24111,25807
37125,230060,17480,110743,11926,212580,49925,24114,25811
37130,230091,17481,110761,11926,212609,49932,24118,25814
37135,230122,17483,110776,11926,212639,49939,24123,25816
37140,230153,17485,110789,11926,212668,49946,24125,25821
37145,230184,17487,110805,11927,212697,49953,24130,25823
37150,230215,17489,110817,11927,212726,49960,24133,25827
37155,230246,17491,110832,11927,212755,49967,24137,25830
37160,230277,17494,110848,11929,212782,49974,24140,25834
37165,230308,17496,110864,11929,212812,49981,24142,25839
37170,230339,17500,110883,11932,212838,49988,24144,25844
37175,230370,17503,110897,11935,212866,49995,24148,25847
37180,230401,17506,110913,11936,212895,50002,24153,25849
37185,230432,17509,110926,11938,212921,50010,24155,25855
37190,230463,17513,110941,11940,212948,50018,24158,25860
37195,230494,17517,110959,11942,212976,50026,24162,25864
37200,230525,17525,110971,11948,212999,50034,24166,25868
37205,230556,17527,110986,11950,213029,50040,24168,25872
37210,230587,17529,111005,11951,213058,50046,24171,25875
37215,230618,17530,111016,11951,213088,50052,24172,25880
37220,230649,17532,111029,11952,213117,50058,24175,25883
37225,230680,17533,111045,11953,213144,50064,24176,25888
37230,230711,17535,111055,11954,213175,50070,24178,25892
37235,230742,17539,111071,11956,213200,50076,24181,25895
37240,230773,17543,111085,11958,213227,50082,24183,25899
37245,230804,17547,111099,11960,213257,50088,24185,25903
37250,230835,17551,111114,11963,213283,50094,24188,25906
37255,230866,17555,111128,11965,213311,50100,24191,25909
37260,230897,17558,111142,11968,213339,50106,24195,25911
37265,230928,17561,111164,11971,213367,50111,24200,25911
37270,230959,17563,111181,11973,213396,50116,24201,25915
37275,230990,17565,111198,11975,213425,50121,24204,25917
37280,231021,17565,111211,11975,213456,50126,24209,25917
37285,231052,17565,111229,11975,213487,50131,24212,25919
37290,231083,17565,111237,11975,213518,50136,24214,25922
37295,231114,17565,111251,11975,213549,50141,24215,25926
37300,231145,17565,111268,11975,213580,50146,24218,25928
37305,231176,17565,111281,11975,213610,50152,24223,25929
37310,231207,17566,111296,11975,213640,50159,24229,25930
37315,231238,17567,111309,11976,213670,50166,24231,25935
37320,231269,17569,111325,11978,213699,50173,24234,25939
37325,231300,17570,111341,11979,213729,50179,24238,25941
37330,231331,17572,111354,11980,213758,50185,24241,25944
37335,231362,17574,111367,11981,213788,50191,24244,25947
37340,231393,17575,111386,11982,213817,50197,24248,25949
37345,231424,17577,111401,11983,213847,50203,24252,25951
37350,231455,17578,111415,11984,213876,50209,24256,25953
37355,231486,17582,111434,11988,213904,50215,24260,25955
37360,231517,17583,111447,11989,213934,50221,24261,25960
37365,231548,17586,111462,11990,213962,50228,24264,25964
37370,231579,17589,111470,11991,213990,50235,24265,25970
37375,231610,17592,111479,11993,214016,50242,24266,25976
37380,231641,17597,111493,11997,214044,50249,24270,25979
37385,231672,17601,111505,11999,214071,50254,24273,25981
37390,231703,17604,111526,12002,214098,50259,24277,25982
37395,231734,17607,111538,12004,214127,50264,24280,25984
37400,231765,17610,111556,12005,214155,50269,24284,25985
37405,231796,17612,111570,12006,214183,50274,24285,25989
37410,231827,17614,111584,12007,214212,50279,24286,25993
37415,231858,17617,111600,12010,214240,50284,24289,25995
37420,231889,17619,111616,12011,214268,50289,24291,25998
37425,231920,17622,111633,12012,214297,50295,24293,26002
37430,231951,17624,111647,12013,214325,50301,24294,26007
37435,231982,17627,111663,12015,214355,50307,24296,26011
37440,232013,17630,111682,12018,214382,50313,24297,26016
37445,232044,17632,111697,12019,214411,50319,24301,26018
37450,232075,17635,111710,12021,214439,50325,24302,26023
37455,232106,17638,111724,12023,214467,50331,24304,26027
37460,232137,17641,111742,12024,214495,50337,24308,26029
37465,232168,17642,111760,12025,214524,50343,24313,26030
37470,232199,17643,111777,12026,214555,50349,24315,26034
37475,232230,17644,111789,12026,214586,50355,24316,26039
37480,232261,17645,111804,12026,214616,50361,24318,26043
37485,232292,17646,111819,12027,214646,50368,24321,26047
37490,232323,17647,111837,12028,214676,50376,24325,26051
37495,232354,17649,111850,12029,214704,50384,24328,26056
37500,232385,17653,111864,12032,214732,50392,24332,26060
37505,232416,17655,111879,12033,214761,50400,24337,26063
37510,232447,17657,111888,12033,214789,50408,24339,26069
37515,232478,17660,111897,12034,214818,50416,24341,26075
37520,232509,17662,111911,12035,214846,50424,24345,26079
37525,232540,17666,111929,12039,214874,50432,24350,26082
37530,232571,17669,111949,12040,214901,50440,24356,26084
37535,232602,17674,111961,12044,214928,50448,24358,26090
37540,232633,17677,111976,12045,214956,50456,24361,26095
37545,232664,17681,111996,12047,214982,50464,24367,26097
37550,232695,17686,112011,12050,215007,50472,24372,26100
37555,232726,17693,112027,12056,215031,50480,24376,26104
37560,232757,17696,112039,12059,215060,50488,24378,26110
37565,232788,17699,112056,12062,215088,50496,24382,26114
37570,232819,17701,112067,12063,215117,50504,24385,26119
37575,232850,17705,112088,12067,215143,50512,24391,26121
37580,232881,17708,112105,12069,215172,50520,24395,26125
37585,232912,17710,112117,12070,215199,50528,24395,26133
37590,232943,17711,112129,12070,215230,50536,24398,26138
37595,232974,17712,112143,12070,215260,50544,24401,26143
37600,233005,17713,112157,12071,215291,50552,24407,26145
37605,233036,17714,112168,12072,215321,50560,24410,26150
37610,233067,17715,112183,12073,215350,50568,24415,26153
37615,233098,17716,112194,12074,215380,50576,24419,26157
37620,233129,17717,112210,12075,215412,50584,24422,26162
37625,233160,17718,112222,12076,215442,50590,24425,26165
37630,233191,17720,112238,12078,215470,50596,24429,26167
37635,233222,17721,112249,12078,215500,50602,24431,26171
37640,233253,17722,112265,12078,215531,50608,24436,26172
37645,233284,17723,112280,12078,215560,50614,24440,26174
37650,233315,17725,112290,12080,215589,50620,24442,26178
37655,233346,17727,112305,12081,215619,50626,24447,26179
37660,233377,17727,112321,12081,215649,50632,24451,26181
37665,233408,17727,112335,12081,215680,50638,24455,26183
37670,233439,17732,112349,12084,215707,50644,24456,26188
37675,233470,17735,112363,12086,215733,50650,24458,26192
37680,233501,17740,112374,12089,215761,50656,24460,26196
37685,233532,17743,112387,12091,215788,50662,24462,26200
37690,233563,17748,112401,12094,215814,50668,24467,26201
37695,233594,17753,112414,12098,215840,50674,24469,26205
37700,233625,17755,112428,12099,215870,50680,24471,26209
37705,233656,17756,112438,12100,215900,50686,24473,26213
37710,233687,17758,112451,12101,215928,50692,24474,26218
37715,233718,17759,112463,12101,215958,50698,24476,26222
37720,233749,17761,112477,12103,215988,50704,24480,26224
37725,233780,17763,112492,12105,216017,50712,24484,26228
37730,233811,17765,112511,12107,216044,50720,24490,26230
37735,233842,17766,112523,12108,216075,50728,24496,26232
37740,233873,17767,112538,12109,216106,50736,24500,26236
37745,233904,17769,112560,12111,216134,50744,24506,26238
37750,233935,17771,112572,12113,216163,50752,24507,26245
37755,233966,17772,112589,12114,216193,50760,24513,26247
37760,233997,17774,112602,12115,216223,50768,24515,26253
37765,234028,17779,112619,12119,216249,50776,24519,26257
37770,234059,17782,112636,12121,216277,50784,24523,26261
37775,234090,17785,112649,12124,216305,50792,24525,26267
37780,234121,17786,112662,12124,216334,50800,24529,26271
37785,234152,17790,112678,12127,216361,50808,24533,26275
37790,234183,17795,112699,12132,216386,50816,24540,26276
37795,234214,17800,112716,12136,216412,50824,24544,26280
37800,234245,17800,112730,12136,216444,50832,24548,26284
37805,234276,17801,112743,12137,216474,50838,24550,26288
37810,234307,17803,112756,12139,216504,50844,24553,26291
37815,234338,17804,112772,12139,216533,50850,24556,26294
37820,234369,17806,112784,12141,216562,50856,24559,26297
37825,234400,17808,112795,12142,216592,50862,24561,26301
37830,234431,17809,112807,12142,216622,50868,24563,26305
37835,234462,17810,112817,12143,216651,50874,24564,26310
37840,234493,17813,112835,12146,216680,50880,24568,26312
37845,234524,17815,112843,12147,216708,50886,24568,26318
37850,234555,17818,112855,12149,216736,50892,24571,26321
37855,234586,17820,112872,12151,216765,50898,24574,26324
37860,234617,17824,112883,12155,216792,50904,24577,26327
37865,234648,17824,112900,12155,216824,50910,24580,26330
37870,234679,17824,112914,12155,216854,50916,24582,26334
37875,234710,17824,112930,12155,216885,50922,24586,26336
37880,234741,17825,112945,12155,216916,50928,24588,26340
37885,234772,17826,112962,12155,216945,50934,24591,26343
37890,234803,17828,112969,12156,216975,50940,24591,26349
37895,234834,17830,112981,12158,217003,50946,24593,26353
37900,234865,17832,112996,12159,217033,50952,24595,26357
37905,234896,17835,113012,12160,217060,50960,24600,26360
37910,234927,17838,113023,12162,217088,50968,24604,26364
37915,234958,17842,113042,12165,217113,50976,24609,26367
37920,234989,17845,113058,12168,217144,50984,24614,26370
37925,235020,17848,113069,12169,217171,50991,24615,26376
37930,235051,17851,113086,12172,217198,50998,24617,26381
37935,235082,17855,113099,12174,217227,51005,24620,26385
37940,235113,17858,113113,12176,217255,51012,24624,26388
37945,235144,17861,113128,12178,217283,51019,24629,26390
37950,235175,17864,113143,12179,217308,51026,24633,26393
37955,235206,17868,113160,12183,217338,51033,24636,26397
37960,235237,17869,113174,12184,217367,51040,24639,26401
37965,235268,17871,113183,12185,217396,51047,24641,26406
37970,235299,17874,113197,12188,217425,51054,24643,26411
37975,235330,17876,113211,12189,217454,51061,24647,26414
37980,235361,17878,113228,12190,217482,51068,24651,26417
37985,235392,17881,113243,12193,217510,51072,24653,26419
37990,235423,17884,113254,12195,217539,51076,24654,26422
37995,235454,17886,113267,12196,217568,51080,24656,26424
38000,235485,17888,113281,12197,217597,51084,24658,26426
38005,235516,17890,113296,12199,217626,51088,24661,26427
38010,235547,17892,113310,12201,217655,51092,24662,26430
38015,235578,17894,113323,12203,217684,51096,24665,26431
38020,235609,17896,113335,12204,217713,51100,24667,26433
38025,235640,17899,113353,12206,217740,51105,24669,26436
38030,235671,17903,113365,12209,217767,51110,24672,26438
38035,235702,17910,113387,12215,217792,51115,24676,26439
38040,235733,17913,113400,12216,217820,51120,24679,26441
38045,235764,17917,113418,12219,217847,51125,24681,26444
38050,235795,17918,113430,12220,217877,51130,24683,26447
38055,235826,17919,113449,12221,217907,51135,24685,26450
38060,235857,17921,113467,12222,217936,51140,24687,26453
38065,235888,17924,113478,12224,217964,51145,24689,26456
38070,235919,17926,113496,12226,217992,51150,24694,26456
38075,235950,17929,113515,12228,218020,51155,24697,26458
38080,235981,17930,113529,12228,218051,51160,24699,26461
38085,236012,17932,113547,12230,218079,51166,24704,26462
38090,236043,17933,113557,12230,218110,51174,24706,26468
38095,236074,17935,113571,12231,218139,51182,24710,26472
38100,236105,17936,113586,12231,218169,51190,24714,26476
38105,236136,17937,113605,12232,218198,51198,24717,26481
38110,236167,17938,113622,12233,218228,51206,24720,26486
38115,236198,17939,113638,12234,218258,51214,24724,26490
38120,236229,17940,113655,12235,218289,51222,24730,26492
38125,236260,17941,113668,12236,218319,51230,24734,26496
38130,236291,17942,113681,12237,218349,51238,24739,26499
38135,236322,17943,113697,12238,218379,51246,24743,26503
38140,236353,17944,113711,12238,218409,51254,24746,26508
38145,236384,17946,113724,12240,218436,51262,24749,26513
38150,236415,17948,113743,12242,218465,51270,24755,26515
38155,236446,17950,113756,12243,218495,51278,24756,26522
38160,236477,17954,113774,12246,218521,51286,24760,26526
38165,236508,17958,113791,12249,218548,51292,24762,26530
38170,236539,17961,113803,12252,218577,51298,24765,26533
38175,236570,17967,113819,12257,218602,51304,24768,26536
38180,236601,17973,113833,12261,218628,51310,24772,26538
38185,236632,17977,113846,12264,218655,51316,24775,26541
38190,236663,17984,113858,12271,218678,51322,24777,26545
38195,236694,17988,113874,12274,218705,51328,24780,26548
38200,236725,17992,113890,12278,218732,51334,24783,26551
38205,236756,17997,113905,12282,218759,51340,24786,26554
38210,236787,17998,113919,12283,218789,51346,24790,26556
38215,236818,17999,113938,12283,218818,51352,24794,26558
38220,236849,18001,113951,12285,218847,51358,24797,26561
38225,236880,18003,113959,12286,218877,51364,24799,26565
38230,236911,18004,113974,12286,218907,51370,24802,26568
38235,236942,18006,113993,12287,218936,51376,24806,26570
38240,236973,18007,114010,12287,218966,51382,24809,26573
38245,237004,18008,114026,12288,218996,51388,24812,26576
38250,237035,18010,114042,12290,219025,51394,24814,26580
38255,237066,18012,114061,12291,219054,51400,24818,26582
38260,237097,18014,114077,12292,219083,51406,24819,26587
38265,237128,18015,114093,12293,219113,51414,24825,26589
38270,237159,18015,114105,12293,219144,51422,24829,26593
38275,237190,18015,114117,12293,219175,51430,24833,26597
38280,237221,18015,114126,12293,219206,51438,24834,26604
38285,237252,18015,114138,12293,219237,51445,24836,26609
38290,237283,18015,114157,12293,219268,51452,24841,26611
38295,237314,18015,114173,12293,219299,51459,24843,26616
38300,237345,18015,114182,12293,219330,51466,24846,26620
38305,237376,18016,114196,12293,219360,51473,24849,26624
38310,237407,18017,114208,12293,219390,51480,24851,26629
38315,237438,18019,114222,12294,219419,51487,24853,26634
38320,237469,18021,114239,12295,219448,51494,24859,26635
38325,237500,18023,114254,12296,219477,51501,24863,26638
38330,237531,18026,114266,12297,219505,51508,24867,26641
38335,237562,18028,114279,12297,219532,51515,24870,26645
38340,237593,18031,114289,12299,219561,51522,24870,26652
38345,237624,18034,114306,12301,219589,51528,24873,26655
38350,237655,18038,114326,12305,219616,51534,24874,26660
38355,237686,18042,114341,12309,219644,51540,24877,26663
38360,237717,18044,114355,12311,219672,51546,24879,26667
38365,237748,18049,114369,12314,219698,51552,24882,26670
38370,237779,18056,114389,12319,219721,51558,24886,26672
38375,237810,18066,114405,12328,219744,51564,24889,26675
38380,237841,18070,114419,12330,219770,51570,24891,26679
38385,237872,18075,114436,12333,219795,51577,24894,26683
38390,237903,18080,114452,12338,219823,51584,24896,26688
38395,237934,18082,114468,12338,219851,51591,24901,26690
38400,237965,18084,114485,12339,219880,51598,24905,26693
38405,237996,18088,114498,12341,219907,51605,24908,26697
38410,238027,18090,114515,12343,219936,51612,24911,26701
38415,238058,18091,114527,12343,219966,51619,24913,26706
38420,238089,18092,114539,12343,219997,51626,24916,26710
38425,238120,18093,114553,12343,220027,51633,24919,26714
38430,238151,18095,114565,12344,220056,51640,24921,26719
38435,238182,18097,114583,12345,220084,51647,24928,26719
38440,238213,18098,114598,12345,220115,51654,24931,26723
38445,238244,18099,114616,12345,220144,51662,24937,26725
38450,238275,18101,114629,12347,220172,51670,24940,26730
38455,238306,18102,114643,12347,220203,51678,24942,26736
38460,238337,18103,114657,12348,220231,51686,24944,26742
38465,238368,18104,114672,12348,220264,51694,24948,26746
38470,238399,18105,114685,12348,220294,51702,24951,26751
38475,238430,18106,114696,12348,220324,51710,24955,26755
38480,238461,18107,114710,12349,220354,51718,24958,26760
38485,238492,18108,114721,12349,220384,51726,24960,26766
38490,238523,18109,114739,12349,220414,51734,24964,26770
38495,238554,18111,114754,12350,220442,51742,24967,26775
38500,238585,18114,114767,12352,220471,51750,24970,26780
38505,238616,18116,114781,12353,220500,51758,24971,26787
38510,238647,18121,114793,12357,220526,51766,24973,26793
38515,238678,18126,114809,12361,220552,51774,24975,26799
38520,238709,18130,114824,12365,220578,51782,24979,26803
38525,238740,18134,114838,12367,220606,51789,24981,26808
38530,238771,18137,114853,12368,220633,51796,24986,26810
38535,238802,18141,114866,12371,220661,51803,24988,26815
38540,238833,18144,114878,12372,220689,51810,24990,26820
38545,238864,18147,114892,12373,220716,51817,24994,26823
38550,238895,18151,114907,12376,220744,51824,24996,26828
38555,238926,18154,114924,12377,220770,51831,25002,26829
38560,238957,18158,114941,12378,220798,51838,25009,26829
38565,238988,18161,114956,12380,220827,51845,25015,26830
38570,239019,18164,114970,12382,220853,51852,25018,26834
38575,239050,18167,114986,12384,220882,51859,25021,26838
38580,239081,18171,115001,12386,220910,51866,25024,26842
38585,239112,18174,115014,12388,220937,51871,25025,26846
38590,239143,18178,115026,12391,220964,51876,25028,26848
38595,239174,18181,115041,12392,220992,51881,25031,26850
38600,239205,18182,115059,12392,221022,51886,25032,26854
38605,239236,18183,115070,12393,221053,51891,25034,26857
38610,239267,18184,115083,12393,221082,51896,25037,26859
38615,239298,18185,115098,12394,221113,51901,25039,26862
38620,239329,18186,115111,12394,221143,51906,25041,26865
38625,239360,18187,115125,12394,221172,51912,25044,26868
38630,239391,18189,115144,12395,221202,51918,25049,26869
38635,239422,18190,115155,12396,221232,51924,25050,26874
38640,239453,18191,115170,12396,221262,51930,25053,26877
38645,239484,18192,115189,12397,221291,51936,25057,26879
38650,239515,18193,115206,12398,221321,51942,25060,26882
38655,239546,18194,115224,12398,221352,51948,25064,26884
38660,239577,18196,115237,12400,221381,51954,25068,26886
38665,239608,18198,115258,12401,221410,51960,25072,26888
38670,239639,18201,115276,12403,221438,51966,25074,26892
38675,239670,18203,115287,12403,221466,51972,25078,26894
38680,239701,18207,115302,12405,221494,51978,25082,26896
38685,239732,18208,115316,12405,221522,51985,25088,26897
38690,239763,18209,115335,12405,221551,51993,25093,26900
38695,239794,18210,115352,12406,221582,52001,25098,26903
38700,239825,18211,115365,12406,221614,52009,25102,26907
38705,239856,18213,115377,12407,221643,52014,25105,26909
38710,239887,18216,115392,12409,221670,52019,25106,26913
38715,239918,18220,115406,12411,221697,52024,25110,26914
38720,239949,18224,115427,12415,221724,52029,25113,26916
38725,239980,18227,115441,12417,221753,52034,25115,26919
38730,240011,18230,115456,12420,221781,52039,25116,26923
38735,240042,18233,115475,12423,221808,52044,25119,26925
38740,240073,18237,115491,12426,221835,52049,25122,26927
38745,240104,18241,115502,12429,221862,52054,25123,26931
38750,240135,18246,115521,12433,221888,52059,25127,26932
38755,240166,18250,115529,12435,221916,52064,25128,26936
38760,240197,18251,115544,12436,221946,52069,25132,26937
38765,240228,18253,115562,12438,221975,52074,25134,26940
38770,240259,18255,115577,12439,222004,52079,25136,26943
38775,240290,18257,115596,12441,222033,52084,25138,26946
38780,240321,18258,115612,12442,222063,52089,25142,26947
38785,240352,18260,115628,12444,222092,52094,25143,26951
38790,240383,18261,115643,12445,222122,52099,25145,26954
38795,240414,18263,115655,12446,222151,52104,25146,26958
38800,240445,18264,115670,12446,222181,52109,25146,26963
38805,240476,18265,115689,12447,222211,52116,25151,26965
38810,240507,18267,115705,12449,222240,52124,25154,26970
38815,240538,18269,115722,12451,222269,52132,25158,26974
38820,240569,18270,115738,12452,222299,52140,25161,26979
38825,240600,18272,115751,12454,222326,52147,25164,26983
38830,240631,18274,115766,12456,222356,52154,25167,26987
38835,240662,18275,115780,12456,222384,52161,25170,26991
38840,240693,18276,115801,12457,222415,52168,25174,26994
38845,240724,18277,115812,12457,222447,52175,25175,27000
38850,240755,18278,115824,12457,222477,52182,25177,27005
38855,240786,18279,115839,12457,222507,52189,25178,27011
38860,240817,18281,115853,12459,222536,52196,25179,27017
38865,240848,18284,115871,12462,222562,52203,25183,27020
38870,240879,18292,115890,12469,222587,52210,25188,27022
38875,240910,18296,115902,12471,222612,52217,25191,27026
38880,240941,18299,115916,12473,222641,52224,25195,27029
38885,240972,18302,115935,12475,222668,52230,25197,27033
38890,241003,18306,115948,12478,222696,52236,25200,27036
38895,241034,18309,115965,12480,222724,52242,25204,27038
38900,241065,18313,115978,12482,222750,52248,25206,27042
38905,241096,18318,115995,12486,222776,52254,25211,27043
38910,241127,18322,116012,12489,222805,52260,25215,27045
38915,241158,18324,116027,12491,222834,52266,25216,27050
38920,241189,18326,116042,12493,222863,52272,25220,27052
38925,241220,18327,116059,12493,222893,52279,25224,27055
38930,241251,18329,116078,12494,222921,52286,25226,27060
38935,241282,18331,116091,12496,222950,52293,25227,27066
38940,241313,18333,116109,12497,222980,52300,25231,27069
38945,241344,18334,116124,12498,223010,52307,25235,27072
38950,241375,18335,116133,12499,223040,52314,25236,27078
38955,241406,18336,116148,12499,223070,52321,25239,27082
38960,241437,18338,116164,12500,223099,52328,25244,27084
38965,241468,18339,116181,12501,223128,52335,25249,27086
38970,241499,18339,116199,12501,223160,52342,25251,27091
38975,241530,18339,116215,12501,223190,52349,25256,27093
38980,241561,18339,116231,12501,223222,52356,25260,27096
38985,241592,18342,116241,12503,223250,52364,25262,27102
38990,241623,18345,116259,12505,223278,52372,25268,27104
38995,241654,18348,116274,12507,223306,52380,25272,27108
39000,241685,18351,116288,12509,223334,52388,25277,27111
39005,241716,18354,116305,12511,223362,52396,25284,27112
39010,241747,18356,116316,12512,223391,52404,25287,27117
39015,241778,18358,116335,12513,223419,52412,25292,27120
39020,241809,18361,116349,12516,223447,52420,25296,27124
39025,241840,18364,116362,12518,223475,52428,25298,27130
39030,241871,18367,116373,12519,223502,52436,25301,27135
39035,241902,18370,116387,12521,223531,52444,25305,27139
39040,241933,18372,116403,12521,223558,52452,25310,27142
39045,241964,18375,116418,12523,223586,52460,25312,27148
39050,241995,18378,116433,12525,223617,52468,25316,27152
39055,242026,18380,116446,12526,223644,52476,25319,27157
39060,242057,18383,116459,12527,223673,52484,25323,27161
39065,242088,18387,116475,12530,223700,52491,25327,27164
39070,242119,18392,116489,12535,223726,52498,25331,27167
39075,242150,18397,116503,12538,223753,52505,25335,27170
39080,242181,18400,116514,12539,223781,52512,25338,27174
39085,242212,18403,116530,12541,223808,52519,25341,27178
39090,242243,18405,116543,12543,223837,52526,25344,27182
39095,242274,18406,116558,12544,223868,52533,25346,27187
39100,242305,18407,116573,12545,223897,52540,25350,27190
39105,242336,18408,116584,12545,223927,52547,25350,27197
39110,242367,18409,116599,12545,223958,52554,25354,27200
39115,242398,18410,116615,12545,223988,52561,25357,27204
39120,242429,18411,116631,12546,224017,52568,25359,27209
39125,242460,18412,116649,12546,224048,52575,25362,27213
39130,242491,18413,116665,12547,224077,52582,25365,27217
39135,242522,18414,116675,12547,224107,52589,25366,27223
39140,242553,18415,116688,12547,224138,52596,25367,27229
39145,242584,18416,116699,12548,224168,52603,25369,27234
39150,242615,18417,116721,12549,224197,52610,25372,27238
39155,242646,18418,116735,12550,224228,52617,25374,27243
39160,242677,18419,116753,12550,224257,52624,25377,27247
39165,242708,18420,116767,12550,224288,52632,25380,27252
39170,242739,18422,116781,12552,224317,52640,25383,27257
39175,242770,18424,116799,12554,224344,52648,25388,27260
39180,242801,18425,116813,12554,224376,52656,25393,27263
39185,242832,18427,116829,12555,224405,52664,25398,27266
39190,242863,18430,116842,12556,224433,52672,25403,27269
39195,242894,18434,116858,12559,224458,52680,25408,27272
39200,242925,18437,116876,12562,224486,52688,25413,27275
39205,242956,18442,116893,12566,224513,52696,25416,27280
39210,242987,18446,116907,12569,224539,52704,25419,27285
39215,243018,18450,116922,12573,224566,52712,25423,27289
39220,243049,18456,116934,12577,224593,52720,25426,27294
39225,243080,18462,116951,12580,224616,52728,25432,27296
39230,243111,18468,116964,12584,224642,52736,25434,27302
39235,243142,18474,116977,12587,224668,52744,25437,27307
39240,243173,18479,116993,12591,224693,52752,25440,27312
39245,243204,18484,117006,12595,224720,52756,25441,27315
39250,243235,18488,117024,12599,224747,52760,25444,27316
39255,243266,18490,117040,12601,224775,52764,25446,27318
39260,243297,18492,117059,12602,224805,52768,25449,27319
39265,243328,18493,117074,12603,224834,52772,25452,27320
39270,243359,18495,117090,12605,224864,52776,25454,27322
39275,243390,18496,117107,12605,224893,52780,25455,27325
39280,243421,18498,117118,12607,224923,52784,25457,27327
39285,243452,18500,117135,12608,224950,52788,25459,27329
39290,243483,18504,117149,12611,224977,52792,25461,27331
39295,243514,18506,117166,12613,225007,52796,25465,27331
39300,243545,18507,117179,12614,225038,52800,25467,27333
39305,243576,18507,117192,12614,225069,52804,25468,27336
39310,243607,18507,117209,12614,225100,52808,25471,27337
39315,243638,18507,117223,12614,225131,52812,25472,27340
39320,243669,18507,117240,12614,225162,52816,25473,27343
39325,243700,18507,117253,12614,225193,52820,25475,27345
39330,243731,18507,117268,12614,225224,52824,25478,27346
39335,243762,18507,117285,12614,225254,52828,25482,27346
39340,243793,18507,117300,12614,225285,52832,25484,27348
39345,243824,18507,117311,12614,225316,52839,25487,27352
39350,243855,18507,117328,12614,225347,52847,25491,27356
39355,243886,18508,117347,12615,225378,52855,25493,27362
39360,243917,18511,117363,12617,225406,52863,25495,27368
39365,243948,18514,117379,12619,225434,52870,25499,27371
39370,243979,18517,117398,12620,225462,52877,25504,27373
39375,244010,18521,117413,12623,225489,52884,25509,27375
39380,244041,18526,117427,12626,225515,52891,25513,27378
39385,244072,18530,117440,12629,225542,52898,25517,27381
39390,244103,18534,117456,12631,225569,52905,25522,27383
39395,244134,18538,117468,12633,225596,52912,25525,27387
39400,244165,18543,117485,12637,225622,52919,25529,27390
39405,244196,18546,117501,12640,225649,52926,25532,27394
39410,244227,18548,117518,12642,225678,52933,25534,27399
39415,244258,18551,117532,12643,225706,52940,25538,27402
39420,244289,18554,117552,12644,225732,52947,25544,27403
39425,244320,18557,117566,12645,225762,52952,25547,27405
39430,244351,18561,117584,12649,225789,52957,25550,27407
39435,244382,18563,117600,12650,225816,52962,25552,27410
39440,244413,18566,117612,12653,225846,52967,25553,27414
39445,244444,18569,117626,12656,225874,52972,25555,27417
39450,244475,18572,117647,12658,225901,52977,25560,27417
39455,244506,18575,117658,12659,225931,52982,25561,27421
39460,244537,18578,117670,12661,225957,52987,25562,27425
39465,244568,18582,117685,12665,225983,52993,25564,27429
39470,244599,18585,117701,12668,226013,52999,25567,27432
39475,244630,18588,117716,12670,226041,53005,25569,27436
39480,244661,18589,117732,12671,226072,53011,25573,27438
39485,244692,18589,117752,12671,226103,53017,25578,27439
39490,244723,18589,117771,12671,226134,53023,25579,27444
39495,244754,18589,117782,12671,226165,53029,25580,27449
39500,244785,18589,117800,12671,226196,53035,25586,27449
39505,244816,18589,117816,12671,226227,53041,25589,27452
39510,244847,18589,117829,12671,226258,53047,25592,27455
39515,244878,18591,117838,12672,226287,53053,25594,27459
39520,244909,18592,117854,12673,226317,53059,25597,27462
39525,244940,18594,117870,12675,226346,53066,25600,27466
39530,244971,18595,117882,12675,226376,53074,25602,27472
39535,245002,18596,117897,12675,226405,53082,25606,27476
39540,245033,18597,117913,12676,226436,53090,25609,27481
39545,245064,18598,117925,12676,226466,53098,25612,27486
39550,245095,18600,117939,12677,226495,53106,25614,27492
39555,245126,18601,117953,12677,226525,53114,25618,27496
39560,245157,18603,117969,12678,226554,53122,25622,27500
39565,245188,18604,117985,12678,226584,53130,25626,27504
39570,245219,18607,117997,12680,226612,53138,25628,27510
39575,245250,18610,118010,12682,226639,53146,25630,27516
39580,245281,18613,118023,12683,226666,53154,25634,27520
39585,245312,18618,118041,12687,226694,53162,25639,27523
39590,245343,18622,118055,12690,226719,53170,25642,27528
39595,245374,18628,118073,12696,226744,53178,25646,27532
39600,245405,18636,118090,12701,226767,53186,25650,27536
39605,245436,18640,118104,12704,226796,53193,25655,27538
39610,245467,18642,118119,12704,226825,53200,25659,27541
39615,245498,18645,118132,12707,226851,53207,25661,27546
39620,245529,18649,118147,12711,226878,53214,25663,27551
39625,245560,18652,118162,12713,226907,53221,25669,27552
39630,245591,18654,118176,12714,226937,53228,25672,27556
39635,245622,18657,118195,12717,226964,53235,25676,27559
39640,245653,18660,118213,12720,226993,53242,25680,27562
39645,245684,18662,118230,12721,227021,53249,25685,27564
39650,245715,18668,118248,12725,227045,53256,25687,27569
39655,245746,18671,118258,12727,227075,53263,25690,27573
39660,245777,18674,118270,12728,227102,53270,25691,27579
39665,245808,18677,118287,12730,227131,53277,25696,27581
39670,245839,18678,118301,12730,227161,53284,25699,27585
39675,245870,18679,118313,12730,227191,53291,25701,27590
39680,245901,18680,118326,12730,227221,53298,25703,27595
39685,245932,18681,118342,12730,227251,53305,25706,27599
39690,245963,18682,118354,12731,227280,53312,25706,27606
39695,245994,18683,118371,12732,227311,53319,25709,27610
39700,246025,18684,118388,12733,227341,53326,25713,27613
39705,246056,18685,118404,12733,227371,53334,25719,27615
39710,246087,18687,118421,12735,227400,53342,25724,27618
39715,246118,18689,118434,12736,227428,53350,25726,27624
39720,246149,18691,118449,12737,227457,53358,25727,27631
39725,246180,18694,118461,12738,227486,53365,25729,27636
39730,246211,18696,118474,12739,227515,53372,25732,27640
39735,246242,18698,118487,12740,227544,53379,25736,27643
39740,246273,18700,118501,12742,227573,53386,25739,27647
39745,246304,18703,118511,12743,227601,53393,25740,27653
39750,246335,18706,118530,12745,227628,53400,25745,27655
39755,246366,18708,118541,12745,227657,53407,25748,27659
39760,246397,18711,118555,12746,227685,53414,25751,27663
39765,246428,18713,118563,12747,227714,53421,25754,27667
39770,246459,18717,118579,12751,227740,53428,25758,27670
39775,246490,18722,118593,12754,227765,53435,25761,27674
39780,246521,18727,118607,12758,227793,53442,25764,27678
39785,246552,18731,118625,12761,227821,53448,25766,27682
39790,246583,18733,118636,12761,227849,53454,25770,27684
39795,246614,18738,118652,12764,227875,53460,25771,27689
39800,246645,18741,118665,12766,227903,53466,25774,27692
39805,246676,18745,118678,12768,227929,53472,25777,27695
39810,246707,18749,118692,12772,227958,53478,25778,27700
39815,246738,18751,118708,12774,227986,53484,25779,27705
39820,246769,18752,118723,12775,228017,53490,25780,27710
39825,246800,18753,118738,12775,228045,53497,25782,27715
39830,246831,18757,118757,12779,228073,53504,25787,27717
39835,246862,18760,118775,12781,228101,53511,25791,27720
39840,246893,18760,118794,12781,228132,53518,25797,27721
39845,246924,18760,118810,12781,228164,53524,25799,27725
39850,246955,18760,118827,12781,228195,53530,25802,27728
39855,246986,18760,118839,12781,228226,53536,25806,27730
39860,247017,18760,118854,12781,228257,53542,25807,27735
39865,247048,18760,118866,12781,228288,53548,25811,27737
39870,247079,18760,118882,12781,228319,53554,25814,27740
39875,247110,18760,118898,12781,228350,53560,25817,27743
39880,247141,18760,118914,12781,228381,53566,25818,27748
39885,247172,18761,118931,12781,228411,53573,25822,27751
39890,247203,18762,118942,12782,228441,53580,25824,27756
39895,247234,18763,118955,12782,228471,53587,25830,27757
39900,247265,18764,118974,12783,228500,53594,25833,27761
39905,247296,18765,118991,12784,228531,53600,25837,27763
39910,247327,18767,119003,12785,228560,53606,25839,27767
39915,247358,18769,119018,12787,228588,53612,25843,27769
39920,247389,18773,119037,12790,228614,53618,25845,27773
39925,247420,18776,119054,12793,228642,53624,25846,27778
39930,247451,18778,119071,12794,228672,53630,25848,27782
39935,247482,18781,119090,12795,228700,53636,25851,27785
39940,247513,18786,119107,12798,228727,53642,25854,27788
39945,247544,18791,119121,12803,228753,53649,25855,27794
39950,247575,18795,119137,12805,228779,53656,25860,27796
39955,247606,18800,119154,12809,228806,53663,25862,27801
39960,247637,18804,119169,12812,228833,53670,25865,27805
39965,247668,18808,119183,12814,228860,53675,25866,27809
39970,247699,18813,119197,12817,228886,53680,25868,27812
39975,247730,18818,119211,12819,228912,53685,25872,27813
39980,247761,18822,119223,12822,228938,53690,25874,27816
39985,247792,18829,119239,12828,228962,53695,25877,27818
39990,247823,18836,119254,12833,228987,53700,25881,27819
39995,247854,18840,119270,12835,229014,53705,25885,27820
40000,247885,18844,119285,12838,229040,53710,25888,27822
40005,247916,18848,119301,12842,229068,53715,25892,27823
40010,247947,18853,119315,12847,229094,53721,25894,27827
40015,247978,18853,119330,12847,229125,53727,25897,27830
40020,248009,18853,119346,12847,229156,53733,25900,27833
40025,248040,18853,119363,12847,229187,53739,25904,27835
40030,248071,18853,119378,12847,229218,53745,25905,27840
40035,248102,18853,119398,12847,229249,53751,25909,27842
40040,248133,18853,119414,12847,229280,53757,25911,27846
40045,248164,18853,119433,12847,229311,53763,25912,27851
40050,248195,18853,119447,12847,229341,53769,25917,27852
40055,248226,18853,119463,12847,229373,53775,25922,27853
40060,248257,18853,119473,12847,229404,53781,25924,27857
40065,248288,18853,119487,12847,229435,53789,25929,27860
40070,248319,18853,119501,12847,229466,53797,25933,27864
40075,248350,18853,119513,12847,229496,53805,25935,27870
40080,248381,18853,119523,12847,229527,53813,25937,27876
40085,248412,18853,119536,12847,229559,53821,25940,27881
40090,248443,18853,119547,12847,229589,53829,25943,27886
40095,248474,18853,119565,12847,229620,53837,25947,27890
40100,248505,18853,119584,12847,229652,53845,25953,27892
40105,248536,18853,119594,12847,229681,53853,25956,27897
40110,248567,18855,119608,12848,229709,53861,25958,27903
40115,248598,18857,119626,12849,229738,53869,25964,27905
40120,248629,18862,119643,12853,229764,53877,25969,27908
40125,248660,18868,119653,12857,229790,53885,25971,27914
40130,248691,18873,119669,12861,229814,53893,25972,27921
40135,248722,18879,119684,12865,229842,53901,25978,27923
40140,248753,18885,119703,12870,229867,53909,25984,27925
40145,248784,18890,119717,12874,229892,53915,25988,27927
40150,248815,18897,119732,12880,229916,53921,25989,27932
40155,248846,18902,119746,12882,229943,53927,25992,27935
40160,248877,18906,119757,12884,229969,53933,25994,27939
40165,248908,18910,119769,12887,229998,53939,25998,27941
40170,248939,18913,119784,12890,230025,53945,26000,27945
40175,248970,18917,119798,12893,230052,53951,26003,27948
40180,249001,18922,119812,12897,230078,53957,26006,27951
40185,249032,18925,119827,12899,230107,53963,26008,27955
40190,249063,18926,119841,12899,230137,53969,26010,27959
40195,249094,18928,119853,12900,230166,53975,26013,27962
40200,249125,18930,119868,12901,230195,53981,26016,27965
40205,249156,18931,119880,12901,230225,53987,26019,27968
40210,249187,18932,119896,12901,230255,53993,26024,27969
40215,249218,18933,119906,12902,230285,53999,26025,27974
40220,249249,18935,119923,12904,230314,54005,26027,27978
40225,249280,18936,119936,12905,230344,54011,26029,27982
40230,249311,18936,119951,12905,230374,54017,26033,27984
40235,249342,18936,119971,12905,230405,54023,26038,27985
40240,249373,18936,119980,12905,230437,54029,26039,27990
40245,249404,18936,119998,12905,230468,54036,26044,27992
40250,249435,18936,120010,12905,230498,54044,26050,27994
40255,249466,18936,120020,12905,230529,54052,26054,27998
40260,249497,18936,120036,12905,230561,54060,26058,28002
40265,249528,18938,120050,12906,230589,54066,26063,28003
40270,249559,18940,120065,12907,230617,54072,26066,28006
40275,249590,18942,120083,12908,230644,54078,26069,28009
40280,249621,18943,120097,12908,230677,54084,26074,28010
40285,249652,18944,120111,12909,230707,54090,26078,28012
40290,249683,18948,120126,12911,230733,54096,26081,28015
40295,249714,18951,120143,12912,230763,54102,26084,28018
40300,249745,18954,120157,12914,230790,54108,26086,28022
40305,249776,18957,120169,12915,230818,54114,26088,28026
40310,249807,18960,120183,12918,230846,54120,26091,28029
40315,249838,18964,120198,12921,230872,54126,26094,28032
40320,249869,18967,120206,12922,230902,54132,26096,28036
40325,249900,18969,120224,12924,230929,54138,26101,28037
40330,249931,18973,120243,12928,230956,54144,26101,28043
40335,249962,18978,120256,12932,230984,54150,26101,28049
40340,249993,18980,120269,12934,231013,54156,26105,28051
40345,250024,18982,120287,12934,231040,54162,26109,28053
40350,250055,18985,120301,12935,231068,54168,26114,28054
40355,250086,18988,120321,12938,231098,54174,26117,28057
40360,250117,18990,120336,12939,231127,54180,26120,28060
40365,250148,18992,120352,12941,231156,54188,26123,28065
40370,250179,18994,120367,12942,231185,54196,26130,28066
40375,250210,18997,120380,12943,231212,54204,26134,28070
40380,250241,19003,120391,12948,231237,54212,26137,28075
40385,250272,19008,120405,12951,231264,54220,26144,28076
40390,250303,19010,120420,12953,231293,54228,26148,28080
40395,250334,19011,120436,12954,231323,54236,26152,28084
40400,250365,19013,120454,12955,231352,54244,26157,28087
40405,250396,19015,120470,12956,231381,54252,26160,28092
40410,250427,19016,120483,12956,231410,54260,26162,28098
40415,250458,19017,120495,12956,231440,54268,26167,28101
40420,250489,19018,120513,12957,231470,54276,26174,28102
40425,250520,19020,120532,12959,231498,54284,26179,28105
40430,250551,19022,120549,12960,231528,54292,26185,28107
40435,250582,19023,120560,12960,231559,54300,26190,28110
40440,250613,19027,120575,12964,231584,54308,26192,28116
40445,250644,19030,120592,12966,231613,54316,26197,28119
40450,250675,19034,120608,12969,231641,54324,26203,28121
40455,250706,19038,120621,12972,231668,54332,26205,28127
40460,250737,19040,120630,12973,231697,54340,26208,28132
40465,250768,19043,120649,12976,231725,54348,26213,28135
40470,250799,19045,120662,12976,231754,54356,26218,28138
40475,250830,19047,120675,12978,231783,54364,26220,28144
40480,250861,19048,120689,12978,231813,54372,26223,28149
40485,250892,19049,120702,12978,231843,54380,26227,28153
40490,250923,19050,120718,12979,231872,54388,26229,28159
40495,250954,19054,120737,12983,231899,54396,26236,28160
40500,250985,19058,120750,12986,231926,54404,26240,28164
40505,251016,19061,120763,12988,231954,54409,26241,28168
40510,251047,19065,120775,12991,231981,54414,26242,28172
40515,251078,19068,120786,12993,232008,54419,26243,28176
40520,251109,19071,120804,12996,232037,54424,26246,28178
40525,251140,19076,120823,13001,232062,54429,26248,28181
40530,251171,19079,120839,13004,232091,54434,26249,28185
40535,251202,19081,120848,13005,232120,54439,26252,28187
40540,251233,19084,120864,13007,232148,54444,26253,28191
40545,251264,19087,120880,13009,232175,54449,26255,28194
40550,251295,19091,120892,13011,232203,54454,26257,28197
40555,251326,19092,120910,13011,232233,54459,26261,28198
40560,251357,19094,120928,13012,232263,54464,26263,28201
40565,251388,19094,120945,13012,232293,54469,26267,28202
40570,251419,19094,120961,13012,232324,54474,26269,28205
40575,251450,19094,120980,13012,232356,54479,26272,28207
40580,251481,19095,120994,13013,232386,54484,26273,28211
40585,251512,19097,121008,13014,232415,54489,26275,28214
40590,251543,19098,121018,13014,232445,54494,26277,28217
40595,251574,19100,121032,13016,232474,54499,26279,28220
40600,251605,19101,121048,13017,232504,54504,26281,28223
40605,251636,19102,121058,13017,232534,54512,26284,28228
40610,251667,19103,121068,13018,232562,54520,26287,28233
40615,251698,19105,121081,13020,232593,54528,26291,28237
40620,251729,19106,121098,13021,232620,54536,26296,28240
40625,251760,19108,121117,13023,232651,54543,26301,28242
40630,251791,19110,121129,13024,232680,54550,26305,28245
40635,251822,19112,121146,13026,232709,54557,26307,28250
40640,251853,19114,121158,13027,232738,54564,26310,28254
40645,251884,19116,121175,13029,232767,54571,26313,28258
40650,251915,19118,121189,13030,232797,54578,26316,28262
40655,251946,19119,121206,13031,232826,54585,26320,28265
40660,251977,19120,121225,13031,232855,54592,26326,28266
40665,252008,19125,121244,13035,232880,54599,26329,28270
40670,252039,19131,121257,13040,232907,54606,26331,28275
40675,252070,19139,121272,13045,232929,54613,26332,28281
40680,252101,19144,121282,13049,232956,54620,26335,28285
40685,252132,19149,121298,13053,232981,54626,26338,28288
40690,252163,19158,121317,13061,233004,54632,26341,28291
40695,252194,19165,121334,13067,233028,54638,26344,28294
40700,252225,19167,121352,13069,233058,54644,26347,28297
40705,252256,19167,121366,13069,233089,54650,26351,28299
40710,252287,19167,121381,13069,233120,54656,26352,28304
40715,252318,19167,121391,13069,233151,54662,26355,28307
40720,252349,19167,121404,13069,233182,54668,26358,28310
40725,252380,19167,121416,13069,233213,54674,26360,28314
40730,252411,19167,121430,13069,233242,54681,26365,28316
40735,252442,19167,121441,13069,233275,54688,26366,28322
40740,252473,19167,121458,13069,233305,54695,26369,28326
40745,252504,19167,121469,13069,233336,54702,26374,28328
40750,252535,19167,121484,13069,233367,54709,26378,28331
40755,252566,19167,121501,13069,233398,54716,26382,28334
40760,252597,19167,121517,13069,233428,54723,26385,28338
40765,252628,19167,121534,13069,233460,54730,26389,28341
40770,252659,19167,121552,13069,233491,54737,26393,28344
40775,252690,19167,121566,13069,233522,54744,26395,28349
40780,252721,19167,121580,13069,233554,54751,26399,28352
40785,252752,19168,121597,13070,233584,54759,26404,28355
40790,252783,19169,121607,13070,233614,54767,26408,28359
40795,252814,19170,121621,13070,233643,54775,26412,28363
40800,252845,19172,121640,13071,233671,54783,26415,28368
40805,252876,19175,121659,13074,233700,54789,26419,28370
40810,252907,19179,121676,13076,233728,54795,26421,28374
40815,252938,19182,121691,13078,233756,54801,26423,28378
40820,252969,19186,121710,13079,233782,54807,26426,28381
40825,253000,19191,121727,13083,233809,54813,26429,28384
40830,253031,19194,121742,13086,233836,54819,26432,28387
40835,253062,19198,121753,13089,233864,54825,26433,28392
40840,253093,19202,121766,13091,233891,54831,26436,28395
40845,253124,19206,121782,13093,233916,54837,26440,28397
40850,253155,19211,121792,13097,233944,54843,26444,28399
40855,253186,19215,121802,13099,233970,54849,26447,28402
40860,253217,19222,121817,13105,233994,54855,26450,28405
40865,253248,19228,121829,13109,234020,54860,26453,28407
40870,253279,19231,121846,13111,234048,54865,26456,28409
40875,253310,19236,121862,13114,234074,54870,26457,28413
40880,253341,19240,121881,13117,234101,54875,26459,28416
40885,253372,19241,121892,13118,234131,54880,26463,28417
40890,253403,19242,121902,13118,234161,54885,26464,28421
40895,253434,19243,121917,13119,234191,54890,26466,28424
40900,253465,19244,121929,13119,234221,54895,26467,28428
40905,253496,19245,121941,13120,234251,54902,26472,28430
40910,253527,19246,121957,13121,234281,54909,26475,28434
40915,253558,19247,121971,13121,234311,54916,26480,28436
40920,253589,19248,121990,13121,234340,54923,26484,28439
40925,253620,19250,122004,13123,234369,54930,26487,28443
40930,253651,19252,122022,13125,234396,54937,26492,28445
40935,253682,19253,122033,13125,234427,54944,26495,28449
40940,253713,19254,122049,13126,234458,54951,26501,28450
40945,253744,19255,122063,13126,234488,54958,26505,28453
40950,253775,19256,122078,13126,234518,54965,26507,28458
40955,253806,19258,122096,13128,234548,54972,26511,28461
40960,253837,19259,122110,13129,234578,54979,26514,28465
40965,253868,19261,122127,13130,234607,54986,26518,28468
40970,253899,19263,122142,13132,234634,54994,26520,28474
40975,253930,19267,122157,13134,234661,55002,26523,28479
40980,253961,19270,122168,13137,234690,55010,26526,28484
40985,253992,19274,122180,13140,234718,55018,26529,28489
40990,254023,19278,122196,13143,234744,55026,26534,28492
40995,254054,19282,122212,13146,234771,55034,26538,28496
41000,254085,19285,122229,13149,234800,55042,26540,28502
41005,254116,19288,122246,13152,234827,55050,26544,28506
41010,254147,19291,122265,13154,234855,55058,26548,28510
41015,254178,19293,122280,13155,234885,55066,26553,28513
41020,254209,19295,122291,13156,234914,55074,26557,28517
41025,254240,19298,122306,13158,234940,55082,26560,28522
41030,254271,19302,122314,13161,234968,55090,26560,28530
41035,254302,19305,122325,13164,234997,55098,26562,28536
41040,254333,19308,122337,13166,235024,55106,26565,28541
41045,254364,19310,122352,13167,235054,55111,26569,28542
41050,254395,19311,122367,13168,235083,55116,26572,28544
41055,254426,19312,122378,13168,235112,55121,26575,28546
41060,254457,19314,122392,13169,235141,55126,26577,28549
41065,254488,19316,122410,13170,235170,55131,26581,28550
41070,254519,19319,122426,13172,235200,55136,26585,28551
41075,254550,19321,122443,13173,235229,55141,26587,28554
41080,254581,19325,122462,13176,235256,55146,26589,28557
41085,254612,19327,122474,13177,235285,55151,26590,28561
41090,254643,19330,122487,13180,235313,55156,26591,28565
41095,254674,19332,122502,13181,235342,55161,26595,28566
41100,254705,19332,122512,13181,235373,55166,26596,28570
41105,254736,19333,122529,13181,235403,55171,26599,28572
41110,254767,19335,122545,13183,235432,55176,26602,28574
41115,254798,19337,122556,13184,235461,55181,26605,28576
41120,254829,19338,122570,13184,235491,55186,26608,28578
41125,254860,19339,122582,13184,235521,55191,26611,28580
41130,254891,19340,122598,13184,235551,55196,26612,28584
41135,254922,19342,122618,13185,235580,55201,26615,28586
41140,254953,19343,122631,13186,235610,55206,26618,28588
41145,254984,19344,122646,13186,235638,55214,26623,28591
41150,255015,19347,122661,13189,235667,55222,26627,28595
41155,255046,19350,122676,13190,235695,55230,26631,28599
41160,255077,19354,122692,13194,235721,55238,26636,28602
41165,255108,19359,122707,13197,235749,55246,26639,28607
41170,255139,19363,122721,13200,235773,55254,26642,28612
41175,255170,19368,122739,13204,235799,55262,26646,28616
41180,255201,19372,122752,13206,235827,55270,26649,28621
41185,255232,19375,122764,13207,235854,55278,26651,28627
41190,255263,19380,122775,13210,235882,55286,26654,28632
41195,255294,19384,122793,13213,235907,55294,26659,28635
41200,255325,19388,122807,13216,235936,55302,26663,28639
41205,255356,19392,122824,13218,235962,55310,26667,28643
41210,255387,19395,122835,13220,235992,55318,26672,28646
41215,255418,19397,122849,13222,236021,55326,26677,28649
41220,255449,19400,122865,13225,236049,55334,26682,28652
41225,255480,19401,122874,13225,236079,55341,26684,28657
41230,255511,19403,122889,13226,236108,55348,26686,28662
41235,255542,19405,122905,13227,236136,55355,26689,28666
41240,255573,19407,122918,13228,236165,55362,26692,28670
41245,255604,19408,122935,13229,236196,55369,26697,28672
41250,255635,19410,122951,13231,236224,55376,26699,28677
41255,255666,19412,122967,13232,236254,55383,26703,28680
41260,255697,19414,122984,13234,236283,55390,26707,28683
41265,255728,19414,122996,13234,236313,55397,26709,28688
41270,255759,19414,123009,13234,236345,55404,26713,28691
41275,255790,19414,123022,13234,236376,55411,26717,28694
41280,255821,19414,123039,13234,236407,55418,26719,28699
41285,255852,19414,123054,13234,236438,55425,26723,28702
41290,255883,19414,123068,13234,236469,55432,26725,28707
41295,255914,19414,123084,13234,236500,55439,26731,28708
41300,255945,19414,123102,13234,236531,55446,26735,28711
41305,255976,19415,123122,13235,236560,55453,26740,28713
41310,256007,19417,123137,13237,236590,55460,26741,28719
41315,256038,19419,123150,13237,236618,55467,26743,28724
41320,256069,19422,123163,13238,236646,55474,26746,28728
41325,256100,19426,123174,13240,236671,55482,26748,28734
41330,256131,19429,123194,13242,236698,55490,26753,28737
41335,256162,19433,123212,13244,236726,55498,26757,28741
41340,256193,19435,123224,13244,236757,55506,26760,28746
41345,256224,19438,123234,13246,236786,55511,26763,28748
41350,256255,19440,123251,13246,236814,55516,26765,28751
41355,256286,19443,123271,13249,236842,55521,26769,28752
41360,256317,19446,123287,13250,236870,55526,26772,28754
41365,256348,19450,123299,13252,236897,55531,26775,28756
41370,256379,19456,123312,13257,236922,55536,26776,28760
41375,256410,19463,123332,13263,236945,55541,26779,28762
41380,256441,19467,123348,13266,236974,55546,26782,28764
41385,256472,19469,123366,13268,237003,55551,26785,28766
41390,256503,19473,123383,13272,237030,55556,26787,28769
41395,256534,19476,123398,13274,237058,55561,26788,28773
41400,256565,19480,123414,13277,237085,55566,26791,28775
41405,256596,19482,123427,13279,237114,55571,26796,28775
41410,256627,19484,123440,13279,237143,55576,26799,28777
41415,256658,19486,123449,13279,237172,55581,26802,28779
41420,256689,19489,123467,13281,237200,55586,26804,28782
41425,256720,19493,123482,13284,237227,55591,26808,28783
41430,256751,19496,123496,13285,237255,55596,26809,28787
41435,256782,19497,123511,13285,237285,55601,26810,28791
41440,256813,19498,123529,13286,237315,55606,26813,28793
41445,256844,19499,123541,13286,237343,55613,26819,28794
41450,256875,19500,123553,13286,237374,55621,26821,28800
41455,256906,19501,123562,13287,237405,55629,26825,28804
41460,256937,19503,123579,13288,237433,55637,26830,28807
41465,256968,19504,123593,13289,237463,55645,26834,28811
41470,256999,19505,123607,13289,237492,55653,26837,28816
41475,257030,19506,123621,13290,237523,55661,26840,28821
41480,257061,19507,123636,13290,237553,55669,26844,28825
41485,257092,19511,123654,13292,237579,55677,26847,28830
41490,257123,19514,123667,13294,237607,55685,26852,28833
41495,257154,19516,123680,13294,237636,55693,26854,28839
41500,257185,19521,123693,13298,237663,55701,26857,28844
41505,257216,19523,123711,13299,237691,55709,26861,28848
41510,257247,19526,123724,13301,237719,55717,26864,28853
41515,257278,19530,123741,13303,237747,55725,26868,28857
41520,257309,19534,123755,13307,237773,55733,26872,28861
41525,257340,19538,123766,13309,237801,55741,26874,28867
41530,257371,19541,123778,13311,237830,55749,26876,28873
41535,257402,19543,123789,13312,237859,55757,26878,28879
41540,257433,19545,123810,13314,237888,55765,26885,28880
41545,257464,19548,123824,13316,237916,55773,26889,28884
41550,257495,19550,123840,13318,237945,55781,26892,28889
41555,257526,19553,123857,13320,237973,55789,26896,28893
41560,257557,19556,123873,13321,238001,55797,26899,28898
41565,257588,19559,123889,13324,238027,55805,26903,28902
41570,257619,19563,123905,13327,238055,55813,26906,28907
41575,257650,19566,123917,13328,238083,55821,26908,28913
41580,257681,19568,123934,13330,238111,55829,26913,28916
41585,257712,19569,123951,13331,238141,55834,26916,28918
41590,257743,19570,123966,13331,238173,55839,26918,28921
41595,257774,19571,123985,13331,238203,55844,26921,28923
41600,257805,19572,123997,13331,238233,55849,26923,28926
41605,257836,19574,124014,13333,238262,55854,26926,28928
41610,257867,19575,124022,13334,238292,55859,26927,28932
41615,257898,19578,124037,13336,238319,55864,26929,28935
41620,257929,19579,124048,13336,238350,55869,26930,28939
41625,257960,19580,124057,13336,238380,55874,26932,28942
41630,257991,19583,124068,13339,238408,55879,26934,28945
41635,258022,19585,124087,13339,238437,55884,26938,28946
41640,258053,19589,124103,13342,238464,55889,26941,28948
41645,258084,19592,124117,13345,238492,55893,26942,28951
41650,258115,19593,124128,13345,238522,55897,26943,28954
41655,258146,19595,124146,13347,238551,55901,26944,28957
41660,258177,19597,124162,13349,238579,55905,26945,28960
41665,258208,19598,124180,13350,238609,55909,26946,28963
41670,258239,19600,124197,13352,238639,55913,26948,28965
41675,258270,19602,124209,13354,238668,55917,26950,28967
41680,258301,19604,124222,13356,238696,55921,26951,28970
41685,258332,19607,124234,13359,238725,55927,26952,28975
41690,258363,19609,124245,13360,238751,55934,26953,28981
41695,258394,19615,124263,13366,238778,55941,26956,28985
41700,258425,19619,124275,13369,238804,55948,26959,28989
41705,258456,19624,124294,13373,238829,55955,26963,28992
41710,258487,19627,124306,13374,238858,55962,26963,28999
41715,258518,19631,124323,13378,238886,55969,26966,29003
41720,258549,19633,124341,13380,238915,55976,26969,29007
41725,258580,19634,124362,13380,238945,55983,26975,29008
41730,258611,19635,124377,13381,238975,55990,26979,29011
41735,258642,19637,124391,13383,239005,55997,26983,29014
41740,258673,19639,124404,13385,239034,56004,26986,29018
41745,258704,19642,124418,13387,239061,56012,26989,29023
41750,258735,19642,124434,13387,239091,56020,26993,29027
41755,258766,19644,124450,13389,239121,56028,26999,29029
41760,258797,19646,124466,13390,239150,56036,27004,29032
41765,258828,19649,124478,13392,239179,56044,27006,29038
41770,258859,19651,124490,13394,239208,56052,27008,29044
41775,258890,19653,124513,13396,239237,56060,27015,29045
41780,258921,19654,124530,13397,239267,56068,27021,29047
41785,258952,19655,124544,13398,239297,56076,27022,29054
41790,258983,19657,124559,13400,239326,56084,27025,29059
41795,259014,19659,124579,13401,239355,56092,27029,29063
41800,259045,19660,124589,13401,239385,56100,27031,29069
41805,259076,19661,124602,13402,239415,56108,27033,29075
41810,259107,19663,124622,13403,239444,56116,27039,29077
41815,259138,19665,124637,13405,239473,56124,27042,29082
41820,259169,19669,124651,13407,239500,56132,27046,29086
41825,259200,19670,124664,13407,239529,56139,27050,29089
41830,259231,19672,124679,13408,239558,56146,27053,29093
41835,259262,19673,124695,13408,239588,56153,27055,29098
41840,259293,19675,124713,13409,239618,56160,27058,29102
41845,259324,19676,124729,13409,239648,56167,27061,29106
41850,259355,19678,124745,13410,239677,56174,27063,29111
41855,259386,19681,124756,13412,239704,56181,27065,29116
41860,259417,19686,124774,13417,239731,56188,27070,29118
41865,259448,19688,124790,13418,239758,56195,27072,29123
41870,259479,19692,124805,13420,239784,56202,27074,29128
41875,259510,19697,124822,13424,239811,56209,27077,29132
41880,259541,19701,124839,13428,239837,56216,27078,29138
41885,259572,19704,124851,13429,239867,56221,27078,29143
41890,259603,19707,124869,13432,239894,56226,27080,29146
41895,259634,19711,124886,13435,239922,56231,27083,29148
41900,259665,19714,124905,13438,239950,56236,27086,29150
41905,259696,19718,124921,13441,239978,56241,27089,29152
41910,259727,19718,124934,13441,240009,56246,27092,29154
41915,259758,19718,124949,13441,240040,56251,27094,29157
41920,259789,19718,124964,13441,240071,56256,27096,29160
41925,259820,19718,124977,13441,240102,56262,27100,29162
41930,259851,19722,124989,13445,240129,56268,27102,29166
41935,259882,19726,125008,13448,240156,56274,27104,29170
41940,259913,19730,125022,13451,240183,56280,27104,29176
41945,259944,19734,125033,13454,240210,56285,27105,29180
41950,259975,19737,125047,13457,240238,56290,27106,29184
41955,260006,19737,125065,13457,240269,56295,27108,29187
41960,260037,19737,125080,13457,240300,56300,27111,29189
41965,260068,19737,125097,13457,240331,56305,27114,29191
41970,260099,19737,125111,13457,240362,56310,27116,29194
41975,260130,19737,125129,13457,240393,56315,27119,29196
41980,260161,19737,125146,13457,240424,56320,27121,29199
41985,260192,19737,125162,13457,240455,56327,27125,29202
41990,260223,19737,125177,13457,240486,56334,27127,29207
41995,260254,19737,125194,13457,240516,56341,27129,29212
42000,260285,19737,125210,13457,240548,56348,27133,29215
42005,260316,19738,125223,13458,240577,56355,27135,29220
42010,260347,19739,125240,13459,240606,56362,27140,29222
42015,260378,19743,125260,13463,240632,56369,27146,29223
42020,260409,19747,125278,13466,240660,56376,27150,29226
42025,260440,19750,125296,13467,240688,56383,27154,29229
42030,260471,19753,125311,13469,240717,56390,27159,29231
42035,260502,19755,125325,13470,240745,56397,27162,29235
42040,260533,19758,125342,13472,240773,56404,27164,29240
42045,260564,19760,125357,13473,240801,56411,27166,29245
42050,260595,19762,125369,13475,240833,56419,27167,29252
42055,260626,19765,125386,13478,240861,56427,27171,29256
42060,260657,19768,125399,13481,240889,56435,27174,29261
42065,260688,19771,125415,13483,240917,56443,27177,29266
42070,260719,19775,125433,13486,240943,56451,27181,29270
42075,260750,19780,125450,13491,240969,56459,27186,29273
42080,260781,19786,125467,13496,240994,56467,27190,29277
42085,260812,19792,125482,13500,241020,56475,27195,29280
42090,260843,19797,125501,13503,241046,56483,27200,29283
42095,260874,19800,125517,13506,241073,56491,27204,29287
42100,260905,19805,125529,13510,241100,56499,27208,29291
42105,260936,19810,125544,13514,241125,56507,27211,29296
42110,260967,19814,125561,13517,241150,56515,27215,29300
42115,260998,19821,125574,13521,241177,56523,27217,29306
42120,261029,19826,125589,13523,241202,56531,27221,29310
42125,261060,19831,125606,13528,241229,56537,27223,29314
42130,261091,19832,125622,13528,241259,56543,27226,29317
42135,261122,19833,125637,13528,241289,56549,27231,29318
42140,261153,19834,125653,13528,241319,56555,27233,29322
42145,261184,19835,125671,13529,241349,56561,27238,29323
42150,261215,19837,125689,13531,241378,56567,27241,29326
42155,261246,19839,125703,13533,241407,56573,27243,29330
42160,261277,19840,125715,13534,241437,56579,27244,29335
42165,261308,19840,125731,13534,241467,56585,27247,29338
42170,261339,19840,125743,13534,241498,56591,27248,29343
42175,261370,19840,125755,13534,241529,56597,27251,29346
42180,261401,19840,125774,13534,241559,56603,27254,29349
42185,261432,19840,125787,13534,241592,56608,27257,29351
42190,261463,19840,125802,13534,241622,56613,27259,29354
42195,261494,19840,125817,13534,241653,56618,27261,29357
42200,261525,19840,125834,13534,241684,56623,27265,29358
42205,261556,19840,125849,13534,241716,56628,27268,29360
42210,261587,19840,125864,13534,241747,56633,27271,29362
42215,261618,19840,125879,13534,241777,56638,27274,29364
42220,261649,19840,125895,13534,241809,56643,27278,29365
42225,261680,19841,125911,13535,241838,56650,27284,29366
42230,261711,19842,125928,13536,241866,56657,27287,29370
42235,261742,19845,125941,13538,241897,56664,27292,29372
42240,261773,19847,125956,13539,241922,56671,27296,29375
42245,261804,19850,125978,13540,241952,56678,27300,29378
42250,261835,19853,125999,13541,241981,56685,27305,29380
42255,261866,19856,126018,13543,242010,56692,27310,29382
42260,261897,19859,126034,13545,242038,56699,27315,29384
42265,261928,19862,126052,13547,242065,56706,27318,29388
42270,261959,19866,126069,13550,242092,56713,27321,29392
42275,261990,19870,126087,13553,242119,56720,27325,29395
42280,262021,19875,126102,13556,242146,56727,27329,29398
42285,262052,19878,126118,13557,242173,56735,27335,29400
42290,262083,19883,126133,13560,242199,56743,27339,29404
42295,262114,19890,126151,13565,242224,56751,27343,29408
42300,262145,19894,126165,13568,242251,56759,27346,29413
42305,262176,19899,126177,13570,242277,56766,27348,29418
42310,262207,19902,126189,13572,242305,56773,27350,29423
42315,262238,19905,126205,13575,242333,56780,27354,29426
42320,262269,19907,126222,13577,242362,56787,27358,29429
42325,262300,19909,126239,13579,242391,56794,27362,29432
42330,262331,19913,126251,13583,242418,56801,27364,29437
42335,262362,19918,126273,13588,242444,56808,27367,29441
42340,262393,19921,126287,13590,242472,56815,27372,29443
42345,262424,19925,126300,13593,242499,56822,27376,29446
42350,262455,19929,126313,13596,242525,56829,27379,29450
42355,262486,19931,126331,13597,242554,56836,27382,29454
42360,262517,19932,126348,13598,242585,56843,27386,29457
42365,262548,19933,126361,13599,242614,56847,27389,29458
42370,262579,19935,126378,13601,242643,56851,27391,29460
42375,262610,19937,126397,13602,242672,56855,27393,29462
42380,262641,19938,126414,13602,242702,56859,27394,29465
42385,262672,19939,126435,13603,242732,56863,27396,29467
42390,262703,19940,126450,13603,242761,56867,27398,29469
42395,262734,19941,126465,13604,242793,56871,27398,29473
42400,262765,19941,126484,13604,242823,56875,27400,29475
42405,262796,19941,126499,13604,242852,56879,27400,29479
42410,262827,19945,126515,13608,242880,56884,27402,29482
42415,262858,19949,126531,13611,242907,56889,27403,29486
42420,262889,19952,126546,13613,242936,56894,27406,29488
42425,262920,19953,126555,13613,242967,56899,27408,29491
42430,262951,19954,126575,13614,242996,56904,27411,29493
42435,262982,19956,126589,13615,243025,56909,27411,29498
42440,263013,19958,126603,13616,243055,56914,27414,29500
42445,263044,19959,126621,13617,243085,56919,27416,29503
42450,263075,19960,126635,13617,243113,56924,27418,29506
42455,263106,19965,126654,13622,243140,56929,27420,29509
42460,263137,19970,126674,13627,243166,56934,27424,29510
42465,263168,19974,126689,13631,243192,56942,27429,29513
42470,263199,19976,126704,13632,243223,56950,27436,29514
42475,263230,19978,126719,13634,243250,56958,27440,29518
42480,263261,19981,126731,13636,243279,56966,27444,29522
42485,263292,19982,126747,13637,243309,56974,27448,29526
42490,263323,19984,126764,13638,243338,56982,27454,29528
42495,263354,19985,126783,13638,243368,56990,27461,29529
42500,263385,19987,126796,13640,243397,56998,27463,29535
42505,263416,19989,126812,13641,243427,57006,27470,29536
42510,263447,19993,126830,13645,243454,57014,27473,29541
42515,263478,19997,126846,13648,243481,57022,27479,29543
42520,263509,20000,126865,13650,243509,57030,27484,29546
42525,263540,20004,126887,13653,243536,57038,27489,29549
42530,263571,20008,126903,13655,243562,57046,27495,29551
42535,263602,20011,126914,13656,243591,57054,27499,29555
42540,263633,20015,126929,13659,243618,57062,27503,29559
42545,263664,20016,126942,13659,243648,57070,27507,29563
42550,263695,20017,126957,13660,243678,57078,27511,29567
42555,263726,20018,126971,13660,243708,57086,27513,29573
42560,263757,20019,126984,13661,243738,57094,27517,29577
42565,263788,20020,126998,13662,243768,57102,27520,29582
42570,263819,20021,127005,13662,243798,57110,27520,29590
42575,263850,20022,127020,13663,243828,57118,27524,29594
42580,263881,20023,127033,13664,243858,57126,27527,29599
42585,263912,20024,127046,13664,243886,57134,27529,29605
42590,263943,20028,127053,13667,243914,57142,27530,29612
42595,263974,20032,127066,13670,243942,57150,27533,29617
42600,264005,20034,127083,13670,243970,57158,27536,29622
42605,264036,20038,127096,13672,243997,57166,27540,29626
42610,264067,20042,127109,13674,244022,57174,27541,29633
42615,264098,20046,127127,13676,244048,57182,27547,29635
42620,264129,20051,127144,13679,244077,57190,27554,29636
42625,264160,20054,127157,13681,244105,57198,27558,29640
42630,264191,20055,127179,13681,244136,57206,27564,29642
42635,264222,20056,127193,13682,244165,57214,27567,29647
42640,264253,20057,127209,13683,244196,57222,27572,29650
42645,264284,20060,127227,13686,244224,57230,27579,29651
42650,264315,20065,127248,13691,244248,57238,27584,29654
42655,264346,20069,127261,13695,244277,57246,27586,29660
42660,264377,20073,127277,13699,244304,57254,27590,29664
42665,264408,20077,127289,13702,244331,57260,27593,29667
42670,264439,20082,127306,13707,244357,57266,27597,29669
42675,264470,20082,127315,13707,244388,57272,27598,29674
42680,264501,20082,127332,13707,244419,57278,27600,29678
42685,264532,20082,127346,13707,244450,57284,27604,29680
42690,264563,20082,127360,13707,244480,57290,27607,29683
42695,264594,20082,127377,13707,244512,57296,27610,29686
42700,264625,20082,127392,13707,244542,57302,27612,29690
42705,264656,20082,127411,13707,244573,57308,27615,29693
42710,264687,20082,127426,13707,244605,57314,27617,29697
42715,264718,20082,127440,13707,244636,57320,27620,29700
42720,264749,20082,127457,13707,244666,57326,27623,29703
42725,264780,20082,127471,13707,244698,57331,27624,29707
42730,264811,20082,127488,13707,244729,57336,27626,29710
42735,264842,20086,127500,13711,244755,57341,27627,29714
42740,264873,20092,127514,13717,244780,57346,27627,29719
42745,264904,20098,127529,13722,244804,57351,27629,29722
42750,264935,20101,127544,13724,244834,57356,27631,29725
42755,264966,20101,127554,13724,244865,57361,27633,29728
42760,264997,20101,127568,13724,244893,57366,27635,29731
42765,265028,20101,127577,13724,244925,57372,27636,29736
42770,265059,20101,127588,13724,244955,57379,27637,29742
42775,265090,20103,127601,13725,244985,57386,27638,29748
42780,265121,20107,127617,13728,245013,57393,27640,29753
42785,265152,20110,127639,13730,245042,57399,27646,29753
42790,265183,20112,127656,13731,245071,57405,27650,29755
42795,265214,20115,127669,13732,245099,57411,27653,29758
42800,265245,20118,127685,13734,245127,57417,27657,29760
42805,265276,20120,127695,13734,245156,57423,27657,29766
42810,265307,20123,127712,13736,245184,57429,27661,29768
42815,265338,20127,127725,13739,245211,57435,27664,29771
42820,265369,20131,127742,13742,245238,57441,27667,29774
42825,265400,20133,127755,13743,245267,57448,27670,29778
42830,265431,20135,127766,13743,245296,57455,27673,29782
42835,265462,20137,127782,13744,245325,57462,27679,29783
42840,265493,20141,127797,13747,245352,57469,27683,29786
42845,265524,20143,127810,13748,245381,57474,27686,29788
42850,265555,20145,127824,13750,245410,57479,27689,29790
42855,265586,20147,127838,13752,245439,57484,27691,29793
42860,265617,20149,127851,13753,245467,57489,27693,29796
42865,265648,20154,127868,13758,245493,57494,27696,29798
42870,265679,20160,127888,13763,245519,57499,27700,29799
42875,265710,20164,127901,13766,245546,57504,27700,29804
42880,265741,20165,127913,13766,245575,57509,27703,29806
42885,265772,20169,127935,13770,245601,57515,27706,29809
42890,265803,20174,127949,13774,245628,57521,27709,29812
42895,265834,20177,127966,13777,245656,57527,27714,29813
42900,265865,20180,127981,13780,245684,57533,27718,29815
42905,265896,20180,128001,13780,245715,57538,27721,29817
42910,265927,20180,128016,13780,245747,57543,27722,29821
42915,265958,20180,128030,13780,245774,57548,27724,29824
42920,265989,20180,128049,13780,245808,57553,27727,29826
42925,266020,20180,128067,13780,245840,57558,27728,29830
42930,266051,20180,128084,13780,245869,57563,27730,29833
42935,266082,20180,128103,13780,245901,57568,27733,29835
42940,266113,20180,128114,13780,245933,57573,27735,29838
42945,266144,20181,128129,13780,245962,57580,27739,29841
42950,266175,20183,128144,13782,245991,57587,27740,29847
42955,266206,20184,128156,13783,246021,57594,27741,29853
42960,266237,20185,128170,13783,246051,57601,27743,29858
42965,266268,20187,128188,13785,246081,57608,27748,29860
42970,266299,20189,128196,13786,246110,57615,27750,29865
42975,266330,20190,128209,13786,246140,57622,27753,29869
42980,266361,20192,128224,13788,246169,57629,27757,29872
42985,266392,20195,128247,13791,246196,57636,27761,29875
42990,266423,20197,128266,13792,246225,57643,27768,29875
42995,266454,20200,128281,13794,246252,57650,27770,29880
43000,266485,20203,128298,13797,246281,57657,27774,29883
43005,266516,20206,128315,13800,246310,57665,27778,29887
43010,266547,20211,128330,13805,246335,57673,27781,29892
43015,266578,20216,128338,13808,246362,57681,27784,29897
43020,266609,20221,128354,13810,246387,57689,27788,29901
43025,266640,20228,128370,13816,246412,57696,27792,29904
43030,266671,20234,128386,13820,246437,57703,27796,29907
43035,266702,20241,128403,13826,246460,57710,27799,29911
43040,266733,20247,128415,13829,246486,57717,27800,29917
43045,266764,20252,128431,13832,246512,57724,27804,29920
43050,266795,20255,128450,13834,246539,57731,27808,29923
43055,266826,20258,128464,13836,246568,57738,27809,29929
43060,266857,20259,128479,13837,246597,57745,27811,29934
43065,266888,20261,128495,13838,246627,57752,27814,29938
43070,266919,20263,128508,13840,246656,57759,27814,29945
43075,266950,20263,128524,13840,246687,57766,27819,29947
43080,266981,20263,128541,13840,246718,57773,27823,29950
43085,267012,20263,128556,13840,246749,57780,27828,29952
43090,267043,20263,128574,13840,246780,57787,27834,29953
43095,267074,20263,128590,13840,246811,57794,27837,29957
43100,267105,20263,128611,13840,246842,57801,27840,29961
43105,267136,20263,128625,13840,246872,57808,27844,29964
43110,267167,20263,128640,13840,246903,57815,27850,29965
43115,267198,20263,128655,13840,246934,57822,27854,29968
43120,267229,20263,128669,13840,246964,57829,27855,29974
43125,267260,20263,128685,13840,246996,57836,27857,29979
43130,267291,20263,128698,13840,247028,57844,27861,29983
43135,267322,20263,128710,13840,247059,57852,27863,29989
43140,267353,20263,128726,13840,247089,57860,27868,29992
43145,267384,20263,128738,13840,247120,57868,27871,29997
43150,267415,20263,128753,13840,247150,57876,27873,30003
43155,267446,20265,128767,13841,247180,57884,27878,30006
43160,267477,20267,128782,13842,247209,57892,27881,30011
43165,267508,20270,128795,13843,247237,57900,27886,30014
43170,267539,20272,128808,13844,247265,57908,27888,30020
43175,267570,20275,128818,13846,247294,57916,27892,30024
43180,267601,20277,128832,13846,247323,57924,27896,30028
43185,267632,20281,128847,13848,247349,57932,27901,30031
43190,267663,20287,128861,13852,247375,57940,27905,30035
43195,267694,20296,128879,13860,247396,57948,27907,30041
43200,267725,20302,128896,13866,247423,57956,27909,30047
43205,267756,20307,128915,13869,247449,57963,27913,30050
43210,267787,20312,128934,13874,247474,57970,27916,30054
43215,267818,20316,128948,13877,247502,57977,27917,30060
43220,267849,20319,128968,13879,247530,57984,27920,30064
43225,267880,20322,128983,13881,247557,57991,27924,30067
43230,267911,20324,128995,13882,247586,57998,27929,30069
43235,267942,20326,129010,13884,247615,58005,27930,30075
43240,267973,20328,129025,13884,247645,58012,27935,30077
43245,268004,20330,129039,13886,247674,58019,27937,30082
43250,268035,20334,129057,13888,247701,58026,27941,30085
43255,268066,20337,129070,13889,247729,58033,27944,30089
43260,268097,20339,129084,13890,247758,58040,27947,30093
43265,268128,20341,129101,13890,247785,58046,27949,30097
43270,268159,20343,129121,13891,247815,58052,27955,30097
43275,268190,20347,129134,13894,247842,58058,27956,30102
43280,268221,20348,129148,13895,247872,58064,27958,30106
43285,268252,20350,129165,13896,247902,58070,27961,30109
43290,268283,20351,129182,13897,247932,58076,27964,30112
43295,268314,20352,129199,13897,247962,58082,27968,30114
43300,268345,20353,129212,13897,247992,58088,27972,30116
43305,268376,20354,129227,13897,248022,58095,27974,30121
43310,268407,20356,129241,13898,248051,58102,27975,30127
43315,268438,20357,129255,13898,248081,58109,27980,30129
43320,268469,20359,129266,13899,248109,58116,27982,30134
43325,268500,20361,129283,13899,248139,58123,27985,30138
43330,268531,20363,129295,13899,248168,58130,27989,30141
43335,268562,20366,129307,13900,248196,58137,27992,30145
43340,268593,20369,129323,13903,248224,58144,27995,30149
43345,268624,20372,129342,13904,248252,58151,28000,30151
43350,268655,20377,129359,13909,248277,58158,28002,30156
43355,268686,20380,129372,13911,248305,58165,28006,30159
43360,268717,20383,129390,13914,248333,58172,28011,30161
43365,268748,20385,129408,13915,248362,58180,28017,30163
43370,268779,20388,129425,13917,248390,58188,28020,30168
43375,268810,20389,129437,13917,248421,58196,28025,30171
43380,268841,20391,129449,13918,248449,58204,28028,30176
43385,268872,20395,129467,13921,248475,58208,28032,30176
43390,268903,20402,129483,13927,248501,58212,28033,30179
43395,268934,20404,129499,13929,248529,58216,28035,30181
43400,268965,20406,129515,13931,248558,58220,28037,30183
43405,268996,20410,129533,13935,248585,58224,28041,30183
43410,269027,20414,129551,13939,248613,58228,28044,30184
43415,269058,20416,129562,13940,248642,58232,28044,30188
43420,269089,20418,129578,13942,248670,58236,28046,30190
43425,269120,20419,129595,13942,248699,58240,28047,30193
43430,269151,20420,129612,13943,248729,58244,28048,30196
43435,269182,20421,129624,13944,248760,58248,28050,30198
43440,269213,20422,129638,13944,248791,58252,28051,30201
43445,269244,20422,129650,13944,248822,58255,28053,30202
43450,269275,20422,129662,13944,248853,58258,28053,30205
43455,269306,20422,129682,13944,248884,58261,28055,30206
43460,269337,20422,129694,13944,248915,58264,28057,30207
43465,269368,20423,129709,13945,248945,58267,28058,30209
43470,269399,20424,129722,13946,248974,58270,28058,30212
43475,269430,20426,129736,13947,249004,58273,28060,30213
43480,269461,20427,129751,13947,249033,58276,28063,30213
43485,269492,20428,129765,13948,249063,58282,28067,30215
43490,269523,20429,129780,13948,249093,58289,28072,30217
43495,269554,20431,129793,13950,249123,58296,28073,30223
43500,269585,20434,129806,13951,249151,58303,28076,30227
43505,269616,20437,129823,13953,249178,58310,28080,30230
43510,269647,20440,129835,13956,249206,58317,28082,30235
43515,269678,20443,129849,13958,249235,58324,28084,30240
43520,269709,20446,129866,13960,249262,58331,28088,30243
43525,269740,20452,129879,13965,249288,58338,28089,30249
43530,269771,20456,129898,13969,249315,58345,28092,30253
43535,269802,20459,129910,13970,249342,58352,28095,30257
43540,269833,20462,129922,13973,249370,58359,28101,30258
43545,269864,20467,129934,13977,249397,58367,28103,30264
43550,269895,20474,129951,13983,249420,58375,28108,30267
43555,269926,20480,129964,13989,249446,58383,28109,30274
43560,269957,20485,129979,13992,249471,58391,28110,30281
43565,269988,20488,129995,13994,249499,58399,28114,30285
43570,270019,20491,130010,13996,249527,58407,28119,30288
43575,270050,20492,130017,13997,249558,58415,28120,30295
43580,270081,20495,130031,13999,249585,58423,28122,30301
43585,270112,20498,130047,14002,249613,58431,28125,30306
43590,270143,20500,130067,14004,249643,58439,28131,30308
43595,270174,20500,130082,14004,249674,58447,28135,30312
43600,270205,20500,130098,14004,249705,58455,28139,30316
43605,270236,20500,130113,14004,249735,58463,28142,30321
43610,270267,20500,130128,14004,249765,58471,28146,30325
43615,270298,20500,130140,14004,249797,58479,28148,30331
43620,270329,20500,130155,14004,249829,58487,28151,30336
43625,270360,20500,130167,14004,249859,58495,28153,30342
43630,270391,20500,130181,14004,249889,58503,28155,30348
43635,270422,20500,130192,14004,249921,58511,28159,30352
43640,270453,20500,130207,14004,249952,58519,28163,30356
43645,270484,20500,130221,14004,249983,58527,28167,30360
43650,270515,20500,130232,14004,250015,58535,28171,30364
43655,270546,20500,130245,14004,250045,58543,28173,30370
43660,270577,20500,130264,14004,250075,58551,28177,30374
43665,270608,20504,130278,14006,250102,58559,28181,30378
43670,270639,20508,130292,14009,250130,58567,28186,30381
43675,270670,20512,130303,14012,250156,58575,28188,30387
43680,270701,20518,130314,14016,250182,58583,28191,30392
43685,270732,20520,130324,14017,250211,58590,28194,30396
43690,270763,20524,130340,14021,250239,58597,28197,30400
43695,270794,20527,130348,14022,250267,58604,28199,30405
43700,270825,20530,130362,14023,250295,58611,28200,30411
43705,270856,20533,130377,14025,250323,58618,28203,30415
43710,270887,20535,130391,14027,250352,58625,28205,30420
43715,270918,20538,130407,14030,250380,58632,28207,30425
43720,270949,20540,130422,14032,250409,58639,28210,30429
43725,270980,20543,130435,14035,250437,58646,28213,30433
43730,271011,20547,130447,14038,250464,58653,28217,30436
43735,271042,20552,130465,14042,250490,58660,28221,30439
43740,271073,20556,130482,14045,250517,58667,28226,30441
43745,271104,20559,130493,14047,250545,58673,28230,30443
43750,271135,20563,130510,14050,250572,58679,28232,30447
43755,271166,20564,130523,14050,250602,58685,28235,30450
43760,271197,20565,130538,14051,250631,58691,28236,30455
43765,271228,20566,130558,14052,250662,58697,28238,30459
43770,271259,20567,130574,14052,250692,58703,28243,30460
43775,271290,20568,130593,14052,250722,58709,28247,30462
43780,271321,20569,130607,14053,250752,58715,28248,30467
43785,271352,20570,130620,14054,250782,58721,28249,30472
43790,271383,20572,130632,14055,250811,58728,28251,30477
43795,271414,20573,130647,14056,250839,58735,28253,30482
43800,271445,20575,130663,14057,250870,58742,28259,30483
43805,271476,20578,130677,14060,250897,58749,28261,30488
43810,271507,20581,130691,14062,250926,58756,28262,30494
43815,271538,20583,130703,14063,250955,58763,28265,30498
43820,271569,20586,130720,14064,250983,58770,28269,30501
43825,271600,20589,130736,14067,251011,58777,28272,30505
43830,271631,20591,130754,14068,251040,58784,28276,30508
43835,271662,20594,130771,14070,251067,58791,28281,30510
43840,271693,20596,130788,14072,251096,58798,28282,30516
43845,271724,20597,130805,14073,251126,58806,28287,30519
43850,271755,20598,130820,14074,251156,58814,28292,30522
43855,271786,20599,130837,14075,251186,58822,28297,30525
43860,271817,20604,130851,14079,251212,58830,28300,30530
43865,271848,20607,130864,14082,251239,58837,28302,30535
43870,271879,20611,130876,14086,251267,58844,28306,30538
43875,271910,20614,130894,14088,251294,58851,28309,30542
43880,271941,20617,130909,14089,251324,58858,28310,30548
43885,271972,20619,130924,14090,251353,58865,28314,30551
43890,272003,20622,130936,14092,251381,58872,28317,30555
43895,272034,20624,130950,14093,251409,58879,28320,30559
43900,272065,20628,130963,14097,251436,58886,28322,30564
43905,272096,20631,130973,14098,251464,58893,28324,30569
43910,272127,20634,130985,14099,251492,58900,28328,30572
43915,272158,20638,130999,14102,251520,58907,28331,30576
43920,272189,20639,131013,14103,251550,58914,28334,30580
43925,272220,20640,131026,14103,251580,58918,28334,30584
43930,272251,20641,131040,14103,251609,58922,28335,30587
43935,272282,20642,131055,14103,251640,58926,28335,30591
43940,272313,20643,131074,14104,251669,58930,28338,30592
43945,272344,20645,131088,14106,251698,58934,28342,30592
43950,272375,20648,131105,14107,251727,58938,28344,30594
43955,272406,20650,131119,14108,251755,58942,28346,30596
43960,272437,20652,131133,14110,251785,58946,28346,30600
43965,272468,20654,131147,14111,251813,58951,28349,30602
43970,272499,20658,131162,14114,251839,58956,28351,30605
43975,272530,20660,131176,14115,251869,58961,28355,30606
43980,272561,20662,131191,14116,251899,58966,28357,30609
43985,272592,20666,131208,14120,251925,58971,28360,30611
43990,272623,20669,131221,14122,251954,58976,28362,30614
43995,272654,20673,131239,14126,251980,58981,28364,30617
44000,272685,20677,131255,14129,252007,58986,28366,30620
44005,272716,20680,131268,14130,252035,58991,28367,30624
44010,272747,20684,131285,14133,252062,58996,28370,30626
44015,272778,20688,131300,14136,252090,59001,28374,30627
44020,272809,20691,131308,14138,252118,59006,28375,30631
44025,272840,20693,131324,14140,252146,59014,28378,30636
44030,272871,20695,131334,14141,252176,59022,28382,30640
44035,272902,20697,131353,14142,252203,59030,28387,30643
44040,272933,20701,131365,14144,252231,59038,28391,30647
44045,272964,20704,131375,14145,252260,59045,28393,30652
44050,272995,20707,131393,14148,252287,59052,28398,30654
44055,273026,20710,131410,14151,252314,59059,28401,30658
44060,273057,20713,131427,14153,252342,59066,28405,30661
44065,273088,20718,131445,14157,252370,59073,28410,30663
44070,273119,20721,131460,14159,252397,59080,28413,30667
44075,273150,20724,131475,14162,252426,59087,28420,30667
44080,273181,20724,131493,14162,252457,59094,28421,30673
44085,273212,20724,131513,14162,252487,59101,28426,30675
44090,273243,20724,131527,14162,252519,59108,28430,30678
44095,273274,20724,131539,14162,252550,59115,28434,30681
44100,273305,20724,131560,14162,252580,59122,28440,30682
44105,273336,20724,131572,14162,252611,59129,28441,30688
44110,273367,20724,131586,14162,252643,59136,28443,30693
44115,273398,20724,131603,14162,252674,59143,28447,30696
44120,273429,20724,131617,14162,252705,59150,28450,30700
44125,273460,20724,131627,14162,252735,59157,28451,30706
44130,273491,20726,131643,14164,252765,59164,28455,30709
44135,273522,20727,131661,14165,252793,59171,28460,30711
44140,273553,20728,131681,14166,252822,59178,28466,30712
44145,273584,20729,131698,14167,252854,59186,28471,30715
44150,273615,20731,131715,14168,252883,59194,28476,30718
44155,273646,20732,131732,14169,252913,59202,28482,30720
44160,273677,20735,131748,14170,252941,59210,28486,30724
44165,273708,20739,131766,14172,252969,59217,28490,30727
44170,273739,20742,131785,14174,252996,59224,28494,30730
44175,273770,20745,131803,14176,253025,59231,28500,30731
44180,273801,20748,131817,14179,253053,59238,28503,30735
44185,273832,20751,131830,14181,253080,59245,28506,30739
44190,273863,20757,131848,14185,253105,59252,28511,30741
44195,273894,20762,131861,14189,253132,59259,28512,30747
44200,273925,20765,131873,14191,253159,59266,28516,30750
44205,273956,20772,131892,14198,253182,59273,28518,30755
44210,273987,20781,131913,14206,253206,59280,28522,30758
44215,274018,20787,131930,14211,253230,59287,28527,30760
44220,274049,20792,131945,14216,253257,59294,28530,30764
44225,274080,20797,131963,14220,253282,59301,28535,30766
44230,274111,20801,131982,14222,253308,59308,28539,30769
44235,274142,20804,131996,14225,253338,59315,28541,30774
44240,274173,20805,132015,14226,253368,59322,28544,30778
44245,274204,20806,132028,14226,253398,59329,28546,30783
44250,274235,20807,132037,14226,253428,59336,28549,30787
44255,274266,20808,132049,14226,253458,59343,28554,30789
44260,274297,20809,132063,14226,253488,59350,28558,30792
44265,274328,20810,132080,14227,253517,59357,28564,30793
44270,274359,20811,132096,14227,253548,59365,28568,30797
44275,274390,20812,132106,14227,253577,59373,28570,30803
44280,274421,20813,132121,14227,253606,59381,28573,30808
44285,274452,20813,132135,14227,253636,59388,28576,30812
44290,274483,20813,132158,14227,253667,59395,28582,30813
44295,274514,20813,132176,14227,253699,59402,28585,30817
44300,274545,20813,132192,14227,253729,59409,28588,30821
44305,274576,20813,132210,14227,253762,59416,28593,30823
44310,274607,20813,132225,14227,253793,59423,28597,30826
44315,274638,20813,132241,14227,253825,59430,28599,30831
44320,274669,20813,132254,14227,253856,59437,28602,30835
44325,274700,20813,132264,14227,253887,59444,28605,30839
44330,274731,20813,132278,14227,253917,59451,28608,30843
44335,274762,20815,132295,14229,253947,59458,28611,30847
44340,274793,20819,132309,14231,253973,59465,28616,30849
44345,274824,20821,132326,14232,254003,59472,28620,30852
44350,274855,20823,132340,14233,254032,59479,28624,30855
44355,274886,20825,132352,14234,254060,59486,28627,30859
44360,274917,20828,132365,14236,254087,59493,28631,30862
44365,274948,20832,132374,14240,254116,59500,28632,30868
44370,274979,20835,132388,14241,254143,59507,28635,30872
44375,275010,20838,132400,14242,254171,59514,28638,30876
44380,275041,20842,132416,14245,254198,59521,28641,30880
44385,275072,20847,132427,14248,254225,59529,28645,30884
44390,275103,20850,132440,14249,254252,59537,28648,30889
44395,275134,20855,132453,14252,254279,59545,28652,30893
44400,275165,20860,132466,14255,254303,59553,28655,30898
44405,275196,20864,132486,14258,254330,59559,28659,30900
44410,275227,20866,132504,14259,254360,59565,28664,30901
44415,275258,20868,132521,14260,254389,59571,28667,30904
44420,275289,20870,132537,14261,254416,59577,28668,30909
44425,275320,20872,132549,14262,254447,59583,28671,30912
44430,275351,20875,132566,14265,254474,59589,28673,30916
44435,275382,20878,132581,14267,254503,59595,28677,30918
44440,275413,20880,132594,14267,254532,59601,28679,30922
44445,275444,20884,132610,14270,254560,59607,28683,30924
44450,275475,20888,132625,14273,254586,59613,28685,30928
44455,275506,20892,132640,14277,254614,59619,28688,30931
44460,275537,20898,132653,14283,254639,59625,28689,30936
44465,275568,20900,132667,14284,254668,59629,28692,30937
44470,275599,20902,132683,14286,254697,59633,28695,30938
44475,275630,20903,132694,14287,254727,59637,28696,30941
44480,275661,20905,132713,14288,254756,59641,28700,30941
44485,275692,20906,132726,14289,254785,59645,28702,30943
44490,275723,20906,132743,14289,254817,59649,28705,30944
44495,275754,20906,132755,14289,254848,59653,28708,30945
44500,275785,20906,132767,14289,254879,59657,28709,30948
44505,275816,20906,132781,14289,254910,59662,28711,30951
44510,275847,20907,132802,14290,254939,59668,28717,30951
44515,275878,20909,132811,14291,254969,59674,28720,30954
44520,275909,20910,132825,14292,254997,59680,28724,30956
44525,275940,20912,132843,14294,255028,59685,28728,30957
44530,275971,20913,132858,14295,255058,59690,28729,30961
44535,276002,20914,132872,14295,255088,59695,28733,30962
44540,276033,20915,132887,14296,255118,59700,28735,30965
44545,276064,20917,132899,14298,255146,59705,28737,30968
44550,276095,20921,132911,14302,255172,59710,28738,30972
44555,276126,20924,132929,14304,255201,59715,28741,30974
44560,276157,20929,132941,14309,255228,59720,28742,30978
44565,276188,20930,132956,14310,255255,59727,28744,30983
44570,276219,20935,132972,14314,255283,59734,28748,30986
44575,276250,20937,132983,14316,255313,59741,28752,30989
44580,276281,20939,133000,14317,255341,59748,28755,30993
44585,276312,20943,133016,14321,255369,59755,28758,30997
44590,276343,20947,133033,14323,255396,59762,28763,30999
44595,276374,20949,133044,14324,255425,59769,28765,31004
44600,276405,20954,133059,14327,255451,59776,28769,31007
44605,276436,20958,133074,14330,255477,59783,28771,31012
44610,276467,20959,133086,14330,255507,59790,28774,31016
44615,276498,20961,133103,14332,255537,59797,28778,31019
44620,276529,20962,133116,14333,255567,59804,28780,31024
44625,276560,20964,133129,14335,255595,59812,28785,31027
44630,276591,20966,133139,14336,255625,59820,28789,31031
44635,276622,20967,133160,14337,255654,59828,28795,31033
44640,276653,20968,133175,14338,255684,59836,28801,31035
44645,276684,20969,133187,14339,255715,59843,28803,31040
44650,276715,20970,133204,14340,255745,59850,28805,31045
44655,276746,20971,133218,14340,255774,59857,28807,31050
44660,276777,20973,133231,14341,255803,59864,28811,31053
44665,276808,20974,133245,14341,255834,59871,28812,31059
44670,276839,20975,133253,14341,255864,59878,28814,31064
44675,276870,20977,133267,14342,255892,59885,28818,31067
44680,276901,20979,133280,14344,255922,59892,28821,31071
44685,276932,20981,133290,14345,255951,59899,28823,31076
44690,276963,20983,133306,14346,255980,59906,28828,31078
44695,276994,20986,133319,14347,256008,59913,28831,31082
44700,277025,20990,133335,14349,256034,59920,28836,31084
44705,277056,20994,133342,14351,256062,59927,28837,31090
44710,277087,20999,133356,14354,256088,59934,28840,31094
44715,277118,21003,133367,14356,256114,59941,28842,31099
44720,277149,21010,133383,14363,256139,59948,28846,31102
44725,277180,21018,133398,14369,256162,59955,28850,31105
44730,277211,21023,133411,14373,256188,59962,28851,31111
44735,277242,21027,133431,14377,256215,59969,28854,31115
44740,277273,21030,133453,14380,256242,59976,28857,31119
44745,277304,21031,133468,14381,256273,59984,28859,31125
44750,277335,21034,133481,14384,256301,59992,28863,31129
44755,277366,21037,133496,14386,256329,60000,28867,31133
44760,277397,21039,133508,14388,256358,60008,28869,31139
44765,277428,21041,133519,14389,256387,60016,28874,31142
44770,277459,21043,133539,14391,256416,60024,28880,31144
44775,277490,21043,133556,14391,256447,60032,28884,31148
44780,277521,21043,133577,14391,256478,60040,28887,31153
44785,277552,21043,133588,14391,256508,60048,28890,31158
44790,277583,21043,133600,14391,256540,60056,28895,31161
44795,277614,21043,133623,14391,256570,60064,28902,31162
44800,277645,21043,133636,14391,256601,60072,28905,31167
44805,277676,21043,133650,14391,256631,60080,28907,31173
44810,277707,21043,133664,14391,256663,60088,28912,31176
44815,277738,21043,133678,14391,256694,60096,28916,31180
44820,277769,21043,133694,14391,256725,60104,28918,31186
44825,277800,21043,133709,14391,256755,60110,28921,31189
44830,277831,21043,133725,14391,256787,60116,28926,31190
44835,277862,21043,133739,14391,256816,60122,28929,31193
44840,277893,21045,133751,14393,256846,60128,28931,31197
44845,277924,21048,133764,14395,256875,60134,28935,31199
44850,277955,21051,133777,14397,256903,60140,28936,31204
44855,277986,21054,133791,14399,256930,60146,28937,31209
44860,278017,21058,133805,14401,256957,60152,28940,31212
44865,278048,21061,133822,14403,256987,60158,28945,31213
44870,278079,21064,133835,14405,257014,60164,28947,31217
44875,278110,21069,133844,14410,257040,60170,28947,31223
44880,278141,21075,133862,14416,257065,60176,28950,31226
44885,278172,21080,133874,14419,257092,60182,28951,31231
44890,278203,21085,133888,14423,257118,60188,28953,31235
44895,278234,21090,133904,14426,257144,60194,28957,31237
44900,278265,21095,133921,14429,257170,60200,28961,31239
44905,278296,21100,133943,14434,257196,60206,28965,31241
44910,278327,21103,133962,14436,257224,60212,28966,31246
44915,278358,21106,133973,14437,257251,60218,28967,31251
44920,278389,21108,133986,14438,257281,60224,28970,31254
44925,278420,21110,133995,14438,257309,60231,28973,31258
44930,278451,21113,134009,14441,257337,60239,28974,31265
44935,278482,21115,134023,14442,257367,60247,28976,31271
44940,278513,21117,134035,14444,257396,60255,28979,31276
44945,278544,21118,134048,14444,257425,60261,28981,31280
44950,278575,21119,134063,14445,257456,60267,28983,31284
44955,278606,21120,134081,14446,257486,60273,28987,31286
44960,278637,21121,134096,14447,257516,60279,28990,31289
44965,278668,21122,134111,14447,257545,60285,28993,31292
44970,278699,21123,134127,14447,257575,60291,28996,31295
44975,278730,21124,134140,14447,257606,60297,29000,31297
44980,278761,21125,134156,14448,257635,60303,29003,31300
44985,278792,21126,134171,14448,257666,60309,29007,31302
44990,278823,21129,134187,14450,257693,60315,29010,31305
44995,278854,21131,134205,14452,257723,60321,29014,31307
45000,278885,21132,134222,14452,257752,60327,29020,31307
45005,278916,21133,134233,14452,257780,60332,29021,31311
45010,278947,21138,134246,14456,257807,60337,29021,31316
45015,278978,21141,134265,14458,257836,60342,29024,31318
45020,279009,21144,134282,14460,257864,60347,29026,31321
45025,279040,21147,134292,14462,257892,60352,29027,31325
45030,279071,21150,134307,14464,257921,60357,29032,31325
45035,279102,21153,134319,14466,257948,60362,29033,31329
45040,279133,21155,134335,14468,257977,60367,29036,31331
45045,279164,21157,134348,14468,258005,60374,29039,31335
45050,279195,21161,134369,14470,258032,60381,29044,31337
45055,279226,21167,134385,14474,258058,60388,29045,31343
45060,279257,21171,134399,14476,258085,60395,29048,31347
45065,279288,21175,134417,14479,258112,60402,29052,31350
45070,279319,21180,134430,14482,258139,60409,29056,31353
45075,279350,21183,134445,14483,258166,60416,29059,31357
45080,279381,21187,134458,14487,258194,60423,29060,31363
45085,279412,21189,134471,14489,258223,60430,29062,31368
45090,279443,21191,134482,14490,258252,60437,29066,31371
45095,279474,21192,134497,14491,258282,60444,29070,31374
45100,279505,21194,134516,14492,258311,60451,29075,31376
45105,279536,21196,134527,14493,258340,60459,29077,31382
45110,279567,21198,134540,14494,258368,60467,29079,31388
45115,279598,21200,134553,14496,258398,60475,29082,31393
45120,279629,21201,134563,14497,258426,60483,29084,31399
45125,279660,21201,134580,14497,258459,60490,29088,31402
45130,279691,21201,134595,14497,258489,60497,29093,31404
45135,279722,21201,134607,14497,258521,60504,29096,31408
45140,279753,21201,134622,14497,258552,60511,29099,31412
45145,279784,21201,134634,14497,258583,60518,29103,31415
45150,279815,21203,134648,14499,258612,60525,29106,31419
45155,279846,21204,134660,14499,258641,60532,29109,31423
45160,279877,21205,134678,14500,258672,60539,29113,31426
45165,279908,21206,134695,14500,258702,60546,29116,31430
45170,279939,21207,134713,14500,258732,60553,29119,31434
45175,279970,21208,134725,14501,258761,60560,29121,31439
45180,280001,21209,134736,14501,258792,60567,29125,31442
45185,280032,21210,134746,14502,258822,60573,29127,31446
45190,280063,21212,134762,14503,258851,60579,29130,31449
45195,280094,21215,134778,14504,258878,60585,29133,31452
45200,280125,21221,134793,14509,258903,60591,29134,31457
45205,280156,21227,134810,14514,258928,60597,29137,31460
45210,280187,21232,134828,14518,258955,60603,29140,31463
45215,280218,21236,134843,14521,258981,60609,29142,31467
45220,280249,21241,134854,14524,259008,60615,29144,31471
45225,280280,21245,134868,14528,259034,60621,29145,31476
45230,280311,21251,134883,14531,259059,60628,29150,31478
45235,280342,21256,134896,14534,259086,60635,29152,31483
45240,280373,21260,134907,14537,259112,60642,29155,31487
45245,280404,21265,134925,14541,259139,60648,29159,31489
45250,280435,21267,134939,14543,259168,60654,29162,31492
45255,280466,21268,134955,14544,259198,60660,29166,31494
45260,280497,21269,134971,14544,259228,60666,29170,31496
45265,280528,21270,134988,14545,259258,60672,29172,31500
45270,280559,21272,135002,14546,259286,60678,29174,31504
45275,280590,21274,135016,14547,259316,60684,29177,31507
45280,280621,21276,135031,14549,259345,60690,29178,31512
45285,280652,21277,135046,14550,259373,60697,29181,31516
45290,280683,21278,135062,14550,259398,60704,29186,31518
45295,280714,21280,135078,14552,259430,60711,29189,31522
45300,280745,21282,135090,14553,259461,60718,29190,31528
45305,280776,21283,135106,14554,259493,60725,29193,31532
45310,280807,21284,135120,14555,259522,60732,29195,31537
45315,280838,21285,135129,14556,259553,60739,29196,31543
45320,280869,21286,135144,14556,259583,60746,29199,31547
45325,280900,21287,135157,14557,259612,60753,29202,31551
45330,280931,21287,135176,14557,259644,60760,29206,31554
45335,280962,21287,135194,14557,259675,60767,29209,31558
45340,280993,21287,135210,14557,259706,60774,29211,31563
45345,281024,21289,135225,14558,259734,60782,29213,31569
45350,281055,21290,135237,14559,259765,60790,29217,31573
45355,281086,21291,135252,14559,259794,60798,29222,31576
45360,281117,21294,135272,14562,259822,60806,29227,31579
45365,281148,21297,135291,14565,259850,60813,29231,31582
45370,281179,21299,135304,14566,259880,60820,29235,31585
45375,281210,21302,135319,14567,259906,60827,29239,31588
45380,281241,21305,135337,14569,259935,60834,29243,31591
45385,281272,21308,135352,14571,259962,60841,29249,31592
45390,281303,21312,135365,14574,259991,60848,29251,31597
45395,281334,21316,135380,14577,260018,60855,29254,31601
45400,281365,21320,135396,14580,260044,60862,29258,31604
45405,281396,21327,135414,14587,260066,60869,29262,31607
45410,281427,21336,135426,14594,260089,60876,29264,31612
45415,281458,21338,135435,14596,260120,60883,29266,31617
45420,281489,21340,135454,14598,260146,60890,29270,31620
45425,281520,21341,135470,14599,260176,60896,29272,31624
45430,281551,21342,135482,14600,260207,60902,29274,31628
45435,281582,21343,135495,14601,260236,60908,29275,31633
45440,281613,21344,135512,14602,260268,60914,29278,31636
45445,281644,21345,135530,14602,260298,60920,29282,31638
45450,281675,21346,135550,14602,260329,60926,29285,31641
45455,281706,21347,135564,14603,260359,60932,29288,31644
45460,281737,21348,135581,14603,260389,60938,29290,31648
45465,281768,21349,135597,14603,260419,60945,29294,31651
45470,281799,21351,135609,14605,260448,60952,29295,31657
45475,281830,21352,135628,14606,260478,60959,29299,31660
45480,281861,21354,135642,14608,260507,60966,29301,31665
45485,281892,21355,135657,14609,260537,60971,29304,31667
45490,281923,21356,135674,14610,260567,60976,29307,31669
45495,281954,21357,135690,14611,260596,60981,29310,31671
45500,281985,21359,135703,14612,260625,60986,29312,31674
45505,282016,21361,135715,14613,260655,60991,29314,31677
45510,282047,21362,135733,14614,260685,60996,29316,31680
45515,282078,21364,135744,14615,260714,61001,29318,31683
45520,282109,21366,135759,14615,260743,61006,29321,31685
45525,282140,21370,135772,14616,260770,61011,29322,31689
45530,282171,21376,135789,14620,260794,61017,29326,31691
45535,282202,21380,135804,14623,260822,61023,29328,31695
45540,282233,21386,135823,14629,260847,61029,29333,31696
45545,282264,21393,135839,14635,260871,61035,29335,31700
45550,282295,21399,135856,14639,260896,61041,29339,31702
45555,282326,21407,135866,14644,260919,61047,29342,31705
45560,282357,21412,135884,14648,260942,61053,29346,31707
45565,282388,21422,135901,14658,260965,61059,29348,31711
45570,282419,21424,135913,14659,260993,61065,29350,31715
45575,282450,21424,135929,14659,261026,61071,29352,31719
45580,282481,21424,135945,14659,261057,61077,29354,31723
45585,282512,21424,135958,14659,261086,61085,29356,31729
45590,282543,21424,135974,14659,261116,61093,29361,31732
45595,282574,21424,135995,14659,261150,61101,29366,31735
45600,282605,21424,136010,14659,261180,61109,29370,31739
45605,282636,21424,136028,14659,261212,61116,29373,31743
45610,282667,21424,136042,14659,261241,61123,29377,31746
45615,282698,21424,136059,14659,261273,61130,29381,31749
45620,282729,21424,136076,14659,261304,61137,29384,31753
45625,282760,21424,136092,14659,261336,61144,29388,31756
45630,282791,21424,136107,14659,261367,61151,29392,31759
45635,282822,21424,136121,14659,261398,61158,29397,31761
45640,282853,21424,136132,14659,261429,61165,29400,31765
45645,282884,21424,136144,14659,261460,61172,29403,31769
45650,282915,21424,136158,14659,261490,61179,29406,31773
45655,282946,21424,136174,14659,261522,61186,29408,31778
45660,282977,21424,136190,14659,261553,61193,29413,31780
45665,283008,21424,136204,14659,261584,61200,29417,31783
45670,283039,21426,136219,14661,261612,61207,29419,31788
45675,283070,21430,136234,14664,261640,61214,29424,31790
45680,283101,21433,136254,14667,261666,61221,29429,31792
45685,283132,21438,136266,14671,261693,61228,29431,31797
45690,283163,21446,136282,14678,261716,61235,29435,31800
45695,283194,21452,136295,14683,261741,61242,29438,31804
45700,283225,21458,136305,14687,261766,61249,29440,31809
45705,283256,21466,136320,14692,261789,61257,29447,31810
45710,283287,21474,136336,14699,261813,61265,29451,31814
45715,283318,21477,136352,14701,261841,61273,29454,31819
45720,283349,21481,136363,14704,261867,61281,29457,31824
45725,283380,21485,136382,14708,261894,61289,29462,31827
45730,283411,21489,136399,14711,261921,61297,29466,31831
45735,283442,21492,136413,14713,261949,61305,29470,31835
45740,283473,21496,136428,14716,261976,61313,29473,31840
45745,283504,21498,136440,14717,262006,61321,29476,31845
45750,283535,21501,136455,14719,262034,61329,29479,31850
45755,283566,21502,136463,14719,262064,61337,29482,31855
45760,283597,21503,136480,14720,262094,61345,29486,31859
45765,283628,21505,136495,14721,262123,61353,29490,31863
45770,283659,21506,136506,14722,262153,61361,29495,31866
45775,283690,21506,136520,14722,262184,61369,29497,31872
45780,283721,21506,136541,14722,262215,61377,29503,31874
45785,283752,21506,136552,14722,262246,61383,29505,31878
45790,283783,21506,136567,14722,262277,61389,29508,31881
45795,283814,21506,136584,14722,262308,61395,29512,31883
45800,283845,21506,136596,14722,262339,61401,29516,31885
45805,283876,21506,136610,14722,262370,61407,29519,31888
45810,283907,21506,136626,14722,262400,61413,29522,31891
45815,283938,21506,136642,14722,262431,61419,29525,31894
45820,283969,21507,136661,14722,262460,61425,29529,31896
45825,284000,21509,136672,14724,262491,61431,29533,31898
45830,284031,21510,136686,14725,262520,61437,29535,31902
45835,284062,21513,136699,14728,262548,61443,29537,31906
45840,284093,21515,136709,14729,262577,61449,29539,31910
45845,284124,21518,136724,14731,262605,61454,29541,31913
45850,284155,21520,136735,14732,262633,61459,29542,31917
45855,284186,21524,136751,14735,262661,61464,29545,31919
45860,284217,21528,136767,14739,262687,61469,29548,31921
45865,284248,21533,136780,14743,262714,61474,29550,31924
45870,284279,21535,136795,14745,262743,61479,29553,31926
45875,284310,21538,136814,14748,262771,61484,29557,31927
45880,284341,21540,136829,14748,262799,61489,29559,31930
45885,284372,21543,136843,14750,262827,61495,29562,31933
45890,284403,21545,136860,14752,262858,61502,29565,31937
45895,284434,21548,136876,14754,262883,61509,29569,31940
45900,284465,21551,136887,14755,262913,61516,29573,31943
45905,284496,21553,136903,14756,262943,61522,29576,31946
45910,284527,21555,136921,14757,262972,61528,29579,31949
45915,284558,21558,136937,14760,263000,61534,29584,31950
45920,284589,21560,136946,14760,263029,61540,29587,31953
45925,284620,21563,136967,14763,263056,61546,29591,31955
45930,284651,21565,136985,14765,263085,61552,29594,31958
45935,284682,21570,137000,14769,263112,61558,29596,31962
45940,284713,21573,137017,14771,263139,61564,29598,31966
45945,284744,21576,137036,14773,263166,61571,29600,31971
45950,284775,21577,137049,14773,263196,61578,29603,31975
45955,284806,21578,137063,14773,263227,61585,29606,31979
45960,284837,21579,137080,14774,263258,61592,29610,31982
45965,284868,21580,137094,14774,263286,61599,29614,31985
45970,284899,21585,137113,14778,263314,61606,29620,31986
45975,284930,21587,137128,14779,263342,61613,29624,31989
45980,284961,21591,137139,14782,263370,61620,29627,31993
45985,284992,21593,137150,14782,263398,61627,29630,31997
45990,285023,21596,137164,14785,263427,61634,29632,32002
45995,285054,21600,137175,14788,263454,61641,29635,32006
46000,285085,21604,137189,14791,263478,61648,29637,32011
46005,285116,21609,137201,14795,263507,61656,29640,32016
46010,285147,21612,137213,14797,263535,61664,29642,32022
46015,285178,21613,137225,14798,263564,61672,29644,32028
46020,285209,21615,137241,14800,263594,61680,29648,32032
46025,285240,21616,137258,14800,263623,61686,29650,32036
46030,285271,21617,137268,14800,263654,61692,29652,32040
46035,285302,21619,137285,14802,263683,61698,29654,32044
46040,285333,21621,137300,14803,263711,61704,29659,32045
46045,285364,21622,137311,14804,263742,61710,29660,32050
46050,285395,21625,137328,14807,263769,61716,29664,32052
46055,285426,21628,137345,14809,263797,61722,29668,32054
46060,285457,21632,137365,14811,263824,61728,29671,32057
46065,285488,21636,137379,14815,263851,61734,29674,32060
46070,285519,21639,137387,14816,263880,61740,29676,32064
46075,285550,21645,137404,14822,263904,61746,29680,32066
46080,285581,21650,137418,14826,263931,61752,29681,32071
46085,285612,21653,137434,14829,263959,61757,29686,32071
46090,285643,21653,137449,14829,263990,61762,29688,32074
46095,285674,21653,137463,14829,264021,61767,29691,32076
46100,285705,21653,137471,14829,264052,61772,29692,32080
46105,285736,21653,137483,14829,264083,61777,29695,32082
46110,285767,21653,137493,14829,264113,61782,29696,32086
46115,285798,21656,137510,14832,264139,61787,29698,32089
46120,285829,21659,137530,14835,264169,61792,29701,32091
46125,285860,21661,137545,14837,264197,61799,29703,32096
46130,285891,21664,137561,14839,264225,61806,29706,32100
46135,285922,21666,137576,14841,264254,61813,29709,32104
46140,285953,21669,137593,14844,264283,61820,29714,32106
46145,285984,21671,137608,14846,264310,61826,29716,32110
46150,286015,21673,137629,14848,264341,61832,29720,32112
46155,286046,21674,137644,14849,264371,61838,29722,32116
46160,286077,21674,137661,14849,264403,61844,29727,32117
46165,286108,21674,137676,14849,264434,61850,29730,32120
46170,286139,21674,137692,14849,264465,61856,29733,32123
46175,286170,21674,137706,14849,264496,61862,29735,32127
46180,286201,21674,137720,14849,264527,61868,29738,32130
46185,286232,21674,137733,14849,264558,61874,29742,32132
46190,286263,21675,137750,14850,264588,61881,29747,32134
46195,286294,21676,137762,14850,264618,61888,29750,32138
46200,286325,21679,137771,14851,264646,61895,29751,32144
46205,286356,21682,137791,14854,264674,61902,29756,32146
46210,286387,21687,137811,14858,264700,61909,29761,32148
46215,286418,21690,137825,14860,264728,61916,29765,32151
46220,286449,21694,137840,14864,264755,61923,29767,32156
46225,286480,21697,137851,14866,264783,61930,29769,32161
46230,286511,21700,137864,14867,264811,61937,29775,32162
46235,286542,21703,137879,14868,264838,61944,29778,32166
46240,286573,21707,137900,14871,264865,61951,29782,32169
46245,286604,21711,137917,14873,264892,61959,29786,32173
46250,286635,21715,137931,14876,264920,61967,29789,32178
46255,286666,21717,137948,14877,264949,61975,29795,32180
46260,286697,21720,137968,14879,264976,61983,29799,32184
46265,286728,21724,137986,14882,265004,61991,29803,32188
46270,286759,21727,138001,14883,265031,61999,29807,32192
46275,286790,21730,138020,14885,265059,62007,29811,32196
46280,286821,21734,138038,14889,265086,62015,29815,32200
46285,286852,21737,138053,14892,265114,62023,29819,32204
46290,286883,21740,138064,14893,265143,62031,29823,32208
46295,286914,21742,138084,14894,265172,62039,29829,32210
46300,286945,21743,138101,14894,265200,62047,29835,32212
46305,286976,21746,138118,14897,265228,62055,29840,32215
46310,287007,21749,138133,14899,265257,62063,29845,32218
46315,287038,21750,138149,14900,265287,62071,29848,32223
46320,287069,21752,138164,14901,265316,62079,29851,32228
46325,287100,21754,138178,14902,265344,62086,29854,32232
46330,287131,21757,138198,14905,265373,62093,29860,32233
46335,287162,21757,138210,14905,265405,62100,29863,32237
46340,287193,21757,138224,14905,265436,62107,29865,32242
46345,287224,21757,138244,14905,265467,62114,29871,32243
46350,287255,21757,138261,14905,265497,62121,29877,32244
46355,287286,21757,138279,14905,265528,62128,29881,32247
46360,287317,21757,138292,14905,265560,62135,29883,32252
46365,287348,21759,138306,14907,265589,62142,29887,32255
46370,287379,21761,138316,14908,265618,62149,29889,32260
46375,287410,21762,138327,14909,265648,62156,29890,32266
46380,287441,21764,138339,14910,265676,62163,29894,32269
46385,287472,21766,138355,14912,265705,62170,29898,32272
46390,287503,21768,138372,14914,265734,62177,29900,32277
46395,287534,21770,138388,14916,265764,62184,29903,32281
46400,287565,21772,138402,14917,265793,62191,29906,32285
46405,287596,21775,138415,14919,265820,62198,29911,32287
46410,287627,21778,138430,14921,265849,62205,29913,32292
46415,287658,21782,138442,14925,265876,62212,29915,32297
46420,287689,21787,138461,14930,265902,62219,29918,32301
46425,287720,21789,138476,14931,265931,62227,29921,32306
46430,287751,21792,138490,14934,265957,62235,29925,32310
46435,287782,21796,138507,14938,265986,62243,29929,32314
46440,287813,21801,138520,14942,266010,62251,29932,32319
46445,287844,21805,138537,14946,266037,62258,29935,32323
46450,287875,21808,138550,14947,266066,62265,29938,32327
46455,287906,21810,138562,14949,266095,62272,29942,32330
46460,287937,21813,138578,14952,266122,62279,29944,32335
46465,287968,21816,138591,14953,266151,62286,29947,32339
46470,287999,21819,138605,14956,266178,62293,29950,32343
46475,288030,21822,138617,14958,266207,62300,29955,32345
46480,288061,21824,138632,14960,266235,62307,29959,32348
46485,288092,21826,138642,14961,266265,62314,29962,32352
46490,288123,21829,138659,14962,266292,62321,29967,32354
46495,288154,21832,138673,14963,266321,62328,29968,32360
46500,288185,21834,138685,14964,266349,62335,29970,32365
46505,288216,21837,138695,14965,266379,62341,29972,32369
46510,288247,21839,138711,14965,266407,62347,29976,32371
46515,288278,21842,138724,14967,266436,62353,29981,32372
46520,288309,21844,138743,14968,266464,62359,29986,32373
46525,288340,21846,138760,14969,266494,62365,29989,32376
46530,288371,21847,138773,14969,266524,62371,29994,32377
46535,288402,21848,138786,14969,266554,62377,29995,32382
46540,288433,21849,138801,14970,266584,62383,29998,32385
46545,288464,21851,138819,14972,266613,62390,30001,32389
46550,288495,21855,138831,14974,266639,62397,30003,32394
46555,288526,21859,138844,14976,266666,62404,30004,32400
46560,288557,21862,138856,14978,266695,62411,30007,32404
46565,288588,21865,138870,14981,266723,62415,30009,32406
46570,288619,21868,138881,14983,266751,62419,30009,32410
46575,288650,21870,138893,14983,266780,62423,30012,32411
46580,288681,21872,138909,14985,266809,62427,30015,32412
46585,288712,21873,138924,14986,266839,62431,30017,32414
46590,288743,21874,138943,14986,266868,62435,30019,32416
46595,288774,21875,138958,14986,266898,62439,30020,32419
46600,288805,21876,138971,14987,266928,62443,30021,32422
46605,288836,21877,138986,14988,266959,62447,30021,32426
46610,288867,21878,138997,14988,266989,62452,30023,32429
46615,288898,21879,139012,14988,267018,62457,30026,32431
46620,288929,21880,139026,14988,267048,62462,30028,32434
46625,288960,21881,139042,14989,267079,62467,30030,32437
46630,288991,21883,139057,14990,267108,62472,30034,32438
46635,289022,21885,139081,14991,267137,62477,30037,32440
46640,289053,21887,139096,14993,267166,62482,30039,32443
46645,289084,21889,139110,14995,267195,62487,30042,32445
46650,289115,21891,139126,14996,267224,62492,30046,32446
46655,289146,21893,139142,14997,267253,62497,30048,32449
46660,289177,21896,139157,14999,267280,62502,30050,32452
46665,289208,21899,139176,15002,267304,62510,30052,32458
46670,289239,21904,139193,15005,267333,62518,30055,32463
46675,289270,21907,139208,15007,267362,62526,30058,32468
46680,289301,21910,139223,15009,267390,62534,30060,32474
46685,289332,21916,139241,15014,267415,62542,30065,32477
46690,289363,21921,139260,15018,267441,62550,30069,32481
46695,289394,21924,139281,15021,267469,62558,30075,32483
46700,289425,21927,139295,15023,267497,62566,30080,32486
46705,289456,21930,139309,15026,267526,62574,30085,32489
46710,289487,21933,139323,15028,267553,62582,30088,32494
46715,289518,21936,139338,15030,267582,62590,30092,32498
46720,289549,21938,139348,15030,267611,62598,30096,32502
46725,289580,21943,139362,15035,267637,62606,30103,32503
46730,289611,21948,139380,15039,267661,62614,30109,32505
46735,289642,21952,139392,15041,267690,62622,30110,32512
46740,289673,21953,139408,15042,267720,62630,30112,32518
46745,289704,21954,139423,15043,267750,62636,30116,32520
46750,289735,21955,139438,15044,267780,62642,30117,32525
46755,289766,21957,139453,15046,267809,62648,30121,32527
46760,289797,21959,139464,15047,267838,62654,30122,32532
46765,289828,21960,139479,15048,267868,62660,30127,32533
46770,289859,21962,139497,15050,267897,62666,30129,32537
46775,289890,21963,139513,15051,267927,62672,30130,32542
46780,289921,21965,139526,15053,267956,62678,30133,32545
46785,289952,21967,139542,15055,267985,62684,30138,32546
46790,289983,21968,139556,15056,268014,62690,30142,32548
46795,290014,21969,139568,15056,268044,62696,30145,32551
46800,290045,21972,139585,15057,268073,62702,30147,32555
46805,290076,21973,139598,15057,268103,62708,30149,32559
46810,290107,21975,139618,15059,268132,62714,30152,32562
46815,290138,21977,139629,15061,268161,62720,30153,32567
46820,290169,21979,139650,15062,268190,62726,30155,32571
46825,290200,21980,139671,15063,268220,62732,30159,32573
46830,290231,21982,139687,15065,268249,62738,30161,32577
46835,290262,21984,139699,15066,268277,62744,30163,32581
46840,290293,21987,139714,15068,268306,62750,30166,32584
46845,290324,21990,139731,15071,268333,62757,30168,32589
46850,290355,21994,139748,15074,268358,62765,30173,32592
46855,290386,21997,139763,15076,268389,62773,30178,32595
46860,290417,22000,139781,15078,268415,62781,30181,32600
46865,290448,22003,139795,15080,268444,62788,30186,32602
46870,290479,22006,139804,15082,268471,62795,30186,32609
46875,290510,22009,139825,15084,268500,62802,30191,32611
46880,290541,22013,139841,15087,268527,62809,30196,32613
46885,290572,22017,139856,15091,268555,62816,30201,32615
46890,290603,22019,139875,15092,268583,62823,30206,32617
46895,290634,22023,139894,15096,268610,62830,30210,32620
46900,290665,22026,139907,15097,268638,62837,30213,32624
46905,290696,22029,139918,15100,268667,62844,30217,32627
46910,290727,22032,139932,15102,268695,62851,30221,32630
46915,290758,22033,139948,15102,268724,62858,30224,32634
46920,290789,22034,139963,15103,268754,62865,30228,32637
46925,290820,22035,139978,15103,268785,62872,30231,32641
46930,290851,22036,139995,15103,268814,62879,30234,32645
46935,290882,22037,140009,15104,268845,62886,30236,32650
46940,290913,22039,140026,15106,268873,62893,30239,32654
46945,290944,22041,140042,15108,268902,62900,30241,32659
46950,290975,22042,140055,15108,268933,62907,30244,32663
46955,291006,22043,140068,15108,268963,62914,30247,32667
46960,291037,22045,140087,15109,268992,62921,30252,32669
46965,291068,22047,140106,15110,269020,62929,30258,32671
46970,291099,22049,140118,15111,269050,62937,30260,32677
46975,291130,22050,140130,15111,269079,62945,30262,32683
46980,291161,22051,140147,15111,269108,62953,30266,32687
46985,291192,22052,140161,15111,269139,62960,30271,32689
46990,291223,22053,140177,15112,269168,62967,30273,32694
46995,291254,22054,140190,15112,269198,62974,30276,32698
47000,291285,22055,140200,15112,269230,62981,30278,32703
47005,291316,22058,140216,15115,269258,62988,30282,32706
47010,291347,22062,140231,15118,269284,62995,30285,32710
47015,291378,22068,140249,15124,269308,63002,30290,32712
47020,291409,22075,140264,15129,269333,63009,30293,32716
47025,291440,22081,140276,15132,269358,63016,30294,32722
47030,291471,22087,140290,15137,269383,63023,30297,32726
47035,291502,22093,140309,15142,269407,63030,30301,32729
47040,291533,22099,140322,15146,269434,63037,30304,32733
47045,291564,22104,140342,15151,269460,63043,30309,32734
47050,291595,22106,140358,15152,269489,63049,30313,32736
47055,291626,22109,140373,15153,269516,63055,30317,32738
47060,291657,22110,140387,15154,269547,63061,30319,32742
47065,291688,22111,140402,15154,269576,63067,30323,32744
47070,291719,22112,140414,15154,269607,63073,30326,32747
47075,291750,22113,140431,15155,269637,63079,30328,32751
47080,291781,22114,140438,15155,269667,63085,30330,32755
47085,291812,22115,140452,15155,269697,63092,30333,32759
47090,291843,22117,140465,15157,269725,63099,30334,32765
47095,291874,22119,140479,15158,269755,63106,30338,32768
47100,291905,22121,140493,15160,269784,63113,30339,32774
47105,291936,22121,140508,15160,269814,63119,30342,32777
47110,291967,22121,140519,15160,269846,63125,30343,32782
47115,291998,22121,140531,15160,269876,63131,30344,32787
47120,292029,22121,140546,15160,269908,63137,30347,32790
47125,292060,22121,140563,15160,269938,63143,30350,32793
47130,292091,22121,140580,15160,269970,63149,30352,32797
47135,292122,22121,140600,15160,270001,63155,30355,32800
47140,292153,22121,140613,15160,270032,63161,30357,32804
47145,292184,22121,140627,15160,270063,63168,30358,32810
47150,292215,22122,140638,15160,270093,63175,30360,32815
47155,292246,22123,140651,15161,270123,63182,30363,32819
47160,292277,22125,140664,15163,270152,63189,30366,32823
47165,292308,22128,140677,15165,270180,63196,30368,32828
47170,292339,22130,140687,15165,270209,63203,30370,32833
47175,292370,22132,140701,15166,270237,63210,30371,32839
47180,292401,22135,140718,15168,270265,63217,30376,32841
47185,292432,22138,140736,15170,270293,63224,30381,32843
47190,292463,22140,140749,15170,270322,63231,30384,32847
47195,292494,22144,140766,15172,270349,63238,30388,32850
47200,292525,22149,140781,15176,270375,63245,30391,32854
47205,292556,22156,140798,15183,270399,63253,30393,32860
47210,292587,22161,140812,15186,270424,63261,30398,32863
47215,292618,22166,140821,15189,270451,63269,30399,32870
47220,292649,22172,140835,15192,270475,63277,30403,32874
47225,292680,22176,140848,15194,270503,63283,30407,32876
47230,292711,22179,140869,15195,270531,63289,30412,32877
47235,292742,22181,140879,15196,270560,63295,30413,32882
47240,292773,22183,140894,15197,270589,63301,30415,32886
47245,292804,22187,140908,15200,270617,63307,30417,32890
47250,292835,22191,140921,15202,270644,63313,30420,32893
47255,292866,22193,140939,15204,270673,63319,30423,32896
47260,292897,22195,140955,15206,270702,63325,30425,32900
47265,292928,22196,140967,15207,270732,63331,30427,32904
47270,292959,22198,140982,15209,270761,63337,30429,32908
47275,292990,22199,140999,15210,270791,63343,30433,32910
47280,293021,22201,141018,15212,270820,63349,30437,32912
47285,293052,22202,141031,15212,270850,63354,30439,32915
47290,293083,22204,141041,15214,270879,63359,30442,32917
47295,293114,22205,141059,15214,270908,63364,30445,32919
47300,293145,22207,141070,15215,270938,63369,30447,32922
47305,293176,22209,141081,15216,270967,63374,30450,32924
47310,293207,22210,141097,15217,270996,63379,30453,32926
47315,293238,22210,141109,15217,271028,63384,30457,32927
47320,293269,22210,141117,15217,271059,63389,30457,32932
47325,293300,22210,141134,15217,271090,63395,30461,32934
47330,293331,22211,141153,15217,271118,63402,30465,32937
47335,293362,22213,141167,15219,271149,63409,30467,32942
47340,293393,22214,141176,15219,271177,63416,30469,32947
47345,293424,22217,141191,15221,271206,63423,30472,32951
47350,293455,22218,141205,15221,271236,63430,30476,32954
47355,293486,22219,141222,15222,271266,63437,30480,32957
47360,293517,22221,141235,15223,271294,63444,30483,32961
47365,293548,22224,141250,15225,271324,63451,30486,32965
47370,293579,22227,141265,15227,271351,63458,30490,32968
47375,293610,22230,141280,15229,271380,63465,30492,32973
47380,293641,22234,141295,15231,271406,63472,30494,32978
47385,293672,22241,141315,15238,271430,63480,30500,32980
47390,293703,22247,141333,15242,271456,63488,30504,32984
47395,293734,22251,141347,15244,271482,63496,30507,32989
47400,293765,22252,141360,15245,271512,63504,30508,32996
47405,293796,22253,141377,15245,271541,63510,30511,32999
47410,293827,22256,141394,15248,271570,63516,30515,33001
47415,293858,22258,141404,15248,271599,63522,30516,33006
47420,293889,22263,141418,15252,271625,63528,30520,33008
47425,293920,22265,141428,15253,271655,63534,30523,33011
47430,293951,22269,141443,15257,271682,63540,30526,33014
47435,293982,22272,141460,15258,271708,63546,30530,33016
47440,294013,22277,141475,15262,271735,63552,30532,33020
47445,294044,22279,141489,15263,271765,63558,30535,33023
47450,294075,22281,141505,15265,271793,63564,30539,33025
47455,294106,22283,141525,15266,271822,63570,30542,33028
47460,294137,22284,141534,15266,271853,63576,30546,33030
47465,294168,22286,141548,15268,271881,63582,30549,33033
47470,294199,22288,141568,15270,271910,63588,30553,33035
47475,294230,22290,141584,15272,271940,63594,30557,33037
47480,294261,22292,141596,15274,271969,63600,30559,33041
47485,294292,22293,141612,15275,271999,63606,30562,33044
47490,294323,22295,141631,15277,272028,63612,30564,33048
47495,294354,22296,141648,15278,272058,63618,30569,33049
47500,294385,22298,141663,15280,272087,63624,30573,33051
47505,294416,22301,141678,15283,272115,63631,30577,33054
47510,294447,22303,141689,15285,272144,63639,30579,33060
47515,294478,22305,141705,15286,272173,63647,30586,33061
47520,294509,22306,141723,15287,272203,63655,30592,33063
47525,294540,22308,141743,15289,272232,63662,30596,33066
47530,294571,22309,141759,15290,272262,63669,30599,33070
47535,294602,22310,141771,15290,272292,63676,30602,33074
47540,294633,22311,141786,15291,272322,63683,30604,33079
47545,294664,22312,141801,15292,272352,63690,30608,33082
47550,294695,22317,141813,15295,272378,63697,30611,33086
47555,294726,22322,141826,15298,272402,63704,30612,33092
47560,294757,22329,141839,15304,272426,63711,30614,33097
47565,294788,22333,141851,15307,272455,63718,30615,33103
47570,294819,22337,141866,15311,272479,63725,30617,33108
47575,294850,22341,141877,15314,272508,63732,30619,33113
47580,294881,22342,141891,15315,272538,63739,30623,33116
47585,294912,22344,141907,15316,272566,63745,30625,33120
47590,294943,22347,141925,15319,272594,63751,30629,33122
47595,294974,22350,141939,15322,272624,63757,30632,33125
47600,295005,22350,141958,15322,272655,63763,30635,33128
47605,295036,22350,141974,15322,272686,63769,30639,33130
47610,295067,22351,141994,15323,272715,63775,30643,33132
47615,295098,22352,142008,15323,272745,63781,30645,33136
47620,295129,22353,142023,15324,272776,63787,30649,33138
47625,295160,22354,142042,15325,272806,63794,30653,33141
47630,295191,22355,142056,15326,272836,63801,30657,33144
47635,295222,22356,142071,15327,272865,63808,30659,33149
47640,295253,22357,142090,15327,272895,63815,30663,33152
47645,295284,22358,142105,15327,272925,63821,30665,33156
47650,295315,22359,142120,15328,272956,63827,30668,33159
47655,295346,22360,142140,15328,272986,63833,30672,33161
47660,295377,22361,142155,15329,273016,63839,30673,33166
47665,295408,22362,142164,15329,273046,63845,30676,33169
47670,295439,22363,142177,15330,273076,63851,30678,33173
47675,295470,22364,142197,15331,273106,63857,30683,33174
47680,295501,22369,142211,15335,273132,63863,30685,33178
47685,295532,22372,142229,15337,273160,63870,30690,33180
47690,295563,22377,142238,15341,273186,63877,30692,33185
47695,295594,22380,142250,15342,273214,63884,30697,33187
47700,295625,22385,142265,15346,273238,63891,30700,33191
47705,295656,22388,142278,15348,273266,63898,30704,33194
47710,295687,22391,142286,15348,273295,63905,30708,33197
47715,295718,22394,142299,15349,273322,63912,30712,33200
47720,295749,22400,142316,15354,273346,63919,30715,33204
47725,295780,22404,142330,15357,273375,63926,30718,33208
47730,295811,22409,142345,15362,273400,63933,30720,33213
47735,295842,22414,142361,15365,273427,63940,30724,33216
47740,295873,22419,142378,15368,273453,63947,30728,33219
47745,295904,22423,142389,15369,273480,63955,30731,33224
47750,295935,22428,142403,15372,273506,63963,30733,33230
47755,295966,22434,142420,15377,273532,63971,30736,33235
47760,295997,22438,142429,15378,273559,63979,30739,33240
47765,296028,22442,142439,15380,273586,63987,30741,33246
47770,296059,22444,142455,15381,273615,63995,30745,33250
47775,296090,22446,142473,15382,273644,64003,30748,33255
47780,296121,22449,142487,15384,273672,64011,30751,33260
47785,296152,22451,142501,15386,273701,64019,30755,33264
47790,296183,22453,142512,15387,273730,64027,30758,33269
47795,296214,22455,142528,15388,273759,64035,30761,33274
47800,296245,22458,142543,15390,273787,64043,30764,33279
47805,296276,22461,142562,15392,273814,64051,30769,33282
47810,296307,22465,142581,15396,273841,64059,30775,33284
47815,296338,22465,142597,15396,273872,64067,30779,33288
47820,296369,22465,142614,15396,273903,64075,30784,33291
47825,296400,22465,142632,15396,273935,64081,30786,33295
47830,296431,22465,142647,15396,273965,64087,30788,33299
47835,296462,22465,142660,15396,273996,64093,30790,33303
47840,296493,22465,142673,15396,274028,64099,30791,33308
47845,296524,22465,142691,15396,274057,64105,30793,33312
47850,296555,22465,142705,15396,274089,64111,30795,33316
47855,296586,22465,142721,15396,274119,64117,30798,33319
47860,296617,22465,142739,15396,274151,64123,30802,33321
47865,296648,22465,142752,15396,274182,64129,30804,33325
47870,296679,22465,142770,15396,274214,64135,30808,33327
47875,296710,22465,142788,15396,274242,64141,30812,33329
47880,296741,22467,142801,15398,274273,64147,30815,33332
47885,296772,22468,142818,15399,274303,64152,30819,33333
47890,296803,22470,142833,15401,274333,64157,30821,33336
47895,296834,22471,142845,15402,274363,64162,30824,33338
47900,296865,22472,142858,15403,274393,64167,30826,33341
47905,296896,22473,142873,15403,274422,64172,30828,33344
47910,296927,22476,142893,15406,274451,64177,30832,33345
47915,296958,22480,142906,15409,274478,64182,30834,33348
47920,296989,22489,142926,15417,274498,64187,30836,33351
47925,297020,22494,142943,15421,274524,64194,30840,33354
47930,297051,22501,142958,15426,274549,64201,30844,33357
47935,297082,22506,142971,15430,274575,64208,30848,33360
47940,297113,22514,142985,15436,274598,64215,30851,33364
47945,297144,22517,142992,15437,274627,64221,30852,33369
47950,297175,22522,143008,15440,274653,64227,30854,33373
47955,297206,22526,143022,15442,274680,64233,30855,33378
47960,297237,22527,143037,15442,274710,64239,30858,33381
47965,297268,22529,143049,15444,274739,64245,30860,33385
47970,297299,22531,143067,15445,274768,64251,30864,33387
47975,297330,22533,143081,15446,274797,64257,30869,33388
47980,297361,22534,143098,15447,274827,64263,30872,33391
47985,297392,22536,143112,15449,274856,64269,30874,33395
47990,297423,22538,143129,15451,274884,64276,30877,33399
47995,297454,22539,143140,15452,274915,64283,30880,33403
48000,297485,22541,143155,15453,274944,64290,30885,33405
48005,297516,22541,143172,15453,274973,64297,30890,33407
48010,297547,22541,143192,15453,275006,64304,30896,33408
48015,297578,22541,143205,15453,275037,64311,30897,33414
48020,297609,22541,143217,15453,275068,64318,30900,33418
48025,297640,22541,143234,15453,275099,64325,30904,33421
48030,297671,22541,143252,15453,275129,64332,30907,33425
48035,297702,22541,143264,15453,275160,64339,30911,33428
48040,297733,22541,143283,15453,275191,64346,30913,33433
48045,297764,22541,143302,15453,275222,64354,30917,33437
48050,297795,22541,143317,15453,275254,64362,30921,33441
48055,297826,22541,143330,15453,275284,64370,30926,33444
48060,297857,22543,143346,15454,275311,64378,30930,33448
48065,297888,22547,143362,15458,275340,64385,30933,33452
48070,297919,22551,143377,15460,275368,64392,30936,33456
48075,297950,22554,143395,15462,275396,64399,30941,33458
48080,297981,22558,143414,15465,275421,64406,30944,33462
48085,298012,22564,143430,15470,275448,64413,30948,33465
48090,298043,22568,143447,15473,275474,64420,30953,33467
48095,298074,22572,143460,15476,275501,64427,30956,33471
48100,298105,22574,143479,15477,275531,64434,30960,33474
48105,298136,22576,143495,15477,275558,64441,30962,33479
48110,298167,22579,143510,15480,275586,64448,30966,33482
48115,298198,22582,143522,15482,275614,64455,30967,33488
48120,298229,22585,143537,15484,275642,64462,30969,33493
48125,298260,22588,143551,15487,275672,64467,30972,33495
48130,298291,22590,143569,15488,275700,64472,30975,33497
48135,298322,22593,143579,15490,275728,64477,30978,33499
48140,298353,22597,143592,15492,275756,64482,30982,33500
48145,298384,22601,143609,15496,275783,64487,30984,33503
48150,298415,22604,143626,15498,275811,64492,30987,33505
48155,298446,22606,143644,15499,275840,64497,30990,33507
48160,298477,22608,143657,15500,275869,64502,30993,33509
48165,298508,22610,143670,15501,275898,64508,30996,33512
48170,298539,22611,143683,15501,275928,64514,30998,33516
48175,298570,22613,143702,15503,275957,64520,31001,33519
48180,298601,22614,143717,15504,275987,64526,31006,33520
48185,298632,22615,143732,15504,276017,64531,31009,33522
48190,298663,22616,143750,15504,276047,64536,31013,33523
48195,298694,22617,143762,15504,276077,64541,31016,33525
48200,298725,22618,143771,15504,276107,64546,31017,33529
48205,298756,22620,143785,15504,276136,64551,31021,33530
48210,298787,22623,143801,15506,276164,64556,31023,33533
48215,298818,22625,143818,15507,276193,64561,31027,33534
48220,298849,22628,143833,15509,276221,64566,31029,33537
48225,298880,22631,143849,15511,276249,64572,31031,33541
48230,298911,22634,143863,15512,276277,64579,31033,33546
48235,298942,22637,143876,15513,276305,64586,31035,33551
48240,298973,22640,143892,15514,276333,64593,31039,33554
48245,299004,22642,143905,15515,276362,64600,31041,33559
48250,299035,22644,143921,15517,276391,64607,31047,33560
48255,299066,22648,143930,15519,276418,64614,31049,33565
48260,299097,22651,143941,15520,276446,64621,31051,33570
48265,299128,22656,143955,15523,276472,64628,31054,33574
48270,299159,22660,143971,15527,276499,64635,31056,33579
48275,299190,22664,143985,15529,276525,64642,31059,33583
48280,299221,22666,143999,15529,276554,64649,31063,33586
48285,299252,22668,144014,15530,276581,64657,31068,33589
48290,299283,22671,144030,15532,276611,64665,31073,33592
48295,299314,22674,144047,15533,276640,64673,31078,33595
48300,299345,22677,144061,15534,276667,64681,31081,33600
48305,299376,22679,144083,15535,276696,64689,31086,33603
48310,299407,22680,144096,15536,276727,64697,31088,33609
48315,299438,22681,144108,15536,276756,64705,31089,33616
48320,299469,22682,144121,15536,276787,64713,31092,33621
48325,299500,22683,144134,15537,276817,64721,31093,33628
48330,299531,22684,144147,15537,276847,64729,31097,33632
48335,299562,22685,144166,15537,276876,64737,31103,33634
48340,299593,22686,144180,15537,276906,64745,31107,33638
48345,299624,22689,144194,15539,276934,64753,31112,33641
48350,299655,22691,144207,15541,276963,64761,31115,33646
48355,299686,22695,144223,15545,276989,64769,31119,33650
48360,299717,22698,144241,15548,277019,64777,31125,33652
48365,299748,22702,144254,15551,277046,64785,31128,33657
48370,299779,22702,144268,15551,277077,64793,31131,33662
48375,299810,22702,144282,15551,277108,64801,31136,33665
48380,299841,22702,144299,15551,277139,64809,31141,33668
48385,299872,22703,144314,15551,277169,64817,31145,33672
48390,299903,22704,144327,15551,277199,64825,31149,33676
48395,299934,22705,144343,15551,277227,64833,31152,33681
48400,299965,22706,144361,15551,277257,64841,31155,33686
48405,299996,22707,144374,15551,277288,64849,31159,33690
48410,300027,22709,144386,15552,277318,64857,31162,33695
48415,300058,22711,144399,15553,277347,64865,31166,33699
48420,300089,22714,144419,15555,277375,64873,31171,33702
48425,300120,22717,144426,15556,277403,64879,31172,33707
48430,300151,22720,144442,15558,277431,64885,31174,33711
48435,300182,22722,144453,15559,277460,64891,31177,33714
48440,300213,22725,144464,15560,277488,64897,31178,33719
48445,300244,22727,144477,15561,277517,64903,31179,33724
48450,300275,22731,144496,15565,277544,64909,31182,33727
48455,300306,22734,144511,15567,277572,64915,31183,33732
48460,300337,22737,144526,15569,277600,64921,31186,33735
48465,300368,22741,144545,15572,277626,64927,31187,33740
48470,300399,22744,144559,15574,277654,64933,31192,33741
48475,300430,22748,144572,15576,277682,64939,31196,33743
48480,300461,22752,144586,15579,277709,64945,31199,33746
48485,300492,22756,144601,15583,277736,64950,31201,33749
48490,300523,22762,144616,15586,277760,64955,31204,33751
48495,300554,22767,144630,15589,277786,64960,31205,33755
48500,300585,22774,144648,15594,277810,64965,31208,33757
48505,300616,22777,144661,15595,277838,64970,31209,33761
48510,300647,22781,144671,15599,277866,64975,31210,33765
48515,300678,22783,144690,15600,277894,64980,31212,33768
48520,300709,22786,144701,15602,277922,64985,31214,33771
48525,300740,22788,144717,15603,277950,64992,31219,33773
48530,300771,22791,144731,15605,277980,64999,31223,33776
48535,300802,22791,144743,15605,278010,65006,31226,33780
48540,300833,22791,144752,15605,278042,65013,31229,33784
48545,300864,22791,144763,15605,278072,65020,31232,33788
48550,300895,22791,144778,15605,278103,65027,31237,33790
48555,300926,22791,144795,15605,278135,65034,31242,33792
48560,300957,22791,144808,15605,278165,65041,31243,33798
48565,300988,22791,144818,15605,278197,65048,31244,33804
48570,301019,22791,144837,15605,278226,65055,31248,33807
48575,301050,22791,144852,15605,278259,65062,31252,33810
48580,301081,22791,144868,15605,278288,65069,31256,33813
48585,301112,22791,144883,15605,278320,65077,31259,33818
48590,301143,22791,144902,15605,278350,65085,31263,33822
48595,301174,22791,144920,15605,278382,65093,31269,33824
48600,301205,22791,144937,15605,278412,65101,31273,33828
48605,301236,22792,144956,15606,278444,65107,31278,33829
48610,301267,22793,144971,15606,278474,65113,31280,33833
48615,301298,22796,144985,15608,278501,65119,31284,33835
48620,301329,22799,144999,15609,278530,65125,31286,33839
48625,301360,22802,145015,15611,278558,65131,31288,33843
48630,301391,22805,145033,15614,278586,65137,31291,33846
48635,301422,22808,145047,15616,278614,65143,31294,33849
48640,301453,22811,145066,15618,278642,65149,31297,33852
48645,301484,22817,145081,15622,278667,65155,31298,33857
48650,301515,22821,145091,15625,278694,65161,31300,33861
48655,301546,22827,145105,15631,278718,65167,31303,33864
48660,301577,22832,145119,15635,278745,65173,31305,33868
48665,301608,22838,145130,15639,278770,65178,31306,33872
48670,301639,22843,145150,15643,278795,65183,31309,33874
48675,301670,22848,145165,15647,278821,65188,31311,33877
48680,301701,22851,145178,15648,278850,65193,31312,33881
48685,301732,22855,145193,15650,278876,65198,31315,33883
48690,301763,22858,145205,15651,278903,65203,31317,33886
48695,301794,22863,145218,15655,278931,65208,31319,33889
48700,301825,22866,145235,15658,278956,65213,31322,33891
48705,301856,22872,145252,15663,278983,65219,31324,33895
48710,301887,22873,145267,15664,279012,65226,31326,33900
48715,301918,22873,145276,15664,279043,65233,31329,33904
48720,301949,22873,145291,15664,279076,65240,31332,33908
48725,301980,22873,145309,15664,279107,65246,31336,33910
48730,302011,22873,145324,15664,279137,65252,31340,33912
48735,302042,22873,145335,15664,279168,65258,31343,33915
48740,302073,22873,145351,15664,279199,65264,31348,33916
48745,302104,22873,145364,15664,279229,65270,31349,33921
48750,302135,22873,145384,15664,279260,65276,31351,33925
48755,302166,22873,145401,15664,279291,65282,31356,33926
48760,302197,22873,145414,15664,279324,65288,31359,33929
48765,302228,22873,145422,15664,279354,65295,31361,33934
48770,302259,22873,145436,15664,279385,65302,31363,33939
48775,302290,22873,145454,15664,279416,65309,31365,33944
48780,302321,22875,145473,15666,279445,65316,31368,33948
48785,302352,22877,145492,15668,279475,65322,31370,33952
48790,302383,22879,145504,15669,279504,65328,31374,33954
48795,302414,22881,145521,15671,279533,65334,31377,33957
48800,302445,22882,145534,15672,279563,65340,31380,33960
48805,302476,22883,145551,15672,279593,65346,31382,33964
48810,302507,22886,145570,15675,279621,65352,31384,33968
48815,302538,22889,145586,15677,279648,65358,31388,33970
48820,302569,22894,145601,15680,279674,65364,31391,33973
48825,302600,22898,145610,15681,279702,65371,31393,33978
48830,302631,22902,145634,15685,279728,65378,31400,33978
48835,302662,22906,145645,15688,279755,65385,31401,33984
48840,302693,22910,145659,15690,279782,65392,31405,33987
48845,302724,22914,145670,15692,279810,65399,31407,33992
48850,302755,22917,145684,15693,279837,65406,31409,33997
48855,302786,22920,145695,15694,279865,65413,31411,34002
48860,302817,22923,145711,15697,279893,65420,31415,34005
48865,302848,22927,145728,15699,279921,65427,31418,34009
48870,302879,22931,145741,15702,279948,65434,31421,34013
48875,302910,22936,145758,15705,279974,65441,31425,34016
48880,302941,22940,145768,15707,280001,65448,31426,34022
48885,302972,22947,145788,15713,280024,65455,31432,34023
48890,303003,22950,145801,15715,280053,65463,31436,34027
48895,303034,22955,145818,15719,280079,65471,31439,34032
48900,303065,22959,145835,15722,280106,65479,31442,34037
48905,303096,22960,145854,15723,280136,65487,31447,34040
48910,303127,22962,145871,15725,280164,65495,31452,34043
48915,303158,22964,145884,15726,280194,65503,31455,34048
48920,303189,22965,145903,15727,280224,65511,31461,34050
48925,303220,22967,145915,15728,280253,65519,31463,34056
48930,303251,22969,145931,15729,280282,65527,31469,34058
48935,303282,22971,145940,15730,280311,65535,31472,34063
48940,303313,22973,145955,15731,280340,65543,31477,34066
48945,303344,22974,145972,15731,280370,65551,31481,34070
48950,303375,22976,145989,15733,280399,65559,31487,34072
48955,303406,22978,146004,15734,280428,65567,31493,34074
48960,303437,22979,146022,15734,280458,65575,31498,34077
48965,303468,22979,146037,15734,280488,65583,31503,34080
48970,303499,22979,146054,15734,280519,65591,31507,34084
48975,303530,22979,146065,15734,280550,65599,31508,34091
48980,303561,22979,146083,15734,280581,65607,31513,34094
48985,303592,22979,146100,15734,280613,65615,31517,34098
48990,303623,22979,146116,15734,280643,65623,31523,34100
48995,303654,22980,146130,15734,280673,65631,31527,34104
49000,303685,22981,146149,15735,280702,65639,31534,34105
49005,303716,22983,146161,15736,280731,65647,31537,34110
49010,303747,22988,146177,15740,280758,65655,31540,34115
49015,303778,22992,146190,15742,280786,65663,31545,34118
49020,303809,22995,146202,15744,280813,65671,31549,34122
49025,303840,23000,146219,15748,280839,65676,31551,34125
49030,303871,23006,146234,15753,280864,65681,31553,34128
49035,303902,23010,146252,15757,280892,65686,31556,34130
49040,303933,23013,146271,15759,280920,65691,31558,34133
49045,303964,23016,146289,15762,280947,65696,31561,34135
49050,303995,23019,146300,15764,280975,65701,31564,34137
49055,304026,23022,146315,15767,281004,65706,31567,34139
49060,304057,23025,146326,15770,281032,65711,31568,34143
49065,304088,23026,146340,15770,281062,65716,31571,34145
49070,304119,23027,146353,15770,281092,65721,31575,34146
49075,304150,23029,146370,15772,281121,65726,31576,34150
49080,304181,23030,146385,15772,281150,65731,31577,34154
49085,304212,23031,146399,15773,281181,65736,31577,34159
49090,304243,23032,146412,15773,281211,65741,31579,34162
49095,304274,23034,146424,15774,281240,65746,31582,34164
49100,304305,23035,146436,15774,281270,65751,31586,34165
49105,304336,23037,146451,15775,281299,65756,31588,34168
49110,304367,23038,146464,15776,281329,65761,31590,34171
49115,304398,23040,146476,15777,281358,65766,31594,34172
49120,304429,23041,146488,15777,281387,65771,31596,34175
49125,304460,23043,146505,15779,281414,65779,31599,34180
49130,304491,23044,146524,15780,281445,65787,31603,34184
49135,304522,23046,146538,15781,281476,65795,31606,34189
49140,304553,23047,146552,15781,281505,65803,31611,34192
49145,304584,23050,146568,15784,281533,65810,31614,34196
49150,304615,23053,146582,15787,281562,65817,31615,34202
49155,304646,23056,146597,15789,281589,65824,31619,34205
49160,304677,23059,146610,15791,281618,65831,31623,34208
49165,304708,23063,146629,15795,281644,65838,31627,34211
49170,304739,23069,146643,15800,281669,65845,31628,34217
49175,304770,23074,146661,15804,281694,65852,31631,34221
49180,304801,23079,146679,15808,281720,65859,31636,34223
49185,304832,23082,146697,15810,281748,65866,31640,34226
49190,304863,23086,146708,15813,281775,65873,31643,34230
49195,304894,23093,146723,15819,281799,65880,31647,34233
49200,304925,23099,146735,15823,281824,65887,31650,34237
49205,304956,23103,146755,15827,281853,65893,31654,34239
49210,304987,23103,146765,15827,281884,65899,31657,34242
49215,305018,23103,146777,15827,281915,65905,31658,34247
49220,305049,23103,146793,15827,281946,65911,31662,34249
49225,305080,23103,146806,15827,281977,65917,31665,34252
49230,305111,23103,146818,15827,282008,65923,31668,34255
49235,305142,23103,146833,15827,282039,65929,31671,34258
49240,305173,23103,146850,15827,282070,65935,31671,34264
49245,305204,23103,146867,15827,282100,65942,31677,34265
49250,305235,23103,146880,15827,282131,65949,31680,34269
49255,305266,23103,146892,15827,282162,65956,31682,34274
49260,305297,23103,146910,15827,282192,65963,31686,34277
49265,305328,23103,146927,15827,282224,65969,31690,34279
49270,305359,23103,146944,15827,282256,65975,31695,34280
49275,305390,23105,146958,15829,282284,65981,31696,34285
49280,305421,23106,146972,15830,282315,65987,31697,34290
49285,305452,23108,146990,15832,282344,65993,31701,34292
49290,305483,23110,147007,15834,282371,65999,31706,34293
49295,305514,23112,147022,15835,282402,66005,31707,34298
49300,305545,23113,147034,15835,282431,66011,31709,34302
49305,305576,23114,147052,15835,282460,66018,31714,34304
49310,305607,23117,147068,15837,282490,66025,31718,34307
49315,305638,23121,147084,15839,282516,66032,31723,34309
49320,305669,23126,147096,15842,282541,66039,31725,34314
49325,305700,23131,147104,15845,282569,66045,31726,34319
49330,305731,23136,147120,15849,282594,66051,31730,34321
49335,305762,23142,147136,15853,282619,66057,31732,34325
49340,305793,23147,147152,15857,282645,66063,31734,34329
49345,305824,23154,147171,15862,282669,66069,31739,34330
49350,305855,23160,147185,15865,282694,66075,31741,34334
49355,305886,23166,147201,15869,282720,66081,31744,34337
49360,305917,23170,147216,15873,282746,66087,31746,34341
49365,305948,23176,147230,15876,282771,66094,31751,34343
49370,305979,23183,147246,15883,282796,66101,31753,34348
49375,306010,23184,147262,15883,282826,66108,31759,34349
49380,306041,23185,147278,15883,282856,66115,31762,34353
49385,306072,23185,147293,15883,282887,66122,31765,34357
49390,306103,23185,147309,15883,282918,66129,31769,34360
49395,306134,23185,147323,15883,282949,66136,31772,34364
49400,306165,23185,147333,15883,282980,66143,31774,34369
49405,306196,23185,147349,15883,283011,66150,31780,34370
49410,306227,23185,147368,15883,283041,66157,31784,34373
49415,306258,23185,147382,15883,283072,66164,31787,34377
49420,306289,23185,147397,15883,283104,66171,31791,34380
49425,306320,23185,147412,15883,283135,66178,31796,34382
49430,306351,23185,147422,15883,283165,66186,31797,34389
49435,306382,23185,147431,15883,283197,66194,31798,34396
49440,306413,23185,147447,15883,283225,66202,31803,34399
49445,306444,23185,147462,15883,283259,66209,31808,34401
49450,306475,23185,147475,15883,283289,66216,31810,34406
49455,306506,23185,147493,15883,283319,66223,31815,34408
49460,306537,23185,147508,15883,283351,66230,31821,34409
49465,306568,23185,147525,15883,283382,66237,31828,34409
49470,306599,23185,147538,15883,283413,66244,31829,34415
49475,306630,23185,147552,15883,283445,66251,31831,34420
49480,306661,23187,147567,15883,283474,66258,31835,34423
49485,306692,23190,147586,15885,283501,66265,31839,34426
49490,306723,23194,147603,15888,283528,66272,31845,34427
49495,306754,23198,147623,15891,283556,66279,31852,34427
49500,306785,23202,147641,15893,283581,66286,31855,34431
49505,306816,23207,147655,15897,283609,66292,31857,34435
49510,306847,23211,147671,15900,283635,66298,31860,34438
49515,306878,23215,147683,15901,283662,66304,31864,34440
49520,306909,23219,147699,15903,283689,66310,31867,34443
49525,306940,23223,147715,15906,283716,66316,31871,34445
49530,306971,23227,147730,15907,283744,66322,31873,34449
49535,307002,23230,147750,15910,283771,66328,31877,34451
49540,307033,23235,147764,15914,283798,66334,31879,34455
49545,307064,23239,147783,15916,283825,66340,31884,34456
49550,307095,23241,147794,15917,283854,66347,31885,34462
49555,307126,23245,147811,15921,283881,66354,31890,34464
49560,307157,23250,147826,15925,283907,66361,31894,34467
49565,307188,23254,147844,15929,283934,66367,31896,34471
49570,307219,23258,147862,15932,283961,66373,31898,34475
49575,307250,23261,147879,15935,283989,66379,31902,34477
49580,307281,23266,147891,15939,284014,66385,31903,34482
49585,307312,23270,147905,15941,284042,66391,31904,34487
49590,307343,23274,147925,15943,284069,66397,31906,34491
49595,307374,23275,147941,15944,284099,66403,31910,34493
49600,307405,23277,147955,15945,284128,66409,31912,34497
49605,307436,23279,147970,15947,284157,66416,31915,34501
49610,307467,23281,147982,15948,284186,66423,31919,34504
49615,307498,23282,147993,15949,284216,66430,31921,34509
49620,307529,23283,148009,15950,284246,66437,31926,34511
49625,307560,23283,148025,15950,284277,66443,31928,34515
49630,307591,23283,148033,15950,284308,66449,31930,34519
49635,307622,23283,148045,15950,284338,66455,31933,34522
49640,307653,23283,148057,15950,284370,66461,31936,34525
49645,307684,23283,148076,15950,284400,66467,31939,34528
49650,307715,23283,148090,15950,284431,66473,31942,34531
49655,307746,23283,148107,15950,284462,66479,31946,34533
49660,307777,23285,148123,15952,284491,66485,31950,34535
49665,307808,23287,148135,15953,284520,66492,31953,34539
49670,307839,23288,148147,15954,284549,66499,31954,34545
49675,307870,23290,148161,15956,284580,66506,31957,34549
49680,307901,23291,148174,15956,284608,66513,31961,34552
49685,307932,23293,148191,15958,284639,66520,31966,34554
49690,307963,23294,148209,15959,284668,66527,31969,34558
49695,307994,23298,148222,15962,284696,66534,31972,34562
49700,308025,23303,148238,15965,284721,66541,31977,34564
49705,308056,23309,148259,15971,284747,66548,31982,34566
49710,308087,23313,148274,15973,284774,66555,31985,34570
49715,308118,23319,148291,15978,284798,66562,31986,34576
49720,308149,23326,148310,15985,284822,66569,31992,34577
49725,308180,23329,148321,15987,284851,66577,31997,34580
49730,308211,23335,148337,15991,284876,66585,31998,34587
49735,308242,23338,148353,15994,284904,66593,32004,34589
49740,308273,23340,148370,15995,284933,66601,32007,34594
49745,308304,23342,148384,15997,284962,66607,32008,34599
49750,308335,23343,148403,15998,284990,66613,32011,34602
49755,308366,23345,148418,16000,285021,66619,32013,34606
49760,308397,23346,148429,16000,285049,66625,32015,34610
49765,308428,23347,148444,16000,285081,66631,32019,34612
49770,308459,23348,148461,16000,285111,66637,32022,34615
49775,308490,23350,148477,16001,285138,66643,32027,34616
49780,308521,23351,148495,16002,285170,66649,32031,34618
49785,308552,23352,148513,16003,285197,66655,32036,34619
49790,308583,23354,148529,16005,285225,66661,32039,34622
49795,308614,23356,148543,16006,285256,66667,32043,34624
49800,308645,23358,148555,16008,285287,66673,32045,34628
49805,308676,23359,148569,16008,285317,66678,32049,34629
49810,308707,23360,148584,16009,285346,66683,32052,34631
49815,308738,23361,148597,16009,285377,66688,32056,34632
49820,308769,23362,148618,16010,285407,66693,32061,34632
49825,308800,23364,148634,16012,285436,66698,32064,34634
49830,308831,23366,148647,16014,285464,66703,32066,34637
49835,308862,23370,148661,16016,285491,66708,32067,34641
49840,308893,23373,148673,16018,285519,66713,32070,34643
49845,308924,23377,148690,16020,285546,66720,32073,34647
49850,308955,23382,148700,16023,285572,66727,32076,34651
49855,308986,23387,148713,16027,285598,66734,32080,34654
49860,309017,23393,148730,16031,285623,66741,32086,34655
49865,309048,23397,148746,16035,285650,66748,32089,34659
49870,309079,23400,148758,16037,285678,66755,32094,34661
49875,309110,23405,148775,16041,285705,66762,32096,34666
49880,309141,23407,148792,16043,285733,66769,32100,34669
49885,309172,23410,148803,16044,285762,66776,32104,34672
49890,309203,23413,148813,16046,285789,66783,32106,34677
49895,309234,23417,148828,16050,285817,66790,32109,34681
49900,309265,23422,148848,16054,285843,66797,32114,34683
49905,309296,23424,148861,16055,285872,66805,32118,34687
49910,309327,23424,148879,16055,285901,66813,32123,34690
49915,309358,23424,148893,16055,285933,66821,32130,34691
49920,309389,23424,148908,16055,285963,66829,32132,34697
49925,309420,23424,148925,16055,285992,66837,32137,34700
49930,309451,23424,148936,16055,286025,66845,32139,34706
49935,309482,23424,148951,16055,286056,66853,32143,34710
49940,309513,23424,148964,16055,286088,66861,32146,34715
49945,309544,23424,148986,16055,286120,66869,32151,34718
49950,309575,23424,149005,16055,286150,66877,32157,34720
49955,309606,23424,149025,16055,286182,66885,32164,34721
49960,309637,23424,149038,16055,286213,66893,32169,34724
49965,309668,23425,149054,16055,286243,66901,32172,34729
49970,309699,23426,149069,16055,286272,66909,32177,34732
49975,309730,23427,149085,16055,286302,66917,32182,34735
49980,309761,23428,149100,16055,286332,66925,32184,34741
49985,309792,23429,149110,16055,286363,66933,32186,34747
49990,309823,23431,149128,16057,286392,66941,32191,34750
49995,309854,23432,149141,16057,286421,66949,32196,34753
50000,309885,23435,149153,16058,286450,66957,32199,34758
50005,309916,23437,149165,16059,286478,66965,32204,34761
50010,309947,23440,149178,16062,286506,66973,32209,34764
50015,309978,23443,149188,16064,286534,66981,32211,34770
50020,310009,23449,149201,16067,286560,66989,32214,34775
50025,310040,23452,149215,16068,286586,66997,32217,34780
50030,310071,23458,149230,16071,286612,67005,32220,34785
50035,310102,23463,149245,16076,286638,67013,32224,34789
50040,310133,23472,149263,16083,286660,67021,32228,34793
50045,310164,23475,149279,16086,286688,67028,32230,34798
50050,310195,23477,149292,16086,286717,67035,32232,34803
50055,310226,23480,149304,16088,286746,67042,32236,34806
50060,310257,23482,149322,16090,286773,67049,32243,34806
50065,310288,23484,149337,16090,286803,67056,32247,34809
50070,310319,23486,149349,16091,286833,67063,32250,34813
50075,310350,23489,149361,16093,286861,67070,32253,34817
50080,310381,23491,149371,16094,286890,67077,32256,34821
50085,310412,23493,149385,16094,286919,67084,32261,34823
50090,310443,23497,149400,16097,286946,67091,32262,34829
50095,310474,23502,149419,16102,286972,67098,32265,34833
50100,310505,23507,149436,16106,286998,67105,32267,34838
50105,310536,23511,149453,16109,287025,67109,32268,34841
50110,310567,23512,149468,16109,287055,67113,32269,34844
50115,310598,23513,149485,16110,287085,67117,32271,34846
50120,310629,23514,149501,16111,287115,67121,32273,34848
50125,310660,23515,149517,16111,287145,67125,32274,34851
50130,310691,23516,149532,16112,287175,67129,32276,34853
50135,310722,23517,149547,16112,287205,67133,32279,34854
50140,310753,23518,149562,16113,287235,67137,32282,34855
50145,310784,23519,149575,16113,287264,67141,32283,34858
50150,310815,23521,149590,16114,287294,67146,32285,34861
50155,310846,23523,149602,16115,287322,67151,32285,34866
50160,310877,23527,149616,16118,287350,67156,32289,34867
50165,310908,23530,149633,16119,287376,67160,32291,34869
50170,310939,23536,149651,16124,287402,67164,32294,34870
50175,310970,23542,149666,16129,287427,67168,32296,34872
50180,311001,23548,149687,16135,287453,67172,32298,34874
50185,311032,23552,149698,16138,287480,67176,32299,34877
50190,311063,23554,149711,16140,287509,67180,32300,34880
50195,311094,23555,149727,16141,287539,67184,32303,34881
50200,311125,23557,149745,16142,287568,67188,32305,34883
50205,311156,23558,149758,16142,287597,67194,32308,34886
50210,311187,23559,149774,16142,287628,67201,32313,34888
50215,311218,23561,149789,16143,287657,67208,32318,34890
50220,311249,23562,149808,16143,287687,67215,32322,34893
50225,311280,23563,149823,16144,287717,67222,32324,34898
50230,311311,23565,149837,16145,287746,67229,32326,34903
50235,311342,23567,149847,16146,287775,67236,32329,34907
50240,311373,23569,149860,16147,287804,67243,32330,34913
50245,311404,23570,149878,16148,287834,67250,32336,34914
50250,311435,23572,149890,16150,287863,67257,32339,34918
50255,311466,23574,149903,16151,287892,67264,32341,34923
50260,311497,23575,149914,16151,287921,67271,32346,34925
50265,311528,23578,149930,16154,287949,67279,32349,34930
50270,311559,23580,149942,16156,287978,67287,32353,34934
50275,311590,23582,149962,16158,288007,67295,32358,34937
50280,311621,23584,149979,16160,288036,67303,32364,34939
50285,311652,23586,149998,16162,288066,67309,32367,34942
50290,311683,23586,150012,16162,288096,67315,32371,34944
50295,311714,23587,150029,16163,288126,67321,32376,34945
50300,311745,23588,150043,16163,288156,67327,32380,34947
50305,311776,23590,150060,16165,288185,67333,32382,34951
50310,311807,23592,150082,16167,288214,67339,32387,34952
50315,311838,23594,150094,16168,288242,67345,32391,34954
50320,311869,23598,150107,16171,288269,67351,32392,34959
50325,311900,23600,150125,16173,288297,67357,32396,34961
50330,311931,23603,150142,16174,288326,67363,32400,34963
50335,311962,23607,150158,16176,288353,67369,32404,34965
50340,311993,23611,150179,16180,288381,67375,32407,34968
50345,312024,23614,150193,16181,288409,67380,32409,34971
50350,312055,23617,150211,16182,288437,67385,32412,34973
50355,312086,23619,150226,16183,288467,67390,32414,34976
50360,312117,23622,150243,16184,288495,67395,32416,34979
50365,312148,23625,150259,16187,288523,67400,32418,34982
50370,312179,23629,150272,16189,288550,67405,32421,34984
50375,312210,23634,150289,16194,288576,67410,32423,34987
50380,312241,23638,150300,16197,288603,67415,32425,34990
50385,312272,23639,150318,16197,288632,67422,32427,34995
50390,312303,23640,150333,16197,288663,67429,32432,34997
50395,312334,23641,150351,16198,288693,67436,32435,35001
50400,312365,23645,150368,16201,288720,67443,32438,35005
50405,312396,23647,150376,16202,288749,67450,32440,35010
50410,312427,23651,150388,16205,288776,67457,32442,35015
50415,312458,23653,150405,16206,288805,67464,32445,35019
50420,312489,23654,150421,16207,288835,67471,32450,35021
50425,312520,23655,150434,16208,288865,67478,32451,35027
50430,312551,23656,150447,16209,288895,67485,32454,35031
50435,312582,23658,150462,16211,288923,67492,32454,35038
50440,312613,23660,150473,16212,288952,67499,32456,35043
50445,312644,23662,150488,16213,288982,67507,32459,35048
50450,312675,23664,150500,16215,289011,67515,32462,35053
50455,312706,23665,150513,16216,289040,67523,32465,35058
50460,312737,23667,150527,16218,289070,67531,32467,35064
50465,312768,23668,150538,16218,289100,67539,32470,35069
50470,312799,23669,150558,16219,289130,67547,32477,35070
50475,312830,23671,150576,16220,289159,67555,32482,35073
50480,312861,23672,150591,16221,289186,67563,32484,35079
50485,312892,23677,150603,16225,289213,67571,32486,35085
50490,312923,23681,150620,16228,289240,67579,32490,35089
50495,312954,23684,150631,16230,289270,67587,32492,35095
50500,312985,23685,150648,16231,289297,67595,32499,35096
50505,313016,23687,150662,16232,289327,67603,32505,35098
50510,313047,23689,150675,16233,289354,67611,32509,35102
50515,313078,23693,150689,16236,289383,67619,32512,35107
50520,313109,23698,150707,16241,289407,67627,32517,35110
50525,313140,23701,150721,16242,289437,67635,32521,35114
50530,313171,23704,150736,16243,289466,67643,32527,35116
50535,313202,23708,150751,16245,289491,67651,32531,35120
50540,313233,23710,150764,16247,289521,67659,32532,35127
50545,313264,23711,150780,16248,289553,67667,32537,35130
50550,313295,23713,150799,16250,289582,67675,32542,35133
50555,313326,23715,150814,16252,289611,67683,32546,35137
50560,313357,23716,150830,16252,289640,67691,32551,35140
50565,313388,23718,150848,16253,289670,67699,32556,35143
50570,313419,23719,150858,16253,289700,67707,32559,35148
50575,313450,23721,150873,16254,289728,67715,32561,35154
50580,313481,23722,150890,16255,289759,67723,32567,35156
50585,313512,23723,150907,16255,289789,67730,32571,35159
50590,313543,23724,150927,16255,289819,67737,32576,35161
50595,313574,23725,150939,16256,289849,67744,32580,35164
50600,313605,23727,150955,16257,289878,67751,32583,35168
50605,313636,23729,150972,16257,289907,67758,32587,35171
50610,313667,23731,150983,16258,289936,67765,32590,35175
50615,313698,23733,151003,16258,289965,67772,32594,35178
50620,313729,23735,151013,16259,289994,67779,32596,35183
50625,313760,23737,151026,16261,290023,67786,32599,35187
50630,313791,23739,151042,16261,290051,67793,32605,35188
50635,313822,23742,151056,16263,290080,67800,32608,35192
50640,313853,23745,151076,16265,290107,67807,32612,35195
50645,313884,23750,151093,16269,290134,67813,32616,35197
50650,313915,23754,151109,16271,290161,67819,32620,35199
50655,313946,23758,151125,16273,290186,67825,32625,35200
50660,313977,23762,151139,16275,290214,67831,32627,35204
50665,314008,23766,151156,16278,290242,67837,32631,35206
50670,314039,23769,151165,16280,290268,67843,32634,35209
50675,314070,23772,151183,16281,290296,67849,32638,35211
50680,314101,23775,151195,16282,290326,67855,32641,35214
50685,314132,23779,151211,16286,290352,67862,32646,35216
50690,314163,23786,151229,16292,290374,67869,32650,35219
50695,314194,23791,151241,16295,290401,67876,32654,35222
50700,314225,23797,151254,16299,290428,67883,32658,35225
50705,314256,23802,151267,16303,290454,67889,32661,35228
50710,314287,23805,151285,16305,290481,67895,32667,35228
50715,314318,23809,151302,16308,290508,67901,32671,35230
50720,314349,23810,151317,16309,290539,67907,32673,35234
50725,314380,23810,151328,16309,290570,67913,32678,35235
50730,314411,23810,151345,16309,290601,67919,32682,35237
50735,314442,23810,151360,16309,290632,67925,32686,35239
50740,314473,23810,151373,16309,290663,67931,32689,35242
50745,314504,23810,151387,16309,290694,67938,32692,35246
50750,314535,23810,151402,16309,290725,67945,32693,35252
50755,314566,23810,151418,16309,290756,67952,32698,35254
50760,314597,23810,151431,16309,290787,67959,32701,35258
50765,314628,23810,151442,16309,290818,67964,32703,35261
50770,314659,23810,151457,16309,290849,67969,32703,35266
50775,314690,23810,151471,16309,290880,67974,32705,35269
50780,314721,23810,151487,16309,290911,67979,32707,35272
50785,314752,23810,151504,16309,290942,67984,32712,35272
50790,314783,23810,151525,16309,290972,67989,32715,35274
50795,314814,23810,151544,16309,291004,67994,32720,35274
50800,314845,23810,151559,16309,291035,67999,32722,35277
50805,314876,23810,151570,16309,291064,68004,32724,35280
50810,314907,23810,151586,16309,291095,68010,32726,35284
50815,314938,23813,151598,16311,291125,68016,32728,35288
50820,314969,23817,151617,16313,291151,68022,32734,35288
50825,315000,23822,151632,16317,291178,68026,32737,35289
50830,315031,23828,151649,16322,291201,68030,32740,35290
50835,315062,23833,151660,16327,291228,68034,32741,35293
50840,315093,23838,151677,16330,291253,68038,32744,35294
50845,315124,23843,151699,16335,291279,68042,32747,35295
50850,315155,23850,151713,16340,291303,68046,32747,35299
50855,315186,23856,151727,16344,291329,68050,32749,35301
50860,315217,23859,151740,16344,291357,68054,32751,35303
50865,315248,23862,151751,16344,291384,68059,32755,35304
50870,315279,23867,151770,16347,291410,68065,32757,35308
50875,315310,23874,151790,16353,291436,68071,32760,35311
50880,315341,23877,151806,16355,291463,68077,32763,35314
50885,315372,23881,151820,16358,291491,68082,32766,35316
50890,315403,23885,151835,16361,291517,68087,32768,35319
50895,315434,23887,151852,16363,291546,68092,32770,35322
50900,315465,23888,151865,16363,291576,68097,32774,35323
50905,315496,23889,151878,16363,291607,68102,32776,35326
50910,315527,23890,151899,16364,291637,68107,32780,35327
50915,315558,23891,151918,16365,291667,68112,32783,35329
50920,315589,23892,151932,16366,291697,68117,32784,35333
50925,315620,23893,151944,16366,291727,68124,32788,35336
50930,315651,23895,151956,16368,291756,68131,32790,35341
50935,315682,23897,151969,16369,291785,68138,32794,35344
50940,315713,23898,151984,16369,291815,68145,32799,35346
50945,315744,23898,151997,16369,291846,68152,32805,35347
50950,315775,23898,152013,16369,291877,68159,32808,35351
50955,315806,23898,152026,16369,291908,68166,32810,35356
50960,315837,23898,152039,16369,291939,68173,32814,35359
50965,315868,23898,152051,16369,291970,68180,32818,35362
50970,315899,23898,152057,16369,292001,68187,32818,35369
50975,315930,23898,152077,16369,292032,68194,32822,35372
50980,315961,23898,152088,16369,292062,68201,32824,35377
50985,315992,23899,152098,16370,292093,68209,32826,35383
50990,316023,23903,152115,16373,292117,68217,32832,35385
50995,316054,23908,152130,16378,292145,68225,32835,35390
51000,316085,23916,152145,16385,292167,68233,32840,35393
51005,316116,23922,152160,16389,292193,68241,32845,35396
51010,316147,23927,152175,16392,292216,68249,32849,35400
51015,316178,23931,152186,16394,292244,68257,32853,35404
51020,316209,23932,152198,16395,292277,68265,32857,35408
51025,316240,23935,152211,16397,292304,68273,32859,35414
51030,316271,23938,152224,16399,292332,68281,32861,35420
51035,316302,23938,152234,16399,292364,68289,32862,35427
51040,316333,23938,152247,16399,292394,68297,32866,35431
51045,316364,23939,152267,16400,292424,68305,32873,35432
51050,316395,23941,152285,16402,292451,68313,32877,35436
51055,316426,23942,152294,16402,292482,68321,32879,35442
51060,316457,23943,152312,16402,292513,68329,32883,35446
51065,316488,23945,152327,16404,292543,68337,32885,35452
51070,316519,23946,152341,16405,292573,68345,32887,35458
51075,316550,23947,152353,16405,292603,68353,32888,35465
51080,316581,23948,152371,16406,292633,68361,32894,35467
51085,316612,23949,152386,16406,292663,68369,32897,35472
51090,316643,23951,152398,16408,292692,68377,32900,35477
51095,316674,23952,152413,16409,292722,68385,32905,35480
51100,316705,23953,152427,16410,292752,68393,32908,35485
51105,316736,23954,152440,16410,292782,68401,32911,35490
51110,316767,23955,152458,16411,292812,68409,32915,35494
51115,316798,23956,152475,16412,292842,68417,32919,35498
51120,316829,23960,152489,16415,292869,68425,32921,35504
51125,316860,23963,152506,16416,292897,68432,32926,35506
51130,316891,23968,152520,16419,292922,68439,32928,35511
51135,316922,23972,152537,16422,292949,68446,32931,35515
51140,316953,23979,152554,16426,292974,68453,32935,35518
51145,316984,23983,152569,16428,293001,68460,32938,35522
51150,317015,23988,152582,16432,293027,68467,32939,35528
51155,317046,23993,152597,16435,293052,68474,32942,35532
51160,317077,23997,152612,16438,293080,68481,32943,35538
51165,317108,24001,152624,16440,293106,68488,32944,35544
51170,317139,24003,152632,16441,293134,68495,32946,35549
51175,317170,24007,152645,16444,293162,68502,32949,35553
51180,317201,24010,152663,16447,293188,68509,32951,35558
51185,317232,24013,152676,16449,293218,68515,32952,35563
51190,317263,24015,152691,16451,293248,68521,32955,35566
51195,317294,24019,152711,16455,293275,68527,32957,35570
51200,317325,24019,152728,16455,293305,68533,32961,35572
51205,317356,24019,152740,16455,293337,68539,32963,35576
51210,317387,24019,152756,16455,293367,68545,32966,35579
51215,317418,24019,152768,16455,293399,68551,32968,35583
51220,317449,24019,152781,16455,293429,68557,32970,35587
51225,317480,24019,152792,16455,293461,68564,32972,35592
51230,317511,24019,152807,16455,293491,68571,32974,35597
51235,317542,24019,152824,16455,293522,68578,32976,35602
51240,317573,24019,152834,16455,293554,68585,32978,35607
51245,317604,24019,152848,16455,293585,68592,32981,35611
51250,317635,24019,152860,16455,293616,68599,32983,35616
51255,317666,24019,152875,16455,293646,68606,32986,35620
51260,317697,24022,152893,16458,293674,68613,32989,35624
51265,317728,24024,152911,16460,293703,68620,32994,35626
51270,317759,24026,152918,16461,293732,68627,32996,35631
51275,317790,24029,152932,16464,293760,68634,32999,35635
51280,317821,24031,152948,16465,293789,68641,33004,35637
51285,317852,24035,152960,16468,293817,68649,33006,35643
51290,317883,24038,152974,16470,293844,68657,33012,35645
51295,317914,24043,152987,16474,293870,68665,33016,35649
51300,317945,24048,153005,16478,293896,68673,33021,35652
51305,317976,24052,153015,16481,293924,68680,33022,35658
51310,318007,24056,153030,16484,293950,68687,33026,35661
51315,318038,24058,153042,16485,293980,68694,33029,35665
51320,318069,24061,153056,16486,294008,68701,33035,35666
51325,318100,24063,153070,16487,294036,68708,33037,35671
51330,318131,24067,153087,16489,294063,68715,33041,35674
51335,318162,24070,153097,16490,294092,68722,33045,35677
51340,318193,24073,153107,16492,294119,68729,33049,35680
51345,318224,24076,153119,16494,294147,68736,33055,35681
51350,318255,24080,153136,16497,294173,68743,33060,35683
51355,318286,24084,153153,16501,294201,68750,33065,35685
51360,318317,24089,153163,16505,294228,68757,33068,35689
51365,318348,24091,153182,16507,294257,68764,33075,35689
51370,318379,24093,153200,16508,294286,68771,33078,35693
51375,318410,24094,153214,16509,294316,68778,33082,35696
51380,318441,24095,153228,16510,294346,68785,33084,35701
51385,318472,24097,153241,16511,294375,68792,33088,35704
51390,318503,24097,153258,16511,294406,68799,33094,35705
51395,318534,24097,153268,16511,294437,68806,33096,35710
51400,318565,24097,153284,16511,294468,68813,33099,35714
51405,318596,24097,153300,16511,294499,68821,33103,35718
51410,318627,24099,153314,16512,294528,68829,33108,35721
51415,318658,24101,153334,16514,294555,68837,33112,35725
51420,318689,24103,153347,16516,294586,68845,33115,35730
51425,318720,24105,153364,16518,294614,68849,33117,35732
51430,318751,24107,153376,16519,294642,68853,33118,35735
51435,318782,24110,153388,16521,294671,68857,33121,35736
51440,318813,24113,153401,16523,294699,68861,33122,35739
51445,318844,24116,153418,16525,294728,68865,33123,35742
51450,318875,24117,153434,16526,294756,68869,33126,35743
51455,318906,24121,153451,16530,294785,68873,33128,35745
51460,318937,24121,153468,16530,294816,68877,33130,35747
51465,318968,24122,153481,16531,294845,68881,33132,35749
51470,318999,24124,153495,16533,294875,68885,33133,35752
51475,319030,24125,153508,16533,294905,68889,33133,35756
51480,319061,24127,153526,16534,294934,68893,33137,35756
51485,319092,24129,153545,16536,294962,68896,33140,35756
51490,319123,24130,153562,16536,294991,68899,33141,35758
51495,319154,24131,153580,16536,295021,68902,33143,35759
51500,319185,24134,153595,16539,295050,68905,33145,35760
51505,319216,24137,153612,16542,295079,68908,33148,35760
51510,319247,24140,153623,16543,295107,68911,33150,35761
51515,319278,24143,153635,16544,295134,68914,33151,35763
51520,319309,24146,153647,16545,295163,68917,33152,35765
51525,319340,24150,153666,16548,295190,68923,33155,35768
51530,319371,24152,153678,16550,295217,68930,33156,35774
51535,319402,24155,153688,16552,295246,68937,33159,35778
51540,319433,24158,153702,16555,295272,68944,33163,35781
51545,319464,24161,153721,16557,295303,68951,33168,35783
51550,319495,24164,153742,16560,295330,68958,33173,35785
51555,319526,24166,153755,16561,295359,68965,33177,35788
51560,319557,24168,153770,16562,295387,68972,33182,35790
51565,319588,24170,153791,16563,295417,68979,33185,35794
51570,319619,24173,153808,16565,295446,68986,33189,35797
51575,319650,24175,153824,16566,295474,68993,33192,35801
51580,319681,24177,153840,16567,295502,69000,33195,35805
51585,319712,24180,153854,16570,295532,69007,33197,35810
51590,319743,24182,153868,16571,295561,69015,33199,35816
51595,319774,24184,153884,16572,295590,69023,33204,35819
51600,319805,24186,153900,16574,295619,69031,33209,35822
51605,319836,24189,153918,16577,295647,69039,33214,35825
51610,319867,24192,153931,16579,295674,69047,33217,35830
51615,319898,24196,153939,16581,295702,69055,33220,35835
51620,319929,24200,153955,16583,295728,69063,33225,35838
51625,319960,24205,153970,16586,295755,69071,33230,35841
51630,319991,24209,153986,16590,295782,69079,33233,35846
51635,320022,24212,154007,16593,295809,69087,33238,35849
51640,320053,24215,154022,16595,295837,69095,33242,35853
51645,320084,24216,154039,16596,295868,69103,33246,35857
51650,320115,24217,154056,16597,295898,69111,33252,35859
51655,320146,24219,154071,16598,295927,69119,33257,35862
51660,320177,24220,154086,16598,295957,69127,33262,35865
51665,320208,24222,154102,16599,295985,69134,33264,35870
51670,320239,24223,154121,16600,296015,69141,33266,35875
51675,320270,24224,154135,16600,296045,69148,33267,35881
51680,320301,24225,154149,16600,296076,69155,33270,35885
51685,320332,24226,154168,16601,296106,69162,33274,35888
51690,320363,24228,154182,16603,296135,69169,33279,35890
51695,320394,24230,154202,16605,296163,69176,33285,35891
51700,320425,24232,154219,16606,296192,69183,33290,35893
51705,320456,24233,154239,16607,296222,69190,33296,35894
51710,320487,24234,154255,16607,296252,69197,33300,35897
51715,320518,24235,154279,16608,296282,69204,33305,35899
51720,320549,24237,154297,16610,296312,69211,33309,35902
51725,320580,24238,154311,16611,296341,69218,33312,35906
51730,320611,24239,154330,16611,296371,69225,33318,35907
51735,320642,24241,154345,16613,296401,69232,33321,35911
51740,320673,24242,154355,16614,296430,69239,33325,35914
51745,320704,24244,154366,16614,296458,69246,33326,35920
51750,320735,24247,154380,16617,296486,69253,33329,35924
51755,320766,24250,154393,16619,296516,69260,33330,35930
51760,320797,24254,154409,16620,296542,69267,33333,35934
51765,320828,24257,154424,16621,296570,69275,33337,35938
51770,320859,24261,154438,16623,296595,69283,33340,35943
51775,320890,24265,154450,16626,296625,69291,33343,35948
51780,320921,24268,154463,16628,296651,69299,33348,35951
51785,320952,24273,154482,16632,296677,69306,33352,35954
51790,320983,24278,154497,16636,296703,69313,33355,35958
51795,321014,24284,154507,16640,296730,69320,33357,35963
51800,321045,24289,154526,16645,296755,69327,33363,35964
51805,321076,24294,154543,16649,296781,69334,33369,35965
51810,321107,24299,154561,16653,296807,69341,33374,35967
51815,321138,24305,154574,16656,296833,69348,33378,35970
51820,321169,24311,154589,16661,296858,69355,33382,35973
51825,321200,24315,154603,16663,296885,69362,33385,35977
51830,321231,24317,154617,16664,296914,69369,33388,35981
51835,321262,24321,154629,16667,296941,69376,33390,35986
51840,321293,24324,154641,16668,296969,69383,33392,35991
51845,321324,24325,154651,16668,296999,69390,33395,35995
51850,321355,24326,154672,16669,297029,69397,33400,35997
51855,321386,24327,154689,16669,297059,69404,33404,36000
51860,321417,24328,154708,16669,297089,69411,33407,36004
51865,321448,24329,154720,16669,297118,69418,33409,36009
51870,321479,24330,154733,16669,297149,69425,33411,36014
51875,321510,24331,154751,16669,297179,69432,33415,36017
51880,321541,24332,154768,16670,297209,69439,33419,36020
51885,321572,24333,154780,16670,297239,69447,33424,36023
51890,321603,24334,154797,16671,297268,69455,33430,36025
51895,321634,24334,154814,16671,297299,69463,33435,36028
51900,321665,24334,154830,16671,297330,69471,33439,36032
51905,321696,24334,154850,16671,297360,69478,33444,36034
51910,321727,24334,154869,16671,297392,69485,33450,36035
51915,321758,24334,154885,16671,297423,69492,33454,36038
51920,321789,24334,154898,16671,297455,69499,33458,36041
51925,321820,24334,154916,16671,297485,69506,33462,36044
51930,321851,24336,154934,16672,297515,69513,33466,36047
51935,321882,24338,154952,16673,297543,69520,33471,36049
51940,321913,24339,154968,16674,297573,69527,33474,36053
51945,321944,24341,154982,16675,297601,69534,33477,36057
51950,321975,24346,154997,16680,297627,69541,33482,36059
51955,322006,24351,155018,16685,297653,69548,33486,36062
51960,322037,24357,155028,16690,297680,69555,33489,36066
51965,322068,24359,155043,16691,297709,69560,33492,36068
51970,322099,24362,155056,16694,297735,69565,33492,36073
51975,322130,24364,155073,16696,297766,69570,33494,36076
51980,322161,24366,155087,16697,297794,69575,33495,36080
51985,322192,24367,155103,16697,297825,69580,33499,36081
51990,322223,24369,155119,16699,297853,69585,33500,36085
51995,322254,24372,155136,16700,297882,69590,33503,36087
52000,322285,24375,155148,16702,297910,69595,33506,36089
52005,322316,24379,155165,16704,297937,69601,33508,36093
52010,322347,24384,155184,16708,297962,69607,33510,36097
52015,322378,24388,155196,16710,297989,69613,33512,36101
52020,322409,24391,155211,16713,298018,69619,33516,36103
52025,322440,24394,155228,16715,298045,69624,33518,36106
52030,322471,24397,155240,16716,298074,69629,33521,36108
52035,322502,24398,155251,16716,298104,69634,33523,36111
52040,322533,24400,155265,16717,298133,69639,33525,36114
52045,322564,24402,155282,16719,298162,69644,33527,36117
52050,322595,24404,155294,16720,298191,69649,33529,36120
52055,322626,24405,155307,16721,298221,69654,33531,36123
52060,322657,24406,155322,16722,298251,69659,33533,36126
52065,322688,24408,155337,16724,298280,69666,33536,36130
52070,322719,24410,155350,16726,298308,69673,33538,36135
52075,322750,24411,155367,16727,298339,69680,33540,36140
52080,322781,24414,155383,16729,298365,69687,33543,36144
52085,322812,24416,155398,16730,298395,69694,33545,36149
52090,322843,24417,155413,16731,298425,69701,33550,36151
52095,322874,24419,155430,16733,298455,69708,33554,36154
52100,322905,24420,155444,16734,298485,69715,33556,36159
52105,322936,24421,155459,16735,298514,69722,33560,36162
52110,322967,24423,155479,16737,298543,69729,33565,36164
52115,322998,24425,155494,16739,298572,69736,33567,36169
52120,323029,24427,155506,16740,298602,69743,33572,36171
52125,323060,24428,155521,16740,298632,69751,33579,36172
52130,323091,24430,155537,16741,298660,69759,33585,36174
52135,323122,24432,155552,16742,298687,69767,33587,36180
52140,323153,24437,155561,16746,298715,69775,33587,36188
52145,323184,24441,155575,16749,298742,69781,33589,36192
52150,323215,24443,155585,16750,298771,69787,33590,36197
52155,323246,24449,155601,16755,298797,69793,33593,36200
52160,323277,24451,155618,16756,298825,69799,33597,36202
52165,323308,24452,155634,16757,298856,69805,33598,36207
52170,323339,24453,155647,16757,298885,69811,33600,36211
52175,323370,24454,155660,16757,298916,69817,33602,36215
52180,323401,24455,155676,16757,298945,69823,33605,36218
52185,323432,24457,155692,16758,298974,69829,33608,36221
52190,323463,24460,155708,16759,299003,69835,33611,36224
52195,323494,24463,155725,16761,299030,69841,33614,36227
52200,323525,24466,155743,16763,299058,69847,33618,36229
52205,323556,24469,155756,16765,299086,69852,33619,36233
52210,323587,24472,155778,16767,299113,69857,33624,36233
52215,323618,24475,155793,16769,299143,69862,33627,36235
52220,323649,24477,155809,16770,299172,69867,33630,36237
52225,323680,24482,155826,16774,299198,69872,33633,36239
52230,323711,24484,155841,16775,299226,69877,33636,36241
52235,323742,24487,155856,16778,299255,69882,33638,36244
52240,323773,24489,155872,16779,299284,69887,33640,36247
52245,323804,24491,155890,16781,299313,69892,33643,36249
52250,323835,24492,155901,16781,299343,69899,33645,36254
52255,323866,24493,155917,16781,299373,69906,33648,36258
52260,323897,24494,155930,16781,299403,69913,33651,36262
52265,323928,24497,155946,16782,299429,69920,33655,36265
52270,323959,24499,155965,16783,299460,69927,33657,36270
52275,323990,24502,155980,16785,299488,69934,33662,36272
52280,324021,24505,155994,16787,299515,69941,33664,36277
52285,324052,24507,156008,16789,299543,69948,33665,36283
52290,324083,24509,156021,16791,299574,69955,33668,36287
52295,324114,24510,156033,16792,299602,69962,33670,36292
52300,324145,24511,156048,16793,299631,69969,33675,36294
52305,324176,24512,156063,16794,299663,69977,33678,36299
52310,324207,24513,156083,16795,299694,69985,33682,36303
52315,324238,24514,156100,16795,299724,69993,33686,36307
52320,324269,24515,156112,16796,299754,70001,33691,36310
52325,324300,24516,156127,16796,299784,70008,33695,36313
52330,324331,24517,156138,16797,299813,70015,33698,36317
52335,324362,24520,156150,16800,299841,70022,33700,36322
52340,324393,24523,156162,16802,299869,70029,33700,36329
52345,324424,24526,156180,16804,299898,70036,33707,36329
52350,324455,24529,156195,16807,299926,70043,33711,36332
52355,324486,24532,156210,16809,299954,70050,33715,36335
52360,324517,24536,156225,16812,299980,70057,33719,36338
52365,324548,24540,156238,16815,300008,70064,33722,36342
52370,324579,24545,156255,16819,300033,70071,33724,36347
52375,324610,24547,156267,16820,300063,70078,33727,36351
52380,324641,24549,156281,16822,300092,70085,33730,36355
52385,324672,24551,156296,16824,300121,70092,33731,36361
52390,324703,24553,156314,16825,300150,70099,33735,36364
52395,324734,24556,156328,16827,300178,70106,33738,36368
52400,324765,24558,156340,16828,300207,70113,33742,36371
52405,324796,24561,156356,16830,300235,70120,33748,36372
52410,324827,24563,156373,16831,300263,70127,33751,36376
52415,324858,24566,156391,16833,300288,70134,33753,36381
52420,324889,24568,156409,16835,300319,70141,33757,36384
52425,324920,24570,156419,16835,300349,70149,33758,36391
52430,324951,24574,156436,16838,300375,70157,33761,36396
52435,324982,24576,156447,16839,300405,70165,33764,36401
52440,325013,24581,156464,16844,300430,70173,33767,36406
52445,325044,24582,156480,16845,300461,70180,33771,36409
52450,325075,24583,156497,16846,300491,70187,33776,36411
52455,325106,24584,156516,16846,300521,70194,33781,36413
52460,325137,24585,156529,16846,300552,70201,33784,36417
52465,325168,24586,156546,16846,300582,70208,33790,36418
52470,325199,24587,156561,16846,300611,70215,33796,36419
52475,325230,24588,156575,16846,300642,70222,33798,36424
52480,325261,24590,156589,16846,300671,70229,33803,36426
52485,325292,24592,156606,16847,300699,70236,33806,36430
52490,325323,24595,156625,16848,300726,70243,33812,36431
52495,325354,24599,156641,16851,300755,70250,33816,36434
52500,325385,24602,156653,16852,300783,70257,33817,36440
52505,325416,24604,156666,16852,300811,70263,33819,36444
52510,325447,24607,156681,16854,300840,70269,33824,36445
52515,325478,24609,156695,16855,300868,70275,33825,36450
52520,325509,24612,156714,16857,300897,70281,33828,36453
52525,325540,24616,156726,16859,300924,70287,33830,36457
52530,325571,24620,156740,16862,300951,70293,33832,36461
52535,325602,24623,156757,16865,300978,70299,33834,36465
52540,325633,24628,156775,16870,301005,70305,33838,36467
52545,325664,24633,156791,16874,301031,70312,33843,36469
52550,325695,24639,156805,16879,301056,70319,33846,36473
52555,325726,24643,156818,16882,301083,70326,33849,36477
52560,325757,24649,156835,16888,301107,70333,33853,36480
52565,325788,24652,156849,16891,301135,70339,33854,36485
52570,325819,24654,156864,16893,301165,70345,33856,36489
52575,325850,24656,156877,16894,301193,70351,33860,36491
52580,325881,24659,156890,16896,301222,70357,33863,36494
52585,325912,24661,156907,16897,301251,70363,33866,36497
52590,325943,24661,156926,16897,301282,70369,33870,36499
52595,325974,24661,156946,16897,301312,70375,33874,36501
52600,326005,24661,156961,16897,301344,70381,33875,36506
52605,326036,24661,156979,16897,301375,70388,33879,36509
52610,326067,24661,156994,16897,301404,70395,33881,36514
52615,326098,24661,157009,16897,301436,70402,33885,36517
52620,326129,24661,157023,16897,301467,70409,33890,36519
52625,326160,24661,157037,16897,301498,70415,33892,36523
52630,326191,24661,157054,16897,301530,70421,33895,36526
52635,326222,24661,157070,16897,301560,70427,33897,36530
52640,326253,24661,157090,16897,301591,70433,33900,36533
52645,326284,24661,157106,16897,301622,70439,33902,36537
52650,326315,24661,157119,16897,301652,70445,33904,36541
52655,326346,24663,157137,16899,301681,70451,33907,36544
52660,326377,24666,157153,16902,301708,70457,33908,36549
52665,326408,24670,157165,16905,301736,70464,33910,36554
52670,326439,24673,157178,16908,301765,70471,33912,36559
52675,326470,24675,157190,16909,301794,70478,33916,36562
52680,326501,24678,157203,16912,301822,70485,33919,36566
52685,326532,24681,157219,16914,301851,70492,33920,36572
52690,326563,24683,157232,16915,301879,70499,33923,36576
52695,326594,24689,157248,16920,301905,70506,33926,36580
52700,326625,24694,157260,16922,301931,70513,33929,36584
52705,326656,24699,157270,16924,301957,70520,33932,36588
52710,326687,24704,157282,16927,301982,70527,33936,36591
52715,326718,24710,157299,16931,302008,70534,33941,36593
52720,326749,24714,157312,16933,302035,70541,33943,36598
52725,326780,24716,157326,16934,302064,70549,33948,36601
52730,326811,24718,157337,16935,302093,70557,33951,36606
52735,326842,24722,157353,16939,302120,70565,33952,36613
52740,326873,24726,157369,16943,302146,70573,33956,36617
52745,326904,24729,157381,16946,302175,70580,33958,36622
52750,326935,24734,157394,16950,302200,70587,33961,36626
52755,326966,24737,157411,16953,302229,70594,33967,36627
52760,326997,24740,157427,16954,302257,70601,33969,36632
52765,327028,24741,157447,16955,302287,70608,33971,36637
52770,327059,24742,157459,16956,302317,70615,33974,36641
52775,327090,24743,157473,16956,302347,70622,33978,36644
52780,327121,24744,157485,16957,302377,70629,33980,36649
52785,327152,24745,157499,16958,302407,70636,33981,36655
52790,327183,24747,157509,16959,302435,70643,33984,36659
52795,327214,24749,157523,16961,302464,70650,33987,36663
52800,327245,24750,157534,16961,302494,70657,33989,36668
52805,327276,24750,157544,16961,302526,70664,33991,36673
52810,327307,24750,157560,16961,302553,70671,33991,36680
52815,327338,24750,157575,16961,302586,70678,33994,36684
52820,327369,24752,157592,16963,302615,70685,33998,36687
52825,327400,24754,157607,16965,302644,70692,34003,36689
52830,327431,24756,157623,16966,302671,70699,34004,36695
52835,327462,24759,157634,16968,302702,70706,34006,36700
52840,327493,24761,157652,16970,302731,70713,34011,36702
52845,327524,24763,157664,16971,302760,70721,34016,36705
52850,327555,24765,157675,16973,302789,70729,34018,36711
52855,327586,24767,157690,16974,302817,70737,34021,36716
52860,327617,24771,157708,16978,302845,70745,34027,36718
52865,327648,24774,157726,16981,302873,70751,34030,36721
52870,327679,24776,157740,16982,302903,70757,34033,36724
52875,327710,24777,157754,16983,302933,70763,34035,36728
52880,327741,24778,157772,16984,302963,70769,34040,36729
52885,327772,24779,157786,16985,302993,70775,34044,36731
52890,327803,24780,157799,16986,303023,70781,34047,36734
52895,327834,24781,157815,16986,303053,70787,34050,36737
52900,327865,24782,157831,16986,303083,70793,34051,36742
52905,327896,24784,157848,16988,303111,70799,34054,36745
52910,327927,24787,157863,16989,303139,70805,34057,36748
52915,327958,24790,157877,16991,303168,70811,34059,36752
52920,327989,24794,157892,16993,303194,70817,34060,36757
52925,328020,24798,157913,16996,303221,70822,34065,36757
52930,328051,24800,157925,16996,303251,70827,34069,36758
52935,328082,24804,157938,16999,303277,70832,34071,36761
52940,328113,24807,157952,17000,303305,70837,34074,36763
52945,328144,24810,157967,17002,303334,70842,34078,36764
52950,328175,24814,157978,17005,303360,70847,34080,36767
52955,328206,24817,157993,17006,303388,70852,34082,36770
52960,328237,24819,158007,17007,303417,70857,34084,36773
52965,328268,24822,158027,17009,303444,70863,34088,36775
52970,328299,24824,158041,17010,303474,70870,34093,36777
52975,328330,24828,158058,17014,303501,70877,34098,36779
52980,328361,24831,158071,17016,303529,70884,34101,36783
52985,328392,24833,158087,17018,303558,70891,34104,36787
52990,328423,24836,158105,17020,303586,70898,34108,36790
52995,328454,24839,158116,17022,303615,70905,34110,36795
53000,328485,24842,158131,17024,303643,70912,34114,36798
53005,328516,24845,158148,17025,303670,70919,34115,36804
53010,328547,24849,158161,17027,303698,70926,34117,36809
53015,328578,24851,158179,17028,303727,70933,34120,36813
53020,328609,24853,158197,17029,303755,70940,34124,36816
53025,328640,24857,158210,17032,303782,70947,34128,36819
53030,328671,24860,158224,17034,303810,70955,34132,36823
53035,328702,24863,158237,17037,303839,70963,34134,36829
53040,328733,24865,158250,17037,303868,70971,34139,36832
53045,328764,24866,158264,17038,303898,70977,34141,36836
53050,328795,24867,158283,17039,303928,70983,34144,36839
53055,328826,24868,158294,17040,303958,70989,34147,36842
53060,328857,24869,158306,17041,303988,70995,34150,36845
53065,328888,24870,158323,17041,304017,71001,34153,36848
53070,328919,24872,158338,17042,304046,71007,34155,36852
53075,328950,24874,158355,17044,304075,71013,34160,36853
53080,328981,24876,158364,17044,304105,71019,34161,36858
53085,329012,24879,158384,17045,304132,71025,34164,36861
53090,329043,24882,158400,17047,304160,71031,34167,36864
53095,329074,24885,158415,17049,304188,71037,34170,36867
53100,329105,24888,158431,17052,304217,71043,34174,36869
53105,329136,24891,158446,17054,304244,71048,34175,36873
53110,329167,24894,158462,17055,304271,71053,34179,36874
53115,329198,24897,158481,17058,304300,71058,34184,36874
53120,329229,24898,158497,17058,304330,71063,34188,36875
53125,329260,24900,158510,17060,304358,71068,34188,36880
53130,329291,24902,158525,17062,304387,71073,34190,36883
53135,329322,24904,158539,17064,304417,71078,34192,36886
53140,329353,24905,158553,17065,304446,71083,34195,36888
53145,329384,24906,158568,17065,304477,71090,34199,36891
53150,329415,24909,158587,17067,304504,71097,34203,36894
53155,329446,24912,158605,17069,304533,71104,34208,36896
53160,329477,24915,158620,17072,304561,71111,34211,36900
53165,329508,24919,158634,17074,304589,71117,34213,36904
53170,329539,24921,158648,17074,304618,71123,34216,36907
53175,329570,24923,158661,17074,304647,71129,34219,36910
53180,329601,24927,158676,17078,304674,71135,34222,36913
53185,329632,24928,158692,17079,304704,71141,34225,36916
53190,329663,24929,158711,17079,304734,71147,34229,36918
53195,329694,24930,158726,17080,304764,71153,34233,36920
53200,329725,24931,158741,17080,304793,71159,34234,36925
53205,329756,24933,158754,17081,304822,71166,34235,36931
53210,329787,24935,158774,17083,304851,71173,34240,36933
53215,329818,24937,158785,17084,304881,71180,34242,36938
53220,329849,24939,158802,17085,304909,71187,34247,36940
53225,329880,24943,158819,17088,304936,71194,34252,36942
53230,329911,24947,158835,17091,304963,71201,34256,36945
53235,329942,24954,158849,17097,304988,71208,34259,36949
53240,329973,24957,158859,17099,305015,71215,34261,36954
53245,330004,24961,158873,17101,305043,71222,34265,36957
53250,330035,24962,158890,17102,305073,71229,34269,36960
53255,330066,24964,158907,17104,305101,71236,34275,36961
53260,330097,24965,158921,17104,305131,71243,34280,36963
53265,330128,24966,158934,17104,305161,71251,34284,36967
53270,330159,24967,158948,17105,305192,71259,34287,36972
53275,330190,24969,158968,17106,305220,71267,34293,36974
53280,330221,24970,158982,17106,305251,71275,34297,36978
53285,330252,24971,158994,17106,305281,71282,34299,36983
53290,330283,24974,159007,17108,305308,71289,34301,36988
53295,330314,24977,159017,17109,305336,71296,34303,36993
53300,330345,24980,159031,17110,305364,71303,34305,36998
53305,330376,24982,159045,17111,305393,71310,34307,37003
53310,330407,24985,159061,17114,305422,71317,34310,37007
53315,330438,24987,159075,17114,305451,71324,34314,37010
53320,330469,24990,159093,17115,305478,71331,34319,37012
53325,330500,24994,159109,17118,305505,71338,34323,37015
53330,330531,24997,159126,17121,305534,71345,34327,37018
53335,330562,24999,159138,17122,305563,71352,34331,37021
53340,330593,25000,159158,17122,305593,71359,34336,37023
53345,330624,25001,159173,17122,305623,71365,34340,37025
53350,330655,25003,159187,17124,305652,71371,34342,37029
53355,330686,25006,159205,17127,305679,71377,34345,37032
53360,330717,25010,159218,17129,305707,71383,34348,37035
53365,330748,25012,159231,17130,305735,71389,34351,37038
53370,330779,25016,159243,17133,305762,71395,34353,37042
53375,330810,25020,159255,17135,305788,71401,34356,37045
53380,330841,25023,159268,17137,305816,71407,34358,37049
53385,330872,25029,159287,17142,305840,71414,34361,37053
53390,330903,25032,159297,17144,305870,71421,34362,37059
53395,330934,25034,159310,17145,305899,71428,34364,37064
53400,330965,25036,159325,17146,305929,71435,34367,37068
53405,330996,25039,159339,17149,305957,71442,34369,37073
53410,331027,25041,159351,17151,305986,71449,34373,37076
53415,331058,25041,159367,17151,306017,71456,34377,37079
53420,331089,25041,159383,17151,306048,71463,34380,37083
53425,331120,25041,159400,17151,306079,71470,34386,37084
53430,331151,25041,159415,17151,306110,71477,34391,37086
53435,331182,25042,159434,17152,306140,71484,34394,37090
53440,331213,25043,159447,17153,306167,71491,34396,37095
53445,331244,25045,159464,17154,306198,71499,34401,37098
53450,331275,25046,159478,17154,306227,71507,34404,37103
53455,331306,25047,159492,17154,306259,71515,34406,37109
53460,331337,25049,159508,17156,306288,71523,34409,37114
53465,331368,25051,159523,17158,306317,71530,34412,37118
53470,331399,25053,159537,17159,306346,71537,34415,37122
53475,331430,25054,159551,17160,306376,71544,34419,37125
53480,331461,25055,159560,17160,306406,71551,34422,37129
53485,331492,25056,159573,17160,306436,71558,34424,37134
53490,331523,25057,159588,17160,306466,71565,34427,37138
53495,331554,25059,159607,17162,306495,71572,34432,37140
53500,331585,25062,159619,17163,306523,71579,34435,37144
53505,331616,25064,159631,17164,306552,71586,34437,37149
53510,331647,25067,159643,17166,306580,71593,34441,37152
53515,331678,25073,159661,17169,306604,71600,34446,37154
53520,331709,25078,159674,17173,306631,71607,34447,37160
53525,331740,25083,159689,17177,306656,71614,34449,37165
53530,331771,25088,159705,17182,306682,71621,34453,37168
53535,331802,25093,159722,17186,306709,71628,34455,37173
53540,331833,25096,159741,17188,306737,71635,34460,37175
53545,331864,25099,159758,17190,306765,71642,34465,37177
53550,331895,25101,159774,17191,306793,71649,34469,37180
53555,331926,25104,159790,17193,306821,71656,34473,37183
53560,331957,25110,159802,17199,306847,71663,34474,37189
53565,331988,25113,159820,17201,306874,71670,34480,37190
53570,332019,25115,159839,17203,306901,71678,34487,37191
53575,332050,25117,159858,17204,306932,71686,34494,37192
53580,332081,25119,159874,17205,306961,71694,34498,37196
53585,332112,25120,159888,17206,306991,71699,34500,37199
53590,332143,25123,159902,17208,307019,71704,34502,37202
53595,332174,25124,159918,17209,307049,71709,34505,37204
53600,332205,25126,159930,17211,307079,71714,34507,37207
53605,332236,25126,159941,17211,307110,71719,34508,37211
53610,332267,25126,159953,17211,307140,71724,34511,37213
53615,332298,25126,159967,17211,307171,71729,34514,37215
53620,332329,25126,159980,17211,307202,71734,34515,37219
53625,332360,25126,159996,17211,307234,71739,34518,37221
53630,332391,25127,160012,17212,307263,71744,34519,37225
53635,332422,25128,160026,17213,307293,71749,34521,37228
53640,332453,25129,160041,17213,307324,71754,34524,37230
53645,332484,25130,160060,17213,307353,71758,34525,37233
53650,332515,25131,160072,17214,307384,71762,34527,37235
53655,332546,25132,160089,17214,307413,71766,34530,37236
53660,332577,25133,160106,17215,307443,71770,34532,37238
53665,332608,25134,160123,17215,307474,71774,34534,37240
53670,332639,25135,160136,17215,307504,71778,34535,37243
53675,332670,25136,160148,17215,307533,71782,34537,37245
53680,332701,25139,160162,17218,307561,71786,34537,37249
53685,332732,25142,160178,17220,307590,71792,34539,37253
53690,332763,25145,160195,17222,307617,71799,34542,37257
53695,332794,25147,160213,17223,307645,71806,34547,37259
53700,332825,25150,160229,17225,307672,71813,34548,37265
53705,332856,25153,160243,17226,307702,71820,34549,37271
53710,332887,25158,160261,17230,307729,71827,34553,37274
53715,332918,25162,160274,17231,307755,71834,34556,37278
53720,332949,25167,160288,17234,307782,71841,34560,37281
53725,332980,25170,160299,17235,307810,71848,34563,37285
53730,333011,25174,160312,17237,307837,71855,34567,37288
53735,333042,25177,160327,17239,307864,71862,34570,37292
53740,333073,25183,160341,17242,307889,71869,34575,37294
53745,333104,25189,160358,17245,307914,71877,34581,37296
53750,333135,25195,160369,17250,307940,71885,34582,37303
53755,333166,25200,160386,17253,307965,71893,34587,37306
53760,333197,25205,160402,17256,307990,71901,34589,37312
53765,333228,25212,160415,17262,308016,71908,34593,37315
53770,333259,25214,160426,17264,308044,71915,34596,37319
53775,333290,25216,160447,17265,308073,71922,34600,37322
53780,333321,25219,160458,17267,308101,71929,34603,37326
53785,333352,25222,160473,17268,308130,71936,34608,37328
53790,333383,25225,160486,17269,308158,71943,34611,37332
53795,333414,25227,160503,17271,308187,71950,34613,37337
53800,333445,25229,160512,17272,308216,71957,34613,37344
53805,333476,25230,160527,17272,308246,71964,34618,37346
53810,333507,25231,160543,17272,308276,71971,34621,37350
53815,333538,25233,160558,17274,308303,71978,34623,37355
53820,333569,25235,160576,17275,308334,71985,34628,37357
53825,333600,25235,160590,17275,308364,71991,34633,37358
53830,333631,25235,160604,17275,308396,71997,34637,37360
53835,333662,25235,160622,17275,308426,72003,34641,37362
53840,333693,25235,160643,17275,308457,72009,34644,37365
53845,333724,25235,160654,17275,308488,72015,34648,37367
53850,333755,25235,160667,17275,308519,72021,34651,37370
53855,333786,25235,160685,17275,308550,72027,34655,37372
53860,333817,25235,160699,17275,308581,72033,34657,37376
53865,333848,25235,160709,17275,308612,72040,34662,37378
53870,333879,25235,160725,17275,308644,72047,34666,37381
53875,333910,25235,160739,17275,308674,72054,34670,37384
53880,333941,25237,160752,17276,308703,72061,34673,37388
53885,333972,25238,160768,17277,308734,72068,34675,37393
53890,334003,25239,160785,17277,308764,72075,34679,37396
53895,334034,25240,160803,17278,308793,72082,34683,37399
53900,334065,25242,160818,17278,308822,72089,34685,37404
53905,334096,25246,160830,17281,308849,72096,34687,37409
53910,334127,25250,160841,17283,308877,72103,34692,37411
53915,334158,25253,160857,17284,308904,72110,34697,37413
53920,334189,25257,160877,17287,308931,72117,34699,37418
53925,334220,25262,160893,17290,308957,72125,34702,37423
53930,334251,25267,160906,17294,308984,72133,34705,37428
53935,334282,25271,160920,17295,309010,72141,34710,37431
53940,334313,25276,160934,17299,309036,72149,34712,37437
53945,334344,25281,160945,17303,309063,72156,34716,37440
53950,334375,25286,160960,17307,309088,72163,34718,37445
53955,334406,25291,160969,17311,309115,72170,34720,37450
53960,334437,25298,160986,17317,309139,72177,34723,37454
53965,334468,25304,161003,17321,309164,72184,34728,37456
53970,334499,25307,161017,17322,309192,72191,34732,37459
53975,334530,25311,161032,17325,309219,72198,34736,37462
53980,334561,25313,161049,17327,309248,72205,34740,37465
53985,334592,25315,161067,17329,309277,72212,34745,37467
53990,334623,25316,161080,17329,309306,72219,34748,37471
53995,334654,25318,161095,17330,309335,72226,34752,37474
54000,334685,25319,161110,17331,309366,72233,34755,37478
54005,334716,25320,161125,17332,309395,72240,34760,37480
54010,334747,25323,161141,17334,309424,72247,34763,37484
54015,334778,25323,161154,17334,309455,72254,34768,37486
54020,334809,25323,161166,17334,309486,72261,34771,37490
54025,334840,25323,161179,17334,309517,72268,34773,37495
54030,334871,25323,161191,17334,309548,72275,34773,37502
54035,334902,25323,161202,17334,309579,72282,34774,37508
54040,334933,25323,161222,17334,309610,72289,34778,37511
54045,334964,25323,161239,17334,309640,72297,34782,37515
54050,334995,25323,161249,17334,309672,72305,34785,37520
54055,335026,25323,161266,17334,309702,72313,34790,37523
54060,335057,25323,161284,17334,309734,72321,34794,37527
54065,335088,25323,161297,17334,309765,72329,34798,37531
54070,335119,25323,161310,17334,309795,72337,34802,37535
54075,335150,25324,161326,17335,309826,72345,34807,37538
54080,335181,25325,161346,17336,309855,72353,34813,37540
54085,335212,25328,161367,17338,309884,72361,34821,37540
54090,335243,25331,161385,17339,309911,72369,34827,37542
54095,335274,25333,161398,17339,309940,72377,34830,37547
54100,335305,25336,161415,17341,309969,72385,34835,37550
54105,335336,25338,161429,17342,309997,72393,34840,37553
54110,335367,25340,161445,17343,310027,72401,34846,37555
54115,335398,25343,161459,17345,310054,72409,34850,37559
54120,335429,25347,161473,17347,310081,72417,34856,37561
54125,335460,25353,161484,17350,310107,72422,34858,37564
54130,335491,25357,161500,17352,310132,72427,34861,37566
54135,335522,25363,161513,17356,310157,72432,34862,37570
54140,335553,25370,161526,17361,310183,72437,34865,37572
54145,335584,25374,161538,17364,310208,72442,34865,37577
54150,335615,25380,161550,17368,310235,72447,34866,37581
54155,335646,25384,161564,17370,310261,72452,34868,37584
54160,335677,25389,161581,17374,310286,72457,34872,37585
54165,335708,25394,161595,17378,310314,72462,34874,37588
54170,335739,25399,161611,17383,310340,72467,34876,37591
54175,335770,25403,161630,17387,310367,72472,34878,37594
54180,335801,25404,161648,17388,310397,72477,34882,37595
54185,335832,25405,161661,17389,310427,72481,34884,37597
54190,335863,25406,161679,17389,310457,72485,34886,37599
54195,335894,25407,161697,17389,310487,72489,34888,37601
54200,335925,25408,161710,17390,310517,72493,34888,37605
54205,335956,25409,161724,17391,310547,72497,34889,37608
54210,335987,25410,161740,17391,310577,72501,34892,37609
54215,336018,25411,161756,17391,310606,72505,34892,37613
54220,336049,25412,161769,17392,310637,72509,34894,37615
54225,336080,25413,161786,17392,310666,72515,34898,37617
54230,336111,25414,161802,17393,310697,72522,34903,37619
54235,336142,25415,161820,17394,310727,72529,34908,37621
54240,336173,25417,161836,17396,310756,72536,34912,37624
54245,336204,25418,161850,17396,310785,72542,34915,37627
54250,336235,25420,161867,17397,310814,72548,34917,37631
54255,336266,25421,161879,17397,310845,72554,34920,37634
54260,336297,25423,161893,17398,310873,72560,34923,37637
54265,336328,25425,161912,17400,310902,72566,34926,37640
54270,336359,25427,161923,17402,310930,72572,34928,37644
54275,336390,25430,161938,17405,310959,72578,34932,37646
54280,336421,25432,161951,17407,310989,72584,34934,37650
54285,336452,25437,161961,17410,311015,72591,34936,37655
54290,336483,25442,161977,17414,311039,72598,34941,37657
54295,336514,25446,161990,17417,311068,72605,34946,37659
54300,336545,25449,162000,17419,311094,72612,34948,37664
54305,336576,25454,162019,17424,311120,72619,34952,37667
54310,336607,25459,162036,17428,311146,72626,34956,37670
54315,336638,25464,162055,17431,311172,72633,34960,37673
54320,336669,25470,162077,17436,311198,72640,34964,37676
54325,336700,25472,162092,17437,311228,72647,34966,37681
54330,336731,25474,162106,17439,311257,72654,34968,37686
54335,336762,25475,162120,17440,311287,72661,34972,37689
54340,336793,25477,162130,17442,311316,72668,34976,37692
54345,336824,25480,162146,17444,311344,72675,34979,37696
54350,336855,25481,162154,17444,311374,72683,34980,37703
54355,336886,25482,162167,17445,311404,72691,34982,37709
54360,336917,25484,162177,17447,311433,72699,34983,37716
54365,336948,25484,162197,17447,311464,72706,34987,37719
54370,336979,25484,162210,17447,311495,72713,34990,37723
54375,337010,25484,162223,17447,311526,72720,34992,37728
54380,337041,25484,162238,17447,311557,72727,34995,37732
54385,337072,25484,162254,17447,311588,72734,34998,37736
54390,337103,25484,162272,17447,311618,72741,35000,37741
54395,337134,25484,162286,17447,311649,72748,35003,37745
54400,337165,25484,162301,17447,311680,72755,35006,37749
54405,337196,25485,162316,17448,311711,72762,35010,37752
54410,337227,25486,162330,17448,311741,72769,35016,37753
54415,337258,25488,162346,17450,311770,72776,35021,37755
54420,337289,25489,162361,17451,311800,72783,35023,37760
54425,337320,25490,162376,17452,311829,72788,35026,37762
54430,337351,25494,162391,17454,311857,72793,35030,37763
54435,337382,25496,162403,17454,311884,72798,35032,37766
54440,337413,25502,162420,17460,311910,72803,35035,37768
54445,337444,25506,162431,17462,311937,72808,35036,37772
54450,337475,25510,162444,17465,311964,72813,35038,37775
54455,337506,25513,162457,17467,311992,72818,35041,37777
54460,337537,25517,162476,17471,312019,72823,35045,37778
54465,337568,25521,162494,17475,312045,72829,35049,37780
54470,337599,25526,162508,17478,312072,72835,35052,37783
54475,337630,25532,162524,17484,312098,72841,35054,37787
54480,337661,25534,162537,17485,312126,72847,35057,37790
54485,337692,25536,162554,17486,312155,72853,35060,37793
54490,337723,25539,162567,17487,312184,72859,35063,37796
54495,337754,25542,162583,17489,312210,72865,35064,37801
54500,337785,25545,162591,17490,312240,72871,35065,37806
54505,337816,25547,162607,17492,312267,72877,35068,37809
54510,337847,25550,162620,17495,312297,72883,35070,37813
54515,337878,25552,162634,17496,312325,72889,35073,37816
54520,337909,25555,162647,17498,312354,72895,35075,37820
54525,337940,25559,162661,17501,312381,72903,35079,37824
54530,337971,25563,162674,17503,312408,72911,35083,37828
54535,338002,25565,162688,17504,312437,72919,35088,37831
54540,338033,25566,162704,17505,312467,72927,35091,37836
54545,338064,25567,162721,17506,312497,72935,35095,37840
54550,338095,25568,162733,17507,312526,72943,35098,37845
54555,338126,25570,162749,17508,312555,72951,35104,37847
54560,338157,25572,162765,17510,312585,72959,35110,37849
54565,338188,25574,162780,17512,312614,72967,35114,37853
54570,338219,25576,162793,17514,312643,72975,35118,37857
54575,338250,25579,162805,17516,312670,72983,35121,37862
54580,338281,25581,162821,17518,312700,72991,35125,37866
54585,338312,25584,162842,17521,312728,72999,35131,37868
54590,338343,25586,162856,17523,312757,73007,35134,37873
54595,338374,25588,162870,17524,312786,73015,35139,37876
54600,338405,25590,162885,17526,312814,73023,35143,37880
54605,338436,25592,162896,17527,312844,73031,35146,37885
54610,338467,25594,162914,17529,312873,73039,35150,37889
54615,338498,25596,162925,17531,312902,73047,35152,37895
54620,338529,25599,162939,17534,312930,73055,35155,37900
54625,338560,25602,162955,17537,312957,73063,35159,37904
54630,338591,25602,162970,17537,312989,73071,35162,37909
54635,338622,25602,162986,17537,313019,73079,35167,37912
54640,338653,25603,163004,17538,313050,73087,35172,37915
54645,338684,25604,163021,17538,313079,73095,35176,37919
54650,338715,25605,163039,17539,313109,73103,35180,37923
54655,338746,25607,163059,17541,313137,73111,35185,37926
54660,338777,25609,163076,17543,313166,73119,35189,37930
54665,338808,25611,163092,17544,313197,73126,35193,37933
54670,338839,25612,163106,17544,313226,73133,35197,37936
54675,338870,25613,163122,17545,313256,73140,35203,37937
54680,338901,25615,163139,17547,313285,73147,35206,37941
54685,338932,25616,163150,17547,313316,73154,35208,37946
54690,338963,25619,163167,17549,313344,73161,35213,37948
54695,338994,25622,163181,17552,313372,73168,35215,37953
54700,339025,25625,163200,17554,313400,73175,35217,37958
54705,339056,25628,163221,17557,313428,73182,35220,37962
54710,339087,25631,163234,17559,313456,73189,35224,37965
54715,339118,25634,163248,17562,313484,73196,35227,37969
54720,339149,25636,163266,17563,313513,73203,35232,37971
54725,339180,25638,163284,17563,313542,73208,35234,37974
54730,339211,25642,163299,17566,313568,73213,35237,37976
54735,339242,25648,163314,17571,313592,73218,35239,37979
54740,339273,25653,163328,17575,313619,73223,35241,37982
54745,339304,25658,163348,17580,313646,73228,35243,37985
54750,339335,25662,163361,17583,313673,73233,35247,37986
54755,339366,25667,163378,17587,313697,73238,35251,37987
54760,339397,25673,163393,17592,313723,73243,35254,37989
54765,339428,25676,163405,17594,313751,73249,35254,37995
54770,339459,25677,163420,17595,313782,73255,35257,37998
54775,339490,25679,163432,17596,313810,73261,35259,38002
54780,339521,25681,163446,17597,313839,73267,35263,38004
54785,339552,25683,163458,17599,313869,73272,35265,38007
54790,339583,25683,163473,17599,313899,73277,35268,38009
54795,339614,25683,163492,17599,313930,73282,35270,38012
54800,339645,25683,163511,17599,313960,73287,35275,38012
54805,339676,25683,163524,17599,313993,73292,35279,38013
54810,339707,25683,163538,17599,314024,73297,35282,38015
54815,339738,25683,163555,17599,314054,73302,35286,38016
54820,339769,25683,163567,17599,314086,73307,35288,38019
54825,339800,25683,163579,17599,314117,73314,35292,38022
54830,339831,25683,163596,17599,314146,73321,35296,38025
54835,339862,25684,163611,17599,314176,73328,35301,38027
54840,339893,25685,163626,17599,314206,73335,35307,38028
54845,339924,25686,163641,17599,314236,73342,35311,38031
54850,339955,25687,163653,17599,314266,73349,35315,38034
54855,339986,25688,163669,17599,314295,73356,35317,38039
54860,340017,25689,163685,17599,314327,73363,35321,38042
54865,340048,25690,163699,17599,314358,73370,35326,38044
54870,340079,25691,163710,17600,314388,73377,35327,38050
54875,340110,25693,163726,17601,314416,73384,35330,38054
54880,340141,25696,163737,17604,314445,73391,35332,38059
54885,340172,25698,163750,17604,314473,73398,35334,38064
54890,340203,25702,163765,17607,314501,73406,35337,38069
54895,340234,25706,163778,17608,314527,73414,35341,38073
54900,340265,25714,163796,17613,314551,73422,35346,38076
54905,340296,25719,163811,17616,314576,73429,35348,38081
54910,340327,25725,163825,17621,314601,73436,35351,38085
54915,340358,25730,163840,17624,314627,73443,35354,38089
54920,340389,25737,163853,17630,314652,73450,35356,38094
54925,340420,25741,163866,17633,314677,73457,35359,38098
54930,340451,25748,163882,17637,314701,73464,35361,38103
54935,340482,25753,163896,17641,314729,73471,35365,38106
54940,340513,25757,163919,17644,314756,73478,35369,38109
54945,340544,25761,163934,17646,314783,73485,35372,38113
54950,340575,25763,163946,17647,314812,73492,35377,38115
54955,340606,25767,163961,17650,314839,73499,35380,38119
54960,340637,25769,163976,17651,314867,73506,35383,38123
54965,340668,25771,163990,17653,314897,73510,35387,38123
54970,340699,25771,164002,17653,314928,73514,35389,38125
54975,340730,25771,164016,17653,314959,73518,35392,38126
54980,340761,25771,164030,17653,314990,73522,35396,38126
54985,340792,25771,164045,17653,315020,73526,35398,38128
54990,340823,25771,164059,17653,315052,73530,35400,38130
54995,340854,25771,164068,17653,315082,73534,35401,38133
55000,340885,25771,164084,17653,315112,73538,35402,38136
55005,340916,25771,164101,17653,315141,73543,35406,38137
55010,340947,25771,164117,17653,315176,73548,35409,38139
55015,340978,25771,164129,17653,315206,73553,35411,38142
55020,341009,25771,164147,17653,315236,73558,35413,38145
55025,341040,25771,164156,17653,315269,73563,35415,38148
55030,341071,25771,164173,17653,315300,73568,35419,38149
55035,341102,25771,164189,17653,315330,73573,35423,38150
55040,341133,25772,164209,17654,315359,73578,35427,38151
55045,341164,25773,164225,17655,315391,73583,35429,38154
55050,341195,25774,164240,17656,315420,73588,35430,38158
55055,341226,25775,164253,17657,315449,73593,35433,38160
55060,341257,25777,164274,17658,315479,73598,35438,38160
55065,341288,25779,164286,17659,315508,73605,35438,38167
55070,341319,25785,164302,17665,315534,73613,35442,38171
55075,341350,25788,164316,17666,315560,73621,35446,38175
55080,341381,25793,164329,17669,315587,73629,35448,38181
55085,341412,25797,164342,17671,315615,73637,35451,38186
55090,341443,25802,164358,17675,315641,73645,35456,38189
55095,341474,25807,164373,17678,315667,73653,35458,38195
55100,341505,25811,164384,17681,315694,73661,35462,38199
55105,341536,25817,164400,17685,315719,73669,35466,38203
55110,341567,25821,164411,17686,315746,73677,35469,38208
55115,341598,25827,164428,17690,315771,73685,35474,38211
55120,341629,25831,164443,17694,315798,73693,35478,38215
55125,341660,25835,164460,17698,315824,73701,35481,38220
55130,341691,25840,164477,17703,315850,73709,35484,38225
55135,341722,25846,164495,17709,315875,73717,35488,38229
55140,341753,25848,164511,17710,315904,73725,35491,38234
55145,341784,25850,164525,17712,315932,73733,35495,38238
55150,341815,25852,164540,17713,315963,73741,35499,38242
55155,341846,25854,164551,17714,315991,73749,35500,38249
55160,341877,25856,164570,17716,316019,73757,35504,38253
55165,341908,25858,164585,17717,316049,73765,35507,38258
55170,341939,25859,164604,17718,316078,73773,35512,38261
55175,341970,25859,164621,17718,316110,73781,35516,38265
55180,342001,25859,164639,17718,316142,73789,35521,38268
55185,342032,25859,164657,17718,316171,73797,35527,38270
55190,342063,25859,164671,17718,316203,73805,35533,38272
55195,342094,25859,164685,17718,316233,73813,35535,38278
55200,342125,25859,164700,17718,316265,73821,35541,38280
55205,342156,25859,164712,17718,316296,73828,35544,38284
55210,342187,25859,164730,17718,316328,73835,35549,38286
55215,342218,25859,164742,17718,316358,73842,35551,38291
55220,342249,25860,164757,17719,316388,73849,35556,38293
55225,342280,25861,164772,17720,316419,73856,35560,38296
55230,342311,25862,164785,17720,316449,73863,35562,38301
55235,342342,25863,164801,17721,316478,73870,35566,38304
55240,342373,25865,164817,17723,316508,73877,35569,38308
55245,342404,25869,164832,17727,316533,73884,35571,38313
55250,342435,25874,164844,17732,316561,73891,35572,38319
55255,342466,25878,164862,17735,316587,73898,35576,38322
55260,342497,25883,164874,17738,316614,73905,35577,38328
55265,342528,25886,164884,17741,316642,73911,35579,38332
55270,342559,25891,164904,17745,316665,73917,35582,38335
55275,342590,25896,164920,17749,316692,73923,35583,38340
55280,342621,25900,164933,17750,316719,73929,35586,38343
55285,342652,25910,164952,17759,316739,73935,35588,38347
55290,342683,25914,164968,17762,316768,73941,35591,38350
55295,342714,25915,164977,17762,316799,73947,35592,38355
55300,342745,25916,164995,17763,316829,73953,35596,38357
55305,342776,25917,165016,17763,316857,73960,35602,38358
55310,342807,25918,165032,17764,316886,73967,35605,38362
55315,342838,25920,165051,17766,316917,73974,35609,38365
55320,342869,25922,165065,17767,316945,73981,35613,38368
55325,342900,25923,165075,17768,316977,73987,35614,38373
55330,342931,25924,165085,17768,317007,73993,35616,38377
55335,342962,25926,165101,17769,317035,73999,35619,38380
55340,342993,25928,165117,17770,317065,74005,35621,38384
55345,343024,25930,165128,17771,317094,74011,35623,38388
55350,343055,25931,165143,17772,317123,74017,35627,38390
55355,343086,25933,165159,17774,317153,74023,35630,38393
55360,343117,25935,165177,17776,317182,74029,35633,38396
55365,343148,25937,165190,17777,317211,74036,35635,38401
55370,343179,25938,165201,17777,317241,74043,35639,38404
55375,343210,25940,165217,17778,317270,74050,35642,38408
55380,343241,25942,165233,17779,317299,74057,35648,38409
55385,343272,25942,165249,17779,317330,74064,35651,38413
55390,343303,25942,165269,17779,317361,74071,35654,38417
55395,343334,25942,165279,17779,317392,74078,35657,38421
55400,343365,25945,165295,17781,317420,74085,35661,38424
55405,343396,25947,165312,17782,317449,74092,35662,38430
55410,343427,25949,165326,17783,317477,74099,35667,38432
55415,343458,25952,165340,17785,317504,74106,35671,38435
55420,343489,25958,165356,17790,317530,74113,35675,38438
55425,343520,25963,165370,17795,317557,74121,35678,38443
55430,343551,25969,165384,17800,317581,74129,35679,38450
55435,343582,25974,165397,17803,317607,74137,35682,38455
55440,343613,25979,165410,17806,317634,74145,35685,38460
55445,343644,25981,165423,17808,317663,74150,35688,38462
55450,343675,25982,165440,17809,317693,74155,35692,38463
55455,343706,25984,165452,17810,317722,74160,35694,38466
55460,343737,25985,165466,17810,317752,74165,35696,38469
55465,343768,25987,165483,17811,317780,74170,35700,38470
55470,343799,25989,165499,17812,317810,74175,35703,38472
55475,343830,25991,165513,17813,317839,74180,35705,38475
55480,343861,25992,165536,17814,317868,74185,35709,38476
55485,343892,25995,165551,17817,317896,74190,35710,38480
55490,343923,25997,165567,17819,317926,74195,35711,38484
55495,343954,26000,165576,17821,317954,74200,35714,38486
55500,343985,26004,165589,17823,317980,74205,35716,38489
55505,344016,26005,165606,17824,318010,74210,35717,38493
55510,344047,26007,165621,17825,318040,74215,35721,38494
55515,344078,26008,165629,17825,318070,74220,35721,38499
55520,344109,26010,165645,17827,318099,74225,35725,38500
55525,344140,26011,165658,17827,318128,74230,35728,38502
55530,344171,26012,165676,17828,318156,74235,35730,38505
55535,344202,26013,165692,17829,318188,74240,35732,38508
55540,344233,26015,165712,17831,318217,74245,35736,38509
55545,344264,26017,165724,17832,318245,74252,35738,38514
55550,344295,26020,165739,17834,318274,74260,35741,38519
55555,344326,26022,165754,17835,318303,74268,35745,38523
55560,344357,26024,165766,17836,318332,74276,35748,38528
55565,344388,26027,165784,17839,318360,74283,35751,38532
55570,344419,26029,165797,17841,318390,74290,35752,38538
55575,344450,26031,165809,17842,318419,74297,35755,38542
55580,344481,26033,165824,17842,318448,74304,35760,38544
55585,344512,26036,165835,17843,318476,74311,35762,38549
55590,344543,26038,165850,17844,318505,74318,35766,38552
55595,344574,26040,165861,17846,318534,74325,35768,38557
55600,344605,26042,165880,17846,318563,74332,35774,38558
55605,344636,26045,165889,17848,318590,74339,35775,38564
55610,344667,26053,165903,17854,318614,74346,35778,38568
55615,344698,26059,165920,17860,318639,74353,35783,38570
55620,344729,26065,165932,17863,318664,74360,35785,38575
55625,344760,26071,165949,17867,318689,74367,35789,38578
55630,344791,26078,165968,17873,318713,74374,35792,38582
55635,344822,26081,165981,17876,318741,74381,35795,38586
55640,344853,26083,165994,17878,318770,74388,35796,38592
55645,344884,26085,166009,17880,318799,74395,35799,38596
55650,344915,26087,166021,17881,318828,74402,35802,38600
55655,344946,26088,166036,17882,318858,74409,35806,38603
55660,344977,26091,166050,17884,318886,74416,35808,38608
55665,345008,26091,166062,17884,318916,74424,35809,38615
55670,345039,26091,166081,17884,318947,74432,35811,38621
55675,345070,26091,166093,17884,318978,74440,35814,38626
55680,345101,26091,166114,17884,319008,74448,35819,38629
55685,345132,26091,166130,17884,319039,74455,35823,38632
55690,345163,26091,166152,17884,319070,74462,35828,38634
55695,345194,26091,166169,17884,319102,74469,35831,38638
55700,345225,26091,166183,17884,319133,74476,35832,38644
55705,345256,26091,166197,17884,319165,74483,35836,38647
55710,345287,26091,166212,17884,319196,74490,35839,38651
55715,345318,26091,166228,17884,319226,74497,35843,38654
55720,345349,26091,166240,17884,319257,74504,35846,38658
55725,345380,26091,166253,17884,319289,74511,35848,38663
55730,345411,26091,166270,17884,319319,74518,35848,38670
55735,345442,26092,166278,17884,319350,74525,35849,38676
55740,345473,26094,166286,17886,319378,74532,35850,38682
55745,345504,26096,166299,17887,319408,74538,35853,38685
55750,345535,26099,166314,17889,319436,74544,35854,38690
55755,345566,26101,166329,17890,319465,74550,35858,38692
55760,345597,26104,166341,17892,319493,74556,35861,38695
55765,345628,26108,166357,17894,319518,74562,35865,38697
55770,345659,26118,166374,17902,319541,74568,35867,38701
55775,345690,26124,166396,17908,319564,74574,35871,38703
55780,345721,26131,166410,17914,319589,74580,35874,38706
55785,345752,26137,166423,17920,319615,74586,35875,38711
55790,345783,26143,166440,17925,319640,74593,35879,38714
55795,345814,26148,166455,17929,319665,74600,35884,38716
55800,345845,26155,166474,17934,319688,74607,35887,38720
55805,345876,26160,166482,17938,319715,74614,35888,38726
55810,345907,26165,166498,17941,319742,74621,35891,38730
55815,345938,26166,166512,17942,319772,74628,35894,38734
55820,345969,26167,166522,17943,319802,74635,35895,38740
55825,346000,26167,166537,17943,319833,74642,35899,38743
55830,346031,26167,166550,17943,319864,74649,35903,38746
55835,346062,26167,166564,17943,319895,74656,35906,38750
55840,346093,26167,166575,17943,319926,74663,35909,38754
55845,346124,26167,166594,17943,319954,74671,35914,38757
55850,346155,26167,166613,17943,319984,74679,35919,38760
55855,346186,26167,166624,17943,320018,74687,35924,38763
55860,346217,26167,166636,17943,320047,74695,35929,38766
55865,346248,26167,166649,17943,320079,74702,35934,38768
55870,346279,26167,166667,17943,320112,74709,35939,38770
55875,346310,26167,166684,17943,320143,74716,35942,38774
55880,346341,26167,166699,17943,320174,74723,35946,38777
55885,346372,26167,166714,17943,320205,74730,35949,38781
55890,346403,26167,166729,17943,320236,74737,35954,38783
55895,346434,26167,166747,17943,320267,74744,35959,38785
55900,346465,26167,166766,17943,320298,74751,35965,38786
55905,346496,26167,166779,17943,320329,74758,35970,38788
55910,346527,26167,166793,17943,320360,74765,35973,38792
55915,346558,26168,166804,17944,320390,74772,35976,38796
55920,346589,26170,166822,17946,320418,74779,35981,38798
55925,346620,26175,166841,17950,320444,74785,35984,38801
55930,346651,26180,166855,17954,320470,74791,35986,38805
55935,346682,26185,166871,17957,320496,74797,35987,38810
55940,346713,26191,166889,17962,320521,74803,35991,38812
55945,346744,26196,166906,17967,320546,74809,35993,38816
55950,346775,26202,166923,17971,320572,74815,35995,38820
55955,346806,26208,166934,17976,320598,74821,35996,38825
55960,346837,26211,166951,17978,320626,74827,36001,38826
55965,346868,26214,166965,17981,320654,74834,36002,38832
55970,346899,26217,166982,17983,320682,74841,36006,38835
55975,346930,26219,166999,17984,320710,74848,36011,38837
55980,346961,26222,167011,17986,320738,74855,36012,38843
55985,346992,26224,167019,17986,320768,74860,36013,38847
55990,347023,26226,167034,17987,320795,74865,36016,38849
55995,347054,26229,167051,17990,320824,74870,36018,38852
56000,347085,26231,167068,17990,320851,74875,36021,38854
56005,347116,26234,167081,17991,320881,74880,36023,38857
56010,347147,26236,167098,17991,320910,74885,36027,38858
56015,347178,26238,167115,17992,320938,74890,36031,38859
56020,347209,26240,167128,17993,320969,74895,36032,38863
56025,347240,26242,167142,17995,320996,74901,36034,38867
56030,347271,26245,167151,17997,321026,74907,36035,38872
56035,347302,26247,167164,17998,321055,74913,36037,38876
56040,347333,26248,167178,17999,321085,74919,36039,38880
56045,347364,26250,167190,18000,321114,74924,36041,38883
56050,347395,26252,167206,18002,321143,74929,36045,38884
56055,347426,26253,167225,18003,321173,74934,36048,38886
56060,347457,26254,167246,18003,321203,74939,36052,38887
56065,347488,26256,167259,18003,321232,74944,36054,38890
56070,347519,26259,167270,18004,321260,74949,36055,38894
56075,347550,26262,167281,18005,321288,74954,36056,38898
56080,347581,26265,167297,18006,321316,74959,36059,38900
56085,347612,26268,167314,18007,321343,74966,36064,38902
56090,347643,26271,167332,18009,321371,74973,36069,38904
56095,347674,26274,167344,18010,321400,74980,36072,38908
56100,347705,26276,167355,18011,321429,74987,36077,38910
56105,347736,26277,167364,18011,321458,74994,36078,38916
56110,347767,26280,167380,18014,321487,75001,36085,38916
56115,347798,26283,167397,18017,321514,75008,36088,38920
56120,347829,26287,167409,18020,321542,75015,36090,38925
56125,347860,26288,167423,18020,321572,75022,36093,38929
56130,347891,26291,167441,18023,321598,75029,36095,38934
56135,347922,26295,167460,18027,321625,75036,36100,38936
56140,347953,26296,167477,18028,321656,75043,36103,38940
56145,347984,26297,167490,18029,321685,75050,36105,38945
56150,348015,26299,167507,18031,321716,75058,36107,38951
56155,348046,26300,167520,18031,321744,75066,36111,38955
56160,348077,26301,167535,18031,321775,75074,36114,38960
56165,348108,26303,167549,18033,321804,75081,36118,38963
56170,348139,26304,167562,18033,321834,75088,36120,38968
56175,348170,26305,167573,18033,321863,75095,36122,38973
56180,348201,26306,167591,18034,321895,75102,36127,38975
56185,348232,26308,167604,18036,321924,75109,36131,38978
56190,348263,26310,167621,18038,321952,75116,36136,38980
56195,348294,26311,167633,18038,321982,75123,36140,38983
56200,348325,26312,167649,18038,322012,75130,36143,38987
56205,348356,26315,167665,18040,322040,75137,36148,38989
56210,348387,26319,167679,18043,322068,75144,36153,38991
56215,348418,26323,167697,18047,322095,75151,36158,38993
56220,348449,26325,167706,18047,322123,75158,36161,38997
56225,348480,26329,167724,18051,322150,75165,36164,39001
56230,348511,26332,167741,18054,322178,75172,36167,39005
56235,348542,26334,167753,18055,322208,75179,36171,39008
56240,348573,26338,167774,18059,322233,75186,36174,39012
56245,348604,26344,167790,18064,322259,75193,36176,39017
56250,348635,26348,167807,18067,322285,75200,36181,39019
56255,348666,26352,167821,18070,322313,75207,36185,39022
56260,348697,26354,167833,18071,322342,75214,36189,39025
56265,348728,26358,167846,18074,322369,75222,36190,39032
56270,348759,26361,167859,18076,322396,75230,36193,39037
56275,348790,26366,167872,18080,322422,75238,36195,39043
56280,348821,26371,167888,18085,322450,75246,36199,39047
56285,348852,26372,167904,18086,322480,75253,36200,39053
56290,348883,26373,167918,18086,322510,75260,36204,39056
56295,348914,26374,167934,18087,322540,75267,36206,39061
56300,348945,26375,167944,18088,322570,75274,36207,39067
56305,348976,26376,167961,18088,322600,75281,36210,39071
56310,349007,26377,167977,18088,322628,75288,36214,39074
56315,349038,26380,167995,18091,322658,75295,36219,39076
56320,349069,26381,168009,18092,322688,75302,36224,39078
56325,349100,26383,168023,18094,322716,75309,36228,39081
56330,349131,26385,168042,18096,322745,75316,36231,39085
56335,349162,26387,168055,18097,322775,75323,36233,39090
56340,349193,26387,168070,18097,322805,75330,36237,39093
56345,349224,26387,168087,18097,322837,75337,36243,39094
56350,349255,26389,168107,18098,322866,75344,36249,39095
56355,349286,26390,168119,18099,322896,75351,36253,39098
56360,349317,26393,168135,18102,322924,75358,36255,39103
56365,349348,26395,168152,18104,322953,75365,36257,39108
56370,349379,26398,168171,18107,322981,75372,36260,39112
56375,349410,26400,168184,18109,323010,75379,36263,39116
56380,349441,26402,168195,18110,323039,75386,36265,39121
56385,349472,26405,168213,18112,323066,75394,36269,39125
56390,349503,26408,168227,18114,323095,75402,36272,39130
56395,349534,26411,168239,18116,323123,75410,36274,39136
56400,349565,26414,168251,18118,323151,75418,36277,39141
56405,349596,26417,168268,18120,323179,75424,36281,39143
56410,349627,26419,168284,18120,323208,75430,36285,39145
56415,349658,26422,168296,18123,323236,75436,36289,39147
56420,349689,26425,168311,18124,323264,75442,36293,39149
56425,349720,26428,168325,18125,323292,75448,36295,39153
56430,349751,26430,168341,18125,323320,75454,36296,39158
56435,349782,26434,168356,18127,323348,75460,36300,39160
56440,349813,26436,168373,18128,323377,75466,36304,39162
56445,349844,26439,168384,18131,323405,75472,36305,39167
56450,349875,26441,168399,18133,323433,75478,36309,39169
56455,349906,26445,168408,18136,323460,75484,36311,39173
56460,349937,26448,168419,18137,323488,75490,36312,39178
56465,349968,26451,168433,18139,323516,75496,36315,39181
56470,349999,26455,168449,18143,323543,75502,36318,39184
56475,350030,26457,168466,18144,323571,75508,36322,39186
56480,350061,26462,168484,18149,323596,75514,36325,39189
56485,350092,26468,168502,18154,323623,75520,36329,39191
56490,350123,26471,168518,18156,323652,75526,36331,39195
56495,350154,26471,168529,18156,323683,75532,36334,39198
56500,350185,26471,168546,18156,323713,75538,36334,39204
56505,350216,26471,168559,18156,323745,75545,36338,39207
56510,350247,26471,168572,18156,323776,75553,36341,39212
56515,350278,26471,168584,18156,323807,75561,36344,39217
56520,350309,26471,168596,18156,323838,75569,36348,39221
56525,350340,26471,168616,18156,323869,75575,36351,39224
56530,350371,26471,168629,18156,323899,75581,36353,39228
56535,350402,26471,168645,18156,323930,75587,36356,39231
56540,350433,26475,168662,18159,323955,75593,36360,39233
56545,350464,26480,168679,18164,323984,75599,36365,39234
56550,350495,26482,168690,18166,324013,75605,36367,39238
56555,350526,26484,168704,18167,324042,75611,36369,39242
56560,350557,26485,168714,18168,324071,75617,36370,39247
56565,350588,26486,168730,18168,324102,75623,36375,39248
56570,350619,26488,168748,18169,324131,75629,36378,39251
56575,350650,26489,168760,18169,324161,75635,36381,39254
56580,350681,26491,168775,18170,324190,75641,36385,39256
56585,350712,26492,168791,18171,324220,75646,36386,39260
56590,350743,26493,168807,18172,324250,75651,36389,39262
56595,350774,26496,168823,18175,324278,75656,36393,39263
56600,350805,26500,168840,18177,324305,75661,36395,39266
56605,350836,26504,168852,18179,324332,75666,36396,39270
56610,350867,26508,168866,18181,324359,75671,36399,39272
56615,350898,26510,168877,18182,324388,75676,36401,39275
56620,350929,26512,168891,18183,324416,75681,36404,39277
56625,350960,26516,168905,18185,324444,75688,36408,39280
56630,350991,26519,168919,18188,324471,75695,36409,39286
56635,351022,26524,168938,18193,324497,75702,36412,39290
56640,351053,26527,168952,18194,324525,75709,36416,39293
56645,351084,26529,168966,18196,324554,75716,36419,39297
56650,351115,26534,168981,18201,324580,75723,36422,39301
56655,351146,26538,168997,18205,324607,75730,36426,39304
56660,351177,26541,169011,18207,324635,75737,36430,39307
56665,351208,26544,169023,18208,324663,75744,36433,39311
56670,351239,26549,169037,18213,324690,75751,36436,39315
56675,351270,26550,169054,18214,324720,75758,36439,39319
56680,351301,26552,169075,18216,324748,75765,36443,39322
56685,351332,26554,169090,18217,324778,75773,36447,39326
56690,351363,26556,169102,18219,324806,75781,36450,39331
56695,351394,26558,169118,18221,324836,75789,36455,39334
56700,351425,26560,169138,18223,324864,75797,36461,39336
56705,351456,26560,169152,18223,324895,75805,36465,39340
56710,351487,26560,169171,18223,324927,75813,36469,39344
56715,351518,26561,169185,18224,324957,75821,36473,39348
56720,351549,26563,169199,18226,324985,75829,36476,39353
56725,351580,26565,169213,18228,325015,75837,36480,39357
56730,351611,26568,169230,18231,325043,75845,36483,39362
56735,351642,26572,169242,18235,325069,75853,36486,39367
56740,351673,26574,169254,18236,325098,75861,36488,39373
56745,351704,26577,169265,18238,325125,75869,36490,39379
56750,351735,26578,169277,18239,325156,75877,36493,39384
56755,351766,26580,169291,18240,325186,75885,36496,39389
56760,351797,26582,169303,18241,325214,75893,36498,39395
56765,351828,26582,169320,18241,325246,75900,36503,39397
56770,351859,26582,169333,18241,325277,75907,36507,39400
56775,351890,26582,169346,18241,325308,75914,36510,39404
56780,351921,26583,169365,18241,325337,75921,36515,39406
56785,351952,26585,169382,18242,325366,75928,36516,39412
56790,351983,26587,169403,18244,325395,75935,36521,39414
56795,352014,26589,169417,18245,325424,75942,36524,39418
56800,352045,26591,169434,18247,325454,75949,36526,39423
56805,352076,26593,169449,18248,325482,75956,36530,39426
56810,352107,26596,169466,18251,325511,75963,36532,39431
56815,352138,26598,169482,18252,325539,75970,36534,39436
56820,352169,26602,169502,18255,325564,75977,36538,39439
56825,352200,26605,169516,18256,325594,75982,36542,39440
56830,352231,26608,169535,18259,325621,75987,36545,39442
56835,352262,26612,169549,18261,325648,75992,36548,39444
56840,352293,26615,169565,18263,325675,75997,36548,39449
56845,352324,26618,169582,18266,325704,76002,36550,39452
56850,352355,26622,169599,18269,325732,76007,36553,39454
56855,352386,26625,169613,18272,325761,76012,36555,39457
56860,352417,26627,169626,18274,325790,76017,36557,39460
56865,352448,26630,169641,18276,325817,76022,36559,39463
56870,352479,26635,169652,18279,325844,76028,36563,39465
56875,352510,26639,169665,18283,325871,76034,36567,39467
56880,352541,26642,169677,18284,325899,76040,36570,39470
56885,352572,26645,169695,18286,325927,76046,36574,39472
56890,352603,26648,169711,18288,325955,76052,36577,39475
56895,352634,26650,169723,18289,325984,76058,36582,39476
56900,352665,26652,169741,18290,326013,76064,36588,39476
56905,352696,26655,169758,18292,326041,76070,36590,39480
56910,352727,26657,169776,18293,326070,76076,36595,39481
56915,352758,26660,169795,18295,326098,76082,36597,39485
56920,352789,26664,169811,18299,326125,76088,36600,39488
56925,352820,26666,169825,18300,326154,76096,36604,39492
56930,352851,26668,169844,18302,326182,76104,36609,39495
56935,352882,26670,169865,18304,326211,76112,36616,39496
56940,352913,26672,169877,18306,326240,76120,36617,39503
56945,352944,26674,169894,18308,326270,76127,36622,39505
56950,352975,26675,169908,18309,326300,76134,36627,39507
56955,353006,26676,169926,18310,326330,76141,36632,39509
56960,353037,26677,169943,18311,326359,76148,36634,39514
56965,353068,26679,169960,18312,326388,76155,36638,39517
56970,353099,26680,169975,18312,326419,76162,36642,39520
56975,353130,26682,169990,18314,326448,76169,36646,39523
56980,353161,26684,170003,18316,326475,76176,36650,39526
56985,353192,26687,170015,18317,326505,76183,36652,39531
56990,353223,26691,170029,18321,326531,76190,36654,39536
56995,353254,26694,170044,18323,326560,76197,36657,39540
57000,353285,26695,170055,18323,326589,76204,36661,39543
57005,353316,26697,170073,18325,326618,76211,36664,39547
57010,353347,26699,170083,18327,326646,76218,36664,39554
57015,353378,26701,170098,18329,326675,76225,36668,39557
57020,353409,26703,170113,18330,326704,76232,36669,39563
57025,353440,26704,170126,18330,326736,76239,36670,39569
57030,353471,26707,170140,18332,326764,76246,36671,39575
57035,353502,26709,170157,18332,326793,76253,36674,39579
57040,353533,26712,170175,18334,326821,76260,36678,39582
57045,353564,26714,170194,18336,326849,76268,36683,39585
57050,353595,26717,170206,18337,326877,76276,36686,39590
57055,353626,26721,170221,18340,326903,76284,36690,39594
57060,353657,26726,170238,18345,326928,76292,36692,39600
57065,353688,26728,170254,18346,326960,76298,36696,39602
57070,353719,26729,170264,18346,326990,76304,36698,39606
57075,353750,26730,170277,18347,327020,76310,36699,39611
57080,353781,26731,170288,18347,327050,76316,36701,39615
57085,353812,26732,170303,18348,327080,76322,36704,39618
57090,353843,26733,170318,18348,327110,76328,36706,39622
57095,353874,26734,170331,18349,327140,76334,36708,39626
57100,353905,26735,170348,18349,327170,76340,36711,39629
57105,353936,26736,170359,18349,327200,76346,36715,39631
57110,353967,26738,170370,18350,327229,76352,36716,39636
57115,353998,26741,170392,18351,327257,76358,36722,39636
57120,354029,26744,170405,18352,327285,76364,36726,39638
57125,354060,26746,170422,18353,327314,76368,36730,39638
57130,354091,26748,170435,18353,327343,76372,36733,39639
57135,354122,26750,170446,18354,327371,76376,36735,39641
57140,354153,26753,170465,18356,327400,76380,36737,39643
57145,354184,26755,170477,18358,327429,76384,36738,39646
57150,354215,26757,170493,18359,327458,76388,36740,39648
57155,354246,26760,170509,18361,327485,76392,36743,39649
57160,354277,26762,170522,18362,327515,76396,36745,39651
57165,354308,26765,170536,18364,327541,76402,36749,39653
57170,354339,26772,170548,18369,327564,76408,36751,39657
57175,354370,26779,170568,18374,327586,76414,36755,39659
57180,354401,26785,170582,18378,327614,76420,36758,39662
57185,354432,26790,170595,18382,327641,76426,36761,39665
57190,354463,26793,170605,18382,327669,76432,36764,39668
57195,354494,26797,170619,18384,327696,76438,36767,39671
57200,354525,26802,170632,18388,327722,76444,36770,39674
57205,354556,26804,170641,18389,327752,76450,36773,39677
57210,354587,26806,170661,18391,327780,76456,36778,39678
57215,354618,26808,170680,18392,327809,76462,36780,39682
57220,354649,26811,170695,18394,327837,76468,36783,39685
57225,354680,26814,170709,18395,327865,76475,36787,39688
57230,354711,26817,170725,18397,327893,76483,36791,39692
57235,354742,26820,170740,18399,327921,76491,36795,39696
57240,354773,26822,170756,18400,327951,76499,36798,39701
57245,354804,26824,170772,18402,327980,76507,36802,39705
57250,354835,26825,170786,18402,328010,76515,36804,39711
57255,354866,26827,170799,18403,328039,76523,36809,39714
57260,354897,26829,170815,18405,328068,76531,36813,39718
57265,354928,26831,170833,18407,328097,76539,36819,39720
57270,354959,26833,170852,18409,328126,76547,36826,39721
57275,354990,26834,170868,18410,328156,76555,36829,39726
57280,355021,26836,170885,18412,328185,76563,36834,39729
57285,355052,26837,170902,18413,328215,76571,36838,39733
57290,355083,26840,170914,18415,328243,76579,36841,39738
57295,355114,26840,170931,18415,328274,76587,36843,39744
57300,355145,26840,170943,18415,328304,76595,36848,39747
57305,355176,26840,170956,18415,328336,76602,36853,39749
57310,355207,26841,170972,18415,328365,76609,36857,39752
57315,355238,26843,170987,18416,328394,76616,36860,39756
57320,355269,26845,171000,18417,328423,76623,36864,39759
57325,355300,26846,171017,18417,328454,76630,36868,39762
57330,355331,26848,171033,18418,328483,76637,36871,39766
57335,355362,26850,171050,18420,328512,76644,36875,39769
57340,355393,26852,171066,18422,328541,76651,36880,39771
57345,355424,26855,171081,18424,328568,76658,36882,39776
57350,355455,26857,171099,18426,328597,76665,36886,39779
57355,355486,26861,171112,18429,328623,76672,36889,39783
57360,355517,26863,171128,18430,328653,76679,36894,39785
57365,355548,26865,171142,18430,328681,76686,36897,39789
57370,355579,26869,171157,18432,328710,76693,36901,39792
57375,355610,26873,171174,18435,328737,76700,36905,39795
57380,355641,26876,171188,18438,328765,76707,36909,39798
57385,355672,26877,171198,18438,328795,76714,36911,39803
57390,355703,26878,171212,18439,328825,76721,36913,39808
57395,355734,26879,171224,18440,328855,76728,36915,39813
57400,355765,26882,171239,18442,328883,76735,36921,39814
57405,355796,26885,171251,18444,328910,76743,36924,39819
57410,355827,26890,171270,18447,328936,76751,36931,39820
57415,355858,26895,171288,18452,328962,76759,36936,39823
57420,355889,26899,171306,18456,328989,76767,36940,39827
57425,355920,26903,171321,18459,329016,76773,36942,39831
57430,355951,26908,171337,18463,329042,76779,36945,39834
57435,355982,26912,171353,18466,329069,76785,36949,39836
57440,356013,26917,171367,18470,329096,76791,36953,39838
57445,356044,26918,171384,18471,329126,76797,36955,39842
57450,356075,26919,171399,18471,329156,76803,36960,39843
57455,356106,26920,171415,18472,329186,76809,36966,39843
57460,356137,26921,171427,18473,329216,76815,36969,39846
57465,356168,26922,171441,18474,329246,76821,36972,39849
57470,356199,26924,171456,18476,329274,76827,36976,39851
57475,356230,26925,171469,18477,329303,76833,36976,39857
57480,356261,26926,171483,18478,329334,76839,36978,39861
57485,356292,26926,171495,18478,329365,76844,36979,39865
57490,356323,26928,171506,18480,329395,76849,36981,39868
57495,356354,26931,171518,18482,329421,76854,36982,39872
57500,356385,26933,171530,18484,329452,76859,36985,39874
57505,356416,26935,171547,18486,329480,76864,36987,39877
57510,356447,26937,171557,18487,329510,76869,36988,39881
57515,356478,26939,171575,18489,329538,76874,36990,39884
57520,356509,26941,171595,18490,329566,76879,36993,39886
57525,356540,26944,171612,18493,329596,76885,36995,39890
57530,356571,26946,171623,18494,329625,76892,36997,39895
57535,356602,26949,171640,18497,329652,76899,37001,39898
57540,356633,26950,171651,18497,329683,76906,37005,39901
57545,356664,26950,171663,18497,329714,76913,37010,39903
57550,356695,26951,171672,18498,329743,76920,37012,39908
57555,356726,26953,171688,18500,329772,76927,37015,39912
57560,356757,26955,171698,18501,329801,76934,37018,39916
57565,356788,26956,171714,18501,329832,76941,37023,39918
57570,356819,26957,171727,18502,329862,76948,37026,39922
57575,356850,26958,171743,18502,329891,76955,37030,39925
57580,356881,26960,171762,18504,329921,76962,37034,39928
57585,356912,26962,171781,18506,329949,76970,37038,39932
57590,356943,26965,171798,18508,329978,76978,37046,39932
57595,356974,26968,171812,18510,330005,76986,37049,39937
57600,357005,26971,171824,18512,330032,76994,37053,39941
57605,357036,26978,171840,18517,330056,77001,37056,39945
57610,357067,26984,171852,18522,330082,77008,37057,39951
57615,357098,26988,171868,18525,330110,77015,37060,39955
57620,357129,26989,171879,18525,330140,77022,37065,39957
57625,357160,26990,171893,18525,330170,77029,37067,39962
57630,357191,26991,171911,18525,330200,77036,37073,39963
57635,357222,26992,171926,18525,330230,77043,37078,39965
57640,357253,26993,171939,18525,330260,77050,37079,39971
57645,357284,26994,171951,18526,330289,77057,37081,39976
57650,357315,26997,171966,18528,330318,77064,37086,39978
57655,357346,26999,171980,18529,330347,77071,37090,39981
57660,357377,27001,171998,18530,330376,77078,37094,39984
57665,357408,27003,172010,18530,330404,77084,37096,39988
57670,357439,27007,172025,18533,330431,77090,37098,39992
57675,357470,27009,172038,18534,330461,77096,37100,39996
57680,357501,27011,172050,18534,330490,77102,37102,40000
57685,357532,27014,172059,18535,330518,77108,37105,40003
57690,357563,27016,172074,18536,330546,77114,37110,40004
57695,357594,27019,172089,18537,330574,77120,37113,40007
57700,357625,27022,172102,18538,330600,77126,37117,40009
57705,357656,27026,172119,18540,330629,77133,37122,40011
57710,357687,27033,172137,18545,330653,77140,37125,40015
57715,357718,27037,172146,18547,330681,77147,37127,40020
57720,357749,27038,172164,18548,330710,77154,37131,40023
57725,357780,27040,172181,18549,330739,77160,37135,40025
57730,357811,27042,172192,18551,330768,77166,37139,40027
57735,357842,27045,172205,18552,330797,77172,37143,40029
57740,357873,27048,172225,18555,330824,77178,37145,40033
57745,357904,27051,172241,18556,330852,77184,37148,40036
57750,357935,27054,172257,18559,330880,77190,37149,40041
57755,357966,27056,172269,18560,330910,77196,37153,40043
57760,357997,27058,172286,18561,330938,77202,37155,40047
57765,358028,27059,172303,18562,330969,77209,37160,40049
57770,358059,27060,172313,18563,330999,77216,37162,40054
57775,358090,27062,172324,18564,331028,77223,37164,40059
57780,358121,27063,172340,18564,331058,77230,37167,40063
57785,358152,27064,172353,18564,331087,77236,37169,40067
57790,358183,27066,172370,18565,331117,77242,37171,40071
57795,358214,27067,172380,18566,331147,77248,37172,40076
57800,358245,27069,172395,18568,331175,77254,37174,40080
57805,358276,27070,172407,18568,331206,77260,37177,40083
57810,358307,27073,172426,18570,331232,77266,37182,40084
57815,358338,27076,172437,18572,331262,77272,37182,40090
57820,358369,27079,172454,18574,331289,77278,37184,40094
57825,358400,27081,172473,18575,331319,77285,37188,40097
57830,358431,27082,172487,18576,331348,77292,37188,40104
57835,358462,27083,172495,18576,331378,77299,37191,40108
57840,358493,27084,172509,18576,331407,77306,37193,40113
57845,358524,27085,172517,18576,331438,77312,37194,40118
57850,358555,27087,172539,18578,331467,77318,37198,40120
57855,358586,27088,172553,18579,331498,77324,37201,40123
57860,358617,27090,172572,18581,331527,77330,37204,40126
57865,358648,27094,172589,18585,331553,77336,37207,40129
57870,358679,27098,172605,18587,331580,77342,37210,40132
57875,358710,27101,172615,18588,331609,77348,37212,40136
57880,358741,27105,172629,18590,331634,77354,37215,40139
57885,358772,27109,172641,18592,331663,77360,37217,40143
57890,358803,27112,172654,18594,331690,77367,37220,40147
57895,358834,27115,172672,18597,331719,77374,37223,40151
57900,358865,27117,172682,18599,331748,77381,37225,40156
57905,358896,27118,172701,18599,331778,77388,37229,40159
57910,358927,27120,172714,18600,331807,77395,37233,40162
57915,358958,27121,172728,18600,331837,77402,37235,40167
57920,358989,27123,172741,18602,331866,77409,37238,40171
57925,359020,27124,172756,18602,331896,77416,37242,40174
57930,359051,27128,172765,18605,331923,77423,37245,40178
57935,359082,27132,172781,18609,331949,77430,37247,40183
57940,359113,27136,172794,18611,331977,77437,37250,40187
57945,359144,27139,172809,18613,332004,77445,37254,40191
57950,359175,27144,172825,18616,332030,77453,37258,40195
57955,359206,27148,172845,18620,332056,77461,37262,40199
57960,359237,27155,172855,18626,332082,77469,37264,40205
57965,359268,27157,172871,18628,332110,77477,37268,40209
57970,359299,27158,172886,18629,332141,77485,37273,40212
57975,359330,27158,172900,18629,332172,77493,37276,40217
57980,359361,27158,172915,18629,332203,77501,37282,40219
57985,359392,27158,172928,18629,332234,77509,37283,40226
57990,359423,27158,172940,18629,332265,77517,37285,40232
57995,359454,27158,172959,18629,332296,77525,37292,40233
58000,359485,27158,172966,18629,332327,77533,37294,40239
58005,359516,27158,172980,18629,332357,77541,37296,40245
58010,359547,27159,173000,18630,332387,77549,37301,40248
58015,359578,27160,173015,18631,332417,77557,37306,40251
58020,359609,27161,173034,18632,332446,77565,37311,40254
58025,359640,27162,173048,18632,332478,77573,37317,40256
58030,359671,27163,173060,18633,332508,77581,37319,40262
58035,359702,27164,173081,18634,332538,77589,37325,40264
58040,359733,27165,173099,18634,332567,77597,37329,40268
58045,359764,27166,173112,18634,332597,77605,37334,40271
58050,359795,27167,173132,18635,332626,77613,37340,40273
58055,359826,27168,173142,18635,332657,77621,37342,40279
58060,359857,27169,173156,18636,332686,77629,37348,40281
58065,359888,27171,173167,18636,332717,77637,37351,40286
58070,359919,27173,173177,18636,332745,77645,37356,40289
58075,359950,27176,173196,18639,332771,77653,37362,40291
58080,359981,27181,173208,18642,332799,77661,37365,40296
58085,360012,27184,173222,18643,332827,77666,37367,40299
58090,360043,27187,173236,18645,332856,77671,37370,40301
58095,360074,27190,173251,18647,332884,77676,37373,40303
58100,360105,27195,173269,18651,332909,77681,37378,40303
58105,360136,27201,173283,18656,332933,77686,37380,40306
58110,360167,27209,173300,18664,332956,77691,37381,40310
58115,360198,27215,173311,18667,332983,77696,37383,40313
58120,360229,27221,173331,18672,333007,77701,37387,40314
58125,360260,27225,173343,18675,333034,77706,37388,40318
58130,360291,27230,173353,18678,333061,77711,37390,40321
58135,360322,27237,173373,18684,333085,77716,37393,40323
58140,360353,27240,173387,18686,333113,77721,37394,40327
58145,360384,27244,173405,18689,333140,77725,37397,40328
58150,360415,27246,173420,18691,333169,77729,37399,40330
58155,360446,27249,173433,18692,333197,77733,37401,40332
58160,360477,27253,173446,18694,333224,77737,37403,40334
58165,360508,27255,173464,18695,333253,77741,37405,40336
58170,360539,27257,173482,18696,333282,77745,37408,40337
58175,360570,27258,173497,18697,333312,77749,37410,40339
58180,360601,27259,173511,18698,333342,77753,37412,40341
58185,360632,27259,173526,18698,333373,77759,37417,40342
58190,360663,27259,173540,18698,333404,77766,37419,40347
58195,360694,27259,173560,18698,333434,77773,37422,40351
58200,360725,27259,173575,18698,333466,77780,37426,40354
58205,360756,27259,173590,18698,333497,77786,37428,40358
58210,360787,27259,173605,18698,333527,77792,37430,40362
58215,360818,27259,173621,18698,333558,77798,37432,40366
58220,360849,27259,173635,18698,333589,77804,37435,40369
58225,360880,27259,173647,18698,333621,77810,37437,40373
58230,360911,27259,173660,18698,333650,77816,37441,40375
58235,360942,27259,173677,18698,333682,77822,37446,40376
58240,360973,27259,173693,18698,333714,77828,37447,40381
58245,361004,27260,173703,18699,333744,77835,37450,40385
58250,361035,27261,173725,18700,333772,77842,37453,40389
58255,361066,27263,173741,18701,333802,77849,37455,40394
58260,361097,27265,173754,18702,333832,77856,37457,40399
58265,361128,27266,173768,18703,333862,77862,37459,40403
58270,361159,27268,173783,18704,333891,77868,37461,40407
58275,361190,27270,173796,18705,333920,77874,37464,40410
58280,361221,27273,173811,18707,333947,77880,37468,40412
58285,361252,27277,173824,18710,333975,77886,37470,40416
58290,361283,27280,173836,18710,334003,77892,37474,40418
58295,361314,27284,173856,18713,334030,77898,37479,40419
58300,361345,27288,173870,18714,334057,77904,37482,40422
58305,361376,27291,173885,18716,334085,77911,37486,40425
58310,361407,27295,173897,18718,334112,77918,37488,40430
58315,361438,27303,173910,18724,334135,77925,37488,40437
58320,361469,27308,173922,18727,334160,77932,37492,40440
58325,361500,27315,173937,18733,334185,77939,37494,40445
58330,361531,27321,173951,18737,334210,77946,37500,40446
58335,361562,27327,173968,18740,334235,77953,37506,40447
58340,361593,27332,173991,18745,334261,77960,37511,40449
58345,361624,27336,174004,18748,334288,77967,37516,40451
58350,361655,27340,174016,18750,334314,77974,37518,40456
58355,361686,27341,174028,18750,334344,77981,37521,40460
58360,361717,27342,174042,18750,334375,77988,37523,40465
58365,361748,27344,174055,18752,334403,77996,37524,40472
58370,361779,27346,174066,18753,334433,78004,37526,40478
58375,361810,27348,174082,18754,334461,78012,37530,40482
58380,361841,27350,174098,18755,334490,78020,37534,40486
58385,361872,27350,174115,18755,334522,78027,37538,40489
58390,361903,27350,174132,18755,334553,78034,37542,40492
58395,361934,27350,174151,18755,334584,78041,37547,40494
58400,361965,27350,174170,18755,334613,78048,37551,40497
58405,361996,27350,174185,18755,334646,78055,37555,40500
58410,362027,27350,174194,18755,334676,78062,37558,40504
58415,362058,27350,174214,18755,334707,78069,37562,40507
58420,362089,27350,174228,18755,334737,78076,37566,40510
58425,362120,27350,174244,18755,334768,78083,37570,40513
58430,362151,27350,174258,18755,334801,78090,37572,40518
58435,362182,27350,174271,18755,334831,78097,37574,40523
58440,362213,27350,174289,18755,334862,78104,37576,40528
58445,362244,27351,174302,18755,334893,78111,37578,40533
58450,362275,27356,174319,18760,334919,78118,37582,40536
58455,362306,27358,174334,18761,334947,78125,37587,40538
58460,362337,27363,174346,18765,334974,78132,37591,40541
58465,362368,27367,174356,18769,335001,78139,37592,40547
58470,362399,27370,174368,18770,335029,78146,37595,40551
58475,362430,27372,174382,18771,335057,78153,37600,40553
58480,362461,27376,174397,18774,335085,78160,37605,40555
58485,362492,27378,174407,18774,335113,78168,37609,40559
58490,362523,27383,174419,18779,335138,78176,37612,40564
58495,362554,27392,174436,18786,335161,78184,37617,40567
58500,362585,27397,174450,18789,335187,78192,37622,40570
58505,362616,27402,174463,18792,335213,78199,37625,40574
58510,362647,27405,174476,18795,335242,78206,37628,40578
58515,362678,27407,174489,18796,335271,78213,37631,40582
58520,362709,27409,174502,18796,335300,78220,37633,40587
58525,362740,27412,174516,18799,335328,78227,37637,40590
58530,362771,27415,174534,18801,335356,78234,37641,40593
58535,362802,27417,174549,18802,335385,78241,37643,40598
58540,362833,27420,174568,18804,335413,78248,37648,40600
58545,362864,27423,174589,18806,335439,78255,37653,40602
58550,362895,27426,174605,18808,335468,78262,37658,40604
58555,362926,27429,174624,18809,335496,78269,37662,40607
58560,362957,27432,174642,18812,335525,78276,37667,40609
58565,362988,27434,174657,18813,335553,78283,37670,40613
58570,363019,27437,174671,18816,335582,78290,37675,40615
58575,363050,27438,174683,18816,335609,78297,37678,40619
58580,363081,27440,174698,18818,335639,78304,37682,40622
58585,363112,27440,174712,18818,335671,78311,37686,40625
58590,363143,27440,174729,18818,335702,78318,37689,40629
58595,363174,27440,174740,18818,335732,78325,37690,40635
58600,363205,27440,174751,18818,335765,78332,37691,40641
58605,363236,27440,174767,18818,335796,78339,37694,40645
58610,363267,27441,174780,18819,335824,78347,37694,40653
58615,363298,27444,174793,18822,335853,78355,37696,40659
58620,363329,27447,174810,18825,335881,78363,37699,40664
58625,363360,27450,174826,18827,335909,78371,37704,40667
58630,363391,27452,174837,18828,335937,78379,37705,40674
58635,363422,27455,174850,18830,335966,78387,37710,40677
58640,363453,27457,174867,18831,335995,78395,37717,40678
58645,363484,27460,174886,18834,336023,78403,37720,40683
58650,363515,27461,174903,18835,336054,78411,37723,40688
58655,363546,27461,174922,18835,336085,78419,37727,40692
58660,363577,27461,174936,18835,336116,78427,37729,40698
58665,363608,27461,174951,18835,336147,78435,37733,40702
58670,363639,27461,174964,18835,336178,78443,37736,40707
58675,363670,27463,174983,18837,336207,78451,37739,40712
58680,363701,27464,174999,18838,336237,78459,37743,40716
58685,363732,27465,175014,18839,336267,78464,37746,40718
58690,363763,27466,175031,18840,336297,78469,37748,40721
58695,363794,27468,175045,18840,336326,78474,37752,40722
58700,363825,27471,175059,18842,336354,78479,37754,40725
58705,363856,27475,175073,18844,336379,78484,37757,40727
58710,363887,27478,175087,18847,336408,78489,37759,40730
58715,363918,27482,175101,18849,336436,78494,37761,40733
58720,363949,27484,175114,18849,336465,78499,37763,40736
58725,363980,27487,175122,18850,336493,78504,37766,40738
58730,364011,27490,175137,18852,336518,78509,37769,40740
58735,364042,27494,175157,18856,336544,78514,37772,40742
58740,364073,27497,175169,18857,336575,78519,37774,40745
58745,364104,27499,175178,18858,336605,78522,37776,40746
58750,364135,27503,175196,18862,336631,78525,37778,40747
58755,364166,27507,175208,18865,336659,78528,37779,40749
58760,364197,27510,175229,18868,336687,78531,37781,40750
58765,364228,27512,175243,18868,336715,78534,37782,40752
58770,364259,27514,175256,18868,336744,78537,37783,40754
58775,364290,27517,175270,18869,336772,78540,37784,40756
58780,364321,27520,175286,18871,336801,78543,37784,40759
58785,364352,27523,175301,18874,336828,78549,37786,40763
58790,364383,27528,175319,18877,336853,78555,37790,40765
58795,364414,27533,175334,18881,336880,78561,37791,40770
58800,364445,27536,175343,18884,336909,78567,37795,40772
58805,364476,27537,175357,18885,336937,78572,37795,40777
58810,364507,27539,175370,18886,336967,78577,37799,40778
58815,364538,27541,175385,18888,336997,78582,37801,40781
58820,364569,27543,175402,18889,337024,78587,37802,40785
58825,364600,27547,175420,18893,337051,78592,37805,40787
58830,364631,27550,175440,18895,337080,78597,37809,40788
58835,364662,27553,175458,18897,337109,78602,37811,40791
58840,364693,27553,175471,18897,337140,78607,37813,40794
58845,364724,27553,175487,18897,337171,78613,37814,40799
58850,364755,27553,175506,18897,337201,78620,37818,40802
58855,364786,27553,175521,18897,337232,78627,37821,40806
58860,364817,27554,175531,18897,337263,78634,37822,40812
58865,364848,27555,175545,18897,337292,78640,37826,40814
58870,364879,27556,175560,18898,337321,78646,37828,40818
58875,364910,27557,175576,18898,337352,78652,37832,40820
58880,364941,27558,175588,18898,337381,78658,37835,40823
58885,364972,27559,175605,18899,337412,78664,37837,40827
58890,365003,27560,175621,18900,337442,78670,37840,40830
58895,365034,27561,175633,18900,337472,78676,37841,40835
58900,365065,27562,175646,18900,337503,78682,37843,40839
58905,365096,27564,175666,18900,337532,78689,37848,40841
58910,365127,27566,175682,18901,337561,78696,37850,40846
58915,365158,27569,175693,18903,337589,78703,37851,40852
58920,365189,27571,175705,18904,337618,78710,37853,40857
58925,365220,27574,175721,18906,337646,78717,37855,40862
58930,365251,27577,175739,18909,337674,78724,37858,40866
58935,365282,27581,175752,18912,337701,78731,37860,40871
58940,365313,27583,175765,18912,337730,78738,37861,40877
58945,365344,27585,175783,18914,337759,78745,37866,40879
58950,365375,27590,175797,18917,337785,78752,37870,40882
58955,365406,27593,175810,18919,337813,78759,37875,40884
58960,365437,27598,175824,18922,337839,78766,37880,40886
58965,365468,27602,175838,18925,337865,78774,37882,40892
58970,365499,27611,175859,18933,337887,78782,37888,40894
58975,365530,27617,175878,18938,337912,78790,37894,40896
58980,365561,27624,175897,18945,337937,78798,37898,40900
58985,365592,27626,175909,18946,337965,78806,37901,40905
58990,365623,27629,175922,18949,337993,78814,37902,40912
58995,365654,27632,175941,18952,338021,78822,37908,40914
59000,365685,27636,175960,18956,338048,78830,37911,40919
59005,365716,27640,175979,18960,338075,78838,37915,40923
59010,365747,27641,175995,18961,338105,78846,37919,40927
59015,365778,27641,176010,18961,338137,78854,37923,40931
59020,365809,27641,176027,18961,338168,78862,37928,40934
59025,365840,27641,176042,18961,338197,78870,37930,40940
59030,365871,27641,176055,18961,338230,78878,37932,40946
59035,365902,27641,176072,18961,338260,78886,37936,40950
59040,365933,27641,176089,18961,338292,78894,37942,40952
59045,365964,27641,176104,18961,338323,78902,37945,40957
59050,365995,27641,176120,18961,338353,78910,37948,40962
59055,366026,27641,176128,18961,338385,78918,37949,40969
59060,366057,27641,176139,18961,338415,78926,37953,40973
59065,366088,27641,176149,18961,338447,78934,37955,40979
59070,366119,27641,176162,18961,338477,78942,37958,40984
59075,366150,27641,176177,18961,338509,78950,37960,40990
59080,366181,27641,176189,18961,338538,78958,37963,40995
59085,366212,27642,176204,18962,338570,78966,37969,40997
59090,366243,27647,176218,18966,338595,78974,37973,41001
59095,366274,27652,176233,18970,338621,78982,37977,41005
59100,366305,27655,176245,18971,338649,78990,37981,41009
59105,366336,27659,176262,18974,338677,78998,37985,41013
59110,366367,27662,176275,18976,338705,79006,37989,41017
59115,366398,27667,176292,18980,338730,79014,37993,41021
59120,366429,27671,176307,18983,338757,79022,37997,41025
59125,366460,27675,176322,18986,338785,79030,38000,41030
59130,366491,27678,176336,18986,338812,79038,38003,41035
59135,366522,27683,176350,18990,338838,79046,38005,41041
59140,366553,27688,176364,18992,338864,79054,38008,41046
59145,366584,27693,176379,18997,338891,79062,38014,41048
59150,366615,27698,176397,19002,338916,79070,38019,41051
59155,366646,27704,176410,19007,338941,79078,38023,41055
59160,366677,27709,176430,19012,338967,79086,38027,41059
59165,366708,27714,176443,19015,338993,79094,38029,41065
59170,366739,27717,176457,19017,339022,79102,38032,41070
59175,366770,27720,176468,19019,339050,79110,38036,41074
59180,366801,27723,176486,19021,339077,79118,38042,41076
59185,366832,27726,176500,19023,339106,79126,38046,41080
59190,366863,27728,176513,19025,339134,79134,38048,41086
59195,366894,27729,176533,19026,339165,79142,38053,41089
59200,366925,27730,176550,19027,339194,79150,38056,41094
59205,366956,27731,176568,19028,339223,79158,38058,41100
59210,366987,27732,176583,19028,339254,79166,38065,41101
59215,367018,27734,176591,19029,339284,79174,38066,41108
59220,367049,27737,176608,19031,339311,79182,38072,41110
59225,367080,27737,176620,19031,339343,79186,38074,41112
59230,367111,27737,176630,19031,339373,79190,38075,41115
59235,367142,27737,176644,19031,339404,79194,38075,41119
59240,367173,27737,176657,19031,339436,79198,38077,41121
59245,367204,27737,176669,19031,339467,79202,38079,41123
59250,367235,27737,176682,19031,339498,79206,38080,41126
59255,367266,27737,176698,19031,339529,79210,38082,41128
59260,367297,27737,176713,19031,339559,79214,38084,41130
59265,367328,27737,176728,19031,339590,79218,38085,41133
59270,367359,27737,176745,19031,339621,79222,38089,41133
59275,367390,27739,176755,19032,339650,79226,38091,41135
59280,367421,27742,176768,19035,339678,79230,38093,41137
59285,367452,27745,176787,19037,339706,79234,38096,41138
59290,367483,27747,176801,19038,339736,79238,38098,41140
59295,367514,27751,176821,19041,339762,79242,38100,41142
59300,367545,27755,176838,19044,339790,79246,38103,41143
59305,367576,27757,176852,19045,339818,79250,38104,41146
59310,367607,27761,176867,19048,339845,79254,38104,41150
59315,367638,27765,176883,19051,339873,79258,38108,41150
59320,367669,27768,176900,19053,339900,79262,38112,41150
59325,367700,27775,176914,19058,339925,79269,38115,41154
59330,367731,27778,176928,19059,339952,79277,38120,41157
59335,367762,27782,176943,19061,339979,79285,38127,41158
59340,367793,27785,176958,19064,340008,79293,38132,41161
59345,367824,27789,176975,19067,340035,79298,38135,41163
59350,367855,27792,176990,19069,340063,79303,38137,41166
59355,367886,27795,177008,19071,340091,79308,38140,41168
59360,367917,27798,177019,19072,340119,79313,38142,41171
59365,367948,27802,177034,19075,340146,79318,38144,41174
59370,367979,27805,177047,19076,340174,79323,38146,41177
59375,368010,27809,177066,19080,340201,79328,38148,41180
59380,368041,27813,177083,19083,340228,79333,38151,41182
59385,368072,27816,177093,19084,340256,79338,38151,41187
59390,368103,27817,177110,19085,340284,79343,38153,41190
59395,368134,27818,177131,19085,340315,79348,38156,41192
59400,368165,27819,177150,19086,340344,79353,38159,41194
59405,368196,27819,177168,19086,340375,79357,38160,41197
59410,368227,27819,177183,19086,340408,79361,38163,41198
59415,368258,27819,177202,19086,340438,79365,38166,41199
59420,368289,27819,177221,19086,340468,79369,38167,41202
59425,368320,27819,177229,19086,340500,79373,38168,41205
59430,368351,27820,177244,19087,340530,79377,38170,41207
59435,368382,27821,177263,19087,340560,79381,38173,41208
59440,368413,27822,177276,19088,340591,79385,38176,41209
59445,368444,27823,177297,19088,340620,79391,38180,41211
59450,368475,27824,177309,19089,340651,79398,38182,41216
59455,368506,27825,177326,19090,340680,79405,38187,41218
59460,368537,27827,177344,19091,340709,79412,38191,41221
59465,368568,27829,177359,19093,340739,79419,38196,41223
59470,368599,27830,177372,19093,340769,79426,38198,41228
59475,368630,27832,177384,19094,340797,79433,38200,41233
59480,368661,27835,177396,19097,340826,79440,38203,41237
59485,368692,27836,177415,19098,340856,79447,38208,41239
59490,368723,27839,177430,19100,340884,79454,38212,41242
59495,368754,27843,177444,19103,340910,79461,38215,41246
59500,368785,27847,177457,19106,340938,79468,38221,41247
59505,368816,27852,177469,19109,340963,79476,38223,41253
59510,368847,27859,177484,19116,340987,79484,38225,41259
59515,368878,27868,177497,19122,341010,79492,38229,41263
59520,368909,27875,177514,19128,341034,79500,38230,41270
59525,368940,27876,177527,19129,341064,79508,38234,41274
59530,368971,27878,177541,19130,341091,79516,38238,41278
59535,369002,27879,177554,19130,341121,79524,38240,41284
59540,369033,27880,177568,19131,341152,79532,38245,41287
59545,369064,27882,177585,19132,341181,79540,38251,41289
59550,369095,27883,177603,19133,341210,79548,38255,41293
59555,369126,27884,177618,19134,341238,79556,38259,41297
59560,369157,27886,177636,19136,341269,79564,38262,41302
59565,369188,27887,177646,19137,341299,79572,38265,41307
59570,369219,27889,177660,19139,341329,79580,38270,41310
59575,369250,27890,177674,19140,341358,79588,38274,41314
59580,369281,27892,177694,19141,341388,79596,38280,41316
59585,369312,27893,177708,19142,341419,79604,38284,41320
59590,369343,27895,177721,19143,341448,79612,38290,41322
59595,369374,27897,177738,19144,341476,79620,38294,41326
59600,369405,27899,177755,19146,341506,79628,38299,41329
59605,369436,27900,177775,19147,341536,79636,38302,41334
59610,369467,27900,177789,19147,341567,79644,38307,41337
59615,369498,27900,177805,19147,341598,79652,38310,41342
59620,369529,27900,177816,19147,341628,79660,38313,41347
59625,369560,27902,177827,19148,341658,79668,38317,41351
59630,369591,27905,177844,19151,341685,79676,38320,41356
59635,369622,27909,177859,19155,341712,79684,38324,41360
59640,369653,27912,177872,19158,341740,79692,38327,41365
59645,369684,27915,177887,19160,341767,79700,38331,41369
59650,369715,27921,177902,19165,341793,79708,38336,41372
59655,369746,27924,177913,19167,341822,79716,38339,41377
59660,369777,27928,177930,19171,341848,79724,38343,41381
59665,369808,27933,177944,19174,341875,79732,38344,41388
59670,369839,27937,177957,19177,341902,79740,38346,41394
59675,369870,27940,177973,19179,341930,79748,38351,41397
59680,369901,27941,177986,19179,341959,79756,38356,41400
59685,369932,27943,178003,19180,341987,79764,38363,41401
59690,369963,27948,178022,19185,342013,79772,38368,41404
59695,369994,27950,178035,19186,342041,79780,38371,41409
59700,370025,27950,178052,19186,342072,79788,38374,41414
59705,370056,27950,178067,19186,342103,79796,38376,41420
59710,370087,27951,178081,19187,342134,79804,38379,41425
59715,370118,27953,178095,19188,342165,79812,38381,41431
59720,370149,27954,178108,19189,342194,79820,38383,41437
59725,370180,27956,178124,19191,342223,79828,38386,41442
59730,370211,27958,178138,19192,342253,79836,38388,41448
59735,370242,27959,178155,19192,342282,79844,38392,41452
59740,370273,27961,178175,19193,342312,79852,38399,41453
59745,370304,27963,178196,19195,342341,79860,38403,41457
59750,370335,27965,178214,19197,342369,79868,38407,41461
59755,370366,27966,178229,19198,342400,79876,38410,41466
59760,370397,27967,178244,19199,342430,79884,38417,41467
59765,370428,27968,178258,19199,342459,79889,38419,41470
59770,370459,27970,178270,19200,342488,79894,38421,41473
59775,370490,27972,178285,19202,342517,79899,38425,41474
59780,370521,27975,178303,19203,342543,79904,38427,41477
59785,370552,27979,178317,19206,342572,79909,38431,41478
59790,370583,27983,178333,19209,342600,79914,38432,41482
59795,370614,27987,178352,19213,342625,79919,38434,41485
59800,370645,27993,178369,19217,342650,79924,38437,41487
59805,370676,28000,178380,19221,342675,79929,38439,41490
59810,370707,28006,178393,19226,342701,79934,38441,41493
59815,370738,28009,178408,19228,342728,79939,38442,41497
59820,370769,28012,178423,19229,342756,79944,38443,41501
59825,370800,28013,178433,19229,342786,79949,38444,41505
59830,370831,28014,178449,19229,342816,79954,38447,41507
59835,370862,28015,178458,19230,342846,79959,38449,41510
59840,370893,28016,178471,19230,342875,79964,38451,41513
59845,370924,28019,178490,19233,342904,79969,38452,41517
59850,370955,28020,178501,19233,342934,79974,38453,41521
59855,370986,28022,178514,19234,342964,79979,38455,41524
59860,371017,28024,178529,19235,342993,79984,38457,41527
59865,371048,28027,178545,19238,343021,79992,38462,41530
59870,371079,28029,178556,19239,343050,80000,38466,41534
59875,371110,28032,178570,19241,343076,80008,38468,41540
59880,371141,28035,178588,19243,343105,80016,38475,41541
59885,371172,28035,178607,19243,343136,80022,38479,41543
59890,371203,28035,178623,19243,343168,80028,38483,41545
59895,371234,28035,178637,19243,343198,80034,38485,41549
59900,371265,28035,178653,19243,343230,80040,38487,41553
59905,371296,28035,178663,19243,343261,80046,38490,41556
59910,371327,28035,178680,19243,343292,80052,38492,41560
59915,371358,28035,178697,19243,343322,80058,38494,41564
59920,371389,28036,178710,19244,343353,80064,38496,41568
59925,371420,28038,178724,19245,343381,80070,38499,41571
59930,371451,28041,178739,19246,343409,80076,38502,41574
59935,371482,28044,178755,19248,343438,80082,38507,41575
59940,371513,28046,178771,19250,343466,80088,38509,41579
59945,371544,28049,178791,19252,343495,80094,38511,41583
59950,371575,28052,178807,19254,343523,80100,38516,41584
59955,371606,28056,178821,19257,343550,80106,38519,41587
59960,371637,28061,178835,19260,343575,80112,38523,41589
59965,371668,28068,178848,19267,343600,80118,38526,41592
59970,371699,28072,178862,19270,343626,80124,38529,41595
59975,371730,28077,178880,19273,343652,80130,38533,41597
59980,371761,28079,178893,19275,343682,80136,38534,41602
59985,371792,28081,178909,19277,343711,80143,38538,41605
59990,371823,28085,178924,19279,343738,80151,38542,41609
59995,371854,28088,178938,19280,343765,80159,38548,41611
60000,371885,28091,178950,19282,343794,80167,38552,41615
60005,371916,28093,178964,19284,343823,80173,38554,41619
60010,371947,28096,178977,19286,343851,80179,38556,41623
60015,371978,28098,178993,19287,343879,80185,38559,41626
60020,372009,28101,179012,19289,343907,80191,38563,41628
60025,372040,28103,179028,19290,343936,80197,38566,41631
60030,372071,28105,179041,19291,343965,80203,38569,41634
60035,372102,28108,179054,19294,343994,80209,38570,41639
60040,372133,28110,179067,19296,344023,80215,38571,41644
60045,372164,28113,179084,19298,344050,80221,38576,41645
60050,372195,28116,179096,19300,344079,80227,38577,41650
60055,372226,28119,179112,19302,344106,80233,38581,41652
60060,372257,28124,179126,19305,344132,80239,38583,41656
60065,372288,28125,179143,19306,344163,80244,38586,41658
60070,372319,28126,179162,19307,344192,80249,38589,41660
60075,372350,28127,179177,19308,344223,80254,38593,41661
60080,372381,28128,179196,19309,344252,80259,38597,41662
60085,372412,28132,179213,19312,344279,80264,38601,41663
60090,372443,28136,179225,19314,344307,80269,38603,41666
60095,372474,28140,179240,19317,344334,80274,38605,41669
60100,372505,28144,179256,19320,344361,80279,38608,41671
60105,372536,28147,179273,19323,344387,80285,38611,41674
60110,372567,28153,179288,19329,344413,80292,38615,41677
60115,372598,28156,179305,19332,344442,80299,38620,41679
60120,372629,28156,179318,19332,344473,80306,38624,41682
60125,372660,28156,179334,19332,344504,80313,38627,41686
60130,372691,28156,179346,19332,344535,80320,38629,41691
60135,372722,28156,179364,19332,344566,80327,38633,41694
60140,372753,28156,179380,19332,344597,80334,38635,41699
60145,372784,28156,179393,19332,344628,80341,38640,41701
60150,372815,28156,179413,19332,344658,80348,38646,41702
60155,372846,28156,179432,19332,344689,80355,38648,41707
60160,372877,28156,179442,19332,344721,80362,38649,41713
60165,372908,28156,179453,19332,344751,80370,38652,41718
60170,372939,28157,179469,19333,344782,80378,38658,41720
60175,372970,28160,179483,19336,344810,80386,38661,41725
60180,373001,28163,179498,19338,344837,80394,38665,41729
60185,373032,28166,179515,19341,344865,80402,38668,41734
60190,373063,28168,179530,19343,344894,80410,38672,41738
60195,373094,28169,179543,19344,344924,80418,38676,41742
60200,373125,28173,179563,19347,344951,80426,38681,41745
60205,373156,28175,179581,19349,344980,80434,38686,41748
60210,373187,28177,179598,19350,345010,80442,38692,41750
60215,373218,28178,179611,19350,345039,80450,38695,41755
60220,373249,28179,179625,19351,345069,80458,38697,41761
60225,373280,28182,179637,19353,345096,80466,38700,41766
60230,373311,28185,179652,19356,345125,80474,38703,41771
60235,373342,28189,179667,19359,345152,80482,38705,41777
60240,373373,28192,179684,19362,345181,80490,38712,41778
60245,373404,28194,179694,19364,345210,80498,38713,41785
60250,373435,28196,179713,19364,345238,80506,38718,41788
60255,373466,28199,179728,19365,345266,80514,38722,41792
60260,373497,28201,179745,19366,345296,80522,38727,41795
60265,373528,28204,179764,19369,345323,80530,38731,41799
60270,373559,28207,179777,19372,345351,80538,38733,41805
60275,373590,28210,179794,19375,345379,80546,38738,41808
60280,373621,28214,179809,19377,345407,80554,38744,41810
60285,373652,28219,179828,19381,345431,80562,38748,41814
60290,373683,28225,179844,19386,345456,80570,38752,41818
60295,373714,28228,179858,19388,345485,80578,38754,41824
60300,373745,28230,179874,19389,345514,80586,38759,41827
60305,373776,28231,179887,19390,345545,80592,38763,41829
60310,373807,28233,179901,19391,345574,80598,38768,41830
60315,373838,28235,179922,19393,345603,80604,38773,41831
60320,373869,28238,179934,19395,345631,80610,38774,41836
60325,373900,28240,179951,19397,345660,80616,38777,41839
60330,373931,28241,179964,19397,345690,80622,38778,41844
60335,373962,28242,179980,19398,345720,80628,38781,41847
60340,373993,28243,179992,19398,345750,80634,38784,41850
60345,374024,28245,180010,19399,345779,80640,38788,41852
60350,374055,28246,180023,19400,345809,80646,38790,41856
60355,374086,28248,180039,19402,345838,80652,38793,41859
60360,374117,28249,180053,19402,345868,80658,38796,41862
60365,374148,28251,180068,19404,345897,80663,38799,41864
60370,374179,28253,180083,19405,345925,80668,38801,41867
60375,374210,28255,180101,19407,345954,80673,38804,41869
60380,374241,28257,180117,19408,345984,80678,38807,41871
60385,374272,28258,180125,19408,346014,80683,38808,41875
60390,374303,28259,180143,19409,346044,80688,38812,41876
60395,374334,28262,180161,19412,346071,80693,38814,41879
60400,374365,28267,180173,19415,346098,80698,38814,41884
60405,374396,28270,180190,19418,346125,80705,38817,41888
60410,374427,28273,180204,19421,346151,80712,38820,41892
60415,374458,28275,180216,19423,346180,80719,38823,41896
60420,374489,28276,180232,19424,346210,80726,38826,41900
60425,374520,28278,180245,19426,346241,80732,38827,41905
60430,374551,28281,180261,19427,346269,80738,38831,41907
60435,374582,28285,180274,19430,346296,80744,38833,41911
60440,374613,28289,180294,19434,346322,80750,38834,41916
60445,374644,28293,180312,19438,346350,80756,38837,41919
60450,374675,28297,180323,19441,346376,80762,38839,41923
60455,374706,28301,180343,19445,346403,80768,38845,41923
60460,374737,28304,180356,19448,346433,80774,38848,41926
60465,374768,28307,180372,19450,346459,80781,38851,41930
60470,374799,28309,180386,19451,346490,80788,38856,41932
60475,374830,28312,180392,19452,346516,80795,38856,41939
60480,374861,28316,180411,19454,346543,80802,38861,41941
60485,374892,28319,180423,19457,346572,80809,38862,41947
60490,374923,28323,180437,19460,346600,80816,38866,41950
60495,374954,28325,180450,19461,346628,80823,38869,41954
60500,374985,28329,180468,19465,346656,80830,38873,41957
60505,375016,28330,180485,19465,346686,80837,38879,41958
60510,375047,28332,180499,19466,346715,80844,38883,41961
60515,375078,28333,180518,19467,346745,80851,38887,41964
60520,375109,28335,180534,19468,346774,80858,38889,41969
60525,375140,28337,180551,19470,346803,80866,38894,41972
60530,375171,28340,180566,19472,346831,80874,38898,41976
60535,375202,28342,180578,19473,346859,80882,38899,41983
60540,375233,28345,180590,19475,346888,80890,38903,41987
60545,375264,28347,180608,19477,346916,80897,38906,41991
60550,375295,28349,180626,19479,346945,80904,38910,41994
60555,375326,28350,180636,19479,346976,80911,38912,41999
60560,375357,28352,180652,19481,347005,80918,38916,42002
60565,375388,28354,180670,19482,347034,80925,38919,42006
60570,375419,28356,180681,19484,347062,80932,38922,42010
60575,375450,28358,180692,19486,347092,80939,38924,42015
60580,375481,28359,180703,19486,347121,80946,38926,42020
60585,375512,28360,180721,19486,347150,80953,38932,42021
60590,375543,28362,180734,19488,347180,80960,38935,42025
60595,375574,28365,180748,19490,347208,80967,38939,42028
60600,375605,28367,180760,19492,347238,80974,38941,42033
60605,375636,28369,180772,19493,347267,80979,38944,42035
60610,375667,28370,180784,19494,347297,80984,38946,42038
60615,375698,28371,180792,19495,347326,80989,38946,42043
60620,375729,28372,180809,19495,347356,80994,38948,42046
60625,375760,28373,180822,19496,347387,80999,38950,42049
60630,375791,28375,180836,19498,347416,81004,38952,42052
60635,375822,28376,180851,19499,347445,81009,38954,42055
60640,375853,28378,180863,19500,347475,81014,38956,42058
60645,375884,28379,180879,19500,347504,81019,38959,42060
60650,375915,28380,180891,19501,347533,81025,38960,42065
60655,375946,28384,180908,19505,347560,81031,38964,42067
60660,375977,28388,180921,19509,347589,81037,38966,42071
60665,376008,28391,180934,19510,347617,81042,38966,42076
60670,376039,28395,180950,19514,347644,81047,38970,42077
60675,376070,28398,180961,19516,347671,81052,38971,42081
60680,376101,28400,180970,19516,347701,81057,38973,42084
60685,376132,28404,180988,19519,347727,81062,38975,42087
60690,376163,28408,181005,19523,347754,81067,38978,42089
60695,376194,28409,181015,19524,347785,81072,38980,42092
60700,376225,28410,181033,19525,347813,81077,38983,42094
60705,376256,28411,181051,19526,347844,81084,38986,42098
60710,376287,28412,181069,19526,347873,81091,38990,42101
60715,376318,28413,181081,19526,347904,81098,38994,42104
60720,376349,28417,181096,19528,347931,81105,38998,42107
60725,376380,28420,181114,19530,347959,81112,39001,42111
60730,376411,28423,181126,19531,347988,81119,39005,42114
60735,376442,28427,181141,19533,348015,81126,39008,42118
60740,376473,28429,181152,19533,348044,81133,39012,42121
60745,376504,28432,181172,19535,348072,81140,39016,42124
60750,376535,28435,181187,19538,348100,81147,39020,42127
60755,376566,28438,181204,19541,348128,81154,39024,42130
60760,376597,28440,181219,19541,348155,81161,39026,42135
60765,376628,28442,181234,19543,348184,81168,39029,42139
60770,376659,28445,181249,19544,348212,81176,39034,42142
60775,376690,28448,181263,19545,348241,81184,39037,42147
60780,376721,28452,181278,19547,348268,81192,39038,42154
60785,376752,28454,181292,19548,348298,81200,39041,42159
60790,376783,28456,181306,19549,348327,81208,39045,42163
60795,376814,28457,181321,19550,348357,81216,39050,42166
60800,376845,28459,181339,19552,348384,81224,39055,42169
60805,376876,28464,181355,19556,348411,81232,39058,42174
60810,376907,28468,181372,19558,348438,81240,39061,42179
60815,376938,28472,181385,19561,348464,81248,39064,42184
60820,376969,28477,181400,19564,348490,81256,39069,42187
60825,377000,28482,181411,19569,348518,81264,39072,42192
60830,377031,28485,181425,19571,348545,81272,39077,42195
60835,377062,28489,181436,19573,348571,81280,39080,42200
60840,377093,28495,181453,19578,348597,81288,39084,42204
60845,377124,28495,181468,19578,348628,81295,39087,42208
60850,377155,28495,181482,19578,348660,81302,39090,42212
60855,377186,28495,181496,19578,348691,81309,39095,42214
60860,377217,28495,181513,19578,348721,81316,39099,42217
60865,377248,28495,181530,19578,348753,81323,39103,42220
60870,377279,28495,181546,19578,348783,81330,39107,42223
60875,377310,28495,181558,19578,348815,81337,39108,42229
60880,377341,28495,181568,19578,348846,81344,39111,42233
60885,377372,28496,181583,19579,348876,81351,39116,42235
60890,377403,28497,181599,19580,348906,81358,39119,42239
60895,377434,28498,181608,19581,348936,81365,39122,42243
60900,377465,28500,181627,19583,348964,81372,39126,42246
60905,377496,28502,181643,19584,348993,81378,39131,42247
60910,377527,28503,181660,19585,349022,81384,39134,42250
60915,377558,28504,181679,19585,349052,81390,39139,42251
60920,377589,28505,181695,19585,349081,81396,39143,42253
60925,377620,28506,181708,19586,349113,81402,39146,42256
60930,377651,28508,181720,19588,349142,81408,39147,42261
60935,377682,28509,181736,19588,349171,81414,39152,42262
60940,377713,28511,181752,19589,349202,81420,39156,42264
60945,377744,28513,181770,19590,349231,81427,39161,42266
60950,377775,28516,181784,19591,349258,81434,39164,42270
60955,377806,28520,181798,19594,349284,81441,39168,42273
60960,377837,28525,181814,19597,349311,81448,39173,42275
60965,377868,28530,181832,19601,349336,81453,39174,42279
60970,377899,28537,181847,19607,349362,81458,39176,42282
60975,377930,28541,181860,19609,349389,81463,39177,42286
60980,377961,28544,181869,19610,349416,81468,39180,42288
60985,377992,28549,181882,19612,349442,81473,39180,42293
60990,378023,28555,181899,19616,349466,81478,39182,42296
60995,378054,28561,181913,19621,349492,81483,39183,42300
61000,378085,28567,181925,19624,349518,81488,39185,42303
61005,378116,28572,181935,19627,349544,81494,39188,42306
61010,378147,28577,181952,19630,349570,81500,39193,42307
61015,378178,28580,181966,19632,349598,81506,39196,42310
61020,378209,28583,181985,19635,349626,81512,39201,42311
61025,378240,28584,182002,19635,349656,81518,39205,42313
61030,378271,28586,182018,19637,349685,81524,39208,42316
61035,378302,28586,182035,19637,349716,81530,39212,42318
61040,378333,28586,182049,19637,349747,81536,39216,42320
61045,378364,28586,182061,19637,349778,81542,39217,42325
61050,378395,28586,182077,19637,349809,81548,39220,42328
61055,378426,28586,182091,19637,349840,81554,39224,42330
61060,378457,28586,182104,19637,349871,81560,39228,42332
61065,378488,28586,182121,19637,349902,81568,39232,42336
61070,378519,28586,182138,19637,349933,81576,39237,42339
61075,378550,28586,182155,19637,349962,81584,39241,42343
61080,378581,28586,182172,19637,349993,81592,39246,42346
61085,378612,28586,182188,19637,350025,81600,39249,42351
61090,378643,28586,182202,19637,350057,81608,39254,42354
61095,378674,28586,182221,19637,350087,81616,39260,42356
61100,378705,28586,182240,19637,350119,81624,39264,42360
61105,378736,28586,182257,19637,350150,81632,39268,42364
61110,378767,28586,182268,19637,350181,81640,39271,42369
61115,378798,28586,182283,19637,350211,81648,39274,42374
61120,378829,28588,182296,19639,350241,81656,39276,42380
61125,378860,28591,182313,19641,350267,81664,39281,42383
61130,378891,28594,182330,19643,350295,81672,39285,42387
61135,378922,28598,182344,19645,350322,81680,39290,42390
61140,378953,28604,182360,19649,350349,81688,39294,42394
61145,378984,28607,182368,19650,350376,81695,39296,42399
61150,379015,28613,182382,19655,350401,81702,39297,42405
61155,379046,28620,182398,19660,350426,81709,39302,42407
61160,379077,28626,182414,19664,350449,81716,39306,42410
61165,379108,28633,182431,19671,350475,81723,39310,42413
61170,379139,28639,182443,19675,350499,81730,39312,42418
61175,379170,28644,182458,19678,350525,81737,39316,42421
61180,379201,28648,182473,19681,350553,81744,39320,42424
61185,379232,28651,182486,19682,350580,81751,39324,42427
61190,379263,28656,182496,19684,350606,81758,39327,42431
61195,379294,28663,182513,19690,350631,81765,39332,42433
61200,379325,28665,182523,19690,350660,81772,39333,42439
61205,379356,28666,182534,19690,350690,81778,39335,42443
61210,379387,28667,182549,19691,350720,81784,39339,42445
61215,379418,28668,182562,19691,350750,81790,39342,42448
61220,379449,28669,182582,19692,350780,81796,39346,42450
61225,379480,28670,182598,19693,350810,81802,39350,42452
61230,379511,28671,182613,19693,350840,81808,39354,42454
61235,379542,28672,182623,19693,350870,81814,39355,42459
61240,379573,28673,182636,19693,350900,81820,39357,42463
61245,379604,28674,182653,19694,350930,81827,39361,42466
61250,379635,28675,182665,19695,350960,81834,39364,42470
61255,379666,28676,182679,19696,350990,81841,39366,42475
61260,379697,28677,182699,19696,351020,81848,39370,42478
61265,379728,28678,182714,19697,351050,81854,39373,42481
61270,379759,28679,182727,19698,351080,81860,39375,42485
61275,379790,28680,182740,19698,351109,81866,39377,42489
61280,379821,28681,182752,19699,351140,81872,39381,42491
61285,379852,28682,182768,19699,351169,81878,39385,42493
61290,379883,28683,182785,19700,351199,81884,39386,42498
61295,379914,28684,182804,19700,351229,81890,39390,42500
61300,379945,28685,182820,19700,351259,81896,39394,42502
61305,379976,28687,182832,19702,351289,81903,39397,42506
61310,380007,28691,182851,19706,351315,81910,39403,42507
61315,380038,28696,182860,19710,351342,81917,39403,42514
61320,380069,28699,182875,19712,351369,81924,39408,42516
61325,380100,28703,182897,19715,351395,81930,39412,42518
61330,380131,28707,182917,19718,351423,81936,39418,42518
61335,380162,28711,182930,19721,351450,81942,39419,42523
61340,380193,28714,182943,19722,351478,81948,39424,42524
61345,380224,28717,182959,19723,351506,81954,39427,42527
61350,380255,28722,182980,19728,351533,81960,39429,42531
61355,380286,28726,182995,19731,351560,81966,39433,42533
61360,380317,28729,183008,19733,351586,81972,39436,42536
61365,380348,28733,183026,19736,351612,81978,39439,42539
61370,380379,28737,183044,19740,351640,81985,39445,42540
61375,380410,28740,183059,19743,351668,81992,39447,42545
61380,380441,28744,183076,19746,351695,81999,39450,42549
61385,380472,28744,183090,19746,351728,82005,39452,42553
61390,380503,28744,183105,19746,351758,82011,39456,42555
61395,380534,28744,183124,19746,351789,82017,39459,42558
61400,380565,28744,183139,19746,351820,82023,39462,42561
61405,380596,28744,183154,19746,351852,82029,39466,42563
61410,380627,28744,183169,19746,351883,82035,39470,42565
61415,380658,28744,183183,19746,351914,82041,39473,42568
61420,380689,28744,183196,19746,351945,82047,39475,42572
61425,380720,28745,183205,19747,351975,82053,39479,42574
61430,380751,28746,183215,19747,352005,82060,39481,42579
61435,380782,28748,183229,19748,352034,82067,39485,42582
61440,380813,28749,183244,19748,352064,82074,39487,42587
61445,380844,28750,183256,19748,352094,82080,39490,42590
61450,380875,28751,183274,19749,352124,82086,39494,42592
61455,380906,28753,183290,19751,352153,82092,39497,42595
61460,380937,28754,183307,19751,352183,82098,39499,42599
61465,380968,28755,183317,19752,352213,82104,39502,42602
61470,380999,28757,183332,19753,352242,82110,39505,42605
61475,381030,28759,183348,19754,352271,82116,39509,42607
61480,381061,28762,183365,19757,352299,82122,39511,42611
61485,381092,28767,183379,19761,352325,82129,39515,42614
61490,381123,28773,183393,19764,352349,82136,39518,42618
61495,381154,28779,183406,19769,352374,82143,39521,42622
61500,381185,28785,183419,19774,352399,82150,39523,42627
61505,381216,28790,183432,19777,352425,82155,39527,42628
61510,381247,28796,183448,19781,352451,82160,39530,42630
61515,381278,28798,183463,19783,352480,82165,39532,42633
61520,381309,28802,183482,19786,352507,82170,39533,42637
61525,381340,28804,183499,19788,352536,82175,39534,42641
61530,381371,28807,183518,19790,352564,82180,39537,42643
61535,381402,28810,183537,19792,352592,82185,39539,42646
61540,381433,28814,183559,19796,352619,82190,39541,42649
61545,381464,28817,183576,19799,352647,82196,39546,42650
61550,381495,28819,183592,19800,352676,82202,39549,42653
61555,381526,28821,183607,19801,352705,82208,39552,42656
61560,381557,28823,183625,19802,352734,82214,39555,42659
61565,381588,28825,183641,19804,352763,82220,39558,42662
61570,381619,28826,183664,19805,352793,82226,39563,42663
61575,381650,28827,183678,19806,352823,82232,39568,42664
61580,381681,28830,183699,19809,352851,82238,39571,42667
61585,381712,28831,183710,19809,352881,82244,39573,42671
61590,381743,28833,183730,19810,352910,82250,39577,42673
61595,381774,28833,183748,19810,352941,82256,39578,42678
61600,381805,28833,183766,19810,352972,82262,39581,42681
61605,381836,28833,183779,19810,353003,82270,39585,42685
61610,381867,28833,183792,19810,353033,82278,39587,42691
61615,381898,28833,183808,19810,353065,82286,39589,42697
61620,381929,28833,183821,19810,353096,82294,39591,42703
61625,381960,28836,183838,19813,353123,82302,39594,42708
61630,381991,28839,183854,19816,353152,82310,39597,42713
61635,382022,28841,183873,19817,353180,82318,39601,42717
61640,382053,28843,183893,19819,353209,82326,39606,42720
61645,382084,28845,183907,19820,353239,82334,39611,42723
61650,382115,28848,183918,19822,353267,82342,39615,42727
61655,382146,28852,183934,19825,353293,82350,39619,42731
61660,382177,28855,183947,19827,353321,82358,39622,42736
61665,382208,28861,183965,19832,353345,82366,39627,42739
61670,382239,28862,183977,19832,353376,82374,39629,42745
61675,382270,28863,183993,19833,353405,82382,39633,42749
61680,382301,28864,184005,19833,353437,82390,39635,42755
61685,382332,28865,184017,19834,353467,82398,39638,42760
61690,382363,28866,184035,19834,353497,82406,39642,42764
61695,382394,28867,184048,19834,353527,82414,39646,42768
61700,382425,28869,184061,19834,353556,82422,39650,42772
61705,382456,28873,184078,19838,353583,82430,39655,42775
61710,382487,28876,184098,19840,353611,82438,39661,42777
61715,382518,28880,184113,19843,353638,82446,39666,42780
61720,382549,28883,184130,19844,353666,82454,39671,42783
61725,382580,28887,184144,19846,353693,82462,39675,42787
61730,382611,28890,184162,19848,353721,82470,39680,42790
61735,382642,28893,184175,19850,353749,82478,39682,42796
61740,382673,28896,184191,19851,353777,82486,39687,42799
61745,382704,28899,184207,19852,353805,82493,39691,42802
61750,382735,28901,184221,19853,353834,82500,39694,42806
61755,382766,28904,184240,19855,353862,82507,39698,42809
61760,382797,28907,184258,19857,353890,82514,39701,42813
61765,382828,28909,184275,19859,353919,82521,39706,42815
61770,382859,28911,184290,19861,353948,82528,39710,42818
61775,382890,28915,184304,19863,353975,82535,39712,42823
61780,382921,28920,184322,19867,353998,82542,39714,42828
61785,382952,28926,184340,19873,354025,82549,39719,42830
61790,382983,28930,184359,19877,354052,82556,39722,42834
61795,383014,28933,184371,19880,354080,82563,39724,42839
61800,383045,28935,184386,19882,354110,82570,39727,42843
61805,383076,28937,184401,19884,354138,82576,39730,42846
61810,383107,28940,184418,19886,354165,82582,39733,42849
61815,383138,28944,184435,19889,354193,82588,39736,42852
61820,383169,28946,184453,19891,354222,82594,39740,42854
61825,383200,28948,184465,19892,354252,82600,39744,42856
61830,383231,28950,184481,19893,354279,82606,39747,42859
61835,383262,28953,184493,19896,354309,82612,39750,42862
61840,383293,28953,184508,19896,354339,82618,39754,42864
61845,383324,28953,184524,19896,354370,82625,39758,42867
61850,383355,28953,184544,19896,354401,82632,39762,42870
61855,383386,28953,184554,19896,354433,82639,39765,42874
61860,383417,28953,184568,19896,354463,82646,39770,42876
61865,383448,28953,184588,19896,354495,82653,39774,42879
61870,383479,28953,184600,19896,354526,82660,39778,42882
61875,383510,28953,184616,19896,354557,82667,39782,42885
61880,383541,28953,184633,19896,354588,82674,39788,42886
61885,383572,28953,184648,19896,354619,82681,39793,42888
61890,383603,28953,184662,19896,354650,82688,39795,42893
61895,383634,28955,184680,19898,354679,82695,39797,42898
61900,383665,28960,184700,19903,354705,82702,39801,42901
61905,383696,28965,184716,19906,354731,82710,39804,42906
61910,383727,28971,184729,19911,354756,82718,39806,42912
61915,383758,28976,184745,19915,354782,82726,39811,42915
61920,383789,28977,184762,19916,354812,82734,39817,42917
61925,383820,28978,184776,19916,354842,82741,39821,42920
61930,383851,28979,184788,19917,354872,82748,39827,42921
61935,383882,28980,184802,19917,354902,82755,39830,42925
61940,383913,28982,184813,19918,354930,82762,39831,42931
61945,383944,28987,184828,19923,354956,82769,39832,42937
61950,383975,28991,184842,19925,354983,82776,39834,42942
61955,384006,28996,184857,19929,355009,82783,39837,42946
61960,384037,28999,184869,19930,355037,82790,39841,42949
61965,384068,29004,184882,19934,355061,82797,39845,42952
61970,384099,29008,184897,19937,355090,82804,39851,42953
61975,384130,29012,184913,19939,355117,82811,39855,42956
61980,384161,29015,184930,19942,355143,82818,39860,42958
61985,384192,29018,184942,19945,355173,82822,39861,42961
61990,384223,29019,184956,19946,355202,82826,39863,42963
61995,384254,29020,184975,19946,355233,82830,39865,42965
62000,384285,29022,184989,19948,355262,82834,39866,42968
62005,384316,29023,185006,19949,355292,82838,39866,42972
62010,384347,29024,185018,19949,355322,82842,39867,42975
62015,384378,29025,185037,19950,355352,82846,39871,42975
62020,384409,29026,185054,19951,355383,82850,39872,42978
62025,384440,29031,185071,19956,355408,82855,39874,42981
62030,384471,29036,185086,19959,355435,82860,39875,42985
62035,384502,29041,185100,19963,355461,82865,39877,42988
62040,384533,29044,185113,19965,355489,82870,39880,42990
62045,384564,29046,185125,19966,355518,82873,39882,42991
62050,384595,29048,185139,19967,355547,82876,39883,42993
62055,384626,29051,185155,19969,355575,82879,39884,42995
62060,384657,29053,185171,19971,355604,82882,39885,42997
62065,384688,29053,185182,19971,355635,82885,39885,43000
62070,384719,29053,185198,19971,355666,82888,39886,43002
62075,384750,29053,185213,19971,355697,82891,39888,43003
62080,384781,29053,185227,19971,355728,82894,39888,43006
62085,384812,29053,185240,19971,355759,82898,39888,43010
62090,384843,29057,185253,19974,355784,82904,39892,43012
62095,384874,29061,185268,19977,355812,82910,39894,43016
62100,384905,29065,185282,19980,355838,82916,39896,43020
62105,384936,29068,185297,19983,355867,82922,39897,43025
62110,384967,29071,185310,19986,355895,82928,39901,43027
62115,384998,29071,185324,19986,355925,82934,39901,43033
62120,385029,29071,185342,19986,355956,82940,39902,43038
62125,385060,29071,185356,19986,355987,82946,39905,43041
62130,385091,29071,185373,19986,356017,82952,39908,43044
62135,385122,29071,185389,19986,356051,82958,39911,43047
62140,385153,29071,185407,19986,356082,82964,39914,43050
62145,385184,29072,185423,19986,356112,82972,39916,43056
62150,385215,29074,185437,19987,356141,82980,39918,43062
62155,385246,29075,185457,19987,356171,82988,39923,43065
62160,385277,29076,185470,19987,356201,82996,39924,43072
62165,385308,29080,185487,19991,356228,83004,39927,43077
62170,385339,29086,185505,19996,356253,83012,39931,43081
62175,385370,29090,185519,19999,356280,83020,39935,43085
62180,385401,29093,185537,20001,356308,83028,39939,43089
62185,385432,29096,185548,20002,356336,83036,39943,43093
62190,385463,29102,185564,20007,356361,83044,39947,43097
62195,385494,29107,185577,20010,356387,83052,39950,43102
62200,385525,29110,185595,20013,356415,83060,39957,43103
62205,385556,29111,185611,20013,356445,83068,39961,43107
62210,385587,29112,185621,20013,356474,83076,39962,43114
62215,385618,29116,185633,20015,356501,83084,39966,43118
62220,385649,29121,185645,20020,356527,83092,39969,43123
62225,385680,29124,185659,20023,356555,83100,39971,43129
62230,385711,29128,185672,20026,356582,83108,39977,43131
62235,385742,29132,185686,20029,356608,83116,39982,43134
62240,385773,29139,185701,20035,356633,83124,39985,43139
62245,385804,29142,185717,20036,356661,83132,39989,43143
62250,385835,29144,185734,20038,356689,83140,39993,43147
62255,385866,29146,185753,20040,356718,83148,39998,43150
62260,385897,29147,185769,20041,356749,83156,40003,43153
62265,385928,29148,185785,20042,356779,83164,40004,43160
62270,385959,29148,185800,20042,356810,83172,40006,43166
62275,385990,29148,185813,20042,356841,83180,40010,43170
62280,386021,29148,185830,20042,356872,83188,40016,43172
62285,386052,29148,185842,20042,356904,83196,40021,43175
62290,386083,29148,185854,20042,356934,83204,40023,43181
62295,386114,29148,185870,20042,356965,83212,40026,43186
62300,386145,29148,185886,20042,356997,83220,40029,43191
62305,386176,29148,185901,20042,357027,83228,40032,43196
62310,386207,29151,185915,20045,357056,83236,40036,43200
62315,386238,29155,185929,20048,357083,83244,40040,43204
62320,386269,29156,185943,20049,357113,83252,40044,43208
62325,386300,29159,185954,20051,357141,83260,40047,43213
62330,386331,29162,185970,20054,357169,83268,40050,43218
62335,386362,29163,185983,20055,357199,83276,40054,43222
62340,386393,29164,185991,20056,357228,83284,40057,43227
62345,386424,29166,186005,20057,357257,83291,40060,43231
62350,386455,29169,186020,20059,357285,83298,40063,43235
62355,386486,29172,186030,20061,357312,83305,40064,43241
62360,386517,29174,186050,20063,357341,83312,40067,43245
62365,386548,29176,186066,20065,357372,83319,40073,43246
62370,386579,29178,186081,20066,357400,83326,40079,43247
62375,386610,29182,186098,20068,357427,83333,40084,43249
62380,386641,29186,186114,20071,357454,83340,40090,43250
62385,386672,29191,186135,20074,357479,83347,40095,43252
62390,386703,29196,186149,20078,357506,83354,40098,43256
62395,386734,29200,186159,20080,357533,83361,40100,43261
62400,386765,29204,186169,20084,357561,83368,40103,43265
62405,386796,29205,186185,20084,357590,83374,40106,43268
62410,386827,29206,186203,20085,357620,83380,40110,43270
62415,386858,29207,186216,20085,357650,83386,40112,43274
62420,386889,29208,186228,20085,357681,83392,40115,43277
62425,386920,29209,186242,20085,357710,83398,40119,43279
62430,386951,29210,186255,20085,357739,83404,40121,43283
62435,386982,29211,186271,20085,357770,83410,40124,43286
62440,387013,29212,186286,20086,357801,83416,40128,43288
62445,387044,29213,186302,20087,357831,83423,40131,43292
62450,387075,29214,186324,20087,357860,83430,40138,43292
62455,387106,29216,186342,20088,357889,83437,40142,43295
62460,387137,29218,186352,20089,357919,83444,40143,43301
62465,387168,29220,186369,20091,357948,83450,40147,43303
62470,387199,29223,186382,20092,357976,83456,40150,43306
62475,387230,29225,186393,20094,358004,83462,40152,43310
62480,387261,29227,186409,20094,358032,83468,40156,43312
62485,387292,29230,186424,20095,358059,83474,40160,43314
62490,387323,29233,186438,20098,358089,83480,40162,43318
62495,387354,29235,186449,20099,358119,83486,40165,43321
62500,387385,29238,186467,20101,358147,83492,40169,43323
62505,387416,29240,186477,20101,358175,83499,40173,43326
62510,387447,29243,186491,20102,358203,83506,40178,43328
62515,387478,29247,186508,20105,358229,83513,40182,43331
62520,387509,29250,186521,20106,358258,83520,40185,43335
62525,387540,29252,186539,20108,358288,83526,40188,43338
62530,387571,29254,186552,20108,358316,83532,40192,43340
62535,387602,29257,186564,20111,358345,83538,40193,43345
62540,387633,29259,186574,20111,358373,83544,40195,43349
62545,387664,29262,186585,20113,358402,83550,40198,43352
62550,387695,29264,186601,20114,358430,83556,40200,43356
62555,387726,29268,186622,20117,358457,83562,40203,43359
62560,387757,29272,186634,20120,358485,83568,40206,43362
62565,387788,29275,186650,20123,358512,83575,40206,43369
62570,387819,29279,186667,20126,358539,83582,40209,43373
62575,387850,29284,186682,20131,358565,83589,40211,43378
62580,387881,29289,186698,20135,358592,83596,40213,43383
62585,387912,29291,186711,20137,358621,83600,40215,43385
62590,387943,29293,186726,20138,358650,83604,40217,43387
62595,387974,29295,186740,20139,358679,83608,40218,43390
62600,388005,29298,186754,20141,358707,83612,40219,43393
62605,388036,29300,186763,20142,358736,83616,40219,43397
62610,388067,29301,186776,20143,358766,83620,40221,43399
62615,388098,29303,186791,20144,358795,83624,40223,43401
62620,388129,29306,186802,20146,358823,83628,40226,43402
62625,388160,29308,186818,20147,358852,83633,40229,43404
62630,388191,29309,186833,20148,358882,83638,40233,43405
62635,388222,29311,186850,20150,358911,83643,40236,43407
62640,388253,29312,186864,20151,358941,83648,40239,43409
62645,388284,29313,186879,20151,358971,83653,40241,43412
62650,388315,29314,186897,20152,359001,83658,40243,43415
62655,388346,29316,186908,20154,359030,83663,40245,43418
62660,388377,29317,186925,20154,359060,83668,40248,43420
62665,388408,29319,186937,20155,359089,83673,40248,43425
62670,388439,29321,186948,20157,359118,83678,40249,43429
62675,388470,29322,186963,20158,359148,83683,40250,43433
62680,388501,29323,186979,20159,359178,83688,40253,43435
62685,388532,29324,186995,20160,359206,83695,40257,43438
62690,388563,29329,187008,20165,359233,83703,40261,43442
62695,388594,29334,187025,20168,359259,83711,40266,43445
62700,388625,29338,187036,20170,359285,83719,40268,43451
62705,388656,29343,187050,20173,359312,83726,40270,43456
62710,388687,29347,187066,20177,359338,83733,40273,43460
62715,388718,29351,187080,20180,359367,83740,40275,43465
62720,388749,29353,187093,20181,359394,83747,40279,43468
62725,388780,29354,187104,20182,359425,83754,40280,43474
62730,388811,29356,187122,20184,359454,83761,40285,43476
62735,388842,29357,187138,20185,359483,83768,40288,43480
62740,388873,29359,187160,20187,359513,83775,40291,43484
62745,388904,29361,187174,20188,359542,83782,40293,43489
62750,388935,29362,187187,20188,359573,83789,40296,43493
62755,388966,29363,187199,20189,359603,83796,40299,43497
62760,388997,29365,187207,20191,359631,83803,40301,43502
62765,389028,29366,187219,20191,359661,83810,40302,43508
62770,389059,29368,187236,20193,359690,83817,40307,43510
62775,389090,29370,187255,20194,359719,83824,40311,43513
62780,389121,29372,187270,20196,359749,83831,40314,43517
62785,389152,29373,187288,20196,359779,83838,40318,43520
62790,389183,29375,187306,20198,359808,83845,40320,43525
62795,389214,29376,187323,20199,359838,83852,40324,43528
62800,389245,29378,187340,20201,359867,83859,40327,43532
62805,389276,29381,187359,20204,359895,83866,40331,43535
62810,389307,29384,187373,20207,359923,83874,40334,43540
62815,389338,29385,187387,20207,359953,83882,40337,43545
62820,389369,29386,187401,20207,359983,83890,40341,43549
62825,389400,29389,187416,20210,360010,83898,40345,43553
62830,389431,29392,187430,20211,360039,83906,40352,43554
62835,389462,29394,187447,20211,360068,83914,40358,43556
62840,389493,29397,187463,20212,360095,83922,40362,43560
62845,389524,29401,187481,20215,360123,83930,40367,43563
62850,389555,29403,187493,20215,360150,83938,40370,43568
62855,389586,29406,187504,20217,360178,83946,40373,43573
62860,389617,29411,187518,20221,360205,83954,40376,43578
62865,389648,29413,187537,20222,360233,83962,40380,43582
62870,389679,29417,187551,20225,360261,83970,40384,43586
62875,389710,29421,187569,20227,360288,83978,40388,43590
62880,389741,29425,187587,20231,360314,83986,40392,43594
62885,389772,29430,187599,20234,360342,83994,40395,43599
62890,389803,29433,187609,20236,360370,84002,40397,43605
62895,389834,29436,187622,20237,360398,84010,40400,43610
62900,389865,29437,187638,20238,360427,84018,40404,43614
62905,389896,29438,187651,20238,360458,84026,40407,43619
62910,389927,29439,187665,20239,360488,84034,40411,43623
62915,389958,29440,187682,20239,360517,84042,40419,43623
62920,389989,29443,187693,20241,360545,84050,40422,43628
62925,390020,29448,187707,20245,360571,84058,40424,43634
62930,390051,29451,187723,20247,360599,84066,40429,43637
62935,390082,29455,187736,20249,360626,84074,40433,43641
62940,390113,29459,187753,20253,360652,84082,40438,43644
62945,390144,29460,187767,20253,360683,84088,40443,43645
62950,390175,29462,187783,20254,360713,84094,40447,43647
62955,390206,29464,187798,20255,360742,84100,40450,43650
62960,390237,29466,187819,20256,360771,84106,40454,43652
62965,390268,29467,187836,20257,360801,84112,40458,43654
62970,390299,29468,187851,20257,360831,84118,40461,43657
62975,390330,29469,187862,20258,360861,84124,40462,43662
62980,390361,29471,187880,20260,360890,84130,40464,43666
62985,390392,29473,187897,20261,360918,84136,40465,43671
62990,390423,29474,187906,20261,360949,84142,40467,43675
62995,390454,29475,187917,20262,360979,84148,40469,43679
63000,390485,29477,187930,20263,361008,84154,40471,43683
63005,390516,29478,187941,20264,361037,84159,40473,43686
63010,390547,29481,187959,20267,361065,84164,40474,43690
63015,390578,29483,187981,20268,361094,84169,40477,43692
63020,390609,29485,187997,20270,361123,84174,40479,43695
63025,390640,29487,188017,20272,361152,84179,40483,43696
63030,390671,29489,188033,20274,361182,84184,40487,43697
63035,390702,29490,188054,20275,361212,84189,40490,43699
63040,390733,29491,188072,20276,361241,84194,40492,43702
63045,390764,29494,188082,20278,361270,84201,40495,43706
63050,390795,29497,188100,20279,361298,84208,40499,43709
63055,390826,29500,188114,20281,361325,84215,40503,43712
63060,390857,29503,188132,20283,361353,84222,40506,43716
63065,390888,29505,188143,20283,361382,84228,40509,43719
63070,390919,29509,188163,20286,361409,84234,40513,43721
63075,390950,29514,188177,20290,361436,84240,40516,43724
63080,390981,29518,188198,20293,361462,84246,40519,43727
63085,391012,29523,188212,20296,361488,84252,40522,43730
63090,391043,29525,188232,20298,361518,84258,40526,43732
63095,391074,29526,188244,20299,361548,84264,40528,43736
63100,391105,29527,188256,20300,361578,84270,40531,43739
63105,391136,29528,188272,20301,361607,84277,40535,43742
63110,391167,29531,188287,20303,361635,84284,40538,43746
63115,391198,29536,188301,20306,361661,84291,40541,43750
63120,391229,29540,188316,20309,361687,84298,40545,43753
63125,391260,29543,188332,20311,361717,84304,40547,43757
63130,391291,29546,188345,20314,361744,84310,40550,43760
63135,391322,29549,188364,20316,361773,84316,40553,43763
63140,391353,29551,188376,20317,361802,84322,40554,43768
63145,391384,29553,188394,20319,361831,84328,40558,43770
63150,391415,29556,188407,20321,361859,84334,40559,43775
63155,391446,29556,188422,20321,361890,84340,40562,43778
63160,391477,29556,188440,20321,361921,84346,40566,43780
63165,391508,29556,188456,20321,361952,84353,40570,43783
63170,391539,29556,188471,20321,361982,84360,40574,43786
63175,391570,29556,188492,20321,362013,84367,40580,43787
63180,391601,29556,188511,20321,362045,84374,40584,43790
63185,391632,29556,188524,20321,362075,84379,40587,43792
63190,391663,29556,188540,20321,362106,84384,40588,43796
63195,391694,29558,188556,20322,362135,84389,40591,43798
63200,391725,29559,188564,20322,362165,84394,40594,43800
63205,391756,29563,188582,20325,362192,84399,40595,43804
63210,391787,29567,188594,20328,362220,84404,40596,43808
63215,391818,29570,188611,20331,362247,84409,40600,43809
63220,391849,29572,188621,20333,362277,84414,40601,43813
63225,391880,29575,188638,20336,362304,84420,40605,43815
63230,391911,29577,188655,20338,362333,84426,40608,43818
63235,391942,29579,188669,20340,362363,84432,40609,43823
63240,391973,29581,188683,20341,362392,84438,40610,43828
63245,392004,29583,188702,20343,362421,84444,40613,43831
63250,392035,29585,188715,20345,362450,84450,40614,43836
63255,392066,29588,188727,20346,362478,84456,40615,43841
63260,392097,29591,188747,20348,362506,84462,40618,43844
63265,392128,29595,188764,20350,362533,84468,40622,43846
63270,392159,29599,188782,20353,362560,84474,40625,43849
63275,392190,29602,188801,20355,362588,84480,40629,43851
63280,392221,29605,188814,20356,362616,84486,40633,43853
63285,392252,29608,188833,20359,362644,84493,40638,43855
63290,392283,29610,188846,20359,362673,84501,40642,43859
63295,392314,29612,188863,20360,362702,84509,40647,43862
63300,392345,29616,188880,20362,362729,84517,40649,43868
63305,392376,29618,188901,20363,362758,84525,40657,43868
63310,392407,29622,188917,20366,362785,84533,40660,43873
63315,392438,29625,188926,20368,362813,84541,40662,43879
63320,392469,29628,188935,20369,362841,84549,40664,43885
63325,392500,29632,188951,20372,362867,84557,40668,43889
63330,392531,29635,188964,20374,362895,84565,40670,43895
63335,392562,29637,188976,20375,362925,84573,40675,43898
63340,392593,29640,188994,20378,362952,84581,40678,43903
63345,392624,29641,189009,20378,362983,84589,40684,43905
63350,392655,29642,189028,20379,363013,84597,40691,43906
63355,392686,29645,189043,20381,363041,84605,40695,43910
63360,392717,29647,189059,20383,363069,84613,40698,43915
63365,392748,29650,189072,20386,363097,84620,40701,43919
63370,392779,29653,189092,20389,363125,84627,40705,43922
63375,392810,29655,189106,20391,363153,84634,40707,43927
63380,392841,29659,189122,20394,363181,84641,40713,43928
63385,392872,29660,189136,20395,363211,84648,40715,43933
63390,392903,29660,189153,20395,363242,84655,40718,43937
63395,392934,29660,189166,20395,363274,84662,40721,43941
63400,392965,29660,189185,20395,363304,84669,40726,43943
63405,392996,29660,189204,20395,363335,84676,40732,43944
63410,393027,29660,189218,20395,363365,84683,40736,43947
63415,393058,29660,189239,20395,363397,84690,40740,43950
63420,393089,29660,189260,20395,363427,84697,40746,43951
63425,393120,29660,189274,20395,363460,84704,40749,43955
63430,393151,29660,189289,20395,363491,84711,40753,43958
63435,393182,29661,189301,20396,363521,84718,40754,43964
63440,393213,29662,189318,20396,363551,84725,40758,43967
63445,393244,29664,189333,20398,363580,84732,40761,43971
63450,393275,29667,189346,20399,363608,84739,40766,43973
63455,393306,29672,189357,20402,363634,84746,40770,43976
63460,393337,29675,189370,20403,363662,84753,40774,43979
63465,393368,29679,189387,20406,363688,84760,40778,43982
63470,393399,29684,189403,20410,363713,84768,40782,43986
63475,393430,29688,189414,20412,363742,84776,40783,43993
63480,393461,29692,189423,20415,363769,84784,40786,43998
63485,393492,29696,189438,20418,363795,84791,40790,44001
63490,393523,29699,189455,20419,363823,84798,40794,44004
63495,393554,29701,189471,20419,363852,84805,40798,44007
63500,393585,29704,189489,20421,363881,84812,40802,44010
63505,393616,29706,189508,20423,363908,84819,40806,44013
63510,393647,29709,189526,20424,363937,84826,40813,44013
63515,393678,29711,189540,20425,363966,84833,40817,44016
63520,393709,29714,189558,20427,363995,84840,40820,44020
63525,393740,29716,189571,20429,364024,84847,40823,44024
63530,393771,29719,189585,20432,364050,84854,40825,44029
63535,393802,29724,189606,20437,364076,84861,40829,44032
63540,393833,29729,189622,20441,364104,84868,40833,44035
63545,393864,29732,189636,20443,364132,84873,40834,44039
63550,393895,29734,189651,20444,364159,84878,40835,44043
63555,393926,29739,189667,20449,364187,84883,40838,44045
63560,393957,29740,189681,20449,364217,84888,40842,44046
63565,393988,29741,189694,20449,364247,84893,40845,44048
63570,394019,29742,189704,20449,364277,84898,40848,44050
63575,394050,29743,189715,20449,364307,84903,40850,44053
63580,394081,29744,189727,20450,364337,84908,40852,44056
63585,394112,29745,189739,20451,364367,84914,40854,44060
63590,394143,29746,189755,20452,364397,84920,40857,44063
63595,394174,29748,189771,20454,364426,84926,40860,44066
63600,394205,29751,189789,20456,364454,84932,40865,44067
63605,394236,29753,189803,20457,364483,84937,40868,44069
63610,394267,29757,189820,20459,364510,84942,40870,44072
63615,394298,29759,189835,20459,364539,84947,40871,44076
63620,394329,29762,189845,20460,364567,84952,40872,44080
63625,394360,29765,189858,20462,364594,84957,40874,44083
63630,394391,29769,189873,20466,364620,84962,40876,44086
63635,394422,29772,189885,20468,364649,84967,40879,44088
63640,394453,29775,189901,20471,364677,84972,40882,44090
63645,394484,29777,189921,20472,364706,84979,40888,44091
63650,394515,29780,189936,20474,364733,84986,40892,44094
63655,394546,29782,189953,20476,364764,84993,40895,44098
63660,394577,29785,189970,20478,364791,85000,40900,44100
63665,394608,29788,189983,20480,364819,85006,40902,44104
63670,394639,29789,189999,20481,364849,85012,40905,44107
63675,394670,29792,190014,20483,364876,85018,40906,44112
63680,394701,29794,190029,20484,364905,85024,40909,44115
63685,394732,29797,190046,20487,364933,85030,40913,44117
63690,394763,29799,190062,20489,364964,85036,40917,44119
63695,394794,29801,190079,20490,364992,85042,40922,44120
63700,394825,29804,190094,20493,365021,85048,40925,44123
63705,394856,29805,190110,20494,365048,85055,40926,44129
63710,394887,29808,190121,20497,365079,85062,40930,44132
63715,394918,29808,190136,20497,365110,85069,40934,44135
63720,394949,29808,190146,20497,365140,85076,40935,44141
63725,394980,29808,190161,20497,365172,85083,40937,44146
63730,395011,29808,190175,20497,365203,85090,40939,44151
63735,395042,29808,190194,20497,365234,85097,40943,44154
63740,395073,29808,190208,20497,365265,85104,40947,44157
63745,395104,29810,190227,20498,365294,85111,40951,44160
63750,395135,29812,190244,20499,365323,85118,40954,44164
63755,395166,29813,190259,20499,365353,85125,40958,44167
63760,395197,29814,190276,20499,365383,85132,40961,44171
63765,395228,29816,190289,20501,365412,85140,40965,44175
63770,395259,29818,190305,20503,365441,85148,40972,44176
63775,395290,29822,190319,20506,365468,85156,40977,44179
63780,395321,29826,190335,20509,365495,85164,40981,44183
63785,395352,29828,190347,20509,365524,85171,40985,44186
63790,395383,29831,190366,20511,365552,85178,40989,44189
63795,395414,29834,190380,20513,365580,85185,40991,44194
63800,395445,29836,190394,20514,365609,85192,40994,44198
63805,395476,29839,190408,20515,365637,85199,40995,44204
63810,395507,29842,190422,20517,365665,85206,40997,44209
63815,395538,29846,190435,20519,365692,85213,41001,44212
63820,395569,29849,190447,20520,365719,85220,41003,44217
63825,395600,29853,190464,20524,365745,85227,41007,44220
63830,395631,29859,190481,20529,365769,85234,41009,44225
63835,395662,29864,190500,20533,365795,85241,41012,44229
63840,395693,29870,190513,20536,365823,85248,41016,44232
63845,395724,29875,190527,20540,365849,85254,41019,44235
63850,395755,29879,190542,20542,365875,85260,41022,44238
63855,395786,29885,190558,20546,365900,85266,41025,44241
63860,395817,29888,190574,20548,365928,85272,41029,44243
63865,395848,29889,190591,20549,365958,85278,41033,44245
63870,395879,29891,190604,20551,365987,85284,41035,44249
63875,395910,29892,190620,20552,366016,85290,41038,44252
63880,395941,29895,190632,20554,366045,85296,41041,44255
63885,395972,29897,190651,20556,366074,85303,41046,44257
63890,396003,29899,190663,20557,366104,85310,41048,44262
63895,396034,29899,190680,20557,366134,85317,41052,44265
63900,396065,29899,190698,20557,366165,85324,41055,44269
63905,396096,29899,190711,20557,366197,85331,41058,44273
63910,396127,29899,190726,20557,366228,85338,41064,44274
63915,396158,29899,190742,20557,366258,85345,41068,44277
63920,396189,29899,190751,20557,366289,85352,41069,44283
63925,396220,29899,190765,20557,366320,85359,41070,44289
63930,396251,29899,190779,20557,366352,85366,41073,44293
63935,396282,29899,190797,20557,366382,85373,41078,44295
63940,396313,29899,190811,20557,366414,85380,41079,44301
63945,396344,29899,190829,20557,366444,85387,41083,44304
63950,396375,29899,190845,20557,366475,85395,41088,44307
63955,396406,29899,190862,20557,366507,85403,41092,44311
63960,396437,29900,190873,20558,366537,85411,41097,44314
63965,396468,29901,190887,20558,366567,85419,41101,44318
63970,396499,29904,190905,20559,366594,85427,41105,44322
63975,396530,29906,190921,20561,366623,85435,41108,44327
63980,396561,29909,190935,20563,366650,85443,41110,44333
63985,396592,29911,190949,20564,366681,85451,41114,44337
63990,396623,29913,190965,20566,366709,85459,41117,44342
63995,396654,29916,190978,20567,366737,85467,41120,44347
64000,396685,29919,190990,20569,366765,85475,41123,44352
64005,396716,29922,191004,20571,366793,85483,41125,44358
64010,396747,29925,191020,20572,366822,85491,41129,44362
64015,396778,29928,191037,20573,366850,85499,41135,44364
64020,396809,29932,191053,20576,366876,85507,41140,44367
64025,396840,29936,191072,20577,366904,85515,41145,44370
64030,396871,29939,191092,20579,366931,85523,41151,44372
64035,396902,29943,191104,20582,366958,85531,41154,44377
64040,396933,29950,191119,20586,366982,85539,41158,44381
64045,396964,29956,191135,20589,367007,85547,41162,44385
64050,396995,29962,191155,20595,367031,85555,41167,44388
64055,397026,29969,191168,20599,367055,85563,41172,44391
64060,397057,29975,191187,20603,367080,85571,41178,44393
64065,397088,29980,191203,20606,367108,85579,41184,44395
64070,397119,29982,191221,20608,367137,85587,41189,44398
64075,397150,29983,191233,20609,367167,85595,41193,44402
64080,397181,29984,191254,20609,367197,85603,41198,44405
64085,397212,29986,191268,20611,367226,85609,41203,44406
64090,397243,29987,191280,20611,367256,85615,41206,44409
64095,397274,29988,191295,20612,367286,85621,41208,44413
64100,397305,29989,191315,20613,367316,85627,41213,44414
64105,397336,29991,191328,20614,367344,85633,41216,44417
64110,397367,29992,191346,20615,367375,85639,41221,44418
64115,397398,29994,191362,20616,367403,85645,41226,44419
64120,397429,29995,191376,20617,367433,85651,41229,44422
64125,397460,29996,191388,20618,367463,85657,41233,44424
64130,397491,29998,191403,20619,367490,85663,41237,44426
64135,397522,30000,191416,20620,367520,85669,41241,44428
64140,397553,30001,191429,20620,367551,85675,41244,44431
64145,397584,30003,191447,20621,367577,85677,41244,44433
64150,397615,30004,191466,20622,367610,85679,41246,44433
64155,397646,30005,191483,20623,367641,85681,41248,44433
64160,397677,30005,191498,20623,367671,85683,41249,44434
64165,397708,30005,191514,20623,367703,85685,41250,44435
64170,397739,30006,191528,20623,367732,85687,41250,44437
64175,397770,30009,191543,20626,367759,85689,41250,44439
64180,397801,30012,191555,20628,367788,85691,41251,44440
64185,397832,30014,191568,20628,367817,85695,41252,44443
64190,397863,30017,191580,20629,367845,85699,41254,44445
64195,397894,30019,191591,20629,367874,85703,41256,44447
64200,397925,30022,191612,20632,367903,85707,41259,44448
64205,397956,30024,191627,20632,367931,85711,41261,44450
64210,397987,30028,191647,20635,367959,85715,41263,44452
64215,398018,30030,191657,20635,367988,85719,41264,44455
64220,398049,30032,191675,20636,368017,85723,41266,44457
64225,398080,30035,191684,20637,368045,85727,41267,44460
64230,398111,30038,191701,20639,368073,85731,41269,44462
64235,398142,30041,191715,20641,368101,85735,41272,44463
64240,398173,30044,191728,20643,368128,85739,41273,44466
64245,398204,30049,191746,20648,368155,85746,41278,44468
64250,398235,30053,191760,20651,368182,85754,41282,44472
64255,398266,30059,191773,20656,368207,85762,41284,44478
64260,398297,30063,191788,20658,368234,85770,41286,44484
64265,398328,30066,191801,20661,368262,85778,41289,44489
64270,398359,30069,191817,20663,368290,85786,41296,44490
64275,398390,30072,191832,20666,368317,85794,41298,44496
64280,398421,30076,191851,20670,368345,85802,41303,44499
64285,398452,30078,191868,20671,368373,85810,41305,44505
64290,398483,30079,191879,20672,368403,85818,41307,44511
64295,398514,30081,191897,20673,368433,85826,41313,44513
64300,398545,30083,191911,20675,368462,85834,41318,44516
64305,398576,30084,191925,20676,368491,85842,41321,44521
64310,398607,30086,191943,20678,368521,85850,41325,44525
64315,398638,30087,191959,20678,368548,85858,41330,44528
64320,398669,30088,191977,20679,368579,85866,41335,44531
64325,398700,30089,191996,20679,368611,85873,41340,44533
64330,398731,30090,192008,20679,368640,85880,41341,44539
64335,398762,30091,192025,20679,368670,85887,41344,44543
64340,398793,30093,192040,20680,368700,85894,41346,44548
64345,398824,30095,192053,20681,368729,85901,41349,44552
64350,398855,30096,192065,20682,368759,85908,41351,44557
64355,398886,30098,192083,20683,368788,85915,41355,44560
64360,398917,30099,192097,20684,368817,85922,41360,44562
64365,398948,30100,192112,20685,368847,85929,41362,44567
64370,398979,30104,192123,20688,368875,85936,41364,44572
64375,399010,30107,192134,20689,368902,85943,41366,44577
64380,399041,30111,192146,20692,368930,85950,41368,44582
64385,399072,30114,192161,20695,368957,85957,41370,44587
64390,399103,30116,192175,20697,368986,85964,41372,44592
64395,399134,30120,192190,20699,369012,85971,41375,44596
64400,399165,30125,192206,20702,369039,85978,41378,44600
64405,399196,30129,192217,20705,369067,85985,41379,44606
64410,399227,30131,192229,20705,369095,85992,41382,44610
64415,399258,30135,192243,20707,369123,85999,41384,44615
64420,399289,30136,192255,20707,369153,86006,41385,44621
64425,399320,30138,192271,20709,369182,86014,41388,44626
64430,399351,30139,192282,20709,369212,86022,41392,44630
64435,399382,30141,192297,20711,369241,86030,41397,44633
64440,399413,30142,192310,20712,369270,86038,41398,44640
64445,399444,30144,192326,20714,369299,86045,41400,44645
64450,399475,30145,192335,20715,369329,86052,41403,44649
64455,399506,30146,192349,20715,369360,86059,41408,44651
64460,399537,30148,192361,20716,369388,86066,41411,44655
64465,399568,30150,192374,20717,369414,86073,41416,44657
64470,399599,30151,192392,20718,369444,86080,41421,44659
64475,399630,30152,192406,20719,369478,86087,41423,44664
64480,399661,30154,192422,20721,369507,86094,41427,44667
64485,399692,30155,192434,20722,369536,86101,41428,44673
64490,399723,30160,192452,20725,369563,86108,41433,44675
64495,399754,30165,192468,20730,369587,86115,41435,44680
64500,399785,30166,192483,20730,369619,86122,41438,44684
64505,399816,30168,192496,20732,369648,86129,41441,44688
64510,399847,30170,192510,20733,369677,86136,41445,44691
64515,399878,30172,192524,20734,369706,86143,41448,44695
64520,399909,30174,192541,20736,369735,86150,41453,44697
64525,399940,30176,192553,20737,369763,86157,41455,44702
64530,399971,30180,192569,20740,369791,86164,41460,44704
64535,400002,30182,192580,20740,369819,86171,41463,44708
64540,400033,30186,192601,20743,369847,86178,41469,44709
64545,400064,30189,192615,20744,369874,86185,41472,44713
64550,400095,30192,192627,20745,369902,86193,41475,44718
64555,400126,30197,192644,20750,369928,86201,41478,44723
64560,400157,30200,192652,20752,369956,86209,41478,44731
64565,400188,30203,192664,20753,369984,86217,41482,44735
64570,400219,30207,192682,20755,370011,86225,41487,44738
64575,400250,30210,192699,20758,370039,86233,41490,44743
64580,400281,30214,192715,20760,370067,86241,41495,44746
64585,400312,30215,192726,20760,370096,86249,41497,44752
64590,400343,30216,192744,20761,370126,86257,41500,44757
64595,400374,30217,192762,20761,370156,86265,41506,44759
64600,400405,30218,192771,20761,370187,86273,41508,44765
64605,400436,30221,192784,20762,370212,86281,41512,44769
64610,400467,30224,192797,20764,370242,86289,41517,44772
64615,400498,30227,192810,20766,370268,86297,41520,44777
64620,400529,30230,192824,20767,370296,86305,41523,44782
64625,400560,30233,192834,20768,370326,86310,41525,44785
64630,400591,30237,192853,20772,370353,86315,41528,44787
64635,400622,30241,192865,20775,370380,86320,41529,44791
64640,400653,30243,192881,20776,370407,86325,41533,44792
64645,400684,30246,192897,20778,370436,86330,41535,44795
64650,400715,30248,192910,20779,370467,86335,41538,44797
64655,400746,30250,192926,20779,370495,86340,41539,44801
64660,400777,30252,192942,20780,370525,86345,41543,44802
64665,400808,30254,192956,20781,370553,86350,41545,44805
64670,400839,30256,192971,20783,370583,86355,41547,44808
64675,400870,30258,192985,20783,370612,86360,41549,44811
64680,400901,30261,192999,20786,370640,86365,41549,44816
64685,400932,30262,193016,20787,370670,86370,41554,44816
64690,400963,30264,193027,20787,370699,86375,41555,44820
64695,400994,30266,193044,20788,370727,86380,41556,44824
64700,401025,30269,193057,20789,370755,86385,41557,44828
64705,401056,30272,193068,20792,370784,86390,41558,44832
64710,401087,30274,193080,20792,370813,86395,41560,44835
64715,401118,30276,193091,20792,370842,86400,41562,44838
64720,401149,30278,193111,20794,370870,86405,41566,44839
64725,401180,30281,193125,20795,370898,86413,41567,44846
64730,401211,30284,193134,20796,370925,86421,41568,44853
64735,401242,30291,193154,20802,370949,86429,41573,44856
64740,401273,30298,193169,20807,370974,86437,41575,44862
64745,401304,30301,193185,20810,371003,86443,41579,44864
64750,401335,30301,193202,20810,371033,86449,41584,44865
64755,401366,30301,193213,20810,371065,86455,41586,44869
64760,401397,30301,193225,20810,371095,86461,41590,44871
64765,401428,30301,193240,20810,371126,86467,41593,44874
64770,401459,30301,193255,20810,371157,86473,41595,44878
64775,401490,30301,193270,20810,371188,86479,41597,44882
64780,401521,30301,193282,20810,371220,86485,41599,44886
64785,401552,30302,193296,20810,371250,86491,41601,44890
64790,401583,30303,193314,20811,371279,86497,41603,44894
64795,401614,30304,193323,20812,371309,86503,41606,44897
64800,401645,30306,193343,20813,371336,86509,41611,44898
64805,401676,30308,193357,20814,371367,86515,41613,44902
64810,401707,30309,193371,20815,371396,86521,41616,44905
64815,401738,30310,193386,20816,371427,86527,41619,44908
64820,401769,30312,193393,20817,371455,86533,41621,44912
64825,401800,30313,193408,20817,371486,86539,41625,44914
64830,401831,30314,193421,20818,371517,86545,41627,44918
64835,401862,30316,193432,20820,371546,86551,41629,44922
64840,401893,30317,193445,20821,371575,86557,41632,44925
64845,401924,30323,193464,20826,371601,86565,41638,44927
64850,401955,30326,193477,20829,371629,86573,41639,44934
64855,401986,30331,193493,20832,371654,86581,41644,44937
64860,402017,30337,193511,20837,371680,86589,41650,44939
64865,402048,30341,193524,20839,371706,86595,41652,44943
64870,402079,30347,193541,20845,371732,86601,41654,44947
64875,402110,30352,193551,20848,371758,86607,41658,44949
64880,402141,30359,193564,20853,371781,86613,41661,44952
64885,402172,30363,193580,20857,371809,86619,41663,44956
64890,402203,30368,193593,20860,371835,86625,41667,44958
64895,402234,30371,193609,20862,371863,86631,41670,44961
64900,402265,30375,193629,20866,371890,86637,41674,44963
64905,402296,30378,193645,20869,371918,86643,41677,44966
64910,402327,30378,193662,20869,371949,86649,41680,44969
64915,402358,30378,193674,20869,371980,86655,41682,44973
64920,402389,30378,193693,20869,372011,86661,41685,44976
64925,402420,30378,193709,20869,372042,86667,41688,44979
64930,402451,30378,193724,20869,372072,86673,41690,44983
64935,402482,30378,193736,20869,372104,86679,41694,44985
64940,402513,30378,193747,20869,372135,86685,41697,44988
64945,402544,30378,193762,20869,372166,86691,41699,44992
64950,402575,30378,193779,20869,372196,86697,41702,44995
64955,402606,30378,193793,20869,372228,86703,41705,44998
64960,402637,30378,193808,20869,372259,86709,41708,45001
64965,402668,30378,193826,20869,372290,86716,41712,45004
64970,402699,30378,193837,20869,372321,86724,41715,45009
64975,402730,30378,193851,20869,372352,86732,41717,45015
64980,402761,30378,193866,20869,372383,86740,41722,45018
64985,402792,30379,193881,20870,372413,86748,41726,45022
64990,402823,30380,193899,20870,372443,86756,41731,45025
64995,402854,30382,193918,20872,372472,86764,41737,45027
65000,402885,30385,193931,20875,372500,86772,41740,45032
65005,402916,30387,193941,20876,372529,86780,41742,45038
65010,402947,30389,193956,20878,372557,86788,41748,45040
65015,402978,30395,193969,20882,372583,86796,41752,45044
65020,403009,30400,193986,20885,372607,86804,41756,45048
65025,403040,30407,193999,20891,372632,86812,41758,45054
65030,403071,30412,194016,20895,372657,86820,41761,45059
65035,403102,30419,194032,20900,372682,86828,41765,45063
65040,403133,30425,194046,20904,372707,86836,41768,45068
65045,403164,30431,194060,20909,372733,86844,41770,45074
65050,403195,30434,194075,20912,372761,86852,41776,45076
65055,403226,30437,194088,20914,372788,86860,41778,45082
65060,403257,30441,194102,20917,372816,86868,41780,45088
65065,403288,30444,194114,20918,372844,86876,41783,45093
65070,403319,30445,194126,20918,372874,86884,41786,45098
65075,403350,30446,194142,20918,372904,86892,41790,45102
65080,403381,30448,194157,20920,372933,86900,41795,45105
65085,403412,30450,194173,20921,372962,86908,41799,45109
65090,403443,30452,194187,20922,372991,86916,41802,45114
65095,403474,30453,194194,20922,373021,86924,41802,45122
65100,403505,30455,194213,20923,373049,86932,41807,45125
65105,403536,30456,194227,20924,373079,86939,41812,45127
65110,403567,30457,194245,20925,373110,86946,41816,45130
65115,403598,30458,194260,20925,373140,86953,41819,45134
65120,403629,30459,194276,20926,373170,86960,41822,45138
65125,403660,30460,194292,20927,373200,86967,41825,45142
65130,403691,30461,194305,20927,373230,86974,41828,45146
65135,403722,30462,194323,20928,373256,86981,41831,45150
65140,403753,30463,194342,20929,373286,86988,41834,45154
65145,403784,30464,194356,20930,373318,86995,41838,45157
65150,403815,30465,194372,20930,373350,87002,41842,45160
65155,403846,30466,194388,20931,373379,87009,41846,45163
65160,403877,30467,194406,20931,373410,87016,41851,45165
65165,403908,30469,194421,20933,373438,87021,41853,45168
65170,403939,30471,194429,20933,373467,87026,41854,45172
65175,403970,30475,194444,20936,373493,87031,41855,45176
65180,404001,30479,194457,20937,373521,87036,41857,45179
65185,404032,30482,194472,20939,373549,87041,41861,45180
65190,404063,30486,194489,20941,373577,87046,41863,45183
65195,404094,30489,194508,20943,373605,87051,41866,45185
65200,404125,30492,194520,20944,373633,87056,41867,45189
65205,404156,30495,194531,20945,373660,87061,41868,45193
65210,404187,30500,194543,20948,373685,87067,41869,45198
65215,404218,30506,194560,20952,373711,87073,41873,45200
65220,404249,30511,194576,20956,373736,87079,41874,45205
65225,404280,30516,194593,20959,373764,87084,41878,45206
65230,404311,30517,194611,20960,373794,87089,41880,45209
65235,404342,30518,194621,20961,373824,87094,41882,45212
65240,404373,30520,194639,20962,373853,87099,41883,45216
65245,404404,30521,194650,20962,373883,87104,41884,45220
65250,404435,30522,194662,20962,373913,87109,41884,45225
65255,404466,30523,194672,20962,373943,87114,41886,45228
65260,404497,30525,194690,20963,373972,87119,41889,45230
65265,404528,30527,194711,20965,374001,87126,41893,45233
65270,404559,30530,194729,20967,374028,87133,41897,45236
65275,404590,30534,194743,20970,374055,87140,41901,45239
65280,404621,30538,194763,20974,374082,87147,41905,45242
65285,404652,30538,194775,20974,374114,87153,41906,45247
65290,404683,30538,194792,20974,374143,87159,41910,45249
65295,404714,30538,194808,20974,374175,87165,41914,45251
65300,404745,30538,194824,20974,374206,87171,41917,45254
65305,404776,30538,194838,20974,374238,87177,41920,45257
65310,404807,30538,194854,20974,374268,87183,41923,45260
65315,404838,30538,194866,20974,374298,87189,41924,45265
65320,404869,30538,194881,20974,374330,87195,41926,45269
65325,404900,30539,194896,20975,374361,87202,41928,45274
65330,404931,30541,194912,20977,374390,87209,41931,45278
65335,404962,30543,194930,20979,374418,87216,41935,45281
65340,404993,30546,194944,20982,374446,87223,41937,45286
65345,405024,30549,194964,20985,374473,87229,41942,45287
65350,405055,30552,194982,20988,374501,87235,41946,45289
65355,405086,30556,194996,20990,374530,87241,41949,45292
65360,405117,30559,195013,20992,374557,87247,41953,45294
65365,405148,30563,195030,20996,374584,87253,41956,45297
65370,405179,30567,195042,21000,374610,87259,41959,45300
65375,405210,30570,195054,21003,374640,87265,41962,45303
65380,405241,30572,195065,21004,374668,87271,41965,45306
65385,405272,30575,195080,21006,374695,87278,41968,45310
65390,405303,30581,195091,21010,374722,87285,41971,45314
65395,405334,30584,195105,21010,374749,87292,41974,45318
65400,405365,30589,195118,21013,374775,87299,41978,45321
65405,405396,30592,195132,21013,374804,87306,41980,45326
65410,405427,30597,195145,21018,374830,87313,41983,45330
65415,405458,30601,195162,21022,374857,87320,41987,45333
65420,405489,30605,195174,21024,374884,87327,41990,45337
65425,405520,30610,195191,21027,374910,87334,41994,45340
65430,405551,30613,195205,21029,374937,87341,41997,45344
65435,405582,30616,195223,21032,374965,87348,42002,45346
65440,405613,30620,195242,21035,374992,87355,42006,45349
65445,405644,30623,195256,21038,375020,87363,42010,45353
65450,405675,30627,195273,21041,375048,87371,42016,45355
65455,405706,30630,195286,21044,375076,87379,42018,45361
65460,405737,30634,195304,21048,375103,87387,42023,45364
65465,405768,30634,195321,21048,375132,87394,42025,45369
65470,405799,30634,195335,21048,375165,87401,42027,45374
65475,405830,30634,195353,21048,375196,87408,42030,45378
65480,405861,30634,195368,21048,375227,87415,42032,45383
65485,405892,30634,195380,21048,375258,87422,42036,45386
65490,405923,30634,195394,21048,375289,87429,42040,45389
65495,405954,30634,195409,21048,375320,87436,42043,45393
65500,405985,30634,195422,21048,375351,87443,42048,45395
65505,406016,30634,195439,21048,375382,87450,42052,45398
65510,406047,30634,195452,21048,375413,87457,42053,45404
65515,406078,30634,195467,21048,375444,87464,42057,45407
65520,406109,30634,195483,21048,375475,87471,42060,45411
65525,406140,30634,195498,21048,375506,87478,42062,45416
65530,406171,30635,195516,21049,375535,87485,42067,45418
65535,406202,30638,195533,21052,375562,87492,42070,45422
65540,406233,30641,195543,21054,375592,87499,42072,45427
65545,406264,30642,195556,21055,375620,87506,42075,45431
65550,406295,30646,195574,21059,375647,87513,42078,45435
65555,406326,30649,195588,21061,375676,87520,42082,45438
65560,406357,30652,195603,21063,375703,87527,42083,45444
65565,406388,30656,195615,21066,375731,87535,42087,45448
65570,406419,30662,195629,21070,375756,87542,42090,45452
65575,406450,30665,195641,21072,375782,87549,42092,45457
65580,406481,30669,195656,21075,375809,87556,42095,45461
65585,406512,30672,195673,21076,375839,87563,42099,45464
65590,406543,30676,195690,21079,375867,87570,42103,45467
65595,406574,30680,195709,21083,375893,87577,42106,45471
65600,406605,30683,195724,21084,375922,87584,42110,45474
65605,406636,30686,195740,21086,375950,87591,42112,45479
65610,406667,30688,195757,21087,375977,87598,42117,45481
65615,406698,30691,195767,21088,376007,87605,42118,45487
65620,406729,30693,195784,21089,376034,87612,42121,45491
65625,406760,30696,195794,21091,376064,87619,42124,45495
65630,406791,30700,195816,21095,376090,87626,42131,45495
65635,406822,30703,195834,21097,376118,87633,42135,45498
65640,406853,30708,195851,21100,376144,87640,42140,45500
65645,406884,30711,195862,21102,376173,87646,42141,45505
65650,406915,30712,195873,21103,376203,87652,42143,45509
65655,406946,30713,195887,21104,376233,87658,42146,45512
65660,406977,30714,195905,21104,376263,87664,42151,45513
65665,407008,30715,195919,21104,376293,87670,42154,45516
65670,407039,30716,195932,21105,376323,87676,42157,45519
65675,407070,30717,195945,21105,376353,87682,42160,45522
65680,407101,30718,195958,21106,376382,87688,42163,45525
65685,407132,30723,195976,21110,376408,87694,42166,45528
65690,407163,30727,195991,21113,376435,87700,42170,45530
65695,407194,30730,196007,21115,376462,87706,42176,45530
65700,407225,30737,196022,21120,376487,87712,42177,45535
65705,407256,30740,196040,21122,376516,87716,42178,45538
65710,407287,30740,196056,21122,376547,87720,42180,45540
65715,407318,30740,196069,21122,376578,87724,42181,45543
65720,407349,30740,196086,21122,376609,87728,42182,45546
65725,407380,30740,196099,21122,376640,87732,42185,45547
65730,407411,30740,196113,21122,376670,87736,42186,45550
65735,407442,30740,196133,21122,376702,87740,42189,45551
65740,407473,30740,196145,21122,376733,87744,42191,45553
65745,407504,30740,196157,21122,376763,87748,42192,45556
65750,407535,30740,196173,21122,376795,87753,42195,45558
65755,407566,30741,196189,21123,376824,87758,42198,45560
65760,407597,30742,196205,21124,376854,87763,42199,45564
65765,407628,30743,196214,21125,376885,87768,42200,45568
65770,407659,30744,196225,21125,376915,87773,42204,45569
65775,407690,30745,196241,21125,376945,87778,42206,45572
65780,407721,30746,196253,21125,376975,87783,42210,45573
65785,407752,30747,196268,21126,377004,87788,42212,45576
65790,407783,30748,196283,21127,377034,87793,42215,45578
65795,407814,30749,196297,21128,377064,87798,42216,45582
65800,407845,30750,196314,21129,377094,87803,42218,45585
65805,407876,30752,196334,21130,377122,87810,42223,45587
65810,407907,30756,196350,21132,377148,87817,42226,45591
65815,407938,30761,196366,21136,377175,87824,42230,45594
65820,407969,30765,196376,21138,377204,87831,42233,45598
65825,408000,30768,196389,21139,377231,87836,42235,45601
65830,408031,30773,196400,21143,377257,87841,42236,45605
65835,408062,30779,196420,21149,377282,87846,42239,45607
65840,408093,30785,196436,21154,377307,87850,42239,45611
65845,408124,30792,196452,21159,377331,87854,42241,45613
65850,408155,30797,196469,21162,377357,87858,42242,45616
65855,408186,30803,196483,21166,377383,87862,42244,45618
65860,408217,30807,196500,21169,377409,87866,42247,45619
65865,408248,30814,196514,21175,377433,87870,42248,45622
65870,408279,30817,196526,21177,377462,87874,42248,45626
65875,408310,30820,196540,21179,377490,87878,42249,45629
65880,408341,30823,196555,21181,377518,87882,42251,45631
65885,408372,30828,196571,21185,377544,87886,42254,45632
65890,408403,30830,196584,21186,377573,87890,42254,45636
65895,408434,30831,196592,21187,377603,87894,42255,45639
65900,408465,30833,196608,21189,377632,87898,42257,45641
65905,408496,30834,196626,21190,377662,87902,42261,45641
65910,408527,30834,196642,21190,377693,87906,42262,45644
65915,408558,30834,196659,21190,377724,87910,42265,45645
65920,408589,30834,196672,21190,377753,87914,42268,45646
65925,408620,30834,196691,21190,377783,87920,42271,45649
65930,408651,30834,196707,21190,377813,87926,42275,45651
65935,408682,30834,196721,21190,377847,87932,42280,45652
65940,408713,30834,196734,21190,377879,87938,42283,45655
65945,408744,30834,196750,21190,377909,87944,42286,45658
65950,408775,30834,196766,21190,377940,87950,42287,45663
65955,408806,30834,196779,21190,377972,87956,42290,45666
65960,408837,30834,196791,21190,378002,87962,42293,45669
65965,408868,30834,196807,21190,378033,87968,42298,45670
65970,408899,30834,196825,21190,378065,87974,42302,45672
65975,408930,30836,196835,21191,378094,87980,42302,45678
65980,408961,30838,196858,21193,378122,87986,42307,45679
65985,408992,30840,196872,21194,378151,87992,42309,45683
65990,409023,30841,196894,21195,378180,87998,42313,45685
65995,409054,30844,196910,21197,378209,88004,42317,45687
66000,409085,30847,196924,21199,378238,88010,42320,45690
66005,409116,30850,196940,21201,378265,88015,42323,45692
66010,409147,30856,196957,21206,378290,88020,42327,45693
66015,409178,30863,196975,21211,378314,88025,42329,45696
66020,409209,30868,196994,21214,378341,88030,42332,45698
66025,409240,30870,197005,21215,378370,88035,42332,45703
66030,409271,30872,197018,21215,378399,88040,42336,45704
66035,409302,30876,197033,21218,378426,88045,42339,45706
66040,409333,30880,197044,21222,378453,88050,42340,45710
66045,409364,30883,197064,21225,378480,88055,42343,45712
66050,409395,30887,197082,21228,378508,88060,42345,45715
66055,409426,30890,197095,21230,378535,88065,42348,45717
66060,409457,30895,197111,21235,378561,88070,42351,45719
66065,409488,30898,197123,21236,378590,88074,42351,45723
66070,409519,30900,197138,21238,378619,88078,42353,45725
66075,409550,30902,197158,21240,378648,88082,42354,45728
66080,409581,30903,197172,21241,378678,88086,42355,45731
66085,409612,30905,197184,21242,378707,88090,42357,45733
66090,409643,30906,197199,21243,378737,88094,42359,45735
66095,409674,30907,197214,21243,378767,88098,42362,45736
66100,409705,30908,197229,21243,378797,88102,42364,45738
66105,409736,30910,197239,21244,378826,88107,42365,45742
66110,409767,30911,197256,21244,378856,88112,42368,45744
66115,409798,30912,197266,21244,378886,88117,42368,45749
66120,409829,30914,197286,21245,378914,88122,42370,45752
66125,409860,30916,197297,21247,378942,88127,42370,45757
66130,409891,30919,197311,21249,378971,88132,42372,45760
66135,409922,30920,197327,21250,379002,88137,42377,45760
66140,409953,30921,197346,21251,379030,88142,42379,45763
66145,409984,30924,197364,21254,379058,88147,42382,45765
66150,410015,30928,197379,21257,379087,88152,42385,45767
66155,410046,30930,197394,21258,379115,88157,42389,45768
66160,410077,30933,197412,21261,379142,88162,42391,45771
66165,410108,30936,197427,21263,379171,88168,42395,45773
66170,410139,30939,197445,21266,379198,88174,42398,45776
66175,410170,30943,197460,21269,379227,88180,42401,45779
66180,410201,30946,197476,21272,379255,88186,42407,45779
66185,410232,30949,197485,21274,379283,88192,42408,45784
66190,410263,30952,197496,21277,379310,88198,42409,45789
66195,410294,30954,197511,21279,379340,88203,42410,45793
66200,410325,30956,197526,21280,379369,88208,42412,45796
66205,410356,30958,197543,21282,379398,88213,42417,45796
66210,410387,30960,197554,21284,379426,88217,42419,45798
66215,410418,30960,197567,21284,379458,88221,42421,45800
66220,410449,30960,197582,21284,379488,88225,42423,45802
66225,410480,30960,197597,21284,379520,88229,42424,45805
66230,410511,30960,197608,21284,379550,88233,42425,45808
66235,410542,30961,197620,21285,379579,88237,42427,45810
66240,410573,30962,197634,21285,379610,88241,42428,45813
66245,410604,30963,197645,21285,379641,88244,42429,45815
66250,410635,30964,197659,21286,379671,88247,42430,45817
66255,410666,30965,197671,21287,379701,88250,42430,45820
66260,410697,30966,197681,21288,379731,88253,42432,45821
66265,410728,30967,197693,21288,379761,88256,42432,45824
66270,410759,30968,197706,21288,379791,88259,42434,45825
66275,410790,30969,197716,21288,379820,88262,42435,45827
66280,410821,30972,197729,21289,379848,88265,42435,45830
66285,410852,30975,197742,21290,379877,88268,42438,45830
66290,410883,30978,197756,21292,379905,88271,42440,45831
66295,410914,30981,197774,21294,379932,88274,42441,45833
66300,410945,30987,197789,21299,379957,88277,42442,45835
66305,410976,30993,197810,21305,379982,88280,42444,45836
66310,411007,30998,197824,21308,380009,88283,42446,45837
66315,411038,31002,197835,21311,380035,88286,42446,45840
66320,411069,31006,197847,21314,380063,88290,42448,45842
66325,411100,31010,197864,21317,380090,88294,42450,45844
66330,411131,31013,197875,21319,380118,88298,42452,45846
66335,411162,31015,197890,21321,380147,88302,42453,45849
66340,411193,31018,197906,21322,380174,88306,42455,45851
66345,411224,31022,197922,21325,380199,88311,42456,45855
66350,411255,31026,197938,21329,380229,88316,42459,45857
66355,411286,31030,197952,21332,380256,88321,42461,45860
66360,411317,31033,197963,21334,380284,88326,42462,45864
66365,411348,31034,197977,21335,380313,88330,42464,45866
66370,411379,31036,197991,21337,380342,88334,42466,45868
66375,411410,31038,198005,21338,380371,88338,42466,45872
66380,411441,31041,198020,21340,380400,88342,42468,45874
66385,411472,31042,198033,21341,380430,88345,42469,45876
66390,411503,31044,198051,21343,380458,88348,42471,45877
66395,411534,31046,198064,21345,380487,88351,42472,45879
66400,411565,31046,198078,21345,380519,88354,42475,45879
66405,411596,31046,198094,21345,380550,88357,42476,45881
66410,411627,31046,198111,21345,380581,88360,42479,45881
66415,411658,31046,198125,21345,380612,88362,42480,45882
66420,411689,31046,198145,21345,380642,88364,42481,45883
66425,411720,31047,198155,21345,380673,88366,42481,45885
66430,411751,31049,198169,21346,380701,88368,42482,45886
66435,411782,31051,198186,21348,380731,88370,42482,45888
66440,411813,31053,198200,21350,380760,88372,42483,45889
66445,411844,31056,198211,21352,380788,88374,42485,45889
66450,411875,31060,198231,21356,380813,88376,42486,45890
66455,411906,31064,198247,21360,380842,88378,42487,45891
66460,411937,31066,198265,21362,380871,88380,42488,45892
66465,411968,31067,198278,21363,380901,88383,42489,45894
66470,411999,31068,198290,21363,380931,88386,42489,45897
66475,412030,31069,198311,21364,380961,88389,42490,45899
66480,412061,31070,198329,21364,380991,88392,42492,45900
66485,412092,31071,198343,21365,381021,88395,42494,45901
66490,412123,31072,198357,21365,381051,88398,42496,45902
66495,412154,31073,198373,21366,381081,88401,42497,45904
66500,412185,31074,198385,21366,381111,88404,42499,45905
66505,412216,31077,198406,21368,381139,88407,42502,45905
66510,412247,31079,198421,21369,381168,88410,42503,45907
66515,412278,31082,198430,21370,381196,88413,42505,45908
66520,412309,31084,198446,21372,381224,88416,42506,45910
66525,412340,31086,198461,21373,381253,88419,42506,45913
66530,412371,31088,198481,21375,381283,88422,42508,45914
66535,412402,31091,198498,21378,381311,88425,42511,45914
66540,412433,31093,198513,21379,381340,88428,42512,45916
66545,412464,31096,198526,21380,381368,88430,42513,45917
66550,412495,31100,198543,21382,381395,88432,42514,45918
66555,412526,31104,198561,21386,381422,88434,42515,45919
66560,412557,31107,198576,21387,381450,88436,42516,45920
66565,412588,31109,198591,21388,381479,88437,42517,45920
66570,412619,31113,198606,21390,381505,88438,42517,45921
66575,412650,31117,198621,21391,381533,88439,42517,45922
66580,412681,31120,198640,21392,381561,88440,42517,45923
66585,412712,31123,198654,21393,381589,88441,42518,45923
66590,412743,31126,198665,21395,381616,88444,42519,45925
66595,412774,31132,198681,21400,381641,88447,42521,45926
66600,412805,31134,198695,21401,381669,88450,42521,45929
66605,412836,31137,198706,21402,381697,88453,42523,45930
66610,412867,31140,198718,21404,381725,88456,42524,45932
66615,412898,31143,198735,21407,381754,88459,42525,45934
66620,412929,31145,198746,21408,381784,88462,42526,45936
66625,412960,31147,198758,21408,381813,88465,42528,45937
66630,412991,31149,198775,21408,381841,88468,42530,45938
66635,413022,31152,198785,21410,381870,88471,42530,45941
66640,413053,31154,198800,21411,381898,88474,42531,45943
66645,413084,31157,198810,21412,381926,88477,42531,45946
66650,413115,31161,198825,21415,381954,88480,42533,45947
66655,413146,31163,198843,21417,381982,88483,42535,45948
66660,413177,31167,198856,21421,382010,88486,42536,45950
66665,413208,31169,198872,21422,382038,88489,42538,45951
66670,413239,31172,198882,21424,382066,88492,42539,45953
66675,413270,31174,198901,21426,382096,88495,42541,45954
66680,413301,31175,198916,21426,382126,88498,42543,45955
66685,413332,31176,198925,21426,382156,88501,42545,45956
66690,413363,31177,198941,21427,382186,88504,42546,45958
66695,413394,31178,198956,21428,382216,88507,42547,45960
66700,413425,31179,198966,21428,382246,88510,42548,45962
66705,413456,31181,198981,21429,382275,88513,42550,45963
66710,413487,31183,198999,21429,382304,88516,42553,45963
66715,413518,31185,199016,21430,382333,88519,42554,45965
66720,413549,31187,199031,21430,382362,88522,42555,45967
66725,413580,31189,199043,21431,382391,88525,42556,45969
66730,413611,31191,199057,21433,382419,88528,42557,45971
66735,413642,31193,199068,21434,382448,88531,42559,45972
66740,413673,31195,199081,21436,382478,88534,42560,45974
66745,413704,31197,199095,21436,382507,88537,42561,45976
66750,413735,31199,199109,21438,382536,88540,42564,45976
66755,413766,31201,199127,21438,382564,88542,42564,45978
66760,413797,31203,199140,21439,382593,88544,42564,45980
66765,413828,31205,199157,21440,382623,88546,42565,45981
66770,413859,31207,199176,21441,382651,88548,42567,45981
66775,413890,31209,199192,21442,382681,88550,42568,45982
66780,413921,31213,199207,21443,382706,88552,42568,45984
66785,413952,31218,199222,21445,382732,88554,42569,45985
66790,413983,31223,199232,21449,382759,88556,42570,45986
66795,414014,31229,199250,21452,382785,88558,42571,45987
66800,414045,31234,199264,21456,382811,88560,42571,45989
66805,414076,31239,199281,21460,382837,88562,42573,45989
66810,414107,31245,199294,21464,382862,88564,42575,45989
66815,414138,31249,199309,21467,382889,88566,42576,45990
66820,414169,31251,199323,21468,382918,88568,42576,45992
66825,414200,31253,199340,21469,382947,88569,42576,45993
66830,414231,31255,199353,21470,382976,88570,42577,45993
66835,414262,31257,199372,21472,383005,88571,42578,45993
66840,414293,31259,199389,21474,383034,88571,42578,45993
66845,414324,31261,199402,21474,383063,88571,42578,45993
66850,414355,31264,199418,21475,383091,88571,42578,45993
66855,414386,31267,199434,21477,383119,88571,42578,45993
66860,414417,31269,199449,21478,383148,88571,42578,45993
66865,414448,31271,199460,21479,383177,88571,42578,45993
66870,414479,31274,199472,21481,383205,88571,42578,45993
66875,414510,31276,199488,21482,383234,88571,42578,45993
66880,414541,31279,199501,21484,383262,88571,42578,45993
66885,414572,31282,199520,21486,383290,88571,42578,45993
66890,414603,31285,199537,21488,383318,88571,42578,45993
66895,414634,31289,199556,21490,383345,88571,42578,45993
66900,414665,31292,199574,21493,383373,88571,42578,45993
66905,414696,31293,199589,21494,383403,88571,42578,45993
66910,414727,31294,199612,21494,383432,88571,42578,45993
66915,414758,31295,199626,21494,383463,88571,42578,45993
66920,414789,31296,199643,21494,383492,88571,42578,45993
66925,414820,31297,199665,21494,383522,88571,42578,45993
66930,414851,31299,199675,21494,383552,88571,42578,45993
66935,414882,31301,199692,21495,383581,88571,42578,45993
66940,414913,31303,199705,21496,383610,88571,42578,45993
66945,414944,31306,199722,21497,383638,88571,42578,45993
66950,414975,31310,199742,21500,383664,88571,42578,45993
66955,415006,31313,199758,21501,383692,88571,42578,45993
66960,415037,31317,199776,21505,383720,88571,42578,45993
66965,415068,31320,199796,21508,383748,88571,42578,45993
66970,415099,31324,199813,21512,383774,88571,42578,45993
66975,415130,31327,199828,21514,383803,88571,42578,45993
66980,415161,31331,199844,21517,383830,88571,42578,45993
66985,415192,31333,199861,21519,383859,88571,42578,45993
66990,415223,31336,199875,21520,383887,88571,42578,45993
66995,415254,31337,199886,21520,383917,88571,42578,45993
67000,415285,31338,199907,21521,383947,88571,42578,45993
67005,415316,31339,199921,21522,383977,88571,42578,45993
67010,415347,31341,199935,21524,384006,88571,42578,45993
67015,415378,31344,199953,21526,384034,88571,42578,45993
67020,415409,31346,199967,21527,384063,88571,42578,45993
67025,415440,31348,199981,21528,384092,88571,42578,45993
67030,415471,31349,199989,21529,384121,88571,42578,45993
67035,415502,31350,200001,21529,384151,88571,42578,45993
67040,415533,31351,200013,21529,384181,88571,42578,45993
67045,415564,31353,200025,21530,384210,88571,42578,45993
67050,415595,31355,200040,21531,384239,88571,42578,45993
67055,415626,31357,200054,21532,384268,88571,42578,45993
67060,415657,31358,200067,21532,384298,88571,42578,45993
67065,415688,31359,200083,21532,384329,88571,42578,45993
67070,415719,31360,200100,21533,384359,88571,42578,45993
67075,415750,31361,200113,21534,384389,88571,42578,45993
67080,415781,31362,200129,21534,384419,88571,42578,45993
67085,415812,31365,200148,21537,384446,88571,42578,45993
67090,415843,31368,200161,21539,384475,88571,42578,45993
67095,415874,31370,200175,21540,384504,88571,42578,45993
67100,415905,31371,200190,21540,384533,88571,42578,45993
67105,415936,31372,200209,21540,384563,88571,42578,45993
67110,415967,31373,200222,21540,384594,88571,42578,45993
67115,415998,31374,200236,21540,384624,88571,42578,45993
67120,416029,31375,200255,21541,384654,88571,42578,45993
67125,416060,31377,200265,21542,384683,88571,42578,45993
67130,416091,31379,200279,21544,384712,88571,42578,45993
67135,416122,31381,200294,21545,384741,88571,42578,45993
67140,416153,31383,200305,21547,384770,88571,42578,45993
67145,416184,31385,200317,21547,384799,88571,42578,45993
67150,416215,31387,200327,21548,384828,88571,42578,45993
67155,416246,31389,200338,21550,384857,88571,42578,45993
67160,416277,31391,200350,21550,384886,88571,42578,45993
67165,416308,31393,200363,21550,384915,88571,42578,45993
67170,416339,31395,200383,21551,384944,88571,42578,45993
67175,416370,31397,200396,21551,384973,88571,42578,45993
67180,416401,31399,200406,21553,385002,88571,42578,45993
67185,416432,31402,200420,21554,385029,88571,42578,45993
67190,416463,31405,200438,21556,385057,88571,42578,45993
67195,416494,31408,200458,21557,385085,88571,42578,45993
67200,416525,31411,200471,21559,385113,88571,42578,45993
67205,416556,31415,200488,21562,385140,88571,42578,45993
67210,416587,31419,200498,21563,385168,88571,42578,45993
67215,416618,31426,200515,21569,385192,88571,42578,45993
67220,416649,31430,200529,21572,385219,88571,42578,45993
67225,416680,31435,200542,21575,385245,88571,42578,45993
67230,416711,31440,200556,21579,385271,88571,42578,45993
67235,416742,31448,200571,21587,385294,88571,42578,45993
67240,416773,31455,200590,21593,385318,88571,42578,45993
67245,416804,31457,200600,21594,385346,88571,42578,45993
67250,416835,31460,200616,21596,385375,88571,42578,45993
67255,416866,31461,200631,21596,385405,88571,42578,45993
67260,416897,31462,200649,21597,385435,88571,42578,45993
67265,416928,31463,200667,21598,385465,88571,42578,45993
67270,416959,31464,200683,21599,385495,88571,42578,45993
67275,416990,31465,200697,21600,385525,88571,42578,45993
67280,417021,31466,200711,21600,385555,88571,42578,45993
67285,417052,31467,200723,21600,385585,88571,42578,45993
67290,417083,31468,200737,21601,385615,88571,42578,45993
67295,417114,31469,200751,21602,385645,88571,42578,45993
67300,417145,31470,200763,21602,385675,88571,42578,45993
67305,417176,31471,200772,21602,385705,88571,42578,45993
67310,417207,31472,200785,21602,385735,88571,42578,45993
67315,417238,31473,200802,21603,385765,88571,42578,45993
67320,417269,31474,200821,21603,385795,88571,42578,45993
67325,417300,31475,200835,21603,385825,88571,42578,45993
67330,417331,31476,200854,21603,385855,88571,42578,45993
67335,417362,31477,200867,21603,385885,88571,42578,45993
67340,417393,31478,200884,21604,385915,88571,42578,45993
67345,417424,31479,200897,21604,385945,88571,42578,45993
67350,417455,31481,200914,21605,385974,88571,42578,45993
67355,417486,31483,200928,21606,386002,88571,42578,45993
67360,417517,31486,200940,21607,386030,88571,42578,45993
67365,417548,31490,200955,21609,386057,88571,42578,45993
67370,417579,31494,200972,21612,386085,88571,42578,45993
67375,417610,31497,200982,21612,386113,88571,42578,45993
67380,417641,31502,200994,21616,386139,88571,42578,45993
67385,417672,31507,201009,21620,386165,88571,42578,45993
67390,417703,31510,201018,21621,386193,88571,42578,45993
67395,417734,31513,201032,21623,386221,88571,42578,45993
67400,417765,31516,201047,21624,386249,88571,42578,45993
67405,417796,31521,201066,21628,386275,88571,42578,45993
67410,417827,31526,201083,21630,386301,88571,42578,45993
67415,417858,31530,201097,21632,386327,88571,42578,45993
67420,417889,31534,201109,21635,386355,88571,42578,45993
67425,417920,31540,201126,21641,386379,88571,42578,45993
67430,417951,31542,201140,21643,386408,88571,42578,45993
67435,417982,31546,201158,21645,386436,88571,42578,45993
67440,418013,31549,201172,21647,386463,88571,42578,45993
67445,418044,31551,201183,21647,386493,88571,42578,45993
67450,418075,31553,201205,21649,386522,88571,42578,45993
67455,418106,31556,201213,21650,386550,88571,42578,45993
67460,418137,31559,201228,21652,386578,88571,42578,45993
67465,418168,31561,201241,21653,386607,88571,42578,45993
67470,418199,31563,201255,21655,386636,88571,42578,45993
67475,418230,31565,201268,21656,386665,88571,42578,45993
67480,418261,31568,201284,21659,386693,88571,42578,45993
67485,418292,31572,201296,21662,386720,88571,42578,45993
67490,418323,31575,201313,21663,386748,88571,42578,45993
67495,418354,31576,201331,21663,386778,88571,42578,45993
67500,418385,31577,201347,21664,386808,88571,42578,45993
67505,418416,31578,201363,21664,386838,88571,42578,45993
67510,418447,31579,201381,21665,386868,88571,42578,45993
67515,418478,31580,201396,21665,386898,88571,42578,45993
67520,418509,31581,201411,21666,386928,88571,42578,45993
67525,418540,31582,201422,21666,386958,88571,42578,45993
67530,418571,31583,201433,21666,386988,88571,42578,45993
67535,418602,31586,201450,21668,387016,88571,42578,45993
67540,418633,31588,201461,21669,387045,88571,42578,45993
67545,418664,31591,201481,21672,387073,88571,42578,45993
67550,418695,31594,201496,21674,387100,88571,42578,45993
67555,418726,31599,201512,21678,387127,88571,42578,45993
67560,418757,31601,201531,21678,387155,88571,42578,45993
67565,418788,31605,201549,21682,387183,88571,42578,45993
67570,418819,31607,201563,21682,387212,88571,42578,45993
67575,418850,31611,201577,21686,387239,88571,42578,45993
67580,418881,31613,201594,21686,387268,88571,42578,45993
67585,418912,31615,201610,21686,387297,88571,42578,45993
67590,418943,31617,201625,21687,387326,88571,42578,45993
67595,418974,31619,201639,21688,387355,88571,42578,45993
67600,419005,31624,201653,21690,387381,88571,42578,45993
67605,419036,31628,201665,21692,387408,88571,42578,45993
67610,419067,31631,201681,21693,387436,88571,42578,45993
67615,419098,31633,201695,21694,387465,88571,42578,45993
67620,419129,31636,201709,21696,387493,88571,42578,45993
67625,419160,31638,201722,21696,387522,88571,42578,45993
67630,419191,31640,201734,21696,387551,88571,42578,45993
67635,419222,31642,201753,21696,387580,88571,42578,45993
67640,419253,31644,201768,21697,387609,88571,42578,45993
67645,419284,31646,201783,21698,387638,88571,42578,45993
67650,419315,31648,201798,21698,387667,88571,42578,45993
67655,419346,31650,201819,21700,387696,88571,42578,45993
67660,419377,31652,201832,21700,387725,88571,42578,45993
67665,419408,31654,201845,21700,387753,88571,42578,45993
67670,419439,31656,201862,21701,387783,88571,42578,45993
67675,419470,31658,201880,21703,387812,88571,42578,45993
67680,419501,31660,201893,21704,387841,88571,42578,45993
67685,419532,31661,201906,21704,387871,88571,42578,45993
67690,419563,31662,201919,21704,387901,88571,42578,45993
67695,419594,31663,201929,21704,387931,88571,42578,45993
67700,419625,31664,201946,21704,387961,88571,42578,45993
67705,419656,31665,201957,21704,387991,88571,42578,45993
67710,419687,31666,201972,21704,388021,88571,42578,45993
67715,419718,31669,201983,21707,388049,88571,42578,45993
67720,419749,31672,201996,21710,388077,88571,42578,45993
67725,419780,31675,202013,21712,388105,88571,42578,45993
67730,419811,31679,202028,21715,388132,88571,42578,45993
67735,419842,31683,202040,21717,388159,88571,42578,45993
67740,419873,31685,202052,21718,388188,88571,42578,45993
67745,419904,31689,202065,21721,388215,88571,42578,45993
67750,419935,31692,202080,21722,388243,88571,42578,45993
67755,419966,31694,202096,21722,388272,88571,42578,45993
67760,419997,31698,202110,21726,388299,88571,42578,45993
67765,420028,31701,202122,21727,388327,88571,42578,45993
67770,420059,31704,202134,21730,388355,88571,42578,45993
67775,420090,31707,202147,21731,388383,88571,42578,45993
67780,420121,31709,202165,21733,388412,88571,42578,45993
67785,420152,31712,202180,21736,388440,88571,42578,45993
67790,420183,31714,202198,21737,388469,88571,42578,45993
67795,420214,31717,202215,21740,388497,88571,42578,45993
67800,420245,31719,202227,21740,388526,88571,42578,45993
67805,420276,31720,202246,21740,388556,88571,42578,45993
67810,420307,31721,202260,21740,388586,88571,42578,45993
67815,420338,31722,202277,21740,388616,88571,42578,45993
67820,420369,31723,202289,21741,388646,88571,42578,45993
67825,420400,31724,202305,21741,388675,88571,42578,45993
67830,420431,31725,202317,21741,388706,88571,42578,45993
67835,420462,31726,202328,21742,388735,88571,42578,45993
67840,420493,31727,202341,21742,388766,88571,42578,45993
67845,420524,31728,202356,21742,388796,88571,42578,45993
67850,420555,31729,202369,21742,388825,88571,42578,45993
67855,420586,31730,202383,21742,388856,88571,42578,45993
67860,420617,31731,202402,21743,388885,88571,42578,45993
67865,420648,31732,202417,21743,388916,88571,42578,45993
67870,420679,31733,202432,21744,388946,88571,42578,45993
67875,420710,31734,202444,21744,388976,88571,42578,45993
67880,420741,31735,202457,21744,389006,88571,42578,45993
67885,420772,31737,202470,21744,389035,88571,42578,45993
67890,420803,31739,202485,21746,389064,88571,42578,45993
67895,420834,31741,202498,21746,389093,88571,42578,45993
67900,420865,31743,202519,21747,389122,88571,42578,45993
67905,420896,31745,202537,21748,389151,88571,42578,45993
67910,420927,31748,202554,21749,389179,88571,42578,45993
67915,420958,31751,202568,21749,389207,88571,42578,45993
67920,420989,31754,202583,21750,389235,88571,42578,45993
67925,421020,31757,202597,21753,389263,88571,42578,45993
67930,421051,31760,202616,21754,389291,88571,42578,45993
67935,421082,31763,202627,21755,389319,88571,42578,45993
67940,421113,31766,202638,21757,389347,88571,42578,45993
67945,421144,31769,202653,21757,389375,88571,42578,45993
67950,421175,31772,202671,21758,389403,88571,42578,45993
67955,421206,31775,202684,21759,389431,88571,42578,45993
67960,421237,31778,202700,21761,389459,88571,42578,45993
67965,421268,31782,202716,21764,389486,88571,42578,45993
67970,421299,31786,202729,21766,389513,88571,42578,45993
67975,421330,31790,202743,21770,389540,88571,42578,45993
67980,421361,31793,202755,21771,389568,88571,42578,45993
67985,421392,31797,202768,21773,389595,88571,42578,45993
67990,421423,31800,202782,21775,389623,88571,42578,45993
67995,421454,31804,202796,21778,389650,88571,42578,45993
68000,421485,31807,202811,21780,389678,88571,42578,45993
68005,421516,31810,202822,21781,389706,88571,42578,45993
68010,421547,31814,202833,21783,389733,88571,42578,45993
68015,421578,31820,202851,21788,389758,88571,42578,45993
68020,421609,31825,202866,21792,389784,88571,42578,45993
68025,421640,31829,202878,21794,389811,88571,42578,45993
68030,421671,31832,202891,21796,389839,88571,42578,45993
68035,421702,31836,202904,21798,389866,88571,42578,45993
68040,421733,31839,202920,21800,389894,88571,42578,45993
68045,421764,31842,202936,21802,389922,88571,42578,45993
68050,421795,31847,202957,21807,389948,88571,42578,45993
68055,421826,31849,202976,21809,389977,88571,42578,45993
68060,421857,31852,202987,21811,390005,88571,42578,45993
68065,421888,31854,202999,21812,390034,88571,42578,45993
68070,421919,31857,203013,21815,390062,88571,42578,45993
68075,421950,31859,203021,21816,390091,88571,42578,45993
68080,421981,31861,203031,21817,390120,88571,42578,45993
68085,422012,31864,203044,21819,390148,88571,42578,45993
68090,422043,31865,203059,21819,390178,88571,42578,45993
68095,422074,31866,203074,21819,390208,88571,42578,45993
68100,422105,31867,203092,21820,390238,88571,42578,45993
68105,422136,31868,203109,21820,390268,88571,42578,45993
68110,422167,31869,203123,21820,390298,88571,42578,45993
68115,422198,31870,203139,21820,390328,88571,42578,45993
68120,422229,31871,203153,21820,390358,88571,42578,45993
68125,422260,31872,203168,21820,390388,88571,42578,45993
68130,422291,31873,203186,21821,390418,88571,42578,45993
68135,422322,31874,203203,21821,390448,88571,42578,45993
68140,422353,31875,203220,21822,390478,88571,42578,45993
68145,422384,31876,203237,21823,390508,88571,42578,45993
68150,422415,31877,203253,21823,390538,88571,42578,45993
68155,422446,31879,203266,21824,390567,88571,42578,45993
68160,422477,31882,203280,21825,390595,88571,42578,45993
68165,422508,31885,203297,21827,390623,88571,42578,45993
68170,422539,31888,203313,21829,390651,88571,42578,45993
68175,422570,31890,203331,21830,390680,88571,42578,45993
68180,422601,31892,203344,21831,390709,88571,42578,45993
68185,422632,31895,203356,21833,390737,88571,42578,45993
68190,422663,31898,203372,21835,390765,88571,42578,45993
68195,422694,31901,203384,21836,390793,88571,42578,45993
68200,422725,31905,203399,21838,390820,88571,42578,45993
68205,422756,31908,203409,21840,390848,88571,42578,45993
68210,422787,31911,203426,21841,390876,88571,42578,45993
68215,422818,31915,203442,21844,390903,88571,42578,45993
68220,422849,31918,203461,21847,390931,88571,42578,45993
68225,422880,31921,203479,21848,390959,88571,42578,45993
68230,422911,31925,203493,21849,390986,88571,42578,45993
68235,422942,31929,203507,21852,391013,88571,42578,45993
68240,422973,31933,203524,21853,391040,88571,42578,45993
68245,423004,31935,203544,21855,391069,88571,42578,45993
68250,423035,31937,203557,21856,391098,88571,42578,45993
68255,423066,31939,203571,21857,391127,88571,42578,45993
68260,423097,31942,203580,21858,391155,88571,42578,45993
68265,423128,31944,203597,21858,391184,88571,42578,45993
68270,423159,31947,203611,21860,391212,88571,42578,45993
68275,423190,31949,203625,21861,391241,88571,42578,45993
68280,423221,31951,203643,21862,391270,88571,42578,45993
68285,423252,31953,203657,21862,391299,88571,42578,45993
68290,423283,31955,203669,21862,391328,88571,42578,45993
68295,423314,31959,203685,21866,391355,88571,42578,45993
68300,423345,31962,203699,21867,391383,88571,42578,45993
68305,423376,31965,203708,21868,391411,88571,42578,45993
68310,423407,31968,203726,21870,391439,88571,42578,45993
68315,423438,31971,203741,21871,391467,88571,42578,45993
68320,423469,31974,203755,21872,391495,88571,42578,45993
68325,423500,31976,203767,21874,391524,88571,42578,45993
68330,423531,31979,203777,21876,391552,88571,42578,45993
68335,423562,31981,203793,21878,391581,88571,42578,45993
68340,423593,31983,203807,21880,391610,88571,42578,45993
68345,423624,31986,203822,21882,391638,88571,42578,45993
68350,423655,31987,203838,21882,391668,88571,42578,45993
68355,423686,31988,203847,21883,391698,88571,42578,45993
68360,423717,31990,203864,21885,391727,88571,42578,45993
68365,423748,31991,203880,21885,391757,88571,42578,45993
68370,423779,31994,203899,21888,391785,88571,42578,45993
68375,423810,31996,203911,21889,391814,88571,42578,45993
68380,423841,31997,203925,21890,391844,88571,42578,45993
68385,423872,31999,203939,21891,391873,88571,42578,45993
68390,423903,32000,203949,21891,391903,88571,42578,45993
68395,423934,32002,203968,21893,391931,88571,42578,45993
68400,423965,32005,203984,21896,391959,88571,42578,45993
68405,423996,32008,204000,21898,391987,88571,42578,45993
68410,424027,32010,204018,21900,392016,88571,42578,45993
68415,424058,32010,204034,21900,392048,88571,42578,45993
68420,424089,32010,204047,21900,392079,88571,42578,45993
68425,424120,32010,204065,21900,392110,88571,42578,45993
68430,424151,32010,204081,21900,392141,88571,42578,45993
68435,424182,32010,204099,21900,392172,88571,42578,45993
68440,424213,32010,204114,21900,392203,88571,42578,45993
68445,424244,32011,204130,21901,392233,88571,42578,45993
68450,424275,32012,204149,21902,392263,88571,42578,45993
68455,424306,32013,204165,21902,392293,88571,42578,45993
68460,424337,32015,204180,21902,392322,88571,42578,45993
68465,424368,32017,204191,21902,392351,88571,42578,45993
68470,424399,32019,204207,21902,392380,88571,42578,45993
68475,424430,32021,204220,21902,392409,88571,42578,45993
68480,424461,32023,204238,21904,392438,88571,42578,45993
68485,424492,32025,204251,21905,392467,88571,42578,45993
68490,424523,32027,204268,21907,392496,88571,42578,45993
68495,424554,32029,204281,21908,392525,88571,42578,45993
68500,424585,32031,204297,21908,392554,88571,42578,45993
68505,424616,32033,204309,21909,392583,88571,42578,45993
68510,424647,32035,204321,21909,392612,88571,42578,45993
68515,424678,32039,204338,21911,392639,88571,42578,45993
68520,424709,32044,204347,21913,392665,88571,42578,45993
68525,424740,32049,204364,21917,392691,88571,42578,45993
68530,424771,32053,204379,21920,392718,88571,42578,45993
68535,424802,32058,204393,21923,392744,88571,42578,45993
68540,424833,32062,204408,21926,392771,88571,42578,45993
68545,424864,32067,204426,21929,392797,88571,42578,45993
68550,424895,32072,204441,21934,392823,88571,42578,45993
68555,424926,32076,204458,21937,392850,88571,42578,45993
68560,424957,32081,204475,21942,392876,88571,42578,45993
68565,424988,32085,204489,21944,392903,88571,42578,45993
68570,425019,32089,204504,21948,392930,88571,42578,45993
68575,425050,32094,204521,21951,392956,88571,42578,45993
68580,425081,32098,204535,21954,392983,88571,42578,45993
68585,425112,32099,204542,21954,393013,88571,42578,45993
68590,425143,32100,204553,21954,393043,88571,42578,45993
68595,425174,32101,204569,21955,393073,88571,42578,45993
68600,425205,32102,204585,21956,393103,88571,42578,45993
68605,425236,32103,204601,21957,393133,88571,42578,45993
68610,425267,32104,204616,21957,393163,88571,42578,45993
68615,425298,32105,204627,21958,393193,88571,42578,45993
68620,425329,32106,204644,21959,393223,88571,42578,45993
68625,425360,32107,204662,21959,393252,88571,42578,45993
68630,425391,32108,204674,21960,393282,88571,42578,45993
68635,425422,32109,204693,21961,393313,88571,42578,45993
68640,425453,32110,204708,21962,393342,88571,42578,45993
68645,425484,32111,204721,21963,393373,88571,42578,45993
68650,425515,32112,204738,21963,393402,88571,42578,45993
68655,425546,32113,204755,21963,393433,88571,42578,45993
68660,425577,32114,204766,21964,393463,88571,42578,45993
68665,425608,32115,204786,21965,393493,88571,42578,45993
68670,425639,32116,204799,21965,393522,88571,42578,45993
68675,425670,32117,204812,21965,393553,88571,42578,45993
68680,425701,32118,204832,21966,393583,88571,42578,45993
68685,425732,32119,204846,21966,393613,88571,42578,45993
68690,425763,32122,204856,21966,393641,88571,42578,45993
68695,425794,32125,204869,21968,393669,88571,42578,45993
68700,425825,32128,204883,21969,393697,88571,42578,45993
68705,425856,32132,204900,21971,393724,88571,42578,45993
68710,425887,32136,204915,21974,393751,88571,42578,45993
68715,425918,32139,204933,21975,393779,88571,42578,45993
68720,425949,32142,204949,21977,393807,88571,42578,45993
68725,425980,32146,204961,21979,393834,88571,42578,45993
68730,426011,32149,204974,21979,393862,88571,42578,45993
68735,426042,32153,204993,21982,393889,88571,42578,45993
68740,426073,32156,205004,21983,393917,88571,42578,45993
68745,426104,32160,205015,21986,393944,88571,42578,45993
68750,426135,32166,205041,21991,393969,88571,42578,45993
68755,426166,32170,205058,21994,393996,88571,42578,45993
68760,426197,32174,205070,21995,394023,88571,42578,45993
68765,426228,32179,205088,21999,394049,88571,42578,45993
68770,426259,32182,205099,21999,394077,88571,42578,45993
68775,426290,32186,205110,22001,394104,88571,42578,45993
68780,426321,32192,205127,22006,394129,88571,42578,45993
68785,426352,32197,205141,22009,394155,88571,42578,45993
68790,426383,32202,205157,22013,394181,88571,42578,45993
68795,426414,32205,205172,22016,394209,88571,42578,45993
68800,426445,32207,205185,22017,394238,88571,42578,45993
68805,426476,32210,205200,22020,394266,88571,42578,45993
68810,426507,32211,205215,22021,394296,88571,42578,45993
68815,426538,32212,205229,22021,394326,88571,42578,45993
68820,426569,32213,205245,22022,394356,88571,42578,45993
68825,426600,32214,205257,22023,394385,88571,42578,45993
68830,426631,32215,205271,22024,394416,88571,42578,45993
68835,426662,32216,205285,22024,394446,88571,42578,45993
68840,426693,32217,205299,22024,394476,88571,42578,45993
68845,426724,32218,205315,22025,394506,88571,42578,45993
68850,426755,32219,205326,22026,394536,88571,42578,45993
68855,426786,32220,205339,22027,394566,88571,42578,45993
68860,426817,32221,205354,22027,394596,88571,42578,45993
68865,426848,32222,205371,22027,394626,88571,42578,45993
68870,426879,32223,205385,22028,394656,88571,42578,45993
68875,426910,32224,205402,22029,394686,88571,42578,45993
68880,426941,32225,205417,22029,394716,88571,42578,45993
68885,426972,32226,205429,22029,394746,88571,42578,45993
68890,427003,32227,205444,22030,394776,88571,42578,45993
68895,427034,32228,205455,22031,394806,88571,42578,45993
68900,427065,32230,205470,22032,394835,88571,42578,45993
68905,427096,32233,205482,22034,394863,88571,42578,45993
68910,427127,32236,205498,22036,394891,88571,42578,45993
68915,427158,32239,205511,22037,394919,88571,42578,45993
68920,427189,32242,205523,22038,394947,88571,42578,45993
68925,427220,32245,205534,22040,394975,88571,42578,45993
68930,427251,32248,205549,22041,395003,88571,42578,45993
68935,427282,32252,205566,22044,395030,88571,42578,45993
68940,427313,32255,205579,22045,395058,88571,42578,45993
68945,427344,32258,205594,22048,395086,88571,42578,45993
68950,427375,32262,205607,22049,395113,88571,42578,45993
68955,427406,32267,205622,22052,395139,88571,42578,45993
68960,427437,32271,205639,22054,395166,88571,42578,45993
68965,427468,32276,205653,22057,395192,88571,42578,45993
68970,427499,32280,205665,22059,395219,88571,42578,45993
68975,427530,32284,205676,22062,395246,88571,42578,45993
68980,427561,32289,205691,22066,395272,88571,42578,45993
68985,427592,32292,205708,22069,395300,88571,42578,45993
68990,427623,32294,205723,22069,395329,88571,42578,45993
68995,427654,32296,205735,22069,395358,88571,42578,45993
69000,427685,32298,205749,22070,395387,88571,42578,45993
69005,427716,32299,205762,22071,395417,88571,42578,45993
69010,427747,32301,205774,22072,395446,88571,42578,45993
69015,427778,32303,205795,22074,395475,88571,42578,45993
69020,427809,32305,205808,22075,395504,88571,42578,45993
69025,427840,32306,205824,22075,395534,88571,42578,45993
69030,427871,32307,205838,22076,395564,88571,42578,45993
69035,427902,32308,205848,22077,395594,88571,42578,45993
69040,427933,32310,205862,22078,395623,88571,42578,45993
69045,427964,32312,205872,22079,395652,88571,42578,45993
69050,427995,32314,205888,22081,395681,88571,42578,45993
69055,428026,32317,205903,22083,395709,88571,42578,45993
69060,428057,32319,205918,22084,395738,88571,42578,45993
69065,428088,32319,205934,22084,395769,88571,42578,45993
69070,428119,32319,205953,22084,395800,88571,42578,45993
69075,428150,32319,205968,22084,395831,88571,42578,45993
69080,428181,32319,205987,22084,395862,88571,42578,45993
69085,428212,32319,205998,22084,395893,88571,42578,45993
69090,428243,32320,206010,22085,395923,88571,42578,45993
69095,428274,32322,206024,22086,395952,88571,42578,45993
69100,428305,32325,206044,22088,395980,88571,42578,45993
69105,428336,32328,206061,22090,396008,88571,42578,45993
69110,428367,32331,206076,22092,396036,88571,42578,45993
69115,428398,32334,206091,22093,396064,88571,42578,45993
69120,428429,32337,206106,22096,396092,88571,42578,45993
69125,428460,32339,206122,22097,396121,88571,42578,45993
69130,428491,32342,206140,22099,396149,88571,42578,45993
69135,428522,32345,206154,22101,396177,88571,42578,45993
69140,428553,32349,206169,22103,396204,88571,42578,45993
69145,428584,32351,206184,22104,396233,88571,42578,45993
69150,428615,32354,206203,22106,396261,88571,42578,45993
69155,428646,32355,206220,22106,396291,88571,42578,45993
69160,428677,32356,206233,22106,396321,88571,42578,45993
69165,428708,32357,206252,22107,396351,88571,42578,45993
69170,428739,32358,206267,22107,396381,88571,42578,45993
69175,428770,32360,206286,22107,396410,88571,42578,45993
69180,428801,32362,206301,22108,396439,88571,42578,45993
69185,428832,32364,206313,22109,396468,88571,42578,45993
69190,428863,32366,206326,22109,396497,88571,42578,45993
69195,428894,32368,206345,22109,396526,88571,42578,45993
69200,428925,32370,206365,22110,396555,88571,42578,45993
69205,428956,32372,206376,22110,396584,88571,42578,45993
69210,428987,32374,206389,22111,396613,88571,42578,45993
69215,429018,32376,206404,22111,396641,88571,42578,45993
69220,429049,32378,206415,22111,396671,88571,42578,45993
69225,429080,32381,206431,22113,396699,88571,42578,45993
69230,429111,32383,206441,22114,396728,88571,42578,45993
69235,429142,32386,206456,22116,396756,88571,42578,45993
69240,429173,32388,206471,22118,396785,88571,42578,45993
69245,429204,32390,206479,22118,396814,88571,42578,45993
69250,429235,32392,206494,22118,396843,88571,42578,45993
69255,429266,32395,206507,22121,396871,88571,42578,45993
69260,429297,32398,206524,22123,396899,88571,42578,45993
69265,429328,32403,206540,22127,396925,88571,42578,45993
69270,429359,32406,206550,22128,396953,88571,42578,45993
69275,429390,32410,206560,22131,396980,88571,42578,45993
69280,429421,32414,206573,22134,397007,88571,42578,45993
69285,429452,32420,206585,22137,397032,88571,42578,45993
69290,429483,32424,206593,22140,397059,88571,42578,45993
69295,429514,32428,206608,22142,397086,88571,42578,45993
69300,429545,32431,206624,22144,397114,88571,42578,45993
69305,429576,32435,206637,22147,397141,88571,42578,45993
69310,429607,32439,206650,22148,397168,88571,42578,45993
69315,429638,32441,206659,22149,397197,88571,42578,45993
69320,429669,32444,206671,22150,397225,88571,42578,45993
69325,429700,32447,206683,22152,397253,88571,42578,45993
69330,429731,32449,206698,22152,397282,88571,42578,45993
69335,429762,32452,206718,22154,397310,88571,42578,45993
69340,429793,32456,206732,22156,397337,88571,42578,45993
69345,429824,32460,206744,22159,397364,88571,42578,45993
69350,429855,32463,206759,22161,397392,88571,42578,45993
69355,429886,32464,206773,22162,397422,88571,42578,45993
69360,429917,32465,206787,22162,397452,88571,42578,45993
69365,429948,32466,206807,22162,397482,88571,42578,45993
69370,429979,32467,206817,22163,397512,88571,42578,45993
69375,430010,32468,206834,22163,397542,88571,42578,45993
69380,430041,32469,206850,22163,397572,88571,42578,45993
69385,430072,32470,206865,22163,397602,88571,42578,45993
69390,430103,32471,206882,22163,397632,88571,42578,45993
69395,430134,32472,206897,22163,397662,88571,42578,45993
69400,430165,32473,206913,22164,397692,88571,42578,45993
69405,430196,32474,206928,22164,397722,88571,42578,45993
69410,430227,32475,206935,22164,397752,88571,42578,45993
69415,430258,32476,206949,22164,397782,88571,42578,45993
69420,430289,32477,206962,22164,397811,88571,42578,45993
69425,430320,32479,206980,22166,397841,88571,42578,45993
69430,430351,32481,206993,22167,397870,88571,42578,45993
69435,430382,32483,207009,22167,397899,88571,42578,45993
69440,430413,32485,207024,22168,397928,88571,42578,45993
69445,430444,32487,207043,22170,397957,88571,42578,45993
69450,430475,32489,207056,22171,397986,88571,42578,45993
69455,430506,32491,207071,22173,398015,88571,42578,45993
69460,430537,32495,207084,22175,398042,88571,42578,45993
69465,430568,32499,207099,22177,398069,88571,42578,45993
69470,430599,32502,207112,22178,398097,88571,42578,45993
69475,430630,32506,207130,22180,398124,88571,42578,45993
69480,430661,32509,207142,22180,398152,88571,42578,45993
69485,430692,32514,207157,22183,398178,88571,42578,45993
69490,430723,32518,207176,22187,398205,88571,42578,45993
69495,430754,32522,207193,22188,398232,88571,42578,45993
69500,430785,32525,207208,22188,398260,88571,42578,45993
69505,430816,32528,207224,22190,398288,88571,42578,45993
69510,430847,32532,207244,22193,398315,88571,42578,45993
69515,430878,32536,207260,22195,398342,88571,42578,45993
69520,430909,32541,207276,22198,398368,88571,42578,45993
69525,430940,32548,207292,22203,398392,88571,42578,45993
69530,430971,32554,207309,22208,398417,88571,42578,45993
69535,431002,32558,207319,22210,398444,88571,42578,45993
69540,431033,32562,207335,22213,398471,88571,42578,45993
69545,431064,32566,207353,22217,398498,88571,42578,45993
69550,431095,32569,207370,22219,398526,88571,42578,45993
69555,431126,32572,207383,22220,398554,88571,42578,45993
69560,431157,32573,207399,22221,398584,88571,42578,45993
69565,431188,32574,207417,22222,398614,88571,42578,45993
69570,431219,32575,207430,22222,398644,88571,42578,45993
69575,431250,32576,207446,22222,398674,88571,42578,45993
69580,431281,32577,207460,22223,398704,88571,42578,45993
69585,431312,32578,207477,22224,398734,88571,42578,45993
69590,431343,32579,207494,22224,398764,88571,42578,45993
69595,431374,32580,207511,22225,398794,88571,42578,45993
69600,431405,32581,207528,22225,398824,88571,42578,45993
69605,431436,32582,207546,22226,398854,88571,42578,45993
69610,431467,32583,207556,22226,398884,88571,42578,45993
69615,431498,32584,207573,22227,398914,88571,42578,45993
69620,431529,32585,207584,22227,398944,88571,42578,45993
69625,431560,32586,207601,22228,398974,88571,42578,45993
69630,431591,32587,207620,22229,399004,88571,42578,45993
69635,431622,32588,207636,22230,399034,88571,42578,45993
69640,431653,32589,207653,22231,399063,88571,42578,45993
69645,431684,32590,207666,22231,399094,88571,42578,45993
69650,431715,32591,207683,22231,399123,88571,42578,45993
69655,431746,32592,207701,22232,399153,88571,42578,45993
69660,431777,32597,207717,22237,399179,88571,42578,45993
69665,431808,32601,207736,22240,399207,88571,42578,45993
69670,431839,32605,207752,22243,399234,88571,42578,45993
69675,431870,32608,207765,22244,399262,88571,42578,45993
69680,431901,32611,207778,22247,399290,88571,42578,45993
69685,431932,32614,207797,22249,399318,88571,42578,45993
69690,431963,32616,207811,22251,399347,88571,42578,45993
69695,431994,32619,207829,22254,399375,88571,42578,45993
69700,432025,32620,207849,22255,399405,88571,42578,45993
69705,432056,32621,207860,22255,399435,88571,42578,45993
69710,432087,32622,207878,22255,399465,88571,42578,45993
69715,432118,32624,207891,22257,399494,88571,42578,45993
69720,432149,32626,207904,22259,399523,88571,42578,45993
69725,432180,32628,207913,22260,399552,88571,42578,45993
69730,432211,32630,207924,22262,399581,88571,42578,45993
69735,432242,32633,207939,22264,399609,88571,42578,45993
69740,432273,32636,207956,22267,399637,88571,42578,45993
69745,432304,32639,207976,22270,399665,88571,42578,45993
69750,432335,32640,207985,22270,399695,88571,42578,45993
69755,432366,32641,208002,22270,399725,88571,42578,45993
69760,432397,32642,208008,22270,399755,88571,42578,45993
69765,432428,32645,208023,22271,399783,88571,42578,45993
69770,432459,32648,208031,22272,399811,88571,42578,45993
69775,432490,32651,208044,22274,399839,88571,42578,45993
69780,432521,32652,208060,22274,399869,88571,42578,45993
69785,432552,32653,208073,22275,399899,88571,42578,45993
69790,432583,32654,208084,22275,399929,88571,42578,45993
69795,432614,32655,208101,22275,399959,88571,42578,45993
69800,432645,32658,208116,22277,399987,88571,42578,45993
69805,432676,32660,208132,22279,400016,88571,42578,45993
69810,432707,32662,208141,22280,400045,88571,42578,45993
69815,432738,32665,208160,22282,400073,88571,42578,45993
69820,432769,32668,208177,22285,400101,88571,42578,45993
69825,432800,32671,208189,22287,400129,88571,42578,45993
69830,432831,32673,208204,22288,400158,88571,42578,45993
69835,432862,32675,208221,22290,400187,88571,42578,45993
69840,432893,32677,208236,22291,400216,88571,42578,45993
69845,432924,32680,208251,22293,400244,88571,42578,45993
69850,432955,32682,208263,22293,400273,88571,42578,45993
69855,432986,32685,208279,22295,400301,88571,42578,45993
69860,433017,32688,208293,22297,400329,88571,42578,45993
69865,433048,32691,208307,22300,400357,88571,42578,45993
69870,433079,32693,208319,22301,400386,88571,42578,45993
69875,433110,32695,208337,22302,400415,88571,42578,45993
69880,433141,32698,208351,22303,400443,88571,42578,45993
69885,433172,32701,208366,22304,400471,88571,42578,45993
69890,433203,32705,208379,22307,400497,88571,42578,45993
69895,433234,32709,208393,22310,400524,88571,42578,45993
69900,433265,32711,208406,22312,400554,88571,42578,45993
69905,433296,32713,208421,22312,400583,88571,42578,45993
69910,433327,32715,208432,22313,400612,88571,42578,45993
69915,433358,32717,208454,22314,400641,88571,42578,45993
69920,433389,32719,208465,22314,400670,88571,42578,45993
69925,433420,32721,208479,22315,400699,88571,42578,45993
69930,433451,32723,208493,22317,400728,88571,42578,45993
69935,433482,32725,208510,22318,400757,88571,42578,45993
69940,433513,32727,208526,22320,400786,88571,42578,45993
69945,433544,32729,208535,22321,400815,88571,42578,45993
69950,433575,32731,208555,22323,400844,88571,42578,45993
69955,433606,32733,208569,22324,400873,88571,42578,45993
69960,433637,32736,208584,22326,400901,88571,42578,45993
69965,433668,32739,208602,22328,400929,88571,42578,45993
69970,433699,32741,208619,22328,400958,88571,42578,45993
69975,433730,32743,208634,22328,400987,88571,42578,45993
69980,433761,32746,208647,22329,401015,88571,42578,45993
69985,433792,32749,208666,22332,401043,88571,42578,45993
69990,433823,32751,208684,22333,401072,88571,42578,45993
69995,433854,32753,208697,22334,401101,88571,42578,45993
70000,433885,32757,208710,22336,401128,88571,42578,45993
70005,433916,32760,208722,22338,401156,88571,42578,45993
70010,433947,32765,208738,22341,401182,88571,42578,45993
70015,433978,32768,208752,22342,401210,88571,42578,45993
70020,434009,32773,208769,22346,401236,88571,42578,45993
70025,434040,32778,208784,22351,401262,88571,42578,45993
70030,434071,32783,208801,22354,401288,88571,42578,45993
70035,434102,32787,208816,22357,401315,88571,42578,45993
70040,434133,32792,208828,22360,401341,88571,42578,45993
70045,434164,32795,208843,22363,401369,88571,42578,45993
70050,434195,32798,208859,22365,401397,88571,42578,45993
70055,434226,32800,208875,22365,401426,88571,42578,45993
70060,434257,32802,208889,22367,401455,88571,42578,45993
70065,434288,32806,208902,22371,401481,88571,42578,45993
70070,434319,32809,208916,22374,401510,88571,42578,45993
70075,434350,32812,208932,22377,401538,88571,42578,45993
70080,434381,32815,208953,22380,401566,88571,42578,45993
70085,434412,32816,208970,22381,401596,88571,42578,45993
70090,434443,32817,208980,22381,401626,88571,42578,45993
70095,434474,32818,208993,22381,401656,88571,42578,45993
70100,434505,32819,209009,22381,401686,88571,42578,45993
70105,434536,32820,209023,22381,401716,88571,42578,45993
70110,434567,32821,209035,22381,401746,88571,42578,45993
70115,434598,32822,209050,22381,401776,88571,42578,45993
70120,434629,32823,209068,22382,401806,88571,42578,45993
70125,434660,32824,209080,22382,401836,88571,42578,45993
70130,434691,32825,209094,22383,401866,88571,42578,45993
70135,434722,32826,209109,22383,401896,88571,42578,45993
70140,434753,32827,209118,22383,401926,88571,42578,45993
70145,434784,32828,209134,22384,401956,88571,42578,45993
70150,434815,32830,209146,22386,401985,88571,42578,45993
70155,434846,32832,209163,22387,402014,88571,42578,45993
70160,434877,32834,209174,22388,402043,88571,42578,45993
70165,434908,32836,209186,22389,402072,88571,42578,45993
70170,434939,32838,209203,22391,402101,88571,42578,45993
70175,434970,32840,209220,22392,402130,88571,42578,45993
70180,435001,32842,209236,22393,402159,88571,42578,45993
70185,435032,32844,209257,22395,402188,88571,42578,45993
70190,435063,32847,209267,22396,402216,88571,42578,45993
70195,435094,32850,209282,22399,402244,88571,42578,45993
70200,435125,32855,209294,22401,402270,88571,42578,45993
70205,435156,32859,209304,22403,402297,88571,42578,45993
70210,435187,32865,209317,22407,402322,88571,42578,45993
70215,435218,32872,209329,22411,402346,88571,42578,45993
70220,435249,32877,209341,22413,402372,88571,42578,45993
70225,435280,32885,209357,22419,402395,88571,42578,45993
70230,435311,32888,209373,22421,402423,88571,42578,45993
70235,435342,32891,209391,22423,402451,88571,42578,45993
70240,435373,32893,209404,22425,402479,88571,42578,45993
70245,435404,32895,209416,22425,402509,88571,42578,45993
70250,435435,32898,209429,22427,402537,88571,42578,45993
70255,435466,32902,209441,22431,402564,88571,42578,45993
70260,435497,32904,209462,22432,402593,88571,42578,45993
70265,435528,32906,209478,22433,402622,88571,42578,45993
70270,435559,32908,209495,22434,402651,88571,42578,45993
70275,435590,32912,209513,22437,402678,88571,42578,45993
70280,435621,32913,209529,22437,402708,88571,42578,45993
70285,435652,32914,209541,22438,402738,88571,42578,45993
70290,435683,32915,209556,22439,402768,88571,42578,45993
70295,435714,32916,209573,22439,402798,88571,42578,45993
70300,435745,32917,209587,22439,402828,88571,42578,45993
70305,435776,32918,209599,22439,402858,88571,42578,45993
70310,435807,32919,209619,22440,402888,88571,42578,45993
70315,435838,32920,209637,22441,402918,88571,42578,45993
70320,435869,32921,209654,22442,402948,88571,42578,45993
70325,435900,32921,209669,22442,402979,88571,42578,45993
70330,435931,32921,209684,22442,403010,88571,42578,45993
70335,435962,32922,209698,22442,403040,88571,42578,45993
70340,435993,32924,209717,22444,403069,88571,42578,45993
70345,436024,32926,209734,22445,403098,88571,42578,45993
70350,436055,32927,209753,22445,403128,88571,42578,45993
70355,436086,32929,209768,22447,403157,88571,42578,45993
70360,436117,32930,209780,22447,403187,88571,42578,45993
70365,436148,32932,209798,22448,403216,88571,42578,45993
70370,436179,32934,209810,22449,403245,88571,42578,45993
70375,436210,32935,209824,22449,403275,88571,42578,45993
70380,436241,32937,209841,22451,403304,88571,42578,45993
70385,436272,32938,209854,22452,403334,88571,42578,45993
70390,436303,32941,209872,22454,403362,88571,42578,45993
70395,436334,32943,209883,22454,403391,88571,42578,45993
70400,436365,32945,209901,22456,403420,88571,42578,45993
70405,436396,32948,209919,22458,403448,88571,42578,45993
70410,436427,32950,209932,22460,403477,88571,42578,45993
70415,436458,32952,209945,22461,403506,88571,42578,45993
70420,436489,32955,209961,22462,403534,88571,42578,45993
70425,436520,32960,209978,22467,403560,88571,42578,45993
70430,436551,32964,209997,22470,403587,88571,42578,45993
70435,436582,32968,210017,22472,403614,88571,42578,45993
70440,436613,32972,210033,22474,403641,88571,42578,45993
70445,436644,32976,210046,22477,403668,88571,42578,45993
70450,436675,32979,210059,22478,403696,88571,42578,45993
70455,436706,32983,210076,22482,403723,88571,42578,45993
70460,436737,32985,210094,22482,403752,88571,42578,45993
70465,436768,32987,210109,22484,403781,88571,42578,45993
70470,436799,32989,210126,22486,403810,88571,42578,45993
70475,436830,32992,210142,22488,403838,88571,42578,45993
70480,436861,32995,210155,22491,403866,88571,42578,45993
70485,436892,32998,210168,22492,403893,88571,42578,45993
70490,436923,33002,210187,22495,403921,88571,42578,45993
70495,436954,33006,210201,22499,403948,88571,42578,45993
70500,436985,33009,210217,22500,403976,88571,42578,45993
70505,437016,33010,210230,22500,404006,88571,42578,45993
70510,437047,33011,210247,22501,404036,88571,42578,45993
70515,437078,33012,210262,22502,404066,88571,42578,45993
70520,437109,33013,210279,22503,404096,88571,42578,45993
70525,437140,33014,210293,22503,404126,88571,42578,45993
70530,437171,33015,210306,22504,404156,88571,42578,45993
70535,437202,33016,210321,22504,404186,88571,42578,45993
70540,437233,33017,210336,22505,404216,88571,42578,45993
70545,437264,33018,210351,22505,404246,88571,42578,45993
70550,437295,33019,210367,22506,404276,88571,42578,45993
70555,437326,33020,210388,22506,404306,88571,42578,45993
70560,437357,33021,210402,22507,404336,88571,42578,45993
70565,437388,33023,210416,22509,404365,88571,42578,45993
70570,437419,33025,210433,22511,404394,88571,42578,45993
70575,437450,33028,210453,22514,404422,88571,42578,45993
70580,437481,33031,210470,22516,404450,88571,42578,45993
70585,437512,33035,210487,22520,404477,88571,42578,45993
70590,437543,33037,210503,22521,404506,88571,42578,45993
70595,437574,33041,210521,22524,404533,88571,42578,45993
70600,437605,33045,210537,22526,404560,88571,42578,45993
70605,437636,33048,210550,22527,404587,88571,42578,45993
70610,437667,33053,210568,22530,404613,88571,42578,45993
70615,437698,33057,210580,22533,404641,88571,42578,45993
70620,437729,33059,210596,22534,404669,88571,42578,45993
70625,437760,33061,210614,22536,404699,88571,42578,45993
70630,437791,33063,210631,22537,404728,88571,42578,45993
70635,437822,33065,210648,22537,404757,88571,42578,45993
70640,437853,33067,210661,22537,404786,88571,42578,45993
70645,437884,33069,210677,22537,404815,88571,42578,45993
70650,437915,33071,210694,22538,404844,88571,42578,45993
70655,437946,33073,210713,22539,404873,88571,42578,45993
70660,437977,33075,210727,22540,404902,88571,42578,45993
70665,438008,33078,210743,22542,404930,88571,42578,45993
70670,438039,33081,210757,22543,404958,88571,42578,45993
70675,438070,33083,210772,22544,404987,88571,42578,45993
70680,438101,33086,210786,22546,405015,88571,42578,45993
70685,438132,33088,210799,22547,405044,88571,42578,45993
70690,438163,33091,210815,22550,405072,88571,42578,45993
70695,438194,33093,210829,22552,405101,88571,42578,45993
70700,438225,33096,210839,22554,405129,88571,42578,45993
70705,438256,33099,210854,22557,405157,88571,42578,45993
70710,438287,33102,210868,22559,405185,88571,42578,45993
70715,438318,33104,210886,22561,405214,88571,42578,45993
70720,438349,33107,210902,22563,405242,88571,42578,45993
70725,438380,33111,210918,22566,405269,88571,42578,45993
70730,438411,33115,210931,22568,405296,88571,42578,45993
70735,438442,33119,210946,22571,405322,88571,42578,45993
70740,438473,33126,210962,22576,405346,88571,42578,45993
70745,438504,33130,210975,22579,405373,88571,42578,45993
70750,438535,33134,210991,22582,405401,88571,42578,45993
70755,438566,33136,211009,22583,405430,88571,42578,45993
70760,438597,33139,211028,22585,405458,88571,42578,45993
70765,438628,33143,211042,22588,405485,88571,42578,45993
70770,438659,33146,211055,22589,405513,88571,42578,45993
70775,438690,33147,211070,22590,405543,88571,42578,45993
70780,438721,33148,211082,22590,405573,88571,42578,45993
70785,438752,33149,211096,22590,405603,88571,42578,45993
70790,438783,33150,211112,22590,405633,88571,42578,45993
70795,438814,33151,211130,22591,405663,88571,42578,45993
70800,438845,33152,211144,22591,405693,88571,42578,45993
70805,438876,33153,211161,22592,405723,88571,42578,45993
70810,438907,33154,211175,22592,405753,88571,42578,45993
70815,438938,33155,211195,22593,405783,88571,42578,45993
70820,438969,33156,211210,22593,405813,88571,42578,45993
70825,439000,33157,211225,22593,405843,88571,42578,45993
70830,439031,33158,211244,22594,405873,88571,42578,45993
70835,439062,33159,211259,22595,405903,88571,42578,45993
70840,439093,33160,211277,22596,405933,88571,42578,45993
70845,439124,33161,211295,22597,405963,88571,42578,45993
70850,439155,33163,211305,22597,405992,88571,42578,45993
70855,439186,33165,211318,22598,406021,88571,42578,45993
70860,439217,33167,211338,22600,406050,88571,42578,45993
70865,439248,33169,211348,22600,406079,88571,42578,45993
70870,439279,33171,211365,22601,406108,88571,42578,45993
70875,439310,33174,211380,22603,406136,88571,42578,45993
70880,439341,33178,211397,22606,406163,88571,42578,45993
70885,439372,33181,211412,22607,406191,88571,42578,45993
70890,439403,33184,211429,22610,406219,88571,42578,45993
70895,439434,33187,211445,22611,406247,88571,42578,45993
70900,439465,33192,211466,22616,406273,88571,42578,45993
70905,439496,33197,211483,22619,406299,88571,42578,45993
70910,439527,33201,211489,22620,406326,88571,42578,45993
70915,439558,33206,211506,22624,406352,88571,42578,45993
70920,439589,33210,211515,22626,406379,88571,42578,45993
70925,439620,33213,211529,22628,406407,88571,42578,45993
70930,439651,33217,211544,22630,406434,88571,42578,45993
70935,439682,33221,211559,22633,406461,88571,42578,45993
70940,439713,33224,211573,22634,406489,88571,42578,45993
70945,439744,33228,211590,22637,406516,88571,42578,45993
70950,439775,33232,211604,22639,406543,88571,42578,45993
70955,439806,33236,211621,22642,406570,88571,42578,45993
70960,439837,33240,211633,22645,406597,88571,42578,45993
70965,439868,33242,211649,22647,406626,88571,42578,45993
70970,439899,33244,211666,22648,406655,88571,42578,45993
70975,439930,33246,211682,22648,406684,88571,42578,45993
70980,439961,33249,211698,22650,406712,88571,42578,45993
70985,439992,33251,211711,22651,406741,88571,42578,45993
70990,440023,33253,211728,22652,406770,88571,42578,45993
70995,440054,33254,211735,22652,406800,88571,42578,45993
71000,440085,33257,211752,22654,406828,88571,42578,45993
71005,440116,33258,211768,22655,406858,88571,42578,45993
71010,440147,33261,211782,22658,406886,88571,42578,45993
71015,440178,33261,211799,22658,406917,88571,42578,45993
71020,440209,33261,211819,22658,406948,88571,42578,45993
71025,440240,33261,211829,22658,406979,88571,42578,45993
71030,440271,33261,211846,22658,407010,88571,42578,45993
71035,440302,33261,211856,22658,407041,88571,42578,45993
71040,440333,33261,211870,22658,407071,88571,42578,45993
71045,440364,33261,211887,22658,407103,88571,42578,45993
71050,440395,33261,211900,22658,407134,88571,42578,45993
71055,440426,33261,211917,22658,407165,88571,42578,45993
71060,440457,33261,211935,22658,407196,88571,42578,45993
71065,440488,33261,211948,22658,407227,88571,42578,45993
71070,440519,33262,211965,22658,407257,88571,42578,45993
71075,440550,33263,211986,22659,407287,88571,42578,45993
71080,440581,33264,211999,22660,407317,88571,42578,45993
71085,440612,33266,212013,22662,407346,88571,42578,45993
71090,440643,33268,212032,22664,407375,88571,42578,45993
71095,440674,33270,212046,22665,407404,88571,42578,45993
71100,440705,33272,212052,22666,407433,88571,42578,45993
71105,440736,33274,212070,22667,407462,88571,42578,45993
71110,440767,33276,212084,22668,407491,88571,42578,45993
71115,440798,33278,212096,22669,407520,88571,42578,45993
71120,440829,33282,212111,22672,407547,88571,42578,45993
71125,440860,33285,212128,22674,407575,88571,42578,45993
71130,440891,33289,212145,22676,407602,88571,42578,45993
71135,440922,33294,212162,22680,407628,88571,42578,45993
71140,440953,33299,212180,22684,407654,88571,42578,45993
71145,440984,33302,212193,22684,407682,88571,42578,45993
71150,441015,33310,212209,22690,407705,88571,42578,45993
71155,441046,33316,212226,22695,407730,88571,42578,45993
71160,441077,33322,212238,22699,407755,88571,42578,45993
71165,441108,33324,212259,22700,407784,88571,42578,45993
71170,441139,33326,212274,22701,407813,88571,42578,45993
71175,441170,33330,212289,22705,407840,88571,42578,45993
71180,441201,33332,212303,22705,407869,88571,42578,45993
71185,441232,33335,212316,22706,407897,88571,42578,45993
71190,441263,33338,212333,22708,407925,88571,42578,45993
71195,441294,33340,212346,22708,407954,88571,42578,45993
71200,441325,33342,212358,22708,407983,88571,42578,45993
71205,441356,33345,212375,22709,408011,88571,42578,45993
71210,441387,33348,212391,22711,408039,88571,42578,45993
71215,441418,33350,212406,22713,408068,88571,42578,45993
71220,441449,33352,212422,22715,408097,88571,42578,45993
71225,441480,33353,212439,22715,408127,88571,42578,45993
71230,441511,33354,212453,22715,408157,88571,42578,45993
71235,441542,33355,212469,22716,408187,88571,42578,45993
71240,441573,33356,212487,22716,408217,88571,42578,45993
71245,441604,33357,212502,22716,408247,88571,42578,45993
71250,441635,33358,212518,22717,408277,88571,42578,45993
71255,441666,33359,212532,22717,408307,88571,42578,45993
71260,441697,33360,212549,22718,408337,88571,42578,45993
71265,441728,33361,212563,22718,408367,88571,42578,45993
71270,441759,33364,212575,22719,408395,88571,42578,45993
71275,441790,33366,212585,22719,408424,88571,42578,45993
71280,441821,33369,212600,22721,408452,88571,42578,45993
71285,441852,33373,212615,22724,408479,88571,42578,45993
71290,441883,33376,212630,22725,408507,88571,42578,45993
71295,441914,33379,212643,22727,408535,88571,42578,45993
71300,441945,33383,212659,22730,408562,88571,42578,45993
71305,441976,33386,212673,22731,408590,88571,42578,45993
71310,442007,33390,212686,22733,408617,88571,42578,45993
71315,442038,33393,212702,22736,408645,88571,42578,45993
71320,442069,33394,212715,22736,408675,88571,42578,45993
71325,442100,33395,212734,22737,408705,88571,42578,45993
71330,442131,33397,212751,22738,408734,88571,42578,45993
71335,442162,33399,212767,22738,408763,88571,42578,45993
71340,442193,33401,212777,22739,408792,88571,42578,45993
71345,442224,33403,212791,22740,408821,88571,42578,45993
71350,442255,33405,212804,22741,408850,88571,42578,45993
71355,442286,33407,212817,22742,408879,88571,42578,45993
71360,442317,33409,212831,22744,408908,88571,42578,45993
71365,442348,33411,212846,22745,408937,88571,42578,45993
71370,442379,33413,212862,22747,408966,88571,42578,45993
71375,442410,33415,212878,22748,408995,88571,42578,45993
71380,442441,33417,212893,22749,409024,88571,42578,45993
71385,442472,33420,212907,22751,409051,88571,42578,45993
71390,442503,33423,212924,22753,409080,88571,42578,45993
71395,442534,33425,212939,22755,409109,88571,42578,45993
71400,442565,33428,212951,22757,409137,88571,42578,45993
71405,442596,33430,212968,22757,409166,88571,42578,45993
71410,442627,33432,212980,22758,409195,88571,42578,45993
71415,442658,33434,212991,22759,409224,88571,42578,45993
71420,442689,33437,213003,22762,409252,88571,42578,45993
71425,442720,33441,213021,22765,409279,88571,42578,45993
71430,442751,33444,213030,22765,409307,88571,42578,45993
71435,442782,33447,213045,22768,409335,88571,42578,45993
71440,442813,33450,213064,22771,409363,88571,42578,45993
71445,442844,33453,213077,22773,409391,88571,42578,45993
71450,442875,33458,213095,22776,409417,88571,42578,45993
71455,442906,33461,213107,22777,409445,88571,42578,45993
71460,442937,33465,213122,22778,409472,88571,42578,45993
71465,442968,33469,213138,22781,409499,88571,42578,45993
71470,442999,33474,213151,22785,409525,88571,42578,45993
71475,443030,33476,213168,22787,409554,88571,42578,45993
71480,443061,33478,213180,22787,409583,88571,42578,45993
71485,443092,33480,213198,22787,409612,88571,42578,45993
71490,443123,33482,213213,22789,409641,88571,42578,45993
71495,443154,33484,213224,22789,409670,88571,42578,45993
71500,443185,33486,213238,22790,409699,88571,42578,45993
71505,443216,33489,213253,22793,409727,88571,42578,45993
71510,443247,33491,213268,22794,409756,88571,42578,45993
71515,443278,33493,213278,22795,409785,88571,42578,45993
71520,443309,33495,213290,22797,409814,88571,42578,45993
71525,443340,33499,213307,22800,409841,88571,42578,45993
71530,443371,33502,213321,22803,409869,88571,42578,45993
71535,443402,33506,213338,22807,409896,88571,42578,45993
71540,443433,33510,213358,22811,409923,88571,42578,45993
71545,443464,33512,213373,22813,409952,88571,42578,45993
71550,443495,33515,213395,22815,409980,88571,42578,45993
71555,443526,33517,213405,22817,410009,88571,42578,45993
71560,443557,33520,213418,22820,410037,88571,42578,45993
71565,443588,33521,213433,22821,410067,88571,42578,45993
71570,443619,33522,213443,22822,410097,88571,42578,45993
71575,443650,33523,213455,22823,410127,88571,42578,45993
71580,443681,33525,213471,22824,410156,88571,42578,45993
71585,443712,33527,213485,22826,410185,88571,42578,45993
71590,443743,33529,213501,22828,410214,88571,42578,45993
71595,443774,33531,213513,22830,410243,88571,42578,45993
71600,443805,33533,213527,22830,410272,88571,42578,45993
71605,443836,33535,213539,22831,410301,88571,42578,45993
71610,443867,33537,213552,22831,410330,88571,42578,45993
71615,443898,33539,213568,22832,410359,88571,42578,45993
71620,443929,33541,213587,22833,410388,88571,42578,45993
71625,443960,33543,213602,22833,410417,88571,42578,45993
71630,443991,33547,213615,22835,410444,88571,42578,45993
71635,444022,33550,213624,22838,410472,88571,42578,45993
71640,444053,33553,213636,22840,410500,88571,42578,45993
71645,444084,33555,213653,22842,410529,88571,42578,45993
71650,444115,33557,213668,22844,410558,88571,42578,45993
71655,444146,33559,213684,22845,410587,88571,42578,45993
71660,444177,33562,213697,22847,410615,88571,42578,45993
71665,444208,33564,213713,22848,410644,88571,42578,45993
71670,444239,33567,213726,22850,410672,88571,42578,45993
71675,444270,33569,213739,22851,410701,88571,42578,45993
71680,444301,33573,213753,22854,410728,88571,42578,45993
71685,444332,33575,213765,22855,410757,88571,42578,45993
71690,444363,33577,213779,22856,410786,88571,42578,45993
71695,444394,33578,213788,22856,410816,88571,42578,45993
71700,444425,33580,213808,22857,410845,88571,42578,45993
71705,444456,33582,213822,22858,410874,88571,42578,45993
71710,444487,33584,213835,22859,410903,88571,42578,45993
71715,444518,33586,213851,22860,410932,88571,42578,45993
71720,444549,33587,213862,22860,410962,88571,42578,45993
71725,444580,33588,213876,22860,410992,88571,42578,45993
71730,444611,33589,213888,22860,411022,88571,42578,45993
71735,444642,33591,213907,22862,411051,88571,42578,45993
71740,444673,33593,213922,22863,411080,88571,42578,45993
71745,444704,33596,213933,22864,411108,88571,42578,45993
71750,444735,33599,213945,22865,411136,88571,42578,45993
71755,444766,33602,213964,22868,411164,88571,42578,45993
71760,444797,33603,213982,22868,411194,88571,42578,45993
71765,444828,33604,213995,22869,411224,88571,42578,45993
71770,444859,33605,214006,22870,411254,88571,42578,45993
71775,444890,33606,214019,22870,411284,88571,42578,45993
71780,444921,33607,214034,22871,411314,88571,42578,45993
71785,444952,33608,214050,22872,411344,88571,42578,45993
71790,444983,33609,214065,22872,411374,88571,42578,45993
71795,445014,33611,214081,22874,411403,88571,42578,45993
71800,445045,33613,214095,22874,411432,88571,42578,45993
71805,445076,33615,214111,22875,411461,88571,42578,45993
71810,445107,33617,214124,22876,411490,88571,42578,45993
71815,445138,33619,214141,22878,411519,88571,42578,45993
71820,445169,33621,214158,22879,411548,88571,42578,45993
71825,445200,33623,214169,22879,411577,88571,42578,45993
71830,445231,33625,214186,22880,411606,88571,42578,45993
71835,445262,33627,214201,22881,411635,88571,42578,45993
71840,445293,33629,214215,22882,411664,88571,42578,45993
71845,445324,33631,214228,22883,411693,88571,42578,45993
71850,445355,33633,214245,22883,411722,88571,42578,45993
71855,445386,33635,214260,22885,411751,88571,42578,45993
71860,445417,33637,214274,22885,411780,88571,42578,45993
71865,445448,33641,214288,22886,411807,88571,42578,45993
71870,445479,33644,214304,22888,411835,88571,42578,45993
71875,445510,33648,214321,22891,411862,88571,42578,45993
71880,445541,33653,214334,22896,411888,88571,42578,45993
71885,445572,33658,214348,22899,411914,88571,42578,45993
71890,445603,33661,214360,22899,411942,88571,42578,45993
71895,445634,33667,214374,22903,411967,88571,42578,45993
71900,445665,33670,214388,22904,411995,88571,42578,45993
71905,445696,33674,214402,22905,412022,88571,42578,45993
71910,445727,33679,214422,22909,412048,88571,42578,45993
71915,445758,33684,214437,22912,412073,88571,42578,45993
71920,445789,33689,214453,22916,412099,88571,42578,45993
71925,445820,33695,214470,22919,412124,88571,42578,45993
71930,445851,33699,214480,22922,412152,88571,42578,45993
71935,445882,33702,214494,22923,412180,88571,42578,45993
71940,445913,33706,214512,22926,412206,88571,42578,45993
71945,445944,33707,214529,22926,412237,88571,42578,45993
71950,445975,33708,214543,22926,412267,88571,42578,45993
71955,446006,33709,214556,22927,412297,88571,42578,45993
71960,446037,33710,214571,22928,412327,88571,42578,45993
71965,446068,33711,214587,22929,412357,88571,42578,45993
71970,446099,33712,214607,22929,412387,88571,42578,45993
71975,446130,33713,214621,22930,412417,88571,42578,45993
71980,446161,33714,214633,22930,412447,88571,42578,45993
71985,446192,33715,214651,22931,412477,88571,42578,45993
71990,446223,33716,214667,22931,412507,88571,42578,45993
71995,446254,33717,214675,22931,412537,88571,42578,45993
72000,446285,33718,214691,22932,412567,88571,42578,45993
72005,446316,33719,214700,22932,412597,88571,42578,45993
72010,446347,33720,214717,22933,412627,88571,42578,45993
72015,446378,33721,214730,22934,412657,88571,42578,45993
72020,446409,33722,214750,22935,412687,88571,42578,45993
72025,446440,33723,214766,22936,412717,88571,42578,45993
72030,446471,33724,214785,22936,412747,88571,42578,45993
72035,446502,33726,214805,22937,412776,88571,42578,45993
72040,446533,33729,214822,22939,412804,88571,42578,45993
72045,446564,33731,214839,22941,412833,88571,42578,45993
72050,446595,33734,214853,22941,412861,88571,42578,45993
72055,446626,33737,214863,22943,412889,88571,42578,45993
72060,446657,33741,214879,22945,412916,88571,42578,45993
72065,446688,33746,214897,22949,412942,88571,42578,45993
72070,446719,33749,214910,22950,412970,88571,42578,45993
72075,446750,33754,214929,22954,412996,88571,42578,45993
72080,446781,33758,214942,22955,413023,88571,42578,45993
72085,446812,33763,214958,22960,413049,88571,42578,45993
72090,446843,33767,214975,22962,413076,88571,42578,45993
72095,446874,33771,214984,22963,413103,88571,42578,45993
72100,446905,33773,215004,22963,413132,88571,42578,45993
72105,446936,33775,215017,22964,413161,88571,42578,45993
72110,446967,33777,215030,22965,413189,88571,42578,45993
72115,446998,33779,215047,22966,413218,88571,42578,45993
72120,447029,33781,215062,22967,413247,88571,42578,45993
72125,447060,33785,215075,22970,413274,88571,42578,45993
72130,447091,33788,215088,22972,413303,88571,42578,45993
72135,447122,33790,215103,22974,413332,88571,42578,45993
72140,447153,33794,215121,22977,413359,88571,42578,45993
72145,447184,33796,215135,22978,413388,88571,42578,45993
72150,447215,33799,215146,22980,413415,88571,42578,45993
72155,447246,33803,215163,22984,413443,88571,42578,45993
72160,447277,33806,215179,22987,413471,88571,42578,45993
72165,447308,33810,215197,22991,413498,88571,42578,45993
72170,447339,33812,215211,22993,413527,88571,42578,45993
72175,447370,33815,215229,22995,413555,88571,42578,45993
72180,447401,33816,215241,22996,413585,88571,42578,45993
72185,447432,33817,215264,22996,413615,88571,42578,45993
72190,447463,33818,215275,22996,413645,88571,42578,45993
72195,447494,33819,215287,22996,413675,88571,42578,45993
72200,447525,33822,215301,22999,413703,88571,42578,45993
72205,447556,33825,215316,23001,413731,88571,42578,45993
72210,447587,33828,215334,23003,413759,88571,42578,45993
72215,447618,33830,215349,23003,413788,88571,42578,45993
72220,447649,33833,215362,23004,413816,88571,42578,45993
72225,447680,33835,215374,23004,413845,88571,42578,45993
72230,447711,33837,215388,23005,413874,88571,42578,45993
72235,447742,33840,215402,23007,413902,88571,42578,45993
72240,447773,33842,215417,23008,413931,88571,42578,45993
72245,447804,33844,215432,23008,413960,88571,42578,45993
72250,447835,33847,215448,23010,413988,88571,42578,45993
72255,447866,33850,215466,23012,414016,88571,42578,45993
72260,447897,33853,215482,23014,414044,88571,42578,45993
72265,447928,33856,215495,23015,414072,88571,42578,45993
72270,447959,33860,215511,23017,414099,88571,42578,45993
72275,447990,33862,215522,23017,414128,88571,42578,45993
72280,448021,33865,215535,23018,414155,88571,42578,45993
72285,448052,33869,215547,23020,414183,88571,42578,45993
72290,448083,33871,215561,23020,414212,88571,42578,45993
72295,448114,33873,215575,23021,414241,88571,42578,45993
72300,448145,33875,215586,23022,414270,88571,42578,45993
72305,448176,33876,215605,23023,414300,88571,42578,45993
72310,448207,33877,215620,23023,414330,88571,42578,45993
72315,448238,33878,215633,23023,414360,88571,42578,45993
72320,448269,33879,215649,23024,414390,88571,42578,45993
72325,448300,33880,215665,23024,414420,88571,42578,45993
72330,448331,33881,215683,23025,414450,88571,42578,45993
72335,448362,33882,215699,23026,414480,88571,42578,45993
72340,448393,33883,215717,23026,414510,88571,42578,45993
72345,448424,33884,215737,23027,414540,88571,42578,45993
72350,448455,33885,215755,23028,414570,88571,42578,45993
72355,448486,33886,215769,23028,414600,88571,42578,45993
72360,448517,33887,215787,23028,414630,88571,42578,45993
72365,448548,33888,215805,23029,414660,88571,42578,45993
72370,448579,33889,215820,23029,414690,88571,42578,45993
72375,448610,33890,215835,23029,414720,88571,42578,45993
72380,448641,33891,215845,23029,414750,88571,42578,45993
72385,448672,33892,215859,23029,414779,88571,42578,45993
72390,448703,33893,215877,23029,414810,88571,42578,45993
72395,448734,33894,215887,23029,414840,88571,42578,45993
72400,448765,33896,215899,23029,414869,88571,42578,45993
72405,448796,33902,215913,23033,414893,88571,42578,45993
72410,448827,33909,215927,23038,414918,88571,42578,45993
72415,448858,33912,215941,23041,414946,88571,42578,45993
72420,448889,33917,215957,23043,414972,88571,42578,45993
72425,448920,33922,215972,23046,414998,88571,42578,45993
72430,448951,33926,215986,23048,415025,88571,42578,45993
72435,448982,33931,216002,23052,415051,88571,42578,45993
72440,449013,33935,216019,23055,415078,88571,42578,45993
72445,449044,33942,216037,23061,415102,88571,42578,45993
72450,449075,33947,216055,23065,415128,88571,42578,45993
72455,449106,33952,216069,23068,415154,88571,42578,45993
72460,449137,33955,216082,23070,415182,88571,42578,45993
72465,449168,33956,216097,23071,415212,88571,42578,45993
72470,449199,33957,216110,23072,415242,88571,42578,45993
72475,449230,33958,216129,23073,415272,88571,42578,45993
72480,449261,33959,216146,23074,415302,88571,42578,45993
72485,449292,33960,216160,23074,415332,88571,42578,45993
72490,449323,33961,216180,23075,415362,88571,42578,45993
72495,449354,33962,216197,23075,415392,88571,42578,45993
72500,449385,33963,216212,23076,415422,88571,42578,45993
72505,449416,33964,216230,23077,415452,88571,42578,45993
72510,449447,33965,216244,23077,415482,88571,42578,45993
72515,449478,33966,216260,23078,415512,88571,42578,45993
72520,449509,33967,216275,23079,415542,88571,42578,45993
72525,449540,33968,216286,23080,415572,88571,42578,45993
72530,449571,33969,216298,23081,415602,88571,42578,45993
72535,449602,33970,216312,23081,415632,88571,42578,45993
72540,449633,33971,216326,23082,415662,88571,42578,45993
72545,449664,33972,216348,23082,415692,88571,42578,45993
72550,449695,33973,216362,23083,415722,88571,42578,45993
72555,449726,33974,216377,23083,415752,88571,42578,45993
72560,449757,33975,216394,23083,415782,88571,42578,45993
72565,449788,33976,216412,23084,415812,88571,42578,45993
72570,449819,33979,216428,23086,415840,88571,42578,45993
72575,449850,33982,216437,23087,415868,88571,42578,45993
72580,449881,33986,216453,23089,415895,88571,42578,45993
72585,449912,33989,216467,23090,415923,88571,42578,45993
72590,449943,33993,216480,23092,415950,88571,42578,45993
72595,449974,33996,216500,23094,415978,88571,42578,45993
72600,450005,33999,216518,23096,416006,88571,42578,45993
72605,450036,34003,216531,23098,416033,88571,42578,45993
72610,450067,34007,216544,23101,416060,88571,42578,45993
72615,450098,34010,216558,23103,416088,88571,42578,45993
72620,450129,34015,216574,23108,416114,88571,42578,45993
72625,450160,34019,216585,23110,416141,88571,42578,45993
72630,450191,34024,216604,23114,416167,88571,42578,45993
72635,450222,34029,216617,23118,416193,88571,42578,45993
72640,450253,34034,216627,23120,416219,88571,42578,45993
72645,450284,34038,216645,23123,416246,88571,42578,45993
72650,450315,34042,216661,23126,416273,88571,42578,45993
72655,450346,34044,216677,23126,416302,88571,42578,45993
72660,450377,34046,216688,23127,416331,88571,42578,45993
72665,450408,34050,216705,23130,416358,88571,42578,45993
72670,450439,34053,216718,23131,416386,88571,42578,45993
72675,450470,34055,216734,23132,416415,88571,42578,45993
72680,450501,34059,216750,23134,416442,88571,42578,45993
72685,450532,34063,216766,23138,416469,88571,42578,45993
72690,450563,34066,216775,23139,416497,88571,42578,45993
72695,450594,34067,216795,23140,416527,88571,42578,45993
72700,450625,34068,216812,23141,416557,88571,42578,45993
72705,450656,34069,216833,23141,416587,88571,42578,45993
72710,450687,34070,216848,23142,416617,88571,42578,45993
72715,450718,34071,216866,23143,416647,88571,42578,45993
72720,450749,34072,216883,23144,416677,88571,42578,45993
72725,450780,34073,216894,23144,416707,88571,42578,45993
72730,450811,34074,216910,23145,416737,88571,42578,45993
72735,450842,34075,216924,23146,416767,88571,42578,45993
72740,450873,34076,216944,23147,416797,88571,42578,45993
72745,450904,34077,216952,23148,416827,88571,42578,45993
72750,450935,34080,216966,23149,416855,88571,42578,45993
72755,450966,34082,216977,23149,416884,88571,42578,45993
72760,450997,34085,216993,23151,416912,88571,42578,45993
72765,451028,34087,217004,23152,416941,88571,42578,45993
72770,451059,34089,217016,23154,416970,88571,42578,45993
72775,451090,34092,217032,23157,416998,88571,42578,45993
72780,451121,34095,217043,23159,417026,88571,42578,45993
72785,451152,34099,217058,23161,417053,88571,42578,45993
72790,451183,34102,217073,23163,417081,88571,42578,45993
72795,451214,34106,217087,23165,417108,88571,42578,45993
72800,451245,34109,217105,23166,417136,88571,42578,45993
72805,451276,34114,217121,23168,417162,88571,42578,45993
72810,451307,34116,217138,23168,417191,88571,42578,45993
72815,451338,34118,217150,23169,417220,88571,42578,45993
72820,451369,34120,217163,23169,417249,88571,42578,45993
72825,451400,34122,217179,23170,417278,88571,42578,45993
72830,451431,34124,217200,23171,417307,88571,42578,45993
72835,451462,34126,217215,23172,417336,88571,42578,45993
72840,451493,34128,217227,23173,417365,88571,42578,45993
72845,451524,34130,217246,23175,417394,88571,42578,45993
72850,451555,34133,217256,23177,417422,88571,42578,45993
72855,451586,34135,217268,23177,417451,88571,42578,45993
72860,451617,34137,217283,23179,417480,88571,42578,45993
72865,451648,34139,217293,23179,417509,88571,42578,45993
72870,451679,34142,217309,23181,417537,88571,42578,45993
72875,451710,34145,217330,23182,417565,88571,42578,45993
72880,451741,34147,217342,23183,417594,88571,42578,45993
72885,451772,34149,217357,23185,417623,88571,42578,45993
72890,451803,34152,217367,23187,417651,88571,42578,45993
72895,451834,34156,217380,23190,417678,88571,42578,45993
72900,451865,34160,217390,23192,417705,88571,42578,45993
72905,451896,34162,217401,23193,417734,88571,42578,45993
72910,451927,34165,217416,23196,417762,88571,42578,45993
72915,451958,34169,217432,23199,417789,88571,42578,45993
72920,451989,34173,217446,23201,417816,88571,42578,45993
72925,452020,34177,217460,23202,417843,88571,42578,45993
72930,452051,34181,217477,23204,417870,88571,42578,45993
72935,452082,34184,217491,23206,417898,88571,42578,45993
72940,452113,34187,217503,23207,417926,88571,42578,45993
72945,452144,34189,217522,23207,417955,88571,42578,45993
72950,452175,34192,217534,23209,417983,88571,42578,45993
72955,452206,34196,217547,23213,418010,88571,42578,45993
72960,452237,34198,217563,23213,418039,88571,42578,45993
72965,452268,34201,217586,23216,418067,88571,42578,45993
72970,452299,34204,217601,23219,418095,88571,42578,45993
72975,452330,34206,217617,23220,418124,88571,42578,45993
72980,452361,34206,217634,23220,418155,88571,42578,45993
72985,452392,34206,217647,23220,418186,88571,42578,45993
72990,452423,34206,217659,23220,418217,88571,42578,45993
72995,452454,34206,217671,23220,418248,88571,42578,45993
73000,452485,34206,217679,23220,418279,88571,42578,45993
73005,452516,34206,217692,23220,418309,88571,42578,45993
73010,452547,34206,217709,23220,418340,88571,42578,45993
73015,452578,34206,217720,23220,418371,88571,42578,45993
73020,452609,34206,217735,23220,418403,88571,42578,45993
73025,452640,34206,217750,23220,418433,88571,42578,45993
73030,452671,34206,217763,23220,418464,88571,42578,45993
73035,452702,34206,217775,23220,418495,88571,42578,45993
73040,452733,34207,217789,23220,418526,88571,42578,45993
73045,452764,34208,217799,23220,418556,88571,42578,45993
73050,452795,34209,217817,23220,418586,88571,42578,45993
73055,452826,34210,217833,23220,418616,88571,42578,45993
73060,452857,34211,217847,23221,418646,88571,42578,45993
73065,452888,34213,217861,23221,418675,88571,42578,45993
73070,452919,34215,217875,23222,418704,88571,42578,45993
73075,452950,34217,217889,23223,418733,88571,42578,45993
73080,452981,34220,217902,23226,418761,88571,42578,45993
73085,453012,34224,217918,23229,418788,88571,42578,45993
73090,453043,34227,217933,23231,418816,88571,42578,45993
73095,453074,34230,217946,23234,418844,88571,42578,45993
73100,453105,34234,217965,23237,418871,88571,42578,45993
73105,453136,34238,217981,23239,418898,88571,42578,45993
73110,453167,34242,217994,23242,418925,88571,42578,45993
73115,453198,34245,218010,23243,418953,88571,42578,45993
73120,453229,34248,218028,23246,418981,88571,42578,45993
73125,453260,34252,218045,23250,419008,88571,42578,45993
73130,453291,34257,218056,23253,419034,88571,42578,45993
73135,453322,34262,218068,23257,419060,88571,42578,45993
73140,453353,34267,218084,23260,419086,88571,42578,45993
73145,453384,34273,218097,23265,419111,88571,42578,45993
73150,453415,34276,218113,23267,419139,88571,42578,45993
73155,453446,34278,218123,23268,419168,88571,42578,45993
73160,453477,34280,218139,23269,419197,88571,42578,45993
73165,453508,34283,218155,23270,419225,88571,42578,45993
73170,453539,34286,218173,23272,419253,88571,42578,45993
73175,453570,34289,218184,23275,419281,88571,42578,45993
73180,453601,34292,218199,23277,419309,88571,42578,45993
73185,453632,34296,218218,23280,419336,88571,42578,45993
73190,453663,34299,218231,23282,419364,88571,42578,45993
73195,453694,34300,218249,23283,419394,88571,42578,45993
73200,453725,34301,218267,23284,419424,88571,42578,45993
73205,453756,34302,218282,23285,419454,88571,42578,45993
73210,453787,34303,218297,23286,419484,88571,42578,45993
73215,453818,34304,218309,23286,419514,88571,42578,45993
73220,453849,34305,218324,23286,419544,88571,42578,45993
73225,453880,34306,218341,23287,419574,88571,42578,45993
73230,453911,34307,218352,23288,419604,88571,42578,45993
73235,453942,34308,218368,23289,419634,88571,42578,45993
73240,453973,34309,218380,23289,419664,88571,42578,45993
73245,454004,34310,218393,23289,419694,88571,42578,45993
73250,454035,34311,218408,23290,419724,88571,42578,45993
73255,454066,34314,218418,23292,419752,88571,42578,45993
73260,454097,34318,218436,23295,419779,88571,42578,45993
73265,454128,34322,218450,23298,419806,88571,42578,45993
73270,454159,34324,218463,23300,419835,88571,42578,45993
73275,454190,34328,218480,23303,419862,88571,42578,45993
73280,454221,34331,218496,23305,419890,88571,42578,45993
73285,454252,34334,218513,23307,419918,88571,42578,45993
73290,454283,34338,218533,23311,419945,88571,42578,45993
73295,454314,34341,218548,23312,419973,88571,42578,45993
73300,454345,34342,218567,23312,420003,88571,42578,45993
73305,454376,34344,218578,23314,420032,88571,42578,45993
73310,454407,34346,218593,23316,420061,88571,42578,45993
73315,454438,34348,218605,23317,420090,88571,42578,45993
73320,454469,34350,218621,23319,420119,88571,42578,45993
73325,454500,34352,218634,23320,420148,88571,42578,45993
73330,454531,34354,218646,23322,420177,88571,42578,45993
73335,454562,34357,218661,23324,420205,88571,42578,45993
73340,454593,34360,218678,23326,420233,88571,42578,45993
73345,454624,34362,218695,23327,420262,88571,42578,45993
73350,454655,34364,218712,23327,420291,88571,42578,45993
73355,454686,34366,218723,23327,420320,88571,42578,45993
73360,454717,34368,218736,23327,420349,88571,42578,45993
73365,454748,34372,218754,23330,420376,88571,42578,45993
73370,454779,34375,218769,23332,420404,88571,42578,45993
73375,454810,34379,218788,23336,420431,88571,42578,45993
73380,454841,34382,218802,23338,420459,88571,42578,45993
73385,454872,34385,218819,23341,420487,88571,42578,45993
73390,454903,34388,218831,23342,420515,88571,42578,45993
73395,454934,34391,218844,23344,420543,88571,42578,45993
73400,454965,34394,218857,23345,420571,88571,42578,45993
73405,454996,34396,218870,23346,420600,88571,42578,45993
73410,455027,34398,218885,23347,420629,88571,42578,45993
73415,455058,34400,218901,23347,420658,88571,42578,45993
73420,455089,34402,218917,23349,420687,88571,42578,45993
73425,455120,34406,218933,23352,420714,88571,42578,45993
73430,455151,34409,218941,23353,420742,88571,42578,45993
73435,455182,34411,218954,23353,420771,88571,42578,45993
73440,455213,34414,218970,23354,420799,88571,42578,45993
73445,455244,34417,218988,23356,420827,88571,42578,45993
73450,455275,34420,219003,23359,420855,88571,42578,45993
73455,455306,34422,219017,23360,420884,88571,42578,45993
73460,455337,34425,219032,23361,420912,88571,42578,45993
73465,455368,34428,219044,23362,420940,88571,42578,45993
73470,455399,34432,219064,23366,420967,88571,42578,45993
73475,455430,34435,219077,23367,420995,88571,42578,45993
73480,455461,34438,219095,23369,421023,88571,42578,45993
73485,455492,34439,219111,23369,421053,88571,42578,45993
73490,455523,34440,219128,23370,421083,88571,42578,45993
73495,455554,34441,219148,23370,421113,88571,42578,45993
73500,455585,34442,219162,23370,421143,88571,42578,45993
73505,455616,34443,219173,23370,421173,88571,42578,45993
73510,455647,34445,219187,23371,421202,88571,42578,45993
73515,455678,34447,219204,23372,421231,88571,42578,45993
73520,455709,34449,219219,23373,421260,88571,42578,45993
73525,455740,34451,219237,23373,421289,88571,42578,45993
73530,455771,34453,219250,23374,421318,88571,42578,45993
73535,455802,34455,219263,23375,421347,88571,42578,45993
73540,455833,34457,219279,23376,421376,88571,42578,45993
73545,455864,34459,219293,23377,421405,88571,42578,45993
73550,455895,34461,219308,23378,421434,88571,42578,45993
73555,455926,34463,219318,23379,421463,88571,42578,45993
73560,455957,34465,219332,23380,421492,88571,42578,45993
73565,455988,34467,219347,23381,421521,88571,42578,45993
73570,456019,34469,219364,23381,421550,88571,42578,45993
73575,456050,34472,219381,23383,421578,88571,42578,45993
73580,456081,34474,219396,23384,421607,88571,42578,45993
73585,456112,34477,219412,23385,421635,88571,42578,45993
73590,456143,34481,219425,23388,421662,88571,42578,45993
73595,456174,34486,219437,23391,421688,88571,42578,45993
73600,456205,34489,219452,23394,421716,88571,42578,45993
73605,456236,34493,219469,23398,421743,88571,42578,45993
73610,456267,34498,219487,23402,421769,88571,42578,45993
73615,456298,34501,219501,23403,421797,88571,42578,45993
73620,456329,34505,219514,23405,421824,88571,42578,45993
73625,456360,34508,219531,23408,421852,88571,42578,45993
73630,456391,34511,219544,23410,421880,88571,42578,45993
73635,456422,34514,219562,23412,421908,88571,42578,45993
73640,456453,34517,219578,23413,421936,88571,42578,45993
73645,456484,34521,219591,23417,421963,88571,42578,45993
73650,456515,34525,219603,23419,421990,88571,42578,45993
73655,456546,34527,219616,23421,422019,88571,42578,45993
73660,456577,34529,219632,23423,422048,88571,42578,45993
73665,456608,34530,219643,23424,422077,88571,42578,45993
73670,456639,34533,219657,23426,422106,88571,42578,45993
73675,456670,34535,219670,23428,422135,88571,42578,45993
73680,456701,34538,219683,23430,422163,88571,42578,45993
73685,456732,34538,219696,23430,422194,88571,42578,45993
73690,456763,34538,219712,23430,422225,88571,42578,45993
73695,456794,34538,219727,23430,422256,88571,42578,45993
73700,456825,34538,219741,23430,422287,88571,42578,45993
73705,456856,34538,219758,23430,422318,88571,42578,45993
73710,456887,34538,219774,23430,422349,88571,42578,45993
73715,456918,34538,219794,23430,422380,88571,42578,45993
73720,456949,34538,219813,23430,422411,88571,42578,45993
73725,456980,34539,219827,23430,422441,88571,42578,45993
73730,457011,34540,219841,23430,422471,88571,42578,45993
73735,457042,34541,219856,23430,422501,88571,42578,45993
73740,457073,34542,219869,23431,422531,88571,42578,45993
73745,457104,34543,219883,23432,422561,88571,42578,45993
73750,457135,34544,219897,23432,422591,88571,42578,45993
73755,457166,34545,219909,23432,422621,88571,42578,45993
73760,457197,34546,219924,23432,422651,88571,42578,45993
73765,457228,34548,219942,23433,422680,88571,42578,45993
73770,457259,34550,219957,23435,422709,88571,42578,45993
73775,457290,34552,219975,23435,422738,88571,42578,45993
73780,457321,34554,219991,23435,422767,88571,42578,45993
73785,457352,34556,220005,23436,422796,88571,42578,45993
73790,457383,34560,220019,23438,422823,88571,42578,45993
73795,457414,34563,220033,23439,422851,88571,42578,45993
73800,457445,34566,220046,23440,422879,88571,42578,45993
73805,457476,34569,220065,23441,422907,88571,42578,45993
73810,457507,34572,220077,23442,422935,88571,42578,45993
73815,457538,34575,220092,23443,422963,88571,42578,45993
73820,457569,34578,220105,23446,422991,88571,42578,45993
73825,457600,34582,220123,23450,423018,88571,42578,45993
73830,457631,34585,220138,23451,423046,88571,42578,45993
73835,457662,34588,220154,23452,423074,88571,42578,45993
73840,457693,34592,220167,23454,423101,88571,42578,45993
73845,457724,34595,220182,23456,423129,88571,42578,45993
73850,457755,34598,220200,23458,423157,88571,42578,45993
73855,457786,34602,220217,23461,423184,88571,42578,45993
73860,457817,34606,220227,23463,423211,88571,42578,45993
73865,457848,34610,220244,23466,423238,88571,42578,45993
73870,457879,34614,220255,23467,423265,88571,42578,45993
73875,457910,34618,220270,23470,423292,88571,42578,45993
73880,457941,34622,220283,23473,423319,88571,42578,45993
73885,457972,34628,220302,23477,423344,88571,42578,45993
73890,458003,34632,220316,23479,423371,88571,42578,45993
73895,458034,34638,220331,23483,423396,88571,42578,45993
73900,458065,34643,220346,23486,423422,88571,42578,45993
73905,458096,34647,220361,23488,423449,88571,42578,45993
73910,458127,34652,220374,23492,423475,88571,42578,45993
73915,458158,34655,220386,23493,423503,88571,42578,45993
73920,458189,34656,220401,23494,423532,88571,42578,45993
73925,458220,34657,220419,23495,423562,88571,42578,45993
73930,458251,34658,220434,23495,423592,88571,42578,45993
73935,458282,34659,220453,23496,423622,88571,42578,45993
73940,458313,34660,220469,23496,423653,88571,42578,45993
73945,458344,34661,220489,23496,423683,88571,42578,45993
73950,458375,34662,220503,23496,423713,88571,42578,45993
73955,458406,34663,220520,23497,423742,88571,42578,45993
73960,458437,34664,220533,23497,423773,88571,42578,45993
73965,458468,34665,220548,23498,423803,88571,42578,45993
73970,458499,34666,220566,23498,423833,88571,42578,45993
73975,458530,34667,220581,23499,423863,88571,42578,45993
73980,458561,34668,220600,23500,423893,88571,42578,45993
73985,458592,34669,220616,23501,423923,88571,42578,45993
73990,458623,34670,220629,23502,423953,88571,42578,45993
73995,458654,34671,220639,23502,423983,88571,42578,45993
74000,458685,34672,220653,23503,424013,88571,42578,45993
74005,458716,34673,220664,23503,424043,88571,42578,45993
74010,458747,34675,220679,23505,424072,88571,42578,45993
74015,458778,34677,220696,23506,424101,88571,42578,45993
74020,458809,34679,220708,23506,424130,88571,42578,45993
74025,458840,34681,220723,23507,424159,88571,42578,45993
74030,458871,34685,220738,23509,424186,88571,42578,45993
74035,458902,34689,220756,23513,424213,88571,42578,45993
74040,458933,34693,220773,23516,424240,88571,42578,45993
74045,458964,34697,220792,23519,424267,88571,42578,45993
74050,458995,34701,220808,23522,424294,88571,42578,45993
74055,459026,34704,220818,23523,424322,88571,42578,45993
74060,459057,34707,220833,23526,424350,88571,42578,45993
74065,459088,34712,220854,23530,424376,88571,42578,45993
74070,459119,34716,220867,23532,424403,88571,42578,45993
74075,459150,34721,220880,23536,424429,88571,42578,45993
74080,459181,34725,220892,23539,424456,88571,42578,45993
74085,459212,34730,220908,23543,424482,88571,42578,45993
74090,459243,34733,220923,23545,424509,88571,42578,45993
74095,459274,34736,220935,23547,424538,88571,42578,45993
74100,459305,34739,220948,23548,424565,88571,42578,45993
74105,459336,34742,220968,23551,424593,88571,42578,45993
74110,459367,34746,220982,23553,424621,88571,42578,45993
74115,459398,34749,220999,23555,424648,88571,42578,45993
74120,459429,34753,221015,23557,424676,88571,42578,45993
74125,459460,34755,221030,23559,424705,88571,42578,45993
74130,459491,34758,221050,23561,424732,88571,42578,45993
74135,459522,34760,221061,23561,424762,88571,42578,45993
74140,459553,34762,221076,23562,424791,88571,42578,45993
74145,459584,34765,221088,23563,424819,88571,42578,45993
74150,459615,34766,221104,23564,424849,88571,42578,45993
74155,459646,34767,221114,23564,424879,88571,42578,45993
74160,459677,34768,221127,23564,424909,88571,42578,45993
74165,459708,34769,221139,23565,424939,88571,42578,45993
74170,459739,34770,221155,23565,424969,88571,42578,45993
74175,459770,34771,221170,23565,424999,88571,42578,45993
74180,459801,34772,221187,23565,425029,88571,42578,45993
74185,459832,34773,221202,23565,425059,88571,42578,45993
74190,459863,34774,221216,23565,425089,88571,42578,45993
74195,459894,34776,221228,23566,425118,88571,42578,45993
74200,459925,34779,221245,23568,425146,88571,42578,45993
74205,459956,34781,221261,23570,425175,88571,42578,45993
74210,459987,34784,221282,23572,425203,88571,42578,45993
74215,460018,34787,221298,23574,425231,88571,42578,45993
74220,460049,34790,221315,23575,425259,88571,42578,45993
74225,460080,34793,221331,23578,425287,88571,42578,45993
74230,460111,34795,221346,23579,425316,88571,42578,45993
74235,460142,34798,221363,23582,425344,88571,42578,45993
74240,460173,34801,221384,23585,425372,88571,42578,45993
74245,460204,34803,221395,23585,425401,88571,42578,45993
74250,460235,34806,221407,23587,425429,88571,42578,45993
74255,460266,34808,221423,23589,425458,88571,42578,45993
74260,460297,34812,221443,23591,425485,88571,42578,45993
74265,460328,34816,221456,23593,425512,88571,42578,45993
74270,460359,34819,221468,23593,425540,88571,42578,45993
74275,460390,34823,221484,23595,425567,88571,42578,45993
74280,460421,34825,221498,23596,425596,88571,42578,45993
74285,460452,34826,221512,23597,425626,88571,42578,45993
74290,460483,34827,221522,23597,425656,88571,42578,45993
74295,460514,34828,221539,23597,425686,88571,42578,45993
74300,460545,34829,221552,23598,425716,88571,42578,45993
74305,460576,34830,221569,23599,425746,88571,42578,45993
74310,460607,34831,221583,23599,425776,88571,42578,45993
74315,460638,34832,221596,23599,425806,88571,42578,45993
74320,460669,34833,221607,23599,425836,88571,42578,45993
74325,460700,34834,221618,23599,425866,88571,42578,45993
74330,460731,34835,221628,23599,425896,88571,42578,45993
74335,460762,34837,221641,23600,425925,88571,42578,45993
74340,460793,34839,221660,23601,425954,88571,42578,45993
74345,460824,34841,221673,23602,425983,88571,42578,45993
74350,460855,34843,221687,23604,426012,88571,42578,45993
74355,460886,34845,221696,23605,426041,88571,42578,45993
74360,460917,34846,221711,23605,426071,88571,42578,45993
74365,460948,34848,221723,23606,426100,88571,42578,45993
74370,460979,34849,221737,23606,426130,88571,42578,45993
74375,461010,34851,221755,23608,426159,88571,42578,45993
74380,461041,34854,221768,23611,426187,88571,42578,45993
74385,461072,34858,221782,23613,426213,88571,42578,45993
74390,461103,34863,221801,23618,426240,88571,42578,45993
74395,461134,34869,221821,23624,426265,88571,42578,45993
74400,461165,34873,221833,23627,426292,88571,42578,45993
74405,461196,34875,221846,23627,426321,88571,42578,45993
74410,461227,34877,221860,23628,426350,88571,42578,45993
74415,461258,34880,221872,23629,426378,88571,42578,45993
74420,461289,34883,221887,23632,426406,88571,42578,45993
74425,461320,34886,221903,23633,426434,88571,42578,45993
74430,461351,34888,221913,23634,426463,88571,42578,45993
74435,461382,34890,221928,23635,426492,88571,42578,45993
74440,461413,34892,221943,23637,426521,88571,42578,45993
74445,461444,34894,221951,23637,426550,88571,42578,45993
74450,461475,34899,221966,23642,426576,88571,42578,45993
74455,461506,34901,221976,23642,426605,88571,42578,45993
74460,461537,34904,221990,23645,426633,88571,42578,45993
74465,461568,34905,222001,23645,426663,88571,42578,45993
74470,461599,34906,222013,23646,426693,88571,42578,45993
74475,461630,34907,222028,23647,426723,88571,42578,45993
74480,461661,34908,222039,23647,426753,88571,42578,45993
74485,461692,34909,222057,23648,426783,88571,42578,45993
74490,461723,34910,222070,23648,426813,88571,42578,45993
74495,461754,34911,222084,23649,426843,88571,42578,45993
74500,461785,34912,222099,23650,426873,88571,42578,45993
74505,461816,34913,222116,23651,426903,88571,42578,45993
74510,461847,34915,222136,23652,426932,88571,42578,45993
74515,461878,34917,222147,23653,426961,88571,42578,45993
74520,461909,34919,222164,23654,426990,88571,42578,45993
74525,461940,34921,222177,23655,427019,88571,42578,45993
74530,461971,34923,222187,23655,427048,88571,42578,45993
74535,462002,34926,222202,23657,427076,88571,42578,45993
74540,462033,34928,222213,23657,427105,88571,42578,45993
74545,462064,34930,222227,23659,427134,88571,42578,45993
74550,462095,34933,222241,23661,427162,88571,42578,45993
74555,462126,34936,222256,23663,427190,88571,42578,45993
74560,462157,34939,222270,23665,427218,88571,42578,45993
74565,462188,34941,222284,23665,427247,88571,42578,45993
74570,462219,34946,222297,23669,427273,88571,42578,45993
74575,462250,34952,222314,23675,427298,88571,42578,45993
74580,462281,34956,222326,23679,427324,88571,42578,45993
74585,462312,34962,222339,23683,427350,88571,42578,45993
74590,462343,34969,222355,23689,427374,88571,42578,45993
74595,462374,34976,222372,23695,427398,88571,42578,45993
74600,462405,34981,222391,23698,427424,88571,42578,45993
74605,462436,34984,222404,23700,427452,88571,42578,45993
74610,462467,34985,222419,23701,427482,88571,42578,45993
74615,462498,34986,222434,23702,427512,88571,42578,45993
74620,462529,34987,222448,23702,427542,88571,42578,45993
74625,462560,34988,222462,23702,427572,88571,42578,45993
74630,462591,34989,222479,23702,427602,88571,42578,45993
74635,462622,34990,222494,23703,427632,88571,42578,45993
74640,462653,34991,222510,23703,427662,88571,42578,45993
74645,462684,34992,222524,23704,427692,88571,42578,45993
74650,462715,34993,222538,23705,427722,88571,42578,45993
74655,462746,34994,222556,23706,427752,88571,42578,45993
74660,462777,34995,222570,23706,427782,88571,42578,45993
74665,462808,34996,222584,23707,427812,88571,42578,45993
74670,462839,34997,222598,23707,427842,88571,42578,45993
74675,462870,34998,222614,23707,427872,88571,42578,45993
74680,462901,34999,222626,23708,427902,88571,42578,45993
74685,462932,35000,222637,23709,427932,88571,42578,45993
74690,462963,35001,222650,23709,427962,88571,42578,45993
74695,462994,35002,222663,23709,427992,88571,42578,45993
74700,463025,35003,222679,23710,428022,88571,42578,45993
74705,463056,35004,222694,23711,428052,88571,42578,45993
74710,463087,35005,222705,23711,428082,88571,42578,45993
74715,463118,35009,222721,23714,428109,88571,42578,45993
74720,463149,35012,222735,23716,428137,88571,42578,45993
74725,463180,35015,222752,23719,428165,88571,42578,45993
74730,463211,35019,222766,23721,428192,88571,42578,45993
74735,463242,35023,222779,23724,428219,88571,42578,45993
74740,463273,35027,222797,23727,428246,88571,42578,45993
74745,463304,35030,222812,23728,428274,88571,42578,45993
74750,463335,35033,222827,23730,428302,88571,42578,45993
74755,463366,35037,222844,23732,428329,88571,42578,45993
74760,463397,35040,222858,23733,428357,88571,42578,45993
74765,463428,35044,222873,23735,428384,88571,42578,45993
74770,463459,35047,222887,23736,428412,88571,42578,45993
74775,463490,35050,222904,23739,428440,88571,42578,45993
74780,463521,35053,222918,23741,428468,88571,42578,45993
74785,463552,35057,222930,23742,428495,88571,42578,45993
74790,463583,35061,222944,23745,428522,88571,42578,45993
74795,463614,35067,222960,23749,428546,88571,42578,45993
74800,463645,35071,222972,23751,428573,88571,42578,45993
74805,463676,35073,222984,23752,428602,88571,42578,45993
74810,463707,35077,222997,23756,428630,88571,42578,45993
74815,463738,35079,223013,23757,428659,88571,42578,45993
74820,463769,35081,223024,23758,428688,88571,42578,45993
74825,463800,35084,223043,23761,428716,88571,42578,45993
74830,463831,35087,223057,23763,428744,88571,42578,45993
74835,463862,35089,223073,23764,428773,88571,42578,45993
74840,463893,35093,223089,23767,428800,88571,42578,45993
74845,463924,35095,223106,23768,428829,88571,42578,45993
74850,463955,35099,223120,23770,428856,88571,42578,45993
74855,463986,35102,223133,23771,428884,88571,42578,45993
74860,464017,35106,223152,23774,428911,88571,42578,45993
74865,464048,35109,223166,23776,428939,88571,42578,45993
74870,464079,35110,223180,23777,428969,88571,42578,45993
74875,464110,35111,223191,23778,428999,88571,42578,45993
74880,464141,35112,223204,23779,429029,88571,42578,45993
74885,464172,35113,223223,23779,429059,88571,42578,45993
74890,464203,35114,223234,23780,429089,88571,42578,45993
74895,464234,35115,223248,23781,429119,88571,42578,45993
74900,464265,35116,223264,23782,429149,88571,42578,45993
74905,464296,35117,223279,23782,429179,88571,42578,45993
74910,464327,35119,223293,23783,429208,88571,42578,45993
74915,464358,35121,223305,23785,429237,88571,42578,45993
74920,464389,35123,223320,23785,429266,88571,42578,45993
74925,464420,35125,223333,23786,429295,88571,42578,45993
74930,464451,35128,223347,23788,429323,88571,42578,45993
74935,464482,35131,223365,23790,429351,88571,42578,45993
74940,464513,35133,223385,23792,429380,88571,42578,45993
74945,464544,35134,223399,23793,429410,88571,42578,45993
74950,464575,35135,223411,23794,429440,88571,42578,45993
74955,464606,35136,223422,23795,429470,88571,42578,45993
74960,464637,35137,223435,23796,429500,88571,42578,45993
74965,464668,35138,223450,23796,429530,88571,42578,45993
74970,464699,35139,223459,23797,429560,88571,42578,45993
74975,464730,35141,223473,23798,429589,88571,42578,45993
74980,464761,35143,223484,23799,429618,88571,42578,45993
74985,464792,35147,223502,23801,429645,88571,42578,45993
74990,464823,35151,223515,23803,429672,88571,42578,45993
74995,464854,35155,223532,23805,429699,88571,42578,45993
75000,464885,35159,223549,23808,429726,88571,42578,45993
75005,464916,35161,223567,23809,429755,88571,42578,45993
75010,464947,35162,223583,23810,429785,88571,42578,45993
75015,464978,35163,223597,23810,429815,88571,42578,45993
75020,465009,35165,223618,23811,429844,88571,42578,45993
75025,465040,35167,223628,23812,429873,88571,42578,45993
75030,465071,35168,223640,23812,429903,88571,42578,45993
75035,465102,35170,223655,23814,429932,88571,42578,45993
75040,465133,35172,223668,23815,429961,88571,42578,45993
75045,465164,35174,223679,23816,429990,88571,42578,45993
75050,465195,35178,223693,23819,430017,88571,42578,45993
75055,465226,35182,223709,23822,430044,88571,42578,45993
75060,465257,35185,223723,23824,430072,88571,42578,45993
75065,465288,35187,223741,23824,430101,88571,42578,45993
75070,465319,35191,223759,23826,430128,88571,42578,45993
75075,465350,35192,223770,23827,430158,88571,42578,45993
75080,465381,35193,223784,23827,430188,88571,42578,45993
75085,465412,35194,223802,23827,430218,88571,42578,45993
75090,465443,35195,223813,23827,430248,88571,42578,45993
75095,465474,35196,223831,23828,430278,88571,42578,45993
75100,465505,35197,223846,23829,430308,88571,42578,45993
75105,465536,35199,223863,23831,430337,88571,42578,45993
75110,465567,35202,223874,23832,430365,88571,42578,45993
75115,465598,35204,223889,23833,430394,88571,42578,45993
75120,465629,35209,223905,23836,430420,88571,42578,45993
75125,465660,35213,223921,23838,430447,88571,42578,45993
75130,465691,35217,223940,23841,430474,88571,42578,45993
75135,465722,35221,223955,23844,430501,88571,42578,45993
75140,465753,35225,223967,23847,430528,88571,42578,45993
75145,465784,35226,223983,23847,430558,88571,42578,45993
75150,465815,35227,224002,23848,430588,88571,42578,45993
75155,465846,35228,224021,23849,430618,88571,42578,45993
75160,465877,35229,224043,23850,430648,88571,42578,45993
75165,465908,35230,224057,23851,430678,88571,42578,45993
75170,465939,35231,224075,23852,430708,88571,42578,45993
75175,465970,35232,224083,23852,430738,88571,42578,45993
75180,466001,35234,224095,23853,430767,88571,42578,45993
75185,466032,35236,224114,23853,430796,88571,42578,45993
75190,466063,35238,224130,23853,430825,88571,42578,45993
75195,466094,35240,224145,23853,430854,88571,42578,45993
75200,466125,35242,224160,23855,430883,88571,42578,45993
75205,466156,35244,224174,23856,430912,88571,42578,45993
75210,466187,35246,224191,23857,430941,88571,42578,45993
75215,466218,35248,224211,23859,430970,88571,42578,45993
75220,466249,35250,224233,23860,430999,88571,42578,45993
75225,466280,35252,224246,23860,431028,88571,42578,45993
75230,466311,35254,224261,23860,431057,88571,42578,45993
75235,466342,35257,224274,23863,431085,88571,42578,45993
75240,466373,35260,224290,23865,431113,88571,42578,45993
75245,466404,35263,224307,23866,431141,88571,42578,45993
75250,466435,35267,224319,23869,431168,88571,42578,45993
75255,466466,35271,224336,23871,431195,88571,42578,45993
75260,466497,35275,224350,23874,431222,88571,42578,45993
75265,466528,35279,224366,23877,431249,88571,42578,45993
75270,466559,35283,224375,23879,431276,88571,42578,45993
75275,466590,35286,224389,23880,431304,88571,42578,45993
75280,466621,35291,224402,23882,431330,88571,42578,45993
75285,466652,35297,224417,23887,431355,88571,42578,45993
75290,466683,35301,224429,23889,431382,88571,42578,45993
75295,466714,35308,224446,23895,431406,88571,42578,45993
75300,466745,35314,224458,23899,431431,88571,42578,45993
75305,466776,35317,224473,23902,431459,88571,42578,45993
75310,466807,35321,224491,23905,431486,88571,42578,45993
75315,466838,35322,224504,23906,431516,88571,42578,45993
75320,466869,35323,224519,23907,431546,88571,42578,45993
75325,466900,35324,224531,23907,431576,88571,42578,45993
75330,466931,35325,224544,23907,431606,88571,42578,45993
75335,466962,35326,224561,23908,431636,88571,42578,45993
75340,466993,35327,224576,23909,431666,88571,42578,45993
75345,467024,35328,224596,23909,431696,88571,42578,45993
75350,467055,35329,224611,23910,431726,88571,42578,45993
75355,467086,35330,224625,23910,431756,88571,42578,45993
75360,467117,35331,224643,23910,431786,88571,42578,45993
75365,467148,35332,224655,23910,431816,88571,42578,45993
75370,467179,35333,224670,23910,431846,88571,42578,45993
75375,467210,35334,224686,23910,431876,88571,42578,45993
75380,467241,35335,224700,23910,431906,88571,42578,45993
75385,467272,35336,224716,23910,431936,88571,42578,45993
75390,467303,35337,224732,23911,431966,88571,42578,45993
75395,467334,35338,224750,23912,431996,88571,42578,45993
75400,467365,35339,224764,23913,432026,88571,42578,45993
75405,467396,35340,224774,23913,432056,88571,42578,45993
75410,467427,35343,224792,23914,432084,88571,42578,45993
75415,467458,35347,224809,23917,432111,88571,42578,45993
75420,467489,35351,224825,23920,432138,88571,42578,45993
75425,467520,35356,224841,23923,432164,88571,42578,45993
75430,467551,35360,224851,23924,432191,88571,42578,45993
75435,467582,35364,224866,23926,432217,88571,42578,45993
75440,467613,35370,224879,23930,432243,88571,42578,45993
75445,467644,35372,224900,23932,432271,88571,42578,45993
75450,467675,35374,224915,23933,432301,88571,42578,45993
75455,467706,35376,224928,23934,432330,88571,42578,45993
75460,467737,35378,224946,23935,432359,88571,42578,45993
75465,467768,35381,224962,23938,432387,88571,42578,45993
75470,467799,35385,224975,23941,432414,88571,42578,45993
75475,467830,35387,224991,23941,432443,88571,42578,45993
75480,467861,35391,225009,23944,432470,88571,42578,45993
75485,467892,35394,225022,23946,432498,88571,42578,45993
75490,467923,35396,225033,23947,432527,88571,42578,45993
75495,467954,35399,225053,23949,432555,88571,42578,45993
75500,467985,35403,225069,23953,432582,88571,42578,45993
75505,468016,35406,225077,23954,432610,88571,42578,45993
75510,468047,35410,225096,23956,432637,88571,42578,45993
75515,468078,35413,225108,23959,432665,88571,42578,45993
75520,468109,35414,225121,23959,432695,88571,42578,45993
75525,468140,35415,225133,23960,432725,88571,42578,45993
75530,468171,35416,225148,23960,432755,88571,42578,45993
75535,468202,35417,225165,23961,432785,88571,42578,45993
75540,468233,35418,225180,23961,432815,88571,42578,45993
75545,468264,35419,225197,23962,432845,88571,42578,45993
75550,468295,35421,225207,23963,432874,88571,42578,45993
75555,468326,35423,225217,23965,432903,88571,42578,45993
75560,468357,35427,225233,23969,432930,88571,42578,45993
75565,468388,35430,225247,23970,432958,88571,42578,45993
75570,468419,35433,225260,23972,432986,88571,42578,45993
75575,468450,35435,225272,23973,433015,88571,42578,45993
75580,468481,35438,225285,23975,433043,88571,42578,45993
75585,468512,35441,225301,23978,433070,88571,42578,45993
75590,468543,35446,225316,23982,433097,88571,42578,45993
75595,468574,35449,225335,23984,433125,88571,42578,45993
75600,468605,35451,225352,23985,433154,88571,42578,45993
75605,468636,35454,225369,23987,433182,88571,42578,45993
75610,468667,35454,225381,23987,433213,88571,42578,45993
75615,468698,35454,225399,23987,433244,88571,42578,45993
75620,468729,35454,225414,23987,433275,88571,42578,45993
75625,468760,35454,225431,23987,433306,88571,42578,45993
75630,468791,35455,225447,23987,433336,88571,42578,45993
75635,468822,35456,225461,23987,433366,88571,42578,45993
75640,468853,35457,225477,23987,433396,88571,42578,45993
75645,468884,35458,225492,23987,433426,88571,42578,45993
75650,468915,35459,225505,23988,433456,88571,42578,45993
75655,468946,35460,225518,23989,433486,88571,42578,45993
75660,468977,35461,225533,23990,433516,88571,42578,45993
75665,469008,35462,225547,23991,433546,88571,42578,45993
75670,469039,35463,225560,23992,433576,88571,42578,45993
75675,469070,35464,225570,23992,433606,88571,42578,45993
75680,469101,35465,225592,23993,433636,88571,42578,45993
75685,469132,35466,225604,23994,433666,88571,42578,45993
75690,469163,35467,225621,23994,433696,88571,42578,45993
75695,469194,35468,225638,23995,433725,88571,42578,45993
75700,469225,35469,225656,23996,433755,88571,42578,45993
75705,469256,35472,225670,23999,433783,88571,42578,45993
75710,469287,35475,225684,24000,433812,88571,42578,45993
75715,469318,35482,225696,24005,433836,88571,42578,45993
75720,469349,35486,225711,24008,433863,88571,42578,45993
75725,469380,35491,225728,24012,433889,88571,42578,45993
75730,469411,35496,225749,24017,433915,88571,42578,45993
75735,469442,35501,225768,24021,433941,88571,42578,45993
75740,469473,35504,225778,24022,433969,88571,42578,45993
75745,469504,35508,225790,24025,433996,88571,42578,45993
75750,469535,35512,225805,24028,434023,88571,42578,45993
75755,469566,35516,225818,24031,434050,88571,42578,45993
75760,469597,35521,225831,24034,434076,88571,42578,45993
75765,469628,35526,225841,24038,434102,88571,42578,45993
75770,469659,35530,225858,24042,434129,88571,42578,45993
75775,469690,35532,225874,24043,434158,88571,42578,45993
75780,469721,35535,225889,24045,434186,88571,42578,45993
75785,469752,35537,225898,24046,434215,88571,42578,45993
75790,469783,35539,225915,24047,434244,88571,42578,45993
75795,469814,35541,225931,24048,434273,88571,42578,45993
75800,469845,35543,225943,24048,434302,88571,42578,45993
75805,469876,35545,225952,24050,434331,88571,42578,45993
75810,469907,35547,225973,24050,434360,88571,42578,45993
75815,469938,35549,225988,24051,434389,88571,42578,45993
75820,469969,35551,226000,24052,434418,88571,42578,45993
75825,470000,35553,226012,24052,434446,88571,42578,45993
75830,470031,35556,226033,24054,434475,88571,42578,45993
75835,470062,35557,226045,24055,434504,88571,42578,45993
75840,470093,35558,226063,24055,434534,88571,42578,45993
75845,470124,35559,226080,24056,434565,88571,42578,45993
75850,470155,35560,226099,24056,434594,88571,42578,45993
75855,470186,35561,226118,24057,434624,88571,42578,45993
75860,470217,35562,226130,24057,434655,88571,42578,45993
75865,470248,35563,226143,24057,434685,88571,42578,45993
75870,470279,35564,226157,24058,434715,88571,42578,45993
75875,470310,35566,226171,24060,434744,88571,42578,45993
75880,470341,35568,226186,24061,434773,88571,42578,45993
75885,470372,35571,226202,24063,434801,88571,42578,45993
75890,470403,35573,226215,24065,434830,88571,42578,45993
75895,470434,35576,226229,24067,434858,88571,42578,45993
75900,470465,35578,226243,24068,434887,88571,42578,45993
75905,470496,35580,226258,24068,434916,88571,42578,45993
75910,470527,35582,226270,24070,434945,88571,42578,45993
75915,470558,35584,226287,24071,434974,88571,42578,45993
75920,470589,35586,226304,24072,435003,88571,42578,45993
75925,470620,35588,226322,24073,435032,88571,42578,45993
75930,470651,35590,226335,24073,435061,88571,42578,45993
75935,470682,35592,226349,24074,435090,88571,42578,45993
75940,470713,35594,226362,24075,435119,88571,42578,45993
75945,470744,35599,226378,24079,435145,88571,42578,45993
75950,470775,35602,226394,24081,435173,88571,42578,45993
75955,470806,35606,226407,24083,435200,88571,42578,45993
75960,470837,35610,226420,24086,435227,88571,42578,45993
75965,470868,35613,226432,24087,435255,88571,42578,45993
75970,470899,35617,226448,24088,435282,88571,42578,45993
75975,470930,35620,226462,24089,435310,88571,42578,45993
75980,470961,35623,226468,24089,435338,88571,42578,45993
75985,470992,35627,226486,24091,435365,88571,42578,45993
75990,471023,35631,226503,24095,435392,88571,42578,45993
75995,471054,35635,226515,24097,435419,88571,42578,45993
76000,471085,35640,226529,24100,435445,88571,42578,45993
76005,471116,35646,226548,24105,435470,88571,42578,45993
76010,471147,35649,226564,24107,435498,88571,42578,45993
76015,471178,35654,226581,24110,435524,88571,42578,45993
76020,471209,35658,226595,24113,435551,88571,42578,45993
76025,471240,35662,226612,24117,435578,88571,42578,45993
76030,471271,35665,226629,24120,435606,88571,42578,45993
76035,471302,35668,226643,24121,435634,88571,42578,45993
76040,471333,35669,226659,24122,435664,88571,42578,45993
76045,471364,35670,226674,24122,435694,88571,42578,45993
76050,471395,35671,226691,24123,435724,88571,42578,45993
76055,471426,35672,226710,24123,435754,88571,42578,45993
76060,471457,35673,226728,24124,435784,88571,42578,45993
76065,471488,35674,226742,24124,435814,88571,42578,45993
76070,471519,35675,226754,24125,435844,88571,42578,45993
76075,471550,35676,226769,24126,435874,88571,42578,45993
76080,471581,35677,226787,24126,435903,88571,42578,45993
76085,471612,35678,226797,24126,435934,88571,42578,45993
76090,471643,35679,226814,24127,435964,88571,42578,45993
76095,471674,35680,226828,24127,435994,88571,42578,45993
76100,471705,35681,226846,24128,436024,88571,42578,45993
76105,471736,35682,226861,24129,436054,88571,42578,45993
76110,471767,35683,226870,24129,436084,88571,42578,45993
76115,471798,35684,226891,24130,436114,88571,42578,45993
76120,471829,35685,226915,24131,436144,88571,42578,45993
76125,471860,35686,226928,24131,436174,88571,42578,45993
76130,471891,35688,226942,24132,436203,88571,42578,45993
76135,471922,35692,226953,24134,436230,88571,42578,45993
76140,471953,35695,226966,24136,436258,88571,42578,45993
76145,471984,35698,226978,24136,436286,88571,42578,45993
76150,472015,35702,226992,24138,436313,88571,42578,45993
76155,472046,35706,227007,24141,436340,88571,42578,45993
76160,472077,35710,227023,24143,436367,88571,42578,45993
76165,472108,35715,227039,24147,436393,88571,42578,45993
76170,472139,35719,227055,24150,436420,88571,42578,45993
76175,472170,35722,227069,24151,436448,88571,42578,45993
76180,472201,35726,227082,24152,436475,88571,42578,45993
76185,472232,35730,227094,24154,436502,88571,42578,45993
76190,472263,35734,227104,24156,436529,88571,42578,45993
76195,472294,35736,227113,24156,436558,88571,42578,45993
76200,472325,35738,227127,24156,436587,88571,42578,45993
76205,472356,35740,227143,24157,436616,88571,42578,45993
76210,472387,35743,227161,24159,436644,88571,42578,45993
76215,472418,35745,227176,24161,436673,88571,42578,45993
76220,472449,35747,227191,24163,436702,88571,42578,45993
76225,472480,35750,227207,24164,436730,88571,42578,45993
76230,472511,35752,227224,24166,436759,88571,42578,45993
76235,472542,35755,227241,24167,436787,88571,42578,45993
76240,472573,35758,227255,24168,436815,88571,42578,45993
76245,472604,35760,227269,24168,436843,88571,42578,45993
76250,472635,35763,227286,24171,436872,88571,42578,45993
76255,472666,35765,227300,24171,436901,88571,42578,45993
76260,472697,35768,227318,24172,436929,88571,42578,45993
76265,472728,35771,227338,24175,436957,88571,42578,45993
76270,472759,35774,227351,24178,436985,88571,42578,45993
76275,472790,35776,227362,24179,437014,88571,42578,45993
76280,472821,35776,227384,24179,437045,88571,42578,45993
76285,472852,35776,227399,24179,437076,88571,42578,45993
76290,472883,35776,227414,24179,437107,88571,42578,45993
76295,472914,35776,227437,24179,437138,88571,42578,45993
76300,472945,35777,227452,24180,437168,88571,42578,45993
76305,472976,35778,227467,24180,437198,88571,42578,45993
76310,473007,35779,227486,24180,437228,88571,42578,45993
76315,473038,35780,227499,24180,437258,88571,42578,45993
76320,473069,35781,227510,24180,437288,88571,42578,45993
76325,473100,35782,227521,24180,437318,88571,42578,45993
76330,473131,35783,227534,24181,437348,88571,42578,45993
76335,473162,35784,227547,24181,437378,88571,42578,45993
76340,473193,35785,227562,24181,437408,88571,42578,45993
76345,473224,35786,227577,24182,437438,88571,42578,45993
76350,473255,35787,227588,24182,437468,88571,42578,45993
76355,473286,35789,227603,24184,437497,88571,42578,45993
76360,473317,35791,227619,24185,437526,88571,42578,45993
76365,473348,35793,227633,24186,437555,88571,42578,45993
76370,473379,35796,227647,24189,437583,88571,42578,45993
76375,473410,35800,227661,24192,437610,88571,42578,45993
76380,473441,35803,227677,24194,437637,88571,42578,45993
76385,473472,35808,227695,24199,437664,88571,42578,45993
76390,473503,35812,227711,24202,437690,88571,42578,45993
76395,473534,35814,227731,24203,437719,88571,42578,45993
76400,473565,35816,227747,24204,437749,88571,42578,45993
76405,473596,35818,227765,24206,437778,88571,42578,45993
76410,473627,35820,227783,24208,437807,88571,42578,45993
76415,473658,35822,227796,24208,437836,88571,42578,45993
76420,473689,35824,227811,24210,437865,88571,42578,45993
76425,473720,35828,227827,24212,437892,88571,42578,45993
76430,473751,35831,227843,24213,437920,88571,42578,45993
76435,473782,35834,227862,24215,437948,88571,42578,45993
76440,473813,35838,227878,24218,437975,88571,42578,45993
76445,473844,35841,227895,24220,438003,88571,42578,45993
76450,473875,35843,227912,24220,438032,88571,42578,45993
76455,473906,35847,227931,24223,438059,88571,42578,45993
76460,473937,35849,227947,24224,438088,88571,42578,45993
76465,473968,35852,227962,24227,438116,88571,42578,45993
76470,473999,35855,227978,24229,438144,88571,42578,45993
76475,474030,35857,227992,24230,438173,88571,42578,45993
76480,474061,35860,228007,24233,438201,88571,42578,45993
76485,474092,35862,228020,24234,438230,88571,42578,45993
76490,474123,35864,228027,24234,438259,88571,42578,45993
76495,474154,35867,228037,24236,438287,88571,42578,45993
76500,474185,35871,228049,24240,438314,88571,42578,45993
76505,474216,35874,228064,24243,438342,88571,42578,45993
76510,474247,35878,228081,24247,438369,88571,42578,45993
76515,474278,35882,228099,24249,438396,88571,42578,45993
76520,474309,35885,228112,24250,438424,88571,42578,45993
76525,474340,35887,228124,24250,438453,88571,42578,45993
76530,474371,35889,228141,24251,438482,88571,42578,45993
76535,474402,35892,228153,24252,438510,88571,42578,45993
76540,474433,35894,228167,24253,438539,88571,42578,45993
76545,474464,35896,228177,24254,438568,88571,42578,45993
76550,474495,35899,228197,24257,438596,88571,42578,45993
76555,474526,35902,228214,24260,438624,88571,42578,45993
76560,474557,35905,228227,24263,438652,88571,42578,45993
76565,474588,35906,228238,24263,438682,88571,42578,45993
76570,474619,35907,228252,24264,438712,88571,42578,45993
76575,474650,35908,228264,24264,438742,88571,42578,45993
76580,474681,35909,228278,24265,438772,88571,42578,45993
76585,474712,35910,228294,24265,438802,88571,42578,45993
76590,474743,35911,228308,24266,438832,88571,42578,45993
76595,474774,35912,228322,24267,438862,88571,42578,45993
76600,474805,35913,228332,24267,438892,88571,42578,45993
76605,474836,35914,228345,24267,438922,88571,42578,45993
76610,474867,35916,228358,24268,438951,88571,42578,45993
76615,474898,35918,228371,24268,438980,88571,42578,45993
76620,474929,35920,228383,24270,439009,88571,42578,45993
76625,474960,35922,228395,24272,439038,88571,42578,45993
76630,474991,35924,228404,24272,439067,88571,42578,45993
76635,475022,35926,228419,24274,439096,88571,42578,45993
76640,475053,35928,228432,24275,439125,88571,42578,45993
76645,475084,35930,228447,24276,439154,88571,42578,45993
76650,475115,35932,228458,24276,439183,88571,42578,45993
76655,475146,35934,228470,24278,439212,88571,42578,45993
76660,475177,35936,228483,24279,439241,88571,42578,45993
76665,475208,35940,228501,24281,439268,88571,42578,45993
76670,475239,35945,228515,24285,439294,88571,42578,45993
76675,475270,35950,228530,24288,439320,88571,42578,45993
76680,475301,35954,228542,24290,439347,88571,42578,45993
76685,475332,35957,228555,24291,439375,88571,42578,45993
76690,475363,35963,228565,24294,439400,88571,42578,45993
76695,475394,35967,228583,24298,439427,88571,42578,45993
76700,475425,35972,228601,24302,439453,88571,42578,45993
76705,475456,35977,228613,24305,439479,88571,42578,45993
76710,475487,35982,228628,24309,439505,88571,42578,45993
76715,475518,35985,228645,24312,439533,88571,42578,45993
76720,475549,35987,228657,24313,439562,88571,42578,45993
76725,475580,35991,228667,24315,439589,88571,42578,45993
76730,475611,35994,228677,24317,439617,88571,42578,45993
76735,475642,35996,228692,24317,439646,88571,42578,45993
76740,475673,35999,228709,24319,439674,88571,42578,45993
76745,475704,36000,228725,24319,439704,88571,42578,45993
76750,475735,36001,228739,24320,439734,88571,42578,45993
76755,475766,36002,228755,24321,439764,88571,42578,45993
76760,475797,36003,228775,24321,439794,88571,42578,45993
76765,475828,36004,228790,24322,439824,88571,42578,45993
76770,475859,36005,228804,24322,439854,88571,42578,45993
76775,475890,36006,228816,24322,439883,88571,42578,45993
76780,475921,36007,228833,24322,439913,88571,42578,45993
76785,475952,36008,228851,24322,439943,88571,42578,45993
76790,475983,36009,228864,24322,439973,88571,42578,45993
76795,476014,36010,228878,24322,440004,88571,42578,45993
76800,476045,36011,228892,24323,440034,88571,42578,45993
76805,476076,36012,228909,24323,440064,88571,42578,45993
76810,476107,36013,228927,24323,440094,88571,42578,45993
76815,476138,36015,228942,24323,440123,88571,42578,45993
76820,476169,36017,228957,24325,440152,88571,42578,45993
76825,476200,36019,228972,24326,440181,88571,42578,45993
76830,476231,36021,228989,24328,440210,88571,42578,45993
76835,476262,36023,229004,24329,440239,88571,42578,45993
76840,476293,36025,229022,24329,440268,88571,42578,45993
76845,476324,36027,229042,24330,440297,88571,42578,45993
76850,476355,36030,229056,24331,440325,88571,42578,45993
76855,476386,36033,229075,24333,440353,88571,42578,45993
76860,476417,36036,229091,24334,440381,88571,42578,45993
76865,476448,36039,229106,24335,440409,88571,42578,45993
76870,476479,36042,229127,24338,440437,88571,42578,45993
76875,476510,36045,229143,24341,440465,88571,42578,45993
76880,476541,36048,229156,24342,440493,88571,42578,45993
76885,476572,36051,229171,24343,440521,88571,42578,45993
76890,476603,36054,229187,24345,440549,88571,42578,45993
76895,476634,36057,229203,24347,440577,88571,42578,45993
76900,476665,36061,229214,24348,440604,88571,42578,45993
76905,476696,36065,229231,24351,440631,88571,42578,45993
76910,476727,36068,229241,24353,440659,88571,42578,45993
76915,476758,36073,229254,24356,440685,88571,42578,45993
76920,476789,36077,229266,24357,440712,88571,42578,45993
76925,476820,36080,229282,24360,440740,88571,42578,45993
76930,476851,36082,229297,24361,440769,88571,42578,45993
76935,476882,36085,229308,24362,440797,88571,42578,45993
76940,476913,36090,229325,24365,440823,88571,42578,45993
76945,476944,36092,229338,24367,440852,88571,42578,45993
76950,476975,36095,229351,24369,440880,88571,42578,45993
76955,477006,36100,229366,24374,440906,88571,42578,45993
76960,477037,36103,229380,24375,440934,88571,42578,45993
76965,477068,36105,229391,24376,440963,88571,42578,45993
76970,477099,36109,229408,24380,440990,88571,42578,45993
76975,477130,36113,229424,24384,441017,88571,42578,45993
76980,477161,36116,229440,24386,441045,88571,42578,45993
76985,477192,36116,229453,24386,441076,88571,42578,45993
76990,477223,36116,229471,24386,441107,88571,42578,45993
76995,477254,36116,229487,24386,441138,88571,42578,45993
77000,477285,36116,229504,24386,441169,88571,42578,45993
77005,477316,36116,229519,24386,441200,88571,42578,45993
77010,477347,36116,229537,24386,441231,88571,42578,45993
77015,477378,36116,229554,24386,441262,88571,42578,45993
77020,477409,36116,229567,24386,441293,88571,42578,45993
77025,477440,36117,229583,24386,441323,88571,42578,45993
77030,477471,36118,229597,24387,441352,88571,42578,45993
77035,477502,36119,229609,24388,441382,88571,42578,45993
77040,477533,36120,229627,24389,441412,88571,42578,45993
77045,477564,36121,229641,24389,441443,88571,42578,45993
77050,477595,36122,229653,24390,441473,88571,42578,45993
77055,477626,36123,229664,24391,441503,88571,42578,45993
77060,477657,36124,229680,24391,441533,88571,42578,45993
77065,477688,36125,229693,24392,441563,88571,42578,45993
77070,477719,36126,229710,24393,441593,88571,42578,45993
77075,477750,36127,229727,24393,441623,88571,42578,45993
77080,477781,36128,229741,24393,441653,88571,42578,45993
77085,477812,36131,229750,24395,441681,88571,42578,45993
77090,477843,36135,229769,24396,441708,88571,42578,45993
77095,477874,36138,229783,24397,441736,88571,42578,45993
77100,477905,36142,229795,24400,441763,88571,42578,45993
77105,477936,36145,229809,24401,441791,88571,42578,45993
77110,477967,36148,229827,24403,441819,88571,42578,45993
77115,477998,36152,229844,24407,441846,88571,42578,45993
77120,478029,36156,229859,24410,441873,88571,42578,45993
77125,478060,36160,229872,24412,441900,88571,42578,45993
77130,478091,36164,229888,24414,441927,88571,42578,45993
77135,478122,36167,229900,24415,441955,88571,42578,45993
77140,478153,36171,229917,24417,441982,88571,42578,45993
77145,478184,36175,229934,24421,442009,88571,42578,45993
77150,478215,36180,229951,24423,442035,88571,42578,45993
77155,478246,36184,229964,24425,442062,88571,42578,45993
77160,478277,36189,229979,24429,442088,88571,42578,45993
77165,478308,36191,229988,24429,442117,88571,42578,45993
77170,478339,36194,230005,24431,442145,88571,42578,45993
77175,478370,36196,230019,24432,442174,88571,42578,45993
77180,478401,36199,230039,24435,442202,88571,42578,45993
77185,478432,36202,230051,24436,442230,88571,42578,45993
77190,478463,36204,230067,24436,442259,88571,42578,45993
77195,478494,36206,230080,24437,442288,88571,42578,45993
77200,478525,36209,230094,24440,442316,88571,42578,45993
77205,478556,36212,230106,24442,442344,88571,42578,45993
77210,478587,36215,230119,24444,442372,88571,42578,45993
77215,478618,36217,230131,24445,442401,88571,42578,45993
77220,478649,36219,230143,24446,442430,88571,42578,45993
77225,478680,36222,230155,24447,442458,88571,42578,45993
77230,478711,36223,230173,24448,442488,88571,42578,45993
77235,478742,36224,230189,24449,442518,88571,42578,45993
77240,478773,36225,230204,24449,442548,88571,42578,45993
77245,478804,36226,230218,24449,442578,88571,42578,45993
77250,478835,36227,230235,24450,442608,88571,42578,45993
77255,478866,36228,230249,24450,442637,88571,42578,45993
77260,478897,36229,230262,24451,442667,88571,42578,45993
77265,478928,36230,230272,24451,442698,88571,42578,45993
77270,478959,36234,230285,24454,442724,88571,42578,45993
77275,478990,36240,230301,24459,442749,88571,42578,45993
77280,479021,36243,230314,24460,442778,88571,42578,45993
77285,479052,36245,230323,24460,442807,88571,42578,45993
77290,479083,36248,230341,24463,442835,88571,42578,45993
77295,479114,36250,230353,24464,442864,88571,42578,45993
77300,479145,36253,230361,24466,442892,88571,42578,45993
77305,479176,36255,230372,24466,442921,88571,42578,45993
77310,479207,36257,230385,24466,442950,88571,42578,45993
77315,479238,36260,230405,24468,442978,88571,42578,45993
77320,479269,36262,230423,24469,443007,88571,42578,45993
77325,479300,36265,230441,24470,443035,88571,42578,45993
77330,479331,36268,230457,24472,443063,88571,42578,45993
77335,479362,36271,230474,24474,443091,88571,42578,45993
77340,479393,36275,230485,24475,443118,88571,42578,45993
77345,479424,36277,230501,24477,443147,88571,42578,45993
77350,479455,36279,230518,24479,443176,88571,42578,45993
77355,479486,36281,230535,24480,443205,88571,42578,45993
77360,479517,36283,230549,24481,443234,88571,42578,45993
77365,479548,36285,230566,24483,443263,88571,42578,45993
77370,479579,36287,230583,24484,443292,88571,42578,45993
77375,479610,36289,230599,24486,443321,88571,42578,45993
77380,479641,36291,230617,24487,443350,88571,42578,45993
77385,479672,36293,230635,24488,443379,88571,42578,45993
77390,479703,36296,230646,24490,443407,88571,42578,45993
77395,479734,36299,230662,24491,443435,88571,42578,45993
77400,479765,36301,230672,24492,443464,88571,42578,45993
77405,479796,36303,230691,24493,443493,88571,42578,45993
77410,479827,36307,230707,24496,443520,88571,42578,45993
77415,479858,36310,230720,24498,443548,88571,42578,45993
77420,479889,36312,230737,24498,443577,88571,42578,45993
77425,479920,36315,230755,24501,443605,88571,42578,45993
77430,479951,36317,230770,24503,443634,88571,42578,45993
77435,479982,36319,230785,24504,443663,88571,42578,45993
77440,480013,36322,230801,24506,443691,88571,42578,45993
77445,480044,36326,230817,24508,443718,88571,42578,45993
77450,480075,36330,230831,24510,443745,88571,42578,45993
77455,480106,36335,230850,24512,443771,88571,42578,45993
77460,480137,36342,230864,24517,443795,88571,42578,45993
77465,480168,36345,230876,24519,443823,88571,42578,45993
77470,480199,36347,230886,24520,443852,88571,42578,45993
77475,480230,36350,230901,24522,443880,88571,42578,45993
77480,480261,36353,230919,24524,443908,88571,42578,45993
77485,480292,36355,230939,24525,443937,88571,42578,45993
77490,480323,36358,230952,24527,443965,88571,42578,45993
77495,480354,36360,230965,24528,443994,88571,42578,45993
77500,480385,36364,230980,24530,444021,88571,42578,45993
77505,480416,36367,230997,24532,444049,88571,42578,45993
77510,480447,36368,231016,24532,444079,88571,42578,45993
77515,480478,36369,231034,24532,444109,88571,42578,45993
77520,480509,36370,231047,24532,444139,88571,42578,45993
77525,480540,36371,231067,24532,444169,88571,42578,45993
77530,480571,36372,231082,24533,444199,88571,42578,45993
77535,480602,36373,231093,24533,444229,88571,42578,45993
77540,480633,36374,231111,24534,444259,88571,42578,45993
77545,480664,36375,231127,24535,444289,88571,42578,45993
77550,480695,36376,231140,24535,444319,88571,42578,45993
77555,480726,36377,231156,24536,444349,88571,42578,45993
77560,480757,36378,231173,24536,444379,88571,42578,45993
77565,480788,36379,231186,24536,444409,88571,42578,45993
77570,480819,36381,231198,24537,444438,88571,42578,45993
77575,480850,36383,231214,24538,444467,88571,42578,45993
77580,480881,36385,231234,24539,444496,88571,42578,45993
77585,480912,36386,231248,24539,444526,88571,42578,45993
77590,480943,36387,231265,24539,444556,88571,42578,45993
77595,480974,36388,231284,24540,444586,88571,42578,45993
77600,481005,36389,231297,24540,444616,88571,42578,45993
77605,481036,36390,231311,24540,444646,88571,42578,45993
77610,481067,36391,231324,24541,444676,88571,42578,45993
77615,481098,36394,231338,24543,444704,88571,42578,45993
77620,481129,36396,231355,24543,444733,88571,42578,45993
77625,481160,36399,231367,24545,444761,88571,42578,45993
77630,481191,36403,231380,24547,444788,88571,42578,45993
77635,481222,36406,231397,24549,444816,88571,42578,45993
77640,481253,36408,231408,24550,444845,88571,42578,45993
77645,481284,36412,231426,24552,444872,88571,42578,45993
77650,481315,36415,231439,24554,444900,88571,42578,45993
77655,481346,36418,231453,24557,444928,88571,42578,45993
77660,481377,36421,231467,24560,444956,88571,42578,45993
77665,481408,36424,231483,24563,444984,88571,42578,45993
77670,481439,36427,231499,24565,445012,88571,42578,45993
77675,481470,36431,231510,24567,445039,88571,42578,45993
77680,481501,36435,231523,24569,445066,88571,42578,45993
77685,481532,36440,231541,24572,445092,88571,42578,45993
77690,481563,36447,231562,24577,445116,88571,42578,45993
77695,481594,36449,231575,24577,445145,88571,42578,45993
77700,481625,36452,231589,24578,445173,88571,42578,45993
77705,481656,36453,231601,24578,445203,88571,42578,45993
77710,481687,36454,231616,24578,445233,88571,42578,45993
77715,481718,36455,231629,24579,445263,88571,42578,45993
77720,481749,36456,231642,24579,445293,88571,42578,45993
77725,481780,36457,231659,24580,445323,88571,42578,45993
77730,481811,36458,231674,24580,445353,88571,42578,45993
77735,481842,36459,231687,24581,445383,88571,42578,45993
77740,481873,36460,231701,24581,445413,88571,42578,45993
77745,481904,36461,231716,24581,445443,88571,42578,45993
77750,481935,36462,231734,24582,445472,88571,42578,45993
77755,481966,36463,231745,24583,445503,88571,42578,45993
77760,481997,36464,231761,24583,445533,88571,42578,45993
77765,482028,36465,231772,24583,445563,88571,42578,45993
77770,482059,36466,231787,24583,445593,88571,42578,45993
77775,482090,36467,231801,24584,445623,88571,42578,45993
77780,482121,36468,231816,24584,445653,88571,42578,45993
77785,482152,36469,231832,24584,445683,88571,42578,45993
77790,482183,36470,231846,24584,445713,88571,42578,45993
77795,482214,36471,231861,24584,445743,88571,42578,45993
77800,482245,36475,231877,24586,445770,88571,42578,45993
77805,482276,36480,231890,24591,445796,88571,42578,45993
77810,482307,36484,231904,24594,445823,88571,42578,45993
77815,482338,36489,231920,24597,445849,88571,42578,45993
77820,482369,36493,231932,24599,445876,88571,42578,45993
77825,482400,36496,231950,24601,445904,88571,42578,45993
77830,482431,36500,231964,24604,445931,88571,42578,45993
77835,482462,36504,231984,24607,445958,88571,42578,45993
77840,482493,36507,231993,24608,445986,88571,42578,45993
77845,482524,36510,232006,24610,446014,88571,42578,45993
77850,482555,36513,232023,24612,446042,88571,42578,45993
77855,482586,36517,232039,24614,446069,88571,42578,45993
77860,482617,36519,232051,24615,446098,88571,42578,45993
77865,482648,36521,232065,24616,446127,88571,42578,45993
77870,482679,36523,232083,24617,446156,88571,42578,45993
77875,482710,36526,232098,24619,446184,88571,42578,45993
77880,482741,36529,232113,24620,446212,88571,42578,45993
77885,482772,36531,232129,24621,446241,88571,42578,45993
77890,482803,36533,232141,24623,446270,88571,42578,45993
77895,482834,36537,232156,24626,446297,88571,42578,45993
77900,482865,36540,232169,24629,446325,88571,42578,45993
77905,482896,36544,232184,24633,446352,88571,42578,45993
77910,482927,36547,232196,24634,446380,88571,42578,45993
77915,482958,36551,232211,24637,446407,88571,42578,45993
77920,482989,36554,232228,24639,446435,88571,42578,45993
77925,483020,36557,232247,24641,446463,88571,42578,45993
77930,483051,36558,232263,24642,446493,88571,42578,45993
77935,483082,36559,232278,24642,446523,88571,42578,45993
77940,483113,36560,232297,24643,446553,88571,42578,45993
77945,483144,36561,232315,24644,446583,88571,42578,45993
77950,483175,36562,232329,24644,446613,88571,42578,45993
77955,483206,36563,232342,24644,446643,88571,42578,45993
77960,483237,36565,232357,24645,446672,88571,42578,45993
77965,483268,36567,232373,24645,446701,88571,42578,45993
77970,483299,36569,232389,24646,446730,88571,42578,45993
77975,483330,36572,232404,24649,446758,88571,42578,45993
77980,483361,36574,232422,24649,446787,88571,42578,45993
77985,483392,36576,232435,24650,446816,88571,42578,45993
77990,483423,36579,232450,24651,446844,88571,42578,45993
77995,483454,36581,232468,24653,446873,88571,42578,45993
78000,483485,36585,232485,24656,446900,88571,42578,45993
78005,483516,36588,232499,24659,446928,88571,42578,45993
78010,483547,36590,232516,24660,446957,88571,42578,45993
78015,483578,36594,232532,24663,446984,88571,42578,45993
78020,483609,36598,232550,24667,447011,88571,42578,45993
78025,483640,36601,232565,24670,447039,88571,42578,45993
78030,483671,36604,232575,24672,447067,88571,42578,45993
78035,483702,36606,232590,24672,447096,88571,42578,45993
78040,483733,36608,232606,24673,447125,88571,42578,45993
78045,483764,36610,232620,24674,447154,88571,42578,45993
78050,483795,36612,232636,24675,447183,88571,42578,45993
78055,483826,36614,232652,24676,447212,88571,42578,45993
78060,483857,36616,232668,24676,447241,88571,42578,45993
78065,483888,36618,232679,24676,447270,88571,42578,45993
78070,483919,36620,232694,24676,447299,88571,42578,45993
78075,483950,36622,232711,24677,447328,88571,42578,45993
78080,483981,36624,232727,24677,447357,88571,42578,45993
78085,484012,36626,232746,24679,447386,88571,42578,45993
78090,484043,36628,232763,24679,447415,88571,42578,45993
78095,484074,36630,232777,24680,447444,88571,42578,45993
78100,484105,36632,232795,24682,447472,88571,42578,45993
78105,484136,36634,232810,24682,447502,88571,42578,45993
78110,484167,36636,232827,24683,447530,88571,42578,45993
78115,484198,36638,232843,24684,447560,88571,42578,45993
78120,484229,36640,232858,24684,447589,88571,42578,45993
78125,484260,36642,232874,24685,447618,88571,42578,45993
78130,484291,36644,232887,24686,447647,88571,42578,45993
78135,484322,36646,232904,24687,447676,88571,42578,45993
78140,484353,36649,232915,24688,447704,88571,42578,45993
78145,484384,36652,232927,24689,447732,88571,42578,45993
78150,484415,36655,232941,24690,447760,88571,42578,45993
78155,484446,36659,232958,24693,447787,88571,42578,45993
78160,484477,36662,232970,24694,447815,88571,42578,45993
78165,484508,36666,232982,24696,447842,88571,42578,45993
78170,484539,36669,232994,24698,447870,88571,42578,45993
78175,484570,36673,233008,24700,447897,88571,42578,45993
78180,484601,36677,233026,24704,447924,88571,42578,45993
78185,484632,36681,233041,24706,447951,88571,42578,45993
78190,484663,36685,233048,24708,447978,88571,42578,45993
78195,484694,36688,233060,24710,448006,88571,42578,45993
78200,484725,36691,233074,24711,448034,88571,42578,45993
78205,484756,36694,233095,24712,448062,88571,42578,45993
78210,484787,36698,233109,24715,448089,88571,42578,45993
78215,484818,36702,233125,24718,448116,88571,42578,45993
78220,484849,36707,233140,24721,448142,88571,42578,45993
78225,484880,36711,233158,24723,448169,88571,42578,45993
78230,484911,36713,233174,24723,448198,88571,42578,45993
78235,484942,36715,233191,24723,448227,88571,42578,45993
78240,484973,36717,233203,24723,448256,88571,42578,45993
78245,485004,36719,233217,24724,448285,88571,42578,45993
78250,485035,36721,233233,24724,448314,88571,42578,45993
78255,485066,36723,233243,24726,448343,88571,42578,45993
78260,485097,36725,233257,24726,448372,88571,42578,45993
78265,485128,36727,233277,24727,448401,88571,42578,45993
78270,485159,36729,233292,24727,448430,88571,42578,45993
78275,485190,36731,233306,24728,448459,88571,42578,45993
78280,485221,36733,233321,24728,448488,88571,42578,45993
78285,485252,36735,233331,24729,448517,88571,42578,45993
78290,485283,36737,233346,24729,448546,88571,42578,45993
78295,485314,36739,233365,24730,448575,88571,42578,45993
78300,485345,36741,233380,24731,448604,88571,42578,45993
78305,485376,36742,233391,24732,448634,88571,42578,45993
78310,485407,36743,233408,24733,448664,88571,42578,45993
78315,485438,36744,233423,24733,448694,88571,42578,45993
78320,485469,36745,233438,24734,448724,88571,42578,45993
78325,485500,36746,233450,24735,448754,88571,42578,45993
78330,485531,36747,233469,24736,448784,88571,42578,45993
78335,485562,36749,233482,24737,448813,88571,42578,45993
78340,485593,36752,233501,24740,448841,88571,42578,45993
78345,485624,36755,233517,24743,448869,88571,42578,45993
78350,485655,36760,233535,24747,448894,88571,42578,45993
78355,485686,36764,233553,24750,448922,88571,42578,45993
78360,485717,36767,233569,24752,448949,88571,42578,45993
78365,485748,36772,233589,24755,448975,88571,42578,45993
78370,485779,36775,233606,24758,449004,88571,42578,45993
78375,485810,36776,233623,24759,449034,88571,42578,45993
78380,485841,36777,233639,24760,449064,88571,42578,45993
78385,485872,36778,233652,24761,449094,88571,42578,45993
78390,485903,36779,233669,24762,449124,88571,42578,45993
78395,485934,36780,233684,24762,449154,88571,42578,45993
78400,485965,36781,233699,24763,449184,88571,42578,45993
78405,485996,36783,233714,24764,449213,88571,42578,45993
78410,486027,36785,233730,24766,449242,88571,42578,45993
78415,486058,36787,233745,24767,449271,88571,42578,45993
78420,486089,36789,233759,24767,449300,88571,42578,45993
78425,486120,36791,233775,24767,449329,88571,42578,45993
78430,486151,36793,233788,24769,449358,88571,42578,45993
78435,486182,36795,233803,24770,449387,88571,42578,45993
78440,486213,36797,233822,24771,449416,88571,42578,45993
78445,486244,36799,233841,24773,449445,88571,42578,45993
78450,486275,36801,233857,24775,449474,88571,42578,45993
78455,486306,36803,233875,24775,449503,88571,42578,45993
78460,486337,36805,233892,24776,449532,88571,42578,45993
78465,486368,36807,233908,24777,449561,88571,42578,45993
78470,486399,36809,233923,24779,449590,88571,42578,45993
78475,486430,36814,233934,24782,449616,88571,42578,45993
78480,486461,36818,233949,24785,449643,88571,42578,45993
78485,486492,36821,233969,24788,449671,88571,42578,45993
78490,486523,36824,233981,24788,449699,88571,42578,45993
78495,486554,36827,233994,24789,449727,88571,42578,45993
78500,486585,36832,234012,24794,449753,88571,42578,45993
78505,486616,36836,234030,24797,449780,88571,42578,45993
78510,486647,36840,234045,24800,449807,88571,42578,45993
78515,486678,36846,234060,24806,449832,88571,42578,45993
78520,486709,36849,234073,24807,449859,88571,42578,45993
78525,486740,36854,234092,24810,449885,88571,42578,45993
78530,486771,36856,234107,24811,449914,88571,42578,45993
78535,486802,36858,234122,24813,449944,88571,42578,45993
78540,486833,36860,234142,24814,449973,88571,42578,45993
78545,486864,36862,234155,24816,450002,88571,42578,45993
78550,486895,36864,234170,24818,450031,88571,42578,45993
78555,486926,36866,234183,24818,450060,88571,42578,45993
78560,486957,36868,234197,24819,450089,88571,42578,45993
78565,486988,36870,234215,24821,450118,88571,42578,45993
78570,487019,36872,234226,24821,450147,88571,42578,45993
78575,487050,36874,234240,24822,450176,88571,42578,45993
78580,487081,36876,234254,24823,450205,88571,42578,45993
78585,487112,36878,234269,24824,450234,88571,42578,45993
78590,487143,36880,234280,24824,450263,88571,42578,45993
78595,487174,36882,234292,24824,450292,88571,42578,45993
78600,487205,36884,234305,24825,450321,88571,42578,45993
78605,487236,36886,234324,24826,450350,88571,42578,45993
78610,487267,36888,234337,24827,450379,88571,42578,45993
78615,487298,36890,234353,24829,450408,88571,42578,45993
78620,487329,36892,234364,24829,450437,88571,42578,45993
78625,487360,36894,234381,24831,450466,88571,42578,45993
78630,487391,36896,234400,24831,450495,88571,42578,45993
78635,487422,36900,234414,24833,450522,88571,42578,45993
78640,487453,36904,234429,24835,450549,88571,42578,45993
78645,487484,36908,234440,24837,450576,88571,42578,45993
78650,487515,36912,234453,24840,450603,88571,42578,45993
78655,487546,36917,234473,24843,450629,88571,42578,45993
78660,487577,36922,234491,24848,450655,88571,42578,45993
78665,487608,36925,234510,24850,450683,88571,42578,45993
78670,487639,36929,234531,24853,450710,88571,42578,45993
78675,487670,36933,234550,24856,450737,88571,42578,45993
78680,487701,36936,234561,24857,450765,88571,42578,45993
78685,487732,36939,234575,24860,450793,88571,42578,45993
78690,487763,36943,234593,24863,450820,88571,42578,45993
78695,487794,36947,234604,24865,450847,88571,42578,45993
78700,487825,36949,234622,24866,450876,88571,42578,45993
78705,487856,36951,234634,24866,450905,88571,42578,45993
78710,487887,36953,234648,24866,450934,88571,42578,45993
78715,487918,36955,234658,24867,450963,88571,42578,45993
78720,487949,36957,234679,24868,450992,88571,42578,45993
78725,487980,36959,234690,24869,451021,88571,42578,45993
78730,488011,36961,234704,24869,451050,88571,42578,45993
78735,488042,36963,234719,24870,451079,88571,42578,45993
78740,488073,36965,234735,24871,451108,88571,42578,45993
78745,488104,36967,234755,24873,451137,88571,42578,45993
78750,488135,36969,234772,24874,451166,88571,42578,45993
78755,488166,36971,234782,24874,451195,88571,42578,45993
78760,488197,36973,234802,24876,451224,88571,42578,45993
78763,488218,36974,234813,24876,451244,88571,42578,45993
