Time,  Packets Generated,  Packets Reached,High Priority Packets Generated, High Priority Packets reached, Packet Dropped, Packet Dropped due to Faulty Node, High Prio Packet Dropped due to Faulty Node, Low Prio Packet Dropped due to Faulty Node 
5,1,1,1,1,0,0,0,0
10,6,3,5,2,3,3,3,0
15,8,3,6,2,4,4,4,0
20,16,7,10,3,8,8,6,2
25,20,10,11,5,10,10,6,4
30,30,16,16,7,14,14,9,5
35,36,16,19,7,18,18,11,7
40,47,22,23,10,24,24,13,11
45,51,25,27,12,26,26,15,11
50,61,31,30,14,30,30,16,14
55,67,31,32,14,34,34,18,16
60,78,37,36,16,40,40,20,20
65,82,40,37,16,41,41,21,20
70,92,47,43,20,45,45,23,22
75,98,47,44,20,49,49,24,25
80,109,54,50,23,52,52,26,26
85,113,59,54,26,53,53,27,26
90,123,66,59,30,57,57,29,28
95,129,66,63,30,61,61,32,29
100,140,73,68,33,64,64,34,30
105,144,78,70,35,65,65,35,30
110,154,85,75,39,69,69,36,33
115,160,85,79,39,73,73,40,33
120,171,92,85,42,76,76,41,35
125,175,96,88,45,78,77,42,35
130,185,101,94,50,82,79,44,35
135,191,101,95,50,88,82,44,38
140,202,105,101,53,95,85,46,39
145,206,108,104,56,97,86,47,39
150,216,114,107,59,101,88,47,41
155,222,114,110,59,105,91,48,43
160,233,120,113,62,111,94,49,45
165,237,124,115,65,113,95,50,45
170,247,129,120,67,117,97,52,45
175,253,129,123,67,121,100,53,47
180,264,136,131,73,125,103,55,48
185,268,137,132,74,131,104,56,48
190,278,139,137,76,139,107,57,50
195,284,139,138,76,145,110,57,53
200,295,142,144,78,153,112,59,53
205,299,142,145,78,157,114,60,54
210,309,144,151,79,165,116,62,54
215,315,144,156,79,170,119,64,55
220,326,147,161,81,179,122,66,56
225,330,147,163,81,183,123,67,56
230,340,150,170,84,190,125,69,56
235,346,150,172,84,195,128,70,58
240,357,152,177,85,204,131,73,58
245,361,152,178,85,209,133,75,58
250,371,153,183,85,218,135,76,59
255,377,153,186,85,224,138,79,59
260,388,156,193,87,231,140,80,60
265,392,157,194,88,235,141,80,61
270,402,158,200,89,244,143,82,61
275,408,158,200,89,250,146,82,64
280,419,160,205,91,259,148,83,65
285,423,160,206,91,263,149,84,65
290,433,161,210,92,272,151,84,67
295,439,161,212,92,278,154,85,69
300,450,162,218,93,287,156,86,70
305,454,163,221,94,291,156,86,70
310,464,164,223,94,300,157,87,70
315,470,164,225,94,305,160,88,72
320,481,165,227,95,316,162,88,74
325,485,165,228,95,320,162,88,74
330,495,166,231,95,329,163,89,74
335,501,166,234,95,334,166,90,76
340,512,169,241,98,343,168,92,76
345,516,169,242,98,347,168,92,76
350,526,171,245,98,355,169,92,77
355,532,171,247,98,360,172,92,80
360,543,174,252,101,368,174,92,82
365,547,174,253,101,373,175,93,82
370,557,176,255,101,381,176,93,83
375,563,176,257,101,387,179,94,85
380,574,177,261,102,397,180,94,86
385,578,177,264,102,401,180,94,86
390,588,179,270,103,409,181,95,86
395,594,179,274,103,414,184,97,87
400,605,182,281,106,423,185,98,87
405,609,182,283,106,427,185,98,87
410,619,184,286,106,435,185,98,87
415,625,184,290,106,440,188,100,88
420,636,186,296,108,450,189,101,88
425,640,186,297,108,454,189,101,88
430,650,187,302,108,463,189,101,88
435,656,187,306,108,469,193,103,90
440,667,187,312,108,480,194,103,91
445,671,187,315,108,484,194,103,91
450,681,188,322,109,493,194,103,91
455,687,188,325,109,499,197,104,93
460,698,188,333,109,510,198,104,94
465,702,188,335,109,514,199,105,94
470,712,189,340,109,523,199,105,94
475,718,189,344,109,529,202,108,94
480,729,192,350,112,534,203,108,95
485,733,194,353,114,539,203,108,95
490,743,195,357,115,548,203,108,95
495,749,195,360,115,554,205,109,96
500,760,196,365,116,564,206,109,97
505,764,196,368,116,568,206,109,97
510,774,197,374,116,577,206,109,97
515,780,197,375,116,583,208,109,99
520,791,198,380,117,593,209,109,100
525,795,198,381,117,597,209,109,100
530,805,199,384,118,606,209,109,100
535,811,199,385,118,612,211,109,102
540,822,201,389,119,621,212,110,102
545,826,201,390,119,625,212,110,102
550,836,202,392,119,634,212,110,102
555,842,202,396,119,640,214,111,103
560,853,204,401,120,649,215,112,103
565,857,204,402,120,653,215,112,103
570,867,205,407,121,662,215,112,103
575,873,205,410,121,668,217,113,104
580,884,207,417,123,677,218,113,105
585,888,208,418,124,680,218,113,105
590,898,211,422,126,687,218,113,105
595,904,211,425,126,693,221,115,106
600,915,214,431,128,701,223,117,106
605,919,214,433,128,705,223,117,106
610,929,215,437,128,714,223,117,106
615,935,215,440,128,720,224,118,106
620,946,216,446,129,730,225,118,107
625,950,216,448,129,734,225,118,107
630,960,217,454,129,743,225,118,107
635,966,217,458,129,749,226,119,107
640,977,218,461,130,759,227,119,108
645,981,218,462,130,763,227,119,108
650,991,219,467,130,772,227,119,108
655,997,219,471,130,778,228,120,108
660,1008,220,478,131,788,229,120,109
665,1012,220,479,131,792,229,120,109
670,1022,221,483,132,801,229,120,109
675,1028,221,486,132,807,231,121,110
680,1039,222,492,133,817,232,122,110
685,1043,222,494,133,821,232,122,110
690,1053,223,497,133,830,232,122,110
695,1059,223,501,133,836,234,123,111
700,1070,224,509,134,846,235,124,111
705,1074,224,511,134,850,235,124,111
710,1084,228,515,136,856,237,124,113
715,1090,228,515,136,862,239,124,115
720,1101,230,520,138,871,241,125,116
725,1105,231,523,139,874,242,126,116
730,1115,232,527,140,883,243,126,117
735,1121,232,533,140,888,244,127,117
740,1132,233,539,141,898,245,128,117
745,1136,234,543,142,902,246,129,117
750,1146,235,548,142,911,247,129,118
755,1152,235,551,142,917,248,130,118
760,1163,235,556,142,928,249,131,118
765,1167,235,560,142,932,250,132,118
770,1177,236,565,143,941,250,132,118
775,1183,236,567,143,947,251,132,119
780,1194,236,571,143,957,252,132,120
785,1198,237,573,144,961,252,132,120
790,1208,237,579,144,971,252,132,120
795,1214,237,581,144,976,254,132,122
800,1225,237,585,144,988,255,132,123
805,1229,237,587,144,992,255,132,123
810,1239,237,593,144,1002,255,132,123
815,1245,237,594,144,1008,257,132,125
820,1256,237,598,144,1019,258,132,126
825,1260,237,600,144,1023,258,132,126
830,1270,238,607,144,1032,259,133,126
835,1276,238,609,144,1038,262,134,128
840,1287,241,615,147,1046,263,134,129
845,1291,241,616,147,1050,263,134,129
850,1301,243,619,147,1058,263,134,129
855,1307,243,622,147,1064,265,135,130
860,1318,245,627,149,1072,265,135,130
865,1322,246,628,150,1076,265,135,130
870,1332,248,631,151,1084,266,135,131
875,1338,248,634,151,1090,268,136,132
880,1349,250,639,152,1099,268,136,132
885,1353,250,640,152,1103,268,136,132
890,1363,252,648,154,1111,269,137,132
895,1369,252,650,154,1117,271,137,134
900,1380,254,656,156,1125,272,137,135
905,1384,256,659,158,1128,273,138,135
910,1394,258,662,159,1136,273,138,135
915,1400,258,665,159,1142,275,139,136
920,1411,262,671,163,1149,276,140,136
925,1415,263,673,164,1152,277,141,136
930,1425,264,678,165,1161,277,141,136
935,1431,264,682,165,1167,279,142,137
940,1442,267,687,167,1175,280,142,138
945,1446,267,689,167,1179,281,142,139
950,1456,268,693,167,1188,282,142,140
955,1462,268,697,167,1193,285,144,141
960,1473,272,701,170,1201,287,145,142
965,1477,272,701,170,1205,288,145,143
970,1487,272,706,170,1215,288,145,143
975,1493,272,710,170,1221,289,146,143
980,1504,272,717,170,1232,290,146,144
985,1508,272,720,170,1236,291,147,144
990,1518,272,726,170,1246,291,147,144
995,1524,272,727,170,1252,292,147,145
1000,1535,272,732,170,1263,293,147,146
1005,1539,272,735,170,1267,294,148,146
1010,1549,272,740,170,1277,295,148,147
1015,1555,272,743,170,1283,296,149,147
1020,1566,272,747,170,1294,297,149,148
1025,1570,272,750,170,1298,297,149,148
1030,1580,272,752,170,1308,298,150,148
1035,1586,272,754,170,1314,299,150,149
1040,1597,272,760,170,1325,299,150,149
1045,1601,272,763,170,1329,299,150,149
1050,1611,272,766,170,1339,300,150,150
1055,1617,272,769,170,1345,301,150,151
1060,1628,272,774,170,1356,301,150,151
1065,1632,272,777,170,1360,301,150,151
1070,1642,274,781,172,1368,302,151,151
1075,1648,274,785,172,1373,304,153,151
1080,1659,278,792,175,1380,305,154,151
1085,1663,280,794,177,1383,305,154,151
1090,1673,281,799,178,1392,305,154,151
1095,1679,281,803,178,1398,306,155,151
1100,1690,283,809,179,1407,306,155,151
1105,1694,283,809,179,1411,306,155,151
1110,1704,284,813,179,1420,306,155,151
1115,1710,284,816,179,1425,307,155,152
1120,1721,285,822,180,1436,307,155,152
1125,1725,285,824,180,1440,307,155,152
1130,1735,286,829,181,1449,307,155,152
1135,1741,286,832,181,1455,309,155,154
1140,1752,287,838,181,1465,310,156,154
1145,1756,287,839,181,1469,310,156,154
1150,1766,288,843,181,1478,310,156,154
1155,1772,288,844,181,1484,311,156,155
1160,1783,289,846,181,1494,311,156,155
1165,1787,289,847,181,1498,311,156,155
1170,1797,290,853,181,1507,311,156,155
1175,1803,290,856,181,1512,312,157,155
1180,1814,292,860,183,1522,312,157,155
1185,1818,292,864,183,1526,312,157,155
1190,1828,293,870,183,1535,312,157,155
1195,1834,293,874,183,1540,313,158,155
1200,1845,295,876,184,1549,314,158,156
1205,1849,296,879,185,1553,314,158,156
1210,1859,297,886,186,1562,314,158,156
1215,1865,297,888,186,1568,315,158,157
1220,1876,299,895,188,1577,315,158,157
1225,1880,299,895,188,1581,315,158,157
1230,1890,300,900,188,1590,315,158,157
1235,1896,300,902,188,1596,316,158,158
1240,1907,302,911,190,1604,316,158,158
1245,1911,303,914,191,1608,316,158,158
1250,1921,306,920,193,1615,316,158,158
1255,1927,306,925,193,1621,319,161,158
1260,1938,307,929,194,1631,321,161,160
1265,1942,307,932,194,1635,321,161,160
1270,1952,308,937,195,1644,321,161,160
1275,1958,308,940,195,1650,324,163,161
1280,1969,309,946,196,1660,325,164,161
1285,1973,309,947,196,1664,326,164,162
1290,1983,310,951,196,1673,326,164,162
1295,1989,310,953,196,1679,329,166,163
1300,2000,310,956,196,1690,330,166,164
1305,2004,310,958,196,1694,331,166,165
1310,2014,311,960,196,1703,331,166,165
1315,2020,311,963,196,1709,334,168,166
1320,2031,312,972,197,1719,335,169,166
1325,2035,312,972,197,1723,335,169,166
1330,2045,314,980,198,1731,335,169,166
1335,2051,314,983,198,1736,336,169,167
1340,2062,316,989,200,1746,338,169,169
1345,2066,316,991,200,1750,338,169,169
1350,2076,318,994,201,1758,338,169,169
1355,2082,318,998,201,1763,339,169,170
1360,2093,319,1006,202,1774,341,171,170
1365,2097,319,1009,202,1778,341,171,170
1370,2107,322,1014,204,1785,341,171,170
1375,2113,322,1016,204,1790,344,172,172
1380,2124,325,1022,206,1799,346,174,172
1385,2128,325,1024,206,1803,346,174,172
1390,2138,326,1027,206,1812,348,175,173
1395,2144,326,1030,206,1818,350,176,174
1400,2155,328,1034,207,1827,350,176,174
1405,2159,328,1037,207,1831,350,176,174
1410,2169,329,1043,207,1840,351,177,174
1415,2175,329,1047,207,1846,353,178,175
1420,2186,330,1051,208,1856,353,178,175
1425,2190,330,1052,208,1860,353,178,175
1430,2200,331,1060,208,1869,354,179,175
1435,2206,331,1064,208,1875,355,180,175
1440,2217,332,1069,209,1885,355,180,175
1445,2221,332,1072,209,1889,356,181,175
1450,2231,333,1077,210,1898,358,182,176
1455,2237,333,1077,210,1904,359,182,177
1460,2248,335,1086,211,1913,360,183,177
1465,2252,335,1090,211,1917,361,184,177
1470,2262,336,1093,212,1926,363,184,179
1475,2268,336,1096,212,1932,364,184,180
1480,2279,337,1100,212,1942,365,185,180
1485,2283,337,1103,212,1946,365,185,180
1490,2293,339,1107,213,1954,367,186,181
1495,2299,339,1110,213,1960,369,187,182
1500,2310,342,1114,215,1968,371,188,183
1505,2314,342,1115,215,1972,371,188,183
1510,2324,343,1118,215,1981,371,188,183
1515,2330,343,1121,215,1987,373,190,183
1520,2341,343,1128,215,1998,373,190,183
1525,2345,343,1131,215,2002,373,190,183
1530,2355,344,1134,215,2011,373,190,183
1535,2361,344,1137,215,2017,375,190,185
1540,2372,344,1143,215,2028,375,190,185
1545,2376,344,1146,215,2032,375,190,185
1550,2386,345,1153,216,2041,375,190,185
1555,2392,345,1154,216,2047,376,190,186
1560,2403,345,1161,216,2058,376,190,186
1565,2407,345,1163,216,2062,376,190,186
1570,2417,346,1169,217,2071,376,190,186
1575,2423,346,1173,217,2077,377,190,187
1580,2434,346,1179,217,2088,377,190,187
1585,2438,346,1180,217,2092,377,190,187
1590,2448,347,1181,217,2101,377,190,187
1595,2454,347,1184,217,2107,378,190,188
1600,2465,347,1188,217,2118,378,190,188
1605,2469,347,1190,217,2122,378,190,188
1610,2479,349,1192,218,2130,378,190,188
1615,2485,349,1195,218,2135,379,191,188
1620,2496,353,1200,221,2142,381,191,190
1625,2500,355,1203,223,2145,381,191,190
1630,2510,357,1210,224,2153,381,191,190
1635,2516,357,1213,224,2159,382,191,191
1640,2527,358,1216,225,2169,382,191,191
1645,2531,358,1218,225,2173,382,191,191
1650,2541,360,1221,226,2181,382,191,191
1655,2547,360,1224,226,2187,384,192,192
1660,2558,361,1230,226,2197,384,192,192
1665,2562,361,1233,226,2201,384,192,192
1670,2572,363,1239,227,2209,384,192,192
1675,2578,363,1242,227,2215,386,192,194
1680,2589,364,1248,227,2225,386,192,194
1685,2593,364,1249,227,2229,387,192,195
1690,2603,366,1253,227,2237,387,192,195
1695,2609,366,1256,227,2243,389,192,197
1700,2620,367,1263,227,2253,389,192,197
1705,2624,367,1264,227,2257,390,192,198
1710,2634,369,1271,229,2265,390,192,198
1715,2640,369,1273,229,2271,391,193,198
1720,2651,370,1280,229,2281,391,193,198
1725,2655,370,1282,229,2285,392,194,198
1730,2665,372,1284,230,2293,393,194,199
1735,2671,372,1286,230,2299,395,195,200
1740,2682,375,1290,233,2307,397,196,201
1745,2686,375,1293,233,2311,397,196,201
1750,2696,376,1297,234,2320,397,196,201
1755,2702,376,1299,234,2326,399,197,202
1760,2713,377,1303,235,2336,399,197,202
1765,2717,377,1304,235,2340,399,197,202
1770,2727,378,1310,235,2349,399,197,202
1775,2733,378,1313,235,2354,401,198,203
1780,2744,380,1319,237,2364,401,198,203
1785,2748,380,1322,237,2368,401,198,203
1790,2758,381,1325,238,2377,401,198,203
1795,2764,381,1328,238,2382,403,200,203
1800,2775,382,1334,239,2393,403,200,203
1805,2779,382,1337,239,2397,403,200,203
1810,2789,383,1343,240,2406,403,200,203
1815,2795,383,1347,240,2411,404,201,203
1820,2806,384,1352,241,2422,404,201,203
1825,2810,384,1353,241,2426,404,201,203
1830,2820,385,1358,241,2435,404,201,203
1835,2826,385,1361,241,2440,405,202,203
1840,2837,386,1367,242,2451,405,202,203
1845,2841,386,1369,242,2455,405,202,203
1850,2851,389,1376,245,2462,406,203,203
1855,2857,389,1378,245,2468,408,204,204
1860,2868,391,1382,246,2477,409,205,204
1865,2872,391,1384,246,2481,410,205,205
1870,2882,393,1391,246,2489,412,207,205
1875,2888,393,1393,246,2495,413,207,206
1880,2899,394,1399,246,2505,414,208,206
1885,2903,394,1401,246,2509,415,209,206
1890,2913,396,1404,246,2517,417,210,207
1895,2919,396,1407,246,2523,418,211,207
1900,2930,397,1413,247,2533,419,211,208
1905,2934,397,1415,247,2537,419,211,208
1910,2944,399,1416,247,2545,420,211,209
1915,2950,399,1420,247,2551,421,211,210
1920,2961,400,1424,248,2561,422,211,211
1925,2965,400,1427,248,2565,422,211,211
1930,2975,402,1434,250,2573,423,212,211
1935,2981,402,1437,250,2579,424,212,212
1940,2992,403,1443,250,2589,425,213,212
1945,2996,403,1445,250,2593,425,213,212
1950,3006,405,1450,250,2601,426,213,213
1955,3012,405,1454,250,2607,427,214,213
1960,3023,406,1458,250,2617,428,214,214
1965,3027,406,1458,250,2621,428,214,214
1970,3037,409,1461,251,2628,429,215,214
1975,3043,409,1462,251,2633,432,215,217
1980,3054,412,1466,254,2642,434,216,218
1985,3058,413,1468,255,2645,434,216,218
1990,3068,415,1472,255,2653,434,216,218
1995,3074,415,1475,255,2659,437,218,219
2000,3085,416,1478,255,2669,437,218,219
2005,3089,417,1481,256,2672,438,218,220
2010,3099,419,1487,257,2680,439,219,220
2015,3105,419,1490,257,2686,442,220,222
2020,3116,420,1497,257,2696,442,220,222
2025,3120,421,1499,258,2699,443,220,223
2030,3130,423,1502,258,2707,444,221,223
2035,3136,423,1505,258,2713,447,224,223
2040,3147,425,1510,259,2722,447,224,223
2045,3151,425,1510,259,2726,448,224,224
2050,3161,427,1513,260,2734,448,224,224
2055,3167,427,1517,260,2740,451,226,225
2060,3178,428,1518,260,2750,451,226,225
2065,3182,429,1521,261,2753,452,227,225
2070,3192,431,1527,263,2761,452,227,225
2075,3198,431,1530,263,2767,455,228,227
2080,3209,432,1532,263,2777,455,228,227
2085,3213,434,1535,265,2779,456,229,227
2090,3223,437,1541,266,2786,456,229,227
2095,3229,437,1545,266,2791,459,231,228
2100,3240,441,1551,270,2798,461,232,229
2105,3244,442,1554,271,2802,461,232,229
2110,3254,442,1560,271,2812,461,232,229
2115,3260,442,1564,271,2818,462,233,229
2120,3271,442,1570,271,2829,462,233,229
2125,3275,442,1573,271,2833,462,233,229
2130,3285,442,1577,271,2843,462,233,229
2135,3291,442,1579,271,2849,463,233,230
2140,3302,442,1584,271,2860,463,233,230
2145,3306,442,1588,271,2864,463,233,230
2150,3316,442,1594,271,2874,463,233,230
2155,3322,442,1599,271,2880,464,234,230
2160,3333,442,1605,271,2891,464,234,230
2165,3337,442,1607,271,2895,464,234,230
2170,3347,443,1613,271,2904,464,234,230
2175,3353,443,1615,271,2910,465,234,231
2180,3364,444,1623,272,2920,465,234,231
2185,3368,444,1625,272,2924,465,234,231
2190,3378,445,1634,273,2933,465,234,231
2195,3384,445,1640,273,2938,466,235,231
2200,3395,447,1646,275,2948,466,235,231
2205,3399,447,1649,275,2952,466,235,231
2210,3409,449,1654,276,2958,467,236,231
2215,3415,451,1658,278,2963,470,238,232
2220,3426,454,1663,280,2970,472,238,234
2225,3430,457,1666,283,2973,472,238,234
2230,3440,457,1669,283,2983,472,238,234
2235,3446,457,1671,283,2989,474,239,235
2240,3457,458,1676,284,2999,474,239,235
2245,3461,458,1677,284,3003,474,239,235
2250,3471,458,1679,284,3013,474,239,235
2255,3477,458,1683,284,3019,475,240,235
2260,3488,459,1689,284,3029,475,240,235
2265,3492,459,1689,284,3033,475,240,235
2270,3502,459,1693,284,3043,475,240,235
2275,3508,459,1695,284,3049,476,241,235
2280,3519,460,1701,284,3059,476,241,235
2285,3523,460,1703,284,3063,477,242,235
2290,3533,461,1705,284,3072,478,242,236
2295,3539,461,1708,284,3078,479,242,237
2300,3550,463,1713,285,3086,480,242,238
2305,3554,464,1714,286,3090,481,242,239
2310,3564,465,1716,286,3099,482,242,240
2315,3570,465,1718,286,3105,483,243,240
2320,3581,467,1723,288,3114,484,243,241
2325,3585,468,1726,289,3117,485,244,241
2330,3595,471,1728,290,3124,486,244,242
2335,3601,471,1731,290,3130,489,245,244
2340,3612,473,1737,292,3138,491,247,244
2345,3616,474,1738,293,3142,491,247,244
2350,3626,475,1743,293,3151,492,248,244
2355,3632,475,1745,293,3157,494,249,245
2360,3643,476,1751,294,3167,494,249,245
2365,3647,476,1753,294,3171,494,249,245
2370,3657,477,1758,294,3180,495,249,246
2375,3663,477,1761,294,3186,497,251,246
2380,3674,477,1767,294,3197,497,251,246
2385,3678,477,1771,294,3201,497,251,246
2390,3688,478,1775,295,3210,498,251,247
2395,3694,478,1776,295,3216,500,251,249
2400,3705,479,1781,296,3226,500,251,249
2405,3709,479,1782,296,3230,500,251,249
2410,3719,480,1788,297,3239,500,251,249
2415,3725,480,1792,297,3245,502,252,250
2420,3736,480,1797,297,3256,502,252,250
2425,3740,480,1799,297,3260,502,252,250
2430,3750,481,1801,297,3269,502,252,250
2435,3756,481,1805,297,3275,504,253,251
2440,3767,481,1809,297,3286,504,253,251
2445,3771,481,1811,297,3290,504,253,251
2450,3781,483,1816,298,3297,504,253,251
2455,3787,484,1817,299,3303,506,254,252
2460,3798,488,1823,303,3309,508,254,254
2465,3802,490,1825,305,3312,508,254,254
2470,3812,491,1832,306,3321,508,254,254
2475,3818,491,1835,306,3327,510,256,254
2480,3829,492,1842,306,3337,510,256,254
2485,3833,492,1844,306,3341,510,256,254
2490,3843,493,1851,307,3350,510,256,254
2495,3849,493,1855,307,3356,511,256,255
2500,3860,494,1862,308,3366,511,256,255
2505,3864,494,1864,308,3370,511,256,255
2510,3874,495,1870,309,3379,511,256,255
2515,3880,495,1874,309,3385,512,257,255
2520,3891,496,1880,310,3395,513,257,256
2525,3895,496,1883,310,3399,513,257,256
2530,3905,497,1885,310,3408,513,257,256
2535,3911,497,1889,310,3414,514,258,256
2540,3922,498,1894,310,3424,514,258,256
2545,3926,498,1894,310,3428,514,258,256
2550,3936,499,1896,310,3437,514,258,256
2555,3942,499,1899,310,3443,515,259,256
2560,3953,500,1906,310,3453,515,259,256
2565,3957,500,1909,310,3457,515,259,256
2570,3967,502,1914,311,3465,516,259,257
2575,3973,502,1916,311,3471,517,259,258
2580,3984,505,1921,313,3479,519,260,259
2585,3988,505,1924,313,3483,519,260,259
2590,3998,506,1928,314,3492,520,260,260
2595,4004,506,1933,314,3498,522,261,261
2600,4015,507,1938,315,3508,523,261,262
2605,4019,507,1941,315,3512,523,261,262
2610,4029,508,1948,316,3521,524,262,262
2615,4035,508,1950,316,3527,526,263,263
2620,4046,510,1956,318,3536,527,263,264
2625,4050,510,1959,318,3540,527,263,264
2630,4060,511,1962,319,3549,528,263,265
2635,4066,511,1964,319,3555,530,263,267
2640,4077,513,1971,321,3564,531,263,268
2645,4081,513,1974,321,3568,531,263,268
2650,4091,513,1976,321,3578,532,263,269
2655,4097,513,1979,321,3584,534,264,270
2660,4108,513,1982,321,3595,534,264,270
2665,4112,513,1985,321,3599,534,264,270
2670,4122,513,1991,321,3609,535,264,271
2675,4128,513,1994,321,3615,537,265,272
2680,4139,513,2001,321,3626,537,265,272
2685,4143,513,2003,321,3630,537,265,272
2690,4153,514,2006,321,3639,537,265,272
2695,4159,514,2008,321,3644,540,266,274
2700,4170,517,2012,324,3653,541,266,275
2705,4174,517,2015,324,3657,542,267,275
2710,4184,518,2020,325,3666,542,267,275
2715,4190,518,2024,325,3672,543,268,275
2720,4201,519,2031,326,3682,543,268,275
2725,4205,519,2033,326,3686,543,268,275
2730,4215,520,2037,327,3695,543,268,275
2735,4221,520,2038,327,3701,544,268,276
2740,4232,521,2043,328,3711,544,268,276
2745,4236,521,2046,328,3715,544,268,276
2750,4246,522,2051,329,3724,544,268,276
2755,4252,522,2055,329,3730,545,269,276
2760,4263,523,2059,329,3740,545,269,276
2765,4267,523,2061,329,3744,545,269,276
2770,4277,524,2067,329,3753,546,270,276
2775,4283,524,2069,329,3759,549,271,278
2780,4294,525,2073,330,3769,549,271,278
2785,4298,525,2074,330,3773,549,271,278
2790,4308,526,2083,331,3782,550,272,278
2795,4314,526,2086,331,3788,553,273,280
2800,4325,527,2092,331,3798,553,273,280
2805,4329,528,2096,332,3801,553,273,280
2810,4339,530,2100,333,3809,554,273,281
2815,4345,530,2104,333,3815,557,276,281
2820,4356,532,2110,335,3824,559,277,282
2825,4360,532,2111,335,3828,560,277,283
2830,4370,533,2116,335,3837,561,277,284
2835,4376,533,2120,335,3843,562,278,284
2840,4387,535,2125,337,3852,562,278,284
2845,4391,535,2127,337,3856,563,278,285
2850,4401,536,2130,337,3865,563,278,285
2855,4407,536,2136,337,3871,564,279,285
2860,4418,537,2142,337,3881,564,279,285
2865,4422,538,2143,338,3884,565,279,286
2870,4432,539,2145,339,3893,565,279,286
2875,4438,539,2147,339,3899,566,279,287
2880,4449,540,2154,340,3909,566,279,287
2885,4453,541,2157,341,3912,567,280,287
2890,4463,542,2163,341,3921,567,280,287
2895,4469,542,2166,341,3927,569,282,287
2900,4480,543,2170,341,3937,569,282,287
2905,4484,543,2170,341,3941,570,282,288
2910,4494,544,2178,342,3950,570,282,288
2915,4500,544,2181,342,3956,572,283,289
2920,4511,545,2188,342,3966,572,283,289
2925,4515,546,2189,343,3969,573,283,290
2930,4525,548,2195,344,3977,573,283,290
2935,4531,548,2198,344,3982,576,284,292
2940,4542,552,2203,347,3990,577,284,293
2945,4546,552,2204,347,3994,577,284,293
2950,4556,552,2212,347,4004,578,285,293
2955,4562,552,2216,347,4010,580,287,293
2960,4573,552,2222,347,4021,581,288,293
2965,4577,552,2223,347,4025,581,288,293
2970,4587,552,2227,347,4035,581,288,293
2975,4593,552,2230,347,4041,583,290,293
2980,4604,552,2235,347,4052,584,290,294
2985,4608,552,2236,347,4056,584,290,294
2990,4618,552,2240,347,4066,584,290,294
2995,4624,552,2243,347,4072,586,292,294
3000,4635,552,2249,347,4083,587,292,295
3005,4639,552,2250,347,4087,587,292,295
3010,4649,552,2256,347,4097,587,292,295
3015,4655,552,2259,347,4103,589,293,296
3020,4666,552,2263,347,4114,589,293,296
3025,4670,552,2264,347,4118,589,293,296
3030,4680,552,2269,347,4128,589,293,296
3035,4686,552,2271,347,4134,591,293,298
3040,4697,552,2278,347,4145,591,293,298
3045,4701,552,2280,347,4149,591,293,298
3050,4711,554,2284,348,4157,591,293,298
3055,4717,554,2287,348,4163,593,294,299
3060,4728,557,2295,351,4170,594,295,299
3065,4732,559,2297,353,4173,595,295,300
3070,4742,561,2302,354,4181,596,296,300
3075,4748,561,2305,354,4187,598,296,302
3080,4759,562,2309,355,4196,598,296,302
3085,4763,563,2310,356,4200,599,297,302
3090,4773,565,2315,358,4208,600,297,303
3095,4779,565,2319,358,4214,601,297,304
3100,4790,565,2325,358,4224,601,297,304
3105,4794,566,2327,359,4228,602,297,305
3110,4804,568,2329,359,4236,603,297,306
3115,4810,568,2333,359,4242,604,297,307
3120,4821,568,2339,359,4253,604,297,307
3125,4825,568,2340,359,4257,605,297,308
3130,4835,570,2346,359,4265,606,298,308
3135,4841,570,2349,359,4271,607,298,309
3140,4852,571,2355,360,4280,607,298,309
3145,4856,572,2356,361,4284,608,298,310
3150,4866,574,2360,361,4292,609,299,310
3155,4872,574,2362,361,4298,610,300,310
3160,4883,574,2364,361,4309,610,300,310
3165,4887,574,2368,361,4313,611,301,310
3170,4897,576,2373,361,4321,612,302,310
3175,4903,576,2377,361,4326,614,303,311
3180,4914,578,2382,362,4336,616,305,311
3185,4918,578,2385,362,4340,616,305,311
3190,4928,579,2390,363,4349,616,305,311
3195,4934,579,2394,363,4355,618,306,312
3200,4945,581,2402,365,4364,618,306,312
3205,4949,581,2402,365,4368,618,306,312
3210,4959,582,2404,365,4377,618,306,312
3215,4965,582,2407,365,4382,619,306,313
3220,4976,585,2412,368,4391,619,306,313
3225,4980,585,2413,368,4395,619,306,313
3230,4990,586,2418,369,4404,619,306,313
3235,4996,586,2423,369,4409,620,307,313
3240,5007,589,2429,371,4418,620,307,313
3245,5011,589,2432,371,4422,620,307,313
3250,5021,590,2440,372,4431,621,307,314
3255,5027,590,2442,372,4437,622,307,315
3260,5038,591,2448,372,4447,622,307,315
3265,5042,591,2450,372,4451,622,307,315
3270,5052,591,2453,372,4461,623,308,315
3275,5058,591,2458,372,4467,624,309,315
3280,5069,592,2463,373,4477,624,309,315
3285,5073,592,2466,373,4481,624,309,315
3290,5083,593,2469,373,4490,625,309,316
3295,5089,593,2473,373,4495,627,311,316
3300,5100,596,2476,375,4504,628,311,317
3305,5104,597,2479,376,4507,628,311,317
3310,5114,598,2483,376,4516,628,311,317
3315,5120,598,2487,376,4522,629,312,317
3320,5131,599,2492,377,4532,630,312,318
3325,5135,599,2495,377,4536,630,312,318
3330,5145,600,2501,377,4545,630,312,318
3335,5151,600,2505,377,4551,631,313,318
3340,5162,601,2509,377,4560,632,314,318
3345,5166,603,2513,379,4563,633,315,318
3350,5176,604,2520,380,4572,633,315,318
3355,5182,604,2523,380,4578,634,316,318
3360,5193,605,2528,381,4588,635,317,318
3365,5197,606,2531,382,4591,636,317,319
3370,5207,607,2535,383,4600,636,317,319
3375,5213,607,2539,383,4606,638,318,320
3380,5224,608,2543,383,4616,639,318,321
3385,5228,608,2544,383,4620,640,318,322
3390,5238,609,2549,384,4629,640,318,322
3395,5244,609,2550,384,4635,642,318,324
3400,5255,610,2558,385,4645,643,318,325
3405,5259,611,2559,386,4648,644,318,326
3410,5269,613,2566,388,4656,644,318,326
3415,5275,613,2569,388,4662,647,320,327
3420,5286,616,2573,391,4670,649,320,329
3425,5290,616,2576,391,4674,649,320,329
3430,5300,618,2582,393,4682,649,320,329
3435,5306,618,2584,393,4688,651,320,331
3440,5317,619,2589,394,4698,651,320,331
3445,5321,619,2591,394,4702,651,320,331
3450,5331,621,2598,395,4710,651,320,331
3455,5337,621,2602,395,4716,653,322,331
3460,5348,621,2606,395,4727,653,322,331
3465,5352,621,2608,395,4731,653,322,331
3470,5362,623,2612,395,4739,653,322,331
3475,5368,623,2613,395,4745,655,323,332
3480,5379,623,2616,395,4756,655,323,332
3485,5383,623,2619,395,4760,655,323,332
3490,5393,625,2622,395,4768,656,323,333
3495,5399,625,2625,395,4774,657,324,333
3500,5410,625,2629,395,4785,657,324,333
3505,5414,625,2629,395,4789,657,324,333
3510,5424,627,2637,397,4797,658,325,333
3515,5430,627,2640,397,4803,659,325,334
3520,5441,627,2644,397,4814,659,325,334
3525,5445,628,2647,398,4817,659,325,334
3530,5455,630,2651,398,4825,660,325,335
3535,5461,630,2654,398,4831,661,325,336
3540,5472,632,2657,399,4840,663,326,337
3545,5476,632,2658,399,4844,663,326,337
3550,5486,633,2664,400,4853,663,326,337
3555,5492,633,2667,400,4859,665,326,339
3560,5503,634,2672,401,4869,666,326,340
3565,5507,634,2673,401,4873,666,326,340
3570,5517,635,2676,401,4882,666,326,340
3575,5523,635,2679,401,4888,668,327,341
3580,5534,635,2683,401,4899,669,328,341
3585,5538,635,2686,401,4903,669,328,341
3590,5548,636,2691,401,4912,669,328,341
3595,5554,636,2692,401,4918,672,329,343
3600,5565,637,2697,402,4928,673,329,344
3605,5569,637,2700,402,4932,673,329,344
3610,5579,638,2707,402,4941,673,329,344
3615,5585,638,2709,402,4947,674,330,344
3620,5596,638,2711,402,4958,674,330,344
3625,5600,638,2714,402,4962,674,330,344
3630,5610,639,2717,402,4971,674,330,344
3635,5616,639,2721,402,4977,675,331,344
3640,5627,641,2729,404,4986,675,331,344
3645,5631,641,2731,404,4990,676,332,344
3650,5641,643,2734,405,4998,676,332,344
3655,5647,643,2735,405,5004,677,332,345
3660,5658,645,2741,407,5012,678,332,346
3665,5662,646,2743,408,5016,679,333,346
3670,5672,647,2748,408,5025,680,334,346
3675,5678,647,2751,408,5030,681,334,347
3680,5689,649,2756,409,5039,681,334,347
3685,5693,650,2756,410,5043,682,334,348
3690,5703,651,2760,411,5052,682,334,348
3695,5709,651,2762,411,5057,683,334,349
3700,5720,654,2768,413,5066,683,334,349
3705,5724,654,2768,413,5070,684,334,350
3710,5734,655,2774,414,5079,684,334,350
3715,5740,655,2776,414,5084,686,334,352
3720,5751,658,2781,417,5093,687,335,352
3725,5755,658,2782,417,5097,687,335,352
3730,5765,659,2787,417,5106,687,335,352
3735,5771,659,2791,417,5111,688,335,353
3740,5782,661,2796,419,5121,688,335,353
3745,5786,661,2799,419,5125,688,335,353
3750,5796,662,2803,419,5134,688,335,353
3755,5802,662,2807,419,5139,689,335,354
3760,5813,664,2812,421,5149,689,335,354
3765,5817,664,2814,421,5153,689,335,354
3770,5827,666,2821,422,5161,689,335,354
3775,5833,666,2823,422,5167,691,336,355
3780,5844,667,2829,422,5177,692,336,356
3785,5848,667,2831,422,5181,692,336,356
3790,5858,668,2836,422,5190,692,336,356
3795,5864,668,2839,422,5196,694,338,356
3800,5875,669,2850,423,5206,694,338,356
3805,5879,669,2852,423,5210,694,338,356
3810,5889,670,2857,424,5219,694,338,356
3815,5895,670,2859,424,5225,696,339,357
3820,5906,671,2864,425,5235,696,339,357
3825,5910,671,2868,425,5239,696,339,357
3830,5920,672,2870,425,5248,696,339,357
3835,5926,672,2873,425,5254,699,340,359
3840,5937,674,2879,427,5263,700,340,360
3845,5941,674,2880,427,5267,700,340,360
3850,5951,675,2885,427,5276,701,340,361
3855,5957,675,2888,427,5282,703,341,362
3860,5968,678,2897,429,5289,703,341,362
3865,5972,679,2898,430,5293,703,341,362
3870,5982,680,2903,431,5302,704,341,363
3875,5988,680,2908,431,5308,706,343,363
3880,5999,682,2916,433,5317,706,343,363
3885,6003,682,2917,433,5321,706,343,363
3890,6013,684,2921,433,5329,707,343,364
3895,6019,684,2924,433,5334,709,344,365
3900,6030,687,2928,436,5343,710,345,365
3905,6034,687,2930,436,5347,710,345,365
3910,6044,689,2934,438,5355,710,345,365
3915,6050,689,2936,438,5361,712,345,367
3920,6061,690,2944,439,5371,712,345,367
3925,6065,690,2944,439,5375,712,345,367
3930,6075,692,2950,439,5383,712,345,367
3935,6081,692,2953,439,5389,714,346,368
3940,6092,692,2955,439,5400,714,346,368
3945,6096,692,2957,439,5404,714,346,368
3950,6106,694,2960,439,5412,714,346,368
3955,6112,694,2964,439,5418,716,347,369
3960,6123,695,2968,440,5428,717,348,369
3965,6127,695,2970,440,5432,717,348,369
3970,6137,697,2978,441,5440,717,348,369
3975,6143,697,2983,441,5446,718,349,369
3980,6154,697,2988,441,5457,719,349,370
3985,6158,697,2990,441,5461,719,349,370
3990,6168,699,2996,442,5469,719,349,370
3995,6174,699,2999,442,5475,720,350,370
4000,6185,699,3004,442,5486,721,350,371
4005,6189,699,3004,442,5490,721,350,371
4010,6199,701,3013,444,5498,721,350,371
4015,6205,701,3015,444,5504,722,351,371
4020,6216,703,3021,445,5512,724,351,373
4025,6220,705,3024,447,5515,724,351,373
4030,6230,706,3029,448,5524,724,351,373
4035,6236,706,3029,448,5530,726,351,375
4040,6247,708,3037,449,5538,726,351,375
4045,6251,709,3038,450,5542,726,351,375
4050,6261,710,3040,450,5551,726,351,375
4055,6267,710,3046,450,5557,728,353,375
4060,6278,711,3051,450,5566,728,353,375
4065,6282,713,3053,452,5569,728,353,375
4070,6292,715,3055,454,5577,729,353,376
4075,6298,715,3058,454,5583,731,355,376
4080,6309,718,3066,457,5590,731,355,376
4085,6313,719,3069,458,5594,732,355,377
4090,6323,719,3075,458,5604,732,355,377
4095,6329,719,3080,458,5610,735,357,378
4100,6340,719,3083,458,5621,735,357,378
4105,6344,719,3085,458,5625,736,357,379
4110,6354,719,3091,458,5635,736,357,379
4115,6360,719,3097,458,5641,739,360,379
4120,6371,719,3102,458,5652,739,360,379
4125,6375,720,3104,459,5655,740,360,380
4130,6385,721,3108,460,5664,740,360,380
4135,6391,721,3111,460,5669,743,361,382
4140,6402,722,3117,461,5680,744,361,383
4145,6406,723,3119,462,5683,744,361,383
4150,6416,724,3123,462,5692,744,361,383
4155,6422,724,3126,462,5698,745,361,384
4160,6433,726,3130,464,5707,746,362,384
4165,6437,727,3132,465,5710,746,362,384
4170,6447,728,3137,465,5719,746,362,384
4175,6453,728,3138,465,5725,747,362,385
4180,6464,729,3141,466,5735,748,362,386
4185,6468,729,3143,466,5739,748,362,386
4190,6478,730,3149,467,5748,748,362,386
4195,6484,730,3151,467,5754,749,362,387
4200,6495,732,3155,468,5763,750,363,387
4205,6499,732,3159,468,5767,750,363,387
4210,6509,733,3166,468,5776,751,364,387
4215,6515,733,3169,468,5781,752,365,387
4220,6526,734,3175,469,5792,753,365,388
4225,6530,734,3176,469,5796,753,365,388
4230,6540,735,3179,469,5805,754,366,388
4235,6546,735,3181,469,5811,755,367,388
4240,6557,735,3187,469,5822,756,368,388
4245,6561,735,3189,469,5826,756,368,388
4250,6571,737,3191,470,5834,757,368,389
4255,6577,737,3196,470,5839,758,369,389
4260,6588,740,3202,473,5847,760,369,391
4265,6592,741,3203,474,5851,760,369,391
4270,6602,741,3208,474,5861,760,369,391
4275,6608,741,3209,474,5867,761,369,392
4280,6619,741,3216,474,5878,762,370,392
4285,6623,741,3219,474,5882,762,370,392
4290,6633,741,3220,474,5892,762,370,392
4295,6639,741,3224,474,5898,763,371,392
4300,6650,741,3228,474,5909,764,371,393
4305,6654,741,3230,474,5913,764,371,393
4310,6664,741,3234,474,5923,764,371,393
4315,6670,741,3236,474,5929,765,372,393
4320,6681,742,3239,474,5939,766,372,394
4325,6685,743,3241,475,5942,766,372,394
4330,6695,744,3249,476,5951,766,372,394
4335,6701,744,3252,476,5957,767,373,394
4340,6712,746,3256,477,5966,767,373,394
4345,6716,747,3258,478,5969,767,373,394
4350,6726,747,3261,478,5979,767,373,394
4355,6732,747,3264,478,5985,768,373,395
4360,6743,749,3270,480,5994,768,373,395
4365,6747,749,3271,480,5998,768,373,395
4370,6757,751,3279,482,6006,769,373,396
4375,6763,751,3281,482,6011,772,374,398
4380,6774,754,3285,485,6020,773,374,399
4385,6778,754,3287,485,6024,774,375,399
4390,6788,755,3295,486,6033,774,375,399
4395,6794,755,3299,486,6039,776,377,399
4400,6805,756,3305,487,6049,776,377,399
4405,6809,756,3306,487,6053,777,377,400
4410,6819,757,3312,488,6062,777,377,400
4415,6825,757,3314,488,6068,779,377,402
4420,6836,758,3322,489,6078,779,377,402
4425,6840,758,3324,489,6082,780,377,403
4430,6850,760,3328,490,6090,780,377,403
4435,6856,760,3331,490,6096,782,379,403
4440,6867,760,3338,490,6106,782,379,403
4445,6871,761,3340,491,6110,782,379,403
4450,6881,763,3343,492,6118,782,379,403
4455,6887,763,3345,492,6124,783,379,404
4460,6898,763,3350,492,6134,783,379,404
4465,6902,765,3352,494,6137,783,379,404
4470,6912,767,3356,495,6145,783,379,404
4475,6918,767,3357,495,6151,784,380,404
4480,6929,767,3363,495,6161,784,380,404
4485,6933,769,3367,497,6164,784,380,404
4490,6943,772,3372,500,6171,784,380,404
4495,6949,772,3373,500,6177,786,380,406
4500,6960,775,3378,502,6185,788,381,407
4505,6964,776,3380,503,6188,788,381,407
4510,6974,778,3384,504,6196,789,382,407
4515,6980,778,3388,504,6201,791,383,408
4520,6991,780,3393,506,6211,793,385,408
4525,6995,781,3396,507,6214,793,385,408
4530,7005,783,3401,508,6222,794,385,409
4535,7011,783,3402,508,6228,796,385,411
4540,7022,785,3409,510,6237,798,387,411
4545,7026,785,3411,510,6241,798,387,411
4550,7036,787,3415,511,6249,799,387,412
4555,7042,787,3419,511,6254,801,388,413
4560,7053,790,3422,513,6263,803,388,415
4565,7057,791,3424,514,6266,803,388,415
4570,7067,791,3427,514,6276,803,388,415
4575,7073,791,3429,514,6282,806,389,417
4580,7084,792,3432,515,6292,806,389,417
4585,7088,792,3434,515,6296,806,389,417
4590,7098,792,3439,515,6306,806,389,417
4595,7104,792,3444,515,6312,809,392,417
4600,7115,794,3449,516,6321,809,392,417
4605,7119,794,3451,516,6325,809,392,417
4610,7129,794,3456,516,6334,809,392,417
4615,7135,795,3459,517,6340,812,393,419
4620,7146,797,3464,519,6348,812,393,419
4625,7150,798,3466,520,6352,812,393,419
4630,7160,799,3472,521,6361,812,393,419
4635,7166,799,3477,521,6367,814,394,420
4640,7177,799,3480,521,6378,814,394,420
4645,7181,799,3482,521,6382,814,394,420
4650,7191,800,3488,522,6391,814,394,420
4655,7197,800,3494,522,6397,816,396,420
4660,7208,800,3499,522,6408,816,396,420
4665,7212,800,3500,522,6412,816,396,420
4670,7222,802,3503,522,6420,816,396,420
4675,7228,802,3506,522,6426,818,397,421
4680,7239,802,3511,522,6437,820,398,422
4685,7243,802,3514,522,6441,820,398,422
4690,7253,804,3519,522,6449,820,398,422
4695,7259,804,3522,522,6455,821,399,422
4700,7270,804,3527,522,6466,821,399,422
4705,7274,804,3529,522,6470,821,399,422
4710,7284,806,3536,523,6478,821,399,422
4715,7290,806,3541,523,6484,822,400,422
4720,7301,806,3546,523,6495,822,400,422
4725,7305,806,3546,523,6499,822,400,422
4730,7315,808,3552,524,6507,822,400,422
4735,7321,808,3557,524,6512,823,401,422
4740,7332,809,3561,525,6523,823,401,422
4745,7336,809,3564,525,6527,823,401,422
4750,7346,811,3570,527,6535,823,401,422
4755,7352,811,3576,527,6540,825,403,422
4760,7363,813,3584,529,6549,825,403,422
4765,7367,814,3587,530,6553,825,403,422
4770,7377,816,3593,532,6561,825,403,422
4775,7383,816,3599,532,6566,827,405,422
4780,7394,818,3605,534,6575,827,405,422
4785,7398,819,3607,535,6579,827,405,422
4790,7408,821,3612,536,6587,828,406,422
4795,7414,821,3613,536,6592,830,406,424
4800,7425,824,3621,539,6600,832,408,424
4805,7429,825,3623,540,6604,832,408,424
4810,7439,825,3631,540,6614,832,408,424
4815,7445,825,3634,540,6620,834,409,425
4820,7456,825,3640,540,6631,834,409,425
4825,7460,825,3643,540,6635,834,409,425
4830,7470,825,3648,540,6645,834,409,425
4835,7476,825,3653,540,6651,836,410,426
4840,7487,825,3660,540,6662,836,410,426
4845,7491,825,3662,540,6666,836,410,426
4850,7501,825,3665,540,6676,836,410,426
4855,7507,825,3667,540,6682,838,411,427
4860,7518,825,3672,540,6693,838,411,427
4865,7522,825,3675,540,6697,838,411,427
4870,7532,825,3677,540,6707,838,411,427
4875,7538,825,3679,540,6713,840,412,428
4880,7549,825,3681,540,6724,841,412,429
4885,7553,825,3681,540,6728,841,412,429
4890,7563,825,3684,540,6738,841,412,429
4895,7569,825,3688,540,6744,843,414,429
4900,7580,825,3692,540,6755,844,414,430
4905,7584,825,3694,540,6759,844,414,430
4910,7594,827,3697,541,6767,844,414,430
4915,7600,827,3702,541,6772,845,415,430
4920,7611,830,3708,544,6781,846,416,430
4925,7615,831,3710,545,6784,846,416,430
4930,7625,834,3715,547,6791,847,416,431
4935,7631,834,3716,547,6797,849,416,433
4940,7642,835,3723,548,6807,849,416,433
4945,7646,836,3725,549,6810,849,416,433
4950,7656,839,3728,551,6817,850,416,434
4955,7662,839,3731,551,6823,852,417,435
4960,7673,839,3736,551,6834,852,417,435
4965,7677,840,3740,552,6837,852,417,435
4970,7687,843,3746,554,6844,853,418,435
4975,7693,843,3750,554,6850,855,420,435
4980,7704,844,3760,555,6860,855,420,435
4985,7708,844,3763,555,6864,855,420,435
4990,7718,845,3770,555,6873,855,420,435
4995,7724,845,3772,555,6878,856,420,436
5000,7735,846,3778,556,6889,857,421,436
5005,7739,846,3779,556,6893,857,421,436
5010,7749,847,3784,557,6902,857,421,436
5015,7755,847,3786,557,6908,858,421,437
5020,7766,847,3793,557,6919,859,421,438
5025,7770,847,3793,557,6923,859,421,438
5030,7780,848,3798,558,6932,859,421,438
5035,7786,848,3798,558,6938,861,421,440
5040,7797,850,3802,559,6947,863,422,441
5045,7801,850,3803,559,6951,863,422,441
5050,7811,851,3807,559,6960,863,422,441
5055,7817,851,3810,559,6966,865,423,442
5060,7828,853,3818,561,6975,865,423,442
5065,7832,853,3821,561,6979,865,423,442
5070,7842,854,3824,561,6988,865,423,442
5075,7848,854,3829,561,6994,867,425,442
5080,7859,856,3837,563,7003,867,425,442
5085,7863,856,3840,563,7007,867,425,442
5090,7873,857,3842,563,7016,867,425,442
5095,7879,857,3844,563,7022,870,426,444
5100,7890,858,3849,563,7032,870,426,444
5105,7894,859,3852,564,7035,870,426,444
5110,7904,859,3857,564,7045,871,426,445
5115,7910,859,3862,564,7051,874,429,445
5120,7921,860,3866,565,7061,875,429,446
5125,7925,860,3868,565,7065,875,429,446
5130,7935,860,3872,565,7075,876,429,447
5135,7941,860,3877,565,7081,879,431,448
5140,7952,861,3881,565,7091,880,431,449
5145,7956,862,3883,566,7094,880,431,449
5150,7966,863,3886,566,7103,881,431,450
5155,7972,863,3889,566,7108,884,432,452
5160,7983,867,3895,569,7115,886,433,453
5165,7987,868,3895,570,7119,886,433,453
5170,7997,868,3900,570,7129,886,433,453
5175,8003,868,3902,570,7135,887,434,453
5180,8014,868,3904,570,7146,887,434,453
5185,8018,868,3906,570,7150,887,434,453
5190,8028,868,3911,570,7160,887,434,453
5195,8034,868,3913,570,7166,888,434,454
5200,8045,868,3917,570,7177,888,434,454
5205,8049,868,3919,570,7181,888,434,454
5210,8059,868,3922,570,7191,888,434,454
5215,8065,868,3924,570,7197,889,435,454
5220,8076,868,3931,570,7208,889,435,454
5225,8080,868,3932,570,7212,889,435,454
5230,8090,869,3935,571,7221,889,435,454
5235,8096,869,3937,571,7226,890,435,455
5240,8107,873,3945,574,7234,891,436,455
5245,8111,874,3947,575,7237,891,436,455
5250,8121,875,3953,575,7246,891,436,455
5255,8127,875,3957,575,7251,892,437,455
5260,8138,878,3963,577,7260,893,437,456
5265,8142,878,3964,577,7264,893,437,456
5270,8152,880,3970,579,7272,893,437,456
5275,8158,880,3975,579,7278,896,440,456
5280,8169,883,3981,581,7286,897,441,456
5285,8173,883,3983,581,7290,897,441,456
5290,8183,885,3988,583,7298,898,441,457
5295,8189,885,3989,583,7304,900,441,459
5300,8200,886,3994,584,7313,900,441,459
5305,8204,888,3997,586,7316,900,441,459
5310,8214,890,4003,586,7324,901,442,459
5315,8220,890,4005,586,7330,902,442,460
5320,8231,890,4009,586,7340,903,442,461
5325,8235,891,4011,587,7344,903,442,461
5330,8245,892,4014,587,7353,904,442,462
5335,8251,892,4015,587,7359,905,442,463
5340,8262,892,4022,587,7370,906,443,463
5345,8266,892,4023,587,7374,906,443,463
5350,8276,894,4028,589,7382,907,444,463
5355,8282,894,4031,589,7388,909,446,463
5360,8293,895,4035,590,7398,909,446,463
5365,8297,895,4037,590,7402,909,446,463
5370,8307,896,4044,591,7411,909,446,463
5375,8313,896,4048,591,7417,911,448,463
5380,8324,896,4052,591,7428,911,448,463
5385,8328,896,4053,591,7432,911,448,463
5390,8338,897,4056,591,7441,911,448,463
5395,8344,897,4060,591,7447,914,450,464
5400,8355,899,4065,593,7456,916,451,465
5405,8359,899,4067,593,7460,916,451,465
5410,8369,901,4070,595,7468,916,451,465
5415,8375,901,4073,595,7474,917,452,465
5420,8386,902,4079,596,7483,918,453,465
5425,8390,904,4082,598,7486,918,453,465
5430,8400,906,4087,598,7494,918,453,465
5435,8406,906,4089,598,7499,919,453,466
5440,8417,908,4094,600,7508,920,453,467
5445,8421,910,4098,602,7511,920,453,467
5450,8431,912,4104,603,7519,920,453,467
5455,8437,912,4107,603,7525,921,454,467
5460,8448,913,4112,603,7535,922,454,468
5465,8452,914,4114,604,7538,922,454,468
5470,8462,916,4119,606,7546,922,454,468
5475,8468,916,4119,606,7552,923,454,469
5480,8479,917,4124,606,7562,925,455,470
5485,8483,919,4127,608,7564,925,455,470
5490,8493,921,4134,608,7572,925,455,470
5495,8499,921,4138,608,7577,926,455,471
5500,8510,923,4143,609,7587,928,455,473
5505,8514,925,4146,611,7589,928,455,473
5510,8524,928,4150,612,7596,929,455,474
5515,8530,928,4153,612,7602,932,457,475
5520,8541,929,4159,612,7612,934,459,475
5525,8545,929,4160,612,7616,934,459,475
5530,8555,930,4165,613,7625,934,459,475
5535,8561,930,4169,613,7631,937,462,475
5540,8572,930,4175,613,7642,937,462,475
5545,8576,930,4177,613,7646,937,462,475
5550,8586,931,4182,614,7655,937,462,475
5555,8592,931,4186,614,7661,939,463,476
5560,8603,931,4194,614,7672,939,463,476
5565,8607,931,4196,614,7676,939,463,476
5570,8617,932,4201,614,7685,939,463,476
5575,8623,932,4203,614,7691,941,464,477
5580,8634,932,4212,614,7702,941,464,477
5585,8638,933,4214,615,7705,941,464,477
5590,8648,934,4218,615,7714,941,464,477
5595,8654,934,4220,615,7720,943,465,478
5600,8665,937,4226,618,7728,943,465,478
5605,8669,937,4228,618,7732,943,465,478
5610,8679,938,4235,618,7741,943,465,478
5615,8685,938,4236,618,7747,945,465,480
5620,8696,939,4242,619,7757,945,465,480
5625,8700,940,4245,620,7760,945,465,480
5630,8710,942,4249,621,7768,946,465,481
5635,8716,942,4250,621,7774,948,466,482
5640,8727,943,4252,622,7784,948,466,482
5645,8731,943,4253,622,7788,948,466,482
5650,8741,944,4258,622,7797,948,466,482
5655,8747,944,4259,622,7803,949,466,483
5660,8758,944,4266,622,7814,949,466,483
5665,8762,944,4267,622,7818,949,466,483
5670,8772,945,4272,623,7827,949,466,483
5675,8778,945,4277,623,7832,950,467,483
5680,8789,946,4282,624,7843,950,467,483
5685,8793,946,4284,624,7847,950,467,483
5690,8803,947,4288,624,7856,950,467,483
5695,8809,947,4291,624,7862,951,467,484
5700,8820,947,4298,624,7873,951,467,484
5705,8824,947,4300,624,7877,951,467,484
5710,8834,948,4305,624,7886,952,467,485
5715,8840,948,4305,624,7892,953,467,486
5720,8851,949,4311,624,7902,953,467,486
5725,8855,949,4312,624,7906,953,467,486
5730,8865,950,4314,625,7915,953,467,486
5735,8871,950,4316,625,7920,954,467,487
5740,8882,952,4322,626,7930,954,467,487
5745,8886,952,4324,626,7934,954,467,487
5750,8896,954,4327,627,7942,954,467,487
5755,8902,954,4330,627,7947,956,467,489
5760,8913,956,4335,629,7957,956,467,489
5765,8917,956,4339,629,7961,956,467,489
5770,8927,958,4345,631,7969,956,467,489
5775,8933,958,4350,631,7975,958,469,489
5780,8944,959,4353,631,7985,958,469,489
5785,8948,959,4354,631,7989,958,469,489
5790,8958,961,4359,632,7997,958,469,489
5795,8964,961,4361,632,8003,960,470,490
5800,8975,963,4365,633,8012,960,470,490
5805,8979,963,4365,633,8016,960,470,490
5810,8989,965,4369,634,8024,960,470,490
5815,8995,965,4370,634,8030,962,470,492
5820,9006,966,4377,635,8040,962,470,492
5825,9010,966,4378,635,8044,962,470,492
5830,9020,968,4383,636,8052,962,470,492
5835,9026,968,4387,636,8058,965,472,493
5840,9037,969,4391,637,8068,966,472,494
5845,9041,970,4395,638,8071,966,472,494
5850,9051,972,4401,640,8079,966,472,494
5855,9057,972,4405,640,8085,969,474,495
5860,9068,974,4410,641,8093,970,475,495
5865,9072,976,4413,643,8096,970,475,495
5870,9082,978,4420,645,8104,970,475,495
5875,9088,978,4426,645,8109,973,478,495
5880,9099,981,4430,648,8117,975,478,497
5885,9103,982,4432,649,8121,975,478,497
5890,9113,983,4439,650,8130,975,478,497
5895,9119,983,4442,650,8136,977,478,499
5900,9130,983,4450,650,8147,978,479,499
5905,9134,983,4453,650,8151,978,479,499
5910,9144,984,4456,650,8160,978,479,499
5915,9150,984,4457,650,8166,980,480,500
5920,9161,984,4463,650,8177,981,480,501
5925,9165,984,4464,650,8181,981,480,501
5930,9175,985,4469,650,8190,981,480,501
5935,9181,985,4473,650,8196,983,480,503
5940,9192,985,4477,650,8207,984,481,503
5945,9196,985,4480,650,8211,984,481,503
5950,9206,986,4483,650,8220,984,481,503
5955,9212,986,4487,650,8226,985,482,503
5960,9223,988,4491,652,8235,985,482,503
5965,9227,988,4495,652,8239,985,482,503
5970,9237,989,4500,652,8248,985,482,503
5975,9243,989,4504,652,8254,986,483,503
5980,9254,991,4511,654,8263,986,483,503
5985,9258,992,4513,655,8266,986,483,503
5990,9268,994,4517,655,8274,986,483,503
5995,9274,994,4519,655,8280,987,484,503
6000,9285,997,4525,658,8287,987,484,503
6005,9289,998,4525,659,8291,987,484,503
6010,9299,998,4528,659,8301,988,484,504
6015,9305,998,4531,659,8307,990,486,504
6020,9316,998,4537,659,8318,990,486,504
6025,9320,998,4538,659,8322,990,486,504
6030,9330,998,4542,659,8332,991,486,505
6035,9336,998,4545,659,8338,993,487,506
6040,9347,998,4550,659,8349,993,487,506
6045,9351,998,4551,659,8353,993,487,506
6050,9361,998,4556,659,8363,994,488,506
6055,9367,998,4558,659,8369,996,489,507
6060,9378,998,4562,659,8380,997,490,507
6065,9382,998,4565,659,8384,997,490,507
6070,9392,999,4570,660,8393,997,490,507
6075,9398,999,4574,660,8399,998,490,508
6080,9409,1000,4578,660,8409,999,490,509
6085,9413,1000,4580,660,8413,999,490,509
6090,9423,1001,4584,661,8422,999,490,509
6095,9429,1001,4588,661,8428,1000,491,509
6100,9440,1002,4595,661,8437,1001,492,509
6105,9444,1003,4598,662,8441,1001,492,509
6110,9454,1005,4604,662,8449,1001,492,509
6115,9460,1005,4608,662,8454,1002,493,509
6120,9471,1009,4615,666,8462,1003,494,509
6125,9475,1009,4617,666,8466,1003,494,509
6130,9485,1010,4622,667,8475,1004,494,510
6135,9491,1010,4628,667,8480,1006,496,510
6140,9502,1011,4634,668,8491,1006,496,510
6145,9506,1011,4635,668,8495,1006,496,510
6150,9516,1012,4640,668,8504,1006,496,510
6155,9522,1012,4645,668,8509,1008,498,510
6160,9533,1013,4652,669,8520,1008,498,510
6165,9537,1013,4653,669,8524,1008,498,510
6170,9547,1014,4657,669,8533,1008,498,510
6175,9553,1014,4659,669,8539,1010,498,512
6180,9564,1014,4666,669,8550,1011,499,512
6185,9568,1015,4667,670,8553,1011,499,512
6190,9578,1016,4672,671,8562,1011,499,512
6195,9584,1016,4675,671,8567,1012,499,513
6200,9595,1019,4684,674,8576,1013,500,513
6205,9599,1020,4686,675,8579,1013,500,513
6210,9609,1021,4693,676,8588,1013,500,513
6215,9615,1021,4697,676,8593,1014,501,513
6220,9626,1024,4702,678,8602,1015,502,513
6225,9630,1024,4704,678,8606,1015,502,513
6230,9640,1026,4710,679,8614,1015,502,513
6235,9646,1026,4713,679,8620,1017,503,514
6240,9657,1027,4721,680,8629,1018,504,514
6245,9661,1029,4723,682,8632,1018,504,514
6250,9671,1031,4730,684,8640,1018,504,514
6255,9677,1031,4731,684,8646,1019,504,515
6260,9688,1033,4736,686,8654,1020,504,516
6265,9692,1034,4738,687,8658,1020,504,516
6270,9702,1036,4743,689,8666,1020,504,516
6275,9708,1036,4744,689,8672,1021,504,517
6280,9719,1038,4751,691,8680,1022,505,517
6285,9723,1039,4753,692,8684,1022,505,517
6290,9733,1042,4758,695,8691,1022,505,517
6295,9739,1042,4761,695,8697,1024,507,517
6300,9750,1043,4769,696,8706,1025,508,517
6305,9754,1044,4771,697,8710,1025,508,517
6310,9764,1044,4776,697,8720,1026,509,517
6315,9770,1044,4779,697,8726,1027,509,518
6320,9781,1044,4783,697,8737,1027,509,518
6325,9785,1044,4784,697,8741,1027,509,518
6330,9795,1044,4790,697,8751,1028,510,518
6335,9801,1044,4793,697,8757,1029,510,519
6340,9812,1044,4795,697,8768,1029,510,519
6345,9816,1044,4796,697,8772,1029,510,519
6350,9826,1044,4799,697,8782,1030,510,520
6355,9832,1044,4803,697,8788,1032,511,521
6360,9843,1044,4809,697,8799,1033,512,521
6365,9847,1044,4810,697,8803,1033,512,521
6370,9857,1045,4815,697,8812,1033,512,521
6375,9863,1045,4818,697,8818,1034,513,521
6380,9874,1046,4825,698,8826,1035,513,522
6385,9878,1049,4827,701,8829,1035,513,522
6390,9888,1050,4834,702,8838,1035,513,522
6395,9894,1050,4837,702,8843,1036,513,523
6400,9905,1051,4843,703,8853,1037,513,524
6405,9909,1053,4845,705,8856,1037,513,524
6410,9919,1055,4851,706,8864,1037,513,524
6415,9925,1055,4853,706,8869,1039,514,525
6420,9936,1058,4859,709,8877,1040,515,525
6425,9940,1058,4861,709,8882,1040,515,525
6430,9950,1059,4865,710,8891,1040,515,525
6435,9956,1059,4867,710,8897,1041,515,526
6440,9967,1061,4871,711,8906,1041,515,526
6445,9971,1061,4872,711,8910,1041,515,526
6450,9981,1062,4875,712,8919,1041,515,526
6455,9987,1062,4877,712,8925,1042,516,526
6460,9998,1063,4879,713,8935,1042,516,526
6465,10002,1063,4880,713,8939,1042,516,526
6470,10012,1064,4885,714,8948,1042,516,526
6475,10018,1064,4889,714,8954,1044,517,527
6480,10029,1067,4896,716,8962,1045,517,528
6485,10033,1067,4898,716,8966,1045,517,528
6490,10043,1068,4901,716,8975,1046,517,529
6495,10049,1068,4903,716,8980,1048,517,531
6500,10060,1072,4909,720,8988,1049,518,531
6505,10064,1072,4912,720,8992,1049,518,531
6510,10074,1073,4916,720,9001,1050,518,532
6515,10080,1073,4919,720,9006,1052,519,533
6520,10091,1077,4926,724,9014,1053,520,533
6525,10095,1077,4926,724,9018,1053,520,533
6530,10105,1078,4929,725,9027,1054,520,534
6535,10111,1078,4931,725,9033,1057,521,536
6540,10122,1082,4940,729,9040,1059,523,536
6545,10126,1082,4943,729,9044,1059,523,536
6550,10136,1083,4950,729,9053,1059,523,536
6555,10142,1083,4952,729,9059,1060,524,536
6560,10153,1083,4957,729,9070,1060,524,536
6565,10157,1084,4960,730,9073,1060,524,536
6570,10167,1085,4964,730,9082,1060,524,536
6575,10173,1085,4968,730,9088,1061,524,537
6580,10184,1085,4971,730,9099,1061,524,537
6585,10188,1085,4973,730,9103,1061,524,537
6590,10198,1086,4978,731,9112,1061,524,537
6595,10204,1086,4980,731,9118,1062,525,537
6600,10215,1086,4985,731,9129,1062,525,537
6605,10219,1086,4987,731,9133,1063,525,538
6610,10229,1087,4991,731,9142,1064,525,539
6615,10235,1087,4993,731,9148,1065,526,539
6620,10246,1087,5001,731,9159,1065,526,539
6625,10250,1087,5004,731,9163,1066,526,540
6630,10260,1088,5007,731,9172,1067,526,541
6635,10266,1088,5007,731,9178,1068,526,542
6640,10277,1088,5013,731,9189,1068,526,542
6645,10281,1088,5014,731,9193,1069,526,543
6650,10291,1090,5019,732,9200,1070,527,543
6655,10297,1091,5021,733,9206,1072,527,545
6660,10308,1094,5026,735,9214,1074,527,547
6665,10312,1094,5028,735,9218,1074,527,547
6670,10322,1095,5037,736,9227,1075,528,547
6675,10328,1095,5040,736,9233,1077,529,548
6680,10339,1096,5045,737,9243,1077,529,548
6685,10343,1096,5048,737,9247,1077,529,548
6690,10353,1097,5053,738,9256,1078,529,549
6695,10359,1097,5055,738,9262,1080,530,550
6700,10370,1098,5060,739,9272,1080,530,550
6705,10374,1098,5063,739,9276,1080,530,550
6710,10384,1099,5072,740,9285,1081,531,550
6715,10390,1099,5077,740,9290,1084,534,550
6720,10401,1101,5085,742,9300,1084,534,550
6725,10405,1101,5086,742,9304,1084,534,550
6730,10415,1102,5091,742,9313,1084,534,550
6735,10421,1102,5095,742,9319,1087,537,550
6740,10432,1103,5102,743,9329,1087,537,550
6745,10436,1103,5104,743,9333,1087,537,550
6750,10446,1104,5106,744,9342,1087,537,550
6755,10452,1104,5107,744,9348,1090,538,552
6760,10463,1105,5113,745,9358,1090,538,552
6765,10467,1105,5114,745,9362,1090,538,552
6770,10477,1108,5119,748,9369,1090,538,552
6775,10483,1108,5121,748,9375,1093,540,553
6780,10494,1111,5126,750,9383,1093,540,553
6785,10498,1111,5127,750,9387,1093,540,553
6790,10508,1113,5133,752,9395,1093,540,553
6795,10514,1113,5136,752,9401,1094,541,553
6800,10525,1114,5140,753,9411,1095,542,553
6805,10529,1115,5143,754,9414,1095,542,553
6810,10539,1117,5149,755,9422,1095,542,553
6815,10545,1117,5154,755,9428,1096,543,553
6820,10556,1118,5161,756,9438,1097,544,553
6825,10560,1119,5164,757,9441,1097,544,553
6830,10570,1121,5168,757,9449,1098,545,553
6835,10576,1121,5171,757,9455,1099,545,554
6840,10587,1123,5176,759,9464,1101,545,556
6845,10591,1123,5176,759,9468,1101,545,556
6850,10601,1124,5178,759,9477,1101,545,556
6855,10607,1124,5182,759,9483,1102,546,556
6860,10618,1124,5188,759,9494,1103,546,557
6865,10622,1124,5191,759,9498,1103,546,557
6870,10632,1125,5199,760,9507,1103,546,557
6875,10638,1125,5202,760,9513,1104,547,557
6880,10649,1125,5204,760,9524,1105,548,557
6885,10653,1125,5205,760,9528,1105,548,557
6890,10663,1126,5209,760,9537,1105,548,557
6895,10669,1126,5213,760,9543,1107,550,557
6900,10680,1128,5218,761,9552,1108,550,558
6905,10684,1128,5219,761,9556,1108,550,558
6910,10694,1130,5224,761,9564,1108,550,558
6915,10700,1130,5227,761,9570,1110,551,559
6920,10711,1132,5234,763,9579,1110,551,559
6925,10715,1132,5235,763,9583,1110,551,559
6930,10725,1134,5240,764,9591,1110,551,559
6935,10731,1134,5245,764,9597,1112,553,559
6940,10742,1135,5250,764,9607,1112,553,559
6945,10746,1136,5252,765,9610,1112,553,559
6950,10756,1138,5255,766,9618,1112,553,559
6955,10762,1138,5259,766,9624,1115,555,560
6960,10773,1141,5264,768,9632,1116,555,561
6965,10777,1141,5265,768,9636,1117,555,562
6970,10787,1141,5272,768,9646,1117,555,562
6975,10793,1141,5275,768,9652,1119,556,563
6980,10804,1143,5282,770,9660,1119,556,563
6985,10808,1144,5285,771,9664,1119,556,563
6990,10818,1144,5291,771,9674,1119,556,563
6995,10824,1144,5294,771,9680,1121,557,564
7000,10835,1146,5300,772,9689,1121,557,564
7005,10839,1146,5302,772,9693,1121,557,564
7010,10849,1146,5303,772,9703,1122,557,565
7015,10855,1146,5304,772,9709,1124,558,566
7020,10866,1149,5311,774,9716,1125,558,567
7025,10870,1150,5313,775,9720,1125,558,567
7030,10880,1150,5317,775,9730,1126,558,568
7035,10886,1150,5321,775,9736,1127,559,568
7040,10897,1151,5328,776,9746,1127,559,568
7045,10901,1152,5332,777,9749,1127,559,568
7050,10911,1152,5336,777,9759,1128,560,568
7055,10917,1152,5339,777,9765,1129,560,569
7060,10928,1153,5346,778,9775,1129,560,569
7065,10932,1153,5348,778,9779,1129,560,569
7070,10942,1155,5354,780,9787,1130,560,570
7075,10948,1155,5358,780,9792,1132,561,571
7080,10959,1158,5367,783,9800,1133,562,571
7085,10963,1159,5368,784,9804,1133,562,571
7090,10973,1160,5373,785,9813,1133,562,571
7095,10979,1160,5376,785,9819,1134,562,572
7100,10990,1160,5381,785,9830,1135,562,573
7105,10994,1160,5385,785,9834,1135,562,573
7110,11004,1161,5392,786,9843,1135,562,573
7115,11010,1161,5395,786,9849,1136,563,573
7120,11021,1161,5401,786,9860,1137,564,573
7125,11025,1161,5402,786,9864,1137,564,573
7130,11035,1162,5409,786,9872,1137,564,573
7135,11041,1163,5410,787,9878,1138,564,574
7140,11052,1164,5415,788,9888,1139,564,575
7145,11056,1164,5417,788,9892,1139,564,575
7150,11066,1165,5422,788,9901,1140,565,575
7155,11072,1165,5425,788,9907,1142,565,577
7160,11083,1167,5429,789,9916,1142,565,577
7165,11087,1167,5432,789,9920,1142,565,577
7170,11097,1168,5436,790,9929,1143,565,578
7175,11103,1168,5439,790,9935,1145,567,578
7180,11114,1169,5444,791,9945,1145,567,578
7185,11118,1169,5446,791,9949,1145,567,578
7190,11128,1171,5452,793,9957,1146,567,579
7195,11134,1171,5455,793,9962,1149,569,580
7200,11145,1173,5461,795,9971,1149,569,580
7205,11149,1175,5463,797,9974,1150,569,581
7210,11159,1177,5467,799,9982,1151,569,582
7215,11165,1177,5471,799,9988,1152,570,582
7220,11176,1179,5474,800,9997,1153,570,583
7225,11180,1180,5475,801,10000,1154,570,584
7230,11190,1182,5480,803,10008,1155,570,585
7235,11196,1182,5484,803,10014,1156,570,586
7240,11207,1184,5489,805,10022,1157,570,587
7245,11211,1187,5492,808,10024,1158,571,587
7250,11221,1189,5499,809,10032,1159,572,587
7255,11227,1189,5502,809,10038,1160,572,588
7260,11238,1190,5509,810,10047,1161,573,588
7265,11242,1192,5511,812,10050,1162,574,588
7270,11252,1194,5517,813,10058,1162,574,588
7275,11258,1194,5522,813,10064,1163,575,588
7280,11269,1194,5529,813,10075,1163,575,588
7285,11273,1194,5530,813,10079,1164,576,588
7290,11283,1196,5535,814,10087,1164,576,588
7295,11289,1196,5538,814,10093,1165,577,588
7300,11300,1196,5542,814,10104,1166,577,589
7305,11304,1197,5544,815,10107,1167,577,590
7310,11314,1199,5549,816,10115,1167,577,590
7315,11320,1199,5553,816,10120,1169,579,590
7320,11331,1200,5557,817,10131,1170,579,591
7325,11335,1200,5560,817,10135,1170,579,591
7330,11345,1200,5563,817,10145,1170,579,591
7335,11351,1200,5564,817,10151,1172,579,593
7340,11362,1200,5567,817,10162,1172,579,593
7345,11366,1200,5569,817,10166,1172,579,593
7350,11376,1200,5573,817,10176,1172,579,593
7355,11382,1200,5576,817,10182,1173,580,593
7360,11393,1200,5581,817,10193,1173,580,593
7365,11397,1200,5583,817,10197,1173,580,593
7370,11407,1200,5586,817,10207,1174,580,594
7375,11413,1200,5589,817,10213,1175,581,594
7380,11424,1200,5593,817,10224,1175,581,594
7385,11428,1200,5595,817,10228,1175,581,594
7390,11438,1200,5599,817,10238,1175,581,594
7395,11444,1200,5604,817,10244,1176,581,595
7400,11455,1200,5607,817,10255,1176,581,595
7405,11459,1200,5609,817,10259,1176,581,595
7410,11469,1200,5616,817,10269,1176,581,595
7415,11475,1200,5618,817,10275,1177,581,596
7420,11486,1200,5623,817,10286,1177,581,596
7425,11490,1200,5626,817,10290,1178,582,596
7430,11500,1202,5630,819,10298,1178,582,596
7435,11506,1202,5633,819,10304,1179,583,596
7440,11517,1206,5636,822,10311,1180,583,597
7445,11521,1207,5637,823,10314,1181,583,598
7450,11531,1209,5641,824,10322,1181,583,598
7455,11537,1209,5643,824,10328,1182,583,599
7460,11548,1210,5644,825,10338,1182,583,599
7465,11552,1210,5646,825,10342,1183,583,600
7470,11562,1212,5651,825,10350,1183,583,600
7475,11568,1212,5653,825,10356,1184,584,600
7480,11579,1212,5656,825,10367,1184,584,600
7485,11583,1212,5656,825,10371,1185,584,601
7490,11593,1214,5660,825,10379,1185,584,601
7495,11599,1214,5663,825,10385,1186,585,601
7500,11610,1215,5668,826,10395,1186,585,601
7505,11614,1215,5671,826,10399,1187,586,601
7510,11624,1217,5675,826,10407,1188,587,601
7515,11630,1217,5677,826,10413,1190,587,603
7520,11641,1217,5683,826,10424,1191,588,603
7525,11645,1217,5685,826,10428,1192,589,603
7530,11655,1219,5690,827,10436,1193,590,603
7535,11661,1219,5691,827,10442,1195,591,604
7540,11672,1219,5697,827,10453,1196,591,605
7545,11676,1219,5699,827,10457,1197,592,605
7550,11686,1222,5704,829,10464,1198,592,606
7555,11692,1222,5705,829,10470,1201,592,609
7560,11703,1223,5707,829,10480,1203,593,610
7565,11707,1223,5710,829,10484,1203,593,610
7570,11717,1224,5718,830,10493,1203,593,610
7575,11723,1224,5720,830,10499,1205,594,611
7580,11734,1226,5725,831,10508,1206,594,612
7585,11738,1227,5728,832,10511,1206,594,612
7590,11748,1228,5734,833,10520,1206,594,612
7595,11754,1228,5738,833,10526,1208,596,612
7600,11765,1230,5744,835,10535,1209,596,613
7605,11769,1230,5745,835,10539,1209,596,613
7610,11779,1231,5749,835,10548,1209,596,613
7615,11785,1231,5752,835,10553,1211,597,614
7620,11796,1234,5756,838,10562,1212,597,615
7625,11800,1234,5758,838,10566,1212,597,615
7630,11810,1235,5759,839,10575,1212,597,615
7635,11816,1235,5762,839,10581,1215,599,616
7640,11827,1236,5768,839,10591,1215,599,616
7645,11831,1236,5772,839,10595,1215,599,616
7650,11841,1237,5776,840,10604,1215,599,616
7655,11847,1237,5778,840,10610,1218,600,618
7660,11858,1238,5783,841,10620,1218,600,618
7665,11862,1239,5787,842,10623,1218,600,618
7670,11872,1241,5793,842,10630,1218,600,618
7675,11878,1242,5796,843,10636,1221,600,621
7680,11889,1244,5803,845,10644,1222,600,622
7685,11893,1246,5806,847,10647,1223,601,622
7690,11903,1247,5813,848,10656,1223,601,622
7695,11909,1247,5814,848,10662,1224,601,623
7700,11920,1247,5823,848,10673,1224,601,623
7705,11924,1247,5825,848,10677,1225,602,623
7710,11934,1248,5830,848,10686,1225,602,623
7715,11940,1248,5832,848,10692,1226,602,624
7720,11951,1248,5837,848,10703,1226,602,624
7725,11955,1248,5839,848,10707,1227,602,625
7730,11965,1249,5845,849,10716,1228,602,626
7735,11971,1249,5846,849,10722,1229,602,627
7740,11982,1249,5851,849,10733,1229,602,627
7745,11986,1249,5853,849,10737,1230,603,627
7750,11996,1250,5857,849,10746,1231,603,628
7755,12002,1250,5860,849,10752,1232,603,629
7760,12013,1250,5866,849,10763,1232,603,629
7765,12017,1250,5868,849,10767,1233,604,629
7770,12027,1251,5874,849,10776,1234,605,629
7775,12033,1251,5877,849,10782,1235,606,629
7780,12044,1251,5883,849,10793,1235,606,629
7785,12048,1251,5885,849,10797,1235,606,629
7790,12058,1253,5889,850,10805,1236,607,629
7795,12064,1253,5894,850,10810,1238,609,629
7800,12075,1256,5899,852,10818,1239,609,630
7805,12079,1257,5901,853,10822,1240,610,630
7810,12089,1259,5907,854,10830,1241,611,630
7815,12095,1259,5913,854,10835,1242,612,630
7820,12106,1261,5917,856,10845,1243,612,631
7825,12110,1261,5918,856,10849,1244,612,632
7830,12120,1263,5923,858,10857,1244,612,632
7835,12126,1263,5928,858,10863,1245,613,632
7840,12137,1264,5936,859,10873,1246,614,632
7845,12141,1264,5937,859,10877,1247,614,633
7850,12151,1266,5940,860,10885,1247,614,633
7855,12157,1266,5944,860,10890,1249,615,634
7860,12168,1269,5949,862,10899,1250,616,634
7865,12172,1269,5952,862,10903,1250,616,634
7870,12182,1270,5955,862,10912,1250,616,634
7875,12188,1270,5958,862,10918,1252,618,634
7880,12199,1272,5960,864,10927,1252,618,634
7885,12203,1272,5962,864,10931,1252,618,634
7890,12213,1273,5966,865,10940,1252,618,634
7895,12219,1273,5971,865,10946,1254,620,634
7900,12230,1275,5978,867,10955,1254,620,634
7905,12234,1275,5978,867,10959,1254,620,634
7910,12244,1276,5986,868,10968,1254,620,634
7915,12250,1276,5987,868,10974,1256,621,635
7920,12261,1278,5992,869,10982,1258,623,635
7925,12265,1279,5992,870,10986,1258,623,635
7930,12275,1279,5994,870,10996,1258,623,635
7935,12281,1279,5996,870,11002,1259,624,635
7940,12292,1279,6001,870,11013,1260,625,635
7945,12296,1279,6003,870,11017,1260,625,635
7950,12306,1279,6005,870,11027,1260,625,635
7955,12312,1279,6005,870,11033,1261,625,636
7960,12323,1279,6010,870,11044,1261,625,636
7965,12327,1279,6013,870,11048,1262,625,637
7970,12337,1279,6017,870,11058,1262,625,637
7975,12343,1279,6020,870,11064,1263,626,637
7980,12354,1279,6024,870,11075,1263,626,637
7985,12358,1279,6024,870,11079,1264,626,638
7990,12368,1279,6028,870,11089,1265,626,639
7995,12374,1279,6031,870,11095,1267,627,640
8000,12385,1280,6032,870,11105,1267,627,640
8005,12389,1280,6032,870,11109,1268,627,641
8010,12399,1280,6036,870,11119,1269,628,641
8015,12405,1280,6037,870,11125,1271,628,643
8020,12416,1281,6042,871,11135,1271,628,643
8025,12420,1281,6044,871,11139,1272,628,644
8030,12430,1283,6048,872,11147,1272,628,644
8035,12436,1283,6049,872,11153,1275,629,646
8040,12447,1286,6054,875,11160,1275,629,646
8045,12451,1287,6056,876,11164,1275,629,646
8050,12461,1289,6064,877,11172,1275,629,646
8055,12467,1289,6065,877,11178,1276,630,646
8060,12478,1290,6066,877,11188,1277,631,646
8065,12482,1291,6068,878,11191,1277,631,646
8070,12492,1293,6075,880,11199,1277,631,646
8075,12498,1293,6078,880,11205,1278,632,646
8080,12509,1296,6083,882,11213,1279,633,646
8085,12513,1296,6084,882,11217,1279,633,646
8090,12523,1298,6087,883,11225,1279,633,646
8095,12529,1298,6090,883,11231,1280,634,646
8100,12540,1300,6096,885,11240,1281,634,647
8105,12544,1301,6098,886,11243,1281,634,647
8110,12554,1303,6102,887,11251,1281,634,647
8115,12560,1303,6103,887,11257,1283,634,649
8120,12571,1305,6109,889,11266,1284,634,650
8125,12575,1305,6111,889,11270,1284,634,650
8130,12585,1307,6117,890,11278,1284,634,650
8135,12591,1307,6119,890,11284,1286,635,651
8140,12602,1308,6125,891,11294,1287,635,652
8145,12606,1308,6127,891,11298,1287,635,652
8150,12616,1311,6133,893,11305,1287,635,652
8155,12622,1311,6136,893,11311,1290,636,654
8160,12633,1314,6143,896,11318,1292,637,655
8165,12637,1315,6145,897,11322,1292,637,655
8170,12647,1316,6149,897,11331,1292,637,655
8175,12653,1316,6152,897,11337,1293,637,656
8180,12664,1316,6155,897,11348,1293,637,656
8185,12668,1316,6158,897,11352,1293,637,656
8190,12678,1317,6163,897,11361,1293,637,656
8195,12684,1317,6166,897,11367,1294,637,657
8200,12695,1317,6171,897,11378,1294,637,657
8205,12699,1317,6175,897,11382,1294,637,657
8210,12709,1318,6176,897,11391,1294,637,657
8215,12715,1318,6179,897,11397,1295,638,657
8220,12726,1319,6181,897,11407,1297,638,659
8225,12730,1320,6184,898,11410,1297,638,659
8230,12740,1321,6188,898,11419,1297,638,659
8235,12746,1321,6189,898,11425,1299,638,661
8240,12757,1322,6190,898,11435,1300,638,662
8245,12761,1322,6192,898,11439,1300,638,662
8250,12771,1323,6198,899,11448,1300,638,662
8255,12777,1323,6200,899,11454,1302,638,664
8260,12788,1325,6206,900,11463,1303,639,664
8265,12792,1325,6208,900,11467,1303,639,664
8270,12802,1327,6213,901,11475,1303,639,664
8275,12808,1327,6216,901,11481,1306,641,665
8280,12819,1329,6220,902,11490,1307,641,666
8285,12823,1329,6223,902,11494,1307,641,666
8290,12833,1329,6230,902,11504,1308,641,667
8295,12839,1329,6231,902,11510,1309,641,668
8300,12850,1329,6239,902,11521,1309,641,668
8305,12854,1329,6241,902,11525,1309,641,668
8310,12864,1329,6246,902,11535,1310,642,668
8315,12870,1329,6250,902,11541,1311,643,668
8320,12881,1329,6256,902,11552,1311,643,668
8325,12885,1329,6259,902,11556,1311,643,668
8330,12895,1330,6262,902,11565,1312,643,669
8335,12901,1330,6266,902,11571,1313,644,669
8340,12912,1330,6271,902,11582,1313,644,669
8345,12916,1330,6272,902,11586,1313,644,669
8350,12926,1331,6275,902,11595,1314,644,670
8355,12932,1331,6277,902,11601,1316,644,672
8360,12943,1331,6283,902,11612,1317,645,672
8365,12947,1332,6286,903,11615,1317,645,672
8370,12957,1333,6291,903,11624,1318,646,672
8375,12963,1333,6293,903,11630,1320,647,673
8380,12974,1333,6301,903,11641,1321,648,673
8385,12978,1334,6303,904,11644,1321,648,673
8390,12988,1338,6310,907,11650,1322,649,673
8395,12994,1338,6314,907,11656,1325,652,673
8400,13005,1341,6321,910,11663,1326,652,674
8405,13009,1342,6324,911,11667,1326,652,674
8410,13019,1344,6328,911,11675,1326,652,674
8415,13025,1344,6331,911,11681,1328,653,675
8420,13036,1346,6339,913,11690,1329,654,675
8425,13040,1346,6342,913,11694,1329,654,675
8430,13050,1348,6347,913,11702,1329,654,675
8435,13056,1348,6351,913,11708,1331,656,675
8440,13067,1349,6358,914,11718,1332,657,675
8445,13071,1349,6359,914,11722,1332,657,675
8450,13081,1351,6363,914,11730,1332,657,675
8455,13087,1351,6366,914,11736,1334,659,675
8460,13098,1352,6368,915,11746,1335,659,676
8465,13102,1352,6368,915,11750,1335,659,676
8470,13112,1354,6373,916,11758,1335,659,676
8475,13118,1354,6376,916,11764,1337,659,678
8480,13129,1356,6382,917,11773,1337,659,678
8485,13133,1357,6385,918,11776,1337,659,678
8490,13143,1359,6387,918,11784,1337,659,678
8495,13149,1359,6389,918,11790,1339,660,679
8500,13160,1361,6394,919,11799,1339,660,679
8505,13164,1362,6396,920,11802,1340,660,680
8510,13174,1366,6401,923,11808,1341,660,681
8515,13180,1366,6404,923,11814,1344,661,683
8520,13191,1369,6410,926,11821,1346,662,684
8525,13195,1370,6413,927,11825,1346,662,684
8530,13205,1370,6416,927,11835,1347,663,684
8535,13211,1370,6419,927,11841,1348,664,684
8540,13222,1370,6423,927,11852,1348,664,684
8545,13226,1370,6425,927,11856,1348,664,684
8550,13236,1370,6432,927,11866,1349,664,685
8555,13242,1370,6433,927,11872,1350,664,686
8560,13253,1370,6440,927,11883,1350,664,686
8565,13257,1370,6442,927,11887,1350,664,686
8570,13267,1370,6445,927,11897,1351,664,687
8575,13273,1370,6445,927,11903,1352,664,688
8580,13284,1370,6449,927,11914,1352,664,688
8585,13288,1370,6452,927,11918,1352,664,688
8590,13298,1370,6456,927,11928,1352,664,688
8595,13304,1370,6461,927,11934,1353,665,688
8600,13315,1370,6465,927,11945,1353,665,688
8605,13319,1370,6466,927,11949,1353,665,688
8610,13329,1370,6474,927,11959,1353,665,688
8615,13335,1370,6478,927,11965,1354,665,689
8620,13346,1370,6486,927,11976,1354,665,689
8625,13350,1370,6488,927,11980,1354,665,689
8630,13360,1371,6491,927,11989,1354,665,689
8635,13366,1371,6495,927,11994,1357,667,690
8640,13377,1376,6501,931,12000,1359,668,691
8645,13381,1377,6503,932,12004,1360,669,691
8650,13391,1378,6506,933,12013,1360,669,691
8655,13397,1378,6511,933,12019,1363,671,692
8660,13408,1380,6517,934,12028,1364,671,693
8665,13412,1380,6520,934,12032,1365,672,693
8670,13422,1381,6528,935,12041,1365,672,693
8675,13428,1381,6530,935,12047,1367,672,695
8680,13439,1383,6536,936,12056,1368,673,695
8685,13443,1384,6538,937,12059,1369,674,695
8690,13453,1385,6541,937,12068,1369,674,695
8695,13459,1385,6543,937,12074,1371,674,697
8700,13470,1387,6550,939,12083,1372,674,698
8705,13474,1388,6554,940,12086,1373,675,698
8710,13484,1389,6556,940,12095,1373,675,698
8715,13490,1389,6558,940,12101,1375,675,700
8720,13501,1391,6563,941,12110,1376,676,700
8725,13505,1392,6566,942,12113,1377,677,700
8730,13515,1393,6571,943,12122,1377,677,700
8735,13521,1393,6575,943,12128,1379,678,701
8740,13532,1395,6582,944,12137,1380,679,701
8745,13536,1396,6586,945,12140,1381,680,701
8750,13546,1398,6590,946,12148,1382,680,702
8755,13552,1398,6592,946,12154,1384,681,703
8760,13563,1401,6598,948,12161,1386,683,703
8765,13567,1403,6600,950,12164,1386,683,703
8770,13577,1404,6606,951,12173,1386,683,703
8775,13583,1404,6611,951,12179,1387,684,703
8780,13594,1404,6616,951,12190,1388,684,704
8785,13598,1404,6619,951,12194,1388,684,704
8790,13608,1404,6623,951,12204,1388,684,704
8795,13614,1404,6624,951,12210,1389,684,705
8800,13625,1404,6628,951,12221,1389,684,705
8805,13629,1404,6632,951,12225,1389,684,705
8810,13639,1404,6634,951,12235,1389,684,705
8815,13645,1404,6637,951,12241,1390,685,705
8820,13656,1404,6642,951,12252,1390,685,705
8825,13660,1404,6644,951,12256,1390,685,705
8830,13670,1404,6649,951,12266,1390,685,705
8835,13676,1404,6652,951,12272,1391,685,706
8840,13687,1404,6658,951,12283,1391,685,706
8845,13691,1404,6660,951,12287,1391,685,706
8850,13701,1404,6664,951,12297,1391,685,706
8855,13707,1404,6667,951,12303,1392,685,707
8860,13718,1404,6669,951,12314,1392,685,707
8865,13722,1404,6671,951,12318,1392,685,707
8870,13732,1405,6673,951,12327,1392,685,707
8875,13738,1405,6677,951,12332,1395,687,708
8880,13749,1408,6683,953,12340,1396,687,709
8885,13753,1409,6684,954,12344,1396,687,709
8890,13763,1409,6686,954,12354,1397,687,710
8895,13769,1409,6688,954,12360,1400,688,712
8900,13780,1409,6693,954,12371,1401,688,713
8905,13784,1409,6695,954,12375,1401,688,713
8910,13794,1409,6701,954,12385,1402,689,713
8915,13800,1409,6704,954,12391,1405,690,715
8920,13811,1409,6710,954,12402,1406,690,716
8925,13815,1409,6713,954,12406,1406,690,716
8930,13825,1409,6719,954,12416,1407,691,716
8935,13831,1409,6721,954,12422,1409,692,717
8940,13842,1409,6727,954,12433,1410,693,717
8945,13846,1409,6728,954,12437,1410,693,717
8950,13856,1409,6731,954,12447,1410,693,717
8955,13862,1409,6732,954,12453,1413,694,719
8960,13873,1410,6736,955,12463,1413,694,719
8965,13877,1410,6737,955,12467,1413,694,719
8970,13887,1410,6741,955,12477,1413,694,719
8975,13893,1410,6743,955,12483,1415,694,721
8980,13904,1411,6746,955,12493,1415,694,721
8985,13908,1411,6747,955,12497,1415,694,721
8990,13918,1413,6753,956,12505,1415,694,721
8995,13924,1413,6754,956,12511,1417,694,723
9000,13935,1416,6758,958,12519,1417,694,723
9005,13939,1416,6760,958,12523,1417,694,723
9010,13949,1418,6766,959,12531,1418,694,724
9015,13955,1418,6769,959,12537,1419,694,725
9020,13966,1419,6772,960,12547,1420,694,726
9025,13970,1419,6773,960,12551,1420,694,726
9030,13980,1421,6777,960,12559,1421,695,726
9035,13986,1421,6781,960,12565,1422,696,726
9040,13997,1421,6787,960,12576,1424,697,727
9045,14001,1421,6788,960,12580,1424,697,727
9050,14011,1423,6791,960,12588,1424,697,727
9055,14017,1423,6794,960,12594,1425,697,728
9060,14028,1423,6799,960,12605,1427,698,729
9065,14032,1423,6800,960,12609,1427,698,729
9070,14042,1425,6802,960,12617,1427,698,729
9075,14048,1425,6804,960,12623,1428,698,730
9080,14059,1425,6810,960,12634,1429,698,731
9085,14063,1425,6812,960,12638,1429,698,731
9090,14073,1427,6820,962,12646,1429,698,731
9095,14079,1427,6821,962,12652,1430,698,732
9100,14090,1427,6829,962,12663,1431,699,732
9105,14094,1427,6832,962,12667,1431,699,732
9110,14104,1429,6836,964,12675,1431,699,732
9115,14110,1429,6838,964,12681,1432,700,732
9120,14121,1430,6843,964,12691,1433,701,732
9125,14125,1430,6843,964,12695,1433,701,732
9130,14135,1431,6848,964,12704,1434,701,733
9135,14141,1431,6853,964,12710,1437,704,733
9140,14152,1432,6856,964,12720,1437,704,733
9145,14156,1432,6856,964,12724,1437,704,733
9150,14166,1433,6862,965,12733,1438,704,734
9155,14172,1433,6864,965,12739,1441,705,736
9160,14183,1434,6868,965,12749,1441,705,736
9165,14187,1434,6868,965,12753,1442,705,737
9170,14197,1435,6873,966,12762,1443,706,737
9175,14203,1435,6874,966,12768,1446,706,740
9180,14214,1437,6878,967,12777,1446,706,740
9185,14218,1438,6880,968,12780,1447,706,741
9190,14228,1439,6886,968,12789,1448,707,741
9195,14234,1439,6887,968,12795,1451,708,743
9200,14245,1441,6895,969,12804,1451,708,743
9205,14249,1442,6898,970,12807,1452,708,744
9210,14259,1443,6902,971,12816,1453,709,744
9215,14265,1443,6908,971,12822,1456,712,744
9220,14276,1445,6914,973,12831,1456,712,744
9225,14280,1446,6917,974,12834,1457,712,745
9230,14290,1448,6924,976,12842,1458,713,745
9235,14296,1448,6926,976,12847,1461,713,748
9240,14307,1452,6930,979,12855,1463,714,749
9245,14311,1452,6931,979,12859,1463,714,749
9250,14321,1452,6937,979,12869,1463,714,749
9255,14327,1452,6941,979,12875,1465,715,750
9260,14338,1453,6947,980,12885,1465,715,750
9265,14342,1453,6948,980,12889,1465,715,750
9270,14352,1453,6953,980,12899,1465,715,750
9275,14358,1453,6955,980,12905,1467,715,752
9280,14369,1454,6956,980,12915,1467,715,752
9285,14373,1454,6958,980,12919,1467,715,752
9290,14383,1454,6964,980,12929,1467,715,752
9295,14389,1454,6967,980,12935,1469,716,753
9300,14400,1455,6972,980,12945,1469,716,753
9305,14404,1455,6975,980,12949,1469,716,753
9310,14414,1455,6977,980,12959,1469,716,753
9315,14420,1455,6978,980,12965,1471,716,755
9320,14431,1456,6985,981,12975,1471,716,755
9325,14435,1456,6986,981,12979,1471,716,755
9330,14445,1456,6992,981,12989,1471,716,755
9335,14451,1456,6995,981,12995,1473,718,755
9340,14462,1457,7001,982,13005,1473,718,755
9345,14466,1458,7004,983,13008,1473,718,755
9350,14476,1461,7010,984,13015,1474,718,756
9355,14482,1461,7012,984,13020,1476,718,758
9360,14493,1465,7015,987,13028,1477,719,758
9365,14497,1465,7016,987,13032,1478,719,759
9370,14507,1467,7021,989,13040,1479,720,759
9375,14513,1467,7023,989,13046,1480,720,760
9380,14524,1467,7028,989,13057,1481,721,760
9385,14528,1467,7030,989,13061,1482,721,761
9390,14538,1469,7034,990,13069,1483,722,761
9395,14544,1469,7037,990,13075,1484,723,761
9400,14555,1469,7044,990,13086,1486,724,762
9405,14559,1470,7047,991,13089,1487,724,763
9410,14569,1472,7051,991,13097,1487,724,763
9415,14575,1472,7055,991,13103,1488,725,763
9420,14586,1472,7062,991,13114,1490,727,763
9425,14590,1473,7066,992,13117,1490,727,763
9430,14600,1475,7071,994,13125,1490,727,763
9435,14606,1475,7076,994,13131,1491,728,763
9440,14617,1475,7079,994,13142,1492,729,763
9445,14621,1475,7080,994,13146,1492,729,763
9450,14631,1477,7083,994,13154,1492,729,763
9455,14637,1477,7085,994,13160,1493,729,764
9460,14648,1477,7090,994,13171,1494,730,764
9465,14652,1478,7091,995,13174,1494,730,764
9470,14662,1480,7097,997,13182,1494,730,764
9475,14668,1480,7099,997,13188,1497,731,766
9480,14679,1482,7103,998,13197,1498,732,766
9485,14683,1482,7105,998,13201,1498,732,766
9490,14693,1483,7109,998,13210,1498,732,766
9495,14699,1483,7111,998,13216,1501,733,768
9500,14710,1486,7119,1000,13224,1502,734,768
9505,14714,1486,7120,1000,13228,1502,734,768
9510,14724,1487,7124,1001,13237,1502,734,768
9515,14730,1487,7127,1001,13243,1505,735,770
9520,14741,1489,7134,1003,13252,1506,736,770
9525,14745,1489,7135,1003,13256,1506,736,770
9530,14755,1490,7140,1004,13265,1506,736,770
9535,14761,1490,7144,1004,13271,1509,738,771
9540,14772,1492,7150,1006,13280,1510,739,771
9545,14776,1492,7154,1006,13284,1510,739,771
9550,14786,1493,7161,1007,13293,1510,739,771
9555,14792,1493,7163,1007,13299,1513,740,773
9560,14803,1496,7170,1010,13307,1513,740,773
9565,14807,1496,7172,1010,13311,1513,740,773
9570,14817,1497,7177,1011,13320,1513,740,773
9575,14823,1497,7180,1011,13326,1516,740,776
9580,14834,1499,7185,1013,13335,1516,740,776
9585,14838,1499,7186,1013,13339,1516,740,776
9590,14848,1502,7188,1015,13346,1516,740,776
9595,14854,1502,7192,1015,13351,1519,742,777
9600,14865,1507,7198,1019,13357,1520,743,777
9605,14869,1508,7200,1020,13361,1520,743,777
9610,14879,1509,7201,1020,13370,1521,743,778
9615,14885,1509,7202,1020,13376,1523,743,780
9620,14896,1509,7209,1020,13387,1523,743,780
9625,14900,1509,7211,1020,13391,1523,743,780
9630,14910,1510,7216,1021,13400,1523,743,780
9635,14916,1510,7218,1021,13406,1524,744,780
9640,14927,1510,7220,1021,13417,1524,744,780
9645,14931,1510,7223,1021,13421,1524,744,780
9650,14941,1511,7228,1022,13430,1524,744,780
9655,14947,1511,7232,1022,13436,1525,745,780
9660,14958,1511,7237,1022,13447,1525,745,780
9665,14962,1511,7239,1022,13451,1525,745,780
9670,14972,1513,7243,1022,13459,1525,745,780
9675,14978,1513,7247,1022,13465,1526,746,780
9680,14989,1513,7253,1022,13476,1526,746,780
9685,14993,1513,7254,1022,13480,1526,746,780
9690,15003,1515,7256,1022,13488,1526,746,780
9695,15009,1515,7258,1022,13493,1527,746,781
9700,15020,1516,7263,1023,13504,1527,746,781
9705,15024,1516,7266,1023,13508,1528,747,781
9710,15034,1519,7271,1024,13515,1528,747,781
9715,15040,1519,7274,1024,13520,1529,747,782
9720,15051,1521,7280,1025,13530,1530,748,782
9725,15055,1521,7284,1025,13534,1531,749,782
9730,15065,1522,7288,1026,13543,1531,749,782
9735,15071,1522,7292,1026,13549,1534,751,783
9740,15082,1525,7298,1029,13557,1535,751,784
9745,15086,1525,7299,1029,13561,1536,751,785
9750,15096,1526,7303,1029,13570,1536,751,785
9755,15102,1526,7306,1029,13576,1539,753,786
9760,15113,1528,7313,1030,13585,1540,753,787
9765,15117,1528,7315,1030,13589,1541,753,788
9770,15127,1529,7321,1031,13598,1541,753,788
9775,15133,1529,7324,1031,13604,1544,755,789
9780,15144,1530,7331,1031,13614,1545,756,789
9785,15148,1530,7333,1031,13618,1545,756,789
9790,15158,1531,7339,1032,13627,1545,756,789
9795,15164,1531,7343,1032,13633,1548,759,789
9800,15175,1534,7349,1035,13641,1549,759,790
9805,15179,1534,7349,1035,13645,1549,759,790
9810,15189,1535,7353,1035,13654,1549,759,790
9815,15195,1535,7355,1035,13660,1552,761,791
9820,15206,1536,7356,1036,13670,1553,761,792
9825,15210,1536,7359,1036,13674,1553,761,792
9830,15220,1539,7366,1039,13681,1553,761,792
9835,15226,1539,7369,1039,13686,1556,763,793
9840,15237,1543,7373,1043,13693,1558,763,795
9845,15241,1544,7373,1044,13697,1558,763,795
9850,15251,1544,7380,1044,13707,1559,764,795
9855,15257,1544,7383,1044,13713,1561,765,796
9860,15268,1544,7386,1044,13724,1561,765,796
9865,15272,1544,7387,1044,13728,1561,765,796
9870,15282,1544,7391,1044,13738,1562,765,797
9875,15288,1544,7392,1044,13744,1564,765,799
9880,15299,1544,7395,1044,13755,1564,765,799
9885,15303,1544,7397,1044,13759,1565,765,800
9890,15313,1544,7404,1044,13769,1565,765,800
9895,15319,1544,7407,1044,13775,1566,766,800
9900,15330,1544,7413,1044,13786,1566,766,800
9905,15334,1545,7415,1045,13789,1567,766,801
9910,15344,1546,7420,1045,13798,1567,766,801
9915,15350,1546,7424,1045,13803,1568,767,801
9920,15361,1547,7431,1046,13814,1568,767,801
9925,15365,1548,7435,1047,13817,1569,768,801
9930,15375,1549,7439,1048,13826,1569,768,801
9935,15381,1549,7442,1048,13831,1570,768,802
9940,15392,1550,7448,1049,13842,1570,768,802
9945,15396,1550,7448,1049,13846,1571,768,803
9950,15406,1551,7454,1050,13855,1571,768,803
9955,15412,1551,7457,1050,13861,1572,768,804
9960,15423,1552,7459,1050,13871,1574,769,805
9965,15427,1552,7461,1050,13875,1574,769,805
9970,15437,1553,7464,1050,13884,1575,769,806
9975,15443,1553,7469,1050,13890,1576,770,806
9980,15454,1554,7473,1050,13900,1576,770,806
9985,15458,1554,7474,1050,13904,1576,770,806
9990,15468,1555,7478,1050,13913,1576,770,806
9995,15474,1555,7481,1050,13919,1577,770,807
10000,15485,1556,7488,1050,13929,1577,770,807
10005,15489,1556,7490,1050,13933,1577,770,807
10010,15499,1557,7495,1050,13942,1577,770,807
10015,15505,1557,7498,1050,13948,1578,771,807
10020,15516,1558,7504,1050,13958,1578,771,807
10025,15520,1558,7507,1050,13962,1578,771,807
10030,15530,1559,7511,1051,13971,1578,771,807
10035,15536,1559,7514,1051,13977,1579,771,808
10040,15547,1560,7520,1051,13987,1579,771,808
10045,15551,1560,7523,1051,13991,1579,771,808
10050,15561,1561,7527,1052,14000,1579,771,808
10055,15567,1561,7530,1052,14006,1580,772,808
10060,15578,1562,7537,1053,14016,1580,772,808
10065,15582,1562,7539,1053,14020,1580,772,808
10070,15592,1565,7544,1054,14027,1580,772,808
10075,15598,1565,7547,1054,14033,1583,774,809
10080,15609,1569,7554,1058,14039,1585,776,809
10085,15613,1570,7557,1059,14043,1586,776,810
10090,15623,1571,7563,1060,14052,1586,776,810
10095,15629,1571,7568,1060,14058,1588,778,810
10100,15640,1572,7576,1061,14068,1588,778,810
10105,15644,1572,7578,1061,14072,1589,779,810
10110,15654,1573,7583,1062,14081,1589,779,810
10115,15660,1573,7586,1062,14087,1591,781,810
10120,15671,1574,7594,1063,14097,1591,781,810
10125,15675,1574,7598,1063,14101,1592,782,810
10130,15685,1575,7603,1064,14110,1592,782,810
10135,15691,1575,7607,1064,14116,1594,784,810
10140,15702,1575,7610,1064,14127,1594,784,810
10145,15706,1575,7611,1064,14131,1595,785,810
10150,15716,1576,7616,1065,14140,1595,785,810
10155,15722,1576,7620,1065,14146,1596,786,810
10160,15733,1576,7626,1065,14157,1596,786,810
10165,15737,1576,7628,1065,14161,1597,786,811
10170,15747,1577,7633,1065,14170,1597,786,811
10175,15753,1577,7638,1065,14175,1598,787,811
10180,15764,1578,7643,1066,14186,1598,787,811
10185,15768,1578,7644,1066,14190,1599,787,812
10190,15778,1580,7649,1066,14198,1599,787,812
10195,15784,1580,7653,1066,14203,1600,788,812
10200,15795,1583,7658,1069,14212,1601,789,812
10205,15799,1583,7659,1069,14216,1601,789,812
10210,15809,1584,7661,1070,14225,1601,789,812
10215,15815,1584,7664,1070,14231,1602,789,813
10220,15826,1587,7673,1073,14239,1603,790,813
10225,15830,1588,7675,1074,14242,1603,790,813
10230,15840,1590,7680,1076,14250,1603,790,813
10235,15846,1590,7683,1076,14256,1604,790,814
10240,15857,1593,7689,1079,14264,1605,790,815
10245,15861,1594,7692,1080,14267,1605,790,815
10250,15871,1596,7699,1081,14275,1605,790,815
10255,15877,1596,7702,1081,14281,1606,790,816
10260,15888,1598,7705,1082,14290,1607,790,817
10265,15892,1598,7706,1082,14294,1607,790,817
10270,15902,1599,7710,1083,14303,1607,790,817
10275,15908,1599,7714,1083,14309,1608,791,817
10280,15919,1600,7718,1083,14319,1609,792,817
10285,15923,1600,7719,1083,14323,1609,792,817
10290,15933,1601,7722,1083,14332,1609,792,817
10295,15939,1601,7725,1083,14338,1610,792,818
10300,15950,1602,7730,1083,14348,1611,793,818
10305,15954,1602,7731,1083,14352,1611,793,818
10310,15964,1604,7736,1085,14360,1612,794,818
10315,15970,1604,7739,1085,14365,1614,795,819
10320,15981,1607,7747,1088,14373,1616,796,820
10325,15985,1608,7750,1089,14377,1617,796,821
10330,15995,1610,7758,1091,14385,1617,796,821
10335,16001,1610,7759,1091,14391,1619,796,823
10340,16012,1611,7767,1092,14401,1620,797,823
10345,16016,1611,7769,1092,14405,1621,797,824
10350,16026,1613,7776,1092,14413,1621,797,824
10355,16032,1613,7779,1092,14419,1623,798,825
10360,16043,1613,7783,1092,14430,1624,798,826
10365,16047,1613,7786,1092,14434,1625,798,827
10370,16057,1615,7793,1093,14442,1625,798,827
10375,16063,1615,7795,1093,14448,1627,799,828
10380,16074,1616,7800,1094,14458,1628,799,829
10385,16078,1616,7801,1094,14462,1629,799,830
10390,16088,1618,7808,1095,14470,1629,799,830
10395,16094,1618,7812,1095,14476,1630,800,830
10400,16105,1618,7818,1095,14487,1630,800,830
10405,16109,1618,7821,1095,14491,1631,801,830
10410,16119,1620,7825,1096,14499,1631,801,830
10415,16125,1620,7829,1096,14505,1632,802,830
10420,16136,1621,7839,1097,14515,1632,802,830
10425,16140,1621,7841,1097,14519,1633,803,830
10430,16150,1623,7847,1098,14527,1633,803,830
10435,16156,1623,7852,1098,14532,1634,804,830
10440,16167,1626,7857,1100,14541,1635,805,830
10445,16171,1626,7857,1100,14545,1635,805,830
10450,16181,1627,7861,1101,14554,1635,805,830
10455,16187,1627,7863,1101,14560,1638,806,832
10460,16198,1628,7866,1102,14570,1640,807,833
10465,16202,1629,7868,1103,14573,1640,807,833
10470,16212,1630,7873,1103,14582,1640,807,833
10475,16218,1630,7879,1103,14588,1643,810,833
10480,16229,1632,7884,1104,14597,1645,812,833
10485,16233,1632,7886,1104,14601,1645,812,833
10490,16243,1633,7890,1105,14610,1646,812,834
10495,16249,1633,7893,1105,14616,1649,814,835
10500,16260,1635,7899,1106,14625,1651,815,836
10505,16264,1635,7901,1106,14629,1651,815,836
10510,16274,1636,7904,1106,14638,1651,815,836
10515,16280,1636,7907,1106,14644,1654,816,838
10520,16291,1638,7912,1107,14653,1654,816,838
10525,16295,1638,7915,1107,14657,1654,816,838
10530,16305,1639,7920,1107,14666,1654,816,838
10535,16311,1639,7923,1107,14672,1657,818,839
10540,16322,1641,7930,1109,14681,1657,818,839
10545,16326,1641,7931,1109,14685,1657,818,839
10550,16336,1643,7937,1109,14693,1657,818,839
10555,16342,1643,7941,1109,14698,1660,820,840
10560,16353,1646,7944,1111,14706,1660,820,840
10565,16357,1647,7946,1112,14710,1661,821,840
10570,16367,1648,7951,1113,14719,1661,821,840
10575,16373,1648,7954,1113,14725,1664,822,842
10580,16384,1651,7959,1115,14733,1664,822,842
10585,16388,1651,7962,1115,14737,1665,822,843
10590,16398,1652,7967,1115,14746,1665,822,843
10595,16404,1652,7971,1115,14752,1668,825,843
10600,16415,1653,7977,1115,14762,1668,825,843
10605,16419,1653,7978,1115,14766,1669,825,844
10610,16429,1654,7985,1115,14775,1670,826,844
10615,16435,1654,7986,1115,14781,1672,827,845
10620,16446,1656,7990,1116,14790,1674,828,846
10625,16450,1657,7994,1117,14793,1674,828,846
10630,16460,1658,7998,1117,14802,1675,828,847
10635,16466,1658,8001,1117,14808,1676,828,848
10640,16477,1658,8007,1117,14819,1678,829,849
10645,16481,1659,8010,1118,14822,1678,829,849
10650,16491,1660,8013,1118,14831,1679,829,850
10655,16497,1660,8015,1118,14837,1680,829,851
10660,16508,1660,8019,1118,14848,1682,830,852
10665,16512,1661,8020,1119,14851,1682,830,852
10670,16522,1663,8027,1120,14859,1683,831,852
10675,16528,1663,8028,1120,14865,1684,831,853
10680,16539,1663,8032,1120,14876,1686,832,854
10685,16543,1663,8033,1120,14880,1686,832,854
10690,16553,1664,8040,1120,14889,1686,832,854
10695,16559,1664,8044,1120,14895,1687,833,854
10700,16570,1666,8048,1121,14904,1689,833,856
10705,16574,1667,8052,1122,14906,1689,833,856
10710,16584,1669,8054,1123,14915,1689,833,856
10715,16590,1669,8058,1123,14921,1690,833,857
10720,16601,1670,8060,1123,14931,1692,834,858
10725,16605,1670,8063,1123,14934,1692,834,858
10730,16615,1672,8068,1124,14943,1692,834,858
10735,16621,1672,8070,1124,14949,1695,835,860
10740,16632,1674,8075,1125,14958,1696,836,860
10745,16636,1675,8076,1126,14961,1696,836,860
10750,16646,1677,8082,1128,14969,1697,836,861
10755,16652,1677,8084,1128,14975,1698,836,862
10760,16663,1678,8090,1128,14985,1699,837,862
10765,16667,1678,8091,1128,14989,1699,837,862
10770,16677,1680,8096,1129,14997,1700,838,862
10775,16683,1680,8100,1129,15002,1701,838,863
10780,16694,1682,8105,1130,15012,1702,839,863
10785,16698,1682,8105,1130,15016,1702,839,863
10790,16708,1684,8108,1131,15024,1703,840,863
10795,16714,1684,8111,1131,15030,1704,840,864
10800,16725,1686,8114,1132,15038,1705,841,864
10805,16729,1687,8114,1133,15042,1705,841,864
10810,16739,1689,8118,1134,15050,1705,841,864
10815,16745,1689,8120,1134,15056,1707,842,865
10820,16756,1689,8125,1134,15067,1707,842,865
10825,16760,1689,8129,1134,15071,1707,842,865
10830,16770,1691,8131,1135,15079,1707,842,865
10835,16776,1691,8134,1135,15085,1709,843,866
10840,16787,1692,8139,1136,15095,1709,843,866
10845,16791,1692,8140,1136,15099,1709,843,866
10850,16801,1694,8145,1138,15107,1709,843,866
10855,16807,1694,8148,1138,15113,1712,844,868
10860,16818,1695,8154,1139,15123,1712,844,868
10865,16822,1695,8157,1139,15127,1713,845,868
10870,16832,1696,8162,1140,15136,1713,845,868
10875,16838,1696,8165,1140,15142,1716,846,870
10880,16849,1697,8169,1141,15152,1716,846,870
10885,16853,1697,8172,1141,15156,1716,846,870
10890,16863,1698,8175,1141,15165,1716,846,870
10895,16869,1698,8178,1141,15171,1717,847,870
10900,16880,1698,8183,1141,15182,1717,847,870
10905,16884,1698,8185,1141,15186,1717,847,870
10910,16894,1699,8191,1141,15195,1718,848,870
10915,16900,1699,8193,1141,15201,1719,848,871
10920,16911,1703,8200,1144,15208,1720,849,871
10925,16915,1703,8203,1144,15212,1720,849,871
10930,16925,1704,8208,1145,15221,1721,849,872
10935,16931,1704,8211,1145,15227,1722,850,872
10940,16942,1706,8215,1146,15236,1723,851,872
10945,16946,1706,8216,1146,15240,1723,851,872
10950,16956,1707,8221,1146,15249,1724,851,873
10955,16962,1707,8225,1146,15255,1725,851,874
10960,16973,1710,8229,1148,15263,1726,851,875
10965,16977,1710,8231,1148,15267,1726,851,875
10970,16987,1712,8236,1150,15275,1727,851,876
10975,16993,1712,8239,1150,15280,1728,852,876
10980,17004,1715,8244,1153,15289,1730,853,877
10985,17008,1715,8246,1153,15293,1730,853,877
10990,17018,1716,8251,1153,15302,1730,853,877
10995,17024,1716,8253,1153,15308,1731,853,878
11000,17035,1716,8258,1153,15319,1731,853,878
11005,17039,1716,8260,1153,15323,1731,853,878
11010,17049,1717,8266,1153,15332,1731,853,878
11015,17055,1717,8269,1153,15337,1732,854,878
11020,17066,1718,8276,1154,15348,1732,854,878
11025,17070,1718,8278,1154,15352,1732,854,878
11030,17080,1719,8284,1155,15361,1732,854,878
11035,17086,1719,8287,1155,15366,1733,855,878
11040,17097,1720,8293,1156,15377,1733,855,878
11045,17101,1720,8296,1156,15381,1733,855,878
11050,17111,1721,8302,1157,15390,1733,855,878
11055,17117,1721,8305,1157,15396,1735,857,878
11060,17128,1721,8310,1157,15407,1735,857,878
11065,17132,1721,8311,1157,15411,1735,857,878
11070,17142,1722,8315,1157,15420,1735,857,878
11075,17148,1722,8318,1157,15426,1737,858,879
11080,17159,1722,8322,1157,15437,1737,858,879
11085,17163,1722,8326,1157,15441,1737,858,879
11090,17173,1724,8333,1158,15449,1738,859,879
11095,17179,1724,8338,1158,15455,1741,862,879
11100,17190,1726,8343,1159,15464,1742,863,879
11105,17194,1726,8347,1159,15468,1743,864,879
11110,17204,1727,8350,1159,15477,1744,864,880
11115,17210,1727,8353,1159,15483,1745,865,880
11120,17221,1729,8356,1160,15492,1745,865,880
11125,17225,1730,8357,1161,15495,1745,865,880
11130,17235,1731,8362,1162,15504,1746,866,880
11135,17241,1731,8364,1162,15510,1747,867,880
11140,17252,1733,8369,1163,15519,1747,867,880
11145,17256,1733,8371,1163,15523,1747,867,880
11150,17266,1734,8372,1163,15532,1748,867,881
11155,17272,1734,8376,1163,15538,1749,868,881
11160,17283,1736,8380,1165,15547,1750,868,882
11165,17287,1736,8381,1165,15551,1751,868,883
11170,17297,1737,8386,1166,15560,1752,869,883
11175,17303,1737,8389,1166,15566,1753,869,884
11180,17314,1738,8394,1166,15576,1753,869,884
11185,17318,1738,8398,1166,15580,1754,870,884
11190,17328,1739,8404,1167,15589,1755,871,884
11195,17334,1739,8407,1167,15595,1756,871,885
11200,17345,1740,8411,1167,15605,1756,871,885
11205,17349,1740,8413,1167,15609,1757,871,886
11210,17359,1742,8417,1168,15617,1758,871,887
11215,17365,1742,8418,1168,15623,1759,872,887
11220,17376,1745,8421,1170,15631,1760,872,888
11225,17380,1745,8422,1170,15635,1760,872,888
11230,17390,1746,8425,1170,15644,1760,872,888
11235,17396,1746,8426,1170,15650,1762,873,889
11240,17407,1748,8432,1172,15659,1763,874,889
11245,17411,1748,8434,1172,15663,1763,874,889
11250,17421,1749,8441,1172,15672,1763,874,889
11255,17427,1749,8442,1172,15678,1765,874,891
11260,17438,1750,8448,1173,15688,1766,874,892
11265,17442,1751,8450,1174,15691,1766,874,892
11270,17452,1752,8455,1174,15700,1766,874,892
11275,17458,1752,8457,1174,15706,1768,874,894
11280,17469,1753,8461,1174,15716,1770,875,895
11285,17473,1754,8462,1175,15719,1770,875,895
11290,17483,1755,8469,1176,15728,1770,875,895
11295,17489,1755,8473,1176,15734,1771,876,895
11300,17500,1755,8476,1176,15745,1772,876,896
11305,17504,1756,8479,1177,15748,1772,876,896
11310,17514,1757,8485,1177,15757,1772,876,896
11315,17520,1757,8487,1177,15763,1773,877,896
11320,17531,1757,8490,1177,15774,1774,877,897
11325,17535,1758,8494,1178,15777,1774,877,897
11330,17545,1760,8499,1178,15785,1774,877,897
11335,17551,1760,8502,1178,15791,1775,878,897
11340,17562,1760,8506,1178,15802,1776,879,897
11345,17566,1760,8509,1178,15806,1776,879,897
11350,17576,1761,8515,1179,15815,1776,879,897
11355,17582,1761,8519,1179,15821,1777,880,897
11360,17593,1761,8523,1179,15832,1777,880,897
11365,17597,1761,8525,1179,15836,1777,880,897
11370,17607,1762,8532,1180,15845,1777,880,897
11375,17613,1762,8536,1180,15851,1778,881,897
11380,17624,1762,8539,1180,15862,1778,881,897
11385,17628,1762,8540,1180,15866,1778,881,897
11390,17638,1763,8545,1181,15875,1779,882,897
11395,17644,1763,8548,1181,15881,1781,883,898
11400,17655,1763,8556,1181,15892,1781,883,898
11405,17659,1763,8558,1181,15896,1781,883,898
11410,17669,1764,8562,1181,15905,1782,883,899
11415,17675,1764,8565,1181,15911,1783,883,900
11420,17686,1764,8571,1181,15922,1783,883,900
11425,17690,1764,8571,1181,15926,1783,883,900
11430,17700,1765,8574,1182,15935,1784,884,900
11435,17706,1765,8578,1182,15941,1785,885,900
11440,17717,1765,8583,1182,15952,1785,885,900
11445,17721,1765,8585,1182,15956,1785,885,900
11450,17731,1767,8590,1184,15964,1785,885,900
11455,17737,1767,8593,1184,15970,1786,885,901
11460,17748,1769,8597,1185,15978,1787,886,901
11465,17752,1770,8598,1186,15982,1787,886,901
11470,17762,1772,8603,1188,15990,1787,886,901
11475,17768,1772,8606,1188,15995,1788,886,902
11480,17779,1774,8611,1189,16005,1789,886,903
11485,17783,1774,8612,1189,16009,1789,886,903
11490,17793,1776,8617,1189,16017,1789,886,903
11495,17799,1776,8618,1189,16023,1790,886,904
11500,17810,1778,8624,1191,16032,1791,887,904
11505,17814,1778,8627,1191,16036,1791,887,904
11510,17824,1780,8631,1191,16044,1791,887,904
11515,17830,1780,8633,1191,16050,1793,887,906
11520,17841,1783,8638,1193,16058,1794,887,907
11525,17845,1784,8642,1194,16061,1794,887,907
11530,17855,1785,8646,1194,16070,1794,887,907
11535,17861,1785,8650,1194,16075,1796,888,908
11540,17872,1787,8655,1195,16085,1797,889,908
11545,17876,1787,8657,1195,16089,1797,889,908
11550,17886,1788,8663,1196,16098,1797,889,908
11555,17892,1788,8667,1196,16103,1799,890,909
11560,17903,1790,8674,1197,16113,1800,890,910
11565,17907,1790,8674,1197,16117,1800,890,910
11570,17917,1791,8678,1198,16126,1800,890,910
11575,17923,1791,8681,1198,16132,1802,891,911
11580,17934,1793,8688,1199,16140,1804,892,912
11585,17938,1794,8691,1200,16144,1805,893,912
11590,17948,1794,8695,1200,16154,1806,894,912
11595,17954,1794,8698,1200,16160,1808,895,913
11600,17965,1794,8705,1200,16171,1809,895,914
11605,17969,1794,8708,1200,16175,1810,896,914
11610,17979,1794,8713,1200,16185,1811,896,915
11615,17985,1794,8716,1200,16191,1813,898,915
11620,17996,1794,8723,1200,16202,1814,898,916
11625,18000,1794,8725,1200,16206,1814,898,916
11630,18010,1795,8730,1201,16215,1815,899,916
11635,18016,1795,8735,1201,16221,1817,900,917
11640,18027,1795,8743,1201,16232,1818,901,917
11645,18031,1796,8745,1202,16235,1818,901,917
11650,18041,1797,8750,1203,16244,1818,901,917
11655,18047,1797,8754,1203,16250,1819,901,918
11660,18058,1797,8759,1203,16261,1819,901,918
11665,18062,1797,8762,1203,16265,1819,901,918
11670,18072,1798,8769,1203,16274,1819,901,918
11675,18078,1798,8772,1203,16280,1820,902,918
11680,18089,1798,8774,1203,16291,1820,902,918
11685,18093,1798,8774,1203,16295,1820,902,918
11690,18103,1799,8777,1203,16304,1820,902,918
11695,18109,1799,8782,1203,16310,1821,903,918
11700,18120,1800,8786,1203,16320,1822,903,919
11705,18124,1800,8789,1203,16324,1822,903,919
11710,18134,1801,8793,1203,16333,1823,903,920
11715,18140,1801,8797,1203,16339,1824,903,921
11720,18151,1803,8802,1204,16348,1825,903,922
11725,18155,1803,8806,1204,16352,1825,903,922
11730,18165,1804,8809,1204,16361,1826,903,923
11735,18171,1804,8809,1204,16367,1827,903,924
11740,18182,1807,8815,1207,16375,1828,904,924
11745,18186,1807,8817,1207,16379,1828,904,924
11750,18196,1809,8823,1207,16387,1829,905,924
11755,18202,1809,8828,1207,16392,1831,907,924
11760,18213,1813,8832,1211,16400,1833,907,926
11765,18217,1813,8834,1211,16404,1833,907,926
11770,18227,1815,8840,1211,16412,1833,907,926
11775,18233,1815,8845,1211,16418,1835,909,926
11780,18244,1816,8850,1211,16428,1836,910,926
11785,18248,1817,8853,1212,16431,1836,910,926
11790,18258,1819,8858,1212,16439,1836,910,926
11795,18264,1819,8860,1212,16445,1838,910,928
11800,18275,1821,8867,1213,16454,1839,911,928
11805,18279,1822,8869,1214,16457,1839,911,928
11810,18289,1824,8872,1214,16465,1839,911,928
11815,18295,1824,8873,1214,16471,1841,912,929
11820,18306,1825,8878,1214,16481,1842,913,929
11825,18310,1825,8878,1214,16485,1842,913,929
11830,18320,1827,8884,1216,16493,1842,913,929
11835,18326,1827,8888,1216,16499,1844,914,930
11840,18337,1829,8893,1217,16508,1845,914,931
11845,18341,1830,8896,1218,16511,1845,914,931
11850,18351,1832,8900,1219,16519,1845,914,931
11855,18357,1832,8904,1219,16525,1847,915,932
11860,18368,1834,8910,1220,16534,1848,916,932
11865,18372,1835,8913,1221,16537,1848,916,932
11870,18382,1837,8918,1223,16545,1848,916,932
11875,18388,1837,8923,1223,16550,1850,917,933
11880,18399,1842,8930,1227,16557,1852,919,933
11885,18403,1842,8932,1227,16561,1852,919,933
11890,18413,1843,8938,1227,16570,1853,920,933
11895,18419,1843,8943,1227,16575,1854,921,933
11900,18430,1846,8950,1230,16584,1855,922,933
11905,18434,1846,8951,1230,16588,1855,922,933
11910,18444,1847,8956,1231,16597,1855,922,933
11915,18450,1847,8960,1231,16602,1856,922,934
11920,18461,1848,8967,1232,16612,1856,922,934
11925,18465,1849,8968,1233,16616,1856,922,934
11930,18475,1850,8971,1233,16625,1856,922,934
11935,18481,1850,8974,1233,16631,1857,923,934
11940,18492,1851,8978,1234,16641,1857,923,934
11945,18496,1851,8980,1234,16645,1857,923,934
11950,18506,1852,8985,1234,16654,1857,923,934
11955,18512,1852,8989,1234,16660,1858,924,934
11960,18523,1853,8993,1235,16669,1858,924,934
11965,18527,1854,8994,1236,16673,1858,924,934
11970,18537,1855,8999,1237,16682,1858,924,934
11975,18543,1855,9001,1237,16688,1859,924,935
11980,18554,1855,9005,1237,16699,1859,924,935
11985,18558,1855,9007,1237,16703,1859,924,935
11990,18568,1857,9014,1238,16711,1859,924,935
11995,18574,1857,9019,1238,16717,1860,925,935
12000,18585,1859,9025,1240,16725,1861,926,935
12005,18589,1860,9027,1241,16729,1861,926,935
12010,18599,1861,9032,1242,16738,1861,926,935
12015,18605,1861,9034,1242,16744,1863,927,936
12020,18616,1862,9038,1243,16754,1864,927,937
12025,18620,1862,9041,1243,16758,1864,927,937
12030,18630,1863,9044,1243,16767,1864,927,937
12035,18636,1863,9046,1243,16773,1866,928,938
12040,18647,1864,9053,1243,16783,1867,929,938
12045,18651,1864,9056,1243,16787,1867,929,938
12050,18661,1865,9060,1244,16796,1867,929,938
12055,18667,1865,9064,1244,16802,1869,930,939
12060,18678,1866,9072,1245,16812,1870,931,939
12065,18682,1866,9072,1245,16816,1870,931,939
12070,18692,1868,9076,1245,16824,1871,931,940
12075,18698,1868,9078,1245,16830,1873,932,941
12080,18709,1870,9082,1246,16839,1874,933,941
12085,18713,1870,9083,1246,16843,1874,933,941
12090,18723,1872,9088,1247,16851,1875,934,941
12095,18729,1872,9093,1247,16856,1877,936,941
12100,18740,1876,9101,1251,16864,1878,937,941
12105,18744,1877,9104,1252,16867,1878,937,941
12110,18754,1879,9109,1253,16875,1879,938,941
12115,18760,1879,9113,1253,16880,1881,939,942
12120,18771,1882,9115,1255,16889,1883,940,943
12125,18775,1883,9117,1256,16892,1883,940,943
12130,18785,1883,9119,1256,16902,1884,940,944
12135,18791,1883,9123,1256,16908,1886,941,945
12140,18802,1884,9132,1256,16917,1887,942,945
12145,18806,1885,9133,1257,16921,1887,942,945
12150,18816,1885,9137,1257,16931,1888,943,945
12155,18822,1885,9139,1257,16937,1890,943,947
12160,18833,1886,9142,1257,16946,1891,944,947
12165,18837,1887,9144,1258,16950,1891,944,947
12170,18847,1887,9152,1258,16960,1892,945,947
12175,18853,1887,9156,1258,16966,1894,947,947
12180,18864,1888,9162,1258,16976,1895,948,947
12185,18868,1889,9164,1259,16979,1895,948,947
12190,18878,1889,9172,1259,16989,1895,948,947
12195,18884,1889,9176,1259,16995,1896,949,947
12200,18895,1890,9179,1259,17005,1897,950,947
12205,18899,1890,9181,1259,17009,1897,950,947
12210,18909,1890,9189,1259,17019,1897,950,947
12215,18915,1890,9191,1259,17025,1898,950,948
12220,18926,1892,9195,1260,17034,1899,951,948
12225,18930,1893,9197,1261,17037,1899,951,948
12230,18940,1895,9201,1261,17045,1899,951,948
12235,18946,1895,9206,1261,17050,1900,951,949
12240,18957,1899,9209,1264,17058,1901,951,950
12245,18961,1899,9210,1264,17062,1901,951,950
12250,18971,1900,9217,1265,17071,1901,951,950
12255,18977,1900,9220,1265,17077,1902,951,951
12260,18988,1901,9226,1266,17087,1903,951,952
12265,18992,1901,9228,1266,17091,1903,951,952
12270,19002,1902,9230,1266,17100,1903,951,952
12275,19008,1902,9231,1266,17106,1904,951,953
12280,19019,1902,9236,1266,17117,1905,951,954
12285,19023,1902,9238,1266,17121,1905,951,954
12290,19033,1903,9243,1267,17130,1905,951,954
12295,19039,1903,9246,1267,17136,1907,952,955
12300,19050,1903,9252,1267,17147,1908,953,955
12305,19054,1903,9254,1267,17151,1908,953,955
12310,19064,1904,9256,1267,17160,1909,953,956
12315,19070,1904,9259,1267,17166,1910,953,957
12320,19081,1904,9266,1267,17177,1910,953,957
12325,19085,1904,9267,1267,17181,1910,953,957
12330,19095,1905,9276,1268,17190,1911,954,957
12335,19101,1905,9279,1268,17196,1912,954,958
12340,19112,1905,9283,1268,17207,1912,954,958
12345,19116,1905,9284,1268,17211,1912,954,958
12350,19126,1907,9292,1270,17219,1913,955,958
12355,19132,1907,9295,1270,17225,1914,955,959
12360,19143,1908,9302,1271,17234,1914,955,959
12365,19147,1909,9303,1272,17238,1914,955,959
12370,19157,1910,9306,1272,17247,1914,955,959
12375,19163,1910,9309,1272,17253,1916,955,961
12380,19174,1911,9312,1272,17263,1916,955,961
12385,19178,1912,9314,1273,17266,1916,955,961
12390,19188,1913,9321,1274,17275,1916,955,961
12395,19194,1913,9326,1274,17281,1918,956,962
12400,19205,1914,9333,1274,17291,1918,956,962
12405,19209,1915,9334,1275,17294,1918,956,962
12410,19219,1916,9339,1276,17303,1918,956,962
12415,19225,1916,9342,1276,17309,1920,958,962
12420,19236,1917,9346,1276,17319,1921,959,962
12425,19240,1917,9346,1276,17323,1921,959,962
12430,19250,1919,9350,1276,17331,1921,959,962
12435,19256,1919,9353,1276,17337,1922,959,963
12440,19267,1920,9358,1276,17347,1923,959,964
12445,19271,1920,9360,1276,17351,1923,959,964
12450,19281,1922,9365,1277,17359,1923,959,964
12455,19287,1922,9368,1277,17365,1924,960,964
12460,19298,1923,9371,1277,17375,1925,960,965
12465,19302,1925,9373,1279,17377,1925,960,965
12470,19312,1927,9377,1279,17385,1925,960,965
12475,19318,1927,9380,1279,17391,1926,960,966
12480,19329,1929,9385,1280,17400,1928,961,967
12485,19333,1929,9388,1280,17404,1928,961,967
12490,19343,1930,9394,1281,17413,1928,961,967
12495,19349,1930,9397,1281,17419,1929,961,968
12500,19360,1931,9402,1282,17429,1930,961,969
12505,19364,1931,9403,1282,17433,1930,961,969
12510,19374,1933,9409,1283,17441,1930,961,969
12515,19380,1933,9412,1283,17447,1931,961,970
12520,19391,1933,9417,1283,17458,1932,961,971
12525,19395,1933,9418,1283,17462,1932,961,971
12530,19405,1935,9423,1285,17470,1933,961,972
12535,19411,1935,9426,1285,17476,1935,961,974
12540,19422,1937,9433,1287,17484,1936,962,974
12545,19426,1938,9434,1288,17488,1936,962,974
12550,19436,1939,9439,1288,17497,1936,962,974
12555,19442,1939,9443,1288,17503,1938,964,974
12560,19453,1939,9449,1288,17514,1938,964,974
12565,19457,1940,9452,1289,17517,1938,964,974
12570,19467,1941,9456,1290,17526,1938,964,974
12575,19473,1941,9460,1290,17532,1940,965,975
12580,19484,1941,9464,1290,17543,1940,965,975
12585,19488,1941,9467,1290,17547,1940,965,975
12590,19498,1942,9472,1291,17556,1940,965,975
12595,19504,1942,9473,1291,17561,1942,965,977
12600,19515,1945,9478,1293,17570,1942,965,977
12605,19519,1946,9481,1294,17573,1942,965,977
12610,19529,1946,9487,1294,17583,1943,965,978
12615,19535,1946,9490,1294,17589,1945,967,978
12620,19546,1947,9496,1294,17599,1945,967,978
12625,19550,1948,9499,1295,17602,1945,967,978
12630,19560,1948,9502,1295,17612,1946,968,978
12635,19566,1948,9505,1295,17618,1948,968,980
12640,19577,1949,9510,1295,17628,1948,968,980
12645,19581,1950,9513,1296,17631,1948,968,980
12650,19591,1950,9517,1296,17641,1949,968,981
12655,19597,1950,9520,1296,17647,1951,968,983
12660,19608,1952,9525,1298,17656,1953,968,985
12665,19612,1952,9526,1298,17660,1953,968,985
12670,19622,1952,9529,1298,17670,1953,968,985
12675,19628,1952,9533,1298,17676,1954,969,985
12680,19639,1952,9540,1298,17687,1955,969,986
12685,19643,1952,9541,1298,17691,1955,969,986
12690,19653,1952,9544,1298,17701,1955,969,986
12695,19659,1952,9548,1298,17707,1956,969,987
12700,19670,1952,9554,1298,17718,1957,969,988
12705,19674,1952,9556,1298,17722,1957,969,988
12710,19684,1954,9559,1298,17730,1957,969,988
12715,19690,1954,9563,1298,17736,1958,970,988
12720,19701,1956,9570,1300,17745,1959,971,988
12725,19705,1956,9571,1300,17749,1959,971,988
12730,19715,1958,9577,1301,17757,1959,971,988
12735,19721,1958,9578,1301,17763,1960,971,989
12740,19732,1958,9585,1301,17773,1960,971,989
12745,19736,1959,9587,1302,17777,1960,971,989
12750,19746,1961,9595,1304,17785,1960,971,989
12755,19752,1961,9599,1304,17790,1961,972,989
12760,19763,1963,9604,1306,17799,1961,972,989
12765,19767,1964,9605,1307,17803,1961,972,989
12770,19777,1966,9610,1309,17811,1962,972,990
12775,19783,1966,9613,1309,17817,1964,973,991
12780,19794,1967,9617,1309,17826,1964,973,991
12785,19798,1968,9620,1310,17830,1964,973,991
12790,19808,1970,9627,1311,17838,1965,974,991
12795,19814,1970,9630,1311,17844,1966,975,991
12800,19825,1971,9634,1311,17854,1966,975,991
12805,19829,1971,9636,1311,17858,1966,975,991
12810,19839,1973,9641,1312,17866,1967,976,991
12815,19845,1973,9645,1312,17872,1968,976,992
12820,19856,1974,9651,1313,17882,1969,976,993
12825,19860,1974,9653,1313,17886,1969,976,993
12830,19870,1976,9659,1315,17894,1970,976,994
12835,19876,1976,9662,1315,17900,1971,977,994
12840,19887,1977,9666,1316,17910,1973,978,995
12845,19891,1978,9669,1317,17913,1973,978,995
12850,19901,1979,9674,1318,17922,1973,978,995
12855,19907,1979,9676,1318,17927,1974,978,996
12860,19918,1981,9680,1319,17937,1976,979,997
12865,19922,1982,9682,1320,17940,1976,979,997
12870,19932,1983,9686,1320,17949,1976,979,997
12875,19938,1983,9689,1320,17955,1977,980,997
12880,19949,1985,9693,1322,17964,1979,981,998
12885,19953,1986,9696,1323,17967,1979,981,998
12890,19963,1987,9698,1323,17976,1979,981,998
12895,19969,1987,9701,1323,17981,1981,982,999
12900,19980,1990,9707,1326,17990,1983,984,999
12905,19984,1990,9709,1326,17994,1983,984,999
12910,19994,1990,9711,1326,18004,1983,984,999
12915,20000,1990,9714,1326,18010,1985,985,1000
12920,20011,1990,9720,1326,18021,1986,986,1000
12925,20015,1990,9722,1326,18025,1986,986,1000
12930,20025,1990,9728,1326,18035,1986,986,1000
12935,20031,1990,9730,1326,18041,1988,987,1001
12940,20042,1990,9735,1326,18052,1989,987,1002
12945,20046,1990,9737,1326,18056,1989,987,1002
12950,20056,1991,9743,1327,18065,1989,987,1002
12955,20062,1991,9748,1327,18071,1990,987,1003
12960,20073,1991,9754,1327,18082,1990,987,1003
12965,20077,1991,9756,1327,18086,1990,987,1003
12970,20087,1992,9762,1327,18095,1991,987,1004
12975,20093,1992,9765,1327,18100,1992,987,1005
12980,20104,1995,9772,1330,18109,1992,987,1005
12985,20108,1995,9773,1330,18113,1992,987,1005
12990,20118,1996,9774,1330,18122,1993,987,1006
12995,20124,1996,9777,1330,18128,1994,988,1006
13000,20135,1996,9781,1330,18139,1994,988,1006
13005,20139,1996,9784,1330,18143,1994,988,1006
13010,20149,1997,9787,1330,18152,1995,989,1006
13015,20155,1997,9790,1330,18158,1996,990,1006
13020,20166,1998,9794,1330,18168,1996,990,1006
13025,20170,1998,9794,1330,18172,1996,990,1006
13030,20180,1999,9799,1330,18181,1997,990,1007
13035,20186,1999,9802,1330,18187,1999,992,1007
13040,20197,2001,9808,1331,18195,1999,992,1007
13045,20201,2003,9810,1333,18198,1999,992,1007
13050,20211,2004,9814,1333,18207,2000,993,1007
13055,20217,2004,9818,1333,18212,2002,994,1008
13060,20228,2007,9822,1336,18221,2002,994,1008
13065,20232,2007,9824,1336,18225,2002,994,1008
13070,20242,2009,9829,1336,18233,2003,995,1008
13075,20248,2009,9831,1336,18239,2005,995,1010
13080,20259,2011,9836,1337,18247,2006,996,1010
13085,20263,2012,9836,1338,18251,2006,996,1010
13090,20273,2013,9841,1338,18260,2006,996,1010
13095,20279,2013,9844,1338,18266,2007,997,1010
13100,20290,2013,9846,1338,18277,2009,998,1011
13105,20294,2013,9846,1338,18281,2009,998,1011
13110,20304,2014,9851,1338,18290,2009,998,1011
13115,20310,2014,9855,1338,18296,2010,999,1011
13120,20321,2015,9858,1339,18306,2012,999,1013
13125,20325,2015,9861,1339,18310,2012,999,1013
13130,20335,2017,9867,1341,18318,2012,999,1013
13135,20341,2017,9869,1341,18324,2013,999,1014
13140,20352,2017,9873,1341,18335,2015,1000,1015
13145,20356,2018,9874,1342,18338,2015,1000,1015
13150,20366,2021,9879,1344,18345,2015,1000,1015
13155,20372,2021,9883,1344,18351,2016,1001,1015
13160,20383,2022,9890,1345,18361,2017,1002,1015
13165,20387,2024,9892,1347,18363,2017,1002,1015
13170,20397,2027,9899,1349,18370,2017,1002,1015
13175,20403,2027,9900,1349,18376,2018,1002,1016
13180,20414,2028,9906,1350,18386,2019,1003,1016
13185,20418,2029,9907,1351,18389,2019,1003,1016
13190,20428,2032,9912,1353,18396,2019,1003,1016
13195,20434,2032,9915,1353,18402,2020,1003,1017
13200,20445,2033,9920,1353,18411,2021,1004,1017
13205,20449,2034,9922,1354,18415,2021,1004,1017
13210,20459,2035,9924,1354,18424,2021,1004,1017
13215,20465,2035,9929,1354,18430,2022,1004,1018
13220,20476,2036,9934,1355,18440,2023,1004,1019
13225,20480,2036,9936,1355,18444,2023,1004,1019
13230,20490,2037,9941,1356,18453,2023,1004,1019
13235,20496,2037,9946,1356,18459,2024,1005,1019
13240,20507,2038,9951,1356,18469,2025,1006,1019
13245,20511,2038,9952,1356,18473,2025,1006,1019
13250,20521,2039,9958,1356,18482,2026,1006,1020
13255,20527,2039,9962,1356,18488,2028,1008,1020
13260,20538,2040,9964,1356,18498,2029,1008,1021
13265,20542,2041,9966,1357,18501,2029,1008,1021
13270,20552,2043,9972,1358,18509,2029,1008,1021
13275,20558,2043,9973,1358,18515,2031,1009,1022
13280,20569,2044,9978,1359,18525,2032,1010,1022
13285,20573,2045,9980,1360,18528,2032,1010,1022
13290,20583,2047,9984,1360,18536,2032,1010,1022
13295,20589,2047,9985,1360,18542,2034,1010,1024
13300,20600,2050,9992,1363,18550,2035,1011,1024
13305,20604,2052,9995,1365,18552,2035,1011,1024
13310,20614,2054,10005,1367,18560,2035,1011,1024
13315,20620,2054,10009,1367,18566,2037,1013,1024
13320,20631,2057,10016,1370,18574,2038,1014,1024
13325,20635,2057,10018,1370,18578,2038,1014,1024
13330,20645,2058,10021,1371,18587,2038,1014,1024
13335,20651,2058,10023,1371,18593,2040,1016,1024
13340,20662,2058,10029,1371,18604,2041,1017,1024
13345,20666,2058,10031,1371,18608,2041,1017,1024
13350,20676,2059,10036,1371,18617,2041,1017,1024
13355,20682,2059,10039,1371,18623,2043,1017,1026
13360,20693,2059,10043,1371,18634,2044,1017,1027
13365,20697,2059,10044,1371,18638,2044,1017,1027
13370,20707,2060,10049,1372,18647,2044,1017,1027
13375,20713,2060,10050,1372,18652,2046,1017,1029
13380,20724,2062,10054,1374,18662,2046,1017,1029
13385,20728,2062,10055,1374,18666,2046,1017,1029
13390,20738,2063,10062,1375,18675,2046,1017,1029
13395,20744,2063,10067,1375,18680,2047,1018,1029
13400,20755,2064,10070,1376,18691,2047,1018,1029
13405,20759,2064,10072,1376,18695,2047,1018,1029
13410,20769,2065,10078,1377,18704,2047,1018,1029
13415,20775,2065,10079,1377,18710,2048,1018,1030
13420,20786,2065,10083,1377,18721,2048,1018,1030
13425,20790,2065,10085,1377,18725,2048,1018,1030
13430,20800,2066,10091,1377,18734,2048,1018,1030
13435,20806,2066,10094,1377,18739,2049,1019,1030
13440,20817,2070,10101,1381,18747,2049,1019,1030
13445,20821,2070,10103,1381,18751,2049,1019,1030
13450,20831,2070,10108,1381,18761,2049,1019,1030
13455,20837,2070,10112,1381,18767,2050,1020,1030
13460,20848,2072,10119,1383,18776,2050,1020,1030
13465,20852,2072,10121,1383,18780,2050,1020,1030
13470,20862,2072,10126,1383,18790,2050,1020,1030
13475,20868,2072,10129,1383,18796,2051,1021,1030
13480,20879,2073,10133,1384,18806,2051,1021,1030
13485,20883,2074,10134,1385,18809,2051,1021,1030
13490,20893,2075,10138,1385,18818,2052,1022,1030
13495,20899,2075,10141,1385,18823,2054,1022,1032
13500,20910,2078,10149,1388,18832,2056,1024,1032
13505,20914,2078,10152,1388,18836,2056,1024,1032
13510,20924,2079,10155,1389,18845,2057,1025,1032
13515,20930,2079,10157,1389,18850,2058,1025,1033
13520,20941,2080,10163,1390,18861,2060,1025,1035
13525,20945,2080,10163,1390,18865,2060,1025,1035
13530,20955,2081,10168,1391,18874,2061,1025,1036
13535,20961,2081,10169,1391,18880,2062,1025,1037
13540,20972,2081,10175,1391,18891,2064,1027,1037
13545,20976,2081,10177,1391,18895,2064,1027,1037
13550,20986,2083,10181,1391,18903,2064,1027,1037
13555,20992,2083,10184,1391,18909,2065,1027,1038
13560,21003,2084,10189,1392,18919,2067,1028,1039
13565,21007,2084,10192,1392,18923,2067,1028,1039
13570,21017,2086,10193,1392,18931,2067,1028,1039
13575,21023,2086,10196,1392,18937,2068,1028,1040
13580,21034,2087,10200,1393,18947,2069,1028,1041
13585,21038,2087,10201,1393,18951,2069,1028,1041
13590,21048,2089,10207,1395,18959,2069,1028,1041
13595,21054,2089,10211,1395,18965,2070,1029,1041
13600,21065,2089,10216,1395,18976,2071,1029,1042
13605,21069,2089,10216,1395,18980,2071,1029,1042
13610,21079,2091,10221,1396,18988,2071,1029,1042
13615,21085,2091,10225,1396,18994,2072,1029,1043
13620,21096,2093,10230,1398,19003,2073,1030,1043
13625,21100,2093,10231,1398,19007,2073,1030,1043
13630,21110,2095,10235,1398,19015,2073,1030,1043
13635,21116,2095,10239,1398,19021,2074,1031,1043
13640,21127,2097,10244,1399,19030,2074,1031,1043
13645,21131,2098,10247,1400,19033,2074,1031,1043
13650,21141,2100,10252,1401,19041,2075,1031,1044
13655,21147,2100,10253,1401,19047,2076,1031,1045
13660,21158,2101,10259,1402,19057,2076,1031,1045
13665,21162,2102,10260,1403,19060,2076,1031,1045
13670,21172,2104,10263,1403,19068,2077,1032,1045
13675,21178,2104,10266,1403,19074,2078,1032,1046
13680,21189,2106,10272,1405,19083,2079,1033,1046
13685,21193,2106,10272,1405,19087,2079,1033,1046
13690,21203,2108,10276,1405,19095,2080,1034,1046
13695,21209,2108,10279,1405,19101,2082,1036,1046
13700,21220,2110,10286,1406,19110,2083,1037,1046
13705,21224,2111,10289,1407,19113,2083,1037,1046
13710,21234,2113,10296,1409,19121,2084,1037,1047
13715,21240,2113,10299,1409,19127,2086,1038,1048
13720,21251,2115,10306,1411,19136,2087,1038,1049
13725,21255,2116,10308,1412,19139,2087,1038,1049
13730,21265,2118,10314,1414,19147,2088,1038,1050
13735,21271,2118,10316,1414,19153,2090,1039,1051
13740,21282,2119,10317,1414,19163,2092,1040,1052
13745,21286,2119,10320,1414,19167,2092,1040,1052
13750,21296,2121,10327,1415,19175,2093,1040,1053
13755,21302,2121,10327,1415,19181,2095,1040,1055
13760,21313,2123,10333,1417,19190,2097,1042,1055
13765,21317,2123,10333,1417,19194,2097,1042,1055
13770,21327,2125,10335,1417,19202,2098,1042,1056
13775,21333,2125,10339,1417,19208,2100,1043,1057
13780,21344,2128,10346,1419,19216,2102,1044,1058
13785,21348,2128,10348,1419,19220,2102,1044,1058
13790,21358,2130,10351,1421,19228,2103,1044,1059
13795,21364,2130,10355,1421,19234,2105,1046,1059
13800,21375,2133,10360,1423,19242,2107,1047,1060
13805,21379,2133,10362,1423,19246,2107,1047,1060
13810,21389,2134,10367,1424,19255,2107,1047,1060
13815,21395,2134,10371,1424,19261,2108,1048,1060
13820,21406,2135,10377,1424,19271,2108,1048,1060
13825,21410,2135,10378,1424,19275,2108,1048,1060
13830,21420,2136,10382,1425,19284,2108,1048,1060
13835,21426,2136,10383,1425,19290,2109,1048,1061
13840,21437,2138,10391,1426,19299,2109,1048,1061
13845,21441,2138,10391,1426,19303,2109,1048,1061
13850,21451,2139,10398,1427,19312,2109,1048,1061
13855,21457,2139,10401,1427,19318,2110,1049,1061
13860,21468,2141,10409,1428,19327,2110,1049,1061
13865,21472,2141,10412,1428,19331,2110,1049,1061
13870,21482,2141,10419,1428,19341,2110,1049,1061
13875,21488,2141,10421,1428,19347,2112,1050,1062
13880,21499,2141,10424,1428,19358,2112,1050,1062
13885,21503,2141,10427,1428,19362,2112,1050,1062
13890,21513,2141,10429,1428,19372,2112,1050,1062
13895,21519,2141,10431,1428,19378,2114,1050,1064
13900,21530,2141,10438,1428,19389,2114,1050,1064
13905,21534,2141,10440,1428,19393,2114,1050,1064
13910,21544,2141,10443,1428,19403,2114,1050,1064
13915,21550,2141,10447,1428,19409,2116,1051,1065
13920,21561,2141,10452,1428,19420,2117,1052,1065
13925,21565,2141,10454,1428,19424,2117,1052,1065
13930,21575,2142,10462,1429,19433,2118,1053,1065
13935,21581,2142,10465,1429,19439,2119,1054,1065
13940,21592,2145,10472,1432,19447,2119,1054,1065
13945,21596,2145,10473,1432,19451,2119,1054,1065
13950,21606,2146,10479,1432,19460,2120,1055,1065
13955,21612,2146,10484,1432,19465,2121,1056,1065
13960,21623,2150,10490,1436,19473,2121,1056,1065
13965,21627,2150,10491,1436,19477,2121,1056,1065
13970,21637,2152,10494,1437,19485,2122,1056,1066
13975,21643,2152,10499,1437,19490,2123,1057,1066
13980,21654,2156,10506,1441,19497,2124,1057,1067
13985,21658,2157,10508,1442,19501,2124,1057,1067
13990,21668,2158,10514,1443,19510,2124,1057,1067
13995,21674,2158,10516,1443,19516,2125,1058,1067
14000,21685,2158,10521,1443,19527,2127,1059,1068
14005,21689,2158,10524,1443,19531,2127,1059,1068
14010,21699,2159,10528,1444,19540,2127,1059,1068
14015,21705,2159,10533,1444,19546,2128,1060,1068
14020,21716,2159,10537,1444,19557,2130,1061,1069
14025,21720,2159,10540,1444,19561,2130,1061,1069
14030,21730,2160,10543,1445,19570,2130,1061,1069
14035,21736,2160,10545,1445,19576,2131,1061,1070
14040,21747,2160,10550,1445,19587,2133,1062,1071
14045,21751,2160,10550,1445,19591,2133,1062,1071
14050,21761,2161,10556,1446,19600,2133,1062,1071
14055,21767,2161,10559,1446,19606,2134,1063,1071
14060,21778,2161,10565,1446,19617,2134,1063,1071
14065,21782,2162,10566,1447,19620,2134,1063,1071
14070,21792,2163,10570,1448,19629,2134,1063,1071
14075,21798,2163,10572,1448,19635,2135,1064,1071
14080,21809,2163,10575,1448,19646,2135,1064,1071
14085,21813,2163,10575,1448,19650,2135,1064,1071
14090,21823,2164,10581,1449,19659,2135,1064,1071
14095,21829,2164,10585,1449,19665,2136,1065,1071
14100,21840,2166,10593,1451,19674,2136,1065,1071
14105,21844,2168,10597,1453,19676,2136,1065,1071
14110,21854,2170,10603,1455,19684,2136,1065,1071
14115,21860,2170,10606,1455,19690,2137,1065,1072
14120,21871,2172,10612,1456,19699,2137,1065,1072
14125,21875,2172,10612,1456,19703,2137,1065,1072
14130,21885,2174,10619,1456,19711,2137,1065,1072
14135,21891,2174,10623,1456,19717,2138,1065,1073
14140,21902,2176,10629,1458,19726,2138,1065,1073
14145,21906,2176,10629,1458,19730,2138,1065,1073
14150,21916,2178,10635,1459,19738,2139,1066,1073
14155,21922,2178,10639,1459,19744,2141,1067,1074
14160,21933,2180,10645,1461,19753,2143,1068,1075
14165,21937,2181,10648,1462,19756,2143,1068,1075
14170,21947,2181,10653,1462,19766,2144,1069,1075
14175,21953,2181,10657,1462,19772,2146,1071,1075
14180,21964,2182,10661,1462,19782,2147,1072,1075
14185,21968,2183,10663,1463,19785,2147,1072,1075
14190,21978,2183,10667,1463,19795,2148,1072,1076
14195,21984,2183,10671,1463,19801,2150,1073,1077
14200,21995,2184,10675,1464,19811,2151,1073,1078
14205,21999,2184,10676,1464,19815,2151,1073,1078
14210,22009,2184,10681,1464,19825,2152,1074,1078
14215,22015,2184,10685,1464,19831,2154,1075,1079
14220,22026,2185,10689,1464,19841,2154,1075,1079
14225,22030,2185,10691,1464,19845,2154,1075,1079
14230,22040,2185,10695,1464,19855,2154,1075,1079
14235,22046,2185,10697,1464,19861,2155,1075,1080
14240,22057,2186,10703,1464,19871,2155,1075,1080
14245,22061,2186,10705,1464,19875,2155,1075,1080
14250,22071,2186,10709,1464,19885,2155,1075,1080
14255,22077,2186,10710,1464,19891,2156,1075,1081
14260,22088,2187,10715,1464,19901,2156,1075,1081
14265,22092,2187,10718,1464,19905,2156,1075,1081
14270,22102,2189,10721,1465,19913,2156,1075,1081
14275,22108,2189,10724,1465,19919,2157,1076,1081
14280,22119,2193,10731,1468,19926,2157,1076,1081
14285,22123,2194,10733,1469,19929,2157,1076,1081
14290,22133,2195,10736,1469,19938,2158,1077,1081
14295,22139,2195,10738,1469,19944,2159,1077,1082
14300,22150,2196,10741,1469,19954,2160,1078,1082
14305,22154,2197,10742,1470,19957,2160,1078,1082
14310,22164,2198,10747,1470,19966,2161,1078,1083
14315,22170,2198,10749,1470,19972,2162,1078,1084
14320,22181,2200,10754,1471,19981,2164,1079,1085
14325,22185,2201,10756,1472,19984,2164,1079,1085
14330,22195,2202,10759,1472,19993,2165,1079,1086
14335,22201,2202,10761,1472,19999,2166,1079,1087
14340,22212,2204,10768,1473,20008,2168,1080,1088
14345,22216,2204,10768,1473,20012,2168,1080,1088
14350,22226,2205,10772,1474,20021,2168,1080,1088
14355,22232,2205,10776,1474,20027,2169,1081,1088
14360,22243,2206,10779,1475,20037,2171,1082,1089
14365,22247,2206,10781,1475,20041,2171,1082,1089
14370,22257,2207,10785,1475,20050,2171,1082,1089
14375,22263,2207,10787,1475,20056,2172,1082,1090
14380,22274,2207,10793,1475,20067,2173,1082,1091
14385,22278,2207,10796,1475,20071,2173,1082,1091
14390,22288,2209,10801,1477,20079,2173,1082,1091
14395,22294,2209,10801,1477,20085,2175,1082,1093
14400,22305,2210,10805,1478,20095,2176,1082,1094
14405,22309,2210,10807,1478,20099,2176,1082,1094
14410,22319,2211,10812,1478,20108,2176,1082,1094
14415,22325,2211,10816,1478,20114,2177,1083,1094
14420,22336,2212,10821,1478,20124,2177,1083,1094
14425,22340,2212,10822,1478,20128,2177,1083,1094
14430,22350,2213,10826,1478,20137,2177,1083,1094
14435,22356,2213,10828,1478,20143,2178,1084,1094
14440,22367,2214,10832,1479,20153,2178,1084,1094
14445,22371,2214,10834,1479,20157,2178,1084,1094
14450,22381,2215,10841,1480,20166,2178,1084,1094
14455,22387,2215,10844,1480,20172,2179,1084,1095
14460,22398,2217,10852,1482,20181,2179,1084,1095
14465,22402,2217,10854,1482,20185,2179,1084,1095
14470,22412,2218,10859,1482,20194,2179,1084,1095
14475,22418,2218,10861,1482,20200,2181,1084,1097
14480,22429,2220,10867,1484,20209,2181,1084,1097
14485,22433,2220,10868,1484,20213,2181,1084,1097
14490,22443,2221,10873,1484,20222,2181,1084,1097
14495,22449,2221,10877,1484,20228,2183,1086,1097
14500,22460,2223,10882,1485,20237,2184,1087,1097
14505,22464,2224,10883,1486,20240,2184,1087,1097
14510,22474,2226,10888,1487,20248,2184,1087,1097
14515,22480,2226,10890,1487,20254,2186,1087,1099
14520,22491,2227,10894,1487,20264,2188,1088,1100
14525,22495,2227,10895,1487,20268,2188,1088,1100
14530,22505,2228,10899,1487,20277,2188,1088,1100
14535,22511,2228,10903,1487,20283,2189,1088,1101
14540,22522,2230,10908,1488,20291,2190,1089,1101
14545,22526,2231,10908,1489,20295,2190,1089,1101
14550,22536,2232,10912,1490,20304,2190,1089,1101
14555,22542,2232,10917,1490,20309,2191,1090,1101
14560,22553,2235,10923,1493,20318,2192,1091,1101
14565,22557,2235,10924,1493,20322,2192,1091,1101
14570,22567,2236,10930,1493,20331,2192,1091,1101
14575,22573,2236,10934,1493,20336,2193,1091,1102
14580,22584,2238,10940,1495,20345,2194,1091,1103
14585,22588,2240,10944,1497,20348,2194,1091,1103
14590,22598,2240,10947,1497,20358,2194,1091,1103
14595,22604,2240,10950,1497,20364,2195,1092,1103
14600,22615,2242,10953,1498,20373,2196,1092,1104
14605,22619,2243,10955,1499,20376,2196,1092,1104
14610,22629,2243,10962,1499,20386,2196,1092,1104
14615,22635,2243,10966,1499,20392,2197,1093,1104
14620,22646,2245,10972,1500,20401,2198,1094,1104
14625,22650,2246,10974,1501,20404,2198,1094,1104
14630,22660,2246,10976,1501,20414,2199,1094,1105
14635,22666,2246,10981,1501,20420,2201,1096,1105
14640,22677,2247,10987,1502,20430,2203,1097,1106
14645,22681,2247,10988,1502,20434,2203,1097,1106
14650,22691,2248,10993,1502,20443,2203,1097,1106
14655,22697,2248,10995,1502,20449,2204,1097,1107
14660,22708,2248,11001,1502,20460,2205,1097,1108
14665,22712,2248,11003,1502,20464,2205,1097,1108
14670,22722,2249,11007,1502,20473,2205,1097,1108
14675,22728,2249,11009,1502,20479,2206,1098,1108
14680,22739,2249,11015,1502,20490,2207,1099,1108
14685,22743,2249,11017,1502,20494,2207,1099,1108
14690,22753,2250,11022,1503,20503,2207,1099,1108
14695,22759,2250,11026,1503,20509,2208,1100,1108
14700,22770,2251,11032,1504,20519,2208,1100,1108
14705,22774,2251,11033,1504,20523,2208,1100,1108
14710,22784,2252,11037,1505,20532,2208,1100,1108
14715,22790,2252,11040,1505,20538,2210,1102,1108
14720,22801,2253,11046,1506,20548,2210,1102,1108
14725,22805,2253,11048,1506,20552,2210,1102,1108
14730,22815,2254,11053,1506,20561,2210,1102,1108
14735,22821,2254,11056,1506,20567,2212,1103,1109
14740,22832,2257,11062,1508,20575,2212,1103,1109
14745,22836,2257,11065,1508,20579,2212,1103,1109
14750,22846,2259,11067,1509,20587,2213,1104,1109
14755,22852,2259,11071,1509,20592,2215,1105,1110
14760,22863,2263,11078,1513,20600,2216,1106,1110
14765,22867,2263,11080,1513,20604,2216,1106,1110
14770,22877,2264,11086,1514,20613,2217,1107,1110
14775,22883,2264,11091,1514,20619,2218,1108,1110
14780,22894,2265,11096,1515,20629,2219,1109,1110
14785,22898,2265,11098,1515,20633,2219,1109,1110
14790,22908,2266,11104,1516,20642,2220,1110,1110
14795,22914,2266,11106,1516,20648,2221,1110,1111
14800,22925,2267,11112,1517,20658,2223,1111,1112
14805,22929,2268,11114,1518,20661,2223,1111,1112
14810,22939,2269,11120,1519,20670,2224,1112,1112
14815,22945,2269,11124,1519,20676,2225,1113,1112
14820,22956,2270,11131,1519,20686,2227,1115,1112
14825,22960,2271,11133,1520,20689,2227,1115,1112
14830,22970,2272,11135,1520,20698,2227,1115,1112
14835,22976,2272,11138,1520,20704,2228,1116,1112
14840,22987,2273,11145,1521,20714,2230,1118,1112
14845,22991,2274,11147,1522,20717,2230,1118,1112
14850,23001,2275,11151,1523,20726,2230,1118,1112
14855,23007,2275,11153,1523,20732,2231,1119,1112
14860,23018,2276,11161,1524,20742,2233,1120,1113
14865,23022,2278,11164,1526,20744,2233,1120,1113
14870,23032,2280,11168,1527,20752,2233,1120,1113
14875,23038,2280,11171,1527,20757,2235,1121,1114
14880,23049,2283,11175,1530,20766,2237,1121,1116
14885,23053,2284,11177,1531,20769,2237,1121,1116
14890,23063,2285,11182,1531,20778,2237,1121,1116
14895,23069,2285,11184,1531,20783,2239,1122,1117
14900,23080,2288,11190,1534,20792,2241,1123,1118
14905,23084,2288,11190,1534,20796,2241,1123,1118
14910,23094,2289,11196,1534,20805,2241,1123,1118
14915,23100,2289,11199,1534,20810,2243,1123,1120
14920,23111,2291,11207,1536,20820,2245,1124,1121
14925,23115,2291,11208,1536,20824,2245,1124,1121
14930,23125,2291,11213,1536,20834,2245,1124,1121
14935,23131,2291,11214,1536,20840,2246,1124,1122
14940,23142,2291,11219,1536,20851,2247,1125,1122
14945,23146,2291,11221,1536,20855,2247,1125,1122
14950,23156,2291,11226,1536,20865,2248,1126,1122
14955,23162,2291,11230,1536,20871,2249,1126,1123
14960,23173,2291,11234,1536,20882,2249,1126,1123
14965,23177,2291,11235,1536,20886,2249,1126,1123
14970,23187,2291,11238,1536,20896,2249,1126,1123
14975,23193,2291,11240,1536,20902,2250,1127,1123
14980,23204,2291,11243,1536,20913,2250,1127,1123
14985,23208,2291,11245,1536,20917,2250,1127,1123
14990,23218,2292,11252,1537,20926,2250,1127,1123
14995,23224,2292,11256,1537,20932,2251,1127,1124
15000,23235,2293,11259,1538,20942,2251,1127,1124
15005,23239,2293,11259,1538,20946,2251,1127,1124
15010,23249,2294,11261,1538,20955,2251,1127,1124
15015,23255,2294,11265,1538,20960,2253,1129,1124
15020,23266,2298,11273,1541,20968,2255,1131,1124
15025,23270,2299,11276,1542,20971,2255,1131,1124
15030,23280,2301,11282,1544,20979,2255,1131,1124
15035,23286,2301,11286,1544,20985,2257,1132,1125
15040,23297,2303,11291,1546,20994,2259,1133,1126
15045,23301,2304,11294,1547,20997,2259,1133,1126
15050,23311,2306,11296,1547,21005,2259,1133,1126
15055,23317,2306,11297,1547,21011,2261,1133,1128
15060,23328,2308,11304,1549,21020,2263,1134,1129
15065,23332,2308,11307,1549,21024,2263,1134,1129
15070,23342,2309,11312,1549,21033,2264,1134,1130
15075,23348,2309,11315,1549,21039,2266,1135,1131
15080,23359,2310,11319,1549,21049,2267,1136,1131
15085,23363,2310,11321,1549,21053,2267,1136,1131
15090,23373,2311,11324,1549,21062,2268,1137,1131
15095,23379,2311,11325,1549,21068,2270,1137,1133
15100,23390,2314,11331,1551,21076,2271,1138,1133
15105,23394,2314,11332,1551,21080,2271,1138,1133
15110,23404,2315,11335,1552,21089,2272,1138,1134
15115,23410,2315,11338,1552,21095,2274,1140,1134
15120,23421,2317,11345,1553,21104,2276,1141,1135
15125,23425,2318,11346,1554,21107,2276,1141,1135
15130,23435,2320,11353,1556,21115,2277,1141,1136
15135,23441,2320,11357,1556,21121,2278,1141,1137
15140,23452,2321,11363,1556,21130,2279,1142,1137
15145,23456,2322,11364,1557,21134,2279,1142,1137
15150,23466,2324,11367,1557,21142,2280,1143,1137
15155,23472,2324,11370,1557,21148,2281,1144,1137
15160,23483,2325,11376,1558,21158,2282,1145,1137
15165,23487,2326,11378,1559,21161,2282,1145,1137
15170,23497,2328,11384,1559,21169,2283,1146,1137
15175,23503,2328,11386,1559,21175,2284,1147,1137
15180,23514,2330,11392,1561,21183,2285,1147,1138
15185,23518,2332,11395,1563,21186,2285,1147,1138
15190,23528,2333,11400,1563,21195,2285,1147,1138
15195,23534,2333,11403,1563,21201,2286,1147,1139
15200,23545,2334,11409,1564,21211,2287,1148,1139
15205,23549,2335,11411,1565,21214,2287,1148,1139
15210,23559,2336,11418,1566,21223,2287,1148,1139
15215,23565,2336,11421,1566,21229,2288,1148,1140
15220,23576,2337,11424,1566,21239,2289,1149,1140
15225,23580,2337,11425,1566,21243,2289,1149,1140
15230,23590,2338,11430,1567,21252,2289,1149,1140
15235,23596,2338,11435,1567,21258,2290,1150,1140
15240,23607,2340,11439,1569,21267,2291,1150,1141
15245,23611,2340,11441,1569,21271,2291,1150,1141
15250,23621,2342,11446,1569,21279,2291,1150,1141
15255,23627,2342,11448,1569,21285,2293,1151,1142
15260,23638,2343,11454,1570,21295,2294,1151,1143
15265,23642,2343,11457,1570,21299,2294,1151,1143
15270,23652,2345,11462,1571,21307,2294,1151,1143
15275,23658,2345,11463,1571,21313,2296,1152,1144
15280,23669,2346,11468,1572,21323,2297,1153,1144
15285,23673,2346,11470,1572,21327,2297,1153,1144
15290,23683,2348,11473,1572,21335,2297,1153,1144
15295,23689,2348,11475,1572,21341,2299,1154,1145
15300,23700,2349,11481,1573,21351,2301,1155,1146
15305,23704,2349,11482,1573,21355,2301,1155,1146
15310,23714,2349,11488,1573,21365,2301,1155,1146
15315,23720,2349,11491,1573,21371,2302,1155,1147
15320,23731,2349,11495,1573,21382,2303,1155,1148
15325,23735,2349,11495,1573,21386,2303,1155,1148
15330,23745,2349,11500,1573,21396,2303,1155,1148
15335,23751,2349,11502,1573,21402,2304,1155,1149
15340,23762,2349,11506,1573,21413,2305,1155,1150
15345,23766,2349,11507,1573,21417,2305,1155,1150
15350,23776,2349,11508,1573,21427,2305,1155,1150
15355,23782,2349,11510,1573,21433,2306,1155,1151
15360,23793,2349,11514,1573,21444,2307,1156,1151
15365,23797,2349,11517,1573,21448,2307,1156,1151
15370,23807,2349,11521,1573,21458,2307,1156,1151
15375,23813,2349,11526,1573,21464,2308,1157,1151
15380,23824,2349,11534,1573,21475,2308,1157,1151
15385,23828,2349,11535,1573,21479,2308,1157,1151
15390,23838,2349,11543,1573,21489,2308,1157,1151
15395,23844,2349,11545,1573,21495,2309,1158,1151
15400,23855,2349,11551,1573,21506,2309,1158,1151
15405,23859,2349,11553,1573,21510,2309,1158,1151
15410,23869,2351,11559,1575,21518,2310,1159,1151
15415,23875,2351,11564,1575,21523,2311,1160,1151
15420,23886,2354,11571,1577,21531,2311,1160,1151
15425,23890,2355,11571,1578,21535,2311,1160,1151
15430,23900,2357,11575,1579,21543,2312,1160,1152
15435,23906,2357,11580,1579,21549,2313,1161,1152
15440,23917,2360,11586,1582,21557,2315,1162,1153
15445,23921,2360,11589,1582,21561,2315,1162,1153
15450,23931,2362,11594,1583,21569,2316,1162,1154
15455,23937,2362,11598,1583,21575,2317,1163,1154
15460,23948,2363,11604,1584,21585,2319,1165,1154
15465,23952,2363,11605,1584,21589,2319,1165,1154
15470,23962,2365,11609,1584,21597,2320,1166,1154
15475,23968,2365,11611,1584,21603,2322,1166,1156
15480,23979,2367,11615,1586,21612,2324,1167,1157
15485,23983,2368,11618,1587,21615,2324,1167,1157
15490,23993,2370,11626,1588,21623,2324,1167,1157
15495,23999,2370,11630,1588,21628,2326,1169,1157
15500,24010,2373,11634,1591,21637,2327,1169,1158
15505,24014,2373,11635,1591,21641,2327,1169,1158
15510,24024,2374,11641,1592,21650,2327,1169,1158
15515,24030,2374,11645,1592,21656,2329,1170,1159
15520,24041,2376,11653,1593,21665,2330,1170,1160
15525,24045,2377,11656,1594,21668,2330,1170,1160
15530,24055,2378,11659,1594,21677,2330,1170,1160
15535,24061,2378,11660,1594,21683,2332,1171,1161
15540,24072,2380,11664,1595,21692,2333,1172,1161
15545,24076,2380,11665,1595,21696,2333,1172,1161
15550,24086,2381,11670,1595,21705,2333,1172,1161
15555,24092,2381,11671,1595,21711,2335,1172,1163
15560,24103,2383,11677,1597,21720,2336,1172,1164
15565,24107,2383,11679,1597,21724,2336,1172,1164
15570,24117,2384,11684,1598,21733,2336,1172,1164
15575,24123,2384,11685,1598,21739,2338,1172,1166
15580,24134,2386,11690,1599,21748,2339,1173,1166
15585,24138,2386,11691,1599,21752,2339,1173,1166
15590,24148,2387,11695,1599,21761,2340,1174,1166
15595,24154,2387,11697,1599,21767,2342,1175,1167
15600,24165,2389,11700,1600,21776,2344,1175,1169
15605,24169,2389,11700,1600,21780,2344,1175,1169
15610,24179,2390,11707,1601,21789,2345,1176,1169
15615,24185,2390,11707,1601,21795,2347,1176,1171
15620,24196,2392,11715,1603,21804,2348,1177,1171
15625,24200,2393,11716,1604,21807,2348,1177,1171
15630,24210,2394,11720,1604,21816,2349,1177,1172
15635,24216,2394,11723,1604,21822,2350,1178,1172
15640,24227,2395,11728,1605,21832,2351,1178,1173
15645,24231,2396,11729,1606,21835,2351,1178,1173
15650,24241,2397,11732,1606,21844,2352,1179,1173
15655,24247,2397,11735,1606,21850,2353,1179,1174
15660,24258,2399,11741,1608,21859,2354,1179,1175
15665,24262,2399,11742,1608,21863,2354,1179,1175
15670,24272,2400,11748,1608,21872,2355,1180,1175
15675,24278,2400,11750,1608,21877,2356,1180,1176
15680,24289,2402,11754,1610,21887,2356,1180,1176
15685,24293,2402,11755,1610,21891,2356,1180,1176
15690,24303,2403,11763,1611,21900,2357,1181,1176
15695,24309,2403,11767,1611,21905,2358,1181,1177
15700,24320,2406,11771,1613,21914,2358,1181,1177
15705,24324,2407,11774,1614,21917,2358,1181,1177
15710,24334,2408,11781,1614,21926,2359,1182,1177
15715,24340,2408,11783,1614,21931,2360,1183,1177
15720,24351,2412,11788,1618,21939,2362,1183,1179
15725,24355,2412,11788,1618,21943,2362,1183,1179
15730,24365,2413,11794,1619,21952,2362,1183,1179
15735,24371,2413,11798,1619,21958,2363,1184,1179
15740,24382,2414,11806,1620,21968,2364,1184,1180
15745,24386,2414,11808,1620,21972,2364,1184,1180
15750,24396,2415,11814,1621,21981,2364,1184,1180
15755,24402,2415,11817,1621,21987,2365,1185,1180
15760,24413,2415,11819,1621,21998,2366,1185,1181
15765,24417,2415,11822,1621,22002,2366,1185,1181
15770,24427,2416,11824,1621,22011,2366,1185,1181
15775,24433,2416,11826,1621,22017,2367,1185,1182
15780,24444,2416,11831,1621,22028,2368,1186,1182
15785,24448,2417,11833,1622,22031,2368,1186,1182
15790,24458,2419,11836,1622,22039,2368,1186,1182
15795,24464,2419,11839,1622,22044,2369,1187,1182
15800,24475,2422,11846,1625,22053,2370,1187,1183
15805,24479,2422,11846,1625,22057,2370,1187,1183
15810,24489,2424,11850,1626,22065,2370,1187,1183
15815,24495,2424,11855,1626,22070,2371,1188,1183
15820,24506,2428,11863,1630,22078,2372,1188,1184
15825,24510,2429,11864,1631,22081,2372,1188,1184
15830,24520,2431,11869,1632,22089,2372,1188,1184
15835,24526,2431,11873,1632,22094,2374,1189,1185
15840,24537,2435,11878,1635,22102,2376,1189,1187
15845,24541,2436,11880,1636,22105,2376,1189,1187
15850,24551,2437,11886,1636,22114,2376,1189,1187
15855,24557,2437,11889,1636,22120,2377,1189,1188
15860,24568,2437,11892,1636,22131,2377,1189,1188
15865,24572,2437,11895,1636,22135,2377,1189,1188
15870,24582,2438,11899,1637,22144,2377,1189,1188
15875,24588,2438,11901,1637,22150,2378,1189,1189
15880,24599,2438,11905,1637,22161,2378,1189,1189
15885,24603,2438,11907,1637,22165,2378,1189,1189
15890,24613,2439,11911,1638,22174,2378,1189,1189
15895,24619,2439,11914,1638,22180,2379,1190,1189
15900,24630,2439,11918,1638,22191,2379,1190,1189
15905,24634,2439,11918,1638,22195,2379,1190,1189
15910,24644,2440,11922,1638,22204,2379,1190,1189
15915,24650,2440,11927,1638,22210,2380,1191,1189
15920,24661,2440,11931,1638,22221,2381,1191,1190
15925,24665,2440,11931,1638,22225,2381,1191,1190
15930,24675,2441,11935,1638,22234,2381,1191,1190
15935,24681,2441,11937,1638,22240,2382,1191,1191
15940,24692,2442,11941,1639,22250,2383,1192,1191
15945,24696,2442,11944,1639,22254,2383,1192,1191
15950,24706,2444,11951,1640,22262,2383,1192,1191
15955,24712,2444,11954,1640,22267,2385,1193,1192
15960,24723,2449,11961,1645,22274,2387,1195,1192
15965,24727,2449,11963,1645,22278,2387,1195,1192
15970,24737,2449,11968,1645,22288,2387,1195,1192
15975,24743,2449,11970,1645,22294,2389,1197,1192
15980,24754,2450,11977,1645,22304,2390,1198,1192
15985,24758,2450,11979,1645,22308,2390,1198,1192
15990,24768,2450,11982,1645,22318,2390,1198,1192
15995,24774,2450,11984,1645,22324,2392,1198,1194
16000,24785,2452,11991,1646,22333,2393,1199,1194
16005,24789,2452,11995,1646,22337,2393,1199,1194
16010,24799,2452,11999,1646,22347,2393,1199,1194
16015,24805,2452,12002,1646,22353,2395,1200,1195
16020,24816,2453,12009,1647,22363,2396,1201,1195
16025,24820,2453,12012,1647,22367,2396,1201,1195
16030,24830,2453,12017,1647,22377,2396,1201,1195
16035,24836,2453,12021,1647,22383,2398,1202,1196
16040,24847,2454,12026,1647,22393,2398,1202,1196
16045,24851,2454,12030,1647,22397,2398,1202,1196
16050,24861,2454,12033,1647,22407,2398,1202,1196
16055,24867,2454,12037,1647,22413,2400,1202,1198
16060,24878,2455,12041,1648,22423,2400,1202,1198
16065,24882,2455,12041,1648,22427,2400,1202,1198
16070,24892,2457,12046,1649,22435,2401,1203,1198
16075,24898,2457,12046,1649,22441,2403,1203,1200
16080,24909,2460,12054,1652,22449,2403,1203,1200
16085,24913,2460,12056,1652,22453,2403,1203,1200
16090,24923,2462,12059,1653,22461,2403,1203,1200
16095,24929,2462,12061,1653,22467,2404,1204,1200
16100,24940,2463,12066,1654,22477,2405,1205,1200
16105,24944,2463,12067,1654,22481,2405,1205,1200
16110,24954,2465,12073,1656,22489,2405,1205,1200
16115,24960,2465,12076,1656,22495,2406,1206,1200
16120,24971,2466,12081,1657,22505,2407,1207,1200
16125,24975,2466,12082,1657,22509,2407,1207,1200
16130,24985,2468,12084,1657,22517,2407,1207,1200
16135,24991,2468,12087,1657,22523,2408,1208,1200
16140,25002,2469,12089,1657,22533,2409,1208,1201
16145,25006,2470,12090,1658,22536,2409,1208,1201
16150,25016,2472,12091,1658,22544,2409,1208,1201
16155,25022,2472,12093,1658,22550,2410,1209,1201
16160,25033,2474,12098,1660,22559,2411,1209,1202
16165,25037,2475,12100,1661,22562,2411,1209,1202
16170,25047,2477,12106,1662,22570,2411,1209,1202
16175,25053,2477,12108,1662,22576,2412,1210,1202
16180,25064,2479,12113,1664,22585,2413,1210,1203
16185,25068,2480,12114,1665,22588,2413,1210,1203
16190,25078,2482,12119,1666,22596,2414,1211,1203
16195,25084,2482,12123,1666,22602,2416,1213,1203
16200,25095,2485,12128,1668,22610,2418,1215,1203
16205,25099,2485,12130,1668,22614,2418,1215,1203
16210,25109,2485,12135,1668,22624,2418,1215,1203
16215,25115,2485,12138,1668,22630,2420,1216,1204
16220,25126,2485,12146,1668,22641,2422,1217,1205
16225,25130,2485,12147,1668,22645,2422,1217,1205
16230,25140,2485,12151,1668,22655,2422,1217,1205
16235,25146,2485,12154,1668,22661,2423,1217,1206
16240,25157,2485,12159,1668,22672,2424,1218,1206
16245,25161,2485,12162,1668,22676,2424,1218,1206
16250,25171,2485,12168,1668,22686,2424,1218,1206
16255,25177,2485,12172,1668,22692,2425,1218,1207
16260,25188,2485,12176,1668,22703,2425,1218,1207
16265,25192,2485,12177,1668,22707,2425,1218,1207
16270,25202,2485,12181,1668,22717,2425,1218,1207
16275,25208,2485,12184,1668,22723,2426,1219,1207
16280,25219,2485,12189,1668,22734,2426,1219,1207
16285,25223,2485,12192,1668,22738,2426,1219,1207
16290,25233,2485,12197,1668,22748,2426,1219,1207
16295,25239,2485,12198,1668,22754,2427,1219,1208
16300,25250,2485,12205,1668,22765,2427,1219,1208
16305,25254,2485,12206,1668,22769,2427,1219,1208
16310,25264,2487,12211,1670,22777,2428,1220,1208
16315,25270,2487,12213,1670,22782,2429,1220,1209
16320,25281,2490,12219,1672,22791,2429,1220,1209
16325,25285,2490,12219,1672,22795,2429,1220,1209
16330,25295,2492,12222,1672,22803,2430,1221,1209
16335,25301,2492,12223,1672,22809,2431,1221,1210
16340,25312,2494,12227,1674,22818,2432,1222,1210
16345,25316,2495,12231,1675,22821,2432,1222,1210
16350,25326,2497,12234,1676,22829,2433,1222,1211
16355,25332,2497,12236,1676,22835,2434,1223,1211
16360,25343,2499,12243,1677,22844,2436,1224,1212
16365,25347,2499,12243,1677,22848,2436,1224,1212
16370,25357,2501,12249,1679,22856,2437,1224,1213
16375,25363,2501,12251,1679,22862,2439,1225,1214
16380,25374,2503,12256,1680,22871,2441,1226,1215
16385,25378,2503,12256,1680,22875,2441,1226,1215
16390,25388,2505,12261,1681,22883,2441,1226,1215
16395,25394,2505,12263,1681,22889,2443,1227,1216
16400,25405,2506,12268,1681,22899,2444,1228,1216
16405,25409,2507,12271,1682,22902,2444,1228,1216
16410,25419,2509,12274,1682,22910,2444,1228,1216
16415,25425,2509,12275,1682,22916,2446,1229,1217
16420,25436,2511,12280,1683,22925,2447,1230,1217
16425,25440,2511,12281,1683,22929,2447,1230,1217
16430,25450,2513,12284,1684,22937,2447,1230,1217
16435,25456,2513,12287,1684,22943,2449,1232,1217
16440,25467,2515,12290,1685,22952,2450,1233,1217
16445,25471,2516,12293,1686,22955,2450,1233,1217
16450,25481,2517,12300,1686,22964,2450,1233,1217
16455,25487,2517,12300,1686,22970,2452,1233,1219
16460,25498,2518,12305,1687,22980,2453,1234,1219
16465,25502,2519,12306,1688,22983,2453,1234,1219
16470,25512,2520,12312,1688,22992,2453,1234,1219
16475,25518,2520,12314,1688,22998,2455,1234,1221
16480,25529,2521,12319,1688,23008,2456,1234,1222
16485,25533,2522,12322,1689,23011,2456,1234,1222
16490,25543,2523,12326,1689,23020,2457,1235,1222
16495,25549,2523,12328,1689,23026,2459,1236,1223
16500,25560,2525,12333,1690,23035,2460,1236,1224
16505,25564,2525,12334,1690,23039,2460,1236,1224
16510,25574,2526,12338,1690,23048,2460,1236,1224
16515,25580,2526,12339,1690,23054,2461,1236,1225
16520,25591,2526,12347,1690,23065,2461,1236,1225
16525,25595,2526,12349,1690,23069,2461,1236,1225
16530,25605,2527,12353,1691,23078,2461,1236,1225
16535,25611,2527,12357,1691,23084,2462,1237,1225
16540,25622,2527,12362,1691,23095,2462,1237,1225
16545,25626,2527,12364,1691,23099,2462,1237,1225
16550,25636,2528,12371,1692,23108,2462,1237,1225
16555,25642,2528,12375,1692,23114,2463,1238,1225
16560,25653,2528,12381,1692,23125,2463,1238,1225
16565,25657,2528,12384,1692,23129,2463,1238,1225
16570,25667,2529,12389,1692,23138,2463,1238,1225
16575,25673,2529,12392,1692,23143,2464,1239,1225
16580,25684,2530,12400,1693,23154,2465,1240,1225
16585,25688,2530,12403,1693,23158,2465,1240,1225
16590,25698,2531,12407,1693,23167,2465,1240,1225
16595,25704,2531,12411,1693,23173,2466,1241,1225
16600,25715,2531,12418,1693,23184,2467,1241,1226
16605,25719,2531,12419,1693,23188,2467,1241,1226
16610,25729,2533,12424,1693,23196,2468,1242,1226
16615,25735,2533,12427,1693,23201,2470,1243,1227
16620,25746,2534,12428,1694,23212,2472,1243,1229
16625,25750,2534,12429,1694,23216,2472,1243,1229
16630,25760,2536,12433,1694,23224,2472,1243,1229
16635,25766,2536,12436,1694,23230,2473,1244,1229
16640,25777,2538,12441,1696,23239,2474,1244,1230
16645,25781,2539,12444,1697,23242,2474,1244,1230
16650,25791,2541,12451,1698,23250,2474,1244,1230
16655,25797,2541,12454,1698,23256,2475,1244,1231
16660,25808,2542,12462,1699,23266,2476,1245,1231
16665,25812,2543,12465,1700,23269,2476,1245,1231
16670,25822,2545,12468,1700,23277,2476,1245,1231
16675,25828,2545,12470,1700,23283,2477,1245,1232
16680,25839,2549,12477,1703,23290,2478,1245,1233
16685,25843,2549,12478,1703,23294,2478,1245,1233
16690,25853,2549,12483,1703,23304,2479,1246,1233
16695,25859,2549,12486,1703,23310,2480,1246,1234
16700,25870,2550,12490,1704,23320,2481,1246,1235
16705,25874,2551,12492,1705,23323,2481,1246,1235
16710,25884,2551,12494,1705,23333,2482,1246,1236
16715,25890,2551,12497,1705,23339,2483,1246,1237
16720,25901,2552,12502,1705,23349,2484,1247,1237
16725,25905,2553,12504,1706,23352,2484,1247,1237
16730,25915,2553,12508,1706,23362,2485,1247,1238
16735,25921,2553,12512,1706,23368,2487,1248,1239
16740,25932,2555,12518,1707,23377,2489,1249,1240
16745,25936,2555,12519,1707,23381,2489,1249,1240
16750,25946,2555,12523,1707,23391,2489,1249,1240
16755,25952,2555,12526,1707,23397,2491,1251,1240
16760,25963,2555,12532,1707,23408,2492,1251,1241
16765,25967,2555,12534,1707,23412,2492,1251,1241
16770,25977,2555,12538,1707,23422,2492,1251,1241
16775,25983,2555,12542,1707,23428,2494,1252,1242
16780,25994,2555,12546,1707,23439,2494,1252,1242
16785,25998,2555,12550,1707,23443,2494,1252,1242
16790,26008,2557,12553,1708,23451,2494,1252,1242
16795,26014,2557,12558,1708,23456,2496,1254,1242
16800,26025,2560,12564,1711,23465,2496,1254,1242
16805,26029,2560,12565,1711,23469,2496,1254,1242
16810,26039,2562,12571,1712,23477,2496,1254,1242
16815,26045,2562,12575,1712,23482,2497,1255,1242
16820,26056,2567,12582,1717,23489,2498,1256,1242
16825,26060,2567,12583,1717,23493,2498,1256,1242
16830,26070,2569,12587,1717,23501,2498,1256,1242
16835,26076,2569,12590,1717,23507,2499,1257,1242
16840,26087,2571,12594,1718,23516,2500,1257,1243
16845,26091,2571,12597,1718,23520,2500,1257,1243
16850,26101,2573,12601,1718,23528,2500,1257,1243
16855,26107,2573,12604,1718,23533,2501,1258,1243
16860,26118,2576,12608,1721,23542,2502,1258,1244
16865,26122,2577,12609,1722,23545,2502,1258,1244
16870,26132,2578,12613,1722,23554,2502,1258,1244
16875,26138,2578,12614,1722,23560,2503,1258,1245
16880,26149,2580,12619,1723,23569,2504,1258,1246
16885,26153,2581,12621,1724,23572,2504,1258,1246
16890,26163,2582,12625,1724,23581,2504,1258,1246
16895,26169,2582,12627,1724,23587,2505,1258,1247
16900,26180,2583,12633,1724,23597,2507,1260,1247
16905,26184,2583,12635,1724,23601,2507,1260,1247
16910,26194,2584,12641,1724,23610,2508,1260,1248
16915,26200,2584,12646,1724,23616,2510,1261,1249
16920,26211,2586,12652,1726,23625,2512,1262,1250
16925,26215,2587,12656,1727,23628,2512,1262,1250
16930,26225,2588,12661,1728,23637,2512,1262,1250
16935,26231,2588,12664,1728,23643,2514,1262,1252
16940,26242,2590,12671,1729,23652,2515,1263,1252
16945,26246,2590,12673,1729,23656,2515,1263,1252
16950,26256,2591,12677,1730,23665,2515,1263,1252
16955,26262,2591,12680,1730,23671,2517,1264,1253
16960,26273,2593,12687,1732,23680,2518,1265,1253
16965,26277,2594,12688,1733,23683,2518,1265,1253
16970,26287,2596,12693,1733,23691,2518,1265,1253
16975,26293,2596,12696,1733,23697,2520,1265,1255
16980,26304,2600,12703,1737,23704,2521,1266,1255
16985,26308,2600,12704,1737,23708,2521,1266,1255
16990,26318,2602,12709,1738,23716,2521,1266,1255
16995,26324,2602,12711,1738,23722,2522,1267,1255
17000,26335,2602,12718,1738,23733,2522,1267,1255
17005,26339,2602,12720,1738,23737,2522,1267,1255
17010,26349,2604,12725,1738,23745,2522,1267,1255
17015,26355,2604,12729,1738,23751,2523,1268,1255
17020,26366,2604,12733,1738,23762,2524,1269,1255
17025,26370,2604,12735,1738,23766,2524,1269,1255
17030,26380,2606,12739,1739,23774,2524,1269,1255
17035,26386,2606,12741,1739,23780,2525,1270,1255
17040,26397,2607,12746,1740,23790,2527,1271,1256
17045,26401,2607,12749,1740,23794,2527,1271,1256
17050,26411,2609,12755,1741,23802,2528,1272,1256
17055,26417,2609,12758,1741,23807,2529,1272,1257
17060,26428,2610,12765,1742,23818,2530,1273,1257
17065,26432,2610,12768,1742,23822,2530,1273,1257
17070,26442,2612,12771,1743,23830,2531,1273,1258
17075,26448,2612,12774,1743,23835,2532,1273,1259
17080,26459,2614,12781,1745,23845,2533,1274,1259
17085,26463,2614,12781,1745,23849,2533,1274,1259
17090,26473,2616,12785,1746,23857,2534,1274,1260
17095,26479,2616,12789,1746,23862,2535,1274,1261
17100,26490,2619,12795,1749,23871,2537,1275,1262
17105,26494,2620,12798,1750,23874,2537,1275,1262
17110,26504,2620,12802,1750,23884,2537,1275,1262
17115,26510,2620,12806,1750,23890,2538,1276,1262
17120,26521,2622,12809,1751,23899,2539,1276,1263
17125,26525,2623,12811,1752,23902,2539,1276,1263
17130,26535,2623,12819,1752,23912,2539,1276,1263
17135,26541,2623,12820,1752,23918,2540,1276,1264
17140,26552,2626,12828,1755,23926,2541,1277,1264
17145,26556,2626,12829,1755,23930,2541,1277,1264
17150,26566,2626,12832,1755,23940,2541,1277,1264
17155,26572,2626,12835,1755,23946,2542,1278,1264
17160,26583,2626,12839,1755,23957,2542,1278,1264
17165,26587,2626,12841,1755,23961,2542,1278,1264
17170,26597,2626,12847,1755,23971,2542,1278,1264
17175,26603,2626,12849,1755,23977,2543,1278,1265
17180,26614,2626,12854,1755,23988,2543,1278,1265
17185,26618,2626,12857,1755,23992,2543,1278,1265
17190,26628,2626,12863,1755,24002,2543,1278,1265
17195,26634,2626,12864,1755,24008,2544,1279,1265
17200,26645,2626,12870,1755,24019,2544,1279,1265
17205,26649,2626,12872,1755,24023,2544,1279,1265
17210,26659,2628,12876,1756,24031,2544,1279,1265
17215,26665,2628,12879,1756,24036,2546,1280,1266
17220,26676,2631,12885,1759,24045,2547,1280,1267
17225,26680,2631,12888,1759,24049,2547,1280,1267
17230,26690,2633,12892,1760,24057,2547,1280,1267
17235,26696,2633,12894,1760,24063,2548,1280,1268
17240,26707,2635,12900,1762,24072,2549,1280,1269
17245,26711,2635,12901,1762,24076,2549,1280,1269
17250,26721,2637,12907,1764,24084,2549,1280,1269
17255,26727,2637,12909,1764,24089,2550,1280,1270
17260,26738,2641,12915,1768,24097,2552,1282,1270
17265,26742,2641,12918,1768,24101,2552,1282,1270
17270,26752,2643,12923,1768,24109,2552,1282,1270
17275,26758,2643,12925,1768,24114,2553,1282,1271
17280,26769,2647,12934,1772,24122,2555,1283,1272
17285,26773,2647,12937,1772,24126,2555,1283,1272
17290,26783,2648,12942,1772,24135,2556,1284,1272
17295,26789,2648,12944,1772,24141,2557,1285,1272
17300,26800,2650,12952,1773,24150,2558,1286,1272
17305,26804,2651,12954,1774,24153,2558,1286,1272
17310,26814,2652,12960,1775,24162,2559,1286,1273
17315,26820,2652,12960,1775,24168,2560,1286,1274
17320,26831,2654,12967,1777,24177,2561,1287,1274
17325,26835,2655,12970,1778,24180,2561,1287,1274
17330,26845,2656,12979,1778,24189,2562,1288,1274
17335,26851,2656,12984,1778,24195,2564,1290,1274
17340,26862,2657,12991,1779,24205,2566,1292,1274
17345,26866,2657,12993,1779,24209,2566,1292,1274
17350,26876,2659,12997,1781,24217,2566,1292,1274
17355,26882,2659,12999,1781,24223,2568,1292,1276
17360,26893,2660,13002,1781,24233,2569,1292,1277
17365,26897,2660,13003,1781,24237,2569,1292,1277
17370,26907,2662,13009,1781,24245,2569,1292,1277
17375,26913,2662,13012,1781,24250,2571,1293,1278
17380,26924,2664,13017,1782,24260,2572,1294,1278
17385,26928,2665,13018,1783,24263,2572,1294,1278
17390,26938,2667,13024,1784,24271,2572,1294,1278
17395,26944,2667,13026,1784,24277,2574,1295,1279
17400,26955,2670,13034,1786,24285,2576,1296,1280
17405,26959,2671,13036,1787,24288,2576,1296,1280
17410,26969,2672,13041,1787,24297,2576,1296,1280
17415,26975,2672,13043,1787,24303,2577,1296,1281
17420,26986,2675,13049,1790,24311,2578,1296,1282
17425,26990,2676,13051,1791,24314,2578,1296,1282
17430,27000,2677,13056,1791,24323,2578,1296,1282
17435,27006,2677,13060,1791,24329,2579,1297,1282
17440,27017,2680,13065,1793,24337,2580,1297,1283
17445,27021,2681,13068,1794,24340,2580,1297,1283
17450,27031,2682,13071,1795,24349,2581,1297,1284
17455,27037,2682,13076,1795,24355,2582,1298,1284
17460,27048,2684,13084,1797,24364,2583,1299,1284
17465,27052,2684,13085,1797,24368,2583,1299,1284
17470,27062,2685,13093,1798,24377,2583,1299,1284
17475,27068,2685,13096,1798,24383,2585,1300,1285
17480,27079,2686,13103,1799,24393,2587,1301,1286
17485,27083,2687,13104,1800,24396,2587,1301,1286
17490,27093,2688,13108,1800,24405,2587,1301,1286
17495,27099,2688,13113,1800,24410,2589,1303,1286
17500,27110,2690,13120,1802,24420,2591,1305,1286
17505,27114,2691,13123,1803,24423,2591,1305,1286
17510,27124,2693,13128,1804,24431,2591,1305,1286
17515,27130,2693,13131,1804,24437,2593,1307,1286
17520,27141,2694,13138,1805,24447,2595,1309,1286
17525,27145,2694,13139,1805,24451,2595,1309,1286
17530,27155,2695,13144,1806,24460,2595,1309,1286
17535,27161,2695,13146,1806,24465,2596,1309,1287
17540,27172,2698,13154,1809,24474,2597,1309,1288
17545,27176,2698,13157,1809,24478,2597,1309,1288
17550,27186,2699,13158,1809,24487,2597,1309,1288
17555,27192,2699,13160,1809,24493,2598,1310,1288
17560,27203,2699,13163,1809,24504,2599,1311,1288
17565,27207,2699,13167,1809,24508,2599,1311,1288
17570,27217,2700,13172,1809,24517,2599,1311,1288
17575,27223,2700,13173,1809,24523,2600,1311,1289
17580,27234,2702,13182,1811,24532,2600,1311,1289
17585,27238,2702,13184,1811,24536,2600,1311,1289
17590,27248,2703,13189,1811,24545,2600,1311,1289
17595,27254,2703,13192,1811,24551,2601,1311,1290
17600,27265,2705,13199,1813,24560,2601,1311,1290
17605,27269,2706,13201,1814,24563,2601,1311,1290
17610,27279,2707,13207,1814,24572,2601,1311,1290
17615,27285,2707,13212,1814,24578,2602,1312,1290
17620,27296,2708,13215,1815,24588,2602,1312,1290
17625,27300,2710,13218,1817,24590,2602,1312,1290
17630,27310,2712,13223,1818,24598,2603,1313,1290
17635,27316,2712,13225,1818,24604,2605,1313,1292
17640,27327,2714,13229,1820,24613,2605,1313,1292
17645,27331,2715,13231,1821,24616,2605,1313,1292
17650,27341,2717,13235,1822,24624,2606,1313,1293
17655,27347,2717,13237,1822,24630,2608,1314,1294
17660,27358,2719,13242,1823,24639,2609,1314,1295
17665,27362,2720,13244,1824,24642,2609,1314,1295
17670,27372,2722,13249,1825,24650,2610,1314,1296
17675,27378,2722,13254,1825,24655,2612,1316,1296
17680,27389,2724,13258,1827,24665,2614,1316,1298
17685,27393,2725,13259,1828,24668,2614,1316,1298
17690,27403,2727,13264,1830,24676,2615,1316,1299
17695,27409,2727,13267,1830,24681,2617,1317,1300
17700,27420,2729,13269,1832,24691,2619,1317,1302
17705,27424,2730,13270,1833,24694,2619,1317,1302
17710,27434,2731,13275,1834,24703,2619,1317,1302
17715,27440,2731,13279,1834,24708,2621,1318,1303
17720,27451,2733,13283,1835,24718,2622,1318,1304
17725,27455,2733,13284,1835,24722,2622,1318,1304
17730,27465,2734,13286,1835,24731,2622,1318,1304
17735,27471,2734,13290,1835,24736,2623,1319,1304
17740,27482,2737,13294,1837,24745,2623,1319,1304
17745,27486,2738,13295,1838,24748,2623,1319,1304
17750,27496,2739,13301,1839,24757,2623,1319,1304
17755,27502,2739,13304,1839,24763,2624,1319,1305
17760,27513,2740,13310,1839,24773,2625,1320,1305
17765,27517,2741,13313,1840,24776,2625,1320,1305
17770,27527,2742,13316,1841,24785,2625,1320,1305
17775,27533,2742,13318,1841,24791,2626,1320,1306
17780,27544,2742,13322,1841,24802,2627,1321,1306
17785,27548,2742,13324,1841,24806,2627,1321,1306
17790,27558,2743,13329,1841,24815,2627,1321,1306
17795,27564,2743,13332,1841,24821,2628,1321,1307
17800,27575,2743,13334,1841,24832,2628,1321,1307
17805,27579,2743,13335,1841,24836,2628,1321,1307
17810,27589,2745,13340,1841,24844,2628,1321,1307
17815,27595,2745,13342,1841,24849,2629,1321,1308
17820,27606,2746,13347,1842,24860,2629,1321,1308
17825,27610,2746,13347,1842,24864,2629,1321,1308
17830,27620,2748,13351,1844,24872,2629,1321,1308
17835,27626,2748,13353,1844,24878,2630,1322,1308
17840,27637,2749,13355,1845,24888,2631,1322,1309
17845,27641,2749,13356,1845,24892,2631,1322,1309
17850,27651,2751,13362,1847,24900,2631,1322,1309
17855,27657,2751,13365,1847,24906,2632,1323,1309
17860,27668,2754,13370,1849,24914,2633,1323,1310
17865,27672,2755,13374,1850,24917,2633,1323,1310
17870,27682,2757,13378,1851,24925,2633,1323,1310
17875,27688,2757,13384,1851,24931,2634,1324,1310
17880,27699,2758,13387,1851,24941,2635,1325,1310
17885,27703,2759,13388,1852,24944,2635,1325,1310
17890,27713,2760,13392,1853,24953,2635,1325,1310
17895,27719,2760,13394,1853,24959,2636,1325,1311
17900,27730,2760,13396,1853,24970,2638,1325,1313
17905,27734,2760,13399,1853,24974,2638,1325,1313
17910,27744,2760,13402,1853,24984,2638,1325,1313
17915,27750,2760,13406,1853,24990,2639,1325,1314
17920,27761,2760,13408,1853,25001,2640,1325,1315
17925,27765,2760,13411,1853,25005,2640,1325,1315
17930,27775,2760,13420,1853,25015,2640,1325,1315
17935,27781,2760,13425,1853,25021,2642,1327,1315
17940,27792,2760,13427,1853,25032,2642,1327,1315
17945,27796,2760,13430,1853,25036,2642,1327,1315
17950,27806,2760,13431,1853,25046,2643,1327,1316
17955,27812,2760,13434,1853,25052,2644,1328,1316
17960,27823,2760,13439,1853,25063,2645,1328,1317
17965,27827,2760,13440,1853,25067,2645,1328,1317
17970,27837,2760,13447,1853,25077,2646,1329,1317
17975,27843,2760,13449,1853,25083,2647,1329,1318
17980,27854,2760,13454,1853,25094,2648,1329,1319
17985,27858,2760,13456,1853,25098,2648,1329,1319
17990,27868,2761,13460,1854,25107,2649,1329,1320
17995,27874,2761,13462,1854,25113,2650,1330,1320
18000,27885,2762,13469,1854,25123,2651,1330,1321
18005,27889,2762,13471,1854,25127,2651,1330,1321
18010,27899,2764,13479,1855,25135,2651,1330,1321
18015,27905,2764,13481,1855,25140,2652,1330,1322
18020,27916,2768,13488,1858,25148,2654,1331,1323
18025,27920,2768,13490,1858,25152,2654,1331,1323
18030,27930,2770,13494,1858,25160,2654,1331,1323
18035,27936,2770,13498,1858,25166,2655,1331,1324
18040,27947,2773,13503,1861,25174,2657,1332,1325
18045,27951,2774,13505,1862,25177,2657,1332,1325
18050,27961,2776,13510,1864,25185,2657,1332,1325
18055,27967,2776,13513,1864,25191,2659,1333,1326
18060,27978,2778,13520,1866,25200,2661,1334,1327
18065,27982,2778,13521,1866,25204,2661,1334,1327
18070,27992,2780,13525,1867,25212,2661,1334,1327
18075,27998,2780,13526,1867,25218,2663,1334,1329
18080,28009,2782,13531,1868,25227,2665,1335,1330
18085,28013,2783,13532,1869,25230,2665,1335,1330
18090,28023,2785,13538,1870,25238,2665,1335,1330
18095,28029,2785,13540,1870,25244,2667,1335,1332
18100,28040,2787,13545,1872,25253,2669,1335,1334
18105,28044,2789,13549,1874,25255,2669,1335,1334
18110,28054,2791,13555,1875,25263,2670,1335,1335
18115,28060,2791,13557,1875,25269,2672,1337,1335
18120,28071,2793,13561,1877,25278,2674,1338,1336
18125,28075,2793,13562,1877,25282,2674,1338,1336
18130,28085,2794,13565,1878,25291,2675,1338,1337
18135,28091,2794,13568,1878,25297,2676,1338,1338
18140,28102,2795,13574,1879,25307,2677,1339,1338
18145,28106,2796,13576,1880,25310,2677,1339,1338
18150,28116,2797,13578,1880,25319,2678,1340,1338
18155,28122,2797,13579,1880,25325,2679,1340,1339
18160,28133,2798,13584,1881,25335,2680,1341,1339
18165,28137,2799,13586,1882,25338,2680,1341,1339
18170,28147,2800,13591,1883,25347,2681,1341,1340
18175,28153,2800,13594,1883,25353,2682,1341,1341
18180,28164,2802,13599,1884,25362,2683,1341,1342
18185,28168,2802,13600,1884,25366,2683,1341,1342
18190,28178,2803,13604,1885,25375,2683,1341,1342
18195,28184,2803,13606,1885,25381,2684,1341,1343
18200,28195,2804,13617,1886,25391,2684,1341,1343
18205,28199,2804,13619,1886,25395,2684,1341,1343
18210,28209,2805,13624,1886,25404,2684,1341,1343
18215,28215,2805,13625,1886,25410,2685,1341,1344
18220,28226,2805,13628,1886,25421,2685,1341,1344
18225,28230,2805,13630,1886,25425,2685,1341,1344
18230,28240,2807,13636,1888,25433,2685,1341,1344
18235,28246,2807,13641,1888,25438,2686,1342,1344
18240,28257,2810,13645,1891,25447,2687,1342,1345
18245,28261,2810,13645,1891,25451,2687,1342,1345
18250,28271,2812,13649,1892,25459,2687,1342,1345
18255,28277,2812,13653,1892,25464,2688,1342,1346
18260,28288,2814,13660,1894,25474,2688,1342,1346
18265,28292,2814,13661,1894,25478,2688,1342,1346
18270,28302,2816,13668,1896,25486,2688,1342,1346
18275,28308,2816,13671,1896,25491,2689,1343,1346
18280,28319,2817,13674,1897,25502,2689,1343,1346
18285,28323,2817,13676,1897,25506,2689,1343,1346
18290,28333,2819,13679,1898,25514,2690,1343,1347
18295,28339,2819,13679,1898,25520,2691,1343,1348
18300,28350,2821,13683,1899,25529,2692,1343,1349
18305,28354,2821,13684,1899,25533,2692,1343,1349
18310,28364,2822,13688,1900,25542,2692,1343,1349
18315,28370,2822,13690,1900,25548,2693,1343,1350
18320,28381,2824,13696,1901,25557,2694,1343,1351
18325,28385,2824,13697,1901,25561,2694,1343,1351
18330,28395,2825,13700,1902,25570,2694,1343,1351
18335,28401,2825,13703,1902,25575,2695,1343,1352
18340,28412,2827,13708,1903,25585,2696,1343,1353
18345,28416,2828,13710,1904,25588,2696,1343,1353
18350,28426,2829,13714,1905,25597,2696,1343,1353
18355,28432,2829,13717,1905,25603,2697,1344,1353
18360,28443,2831,13723,1906,25612,2699,1345,1354
18365,28447,2831,13725,1906,25616,2699,1345,1354
18370,28457,2831,13731,1906,25626,2699,1345,1354
18375,28463,2831,13734,1906,25632,2700,1345,1355
18380,28474,2832,13740,1906,25642,2700,1345,1355
18385,28478,2832,13742,1906,25646,2700,1345,1355
18390,28488,2832,13745,1906,25656,2700,1345,1355
18395,28494,2832,13748,1906,25662,2701,1345,1356
18400,28505,2835,13754,1909,25670,2701,1345,1356
18405,28509,2835,13756,1909,25674,2701,1345,1356
18410,28519,2836,13763,1910,25683,2701,1345,1356
18415,28525,2836,13766,1910,25689,2703,1346,1357
18420,28536,2840,13773,1914,25696,2703,1346,1357
18425,28540,2841,13776,1915,25699,2703,1346,1357
18430,28550,2843,13779,1916,25707,2703,1346,1357
18435,28556,2843,13783,1916,25713,2705,1347,1358
18440,28567,2844,13787,1917,25723,2705,1347,1358
18445,28571,2844,13788,1917,25727,2705,1347,1358
18450,28581,2846,13791,1918,25735,2705,1347,1358
18455,28587,2846,13793,1918,25741,2707,1348,1359
18460,28598,2847,13798,1919,25751,2707,1348,1359
18465,28602,2848,13801,1920,25754,2707,1348,1359
18470,28612,2850,13807,1920,25762,2707,1348,1359
18475,28618,2850,13811,1920,25767,2709,1349,1360
18480,28629,2853,13816,1923,25776,2710,1349,1361
18485,28633,2853,13817,1923,25780,2710,1349,1361
18490,28643,2854,13820,1923,25789,2710,1349,1361
18495,28649,2854,13823,1923,25794,2711,1349,1362
18500,28660,2855,13825,1924,25805,2712,1349,1363
18505,28664,2855,13827,1924,25809,2712,1349,1363
18510,28674,2856,13831,1924,25818,2712,1349,1363
18515,28680,2856,13835,1924,25823,2713,1349,1364
18520,28691,2857,13840,1925,25834,2714,1350,1364
18525,28695,2857,13842,1925,25838,2714,1350,1364
18530,28705,2858,13847,1926,25847,2715,1351,1364
18535,28711,2858,13851,1926,25853,2716,1351,1365
18540,28722,2860,13857,1928,25862,2718,1352,1366
18545,28726,2860,13861,1928,25866,2718,1352,1366
18550,28736,2860,13867,1928,25876,2718,1352,1366
18555,28742,2860,13870,1928,25882,2719,1353,1366
18560,28753,2861,13874,1928,25892,2719,1353,1366
18565,28757,2861,13877,1928,25896,2719,1353,1366
18570,28767,2861,13882,1928,25906,2719,1353,1366
18575,28773,2861,13885,1928,25912,2720,1354,1366
18580,28784,2862,13890,1928,25922,2720,1354,1366
18585,28788,2862,13893,1928,25926,2720,1354,1366
18590,28798,2863,13899,1929,25935,2720,1354,1366
18595,28804,2863,13902,1929,25941,2721,1355,1366
18600,28815,2865,13906,1930,25950,2721,1355,1366
18605,28819,2865,13907,1930,25954,2721,1355,1366
18610,28829,2866,13913,1931,25963,2721,1355,1366
18615,28835,2866,13915,1931,25969,2723,1356,1367
18620,28846,2867,13918,1931,25979,2723,1356,1367
18625,28850,2868,13920,1932,25982,2723,1356,1367
18630,28860,2869,13923,1933,25991,2723,1356,1367
18635,28866,2869,13928,1933,25997,2725,1358,1367
18640,28877,2871,13935,1934,26006,2725,1358,1367
18645,28881,2871,13935,1934,26010,2725,1358,1367
18650,28891,2873,13939,1934,26018,2725,1358,1367
18655,28897,2873,13940,1934,26024,2727,1358,1369
18660,28908,2875,13945,1935,26033,2729,1358,1371
18665,28912,2875,13947,1935,26037,2729,1358,1371
18670,28922,2877,13951,1936,26045,2729,1358,1371
18675,28928,2877,13954,1936,26051,2730,1358,1372
18680,28939,2879,13960,1937,26060,2731,1359,1372
18685,28943,2879,13961,1937,26064,2731,1359,1372
18690,28953,2881,13968,1939,26072,2731,1359,1372
18695,28959,2881,13971,1939,26078,2732,1360,1372
18700,28970,2883,13976,1941,26087,2733,1361,1372
18705,28974,2883,13977,1941,26091,2733,1361,1372
18710,28984,2885,13979,1941,26099,2733,1361,1372
18715,28990,2885,13983,1941,26104,2734,1361,1373
18720,29001,2888,13986,1944,26113,2735,1361,1374
18725,29005,2888,13987,1944,26117,2735,1361,1374
18730,29015,2890,13990,1944,26125,2735,1361,1374
18735,29021,2890,13992,1944,26130,2736,1361,1375
18740,29032,2891,13995,1945,26141,2736,1361,1375
18745,29036,2891,13995,1945,26145,2736,1361,1375
18750,29046,2893,13998,1945,26153,2736,1361,1375
18755,29052,2893,14003,1945,26158,2737,1361,1376
18760,29063,2894,14010,1946,26169,2737,1361,1376
18765,29067,2894,14012,1946,26173,2737,1361,1376
18770,29077,2896,14017,1947,26181,2737,1361,1376
18775,29083,2896,14019,1947,26187,2739,1362,1377
18780,29094,2897,14024,1948,26197,2741,1362,1379
18785,29098,2897,14024,1948,26201,2741,1362,1379
18790,29108,2899,14030,1949,26209,2741,1362,1379
18795,29114,2899,14035,1949,26215,2742,1363,1379
18800,29125,2900,14041,1950,26225,2743,1363,1380
18805,29129,2900,14044,1950,26229,2743,1363,1380
18810,29139,2902,14048,1951,26237,2743,1363,1380
18815,29145,2902,14051,1951,26243,2744,1364,1380
18820,29156,2903,14054,1952,26253,2745,1364,1381
18825,29160,2903,14057,1952,26257,2745,1364,1381
18830,29170,2905,14062,1953,26265,2745,1364,1381
18835,29176,2905,14067,1953,26271,2746,1365,1381
18840,29187,2908,14072,1955,26279,2747,1366,1381
18845,29191,2908,14073,1955,26283,2747,1366,1381
18850,29201,2909,14080,1956,26292,2747,1366,1381
18855,29207,2909,14081,1956,26298,2748,1366,1382
18860,29218,2912,14091,1959,26306,2750,1368,1382
18865,29222,2912,14093,1959,26310,2750,1368,1382
18870,29232,2913,14100,1959,26319,2750,1368,1382
18875,29238,2913,14103,1959,26325,2751,1368,1383
18880,29249,2914,14108,1960,26335,2753,1369,1384
18885,29253,2914,14111,1960,26339,2753,1369,1384
18890,29263,2915,14115,1960,26348,2753,1369,1384
18895,29269,2915,14118,1960,26354,2754,1370,1384
18900,29280,2916,14125,1961,26364,2755,1371,1384
18905,29284,2916,14128,1961,26368,2755,1371,1384
18910,29294,2917,14131,1961,26377,2755,1371,1384
18915,29300,2917,14135,1961,26383,2756,1372,1384
18920,29311,2918,14139,1962,26393,2756,1372,1384
18925,29315,2918,14140,1962,26397,2756,1372,1384
18930,29325,2919,14145,1963,26406,2756,1372,1384
18935,29331,2919,14148,1963,26412,2757,1373,1384
18940,29342,2920,14152,1964,26422,2757,1373,1384
18945,29346,2920,14154,1964,26426,2757,1373,1384
18950,29356,2922,14157,1965,26434,2757,1373,1384
18955,29362,2922,14159,1965,26440,2759,1373,1386
18960,29373,2923,14167,1966,26450,2759,1373,1386
18965,29377,2923,14167,1966,26454,2759,1373,1386
18970,29387,2924,14171,1966,26463,2759,1373,1386
18975,29393,2924,14174,1966,26469,2760,1373,1387
18980,29404,2925,14179,1966,26479,2760,1373,1387
18985,29408,2925,14180,1966,26483,2760,1373,1387
18990,29418,2926,14184,1966,26492,2760,1373,1387
18995,29424,2926,14187,1966,26497,2761,1373,1388
19000,29435,2929,14194,1968,26506,2762,1374,1388
19005,29439,2929,14197,1968,26510,2762,1374,1388
19010,29449,2930,14202,1969,26519,2763,1374,1389
19015,29455,2930,14206,1969,26525,2764,1375,1389
19020,29466,2933,14213,1971,26533,2765,1376,1389
19025,29470,2933,14214,1971,26537,2765,1376,1389
19030,29480,2934,14219,1971,26546,2766,1377,1389
19035,29486,2934,14222,1971,26551,2767,1378,1389
19040,29497,2937,14227,1973,26560,2768,1379,1389
19045,29501,2938,14229,1974,26563,2768,1379,1389
19050,29511,2939,14236,1975,26572,2769,1380,1389
19055,29517,2939,14238,1975,26578,2770,1380,1390
19060,29528,2941,14248,1977,26587,2771,1381,1390
19065,29532,2942,14251,1978,26590,2771,1381,1390
19070,29542,2944,14257,1979,26598,2772,1382,1390
19075,29548,2944,14257,1979,26604,2774,1382,1392
19080,29559,2946,14265,1981,26613,2776,1384,1392
19085,29563,2946,14266,1981,26617,2776,1384,1392
19090,29573,2947,14270,1982,26626,2776,1384,1392
19095,29579,2947,14273,1982,26632,2778,1385,1393
19100,29590,2948,14277,1983,26642,2778,1385,1393
19105,29594,2948,14279,1983,26646,2778,1385,1393
19110,29604,2949,14284,1983,26655,2778,1385,1393
19115,29610,2949,14288,1983,26661,2780,1386,1394
19120,29621,2949,14292,1983,26672,2780,1386,1394
19125,29625,2949,14293,1983,26676,2780,1386,1394
19130,29635,2950,14299,1983,26685,2780,1386,1394
19135,29641,2950,14303,1983,26691,2782,1387,1395
19140,29652,2951,14309,1984,26701,2782,1387,1395
19145,29656,2951,14313,1984,26705,2782,1387,1395
19150,29666,2952,14320,1985,26714,2782,1387,1395
19155,29672,2952,14324,1985,26720,2784,1388,1396
19160,29683,2953,14330,1986,26730,2784,1388,1396
19165,29687,2953,14330,1986,26734,2784,1388,1396
19170,29697,2954,14336,1987,26743,2784,1388,1396
19175,29703,2954,14339,1987,26749,2786,1390,1396
19180,29714,2955,14343,1988,26759,2786,1390,1396
19185,29718,2955,14345,1988,26763,2786,1390,1396
19190,29728,2957,14350,1989,26771,2786,1390,1396
19195,29734,2957,14352,1989,26777,2788,1390,1398
19200,29745,2960,14359,1992,26785,2789,1390,1399
19205,29749,2960,14359,1992,26789,2789,1390,1399
19210,29759,2961,14367,1993,26798,2789,1390,1399
19215,29765,2961,14370,1993,26803,2790,1390,1400
19220,29776,2964,14376,1995,26812,2791,1391,1400
19225,29780,2965,14380,1996,26815,2791,1391,1400
19230,29790,2966,14386,1997,26824,2791,1391,1400
19235,29796,2966,14389,1997,26829,2792,1392,1400
19240,29807,2969,14396,2000,26838,2793,1393,1400
19245,29811,2969,14396,2000,26842,2793,1393,1400
19250,29821,2970,14401,2000,26851,2793,1393,1400
19255,29827,2970,14404,2000,26856,2794,1393,1401
19260,29838,2972,14411,2002,26866,2795,1394,1401
19265,29842,2973,14415,2003,26869,2795,1394,1401
19270,29852,2974,14419,2003,26878,2795,1394,1401
19275,29858,2974,14421,2003,26884,2796,1394,1402
19280,29869,2974,14426,2003,26895,2797,1394,1403
19285,29873,2974,14428,2003,26899,2797,1394,1403
19290,29883,2975,14430,2003,26908,2797,1394,1403
19295,29889,2975,14434,2003,26914,2798,1394,1404
19300,29900,2975,14440,2003,26925,2799,1394,1405
19305,29904,2976,14441,2004,26928,2799,1394,1405
19310,29914,2978,14447,2006,26936,2800,1395,1405
19315,29920,2978,14451,2006,26942,2802,1397,1405
19320,29931,2981,14456,2009,26950,2804,1398,1406
19325,29935,2981,14457,2009,26954,2804,1398,1406
19330,29945,2982,14461,2010,26963,2804,1398,1406
19335,29951,2982,14464,2010,26969,2806,1398,1408
19340,29962,2983,14472,2011,26979,2807,1399,1408
19345,29966,2983,14474,2011,26983,2807,1399,1408
19350,29976,2984,14478,2012,26992,2807,1399,1408
19355,29982,2984,14482,2012,26998,2809,1401,1408
19360,29993,2984,14487,2012,27009,2810,1401,1409
19365,29997,2984,14490,2012,27013,2810,1401,1409
19370,30007,2985,14496,2012,27022,2810,1401,1409
19375,30013,2985,14500,2012,27028,2812,1402,1410
19380,30024,2985,14506,2012,27039,2813,1403,1410
19385,30028,2985,14508,2012,27043,2813,1403,1410
19390,30038,2986,14515,2012,27052,2814,1404,1410
19395,30044,2986,14516,2012,27058,2815,1404,1411
19400,30055,2986,14518,2012,27069,2815,1404,1411
19405,30059,2986,14521,2012,27073,2815,1404,1411
19410,30069,2987,14527,2012,27082,2816,1404,1412
19415,30075,2987,14529,2012,27088,2817,1405,1412
19420,30086,2987,14533,2012,27099,2817,1405,1412
19425,30090,2987,14534,2012,27103,2817,1405,1412
19430,30100,2989,14541,2014,27111,2818,1405,1413
19435,30106,2989,14545,2014,27117,2819,1406,1413
19440,30117,2992,14552,2016,27125,2820,1407,1413
19445,30121,2992,14552,2016,27129,2820,1407,1413
19450,30131,2993,14555,2016,27138,2820,1407,1413
19455,30137,2993,14558,2016,27144,2821,1408,1413
19460,30148,2994,14563,2016,27154,2821,1408,1413
19465,30152,2994,14565,2016,27158,2821,1408,1413
19470,30162,2995,14567,2016,27167,2821,1408,1413
19475,30168,2995,14569,2016,27173,2822,1408,1414
19480,30179,2996,14574,2016,27183,2822,1408,1414
19485,30183,2997,14577,2017,27186,2822,1408,1414
19490,30193,2998,14582,2018,27195,2822,1408,1414
19495,30199,2998,14586,2018,27201,2824,1410,1414
19500,30210,2999,14591,2018,27211,2825,1411,1414
19505,30214,2999,14592,2018,27215,2825,1411,1414
19510,30224,3000,14595,2018,27224,2825,1411,1414
19515,30230,3000,14597,2018,27230,2827,1411,1416
19520,30241,3001,14604,2019,27240,2828,1412,1416
19525,30245,3001,14605,2019,27244,2828,1412,1416
19530,30255,3002,14611,2019,27253,2828,1412,1416
19535,30261,3002,14614,2019,27259,2830,1413,1417
19540,30272,3003,14617,2020,27269,2831,1413,1418
19545,30276,3005,14620,2022,27271,2831,1413,1418
19550,30286,3007,14624,2023,27279,2832,1414,1418
19555,30292,3007,14627,2023,27284,2834,1414,1420
19560,30303,3011,14631,2027,27292,2835,1414,1421
19565,30307,3011,14632,2027,27296,2835,1414,1421
19570,30317,3012,14637,2028,27305,2835,1414,1421
19575,30323,3012,14640,2028,27311,2836,1414,1422
19580,30334,3013,14647,2029,27321,2837,1414,1423
19585,30338,3013,14650,2029,27325,2837,1414,1423
19590,30348,3014,14652,2029,27334,2837,1414,1423
19595,30354,3014,14655,2029,27340,2838,1414,1424
19600,30365,3014,14662,2029,27351,2839,1415,1424
19605,30369,3014,14662,2029,27355,2839,1415,1424
19610,30379,3015,14667,2030,27364,2839,1415,1424
19615,30385,3015,14670,2030,27370,2840,1415,1425
19620,30396,3015,14676,2030,27381,2840,1415,1425
19625,30400,3015,14677,2030,27385,2840,1415,1425
19630,30410,3016,14683,2030,27394,2840,1415,1425
19635,30416,3016,14686,2030,27400,2841,1416,1425
19640,30427,3016,14693,2030,27411,2841,1416,1425
19645,30431,3016,14695,2030,27415,2841,1416,1425
19650,30441,3017,14700,2031,27424,2841,1416,1425
19655,30447,3017,14702,2031,27430,2842,1416,1426
19660,30458,3017,14707,2031,27441,2842,1416,1426
19665,30462,3017,14707,2031,27445,2842,1416,1426
19670,30472,3019,14711,2032,27453,2843,1416,1427
19675,30478,3019,14714,2032,27458,2844,1416,1428
19680,30489,3021,14720,2034,27468,2844,1416,1428
19685,30493,3021,14722,2034,27472,2844,1416,1428
19690,30503,3023,14727,2034,27480,2845,1417,1428
19695,30509,3023,14730,2034,27485,2847,1418,1429
19700,30520,3025,14733,2035,27495,2847,1418,1429
19705,30524,3026,14736,2036,27498,2847,1418,1429
19710,30534,3028,14742,2038,27506,2848,1418,1430
19715,30540,3028,14744,2038,27512,2850,1419,1431
19720,30551,3030,14748,2039,27521,2851,1419,1432
19725,30555,3030,14750,2039,27525,2851,1419,1432
19730,30565,3032,14755,2041,27533,2852,1419,1433
19735,30571,3032,14760,2041,27539,2854,1421,1433
19740,30582,3035,14768,2044,27547,2855,1422,1433
19745,30586,3036,14772,2045,27550,2855,1422,1433
19750,30596,3037,14779,2046,27559,2856,1422,1434
19755,30602,3037,14783,2046,27565,2858,1423,1435
19760,30613,3039,14789,2048,27574,2859,1423,1436
19765,30617,3039,14791,2048,27578,2859,1423,1436
19770,30627,3040,14796,2048,27587,2860,1424,1436
19775,30633,3040,14799,2048,27593,2862,1425,1437
19780,30644,3042,14805,2050,27602,2863,1426,1437
19785,30648,3042,14807,2050,27606,2863,1426,1437
19790,30658,3043,14812,2050,27615,2864,1427,1437
19795,30664,3043,14816,2050,27621,2866,1427,1439
19800,30675,3044,14823,2051,27631,2868,1428,1440
19805,30679,3044,14826,2051,27635,2868,1428,1440
19810,30689,3045,14831,2051,27644,2868,1428,1440
19815,30695,3045,14835,2051,27650,2869,1429,1440
19820,30706,3045,14840,2051,27661,2871,1431,1440
19825,30710,3045,14842,2051,27665,2871,1431,1440
19830,30720,3046,14843,2051,27674,2871,1431,1440
19835,30726,3046,14845,2051,27680,2872,1432,1440
19840,30737,3046,14850,2051,27691,2874,1433,1441
19845,30741,3046,14851,2051,27695,2874,1433,1441
19850,30751,3048,14853,2052,27703,2874,1433,1441
19855,30757,3048,14856,2052,27709,2875,1434,1441
19860,30768,3050,14866,2054,27718,2877,1436,1441
19865,30772,3050,14868,2054,27722,2877,1436,1441
19870,30782,3052,14871,2055,27730,2877,1436,1441
19875,30788,3052,14876,2055,27736,2878,1437,1441
19880,30799,3052,14882,2055,27747,2878,1437,1441
19885,30803,3052,14884,2055,27751,2878,1437,1441
19890,30813,3054,14889,2056,27759,2878,1437,1441
19895,30819,3054,14893,2056,27765,2879,1437,1442
19900,30830,3054,14898,2056,27776,2879,1437,1442
19905,30834,3054,14899,2056,27780,2879,1437,1442
19910,30844,3056,14904,2057,27788,2880,1437,1443
19915,30850,3056,14907,2057,27794,2881,1438,1443
19920,30861,3057,14911,2057,27804,2882,1438,1444
19925,30865,3058,14914,2058,27807,2882,1438,1444
19930,30875,3060,14918,2059,27815,2883,1439,1444
19935,30881,3060,14920,2059,27821,2884,1439,1445
19940,30892,3061,14924,2060,27831,2885,1439,1446
19945,30896,3061,14927,2060,27835,2885,1439,1446
19950,30906,3063,14932,2061,27843,2886,1440,1446
19955,30912,3063,14934,2061,27849,2887,1441,1446
19960,30923,3064,14942,2062,27859,2888,1442,1446
19965,30927,3064,14943,2062,27863,2888,1442,1446
19970,30937,3066,14950,2063,27871,2889,1442,1447
19975,30943,3066,14953,2063,27876,2891,1443,1448
19980,30954,3068,14956,2065,27886,2892,1443,1449
19985,30958,3068,14959,2065,27890,2892,1443,1449
19990,30968,3069,14962,2065,27899,2892,1443,1449
19995,30974,3069,14966,2065,27904,2894,1444,1450
20000,30985,3072,14971,2067,27913,2895,1445,1450
20005,30989,3073,14975,2068,27916,2895,1445,1450
20010,30999,3074,14982,2068,27925,2895,1445,1450
20015,31005,3074,14985,2068,27931,2897,1446,1451
20020,31016,3076,14993,2070,27940,2898,1446,1452
20025,31020,3077,14996,2071,27943,2898,1446,1452
20030,31030,3078,15000,2071,27952,2898,1446,1452
20035,31036,3078,15002,2071,27958,2900,1447,1453
20040,31047,3079,15007,2072,27968,2901,1447,1454
20045,31051,3079,15008,2072,27972,2901,1447,1454
20050,31061,3080,15013,2073,27981,2901,1447,1454
20055,31067,3080,15017,2073,27987,2903,1448,1455
20060,31078,3082,15020,2075,27996,2904,1448,1456
20065,31082,3083,15023,2076,27999,2904,1448,1456
20070,31092,3084,15027,2077,28008,2904,1448,1456
20075,31098,3084,15029,2077,28014,2906,1449,1457
20080,31109,3086,15034,2078,28023,2907,1450,1457
20085,31113,3087,15037,2079,28026,2907,1450,1457
20090,31123,3089,15040,2079,28034,2907,1450,1457
20095,31129,3089,15044,2079,28040,2909,1451,1458
20100,31140,3091,15048,2081,28049,2911,1452,1459
20105,31144,3091,15049,2081,28053,2911,1452,1459
20110,31154,3092,15054,2081,28062,2911,1452,1459
20115,31160,3092,15058,2081,28068,2913,1453,1460
20120,31171,3092,15060,2081,28079,2914,1453,1461
20125,31175,3092,15060,2081,28083,2914,1453,1461
20130,31185,3093,15064,2081,28092,2914,1453,1461
20135,31191,3093,15065,2081,28098,2915,1453,1462
20140,31202,3094,15071,2082,28108,2916,1453,1463
20145,31206,3094,15072,2082,28112,2916,1453,1463
20150,31216,3095,15073,2082,28121,2916,1453,1463
20155,31222,3095,15074,2082,28127,2917,1453,1464
20160,31233,3095,15079,2082,28138,2918,1454,1464
20165,31237,3095,15080,2082,28142,2918,1454,1464
20170,31247,3096,15087,2083,28151,2918,1454,1464
20175,31253,3096,15091,2083,28156,2919,1455,1464
20180,31264,3097,15098,2084,28167,2920,1456,1464
20185,31268,3097,15100,2084,28171,2920,1456,1464
20190,31278,3098,15106,2084,28180,2920,1456,1464
20195,31284,3098,15109,2084,28186,2921,1456,1465
20200,31295,3099,15117,2085,28196,2922,1457,1465
20205,31299,3099,15118,2085,28200,2922,1457,1465
20210,31309,3100,15123,2085,28209,2923,1458,1465
20215,31315,3100,15125,2085,28215,2924,1459,1465
20220,31326,3102,15131,2087,28224,2926,1460,1466
20225,31330,3103,15132,2088,28227,2926,1460,1466
20230,31340,3104,15138,2089,28236,2926,1460,1466
20235,31346,3104,15139,2089,28242,2928,1460,1468
20240,31357,3106,15145,2090,28251,2929,1461,1468
20245,31361,3107,15148,2091,28254,2929,1461,1468
20250,31371,3108,15152,2091,28263,2929,1461,1468
20255,31377,3108,15155,2091,28269,2931,1462,1469
20260,31388,3109,15157,2091,28279,2932,1463,1469
20265,31392,3109,15159,2091,28283,2932,1463,1469
20270,31402,3110,15166,2092,28292,2932,1463,1469
20275,31408,3110,15170,2092,28298,2934,1465,1469
20280,31419,3111,15173,2092,28308,2935,1466,1469
20285,31423,3111,15173,2092,28312,2935,1466,1469
20290,31433,3113,15177,2092,28320,2935,1466,1469
20295,31439,3113,15180,2092,28326,2936,1467,1469
20300,31450,3115,15186,2094,28335,2937,1468,1469
20305,31454,3115,15187,2094,28339,2937,1468,1469
20310,31464,3117,15193,2095,28347,2937,1468,1469
20315,31470,3117,15199,2095,28352,2938,1469,1469
20320,31481,3120,15206,2098,28361,2939,1469,1470
20325,31485,3120,15206,2098,28365,2939,1469,1470
20330,31495,3122,15210,2098,28373,2940,1469,1471
20335,31501,3122,15214,2098,28378,2941,1469,1472
20340,31512,3123,15218,2099,28389,2943,1469,1474
20345,31516,3123,15220,2099,28393,2943,1469,1474
20350,31526,3123,15225,2099,28403,2943,1469,1474
20355,31532,3123,15227,2099,28409,2944,1469,1475
20360,31543,3123,15232,2099,28420,2944,1469,1475
20365,31547,3123,15233,2099,28424,2944,1469,1475
20370,31557,3123,15238,2099,28434,2944,1469,1475
20375,31563,3123,15240,2099,28440,2945,1469,1476
20380,31574,3123,15244,2099,28451,2945,1469,1476
20385,31578,3123,15245,2099,28455,2945,1469,1476
20390,31588,3123,15250,2099,28465,2945,1469,1476
20395,31594,3123,15253,2099,28471,2946,1469,1477
20400,31605,3125,15262,2101,28480,2946,1469,1477
20405,31609,3125,15265,2101,28484,2946,1469,1477
20410,31619,3125,15269,2101,28494,2947,1470,1477
20415,31625,3125,15271,2101,28500,2948,1470,1478
20420,31636,3126,15274,2101,28510,2949,1470,1479
20425,31640,3126,15275,2101,28514,2949,1470,1479
20430,31650,3126,15279,2101,28524,2950,1470,1480
20435,31656,3126,15281,2101,28530,2951,1470,1481
20440,31667,3128,15287,2102,28539,2952,1470,1482
20445,31671,3129,15289,2103,28542,2952,1470,1482
20450,31681,3131,15295,2105,28550,2953,1471,1482
20455,31687,3131,15296,2105,28556,2955,1472,1483
20460,31698,3133,15300,2106,28565,2957,1474,1483
20465,31702,3133,15302,2106,28569,2957,1474,1483
20470,31712,3135,15308,2107,28577,2957,1474,1483
20475,31718,3135,15312,2107,28583,2959,1476,1483
20480,31729,3138,15320,2110,28591,2959,1476,1483
20485,31733,3138,15323,2110,28595,2959,1476,1483
20490,31743,3140,15328,2111,28603,2959,1476,1483
20495,31749,3140,15332,2111,28609,2961,1477,1484
20500,31760,3142,15336,2113,28618,2961,1477,1484
20505,31764,3142,15337,2113,28622,2961,1477,1484
20510,31774,3144,15344,2114,28630,2961,1477,1484
20515,31780,3144,15348,2114,28636,2963,1479,1484
20520,31791,3145,15351,2115,28646,2963,1479,1484
20525,31795,3145,15352,2115,28650,2963,1479,1484
20530,31805,3147,15355,2115,28658,2963,1479,1484
20535,31811,3147,15358,2115,28664,2965,1480,1485
20540,31822,3149,15363,2116,28673,2965,1480,1485
20545,31826,3150,15365,2117,28676,2965,1480,1485
20550,31836,3152,15371,2119,28684,2965,1480,1485
20555,31842,3152,15374,2119,28690,2967,1482,1485
20560,31853,3154,15380,2120,28699,2967,1482,1485
20565,31857,3154,15380,2120,28703,2967,1482,1485
20570,31867,3156,15382,2120,28711,2967,1482,1485
20575,31873,3156,15387,2120,28716,2969,1484,1485
20580,31884,3161,15391,2124,28723,2971,1484,1487
20585,31888,3161,15393,2124,28727,2971,1484,1487
20590,31898,3161,15399,2124,28737,2971,1484,1487
20595,31904,3161,15402,2124,28743,2972,1484,1488
20600,31915,3161,15409,2124,28754,2974,1486,1488
20605,31919,3161,15411,2124,28758,2974,1486,1488
20610,31929,3161,15416,2124,28768,2974,1486,1488
20615,31935,3161,15418,2124,28774,2975,1486,1489
20620,31946,3161,15424,2124,28785,2975,1486,1489
20625,31950,3161,15428,2124,28789,2975,1486,1489
20630,31960,3161,15433,2124,28799,2976,1487,1489
20635,31966,3161,15434,2124,28805,2977,1487,1490
20640,31977,3161,15442,2124,28816,2977,1487,1490
20645,31981,3161,15444,2124,28820,2977,1487,1490
20650,31991,3162,15448,2124,28829,2978,1488,1490
20655,31997,3162,15452,2124,28835,2979,1488,1491
20660,32008,3162,15457,2124,28846,2979,1488,1491
20665,32012,3162,15458,2124,28850,2979,1488,1491
20670,32022,3163,15461,2124,28859,2980,1489,1491
20675,32028,3163,15465,2124,28864,2981,1490,1491
20680,32039,3165,15471,2126,28874,2981,1490,1491
20685,32043,3165,15472,2126,28878,2981,1490,1491
20690,32053,3167,15477,2127,28886,2982,1490,1492
20695,32059,3167,15481,2127,28892,2983,1491,1492
20700,32070,3171,15489,2130,28899,2983,1491,1492
20705,32074,3171,15491,2130,28903,2983,1491,1492
20710,32084,3173,15495,2131,28911,2983,1491,1492
20715,32090,3173,15500,2131,28917,2984,1492,1492
20720,32101,3174,15504,2131,28927,2984,1492,1492
20725,32105,3174,15506,2131,28931,2984,1492,1492
20730,32115,3176,15511,2131,28939,2984,1492,1492
20735,32121,3176,15512,2131,28945,2985,1492,1493
20740,32132,3177,15515,2131,28955,2986,1493,1493
20745,32136,3178,15517,2132,28958,2986,1493,1493
20750,32146,3180,15524,2134,28966,2986,1493,1493
20755,32152,3180,15529,2134,28972,2987,1494,1493
20760,32163,3181,15533,2134,28982,2988,1494,1494
20765,32167,3181,15533,2134,28986,2988,1494,1494
20770,32177,3183,15538,2134,28994,2989,1495,1494
20775,32183,3183,15541,2134,29000,2990,1495,1495
20780,32194,3185,15545,2135,29009,2991,1496,1495
20785,32198,3185,15547,2135,29013,2991,1496,1495
20790,32208,3187,15552,2135,29021,2992,1497,1495
20795,32214,3187,15555,2135,29027,2993,1498,1495
20800,32225,3188,15561,2136,29037,2994,1498,1496
20805,32229,3188,15561,2136,29041,2994,1498,1496
20810,32239,3190,15566,2137,29049,2995,1498,1497
20815,32245,3190,15570,2137,29054,2997,1499,1498
20820,32256,3194,15576,2140,29062,2998,1500,1498
20825,32260,3194,15579,2140,29066,2998,1500,1498
20830,32270,3195,15586,2141,29075,2998,1500,1498
20835,32276,3195,15588,2141,29080,3000,1500,1500
20840,32287,3198,15596,2144,29089,3000,1500,1500
20845,32291,3198,15597,2144,29093,3000,1500,1500
20850,32301,3199,15602,2144,29102,3000,1500,1500
20855,32307,3199,15604,2144,29108,3002,1502,1500
20860,32318,3201,15609,2146,29117,3002,1502,1500
20865,32322,3201,15609,2146,29121,3002,1502,1500
20870,32332,3202,15613,2146,29130,3002,1502,1500
20875,32338,3202,15615,2146,29135,3004,1503,1501
20880,32349,3205,15620,2149,29144,3005,1504,1501
20885,32353,3206,15623,2150,29147,3005,1504,1501
20890,32363,3206,15626,2150,29157,3005,1504,1501
20895,32369,3206,15628,2150,29163,3007,1504,1503
20900,32380,3206,15633,2150,29174,3007,1504,1503
20905,32384,3206,15634,2150,29178,3007,1504,1503
20910,32394,3206,15641,2150,29188,3007,1504,1503
20915,32400,3206,15644,2150,29194,3009,1504,1505
20920,32411,3206,15652,2150,29205,3009,1504,1505
20925,32415,3206,15654,2150,29209,3009,1504,1505
20930,32425,3206,15661,2150,29219,3009,1504,1505
20935,32431,3206,15664,2150,29225,3011,1504,1507
20940,32442,3207,15668,2151,29235,3012,1504,1508
20945,32446,3208,15671,2152,29238,3012,1504,1508
20950,32456,3210,15677,2153,29246,3013,1504,1509
20955,32462,3210,15680,2153,29252,3014,1504,1510
20960,32473,3210,15687,2153,29263,3015,1505,1510
20965,32477,3211,15690,2154,29266,3015,1505,1510
20970,32487,3213,15694,2155,29274,3016,1505,1511
20975,32493,3213,15698,2155,29280,3017,1506,1511
20980,32504,3214,15705,2156,29290,3018,1507,1511
20985,32508,3214,15708,2156,29294,3018,1507,1511
20990,32518,3216,15715,2157,29302,3019,1508,1511
20995,32524,3216,15718,2157,29308,3020,1509,1511
21000,32535,3220,15727,2161,29315,3022,1511,1511
21005,32539,3220,15728,2161,29319,3022,1511,1511
21010,32549,3220,15735,2161,29329,3023,1512,1511
21015,32555,3220,15740,2161,29335,3024,1513,1511
21020,32566,3222,15744,2162,29344,3026,1514,1512
21025,32570,3222,15745,2162,29348,3026,1514,1512
21030,32580,3222,15746,2162,29358,3027,1514,1513
21035,32586,3222,15747,2162,29364,3028,1514,1514
21040,32597,3223,15751,2162,29374,3030,1515,1515
21045,32601,3224,15753,2163,29377,3030,1515,1515
21050,32611,3224,15756,2163,29387,3031,1516,1515
21055,32617,3224,15760,2163,29393,3033,1517,1516
21060,32628,3225,15764,2163,29403,3035,1517,1518
21065,32632,3226,15766,2164,29406,3035,1517,1518
21070,32642,3226,15771,2164,29416,3035,1517,1518
21075,32648,3226,15773,2164,29422,3037,1518,1519
21080,32659,3227,15777,2165,29432,3038,1518,1520
21085,32663,3227,15779,2165,29436,3038,1518,1520
21090,32673,3227,15783,2165,29446,3038,1518,1520
21095,32679,3227,15786,2165,29452,3040,1519,1521
21100,32690,3228,15791,2166,29462,3040,1519,1521
21105,32694,3229,15792,2167,29465,3040,1519,1521
21110,32704,3231,15795,2168,29473,3040,1519,1521
21115,32710,3231,15796,2168,29479,3042,1519,1523
21120,32721,3232,15802,2169,29489,3042,1519,1523
21125,32725,3232,15805,2169,29493,3042,1519,1523
21130,32735,3234,15811,2170,29501,3042,1519,1523
21135,32741,3234,15812,2170,29507,3043,1519,1524
21140,32752,3234,15816,2170,29518,3043,1519,1524
21145,32756,3234,15817,2170,29522,3043,1519,1524
21150,32766,3236,15824,2171,29530,3043,1519,1524
21155,32772,3236,15827,2171,29536,3044,1519,1525
21160,32783,3237,15832,2172,29546,3044,1519,1525
21165,32787,3238,15835,2173,29549,3044,1519,1525
21170,32797,3240,15839,2173,29557,3045,1520,1525
21175,32803,3240,15844,2173,29563,3046,1521,1525
21180,32814,3240,15850,2173,29574,3047,1522,1525
21185,32818,3241,15852,2174,29577,3047,1522,1525
21190,32828,3243,15857,2175,29585,3048,1522,1526
21195,32834,3243,15862,2175,29591,3049,1523,1526
21200,32845,3243,15867,2175,29602,3050,1524,1526
21205,32849,3243,15869,2175,29606,3050,1524,1526
21210,32859,3245,15872,2176,29614,3051,1524,1527
21215,32865,3245,15876,2176,29620,3052,1525,1527
21220,32876,3246,15882,2177,29630,3053,1525,1528
21225,32880,3247,15884,2178,29633,3053,1525,1528
21230,32890,3249,15889,2180,29641,3054,1525,1529
21235,32896,3249,15892,2180,29647,3056,1527,1529
21240,32907,3250,15896,2180,29657,3058,1528,1530
21245,32911,3250,15897,2180,29661,3058,1528,1530
21250,32921,3252,15901,2181,29669,3058,1528,1530
21255,32927,3252,15902,2181,29674,3060,1528,1532
21260,32938,3255,15909,2183,29683,3061,1529,1532
21265,32942,3255,15910,2183,29687,3061,1529,1532
21270,32952,3257,15918,2185,29695,3061,1529,1532
21275,32958,3257,15921,2185,29700,3063,1529,1534
21280,32969,3259,15925,2187,29710,3064,1530,1534
21285,32973,3260,15929,2188,29713,3064,1530,1534
21290,32983,3262,15938,2190,29721,3064,1530,1534
21295,32989,3262,15939,2190,29727,3066,1530,1536
21300,33000,3264,15945,2192,29736,3067,1530,1537
21305,33004,3265,15947,2193,29739,3067,1530,1537
21310,33014,3267,15949,2194,29747,3067,1530,1537
21315,33020,3267,15950,2194,29753,3069,1530,1539
21320,33031,3268,15955,2195,29763,3070,1531,1539
21325,33035,3269,15958,2196,29766,3070,1531,1539
21330,33045,3271,15962,2197,29774,3070,1531,1539
21335,33051,3271,15965,2197,29780,3072,1533,1539
21340,33062,3273,15973,2199,29789,3073,1534,1539
21345,33066,3274,15974,2200,29792,3073,1534,1539
21350,33076,3276,15980,2202,29800,3074,1535,1539
21355,33082,3276,15982,2202,29806,3076,1535,1541
21360,33093,3277,15987,2203,29816,3078,1536,1542
21365,33097,3277,15990,2203,29820,3078,1536,1542
21370,33107,3277,15994,2203,29830,3078,1536,1542
21375,33113,3277,15999,2203,29836,3080,1538,1542
21380,33124,3277,16003,2203,29847,3081,1539,1542
21385,33128,3277,16005,2203,29851,3081,1539,1542
21390,33138,3277,16009,2203,29861,3081,1539,1542
21395,33144,3277,16015,2203,29867,3082,1540,1542
21400,33155,3277,16017,2203,29878,3082,1540,1542
21405,33159,3277,16019,2203,29882,3082,1540,1542
21410,33169,3277,16024,2203,29892,3082,1540,1542
21415,33175,3277,16025,2203,29898,3083,1540,1543
21420,33186,3277,16028,2203,29909,3083,1540,1543
21425,33190,3277,16030,2203,29913,3083,1540,1543
21430,33200,3277,16037,2203,29923,3084,1541,1543
21435,33206,3277,16041,2203,29929,3085,1542,1543
21440,33217,3277,16045,2203,29940,3085,1542,1543
21445,33221,3277,16047,2203,29944,3085,1542,1543
21450,33231,3277,16051,2203,29954,3086,1542,1544
21455,33237,3277,16056,2203,29960,3087,1543,1544
21460,33248,3277,16061,2203,29971,3087,1543,1544
21465,33252,3277,16062,2203,29975,3087,1543,1544
21470,33262,3279,16064,2203,29983,3088,1543,1545
21475,33268,3279,16066,2203,29989,3089,1543,1546
21480,33279,3281,16073,2204,29998,3089,1543,1546
21485,33283,3282,16076,2205,30001,3089,1543,1546
21490,33293,3284,16080,2206,30009,3089,1543,1546
21495,33299,3284,16085,2206,30015,3091,1545,1546
21500,33310,3286,16090,2207,30024,3093,1546,1547
21505,33314,3286,16092,2207,30028,3093,1546,1547
21510,33324,3288,16097,2208,30036,3093,1546,1547
21515,33330,3288,16100,2208,30042,3095,1547,1548
21520,33341,3290,16103,2209,30051,3097,1548,1549
21525,33345,3292,16106,2211,30053,3097,1548,1549
21530,33355,3294,16113,2213,30061,3097,1548,1549
21535,33361,3294,16115,2213,30067,3099,1549,1550
21540,33372,3296,16119,2214,30076,3101,1549,1552
21545,33376,3296,16121,2214,30080,3101,1549,1552
21550,33386,3297,16127,2214,30089,3102,1550,1552
21555,33392,3297,16131,2214,30095,3104,1551,1553
21560,33403,3298,16136,2214,30105,3105,1551,1554
21565,33407,3299,16140,2215,30108,3105,1551,1554
21570,33417,3300,16146,2216,30117,3106,1552,1554
21575,33423,3300,16149,2216,30123,3108,1554,1554
21580,33434,3301,16155,2216,30133,3109,1555,1554
21585,33438,3301,16156,2216,30137,3109,1555,1554
21590,33448,3302,16162,2216,30146,3110,1556,1554
21595,33454,3302,16166,2216,30152,3112,1557,1555
21600,33465,3305,16175,2219,30160,3114,1559,1555
21605,33469,3305,16179,2219,30164,3114,1559,1555
21610,33479,3307,16186,2221,30172,3114,1559,1555
21615,33485,3307,16189,2221,30177,3115,1559,1556
21620,33496,3308,16195,2222,30188,3116,1559,1557
21625,33500,3308,16196,2222,30192,3116,1559,1557
21630,33510,3310,16201,2222,30200,3116,1559,1557
21635,33516,3310,16204,2222,30206,3117,1559,1558
21640,33527,3311,16212,2223,30216,3118,1560,1558
21645,33531,3311,16215,2223,30220,3118,1560,1558
21650,33541,3313,16220,2224,30228,3118,1560,1558
21655,33547,3313,16222,2224,30234,3119,1561,1558
21660,33558,3313,16224,2224,30245,3120,1562,1558
21665,33562,3313,16225,2224,30249,3120,1562,1558
21670,33572,3314,16232,2225,30258,3120,1562,1558
21675,33578,3314,16235,2225,30264,3121,1563,1558
21680,33589,3314,16240,2225,30275,3121,1563,1558
21685,33593,3314,16241,2225,30279,3121,1563,1558
21690,33603,3315,16250,2225,30288,3121,1563,1558
21695,33609,3315,16252,2225,30294,3122,1563,1559
21700,33620,3315,16257,2225,30305,3122,1563,1559
21705,33624,3315,16259,2225,30309,3122,1563,1559
21710,33634,3316,16263,2225,30318,3123,1563,1560
21715,33640,3316,16266,2225,30324,3125,1565,1560
21720,33651,3319,16271,2227,30332,3126,1565,1561
21725,33655,3320,16274,2228,30335,3126,1565,1561
21730,33665,3321,16279,2228,30344,3127,1566,1561
21735,33671,3321,16281,2228,30350,3129,1567,1562
21740,33682,3324,16287,2231,30358,3130,1568,1562
21745,33686,3324,16290,2231,30362,3130,1568,1562
21750,33696,3325,16296,2232,30371,3131,1569,1562
21755,33702,3325,16299,2232,30377,3133,1571,1562
21760,33713,3327,16304,2233,30386,3134,1572,1562
21765,33717,3328,16306,2234,30389,3134,1572,1562
21770,33727,3330,16308,2235,30397,3135,1572,1563
21775,33733,3330,16312,2235,30403,3137,1574,1563
21780,33744,3333,16319,2238,30411,3139,1575,1564
21785,33748,3333,16321,2238,30415,3139,1575,1564
21790,33758,3333,16325,2238,30425,3139,1575,1564
21795,33764,3333,16327,2238,30431,3141,1576,1565
21800,33775,3333,16335,2238,30442,3142,1576,1566
21805,33779,3333,16336,2238,30446,3142,1576,1566
21810,33789,3333,16339,2238,30456,3142,1576,1566
21815,33795,3333,16341,2238,30462,3144,1576,1568
21820,33806,3333,16348,2238,30473,3144,1576,1568
21825,33810,3333,16350,2238,30477,3144,1576,1568
21830,33820,3333,16357,2238,30487,3144,1576,1568
21835,33826,3333,16358,2238,30493,3146,1577,1569
21840,33837,3333,16364,2238,30504,3146,1577,1569
21845,33841,3333,16367,2238,30508,3146,1577,1569
21850,33851,3333,16373,2238,30518,3146,1577,1569
21855,33857,3333,16376,2238,30524,3147,1578,1569
21860,33868,3333,16383,2238,30535,3147,1578,1569
21865,33872,3333,16385,2238,30539,3147,1578,1569
21870,33882,3333,16388,2238,30549,3147,1578,1569
21875,33888,3333,16391,2238,30555,3148,1579,1569
21880,33899,3333,16396,2238,30566,3148,1579,1569
21885,33903,3333,16397,2238,30570,3148,1579,1569
21890,33913,3335,16402,2239,30578,3148,1579,1569
21895,33919,3335,16406,2239,30584,3149,1579,1570
21900,33930,3337,16411,2240,30593,3149,1579,1570
21905,33934,3338,16413,2241,30596,3149,1579,1570
21910,33944,3340,16419,2243,30604,3150,1580,1570
21915,33950,3340,16421,2243,30610,3152,1581,1571
21920,33961,3342,16429,2245,30619,3154,1583,1571
21925,33965,3342,16431,2245,30623,3154,1583,1571
21930,33975,3344,16434,2246,30631,3155,1584,1571
21935,33981,3344,16436,2246,30637,3157,1584,1573
21940,33992,3346,16442,2248,30646,3159,1585,1574
21945,33996,3346,16444,2248,30650,3159,1585,1574
21950,34006,3348,16449,2249,30658,3160,1586,1574
21955,34012,3348,16453,2249,30663,3162,1587,1575
21960,34023,3351,16457,2252,30672,3164,1587,1577
21965,34027,3351,16458,2252,30676,3164,1587,1577
21970,34037,3353,16461,2252,30684,3165,1588,1577
21975,34043,3353,16464,2252,30690,3167,1589,1578
21980,34054,3354,16468,2252,30700,3168,1590,1578
21985,34058,3355,16470,2253,30703,3168,1590,1578
21990,34068,3357,16476,2254,30711,3169,1591,1578
21995,34074,3357,16479,2254,30717,3171,1593,1578
22000,34085,3358,16482,2254,30727,3172,1594,1578
22005,34089,3359,16484,2255,30730,3172,1594,1578
22010,34099,3361,16489,2256,30738,3173,1595,1578
22015,34105,3361,16494,2256,30744,3175,1597,1578
22020,34116,3363,16499,2257,30753,3177,1597,1580
22025,34120,3363,16501,2257,30757,3177,1597,1580
22030,34130,3365,16505,2258,30765,3177,1597,1580
22035,34136,3365,16510,2258,30771,3178,1598,1580
22040,34147,3366,16518,2259,30781,3178,1598,1580
22045,34151,3366,16521,2259,30785,3178,1598,1580
22050,34161,3368,16526,2260,30793,3178,1598,1580
22055,34167,3368,16529,2260,30799,3179,1599,1580
22060,34178,3369,16535,2261,30809,3179,1599,1580
22065,34182,3369,16538,2261,30813,3179,1599,1580
22070,34192,3371,16543,2262,30821,3179,1599,1580
22075,34198,3371,16546,2262,30827,3180,1600,1580
22080,34209,3372,16551,2263,30837,3181,1600,1581
22085,34213,3372,16552,2263,30841,3181,1600,1581
22090,34223,3374,16560,2265,30849,3181,1600,1581
22095,34229,3374,16563,2265,30855,3182,1600,1582
22100,34240,3375,16570,2266,30865,3182,1600,1582
22105,34244,3375,16572,2266,30869,3182,1600,1582
22110,34254,3377,16577,2266,30877,3182,1600,1582
22115,34260,3377,16580,2266,30883,3183,1601,1582
22120,34271,3380,16588,2269,30891,3183,1601,1582
22125,34275,3380,16589,2269,30895,3183,1601,1582
22130,34285,3382,16594,2270,30903,3183,1601,1582
22135,34291,3382,16595,2270,30909,3185,1601,1584
22140,34302,3384,16601,2272,30918,3186,1602,1584
22145,34306,3384,16605,2272,30922,3186,1602,1584
22150,34316,3385,16606,2272,30931,3186,1602,1584
22155,34322,3385,16608,2272,30937,3188,1602,1586
22160,34333,3385,16613,2272,30948,3189,1603,1586
22165,34337,3385,16614,2272,30952,3189,1603,1586
22170,34347,3386,16623,2272,30961,3189,1603,1586
22175,34353,3386,16625,2272,30966,3191,1604,1587
22180,34364,3387,16629,2273,30977,3192,1605,1587
22185,34368,3387,16631,2273,30981,3192,1605,1587
22190,34378,3388,16635,2273,30990,3193,1605,1588
22195,34384,3388,16639,2273,30996,3195,1607,1588
22200,34395,3388,16645,2273,31007,3196,1608,1588
22205,34399,3388,16648,2273,31011,3196,1608,1588
22210,34409,3389,16650,2273,31020,3197,1608,1589
22215,34415,3389,16654,2273,31026,3198,1608,1590
22220,34426,3389,16660,2273,31037,3199,1608,1591
22225,34430,3389,16663,2273,31041,3199,1608,1591
22230,34440,3390,16670,2273,31050,3199,1608,1591
22235,34446,3390,16671,2273,31056,3200,1608,1592
22240,34457,3390,16677,2273,31067,3201,1609,1592
22245,34461,3390,16680,2273,31071,3201,1609,1592
22250,34471,3392,16684,2274,31079,3201,1609,1592
22255,34477,3392,16688,2274,31085,3202,1609,1593
22260,34488,3394,16695,2276,31094,3204,1610,1594
22265,34492,3395,16697,2277,31097,3204,1610,1594
22270,34502,3396,16701,2277,31106,3204,1610,1594
22275,34508,3396,16704,2277,31112,3205,1610,1595
22280,34519,3396,16710,2277,31123,3205,1610,1595
22285,34523,3396,16712,2277,31127,3205,1610,1595
22290,34533,3397,16716,2278,31136,3205,1610,1595
22295,34539,3397,16720,2278,31142,3206,1611,1595
22300,34550,3398,16726,2279,31152,3206,1611,1595
22305,34554,3398,16727,2279,31156,3206,1611,1595
22310,34564,3399,16731,2279,31165,3206,1611,1595
22315,34570,3399,16733,2279,31171,3208,1612,1596
22320,34581,3399,16738,2279,31182,3208,1612,1596
22325,34585,3399,16740,2279,31186,3208,1612,1596
22330,34595,3400,16745,2280,31195,3209,1612,1597
22335,34601,3400,16746,2280,31201,3210,1612,1598
22340,34612,3400,16750,2280,31212,3210,1612,1598
22345,34616,3400,16752,2280,31216,3210,1612,1598
22350,34626,3401,16758,2281,31225,3211,1612,1599
22355,34632,3401,16760,2281,31231,3212,1612,1600
22360,34643,3401,16765,2281,31242,3212,1612,1600
22365,34647,3401,16768,2281,31246,3212,1612,1600
22370,34657,3403,16775,2283,31254,3213,1613,1600
22375,34663,3403,16778,2283,31259,3214,1613,1601
22380,34674,3406,16784,2285,31268,3215,1614,1601
22385,34678,3406,16785,2285,31272,3215,1614,1601
22390,34688,3408,16789,2285,31280,3215,1614,1601
22395,34694,3408,16792,2285,31286,3216,1615,1601
22400,34705,3409,16797,2285,31296,3216,1615,1601
22405,34709,3409,16799,2285,31300,3216,1615,1601
22410,34719,3411,16803,2286,31308,3216,1615,1601
22415,34725,3411,16805,2286,31314,3217,1615,1602
22420,34736,3413,16811,2287,31323,3217,1615,1602
22425,34740,3413,16812,2287,31327,3217,1615,1602
22430,34750,3415,16816,2288,31335,3217,1615,1602
22435,34756,3415,16819,2288,31341,3219,1617,1602
22440,34767,3416,16823,2288,31351,3219,1617,1602
22445,34771,3416,16824,2288,31355,3219,1617,1602
22450,34781,3418,16830,2289,31363,3219,1617,1602
22455,34787,3418,16831,2289,31369,3221,1618,1603
22460,34798,3419,16836,2290,31379,3221,1618,1603
22465,34802,3419,16839,2290,31383,3221,1618,1603
22470,34812,3421,16843,2291,31391,3221,1618,1603
22475,34818,3421,16848,2291,31397,3223,1620,1603
22480,34829,3422,16853,2292,31407,3223,1620,1603
22485,34833,3423,16857,2293,31410,3223,1620,1603
22490,34843,3425,16863,2294,31418,3224,1621,1603
22495,34849,3425,16866,2294,31424,3226,1622,1604
22500,34860,3425,16872,2294,31435,3227,1623,1604
22505,34864,3425,16875,2294,31439,3227,1623,1604
22510,34874,3426,16878,2294,31448,3227,1623,1604
22515,34880,3426,16879,2294,31454,3228,1623,1605
22520,34891,3426,16882,2294,31465,3228,1623,1605
22525,34895,3426,16883,2294,31469,3228,1623,1605
22530,34905,3427,16888,2295,31478,3228,1623,1605
22535,34911,3427,16892,2295,31484,3229,1624,1605
22540,34922,3427,16896,2295,31495,3229,1624,1605
22545,34926,3428,16897,2296,31498,3229,1624,1605
22550,34936,3429,16904,2297,31507,3229,1624,1605
22555,34942,3429,16907,2297,31513,3230,1624,1606
22560,34953,3429,16911,2297,31524,3230,1624,1606
22565,34957,3429,16914,2297,31528,3230,1624,1606
22570,34967,3430,16918,2298,31537,3230,1624,1606
22575,34973,3430,16920,2298,31543,3231,1624,1607
22580,34984,3430,16923,2298,31554,3231,1624,1607
22585,34988,3430,16925,2298,31558,3231,1624,1607
22590,34998,3431,16931,2299,31567,3231,1624,1607
22595,35004,3431,16934,2299,31573,3232,1624,1608
22600,35015,3432,16939,2300,31583,3233,1624,1609
22605,35019,3432,16940,2300,31587,3233,1624,1609
22610,35029,3434,16946,2301,31595,3234,1624,1610
22615,35035,3434,16949,2301,31601,3236,1624,1612
22620,35046,3436,16953,2303,31610,3238,1625,1613
22625,35050,3436,16954,2303,31614,3238,1625,1613
22630,35060,3438,16958,2305,31622,3238,1625,1613
22635,35066,3438,16961,2305,31628,3240,1626,1614
22640,35077,3442,16972,2309,31635,3242,1628,1614
22645,35081,3442,16975,2309,31639,3242,1628,1614
22650,35091,3444,16978,2309,31647,3242,1628,1614
22655,35097,3444,16982,2309,31652,3244,1629,1615
22660,35108,3447,16987,2312,31661,3246,1631,1615
22665,35112,3447,16988,2312,31665,3246,1631,1615
22670,35122,3449,16991,2313,31673,3246,1631,1615
22675,35128,3449,16994,2313,31678,3248,1631,1617
22680,35139,3452,16998,2315,31687,3250,1633,1617
22685,35143,3452,17002,2315,31691,3250,1633,1617
22690,35153,3452,17006,2315,31701,3250,1633,1617
22695,35159,3452,17010,2315,31707,3252,1634,1618
22700,35170,3452,17017,2315,31718,3253,1634,1619
22705,35174,3452,17020,2315,31722,3253,1634,1619
22710,35184,3452,17024,2315,31732,3253,1634,1619
22715,35190,3452,17027,2315,31738,3255,1635,1620
22720,35201,3452,17035,2315,31749,3256,1635,1621
22725,35205,3452,17037,2315,31753,3256,1635,1621
22730,35215,3452,17040,2315,31763,3257,1635,1622
22735,35221,3452,17041,2315,31769,3259,1635,1624
22740,35232,3452,17047,2315,31780,3260,1636,1624
22745,35236,3453,17049,2316,31783,3260,1636,1624
22750,35246,3454,17054,2317,31792,3261,1637,1624
22755,35252,3454,17059,2317,31797,3262,1638,1624
22760,35263,3455,17062,2318,31808,3262,1638,1624
22765,35267,3456,17065,2319,31811,3262,1638,1624
22770,35277,3457,17069,2319,31820,3263,1638,1625
22775,35283,3457,17070,2319,31826,3264,1638,1626
22780,35294,3457,17076,2319,31837,3264,1638,1626
22785,35298,3457,17077,2319,31841,3264,1638,1626
22790,35308,3459,17081,2319,31849,3265,1639,1626
22795,35314,3459,17085,2319,31854,3266,1640,1626
22800,35325,3461,17091,2320,31864,3266,1640,1626
22805,35329,3461,17091,2320,31868,3266,1640,1626
22810,35339,3463,17096,2322,31876,3266,1640,1626
22815,35345,3463,17098,2322,31882,3267,1641,1626
22820,35356,3464,17099,2322,31892,3268,1641,1627
22825,35360,3465,17100,2323,31895,3268,1641,1627
22830,35370,3467,17109,2324,31903,3268,1641,1627
22835,35376,3467,17112,2324,31909,3269,1642,1627
22840,35387,3469,17117,2326,31918,3271,1644,1627
22845,35391,3470,17119,2327,31921,3271,1644,1627
22850,35401,3472,17125,2329,31929,3271,1644,1627
22855,35407,3472,17129,2329,31935,3272,1645,1627
22860,35418,3474,17134,2331,31944,3274,1647,1627
22865,35422,3475,17137,2332,31947,3274,1647,1627
22870,35432,3476,17141,2333,31956,3274,1647,1627
22875,35438,3476,17144,2333,31962,3275,1647,1628
22880,35449,3478,17148,2334,31971,3276,1647,1629
22885,35453,3478,17148,2334,31975,3276,1647,1629
22890,35463,3479,17153,2334,31984,3276,1647,1629
22895,35469,3479,17156,2334,31990,3277,1648,1629
22900,35480,3481,17164,2336,31999,3278,1649,1629
22905,35484,3482,17166,2337,32002,3278,1649,1629
22910,35494,3483,17169,2337,32011,3278,1649,1629
22915,35500,3483,17174,2337,32017,3280,1650,1630
22920,35511,3486,17182,2340,32025,3281,1651,1630
22925,35515,3486,17184,2340,32029,3281,1651,1630
22930,35525,3488,17187,2340,32037,3281,1651,1630
22935,35531,3488,17190,2340,32042,3282,1651,1631
22940,35542,3490,17195,2342,32052,3284,1653,1631
22945,35546,3490,17197,2342,32056,3284,1653,1631
22950,35556,3492,17202,2343,32064,3284,1653,1631
22955,35562,3492,17205,2343,32069,3285,1653,1632
22960,35573,3494,17211,2345,32079,3287,1654,1633
22965,35577,3494,17211,2345,32083,3287,1654,1633
22970,35587,3496,17217,2346,32091,3287,1654,1633
22975,35593,3496,17221,2346,32096,3288,1654,1634
22980,35604,3499,17227,2348,32105,3290,1655,1635
22985,35608,3499,17229,2348,32109,3290,1655,1635
22990,35618,3500,17235,2349,32118,3290,1655,1635
22995,35624,3500,17238,2349,32123,3291,1655,1636
23000,35635,3501,17240,2350,32134,3292,1656,1636
23005,35639,3501,17243,2350,32138,3292,1656,1636
23010,35649,3502,17247,2350,32147,3292,1656,1636
23015,35655,3502,17249,2350,32153,3293,1656,1637
23020,35666,3503,17256,2351,32163,3294,1657,1637
23025,35670,3503,17257,2351,32167,3294,1657,1637
23030,35680,3504,17262,2351,32176,3295,1658,1637
23035,35686,3504,17263,2351,32182,3297,1658,1639
23040,35697,3505,17270,2352,32192,3298,1658,1640
23045,35701,3505,17270,2352,32196,3298,1658,1640
23050,35711,3506,17274,2352,32205,3298,1658,1640
23055,35717,3506,17277,2352,32211,3300,1659,1641
23060,35728,3506,17282,2352,32222,3300,1659,1641
23065,35732,3506,17284,2352,32226,3300,1659,1641
23070,35742,3507,17290,2353,32235,3300,1659,1641
23075,35748,3507,17295,2353,32241,3302,1660,1642
23080,35759,3507,17301,2353,32252,3302,1660,1642
23085,35763,3507,17302,2353,32256,3302,1660,1642
23090,35773,3509,17305,2354,32264,3302,1660,1642
23095,35779,3509,17310,2354,32270,3304,1661,1643
23100,35790,3511,17317,2356,32279,3304,1661,1643
23105,35794,3511,17320,2356,32283,3304,1661,1643
23110,35804,3512,17326,2357,32292,3304,1661,1643
23115,35810,3512,17326,2357,32298,3305,1661,1644
23120,35821,3513,17330,2357,32308,3305,1661,1644
23125,35825,3513,17331,2357,32312,3305,1661,1644
23130,35835,3514,17338,2358,32321,3305,1661,1644
23135,35841,3514,17341,2358,32327,3306,1662,1644
23140,35852,3515,17346,2358,32337,3306,1662,1644
23145,35856,3515,17347,2358,32341,3306,1662,1644
23150,35866,3516,17353,2359,32350,3306,1662,1644
23155,35872,3516,17358,2359,32356,3307,1663,1644
23160,35883,3518,17363,2360,32365,3308,1663,1645
23165,35887,3519,17366,2361,32368,3308,1663,1645
23170,35897,3520,17372,2362,32377,3309,1663,1646
23175,35903,3520,17376,2362,32383,3310,1663,1647
23180,35914,3521,17380,2362,32393,3312,1663,1649
23185,35918,3521,17381,2362,32397,3312,1663,1649
23190,35928,3522,17384,2362,32406,3313,1663,1650
23195,35934,3522,17388,2362,32412,3314,1663,1651
23200,35945,3524,17395,2363,32421,3316,1665,1651
23205,35949,3524,17396,2363,32425,3316,1665,1651
23210,35959,3526,17403,2365,32433,3317,1665,1652
23215,35965,3526,17407,2365,32439,3319,1667,1652
23220,35976,3529,17413,2368,32447,3321,1667,1654
23225,35980,3530,17416,2369,32450,3321,1667,1654
23230,35990,3531,17421,2369,32459,3321,1667,1654
23235,35996,3531,17424,2369,32464,3323,1667,1656
23240,36007,3534,17430,2372,32473,3324,1667,1657
23245,36011,3534,17433,2372,32477,3324,1667,1657
23250,36021,3535,17436,2373,32486,3324,1667,1657
23255,36027,3535,17439,2373,32492,3326,1668,1658
23260,36038,3536,17444,2374,32502,3327,1668,1659
23265,36042,3537,17446,2375,32505,3327,1668,1659
23270,36052,3538,17451,2375,32514,3327,1668,1659
23275,36058,3538,17455,2375,32520,3329,1670,1659
23280,36069,3540,17460,2377,32529,3330,1670,1660
23285,36073,3540,17464,2377,32533,3330,1670,1660
23290,36083,3541,17469,2378,32542,3330,1670,1660
23295,36089,3541,17473,2378,32548,3332,1671,1661
23300,36100,3542,17479,2379,32558,3333,1672,1661
23305,36104,3542,17480,2379,32562,3333,1672,1661
23310,36114,3543,17488,2380,32571,3333,1672,1661
23315,36120,3543,17491,2380,32577,3335,1673,1662
23320,36131,3544,17496,2381,32587,3336,1673,1663
23325,36135,3544,17499,2381,32591,3336,1673,1663
23330,36145,3546,17505,2381,32599,3337,1674,1663
23335,36151,3546,17508,2381,32605,3339,1675,1664
23340,36162,3548,17514,2383,32614,3341,1675,1666
23345,36166,3548,17515,2383,32618,3341,1675,1666
23350,36176,3550,17517,2383,32626,3342,1675,1667
23355,36182,3550,17517,2383,32632,3343,1675,1668
23360,36193,3550,17523,2383,32643,3345,1675,1670
23365,36197,3551,17526,2384,32646,3345,1675,1670
23370,36207,3553,17530,2384,32654,3346,1675,1671
23375,36213,3553,17534,2384,32660,3347,1676,1671
23380,36224,3553,17541,2384,32671,3349,1677,1672
23385,36228,3553,17543,2384,32675,3349,1677,1672
23390,36238,3555,17548,2384,32683,3349,1677,1672
23395,36244,3555,17552,2384,32689,3350,1678,1672
23400,36255,3556,17557,2385,32699,3352,1680,1672
23405,36259,3556,17558,2385,32703,3352,1680,1672
23410,36269,3557,17566,2386,32712,3352,1680,1672
23415,36275,3557,17569,2386,32718,3353,1680,1673
23420,36286,3558,17577,2387,32728,3353,1680,1673
23425,36290,3558,17580,2387,32732,3353,1680,1673
23430,36300,3559,17583,2387,32741,3353,1680,1673
23435,36306,3559,17588,2387,32747,3354,1680,1674
23440,36317,3559,17590,2387,32758,3354,1680,1674
23445,36321,3559,17592,2387,32762,3354,1680,1674
23450,36331,3560,17597,2387,32771,3354,1680,1674
23455,36337,3560,17600,2387,32777,3355,1680,1675
23460,36348,3561,17602,2387,32787,3355,1680,1675
23465,36352,3563,17605,2389,32789,3355,1680,1675
23470,36362,3564,17609,2389,32798,3355,1680,1675
23475,36368,3564,17612,2389,32804,3356,1680,1676
23480,36379,3566,17618,2391,32813,3356,1680,1676
23485,36383,3567,17621,2392,32816,3356,1680,1676
23490,36393,3568,17628,2393,32825,3356,1680,1676
23495,36399,3568,17629,2393,32831,3357,1680,1677
23500,36410,3570,17634,2394,32840,3357,1680,1677
23505,36414,3571,17636,2395,32843,3357,1680,1677
23510,36424,3572,17642,2396,32852,3358,1681,1677
23515,36430,3572,17646,2396,32857,3359,1681,1678
23520,36441,3575,17650,2398,32866,3360,1681,1679
23525,36445,3575,17651,2398,32870,3360,1681,1679
23530,36455,3576,17653,2398,32879,3361,1681,1680
23535,36461,3576,17654,2398,32885,3363,1681,1682
23540,36472,3577,17660,2399,32895,3363,1681,1682
23545,36476,3577,17662,2399,32899,3363,1681,1682
23550,36486,3578,17666,2399,32908,3364,1682,1682
23555,36492,3578,17669,2399,32914,3366,1683,1683
23560,36503,3578,17674,2399,32925,3366,1683,1683
23565,36507,3578,17677,2399,32929,3366,1683,1683
23570,36517,3579,17682,2400,32938,3367,1683,1684
23575,36523,3579,17686,2400,32943,3369,1684,1685
23580,36534,3580,17691,2401,32954,3370,1685,1685
23585,36538,3580,17693,2401,32958,3370,1685,1685
23590,36548,3580,17696,2401,32968,3370,1685,1685
23595,36554,3580,17699,2401,32974,3372,1687,1685
23600,36565,3580,17704,2401,32985,3373,1687,1686
23605,36569,3580,17704,2401,32989,3373,1687,1686
23610,36579,3580,17709,2401,32999,3373,1687,1686
23615,36585,3580,17711,2401,33005,3375,1687,1688
23620,36596,3580,17717,2401,33016,3375,1687,1688
23625,36600,3580,17720,2401,33020,3375,1687,1688
23630,36610,3581,17724,2402,33029,3375,1687,1688
23635,36616,3581,17727,2402,33035,3377,1688,1689
23640,36627,3582,17730,2402,33045,3377,1688,1689
23645,36631,3583,17731,2403,33048,3377,1688,1689
23650,36641,3584,17733,2403,33057,3377,1688,1689
23655,36647,3584,17737,2403,33063,3379,1689,1690
23660,36658,3587,17743,2406,33071,3379,1689,1690
23665,36662,3587,17745,2406,33075,3379,1689,1690
23670,36672,3588,17748,2406,33084,3379,1689,1690
23675,36678,3588,17751,2406,33090,3381,1691,1690
23680,36689,3591,17758,2408,33098,3381,1691,1690
23685,36693,3591,17759,2408,33102,3381,1691,1690
23690,36703,3593,17765,2409,33110,3382,1691,1691
23695,36709,3593,17768,2409,33115,3384,1693,1691
23700,36720,3596,17771,2411,33124,3384,1693,1691
23705,36724,3596,17772,2411,33128,3384,1693,1691
23710,36734,3597,17777,2412,33137,3384,1693,1691
23715,36740,3597,17779,2412,33143,3385,1694,1691
23720,36751,3597,17786,2412,33154,3387,1695,1692
23725,36755,3597,17788,2412,33158,3387,1695,1692
23730,36765,3598,17792,2412,33167,3387,1695,1692
23735,36771,3598,17795,2412,33173,3388,1696,1692
23740,36782,3598,17799,2412,33184,3390,1697,1693
23745,36786,3598,17803,2412,33188,3390,1697,1693
23750,36796,3599,17810,2413,33197,3390,1697,1693
23755,36802,3599,17814,2413,33203,3391,1697,1694
23760,36813,3599,17817,2413,33214,3393,1698,1695
23765,36817,3599,17820,2413,33218,3393,1698,1695
23770,36827,3600,17824,2414,33227,3394,1698,1696
23775,36833,3600,17826,2414,33233,3395,1698,1697
23780,36844,3600,17829,2414,33244,3396,1698,1698
23785,36848,3600,17831,2414,33248,3396,1698,1698
23790,36858,3601,17837,2415,33257,3397,1698,1699
23795,36864,3601,17839,2415,33263,3398,1699,1699
23800,36875,3601,17844,2415,33274,3398,1699,1699
23805,36879,3601,17845,2415,33278,3398,1699,1699
23810,36889,3603,17849,2416,33286,3399,1699,1700
23815,36895,3603,17853,2416,33291,3400,1699,1701
23820,36906,3607,17859,2419,33299,3400,1699,1701
23825,36910,3607,17860,2419,33303,3400,1699,1701
23830,36920,3608,17866,2420,33312,3400,1699,1701
23835,36926,3608,17869,2420,33317,3401,1699,1702
23840,36937,3610,17871,2421,33327,3401,1699,1702
23845,36941,3610,17871,2421,33331,3401,1699,1702
23850,36951,3611,17876,2422,33340,3401,1699,1702
23855,36957,3611,17879,2422,33345,3402,1700,1702
23860,36968,3613,17885,2424,33355,3402,1700,1702
23865,36972,3613,17887,2424,33359,3402,1700,1702
23870,36982,3614,17890,2425,33368,3402,1700,1702
23875,36988,3614,17892,2425,33374,3403,1700,1703
23880,36999,3615,17897,2426,33384,3403,1700,1703
23885,37003,3615,17898,2426,33388,3403,1700,1703
23890,37013,3616,17905,2427,33397,3403,1700,1703
23895,37019,3616,17907,2427,33403,3404,1700,1704
23900,37030,3617,17914,2428,33413,3404,1700,1704
23905,37034,3618,17918,2429,33416,3404,1700,1704
23910,37044,3619,17920,2430,33425,3404,1700,1704
23915,37050,3619,17923,2430,33430,3405,1700,1705
23920,37061,3621,17930,2431,33440,3405,1700,1705
23925,37065,3622,17933,2432,33443,3405,1700,1705
23930,37075,3624,17940,2434,33451,3406,1701,1705
23935,37081,3624,17942,2434,33457,3408,1702,1706
23940,37092,3627,17947,2436,33465,3409,1703,1706
23945,37096,3627,17949,2436,33469,3409,1703,1706
23950,37106,3629,17954,2437,33477,3409,1703,1706
23955,37112,3629,17955,2437,33483,3411,1703,1708
23960,37123,3631,17962,2439,33492,3412,1703,1709
23965,37127,3631,17962,2439,33496,3412,1703,1709
23970,37137,3633,17966,2440,33504,3412,1703,1709
23975,37143,3633,17969,2440,33510,3414,1705,1709
23980,37154,3634,17976,2440,33520,3415,1706,1709
23985,37158,3634,17977,2440,33524,3415,1706,1709
23990,37168,3636,17980,2441,33532,3415,1706,1709
23995,37174,3636,17982,2441,33538,3417,1707,1710
24000,37185,3637,17986,2442,33548,3418,1708,1710
24005,37189,3638,17988,2443,33551,3418,1708,1710
24010,37199,3640,17991,2445,33559,3418,1708,1710
24015,37205,3640,17993,2445,33565,3420,1709,1711
24020,37216,3641,17996,2445,33575,3421,1709,1712
24025,37220,3641,17996,2445,33579,3421,1709,1712
24030,37230,3643,18001,2447,33587,3421,1709,1712
24035,37236,3643,18005,2447,33593,3423,1710,1713
24040,37247,3645,18011,2449,33602,3424,1710,1714
24045,37251,3645,18012,2449,33606,3424,1710,1714
24050,37261,3647,18016,2449,33614,3425,1711,1714
24055,37267,3647,18020,2449,33619,3427,1712,1715
24060,37278,3652,18025,2453,33626,3429,1713,1716
24065,37282,3652,18028,2453,33630,3429,1713,1716
24070,37292,3653,18033,2454,33639,3429,1713,1716
24075,37298,3653,18037,2454,33644,3430,1714,1716
24080,37309,3654,18045,2455,33655,3432,1716,1716
24085,37313,3654,18047,2455,33659,3432,1716,1716
24090,37323,3655,18053,2456,33668,3432,1716,1716
24095,37329,3655,18055,2456,33674,3433,1717,1716
24100,37340,3655,18061,2456,33685,3434,1718,1716
24105,37344,3655,18065,2456,33689,3434,1718,1716
24110,37354,3656,18071,2457,33698,3434,1718,1716
24115,37360,3656,18074,2457,33704,3435,1719,1716
24120,37371,3656,18081,2457,33715,3435,1719,1716
24125,37375,3656,18084,2457,33719,3435,1719,1716
24130,37385,3657,18091,2458,33728,3435,1719,1716
24135,37391,3657,18091,2458,33734,3436,1719,1717
24140,37402,3657,18099,2458,33745,3436,1719,1717
24145,37406,3657,18101,2458,33749,3436,1719,1717
24150,37416,3658,18106,2458,33758,3436,1719,1717
24155,37422,3658,18107,2458,33764,3437,1719,1718
24160,37433,3658,18114,2458,33775,3437,1719,1718
24165,37437,3658,18116,2458,33779,3437,1719,1718
24170,37447,3660,18120,2459,33787,3438,1720,1718
24175,37453,3660,18124,2459,33793,3439,1721,1718
24180,37464,3662,18129,2461,33802,3439,1721,1718
24185,37468,3662,18129,2461,33806,3439,1721,1718
24190,37478,3664,18133,2461,33814,3440,1721,1719
24195,37484,3664,18135,2461,33819,3441,1721,1720
24200,37495,3666,18137,2462,33829,3442,1722,1720
24205,37499,3667,18138,2463,33832,3442,1722,1720
24210,37509,3669,18140,2465,33840,3443,1722,1721
24215,37515,3669,18142,2465,33846,3444,1722,1722
24220,37526,3670,18147,2465,33856,3445,1722,1723
24225,37530,3670,18148,2465,33860,3445,1722,1723
24230,37540,3672,18154,2465,33868,3446,1723,1723
24235,37546,3672,18158,2465,33874,3447,1724,1723
24240,37557,3674,18165,2467,33883,3449,1726,1723
24245,37561,3675,18169,2468,33886,3449,1726,1723
24250,37571,3677,18172,2469,33894,3450,1726,1724
24255,37577,3677,18175,2469,33900,3452,1726,1726
24260,37588,3679,18182,2471,33909,3453,1727,1726
24265,37592,3680,18186,2472,33912,3453,1727,1726
24270,37602,3682,18190,2472,33920,3454,1728,1726
24275,37608,3682,18193,2472,33926,3456,1728,1728
24280,37619,3683,18197,2473,33936,3457,1728,1729
24285,37623,3684,18199,2474,33939,3457,1728,1729
24290,37633,3686,18203,2474,33947,3458,1729,1729
24295,37639,3686,18206,2474,33953,3460,1730,1730
24300,37650,3687,18209,2475,33963,3461,1731,1730
24305,37654,3687,18212,2475,33967,3461,1731,1730
24310,37664,3688,18219,2476,33976,3461,1731,1730
24315,37670,3688,18220,2476,33982,3463,1732,1731
24320,37681,3688,18227,2476,33993,3464,1732,1732
24325,37685,3688,18228,2476,33997,3464,1732,1732
24330,37695,3689,18233,2477,34006,3464,1732,1732
24335,37701,3689,18236,2477,34011,3465,1732,1733
24340,37712,3690,18239,2478,34022,3465,1732,1733
24345,37716,3690,18240,2478,34026,3465,1732,1733
24350,37726,3691,18247,2478,34035,3465,1732,1733
24355,37732,3691,18250,2478,34040,3466,1732,1734
24360,37743,3692,18257,2479,34051,3467,1733,1734
24365,37747,3692,18258,2479,34055,3467,1733,1734
24370,37757,3693,18264,2480,34064,3467,1733,1734
24375,37763,3693,18265,2480,34070,3468,1733,1735
24380,37774,3693,18272,2480,34081,3469,1734,1735
24385,37778,3694,18276,2481,34084,3469,1734,1735
24390,37788,3695,18280,2481,34093,3469,1734,1735
24395,37794,3695,18284,2481,34099,3470,1734,1736
24400,37805,3695,18288,2481,34110,3471,1734,1737
24405,37809,3695,18290,2481,34114,3471,1734,1737
24410,37819,3696,18293,2481,34123,3472,1734,1738
24415,37825,3696,18296,2481,34129,3473,1734,1739
24420,37836,3697,18304,2482,34139,3474,1735,1739
24425,37840,3697,18305,2482,34143,3474,1735,1739
24430,37850,3699,18310,2484,34151,3474,1735,1739
24435,37856,3699,18313,2484,34157,3475,1735,1740
24440,37867,3701,18316,2485,34166,3476,1735,1741
24445,37871,3702,18318,2486,34169,3476,1735,1741
24450,37881,3704,18324,2488,34177,3476,1735,1741
24455,37887,3704,18327,2488,34183,3477,1736,1741
24460,37898,3705,18331,2488,34193,3478,1736,1742
24465,37902,3705,18333,2488,34197,3478,1736,1742
24470,37912,3707,18338,2488,34205,3478,1736,1742
24475,37918,3707,18342,2488,34211,3479,1737,1742
24480,37929,3709,18348,2489,34220,3480,1738,1742
24485,37933,3709,18349,2489,34224,3480,1738,1742
24490,37943,3711,18354,2490,34232,3481,1739,1742
24495,37949,3711,18356,2490,34238,3483,1739,1744
24500,37960,3713,18361,2491,34247,3484,1740,1744
24505,37964,3714,18363,2492,34250,3484,1740,1744
24510,37974,3716,18368,2493,34258,3485,1741,1744
24515,37980,3716,18371,2493,34263,3487,1741,1746
24520,37991,3718,18378,2494,34273,3488,1742,1746
24525,37995,3718,18378,2494,34277,3488,1742,1746
24530,38005,3720,18384,2495,34285,3489,1743,1746
24535,38011,3720,18386,2495,34291,3491,1743,1748
24540,38022,3722,18392,2497,34300,3493,1744,1749
24545,38026,3722,18396,2497,34304,3493,1744,1749
24550,38036,3723,18403,2498,34313,3493,1744,1749
24555,38042,3723,18407,2498,34319,3494,1745,1749
24560,38053,3723,18411,2498,34330,3496,1745,1751
24565,38057,3723,18415,2498,34334,3496,1745,1751
24570,38067,3724,18419,2498,34343,3496,1745,1751
24575,38073,3724,18420,2498,34349,3497,1745,1752
24580,38084,3724,18429,2498,34360,3499,1747,1752
24585,38088,3724,18432,2498,34364,3499,1747,1752
24590,38098,3725,18436,2498,34373,3499,1747,1752
24595,38104,3725,18438,2498,34379,3500,1747,1753
24600,38115,3725,18446,2498,34390,3502,1748,1754
24605,38119,3725,18447,2498,34394,3502,1748,1754
24610,38129,3726,18453,2499,34403,3502,1748,1754
24615,38135,3726,18455,2499,34409,3503,1748,1755
24620,38146,3726,18460,2499,34420,3504,1748,1756
24625,38150,3726,18462,2499,34424,3504,1748,1756
24630,38160,3727,18466,2500,34433,3504,1748,1756
24635,38166,3727,18472,2500,34439,3505,1749,1756
24640,38177,3727,18477,2500,34450,3506,1749,1757
24645,38181,3727,18477,2500,34454,3506,1749,1757
24650,38191,3729,18482,2502,34462,3506,1749,1757
24655,38197,3729,18484,2502,34468,3508,1749,1759
24660,38208,3730,18489,2502,34478,3509,1750,1759
24665,38212,3730,18490,2502,34482,3509,1750,1759
24670,38222,3731,18494,2503,34491,3510,1750,1760
24675,38228,3731,18497,2503,34497,3512,1752,1760
24680,38239,3733,18503,2505,34506,3512,1752,1760
24685,38243,3733,18506,2505,34510,3512,1752,1760
24690,38253,3734,18510,2505,34519,3513,1752,1761
24695,38259,3734,18514,2505,34525,3515,1754,1761
24700,38270,3735,18518,2506,34535,3515,1754,1761
24705,38274,3735,18520,2506,34539,3515,1754,1761
24710,38284,3736,18526,2507,34548,3516,1754,1762
24715,38290,3736,18528,2507,34554,3518,1755,1763
24720,38301,3738,18533,2508,34563,3519,1755,1764
24725,38305,3738,18533,2508,34567,3519,1755,1764
24730,38315,3739,18539,2508,34576,3520,1756,1764
24735,38321,3739,18542,2508,34582,3522,1756,1766
24740,38332,3741,18547,2510,34591,3523,1756,1767
24745,38336,3741,18548,2510,34595,3523,1756,1767
24750,38346,3742,18554,2510,34604,3524,1756,1768
24755,38352,3742,18557,2510,34610,3526,1758,1768
24760,38363,3745,18561,2512,34618,3527,1759,1768
24765,38367,3745,18563,2512,34622,3527,1759,1768
24770,38377,3747,18568,2513,34630,3528,1760,1768
24775,38383,3747,18572,2513,34636,3530,1762,1768
24780,38394,3749,18577,2514,34645,3532,1764,1768
24785,38398,3749,18578,2514,34649,3532,1764,1768
24790,38408,3751,18583,2516,34657,3532,1764,1768
24795,38414,3751,18585,2516,34663,3533,1765,1768
24800,38425,3752,18591,2517,34673,3535,1765,1770
24805,38429,3752,18592,2517,34677,3535,1765,1770
24810,38439,3754,18597,2518,34685,3535,1765,1770
24815,38445,3754,18601,2518,34691,3536,1765,1771
24820,38456,3755,18608,2519,34701,3538,1766,1772
24825,38460,3755,18608,2519,34705,3538,1766,1772
24830,38470,3757,18611,2519,34713,3538,1766,1772
24835,38476,3757,18612,2519,34719,3539,1767,1772
24840,38487,3757,18614,2519,34730,3541,1767,1774
24845,38491,3757,18614,2519,34734,3541,1767,1774
24850,38501,3759,18621,2520,34742,3541,1767,1774
24855,38507,3759,18623,2520,34748,3542,1767,1775
24860,38518,3762,18629,2522,34756,3543,1767,1776
24865,38522,3763,18631,2523,34759,3543,1767,1776
24870,38532,3765,18636,2524,34767,3543,1767,1776
24875,38538,3765,18638,2524,34773,3544,1768,1776
24880,38549,3767,18642,2526,34782,3545,1768,1777
24885,38553,3767,18645,2526,34786,3545,1768,1777
24890,38563,3769,18650,2527,34794,3546,1769,1777
24895,38569,3769,18653,2527,34799,3547,1769,1778
24900,38580,3772,18658,2530,34808,3548,1769,1779
24905,38584,3772,18659,2530,34812,3548,1769,1779
24910,38594,3773,18664,2531,34821,3548,1769,1779
24915,38600,3773,18668,2531,34826,3549,1770,1779
24920,38611,3775,18671,2533,34836,3550,1770,1780
24925,38615,3775,18673,2533,34840,3550,1770,1780
24930,38625,3776,18680,2534,34849,3550,1770,1780
24935,38631,3776,18682,2534,34854,3551,1770,1781
24940,38642,3777,18687,2535,34865,3551,1770,1781
24945,38646,3777,18687,2535,34869,3551,1770,1781
24950,38656,3778,18693,2535,34878,3551,1770,1781
24955,38662,3778,18697,2535,34884,3552,1771,1781
24960,38673,3778,18700,2535,34895,3552,1771,1781
24965,38677,3778,18703,2535,34899,3552,1771,1781
24970,38687,3779,18705,2535,34908,3552,1771,1781
24975,38693,3779,18707,2535,34914,3553,1771,1782
24980,38704,3780,18711,2536,34924,3553,1771,1782
24985,38708,3780,18712,2536,34928,3553,1771,1782
24990,38718,3781,18717,2537,34937,3553,1771,1782
24995,38724,3781,18722,2537,34943,3554,1772,1782
25000,38735,3781,18730,2537,34954,3554,1772,1782
25005,38739,3781,18732,2537,34958,3554,1772,1782
25010,38749,3783,18738,2538,34966,3554,1772,1782
25015,38755,3783,18741,2538,34972,3556,1773,1783
25020,38766,3786,18749,2541,34980,3556,1773,1783
25025,38770,3787,18751,2542,34983,3556,1773,1783
25030,38780,3789,18756,2542,34991,3557,1774,1783
25035,38786,3789,18758,2542,34997,3558,1774,1784
25040,38797,3790,18760,2543,35007,3559,1774,1785
25045,38801,3791,18762,2544,35010,3559,1774,1785
25050,38811,3793,18766,2545,35018,3560,1775,1785
25055,38817,3793,18770,2545,35024,3561,1776,1785
25060,38828,3794,18774,2545,35034,3563,1777,1786
25065,38832,3796,18777,2547,35036,3563,1777,1786
25070,38842,3798,18783,2548,35044,3564,1778,1786
25075,38848,3798,18786,2548,35049,3565,1778,1787
25080,38859,3800,18794,2550,35059,3567,1780,1787
25085,38863,3801,18796,2551,35062,3567,1780,1787
25090,38873,3803,18804,2552,35070,3567,1780,1787
25095,38879,3803,18807,2552,35076,3568,1780,1788
25100,38890,3805,18813,2554,35085,3568,1780,1788
25105,38894,3805,18816,2554,35089,3568,1780,1788
25110,38904,3807,18822,2554,35097,3568,1780,1788
25115,38910,3807,18822,2554,35103,3569,1780,1789
25120,38921,3808,18827,2554,35113,3570,1780,1790
25125,38925,3809,18828,2555,35116,3570,1780,1790
25130,38935,3811,18834,2555,35124,3570,1780,1790
25135,38941,3811,18837,2555,35129,3572,1782,1790
25140,38952,3816,18845,2559,35136,3574,1783,1791
25145,38956,3816,18846,2559,35140,3574,1783,1791
25150,38966,3817,18851,2559,35149,3574,1783,1791
25155,38972,3817,18855,2559,35155,3576,1784,1792
25160,38983,3817,18859,2559,35166,3577,1784,1793
25165,38987,3817,18861,2559,35170,3577,1784,1793
25170,38997,3818,18868,2559,35179,3577,1784,1793
25175,39003,3818,18870,2559,35185,3579,1785,1794
25180,39014,3818,18872,2559,35196,3580,1785,1795
25185,39018,3819,18875,2560,35199,3580,1785,1795
25190,39028,3820,18881,2561,35208,3580,1785,1795
25195,39034,3820,18886,2561,35214,3582,1786,1796
25200,39045,3821,18895,2562,35224,3582,1786,1796
25205,39049,3821,18896,2562,35228,3582,1786,1796
25210,39059,3822,18900,2562,35237,3582,1786,1796
25215,39065,3822,18902,2562,35243,3584,1788,1796
25220,39076,3822,18908,2562,35254,3584,1788,1796
25225,39080,3822,18911,2562,35258,3584,1788,1796
25230,39090,3823,18915,2562,35267,3584,1788,1796
25235,39096,3823,18919,2562,35273,3586,1789,1797
25240,39107,3823,18923,2562,35284,3586,1789,1797
25245,39111,3823,18924,2562,35288,3586,1789,1797
25250,39121,3825,18929,2562,35296,3587,1789,1798
25255,39127,3825,18931,2562,35302,3589,1789,1800
25260,39138,3827,18938,2564,35311,3589,1789,1800
25265,39142,3828,18940,2565,35314,3589,1789,1800
25270,39152,3829,18942,2565,35323,3590,1789,1801
25275,39158,3829,18947,2565,35328,3591,1790,1801
25280,39169,3831,18953,2566,35338,3592,1791,1801
25285,39173,3832,18955,2567,35341,3592,1791,1801
25290,39183,3833,18961,2567,35350,3593,1792,1801
25295,39189,3833,18964,2567,35355,3594,1792,1802
25300,39200,3837,18971,2571,35363,3596,1793,1803
25305,39204,3838,18973,2572,35366,3596,1793,1803
25310,39214,3839,18979,2573,35375,3597,1793,1804
25315,39220,3839,18983,2573,35381,3598,1794,1804
25320,39231,3841,18988,2574,35390,3600,1794,1806
25325,39235,3841,18990,2574,35394,3600,1794,1806
25330,39245,3842,18994,2574,35403,3600,1794,1806
25335,39251,3842,18996,2574,35409,3601,1795,1806
25340,39262,3842,19000,2574,35420,3602,1796,1806
25345,39266,3842,19000,2574,35424,3602,1796,1806
25350,39276,3843,19007,2574,35433,3602,1796,1806
25355,39282,3843,19009,2574,35439,3603,1796,1807
25360,39293,3844,19015,2575,35449,3604,1796,1808
25365,39297,3844,19018,2575,35453,3604,1796,1808
25370,39307,3846,19023,2576,35461,3604,1796,1808
25375,39313,3846,19026,2576,35467,3605,1797,1808
25380,39324,3848,19033,2578,35476,3606,1797,1809
25385,39328,3848,19036,2578,35480,3606,1797,1809
25390,39338,3850,19042,2580,35488,3606,1797,1809
25395,39344,3850,19046,2580,35494,3608,1799,1809
25400,39355,3852,19054,2582,35503,3608,1799,1809
25405,39359,3852,19058,2582,35507,3608,1799,1809
25410,39369,3854,19063,2583,35515,3608,1799,1809
25415,39375,3854,19066,2583,35520,3610,1801,1809
25420,39386,3856,19070,2585,35530,3610,1801,1809
25425,39390,3856,19072,2585,35534,3610,1801,1809
25430,39400,3858,19075,2585,35542,3610,1801,1809
25435,39406,3858,19079,2585,35547,3612,1802,1810
25440,39417,3861,19083,2587,35556,3612,1802,1810
25445,39421,3862,19085,2588,35559,3612,1802,1810
25450,39431,3863,19090,2588,35568,3612,1802,1810
25455,39437,3863,19092,2588,35574,3613,1802,1811
25460,39448,3865,19096,2590,35583,3613,1802,1811
25465,39452,3867,19098,2592,35585,3613,1802,1811
25470,39462,3868,19102,2592,35594,3613,1802,1811
25475,39468,3868,19108,2592,35599,3614,1803,1811
25480,39479,3871,19113,2595,35608,3614,1803,1811
25485,39483,3871,19114,2595,35612,3614,1803,1811
25490,39493,3872,19120,2595,35621,3615,1803,1812
25495,39499,3872,19125,2595,35626,3616,1804,1812
25500,39510,3875,19133,2598,35635,3618,1805,1813
25505,39514,3875,19134,2598,35639,3618,1805,1813
25510,39524,3876,19139,2599,35648,3618,1805,1813
25515,39530,3876,19144,2599,35653,3619,1806,1813
25520,39541,3877,19150,2600,35664,3620,1807,1813
25525,39545,3877,19152,2600,35668,3620,1807,1813
25530,39555,3878,19158,2601,35677,3620,1807,1813
25535,39561,3878,19162,2601,35682,3621,1808,1813
25540,39572,3879,19165,2602,35693,3622,1808,1814
25545,39576,3879,19167,2602,35697,3622,1808,1814
25550,39586,3881,19170,2603,35705,3622,1808,1814
25555,39592,3881,19172,2603,35711,3623,1809,1814
25560,39603,3881,19177,2603,35722,3623,1809,1814
25565,39607,3881,19179,2603,35726,3623,1809,1814
25570,39617,3883,19186,2604,35734,3623,1809,1814
25575,39623,3883,19191,2604,35740,3624,1810,1814
25580,39634,3883,19194,2604,35751,3625,1810,1815
25585,39638,3883,19196,2604,35755,3625,1810,1815
25590,39648,3885,19203,2605,35763,3625,1810,1815
25595,39654,3885,19206,2605,35769,3626,1811,1815
25600,39665,3886,19213,2606,35779,3627,1811,1816
25605,39669,3886,19215,2606,35783,3627,1811,1816
25610,39679,3888,19217,2607,35791,3627,1811,1816
25615,39685,3888,19221,2607,35797,3629,1811,1818
25620,39696,3890,19227,2608,35806,3630,1812,1818
25625,39700,3891,19229,2609,35809,3630,1812,1818
25630,39710,3892,19235,2610,35818,3630,1812,1818
25635,39716,3892,19237,2610,35824,3632,1813,1819
25640,39727,3895,19243,2612,35832,3632,1813,1819
25645,39731,3895,19246,2612,35836,3632,1813,1819
25650,39741,3896,19252,2613,35845,3632,1813,1819
25655,39747,3896,19255,2613,35851,3634,1813,1821
25660,39758,3897,19259,2613,35861,3635,1814,1821
25665,39762,3897,19260,2613,35865,3635,1814,1821
25670,39772,3898,19263,2614,35874,3636,1814,1822
25675,39778,3898,19265,2614,35880,3638,1815,1823
25680,39789,3900,19267,2616,35889,3639,1815,1824
25685,39793,3901,19268,2617,35892,3639,1815,1824
25690,39803,3903,19275,2618,35900,3640,1815,1825
25695,39809,3903,19277,2618,35906,3641,1815,1826
25700,39820,3904,19286,2619,35916,3642,1816,1826
25705,39824,3904,19287,2619,35920,3642,1816,1826
25710,39834,3906,19295,2620,35928,3643,1817,1826
25715,39840,3906,19297,2620,35934,3644,1817,1827
25720,39851,3907,19300,2620,35944,3645,1817,1828
25725,39855,3907,19302,2620,35948,3645,1817,1828
25730,39865,3909,19307,2621,35956,3646,1817,1829
25735,39871,3909,19307,2621,35962,3647,1817,1830
25740,39882,3910,19311,2622,35972,3648,1817,1831
25745,39886,3911,19314,2623,35975,3648,1817,1831
25750,39896,3912,19320,2624,35984,3648,1817,1831
25755,39902,3912,19325,2624,35989,3649,1818,1831
25760,39913,3914,19327,2625,35999,3651,1819,1832
25765,39917,3915,19329,2626,36002,3651,1819,1832
25770,39927,3916,19332,2627,36011,3651,1819,1832
25775,39933,3916,19335,2627,36016,3652,1820,1832
25780,39944,3918,19338,2628,36026,3654,1820,1834
25785,39948,3919,19340,2629,36029,3654,1820,1834
25790,39958,3920,19343,2630,36038,3654,1820,1834
25795,39964,3920,19346,2630,36044,3655,1820,1835
25800,39975,3921,19350,2630,36054,3657,1821,1836
25805,39979,3922,19352,2631,36057,3657,1821,1836
25810,39989,3923,19354,2631,36066,3657,1821,1836
25815,39995,3923,19357,2631,36072,3658,1822,1836
25820,40006,3924,19361,2631,36082,3660,1822,1838
25825,40010,3925,19363,2632,36085,3660,1822,1838
25830,40020,3926,19368,2632,36094,3660,1822,1838
25835,40026,3926,19369,2632,36100,3661,1822,1839
25840,40037,3928,19375,2634,36109,3663,1823,1840
25845,40041,3929,19378,2635,36112,3663,1823,1840
25850,40051,3931,19385,2637,36120,3664,1824,1840
25855,40057,3931,19391,2637,36126,3666,1826,1840
25860,40068,3934,19399,2640,36134,3668,1826,1842
25865,40072,3935,19402,2641,36137,3668,1826,1842
25870,40082,3937,19406,2642,36145,3668,1826,1842
25875,40088,3937,19407,2642,36151,3670,1826,1844
25880,40099,3937,19409,2642,36162,3671,1826,1845
25885,40103,3937,19411,2642,36166,3671,1826,1845
25890,40113,3939,19415,2642,36174,3671,1826,1845
25895,40119,3939,19418,2642,36179,3673,1826,1847
25900,40130,3941,19425,2644,36189,3674,1827,1847
25905,40134,3942,19428,2645,36192,3674,1827,1847
25910,40144,3944,19433,2646,36200,3674,1827,1847
25915,40150,3944,19435,2646,36205,3676,1828,1848
25920,40161,3946,19441,2648,36215,3677,1829,1848
25925,40165,3946,19442,2648,36219,3677,1829,1848
25930,40175,3947,19446,2648,36228,3677,1829,1848
25935,40181,3947,19449,2648,36233,3679,1829,1850
25940,40192,3948,19456,2649,36244,3679,1829,1850
25945,40196,3948,19456,2649,36248,3679,1829,1850
25950,40206,3949,19459,2650,36257,3679,1829,1850
25955,40212,3949,19462,2650,36262,3680,1830,1850
25960,40223,3950,19464,2651,36273,3680,1830,1850
25965,40227,3951,19467,2652,36276,3680,1830,1850
25970,40237,3952,19470,2652,36285,3681,1831,1850
25975,40243,3952,19474,2652,36290,3682,1831,1851
25980,40254,3954,19481,2654,36300,3683,1832,1851
25985,40258,3954,19482,2654,36304,3683,1832,1851
25990,40268,3954,19487,2654,36314,3683,1832,1851
25995,40274,3954,19490,2654,36320,3684,1832,1852
26000,40285,3955,19494,2654,36330,3686,1834,1852
26005,40289,3955,19496,2654,36334,3686,1834,1852
26010,40299,3955,19499,2654,36344,3686,1834,1852
26015,40305,3955,19504,2654,36350,3687,1835,1852
26020,40316,3957,19511,2656,36359,3689,1837,1852
26025,40320,3957,19512,2656,36363,3689,1837,1852
26030,40330,3958,19517,2656,36372,3689,1837,1852
26035,40336,3958,19519,2656,36377,3690,1837,1853
26040,40347,3962,19524,2659,36385,3692,1839,1853
26045,40351,3962,19528,2659,36389,3692,1839,1853
26050,40361,3963,19535,2660,36398,3692,1839,1853
26055,40367,3963,19537,2660,36404,3694,1839,1855
26060,40378,3963,19538,2660,36415,3695,1839,1856
26065,40382,3963,19538,2660,36419,3695,1839,1856
26070,40392,3964,19544,2661,36428,3695,1839,1856
26075,40398,3964,19547,2661,36434,3697,1840,1857
26080,40409,3966,19553,2663,36443,3698,1840,1858
26085,40413,3966,19554,2663,36447,3698,1840,1858
26090,40423,3967,19557,2664,36456,3698,1840,1858
26095,40429,3967,19560,2664,36462,3700,1841,1859
26100,40440,3969,19563,2666,36471,3701,1841,1860
26105,40444,3969,19564,2666,36475,3701,1841,1860
26110,40454,3971,19570,2668,36483,3701,1841,1860
26115,40460,3971,19573,2668,36489,3702,1841,1861
26120,40471,3971,19582,2668,36500,3703,1842,1861
26125,40475,3971,19583,2668,36504,3703,1842,1861
26130,40485,3973,19587,2669,36512,3703,1842,1861
26135,40491,3973,19592,2669,36518,3704,1843,1861
26140,40502,3973,19598,2669,36529,3705,1843,1862
26145,40506,3973,19598,2669,36533,3705,1843,1862
26150,40516,3975,19603,2671,36541,3705,1843,1862
26155,40522,3975,19605,2671,36547,3706,1844,1862
26160,40533,3976,19609,2671,36557,3706,1844,1862
26165,40537,3976,19610,2671,36561,3706,1844,1862
26170,40547,3978,19611,2671,36569,3706,1844,1862
26175,40553,3978,19615,2671,36575,3707,1845,1862
26180,40564,3979,19619,2671,36585,3708,1845,1863
26185,40568,3980,19621,2672,36588,3708,1845,1863
26190,40578,3982,19628,2674,36596,3708,1845,1863
26195,40584,3982,19631,2674,36602,3709,1845,1864
26200,40595,3983,19635,2675,36612,3710,1845,1865
26205,40599,3983,19637,2675,36616,3710,1845,1865
26210,40609,3985,19642,2676,36624,3711,1845,1866
26215,40615,3985,19644,2676,36629,3713,1846,1867
26220,40626,3989,19650,2679,36637,3714,1846,1868
26225,40630,3990,19653,2680,36640,3714,1846,1868
26230,40640,3991,19655,2680,36649,3714,1846,1868
26235,40646,3991,19657,2680,36655,3716,1846,1870
26240,40657,3993,19664,2682,36664,3718,1847,1871
26245,40661,3993,19664,2682,36668,3718,1847,1871
26250,40671,3994,19667,2682,36677,3718,1847,1871
26255,40677,3994,19669,2682,36683,3720,1848,1872
26260,40688,3996,19672,2683,36692,3722,1849,1873
26265,40692,3996,19675,2683,36696,3722,1849,1873
26270,40702,3997,19679,2683,36705,3722,1849,1873
26275,40708,3997,19681,2683,36711,3724,1850,1874
26280,40719,3998,19683,2683,36721,3726,1851,1875
26285,40723,3999,19686,2684,36724,3726,1851,1875
26290,40733,4000,19691,2684,36733,3727,1852,1875
26295,40739,4000,19693,2684,36739,3728,1852,1876
26300,40750,4003,19699,2687,36747,3729,1852,1877
26305,40754,4003,19700,2687,36751,3729,1852,1877
26310,40764,4004,19705,2688,36760,3730,1852,1878
26315,40770,4004,19708,2688,36766,3731,1852,1879
26320,40781,4007,19714,2691,36774,3732,1852,1880
26325,40785,4008,19716,2692,36777,3732,1852,1880
26330,40795,4010,19725,2693,36785,3733,1853,1880
26335,40801,4010,19727,2693,36791,3734,1853,1881
26340,40812,4013,19730,2695,36799,3735,1853,1882
26345,40816,4014,19732,2696,36802,3735,1853,1882
26350,40826,4016,19736,2697,36810,3735,1853,1882
26355,40832,4016,19737,2697,36816,3736,1853,1883
26360,40843,4016,19742,2697,36827,3736,1853,1883
26365,40847,4017,19746,2698,36830,3736,1853,1883
26370,40857,4019,19752,2698,36838,3736,1853,1883
26375,40863,4019,19757,2698,36843,3737,1854,1883
26380,40874,4020,19761,2699,36854,3737,1854,1883
26385,40878,4020,19763,2699,36858,3737,1854,1883
26390,40888,4022,19768,2700,36866,3737,1854,1883
26395,40894,4022,19772,2700,36871,3739,1855,1884
26400,40905,4024,19776,2702,36881,3739,1855,1884
26405,40909,4024,19778,2702,36885,3739,1855,1884
26410,40919,4025,19784,2703,36894,3739,1855,1884
26415,40925,4025,19788,2703,36899,3740,1855,1885
26420,40936,4026,19792,2704,36910,3740,1855,1885
26425,40940,4026,19796,2704,36914,3740,1855,1885
26430,40950,4027,19802,2705,36923,3740,1855,1885
26435,40956,4027,19804,2705,36929,3741,1855,1886
26440,40967,4027,19807,2705,36940,3741,1855,1886
26445,40971,4027,19808,2705,36944,3741,1855,1886
26450,40981,4028,19812,2706,36953,3742,1856,1886
26455,40987,4028,19815,2706,36958,3743,1856,1887
26460,40998,4032,19822,2710,36966,3745,1856,1889
26465,41002,4032,19824,2710,36970,3745,1856,1889
26470,41012,4032,19829,2710,36980,3745,1856,1889
26475,41018,4032,19831,2710,36986,3746,1856,1890
26480,41029,4034,19839,2711,36995,3747,1856,1891
26485,41033,4035,19842,2712,36998,3747,1856,1891
26490,41043,4035,19849,2712,37008,3747,1856,1891
26495,41049,4035,19852,2712,37014,3748,1856,1892
26500,41060,4037,19859,2714,37023,3749,1857,1892
26505,41064,4038,19863,2715,37026,3749,1857,1892
26510,41074,4039,19867,2716,37035,3749,1857,1892
26515,41080,4039,19870,2716,37040,3751,1859,1892
26520,41091,4042,19877,2719,37049,3752,1860,1892
26525,41095,4042,19880,2719,37053,3752,1860,1892
26530,41105,4044,19883,2720,37061,3752,1860,1892
26535,41111,4044,19886,2720,37067,3754,1861,1893
26540,41122,4047,19894,2723,37075,3754,1861,1893
26545,41126,4047,19897,2723,37079,3754,1861,1893
26550,41136,4049,19902,2724,37087,3754,1861,1893
26555,41142,4049,19905,2724,37093,3756,1862,1894
26560,41153,4052,19911,2727,37101,3756,1862,1894
26565,41157,4052,19912,2727,37105,3756,1862,1894
26570,41167,4054,19918,2728,37113,3756,1862,1894
26575,41173,4054,19923,2728,37119,3758,1864,1894
26580,41184,4056,19932,2730,37128,3758,1864,1894
26585,41188,4056,19935,2730,37132,3758,1864,1894
26590,41198,4057,19943,2731,37141,3758,1864,1894
26595,41204,4057,19944,2731,37147,3759,1864,1895
26600,41215,4057,19948,2731,37158,3759,1864,1895
26605,41219,4057,19951,2731,37162,3759,1864,1895
26610,41229,4058,19956,2731,37171,3759,1864,1895
26615,41235,4058,19960,2731,37177,3760,1865,1895
26620,41246,4058,19963,2731,37188,3760,1865,1895
26625,41250,4058,19964,2731,37192,3760,1865,1895
26630,41260,4059,19970,2732,37201,3760,1865,1895
26635,41266,4059,19973,2732,37207,3761,1866,1895
26640,41277,4060,19979,2732,37217,3762,1867,1895
26645,41281,4061,19980,2733,37220,3762,1867,1895
26650,41291,4062,19987,2733,37229,3762,1867,1895
26655,41297,4062,19989,2733,37235,3763,1868,1895
26660,41308,4064,19993,2734,37244,3764,1869,1895
26665,41312,4064,19995,2734,37248,3764,1869,1895
26670,41322,4065,19998,2735,37257,3764,1869,1895
26675,41328,4065,20000,2735,37262,3765,1869,1896
26680,41339,4069,20009,2739,37270,3766,1870,1896
26685,41343,4069,20011,2739,37274,3766,1870,1896
26690,41353,4071,20015,2740,37282,3766,1870,1896
26695,41359,4071,20018,2740,37288,3768,1872,1896
26700,41370,4073,20024,2742,37297,3769,1872,1897
26705,41374,4073,20026,2742,37301,3769,1872,1897
26710,41384,4075,20032,2742,37309,3770,1873,1897
26715,41390,4075,20033,2742,37315,3771,1873,1898
26720,41401,4076,20036,2743,37325,3771,1873,1898
26725,41405,4076,20037,2743,37329,3771,1873,1898
26730,41415,4078,20040,2744,37337,3772,1874,1898
26735,41421,4078,20045,2744,37342,3773,1875,1898
26740,41432,4080,20048,2745,37352,3774,1876,1898
26745,41436,4081,20050,2746,37355,3774,1876,1898
26750,41446,4083,20052,2746,37363,3775,1876,1899
26755,41452,4083,20056,2746,37369,3776,1877,1899
26760,41463,4084,20058,2746,37379,3778,1878,1900
26765,41467,4084,20058,2746,37383,3778,1878,1900
26770,41477,4086,20061,2746,37391,3778,1878,1900
26775,41483,4086,20064,2746,37397,3779,1878,1901
26780,41494,4088,20067,2748,37406,3780,1878,1902
26785,41498,4090,20070,2750,37408,3780,1878,1902
26790,41508,4092,20076,2750,37416,3780,1878,1902
26795,41514,4092,20078,2750,37422,3781,1878,1903
26800,41525,4094,20084,2751,37431,3782,1878,1904
26805,41529,4095,20086,2752,37434,3782,1878,1904
26810,41539,4097,20091,2752,37442,3782,1878,1904
26815,41545,4097,20094,2752,37448,3783,1879,1904
26820,41556,4097,20099,2752,37459,3784,1879,1905
26825,41560,4098,20102,2753,37462,3784,1879,1905
26830,41570,4100,20107,2755,37470,3784,1879,1905
26835,41576,4100,20109,2755,37476,3785,1880,1905
26840,41587,4101,20116,2756,37486,3787,1881,1906
26845,41591,4101,20120,2756,37490,3787,1881,1906
26850,41601,4102,20127,2757,37499,3787,1881,1906
26855,41607,4102,20131,2757,37505,3788,1882,1906
26860,41618,4102,20137,2757,37516,3789,1882,1907
26865,41622,4102,20139,2757,37520,3789,1882,1907
26870,41632,4103,20144,2758,37529,3789,1882,1907
26875,41638,4103,20146,2758,37535,3791,1882,1909
26880,41649,4104,20151,2759,37545,3792,1882,1910
26885,41653,4105,20153,2760,37548,3792,1882,1910
26890,41663,4107,20158,2761,37556,3792,1882,1910
26895,41669,4107,20160,2761,37562,3793,1882,1911
26900,41680,4108,20167,2762,37572,3793,1882,1911
26905,41684,4109,20169,2763,37575,3793,1882,1911
26910,41694,4111,20173,2764,37583,3793,1882,1911
26915,41700,4111,20176,2764,37589,3794,1883,1911
26920,41711,4112,20184,2765,37599,3794,1883,1911
26925,41715,4113,20186,2766,37602,3794,1883,1911
26930,41725,4115,20191,2766,37610,3794,1883,1911
26935,41731,4115,20195,2766,37616,3795,1884,1911
26940,41742,4117,20202,2768,37625,3795,1884,1911
26945,41746,4117,20204,2768,37629,3795,1884,1911
26950,41756,4117,20209,2768,37639,3796,1885,1911
26955,41762,4117,20213,2768,37645,3797,1885,1912
26960,41773,4118,20218,2768,37655,3798,1885,1913
26965,41777,4118,20219,2768,37659,3798,1885,1913
26970,41787,4118,20223,2768,37669,3799,1885,1914
26975,41793,4118,20226,2768,37675,3800,1886,1914
26980,41804,4119,20228,2768,37685,3801,1886,1915
26985,41808,4119,20232,2768,37689,3801,1886,1915
26990,41818,4119,20236,2768,37699,3802,1886,1916
26995,41824,4119,20238,2768,37705,3803,1886,1917
27000,41835,4120,20243,2768,37715,3804,1886,1918
27005,41839,4121,20246,2769,37718,3804,1886,1918
27010,41849,4122,20250,2769,37727,3804,1886,1918
27015,41855,4122,20253,2769,37733,3805,1887,1918
27020,41866,4124,20259,2771,37742,3805,1887,1918
27025,41870,4124,20261,2771,37746,3805,1887,1918
27030,41880,4125,20265,2771,37755,3805,1887,1918
27035,41886,4125,20267,2771,37761,3806,1887,1919
27040,41897,4127,20274,2773,37770,3806,1887,1919
27045,41901,4127,20275,2773,37774,3806,1887,1919
27050,41911,4129,20280,2774,37782,3806,1887,1919
27055,41917,4129,20283,2774,37787,3808,1888,1920
27060,41928,4133,20289,2778,37795,3809,1888,1921
27065,41932,4133,20290,2778,37799,3809,1888,1921
27070,41942,4133,20295,2778,37809,3809,1888,1921
27075,41948,4133,20297,2778,37815,3810,1888,1922
27080,41959,4133,20301,2778,37826,3811,1888,1923
27085,41963,4133,20302,2778,37830,3811,1888,1923
27090,41973,4133,20306,2778,37840,3811,1888,1923
27095,41979,4133,20309,2778,37846,3812,1889,1923
27100,41990,4133,20316,2778,37857,3813,1889,1924
27105,41994,4133,20317,2778,37861,3813,1889,1924
27110,42004,4133,20323,2778,37871,3813,1889,1924
27115,42010,4133,20327,2778,37877,3814,1890,1924
27120,42021,4133,20330,2778,37888,3814,1890,1924
27125,42025,4133,20332,2778,37892,3814,1890,1924
27130,42035,4133,20336,2778,37902,3814,1890,1924
27135,42041,4133,20338,2778,37908,3815,1890,1925
27140,42052,4133,20343,2778,37919,3815,1890,1925
27145,42056,4133,20344,2778,37923,3815,1890,1925
27150,42066,4133,20351,2778,37933,3815,1890,1925
27155,42072,4133,20354,2778,37939,3816,1891,1925
27160,42083,4133,20358,2778,37950,3816,1891,1925
27165,42087,4133,20359,2778,37954,3816,1891,1925
27170,42097,4135,20364,2780,37962,3816,1891,1925
27175,42103,4135,20366,2780,37967,3817,1891,1926
27180,42114,4138,20372,2783,37976,3818,1891,1927
27185,42118,4139,20374,2784,37979,3818,1891,1927
27190,42128,4140,20377,2784,37988,3819,1891,1928
27195,42134,4140,20381,2784,37994,3821,1893,1928
27200,42145,4142,20387,2786,38003,3822,1894,1928
27205,42149,4142,20388,2786,38007,3822,1894,1928
27210,42159,4143,20393,2786,38016,3823,1894,1929
27215,42165,4143,20396,2786,38022,3825,1895,1930
27220,42176,4146,20402,2788,38030,3826,1896,1930
27225,42180,4147,20406,2789,38033,3826,1896,1930
27230,42190,4148,20413,2790,38042,3827,1897,1930
27235,42196,4148,20415,2790,38048,3829,1899,1930
27240,42207,4150,20420,2792,38057,3830,1900,1930
27245,42211,4151,20424,2793,38060,3830,1900,1930
27250,42221,4152,20430,2794,38069,3830,1900,1930
27255,42227,4152,20432,2794,38075,3831,1901,1930
27260,42238,4155,20440,2797,38083,3832,1902,1930
27265,42242,4155,20443,2797,38087,3832,1902,1930
27270,42252,4156,20447,2797,38096,3832,1902,1930
27275,42258,4156,20450,2797,38102,3833,1902,1931
27280,42269,4157,20452,2797,38112,3834,1902,1932
27285,42273,4158,20455,2798,38115,3834,1902,1932
27290,42283,4160,20461,2799,38123,3834,1902,1932
27295,42289,4160,20464,2799,38128,3835,1902,1933
27300,42300,4163,20470,2802,38137,3836,1903,1933
27305,42304,4164,20471,2803,38140,3836,1903,1933
27310,42314,4165,20475,2803,38149,3836,1903,1933
27315,42320,4165,20478,2803,38155,3837,1903,1934
27320,42331,4165,20484,2803,38166,3839,1903,1936
27325,42335,4165,20486,2803,38170,3839,1903,1936
27330,42345,4166,20493,2804,38179,3839,1903,1936
27335,42351,4166,20494,2804,38185,3840,1903,1937
27340,42362,4166,20499,2804,38196,3842,1904,1938
27345,42366,4167,20501,2805,38199,3842,1904,1938
27350,42376,4168,20505,2806,38208,3842,1904,1938
27355,42382,4168,20508,2806,38213,3844,1904,1940
27360,42393,4169,20512,2807,38224,3845,1904,1941
27365,42397,4169,20513,2807,38228,3845,1904,1941
27370,42407,4170,20519,2808,38237,3845,1904,1941
27375,42413,4170,20522,2808,38242,3846,1904,1942
27380,42424,4171,20527,2809,38253,3846,1904,1942
27385,42428,4171,20527,2809,38257,3846,1904,1942
27390,42438,4172,20531,2810,38266,3846,1904,1942
27395,42444,4172,20534,2810,38271,3847,1904,1943
27400,42455,4173,20543,2811,38282,3847,1904,1943
27405,42459,4173,20544,2811,38286,3847,1904,1943
27410,42469,4175,20550,2812,38294,3847,1904,1943
27415,42475,4175,20552,2812,38300,3848,1905,1943
27420,42486,4176,20556,2813,38310,3848,1905,1943
27425,42490,4177,20557,2814,38313,3848,1905,1943
27430,42500,4179,20562,2814,38321,3848,1905,1943
27435,42506,4179,20565,2814,38327,3849,1906,1943
27440,42517,4180,20570,2815,38337,3849,1906,1943
27445,42521,4181,20572,2816,38340,3849,1906,1943
27450,42531,4183,20579,2818,38348,3849,1906,1943
27455,42537,4183,20583,2818,38354,3850,1907,1943
27460,42548,4184,20589,2819,38364,3851,1907,1944
27465,42552,4184,20591,2819,38368,3851,1907,1944
27470,42562,4186,20594,2820,38376,3852,1907,1945
27475,42568,4186,20598,2820,38382,3854,1909,1945
27480,42579,4189,20605,2822,38390,3855,1910,1945
27485,42583,4190,20608,2823,38393,3855,1910,1945
27490,42593,4191,20614,2824,38402,3855,1910,1945
27495,42599,4191,20618,2824,38408,3857,1912,1945
27500,42610,4193,20620,2826,38417,3859,1912,1947
27505,42614,4193,20621,2826,38421,3859,1912,1947
27510,42624,4194,20623,2826,38430,3859,1912,1947
27515,42630,4194,20625,2826,38436,3861,1912,1949
27520,42641,4195,20632,2826,38446,3863,1914,1949
27525,42645,4196,20635,2827,38449,3863,1914,1949
27530,42655,4197,20639,2828,38458,3863,1914,1949
27535,42661,4197,20643,2828,38464,3865,1914,1951
27540,42672,4199,20649,2830,38473,3867,1916,1951
27545,42676,4199,20651,2830,38477,3867,1916,1951
27550,42686,4201,20653,2830,38485,3867,1916,1951
27555,42692,4201,20656,2830,38491,3869,1916,1953
27560,42703,4202,20659,2831,38501,3870,1916,1954
27565,42707,4203,20662,2832,38504,3870,1916,1954
27570,42717,4205,20668,2833,38512,3870,1916,1954
27575,42723,4205,20669,2833,38518,3872,1916,1956
27580,42734,4207,20676,2835,38527,3873,1916,1957
27585,42738,4208,20679,2836,38530,3873,1916,1957
27590,42748,4210,20685,2837,38538,3874,1917,1957
27595,42754,4210,20687,2837,38544,3876,1918,1958
27600,42765,4210,20691,2837,38555,3877,1919,1958
27605,42769,4211,20693,2838,38558,3877,1919,1958
27610,42779,4212,20698,2839,38567,3877,1919,1958
27615,42785,4212,20700,2839,38573,3878,1920,1958
27620,42796,4212,20707,2839,38584,3878,1920,1958
27625,42800,4212,20708,2839,38588,3878,1920,1958
27630,42810,4213,20712,2839,38597,3878,1920,1958
27635,42816,4213,20717,2839,38603,3879,1921,1958
27640,42827,4213,20723,2839,38614,3879,1921,1958
27645,42831,4213,20725,2839,38618,3879,1921,1958
27650,42841,4214,20729,2839,38627,3879,1921,1958
27655,42847,4214,20733,2839,38633,3880,1922,1958
27660,42858,4216,20741,2841,38642,3881,1922,1959
27665,42862,4217,20742,2842,38645,3881,1922,1959
27670,42872,4219,20750,2844,38653,3881,1922,1959
27675,42878,4219,20752,2844,38659,3882,1923,1959
27680,42889,4221,20757,2846,38668,3882,1923,1959
27685,42893,4221,20757,2846,38672,3882,1923,1959
27690,42903,4223,20760,2846,38680,3882,1923,1959
27695,42909,4223,20762,2846,38686,3883,1924,1959
27700,42920,4224,20767,2846,38696,3883,1924,1959
27705,42924,4224,20768,2846,38700,3883,1924,1959
27710,42934,4226,20774,2847,38708,3884,1925,1959
27715,42940,4226,20776,2847,38714,3885,1925,1960
27720,42951,4228,20782,2849,38723,3886,1926,1960
27725,42955,4229,20784,2850,38726,3886,1926,1960
27730,42965,4231,20790,2851,38734,3886,1926,1960
27735,42971,4231,20792,2851,38740,3888,1927,1961
27740,42982,4232,20794,2851,38750,3889,1927,1962
27745,42986,4232,20794,2851,38754,3889,1927,1962
27750,42996,4234,20797,2852,38762,3889,1927,1962
27755,43002,4234,20800,2852,38768,3891,1928,1963
27760,43013,4235,20805,2852,38778,3892,1929,1963
27765,43017,4236,20807,2853,38781,3892,1929,1963
27770,43027,4238,20814,2854,38789,3892,1929,1963
27775,43033,4238,20817,2854,38795,3894,1929,1965
27780,43044,4239,20823,2854,38805,3896,1930,1966
27785,43048,4239,20824,2854,38809,3896,1930,1966
27790,43058,4239,20827,2854,38819,3896,1930,1966
27795,43064,4239,20829,2854,38825,3897,1930,1967
27800,43075,4239,20833,2854,38836,3898,1930,1968
27805,43079,4239,20836,2854,38840,3898,1930,1968
27810,43089,4239,20841,2854,38850,3898,1930,1968
27815,43095,4239,20845,2854,38856,3899,1931,1968
27820,43106,4239,20848,2854,38867,3900,1932,1968
27825,43110,4239,20851,2854,38871,3900,1932,1968
27830,43120,4239,20853,2854,38881,3901,1932,1969
27835,43126,4239,20854,2854,38887,3902,1932,1970
27840,43137,4239,20858,2854,38898,3903,1932,1971
27845,43141,4239,20860,2854,38902,3903,1932,1971
27850,43151,4239,20864,2854,38912,3903,1932,1971
27855,43157,4239,20867,2854,38918,3904,1932,1972
27860,43168,4239,20869,2854,38929,3905,1932,1973
27865,43172,4239,20872,2854,38933,3905,1932,1973
27870,43182,4239,20879,2854,38943,3905,1932,1973
27875,43188,4239,20881,2854,38949,3906,1932,1974
27880,43199,4239,20887,2854,38960,3907,1933,1974
27885,43203,4239,20889,2854,38964,3907,1933,1974
27890,43213,4241,20894,2854,38972,3907,1933,1974
27895,43219,4241,20898,2854,38977,3908,1933,1975
27900,43230,4243,20900,2856,38987,3909,1933,1976
27905,43234,4243,20901,2856,38991,3909,1933,1976
27910,43244,4244,20903,2856,39000,3910,1934,1976
27915,43250,4244,20905,2856,39006,3912,1935,1977
27920,43261,4246,20911,2857,39015,3913,1935,1978
27925,43265,4246,20913,2857,39019,3913,1935,1978
27930,43275,4247,20919,2858,39028,3914,1936,1978
27935,43281,4247,20924,2858,39034,3916,1938,1978
27940,43292,4249,20928,2859,39043,3917,1938,1979
27945,43296,4249,20930,2859,39047,3917,1938,1979
27950,43306,4250,20938,2859,39056,3918,1939,1979
27955,43312,4250,20939,2859,39062,3920,1940,1980
27960,43323,4254,20945,2862,39069,3921,1941,1980
27965,43327,4254,20946,2862,39073,3921,1941,1980
27970,43337,4254,20951,2862,39083,3922,1941,1981
27975,43343,4254,20955,2862,39089,3924,1942,1982
27980,43354,4254,20960,2862,39100,3925,1943,1982
27985,43358,4254,20961,2862,39104,3925,1943,1982
27990,43368,4254,20964,2862,39114,3926,1943,1983
27995,43374,4254,20966,2862,39120,3927,1943,1984
28000,43385,4254,20972,2862,39131,3928,1944,1984
28005,43389,4254,20972,2862,39135,3928,1944,1984
28010,43399,4255,20975,2863,39144,3929,1944,1985
28015,43405,4255,20976,2863,39150,3930,1944,1986
28020,43416,4256,20982,2864,39160,3930,1944,1986
28025,43420,4257,20983,2865,39163,3930,1944,1986
28030,43430,4259,20989,2866,39171,3930,1944,1986
28035,43436,4259,20995,2866,39176,3931,1945,1986
28040,43447,4261,21000,2867,39186,3931,1945,1986
28045,43451,4261,21002,2867,39190,3931,1945,1986
28050,43461,4263,21007,2867,39198,3931,1945,1986
28055,43467,4263,21009,2867,39204,3932,1945,1987
28060,43478,4264,21014,2868,39214,3932,1945,1987
28065,43482,4264,21015,2868,39218,3932,1945,1987
28070,43492,4266,21018,2869,39226,3932,1945,1987
28075,43498,4266,21020,2869,39232,3933,1946,1987
28080,43509,4267,21028,2870,39242,3933,1946,1987
28085,43513,4267,21030,2870,39246,3933,1946,1987
28090,43523,4268,21037,2870,39255,3933,1946,1987
28095,43529,4268,21041,2870,39260,3935,1948,1987
28100,43540,4270,21045,2871,39270,3936,1949,1987
28105,43544,4270,21047,2871,39274,3936,1949,1987
28110,43554,4271,21051,2872,39283,3936,1949,1987
28115,43560,4271,21055,2872,39288,3938,1950,1988
28120,43571,4274,21062,2874,39297,3940,1951,1989
28125,43575,4275,21065,2875,39300,3940,1951,1989
28130,43585,4276,21070,2876,39309,3940,1951,1989
28135,43591,4276,21071,2876,39315,3942,1952,1990
28140,43602,4277,21074,2877,39325,3944,1952,1992
28145,43606,4277,21077,2877,39329,3944,1952,1992
28150,43616,4278,21082,2878,39338,3944,1952,1992
28155,43622,4278,21086,2878,39344,3945,1953,1992
28160,43633,4279,21094,2879,39354,3946,1954,1992
28165,43637,4279,21096,2879,39358,3946,1954,1992
28170,43647,4280,21102,2880,39367,3946,1954,1992
28175,43653,4280,21106,2880,39372,3947,1954,1993
28180,43664,4281,21113,2881,39383,3948,1955,1993
28185,43668,4281,21115,2881,39387,3948,1955,1993
28190,43678,4283,21119,2882,39395,3949,1955,1994
28195,43684,4283,21121,2882,39400,3950,1955,1995
28200,43695,4285,21129,2884,39410,3951,1956,1995
28205,43699,4285,21130,2884,39414,3951,1956,1995
28210,43709,4287,21135,2884,39422,3951,1956,1995
28215,43715,4287,21136,2884,39428,3952,1956,1996
28220,43726,4287,21140,2884,39439,3953,1956,1997
28225,43730,4288,21141,2885,39442,3953,1956,1997
28230,43740,4290,21145,2886,39450,3953,1956,1997
28235,43746,4290,21149,2886,39456,3954,1957,1997
28240,43757,4290,21154,2886,39467,3955,1958,1997
28245,43761,4290,21157,2886,39471,3955,1958,1997
28250,43771,4292,21161,2887,39479,3955,1958,1997
28255,43777,4292,21165,2887,39485,3956,1959,1997
28260,43788,4293,21169,2887,39495,3957,1960,1997
28265,43792,4294,21172,2888,39498,3957,1960,1997
28270,43802,4296,21178,2889,39506,3957,1960,1997
28275,43808,4296,21181,2889,39512,3958,1960,1998
28280,43819,4298,21188,2891,39521,3958,1960,1998
28285,43823,4300,21191,2893,39523,3958,1960,1998
28290,43833,4302,21195,2893,39531,3958,1960,1998
28295,43839,4302,21197,2893,39537,3959,1961,1998
28300,43850,4304,21203,2894,39546,3959,1961,1998
28305,43854,4306,21205,2896,39548,3959,1961,1998
28310,43864,4308,21208,2896,39556,3959,1961,1998
28315,43870,4308,21209,2896,39562,3960,1961,1999
28320,43881,4311,21216,2898,39570,3961,1961,2000
28325,43885,4311,21217,2898,39574,3961,1961,2000
28330,43895,4313,21223,2899,39582,3962,1962,2000
28335,43901,4313,21225,2899,39588,3964,1963,2001
28340,43912,4314,21227,2899,39598,3964,1963,2001
28345,43916,4314,21228,2899,39602,3964,1963,2001
28350,43926,4316,21231,2899,39610,3965,1963,2002
28355,43932,4316,21232,2899,39616,3967,1963,2004
28360,43943,4318,21235,2901,39625,3967,1963,2004
28365,43947,4318,21236,2901,39629,3967,1963,2004
28370,43957,4320,21241,2903,39637,3968,1964,2004
28375,43963,4320,21244,2903,39643,3970,1965,2005
28380,43974,4321,21249,2904,39653,3971,1966,2005
28385,43978,4322,21250,2905,39656,3971,1966,2005
28390,43988,4323,21257,2905,39665,3971,1966,2005
28395,43994,4323,21260,2905,39671,3973,1966,2007
28400,44005,4325,21266,2907,39680,3974,1967,2007
28405,44009,4325,21267,2907,39684,3974,1967,2007
28410,44019,4326,21271,2907,39693,3974,1967,2007
28415,44025,4326,21274,2907,39699,3976,1969,2007
28420,44036,4328,21280,2909,39708,3977,1969,2008
28425,44040,4328,21282,2909,39712,3977,1969,2008
28430,44050,4329,21287,2909,39721,3977,1969,2008
28435,44056,4329,21290,2909,39727,3979,1970,2009
28440,44067,4331,21294,2910,39736,3981,1971,2010
28445,44071,4331,21297,2910,39740,3981,1971,2010
28450,44081,4332,21301,2910,39749,3981,1971,2010
28455,44087,4332,21303,2910,39755,3982,1972,2010
28460,44098,4333,21307,2911,39765,3983,1972,2011
28465,44102,4333,21311,2911,39769,3983,1972,2011
28470,44112,4334,21316,2912,39778,3983,1972,2011
28475,44118,4334,21320,2912,39784,3984,1973,2011
28480,44129,4335,21325,2913,39794,3985,1974,2011
28485,44133,4335,21327,2913,39798,3985,1974,2011
28490,44143,4336,21333,2913,39807,3985,1974,2011
28495,44149,4336,21337,2913,39813,3986,1975,2011
28500,44160,4336,21343,2913,39824,3987,1975,2012
28505,44164,4337,21347,2914,39827,3987,1975,2012
28510,44174,4339,21353,2915,39835,3987,1975,2012
28515,44180,4339,21355,2915,39841,3988,1976,2012
28520,44191,4340,21362,2916,39851,3989,1977,2012
28525,44195,4341,21364,2917,39854,3989,1977,2012
28530,44205,4343,21370,2919,39862,3989,1977,2012
28535,44211,4343,21374,2919,39867,3990,1978,2012
28540,44222,4345,21379,2921,39877,3991,1978,2013
28545,44226,4346,21381,2922,39880,3991,1978,2013
28550,44236,4348,21383,2922,39888,3991,1978,2013
28555,44242,4348,21386,2922,39894,3993,1979,2014
28560,44253,4350,21390,2923,39903,3994,1980,2014
28565,44257,4350,21394,2923,39907,3994,1980,2014
28570,44267,4352,21400,2924,39915,3995,1981,2014
28575,44273,4352,21402,2924,39921,3997,1981,2016
28580,44284,4355,21409,2927,39929,3998,1981,2017
28585,44288,4355,21413,2927,39933,3998,1981,2017
28590,44298,4357,21414,2927,39941,3998,1981,2017
28595,44304,4357,21418,2927,39947,4000,1982,2018
28600,44315,4359,21421,2929,39956,4001,1982,2019
28605,44319,4359,21424,2929,39960,4001,1982,2019
28610,44329,4361,21429,2930,39968,4001,1982,2019
28615,44335,4361,21431,2930,39974,4003,1983,2020
28620,44346,4363,21436,2932,39983,4004,1984,2020
28625,44350,4363,21439,2932,39987,4004,1984,2020
28630,44360,4365,21444,2933,39995,4004,1984,2020
28635,44366,4365,21448,2933,40001,4005,1984,2021
28640,44377,4366,21455,2934,40011,4006,1985,2021
28645,44381,4366,21458,2934,40015,4006,1985,2021
28650,44391,4368,21465,2935,40023,4006,1985,2021
28655,44397,4368,21470,2935,40029,4007,1986,2021
28660,44408,4369,21477,2936,40039,4008,1986,2022
28665,44412,4369,21478,2936,40043,4008,1986,2022
28670,44422,4371,21484,2937,40051,4008,1986,2022
28675,44428,4371,21486,2937,40057,4009,1987,2022
28680,44439,4373,21490,2939,40066,4010,1987,2023
28685,44443,4375,21493,2941,40068,4010,1987,2023
28690,44453,4376,21500,2941,40077,4010,1987,2023
28695,44459,4376,21503,2941,40082,4011,1988,2023
28700,44470,4378,21508,2943,40092,4012,1989,2023
28705,44474,4379,21510,2944,40095,4012,1989,2023
28710,44484,4380,21514,2944,40104,4012,1989,2023
28715,44490,4380,21517,2944,40110,4013,1990,2023
28720,44501,4381,21521,2945,40120,4014,1990,2024
28725,44505,4383,21524,2947,40122,4014,1990,2024
28730,44515,4384,21529,2948,40131,4014,1990,2024
28735,44521,4384,21533,2948,40137,4016,1992,2024
28740,44532,4385,21540,2949,40147,4017,1993,2024
28745,44536,4385,21541,2949,40151,4017,1993,2024
28750,44546,4387,21545,2951,40159,4018,1993,2025
28755,44552,4387,21548,2951,40165,4019,1993,2026
28760,44563,4388,21552,2951,40175,4020,1993,2027
28765,44567,4389,21553,2952,40178,4020,1993,2027
28770,44577,4391,21557,2952,40186,4021,1994,2027
28775,44583,4391,21560,2952,40192,4022,1995,2027
28780,44594,4392,21565,2952,40202,4023,1996,2027
28785,44598,4393,21568,2953,40205,4023,1996,2027
28790,44608,4395,21575,2954,40213,4024,1997,2027
28795,44614,4395,21577,2954,40219,4025,1997,2028
28800,44625,4396,21577,2954,40229,4026,1997,2029
28805,44629,4397,21580,2955,40232,4026,1997,2029
28810,44639,4399,21587,2956,40240,4027,1997,2030
28815,44645,4399,21590,2956,40246,4028,1998,2030
28820,44656,4400,21593,2956,40256,4029,1999,2030
28825,44660,4401,21595,2957,40259,4029,1999,2030
28830,44670,4403,21599,2957,40267,4030,1999,2031
28835,44676,4403,21602,2957,40273,4031,2000,2031
28840,44687,4405,21605,2959,40282,4033,2000,2033
28845,44691,4407,21608,2961,40284,4033,2000,2033
28850,44701,4409,21612,2963,40292,4034,2000,2034
28855,44707,4409,21615,2963,40298,4036,2002,2034
28860,44718,4413,21620,2966,40305,4038,2003,2035
28865,44722,4413,21621,2966,40309,4038,2003,2035
28870,44732,4413,21626,2966,40319,4038,2003,2035
28875,44738,4413,21629,2966,40325,4039,2003,2036
28880,44749,4413,21632,2966,40336,4039,2003,2036
28885,44753,4413,21634,2966,40340,4039,2003,2036
28890,44763,4413,21635,2966,40350,4039,2003,2036
28895,44769,4413,21640,2966,40356,4040,2004,2036
28900,44780,4413,21644,2966,40367,4040,2004,2036
28905,44784,4413,21646,2966,40371,4040,2004,2036
28910,44794,4413,21649,2966,40381,4040,2004,2036
28915,44800,4413,21650,2966,40387,4041,2004,2037
28920,44811,4413,21656,2966,40398,4041,2004,2037
28925,44815,4413,21657,2966,40402,4041,2004,2037
28930,44825,4413,21661,2966,40412,4041,2004,2037
28935,44831,4413,21664,2966,40418,4042,2005,2037
28940,44842,4413,21669,2966,40429,4042,2005,2037
28945,44846,4413,21671,2966,40433,4042,2005,2037
28950,44856,4413,21673,2966,40443,4042,2005,2037
28955,44862,4413,21674,2966,40449,4043,2006,2037
28960,44873,4413,21680,2966,40460,4043,2006,2037
28965,44877,4413,21682,2966,40464,4043,2006,2037
28970,44887,4415,21689,2968,40472,4044,2006,2038
28975,44893,4415,21692,2968,40478,4046,2007,2039
28980,44904,4416,21696,2968,40488,4046,2007,2039
28985,44908,4417,21697,2969,40491,4046,2007,2039
28990,44918,4419,21701,2970,40499,4046,2007,2039
28995,44924,4419,21706,2970,40505,4048,2008,2040
29000,44935,4422,21711,2972,40513,4050,2009,2041
29005,44939,4423,21715,2973,40516,4050,2009,2041
29010,44949,4425,21721,2974,40524,4050,2009,2041
29015,44955,4425,21726,2974,40530,4052,2011,2041
29020,44966,4429,21730,2977,40537,4054,2012,2042
29025,44970,4429,21733,2977,40541,4054,2012,2042
29030,44980,4431,21740,2979,40549,4054,2012,2042
29035,44986,4431,21742,2979,40555,4056,2013,2043
29040,44997,4435,21750,2982,40562,4058,2014,2044
29045,45001,4435,21751,2982,40566,4058,2014,2044
29050,45011,4437,21759,2984,40574,4058,2014,2044
29055,45017,4437,21763,2984,40580,4059,2014,2045
29060,45028,4438,21766,2985,40590,4060,2015,2045
29065,45032,4438,21767,2985,40594,4060,2015,2045
29070,45042,4440,21771,2985,40602,4060,2015,2045
29075,45048,4440,21774,2985,40608,4061,2015,2046
29080,45059,4440,21777,2985,40619,4062,2015,2047
29085,45063,4441,21778,2986,40622,4062,2015,2047
29090,45073,4443,21781,2986,40630,4063,2016,2047
29095,45079,4443,21783,2986,40636,4064,2016,2048
29100,45090,4444,21789,2987,40646,4066,2017,2049
29105,45094,4445,21791,2988,40649,4066,2017,2049
29110,45104,4446,21796,2988,40658,4066,2017,2049
29115,45110,4446,21799,2988,40664,4067,2017,2050
29120,45121,4446,21804,2988,40675,4068,2018,2050
29125,45125,4446,21806,2988,40679,4068,2018,2050
29130,45135,4447,21811,2988,40688,4068,2018,2050
29135,45141,4447,21812,2988,40694,4069,2019,2050
29140,45152,4447,21817,2988,40705,4070,2020,2050
29145,45156,4447,21817,2988,40709,4070,2020,2050
29150,45166,4448,21822,2989,40718,4070,2020,2050
29155,45172,4448,21825,2989,40723,4071,2021,2050
29160,45183,4450,21832,2991,40733,4072,2022,2050
29165,45187,4450,21835,2991,40737,4072,2022,2050
29170,45197,4451,21837,2991,40746,4072,2022,2050
29175,45203,4451,21839,2991,40752,4073,2022,2051
29180,45214,4453,21846,2992,40761,4073,2022,2051
29185,45218,4454,21849,2993,40764,4073,2022,2051
29190,45228,4455,21854,2993,40773,4073,2022,2051
29195,45234,4455,21857,2993,40779,4074,2023,2051
29200,45245,4458,21864,2996,40787,4074,2023,2051
29205,45249,4458,21865,2996,40791,4074,2023,2051
29210,45259,4460,21868,2997,40799,4074,2023,2051
29215,45265,4460,21870,2997,40805,4076,2024,2052
29220,45276,4463,21877,2999,40813,4077,2024,2053
29225,45280,4463,21880,2999,40817,4077,2024,2053
29230,45290,4464,21883,2999,40826,4077,2024,2053
29235,45296,4464,21884,2999,40832,4079,2024,2055
29240,45307,4465,21889,3000,40842,4080,2025,2055
29245,45311,4465,21890,3000,40846,4080,2025,2055
29250,45321,4466,21893,3000,40855,4080,2025,2055
29255,45327,4466,21896,3000,40861,4082,2025,2057
29260,45338,4467,21903,3001,40871,4083,2026,2057
29265,45342,4467,21905,3001,40875,4083,2026,2057
29270,45352,4468,21914,3001,40884,4083,2026,2057
29275,45358,4468,21918,3001,40890,4085,2028,2057
29280,45369,4469,21921,3002,40900,4087,2029,2058
29285,45373,4469,21923,3002,40904,4087,2029,2058
29290,45383,4470,21929,3002,40913,4087,2029,2058
29295,45389,4470,21931,3002,40919,4088,2030,2058
29300,45400,4470,21937,3002,40930,4090,2031,2059
29305,45404,4470,21939,3002,40934,4090,2031,2059
29310,45414,4471,21946,3003,40943,4090,2031,2059
29315,45420,4471,21948,3003,40949,4091,2031,2060
29320,45431,4471,21955,3003,40960,4092,2032,2060
29325,45435,4471,21958,3003,40964,4092,2032,2060
29330,45445,4473,21961,3005,40972,4093,2032,2061
29335,45451,4473,21963,3005,40977,4094,2032,2062
29340,45462,4477,21967,3008,40985,4095,2032,2063
29345,45466,4477,21969,3008,40989,4095,2032,2063
29350,45476,4478,21972,3008,40998,4096,2032,2064
29355,45482,4478,21974,3008,41004,4098,2033,2065
29360,45493,4479,21980,3008,41014,4098,2033,2065
29365,45497,4479,21982,3008,41018,4098,2033,2065
29370,45507,4480,21988,3009,41027,4099,2034,2065
29375,45513,4480,21990,3009,41033,4100,2034,2066
29380,45524,4481,21996,3009,41043,4100,2034,2066
29385,45528,4481,21997,3009,41047,4100,2034,2066
29390,45538,4482,22001,3009,41056,4101,2035,2066
29395,45544,4482,22006,3009,41061,4102,2036,2066
29400,45555,4484,22011,3011,41071,4102,2036,2066
29405,45559,4484,22014,3011,41075,4102,2036,2066
29410,45569,4485,22019,3011,41084,4102,2036,2066
29415,45575,4485,22023,3011,41089,4103,2037,2066
29420,45586,4487,22030,3012,41099,4104,2038,2066
29425,45590,4487,22032,3012,41103,4104,2038,2066
29430,45600,4488,22038,3012,41112,4104,2038,2066
29435,45606,4488,22042,3012,41118,4105,2039,2066
29440,45617,4489,22048,3013,41128,4106,2039,2067
29445,45621,4490,22051,3014,41131,4106,2039,2067
29450,45631,4492,22056,3015,41139,4106,2039,2067
29455,45637,4492,22060,3015,41145,4107,2040,2067
29460,45648,4494,22065,3016,41154,4109,2041,2068
29465,45652,4494,22065,3016,41158,4109,2041,2068
29470,45662,4496,22069,3017,41166,4110,2041,2069
29475,45668,4496,22073,3017,41172,4111,2042,2069
29480,45679,4498,22076,3018,41181,4113,2042,2071
29485,45683,4498,22077,3018,41185,4113,2042,2071
29490,45693,4500,22081,3019,41193,4114,2043,2071
29495,45699,4500,22084,3019,41199,4115,2043,2072
29500,45710,4503,22088,3021,41207,4117,2044,2073
29505,45714,4504,22092,3022,41210,4117,2044,2073
29510,45724,4506,22096,3022,41218,4118,2044,2074
29515,45730,4506,22100,3022,41224,4119,2045,2074
29520,45741,4508,22103,3023,41233,4121,2045,2076
29525,45745,4508,22106,3023,41237,4121,2045,2076
29530,45755,4510,22108,3023,41245,4121,2045,2076
29535,45761,4510,22110,3023,41251,4122,2046,2076
29540,45772,4511,22117,3024,41261,4123,2046,2077
29545,45776,4511,22121,3024,41265,4123,2046,2077
29550,45786,4513,22126,3025,41273,4123,2046,2077
29555,45792,4513,22130,3025,41279,4124,2046,2078
29560,45803,4514,22135,3026,41289,4125,2046,2079
29565,45807,4514,22138,3026,41293,4125,2046,2079
29570,45817,4516,22142,3026,41301,4125,2046,2079
29575,45823,4516,22146,3026,41307,4127,2048,2079
29580,45834,4516,22149,3026,41318,4129,2048,2081
29585,45838,4516,22153,3026,41322,4129,2048,2081
29590,45848,4518,22159,3027,41330,4129,2048,2081
29595,45854,4518,22162,3027,41335,4130,2048,2082
29600,45865,4521,22169,3030,41344,4131,2048,2083
29605,45869,4521,22171,3030,41348,4131,2048,2083
29610,45879,4523,22178,3031,41356,4131,2048,2083
29615,45885,4523,22181,3031,41362,4132,2049,2083
29620,45896,4525,22188,3033,41371,4133,2050,2083
29625,45900,4525,22190,3033,41375,4133,2050,2083
29630,45910,4527,22197,3035,41383,4133,2050,2083
29635,45916,4527,22199,3035,41389,4134,2051,2083
29640,45927,4530,22206,3038,41397,4135,2051,2084
29645,45931,4532,22208,3040,41399,4135,2051,2084
29650,45941,4534,22212,3041,41407,4135,2051,2084
29655,45947,4534,22217,3041,41413,4136,2052,2084
29660,45958,4537,22225,3044,41421,4137,2052,2085
29665,45962,4537,22225,3044,41425,4137,2052,2085
29670,45972,4539,22229,3045,41433,4137,2052,2085
29675,45978,4539,22232,3045,41439,4138,2052,2086
29680,45989,4541,22236,3046,41448,4139,2053,2086
29685,45993,4542,22239,3047,41451,4139,2053,2086
29690,46003,4544,22245,3048,41459,4140,2054,2086
29695,46009,4544,22246,3048,41465,4142,2054,2088
29700,46020,4546,22251,3050,41474,4144,2054,2090
29705,46024,4546,22254,3050,41478,4144,2054,2090
29710,46034,4547,22260,3050,41487,4144,2054,2090
29715,46040,4547,22261,3050,41493,4145,2054,2091
29720,46051,4547,22266,3050,41504,4145,2054,2091
29725,46055,4547,22267,3050,41508,4145,2054,2091
29730,46065,4548,22271,3050,41517,4145,2054,2091
29735,46071,4548,22274,3050,41522,4146,2054,2092
29740,46082,4549,22276,3051,41533,4146,2054,2092
29745,46086,4549,22278,3051,41537,4146,2054,2092
29750,46096,4550,22283,3052,41546,4146,2054,2092
29755,46102,4550,22286,3052,41552,4147,2054,2093
29760,46113,4550,22294,3052,41563,4147,2054,2093
29765,46117,4550,22297,3052,41567,4147,2054,2093
29770,46127,4551,22299,3052,41576,4147,2054,2093
29775,46133,4551,22304,3052,41581,4148,2055,2093
29780,46144,4555,22308,3055,41589,4149,2056,2093
29785,46148,4556,22310,3056,41592,4149,2056,2093
29790,46158,4557,22315,3057,41601,4149,2056,2093
29795,46164,4557,22318,3057,41606,4150,2057,2093
29800,46175,4560,22321,3059,41615,4151,2058,2093
29805,46179,4560,22324,3059,41619,4151,2058,2093
29810,46189,4562,22330,3061,41627,4152,2058,2094
29815,46195,4562,22335,3061,41632,4153,2059,2094
29820,46206,4567,22343,3065,41639,4155,2060,2095
29825,46210,4567,22344,3065,41643,4155,2060,2095
29830,46220,4568,22349,3065,41652,4156,2061,2095
29835,46226,4568,22350,3065,41658,4157,2061,2096
29840,46237,4569,22357,3066,41668,4157,2061,2096
29845,46241,4569,22361,3066,41672,4157,2061,2096
29850,46251,4570,22366,3067,41681,4158,2061,2097
29855,46257,4570,22369,3067,41687,4159,2061,2098
29860,46268,4570,22374,3067,41698,4159,2061,2098
29865,46272,4570,22376,3067,41702,4159,2061,2098
29870,46282,4571,22381,3068,41711,4160,2061,2099
29875,46288,4571,22384,3068,41717,4162,2063,2099
29880,46299,4572,22391,3069,41727,4162,2063,2099
29885,46303,4572,22393,3069,41731,4162,2063,2099
29890,46313,4573,22398,3069,41740,4162,2063,2099
29895,46319,4573,22401,3069,41746,4164,2064,2100
29900,46330,4574,22408,3070,41756,4164,2064,2100
29905,46334,4574,22410,3070,41760,4164,2064,2100
29910,46344,4575,22417,3071,41769,4164,2064,2100
29915,46350,4575,22418,3071,41775,4166,2064,2102
29920,46361,4576,22424,3072,41785,4166,2064,2102
29925,46365,4576,22426,3072,41789,4166,2064,2102
29930,46375,4578,22430,3072,41797,4166,2064,2102
29935,46381,4578,22433,3072,41803,4168,2064,2104
29940,46392,4580,22437,3074,41812,4170,2064,2106
29945,46396,4580,22440,3074,41816,4170,2064,2106
29950,46406,4581,22444,3074,41825,4170,2064,2106
29955,46412,4581,22446,3074,41831,4172,2065,2107
29960,46423,4583,22451,3075,41840,4172,2065,2107
29965,46427,4583,22453,3075,41844,4172,2065,2107
29970,46437,4584,22460,3076,41853,4172,2065,2107
29975,46443,4584,22463,3076,41859,4174,2066,2108
29980,46454,4586,22472,3078,41868,4174,2066,2108
29985,46458,4586,22472,3078,41872,4174,2066,2108
29990,46468,4587,22476,3079,41881,4174,2066,2108
29995,46474,4587,22478,3079,41887,4176,2067,2109
30000,46485,4589,22480,3081,41896,4176,2067,2109
30005,46489,4589,22483,3081,41900,4176,2067,2109
30010,46499,4590,22489,3082,41909,4176,2067,2109
30015,46505,4590,22490,3082,41915,4177,2067,2110
30020,46516,4592,22496,3084,41924,4177,2067,2110
30025,46520,4592,22498,3084,41928,4177,2067,2110
30030,46530,4593,22503,3085,41937,4177,2067,2110
30035,46536,4593,22505,3085,41943,4178,2067,2111
30040,46547,4594,22509,3085,41953,4178,2067,2111
30045,46551,4594,22510,3085,41957,4178,2067,2111
30050,46561,4596,22517,3086,41965,4178,2067,2111
30055,46567,4596,22519,3086,41971,4179,2067,2112
30060,46578,4597,22524,3087,41981,4180,2067,2113
30065,46582,4597,22526,3087,41985,4180,2067,2113
30070,46592,4599,22533,3087,41993,4180,2067,2113
30075,46598,4599,22536,3087,41998,4181,2067,2114
30080,46609,4602,22540,3090,42007,4182,2067,2115
30085,46613,4602,22543,3090,42011,4182,2067,2115
30090,46623,4604,22545,3090,42019,4182,2067,2115
30095,46629,4604,22549,3090,42024,4183,2068,2115
30100,46640,4607,22553,3092,42033,4184,2069,2115
30105,46644,4607,22555,3092,42037,4184,2069,2115
30110,46654,4609,22561,3093,42045,4185,2070,2115
30115,46660,4609,22563,3093,42050,4187,2070,2117
30120,46671,4613,22571,3097,42058,4189,2072,2117
30125,46675,4613,22572,3097,42062,4189,2072,2117
30130,46685,4615,22577,3098,42070,4189,2072,2117
30135,46691,4615,22580,3098,42076,4191,2072,2119
30140,46702,4617,22587,3100,42085,4191,2072,2119
30145,46706,4617,22588,3100,42089,4191,2072,2119
30150,46716,4619,22595,3102,42097,4191,2072,2119
30155,46722,4619,22597,3102,42103,4193,2073,2120
30160,46733,4621,22602,3104,42112,4193,2073,2120
30165,46737,4621,22605,3104,42116,4193,2073,2120
30170,46747,4623,22610,3105,42124,4193,2073,2120
30175,46753,4623,22612,3105,42130,4195,2074,2121
30180,46764,4626,22617,3108,42138,4195,2074,2121
30185,46768,4626,22619,3108,42142,4195,2074,2121
30190,46778,4627,22628,3109,42151,4195,2074,2121
30195,46784,4627,22630,3109,42157,4196,2075,2121
30200,46795,4628,22636,3110,42167,4196,2075,2121
30205,46799,4628,22637,3110,42171,4196,2075,2121
30210,46809,4629,22640,3111,42180,4196,2075,2121
30215,46815,4629,22641,3111,42186,4197,2075,2122
30220,46826,4629,22644,3111,42197,4197,2075,2122
30225,46830,4629,22646,3111,42201,4197,2075,2122
30230,46840,4630,22651,3112,42210,4198,2075,2123
30235,46846,4630,22652,3112,42216,4199,2075,2124
30240,46857,4631,22659,3113,42226,4200,2075,2125
30245,46861,4632,22662,3114,42229,4200,2075,2125
30250,46871,4633,22666,3115,42238,4201,2075,2126
30255,46877,4633,22668,3115,42243,4202,2075,2127
30260,46888,4635,22673,3116,42253,4203,2076,2127
30265,46892,4635,22675,3116,42257,4203,2076,2127
30270,46902,4636,22680,3117,42266,4204,2076,2128
30275,46908,4636,22684,3117,42271,4205,2076,2129
30280,46919,4638,22688,3119,42281,4206,2076,2130
30285,46923,4639,22691,3120,42284,4206,2076,2130
30290,46933,4640,22697,3120,42293,4207,2076,2131
30295,46939,4640,22702,3120,42299,4208,2077,2131
30300,46950,4641,22706,3121,42309,4209,2077,2132
30305,46954,4643,22710,3123,42311,4209,2077,2132
30310,46964,4644,22715,3123,42320,4210,2078,2132
30315,46970,4644,22720,3123,42326,4211,2079,2132
30320,46981,4645,22725,3123,42336,4212,2080,2132
30325,46985,4646,22728,3124,42339,4212,2080,2132
30330,46995,4647,22732,3124,42348,4213,2081,2132
30335,47001,4647,22736,3124,42354,4214,2082,2132
30340,47012,4648,22742,3125,42364,4215,2082,2133
30345,47016,4648,22742,3125,42368,4215,2082,2133
30350,47026,4650,22747,3126,42376,4216,2082,2134
30355,47032,4650,22748,3126,42382,4218,2082,2136
30360,47043,4651,22751,3127,42392,4220,2082,2138
30365,47047,4651,22752,3127,42396,4220,2082,2138
30370,47057,4653,22758,3129,42404,4220,2082,2138
30375,47063,4653,22762,3129,42410,4222,2083,2139
30380,47074,4655,22767,3131,42419,4224,2084,2140
30385,47078,4655,22769,3131,42423,4224,2084,2140
30390,47088,4657,22773,3131,42431,4224,2084,2140
30395,47094,4657,22777,3131,42437,4226,2086,2140
30400,47105,4658,22781,3132,42447,4228,2088,2140
30405,47109,4658,22784,3132,42451,4228,2088,2140
30410,47119,4660,22790,3134,42459,4228,2088,2140
30415,47125,4660,22792,3134,42464,4230,2088,2142
30420,47136,4664,22797,3138,42472,4232,2088,2144
30425,47140,4664,22797,3138,42476,4232,2088,2144
30430,47150,4664,22802,3138,42486,4232,2088,2144
30435,47156,4664,22805,3138,42492,4233,2088,2145
30440,47167,4664,22807,3138,42503,4234,2089,2145
30445,47171,4664,22809,3138,42507,4234,2089,2145
30450,47181,4664,22812,3138,42517,4234,2089,2145
30455,47187,4664,22814,3138,42523,4235,2090,2145
30460,47198,4664,22820,3138,42534,4236,2090,2146
30465,47202,4664,22821,3138,42538,4236,2090,2146
30470,47212,4664,22828,3138,42548,4237,2090,2147
30475,47218,4664,22834,3138,42554,4238,2091,2147
30480,47229,4666,22839,3139,42563,4239,2092,2147
30485,47233,4666,22841,3139,42567,4239,2092,2147
30490,47243,4666,22849,3139,42577,4239,2092,2147
30495,47249,4666,22850,3139,42583,4240,2092,2148
30500,47260,4668,22855,3140,42592,4240,2092,2148
30505,47264,4668,22855,3140,42596,4240,2092,2148
30510,47274,4668,22859,3140,42606,4240,2092,2148
30515,47280,4668,22860,3140,42612,4241,2092,2149
30520,47291,4669,22866,3140,42622,4241,2092,2149
30525,47295,4669,22867,3140,42626,4241,2092,2149
30530,47305,4671,22872,3141,42634,4241,2092,2149
30535,47311,4671,22874,3141,42639,4242,2092,2150
30540,47322,4674,22879,3143,42648,4243,2092,2151
30545,47326,4674,22881,3143,42652,4243,2092,2151
30550,47336,4675,22886,3144,42661,4244,2093,2151
30555,47342,4675,22889,3144,42666,4246,2094,2152
30560,47353,4678,22894,3146,42675,4246,2094,2152
30565,47357,4678,22896,3146,42679,4246,2094,2152
30570,47367,4679,22901,3147,42688,4247,2095,2152
30575,47373,4679,22902,3147,42694,4249,2095,2154
30580,47384,4680,22907,3148,42704,4249,2095,2154
30585,47388,4680,22909,3148,42708,4249,2095,2154
30590,47398,4681,22915,3148,42717,4250,2096,2154
30595,47404,4681,22916,3148,42723,4252,2096,2156
30600,47415,4683,22920,3149,42732,4253,2097,2156
30605,47419,4683,22921,3149,42736,4253,2097,2156
30610,47429,4684,22925,3149,42745,4253,2097,2156
30615,47435,4684,22925,3149,42751,4254,2097,2157
30620,47446,4685,22929,3149,42761,4255,2098,2157
30625,47450,4685,22930,3149,42765,4255,2098,2157
30630,47460,4686,22934,3149,42774,4255,2098,2157
30635,47466,4686,22938,3149,42780,4256,2099,2157
30640,47477,4687,22942,3150,42790,4257,2099,2158
30645,47481,4687,22944,3150,42794,4257,2099,2158
30650,47491,4689,22949,3151,42802,4257,2099,2158
30655,47497,4689,22954,3151,42808,4258,2100,2158
30660,47508,4690,22959,3152,42818,4260,2102,2158
30665,47512,4690,22960,3152,42822,4260,2102,2158
30670,47522,4692,22961,3152,42830,4260,2102,2158
30675,47528,4692,22962,3152,42836,4262,2102,2160
30680,47539,4694,22965,3154,42845,4263,2102,2161
30685,47543,4695,22968,3155,42848,4263,2102,2161
30690,47553,4697,22970,3155,42856,4263,2102,2161
30695,47559,4697,22973,3155,42862,4265,2103,2162
30700,47570,4698,22976,3156,42872,4266,2103,2163
30705,47574,4699,22978,3157,42875,4266,2103,2163
30710,47584,4701,22985,3159,42883,4267,2104,2163
30715,47590,4701,22987,3159,42888,4269,2104,2165
30720,47601,4704,22994,3162,42897,4270,2105,2165
30725,47605,4704,22997,3162,42901,4270,2105,2165
30730,47615,4705,23003,3162,42910,4270,2105,2165
30735,47621,4705,23005,3162,42916,4271,2106,2165
30740,47632,4706,23011,3163,42926,4271,2106,2165
30745,47636,4706,23014,3163,42930,4271,2106,2165
30750,47646,4707,23019,3163,42939,4271,2106,2165
30755,47652,4707,23021,3163,42944,4272,2106,2166
30760,47663,4708,23026,3164,42955,4272,2106,2166
30765,47667,4708,23028,3164,42959,4272,2106,2166
30770,47677,4709,23034,3164,42968,4272,2106,2166
30775,47683,4709,23038,3164,42974,4273,2107,2166
30780,47694,4710,23044,3165,42984,4274,2108,2166
30785,47698,4710,23046,3165,42988,4274,2108,2166
30790,47708,4710,23052,3165,42998,4274,2108,2166
30795,47714,4710,23057,3165,43004,4275,2108,2167
30800,47725,4710,23062,3165,43015,4276,2108,2168
30805,47729,4710,23066,3165,43019,4276,2108,2168
30810,47739,4710,23071,3165,43029,4276,2108,2168
30815,47745,4710,23075,3165,43035,4277,2108,2169
30820,47756,4710,23081,3165,43046,4278,2108,2170
30825,47760,4710,23083,3165,43050,4278,2108,2170
30830,47770,4711,23088,3165,43059,4279,2108,2171
30835,47776,4711,23091,3165,43065,4280,2109,2171
30840,47787,4713,23096,3167,43074,4282,2110,2172
30845,47791,4714,23098,3168,43077,4282,2110,2172
30850,47801,4715,23104,3168,43086,4283,2110,2173
30855,47807,4715,23107,3168,43092,4285,2112,2173
30860,47818,4717,23112,3170,43101,4285,2112,2173
30865,47822,4717,23114,3170,43105,4285,2112,2173
30870,47832,4718,23121,3170,43114,4286,2113,2173
30875,47838,4718,23124,3170,43120,4288,2114,2174
30880,47849,4721,23130,3173,43128,4288,2114,2174
30885,47853,4722,23131,3174,43131,4288,2114,2174
30890,47863,4724,23136,3174,43139,4289,2114,2175
30895,47869,4724,23139,3174,43145,4291,2115,2176
30900,47880,4725,23143,3174,43155,4291,2115,2176
30905,47884,4725,23143,3174,43159,4291,2115,2176
30910,47894,4726,23146,3174,43168,4291,2115,2176
30915,47900,4726,23148,3174,43173,4293,2115,2178
30920,47911,4728,23149,3175,43183,4294,2115,2179
30925,47915,4728,23151,3175,43187,4294,2115,2179
30930,47925,4729,23156,3175,43196,4294,2115,2179
30935,47931,4729,23158,3175,43202,4296,2117,2179
30940,47942,4732,23166,3178,43210,4297,2118,2179
30945,47946,4732,23168,3178,43214,4297,2118,2179
30950,47956,4733,23174,3178,43223,4297,2118,2179
30955,47962,4733,23177,3178,43228,4299,2118,2181
30960,47973,4737,23180,3181,43236,4301,2119,2182
30965,47977,4737,23182,3181,43240,4301,2119,2182
30970,47987,4738,23188,3182,43249,4301,2119,2182
30975,47993,4738,23191,3182,43255,4302,2119,2183
30980,48004,4738,23195,3182,43266,4303,2120,2183
30985,48008,4738,23197,3182,43270,4303,2120,2183
30990,48018,4739,23202,3183,43279,4303,2120,2183
30995,48024,4739,23206,3183,43285,4304,2121,2183
31000,48035,4739,23209,3183,43296,4305,2121,2184
31005,48039,4739,23213,3183,43300,4305,2121,2184
31010,48049,4741,23219,3185,43308,4306,2122,2184
31015,48055,4741,23221,3185,43314,4307,2122,2185
31020,48066,4742,23226,3186,43324,4308,2123,2185
31025,48070,4742,23229,3186,43328,4308,2123,2185
31030,48080,4744,23234,3187,43336,4308,2123,2185
31035,48086,4744,23235,3187,43342,4310,2123,2187
31040,48097,4745,23241,3188,43352,4312,2124,2188
31045,48101,4746,23243,3189,43355,4312,2124,2188
31050,48111,4748,23248,3190,43363,4312,2124,2188
31055,48117,4748,23251,3190,43369,4314,2126,2188
31060,48128,4749,23256,3191,43379,4316,2127,2189
31065,48132,4750,23259,3192,43382,4316,2127,2189
31070,48142,4752,23265,3192,43390,4316,2127,2189
31075,48148,4752,23270,3192,43395,4318,2129,2189
31080,48159,4755,23277,3195,43404,4320,2129,2191
31085,48163,4755,23278,3195,43408,4320,2129,2191
31090,48173,4756,23286,3195,43417,4320,2129,2191
31095,48179,4756,23288,3195,43423,4321,2129,2192
31100,48190,4757,23291,3196,43433,4322,2129,2193
31105,48194,4757,23294,3196,43437,4322,2129,2193
31110,48204,4758,23296,3196,43446,4322,2129,2193
31115,48210,4758,23297,3196,43452,4323,2129,2194
31120,48221,4759,23302,3196,43462,4324,2129,2195
31125,48225,4759,23303,3196,43466,4324,2129,2195
31130,48235,4760,23307,3196,43475,4325,2130,2195
31135,48241,4760,23312,3196,43481,4326,2130,2196
31140,48252,4761,23317,3197,43491,4327,2130,2197
31145,48256,4761,23319,3197,43495,4327,2130,2197
31150,48266,4762,23323,3197,43504,4327,2130,2197
31155,48272,4762,23329,3197,43510,4329,2132,2197
31160,48283,4763,23333,3197,43520,4330,2132,2198
31165,48287,4763,23336,3197,43524,4330,2132,2198
31170,48297,4764,23339,3198,43533,4330,2132,2198
31175,48303,4764,23342,3198,43539,4332,2133,2199
31180,48314,4766,23348,3199,43548,4333,2133,2200
31185,48318,4766,23350,3199,43552,4333,2133,2200
31190,48328,4768,23354,3200,43560,4333,2133,2200
31195,48334,4768,23357,3200,43566,4335,2134,2201
31200,48345,4771,23364,3202,43574,4337,2136,2201
31205,48349,4772,23366,3203,43577,4337,2136,2201
31210,48359,4774,23372,3205,43585,4337,2136,2201
31215,48365,4774,23373,3205,43591,4338,2136,2202
31220,48376,4775,23376,3206,43601,4340,2137,2203
31225,48380,4776,23377,3207,43604,4340,2137,2203
31230,48390,4778,23382,3208,43612,4340,2137,2203
31235,48396,4778,23384,3208,43618,4341,2137,2204
31240,48407,4780,23389,3210,43627,4343,2139,2204
31245,48411,4780,23389,3210,43631,4343,2139,2204
31250,48421,4782,23396,3211,43639,4343,2139,2204
31255,48427,4782,23399,3211,43644,4344,2139,2205
31260,48438,4785,23404,3213,43653,4346,2141,2205
31265,48442,4785,23405,3213,43657,4346,2141,2205
31270,48452,4786,23411,3213,43666,4346,2141,2205
31275,48458,4786,23415,3213,43672,4347,2141,2206
31280,48469,4787,23420,3214,43682,4348,2141,2207
31285,48473,4787,23422,3214,43686,4348,2141,2207
31290,48483,4788,23427,3215,43695,4348,2141,2207
31295,48489,4788,23430,3215,43701,4349,2142,2207
31300,48500,4788,23436,3215,43712,4350,2142,2208
31305,48504,4788,23438,3215,43716,4350,2142,2208
31310,48514,4789,23442,3215,43725,4350,2142,2208
31315,48520,4789,23445,3215,43731,4352,2144,2208
31320,48531,4790,23451,3216,43741,4353,2144,2209
31325,48535,4790,23454,3216,43745,4353,2144,2209
31330,48545,4790,23459,3216,43755,4354,2145,2209
31335,48551,4790,23461,3216,43761,4356,2147,2209
31340,48562,4790,23467,3216,43772,4357,2147,2210
31345,48566,4790,23470,3216,43776,4357,2147,2210
31350,48576,4790,23472,3216,43786,4358,2147,2211
31355,48582,4790,23473,3216,43792,4360,2147,2213
31360,48593,4790,23477,3216,43803,4361,2147,2214
31365,48597,4790,23479,3216,43807,4361,2147,2214
31370,48607,4791,23482,3217,43816,4362,2147,2215
31375,48613,4791,23486,3217,43822,4363,2148,2215
31380,48624,4794,23493,3220,43830,4365,2148,2217
31385,48628,4794,23495,3220,43834,4365,2148,2217
31390,48638,4794,23501,3220,43844,4366,2149,2217
31395,48644,4794,23504,3220,43850,4367,2149,2218
31400,48655,4795,23509,3221,43860,4367,2149,2218
31405,48659,4795,23512,3221,43864,4367,2149,2218
31410,48669,4795,23515,3221,43874,4368,2150,2218
31415,48675,4795,23519,3221,43880,4369,2151,2218
31420,48686,4796,23527,3222,43890,4369,2151,2218
31425,48690,4796,23528,3222,43894,4369,2151,2218
31430,48700,4796,23533,3222,43904,4370,2151,2219
31435,48706,4796,23536,3222,43910,4371,2152,2219
31440,48717,4797,23541,3222,43920,4371,2152,2219
31445,48721,4797,23542,3222,43924,4371,2152,2219
31450,48731,4797,23549,3222,43934,4371,2152,2219
31455,48737,4797,23553,3222,43940,4372,2153,2219
31460,48748,4798,23560,3223,43950,4372,2153,2219
31465,48752,4798,23562,3223,43954,4372,2153,2219
31470,48762,4798,23566,3223,43964,4372,2153,2219
31475,48768,4798,23569,3223,43970,4373,2153,2220
31480,48779,4799,23574,3224,43980,4373,2153,2220
31485,48783,4799,23577,3224,43984,4373,2153,2220
31490,48793,4801,23579,3224,43992,4373,2153,2220
31495,48799,4801,23580,3224,43998,4374,2153,2221
31500,48810,4803,23584,3225,44007,4375,2153,2222
31505,48814,4804,23587,3226,44010,4375,2153,2222
31510,48824,4805,23593,3227,44019,4375,2153,2222
31515,48830,4805,23597,3227,44024,4377,2154,2223
31520,48841,4806,23602,3228,44035,4378,2155,2223
31525,48845,4806,23604,3228,44039,4378,2155,2223
31530,48855,4807,23607,3228,44048,4378,2155,2223
31535,48861,4807,23608,3228,44054,4379,2155,2224
31540,48872,4807,23610,3228,44065,4379,2155,2224
31545,48876,4807,23611,3228,44069,4379,2155,2224
31550,48886,4808,23617,3229,44078,4380,2156,2224
31555,48892,4808,23619,3229,44084,4381,2156,2225
31560,48903,4809,23623,3230,44094,4381,2156,2225
31565,48907,4809,23623,3230,44098,4381,2156,2225
31570,48917,4810,23627,3230,44107,4382,2157,2225
31575,48923,4810,23629,3230,44113,4383,2158,2225
31580,48934,4812,23638,3232,44122,4383,2158,2225
31585,48938,4812,23641,3232,44126,4383,2158,2225
31590,48948,4813,23642,3232,44135,4384,2158,2226
31595,48954,4813,23646,3232,44141,4385,2158,2227
31600,48965,4814,23651,3233,44151,4385,2158,2227
31605,48969,4814,23653,3233,44155,4385,2158,2227
31610,48979,4816,23656,3233,44163,4386,2159,2227
31615,48985,4816,23657,3233,44169,4387,2159,2228
31620,48996,4817,23661,3233,44179,4388,2160,2228
31625,49000,4818,23662,3234,44182,4388,2160,2228
31630,49010,4820,23671,3235,44190,4388,2160,2228
31635,49016,4820,23676,3235,44195,4390,2162,2228
31640,49027,4822,23681,3237,44205,4391,2163,2228
31645,49031,4822,23683,3237,44209,4391,2163,2228
31650,49041,4824,23687,3239,44217,4391,2163,2228
31655,49047,4824,23692,3239,44222,4393,2165,2228
31660,49058,4826,23700,3241,44232,4394,2166,2228
31665,49062,4826,23702,3241,44236,4394,2166,2228
31670,49072,4828,23706,3242,44244,4394,2166,2228
31675,49078,4828,23708,3242,44249,4396,2166,2230
31680,49089,4830,23715,3244,44259,4397,2167,2230
31685,49093,4830,23717,3244,44263,4397,2167,2230
31690,49103,4832,23724,3246,44271,4397,2167,2230
31695,49109,4832,23727,3246,44277,4399,2169,2230
31700,49120,4833,23733,3246,44287,4400,2170,2230
31705,49124,4833,23734,3246,44291,4400,2170,2230
31710,49134,4835,23739,3247,44299,4400,2170,2230
31715,49140,4835,23743,3247,44305,4402,2171,2231
31720,49151,4836,23748,3247,44315,4403,2171,2232
31725,49155,4837,23750,3248,44318,4403,2171,2232
31730,49165,4839,23759,3250,44326,4403,2171,2232
31735,49171,4839,23762,3250,44331,4405,2172,2233
31740,49182,4841,23764,3251,44341,4407,2172,2235
31745,49186,4841,23767,3251,44345,4407,2172,2235
31750,49196,4842,23770,3252,44354,4408,2172,2236
31755,49202,4842,23771,3252,44360,4410,2172,2238
31760,49213,4842,23776,3252,44371,4411,2172,2239
31765,49217,4842,23778,3252,44375,4411,2172,2239
31770,49227,4843,23785,3253,44384,4412,2172,2240
31775,49233,4843,23789,3253,44390,4414,2174,2240
31780,49244,4843,23796,3253,44401,4415,2174,2241
31785,49248,4843,23797,3253,44405,4415,2174,2241
31790,49258,4844,23801,3253,44414,4416,2175,2241
31795,49264,4844,23805,3253,44420,4417,2176,2241
31800,49275,4844,23811,3253,44431,4418,2177,2241
31805,49279,4844,23813,3253,44435,4418,2177,2241
31810,49289,4845,23816,3254,44444,4418,2177,2241
31815,49295,4845,23820,3254,44450,4419,2178,2241
31820,49306,4845,23823,3254,44461,4419,2178,2241
31825,49310,4845,23825,3254,44465,4419,2178,2241
31830,49320,4846,23829,3255,44474,4419,2178,2241
31835,49326,4846,23833,3255,44480,4420,2179,2241
31840,49337,4846,23835,3255,44491,4420,2179,2241
31845,49341,4846,23837,3255,44495,4420,2179,2241
31850,49351,4848,23841,3256,44503,4420,2179,2241
31855,49357,4848,23845,3256,44508,4421,2180,2241
31860,49368,4852,23850,3259,44516,4422,2180,2242
31865,49372,4852,23853,3259,44520,4422,2180,2242
31870,49382,4853,23860,3260,44529,4422,2180,2242
31875,49388,4853,23863,3260,44534,4423,2180,2243
31880,49399,4855,23869,3262,44544,4424,2181,2243
31885,49403,4855,23870,3262,44548,4424,2181,2243
31890,49413,4856,23876,3262,44557,4424,2181,2243
31895,49419,4856,23881,3262,44562,4426,2182,2244
31900,49430,4860,23884,3265,44570,4427,2182,2245
31905,49434,4860,23886,3265,44574,4427,2182,2245
31910,49444,4861,23892,3266,44583,4428,2183,2245
31915,49450,4861,23894,3266,44588,4430,2183,2247
31920,49461,4864,23899,3268,44597,4432,2184,2248
31925,49465,4865,23901,3269,44600,4432,2184,2248
31930,49475,4866,23904,3269,44609,4432,2184,2248
31935,49481,4866,23908,3269,44615,4434,2185,2249
31940,49492,4868,23912,3270,44624,4436,2186,2250
31945,49496,4868,23913,3270,44628,4436,2186,2250
31950,49506,4869,23919,3271,44637,4436,2186,2250
31955,49512,4869,23922,3271,44643,4438,2187,2251
31960,49523,4870,23928,3272,44653,4440,2188,2252
31965,49527,4870,23930,3272,44657,4440,2188,2252
31970,49537,4872,23931,3272,44665,4440,2188,2252
31975,49543,4872,23937,3272,44671,4442,2190,2252
31980,49554,4875,23942,3274,44679,4444,2191,2253
31985,49558,4875,23944,3274,44683,4444,2191,2253
31990,49568,4876,23947,3274,44692,4444,2191,2253
31995,49574,4876,23949,3274,44698,4445,2192,2253
32000,49585,4876,23954,3274,44709,4447,2193,2254
32005,49589,4876,23956,3274,44713,4447,2193,2254
32010,49599,4877,23964,3275,44722,4447,2193,2254
32015,49605,4877,23967,3275,44728,4448,2194,2254
32020,49616,4877,23971,3275,44739,4450,2195,2255
32025,49620,4877,23973,3275,44743,4450,2195,2255
32030,49630,4878,23978,3276,44752,4451,2195,2256
32035,49636,4878,23982,3276,44758,4452,2196,2256
32040,49647,4878,23985,3276,44769,4452,2196,2256
32045,49651,4878,23988,3276,44773,4452,2196,2256
32050,49661,4880,23993,3277,44781,4453,2196,2257
32055,49667,4880,23997,3277,44787,4454,2196,2258
32060,49678,4882,24004,3279,44796,4454,2196,2258
32065,49682,4882,24006,3279,44800,4454,2196,2258
32070,49692,4884,24011,3281,44808,4455,2196,2259
32075,49698,4884,24014,3281,44814,4456,2197,2259
32080,49709,4885,24022,3282,44824,4456,2197,2259
32085,49713,4885,24023,3282,44828,4456,2197,2259
32090,49723,4887,24027,3282,44836,4456,2197,2259
32095,49729,4887,24030,3282,44842,4457,2198,2259
32100,49740,4890,24035,3284,44850,4457,2198,2259
32105,49744,4890,24036,3284,44854,4457,2198,2259
32110,49754,4891,24040,3285,44863,4457,2198,2259
32115,49760,4891,24042,3285,44869,4458,2198,2260
32120,49771,4892,24045,3285,44879,4458,2198,2260
32125,49775,4893,24048,3286,44882,4458,2198,2260
32130,49785,4894,24053,3287,44891,4458,2198,2260
32135,49791,4894,24057,3287,44897,4459,2199,2260
32140,49802,4895,24063,3288,44907,4460,2199,2261
32145,49806,4895,24065,3288,44911,4460,2199,2261
32150,49816,4896,24068,3288,44920,4460,2199,2261
32155,49822,4896,24071,3288,44926,4462,2200,2262
32160,49833,4897,24076,3289,44936,4463,2200,2263
32165,49837,4897,24079,3289,44940,4463,2200,2263
32170,49847,4898,24083,3290,44949,4464,2201,2263
32175,49853,4898,24086,3290,44955,4465,2201,2264
32180,49864,4899,24087,3290,44965,4465,2201,2264
32185,49868,4899,24088,3290,44969,4465,2201,2264
32190,49878,4900,24092,3291,44978,4466,2201,2265
32195,49884,4900,24096,3291,44984,4467,2201,2266
32200,49895,4902,24102,3292,44993,4467,2201,2266
32205,49899,4902,24103,3292,44997,4467,2201,2266
32210,49909,4904,24107,3292,45005,4467,2201,2266
32215,49915,4904,24109,3292,45011,4468,2202,2266
32220,49926,4907,24117,3295,45019,4468,2202,2266
32225,49930,4907,24118,3295,45023,4468,2202,2266
32230,49940,4909,24124,3296,45031,4468,2202,2266
32235,49946,4909,24127,3296,45037,4470,2204,2266
32240,49957,4912,24134,3299,45045,4471,2205,2266
32245,49961,4913,24138,3300,45048,4471,2205,2266
32250,49971,4915,24142,3300,45056,4471,2205,2266
32255,49977,4915,24145,3300,45062,4473,2206,2267
32260,49988,4918,24150,3302,45070,4474,2207,2267
32265,49992,4918,24151,3302,45074,4474,2207,2267
32270,50002,4920,24153,3302,45082,4474,2207,2267
32275,50008,4920,24159,3302,45087,4476,2209,2267
32280,50019,4922,24163,3303,45097,4478,2210,2268
32285,50023,4922,24164,3303,45101,4478,2210,2268
32290,50033,4924,24168,3304,45109,4478,2210,2268
32295,50039,4924,24169,3304,45115,4479,2210,2269
32300,50050,4924,24173,3304,45126,4481,2211,2270
32305,50054,4924,24174,3304,45130,4481,2211,2270
32310,50064,4926,24179,3305,45138,4481,2211,2270
32315,50070,4926,24181,3305,45144,4482,2211,2271
32320,50081,4927,24185,3306,45154,4484,2211,2273
32325,50085,4927,24187,3306,45158,4484,2211,2273
32330,50095,4929,24190,3306,45166,4484,2211,2273
32335,50101,4929,24192,3306,45172,4485,2212,2273
32340,50112,4930,24196,3307,45182,4487,2212,2275
32345,50116,4930,24197,3307,45186,4487,2212,2275
32350,50126,4931,24202,3308,45195,4487,2212,2275
32355,50132,4931,24206,3308,45200,4488,2213,2275
32360,50143,4933,24213,3310,45210,4489,2214,2275
32365,50147,4933,24215,3310,45214,4489,2214,2275
32370,50157,4934,24219,3311,45223,4489,2214,2275
32375,50163,4934,24223,3311,45229,4490,2215,2275
32380,50174,4934,24227,3311,45240,4491,2215,2276
32385,50178,4934,24228,3311,45244,4491,2215,2276
32390,50188,4935,24231,3311,45253,4491,2215,2276
32395,50194,4935,24234,3311,45259,4492,2216,2276
32400,50205,4937,24239,3313,45268,4493,2216,2277
32405,50209,4937,24241,3313,45272,4493,2216,2277
32410,50219,4938,24243,3314,45281,4494,2217,2277
32415,50225,4938,24248,3314,45287,4496,2219,2277
32420,50236,4940,24254,3316,45296,4496,2219,2277
32425,50240,4941,24257,3317,45299,4496,2219,2277
32430,50250,4942,24264,3318,45308,4497,2220,2277
32435,50256,4942,24268,3318,45314,4499,2222,2277
32440,50267,4944,24274,3320,45323,4499,2222,2277
32445,50271,4945,24276,3321,45326,4499,2222,2277
32450,50281,4947,24282,3321,45334,4500,2223,2277
32455,50287,4947,24285,3321,45340,4502,2224,2278
32460,50298,4950,24289,3323,45348,4502,2224,2278
32465,50302,4951,24290,3324,45351,4502,2224,2278
32470,50312,4951,24297,3324,45361,4502,2224,2278
32475,50318,4951,24300,3324,45367,4504,2224,2280
32480,50329,4952,24304,3325,45377,4505,2224,2281
32485,50333,4952,24307,3325,45381,4505,2224,2281
32490,50343,4952,24312,3325,45391,4505,2224,2281
32495,50349,4952,24313,3325,45397,4507,2224,2283
32500,50360,4954,24320,3327,45406,4508,2225,2283
32505,50364,4955,24323,3328,45409,4508,2225,2283
32510,50374,4955,24328,3328,45419,4508,2225,2283
32515,50380,4955,24331,3328,45425,4510,2226,2284
32520,50391,4957,24336,3330,45434,4512,2226,2286
32525,50395,4957,24339,3330,45438,4512,2226,2286
32530,50405,4957,24342,3330,45448,4512,2226,2286
32535,50411,4957,24346,3330,45454,4513,2227,2286
32540,50422,4957,24352,3330,45465,4513,2227,2286
32545,50426,4957,24354,3330,45469,4513,2227,2286
32550,50436,4957,24360,3330,45479,4513,2227,2286
32555,50442,4957,24363,3330,45485,4514,2227,2287
32560,50453,4957,24369,3330,45496,4514,2227,2287
32565,50457,4957,24371,3330,45500,4514,2227,2287
32570,50467,4958,24376,3330,45509,4515,2228,2287
32575,50473,4958,24380,3330,45515,4516,2229,2287
32580,50484,4959,24384,3331,45525,4516,2229,2287
32585,50488,4960,24386,3332,45528,4516,2229,2287
32590,50498,4962,24390,3333,45536,4516,2229,2287
32595,50504,4962,24394,3333,45542,4518,2231,2287
32600,50515,4963,24397,3334,45552,4518,2231,2287
32605,50519,4963,24397,3334,45556,4518,2231,2287
32610,50529,4965,24402,3335,45564,4518,2231,2287
32615,50535,4965,24403,3335,45569,4520,2231,2289
32620,50546,4969,24408,3338,45577,4520,2231,2289
32625,50550,4969,24410,3338,45581,4520,2231,2289
32630,50560,4971,24413,3338,45589,4520,2231,2289
32635,50566,4971,24416,3338,45595,4522,2233,2289
32640,50577,4973,24419,3340,45604,4522,2233,2289
32645,50581,4973,24421,3340,45608,4522,2233,2289
32650,50591,4975,24425,3340,45616,4523,2233,2290
32655,50597,4975,24429,3340,45622,4524,2234,2290
32660,50608,4976,24436,3341,45632,4524,2234,2290
32665,50612,4976,24440,3341,45636,4524,2234,2290
32670,50622,4978,24445,3343,45644,4525,2235,2290
32675,50628,4978,24447,3343,45650,4526,2235,2291
32680,50639,4978,24450,3343,45661,4526,2235,2291
32685,50643,4978,24452,3343,45665,4526,2235,2291
32690,50653,4980,24457,3345,45673,4527,2235,2292
32695,50659,4980,24459,3345,45679,4528,2235,2293
32700,50670,4980,24466,3345,45690,4529,2236,2293
32705,50674,4981,24468,3346,45693,4529,2236,2293
32710,50684,4982,24474,3346,45702,4529,2236,2293
32715,50690,4982,24477,3346,45708,4530,2237,2293
32720,50701,4982,24481,3346,45719,4532,2238,2294
32725,50705,4983,24483,3347,45722,4532,2238,2294
32730,50715,4984,24489,3347,45731,4532,2238,2294
32735,50721,4984,24494,3347,45736,4533,2239,2294
32740,50732,4985,24501,3348,45747,4535,2241,2294
32745,50736,4985,24503,3348,45751,4535,2241,2294
32750,50746,4986,24509,3348,45760,4535,2241,2294
32755,50752,4986,24511,3348,45766,4536,2242,2294
32760,50763,4986,24514,3348,45777,4538,2243,2295
32765,50767,4986,24515,3348,45781,4538,2243,2295
32770,50777,4988,24519,3348,45789,4538,2243,2295
32775,50783,4988,24521,3348,45795,4539,2243,2296
32780,50794,4989,24526,3349,45805,4540,2243,2297
32785,50798,4989,24528,3349,45809,4540,2243,2297
32790,50808,4991,24535,3351,45817,4540,2243,2297
32795,50814,4991,24540,3351,45823,4541,2244,2297
32800,50825,4991,24546,3351,45834,4542,2244,2298
32805,50829,4991,24549,3351,45838,4542,2244,2298
32810,50839,4993,24553,3351,45846,4543,2245,2298
32815,50845,4993,24557,3351,45851,4544,2245,2299
32820,50856,4996,24562,3353,45860,4545,2246,2299
32825,50860,4996,24565,3353,45864,4545,2246,2299
32830,50870,4997,24569,3353,45873,4546,2247,2299
32835,50876,4997,24573,3353,45879,4548,2248,2300
32840,50887,4999,24579,3355,45888,4548,2248,2300
32845,50891,4999,24581,3355,45892,4548,2248,2300
32850,50901,5000,24585,3355,45901,4549,2248,2301
32855,50907,5000,24587,3355,45907,4551,2248,2303
32860,50918,5002,24590,3356,45916,4551,2248,2303
32865,50922,5002,24590,3356,45920,4551,2248,2303
32870,50932,5003,24597,3357,45929,4552,2248,2304
32875,50938,5003,24598,3357,45935,4554,2248,2306
32880,50949,5005,24602,3358,45944,4554,2248,2306
32885,50953,5005,24604,3358,45948,4554,2248,2306
32890,50963,5005,24608,3358,45958,4555,2248,2307
32895,50969,5005,24613,3358,45964,4557,2250,2307
32900,50980,5007,24618,3360,45973,4558,2251,2307
32905,50984,5007,24621,3360,45977,4558,2251,2307
32910,50994,5007,24625,3360,45987,4559,2251,2308
32915,51000,5007,24630,3360,45993,4561,2252,2309
32920,51011,5008,24633,3361,46003,4562,2253,2309
32925,51015,5008,24634,3361,46007,4562,2253,2309
32930,51025,5009,24640,3361,46016,4563,2254,2309
32935,51031,5009,24641,3361,46022,4565,2254,2311
32940,51042,5011,24646,3362,46031,4567,2256,2311
32945,51046,5011,24649,3362,46035,4567,2256,2311
32950,51056,5012,24655,3363,46044,4567,2256,2311
32955,51062,5012,24658,3363,46050,4568,2256,2312
32960,51073,5012,24664,3363,46061,4569,2257,2312
32965,51077,5012,24666,3363,46065,4569,2257,2312
32970,51087,5013,24673,3364,46074,4569,2257,2312
32975,51093,5013,24675,3364,46080,4570,2257,2313
32980,51104,5013,24680,3364,46091,4571,2257,2314
32985,51108,5013,24682,3364,46095,4571,2257,2314
32990,51118,5015,24687,3365,46103,4571,2257,2314
32995,51124,5015,24689,3365,46109,4572,2257,2315
33000,51135,5015,24692,3365,46120,4573,2257,2316
33005,51139,5015,24692,3365,46124,4573,2257,2316
33010,51149,5017,24699,3367,46132,4573,2257,2316
33015,51155,5017,24702,3367,46138,4574,2258,2316
33020,51166,5018,24709,3367,46148,4575,2259,2316
33025,51170,5019,24713,3368,46151,4575,2259,2316
33030,51180,5021,24717,3369,46159,4575,2259,2316
33035,51186,5021,24719,3369,46165,4576,2260,2316
33040,51197,5022,24725,3370,46175,4577,2261,2316
33045,51201,5022,24726,3370,46179,4577,2261,2316
33050,51211,5024,24733,3372,46187,4578,2261,2317
33055,51217,5024,24736,3372,46192,4580,2261,2319
33060,51228,5026,24740,3374,46202,4582,2262,2320
33065,51232,5026,24741,3374,46206,4582,2262,2320
33070,51242,5028,24746,3375,46214,4582,2262,2320
33075,51248,5028,24749,3375,46220,4584,2264,2320
33080,51259,5028,24752,3375,46231,4585,2265,2320
33085,51263,5028,24756,3375,46235,4585,2265,2320
33090,51273,5030,24760,3376,46243,4585,2265,2320
33095,51279,5030,24765,3376,46248,4587,2266,2321
33100,51290,5033,24770,3379,46257,4588,2267,2321
33105,51294,5033,24771,3379,46261,4588,2267,2321
33110,51304,5035,24778,3381,46269,4588,2267,2321
33115,51310,5035,24781,3381,46275,4590,2268,2322
33120,51321,5036,24787,3382,46285,4591,2268,2323
33125,51325,5036,24790,3382,46289,4591,2268,2323
33130,51335,5037,24794,3382,46298,4591,2268,2323
33135,51341,5037,24798,3382,46304,4593,2269,2324
33140,51352,5037,24800,3382,46315,4595,2269,2326
33145,51356,5037,24803,3382,46319,4595,2269,2326
33150,51366,5038,24809,3382,46328,4595,2269,2326
33155,51372,5038,24810,3382,46334,4597,2270,2327
33160,51383,5039,24815,3383,46344,4599,2272,2327
33165,51387,5039,24816,3383,46348,4599,2272,2327
33170,51397,5040,24821,3384,46357,4599,2272,2327
33175,51403,5040,24822,3384,46363,4601,2273,2328
33180,51414,5042,24827,3386,46372,4603,2274,2329
33185,51418,5043,24829,3387,46375,4603,2274,2329
33190,51428,5044,24837,3388,46384,4604,2274,2330
33195,51434,5044,24841,3388,46390,4606,2276,2330
33200,51445,5045,24847,3388,46400,4607,2277,2330
33205,51449,5046,24848,3389,46403,4607,2277,2330
33210,51459,5047,24852,3389,46412,4608,2277,2331
33215,51465,5047,24854,3389,46418,4610,2277,2333
33220,51476,5049,24858,3391,46427,4611,2277,2334
33225,51480,5050,24860,3392,46430,4611,2277,2334
33230,51490,5052,24866,3394,46438,4612,2277,2335
33235,51496,5052,24867,3394,46444,4614,2277,2337
33240,51507,5055,24872,3396,46452,4615,2277,2338
33245,51511,5055,24873,3396,46456,4615,2277,2338
33250,51521,5057,24876,3397,46464,4616,2277,2339
33255,51527,5057,24877,3397,46470,4617,2278,2339
33260,51538,5058,24883,3398,46480,4618,2278,2340
33265,51542,5059,24886,3399,46483,4618,2278,2340
33270,51552,5061,24888,3399,46491,4619,2279,2340
33275,51558,5061,24892,3399,46497,4620,2280,2340
33280,51569,5063,24898,3401,46506,4621,2281,2340
33285,51573,5064,24900,3402,46509,4621,2281,2340
33290,51583,5066,24903,3402,46517,4622,2281,2341
33295,51589,5066,24907,3402,46522,4623,2281,2342
33300,51600,5070,24914,3406,46530,4625,2282,2343
33305,51604,5070,24916,3406,46534,4625,2282,2343
33310,51614,5071,24919,3406,46543,4625,2282,2343
33315,51620,5071,24921,3406,46548,4626,2283,2343
33320,51631,5072,24925,3407,46559,4627,2283,2344
33325,51635,5072,24926,3407,46563,4627,2283,2344
33330,51645,5073,24931,3407,46572,4627,2283,2344
33335,51651,5073,24934,3407,46577,4628,2283,2345
33340,51662,5074,24940,3408,46588,4629,2283,2346
33345,51666,5074,24941,3408,46592,4629,2283,2346
33350,51676,5075,24945,3408,46601,4629,2283,2346
33355,51682,5075,24948,3408,46607,4630,2284,2346
33360,51693,5076,24953,3409,46617,4631,2285,2346
33365,51697,5076,24956,3409,46621,4631,2285,2346
33370,51707,5077,24959,3410,46630,4631,2285,2346
33375,51713,5077,24961,3410,46636,4632,2285,2347
33380,51724,5078,24966,3411,46646,4633,2286,2347
33385,51728,5078,24969,3411,46650,4633,2286,2347
33390,51738,5079,24974,3412,46659,4633,2286,2347
33395,51744,5079,24977,3412,46665,4634,2287,2347
33400,51755,5081,24982,3414,46674,4635,2288,2347
33405,51759,5081,24984,3414,46678,4635,2288,2347
33410,51769,5083,24992,3416,46686,4636,2288,2348
33415,51775,5083,24995,3416,46691,4637,2289,2348
33420,51786,5085,25000,3417,46701,4638,2289,2349
33425,51790,5086,25002,3418,46704,4638,2289,2349
33430,51800,5088,25008,3420,46712,4638,2289,2349
33435,51806,5088,25009,3420,46718,4640,2289,2351
33440,51817,5089,25014,3421,46728,4641,2289,2352
33445,51821,5090,25016,3422,46731,4641,2289,2352
33450,51831,5092,25023,3423,46739,4641,2289,2352
33455,51837,5092,25028,3423,46745,4643,2291,2352
33460,51848,5095,25036,3425,46753,4644,2292,2352
33465,51852,5096,25038,3426,46756,4644,2292,2352
33470,51862,5098,25043,3427,46764,4644,2292,2352
33475,51868,5098,25045,3427,46770,4646,2292,2354
33480,51879,5100,25048,3428,46779,4647,2293,2354
33485,51883,5102,25050,3430,46781,4647,2293,2354
33490,51893,5104,25053,3430,46789,4647,2293,2354
33495,51899,5104,25057,3430,46795,4649,2295,2354
33500,51910,5105,25061,3430,46805,4650,2295,2355
33505,51914,5106,25064,3431,46808,4650,2295,2355
33510,51924,5107,25068,3432,46817,4650,2295,2355
33515,51930,5107,25072,3432,46823,4652,2296,2356
33520,51941,5109,25075,3433,46832,4654,2296,2358
33525,51945,5110,25077,3434,46835,4654,2296,2358
33530,51955,5111,25083,3435,46844,4654,2296,2358
33535,51961,5111,25085,3435,46850,4656,2297,2359
33540,51972,5114,25092,3438,46858,4658,2298,2360
33545,51976,5115,25094,3439,46861,4658,2298,2360
33550,51986,5116,25099,3439,46870,4658,2298,2360
33555,51992,5116,25101,3439,46876,4660,2298,2362
33560,52003,5117,25105,3440,46886,4662,2300,2362
33565,52007,5117,25106,3440,46890,4662,2300,2362
33570,52017,5118,25112,3441,46899,4662,2300,2362
33575,52023,5118,25116,3441,46904,4664,2301,2363
33580,52034,5121,25120,3443,46913,4665,2301,2364
33585,52038,5121,25122,3443,46917,4665,2301,2364
33590,52048,5122,25129,3444,46926,4666,2301,2365
33595,52054,5122,25133,3444,46932,4668,2303,2365
33600,52065,5123,25138,3445,46942,4669,2303,2366
33605,52069,5123,25140,3445,46946,4669,2303,2366
33610,52079,5124,25148,3446,46955,4670,2304,2366
33615,52085,5124,25151,3446,46961,4671,2305,2366
33620,52096,5125,25154,3446,46971,4671,2305,2366
33625,52100,5125,25155,3446,46975,4671,2305,2366
33630,52110,5126,25158,3446,46984,4672,2306,2366
33635,52116,5126,25159,3446,46990,4673,2306,2367
33640,52127,5127,25162,3446,47000,4673,2306,2367
33645,52131,5127,25163,3446,47004,4673,2306,2367
33650,52141,5128,25167,3446,47013,4674,2306,2368
33655,52147,5128,25170,3446,47019,4675,2307,2368
33660,52158,5131,25176,3448,47027,4675,2307,2368
33665,52162,5131,25177,3448,47031,4675,2307,2368
33670,52172,5133,25182,3450,47039,4676,2307,2369
33675,52178,5133,25185,3450,47044,4677,2307,2370
33680,52189,5137,25190,3454,47052,4679,2308,2371
33685,52193,5138,25192,3455,47055,4679,2308,2371
33690,52203,5140,25196,3456,47063,4680,2309,2371
33695,52209,5140,25198,3456,47069,4681,2310,2371
33700,52220,5142,25204,3458,47078,4683,2311,2372
33705,52224,5144,25208,3460,47080,4683,2311,2372
33710,52234,5146,25216,3461,47088,4684,2312,2372
33715,52240,5146,25218,3461,47094,4686,2313,2373
33720,52251,5147,25221,3462,47104,4688,2314,2374
33725,52255,5147,25224,3462,47108,4688,2314,2374
33730,52265,5148,25231,3462,47117,4688,2314,2374
33735,52271,5148,25232,3462,47123,4689,2314,2375
33740,52282,5148,25241,3462,47134,4690,2315,2375
33745,52286,5148,25243,3462,47138,4690,2315,2375
33750,52296,5149,25250,3462,47147,4690,2315,2375
33755,52302,5149,25255,3462,47153,4691,2315,2376
33760,52313,5149,25261,3462,47164,4692,2315,2377
33765,52317,5149,25262,3462,47168,4692,2315,2377
33770,52327,5150,25266,3463,47177,4692,2315,2377
33775,52333,5150,25269,3463,47183,4693,2316,2377
33780,52344,5150,25272,3463,47194,4694,2317,2377
33785,52348,5151,25274,3464,47197,4694,2317,2377
33790,52358,5152,25280,3464,47206,4694,2317,2377
33795,52364,5152,25281,3464,47212,4695,2317,2378
33800,52375,5155,25286,3466,47220,4697,2318,2379
33805,52379,5156,25288,3467,47223,4697,2318,2379
33810,52389,5157,25293,3468,47232,4697,2318,2379
33815,52395,5157,25296,3468,47238,4698,2318,2380
33820,52406,5159,25301,3469,47247,4700,2319,2381
33825,52410,5159,25303,3469,47251,4700,2319,2381
33830,52420,5161,25307,3469,47259,4700,2319,2381
33835,52426,5161,25309,3469,47265,4701,2320,2381
33840,52437,5162,25314,3470,47275,4703,2322,2381
33845,52441,5162,25314,3470,47279,4703,2322,2381
33850,52451,5164,25318,3470,47287,4704,2323,2381
33855,52457,5164,25321,3470,47292,4705,2323,2382
33860,52468,5165,25327,3471,47303,4705,2323,2382
33865,52472,5165,25328,3471,47307,4705,2323,2382
33870,52482,5167,25334,3473,47315,4706,2324,2382
33875,52488,5167,25336,3473,47321,4707,2324,2383
33880,52499,5169,25343,3475,47330,4707,2324,2383
33885,52503,5169,25344,3475,47334,4707,2324,2383
33890,52513,5171,25347,3476,47342,4708,2324,2384
33895,52519,5171,25350,3476,47348,4709,2324,2385
33900,52530,5173,25357,3478,47357,4709,2324,2385
33905,52534,5173,25358,3478,47361,4709,2324,2385
33910,52544,5174,25359,3478,47370,4709,2324,2385
33915,52550,5174,25361,3478,47376,4711,2325,2386
33920,52561,5174,25366,3478,47387,4711,2325,2386
33925,52565,5174,25367,3478,47391,4711,2325,2386
33930,52575,5175,25373,3478,47400,4711,2325,2386
33935,52581,5175,25373,3478,47406,4712,2325,2387
33940,52592,5175,25379,3478,47417,4712,2325,2387
33945,52596,5175,25381,3478,47421,4712,2325,2387
33950,52606,5176,25387,3478,47430,4712,2325,2387
33955,52612,5176,25390,3478,47436,4713,2326,2387
33960,52623,5178,25395,3480,47445,4715,2327,2388
33965,52627,5179,25397,3481,47448,4715,2327,2388
33970,52637,5181,25403,3482,47456,4715,2327,2388
33975,52643,5181,25403,3482,47462,4716,2327,2389
33980,52654,5182,25406,3482,47472,4718,2327,2391
33985,52658,5182,25406,3482,47476,4718,2327,2391
33990,52668,5184,25412,3482,47484,4718,2327,2391
33995,52674,5184,25415,3482,47490,4719,2327,2392
34000,52685,5185,25420,3483,47500,4721,2327,2394
34005,52689,5186,25421,3484,47503,4721,2327,2394
34010,52699,5188,25426,3486,47511,4722,2327,2395
34015,52705,5188,25427,3486,47517,4723,2327,2396
34020,52716,5189,25431,3486,47527,4725,2328,2397
34025,52720,5189,25431,3486,47531,4725,2328,2397
34030,52730,5191,25435,3487,47539,4726,2328,2398
34035,52736,5191,25437,3487,47545,4727,2329,2398
34040,52747,5192,25444,3487,47555,4728,2330,2398
34045,52751,5193,25446,3488,47558,4728,2330,2398
34050,52761,5195,25453,3490,47566,4729,2330,2399
34055,52767,5195,25456,3490,47572,4730,2331,2399
34060,52778,5196,25461,3490,47582,4731,2331,2400
34065,52782,5196,25463,3490,47586,4731,2331,2400
34070,52792,5198,25467,3491,47594,4732,2331,2401
34075,52798,5198,25472,3491,47600,4734,2333,2401
34080,52809,5200,25477,3493,47609,4736,2334,2402
34085,52813,5200,25480,3493,47613,4736,2334,2402
34090,52823,5201,25483,3493,47622,4736,2334,2402
34095,52829,5201,25485,3493,47628,4738,2334,2404
34100,52840,5203,25492,3495,47637,4740,2336,2404
34105,52844,5204,25495,3496,47640,4740,2336,2404
34110,52854,5205,25499,3496,47649,4740,2336,2404
34115,52860,5205,25502,3496,47655,4742,2337,2405
34120,52871,5207,25507,3498,47664,4744,2337,2407
34125,52875,5208,25509,3499,47667,4744,2337,2407
34130,52885,5209,25515,3499,47676,4744,2337,2407
34135,52891,5209,25519,3499,47682,4746,2338,2408
34140,52902,5212,25525,3502,47690,4748,2339,2409
34145,52906,5213,25529,3503,47693,4748,2339,2409
34150,52916,5215,25531,3503,47701,4748,2339,2409
34155,52922,5215,25535,3503,47707,4749,2339,2410
34160,52933,5216,25538,3504,47717,4750,2340,2410
34165,52937,5216,25539,3504,47721,4750,2340,2410
34170,52947,5218,25545,3504,47729,4750,2340,2410
34175,52953,5218,25548,3504,47735,4751,2340,2411
34180,52964,5219,25553,3505,47745,4752,2340,2412
34185,52968,5219,25553,3505,47749,4752,2340,2412
34190,52978,5221,25557,3506,47757,4752,2340,2412
34195,52984,5221,25560,3506,47763,4753,2341,2412
34200,52995,5221,25566,3506,47774,4754,2342,2412
34205,52999,5222,25568,3507,47777,4754,2342,2412
34210,53009,5222,25575,3507,47787,4754,2342,2412
34215,53015,5222,25576,3507,47793,4756,2342,2414
34220,53026,5224,25583,3509,47802,4756,2342,2414
34225,53030,5224,25586,3509,47806,4756,2342,2414
34230,53040,5224,25593,3509,47816,4756,2342,2414
34235,53046,5224,25597,3509,47822,4757,2343,2414
34240,53057,5226,25603,3511,47831,4757,2343,2414
34245,53061,5226,25605,3511,47835,4757,2343,2414
34250,53071,5226,25609,3511,47845,4757,2343,2414
34255,53077,5226,25611,3511,47851,4758,2344,2414
34260,53088,5228,25616,3513,47860,4759,2344,2415
34265,53092,5229,25619,3514,47863,4759,2344,2415
34270,53102,5230,25623,3514,47872,4760,2345,2415
34275,53108,5230,25628,3514,47878,4761,2346,2415
34280,53119,5231,25632,3515,47888,4762,2347,2415
34285,53123,5232,25634,3516,47891,4762,2347,2415
34290,53133,5233,25638,3517,47900,4763,2347,2416
34295,53139,5233,25640,3517,47906,4764,2347,2417
34300,53150,5234,25644,3517,47916,4765,2347,2418
34305,53154,5234,25644,3517,47920,4765,2347,2418
34310,53164,5235,25650,3518,47929,4766,2348,2418
34315,53170,5235,25652,3518,47935,4767,2348,2419
34320,53181,5238,25657,3521,47943,4768,2348,2420
34325,53185,5239,25658,3522,47946,4768,2348,2420
34330,53195,5241,25660,3522,47954,4768,2348,2420
34335,53201,5241,25665,3522,47960,4770,2350,2420
34340,53212,5242,25671,3523,47970,4772,2352,2420
34345,53216,5244,25675,3525,47972,4772,2352,2420
34350,53226,5246,25681,3526,47980,4772,2352,2420
34355,53232,5246,25684,3526,47986,4774,2353,2421
34360,53243,5249,25690,3529,47994,4776,2353,2423
34365,53247,5249,25692,3529,47998,4776,2353,2423
34370,53257,5251,25698,3530,48006,4776,2353,2423
34375,53263,5251,25700,3530,48012,4778,2354,2424
34380,53274,5254,25706,3532,48020,4780,2356,2424
34385,53278,5254,25708,3532,48024,4780,2356,2424
34390,53288,5255,25711,3533,48033,4780,2356,2424
34395,53294,5255,25713,3533,48039,4781,2356,2425
34400,53305,5255,25718,3533,48050,4782,2357,2425
34405,53309,5255,25722,3533,48054,4782,2357,2425
34410,53319,5256,25726,3533,48063,4782,2357,2425
34415,53325,5256,25730,3533,48069,4783,2358,2425
34420,53336,5256,25737,3533,48080,4784,2359,2425
34425,53340,5256,25739,3533,48084,4784,2359,2425
34430,53350,5257,25746,3533,48093,4784,2359,2425
34435,53356,5257,25748,3533,48099,4785,2360,2425
34440,53367,5257,25753,3533,48110,4785,2360,2425
34445,53371,5257,25756,3533,48114,4785,2360,2425
34450,53381,5258,25759,3533,48123,4785,2360,2425
34455,53387,5258,25761,3533,48129,4786,2360,2426
34460,53398,5258,25763,3533,48140,4786,2360,2426
34465,53402,5258,25766,3533,48144,4786,2360,2426
34470,53412,5259,25770,3534,48153,4786,2360,2426
34475,53418,5259,25772,3534,48159,4787,2360,2427
34480,53429,5259,25774,3534,48170,4787,2360,2427
34485,53433,5259,25774,3534,48174,4787,2360,2427
34490,53443,5261,25781,3536,48182,4788,2361,2427
34495,53449,5261,25785,3536,48187,4790,2362,2428
34500,53460,5263,25790,3537,48197,4791,2363,2428
34505,53464,5264,25791,3538,48200,4791,2363,2428
34510,53474,5265,25796,3539,48209,4791,2363,2428
34515,53480,5265,25800,3539,48214,4793,2364,2429
34520,53491,5268,25808,3541,48223,4793,2364,2429
34525,53495,5268,25810,3541,48227,4793,2364,2429
34530,53505,5269,25816,3542,48236,4793,2364,2429
34535,53511,5269,25820,3542,48241,4794,2365,2429
34540,53522,5271,25825,3544,48251,4794,2365,2429
34545,53526,5271,25827,3544,48255,4794,2365,2429
34550,53536,5272,25831,3544,48264,4794,2365,2429
34555,53542,5272,25833,3544,48270,4795,2365,2430
34560,53553,5274,25840,3546,48279,4795,2365,2430
34565,53557,5274,25842,3546,48283,4795,2365,2430
34570,53567,5275,25849,3547,48292,4795,2365,2430
34575,53573,5275,25852,3547,48298,4796,2366,2430
34580,53584,5277,25857,3548,48307,4796,2366,2430
34585,53588,5277,25858,3548,48311,4796,2366,2430
34590,53598,5278,25860,3549,48320,4796,2366,2430
34595,53604,5278,25861,3549,48326,4797,2366,2431
34600,53615,5280,25868,3551,48335,4797,2366,2431
34605,53619,5280,25869,3551,48339,4797,2366,2431
34610,53629,5282,25871,3552,48347,4798,2367,2431
34615,53635,5282,25872,3552,48353,4799,2367,2432
34620,53646,5286,25882,3556,48360,4800,2368,2432
34625,53650,5288,25886,3558,48362,4800,2368,2432
34630,53660,5290,25890,3559,48370,4800,2368,2432
34635,53666,5290,25893,3559,48376,4801,2368,2433
34640,53677,5291,25899,3559,48386,4802,2369,2433
34645,53681,5292,25901,3560,48389,4802,2369,2433
34650,53691,5294,25907,3562,48397,4802,2369,2433
34655,53697,5294,25912,3562,48403,4803,2370,2433
34660,53708,5296,25916,3563,48412,4804,2370,2434
34665,53712,5297,25918,3564,48415,4804,2370,2434
34670,53722,5299,25925,3566,48423,4804,2370,2434
34675,53728,5299,25929,3566,48429,4805,2370,2435
34680,53739,5301,25936,3567,48438,4806,2371,2435
34685,53743,5301,25939,3567,48442,4806,2371,2435
34690,53753,5302,25945,3568,48451,4806,2371,2435
34695,53759,5302,25948,3568,48457,4807,2371,2436
34700,53770,5302,25953,3568,48468,4807,2371,2436
34705,53774,5302,25956,3568,48472,4807,2371,2436
34710,53784,5303,25963,3569,48481,4807,2371,2436
34715,53790,5303,25964,3569,48487,4808,2371,2437
34720,53801,5303,25969,3569,48498,4808,2371,2437
34725,53805,5303,25972,3569,48502,4808,2371,2437
34730,53815,5304,25978,3569,48511,4809,2372,2437
34735,53821,5304,25980,3569,48517,4811,2373,2438
34740,53832,5304,25984,3569,48528,4812,2373,2439
34745,53836,5304,25984,3569,48532,4812,2373,2439
34750,53846,5306,25990,3570,48540,4812,2373,2439
34755,53852,5306,25991,3570,48546,4813,2373,2440
34760,53863,5309,25999,3572,48554,4814,2374,2440
34765,53867,5309,26001,3572,48558,4814,2374,2440
34770,53877,5311,26005,3573,48566,4814,2374,2440
34775,53883,5311,26008,3573,48572,4815,2374,2441
34780,53894,5315,26014,3577,48579,4816,2375,2441
34785,53898,5316,26015,3578,48582,4816,2375,2441
34790,53908,5318,26018,3578,48590,4816,2375,2441
34795,53914,5318,26020,3578,48596,4817,2376,2441
34800,53925,5320,26025,3579,48605,4819,2378,2441
34805,53929,5320,26025,3579,48609,4819,2378,2441
34810,53939,5320,26030,3579,48619,4819,2378,2441
34815,53945,5320,26032,3579,48625,4820,2378,2442
34820,53956,5320,26037,3579,48636,4821,2379,2442
34825,53960,5320,26040,3579,48640,4821,2379,2442
34830,53970,5320,26042,3579,48650,4821,2379,2442
34835,53976,5320,26042,3579,48656,4822,2379,2443
34840,53987,5320,26047,3579,48667,4823,2380,2443
34845,53991,5320,26049,3579,48671,4823,2380,2443
34850,54001,5320,26054,3579,48681,4824,2380,2444
34855,54007,5320,26056,3579,48687,4826,2381,2445
34860,54018,5320,26062,3579,48698,4827,2382,2445
34865,54022,5320,26064,3579,48702,4827,2382,2445
34870,54032,5320,26066,3579,48712,4827,2382,2445
34875,54038,5320,26069,3579,48718,4828,2383,2445
34880,54049,5320,26074,3579,48729,4828,2383,2445
34885,54053,5320,26077,3579,48733,4828,2383,2445
34890,54063,5320,26083,3579,48743,4828,2383,2445
34895,54069,5320,26085,3579,48749,4829,2383,2446
34900,54080,5320,26092,3579,48760,4829,2383,2446
34905,54084,5320,26094,3579,48764,4829,2383,2446
34910,54094,5322,26100,3581,48772,4829,2383,2446
34915,54100,5322,26103,3581,48777,4830,2384,2446
34920,54111,5324,26107,3582,48787,4831,2384,2447
34925,54115,5325,26110,3583,48790,4831,2384,2447
34930,54125,5327,26117,3584,48798,4831,2384,2447
34935,54131,5327,26117,3584,48804,4833,2384,2449
34940,54142,5329,26122,3586,48813,4833,2384,2449
34945,54146,5329,26124,3586,48817,4833,2384,2449
34950,54156,5331,26129,3586,48825,4833,2384,2449
34955,54162,5331,26133,3586,48831,4835,2385,2450
34960,54173,5332,26139,3587,48841,4835,2385,2450
34965,54177,5333,26141,3588,48844,4835,2385,2450
34970,54187,5335,26143,3588,48852,4836,2386,2450
34975,54193,5335,26146,3588,48858,4838,2386,2452
34980,54204,5337,26152,3590,48867,4839,2387,2452
34985,54208,5338,26154,3591,48870,4839,2387,2452
34990,54218,5340,26160,3592,48878,4839,2387,2452
34995,54224,5340,26164,3592,48884,4840,2388,2452
35000,54235,5342,26167,3593,48893,4841,2388,2453
35005,54239,5342,26168,3593,48897,4841,2388,2453
35010,54249,5344,26173,3595,48905,4841,2388,2453
35015,54255,5344,26175,3595,48911,4842,2388,2454
35020,54266,5345,26181,3596,48921,4843,2388,2455
35025,54270,5345,26182,3596,48925,4843,2388,2455
35030,54280,5347,26187,3597,48933,4843,2388,2455
35035,54286,5347,26191,3597,48938,4844,2389,2455
35040,54297,5349,26193,3598,48948,4845,2389,2456
35045,54301,5350,26196,3599,48951,4845,2389,2456
35050,54311,5351,26199,3599,48960,4845,2389,2456
35055,54317,5351,26202,3599,48966,4846,2390,2456
35060,54328,5353,26207,3600,48975,4846,2390,2456
35065,54332,5353,26208,3600,48979,4846,2390,2456
35070,54342,5354,26214,3600,48988,4846,2390,2456
35075,54348,5354,26217,3600,48993,4847,2390,2457
35080,54359,5356,26223,3602,49003,4847,2390,2457
35085,54363,5356,26224,3602,49007,4847,2390,2457
35090,54373,5357,26226,3602,49016,4848,2390,2458
35095,54379,5357,26230,3602,49022,4850,2391,2459
35100,54390,5358,26234,3602,49032,4850,2391,2459
35105,54394,5358,26234,3602,49036,4850,2391,2459
35110,54404,5359,26240,3603,49045,4851,2392,2459
35115,54410,5359,26243,3603,49051,4852,2393,2459
35120,54421,5360,26246,3603,49061,4853,2393,2460
35125,54425,5360,26247,3603,49065,4853,2393,2460
35130,54435,5361,26250,3603,49074,4853,2393,2460
35135,54441,5361,26253,3603,49080,4854,2393,2461
35140,54452,5362,26260,3604,49090,4855,2394,2461
35145,54456,5363,26263,3605,49093,4855,2394,2461
35150,54466,5365,26269,3606,49101,4855,2394,2461
35155,54472,5365,26271,3606,49107,4856,2394,2462
35160,54483,5367,26280,3608,49116,4858,2396,2462
35165,54487,5367,26281,3608,49120,4858,2396,2462
35170,54497,5368,26283,3608,49129,4858,2396,2462
35175,54503,5368,26286,3608,49135,4859,2397,2462
35180,54514,5368,26291,3608,49146,4860,2398,2462
35185,54518,5368,26294,3608,49150,4860,2398,2462
35190,54528,5369,26300,3609,49159,4860,2398,2462
35195,54534,5369,26303,3609,49165,4861,2399,2462
35200,54545,5369,26305,3609,49176,4861,2399,2462
35205,54549,5369,26306,3609,49180,4861,2399,2462
35210,54559,5370,26309,3609,49189,4861,2399,2462
35215,54565,5370,26313,3609,49195,4862,2399,2463
35220,54576,5370,26316,3609,49206,4862,2399,2463
35225,54580,5370,26317,3609,49210,4862,2399,2463
35230,54590,5371,26324,3610,49219,4862,2399,2463
35235,54596,5371,26327,3610,49225,4863,2400,2463
35240,54607,5371,26332,3610,49236,4863,2400,2463
35245,54611,5371,26333,3610,49240,4863,2400,2463
35250,54621,5372,26336,3611,49249,4863,2400,2463
35255,54627,5372,26339,3611,49255,4864,2400,2464
35260,54638,5372,26343,3611,49266,4864,2400,2464
35265,54642,5372,26346,3611,49270,4864,2400,2464
35270,54652,5374,26349,3612,49278,4864,2400,2464
35275,54658,5374,26353,3612,49283,4866,2402,2464
35280,54669,5377,26359,3615,49292,4867,2402,2465
35285,54673,5377,26361,3615,49296,4867,2402,2465
35290,54683,5379,26366,3615,49304,4868,2403,2465
35295,54689,5379,26372,3615,49309,4869,2404,2465
35300,54700,5381,26375,3616,49319,4870,2405,2465
35305,54704,5382,26377,3617,49322,4870,2405,2465
35310,54714,5384,26382,3618,49330,4871,2405,2466
35315,54720,5384,26383,3618,49336,4872,2405,2467
35320,54731,5386,26388,3620,49345,4873,2405,2468
35325,54735,5387,26391,3621,49348,4873,2405,2468
35330,54745,5389,26395,3622,49356,4874,2406,2468
35335,54751,5389,26397,3622,49362,4875,2406,2469
35340,54762,5391,26403,3623,49371,4876,2407,2469
35345,54766,5391,26405,3623,49375,4876,2407,2469
35350,54776,5393,26408,3624,49383,4876,2407,2469
35355,54782,5393,26410,3624,49389,4878,2407,2471
35360,54793,5395,26415,3625,49398,4879,2408,2471
35365,54797,5395,26415,3625,49402,4879,2408,2471
35370,54807,5397,26418,3625,49410,4879,2408,2471
35375,54813,5397,26420,3625,49416,4881,2408,2473
35380,54824,5398,26427,3626,49426,4882,2409,2473
35385,54828,5399,26429,3627,49429,4882,2409,2473
35390,54838,5401,26434,3628,49437,4882,2409,2473
35395,54844,5401,26436,3628,49443,4884,2410,2474
35400,54855,5403,26442,3629,49452,4886,2411,2475
35405,54859,5403,26445,3629,49456,4886,2411,2475
35410,54869,5403,26450,3629,49466,4886,2411,2475
35415,54875,5403,26454,3629,49472,4888,2413,2475
35420,54886,5403,26460,3629,49483,4889,2413,2476
35425,54890,5403,26463,3629,49487,4889,2413,2476
35430,54900,5403,26468,3629,49497,4889,2413,2476
35435,54906,5403,26472,3629,49503,4890,2414,2476
35440,54917,5403,26478,3629,49514,4890,2414,2476
35445,54921,5403,26479,3629,49518,4890,2414,2476
35450,54931,5403,26481,3629,49528,4890,2414,2476
35455,54937,5403,26483,3629,49534,4891,2415,2476
35460,54948,5403,26486,3629,49545,4891,2415,2476
35465,54952,5403,26490,3629,49549,4891,2415,2476
35470,54962,5403,26497,3629,49559,4891,2415,2476
35475,54968,5403,26503,3629,49565,4893,2417,2476
35480,54979,5403,26510,3629,49576,4893,2417,2476
35485,54983,5403,26510,3629,49580,4893,2417,2476
35490,54993,5403,26515,3629,49590,4893,2417,2476
35495,54999,5403,26520,3629,49596,4895,2419,2476
35500,55010,5403,26525,3629,49607,4895,2419,2476
35505,55014,5403,26528,3629,49611,4895,2419,2476
35510,55024,5405,26533,3631,49619,4895,2419,2476
35515,55030,5405,26535,3631,49625,4897,2419,2478
35520,55041,5408,26542,3634,49633,4897,2419,2478
35525,55045,5409,26545,3635,49636,4897,2419,2478
35530,55055,5411,26548,3635,49644,4898,2419,2479
35535,55061,5411,26553,3635,49649,4899,2420,2479
35540,55072,5413,26560,3637,49659,4900,2421,2479
35545,55076,5413,26561,3637,49663,4900,2421,2479
35550,55086,5415,26567,3637,49671,4901,2421,2480
35555,55092,5415,26570,3637,49677,4902,2421,2481
35560,55103,5416,26576,3637,49687,4903,2422,2481
35565,55107,5416,26578,3637,49691,4903,2422,2481
35570,55117,5418,26583,3637,49699,4904,2423,2481
35575,55123,5418,26584,3637,49705,4905,2423,2482
35580,55134,5419,26588,3637,49715,4907,2423,2484
35585,55138,5419,26589,3637,49719,4907,2423,2484
35590,55148,5421,26596,3639,49727,4907,2423,2484
35595,55154,5421,26599,3639,49733,4908,2423,2485
35600,55165,5422,26602,3640,49743,4909,2423,2486
35605,55169,5423,26603,3641,49746,4909,2423,2486
35610,55179,5425,26607,3642,49754,4909,2423,2486
35615,55185,5425,26608,3642,49760,4910,2423,2487
35620,55196,5426,26616,3642,49770,4911,2424,2487
35625,55200,5427,26618,3643,49773,4911,2424,2487
35630,55210,5429,26620,3644,49781,4911,2424,2487
35635,55216,5429,26623,3644,49787,4912,2424,2488
35640,55227,5431,26628,3645,49796,4914,2425,2489
35645,55231,5432,26629,3646,49799,4914,2425,2489
35650,55241,5434,26632,3647,49807,4914,2425,2489
35655,55247,5434,26634,3647,49813,4915,2425,2490
35660,55258,5436,26638,3648,49822,4917,2426,2491
35665,55262,5436,26638,3648,49826,4917,2426,2491
35670,55272,5438,26645,3650,49834,4917,2426,2491
35675,55278,5438,26647,3650,49839,4918,2426,2492
35680,55289,5441,26657,3653,49848,4920,2428,2492
35685,55293,5442,26660,3654,49851,4920,2428,2492
35690,55303,5444,26664,3655,49859,4921,2428,2493
35695,55309,5444,26668,3655,49864,4923,2429,2494
35700,55320,5447,26672,3658,49873,4925,2431,2494
35705,55324,5447,26675,3658,49877,4925,2431,2494
35710,55334,5448,26678,3658,49886,4925,2431,2494
35715,55340,5448,26682,3658,49891,4926,2431,2495
35720,55351,5449,26687,3659,49902,4927,2431,2496
35725,55355,5449,26688,3659,49906,4927,2431,2496
35730,55365,5450,26690,3659,49915,4927,2431,2496
35735,55371,5450,26692,3659,49920,4928,2432,2496
35740,55382,5451,26698,3660,49931,4929,2433,2496
35745,55386,5451,26699,3660,49935,4929,2433,2496
35750,55396,5452,26703,3660,49944,4929,2433,2496
35755,55402,5452,26707,3660,49949,4930,2433,2497
35760,55413,5453,26710,3661,49960,4931,2433,2498
35765,55417,5453,26713,3661,49964,4931,2433,2498
35770,55427,5454,26719,3662,49973,4931,2433,2498
35775,55433,5454,26724,3662,49978,4932,2434,2498
35780,55444,5455,26731,3663,49989,4933,2435,2498
35785,55448,5455,26732,3663,49993,4933,2435,2498
35790,55458,5456,26737,3664,50002,4933,2435,2498
35795,55464,5456,26740,3664,50008,4934,2435,2499
35800,55475,5456,26745,3664,50019,4935,2435,2500
35805,55479,5456,26747,3664,50023,4935,2435,2500
35810,55489,5458,26753,3665,50031,4935,2435,2500
35815,55495,5458,26755,3665,50037,4937,2437,2500
35820,55506,5461,26763,3668,50045,4938,2437,2501
35825,55510,5462,26765,3669,50048,4938,2437,2501
35830,55520,5463,26767,3669,50057,4939,2437,2502
35835,55526,5463,26769,3669,50063,4940,2437,2503
35840,55537,5464,26774,3670,50073,4940,2437,2503
35845,55541,5464,26778,3670,50077,4940,2437,2503
35850,55551,5465,26781,3670,50086,4941,2437,2504
35855,55557,5465,26784,3670,50092,4942,2437,2505
35860,55568,5466,26788,3671,50102,4942,2437,2505
35865,55572,5466,26790,3671,50106,4942,2437,2505
35870,55582,5467,26794,3671,50115,4943,2437,2506
35875,55588,5467,26796,3671,50121,4944,2437,2507
35880,55599,5467,26801,3671,50132,4944,2437,2507
35885,55603,5467,26804,3671,50136,4944,2437,2507
35890,55613,5468,26810,3671,50145,4945,2438,2507
35895,55619,5468,26814,3671,50151,4946,2439,2507
35900,55630,5469,26818,3672,50161,4947,2439,2508
35905,55634,5469,26820,3672,50165,4947,2439,2508
35910,55644,5470,26824,3673,50174,4948,2440,2508
35915,55650,5470,26826,3673,50180,4949,2440,2509
35920,55661,5470,26831,3673,50191,4950,2440,2510
35925,55665,5470,26833,3673,50195,4950,2440,2510
35930,55675,5472,26837,3674,50203,4951,2440,2511
35935,55681,5472,26837,3674,50209,4953,2440,2513
35940,55692,5475,26842,3677,50217,4954,2441,2513
35945,55696,5476,26844,3678,50220,4954,2441,2513
35950,55706,5478,26847,3678,50228,4954,2441,2513
35955,55712,5478,26849,3678,50233,4955,2441,2514
35960,55723,5481,26854,3680,50242,4955,2441,2514
35965,55727,5481,26855,3680,50246,4955,2441,2514
35970,55737,5483,26858,3680,50254,4955,2441,2514
35975,55743,5483,26862,3680,50260,4956,2441,2515
35980,55754,5484,26866,3680,50270,4956,2441,2515
35985,55758,5486,26869,3682,50272,4956,2441,2515
35990,55768,5488,26874,3682,50280,4956,2441,2515
35995,55774,5488,26879,3682,50285,4957,2442,2515
36000,55785,5491,26884,3685,50294,4957,2442,2515
36005,55789,5491,26886,3685,50298,4957,2442,2515
36010,55799,5493,26891,3686,50306,4957,2442,2515
36015,55805,5493,26894,3686,50312,4958,2442,2516
36020,55816,5493,26899,3686,50323,4958,2442,2516
36025,55820,5493,26901,3686,50327,4958,2442,2516
36030,55830,5495,26907,3686,50335,4958,2442,2516
36035,55836,5495,26910,3686,50341,4959,2442,2517
36040,55847,5495,26914,3686,50352,4960,2442,2518
36045,55851,5495,26915,3686,50356,4960,2442,2518
36050,55861,5497,26920,3687,50364,4961,2442,2519
36055,55867,5497,26922,3687,50370,4963,2443,2520
36060,55878,5498,26928,3688,50380,4965,2445,2520
36065,55882,5499,26931,3689,50383,4965,2445,2520
36070,55892,5501,26935,3691,50391,4965,2445,2520
36075,55898,5501,26939,3691,50397,4967,2446,2521
36080,55909,5502,26947,3692,50407,4969,2447,2522
36085,55913,5502,26947,3692,50411,4969,2447,2522
36090,55923,5503,26950,3692,50420,4969,2447,2522
36095,55929,5503,26951,3692,50426,4971,2448,2523
36100,55940,5503,26956,3692,50437,4973,2450,2523
36105,55944,5503,26957,3692,50441,4973,2450,2523
36110,55954,5504,26963,3692,50450,4973,2450,2523
36115,55960,5504,26966,3692,50456,4975,2452,2523
36120,55971,5505,26970,3692,50466,4975,2452,2523
36125,55975,5505,26971,3692,50470,4975,2452,2523
36130,55985,5507,26975,3692,50478,4975,2452,2523
36135,55991,5507,26979,3692,50483,4977,2453,2524
36140,56002,5511,26983,3695,50491,4978,2453,2525
36145,56006,5511,26985,3695,50495,4978,2453,2525
36150,56016,5513,26987,3695,50503,4978,2453,2525
36155,56022,5513,26990,3695,50509,4980,2454,2526
36160,56033,5515,26994,3697,50518,4981,2454,2527
36165,56037,5515,26996,3697,50522,4981,2454,2527
36170,56047,5517,26998,3697,50530,4982,2454,2528
36175,56053,5517,27000,3697,50535,4984,2455,2529
36180,56064,5519,27003,3699,50545,4985,2456,2529
36185,56068,5520,27005,3700,50548,4985,2456,2529
36190,56078,5521,27009,3701,50557,4986,2457,2529
36195,56084,5521,27014,3701,50562,4988,2458,2530
36200,56095,5523,27018,3702,50572,4989,2459,2530
36205,56099,5523,27020,3702,50576,4989,2459,2530
36210,56109,5524,27026,3703,50585,4990,2459,2531
36215,56115,5524,27029,3703,50591,4992,2460,2532
36220,56126,5525,27034,3703,50601,4993,2460,2533
36225,56130,5526,27036,3704,50604,4993,2460,2533
36230,56140,5527,27037,3704,50613,4994,2460,2534
36235,56146,5527,27038,3704,50619,4996,2461,2535
36240,56157,5529,27042,3705,50628,4997,2462,2535
36245,56161,5530,27045,3706,50631,4997,2462,2535
36250,56171,5531,27050,3706,50640,4997,2462,2535
36255,56177,5531,27053,3706,50645,4998,2463,2535
36260,56188,5533,27059,3708,50655,4999,2463,2536
36265,56192,5534,27062,3709,50658,4999,2463,2536
36270,56202,5535,27068,3710,50667,4999,2463,2536
36275,56208,5535,27072,3710,50672,5000,2464,2536
36280,56219,5538,27076,3712,50681,5001,2464,2537
36285,56223,5538,27078,3712,50685,5001,2464,2537
36290,56233,5540,27082,3712,50693,5001,2464,2537
36295,56239,5540,27086,3712,50698,5002,2464,2538
36300,56250,5544,27091,3715,50706,5004,2465,2539
36305,56254,5544,27095,3715,50710,5004,2465,2539
36310,56264,5546,27101,3716,50718,5004,2465,2539
36315,56270,5546,27104,3716,50724,5005,2466,2539
36320,56281,5546,27110,3716,50735,5006,2467,2539
36325,56285,5546,27111,3716,50739,5006,2467,2539
36330,56295,5547,27114,3716,50748,5006,2467,2539
36335,56301,5547,27116,3716,50754,5007,2468,2539
36340,56312,5548,27119,3717,50764,5007,2468,2539
36345,56316,5548,27122,3717,50768,5007,2468,2539
36350,56326,5549,27127,3717,50777,5007,2468,2539
36355,56332,5549,27129,3717,50783,5009,2469,2540
36360,56343,5550,27136,3718,50793,5009,2469,2540
36365,56347,5550,27137,3718,50797,5009,2469,2540
36370,56357,5551,27143,3718,50806,5009,2469,2540
36375,56363,5551,27145,3718,50812,5010,2470,2540
36380,56374,5551,27150,3718,50823,5010,2470,2540
36385,56378,5551,27151,3718,50827,5010,2470,2540
36390,56388,5552,27156,3719,50836,5010,2470,2540
36395,56394,5552,27160,3719,50842,5011,2471,2540
36400,56405,5552,27165,3719,50853,5011,2471,2540
36405,56409,5552,27167,3719,50857,5011,2471,2540
36410,56419,5553,27172,3719,50866,5011,2471,2540
36415,56425,5553,27176,3719,50872,5012,2471,2541
36420,56436,5554,27183,3719,50882,5012,2471,2541
36425,56440,5555,27186,3720,50885,5012,2471,2541
36430,56450,5557,27193,3721,50893,5012,2471,2541
36435,56456,5557,27195,3721,50899,5013,2471,2542
36440,56467,5559,27204,3723,50908,5015,2473,2542
36445,56471,5559,27205,3723,50912,5015,2473,2542
36450,56481,5561,27210,3724,50920,5015,2473,2542
36455,56487,5561,27211,3724,50926,5016,2473,2543
36460,56498,5562,27215,3725,50936,5018,2473,2545
36465,56502,5563,27218,3726,50939,5018,2473,2545
36470,56512,5565,27224,3726,50947,5019,2474,2545
36475,56518,5565,27227,3726,50953,5021,2475,2546
36480,56529,5567,27235,3728,50962,5023,2477,2546
36485,56533,5567,27236,3728,50966,5023,2477,2546
36490,56543,5569,27241,3729,50974,5023,2477,2546
36495,56549,5569,27244,3729,50980,5025,2478,2547
36500,56560,5571,27248,3730,50989,5026,2479,2547
36505,56564,5572,27250,3731,50992,5026,2479,2547
36510,56574,5574,27255,3732,51000,5026,2479,2547
36515,56580,5574,27258,3732,51006,5028,2481,2547
36520,56591,5575,27265,3733,51016,5029,2482,2547
36525,56595,5576,27267,3734,51019,5029,2482,2547
36530,56605,5578,27273,3736,51027,5029,2482,2547
36535,56611,5578,27277,3736,51033,5031,2483,2548
36540,56622,5580,27282,3737,51042,5032,2484,2548
36545,56626,5580,27283,3737,51046,5032,2484,2548
36550,56636,5582,27289,3738,51054,5032,2484,2548
36555,56642,5582,27293,3738,51060,5034,2486,2548
36560,56653,5583,27295,3738,51070,5035,2486,2549
36565,56657,5583,27297,3738,51074,5035,2486,2549
36570,56667,5585,27303,3739,51082,5035,2486,2549
36575,56673,5585,27309,3739,51087,5037,2488,2549
36580,56684,5589,27317,3743,51095,5038,2489,2549
36585,56688,5590,27318,3744,51098,5038,2489,2549
36590,56698,5592,27325,3746,51106,5039,2489,2550
36595,56704,5592,27326,3746,51111,5041,2489,2552
36600,56715,5596,27331,3750,51119,5043,2490,2553
36605,56719,5596,27332,3750,51123,5043,2490,2553
36610,56729,5597,27336,3750,51132,5044,2491,2553
36615,56735,5597,27337,3750,51138,5045,2492,2553
36620,56746,5598,27344,3751,51148,5046,2493,2553
36625,56750,5598,27346,3751,51152,5046,2493,2553
36630,56760,5599,27350,3752,51161,5047,2493,2554
36635,56766,5599,27353,3752,51167,5048,2494,2554
36640,56777,5600,27359,3753,51177,5049,2494,2555
36645,56781,5600,27361,3753,51181,5049,2494,2555
36650,56791,5601,27368,3754,51190,5050,2495,2555
36655,56797,5601,27369,3754,51196,5051,2496,2555
36660,56808,5602,27375,3755,51206,5052,2496,2556
36665,56812,5602,27376,3755,51210,5052,2496,2556
36670,56822,5603,27382,3755,51219,5052,2496,2556
36675,56828,5603,27382,3755,51225,5054,2496,2558
36680,56839,5603,27389,3755,51236,5054,2496,2558
36685,56843,5603,27391,3755,51240,5054,2496,2558
36690,56853,5604,27395,3755,51249,5054,2496,2558
36695,56859,5604,27398,3755,51255,5056,2498,2558
36700,56870,5605,27405,3756,51265,5056,2498,2558
36705,56874,5605,27407,3756,51269,5056,2498,2558
36710,56884,5607,27411,3756,51277,5056,2498,2558
36715,56890,5607,27413,3756,51283,5058,2498,2560
36720,56901,5608,27417,3756,51293,5059,2499,2560
36725,56905,5609,27418,3757,51296,5059,2499,2560
36730,56915,5609,27425,3757,51306,5059,2499,2560
36735,56921,5609,27426,3757,51312,5061,2499,2562
36740,56932,5610,27431,3757,51322,5062,2499,2563
36745,56936,5610,27431,3757,51326,5062,2499,2563
36750,56946,5610,27434,3757,51336,5062,2499,2563
36755,56952,5610,27437,3757,51342,5064,2500,2564
36760,56963,5611,27442,3758,51352,5065,2500,2565
36765,56967,5611,27444,3758,51356,5065,2500,2565
36770,56977,5611,27450,3758,51366,5066,2501,2565
36775,56983,5611,27451,3758,51372,5068,2501,2567
36780,56994,5612,27453,3758,51382,5069,2501,2568
36785,56998,5613,27455,3759,51385,5069,2501,2568
36790,57008,5614,27458,3759,51394,5069,2501,2568
36795,57014,5614,27461,3759,51400,5070,2501,2569
36800,57025,5616,27465,3761,51409,5071,2501,2570
36805,57029,5617,27466,3762,51412,5071,2501,2570
36810,57039,5618,27470,3762,51421,5071,2501,2570
36815,57045,5618,27472,3762,51427,5072,2502,2570
36820,57056,5621,27480,3765,51435,5073,2502,2571
36825,57060,5622,27482,3766,51438,5073,2502,2571
36830,57070,5623,27486,3766,51447,5073,2502,2571
36835,57076,5623,27488,3766,51453,5074,2503,2571
36840,57087,5625,27492,3768,51462,5075,2504,2571
36845,57091,5626,27494,3769,51465,5075,2504,2571
36850,57101,5627,27500,3770,51474,5076,2505,2571
36855,57107,5627,27503,3770,51480,5077,2506,2571
36860,57118,5628,27508,3771,51490,5078,2506,2572
36865,57122,5629,27510,3772,51493,5078,2506,2572
36870,57132,5630,27517,3772,51502,5078,2506,2572
36875,57138,5630,27518,3772,51508,5079,2506,2573
36880,57149,5631,27523,3773,51518,5080,2506,2574
36885,57153,5631,27523,3773,51522,5080,2506,2574
36890,57163,5632,27530,3774,51531,5080,2506,2574
36895,57169,5632,27531,3774,51537,5081,2506,2575
36900,57180,5632,27533,3774,51548,5082,2506,2576
36905,57184,5632,27534,3774,51552,5082,2506,2576
36910,57194,5633,27539,3774,51561,5082,2506,2576
36915,57200,5633,27541,3774,51567,5083,2507,2576
36920,57211,5633,27546,3774,51578,5084,2508,2576
36925,57215,5633,27548,3774,51582,5084,2508,2576
36930,57225,5634,27552,3775,51591,5084,2508,2576
36935,57231,5634,27555,3775,51597,5085,2509,2576
36940,57242,5635,27564,3776,51607,5086,2510,2576
36945,57246,5635,27566,3776,51611,5086,2510,2576
36950,57256,5637,27571,3778,51619,5086,2510,2576
36955,57262,5637,27573,3778,51625,5088,2511,2577
36960,57273,5638,27577,3779,51635,5089,2511,2578
36965,57277,5638,27580,3779,51639,5089,2511,2578
36970,57287,5640,27585,3780,51647,5090,2512,2578
36975,57293,5640,27589,3780,51652,5091,2512,2579
36980,57304,5642,27596,3782,51662,5092,2513,2579
36985,57308,5642,27597,3782,51666,5092,2513,2579
36990,57318,5644,27601,3782,51674,5093,2513,2580
36995,57324,5644,27603,3782,51680,5094,2513,2581
37000,57335,5645,27606,3782,51690,5095,2514,2581
37005,57339,5646,27609,3783,51693,5095,2514,2581
37010,57349,5648,27613,3783,51701,5096,2515,2581
37015,57355,5648,27616,3783,51706,5097,2516,2581
37020,57366,5651,27621,3786,51715,5099,2516,2583
37025,57370,5653,27624,3788,51717,5099,2516,2583
37030,57380,5655,27628,3788,51725,5099,2516,2583
37035,57386,5655,27632,3788,51731,5100,2517,2583
37040,57397,5656,27637,3788,51741,5101,2517,2584
37045,57401,5657,27639,3789,51744,5101,2517,2584
37050,57411,5659,27644,3789,51752,5101,2517,2584
37055,57417,5659,27648,3789,51758,5102,2517,2585
37060,57428,5660,27652,3790,51768,5103,2518,2585
37065,57432,5660,27653,3790,51772,5103,2518,2585
37070,57442,5662,27657,3790,51780,5103,2518,2585
37075,57448,5662,27658,3790,51786,5105,2518,2587
37080,57459,5664,27666,3792,51795,5106,2519,2587
37085,57463,5665,27669,3793,51798,5106,2519,2587
37090,57473,5667,27676,3795,51806,5106,2519,2587
37095,57479,5667,27680,3795,51812,5108,2520,2588
37100,57490,5670,27685,3797,51820,5110,2520,2590
37105,57494,5670,27685,3797,51824,5110,2520,2590
37110,57504,5671,27690,3798,51833,5110,2520,2590
37115,57510,5671,27693,3798,51839,5112,2522,2590
37120,57521,5673,27694,3799,51848,5114,2522,2592
37125,57525,5674,27695,3800,51851,5114,2522,2592
37130,57535,5675,27699,3800,51860,5115,2523,2592
37135,57541,5675,27701,3800,51866,5117,2524,2593
37140,57552,5676,27705,3801,51876,5119,2524,2595
37145,57556,5676,27707,3801,51880,5119,2524,2595
37150,57566,5678,27712,3802,51888,5120,2524,2596
37155,57572,5678,27715,3802,51893,5122,2524,2598
37160,57583,5680,27721,3804,51903,5123,2524,2599
37165,57587,5680,27724,3804,51907,5123,2524,2599
37170,57597,5682,27728,3804,51915,5124,2525,2599
37175,57603,5682,27730,3804,51920,5126,2526,2600
37180,57614,5684,27737,3806,51930,5127,2526,2601
37185,57618,5684,27737,3806,51934,5127,2526,2601
37190,57628,5686,27740,3806,51942,5128,2527,2601
37195,57634,5686,27743,3806,51947,5130,2527,2603
37200,57645,5687,27744,3807,51958,5131,2528,2603
37205,57649,5687,27744,3807,51962,5131,2528,2603
37210,57659,5687,27748,3807,51972,5131,2528,2603
37215,57665,5687,27752,3807,51978,5132,2529,2603
37220,57676,5687,27758,3807,51989,5134,2529,2605
37225,57680,5687,27759,3807,51993,5134,2529,2605
37230,57690,5687,27766,3807,52003,5134,2529,2605
37235,57696,5687,27771,3807,52009,5135,2529,2606
37240,57707,5687,27775,3807,52020,5136,2529,2607
37245,57711,5687,27777,3807,52024,5136,2529,2607
37250,57721,5687,27782,3807,52034,5136,2529,2607
37255,57727,5687,27785,3807,52040,5137,2529,2608
37260,57738,5689,27791,3809,52049,5137,2529,2608
37265,57742,5689,27793,3809,52053,5137,2529,2608
37270,57752,5689,27795,3809,52063,5137,2529,2608
37275,57758,5689,27800,3809,52069,5138,2530,2608
37280,57769,5690,27803,3809,52079,5138,2530,2608
37285,57773,5690,27804,3809,52083,5138,2530,2608
37290,57783,5690,27809,3809,52093,5138,2530,2608
37295,57789,5690,27812,3809,52099,5139,2531,2608
37300,57800,5691,27818,3810,52109,5139,2531,2608
37305,57804,5691,27819,3810,52113,5139,2531,2608
37310,57814,5693,27826,3812,52121,5140,2532,2608
37315,57820,5693,27829,3812,52127,5141,2532,2609
37320,57831,5695,27834,3813,52136,5141,2532,2609
37325,57835,5695,27835,3813,52140,5141,2532,2609
37330,57845,5697,27839,3813,52148,5142,2533,2609
37335,57851,5697,27842,3813,52154,5143,2534,2609
37340,57862,5698,27846,3813,52164,5144,2535,2609
37345,57866,5699,27848,3814,52167,5144,2535,2609
37350,57876,5701,27855,3815,52175,5145,2536,2609
37355,57882,5701,27858,3815,52181,5146,2536,2610
37360,57893,5702,27864,3816,52191,5148,2537,2611
37365,57897,5702,27866,3816,52195,5148,2537,2611
37370,57907,5704,27869,3817,52203,5149,2538,2611
37375,57913,5704,27873,3817,52209,5151,2540,2611
37380,57924,5706,27877,3818,52218,5153,2541,2612
37385,57928,5706,27878,3818,52222,5153,2541,2612
37390,57938,5708,27884,3820,52230,5153,2541,2612
37395,57944,5708,27887,3820,52236,5155,2542,2613
37400,57955,5710,27891,3821,52245,5156,2542,2614
37405,57959,5710,27891,3821,52249,5156,2542,2614
37410,57969,5712,27897,3822,52257,5156,2542,2614
37415,57975,5712,27899,3822,52263,5158,2543,2615
37420,57986,5714,27904,3823,52272,5159,2543,2616
37425,57990,5714,27907,3823,52276,5159,2543,2616
37430,58000,5716,27912,3824,52284,5159,2543,2616
37435,58006,5716,27915,3824,52289,5161,2544,2617
37440,58017,5719,27923,3827,52298,5162,2544,2618
37445,58021,5720,27927,3828,52301,5162,2544,2618
37450,58031,5722,27933,3830,52309,5162,2544,2618
37455,58037,5722,27937,3830,52315,5164,2546,2618
37460,58048,5724,27941,3831,52324,5165,2546,2619
37465,58052,5725,27945,3832,52327,5165,2546,2619
37470,58062,5727,27949,3833,52335,5165,2546,2619
37475,58068,5727,27954,3833,52340,5167,2547,2620
37480,58079,5730,27960,3835,52349,5168,2548,2620
37485,58083,5730,27961,3835,52353,5168,2548,2620
37490,58093,5732,27966,3836,52361,5169,2549,2620
37495,58099,5732,27968,3836,52366,5171,2549,2622
37500,58110,5734,27971,3837,52376,5173,2549,2624
37505,58114,5734,27974,3837,52380,5173,2549,2624
37510,58124,5735,27978,3838,52389,5173,2549,2624
37515,58130,5735,27981,3838,52395,5174,2550,2624
37520,58141,5735,27985,3838,52406,5176,2551,2625
37525,58145,5735,27985,3838,52410,5176,2551,2625
37530,58155,5736,27990,3838,52419,5176,2551,2625
37535,58161,5736,27992,3838,52425,5177,2551,2626
37540,58172,5737,27997,3839,52435,5179,2552,2627
37545,58176,5737,27999,3839,52439,5179,2552,2627
37550,58186,5738,28004,3839,52448,5179,2552,2627
37555,58192,5738,28008,3839,52454,5180,2553,2627
37560,58203,5739,28015,3840,52464,5182,2554,2628
37565,58207,5739,28017,3840,52468,5182,2554,2628
37570,58217,5740,28023,3840,52477,5182,2554,2628
37575,58223,5740,28027,3840,52483,5183,2555,2628
37580,58234,5740,28032,3840,52494,5184,2555,2629
37585,58238,5740,28033,3840,52498,5184,2555,2629
37590,58248,5741,28037,3840,52507,5184,2555,2629
37595,58254,5741,28043,3840,52513,5185,2556,2629
37600,58265,5741,28049,3840,52524,5186,2556,2630
37605,58269,5741,28050,3840,52528,5186,2556,2630
37610,58279,5742,28057,3841,52537,5186,2556,2630
37615,58285,5742,28061,3841,52542,5187,2557,2630
37620,58296,5745,28069,3844,52551,5188,2558,2630
37625,58300,5745,28070,3844,52555,5188,2558,2630
37630,58310,5747,28075,3845,52563,5188,2558,2630
37635,58316,5747,28079,3845,52568,5189,2559,2630
37640,58327,5749,28082,3846,52578,5189,2559,2630
37645,58331,5750,28086,3847,52581,5189,2559,2630
37650,58341,5752,28090,3847,52589,5189,2559,2630
37655,58347,5752,28095,3847,52594,5190,2560,2630
37660,58358,5756,28104,3851,52602,5190,2560,2630
37665,58362,5756,28106,3851,52606,5190,2560,2630
37670,58372,5758,28111,3851,52614,5190,2560,2630
37675,58378,5758,28114,3851,52620,5191,2560,2631
37680,58389,5759,28119,3852,52630,5192,2560,2632
37685,58393,5759,28120,3852,52634,5192,2560,2632
37690,58403,5760,28124,3852,52643,5193,2561,2632
37695,58409,5760,28126,3852,52649,5194,2561,2633
37700,58420,5762,28132,3853,52658,5196,2562,2634
37705,58424,5762,28133,3853,52662,5196,2562,2634
37710,58434,5763,28141,3854,52671,5197,2562,2635
37715,58440,5763,28143,3854,52677,5198,2562,2636
37720,58451,5764,28149,3855,52687,5200,2563,2637
37725,58455,5764,28151,3855,52691,5200,2563,2637
37730,58465,5765,28155,3855,52700,5201,2564,2637
37735,58471,5765,28157,3855,52706,5202,2564,2638
37740,58482,5766,28161,3855,52716,5203,2564,2639
37745,58486,5766,28164,3855,52720,5203,2564,2639
37750,58496,5767,28173,3856,52729,5203,2564,2639
37755,58502,5767,28176,3856,52735,5204,2564,2640
37760,58513,5769,28181,3858,52744,5204,2564,2640
37765,58517,5769,28184,3858,52748,5204,2564,2640
37770,58527,5770,28188,3858,52757,5204,2564,2640
37775,58533,5770,28190,3858,52763,5205,2564,2641
37780,58544,5774,28196,3862,52770,5205,2564,2641
37785,58548,5774,28198,3862,52774,5205,2564,2641
37790,58558,5776,28205,3864,52782,5205,2564,2641
37795,58564,5776,28209,3864,52787,5207,2565,2642
37800,58575,5781,28214,3868,52794,5207,2565,2642
37805,58579,5781,28215,3868,52798,5207,2565,2642
37810,58589,5782,28218,3869,52807,5207,2565,2642
37815,58595,5782,28220,3869,52813,5209,2567,2642
37820,58606,5782,28225,3869,52824,5210,2567,2643
37825,58610,5782,28226,3869,52828,5210,2567,2643
37830,58620,5783,28232,3869,52837,5210,2567,2643
37835,58626,5783,28234,3869,52843,5211,2567,2644
37840,58637,5783,28239,3869,52854,5212,2568,2644
37845,58641,5783,28239,3869,52858,5212,2568,2644
37850,58651,5784,28246,3870,52867,5212,2568,2644
37855,58657,5784,28249,3870,52873,5213,2568,2645
37860,58668,5784,28252,3870,52884,5214,2568,2646
37865,58672,5785,28253,3871,52887,5214,2568,2646
37870,58682,5786,28256,3871,52896,5215,2569,2646
37875,58688,5786,28258,3871,52902,5216,2570,2646
37880,58699,5788,28265,3873,52911,5216,2570,2646
37885,58703,5788,28266,3873,52915,5216,2570,2646
37890,58713,5789,28272,3873,52924,5217,2571,2646
37895,58719,5789,28276,3873,52929,5218,2571,2647
37900,58730,5792,28281,3875,52938,5218,2571,2647
37905,58734,5793,28284,3876,52941,5218,2571,2647
37910,58744,5795,28287,3877,52949,5219,2571,2648
37915,58750,5795,28288,3877,52955,5220,2571,2649
37920,58761,5796,28291,3878,52965,5221,2572,2649
37925,58765,5796,28293,3878,52969,5221,2572,2649
37930,58775,5798,28295,3878,52977,5221,2572,2649
37935,58781,5798,28299,3878,52983,5222,2573,2649
37940,58792,5800,28305,3880,52992,5223,2574,2649
37945,58796,5800,28308,3880,52996,5223,2574,2649
37950,58806,5802,28313,3881,53004,5223,2574,2649
37955,58812,5802,28316,3881,53010,5224,2575,2649
37960,58823,5803,28320,3882,53020,5225,2575,2650
37965,58827,5803,28321,3882,53024,5225,2575,2650
37970,58837,5805,28325,3883,53032,5225,2575,2650
37975,58843,5805,28329,3883,53038,5226,2576,2650
37980,58854,5807,28334,3885,53047,5227,2576,2651
37985,58858,5807,28335,3885,53051,5227,2576,2651
37990,58868,5807,28341,3885,53061,5227,2576,2651
37995,58874,5807,28344,3885,53067,5228,2577,2651
38000,58885,5807,28350,3885,53078,5229,2578,2651
38005,58889,5807,28354,3885,53082,5229,2578,2651
38010,58899,5807,28359,3885,53092,5229,2578,2651
38015,58905,5807,28362,3885,53098,5230,2579,2651
38020,58916,5807,28369,3885,53109,5231,2579,2652
38025,58920,5807,28370,3885,53113,5231,2579,2652
38030,58930,5807,28374,3885,53123,5232,2580,2652
38035,58936,5807,28377,3885,53129,5234,2581,2653
38040,58947,5809,28384,3887,53138,5235,2581,2654
38045,58951,5809,28385,3887,53142,5235,2581,2654
38050,58961,5809,28387,3887,53152,5235,2581,2654
38055,58967,5809,28390,3887,53158,5236,2581,2655
38060,58978,5810,28396,3887,53168,5236,2581,2655
38065,58982,5811,28398,3888,53171,5236,2581,2655
38070,58992,5811,28402,3888,53181,5236,2581,2655
38075,58998,5811,28407,3888,53187,5237,2582,2655
38080,59009,5813,28411,3890,53196,5237,2582,2655
38085,59013,5813,28413,3890,53200,5237,2582,2655
38090,59023,5815,28420,3892,53208,5237,2582,2655
38095,59029,5815,28421,3892,53214,5238,2582,2656
38100,59040,5816,28426,3893,53224,5239,2582,2657
38105,59044,5818,28429,3895,53226,5239,2582,2657
38110,59054,5820,28431,3896,53234,5239,2582,2657
38115,59060,5820,28433,3896,53239,5240,2582,2658
38120,59071,5823,28438,3898,53248,5241,2582,2659
38125,59075,5824,28440,3899,53251,5241,2582,2659
38130,59085,5826,28444,3900,53259,5241,2582,2659
38135,59091,5826,28450,3900,53264,5242,2583,2659
38140,59102,5829,28457,3903,53273,5243,2584,2659
38145,59106,5829,28458,3903,53277,5243,2584,2659
38150,59116,5830,28462,3903,53286,5244,2584,2660
38155,59122,5830,28464,3903,53291,5246,2585,2661
38160,59133,5833,28473,3906,53300,5248,2587,2661
38165,59137,5833,28474,3906,53304,5248,2587,2661
38170,59147,5834,28477,3906,53313,5248,2587,2661
38175,59153,5834,28481,3906,53319,5250,2588,2662
38180,59164,5836,28484,3908,53328,5252,2588,2664
38185,59168,5837,28485,3909,53331,5252,2588,2664
38190,59178,5838,28490,3910,53340,5252,2588,2664
38195,59184,5838,28491,3910,53346,5254,2588,2666
38200,59195,5841,28497,3912,53354,5256,2589,2667
38205,59199,5842,28501,3913,53357,5256,2589,2667
38210,59209,5843,28503,3913,53366,5256,2589,2667
38215,59215,5843,28505,3913,53372,5258,2589,2669
38220,59226,5844,28509,3914,53382,5260,2590,2670
38225,59230,5844,28512,3914,53386,5260,2590,2670
38230,59240,5845,28516,3914,53395,5260,2590,2670
38235,59246,5845,28516,3914,53401,5261,2590,2671
38240,59257,5846,28524,3915,53411,5263,2592,2671
38245,59261,5846,28525,3915,53415,5263,2592,2671
38250,59271,5848,28530,3915,53423,5263,2592,2671
38255,59277,5848,28531,3915,53429,5264,2592,2672
38260,59288,5849,28534,3916,53439,5266,2594,2672
38265,59292,5849,28537,3916,53443,5266,2594,2672
38270,59302,5851,28542,3917,53451,5266,2594,2672
38275,59308,5851,28547,3917,53457,5267,2595,2672
38280,59319,5851,28551,3917,53468,5269,2595,2674
38285,59323,5851,28553,3917,53472,5269,2595,2674
38290,59333,5853,28560,3919,53480,5270,2596,2674
38295,59339,5853,28563,3919,53486,5271,2597,2674
38300,59350,5854,28568,3920,53496,5271,2597,2674
38305,59354,5855,28570,3921,53499,5271,2597,2674
38310,59364,5857,28573,3922,53507,5271,2597,2674
38315,59370,5857,28576,3922,53513,5272,2597,2675
38320,59381,5858,28580,3923,53523,5272,2597,2675
38325,59385,5858,28580,3923,53527,5272,2597,2675
38330,59395,5860,28585,3924,53535,5272,2597,2675
38335,59401,5860,28587,3924,53541,5273,2597,2676
38340,59412,5863,28593,3927,53549,5273,2597,2676
38345,59416,5863,28594,3927,53553,5273,2597,2676
38350,59426,5865,28599,3928,53561,5273,2597,2676
38355,59432,5865,28603,3928,53567,5275,2598,2677
38360,59443,5867,28608,3929,53576,5275,2598,2677
38365,59447,5868,28612,3930,53579,5275,2598,2677
38370,59457,5870,28614,3930,53587,5275,2598,2677
38375,59463,5870,28616,3930,53593,5277,2599,2678
38380,59474,5872,28622,3932,53602,5277,2599,2678
38385,59478,5873,28626,3933,53605,5277,2599,2678
38390,59488,5875,28631,3934,53613,5277,2599,2678
38395,59494,5875,28634,3934,53618,5279,2600,2679
38400,59505,5879,28638,3937,53626,5281,2601,2680
38405,59509,5880,28641,3938,53629,5281,2601,2680
38410,59519,5881,28648,3939,53638,5282,2602,2680
38415,59525,5881,28649,3939,53644,5284,2602,2682
38420,59536,5881,28656,3939,53655,5285,2603,2682
38425,59540,5881,28658,3939,53659,5285,2603,2682
38430,59550,5882,28662,3940,53668,5286,2604,2682
38435,59556,5882,28666,3940,53673,5288,2605,2683
38440,59567,5883,28674,3941,53684,5289,2606,2683
38445,59571,5883,28678,3941,53688,5289,2606,2683
38450,59581,5884,28682,3942,53697,5290,2606,2684
38455,59587,5884,28686,3942,53703,5292,2607,2685
38460,59598,5884,28691,3942,53714,5293,2608,2685
38465,59602,5884,28694,3942,53718,5293,2608,2685
38470,59612,5885,28699,3942,53727,5293,2608,2685
38475,59618,5885,28703,3942,53732,5294,2608,2686
38480,59629,5886,28710,3943,53743,5294,2608,2686
38485,59633,5886,28714,3943,53747,5294,2608,2686
38490,59643,5887,28718,3943,53756,5294,2608,2686
38495,59649,5887,28721,3943,53762,5295,2608,2687
38500,59660,5887,28726,3943,53773,5295,2608,2687
38505,59664,5887,28729,3943,53777,5295,2608,2687
38510,59674,5888,28735,3944,53786,5295,2608,2687
38515,59680,5888,28737,3944,53791,5296,2609,2687
38520,59691,5891,28743,3947,53800,5296,2609,2687
38525,59695,5891,28743,3947,53804,5296,2609,2687
38530,59705,5892,28749,3948,53813,5296,2609,2687
38535,59711,5892,28751,3948,53819,5297,2609,2688
38540,59722,5894,28760,3950,53828,5297,2609,2688
38545,59726,5894,28763,3950,53832,5297,2609,2688
38550,59736,5895,28767,3950,53841,5297,2609,2688
38555,59742,5895,28771,3950,53847,5298,2610,2688
38560,59753,5896,28773,3950,53857,5298,2610,2688
38565,59757,5896,28776,3950,53861,5298,2610,2688
38570,59767,5897,28780,3950,53870,5299,2611,2688
38575,59773,5897,28785,3950,53876,5301,2612,2689
38580,59784,5898,28788,3950,53886,5302,2612,2690
38585,59788,5899,28790,3951,53889,5302,2612,2690
38590,59798,5900,28797,3952,53898,5302,2612,2690
38595,59804,5900,28800,3952,53904,5303,2612,2691
38600,59815,5901,28803,3953,53914,5304,2612,2692
38605,59819,5902,28806,3954,53917,5304,2612,2692
38610,59829,5903,28810,3954,53926,5304,2612,2692
38615,59835,5903,28812,3954,53932,5305,2612,2693
38620,59846,5905,28820,3956,53941,5306,2613,2693
38625,59850,5906,28821,3957,53944,5306,2613,2693
38630,59860,5908,28825,3957,53952,5306,2613,2693
38635,59866,5908,28827,3957,53957,5307,2614,2693
38640,59877,5911,28832,3960,53966,5308,2615,2693
38645,59881,5912,28834,3961,53969,5308,2615,2693
38650,59891,5914,28834,3961,53977,5308,2615,2693
38655,59897,5914,28836,3961,53983,5310,2616,2694
38660,59908,5916,28841,3962,53992,5311,2616,2695
38665,59912,5916,28842,3962,53996,5311,2616,2695
38670,59922,5918,28846,3962,54004,5311,2616,2695
38675,59928,5918,28852,3962,54009,5313,2618,2695
38680,59939,5920,28855,3964,54019,5314,2618,2696
38685,59943,5920,28857,3964,54023,5314,2618,2696
38690,59953,5922,28859,3964,54031,5314,2618,2696
38695,59959,5922,28861,3964,54037,5316,2618,2698
38700,59970,5925,28866,3967,54045,5317,2618,2699
38705,59974,5925,28868,3967,54049,5317,2618,2699
38710,59984,5926,28876,3968,54058,5317,2618,2699
38715,59990,5926,28879,3968,54064,5318,2619,2699
38720,60001,5926,28882,3968,54075,5319,2620,2699
38725,60005,5926,28884,3968,54079,5319,2620,2699
38730,60015,5927,28889,3969,54088,5319,2620,2699
38735,60021,5927,28893,3969,54094,5320,2621,2699
38740,60032,5927,28897,3969,54105,5321,2622,2699
38745,60036,5927,28901,3969,54109,5321,2622,2699
38750,60046,5928,28907,3970,54118,5321,2622,2699
38755,60052,5928,28910,3970,54124,5322,2623,2699
38760,60063,5928,28917,3970,54135,5324,2624,2700
38765,60067,5928,28919,3970,54139,5324,2624,2700
38770,60077,5930,28923,3972,54147,5324,2624,2700
38775,60083,5930,28924,3972,54153,5325,2624,2701
38780,60094,5931,28930,3973,54163,5326,2624,2702
38785,60098,5931,28932,3973,54167,5326,2624,2702
38790,60108,5933,28942,3975,54175,5326,2624,2702
38795,60114,5933,28942,3975,54181,5327,2624,2703
38800,60125,5934,28946,3976,54191,5328,2625,2703
38805,60129,5934,28946,3976,54195,5328,2625,2703
38810,60139,5936,28953,3977,54203,5329,2626,2703
38815,60145,5936,28955,3977,54209,5331,2626,2705
38820,60156,5937,28962,3978,54219,5332,2627,2705
38825,60160,5938,28965,3979,54222,5332,2627,2705
38830,60170,5940,28969,3980,54230,5332,2627,2705
38835,60176,5940,28969,3980,54236,5334,2627,2707
38840,60187,5942,28973,3982,54245,5334,2627,2707
38845,60191,5942,28976,3982,54249,5334,2627,2707
38850,60201,5944,28982,3984,54257,5334,2627,2707
38855,60207,5944,28984,3984,54263,5336,2627,2709
38860,60218,5945,28990,3985,54273,5336,2627,2709
38865,60222,5945,28992,3985,54277,5336,2627,2709
38870,60232,5947,28998,3986,54285,5336,2627,2709
38875,60238,5947,29002,3986,54290,5338,2628,2710
38880,60249,5950,29008,3989,54299,5339,2629,2710
38885,60253,5950,29009,3989,54303,5339,2629,2710
38890,60263,5951,29011,3990,54312,5340,2629,2711
38895,60269,5951,29012,3990,54318,5342,2630,2712
38900,60280,5952,29017,3991,54328,5342,2630,2712
38905,60284,5952,29019,3991,54332,5342,2630,2712
38910,60294,5953,29024,3991,54341,5343,2631,2712
38915,60300,5953,29028,3991,54347,5345,2633,2712
38920,60311,5954,29033,3992,54357,5345,2633,2712
38925,60315,5954,29036,3992,54361,5345,2633,2712
38930,60325,5955,29042,3993,54370,5346,2634,2712
38935,60331,5955,29044,3993,54375,5348,2634,2714
38940,60342,5957,29051,3995,54385,5350,2636,2714
38945,60346,5957,29053,3995,54389,5350,2636,2714
38950,60356,5957,29059,3995,54399,5350,2636,2714
38955,60362,5957,29062,3995,54405,5351,2637,2714
38960,60373,5958,29069,3996,54415,5352,2638,2714
38965,60377,5958,29069,3996,54419,5352,2638,2714
38970,60387,5958,29073,3996,54429,5352,2638,2714
38975,60393,5958,29076,3996,54435,5353,2638,2715
38980,60404,5959,29082,3996,54445,5354,2639,2715
38985,60408,5959,29085,3996,54449,5354,2639,2715
38990,60418,5960,29088,3996,54458,5354,2639,2715
38995,60424,5960,29092,3996,54464,5355,2640,2715
39000,60435,5962,29097,3997,54473,5356,2641,2715
39005,60439,5963,29101,3998,54476,5356,2641,2715
39010,60449,5965,29105,3998,54484,5356,2641,2715
39015,60455,5965,29110,3998,54490,5358,2643,2715
39020,60466,5967,29113,3999,54499,5358,2643,2715
39025,60470,5968,29115,4000,54502,5358,2643,2715
39030,60480,5970,29120,4000,54510,5358,2643,2715
39035,60486,5970,29122,4000,54516,5360,2643,2717
39040,60497,5972,29127,4001,54525,5360,2643,2717
39045,60501,5972,29129,4001,54529,5360,2643,2717
39050,60511,5974,29135,4002,54537,5360,2643,2717
39055,60517,5974,29140,4002,54542,5362,2644,2718
39060,60528,5977,29147,4004,54551,5363,2645,2718
39065,60532,5977,29149,4004,54555,5363,2645,2718
39070,60542,5978,29153,4005,54564,5364,2646,2718
39075,60548,5978,29156,4005,54569,5365,2646,2719
39080,60559,5980,29162,4007,54579,5366,2647,2719
39085,60563,5980,29164,4007,54583,5366,2647,2719
39090,60573,5981,29169,4008,54592,5367,2647,2720
39095,60579,5981,29171,4008,54598,5368,2648,2720
39100,60590,5982,29174,4009,54608,5369,2649,2720
39105,60594,5983,29175,4010,54611,5369,2649,2720
39110,60604,5984,29179,4010,54620,5370,2649,2721
39115,60610,5984,29182,4010,54626,5371,2650,2721
39120,60621,5986,29186,4011,54635,5373,2650,2723
39125,60625,5986,29189,4011,54639,5373,2650,2723
39130,60635,5987,29193,4011,54648,5374,2651,2723
39135,60641,5987,29197,4011,54654,5375,2652,2723
39140,60652,5987,29202,4011,54665,5376,2653,2723
39145,60656,5987,29206,4011,54669,5376,2653,2723
39150,60666,5988,29212,4011,54678,5376,2653,2723
39155,60672,5988,29215,4011,54684,5377,2654,2723
39160,60683,5988,29221,4011,54695,5378,2654,2724
39165,60687,5988,29223,4011,54699,5378,2654,2724
39170,60697,5990,29230,4012,54707,5378,2654,2724
39175,60703,5990,29233,4012,54713,5379,2654,2725
39180,60714,5991,29237,4013,54723,5380,2654,2726
39185,60718,5991,29239,4013,54727,5380,2654,2726
39190,60728,5993,29247,4015,54735,5380,2654,2726
39195,60734,5993,29251,4015,54741,5382,2656,2726
39200,60745,5996,29255,4018,54749,5382,2656,2726
39205,60749,5996,29257,4018,54753,5382,2656,2726
39210,60759,5998,29262,4020,54761,5382,2656,2726
39215,60765,5998,29267,4020,54767,5384,2658,2726
39220,60776,6001,29274,4022,54775,5384,2658,2726
39225,60780,6001,29277,4022,54779,5384,2658,2726
39230,60790,6003,29282,4022,54787,5384,2658,2726
39235,60796,6003,29283,4022,54793,5386,2659,2727
39240,60807,6005,29290,4024,54802,5387,2660,2727
39245,60811,6005,29293,4024,54806,5387,2660,2727
39250,60821,6006,29300,4025,54815,5387,2660,2727
39255,60827,6006,29303,4025,54820,5388,2661,2727
39260,60838,6008,29306,4026,54830,5389,2661,2728
39265,60842,6008,29307,4026,54834,5389,2661,2728
39270,60852,6009,29313,4027,54843,5389,2661,2728
39275,60858,6009,29317,4027,54848,5390,2661,2729
39280,60869,6011,29320,4029,54858,5391,2661,2730
39285,60873,6013,29323,4031,54860,5391,2661,2730
39290,60883,6014,29326,4031,54869,5391,2661,2730
39295,60889,6014,29328,4031,54875,5392,2662,2730
39300,60900,6016,29336,4033,54884,5393,2663,2730
39305,60904,6017,29337,4034,54887,5393,2663,2730
39310,60914,6018,29341,4034,54896,5393,2663,2730
39315,60920,6018,29343,4034,54902,5394,2663,2731
39320,60931,6019,29348,4035,54912,5395,2663,2732
39325,60935,6019,29348,4035,54916,5395,2663,2732
39330,60945,6020,29351,4035,54925,5395,2663,2732
39335,60951,6020,29354,4035,54931,5396,2663,2733
39340,60962,6023,29360,4038,54939,5398,2664,2734
39345,60966,6025,29364,4040,54941,5398,2664,2734
39350,60976,6027,29369,4041,54949,5398,2664,2734
39355,60982,6027,29371,4041,54955,5400,2665,2735
39360,60993,6030,29377,4043,54963,5402,2666,2736
39365,60997,6030,29380,4043,54967,5402,2666,2736
39370,61007,6031,29383,4044,54976,5403,2666,2737
39375,61013,6031,29386,4044,54982,5404,2666,2738
39380,61024,6031,29391,4044,54993,5405,2666,2739
39385,61028,6031,29392,4044,54997,5405,2666,2739
39390,61038,6032,29396,4045,55006,5406,2667,2739
39395,61044,6032,29399,4045,55012,5407,2667,2740
39400,61055,6032,29403,4045,55023,5408,2667,2741
39405,61059,6032,29403,4045,55027,5408,2667,2741
39410,61069,6033,29408,4046,55036,5409,2667,2742
39415,61075,6033,29412,4046,55042,5410,2668,2742
39420,61086,6033,29415,4046,55053,5411,2669,2742
39425,61090,6033,29418,4046,55057,5411,2669,2742
39430,61100,6035,29424,4046,55065,5411,2669,2742
39435,61106,6035,29424,4046,55071,5412,2669,2743
39440,61117,6036,29431,4047,55081,5413,2670,2743
39445,61121,6036,29432,4047,55085,5413,2670,2743
39450,61131,6038,29436,4047,55093,5413,2670,2743
39455,61137,6038,29437,4047,55099,5414,2670,2744
39460,61148,6038,29441,4047,55110,5415,2671,2744
39465,61152,6038,29445,4047,55114,5415,2671,2744
39470,61162,6040,29449,4047,55122,5415,2671,2744
39475,61168,6040,29451,4047,55127,5417,2672,2745
39480,61179,6044,29457,4050,55135,5418,2672,2746
39485,61183,6044,29459,4050,55139,5418,2672,2746
39490,61193,6045,29463,4050,55148,5418,2672,2746
39495,61199,6045,29464,4050,55154,5420,2672,2748
39500,61210,6046,29470,4051,55164,5421,2672,2749
39505,61214,6046,29470,4051,55168,5421,2672,2749
39510,61224,6047,29476,4052,55177,5421,2672,2749
39515,61230,6047,29478,4052,55183,5423,2672,2751
39520,61241,6049,29482,4053,55192,5424,2672,2752
39525,61245,6049,29484,4053,55196,5424,2672,2752
39530,61255,6050,29487,4054,55205,5424,2672,2752
39535,61261,6050,29492,4054,55210,5426,2674,2752
39540,61272,6053,29496,4056,55219,5427,2674,2753
39545,61276,6053,29496,4056,55223,5427,2674,2753
39550,61286,6053,29503,4056,55233,5427,2674,2753
39555,61292,6053,29507,4056,55239,5429,2675,2754
39560,61303,6054,29513,4057,55249,5430,2675,2755
39565,61307,6055,29515,4058,55252,5430,2675,2755
39570,61317,6055,29521,4058,55262,5430,2675,2755
39575,61323,6055,29525,4058,55268,5432,2676,2756
39580,61334,6056,29531,4058,55278,5432,2676,2756
39585,61338,6056,29533,4058,55282,5432,2676,2756
39590,61348,6057,29541,4059,55291,5433,2677,2756
39595,61354,6057,29542,4059,55297,5435,2678,2757
39600,61365,6058,29546,4060,55307,5436,2679,2757
39605,61369,6058,29547,4060,55311,5436,2679,2757
39610,61379,6059,29550,4061,55320,5437,2679,2758
39615,61385,6059,29553,4061,55326,5438,2680,2758
39620,61396,6062,29561,4063,55334,5439,2681,2758
39625,61400,6062,29564,4063,55338,5439,2681,2758
39630,61410,6063,29569,4064,55347,5440,2682,2758
39635,61416,6063,29570,4064,55353,5441,2682,2759
39640,61427,6064,29577,4065,55363,5442,2683,2759
39645,61431,6064,29577,4065,55367,5442,2683,2759
39650,61441,6065,29581,4066,55376,5443,2683,2760
39655,61447,6065,29584,4066,55382,5444,2684,2760
39660,61458,6068,29590,4068,55390,5445,2684,2761
39665,61462,6068,29592,4068,55394,5445,2684,2761
39670,61472,6069,29598,4069,55403,5445,2684,2761
39675,61478,6069,29601,4069,55409,5446,2684,2762
39680,61489,6069,29603,4069,55420,5448,2685,2763
39685,61493,6069,29604,4069,55424,5448,2685,2763
39690,61503,6070,29610,4069,55433,5448,2685,2763
39695,61509,6070,29616,4069,55439,5449,2686,2763
39700,61520,6070,29621,4069,55450,5451,2687,2764
39705,61524,6070,29623,4069,55454,5451,2687,2764
39710,61534,6072,29628,4071,55462,5451,2687,2764
39715,61540,6072,29632,4071,55467,5453,2688,2765
39720,61551,6073,29636,4072,55478,5455,2689,2766
39725,61555,6073,29639,4072,55482,5455,2689,2766
39730,61565,6075,29645,4074,55490,5456,2689,2767
39735,61571,6075,29648,4074,55496,5458,2691,2767
39740,61582,6076,29654,4075,55506,5458,2691,2767
39745,61586,6076,29655,4075,55510,5458,2691,2767
39750,61596,6078,29662,4077,55518,5459,2692,2767
39755,61602,6078,29663,4077,55524,5461,2693,2768
39760,61613,6079,29669,4078,55534,5461,2693,2768
39765,61617,6079,29670,4078,55538,5461,2693,2768
39770,61627,6081,29674,4080,55546,5462,2693,2769
39775,61633,6081,29678,4080,55551,5464,2693,2771
39780,61644,6084,29684,4083,55560,5464,2693,2771
39785,61648,6084,29685,4083,55564,5464,2693,2771
39790,61658,6085,29692,4083,55573,5465,2693,2772
39795,61664,6085,29694,4083,55579,5466,2694,2772
39800,61675,6086,29697,4083,55589,5466,2694,2772
39805,61679,6087,29699,4084,55592,5466,2694,2772
39810,61689,6088,29705,4085,55601,5467,2695,2772
39815,61695,6088,29707,4085,55607,5468,2695,2773
39820,61706,6089,29713,4086,55617,5468,2695,2773
39825,61710,6089,29713,4086,55621,5468,2695,2773
39830,61720,6090,29717,4086,55630,5469,2695,2774
39835,61726,6090,29722,4086,55636,5470,2696,2774
39840,61737,6091,29726,4087,55646,5472,2697,2775
39845,61741,6092,29729,4088,55649,5472,2697,2775
39850,61751,6093,29732,4089,55658,5472,2697,2775
39855,61757,6093,29736,4089,55664,5473,2697,2776
39860,61768,6094,29742,4089,55674,5475,2698,2777
39865,61772,6095,29743,4090,55677,5475,2698,2777
39870,61782,6096,29747,4090,55686,5475,2698,2777
39875,61788,6096,29751,4090,55692,5476,2698,2778
39880,61799,6098,29758,4092,55701,5478,2699,2779
39885,61803,6098,29759,4092,55705,5478,2699,2779
39890,61813,6100,29763,4092,55713,5478,2699,2779
39895,61819,6100,29767,4092,55718,5480,2700,2780
39900,61830,6103,29769,4094,55727,5482,2700,2782
39905,61834,6103,29769,4094,55731,5482,2700,2782
39910,61844,6104,29775,4095,55740,5482,2700,2782
39915,61850,6104,29777,4095,55745,5484,2701,2783
39920,61861,6106,29783,4097,55755,5484,2701,2783
39925,61865,6106,29783,4097,55759,5484,2701,2783
39930,61875,6107,29789,4098,55768,5484,2701,2783
39935,61881,6107,29791,4098,55773,5486,2701,2785
39940,61892,6109,29795,4099,55783,5486,2701,2785
39945,61896,6109,29797,4099,55787,5486,2701,2785
39950,61906,6110,29803,4100,55796,5486,2701,2785
39955,61912,6110,29803,4100,55802,5488,2701,2787
39960,61923,6112,29809,4102,55811,5488,2701,2787
39965,61927,6112,29810,4102,55815,5488,2701,2787
39970,61937,6113,29816,4103,55824,5489,2702,2787
39975,61943,6113,29820,4103,55829,5491,2704,2787
39980,61954,6115,29826,4104,55839,5491,2704,2787
39985,61958,6115,29828,4104,55843,5491,2704,2787
39990,61968,6116,29836,4104,55852,5491,2704,2787
39995,61974,6116,29840,4104,55858,5493,2706,2787
40000,61985,6117,29844,4105,55868,5493,2706,2787
40005,61989,6117,29846,4105,55872,5493,2706,2787
40010,61999,6119,29848,4106,55880,5493,2706,2787
40015,62005,6119,29852,4106,55885,5495,2708,2787
40020,62016,6122,29859,4109,55894,5497,2709,2788
40025,62020,6122,29861,4109,55898,5497,2709,2788
40030,62030,6122,29863,4109,55908,5497,2709,2788
40035,62036,6122,29866,4109,55914,5498,2710,2788
40040,62047,6122,29872,4109,55925,5499,2710,2789
40045,62051,6122,29873,4109,55929,5499,2710,2789
40050,62061,6122,29880,4109,55939,5499,2710,2789
40055,62067,6122,29884,4109,55945,5500,2710,2790
40060,62078,6122,29890,4109,55956,5501,2710,2791
40065,62082,6122,29892,4109,55960,5501,2710,2791
40070,62092,6122,29898,4109,55970,5501,2710,2791
40075,62098,6122,29902,4109,55976,5502,2711,2791
40080,62109,6122,29908,4109,55987,5502,2711,2791
40085,62113,6122,29910,4109,55991,5502,2711,2791
40090,62123,6122,29915,4109,56001,5502,2711,2791
40095,62129,6122,29918,4109,56007,5503,2711,2792
40100,62140,6122,29926,4109,56018,5503,2711,2792
40105,62144,6122,29928,4109,56022,5503,2711,2792
40110,62154,6122,29932,4109,56032,5503,2711,2792
40115,62160,6122,29933,4109,56038,5504,2712,2792
40120,62171,6122,29938,4109,56049,5504,2712,2792
40125,62175,6122,29939,4109,56053,5504,2712,2792
40130,62185,6123,29943,4109,56062,5504,2712,2792
40135,62191,6123,29946,4109,56067,5505,2712,2793
40140,62202,6126,29951,4112,56076,5506,2713,2793
40145,62206,6127,29953,4113,56079,5506,2713,2793
40150,62216,6129,29959,4113,56087,5507,2714,2793
40155,62222,6129,29963,4113,56092,5508,2715,2793
40160,62233,6131,29965,4114,56102,5508,2715,2793
40165,62237,6132,29968,4115,56105,5508,2715,2793
40170,62247,6133,29971,4115,56114,5509,2715,2794
40175,62253,6133,29973,4115,56120,5510,2715,2795
40180,62264,6135,29979,4116,56129,5511,2716,2795
40185,62268,6135,29979,4116,56133,5511,2716,2795
40190,62278,6136,29982,4116,56142,5512,2717,2795
40195,62284,6136,29987,4116,56148,5513,2718,2795
40200,62295,6138,29990,4117,56157,5514,2718,2796
40205,62299,6138,29991,4117,56161,5514,2718,2796
40210,62309,6139,29998,4117,56170,5515,2719,2796
40215,62315,6139,30001,4117,56176,5516,2720,2796
40220,62326,6140,30005,4118,56186,5516,2720,2796
40225,62330,6140,30006,4118,56190,5516,2720,2796
40230,62340,6141,30012,4119,56199,5516,2720,2796
40235,62346,6141,30013,4119,56205,5517,2720,2797
40240,62357,6143,30019,4121,56214,5517,2720,2797
40245,62361,6143,30021,4121,56218,5517,2720,2797
40250,62371,6144,30026,4122,56227,5517,2720,2797
40255,62377,6144,30028,4122,56233,5519,2720,2799
40260,62388,6144,30033,4122,56244,5520,2721,2799
40265,62392,6144,30033,4122,56248,5520,2721,2799
40270,62402,6145,30040,4122,56257,5520,2721,2799
40275,62408,6145,30042,4122,56263,5522,2722,2800
40280,62419,6145,30047,4122,56274,5522,2722,2800
40285,62423,6145,30047,4122,56278,5522,2722,2800
40290,62433,6146,30052,4122,56287,5522,2722,2800
40295,62439,6146,30055,4122,56293,5524,2723,2801
40300,62450,6146,30061,4122,56304,5524,2723,2801
40305,62454,6146,30062,4122,56308,5524,2723,2801
40310,62464,6147,30066,4122,56317,5524,2723,2801
40315,62470,6147,30067,4122,56323,5526,2723,2803
40320,62481,6148,30073,4123,56333,5527,2723,2804
40325,62485,6149,30074,4124,56336,5527,2723,2804
40330,62495,6150,30083,4124,56345,5528,2724,2804
40335,62501,6150,30085,4124,56350,5529,2724,2805
40340,62512,6152,30090,4125,56360,5530,2724,2806
40345,62516,6152,30091,4125,56364,5530,2724,2806
40350,62526,6153,30095,4126,56373,5531,2725,2806
40355,62532,6153,30100,4126,56379,5532,2726,2806
40360,62543,6154,30106,4126,56389,5533,2726,2807
40365,62547,6154,30108,4126,56393,5533,2726,2807
40370,62557,6155,30115,4127,56402,5534,2727,2807
40375,62563,6155,30119,4127,56407,5535,2728,2807
40380,62574,6158,30123,4130,56416,5537,2728,2809
40385,62578,6160,30125,4132,56418,5537,2728,2809
40390,62588,6162,30130,4133,56426,5537,2728,2809
40395,62594,6162,30131,4133,56432,5538,2728,2810
40400,62605,6163,30136,4134,56442,5538,2728,2810
40405,62609,6163,30138,4134,56446,5538,2728,2810
40410,62619,6165,30141,4135,56454,5538,2728,2810
40415,62625,6165,30143,4135,56460,5539,2729,2810
40420,62636,6166,30147,4135,56470,5539,2729,2810
40425,62640,6166,30150,4135,56474,5539,2729,2810
40430,62650,6168,30154,4136,56482,5539,2729,2810
40435,62656,6168,30156,4136,56488,5540,2729,2811
40440,62667,6171,30161,4139,56496,5540,2729,2811
40445,62671,6172,30163,4140,56499,5540,2729,2811
40450,62681,6174,30166,4140,56507,5540,2729,2811
40455,62687,6174,30170,4140,56513,5541,2729,2812
40460,62698,6175,30177,4141,56523,5541,2729,2812
40465,62702,6175,30179,4141,56527,5541,2729,2812
40470,62712,6177,30187,4143,56535,5541,2729,2812
40475,62718,6177,30190,4143,56541,5542,2729,2813
40480,62729,6177,30195,4143,56552,5542,2729,2813
40485,62733,6177,30197,4143,56556,5542,2729,2813
40490,62743,6179,30201,4143,56564,5543,2730,2813
40495,62749,6179,30205,4143,56570,5545,2732,2813
40500,62760,6180,30211,4144,56580,5547,2734,2813
40505,62764,6180,30212,4144,56584,5547,2734,2813
40510,62774,6181,30216,4145,56593,5547,2734,2813
40515,62780,6181,30217,4145,56599,5548,2735,2813
40520,62791,6181,30222,4145,56610,5549,2736,2813
40525,62795,6181,30225,4145,56614,5549,2736,2813
40530,62805,6182,30229,4145,56623,5549,2736,2813
40535,62811,6182,30231,4145,56629,5550,2736,2814
40540,62822,6182,30236,4145,56640,5551,2737,2814
40545,62826,6182,30237,4145,56644,5551,2737,2814
40550,62836,6183,30242,4146,56653,5551,2737,2814
40555,62842,6183,30243,4146,56659,5552,2737,2815
40560,62853,6183,30249,4146,56670,5553,2737,2816
40565,62857,6183,30253,4146,56674,5553,2737,2816
40570,62867,6184,30257,4146,56683,5553,2737,2816
40575,62873,6184,30260,4146,56689,5554,2738,2816
40580,62884,6184,30264,4146,56700,5554,2738,2816
40585,62888,6184,30264,4146,56704,5554,2738,2816
40590,62898,6185,30267,4147,56713,5554,2738,2816
40595,62904,6185,30270,4147,56719,5555,2738,2817
40600,62915,6185,30274,4147,56730,5555,2738,2817
40605,62919,6185,30276,4147,56734,5555,2738,2817
40610,62929,6187,30279,4147,56742,5555,2738,2817
40615,62935,6187,30283,4147,56748,5556,2739,2817
40620,62946,6188,30285,4148,56758,5557,2739,2818
40625,62950,6189,30287,4149,56761,5557,2739,2818
40630,62960,6191,30292,4149,56769,5557,2739,2818
40635,62966,6191,30294,4149,56774,5558,2739,2819
40640,62977,6194,30300,4152,56783,5558,2739,2819
40645,62981,6195,30303,4153,56786,5558,2739,2819
40650,62991,6197,30309,4155,56794,5558,2739,2819
40655,62997,6197,30313,4155,56799,5559,2739,2820
40660,63008,6199,30317,4157,56809,5559,2739,2820
40665,63012,6199,30319,4157,56813,5559,2739,2820
40670,63022,6201,30322,4158,56821,5559,2739,2820
40675,63028,6201,30325,4158,56826,5560,2739,2821
40680,63039,6204,30331,4160,56835,5561,2740,2821
40685,63043,6204,30333,4160,56839,5561,2740,2821
40690,63053,6205,30336,4160,56848,5562,2740,2822
40695,63059,6205,30340,4160,56854,5564,2742,2822
40700,63070,6207,30347,4162,56863,5565,2743,2822
40705,63074,6207,30349,4162,56867,5565,2743,2822
40710,63084,6208,30353,4163,56876,5566,2743,2823
40715,63090,6208,30354,4163,56882,5568,2744,2824
40720,63101,6209,30362,4164,56892,5569,2744,2825
40725,63105,6209,30364,4164,56896,5569,2744,2825
40730,63115,6210,30370,4164,56905,5570,2744,2826
40735,63121,6210,30372,4164,56910,5572,2744,2828
40740,63132,6212,30378,4166,56920,5573,2745,2828
40745,63136,6212,30379,4166,56924,5573,2745,2828
40750,63146,6213,30383,4167,56933,5573,2745,2828
40755,63152,6213,30387,4167,56939,5575,2746,2829
40760,63163,6215,30397,4169,56948,5575,2746,2829
40765,63167,6215,30400,4169,56952,5575,2746,2829
40770,63177,6216,30405,4170,56961,5575,2746,2829
40775,63183,6216,30407,4170,56966,5577,2746,2831
40780,63194,6218,30413,4172,56976,5577,2746,2831
40785,63198,6218,30415,4172,56980,5577,2746,2831
40790,63208,6220,30418,4173,56988,5577,2746,2831
40795,63214,6220,30418,4173,56994,5579,2746,2833
40800,63225,6223,30421,4175,57002,5580,2746,2834
40805,63229,6224,30423,4176,57005,5580,2746,2834
40810,63239,6226,30428,4178,57013,5580,2746,2834
40815,63245,6226,30429,4178,57019,5581,2746,2835
40820,63256,6227,30437,4179,57029,5582,2747,2835
40825,63260,6227,30438,4179,57033,5582,2747,2835
40830,63270,6229,30442,4180,57041,5582,2747,2835
40835,63276,6229,30444,4180,57047,5583,2747,2836
40840,63287,6229,30447,4180,57058,5583,2747,2836
40845,63291,6229,30449,4180,57062,5583,2747,2836
40850,63301,6231,30454,4181,57070,5583,2747,2836
40855,63307,6231,30456,4181,57076,5584,2747,2837
40860,63318,6231,30461,4181,57087,5584,2747,2837
40865,63322,6232,30464,4182,57090,5584,2747,2837
40870,63332,6234,30469,4183,57098,5585,2747,2838
40875,63338,6234,30472,4183,57103,5586,2748,2838
40880,63349,6237,30477,4185,57112,5587,2749,2838
40885,63353,6237,30479,4185,57116,5587,2749,2838
40890,63363,6239,30482,4186,57124,5588,2749,2839
40895,63369,6239,30484,4186,57130,5589,2749,2840
40900,63380,6242,30490,4188,57138,5590,2749,2841
40905,63384,6242,30492,4188,57142,5590,2749,2841
40910,63394,6244,30497,4189,57150,5591,2749,2842
40915,63400,6244,30501,4189,57155,5592,2749,2843
40920,63411,6249,30507,4193,57162,5593,2750,2843
40925,63415,6249,30509,4193,57166,5593,2750,2843
40930,63425,6250,30514,4194,57175,5593,2750,2843
40935,63431,6250,30517,4194,57181,5595,2752,2843
40940,63442,6251,30521,4195,57191,5596,2752,2844
40945,63446,6251,30524,4195,57195,5596,2752,2844
40950,63456,6252,30530,4196,57204,5596,2752,2844
40955,63462,6252,30534,4196,57210,5598,2754,2844
40960,63473,6254,30537,4198,57219,5599,2755,2844
40965,63477,6254,30538,4198,57223,5599,2755,2844
40970,63487,6255,30543,4198,57232,5599,2755,2844
40975,63493,6255,30547,4198,57238,5601,2756,2845
40980,63504,6256,30554,4199,57248,5602,2757,2845
40985,63508,6256,30556,4199,57252,5602,2757,2845
40990,63518,6256,30564,4199,57262,5602,2757,2845
40995,63524,6256,30566,4199,57268,5603,2758,2845
41000,63535,6256,30567,4199,57279,5605,2759,2846
41005,63539,6256,30570,4199,57283,5605,2759,2846
41010,63549,6256,30573,4199,57293,5605,2759,2846
41015,63555,6256,30577,4199,57299,5606,2760,2846
41020,63566,6256,30583,4199,57310,5607,2761,2846
41025,63570,6256,30585,4199,57314,5607,2761,2846
41030,63580,6257,30590,4199,57323,5608,2762,2846
41035,63586,6257,30593,4199,57328,5609,2762,2847
41040,63597,6259,30597,4200,57338,5609,2762,2847
41045,63601,6259,30599,4200,57342,5609,2762,2847
41050,63611,6260,30607,4200,57351,5609,2762,2847
41055,63617,6260,30610,4200,57356,5610,2762,2848
41060,63628,6262,30613,4201,57366,5610,2762,2848
41065,63632,6262,30615,4201,57370,5610,2762,2848
41070,63642,6263,30619,4201,57379,5610,2762,2848
41075,63648,6263,30620,4201,57385,5611,2763,2848
41080,63659,6264,30623,4201,57395,5611,2763,2848
41085,63663,6264,30624,4201,57399,5611,2763,2848
41090,63673,6265,30630,4202,57408,5611,2763,2848
41095,63679,6265,30634,4202,57413,5612,2764,2848
41100,63690,6267,30639,4204,57423,5612,2764,2848
41105,63694,6267,30640,4204,57427,5612,2764,2848
41110,63704,6268,30645,4204,57436,5612,2764,2848
41115,63710,6268,30647,4204,57442,5613,2764,2849
41120,63721,6269,30651,4204,57452,5613,2764,2849
41125,63725,6269,30652,4204,57456,5613,2764,2849
41130,63735,6270,30661,4205,57465,5613,2764,2849
41135,63741,6270,30662,4205,57471,5614,2765,2849
41140,63752,6271,30667,4206,57481,5615,2765,2850
41145,63756,6272,30670,4207,57484,5615,2765,2850
41150,63766,6274,30677,4209,57492,5615,2765,2850
41155,63772,6274,30680,4209,57497,5616,2765,2851
41160,63783,6277,30686,4212,57506,5618,2767,2851
41165,63787,6277,30688,4212,57510,5618,2767,2851
41170,63797,6278,30693,4212,57519,5618,2767,2851
41175,63803,6278,30694,4212,57524,5620,2767,2853
41180,63814,6280,30699,4213,57534,5621,2767,2854
41185,63818,6281,30702,4214,57537,5621,2767,2854
41190,63828,6282,30707,4214,57546,5621,2767,2854
41195,63834,6282,30712,4214,57551,5623,2769,2854
41200,63845,6285,30718,4217,57560,5624,2769,2855
41205,63849,6286,30721,4218,57563,5624,2769,2855
41210,63859,6287,30724,4218,57572,5624,2769,2855
41215,63865,6287,30725,4218,57577,5626,2769,2857
41220,63876,6290,30732,4220,57586,5627,2769,2858
41225,63880,6290,30735,4220,57590,5627,2769,2858
41230,63890,6290,30738,4220,57600,5627,2769,2858
41235,63896,6290,30741,4220,57606,5629,2770,2859
41240,63907,6292,30747,4221,57615,5630,2771,2859
41245,63911,6293,30749,4222,57618,5630,2771,2859
41250,63921,6293,30754,4222,57628,5630,2771,2859
41255,63927,6293,30756,4222,57634,5632,2772,2860
41260,63938,6295,30763,4223,57643,5633,2773,2860
41265,63942,6296,30765,4224,57646,5633,2773,2860
41270,63952,6297,30771,4225,57655,5634,2774,2860
41275,63958,6297,30773,4225,57661,5636,2774,2862
41280,63969,6299,30780,4227,57670,5638,2776,2862
41285,63973,6299,30782,4227,57674,5638,2776,2862
41290,63983,6300,30787,4228,57683,5639,2776,2863
41295,63989,6300,30789,4228,57689,5640,2776,2864
41300,64000,6300,30792,4228,57700,5640,2776,2864
41305,64004,6300,30796,4228,57704,5640,2776,2864
41310,64014,6301,30802,4228,57713,5640,2776,2864
41315,64020,6301,30804,4228,57719,5641,2777,2864
41320,64031,6302,30812,4229,57729,5641,2777,2864
41325,64035,6302,30815,4229,57733,5641,2777,2864
41330,64045,6304,30820,4230,57741,5641,2777,2864
41335,64051,6304,30821,4230,57747,5642,2777,2865
41340,64062,6306,30825,4232,57756,5642,2777,2865
41345,64066,6306,30827,4232,57760,5642,2777,2865
41350,64076,6308,30834,4234,57768,5642,2777,2865
41355,64082,6308,30837,4234,57774,5643,2778,2865
41360,64093,6309,30844,4235,57784,5643,2778,2865
41365,64097,6309,30846,4235,57788,5643,2778,2865
41370,64107,6311,30851,4237,57796,5643,2778,2865
41375,64113,6311,30853,4237,57802,5644,2778,2866
41380,64124,6312,30859,4238,57812,5644,2778,2866
41385,64128,6312,30862,4238,57816,5644,2778,2866
41390,64138,6314,30869,4239,57824,5644,2778,2866
41395,64144,6314,30871,4239,57830,5645,2778,2867
41400,64155,6317,30879,4241,57838,5646,2778,2868
41405,64159,6318,30880,4242,57841,5646,2778,2868
41410,64169,6319,30884,4243,57850,5646,2778,2868
41415,64175,6319,30887,4243,57856,5647,2779,2868
41420,64186,6320,30894,4244,57866,5647,2779,2868
41425,64190,6320,30897,4244,57870,5647,2779,2868
41430,64200,6321,30901,4244,57879,5647,2779,2868
41435,64206,6321,30904,4244,57885,5648,2780,2868
41440,64217,6322,30909,4245,57895,5648,2780,2868
41445,64221,6323,30911,4246,57898,5648,2780,2868
41450,64231,6324,30915,4247,57907,5648,2780,2868
41455,64237,6324,30916,4247,57913,5649,2780,2869
41460,64248,6325,30922,4248,57923,5649,2780,2869
41465,64252,6326,30924,4249,57926,5649,2780,2869
41470,64262,6327,30928,4250,57935,5649,2780,2869
41475,64268,6327,30929,4250,57941,5650,2780,2870
41480,64279,6328,30934,4250,57951,5650,2780,2870
41485,64283,6328,30935,4250,57955,5650,2780,2870
41490,64293,6329,30940,4250,57964,5650,2780,2870
41495,64299,6329,30944,4250,57970,5651,2780,2871
41500,64310,6330,30951,4251,57980,5651,2780,2871
41505,64314,6330,30953,4251,57984,5651,2780,2871
41510,64324,6332,30958,4252,57992,5652,2781,2871
41515,64330,6332,30961,4252,57998,5654,2781,2873
41520,64341,6333,30964,4252,58008,5655,2782,2873
41525,64345,6333,30967,4252,58012,5655,2782,2873
41530,64355,6335,30973,4253,58020,5656,2782,2874
41535,64361,6335,30975,4253,58026,5658,2783,2875
41540,64372,6336,30981,4254,58036,5659,2783,2876
41545,64376,6336,30983,4254,58040,5659,2783,2876
41550,64386,6338,30988,4255,58048,5659,2783,2876
41555,64392,6338,30990,4255,58054,5661,2784,2877
41560,64403,6339,30995,4256,58064,5662,2785,2877
41565,64407,6339,30998,4256,58068,5662,2785,2877
41570,64417,6341,31003,4257,58076,5662,2785,2877
41575,64423,6341,31006,4257,58082,5664,2785,2879
41580,64434,6343,31013,4259,58091,5665,2786,2879
41585,64438,6343,31014,4259,58095,5665,2786,2879
41590,64448,6345,31019,4261,58103,5665,2786,2879
41595,64454,6345,31023,4261,58108,5667,2787,2880
41600,64465,6348,31029,4264,58117,5668,2788,2880
41605,64469,6348,31032,4264,58121,5668,2788,2880
41610,64479,6350,31037,4264,58129,5668,2788,2880
41615,64485,6350,31040,4264,58134,5670,2789,2881
41620,64496,6353,31045,4267,58143,5671,2790,2881
41625,64500,6353,31047,4267,58147,5671,2790,2881
41630,64510,6355,31053,4268,58155,5671,2790,2881
41635,64516,6355,31056,4268,58161,5673,2791,2882
41640,64527,6357,31060,4269,58170,5675,2792,2883
41645,64531,6358,31064,4270,58173,5675,2792,2883
41650,64541,6358,31071,4270,58183,5675,2792,2883
41655,64547,6358,31074,4270,58189,5677,2794,2883
41660,64558,6359,31078,4270,58199,5678,2795,2883
41665,64562,6359,31081,4270,58203,5678,2795,2883
41670,64572,6359,31086,4270,58213,5678,2795,2883
41675,64578,6359,31090,4270,58219,5680,2796,2884
41680,64589,6360,31097,4271,58229,5681,2797,2884
41685,64593,6360,31098,4271,58233,5681,2797,2884
41690,64603,6360,31100,4271,58243,5681,2797,2884
41695,64609,6360,31102,4271,58249,5683,2798,2885
41700,64620,6361,31106,4271,58259,5684,2798,2886
41705,64624,6361,31108,4271,58263,5684,2798,2886
41710,64634,6361,31114,4271,58273,5684,2798,2886
41715,64640,6361,31116,4271,58279,5686,2798,2888
41720,64651,6362,31123,4271,58289,5687,2799,2888
41725,64655,6362,31125,4271,58293,5687,2799,2888
41730,64665,6362,31130,4271,58303,5687,2799,2888
41735,64671,6362,31132,4271,58309,5688,2799,2889
41740,64682,6363,31138,4272,58319,5689,2800,2889
41745,64686,6365,31141,4274,58321,5689,2800,2889
41750,64696,6366,31149,4275,58330,5690,2801,2889
41755,64702,6366,31150,4275,58336,5691,2801,2890
41760,64713,6370,31159,4279,58343,5692,2802,2890
41765,64717,6370,31160,4279,58347,5692,2802,2890
41770,64727,6371,31166,4280,58356,5692,2802,2890
41775,64733,6371,31171,4280,58362,5693,2803,2890
41780,64744,6373,31179,4282,58371,5693,2803,2890
41785,64748,6373,31181,4282,58375,5693,2803,2890
41790,64758,6374,31185,4283,58384,5693,2803,2890
41795,64764,6374,31188,4283,58390,5694,2804,2890
41800,64775,6376,31194,4285,58399,5694,2804,2890
41805,64779,6376,31195,4285,58403,5694,2804,2890
41810,64789,6377,31198,4285,58412,5694,2804,2890
41815,64795,6377,31200,4285,58418,5695,2805,2890
41820,64806,6378,31204,4285,58428,5695,2805,2890
41825,64810,6378,31207,4285,58432,5695,2805,2890
41830,64820,6379,31213,4286,58441,5695,2805,2890
41835,64826,6379,31218,4286,58447,5696,2806,2890
41840,64837,6381,31222,4287,58456,5696,2806,2890
41845,64841,6381,31224,4287,58460,5696,2806,2890
41850,64851,6382,31231,4288,58469,5696,2806,2890
41855,64857,6382,31233,4288,58475,5697,2807,2890
41860,64868,6383,31239,4288,58485,5697,2807,2890
41865,64872,6383,31240,4288,58489,5697,2807,2890
41870,64882,6385,31245,4290,58497,5698,2807,2891
41875,64888,6385,31247,4290,58503,5699,2807,2892
41880,64899,6388,31254,4292,58511,5701,2809,2892
41885,64903,6388,31257,4292,58515,5701,2809,2892
41890,64913,6389,31264,4293,58524,5702,2810,2892
41895,64919,6389,31268,4293,58530,5704,2812,2892
41900,64930,6390,31274,4294,58540,5705,2812,2893
41905,64934,6390,31275,4294,58544,5705,2812,2893
41910,64944,6391,31279,4294,58553,5706,2813,2893
41915,64950,6391,31282,4294,58559,5708,2815,2893
41920,64961,6392,31286,4295,58569,5709,2815,2894
41925,64965,6392,31287,4295,58573,5709,2815,2894
41930,64975,6393,31291,4295,58582,5710,2815,2895
41935,64981,6393,31295,4295,58588,5712,2816,2896
41940,64992,6393,31300,4295,58599,5713,2816,2897
41945,64996,6393,31302,4295,58603,5713,2816,2897
41950,65006,6394,31308,4296,58612,5713,2816,2897
41955,65012,6394,31311,4296,58618,5714,2817,2897
41960,65023,6394,31316,4296,58629,5714,2817,2897
41965,65027,6394,31318,4296,58633,5714,2817,2897
41970,65037,6395,31322,4297,58642,5714,2817,2897
41975,65043,6395,31325,4297,58648,5715,2818,2897
41980,65054,6395,31330,4297,58659,5715,2818,2897
41985,65058,6395,31331,4297,58663,5715,2818,2897
41990,65068,6397,31335,4298,58671,5715,2818,2897
41995,65074,6397,31337,4298,58677,5716,2818,2898
42000,65085,6398,31339,4299,58687,5717,2818,2899
42005,65089,6399,31340,4300,58690,5717,2818,2899
42010,65099,6400,31345,4300,58699,5717,2818,2899
42015,65105,6400,31348,4300,58705,5718,2819,2899
42020,65116,6401,31350,4301,58715,5718,2819,2899
42025,65120,6402,31354,4302,58718,5718,2819,2899
42030,65130,6403,31360,4303,58727,5718,2819,2899
42035,65136,6403,31362,4303,58733,5719,2820,2899
42040,65147,6404,31368,4303,58743,5719,2820,2899
42045,65151,6404,31369,4303,58747,5719,2820,2899
42050,65161,6405,31375,4303,58756,5720,2820,2900
42055,65167,6405,31378,4303,58761,5722,2821,2901
42060,65178,6407,31382,4304,58771,5723,2821,2902
42065,65182,6407,31383,4304,58775,5723,2821,2902
42070,65192,6408,31388,4304,58784,5724,2821,2903
42075,65198,6408,31391,4304,58789,5725,2821,2904
42080,65209,6410,31396,4305,58799,5725,2821,2904
42085,65213,6410,31399,4305,58803,5725,2821,2904
42090,65223,6411,31403,4305,58812,5726,2821,2905
42095,65229,6411,31407,4305,58817,5727,2822,2905
42100,65240,6413,31412,4307,58827,5727,2822,2905
42105,65244,6413,31415,4307,58831,5727,2822,2905
42110,65254,6414,31422,4308,58840,5728,2823,2905
42115,65260,6414,31422,4308,58846,5729,2823,2906
42120,65271,6415,31426,4308,58856,5729,2823,2906
42125,65275,6415,31427,4308,58860,5729,2823,2906
42130,65285,6416,31434,4309,58869,5729,2823,2906
42135,65291,6416,31440,4309,58875,5731,2825,2906
42140,65302,6419,31445,4311,58883,5732,2825,2907
42145,65306,6419,31448,4311,58887,5732,2825,2907
42150,65316,6420,31453,4311,58896,5732,2825,2907
42155,65322,6420,31457,4311,58902,5734,2827,2907
42160,65333,6423,31462,4313,58910,5735,2828,2907
42165,65337,6423,31462,4313,58914,5735,2828,2907
42170,65347,6424,31466,4313,58923,5735,2828,2907
42175,65353,6424,31468,4313,58929,5737,2829,2908
42180,65364,6425,31472,4314,58939,5739,2829,2910
42185,65368,6426,31474,4315,58942,5739,2829,2910
42190,65378,6427,31479,4315,58951,5739,2829,2910
42195,65384,6427,31483,4315,58957,5740,2830,2910
42200,65395,6429,31490,4317,58966,5742,2831,2911
42205,65399,6429,31491,4317,58970,5742,2831,2911
42210,65409,6430,31498,4317,58979,5742,2831,2911
42215,65415,6430,31503,4317,58985,5743,2831,2912
42220,65426,6431,31509,4317,58995,5745,2831,2914
42225,65430,6431,31511,4317,58999,5745,2831,2914
42230,65440,6433,31518,4318,59007,5746,2831,2915
42235,65446,6433,31522,4318,59013,5747,2832,2915
42240,65457,6434,31526,4318,59023,5749,2833,2916
42245,65461,6434,31526,4318,59027,5749,2833,2916
42250,65471,6436,31533,4319,59035,5749,2833,2916
42255,65477,6436,31536,4319,59040,5750,2833,2917
42260,65488,6437,31540,4320,59051,5751,2833,2918
42265,65492,6437,31542,4320,59055,5751,2833,2918
42270,65502,6439,31545,4320,59063,5751,2833,2918
42275,65508,6439,31548,4320,59068,5752,2833,2919
42280,65519,6440,31552,4321,59079,5753,2833,2920
42285,65523,6440,31555,4321,59083,5753,2833,2920
42290,65533,6442,31560,4321,59091,5753,2833,2920
42295,65539,6442,31562,4321,59097,5755,2834,2921
42300,65550,6443,31567,4322,59107,5756,2835,2921
42305,65554,6443,31570,4322,59111,5756,2835,2921
42310,65564,6444,31575,4322,59120,5756,2835,2921
42315,65570,6444,31579,4322,59126,5758,2836,2922
42320,65581,6445,31583,4323,59136,5759,2836,2923
42325,65585,6445,31585,4323,59140,5759,2836,2923
42330,65595,6446,31591,4323,59149,5759,2836,2923
42335,65601,6446,31595,4323,59155,5761,2837,2924
42340,65612,6447,31603,4324,59165,5762,2838,2924
42345,65616,6447,31604,4324,59169,5762,2838,2924
42350,65626,6448,31608,4324,59178,5762,2838,2924
42355,65632,6448,31611,4324,59184,5764,2839,2925
42360,65643,6451,31618,4326,59192,5765,2840,2925
42365,65647,6452,31620,4327,59195,5765,2840,2925
42370,65657,6453,31625,4328,59204,5765,2840,2925
42375,65663,6453,31627,4328,59210,5766,2840,2926
42380,65674,6456,31633,4331,59218,5766,2840,2926
42385,65678,6456,31635,4331,59222,5766,2840,2926
42390,65688,6457,31641,4331,59231,5766,2840,2926
42395,65694,6457,31645,4331,59237,5767,2841,2926
42400,65705,6458,31650,4332,59247,5767,2841,2926
42405,65709,6459,31653,4333,59250,5767,2841,2926
42410,65719,6461,31659,4335,59258,5768,2842,2926
42415,65725,6461,31661,4335,59264,5769,2843,2926
42420,65736,6463,31663,4336,59273,5770,2843,2927
42425,65740,6463,31665,4336,59277,5770,2843,2927
42430,65750,6464,31667,4336,59286,5771,2843,2928
42435,65756,6464,31671,4336,59292,5772,2844,2928
42440,65767,6465,31676,4337,59302,5772,2844,2928
42445,65771,6465,31679,4337,59306,5772,2844,2928
42450,65781,6466,31683,4337,59315,5773,2845,2928
42455,65787,6466,31687,4337,59320,5774,2846,2928
42460,65798,6468,31692,4339,59330,5774,2846,2928
42465,65802,6468,31695,4339,59334,5774,2846,2928
42470,65812,6469,31702,4339,59343,5775,2847,2928
42475,65818,6469,31705,4339,59348,5777,2847,2930
42480,65829,6470,31708,4340,59359,5777,2847,2930
42485,65833,6470,31710,4340,59363,5777,2847,2930
42490,65843,6471,31716,4341,59372,5777,2847,2930
42495,65849,6471,31717,4341,59377,5778,2847,2931
42500,65860,6472,31723,4342,59388,5778,2847,2931
42505,65864,6472,31727,4342,59392,5778,2847,2931
42510,65874,6473,31733,4343,59401,5778,2847,2931
42515,65880,6473,31738,4343,59406,5779,2848,2931
42520,65891,6475,31744,4345,59416,5779,2848,2931
42525,65895,6475,31746,4345,59420,5779,2848,2931
42530,65905,6477,31752,4346,59428,5779,2848,2931
42535,65911,6477,31752,4346,59434,5780,2848,2932
42540,65922,6479,31756,4347,59443,5782,2849,2933
42545,65926,6479,31757,4347,59447,5782,2849,2933
42550,65936,6480,31757,4347,59456,5783,2849,2934
42555,65942,6480,31758,4347,59462,5784,2849,2935
42560,65953,6481,31767,4347,59472,5784,2849,2935
42565,65957,6481,31770,4347,59476,5784,2849,2935
42570,65967,6482,31773,4347,59485,5785,2849,2936
42575,65973,6482,31779,4347,59491,5786,2850,2936
42580,65984,6483,31785,4348,59501,5786,2850,2936
42585,65988,6483,31787,4348,59505,5786,2850,2936
42590,65998,6484,31792,4348,59514,5787,2850,2937
42595,66004,6484,31793,4348,59520,5788,2850,2938
42600,66015,6485,31799,4348,59530,5788,2850,2938
42605,66019,6485,31800,4348,59534,5788,2850,2938
42610,66029,6486,31805,4349,59543,5789,2851,2938
42615,66035,6486,31808,4349,59549,5790,2851,2939
42620,66046,6487,31813,4350,59559,5790,2851,2939
42625,66050,6487,31816,4350,59563,5790,2851,2939
42630,66060,6488,31821,4351,59572,5790,2851,2939
42635,66066,6488,31824,4351,59578,5791,2852,2939
42640,66077,6489,31827,4351,59588,5791,2852,2939
42645,66081,6489,31828,4351,59592,5791,2852,2939
42650,66091,6490,31833,4351,59601,5791,2852,2939
42655,66097,6490,31837,4351,59606,5792,2852,2940
42660,66108,6493,31844,4354,59615,5794,2854,2940
42665,66112,6494,31847,4355,59618,5794,2854,2940
42670,66122,6496,31850,4355,59626,5794,2854,2940
42675,66128,6496,31852,4355,59632,5795,2854,2941
42680,66139,6498,31859,4357,59641,5795,2854,2941
42685,66143,6498,31860,4357,59645,5795,2854,2941
42690,66153,6500,31866,4358,59653,5795,2854,2941
42695,66159,6500,31869,4358,59659,5796,2854,2942
42700,66170,6501,31871,4359,59669,5796,2854,2942
42705,66174,6501,31873,4359,59673,5796,2854,2942
42710,66184,6503,31876,4360,59681,5796,2854,2942
42715,66190,6503,31878,4360,59686,5797,2854,2943
42720,66201,6506,31882,4363,59695,5797,2854,2943
42725,66205,6507,31883,4364,59698,5797,2854,2943
42730,66215,6509,31887,4365,59706,5798,2854,2944
42735,66221,6509,31890,4365,59712,5799,2855,2944
42740,66232,6510,31895,4365,59722,5799,2855,2944
42745,66236,6511,31897,4366,59725,5799,2855,2944
42750,66246,6513,31903,4368,59733,5800,2856,2944
42755,66252,6513,31905,4368,59739,5801,2856,2945
42760,66263,6514,31912,4369,59749,5801,2856,2945
42765,66267,6515,31913,4370,59752,5801,2856,2945
42770,66277,6517,31920,4371,59760,5802,2856,2946
42775,66283,6517,31924,4371,59766,5804,2857,2947
42780,66294,6520,31929,4373,59774,5806,2858,2948
42785,66298,6520,31932,4373,59778,5806,2858,2948
42790,66308,6521,31937,4373,59787,5806,2858,2948
42795,66314,6521,31941,4373,59793,5808,2859,2949
42800,66325,6521,31946,4373,59804,5809,2859,2950
42805,66329,6521,31948,4373,59808,5809,2859,2950
42810,66339,6522,31951,4373,59817,5809,2859,2950
42815,66345,6522,31953,4373,59823,5811,2859,2952
42820,66356,6522,31956,4373,59834,5812,2859,2953
42825,66360,6522,31957,4373,59838,5812,2859,2953
42830,66370,6523,31963,4373,59847,5812,2859,2953
42835,66376,6523,31966,4373,59853,5814,2859,2955
42840,66387,6523,31970,4373,59864,5814,2859,2955
42845,66391,6523,31972,4373,59868,5814,2859,2955
42850,66401,6524,31977,4374,59877,5814,2859,2955
42855,66407,6524,31978,4374,59883,5816,2859,2957
42860,66418,6524,31983,4374,59894,5816,2859,2957
42865,66422,6524,31985,4374,59898,5816,2859,2957
42870,66432,6525,31989,4374,59907,5816,2859,2957
42875,66438,6525,31992,4374,59913,5817,2860,2957
42880,66449,6526,31999,4375,59923,5817,2860,2957
42885,66453,6526,32000,4375,59927,5817,2860,2957
42890,66463,6528,32004,4375,59935,5818,2861,2957
42895,66469,6528,32007,4375,59941,5819,2862,2957
42900,66480,6531,32014,4378,59949,5820,2862,2958
42905,66484,6532,32017,4379,59952,5820,2862,2958
42910,66494,6534,32021,4380,59960,5820,2862,2958
42915,66500,6534,32021,4380,59966,5821,2862,2959
42920,66511,6536,32029,4382,59975,5821,2862,2959
42925,66515,6537,32032,4383,59978,5821,2862,2959
42930,66525,6539,32036,4384,59986,5821,2862,2959
42935,66531,6539,32038,4384,59992,5822,2862,2960
42940,66542,6540,32042,4384,60002,5824,2863,2961
42945,66546,6540,32042,4384,60006,5824,2863,2961
42950,66556,6542,32046,4385,60014,5824,2863,2961
42955,66562,6542,32048,4385,60020,5825,2863,2962
42960,66573,6544,32053,4386,60029,5827,2864,2963
42965,66577,6544,32056,4386,60033,5827,2864,2963
42970,66587,6546,32061,4387,60041,5827,2864,2963
42975,66593,6546,32064,4387,60047,5828,2865,2963
42980,66604,6547,32069,4387,60057,5829,2865,2964
42985,66608,6548,32071,4388,60060,5829,2865,2964
42990,66618,6550,32076,4389,60068,5829,2865,2964
42995,66624,6550,32079,4389,60074,5830,2865,2965
43000,66635,6551,32084,4390,60084,5831,2866,2965
43005,66639,6552,32087,4391,60087,5831,2866,2965
43010,66649,6554,32091,4393,60095,5831,2866,2965
43015,66655,6554,32095,4393,60101,5832,2866,2966
43020,66666,6557,32100,4395,60109,5833,2866,2967
43025,66670,6557,32101,4395,60113,5833,2866,2967
43030,66680,6558,32106,4395,60122,5833,2866,2967
43035,66686,6558,32111,4395,60128,5835,2868,2967
43040,66697,6558,32119,4395,60139,5836,2868,2968
43045,66701,6558,32120,4395,60143,5836,2868,2968
43050,66711,6559,32127,4395,60152,5836,2868,2968
43055,66717,6559,32129,4395,60158,5838,2869,2969
43060,66728,6560,32135,4396,60168,5839,2869,2970
43065,66732,6560,32135,4396,60172,5839,2869,2970
43070,66742,6561,32140,4396,60181,5839,2869,2970
43075,66748,6561,32144,4396,60187,5841,2870,2971
43080,66759,6561,32146,4396,60198,5842,2870,2972
43085,66763,6562,32148,4397,60201,5842,2870,2972
43090,66773,6564,32153,4398,60209,5842,2870,2972
43095,66779,6564,32157,4398,60215,5844,2871,2973
43100,66790,6564,32161,4398,60226,5845,2871,2974
43105,66794,6565,32163,4399,60229,5845,2871,2974
43110,66804,6567,32170,4401,60237,5845,2871,2974
43115,66810,6567,32173,4401,60243,5847,2871,2976
43120,66821,6567,32178,4401,60254,5848,2872,2976
43125,66825,6568,32179,4402,60257,5848,2872,2976
43130,66835,6570,32184,4404,60265,5849,2873,2976
43135,66841,6570,32189,4404,60270,5851,2875,2976
43140,66852,6575,32195,4408,60277,5852,2876,2976
43145,66856,6575,32197,4408,60281,5852,2876,2976
43150,66866,6576,32203,4408,60290,5852,2876,2976
43155,66872,6576,32206,4408,60295,5853,2877,2976
43160,66883,6578,32210,4410,60305,5853,2877,2976
43165,66887,6578,32212,4410,60309,5853,2877,2976
43170,66897,6579,32217,4411,60318,5853,2877,2976
43175,66903,6579,32221,4411,60323,5854,2877,2977
43180,66914,6581,32222,4412,60333,5854,2877,2977
43185,66918,6581,32224,4412,60337,5854,2877,2977
43190,66928,6582,32230,4413,60346,5854,2877,2977
43195,66934,6582,32232,4413,60352,5855,2877,2978
43200,66945,6584,32240,4415,60361,5856,2877,2979
43205,66949,6584,32241,4415,60365,5856,2877,2979
43210,66959,6585,32243,4415,60374,5856,2877,2979
43215,66965,6585,32246,4415,60379,5857,2878,2979
43220,66976,6587,32255,4416,60389,5858,2879,2979
43225,66980,6588,32257,4417,60392,5858,2879,2979
43230,66990,6589,32261,4417,60401,5858,2879,2979
43235,66996,6589,32263,4417,60406,5859,2879,2980
43240,67007,6591,32272,4419,60416,5860,2880,2980
43245,67011,6591,32273,4419,60420,5860,2880,2980
43250,67021,6593,32277,4419,60428,5861,2881,2980
43255,67027,6593,32280,4419,60433,5862,2881,2981
43260,67038,6597,32288,4422,60441,5864,2882,2982
43265,67042,6597,32290,4422,60445,5864,2882,2982
43270,67052,6598,32296,4423,60454,5864,2882,2982
43275,67058,6598,32300,4423,60460,5866,2883,2983
43280,67069,6598,32305,4423,60471,5867,2884,2983
43285,67073,6598,32308,4423,60475,5867,2884,2983
43290,67083,6599,32312,4424,60484,5867,2884,2983
43295,67089,6599,32315,4424,60490,5869,2885,2984
43300,67100,6599,32322,4424,60501,5869,2885,2984
43305,67104,6599,32323,4424,60505,5869,2885,2984
43310,67114,6600,32328,4425,60514,5869,2885,2984
43315,67120,6600,32329,4425,60520,5871,2886,2985
43320,67131,6600,32332,4425,60531,5871,2886,2985
43325,67135,6600,32333,4425,60535,5871,2886,2985
43330,67145,6601,32342,4426,60544,5871,2886,2985
43335,67151,6601,32345,4426,60550,5872,2887,2985
43340,67162,6601,32351,4426,60561,5872,2887,2985
43345,67166,6601,32354,4426,60565,5872,2887,2985
43350,67176,6602,32361,4427,60574,5872,2887,2985
43355,67182,6602,32364,4427,60580,5873,2888,2985
43360,67193,6602,32370,4427,60591,5873,2888,2985
43365,67197,6602,32372,4427,60595,5873,2888,2985
43370,67207,6603,32377,4427,60604,5873,2888,2985
43375,67213,6603,32378,4427,60610,5874,2888,2986
43380,67224,6604,32383,4428,60620,5874,2888,2986
43385,67228,6605,32384,4429,60623,5874,2888,2986
43390,67238,6607,32389,4430,60631,5874,2888,2986
43395,67244,6607,32391,4430,60637,5875,2888,2987
43400,67255,6608,32394,4431,60647,5876,2888,2988
43405,67259,6609,32398,4432,60650,5876,2888,2988
43410,67269,6611,32405,4434,60658,5876,2888,2988
43415,67275,6611,32406,4434,60664,5877,2888,2989
43420,67286,6612,32408,4434,60674,5878,2888,2990
43425,67290,6612,32410,4434,60678,5878,2888,2990
43430,67300,6614,32418,4435,60686,5879,2888,2991
43435,67306,6614,32422,4435,60692,5880,2889,2991
43440,67317,6616,32427,4437,60701,5881,2890,2991
43445,67321,6616,32429,4437,60705,5881,2890,2991
43450,67331,6618,32434,4438,60713,5882,2891,2991
43455,67337,6618,32437,4438,60719,5883,2891,2992
43460,67348,6619,32444,4439,60729,5883,2891,2992
43465,67352,6619,32447,4439,60733,5883,2891,2992
43470,67362,6621,32449,4439,60741,5884,2891,2993
43475,67368,6621,32453,4439,60747,5885,2892,2993
43480,67379,6621,32457,4439,60758,5886,2893,2993
43485,67383,6621,32457,4439,60762,5886,2893,2993
43490,67393,6623,32463,4440,60770,5887,2894,2993
43495,67399,6623,32466,4440,60776,5889,2896,2993
43500,67410,6624,32471,4441,60786,5890,2897,2993
43505,67414,6624,32472,4441,60790,5890,2897,2993
43510,67424,6625,32477,4442,60799,5890,2897,2993
43515,67430,6625,32479,4442,60805,5892,2897,2995
43520,67441,6627,32486,4444,60814,5893,2898,2995
43525,67445,6627,32487,4444,60818,5893,2898,2995
43530,67455,6628,32492,4445,60827,5893,2898,2995
43535,67461,6628,32495,4445,60833,5895,2899,2996
43540,67472,6628,32500,4445,60844,5896,2899,2997
43545,67476,6628,32502,4445,60848,5896,2899,2997
43550,67486,6629,32507,4446,60857,5896,2899,2997
43555,67492,6629,32511,4446,60863,5898,2900,2998
43560,67503,6630,32514,4446,60873,5900,2901,2999
43565,67507,6631,32515,4447,60876,5900,2901,2999
43570,67517,6632,32520,4448,60885,5901,2902,2999
43575,67523,6632,32523,4448,60891,5902,2903,2999
43580,67534,6633,32528,4449,60901,5903,2904,2999
43585,67538,6634,32530,4450,60904,5903,2904,2999
43590,67548,6635,32534,4450,60913,5904,2905,2999
43595,67554,6635,32537,4450,60919,5905,2905,3000
43600,67565,6637,32544,4451,60928,5906,2906,3000
43605,67569,6638,32546,4452,60931,5906,2906,3000
43610,67579,6640,32552,4453,60939,5907,2907,3000
43615,67585,6640,32556,4453,60944,5908,2908,3000
43620,67596,6643,32564,4456,60953,5910,2910,3000
43625,67600,6644,32565,4457,60956,5910,2910,3000
43630,67610,6646,32572,4459,60964,5911,2911,3000
43635,67616,6646,32576,4459,60969,5912,2911,3001
43640,67627,6650,32582,4463,60977,5912,2911,3001
43645,67631,6651,32586,4464,60980,5912,2911,3001
43650,67641,6653,32589,4464,60988,5913,2911,3002
43655,67647,6653,32593,4464,60993,5914,2912,3002
43660,67658,6655,32596,4465,61003,5914,2912,3002
43665,67662,6655,32597,4465,61007,5914,2912,3002
43670,67672,6657,32601,4466,61015,5915,2913,3002
43675,67678,6657,32605,4466,61020,5917,2914,3003
43680,67689,6661,32610,4470,61028,5917,2914,3003
43685,67693,6661,32612,4470,61032,5917,2914,3003
43690,67703,6662,32612,4470,61041,5917,2914,3003
43695,67709,6662,32615,4470,61047,5919,2914,3005
43700,67720,6662,32618,4470,61058,5920,2914,3006
43705,67724,6662,32620,4470,61062,5920,2914,3006
43710,67734,6663,32627,4471,61071,5920,2914,3006
43715,67740,6663,32632,4471,61077,5922,2915,3007
43720,67751,6663,32636,4471,61088,5923,2915,3008
43725,67755,6663,32638,4471,61092,5923,2915,3008
43730,67765,6664,32642,4471,61101,5923,2915,3008
43735,67771,6664,32645,4471,61107,5925,2915,3010
43740,67782,6664,32649,4471,61118,5926,2915,3011
43745,67786,6664,32651,4471,61122,5926,2915,3011
43750,67796,6665,32656,4472,61131,5927,2915,3012
43755,67802,6665,32659,4472,61137,5928,2916,3012
43760,67813,6665,32664,4472,61148,5928,2916,3012
43765,67817,6665,32665,4472,61152,5928,2916,3012
43770,67827,6666,32668,4473,61161,5929,2916,3013
43775,67833,6666,32672,4473,61167,5930,2917,3013
43780,67844,6666,32675,4473,61178,5930,2917,3013
43785,67848,6666,32678,4473,61182,5930,2917,3013
43790,67858,6667,32681,4474,61191,5930,2917,3013
43795,67864,6667,32684,4474,61196,5931,2917,3014
43800,67875,6670,32687,4477,61205,5932,2917,3015
43805,67879,6670,32690,4477,61209,5932,2917,3015
43810,67889,6672,32696,4478,61217,5932,2917,3015
43815,67895,6672,32698,4478,61223,5933,2918,3015
43820,67906,6673,32707,4479,61233,5933,2918,3015
43825,67910,6673,32709,4479,61237,5933,2918,3015
43830,67920,6675,32715,4480,61245,5933,2918,3015
43835,67926,6675,32718,4480,61251,5934,2918,3016
43840,67937,6676,32725,4481,61261,5934,2918,3016
43845,67941,6676,32726,4481,61265,5934,2918,3016
43850,67951,6678,32727,4481,61273,5934,2918,3016
43855,67957,6678,32730,4481,61279,5935,2918,3017
43860,67968,6679,32735,4481,61289,5936,2919,3017
43865,67972,6679,32736,4481,61293,5936,2919,3017
43870,67982,6681,32742,4482,61301,5936,2919,3017
43875,67988,6681,32745,4482,61307,5937,2920,3017
43880,67999,6682,32752,4482,61317,5938,2921,3017
43885,68003,6682,32754,4482,61321,5938,2921,3017
43890,68013,6684,32759,4483,61329,5938,2921,3017
43895,68019,6684,32764,4483,61335,5939,2922,3017
43900,68030,6685,32768,4484,61345,5940,2922,3018
43905,68034,6686,32770,4485,61348,5940,2922,3018
43910,68044,6688,32775,4486,61356,5941,2922,3019
43915,68050,6688,32777,4486,61362,5943,2923,3020
43920,68061,6691,32782,4488,61370,5944,2923,3021
43925,68065,6691,32784,4488,61374,5944,2923,3021
43930,68075,6692,32790,4489,61383,5944,2923,3021
43935,68081,6692,32792,4489,61388,5946,2923,3023
43940,68092,6693,32795,4490,61399,5948,2923,3025
43945,68096,6693,32797,4490,61403,5948,2923,3025
43950,68106,6694,32799,4490,61412,5948,2923,3025
43955,68112,6694,32802,4490,61417,5949,2923,3026
43960,68123,6696,32808,4492,61427,5951,2924,3027
43965,68127,6696,32811,4492,61431,5951,2924,3027
43970,68137,6697,32815,4493,61440,5951,2924,3027
43975,68143,6697,32817,4493,61446,5952,2924,3028
43980,68154,6697,32820,4493,61457,5953,2924,3029
43985,68158,6697,32822,4493,61461,5953,2924,3029
43990,68168,6698,32827,4493,61470,5953,2924,3029
43995,68174,6698,32832,4493,61476,5954,2925,3029
44000,68185,6699,32841,4494,61486,5954,2925,3029
44005,68189,6699,32842,4494,61490,5954,2925,3029
44010,68199,6700,32845,4495,61499,5954,2925,3029
44015,68205,6700,32846,4495,61505,5955,2925,3030
44020,68216,6701,32850,4496,61515,5955,2925,3030
44025,68220,6701,32852,4496,61519,5955,2925,3030
44030,68230,6703,32859,4498,61527,5955,2925,3030
44035,68236,6703,32860,4498,61533,5956,2925,3031
44040,68247,6705,32865,4500,61542,5956,2925,3031
44045,68251,6706,32868,4501,61545,5956,2925,3031
44050,68261,6708,32875,4503,61553,5957,2926,3031
44055,68267,6708,32877,4503,61559,5958,2926,3032
44060,68278,6709,32883,4504,61569,5959,2927,3032
44065,68282,6710,32884,4505,61572,5959,2927,3032
44070,68292,6712,32887,4505,61580,5960,2927,3033
44075,68298,6712,32888,4505,61586,5962,2928,3034
44080,68309,6713,32894,4505,61596,5963,2929,3034
44085,68313,6714,32896,4506,61599,5963,2929,3034
44090,68323,6716,32901,4507,61607,5964,2929,3035
44095,68329,6716,32903,4507,61612,5966,2929,3037
44100,68340,6718,32907,4508,61622,5967,2929,3038
44105,68344,6718,32909,4508,61626,5967,2929,3038
44110,68354,6719,32914,4509,61635,5967,2929,3038
44115,68360,6719,32916,4509,61640,5969,2929,3040
44120,68371,6721,32918,4510,61650,5969,2929,3040
44125,68375,6721,32920,4510,61654,5969,2929,3040
44130,68385,6722,32925,4510,61663,5969,2929,3040
44135,68391,6722,32927,4510,61668,5971,2930,3041
44140,68402,6724,32933,4512,61678,5971,2930,3041
44145,68406,6724,32936,4512,61682,5971,2930,3041
44150,68416,6725,32940,4512,61691,5971,2930,3041
44155,68422,6725,32941,4512,61697,5973,2931,3042
44160,68433,6727,32947,4514,61706,5974,2932,3042
44165,68437,6728,32951,4515,61709,5974,2932,3042
44170,68447,6728,32957,4515,61719,5974,2932,3042
44175,68453,6728,32961,4515,61725,5975,2933,3042
44180,68464,6730,32966,4517,61734,5976,2934,3042
44185,68468,6731,32968,4518,61737,5976,2934,3042
44190,68478,6731,32975,4518,61747,5976,2934,3042
44195,68484,6731,32978,4518,61753,5977,2935,3042
44200,68495,6732,32983,4519,61763,5978,2935,3043
44205,68499,6733,32984,4520,61766,5978,2935,3043
44210,68509,6733,32990,4520,61776,5978,2935,3043
44215,68515,6733,32994,4520,61782,5979,2936,3043
44220,68526,6734,32999,4520,61792,5980,2936,3044
44225,68530,6734,33001,4520,61796,5980,2936,3044
44230,68540,6734,33003,4520,61806,5980,2936,3044
44235,68546,6734,33006,4520,61812,5981,2936,3045
44240,68557,6734,33011,4520,61823,5983,2936,3047
44245,68561,6734,33012,4520,61827,5983,2936,3047
44250,68571,6734,33018,4520,61837,5983,2936,3047
44255,68577,6734,33019,4520,61843,5984,2936,3048
44260,68588,6734,33024,4520,61854,5985,2937,3048
44265,68592,6734,33024,4520,61858,5985,2937,3048
44270,68602,6736,33027,4520,61866,5985,2937,3048
44275,68608,6736,33031,4520,61871,5987,2938,3049
44280,68619,6737,33037,4521,61882,5988,2939,3049
44285,68623,6737,33039,4521,61886,5988,2939,3049
44290,68633,6739,33043,4522,61894,5988,2939,3049
44295,68639,6739,33047,4522,61900,5989,2940,3049
44300,68650,6740,33052,4523,61910,5989,2940,3049
44305,68654,6741,33055,4524,61913,5989,2940,3049
44310,68664,6743,33058,4524,61921,5989,2940,3049
44315,68670,6743,33063,4524,61927,5990,2941,3049
44320,68681,6744,33066,4525,61937,5990,2941,3049
44325,68685,6744,33068,4525,61941,5990,2941,3049
44330,68695,6746,33073,4527,61949,5991,2942,3049
44335,68701,6746,33077,4527,61955,5992,2943,3049
44340,68712,6747,33084,4527,61965,5992,2943,3049
44345,68716,6748,33088,4528,61968,5992,2943,3049
44350,68726,6750,33092,4529,61976,5993,2944,3049
44355,68732,6750,33097,4529,61982,5994,2945,3049
44360,68743,6751,33100,4530,61992,5995,2945,3050
44365,68747,6752,33103,4531,61995,5995,2945,3050
44370,68757,6754,33109,4533,62003,5996,2946,3050
44375,68763,6754,33112,4533,62009,5997,2946,3051
44380,68774,6755,33117,4533,62019,5998,2946,3052
44385,68778,6755,33119,4533,62023,5998,2946,3052
44390,68788,6757,33121,4533,62031,5999,2946,3053
44395,68794,6757,33123,4533,62036,6001,2947,3054
44400,68805,6761,33129,4536,62044,6003,2949,3054
44405,68809,6762,33131,4537,62047,6003,2949,3054
44410,68819,6763,33136,4537,62056,6003,2949,3054
44415,68825,6763,33138,4537,62062,6005,2950,3055
44420,68836,6765,33144,4539,62071,6006,2951,3055
44425,68840,6766,33146,4540,62074,6006,2951,3055
44430,68850,6766,33150,4540,62084,6006,2951,3055
44435,68856,6766,33152,4540,62090,6008,2951,3057
44440,68867,6767,33157,4541,62100,6009,2951,3058
44445,68871,6768,33159,4542,62103,6009,2951,3058
44450,68881,6768,33162,4542,62113,6009,2951,3058
44455,68887,6768,33165,4542,62119,6011,2952,3059
44460,68898,6770,33170,4543,62128,6012,2952,3060
44465,68902,6771,33172,4544,62131,6012,2952,3060
44470,68912,6771,33178,4544,62141,6012,2952,3060
44475,68918,6771,33180,4544,62147,6014,2953,3061
44480,68929,6772,33185,4545,62157,6015,2953,3062
44485,68933,6773,33187,4546,62160,6015,2953,3062
44490,68943,6773,33191,4546,62170,6015,2953,3062
44495,68949,6773,33193,4546,62176,6017,2953,3064
44500,68960,6775,33198,4548,62185,6018,2953,3065
44505,68964,6775,33199,4548,62189,6018,2953,3065
44510,68974,6776,33201,4548,62198,6018,2953,3065
44515,68980,6776,33202,4548,62204,6020,2953,3067
44520,68991,6778,33210,4549,62213,6021,2954,3067
44525,68995,6779,33212,4550,62216,6021,2954,3067
44530,69005,6781,33216,4550,62224,6021,2954,3067
44535,69011,6781,33217,4550,62230,6022,2955,3067
44540,69022,6783,33221,4552,62239,6022,2955,3067
44545,69026,6783,33223,4552,62243,6022,2955,3067
44550,69036,6785,33224,4552,62251,6022,2955,3067
44555,69042,6785,33227,4552,62256,6023,2955,3068
44560,69053,6787,33232,4554,62266,6023,2955,3068
44565,69057,6788,33235,4555,62269,6023,2955,3068
44570,69067,6790,33238,4556,62277,6023,2955,3068
44575,69073,6790,33240,4556,62283,6024,2955,3069
44580,69084,6791,33243,4557,62293,6024,2955,3069
44585,69088,6791,33245,4557,62297,6024,2955,3069
44590,69098,6792,33249,4558,62306,6024,2955,3069
44595,69104,6792,33251,4558,62312,6025,2955,3070
44600,69115,6792,33256,4558,62323,6026,2956,3070
44605,69119,6792,33258,4558,62327,6026,2956,3070
44610,69129,6793,33261,4559,62336,6026,2956,3070
44615,69135,6793,33264,4559,62342,6027,2956,3071
44620,69146,6793,33273,4559,62353,6027,2956,3071
44625,69150,6793,33276,4559,62357,6027,2956,3071
44630,69160,6794,33282,4559,62366,6028,2956,3072
44635,69166,6794,33286,4559,62372,6030,2956,3074
44640,69177,6796,33290,4560,62381,6032,2957,3075
44645,69181,6796,33290,4560,62385,6032,2957,3075
44650,69191,6797,33294,4561,62394,6032,2957,3075
44655,69197,6797,33297,4561,62400,6033,2957,3076
44660,69208,6800,33302,4563,62408,6034,2957,3077
44665,69212,6801,33304,4564,62411,6034,2957,3077
44670,69222,6802,33309,4564,62420,6034,2957,3077
44675,69228,6802,33314,4564,62426,6035,2958,3077
44680,69239,6805,33321,4567,62434,6036,2958,3078
44685,69243,6806,33324,4568,62437,6036,2958,3078
44690,69253,6807,33327,4569,62446,6036,2958,3078
44695,69259,6807,33329,4569,62452,6037,2958,3079
44700,69270,6808,33335,4569,62462,6038,2959,3079
44705,69274,6808,33336,4569,62466,6038,2959,3079
44710,69284,6809,33339,4569,62475,6038,2959,3079
44715,69290,6809,33340,4569,62481,6039,2959,3080
44720,69301,6809,33346,4569,62492,6040,2959,3081
44725,69305,6809,33346,4569,62496,6040,2959,3081
44730,69315,6810,33351,4569,62505,6040,2959,3081
44735,69321,6810,33353,4569,62511,6041,2959,3082
44740,69332,6810,33359,4569,62522,6042,2960,3082
44745,69336,6810,33362,4569,62526,6042,2960,3082
44750,69346,6812,33368,4570,62534,6043,2961,3082
44755,69352,6812,33371,4570,62539,6045,2962,3083
44760,69363,6814,33376,4572,62549,6046,2963,3083
44765,69367,6815,33379,4573,62552,6046,2963,3083
44770,69377,6817,33383,4575,62560,6046,2963,3083
44775,69383,6817,33384,4575,62565,6048,2963,3085
44780,69394,6818,33388,4576,62576,6048,2963,3085
44785,69398,6818,33391,4576,62580,6048,2963,3085
44790,69408,6820,33396,4578,62588,6048,2963,3085
44795,69414,6820,33399,4578,62594,6050,2965,3085
44800,69425,6820,33401,4578,62605,6050,2965,3085
44805,69429,6820,33402,4578,62609,6050,2965,3085
44810,69439,6822,33407,4579,62617,6050,2965,3085
44815,69445,6822,33411,4579,62623,6052,2966,3086
44820,69456,6825,33417,4581,62631,6052,2966,3086
44825,69460,6825,33417,4581,62635,6052,2966,3086
44830,69470,6827,33421,4582,62643,6052,2966,3086
44835,69476,6827,33423,4582,62649,6053,2966,3087
44840,69487,6828,33428,4582,62659,6053,2966,3087
44845,69491,6828,33430,4582,62663,6053,2966,3087
44850,69501,6829,33436,4582,62672,6053,2966,3087
44855,69507,6829,33441,4582,62678,6054,2967,3087
44860,69518,6830,33448,4583,62688,6054,2967,3087
44865,69522,6830,33450,4583,62692,6054,2967,3087
44870,69532,6831,33454,4584,62701,6054,2967,3087
44875,69538,6831,33456,4584,62707,6055,2968,3087
44880,69549,6832,33458,4584,62717,6057,2968,3089
44885,69553,6833,33459,4585,62720,6057,2968,3089
44890,69563,6835,33467,4587,62728,6057,2968,3089
44895,69569,6835,33470,4587,62733,6058,2968,3090
44900,69580,6837,33475,4589,62743,6060,2970,3090
44905,69584,6838,33476,4590,62746,6060,2970,3090
44910,69594,6840,33481,4591,62754,6060,2970,3090
44915,69600,6840,33483,4591,62759,6061,2970,3091
44920,69611,6842,33484,4592,62769,6063,2971,3092
44925,69615,6843,33486,4593,62772,6063,2971,3092
44930,69625,6845,33490,4593,62780,6063,2971,3092
44935,69631,6845,33493,4593,62786,6064,2971,3093
44940,69642,6847,33498,4595,62795,6066,2972,3094
44945,69646,6848,33502,4596,62798,6066,2972,3094
44950,69656,6850,33505,4596,62806,6066,2972,3094
44955,69662,6850,33508,4596,62812,6067,2973,3094
44960,69673,6852,33513,4598,62821,6068,2974,3094
44965,69677,6853,33516,4599,62824,6068,2974,3094
44970,69687,6854,33521,4599,62833,6068,2974,3094
44975,69693,6854,33524,4599,62838,6069,2974,3095
44980,69704,6857,33528,4601,62847,6070,2974,3096
44985,69708,6858,33531,4602,62850,6070,2974,3096
44990,69718,6859,33536,4602,62859,6071,2974,3097
44995,69724,6859,33538,4602,62865,6073,2975,3098
45000,69735,6862,33545,4604,62873,6075,2976,3099
45005,69739,6862,33546,4604,62877,6075,2976,3099
45010,69749,6863,33550,4604,62886,6075,2976,3099
45015,69755,6863,33553,4604,62892,6077,2978,3099
45020,69766,6864,33559,4605,62902,6079,2979,3100
45025,69770,6864,33559,4605,62906,6079,2979,3100
45030,69780,6865,33566,4606,62915,6079,2979,3100
45035,69786,6865,33570,4606,62921,6081,2981,3100
45040,69797,6865,33574,4606,62932,6083,2982,3101
45045,69801,6865,33576,4606,62936,6083,2982,3101
45050,69811,6866,33581,4606,62945,6083,2982,3101
45055,69817,6866,33584,4606,62951,6085,2982,3103
45060,69828,6866,33589,4606,62962,6086,2983,3103
45065,69832,6866,33590,4606,62966,6086,2983,3103
45070,69842,6867,33592,4606,62975,6086,2983,3103
45075,69848,6867,33596,4606,62981,6087,2984,3103
45080,69859,6867,33603,4606,62992,6087,2984,3103
45085,69863,6867,33604,4606,62996,6087,2984,3103
45090,69873,6867,33607,4606,63006,6087,2984,3103
45095,69879,6867,33612,4606,63012,6088,2985,3103
45100,69890,6867,33614,4606,63023,6088,2985,3103
45105,69894,6867,33617,4606,63027,6088,2985,3103
45110,69904,6867,33625,4606,63037,6089,2986,3103
45115,69910,6867,33629,4606,63043,6090,2986,3104
45120,69921,6869,33634,4608,63052,6090,2986,3104
45125,69925,6869,33636,4608,63056,6090,2986,3104
45130,69935,6870,33640,4609,63065,6091,2986,3105
45135,69941,6870,33644,4609,63071,6092,2987,3105
45140,69952,6872,33651,4611,63080,6092,2987,3105
45145,69956,6872,33653,4611,63084,6092,2987,3105
45150,69966,6873,33656,4611,63093,6093,2988,3105
45155,69972,6873,33661,4611,63099,6094,2989,3105
45160,69983,6876,33667,4613,63107,6095,2989,3106
45165,69987,6876,33671,4613,63111,6095,2989,3106
45170,69997,6877,33677,4613,63120,6096,2989,3107
45175,70003,6877,33681,4613,63126,6097,2989,3108
45180,70014,6879,33686,4614,63135,6099,2991,3108
45185,70018,6879,33687,4614,63139,6099,2991,3108
45190,70028,6881,33690,4615,63147,6099,2991,3108
45195,70034,6881,33693,4615,63153,6100,2991,3109
45200,70045,6882,33698,4615,63163,6101,2992,3109
45205,70049,6883,33702,4616,63166,6101,2992,3109
45210,70059,6885,33707,4617,63174,6101,2992,3109
45215,70065,6885,33711,4617,63179,6102,2993,3109
45220,70076,6887,33717,4619,63189,6103,2994,3109
45225,70080,6887,33718,4619,63193,6103,2994,3109
45230,70090,6889,33722,4621,63201,6103,2994,3109
45235,70096,6889,33725,4621,63206,6104,2995,3109
45240,70107,6892,33733,4623,63215,6105,2996,3109
45245,70111,6893,33735,4624,63218,6105,2996,3109
45250,70121,6895,33738,4625,63226,6105,2996,3109
45255,70127,6895,33739,4625,63232,6106,2996,3110
45260,70138,6898,33746,4627,63240,6107,2996,3111
45265,70142,6899,33748,4628,63243,6107,2996,3111
45270,70152,6901,33753,4630,63251,6107,2996,3111
45275,70158,6901,33756,4630,63257,6108,2996,3112
45280,70169,6902,33763,4630,63267,6109,2997,3112
45285,70173,6903,33765,4631,63270,6109,2997,3112
45290,70183,6905,33770,4632,63278,6110,2998,3112
45295,70189,6905,33771,4632,63284,6111,2998,3113
45300,70200,6907,33775,4634,63293,6113,3000,3113
45305,70204,6908,33777,4635,63296,6113,3000,3113
45310,70214,6910,33781,4637,63304,6113,3000,3113
45315,70220,6910,33783,4637,63310,6114,3000,3114
45320,70231,6912,33790,4639,63319,6115,3001,3114
45325,70235,6912,33791,4639,63323,6115,3001,3114
45330,70245,6914,33797,4641,63331,6115,3001,3114
45335,70251,6914,33799,4641,63337,6116,3002,3114
45340,70262,6917,33805,4644,63345,6117,3002,3115
45345,70266,6917,33805,4644,63349,6117,3002,3115
45350,70276,6919,33807,4644,63357,6117,3002,3115
45355,70282,6919,33810,4644,63363,6118,3002,3116
45360,70293,6920,33814,4645,63373,6119,3003,3116
45365,70297,6920,33815,4645,63377,6119,3003,3116
45370,70307,6920,33819,4645,63387,6119,3003,3116
45375,70313,6920,33821,4645,63393,6120,3004,3116
45380,70324,6920,33827,4645,63404,6121,3005,3116
45385,70328,6920,33829,4645,63408,6121,3005,3116
45390,70338,6920,33834,4645,63418,6121,3005,3116
45395,70344,6920,33835,4645,63424,6122,3005,3117
45400,70355,6920,33839,4645,63435,6123,3006,3117
45405,70359,6920,33841,4645,63439,6123,3006,3117
45410,70369,6920,33846,4645,63449,6124,3006,3118
45415,70375,6920,33851,4645,63455,6126,3008,3118
45420,70386,6921,33856,4646,63465,6128,3008,3120
45425,70390,6921,33858,4646,63469,6128,3008,3120
45430,70400,6922,33862,4647,63478,6128,3008,3120
45435,70406,6922,33865,4647,63484,6130,3010,3120
45440,70417,6924,33869,4648,63493,6130,3010,3120
45445,70421,6925,33872,4649,63496,6130,3010,3120
45450,70431,6926,33875,4649,63505,6130,3010,3120
45455,70437,6926,33877,4649,63510,6132,3011,3121
45460,70448,6928,33884,4651,63520,6132,3011,3121
45465,70452,6929,33887,4652,63523,6132,3011,3121
45470,70462,6931,33891,4653,63531,6132,3011,3121
45475,70468,6931,33892,4653,63536,6134,3011,3123
45480,70479,6934,33899,4655,63545,6134,3011,3123
45485,70483,6934,33899,4655,63549,6134,3011,3123
45490,70493,6936,33906,4656,63557,6134,3011,3123
45495,70499,6936,33909,4656,63563,6136,3011,3125
45500,70510,6936,33912,4656,63574,6136,3011,3125
45505,70514,6936,33914,4656,63578,6136,3011,3125
45510,70524,6938,33918,4657,63586,6136,3011,3125
45515,70530,6938,33921,4657,63592,6138,3011,3127
45520,70541,6939,33929,4658,63602,6138,3011,3127
45525,70545,6939,33931,4658,63606,6138,3011,3127
45530,70555,6941,33936,4659,63614,6138,3011,3127
45535,70561,6941,33940,4659,63620,6140,3012,3128
45540,70572,6941,33945,4659,63631,6140,3012,3128
45545,70576,6941,33946,4659,63635,6140,3012,3128
45550,70586,6943,33951,4660,63643,6140,3012,3128
45555,70592,6943,33954,4660,63649,6142,3012,3130
45560,70603,6944,33961,4661,63659,6142,3012,3130
45565,70607,6945,33962,4662,63662,6142,3012,3130
45570,70617,6947,33968,4664,63670,6142,3012,3130
45575,70623,6947,33971,4664,63676,6144,3013,3131
45580,70634,6947,33975,4664,63687,6144,3013,3131
45585,70638,6947,33975,4664,63691,6144,3013,3131
45590,70648,6949,33980,4665,63699,6145,3014,3131
45595,70654,6949,33981,4665,63705,6147,3015,3132
45600,70665,6951,33986,4666,63714,6148,3016,3132
45605,70669,6952,33987,4667,63717,6148,3016,3132
45610,70679,6953,33991,4667,63726,6148,3016,3132
45615,70685,6953,33993,4667,63732,6150,3017,3133
45620,70696,6955,33998,4669,63741,6152,3017,3135
45625,70700,6956,34000,4670,63744,6152,3017,3135
45630,70710,6957,34006,4670,63753,6152,3017,3135
45635,70716,6957,34008,4670,63759,6154,3018,3136
45640,70727,6958,34011,4670,63769,6156,3019,3137
45645,70731,6958,34014,4670,63773,6156,3019,3137
45650,70741,6959,34017,4670,63782,6156,3019,3137
45655,70747,6959,34019,4670,63787,6158,3019,3139
45660,70758,6961,34023,4671,63797,6160,3021,3139
45665,70762,6962,34026,4672,63800,6160,3021,3139
45670,70772,6963,34031,4673,63809,6160,3021,3139
45675,70778,6963,34035,4673,63815,6161,3021,3140
45680,70789,6964,34041,4674,63825,6162,3022,3140
45685,70793,6964,34043,4674,63829,6162,3022,3140
45690,70803,6965,34044,4674,63838,6162,3022,3140
45695,70809,6965,34048,4674,63844,6163,3023,3140
45700,70820,6966,34054,4675,63854,6164,3023,3141
45705,70824,6967,34057,4676,63857,6164,3023,3141
45710,70834,6969,34063,4677,63865,6165,3024,3141
45715,70840,6969,34066,4677,63871,6166,3025,3141
45720,70851,6971,34073,4679,63880,6167,3026,3141
45725,70855,6972,34076,4680,63883,6167,3026,3141
45730,70865,6973,34082,4681,63892,6167,3026,3141
45735,70871,6973,34085,4681,63898,6169,3026,3143
45740,70882,6975,34090,4683,63907,6169,3026,3143
45745,70886,6975,34094,4683,63911,6169,3026,3143
45750,70896,6976,34098,4683,63920,6169,3026,3143
45755,70902,6976,34101,4683,63926,6171,3027,3144
45760,70913,6977,34104,4684,63936,6171,3027,3144
45765,70917,6977,34106,4684,63940,6171,3027,3144
45770,70927,6978,34110,4685,63949,6171,3027,3144
45775,70933,6978,34114,4685,63954,6173,3028,3145
45780,70944,6981,34122,4687,63963,6173,3028,3145
45785,70948,6981,34123,4687,63967,6173,3028,3145
45790,70958,6983,34128,4688,63975,6173,3028,3145
45795,70964,6983,34129,4688,63981,6174,3028,3146
45800,70975,6985,34136,4690,63990,6175,3028,3147
45805,70979,6986,34139,4691,63993,6175,3028,3147
45810,70989,6988,34144,4691,64001,6175,3028,3147
45815,70995,6988,34147,4691,64006,6176,3029,3147
45820,71006,6992,34153,4695,64014,6177,3030,3147
45825,71010,6992,34154,4695,64018,6177,3030,3147
45830,71020,6994,34157,4695,64026,6178,3031,3147
45835,71026,6994,34160,4695,64032,6179,3031,3148
45840,71037,6995,34164,4695,64042,6180,3032,3148
45845,71041,6995,34167,4695,64046,6180,3032,3148
45850,71051,6996,34173,4695,64055,6180,3032,3148
45855,71057,6996,34176,4695,64061,6181,3032,3149
45860,71068,6996,34180,4695,64072,6182,3032,3150
45865,71072,6996,34182,4695,64076,6182,3032,3150
45870,71082,6997,34187,4696,64085,6182,3032,3150
45875,71088,6997,34188,4696,64091,6183,3032,3151
45880,71099,6997,34192,4696,64102,6184,3033,3151
45885,71103,6997,34194,4696,64106,6184,3033,3151
45890,71113,6998,34198,4696,64115,6184,3033,3151
45895,71119,6998,34201,4696,64121,6186,3035,3151
45900,71130,6999,34206,4697,64131,6187,3035,3152
45905,71134,6999,34209,4697,64135,6187,3035,3152
45910,71144,7000,34217,4698,64144,6187,3035,3152
45915,71150,7000,34221,4698,64150,6189,3035,3154
45920,71161,7001,34228,4699,64160,6191,3037,3154
45925,71165,7001,34231,4699,64164,6191,3037,3154
45930,71175,7002,34236,4700,64173,6191,3037,3154
45935,71181,7002,34238,4700,64179,6193,3039,3154
45940,71192,7003,34242,4701,64189,6195,3040,3155
45945,71196,7003,34244,4701,64193,6195,3040,3155
45950,71206,7005,34250,4701,64201,6196,3041,3155
45955,71212,7005,34255,4701,64207,6198,3043,3155
45960,71223,7007,34261,4703,64216,6200,3044,3156
45965,71227,7007,34262,4703,64220,6200,3044,3156
45970,71237,7009,34265,4703,64228,6200,3044,3156
45975,71243,7009,34266,4703,64234,6201,3044,3157
45980,71254,7011,34273,4704,64243,6201,3044,3157
45985,71258,7013,34277,4706,64245,6201,3044,3157
45990,71268,7015,34283,4707,64253,6201,3044,3157
45995,71274,7015,34286,4707,64259,6202,3045,3157
46000,71285,7017,34293,4708,64268,6202,3045,3157
46005,71289,7019,34296,4710,64270,6202,3045,3157
46010,71299,7021,34300,4710,64278,6202,3045,3157
46015,71305,7021,34302,4710,64284,6203,3046,3157
46020,71316,7023,34308,4711,64293,6203,3046,3157
46025,71320,7023,34308,4711,64297,6203,3046,3157
46030,71330,7024,34313,4712,64306,6203,3046,3157
46035,71336,7024,34317,4712,64312,6204,3047,3157
46040,71347,7026,34321,4714,64321,6204,3047,3157
46045,71351,7027,34324,4715,64324,6204,3047,3157
46050,71361,7028,34331,4716,64333,6204,3047,3157
46055,71367,7028,34334,4716,64339,6205,3048,3157
46060,71378,7029,34339,4717,64349,6205,3048,3157
46065,71382,7030,34341,4718,64352,6205,3048,3157
46070,71392,7031,34344,4718,64361,6205,3048,3157
46075,71398,7031,34348,4718,64366,6207,3049,3158
46080,71409,7033,34351,4719,64376,6209,3050,3159
46085,71413,7034,34352,4720,64379,6209,3050,3159
46090,71423,7035,34354,4721,64388,6210,3051,3159
46095,71429,7035,34355,4721,64394,6211,3051,3160
46100,71440,7037,34361,4723,64403,6213,3052,3161
46105,71444,7038,34363,4724,64406,6213,3052,3161
46110,71454,7039,34367,4725,64415,6214,3052,3162
46115,71460,7039,34371,4725,64421,6215,3053,3162
46120,71471,7041,34376,4726,64430,6216,3054,3162
46125,71475,7041,34377,4726,64434,6216,3054,3162
46130,71485,7042,34382,4727,64443,6217,3054,3163
46135,71491,7042,34385,4727,64449,6218,3054,3164
46140,71502,7043,34391,4728,64459,6220,3055,3165
46145,71506,7043,34393,4728,64463,6220,3055,3165
46150,71516,7045,34398,4729,64471,6221,3056,3165
46155,71522,7045,34402,4729,64477,6222,3057,3165
46160,71533,7045,34409,4729,64488,6223,3058,3165
46165,71537,7045,34411,4729,64492,6223,3058,3165
46170,71547,7047,34413,4729,64500,6224,3059,3165
46175,71553,7047,34414,4729,64506,6225,3059,3166
46180,71564,7049,34424,4731,64515,6226,3060,3166
46185,71568,7049,34426,4731,64519,6226,3060,3166
46190,71578,7051,34430,4732,64527,6226,3060,3166
46195,71584,7051,34431,4732,64533,6228,3060,3168
46200,71595,7053,34435,4734,64542,6229,3060,3169
46205,71599,7053,34437,4734,64546,6229,3060,3169
46210,71609,7053,34445,4734,64556,6229,3060,3169
46215,71615,7053,34450,4734,64562,6230,3061,3169
46220,71626,7054,34456,4735,64572,6230,3061,3169
46225,71630,7054,34457,4735,64576,6230,3061,3169
46230,71640,7054,34460,4735,64586,6230,3061,3169
46235,71646,7054,34461,4735,64592,6231,3061,3170
46240,71657,7055,34467,4736,64602,6231,3061,3170
46245,71661,7056,34470,4737,64605,6231,3061,3170
46250,71671,7056,34473,4737,64615,6231,3061,3170
46255,71677,7056,34475,4737,64621,6232,3061,3171
46260,71688,7057,34481,4738,64631,6232,3061,3171
46265,71692,7057,34483,4738,64635,6232,3061,3171
46270,71702,7057,34486,4738,64645,6233,3061,3172
46275,71708,7057,34489,4738,64651,6234,3062,3172
46280,71719,7058,34494,4738,64661,6234,3062,3172
46285,71723,7058,34497,4738,64665,6234,3062,3172
46290,71733,7058,34500,4738,64675,6235,3063,3172
46295,71739,7058,34501,4738,64681,6236,3063,3173
46300,71750,7059,34506,4739,64691,6236,3063,3173
46305,71754,7059,34507,4739,64695,6236,3063,3173
46310,71764,7061,34510,4739,64703,6237,3063,3174
46315,71770,7061,34513,4739,64709,6239,3064,3175
46320,71781,7064,34519,4742,64717,6241,3064,3177
46325,71785,7064,34522,4742,64721,6241,3064,3177
46330,71795,7065,34527,4742,64730,6242,3064,3178
46335,71801,7065,34529,4742,64736,6244,3064,3180
46340,71812,7067,34532,4743,64745,6245,3065,3180
46345,71816,7067,34534,4743,64749,6245,3065,3180
46350,71826,7068,34540,4744,64758,6246,3065,3181
46355,71832,7068,34542,4744,64764,6248,3065,3183
46360,71843,7070,34549,4745,64773,6249,3066,3183
46365,71847,7070,34550,4745,64777,6249,3066,3183
46370,71857,7071,34554,4746,64786,6250,3067,3183
46375,71863,7071,34556,4746,64792,6252,3067,3185
46380,71874,7074,34562,4749,64800,6253,3067,3186
46385,71878,7075,34565,4750,64803,6253,3067,3186
46390,71888,7076,34569,4750,64812,6253,3067,3186
46395,71894,7076,34573,4750,64818,6254,3068,3186
46400,71905,7078,34579,4751,64827,6255,3068,3187
46405,71909,7078,34580,4751,64831,6255,3068,3187
46410,71919,7079,34585,4752,64840,6255,3068,3187
46415,71925,7079,34587,4752,64846,6256,3068,3188
46420,71936,7081,34594,4754,64855,6257,3068,3189
46425,71940,7081,34595,4754,64859,6257,3068,3189
46430,71950,7083,34599,4755,64867,6257,3068,3189
46435,71956,7083,34602,4755,64873,6258,3069,3189
46440,71967,7085,34608,4756,64882,6259,3069,3190
46445,71971,7085,34611,4756,64886,6259,3069,3190
46450,71981,7087,34618,4758,64894,6259,3069,3190
46455,71987,7087,34621,4758,64900,6260,3070,3190
46460,71998,7087,34623,4758,64911,6260,3070,3190
46465,72002,7087,34624,4758,64915,6260,3070,3190
46470,72012,7089,34628,4760,64923,6260,3070,3190
46475,72018,7089,34630,4760,64929,6261,3071,3190
46480,72029,7090,34634,4761,64939,6261,3071,3190
46485,72033,7090,34635,4761,64943,6261,3071,3190
46490,72043,7092,34641,4762,64951,6261,3071,3190
46495,72049,7092,34643,4762,64957,6263,3072,3191
46500,72060,7094,34647,4764,64966,6263,3072,3191
46505,72064,7094,34649,4764,64970,6263,3072,3191
46510,72074,7095,34652,4764,64979,6263,3072,3191
46515,72080,7095,34655,4764,64985,6265,3072,3193
46520,72091,7096,34663,4765,64995,6265,3072,3193
46525,72095,7096,34664,4765,64999,6265,3072,3193
46530,72105,7097,34670,4766,65008,6265,3072,3193
46535,72111,7097,34671,4766,65014,6267,3073,3194
46540,72122,7098,34677,4767,65024,6268,3073,3195
46545,72126,7098,34680,4767,65028,6268,3073,3195
46550,72136,7099,34684,4767,65037,6269,3074,3195
46555,72142,7099,34685,4767,65043,6270,3074,3196
46560,72153,7100,34689,4768,65053,6272,3074,3198
46565,72157,7101,34693,4769,65056,6272,3074,3198
46570,72167,7101,34698,4769,65066,6273,3075,3198
46575,72173,7101,34700,4769,65072,6274,3075,3199
46580,72184,7102,34707,4770,65082,6275,3076,3199
46585,72188,7102,34708,4770,65086,6275,3076,3199
46590,72198,7102,34714,4770,65096,6276,3077,3199
46595,72204,7102,34717,4770,65102,6277,3078,3199
46600,72215,7103,34722,4770,65112,6278,3079,3199
46605,72219,7103,34723,4770,65116,6278,3079,3199
46610,72229,7103,34728,4770,65126,6279,3079,3200
46615,72235,7103,34730,4770,65132,6280,3079,3201
46620,72246,7104,34736,4771,65142,6281,3080,3201
46625,72250,7104,34738,4771,65146,6281,3080,3201
46630,72260,7104,34744,4771,65156,6281,3080,3201
46635,72266,7104,34747,4771,65162,6282,3081,3201
46640,72277,7105,34752,4772,65172,6282,3081,3201
46645,72281,7105,34755,4772,65176,6282,3081,3201
46650,72291,7105,34758,4772,65186,6282,3081,3201
46655,72297,7105,34763,4772,65192,6283,3082,3201
46660,72308,7106,34770,4772,65202,6283,3082,3201
46665,72312,7106,34774,4772,65206,6283,3082,3201
46670,72322,7108,34782,4774,65214,6283,3082,3201
46675,72328,7108,34783,4774,65220,6285,3082,3203
46680,72339,7110,34788,4776,65229,6285,3082,3203
46685,72343,7110,34788,4776,65233,6285,3082,3203
46690,72353,7112,34793,4778,65241,6285,3082,3203
46695,72359,7112,34794,4778,65247,6287,3082,3205
46700,72370,7113,34799,4779,65257,6288,3082,3206
46705,72374,7115,34803,4781,65259,6288,3082,3206
46710,72384,7117,34810,4782,65267,6288,3082,3206
46715,72390,7117,34813,4782,65272,6290,3084,3206
46720,72401,7120,34818,4785,65281,6291,3084,3207
46725,72405,7120,34820,4785,65285,6291,3084,3207
46730,72415,7122,34825,4785,65293,6291,3084,3207
46735,72421,7122,34828,4785,65298,6293,3085,3208
46740,72432,7126,34834,4789,65306,6294,3085,3209
46745,72436,7126,34835,4789,65310,6294,3085,3209
46750,72446,7128,34840,4790,65318,6294,3085,3209
46755,72452,7128,34842,4790,65324,6296,3085,3211
46760,72463,7129,34849,4790,65334,6297,3086,3211
46765,72467,7130,34851,4791,65337,6297,3086,3211
46770,72477,7132,34858,4792,65345,6297,3086,3211
46775,72483,7132,34862,4792,65351,6299,3088,3211
46780,72494,7134,34867,4794,65360,6300,3088,3212
46785,72498,7134,34869,4794,65364,6300,3088,3212
46790,72508,7136,34874,4794,65372,6301,3089,3212
46795,72514,7136,34878,4794,65378,6303,3089,3214
46800,72525,7138,34886,4795,65387,6304,3090,3214
46805,72529,7138,34888,4795,65391,6304,3090,3214
46810,72539,7139,34894,4795,65400,6304,3090,3214
46815,72545,7139,34896,4795,65406,6306,3091,3215
46820,72556,7141,34902,4796,65415,6307,3092,3215
46825,72560,7141,34904,4796,65419,6307,3092,3215
46830,72570,7142,34907,4797,65428,6307,3092,3215
46835,72576,7142,34911,4797,65434,6309,3094,3215
46840,72587,7143,34914,4797,65444,6310,3094,3216
46845,72591,7143,34915,4797,65448,6310,3094,3216
46850,72601,7144,34919,4798,65457,6310,3094,3216
46855,72607,7144,34923,4798,65463,6312,3096,3216
46860,72618,7145,34927,4799,65473,6314,3096,3218
46865,72622,7145,34928,4799,65477,6314,3096,3218
46870,72632,7146,34931,4799,65486,6314,3096,3218
46875,72638,7146,34935,4799,65491,6315,3096,3219
46880,72649,7147,34942,4800,65502,6315,3096,3219
46885,72653,7147,34944,4800,65506,6315,3096,3219
46890,72663,7148,34949,4800,65515,6315,3096,3219
46895,72669,7148,34953,4800,65520,6316,3096,3220
46900,72680,7149,34955,4801,65531,6316,3096,3220
46905,72684,7149,34958,4801,65535,6316,3096,3220
46910,72694,7150,34965,4802,65544,6316,3096,3220
46915,72700,7150,34969,4802,65549,6317,3097,3220
46920,72711,7151,34976,4803,65560,6317,3097,3220
46925,72715,7151,34978,4803,65564,6317,3097,3220
46930,72725,7152,34985,4804,65573,6317,3097,3220
46935,72731,7152,34988,4804,65578,6318,3097,3221
46940,72742,7153,34996,4805,65589,6319,3098,3221
46945,72746,7153,34999,4805,65593,6319,3098,3221
46950,72756,7154,35004,4806,65602,6319,3098,3221
46955,72762,7154,35006,4806,65607,6320,3098,3222
46960,72773,7155,35012,4807,65618,6321,3098,3223
46965,72777,7156,35015,4808,65621,6321,3098,3223
46970,72787,7158,35024,4810,65629,6321,3098,3223
46975,72793,7158,35027,4810,65635,6322,3099,3223
46980,72804,7160,35034,4811,65644,6324,3100,3224
46985,72808,7160,35037,4811,65648,6324,3100,3224
46990,72818,7161,35040,4811,65657,6325,3101,3224
46995,72824,7161,35042,4811,65663,6326,3101,3225
47000,72835,7161,35048,4811,65674,6326,3101,3225
47005,72839,7161,35051,4811,65678,6326,3101,3225
47010,72849,7162,35056,4811,65687,6327,3102,3225
47015,72855,7162,35058,4811,65693,6328,3103,3225
47020,72866,7163,35063,4812,65703,6328,3103,3225
47025,72870,7163,35065,4812,65707,6328,3103,3225
47030,72880,7164,35070,4812,65716,6329,3103,3226
47035,72886,7164,35071,4812,65722,6330,3103,3227
47040,72897,7165,35077,4813,65732,6330,3103,3227
47045,72901,7165,35079,4813,65736,6330,3103,3227
47050,72911,7166,35084,4813,65745,6331,3104,3227
47055,72917,7166,35088,4813,65751,6333,3105,3228
47060,72928,7167,35096,4814,65761,6333,3105,3228
47065,72932,7167,35098,4814,65765,6333,3105,3228
47070,72942,7168,35101,4815,65774,6334,3105,3229
47075,72948,7168,35103,4815,65780,6336,3106,3230
47080,72959,7168,35107,4815,65791,6336,3106,3230
47085,72963,7168,35109,4815,65795,6336,3106,3230
47090,72973,7170,35111,4816,65803,6337,3106,3231
47095,72979,7170,35116,4816,65808,6339,3107,3232
47100,72990,7174,35122,4819,65816,6340,3107,3233
47105,72994,7175,35123,4820,65819,6340,3107,3233
47110,73004,7177,35129,4821,65827,6340,3107,3233
47115,73010,7177,35129,4821,65833,6341,3107,3234
47120,73021,7178,35135,4822,65843,6342,3108,3234
47125,73025,7179,35136,4823,65846,6342,3108,3234
47130,73035,7181,35140,4823,65854,6342,3108,3234
47135,73041,7181,35144,4823,65860,6343,3109,3234
47140,73052,7182,35152,4824,65870,6344,3110,3234
47145,73056,7183,35155,4825,65873,6344,3110,3234
47150,73066,7185,35159,4826,65881,6344,3110,3234
47155,73072,7185,35162,4826,65887,6345,3110,3235
47160,73083,7186,35165,4827,65897,6346,3110,3236
47165,73087,7186,35165,4827,65901,6346,3110,3236
47170,73097,7188,35172,4828,65909,6347,3110,3237
47175,73103,7188,35174,4828,65915,6348,3110,3238
47180,73114,7188,35179,4828,65926,6349,3110,3239
47185,73118,7188,35180,4828,65930,6349,3110,3239
47190,73128,7190,35186,4829,65938,6350,3111,3239
47195,73134,7190,35189,4829,65944,6351,3111,3240
47200,73145,7191,35194,4830,65954,6352,3111,3241
47205,73149,7191,35196,4830,65958,6352,3111,3241
47210,73159,7193,35200,4832,65966,6353,3111,3242
47215,73165,7193,35204,4832,65972,6355,3113,3242
47220,73176,7195,35211,4834,65981,6356,3114,3242
47225,73180,7195,35213,4834,65985,6356,3114,3242
47230,73190,7196,35216,4834,65994,6356,3114,3242
47235,73196,7196,35219,4834,66000,6357,3115,3242
47240,73207,7197,35226,4835,66010,6358,3115,3243
47245,73211,7197,35227,4835,66014,6358,3115,3243
47250,73221,7198,35231,4835,66023,6358,3115,3243
47255,73227,7198,35234,4835,66029,6359,3116,3243
47260,73238,7198,35239,4835,66040,6359,3116,3243
47265,73242,7198,35241,4835,66044,6359,3116,3243
47270,73252,7199,35247,4836,66053,6359,3116,3243
47275,73258,7199,35248,4836,66059,6360,3116,3244
47280,73269,7199,35254,4836,66070,6360,3116,3244
47285,73273,7199,35256,4836,66074,6360,3116,3244
47290,73283,7200,35262,4837,66083,6360,3116,3244
47295,73289,7200,35265,4837,66089,6361,3116,3245
47300,73300,7200,35268,4837,66100,6361,3116,3245
47305,73304,7200,35270,4837,66104,6361,3116,3245
47310,73314,7201,35276,4837,66113,6361,3116,3245
47315,73320,7201,35279,4837,66119,6362,3116,3246
47320,73331,7202,35283,4838,66129,6362,3116,3246
47325,73335,7202,35286,4838,66133,6362,3116,3246
47330,73345,7204,35292,4840,66141,6362,3116,3246
47335,73351,7204,35294,4840,66147,6363,3117,3246
47340,73362,7206,35301,4842,66156,6363,3117,3246
47345,73366,7207,35303,4843,66159,6363,3117,3246
47350,73376,7208,35307,4843,66168,6363,3117,3246
47355,73382,7208,35308,4843,66174,6365,3118,3247
47360,73393,7210,35316,4845,66183,6366,3119,3247
47365,73397,7210,35318,4845,66187,6366,3119,3247
47370,73407,7211,35321,4845,66196,6366,3119,3247
47375,73413,7211,35324,4845,66202,6368,3120,3248
47380,73424,7212,35328,4845,66212,6369,3121,3248
47385,73428,7212,35329,4845,66216,6369,3121,3248
47390,73438,7213,35333,4845,66225,6369,3121,3248
47395,73444,7213,35338,4845,66231,6371,3123,3248
47400,73455,7215,35343,4847,66240,6372,3124,3248
47405,73459,7215,35345,4847,66244,6372,3124,3248
47410,73469,7216,35350,4848,66253,6373,3125,3248
47415,73475,7216,35354,4848,66258,6374,3126,3248
47420,73486,7218,35359,4849,66268,6374,3126,3248
47425,73490,7219,35362,4850,66271,6374,3126,3248
47430,73500,7220,35367,4851,66280,6375,3126,3249
47435,73506,7220,35371,4851,66285,6376,3127,3249
47440,73517,7222,35376,4853,66295,6376,3127,3249
47445,73521,7222,35378,4853,66299,6376,3127,3249
47450,73531,7224,35382,4854,66307,6377,3127,3250
47455,73537,7224,35386,4854,66313,6378,3127,3251
47460,73548,7227,35396,4857,66321,6378,3127,3251
47465,73552,7227,35399,4857,66325,6378,3127,3251
47470,73562,7229,35404,4858,66333,6379,3128,3251
47475,73568,7229,35405,4858,66339,6380,3128,3252
47480,73579,7232,35412,4861,66347,6381,3129,3252
47485,73583,7232,35414,4861,66351,6381,3129,3252
47490,73593,7234,35419,4862,66359,6382,3129,3253
47495,73599,7234,35422,4862,66365,6383,3129,3254
47500,73610,7236,35428,4864,66374,6384,3130,3254
47505,73614,7236,35430,4864,66378,6384,3130,3254
47510,73624,7238,35436,4865,66386,6384,3130,3254
47515,73630,7238,35438,4865,66392,6385,3131,3254
47520,73641,7242,35446,4869,66399,6386,3132,3254
47525,73645,7242,35449,4869,66403,6386,3132,3254
47530,73655,7243,35452,4869,66412,6386,3132,3254
47535,73661,7243,35457,4869,66418,6387,3133,3254
47540,73672,7244,35463,4869,66428,6387,3133,3254
47545,73676,7244,35465,4869,66432,6387,3133,3254
47550,73686,7245,35471,4870,66441,6387,3133,3254
47555,73692,7245,35471,4870,66447,6388,3133,3255
47560,73703,7246,35475,4870,66457,6388,3133,3255
47565,73707,7246,35476,4870,66461,6388,3133,3255
47570,73717,7247,35480,4871,66470,6388,3133,3255
47575,73723,7247,35482,4871,66476,6390,3133,3257
47580,73734,7249,35487,4873,66485,6392,3134,3258
47585,73738,7249,35490,4873,66489,6392,3134,3258
47590,73748,7250,35493,4874,66498,6393,3134,3259
47595,73754,7250,35498,4874,66503,6395,3136,3259
47600,73765,7251,35501,4875,66514,6395,3136,3259
47605,73769,7251,35502,4875,66518,6395,3136,3259
47610,73779,7252,35505,4875,66527,6396,3137,3259
47615,73785,7252,35508,4875,66533,6398,3138,3260
47620,73796,7252,35514,4875,66544,6398,3138,3260
47625,73800,7252,35517,4875,66548,6398,3138,3260
47630,73810,7253,35523,4876,66557,6399,3138,3261
47635,73816,7253,35526,4876,66563,6401,3140,3261
47640,73827,7253,35531,4876,66574,6401,3140,3261
47645,73831,7253,35535,4876,66578,6401,3140,3261
47650,73841,7254,35539,4876,66587,6402,3141,3261
47655,73847,7254,35542,4876,66593,6403,3141,3262
47660,73858,7254,35546,4876,66604,6404,3142,3262
47665,73862,7254,35546,4876,66608,6404,3142,3262
47670,73872,7255,35548,4877,66617,6405,3142,3263
47675,73878,7255,35553,4877,66623,6406,3143,3263
47680,73889,7255,35561,4877,66634,6407,3143,3264
47685,73893,7255,35563,4877,66638,6407,3143,3264
47690,73903,7256,35566,4877,66647,6408,3144,3264
47695,73909,7256,35570,4877,66653,6409,3145,3264
47700,73920,7258,35575,4879,66662,6411,3146,3265
47705,73924,7258,35577,4879,66666,6411,3146,3265
47710,73934,7259,35583,4880,66675,6411,3146,3265
47715,73940,7259,35585,4880,66681,6412,3147,3265
47720,73951,7261,35589,4881,66690,6413,3147,3266
47725,73955,7262,35590,4882,66693,6413,3147,3266
47730,73965,7263,35594,4882,66702,6413,3147,3266
47735,73971,7263,35596,4882,66708,6414,3148,3266
47740,73982,7264,35601,4882,66718,6415,3149,3266
47745,73986,7265,35604,4883,66721,6415,3149,3266
47750,73996,7266,35610,4884,66730,6415,3149,3266
47755,74002,7266,35614,4884,66736,6417,3150,3267
47760,74013,7267,35617,4884,66746,6418,3150,3268
47765,74017,7267,35619,4884,66750,6418,3150,3268
47770,74027,7268,35625,4885,66759,6418,3150,3268
47775,74033,7268,35629,4885,66765,6420,3151,3269
47780,74044,7268,35636,4885,66776,6421,3152,3269
47785,74048,7268,35638,4885,66780,6421,3152,3269
47790,74058,7269,35641,4886,66789,6421,3152,3269
47795,74064,7269,35644,4886,66795,6423,3152,3271
47800,74075,7270,35651,4887,66805,6424,3153,3271
47805,74079,7270,35653,4887,66809,6424,3153,3271
47810,74089,7272,35660,4888,66817,6424,3153,3271
47815,74095,7272,35660,4888,66823,6426,3153,3273
47820,74106,7274,35665,4890,66832,6428,3154,3274
47825,74110,7275,35666,4891,66835,6428,3154,3274
47830,74120,7276,35671,4892,66844,6428,3154,3274
47835,74126,7276,35674,4892,66849,6430,3154,3276
47840,74137,7277,35677,4893,66860,6430,3154,3276
47845,74141,7277,35678,4893,66864,6430,3154,3276
47850,74151,7278,35683,4894,66873,6430,3154,3276
47855,74157,7278,35686,4894,66879,6432,3155,3277
47860,74168,7279,35693,4895,66889,6432,3155,3277
47865,74172,7279,35695,4895,66893,6432,3155,3277
47870,74182,7280,35700,4896,66902,6433,3155,3278
47875,74188,7280,35704,4896,66907,6435,3156,3279
47880,74199,7281,35709,4897,66918,6435,3156,3279
47885,74203,7281,35710,4897,66922,6435,3156,3279
47890,74213,7282,35712,4897,66931,6436,3157,3279
47895,74219,7282,35716,4897,66937,6438,3158,3280
47900,74230,7282,35719,4897,66948,6439,3158,3281
47905,74234,7282,35721,4897,66952,6439,3158,3281
47910,74244,7283,35726,4897,66961,6440,3159,3281
47915,74250,7283,35726,4897,66967,6442,3159,3283
47920,74261,7284,35732,4898,66977,6443,3159,3284
47925,74265,7284,35733,4898,66981,6443,3159,3284
47930,74275,7285,35738,4899,66990,6444,3159,3285
47935,74281,7285,35740,4899,66996,6446,3160,3286
47940,74292,7288,35746,4901,67004,6448,3161,3287
47945,74296,7289,35748,4902,67007,6448,3161,3287
47950,74306,7291,35749,4902,67015,6448,3161,3287
47955,74312,7291,35750,4902,67021,6449,3161,3288
47960,74323,7293,35756,4903,67030,6451,3161,3290
47965,74327,7294,35757,4904,67033,6451,3161,3290
47970,74337,7296,35761,4904,67041,6451,3161,3290
47975,74343,7296,35764,4904,67047,6452,3162,3290
47980,74354,7298,35771,4905,67056,6454,3163,3291
47985,74358,7299,35774,4906,67059,6454,3163,3291
47990,74368,7301,35780,4907,67067,6454,3163,3291
47995,74374,7301,35784,4907,67073,6455,3163,3292
48000,74385,7302,35791,4907,67083,6457,3165,3292
48005,74389,7303,35793,4908,67086,6457,3165,3292
48010,74399,7305,35796,4909,67094,6457,3165,3292
48015,74405,7305,35800,4909,67100,6458,3165,3293
48020,74416,7306,35805,4910,67110,6460,3165,3295
48025,74420,7308,35807,4912,67112,6460,3165,3295
48030,74430,7310,35812,4913,67120,6460,3165,3295
48035,74436,7310,35816,4913,67126,6461,3166,3295
48040,74447,7311,35822,4913,67136,6463,3167,3296
48045,74451,7313,35825,4915,67138,6463,3167,3296
48050,74461,7315,35833,4917,67146,6464,3168,3296
48055,74467,7315,35835,4917,67152,6466,3169,3297
48060,74478,7317,35840,4918,67161,6468,3170,3298
48065,74482,7317,35844,4918,67165,6468,3170,3298
48070,74492,7318,35851,4918,67174,6469,3170,3299
48075,74498,7318,35852,4918,67180,6471,3170,3301
48080,74509,7318,35857,4918,67191,6472,3171,3301
48085,74513,7318,35859,4918,67195,6472,3171,3301
48090,74523,7319,35867,4919,67204,6473,3172,3301
48095,74529,7319,35869,4919,67210,6475,3172,3303
48100,74540,7319,35874,4919,67221,6476,3173,3303
48105,74544,7319,35877,4919,67225,6476,3173,3303
48110,74554,7320,35880,4919,67234,6477,3173,3304
48115,74560,7320,35882,4919,67240,6479,3174,3305
48120,74571,7321,35886,4920,67250,6480,3174,3306
48125,74575,7322,35888,4921,67253,6480,3174,3306
48130,74585,7322,35893,4921,67263,6480,3174,3306
48135,74591,7322,35896,4921,67269,6481,3175,3306
48140,74602,7323,35900,4921,67279,6482,3176,3306
48145,74606,7323,35900,4921,67283,6482,3176,3306
48150,74616,7323,35906,4921,67293,6482,3176,3306
48155,74622,7323,35908,4921,67299,6483,3177,3306
48160,74633,7325,35913,4922,67308,6484,3177,3307
48165,74637,7326,35916,4923,67311,6484,3177,3307
48170,74647,7327,35919,4923,67320,6484,3177,3307
48175,74653,7327,35922,4923,67326,6485,3178,3307
48180,74664,7329,35929,4924,67335,6486,3179,3307
48185,74668,7329,35932,4924,67339,6486,3179,3307
48190,74678,7330,35937,4925,67348,6486,3179,3307
48195,74684,7330,35941,4925,67354,6487,3179,3308
48200,74695,7330,35945,4925,67365,6489,3180,3309
48205,74699,7331,35949,4926,67368,6489,3180,3309
48210,74709,7332,35954,4926,67377,6489,3180,3309
48215,74715,7332,35958,4926,67383,6490,3180,3310
48220,74726,7332,35964,4926,67394,6492,3182,3310
48225,74730,7332,35965,4926,67398,6492,3182,3310
48230,74740,7334,35971,4926,67406,6492,3182,3310
48235,74746,7334,35973,4926,67412,6493,3182,3311
48240,74757,7334,35977,4926,67423,6495,3183,3312
48245,74761,7335,35979,4927,67426,6495,3183,3312
48250,74771,7337,35984,4928,67434,6495,3183,3312
48255,74777,7337,35987,4928,67440,6496,3184,3312
48260,74788,7338,35991,4929,67450,6497,3184,3313
48265,74792,7338,35993,4929,67454,6497,3184,3313
48270,74802,7340,35999,4931,67462,6497,3184,3313
48275,74808,7340,36002,4931,67468,6498,3184,3314
48280,74819,7341,36008,4932,67478,6499,3184,3315
48285,74823,7342,36010,4933,67481,6499,3184,3315
48290,74833,7344,36015,4934,67489,6499,3184,3315
48295,74839,7344,36018,4934,67495,6500,3184,3316
48300,74850,7346,36021,4936,67504,6500,3184,3316
48305,74854,7346,36022,4936,67508,6500,3184,3316
48310,74864,7347,36028,4936,67517,6501,3184,3317
48315,74870,7347,36031,4936,67522,6502,3185,3317
48320,74881,7350,36037,4939,67531,6502,3185,3317
48325,74885,7350,36040,4939,67535,6502,3185,3317
48330,74895,7351,36042,4940,67544,6503,3185,3318
48335,74901,7351,36043,4940,67550,6504,3185,3319
48340,74912,7352,36047,4940,67560,6504,3185,3319
48345,74916,7352,36050,4940,67564,6504,3185,3319
48350,74926,7353,36057,4940,67573,6505,3185,3320
48355,74932,7353,36061,4940,67579,6506,3186,3320
48360,74943,7354,36065,4940,67589,6506,3186,3320
48365,74947,7354,36068,4940,67593,6506,3186,3320
48370,74957,7355,36074,4940,67602,6506,3186,3320
48375,74963,7355,36077,4940,67608,6507,3186,3321
48380,74974,7356,36083,4940,67618,6507,3186,3321
48385,74978,7356,36085,4940,67622,6507,3186,3321
48390,74988,7357,36090,4940,67631,6507,3186,3321
48395,74994,7357,36091,4940,67637,6508,3186,3322
48400,75005,7358,36096,4940,67647,6509,3187,3322
48405,75009,7358,36098,4940,67651,6509,3187,3322
48410,75019,7360,36104,4942,67659,6509,3187,3322
48415,75025,7360,36107,4942,67665,6511,3189,3322
48420,75036,7363,36112,4944,67673,6513,3190,3323
48425,75040,7364,36114,4945,67676,6513,3190,3323
48430,75050,7365,36119,4945,67685,6513,3190,3323
48435,75056,7365,36123,4945,67690,6514,3191,3323
48440,75067,7366,36130,4946,67701,6516,3192,3324
48445,75071,7366,36130,4946,67705,6516,3192,3324
48450,75081,7367,36134,4946,67714,6516,3192,3324
48455,75087,7367,36137,4946,67720,6517,3192,3325
48460,75098,7367,36144,4946,67731,6519,3193,3326
48465,75102,7367,36146,4946,67735,6519,3193,3326
48470,75112,7368,36151,4947,67744,6519,3193,3326
48475,75118,7368,36153,4947,67749,6520,3193,3327
48480,75129,7369,36157,4948,67760,6522,3194,3328
48485,75133,7369,36158,4948,67764,6522,3194,3328
48490,75143,7369,36163,4948,67774,6522,3194,3328
48495,75149,7369,36167,4948,67780,6523,3195,3328
48500,75160,7370,36173,4949,67790,6525,3196,3329
48505,75164,7370,36175,4949,67794,6525,3196,3329
48510,75174,7370,36177,4949,67804,6525,3196,3329
48515,75180,7370,36180,4949,67810,6526,3196,3330
48520,75191,7373,36187,4952,67818,6528,3197,3331
48525,75195,7373,36189,4952,67822,6528,3197,3331
48530,75205,7374,36194,4952,67831,6529,3197,3332
48535,75211,7374,36197,4952,67837,6531,3198,3333
48540,75222,7377,36203,4955,67845,6533,3199,3334
48545,75226,7377,36205,4955,67849,6533,3199,3334
48550,75236,7378,36208,4955,67858,6534,3199,3335
48555,75242,7378,36212,4955,67864,6536,3201,3335
48560,75253,7378,36217,4955,67875,6537,3202,3335
48565,75257,7378,36218,4955,67879,6537,3202,3335
48570,75267,7379,36222,4956,67888,6538,3202,3336
48575,75273,7379,36227,4956,67894,6540,3204,3336
48580,75284,7381,36236,4958,67903,6541,3205,3336
48585,75288,7381,36240,4958,67907,6541,3205,3336
48590,75298,7383,36246,4960,67915,6542,3205,3337
48595,75304,7383,36249,4960,67921,6544,3207,3337
48600,75315,7385,36252,4962,67930,6545,3207,3338
48605,75319,7385,36255,4962,67934,6545,3207,3338
48610,75329,7387,36261,4963,67942,6545,3207,3338
48615,75335,7387,36266,4963,67948,6546,3208,3338
48620,75346,7387,36271,4963,67959,6546,3208,3338
48625,75350,7387,36274,4963,67963,6546,3208,3338
48630,75360,7389,36279,4964,67971,6546,3208,3338
48635,75366,7389,36283,4964,67977,6547,3209,3338
48640,75377,7389,36290,4964,67988,6547,3209,3338
48645,75381,7389,36291,4964,67992,6547,3209,3338
48650,75391,7391,36297,4965,68000,6547,3209,3338
48655,75397,7391,36299,4965,68006,6548,3210,3338
48660,75408,7393,36304,4966,68015,6549,3210,3339
48665,75412,7393,36306,4966,68019,6549,3210,3339
48670,75422,7394,36310,4967,68028,6549,3210,3339
48675,75428,7394,36312,4967,68033,6550,3210,3340
48680,75439,7397,36318,4969,68042,6551,3211,3340
48685,75443,7398,36321,4970,68045,6551,3211,3340
48690,75453,7399,36325,4970,68054,6551,3211,3340
48695,75459,7399,36327,4970,68060,6552,3211,3341
48700,75470,7400,36332,4970,68070,6553,3211,3342
48705,75474,7401,36334,4971,68073,6553,3211,3342
48710,75484,7402,36337,4971,68082,6553,3211,3342
48715,75490,7402,36338,4971,68088,6554,3211,3343
48720,75501,7404,36347,4973,68097,6556,3213,3343
48725,75505,7404,36347,4973,68101,6556,3213,3343
48730,75515,7404,36351,4973,68111,6556,3213,3343
48735,75521,7404,36353,4973,68117,6557,3213,3344
48740,75532,7405,36357,4973,68127,6559,3213,3346
48745,75536,7405,36358,4973,68131,6559,3213,3346
48750,75546,7405,36365,4973,68141,6559,3213,3346
48755,75552,7405,36368,4973,68147,6560,3213,3347
48760,75563,7406,36373,4973,68157,6562,3213,3349
48765,75567,7407,36377,4974,68160,6562,3213,3349
48770,75577,7408,36383,4974,68169,6563,3214,3349
48775,75583,7408,36386,4974,68175,6565,3214,3351
48780,75594,7410,36390,4976,68184,6567,3214,3353
48785,75598,7411,36393,4977,68187,6567,3214,3353
48790,75608,7413,36398,4977,68195,6567,3214,3353
48795,75614,7413,36399,4977,68201,6569,3214,3355
48800,75625,7415,36406,4978,68210,6571,3216,3355
48805,75629,7416,36407,4979,68213,6571,3216,3355
48810,75639,7418,36412,4980,68221,6571,3216,3355
48815,75645,7418,36415,4980,68227,6573,3218,3355
48820,75656,7419,36420,4981,68237,6575,3219,3356
48825,75660,7419,36421,4981,68241,6575,3219,3356
48830,75670,7421,36424,4982,68249,6575,3219,3356
48835,75676,7421,36428,4982,68254,6577,3221,3356
48840,75687,7425,36434,4985,68262,6579,3222,3357
48845,75691,7425,36436,4985,68266,6579,3222,3357
48850,75701,7426,36440,4985,68275,6580,3222,3358
48855,75707,7426,36440,4985,68281,6582,3222,3360
48860,75718,7426,36443,4985,68292,6582,3222,3360
48865,75722,7426,36447,4985,68296,6582,3222,3360
48870,75732,7427,36452,4985,68305,6582,3222,3360
48875,75738,7427,36456,4985,68310,6584,3223,3361
48880,75749,7429,36461,4987,68320,6584,3223,3361
48885,75753,7429,36464,4987,68324,6584,3223,3361
48890,75763,7430,36468,4987,68333,6584,3223,3361
48895,75769,7430,36470,4987,68339,6586,3224,3362
48900,75780,7431,36477,4988,68349,6586,3224,3362
48905,75784,7431,36480,4988,68353,6586,3224,3362
48910,75794,7431,36486,4988,68363,6586,3224,3362
48915,75800,7431,36489,4988,68369,6587,3225,3362
48920,75811,7431,36496,4988,68380,6587,3225,3362
48925,75815,7431,36498,4988,68384,6587,3225,3362
48930,75825,7431,36503,4988,68394,6587,3225,3362
48935,75831,7431,36506,4988,68400,6588,3226,3362
48940,75842,7431,36508,4988,68411,6588,3226,3362
48945,75846,7431,36509,4988,68415,6588,3226,3362
48950,75856,7432,36514,4988,68424,6588,3226,3362
48955,75862,7432,36516,4988,68429,6589,3227,3362
48960,75873,7435,36523,4991,68438,6591,3228,3363
48965,75877,7435,36524,4991,68442,6591,3228,3363
48970,75887,7437,36527,4991,68450,6591,3228,3363
48975,75893,7437,36529,4991,68456,6593,3229,3364
48980,75904,7438,36533,4991,68466,6595,3230,3365
48985,75908,7439,36535,4992,68469,6595,3230,3365
48990,75918,7441,36539,4993,68477,6595,3230,3365
48995,75924,7441,36541,4993,68482,6597,3230,3367
49000,75935,7444,36544,4996,68491,6599,3230,3369
49005,75939,7446,36547,4998,68493,6599,3230,3369
49010,75949,7448,36552,4999,68501,6599,3230,3369
49015,75955,7448,36555,4999,68506,6601,3231,3370
49020,75966,7451,36558,5001,68515,6603,3232,3371
49025,75970,7451,36560,5001,68519,6603,3232,3371
49030,75980,7453,36565,5002,68527,6603,3232,3371
49035,75986,7453,36568,5002,68533,6605,3232,3373
49040,75997,7455,36575,5004,68542,6606,3232,3374
49045,76001,7456,36578,5005,68545,6606,3232,3374
49050,76011,7458,36583,5006,68553,6606,3232,3374
49055,76017,7458,36584,5006,68559,6608,3233,3375
49060,76028,7459,36588,5006,68569,6609,3233,3376
49065,76032,7459,36589,5006,68573,6609,3233,3376
49070,76042,7461,36591,5006,68581,6610,3233,3377
49075,76048,7461,36592,5006,68587,6612,3234,3378
49080,76059,7463,36596,5007,68596,6613,3235,3378
49085,76063,7463,36597,5007,68600,6613,3235,3378
49090,76073,7465,36601,5007,68608,6613,3235,3378
49095,76079,7465,36604,5007,68614,6615,3235,3380
49100,76090,7466,36608,5008,68624,6616,3236,3380
49105,76094,7466,36610,5008,68628,6616,3236,3380
49110,76104,7468,36615,5009,68636,6616,3236,3380
49115,76110,7468,36619,5009,68642,6618,3238,3380
49120,76121,7470,36625,5010,68651,6619,3239,3380
49125,76125,7471,36628,5011,68654,6619,3239,3380
49130,76135,7473,36630,5011,68662,6619,3239,3380
49135,76141,7473,36633,5011,68668,6621,3240,3381
49140,76152,7476,36640,5014,68676,6623,3241,3382
49145,76156,7476,36642,5014,68680,6623,3241,3382
49150,76166,7477,36647,5015,68689,6623,3241,3382
49155,76172,7477,36649,5015,68694,6625,3241,3384
49160,76183,7479,36656,5017,68704,6626,3241,3385
49165,76187,7479,36658,5017,68708,6626,3241,3385
49170,76197,7480,36663,5018,68717,6626,3241,3385
49175,76203,7480,36665,5018,68723,6628,3242,3386
49180,76214,7481,36670,5019,68733,6629,3243,3386
49185,76218,7481,36670,5019,68737,6629,3243,3386
49190,76228,7482,36675,5020,68746,6630,3244,3386
49195,76234,7482,36680,5020,68751,6632,3246,3386
49200,76245,7484,36687,5022,68761,6633,3247,3386
49205,76249,7484,36689,5022,68765,6633,3247,3386
49210,76259,7484,36694,5022,68775,6633,3247,3386
49215,76265,7484,36698,5022,68781,6634,3248,3386
49220,76276,7484,36703,5022,68792,6634,3248,3386
49225,76280,7484,36705,5022,68796,6634,3248,3386
49230,76290,7484,36709,5022,68806,6634,3248,3386
49235,76296,7484,36710,5022,68812,6635,3248,3387
49240,76307,7484,36714,5022,68823,6635,3248,3387
49245,76311,7484,36715,5022,68827,6635,3248,3387
49250,76321,7485,36717,5022,68836,6635,3248,3387
49255,76327,7485,36721,5022,68841,6636,3249,3387
49260,76338,7488,36726,5024,68850,6637,3249,3388
49265,76342,7488,36728,5024,68854,6637,3249,3388
49270,76352,7489,36735,5025,68863,6637,3249,3388
49275,76358,7489,36737,5025,68869,6638,3249,3389
49280,76369,7490,36744,5025,68879,6638,3249,3389
49285,76373,7490,36747,5025,68883,6638,3249,3389
49290,76383,7491,36752,5026,68892,6638,3249,3389
49295,76389,7491,36755,5026,68898,6639,3249,3390
49300,76400,7493,36759,5028,68907,6639,3249,3390
49305,76404,7493,36761,5028,68911,6639,3249,3390
49310,76414,7495,36764,5030,68919,6640,3249,3391
49315,76420,7495,36764,5030,68925,6642,3249,3393
49320,76431,7497,36768,5031,68934,6643,3249,3394
49325,76435,7497,36769,5031,68938,6643,3249,3394
49330,76445,7499,36776,5032,68946,6644,3249,3395
49335,76451,7499,36778,5032,68952,6646,3250,3396
49340,76462,7501,36781,5033,68961,6647,3250,3397
49345,76466,7501,36783,5033,68965,6647,3250,3397
49350,76476,7503,36788,5033,68973,6648,3251,3397
49355,76482,7503,36792,5033,68979,6650,3253,3397
49360,76493,7505,36799,5034,68988,6651,3253,3398
49365,76497,7505,36800,5034,68992,6651,3253,3398
49370,76507,7507,36806,5034,69000,6652,3254,3398
49375,76513,7507,36809,5034,69005,6654,3255,3399
49380,76524,7511,36816,5038,69013,6656,3256,3400
49385,76528,7512,36819,5039,69016,6656,3256,3400
49390,76538,7514,36824,5040,69024,6657,3256,3401
49395,76544,7514,36827,5040,69030,6659,3257,3402
49400,76555,7515,36833,5040,69040,6660,3257,3403
49405,76559,7516,36834,5041,69043,6660,3257,3403
49410,76569,7518,36838,5042,69051,6661,3258,3403
49415,76575,7518,36842,5042,69056,6663,3259,3404
49420,76586,7521,36848,5044,69065,6664,3260,3404
49425,76590,7522,36851,5045,69068,6664,3260,3404
49430,76600,7524,36854,5045,69076,6665,3260,3405
49435,76606,7524,36856,5045,69081,6667,3260,3407
49440,76617,7526,36857,5046,69091,6668,3260,3408
49445,76621,7526,36859,5046,69095,6668,3260,3408
49450,76631,7528,36861,5047,69103,6668,3260,3408
49455,76637,7528,36863,5047,69109,6670,3260,3410
49460,76648,7530,36870,5049,69118,6671,3261,3410
49465,76652,7530,36871,5049,69122,6671,3261,3410
49470,76662,7532,36878,5051,69130,6671,3261,3410
49475,76668,7532,36881,5051,69136,6673,3263,3410
49480,76679,7534,36884,5053,69145,6674,3264,3410
49485,76683,7534,36888,5053,69149,6674,3264,3410
49490,76693,7536,36894,5053,69157,6674,3264,3410
49495,76699,7536,36896,5053,69163,6676,3264,3412
49500,76710,7538,36900,5055,69172,6678,3264,3414
49505,76714,7539,36902,5056,69175,6678,3264,3414
49510,76724,7540,36906,5056,69184,6678,3264,3414
49515,76730,7540,36910,5056,69190,6679,3265,3414
49520,76741,7541,36916,5057,69200,6681,3265,3416
49525,76745,7542,36919,5058,69203,6681,3265,3416
49530,76755,7543,36924,5058,69212,6681,3265,3416
49535,76761,7543,36927,5058,69218,6682,3266,3416
49540,76772,7543,36931,5058,69229,6684,3266,3418
49545,76776,7544,36934,5059,69232,6684,3266,3418
49550,76786,7545,36938,5059,69241,6684,3266,3418
49555,76792,7545,36943,5059,69246,6685,3267,3418
49560,76803,7549,36951,5063,69254,6687,3268,3419
49565,76807,7550,36953,5064,69257,6687,3268,3419
49570,76817,7551,36959,5064,69266,6688,3268,3420
49575,76823,7551,36963,5064,69271,6689,3269,3420
49580,76834,7553,36967,5065,69281,6690,3269,3421
49585,76838,7554,36970,5066,69284,6690,3269,3421
49590,76848,7555,36975,5066,69293,6691,3270,3421
49595,76854,7555,36980,5066,69298,6692,3271,3421
49600,76865,7557,36986,5067,69308,6693,3272,3421
49605,76869,7557,36986,5067,69312,6693,3272,3421
49610,76879,7558,36993,5068,69321,6694,3272,3422
49615,76885,7558,36996,5068,69327,6695,3273,3422
49620,76896,7559,37001,5069,69337,6696,3274,3422
49625,76900,7559,37003,5069,69341,6696,3274,3422
49630,76910,7560,37009,5070,69350,6696,3274,3422
49635,76916,7560,37011,5070,69356,6697,3274,3423
49640,76927,7561,37012,5070,69366,6697,3274,3423
49645,76931,7561,37015,5070,69370,6697,3274,3423
49650,76941,7562,37020,5070,69379,6697,3274,3423
49655,76947,7562,37024,5070,69384,6698,3275,3423
49660,76958,7564,37029,5072,69394,6698,3275,3423
49665,76962,7564,37031,5072,69398,6698,3275,3423
49670,76972,7565,37035,5072,69407,6698,3275,3423
49675,76978,7565,37037,5072,69413,6699,3276,3423
49680,76989,7567,37043,5073,69422,6700,3277,3423
49685,76993,7567,37047,5073,69426,6700,3277,3423
49690,77003,7568,37050,5073,69435,6700,3277,3423
49695,77009,7568,37052,5073,69441,6701,3278,3423
49700,77020,7570,37058,5075,69450,6701,3278,3423
49705,77024,7570,37060,5075,69454,6701,3278,3423
49710,77034,7571,37066,5075,69463,6701,3278,3423
49715,77040,7571,37068,5075,69469,6702,3278,3424
49720,77051,7572,37073,5076,69479,6702,3278,3424
49725,77055,7572,37073,5076,69483,6702,3278,3424
49730,77065,7573,37076,5077,69492,6703,3278,3425
49735,77071,7573,37077,5077,69498,6705,3279,3426
49740,77082,7574,37083,5078,69508,6706,3280,3426
49745,77086,7574,37084,5078,69512,6706,3280,3426
49750,77096,7575,37090,5079,69521,6707,3281,3426
49755,77102,7575,37094,5079,69527,6709,3281,3428
49760,77113,7576,37099,5079,69537,6710,3281,3429
49765,77117,7576,37101,5079,69541,6710,3281,3429
49770,77127,7577,37106,5079,69550,6711,3282,3429
49775,77133,7577,37108,5079,69556,6713,3282,3431
49780,77144,7578,37113,5079,69566,6714,3282,3432
49785,77148,7578,37115,5079,69570,6714,3282,3432
49790,77158,7580,37120,5079,69578,6715,3283,3432
49795,77164,7580,37122,5079,69584,6717,3283,3434
49800,77175,7583,37128,5082,69592,6719,3283,3436
49805,77179,7584,37132,5083,69595,6719,3283,3436
49810,77189,7586,37135,5084,69603,6719,3283,3436
49815,77195,7586,37137,5084,69608,6720,3284,3436
49820,77206,7588,37141,5086,69618,6722,3285,3437
49825,77210,7589,37143,5087,69621,6722,3285,3437
49830,77220,7591,37145,5087,69629,6722,3285,3437
49835,77226,7591,37146,5087,69635,6723,3286,3437
49840,77237,7592,37151,5088,69645,6725,3287,3438
49845,77241,7592,37152,5088,69649,6725,3287,3438
49850,77251,7594,37157,5089,69657,6725,3287,3438
49855,77257,7594,37158,5089,69663,6726,3287,3439
49860,77268,7594,37161,5089,69674,6728,3287,3441
49865,77272,7594,37162,5089,69678,6728,3287,3441
49870,77282,7595,37166,5089,69687,6728,3287,3441
49875,77288,7595,37169,5089,69693,6729,3288,3441
49880,77299,7595,37173,5089,69704,6730,3288,3442
49885,77303,7595,37173,5089,69708,6730,3288,3442
49890,77313,7596,37179,5089,69717,6730,3288,3442
49895,77319,7596,37182,5089,69723,6731,3288,3443
49900,77330,7596,37190,5089,69734,6731,3288,3443
49905,77334,7596,37191,5089,69738,6731,3288,3443
49910,77344,7597,37196,5089,69747,6732,3289,3443
49915,77350,7597,37198,5089,69753,6734,3290,3444
49920,77361,7599,37203,5090,69762,6734,3290,3444
49925,77365,7601,37206,5092,69764,6734,3290,3444
49930,77375,7603,37209,5093,69772,6735,3290,3445
49935,77381,7603,37213,5093,69778,6736,3291,3445
49940,77392,7605,37215,5094,69787,6737,3291,3446
49945,77396,7606,37218,5095,69790,6737,3291,3446
49950,77406,7608,37223,5095,69798,6738,3291,3447
49955,77412,7608,37228,5095,69803,6739,3292,3447
49960,77423,7611,37234,5097,69812,6740,3293,3447
49965,77427,7612,37236,5098,69815,6740,3293,3447
49970,77437,7614,37241,5099,69823,6741,3293,3448
49975,77443,7614,37243,5099,69829,6742,3293,3449
49980,77454,7617,37248,5101,69837,6743,3293,3450
49985,77458,7617,37250,5101,69841,6743,3293,3450
49990,77468,7618,37257,5102,69850,6744,3294,3450
49995,77474,7618,37258,5102,69856,6745,3294,3451
50000,77485,7619,37263,5103,69866,6747,3295,3452
50005,77489,7619,37264,5103,69870,6747,3295,3452
50010,77499,7620,37265,5103,69879,6748,3295,3453
50015,77505,7620,37269,5103,69884,6749,3296,3453
50020,77516,7621,37271,5104,69895,6750,3296,3454
50025,77520,7621,37273,5104,69899,6750,3296,3454
50030,77530,7622,37279,5105,69908,6750,3296,3454
50035,77536,7622,37285,5105,69914,6751,3297,3454
50040,77547,7623,37294,5106,69924,6752,3297,3455
50045,77551,7623,37296,5106,69928,6752,3297,3455
50050,77561,7624,37300,5107,69937,6752,3297,3455
50055,77567,7624,37303,5107,69943,6753,3298,3455
50060,77578,7624,37309,5107,69954,6754,3298,3456
50065,77582,7624,37311,5107,69958,6754,3298,3456
50070,77592,7625,37316,5108,69967,6754,3298,3456
50075,77598,7625,37318,5108,69973,6755,3298,3457
50080,77609,7625,37327,5108,69984,6756,3299,3457
50085,77613,7625,37331,5108,69988,6756,3299,3457
50090,77623,7627,37339,5109,69996,6756,3299,3457
50095,77629,7627,37341,5109,70002,6758,3299,3459
50100,77640,7629,37350,5111,70011,6759,3300,3459
50105,77644,7631,37354,5113,70013,6759,3300,3459
50110,77654,7633,37359,5115,70021,6760,3301,3459
50115,77660,7633,37362,5115,70027,6762,3302,3460
50120,77671,7634,37367,5115,70037,6762,3302,3460
50125,77675,7634,37367,5115,70041,6762,3302,3460
50130,77685,7636,37371,5116,70049,6763,3303,3460
50135,77691,7636,37375,5116,70054,6765,3305,3460
50140,77702,7638,37381,5118,70064,6766,3306,3460
50145,77706,7639,37382,5119,70067,6766,3306,3460
50150,77716,7641,37388,5120,70075,6767,3307,3460
50155,77722,7641,37392,5120,70080,6769,3308,3461
50160,77733,7643,37395,5121,70090,6770,3308,3462
50165,77737,7643,37399,5121,70094,6770,3308,3462
50170,77747,7644,37404,5121,70103,6770,3308,3462
50175,77753,7644,37410,5121,70109,6772,3310,3462
50180,77764,7645,37414,5122,70119,6772,3310,3462
50185,77768,7645,37417,5122,70123,6772,3310,3462
50190,77778,7646,37423,5122,70132,6772,3310,3462
50195,77784,7646,37427,5122,70138,6774,3311,3463
50200,77795,7647,37436,5122,70148,6774,3311,3463
50205,77799,7647,37439,5122,70152,6774,3311,3463
50210,77809,7648,37443,5122,70161,6774,3311,3463
50215,77815,7648,37445,5122,70167,6776,3312,3464
50220,77826,7650,37449,5123,70176,6776,3312,3464
50225,77830,7650,37450,5123,70180,6776,3312,3464
50230,77840,7652,37457,5124,70188,6776,3312,3464
50235,77846,7652,37461,5124,70193,6778,3313,3465
50240,77857,7655,37463,5126,70202,6778,3313,3465
50245,77861,7655,37463,5126,70206,6778,3313,3465
50250,77871,7657,37468,5127,70214,6778,3313,3465
50255,77877,7657,37471,5127,70220,6780,3315,3465
50260,77888,7659,37475,5128,70229,6781,3315,3466
50265,77892,7659,37476,5128,70233,6781,3315,3466
50270,77902,7661,37477,5128,70241,6781,3315,3466
50275,77908,7661,37480,5128,70246,6783,3316,3467
50280,77919,7663,37485,5129,70256,6785,3317,3468
50285,77923,7664,37487,5130,70259,6785,3317,3468
50290,77933,7666,37488,5131,70267,6785,3317,3468
50295,77939,7666,37489,5131,70273,6787,3318,3469
50300,77950,7667,37492,5132,70283,6789,3318,3471
50305,77954,7668,37493,5133,70286,6789,3318,3471
50310,77964,7670,37500,5135,70294,6789,3318,3471
50315,77970,7670,37502,5135,70300,6791,3319,3472
50320,77981,7672,37506,5137,70309,6793,3320,3473
50325,77985,7672,37506,5137,70313,6793,3320,3473
50330,77995,7674,37511,5138,70321,6793,3320,3473
50335,78001,7674,37514,5138,70327,6795,3321,3474
50340,78012,7676,37519,5140,70336,6797,3321,3476
50345,78016,7677,37521,5141,70339,6797,3321,3476
50350,78026,7679,37526,5142,70347,6798,3321,3477
50355,78032,7679,37528,5142,70353,6799,3321,3478
50360,78043,7681,37533,5143,70362,6800,3321,3479
50365,78047,7682,37535,5144,70365,6800,3321,3479
50370,78057,7684,37539,5145,70373,6801,3321,3480
50375,78063,7684,37541,5145,70379,6802,3321,3481
50380,78074,7686,37546,5146,70388,6803,3321,3482
50385,78078,7686,37547,5146,70392,6803,3321,3482
50390,78088,7688,37549,5147,70400,6804,3321,3483
50395,78094,7688,37554,5147,70405,6805,3322,3483
50400,78105,7691,37559,5150,70414,6806,3322,3484
50405,78109,7691,37560,5150,70418,6806,3322,3484
50410,78119,7692,37567,5151,70427,6806,3322,3484
50415,78125,7692,37568,5151,70433,6807,3322,3485
50420,78136,7692,37571,5151,70444,6808,3322,3486
50425,78140,7692,37575,5151,70448,6808,3322,3486
50430,78150,7693,37579,5151,70457,6808,3322,3486
50435,78156,7693,37583,5151,70462,6809,3323,3486
50440,78167,7694,37587,5152,70473,6810,3324,3486
50445,78171,7694,37589,5152,70477,6810,3324,3486
50450,78181,7695,37596,5153,70486,6810,3324,3486
50455,78187,7695,37601,5153,70491,6812,3326,3486
50460,78198,7696,37606,5154,70502,6813,3326,3487
50465,78202,7696,37608,5154,70506,6813,3326,3487
50470,78212,7697,37611,5155,70515,6814,3326,3488
50475,78218,7697,37614,5155,70521,6815,3327,3488
50480,78229,7698,37620,5156,70531,6816,3328,3488
50485,78233,7699,37623,5157,70534,6816,3328,3488
50490,78243,7700,37629,5158,70543,6817,3329,3488
50495,78249,7700,37634,5158,70549,6818,3330,3488
50500,78260,7701,37640,5159,70559,6819,3331,3488
50505,78264,7702,37642,5160,70562,6819,3331,3488
50510,78274,7704,37646,5161,70570,6820,3331,3489
50515,78280,7704,37647,5161,70576,6821,3331,3490
50520,78291,7705,37649,5161,70586,6822,3331,3491
50525,78295,7705,37651,5161,70590,6822,3331,3491
50530,78305,7706,37656,5161,70599,6823,3332,3491
50535,78311,7706,37659,5161,70605,6824,3332,3492
50540,78322,7708,37668,5163,70614,6826,3334,3492
50545,78326,7708,37672,5163,70618,6826,3334,3492
50550,78336,7709,37679,5163,70627,6827,3335,3492
50555,78342,7709,37682,5163,70633,6828,3336,3492
50560,78353,7710,37689,5163,70643,6830,3338,3492
50565,78357,7710,37692,5163,70647,6830,3338,3492
50570,78367,7711,37698,5164,70656,6831,3339,3492
50575,78373,7711,37702,5164,70661,6833,3340,3493
50580,78384,7714,37707,5166,70670,6835,3340,3495
50585,78388,7716,37709,5168,70672,6835,3340,3495
50590,78398,7718,37715,5170,70680,6835,3340,3495
50595,78404,7718,37716,5170,70686,6837,3341,3496
50600,78415,7719,37719,5170,70696,6839,3342,3497
50605,78419,7719,37719,5170,70700,6839,3342,3497
50610,78429,7721,37724,5171,70708,6839,3342,3497
50615,78435,7721,37727,5171,70714,6841,3343,3498
50620,78446,7722,37731,5171,70724,6843,3344,3499
50625,78450,7723,37732,5172,70727,6843,3344,3499
50630,78460,7725,37737,5172,70735,6843,3344,3499
50635,78466,7725,37739,5172,70741,6845,3344,3501
50640,78477,7727,37743,5173,70750,6847,3346,3501
50645,78481,7729,37746,5175,70752,6847,3346,3501
50650,78491,7731,37749,5176,70760,6847,3346,3501
50655,78497,7731,37753,5176,70766,6849,3347,3502
50660,78508,7732,37759,5176,70776,6851,3348,3503
50665,78512,7732,37761,5176,70780,6851,3348,3503
50670,78522,7734,37765,5177,70788,6851,3348,3503
50675,78528,7734,37767,5177,70793,6853,3348,3505
50680,78539,7736,37770,5178,70803,6855,3348,3507
50685,78543,7737,37772,5179,70806,6855,3348,3507
50690,78553,7739,37776,5180,70814,6855,3348,3507
50695,78559,7739,37778,5180,70820,6857,3349,3508
50700,78570,7742,37783,5182,70828,6859,3350,3509
50705,78574,7742,37784,5182,70832,6859,3350,3509
50710,78584,7744,37789,5184,70840,6860,3351,3509
50715,78590,7744,37791,5184,70846,6861,3351,3510
50720,78601,7744,37795,5184,70857,6862,3352,3510
50725,78605,7744,37797,5184,70861,6862,3352,3510
50730,78615,7746,37803,5185,70869,6863,3353,3510
50735,78621,7746,37806,5185,70875,6864,3354,3510
50740,78632,7746,37811,5185,70886,6865,3355,3510
50745,78636,7746,37814,5185,70890,6865,3355,3510
50750,78646,7748,37819,5187,70898,6866,3355,3511
50755,78652,7748,37821,5187,70904,6867,3356,3511
50760,78663,7748,37826,5187,70915,6868,3356,3512
50765,78667,7748,37828,5187,70919,6868,3356,3512
50770,78677,7750,37834,5189,70927,6868,3356,3512
50775,78683,7750,37837,5189,70933,6869,3357,3512
50780,78694,7751,37840,5190,70943,6869,3357,3512
50785,78698,7751,37842,5190,70947,6869,3357,3512
50790,78708,7753,37845,5190,70955,6869,3357,3512
50795,78714,7753,37847,5190,70961,6870,3357,3513
50800,78725,7753,37851,5190,70972,6870,3357,3513
50805,78729,7753,37853,5190,70976,6870,3357,3513
50810,78739,7755,37857,5191,70984,6870,3357,3513
50815,78745,7755,37860,5191,70990,6871,3358,3513
50820,78756,7758,37867,5193,70998,6872,3359,3513
50825,78760,7758,37870,5193,71002,6872,3359,3513
50830,78770,7759,37876,5194,71011,6872,3359,3513
50835,78776,7759,37878,5194,71017,6874,3359,3515
50840,78787,7760,37885,5195,71027,6875,3360,3515
50845,78791,7761,37888,5196,71030,6875,3360,3515
50850,78801,7762,37893,5196,71039,6875,3360,3515
50855,78807,7762,37896,5196,71044,6877,3361,3516
50860,78818,7765,37902,5198,71053,6878,3361,3517
50865,78822,7766,37905,5199,71056,6878,3361,3517
50870,78832,7767,37908,5199,71065,6879,3362,3517
50875,78838,7767,37910,5199,71071,6881,3363,3518
50880,78849,7768,37915,5200,71081,6883,3363,3520
50885,78853,7768,37916,5200,71085,6883,3363,3520
50890,78863,7769,37920,5201,71094,6884,3363,3521
50895,78869,7769,37921,5201,71100,6885,3363,3522
50900,78880,7769,37926,5201,71111,6885,3363,3522
50905,78884,7769,37928,5201,71115,6885,3363,3522
50910,78894,7770,37934,5201,71124,6886,3364,3522
50915,78900,7770,37938,5201,71129,6887,3364,3523
50920,78911,7771,37943,5202,71140,6887,3364,3523
50925,78915,7771,37945,5202,71144,6887,3364,3523
50930,78925,7773,37948,5202,71152,6888,3364,3524
50935,78931,7773,37949,5202,71157,6889,3364,3525
50940,78942,7774,37953,5203,71168,6890,3364,3526
50945,78946,7774,37955,5203,71172,6890,3364,3526
50950,78956,7776,37960,5204,71180,6890,3364,3526
50955,78962,7776,37965,5204,71186,6891,3365,3526
50960,78973,7777,37971,5204,71196,6891,3365,3526
50965,78977,7778,37974,5205,71199,6891,3365,3526
50970,78987,7780,37979,5206,71207,6891,3365,3526
50975,78993,7780,37983,5206,71213,6892,3366,3526
50980,79004,7782,37990,5207,71222,6892,3366,3526
50985,79008,7783,37993,5208,71225,6892,3366,3526
50990,79018,7785,37999,5208,71233,6892,3366,3526
50995,79024,7785,38001,5208,71239,6894,3366,3528
51000,79035,7786,38006,5208,71249,6895,3366,3529
51005,79039,7786,38008,5208,71253,6895,3366,3529
51010,79049,7787,38011,5209,71262,6895,3366,3529
51015,79055,7787,38016,5209,71268,6897,3368,3529
51020,79066,7789,38020,5210,71277,6899,3368,3531
51025,79070,7790,38022,5211,71280,6899,3368,3531
51030,79080,7791,38027,5211,71289,6899,3368,3531
51035,79086,7791,38032,5211,71295,6901,3369,3532
51040,79097,7793,38036,5212,71304,6902,3369,3533
51045,79101,7793,38036,5212,71308,6902,3369,3533
51050,79111,7794,38044,5213,71317,6902,3369,3533
51055,79117,7794,38047,5213,71323,6904,3369,3535
51060,79128,7796,38051,5214,71332,6905,3369,3536
51065,79132,7797,38055,5215,71335,6905,3369,3536
51070,79142,7799,38059,5215,71343,6905,3369,3536
51075,79148,7799,38062,5215,71349,6907,3371,3536
51080,79159,7800,38065,5216,71359,6908,3372,3536
51085,79163,7800,38067,5216,71363,6908,3372,3536
51090,79173,7802,38073,5218,71371,6908,3372,3536
51095,79179,7802,38077,5218,71376,6910,3373,3537
51100,79190,7804,38082,5220,71386,6911,3373,3538
51105,79194,7805,38086,5221,71389,6911,3373,3538
51110,79204,7807,38091,5222,71397,6912,3373,3539
51115,79210,7807,38094,5222,71402,6914,3373,3541
51120,79221,7808,38097,5223,71413,6915,3373,3542
51125,79225,7808,38099,5223,71417,6915,3373,3542
51130,79235,7808,38105,5223,71427,6915,3373,3542
51135,79241,7808,38108,5223,71433,6916,3374,3542
51140,79252,7808,38110,5223,71444,6916,3374,3542
51145,79256,7808,38113,5223,71448,6916,3374,3542
51150,79266,7808,38119,5223,71458,6916,3374,3542
51155,79272,7808,38122,5223,71464,6917,3374,3543
51160,79283,7808,38126,5223,71475,6917,3374,3543
51165,79287,7808,38129,5223,71479,6917,3374,3543
51170,79297,7808,38134,5223,71489,6917,3374,3543
51175,79303,7808,38134,5223,71495,6918,3374,3544
51180,79314,7808,38141,5223,71506,6918,3374,3544
51185,79318,7808,38142,5223,71510,6918,3374,3544
51190,79328,7808,38145,5223,71520,6919,3375,3544
51195,79334,7808,38148,5223,71526,6920,3375,3545
51200,79345,7808,38152,5223,71537,6920,3375,3545
51205,79349,7808,38154,5223,71541,6920,3375,3545
51210,79359,7808,38161,5223,71551,6921,3376,3545
51215,79365,7808,38163,5223,71557,6922,3376,3546
51220,79376,7808,38169,5223,71568,6922,3376,3546
51225,79380,7808,38173,5223,71572,6922,3376,3546
51230,79390,7810,38179,5225,71580,6922,3376,3546
51235,79396,7810,38183,5225,71586,6923,3377,3546
51240,79407,7811,38186,5225,71596,6925,3378,3547
51245,79411,7812,38188,5226,71599,6925,3378,3547
51250,79421,7814,38192,5227,71607,6925,3378,3547
51255,79427,7814,38197,5227,71613,6927,3380,3547
51260,79438,7816,38202,5228,71622,6928,3381,3547
51265,79442,7817,38205,5229,71625,6928,3381,3547
51270,79452,7819,38210,5230,71633,6928,3381,3547
51275,79458,7819,38212,5230,71639,6930,3382,3548
51280,79469,7820,38216,5230,71649,6931,3383,3548
51285,79473,7820,38219,5230,71653,6931,3383,3548
51290,79483,7822,38223,5231,71661,6931,3383,3548
51295,79489,7822,38226,5231,71667,6933,3384,3549
51300,79500,7823,38231,5232,71677,6934,3385,3549
51305,79504,7823,38232,5232,71681,6934,3385,3549
51310,79514,7825,38237,5233,71689,6934,3385,3549
51315,79520,7825,38239,5233,71695,6936,3386,3550
51320,79531,7827,38242,5235,71704,6937,3386,3551
51325,79535,7827,38243,5235,71708,6937,3386,3551
51330,79545,7829,38248,5235,71716,6937,3386,3551
51335,79551,7829,38252,5235,71722,6939,3387,3552
51340,79562,7831,38259,5236,71731,6940,3388,3552
51345,79566,7831,38259,5236,71735,6940,3388,3552
51350,79576,7833,38262,5237,71743,6940,3388,3552
51355,79582,7833,38266,5237,71748,6942,3389,3553
51360,79593,7835,38270,5239,71758,6943,3389,3554
51365,79597,7835,38271,5239,71762,6943,3389,3554
51370,79607,7837,38276,5240,71770,6943,3389,3554
51375,79613,7837,38276,5240,71776,6944,3389,3555
51380,79624,7838,38283,5241,71786,6946,3390,3556
51385,79628,7838,38284,5241,71790,6946,3390,3556
51390,79638,7840,38288,5242,71798,6946,3390,3556
51395,79644,7840,38290,5242,71804,6947,3391,3556
51400,79655,7842,38298,5244,71813,6949,3392,3557
51405,79659,7842,38300,5244,71817,6949,3392,3557
51410,79669,7844,38305,5245,71825,6949,3392,3557
51415,79675,7844,38308,5245,71830,6950,3393,3557
51420,79686,7846,38312,5247,71840,6952,3393,3559
51425,79690,7846,38314,5247,71844,6952,3393,3559
51430,79700,7846,38318,5247,71854,6953,3393,3560
51435,79706,7846,38319,5247,71860,6954,3393,3561
51440,79717,7846,38326,5247,71871,6955,3393,3562
51445,79721,7846,38327,5247,71875,6955,3393,3562
51450,79731,7846,38333,5247,71885,6956,3394,3562
51455,79737,7846,38336,5247,71891,6957,3395,3562
51460,79748,7846,38341,5247,71902,6957,3395,3562
51465,79752,7846,38344,5247,71906,6957,3395,3562
51470,79762,7846,38352,5247,71916,6958,3396,3562
51475,79768,7846,38356,5247,71922,6959,3397,3562
51480,79779,7849,38362,5249,71930,6959,3397,3562
51485,79783,7849,38365,5249,71934,6959,3397,3562
51490,79793,7850,38372,5249,71943,6959,3397,3562
51495,79799,7850,38375,5249,71948,6960,3398,3562
51500,79810,7853,38382,5251,71957,6960,3398,3562
51505,79814,7853,38383,5251,71961,6960,3398,3562
51510,79824,7854,38387,5251,71970,6960,3398,3562
51515,79830,7854,38389,5251,71976,6961,3399,3562
51520,79841,7855,38392,5252,71986,6961,3399,3562
51525,79845,7855,38394,5252,71990,6961,3399,3562
51530,79855,7857,38398,5254,71998,6961,3399,3562
51535,79861,7857,38400,5254,72004,6963,3400,3563
51540,79872,7859,38405,5255,72013,6963,3400,3563
51545,79876,7860,38407,5256,72016,6963,3400,3563
51550,79886,7861,38412,5256,72025,6963,3400,3563
51555,79892,7861,38416,5256,72031,6964,3401,3563
51560,79903,7862,38419,5256,72041,6964,3401,3563
51565,79907,7863,38421,5257,72044,6964,3401,3563
51570,79917,7864,38425,5257,72053,6964,3401,3563
51575,79923,7864,38428,5257,72059,6965,3401,3564
51580,79934,7866,38434,5259,72068,6966,3401,3565
51585,79938,7866,38437,5259,72072,6966,3401,3565
51590,79948,7867,38441,5259,72081,6966,3401,3565
51595,79954,7867,38443,5259,72087,6967,3402,3565
51600,79965,7868,38447,5260,72097,6968,3402,3566
51605,79969,7868,38449,5260,72101,6968,3402,3566
51610,79979,7870,38452,5261,72109,6968,3402,3566
51615,79985,7870,38455,5261,72115,6970,3403,3567
51620,79996,7872,38460,5263,72124,6971,3403,3568
51625,80000,7872,38462,5263,72128,6971,3403,3568
51630,80010,7874,38467,5263,72136,6971,3403,3568
51635,80016,7874,38470,5263,72142,6973,3405,3568
51640,80027,7875,38476,5264,72152,6974,3405,3569
51645,80031,7875,38477,5264,72156,6974,3405,3569
51650,80041,7877,38481,5266,72164,6974,3405,3569
51655,80047,7877,38482,5266,72170,6976,3406,3570
51660,80058,7878,38487,5267,72180,6977,3407,3570
51665,80062,7879,38488,5268,72183,6977,3407,3570
51670,80072,7881,38492,5268,72191,6977,3407,3570
51675,80078,7881,38496,5268,72196,6978,3407,3571
51680,80089,7884,38502,5271,72205,6980,3407,3573
51685,80093,7884,38502,5271,72209,6980,3407,3573
51690,80103,7886,38510,5272,72217,6980,3407,3573
51695,80109,7886,38512,5272,72222,6981,3408,3573
51700,80120,7888,38516,5273,72232,6983,3408,3575
51705,80124,7888,38516,5273,72236,6983,3408,3575
51710,80134,7890,38521,5274,72244,6983,3408,3575
51715,80140,7890,38525,5274,72249,6984,3409,3575
51720,80151,7893,38529,5276,72258,6986,3410,3576
51725,80155,7893,38531,5276,72262,6986,3410,3576
51730,80165,7893,38536,5276,72272,6987,3410,3577
51735,80171,7893,38540,5276,72278,6988,3411,3577
51740,80182,7893,38545,5276,72289,6989,3412,3577
51745,80186,7893,38548,5276,72293,6989,3412,3577
51750,80196,7893,38552,5276,72303,6990,3412,3578
51755,80202,7893,38555,5276,72309,6991,3413,3578
51760,80213,7893,38561,5276,72320,6991,3413,3578
51765,80217,7893,38565,5276,72324,6991,3413,3578
51770,80227,7893,38568,5276,72334,6992,3414,3578
51775,80233,7893,38572,5276,72340,6993,3415,3578
51780,80244,7893,38579,5276,72351,6993,3415,3578
51785,80248,7893,38580,5276,72355,6993,3415,3578
51790,80258,7893,38584,5276,72365,6994,3416,3578
51795,80264,7893,38589,5276,72371,6995,3417,3578
51800,80275,7893,38596,5276,72382,6995,3417,3578
51805,80279,7893,38598,5276,72386,6995,3417,3578
51810,80289,7893,38602,5276,72396,6996,3417,3579
51815,80295,7893,38603,5276,72402,6997,3417,3580
51820,80306,7893,38610,5276,72413,6997,3417,3580
51825,80310,7893,38612,5276,72417,6997,3417,3580
51830,80320,7895,38619,5278,72425,6997,3417,3580
51835,80326,7895,38621,5278,72431,6998,3418,3580
51840,80337,7896,38627,5279,72441,6999,3419,3580
51845,80341,7897,38628,5280,72444,6999,3419,3580
51850,80351,7899,38631,5280,72452,6999,3419,3580
51855,80357,7899,38635,5280,72458,7000,3420,3580
51860,80368,7901,38641,5282,72467,7002,3421,3581
51865,80372,7903,38644,5284,72469,7002,3421,3581
51870,80382,7905,38648,5285,72477,7002,3421,3581
51875,80388,7905,38652,5285,72483,7003,3422,3581
51880,80399,7906,38658,5285,72493,7005,3422,3583
51885,80403,7907,38660,5286,72496,7005,3422,3583
51890,80413,7909,38667,5288,72504,7005,3422,3583
51895,80419,7909,38669,5288,72510,7006,3422,3584
51900,80430,7910,38671,5288,72520,7007,3422,3585
51905,80434,7910,38674,5288,72524,7007,3422,3585
51910,80444,7912,38679,5288,72532,7007,3422,3585
51915,80450,7912,38682,5288,72538,7008,3422,3586
51920,80461,7914,38688,5290,72547,7009,3422,3587
51925,80465,7914,38690,5290,72551,7009,3422,3587
51930,80475,7916,38695,5292,72559,7009,3422,3587
51935,80481,7916,38698,5292,72565,7010,3423,3587
51940,80492,7916,38701,5292,72576,7011,3424,3587
51945,80496,7916,38703,5292,72580,7011,3424,3587
51950,80506,7918,38712,5294,72588,7012,3424,3588
51955,80512,7918,38714,5294,72594,7014,3425,3589
51960,80523,7918,38717,5294,72605,7015,3425,3590
51965,80527,7918,38718,5294,72609,7015,3425,3590
51970,80537,7920,38724,5296,72617,7015,3425,3590
51975,80543,7920,38726,5296,72622,7016,3425,3591
51980,80554,7923,38730,5298,72631,7016,3425,3591
51985,80558,7923,38732,5298,72635,7016,3425,3591
51990,80568,7925,38737,5298,72643,7016,3425,3591
51995,80574,7925,38741,5298,72648,7017,3426,3591
52000,80585,7928,38743,5301,72657,7018,3426,3592
52005,80589,7928,38745,5301,72661,7018,3426,3592
52010,80599,7930,38750,5301,72669,7018,3426,3592
52015,80605,7930,38754,5301,72674,7019,3427,3592
52020,80616,7932,38758,5303,72684,7020,3427,3593
52025,80620,7933,38759,5304,72687,7020,3427,3593
52030,80630,7935,38761,5304,72695,7020,3427,3593
52035,80636,7935,38764,5304,72701,7021,3428,3593
52040,80647,7936,38770,5305,72711,7022,3429,3593
52045,80651,7936,38772,5305,72715,7022,3429,3593
52050,80661,7938,38778,5307,72723,7022,3429,3593
52055,80667,7938,38781,5307,72729,7023,3430,3593
52060,80678,7939,38787,5308,72739,7024,3431,3593
52065,80682,7939,38790,5308,72743,7024,3431,3593
52070,80692,7941,38795,5309,72751,7025,3431,3594
52075,80698,7941,38799,5309,72757,7027,3432,3595
52080,80709,7941,38805,5309,72768,7029,3434,3595
52085,80713,7942,38806,5310,72771,7029,3434,3595
52090,80723,7944,38810,5311,72779,7029,3434,3595
52095,80729,7944,38813,5311,72785,7031,3435,3596
52100,80740,7946,38819,5312,72794,7032,3436,3596
52105,80744,7946,38821,5312,72798,7032,3436,3596
52110,80754,7948,38828,5314,72806,7032,3436,3596
52115,80760,7948,38831,5314,72812,7034,3437,3597
52120,80771,7949,38835,5314,72822,7035,3438,3597
52125,80775,7950,38837,5315,72825,7035,3438,3597
52130,80785,7952,38842,5315,72833,7035,3438,3597
52135,80791,7952,38847,5315,72838,7037,3440,3597
52140,80802,7954,38854,5317,72848,7039,3441,3598
52145,80806,7954,38855,5317,72852,7039,3441,3598
52150,80816,7955,38858,5317,72861,7039,3441,3598
52155,80822,7955,38861,5317,72866,7041,3442,3599
52160,80833,7956,38867,5318,72877,7043,3443,3600
52165,80837,7956,38870,5318,72881,7043,3443,3600
52170,80847,7957,38877,5319,72890,7043,3443,3600
52175,80853,7957,38880,5319,72896,7045,3445,3600
52180,80864,7957,38885,5319,72907,7046,3445,3601
52185,80868,7957,38887,5319,72911,7046,3445,3601
52190,80878,7958,38890,5319,72920,7047,3445,3602
52195,80884,7958,38892,5319,72926,7049,3446,3603
52200,80895,7959,38899,5320,72936,7050,3447,3603
52205,80899,7959,38900,5320,72940,7050,3447,3603
52210,80909,7960,38906,5321,72949,7050,3447,3603
52215,80915,7960,38912,5321,72955,7051,3448,3603
52220,80926,7960,38917,5321,72966,7053,3448,3605
52225,80930,7960,38919,5321,72970,7053,3448,3605
52230,80940,7961,38925,5321,72979,7053,3448,3605
52235,80946,7961,38927,5321,72985,7054,3448,3606
52240,80957,7961,38934,5321,72996,7056,3449,3607
52245,80961,7962,38936,5322,72999,7056,3449,3607
52250,80971,7964,38943,5324,73007,7056,3449,3607
52255,80977,7964,38945,5324,73013,7057,3449,3608
52260,80988,7965,38949,5325,73023,7059,3450,3609
52265,80992,7965,38950,5325,73027,7059,3450,3609
52270,81002,7966,38954,5326,73036,7060,3451,3609
52275,81008,7966,38958,5326,73041,7061,3452,3609
52280,81019,7968,38963,5327,73051,7061,3452,3609
52285,81023,7968,38965,5327,73055,7061,3452,3609
52290,81033,7969,38970,5327,73064,7062,3452,3610
52295,81039,7969,38973,5327,73070,7063,3452,3611
52300,81050,7970,38978,5328,73080,7063,3452,3611
52305,81054,7970,38981,5328,73084,7063,3452,3611
52310,81064,7971,38986,5328,73093,7064,3452,3612
52315,81070,7971,38990,5328,73099,7065,3453,3612
52320,81081,7972,38993,5328,73109,7065,3453,3612
52325,81085,7972,38994,5328,73113,7065,3453,3612
52330,81095,7973,38997,5328,73122,7066,3453,3613
52335,81101,7973,39001,5328,73128,7067,3454,3613
52340,81112,7974,39001,5328,73138,7068,3454,3614
52345,81116,7974,39004,5328,73142,7068,3454,3614
52350,81126,7975,39011,5328,73151,7069,3454,3615
52355,81132,7975,39013,5328,73156,7070,3455,3615
52360,81143,7977,39020,5329,73166,7071,3455,3616
52365,81147,7977,39021,5329,73170,7071,3455,3616
52370,81157,7979,39027,5330,73178,7072,3456,3616
52375,81163,7979,39028,5330,73184,7074,3456,3618
52380,81174,7981,39033,5332,73193,7076,3458,3618
52385,81178,7982,39035,5333,73196,7076,3458,3618
52390,81188,7984,39039,5334,73204,7076,3458,3618
52395,81194,7984,39044,5334,73210,7078,3460,3618
52400,81205,7987,39049,5336,73218,7079,3461,3618
52405,81209,7987,39050,5336,73222,7079,3461,3618
52410,81219,7989,39056,5337,73230,7079,3461,3618
52415,81225,7989,39062,5337,73236,7081,3463,3618
52420,81236,7991,39067,5338,73245,7082,3464,3618
52425,81240,7992,39070,5339,73248,7082,3464,3618
52430,81250,7994,39072,5339,73256,7082,3464,3618
52435,81256,7994,39077,5339,73262,7084,3466,3618
52440,81267,7995,39080,5339,73272,7085,3467,3618
52445,81271,7995,39082,5339,73276,7085,3467,3618
52450,81281,7997,39088,5340,73284,7086,3468,3618
52455,81287,7997,39091,5340,73290,7088,3470,3618
52460,81298,7998,39094,5341,73300,7089,3470,3619
52465,81302,7998,39094,5341,73304,7089,3470,3619
52470,81312,8000,39097,5341,73312,7090,3470,3620
52475,81318,8000,39099,5341,73318,7092,3470,3622
52480,81329,8000,39104,5341,73329,7093,3470,3623
52485,81333,8000,39105,5341,73333,7093,3470,3623
52490,81343,8002,39111,5342,73341,7094,3471,3623
52495,81349,8002,39113,5342,73347,7096,3472,3624
52500,81360,8004,39121,5344,73356,7098,3473,3625
52505,81364,8004,39124,5344,73360,7098,3473,3625
52510,81374,8005,39127,5344,73369,7098,3473,3625
52515,81380,8005,39129,5344,73375,7099,3473,3626
52520,81391,8005,39137,5344,73386,7099,3473,3626
52525,81395,8005,39138,5344,73390,7099,3473,3626
52530,81405,8006,39144,5345,73399,7099,3473,3626
52535,81411,8006,39147,5345,73405,7100,3473,3627
52540,81422,8006,39154,5345,73416,7100,3473,3627
52545,81426,8006,39156,5345,73420,7100,3473,3627
52550,81436,8007,39161,5345,73429,7100,3473,3627
52555,81442,8007,39163,5345,73435,7101,3473,3628
52560,81453,8007,39167,5345,73446,7101,3473,3628
52565,81457,8007,39168,5345,73450,7101,3473,3628
52570,81467,8008,39175,5345,73459,7101,3473,3628
52575,81473,8008,39179,5345,73465,7102,3474,3628
52580,81484,8008,39182,5345,73476,7102,3474,3628
52585,81488,8008,39184,5345,73480,7102,3474,3628
52590,81498,8009,39187,5345,73489,7102,3474,3628
52595,81504,8009,39189,5345,73495,7103,3475,3628
52600,81515,8009,39194,5345,73506,7103,3475,3628
52605,81519,8009,39195,5345,73510,7103,3475,3628
52610,81529,8011,39200,5346,73518,7103,3475,3628
52615,81535,8011,39202,5346,73524,7104,3475,3629
52620,81546,8014,39210,5349,73532,7105,3476,3629
52625,81550,8015,39213,5350,73535,7105,3476,3629
52630,81560,8017,39218,5351,73543,7105,3476,3629
52635,81566,8017,39223,5351,73549,7107,3478,3629
52640,81577,8020,39229,5353,73557,7109,3480,3629
52645,81581,8020,39230,5353,73561,7109,3480,3629
52650,81591,8022,39238,5354,73569,7109,3480,3629
52655,81597,8022,39241,5354,73575,7111,3481,3630
52660,81608,8023,39247,5354,73585,7113,3483,3630
52665,81612,8023,39249,5354,73589,7113,3483,3630
52670,81622,8025,39254,5355,73597,7113,3483,3630
52675,81628,8025,39255,5355,73603,7115,3483,3632
52680,81639,8027,39261,5356,73612,7117,3484,3633
52685,81643,8027,39265,5356,73616,7117,3484,3633
52690,81653,8028,39268,5356,73625,7117,3484,3633
52695,81659,8028,39272,5356,73631,7119,3485,3634
52700,81670,8029,39275,5356,73641,7120,3485,3635
52705,81674,8029,39279,5356,73645,7120,3485,3635
52710,81684,8030,39285,5356,73654,7120,3485,3635
52715,81690,8030,39285,5356,73660,7122,3485,3637
52720,81701,8031,39292,5356,73670,7123,3485,3638
52725,81705,8032,39294,5357,73673,7123,3485,3638
52730,81715,8033,39300,5358,73682,7124,3486,3638
52735,81721,8033,39304,5358,73687,7126,3488,3638
52740,81732,8036,39312,5361,73696,7128,3489,3639
52745,81736,8037,39316,5362,73699,7128,3489,3639
52750,81746,8038,39322,5363,73708,7129,3489,3640
52755,81752,8038,39325,5363,73713,7130,3489,3641
52760,81763,8041,39332,5366,73722,7131,3490,3641
52765,81767,8041,39333,5366,73726,7131,3490,3641
52770,81777,8042,39336,5367,73735,7132,3490,3642
52775,81783,8042,39340,5367,73740,7133,3491,3642
52780,81794,8045,39342,5369,73749,7134,3491,3643
52785,81798,8046,39344,5370,73752,7134,3491,3643
52790,81808,8048,39350,5370,73760,7135,3492,3643
52795,81814,8048,39351,5370,73766,7136,3492,3644
52800,81825,8051,39358,5372,73774,7137,3493,3644
52805,81829,8051,39359,5372,73778,7137,3493,3644
52810,81839,8052,39364,5373,73787,7137,3493,3644
52815,81845,8052,39367,5373,73793,7138,3493,3645
52820,81856,8054,39374,5375,73802,7138,3493,3645
52825,81860,8054,39376,5375,73806,7138,3493,3645
52830,81870,8055,39382,5376,73815,7138,3493,3645
52835,81876,8055,39384,5376,73821,7139,3493,3646
52840,81887,8058,39387,5378,73829,7139,3493,3646
52845,81891,8058,39387,5378,73833,7139,3493,3646
52850,81901,8059,39394,5379,73842,7139,3493,3646
52855,81907,8059,39396,5379,73848,7141,3494,3647
52860,81918,8061,39402,5380,73857,7141,3494,3647
52865,81922,8063,39405,5382,73859,7141,3494,3647
52870,81932,8064,39411,5382,73868,7141,3494,3647
52875,81938,8064,39413,5382,73874,7143,3496,3647
52880,81949,8065,39420,5382,73884,7143,3496,3647
52885,81953,8067,39423,5384,73886,7143,3496,3647
52890,81963,8068,39430,5385,73895,7143,3496,3647
52895,81969,8068,39432,5385,73901,7145,3496,3649
52900,81980,8069,39435,5385,73911,7145,3496,3649
52905,81984,8069,39436,5385,73915,7145,3496,3649
52910,81994,8070,39443,5386,73924,7146,3497,3649
52915,82000,8070,39444,5386,73930,7148,3497,3651
52920,82011,8072,39449,5387,73939,7149,3498,3651
52925,82015,8072,39451,5387,73943,7149,3498,3651
52930,82025,8072,39456,5387,73953,7149,3498,3651
52935,82031,8072,39460,5387,73959,7151,3499,3652
52940,82042,8072,39465,5387,73970,7152,3500,3652
52945,82046,8072,39467,5387,73974,7152,3500,3652
52950,82056,8072,39473,5387,73984,7152,3500,3652
52955,82062,8072,39478,5387,73990,7154,3502,3652
52960,82073,8072,39483,5387,74001,7155,3502,3653
52965,82077,8072,39486,5387,74005,7155,3502,3653
52970,82087,8073,39492,5387,74014,7155,3502,3653
52975,82093,8073,39498,5387,74020,7157,3504,3653
52980,82104,8073,39499,5387,74031,7158,3504,3654
52985,82108,8073,39503,5387,74035,7158,3504,3654
52990,82118,8074,39508,5388,74044,7158,3504,3654
52995,82124,8074,39513,5388,74050,7159,3505,3654
53000,82135,8074,39518,5388,74061,7160,3506,3654
53005,82139,8074,39519,5388,74065,7160,3506,3654
53010,82149,8075,39522,5388,74074,7160,3506,3654
53015,82155,8075,39528,5388,74080,7161,3507,3654
53020,82166,8076,39535,5389,74090,7162,3508,3654
53025,82170,8077,39536,5390,74093,7162,3508,3654
53030,82180,8079,39541,5391,74101,7162,3508,3654
53035,82186,8079,39543,5391,74107,7163,3508,3655
53040,82197,8080,39547,5391,74117,7163,3508,3655
53045,82201,8081,39550,5392,74120,7163,3508,3655
53050,82211,8083,39554,5392,74128,7163,3508,3655
53055,82217,8083,39557,5392,74134,7164,3509,3655
53060,82228,8084,39561,5392,74144,7164,3509,3655
53065,82232,8085,39563,5393,74147,7164,3509,3655
53070,82242,8087,39569,5394,74155,7164,3509,3655
53075,82248,8087,39570,5394,74161,7165,3510,3655
53080,82259,8088,39578,5395,74171,7165,3510,3655
53085,82263,8090,39580,5397,74173,7165,3510,3655
53090,82273,8092,39584,5399,74181,7165,3510,3655
53095,82279,8092,39587,5399,74186,7166,3510,3656
53100,82290,8094,39595,5400,74196,7166,3510,3656
53105,82294,8095,39597,5401,74199,7166,3510,3656
53110,82304,8097,39604,5403,74207,7166,3510,3656
53115,82310,8097,39609,5403,74213,7167,3511,3656
53120,82321,8098,39615,5403,74223,7168,3511,3657
53125,82325,8099,39618,5404,74226,7168,3511,3657
53130,82335,8101,39621,5404,74234,7168,3511,3657
53135,82341,8101,39625,5404,74240,7169,3512,3657
53140,82352,8102,39629,5405,74250,7171,3513,3658
53145,82356,8103,39631,5406,74253,7171,3513,3658
53150,82366,8105,39636,5407,74261,7171,3513,3658
53155,82372,8105,39639,5407,74267,7173,3514,3659
53160,82383,8109,39645,5410,74274,7175,3515,3660
53165,82387,8109,39646,5410,74278,7175,3515,3660
53170,82397,8111,39652,5412,74286,7175,3515,3660
53175,82403,8111,39653,5412,74292,7176,3515,3661
53180,82414,8112,39660,5413,74302,7178,3516,3662
53185,82418,8112,39661,5413,74306,7178,3516,3662
53190,82428,8113,39664,5414,74315,7178,3516,3662
53195,82434,8113,39665,5414,74321,7179,3516,3663
53200,82445,8114,39672,5415,74331,7181,3517,3664
53205,82449,8114,39675,5415,74335,7181,3517,3664
53210,82459,8115,39681,5416,74344,7181,3517,3664
53215,82465,8115,39686,5416,74350,7182,3518,3664
53220,82476,8115,39691,5416,74361,7183,3518,3665
53225,82480,8115,39693,5416,74365,7183,3518,3665
53230,82490,8117,39699,5418,74373,7183,3518,3665
53235,82496,8117,39700,5418,74379,7184,3518,3666
53240,82507,8118,39705,5419,74389,7184,3518,3666
53245,82511,8118,39707,5419,74393,7184,3518,3666
53250,82521,8120,39713,5420,74401,7184,3518,3666
53255,82527,8120,39715,5420,74407,7185,3518,3667
53260,82538,8121,39719,5421,74417,7185,3518,3667
53265,82542,8121,39719,5421,74421,7185,3518,3667
53270,82552,8123,39726,5423,74429,7186,3518,3668
53275,82558,8123,39729,5423,74435,7188,3519,3669
53280,82569,8126,39736,5426,74443,7189,3519,3670
53285,82573,8127,39738,5427,74446,7189,3519,3670
53290,82583,8128,39743,5428,74455,7189,3519,3670
53295,82589,8128,39747,5428,74461,7190,3520,3670
53300,82600,8129,39750,5429,74471,7192,3520,3672
53305,82604,8130,39753,5430,74474,7192,3520,3672
53310,82614,8131,39755,5430,74483,7192,3520,3672
53315,82620,8131,39759,5430,74489,7193,3521,3672
53320,82631,8132,39763,5430,74499,7195,3522,3673
53325,82635,8132,39765,5430,74503,7195,3522,3673
53330,82645,8133,39770,5430,74512,7195,3522,3673
53335,82651,8133,39773,5430,74518,7196,3523,3673
53340,82662,8135,39778,5432,74527,7198,3523,3675
53345,82666,8137,39782,5434,74529,7198,3523,3675
53350,82676,8138,39788,5435,74538,7198,3523,3675
53355,82682,8138,39790,5435,74544,7199,3523,3676
53360,82693,8140,39797,5436,74553,7200,3523,3677
53365,82697,8140,39797,5436,74557,7200,3523,3677
53370,82707,8141,39802,5437,74566,7200,3523,3677
53375,82713,8141,39805,5437,74572,7201,3523,3678
53380,82724,8142,39810,5437,74582,7202,3524,3678
53385,82728,8143,39812,5438,74585,7202,3524,3678
53390,82738,8145,39818,5439,74593,7202,3524,3678
53395,82744,8145,39820,5439,74599,7204,3524,3680
53400,82755,8147,39822,5440,74608,7205,3525,3680
53405,82759,8148,39825,5441,74611,7205,3525,3680
53410,82769,8149,39830,5441,74620,7205,3525,3680
53415,82775,8149,39833,5441,74625,7207,3526,3681
53420,82786,8153,39840,5444,74633,7208,3527,3681
53425,82790,8153,39843,5444,74637,7208,3527,3681
53430,82800,8154,39845,5445,74646,7208,3527,3681
53435,82806,8154,39849,5445,74652,7210,3529,3681
53440,82817,8154,39854,5445,74663,7211,3529,3682
53445,82821,8154,39858,5445,74667,7211,3529,3682
53450,82831,8155,39864,5446,74676,7211,3529,3682
53455,82837,8155,39867,5446,74682,7213,3529,3684
53460,82848,8155,39871,5446,74693,7215,3530,3685
53465,82852,8155,39873,5446,74697,7215,3530,3685
53470,82862,8155,39878,5446,74707,7215,3530,3685
53475,82868,8155,39883,5446,74713,7217,3532,3685
53480,82879,8155,39888,5446,74724,7219,3533,3686
53485,82883,8155,39891,5446,74728,7219,3533,3686
53490,82893,8155,39897,5446,74738,7219,3533,3686
53495,82899,8155,39900,5446,74744,7220,3533,3687
53500,82910,8155,39905,5446,74755,7221,3533,3688
53505,82914,8155,39905,5446,74759,7221,3533,3688
53510,82924,8156,39912,5446,74768,7222,3533,3689
53515,82930,8156,39914,5446,74774,7223,3534,3689
53520,82941,8156,39918,5446,74785,7224,3534,3690
53525,82945,8157,39921,5447,74788,7224,3534,3690
53530,82955,8158,39927,5447,74797,7224,3534,3690
53535,82961,8158,39931,5447,74803,7225,3534,3691
53540,82972,8160,39936,5448,74812,7225,3534,3691
53545,82976,8160,39937,5448,74816,7225,3534,3691
53550,82986,8161,39944,5448,74825,7225,3534,3691
53555,82992,8161,39945,5448,74831,7226,3534,3692
53560,83003,8162,39949,5448,74841,7226,3534,3692
53565,83007,8162,39953,5448,74845,7226,3534,3692
53570,83017,8164,39956,5449,74853,7226,3534,3692
53575,83023,8164,39958,5449,74859,7227,3535,3692
53580,83034,8165,39965,5449,74869,7227,3535,3692
53585,83038,8166,39968,5450,74872,7227,3535,3692
53590,83048,8168,39970,5450,74880,7227,3535,3692
53595,83054,8168,39974,5450,74886,7228,3536,3692
53600,83065,8170,39982,5451,74895,7229,3537,3692
53605,83069,8170,39984,5451,74899,7229,3537,3692
53610,83079,8172,39988,5453,74907,7229,3537,3692
53615,83085,8172,39992,5453,74913,7230,3537,3693
53620,83096,8174,39998,5454,74922,7231,3537,3694
53625,83100,8174,40000,5454,74926,7231,3537,3694
53630,83110,8176,40007,5456,74934,7232,3537,3695
53635,83116,8176,40010,5456,74939,7233,3537,3696
53640,83127,8179,40015,5458,74948,7235,3538,3697
53645,83131,8179,40016,5458,74952,7235,3538,3697
53650,83141,8180,40018,5458,74961,7236,3538,3698
53655,83147,8180,40019,5458,74967,7238,3538,3700
53660,83158,8181,40022,5458,74977,7240,3540,3700
53665,83162,8182,40024,5459,74980,7240,3540,3700
53670,83172,8183,40028,5460,74989,7241,3540,3701
53675,83178,8183,40032,5460,74995,7243,3541,3702
53680,83189,8184,40038,5461,75005,7245,3542,3703
53685,83193,8185,40041,5462,75008,7245,3542,3703
53690,83203,8186,40047,5463,75017,7246,3542,3704
53695,83209,8186,40050,5463,75023,7248,3542,3706
53700,83220,8189,40055,5465,75031,7250,3543,3707
53705,83224,8190,40058,5466,75034,7250,3543,3707
53710,83234,8191,40063,5467,75043,7250,3543,3707
53715,83240,8191,40065,5467,75049,7251,3543,3708
53720,83251,8193,40072,5469,75058,7251,3543,3708
53725,83255,8193,40073,5469,75062,7251,3543,3708
53730,83265,8194,40079,5470,75071,7251,3543,3708
53735,83271,8194,40082,5470,75077,7252,3544,3708
53740,83282,8195,40087,5471,75087,7253,3544,3709
53745,83286,8195,40088,5471,75091,7253,3544,3709
53750,83296,8197,40092,5471,75099,7253,3544,3709
53755,83302,8197,40097,5471,75104,7254,3544,3710
53760,83313,8199,40104,5473,75114,7255,3544,3711
53765,83317,8200,40107,5474,75117,7255,3544,3711
53770,83327,8202,40109,5475,75125,7255,3544,3711
53775,83333,8202,40112,5475,75131,7256,3545,3711
53780,83344,8204,40117,5476,75140,7258,3546,3712
53785,83348,8205,40119,5477,75143,7258,3546,3712
53790,83358,8207,40125,5479,75151,7258,3546,3712
53795,83364,8207,40129,5479,75157,7259,3547,3712
53800,83375,8207,40131,5479,75168,7261,3548,3713
53805,83379,8207,40134,5479,75172,7261,3548,3713
53810,83389,8209,40139,5480,75180,7261,3548,3713
53815,83395,8209,40142,5480,75186,7263,3549,3714
53820,83406,8211,40148,5482,75195,7265,3550,3715
53825,83410,8211,40151,5482,75199,7265,3550,3715
53830,83420,8213,40154,5483,75207,7265,3550,3715
53835,83426,8213,40157,5483,75213,7267,3551,3716
53840,83437,8213,40162,5483,75224,7267,3551,3716
53845,83441,8214,40165,5484,75227,7267,3551,3716
53850,83451,8216,40168,5485,75235,7267,3551,3716
53855,83457,8216,40171,5485,75241,7269,3552,3717
53860,83468,8216,40174,5485,75252,7269,3552,3717
53865,83472,8217,40176,5486,75255,7269,3552,3717
53870,83482,8219,40181,5487,75263,7269,3552,3717
53875,83488,8219,40184,5487,75269,7271,3553,3718
53880,83499,8220,40187,5488,75279,7271,3553,3718
53885,83503,8220,40188,5488,75283,7271,3553,3718
53890,83513,8220,40193,5488,75293,7271,3553,3718
53895,83519,8220,40196,5488,75299,7272,3553,3719
53900,83530,8220,40203,5488,75310,7272,3553,3719
53905,83534,8220,40204,5488,75314,7272,3553,3719
53910,83544,8220,40211,5488,75324,7272,3553,3719
53915,83550,8220,40213,5488,75330,7273,3553,3720
53920,83561,8220,40220,5488,75341,7273,3553,3720
53925,83565,8220,40223,5488,75345,7273,3553,3720
53930,83575,8220,40227,5488,75355,7274,3553,3721
53935,83581,8220,40228,5488,75361,7275,3553,3722
53940,83592,8221,40232,5489,75371,7277,3554,3723
53945,83596,8222,40234,5490,75374,7277,3554,3723
53950,83606,8222,40240,5490,75384,7278,3555,3723
53955,83612,8222,40243,5490,75390,7280,3557,3723
53960,83623,8224,40249,5492,75399,7281,3558,3723
53965,83627,8224,40252,5492,75403,7281,3558,3723
53970,83637,8224,40258,5492,75413,7282,3559,3723
53975,83643,8224,40260,5492,75419,7284,3560,3724
53980,83654,8227,40264,5495,75427,7285,3560,3725
53985,83658,8227,40266,5495,75431,7285,3560,3725
53990,83668,8229,40271,5496,75439,7286,3561,3725
53995,83674,8229,40275,5496,75444,7288,3562,3726
54000,83685,8232,40282,5498,75453,7289,3562,3727
54005,83689,8232,40283,5498,75457,7289,3562,3727
54010,83699,8234,40288,5499,75465,7289,3562,3727
54015,83705,8234,40292,5499,75471,7290,3563,3727
54020,83716,8234,40298,5499,75482,7292,3563,3729
54025,83720,8235,40301,5500,75485,7292,3563,3729
54030,83730,8237,40305,5500,75493,7292,3563,3729
54035,83736,8237,40309,5500,75499,7293,3563,3730
54040,83747,8237,40311,5500,75510,7295,3563,3732
54045,83751,8238,40314,5501,75513,7295,3563,3732
54050,83761,8240,40317,5501,75521,7295,3563,3732
54055,83767,8240,40319,5501,75527,7296,3563,3733
54060,83778,8240,40321,5501,75538,7297,3563,3734
54065,83782,8241,40325,5502,75541,7297,3563,3734
54070,83792,8243,40327,5502,75549,7297,3563,3734
54075,83798,8243,40329,5502,75555,7298,3564,3734
54080,83809,8244,40333,5503,75565,7299,3564,3735
54085,83813,8244,40334,5503,75569,7299,3564,3735
54090,83823,8246,40341,5505,75577,7299,3564,3735
54095,83829,8246,40343,5505,75583,7300,3564,3736
54100,83840,8247,40347,5506,75593,7301,3564,3737
54105,83844,8247,40349,5506,75597,7301,3564,3737
54110,83854,8249,40353,5507,75605,7302,3565,3737
54115,83860,8249,40354,5507,75611,7304,3566,3738
54120,83871,8252,40359,5509,75619,7305,3567,3738
54125,83875,8252,40362,5509,75623,7305,3567,3738
54130,83885,8254,40368,5510,75631,7306,3568,3738
54135,83891,8254,40373,5510,75637,7307,3569,3738
54140,83902,8255,40376,5511,75647,7308,3569,3739
54145,83906,8256,40377,5512,75650,7308,3569,3739
54150,83916,8258,40383,5513,75658,7309,3570,3739
54155,83922,8258,40386,5513,75664,7310,3571,3739
54160,83933,8259,40389,5513,75674,7311,3571,3740
54165,83937,8259,40391,5513,75678,7311,3571,3740
54170,83947,8261,40395,5514,75686,7312,3572,3740
54175,83953,8261,40400,5514,75692,7313,3573,3740
54180,83964,8264,40408,5517,75700,7314,3574,3740
54185,83968,8264,40410,5517,75704,7314,3574,3740
54190,83978,8266,40413,5518,75712,7314,3574,3740
54195,83984,8266,40416,5518,75718,7315,3575,3740
54200,83995,8268,40424,5520,75727,7316,3576,3740
54205,83999,8268,40426,5520,75731,7316,3576,3740
54210,84009,8270,40430,5520,75739,7316,3576,3740
54215,84015,8270,40433,5520,75744,7317,3576,3741
54220,84026,8272,40440,5522,75754,7318,3577,3741
54225,84030,8272,40441,5522,75758,7318,3577,3741
54230,84040,8274,40448,5523,75766,7318,3577,3741
54235,84046,8274,40449,5523,75772,7320,3578,3742
54240,84057,8275,40453,5524,75782,7322,3579,3743
54245,84061,8275,40453,5524,75786,7322,3579,3743
54250,84071,8275,40460,5524,75796,7322,3579,3743
54255,84077,8275,40463,5524,75802,7323,3579,3744
54260,84088,8275,40470,5524,75813,7324,3580,3744
54265,84092,8275,40473,5524,75817,7324,3580,3744
54270,84102,8275,40477,5524,75827,7324,3580,3744
54275,84108,8275,40478,5524,75833,7325,3580,3745
54280,84119,8275,40482,5524,75844,7326,3580,3746
54285,84123,8275,40484,5524,75848,7326,3580,3746
54290,84133,8275,40490,5524,75858,7326,3580,3746
54295,84139,8275,40493,5524,75864,7327,3581,3746
54300,84150,8276,40495,5524,75874,7328,3582,3746
54305,84154,8277,40498,5525,75877,7328,3582,3746
54310,84164,8278,40504,5526,75886,7328,3582,3746
54315,84170,8278,40509,5526,75892,7329,3583,3746
54320,84181,8279,40516,5526,75902,7330,3584,3746
54325,84185,8280,40518,5527,75905,7330,3584,3746
54330,84195,8281,40525,5527,75914,7330,3584,3746
54335,84201,8281,40527,5527,75920,7331,3584,3747
54340,84212,8282,40533,5527,75930,7332,3584,3748
54345,84216,8284,40537,5529,75932,7332,3584,3748
54350,84226,8286,40540,5531,75940,7332,3584,3748
54355,84232,8286,40542,5531,75946,7334,3584,3750
54360,84243,8287,40545,5531,75956,7336,3586,3750
54365,84247,8287,40547,5531,75960,7336,3586,3750
54370,84257,8289,40554,5532,75968,7337,3587,3750
54375,84263,8289,40558,5532,75974,7339,3588,3751
54380,84274,8291,40563,5533,75983,7340,3588,3752
54385,84278,8291,40564,5533,75987,7340,3588,3752
54390,84288,8293,40571,5533,75995,7341,3589,3752
54395,84294,8293,40575,5533,76000,7343,3590,3753
54400,84305,8297,40581,5537,76008,7344,3590,3754
54405,84309,8297,40583,5537,76012,7344,3590,3754
54410,84319,8299,40587,5539,76020,7345,3590,3755
54415,84325,8299,40591,5539,76025,7347,3591,3756
54420,84336,8301,40594,5541,76035,7348,3592,3756
54425,84340,8301,40596,5541,76039,7348,3592,3756
54430,84350,8301,40601,5541,76049,7349,3592,3757
54435,84356,8301,40604,5541,76055,7351,3593,3758
54440,84367,8301,40608,5541,76066,7352,3593,3759
54445,84371,8301,40609,5541,76070,7352,3593,3759
54450,84381,8301,40614,5541,76080,7353,3594,3759
54455,84387,8301,40616,5541,76086,7355,3594,3761
54460,84398,8301,40621,5541,76097,7355,3594,3761
54465,84402,8301,40621,5541,76101,7355,3594,3761
54470,84412,8301,40627,5541,76111,7356,3595,3761
54475,84418,8301,40631,5541,76117,7358,3597,3761
54480,84429,8301,40638,5541,76128,7358,3597,3761
54485,84433,8301,40640,5541,76132,7358,3597,3761
54490,84443,8301,40643,5541,76142,7358,3597,3761
54495,84449,8301,40646,5541,76148,7359,3598,3761
54500,84460,8301,40653,5541,76159,7360,3599,3761
54505,84464,8301,40657,5541,76163,7360,3599,3761
54510,84474,8301,40664,5541,76173,7360,3599,3761
54515,84480,8301,40667,5541,76179,7361,3600,3761
54520,84491,8301,40671,5541,76190,7361,3600,3761
54525,84495,8301,40672,5541,76194,7361,3600,3761
54530,84505,8302,40677,5542,76203,7361,3600,3761
54535,84511,8302,40678,5542,76209,7362,3600,3762
54540,84522,8305,40684,5544,76217,7362,3600,3762
54545,84526,8305,40684,5544,76221,7362,3600,3762
54550,84536,8306,40686,5544,76230,7362,3600,3762
54555,84542,8306,40690,5544,76236,7363,3601,3762
54560,84553,8308,40696,5546,76245,7363,3601,3762
54565,84557,8309,40698,5547,76248,7363,3601,3762
54570,84567,8310,40701,5548,76257,7363,3601,3762
54575,84573,8310,40706,5548,76263,7364,3602,3762
54580,84584,8313,40712,5551,76271,7364,3602,3762
54585,84588,8314,40713,5552,76274,7364,3602,3762
54590,84598,8316,40720,5553,76282,7365,3602,3763
54595,84604,8316,40722,5553,76288,7366,3602,3764
54600,84615,8318,40728,5554,76297,7366,3602,3764
54605,84619,8319,40731,5555,76300,7366,3602,3764
54610,84629,8321,40737,5556,76308,7367,3603,3764
54615,84635,8321,40739,5556,76313,7368,3604,3764
54620,84646,8323,40742,5557,76323,7369,3605,3764
54625,84650,8323,40743,5557,76327,7369,3605,3764
54630,84660,8325,40746,5558,76335,7370,3605,3765
54635,84666,8325,40749,5558,76341,7371,3606,3765
54640,84677,8326,40754,5558,76351,7373,3607,3766
54645,84681,8328,40757,5560,76353,7373,3607,3766
54650,84691,8330,40762,5561,76361,7374,3608,3766
54655,84697,8330,40767,5561,76366,7376,3610,3766
54660,84708,8333,40777,5564,76375,7378,3612,3766
54665,84712,8333,40778,5564,76379,7378,3612,3766
54670,84722,8335,40785,5565,76387,7378,3612,3766
54675,84728,8335,40787,5565,76393,7379,3612,3767
54680,84739,8335,40791,5565,76404,7380,3612,3768
54685,84743,8335,40794,5565,76408,7380,3612,3768
54690,84753,8337,40800,5567,76416,7380,3612,3768
54695,84759,8337,40803,5567,76422,7381,3612,3769
54700,84770,8338,40808,5568,76432,7382,3612,3770
54705,84774,8338,40811,5568,76436,7382,3612,3770
54710,84784,8340,40818,5570,76444,7382,3612,3770
54715,84790,8340,40820,5570,76450,7383,3612,3771
54720,84801,8341,40828,5571,76460,7385,3613,3772
54725,84805,8341,40829,5571,76464,7385,3613,3772
54730,84815,8342,40834,5572,76473,7385,3613,3772
54735,84821,8342,40836,5572,76479,7386,3613,3773
54740,84832,8343,40842,5573,76489,7388,3615,3773
54745,84836,8343,40844,5573,76493,7388,3615,3773
54750,84846,8344,40848,5573,76502,7388,3615,3773
54755,84852,8344,40850,5573,76508,7389,3615,3774
54760,84863,8345,40854,5574,76518,7391,3615,3776
54765,84867,8345,40855,5574,76522,7391,3615,3776
54770,84877,8346,40857,5574,76531,7391,3615,3776
54775,84883,8346,40859,5574,76537,7393,3615,3778
54780,84894,8347,40864,5575,76547,7395,3615,3780
54785,84898,8347,40866,5575,76551,7395,3615,3780
54790,84908,8348,40869,5575,76560,7396,3615,3781
54795,84914,8348,40872,5575,76565,7398,3616,3782
54800,84925,8349,40877,5576,76576,7398,3616,3782
54805,84929,8349,40878,5576,76580,7398,3616,3782
54810,84939,8350,40882,5576,76589,7399,3616,3783
54815,84945,8350,40885,5576,76594,7401,3616,3785
54820,84956,8352,40889,5578,76604,7401,3616,3785
54825,84960,8352,40890,5578,76608,7401,3616,3785
54830,84970,8353,40894,5578,76617,7402,3617,3785
54835,84976,8353,40896,5578,76623,7404,3618,3786
54840,84987,8355,40902,5579,76632,7404,3618,3786
54845,84991,8355,40903,5579,76636,7404,3618,3786
54850,85001,8355,40906,5579,76646,7404,3618,3786
54855,85007,8355,40910,5579,76652,7406,3620,3786
54860,85018,8356,40915,5579,76662,7406,3620,3786
54865,85022,8357,40918,5580,76665,7406,3620,3786
54870,85032,8357,40923,5580,76675,7406,3620,3786
54875,85038,8357,40925,5580,76681,7408,3620,3788
54880,85049,8358,40931,5581,76691,7408,3620,3788
54885,85053,8358,40933,5581,76695,7408,3620,3788
54890,85063,8359,40937,5581,76704,7408,3620,3788
54895,85069,8359,40941,5581,76710,7410,3621,3789
54900,85080,8362,40950,5584,76718,7412,3623,3789
54905,85084,8364,40953,5586,76720,7412,3623,3789
54910,85094,8365,40958,5586,76729,7413,3623,3790
54915,85100,8365,40960,5586,76735,7414,3624,3790
54920,85111,8366,40964,5586,76745,7415,3625,3790
54925,85115,8366,40966,5586,76749,7415,3625,3790
54930,85125,8367,40968,5587,76758,7416,3625,3791
54935,85131,8367,40971,5587,76764,7417,3626,3791
54940,85142,8368,40977,5588,76774,7418,3627,3791
54945,85146,8368,40979,5588,76778,7418,3627,3791
54950,85156,8369,40982,5588,76787,7418,3627,3791
54955,85162,8369,40984,5588,76792,7419,3628,3791
54960,85173,8373,40991,5592,76800,7419,3628,3791
54965,85177,8373,40994,5592,76804,7419,3628,3791
54970,85187,8374,40999,5593,76813,7419,3628,3791
54975,85193,8374,41002,5593,76818,7420,3628,3792
54980,85204,8376,41008,5595,76828,7421,3629,3792
54985,85208,8376,41009,5595,76832,7421,3629,3792
54990,85218,8377,41015,5596,76841,7421,3629,3792
54995,85224,8377,41019,5596,76847,7422,3630,3792
55000,85235,8378,41027,5597,76857,7423,3631,3792
55005,85239,8378,41029,5597,76861,7423,3631,3792
55010,85249,8379,41035,5597,76870,7423,3631,3792
55015,85255,8379,41037,5597,76876,7425,3632,3793
55020,85266,8380,41043,5598,76886,7426,3632,3794
55025,85270,8380,41045,5598,76890,7426,3632,3794
55030,85280,8381,41047,5598,76899,7427,3632,3795
55035,85286,8381,41049,5598,76905,7429,3632,3797
55040,85297,8382,41056,5599,76915,7429,3632,3797
55045,85301,8382,41057,5599,76919,7429,3632,3797
55050,85311,8383,41063,5599,76928,7430,3633,3797
55055,85317,8383,41066,5599,76934,7432,3633,3799
55060,85328,8384,41075,5600,76944,7433,3634,3799
55065,85332,8384,41077,5600,76948,7433,3634,3799
55070,85342,8386,41083,5601,76956,7434,3635,3799
55075,85348,8386,41087,5601,76962,7436,3637,3799
55080,85359,8388,41094,5602,76971,7437,3638,3799
55085,85363,8388,41097,5602,76975,7437,3638,3799
55090,85373,8389,41101,5602,76984,7438,3639,3799
55095,85379,8389,41106,5602,76990,7439,3639,3800
55100,85390,8390,41111,5603,77000,7440,3639,3801
55105,85394,8390,41112,5603,77004,7440,3639,3801
55110,85404,8391,41119,5604,77013,7441,3640,3801
55115,85410,8391,41119,5604,77019,7442,3640,3802
55120,85421,8392,41124,5604,77029,7443,3640,3803
55125,85425,8392,41125,5604,77033,7443,3640,3803
55130,85435,8393,41128,5604,77042,7444,3640,3804
55135,85441,8393,41131,5604,77048,7445,3641,3804
55140,85452,8394,41135,5604,77058,7446,3642,3804
55145,85456,8395,41138,5605,77061,7446,3642,3804
55150,85466,8396,41142,5606,77070,7446,3642,3804
55155,85472,8396,41144,5606,77076,7448,3644,3804
55160,85483,8397,41149,5607,77086,7449,3645,3804
55165,85487,8398,41152,5608,77089,7449,3645,3804
55170,85497,8399,41155,5608,77098,7449,3645,3804
55175,85503,8399,41159,5608,77103,7451,3646,3805
55180,85514,8401,41162,5609,77113,7452,3646,3806
55185,85518,8402,41164,5610,77116,7452,3646,3806
55190,85528,8403,41167,5610,77125,7452,3646,3806
55195,85534,8403,41169,5610,77131,7454,3647,3807
55200,85545,8405,41173,5611,77140,7455,3647,3808
55205,85549,8405,41174,5611,77144,7455,3647,3808
55210,85559,8406,41178,5611,77153,7455,3647,3808
55215,85565,8406,41181,5611,77159,7456,3648,3808
55220,85576,8406,41182,5611,77170,7456,3648,3808
55225,85580,8407,41185,5612,77173,7456,3648,3808
55230,85590,8408,41189,5613,77182,7456,3648,3808
55235,85596,8408,41192,5613,77188,7457,3648,3809
55240,85607,8408,41195,5613,77199,7457,3648,3809
55245,85611,8409,41196,5614,77202,7457,3648,3809
55250,85621,8411,41199,5615,77210,7457,3648,3809
55255,85627,8411,41202,5615,77216,7458,3649,3809
55260,85638,8413,41207,5617,77225,7458,3649,3809
55265,85642,8414,41209,5618,77228,7458,3649,3809
55270,85652,8415,41213,5618,77237,7458,3649,3809
55275,85658,8415,41217,5618,77243,7459,3649,3810
55280,85669,8415,41223,5618,77254,7460,3650,3810
55285,85673,8415,41226,5618,77258,7460,3650,3810
55290,85683,8416,41231,5618,77267,7460,3650,3810
55295,85689,8416,41235,5618,77273,7461,3651,3810
55300,85700,8417,41240,5619,77283,7462,3651,3811
55305,85704,8417,41242,5619,77287,7462,3651,3811
55310,85714,8418,41247,5620,77296,7462,3651,3811
55315,85720,8418,41248,5620,77302,7463,3651,3812
55320,85731,8419,41253,5620,77312,7465,3653,3812
55325,85735,8419,41254,5620,77316,7465,3653,3812
55330,85745,8421,41262,5621,77324,7466,3654,3812
55335,85751,8421,41265,5621,77329,7467,3655,3812
55340,85762,8423,41268,5622,77339,7468,3655,3813
55345,85766,8423,41268,5622,77343,7468,3655,3813
55350,85776,8425,41275,5622,77351,7469,3656,3813
55355,85782,8425,41279,5622,77356,7470,3656,3814
55360,85793,8427,41284,5623,77366,7471,3657,3814
55365,85797,8427,41285,5623,77370,7471,3657,3814
55370,85807,8429,41289,5624,77378,7472,3657,3815
55375,85813,8429,41293,5624,77383,7473,3658,3815
55380,85824,8431,41297,5626,77393,7474,3658,3816
55385,85828,8431,41299,5626,77397,7474,3658,3816
55390,85838,8433,41302,5626,77405,7474,3658,3816
55395,85844,8433,41304,5626,77411,7475,3658,3817
55400,85855,8435,41309,5628,77420,7476,3658,3818
55405,85859,8436,41311,5629,77423,7476,3658,3818
55410,85869,8438,41314,5629,77431,7476,3658,3818
55415,85875,8438,41317,5629,77437,7477,3658,3819
55420,85886,8439,41321,5629,77447,7478,3659,3819
55425,85890,8440,41325,5630,77450,7478,3659,3819
55430,85900,8442,41327,5631,77458,7478,3659,3819
55435,85906,8442,41330,5631,77464,7479,3659,3820
55440,85917,8444,41333,5632,77473,7480,3659,3821
55445,85921,8445,41335,5633,77476,7480,3659,3821
55450,85931,8447,41339,5635,77484,7481,3659,3822
55455,85937,8447,41342,5635,77490,7482,3659,3823
55460,85948,8449,41350,5637,77499,7483,3659,3824
55465,85952,8449,41350,5637,77503,7483,3659,3824
55470,85962,8451,41354,5638,77511,7484,3660,3824
55475,85968,8451,41357,5638,77516,7485,3660,3825
55480,85979,8454,41360,5640,77525,7486,3660,3826
55485,85983,8455,41362,5641,77528,7486,3660,3826
55490,85993,8457,41366,5642,77536,7487,3661,3826
55495,85999,8457,41370,5642,77541,7489,3662,3827
55500,86010,8462,41377,5647,77548,7491,3663,3828
55505,86014,8462,41379,5647,77552,7491,3663,3828
55510,86024,8462,41383,5647,77562,7491,3663,3828
55515,86030,8462,41388,5647,77568,7493,3664,3829
55520,86041,8462,41392,5647,77579,7494,3664,3830
55525,86045,8462,41395,5647,77583,7494,3664,3830
55530,86055,8462,41400,5647,77593,7494,3664,3830
55535,86061,8462,41405,5647,77599,7495,3665,3830
55540,86072,8462,41412,5647,77610,7495,3665,3830
55545,86076,8462,41415,5647,77614,7495,3665,3830
55550,86086,8462,41419,5647,77624,7495,3665,3830
55555,86092,8462,41422,5647,77630,7496,3665,3831
55560,86103,8462,41429,5647,77641,7496,3665,3831
55565,86107,8462,41431,5647,77645,7496,3665,3831
55570,86117,8462,41435,5647,77655,7496,3665,3831
55575,86123,8462,41439,5647,77661,7498,3666,3832
55580,86134,8462,41443,5647,77672,7498,3666,3832
55585,86138,8462,41444,5647,77676,7498,3666,3832
55590,86148,8462,41448,5647,77686,7498,3666,3832
55595,86154,8462,41450,5647,77692,7500,3668,3832
55600,86165,8462,41452,5647,77703,7500,3668,3832
55605,86169,8462,41453,5647,77707,7500,3668,3832
55610,86179,8464,41457,5647,77715,7501,3668,3833
55615,86185,8464,41460,5647,77721,7503,3669,3834
55620,86196,8465,41466,5648,77731,7504,3669,3835
55625,86200,8465,41467,5648,77735,7504,3669,3835
55630,86210,8467,41470,5650,77743,7505,3669,3836
55635,86216,8467,41475,5650,77748,7506,3670,3836
55640,86227,8471,41484,5654,77756,7507,3670,3837
55645,86231,8472,41488,5655,77759,7507,3670,3837
55650,86241,8474,41493,5656,77767,7508,3671,3837
55655,86247,8474,41495,5656,77773,7509,3671,3838
55660,86258,8476,41501,5657,77782,7510,3671,3839
55665,86262,8477,41503,5658,77785,7510,3671,3839
55670,86272,8479,41507,5659,77793,7511,3671,3840
55675,86278,8479,41510,5659,77799,7512,3671,3841
55680,86289,8481,41514,5660,77808,7513,3671,3842
55685,86293,8482,41518,5661,77811,7513,3671,3842
55690,86303,8483,41523,5661,77820,7514,3672,3842
55695,86309,8483,41527,5661,77826,7516,3673,3843
55700,86320,8485,41532,5662,77835,7517,3674,3843
55705,86324,8485,41534,5662,77839,7517,3674,3843
55710,86334,8486,41537,5662,77848,7518,3674,3844
55715,86340,8486,41543,5662,77854,7520,3676,3844
55720,86351,8487,41548,5662,77864,7521,3677,3844
55725,86355,8487,41548,5662,77868,7521,3677,3844
55730,86365,8488,41555,5663,77877,7522,3678,3844
55735,86371,8488,41558,5663,77883,7524,3680,3844
55740,86382,8489,41562,5664,77893,7525,3681,3844
55745,86386,8489,41563,5664,77897,7525,3681,3844
55750,86396,8490,41569,5665,77906,7525,3681,3844
55755,86402,8490,41572,5665,77912,7526,3682,3844
55760,86413,8492,41577,5666,77921,7528,3683,3845
55765,86417,8493,41580,5667,77924,7528,3683,3845
55770,86427,8494,41585,5668,77933,7528,3683,3845
55775,86433,8494,41589,5668,77939,7529,3684,3845
55780,86444,8496,41595,5669,77948,7531,3685,3846
55785,86448,8497,41596,5670,77951,7531,3685,3846
55790,86458,8499,41599,5671,77959,7531,3685,3846
55795,86464,8499,41600,5671,77965,7532,3685,3847
55800,86475,8501,41604,5672,77974,7534,3686,3848
55805,86479,8501,41606,5672,77978,7534,3686,3848
55810,86489,8503,41607,5672,77986,7534,3686,3848
55815,86495,8503,41609,5672,77992,7535,3687,3848
55820,86506,8504,41613,5673,78002,7536,3687,3849
55825,86510,8504,41614,5673,78006,7536,3687,3849
55830,86520,8506,41621,5675,78014,7536,3687,3849
55835,86526,8506,41622,5675,78020,7537,3687,3850
55840,86537,8507,41627,5676,78030,7538,3687,3851
55845,86541,8507,41630,5676,78034,7538,3687,3851
55850,86551,8509,41633,5678,78042,7538,3687,3851
55855,86557,8509,41637,5678,78048,7540,3689,3851
55860,86568,8510,41643,5679,78058,7541,3689,3852
55865,86572,8510,41646,5679,78062,7541,3689,3852
55870,86582,8512,41649,5679,78070,7542,3690,3852
55875,86588,8512,41651,5679,78076,7543,3690,3853
55880,86599,8513,41655,5680,78086,7544,3690,3854
55885,86603,8513,41657,5680,78090,7544,3690,3854
55890,86613,8515,41663,5681,78098,7545,3690,3855
55895,86619,8515,41667,5681,78104,7546,3691,3855
55900,86630,8515,41675,5681,78115,7547,3692,3855
55905,86634,8516,41678,5682,78118,7547,3692,3855
55910,86644,8518,41683,5683,78126,7548,3693,3855
55915,86650,8518,41687,5683,78132,7549,3693,3856
55920,86661,8519,41689,5683,78142,7551,3693,3858
55925,86665,8519,41692,5683,78146,7551,3693,3858
55930,86675,8520,41695,5683,78155,7551,3693,3858
55935,86681,8520,41698,5683,78161,7552,3694,3858
55940,86692,8522,41702,5684,78170,7553,3695,3858
55945,86696,8522,41704,5684,78174,7553,3695,3858
55950,86706,8523,41709,5684,78183,7553,3695,3858
55955,86712,8523,41712,5684,78188,7554,3695,3859
55960,86723,8527,41720,5688,78196,7555,3695,3860
55965,86727,8527,41720,5688,78200,7555,3695,3860
55970,86737,8528,41723,5688,78209,7555,3695,3860
55975,86743,8528,41726,5688,78214,7557,3697,3860
55980,86754,8532,41733,5692,78222,7558,3698,3860
55985,86758,8532,41735,5692,78226,7558,3698,3860
55990,86768,8532,41740,5692,78236,7558,3698,3860
55995,86774,8532,41744,5692,78242,7560,3699,3861
56000,86785,8532,41751,5692,78253,7561,3699,3862
56005,86789,8532,41753,5692,78257,7561,3699,3862
56010,86799,8532,41758,5692,78267,7561,3699,3862
56015,86805,8532,41759,5692,78273,7562,3699,3863
56020,86816,8532,41762,5692,78284,7563,3699,3864
56025,86820,8532,41764,5692,78288,7563,3699,3864
56030,86830,8533,41770,5692,78297,7563,3699,3864
56035,86836,8533,41774,5692,78303,7564,3700,3864
56040,86847,8533,41780,5692,78314,7565,3700,3865
56045,86851,8533,41782,5692,78318,7565,3700,3865
56050,86861,8535,41785,5693,78326,7566,3700,3866
56055,86867,8535,41789,5693,78332,7567,3700,3867
56060,86878,8536,41793,5694,78342,7567,3700,3867
56065,86882,8537,41796,5695,78345,7567,3700,3867
56070,86892,8539,41799,5696,78353,7568,3700,3868
56075,86898,8539,41801,5696,78359,7569,3701,3868
56080,86909,8540,41807,5697,78369,7569,3701,3868
56085,86913,8540,41809,5697,78373,7569,3701,3868
56090,86923,8542,41813,5697,78381,7569,3701,3868
56095,86929,8542,41816,5697,78387,7570,3702,3868
56100,86940,8545,41825,5699,78395,7570,3702,3868
56105,86944,8545,41826,5699,78399,7570,3702,3868
56110,86954,8547,41832,5700,78407,7570,3702,3868
56115,86960,8547,41835,5700,78413,7571,3703,3868
56120,86971,8548,41837,5700,78423,7571,3703,3868
56125,86975,8548,41840,5700,78427,7571,3703,3868
56130,86985,8550,41844,5700,78435,7571,3703,3868
56135,86991,8550,41845,5700,78441,7572,3703,3869
56140,87002,8552,41852,5701,78450,7573,3704,3869
56145,87006,8552,41854,5701,78454,7573,3704,3869
56150,87016,8554,41859,5702,78462,7573,3704,3869
56155,87022,8554,41863,5702,78468,7574,3705,3869
56160,87033,8557,41870,5704,78476,7576,3706,3870
56165,87037,8557,41873,5704,78480,7576,3706,3870
56170,87047,8559,41876,5706,78488,7577,3706,3871
56175,87053,8559,41879,5706,78494,7579,3708,3871
56180,87064,8560,41884,5707,78504,7581,3708,3873
56185,87068,8560,41885,5707,78508,7581,3708,3873
56190,87078,8562,41890,5708,78516,7582,3708,3874
56195,87084,8562,41893,5708,78522,7584,3708,3876
56200,87095,8564,41896,5709,78531,7586,3708,3878
56205,87099,8566,41900,5711,78533,7586,3708,3878
56210,87109,8568,41905,5712,78541,7587,3709,3878
56215,87115,8568,41909,5712,78547,7589,3711,3878
56220,87126,8569,41914,5712,78557,7591,3713,3878
56225,87130,8570,41918,5713,78560,7591,3713,3878
56230,87140,8572,41923,5715,78568,7591,3713,3878
56235,87146,8572,41927,5715,78573,7593,3715,3878
56240,87157,8573,41930,5716,78584,7595,3716,3879
56245,87161,8573,41934,5716,78588,7595,3716,3879
56250,87171,8575,41938,5717,78596,7595,3716,3879
56255,87177,8575,41940,5717,78601,7597,3716,3881
56260,87188,8577,41947,5719,78611,7599,3717,3882
56265,87192,8577,41950,5719,78615,7599,3717,3882
56270,87202,8579,41954,5719,78623,7599,3717,3882
56275,87208,8579,41956,5719,78629,7601,3717,3884
56280,87219,8580,41960,5720,78639,7603,3719,3884
56285,87223,8580,41962,5720,78643,7603,3719,3884
56290,87233,8582,41967,5721,78651,7603,3719,3884
56295,87239,8582,41970,5721,78657,7604,3720,3884
56300,87250,8582,41977,5721,78668,7604,3720,3884
56305,87254,8582,41979,5721,78672,7604,3720,3884
56310,87264,8584,41985,5722,78680,7604,3720,3884
56315,87270,8584,41987,5722,78686,7605,3720,3885
56320,87281,8584,41993,5722,78697,7605,3720,3885
56325,87285,8585,41995,5723,78700,7605,3720,3885
56330,87295,8587,42004,5724,78708,7606,3721,3885
56335,87301,8587,42005,5724,78714,7607,3721,3886
56340,87312,8588,42010,5724,78724,7608,3721,3887
56345,87316,8589,42011,5725,78727,7608,3721,3887
56350,87326,8591,42017,5727,78735,7609,3722,3887
56355,87332,8591,42021,5727,78741,7610,3723,3887
56360,87343,8592,42028,5728,78751,7612,3724,3888
56365,87347,8594,42032,5730,78753,7612,3724,3888
56370,87357,8596,42034,5730,78761,7613,3724,3889
56375,87363,8596,42036,5730,78767,7614,3724,3890
56380,87374,8598,42045,5731,78776,7616,3726,3890
56385,87378,8598,42045,5731,78780,7616,3726,3890
56390,87388,8600,42051,5732,78788,7617,3726,3891
56395,87394,8600,42053,5732,78794,7618,3726,3892
56400,87405,8602,42057,5734,78803,7620,3727,3893
56405,87409,8602,42058,5734,78807,7620,3727,3893
56410,87419,8602,42065,5734,78817,7620,3727,3893
56415,87425,8602,42069,5734,78823,7622,3728,3894
56420,87436,8602,42076,5734,78834,7622,3728,3894
56425,87440,8602,42077,5734,78838,7622,3728,3894
56430,87450,8602,42081,5734,78848,7622,3728,3894
56435,87456,8602,42083,5734,78854,7624,3729,3895
56440,87467,8602,42089,5734,78865,7624,3729,3895
56445,87471,8602,42091,5734,78869,7624,3729,3895
56450,87481,8602,42095,5734,78879,7624,3729,3895
56455,87487,8602,42099,5734,78885,7625,3730,3895
56460,87498,8602,42105,5734,78896,7625,3730,3895
56465,87502,8602,42108,5734,78900,7625,3730,3895
56470,87512,8602,42112,5734,78910,7625,3730,3895
56475,87518,8602,42114,5734,78916,7626,3730,3896
56480,87529,8602,42119,5734,78927,7626,3730,3896
56485,87533,8602,42122,5734,78931,7626,3730,3896
56490,87543,8602,42130,5734,78941,7626,3730,3896
56495,87549,8602,42135,5734,78947,7627,3731,3896
56500,87560,8602,42140,5734,78958,7627,3731,3896
56505,87564,8602,42142,5734,78962,7627,3731,3896
56510,87574,8604,42147,5735,78970,7627,3731,3896
56515,87580,8604,42152,5735,78976,7628,3732,3896
56520,87591,8606,42157,5736,78985,7630,3733,3897
56525,87595,8606,42157,5736,78989,7630,3733,3897
56530,87605,8608,42162,5737,78997,7631,3733,3898
56535,87611,8608,42166,5737,79003,7632,3734,3898
56540,87622,8609,42170,5737,79013,7632,3734,3898
56545,87626,8609,42172,5737,79017,7632,3734,3898
56550,87636,8610,42179,5737,79026,7633,3735,3898
56555,87642,8610,42180,5737,79032,7634,3735,3899
56560,87653,8611,42183,5738,79042,7634,3735,3899
56565,87657,8611,42184,5738,79046,7634,3735,3899
56570,87667,8612,42191,5739,79055,7634,3735,3899
56575,87673,8612,42195,5739,79061,7635,3736,3899
56580,87684,8614,42201,5741,79070,7635,3736,3899
56585,87688,8614,42203,5741,79074,7635,3736,3899
56590,87698,8615,42208,5741,79083,7635,3736,3899
56595,87704,8615,42209,5741,79089,7636,3736,3900
56600,87715,8617,42214,5742,79098,7636,3736,3900
56605,87719,8617,42217,5742,79102,7636,3736,3900
56610,87729,8618,42221,5743,79111,7636,3736,3900
56615,87735,8618,42225,5743,79117,7637,3737,3900
56620,87746,8619,42229,5744,79127,7637,3737,3900
56625,87750,8619,42231,5744,79131,7637,3737,3900
56630,87760,8620,42238,5745,79140,7637,3737,3900
56635,87766,8620,42242,5745,79146,7639,3738,3901
56640,87777,8623,42250,5748,79154,7641,3740,3901
56645,87781,8623,42251,5748,79158,7641,3740,3901
56650,87791,8625,42257,5750,79166,7641,3740,3901
56655,87797,8625,42261,5750,79172,7643,3740,3903
56660,87808,8626,42267,5751,79182,7645,3741,3904
56665,87812,8627,42271,5752,79185,7645,3741,3904
56670,87822,8629,42277,5754,79193,7645,3741,3904
56675,87828,8629,42279,5754,79199,7647,3742,3905
56680,87839,8630,42287,5755,79209,7649,3743,3906
56685,87843,8630,42289,5755,79213,7649,3743,3906
56690,87853,8632,42294,5756,79221,7649,3743,3906
56695,87859,8632,42297,5756,79227,7651,3745,3906
56700,87870,8633,42301,5757,79237,7653,3745,3908
56705,87874,8633,42304,5757,79241,7653,3745,3908
56710,87884,8635,42309,5758,79249,7654,3745,3909
56715,87890,8635,42312,5758,79255,7655,3745,3910
56720,87901,8635,42317,5758,79266,7656,3745,3911
56725,87905,8635,42318,5758,79270,7656,3745,3911
56730,87915,8637,42322,5759,79278,7657,3745,3912
56735,87921,8637,42323,5759,79284,7658,3745,3913
56740,87932,8637,42328,5759,79295,7659,3745,3914
56745,87936,8637,42329,5759,79299,7659,3745,3914
56750,87946,8639,42335,5759,79307,7660,3746,3914
56755,87952,8639,42336,5759,79313,7661,3747,3914
56760,87963,8642,42341,5761,79321,7662,3747,3915
56765,87967,8643,42344,5762,79324,7662,3747,3915
56770,87977,8644,42350,5763,79333,7662,3747,3915
56775,87983,8644,42355,5763,79338,7663,3747,3916
56780,87994,8646,42361,5765,79348,7663,3747,3916
56785,87998,8646,42363,5765,79352,7663,3747,3916
56790,88008,8647,42369,5766,79361,7663,3747,3916
56795,88014,8647,42369,5766,79367,7664,3747,3917
56800,88025,8648,42373,5767,79377,7664,3747,3917
56805,88029,8648,42374,5767,79381,7664,3747,3917
56810,88039,8649,42380,5767,79390,7664,3747,3917
56815,88045,8649,42382,5767,79396,7665,3747,3918
56820,88056,8650,42388,5768,79406,7665,3747,3918
56825,88060,8650,42390,5768,79410,7665,3747,3918
56830,88070,8651,42395,5769,79419,7665,3747,3918
56835,88076,8651,42397,5769,79425,7666,3747,3919
56840,88087,8652,42401,5770,79435,7666,3747,3919
56845,88091,8652,42402,5770,79439,7666,3747,3919
56850,88101,8653,42407,5770,79448,7666,3747,3919
56855,88107,8653,42409,5770,79454,7667,3748,3919
56860,88118,8653,42416,5770,79465,7667,3748,3919
56865,88122,8653,42420,5770,79469,7667,3748,3919
56870,88132,8655,42425,5772,79477,7667,3748,3919
56875,88138,8655,42425,5772,79483,7668,3748,3920
56880,88149,8657,42426,5773,79492,7668,3748,3920
56885,88153,8657,42427,5773,79496,7668,3748,3920
56890,88163,8658,42431,5773,79505,7668,3748,3920
56895,88169,8658,42436,5773,79510,7670,3750,3920
56900,88180,8661,42442,5775,79519,7671,3751,3920
56905,88184,8661,42444,5775,79523,7671,3751,3920
56910,88194,8662,42448,5775,79532,7671,3751,3920
56915,88200,8662,42450,5775,79537,7673,3751,3922
56920,88211,8665,42456,5778,79546,7674,3751,3923
56925,88215,8665,42457,5778,79550,7674,3751,3923
56930,88225,8666,42461,5778,79559,7675,3752,3923
56935,88231,8666,42463,5778,79564,7677,3752,3925
56940,88242,8668,42467,5779,79574,7679,3752,3927
56945,88246,8668,42470,5779,79578,7679,3752,3927
56950,88256,8669,42476,5779,79587,7680,3753,3927
56955,88262,8669,42478,5779,79593,7681,3753,3928
56960,88273,8672,42483,5781,79601,7683,3754,3929
56965,88277,8672,42484,5781,79605,7683,3754,3929
56970,88287,8673,42485,5781,79614,7684,3754,3930
56975,88293,8673,42490,5781,79619,7685,3755,3930
56980,88304,8678,42496,5785,79626,7687,3755,3932
56985,88308,8678,42496,5785,79630,7687,3755,3932
56990,88318,8679,42505,5786,79639,7688,3756,3932
56995,88324,8679,42507,5786,79645,7689,3757,3932
57000,88335,8681,42513,5788,79654,7691,3759,3932
57005,88339,8681,42516,5788,79658,7691,3759,3932
57010,88349,8682,42521,5788,79667,7692,3759,3933
57015,88355,8682,42523,5788,79673,7693,3759,3934
57020,88366,8682,42531,5788,79684,7694,3760,3934
57025,88370,8682,42533,5788,79688,7694,3760,3934
57030,88380,8683,42540,5789,79697,7694,3760,3934
57035,88386,8683,42545,5789,79702,7695,3761,3934
57040,88397,8684,42548,5790,79713,7696,3762,3934
57045,88401,8684,42549,5790,79717,7696,3762,3934
57050,88411,8685,42553,5791,79726,7696,3762,3934
57055,88417,8685,42554,5791,79732,7698,3762,3936
57060,88428,8686,42560,5792,79742,7699,3763,3936
57065,88432,8686,42562,5792,79746,7699,3763,3936
57070,88442,8688,42565,5792,79754,7699,3763,3936
57075,88448,8688,42567,5792,79760,7700,3763,3937
57080,88459,8688,42571,5792,79771,7701,3763,3938
57085,88463,8689,42574,5793,79774,7701,3763,3938
57090,88473,8691,42578,5793,79782,7701,3763,3938
57095,88479,8691,42583,5793,79788,7702,3764,3938
57100,88490,8691,42588,5793,79799,7703,3764,3939
57105,88494,8692,42590,5794,79802,7703,3764,3939
57110,88504,8694,42595,5795,79810,7703,3764,3939
57115,88510,8694,42598,5795,79816,7704,3764,3940
57120,88521,8695,42603,5796,79826,7705,3765,3940
57125,88525,8696,42606,5797,79829,7705,3765,3940
57130,88535,8697,42612,5798,79838,7705,3765,3940
57135,88541,8697,42616,5798,79843,7706,3765,3941
57140,88552,8700,42620,5801,79852,7707,3765,3942
57145,88556,8701,42622,5802,79855,7707,3765,3942
57150,88566,8702,42626,5803,79864,7707,3765,3942
57155,88572,8702,42629,5803,79870,7708,3766,3942
57160,88583,8704,42635,5805,79879,7709,3766,3943
57165,88587,8705,42637,5806,79882,7709,3766,3943
57170,88597,8706,42641,5806,79891,7710,3766,3944
57175,88603,8706,42643,5806,79897,7711,3767,3944
57180,88614,8707,42649,5807,79907,7713,3768,3945
57185,88618,8708,42650,5808,79910,7713,3768,3945
57190,88628,8709,42656,5808,79919,7714,3769,3945
57195,88634,8709,42660,5808,79925,7715,3770,3945
57200,88645,8710,42665,5808,79935,7716,3770,3946
57205,88649,8710,42666,5808,79939,7716,3770,3946
57210,88659,8711,42670,5808,79948,7717,3770,3947
57215,88665,8711,42673,5808,79954,7718,3771,3947
57220,88676,8712,42677,5808,79964,7719,3771,3948
57225,88680,8712,42678,5808,79968,7719,3771,3948
57230,88690,8713,42682,5808,79977,7720,3772,3948
57235,88696,8713,42683,5808,79983,7722,3773,3949
57240,88707,8715,42690,5809,79992,7723,3774,3949
57245,88711,8715,42692,5809,79996,7723,3774,3949
57250,88721,8717,42697,5809,80004,7723,3774,3949
57255,88727,8717,42702,5809,80010,7724,3774,3950
57260,88738,8719,42708,5811,80019,7725,3775,3950
57265,88742,8719,42709,5811,80023,7725,3775,3950
57270,88752,8721,42716,5812,80031,7725,3775,3950
57275,88758,8721,42719,5812,80036,7726,3775,3951
57280,88769,8724,42725,5815,80045,7727,3775,3952
57285,88773,8724,42727,5815,80049,7727,3775,3952
57290,88783,8726,42730,5815,80057,7727,3775,3952
57295,88789,8726,42731,5815,80063,7727,3775,3952
57300,88800,8729,42735,5818,80071,7728,3775,3953
57305,88804,8729,42735,5818,80075,7728,3775,3953
57310,88814,8730,42741,5818,80084,7728,3775,3953
57315,88820,8730,42744,5818,80090,7728,3775,3953
57320,88831,8733,42752,5821,80098,7729,3776,3953
57325,88835,8733,42755,5821,80102,7729,3776,3953
57330,88845,8734,42759,5822,80111,7729,3776,3953
57335,88851,8734,42760,5822,80117,7729,3776,3953
57340,88862,8736,42762,5823,80126,7730,3776,3954
57345,88866,8736,42765,5823,80130,7730,3776,3954
57350,88876,8737,42771,5824,80139,7730,3776,3954
57355,88882,8737,42774,5824,80145,7731,3777,3954
57360,88893,8740,42780,5827,80153,7732,3777,3955
57365,88897,8740,42780,5827,80157,7732,3777,3955
57370,88907,8740,42786,5827,80167,7733,3778,3955
57375,88913,8740,42789,5827,80173,7733,3778,3955
57380,88924,8740,42794,5827,80184,7735,3778,3957
57385,88928,8740,42796,5827,80188,7735,3778,3957
57390,88938,8740,42800,5827,80198,7736,3779,3957
57395,88944,8740,42803,5827,80204,7736,3779,3957
57400,88955,8740,42808,5827,80215,7738,3781,3957
57405,88959,8740,42809,5827,80219,7738,3781,3957
57410,88969,8741,42814,5828,80228,7738,3781,3957
57415,88975,8741,42818,5828,80234,7738,3781,3957
57420,88986,8741,42820,5828,80245,7740,3781,3959
57425,88990,8742,42822,5829,80248,7740,3781,3959
57430,89000,8744,42827,5830,80256,7740,3781,3959
57435,89006,8744,42829,5830,80262,7740,3781,3959
57440,89017,8744,42834,5830,80273,7740,3781,3959
57445,89021,8744,42836,5830,80277,7740,3781,3959
57450,89031,8746,42840,5831,80285,7740,3781,3959
57455,89037,8746,42842,5831,80291,7740,3781,3959
57460,89048,8747,42851,5832,80301,7740,3781,3959
57465,89052,8747,42853,5832,80305,7740,3781,3959
57470,89062,8749,42859,5834,80313,7740,3781,3959
57475,89068,8749,42862,5834,80318,7740,3781,3959
57480,89079,8752,42866,5837,80327,7740,3781,3959
57485,89083,8752,42866,5837,80331,7740,3781,3959
57490,89093,8754,42870,5839,80339,7740,3781,3959
57495,89099,8754,42873,5839,80345,7741,3782,3959
57500,89110,8755,42878,5840,80355,7742,3783,3959
57505,89114,8755,42879,5840,80359,7742,3783,3959
57510,89124,8757,42885,5842,80367,7743,3784,3959
57515,89130,8757,42887,5842,80373,7744,3785,3959
57520,89141,8758,42892,5843,80383,7745,3786,3959
57525,89145,8760,42894,5845,80385,7745,3786,3959
57530,89155,8762,42900,5847,80393,7746,3786,3960
57535,89161,8762,42903,5847,80399,7747,3787,3960
57540,89172,8763,42906,5847,80409,7749,3788,3961
57545,89176,8764,42910,5848,80412,7749,3788,3961
57550,89186,8766,42915,5849,80420,7750,3788,3962
57555,89192,8766,42919,5849,80426,7751,3788,3963
57560,89203,8768,42925,5851,80435,7753,3789,3964
57565,89207,8769,42928,5852,80438,7753,3789,3964
57570,89217,8771,42931,5852,80446,7754,3789,3965
57575,89223,8771,42936,5852,80452,7755,3790,3965
57580,89234,8773,42942,5854,80461,7757,3791,3966
57585,89238,8774,42945,5855,80464,7757,3791,3966
57590,89248,8776,42949,5856,80472,7758,3791,3967
57595,89254,8776,42954,5856,80478,7759,3792,3967
57600,89265,8779,42959,5859,80486,7761,3793,3968
57605,89269,8779,42961,5859,80490,7761,3793,3968
57610,89279,8779,42964,5859,80500,7761,3793,3968
57615,89285,8779,42967,5859,80506,7762,3793,3969
57620,89296,8780,42972,5860,80516,7763,3793,3970
57625,89300,8781,42974,5861,80519,7763,3793,3970
57630,89310,8781,42977,5861,80529,7763,3793,3970
57635,89316,8781,42980,5861,80535,7764,3794,3970
57640,89327,8782,42984,5861,80545,7765,3794,3971
57645,89331,8782,42985,5861,80549,7765,3794,3971
57650,89341,8782,42989,5861,80559,7765,3794,3971
57655,89347,8782,42992,5861,80565,7766,3794,3972
57660,89358,8784,42995,5862,80574,7767,3794,3973
57665,89362,8784,42997,5862,80578,7767,3794,3973
57670,89372,8784,43000,5862,80588,7767,3794,3973
57675,89378,8784,43004,5862,80594,7768,3795,3973
57680,89389,8786,43009,5863,80603,7768,3795,3973
57685,89393,8786,43010,5863,80607,7768,3795,3973
57690,89403,8786,43016,5863,80617,7768,3795,3973
57695,89409,8786,43018,5863,80623,7769,3795,3974
57700,89420,8788,43023,5864,80632,7769,3795,3974
57705,89424,8788,43024,5864,80636,7769,3795,3974
57710,89434,8790,43029,5865,80644,7769,3795,3974
57715,89440,8790,43031,5865,80650,7770,3795,3975
57720,89451,8791,43035,5866,80660,7770,3795,3975
57725,89455,8791,43038,5866,80664,7770,3795,3975
57730,89465,8793,43041,5866,80672,7770,3795,3975
57735,89471,8793,43045,5866,80678,7770,3795,3975
57740,89482,8793,43050,5866,80689,7771,3795,3976
57745,89486,8793,43052,5866,80693,7771,3795,3976
57750,89496,8795,43057,5868,80701,7771,3795,3976
57755,89502,8795,43062,5868,80707,7771,3795,3976
57760,89513,8796,43071,5869,80717,7772,3796,3976
57765,89517,8797,43074,5870,80720,7772,3796,3976
57770,89527,8799,43079,5871,80728,7772,3796,3976
57775,89533,8799,43082,5871,80734,7772,3796,3976
57780,89544,8801,43090,5873,80743,7774,3797,3977
57785,89548,8801,43094,5873,80747,7774,3797,3977
57790,89558,8802,43100,5873,80756,7774,3797,3977
57795,89564,8802,43102,5873,80762,7775,3797,3978
57800,89575,8803,43108,5874,80772,7775,3797,3978
57805,89579,8803,43110,5874,80776,7775,3797,3978
57810,89589,8804,43115,5875,80785,7775,3797,3978
57815,89595,8804,43119,5875,80791,7776,3798,3978
57820,89606,8805,43126,5876,80801,7776,3798,3978
57825,89610,8805,43129,5876,80805,7776,3798,3978
57830,89620,8806,43135,5876,80814,7776,3798,3978
57835,89626,8806,43138,5876,80820,7777,3798,3979
57840,89637,8807,43142,5877,80830,7777,3798,3979
57845,89641,8808,43144,5878,80833,7777,3798,3979
57850,89651,8810,43148,5879,80841,7777,3798,3979
57855,89657,8810,43152,5879,80847,7777,3798,3979
57860,89668,8811,43158,5879,80857,7778,3799,3979
57865,89672,8813,43160,5881,80859,7778,3799,3979
57870,89682,8815,43165,5882,80867,7778,3799,3979
57875,89688,8815,43167,5882,80872,7778,3799,3979
57880,89699,8818,43172,5884,80881,7779,3799,3980
57885,89703,8819,43174,5885,80884,7779,3799,3980
57890,89713,8821,43176,5885,80892,7780,3799,3981
57895,89719,8821,43180,5885,80898,7780,3799,3981
57900,89730,8822,43186,5885,80908,7782,3801,3981
57905,89734,8822,43187,5885,80912,7782,3801,3981
57910,89744,8824,43193,5886,80920,7782,3801,3981
57915,89750,8824,43194,5886,80926,7782,3801,3981
57920,89761,8825,43201,5886,80936,7783,3802,3981
57925,89765,8825,43203,5886,80940,7783,3802,3981
57930,89775,8827,43209,5887,80948,7783,3802,3981
57935,89781,8827,43211,5887,80954,7783,3802,3981
57940,89792,8828,43221,5888,80964,7784,3803,3981
57945,89796,8828,43223,5888,80968,7784,3803,3981
57950,89806,8830,43228,5889,80976,7784,3803,3981
57955,89812,8830,43232,5889,80981,7785,3804,3981
57960,89823,8833,43237,5892,80990,7787,3805,3982
57965,89827,8833,43238,5892,80994,7787,3805,3982
57970,89837,8834,43243,5893,81003,7787,3805,3982
57975,89843,8834,43243,5893,81009,7788,3805,3983
57980,89854,8836,43247,5894,81018,7789,3805,3984
57985,89858,8837,43250,5895,81021,7789,3805,3984
57990,89868,8838,43257,5896,81030,7789,3805,3984
57995,89874,8838,43259,5896,81035,7790,3805,3985
58000,89885,8841,43266,5898,81044,7791,3806,3985
58005,89889,8841,43266,5898,81048,7791,3806,3985
58010,89899,8842,43268,5898,81057,7791,3806,3985
58015,89905,8842,43273,5898,81062,7792,3807,3985
58020,89916,8845,43279,5900,81071,7793,3807,3986
58025,89920,8845,43281,5900,81075,7793,3807,3986
58030,89930,8845,43286,5900,81085,7794,3807,3987
58035,89936,8845,43290,5900,81091,7794,3807,3987
58040,89947,8845,43298,5900,81102,7794,3807,3987
58045,89951,8845,43299,5900,81106,7794,3807,3987
58050,89961,8845,43303,5900,81116,7794,3807,3987
58055,89967,8845,43307,5900,81122,7794,3807,3987
58060,89978,8845,43310,5900,81133,7794,3807,3987
58065,89982,8845,43312,5900,81137,7794,3807,3987
58070,89992,8846,43314,5900,81146,7794,3807,3987
58075,89998,8846,43316,5900,81152,7794,3807,3987
58080,90009,8847,43325,5901,81162,7794,3807,3987
58085,90013,8847,43326,5901,81166,7794,3807,3987
58090,90023,8849,43333,5902,81174,7794,3807,3987
58095,90029,8849,43337,5902,81180,7794,3807,3987
58100,90040,8851,43340,5903,81189,7794,3807,3987
58105,90044,8851,43342,5903,81193,7794,3807,3987
58110,90054,8853,43346,5905,81201,7794,3807,3987
58115,90060,8853,43348,5905,81207,7794,3807,3987
58120,90071,8855,43353,5907,81216,7794,3807,3987
58125,90075,8856,43355,5908,81219,7794,3807,3987
58130,90085,8858,43360,5910,81227,7794,3807,3987
58135,90091,8858,43364,5910,81232,7795,3807,3988
58140,90102,8861,43370,5913,81241,7796,3807,3989
58145,90106,8862,43372,5914,81244,7796,3807,3989
58150,90116,8863,43379,5915,81253,7797,3808,3989
58155,90122,8863,43382,5915,81259,7798,3809,3989
58160,90133,8865,43387,5916,81268,7800,3811,3989
58165,90137,8866,43389,5917,81271,7800,3811,3989
58170,90147,8867,43396,5918,81280,7801,3812,3989
58175,90153,8867,43401,5918,81286,7802,3813,3989
58180,90164,8869,43406,5920,81295,7803,3813,3990
58185,90168,8869,43407,5920,81299,7803,3813,3990
58190,90178,8870,43409,5920,81308,7804,3813,3991
58195,90184,8870,43412,5920,81314,7805,3813,3992
58200,90195,8871,43417,5921,81324,7806,3813,3993
58205,90199,8872,43419,5922,81327,7806,3813,3993
58210,90209,8873,43422,5922,81336,7807,3813,3994
58215,90215,8873,43423,5922,81342,7808,3813,3995
58220,90226,8874,43427,5923,81352,7809,3813,3996
58225,90230,8874,43429,5923,81356,7809,3813,3996
58230,90240,8875,43432,5923,81365,7810,3814,3996
58235,90246,8875,43433,5923,81371,7811,3814,3997
58240,90257,8876,43435,5923,81381,7812,3814,3998
58245,90261,8876,43437,5923,81385,7812,3814,3998
58250,90271,8878,43440,5923,81393,7813,3814,3999
58255,90277,8878,43445,5923,81399,7814,3815,3999
58260,90288,8882,43450,5926,81406,7815,3815,4000
58265,90292,8882,43451,5926,81410,7815,3815,4000
58270,90302,8883,43457,5926,81419,7815,3815,4000
58275,90308,8883,43460,5926,81425,7816,3816,4000
58280,90319,8883,43464,5926,81436,7817,3817,4000
58285,90323,8883,43467,5926,81440,7817,3817,4000
58290,90333,8883,43473,5926,81450,7817,3817,4000
58295,90339,8883,43475,5926,81456,7818,3818,4000
58300,90350,8883,43482,5926,81467,7819,3818,4001
58305,90354,8883,43482,5926,81471,7819,3818,4001
58310,90364,8883,43485,5926,81481,7819,3818,4001
58315,90370,8883,43487,5926,81487,7820,3819,4001
58320,90381,8883,43490,5926,81498,7820,3819,4001
58325,90385,8883,43490,5926,81502,7820,3819,4001
58330,90395,8883,43496,5926,81512,7820,3819,4001
58335,90401,8883,43498,5926,81518,7821,3819,4002
58340,90412,8883,43502,5926,81529,7821,3819,4002
58345,90416,8883,43505,5926,81533,7821,3819,4002
58350,90426,8883,43512,5926,81543,7821,3819,4002
58355,90432,8883,43516,5926,81549,7822,3820,4002
58360,90443,8883,43521,5926,81560,7822,3820,4002
58365,90447,8883,43524,5926,81564,7822,3820,4002
58370,90457,8884,43530,5927,81573,7822,3820,4002
58375,90463,8884,43531,5927,81579,7823,3820,4003
58380,90474,8887,43538,5930,81587,7823,3820,4003
58385,90478,8888,43540,5931,81590,7823,3820,4003
58390,90488,8890,43545,5932,81598,7823,3820,4003
58395,90494,8890,43549,5932,81604,7824,3821,4003
58400,90505,8893,43555,5935,81612,7825,3822,4003
58405,90509,8894,43558,5936,81615,7825,3822,4003
58410,90519,8896,43563,5936,81623,7825,3822,4003
58415,90525,8896,43566,5936,81629,7826,3823,4003
58420,90536,8897,43571,5937,81639,7828,3823,4005
58425,90540,8897,43574,5937,81643,7828,3823,4005
58430,90550,8899,43581,5938,81651,7829,3823,4006
58435,90556,8899,43583,5938,81657,7830,3823,4007
58440,90567,8901,43587,5939,81666,7832,3824,4008
58445,90571,8901,43588,5939,81670,7832,3824,4008
58450,90581,8903,43594,5941,81678,7833,3824,4009
58455,90587,8903,43596,5941,81684,7834,3824,4010
58460,90598,8904,43600,5942,81694,7835,3825,4010
58465,90602,8904,43601,5942,81698,7835,3825,4010
58470,90612,8906,43604,5943,81706,7836,3825,4011
58475,90618,8906,43606,5943,81712,7837,3826,4011
58480,90629,8908,43612,5944,81721,7838,3827,4011
58485,90633,8908,43613,5944,81725,7838,3827,4011
58490,90643,8910,43617,5945,81733,7839,3827,4012
58495,90649,8910,43620,5945,81739,7840,3828,4012
58500,90660,8913,43627,5948,81747,7841,3828,4013
58505,90664,8914,43629,5949,81750,7841,3828,4013
58510,90674,8915,43637,5950,81759,7841,3828,4013
58515,90680,8915,43639,5950,81765,7842,3828,4014
58520,90691,8917,43643,5952,81774,7844,3828,4016
58525,90695,8919,43645,5954,81776,7844,3828,4016
58530,90705,8920,43649,5955,81785,7844,3828,4016
58535,90711,8920,43652,5955,81791,7845,3828,4017
58540,90722,8921,43659,5956,81801,7847,3828,4019
58545,90726,8922,43661,5957,81804,7847,3828,4019
58550,90736,8923,43666,5958,81813,7847,3828,4019
58555,90742,8923,43670,5958,81819,7848,3828,4020
58560,90753,8925,43673,5959,81828,7850,3828,4022
58565,90757,8925,43674,5959,81832,7850,3828,4022
58570,90767,8925,43678,5959,81842,7850,3828,4022
58575,90773,8925,43681,5959,81848,7850,3828,4022
58580,90784,8925,43686,5959,81859,7851,3828,4023
58585,90788,8925,43688,5959,81863,7851,3828,4023
58590,90798,8925,43692,5959,81873,7851,3828,4023
58595,90804,8925,43695,5959,81879,7851,3828,4023
58600,90815,8925,43700,5959,81890,7852,3828,4024
58605,90819,8925,43702,5959,81894,7852,3828,4024
58610,90829,8926,43707,5959,81903,7853,3828,4025
58615,90835,8926,43711,5959,81909,7853,3828,4025
58620,90846,8927,43716,5960,81919,7854,3829,4025
58625,90850,8927,43717,5960,81923,7854,3829,4025
58630,90860,8929,43718,5960,81931,7854,3829,4025
58635,90866,8929,43721,5960,81937,7854,3829,4025
58640,90877,8930,43725,5961,81947,7854,3829,4025
58645,90881,8930,43726,5961,81951,7854,3829,4025
58650,90891,8932,43731,5963,81959,7854,3829,4025
58655,90897,8932,43733,5963,81965,7854,3829,4025
58660,90908,8933,43740,5964,81975,7854,3829,4025
58665,90912,8934,43743,5965,81978,7854,3829,4025
58670,90922,8936,43744,5965,81986,7854,3829,4025
58675,90928,8936,43746,5965,81992,7854,3829,4025
58680,90939,8939,43755,5968,82000,7854,3829,4025
58685,90943,8940,43756,5969,82003,7854,3829,4025
58690,90953,8942,43761,5969,82011,7854,3829,4025
58695,90959,8942,43764,5969,82017,7854,3829,4025
58700,90970,8944,43770,5971,82026,7855,3829,4026
58705,90974,8945,43772,5972,82029,7855,3829,4026
58710,90984,8946,43775,5972,82038,7855,3829,4026
58715,90990,8946,43776,5972,82044,7855,3829,4026
58720,91001,8948,43783,5974,82053,7856,3829,4027
58725,91005,8948,43784,5974,82057,7856,3829,4027
58730,91015,8949,43788,5975,82066,7857,3829,4028
58735,91021,8949,43791,5975,82071,7858,3829,4029
58740,91032,8951,43795,5976,82081,7860,3830,4030
58745,91036,8951,43798,5976,82085,7860,3830,4030
58750,91046,8951,43804,5976,82095,7860,3830,4030
58755,91052,8951,43806,5976,82101,7861,3830,4031
58760,91063,8953,43813,5977,82110,7862,3831,4031
58765,91067,8953,43815,5977,82114,7862,3831,4031
58770,91077,8953,43820,5977,82124,7862,3831,4031
58775,91083,8953,43825,5977,82130,7863,3831,4032
58780,91094,8955,43831,5978,82139,7864,3831,4033
58785,91098,8956,43832,5979,82142,7864,3831,4033
58790,91108,8956,43837,5979,82152,7864,3831,4033
58795,91114,8956,43838,5979,82158,7865,3831,4034
58800,91125,8958,43844,5980,82167,7866,3832,4034
58805,91129,8958,43847,5980,82171,7866,3832,4034
58810,91139,8959,43851,5981,82180,7866,3832,4034
58815,91145,8959,43856,5981,82186,7867,3833,4034
58820,91156,8960,43862,5982,82196,7868,3834,4034
58825,91160,8960,43864,5982,82200,7868,3834,4034
58830,91170,8961,43866,5982,82209,7868,3834,4034
58835,91176,8961,43869,5982,82215,7869,3834,4035
58840,91187,8962,43873,5983,82225,7869,3834,4035
58845,91191,8962,43877,5983,82229,7869,3834,4035
58850,91201,8964,43880,5984,82237,7869,3834,4035
58855,91207,8964,43885,5984,82243,7870,3834,4036
58860,91218,8967,43892,5986,82251,7870,3834,4036
58865,91222,8967,43893,5986,82255,7870,3834,4036
58870,91232,8969,43896,5987,82263,7871,3834,4037
58875,91238,8969,43901,5987,82269,7871,3834,4037
58880,91249,8971,43907,5989,82278,7872,3834,4038
58885,91253,8972,43910,5990,82281,7872,3834,4038
58890,91263,8974,43917,5992,82289,7873,3835,4038
58895,91269,8974,43923,5992,82295,7873,3835,4038
58900,91280,8978,43931,5996,82302,7874,3835,4039
58905,91284,8979,43933,5997,82305,7874,3835,4039
58910,91294,8981,43939,5999,82313,7875,3835,4040
58915,91300,8981,43942,5999,82319,7875,3835,4040
58920,91311,8982,43946,6000,82329,7876,3835,4041
58925,91315,8982,43948,6000,82333,7876,3835,4041
58930,91325,8983,43955,6001,82342,7876,3835,4041
58935,91331,8983,43958,6001,82347,7877,3836,4041
58940,91342,8985,43965,6003,82357,7877,3836,4041
58945,91346,8985,43967,6003,82361,7877,3836,4041
58950,91356,8986,43970,6003,82370,7877,3836,4041
58955,91362,8986,43974,6003,82376,7878,3837,4041
58960,91373,8987,43979,6004,82386,7878,3837,4041
58965,91377,8987,43980,6004,82390,7878,3837,4041
58970,91387,8988,43986,6005,82399,7878,3837,4041
58975,91393,8988,43989,6005,82405,7879,3838,4041
58980,91404,8988,43995,6005,82416,7879,3838,4041
58985,91408,8988,43995,6005,82420,7879,3838,4041
58990,91418,8989,44001,6005,82429,7879,3838,4041
58995,91424,8989,44003,6005,82435,7879,3838,4041
59000,91435,8989,44007,6005,82446,7879,3838,4041
59005,91439,8989,44009,6005,82450,7879,3838,4041
59010,91449,8990,44012,6006,82459,7879,3838,4041
59015,91455,8990,44014,6006,82465,7879,3838,4041
59020,91466,8990,44019,6006,82476,7879,3838,4041
59025,91470,8990,44022,6006,82480,7879,3838,4041
59030,91480,8992,44030,6008,82488,7879,3838,4041
59035,91486,8992,44035,6008,82494,7879,3838,4041
59040,91497,8993,44041,6009,82504,7880,3838,4042
59045,91501,8993,44042,6009,82508,7880,3838,4042
59050,91511,8994,44047,6010,82517,7881,3839,4042
59055,91517,8994,44049,6010,82523,7881,3839,4042
59060,91528,8995,44054,6011,82533,7882,3839,4043
59065,91532,8996,44056,6012,82536,7882,3839,4043
59070,91542,8997,44061,6013,82545,7883,3840,4043
59075,91548,8997,44065,6013,82551,7883,3840,4043
59080,91559,9000,44072,6016,82559,7884,3840,4044
59085,91563,9000,44074,6016,82563,7884,3840,4044
59090,91573,9001,44078,6017,82572,7885,3841,4044
59095,91579,9001,44080,6017,82578,7885,3841,4044
59100,91590,9002,44084,6017,82588,7886,3842,4044
59105,91594,9002,44085,6017,82592,7886,3842,4044
59110,91604,9003,44091,6018,82601,7887,3843,4044
59115,91610,9003,44094,6018,82606,7887,3843,4044
59120,91621,9005,44100,6020,82616,7887,3843,4044
59125,91625,9005,44101,6020,82620,7887,3843,4044
59130,91635,9006,44105,6020,82629,7888,3843,4045
59135,91641,9006,44109,6020,82634,7888,3843,4045
59140,91652,9007,44114,6021,82645,7888,3843,4045
59145,91656,9008,44116,6022,82648,7888,3843,4045
59150,91666,9010,44120,6023,82656,7889,3843,4046
59155,91672,9010,44124,6023,82661,7890,3844,4046
59160,91683,9013,44128,6026,82670,7891,3844,4047
59165,91687,9013,44129,6026,82674,7891,3844,4047
59170,91697,9014,44136,6027,82683,7891,3844,4047
59175,91703,9014,44140,6027,82689,7892,3845,4047
59180,91714,9014,44141,6027,82700,7893,3845,4048
59185,91718,9014,44142,6027,82704,7893,3845,4048
59190,91728,9015,44144,6027,82713,7893,3845,4048
59195,91734,9015,44146,6027,82719,7894,3845,4049
59200,91745,9016,44154,6028,82729,7894,3845,4049
59205,91749,9016,44157,6028,82733,7894,3845,4049
59210,91759,9017,44162,6029,82742,7894,3845,4049
59215,91765,9017,44165,6029,82748,7895,3846,4049
59220,91776,9020,44172,6032,82756,7895,3846,4049
59225,91780,9020,44174,6032,82760,7895,3846,4049
59230,91790,9021,44178,6032,82769,7895,3846,4049
59235,91796,9021,44182,6032,82775,7896,3847,4049
59240,91807,9023,44188,6034,82784,7896,3847,4049
59245,91811,9024,44190,6035,82787,7896,3847,4049
59250,91821,9025,44197,6036,82796,7896,3847,4049
59255,91827,9025,44202,6036,82802,7897,3848,4049
59260,91838,9026,44205,6036,82812,7897,3848,4049
59265,91842,9027,44208,6037,82815,7897,3848,4049
59270,91852,9028,44211,6037,82824,7897,3848,4049
59275,91858,9028,44212,6037,82830,7898,3848,4050
59280,91869,9029,44215,6037,82840,7898,3848,4050
59285,91873,9030,44217,6038,82843,7898,3848,4050
59290,91883,9032,44222,6039,82851,7898,3848,4050
59295,91889,9032,44225,6039,82857,7899,3849,4050
59300,91900,9033,44229,6039,82867,7900,3849,4051
59305,91904,9034,44233,6040,82870,7900,3849,4051
59310,91914,9036,44239,6042,82878,7900,3849,4051
59315,91920,9036,44245,6042,82883,7901,3850,4051
59320,91931,9038,44247,6043,82893,7902,3850,4052
59325,91935,9039,44250,6044,82896,7902,3850,4052
59330,91945,9041,44255,6045,82904,7903,3851,4052
59335,91951,9041,44257,6045,82910,7904,3851,4053
59340,91962,9042,44262,6045,82920,7906,3852,4054
59345,91966,9042,44263,6045,82924,7906,3852,4054
59350,91976,9044,44268,6046,82932,7906,3852,4054
59355,91982,9044,44271,6046,82938,7907,3852,4055
59360,91993,9046,44275,6047,82947,7909,3852,4057
59365,91997,9046,44275,6047,82951,7909,3852,4057
59370,92007,9048,44280,6048,82959,7909,3852,4057
59375,92013,9048,44284,6048,82965,7910,3853,4057
59380,92024,9051,44288,6051,82973,7912,3854,4058
59385,92028,9051,44289,6051,82977,7912,3854,4058
59390,92038,9053,44295,6052,82985,7912,3854,4058
59395,92044,9053,44300,6052,82991,7913,3854,4059
59400,92055,9055,44304,6054,83000,7915,3854,4061
59405,92059,9055,44305,6054,83004,7915,3854,4061
59410,92069,9057,44309,6054,83012,7915,3854,4061
59415,92075,9057,44310,6054,83018,7916,3854,4062
59420,92086,9058,44315,6055,83028,7918,3855,4063
59425,92090,9058,44317,6055,83032,7918,3855,4063
59430,92100,9060,44321,6056,83040,7918,3855,4063
59435,92106,9060,44321,6056,83046,7919,3855,4064
59440,92117,9061,44327,6057,83056,7921,3856,4065
59445,92121,9061,44329,6057,83060,7921,3856,4065
59450,92131,9063,44333,6057,83068,7922,3856,4066
59455,92137,9063,44336,6057,83074,7923,3856,4067
59460,92148,9063,44340,6057,83085,7925,3856,4069
59465,92152,9063,44340,6057,83089,7925,3856,4069
59470,92162,9064,44343,6057,83098,7925,3856,4069
59475,92168,9064,44346,6057,83104,7926,3857,4069
59480,92179,9064,44352,6057,83115,7927,3858,4069
59485,92183,9064,44356,6057,83119,7927,3858,4069
59490,92193,9065,44361,6057,83128,7927,3858,4069
59495,92199,9065,44363,6057,83134,7927,3858,4069
59500,92210,9065,44369,6057,83145,7928,3858,4070
59505,92214,9065,44371,6057,83149,7928,3858,4070
59510,92224,9066,44374,6057,83158,7928,3858,4070
59515,92230,9066,44375,6057,83164,7928,3858,4070
59520,92241,9067,44380,6057,83174,7929,3859,4070
59525,92245,9067,44380,6057,83178,7929,3859,4070
59530,92255,9068,44384,6058,83187,7929,3859,4070
59535,92261,9068,44384,6058,83193,7929,3859,4070
59540,92272,9070,44390,6060,83202,7929,3859,4070
59545,92276,9070,44393,6060,83206,7929,3859,4070
59550,92286,9071,44396,6060,83215,7929,3859,4070
59555,92292,9071,44398,6060,83221,7929,3859,4070
59560,92303,9073,44405,6061,83230,7929,3859,4070
59565,92307,9075,44409,6063,83232,7929,3859,4070
59570,92317,9077,44416,6064,83240,7929,3859,4070
59575,92323,9077,44418,6064,83246,7929,3859,4070
59580,92334,9079,44423,6065,83255,7929,3859,4070
59585,92338,9080,44425,6066,83258,7929,3859,4070
59590,92348,9081,44429,6066,83267,7930,3860,4070
59595,92354,9081,44432,6066,83272,7931,3860,4071
59600,92365,9084,44436,6068,83281,7932,3860,4072
59605,92369,9085,44439,6069,83284,7932,3860,4072
59610,92379,9086,44444,6070,83293,7933,3861,4072
59615,92385,9086,44446,6070,83299,7934,3862,4072
59620,92396,9088,44452,6071,83308,7935,3862,4073
59625,92400,9089,44453,6072,83311,7935,3862,4073
59630,92410,9090,44459,6073,83320,7936,3862,4074
59635,92416,9090,44462,6073,83326,7937,3862,4075
59640,92427,9091,44465,6073,83336,7938,3862,4076
59645,92431,9092,44466,6074,83339,7938,3862,4076
59650,92441,9093,44470,6074,83348,7938,3862,4076
59655,92447,9093,44473,6074,83354,7939,3862,4077
59660,92458,9094,44477,6074,83364,7940,3862,4078
59665,92462,9094,44478,6074,83368,7940,3862,4078
59670,92472,9095,44481,6074,83377,7940,3862,4078
59675,92478,9095,44483,6074,83383,7941,3862,4079
59680,92489,9096,44488,6074,83393,7942,3863,4079
59685,92493,9097,44491,6075,83396,7942,3863,4079
59690,92503,9099,44496,6075,83404,7942,3863,4079
59695,92509,9099,44500,6075,83410,7943,3863,4080
59700,92520,9102,44507,6077,83418,7945,3865,4080
59705,92524,9103,44510,6078,83421,7945,3865,4080
59710,92534,9104,44514,6078,83430,7945,3865,4080
59715,92540,9104,44514,6078,83436,7945,3865,4080
59720,92551,9106,44520,6080,83445,7946,3865,4081
59725,92555,9106,44522,6080,83449,7946,3865,4081
59730,92565,9107,44528,6080,83458,7946,3865,4081
59735,92571,9107,44532,6080,83464,7946,3865,4081
59740,92582,9109,44538,6082,83473,7947,3865,4082
59745,92586,9109,44538,6082,83477,7947,3865,4082
59750,92596,9110,44543,6082,83486,7947,3865,4082
59755,92602,9110,44545,6082,83491,7947,3865,4082
59760,92613,9112,44550,6084,83501,7948,3866,4082
59765,92617,9112,44552,6084,83505,7948,3866,4082
59770,92627,9112,44558,6084,83515,7948,3866,4082
59775,92633,9112,44559,6084,83521,7948,3866,4082
59780,92644,9112,44561,6084,83532,7948,3866,4082
59785,92648,9112,44561,6084,83536,7948,3866,4082
59790,92658,9112,44564,6084,83546,7948,3866,4082
59795,92664,9112,44566,6084,83552,7948,3866,4082
59800,92675,9112,44574,6084,83563,7948,3866,4082
59805,92679,9112,44575,6084,83567,7948,3866,4082
59810,92689,9112,44580,6084,83577,7949,3867,4082
59815,92695,9112,44583,6084,83583,7950,3867,4083
59820,92706,9113,44587,6084,83593,7950,3867,4083
59825,92710,9114,44588,6085,83596,7950,3867,4083
59830,92720,9115,44592,6086,83605,7950,3867,4083
59835,92726,9115,44593,6086,83611,7950,3867,4083
59840,92737,9117,44597,6087,83620,7951,3867,4084
59845,92741,9118,44599,6088,83623,7951,3867,4084
59850,92751,9119,44604,6088,83632,7951,3867,4084
59855,92757,9119,44606,6088,83638,7951,3867,4084
59860,92768,9121,44611,6090,83647,7952,3868,4084
59865,92772,9122,44612,6091,83650,7952,3868,4084
59870,92782,9124,44617,6092,83658,7952,3868,4084
59875,92788,9124,44621,6092,83664,7952,3868,4084
59880,92799,9126,44625,6093,83673,7954,3869,4085
59885,92803,9126,44626,6093,83677,7954,3869,4085
59890,92813,9128,44629,6093,83685,7954,3869,4085
59895,92819,9128,44630,6093,83691,7954,3869,4085
59900,92830,9129,44637,6094,83701,7955,3870,4085
59905,92834,9129,44639,6094,83705,7955,3870,4085
59910,92844,9131,44645,6096,83713,7955,3870,4085
59915,92850,9131,44646,6096,83719,7955,3870,4085
59920,92861,9132,44650,6097,83729,7956,3870,4086
59925,92865,9132,44651,6097,83733,7956,3870,4086
59930,92875,9134,44655,6098,83741,7956,3870,4086
59935,92881,9134,44659,6098,83747,7956,3870,4086
59940,92892,9134,44663,6098,83758,7957,3870,4087
59945,92896,9135,44666,6099,83761,7957,3870,4087
59950,92906,9137,44670,6101,83769,7957,3870,4087
59955,92912,9137,44674,6101,83775,7957,3870,4087
59960,92923,9138,44678,6101,83785,7959,3871,4088
59965,92927,9140,44680,6103,83787,7959,3871,4088
59970,92937,9142,44681,6104,83795,7959,3871,4088
59975,92943,9142,44686,6104,83800,7959,3871,4088
59980,92954,9144,44691,6106,83810,7961,3873,4088
59985,92958,9145,44694,6107,83813,7961,3873,4088
59990,92968,9147,44701,6109,83821,7962,3873,4089
59995,92974,9147,44703,6109,83827,7963,3873,4090
60000,92985,9148,44705,6109,83837,7965,3874,4091
60005,92989,9148,44707,6109,83841,7965,3874,4091
60010,92999,9149,44710,6109,83850,7965,3874,4091
60015,93005,9149,44712,6109,83856,7965,3874,4091
60020,93016,9149,44716,6109,83867,7966,3874,4092
60025,93020,9149,44717,6109,83871,7966,3874,4092
60030,93030,9150,44722,6110,83880,7966,3874,4092
60035,93036,9150,44723,6110,83886,7966,3874,4092
60040,93047,9150,44728,6110,83897,7967,3875,4092
60045,93051,9150,44729,6110,83901,7967,3875,4092
60050,93061,9151,44735,6111,83910,7967,3875,4092
60055,93067,9151,44738,6111,83916,7967,3875,4092
60060,93078,9151,44744,6111,83927,7968,3875,4093
60065,93082,9151,44745,6111,83931,7968,3875,4093
60070,93092,9152,44751,6111,83940,7968,3875,4093
60075,93098,9152,44756,6111,83946,7968,3875,4093
60080,93109,9152,44762,6111,83957,7969,3875,4094
60085,93113,9152,44763,6111,83961,7969,3875,4094
60090,93123,9153,44769,6112,83970,7969,3875,4094
60095,93129,9153,44772,6112,83976,7969,3875,4094
60100,93140,9153,44777,6112,83987,7970,3876,4094
60105,93144,9153,44778,6112,83991,7970,3876,4094
60110,93154,9155,44780,6114,83999,7971,3876,4095
60115,93160,9155,44783,6114,84005,7972,3876,4096
60120,93171,9159,44791,6117,84012,7974,3877,4097
60125,93175,9159,44793,6117,84016,7974,3877,4097
60130,93185,9161,44798,6117,84024,7974,3877,4097
60135,93191,9161,44799,6117,84029,7974,3877,4097
60140,93202,9163,44805,6118,84039,7974,3877,4097
60145,93206,9164,44808,6119,84042,7974,3877,4097
60150,93216,9165,44812,6119,84051,7974,3877,4097
60155,93222,9165,44814,6119,84056,7974,3877,4097
60160,93233,9167,44819,6120,84066,7974,3877,4097
60165,93237,9168,44821,6121,84069,7974,3877,4097
60170,93247,9169,44824,6121,84078,7974,3877,4097
60175,93253,9169,44828,6121,84084,7974,3877,4097
60180,93264,9173,44835,6125,84091,7974,3877,4097
60185,93268,9173,44837,6125,84095,7974,3877,4097
60190,93278,9173,44842,6125,84105,7975,3878,4097
60195,93284,9173,44845,6125,84111,7975,3878,4097
60200,93295,9173,44851,6125,84122,7975,3878,4097
60205,93299,9173,44854,6125,84126,7975,3878,4097
60210,93309,9173,44859,6125,84136,7975,3878,4097
60215,93315,9173,44863,6125,84142,7975,3878,4097
60220,93326,9173,44868,6125,84153,7975,3878,4097
60225,93330,9173,44870,6125,84157,7975,3878,4097
60230,93340,9173,44874,6125,84167,7975,3878,4097
60235,93346,9173,44875,6125,84173,7976,3878,4098
60240,93357,9173,44883,6125,84184,7977,3879,4098
60245,93361,9174,44886,6126,84187,7977,3879,4098
60250,93371,9176,44889,6126,84195,7977,3879,4098
60255,93377,9176,44893,6126,84201,7978,3880,4098
60260,93388,9177,44899,6127,84211,7979,3881,4098
60265,93392,9177,44900,6127,84215,7979,3881,4098
60270,93402,9179,44907,6129,84223,7979,3881,4098
60275,93408,9179,44911,6129,84229,7980,3881,4099
60280,93419,9181,44918,6131,84238,7981,3882,4099
60285,93423,9181,44920,6131,84242,7981,3882,4099
60290,93433,9183,44923,6131,84250,7981,3882,4099
60295,93439,9183,44925,6131,84255,7982,3882,4100
60300,93450,9186,44929,6133,84264,7983,3883,4100
60305,93454,9186,44932,6133,84268,7983,3883,4100
60310,93464,9187,44938,6134,84277,7983,3883,4100
60315,93470,9187,44943,6134,84282,7984,3883,4101
60320,93481,9189,44950,6136,84292,7985,3883,4102
60325,93485,9190,44953,6137,84295,7985,3883,4102
60330,93495,9191,44957,6138,84304,7985,3883,4102
60335,93501,9191,44959,6138,84310,7986,3884,4102
60340,93512,9192,44967,6139,84320,7987,3885,4102
60345,93516,9193,44969,6140,84323,7987,3885,4102
60350,93526,9194,44973,6141,84332,7987,3885,4102
60355,93532,9194,44977,6141,84338,7988,3885,4103
60360,93543,9195,44985,6142,84348,7989,3886,4103
60365,93547,9196,44988,6143,84351,7989,3886,4103
60370,93557,9197,44994,6144,84360,7989,3886,4103
60375,93563,9197,44997,6144,84366,7989,3886,4103
60380,93574,9198,45002,6144,84376,7989,3886,4103
60385,93578,9198,45005,6144,84380,7989,3886,4103
60390,93588,9199,45009,6144,84389,7989,3886,4103
60395,93594,9199,45013,6144,84395,7989,3886,4103
60400,93605,9200,45019,6145,84405,7989,3886,4103
60405,93609,9200,45020,6145,84409,7989,3886,4103
60410,93619,9202,45025,6145,84417,7990,3887,4103
60415,93625,9202,45028,6145,84423,7990,3887,4103
60420,93636,9205,45033,6147,84431,7990,3887,4103
60425,93640,9205,45034,6147,84435,7990,3887,4103
60430,93650,9207,45037,6147,84443,7991,3887,4104
60435,93656,9207,45039,6147,84449,7991,3887,4104
60440,93667,9210,45045,6150,84457,7992,3887,4105
60445,93671,9210,45048,6150,84461,7992,3887,4105
60450,93681,9212,45053,6150,84469,7992,3887,4105
60455,93687,9212,45058,6150,84474,7992,3887,4105
60460,93698,9215,45063,6153,84483,7993,3888,4105
60465,93702,9215,45065,6153,84487,7993,3888,4105
60470,93712,9217,45070,6153,84495,7993,3888,4105
60475,93718,9217,45072,6153,84500,7993,3888,4105
60480,93729,9221,45078,6157,84508,7994,3888,4106
60485,93733,9221,45081,6157,84512,7994,3888,4106
60490,93743,9223,45085,6159,84520,7994,3888,4106
60495,93749,9223,45089,6159,84526,7994,3888,4106
60500,93760,9225,45095,6161,84535,7995,3889,4106
60505,93764,9225,45097,6161,84539,7995,3889,4106
60510,93774,9227,45101,6161,84547,7995,3889,4106
60515,93780,9227,45103,6161,84553,7995,3889,4106
60520,93791,9228,45107,6161,84563,7996,3890,4106
60525,93795,9229,45110,6162,84566,7996,3890,4106
60530,93805,9231,45117,6163,84574,7996,3890,4106
60535,93811,9231,45120,6163,84580,7997,3890,4107
60540,93822,9233,45126,6165,84589,7998,3890,4108
60545,93826,9233,45128,6165,84593,7998,3890,4108
60550,93836,9235,45132,6166,84601,7998,3890,4108
60555,93842,9235,45134,6166,84607,7999,3890,4109
60560,93853,9236,45136,6166,84617,7999,3890,4109
60565,93857,9236,45137,6166,84621,7999,3890,4109
60570,93867,9238,45142,6167,84629,8000,3891,4109
60575,93873,9238,45147,6167,84635,8001,3892,4109
60580,93884,9241,45155,6170,84643,8001,3892,4109
60585,93888,9241,45157,6170,84647,8001,3892,4109
60590,93898,9243,45165,6172,84655,8002,3892,4110
60595,93904,9243,45170,6172,84660,8003,3893,4110
60600,93915,9247,45173,6175,84668,8003,3893,4110
60605,93919,9247,45173,6175,84672,8003,3893,4110
60610,93929,9248,45180,6176,84681,8003,3893,4110
60615,93935,9248,45184,6176,84687,8004,3894,4110
60620,93946,9250,45189,6177,84696,8004,3894,4110
60625,93950,9251,45191,6178,84699,8004,3894,4110
60630,93960,9252,45195,6179,84708,8004,3894,4110
60635,93966,9252,45198,6179,84714,8005,3895,4110
60640,93977,9254,45204,6181,84723,8005,3895,4110
60645,93981,9255,45206,6182,84726,8005,3895,4110
60650,93991,9256,45211,6182,84735,8005,3895,4110
60655,93997,9256,45214,6182,84741,8006,3896,4110
60660,94008,9258,45221,6184,84750,8006,3896,4110
60665,94012,9258,45223,6184,84754,8006,3896,4110
60670,94022,9259,45227,6185,84763,8006,3896,4110
60675,94028,9259,45230,6185,84769,8007,3896,4111
60680,94039,9260,45237,6185,84779,8007,3896,4111
60685,94043,9260,45239,6185,84783,8007,3896,4111
60690,94053,9261,45242,6185,84792,8007,3896,4111
60695,94059,9261,45243,6185,84797,8008,3896,4112
60700,94070,9263,45250,6186,84807,8008,3896,4112
60705,94074,9263,45252,6186,84811,8008,3896,4112
60710,94084,9265,45258,6187,84819,8008,3896,4112
60715,94090,9265,45260,6187,84825,8009,3897,4112
60720,94101,9267,45267,6189,84834,8010,3898,4112
60725,94105,9267,45270,6189,84838,8010,3898,4112
60730,94115,9268,45275,6189,84847,8010,3898,4112
60735,94121,9268,45278,6189,84853,8010,3898,4112
60740,94132,9269,45283,6190,84863,8011,3898,4113
60745,94136,9269,45284,6190,84867,8011,3898,4113
60750,94146,9270,45289,6190,84876,8011,3898,4113
60755,94152,9270,45293,6190,84882,8011,3898,4113
60760,94163,9272,45297,6192,84891,8012,3898,4114
60765,94167,9272,45301,6192,84895,8012,3898,4114
60770,94177,9273,45304,6192,84904,8012,3898,4114
60775,94183,9273,45307,6192,84910,8012,3898,4114
60780,94194,9275,45314,6193,84919,8013,3899,4114
60785,94198,9275,45315,6193,84923,8013,3899,4114
60790,94208,9276,45319,6193,84932,8013,3899,4114
60795,94214,9276,45321,6193,84938,8013,3899,4114
60800,94225,9279,45327,6195,84946,8014,3900,4114
60805,94229,9279,45328,6195,84950,8014,3900,4114
60810,94239,9280,45333,6195,84959,8014,3900,4114
60815,94245,9280,45335,6195,84965,8014,3900,4114
60820,94256,9282,45341,6197,84974,8015,3901,4114
60825,94260,9282,45343,6197,84978,8015,3901,4114
60830,94270,9284,45351,6199,84986,8016,3902,4114
60835,94276,9284,45354,6199,84992,8017,3902,4115
60840,94287,9286,45357,6200,85001,8018,3903,4115
60845,94291,9286,45359,6200,85005,8018,3903,4115
60850,94301,9288,45365,6202,85013,8018,3903,4115
60855,94307,9288,45368,6202,85019,8019,3904,4115
60860,94318,9290,45376,6204,85028,8019,3904,4115
60865,94322,9290,45378,6204,85032,8019,3904,4115
60870,94332,9292,45383,6205,85040,8019,3904,4115
60875,94338,9292,45388,6205,85045,8020,3905,4115
60880,94349,9295,45393,6208,85054,8020,3905,4115
60885,94353,9296,45394,6209,85057,8020,3905,4115
60890,94363,9298,45400,6209,85065,8020,3905,4115
60895,94369,9298,45402,6209,85071,8021,3905,4116
60900,94380,9299,45406,6209,85081,8021,3905,4116
60905,94384,9299,45408,6209,85085,8021,3905,4116
60910,94394,9300,45413,6209,85094,8021,3905,4116
60915,94400,9300,45418,6209,85100,8022,3906,4116
60920,94411,9301,45422,6209,85110,8022,3906,4116
60925,94415,9301,45424,6209,85114,8022,3906,4116
60930,94425,9302,45429,6209,85123,8022,3906,4116
60935,94431,9302,45432,6209,85129,8023,3906,4117
60940,94442,9303,45436,6209,85139,8023,3906,4117
60945,94446,9303,45439,6209,85143,8023,3906,4117
60950,94456,9304,45448,6210,85152,8024,3907,4117
60955,94462,9304,45452,6210,85158,8025,3908,4117
60960,94473,9306,45457,6211,85167,8026,3908,4118
60965,94477,9306,45460,6211,85171,8026,3908,4118
60970,94487,9308,45463,6211,85179,8026,3908,4118
60975,94493,9308,45468,6211,85185,8027,3909,4118
60980,94504,9309,45469,6211,85195,8028,3909,4119
60985,94508,9309,45472,6211,85199,8028,3909,4119
60990,94518,9311,45473,6211,85207,8028,3909,4119
60995,94524,9311,45476,6211,85213,8029,3910,4119
61000,94535,9313,45484,6213,85222,8030,3911,4119
61005,94539,9313,45487,6213,85226,8030,3911,4119
61010,94549,9315,45491,6215,85234,8030,3911,4119
61015,94555,9315,45493,6215,85240,8031,3911,4120
61020,94566,9318,45500,6217,85248,8032,3911,4121
61025,94570,9318,45500,6217,85252,8032,3911,4121
61030,94580,9320,45505,6218,85260,8032,3911,4121
61035,94586,9320,45508,6218,85266,8033,3912,4121
61040,94597,9322,45516,6219,85275,8033,3912,4121
61045,94601,9322,45519,6219,85279,8033,3912,4121
61050,94611,9324,45523,6220,85287,8033,3912,4121
61055,94617,9324,45527,6220,85293,8034,3913,4121
61060,94628,9325,45528,6220,85303,8034,3913,4121
61065,94632,9326,45529,6221,85306,8034,3913,4121
61070,94642,9328,45534,6222,85314,8035,3913,4122
61075,94648,9328,45539,6222,85320,8036,3914,4122
61080,94659,9330,45544,6223,85329,8037,3914,4123
61085,94663,9331,45548,6224,85332,8037,3914,4123
61090,94673,9332,45551,6225,85341,8038,3914,4124
61095,94679,9332,45554,6225,85346,8039,3914,4125
61100,94690,9334,45560,6227,85356,8039,3914,4125
61105,94694,9334,45561,6227,85360,8039,3914,4125
61110,94704,9335,45566,6227,85369,8040,3915,4125
61115,94710,9335,45568,6227,85375,8041,3915,4126
61120,94721,9336,45572,6227,85385,8041,3915,4126
61125,94725,9337,45574,6228,85388,8041,3915,4126
61130,94735,9338,45579,6229,85397,8042,3915,4127
61135,94741,9338,45582,6229,85402,8043,3916,4127
61140,94752,9341,45589,6231,85411,8043,3916,4127
61145,94756,9341,45592,6231,85415,8043,3916,4127
61150,94766,9341,45597,6231,85425,8043,3916,4127
61155,94772,9341,45599,6231,85431,8044,3916,4128
61160,94783,9343,45604,6233,85440,8045,3917,4128
61165,94787,9343,45606,6233,85444,8045,3917,4128
61170,94797,9343,45613,6233,85454,8045,3917,4128
61175,94803,9343,45617,6233,85460,8046,3918,4128
61180,94814,9344,45621,6233,85470,8046,3918,4128
61185,94818,9344,45623,6233,85474,8046,3918,4128
61190,94828,9345,45630,6234,85483,8046,3918,4128
61195,94834,9345,45634,6234,85489,8047,3918,4129
61200,94845,9348,45641,6237,85497,8047,3918,4129
61205,94849,9348,45643,6237,85501,8047,3918,4129
61210,94859,9349,45645,6237,85510,8048,3918,4130
61215,94865,9349,45648,6237,85516,8048,3918,4130
61220,94876,9351,45653,6238,85525,8048,3918,4130
61225,94880,9351,45654,6238,85529,8048,3918,4130
61230,94890,9352,45658,6239,85538,8049,3918,4131
61235,94896,9352,45664,6239,85544,8049,3918,4131
61240,94907,9355,45669,6241,85552,8049,3918,4131
61245,94911,9355,45672,6241,85556,8049,3918,4131
61250,94921,9357,45679,6242,85564,8050,3919,4131
61255,94927,9357,45681,6242,85570,8050,3919,4131
61260,94938,9361,45687,6245,85577,8050,3919,4131
61265,94942,9362,45690,6246,85580,8050,3919,4131
61270,94952,9364,45696,6248,85588,8050,3919,4131
61275,94958,9364,45699,6248,85594,8051,3919,4132
61280,94969,9365,45706,6249,85604,8052,3919,4133
61285,94973,9365,45708,6249,85608,8052,3919,4133
61290,94983,9367,45714,6251,85616,8052,3919,4133
61295,94989,9367,45720,6251,85622,8053,3920,4133
61300,95000,9368,45726,6252,85632,8054,3921,4133
61305,95004,9368,45728,6252,85636,8054,3921,4133
61310,95014,9370,45732,6253,85644,8054,3921,4133
61315,95020,9370,45735,6253,85650,8055,3921,4134
61320,95031,9370,45737,6253,85661,8056,3921,4135
61325,95035,9370,45739,6253,85665,8056,3921,4135
61330,95045,9372,45746,6255,85673,8056,3921,4135
61335,95051,9372,45750,6255,85679,8057,3922,4135
61340,95062,9373,45757,6256,85689,8057,3922,4135
61345,95066,9373,45758,6256,85693,8057,3922,4135
61350,95076,9375,45766,6257,85701,8057,3922,4135
61355,95082,9375,45768,6257,85707,8058,3923,4135
61360,95093,9376,45774,6258,85717,8058,3923,4135
61365,95097,9376,45775,6258,85721,8058,3923,4135
61370,95107,9378,45780,6259,85729,8058,3923,4135
61375,95113,9378,45785,6259,85734,8059,3924,4135
61380,95124,9381,45789,6261,85743,8059,3924,4135
61385,95128,9381,45791,6261,85747,8059,3924,4135
61390,95138,9382,45794,6261,85756,8059,3924,4135
61395,95144,9382,45797,6261,85762,8059,3924,4135
61400,95155,9383,45802,6262,85772,8059,3924,4135
61405,95159,9383,45804,6262,85776,8059,3924,4135
61410,95169,9384,45809,6262,85785,8059,3924,4135
61415,95175,9384,45811,6262,85791,8059,3924,4135
61420,95186,9385,45815,6263,85801,8059,3924,4135
61425,95190,9385,45816,6263,85805,8059,3924,4135
61430,95200,9386,45818,6263,85814,8059,3924,4135
61435,95206,9386,45820,6263,85819,8059,3924,4135
61440,95217,9388,45826,6264,85829,8060,3925,4135
61445,95221,9388,45827,6264,85833,8060,3925,4135
61450,95231,9388,45830,6264,85843,8060,3925,4135
61455,95237,9388,45832,6264,85849,8061,3925,4136
61460,95248,9389,45837,6265,85859,8062,3926,4136
61465,95252,9389,45838,6265,85863,8062,3926,4136
61470,95262,9389,45847,6265,85873,8062,3926,4136
61475,95268,9389,45850,6265,85879,8063,3927,4136
61480,95279,9390,45854,6266,85889,8063,3927,4136
61485,95283,9390,45856,6266,85893,8063,3927,4136
61490,95293,9391,45863,6266,85902,8063,3927,4136
61495,95299,9391,45867,6266,85908,8064,3927,4137
61500,95310,9393,45875,6268,85917,8064,3927,4137
61505,95314,9393,45878,6268,85921,8064,3927,4137
61510,95324,9395,45881,6269,85929,8065,3927,4138
61515,95330,9395,45883,6269,85935,8066,3928,4138
61520,95341,9397,45888,6270,85944,8066,3928,4138
61525,95345,9397,45889,6270,85948,8066,3928,4138
61530,95355,9399,45892,6271,85956,8067,3929,4138
61535,95361,9399,45895,6271,85962,8068,3930,4138
61540,95372,9400,45898,6271,85972,8068,3930,4138
61545,95376,9400,45899,6271,85976,8068,3930,4138
61550,95386,9402,45905,6273,85984,8069,3930,4139
61555,95392,9402,45907,6273,85989,8070,3931,4139
61560,95403,9406,45914,6277,85997,8070,3931,4139
61565,95407,9406,45917,6277,86001,8070,3931,4139
61570,95417,9407,45921,6277,86010,8070,3931,4139
61575,95423,9407,45923,6277,86016,8070,3931,4139
61580,95434,9409,45930,6279,86025,8071,3931,4140
61585,95438,9409,45933,6279,86029,8071,3931,4140
61590,95448,9410,45937,6279,86038,8071,3931,4140
61595,95454,9410,45939,6279,86044,8071,3931,4140
61600,95465,9412,45948,6280,86053,8072,3932,4140
61605,95469,9412,45952,6280,86057,8072,3932,4140
61610,95479,9413,45959,6281,86066,8072,3932,4140
61615,95485,9413,45963,6281,86072,8072,3932,4140
61620,95496,9415,45967,6283,86081,8073,3932,4141
61625,95500,9415,45969,6283,86085,8073,3932,4141
61630,95510,9416,45973,6283,86094,8074,3933,4141
61635,95516,9416,45977,6283,86100,8075,3933,4142
61640,95527,9418,45981,6284,86109,8076,3934,4142
61645,95531,9418,45983,6284,86113,8076,3934,4142
61650,95541,9419,45987,6284,86122,8076,3934,4142
61655,95547,9419,45990,6284,86128,8077,3935,4142
61660,95558,9421,45995,6285,86137,8078,3935,4143
61665,95562,9421,45997,6285,86141,8078,3935,4143
61670,95572,9423,46003,6286,86149,8078,3935,4143
61675,95578,9423,46006,6286,86155,8079,3936,4143
61680,95589,9426,46011,6288,86163,8080,3936,4144
61685,95593,9426,46013,6288,86167,8080,3936,4144
61690,95603,9428,46019,6289,86175,8080,3936,4144
61695,95609,9428,46022,6289,86180,8081,3936,4145
61700,95620,9432,46028,6292,86188,8082,3937,4145
61705,95624,9433,46031,6293,86191,8082,3937,4145
61710,95634,9435,46036,6295,86199,8082,3937,4145
61715,95640,9435,46036,6295,86205,8083,3937,4146
61720,95651,9437,46043,6297,86214,8084,3937,4147
61725,95655,9438,46046,6298,86217,8084,3937,4147
61730,95665,9440,46050,6299,86225,8084,3937,4147
61735,95671,9440,46055,6299,86230,8085,3938,4147
61740,95682,9443,46063,6301,86239,8086,3938,4148
61745,95686,9443,46065,6301,86243,8086,3938,4148
61750,95696,9444,46069,6301,86252,8086,3938,4148
61755,95702,9444,46072,6301,86258,8087,3939,4148
61760,95713,9445,46078,6302,86268,8087,3939,4148
61765,95717,9445,46081,6302,86272,8087,3939,4148
61770,95727,9446,46085,6302,86281,8087,3939,4148
61775,95733,9446,46088,6302,86287,8088,3940,4148
61780,95744,9447,46093,6302,86297,8088,3940,4148
61785,95748,9447,46095,6302,86301,8088,3940,4148
61790,95758,9448,46100,6303,86310,8088,3940,4148
61795,95764,9448,46104,6303,86316,8089,3940,4149
61800,95775,9450,46112,6305,86325,8089,3940,4149
61805,95779,9451,46115,6306,86328,8089,3940,4149
61810,95789,9452,46118,6307,86337,8089,3940,4149
61815,95795,9452,46121,6307,86343,8090,3941,4149
61820,95806,9454,46128,6308,86352,8091,3941,4150
61825,95810,9454,46130,6308,86356,8091,3941,4150
61830,95820,9455,46136,6308,86365,8091,3941,4150
61835,95826,9455,46140,6308,86371,8092,3941,4151
61840,95837,9457,46146,6310,86380,8093,3941,4152
61845,95841,9457,46147,6310,86384,8093,3941,4152
61850,95851,9459,46153,6312,86392,8094,3942,4152
61855,95857,9459,46157,6312,86397,8095,3942,4153
61860,95868,9462,46160,6314,86406,8096,3942,4154
61865,95872,9462,46162,6314,86410,8096,3942,4154
61870,95882,9463,46167,6315,86419,8096,3942,4154
61875,95888,9463,46171,6315,86424,8096,3942,4154
61880,95899,9466,46176,6318,86433,8096,3942,4154
61885,95903,9466,46180,6318,86437,8096,3942,4154
61890,95913,9467,46186,6318,86446,8096,3942,4154
61895,95919,9467,46189,6318,86452,8096,3942,4154
61900,95930,9469,46193,6319,86461,8096,3942,4154
61905,95934,9469,46195,6319,86465,8096,3942,4154
61910,95944,9470,46200,6319,86474,8096,3942,4154
61915,95950,9470,46201,6319,86479,8096,3942,4154
61920,95961,9474,46206,6323,86487,8096,3942,4154
61925,95965,9474,46208,6323,86491,8096,3942,4154
61930,95975,9475,46214,6323,86500,8096,3942,4154
61935,95981,9475,46216,6323,86506,8096,3942,4154
61940,95992,9476,46219,6323,86516,8096,3942,4154
61945,95996,9476,46220,6323,86520,8096,3942,4154
61950,96006,9477,46224,6323,86529,8096,3942,4154
61955,96012,9477,46226,6323,86535,8096,3942,4154
61960,96023,9480,46232,6325,86543,8096,3942,4154
61965,96027,9480,46233,6325,86547,8096,3942,4154
61970,96037,9482,46235,6327,86555,8097,3942,4155
61975,96043,9482,46237,6327,86560,8098,3942,4156
61980,96054,9486,46245,6331,86568,8099,3942,4157
61985,96058,9486,46246,6331,86572,8099,3942,4157
61990,96068,9487,46253,6332,86581,8100,3943,4157
61995,96074,9487,46254,6332,86587,8101,3943,4158
62000,96085,9489,46259,6333,86596,8102,3944,4158
62005,96089,9489,46261,6333,86600,8102,3944,4158
62010,96099,9490,46269,6334,86609,8103,3945,4158
62015,96105,9490,46271,6334,86615,8104,3945,4159
62020,96116,9492,46278,6336,86624,8105,3946,4159
62025,96120,9492,46279,6336,86628,8105,3946,4159
62030,96130,9493,46284,6336,86637,8106,3947,4159
62035,96136,9493,46286,6336,86643,8107,3947,4160
62040,96147,9494,46291,6336,86653,8108,3948,4160
62045,96151,9494,46292,6336,86657,8108,3948,4160
62050,96161,9495,46295,6336,86666,8108,3948,4160
62055,96167,9495,46299,6336,86672,8109,3949,4160
62060,96178,9497,46305,6337,86681,8109,3949,4160
62065,96182,9497,46307,6337,86685,8109,3949,4160
62070,96192,9498,46312,6338,86694,8109,3949,4160
62075,96198,9498,46317,6338,86700,8110,3950,4160
62080,96209,9500,46320,6339,86709,8110,3950,4160
62085,96213,9500,46322,6339,86713,8110,3950,4160
62090,96223,9502,46328,6339,86721,8110,3950,4160
62095,96229,9502,46330,6339,86727,8111,3951,4160
62100,96240,9503,46332,6339,86737,8112,3951,4161
62105,96244,9503,46334,6339,86741,8112,3951,4161
62110,96254,9505,46339,6341,86749,8112,3951,4161
62115,96260,9505,46342,6341,86755,8113,3952,4161
62120,96271,9506,46347,6342,86765,8113,3952,4161
62125,96275,9506,46349,6342,86769,8113,3952,4161
62130,96285,9508,46351,6342,86777,8113,3952,4161
62135,96291,9508,46353,6342,86783,8114,3953,4161
62140,96302,9510,46358,6343,86792,8114,3953,4161
62145,96306,9510,46361,6343,86796,8114,3953,4161
62150,96316,9512,46365,6343,86804,8114,3953,4161
62155,96322,9512,46368,6343,86809,8115,3953,4162
62160,96333,9516,46374,6347,86817,8115,3953,4162
62165,96337,9517,46377,6348,86820,8115,3953,4162
62170,96347,9519,46380,6348,86828,8115,3953,4162
62175,96353,9519,46383,6348,86834,8116,3953,4163
62180,96364,9521,46388,6349,86843,8116,3953,4163
62185,96368,9521,46390,6349,86847,8116,3953,4163
62190,96378,9523,46394,6350,86855,8116,3953,4163
62195,96384,9523,46396,6350,86861,8117,3953,4164
62200,96395,9524,46401,6351,86871,8117,3953,4164
62205,96399,9524,46404,6351,86875,8117,3953,4164
62210,96409,9526,46407,6353,86883,8117,3953,4164
62215,96415,9526,46410,6353,86889,8118,3953,4165
62220,96426,9528,46417,6355,86898,8118,3953,4165
62225,96430,9528,46418,6355,86902,8118,3953,4165
62230,96440,9529,46424,6356,86911,8118,3953,4165
62235,96446,9529,46426,6356,86917,8118,3953,4165
62240,96457,9532,46435,6359,86925,8118,3953,4165
62245,96461,9532,46438,6359,86929,8118,3953,4165
62250,96471,9533,46443,6359,86938,8118,3953,4165
62255,96477,9533,46444,6359,86944,8118,3953,4165
62260,96488,9535,46449,6360,86953,8118,3953,4165
62265,96492,9535,46452,6360,86957,8118,3953,4165
62270,96502,9536,46457,6360,86966,8118,3953,4165
62275,96508,9536,46459,6360,86971,8118,3953,4165
62280,96519,9539,46465,6362,86980,8118,3953,4165
62285,96523,9539,46468,6362,86984,8118,3953,4165
62290,96533,9539,46471,6362,86994,8118,3953,4165
62295,96539,9539,46475,6362,87000,8118,3953,4165
62300,96550,9540,46481,6362,87010,8118,3953,4165
62305,96554,9540,46484,6362,87014,8118,3953,4165
62310,96564,9540,46488,6362,87024,8118,3953,4165
62315,96570,9540,46492,6362,87030,8118,3953,4165
62320,96581,9541,46498,6363,87040,8118,3953,4165
62325,96585,9541,46500,6363,87044,8118,3953,4165
62330,96595,9541,46505,6363,87054,8119,3954,4165
62335,96601,9541,46507,6363,87060,8120,3954,4166
62340,96612,9542,46516,6364,87070,8120,3954,4166
62345,96616,9542,46518,6364,87074,8120,3954,4166
62350,96626,9542,46522,6364,87084,8121,3954,4167
62355,96632,9542,46525,6364,87090,8122,3954,4168
62360,96643,9543,46532,6365,87100,8122,3954,4168
62365,96647,9543,46534,6365,87104,8122,3954,4168
62370,96657,9543,46540,6365,87114,8123,3954,4169
62375,96663,9543,46545,6365,87120,8124,3955,4169
62380,96674,9544,46550,6365,87130,8124,3955,4169
62385,96678,9545,46553,6366,87133,8124,3955,4169
62390,96688,9546,46560,6367,87142,8125,3955,4170
62395,96694,9546,46565,6367,87148,8125,3955,4170
62400,96705,9549,46571,6370,87156,8125,3955,4170
62405,96709,9550,46572,6371,87159,8125,3955,4170
62410,96719,9552,46577,6371,87167,8125,3955,4170
62415,96725,9552,46582,6371,87173,8125,3955,4170
62420,96736,9554,46586,6372,87182,8126,3956,4170
62425,96740,9554,46586,6372,87186,8126,3956,4170
62430,96750,9556,46590,6372,87194,8126,3956,4170
62435,96756,9556,46592,6372,87200,8126,3956,4170
62440,96767,9559,46595,6374,87208,8127,3956,4171
62445,96771,9560,46596,6375,87211,8127,3956,4171
62450,96781,9562,46599,6376,87219,8127,3956,4171
62455,96787,9562,46601,6376,87225,8127,3956,4171
62460,96798,9563,46605,6377,87235,8128,3956,4172
62465,96802,9563,46607,6377,87239,8128,3956,4172
62470,96812,9565,46613,6378,87247,8128,3956,4172
62475,96818,9565,46616,6378,87253,8129,3957,4172
62480,96829,9566,46620,6378,87263,8129,3957,4172
62485,96833,9566,46622,6378,87267,8129,3957,4172
62490,96843,9568,46627,6380,87275,8129,3957,4172
62495,96849,9568,46630,6380,87281,8130,3958,4172
62500,96860,9570,46633,6381,87290,8130,3958,4172
62505,96864,9570,46635,6381,87294,8130,3958,4172
62510,96874,9572,46641,6382,87302,8131,3958,4173
62515,96880,9572,46644,6382,87308,8132,3959,4173
62520,96891,9574,46651,6383,87317,8132,3959,4173
62525,96895,9574,46653,6383,87321,8132,3959,4173
62530,96905,9576,46658,6383,87329,8133,3959,4174
62535,96911,9576,46661,6383,87335,8134,3959,4175
62540,96922,9580,46670,6386,87342,8134,3959,4175
62545,96926,9580,46673,6386,87346,8134,3959,4175
62550,96936,9582,46679,6388,87354,8135,3960,4175
62555,96942,9582,46681,6388,87359,8136,3961,4175
62560,96953,9586,46687,6392,87367,8136,3961,4175
62565,96957,9586,46688,6392,87371,8136,3961,4175
62570,96967,9588,46696,6394,87379,8137,3961,4176
62575,96973,9588,46700,6394,87385,8138,3962,4176
62580,96984,9591,46705,6397,87393,8139,3962,4177
62585,96988,9591,46707,6397,87397,8139,3962,4177
62590,96998,9591,46711,6397,87407,8139,3962,4177
62595,97004,9591,46714,6397,87413,8140,3963,4177
62600,97015,9593,46718,6398,87422,8140,3963,4177
62605,97019,9593,46721,6398,87426,8140,3963,4177
62610,97029,9593,46725,6398,87436,8140,3963,4177
62615,97035,9593,46728,6398,87442,8141,3963,4178
62620,97046,9594,46732,6399,87452,8141,3963,4178
62625,97050,9594,46733,6399,87456,8141,3963,4178
62630,97060,9594,46741,6399,87466,8141,3963,4178
62635,97066,9594,46743,6399,87472,8142,3963,4179
62640,97077,9596,46750,6401,87481,8142,3963,4179
62645,97081,9596,46753,6401,87485,8142,3963,4179
62650,97091,9596,46755,6401,87495,8142,3963,4179
62655,97097,9596,46759,6401,87501,8142,3963,4179
62660,97108,9597,46765,6401,87511,8142,3963,4179
62665,97112,9597,46768,6401,87515,8142,3963,4179
62670,97122,9597,46771,6401,87525,8142,3963,4179
62675,97128,9597,46776,6401,87531,8142,3963,4179
62680,97139,9598,46780,6402,87541,8142,3963,4179
62685,97143,9598,46782,6402,87545,8142,3963,4179
62690,97153,9600,46787,6403,87553,8143,3963,4180
62695,97159,9600,46791,6403,87558,8143,3963,4180
62700,97170,9603,46795,6406,87567,8143,3963,4180
62705,97174,9603,46799,6406,87571,8143,3963,4180
62710,97184,9605,46803,6406,87579,8144,3963,4181
62715,97190,9605,46804,6406,87585,8145,3964,4181
62720,97201,9607,46809,6408,87594,8146,3964,4182
62725,97205,9607,46811,6408,87598,8146,3964,4182
62730,97215,9609,46818,6409,87606,8147,3965,4182
62735,97221,9609,46821,6409,87612,8148,3966,4182
62740,97232,9610,46826,6410,87622,8149,3967,4182
62745,97236,9610,46830,6410,87626,8149,3967,4182
62750,97246,9612,46835,6411,87634,8150,3967,4183
62755,97252,9612,46836,6411,87640,8151,3967,4184
62760,97263,9614,46842,6413,87649,8152,3968,4184
62765,97267,9614,46843,6413,87653,8152,3968,4184
62770,97277,9616,46847,6413,87661,8153,3969,4184
62775,97283,9616,46851,6413,87667,8154,3970,4184
62780,97294,9617,46856,6413,87677,8154,3970,4184
62785,97298,9617,46858,6413,87681,8154,3970,4184
62790,97308,9619,46861,6414,87689,8155,3970,4185
62795,97314,9619,46863,6414,87695,8156,3970,4186
62800,97325,9621,46869,6415,87704,8156,3970,4186
62805,97329,9622,46872,6416,87707,8156,3970,4186
62810,97339,9624,46877,6416,87715,8157,3970,4187
62815,97345,9624,46880,6416,87720,8158,3971,4187
62820,97356,9627,46886,6418,87729,8159,3971,4188
62825,97360,9628,46889,6419,87732,8159,3971,4188
62830,97370,9630,46895,6421,87740,8159,3971,4188
62835,97376,9630,46901,6421,87745,8159,3971,4188
62840,97387,9633,46907,6423,87754,8159,3971,4188
62845,97391,9634,46911,6424,87757,8159,3971,4188
62850,97401,9636,46918,6425,87765,8159,3971,4188
62855,97407,9636,46923,6425,87770,8159,3971,4188
62860,97418,9638,46928,6426,87780,8159,3971,4188
62865,97422,9639,46930,6427,87783,8159,3971,4188
62870,97432,9641,46934,6428,87791,8159,3971,4188
62875,97438,9641,46936,6428,87796,8159,3971,4188
62880,97449,9645,46942,6431,87804,8159,3971,4188
62885,97453,9645,46943,6431,87808,8159,3971,4188
62890,97463,9645,46949,6431,87818,8159,3971,4188
62895,97469,9645,46952,6431,87824,8159,3971,4188
62900,97480,9646,46958,6432,87834,8160,3972,4188
62905,97484,9646,46959,6432,87838,8160,3972,4188
62910,97494,9646,46965,6432,87848,8160,3972,4188
62915,97500,9646,46968,6432,87854,8160,3972,4188
62920,97511,9648,46976,6433,87863,8160,3972,4188
62925,97515,9648,46977,6433,87867,8160,3972,4188
62930,97525,9648,46980,6433,87877,8161,3972,4189
62935,97531,9648,46981,6433,87883,8162,3972,4190
62940,97542,9650,46985,6434,87892,8162,3972,4190
62945,97546,9650,46987,6434,87896,8162,3972,4190
62950,97556,9650,46990,6434,87906,8163,3972,4191
62955,97562,9650,46994,6434,87912,8164,3973,4191
62960,97573,9652,47000,6435,87921,8164,3973,4191
62965,97577,9652,47004,6435,87925,8164,3973,4191
62970,97587,9652,47008,6435,87935,8165,3973,4192
62975,97593,9652,47009,6435,87941,8166,3973,4193
62980,97604,9654,47014,6436,87950,8166,3973,4193
62985,97608,9654,47016,6436,87954,8166,3973,4193
62990,97618,9656,47019,6436,87962,8167,3974,4193
62995,97624,9656,47023,6436,87967,8168,3975,4193
63000,97635,9658,47027,6437,87977,8168,3975,4193
63005,97639,9659,47030,6438,87980,8168,3975,4193
63010,97649,9661,47036,6440,87988,8168,3975,4193
63015,97655,9661,47039,6440,87994,8168,3975,4193
63020,97666,9662,47044,6441,88004,8169,3975,4194
63025,97670,9662,47045,6441,88008,8169,3975,4194
63030,97680,9664,47051,6442,88016,8169,3975,4194
63035,97686,9664,47054,6442,88022,8169,3975,4194
63040,97697,9667,47060,6444,88030,8169,3975,4194
63045,97701,9667,47061,6444,88034,8169,3975,4194
63050,97711,9669,47067,6446,88042,8169,3975,4194
63055,97717,9669,47069,6446,88048,8169,3975,4194
63060,97728,9671,47072,6447,88057,8169,3975,4194
63065,97732,9671,47073,6447,88061,8169,3975,4194
63070,97742,9673,47077,6447,88069,8170,3976,4194
63075,97748,9673,47080,6447,88075,8170,3976,4194
63080,97759,9674,47083,6447,88085,8170,3976,4194
63085,97763,9674,47086,6447,88089,8170,3976,4194
63090,97773,9676,47090,6448,88097,8171,3976,4195
63095,97779,9676,47092,6448,88103,8171,3976,4195
63100,97790,9678,47096,6449,88112,8171,3976,4195
63105,97794,9678,47097,6449,88116,8171,3976,4195
63110,97804,9680,47101,6449,88124,8172,3976,4196
63115,97810,9680,47104,6449,88129,8173,3976,4197
63120,97821,9684,47109,6452,88137,8173,3976,4197
63125,97825,9684,47112,6452,88141,8173,3976,4197
63130,97835,9685,47118,6453,88150,8174,3977,4197
63135,97841,9685,47123,6453,88156,8175,3978,4197
63140,97852,9687,47127,6454,88165,8176,3979,4197
63145,97856,9688,47129,6455,88168,8176,3979,4197
63150,97866,9689,47134,6455,88177,8177,3980,4197
63155,97872,9689,47139,6455,88182,8177,3980,4197
63160,97883,9692,47144,6457,88191,8178,3980,4198
63165,97887,9693,47148,6458,88194,8178,3980,4198
63170,97897,9694,47157,6459,88203,8179,3981,4198
63175,97903,9694,47159,6459,88209,8179,3981,4198
63180,97914,9696,47164,6461,88218,8180,3981,4199
63185,97918,9696,47166,6461,88222,8180,3981,4199
63190,97928,9696,47170,6461,88232,8180,3981,4199
63195,97934,9696,47176,6461,88238,8180,3981,4199
63200,97945,9697,47179,6461,88248,8180,3981,4199
63205,97949,9697,47180,6461,88252,8180,3981,4199
63210,97959,9697,47186,6461,88262,8180,3981,4199
63215,97965,9697,47190,6461,88268,8180,3981,4199
63220,97976,9698,47197,6462,88278,8180,3981,4199
63225,97980,9698,47200,6462,88282,8180,3981,4199
63230,97990,9699,47206,6463,88291,8180,3981,4199
63235,97996,9699,47208,6463,88297,8180,3981,4199
63240,98007,9700,47212,6463,88307,8180,3981,4199
63245,98011,9700,47213,6463,88311,8180,3981,4199
63250,98021,9701,47218,6463,88320,8180,3981,4199
63255,98027,9701,47218,6463,88326,8180,3981,4199
63260,98038,9704,47224,6465,88334,8180,3981,4199
63265,98042,9704,47226,6465,88338,8180,3981,4199
63270,98052,9705,47228,6465,88347,8180,3981,4199
63275,98058,9705,47231,6465,88353,8180,3981,4199
63280,98069,9707,47238,6466,88362,8180,3981,4199
63285,98073,9707,47241,6466,88366,8180,3981,4199
63290,98083,9709,47246,6468,88374,8180,3981,4199
63295,98089,9709,47250,6468,88379,8180,3981,4199
63300,98100,9713,47257,6471,88387,8181,3982,4199
63305,98104,9714,47259,6472,88390,8181,3982,4199
63310,98114,9716,47262,6472,88398,8182,3983,4199
63315,98120,9716,47266,6472,88404,8182,3983,4199
63320,98131,9718,47272,6473,88413,8183,3983,4200
63325,98135,9719,47275,6474,88416,8183,3983,4200
63330,98145,9721,47280,6475,88424,8184,3984,4200
63335,98151,9721,47282,6475,88430,8184,3984,4200
63340,98162,9722,47290,6476,88440,8185,3985,4200
63345,98166,9723,47293,6477,88443,8185,3985,4200
63350,98176,9725,47300,6479,88451,8186,3985,4201
63355,98182,9725,47301,6479,88457,8186,3985,4201
63360,98193,9728,47309,6482,88465,8187,3985,4202
63365,98197,9728,47310,6482,88469,8187,3985,4202
63370,98207,9730,47315,6483,88477,8188,3985,4203
63375,98213,9730,47318,6483,88483,8188,3985,4203
63380,98224,9732,47325,6484,88492,8188,3985,4203
63385,98228,9732,47325,6484,88496,8188,3985,4203
63390,98238,9734,47329,6484,88504,8189,3985,4204
63395,98244,9734,47330,6484,88510,8189,3985,4204
63400,98255,9736,47335,6485,88519,8189,3985,4204
63405,98259,9736,47337,6485,88523,8189,3985,4204
63410,98269,9738,47341,6486,88531,8190,3986,4204
63415,98275,9738,47343,6486,88537,8190,3986,4204
63420,98286,9740,47348,6488,88546,8190,3986,4204
63425,98290,9740,47349,6488,88550,8190,3986,4204
63430,98300,9741,47357,6489,88559,8191,3987,4204
63435,98306,9741,47361,6489,88564,8191,3987,4204
63440,98317,9745,47365,6493,88572,8192,3987,4205
63445,98321,9745,47365,6493,88576,8192,3987,4205
63450,98331,9746,47369,6493,88585,8193,3987,4206
63455,98337,9746,47372,6493,88591,8193,3987,4206
63460,98348,9749,47378,6495,88599,8194,3987,4207
63465,98352,9749,47380,6495,88603,8194,3987,4207
63470,98362,9750,47386,6496,88612,8195,3988,4207
63475,98368,9750,47389,6496,88618,8195,3988,4207
63480,98379,9751,47394,6497,88628,8196,3989,4207
63485,98383,9751,47398,6497,88632,8196,3989,4207
63490,98393,9752,47403,6498,88641,8196,3989,4207
63495,98399,9752,47408,6498,88646,8196,3989,4207
63500,98410,9755,47415,6501,88655,8196,3989,4207
63505,98414,9755,47417,6501,88659,8196,3989,4207
63510,98424,9756,47422,6501,88668,8196,3989,4207
63515,98430,9756,47422,6501,88674,8196,3989,4207
63520,98441,9758,47427,6503,88683,8196,3989,4207
63525,98445,9758,47430,6503,88687,8196,3989,4207
63530,98455,9760,47435,6503,88695,8196,3989,4207
63535,98461,9760,47438,6503,88700,8196,3989,4207
63540,98472,9765,47445,6507,88707,8196,3989,4207
63545,98476,9765,47447,6507,88711,8196,3989,4207
63550,98486,9767,47451,6507,88719,8196,3989,4207
63555,98492,9767,47453,6507,88725,8196,3989,4207
63560,98503,9770,47458,6510,88733,8196,3989,4207
63565,98507,9771,47461,6511,88736,8196,3989,4207
63570,98517,9773,47468,6513,88744,8196,3989,4207
63575,98523,9773,47470,6513,88749,8196,3989,4207
63580,98534,9776,47476,6515,88758,8196,3989,4207
63585,98538,9776,47477,6515,88762,8196,3989,4207
63590,98548,9778,47481,6516,88770,8197,3989,4208
63595,98554,9778,47484,6516,88775,8197,3989,4208
63600,98565,9781,47491,6519,88784,8198,3989,4209
63605,98569,9781,47493,6519,88788,8198,3989,4209
63610,98579,9782,47499,6520,88797,8199,3990,4209
63615,98585,9782,47502,6520,88802,8199,3990,4209
63620,98596,9786,47505,6523,88810,8200,3990,4210
63625,98600,9786,47505,6523,88814,8200,3990,4210
63630,98610,9787,47510,6524,88823,8201,3990,4211
63635,98616,9787,47512,6524,88829,8201,3990,4211
63640,98627,9789,47518,6526,88838,8202,3991,4211
63645,98631,9789,47519,6526,88842,8202,3991,4211
63650,98641,9790,47522,6526,88851,8203,3991,4212
63655,98647,9790,47525,6526,88857,8203,3991,4212
63660,98658,9792,47529,6527,88866,8204,3992,4212
63665,98662,9792,47531,6527,88870,8204,3992,4212
63670,98672,9792,47538,6527,88880,8205,3993,4212
63675,98678,9792,47540,6527,88886,8205,3993,4212
63680,98689,9794,47545,6528,88895,8205,3993,4212
63685,98693,9794,47547,6528,88899,8205,3993,4212
63690,98703,9794,47553,6528,88909,8206,3993,4213
63695,98709,9794,47557,6528,88915,8206,3993,4213
63700,98720,9796,47564,6530,88924,8206,3993,4213
63705,98724,9796,47565,6530,88928,8206,3993,4213
63710,98734,9797,47571,6531,88937,8207,3994,4213
63715,98740,9797,47573,6531,88942,8207,3994,4213
63720,98751,9800,47580,6533,88951,8207,3994,4213
63725,98755,9800,47581,6533,88955,8207,3994,4213
63730,98765,9801,47586,6534,88964,8208,3994,4214
63735,98771,9801,47587,6534,88970,8208,3994,4214
63740,98782,9803,47593,6536,88979,8209,3994,4215
63745,98786,9803,47594,6536,88983,8209,3994,4215
63750,98796,9804,47595,6537,88992,8210,3994,4216
63755,98802,9804,47599,6537,88998,8210,3994,4216
63760,98813,9806,47603,6538,89007,8211,3994,4217
63765,98817,9806,47605,6538,89011,8211,3994,4217
63770,98827,9808,47608,6538,89019,8212,3994,4218
63775,98833,9808,47611,6538,89024,8212,3994,4218
63780,98844,9811,47613,6540,89033,8213,3994,4219
63785,98848,9811,47615,6540,89037,8213,3994,4219
63790,98858,9813,47620,6542,89045,8214,3995,4219
63795,98864,9813,47625,6542,89050,8214,3995,4219
63800,98875,9816,47630,6545,89059,8214,3995,4219
63805,98879,9816,47633,6545,89063,8214,3995,4219
63810,98889,9818,47636,6546,89071,8215,3995,4220
63815,98895,9818,47639,6546,89076,8215,3995,4220
63820,98906,9820,47645,6548,89086,8215,3995,4220
63825,98910,9820,47647,6548,89090,8215,3995,4220
63830,98920,9822,47653,6549,89098,8216,3996,4220
63835,98926,9822,47655,6549,89104,8216,3996,4220
63840,98937,9823,47659,6550,89114,8216,3996,4220
63845,98941,9824,47662,6551,89117,8216,3996,4220
63850,98951,9824,47667,6551,89127,8216,3996,4220
63855,98957,9824,47669,6551,89133,8216,3996,4220
63860,98968,9824,47674,6551,89144,8217,3996,4221
63865,98972,9824,47674,6551,89148,8217,3996,4221
63870,98982,9824,47679,6551,89158,8217,3996,4221
63875,98988,9824,47683,6551,89164,8217,3996,4221
63880,98999,9824,47686,6551,89175,8218,3996,4222
63885,99003,9824,47687,6551,89179,8218,3996,4222
63890,99013,9824,47692,6551,89189,8218,3996,4222
63895,99019,9824,47692,6551,89195,8218,3996,4222
63900,99030,9826,47700,6553,89204,8218,3996,4222
63905,99034,9826,47703,6553,89208,8218,3996,4222
63910,99044,9827,47709,6553,89217,8218,3996,4222
63915,99050,9827,47711,6553,89222,8218,3996,4222
63920,99061,9831,47717,6556,89230,8218,3996,4222
63925,99065,9831,47719,6556,89234,8218,3996,4222
63930,99075,9832,47722,6557,89243,8218,3996,4222
63935,99081,9832,47724,6557,89249,8218,3996,4222
63940,99092,9833,47729,6557,89259,8218,3996,4222
63945,99096,9833,47730,6557,89263,8218,3996,4222
63950,99106,9835,47732,6557,89271,8219,3996,4223
63955,99112,9835,47733,6557,89277,8219,3996,4223
63960,99123,9839,47740,6561,89284,8219,3996,4223
63965,99127,9839,47741,6561,89288,8219,3996,4223
63970,99137,9840,47746,6561,89297,8220,3997,4223
63975,99143,9840,47749,6561,89303,8220,3997,4223
63980,99154,9843,47755,6563,89311,8220,3997,4223
63985,99158,9843,47758,6563,89315,8220,3997,4223
63990,99168,9844,47767,6564,89324,8221,3998,4223
63995,99174,9844,47769,6564,89330,8221,3998,4223
64000,99185,9846,47773,6565,89339,8221,3998,4223
64005,99189,9846,47774,6565,89343,8221,3998,4223
64010,99199,9847,47781,6566,89352,8222,3999,4223
64015,99205,9847,47785,6566,89357,8222,3999,4223
64020,99216,9850,47788,6568,89366,8222,3999,4223
64025,99220,9850,47791,6568,89370,8222,3999,4223
64030,99230,9851,47797,6568,89379,8223,3999,4224
64035,99236,9851,47802,6568,89384,8223,3999,4224
64040,99247,9855,47809,6572,89392,8223,3999,4224
64045,99251,9855,47810,6572,89396,8223,3999,4224
64050,99261,9856,47816,6573,89405,8224,4000,4224
64055,99267,9856,47819,6573,89410,8224,4000,4224
64060,99278,9859,47822,6575,89419,8224,4000,4224
64065,99282,9859,47824,6575,89423,8224,4000,4224
64070,99292,9861,47829,6576,89431,8225,4001,4224
64075,99298,9861,47833,6576,89436,8225,4001,4224
64080,99309,9865,47840,6580,89444,8226,4001,4225
64085,99313,9866,47843,6581,89447,8226,4001,4225
64090,99323,9867,47849,6581,89456,8227,4002,4225
64095,99329,9867,47854,6581,89462,8227,4002,4225
64100,99340,9869,47862,6582,89471,8228,4003,4225
64105,99344,9869,47863,6582,89475,8228,4003,4225
64110,99354,9870,47867,6583,89484,8229,4004,4225
64115,99360,9870,47870,6583,89490,8229,4004,4225
64120,99371,9871,47875,6583,89500,8229,4004,4225
64125,99375,9871,47876,6583,89504,8229,4004,4225
64130,99385,9872,47879,6583,89513,8230,4004,4226
64135,99391,9872,47883,6583,89519,8230,4004,4226
64140,99402,9873,47888,6583,89529,8230,4004,4226
64145,99406,9873,47890,6583,89533,8230,4004,4226
64150,99416,9875,47894,6584,89541,8230,4004,4226
64155,99422,9875,47896,6584,89547,8230,4004,4226
64160,99433,9877,47902,6585,89556,8230,4004,4226
64165,99437,9877,47904,6585,89560,8230,4004,4226
64170,99447,9879,47910,6586,89568,8230,4004,4226
64175,99453,9879,47912,6586,89574,8230,4004,4226
64180,99464,9880,47918,6586,89584,8230,4004,4226
64185,99468,9880,47921,6586,89588,8230,4004,4226
64190,99478,9882,47925,6587,89596,8230,4004,4226
64195,99484,9882,47929,6587,89602,8230,4004,4226
64200,99495,9883,47933,6588,89612,8230,4004,4226
64205,99499,9883,47934,6588,89616,8230,4004,4226
64210,99509,9884,47939,6589,89625,8230,4004,4226
64215,99515,9884,47943,6589,89630,8230,4004,4226
64220,99526,9886,47947,6590,89640,8230,4004,4226
64225,99530,9886,47948,6590,89644,8230,4004,4226
64230,99540,9887,47953,6590,89653,8230,4004,4226
64235,99546,9887,47956,6590,89658,8230,4004,4226
64240,99557,9890,47960,6592,89667,8230,4004,4226
64245,99561,9891,47962,6593,89670,8230,4004,4226
64250,99571,9892,47965,6593,89679,8230,4004,4226
64255,99577,9892,47969,6593,89685,8230,4004,4226
64260,99588,9893,47973,6593,89695,8231,4005,4226
64265,99592,9893,47976,6593,89699,8231,4005,4226
64270,99602,9894,47979,6593,89708,8232,4005,4227
64275,99608,9894,47981,6593,89713,8232,4005,4227
64280,99619,9897,47985,6595,89722,8233,4005,4228
64285,99623,9897,47986,6595,89726,8233,4005,4228
64290,99633,9898,47993,6595,89735,8234,4006,4228
64295,99639,9898,47995,6595,89741,8234,4006,4228
64300,99650,9900,48001,6596,89750,8235,4007,4228
64305,99654,9900,48002,6596,89754,8235,4007,4228
64310,99664,9902,48006,6596,89762,8236,4008,4228
64315,99670,9902,48010,6596,89767,8236,4008,4228
64320,99681,9906,48017,6600,89775,8237,4009,4228
64325,99685,9906,48019,6600,89779,8237,4009,4228
64330,99695,9908,48025,6602,89787,8238,4010,4228
64335,99701,9908,48026,6602,89792,8238,4010,4228
64340,99712,9912,48034,6606,89800,8238,4010,4228
64345,99716,9912,48037,6606,89804,8238,4010,4228
64350,99726,9914,48041,6607,89812,8239,4010,4229
64355,99732,9914,48044,6607,89817,8239,4010,4229
64360,99743,9917,48049,6609,89826,8239,4010,4229
64365,99747,9917,48050,6609,89830,8239,4010,4229
64370,99757,9919,48053,6610,89838,8240,4010,4230
64375,99763,9919,48057,6610,89843,8240,4010,4230
64380,99774,9923,48065,6613,89851,8241,4011,4230
64385,99778,9923,48068,6613,89855,8241,4011,4230
64390,99788,9924,48073,6614,89864,8242,4011,4231
64395,99794,9924,48074,6614,89870,8242,4011,4231
64400,99805,9925,48078,6615,89880,8242,4011,4231
64405,99809,9925,48081,6615,89884,8242,4011,4231
64410,99819,9926,48086,6616,89893,8243,4011,4232
64415,99825,9926,48089,6616,89899,8243,4011,4232
64420,99836,9927,48095,6616,89909,8243,4011,4232
64425,99840,9927,48097,6616,89913,8243,4011,4232
64430,99850,9928,48103,6617,89922,8244,4012,4232
64435,99856,9928,48105,6617,89928,8244,4012,4232
64440,99867,9929,48112,6618,89938,8244,4012,4232
64445,99871,9929,48114,6618,89942,8244,4012,4232
64450,99881,9929,48120,6618,89952,8245,4012,4233
64455,99887,9929,48122,6618,89958,8245,4012,4233
64460,99898,9930,48125,6618,89968,8246,4012,4234
64465,99902,9930,48127,6618,89972,8246,4012,4234
64470,99912,9930,48129,6618,89982,8247,4012,4235
64475,99918,9930,48130,6618,89988,8247,4012,4235
64480,99929,9932,48133,6620,89997,8248,4012,4236
64485,99933,9932,48133,6620,90001,8248,4012,4236
64490,99943,9933,48136,6620,90010,8249,4013,4236
64495,99949,9933,48137,6620,90016,8249,4013,4236
64500,99960,9935,48143,6622,90025,8250,4013,4237
64505,99964,9935,48146,6622,90029,8250,4013,4237
64510,99974,9937,48150,6623,90037,8250,4013,4237
64515,99980,9937,48152,6623,90043,8250,4013,4237
64520,99991,9940,48157,6625,90051,8251,4014,4237
64525,99995,9940,48160,6625,90055,8251,4014,4237
64530,100005,9942,48165,6626,90063,8251,4014,4237
64535,100011,9942,48167,6626,90068,8251,4014,4237
64540,100022,9945,48171,6628,90077,8252,4014,4238
64545,100026,9945,48173,6628,90081,8252,4014,4238
64550,100036,9947,48180,6630,90089,8252,4014,4238
64555,100042,9947,48183,6630,90094,8252,4014,4238
64560,100053,9950,48186,6632,90103,8253,4015,4238
64565,100057,9950,48186,6632,90107,8253,4015,4238
64570,100067,9951,48192,6633,90116,8253,4015,4238
64575,100073,9951,48193,6633,90122,8253,4015,4238
64580,100084,9952,48198,6634,90132,8253,4015,4238
64585,100088,9952,48200,6634,90136,8253,4015,4238
64590,100098,9953,48204,6635,90145,8253,4015,4238
64595,100104,9953,48208,6635,90150,8253,4015,4238
64600,100115,9955,48216,6637,90160,8253,4015,4238
64605,100119,9955,48218,6637,90164,8253,4015,4238
64610,100129,9956,48224,6638,90173,8253,4015,4238
64615,100135,9956,48228,6638,90179,8253,4015,4238
64620,100146,9957,48235,6638,90189,8253,4015,4238
64625,100150,9957,48237,6638,90193,8253,4015,4238
64630,100160,9958,48241,6638,90202,8253,4015,4238
64635,100166,9958,48244,6638,90207,8253,4015,4238
64640,100177,9960,48249,6639,90217,8253,4015,4238
64645,100181,9960,48252,6639,90221,8253,4015,4238
64650,100191,9961,48259,6639,90230,8253,4015,4238
64655,100197,9961,48263,6639,90235,8253,4015,4238
64660,100208,9963,48267,6641,90245,8253,4015,4238
64665,100212,9963,48268,6641,90249,8253,4015,4238
64670,100222,9965,48272,6641,90257,8253,4015,4238
64675,100228,9965,48274,6641,90262,8253,4015,4238
64680,100239,9968,48278,6643,90271,8254,4015,4239
64685,100243,9968,48278,6643,90275,8254,4015,4239
64690,100253,9970,48283,6644,90283,8255,4015,4240
64695,100259,9970,48286,6644,90289,8255,4015,4240
64700,100270,9971,48290,6644,90299,8255,4015,4240
64705,100274,9971,48291,6644,90303,8255,4015,4240
64710,100284,9973,48296,6646,90311,8255,4015,4240
64715,100290,9973,48299,6646,90317,8255,4015,4240
64720,100301,9975,48305,6648,90326,8255,4015,4240
64725,100305,9975,48309,6648,90330,8255,4015,4240
64730,100315,9977,48312,6649,90338,8255,4015,4240
64735,100321,9977,48316,6649,90343,8255,4015,4240
64740,100332,9979,48321,6650,90353,8255,4015,4240
64745,100336,9979,48323,6650,90357,8255,4015,4240
64750,100346,9981,48328,6651,90365,8255,4015,4240
64755,100352,9981,48329,6651,90371,8255,4015,4240
64760,100363,9982,48332,6652,90381,8255,4015,4240
64765,100367,9982,48333,6652,90385,8255,4015,4240
64770,100377,9984,48338,6653,90393,8255,4015,4240
64775,100383,9984,48339,6653,90399,8255,4015,4240
64780,100394,9985,48344,6654,90409,8255,4015,4240
64785,100398,9985,48345,6654,90413,8255,4015,4240
64790,100408,9987,48351,6655,90421,8255,4015,4240
64795,100414,9987,48355,6655,90427,8255,4015,4240
64800,100425,9989,48362,6657,90436,8255,4015,4240
64805,100429,9989,48364,6657,90440,8255,4015,4240
64810,100439,9989,48370,6657,90450,8255,4015,4240
64815,100445,9989,48374,6657,90456,8255,4015,4240
64820,100456,9990,48380,6658,90466,8256,4016,4240
64825,100460,9990,48381,6658,90470,8256,4016,4240
64830,100470,9990,48388,6658,90480,8256,4016,4240
64835,100476,9990,48389,6658,90486,8256,4016,4240
64840,100487,9992,48396,6660,90495,8257,4016,4241
64845,100491,9992,48398,6660,90499,8257,4016,4241
64850,100501,9992,48399,6660,90509,8257,4016,4241
64855,100507,9992,48404,6660,90515,8257,4016,4241
64860,100518,9993,48407,6660,90525,8258,4016,4242
64865,100522,9993,48410,6660,90529,8258,4016,4242
64870,100532,9993,48415,6660,90539,8258,4016,4242
64875,100538,9993,48418,6660,90545,8258,4016,4242
64880,100549,9994,48425,6660,90555,8258,4016,4242
64885,100553,9994,48428,6660,90559,8258,4016,4242
64890,100563,9994,48435,6660,90569,8258,4016,4242
64895,100569,9994,48438,6660,90575,8258,4016,4242
64900,100580,9996,48444,6662,90584,8258,4016,4242
64905,100584,9996,48446,6662,90588,8258,4016,4242
64910,100594,9998,48451,6664,90596,8258,4016,4242
64915,100600,9998,48454,6664,90602,8258,4016,4242
64920,100611,10000,48458,6666,90611,8258,4016,4242
64925,100615,10000,48459,6666,90615,8258,4016,4242
64930,100625,10002,48462,6667,90623,8258,4016,4242
64935,100631,10002,48465,6667,90629,8258,4016,4242
64940,100642,10004,48468,6669,90638,8258,4016,4242
64945,100646,10004,48469,6669,90642,8258,4016,4242
64950,100656,10006,48475,6670,90650,8258,4016,4242
64955,100662,10006,48478,6670,90656,8258,4016,4242
64960,100673,10008,48485,6672,90665,8258,4016,4242
64965,100677,10008,48487,6672,90669,8258,4016,4242
64970,100687,10010,48493,6674,90677,8258,4016,4242
64975,100693,10010,48495,6674,90683,8258,4016,4242
64980,100704,10011,48499,6675,90693,8259,4016,4243
64985,100708,10011,48500,6675,90697,8259,4016,4243
64990,100718,10013,48504,6676,90705,8259,4016,4243
64995,100724,10013,48506,6676,90711,8259,4016,4243
65000,100735,10014,48509,6676,90721,8260,4017,4243
65005,100739,10014,48511,6676,90725,8260,4017,4243
65010,100749,10016,48518,6677,90733,8260,4017,4243
65015,100755,10016,48519,6677,90739,8260,4017,4243
65020,100766,10018,48523,6678,90748,8261,4018,4243
65025,100770,10019,48524,6679,90751,8261,4018,4243
65030,100780,10021,48530,6679,90759,8261,4018,4243
65035,100786,10021,48531,6679,90765,8261,4018,4243
65040,100797,10022,48535,6679,90775,8262,4018,4244
65045,100801,10022,48537,6679,90779,8262,4018,4244
65050,100811,10024,48542,6680,90787,8262,4018,4244
65055,100817,10024,48544,6680,90792,8262,4018,4244
65060,100828,10026,48547,6681,90802,8262,4018,4244
65065,100832,10026,48548,6681,90806,8262,4018,4244
65070,100842,10028,48552,6681,90814,8262,4018,4244
65075,100848,10028,48555,6681,90819,8262,4018,4244
65080,100859,10030,48559,6682,90829,8262,4018,4244
65085,100863,10030,48562,6682,90833,8262,4018,4244
65090,100873,10032,48566,6682,90841,8262,4018,4244
65095,100879,10032,48567,6682,90847,8262,4018,4244
65100,100890,10033,48571,6682,90857,8263,4018,4245
65105,100894,10033,48573,6682,90861,8263,4018,4245
65110,100904,10035,48575,6682,90869,8263,4018,4245
65115,100910,10035,48578,6682,90875,8263,4018,4245
65120,100921,10036,48586,6682,90885,8263,4018,4245
65125,100925,10036,48588,6682,90889,8263,4018,4245
65130,100935,10038,48593,6683,90897,8263,4018,4245
65135,100941,10038,48596,6683,90903,8263,4018,4245
65140,100952,10040,48603,6684,90912,8263,4018,4245
65145,100956,10040,48606,6684,90916,8263,4018,4245
65150,100966,10042,48610,6685,90924,8263,4018,4245
65155,100972,10042,48613,6685,90930,8263,4018,4245
65160,100983,10044,48617,6686,90939,8263,4018,4245
65165,100987,10044,48619,6686,90943,8263,4018,4245
65170,100997,10046,48624,6686,90951,8263,4018,4245
65175,101003,10046,48627,6686,90957,8263,4018,4245
65180,101014,10047,48633,6687,90967,8264,4019,4245
65185,101018,10047,48636,6687,90971,8264,4019,4245
65190,101028,10049,48640,6688,90979,8264,4019,4245
65195,101034,10049,48645,6688,90985,8264,4019,4245
65200,101045,10050,48649,6689,90995,8265,4020,4245
65205,101049,10051,48652,6690,90998,8265,4020,4245
65210,101059,10053,48656,6692,91006,8265,4020,4245
65215,101065,10053,48657,6692,91011,8265,4020,4245
65220,101076,10056,48665,6695,91020,8265,4020,4245
65225,101080,10056,48665,6695,91024,8265,4020,4245
65230,101090,10058,48670,6695,91032,8265,4020,4245
65235,101096,10058,48671,6695,91038,8265,4020,4245
65240,101107,10060,48675,6696,91047,8265,4020,4245
65245,101111,10060,48677,6696,91051,8265,4020,4245
65250,101121,10062,48682,6696,91059,8265,4020,4245
65255,101127,10062,48683,6696,91065,8265,4020,4245
65260,101138,10064,48687,6697,91074,8265,4020,4245
65265,101142,10065,48690,6698,91077,8265,4020,4245
65270,101152,10067,48694,6698,91085,8265,4020,4245
65275,101158,10067,48695,6698,91091,8265,4020,4245
65280,101169,10070,48699,6700,91099,8265,4020,4245
65285,101173,10070,48700,6700,91103,8265,4020,4245
65290,101183,10071,48704,6701,91112,8265,4020,4245
65295,101189,10071,48708,6701,91118,8265,4020,4245
65300,101200,10073,48714,6702,91127,8266,4020,4246
65305,101204,10073,48716,6702,91131,8266,4020,4246
65310,101214,10074,48722,6703,91140,8266,4020,4246
65315,101220,10074,48726,6703,91146,8266,4020,4246
65320,101231,10076,48733,6705,91155,8267,4020,4247
65325,101235,10076,48735,6705,91159,8267,4020,4247
65330,101245,10077,48742,6706,91168,8267,4020,4247
65335,101251,10077,48746,6706,91174,8267,4020,4247
65340,101262,10079,48750,6708,91183,8268,4020,4248
65345,101266,10079,48753,6708,91187,8268,4020,4248
65350,101276,10080,48756,6708,91196,8268,4020,4248
65355,101282,10080,48759,6708,91202,8268,4020,4248
65360,101293,10081,48764,6709,91212,8269,4021,4248
65365,101297,10081,48766,6709,91216,8269,4021,4248
65370,101307,10082,48773,6710,91225,8269,4021,4248
65375,101313,10082,48776,6710,91231,8269,4021,4248
65380,101324,10084,48782,6712,91240,8270,4022,4248
65385,101328,10084,48785,6712,91244,8270,4022,4248
65390,101338,10086,48789,6713,91252,8270,4022,4248
65395,101344,10086,48793,6713,91257,8270,4022,4248
65400,101355,10089,48797,6715,91266,8271,4022,4249
65405,101359,10089,48799,6715,91270,8271,4022,4249
65410,101369,10091,48805,6715,91278,8271,4022,4249
65415,101375,10091,48808,6715,91283,8271,4022,4249
65420,101386,10093,48810,6716,91293,8272,4022,4250
65425,101390,10093,48811,6716,91297,8272,4022,4250
65430,101400,10095,48817,6717,91305,8272,4022,4250
65435,101406,10095,48818,6717,91311,8272,4022,4250
65440,101417,10097,48825,6718,91320,8272,4022,4250
65445,101421,10097,48827,6718,91324,8272,4022,4250
65450,101431,10099,48831,6718,91332,8272,4022,4250
65455,101437,10099,48833,6718,91338,8272,4022,4250
65460,101448,10101,48840,6720,91347,8272,4022,4250
65465,101452,10102,48842,6721,91350,8272,4022,4250
65470,101462,10104,48846,6722,91358,8272,4022,4250
65475,101468,10104,48848,6722,91364,8272,4022,4250
65480,101479,10106,48853,6723,91373,8272,4022,4250
65485,101483,10106,48854,6723,91377,8272,4022,4250
65490,101493,10108,48860,6724,91385,8272,4022,4250
65495,101499,10108,48865,6724,91391,8272,4022,4250
65500,101510,10110,48870,6726,91400,8272,4022,4250
65505,101514,10111,48872,6727,91403,8272,4022,4250
65510,101524,10113,48876,6729,91411,8272,4022,4250
65515,101530,10113,48881,6729,91416,8272,4022,4250
65520,101541,10116,48888,6732,91425,8272,4022,4250
65525,101545,10116,48889,6732,91429,8272,4022,4250
65530,101555,10116,48893,6732,91439,8272,4022,4250
65535,101561,10116,48896,6732,91445,8272,4022,4250
65540,101572,10118,48906,6734,91454,8273,4023,4250
65545,101576,10118,48909,6734,91458,8273,4023,4250
65550,101586,10118,48914,6734,91468,8273,4023,4250
65555,101592,10118,48915,6734,91474,8273,4023,4250
65560,101603,10120,48919,6735,91483,8274,4023,4251
65565,101607,10120,48920,6735,91487,8274,4023,4251
65570,101617,10120,48922,6735,91497,8274,4023,4251
65575,101623,10120,48925,6735,91503,8274,4023,4251
65580,101634,10123,48931,6737,91511,8274,4023,4251
65585,101638,10123,48931,6737,91515,8274,4023,4251
65590,101648,10123,48935,6737,91525,8274,4023,4251
65595,101654,10123,48939,6737,91531,8274,4023,4251
65600,101665,10125,48946,6738,91540,8274,4023,4251
65605,101669,10125,48948,6738,91544,8274,4023,4251
65610,101679,10125,48952,6738,91554,8274,4023,4251
65615,101685,10125,48954,6738,91560,8274,4023,4251
65620,101696,10126,48958,6739,91570,8274,4023,4251
65625,101700,10126,48961,6739,91574,8274,4023,4251
65630,101710,10128,48965,6740,91582,8274,4023,4251
65635,101716,10128,48970,6740,91587,8274,4023,4251
65640,101727,10131,48976,6742,91596,8274,4023,4251
65645,101731,10131,48978,6742,91600,8274,4023,4251
65650,101741,10133,48984,6743,91608,8274,4023,4251
65655,101747,10133,48987,6743,91614,8274,4023,4251
65660,101758,10135,48994,6745,91623,8275,4023,4252
65665,101762,10135,48994,6745,91627,8275,4023,4252
65670,101772,10137,48996,6746,91635,8275,4023,4252
65675,101778,10137,49000,6746,91641,8275,4023,4252
65680,101789,10139,49007,6747,91650,8276,4024,4252
65685,101793,10140,49009,6748,91653,8276,4024,4252
65690,101803,10142,49016,6750,91661,8276,4024,4252
65695,101809,10142,49020,6750,91667,8276,4024,4252
65700,101820,10143,49026,6751,91677,8277,4025,4252
65705,101824,10144,49028,6752,91680,8277,4025,4252
65710,101834,10146,49033,6753,91688,8277,4025,4252
65715,101840,10146,49034,6753,91694,8277,4025,4252
65720,101851,10148,49040,6755,91703,8278,4026,4252
65725,101855,10148,49043,6755,91707,8278,4026,4252
65730,101865,10150,49051,6756,91715,8278,4026,4252
65735,101871,10150,49054,6756,91721,8278,4026,4252
65740,101882,10152,49061,6758,91730,8279,4027,4252
65745,101886,10152,49061,6758,91734,8279,4027,4252
65750,101896,10154,49066,6760,91742,8279,4027,4252
65755,101902,10154,49069,6760,91748,8279,4027,4252
65760,101913,10157,49074,6762,91756,8280,4027,4253
65765,101917,10157,49076,6762,91760,8280,4027,4253
65770,101927,10159,49082,6763,91768,8280,4027,4253
65775,101933,10159,49084,6763,91774,8280,4027,4253
65780,101944,10161,49091,6765,91783,8280,4027,4253
65785,101948,10161,49093,6765,91787,8280,4027,4253
65790,101958,10163,49096,6765,91795,8280,4027,4253
65795,101964,10163,49099,6765,91801,8280,4027,4253
65800,101975,10164,49105,6766,91811,8280,4027,4253
65805,101979,10165,49108,6767,91814,8280,4027,4253
65810,101989,10167,49114,6769,91822,8280,4027,4253
65815,101995,10167,49117,6769,91828,8280,4027,4253
65820,102006,10169,49126,6771,91837,8280,4027,4253
65825,102010,10169,49128,6771,91841,8280,4027,4253
65830,102020,10171,49136,6773,91849,8280,4027,4253
65835,102026,10171,49138,6773,91854,8280,4027,4253
65840,102037,10173,49145,6775,91864,8280,4027,4253
65845,102041,10174,49148,6776,91867,8280,4027,4253
65850,102051,10176,49149,6776,91875,8280,4027,4253
65855,102057,10176,49150,6776,91881,8280,4027,4253
65860,102068,10176,49153,6776,91892,8280,4027,4253
65865,102072,10176,49154,6776,91896,8280,4027,4253
65870,102082,10178,49161,6778,91904,8280,4027,4253
65875,102088,10178,49162,6778,91910,8280,4027,4253
65880,102099,10180,49165,6780,91919,8281,4027,4254
65885,102103,10180,49165,6780,91923,8281,4027,4254
65890,102113,10180,49167,6780,91933,8281,4027,4254
65895,102119,10180,49169,6780,91939,8281,4027,4254
65900,102130,10181,49173,6780,91949,8282,4028,4254
65905,102134,10181,49175,6780,91953,8282,4028,4254
65910,102144,10181,49183,6780,91963,8282,4028,4254
65915,102150,10181,49185,6780,91969,8282,4028,4254
65920,102161,10182,49189,6781,91979,8283,4028,4255
65925,102165,10182,49191,6781,91983,8283,4028,4255
65930,102175,10182,49195,6781,91993,8283,4028,4255
65935,102181,10182,49197,6781,91999,8283,4028,4255
65940,102192,10183,49203,6782,92009,8284,4028,4256
65945,102196,10183,49204,6782,92013,8284,4028,4256
65950,102206,10183,49212,6782,92023,8284,4028,4256
65955,102212,10183,49213,6782,92029,8284,4028,4256
65960,102223,10184,49219,6783,92039,8284,4028,4256
65965,102227,10184,49221,6783,92043,8284,4028,4256
65970,102237,10184,49224,6783,92053,8284,4028,4256
65975,102243,10184,49225,6783,92059,8284,4028,4256
65980,102254,10186,49231,6784,92068,8284,4028,4256
65985,102258,10186,49232,6784,92072,8284,4028,4256
65990,102268,10187,49236,6784,92081,8284,4028,4256
65995,102274,10187,49237,6784,92087,8284,4028,4256
66000,102285,10189,49239,6786,92096,8284,4028,4256
66005,102289,10189,49241,6786,92100,8284,4028,4256
66010,102299,10190,49245,6787,92109,8284,4028,4256
66015,102305,10190,49247,6787,92114,8284,4028,4256
66020,102316,10192,49251,6788,92124,8285,4029,4256
66025,102320,10192,49251,6788,92128,8285,4029,4256
66030,102330,10193,49258,6788,92137,8285,4029,4256
66035,102336,10193,49260,6788,92143,8285,4029,4256
66040,102347,10194,49267,6788,92153,8286,4030,4256
66045,102351,10194,49269,6788,92157,8286,4030,4256
66050,102361,10195,49274,6789,92166,8286,4030,4256
66055,102367,10195,49277,6789,92171,8286,4030,4256
66060,102378,10197,49282,6791,92181,8287,4030,4257
66065,102382,10197,49284,6791,92185,8287,4030,4257
66070,102392,10198,49288,6791,92194,8287,4030,4257
66075,102398,10198,49291,6791,92200,8287,4030,4257
66080,102409,10199,49294,6791,92210,8287,4030,4257
66085,102413,10199,49297,6791,92214,8287,4030,4257
66090,102423,10199,49304,6791,92224,8287,4030,4257
66095,102429,10199,49309,6791,92230,8287,4030,4257
66100,102440,10200,49314,6791,92240,8287,4030,4257
66105,102444,10200,49315,6791,92244,8287,4030,4257
66110,102454,10200,49322,6791,92254,8287,4030,4257
66115,102460,10200,49325,6791,92260,8287,4030,4257
66120,102471,10202,49331,6792,92269,8287,4030,4257
66125,102475,10202,49333,6792,92273,8287,4030,4257
66130,102485,10203,49336,6792,92282,8287,4030,4257
66135,102491,10203,49339,6792,92287,8287,4030,4257
66140,102502,10207,49347,6796,92295,8287,4030,4257
66145,102506,10207,49347,6796,92299,8287,4030,4257
66150,102516,10208,49350,6796,92308,8287,4030,4257
66155,102522,10208,49351,6796,92314,8287,4030,4257
66160,102533,10210,49359,6798,92323,8287,4030,4257
66165,102537,10210,49362,6798,92327,8287,4030,4257
66170,102547,10211,49368,6799,92336,8287,4030,4257
66175,102553,10211,49370,6799,92342,8287,4030,4257
66180,102564,10212,49374,6800,92352,8287,4030,4257
66185,102568,10212,49376,6800,92356,8287,4030,4257
66190,102578,10212,49383,6800,92366,8287,4030,4257
66195,102584,10212,49384,6800,92372,8287,4030,4257
66200,102595,10213,49390,6801,92382,8288,4031,4257
66205,102599,10213,49391,6801,92386,8288,4031,4257
66210,102609,10213,49398,6801,92396,8288,4031,4257
66215,102615,10213,49400,6801,92402,8288,4031,4257
66220,102626,10214,49402,6801,92412,8289,4031,4258
66225,102630,10214,49402,6801,92416,8289,4031,4258
66230,102640,10214,49408,6801,92426,8289,4031,4258
66235,102646,10214,49410,6801,92432,8289,4031,4258
66240,102657,10216,49417,6803,92441,8289,4031,4258
66245,102661,10216,49420,6803,92445,8289,4031,4258
66250,102671,10216,49423,6803,92455,8289,4031,4258
66255,102677,10216,49429,6803,92461,8289,4031,4258
66260,102688,10218,49436,6805,92470,8289,4031,4258
66265,102692,10218,49438,6805,92474,8289,4031,4258
66270,102702,10218,49442,6805,92484,8289,4031,4258
66275,102708,10218,49444,6805,92490,8289,4031,4258
66280,102719,10219,49448,6805,92500,8289,4031,4258
66285,102723,10219,49450,6805,92504,8289,4031,4258
66290,102733,10220,49456,6806,92513,8289,4031,4258
66295,102739,10220,49457,6806,92519,8289,4031,4258
66300,102750,10223,49463,6809,92527,8289,4031,4258
66305,102754,10224,49465,6810,92530,8289,4031,4258
66310,102764,10225,49470,6810,92539,8289,4031,4258
66315,102770,10225,49473,6810,92545,8289,4031,4258
66320,102781,10227,49481,6812,92554,8290,4032,4258
66325,102785,10228,49484,6813,92557,8290,4032,4258
66330,102795,10229,49491,6814,92566,8290,4032,4258
66335,102801,10229,49492,6814,92572,8290,4032,4258
66340,102812,10231,49498,6816,92581,8291,4032,4259
66345,102816,10231,49499,6816,92585,8291,4032,4259
66350,102826,10232,49507,6817,92594,8291,4032,4259
66355,102832,10232,49508,6817,92600,8291,4032,4259
66360,102843,10233,49514,6818,92610,8291,4032,4259
66365,102847,10233,49517,6818,92614,8291,4032,4259
66370,102857,10233,49522,6818,92624,8291,4032,4259
66375,102863,10233,49528,6818,92630,8291,4032,4259
66380,102874,10234,49535,6819,92640,8291,4032,4259
66385,102878,10234,49538,6819,92644,8291,4032,4259
66390,102888,10234,49543,6819,92654,8291,4032,4259
66395,102894,10234,49546,6819,92660,8291,4032,4259
66400,102905,10235,49550,6819,92670,8291,4032,4259
66405,102909,10235,49551,6819,92674,8291,4032,4259
66410,102919,10235,49557,6819,92684,8291,4032,4259
66415,102925,10235,49560,6819,92690,8291,4032,4259
66420,102936,10236,49565,6820,92700,8291,4032,4259
66425,102940,10236,49567,6820,92704,8291,4032,4259
66430,102950,10236,49573,6820,92714,8291,4032,4259
66435,102956,10236,49574,6820,92720,8291,4032,4259
66440,102967,10237,49580,6820,92730,8291,4032,4259
66445,102971,10237,49583,6820,92734,8291,4032,4259
66450,102981,10237,49585,6820,92744,8291,4032,4259
66455,102987,10237,49589,6820,92750,8291,4032,4259
66460,102998,10238,49593,6820,92760,8292,4033,4259
66465,103002,10238,49593,6820,92764,8292,4033,4259
66470,103012,10239,49596,6820,92773,8292,4033,4259
66475,103018,10239,49600,6820,92778,8292,4033,4259
66480,103029,10242,49604,6822,92787,8293,4034,4259
66485,103033,10242,49604,6822,92791,8293,4034,4259
66490,103043,10243,49608,6823,92800,8293,4034,4259
66495,103049,10243,49614,6823,92806,8293,4034,4259
66500,103060,10244,49619,6824,92816,8294,4034,4260
66505,103064,10245,49622,6825,92819,8294,4034,4260
66510,103074,10246,49626,6825,92828,8294,4034,4260
66515,103080,10246,49630,6825,92834,8294,4034,4260
66520,103091,10248,49635,6827,92843,8295,4034,4261
66525,103095,10248,49637,6827,92847,8295,4034,4261
66530,103105,10249,49641,6828,92856,8295,4034,4261
66535,103111,10249,49645,6828,92862,8295,4034,4261
66540,103122,10250,49649,6828,92872,8296,4035,4261
66545,103126,10250,49650,6828,92876,8296,4035,4261
66550,103136,10251,49656,6829,92885,8296,4035,4261
66555,103142,10251,49659,6829,92891,8296,4035,4261
66560,103153,10253,49665,6830,92900,8297,4036,4261
66565,103157,10253,49667,6830,92904,8297,4036,4261
66570,103167,10254,49670,6831,92913,8297,4036,4261
66575,103173,10254,49674,6831,92919,8297,4036,4261
66580,103184,10255,49680,6832,92929,8297,4036,4261
66585,103188,10255,49681,6832,92933,8297,4036,4261
66590,103198,10256,49686,6832,92942,8297,4036,4261
66595,103204,10256,49689,6832,92948,8297,4036,4261
66600,103215,10258,49693,6834,92957,8297,4036,4261
66605,103219,10258,49694,6834,92961,8297,4036,4261
66610,103229,10258,49697,6834,92971,8297,4036,4261
66615,103235,10258,49702,6834,92977,8297,4036,4261
66620,103246,10259,49708,6835,92987,8297,4036,4261
66625,103250,10259,49711,6835,92991,8297,4036,4261
66630,103260,10259,49716,6835,93001,8297,4036,4261
66635,103266,10259,49720,6835,93007,8297,4036,4261
66640,103277,10260,49725,6836,93017,8297,4036,4261
66645,103281,10260,49727,6836,93021,8297,4036,4261
66650,103291,10260,49731,6836,93031,8297,4036,4261
66655,103297,10260,49734,6836,93037,8297,4036,4261
66660,103308,10262,49742,6837,93046,8297,4036,4261
66665,103312,10262,49744,6837,93050,8297,4036,4261
66670,103322,10262,49749,6837,93060,8297,4036,4261
66675,103328,10262,49753,6837,93066,8297,4036,4261
66680,103339,10263,49757,6837,93076,8297,4036,4261
66685,103343,10263,49759,6837,93080,8297,4036,4261
66690,103353,10263,49765,6837,93090,8297,4036,4261
66695,103359,10263,49767,6837,93096,8297,4036,4261
66700,103370,10265,49775,6838,93105,8297,4036,4261
66705,103374,10265,49777,6838,93109,8297,4036,4261
66710,103384,10266,49783,6839,93118,8297,4036,4261
66715,103390,10266,49785,6839,93124,8297,4036,4261
66720,103401,10269,49790,6841,93132,8297,4036,4261
66725,103405,10269,49791,6841,93136,8297,4036,4261
66730,103415,10270,49794,6841,93145,8297,4036,4261
66735,103421,10270,49797,6841,93151,8297,4036,4261
66740,103432,10272,49803,6843,93160,8297,4036,4261
66745,103436,10272,49805,6843,93164,8297,4036,4261
66750,103446,10273,49806,6843,93173,8297,4036,4261
66755,103452,10273,49809,6843,93179,8297,4036,4261
66760,103463,10275,49818,6845,93188,8297,4036,4261
66765,103467,10276,49821,6846,93191,8297,4036,4261
66770,103477,10277,49825,6846,93200,8297,4036,4261
66775,103483,10277,49828,6846,93206,8297,4036,4261
66780,103494,10278,49831,6846,93216,8297,4036,4261
66785,103498,10279,49834,6847,93219,8297,4036,4261
66790,103508,10280,49839,6848,93228,8297,4036,4261
66795,103514,10280,49841,6848,93234,8297,4036,4261
66800,103525,10281,49847,6849,93244,8297,4036,4261
66805,103529,10282,49850,6850,93247,8297,4036,4261
66810,103539,10283,49854,6851,93256,8297,4036,4261
66815,103545,10283,49855,6851,93262,8297,4036,4261
66820,103556,10284,49861,6851,93272,8297,4036,4261
66825,103560,10284,49862,6851,93276,8297,4036,4261
66830,103570,10285,49868,6851,93285,8297,4036,4261
66835,103576,10285,49871,6851,93291,8297,4036,4261
66840,103587,10287,49876,6853,93300,8297,4036,4261
66845,103591,10287,49879,6853,93304,8297,4036,4261
66850,103601,10288,49886,6853,93313,8297,4036,4261
66855,103607,10288,49889,6853,93318,8297,4036,4261
66860,103618,10290,49894,6855,93328,8297,4036,4261
66865,103622,10291,49896,6856,93331,8297,4036,4261
66870,103632,10292,49900,6857,93340,8297,4036,4261
66875,103638,10292,49903,6857,93346,8297,4036,4261
66880,103649,10293,49906,6857,93356,8297,4036,4261
66885,103653,10293,49908,6857,93360,8297,4036,4261
66890,103663,10294,49916,6858,93369,8297,4036,4261
66895,103669,10294,49917,6858,93375,8297,4036,4261
66900,103680,10296,49922,6860,93384,8297,4036,4261
66905,103684,10296,49923,6860,93388,8297,4036,4261
66910,103694,10296,49927,6860,93398,8297,4036,4261
66915,103700,10296,49929,6860,93404,8297,4036,4261
66920,103711,10298,49934,6862,93413,8297,4036,4261
66925,103715,10298,49936,6862,93417,8297,4036,4261
66930,103725,10298,49939,6862,93427,8297,4036,4261
66935,103731,10298,49943,6862,93433,8297,4036,4261
66940,103742,10300,49948,6863,93442,8297,4036,4261
66945,103746,10300,49950,6863,93446,8297,4036,4261
66950,103756,10300,49955,6863,93456,8297,4036,4261
66955,103762,10300,49957,6863,93462,8297,4036,4261
66960,103773,10302,49964,6865,93471,8297,4036,4261
66965,103777,10302,49966,6865,93475,8297,4036,4261
66970,103787,10303,49969,6865,93484,8297,4036,4261
66975,103793,10303,49974,6865,93490,8297,4036,4261
66980,103804,10304,49978,6866,93500,8297,4036,4261
66985,103808,10305,49980,6867,93503,8297,4036,4261
66990,103818,10306,49983,6868,93512,8297,4036,4261
66995,103824,10306,49986,6868,93518,8297,4036,4261
67000,103835,10308,49993,6870,93527,8297,4036,4261
67005,103839,10308,49995,6870,93531,8297,4036,4261
67010,103849,10309,50000,6871,93540,8297,4036,4261
67015,103855,10309,50004,6871,93546,8297,4036,4261
67020,103866,10310,50009,6872,93556,8297,4036,4261
67025,103870,10310,50009,6872,93560,8297,4036,4261
67030,103880,10310,50015,6872,93570,8297,4036,4261
67035,103886,10310,50018,6872,93576,8297,4036,4261
67040,103897,10311,50022,6872,93586,8297,4036,4261
67045,103901,10311,50024,6872,93590,8297,4036,4261
67050,103911,10311,50026,6872,93600,8297,4036,4261
67055,103917,10311,50028,6872,93606,8297,4036,4261
67060,103928,10312,50031,6873,93616,8297,4036,4261
67065,103932,10312,50033,6873,93620,8297,4036,4261
67070,103942,10312,50038,6873,93630,8297,4036,4261
67075,103948,10312,50044,6873,93636,8297,4036,4261
67080,103959,10313,50053,6874,93646,8297,4036,4261
67085,103963,10313,50055,6874,93650,8297,4036,4261
67090,103973,10313,50060,6874,93660,8297,4036,4261
67095,103979,10313,50060,6874,93666,8297,4036,4261
67100,103990,10314,50066,6874,93676,8297,4036,4261
67105,103994,10314,50067,6874,93680,8297,4036,4261
67110,104004,10314,50074,6874,93690,8297,4036,4261
67115,104010,10314,50077,6874,93696,8297,4036,4261
67120,104021,10315,50085,6875,93706,8297,4036,4261
67125,104025,10315,50087,6875,93710,8297,4036,4261
67130,104035,10315,50093,6875,93720,8297,4036,4261
67135,104041,10315,50096,6875,93726,8297,4036,4261
67140,104052,10316,50102,6875,93736,8297,4036,4261
67145,104056,10316,50103,6875,93740,8297,4036,4261
67150,104066,10316,50106,6875,93750,8297,4036,4261
67155,104072,10316,50108,6875,93756,8297,4036,4261
67160,104083,10318,50114,6876,93765,8297,4036,4261
67165,104087,10318,50116,6876,93769,8297,4036,4261
67170,104097,10318,50120,6876,93779,8297,4036,4261
67175,104103,10318,50124,6876,93785,8297,4036,4261
67180,104114,10319,50129,6877,93795,8297,4036,4261
67185,104118,10319,50131,6877,93799,8297,4036,4261
67190,104128,10319,50136,6877,93809,8297,4036,4261
67195,104134,10319,50137,6877,93815,8297,4036,4261
67200,104145,10321,50140,6878,93824,8297,4036,4261
67205,104149,10321,50142,6878,93828,8297,4036,4261
67210,104159,10321,50147,6878,93838,8297,4036,4261
67215,104165,10321,50151,6878,93844,8297,4036,4261
67220,104176,10322,50158,6878,93854,8297,4036,4261
67225,104180,10322,50161,6878,93858,8297,4036,4261
67230,104190,10322,50166,6878,93868,8297,4036,4261
67235,104196,10322,50167,6878,93874,8297,4036,4261
67240,104207,10324,50173,6880,93883,8297,4036,4261
67245,104211,10324,50174,6880,93887,8297,4036,4261
67250,104221,10324,50178,6880,93897,8297,4036,4261
67255,104227,10324,50180,6880,93903,8297,4036,4261
67260,104238,10326,50183,6881,93912,8297,4036,4261
67265,104242,10326,50185,6881,93916,8297,4036,4261
67270,104252,10326,50188,6881,93926,8297,4036,4261
67275,104258,10326,50191,6881,93932,8297,4036,4261
67280,104269,10327,50194,6881,93942,8297,4036,4261
67285,104273,10327,50196,6881,93946,8297,4036,4261
67290,104283,10327,50200,6881,93956,8297,4036,4261
67295,104289,10327,50204,6881,93962,8297,4036,4261
67300,104300,10328,50210,6881,93972,8297,4036,4261
67305,104304,10328,50211,6881,93976,8297,4036,4261
67310,104314,10328,50217,6881,93986,8297,4036,4261
67315,104320,10328,50218,6881,93992,8297,4036,4261
67320,104331,10329,50224,6881,94002,8297,4036,4261
67325,104335,10329,50227,6881,94006,8297,4036,4261
67330,104345,10329,50232,6881,94016,8297,4036,4261
67335,104351,10329,50234,6881,94022,8297,4036,4261
67340,104362,10330,50240,6882,94032,8297,4036,4261
67345,104366,10330,50242,6882,94036,8297,4036,4261
67350,104376,10330,50248,6882,94046,8297,4036,4261
67355,104382,10330,50251,6882,94052,8297,4036,4261
67360,104393,10331,50256,6883,94062,8297,4036,4261
67365,104397,10331,50258,6883,94066,8297,4036,4261
67370,104407,10331,50263,6883,94076,8297,4036,4261
67375,104413,10331,50266,6883,94082,8297,4036,4261
67380,104424,10332,50268,6883,94092,8297,4036,4261
67385,104428,10332,50270,6883,94096,8297,4036,4261
67390,104438,10332,50272,6883,94106,8297,4036,4261
67395,104444,10332,50274,6883,94112,8297,4036,4261
67400,104455,10333,50277,6884,94122,8297,4036,4261
67405,104459,10333,50279,6884,94126,8297,4036,4261
67410,104469,10333,50281,6884,94136,8297,4036,4261
67415,104475,10333,50283,6884,94142,8297,4036,4261
67420,104486,10334,50291,6885,94152,8297,4036,4261
67425,104490,10334,50292,6885,94156,8297,4036,4261
67430,104500,10334,50297,6885,94166,8297,4036,4261
67435,104506,10334,50301,6885,94172,8297,4036,4261
67440,104517,10335,50305,6886,94182,8297,4036,4261
67445,104521,10335,50308,6886,94186,8297,4036,4261
67450,104531,10335,50315,6886,94196,8297,4036,4261
67455,104537,10335,50318,6886,94202,8297,4036,4261
67460,104548,10336,50325,6887,94212,8297,4036,4261
67465,104552,10336,50326,6887,94216,8297,4036,4261
67470,104562,10336,50332,6887,94226,8297,4036,4261
67475,104568,10336,50336,6887,94232,8297,4036,4261
67480,104579,10337,50338,6887,94242,8297,4036,4261
67485,104583,10337,50341,6887,94246,8297,4036,4261
67490,104593,10337,50346,6887,94256,8297,4036,4261
67495,104599,10337,50347,6887,94262,8297,4036,4261
67500,104610,10339,50352,6889,94271,8297,4036,4261
67505,104614,10339,50353,6889,94275,8297,4036,4261
67510,104624,10339,50357,6889,94285,8297,4036,4261
67515,104630,10339,50359,6889,94291,8297,4036,4261
67520,104641,10340,50362,6889,94301,8297,4036,4261
67525,104645,10340,50365,6889,94305,8297,4036,4261
67530,104655,10340,50370,6889,94315,8297,4036,4261
67535,104661,10340,50374,6889,94321,8297,4036,4261
67540,104672,10342,50379,6890,94330,8297,4036,4261
67545,104676,10342,50382,6890,94334,8297,4036,4261
67550,104686,10342,50386,6890,94344,8297,4036,4261
67555,104692,10342,50390,6890,94350,8297,4036,4261
67560,104703,10344,50395,6892,94359,8297,4036,4261
