Time,  Packets Generated,  Packets Reached,High Priority Packets Generated, High Priority Packets reached, Packet Dropped, Packet Dropped due to Faulty Node, High Prio Packet Dropped due to Faulty Node, Low Prio Packet Dropped due to Faulty Node 
5,1,1,1,1,0,0,0,0
10,6,5,5,4,0,0,0,0
15,8,7,6,6,0,0,0,0
20,16,11,10,7,1,1,1,0
25,20,17,11,10,2,2,1,1
30,30,26,16,13,2,2,1,1
35,36,31,19,17,2,2,1,1
40,47,39,23,21,3,3,1,2
45,51,46,27,24,4,4,2,2
50,61,55,30,27,4,4,2,2
55,67,60,32,30,4,4,2,2
60,78,68,36,33,5,5,2,3
65,82,75,37,34,5,5,2,3
70,92,85,43,40,5,5,2,3
75,98,90,44,42,5,5,2,3
80,109,98,50,45,6,6,3,3
85,113,105,54,49,6,6,3,3
90,123,113,59,55,8,6,3,3
95,129,117,63,58,9,6,3,3
100,140,123,68,62,13,7,4,3
105,144,128,70,65,14,7,4,3
110,154,136,75,70,16,7,4,3
115,160,141,79,74,18,7,4,3
120,171,146,85,78,20,8,4,4
125,175,151,88,82,22,8,4,4
130,185,158,94,88,25,8,4,4
135,191,163,95,89,26,8,4,4
140,202,169,101,92,29,9,4,5
145,206,174,104,97,30,9,4,5
150,216,179,107,101,36,9,4,5
155,222,182,110,103,38,9,4,5
160,233,186,113,105,45,10,5,5
165,237,188,115,107,47,10,5,5
170,247,193,120,111,52,10,5,5
175,253,197,123,114,53,10,5,5
180,264,203,131,119,56,11,5,6
185,268,207,132,123,60,11,5,6
190,278,212,137,128,66,11,5,6
195,284,213,138,128,70,11,5,6
200,295,217,144,131,76,12,6,6
205,299,219,145,133,79,12,6,6
210,309,223,151,136,84,12,6,6
215,315,227,156,140,85,12,6,6
220,326,232,161,144,92,13,7,6
225,330,233,163,145,95,13,7,6
230,340,238,170,150,99,13,7,6
235,346,241,172,153,104,13,7,6
240,357,243,177,155,111,14,8,6
245,361,246,178,158,115,14,8,6
250,371,249,183,159,122,14,8,6
255,377,251,186,161,126,14,8,6
260,388,254,193,164,132,15,8,7
265,392,256,194,166,136,15,8,7
270,402,259,200,169,142,15,8,7
275,408,260,200,170,148,15,8,7
280,419,261,205,171,158,16,9,7
285,423,261,206,171,162,16,9,7
290,433,262,210,171,170,16,9,7
295,439,264,212,173,175,16,9,7
300,450,264,218,173,186,17,10,7
305,454,264,221,173,190,17,10,7
310,464,264,223,173,200,17,10,7
315,470,264,225,173,206,17,10,7
320,481,264,227,173,217,18,10,8
325,485,264,228,173,221,18,10,8
330,495,264,231,173,231,18,10,8
335,501,265,234,173,236,18,10,8
340,512,266,241,174,246,19,11,8
345,516,266,242,174,250,19,11,8
350,526,267,245,175,258,19,11,8
355,532,268,247,175,264,19,11,8
360,543,271,252,177,270,20,11,9
365,547,272,253,178,275,20,11,9
370,557,273,255,178,284,20,11,9
375,563,274,257,179,289,20,11,9
380,574,276,261,180,298,21,11,10
385,578,277,264,181,301,21,11,10
390,588,279,270,182,309,21,11,10
395,594,280,274,183,313,21,11,10
400,605,284,281,187,321,22,11,11
405,609,285,283,188,324,22,11,11
410,619,288,286,189,331,22,11,11
415,625,289,290,189,335,22,11,11
420,636,291,296,191,345,23,11,12
425,640,291,297,191,349,23,11,12
430,650,293,302,193,356,23,11,12
435,656,295,306,194,360,23,11,12
440,667,298,312,197,368,24,12,12
445,671,299,315,198,372,24,12,12
450,681,301,322,199,379,24,12,12
455,687,303,325,200,383,24,12,12
460,698,306,333,203,391,25,12,13
465,702,307,335,204,395,25,12,13
470,712,310,340,206,400,25,12,13
475,718,313,344,209,403,25,12,13
480,729,317,350,213,408,26,12,14
485,733,319,353,215,414,26,12,14
490,743,320,357,216,423,26,12,14
495,749,320,360,216,429,26,12,14
500,760,320,365,216,439,26,12,14
505,764,321,368,217,443,26,12,14
510,774,322,374,218,452,26,12,14
515,780,322,375,218,457,26,12,14
520,791,323,380,219,467,26,12,14
525,795,324,381,220,471,26,12,14
530,805,326,384,221,479,26,12,14
535,811,326,385,221,485,26,12,14
540,822,326,389,221,496,27,12,15
545,826,326,390,221,500,27,12,15
550,836,328,392,221,508,27,12,15
555,842,329,396,222,512,27,12,15
560,853,331,401,224,522,28,12,16
565,857,331,402,224,526,28,12,16
570,867,333,407,225,534,28,12,16
575,873,334,410,225,539,28,12,16
580,884,334,417,225,550,29,13,16
585,888,334,418,225,554,29,13,16
590,898,338,422,228,559,29,13,16
595,904,339,425,228,561,29,13,16
600,915,346,431,234,566,30,14,16
605,919,348,433,236,571,30,14,16
610,929,349,437,237,580,30,14,16
615,935,349,440,237,586,30,14,16
620,946,351,446,239,595,30,14,16
625,950,351,448,239,599,30,14,16
630,960,352,454,240,608,30,14,16
635,966,352,458,240,614,30,14,16
640,977,353,461,240,624,30,14,16
645,981,353,462,240,628,30,14,16
650,991,354,467,241,637,30,14,16
655,997,354,471,241,643,30,14,16
660,1008,356,478,242,652,30,14,16
665,1012,356,479,242,656,30,14,16
670,1022,357,483,243,665,30,14,16
675,1028,358,486,244,670,30,14,16
680,1039,361,492,246,676,30,14,16
685,1043,363,494,248,680,30,14,16
690,1053,365,497,249,688,30,14,16
695,1059,366,501,250,693,30,14,16
700,1070,368,509,252,700,30,14,16
705,1074,370,511,254,703,30,14,16
710,1084,377,515,259,707,30,14,16
715,1090,378,515,259,712,30,14,16
720,1101,381,520,262,719,31,15,16
725,1105,382,523,263,723,31,15,16
730,1115,383,527,263,732,31,15,16
735,1121,383,533,263,738,31,15,16
740,1132,385,539,264,747,31,15,16
745,1136,386,543,265,750,31,15,16
750,1146,388,548,266,758,31,15,16
755,1152,388,551,266,764,31,15,16
760,1163,389,556,266,774,31,15,16
765,1167,390,560,267,777,31,15,16
770,1177,392,565,268,785,31,15,16
775,1183,392,567,268,791,31,15,16
780,1194,393,571,269,801,31,15,16
785,1198,394,573,270,804,31,15,16
790,1208,396,579,271,810,31,15,16
795,1214,399,581,273,815,31,15,16
800,1225,399,585,273,826,31,15,16
805,1229,400,587,274,829,31,15,16
810,1239,402,593,276,836,31,15,16
815,1245,404,594,277,841,31,15,16
820,1256,404,598,277,852,31,15,16
825,1260,405,600,278,855,31,15,16
830,1270,409,607,281,858,31,15,16
835,1276,413,609,284,861,31,15,16
840,1287,416,615,287,869,32,15,17
845,1291,416,616,287,875,32,15,17
850,1301,417,619,287,884,32,15,17
855,1307,417,622,287,890,32,15,17
860,1318,417,627,287,901,33,15,18
865,1322,417,628,287,905,33,15,18
870,1332,418,631,288,914,33,15,18
875,1338,418,634,288,920,33,15,18
880,1349,418,639,288,931,34,15,19
885,1353,418,640,288,935,34,15,19
890,1363,419,648,289,944,34,15,19
895,1369,419,650,289,950,34,15,19
900,1380,419,656,289,961,35,15,20
905,1384,419,659,289,965,35,15,20
910,1394,420,662,289,974,35,15,20
915,1400,420,665,289,980,35,15,20
920,1411,422,671,291,989,35,15,20
925,1415,422,673,291,993,35,15,20
930,1425,423,678,292,1002,35,15,20
935,1431,423,682,292,1008,35,15,20
940,1442,425,687,293,1017,35,15,20
945,1446,425,689,293,1021,35,15,20
950,1456,427,693,294,1029,35,15,20
955,1462,428,697,295,1032,35,15,20
960,1473,433,701,299,1039,36,16,20
965,1477,434,701,300,1043,36,16,20
970,1487,436,706,301,1051,36,16,20
975,1493,436,710,301,1057,36,16,20
980,1504,437,717,302,1067,36,16,20
985,1508,437,720,302,1071,36,16,20
990,1518,439,726,303,1079,36,16,20
995,1524,439,727,303,1085,36,16,20
1000,1535,439,732,303,1096,36,16,20
1005,1539,439,735,303,1100,36,16,20
1010,1549,441,740,304,1106,36,16,20
1015,1555,444,743,307,1110,36,16,20
1020,1566,446,747,309,1120,36,16,20
1025,1570,446,750,309,1124,36,16,20
1030,1580,448,752,309,1132,36,16,20
1035,1586,449,754,309,1137,36,16,20
1040,1597,451,760,311,1145,37,17,20
1045,1601,452,763,312,1149,37,17,20
1050,1611,454,766,312,1157,37,17,20
1055,1617,455,769,312,1162,37,17,20
1060,1628,457,774,314,1170,38,18,20
1065,1632,458,777,315,1174,38,18,20
1070,1642,460,781,316,1182,38,18,20
1075,1648,461,785,317,1186,38,18,20
1080,1659,464,792,319,1194,39,19,20
1085,1663,465,794,320,1198,39,19,20
1090,1673,466,799,321,1206,39,19,20
1095,1679,468,803,323,1210,39,19,20
1100,1690,470,809,324,1220,39,19,20
1105,1694,470,809,324,1224,39,19,20
1110,1704,471,813,324,1233,39,19,20
1115,1710,472,816,324,1238,39,19,20
1120,1721,473,822,325,1248,39,19,20
1125,1725,473,824,325,1252,39,19,20
1130,1735,474,829,326,1260,39,19,20
1135,1741,476,832,327,1262,39,19,20
1140,1752,480,838,330,1270,39,19,20
1145,1756,481,839,331,1275,39,19,20
1150,1766,482,843,331,1284,39,19,20
1155,1772,482,844,331,1290,39,19,20
1160,1783,483,846,331,1300,40,19,21
1165,1787,483,847,331,1304,40,19,21
1170,1797,484,853,331,1313,40,19,21
1175,1803,484,856,331,1318,40,19,21
1180,1814,487,860,334,1327,41,20,21
1185,1818,487,864,334,1331,41,20,21
1190,1828,488,870,334,1340,41,20,21
1195,1834,488,874,334,1345,41,20,21
1200,1845,490,876,335,1354,42,20,22
1205,1849,491,879,336,1358,42,20,22
1210,1859,491,886,336,1368,42,20,22
1215,1865,491,888,336,1374,42,20,22
1220,1876,494,895,339,1382,43,21,22
1225,1880,494,895,339,1386,43,21,22
1230,1890,495,900,340,1395,43,21,22
1235,1896,495,902,340,1401,43,21,22
1240,1907,497,911,342,1410,44,22,22
1245,1911,497,914,342,1414,44,22,22
1250,1921,499,920,344,1421,44,22,22
1255,1927,502,925,347,1424,44,22,22
1260,1938,504,929,349,1433,45,22,23
1265,1942,505,932,350,1437,45,22,23
1270,1952,507,937,352,1445,45,22,23
1275,1958,507,940,352,1451,45,22,23
1280,1969,508,946,353,1461,46,22,24
1285,1973,508,947,353,1465,46,22,24
1290,1983,510,951,354,1473,46,22,24
1295,1989,510,953,354,1479,46,22,24
1300,2000,510,956,354,1490,47,22,25
1305,2004,510,958,354,1494,47,22,25
1310,2014,512,960,354,1502,47,22,25
1315,2020,512,963,354,1506,47,22,25
1320,2031,517,972,359,1514,48,23,25
1325,2035,517,972,359,1518,48,23,25
1330,2045,518,980,360,1527,48,23,25
1335,2051,518,983,360,1533,48,23,25
1340,2062,518,989,360,1543,48,23,25
1345,2066,518,991,360,1548,48,23,25
1350,2076,519,994,360,1557,48,23,25
1355,2082,519,998,360,1563,48,23,25
1360,2093,519,1006,360,1573,48,23,25
1365,2097,519,1009,360,1578,48,23,25
1370,2107,522,1014,362,1585,48,23,25
1375,2113,523,1016,363,1590,48,23,25
1380,2124,524,1022,363,1598,48,23,25
1385,2128,526,1024,365,1602,48,23,25
1390,2138,527,1027,365,1611,48,23,25
1395,2144,527,1030,365,1617,48,23,25
1400,2155,529,1034,366,1625,48,23,25
1405,2159,531,1037,368,1628,48,23,25
1410,2169,533,1043,369,1635,48,23,25
1415,2175,534,1047,370,1641,48,23,25
1420,2186,536,1051,372,1649,48,23,25
1425,2190,537,1052,373,1653,48,23,25
1430,2200,541,1060,376,1658,48,23,25
1435,2206,542,1064,377,1663,48,23,25
1440,2217,545,1069,380,1671,49,23,26
1445,2221,545,1072,380,1676,49,23,26
1450,2231,547,1077,381,1683,49,23,26
1455,2237,549,1077,382,1688,49,23,26
1460,2248,552,1086,384,1696,49,23,26
1465,2252,552,1090,384,1700,49,23,26
1470,2262,553,1093,385,1709,49,23,26
1475,2268,554,1096,385,1714,49,23,26
1480,2279,556,1100,386,1723,49,23,26
1485,2283,556,1103,386,1727,49,23,26
1490,2293,557,1107,386,1735,49,23,26
1495,2299,559,1110,388,1740,49,23,26
1500,2310,561,1114,389,1749,49,23,26
1505,2314,561,1115,389,1753,49,23,26
1510,2324,562,1118,389,1762,49,23,26
1515,2330,562,1121,389,1767,49,23,26
1520,2341,564,1128,391,1777,49,23,26
1525,2345,564,1131,391,1781,49,23,26
1530,2355,565,1134,391,1790,49,23,26
1535,2361,565,1137,391,1795,49,23,26
1540,2372,567,1143,393,1805,49,23,26
1545,2376,567,1146,393,1808,49,23,26
1550,2386,572,1153,398,1814,49,23,26
1555,2392,572,1154,398,1819,49,23,26
1560,2403,576,1161,402,1826,50,23,27
1565,2407,577,1163,403,1830,50,23,27
1570,2417,578,1169,403,1839,50,23,27
1575,2423,578,1173,403,1845,50,23,27
1580,2434,579,1179,404,1855,51,23,28
1585,2438,579,1180,404,1859,51,23,28
1590,2448,580,1181,404,1868,51,23,28
1595,2454,580,1184,404,1874,51,23,28
1600,2465,581,1188,404,1884,52,23,29
1605,2469,581,1190,404,1888,52,23,29
1610,2479,582,1192,404,1896,52,23,29
1615,2485,584,1195,406,1901,52,23,29
1620,2496,585,1200,406,1909,53,23,30
1625,2500,587,1203,408,1913,53,23,30
1630,2510,589,1210,409,1921,53,23,30
1635,2516,590,1213,409,1926,53,23,30
1640,2527,591,1216,410,1936,53,23,30
1645,2531,591,1218,410,1940,53,23,30
1650,2541,593,1221,411,1948,53,23,30
1655,2547,594,1224,411,1953,53,23,30
1660,2558,595,1230,411,1963,53,23,30
1665,2562,595,1233,411,1967,53,23,30
1670,2572,597,1239,412,1975,53,23,30
1675,2578,598,1242,412,1980,53,23,30
1680,2589,599,1248,412,1990,53,23,30
1685,2593,599,1249,412,1994,53,23,30
1690,2603,601,1253,412,2002,53,23,30
1695,2609,602,1256,412,2007,53,23,30
1700,2620,604,1263,413,2015,54,24,30
1705,2624,606,1264,415,2018,54,24,30
1710,2634,609,1271,418,2025,54,24,30
1715,2640,610,1273,419,2030,54,24,30
1720,2651,611,1280,419,2039,54,24,30
1725,2655,613,1282,421,2042,54,24,30
1730,2665,614,1284,422,2050,54,24,30
1735,2671,616,1286,423,2055,54,24,30
1740,2682,618,1290,425,2064,55,25,30
1745,2686,618,1293,425,2068,55,25,30
1750,2696,621,1297,427,2075,55,25,30
1755,2702,621,1299,427,2081,55,25,30
1760,2713,624,1303,430,2089,56,25,31
1765,2717,624,1304,430,2093,56,25,31
1770,2727,627,1310,432,2100,56,25,31
1775,2733,627,1313,432,2106,56,25,31
1780,2744,629,1319,433,2115,57,25,32
1785,2748,629,1322,433,2119,57,25,32
1790,2758,631,1325,434,2127,57,25,32
1795,2764,631,1328,434,2132,57,25,32
1800,2775,635,1334,437,2140,58,26,32
1805,2779,635,1337,437,2144,58,26,32
1810,2789,636,1343,438,2153,58,26,32
1815,2795,636,1347,438,2158,58,26,32
1820,2806,637,1352,439,2169,58,26,32
1825,2810,637,1353,439,2173,58,26,32
1830,2820,638,1358,439,2182,58,26,32
1835,2826,638,1361,439,2187,58,26,32
1840,2837,639,1367,440,2198,58,26,32
1845,2841,639,1369,440,2202,58,26,32
1850,2851,641,1376,442,2210,58,26,32
1855,2857,642,1378,443,2215,58,26,32
1860,2868,643,1382,444,2225,58,26,32
1865,2872,643,1384,444,2229,58,26,32
1870,2882,645,1391,446,2237,58,26,32
1875,2888,645,1393,446,2243,58,26,32
1880,2899,646,1399,446,2253,58,26,32
1885,2903,646,1401,446,2257,58,26,32
1890,2913,646,1404,446,2267,58,26,32
1895,2919,646,1407,446,2273,58,26,32
1900,2930,648,1413,448,2282,58,26,32
1905,2934,648,1415,448,2286,58,26,32
1910,2944,649,1416,448,2295,58,26,32
1915,2950,649,1420,448,2300,58,26,32
1920,2961,651,1424,450,2308,59,27,32
1925,2965,652,1427,451,2313,59,27,32
1930,2975,653,1434,452,2322,59,27,32
1935,2981,653,1437,452,2327,59,27,32
1940,2992,657,1443,455,2335,59,27,32
1945,2996,657,1445,455,2339,59,27,32
1950,3006,658,1450,455,2348,59,27,32
1955,3012,658,1454,455,2354,59,27,32
1960,3023,660,1458,456,2363,59,27,32
1965,3027,660,1458,456,2367,59,27,32
1970,3037,662,1461,456,2375,59,27,32
1975,3043,662,1462,456,2380,59,27,32
1980,3054,665,1466,459,2387,59,27,32
1985,3058,667,1468,461,2391,59,27,32
1990,3068,669,1472,461,2399,59,27,32
1995,3074,670,1475,462,2404,59,27,32
2000,3085,672,1478,463,2413,59,27,32
2005,3089,672,1481,463,2417,59,27,32
2010,3099,674,1487,464,2425,59,27,32
2015,3105,675,1490,464,2430,59,27,32
2020,3116,677,1497,465,2439,59,27,32
2025,3120,678,1499,466,2442,59,27,32
2030,3130,680,1502,466,2450,59,27,32
2035,3136,682,1505,468,2454,59,27,32
2040,3147,684,1510,469,2463,60,27,33
2045,3151,684,1510,469,2467,60,27,33
2050,3161,685,1513,469,2476,60,27,33
2055,3167,686,1517,470,2481,60,27,33
2060,3178,686,1518,470,2492,60,27,33
2065,3182,686,1521,470,2496,60,27,33
2070,3192,687,1527,471,2505,60,27,33
2075,3198,688,1530,471,2510,60,27,33
2080,3209,688,1532,471,2521,60,27,33
2085,3213,688,1535,471,2525,60,27,33
2090,3223,689,1541,471,2533,60,27,33
2095,3229,692,1545,473,2537,60,27,33
2100,3240,693,1551,474,2546,60,27,33
2105,3244,694,1554,475,2550,60,27,33
2110,3254,695,1560,476,2559,60,27,33
2115,3260,695,1564,476,2565,60,27,33
2120,3271,696,1570,477,2575,60,27,33
2125,3275,696,1573,477,2579,60,27,33
2130,3285,698,1577,478,2587,60,27,33
2135,3291,698,1579,478,2593,60,27,33
2140,3302,700,1584,480,2602,60,27,33
2145,3306,700,1588,480,2606,60,27,33
2150,3316,702,1594,481,2614,60,27,33
2155,3322,702,1599,481,2618,60,27,33
2160,3333,708,1605,486,2623,61,27,34
2165,3337,709,1607,487,2628,61,27,34
2170,3347,711,1613,488,2636,61,27,34
2175,3353,712,1615,488,2641,61,27,34
2180,3364,713,1623,489,2650,61,27,34
2185,3368,715,1625,491,2653,61,27,34
2190,3378,716,1634,492,2662,61,27,34
2195,3384,717,1640,493,2667,61,27,34
2200,3395,718,1646,494,2676,61,27,34
2205,3399,720,1649,496,2679,61,27,34
2210,3409,721,1654,497,2688,61,27,34
2215,3415,722,1658,498,2692,61,27,34
2220,3426,724,1663,499,2702,61,27,34
2225,3430,724,1666,499,2706,61,27,34
2230,3440,725,1669,499,2715,61,27,34
2235,3446,726,1671,499,2720,61,27,34
2240,3457,727,1676,500,2730,61,27,34
2245,3461,727,1677,500,2734,61,27,34
2250,3471,728,1679,500,2743,61,27,34
2255,3477,729,1683,501,2748,61,27,34
2260,3488,730,1689,501,2758,61,27,34
2265,3492,730,1689,501,2762,61,27,34
2270,3502,732,1693,502,2768,61,27,34
2275,3508,736,1695,506,2772,61,27,34
2280,3519,738,1701,507,2780,62,28,34
2285,3523,739,1703,508,2784,62,28,34
2290,3533,740,1705,508,2793,62,28,34
2295,3539,741,1708,508,2798,62,28,34
2300,3550,741,1713,508,2809,62,28,34
2305,3554,741,1714,508,2813,62,28,34
2310,3564,742,1716,509,2822,62,28,34
2315,3570,743,1718,510,2827,62,28,34
2320,3581,743,1723,510,2838,62,28,34
2325,3585,743,1726,510,2842,62,28,34
2330,3595,744,1728,510,2851,62,28,34
2335,3601,745,1731,511,2856,62,28,34
2340,3612,745,1737,511,2867,62,28,34
2345,3616,745,1738,511,2871,62,28,34
2350,3626,746,1743,511,2880,62,28,34
2355,3632,747,1745,511,2885,62,28,34
2360,3643,747,1751,511,2896,62,28,34
2365,3647,747,1753,511,2900,62,28,34
2370,3657,748,1758,511,2909,62,28,34
2375,3663,749,1761,512,2914,62,28,34
2380,3674,749,1767,512,2925,62,28,34
2385,3678,750,1771,513,2928,62,28,34
2390,3688,753,1775,516,2935,62,28,34
2395,3694,755,1776,517,2939,62,28,34
2400,3705,759,1781,521,2945,62,28,34
2405,3709,760,1782,522,2949,62,28,34
2410,3719,761,1788,523,2958,62,28,34
2415,3725,761,1792,523,2964,62,28,34
2420,3736,762,1797,523,2974,62,28,34
2425,3740,762,1799,523,2978,62,28,34
2430,3750,763,1801,524,2987,62,28,34
2435,3756,763,1805,524,2993,62,28,34
2440,3767,764,1809,524,3003,62,28,34
2445,3771,764,1811,524,3007,62,28,34
2450,3781,765,1816,524,3016,62,28,34
2455,3787,765,1817,524,3022,62,28,34
2460,3798,766,1823,525,3032,62,28,34
2465,3802,766,1825,525,3036,62,28,34
2470,3812,767,1832,526,3045,62,28,34
2475,3818,767,1835,526,3051,62,28,34
2480,3829,768,1842,526,3061,62,28,34
2485,3833,768,1844,526,3065,62,28,34
2490,3843,769,1851,527,3074,62,28,34
2495,3849,769,1855,527,3080,62,28,34
2500,3860,770,1862,528,3090,63,29,34
2505,3864,771,1864,529,3093,63,29,34
2510,3874,773,1870,531,3101,63,29,34
2515,3880,774,1874,532,3105,63,29,34
2520,3891,779,1880,537,3111,64,29,35
2525,3895,780,1883,538,3115,64,29,35
2530,3905,780,1885,538,3125,64,29,35
2535,3911,781,1889,539,3130,64,29,35
2540,3922,782,1894,540,3140,64,29,35
2545,3926,782,1894,540,3144,64,29,35
2550,3936,782,1896,540,3154,64,29,35
2555,3942,783,1899,541,3159,64,29,35
2560,3953,783,1906,541,3170,64,29,35
2565,3957,783,1909,541,3174,64,29,35
2570,3967,783,1914,541,3184,64,29,35
2575,3973,784,1916,541,3189,64,29,35
2580,3984,785,1921,542,3199,64,29,35
2585,3988,785,1924,542,3203,64,29,35
2590,3998,785,1928,542,3213,64,29,35
2595,4004,786,1933,542,3218,64,29,35
2600,4015,787,1938,543,3228,64,29,35
2605,4019,787,1941,543,3232,64,29,35
2610,4029,787,1948,543,3242,64,29,35
2615,4035,788,1950,543,3247,64,29,35
2620,4046,789,1956,544,3257,64,29,35
2625,4050,789,1959,544,3261,64,29,35
2630,4060,792,1962,547,3268,64,29,35
2635,4066,794,1964,548,3271,64,29,35
2640,4077,799,1971,553,3276,65,30,35
2645,4081,800,1974,554,3281,65,30,35
2650,4091,802,1976,555,3289,65,30,35
2655,4097,802,1979,555,3294,65,30,35
2660,4108,804,1982,556,3303,65,30,35
2665,4112,805,1985,557,3307,65,30,35
2670,4122,807,1991,558,3315,65,30,35
2675,4128,807,1994,558,3320,65,30,35
2680,4139,809,2001,560,3329,65,30,35
2685,4143,810,2003,561,3333,65,30,35
2690,4153,812,2006,562,3341,65,30,35
2695,4159,812,2008,562,3346,65,30,35
2700,4170,814,2012,564,3356,65,30,35
2705,4174,814,2015,564,3360,65,30,35
2710,4184,816,2020,566,3368,65,30,35
2715,4190,816,2024,566,3374,65,30,35
2720,4201,817,2031,567,3384,65,30,35
2725,4205,817,2033,567,3388,65,30,35
2730,4215,819,2037,569,3396,65,30,35
2735,4221,819,2038,569,3402,65,30,35
2740,4232,820,2043,570,3412,65,30,35
2745,4236,821,2046,571,3415,65,30,35
2750,4246,825,2051,574,3419,65,30,35
2755,4252,828,2055,577,3422,65,30,35
2760,4263,830,2059,578,3431,66,30,36
2765,4267,831,2061,579,3436,66,30,36
2770,4277,831,2067,579,3446,66,30,36
2775,4283,832,2069,579,3451,66,30,36
2780,4294,832,2073,579,3462,66,30,36
2785,4298,832,2074,579,3466,66,30,36
2790,4308,832,2083,579,3476,66,30,36
2795,4314,833,2086,579,3481,66,30,36
2800,4325,833,2092,579,3492,66,30,36
2805,4329,833,2096,579,3496,66,30,36
2810,4339,833,2100,579,3506,66,30,36
2815,4345,834,2104,580,3511,66,30,36
2820,4356,834,2110,580,3522,66,30,36
2825,4360,834,2111,580,3526,66,30,36
2830,4370,834,2116,580,3536,66,30,36
2835,4376,835,2120,581,3541,66,30,36
2840,4387,837,2125,583,3550,67,31,36
2845,4391,837,2127,583,3554,67,31,36
2850,4401,837,2130,583,3564,67,31,36
2855,4407,838,2136,584,3569,67,31,36
2860,4418,840,2142,585,3578,68,31,37
2865,4422,840,2143,585,3582,68,31,37
2870,4432,842,2145,586,3590,68,31,37
2875,4438,843,2147,586,3593,68,31,37
2880,4449,847,2154,590,3598,69,31,38
2885,4453,850,2157,593,3603,69,31,38
2890,4463,852,2163,593,3611,69,31,38
2895,4469,852,2166,593,3617,69,31,38
2900,4480,852,2170,593,3628,69,31,38
2905,4484,852,2170,593,3632,69,31,38
2910,4494,854,2178,595,3640,69,31,38
2915,4500,854,2181,595,3646,69,31,38
2920,4511,854,2188,595,3657,69,31,38
2925,4515,854,2189,595,3661,69,31,38
2930,4525,856,2195,596,3669,69,31,38
2935,4531,856,2198,596,3675,69,31,38
2940,4542,856,2203,596,3686,69,31,38
2945,4546,856,2204,596,3690,69,31,38
2950,4556,858,2212,597,3698,69,31,38
2955,4562,858,2216,597,3704,69,31,38
2960,4573,858,2222,597,3715,69,31,38
2965,4577,858,2223,597,3719,69,31,38
2970,4587,860,2227,598,3727,69,31,38
2975,4593,860,2230,598,3733,69,31,38
2980,4604,860,2235,598,3744,69,31,38
2985,4608,861,2236,599,3747,69,31,38
2990,4618,863,2240,601,3754,69,31,38
2995,4624,865,2243,603,3758,69,31,38
3000,4635,869,2249,606,3763,70,31,39
3005,4639,871,2250,608,3768,70,31,39
3010,4649,872,2256,609,3777,70,31,39
3015,4655,872,2259,609,3783,70,31,39
3020,4666,872,2263,609,3794,70,31,39
3025,4670,872,2264,609,3798,70,31,39
3030,4680,873,2269,609,3807,70,31,39
3035,4686,873,2271,609,3813,70,31,39
3040,4697,873,2278,609,3824,70,31,39
3045,4701,873,2280,609,3828,70,31,39
3050,4711,874,2284,610,3837,70,31,39
3055,4717,874,2287,610,3843,70,31,39
3060,4728,874,2295,610,3854,70,31,39
3065,4732,874,2297,610,3858,70,31,39
3070,4742,876,2302,612,3865,70,31,39
3075,4748,878,2305,613,3870,70,31,39
3080,4759,879,2309,614,3879,70,31,39
3085,4763,880,2310,615,3883,70,31,39
3090,4773,882,2315,617,3890,70,31,39
3095,4779,885,2319,619,3894,70,31,39
3100,4790,886,2325,620,3902,70,31,39
3105,4794,888,2327,622,3906,70,31,39
3110,4804,891,2329,623,3913,70,31,39
3115,4810,892,2333,623,3917,70,31,39
3120,4821,897,2339,628,3923,71,31,40
3125,4825,898,2340,629,3927,71,31,40
3130,4835,898,2346,629,3937,71,31,40
3135,4841,898,2349,629,3943,71,31,40
3140,4852,898,2355,629,3954,71,31,40
3145,4856,898,2356,629,3958,71,31,40
3150,4866,898,2360,629,3968,71,31,40
3155,4872,898,2362,629,3974,71,31,40
3160,4883,898,2364,629,3985,71,31,40
3165,4887,898,2368,629,3989,71,31,40
3170,4897,898,2373,629,3999,71,31,40
3175,4903,898,2377,629,4005,71,31,40
3180,4914,898,2382,629,4016,71,31,40
3185,4918,898,2385,629,4020,71,31,40
3190,4928,900,2390,630,4028,71,31,40
3195,4934,901,2394,630,4033,71,31,40
3200,4945,904,2402,633,4040,71,31,40
3205,4949,905,2402,634,4044,71,31,40
3210,4959,906,2404,634,4053,71,31,40
3215,4965,907,2407,634,4058,71,31,40
3220,4976,909,2412,636,4067,71,31,40
3225,4980,909,2413,636,4071,71,31,40
3230,4990,912,2418,639,4078,71,31,40
3235,4996,913,2423,640,4082,71,31,40
3240,5007,919,2429,645,4088,72,31,41
3245,5011,919,2432,645,4092,72,31,41
3250,5021,920,2440,646,4101,72,31,41
3255,5027,920,2442,646,4107,72,31,41
3260,5038,920,2448,646,4118,72,31,41
3265,5042,920,2450,646,4122,72,31,41
3270,5052,921,2453,646,4131,72,31,41
3275,5058,921,2458,646,4137,72,31,41
3280,5069,921,2463,646,4148,72,31,41
3285,5073,921,2466,646,4152,72,31,41
3290,5083,922,2469,647,4161,72,31,41
3295,5089,922,2473,647,4167,72,31,41
3300,5100,922,2476,647,4178,72,31,41
3305,5104,922,2479,647,4182,72,31,41
3310,5114,923,2483,647,4191,72,31,41
3315,5120,923,2487,647,4197,72,31,41
3320,5131,923,2492,647,4208,72,31,41
3325,5135,923,2495,647,4212,72,31,41
3330,5145,924,2501,647,4221,72,31,41
3335,5151,924,2505,647,4227,72,31,41
3340,5162,924,2509,647,4238,72,31,41
3345,5166,925,2513,648,4241,72,31,41
3350,5176,927,2520,649,4249,72,31,41
3355,5182,929,2523,651,4252,72,31,41
3360,5193,932,2528,654,4259,73,31,42
3365,5197,932,2531,654,4265,73,31,42
3370,5207,933,2535,655,4274,73,31,42
3375,5213,933,2539,655,4280,73,31,42
3380,5224,934,2543,655,4290,73,31,42
3385,5228,934,2544,655,4294,73,31,42
3390,5238,935,2549,656,4303,73,31,42
3395,5244,935,2550,656,4309,73,31,42
3400,5255,936,2558,657,4319,73,31,42
3405,5259,936,2559,657,4323,73,31,42
3410,5269,937,2566,658,4332,73,31,42
3415,5275,937,2569,658,4338,73,31,42
3420,5286,938,2573,659,4348,73,31,42
3425,5290,938,2576,659,4352,73,31,42
3430,5300,939,2582,660,4361,73,31,42
3435,5306,939,2584,660,4367,73,31,42
3440,5317,940,2589,660,4377,73,31,42
3445,5321,940,2591,660,4381,73,31,42
3450,5331,941,2598,661,4390,73,31,42
3455,5337,941,2602,661,4396,73,31,42
3460,5348,942,2606,661,4406,73,31,42
3465,5352,942,2608,661,4410,73,31,42
3470,5362,945,2612,662,4416,73,31,42
3475,5368,948,2613,664,4420,73,31,42
3480,5379,950,2616,666,4429,73,31,42
3485,5383,952,2619,668,4431,73,31,42
3490,5393,954,2622,668,4439,73,31,42
3495,5399,954,2625,668,4445,73,31,42
3500,5410,956,2629,669,4454,73,31,42
3505,5414,956,2629,669,4458,73,31,42
3510,5424,957,2637,670,4467,73,31,42
3515,5430,957,2640,670,4473,73,31,42
3520,5441,958,2644,670,4482,73,31,42
3525,5445,959,2647,671,4486,73,31,42
3530,5455,960,2651,671,4495,73,31,42
3535,5461,960,2654,671,4501,73,31,42
3540,5472,961,2657,671,4511,73,31,42
3545,5476,961,2658,671,4515,73,31,42
3550,5486,962,2664,672,4524,73,31,42
3555,5492,962,2667,672,4530,73,31,42
3560,5503,964,2672,673,4538,74,31,43
3565,5507,965,2673,674,4542,74,31,43
3570,5517,966,2676,674,4551,74,31,43
3575,5523,966,2679,674,4557,74,31,43
3580,5534,968,2683,676,4565,75,31,44
3585,5538,969,2686,677,4569,75,31,44
3590,5548,970,2691,677,4578,75,31,44
3595,5554,971,2692,677,4583,75,31,44
3600,5565,974,2697,680,4590,76,31,45
3605,5569,975,2700,681,4594,76,31,45
3610,5579,977,2707,681,4601,76,31,45
3615,5585,979,2709,683,4606,76,31,45
3620,5596,979,2711,683,4617,76,31,45
3625,5600,979,2714,683,4621,76,31,45
3630,5610,981,2717,684,4629,76,31,45
3635,5616,982,2721,685,4634,76,31,45
3640,5627,983,2729,686,4643,76,31,45
3645,5631,984,2731,687,4647,76,31,45
3650,5641,986,2734,688,4655,76,31,45
3655,5647,987,2735,688,4660,76,31,45
3660,5658,987,2741,688,4671,76,31,45
3665,5662,987,2743,688,4675,76,31,45
3670,5672,989,2748,689,4682,76,31,45
3675,5678,990,2751,690,4688,76,31,45
3680,5689,991,2756,690,4697,76,31,45
3685,5693,992,2756,691,4701,76,31,45
3690,5703,994,2760,692,4709,76,31,45
3695,5709,994,2762,692,4715,76,31,45
3700,5720,996,2768,693,4724,76,31,45
3705,5724,996,2768,693,4728,76,31,45
3710,5734,999,2774,695,4735,76,31,45
3715,5740,999,2776,695,4740,76,31,45
3720,5751,1002,2781,698,4747,77,31,46
3725,5755,1002,2782,698,4753,77,31,46
3730,5765,1003,2787,698,4762,77,31,46
3735,5771,1003,2791,698,4768,77,31,46
3740,5782,1003,2796,698,4779,77,31,46
3745,5786,1003,2799,698,4783,77,31,46
3750,5796,1004,2803,698,4792,77,31,46
3755,5802,1004,2807,698,4798,77,31,46
3760,5813,1004,2812,698,4809,77,31,46
3765,5817,1004,2814,698,4813,77,31,46
3770,5827,1005,2821,698,4822,77,31,46
3775,5833,1006,2823,698,4827,77,31,46
3780,5844,1006,2829,698,4838,77,31,46
3785,5848,1006,2831,698,4842,77,31,46
3790,5858,1007,2836,699,4851,77,31,46
3795,5864,1008,2839,700,4856,77,31,46
3800,5875,1008,2850,700,4867,77,31,46
3805,5879,1008,2852,700,4871,77,31,46
3810,5889,1009,2857,701,4880,77,31,46
3815,5895,1010,2859,702,4885,77,31,46
3820,5906,1010,2864,702,4896,77,31,46
3825,5910,1011,2868,703,4899,77,31,46
3830,5920,1013,2870,703,4907,77,31,46
3835,5926,1014,2873,703,4912,77,31,46
3840,5937,1017,2879,706,4920,78,32,46
3845,5941,1017,2880,706,4924,78,32,46
3850,5951,1018,2885,706,4933,78,32,46
3855,5957,1019,2888,707,4938,78,32,46
3860,5968,1019,2897,707,4949,78,32,46
3865,5972,1019,2898,707,4953,78,32,46
3870,5982,1020,2903,708,4962,78,32,46
3875,5988,1021,2908,709,4967,78,32,46
3880,5999,1021,2916,709,4978,78,32,46
3885,6003,1021,2917,709,4982,78,32,46
3890,6013,1022,2921,709,4990,78,32,46
3895,6019,1024,2924,711,4995,78,32,46
3900,6030,1024,2928,711,5006,78,32,46
3905,6034,1025,2930,712,5009,78,32,46
3910,6044,1026,2934,713,5018,78,32,46
3915,6050,1027,2936,713,5023,78,32,46
3920,6061,1027,2944,713,5034,78,32,46
3925,6065,1027,2944,713,5038,78,32,46
3930,6075,1029,2950,714,5045,78,32,46
3935,6081,1031,2953,716,5050,78,32,46
3940,6092,1031,2955,716,5061,78,32,46
3945,6096,1031,2957,716,5065,78,32,46
3950,6106,1033,2960,716,5072,78,32,46
3955,6112,1035,2964,718,5076,78,32,46
3960,6123,1038,2968,720,5085,79,33,46
3965,6127,1038,2970,720,5089,79,33,46
3970,6137,1039,2978,720,5098,79,33,46
3975,6143,1039,2983,720,5103,79,33,46
3980,6154,1041,2988,722,5113,80,33,47
3985,6158,1041,2990,722,5117,80,33,47
3990,6168,1042,2996,723,5126,80,33,47
3995,6174,1042,2999,723,5131,80,33,47
4000,6185,1044,3004,724,5141,81,33,48
4005,6189,1044,3004,724,5145,81,33,48
4010,6199,1045,3013,725,5154,81,33,48
4015,6205,1045,3015,725,5160,81,33,48
4020,6216,1046,3021,725,5170,82,33,49
4025,6220,1046,3024,725,5174,82,33,49
4030,6230,1047,3029,726,5183,82,33,49
4035,6236,1047,3029,726,5189,82,33,49
4040,6247,1048,3037,726,5199,82,33,49
4045,6251,1048,3038,726,5203,82,33,49
4050,6261,1049,3040,726,5212,82,33,49
4055,6267,1049,3046,726,5217,82,33,49
4060,6278,1051,3051,727,5227,82,33,49
4065,6282,1051,3053,727,5231,82,33,49
4070,6292,1053,3055,728,5239,82,33,49
4075,6298,1053,3058,728,5245,82,33,49
4080,6309,1056,3066,731,5252,82,33,49
4085,6313,1058,3069,733,5255,82,33,49
4090,6323,1059,3075,733,5263,82,33,49
4095,6329,1062,3080,736,5267,82,33,49
4100,6340,1062,3083,736,5278,83,33,50
4105,6344,1062,3085,736,5282,83,33,50
4110,6354,1063,3091,737,5291,83,33,50
4115,6360,1063,3097,737,5297,83,33,50
4120,6371,1063,3102,737,5308,84,33,51
4125,6375,1063,3104,737,5312,84,33,51
4130,6385,1064,3108,738,5321,84,33,51
4135,6391,1064,3111,738,5327,84,33,51
4140,6402,1064,3117,738,5338,85,33,52
4145,6406,1065,3119,739,5341,85,33,52
4150,6416,1067,3123,740,5349,85,33,52
4155,6422,1068,3126,740,5353,85,33,52
4160,6433,1069,3130,741,5363,85,33,52
4165,6437,1072,3132,744,5365,85,33,52
4170,6447,1074,3137,745,5373,85,33,52
4175,6453,1075,3138,745,5378,85,33,52
4180,6464,1075,3141,745,5389,85,33,52
4185,6468,1076,3143,746,5392,85,33,52
4190,6478,1078,3149,748,5400,85,33,52
4195,6484,1079,3151,748,5405,85,33,52
4200,6495,1082,3155,750,5411,85,33,52
4205,6499,1085,3159,753,5414,85,33,52
4210,6509,1087,3166,753,5422,85,33,52
4215,6515,1088,3169,754,5427,85,33,52
4220,6526,1090,3175,755,5435,85,33,52
4225,6530,1091,3176,756,5439,85,33,52
4230,6540,1092,3179,757,5448,85,33,52
4235,6546,1093,3181,758,5453,85,33,52
4240,6557,1095,3187,760,5462,85,33,52
4245,6561,1095,3189,760,5466,85,33,52
4250,6571,1096,3191,760,5475,85,33,52
4255,6577,1098,3196,762,5479,85,33,52
4260,6588,1101,3202,764,5485,86,33,53
4265,6592,1102,3203,765,5490,86,33,53
4270,6602,1103,3208,765,5499,86,33,53
4275,6608,1103,3209,765,5505,86,33,53
4280,6619,1103,3216,765,5516,86,33,53
4285,6623,1103,3219,765,5520,86,33,53
4290,6633,1104,3220,765,5529,86,33,53
4295,6639,1104,3224,765,5535,86,33,53
4300,6650,1105,3228,766,5545,86,33,53
4305,6654,1105,3230,766,5549,86,33,53
4310,6664,1106,3234,767,5558,86,33,53
4315,6670,1106,3236,767,5564,86,33,53
4320,6681,1106,3239,767,5575,87,33,54
4325,6685,1106,3241,767,5579,87,33,54
4330,6695,1107,3249,768,5588,87,33,54
4335,6701,1107,3252,768,5594,87,33,54
4340,6712,1108,3256,768,5604,87,33,54
4345,6716,1109,3258,769,5607,87,33,54
4350,6726,1110,3261,770,5616,87,33,54
4355,6732,1110,3264,770,5621,87,33,54
4360,6743,1112,3270,772,5631,87,33,54
4365,6747,1112,3271,772,5635,87,33,54
4370,6757,1113,3279,773,5643,87,33,54
4375,6763,1116,3281,775,5646,87,33,54
4380,6774,1118,3285,777,5656,87,33,54
4385,6778,1119,3287,778,5659,87,33,54
4390,6788,1119,3295,778,5669,87,33,54
4395,6794,1120,3299,779,5674,87,33,54
4400,6805,1121,3305,780,5684,88,34,54
4405,6809,1121,3306,780,5688,88,34,54
4410,6819,1121,3312,780,5698,88,34,54
4415,6825,1122,3314,780,5703,88,34,54
4420,6836,1123,3322,781,5713,89,35,54
4425,6840,1123,3324,781,5717,89,35,54
4430,6850,1123,3328,781,5727,89,35,54
4435,6856,1124,3331,782,5732,89,35,54
4440,6867,1126,3338,784,5739,90,36,54
4445,6871,1128,3340,786,5743,90,36,54
4450,6881,1128,3343,786,5753,90,36,54
4455,6887,1129,3345,786,5758,90,36,54
4460,6898,1129,3350,786,5769,90,36,54
4465,6902,1129,3352,786,5773,90,36,54
4470,6912,1129,3356,786,5783,90,36,54
4475,6918,1130,3357,787,5788,90,36,54
4480,6929,1130,3363,787,5799,90,36,54
4485,6933,1130,3367,787,5803,90,36,54
4490,6943,1131,3372,788,5811,90,36,54
4495,6949,1133,3373,789,5815,90,36,54
4500,6960,1135,3378,791,5823,90,36,54
4505,6964,1136,3380,792,5828,90,36,54
4510,6974,1139,3384,794,5835,90,36,54
4515,6980,1139,3388,794,5840,90,36,54
4520,6991,1141,3393,796,5849,90,36,54
4525,6995,1142,3396,797,5852,90,36,54
4530,7005,1145,3401,799,5860,90,36,54
4535,7011,1145,3402,799,5866,90,36,54
4540,7022,1145,3409,799,5876,90,36,54
4545,7026,1146,3411,800,5879,90,36,54
4550,7036,1149,3415,802,5887,90,36,54
4555,7042,1149,3419,802,5893,90,36,54
4560,7053,1149,3422,802,5904,91,36,55
4565,7057,1149,3424,802,5908,91,36,55
4570,7067,1151,3427,803,5916,91,36,55
4575,7073,1151,3429,803,5922,91,36,55
4580,7084,1151,3432,803,5933,91,36,55
4585,7088,1151,3434,803,5937,91,36,55
4590,7098,1153,3439,803,5945,91,36,55
4595,7104,1153,3444,803,5951,91,36,55
4600,7115,1153,3449,803,5962,91,36,55
4605,7119,1153,3451,803,5966,91,36,55
4610,7129,1155,3456,804,5974,91,36,55
4615,7135,1156,3459,804,5979,91,36,55
4620,7146,1157,3464,805,5989,91,36,55
4625,7150,1158,3466,806,5992,91,36,55
4630,7160,1161,3472,809,5998,91,36,55
4635,7166,1163,3477,810,6003,91,36,55
4640,7177,1164,3480,810,6011,91,36,55
4645,7181,1167,3482,813,6014,91,36,55
4650,7191,1169,3488,815,6022,91,36,55
4655,7197,1170,3494,816,6027,91,36,55
4660,7208,1172,3499,818,6035,91,36,55
4665,7212,1173,3500,819,6039,91,36,55
4670,7222,1175,3503,819,6046,91,36,55
4675,7228,1177,3506,821,6050,91,36,55
4680,7239,1180,3511,824,6057,92,37,55
4685,7243,1181,3514,825,6062,92,37,55
4690,7253,1183,3519,825,6070,92,37,55
4695,7259,1183,3522,825,6076,92,37,55
4700,7270,1184,3527,825,6086,92,37,55
4705,7274,1184,3529,825,6090,92,37,55
4710,7284,1187,3536,827,6097,92,37,55
4715,7290,1187,3541,827,6103,92,37,55
4720,7301,1188,3546,828,6113,92,37,55
4725,7305,1188,3546,828,6117,92,37,55
4730,7315,1191,3552,830,6124,92,37,55
4735,7321,1191,3557,830,6130,92,37,55
4740,7332,1192,3561,831,6140,92,37,55
4745,7336,1192,3564,831,6144,92,37,55
4750,7346,1194,3570,833,6152,92,37,55
4755,7352,1194,3576,833,6158,92,37,55
4760,7363,1197,3584,835,6166,92,37,55
4765,7367,1197,3587,835,6170,92,37,55
4770,7377,1199,3593,837,6178,92,37,55
4775,7383,1199,3599,837,6184,92,37,55
4780,7394,1201,3605,839,6193,92,37,55
4785,7398,1201,3607,839,6197,92,37,55
4790,7408,1203,3612,840,6205,92,37,55
4795,7414,1204,3613,840,6209,92,37,55
4800,7425,1208,3621,844,6214,92,37,55
4805,7429,1212,3623,848,6217,92,37,55
4810,7439,1214,3631,849,6224,92,37,55
4815,7445,1217,3634,852,6227,92,37,55
4820,7456,1219,3640,854,6237,93,37,56
4825,7460,1219,3643,854,6241,93,37,56
4830,7470,1221,3648,855,6248,93,37,56
4835,7476,1224,3653,857,6251,93,37,56
4840,7487,1225,3660,858,6262,94,38,56
4845,7491,1226,3662,859,6265,94,38,56
4850,7501,1228,3665,860,6273,94,38,56
4855,7507,1230,3667,861,6277,94,38,56
4860,7518,1231,3672,862,6286,95,38,57
4865,7522,1232,3675,863,6290,95,38,57
4870,7532,1233,3677,863,6299,95,38,57
4875,7538,1233,3679,863,6305,95,38,57
4880,7549,1234,3681,863,6315,95,38,57
4885,7553,1234,3681,863,6319,95,38,57
4890,7563,1235,3684,863,6328,95,38,57
4895,7569,1235,3688,863,6334,95,38,57
4900,7580,1236,3692,864,6344,95,38,57
4905,7584,1236,3694,864,6347,95,38,57
4910,7594,1238,3697,865,6356,95,38,57
4915,7600,1238,3702,865,6362,95,38,57
4920,7611,1240,3708,867,6371,95,38,57
4925,7615,1241,3710,868,6374,95,38,57
4930,7625,1242,3715,869,6383,95,38,57
4935,7631,1242,3716,869,6389,95,38,57
4940,7642,1243,3723,869,6398,95,38,57
4945,7646,1245,3725,871,6401,95,38,57
4950,7656,1247,3728,872,6409,95,38,57
4955,7662,1247,3731,872,6415,95,38,57
4960,7673,1248,3736,873,6425,95,38,57
4965,7677,1249,3740,874,6428,95,38,57
4970,7687,1252,3746,876,6435,95,38,57
4975,7693,1253,3750,877,6440,95,38,57
4980,7704,1257,3760,881,6444,96,39,57
4985,7708,1260,3763,884,6448,96,39,57
4990,7718,1260,3770,884,6458,96,39,57
4995,7724,1261,3772,884,6463,96,39,57
5000,7735,1262,3778,885,6473,97,40,57
5005,7739,1262,3779,885,6477,97,40,57
5010,7749,1262,3784,885,6487,97,40,57
5015,7755,1263,3786,885,6492,97,40,57
5020,7766,1263,3793,885,6503,98,41,57
5025,7770,1263,3793,885,6507,98,41,57
5030,7780,1263,3798,885,6517,98,41,57
5035,7786,1264,3798,885,6522,98,41,57
5040,7797,1264,3802,885,6533,98,41,57
5045,7801,1264,3803,885,6537,98,41,57
5050,7811,1266,3807,886,6544,98,41,57
5055,7817,1268,3810,888,6549,98,41,57
5060,7828,1272,3818,892,6555,98,41,57
5065,7832,1274,3821,894,6558,98,41,57
5070,7842,1276,3824,895,6566,98,41,57
5075,7848,1277,3829,896,6570,98,41,57
5080,7859,1281,3837,900,6577,98,41,57
5085,7863,1283,3840,902,6580,98,41,57
5090,7873,1285,3842,902,6587,98,41,57
5095,7879,1287,3844,903,6591,98,41,57
5100,7890,1289,3849,904,6599,98,41,57
5105,7894,1291,3852,906,6603,98,41,57
5110,7904,1292,3857,906,6612,98,41,57
5115,7910,1292,3862,906,6618,98,41,57
5120,7921,1292,3866,906,6629,99,42,57
5125,7925,1292,3868,906,6633,99,42,57
5130,7935,1293,3872,907,6642,99,42,57
5135,7941,1293,3877,907,6648,99,42,57
5140,7952,1293,3881,907,6659,100,42,58
5145,7956,1293,3883,907,6663,100,42,58
5150,7966,1294,3886,907,6672,100,42,58
5155,7972,1294,3889,907,6678,100,42,58
5160,7983,1294,3895,907,6689,101,42,59
5165,7987,1294,3895,907,6693,101,42,59
5170,7997,1295,3900,907,6702,101,42,59
5175,8003,1296,3902,908,6707,101,42,59
5180,8014,1297,3904,908,6717,101,42,59
5185,8018,1297,3906,908,6721,101,42,59
5190,8028,1298,3911,909,6730,101,42,59
5195,8034,1299,3913,909,6735,101,42,59
5200,8045,1301,3917,910,6744,101,42,59
5205,8049,1301,3919,910,6748,101,42,59
5210,8059,1303,3922,911,6756,101,42,59
5215,8065,1304,3924,912,6761,101,42,59
5220,8076,1306,3931,913,6770,101,42,59
5225,8080,1306,3932,913,6774,101,42,59
5230,8090,1308,3935,914,6782,101,42,59
5235,8096,1308,3937,914,6787,101,42,59
5240,8107,1310,3945,916,6797,102,43,59
5245,8111,1310,3947,916,6801,102,43,59
5250,8121,1312,3953,916,6809,102,43,59
5255,8127,1312,3957,916,6814,102,43,59
5260,8138,1313,3963,917,6825,103,44,59
5265,8142,1313,3964,917,6829,103,44,59
5270,8152,1316,3970,920,6836,103,44,59
5275,8158,1316,3975,920,6842,103,44,59
5280,8169,1316,3981,920,6851,103,44,59
5285,8173,1317,3983,921,6856,103,44,59
5290,8183,1319,3988,923,6864,103,44,59
5295,8189,1319,3989,923,6870,103,44,59
5300,8200,1319,3994,923,6880,103,44,59
5305,8204,1321,3997,925,6882,103,44,59
5310,8214,1324,4003,926,6890,103,44,59
5315,8220,1324,4005,926,6896,103,44,59
5320,8231,1324,4009,926,6906,103,44,59
5325,8235,1325,4011,927,6910,103,44,59
5330,8245,1327,4014,928,6918,103,44,59
5335,8251,1328,4015,928,6923,103,44,59
5340,8262,1330,4022,930,6931,103,44,59
5345,8266,1330,4023,930,6935,103,44,59
5350,8276,1332,4028,932,6944,103,44,59
5355,8282,1333,4031,933,6949,103,44,59
5360,8293,1335,4035,934,6958,103,44,59
5365,8297,1336,4037,935,6961,103,44,59
5370,8307,1337,4044,936,6970,103,44,59
5375,8313,1338,4048,937,6975,103,44,59
5380,8324,1341,4052,940,6983,103,44,59
5385,8328,1342,4053,941,6986,103,44,59
5390,8338,1343,4056,941,6994,103,44,59
5395,8344,1345,4060,943,6999,103,44,59
5400,8355,1347,4065,945,7007,104,45,59
5405,8359,1347,4067,945,7012,104,45,59
5410,8369,1349,4070,947,7020,104,45,59
5415,8375,1350,4073,948,7025,104,45,59
5420,8386,1352,4079,950,7034,105,45,60
5425,8390,1353,4082,951,7037,105,45,60
5430,8400,1355,4087,951,7045,105,45,60
5435,8406,1356,4089,951,7049,105,45,60
5440,8417,1359,4094,954,7058,106,45,61
5445,8421,1360,4098,955,7061,106,45,61
5450,8431,1363,4104,957,7068,106,45,61
5455,8437,1364,4107,958,7073,106,45,61
5460,8448,1366,4112,959,7082,107,45,62
5465,8452,1366,4114,959,7086,107,45,62
5470,8462,1367,4119,960,7095,107,45,62
5475,8468,1368,4119,960,7100,107,45,62
5480,8479,1368,4124,960,7111,107,45,62
5485,8483,1368,4127,960,7115,107,45,62
5490,8493,1369,4134,960,7124,107,45,62
5495,8499,1370,4138,960,7128,107,45,62
5500,8510,1371,4143,961,7139,107,45,62
5505,8514,1371,4146,961,7143,107,45,62
5510,8524,1372,4150,961,7151,107,45,62
5515,8530,1375,4153,963,7153,107,45,62
5520,8541,1378,4159,966,7162,107,45,62
5525,8545,1379,4160,967,7166,107,45,62
5530,8555,1379,4165,967,7176,107,45,62
5535,8561,1379,4169,967,7182,107,45,62
5540,8572,1379,4175,967,7193,107,45,62
5545,8576,1379,4177,967,7197,107,45,62
5550,8586,1379,4182,967,7207,107,45,62
5555,8592,1379,4186,967,7213,107,45,62
5560,8603,1379,4194,967,7224,107,45,62
5565,8607,1379,4196,967,7228,107,45,62
5570,8617,1380,4201,968,7237,107,45,62
5575,8623,1380,4203,968,7242,107,45,62
5580,8634,1384,4212,972,7250,107,45,62
5585,8638,1385,4214,973,7253,107,45,62
5590,8648,1386,4218,973,7261,107,45,62
5595,8654,1389,4220,976,7265,107,45,62
5600,8665,1392,4226,979,7273,107,45,62
5605,8669,1392,4228,979,7277,107,45,62
5610,8679,1393,4235,980,7285,107,45,62
5615,8685,1395,4236,981,7290,107,45,62
5620,8696,1398,4242,983,7298,107,45,62
5625,8700,1398,4245,983,7302,107,45,62
5630,8710,1402,4249,986,7308,107,45,62
5635,8716,1403,4250,987,7313,107,45,62
5640,8727,1405,4252,988,7321,108,45,63
5645,8731,1406,4253,989,7325,108,45,63
5650,8741,1408,4258,989,7333,108,45,63
5655,8747,1408,4259,989,7339,108,45,63
5660,8758,1409,4266,990,7349,108,45,63
5665,8762,1409,4267,990,7353,108,45,63
5670,8772,1411,4272,991,7361,108,45,63
5675,8778,1411,4277,991,7367,108,45,63
5680,8789,1412,4282,992,7377,108,45,63
5685,8793,1412,4284,992,7381,108,45,63
5690,8803,1414,4288,993,7389,108,45,63
5695,8809,1414,4291,993,7395,108,45,63
5700,8820,1415,4298,994,7405,108,45,63
5705,8824,1415,4300,994,7409,108,45,63
5710,8834,1417,4305,995,7417,108,45,63
5715,8840,1417,4305,995,7423,108,45,63
5720,8851,1418,4311,995,7433,108,45,63
5725,8855,1418,4312,995,7437,108,45,63
5730,8865,1420,4314,996,7445,108,45,63
5735,8871,1420,4316,996,7451,108,45,63
5740,8882,1421,4322,996,7461,108,45,63
5745,8886,1421,4324,996,7464,108,45,63
5750,8896,1424,4327,998,7471,108,45,63
5755,8902,1426,4330,999,7474,108,45,63
5760,8913,1430,4335,1003,7482,109,46,63
5765,8917,1431,4339,1004,7486,109,46,63
5770,8927,1432,4345,1005,7495,109,46,63
5775,8933,1432,4350,1005,7501,109,46,63
5780,8944,1432,4353,1005,7512,109,46,63
5785,8948,1432,4354,1005,7516,109,46,63
5790,8958,1433,4359,1006,7525,109,46,63
5795,8964,1433,4361,1006,7531,109,46,63
5800,8975,1433,4365,1006,7542,109,46,63
5805,8979,1433,4365,1006,7546,109,46,63
5810,8989,1434,4369,1006,7555,109,46,63
5815,8995,1434,4370,1006,7561,109,46,63
5820,9006,1434,4377,1006,7572,109,46,63
5825,9010,1434,4378,1006,7576,109,46,63
5830,9020,1435,4383,1006,7583,109,46,63
5835,9026,1438,4387,1009,7588,109,46,63
5840,9037,1438,4391,1009,7598,109,46,63
5845,9041,1439,4395,1010,7602,109,46,63
5850,9051,1440,4401,1011,7610,109,46,63
5855,9057,1442,4405,1012,7615,109,46,63
5860,9068,1442,4410,1012,7626,109,46,63
5865,9072,1443,4413,1013,7629,109,46,63
5870,9082,1446,4420,1016,7634,109,46,63
5875,9088,1449,4426,1019,7638,109,46,63
5880,9099,1452,4430,1022,7645,109,46,63
5885,9103,1453,4432,1023,7650,109,46,63
5890,9113,1454,4439,1024,7659,109,46,63
5895,9119,1454,4442,1024,7664,109,46,63
5900,9130,1457,4450,1027,7672,110,46,64
5905,9134,1459,4453,1029,7675,110,46,64
5910,9144,1460,4456,1029,7684,110,46,64
5915,9150,1460,4457,1029,7690,110,46,64
5920,9161,1461,4463,1030,7700,111,46,65
5925,9165,1461,4464,1030,7704,111,46,65
5930,9175,1462,4469,1031,7713,111,46,65
5935,9181,1462,4473,1031,7718,111,46,65
5940,9192,1464,4477,1033,7728,112,46,66
5945,9196,1464,4480,1033,7732,112,46,66
5950,9206,1465,4483,1034,7741,112,46,66
5955,9212,1465,4487,1034,7747,112,46,66
5960,9223,1466,4491,1035,7757,113,46,67
5965,9227,1466,4495,1035,7761,113,46,67
5970,9237,1467,4500,1036,7770,113,46,67
5975,9243,1467,4504,1036,7776,113,46,67
5980,9254,1468,4511,1037,7786,114,46,68
5985,9258,1468,4513,1037,7790,114,46,68
5990,9268,1470,4517,1037,7797,114,46,68
5995,9274,1472,4519,1039,7802,114,46,68
6000,9285,1474,4525,1041,7808,115,46,69
6005,9289,1476,4525,1043,7813,115,46,69
6010,9299,1478,4528,1044,7820,115,46,69
6015,9305,1480,4531,1046,7825,115,46,69
6020,9316,1481,4537,1047,7835,115,46,69
6025,9320,1481,4538,1047,7839,115,46,69
6030,9330,1482,4542,1048,7848,115,46,69
6035,9336,1483,4545,1049,7853,115,46,69
6040,9347,1484,4550,1049,7863,115,46,69
6045,9351,1485,4551,1050,7866,115,46,69
6050,9361,1486,4556,1051,7874,115,46,69
6055,9367,1488,4558,1052,7879,115,46,69
6060,9378,1489,4562,1053,7889,115,46,69
6065,9382,1489,4565,1053,7893,115,46,69
6070,9392,1492,4570,1055,7900,115,46,69
6075,9398,1492,4574,1055,7905,115,46,69
6080,9409,1494,4578,1056,7915,115,46,69
6085,9413,1495,4580,1057,7918,115,46,69
6090,9423,1498,4584,1059,7925,115,46,69
6095,9429,1498,4588,1059,7931,115,46,69
6100,9440,1499,4595,1059,7941,115,46,69
6105,9444,1500,4598,1060,7944,115,46,69
6110,9454,1504,4604,1062,7947,115,46,69
6115,9460,1507,4608,1065,7952,115,46,69
6120,9471,1512,4615,1070,7958,116,47,69
6125,9475,1513,4617,1071,7962,116,47,69
6130,9485,1513,4622,1071,7972,116,47,69
6135,9491,1513,4628,1071,7978,116,47,69
6140,9502,1514,4634,1071,7988,117,48,69
6145,9506,1514,4635,1071,7992,117,48,69
6150,9516,1514,4640,1071,8002,117,48,69
6155,9522,1514,4645,1071,8008,117,48,69
6160,9533,1515,4652,1072,8018,118,49,69
6165,9537,1515,4653,1072,8022,118,49,69
6170,9547,1515,4657,1072,8032,118,49,69
6175,9553,1516,4659,1072,8037,118,49,69
6180,9564,1518,4666,1074,8045,119,50,69
6185,9568,1519,4667,1075,8049,119,50,69
6190,9578,1520,4672,1076,8057,119,50,69
6195,9584,1522,4675,1077,8062,119,50,69
6200,9595,1523,4684,1078,8072,119,50,69
6205,9599,1523,4686,1078,8076,119,50,69
6210,9609,1524,4693,1079,8084,119,50,69
6215,9615,1526,4697,1081,8089,119,50,69
6220,9626,1527,4702,1081,8099,119,50,69
6225,9630,1527,4704,1081,8103,119,50,69
6230,9640,1528,4710,1081,8112,119,50,69
6235,9646,1529,4713,1081,8117,119,50,69
6240,9657,1530,4721,1082,8127,119,50,69
6245,9661,1530,4723,1082,8131,119,50,69
6250,9671,1532,4730,1084,8138,119,50,69
6255,9677,1534,4731,1085,8143,119,50,69
6260,9688,1536,4736,1087,8151,119,50,69
6265,9692,1537,4738,1088,8155,119,50,69
6270,9702,1540,4743,1091,8162,119,50,69
6275,9708,1541,4744,1091,8167,119,50,69
6280,9719,1543,4751,1093,8175,119,50,69
6285,9723,1544,4753,1094,8179,119,50,69
6290,9733,1548,4758,1098,8184,119,50,69
6295,9739,1551,4761,1101,8188,119,50,69
6300,9750,1553,4769,1103,8195,119,50,69
6305,9754,1555,4771,1105,8198,119,50,69
6310,9764,1557,4776,1106,8207,119,50,69
6315,9770,1559,4779,1107,8211,119,50,69
6320,9781,1559,4783,1107,8222,120,50,70
6325,9785,1559,4784,1107,8225,120,50,70
6330,9795,1561,4790,1109,8234,120,50,70
6335,9801,1562,4793,1109,8239,120,50,70
6340,9812,1562,4795,1109,8250,121,50,71
6345,9816,1562,4796,1109,8254,121,50,71
6350,9826,1563,4799,1109,8263,121,50,71
6355,9832,1564,4803,1109,8267,121,50,71
6360,9843,1566,4809,1111,8277,122,50,72
6365,9847,1566,4810,1111,8281,122,50,72
6370,9857,1567,4815,1111,8290,122,50,72
6375,9863,1568,4818,1112,8295,122,50,72
6380,9874,1569,4825,1113,8305,122,50,72
6385,9878,1569,4827,1113,8309,122,50,72
6390,9888,1570,4834,1114,8318,122,50,72
6395,9894,1571,4837,1114,8322,122,50,72
6400,9905,1573,4843,1115,8332,122,50,72
6405,9909,1573,4845,1115,8336,122,50,72
6410,9919,1574,4851,1116,8344,122,50,72
6415,9925,1576,4853,1118,8348,122,50,72
6420,9936,1578,4859,1120,8358,122,50,72
6425,9940,1578,4861,1120,8362,122,50,72
6430,9950,1579,4865,1120,8371,122,50,72
6435,9956,1580,4867,1120,8376,122,50,72
6440,9967,1581,4871,1120,8386,122,50,72
6445,9971,1581,4872,1120,8390,122,50,72
6450,9981,1582,4875,1121,8399,122,50,72
6455,9987,1583,4877,1122,8404,122,50,72
6460,9998,1584,4879,1123,8414,122,50,72
6465,10002,1584,4880,1123,8418,122,50,72
6470,10012,1586,4885,1125,8426,122,50,72
6475,10018,1587,4889,1125,8430,122,50,72
6480,10029,1592,4896,1129,8437,122,50,72
6485,10033,1593,4898,1130,8440,122,50,72
6490,10043,1594,4901,1130,8448,122,50,72
6495,10049,1596,4903,1131,8453,122,50,72
6500,10060,1599,4909,1134,8461,122,50,72
6505,10064,1599,4912,1134,8465,122,50,72
6510,10074,1600,4916,1134,8474,122,50,72
6515,10080,1601,4919,1134,8479,122,50,72
6520,10091,1604,4926,1137,8487,123,51,72
6525,10095,1604,4926,1137,8491,123,51,72
6530,10105,1605,4929,1138,8500,123,51,72
6535,10111,1607,4931,1139,8504,123,51,72
6540,10122,1610,4940,1142,8512,124,52,72
6545,10126,1610,4943,1142,8516,124,52,72
6550,10136,1611,4950,1143,8525,124,52,72
6555,10142,1611,4952,1143,8531,124,52,72
6560,10153,1611,4957,1143,8542,125,53,72
6565,10157,1611,4960,1143,8546,125,53,72
6570,10167,1612,4964,1144,8555,125,53,72
6575,10173,1612,4968,1144,8561,125,53,72
6580,10184,1613,4971,1145,8571,126,53,73
6585,10188,1613,4973,1145,8575,126,53,73
6590,10198,1615,4978,1146,8583,126,53,73
6595,10204,1615,4980,1146,8588,126,53,73
6600,10215,1616,4985,1147,8598,127,54,73
6605,10219,1617,4987,1148,8602,127,54,73
6610,10229,1618,4991,1148,8611,127,54,73
6615,10235,1618,4993,1148,8617,127,54,73
6620,10246,1620,5001,1150,8626,127,54,73
6625,10250,1620,5004,1150,8630,127,54,73
6630,10260,1621,5007,1150,8639,127,54,73
6635,10266,1621,5007,1150,8645,127,54,73
6640,10277,1622,5013,1151,8655,127,54,73
6645,10281,1622,5014,1151,8659,127,54,73
6650,10291,1624,5019,1152,8667,127,54,73
6655,10297,1624,5021,1152,8673,127,54,73
6660,10308,1626,5026,1153,8682,127,54,73
6665,10312,1626,5028,1153,8686,127,54,73
6670,10322,1628,5037,1155,8692,127,54,73
6675,10328,1631,5040,1158,8697,127,54,73
6680,10339,1633,5045,1160,8706,127,54,73
6685,10343,1633,5048,1160,8710,127,54,73
6690,10353,1635,5053,1161,8718,127,54,73
6695,10359,1636,5055,1162,8723,127,54,73
6700,10370,1637,5060,1163,8732,127,54,73
6705,10374,1638,5063,1164,8736,127,54,73
6710,10384,1640,5072,1166,8743,127,54,73
6715,10390,1642,5077,1168,8747,127,54,73
6720,10401,1644,5085,1170,8756,128,55,73
6725,10405,1645,5086,1171,8760,128,55,73
6730,10415,1646,5091,1171,8769,128,55,73
6735,10421,1647,5095,1172,8774,128,55,73
6740,10432,1649,5102,1174,8782,128,55,73
6745,10436,1650,5104,1175,8786,128,55,73
6750,10446,1651,5106,1175,8794,128,55,73
6755,10452,1653,5107,1176,8799,128,55,73
6760,10463,1654,5113,1177,8809,128,55,73
6765,10467,1654,5114,1177,8813,128,55,73
6770,10477,1656,5119,1179,8821,128,55,73
6775,10483,1657,5121,1180,8826,128,55,73
6780,10494,1659,5126,1181,8835,128,55,73
6785,10498,1660,5127,1182,8838,128,55,73
6790,10508,1660,5133,1182,8848,128,55,73
6795,10514,1661,5136,1183,8853,128,55,73
6800,10525,1663,5140,1185,8862,128,55,73
6805,10529,1664,5143,1186,8865,128,55,73
6810,10539,1664,5149,1186,8875,128,55,73
6815,10545,1665,5154,1187,8880,128,55,73
6820,10556,1666,5161,1188,8890,128,55,73
6825,10560,1667,5164,1189,8893,128,55,73
6830,10570,1668,5168,1189,8902,128,55,73
6835,10576,1669,5171,1189,8906,128,55,73
6840,10587,1673,5176,1193,8914,129,55,74
6845,10591,1673,5176,1193,8918,129,55,74
6850,10601,1674,5178,1193,8927,129,55,74
6855,10607,1675,5182,1194,8932,129,55,74
6860,10618,1677,5188,1196,8940,129,55,74
6865,10622,1680,5191,1199,8941,129,55,74
6870,10632,1681,5199,1200,8951,129,55,74
6875,10638,1682,5202,1201,8956,129,55,74
6880,10649,1682,5204,1201,8967,129,55,74
6885,10653,1682,5205,1201,8971,129,55,74
6890,10663,1683,5209,1201,8979,129,55,74
6895,10669,1686,5213,1204,8983,129,55,74
6900,10680,1687,5218,1205,8993,129,55,74
6905,10684,1687,5219,1205,8997,129,55,74
6910,10694,1688,5224,1205,9006,129,55,74
6915,10700,1689,5227,1205,9011,129,55,74
6920,10711,1689,5234,1205,9022,130,55,75
6925,10715,1689,5235,1205,9026,130,55,75
6930,10725,1690,5240,1206,9035,130,55,75
6935,10731,1691,5245,1207,9040,130,55,75
6940,10742,1691,5250,1207,9051,131,55,76
6945,10746,1691,5252,1207,9055,131,55,76
6950,10756,1692,5255,1208,9064,131,55,76
6955,10762,1693,5259,1209,9069,131,55,76
6960,10773,1695,5264,1210,9078,132,55,77
6965,10777,1695,5265,1210,9082,132,55,77
6970,10787,1696,5272,1211,9091,132,55,77
6975,10793,1697,5275,1212,9096,132,55,77
6980,10804,1699,5282,1214,9105,133,55,78
6985,10808,1699,5285,1214,9109,133,55,78
6990,10818,1700,5291,1214,9118,133,55,78
6995,10824,1701,5294,1214,9122,133,55,78
7000,10835,1704,5300,1216,9131,134,56,78
7005,10839,1704,5302,1216,9135,134,56,78
7010,10849,1706,5303,1217,9143,134,56,78
7015,10855,1708,5304,1218,9147,134,56,78
7020,10866,1711,5311,1220,9154,135,57,78
7025,10870,1713,5313,1222,9157,135,57,78
7030,10880,1715,5317,1222,9165,135,57,78
7035,10886,1715,5321,1222,9171,135,57,78
7040,10897,1717,5328,1224,9178,136,58,78
7045,10901,1721,5332,1228,9180,136,58,78
7050,10911,1723,5336,1229,9188,136,58,78
7055,10917,1723,5339,1229,9194,136,58,78
7060,10928,1724,5346,1230,9203,137,59,78
7065,10932,1726,5348,1232,9206,137,59,78
7070,10942,1728,5354,1234,9213,137,59,78
7075,10948,1728,5358,1234,9220,137,59,78
7080,10959,1730,5367,1236,9228,138,60,78
7085,10963,1731,5368,1237,9232,138,60,78
7090,10973,1733,5373,1238,9240,138,60,78
7095,10979,1733,5376,1238,9246,138,60,78
7100,10990,1734,5381,1239,9256,138,60,78
7105,10994,1734,5385,1239,9260,138,60,78
7110,11004,1736,5392,1240,9268,138,60,78
7115,11010,1736,5395,1240,9274,138,60,78
7120,11021,1737,5401,1241,9284,138,60,78
7125,11025,1737,5402,1241,9288,138,60,78
7130,11035,1740,5409,1243,9294,138,60,78
7135,11041,1742,5410,1244,9299,138,60,78
7140,11052,1743,5415,1245,9309,139,61,78
7145,11056,1743,5417,1245,9313,139,61,78
7150,11066,1743,5422,1245,9323,139,61,78
7155,11072,1744,5425,1245,9328,139,61,78
7160,11083,1746,5429,1246,9337,139,61,78
7165,11087,1747,5432,1247,9340,139,61,78
7170,11097,1747,5436,1247,9350,139,61,78
7175,11103,1749,5439,1249,9354,139,61,78
7180,11114,1750,5444,1250,9363,139,61,78
7185,11118,1752,5446,1252,9366,139,61,78
7190,11128,1753,5452,1253,9375,139,61,78
7195,11134,1754,5455,1254,9380,139,61,78
7200,11145,1755,5461,1255,9389,139,61,78
7205,11149,1756,5463,1256,9393,139,61,78
7210,11159,1756,5467,1256,9403,139,61,78
7215,11165,1757,5471,1257,9408,139,61,78
7220,11176,1757,5474,1257,9419,140,61,79
7225,11180,1757,5475,1257,9423,140,61,79
7230,11190,1757,5480,1257,9433,140,61,79
7235,11196,1758,5484,1257,9438,140,61,79
7240,11207,1758,5489,1257,9449,141,62,79
7245,11211,1758,5492,1257,9453,141,62,79
7250,11221,1760,5499,1258,9461,141,62,79
7255,11227,1761,5502,1258,9466,141,62,79
7260,11238,1761,5509,1258,9476,142,63,79
7265,11242,1762,5511,1259,9480,142,63,79
7270,11252,1764,5517,1260,9487,142,63,79
7275,11258,1766,5522,1262,9491,142,63,79
7280,11269,1769,5529,1265,9500,142,63,79
7285,11273,1769,5530,1265,9504,142,63,79
7290,11283,1771,5535,1266,9511,142,63,79
7295,11289,1773,5538,1268,9516,142,63,79
7300,11300,1774,5542,1268,9526,142,63,79
7305,11304,1774,5544,1268,9530,142,63,79
7310,11314,1777,5549,1270,9536,142,63,79
7315,11320,1779,5553,1272,9540,142,63,79
7320,11331,1781,5557,1273,9550,142,63,79
7325,11335,1781,5560,1273,9554,142,63,79
7330,11345,1782,5563,1273,9563,142,63,79
7335,11351,1783,5564,1273,9568,142,63,79
7340,11362,1783,5567,1273,9579,142,63,79
7345,11366,1783,5569,1273,9583,142,63,79
7350,11376,1784,5573,1273,9592,142,63,79
7355,11382,1785,5576,1274,9597,142,63,79
7360,11393,1785,5581,1274,9608,142,63,79
7365,11397,1785,5583,1274,9612,142,63,79
7370,11407,1787,5586,1275,9620,142,63,79
7375,11413,1788,5589,1276,9625,142,63,79
7380,11424,1788,5593,1276,9636,142,63,79
7385,11428,1788,5595,1276,9640,142,63,79
7390,11438,1789,5599,1277,9648,142,63,79
7395,11444,1792,5604,1279,9652,142,63,79
7400,11455,1794,5607,1280,9661,143,63,80
7405,11459,1794,5609,1280,9665,143,63,80
7410,11469,1795,5616,1281,9673,143,63,80
7415,11475,1798,5618,1283,9677,143,63,80
7420,11486,1801,5623,1286,9685,144,63,81
7425,11490,1801,5626,1286,9689,144,63,81
7430,11500,1803,5630,1288,9697,144,63,81
7435,11506,1805,5633,1290,9701,144,63,81
7440,11517,1809,5636,1293,9708,145,63,82
7445,11521,1809,5637,1293,9712,145,63,82
7450,11531,1809,5641,1293,9722,145,63,82
7455,11537,1809,5643,1293,9728,145,63,82
7460,11548,1809,5644,1293,9739,145,63,82
7465,11552,1809,5646,1293,9743,145,63,82
7470,11562,1809,5651,1293,9753,145,63,82
7475,11568,1809,5653,1293,9759,145,63,82
7480,11579,1809,5656,1293,9770,145,63,82
7485,11583,1809,5656,1293,9774,145,63,82
7490,11593,1809,5660,1293,9784,145,63,82
7495,11599,1809,5663,1293,9790,145,63,82
7500,11610,1809,5668,1293,9801,145,63,82
7505,11614,1809,5671,1293,9805,145,63,82
7510,11624,1809,5675,1293,9815,145,63,82
7515,11630,1809,5677,1293,9821,145,63,82
7520,11641,1809,5683,1293,9832,145,63,82
7525,11645,1809,5685,1293,9836,145,63,82
7530,11655,1809,5690,1293,9846,145,63,82
7535,11661,1809,5691,1293,9852,145,63,82
7540,11672,1809,5697,1293,9863,145,63,82
7545,11676,1809,5699,1293,9867,145,63,82
7550,11686,1812,5704,1295,9874,145,63,82
7555,11692,1813,5705,1295,9879,145,63,82
7560,11703,1814,5707,1295,9888,146,63,83
7565,11707,1815,5710,1296,9892,146,63,83
7570,11717,1816,5718,1296,9900,146,63,83
7575,11723,1818,5720,1297,9905,146,63,83
7580,11734,1819,5725,1297,9915,147,63,84
7585,11738,1819,5728,1297,9919,147,63,84
7590,11748,1820,5734,1298,9928,147,63,84
7595,11754,1821,5738,1299,9933,147,63,84
7600,11765,1822,5744,1300,9943,148,64,84
7605,11769,1822,5745,1300,9947,148,64,84
7610,11779,1823,5749,1300,9956,148,64,84
7615,11785,1824,5752,1301,9961,148,64,84
7620,11796,1825,5756,1302,9971,148,64,84
7625,11800,1825,5758,1302,9975,148,64,84
7630,11810,1826,5759,1302,9984,148,64,84
7635,11816,1827,5762,1303,9989,148,64,84
7640,11827,1828,5768,1303,9999,148,64,84
7645,11831,1828,5772,1303,10003,148,64,84
7650,11841,1829,5776,1303,10011,148,64,84
7655,11847,1831,5778,1305,10016,148,64,84
7660,11858,1832,5783,1306,10026,148,64,84
7665,11862,1832,5787,1306,10030,148,64,84
7670,11872,1835,5793,1307,10037,148,64,84
7675,11878,1836,5796,1307,10041,148,64,84
7680,11889,1840,5803,1311,10047,148,64,84
7685,11893,1841,5806,1312,10052,148,64,84
7690,11903,1843,5813,1314,10060,148,64,84
7695,11909,1843,5814,1314,10066,148,64,84
7700,11920,1843,5823,1314,10077,148,64,84
7705,11924,1843,5825,1314,10081,148,64,84
7710,11934,1845,5830,1315,10089,148,64,84
7715,11940,1845,5832,1315,10095,148,64,84
7720,11951,1845,5837,1315,10106,148,64,84
7725,11955,1845,5839,1315,10110,148,64,84
7730,11965,1847,5845,1317,10118,148,64,84
7735,11971,1847,5846,1317,10124,148,64,84
7740,11982,1847,5851,1317,10135,148,64,84
7745,11986,1847,5853,1317,10139,148,64,84
7750,11996,1849,5857,1318,10147,148,64,84
7755,12002,1849,5860,1318,10153,148,64,84
7760,12013,1852,5866,1320,10161,148,64,84
7765,12017,1852,5868,1320,10165,148,64,84
7770,12027,1854,5874,1321,10173,148,64,84
7775,12033,1854,5877,1321,10179,148,64,84
7780,12044,1856,5883,1323,10188,148,64,84
7785,12048,1857,5885,1324,10191,148,64,84
7790,12058,1859,5889,1325,10199,148,64,84
7795,12064,1860,5894,1326,10203,148,64,84
7800,12075,1863,5899,1328,10209,149,64,85
7805,12079,1865,5901,1330,10214,149,64,85
7810,12089,1865,5907,1330,10223,149,64,85
7815,12095,1867,5913,1332,10228,149,64,85
7820,12106,1867,5917,1332,10239,149,64,85
7825,12110,1867,5918,1332,10243,149,64,85
7830,12120,1867,5923,1332,10252,149,64,85
7835,12126,1869,5928,1334,10257,149,64,85
7840,12137,1869,5936,1334,10268,149,64,85
7845,12141,1869,5937,1334,10272,149,64,85
7850,12151,1869,5940,1334,10282,149,64,85
7855,12157,1870,5944,1335,10287,149,64,85
7860,12168,1870,5949,1335,10298,149,64,85
7865,12172,1870,5952,1335,10302,149,64,85
7870,12182,1871,5955,1335,10311,149,64,85
7875,12188,1871,5958,1335,10316,149,64,85
7880,12199,1873,5960,1337,10326,149,64,85
7885,12203,1873,5962,1337,10330,149,64,85
7890,12213,1874,5966,1337,10339,149,64,85
7895,12219,1874,5971,1337,10344,149,64,85
7900,12230,1876,5978,1339,10354,149,64,85
7905,12234,1876,5978,1339,10358,149,64,85
7910,12244,1878,5986,1341,10366,149,64,85
7915,12250,1879,5987,1342,10371,149,64,85
7920,12261,1880,5992,1342,10380,150,65,85
7925,12265,1881,5992,1343,10384,150,65,85
7930,12275,1883,5994,1344,10392,150,65,85
7935,12281,1883,5996,1344,10398,150,65,85
7940,12292,1884,6001,1344,10408,150,65,85
7945,12296,1884,6003,1344,10412,150,65,85
7950,12306,1886,6005,1345,10420,150,65,85
7955,12312,1886,6005,1345,10426,150,65,85
7960,12323,1887,6010,1346,10436,150,65,85
7965,12327,1887,6013,1346,10440,150,65,85
7970,12337,1890,6017,1349,10447,150,65,85
7975,12343,1891,6020,1350,10452,150,65,85
7980,12354,1895,6024,1353,10459,150,65,85
7985,12358,1895,6024,1353,10463,150,65,85
7990,12368,1896,6028,1353,10470,150,65,85
7995,12374,1899,6031,1355,10475,150,65,85
8000,12385,1899,6032,1355,10486,150,65,85
8005,12389,1899,6032,1355,10490,150,65,85
8010,12399,1901,6036,1356,10498,150,65,85
8015,12405,1902,6037,1356,10503,150,65,85
8020,12416,1903,6042,1357,10513,150,65,85
8025,12420,1904,6044,1358,10516,150,65,85
8030,12430,1906,6048,1359,10523,150,65,85
8035,12436,1908,6049,1360,10528,150,65,85
8040,12447,1909,6054,1361,10537,151,66,85
8045,12451,1909,6056,1361,10542,151,66,85
8050,12461,1910,6064,1362,10551,151,66,85
8055,12467,1910,6065,1362,10557,151,66,85
8060,12478,1910,6066,1362,10568,151,66,85
8065,12482,1910,6068,1362,10572,151,66,85
8070,12492,1911,6075,1363,10581,151,66,85
8075,12498,1911,6078,1363,10587,151,66,85
8080,12509,1911,6083,1363,10598,151,66,85
8085,12513,1911,6084,1363,10602,151,66,85
8090,12523,1913,6087,1364,10609,151,66,85
8095,12529,1913,6090,1364,10615,151,66,85
8100,12540,1915,6096,1366,10622,151,66,85
8105,12544,1918,6098,1369,10626,151,66,85
8110,12554,1921,6102,1371,10633,151,66,85
8115,12560,1922,6103,1371,10638,151,66,85
8120,12571,1924,6109,1373,10647,151,66,85
8125,12575,1924,6111,1373,10651,151,66,85
8130,12585,1927,6117,1375,10657,151,66,85
8135,12591,1929,6119,1376,10662,151,66,85
8140,12602,1930,6125,1376,10671,151,66,85
8145,12606,1931,6127,1377,10675,151,66,85
8150,12616,1934,6133,1379,10682,151,66,85
8155,12622,1935,6136,1380,10687,151,66,85
8160,12633,1937,6143,1381,10695,151,66,85
8165,12637,1939,6145,1383,10698,151,66,85
8170,12647,1941,6149,1384,10706,151,66,85
8175,12653,1942,6152,1384,10711,151,66,85
8180,12664,1943,6155,1384,10721,152,66,86
8185,12668,1945,6158,1386,10723,152,66,86
8190,12678,1948,6163,1387,10730,152,66,86
8195,12684,1949,6166,1387,10735,152,66,86
8200,12695,1950,6171,1388,10745,153,66,87
8205,12699,1952,6175,1390,10747,153,66,87
8210,12709,1954,6176,1391,10755,153,66,87
8215,12715,1955,6179,1392,10760,153,66,87
8220,12726,1956,6181,1392,10769,154,66,88
8225,12730,1956,6184,1392,10774,154,66,88
8230,12740,1956,6188,1392,10784,154,66,88
8235,12746,1957,6189,1392,10789,154,66,88
8240,12757,1957,6190,1392,10800,154,66,88
8245,12761,1957,6192,1392,10804,154,66,88
8250,12771,1957,6198,1392,10814,154,66,88
8255,12777,1958,6200,1392,10819,154,66,88
8260,12788,1958,6206,1392,10830,154,66,88
8265,12792,1958,6208,1392,10834,154,66,88
8270,12802,1958,6213,1392,10844,154,66,88
8275,12808,1960,6216,1394,10848,154,66,88
8280,12819,1960,6220,1394,10859,154,66,88
8285,12823,1960,6223,1394,10863,154,66,88
8290,12833,1960,6230,1394,10873,154,66,88
8295,12839,1961,6231,1394,10878,154,66,88
8300,12850,1962,6239,1395,10888,154,66,88
8305,12854,1962,6241,1395,10892,154,66,88
8310,12864,1962,6246,1395,10902,154,66,88
8315,12870,1963,6250,1396,10907,154,66,88
8320,12881,1964,6256,1397,10917,154,66,88
8325,12885,1964,6259,1397,10921,154,66,88
8330,12895,1966,6262,1398,10929,154,66,88
8335,12901,1968,6266,1400,10933,154,66,88
8340,12912,1970,6271,1401,10941,155,67,88
8345,12916,1971,6272,1402,10945,155,67,88
8350,12926,1973,6275,1403,10953,155,67,88
8355,12932,1974,6277,1403,10958,155,67,88
8360,12943,1975,6283,1404,10968,155,67,88
8365,12947,1975,6286,1404,10972,155,67,88
8370,12957,1976,6291,1404,10981,155,67,88
8375,12963,1976,6293,1404,10986,155,67,88
8380,12974,1978,6301,1406,10996,155,67,88
8385,12978,1978,6303,1406,11000,155,67,88
8390,12988,1979,6310,1407,11009,155,67,88
8395,12994,1979,6314,1407,11015,155,67,88
8400,13005,1980,6321,1408,11025,155,67,88
8405,13009,1981,6324,1409,11028,155,67,88
8410,13019,1982,6328,1409,11037,155,67,88
8415,13025,1983,6331,1409,11041,155,67,88
8420,13036,1985,6339,1411,11051,155,67,88
8425,13040,1986,6342,1412,11054,155,67,88
8430,13050,1987,6347,1412,11062,155,67,88
8435,13056,1989,6351,1414,11066,155,67,88
8440,13067,1991,6358,1416,11076,155,67,88
8445,13071,1991,6359,1416,11080,155,67,88
8450,13081,1993,6363,1416,11088,155,67,88
8455,13087,1994,6366,1417,11092,155,67,88
8460,13098,1997,6368,1419,11100,155,67,88
8465,13102,1998,6368,1420,11104,155,67,88
8470,13112,1999,6373,1420,11113,155,67,88
8475,13118,1999,6376,1420,11119,155,67,88
8480,13129,2000,6382,1421,11129,156,68,88
8485,13133,2000,6385,1421,11133,156,68,88
8490,13143,2001,6387,1421,11142,156,68,88
8495,13149,2001,6389,1421,11148,156,68,88
8500,13160,2002,6394,1422,11158,157,68,89
8505,13164,2002,6396,1422,11162,157,68,89
8510,13174,2003,6401,1423,11170,157,68,89
8515,13180,2004,6404,1424,11176,157,68,89
8520,13191,2005,6410,1425,11186,158,69,89
8525,13195,2006,6413,1426,11189,158,69,89
8530,13205,2008,6416,1426,11197,158,69,89
8535,13211,2008,6419,1426,11203,158,69,89
8540,13222,2009,6423,1427,11213,158,69,89
8545,13226,2009,6425,1427,11217,158,69,89
8550,13236,2011,6432,1428,11225,158,69,89
8555,13242,2011,6433,1428,11231,158,69,89
8560,13253,2012,6440,1428,11241,158,69,89
8565,13257,2013,6442,1429,11244,158,69,89
8570,13267,2015,6445,1429,11252,158,69,89
8575,13273,2016,6445,1429,11257,158,69,89
8580,13284,2017,6449,1430,11267,158,69,89
8585,13288,2017,6452,1430,11271,158,69,89
8590,13298,2019,6456,1431,11279,158,69,89
8595,13304,2020,6461,1432,11284,158,69,89
8600,13315,2021,6465,1433,11294,158,69,89
8605,13319,2021,6466,1433,11298,158,69,89
8610,13329,2023,6474,1435,11306,158,69,89
8615,13335,2024,6478,1435,11311,158,69,89
8620,13346,2025,6486,1436,11321,158,69,89
8625,13350,2025,6488,1436,11325,158,69,89
8630,13360,2027,6491,1437,11333,158,69,89
8635,13366,2029,6495,1438,11336,158,69,89
8640,13377,2033,6501,1441,11342,159,70,89
8645,13381,2035,6503,1443,11346,159,70,89
8650,13391,2036,6506,1443,11355,159,70,89
8655,13397,2037,6511,1444,11359,159,70,89
8660,13408,2038,6517,1445,11370,160,70,90
8665,13412,2038,6520,1445,11374,160,70,90
8670,13422,2040,6528,1447,11382,160,70,90
8675,13428,2041,6530,1447,11386,160,70,90
8680,13439,2042,6536,1448,11397,161,71,90
8685,13443,2042,6538,1448,11401,161,71,90
8690,13453,2043,6541,1448,11410,161,71,90
8695,13459,2044,6543,1448,11415,161,71,90
8700,13470,2044,6550,1448,11426,162,72,90
8705,13474,2044,6554,1448,11430,162,72,90
8710,13484,2045,6556,1448,11439,162,72,90
8715,13490,2046,6558,1448,11444,162,72,90
8720,13501,2046,6563,1448,11455,162,72,90
8725,13505,2046,6566,1448,11459,162,72,90
8730,13515,2047,6571,1449,11468,162,72,90
8735,13521,2048,6575,1450,11473,162,72,90
8740,13532,2049,6582,1451,11483,162,72,90
8745,13536,2049,6586,1451,11487,162,72,90
8750,13546,2051,6590,1452,11495,162,72,90
8755,13552,2052,6592,1452,11500,162,72,90
8760,13563,2052,6598,1452,11510,162,72,90
8765,13567,2053,6600,1453,11514,162,72,90
8770,13577,2054,6606,1453,11523,162,72,90
8775,13583,2055,6611,1454,11527,162,72,90
8780,13594,2057,6616,1456,11537,163,72,91
8785,13598,2057,6619,1456,11541,163,72,91
8790,13608,2058,6623,1457,11550,163,72,91
8795,13614,2059,6624,1457,11555,163,72,91
8800,13625,2061,6628,1458,11564,164,73,91
8805,13629,2061,6632,1458,11568,164,73,91
8810,13639,2063,6634,1458,11576,164,73,91
8815,13645,2064,6637,1459,11580,164,73,91
8820,13656,2067,6642,1462,11588,165,73,92
8825,13660,2068,6644,1463,11592,165,73,92
8830,13670,2069,6649,1464,11601,165,73,92
8835,13676,2070,6652,1464,11606,165,73,92
8840,13687,2071,6658,1464,11616,165,73,92
8845,13691,2072,6660,1465,11619,165,73,92
8850,13701,2073,6664,1466,11628,165,73,92
8855,13707,2075,6667,1467,11632,165,73,92
8860,13718,2076,6669,1467,11642,165,73,92
8865,13722,2076,6671,1467,11646,165,73,92
8870,13732,2077,6673,1468,11655,165,73,92
8875,13738,2079,6677,1470,11659,165,73,92
8880,13749,2080,6683,1470,11669,165,73,92
8885,13753,2080,6684,1470,11673,165,73,92
8890,13763,2082,6686,1470,11681,165,73,92
8895,13769,2082,6688,1470,11687,165,73,92
8900,13780,2083,6693,1470,11697,165,73,92
8905,13784,2084,6695,1471,11700,165,73,92
8910,13794,2086,6701,1472,11708,165,73,92
8915,13800,2086,6704,1472,11714,165,73,92
8920,13811,2087,6710,1473,11724,165,73,92
8925,13815,2088,6713,1474,11727,165,73,92
8930,13825,2090,6719,1475,11735,165,73,92
8935,13831,2090,6721,1475,11741,165,73,92
8940,13842,2091,6727,1475,11750,165,73,92
8945,13846,2093,6728,1477,11753,165,73,92
8950,13856,2095,6731,1477,11761,165,73,92
8955,13862,2095,6732,1477,11767,165,73,92
8960,13873,2095,6736,1477,11778,166,74,92
8965,13877,2096,6737,1478,11781,166,74,92
8970,13887,2098,6741,1478,11789,166,74,92
8975,13893,2098,6743,1478,11795,166,74,92
8980,13904,2098,6746,1478,11806,167,74,93
8985,13908,2098,6747,1478,11810,167,74,93
8990,13918,2100,6753,1479,11818,167,74,93
8995,13924,2102,6754,1480,11822,167,74,93
9000,13935,2103,6758,1481,11831,168,74,94
9005,13939,2104,6760,1482,11835,168,74,94
9010,13949,2104,6766,1482,11845,168,74,94
9015,13955,2105,6769,1482,11850,168,74,94
9020,13966,2105,6772,1482,11861,169,74,95
9025,13970,2105,6773,1482,11865,169,74,95
9030,13980,2105,6777,1482,11875,169,74,95
9035,13986,2106,6781,1483,11880,169,74,95
9040,13997,2106,6787,1483,11891,169,74,95
9045,14001,2106,6788,1483,11895,169,74,95
9050,14011,2106,6791,1483,11905,169,74,95
9055,14017,2107,6794,1483,11910,169,74,95
9060,14028,2107,6799,1483,11921,169,74,95
9065,14032,2107,6800,1483,11925,169,74,95
9070,14042,2107,6802,1483,11935,169,74,95
9075,14048,2108,6804,1483,11940,169,74,95
9080,14059,2108,6810,1483,11951,169,74,95
9085,14063,2108,6812,1483,11955,169,74,95
9090,14073,2108,6820,1483,11965,169,74,95
9095,14079,2109,6821,1483,11970,169,74,95
9100,14090,2109,6829,1483,11981,169,74,95
9105,14094,2109,6832,1483,11985,169,74,95
9110,14104,2111,6836,1485,11992,169,74,95
9115,14110,2113,6838,1487,11997,169,74,95
9120,14121,2114,6843,1487,12006,170,75,95
9125,14125,2115,6843,1488,12010,170,75,95
9130,14135,2117,6848,1489,12018,170,75,95
9135,14141,2117,6853,1489,12023,170,75,95
9140,14152,2119,6856,1491,12033,170,75,95
9145,14156,2119,6856,1491,12037,170,75,95
9150,14166,2121,6862,1492,12045,170,75,95
9155,14172,2121,6864,1492,12051,170,75,95
9160,14183,2122,6868,1493,12061,170,75,95
9165,14187,2122,6868,1493,12065,170,75,95
9170,14197,2124,6873,1495,12073,170,75,95
9175,14203,2124,6874,1495,12078,170,75,95
9180,14214,2126,6878,1497,12088,170,75,95
9185,14218,2128,6880,1499,12090,170,75,95
9190,14228,2130,6886,1499,12098,170,75,95
9195,14234,2131,6887,1499,12103,170,75,95
9200,14245,2132,6895,1500,12113,170,75,95
9205,14249,2134,6898,1502,12115,170,75,95
9210,14259,2137,6902,1504,12122,170,75,95
9215,14265,2138,6908,1505,12127,170,75,95
9220,14276,2139,6914,1506,12137,170,75,95
9225,14280,2141,6917,1508,12139,170,75,95
9230,14290,2143,6924,1510,12146,170,75,95
9235,14296,2145,6926,1511,12151,170,75,95
9240,14307,2147,6930,1512,12159,171,75,96
9245,14311,2148,6931,1513,12163,171,75,96
9250,14321,2150,6937,1515,12171,171,75,96
9255,14327,2150,6941,1515,12177,171,75,96
9260,14338,2153,6947,1518,12185,171,75,96
9265,14342,2153,6948,1518,12189,171,75,96
9270,14352,2155,6953,1519,12197,171,75,96
9275,14358,2155,6955,1519,12203,171,75,96
9280,14369,2157,6956,1520,12212,171,75,96
9285,14373,2157,6958,1520,12216,171,75,96
9290,14383,2159,6964,1521,12224,171,75,96
9295,14389,2159,6967,1521,12230,171,75,96
9300,14400,2160,6972,1521,12240,171,75,96
9305,14404,2161,6975,1522,12243,171,75,96
9310,14414,2163,6977,1522,12251,171,75,96
9315,14420,2163,6978,1522,12257,171,75,96
9320,14431,2165,6985,1524,12266,171,75,96
9325,14435,2166,6986,1525,12269,171,75,96
9330,14445,2168,6992,1527,12277,171,75,96
9335,14451,2168,6995,1527,12283,171,75,96
9340,14462,2168,7001,1527,12293,171,75,96
9345,14466,2169,7004,1528,12297,171,75,96
9350,14476,2171,7010,1529,12305,171,75,96
9355,14482,2171,7012,1529,12310,171,75,96
9360,14493,2173,7015,1531,12320,172,75,97
9365,14497,2173,7016,1531,12324,172,75,97
9370,14507,2174,7021,1532,12333,172,75,97
9375,14513,2175,7023,1532,12338,172,75,97
9380,14524,2177,7028,1534,12347,172,75,97
9385,14528,2177,7030,1534,12351,172,75,97
9390,14538,2178,7034,1534,12360,172,75,97
9395,14544,2179,7037,1535,12364,172,75,97
9400,14555,2183,7044,1539,12371,172,75,97
9405,14559,2184,7047,1540,12375,172,75,97
9410,14569,2185,7051,1540,12384,172,75,97
9415,14575,2186,7055,1541,12388,172,75,97
9420,14586,2190,7062,1545,12396,172,75,97
9425,14590,2190,7066,1545,12400,172,75,97
9430,14600,2190,7071,1545,12410,172,75,97
9435,14606,2191,7076,1546,12415,172,75,97
9440,14617,2192,7079,1546,12425,172,75,97
9445,14621,2192,7080,1546,12429,172,75,97
9450,14631,2192,7083,1546,12439,172,75,97
9455,14637,2193,7085,1546,12444,172,75,97
9460,14648,2194,7090,1547,12454,172,75,97
9465,14652,2194,7091,1547,12458,172,75,97
9470,14662,2196,7097,1549,12466,172,75,97
9475,14668,2198,7099,1550,12470,172,75,97
9480,14679,2201,7103,1552,12478,173,76,97
9485,14683,2201,7105,1552,12482,173,76,97
9490,14693,2202,7109,1552,12491,173,76,97
9495,14699,2202,7111,1552,12497,173,76,97
9500,14710,2203,7119,1553,12507,173,76,97
9505,14714,2203,7120,1553,12511,173,76,97
9510,14724,2205,7124,1555,12519,173,76,97
9515,14730,2205,7127,1555,12525,173,76,97
9520,14741,2205,7134,1555,12536,173,76,97
9525,14745,2205,7135,1555,12540,173,76,97
9530,14755,2206,7140,1556,12549,173,76,97
9535,14761,2206,7144,1556,12555,173,76,97
9540,14772,2206,7150,1556,12565,173,76,97
9545,14776,2207,7154,1557,12569,173,76,97
9550,14786,2209,7161,1558,12577,173,76,97
9555,14792,2209,7163,1558,12583,173,76,97
9560,14803,2210,7170,1559,12593,173,76,97
9565,14807,2210,7172,1559,12597,173,76,97
9570,14817,2212,7177,1560,12605,173,76,97
9575,14823,2212,7180,1560,12610,173,76,97
9580,14834,2213,7185,1561,12621,173,76,97
9585,14838,2213,7186,1561,12625,173,76,97
9590,14848,2215,7188,1562,12633,173,76,97
9595,14854,2217,7192,1564,12636,173,76,97
9600,14865,2221,7198,1567,12643,174,76,98
9605,14869,2221,7200,1567,12648,174,76,98
9610,14879,2222,7201,1567,12657,174,76,98
9615,14885,2224,7202,1568,12661,174,76,98
9620,14896,2226,7209,1570,12670,174,76,98
9625,14900,2226,7211,1570,12674,174,76,98
9630,14910,2227,7216,1570,12683,174,76,98
9635,14916,2228,7218,1571,12688,174,76,98
9640,14927,2229,7220,1571,12698,174,76,98
9645,14931,2229,7223,1571,12702,174,76,98
9650,14941,2230,7228,1572,12711,174,76,98
9655,14947,2231,7232,1573,12716,174,76,98
9660,14958,2232,7237,1574,12726,174,76,98
9665,14962,2232,7239,1574,12730,174,76,98
9670,14972,2233,7243,1574,12739,174,76,98
9675,14978,2235,7247,1576,12743,174,76,98
9680,14989,2237,7253,1578,12752,174,76,98
9685,14993,2237,7254,1578,12756,174,76,98
9690,15003,2238,7256,1578,12765,174,76,98
9695,15009,2239,7258,1578,12770,174,76,98
9700,15020,2241,7263,1580,12779,174,76,98
9705,15024,2241,7266,1580,12783,174,76,98
9710,15034,2243,7271,1580,12790,174,76,98
9715,15040,2245,7274,1581,12794,174,76,98
9720,15051,2248,7280,1583,12802,174,76,98
9725,15055,2249,7284,1584,12806,174,76,98
9730,15065,2251,7288,1586,12814,174,76,98
9735,15071,2251,7292,1586,12820,174,76,98
9740,15082,2253,7298,1588,12829,174,76,98
9745,15086,2253,7299,1588,12833,174,76,98
9750,15096,2254,7303,1588,12842,174,76,98
9755,15102,2254,7306,1588,12848,174,76,98
9760,15113,2254,7313,1588,12859,174,76,98
9765,15117,2254,7315,1588,12863,174,76,98
9770,15127,2255,7321,1589,12872,174,76,98
9775,15133,2255,7324,1589,12878,174,76,98
9780,15144,2255,7331,1589,12889,174,76,98
9785,15148,2255,7333,1589,12893,174,76,98
9790,15158,2257,7339,1591,12901,174,76,98
9795,15164,2257,7343,1591,12906,174,76,98
9800,15175,2259,7349,1593,12916,174,76,98
9805,15179,2259,7349,1593,12920,174,76,98
9810,15189,2261,7353,1594,12928,174,76,98
9815,15195,2261,7355,1594,12934,174,76,98
9820,15206,2261,7356,1594,12945,174,76,98
9825,15210,2261,7359,1594,12949,174,76,98
9830,15220,2263,7366,1596,12957,174,76,98
9835,15226,2264,7369,1597,12961,174,76,98
9840,15237,2266,7373,1599,12971,174,76,98
9845,15241,2266,7373,1599,12975,174,76,98
9850,15251,2267,7380,1600,12984,174,76,98
9855,15257,2268,7383,1601,12989,174,76,98
9860,15268,2269,7386,1602,12999,174,76,98
9865,15272,2269,7387,1602,13003,174,76,98
9870,15282,2269,7391,1602,13013,174,76,98
9875,15288,2270,7392,1602,13018,174,76,98
9880,15299,2271,7395,1602,13027,174,76,98
9885,15303,2272,7397,1603,13031,174,76,98
9890,15313,2272,7404,1603,13041,174,76,98
9895,15319,2273,7407,1604,13046,174,76,98
9900,15330,2276,7413,1606,13053,174,76,98
9905,15334,2277,7415,1607,13057,174,76,98
9910,15344,2277,7420,1607,13067,174,76,98
9915,15350,2278,7424,1608,13072,174,76,98
9920,15361,2280,7431,1610,13080,174,76,98
9925,15365,2281,7435,1611,13084,174,76,98
9930,15375,2281,7439,1611,13094,174,76,98
9935,15381,2282,7442,1611,13099,174,76,98
9940,15392,2284,7448,1613,13107,174,76,98
9945,15396,2285,7448,1614,13111,174,76,98
9950,15406,2288,7454,1617,13117,174,76,98
9955,15412,2291,7457,1619,13121,174,76,98
9960,15423,2292,7459,1619,13130,175,76,99
9965,15427,2294,7461,1621,13133,175,76,99
9970,15437,2296,7464,1621,13141,175,76,99
9975,15443,2296,7469,1621,13147,175,76,99
9980,15454,2297,7473,1622,13157,175,76,99
9985,15458,2298,7474,1623,13160,175,76,99
9990,15468,2300,7478,1624,13168,175,76,99
9995,15474,2300,7481,1624,13174,175,76,99
10000,15485,2300,7488,1624,13185,175,76,99
10005,15489,2300,7490,1624,13189,175,76,99
10010,15499,2302,7495,1625,13197,175,76,99
10015,15505,2302,7498,1625,13203,175,76,99
10020,15516,2303,7504,1626,13213,175,76,99
10025,15520,2303,7507,1626,13217,175,76,99
10030,15530,2304,7511,1627,13226,175,76,99
10035,15536,2304,7514,1627,13232,175,76,99
10040,15547,2304,7520,1627,13243,175,76,99
10045,15551,2304,7523,1627,13247,175,76,99
10050,15561,2305,7527,1628,13256,175,76,99
10055,15567,2305,7530,1628,13262,175,76,99
10060,15578,2305,7537,1628,13273,175,76,99
10065,15582,2305,7539,1628,13277,175,76,99
10070,15592,2306,7544,1628,13285,175,76,99
10075,15598,2309,7547,1630,13289,175,76,99
10080,15609,2313,7554,1634,13295,176,77,99
10085,15613,2314,7557,1635,13299,176,77,99
10090,15623,2315,7563,1636,13308,176,77,99
10095,15629,2315,7568,1636,13313,176,77,99
10100,15640,2316,7576,1637,13323,177,78,99
10105,15644,2317,7578,1638,13327,177,78,99
10110,15654,2318,7583,1639,13336,177,78,99
10115,15660,2318,7586,1639,13341,177,78,99
10120,15671,2319,7594,1640,13351,178,79,99
10125,15675,2320,7598,1641,13355,178,79,99
10130,15685,2321,7603,1642,13364,178,79,99
10135,15691,2321,7607,1642,13370,178,79,99
10140,15702,2321,7610,1642,13380,178,79,99
10145,15706,2322,7611,1643,13384,178,79,99
10150,15716,2323,7616,1644,13393,178,79,99
10155,15722,2323,7620,1644,13399,178,79,99
10160,15733,2323,7626,1644,13409,178,79,99
10165,15737,2324,7628,1645,13413,178,79,99
10170,15747,2325,7633,1645,13422,178,79,99
10175,15753,2325,7638,1645,13427,178,79,99
10180,15764,2326,7643,1646,13438,178,79,99
10185,15768,2326,7644,1646,13442,178,79,99
10190,15778,2329,7649,1647,13448,178,79,99
10195,15784,2332,7653,1650,13451,178,79,99
10200,15795,2335,7658,1653,13458,178,79,99
10205,15799,2338,7659,1656,13461,178,79,99
10210,15809,2339,7661,1657,13470,178,79,99
10215,15815,2340,7664,1657,13475,178,79,99
10220,15826,2342,7673,1659,13483,178,79,99
10225,15830,2344,7675,1661,13486,178,79,99
10230,15840,2345,7680,1662,13495,178,79,99
10235,15846,2346,7683,1662,13500,178,79,99
10240,15857,2348,7689,1664,13509,178,79,99
10245,15861,2349,7692,1665,13512,178,79,99
10250,15871,2350,7699,1665,13521,178,79,99
10255,15877,2351,7702,1665,13526,178,79,99
10260,15888,2353,7705,1666,13535,178,79,99
10265,15892,2353,7706,1666,13539,178,79,99
10270,15902,2355,7710,1667,13547,178,79,99
10275,15908,2356,7714,1668,13552,178,79,99
10280,15919,2358,7718,1669,13561,178,79,99
10285,15923,2358,7719,1669,13565,178,79,99
10290,15933,2360,7722,1670,13573,178,79,99
10295,15939,2361,7725,1670,13578,178,79,99
10300,15950,2362,7730,1670,13588,178,79,99
10305,15954,2362,7731,1670,13592,178,79,99
10310,15964,2364,7736,1672,13599,178,79,99
10315,15970,2367,7739,1674,13602,178,79,99
10320,15981,2371,7747,1678,13608,179,79,100
10325,15985,2373,7750,1680,13612,179,79,100
10330,15995,2374,7758,1681,13621,179,79,100
10335,16001,2374,7759,1681,13627,179,79,100
10340,16012,2375,7767,1682,13637,179,79,100
10345,16016,2375,7769,1682,13641,179,79,100
10350,16026,2376,7776,1682,13650,179,79,100
10355,16032,2376,7779,1682,13656,179,79,100
10360,16043,2376,7783,1682,13667,179,79,100
10365,16047,2376,7786,1682,13671,179,79,100
10370,16057,2377,7793,1683,13680,179,79,100
10375,16063,2377,7795,1683,13686,179,79,100
10380,16074,2378,7800,1684,13696,179,79,100
10385,16078,2378,7801,1684,13700,179,79,100
10390,16088,2380,7808,1685,13708,179,79,100
10395,16094,2380,7812,1685,13714,179,79,100
10400,16105,2382,7818,1686,13722,179,79,100
10405,16109,2383,7821,1687,13726,179,79,100
10410,16119,2385,7825,1688,13734,179,79,100
10415,16125,2385,7829,1688,13740,179,79,100
10420,16136,2388,7839,1691,13747,179,79,100
10425,16140,2389,7841,1692,13751,179,79,100
10430,16150,2393,7847,1695,13756,179,79,100
10435,16156,2395,7852,1697,13761,179,79,100
10440,16167,2397,7857,1698,13769,180,80,100
10445,16171,2398,7857,1699,13773,180,80,100
10450,16181,2399,7861,1700,13782,180,80,100
10455,16187,2399,7863,1700,13788,180,80,100
10460,16198,2399,7866,1700,13799,180,80,100
10465,16202,2400,7868,1701,13802,180,80,100
10470,16212,2401,7873,1702,13811,180,80,100
10475,16218,2401,7879,1702,13817,180,80,100
10480,16229,2401,7884,1702,13828,180,80,100
10485,16233,2401,7886,1702,13832,180,80,100
10490,16243,2402,7890,1703,13841,180,80,100
10495,16249,2402,7893,1703,13847,180,80,100
10500,16260,2402,7899,1703,13858,180,80,100
10505,16264,2403,7901,1704,13861,180,80,100
10510,16274,2406,7904,1706,13868,180,80,100
10515,16280,2407,7907,1706,13873,180,80,100
10520,16291,2407,7912,1706,13884,180,80,100
10525,16295,2407,7915,1706,13888,180,80,100
10530,16305,2409,7920,1707,13895,180,80,100
10535,16311,2411,7923,1709,13899,180,80,100
10540,16322,2412,7930,1710,13910,180,80,100
10545,16326,2412,7931,1710,13914,180,80,100
10550,16336,2416,7937,1712,13919,180,80,100
10555,16342,2418,7941,1714,13923,180,80,100
10560,16353,2421,7944,1716,13931,181,81,100
10565,16357,2422,7946,1717,13935,181,81,100
10570,16367,2422,7951,1717,13945,181,81,100
10575,16373,2423,7954,1718,13950,181,81,100
10580,16384,2423,7959,1718,13961,181,81,100
10585,16388,2423,7962,1718,13965,181,81,100
10590,16398,2423,7967,1718,13975,181,81,100
10595,16404,2424,7971,1719,13980,181,81,100
10600,16415,2424,7977,1719,13991,181,81,100
10605,16419,2424,7978,1719,13995,181,81,100
10610,16429,2424,7985,1719,14005,181,81,100
10615,16435,2425,7986,1720,14010,181,81,100
10620,16446,2425,7990,1720,14021,181,81,100
10625,16450,2426,7994,1721,14024,181,81,100
10630,16460,2426,7998,1721,14034,181,81,100
10635,16466,2427,8001,1721,14039,181,81,100
10640,16477,2429,8007,1722,14048,181,81,100
10645,16481,2429,8010,1722,14052,181,81,100
10650,16491,2429,8013,1722,14062,181,81,100
10655,16497,2430,8015,1722,14067,181,81,100
10660,16508,2431,8019,1722,14076,181,81,100
10665,16512,2432,8020,1723,14080,181,81,100
10670,16522,2434,8027,1724,14088,181,81,100
10675,16528,2436,8028,1725,14092,181,81,100
10680,16539,2438,8032,1726,14100,182,81,101
10685,16543,2439,8033,1727,14104,182,81,101
10690,16553,2441,8040,1728,14112,182,81,101
10695,16559,2442,8044,1729,14117,182,81,101
10700,16570,2444,8048,1730,14126,182,81,101
10705,16574,2445,8052,1731,14129,182,81,101
10710,16584,2447,8054,1731,14137,182,81,101
10715,16590,2448,8058,1731,14142,182,81,101
10720,16601,2449,8060,1731,14152,182,81,101
10725,16605,2450,8063,1732,14155,182,81,101
10730,16615,2453,8068,1733,14161,182,81,101
10735,16621,2455,8070,1735,14166,182,81,101
10740,16632,2457,8075,1736,14175,182,81,101
10745,16636,2457,8076,1736,14179,182,81,101
10750,16646,2459,8082,1738,14186,182,81,101
10755,16652,2461,8084,1739,14191,182,81,101
10760,16663,2462,8090,1739,14201,182,81,101
10765,16667,2463,8091,1740,14204,182,81,101
10770,16677,2466,8096,1742,14211,182,81,101
10775,16683,2466,8100,1742,14217,182,81,101
10780,16694,2468,8105,1743,14226,182,81,101
10785,16698,2468,8105,1743,14230,182,81,101
10790,16708,2470,8108,1744,14238,182,81,101
10795,16714,2471,8111,1745,14243,182,81,101
10800,16725,2473,8114,1746,14250,183,81,102
10805,16729,2474,8114,1747,14255,183,81,102
10810,16739,2476,8118,1748,14263,183,81,102
10815,16745,2476,8120,1748,14269,183,81,102
10820,16756,2476,8125,1748,14280,183,81,102
10825,16760,2477,8129,1749,14283,183,81,102
10830,16770,2479,8131,1750,14291,183,81,102
10835,16776,2479,8134,1750,14296,183,81,102
10840,16787,2481,8139,1752,14306,183,81,102
10845,16791,2481,8140,1752,14310,183,81,102
10850,16801,2483,8145,1754,14318,183,81,102
10855,16807,2483,8148,1754,14323,183,81,102
10860,16818,2485,8154,1756,14333,183,81,102
10865,16822,2485,8157,1756,14337,183,81,102
10870,16832,2486,8162,1756,14346,183,81,102
10875,16838,2486,8165,1756,14352,183,81,102
10880,16849,2486,8169,1756,14363,183,81,102
10885,16853,2486,8172,1756,14367,183,81,102
10890,16863,2487,8175,1756,14376,183,81,102
10895,16869,2487,8178,1756,14382,183,81,102
10900,16880,2487,8183,1756,14393,183,81,102
10905,16884,2487,8185,1756,14397,183,81,102
10910,16894,2489,8191,1758,14405,183,81,102
10915,16900,2490,8193,1758,14410,183,81,102
10920,16911,2491,8200,1759,14420,183,81,102
10925,16915,2491,8203,1759,14424,183,81,102
10930,16925,2492,8208,1760,14432,183,81,102
10935,16931,2494,8211,1762,14437,183,81,102
10940,16942,2494,8215,1762,14448,183,81,102
10945,16946,2494,8216,1762,14452,183,81,102
10950,16956,2496,8221,1764,14460,183,81,102
10955,16962,2498,8225,1765,14464,183,81,102
10960,16973,2498,8229,1765,14475,183,81,102
10965,16977,2498,8231,1765,14479,183,81,102
10970,16987,2501,8236,1768,14486,183,81,102
10975,16993,2502,8239,1769,14490,183,81,102
10980,17004,2504,8244,1771,14500,183,81,102
10985,17008,2505,8246,1772,14503,183,81,102
10990,17018,2506,8251,1773,14512,183,81,102
10995,17024,2506,8253,1773,14518,183,81,102
11000,17035,2507,8258,1773,14528,184,81,103
11005,17039,2507,8260,1773,14532,184,81,103
11010,17049,2507,8266,1773,14542,184,81,103
11015,17055,2507,8269,1773,14548,184,81,103
11020,17066,2509,8276,1775,14557,185,81,104
11025,17070,2509,8278,1775,14561,185,81,104
11030,17080,2509,8284,1775,14571,185,81,104
11035,17086,2509,8287,1775,14577,185,81,104
11040,17097,2511,8293,1777,14586,186,81,105
11045,17101,2511,8296,1777,14590,186,81,105
11050,17111,2511,8302,1777,14600,186,81,105
11055,17117,2511,8305,1777,14606,186,81,105
11060,17128,2513,8310,1779,14615,187,81,106
11065,17132,2513,8311,1779,14619,187,81,106
11070,17142,2513,8315,1779,14629,187,81,106
11075,17148,2513,8318,1779,14635,187,81,106
11080,17159,2514,8322,1780,14645,188,81,107
11085,17163,2514,8326,1780,14649,188,81,107
11090,17173,2515,8333,1781,14658,188,81,107
11095,17179,2516,8338,1782,14663,188,81,107
11100,17190,2518,8343,1783,14670,188,81,107
11105,17194,2521,8347,1786,14673,188,81,107
11110,17204,2523,8350,1787,14681,188,81,107
11115,17210,2524,8353,1788,14686,188,81,107
11120,17221,2524,8356,1788,14697,188,81,107
11125,17225,2524,8357,1788,14701,188,81,107
11130,17235,2526,8362,1790,14709,188,81,107
11135,17241,2527,8364,1791,14713,188,81,107
11140,17252,2528,8369,1792,14724,188,81,107
11145,17256,2529,8371,1793,14727,188,81,107
11150,17266,2531,8372,1794,14735,188,81,107
11155,17272,2532,8376,1795,14740,188,81,107
11160,17283,2532,8380,1795,14751,188,81,107
11165,17287,2533,8381,1796,14754,188,81,107
11170,17297,2535,8386,1797,14761,188,81,107
11175,17303,2537,8389,1798,14766,188,81,107
11180,17314,2538,8394,1798,14775,188,81,107
11185,17318,2540,8398,1800,14778,188,81,107
11190,17328,2542,8404,1801,14785,188,81,107
11195,17334,2544,8407,1802,14790,188,81,107
11200,17345,2546,8411,1803,14799,189,81,108
11205,17349,2546,8413,1803,14803,189,81,108
11210,17359,2550,8417,1806,14809,189,81,108
11215,17365,2551,8418,1807,14814,189,81,108
11220,17376,2553,8421,1808,14823,190,82,108
11225,17380,2553,8422,1808,14827,190,82,108
11230,17390,2555,8425,1808,14835,190,82,108
11235,17396,2555,8426,1808,14841,190,82,108
11240,17407,2556,8432,1809,14851,190,82,108
11245,17411,2556,8434,1809,14855,190,82,108
11250,17421,2558,8441,1810,14863,190,82,108
11255,17427,2558,8442,1810,14869,190,82,108
11260,17438,2559,8448,1811,14879,190,82,108
11265,17442,2559,8450,1811,14883,190,82,108
11270,17452,2561,8455,1811,14891,190,82,108
11275,17458,2561,8457,1811,14896,190,82,108
11280,17469,2563,8461,1813,14906,190,82,108
11285,17473,2564,8462,1814,14909,190,82,108
11290,17483,2566,8469,1816,14917,190,82,108
11295,17489,2566,8473,1816,14922,190,82,108
11300,17500,2568,8476,1818,14932,190,82,108
11305,17504,2569,8479,1819,14935,190,82,108
11310,17514,2571,8485,1820,14943,190,82,108
11315,17520,2571,8487,1820,14949,190,82,108
11320,17531,2571,8490,1820,14960,190,82,108
11325,17535,2572,8494,1821,14963,190,82,108
11330,17545,2574,8499,1821,14970,190,82,108
11335,17551,2576,8502,1823,14975,190,82,108
11340,17562,2577,8506,1824,14984,191,82,109
11345,17566,2578,8509,1825,14988,191,82,109
11350,17576,2580,8515,1827,14996,191,82,109
11355,17582,2581,8519,1828,15000,191,82,109
11360,17593,2584,8523,1831,15009,191,82,109
11365,17597,2584,8525,1831,15013,191,82,109
11370,17607,2586,8532,1833,15021,191,82,109
11375,17613,2587,8536,1834,15026,191,82,109
11380,17624,2588,8539,1834,15036,191,82,109
11385,17628,2588,8540,1834,15040,191,82,109
11390,17638,2590,8545,1835,15048,191,82,109
11395,17644,2591,8548,1836,15052,191,82,109
11400,17655,2594,8556,1838,15061,191,82,109
11405,17659,2594,8558,1838,15065,191,82,109
11410,17669,2596,8562,1839,15073,191,82,109
11415,17675,2597,8565,1839,15078,191,82,109
11420,17686,2599,8571,1841,15087,191,82,109
11425,17690,2599,8571,1841,15091,191,82,109
11430,17700,2601,8574,1842,15099,191,82,109
11435,17706,2602,8578,1843,15104,191,82,109
11440,17717,2604,8583,1844,15113,191,82,109
11445,17721,2604,8585,1844,15117,191,82,109
11450,17731,2607,8590,1847,15124,191,82,109
11455,17737,2609,8593,1848,15128,191,82,109
11460,17748,2611,8597,1849,15136,192,82,110
11465,17752,2612,8598,1850,15140,192,82,110
11470,17762,2613,8603,1851,15149,192,82,110
11475,17768,2614,8606,1851,15154,192,82,110
11480,17779,2615,8611,1852,15164,193,83,110
11485,17783,2615,8612,1852,15168,193,83,110
11490,17793,2616,8617,1852,15177,193,83,110
11495,17799,2617,8618,1852,15182,193,83,110
11500,17810,2617,8624,1852,15193,194,84,110
11505,17814,2617,8627,1852,15197,194,84,110
11510,17824,2618,8631,1852,15206,194,84,110
11515,17830,2619,8633,1852,15211,194,84,110
11520,17841,2620,8638,1853,15221,195,85,110
11525,17845,2620,8642,1853,15225,195,85,110
11530,17855,2620,8646,1853,15235,195,85,110
11535,17861,2621,8650,1853,15240,195,85,110
11540,17872,2623,8655,1854,15249,195,85,110
11545,17876,2623,8657,1854,15253,195,85,110
11550,17886,2624,8663,1855,15262,195,85,110
11555,17892,2625,8667,1856,15267,195,85,110
11560,17903,2626,8674,1856,15276,195,85,110
11565,17907,2627,8674,1857,15280,195,85,110
11570,17917,2627,8678,1857,15290,195,85,110
11575,17923,2628,8681,1858,15295,195,85,110
11580,17934,2631,8688,1860,15301,195,85,110
11585,17938,2633,8691,1862,15305,195,85,110
11590,17948,2633,8695,1862,15314,195,85,110
11595,17954,2633,8698,1862,15321,195,85,110
11600,17965,2633,8705,1862,15332,195,85,110
11605,17969,2633,8708,1862,15336,195,85,110
11610,17979,2633,8713,1862,15346,195,85,110
11615,17985,2633,8716,1862,15352,195,85,110
11620,17996,2633,8723,1862,15363,195,85,110
11625,18000,2633,8725,1862,15367,195,85,110
11630,18010,2635,8730,1864,15375,195,85,110
11635,18016,2635,8735,1864,15380,195,85,110
11640,18027,2636,8743,1865,15391,196,86,110
11645,18031,2636,8745,1865,15395,196,86,110
11650,18041,2637,8750,1866,15404,196,86,110
11655,18047,2638,8754,1867,15409,196,86,110
11660,18058,2639,8759,1868,15418,197,86,111
11665,18062,2640,8762,1869,15422,197,86,111
11670,18072,2642,8769,1870,15430,197,86,111
11675,18078,2642,8772,1870,15436,197,86,111
11680,18089,2643,8774,1870,15445,198,86,112
11685,18093,2644,8774,1871,15449,198,86,112
11690,18103,2645,8777,1871,15458,198,86,112
11695,18109,2646,8782,1872,15463,198,86,112
11700,18120,2649,8786,1874,15471,199,86,113
11705,18124,2650,8789,1875,15474,199,86,113
11710,18134,2651,8793,1875,15483,199,86,113
11715,18140,2652,8797,1875,15488,199,86,113
11720,18151,2652,8802,1875,15498,199,86,113
11725,18155,2654,8806,1877,15501,199,86,113
11730,18165,2656,8809,1878,15509,199,86,113
11735,18171,2657,8809,1878,15514,199,86,113
11740,18182,2657,8815,1878,15525,199,86,113
11745,18186,2658,8817,1879,15528,199,86,113
11750,18196,2661,8823,1880,15535,199,86,113
11755,18202,2662,8828,1881,15539,199,86,113
11760,18213,2664,8832,1883,15549,199,86,113
11765,18217,2664,8834,1883,15553,199,86,113
11770,18227,2666,8840,1883,15561,199,86,113
11775,18233,2667,8845,1884,15566,199,86,113
11780,18244,2667,8850,1884,15577,199,86,113
11785,18248,2667,8853,1884,15581,199,86,113
11790,18258,2669,8858,1884,15589,199,86,113
11795,18264,2670,8860,1884,15593,199,86,113
11800,18275,2671,8867,1885,15604,199,86,113
11805,18279,2671,8869,1885,15608,199,86,113
11810,18289,2673,8872,1885,15616,199,86,113
11815,18295,2674,8873,1886,15621,199,86,113
11820,18306,2676,8878,1887,15630,200,86,114
11825,18310,2676,8878,1887,15634,200,86,114
11830,18320,2677,8884,1888,15643,200,86,114
11835,18326,2678,8888,1889,15647,200,86,114
11840,18337,2681,8893,1891,15656,200,86,114
11845,18341,2682,8896,1892,15659,200,86,114
11850,18351,2683,8900,1893,15668,200,86,114
11855,18357,2684,8904,1894,15672,200,86,114
11860,18368,2687,8910,1896,15680,200,86,114
11865,18372,2689,8913,1898,15683,200,86,114
11870,18382,2690,8918,1899,15692,200,86,114
11875,18388,2691,8923,1900,15696,200,86,114
11880,18399,2694,8930,1902,15704,200,86,114
11885,18403,2695,8932,1903,15708,200,86,114
11890,18413,2695,8938,1903,15718,200,86,114
11895,18419,2696,8943,1904,15723,200,86,114
11900,18430,2697,8950,1905,15733,200,86,114
11905,18434,2697,8951,1905,15737,200,86,114
11910,18444,2697,8956,1905,15747,200,86,114
11915,18450,2699,8960,1906,15751,200,86,114
11920,18461,2700,8967,1907,15761,200,86,114
11925,18465,2700,8968,1907,15765,200,86,114
11930,18475,2701,8971,1908,15774,200,86,114
11935,18481,2703,8974,1910,15778,200,86,114
11940,18492,2707,8978,1913,15785,200,86,114
11945,18496,2707,8980,1913,15789,200,86,114
11950,18506,2708,8985,1913,15798,200,86,114
11955,18512,2708,8989,1913,15804,200,86,114
11960,18523,2708,8993,1913,15815,200,86,114
11965,18527,2708,8994,1913,15819,200,86,114
11970,18537,2709,8999,1914,15828,200,86,114
11975,18543,2709,9001,1914,15834,200,86,114
11980,18554,2709,9005,1914,15845,200,86,114
11985,18558,2710,9007,1915,15848,200,86,114
11990,18568,2711,9014,1916,15857,200,86,114
11995,18574,2711,9019,1916,15863,200,86,114
12000,18585,2712,9025,1917,15873,201,87,114
12005,18589,2712,9027,1917,15877,201,87,114
12010,18599,2713,9032,1918,15886,201,87,114
12015,18605,2714,9034,1918,15891,201,87,114
12020,18616,2714,9038,1918,15902,202,87,115
12025,18620,2715,9041,1919,15905,202,87,115
12030,18630,2716,9044,1919,15914,202,87,115
12035,18636,2717,9046,1920,15919,202,87,115
12040,18647,2717,9053,1920,15930,203,87,116
12045,18651,2717,9056,1920,15934,203,87,116
12050,18661,2719,9060,1921,15942,203,87,116
12055,18667,2720,9064,1922,15946,203,87,116
12060,18678,2724,9072,1926,15954,204,88,116
12065,18682,2724,9072,1926,15958,204,88,116
12070,18692,2725,9076,1926,15967,204,88,116
12075,18698,2726,9078,1926,15972,204,88,116
12080,18709,2727,9082,1926,15981,204,88,116
12085,18713,2728,9083,1927,15985,204,88,116
12090,18723,2729,9088,1927,15993,204,88,116
12095,18729,2731,9093,1929,15997,204,88,116
12100,18740,2736,9101,1934,16003,204,88,116
12105,18744,2738,9104,1936,16006,204,88,116
12110,18754,2739,9109,1936,16015,204,88,116
12115,18760,2741,9113,1937,16018,204,88,116
12120,18771,2744,9115,1939,16026,204,88,116
12125,18775,2745,9117,1940,16030,204,88,116
12130,18785,2745,9119,1940,16040,204,88,116
12135,18791,2745,9123,1940,16046,204,88,116
12140,18802,2745,9132,1940,16057,204,88,116
12145,18806,2745,9133,1940,16061,204,88,116
12150,18816,2745,9137,1940,16071,204,88,116
12155,18822,2745,9139,1940,16077,204,88,116
12160,18833,2745,9142,1940,16088,204,88,116
12165,18837,2745,9144,1940,16092,204,88,116
12170,18847,2746,9152,1941,16101,204,88,116
12175,18853,2746,9156,1941,16107,204,88,116
12180,18864,2747,9162,1942,16117,205,89,116
12185,18868,2749,9164,1944,16119,205,89,116
12190,18878,2752,9172,1946,16125,205,89,116
12195,18884,2755,9176,1949,16129,205,89,116
12200,18895,2756,9179,1950,16139,205,89,116
12205,18899,2757,9181,1951,16142,205,89,116
12210,18909,2760,9189,1954,16149,205,89,116
12215,18915,2761,9191,1954,16154,205,89,116
12220,18926,2761,9195,1954,16165,205,89,116
12225,18930,2761,9197,1954,16169,205,89,116
12230,18940,2763,9201,1954,16176,205,89,116
12235,18946,2765,9206,1956,16181,205,89,116
12240,18957,2765,9209,1956,16192,205,89,116
12245,18961,2765,9210,1956,16196,205,89,116
12250,18971,2767,9217,1957,16204,205,89,116
12255,18977,2767,9220,1957,16210,205,89,116
12260,18988,2770,9226,1960,16218,205,89,116
12265,18992,2770,9228,1960,16222,205,89,116
12270,19002,2772,9230,1960,16230,205,89,116
12275,19008,2772,9231,1960,16236,205,89,116
12280,19019,2774,9236,1962,16245,205,89,116
12285,19023,2774,9238,1962,16249,205,89,116
12290,19033,2776,9243,1963,16257,205,89,116
12295,19039,2776,9246,1963,16263,205,89,116
12300,19050,2779,9252,1966,16271,205,89,116
12305,19054,2780,9254,1967,16274,205,89,116
12310,19064,2782,9256,1967,16282,205,89,116
12315,19070,2782,9259,1967,16287,205,89,116
12320,19081,2784,9266,1969,16297,205,89,116
12325,19085,2784,9267,1969,16301,205,89,116
12330,19095,2785,9276,1970,16310,205,89,116
12335,19101,2786,9279,1970,16315,205,89,116
12340,19112,2787,9283,1971,16325,206,89,117
12345,19116,2787,9284,1971,16329,206,89,117
12350,19126,2788,9292,1972,16338,206,89,117
12355,19132,2790,9295,1973,16342,206,89,117
12360,19143,2791,9302,1974,16352,207,90,117
12365,19147,2791,9303,1974,16356,207,90,117
12370,19157,2792,9306,1974,16364,207,90,117
12375,19163,2794,9309,1975,16369,207,90,117
12380,19174,2794,9312,1975,16380,207,90,117
12385,19178,2794,9314,1975,16384,207,90,117
12390,19188,2795,9321,1976,16392,207,90,117
12395,19194,2798,9326,1978,16396,207,90,117
12400,19205,2798,9333,1978,16407,207,90,117
12405,19209,2798,9334,1978,16411,207,90,117
12410,19219,2800,9339,1980,16418,207,90,117
12415,19225,2803,9342,1983,16422,207,90,117
12420,19236,2805,9346,1984,16431,207,90,117
12425,19240,2805,9346,1984,16435,207,90,117
12430,19250,2807,9350,1984,16443,207,90,117
12435,19256,2808,9353,1984,16447,207,90,117
12440,19267,2810,9358,1985,16457,207,90,117
12445,19271,2811,9360,1986,16460,207,90,117
12450,19281,2813,9365,1987,16468,207,90,117
12455,19287,2814,9368,1988,16473,207,90,117
12460,19298,2815,9371,1988,16483,207,90,117
12465,19302,2816,9373,1989,16486,207,90,117
12470,19312,2818,9377,1989,16494,207,90,117
12475,19318,2820,9380,1990,16497,207,90,117
12480,19329,2822,9385,1991,16507,208,91,117
12485,19333,2822,9388,1991,16511,208,91,117
12490,19343,2822,9394,1991,16520,208,91,117
12495,19349,2824,9397,1992,16525,208,91,117
12500,19360,2827,9402,1994,16533,208,91,117
12505,19364,2827,9403,1994,16537,208,91,117
12510,19374,2828,9409,1995,16546,208,91,117
12515,19380,2829,9412,1995,16551,208,91,117
12520,19391,2831,9417,1997,16560,208,91,117
12525,19395,2831,9418,1997,16564,208,91,117
12530,19405,2831,9423,1997,16574,208,91,117
12535,19411,2832,9426,1997,16579,208,91,117
12540,19422,2834,9433,1998,16587,208,91,117
12545,19426,2835,9434,1999,16591,208,91,117
12550,19436,2835,9439,1999,16601,208,91,117
12555,19442,2836,9443,2000,16606,208,91,117
12560,19453,2839,9449,2002,16614,208,91,117
12565,19457,2839,9452,2002,16618,208,91,117
12570,19467,2839,9456,2002,16628,208,91,117
12575,19473,2840,9460,2002,16633,208,91,117
12580,19484,2842,9464,2003,16642,208,91,117
12585,19488,2842,9467,2003,16646,208,91,117
12590,19498,2844,9472,2005,16654,208,91,117
12595,19504,2845,9473,2005,16658,208,91,117
12600,19515,2849,9478,2008,16666,208,91,117
12605,19519,2850,9481,2009,16669,208,91,117
12610,19529,2852,9487,2010,16677,208,91,117
12615,19535,2852,9490,2010,16683,208,91,117
12620,19546,2853,9496,2010,16693,208,91,117
12625,19550,2853,9499,2010,16697,208,91,117
12630,19560,2855,9502,2011,16705,208,91,117
12635,19566,2855,9505,2011,16710,208,91,117
12640,19577,2857,9510,2012,16720,208,91,117
12645,19581,2857,9513,2012,16724,208,91,117
12650,19591,2859,9517,2012,16732,208,91,117
12655,19597,2859,9520,2012,16738,208,91,117
12660,19608,2861,9525,2014,16747,208,91,117
12665,19612,2861,9526,2014,16751,208,91,117
12670,19622,2863,9529,2014,16759,208,91,117
12675,19628,2863,9533,2014,16765,208,91,117
12680,19639,2865,9540,2015,16774,209,91,118
12685,19643,2865,9541,2015,16778,209,91,118
12690,19653,2867,9544,2016,16786,209,91,118
12695,19659,2867,9548,2016,16792,209,91,118
12700,19670,2868,9554,2017,16802,210,91,119
12705,19674,2868,9556,2017,16806,210,91,119
12710,19684,2870,9559,2017,16814,210,91,119
12715,19690,2871,9563,2018,16819,210,91,119
12720,19701,2874,9570,2021,16827,211,92,119
12725,19705,2874,9571,2021,16831,211,92,119
12730,19715,2876,9577,2022,16839,211,92,119
12735,19721,2877,9578,2022,16844,211,92,119
12740,19732,2879,9585,2024,16853,212,93,119
12745,19736,2879,9587,2024,16857,212,93,119
12750,19746,2881,9595,2026,16865,212,93,119
12755,19752,2882,9599,2027,16870,212,93,119
12760,19763,2882,9604,2027,16881,213,94,119
12765,19767,2882,9605,2027,16885,213,94,119
12770,19777,2884,9610,2029,16893,213,94,119
12775,19783,2885,9613,2030,16898,213,94,119
12780,19794,2886,9617,2031,16908,214,94,120
12785,19798,2886,9620,2031,16912,214,94,120
12790,19808,2888,9627,2032,16920,214,94,120
12795,19814,2889,9630,2033,16925,214,94,120
12800,19825,2890,9634,2034,16935,215,94,121
12805,19829,2890,9636,2034,16939,215,94,121
12810,19839,2892,9641,2035,16947,215,94,121
12815,19845,2893,9645,2035,16951,215,94,121
12820,19856,2895,9651,2037,16961,216,95,121
12825,19860,2895,9653,2037,16965,216,95,121
12830,19870,2898,9659,2040,16972,216,95,121
12835,19876,2900,9662,2042,16976,216,95,121
12840,19887,2901,9666,2043,16986,217,95,122
12845,19891,2902,9669,2044,16989,217,95,122
12850,19901,2903,9674,2044,16998,217,95,122
12855,19907,2903,9676,2044,17003,217,95,122
12860,19918,2905,9680,2045,17013,217,95,122
12865,19922,2906,9682,2046,17016,217,95,122
12870,19932,2907,9686,2047,17025,217,95,122
12875,19938,2907,9689,2047,17031,217,95,122
12880,19949,2908,9693,2048,17041,217,95,122
12885,19953,2908,9696,2048,17045,217,95,122
12890,19963,2909,9698,2048,17054,217,95,122
12895,19969,2909,9701,2048,17060,217,95,122
12900,19980,2910,9707,2049,17070,217,95,122
12905,19984,2910,9709,2049,17074,217,95,122
12910,19994,2911,9711,2049,17083,217,95,122
12915,20000,2911,9714,2049,17089,217,95,122
12920,20011,2912,9720,2050,17099,217,95,122
12925,20015,2912,9722,2050,17103,217,95,122
12930,20025,2913,9728,2051,17112,217,95,122
12935,20031,2913,9730,2051,17118,217,95,122
12940,20042,2914,9735,2051,17128,217,95,122
12945,20046,2914,9737,2051,17132,217,95,122
12950,20056,2916,9743,2053,17139,217,95,122
12955,20062,2919,9748,2055,17143,217,95,122
12960,20073,2920,9754,2056,17153,217,95,122
12965,20077,2920,9756,2056,17157,217,95,122
12970,20087,2921,9762,2057,17166,217,95,122
12975,20093,2921,9765,2057,17171,217,95,122
12980,20104,2923,9772,2058,17181,217,95,122
12985,20108,2923,9773,2058,17185,217,95,122
12990,20118,2924,9774,2058,17194,217,95,122
12995,20124,2924,9777,2058,17200,217,95,122
13000,20135,2925,9781,2058,17210,217,95,122
13005,20139,2925,9784,2058,17214,217,95,122
13010,20149,2926,9787,2058,17223,217,95,122
13015,20155,2926,9790,2058,17229,217,95,122
13020,20166,2927,9794,2058,17239,217,95,122
13025,20170,2927,9794,2058,17243,217,95,122
13030,20180,2929,9799,2059,17251,217,95,122
13035,20186,2929,9802,2059,17257,217,95,122
13040,20197,2930,9808,2059,17267,217,95,122
13045,20201,2930,9810,2059,17271,217,95,122
13050,20211,2932,9814,2060,17279,217,95,122
13055,20217,2932,9818,2060,17285,217,95,122
13060,20228,2933,9822,2061,17295,217,95,122
13065,20232,2934,9824,2062,17298,217,95,122
13070,20242,2936,9829,2062,17306,217,95,122
13075,20248,2937,9831,2062,17311,217,95,122
13080,20259,2940,9836,2064,17319,218,96,122
13085,20263,2940,9836,2064,17323,218,96,122
13090,20273,2942,9841,2065,17331,218,96,122
13095,20279,2942,9844,2065,17337,218,96,122
13100,20290,2943,9846,2066,17347,219,96,123
13105,20294,2943,9846,2066,17351,219,96,123
13110,20304,2945,9851,2067,17359,219,96,123
13115,20310,2945,9855,2067,17365,219,96,123
13120,20321,2947,9858,2068,17374,219,96,123
13125,20325,2947,9861,2068,17378,219,96,123
13130,20335,2949,9867,2070,17386,219,96,123
13135,20341,2949,9869,2070,17392,219,96,123
13140,20352,2950,9873,2071,17402,219,96,123
13145,20356,2950,9874,2071,17406,219,96,123
13150,20366,2952,9879,2072,17414,219,96,123
13155,20372,2952,9883,2072,17420,219,96,123
13160,20383,2953,9890,2072,17430,219,96,123
13165,20387,2953,9892,2072,17434,219,96,123
13170,20397,2955,9899,2073,17442,219,96,123
13175,20403,2955,9900,2073,17448,219,96,123
13180,20414,2956,9906,2073,17458,219,96,123
13185,20418,2956,9907,2073,17462,219,96,123
13190,20428,2959,9912,2075,17469,219,96,123
13195,20434,2960,9915,2075,17474,219,96,123
13200,20445,2961,9920,2075,17484,219,96,123
13205,20449,2961,9922,2075,17488,219,96,123
13210,20459,2961,9924,2075,17498,219,96,123
13215,20465,2962,9929,2075,17503,219,96,123
13220,20476,2962,9934,2075,17514,219,96,123
13225,20480,2962,9936,2075,17518,219,96,123
13230,20490,2962,9941,2075,17528,219,96,123
13235,20496,2963,9946,2076,17533,219,96,123
13240,20507,2963,9951,2076,17544,219,96,123
13245,20511,2963,9952,2076,17548,219,96,123
13250,20521,2963,9958,2076,17558,219,96,123
13255,20527,2964,9962,2077,17563,219,96,123
13260,20538,2964,9964,2077,17574,219,96,123
13265,20542,2964,9966,2077,17578,219,96,123
13270,20552,2964,9972,2077,17588,219,96,123
13275,20558,2965,9973,2077,17593,219,96,123
13280,20569,2965,9978,2077,17604,219,96,123
13285,20573,2965,9980,2077,17608,219,96,123
13290,20583,2965,9984,2077,17618,219,96,123
13295,20589,2966,9985,2077,17623,219,96,123
13300,20600,2966,9992,2077,17634,219,96,123
13305,20604,2966,9995,2077,17638,219,96,123
13310,20614,2969,10005,2080,17644,219,96,123
13315,20620,2972,10009,2083,17648,219,96,123
13320,20631,2975,10016,2086,17655,219,96,123
13325,20635,2977,10018,2088,17658,219,96,123
13330,20645,2979,10021,2089,17666,219,96,123
13335,20651,2980,10023,2090,17671,219,96,123
13340,20662,2981,10029,2091,17681,220,96,124
13345,20666,2981,10031,2091,17685,220,96,124
13350,20676,2983,10036,2091,17693,220,96,124
13355,20682,2983,10039,2091,17699,220,96,124
13360,20693,2984,10043,2092,17709,221,96,125
13365,20697,2985,10044,2093,17712,221,96,125
13370,20707,2987,10049,2094,17720,221,96,125
13375,20713,2987,10050,2094,17726,221,96,125
13380,20724,2987,10054,2094,17737,222,96,126
13385,20728,2987,10055,2094,17741,222,96,126
13390,20738,2989,10062,2096,17749,222,96,126
13395,20744,2989,10067,2096,17755,222,96,126
13400,20755,2990,10070,2097,17765,222,96,126
13405,20759,2990,10072,2097,17769,222,96,126
13410,20769,2992,10078,2098,17777,222,96,126
13415,20775,2992,10079,2098,17783,222,96,126
13420,20786,2993,10083,2098,17793,222,96,126
13425,20790,2993,10085,2098,17797,222,96,126
13430,20800,2995,10091,2099,17804,222,96,126
13435,20806,2997,10094,2101,17808,222,96,126
13440,20817,3000,10101,2104,17817,222,96,126
13445,20821,3000,10103,2104,17821,222,96,126
13450,20831,3001,10108,2105,17830,222,96,126
13455,20837,3002,10112,2106,17835,222,96,126
13460,20848,3003,10119,2107,17845,222,96,126
13465,20852,3003,10121,2107,17849,222,96,126
13470,20862,3004,10126,2108,17858,222,96,126
13475,20868,3005,10129,2109,17862,222,96,126
13480,20879,3007,10133,2111,17872,222,96,126
13485,20883,3007,10134,2111,17876,222,96,126
13490,20893,3008,10138,2111,17885,222,96,126
13495,20899,3009,10141,2111,17889,222,96,126
13500,20910,3011,10149,2113,17899,223,97,126
13505,20914,3011,10152,2113,17903,223,97,126
13510,20924,3013,10155,2114,17911,223,97,126
13515,20930,3014,10157,2114,17915,223,97,126
13520,20941,3017,10163,2117,17924,224,97,127
13525,20945,3017,10163,2117,17928,224,97,127
13530,20955,3019,10168,2118,17936,224,97,127
13535,20961,3020,10169,2118,17941,224,97,127
13540,20972,3021,10175,2118,17951,225,98,127
13545,20976,3021,10177,2118,17955,225,98,127
13550,20986,3023,10181,2118,17963,225,98,127
13555,20992,3024,10184,2118,17968,225,98,127
13560,21003,3026,10189,2120,17977,226,99,127
13565,21007,3026,10192,2120,17981,226,99,127
13570,21017,3027,10193,2120,17990,226,99,127
13575,21023,3027,10196,2120,17996,226,99,127
13580,21034,3027,10200,2120,18007,226,99,127
13585,21038,3027,10201,2120,18011,226,99,127
13590,21048,3028,10207,2121,18020,226,99,127
13595,21054,3028,10211,2121,18026,226,99,127
13600,21065,3028,10216,2121,18037,226,99,127
13605,21069,3028,10216,2121,18041,226,99,127
13610,21079,3029,10221,2121,18050,226,99,127
13615,21085,3029,10225,2121,18056,226,99,127
13620,21096,3029,10230,2121,18067,226,99,127
13625,21100,3029,10231,2121,18071,226,99,127
13630,21110,3030,10235,2121,18080,226,99,127
13635,21116,3030,10239,2121,18086,226,99,127
13640,21127,3030,10244,2121,18097,226,99,127
13645,21131,3030,10247,2121,18101,226,99,127
13650,21141,3031,10252,2121,18110,226,99,127
13655,21147,3031,10253,2121,18116,226,99,127
13660,21158,3031,10259,2121,18127,226,99,127
13665,21162,3031,10260,2121,18131,226,99,127
13670,21172,3033,10263,2121,18139,226,99,127
13675,21178,3035,10266,2122,18142,226,99,127
13680,21189,3038,10272,2125,18150,227,99,128
13685,21193,3039,10272,2126,18154,227,99,128
13690,21203,3041,10276,2126,18162,227,99,128
13695,21209,3042,10279,2127,18166,227,99,128
13700,21220,3044,10286,2128,18176,227,99,128
13705,21224,3044,10289,2128,18180,227,99,128
13710,21234,3046,10296,2130,18187,227,99,128
13715,21240,3048,10299,2132,18192,227,99,128
13720,21251,3049,10306,2133,18202,227,99,128
13725,21255,3049,10308,2133,18206,227,99,128
13730,21265,3051,10314,2135,18213,227,99,128
13735,21271,3053,10316,2136,18218,227,99,128
13740,21282,3054,10317,2136,18228,227,99,128
13745,21286,3054,10320,2136,18232,227,99,128
13750,21296,3056,10327,2137,18239,227,99,128
13755,21302,3058,10327,2138,18244,227,99,128
13760,21313,3060,10333,2140,18253,227,99,128
13765,21317,3060,10333,2140,18257,227,99,128
13770,21327,3062,10335,2140,18265,227,99,128
13775,21333,3063,10339,2141,18269,227,99,128
13780,21344,3066,10346,2143,18278,227,99,128
13785,21348,3067,10348,2144,18281,227,99,128
13790,21358,3069,10351,2146,18289,227,99,128
13795,21364,3070,10355,2147,18294,227,99,128
13800,21375,3073,10360,2149,18302,228,100,128
13805,21379,3073,10362,2149,18306,228,100,128
13810,21389,3073,10367,2149,18316,228,100,128
13815,21395,3073,10371,2149,18322,228,100,128
13820,21406,3073,10377,2149,18333,228,100,128
13825,21410,3073,10378,2149,18337,228,100,128
13830,21420,3073,10382,2149,18347,228,100,128
13835,21426,3073,10383,2149,18353,228,100,128
13840,21437,3073,10391,2149,18364,228,100,128
13845,21441,3073,10391,2149,18368,228,100,128
13850,21451,3073,10398,2149,18378,228,100,128
13855,21457,3073,10401,2149,18384,228,100,128
13860,21468,3073,10409,2149,18395,228,100,128
13865,21472,3073,10412,2149,18399,228,100,128
13870,21482,3073,10419,2149,18409,228,100,128
13875,21488,3073,10421,2149,18415,228,100,128
13880,21499,3073,10424,2149,18426,228,100,128
13885,21503,3073,10427,2149,18430,228,100,128
13890,21513,3073,10429,2149,18440,228,100,128
13895,21519,3073,10431,2149,18446,228,100,128
13900,21530,3073,10438,2149,18457,228,100,128
13905,21534,3073,10440,2149,18461,228,100,128
13910,21544,3076,10443,2150,18468,228,100,128
13915,21550,3077,10447,2151,18472,228,100,128
13920,21561,3080,10452,2153,18480,229,100,129
13925,21565,3081,10454,2154,18484,229,100,129
13930,21575,3083,10462,2156,18492,229,100,129
13935,21581,3084,10465,2157,18497,229,100,129
13940,21592,3087,10472,2160,18505,230,100,130
13945,21596,3087,10473,2160,18509,230,100,130
13950,21606,3089,10479,2161,18517,230,100,130
13955,21612,3090,10484,2162,18521,230,100,130
13960,21623,3094,10490,2166,18529,231,100,131
13965,21627,3094,10491,2166,18533,231,100,131
13970,21637,3096,10494,2167,18541,231,100,131
13975,21643,3097,10499,2168,18545,231,100,131
13980,21654,3100,10506,2171,18554,232,100,132
13985,21658,3100,10508,2171,18558,232,100,132
13990,21668,3101,10514,2172,18567,232,100,132
13995,21674,3102,10516,2173,18572,232,100,132
14000,21685,3103,10521,2173,18582,232,100,132
14005,21689,3103,10524,2173,18586,232,100,132
14010,21699,3104,10528,2174,18595,232,100,132
14015,21705,3105,10533,2175,18600,232,100,132
14020,21716,3107,10537,2177,18609,232,100,132
14025,21720,3107,10540,2177,18613,232,100,132
14030,21730,3109,10543,2179,18621,232,100,132
14035,21736,3110,10545,2179,18626,232,100,132
14040,21747,3112,10550,2180,18634,232,100,132
14045,21751,3113,10550,2181,18638,232,100,132
14050,21761,3114,10556,2182,18647,232,100,132
14055,21767,3114,10559,2182,18653,232,100,132
14060,21778,3116,10565,2184,18662,232,100,132
14065,21782,3116,10566,2184,18666,232,100,132
14070,21792,3117,10570,2184,18675,232,100,132
14075,21798,3117,10572,2184,18681,232,100,132
14080,21809,3118,10575,2184,18691,232,100,132
14085,21813,3118,10575,2184,18695,232,100,132
14090,21823,3120,10581,2185,18703,232,100,132
14095,21829,3120,10585,2185,18708,232,100,132
14100,21840,3124,10593,2189,18716,232,100,132
14105,21844,3124,10597,2189,18720,232,100,132
14110,21854,3126,10603,2191,18728,232,100,132
14115,21860,3126,10606,2191,18733,232,100,132
14120,21871,3129,10612,2193,18742,232,100,132
14125,21875,3129,10612,2193,18746,232,100,132
14130,21885,3131,10619,2193,18754,232,100,132
14135,21891,3131,10623,2193,18759,232,100,132
14140,21902,3133,10629,2195,18769,232,100,132
14145,21906,3133,10629,2195,18773,232,100,132
14150,21916,3135,10635,2196,18781,232,100,132
14155,21922,3136,10639,2197,18786,232,100,132
14160,21933,3137,10645,2198,18796,233,101,132
14165,21937,3138,10648,2199,18799,233,101,132
14170,21947,3139,10653,2199,18808,233,101,132
14175,21953,3141,10657,2201,18812,233,101,132
14180,21964,3142,10661,2202,18822,234,102,132
14185,21968,3142,10663,2202,18826,234,102,132
14190,21978,3143,10667,2203,18835,234,102,132
14195,21984,3144,10671,2204,18840,234,102,132
14200,21995,3144,10675,2204,18851,234,102,132
14205,21999,3144,10676,2204,18855,234,102,132
14210,22009,3145,10681,2204,18864,234,102,132
14215,22015,3147,10685,2205,18868,234,102,132
14220,22026,3148,10689,2206,18878,234,102,132
14225,22030,3148,10691,2206,18882,234,102,132
14230,22040,3149,10695,2206,18891,234,102,132
14235,22046,3150,10697,2206,18896,234,102,132
14240,22057,3151,10703,2207,18906,234,102,132
14245,22061,3151,10705,2207,18910,234,102,132
14250,22071,3152,10709,2207,18919,234,102,132
14255,22077,3153,10710,2207,18924,234,102,132
14260,22088,3154,10715,2208,18934,234,102,132
14265,22092,3154,10718,2208,18938,234,102,132
14270,22102,3157,10721,2210,18945,234,102,132
14275,22108,3158,10724,2211,18950,234,102,132
14280,22119,3160,10731,2212,18959,234,102,132
14285,22123,3160,10733,2212,18963,234,102,132
14290,22133,3161,10736,2213,18972,234,102,132
14295,22139,3161,10738,2213,18977,234,102,132
14300,22150,3163,10741,2214,18987,234,102,132
14305,22154,3163,10742,2214,18991,234,102,132
14310,22164,3164,10747,2214,19000,234,102,132
14315,22170,3164,10749,2214,19006,234,102,132
14320,22181,3166,10754,2215,19015,234,102,132
14325,22185,3166,10756,2215,19019,234,102,132
14330,22195,3167,10759,2215,19028,234,102,132
14335,22201,3167,10761,2215,19034,234,102,132
14340,22212,3169,10768,2216,19043,234,102,132
14345,22216,3169,10768,2216,19047,234,102,132
14350,22226,3170,10772,2216,19056,234,102,132
14355,22232,3170,10776,2216,19061,234,102,132
14360,22243,3173,10779,2218,19070,234,102,132
14365,22247,3173,10781,2218,19074,234,102,132
14370,22257,3174,10785,2219,19083,234,102,132
14375,22263,3174,10787,2219,19089,234,102,132
14380,22274,3175,10793,2220,19099,234,102,132
14385,22278,3175,10796,2220,19103,234,102,132
14390,22288,3177,10801,2222,19110,234,102,132
14395,22294,3179,10801,2223,19115,234,102,132
14400,22305,3181,10805,2225,19124,235,102,133
14405,22309,3182,10807,2226,19127,235,102,133
14410,22319,3184,10812,2226,19135,235,102,133
14415,22325,3184,10816,2226,19141,235,102,133
14420,22336,3185,10821,2227,19151,236,103,133
14425,22340,3185,10822,2227,19155,236,103,133
14430,22350,3187,10826,2227,19163,236,103,133
14435,22356,3187,10828,2227,19169,236,103,133
14440,22367,3187,10832,2227,19180,237,104,133
14445,22371,3188,10834,2228,19183,237,104,133
14450,22381,3190,10841,2229,19191,237,104,133
14455,22387,3190,10844,2229,19197,237,104,133
14460,22398,3193,10852,2232,19205,238,105,133
14465,22402,3193,10854,2232,19209,238,105,133
14470,22412,3195,10859,2232,19217,238,105,133
14475,22418,3195,10861,2232,19223,238,105,133
14480,22429,3197,10867,2234,19232,239,105,134
14485,22433,3197,10868,2234,19236,239,105,134
14490,22443,3199,10873,2234,19244,239,105,134
14495,22449,3199,10877,2234,19250,239,105,134
14500,22460,3201,10882,2236,19259,240,105,135
14505,22464,3202,10883,2237,19262,240,105,135
14510,22474,3204,10888,2238,19269,240,105,135
14515,22480,3206,10890,2239,19274,240,105,135
14520,22491,3207,10894,2239,19284,241,106,135
14525,22495,3208,10895,2240,19287,241,106,135
14530,22505,3210,10899,2241,19295,241,106,135
14535,22511,3212,10903,2242,19299,241,106,135
14540,22522,3213,10908,2242,19308,241,106,135
14545,22526,3214,10908,2243,19312,241,106,135
14550,22536,3215,10912,2244,19321,241,106,135
14555,22542,3215,10917,2244,19326,241,106,135
14560,22553,3217,10923,2246,19335,241,106,135
14565,22557,3218,10924,2247,19339,241,106,135
14570,22567,3219,10930,2247,19348,241,106,135
14575,22573,3219,10934,2247,19353,241,106,135
14580,22584,3221,10940,2249,19363,241,106,135
14585,22588,3221,10944,2249,19367,241,106,135
14590,22598,3222,10947,2250,19376,241,106,135
14595,22604,3222,10950,2250,19381,241,106,135
14600,22615,3224,10953,2251,19391,241,106,135
14605,22619,3224,10955,2251,19395,241,106,135
14610,22629,3225,10962,2251,19404,241,106,135
14615,22635,3225,10966,2251,19409,241,106,135
14620,22646,3227,10972,2252,19419,241,106,135
14625,22650,3227,10974,2252,19423,241,106,135
14630,22660,3229,10976,2252,19431,241,106,135
14635,22666,3229,10981,2252,19436,241,106,135
14640,22677,3232,10987,2255,19445,242,106,136
14645,22681,3232,10988,2255,19449,242,106,136
14650,22691,3233,10993,2255,19457,242,106,136
14655,22697,3235,10995,2256,19461,242,106,136
14660,22708,3238,11001,2259,19470,243,106,137
14665,22712,3238,11003,2259,19474,243,106,137
14670,22722,3240,11007,2260,19482,243,106,137
14675,22728,3241,11009,2261,19487,243,106,137
14680,22739,3244,11015,2263,19495,244,107,137
14685,22743,3244,11017,2263,19499,244,107,137
14690,22753,3246,11022,2265,19506,244,107,137
14695,22759,3249,11026,2268,19509,244,107,137
14700,22770,3251,11032,2269,19518,244,107,137
14705,22774,3252,11033,2270,19522,244,107,137
14710,22784,3253,11037,2271,19531,244,107,137
14715,22790,3254,11040,2272,19536,244,107,137
14720,22801,3255,11046,2273,19546,244,107,137
14725,22805,3255,11048,2273,19550,244,107,137
14730,22815,3256,11053,2273,19559,244,107,137
14735,22821,3257,11056,2273,19564,244,107,137
14740,22832,3259,11062,2274,19573,244,107,137
14745,22836,3259,11065,2274,19577,244,107,137
14750,22846,3261,11067,2275,19585,244,107,137
14755,22852,3262,11071,2275,19590,244,107,137
14760,22863,3264,11078,2277,19599,244,107,137
14765,22867,3264,11080,2277,19603,244,107,137
14770,22877,3265,11086,2278,19612,244,107,137
14775,22883,3266,11091,2279,19617,244,107,137
14780,22894,3268,11096,2281,19626,244,107,137
14785,22898,3269,11098,2282,19629,244,107,137
14790,22908,3270,11104,2283,19638,244,107,137
14795,22914,3271,11106,2283,19643,244,107,137
14800,22925,3272,11112,2284,19653,245,108,137
14805,22929,3273,11114,2285,19656,245,108,137
14810,22939,3275,11120,2287,19663,245,108,137
14815,22945,3277,11124,2289,19667,245,108,137
14820,22956,3281,11131,2292,19675,246,109,137
14825,22960,3281,11133,2292,19679,246,109,137
14830,22970,3282,11135,2293,19688,246,109,137
14835,22976,3282,11138,2293,19693,246,109,137
14840,22987,3284,11145,2295,19703,246,109,137
14845,22991,3284,11147,2295,19707,246,109,137
14850,23001,3285,11151,2295,19716,246,109,137
14855,23007,3285,11153,2295,19722,246,109,137
14860,23018,3286,11161,2296,19732,246,109,137
14865,23022,3286,11164,2296,19736,246,109,137
14870,23032,3287,11168,2296,19745,246,109,137
14875,23038,3287,11171,2296,19750,246,109,137
14880,23049,3289,11175,2298,19760,246,109,137
14885,23053,3289,11177,2298,19764,246,109,137
14890,23063,3290,11182,2299,19773,246,109,137
14895,23069,3291,11184,2299,19778,246,109,137
14900,23080,3292,11190,2300,19788,246,109,137
14905,23084,3292,11190,2300,19792,246,109,137
14910,23094,3292,11196,2300,19802,246,109,137
14915,23100,3293,11199,2300,19807,246,109,137
14920,23111,3295,11207,2301,19816,246,109,137
14925,23115,3295,11208,2301,19820,246,109,137
14930,23125,3297,11213,2302,19828,246,109,137
14935,23131,3298,11214,2302,19833,246,109,137
14940,23142,3300,11219,2304,19842,246,109,137
14945,23146,3300,11221,2304,19846,246,109,137
14950,23156,3301,11226,2305,19855,246,109,137
14955,23162,3302,11230,2305,19860,246,109,137
14960,23173,3302,11234,2305,19871,247,109,138
14965,23177,3302,11235,2305,19875,247,109,138
14970,23187,3303,11238,2306,19884,247,109,138
14975,23193,3304,11240,2307,19889,247,109,138
14980,23204,3304,11243,2307,19900,248,109,139
14985,23208,3304,11245,2307,19904,248,109,139
14990,23218,3307,11252,2310,19911,248,109,139
14995,23224,3308,11256,2310,19915,248,109,139
15000,23235,3309,11259,2311,19926,249,109,140
15005,23239,3309,11259,2311,19930,249,109,140
15010,23249,3311,11261,2311,19938,249,109,140
15015,23255,3311,11265,2311,19944,249,109,140
15020,23266,3313,11273,2312,19953,249,109,140
15025,23270,3314,11276,2313,19956,249,109,140
15030,23280,3316,11282,2315,19964,249,109,140
15035,23286,3316,11286,2315,19970,249,109,140
15040,23297,3317,11291,2316,19980,249,109,140
15045,23301,3317,11294,2316,19984,249,109,140
15050,23311,3319,11296,2316,19992,249,109,140
15055,23317,3319,11297,2316,19998,249,109,140
15060,23328,3320,11304,2317,20008,249,109,140
15065,23332,3320,11307,2317,20012,249,109,140
15070,23342,3322,11312,2318,20020,249,109,140
15075,23348,3322,11315,2318,20026,249,109,140
15080,23359,3323,11319,2318,20036,249,109,140
15085,23363,3323,11321,2318,20040,249,109,140
15090,23373,3325,11324,2319,20048,249,109,140
15095,23379,3325,11325,2319,20054,249,109,140
15100,23390,3327,11331,2320,20063,249,109,140
15105,23394,3327,11332,2320,20067,249,109,140
15110,23404,3330,11335,2322,20074,249,109,140
15115,23410,3331,11338,2323,20079,249,109,140
15120,23421,3333,11345,2324,20086,249,109,140
15125,23425,3336,11346,2327,20089,249,109,140
15130,23435,3339,11353,2330,20095,249,109,140
15135,23441,3341,11357,2331,20100,249,109,140
15140,23452,3341,11363,2331,20111,250,109,141
15145,23456,3341,11364,2331,20115,250,109,141
15150,23466,3342,11367,2331,20124,250,109,141
15155,23472,3343,11370,2332,20129,250,109,141
15160,23483,3343,11376,2332,20140,251,110,141
15165,23487,3343,11378,2332,20144,251,110,141
15170,23497,3344,11384,2332,20153,251,110,141
15175,23503,3345,11386,2333,20158,251,110,141
15180,23514,3345,11392,2333,20169,252,110,142
15185,23518,3345,11395,2333,20173,252,110,142
15190,23528,3346,11400,2333,20182,252,110,142
15195,23534,3347,11403,2333,20187,252,110,142
15200,23545,3349,11409,2335,20195,253,111,142
15205,23549,3350,11411,2336,20199,253,111,142
15210,23559,3351,11418,2337,20208,253,111,142
15215,23565,3352,11421,2337,20213,253,111,142
15220,23576,3354,11424,2338,20222,254,111,143
15225,23580,3354,11425,2338,20226,254,111,143
15230,23590,3355,11430,2339,20235,254,111,143
15235,23596,3356,11435,2340,20240,254,111,143
15240,23607,3358,11439,2342,20249,255,112,143
15245,23611,3358,11441,2342,20253,255,112,143
15250,23621,3360,11446,2342,20261,255,112,143
15255,23627,3360,11448,2342,20267,255,112,143
15260,23638,3361,11454,2343,20277,255,112,143
15265,23642,3361,11457,2343,20281,255,112,143
15270,23652,3363,11462,2344,20289,255,112,143
15275,23658,3363,11463,2344,20295,255,112,143
15280,23669,3363,11468,2344,20306,255,112,143
15285,23673,3363,11470,2344,20310,255,112,143
15290,23683,3365,11473,2344,20318,255,112,143
15295,23689,3365,11475,2344,20324,255,112,143
15300,23700,3365,11481,2344,20335,255,112,143
15305,23704,3365,11482,2344,20339,255,112,143
15310,23714,3367,11488,2345,20347,255,112,143
15315,23720,3367,11491,2345,20352,255,112,143
15320,23731,3368,11495,2346,20363,255,112,143
15325,23735,3368,11495,2346,20367,255,112,143
15330,23745,3370,11500,2347,20375,255,112,143
15335,23751,3370,11502,2347,20381,255,112,143
15340,23762,3370,11506,2347,20392,255,112,143
15345,23766,3370,11507,2347,20396,255,112,143
15350,23776,3372,11508,2347,20404,255,112,143
15355,23782,3373,11510,2347,20408,255,112,143
15360,23793,3375,11514,2349,20417,256,112,144
15365,23797,3377,11517,2351,20420,256,112,144
15370,23807,3379,11521,2352,20428,256,112,144
15375,23813,3380,11526,2353,20432,256,112,144
15380,23824,3383,11534,2356,20440,256,112,144
15385,23828,3384,11535,2357,20444,256,112,144
15390,23838,3386,11543,2358,20451,256,112,144
15395,23844,3388,11545,2360,20456,256,112,144
15400,23855,3389,11551,2361,20465,256,112,144
15405,23859,3391,11553,2363,20468,256,112,144
15410,23869,3393,11559,2365,20476,256,112,144
15415,23875,3394,11564,2366,20480,256,112,144
15420,23886,3397,11571,2368,20488,256,112,144
15425,23890,3398,11571,2369,20492,256,112,144
15430,23900,3399,11575,2370,20501,256,112,144
15435,23906,3399,11580,2370,20507,256,112,144
15440,23917,3400,11586,2371,20517,256,112,144
15445,23921,3400,11589,2371,20521,256,112,144
15450,23931,3401,11594,2371,20530,256,112,144
15455,23937,3401,11598,2371,20536,256,112,144
15460,23948,3402,11604,2372,20546,256,112,144
15465,23952,3402,11605,2372,20550,256,112,144
15470,23962,3404,11609,2372,20558,256,112,144
15475,23968,3404,11611,2372,20564,256,112,144
15480,23979,3406,11615,2374,20572,257,112,145
15485,23983,3407,11618,2375,20576,257,112,145
15490,23993,3409,11626,2376,20584,257,112,145
15495,23999,3411,11630,2378,20588,257,112,145
15500,24010,3411,11634,2378,20598,257,112,145
15505,24014,3412,11635,2379,20602,257,112,145
15510,24024,3414,11641,2380,20610,257,112,145
15515,24030,3416,11645,2381,20614,257,112,145
15520,24041,3418,11653,2383,20622,257,112,145
15525,24045,3420,11656,2385,20625,257,112,145
15530,24055,3423,11659,2386,20632,257,112,145
15535,24061,3424,11660,2387,20637,257,112,145
15540,24072,3425,11664,2388,20646,257,112,145
15545,24076,3426,11665,2389,20650,257,112,145
15550,24086,3428,11670,2389,20658,257,112,145
15555,24092,3428,11671,2389,20664,257,112,145
15560,24103,3429,11677,2390,20674,257,112,145
15565,24107,3429,11679,2390,20678,257,112,145
15570,24117,3431,11684,2391,20686,257,112,145
15575,24123,3431,11685,2391,20692,257,112,145
15580,24134,3432,11690,2391,20702,257,112,145
15585,24138,3432,11691,2391,20706,257,112,145
15590,24148,3434,11695,2392,20714,257,112,145
15595,24154,3434,11697,2392,20720,257,112,145
15600,24165,3435,11700,2392,20730,258,112,146
15605,24169,3435,11700,2392,20734,258,112,146
15610,24179,3436,11707,2393,20743,258,112,146
15615,24185,3436,11707,2393,20749,258,112,146
15620,24196,3439,11715,2396,20757,258,112,146
15625,24200,3439,11716,2396,20761,258,112,146
15630,24210,3439,11720,2396,20771,258,112,146
15635,24216,3439,11723,2396,20777,258,112,146
15640,24227,3441,11728,2398,20786,258,112,146
15645,24231,3441,11729,2398,20790,258,112,146
15650,24241,3442,11732,2399,20799,258,112,146
15655,24247,3442,11735,2399,20805,258,112,146
15660,24258,3443,11741,2400,20815,258,112,146
15665,24262,3443,11742,2400,20819,258,112,146
15670,24272,3443,11748,2400,20829,258,112,146
15675,24278,3443,11750,2400,20835,258,112,146
15680,24289,3443,11754,2400,20846,258,112,146
15685,24293,3443,11755,2400,20850,258,112,146
15690,24303,3443,11763,2400,20860,258,112,146
15695,24309,3443,11767,2400,20866,258,112,146
15700,24320,3443,11771,2400,20877,258,112,146
15705,24324,3443,11774,2400,20881,258,112,146
15710,24334,3445,11781,2401,20889,258,112,146
15715,24340,3446,11783,2402,20893,258,112,146
15720,24351,3449,11788,2405,20902,259,112,147
15725,24355,3449,11788,2405,20906,259,112,147
15730,24365,3450,11794,2406,20915,259,112,147
15735,24371,3450,11798,2406,20921,259,112,147
15740,24382,3451,11806,2407,20931,260,113,147
15745,24386,3451,11808,2407,20935,260,113,147
15750,24396,3452,11814,2408,20944,260,113,147
15755,24402,3452,11817,2408,20950,260,113,147
15760,24413,3452,11819,2408,20961,261,114,147
15765,24417,3452,11822,2408,20965,261,114,147
15770,24427,3453,11824,2408,20974,261,114,147
15775,24433,3453,11826,2408,20980,261,114,147
15780,24444,3453,11831,2408,20991,262,115,147
15785,24448,3453,11833,2408,20995,262,115,147
15790,24458,3454,11836,2408,21004,262,115,147
15795,24464,3454,11839,2408,21010,262,115,147
15800,24475,3454,11846,2408,21021,262,115,147
15805,24479,3454,11846,2408,21025,262,115,147
15810,24489,3455,11850,2409,21034,262,115,147
15815,24495,3455,11855,2409,21040,262,115,147
15820,24506,3455,11863,2409,21051,262,115,147
15825,24510,3455,11864,2409,21055,262,115,147
15830,24520,3458,11869,2411,21062,262,115,147
15835,24526,3459,11873,2411,21067,262,115,147
15840,24537,3461,11878,2412,21076,262,115,147
15845,24541,3461,11880,2412,21080,262,115,147
15850,24551,3463,11886,2413,21088,262,115,147
15855,24557,3463,11889,2413,21093,262,115,147
15860,24568,3466,11892,2416,21102,262,115,147
15865,24572,3466,11895,2416,21106,262,115,147
15870,24582,3468,11899,2417,21114,262,115,147
15875,24588,3468,11901,2417,21120,262,115,147
15880,24599,3470,11905,2419,21129,262,115,147
15885,24603,3470,11907,2419,21133,262,115,147
15890,24613,3472,11911,2420,21141,262,115,147
15895,24619,3472,11914,2420,21147,262,115,147
15900,24630,3473,11918,2420,21157,263,116,147
15905,24634,3473,11918,2420,21161,263,116,147
15910,24644,3475,11922,2420,21169,263,116,147
15915,24650,3475,11927,2420,21175,263,116,147
15920,24661,3476,11931,2420,21185,263,116,147
15925,24665,3476,11931,2420,21189,263,116,147
15930,24675,3478,11935,2420,21197,263,116,147
15935,24681,3478,11937,2420,21203,263,116,147
15940,24692,3479,11941,2420,21213,263,116,147
15945,24696,3479,11944,2420,21217,263,116,147
15950,24706,3483,11951,2423,21223,263,116,147
15955,24712,3484,11954,2424,21228,263,116,147
15960,24723,3486,11961,2426,21236,263,116,147
15965,24727,3487,11963,2427,21240,263,116,147
15970,24737,3488,11968,2427,21249,263,116,147
15975,24743,3489,11970,2428,21254,263,116,147
15980,24754,3490,11977,2428,21263,263,116,147
15985,24758,3492,11979,2430,21266,263,116,147
15990,24768,3493,11982,2431,21275,263,116,147
15995,24774,3494,11984,2431,21280,263,116,147
16000,24785,3495,11991,2431,21289,263,116,147
16005,24789,3497,11995,2433,21292,263,116,147
16010,24799,3498,11999,2434,21301,263,116,147
16015,24805,3499,12002,2435,21306,263,116,147
16020,24816,3500,12009,2436,21316,263,116,147
16025,24820,3500,12012,2436,21320,263,116,147
16030,24830,3502,12017,2437,21328,263,116,147
16035,24836,3503,12021,2438,21332,263,116,147
16040,24847,3504,12026,2439,21343,264,117,147
16045,24851,3505,12030,2440,21346,264,117,147
16050,24861,3507,12033,2441,21354,264,117,147
16055,24867,3508,12037,2441,21358,264,117,147
16060,24878,3509,12041,2442,21369,265,117,148
16065,24882,3509,12041,2442,21373,265,117,148
16070,24892,3511,12046,2443,21381,265,117,148
16075,24898,3512,12046,2443,21386,265,117,148
16080,24909,3513,12054,2444,21396,266,117,149
16085,24913,3513,12056,2444,21400,266,117,149
16090,24923,3514,12059,2445,21409,266,117,149
16095,24929,3514,12061,2445,21415,266,117,149
16100,24940,3515,12066,2446,21423,267,118,149
16105,24944,3517,12067,2448,21427,267,118,149
16110,24954,3519,12073,2450,21435,267,118,149
16115,24960,3519,12076,2450,21441,267,118,149
16120,24971,3521,12081,2452,21448,268,118,150
16125,24975,3524,12082,2455,21451,268,118,150
16130,24985,3525,12084,2455,21460,268,118,150
16135,24991,3525,12087,2455,21466,268,118,150
16140,25002,3527,12089,2456,21475,269,118,151
16145,25006,3528,12090,2457,21478,269,118,151
16150,25016,3529,12091,2457,21487,269,118,151
16155,25022,3530,12093,2458,21492,269,118,151
16160,25033,3530,12098,2458,21503,269,118,151
16165,25037,3531,12100,2459,21506,269,118,151
16170,25047,3532,12106,2459,21515,269,118,151
16175,25053,3533,12108,2460,21520,269,118,151
16180,25064,3533,12113,2460,21531,269,118,151
16185,25068,3533,12114,2460,21535,269,118,151
16190,25078,3535,12119,2461,21543,269,118,151
16195,25084,3536,12123,2462,21548,269,118,151
16200,25095,3536,12128,2462,21558,269,118,151
16205,25099,3537,12130,2463,21562,269,118,151
16210,25109,3539,12135,2464,21569,269,118,151
16215,25115,3541,12138,2466,21574,269,118,151
16220,25126,3542,12146,2467,21583,269,118,151
16225,25130,3544,12147,2469,21586,269,118,151
16230,25140,3546,12151,2470,21593,269,118,151
16235,25146,3549,12154,2472,21597,269,118,151
16240,25157,3550,12159,2473,21607,269,118,151
16245,25161,3550,12162,2473,21611,269,118,151
16250,25171,3552,12168,2474,21619,269,118,151
16255,25177,3553,12172,2475,21624,269,118,151
16260,25188,3554,12176,2476,21634,269,118,151
16265,25192,3554,12177,2476,21638,269,118,151
16270,25202,3555,12181,2477,21647,269,118,151
16275,25208,3555,12184,2477,21653,269,118,151
16280,25219,3556,12189,2478,21663,270,119,151
16285,25223,3556,12192,2478,21667,270,119,151
16290,25233,3556,12197,2478,21677,270,119,151
16295,25239,3556,12198,2478,21683,270,119,151
16300,25250,3558,12205,2480,21692,271,119,152
16305,25254,3558,12206,2480,21696,271,119,152
16310,25264,3558,12211,2480,21706,271,119,152
16315,25270,3558,12213,2480,21712,271,119,152
16320,25281,3559,12219,2480,21722,272,119,153
16325,25285,3559,12219,2480,21726,272,119,153
16330,25295,3559,12222,2480,21736,272,119,153
16335,25301,3559,12223,2480,21742,272,119,153
16340,25312,3560,12227,2481,21752,273,120,153
16345,25316,3560,12231,2481,21756,273,120,153
16350,25326,3560,12234,2481,21766,273,120,153
16355,25332,3560,12236,2481,21772,273,120,153
16360,25343,3562,12243,2482,21781,274,120,154
16365,25347,3562,12243,2482,21785,274,120,154
16370,25357,3563,12249,2483,21794,274,120,154
16375,25363,3565,12251,2484,21798,274,120,154
16380,25374,3567,12256,2485,21805,275,120,155
16385,25378,3569,12256,2487,21809,275,120,155
16390,25388,3571,12261,2488,21817,275,120,155
16395,25394,3571,12263,2488,21823,275,120,155
16400,25405,3572,12268,2488,21833,275,120,155
16405,25409,3572,12271,2488,21837,275,120,155
16410,25419,3574,12274,2488,21845,275,120,155
16415,25425,3574,12275,2488,21851,275,120,155
16420,25436,3575,12280,2488,21861,275,120,155
16425,25440,3575,12281,2488,21865,275,120,155
16430,25450,3577,12284,2489,21873,275,120,155
16435,25456,3577,12287,2489,21879,275,120,155
16440,25467,3578,12290,2489,21889,275,120,155
16445,25471,3578,12293,2489,21893,275,120,155
16450,25481,3580,12300,2490,21901,275,120,155
16455,25487,3580,12300,2490,21907,275,120,155
16460,25498,3581,12305,2491,21917,275,120,155
16465,25502,3581,12306,2491,21921,275,120,155
16470,25512,3583,12312,2491,21929,275,120,155
16475,25518,3583,12314,2491,21935,275,120,155
16480,25529,3584,12319,2491,21945,275,120,155
16485,25533,3584,12322,2491,21949,275,120,155
16490,25543,3586,12326,2492,21957,275,120,155
16495,25549,3588,12328,2493,21961,275,120,155
16500,25560,3591,12333,2495,21968,276,121,155
16505,25564,3593,12334,2497,21971,276,121,155
16510,25574,3595,12338,2498,21979,276,121,155
16515,25580,3596,12339,2498,21984,276,121,155
16520,25591,3597,12347,2499,21994,277,122,155
16525,25595,3599,12349,2501,21996,277,122,155
16530,25605,3601,12353,2502,22003,277,122,155
16535,25611,3604,12357,2505,22007,277,122,155
16540,25622,3604,12362,2505,22017,278,122,156
16545,25626,3606,12364,2507,22020,278,122,156
16550,25636,3608,12371,2509,22028,278,122,156
16555,25642,3609,12375,2510,22033,278,122,156
16560,25653,3609,12381,2510,22043,279,123,156
16565,25657,3610,12384,2511,22047,279,123,156
16570,25667,3611,12389,2511,22056,279,123,156
16575,25673,3611,12392,2511,22062,279,123,156
16580,25684,3612,12400,2512,22072,279,123,156
16585,25688,3612,12403,2512,22076,279,123,156
16590,25698,3613,12407,2512,22085,279,123,156
16595,25704,3613,12411,2512,22091,279,123,156
16600,25715,3614,12418,2513,22101,279,123,156
16605,25719,3614,12419,2513,22105,279,123,156
16610,25729,3615,12424,2513,22114,279,123,156
16615,25735,3615,12427,2513,22120,279,123,156
16620,25746,3616,12428,2513,22130,279,123,156
16625,25750,3616,12429,2513,22134,279,123,156
16630,25760,3617,12433,2513,22143,279,123,156
16635,25766,3618,12436,2514,22148,279,123,156
16640,25777,3621,12441,2517,22156,279,123,156
16645,25781,3621,12444,2517,22160,279,123,156
16650,25791,3623,12451,2519,22168,279,123,156
16655,25797,3624,12454,2519,22173,279,123,156
16660,25808,3626,12462,2521,22181,279,123,156
16665,25812,3627,12465,2522,22185,279,123,156
16670,25822,3628,12468,2522,22193,279,123,156
16675,25828,3630,12470,2523,22197,279,123,156
16680,25839,3635,12477,2527,22203,280,123,157
16685,25843,3636,12478,2528,22207,280,123,157
16690,25853,3637,12483,2528,22216,280,123,157
16695,25859,3637,12486,2528,22222,280,123,157
16700,25870,3637,12490,2528,22233,281,123,158
16705,25874,3637,12492,2528,22237,281,123,158
16710,25884,3638,12494,2528,22246,281,123,158
16715,25890,3638,12497,2528,22252,281,123,158
16720,25901,3638,12502,2528,22263,281,123,158
16725,25905,3638,12504,2528,22267,281,123,158
16730,25915,3639,12508,2528,22276,281,123,158
16735,25921,3639,12512,2528,22282,281,123,158
16740,25932,3639,12518,2528,22293,281,123,158
16745,25936,3639,12519,2528,22297,281,123,158
16750,25946,3640,12523,2528,22306,281,123,158
16755,25952,3640,12526,2528,22312,281,123,158
16760,25963,3642,12532,2530,22320,281,123,158
16765,25967,3643,12534,2531,22324,281,123,158
16770,25977,3644,12538,2532,22333,281,123,158
16775,25983,3644,12542,2532,22339,281,123,158
16780,25994,3646,12546,2533,22347,281,123,158
16785,25998,3647,12550,2534,22351,281,123,158
16790,26008,3649,12553,2535,22359,281,123,158
16795,26014,3650,12558,2536,22363,281,123,158
16800,26025,3653,12564,2538,22371,281,123,158
16805,26029,3654,12565,2539,22375,281,123,158
16810,26039,3655,12571,2540,22383,281,123,158
16815,26045,3657,12575,2542,22387,281,123,158
16820,26056,3658,12582,2543,22398,281,123,158
16825,26060,3658,12583,2543,22402,281,123,158
16830,26070,3659,12587,2543,22410,281,123,158
16835,26076,3662,12590,2546,22414,281,123,158
16840,26087,3662,12594,2546,22425,281,123,158
16845,26091,3664,12597,2548,22427,281,123,158
16850,26101,3665,12601,2548,22436,281,123,158
16855,26107,3666,12604,2549,22441,281,123,158
16860,26118,3666,12608,2549,22452,281,123,158
16865,26122,3667,12609,2550,22455,281,123,158
16870,26132,3670,12613,2551,22462,281,123,158
16875,26138,3671,12614,2551,22466,281,123,158
16880,26149,3674,12619,2553,22475,281,123,158
16885,26153,3674,12621,2553,22479,281,123,158
16890,26163,3676,12625,2554,22487,281,123,158
16895,26169,3677,12627,2554,22492,281,123,158
16900,26180,3679,12633,2555,22499,281,123,158
16905,26184,3681,12635,2557,22503,281,123,158
16910,26194,3685,12641,2559,22508,281,123,158
16915,26200,3687,12646,2561,22512,281,123,158
16920,26211,3691,12652,2565,22520,282,124,158
16925,26215,3691,12656,2565,22524,282,124,158
16930,26225,3691,12661,2565,22534,282,124,158
16935,26231,3691,12664,2565,22540,282,124,158
16940,26242,3691,12671,2565,22551,282,124,158
16945,26246,3691,12673,2565,22555,282,124,158
16950,26256,3691,12677,2565,22565,282,124,158
16955,26262,3691,12680,2565,22571,282,124,158
16960,26273,3691,12687,2565,22582,282,124,158
16965,26277,3691,12688,2565,22586,282,124,158
16970,26287,3691,12693,2565,22596,282,124,158
16975,26293,3691,12696,2565,22602,282,124,158
16980,26304,3691,12703,2565,22613,282,124,158
16985,26308,3691,12704,2565,22617,282,124,158
16990,26318,3691,12709,2565,22627,282,124,158
16995,26324,3691,12711,2565,22633,282,124,158
17000,26335,3691,12718,2565,22644,282,124,158
17005,26339,3691,12720,2565,22648,282,124,158
17010,26349,3691,12725,2565,22658,282,124,158
17015,26355,3691,12729,2565,22664,282,124,158
17020,26366,3691,12733,2565,22675,282,124,158
17025,26370,3691,12735,2565,22679,282,124,158
17030,26380,3694,12739,2567,22685,282,124,158
17035,26386,3696,12741,2569,22690,282,124,158
17040,26397,3698,12746,2571,22699,283,125,158
17045,26401,3698,12749,2571,22703,283,125,158
17050,26411,3701,12755,2573,22710,283,125,158
17055,26417,3701,12758,2573,22715,283,125,158
17060,26428,3703,12765,2574,22725,283,125,158
17065,26432,3703,12768,2574,22729,283,125,158
17070,26442,3704,12771,2575,22738,283,125,158
17075,26448,3704,12774,2575,22743,283,125,158
17080,26459,3706,12781,2576,22753,283,125,158
17085,26463,3706,12781,2576,22757,283,125,158
17090,26473,3707,12785,2576,22766,283,125,158
17095,26479,3707,12789,2576,22771,283,125,158
17100,26490,3709,12795,2578,22781,283,125,158
17105,26494,3709,12798,2578,22785,283,125,158
17110,26504,3710,12802,2579,22794,283,125,158
17115,26510,3710,12806,2579,22799,283,125,158
17120,26521,3712,12809,2580,22809,283,125,158
17125,26525,3712,12811,2580,22813,283,125,158
17130,26535,3713,12819,2581,22822,283,125,158
17135,26541,3713,12820,2581,22828,283,125,158
17140,26552,3714,12828,2582,22838,283,125,158
17145,26556,3714,12829,2582,22842,283,125,158
17150,26566,3715,12832,2582,22851,283,125,158
17155,26572,3716,12835,2583,22856,283,125,158
17160,26583,3718,12839,2585,22865,284,125,159
17165,26587,3718,12841,2585,22869,284,125,159
17170,26597,3719,12847,2585,22878,284,125,159
17175,26603,3719,12849,2585,22884,284,125,159
17180,26614,3719,12854,2585,22895,284,125,159
17185,26618,3719,12857,2585,22899,284,125,159
17190,26628,3720,12863,2585,22908,284,125,159
17195,26634,3720,12864,2585,22914,284,125,159
17200,26645,3720,12870,2585,22925,284,125,159
17205,26649,3720,12872,2585,22929,284,125,159
17210,26659,3721,12876,2586,22938,284,125,159
17215,26665,3721,12879,2586,22944,284,125,159
17220,26676,3721,12885,2586,22955,284,125,159
17225,26680,3721,12888,2586,22959,284,125,159
17230,26690,3722,12892,2586,22968,284,125,159
17235,26696,3722,12894,2586,22974,284,125,159
17240,26707,3722,12900,2586,22985,284,125,159
17245,26711,3722,12901,2586,22989,284,125,159
17250,26721,3723,12907,2587,22998,284,125,159
17255,26727,3723,12909,2587,23004,284,125,159
17260,26738,3723,12915,2587,23015,284,125,159
17265,26742,3723,12918,2587,23019,284,125,159
17270,26752,3726,12923,2588,23026,284,125,159
17275,26758,3728,12925,2589,23029,284,125,159
17280,26769,3733,12934,2594,23034,285,125,160
17285,26773,3736,12937,2597,23037,285,125,160
17290,26783,3738,12942,2597,23045,285,125,160
17295,26789,3738,12944,2597,23051,285,125,160
17300,26800,3739,12952,2597,23061,285,125,160
17305,26804,3740,12954,2598,23064,285,125,160
17310,26814,3742,12960,2600,23072,285,125,160
17315,26820,3742,12960,2600,23078,285,125,160
17320,26831,3743,12967,2601,23088,285,125,160
17325,26835,3743,12970,2601,23092,285,125,160
17330,26845,3745,12979,2602,23100,285,125,160
17335,26851,3745,12984,2602,23105,285,125,160
17340,26862,3747,12991,2604,23115,285,125,160
17345,26866,3747,12993,2604,23119,285,125,160
17350,26876,3748,12997,2605,23128,285,125,160
17355,26882,3749,12999,2605,23133,285,125,160
17360,26893,3750,13002,2605,23143,285,125,160
17365,26897,3750,13003,2605,23147,285,125,160
17370,26907,3751,13009,2605,23155,285,125,160
17375,26913,3753,13012,2607,23160,285,125,160
17380,26924,3754,13017,2607,23170,285,125,160
17385,26928,3754,13018,2607,23174,285,125,160
17390,26938,3756,13024,2609,23182,285,125,160
17395,26944,3757,13026,2610,23187,285,125,160
17400,26955,3759,13034,2611,23195,286,126,160
17405,26959,3760,13036,2612,23199,286,126,160
17410,26969,3762,13041,2613,23206,286,126,160
17415,26975,3764,13043,2614,23211,286,126,160
17420,26986,3767,13049,2617,23219,286,126,160
17425,26990,3767,13051,2617,23223,286,126,160
17430,27000,3769,13056,2618,23231,286,126,160
17435,27006,3770,13060,2619,23236,286,126,160
17440,27017,3773,13065,2621,23244,286,126,160
17445,27021,3773,13068,2621,23248,286,126,160
17450,27031,3775,13071,2622,23256,286,126,160
17455,27037,3776,13076,2623,23261,286,126,160
17460,27048,3778,13084,2625,23270,286,126,160
17465,27052,3778,13085,2625,23274,286,126,160
17470,27062,3778,13093,2625,23284,286,126,160
17475,27068,3778,13096,2625,23290,286,126,160
17480,27079,3778,13103,2625,23301,286,126,160
17485,27083,3778,13104,2625,23305,286,126,160
17490,27093,3778,13108,2625,23315,286,126,160
17495,27099,3778,13113,2625,23321,286,126,160
17500,27110,3778,13120,2625,23332,286,126,160
17505,27114,3778,13123,2625,23336,286,126,160
17510,27124,3778,13128,2625,23346,286,126,160
17515,27130,3778,13131,2625,23352,286,126,160
17520,27141,3778,13138,2625,23363,287,127,160
17525,27145,3778,13139,2625,23367,287,127,160
17530,27155,3778,13144,2625,23377,287,127,160
17535,27161,3778,13146,2625,23383,287,127,160
17540,27172,3778,13154,2625,23394,288,127,161
17545,27176,3778,13157,2625,23398,288,127,161
17550,27186,3778,13158,2625,23408,288,127,161
17555,27192,3778,13160,2625,23414,288,127,161
17560,27203,3778,13163,2625,23425,289,127,162
17565,27207,3778,13167,2625,23429,289,127,162
17570,27217,3779,13172,2626,23438,289,127,162
17575,27223,3780,13173,2626,23443,289,127,162
17580,27234,3782,13182,2628,23452,290,128,162
17585,27238,3783,13184,2629,23455,290,128,162
17590,27248,3785,13189,2630,23462,290,128,162
17595,27254,3787,13192,2631,23467,290,128,162
17600,27265,3788,13199,2632,23477,290,128,162
17605,27269,3789,13201,2633,23480,290,128,162
17610,27279,3791,13207,2634,23487,290,128,162
17615,27285,3793,13212,2636,23492,290,128,162
17620,27296,3794,13215,2637,23502,290,128,162
17625,27300,3796,13218,2639,23504,290,128,162
17630,27310,3798,13223,2640,23511,290,128,162
17635,27316,3800,13225,2641,23516,290,128,162
17640,27327,3801,13229,2642,23526,290,128,162
17645,27331,3801,13231,2642,23530,290,128,162
17650,27341,3803,13235,2643,23538,290,128,162
17655,27347,3804,13237,2644,23543,290,128,162
17660,27358,3805,13242,2644,23553,290,128,162
17665,27362,3805,13244,2644,23557,290,128,162
17670,27372,3807,13249,2645,23565,290,128,162
17675,27378,3808,13254,2646,23570,290,128,162
17680,27389,3809,13258,2647,23580,290,128,162
17685,27393,3809,13259,2647,23584,290,128,162
17690,27403,3811,13264,2649,23592,290,128,162
17695,27409,3812,13267,2650,23596,290,128,162
17700,27420,3814,13269,2652,23606,291,128,163
17705,27424,3815,13270,2653,23609,291,128,163
17710,27434,3817,13275,2654,23617,291,128,163
17715,27440,3818,13279,2654,23621,291,128,163
17720,27451,3821,13283,2656,23630,291,128,163
17725,27455,3821,13284,2656,23634,291,128,163
17730,27465,3823,13286,2656,23642,291,128,163
17735,27471,3824,13290,2657,23646,291,128,163
17740,27482,3827,13294,2659,23655,291,128,163
17745,27486,3827,13295,2659,23659,291,128,163
17750,27496,3829,13301,2660,23666,291,128,163
17755,27502,3831,13304,2661,23671,291,128,163
17760,27513,3832,13310,2661,23681,291,128,163
17765,27517,3832,13313,2661,23685,291,128,163
17770,27527,3833,13316,2661,23694,291,128,163
17775,27533,3834,13318,2661,23699,291,128,163
17780,27544,3835,13322,2661,23709,291,128,163
17785,27548,3835,13324,2661,23713,291,128,163
17790,27558,3836,13329,2661,23722,291,128,163
17795,27564,3837,13332,2661,23727,291,128,163
17800,27575,3838,13334,2662,23737,291,128,163
17805,27579,3838,13335,2662,23741,291,128,163
17810,27589,3839,13340,2662,23750,291,128,163
17815,27595,3840,13342,2662,23754,291,128,163
17820,27606,3843,13347,2665,23763,291,128,163
17825,27610,3843,13347,2665,23767,291,128,163
17830,27620,3843,13351,2665,23777,291,128,163
17835,27626,3844,13353,2666,23782,291,128,163
17840,27637,3845,13355,2667,23792,291,128,163
17845,27641,3845,13356,2667,23796,291,128,163
17850,27651,3845,13362,2667,23806,291,128,163
17855,27657,3846,13365,2668,23811,291,128,163
17860,27668,3849,13370,2670,23819,291,128,163
17865,27672,3850,13374,2671,23822,291,128,163
17870,27682,3851,13378,2671,23830,291,128,163
17875,27688,3854,13384,2674,23833,291,128,163
17880,27699,3856,13387,2675,23842,292,129,163
17885,27703,3857,13388,2676,23846,292,129,163
17890,27713,3858,13392,2677,23854,292,129,163
17895,27719,3860,13394,2678,23859,292,129,163
17900,27730,3861,13396,2679,23869,293,129,164
17905,27734,3861,13399,2679,23873,293,129,164
17910,27744,3862,13402,2679,23882,293,129,164
17915,27750,3863,13406,2679,23887,293,129,164
17920,27761,3863,13408,2679,23898,293,129,164
17925,27765,3863,13411,2679,23902,293,129,164
17930,27775,3865,13420,2680,23909,293,129,164
17935,27781,3867,13425,2682,23914,293,129,164
17940,27792,3867,13427,2682,23925,293,129,164
17945,27796,3868,13430,2683,23928,293,129,164
17950,27806,3870,13431,2683,23935,293,129,164
17955,27812,3872,13434,2685,23940,293,129,164
17960,27823,3874,13439,2686,23949,293,129,164
17965,27827,3874,13440,2686,23953,293,129,164
17970,27837,3876,13447,2687,23960,293,129,164
17975,27843,3878,13449,2688,23965,293,129,164
17980,27854,3879,13454,2689,23975,293,129,164
17985,27858,3879,13456,2689,23979,293,129,164
17990,27868,3881,13460,2690,23987,293,129,164
17995,27874,3882,13462,2691,23992,293,129,164
18000,27885,3884,13469,2692,24001,293,129,164
18005,27889,3884,13471,2692,24005,293,129,164
18010,27899,3885,13479,2692,24014,293,129,164
18015,27905,3885,13481,2692,24019,293,129,164
18020,27916,3887,13488,2693,24029,293,129,164
18025,27920,3887,13490,2693,24033,293,129,164
18030,27930,3888,13494,2693,24042,293,129,164
18035,27936,3888,13498,2693,24048,293,129,164
18040,27947,3889,13503,2694,24058,293,129,164
18045,27951,3889,13505,2694,24062,293,129,164
18050,27961,3890,13510,2695,24071,293,129,164
18055,27967,3890,13513,2695,24077,293,129,164
18060,27978,3891,13520,2696,24087,293,129,164
18065,27982,3891,13521,2696,24091,293,129,164
18070,27992,3892,13525,2696,24100,293,129,164
18075,27998,3892,13526,2696,24106,293,129,164
18080,28009,3893,13531,2696,24116,293,129,164
18085,28013,3893,13532,2696,24120,293,129,164
18090,28023,3894,13538,2696,24129,293,129,164
18095,28029,3894,13540,2696,24135,293,129,164
18100,28040,3895,13545,2697,24145,293,129,164
18105,28044,3896,13549,2698,24148,293,129,164
18110,28054,3899,13555,2700,24155,293,129,164
18115,28060,3901,13557,2702,24159,293,129,164
18120,28071,3903,13561,2704,24168,293,129,164
18125,28075,3904,13562,2705,24171,293,129,164
18130,28085,3906,13565,2707,24179,293,129,164
18135,28091,3907,13568,2707,24184,293,129,164
18140,28102,3907,13574,2707,24194,294,130,164
18145,28106,3908,13576,2708,24198,294,130,164
18150,28116,3910,13578,2708,24206,294,130,164
18155,28122,3911,13579,2708,24211,294,130,164
18160,28133,3911,13584,2708,24221,295,131,164
18165,28137,3913,13586,2710,24224,295,131,164
18170,28147,3916,13591,2712,24230,295,131,164
18175,28153,3918,13594,2713,24235,295,131,164
18180,28164,3919,13599,2714,24245,296,132,164
18185,28168,3919,13600,2714,24249,296,132,164
18190,28178,3921,13604,2715,24257,296,132,164
18195,28184,3922,13606,2715,24262,296,132,164
18200,28195,3923,13617,2716,24272,297,133,164
18205,28199,3924,13619,2717,24275,297,133,164
18210,28209,3926,13624,2717,24283,297,133,164
18215,28215,3927,13625,2717,24288,297,133,164
18220,28226,3927,13628,2717,24299,298,133,165
18225,28230,3928,13630,2718,24302,298,133,165
18230,28240,3931,13636,2721,24309,298,133,165
18235,28246,3932,13641,2722,24313,298,133,165
18240,28257,3935,13645,2725,24322,299,133,166
18245,28261,3935,13645,2725,24326,299,133,166
18250,28271,3935,13649,2725,24336,299,133,166
18255,28277,3937,13653,2726,24340,299,133,166
18260,28288,3939,13660,2728,24349,299,133,166
18265,28292,3939,13661,2728,24353,299,133,166
18270,28302,3939,13668,2728,24363,299,133,166
18275,28308,3941,13671,2730,24367,299,133,166
18280,28319,3943,13674,2731,24376,299,133,166
18285,28323,3943,13676,2731,24380,299,133,166
18290,28333,3943,13679,2731,24389,299,133,166
18295,28339,3945,13679,2732,24394,299,133,166
18300,28350,3947,13683,2733,24403,299,133,166
18305,28354,3947,13684,2733,24407,299,133,166
18310,28364,3947,13688,2733,24417,299,133,166
18315,28370,3947,13690,2733,24423,299,133,166
18320,28381,3950,13696,2735,24431,299,133,166
18325,28385,3950,13697,2735,24435,299,133,166
18330,28395,3950,13700,2735,24445,299,133,166
18335,28401,3950,13703,2735,24451,299,133,166
18340,28412,3952,13708,2736,24459,299,133,166
18345,28416,3953,13710,2737,24463,299,133,166
18350,28426,3955,13714,2739,24471,299,133,166
18355,28432,3955,13717,2739,24477,299,133,166
18360,28443,3957,13723,2740,24485,300,133,167
18365,28447,3958,13725,2741,24489,300,133,167
18370,28457,3960,13731,2743,24496,300,133,167
18375,28463,3962,13734,2744,24501,300,133,167
18380,28474,3962,13740,2744,24512,300,133,167
18385,28478,3962,13742,2744,24516,300,133,167
18390,28488,3964,13745,2745,24524,300,133,167
18395,28494,3965,13748,2745,24529,300,133,167
18400,28505,3965,13754,2745,24540,300,133,167
18405,28509,3966,13756,2746,24543,300,133,167
18410,28519,3969,13763,2749,24550,300,133,167
18415,28525,3970,13766,2750,24555,300,133,167
18420,28536,3970,13773,2750,24566,300,133,167
18425,28540,3971,13776,2751,24569,300,133,167
18430,28550,3973,13779,2752,24577,300,133,167
18435,28556,3974,13783,2753,24582,300,133,167
18440,28567,3974,13787,2753,24593,300,133,167
18445,28571,3974,13788,2753,24597,300,133,167
18450,28581,3976,13791,2754,24605,300,133,167
18455,28587,3977,13793,2755,24610,300,133,167
18460,28598,3977,13798,2755,24621,300,133,167
18465,28602,3978,13801,2756,24624,300,133,167
18470,28612,3980,13807,2756,24631,300,133,167
18475,28618,3982,13811,2758,24635,300,133,167
18480,28629,3985,13816,2761,24643,300,133,167
18485,28633,3986,13817,2762,24647,300,133,167
18490,28643,3987,13820,2762,24656,300,133,167
18495,28649,3987,13823,2762,24662,300,133,167
18500,28660,3988,13825,2762,24672,300,133,167
18505,28664,3988,13827,2762,24676,300,133,167
18510,28674,3989,13831,2762,24685,300,133,167
18515,28680,3989,13835,2762,24691,300,133,167
18520,28691,3990,13840,2763,24701,300,133,167
18525,28695,3990,13842,2763,24705,300,133,167
18530,28705,3991,13847,2764,24714,300,133,167
18535,28711,3991,13851,2764,24720,300,133,167
18540,28722,3992,13857,2765,24730,300,133,167
18545,28726,3992,13861,2765,24734,300,133,167
18550,28736,3993,13867,2766,24743,300,133,167
18555,28742,3993,13870,2766,24749,300,133,167
18560,28753,3994,13874,2766,24759,301,134,167
18565,28757,3994,13877,2766,24763,301,134,167
18570,28767,3995,13882,2766,24772,301,134,167
18575,28773,3995,13885,2766,24778,301,134,167
18580,28784,3997,13890,2767,24787,302,134,168
18585,28788,3997,13893,2767,24791,302,134,168
18590,28798,3999,13899,2769,24799,302,134,168
18595,28804,4000,13902,2770,24804,302,134,168
18600,28815,4002,13906,2771,24812,303,135,168
18605,28819,4003,13907,2772,24816,303,135,168
18610,28829,4005,13913,2773,24824,303,135,168
18615,28835,4005,13915,2773,24830,303,135,168
18620,28846,4005,13918,2773,24841,303,135,168
18625,28850,4005,13920,2773,24845,303,135,168
18630,28860,4007,13923,2775,24853,303,135,168
18635,28866,4007,13928,2775,24859,303,135,168
18640,28877,4008,13935,2776,24869,303,135,168
18645,28881,4008,13935,2776,24873,303,135,168
18650,28891,4010,13939,2776,24881,303,135,168
18655,28897,4010,13940,2776,24886,303,135,168
18660,28908,4011,13945,2777,24897,303,135,168
18665,28912,4012,13947,2778,24900,303,135,168
18670,28922,4014,13951,2779,24908,303,135,168
18675,28928,4014,13954,2779,24914,303,135,168
18680,28939,4015,13960,2780,24924,303,135,168
18685,28943,4015,13961,2780,24928,303,135,168
18690,28953,4017,13968,2782,24936,303,135,168
18695,28959,4017,13971,2782,24942,303,135,168
18700,28970,4018,13976,2783,24952,303,135,168
18705,28974,4018,13977,2783,24956,303,135,168
18710,28984,4021,13979,2784,24963,303,135,168
18715,28990,4022,13983,2784,24968,303,135,168
18720,29001,4024,13986,2786,24976,304,135,169
18725,29005,4025,13987,2787,24980,304,135,169
18730,29015,4027,13990,2787,24988,304,135,169
18735,29021,4027,13992,2787,24994,304,135,169
18740,29032,4028,13995,2787,25004,304,135,169
18745,29036,4028,13995,2787,25008,304,135,169
18750,29046,4030,13998,2787,25016,304,135,169
18755,29052,4030,14003,2787,25022,304,135,169
18760,29063,4031,14010,2788,25032,304,135,169
18765,29067,4031,14012,2788,25036,304,135,169
18770,29077,4033,14017,2789,25044,304,135,169
18775,29083,4033,14019,2789,25050,304,135,169
18780,29094,4034,14024,2790,25060,304,135,169
18785,29098,4034,14024,2790,25064,304,135,169
18790,29108,4036,14030,2791,25071,304,135,169
18795,29114,4038,14035,2793,25076,304,135,169
18800,29125,4040,14041,2795,25085,304,135,169
18805,29129,4040,14044,2795,25089,304,135,169
18810,29139,4042,14048,2796,25097,304,135,169
18815,29145,4043,14051,2797,25102,304,135,169
18820,29156,4045,14054,2798,25111,304,135,169
18825,29160,4045,14057,2798,25115,304,135,169
18830,29170,4047,14062,2799,25123,304,135,169
18835,29176,4049,14067,2801,25126,304,135,169
18840,29187,4053,14072,2804,25134,304,135,169
18845,29191,4053,14073,2804,25138,304,135,169
18850,29201,4054,14080,2805,25147,304,135,169
18855,29207,4054,14081,2805,25153,304,135,169
18860,29218,4056,14091,2807,25162,304,135,169
18865,29222,4056,14093,2807,25166,304,135,169
18870,29232,4057,14100,2807,25175,304,135,169
18875,29238,4057,14103,2807,25181,304,135,169
18880,29249,4059,14108,2808,25190,304,135,169
18885,29253,4059,14111,2808,25194,304,135,169
18890,29263,4060,14115,2808,25203,304,135,169
18895,29269,4060,14118,2808,25209,304,135,169
18900,29280,4062,14125,2810,25218,304,135,169
18905,29284,4062,14128,2810,25222,304,135,169
18910,29294,4063,14131,2810,25231,304,135,169
18915,29300,4063,14135,2810,25237,304,135,169
18920,29311,4064,14139,2811,25247,304,135,169
18925,29315,4064,14140,2811,25251,304,135,169
18930,29325,4065,14145,2812,25260,304,135,169
18935,29331,4065,14148,2812,25266,304,135,169
18940,29342,4066,14152,2812,25276,305,135,170
18945,29346,4066,14154,2812,25280,305,135,170
18950,29356,4069,14157,2814,25287,305,135,170
18955,29362,4070,14159,2814,25292,305,135,170
18960,29373,4073,14167,2817,25298,306,136,170
18965,29377,4075,14167,2819,25302,306,136,170
18970,29387,4076,14171,2819,25311,306,136,170
18975,29393,4076,14174,2819,25317,306,136,170
18980,29404,4076,14179,2819,25328,307,137,170
18985,29408,4076,14180,2819,25332,307,137,170
18990,29418,4077,14184,2819,25341,307,137,170
18995,29424,4077,14187,2819,25347,307,137,170
19000,29435,4077,14194,2819,25358,308,137,171
19005,29439,4077,14197,2819,25362,308,137,171
19010,29449,4078,14202,2820,25371,308,137,171
19015,29455,4078,14206,2820,25377,308,137,171
19020,29466,4078,14213,2820,25388,308,137,171
19025,29470,4078,14214,2820,25392,308,137,171
19030,29480,4079,14219,2820,25400,308,137,171
19035,29486,4081,14222,2822,25405,308,137,171
19040,29497,4081,14227,2822,25416,308,137,171
19045,29501,4081,14229,2822,25420,308,137,171
19050,29511,4082,14236,2823,25429,308,137,171
19055,29517,4083,14238,2823,25434,308,137,171
19060,29528,4084,14248,2824,25444,308,137,171
19065,29532,4084,14251,2824,25448,308,137,171
19070,29542,4085,14257,2824,25457,308,137,171
19075,29548,4086,14257,2824,25462,308,137,171
19080,29559,4087,14265,2825,25472,308,137,171
19085,29563,4087,14266,2825,25476,308,137,171
19090,29573,4088,14270,2825,25485,308,137,171
19095,29579,4090,14273,2826,25489,308,137,171
19100,29590,4091,14277,2827,25499,308,137,171
19105,29594,4091,14279,2827,25503,308,137,171
19110,29604,4092,14284,2828,25512,308,137,171
19115,29610,4094,14288,2829,25516,308,137,171
19120,29621,4094,14292,2829,25527,309,138,171
19125,29625,4094,14293,2829,25531,309,138,171
19130,29635,4096,14299,2829,25539,309,138,171
19135,29641,4097,14303,2830,25543,309,138,171
19140,29652,4102,14309,2834,25549,310,139,171
19145,29656,4103,14313,2835,25553,310,139,171
19150,29666,4104,14320,2836,25562,310,139,171
19155,29672,4105,14324,2837,25566,310,139,171
19160,29683,4107,14330,2838,25576,310,139,171
19165,29687,4107,14330,2838,25580,310,139,171
19170,29697,4108,14336,2839,25589,310,139,171
19175,29703,4109,14339,2840,25594,310,139,171
19180,29714,4110,14343,2840,25604,310,139,171
19185,29718,4110,14345,2840,25608,310,139,171
19190,29728,4111,14350,2841,25617,310,139,171
19195,29734,4112,14352,2841,25622,310,139,171
19200,29745,4113,14359,2842,25632,310,139,171
19205,29749,4113,14359,2842,25636,310,139,171
19210,29759,4114,14367,2843,25644,310,139,171
19215,29765,4116,14370,2844,25649,310,139,171
19220,29776,4117,14376,2844,25659,310,139,171
19225,29780,4117,14380,2844,25663,310,139,171
19230,29790,4118,14386,2845,25672,310,139,171
19235,29796,4119,14389,2846,25677,310,139,171
19240,29807,4120,14396,2847,25687,310,139,171
19245,29811,4120,14396,2847,25691,310,139,171
19250,29821,4122,14401,2848,25699,310,139,171
19255,29827,4124,14404,2849,25703,310,139,171
19260,29838,4126,14411,2851,25712,310,139,171
19265,29842,4126,14415,2851,25716,310,139,171
19270,29852,4128,14419,2851,25724,310,139,171
19275,29858,4128,14421,2851,25730,310,139,171
19280,29869,4132,14426,2854,25737,310,139,171
19285,29873,4132,14428,2854,25741,310,139,171
19290,29883,4134,14430,2854,25749,310,139,171
19295,29889,4134,14434,2854,25755,310,139,171
19300,29900,4137,14440,2856,25763,310,139,171
19305,29904,4137,14441,2856,25767,310,139,171
19310,29914,4139,14447,2858,25775,310,139,171
19315,29920,4139,14451,2858,25780,310,139,171
19320,29931,4143,14456,2861,25788,310,139,171
19325,29935,4144,14457,2862,25791,310,139,171
19330,29945,4145,14461,2862,25800,310,139,171
19335,29951,4146,14464,2862,25804,310,139,171
19340,29962,4147,14472,2863,25815,311,139,172
19345,29966,4149,14474,2865,25817,311,139,172
19350,29976,4150,14478,2865,25825,311,139,172
19355,29982,4152,14482,2867,25830,311,139,172
19360,29993,4152,14487,2867,25841,311,139,172
19365,29997,4154,14490,2869,25843,311,139,172
19370,30007,4155,14496,2869,25851,311,139,172
19375,30013,4157,14500,2870,25855,311,139,172
19380,30024,4158,14506,2871,25866,311,139,172
19385,30028,4159,14508,2872,25869,311,139,172
19390,30038,4160,14515,2872,25878,311,139,172
19395,30044,4161,14516,2872,25883,311,139,172
19400,30055,4161,14518,2872,25894,311,139,172
19405,30059,4161,14521,2872,25898,311,139,172
19410,30069,4162,14527,2872,25906,311,139,172
19415,30075,4164,14529,2874,25911,311,139,172
19420,30086,4164,14533,2874,25922,311,139,172
19425,30090,4164,14534,2874,25926,311,139,172
19430,30100,4165,14541,2875,25934,311,139,172
19435,30106,4167,14545,2877,25939,311,139,172
19440,30117,4168,14552,2877,25949,311,139,172
19445,30121,4168,14552,2877,25953,311,139,172
19450,30131,4170,14555,2877,25961,311,139,172
19455,30137,4170,14558,2877,25966,311,139,172
19460,30148,4173,14563,2879,25975,311,139,172
19465,30152,4173,14565,2879,25979,311,139,172
19470,30162,4175,14567,2879,25987,311,139,172
19475,30168,4175,14569,2879,25992,311,139,172
19480,30179,4177,14574,2880,26002,311,139,172
19485,30183,4177,14577,2880,26006,311,139,172
19490,30193,4179,14582,2881,26014,311,139,172
19495,30199,4180,14586,2882,26018,311,139,172
19500,30210,4183,14591,2884,26027,311,139,172
19505,30214,4183,14592,2884,26031,311,139,172
19510,30224,4183,14595,2884,26041,311,139,172
19515,30230,4183,14597,2884,26047,311,139,172
19520,30241,4185,14604,2886,26056,311,139,172
19525,30245,4185,14605,2886,26060,311,139,172
19530,30255,4185,14611,2886,26070,311,139,172
19535,30261,4185,14614,2886,26076,311,139,172
19540,30272,4186,14617,2887,26086,311,139,172
19545,30276,4186,14620,2887,26090,311,139,172
19550,30286,4186,14624,2887,26100,311,139,172
19555,30292,4186,14627,2887,26106,311,139,172
19560,30303,4189,14631,2890,26114,311,139,172
19565,30307,4189,14632,2890,26118,311,139,172
19570,30317,4191,14637,2891,26126,311,139,172
19575,30323,4191,14640,2891,26132,311,139,172
19580,30334,4192,14647,2892,26142,311,139,172
19585,30338,4192,14650,2892,26146,311,139,172
19590,30348,4194,14652,2892,26154,311,139,172
19595,30354,4194,14655,2892,26160,311,139,172
19600,30365,4194,14662,2892,26171,311,139,172
19605,30369,4194,14662,2892,26175,311,139,172
19610,30379,4196,14667,2894,26183,311,139,172
19615,30385,4197,14670,2894,26188,311,139,172
19620,30396,4197,14676,2894,26198,312,140,172
19625,30400,4198,14677,2895,26202,312,140,172
19630,30410,4200,14683,2895,26209,312,140,172
19635,30416,4202,14686,2897,26214,312,140,172
19640,30427,4202,14693,2897,26225,312,140,172
19645,30431,4202,14695,2897,26229,312,140,172
19650,30441,4204,14700,2898,26237,312,140,172
19655,30447,4205,14702,2898,26242,312,140,172
19660,30458,4206,14707,2899,26252,312,140,172
19665,30462,4206,14707,2899,26256,312,140,172
19670,30472,4208,14711,2900,26263,312,140,172
19675,30478,4210,14714,2901,26268,312,140,172
19680,30489,4210,14720,2901,26279,312,140,172
19685,30493,4211,14722,2902,26282,312,140,172
19690,30503,4213,14727,2902,26290,312,140,172
19695,30509,4213,14730,2902,26295,312,140,172
19700,30520,4214,14733,2903,26306,312,140,172
19705,30524,4215,14736,2904,26309,312,140,172
19710,30534,4217,14742,2906,26317,312,140,172
19715,30540,4217,14744,2906,26323,312,140,172
19720,30551,4218,14748,2907,26333,312,140,172
19725,30555,4218,14750,2907,26337,312,140,172
19730,30565,4220,14755,2909,26345,312,140,172
19735,30571,4220,14760,2909,26350,312,140,172
19740,30582,4224,14768,2913,26357,313,140,173
19745,30586,4225,14772,2914,26361,313,140,173
19750,30596,4226,14779,2915,26370,313,140,173
19755,30602,4226,14783,2915,26376,313,140,173
19760,30613,4228,14789,2917,26385,314,140,174
19765,30617,4228,14791,2917,26389,314,140,174
19770,30627,4229,14796,2917,26398,314,140,174
19775,30633,4229,14799,2917,26404,314,140,174
19780,30644,4230,14805,2918,26414,314,140,174
19785,30648,4230,14807,2918,26418,314,140,174
19790,30658,4231,14812,2918,26427,314,140,174
19795,30664,4231,14816,2918,26433,314,140,174
19800,30675,4232,14823,2919,26443,314,140,174
19805,30679,4232,14826,2919,26447,314,140,174
19810,30689,4233,14831,2919,26456,314,140,174
19815,30695,4233,14835,2919,26462,314,140,174
19820,30706,4234,14840,2919,26472,314,140,174
19825,30710,4234,14842,2919,26476,314,140,174
19830,30720,4235,14843,2919,26485,314,140,174
19835,30726,4235,14845,2919,26491,314,140,174
19840,30737,4236,14850,2920,26501,314,140,174
19845,30741,4236,14851,2920,26505,314,140,174
19850,30751,4239,14853,2922,26512,314,140,174
19855,30757,4240,14856,2923,26517,314,140,174
19860,30768,4244,14866,2927,26523,314,140,174
19865,30772,4245,14868,2928,26527,314,140,174
19870,30782,4246,14871,2929,26536,314,140,174
19875,30788,4247,14876,2930,26541,314,140,174
19880,30799,4248,14882,2931,26551,315,140,175
19885,30803,4248,14884,2931,26555,315,140,175
19890,30813,4250,14889,2933,26563,315,140,175
19895,30819,4251,14893,2933,26568,315,140,175
19900,30830,4252,14898,2934,26578,315,140,175
19905,30834,4252,14899,2934,26582,315,140,175
19910,30844,4253,14904,2934,26590,315,140,175
19915,30850,4255,14907,2936,26595,315,140,175
19920,30861,4255,14911,2936,26606,315,140,175
19925,30865,4256,14914,2937,26609,315,140,175
19930,30875,4257,14918,2938,26618,315,140,175
19935,30881,4258,14920,2938,26623,315,140,175
19940,30892,4260,14924,2940,26631,315,140,175
19945,30896,4262,14927,2942,26634,315,140,175
19950,30906,4264,14932,2944,26642,315,140,175
19955,30912,4265,14934,2945,26647,315,140,175
19960,30923,4267,14942,2947,26656,315,140,175
19965,30927,4267,14943,2947,26660,315,140,175
19970,30937,4270,14950,2949,26666,315,140,175
19975,30943,4272,14953,2951,26670,315,140,175
19980,30954,4274,14956,2953,26680,315,140,175
19985,30958,4275,14959,2954,26683,315,140,175
19990,30968,4277,14962,2954,26691,315,140,175
19995,30974,4277,14966,2954,26696,315,140,175
20000,30985,4280,14971,2956,26705,315,140,175
20005,30989,4280,14975,2956,26709,315,140,175
20010,30999,4281,14982,2956,26718,315,140,175
20015,31005,4281,14985,2956,26724,315,140,175
20020,31016,4282,14993,2957,26734,315,140,175
20025,31020,4282,14996,2957,26738,315,140,175
20030,31030,4283,15000,2957,26747,315,140,175
20035,31036,4283,15002,2957,26753,315,140,175
20040,31047,4285,15007,2959,26762,315,140,175
20045,31051,4285,15008,2959,26766,315,140,175
20050,31061,4286,15013,2960,26775,315,140,175
20055,31067,4286,15017,2960,26781,315,140,175
20060,31078,4288,15020,2962,26789,315,140,175
20065,31082,4290,15023,2964,26792,315,140,175
20070,31092,4292,15027,2966,26800,315,140,175
20075,31098,4292,15029,2966,26806,315,140,175
20080,31109,4294,15034,2967,26815,315,140,175
20085,31113,4295,15037,2968,26818,315,140,175
20090,31123,4295,15040,2968,26828,315,140,175
20095,31129,4296,15044,2969,26833,315,140,175
20100,31140,4297,15048,2970,26843,316,140,176
20105,31144,4298,15049,2971,26846,316,140,176
20110,31154,4298,15054,2971,26856,316,140,176
20115,31160,4299,15058,2972,26861,316,140,176
20120,31171,4299,15060,2972,26872,316,140,176
20125,31175,4299,15060,2972,26876,316,140,176
20130,31185,4299,15064,2972,26886,316,140,176
20135,31191,4300,15065,2972,26891,316,140,176
20140,31202,4300,15071,2972,26902,316,140,176
20145,31206,4300,15072,2972,26906,316,140,176
20150,31216,4300,15073,2972,26916,316,140,176
20155,31222,4301,15074,2972,26921,316,140,176
20160,31233,4301,15079,2972,26932,316,140,176
20165,31237,4301,15080,2972,26936,316,140,176
20170,31247,4301,15087,2972,26945,316,140,176
20175,31253,4303,15091,2974,26950,316,140,176
20180,31264,4303,15098,2974,26961,316,140,176
20185,31268,4303,15100,2974,26965,316,140,176
20190,31278,4303,15106,2974,26974,316,140,176
20195,31284,4305,15109,2975,26979,316,140,176
20200,31295,4305,15117,2975,26990,316,140,176
20205,31299,4305,15118,2975,26994,316,140,176
20210,31309,4306,15123,2976,27002,316,140,176
20215,31315,4308,15125,2978,27006,316,140,176
20220,31326,4311,15131,2981,27015,317,141,176
20225,31330,4311,15132,2981,27019,317,141,176
20230,31340,4313,15138,2982,27026,317,141,176
20235,31346,4315,15139,2983,27031,317,141,176
20240,31357,4316,15145,2983,27041,317,141,176
20245,31361,4316,15148,2983,27045,317,141,176
20250,31371,4318,15152,2983,27052,317,141,176
20255,31377,4320,15155,2984,27057,317,141,176
20260,31388,4321,15157,2984,27067,317,141,176
20265,31392,4321,15159,2984,27071,317,141,176
20270,31402,4323,15166,2986,27079,317,141,176
20275,31408,4324,15170,2987,27084,317,141,176
20280,31419,4325,15173,2987,27094,317,141,176
20285,31423,4325,15173,2987,27098,317,141,176
20290,31433,4327,15177,2987,27105,317,141,176
20295,31439,4329,15180,2989,27110,317,141,176
20300,31450,4330,15186,2990,27120,317,141,176
20305,31454,4330,15187,2990,27124,317,141,176
20310,31464,4332,15193,2991,27131,317,141,176
20315,31470,4334,15199,2993,27136,317,141,176
20320,31481,4335,15206,2994,27146,317,141,176
20325,31485,4335,15206,2994,27150,317,141,176
20330,31495,4337,15210,2994,27157,317,141,176
20335,31501,4339,15214,2995,27161,317,141,176
20340,31512,4342,15218,2998,27169,318,141,177
20345,31516,4344,15220,3000,27172,318,141,177
20350,31526,4345,15225,3000,27181,318,141,177
20355,31532,4345,15227,3000,27187,318,141,177
20360,31543,4345,15232,3000,27198,318,141,177
20365,31547,4345,15233,3000,27202,318,141,177
20370,31557,4346,15238,3001,27211,318,141,177
20375,31563,4346,15240,3001,27217,318,141,177
20380,31574,4346,15244,3001,27228,318,141,177
20385,31578,4346,15245,3001,27232,318,141,177
20390,31588,4347,15250,3002,27241,318,141,177
20395,31594,4347,15253,3002,27247,318,141,177
20400,31605,4347,15262,3002,27258,318,141,177
20405,31609,4348,15265,3003,27261,318,141,177
20410,31619,4349,15269,3003,27270,318,141,177
20415,31625,4349,15271,3003,27276,318,141,177
20420,31636,4349,15274,3003,27287,318,141,177
20425,31640,4349,15275,3003,27291,318,141,177
20430,31650,4350,15279,3004,27300,318,141,177
20435,31656,4350,15281,3004,27306,318,141,177
20440,31667,4350,15287,3004,27317,318,141,177
20445,31671,4350,15289,3004,27321,318,141,177
20450,31681,4353,15295,3007,27328,318,141,177
20455,31687,4354,15296,3008,27333,318,141,177
20460,31698,4356,15300,3009,27341,319,142,177
20465,31702,4357,15302,3010,27345,319,142,177
20470,31712,4358,15308,3011,27354,319,142,177
20475,31718,4358,15312,3011,27360,319,142,177
20480,31729,4358,15320,3011,27371,320,142,178
20485,31733,4358,15323,3011,27375,320,142,178
20490,31743,4359,15328,3012,27384,320,142,178
20495,31749,4359,15332,3012,27390,320,142,178
20500,31760,4359,15336,3012,27401,321,142,179
20505,31764,4359,15337,3012,27405,321,142,179
20510,31774,4360,15344,3012,27414,321,142,179
20515,31780,4360,15348,3012,27420,321,142,179
20520,31791,4360,15351,3012,27431,321,142,179
20525,31795,4360,15352,3012,27435,321,142,179
20530,31805,4361,15355,3012,27444,321,142,179
20535,31811,4361,15358,3012,27450,321,142,179
20540,31822,4362,15363,3012,27459,321,142,179
20545,31826,4363,15365,3013,27463,321,142,179
20550,31836,4364,15371,3014,27472,321,142,179
20555,31842,4364,15374,3014,27478,321,142,179
20560,31853,4365,15380,3014,27488,321,142,179
20565,31857,4365,15380,3014,27492,321,142,179
20570,31867,4367,15382,3014,27500,321,142,179
20575,31873,4368,15387,3015,27504,321,142,179
20580,31884,4373,15391,3019,27510,321,142,179
20585,31888,4374,15393,3020,27514,321,142,179
20590,31898,4375,15399,3021,27522,321,142,179
20595,31904,4377,15402,3022,27527,321,142,179
20600,31915,4378,15409,3023,27537,321,142,179
20605,31919,4378,15411,3023,27541,321,142,179
20610,31929,4379,15416,3023,27550,321,142,179
20615,31935,4380,15418,3023,27555,321,142,179
20620,31946,4381,15424,3023,27565,321,142,179
20625,31950,4382,15428,3024,27568,321,142,179
20630,31960,4383,15433,3024,27576,321,142,179
20635,31966,4385,15434,3025,27581,321,142,179
20640,31977,4386,15442,3025,27591,321,142,179
20645,31981,4387,15444,3026,27594,321,142,179
20650,31991,4388,15448,3026,27603,321,142,179
20655,31997,4389,15452,3026,27608,321,142,179
20660,32008,4390,15457,3026,27618,321,142,179
20665,32012,4391,15458,3027,27621,321,142,179
20670,32022,4392,15461,3027,27630,321,142,179
20675,32028,4393,15465,3028,27635,321,142,179
20680,32039,4394,15471,3028,27645,321,142,179
20685,32043,4394,15472,3028,27649,321,142,179
20690,32053,4396,15477,3029,27657,321,142,179
20695,32059,4397,15481,3030,27662,321,142,179
20700,32070,4401,15489,3033,27667,322,143,179
20705,32074,4403,15491,3035,27671,322,143,179
20710,32084,4403,15495,3035,27681,322,143,179
20715,32090,4403,15500,3035,27687,322,143,179
20720,32101,4403,15504,3035,27698,322,143,179
20725,32105,4403,15506,3035,27702,322,143,179
20730,32115,4403,15511,3035,27712,322,143,179
20735,32121,4403,15512,3035,27718,322,143,179
20740,32132,4403,15515,3035,27729,322,143,179
20745,32136,4403,15517,3035,27733,322,143,179
20750,32146,4403,15524,3035,27743,322,143,179
20755,32152,4403,15529,3035,27749,322,143,179
20760,32163,4403,15533,3035,27760,322,143,179
20765,32167,4403,15533,3035,27764,322,143,179
20770,32177,4404,15538,3035,27773,322,143,179
20775,32183,4404,15541,3035,27779,322,143,179
20780,32194,4405,15545,3035,27788,322,143,179
20785,32198,4406,15547,3036,27792,322,143,179
20790,32208,4407,15552,3036,27801,322,143,179
20795,32214,4407,15555,3036,27807,322,143,179
20800,32225,4409,15561,3038,27816,322,143,179
20805,32229,4409,15561,3038,27820,322,143,179
20810,32239,4411,15566,3039,27827,322,143,179
20815,32245,4413,15570,3040,27831,322,143,179
20820,32256,4417,15576,3043,27839,323,143,180
20825,32260,4418,15579,3044,27842,323,143,180
20830,32270,4419,15586,3045,27850,323,143,180
20835,32276,4421,15588,3046,27855,323,143,180
20840,32287,4422,15596,3047,27865,324,144,180
20845,32291,4422,15597,3047,27869,324,144,180
20850,32301,4423,15602,3047,27877,324,144,180
20855,32307,4425,15604,3049,27882,324,144,180
20860,32318,4425,15609,3049,27893,325,145,180
20865,32322,4425,15609,3049,27897,325,145,180
20870,32332,4426,15613,3049,27906,325,145,180
20875,32338,4427,15615,3050,27911,325,145,180
20880,32349,4428,15620,3051,27921,326,146,180
20885,32353,4428,15623,3051,27925,326,146,180
20890,32363,4428,15626,3051,27934,326,146,180
20895,32369,4430,15628,3052,27939,326,146,180
20900,32380,4430,15633,3052,27950,326,146,180
20905,32384,4430,15634,3052,27954,326,146,180
20910,32394,4430,15641,3052,27963,326,146,180
20915,32400,4432,15644,3053,27968,326,146,180
20920,32411,4432,15652,3053,27979,326,146,180
20925,32415,4432,15654,3053,27983,326,146,180
20930,32425,4434,15661,3055,27991,326,146,180
20935,32431,4435,15664,3055,27996,326,146,180
20940,32442,4437,15668,3056,28005,326,146,180
20945,32446,4437,15671,3056,28009,326,146,180
20950,32456,4439,15677,3057,28017,326,146,180
20955,32462,4439,15680,3057,28022,326,146,180
20960,32473,4441,15687,3058,28031,326,146,180
20965,32477,4442,15690,3059,28035,326,146,180
20970,32487,4444,15694,3060,28043,326,146,180
20975,32493,4444,15698,3060,28049,326,146,180
20980,32504,4446,15705,3062,28058,326,146,180
20985,32508,4446,15708,3062,28062,326,146,180
20990,32518,4448,15715,3063,28070,326,146,180
20995,32524,4448,15718,3063,28076,326,146,180
21000,32535,4452,15727,3067,28083,327,147,180
21005,32539,4452,15728,3067,28087,327,147,180
21010,32549,4452,15735,3067,28097,327,147,180
21015,32555,4452,15740,3067,28103,327,147,180
21020,32566,4454,15744,3068,28112,327,147,180
21025,32570,4454,15745,3068,28116,327,147,180
21030,32580,4454,15746,3068,28126,327,147,180
21035,32586,4454,15747,3068,28132,327,147,180
21040,32597,4455,15751,3068,28142,327,147,180
21045,32601,4455,15753,3068,28146,327,147,180
21050,32611,4455,15756,3068,28156,327,147,180
21055,32617,4456,15760,3069,28161,327,147,180
21060,32628,4457,15764,3069,28171,327,147,180
21065,32632,4457,15766,3069,28175,327,147,180
21070,32642,4457,15771,3069,28184,327,147,180
21075,32648,4459,15773,3070,28189,327,147,180
21080,32659,4459,15777,3070,28200,327,147,180
21085,32663,4459,15779,3070,28204,327,147,180
21090,32673,4459,15783,3070,28214,327,147,180
21095,32679,4460,15786,3071,28219,327,147,180
21100,32690,4460,15791,3071,28230,327,147,180
21105,32694,4460,15792,3071,28234,327,147,180
21110,32704,4462,15795,3072,28241,327,147,180
21115,32710,4464,15796,3073,28246,327,147,180
21120,32721,4464,15802,3073,28257,328,147,181
21125,32725,4464,15805,3073,28261,328,147,181
21130,32735,4466,15811,3074,28269,328,147,181
21135,32741,4467,15812,3074,28274,328,147,181
21140,32752,4467,15816,3074,28285,328,147,181
21145,32756,4467,15817,3074,28289,328,147,181
21150,32766,4469,15824,3075,28297,328,147,181
21155,32772,4470,15827,3075,28302,328,147,181
21160,32783,4470,15832,3075,28313,328,147,181
21165,32787,4470,15835,3075,28317,328,147,181
21170,32797,4473,15839,3076,28324,328,147,181
21175,32803,4474,15844,3077,28328,328,147,181
21180,32814,4476,15850,3079,28337,328,147,181
21185,32818,4477,15852,3080,28341,328,147,181
21190,32828,4479,15857,3081,28349,328,147,181
21195,32834,4480,15862,3082,28354,328,147,181
21200,32845,4482,15867,3084,28363,329,148,181
21205,32849,4482,15869,3084,28367,329,148,181
21210,32859,4484,15872,3085,28375,329,148,181
21215,32865,4485,15876,3086,28380,329,148,181
21220,32876,4487,15882,3087,28389,330,149,181
21225,32880,4487,15884,3087,28393,330,149,181
21230,32890,4489,15889,3089,28400,330,149,181
21235,32896,4491,15892,3091,28405,330,149,181
21240,32907,4492,15896,3091,28415,331,150,181
21245,32911,4493,15897,3092,28418,331,150,181
21250,32921,4495,15901,3093,28426,331,150,181
21255,32927,4495,15902,3093,28432,331,150,181
21260,32938,4497,15909,3094,28441,331,150,181
21265,32942,4497,15910,3094,28445,331,150,181
21270,32952,4499,15918,3096,28453,331,150,181
21275,32958,4499,15921,3096,28459,331,150,181
21280,32969,4500,15925,3097,28469,331,150,181
21285,32973,4501,15929,3098,28472,331,150,181
21290,32983,4504,15938,3101,28479,331,150,181
21295,32989,4504,15939,3101,28485,331,150,181
21300,33000,4506,15945,3103,28494,331,150,181
21305,33004,4506,15947,3103,28498,331,150,181
21310,33014,4508,15949,3104,28506,331,150,181
21315,33020,4509,15950,3104,28511,331,150,181
21320,33031,4510,15955,3105,28521,331,150,181
21325,33035,4510,15958,3105,28525,331,150,181
21330,33045,4512,15962,3106,28532,331,150,181
21335,33051,4514,15965,3108,28536,331,150,181
21340,33062,4516,15973,3110,28546,331,150,181
21345,33066,4516,15974,3110,28550,331,150,181
21350,33076,4518,15980,3112,28558,331,150,181
21355,33082,4519,15982,3112,28562,331,150,181
21360,33093,4521,15987,3114,28572,331,150,181
21365,33097,4521,15990,3114,28576,331,150,181
21370,33107,4523,15994,3114,28584,331,150,181
21375,33113,4524,15999,3115,28589,331,150,181
21380,33124,4525,16003,3115,28599,332,151,181
21385,33128,4525,16005,3115,28603,332,151,181
21390,33138,4527,16009,3116,28610,332,151,181
21395,33144,4529,16015,3118,28614,332,151,181
21400,33155,4531,16017,3119,28624,333,151,182
21405,33159,4531,16019,3119,28628,333,151,182
21410,33169,4534,16024,3122,28634,333,151,182
21415,33175,4536,16025,3123,28639,333,151,182
21420,33186,4538,16028,3125,28648,334,151,183
21425,33190,4539,16030,3126,28651,334,151,183
21430,33200,4540,16037,3127,28660,334,151,183
21435,33206,4540,16041,3127,28666,334,151,183
21440,33217,4540,16045,3127,28676,335,152,183
21445,33221,4541,16047,3128,28680,335,152,183
21450,33231,4542,16051,3129,28689,335,152,183
21455,33237,4542,16056,3129,28695,335,152,183
21460,33248,4543,16061,3130,28705,335,152,183
21465,33252,4543,16062,3130,28709,335,152,183
21470,33262,4544,16064,3130,28718,335,152,183
21475,33268,4544,16066,3130,28724,335,152,183
21480,33279,4545,16073,3131,28733,335,152,183
21485,33283,4546,16076,3132,28737,335,152,183
21490,33293,4547,16080,3132,28746,335,152,183
21495,33299,4547,16085,3132,28752,335,152,183
21500,33310,4548,16090,3133,28762,335,152,183
21505,33314,4548,16092,3133,28766,335,152,183
21510,33324,4549,16097,3134,28775,335,152,183
21515,33330,4549,16100,3134,28781,335,152,183
21520,33341,4549,16103,3134,28792,335,152,183
21525,33345,4549,16106,3134,28796,335,152,183
21530,33355,4550,16113,3135,28805,335,152,183
21535,33361,4551,16115,3136,28810,335,152,183
21540,33372,4553,16119,3137,28819,335,152,183
21545,33376,4553,16121,3137,28823,335,152,183
21550,33386,4555,16127,3138,28831,335,152,183
21555,33392,4556,16131,3139,28836,335,152,183
21560,33403,4558,16136,3140,28845,335,152,183
21565,33407,4559,16140,3141,28848,335,152,183
21570,33417,4561,16146,3143,28856,335,152,183
21575,33423,4563,16149,3145,28860,335,152,183
21580,33434,4565,16155,3146,28869,335,152,183
21585,33438,4565,16156,3146,28873,335,152,183
21590,33448,4566,16162,3146,28882,335,152,183
21595,33454,4567,16166,3147,28887,335,152,183
21600,33465,4568,16175,3148,28897,335,152,183
21605,33469,4568,16179,3148,28901,335,152,183
21610,33479,4569,16186,3149,28909,335,152,183
21615,33485,4571,16189,3150,28913,335,152,183
21620,33496,4573,16195,3152,28923,335,152,183
21625,33500,4573,16196,3152,28927,335,152,183
21630,33510,4574,16201,3152,28935,335,152,183
21635,33516,4576,16204,3153,28940,335,152,183
21640,33527,4577,16212,3154,28950,335,152,183
21645,33531,4577,16215,3154,28954,335,152,183
21650,33541,4579,16220,3155,28961,335,152,183
21655,33547,4581,16222,3157,28966,335,152,183
21660,33558,4582,16224,3158,28976,335,152,183
21665,33562,4582,16225,3158,28980,335,152,183
21670,33572,4584,16232,3159,28988,335,152,183
21675,33578,4584,16235,3159,28994,335,152,183
21680,33589,4585,16240,3160,29004,335,152,183
21685,33593,4585,16241,3160,29008,335,152,183
21690,33603,4587,16250,3161,29016,335,152,183
21695,33609,4587,16252,3161,29022,335,152,183
21700,33620,4587,16257,3161,29033,336,152,184
21705,33624,4588,16259,3162,29036,336,152,184
21710,33634,4590,16263,3162,29044,336,152,184
21715,33640,4590,16266,3162,29050,336,152,184
21720,33651,4590,16271,3162,29061,337,153,184
21725,33655,4590,16274,3162,29065,337,153,184
21730,33665,4592,16279,3162,29073,337,153,184
21735,33671,4592,16281,3162,29079,337,153,184
21740,33682,4593,16287,3163,29089,338,153,185
21745,33686,4593,16290,3163,29093,338,153,185
21750,33696,4595,16296,3165,29101,338,153,185
21755,33702,4595,16299,3165,29107,338,153,185
21760,33713,4595,16304,3165,29118,339,154,185
21765,33717,4595,16306,3165,29122,339,154,185
21770,33727,4597,16308,3166,29130,339,154,185
21775,33733,4598,16312,3167,29135,339,154,185
21780,33744,4600,16319,3169,29142,340,154,186
21785,33748,4602,16321,3171,29146,340,154,186
21790,33758,4604,16325,3172,29154,340,154,186
21795,33764,4605,16327,3173,29159,340,154,186
21800,33775,4605,16335,3173,29170,341,155,186
21805,33779,4605,16336,3173,29174,341,155,186
21810,33789,4607,16339,3173,29182,341,155,186
21815,33795,4608,16341,3173,29186,341,155,186
21820,33806,4610,16348,3175,29196,342,156,186
21825,33810,4610,16350,3175,29200,342,156,186
21830,33820,4612,16357,3176,29208,342,156,186
21835,33826,4613,16358,3177,29213,342,156,186
21840,33837,4613,16364,3177,29224,343,157,186
21845,33841,4613,16367,3177,29228,343,157,186
21850,33851,4614,16373,3178,29237,343,157,186
21855,33857,4615,16376,3179,29242,343,157,186
21860,33868,4616,16383,3179,29252,343,157,186
21865,33872,4616,16385,3179,29256,343,157,186
21870,33882,4617,16388,3179,29265,343,157,186
21875,33888,4618,16391,3180,29270,343,157,186
21880,33899,4619,16396,3180,29280,343,157,186
21885,33903,4619,16397,3180,29284,343,157,186
21890,33913,4621,16402,3182,29292,343,157,186
21895,33919,4623,16406,3183,29296,343,157,186
21900,33930,4626,16411,3185,29303,343,157,186
21905,33934,4627,16413,3186,29307,343,157,186
21910,33944,4628,16419,3187,29316,343,157,186
21915,33950,4628,16421,3187,29322,343,157,186
21920,33961,4630,16429,3189,29330,343,157,186
21925,33965,4631,16431,3190,29334,343,157,186
21930,33975,4632,16434,3190,29343,343,157,186
21935,33981,4632,16436,3190,29349,343,157,186
21940,33992,4633,16442,3191,29358,343,157,186
21945,33996,4634,16444,3192,29362,343,157,186
21950,34006,4636,16449,3193,29370,343,157,186
21955,34012,4636,16453,3193,29375,343,157,186
21960,34023,4639,16457,3196,29384,344,157,187
21965,34027,4639,16458,3196,29388,344,157,187
21970,34037,4639,16461,3196,29398,344,157,187
21975,34043,4639,16464,3196,29404,344,157,187
21980,34054,4640,16468,3196,29414,344,157,187
21985,34058,4640,16470,3196,29418,344,157,187
21990,34068,4640,16476,3196,29428,344,157,187
21995,34074,4640,16479,3196,29434,344,157,187
22000,34085,4641,16482,3196,29444,344,157,187
22005,34089,4641,16484,3196,29448,344,157,187
22010,34099,4641,16489,3196,29457,344,157,187
22015,34105,4644,16494,3199,29461,344,157,187
22020,34116,4647,16499,3201,29469,344,157,187
22025,34120,4647,16501,3201,29473,344,157,187
22030,34130,4647,16505,3201,29483,344,157,187
22035,34136,4648,16510,3202,29488,344,157,187
22040,34147,4648,16518,3202,29499,344,157,187
22045,34151,4648,16521,3202,29503,344,157,187
22050,34161,4648,16526,3202,29513,344,157,187
22055,34167,4649,16529,3203,29518,344,157,187
22060,34178,4649,16535,3203,29529,344,157,187
22065,34182,4649,16538,3203,29533,344,157,187
22070,34192,4650,16543,3204,29542,344,157,187
22075,34198,4651,16546,3205,29546,344,157,187
22080,34209,4653,16551,3207,29556,345,157,188
22085,34213,4653,16552,3207,29560,345,157,188
22090,34223,4654,16560,3208,29569,345,157,188
22095,34229,4655,16563,3208,29574,345,157,188
22100,34240,4655,16570,3208,29585,346,158,188
22105,34244,4655,16572,3208,29589,346,158,188
22110,34254,4656,16577,3208,29598,346,158,188
22115,34260,4657,16580,3209,29603,346,158,188
22120,34271,4658,16588,3210,29613,347,159,188
22125,34275,4658,16589,3210,29617,347,159,188
22130,34285,4661,16594,3212,29623,347,159,188
22135,34291,4663,16595,3213,29628,347,159,188
22140,34302,4665,16601,3215,29637,348,159,189
22145,34306,4667,16605,3217,29639,348,159,189
22150,34316,4669,16606,3217,29647,348,159,189
22155,34322,4669,16608,3217,29653,348,159,189
22160,34333,4671,16613,3218,29661,348,159,189
22165,34337,4672,16614,3219,29665,348,159,189
22170,34347,4674,16623,3220,29673,348,159,189
22175,34353,4674,16625,3220,29679,348,159,189
22180,34364,4676,16629,3222,29687,348,159,189
22185,34368,4678,16631,3224,29690,348,159,189
22190,34378,4680,16635,3224,29698,348,159,189
22195,34384,4680,16639,3224,29704,348,159,189
22200,34395,4682,16645,3226,29712,348,159,189
22205,34399,4684,16648,3228,29715,348,159,189
22210,34409,4685,16650,3228,29724,348,159,189
22215,34415,4685,16654,3228,29730,348,159,189
22220,34426,4686,16660,3229,29740,348,159,189
22225,34430,4686,16663,3229,29744,348,159,189
22230,34440,4687,16670,3229,29753,348,159,189
22235,34446,4687,16671,3229,29759,348,159,189
22240,34457,4688,16677,3229,29769,348,159,189
22245,34461,4688,16680,3229,29773,348,159,189
22250,34471,4689,16684,3230,29781,348,159,189
22255,34477,4691,16688,3231,29785,348,159,189
22260,34488,4694,16695,3234,29794,348,159,189
22265,34492,4694,16697,3234,29798,348,159,189
22270,34502,4695,16701,3234,29807,348,159,189
22275,34508,4696,16704,3234,29812,348,159,189
22280,34519,4697,16710,3235,29822,348,159,189
22285,34523,4697,16712,3235,29826,348,159,189
22290,34533,4698,16716,3236,29835,348,159,189
22295,34539,4699,16720,3237,29840,348,159,189
22300,34550,4700,16726,3238,29850,348,159,189
22305,34554,4700,16727,3238,29854,348,159,189
22310,34564,4701,16731,3238,29863,348,159,189
22315,34570,4702,16733,3239,29868,348,159,189
22320,34581,4704,16738,3240,29877,349,160,189
22325,34585,4704,16740,3240,29881,349,160,189
22330,34595,4705,16745,3241,29890,349,160,189
22335,34601,4706,16746,3241,29895,349,160,189
22340,34612,4707,16750,3241,29905,350,160,190
22345,34616,4707,16752,3241,29909,350,160,190
22350,34626,4708,16758,3242,29918,350,160,190
22355,34632,4709,16760,3242,29923,350,160,190
22360,34643,4710,16765,3242,29933,351,160,191
22365,34647,4710,16768,3242,29937,351,160,191
22370,34657,4713,16775,3245,29943,351,160,191
22375,34663,4716,16778,3247,29946,351,160,191
22380,34674,4719,16784,3249,29955,352,161,191
22385,34678,4719,16785,3249,29959,352,161,191
22390,34688,4720,16789,3249,29968,352,161,191
22395,34694,4720,16792,3249,29973,352,161,191
22400,34705,4721,16797,3250,29984,352,161,191
22405,34709,4721,16799,3250,29988,352,161,191
22410,34719,4722,16803,3251,29997,352,161,191
22415,34725,4722,16805,3251,30002,352,161,191
22420,34736,4724,16811,3253,30012,352,161,191
22425,34740,4724,16812,3253,30016,352,161,191
22430,34750,4725,16816,3254,30025,352,161,191
22435,34756,4725,16819,3254,30031,352,161,191
22440,34767,4725,16823,3254,30042,352,161,191
22445,34771,4725,16824,3254,30046,352,161,191
22450,34781,4726,16830,3255,30055,352,161,191
22455,34787,4726,16831,3255,30061,352,161,191
22460,34798,4726,16836,3255,30072,352,161,191
22465,34802,4727,16839,3256,30075,352,161,191
22470,34812,4728,16843,3256,30084,352,161,191
22475,34818,4728,16848,3256,30089,352,161,191
22480,34829,4730,16853,3258,30099,352,161,191
22485,34833,4731,16857,3259,30102,352,161,191
22490,34843,4734,16863,3261,30109,352,161,191
22495,34849,4735,16866,3262,30114,352,161,191
22500,34860,4738,16872,3264,30121,352,161,191
22505,34864,4739,16875,3265,30125,352,161,191
22510,34874,4740,16878,3266,30134,352,161,191
22515,34880,4740,16879,3266,30140,352,161,191
22520,34891,4740,16882,3266,30150,352,161,191
22525,34895,4741,16883,3267,30154,352,161,191
22530,34905,4742,16888,3267,30163,352,161,191
22535,34911,4742,16892,3267,30169,352,161,191
22540,34922,4742,16896,3267,30179,352,161,191
22545,34926,4743,16897,3268,30183,352,161,191
22550,34936,4744,16904,3268,30192,352,161,191
22555,34942,4744,16907,3268,30198,352,161,191
22560,34953,4744,16911,3268,30208,352,161,191
22565,34957,4745,16914,3269,30212,352,161,191
22570,34967,4746,16918,3270,30221,352,161,191
22575,34973,4746,16920,3270,30227,352,161,191
22580,34984,4747,16923,3270,30237,352,161,191
22585,34988,4747,16925,3270,30241,352,161,191
22590,34998,4748,16931,3271,30250,352,161,191
22595,35004,4748,16934,3271,30256,352,161,191
22600,35015,4750,16939,3272,30265,352,161,191
22605,35019,4750,16940,3272,30269,352,161,191
22610,35029,4751,16946,3272,30277,352,161,191
22615,35035,4753,16949,3273,30281,352,161,191
22620,35046,4756,16953,3276,30289,352,161,191
22625,35050,4757,16954,3277,30293,352,161,191
22630,35060,4757,16958,3277,30303,352,161,191
22635,35066,4757,16961,3277,30309,352,161,191
22640,35077,4757,16972,3277,30320,353,162,191
22645,35081,4757,16975,3277,30324,353,162,191
22650,35091,4757,16978,3277,30334,353,162,191
22655,35097,4757,16982,3277,30340,353,162,191
22660,35108,4757,16987,3277,30351,354,163,191
22665,35112,4757,16988,3277,30355,354,163,191
22670,35122,4757,16991,3277,30365,354,163,191
22675,35128,4757,16994,3277,30371,354,163,191
22680,35139,4757,16998,3277,30382,355,164,191
22685,35143,4757,17002,3277,30386,355,164,191
22690,35153,4757,17006,3277,30396,355,164,191
22695,35159,4757,17010,3277,30402,355,164,191
22700,35170,4759,17017,3279,30411,356,164,192
22705,35174,4759,17020,3279,30415,356,164,192
22710,35184,4759,17024,3279,30425,356,164,192
22715,35190,4759,17027,3279,30431,356,164,192
22720,35201,4760,17035,3279,30441,357,165,192
22725,35205,4760,17037,3279,30445,357,165,192
22730,35215,4762,17040,3279,30453,357,165,192
22735,35221,4763,17041,3279,30458,357,165,192
22740,35232,4765,17047,3281,30467,358,166,192
22745,35236,4765,17049,3281,30471,358,166,192
22750,35246,4767,17054,3282,30478,358,166,192
22755,35252,4769,17059,3284,30482,358,166,192
22760,35263,4770,17062,3285,30493,358,166,192
22765,35267,4771,17065,3286,30496,358,166,192
22770,35277,4773,17069,3287,30504,358,166,192
22775,35283,4774,17070,3287,30509,358,166,192
22780,35294,4774,17076,3287,30520,358,166,192
22785,35298,4774,17077,3287,30524,358,166,192
22790,35308,4776,17081,3287,30531,358,166,192
22795,35314,4778,17085,3289,30536,358,166,192
22800,35325,4778,17091,3289,30547,358,166,192
22805,35329,4778,17091,3289,30551,358,166,192
22810,35339,4780,17096,3291,30559,358,166,192
22815,35345,4781,17098,3292,30564,358,166,192
22820,35356,4781,17099,3292,30575,358,166,192
22825,35360,4782,17100,3293,30578,358,166,192
22830,35370,4784,17109,3294,30585,358,166,192
22835,35376,4786,17112,3296,30590,358,166,192
22840,35387,4786,17117,3296,30601,358,166,192
22845,35391,4786,17119,3296,30605,358,166,192
22850,35401,4788,17125,3298,30613,358,166,192
22855,35407,4789,17129,3299,30618,358,166,192
22860,35418,4791,17134,3301,30625,358,166,192
22865,35422,4795,17137,3305,30627,358,166,192
22870,35432,4796,17141,3306,30636,358,166,192
22875,35438,4796,17144,3306,30642,358,166,192
22880,35449,4796,17148,3306,30653,358,166,192
22885,35453,4796,17148,3306,30657,358,166,192
22890,35463,4797,17153,3307,30666,358,166,192
22895,35469,4797,17156,3307,30671,358,166,192
22900,35480,4799,17164,3309,30681,358,166,192
22905,35484,4799,17166,3309,30685,358,166,192
22910,35494,4800,17169,3309,30694,358,166,192
22915,35500,4800,17174,3309,30699,358,166,192
22920,35511,4802,17182,3311,30709,358,166,192
22925,35515,4802,17184,3311,30713,358,166,192
22930,35525,4804,17187,3311,30721,358,166,192
22935,35531,4804,17190,3311,30727,358,166,192
22940,35542,4804,17195,3311,30738,359,167,192
22945,35546,4804,17197,3311,30742,359,167,192
22950,35556,4806,17202,3312,30750,359,167,192
22955,35562,4806,17205,3312,30756,359,167,192
22960,35573,4806,17211,3312,30767,360,168,192
22965,35577,4806,17211,3312,30771,360,168,192
22970,35587,4808,17217,3313,30779,360,168,192
22975,35593,4810,17221,3314,30783,360,168,192
22980,35604,4813,17227,3316,30790,361,169,192
22985,35608,4815,17229,3318,30793,361,169,192
22990,35618,4817,17235,3320,30801,361,169,192
22995,35624,4817,17238,3320,30807,361,169,192
23000,35635,4818,17240,3320,30817,361,169,192
23005,35639,4818,17243,3320,30821,361,169,192
23010,35649,4820,17247,3320,30829,361,169,192
23015,35655,4820,17249,3320,30835,361,169,192
23020,35666,4821,17256,3320,30845,361,169,192
23025,35670,4821,17257,3320,30849,361,169,192
23030,35680,4823,17262,3321,30857,361,169,192
23035,35686,4823,17263,3321,30863,361,169,192
23040,35697,4824,17270,3322,30873,361,169,192
23045,35701,4824,17270,3322,30877,361,169,192
23050,35711,4826,17274,3322,30885,361,169,192
23055,35717,4826,17277,3322,30891,361,169,192
23060,35728,4827,17282,3323,30901,361,169,192
23065,35732,4827,17284,3323,30905,361,169,192
23070,35742,4829,17290,3324,30913,361,169,192
23075,35748,4829,17295,3324,30918,361,169,192
23080,35759,4831,17301,3326,30928,361,169,192
23085,35763,4831,17302,3326,30932,361,169,192
23090,35773,4833,17305,3327,30940,361,169,192
23095,35779,4835,17310,3328,30943,361,169,192
23100,35790,4839,17317,3332,30951,361,169,192
23105,35794,4839,17320,3332,30955,361,169,192
23110,35804,4840,17326,3332,30964,361,169,192
23115,35810,4841,17326,3332,30969,361,169,192
23120,35821,4841,17330,3332,30980,362,169,193
23125,35825,4841,17331,3332,30984,362,169,193
23130,35835,4842,17338,3333,30993,362,169,193
23135,35841,4843,17341,3334,30998,362,169,193
23140,35852,4843,17346,3334,31009,362,169,193
23145,35856,4843,17347,3334,31013,362,169,193
23150,35866,4844,17353,3335,31022,362,169,193
23155,35872,4845,17358,3336,31027,362,169,193
23160,35883,4845,17363,3336,31038,362,169,193
23165,35887,4845,17366,3336,31042,362,169,193
23170,35897,4846,17372,3337,31051,362,169,193
23175,35903,4847,17376,3337,31056,362,169,193
23180,35914,4847,17380,3337,31067,362,169,193
23185,35918,4847,17381,3337,31071,362,169,193
23190,35928,4848,17384,3338,31080,362,169,193
23195,35934,4849,17388,3338,31085,362,169,193
23200,35945,4849,17395,3338,31096,362,169,193
23205,35949,4849,17396,3338,31100,362,169,193
23210,35959,4851,17403,3340,31107,362,169,193
23215,35965,4854,17407,3343,31111,362,169,193
23220,35976,4857,17413,3346,31119,362,169,193
23225,35980,4858,17416,3347,31122,362,169,193
23230,35990,4859,17421,3347,31131,362,169,193
23235,35996,4859,17424,3347,31136,362,169,193
23240,36007,4860,17430,3348,31147,363,170,193
23245,36011,4860,17433,3348,31151,363,170,193
23250,36021,4861,17436,3348,31160,363,170,193
23255,36027,4861,17439,3348,31166,363,170,193
23260,36038,4861,17444,3348,31177,364,171,193
23265,36042,4861,17446,3348,31181,364,171,193
23270,36052,4862,17451,3349,31190,364,171,193
23275,36058,4862,17455,3349,31196,364,171,193
23280,36069,4862,17460,3349,31207,365,172,193
23285,36073,4862,17464,3349,31211,365,172,193
23290,36083,4863,17469,3349,31220,365,172,193
23295,36089,4863,17473,3349,31226,365,172,193
23300,36100,4863,17479,3349,31237,366,172,194
23305,36104,4863,17480,3349,31241,366,172,194
23310,36114,4864,17488,3350,31250,366,172,194
23315,36120,4864,17491,3350,31255,366,172,194
23320,36131,4865,17496,3351,31266,366,172,194
23325,36135,4865,17499,3351,31270,366,172,194
23330,36145,4867,17505,3351,31277,366,172,194
23335,36151,4869,17508,3353,31282,366,172,194
23340,36162,4873,17514,3357,31289,366,172,194
23345,36166,4873,17515,3357,31293,366,172,194
23350,36176,4874,17517,3357,31302,366,172,194
23355,36182,4874,17517,3357,31308,366,172,194
23360,36193,4874,17523,3357,31319,366,172,194
23365,36197,4874,17526,3357,31323,366,172,194
23370,36207,4875,17530,3357,31332,366,172,194
23375,36213,4875,17534,3357,31338,366,172,194
23380,36224,4875,17541,3357,31349,366,172,194
23385,36228,4875,17543,3357,31353,366,172,194
23390,36238,4876,17548,3357,31362,366,172,194
23395,36244,4876,17552,3357,31368,366,172,194
23400,36255,4876,17557,3357,31379,366,172,194
23405,36259,4876,17558,3357,31383,366,172,194
23410,36269,4877,17566,3358,31392,366,172,194
23415,36275,4877,17569,3358,31398,366,172,194
23420,36286,4877,17577,3358,31409,366,172,194
23425,36290,4877,17580,3358,31413,366,172,194
23430,36300,4878,17583,3358,31422,366,172,194
23435,36306,4878,17588,3358,31428,366,172,194
23440,36317,4878,17590,3358,31439,366,172,194
23445,36321,4878,17592,3358,31443,366,172,194
23450,36331,4880,17597,3358,31450,366,172,194
23455,36337,4883,17600,3360,31453,366,172,194
23460,36348,4885,17602,3361,31462,367,172,195
23465,36352,4887,17605,3363,31465,367,172,195
23470,36362,4889,17609,3363,31472,367,172,195
23475,36368,4891,17612,3364,31476,367,172,195
23480,36379,4893,17618,3366,31486,368,173,195
23485,36383,4894,17621,3367,31489,368,173,195
23490,36393,4896,17628,3368,31496,368,173,195
23495,36399,4898,17629,3369,31500,368,173,195
23500,36410,4899,17634,3370,31511,369,173,196
23505,36414,4899,17636,3370,31515,369,173,196
23510,36424,4901,17642,3371,31522,369,173,196
23515,36430,4903,17646,3372,31526,369,173,196
23520,36441,4905,17650,3374,31536,370,174,196
23525,36445,4905,17651,3374,31540,370,174,196
23530,36455,4906,17653,3375,31549,370,174,196
23535,36461,4907,17654,3375,31554,370,174,196
23540,36472,4908,17660,3376,31564,370,174,196
23545,36476,4908,17662,3376,31568,370,174,196
23550,36486,4909,17666,3377,31577,370,174,196
23555,36492,4910,17669,3377,31582,370,174,196
23560,36503,4911,17674,3378,31592,370,174,196
23565,36507,4911,17677,3378,31596,370,174,196
23570,36517,4912,17682,3379,31604,370,174,196
23575,36523,4914,17686,3381,31609,370,174,196
23580,36534,4915,17691,3381,31618,370,174,196
23585,36538,4916,17693,3382,31622,370,174,196
23590,36548,4916,17696,3382,31632,370,174,196
23595,36554,4916,17699,3382,31638,370,174,196
23600,36565,4917,17704,3382,31647,370,174,196
23605,36569,4918,17704,3383,31651,370,174,196
23610,36579,4918,17709,3383,31661,370,174,196
23615,36585,4918,17711,3383,31667,370,174,196
23620,36596,4920,17717,3385,31676,370,174,196
23625,36600,4920,17720,3385,31680,370,174,196
23630,36610,4920,17724,3385,31690,370,174,196
23635,36616,4920,17727,3385,31695,370,174,196
23640,36627,4922,17730,3386,31704,371,174,197
23645,36631,4923,17731,3387,31708,371,174,197
23650,36641,4924,17733,3388,31717,371,174,197
23655,36647,4924,17737,3388,31723,371,174,197
23660,36658,4925,17743,3389,31733,372,174,198
23665,36662,4926,17745,3390,31736,372,174,198
23670,36672,4927,17748,3391,31745,372,174,198
23675,36678,4927,17751,3391,31751,372,174,198
23680,36689,4928,17758,3392,31761,373,174,199
23685,36693,4928,17759,3392,31765,373,174,199
23690,36703,4930,17765,3393,31773,373,174,199
23695,36709,4931,17768,3394,31778,373,174,199
23700,36720,4931,17771,3394,31789,374,174,200
23705,36724,4931,17772,3394,31793,374,174,200
23710,36734,4932,17777,3395,31802,374,174,200
23715,36740,4932,17779,3395,31808,374,174,200
23720,36751,4932,17786,3395,31819,374,174,200
23725,36755,4932,17788,3395,31823,374,174,200
23730,36765,4933,17792,3395,31832,374,174,200
23735,36771,4933,17795,3395,31838,374,174,200
23740,36782,4933,17799,3395,31849,374,174,200
23745,36786,4933,17803,3395,31853,374,174,200
23750,36796,4934,17810,3396,31862,374,174,200
23755,36802,4934,17814,3396,31868,374,174,200
23760,36813,4934,17817,3396,31879,374,174,200
23765,36817,4934,17820,3396,31883,374,174,200
23770,36827,4936,17824,3398,31891,374,174,200
23775,36833,4936,17826,3398,31896,374,174,200
23780,36844,4937,17829,3399,31907,374,174,200
23785,36848,4937,17831,3399,31911,374,174,200
23790,36858,4939,17837,3401,31919,374,174,200
23795,36864,4939,17839,3401,31925,374,174,200
23800,36875,4939,17844,3401,31936,374,174,200
23805,36879,4939,17845,3401,31940,374,174,200
23810,36889,4941,17849,3402,31948,374,174,200
23815,36895,4942,17853,3402,31952,374,174,200
23820,36906,4946,17859,3405,31958,375,174,201
23825,36910,4948,17860,3407,31962,375,174,201
23830,36920,4949,17866,3408,31971,375,174,201
23835,36926,4949,17869,3408,31976,375,174,201
23840,36937,4950,17871,3409,31987,375,174,201
23845,36941,4950,17871,3409,31991,375,174,201
23850,36951,4951,17876,3410,32000,375,174,201
23855,36957,4951,17879,3410,32005,375,174,201
23860,36968,4952,17885,3411,32016,375,174,201
23865,36972,4952,17887,3411,32020,375,174,201
23870,36982,4953,17890,3412,32029,375,174,201
23875,36988,4953,17892,3412,32035,375,174,201
23880,36999,4953,17897,3412,32046,375,174,201
23885,37003,4953,17898,3412,32050,375,174,201
23890,37013,4954,17905,3412,32059,375,174,201
23895,37019,4954,17907,3412,32065,375,174,201
23900,37030,4954,17914,3412,32076,375,174,201
23905,37034,4954,17918,3412,32080,375,174,201
23910,37044,4955,17920,3412,32089,375,174,201
23915,37050,4955,17923,3412,32094,375,174,201
23920,37061,4956,17930,3413,32105,375,174,201
23925,37065,4956,17933,3413,32109,375,174,201
23930,37075,4959,17940,3416,32115,375,174,201
23935,37081,4961,17942,3418,32120,375,174,201
23940,37092,4964,17947,3420,32128,375,174,201
23945,37096,4964,17949,3420,32132,375,174,201
23950,37106,4966,17954,3421,32140,375,174,201
23955,37112,4966,17955,3421,32146,375,174,201
23960,37123,4968,17962,3423,32155,375,174,201
23965,37127,4968,17962,3423,32159,375,174,201
23970,37137,4970,17966,3424,32167,375,174,201
23975,37143,4970,17969,3424,32173,375,174,201
23980,37154,4972,17976,3425,32182,376,175,201
23985,37158,4972,17977,3425,32186,376,175,201
23990,37168,4974,17980,3426,32194,376,175,201
23995,37174,4974,17982,3426,32200,376,175,201
24000,37185,4975,17986,3427,32210,377,176,201
24005,37189,4976,17988,3428,32213,377,176,201
24010,37199,4978,17991,3430,32221,377,176,201
24015,37205,4978,17993,3430,32227,377,176,201
24020,37216,4979,17996,3430,32237,377,176,201
24025,37220,4979,17996,3430,32241,377,176,201
24030,37230,4981,18001,3432,32249,377,176,201
24035,37236,4981,18005,3432,32255,377,176,201
24040,37247,4982,18011,3433,32265,377,176,201
24045,37251,4982,18012,3433,32269,377,176,201
24050,37261,4985,18016,3434,32276,377,176,201
24055,37267,4986,18020,3434,32280,377,176,201
24060,37278,4990,18025,3437,32287,377,176,201
24065,37282,4992,18028,3439,32290,377,176,201
24070,37292,4994,18033,3441,32298,377,176,201
24075,37298,4995,18037,3442,32302,377,176,201
24080,37309,4997,18045,3444,32311,377,176,201
24085,37313,4998,18047,3445,32315,377,176,201
24090,37323,5000,18053,3446,32323,377,176,201
24095,37329,5001,18055,3447,32328,377,176,201
24100,37340,5002,18061,3447,32337,377,176,201
24105,37344,5004,18065,3449,32340,377,176,201
24110,37354,5006,18071,3451,32348,377,176,201
24115,37360,5007,18074,3452,32352,377,176,201
24120,37371,5010,18081,3455,32361,377,176,201
24125,37375,5010,18084,3455,32365,377,176,201
24130,37385,5011,18091,3456,32374,377,176,201
24135,37391,5012,18091,3456,32379,377,176,201
24140,37402,5013,18099,3457,32389,377,176,201
24145,37406,5013,18101,3457,32393,377,176,201
24150,37416,5014,18106,3457,32402,377,176,201
24155,37422,5015,18107,3457,32407,377,176,201
24160,37433,5017,18114,3459,32416,377,176,201
24165,37437,5017,18116,3459,32420,377,176,201
24170,37447,5018,18120,3459,32429,377,176,201
24175,37453,5019,18124,3460,32433,377,176,201
24180,37464,5022,18129,3463,32442,378,177,201
24185,37468,5022,18129,3463,32446,378,177,201
24190,37478,5022,18133,3463,32455,378,177,201
24195,37484,5024,18135,3464,32460,378,177,201
24200,37495,5024,18137,3464,32471,379,177,202
24205,37499,5024,18138,3464,32475,379,177,202
24210,37509,5024,18140,3464,32485,379,177,202
24215,37515,5025,18142,3464,32490,379,177,202
24220,37526,5025,18147,3464,32501,380,178,202
24225,37530,5025,18148,3464,32505,380,178,202
24230,37540,5026,18154,3464,32513,380,178,202
24235,37546,5028,18158,3466,32518,380,178,202
24240,37557,5028,18165,3466,32528,381,179,202
24245,37561,5029,18169,3467,32532,381,179,202
24250,37571,5030,18172,3467,32540,381,179,202
24255,37577,5032,18175,3468,32545,381,179,202
24260,37588,5033,18182,3469,32555,382,179,203
24265,37592,5033,18186,3469,32559,382,179,203
24270,37602,5034,18190,3469,32567,382,179,203
24275,37608,5036,18193,3470,32572,382,179,203
24280,37619,5036,18197,3470,32583,383,179,204
24285,37623,5036,18199,3470,32587,383,179,204
24290,37633,5038,18203,3470,32595,383,179,204
24295,37639,5039,18206,3471,32600,383,179,204
24300,37650,5040,18209,3472,32610,384,179,205
24305,37654,5041,18212,3473,32613,384,179,205
24310,37664,5043,18219,3475,32621,384,179,205
24315,37670,5043,18220,3475,32627,384,179,205
24320,37681,5044,18227,3476,32637,384,179,205
24325,37685,5044,18228,3476,32641,384,179,205
24330,37695,5046,18233,3477,32649,384,179,205
24335,37701,5046,18236,3477,32654,384,179,205
24340,37712,5048,18239,3478,32664,384,179,205
24345,37716,5048,18240,3478,32668,384,179,205
24350,37726,5050,18247,3479,32676,384,179,205
24355,37732,5050,18250,3479,32681,384,179,205
24360,37743,5052,18257,3480,32691,384,179,205
24365,37747,5052,18258,3480,32695,384,179,205
24370,37757,5054,18264,3481,32703,384,179,205
24375,37763,5054,18265,3481,32709,384,179,205
24380,37774,5055,18272,3482,32719,384,179,205
24385,37778,5055,18276,3482,32723,384,179,205
24390,37788,5057,18280,3482,32731,384,179,205
24395,37794,5057,18284,3482,32737,384,179,205
24400,37805,5058,18288,3482,32747,384,179,205
24405,37809,5058,18290,3482,32751,384,179,205
24410,37819,5060,18293,3482,32759,384,179,205
24415,37825,5061,18296,3482,32763,384,179,205
24420,37836,5064,18304,3485,32772,385,180,205
24425,37840,5064,18305,3485,32776,385,180,205
24430,37850,5064,18310,3485,32786,385,180,205
24435,37856,5064,18313,3485,32792,385,180,205
24440,37867,5064,18316,3485,32803,386,180,206
24445,37871,5064,18318,3485,32807,386,180,206
24450,37881,5064,18324,3485,32817,386,180,206
24455,37887,5064,18327,3485,32823,386,180,206
24460,37898,5064,18331,3485,32834,386,180,206
24465,37902,5064,18333,3485,32838,386,180,206
24470,37912,5064,18338,3485,32848,386,180,206
24475,37918,5064,18342,3485,32854,386,180,206
24480,37929,5064,18348,3485,32865,386,180,206
24485,37933,5064,18349,3485,32869,386,180,206
24490,37943,5064,18354,3485,32879,386,180,206
24495,37949,5064,18356,3485,32885,386,180,206
24500,37960,5064,18361,3485,32896,386,180,206
24505,37964,5064,18363,3485,32900,386,180,206
24510,37974,5064,18368,3485,32910,386,180,206
24515,37980,5064,18371,3485,32916,386,180,206
24520,37991,5064,18378,3485,32927,386,180,206
24525,37995,5064,18378,3485,32931,386,180,206
24530,38005,5066,18384,3486,32939,386,180,206
24535,38011,5067,18386,3486,32944,386,180,206
24540,38022,5070,18392,3489,32951,386,180,206
24545,38026,5071,18396,3490,32955,386,180,206
24550,38036,5072,18403,3491,32964,386,180,206
24555,38042,5072,18407,3491,32970,386,180,206
24560,38053,5073,18411,3492,32980,387,180,207
24565,38057,5073,18415,3492,32984,387,180,207
24570,38067,5074,18419,3492,32993,387,180,207
24575,38073,5074,18420,3492,32999,387,180,207
24580,38084,5074,18429,3492,33010,387,180,207
24585,38088,5074,18432,3492,33014,387,180,207
24590,38098,5075,18436,3492,33023,387,180,207
24595,38104,5075,18438,3492,33029,387,180,207
24600,38115,5075,18446,3492,33040,387,180,207
24605,38119,5075,18447,3492,33044,387,180,207
24610,38129,5076,18453,3493,33053,387,180,207
24615,38135,5076,18455,3493,33059,387,180,207
24620,38146,5078,18460,3494,33068,387,180,207
24625,38150,5078,18462,3494,33072,387,180,207
24630,38160,5079,18466,3495,33081,387,180,207
24635,38166,5079,18472,3495,33087,387,180,207
24640,38177,5081,18477,3496,33096,387,180,207
24645,38181,5081,18477,3496,33100,387,180,207
24650,38191,5083,18482,3498,33108,387,180,207
24655,38197,5084,18484,3498,33113,387,180,207
24660,38208,5086,18489,3499,33121,387,180,207
24665,38212,5087,18490,3500,33125,387,180,207
24670,38222,5088,18494,3501,33134,387,180,207
24675,38228,5090,18497,3503,33138,387,180,207
24680,38239,5090,18503,3503,33149,388,181,207
24685,38243,5090,18506,3503,33153,388,181,207
24690,38253,5091,18510,3503,33162,388,181,207
24695,38259,5093,18514,3505,33166,388,181,207
24700,38270,5094,18518,3506,33176,389,182,207
24705,38274,5095,18520,3507,33179,389,182,207
24710,38284,5096,18526,3508,33188,389,182,207
24715,38290,5098,18528,3509,33192,389,182,207
24720,38301,5098,18533,3509,33203,390,182,208
24725,38305,5098,18533,3509,33207,390,182,208
24730,38315,5100,18539,3509,33215,390,182,208
24735,38321,5100,18542,3509,33221,390,182,208
24740,38332,5100,18547,3509,33232,390,182,208
24745,38336,5100,18548,3509,33236,390,182,208
24750,38346,5102,18554,3510,33244,390,182,208
24755,38352,5102,18557,3510,33250,390,182,208
24760,38363,5102,18561,3510,33261,390,182,208
24765,38367,5102,18563,3510,33265,390,182,208
24770,38377,5104,18568,3511,33273,390,182,208
24775,38383,5104,18572,3511,33279,390,182,208
24780,38394,5104,18577,3511,33290,390,182,208
24785,38398,5104,18578,3511,33294,390,182,208
24790,38408,5106,18583,3513,33302,390,182,208
24795,38414,5106,18585,3513,33308,390,182,208
24800,38425,5106,18591,3513,33319,390,182,208
24805,38429,5106,18592,3513,33323,390,182,208
24810,38439,5108,18597,3514,33331,390,182,208
24815,38445,5108,18601,3514,33337,390,182,208
24820,38456,5108,18608,3514,33348,390,182,208
24825,38460,5108,18608,3514,33352,390,182,208
24830,38470,5110,18611,3514,33359,390,182,208
24835,38476,5112,18612,3516,33364,390,182,208
24840,38487,5114,18614,3517,33372,390,182,208
24845,38491,5115,18614,3518,33376,390,182,208
24850,38501,5117,18621,3519,33384,390,182,208
24855,38507,5117,18623,3519,33390,390,182,208
24860,38518,5119,18629,3520,33399,391,182,209
24865,38522,5121,18631,3522,33401,391,182,209
24870,38532,5123,18636,3523,33409,391,182,209
24875,38538,5123,18638,3523,33415,391,182,209
24880,38549,5124,18642,3524,33425,392,183,209
24885,38553,5125,18645,3525,33428,392,183,209
24890,38563,5127,18650,3526,33436,392,183,209
24895,38569,5127,18653,3526,33441,392,183,209
24900,38580,5130,18658,3529,33450,393,184,209
24905,38584,5130,18659,3529,33454,393,184,209
24910,38594,5131,18664,3530,33463,393,184,209
24915,38600,5131,18668,3530,33469,393,184,209
24920,38611,5131,18671,3530,33480,394,184,210
24925,38615,5131,18673,3530,33484,394,184,210
24930,38625,5132,18680,3531,33493,394,184,210
24935,38631,5132,18682,3531,33499,394,184,210
24940,38642,5132,18687,3531,33510,395,184,211
24945,38646,5132,18687,3531,33514,395,184,211
24950,38656,5134,18693,3532,33521,395,184,211
24955,38662,5137,18697,3535,33525,395,184,211
24960,38673,5138,18700,3536,33534,396,184,212
24965,38677,5139,18703,3537,33538,396,184,212
24970,38687,5140,18705,3537,33547,396,184,212
24975,38693,5140,18707,3537,33553,396,184,212
24980,38704,5140,18711,3537,33564,397,184,213
24985,38708,5140,18712,3537,33568,397,184,213
24990,38718,5141,18717,3538,33577,397,184,213
24995,38724,5141,18722,3538,33583,397,184,213
25000,38735,5141,18730,3538,33594,397,184,213
25005,38739,5141,18732,3538,33598,397,184,213
25010,38749,5143,18738,3539,33606,397,184,213
25015,38755,5143,18741,3539,33611,397,184,213
25020,38766,5145,18749,3541,33621,397,184,213
25025,38770,5146,18751,3542,33624,397,184,213
25030,38780,5148,18756,3542,33632,397,184,213
25035,38786,5148,18758,3542,33637,397,184,213
25040,38797,5149,18760,3543,33648,397,184,213
25045,38801,5149,18762,3543,33652,397,184,213
25050,38811,5150,18766,3544,33661,397,184,213
25055,38817,5150,18770,3544,33667,397,184,213
25060,38828,5150,18774,3544,33678,397,184,213
25065,38832,5150,18777,3544,33682,397,184,213
25070,38842,5152,18783,3545,33690,397,184,213
25075,38848,5153,18786,3545,33695,397,184,213
25080,38859,5155,18794,3547,33703,397,184,213
25085,38863,5157,18796,3549,33706,397,184,213
25090,38873,5159,18804,3550,33714,397,184,213
25095,38879,5160,18807,3550,33719,397,184,213
25100,38890,5162,18813,3552,33728,397,184,213
25105,38894,5162,18816,3552,33732,397,184,213
25110,38904,5164,18822,3552,33740,397,184,213
25115,38910,5165,18822,3552,33745,397,184,213
25120,38921,5166,18827,3552,33755,397,184,213
25125,38925,5167,18828,3553,33758,397,184,213
25130,38935,5169,18834,3553,33766,397,184,213
25135,38941,5170,18837,3554,33771,397,184,213
25140,38952,5173,18845,3556,33779,398,185,213
25145,38956,5173,18846,3556,33783,398,185,213
25150,38966,5175,18851,3556,33791,398,185,213
25155,38972,5176,18855,3557,33795,398,185,213
25160,38983,5178,18859,3559,33805,399,185,214
25165,38987,5178,18861,3559,33809,399,185,214
25170,38997,5180,18868,3560,33817,399,185,214
25175,39003,5181,18870,3560,33822,399,185,214
25180,39014,5182,18872,3561,33832,400,185,215
25185,39018,5182,18875,3561,33836,400,185,215
25190,39028,5184,18881,3562,33843,400,185,215
25195,39034,5186,18886,3564,33847,400,185,215
25200,39045,5189,18895,3567,33856,401,186,215
25205,39049,5189,18896,3567,33860,401,186,215
25210,39059,5189,18900,3567,33870,401,186,215
25215,39065,5189,18902,3567,33876,401,186,215
25220,39076,5189,18908,3567,33887,401,186,215
25225,39080,5189,18911,3567,33891,401,186,215
25230,39090,5189,18915,3567,33901,401,186,215
25235,39096,5189,18919,3567,33907,401,186,215
25240,39107,5189,18923,3567,33918,401,186,215
25245,39111,5189,18924,3567,33922,401,186,215
25250,39121,5189,18929,3567,33932,401,186,215
25255,39127,5189,18931,3567,33938,401,186,215
25260,39138,5189,18938,3567,33949,401,186,215
25265,39142,5189,18940,3567,33953,401,186,215
25270,39152,5189,18942,3567,33963,401,186,215
25275,39158,5189,18947,3567,33969,401,186,215
25280,39169,5189,18953,3567,33980,401,186,215
25285,39173,5189,18955,3567,33984,401,186,215
25290,39183,5189,18961,3567,33994,401,186,215
25295,39189,5189,18964,3567,34000,401,186,215
25300,39200,5189,18971,3567,34011,401,186,215
25305,39204,5189,18973,3567,34015,401,186,215
25310,39214,5191,18979,3569,34022,401,186,215
25315,39220,5193,18983,3571,34027,401,186,215
25320,39231,5195,18988,3572,34036,402,186,216
25325,39235,5196,18990,3573,34039,402,186,216
25330,39245,5198,18994,3573,34047,402,186,216
25335,39251,5198,18996,3573,34053,402,186,216
25340,39262,5199,19000,3573,34063,403,187,216
25345,39266,5199,19000,3573,34067,403,187,216
25350,39276,5201,19007,3574,34075,403,187,216
25355,39282,5201,19009,3574,34081,403,187,216
25360,39293,5202,19015,3574,34091,404,188,216
25365,39297,5202,19018,3574,34095,404,188,216
25370,39307,5204,19023,3575,34103,404,188,216
25375,39313,5204,19026,3575,34109,404,188,216
25380,39324,5206,19033,3577,34118,405,189,216
25385,39328,5206,19036,3577,34122,405,189,216
25390,39338,5208,19042,3579,34130,405,189,216
25395,39344,5208,19046,3579,34136,405,189,216
25400,39355,5210,19054,3581,34145,405,189,216
25405,39359,5210,19058,3581,34149,405,189,216
25410,39369,5212,19063,3582,34157,405,189,216
25415,39375,5212,19066,3582,34162,405,189,216
25420,39386,5214,19070,3583,34172,405,189,216
25425,39390,5214,19072,3583,34176,405,189,216
25430,39400,5216,19075,3583,34184,405,189,216
25435,39406,5218,19079,3584,34187,405,189,216
25440,39417,5221,19083,3586,34196,405,189,216
25445,39421,5222,19085,3587,34199,405,189,216
25450,39431,5224,19090,3587,34207,405,189,216
25455,39437,5224,19092,3587,34213,405,189,216
25460,39448,5226,19096,3589,34222,405,189,216
25465,39452,5227,19098,3590,34225,405,189,216
25470,39462,5229,19102,3591,34233,405,189,216
25475,39468,5229,19108,3591,34239,405,189,216
25480,39479,5231,19113,3593,34248,405,189,216
25485,39483,5231,19114,3593,34252,405,189,216
25490,39493,5233,19120,3594,34260,405,189,216
25495,39499,5233,19125,3594,34266,405,189,216
25500,39510,5235,19133,3596,34275,406,189,217
25505,39514,5235,19134,3596,34279,406,189,217
25510,39524,5237,19139,3597,34287,406,189,217
25515,39530,5237,19144,3597,34293,406,189,217
25520,39541,5239,19150,3599,34302,406,189,217
25525,39545,5239,19152,3599,34306,406,189,217
25530,39555,5241,19158,3601,34314,406,189,217
25535,39561,5241,19162,3601,34320,406,189,217
25540,39572,5242,19165,3602,34330,406,189,217
25545,39576,5242,19167,3602,34334,406,189,217
25550,39586,5244,19170,3603,34342,406,189,217
25555,39592,5245,19172,3604,34347,406,189,217
25560,39603,5246,19177,3605,34357,406,189,217
25565,39607,5246,19179,3605,34361,406,189,217
25570,39617,5248,19186,3606,34368,406,189,217
25575,39623,5250,19191,3608,34373,406,189,217
25580,39634,5251,19194,3609,34383,406,189,217
25585,39638,5251,19196,3609,34387,406,189,217
25590,39648,5253,19203,3610,34395,406,189,217
25595,39654,5254,19206,3611,34400,406,189,217
25600,39665,5255,19213,3611,34410,406,189,217
25605,39669,5255,19215,3611,34414,406,189,217
25610,39679,5257,19217,3612,34422,406,189,217
25615,39685,5258,19221,3612,34426,406,189,217
25620,39696,5261,19227,3614,34435,407,190,217
25625,39700,5261,19229,3614,34439,407,190,217
25630,39710,5263,19235,3616,34446,407,190,217
25635,39716,5265,19237,3618,34450,407,190,217
25640,39727,5268,19243,3620,34459,408,190,218
25645,39731,5268,19246,3620,34463,408,190,218
25650,39741,5270,19252,3621,34471,408,190,218
25655,39747,5271,19255,3621,34475,408,190,218
25660,39758,5273,19259,3622,34485,409,190,219
25665,39762,5273,19260,3622,34489,409,190,219
25670,39772,5276,19263,3624,34496,409,190,219
25675,39778,5277,19265,3625,34501,409,190,219
25680,39789,5279,19267,3627,34510,410,190,220
25685,39793,5279,19268,3627,34514,410,190,220
25690,39803,5280,19275,3628,34523,410,190,220
25695,39809,5280,19277,3628,34529,410,190,220
25700,39820,5281,19286,3629,34539,410,190,220
25705,39824,5281,19287,3629,34543,410,190,220
25710,39834,5282,19295,3629,34552,410,190,220
25715,39840,5282,19297,3629,34558,410,190,220
25720,39851,5283,19300,3629,34568,410,190,220
25725,39855,5283,19302,3629,34572,410,190,220
25730,39865,5284,19307,3630,34581,410,190,220
25735,39871,5284,19307,3630,34587,410,190,220
25740,39882,5285,19311,3631,34597,410,190,220
25745,39886,5285,19314,3631,34601,410,190,220
25750,39896,5286,19320,3632,34610,410,190,220
25755,39902,5286,19325,3632,34616,410,190,220
25760,39913,5287,19327,3632,34626,410,190,220
25765,39917,5287,19329,3632,34630,410,190,220
25770,39927,5288,19332,3633,34639,410,190,220
25775,39933,5288,19335,3633,34645,410,190,220
25780,39944,5289,19338,3633,34655,410,190,220
25785,39948,5289,19340,3633,34659,410,190,220
25790,39958,5291,19343,3634,34667,410,190,220
25795,39964,5293,19346,3635,34671,410,190,220
25800,39975,5294,19350,3635,34681,411,191,220
25805,39979,5295,19352,3636,34684,411,191,220
25810,39989,5297,19354,3637,34692,411,191,220
25815,39995,5298,19357,3638,34697,411,191,220
25820,40006,5298,19361,3638,34708,412,191,221
25825,40010,5298,19363,3638,34712,412,191,221
25830,40020,5300,19368,3638,34720,412,191,221
25835,40026,5301,19369,3638,34725,412,191,221
25840,40037,5302,19375,3639,34735,413,191,222
25845,40041,5302,19378,3639,34739,413,191,222
25850,40051,5304,19385,3641,34746,413,191,222
25855,40057,5306,19391,3643,34751,413,191,222
25860,40068,5307,19399,3644,34761,414,191,223
25865,40072,5307,19402,3644,34765,414,191,223
25870,40082,5309,19406,3645,34772,414,191,223
25875,40088,5311,19407,3646,34777,414,191,223
25880,40099,5311,19409,3646,34788,415,191,224
25885,40103,5311,19411,3646,34792,415,191,224
25890,40113,5313,19415,3646,34799,415,191,224
25895,40119,5315,19418,3647,34804,415,191,224
25900,40130,5316,19425,3648,34814,416,192,224
25905,40134,5316,19428,3648,34818,416,192,224
25910,40144,5318,19433,3649,34825,416,192,224
25915,40150,5320,19435,3650,34829,416,192,224
25920,40161,5323,19441,3653,34837,417,192,225
25925,40165,5324,19442,3654,34841,417,192,225
25930,40175,5324,19446,3654,34851,417,192,225
25935,40181,5324,19449,3654,34857,417,192,225
25940,40192,5325,19456,3655,34867,417,192,225
25945,40196,5325,19456,3655,34871,417,192,225
25950,40206,5325,19459,3655,34881,417,192,225
25955,40212,5325,19462,3655,34887,417,192,225
25960,40223,5326,19464,3655,34897,417,192,225
25965,40227,5326,19467,3655,34901,417,192,225
25970,40237,5326,19470,3655,34911,417,192,225
25975,40243,5326,19474,3655,34917,417,192,225
25980,40254,5327,19481,3656,34927,417,192,225
25985,40258,5327,19482,3656,34931,417,192,225
25990,40268,5327,19487,3656,34941,417,192,225
25995,40274,5327,19490,3656,34947,417,192,225
26000,40285,5328,19494,3656,34957,417,192,225
26005,40289,5328,19496,3656,34961,417,192,225
26010,40299,5328,19499,3656,34971,417,192,225
26015,40305,5328,19504,3656,34977,417,192,225
26020,40316,5329,19511,3657,34987,417,192,225
26025,40320,5329,19512,3657,34991,417,192,225
26030,40330,5331,19517,3658,34998,417,192,225
26035,40336,5333,19519,3659,35002,417,192,225
26040,40347,5337,19524,3662,35010,417,192,225
26045,40351,5337,19528,3662,35014,417,192,225
26050,40361,5339,19535,3664,35021,417,192,225
26055,40367,5341,19537,3665,35025,417,192,225
26060,40378,5342,19538,3666,35036,418,192,226
26065,40382,5342,19538,3666,35040,418,192,226
26070,40392,5345,19544,3669,35047,418,192,226
26075,40398,5346,19547,3670,35052,418,192,226
26080,40409,5348,19553,3672,35061,419,192,227
26085,40413,5348,19554,3672,35065,419,192,227
26090,40423,5350,19557,3673,35073,419,192,227
26095,40429,5351,19560,3674,35078,419,192,227
26100,40440,5353,19563,3676,35087,420,192,228
26105,40444,5353,19564,3676,35091,420,192,228
26110,40454,5354,19570,3677,35099,420,192,228
26115,40460,5356,19573,3678,35104,420,192,228
26120,40471,5357,19582,3679,35114,420,192,228
26125,40475,5357,19583,3679,35118,420,192,228
26130,40485,5358,19587,3679,35127,420,192,228
26135,40491,5359,19592,3680,35132,420,192,228
26140,40502,5360,19598,3681,35142,420,192,228
26145,40506,5360,19598,3681,35146,420,192,228
26150,40516,5361,19603,3682,35155,420,192,228
26155,40522,5362,19605,3683,35160,420,192,228
26160,40533,5364,19609,3684,35169,420,192,228
26165,40537,5364,19610,3684,35173,420,192,228
26170,40547,5365,19611,3684,35182,420,192,228
26175,40553,5365,19615,3684,35187,420,192,228
26180,40564,5367,19619,3685,35197,420,192,228
26185,40568,5367,19621,3685,35201,420,192,228
26190,40578,5368,19628,3686,35210,420,192,228
26195,40584,5368,19631,3686,35216,420,192,228
26200,40595,5369,19635,3687,35226,420,192,228
26205,40599,5369,19637,3687,35230,420,192,228
26210,40609,5370,19642,3687,35239,420,192,228
26215,40615,5370,19644,3687,35244,420,192,228
26220,40626,5372,19650,3688,35254,421,193,228
26225,40630,5372,19653,3688,35258,421,193,228
26230,40640,5373,19655,3688,35267,421,193,228
26235,40646,5373,19657,3688,35273,421,193,228
26240,40657,5374,19664,3689,35283,422,193,229
26245,40661,5374,19664,3689,35287,422,193,229
26250,40671,5375,19667,3689,35296,422,193,229
26255,40677,5375,19669,3689,35302,422,193,229
26260,40688,5376,19672,3689,35312,423,193,230
26265,40692,5377,19675,3690,35315,423,193,230
26270,40702,5379,19679,3690,35323,423,193,230
26275,40708,5380,19681,3691,35328,423,193,230
26280,40719,5381,19683,3691,35338,424,193,231
26285,40723,5382,19686,3692,35341,424,193,231
26290,40733,5384,19691,3692,35349,424,193,231
26295,40739,5385,19693,3692,35354,424,193,231
26300,40750,5386,19699,3693,35364,424,193,231
26305,40754,5386,19700,3693,35368,424,193,231
26310,40764,5388,19705,3695,35376,424,193,231
26315,40770,5389,19708,3695,35381,424,193,231
26320,40781,5390,19714,3696,35391,424,193,231
26325,40785,5390,19716,3696,35395,424,193,231
26330,40795,5392,19725,3697,35402,424,193,231
26335,40801,5394,19727,3698,35407,424,193,231
26340,40812,5395,19730,3698,35417,424,193,231
26345,40816,5396,19732,3699,35420,424,193,231
26350,40826,5398,19736,3700,35427,424,193,231
26355,40832,5400,19737,3701,35432,424,193,231
26360,40843,5401,19742,3702,35442,424,193,231
26365,40847,5401,19746,3702,35446,424,193,231
26370,40857,5403,19752,3702,35453,424,193,231
26375,40863,5405,19757,3704,35457,424,193,231
26380,40874,5407,19761,3705,35467,424,193,231
26385,40878,5407,19763,3705,35471,424,193,231
26390,40888,5410,19768,3707,35477,424,193,231
26395,40894,5412,19772,3708,35481,424,193,231
26400,40905,5415,19776,3710,35490,425,194,231
26405,40909,5415,19778,3710,35494,425,194,231
26410,40919,5416,19784,3711,35503,425,194,231
26415,40925,5416,19788,3711,35509,425,194,231
26420,40936,5417,19792,3712,35519,426,194,232
26425,40940,5417,19796,3712,35523,426,194,232
26430,40950,5418,19802,3712,35532,426,194,232
26435,40956,5418,19804,3712,35538,426,194,232
26440,40967,5418,19807,3712,35549,427,194,233
26445,40971,5418,19808,3712,35553,427,194,233
26450,40981,5419,19812,3712,35562,427,194,233
26455,40987,5419,19815,3712,35568,427,194,233
26460,40998,5420,19822,3713,35578,427,194,233
26465,41002,5420,19824,3713,35582,427,194,233
26470,41012,5421,19829,3713,35591,427,194,233
26475,41018,5421,19831,3713,35597,427,194,233
26480,41029,5422,19839,3714,35607,427,194,233
26485,41033,5422,19842,3714,35611,427,194,233
26490,41043,5423,19849,3715,35620,427,194,233
26495,41049,5423,19852,3715,35626,427,194,233
26500,41060,5423,19859,3715,35637,427,194,233
26505,41064,5423,19863,3715,35641,427,194,233
26510,41074,5425,19867,3716,35648,427,194,233
26515,41080,5427,19870,3718,35652,427,194,233
26520,41091,5431,19877,3722,35659,427,194,233
26525,41095,5432,19880,3723,35663,427,194,233
26530,41105,5434,19883,3724,35671,427,194,233
26535,41111,5435,19886,3724,35676,427,194,233
26540,41122,5436,19894,3725,35686,428,194,234
26545,41126,5436,19897,3725,35690,428,194,234
26550,41136,5438,19902,3726,35698,428,194,234
26555,41142,5439,19905,3726,35703,428,194,234
26560,41153,5440,19911,3727,35713,429,195,234
26565,41157,5441,19912,3728,35716,429,195,234
26570,41167,5443,19918,3729,35724,429,195,234
26575,41173,5444,19923,3730,35728,429,195,234
26580,41184,5445,19932,3731,35739,430,196,234
26585,41188,5445,19935,3731,35743,430,196,234
26590,41198,5446,19943,3732,35752,430,196,234
26595,41204,5447,19944,3732,35757,430,196,234
26600,41215,5448,19948,3733,35767,430,196,234
26605,41219,5448,19951,3733,35771,430,196,234
26610,41229,5449,19956,3734,35780,430,196,234
26615,41235,5450,19960,3735,35785,430,196,234
26620,41246,5451,19963,3736,35795,430,196,234
26625,41250,5451,19964,3736,35799,430,196,234
26630,41260,5452,19970,3737,35807,430,196,234
26635,41266,5454,19973,3739,35812,430,196,234
26640,41277,5456,19979,3740,35821,430,196,234
26645,41281,5457,19980,3741,35824,430,196,234
26650,41291,5459,19987,3742,35831,430,196,234
26655,41297,5461,19989,3744,35836,430,196,234
26660,41308,5463,19993,3745,35845,430,196,234
26665,41312,5463,19995,3745,35849,430,196,234
26670,41322,5465,19998,3746,35857,430,196,234
26675,41328,5466,20000,3746,35861,430,196,234
26680,41339,5469,20009,3749,35870,430,196,234
26685,41343,5469,20011,3749,35874,430,196,234
26690,41353,5471,20015,3750,35882,430,196,234
26695,41359,5472,20018,3751,35887,430,196,234
26700,41370,5473,20024,3752,35897,431,196,235
26705,41374,5473,20026,3752,35901,431,196,235
26710,41384,5474,20032,3752,35909,431,196,235
26715,41390,5476,20033,3753,35914,431,196,235
26720,41401,5477,20036,3754,35924,431,196,235
26725,41405,5477,20037,3754,35928,431,196,235
26730,41415,5478,20040,3754,35937,431,196,235
26735,41421,5479,20045,3755,35942,431,196,235
26740,41432,5480,20048,3755,35952,431,196,235
26745,41436,5480,20050,3755,35956,431,196,235
26750,41446,5481,20052,3755,35965,431,196,235
26755,41452,5482,20056,3756,35970,431,196,235
26760,41463,5483,20058,3756,35980,431,196,235
26765,41467,5483,20058,3756,35984,431,196,235
26770,41477,5485,20061,3757,35992,431,196,235
26775,41483,5486,20064,3757,35997,431,196,235
26780,41494,5488,20067,3759,36006,431,196,235
26785,41498,5489,20070,3760,36009,431,196,235
26790,41508,5491,20076,3761,36017,431,196,235
26795,41514,5492,20078,3761,36022,431,196,235
26800,41525,5495,20084,3763,36030,431,196,235
26805,41529,5496,20086,3764,36033,431,196,235
26810,41539,5498,20091,3764,36041,431,196,235
26815,41545,5499,20094,3765,36045,431,196,235
26820,41556,5501,20099,3767,36055,431,196,235
26825,41560,5501,20102,3767,36059,431,196,235
26830,41570,5503,20107,3769,36067,431,196,235
26835,41576,5504,20109,3770,36072,431,196,235
26840,41587,5505,20116,3771,36082,431,196,235
26845,41591,5505,20120,3771,36086,431,196,235
26850,41601,5507,20127,3772,36094,431,196,235
26855,41607,5508,20131,3773,36099,431,196,235
26860,41618,5509,20137,3774,36109,432,197,235
26865,41622,5509,20139,3774,36113,432,197,235
26870,41632,5511,20144,3776,36121,432,197,235
26875,41638,5512,20146,3776,36126,432,197,235
26880,41649,5514,20151,3778,36135,433,197,236
26885,41653,5515,20153,3779,36138,433,197,236
26890,41663,5517,20158,3780,36145,433,197,236
26895,41669,5519,20160,3781,36150,433,197,236
26900,41680,5520,20167,3781,36160,433,197,236
26905,41684,5521,20169,3782,36163,433,197,236
26910,41694,5523,20173,3783,36171,433,197,236
26915,41700,5524,20176,3784,36176,433,197,236
26920,41711,5525,20184,3785,36186,433,197,236
26925,41715,5527,20186,3787,36188,433,197,236
26930,41725,5529,20191,3787,36195,433,197,236
26935,41731,5532,20195,3790,36199,433,197,236
26940,41742,5534,20202,3792,36208,433,197,236
26945,41746,5535,20204,3793,36211,433,197,236
26950,41756,5537,20209,3795,36219,433,197,236
26955,41762,5537,20213,3795,36225,433,197,236
26960,41773,5538,20218,3795,36235,433,197,236
26965,41777,5538,20219,3795,36239,433,197,236
26970,41787,5540,20223,3797,36247,433,197,236
26975,41793,5540,20226,3797,36253,433,197,236
26980,41804,5541,20228,3797,36263,433,197,236
26985,41808,5541,20232,3797,36267,433,197,236
26990,41818,5543,20236,3798,36275,433,197,236
26995,41824,5543,20238,3798,36280,433,197,236
27000,41835,5545,20243,3799,36290,433,197,236
27005,41839,5545,20246,3799,36294,433,197,236
27010,41849,5546,20250,3799,36303,433,197,236
27015,41855,5546,20253,3799,36309,433,197,236
27020,41866,5548,20259,3801,36318,433,197,236
27025,41870,5548,20261,3801,36322,433,197,236
27030,41880,5549,20265,3801,36331,433,197,236
27035,41886,5549,20267,3801,36336,433,197,236
27040,41897,5552,20274,3804,36345,433,197,236
27045,41901,5552,20275,3804,36349,433,197,236
27050,41911,5554,20280,3806,36357,433,197,236
27055,41917,5555,20283,3807,36361,433,197,236
27060,41928,5559,20289,3811,36369,433,197,236
27065,41932,5559,20290,3811,36373,433,197,236
27070,41942,5559,20295,3811,36383,433,197,236
27075,41948,5560,20297,3811,36388,433,197,236
27080,41959,5560,20301,3811,36399,433,197,236
27085,41963,5560,20302,3811,36403,433,197,236
27090,41973,5560,20306,3811,36413,433,197,236
27095,41979,5561,20309,3812,36418,433,197,236
27100,41990,5561,20316,3812,36429,434,197,237
27105,41994,5562,20317,3813,36432,434,197,237
27110,42004,5563,20323,3814,36441,434,197,237
27115,42010,5564,20327,3815,36446,434,197,237
27120,42021,5565,20330,3816,36456,435,197,238
27125,42025,5567,20332,3818,36458,435,197,238
27130,42035,5569,20336,3819,36466,435,197,238
27135,42041,5570,20338,3819,36471,435,197,238
27140,42052,5570,20343,3819,36482,436,197,239
27145,42056,5571,20344,3820,36485,436,197,239
27150,42066,5573,20351,3822,36492,436,197,239
27155,42072,5575,20354,3824,36497,436,197,239
27160,42083,5576,20358,3825,36507,437,198,239
27165,42087,5577,20359,3826,36510,437,198,239
27170,42097,5579,20364,3828,36518,437,198,239
27175,42103,5580,20366,3828,36522,437,198,239
27180,42114,5584,20372,3832,36530,438,198,240
27185,42118,5584,20374,3832,36534,438,198,240
27190,42128,5585,20377,3833,36543,438,198,240
27195,42134,5586,20381,3834,36548,438,198,240
27200,42145,5587,20387,3835,36558,438,198,240
27205,42149,5587,20388,3835,36562,438,198,240
27210,42159,5587,20393,3835,36571,438,198,240
27215,42165,5589,20396,3837,36576,438,198,240
27220,42176,5591,20402,3838,36585,438,198,240
27225,42180,5591,20406,3838,36589,438,198,240
27230,42190,5591,20413,3838,36598,438,198,240
27235,42196,5593,20415,3840,36603,438,198,240
27240,42207,5594,20420,3841,36613,438,198,240
27245,42211,5595,20424,3842,36616,438,198,240
27250,42221,5595,20430,3842,36626,438,198,240
27255,42227,5596,20432,3843,36631,438,198,240
27260,42238,5597,20440,3844,36641,438,198,240
27265,42242,5597,20443,3844,36645,438,198,240
27270,42252,5597,20447,3844,36655,438,198,240
27275,42258,5598,20450,3844,36660,438,198,240
27280,42269,5599,20452,3844,36670,438,198,240
27285,42273,5599,20455,3844,36674,438,198,240
27290,42283,5601,20461,3845,36682,438,198,240
27295,42289,5602,20464,3845,36686,438,198,240
27300,42300,5605,20470,3848,36695,439,198,241
27305,42304,5605,20471,3848,36699,439,198,241
27310,42314,5607,20475,3848,36707,439,198,241
27315,42320,5608,20478,3848,36712,439,198,241
27320,42331,5610,20484,3849,36721,440,198,242
27325,42335,5611,20486,3850,36724,440,198,242
27330,42345,5614,20493,3852,36731,440,198,242
27335,42351,5616,20494,3853,36735,440,198,242
27340,42362,5618,20499,3855,36744,441,199,242
27345,42366,5618,20501,3855,36748,441,199,242
27350,42376,5621,20505,3858,36755,441,199,242
27355,42382,5622,20508,3858,36759,441,199,242
27360,42393,5625,20512,3860,36768,442,199,243
27365,42397,5625,20513,3860,36772,442,199,243
27370,42407,5627,20519,3862,36780,442,199,243
27375,42413,5627,20522,3862,36786,442,199,243
27380,42424,5627,20527,3862,36797,442,199,243
27385,42428,5627,20527,3862,36801,442,199,243
27390,42438,5629,20531,3863,36809,442,199,243
27395,42444,5629,20534,3863,36815,442,199,243
27400,42455,5629,20543,3863,36826,442,199,243
27405,42459,5629,20544,3863,36830,442,199,243
27410,42469,5631,20550,3864,36838,442,199,243
27415,42475,5631,20552,3864,36844,442,199,243
27420,42486,5631,20556,3864,36855,442,199,243
27425,42490,5631,20557,3864,36859,442,199,243
27430,42500,5633,20562,3864,36867,442,199,243
27435,42506,5633,20565,3864,36873,442,199,243
27440,42517,5634,20570,3865,36883,442,199,243
27445,42521,5634,20572,3865,36887,442,199,243
27450,42531,5636,20579,3867,36895,442,199,243
27455,42537,5636,20583,3867,36901,442,199,243
27460,42548,5637,20589,3868,36911,442,199,243
27465,42552,5637,20591,3868,36915,442,199,243
27470,42562,5639,20594,3869,36923,442,199,243
27475,42568,5640,20598,3870,36927,442,199,243
27480,42579,5644,20605,3873,36935,442,199,243
27485,42583,5645,20608,3874,36938,442,199,243
27490,42593,5646,20614,3875,36947,442,199,243
27495,42599,5647,20618,3876,36951,442,199,243
27500,42610,5648,20620,3877,36962,442,199,243
27505,42614,5648,20621,3877,36966,442,199,243
27510,42624,5649,20623,3877,36975,442,199,243
27515,42630,5650,20625,3877,36979,442,199,243
27520,42641,5651,20632,3878,36990,443,200,243
27525,42645,5651,20635,3878,36994,443,200,243
27530,42655,5652,20639,3879,37003,443,200,243
27535,42661,5653,20643,3879,37007,443,200,243
27540,42672,5654,20649,3880,37018,444,201,243
27545,42676,5654,20651,3880,37022,444,201,243
27550,42686,5655,20653,3880,37031,444,201,243
27555,42692,5656,20656,3880,37036,444,201,243
27560,42703,5656,20659,3880,37047,445,202,243
27565,42707,5656,20662,3880,37051,445,202,243
27570,42717,5657,20668,3880,37060,445,202,243
27575,42723,5658,20669,3880,37065,445,202,243
27580,42734,5658,20676,3880,37076,446,203,243
27585,42738,5658,20679,3880,37080,446,203,243
27590,42748,5660,20685,3881,37087,446,203,243
27595,42754,5662,20687,3883,37092,446,203,243
27600,42765,5663,20691,3883,37102,447,204,243
27605,42769,5664,20693,3884,37105,447,204,243
27610,42779,5665,20698,3884,37114,447,204,243
27615,42785,5666,20700,3885,37118,447,204,243
27620,42796,5669,20707,3888,37127,447,204,243
27625,42800,5669,20708,3888,37131,447,204,243
27630,42810,5670,20712,3888,37140,447,204,243
27635,42816,5671,20717,3889,37145,447,204,243
27640,42827,5672,20723,3890,37155,447,204,243
27645,42831,5672,20725,3890,37159,447,204,243
27650,42841,5673,20729,3890,37168,447,204,243
27655,42847,5674,20733,3891,37173,447,204,243
27660,42858,5677,20741,3894,37181,447,204,243
27665,42862,5677,20742,3894,37185,447,204,243
27670,42872,5678,20750,3895,37193,447,204,243
27675,42878,5680,20752,3897,37198,447,204,243
27680,42889,5682,20757,3899,37207,447,204,243
27685,42893,5682,20757,3899,37211,447,204,243
27690,42903,5683,20760,3899,37220,447,204,243
27695,42909,5684,20762,3900,37225,447,204,243
27700,42920,5686,20767,3901,37234,447,204,243
27705,42924,5687,20768,3902,37237,447,204,243
27710,42934,5689,20774,3903,37245,447,204,243
27715,42940,5690,20776,3903,37250,447,204,243
27720,42951,5693,20782,3906,37258,447,204,243
27725,42955,5694,20784,3907,37261,447,204,243
27730,42965,5696,20790,3908,37269,447,204,243
27735,42971,5696,20792,3908,37275,447,204,243
27740,42982,5697,20794,3908,37285,448,204,244
27745,42986,5697,20794,3908,37289,448,204,244
27750,42996,5699,20797,3909,37297,448,204,244
27755,43002,5699,20800,3909,37302,448,204,244
27760,43013,5701,20805,3910,37312,449,205,244
27765,43017,5702,20807,3911,37315,449,205,244
27770,43027,5704,20814,3912,37323,449,205,244
27775,43033,5704,20817,3912,37329,449,205,244
27780,43044,5705,20823,3912,37339,450,206,244
27785,43048,5705,20824,3912,37343,450,206,244
27790,43058,5707,20827,3912,37351,450,206,244
27795,43064,5707,20829,3912,37357,450,206,244
27800,43075,5708,20833,3913,37367,450,206,244
27805,43079,5708,20836,3913,37371,450,206,244
27810,43089,5710,20841,3915,37379,450,206,244
27815,43095,5710,20845,3915,37385,450,206,244
27820,43106,5711,20848,3915,37395,450,206,244
27825,43110,5711,20851,3915,37399,450,206,244
27830,43120,5713,20853,3915,37407,450,206,244
27835,43126,5714,20854,3915,37412,450,206,244
27840,43137,5715,20858,3915,37422,450,206,244
27845,43141,5715,20860,3915,37426,450,206,244
27850,43151,5717,20864,3915,37433,450,206,244
27855,43157,5719,20867,3916,37438,450,206,244
27860,43168,5720,20869,3917,37448,450,206,244
27865,43172,5720,20872,3917,37452,450,206,244
27870,43182,5722,20879,3919,37459,450,206,244
27875,43188,5724,20881,3920,37464,450,206,244
27880,43199,5725,20887,3921,37474,450,206,244
27885,43203,5725,20889,3921,37478,450,206,244
27890,43213,5727,20894,3921,37485,450,206,244
27895,43219,5729,20898,3922,37490,450,206,244
27900,43230,5730,20900,3923,37500,451,206,245
27905,43234,5730,20901,3923,37504,451,206,245
27910,43244,5732,20903,3923,37512,451,206,245
27915,43250,5733,20905,3924,37517,451,206,245
27920,43261,5733,20911,3924,37528,451,206,245
27925,43265,5734,20913,3925,37531,451,206,245
27930,43275,5736,20919,3927,37539,451,206,245
27935,43281,5737,20924,3928,37544,451,206,245
27940,43292,5738,20928,3929,37554,451,206,245
27945,43296,5739,20930,3930,37557,451,206,245
27950,43306,5741,20938,3931,37564,451,206,245
27955,43312,5743,20939,3932,37569,451,206,245
27960,43323,5745,20945,3934,37578,451,206,245
27965,43327,5745,20946,3934,37582,451,206,245
27970,43337,5746,20951,3935,37591,451,206,245
27975,43343,5746,20955,3935,37597,451,206,245
27980,43354,5746,20960,3935,37608,451,206,245
27985,43358,5746,20961,3935,37612,451,206,245
27990,43368,5747,20964,3935,37621,451,206,245
27995,43374,5747,20966,3935,37627,451,206,245
28000,43385,5747,20972,3935,37638,451,206,245
28005,43389,5747,20972,3935,37642,451,206,245
28010,43399,5748,20975,3935,37651,451,206,245
28015,43405,5748,20976,3935,37657,451,206,245
28020,43416,5751,20982,3937,37665,452,207,245
28025,43420,5751,20983,3937,37669,452,207,245
28030,43430,5753,20989,3938,37677,452,207,245
28035,43436,5753,20995,3938,37683,452,207,245
28040,43447,5754,21000,3938,37693,453,208,245
28045,43451,5754,21002,3938,37697,453,208,245
28050,43461,5755,21007,3938,37706,453,208,245
28055,43467,5755,21009,3938,37712,453,208,245
28060,43478,5758,21014,3941,37720,454,208,246
28065,43482,5758,21015,3941,37724,454,208,246
28070,43492,5760,21018,3942,37732,454,208,246
28075,43498,5761,21020,3943,37737,454,208,246
28080,43509,5763,21028,3945,37746,455,209,246
28085,43513,5764,21030,3946,37749,455,209,246
28090,43523,5766,21037,3947,37756,455,209,246
28095,43529,5768,21041,3949,37760,455,209,246
28100,43540,5769,21045,3950,37771,455,209,246
28105,43544,5769,21047,3950,37775,455,209,246
28110,43554,5770,21051,3951,37784,455,209,246
28115,43560,5771,21055,3951,37788,455,209,246
28120,43571,5772,21062,3952,37799,455,209,246
28125,43575,5772,21065,3952,37803,455,209,246
28130,43585,5773,21070,3953,37811,455,209,246
28135,43591,5775,21071,3955,37816,455,209,246
28140,43602,5775,21074,3955,37827,455,209,246
28145,43606,5775,21077,3955,37831,455,209,246
28150,43616,5776,21082,3955,37839,455,209,246
28155,43622,5778,21086,3957,37844,455,209,246
28160,43633,5778,21094,3957,37855,455,209,246
28165,43637,5778,21096,3957,37859,455,209,246
28170,43647,5779,21102,3958,37868,455,209,246
28175,43653,5780,21106,3958,37873,455,209,246
28180,43664,5780,21113,3958,37884,455,209,246
28185,43668,5780,21115,3958,37888,455,209,246
28190,43678,5781,21119,3959,37896,455,209,246
28195,43684,5783,21121,3960,37901,455,209,246
28200,43695,5786,21129,3963,37909,456,210,246
28205,43699,5786,21130,3963,37913,456,210,246
28210,43709,5788,21135,3963,37920,456,210,246
28215,43715,5790,21136,3964,37925,456,210,246
28220,43726,5791,21140,3964,37935,457,210,247
28225,43730,5792,21141,3965,37938,457,210,247
28230,43740,5794,21145,3966,37946,457,210,247
28235,43746,5795,21149,3967,37951,457,210,247
28240,43757,5796,21154,3967,37961,458,211,247
28245,43761,5797,21157,3968,37964,458,211,247
28250,43771,5799,21161,3969,37972,458,211,247
28255,43777,5800,21165,3970,37976,458,211,247
28260,43788,5802,21169,3971,37986,459,212,247
28265,43792,5803,21172,3972,37989,459,212,247
28270,43802,5805,21178,3973,37997,459,212,247
28275,43808,5806,21181,3973,38002,459,212,247
28280,43819,5807,21188,3974,38012,459,212,247
28285,43823,5808,21191,3975,38015,459,212,247
28290,43833,5810,21195,3975,38023,459,212,247
28295,43839,5811,21197,3976,38028,459,212,247
28300,43850,5812,21203,3976,38038,459,212,247
28305,43854,5813,21205,3977,38041,459,212,247
28310,43864,5815,21208,3977,38049,459,212,247
28315,43870,5816,21209,3977,38054,459,212,247
28320,43881,5817,21216,3977,38064,459,212,247
28325,43885,5817,21217,3977,38068,459,212,247
28330,43895,5819,21223,3978,38076,459,212,247
28335,43901,5820,21225,3978,38081,459,212,247
28340,43912,5820,21227,3978,38092,459,212,247
28345,43916,5820,21228,3978,38096,459,212,247
28350,43926,5822,21231,3978,38104,459,212,247
28355,43932,5823,21232,3978,38109,459,212,247
28360,43943,5823,21235,3978,38120,459,212,247
28365,43947,5824,21236,3979,38123,459,212,247
28370,43957,5826,21241,3981,38131,459,212,247
28375,43963,5827,21244,3982,38136,459,212,247
28380,43974,5827,21249,3982,38147,460,213,247
28385,43978,5828,21250,3983,38150,460,213,247
28390,43988,5829,21257,3983,38158,460,213,247
28395,43994,5831,21260,3984,38163,460,213,247
28400,44005,5831,21266,3984,38174,460,213,247
28405,44009,5831,21267,3984,38178,460,213,247
28410,44019,5832,21271,3984,38186,460,213,247
28415,44025,5834,21274,3986,38191,460,213,247
28420,44036,5834,21280,3986,38202,460,213,247
28425,44040,5834,21282,3986,38206,460,213,247
28430,44050,5835,21287,3986,38214,460,213,247
28435,44056,5837,21290,3988,38219,460,213,247
28440,44067,5837,21294,3988,38230,460,213,247
28445,44071,5837,21297,3988,38234,460,213,247
28450,44081,5838,21301,3988,38243,460,213,247
28455,44087,5839,21303,3989,38248,460,213,247
28460,44098,5840,21307,3990,38258,460,213,247
28465,44102,5841,21311,3991,38261,460,213,247
28470,44112,5843,21316,3993,38269,460,213,247
28475,44118,5845,21320,3995,38273,460,213,247
28480,44129,5847,21325,3997,38282,460,213,247
28485,44133,5847,21327,3997,38286,460,213,247
28490,44143,5849,21333,3998,38294,460,213,247
28495,44149,5851,21337,4000,38298,460,213,247
28500,44160,5854,21343,4002,38306,461,214,247
28505,44164,5855,21347,4003,38309,461,214,247
28510,44174,5857,21353,4004,38317,461,214,247
28515,44180,5857,21355,4004,38323,461,214,247
28520,44191,5858,21362,4005,38333,462,214,248
28525,44195,5859,21364,4006,38336,462,214,248
28530,44205,5861,21370,4008,38344,462,214,248
28535,44211,5861,21374,4008,38349,462,214,248
28540,44222,5863,21379,4010,38359,463,215,248
28545,44226,5863,21381,4010,38363,463,215,248
28550,44236,5865,21383,4010,38371,463,215,248
28555,44242,5865,21386,4010,38377,463,215,248
28560,44253,5866,21390,4010,38387,463,215,248
28565,44257,5867,21394,4011,38390,463,215,248
28570,44267,5869,21400,4012,38397,463,215,248
28575,44273,5871,21402,4013,38402,463,215,248
28580,44284,5874,21409,4015,38410,463,215,248
28585,44288,5874,21413,4015,38414,463,215,248
28590,44298,5876,21414,4015,38422,463,215,248
28595,44304,5877,21418,4016,38427,463,215,248
28600,44315,5879,21421,4017,38436,463,215,248
28605,44319,5879,21424,4017,38440,463,215,248
28610,44329,5881,21429,4018,38447,463,215,248
28615,44335,5883,21431,4020,38452,463,215,248
28620,44346,5886,21436,4022,38460,463,215,248
28625,44350,5886,21439,4022,38464,463,215,248
28630,44360,5888,21444,4023,38472,463,215,248
28635,44366,5888,21448,4023,38478,463,215,248
28640,44377,5889,21455,4024,38488,463,215,248
28645,44381,5890,21458,4025,38491,463,215,248
28650,44391,5892,21465,4026,38499,463,215,248
28655,44397,5892,21470,4026,38505,463,215,248
28660,44408,5893,21477,4027,38515,464,215,249
28665,44412,5893,21478,4027,38519,464,215,249
28670,44422,5895,21484,4028,38527,464,215,249
28675,44428,5895,21486,4028,38533,464,215,249
28680,44439,5896,21490,4029,38543,465,215,250
28685,44443,5896,21493,4029,38547,465,215,250
28690,44453,5897,21500,4030,38556,465,215,250
28695,44459,5897,21503,4030,38561,465,215,250
28700,44470,5899,21508,4032,38571,465,215,250
28705,44474,5899,21510,4032,38575,465,215,250
28710,44484,5900,21514,4033,38584,465,215,250
28715,44490,5900,21517,4033,38590,465,215,250
28720,44501,5901,21521,4034,38600,465,215,250
28725,44505,5901,21524,4034,38604,465,215,250
28730,44515,5902,21529,4034,38613,465,215,250
28735,44521,5903,21533,4035,38617,465,215,250
28740,44532,5905,21540,4037,38627,465,215,250
28745,44536,5905,21541,4037,38631,465,215,250
28750,44546,5905,21545,4037,38641,465,215,250
28755,44552,5906,21548,4037,38646,465,215,250
28760,44563,5908,21552,4038,38655,465,215,250
28765,44567,5909,21553,4039,38658,465,215,250
28770,44577,5910,21557,4040,38667,465,215,250
28775,44583,5911,21560,4041,38672,465,215,250
28780,44594,5912,21565,4041,38682,465,215,250
28785,44598,5913,21568,4042,38685,465,215,250
28790,44608,5914,21575,4043,38694,465,215,250
28795,44614,5916,21577,4044,38698,465,215,250
28800,44625,5917,21577,4044,38708,465,215,250
28805,44629,5917,21580,4044,38712,465,215,250
28810,44639,5918,21587,4045,38721,465,215,250
28815,44645,5919,21590,4046,38726,465,215,250
28820,44656,5919,21593,4046,38737,466,215,251
28825,44660,5919,21595,4046,38741,466,215,251
28830,44670,5920,21599,4046,38750,466,215,251
28835,44676,5921,21602,4047,38755,466,215,251
28840,44687,5922,21605,4048,38765,467,215,252
28845,44691,5923,21608,4049,38768,467,215,252
28850,44701,5924,21612,4050,38777,467,215,252
28855,44707,5925,21615,4051,38782,467,215,252
28860,44718,5926,21620,4052,38792,468,215,253
28865,44722,5926,21621,4052,38796,468,215,253
28870,44732,5928,21626,4052,38803,468,215,253
28875,44738,5930,21629,4053,38808,468,215,253
28880,44749,5930,21632,4053,38819,469,216,253
28885,44753,5931,21634,4054,38822,469,216,253
28890,44763,5933,21635,4054,38830,469,216,253
28895,44769,5934,21640,4055,38835,469,216,253
28900,44780,5935,21644,4056,38845,470,216,254
28905,44784,5936,21646,4057,38848,470,216,254
28910,44794,5939,21649,4059,38855,470,216,254
28915,44800,5940,21650,4059,38860,470,216,254
28920,44811,5943,21656,4061,38868,471,217,254
28925,44815,5944,21657,4062,38871,471,217,254
28930,44825,5945,21661,4062,38880,471,217,254
28935,44831,5946,21664,4063,38885,471,217,254
28940,44842,5947,21669,4063,38895,471,217,254
28945,44846,5948,21671,4064,38898,471,217,254
28950,44856,5949,21673,4064,38907,471,217,254
28955,44862,5949,21674,4064,38913,471,217,254
28960,44873,5951,21680,4065,38922,471,217,254
28965,44877,5952,21682,4066,38925,471,217,254
28970,44887,5953,21689,4067,38934,471,217,254
28975,44893,5953,21692,4067,38940,471,217,254
28980,44904,5954,21696,4067,38950,471,217,254
28985,44908,5954,21697,4067,38954,471,217,254
28990,44918,5955,21701,4067,38963,471,217,254
28995,44924,5955,21706,4067,38968,471,217,254
29000,44935,5958,21711,4069,38977,471,217,254
29005,44939,5958,21715,4069,38981,471,217,254
29010,44949,5959,21721,4070,38990,471,217,254
29015,44955,5959,21726,4070,38996,471,217,254
29020,44966,5961,21730,4071,39005,471,217,254
29025,44970,5961,21733,4071,39009,471,217,254
29030,44980,5963,21740,4073,39017,471,217,254
29035,44986,5964,21742,4073,39021,471,217,254
29040,44997,5968,21750,4076,39029,471,217,254
29045,45001,5968,21751,4076,39033,471,217,254
29050,45011,5970,21759,4078,39041,471,217,254
29055,45017,5971,21763,4078,39045,471,217,254
29060,45028,5972,21766,4079,39056,472,217,255
29065,45032,5973,21767,4080,39059,472,217,255
29070,45042,5975,21771,4080,39066,472,217,255
29075,45048,5977,21774,4081,39070,472,217,255
29080,45059,5978,21777,4082,39081,473,217,256
29085,45063,5979,21778,4083,39084,473,217,256
29090,45073,5981,21781,4083,39091,473,217,256
29095,45079,5983,21783,4084,39096,473,217,256
29100,45090,5984,21789,4085,39106,474,217,257
29105,45094,5984,21791,4085,39110,474,217,257
29110,45104,5985,21796,4086,39118,474,217,257
29115,45110,5987,21799,4087,39123,474,217,257
29120,45121,5989,21804,4089,39132,474,217,257
29125,45125,5989,21806,4089,39136,474,217,257
29130,45135,5990,21811,4089,39145,474,217,257
29135,45141,5991,21812,4090,39150,474,217,257
29140,45152,5993,21817,4091,39159,474,217,257
29145,45156,5993,21817,4091,39163,474,217,257
29150,45166,5994,21822,4092,39172,474,217,257
29155,45172,5995,21825,4093,39177,474,217,257
29160,45183,5998,21832,4096,39185,474,217,257
29165,45187,5998,21835,4096,39189,474,217,257
29170,45197,5999,21837,4097,39198,474,217,257
29175,45203,6001,21839,4098,39202,474,217,257
29180,45214,6003,21846,4099,39211,474,217,257
29185,45218,6003,21849,4099,39215,474,217,257
29190,45228,6005,21854,4100,39223,474,217,257
29195,45234,6006,21857,4101,39228,474,217,257
29200,45245,6009,21864,4104,39236,474,217,257
29205,45249,6009,21865,4104,39240,474,217,257
29210,45259,6011,21868,4105,39248,474,217,257
29215,45265,6013,21870,4106,39252,474,217,257
29220,45276,6016,21877,4108,39260,474,217,257
29225,45280,6016,21880,4108,39264,474,217,257
29230,45290,6017,21883,4108,39273,474,217,257
29235,45296,6017,21884,4108,39279,474,217,257
29240,45307,6017,21889,4108,39290,475,217,258
29245,45311,6017,21890,4108,39294,475,217,258
29250,45321,6018,21893,4108,39303,475,217,258
29255,45327,6018,21896,4108,39308,475,217,258
29260,45338,6019,21903,4109,39319,476,217,259
29265,45342,6019,21905,4109,39323,476,217,259
29270,45352,6020,21914,4110,39332,476,217,259
29275,45358,6020,21918,4110,39337,476,217,259
29280,45369,6021,21921,4111,39348,477,218,259
29285,45373,6021,21923,4111,39352,477,218,259
29290,45383,6021,21929,4111,39362,477,218,259
29295,45389,6021,21931,4111,39368,477,218,259
29300,45400,6021,21937,4111,39379,477,218,259
29305,45404,6021,21939,4111,39383,477,218,259
29310,45414,6021,21946,4111,39393,477,218,259
29315,45420,6021,21948,4111,39399,477,218,259
29320,45431,6021,21955,4111,39410,477,218,259
29325,45435,6021,21958,4111,39414,477,218,259
29330,45445,6022,21961,4112,39423,477,218,259
29335,45451,6024,21963,4113,39426,477,218,259
29340,45462,6027,21967,4115,39435,477,218,259
29345,45466,6027,21969,4115,39439,477,218,259
29350,45476,6028,21972,4115,39448,477,218,259
29355,45482,6029,21974,4116,39453,477,218,259
29360,45493,6031,21980,4117,39462,477,218,259
29365,45497,6031,21982,4117,39466,477,218,259
29370,45507,6032,21988,4118,39475,477,218,259
29375,45513,6033,21990,4118,39480,477,218,259
29380,45524,6035,21996,4119,39489,477,218,259
29385,45528,6035,21997,4119,39493,477,218,259
29390,45538,6037,22001,4119,39501,477,218,259
29395,45544,6038,22006,4120,39506,477,218,259
29400,45555,6039,22011,4121,39516,478,219,259
29405,45559,6040,22014,4122,39519,478,219,259
29410,45569,6042,22019,4123,39527,478,219,259
29415,45575,6043,22023,4124,39531,478,219,259
29420,45586,6046,22030,4126,39540,479,220,259
29425,45590,6046,22032,4126,39544,479,220,259
29430,45600,6048,22038,4127,39552,479,220,259
29435,45606,6049,22042,4128,39557,479,220,259
29440,45617,6050,22048,4129,39567,480,221,259
29445,45621,6051,22051,4130,39570,480,221,259
29450,45631,6053,22056,4131,39578,480,221,259
29455,45637,6054,22060,4132,39583,480,221,259
29460,45648,6056,22065,4133,39592,481,221,260
29465,45652,6056,22065,4133,39596,481,221,260
29470,45662,6059,22069,4135,39603,481,221,260
29475,45668,6061,22073,4137,39607,481,221,260
29480,45679,6063,22076,4138,39616,481,221,260
29485,45683,6064,22077,4139,39619,481,221,260
29490,45693,6066,22081,4140,39627,481,221,260
29495,45699,6068,22084,4141,39631,481,221,260
29500,45710,6070,22088,4142,39640,481,221,260
29505,45714,6072,22092,4144,39642,481,221,260
29510,45724,6075,22096,4145,39649,481,221,260
29515,45730,6076,22100,4146,39654,481,221,260
29520,45741,6077,22103,4146,39664,481,221,260
29525,45745,6077,22106,4146,39668,481,221,260
29530,45755,6079,22108,4146,39676,481,221,260
29535,45761,6080,22110,4147,39681,481,221,260
29540,45772,6081,22117,4147,39691,481,221,260
29545,45776,6081,22121,4147,39695,481,221,260
29550,45786,6083,22126,4148,39703,481,221,260
29555,45792,6084,22130,4148,39708,481,221,260
29560,45803,6086,22135,4150,39717,481,221,260
29565,45807,6086,22138,4150,39721,481,221,260
29570,45817,6088,22142,4150,39729,481,221,260
29575,45823,6089,22146,4151,39734,481,221,260
29580,45834,6090,22149,4151,39744,482,221,261
29585,45838,6091,22153,4152,39747,482,221,261
29590,45848,6093,22159,4153,39755,482,221,261
29595,45854,6094,22162,4153,39759,482,221,261
29600,45865,6096,22169,4155,39769,482,221,261
29605,45869,6096,22171,4155,39773,482,221,261
29610,45879,6097,22178,4155,39782,482,221,261
29615,45885,6098,22181,4156,39787,482,221,261
29620,45896,6099,22188,4157,39797,482,221,261
29625,45900,6099,22190,4157,39801,482,221,261
29630,45910,6100,22197,4158,39809,482,221,261
29635,45916,6102,22199,4160,39814,482,221,261
29640,45927,6103,22206,4161,39824,482,221,261
29645,45931,6104,22208,4162,39827,482,221,261
29650,45941,6105,22212,4163,39836,482,221,261
29655,45947,6105,22217,4163,39841,482,221,261
29660,45958,6107,22225,4165,39851,482,221,261
29665,45962,6107,22225,4165,39855,482,221,261
29670,45972,6108,22229,4165,39864,482,221,261
29675,45978,6108,22232,4165,39869,482,221,261
29680,45989,6110,22236,4166,39879,482,221,261
29685,45993,6110,22239,4166,39883,482,221,261
29690,46003,6111,22245,4166,39892,482,221,261
29695,46009,6111,22246,4166,39898,482,221,261
29700,46020,6113,22251,4168,39907,482,221,261
29705,46024,6113,22254,4168,39911,482,221,261
29710,46034,6113,22260,4168,39921,482,221,261
29715,46040,6113,22261,4168,39927,482,221,261
29720,46051,6113,22266,4168,39938,482,221,261
29725,46055,6113,22267,4168,39942,482,221,261
29730,46065,6113,22271,4168,39952,482,221,261
29735,46071,6113,22274,4168,39958,482,221,261
29740,46082,6113,22276,4168,39969,482,221,261
29745,46086,6113,22278,4168,39973,482,221,261
29750,46096,6114,22283,4168,39982,482,221,261
29755,46102,6116,22286,4169,39986,482,221,261
29760,46113,6118,22294,4171,39995,483,222,261
29765,46117,6118,22297,4171,39999,483,222,261
29770,46127,6119,22299,4171,40008,483,222,261
29775,46133,6120,22304,4172,40013,483,222,261
29780,46144,6120,22308,4172,40024,484,223,261
29785,46148,6121,22310,4173,40027,484,223,261
29790,46158,6122,22315,4174,40036,484,223,261
29795,46164,6123,22318,4175,40041,484,223,261
29800,46175,6123,22321,4175,40052,485,224,261
29805,46179,6123,22324,4175,40056,485,224,261
29810,46189,6125,22330,4177,40063,485,224,261
29815,46195,6127,22335,4179,40068,485,224,261
29820,46206,6128,22343,4180,40078,486,225,261
29825,46210,6128,22344,4180,40082,486,225,261
29830,46220,6130,22349,4181,40090,486,225,261
29835,46226,6131,22350,4181,40095,486,225,261
29840,46237,6131,22357,4181,40106,486,225,261
29845,46241,6133,22361,4183,40108,486,225,261
29850,46251,6135,22366,4185,40116,486,225,261
29855,46257,6136,22369,4185,40121,486,225,261
29860,46268,6136,22374,4185,40132,486,225,261
29865,46272,6137,22376,4186,40135,486,225,261
29870,46282,6139,22381,4187,40142,486,225,261
29875,46288,6141,22384,4189,40147,486,225,261
29880,46299,6143,22391,4191,40156,486,225,261
29885,46303,6143,22393,4191,40160,486,225,261
29890,46313,6145,22398,4192,40168,486,225,261
29895,46319,6145,22401,4192,40174,486,225,261
29900,46330,6147,22408,4193,40183,486,225,261
29905,46334,6148,22410,4194,40186,486,225,261
29910,46344,6150,22417,4195,40194,486,225,261
29915,46350,6150,22418,4195,40200,486,225,261
29920,46361,6152,22424,4197,40209,486,225,261
29925,46365,6153,22426,4198,40212,486,225,261
29930,46375,6155,22430,4198,40220,486,225,261
29935,46381,6155,22433,4198,40226,486,225,261
29940,46392,6156,22437,4199,40236,486,225,261
29945,46396,6156,22440,4199,40240,486,225,261
29950,46406,6157,22444,4199,40249,486,225,261
29955,46412,6158,22446,4200,40254,486,225,261
29960,46423,6160,22451,4201,40263,486,225,261
29965,46427,6160,22453,4201,40267,486,225,261
29970,46437,6161,22460,4202,40275,486,225,261
29975,46443,6163,22463,4203,40280,486,225,261
29980,46454,6165,22472,4205,40289,486,225,261
29985,46458,6165,22472,4205,40293,486,225,261
29990,46468,6166,22476,4205,40302,486,225,261
29995,46474,6167,22478,4205,40307,486,225,261
30000,46485,6169,22480,4207,40316,487,225,262
30005,46489,6170,22483,4208,40319,487,225,262
30010,46499,6172,22489,4210,40327,487,225,262
30015,46505,6173,22490,4210,40332,487,225,262
30020,46516,6175,22496,4212,40341,488,226,262
30025,46520,6176,22498,4213,40344,488,226,262
30030,46530,6178,22503,4214,40352,488,226,262
30035,46536,6179,22505,4214,40357,488,226,262
30040,46547,6180,22509,4215,40367,489,227,262
30045,46551,6180,22510,4215,40371,489,227,262
30050,46561,6182,22517,4216,40379,489,227,262
30055,46567,6183,22519,4216,40383,489,227,262
30060,46578,6184,22524,4217,40394,490,227,263
30065,46582,6184,22526,4217,40398,490,227,263
30070,46592,6185,22533,4217,40407,490,227,263
30075,46598,6186,22536,4217,40411,490,227,263
30080,46609,6187,22540,4218,40422,490,227,263
30085,46613,6187,22543,4218,40426,490,227,263
30090,46623,6188,22545,4218,40435,490,227,263
30095,46629,6189,22549,4219,40439,490,227,263
30100,46640,6191,22553,4221,40449,490,227,263
30105,46644,6191,22555,4221,40453,490,227,263
30110,46654,6192,22561,4221,40461,490,227,263
30115,46660,6194,22563,4222,40465,490,227,263
30120,46671,6197,22571,4225,40474,490,227,263
30125,46675,6197,22572,4225,40478,490,227,263
30130,46685,6197,22577,4225,40487,490,227,263
30135,46691,6199,22580,4226,40492,490,227,263
30140,46702,6201,22587,4228,40501,490,227,263
30145,46706,6201,22588,4228,40505,490,227,263
30150,46716,6201,22595,4228,40514,490,227,263
30155,46722,6203,22597,4229,40519,490,227,263
30160,46733,6205,22602,4230,40528,490,227,263
30165,46737,6205,22605,4230,40532,490,227,263
30170,46747,6206,22610,4230,40540,490,227,263
30175,46753,6208,22612,4231,40545,490,227,263
30180,46764,6210,22617,4232,40554,491,228,263
30185,46768,6210,22619,4232,40558,491,228,263
30190,46778,6212,22628,4234,40566,491,228,263
30195,46784,6213,22630,4235,40571,491,228,263
30200,46795,6214,22636,4235,40581,491,228,263
30205,46799,6215,22637,4236,40584,491,228,263
30210,46809,6217,22640,4237,40592,491,228,263
30215,46815,6218,22641,4237,40597,491,228,263
30220,46826,6219,22644,4237,40607,491,228,263
30225,46830,6220,22646,4238,40610,491,228,263
30230,46840,6223,22651,4240,40616,491,228,263
30235,46846,6225,22652,4241,40621,491,228,263
30240,46857,6226,22659,4242,40631,491,228,263
30245,46861,6227,22662,4243,40634,491,228,263
30250,46871,6229,22666,4244,40642,491,228,263
30255,46877,6230,22668,4245,40647,491,228,263
30260,46888,6231,22673,4245,40657,491,228,263
30265,46892,6231,22675,4245,40661,491,228,263
30270,46902,6233,22680,4247,40669,491,228,263
30275,46908,6233,22684,4247,40675,491,228,263
30280,46919,6234,22688,4248,40685,491,228,263
30285,46923,6235,22691,4249,40688,491,228,263
30290,46933,6237,22697,4249,40696,491,228,263
30295,46939,6237,22702,4249,40702,491,228,263
30300,46950,6238,22706,4250,40712,491,228,263
30305,46954,6238,22710,4250,40716,491,228,263
30310,46964,6240,22715,4251,40724,491,228,263
30315,46970,6240,22720,4251,40730,491,228,263
30320,46981,6242,22725,4253,40739,492,228,264
30325,46985,6242,22728,4253,40743,492,228,264
30330,46995,6245,22732,4254,40750,492,228,264
30335,47001,6245,22736,4254,40756,492,228,264
30340,47012,6247,22742,4256,40765,493,228,265
30345,47016,6247,22742,4256,40769,493,228,265
30350,47026,6249,22747,4257,40776,493,228,265
30355,47032,6251,22748,4258,40781,493,228,265
30360,47043,6251,22751,4258,40792,494,228,266
30365,47047,6251,22752,4258,40796,494,228,266
30370,47057,6251,22758,4258,40805,494,228,266
30375,47063,6253,22762,4259,40810,494,228,266
30380,47074,6253,22767,4259,40821,495,228,267
30385,47078,6253,22769,4259,40825,495,228,267
30390,47088,6253,22773,4259,40834,495,228,267
30395,47094,6255,22777,4261,40839,495,228,267
30400,47105,6255,22781,4261,40850,495,228,267
30405,47109,6255,22784,4261,40854,495,228,267
30410,47119,6255,22790,4261,40863,495,228,267
30415,47125,6257,22792,4262,40868,495,228,267
30420,47136,6260,22797,4264,40876,495,228,267
30425,47140,6260,22797,4264,40880,495,228,267
30430,47150,6260,22802,4264,40890,495,228,267
30435,47156,6261,22805,4264,40895,495,228,267
30440,47167,6262,22807,4264,40905,495,228,267
30445,47171,6263,22809,4265,40908,495,228,267
30450,47181,6263,22812,4265,40918,495,228,267
30455,47187,6264,22814,4266,40923,495,228,267
30460,47198,6266,22820,4267,40932,495,228,267
30465,47202,6267,22821,4268,40935,495,228,267
30470,47212,6268,22828,4269,40944,495,228,267
30475,47218,6269,22834,4270,40948,495,228,267
30480,47229,6272,22839,4272,40957,495,228,267
30485,47233,6272,22841,4272,40961,495,228,267
30490,47243,6273,22849,4273,40970,495,228,267
30495,47249,6274,22850,4273,40975,495,228,267
30500,47260,6275,22855,4274,40985,496,229,267
30505,47264,6275,22855,4274,40989,496,229,267
30510,47274,6276,22859,4275,40998,496,229,267
30515,47280,6277,22860,4275,41003,496,229,267
30520,47291,6278,22866,4276,41013,497,230,267
30525,47295,6278,22867,4276,41017,497,230,267
30530,47305,6280,22872,4277,41025,497,230,267
30535,47311,6281,22874,4277,41030,497,230,267
30540,47322,6283,22879,4279,41039,498,230,268
30545,47326,6284,22881,4280,41042,498,230,268
30550,47336,6286,22886,4281,41049,498,230,268
30555,47342,6288,22889,4283,41054,498,230,268
30560,47353,6290,22894,4284,41063,499,231,268
30565,47357,6291,22896,4285,41066,499,231,268
30570,47367,6294,22901,4287,41073,499,231,268
30575,47373,6295,22902,4287,41078,499,231,268
30580,47384,6297,22907,4289,41087,500,232,268
30585,47388,6298,22909,4290,41090,500,232,268
30590,47398,6301,22915,4292,41096,500,232,268
30595,47404,6303,22916,4293,41101,500,232,268
30600,47415,6304,22920,4293,41111,501,233,268
30605,47419,6304,22921,4293,41115,501,233,268
30610,47429,6305,22925,4293,41124,501,233,268
30615,47435,6306,22925,4293,41129,501,233,268
30620,47446,6307,22929,4293,41139,501,233,268
30625,47450,6307,22930,4293,41143,501,233,268
30630,47460,6308,22934,4293,41151,501,233,268
30635,47466,6310,22938,4295,41155,501,233,268
30640,47477,6312,22942,4297,41165,501,233,268
30645,47481,6312,22944,4297,41169,501,233,268
30650,47491,6313,22949,4298,41177,501,233,268
30655,47497,6315,22954,4300,41181,501,233,268
30660,47508,6317,22959,4302,41191,501,233,268
30665,47512,6317,22960,4302,41195,501,233,268
30670,47522,6318,22961,4302,41204,501,233,268
30675,47528,6319,22962,4302,41209,501,233,268
30680,47539,6320,22965,4303,41219,501,233,268
30685,47543,6320,22968,4303,41223,501,233,268
30690,47553,6322,22970,4304,41231,501,233,268
30695,47559,6323,22973,4305,41236,501,233,268
30700,47570,6324,22976,4306,41246,501,233,268
30705,47574,6324,22978,4306,41250,501,233,268
30710,47584,6326,22985,4308,41258,501,233,268
30715,47590,6327,22987,4308,41262,501,233,268
30720,47601,6330,22994,4311,41270,502,234,268
30725,47605,6332,22997,4313,41273,502,234,268
30730,47615,6334,23003,4314,41281,502,234,268
30735,47621,6334,23005,4314,41287,502,234,268
30740,47632,6335,23011,4315,41296,503,235,268
30745,47636,6337,23014,4317,41299,503,235,268
30750,47646,6339,23019,4318,41307,503,235,268
30755,47652,6339,23021,4318,41313,503,235,268
30760,47663,6339,23026,4318,41324,504,236,268
30765,47667,6339,23028,4318,41328,504,236,268
30770,47677,6341,23034,4319,41336,504,236,268
30775,47683,6341,23038,4319,41342,504,236,268
30780,47694,6342,23044,4320,41352,504,236,268
30785,47698,6343,23046,4321,41355,504,236,268
30790,47708,6345,23052,4322,41363,504,236,268
30795,47714,6345,23057,4322,41369,504,236,268
30800,47725,6346,23062,4323,41378,504,236,268
30805,47729,6348,23066,4325,41381,504,236,268
30810,47739,6350,23071,4326,41389,504,236,268
30815,47745,6350,23075,4326,41395,504,236,268
30820,47756,6350,23081,4326,41405,504,236,268
30825,47760,6352,23083,4328,41408,504,236,268
30830,47770,6354,23088,4329,41416,504,236,268
30835,47776,6356,23091,4331,41420,504,236,268
30840,47787,6358,23096,4333,41428,504,236,268
30845,47791,6359,23098,4334,41432,504,236,268
30850,47801,6360,23104,4335,41441,504,236,268
30855,47807,6361,23107,4336,41446,504,236,268
30860,47818,6362,23112,4337,41456,504,236,268
30865,47822,6362,23114,4337,41460,504,236,268
30870,47832,6364,23121,4339,41468,504,236,268
30875,47838,6365,23124,4340,41473,504,236,268
30880,47849,6367,23130,4342,41482,505,237,268
30885,47853,6368,23131,4343,41485,505,237,268
30890,47863,6370,23136,4344,41493,505,237,268
30895,47869,6371,23139,4345,41498,505,237,268
30900,47880,6373,23143,4346,41507,506,237,269
30905,47884,6373,23143,4346,41511,506,237,269
30910,47894,6374,23146,4347,41520,506,237,269
30915,47900,6375,23148,4347,41524,506,237,269
30920,47911,6377,23149,4348,41534,506,237,269
30925,47915,6377,23151,4348,41538,506,237,269
30930,47925,6379,23156,4349,41546,506,237,269
30935,47931,6380,23158,4350,41551,506,237,269
30940,47942,6382,23166,4352,41560,506,237,269
30945,47946,6382,23168,4352,41564,506,237,269
30950,47956,6383,23174,4353,41572,506,237,269
30955,47962,6385,23177,4354,41576,506,237,269
30960,47973,6388,23180,4356,41585,506,237,269
30965,47977,6389,23182,4357,41588,506,237,269
30970,47987,6390,23188,4358,41596,506,237,269
30975,47993,6392,23191,4359,41601,506,237,269
30980,48004,6393,23195,4360,41611,506,237,269
30985,48008,6394,23197,4361,41614,506,237,269
30990,48018,6395,23202,4361,41623,506,237,269
30995,48024,6396,23206,4362,41628,506,237,269
31000,48035,6397,23209,4362,41638,506,237,269
31005,48039,6398,23213,4363,41641,506,237,269
31010,48049,6400,23219,4365,41648,506,237,269
31015,48055,6402,23221,4366,41652,506,237,269
31020,48066,6406,23226,4370,41660,506,237,269
31025,48070,6406,23229,4370,41664,506,237,269
31030,48080,6407,23234,4370,41673,506,237,269
31035,48086,6407,23235,4370,41679,506,237,269
31040,48097,6407,23241,4370,41690,507,238,269
31045,48101,6407,23243,4370,41694,507,238,269
31050,48111,6408,23248,4370,41703,507,238,269
31055,48117,6408,23251,4370,41709,507,238,269
31060,48128,6408,23256,4370,41720,508,238,270
31065,48132,6408,23259,4370,41724,508,238,270
31070,48142,6409,23265,4370,41733,508,238,270
31075,48148,6409,23270,4370,41738,508,238,270
31080,48159,6411,23277,4372,41748,509,238,271
31085,48163,6411,23278,4372,41752,509,238,271
31090,48173,6412,23286,4373,41761,509,238,271
31095,48179,6412,23288,4373,41767,509,238,271
31100,48190,6412,23291,4373,41778,509,238,271
31105,48194,6413,23294,4374,41781,509,238,271
31110,48204,6414,23296,4374,41790,509,238,271
31115,48210,6414,23297,4374,41796,509,238,271
31120,48221,6415,23302,4375,41806,509,238,271
31125,48225,6415,23303,4375,41810,509,238,271
31130,48235,6416,23307,4375,41819,509,238,271
31135,48241,6417,23312,4375,41824,509,238,271
31140,48252,6419,23317,4377,41832,509,238,271
31145,48256,6420,23319,4378,41836,509,238,271
31150,48266,6422,23323,4378,41844,509,238,271
31155,48272,6423,23329,4379,41849,509,238,271
31160,48283,6425,23333,4380,41858,509,238,271
31165,48287,6425,23336,4380,41862,509,238,271
31170,48297,6427,23339,4381,41870,509,238,271
31175,48303,6428,23342,4382,41875,509,238,271
31180,48314,6429,23348,4382,41885,509,238,271
31185,48318,6429,23350,4382,41889,509,238,271
31190,48328,6431,23354,4383,41897,509,238,271
31195,48334,6432,23357,4384,41902,509,238,271
31200,48345,6434,23364,4385,41911,510,239,271
31205,48349,6434,23366,4385,41915,510,239,271
31210,48359,6435,23372,4386,41924,510,239,271
31215,48365,6436,23373,4386,41929,510,239,271
31220,48376,6437,23376,4387,41939,510,239,271
31225,48380,6437,23377,4387,41943,510,239,271
31230,48390,6438,23382,4387,41951,510,239,271
31235,48396,6440,23384,4388,41956,510,239,271
31240,48407,6441,23389,4389,41966,510,239,271
31245,48411,6441,23389,4389,41970,510,239,271
31250,48421,6443,23396,4391,41977,510,239,271
31255,48427,6445,23399,4392,41981,510,239,271
31260,48438,6448,23404,4394,41990,510,239,271
31265,48442,6449,23405,4395,41993,510,239,271
31270,48452,6450,23411,4395,42002,510,239,271
31275,48458,6451,23415,4396,42006,510,239,271
31280,48469,6454,23420,4399,42015,510,239,271
31285,48473,6454,23422,4399,42019,510,239,271
31290,48483,6455,23427,4400,42028,510,239,271
31295,48489,6455,23430,4400,42034,510,239,271
31300,48500,6455,23436,4400,42045,510,239,271
31305,48504,6455,23438,4400,42049,510,239,271
31310,48514,6457,23442,4401,42057,510,239,271
31315,48520,6457,23445,4401,42063,510,239,271
31320,48531,6457,23451,4401,42074,510,239,271
31325,48535,6457,23454,4401,42078,510,239,271
31330,48545,6459,23459,4402,42086,510,239,271
31335,48551,6459,23461,4402,42092,510,239,271
31340,48562,6461,23467,4404,42101,510,239,271
31345,48566,6461,23470,4404,42105,510,239,271
31350,48576,6463,23472,4404,42113,510,239,271
31355,48582,6463,23473,4404,42119,510,239,271
31360,48593,6465,23477,4406,42128,510,239,271
31365,48597,6465,23479,4406,42132,510,239,271
31370,48607,6467,23482,4407,42140,510,239,271
31375,48613,6468,23486,4408,42145,510,239,271
31380,48624,6470,23493,4410,42153,511,239,272
31385,48628,6471,23495,4411,42157,511,239,272
31390,48638,6473,23501,4412,42164,511,239,272
31395,48644,6475,23504,4413,42169,511,239,272
31400,48655,6475,23509,4413,42180,512,240,272
31405,48659,6476,23512,4414,42183,512,240,272
31410,48669,6478,23515,4415,42191,512,240,272
31415,48675,6479,23519,4416,42196,512,240,272
31420,48686,6480,23527,4417,42206,513,241,272
31425,48690,6480,23528,4417,42210,513,241,272
31430,48700,6482,23533,4419,42217,513,241,272
31435,48706,6484,23536,4421,42222,513,241,272
31440,48717,6485,23541,4421,42232,514,241,273
31445,48721,6485,23542,4421,42236,514,241,273
31450,48731,6485,23549,4421,42246,514,241,273
31455,48737,6486,23553,4422,42251,514,241,273
31460,48748,6487,23560,4423,42261,514,241,273
31465,48752,6487,23562,4423,42265,514,241,273
31470,48762,6487,23566,4423,42275,514,241,273
31475,48768,6488,23569,4423,42280,514,241,273
31480,48779,6489,23574,4424,42290,514,241,273
31485,48783,6489,23577,4424,42294,514,241,273
31490,48793,6490,23579,4425,42303,514,241,273
31495,48799,6491,23580,4425,42308,514,241,273
31500,48810,6492,23584,4425,42318,514,241,273
31505,48814,6492,23587,4425,42322,514,241,273
31510,48824,6493,23593,4426,42330,514,241,273
31515,48830,6495,23597,4428,42334,514,241,273
31520,48841,6497,23602,4430,42344,514,241,273
31525,48845,6497,23604,4430,42348,514,241,273
31530,48855,6498,23607,4430,42357,514,241,273
31535,48861,6499,23608,4430,42362,514,241,273
31540,48872,6500,23610,4430,42372,514,241,273
31545,48876,6500,23611,4430,42376,514,241,273
31550,48886,6502,23617,4432,42384,514,241,273
31555,48892,6503,23619,4432,42388,514,241,273
31560,48903,6506,23623,4434,42397,514,241,273
31565,48907,6506,23623,4434,42401,514,241,273
31570,48917,6507,23627,4434,42410,514,241,273
31575,48923,6507,23629,4434,42415,514,241,273
31580,48934,6509,23638,4436,42425,515,242,273
31585,48938,6509,23641,4436,42429,515,242,273
31590,48948,6510,23642,4436,42438,515,242,273
31595,48954,6510,23646,4436,42444,515,242,273
31600,48965,6512,23651,4438,42453,516,243,273
31605,48969,6513,23653,4439,42456,516,243,273
31610,48979,6514,23656,4439,42465,516,243,273
31615,48985,6514,23657,4439,42470,516,243,273
31620,48996,6516,23661,4440,42480,517,244,273
31625,49000,6516,23662,4440,42484,517,244,273
31630,49010,6516,23671,4440,42494,517,244,273
31635,49016,6516,23676,4440,42500,517,244,273
31640,49027,6517,23681,4441,42510,517,244,273
31645,49031,6517,23683,4441,42514,517,244,273
31650,49041,6517,23687,4441,42524,517,244,273
31655,49047,6517,23692,4441,42530,517,244,273
31660,49058,6518,23700,4442,42540,517,244,273
31665,49062,6518,23702,4442,42544,517,244,273
31670,49072,6519,23706,4442,42553,517,244,273
31675,49078,6520,23708,4442,42558,517,244,273
31680,49089,6523,23715,4445,42565,517,244,273
31685,49093,6524,23717,4446,42569,517,244,273
31690,49103,6525,23724,4447,42578,517,244,273
31695,49109,6526,23727,4448,42583,517,244,273
31700,49120,6527,23733,4448,42593,517,244,273
31705,49124,6527,23734,4448,42597,517,244,273
31710,49134,6528,23739,4448,42606,517,244,273
31715,49140,6529,23743,4449,42611,517,244,273
31720,49151,6530,23748,4449,42621,517,244,273
31725,49155,6531,23750,4450,42624,517,244,273
31730,49165,6533,23759,4452,42631,517,244,273
31735,49171,6535,23762,4454,42635,517,244,273
31740,49182,6537,23764,4455,42645,518,244,274
31745,49186,6537,23767,4455,42649,518,244,274
31750,49196,6539,23770,4456,42657,518,244,274
31755,49202,6540,23771,4456,42661,518,244,274
31760,49213,6543,23776,4459,42670,519,244,275
31765,49217,6543,23778,4459,42674,519,244,275
31770,49227,6545,23785,4460,42681,519,244,275
31775,49233,6547,23789,4462,42686,519,244,275
31780,49244,6549,23796,4464,42695,520,244,276
31785,49248,6549,23797,4464,42699,520,244,276
31790,49258,6551,23801,4465,42706,520,244,276
31795,49264,6554,23805,4468,42709,520,244,276
31800,49275,6557,23811,4471,42718,521,245,276
31805,49279,6557,23813,4471,42722,521,245,276
31810,49289,6557,23816,4471,42732,521,245,276
31815,49295,6557,23820,4471,42738,521,245,276
31820,49306,6557,23823,4471,42749,521,245,276
31825,49310,6557,23825,4471,42753,521,245,276
31830,49320,6557,23829,4471,42763,521,245,276
31835,49326,6557,23833,4471,42769,521,245,276
31840,49337,6557,23835,4471,42780,521,245,276
31845,49341,6557,23837,4471,42784,521,245,276
31850,49351,6557,23841,4471,42794,521,245,276
31855,49357,6557,23845,4471,42800,521,245,276
31860,49368,6557,23850,4471,42811,521,245,276
31865,49372,6557,23853,4471,42815,521,245,276
31870,49382,6557,23860,4471,42825,521,245,276
31875,49388,6557,23863,4471,42831,521,245,276
31880,49399,6557,23869,4471,42842,521,245,276
31885,49403,6557,23870,4471,42846,521,245,276
31890,49413,6557,23876,4471,42856,521,245,276
31895,49419,6557,23881,4471,42862,521,245,276
31900,49430,6557,23884,4471,42873,521,245,276
31905,49434,6557,23886,4471,42877,521,245,276
31910,49444,6559,23892,4473,42885,521,245,276
31915,49450,6560,23894,4473,42889,521,245,276
31920,49461,6564,23899,4476,42897,522,245,277
31925,49465,6565,23901,4477,42900,522,245,277
31930,49475,6567,23904,4478,42908,522,245,277
31935,49481,6568,23908,4479,42913,522,245,277
31940,49492,6569,23912,4480,42923,523,246,277
31945,49496,6570,23913,4481,42926,523,246,277
31950,49506,6572,23919,4482,42934,523,246,277
31955,49512,6572,23922,4482,42940,523,246,277
31960,49523,6572,23928,4482,42951,524,246,278
31965,49527,6573,23930,4483,42954,524,246,278
31970,49537,6575,23931,4483,42962,524,246,278
31975,49543,6575,23937,4483,42968,524,246,278
31980,49554,6576,23942,4484,42978,525,247,278
31985,49558,6577,23944,4485,42981,525,247,278
31990,49568,6579,23947,4485,42989,525,247,278
31995,49574,6579,23949,4485,42995,525,247,278
32000,49585,6579,23954,4485,43006,525,247,278
32005,49589,6579,23956,4485,43010,525,247,278
32010,49599,6581,23964,4486,43018,525,247,278
32015,49605,6581,23967,4486,43024,525,247,278
32020,49616,6582,23971,4487,43034,525,247,278
32025,49620,6582,23973,4487,43038,525,247,278
32030,49630,6584,23978,4488,43045,525,247,278
32035,49636,6586,23982,4490,43050,525,247,278
32040,49647,6588,23985,4491,43059,525,247,278
32045,49651,6589,23988,4492,43062,525,247,278
32050,49661,6590,23993,4493,43071,525,247,278
32055,49667,6591,23997,4493,43076,525,247,278
32060,49678,6592,24004,4494,43086,525,247,278
32065,49682,6593,24006,4495,43089,525,247,278
32070,49692,6594,24011,4496,43098,525,247,278
32075,49698,6595,24014,4497,43103,525,247,278
32080,49709,6597,24022,4499,43112,525,247,278
32085,49713,6598,24023,4500,43115,525,247,278
32090,49723,6599,24027,4500,43124,525,247,278
32095,49729,6600,24030,4501,43129,525,247,278
32100,49740,6602,24035,4502,43138,526,248,278
32105,49744,6602,24036,4502,43142,526,248,278
32110,49754,6603,24040,4502,43151,526,248,278
32115,49760,6604,24042,4502,43156,526,248,278
32120,49771,6604,24045,4502,43167,527,248,279
32125,49775,6605,24048,4503,43170,527,248,279
32130,49785,6606,24053,4503,43179,527,248,279
32135,49791,6607,24057,4504,43184,527,248,279
32140,49802,6607,24063,4504,43195,528,249,279
32145,49806,6607,24065,4504,43199,528,249,279
32150,49816,6609,24068,4504,43206,528,249,279
32155,49822,6611,24071,4506,43211,528,249,279
32160,49833,6613,24076,4508,43220,529,249,280
32165,49837,6613,24079,4508,43224,529,249,280
32170,49847,6615,24083,4509,43232,529,249,280
32175,49853,6615,24086,4509,43237,529,249,280
32180,49864,6617,24087,4510,43247,529,249,280
32185,49868,6617,24088,4510,43251,529,249,280
32190,49878,6619,24092,4511,43259,529,249,280
32195,49884,6619,24096,4511,43264,529,249,280
32200,49895,6622,24102,4513,43272,529,249,280
32205,49899,6624,24103,4515,43275,529,249,280
32210,49909,6626,24107,4515,43283,529,249,280
32215,49915,6626,24109,4515,43289,529,249,280
32220,49926,6629,24117,4518,43297,529,249,280
32225,49930,6629,24118,4518,43301,529,249,280
32230,49940,6630,24124,4518,43310,529,249,280
32235,49946,6630,24127,4518,43316,529,249,280
32240,49957,6632,24134,4520,43324,529,249,280
32245,49961,6633,24138,4521,43328,529,249,280
32250,49971,6634,24142,4521,43337,529,249,280
32255,49977,6634,24145,4521,43343,529,249,280
32260,49988,6635,24150,4521,43352,529,249,280
32265,49992,6636,24151,4522,43356,529,249,280
32270,50002,6637,24153,4522,43364,529,249,280
32275,50008,6639,24159,4524,43369,529,249,280
32280,50019,6640,24163,4524,43379,529,249,280
32285,50023,6640,24164,4524,43383,529,249,280
32290,50033,6642,24168,4525,43391,529,249,280
32295,50039,6643,24169,4525,43396,529,249,280
32300,50050,6644,24173,4525,43406,529,249,280
32305,50054,6644,24174,4525,43410,529,249,280
32310,50064,6646,24179,4526,43418,529,249,280
32315,50070,6647,24181,4526,43423,529,249,280
32320,50081,6648,24185,4526,43433,529,249,280
32325,50085,6648,24187,4526,43437,529,249,280
32330,50095,6650,24190,4526,43445,529,249,280
32335,50101,6651,24192,4527,43450,529,249,280
32340,50112,6653,24196,4529,43459,529,249,280
32345,50116,6654,24197,4530,43462,529,249,280
32350,50126,6656,24202,4531,43470,529,249,280
32355,50132,6657,24206,4532,43474,529,249,280
32360,50143,6659,24213,4534,43484,530,250,280
32365,50147,6660,24215,4535,43487,530,250,280
32370,50157,6662,24219,4536,43495,530,250,280
32375,50163,6663,24223,4537,43500,530,250,280
32380,50174,6664,24227,4538,43510,531,250,281
32385,50178,6664,24228,4538,43514,531,250,281
32390,50188,6666,24231,4538,43522,531,250,281
32395,50194,6667,24234,4539,43527,531,250,281
32400,50205,6669,24239,4541,43536,532,251,281
32405,50209,6669,24241,4541,43540,532,251,281
32410,50219,6669,24243,4541,43550,532,251,281
32415,50225,6669,24248,4541,43556,532,251,281
32420,50236,6669,24254,4541,43567,532,251,281
32425,50240,6669,24257,4541,43571,532,251,281
32430,50250,6669,24264,4541,43581,532,251,281
32435,50256,6669,24268,4541,43587,532,251,281
32440,50267,6669,24274,4541,43598,532,251,281
32445,50271,6669,24276,4541,43602,532,251,281
32450,50281,6669,24282,4541,43612,532,251,281
32455,50287,6669,24285,4541,43618,532,251,281
32460,50298,6669,24289,4541,43629,532,251,281
32465,50302,6669,24290,4541,43633,532,251,281
32470,50312,6670,24297,4542,43642,532,251,281
32475,50318,6670,24300,4542,43647,532,251,281
32480,50329,6671,24304,4543,43658,532,251,281
32485,50333,6672,24307,4544,43661,532,251,281
32490,50343,6673,24312,4545,43670,532,251,281
32495,50349,6673,24313,4545,43676,532,251,281
32500,50360,6673,24320,4545,43687,532,251,281
32505,50364,6673,24323,4545,43691,532,251,281
32510,50374,6675,24328,4545,43698,532,251,281
32515,50380,6678,24331,4547,43702,532,251,281
32520,50391,6680,24336,4549,43710,533,251,282
32525,50395,6682,24339,4551,43713,533,251,282
32530,50405,6684,24342,4551,43721,533,251,282
32535,50411,6685,24346,4552,43726,533,251,282
32540,50422,6686,24352,4553,43736,534,252,282
32545,50426,6686,24354,4553,43740,534,252,282
32550,50436,6688,24360,4555,43747,534,252,282
32555,50442,6690,24363,4556,43752,534,252,282
32560,50453,6691,24369,4557,43762,535,253,282
32565,50457,6691,24371,4557,43766,535,253,282
32570,50467,6693,24376,4557,43773,535,253,282
32575,50473,6695,24380,4559,43778,535,253,282
32580,50484,6695,24384,4559,43789,536,254,282
32585,50488,6696,24386,4560,43792,536,254,282
32590,50498,6698,24390,4561,43800,536,254,282
32595,50504,6699,24394,4562,43805,536,254,282
32600,50515,6700,24397,4563,43814,536,254,282
32605,50519,6701,24397,4564,43818,536,254,282
32610,50529,6703,24402,4565,43826,536,254,282
32615,50535,6704,24403,4565,43831,536,254,282
32620,50546,6706,24408,4566,43840,536,254,282
32625,50550,6707,24410,4567,43843,536,254,282
32630,50560,6709,24413,4567,43851,536,254,282
32635,50566,6711,24416,4569,43855,536,254,282
32640,50577,6713,24419,4571,43863,536,254,282
32645,50581,6715,24421,4573,43866,536,254,282
32650,50591,6718,24425,4574,43873,536,254,282
32655,50597,6720,24429,4576,43877,536,254,282
32660,50608,6721,24436,4576,43887,536,254,282
32665,50612,6723,24440,4578,43889,536,254,282
32670,50622,6725,24445,4580,43897,536,254,282
32675,50628,6725,24447,4580,43903,536,254,282
32680,50639,6726,24450,4580,43913,536,254,282
32685,50643,6727,24452,4581,43916,536,254,282
32690,50653,6730,24457,4584,43923,536,254,282
32695,50659,6730,24459,4584,43928,536,254,282
32700,50670,6733,24466,4587,43937,536,254,282
32705,50674,6733,24468,4587,43941,536,254,282
32710,50684,6734,24474,4588,43950,536,254,282
32715,50690,6735,24477,4589,43954,536,254,282
32720,50701,6736,24481,4590,43965,537,254,283
32725,50705,6736,24483,4590,43969,537,254,283
32730,50715,6737,24489,4591,43978,537,254,283
32735,50721,6738,24494,4592,43982,537,254,283
32740,50732,6739,24501,4593,43993,537,254,283
32745,50736,6739,24503,4593,43997,537,254,283
32750,50746,6740,24509,4593,44005,537,254,283
32755,50752,6742,24511,4595,44010,537,254,283
32760,50763,6742,24514,4595,44021,537,254,283
32765,50767,6742,24515,4595,44025,537,254,283
32770,50777,6743,24519,4595,44033,537,254,283
32775,50783,6745,24521,4596,44038,537,254,283
32780,50794,6745,24526,4596,44049,537,254,283
32785,50798,6745,24528,4596,44053,537,254,283
32790,50808,6746,24535,4597,44061,537,254,283
32795,50814,6748,24540,4599,44066,537,254,283
32800,50825,6748,24546,4599,44077,537,254,283
32805,50829,6748,24549,4599,44081,537,254,283
32810,50839,6750,24553,4599,44089,537,254,283
32815,50845,6751,24557,4599,44093,537,254,283
32820,50856,6754,24562,4601,44102,537,254,283
32825,50860,6755,24565,4602,44105,537,254,283
32830,50870,6757,24569,4603,44113,537,254,283
32835,50876,6758,24573,4604,44118,537,254,283
32840,50887,6760,24579,4606,44127,538,255,283
32845,50891,6762,24581,4608,44129,538,255,283
32850,50901,6764,24585,4608,44137,538,255,283
32855,50907,6765,24587,4608,44142,538,255,283
32860,50918,6767,24590,4609,44151,539,255,284
32865,50922,6767,24590,4609,44155,539,255,284
32870,50932,6769,24597,4611,44163,539,255,284
32875,50938,6770,24598,4611,44168,539,255,284
32880,50949,6772,24602,4612,44177,540,256,284
32885,50953,6772,24604,4612,44181,540,256,284
32890,50963,6774,24608,4614,44189,540,256,284
32895,50969,6775,24613,4615,44194,540,256,284
32900,50980,6777,24618,4617,44203,540,256,284
32905,50984,6778,24621,4618,44206,540,256,284
32910,50994,6780,24625,4618,44214,540,256,284
32915,51000,6781,24630,4618,44219,540,256,284
32920,51011,6782,24633,4619,44229,540,256,284
32925,51015,6782,24634,4619,44233,540,256,284
32930,51025,6784,24640,4620,44240,540,256,284
32935,51031,6786,24641,4621,44245,540,256,284
32940,51042,6788,24646,4622,44253,540,256,284
32945,51046,6789,24649,4623,44257,540,256,284
32950,51056,6790,24655,4624,44266,540,256,284
32955,51062,6790,24658,4624,44272,540,256,284
32960,51073,6790,24664,4624,44283,540,256,284
32965,51077,6790,24666,4624,44287,540,256,284
32970,51087,6791,24673,4625,44296,540,256,284
32975,51093,6791,24675,4625,44302,540,256,284
32980,51104,6791,24680,4625,44313,540,256,284
32985,51108,6791,24682,4625,44317,540,256,284
32990,51118,6792,24687,4626,44326,540,256,284
32995,51124,6792,24689,4626,44331,540,256,284
33000,51135,6793,24692,4627,44342,541,256,285
33005,51139,6793,24692,4627,44346,541,256,285
33010,51149,6795,24699,4629,44354,541,256,285
33015,51155,6795,24702,4629,44360,541,256,285
33020,51166,6797,24709,4630,44368,542,256,286
33025,51170,6800,24713,4633,44370,542,256,286
33030,51180,6802,24717,4634,44378,542,256,286
33035,51186,6802,24719,4634,44384,542,256,286
33040,51197,6805,24725,4637,44391,543,256,287
33045,51201,6806,24726,4638,44395,543,256,287
33050,51211,6809,24733,4641,44402,543,256,287
33055,51217,6810,24736,4641,44407,543,256,287
33060,51228,6811,24740,4642,44416,544,256,288
33065,51232,6812,24741,4643,44420,544,256,288
33070,51242,6814,24746,4644,44428,544,256,288
33075,51248,6815,24749,4645,44433,544,256,288
33080,51259,6815,24752,4645,44444,544,256,288
33085,51263,6817,24756,4647,44446,544,256,288
33090,51273,6819,24760,4648,44454,544,256,288
33095,51279,6820,24765,4649,44459,544,256,288
33100,51290,6820,24770,4649,44470,544,256,288
33105,51294,6820,24771,4649,44474,544,256,288
33110,51304,6822,24778,4651,44482,544,256,288
33115,51310,6823,24781,4652,44487,544,256,288
33120,51321,6823,24787,4652,44498,544,256,288
33125,51325,6823,24790,4652,44502,544,256,288
33130,51335,6825,24794,4652,44509,544,256,288
33135,51341,6827,24798,4653,44514,544,256,288
33140,51352,6828,24800,4654,44524,544,256,288
33145,51356,6828,24803,4654,44528,544,256,288
33150,51366,6830,24809,4655,44535,544,256,288
33155,51372,6832,24810,4656,44540,544,256,288
33160,51383,6833,24815,4656,44550,544,256,288
33165,51387,6833,24816,4656,44554,544,256,288
33170,51397,6835,24821,4658,44562,544,256,288
33175,51403,6836,24822,4659,44567,544,256,288
33180,51414,6837,24827,4660,44577,544,256,288
33185,51418,6837,24829,4660,44581,544,256,288
33190,51428,6837,24837,4660,44590,544,256,288
33195,51434,6839,24841,4662,44595,544,256,288
33200,51445,6841,24847,4663,44604,545,257,288
33205,51449,6841,24848,4663,44608,545,257,288
33210,51459,6841,24852,4663,44618,545,257,288
33215,51465,6842,24854,4663,44623,545,257,288
33220,51476,6843,24858,4664,44633,546,257,289
33225,51480,6843,24860,4664,44637,546,257,289
33230,51490,6843,24866,4664,44646,546,257,289
33235,51496,6845,24867,4665,44651,546,257,289
33240,51507,6849,24872,4668,44658,547,257,290
33245,51511,6849,24873,4668,44662,547,257,290
33250,51521,6850,24876,4669,44671,547,257,290
33255,51527,6850,24877,4669,44677,547,257,290
33260,51538,6850,24883,4669,44688,547,257,290
33265,51542,6850,24886,4669,44692,547,257,290
33270,51552,6851,24888,4669,44701,547,257,290
33275,51558,6851,24892,4669,44707,547,257,290
33280,51569,6852,24898,4670,44717,547,257,290
33285,51573,6853,24900,4671,44720,547,257,290
33290,51583,6855,24903,4671,44728,547,257,290
33295,51589,6855,24907,4671,44733,547,257,290
33300,51600,6858,24914,4674,44742,547,257,290
33305,51604,6858,24916,4674,44746,547,257,290
33310,51614,6859,24919,4674,44755,547,257,290
33315,51620,6859,24921,4674,44760,547,257,290
33320,51631,6861,24925,4676,44770,547,257,290
33325,51635,6861,24926,4676,44774,547,257,290
33330,51645,6862,24931,4676,44783,547,257,290
33335,51651,6862,24934,4676,44788,547,257,290
33340,51662,6863,24940,4677,44799,547,257,290
33345,51666,6863,24941,4677,44803,547,257,290
33350,51676,6864,24945,4677,44812,547,257,290
33355,51682,6865,24948,4678,44817,547,257,290
33360,51693,6869,24953,4681,44824,548,258,290
33365,51697,6870,24956,4682,44827,548,258,290
33370,51707,6871,24959,4683,44836,548,258,290
33375,51713,6871,24961,4683,44842,548,258,290
33380,51724,6872,24966,4683,44852,549,259,290
33385,51728,6872,24969,4683,44856,549,259,290
33390,51738,6873,24974,4684,44865,549,259,290
33395,51744,6873,24977,4684,44871,549,259,290
33400,51755,6874,24982,4685,44881,549,259,290
33405,51759,6874,24984,4685,44885,549,259,290
33410,51769,6875,24992,4686,44894,549,259,290
33415,51775,6875,24995,4686,44900,549,259,290
33420,51786,6876,25000,4686,44910,549,259,290
33425,51790,6876,25002,4686,44914,549,259,290
33430,51800,6877,25008,4687,44923,549,259,290
33435,51806,6877,25009,4687,44929,549,259,290
33440,51817,6877,25014,4687,44940,549,259,290
33445,51821,6877,25016,4687,44944,549,259,290
33450,51831,6878,25023,4687,44953,549,259,290
33455,51837,6878,25028,4687,44959,549,259,290
33460,51848,6878,25036,4687,44970,549,259,290
33465,51852,6878,25038,4687,44974,549,259,290
33470,51862,6880,25043,4688,44982,549,259,290
33475,51868,6881,25045,4688,44987,549,259,290
33480,51879,6881,25048,4688,44998,549,259,290
33485,51883,6883,25050,4690,45000,549,259,290
33490,51893,6886,25053,4691,45007,549,259,290
33495,51899,6887,25057,4692,45011,549,259,290
33500,51910,6889,25061,4694,45021,550,259,291
33505,51914,6891,25064,4696,45023,550,259,291
33510,51924,6893,25068,4698,45031,550,259,291
33515,51930,6894,25072,4698,45034,550,259,291
33520,51941,6897,25075,4701,45044,551,259,292
33525,51945,6899,25077,4703,45046,551,259,292
33530,51955,6901,25083,4704,45053,551,259,292
33535,51961,6903,25085,4706,45058,551,259,292
33540,51972,6905,25092,4708,45066,552,260,292
33545,51976,6906,25094,4709,45070,552,260,292
33550,51986,6906,25099,4709,45080,552,260,292
33555,51992,6907,25101,4709,45085,552,260,292
33560,52003,6908,25105,4710,45095,552,260,292
33565,52007,6908,25106,4710,45099,552,260,292
33570,52017,6908,25112,4710,45109,552,260,292
33575,52023,6909,25116,4710,45114,552,260,292
33580,52034,6910,25120,4710,45124,552,260,292
33585,52038,6910,25122,4710,45128,552,260,292
33590,52048,6910,25129,4710,45138,552,260,292
33595,52054,6911,25133,4711,45143,552,260,292
33600,52065,6912,25138,4712,45153,552,260,292
33605,52069,6912,25140,4712,45157,552,260,292
33610,52079,6913,25148,4713,45166,552,260,292
33615,52085,6914,25151,4714,45171,552,260,292
33620,52096,6916,25154,4715,45180,552,260,292
33625,52100,6916,25155,4715,45184,552,260,292
33630,52110,6917,25158,4715,45193,552,260,292
33635,52116,6918,25159,4715,45198,552,260,292
33640,52127,6920,25162,4716,45207,552,260,292
33645,52131,6920,25163,4716,45211,552,260,292
33650,52141,6922,25167,4717,45219,552,260,292
33655,52147,6923,25170,4718,45224,552,260,292
33660,52158,6926,25176,4720,45231,553,260,293
33665,52162,6927,25177,4721,45235,553,260,293
33670,52172,6928,25182,4722,45244,553,260,293
33675,52178,6929,25185,4722,45249,553,260,293
33680,52189,6932,25190,4725,45257,553,260,293
33685,52193,6932,25192,4725,45261,553,260,293
33690,52203,6933,25196,4726,45270,553,260,293
33695,52209,6934,25198,4727,45275,553,260,293
33700,52220,6936,25204,4729,45284,553,260,293
33705,52224,6936,25208,4729,45288,553,260,293
33710,52234,6937,25216,4729,45296,553,260,293
33715,52240,6939,25218,4730,45301,553,260,293
33720,52251,6940,25221,4731,45311,553,260,293
33725,52255,6941,25224,4732,45314,553,260,293
33730,52265,6942,25231,4732,45323,553,260,293
33735,52271,6942,25232,4732,45329,553,260,293
33740,52282,6943,25241,4733,45339,553,260,293
33745,52286,6944,25243,4734,45342,553,260,293
33750,52296,6945,25250,4734,45351,553,260,293
33755,52302,6945,25255,4734,45357,553,260,293
33760,52313,6947,25261,4736,45366,553,260,293
33765,52317,6947,25262,4736,45370,553,260,293
33770,52327,6948,25266,4737,45379,553,260,293
33775,52333,6948,25269,4737,45385,553,260,293
33780,52344,6950,25272,4738,45394,553,260,293
33785,52348,6951,25274,4739,45397,553,260,293
33790,52358,6951,25280,4739,45407,553,260,293
33795,52364,6951,25281,4739,45413,553,260,293
33800,52375,6953,25286,4740,45422,554,261,293
33805,52379,6954,25288,4741,45425,554,261,293
33810,52389,6954,25293,4741,45435,554,261,293
33815,52395,6954,25296,4741,45441,554,261,293
33820,52406,6956,25301,4742,45450,555,262,293
33825,52410,6956,25303,4742,45454,555,262,293
33830,52420,6957,25307,4742,45463,555,262,293
33835,52426,6958,25309,4743,45468,555,262,293
33840,52437,6960,25314,4745,45477,556,263,293
33845,52441,6960,25314,4745,45481,556,263,293
33850,52451,6961,25318,4745,45490,556,263,293
33855,52457,6962,25321,4745,45494,556,263,293
33860,52468,6964,25327,4747,45504,556,263,293
33865,52472,6965,25328,4748,45507,556,263,293
33870,52482,6966,25334,4749,45516,556,263,293
33875,52488,6967,25336,4749,45521,556,263,293
33880,52499,6968,25343,4750,45531,556,263,293
33885,52503,6969,25344,4751,45534,556,263,293
33890,52513,6971,25347,4752,45542,556,263,293
33895,52519,6972,25350,4752,45547,556,263,293
33900,52530,6974,25357,4753,45556,556,263,293
33905,52534,6975,25358,4754,45559,556,263,293
33910,52544,6977,25359,4754,45567,556,263,293
33915,52550,6978,25361,4755,45572,556,263,293
33920,52561,6979,25366,4756,45582,556,263,293
33925,52565,6979,25367,4756,45586,556,263,293
33930,52575,6981,25373,4756,45593,556,263,293
33935,52581,6983,25373,4757,45598,556,263,293
33940,52592,6985,25379,4759,45607,556,263,293
33945,52596,6986,25381,4760,45610,556,263,293
33950,52606,6988,25387,4761,45618,556,263,293
33955,52612,6989,25390,4762,45623,556,263,293
33960,52623,6991,25395,4764,45632,557,264,293
33965,52627,6991,25397,4764,45636,557,264,293
33970,52637,6993,25403,4765,45644,557,264,293
33975,52643,6993,25403,4765,45650,557,264,293
33980,52654,6993,25406,4765,45661,557,264,293
33985,52658,6993,25406,4765,45665,557,264,293
33990,52668,6995,25412,4765,45673,557,264,293
33995,52674,6995,25415,4765,45679,557,264,293
34000,52685,6997,25420,4767,45688,557,264,293
34005,52689,6997,25421,4767,45692,557,264,293
34010,52699,6999,25426,4769,45700,557,264,293
34015,52705,6999,25427,4769,45706,557,264,293
34020,52716,7000,25431,4770,45716,557,264,293
34025,52720,7000,25431,4770,45720,557,264,293
34030,52730,7002,25435,4771,45728,557,264,293
34035,52736,7002,25437,4771,45734,557,264,293
34040,52747,7003,25444,4772,45744,557,264,293
34045,52751,7003,25446,4772,45748,557,264,293
34050,52761,7005,25453,4774,45756,557,264,293
34055,52767,7005,25456,4774,45762,557,264,293
34060,52778,7007,25461,4776,45771,557,264,293
34065,52782,7007,25463,4776,45775,557,264,293
34070,52792,7009,25467,4777,45783,557,264,293
34075,52798,7010,25472,4778,45787,557,264,293
34080,52809,7013,25477,4781,45795,558,264,294
34085,52813,7015,25480,4783,45798,558,264,294
34090,52823,7016,25483,4783,45807,558,264,294
34095,52829,7017,25485,4783,45812,558,264,294
34100,52840,7020,25492,4786,45820,558,264,294
34105,52844,7022,25495,4788,45822,558,264,294
34110,52854,7023,25499,4789,45831,558,264,294
34115,52860,7024,25502,4790,45836,558,264,294
34120,52871,7026,25507,4792,45845,558,264,294
34125,52875,7027,25509,4793,45848,558,264,294
34130,52885,7028,25515,4793,45856,558,264,294
34135,52891,7030,25519,4795,45861,558,264,294
34140,52902,7032,25525,4797,45870,558,264,294
34145,52906,7033,25529,4798,45873,558,264,294
34150,52916,7034,25531,4798,45882,558,264,294
34155,52922,7034,25535,4798,45888,558,264,294
34160,52933,7034,25538,4798,45899,558,264,294
34165,52937,7034,25539,4798,45903,558,264,294
34170,52947,7035,25545,4798,45912,558,264,294
34175,52953,7035,25548,4798,45918,558,264,294
34180,52964,7035,25553,4798,45929,558,264,294
34185,52968,7035,25553,4798,45933,558,264,294
34190,52978,7037,25557,4799,45941,558,264,294
34195,52984,7037,25560,4799,45947,558,264,294
34200,52995,7038,25566,4800,45956,559,264,295
34205,52999,7039,25568,4801,45960,559,264,295
34210,53009,7040,25575,4801,45969,559,264,295
34215,53015,7040,25576,4801,45975,559,264,295
34220,53026,7041,25583,4802,45985,559,264,295
34225,53030,7041,25586,4802,45989,559,264,295
34230,53040,7042,25593,4802,45998,559,264,295
34235,53046,7042,25597,4802,46004,559,264,295
34240,53057,7043,25603,4803,46014,559,264,295
34245,53061,7043,25605,4803,46018,559,264,295
34250,53071,7044,25609,4803,46027,559,264,295
34255,53077,7045,25611,4804,46032,559,264,295
34260,53088,7045,25616,4804,46043,559,264,295
34265,53092,7046,25619,4805,46046,559,264,295
34270,53102,7047,25623,4805,46055,559,264,295
34275,53108,7048,25628,4806,46060,559,264,295
34280,53119,7048,25632,4806,46071,559,264,295
34285,53123,7049,25634,4807,46074,559,264,295
34290,53133,7050,25638,4808,46082,559,264,295
34295,53139,7052,25640,4809,46087,559,264,295
34300,53150,7052,25644,4809,46098,559,264,295
34305,53154,7052,25644,4809,46102,559,264,295
34310,53164,7054,25650,4810,46110,559,264,295
34315,53170,7055,25652,4810,46115,559,264,295
34320,53181,7058,25657,4813,46122,560,264,296
34325,53185,7059,25658,4814,46126,560,264,296
34330,53195,7060,25660,4814,46135,560,264,296
34335,53201,7060,25665,4814,46141,560,264,296
34340,53212,7061,25671,4815,46151,560,264,296
34345,53216,7062,25675,4816,46154,560,264,296
34350,53226,7063,25681,4817,46163,560,264,296
34355,53232,7063,25684,4817,46169,560,264,296
34360,53243,7064,25690,4818,46179,560,264,296
34365,53247,7064,25692,4818,46183,560,264,296
34370,53257,7065,25698,4819,46192,560,264,296
34375,53263,7065,25700,4819,46198,560,264,296
34380,53274,7066,25706,4819,46208,560,264,296
34385,53278,7066,25708,4819,46212,560,264,296
34390,53288,7068,25711,4820,46220,560,264,296
34395,53294,7068,25713,4820,46226,560,264,296
34400,53305,7069,25718,4820,46236,560,264,296
34405,53309,7070,25722,4821,46239,560,264,296
34410,53319,7072,25726,4822,46247,560,264,296
34415,53325,7072,25730,4822,46253,560,264,296
34420,53336,7073,25737,4823,46263,560,264,296
34425,53340,7073,25739,4823,46267,560,264,296
34430,53350,7076,25746,4824,46274,560,264,296
34435,53356,7077,25748,4825,46279,560,264,296
34440,53367,7080,25753,4827,46287,561,265,296
34445,53371,7080,25756,4827,46291,561,265,296
34450,53381,7080,25759,4827,46301,561,265,296
34455,53387,7081,25761,4827,46306,561,265,296
34460,53398,7082,25763,4828,46316,561,265,296
34465,53402,7083,25766,4829,46319,561,265,296
34470,53412,7083,25770,4829,46329,561,265,296
34475,53418,7084,25772,4829,46334,561,265,296
34480,53429,7084,25774,4829,46345,561,265,296
34485,53433,7084,25774,4829,46349,561,265,296
34490,53443,7084,25781,4829,46359,561,265,296
34495,53449,7085,25785,4829,46364,561,265,296
34500,53460,7085,25790,4829,46375,561,265,296
34505,53464,7085,25791,4829,46379,561,265,296
34510,53474,7085,25796,4829,46389,561,265,296
34515,53480,7086,25800,4829,46394,561,265,296
34520,53491,7087,25808,4830,46404,561,265,296
34525,53495,7088,25810,4831,46407,561,265,296
34530,53505,7088,25816,4831,46417,561,265,296
34535,53511,7089,25820,4832,46422,561,265,296
34540,53522,7089,25825,4832,46433,561,265,296
34545,53526,7090,25827,4833,46436,561,265,296
34550,53536,7092,25831,4834,46443,561,265,296
34555,53542,7094,25833,4835,46448,561,265,296
34560,53553,7097,25840,4838,46456,562,266,296
34565,53557,7097,25842,4838,46460,562,266,296
34570,53567,7099,25849,4840,46468,562,266,296
34575,53573,7099,25852,4840,46474,562,266,296
34580,53584,7101,25857,4841,46483,562,266,296
34585,53588,7102,25858,4842,46486,562,266,296
34590,53598,7104,25860,4843,46494,562,266,296
34595,53604,7104,25861,4843,46500,562,266,296
34600,53615,7106,25868,4845,46509,562,266,296
34605,53619,7107,25869,4846,46512,562,266,296
34610,53629,7109,25871,4847,46520,562,266,296
34615,53635,7109,25872,4847,46526,562,266,296
34620,53646,7111,25882,4849,46535,562,266,296
34625,53650,7113,25886,4851,46537,562,266,296
34630,53660,7115,25890,4852,46545,562,266,296
34635,53666,7115,25893,4852,46550,562,266,296
34640,53677,7118,25899,4854,46559,562,266,296
34645,53681,7119,25901,4855,46562,562,266,296
34650,53691,7121,25907,4857,46570,562,266,296
34655,53697,7121,25912,4857,46575,562,266,296
34660,53708,7123,25916,4858,46585,562,266,296
34665,53712,7124,25918,4859,46588,562,266,296
34670,53722,7126,25925,4861,46596,562,266,296
34675,53728,7126,25929,4861,46601,562,266,296
34680,53739,7130,25936,4864,46609,563,267,296
34685,53743,7130,25939,4864,46613,563,267,296
34690,53753,7130,25945,4864,46622,563,267,296
34695,53759,7132,25948,4865,46627,563,267,296
34700,53770,7133,25953,4866,46637,564,268,296
34705,53774,7134,25956,4867,46640,564,268,296
34710,53784,7134,25963,4867,46649,564,268,296
34715,53790,7136,25964,4868,46654,564,268,296
34720,53801,7136,25969,4868,46665,565,268,297
34725,53805,7137,25972,4869,46668,565,268,297
34730,53815,7137,25978,4869,46677,565,268,297
34735,53821,7139,25980,4870,46682,565,268,297
34740,53832,7139,25984,4870,46693,566,268,298
34745,53836,7139,25984,4870,46697,566,268,298
34750,53846,7140,25990,4870,46706,566,268,298
34755,53852,7140,25991,4870,46712,566,268,298
34760,53863,7141,25999,4871,46722,566,268,298
34765,53867,7141,26001,4871,46726,566,268,298
34770,53877,7142,26005,4872,46735,566,268,298
34775,53883,7142,26008,4872,46741,566,268,298
34780,53894,7143,26014,4873,46751,566,268,298
34785,53898,7144,26015,4874,46754,566,268,298
34790,53908,7146,26018,4874,46762,566,268,298
34795,53914,7146,26020,4874,46768,566,268,298
34800,53925,7147,26025,4874,46778,566,268,298
34805,53929,7147,26025,4874,46782,566,268,298
34810,53939,7149,26030,4875,46790,566,268,298
34815,53945,7149,26032,4875,46796,566,268,298
34820,53956,7150,26037,4875,46806,566,268,298
34825,53960,7150,26040,4875,46810,566,268,298
34830,53970,7151,26042,4876,46819,566,268,298
34835,53976,7151,26042,4876,46825,566,268,298
34840,53987,7152,26047,4877,46835,566,268,298
34845,53991,7152,26049,4877,46839,566,268,298
34850,54001,7153,26054,4877,46848,566,268,298
34855,54007,7154,26056,4878,46853,566,268,298
34860,54018,7156,26062,4879,46862,567,269,298
34865,54022,7157,26064,4880,46865,567,269,298
34870,54032,7159,26066,4880,46873,567,269,298
34875,54038,7160,26069,4881,46877,567,269,298
34880,54049,7162,26074,4882,46887,568,269,299
34885,54053,7164,26077,4884,46889,568,269,299
34890,54063,7166,26083,4885,46896,568,269,299
34895,54069,7168,26085,4886,46901,568,269,299
34900,54080,7169,26092,4887,46911,569,269,300
34905,54084,7170,26094,4888,46914,569,269,300
34910,54094,7172,26100,4890,46922,569,269,300
34915,54100,7173,26103,4891,46926,569,269,300
34920,54111,7175,26107,4892,46936,570,269,301
34925,54115,7175,26110,4892,46940,570,269,301
34930,54125,7176,26117,4893,46949,570,269,301
34935,54131,7177,26117,4893,46954,570,269,301
34940,54142,7178,26122,4894,46964,571,269,302
34945,54146,7178,26124,4894,46968,571,269,302
34950,54156,7179,26129,4894,46977,571,269,302
34955,54162,7180,26133,4895,46982,571,269,302
34960,54173,7182,26139,4897,46991,572,269,303
34965,54177,7182,26141,4897,46995,572,269,303
34970,54187,7183,26143,4897,47004,572,269,303
34975,54193,7184,26146,4897,47009,572,269,303
34980,54204,7187,26152,4900,47017,572,269,303
34985,54208,7188,26154,4901,47020,572,269,303
34990,54218,7189,26160,4901,47028,572,269,303
34995,54224,7191,26164,4903,47033,572,269,303
35000,54235,7194,26167,4905,47041,572,269,303
35005,54239,7194,26168,4905,47045,572,269,303
35010,54249,7195,26173,4906,47053,572,269,303
35015,54255,7197,26175,4907,47058,572,269,303
35020,54266,7199,26181,4909,47067,572,269,303
35025,54270,7199,26182,4909,47071,572,269,303
35030,54280,7201,26187,4910,47078,572,269,303
35035,54286,7203,26191,4912,47082,572,269,303
35040,54297,7205,26193,4913,47092,572,269,303
35045,54301,7205,26196,4913,47096,572,269,303
35050,54311,7207,26199,4913,47104,572,269,303
35055,54317,7207,26202,4913,47110,572,269,303
35060,54328,7208,26207,4914,47120,572,269,303
35065,54332,7208,26208,4914,47124,572,269,303
35070,54342,7210,26214,4914,47132,572,269,303
35075,54348,7210,26217,4914,47137,572,269,303
35080,54359,7213,26223,4917,47146,573,270,303
35085,54363,7213,26224,4917,47150,573,270,303
35090,54373,7215,26226,4918,47158,573,270,303
35095,54379,7215,26230,4918,47164,573,270,303
35100,54390,7216,26234,4919,47174,574,271,303
35105,54394,7216,26234,4919,47178,574,271,303
35110,54404,7218,26240,4921,47186,574,271,303
35115,54410,7218,26243,4921,47192,574,271,303
35120,54421,7218,26246,4921,47203,574,271,303
35125,54425,7218,26247,4921,47207,574,271,303
35130,54435,7220,26250,4922,47215,574,271,303
35135,54441,7220,26253,4922,47221,574,271,303
35140,54452,7221,26260,4923,47231,574,271,303
35145,54456,7222,26263,4924,47234,574,271,303
35150,54466,7224,26269,4925,47241,574,271,303
35155,54472,7226,26271,4926,47246,574,271,303
35160,54483,7228,26280,4928,47255,574,271,303
35165,54487,7229,26281,4929,47258,574,271,303
35170,54497,7231,26283,4929,47265,574,271,303
35175,54503,7233,26286,4931,47270,574,271,303
35180,54514,7234,26291,4931,47280,574,271,303
35185,54518,7235,26294,4932,47283,574,271,303
35190,54528,7237,26300,4934,47290,574,271,303
35195,54534,7239,26303,4936,47295,574,271,303
35200,54545,7240,26305,4936,47305,574,271,303
35205,54549,7241,26306,4937,47308,574,271,303
35210,54559,7243,26309,4938,47316,574,271,303
35215,54565,7244,26313,4938,47320,574,271,303
35220,54576,7246,26316,4940,47330,575,271,304
35225,54580,7247,26317,4941,47333,575,271,304
35230,54590,7248,26324,4942,47342,575,271,304
35235,54596,7248,26327,4942,47347,575,271,304
35240,54607,7250,26332,4943,47357,575,271,304
35245,54611,7250,26333,4943,47361,575,271,304
35250,54621,7251,26336,4944,47370,575,271,304
35255,54627,7251,26339,4944,47376,575,271,304
35260,54638,7252,26343,4945,47386,575,271,304
35265,54642,7253,26346,4946,47389,575,271,304
35270,54652,7254,26349,4946,47398,575,271,304
35275,54658,7254,26353,4946,47403,575,271,304
35280,54669,7257,26359,4949,47412,575,271,304
35285,54673,7257,26361,4949,47416,575,271,304
35290,54683,7258,26366,4949,47425,575,271,304
35295,54689,7259,26372,4950,47429,575,271,304
35300,54700,7262,26375,4952,47438,575,271,304
35305,54704,7263,26377,4953,47441,575,271,304
35310,54714,7264,26382,4953,47450,575,271,304
35315,54720,7265,26383,4953,47455,575,271,304
35320,54731,7267,26388,4955,47464,575,271,304
35325,54735,7268,26391,4956,47467,575,271,304
35330,54745,7270,26395,4957,47475,575,271,304
35335,54751,7271,26397,4957,47480,575,271,304
35340,54762,7275,26403,4960,47487,576,272,304
35345,54766,7275,26405,4960,47491,576,272,304
35350,54776,7277,26408,4961,47499,576,272,304
35355,54782,7277,26410,4961,47505,576,272,304
35360,54793,7280,26415,4964,47513,577,272,305
35365,54797,7280,26415,4964,47517,577,272,305
35370,54807,7282,26418,4964,47525,577,272,305
35375,54813,7282,26420,4964,47531,577,272,305
35380,54824,7282,26427,4964,47542,578,272,306
35385,54828,7282,26429,4964,47546,578,272,306
35390,54838,7284,26434,4965,47554,578,272,306
35395,54844,7284,26436,4965,47560,578,272,306
35400,54855,7285,26442,4966,47570,579,272,307
35405,54859,7286,26445,4967,47573,579,272,307
35410,54869,7288,26450,4969,47581,579,272,307
35415,54875,7288,26454,4969,47587,579,272,307
35420,54886,7290,26460,4971,47596,579,272,307
35425,54890,7291,26463,4972,47599,579,272,307
35430,54900,7293,26468,4974,47607,579,272,307
35435,54906,7293,26472,4974,47613,579,272,307
35440,54917,7294,26478,4975,47623,579,272,307
35445,54921,7295,26479,4976,47626,579,272,307
35450,54931,7297,26481,4976,47634,579,272,307
35455,54937,7298,26483,4977,47639,579,272,307
35460,54948,7299,26486,4977,47649,579,272,307
35465,54952,7301,26490,4979,47651,579,272,307
35470,54962,7301,26497,4979,47661,579,272,307
35475,54968,7302,26503,4980,47666,579,272,307
35480,54979,7304,26510,4981,47675,579,272,307
35485,54983,7304,26510,4981,47679,579,272,307
35490,54993,7304,26515,4981,47689,579,272,307
35495,54999,7305,26520,4982,47694,579,272,307
35500,55010,7307,26525,4983,47703,579,272,307
35505,55014,7307,26528,4983,47707,579,272,307
35510,55024,7307,26533,4983,47717,579,272,307
35515,55030,7308,26535,4983,47722,579,272,307
35520,55041,7311,26542,4986,47730,580,273,307
35525,55045,7312,26545,4987,47733,580,273,307
35530,55055,7313,26548,4987,47742,580,273,307
35535,55061,7313,26553,4987,47747,580,273,307
35540,55072,7315,26560,4989,47757,581,273,308
35545,55076,7315,26561,4989,47761,581,273,308
35550,55086,7316,26567,4989,47770,581,273,308
35555,55092,7316,26570,4989,47776,581,273,308
35560,55103,7317,26576,4989,47786,582,274,308
35565,55107,7317,26578,4989,47790,582,274,308
35570,55117,7319,26583,4989,47798,582,274,308
35575,55123,7319,26584,4989,47804,582,274,308
35580,55134,7322,26588,4991,47812,583,274,309
35585,55138,7322,26589,4991,47816,583,274,309
35590,55148,7323,26596,4992,47824,583,274,309
35595,55154,7325,26599,4993,47829,583,274,309
35600,55165,7325,26602,4993,47840,583,274,309
35605,55169,7326,26603,4994,47843,583,274,309
35610,55179,7327,26607,4994,47851,583,274,309
35615,55185,7329,26608,4995,47856,583,274,309
35620,55196,7329,26616,4995,47867,583,274,309
35625,55200,7329,26618,4995,47871,583,274,309
35630,55210,7330,26620,4996,47880,583,274,309
35635,55216,7331,26623,4996,47885,583,274,309
35640,55227,7331,26628,4996,47896,583,274,309
35645,55231,7331,26629,4996,47900,583,274,309
35650,55241,7332,26632,4997,47909,583,274,309
35655,55247,7332,26634,4997,47915,583,274,309
35660,55258,7333,26638,4998,47925,583,274,309
35665,55262,7333,26638,4998,47929,583,274,309
35670,55272,7334,26645,4999,47938,583,274,309
35675,55278,7334,26647,4999,47944,583,274,309
35680,55289,7335,26657,5000,47954,583,274,309
35685,55293,7335,26660,5000,47958,583,274,309
35690,55303,7337,26664,5001,47966,583,274,309
35695,55309,7337,26668,5001,47971,583,274,309
35700,55320,7340,26672,5004,47980,583,274,309
35705,55324,7341,26675,5005,47983,583,274,309
35710,55334,7342,26678,5005,47992,583,274,309
35715,55340,7342,26682,5005,47998,583,274,309
35720,55351,7345,26687,5007,48006,583,274,309
35725,55355,7346,26688,5008,48009,583,274,309
35730,55365,7347,26690,5008,48018,583,274,309
35735,55371,7347,26692,5008,48024,583,274,309
35740,55382,7350,26698,5010,48032,583,274,309
35745,55386,7350,26699,5010,48036,583,274,309
35750,55396,7351,26703,5010,48045,583,274,309
35755,55402,7352,26707,5010,48050,583,274,309
35760,55413,7355,26710,5012,48058,584,275,309
35765,55417,7355,26713,5012,48062,584,275,309
35770,55427,7356,26719,5012,48071,584,275,309
35775,55433,7357,26724,5013,48076,584,275,309
35780,55444,7357,26731,5013,48087,585,276,309
35785,55448,7357,26732,5013,48091,585,276,309
35790,55458,7358,26737,5013,48099,585,276,309
35795,55464,7360,26740,5014,48104,585,276,309
35800,55475,7360,26745,5014,48115,585,276,309
35805,55479,7360,26747,5014,48119,585,276,309
35810,55489,7362,26753,5015,48127,585,276,309
35815,55495,7363,26755,5016,48132,585,276,309
35820,55506,7364,26763,5017,48142,585,276,309
35825,55510,7365,26765,5018,48145,585,276,309
35830,55520,7367,26767,5018,48153,585,276,309
35835,55526,7368,26769,5018,48158,585,276,309
35840,55537,7371,26774,5020,48166,585,276,309
35845,55541,7372,26778,5021,48169,585,276,309
35850,55551,7374,26781,5021,48177,585,276,309
35855,55557,7375,26784,5021,48182,585,276,309
35860,55568,7378,26788,5023,48190,585,276,309
35865,55572,7379,26790,5024,48193,585,276,309
35870,55582,7381,26794,5024,48201,585,276,309
35875,55588,7382,26796,5024,48206,585,276,309
35880,55599,7384,26801,5026,48215,585,276,309
35885,55603,7385,26804,5027,48218,585,276,309
35890,55613,7387,26810,5028,48226,585,276,309
35895,55619,7388,26814,5029,48231,585,276,309
35900,55630,7390,26818,5031,48240,586,276,310
35905,55634,7390,26820,5031,48244,586,276,310
35910,55644,7392,26824,5032,48251,586,276,310
35915,55650,7394,26826,5033,48256,586,276,310
35920,55661,7396,26831,5035,48265,587,276,311
35925,55665,7397,26833,5036,48268,587,276,311
35930,55675,7399,26837,5037,48275,587,276,311
35935,55681,7401,26837,5038,48280,587,276,311
35940,55692,7404,26842,5041,48288,588,276,312
35945,55696,7405,26844,5042,48291,588,276,312
35950,55706,7406,26847,5042,48300,588,276,312
35955,55712,7406,26849,5042,48305,588,276,312
35960,55723,7409,26854,5044,48314,588,276,312
35965,55727,7409,26855,5044,48318,588,276,312
35970,55737,7410,26858,5044,48327,588,276,312
35975,55743,7410,26862,5044,48333,588,276,312
35980,55754,7412,26866,5045,48342,588,276,312
35985,55758,7413,26869,5046,48345,588,276,312
35990,55768,7414,26874,5046,48354,588,276,312
35995,55774,7414,26879,5046,48359,588,276,312
36000,55785,7418,26884,5050,48367,588,276,312
36005,55789,7418,26886,5050,48371,588,276,312
36010,55799,7418,26891,5050,48381,588,276,312
36015,55805,7418,26894,5050,48387,588,276,312
36020,55816,7420,26899,5051,48396,588,276,312
36025,55820,7420,26901,5051,48400,588,276,312
36030,55830,7420,26907,5051,48410,588,276,312
36035,55836,7420,26910,5051,48416,588,276,312
36040,55847,7422,26914,5053,48425,588,276,312
36045,55851,7422,26915,5053,48429,588,276,312
36050,55861,7423,26920,5053,48438,588,276,312
36055,55867,7424,26922,5054,48443,588,276,312
36060,55878,7426,26928,5055,48452,589,277,312
36065,55882,7426,26931,5055,48456,589,277,312
36070,55892,7427,26935,5056,48465,589,277,312
36075,55898,7428,26939,5057,48470,589,277,312
36080,55909,7430,26947,5059,48479,589,277,312
36085,55913,7430,26947,5059,48483,589,277,312
36090,55923,7431,26950,5059,48492,589,277,312
36095,55929,7432,26951,5060,48497,589,277,312
36100,55940,7432,26956,5060,48508,589,277,312
36105,55944,7432,26957,5060,48512,589,277,312
36110,55954,7434,26963,5061,48519,589,277,312
36115,55960,7436,26966,5063,48524,589,277,312
36120,55971,7436,26970,5063,48535,589,277,312
36125,55975,7436,26971,5063,48539,589,277,312
36130,55985,7438,26975,5063,48547,589,277,312
36135,55991,7438,26979,5063,48553,589,277,312
36140,56002,7439,26983,5064,48563,589,277,312
36145,56006,7439,26985,5064,48567,589,277,312
36150,56016,7441,26987,5064,48575,589,277,312
36155,56022,7441,26990,5064,48581,589,277,312
36160,56033,7442,26994,5065,48591,589,277,312
36165,56037,7442,26996,5065,48595,589,277,312
36170,56047,7444,26998,5065,48603,589,277,312
36175,56053,7444,27000,5065,48608,589,277,312
36180,56064,7446,27003,5067,48618,589,277,312
36185,56068,7446,27005,5067,48622,589,277,312
36190,56078,7447,27009,5067,48631,589,277,312
36195,56084,7447,27014,5067,48636,589,277,312
36200,56095,7450,27018,5069,48645,589,277,312
36205,56099,7451,27020,5070,48648,589,277,312
36210,56109,7452,27026,5070,48657,589,277,312
36215,56115,7452,27029,5070,48663,589,277,312
36220,56126,7455,27034,5072,48671,589,277,312
36225,56130,7456,27036,5073,48674,589,277,312
36230,56140,7457,27037,5073,48683,589,277,312
36235,56146,7458,27038,5074,48688,589,277,312
36240,56157,7460,27042,5075,48697,590,277,313
36245,56161,7460,27045,5075,48701,590,277,313
36250,56171,7461,27050,5075,48710,590,277,313
36255,56177,7462,27053,5076,48714,590,277,313
36260,56188,7463,27059,5077,48725,591,278,313
36265,56192,7463,27062,5077,48729,591,278,313
36270,56202,7464,27068,5078,48738,591,278,313
36275,56208,7465,27072,5079,48742,591,278,313
36280,56219,7467,27076,5081,48752,592,279,313
36285,56223,7467,27078,5081,48756,592,279,313
36290,56233,7469,27082,5081,48764,592,279,313
36295,56239,7470,27086,5081,48768,592,279,313
36300,56250,7473,27091,5084,48777,593,279,314
36305,56254,7475,27095,5086,48779,593,279,314
36310,56264,7477,27101,5087,48787,593,279,314
36315,56270,7478,27104,5088,48792,593,279,314
36320,56281,7479,27110,5088,48802,593,279,314
36325,56285,7480,27111,5089,48805,593,279,314
36330,56295,7482,27114,5089,48813,593,279,314
36335,56301,7483,27116,5090,48818,593,279,314
36340,56312,7484,27119,5090,48828,593,279,314
36345,56316,7485,27122,5091,48831,593,279,314
36350,56326,7487,27127,5092,48839,593,279,314
36355,56332,7488,27129,5093,48844,593,279,314
36360,56343,7490,27136,5094,48853,593,279,314
36365,56347,7490,27137,5094,48857,593,279,314
36370,56357,7492,27143,5095,48865,593,279,314
36375,56363,7492,27145,5095,48871,593,279,314
36380,56374,7493,27150,5095,48881,593,279,314
36385,56378,7493,27151,5095,48885,593,279,314
36390,56388,7495,27156,5096,48893,593,279,314
36395,56394,7495,27160,5096,48899,593,279,314
36400,56405,7496,27165,5097,48909,593,279,314
36405,56409,7498,27167,5099,48911,593,279,314
36410,56419,7500,27172,5099,48919,593,279,314
36415,56425,7500,27176,5099,48924,593,279,314
36420,56436,7505,27183,5103,48931,593,279,314
36425,56440,7505,27186,5103,48935,593,279,314
36430,56450,7506,27193,5103,48944,593,279,314
36435,56456,7506,27195,5103,48950,593,279,314
36440,56467,7509,27204,5106,48958,593,279,314
36445,56471,7509,27205,5106,48962,593,279,314
36450,56481,7510,27210,5107,48971,593,279,314
36455,56487,7510,27211,5107,48977,593,279,314
36460,56498,7511,27215,5108,48987,593,279,314
36465,56502,7511,27218,5108,48991,593,279,314
36470,56512,7512,27224,5108,48999,593,279,314
36475,56518,7514,27227,5109,49003,593,279,314
36480,56529,7517,27235,5112,49012,594,280,314
36485,56533,7517,27236,5112,49016,594,280,314
36490,56543,7518,27241,5112,49025,594,280,314
36495,56549,7519,27244,5113,49030,594,280,314
36500,56560,7520,27248,5113,49040,594,280,314
36505,56564,7521,27250,5114,49043,594,280,314
36510,56574,7522,27255,5114,49052,594,280,314
36515,56580,7523,27258,5115,49057,594,280,314
36520,56591,7524,27265,5116,49067,594,280,314
36525,56595,7525,27267,5117,49070,594,280,314
36530,56605,7527,27273,5119,49078,594,280,314
36535,56611,7528,27277,5120,49083,594,280,314
36540,56622,7529,27282,5120,49093,594,280,314
36545,56626,7529,27283,5120,49097,594,280,314
36550,56636,7531,27289,5121,49105,594,280,314
36555,56642,7531,27293,5121,49111,594,280,314
36560,56653,7532,27295,5121,49121,594,280,314
36565,56657,7532,27297,5121,49125,594,280,314
36570,56667,7534,27303,5122,49133,594,280,314
36575,56673,7534,27309,5122,49139,594,280,314
36580,56684,7537,27317,5125,49147,594,280,314
36585,56688,7537,27318,5125,49151,594,280,314
36590,56698,7539,27325,5127,49159,594,280,314
36595,56704,7539,27326,5127,49164,594,280,314
36600,56715,7542,27331,5130,49173,595,280,315
36605,56719,7542,27332,5130,49177,595,280,315
36610,56729,7544,27336,5131,49185,595,280,315
36615,56735,7544,27337,5131,49191,595,280,315
36620,56746,7546,27344,5132,49200,595,280,315
36625,56750,7547,27346,5133,49203,595,280,315
36630,56760,7549,27350,5134,49211,595,280,315
36635,56766,7549,27353,5134,49217,595,280,315
36640,56777,7552,27359,5136,49225,595,280,315
36645,56781,7552,27361,5136,49229,595,280,315
36650,56791,7554,27368,5138,49237,595,280,315
36655,56797,7555,27369,5139,49242,595,280,315
36660,56808,7558,27375,5142,49250,595,280,315
36665,56812,7559,27376,5143,49253,595,280,315
36670,56822,7560,27382,5143,49262,595,280,315
36675,56828,7561,27382,5143,49267,595,280,315
36680,56839,7563,27389,5145,49276,595,280,315
36685,56843,7563,27391,5145,49280,595,280,315
36690,56853,7564,27395,5145,49288,595,280,315
36695,56859,7566,27398,5147,49293,595,280,315
36700,56870,7569,27405,5150,49301,595,280,315
36705,56874,7570,27407,5151,49304,595,280,315
36710,56884,7571,27411,5151,49313,595,280,315
36715,56890,7572,27413,5151,49318,595,280,315
36720,56901,7573,27417,5151,49328,595,280,315
36725,56905,7573,27418,5151,49332,595,280,315
36730,56915,7574,27425,5152,49341,595,280,315
36735,56921,7575,27426,5152,49346,595,280,315
36740,56932,7576,27431,5153,49356,595,280,315
36745,56936,7576,27431,5153,49360,595,280,315
36750,56946,7577,27434,5153,49369,595,280,315
36755,56952,7578,27437,5154,49374,595,280,315
36760,56963,7579,27442,5155,49384,595,280,315
36765,56967,7579,27444,5155,49388,595,280,315
36770,56977,7581,27450,5156,49396,595,280,315
36775,56983,7582,27451,5156,49401,595,280,315
36780,56994,7584,27453,5158,49410,596,280,316
36785,56998,7584,27455,5158,49414,596,280,316
36790,57008,7586,27458,5158,49422,596,280,316
36795,57014,7587,27461,5158,49427,596,280,316
36800,57025,7588,27465,5159,49437,597,280,317
36805,57029,7588,27466,5159,49441,597,280,317
36810,57039,7590,27470,5160,49449,597,280,317
36815,57045,7591,27472,5161,49454,597,280,317
36820,57056,7593,27480,5163,49463,598,281,317
36825,57060,7594,27482,5164,49466,598,281,317
36830,57070,7596,27486,5164,49473,598,281,317
36835,57076,7598,27488,5166,49478,598,281,317
36840,57087,7600,27492,5168,49487,599,281,318
36845,57091,7601,27494,5169,49490,599,281,318
36850,57101,7602,27500,5169,49499,599,281,318
36855,57107,7602,27503,5169,49505,599,281,318
36860,57118,7603,27508,5169,49515,599,281,318
36865,57122,7603,27510,5169,49519,599,281,318
36870,57132,7604,27517,5170,49528,599,281,318
36875,57138,7604,27518,5170,49534,599,281,318
36880,57149,7606,27523,5171,49543,599,281,318
36885,57153,7606,27523,5171,49547,599,281,318
36890,57163,7607,27530,5172,49556,599,281,318
36895,57169,7607,27531,5172,49562,599,281,318
36900,57180,7608,27533,5172,49572,599,281,318
36905,57184,7608,27534,5172,49576,599,281,318
36910,57194,7609,27539,5172,49585,599,281,318
36915,57200,7609,27541,5172,49591,599,281,318
36920,57211,7611,27546,5173,49600,599,281,318
36925,57215,7612,27548,5174,49603,599,281,318
36930,57225,7613,27552,5175,49612,599,281,318
36935,57231,7613,27555,5175,49618,599,281,318
36940,57242,7615,27564,5177,49627,599,281,318
36945,57246,7615,27566,5177,49631,599,281,318
36950,57256,7616,27571,5178,49640,599,281,318
36955,57262,7617,27573,5178,49645,599,281,318
36960,57273,7618,27577,5179,49655,600,281,319
36965,57277,7619,27580,5180,49658,600,281,319
36970,57287,7619,27585,5180,49668,600,281,319
36975,57293,7620,27589,5180,49673,600,281,319
36980,57304,7621,27596,5181,49683,600,281,319
36985,57308,7621,27597,5181,49687,600,281,319
36990,57318,7621,27601,5181,49697,600,281,319
36995,57324,7622,27603,5181,49702,600,281,319
37000,57335,7624,27606,5182,49711,600,281,319
37005,57339,7625,27609,5183,49714,600,281,319
37010,57349,7626,27613,5183,49722,600,281,319
37015,57355,7628,27616,5185,49726,600,281,319
37020,57366,7631,27621,5188,49735,600,281,319
37025,57370,7631,27624,5188,49739,600,281,319
37030,57380,7632,27628,5188,49748,600,281,319
37035,57386,7632,27632,5188,49754,600,281,319
37040,57397,7633,27637,5189,49764,600,281,319
37045,57401,7633,27639,5189,49768,600,281,319
37050,57411,7634,27644,5189,49777,600,281,319
37055,57417,7634,27648,5189,49783,600,281,319
37060,57428,7634,27652,5189,49794,600,281,319
37065,57432,7634,27653,5189,49798,600,281,319
37070,57442,7636,27657,5189,49806,600,281,319
37075,57448,7636,27658,5189,49812,600,281,319
37080,57459,7637,27666,5190,49822,601,282,319
37085,57463,7638,27669,5191,49825,601,282,319
37090,57473,7640,27676,5193,49833,601,282,319
37095,57479,7640,27680,5193,49839,601,282,319
37100,57490,7641,27685,5194,49849,601,282,319
37105,57494,7641,27685,5194,49853,601,282,319
37110,57504,7643,27690,5196,49861,601,282,319
37115,57510,7643,27693,5196,49867,601,282,319
37120,57521,7643,27694,5196,49878,601,282,319
37125,57525,7643,27695,5196,49882,601,282,319
37130,57535,7645,27699,5196,49890,601,282,319
37135,57541,7646,27701,5197,49894,601,282,319
37140,57552,7648,27705,5199,49904,601,282,319
37145,57556,7648,27707,5199,49908,601,282,319
37150,57566,7649,27712,5199,49916,601,282,319
37155,57572,7651,27715,5200,49920,601,282,319
37160,57583,7655,27721,5204,49928,602,282,320
37165,57587,7656,27724,5205,49931,602,282,320
37170,57597,7657,27728,5205,49939,602,282,320
37175,57603,7659,27730,5207,49943,602,282,320
37180,57614,7662,27737,5209,49952,603,283,320
37185,57618,7662,27737,5209,49956,603,283,320
37190,57628,7663,27740,5209,49965,603,283,320
37195,57634,7664,27743,5209,49969,603,283,320
37200,57645,7666,27744,5210,49979,604,283,321
37205,57649,7666,27744,5210,49983,604,283,321
37210,57659,7667,27748,5211,49992,604,283,321
37215,57665,7668,27752,5212,49997,604,283,321
37220,57676,7669,27758,5213,50007,605,283,322
37225,57680,7669,27759,5213,50011,605,283,322
37230,57690,7670,27766,5214,50019,605,283,322
37235,57696,7672,27771,5215,50023,605,283,322
37240,57707,7675,27775,5217,50032,606,283,323
37245,57711,7676,27777,5218,50035,606,283,323
37250,57721,7678,27782,5218,50042,606,283,323
37255,57727,7680,27785,5219,50047,606,283,323
37260,57738,7682,27791,5221,50056,607,284,323
37265,57742,7682,27793,5221,50060,607,284,323
37270,57752,7683,27795,5221,50069,607,284,323
37275,57758,7683,27800,5221,50075,607,284,323
37280,57769,7684,27803,5221,50085,607,284,323
37285,57773,7685,27804,5222,50088,607,284,323
37290,57783,7686,27809,5223,50097,607,284,323
37295,57789,7686,27812,5223,50103,607,284,323
37300,57800,7688,27818,5225,50112,607,284,323
37305,57804,7688,27819,5225,50116,607,284,323
37310,57814,7689,27826,5226,50125,607,284,323
37315,57820,7689,27829,5226,50131,607,284,323
37320,57831,7690,27834,5226,50141,607,284,323
37325,57835,7691,27835,5227,50144,607,284,323
37330,57845,7692,27839,5227,50153,607,284,323
37335,57851,7692,27842,5227,50158,607,284,323
37340,57862,7694,27846,5229,50168,607,284,323
37345,57866,7694,27848,5229,50172,607,284,323
37350,57876,7695,27855,5229,50181,607,284,323
37355,57882,7695,27858,5229,50186,607,284,323
37360,57893,7697,27864,5231,50196,607,284,323
37365,57897,7697,27866,5231,50200,607,284,323
37370,57907,7699,27869,5232,50208,607,284,323
37375,57913,7700,27873,5233,50212,607,284,323
37380,57924,7703,27877,5236,50221,607,284,323
37385,57928,7703,27878,5236,50225,607,284,323
37390,57938,7705,27884,5238,50233,607,284,323
37395,57944,7706,27887,5239,50238,607,284,323
37400,57955,7707,27891,5239,50248,607,284,323
37405,57959,7707,27891,5239,50252,607,284,323
37410,57969,7709,27897,5240,50259,607,284,323
37415,57975,7711,27899,5242,50264,607,284,323
37420,57986,7712,27904,5242,50274,608,285,323
37425,57990,7712,27907,5242,50278,608,285,323
37430,58000,7714,27912,5243,50285,608,285,323
37435,58006,7716,27915,5245,50290,608,285,323
37440,58017,7717,27923,5246,50300,609,286,323
37445,58021,7719,27927,5248,50302,609,286,323
37450,58031,7721,27933,5250,50310,609,286,323
37455,58037,7721,27937,5250,50316,609,286,323
37460,58048,7722,27941,5251,50326,610,286,324
37465,58052,7723,27945,5252,50329,610,286,324
37470,58062,7725,27949,5253,50337,610,286,324
37475,58068,7725,27954,5253,50343,610,286,324
37480,58079,7726,27960,5254,50353,611,286,325
37485,58083,7727,27961,5255,50356,611,286,325
37490,58093,7729,27966,5256,50364,611,286,325
37495,58099,7729,27968,5256,50370,611,286,325
37500,58110,7729,27971,5256,50381,612,286,326
37505,58114,7730,27974,5257,50384,612,286,326
37510,58124,7732,27978,5258,50392,612,286,326
37515,58130,7733,27981,5259,50397,612,286,326
37520,58141,7733,27985,5259,50408,613,286,327
37525,58145,7733,27985,5259,50412,613,286,327
37530,58155,7735,27990,5259,50420,613,286,327
37535,58161,7736,27992,5259,50425,613,286,327
37540,58172,7738,27997,5261,50434,614,286,328
37545,58176,7738,27999,5261,50438,614,286,328
37550,58186,7740,28004,5261,50446,614,286,328
37555,58192,7741,28008,5262,50450,614,286,328
37560,58203,7745,28015,5266,50458,615,287,328
37565,58207,7746,28017,5267,50461,615,287,328
37570,58217,7746,28023,5267,50471,615,287,328
37575,58223,7746,28027,5267,50477,615,287,328
37580,58234,7747,28032,5267,50487,615,287,328
37585,58238,7748,28033,5268,50490,615,287,328
37590,58248,7748,28037,5268,50500,615,287,328
37595,58254,7748,28043,5268,50506,615,287,328
37600,58265,7749,28049,5269,50516,615,287,328
37605,58269,7749,28050,5269,50520,615,287,328
37610,58279,7749,28057,5269,50530,615,287,328
37615,58285,7749,28061,5269,50536,615,287,328
37620,58296,7751,28069,5271,50545,615,287,328
37625,58300,7751,28070,5271,50549,615,287,328
37630,58310,7751,28075,5271,50559,615,287,328
37635,58316,7751,28079,5271,50565,615,287,328
37640,58327,7752,28082,5271,50575,615,287,328
37645,58331,7753,28086,5272,50578,615,287,328
37650,58341,7753,28090,5272,50588,615,287,328
37655,58347,7753,28095,5272,50594,615,287,328
37660,58358,7756,28104,5275,50602,615,287,328
37665,58362,7756,28106,5275,50606,615,287,328
37670,58372,7757,28111,5275,50615,615,287,328
37675,58378,7758,28114,5275,50620,615,287,328
37680,58389,7760,28119,5277,50629,616,287,329
37685,58393,7760,28120,5277,50633,616,287,329
37690,58403,7761,28124,5278,50642,616,287,329
37695,58409,7762,28126,5278,50647,616,287,329
37700,58420,7763,28132,5279,50657,616,287,329
37705,58424,7763,28133,5279,50661,616,287,329
37710,58434,7764,28141,5280,50670,616,287,329
37715,58440,7765,28143,5280,50674,616,287,329
37720,58451,7766,28149,5281,50685,616,287,329
37725,58455,7766,28151,5281,50689,616,287,329
37730,58465,7768,28155,5282,50697,616,287,329
37735,58471,7769,28157,5282,50702,616,287,329
37740,58482,7769,28161,5282,50713,616,287,329
37745,58486,7770,28164,5283,50716,616,287,329
37750,58496,7772,28173,5285,50723,616,287,329
37755,58502,7774,28176,5286,50728,616,287,329
37760,58513,7774,28181,5286,50739,616,287,329
37765,58517,7775,28184,5287,50742,616,287,329
37770,58527,7777,28188,5287,50750,616,287,329
37775,58533,7778,28190,5287,50755,616,287,329
37780,58544,7780,28196,5289,50764,616,287,329
37785,58548,7780,28198,5289,50768,616,287,329
37790,58558,7782,28205,5291,50775,616,287,329
37795,58564,7784,28209,5293,50780,616,287,329
37800,58575,7788,28214,5296,50787,617,287,330
37805,58579,7789,28215,5297,50790,617,287,330
37810,58589,7791,28218,5298,50798,617,287,330
37815,58595,7791,28220,5298,50804,617,287,330
37820,58606,7794,28225,5300,50812,618,287,331
37825,58610,7795,28226,5301,50815,618,287,331
37830,58620,7797,28232,5302,50823,618,287,331
37835,58626,7797,28234,5302,50829,618,287,331
37840,58637,7799,28239,5303,50838,619,288,331
37845,58641,7799,28239,5303,50842,619,288,331
37850,58651,7801,28246,5305,50850,619,288,331
37855,58657,7801,28249,5305,50856,619,288,331
37860,58668,7804,28252,5307,50864,620,288,332
37865,58672,7805,28253,5308,50867,620,288,332
37870,58682,7807,28256,5309,50875,620,288,332
37875,58688,7807,28258,5309,50881,620,288,332
37880,58699,7808,28265,5310,50891,620,288,332
37885,58703,7809,28266,5311,50894,620,288,332
37890,58713,7811,28272,5312,50902,620,288,332
37895,58719,7811,28276,5312,50908,620,288,332
37900,58730,7812,28281,5312,50918,620,288,332
37905,58734,7813,28284,5313,50921,620,288,332
37910,58744,7815,28287,5314,50929,620,288,332
37915,58750,7816,28288,5314,50934,620,288,332
37920,58761,7817,28291,5315,50944,620,288,332
37925,58765,7817,28293,5315,50948,620,288,332
37930,58775,7819,28295,5315,50956,620,288,332
37935,58781,7820,28299,5316,50960,620,288,332
37940,58792,7823,28305,5318,50969,620,288,332
37945,58796,7824,28308,5319,50972,620,288,332
37950,58806,7826,28313,5320,50980,620,288,332
37955,58812,7827,28316,5321,50985,620,288,332
37960,58823,7828,28320,5322,50995,620,288,332
37965,58827,7829,28321,5323,50998,620,288,332
37970,58837,7831,28325,5324,51005,620,288,332
37975,58843,7833,28329,5326,51009,620,288,332
37980,58854,7836,28334,5329,51018,621,289,332
37985,58858,7836,28335,5329,51022,621,289,332
37990,58868,7837,28341,5329,51031,621,289,332
37995,58874,7837,28344,5329,51037,621,289,332
38000,58885,7837,28350,5329,51048,621,289,332
38005,58889,7837,28354,5329,51052,621,289,332
38010,58899,7838,28359,5330,51061,621,289,332
38015,58905,7838,28362,5330,51066,621,289,332
38020,58916,7839,28369,5331,51077,621,289,332
38025,58920,7839,28370,5331,51081,621,289,332
38030,58930,7840,28374,5332,51090,621,289,332
38035,58936,7840,28377,5332,51095,621,289,332
38040,58947,7841,28384,5333,51106,621,289,332
38045,58951,7841,28385,5333,51110,621,289,332
38050,58961,7843,28387,5333,51118,621,289,332
38055,58967,7844,28390,5333,51123,621,289,332
38060,58978,7845,28396,5334,51133,621,289,332
38065,58982,7846,28398,5335,51136,621,289,332
38070,58992,7848,28402,5335,51144,621,289,332
38075,58998,7849,28407,5336,51149,621,289,332
38080,59009,7850,28411,5337,51159,621,289,332
38085,59013,7850,28413,5337,51163,621,289,332
38090,59023,7852,28420,5339,51171,621,289,332
38095,59029,7853,28421,5339,51176,621,289,332
38100,59040,7854,28426,5340,51186,622,289,333
38105,59044,7855,28429,5341,51189,622,289,333
38110,59054,7856,28431,5342,51198,622,289,333
38115,59060,7856,28433,5342,51204,622,289,333
38120,59071,7858,28438,5343,51213,623,289,334
38125,59075,7859,28440,5344,51216,623,289,334
38130,59085,7860,28444,5344,51225,623,289,334
38135,59091,7860,28450,5344,51231,623,289,334
38140,59102,7861,28457,5345,51241,624,290,334
38145,59106,7861,28458,5345,51245,624,290,334
38150,59116,7862,28462,5345,51254,624,290,334
38155,59122,7862,28464,5345,51260,624,290,334
38160,59133,7863,28473,5346,51270,624,290,334
38165,59137,7863,28474,5346,51274,624,290,334
38170,59147,7864,28477,5346,51283,624,290,334
38175,59153,7864,28481,5346,51289,624,290,334
38180,59164,7864,28484,5346,51300,624,290,334
38185,59168,7864,28485,5346,51304,624,290,334
38190,59178,7865,28490,5347,51313,624,290,334
38195,59184,7865,28491,5347,51319,624,290,334
38200,59195,7866,28497,5348,51329,624,290,334
38205,59199,7866,28501,5348,51333,624,290,334
38210,59209,7868,28503,5348,51341,624,290,334
38215,59215,7869,28505,5348,51346,624,290,334
38220,59226,7869,28509,5348,51357,624,290,334
38225,59230,7871,28512,5350,51359,624,290,334
38230,59240,7872,28516,5350,51368,624,290,334
38235,59246,7873,28516,5350,51373,624,290,334
38240,59257,7876,28524,5353,51381,625,291,334
38245,59261,7876,28525,5353,51385,625,291,334
38250,59271,7877,28530,5353,51394,625,291,334
38255,59277,7878,28531,5353,51399,625,291,334
38260,59288,7880,28534,5354,51408,626,292,334
38265,59292,7881,28537,5355,51411,626,292,334
38270,59302,7882,28542,5355,51420,626,292,334
38275,59308,7883,28547,5356,51424,626,292,334
38280,59319,7885,28551,5358,51434,627,292,335
38285,59323,7886,28553,5359,51437,627,292,335
38290,59333,7886,28560,5359,51446,627,292,335
38295,59339,7888,28563,5361,51451,627,292,335
38300,59350,7889,28568,5362,51461,627,292,335
38305,59354,7889,28570,5362,51465,627,292,335
38310,59364,7889,28573,5362,51474,627,292,335
38315,59370,7891,28576,5363,51479,627,292,335
38320,59381,7892,28580,5363,51489,627,292,335
38325,59385,7892,28580,5363,51493,627,292,335
38330,59395,7893,28585,5364,51501,627,292,335
38335,59401,7895,28587,5365,51505,627,292,335
38340,59412,7897,28593,5367,51515,627,292,335
38345,59416,7897,28594,5367,51519,627,292,335
38350,59426,7898,28599,5368,51528,627,292,335
38355,59432,7899,28603,5368,51532,627,292,335
38360,59443,7902,28608,5370,51541,627,292,335
38365,59447,7903,28612,5371,51544,627,292,335
38370,59457,7904,28614,5371,51553,627,292,335
38375,59463,7905,28616,5371,51558,627,292,335
38380,59474,7906,28622,5372,51568,627,292,335
38385,59478,7907,28626,5373,51571,627,292,335
38390,59488,7909,28631,5374,51579,627,292,335
38395,59494,7910,28634,5374,51583,627,292,335
38400,59505,7914,28638,5377,51591,628,292,336
38405,59509,7914,28641,5377,51595,628,292,336
38410,59519,7916,28648,5378,51603,628,292,336
38415,59525,7916,28649,5378,51609,628,292,336
38420,59536,7919,28656,5380,51617,629,293,336
38425,59540,7920,28658,5381,51620,629,293,336
38430,59550,7922,28662,5383,51628,629,293,336
38435,59556,7922,28666,5383,51634,629,293,336
38440,59567,7924,28674,5385,51643,630,294,336
38445,59571,7925,28678,5386,51646,630,294,336
38450,59581,7927,28682,5388,51654,630,294,336
38455,59587,7927,28686,5388,51660,630,294,336
38460,59598,7929,28691,5390,51669,631,294,337
38465,59602,7931,28694,5392,51671,631,294,337
38470,59612,7933,28699,5392,51679,631,294,337
38475,59618,7933,28703,5392,51685,631,294,337
38480,59629,7934,28710,5393,51695,631,294,337
38485,59633,7935,28714,5394,51698,631,294,337
38490,59643,7937,28718,5394,51706,631,294,337
38495,59649,7937,28721,5394,51712,631,294,337
38500,59660,7938,28726,5395,51722,631,294,337
38505,59664,7938,28729,5395,51726,631,294,337
38510,59674,7940,28735,5397,51733,631,294,337
38515,59680,7942,28737,5399,51737,631,294,337
38520,59691,7944,28743,5401,51747,631,294,337
38525,59695,7944,28743,5401,51751,631,294,337
38530,59705,7946,28749,5403,51759,631,294,337
38535,59711,7947,28751,5403,51764,631,294,337
38540,59722,7949,28760,5405,51773,631,294,337
38545,59726,7951,28763,5407,51775,631,294,337
38550,59736,7953,28767,5407,51783,631,294,337
38555,59742,7954,28771,5408,51787,631,294,337
38560,59753,7957,28773,5410,51796,631,294,337
38565,59757,7958,28776,5411,51799,631,294,337
38570,59767,7960,28780,5412,51807,631,294,337
38575,59773,7961,28785,5412,51811,631,294,337
38580,59784,7964,28788,5414,51820,632,295,337
38585,59788,7965,28790,5415,51823,632,295,337
38590,59798,7965,28797,5415,51833,632,295,337
38595,59804,7965,28800,5415,51839,632,295,337
38600,59815,7965,28803,5415,51850,633,295,338
38605,59819,7965,28806,5415,51854,633,295,338
38610,59829,7965,28810,5415,51864,633,295,338
38615,59835,7965,28812,5415,51870,633,295,338
38620,59846,7965,28820,5415,51881,634,296,338
38625,59850,7965,28821,5415,51885,634,296,338
38630,59860,7965,28825,5415,51895,634,296,338
38635,59866,7965,28827,5415,51901,634,296,338
38640,59877,7965,28832,5415,51912,635,297,338
38645,59881,7965,28834,5415,51916,635,297,338
38650,59891,7965,28834,5415,51926,635,297,338
38655,59897,7965,28836,5415,51932,635,297,338
38660,59908,7965,28841,5415,51943,635,297,338
38665,59912,7965,28842,5415,51947,635,297,338
38670,59922,7965,28846,5415,51957,635,297,338
38675,59928,7965,28852,5415,51963,635,297,338
38680,59939,7965,28855,5415,51974,635,297,338
38685,59943,7965,28857,5415,51978,635,297,338
38690,59953,7967,28859,5415,51986,635,297,338
38695,59959,7967,28861,5415,51992,635,297,338
38700,59970,7970,28866,5418,52000,635,297,338
38705,59974,7971,28868,5419,52003,635,297,338
38710,59984,7973,28876,5420,52011,635,297,338
38715,59990,7973,28879,5420,52017,635,297,338
38720,60001,7974,28882,5420,52027,635,297,338
38725,60005,7975,28884,5421,52030,635,297,338
38730,60015,7977,28889,5423,52038,635,297,338
38735,60021,7977,28893,5423,52044,635,297,338
38740,60032,7978,28897,5423,52054,635,297,338
38745,60036,7980,28901,5425,52056,635,297,338
38750,60046,7982,28907,5427,52064,635,297,338
38755,60052,7982,28910,5427,52070,635,297,338
38760,60063,7983,28917,5428,52080,635,297,338
38765,60067,7984,28919,5429,52083,635,297,338
38770,60077,7986,28923,5431,52091,635,297,338
38775,60083,7986,28924,5431,52097,635,297,338
38780,60094,7987,28930,5432,52107,635,297,338
38785,60098,7987,28932,5432,52111,635,297,338
38790,60108,7989,28942,5434,52119,635,297,338
38795,60114,7989,28942,5434,52125,635,297,338
38800,60125,7990,28946,5434,52135,635,297,338
38805,60129,7990,28946,5434,52139,635,297,338
38810,60139,7992,28953,5435,52146,635,297,338
38815,60145,7994,28955,5436,52151,635,297,338
38820,60156,7997,28962,5438,52159,636,298,338
38825,60160,7999,28965,5440,52161,636,298,338
38830,60170,8001,28969,5441,52169,636,298,338
38835,60176,8002,28969,5441,52174,636,298,338
38840,60187,8003,28973,5442,52184,637,298,339
38845,60191,8004,28976,5443,52187,637,298,339
38850,60201,8006,28982,5445,52195,637,298,339
38855,60207,8007,28984,5445,52200,637,298,339
38860,60218,8008,28990,5446,52210,638,299,339
38865,60222,8009,28992,5447,52213,638,299,339
38870,60232,8011,28998,5448,52221,638,299,339
38875,60238,8012,29002,5449,52226,638,299,339
38880,60249,8012,29008,5449,52237,639,300,339
38885,60253,8013,29009,5450,52240,639,300,339
38890,60263,8015,29011,5451,52248,639,300,339
38895,60269,8016,29012,5451,52253,639,300,339
38900,60280,8016,29017,5451,52264,639,300,339
38905,60284,8016,29019,5451,52268,639,300,339
38910,60294,8018,29024,5451,52276,639,300,339
38915,60300,8019,29028,5452,52281,639,300,339
38920,60311,8019,29033,5452,52292,639,300,339
38925,60315,8019,29036,5452,52296,639,300,339
38930,60325,8021,29042,5453,52303,639,300,339
38935,60331,8023,29044,5454,52307,639,300,339
38940,60342,8026,29051,5457,52316,639,300,339
38945,60346,8027,29053,5458,52319,639,300,339
38950,60356,8029,29059,5459,52327,639,300,339
38955,60362,8029,29062,5459,52333,639,300,339
38960,60373,8030,29069,5460,52343,639,300,339
38965,60377,8030,29069,5460,52347,639,300,339
38970,60387,8032,29073,5460,52355,639,300,339
38975,60393,8032,29076,5460,52361,639,300,339
38980,60404,8033,29082,5460,52371,639,300,339
38985,60408,8034,29085,5461,52374,639,300,339
38990,60418,8036,29088,5461,52382,639,300,339
38995,60424,8036,29092,5461,52387,639,300,339
39000,60435,8039,29097,5463,52396,640,301,339
39005,60439,8040,29101,5464,52399,640,301,339
39010,60449,8041,29105,5464,52408,640,301,339
39015,60455,8041,29110,5464,52414,640,301,339
39020,60466,8043,29113,5465,52423,640,301,339
39025,60470,8044,29115,5466,52426,640,301,339
39030,60480,8045,29120,5466,52435,640,301,339
39035,60486,8045,29122,5466,52440,640,301,339
39040,60497,8047,29127,5467,52450,640,301,339
39045,60501,8047,29129,5467,52454,640,301,339
39050,60511,8048,29135,5468,52463,640,301,339
39055,60517,8049,29140,5468,52467,640,301,339
39060,60528,8052,29147,5470,52476,640,301,339
39065,60532,8052,29149,5470,52480,640,301,339
39070,60542,8053,29153,5471,52489,640,301,339
39075,60548,8054,29156,5471,52493,640,301,339
39080,60559,8057,29162,5474,52502,640,301,339
39085,60563,8057,29164,5474,52506,640,301,339
39090,60573,8058,29169,5475,52515,640,301,339
39095,60579,8059,29171,5476,52520,640,301,339
39100,60590,8060,29174,5477,52530,640,301,339
39105,60594,8061,29175,5478,52533,640,301,339
39110,60604,8063,29179,5479,52541,640,301,339
39115,60610,8064,29182,5480,52546,640,301,339
39120,60621,8067,29186,5482,52554,641,301,340
39125,60625,8068,29189,5483,52557,641,301,340
39130,60635,8068,29193,5483,52567,641,301,340
39135,60641,8068,29197,5483,52573,641,301,340
39140,60652,8068,29202,5483,52584,642,302,340
39145,60656,8068,29206,5483,52588,642,302,340
39150,60666,8068,29212,5483,52598,642,302,340
39155,60672,8068,29215,5483,52604,642,302,340
39160,60683,8068,29221,5483,52615,643,302,341
39165,60687,8068,29223,5483,52619,643,302,341
39170,60697,8068,29230,5483,52629,643,302,341
39175,60703,8068,29233,5483,52635,643,302,341
39180,60714,8068,29237,5483,52646,644,302,342
39185,60718,8068,29239,5483,52650,644,302,342
39190,60728,8068,29247,5483,52660,644,302,342
39195,60734,8068,29251,5483,52666,644,302,342
39200,60745,8068,29255,5483,52677,644,302,342
39205,60749,8068,29257,5483,52681,644,302,342
39210,60759,8068,29262,5483,52691,644,302,342
39215,60765,8068,29267,5483,52697,644,302,342
39220,60776,8068,29274,5483,52708,644,302,342
39225,60780,8068,29277,5483,52712,644,302,342
39230,60790,8070,29282,5483,52720,644,302,342
39235,60796,8071,29283,5483,52725,644,302,342
39240,60807,8074,29290,5486,52733,644,302,342
39245,60811,8075,29293,5487,52736,644,302,342
39250,60821,8077,29300,5489,52744,644,302,342
39255,60827,8078,29303,5490,52748,644,302,342
39260,60838,8080,29306,5492,52758,644,302,342
39265,60842,8081,29307,5493,52761,644,302,342
39270,60852,8083,29313,5494,52768,644,302,342
39275,60858,8085,29317,5495,52772,644,302,342
39280,60869,8086,29320,5496,52783,644,302,342
39285,60873,8088,29323,5498,52785,644,302,342
39290,60883,8090,29326,5499,52793,644,302,342
39295,60889,8091,29328,5500,52798,644,302,342
39300,60900,8092,29336,5501,52808,645,303,342
39305,60904,8092,29337,5501,52812,645,303,342
39310,60914,8094,29341,5501,52820,645,303,342
39315,60920,8094,29343,5501,52825,645,303,342
39320,60931,8095,29348,5502,52836,645,303,342
39325,60935,8095,29348,5502,52840,645,303,342
39330,60945,8097,29351,5502,52848,645,303,342
39335,60951,8097,29354,5502,52853,645,303,342
39340,60962,8098,29360,5503,52864,645,303,342
39345,60966,8098,29364,5503,52868,645,303,342
39350,60976,8100,29369,5504,52876,645,303,342
39355,60982,8100,29371,5504,52882,645,303,342
39360,60993,8102,29377,5505,52891,645,303,342
39365,60997,8102,29380,5505,52895,645,303,342
39370,61007,8104,29383,5507,52903,645,303,342
39375,61013,8104,29386,5507,52909,645,303,342
39380,61024,8106,29391,5508,52918,645,303,342
39385,61028,8106,29392,5508,52922,645,303,342
39390,61038,8108,29396,5510,52930,645,303,342
39395,61044,8108,29399,5510,52936,645,303,342
39400,61055,8109,29403,5510,52946,645,303,342
39405,61059,8109,29403,5510,52950,645,303,342
39410,61069,8111,29408,5511,52958,645,303,342
39415,61075,8112,29412,5512,52963,645,303,342
39420,61086,8113,29415,5512,52973,645,303,342
39425,61090,8114,29418,5513,52976,645,303,342
39430,61100,8116,29424,5513,52983,645,303,342
39435,61106,8118,29424,5514,52988,645,303,342
39440,61117,8119,29431,5515,52998,645,303,342
39445,61121,8119,29432,5515,53002,645,303,342
39450,61131,8121,29436,5515,53009,645,303,342
39455,61137,8123,29437,5516,53014,645,303,342
39460,61148,8124,29441,5516,53024,645,303,342
39465,61152,8126,29445,5518,53026,645,303,342
39470,61162,8128,29449,5518,53033,645,303,342
39475,61168,8130,29451,5520,53038,645,303,342
39480,61179,8132,29457,5521,53047,645,303,342
39485,61183,8132,29459,5521,53051,645,303,342
39490,61193,8134,29463,5521,53059,645,303,342
39495,61199,8134,29464,5521,53065,645,303,342
39500,61210,8136,29470,5523,53074,646,303,343
39505,61214,8136,29470,5523,53078,646,303,343
39510,61224,8138,29476,5524,53086,646,303,343
39515,61230,8138,29478,5524,53092,646,303,343
39520,61241,8139,29482,5525,53102,647,304,343
39525,61245,8140,29484,5526,53105,647,304,343
39530,61255,8142,29487,5527,53113,647,304,343
39535,61261,8142,29492,5527,53118,647,304,343
39540,61272,8144,29496,5529,53128,648,305,343
39545,61276,8144,29496,5529,53132,648,305,343
39550,61286,8145,29503,5530,53141,648,305,343
39555,61292,8145,29507,5530,53146,648,305,343
39560,61303,8146,29513,5531,53157,648,305,343
39565,61307,8146,29515,5531,53161,648,305,343
39570,61317,8147,29521,5531,53170,648,305,343
39575,61323,8147,29525,5531,53175,648,305,343
39580,61334,8148,29531,5532,53186,648,305,343
39585,61338,8148,29533,5532,53190,648,305,343
39590,61348,8149,29541,5533,53199,648,305,343
39595,61354,8150,29542,5534,53204,648,305,343
39600,61365,8151,29546,5535,53214,648,305,343
39605,61369,8151,29547,5535,53218,648,305,343
39610,61379,8151,29550,5535,53228,648,305,343
39615,61385,8152,29553,5536,53233,648,305,343
39620,61396,8155,29561,5538,53241,648,305,343
39625,61400,8155,29564,5538,53245,648,305,343
39630,61410,8155,29569,5538,53255,648,305,343
39635,61416,8156,29570,5538,53260,648,305,343
39640,61427,8158,29577,5540,53269,648,305,343
39645,61431,8158,29577,5540,53273,648,305,343
39650,61441,8159,29581,5541,53282,648,305,343
39655,61447,8160,29584,5542,53286,648,305,343
39660,61458,8163,29590,5544,53295,649,305,344
39665,61462,8163,29592,5544,53299,649,305,344
39670,61472,8164,29598,5545,53308,649,305,344
39675,61478,8164,29601,5545,53314,649,305,344
39680,61489,8165,29603,5545,53324,649,305,344
39685,61493,8165,29604,5545,53328,649,305,344
39690,61503,8166,29610,5545,53337,649,305,344
39695,61509,8166,29616,5545,53343,649,305,344
39700,61520,8167,29621,5545,53353,649,305,344
39705,61524,8167,29623,5545,53357,649,305,344
39710,61534,8168,29628,5546,53366,649,305,344
39715,61540,8168,29632,5546,53372,649,305,344
39720,61551,8169,29636,5546,53382,649,305,344
39725,61555,8170,29639,5547,53385,649,305,344
39730,61565,8172,29645,5549,53393,649,305,344
39735,61571,8172,29648,5549,53399,649,305,344
39740,61582,8174,29654,5551,53408,650,305,345
39745,61586,8174,29655,5551,53412,650,305,345
39750,61596,8176,29662,5553,53420,650,305,345
39755,61602,8176,29663,5553,53426,650,305,345
39760,61613,8179,29669,5556,53434,651,305,346
39765,61617,8179,29670,5556,53438,651,305,346
39770,61627,8181,29674,5558,53446,651,305,346
39775,61633,8182,29678,5558,53450,651,305,346
39780,61644,8185,29684,5561,53459,652,305,347
39785,61648,8185,29685,5561,53463,652,305,347
39790,61658,8186,29692,5562,53471,652,305,347
39795,61664,8188,29694,5564,53476,652,305,347
39800,61675,8189,29697,5564,53486,652,305,347
39805,61679,8190,29699,5565,53489,652,305,347
39810,61689,8191,29705,5565,53498,652,305,347
39815,61695,8192,29707,5565,53502,652,305,347
39820,61706,8194,29713,5567,53512,652,305,347
39825,61710,8194,29713,5567,53516,652,305,347
39830,61720,8195,29717,5568,53525,652,305,347
39835,61726,8196,29722,5569,53529,652,305,347
39840,61737,8198,29726,5571,53539,652,305,347
39845,61741,8199,29729,5572,53542,652,305,347
39850,61751,8200,29732,5572,53551,652,305,347
39855,61757,8201,29736,5572,53556,652,305,347
39860,61768,8202,29742,5572,53566,652,305,347
39865,61772,8203,29743,5573,53569,652,305,347
39870,61782,8204,29747,5574,53578,652,305,347
39875,61788,8205,29751,5574,53583,652,305,347
39880,61799,8207,29758,5576,53592,652,305,347
39885,61803,8207,29759,5576,53596,652,305,347
39890,61813,8209,29763,5576,53604,652,305,347
39895,61819,8210,29767,5577,53609,652,305,347
39900,61830,8212,29769,5578,53618,653,305,348
39905,61834,8212,29769,5578,53622,653,305,348
39910,61844,8214,29775,5580,53630,653,305,348
39915,61850,8215,29777,5581,53635,653,305,348
39920,61861,8216,29783,5582,53645,654,305,349
39925,61865,8216,29783,5582,53649,654,305,349
39930,61875,8218,29789,5584,53657,654,305,349
39935,61881,8219,29791,5584,53662,654,305,349
39940,61892,8220,29795,5585,53672,655,306,349
39945,61896,8221,29797,5586,53675,655,306,349
39950,61906,8223,29803,5587,53683,655,306,349
39955,61912,8224,29803,5587,53688,655,306,349
39960,61923,8225,29809,5588,53698,656,307,349
39965,61927,8225,29810,5588,53702,656,307,349
39970,61937,8226,29816,5589,53711,656,307,349
39975,61943,8227,29820,5590,53716,656,307,349
39980,61954,8227,29826,5590,53727,656,307,349
39985,61958,8228,29828,5591,53730,656,307,349
39990,61968,8229,29836,5591,53739,656,307,349
39995,61974,8230,29840,5592,53744,656,307,349
40000,61985,8230,29844,5592,53755,656,307,349
40005,61989,8231,29846,5593,53758,656,307,349
40010,61999,8232,29848,5593,53767,656,307,349
40015,62005,8233,29852,5594,53771,656,307,349
40020,62016,8236,29859,5597,53780,656,307,349
40025,62020,8237,29861,5598,53783,656,307,349
40030,62030,8239,29863,5598,53791,656,307,349
40035,62036,8239,29866,5598,53797,656,307,349
40040,62047,8241,29872,5599,53806,656,307,349
40045,62051,8241,29873,5599,53810,656,307,349
40050,62061,8243,29880,5600,53818,656,307,349
40055,62067,8243,29884,5600,53823,656,307,349
40060,62078,8246,29890,5603,53832,656,307,349
40065,62082,8246,29892,5603,53836,656,307,349
40070,62092,8248,29898,5604,53844,656,307,349
40075,62098,8248,29902,5604,53849,656,307,349
40080,62109,8250,29908,5605,53859,657,308,349
40085,62113,8251,29910,5606,53862,657,308,349
40090,62123,8252,29915,5606,53871,657,308,349
40095,62129,8252,29918,5606,53877,657,308,349
40100,62140,8253,29926,5607,53887,658,309,349
40105,62144,8254,29928,5608,53890,658,309,349
40110,62154,8255,29932,5608,53899,658,309,349
40115,62160,8255,29933,5608,53905,658,309,349
40120,62171,8256,29938,5609,53915,659,309,350
40125,62175,8257,29939,5610,53918,659,309,350
40130,62185,8258,29943,5610,53926,659,309,350
40135,62191,8260,29946,5611,53930,659,309,350
40140,62202,8264,29951,5615,53938,660,310,350
40145,62206,8265,29953,5616,53941,660,310,350
40150,62216,8267,29959,5616,53948,660,310,350
40155,62222,8269,29963,5618,53953,660,310,350
40160,62233,8269,29965,5618,53964,660,310,350
40165,62237,8270,29968,5619,53967,660,310,350
40170,62247,8272,29971,5620,53974,660,310,350
40175,62253,8274,29973,5621,53979,660,310,350
40180,62264,8274,29979,5621,53990,660,310,350
40185,62268,8274,29979,5621,53994,660,310,350
40190,62278,8276,29982,5622,54002,660,310,350
40195,62284,8277,29987,5623,54007,660,310,350
40200,62295,8278,29990,5624,54017,660,310,350
40205,62299,8279,29991,5625,54020,660,310,350
40210,62309,8281,29998,5625,54028,660,310,350
40215,62315,8281,30001,5625,54034,660,310,350
40220,62326,8281,30005,5625,54045,660,310,350
40225,62330,8282,30006,5626,54048,660,310,350
40230,62340,8284,30012,5627,54056,660,310,350
40235,62346,8284,30013,5627,54062,660,310,350
40240,62357,8285,30019,5628,54072,660,310,350
40245,62361,8285,30021,5628,54076,660,310,350
40250,62371,8287,30026,5629,54084,660,310,350
40255,62377,8287,30028,5629,54089,660,310,350
40260,62388,8289,30033,5630,54099,660,310,350
40265,62392,8289,30033,5630,54103,660,310,350
40270,62402,8290,30040,5631,54112,660,310,350
40275,62408,8290,30042,5631,54118,660,310,350
40280,62419,8291,30047,5631,54128,661,310,351
40285,62423,8291,30047,5631,54132,661,310,351
40290,62433,8292,30052,5632,54141,661,310,351
40295,62439,8292,30055,5632,54147,661,310,351
40300,62450,8294,30061,5633,54156,662,310,352
40305,62454,8295,30062,5634,54159,662,310,352
40310,62464,8296,30066,5635,54168,662,310,352
40315,62470,8297,30067,5635,54173,662,310,352
40320,62481,8299,30073,5637,54182,663,310,353
40325,62485,8300,30074,5638,54185,663,310,353
40330,62495,8301,30083,5639,54193,663,310,353
40335,62501,8303,30085,5640,54197,663,310,353
40340,62512,8306,30090,5642,54206,663,310,353
40345,62516,8306,30091,5642,54210,663,310,353
40350,62526,8307,30095,5642,54218,663,310,353
40355,62532,8309,30100,5644,54223,663,310,353
40360,62543,8311,30106,5645,54232,663,310,353
40365,62547,8311,30108,5645,54236,663,310,353
40370,62557,8313,30115,5647,54244,663,310,353
40375,62563,8314,30119,5648,54248,663,310,353
40380,62574,8317,30123,5651,54257,663,310,353
40385,62578,8317,30125,5651,54261,663,310,353
40390,62588,8317,30130,5651,54271,663,310,353
40395,62594,8317,30131,5651,54277,663,310,353
40400,62605,8317,30136,5651,54288,663,310,353
40405,62609,8317,30138,5651,54292,663,310,353
40410,62619,8317,30141,5651,54302,663,310,353
40415,62625,8317,30143,5651,54308,663,310,353
40420,62636,8317,30147,5651,54319,663,310,353
40425,62640,8317,30150,5651,54323,663,310,353
40430,62650,8317,30154,5651,54333,663,310,353
40435,62656,8317,30156,5651,54339,663,310,353
40440,62667,8317,30161,5651,54350,663,310,353
40445,62671,8317,30163,5651,54354,663,310,353
40450,62681,8317,30166,5651,54364,663,310,353
40455,62687,8317,30170,5651,54370,663,310,353
40460,62698,8317,30177,5651,54381,663,310,353
40465,62702,8317,30179,5651,54385,663,310,353
40470,62712,8317,30187,5651,54395,663,310,353
40475,62718,8317,30190,5651,54401,663,310,353
40480,62729,8317,30195,5651,54412,663,310,353
40485,62733,8317,30197,5651,54416,663,310,353
40490,62743,8319,30201,5651,54423,663,310,353
40495,62749,8321,30205,5653,54428,663,310,353
40500,62760,8324,30211,5656,54436,664,311,353
40505,62764,8325,30212,5657,54439,664,311,353
40510,62774,8327,30216,5658,54447,664,311,353
40515,62780,8327,30217,5658,54453,664,311,353
40520,62791,8327,30222,5658,54464,664,311,353
40525,62795,8327,30225,5658,54468,664,311,353
40530,62805,8328,30229,5658,54477,664,311,353
40535,62811,8328,30231,5658,54483,664,311,353
40540,62822,8329,30236,5659,54493,664,311,353
40545,62826,8329,30237,5659,54497,664,311,353
40550,62836,8330,30242,5660,54506,664,311,353
40555,62842,8330,30243,5660,54512,664,311,353
40560,62853,8331,30249,5661,54522,664,311,353
40565,62857,8331,30253,5661,54526,664,311,353
40570,62867,8332,30257,5661,54535,664,311,353
40575,62873,8332,30260,5661,54541,664,311,353
40580,62884,8332,30264,5661,54552,664,311,353
40585,62888,8332,30264,5661,54556,664,311,353
40590,62898,8333,30267,5662,54565,664,311,353
40595,62904,8333,30270,5662,54571,664,311,353
40600,62915,8333,30274,5662,54582,664,311,353
40605,62919,8333,30276,5662,54586,664,311,353
40610,62929,8334,30279,5662,54595,664,311,353
40615,62935,8335,30283,5663,54600,664,311,353
40620,62946,8336,30285,5664,54610,664,311,353
40625,62950,8337,30287,5665,54613,664,311,353
40630,62960,8339,30292,5665,54620,664,311,353
40635,62966,8341,30294,5666,54624,664,311,353
40640,62977,8343,30300,5668,54634,665,312,353
40645,62981,8344,30303,5669,54637,665,312,353
40650,62991,8346,30309,5671,54644,665,312,353
40655,62997,8348,30313,5672,54648,665,312,353
40660,63008,8351,30317,5675,54657,666,313,353
40665,63012,8351,30319,5675,54661,666,313,353
40670,63022,8353,30322,5676,54669,666,313,353
40675,63028,8354,30325,5676,54673,666,313,353
40680,63039,8356,30331,5677,54683,667,313,354
40685,63043,8356,30333,5677,54687,667,313,354
40690,63053,8357,30336,5678,54696,667,313,354
40695,63059,8358,30340,5679,54701,667,313,354
40700,63070,8358,30347,5679,54712,667,313,354
40705,63074,8359,30349,5680,54715,667,313,354
40710,63084,8360,30353,5680,54723,667,313,354
40715,63090,8362,30354,5682,54728,667,313,354
40720,63101,8362,30362,5682,54739,667,313,354
40725,63105,8362,30364,5682,54743,667,313,354
40730,63115,8363,30370,5683,54752,667,313,354
40735,63121,8364,30372,5683,54757,667,313,354
40740,63132,8364,30378,5683,54768,667,313,354
40745,63136,8364,30379,5683,54772,667,313,354
40750,63146,8365,30383,5683,54781,667,313,354
40755,63152,8366,30387,5683,54786,667,313,354
40760,63163,8368,30397,5685,54795,667,313,354
40765,63167,8369,30400,5686,54798,667,313,354
40770,63177,8370,30405,5687,54807,667,313,354
40775,63183,8371,30407,5687,54812,667,313,354
40780,63194,8373,30413,5689,54821,667,313,354
40785,63198,8373,30415,5689,54825,667,313,354
40790,63208,8375,30418,5690,54833,667,313,354
40795,63214,8376,30418,5690,54838,667,313,354
40800,63225,8379,30421,5692,54846,668,313,355
40805,63229,8379,30423,5692,54850,668,313,355
40810,63239,8381,30428,5694,54858,668,313,355
40815,63245,8381,30429,5694,54864,668,313,355
40820,63256,8382,30437,5695,54874,668,313,355
40825,63260,8382,30438,5695,54878,668,313,355
40830,63270,8384,30442,5696,54886,668,313,355
40835,63276,8384,30444,5696,54891,668,313,355
40840,63287,8386,30447,5698,54901,668,313,355
40845,63291,8386,30449,5698,54905,668,313,355
40850,63301,8388,30454,5699,54913,668,313,355
40855,63307,8388,30456,5699,54919,668,313,355
40860,63318,8389,30461,5700,54929,668,313,355
40865,63322,8390,30464,5701,54932,668,313,355
40870,63332,8392,30469,5702,54940,668,313,355
40875,63338,8392,30472,5702,54946,668,313,355
40880,63349,8393,30477,5703,54956,669,314,355
40885,63353,8394,30479,5704,54959,669,314,355
40890,63363,8396,30482,5705,54967,669,314,355
40895,63369,8396,30484,5705,54973,669,314,355
40900,63380,8397,30490,5706,54983,669,314,355
40905,63384,8398,30492,5707,54986,669,314,355
40910,63394,8400,30497,5708,54993,669,314,355
40915,63400,8402,30501,5709,54998,669,314,355
40920,63411,8406,30507,5712,55005,669,314,355
40925,63415,8406,30509,5712,55009,669,314,355
40930,63425,8406,30514,5712,55019,669,314,355
40935,63431,8407,30517,5713,55024,669,314,355
40940,63442,8407,30521,5713,55035,669,314,355
40945,63446,8408,30524,5714,55038,669,314,355
40950,63456,8408,30530,5714,55048,669,314,355
40955,63462,8409,30534,5715,55053,669,314,355
40960,63473,8410,30537,5716,55063,669,314,355
40965,63477,8410,30538,5716,55067,669,314,355
40970,63487,8410,30543,5716,55077,669,314,355
40975,63493,8411,30547,5716,55082,669,314,355
40980,63504,8412,30554,5717,55092,669,314,355
40985,63508,8413,30556,5718,55095,669,314,355
40990,63518,8413,30564,5718,55104,669,314,355
40995,63524,8415,30566,5720,55109,669,314,355
41000,63535,8415,30567,5720,55120,670,314,356
41005,63539,8416,30570,5721,55123,670,314,356
41010,63549,8416,30573,5721,55132,670,314,356
41015,63555,8418,30577,5723,55137,670,314,356
41020,63566,8418,30583,5723,55148,671,314,357
41025,63570,8418,30585,5723,55152,671,314,357
41030,63580,8420,30590,5724,55160,671,314,357
41035,63586,8421,30593,5724,55164,671,314,357
41040,63597,8424,30597,5726,55173,672,314,358
41045,63601,8424,30599,5726,55177,672,314,358
41050,63611,8426,30607,5727,55185,672,314,358
41055,63617,8426,30610,5727,55191,672,314,358
41060,63628,8427,30613,5727,55201,672,314,358
41065,63632,8427,30615,5727,55205,672,314,358
41070,63642,8429,30619,5727,55213,672,314,358
41075,63648,8429,30620,5727,55219,672,314,358
41080,63659,8432,30623,5729,55227,672,314,358
41085,63663,8432,30624,5729,55231,672,314,358
41090,63673,8434,30630,5730,55239,672,314,358
41095,63679,8434,30634,5730,55245,672,314,358
41100,63690,8436,30639,5732,55254,672,314,358
41105,63694,8436,30640,5732,55258,672,314,358
41110,63704,8438,30645,5733,55265,672,314,358
41115,63710,8440,30647,5734,55270,672,314,358
41120,63721,8442,30651,5735,55279,672,314,358
41125,63725,8442,30652,5735,55283,672,314,358
41130,63735,8444,30661,5737,55290,672,314,358
41135,63741,8446,30662,5739,55295,672,314,358
41140,63752,8448,30667,5741,55304,672,314,358
41145,63756,8449,30670,5742,55307,672,314,358
41150,63766,8451,30677,5744,55314,672,314,358
41155,63772,8453,30680,5745,55318,672,314,358
41160,63783,8456,30686,5748,55327,673,315,358
41165,63787,8456,30688,5748,55331,673,315,358
41170,63797,8457,30693,5748,55340,673,315,358
41175,63803,8457,30694,5748,55345,673,315,358
41180,63814,8458,30699,5749,55356,673,315,358
41185,63818,8458,30702,5749,55360,673,315,358
41190,63828,8459,30707,5749,55369,673,315,358
41195,63834,8459,30712,5749,55375,673,315,358
41200,63845,8459,30718,5749,55386,673,315,358
41205,63849,8459,30721,5749,55390,673,315,358
41210,63859,8460,30724,5749,55399,673,315,358
41215,63865,8460,30725,5749,55405,673,315,358
41220,63876,8460,30732,5749,55416,673,315,358
41225,63880,8460,30735,5749,55420,673,315,358
41230,63890,8461,30738,5749,55429,673,315,358
41235,63896,8461,30741,5749,55435,673,315,358
41240,63907,8461,30747,5749,55446,673,315,358
41245,63911,8461,30749,5749,55450,673,315,358
41250,63921,8462,30754,5749,55459,673,315,358
41255,63927,8462,30756,5749,55465,673,315,358
41260,63938,8462,30763,5749,55476,673,315,358
41265,63942,8462,30765,5749,55480,673,315,358
41270,63952,8464,30771,5751,55487,673,315,358
41275,63958,8466,30773,5752,55492,673,315,358
41280,63969,8468,30780,5754,55501,674,316,358
41285,63973,8469,30782,5755,55504,674,316,358
41290,63983,8471,30787,5756,55512,674,316,358
41295,63989,8472,30789,5756,55517,674,316,358
41300,64000,8473,30792,5756,55527,674,316,358
41305,64004,8475,30796,5758,55529,674,316,358
41310,64014,8477,30802,5759,55537,674,316,358
41315,64020,8478,30804,5760,55542,674,316,358
41320,64031,8479,30812,5761,55552,674,316,358
41325,64035,8481,30815,5763,55554,674,316,358
41330,64045,8483,30820,5764,55562,674,316,358
41335,64051,8484,30821,5764,55567,674,316,358
41340,64062,8485,30825,5764,55577,674,316,358
41345,64066,8486,30827,5765,55580,674,316,358
41350,64076,8488,30834,5767,55588,674,316,358
41355,64082,8488,30837,5767,55594,674,316,358
41360,64093,8489,30844,5768,55604,674,316,358
41365,64097,8489,30846,5768,55608,674,316,358
41370,64107,8491,30851,5770,55616,674,316,358
41375,64113,8491,30853,5770,55622,674,316,358
41380,64124,8492,30859,5771,55632,674,316,358
41385,64128,8493,30862,5772,55635,674,316,358
41390,64138,8495,30869,5773,55643,674,316,358
41395,64144,8495,30871,5773,55649,674,316,358
41400,64155,8499,30879,5776,55656,675,316,359
41405,64159,8500,30880,5777,55659,675,316,359
41410,64169,8501,30884,5778,55668,675,316,359
41415,64175,8502,30887,5779,55673,675,316,359
41420,64186,8502,30894,5779,55684,675,316,359
41425,64190,8502,30897,5779,55688,675,316,359
41430,64200,8502,30901,5779,55698,675,316,359
41435,64206,8503,30904,5780,55703,675,316,359
41440,64217,8503,30909,5780,55714,675,316,359
41445,64221,8504,30911,5781,55717,675,316,359
41450,64231,8504,30915,5781,55726,675,316,359
41455,64237,8506,30916,5782,55731,675,316,359
41460,64248,8506,30922,5782,55742,675,316,359
41465,64252,8507,30924,5783,55745,675,316,359
41470,64262,8507,30928,5783,55754,675,316,359
41475,64268,8509,30929,5784,55759,675,316,359
41480,64279,8509,30934,5784,55770,675,316,359
41485,64283,8509,30935,5784,55774,675,316,359
41490,64293,8509,30940,5784,55783,675,316,359
41495,64299,8511,30944,5785,55788,675,316,359
41500,64310,8511,30951,5785,55799,675,316,359
41505,64314,8511,30953,5785,55803,675,316,359
41510,64324,8512,30958,5785,55812,675,316,359
41515,64330,8513,30961,5785,55817,675,316,359
41520,64341,8514,30964,5785,55827,676,316,360
41525,64345,8515,30967,5786,55830,676,316,360
41530,64355,8517,30973,5787,55838,676,316,360
41535,64361,8517,30975,5787,55844,676,316,360
41540,64372,8518,30981,5787,55854,676,316,360
41545,64376,8518,30983,5787,55858,676,316,360
41550,64386,8520,30988,5788,55866,676,316,360
41555,64392,8520,30990,5788,55872,676,316,360
41560,64403,8521,30995,5789,55882,676,316,360
41565,64407,8523,30998,5791,55884,676,316,360
41570,64417,8525,31003,5792,55892,676,316,360
41575,64423,8525,31006,5792,55898,676,316,360
41580,64434,8527,31013,5794,55907,676,316,360
41585,64438,8528,31014,5795,55910,676,316,360
41590,64448,8530,31019,5797,55917,676,316,360
41595,64454,8532,31023,5799,55921,676,316,360
41600,64465,8535,31029,5802,55930,676,316,360
41605,64469,8536,31032,5803,55933,676,316,360
41610,64479,8538,31037,5803,55941,676,316,360
41615,64485,8539,31040,5803,55945,676,316,360
41620,64496,8542,31045,5805,55954,676,316,360
41625,64500,8543,31047,5806,55957,676,316,360
41630,64510,8545,31053,5807,55964,676,316,360
41635,64516,8547,31056,5808,55969,676,316,360
41640,64527,8549,31060,5809,55978,676,316,360
41645,64531,8550,31064,5810,55981,676,316,360
41650,64541,8551,31071,5811,55990,676,316,360
41655,64547,8551,31074,5811,55996,676,316,360
41660,64558,8552,31078,5812,56006,676,316,360
41665,64562,8553,31081,5813,56009,676,316,360
41670,64572,8554,31086,5814,56018,676,316,360
41675,64578,8554,31090,5814,56024,676,316,360
41680,64589,8554,31097,5814,56035,677,316,361
41685,64593,8554,31098,5814,56039,677,316,361
41690,64603,8555,31100,5814,56048,677,316,361
41695,64609,8555,31102,5814,56054,677,316,361
41700,64620,8556,31106,5815,56064,678,316,362
41705,64624,8556,31108,5815,56068,678,316,362
41710,64634,8556,31114,5815,56078,678,316,362
41715,64640,8556,31116,5815,56084,678,316,362
41720,64651,8556,31123,5815,56095,679,317,362
41725,64655,8556,31125,5815,56099,679,317,362
41730,64665,8556,31130,5815,56109,679,317,362
41735,64671,8556,31132,5815,56115,679,317,362
41740,64682,8556,31138,5815,56126,680,317,363
41745,64686,8556,31141,5815,56130,680,317,363
41750,64696,8557,31149,5815,56139,680,317,363
41755,64702,8558,31150,5815,56144,680,317,363
41760,64713,8560,31159,5817,56153,681,318,363
41765,64717,8560,31160,5817,56157,681,318,363
41770,64727,8562,31166,5819,56165,681,318,363
41775,64733,8563,31171,5820,56170,681,318,363
41780,64744,8564,31179,5821,56180,681,318,363
41785,64748,8564,31181,5821,56184,681,318,363
41790,64758,8566,31185,5822,56191,681,318,363
41795,64764,8568,31188,5824,56196,681,318,363
41800,64775,8569,31194,5825,56206,681,318,363
41805,64779,8569,31195,5825,56210,681,318,363
41810,64789,8571,31198,5826,56218,681,318,363
41815,64795,8572,31200,5827,56223,681,318,363
41820,64806,8573,31204,5827,56233,681,318,363
41825,64810,8574,31207,5828,56236,681,318,363
41830,64820,8576,31213,5830,56243,681,318,363
41835,64826,8578,31218,5832,56248,681,318,363
41840,64837,8580,31222,5833,56257,681,318,363
41845,64841,8580,31224,5833,56261,681,318,363
41850,64851,8582,31231,5835,56268,681,318,363
41855,64857,8584,31233,5837,56273,681,318,363
41860,64868,8586,31239,5838,56282,681,318,363
41865,64872,8586,31240,5838,56286,681,318,363
41870,64882,8588,31245,5840,56293,681,318,363
41875,64888,8590,31247,5841,56298,681,318,363
41880,64899,8593,31254,5843,56306,682,319,363
41885,64903,8594,31257,5844,56309,682,319,363
41890,64913,8596,31264,5846,56317,682,319,363
41895,64919,8596,31268,5846,56323,682,319,363
41900,64930,8597,31274,5847,56333,682,319,363
41905,64934,8597,31275,5847,56337,682,319,363
41910,64944,8599,31279,5848,56345,682,319,363
41915,64950,8599,31282,5848,56351,682,319,363
41920,64961,8600,31286,5849,56361,682,319,363
41925,64965,8600,31287,5849,56365,682,319,363
41930,64975,8602,31291,5850,56373,682,319,363
41935,64981,8602,31295,5850,56378,682,319,363
41940,64992,8603,31300,5851,56389,682,319,363
41945,64996,8603,31302,5851,56393,682,319,363
41950,65006,8604,31308,5852,56402,682,319,363
41955,65012,8604,31311,5852,56408,682,319,363
41960,65023,8605,31316,5853,56418,682,319,363
41965,65027,8605,31318,5853,56422,682,319,363
41970,65037,8606,31322,5854,56431,682,319,363
41975,65043,8606,31325,5854,56436,682,319,363
41980,65054,8607,31330,5855,56447,682,319,363
41985,65058,8607,31331,5855,56451,682,319,363
41990,65068,8608,31335,5855,56460,682,319,363
41995,65074,8609,31337,5855,56464,682,319,363
42000,65085,8611,31339,5857,56474,682,319,363
42005,65089,8611,31340,5857,56478,682,319,363
42010,65099,8612,31345,5857,56487,682,319,363
42015,65105,8613,31348,5858,56492,682,319,363
42020,65116,8614,31350,5859,56502,683,319,364
42025,65120,8615,31354,5860,56505,683,319,364
42030,65130,8616,31360,5861,56514,683,319,364
42035,65136,8617,31362,5862,56519,683,319,364
42040,65147,8619,31368,5863,56528,684,319,365
42045,65151,8619,31369,5863,56532,684,319,365
42050,65161,8620,31375,5863,56541,684,319,365
42055,65167,8621,31378,5863,56545,684,319,365
42060,65178,8623,31382,5864,56555,685,320,365
42065,65182,8623,31383,5864,56559,685,320,365
42070,65192,8624,31388,5864,56568,685,320,365
42075,65198,8625,31391,5864,56572,685,320,365
42080,65209,8628,31396,5866,56581,686,320,366
42085,65213,8629,31399,5867,56584,686,320,366
42090,65223,8630,31403,5867,56593,686,320,366
42095,65229,8631,31407,5868,56597,686,320,366
42100,65240,8634,31412,5871,56606,687,320,367
42105,65244,8635,31415,5872,56609,687,320,367
42110,65254,8637,31422,5873,56617,687,320,367
42115,65260,8638,31422,5873,56622,687,320,367
42120,65271,8640,31426,5874,56631,688,321,367
42125,65275,8640,31427,5874,56635,688,321,367
42130,65285,8641,31434,5875,56643,688,321,367
42135,65291,8643,31440,5877,56647,688,321,367
42140,65302,8645,31445,5879,56657,688,321,367
42145,65306,8646,31448,5880,56660,688,321,367
42150,65316,8647,31453,5880,56669,688,321,367
42155,65322,8647,31457,5880,56675,688,321,367
42160,65333,8648,31462,5881,56685,688,321,367
42165,65337,8648,31462,5881,56689,688,321,367
42170,65347,8649,31466,5881,56698,688,321,367
42175,65353,8649,31468,5881,56704,688,321,367
42180,65364,8649,31472,5881,56715,688,321,367
42185,65368,8649,31474,5881,56719,688,321,367
42190,65378,8650,31479,5881,56728,688,321,367
42195,65384,8650,31483,5881,56734,688,321,367
42200,65395,8650,31490,5881,56745,688,321,367
42205,65399,8650,31491,5881,56749,688,321,367
42210,65409,8651,31498,5881,56758,688,321,367
42215,65415,8651,31503,5881,56763,688,321,367
42220,65426,8652,31509,5882,56774,688,321,367
42225,65430,8652,31511,5882,56778,688,321,367
42230,65440,8653,31518,5883,56787,688,321,367
42235,65446,8653,31522,5883,56793,688,321,367
42240,65457,8655,31526,5884,56802,689,322,367
42245,65461,8655,31526,5884,56806,689,322,367
42250,65471,8656,31533,5884,56815,689,322,367
42255,65477,8657,31536,5884,56820,689,322,367
42260,65488,8658,31540,5885,56830,689,322,367
42265,65492,8659,31542,5886,56833,689,322,367
42270,65502,8660,31545,5886,56841,689,322,367
42275,65508,8662,31548,5887,56846,689,322,367
42280,65519,8663,31552,5887,56856,689,322,367
42285,65523,8664,31555,5888,56859,689,322,367
42290,65533,8665,31560,5888,56867,689,322,367
42295,65539,8667,31562,5890,56872,689,322,367
42300,65550,8669,31567,5891,56881,689,322,367
42305,65554,8670,31570,5892,56884,689,322,367
42310,65564,8671,31575,5892,56892,689,322,367
42315,65570,8673,31579,5893,56897,689,322,367
42320,65581,8675,31583,5895,56906,689,322,367
42325,65585,8676,31585,5896,56909,689,322,367
42330,65595,8677,31591,5897,56917,689,322,367
42335,65601,8679,31595,5899,56922,689,322,367
42340,65612,8680,31603,5900,56932,689,322,367
42345,65616,8680,31604,5900,56936,689,322,367
42350,65626,8682,31608,5900,56943,689,322,367
42355,65632,8684,31611,5902,56947,689,322,367
42360,65643,8688,31618,5905,56955,690,323,367
42365,65647,8689,31620,5906,56958,690,323,367
42370,65657,8691,31625,5908,56966,690,323,367
42375,65663,8691,31627,5908,56971,690,323,367
42380,65674,8694,31633,5911,56980,691,324,367
42385,65678,8694,31635,5911,56984,691,324,367
42390,65688,8696,31641,5912,56992,691,324,367
42395,65694,8696,31645,5912,56997,691,324,367
42400,65705,8699,31650,5915,57006,691,324,367
42405,65709,8701,31653,5917,57008,691,324,367
42410,65719,8703,31659,5919,57016,691,324,367
42415,65725,8703,31661,5919,57022,691,324,367
42420,65736,8705,31663,5920,57031,691,324,367
42425,65740,8705,31665,5920,57035,691,324,367
42430,65750,8707,31667,5921,57043,691,324,367
42435,65756,8707,31671,5921,57049,691,324,367
42440,65767,8708,31676,5922,57059,691,324,367
42445,65771,8708,31679,5922,57063,691,324,367
42450,65781,8710,31683,5923,57071,691,324,367
42455,65787,8710,31687,5923,57077,691,324,367
42460,65798,8711,31692,5924,57087,691,324,367
42465,65802,8711,31695,5924,57091,691,324,367
42470,65812,8713,31702,5925,57098,691,324,367
42475,65818,8715,31705,5926,57103,691,324,367
42480,65829,8715,31708,5926,57114,691,324,367
42485,65833,8716,31710,5927,57117,691,324,367
42490,65843,8718,31716,5928,57124,691,324,367
42495,65849,8720,31717,5929,57129,691,324,367
42500,65860,8720,31723,5929,57140,692,325,367
42505,65864,8721,31727,5930,57143,692,325,367
42510,65874,8723,31733,5932,57151,692,325,367
42515,65880,8724,31738,5933,57156,692,325,367
42520,65891,8725,31744,5934,57166,693,326,367
42525,65895,8726,31746,5935,57169,693,326,367
42530,65905,8728,31752,5936,57176,693,326,367
42535,65911,8730,31752,5937,57181,693,326,367
42540,65922,8733,31756,5939,57189,694,326,368
42545,65926,8733,31757,5939,57193,694,326,368
42550,65936,8734,31757,5939,57202,694,326,368
42555,65942,8735,31758,5939,57206,694,326,368
42560,65953,8738,31767,5941,57215,694,326,368
42565,65957,8739,31770,5942,57218,694,326,368
42570,65967,8740,31773,5942,57227,694,326,368
42575,65973,8741,31779,5943,57231,694,326,368
42580,65984,8744,31785,5946,57240,694,326,368
42585,65988,8744,31787,5946,57244,694,326,368
42590,65998,8745,31792,5946,57253,694,326,368
42595,66004,8746,31793,5946,57258,694,326,368
42600,66015,8747,31799,5946,57268,694,326,368
42605,66019,8747,31800,5946,57272,694,326,368
42610,66029,8748,31805,5947,57281,694,326,368
42615,66035,8748,31808,5947,57286,694,326,368
42620,66046,8751,31813,5950,57295,694,326,368
42625,66050,8751,31816,5950,57299,694,326,368
42630,66060,8752,31821,5951,57308,694,326,368
42635,66066,8752,31824,5951,57313,694,326,368
42640,66077,8755,31827,5953,57322,694,326,368
42645,66081,8756,31828,5954,57325,694,326,368
42650,66091,8758,31833,5955,57333,694,326,368
42655,66097,8758,31837,5955,57338,694,326,368
42660,66108,8761,31844,5958,57347,694,326,368
42665,66112,8762,31847,5959,57350,694,326,368
42670,66122,8764,31850,5959,57358,694,326,368
42675,66128,8765,31852,5959,57363,694,326,368
42680,66139,8767,31859,5961,57372,694,326,368
42685,66143,8767,31860,5961,57376,694,326,368
42690,66153,8769,31866,5962,57384,694,326,368
42695,66159,8770,31869,5962,57389,694,326,368
42700,66170,8771,31871,5963,57399,695,326,369
42705,66174,8771,31873,5963,57403,695,326,369
42710,66184,8773,31876,5964,57410,695,326,369
42715,66190,8775,31878,5965,57414,695,326,369
42720,66201,8778,31882,5968,57423,696,327,369
42725,66205,8778,31883,5968,57427,696,327,369
42730,66215,8779,31887,5969,57436,696,327,369
42735,66221,8779,31890,5969,57442,696,327,369
42740,66232,8779,31895,5969,57453,696,327,369
42745,66236,8779,31897,5969,57457,696,327,369
42750,66246,8780,31903,5970,57466,696,327,369
42755,66252,8780,31905,5970,57472,696,327,369
42760,66263,8780,31912,5970,57483,696,327,369
42765,66267,8780,31913,5970,57487,696,327,369
42770,66277,8781,31920,5970,57496,696,327,369
42775,66283,8781,31924,5970,57502,696,327,369
42780,66294,8781,31929,5970,57513,696,327,369
42785,66298,8781,31932,5970,57517,696,327,369
42790,66308,8783,31937,5971,57525,696,327,369
42795,66314,8783,31941,5971,57530,696,327,369
42800,66325,8784,31946,5972,57541,696,327,369
42805,66329,8784,31948,5972,57545,696,327,369
42810,66339,8786,31951,5973,57553,696,327,369
42815,66345,8786,31953,5973,57558,696,327,369
42820,66356,8788,31956,5975,57568,696,327,369
42825,66360,8788,31957,5975,57572,696,327,369
42830,66370,8790,31963,5975,57579,696,327,369
42835,66376,8792,31966,5976,57583,696,327,369
42840,66387,8794,31970,5978,57593,697,327,370
42845,66391,8795,31972,5979,57596,697,327,370
42850,66401,8797,31977,5980,57603,697,327,370
42855,66407,8799,31978,5981,57608,697,327,370
42860,66418,8800,31983,5981,57618,697,327,370
42865,66422,8800,31985,5981,57622,697,327,370
42870,66432,8802,31989,5982,57629,697,327,370
42875,66438,8804,31992,5984,57634,697,327,370
42880,66449,8806,31999,5985,57643,697,327,370
42885,66453,8806,32000,5985,57647,697,327,370
42890,66463,8808,32004,5985,57655,697,327,370
42895,66469,8809,32007,5986,57660,697,327,370
42900,66480,8811,32014,5988,57669,697,327,370
42905,66484,8812,32017,5989,57672,697,327,370
42910,66494,8814,32021,5990,57680,697,327,370
42915,66500,8815,32021,5990,57685,697,327,370
42920,66511,8816,32029,5991,57695,697,327,370
42925,66515,8818,32032,5993,57697,697,327,370
42930,66525,8820,32036,5994,57705,697,327,370
42935,66531,8821,32038,5994,57710,697,327,370
42940,66542,8822,32042,5995,57720,697,327,370
42945,66546,8822,32042,5995,57724,697,327,370
42950,66556,8824,32046,5996,57732,697,327,370
42955,66562,8825,32048,5996,57737,697,327,370
42960,66573,8828,32053,5999,57745,697,327,370
42965,66577,8828,32056,5999,57749,697,327,370
42970,66587,8829,32061,6000,57758,697,327,370
42975,66593,8829,32064,6000,57763,697,327,370
42980,66604,8831,32069,6001,57773,697,327,370
42985,66608,8832,32071,6002,57776,697,327,370
42990,66618,8833,32076,6003,57785,697,327,370
42995,66624,8833,32079,6003,57790,697,327,370
43000,66635,8836,32084,6006,57799,697,327,370
43005,66639,8837,32087,6007,57802,697,327,370
43010,66649,8838,32091,6008,57811,697,327,370
43015,66655,8838,32095,6008,57816,697,327,370
43020,66666,8841,32100,6010,57825,698,327,371
43025,66670,8842,32101,6011,57828,698,327,371
43030,66680,8842,32106,6011,57838,698,327,371
43035,66686,8842,32111,6011,57844,698,327,371
43040,66697,8843,32119,6012,57854,699,328,371
43045,66701,8843,32120,6012,57858,699,328,371
43050,66711,8843,32127,6012,57868,699,328,371
43055,66717,8843,32129,6012,57874,699,328,371
43060,66728,8844,32135,6012,57884,700,329,371
43065,66732,8844,32135,6012,57888,700,329,371
43070,66742,8845,32140,6013,57896,700,329,371
43075,66748,8847,32144,6015,57900,700,329,371
43080,66759,8849,32146,6017,57910,701,329,372
43085,66763,8851,32148,6019,57912,701,329,372
43090,66773,8852,32153,6019,57921,701,329,372
43095,66779,8853,32157,6020,57926,701,329,372
43100,66790,8853,32161,6020,57937,701,329,372
43105,66794,8853,32163,6020,57941,701,329,372
43110,66804,8853,32170,6020,57951,701,329,372
43115,66810,8854,32173,6020,57956,701,329,372
43120,66821,8854,32178,6020,57967,701,329,372
43125,66825,8854,32179,6020,57971,701,329,372
43130,66835,8854,32184,6020,57981,701,329,372
43135,66841,8855,32189,6021,57986,701,329,372
43140,66852,8856,32195,6022,57996,701,329,372
43145,66856,8856,32197,6022,58000,701,329,372
43150,66866,8856,32203,6022,58010,701,329,372
43155,66872,8857,32206,6023,58015,701,329,372
43160,66883,8857,32210,6023,58026,701,329,372
43165,66887,8857,32212,6023,58030,701,329,372
43170,66897,8857,32217,6023,58040,701,329,372
43175,66903,8858,32221,6023,58045,701,329,372
43180,66914,8858,32222,6023,58056,701,329,372
43185,66918,8858,32224,6023,58060,701,329,372
43190,66928,8859,32230,6024,58069,701,329,372
43195,66934,8860,32232,6024,58074,701,329,372
43200,66945,8864,32240,6028,58081,701,329,372
43205,66949,8864,32241,6028,58085,701,329,372
43210,66959,8866,32243,6029,58093,701,329,372
43215,66965,8867,32246,6030,58098,701,329,372
43220,66976,8869,32255,6031,58107,701,329,372
43225,66980,8869,32257,6031,58111,701,329,372
43230,66990,8871,32261,6032,58119,701,329,372
43235,66996,8872,32263,6032,58124,701,329,372
43240,67007,8875,32272,6035,58132,702,330,372
43245,67011,8875,32273,6035,58136,702,330,372
43250,67021,8877,32277,6035,58143,702,330,372
43255,67027,8879,32280,6036,58148,702,330,372
43260,67038,8882,32288,6038,58156,703,330,373
43265,67042,8882,32290,6038,58160,703,330,373
43270,67052,8883,32296,6038,58169,703,330,373
43275,67058,8883,32300,6038,58175,703,330,373
43280,67069,8885,32305,6040,58184,704,331,373
43285,67073,8886,32308,6041,58187,704,331,373
43290,67083,8887,32312,6041,58196,704,331,373
43295,67089,8887,32315,6041,58202,704,331,373
43300,67100,8889,32322,6043,58211,705,332,373
43305,67104,8889,32323,6043,58215,705,332,373
43310,67114,8890,32328,6043,58224,705,332,373
43315,67120,8890,32329,6043,58230,705,332,373
43320,67131,8892,32332,6044,58239,706,332,374
43325,67135,8892,32333,6044,58243,706,332,374
43330,67145,8893,32342,6045,58252,706,332,374
43335,67151,8893,32345,6045,58258,706,332,374
43340,67162,8893,32351,6045,58269,706,332,374
43345,67166,8893,32354,6045,58273,706,332,374
43350,67176,8894,32361,6045,58282,706,332,374
43355,67182,8894,32364,6045,58288,706,332,374
43360,67193,8895,32370,6046,58298,706,332,374
43365,67197,8895,32372,6046,58302,706,332,374
43370,67207,8897,32377,6046,58310,706,332,374
43375,67213,8897,32378,6046,58316,706,332,374
43380,67224,8897,32383,6046,58327,706,332,374
43385,67228,8898,32384,6047,58330,706,332,374
43390,67238,8900,32389,6048,58338,706,332,374
43395,67244,8901,32391,6048,58343,706,332,374
43400,67255,8901,32394,6048,58354,706,332,374
43405,67259,8903,32398,6050,58356,706,332,374
43410,67269,8905,32405,6052,58364,706,332,374
43415,67275,8906,32406,6052,58369,706,332,374
43420,67286,8906,32408,6052,58380,706,332,374
43425,67290,8907,32410,6053,58383,706,332,374
43430,67300,8909,32418,6054,58391,706,332,374
43435,67306,8910,32422,6055,58396,706,332,374
43440,67317,8911,32427,6056,58406,706,332,374
43445,67321,8912,32429,6057,58409,706,332,374
43450,67331,8914,32434,6058,58417,706,332,374
43455,67337,8915,32437,6058,58422,706,332,374
43460,67348,8917,32444,6060,58431,706,332,374
43465,67352,8918,32447,6061,58434,706,332,374
43470,67362,8920,32449,6061,58442,706,332,374
43475,67368,8921,32453,6062,58447,706,332,374
43480,67379,8922,32457,6062,58457,706,332,374
43485,67383,8922,32457,6062,58461,706,332,374
43490,67393,8924,32463,6063,58469,706,332,374
43495,67399,8925,32466,6064,58473,706,332,374
43500,67410,8928,32471,6066,58482,706,332,374
43505,67414,8928,32472,6066,58486,706,332,374
43510,67424,8929,32477,6067,58495,706,332,374
43515,67430,8929,32479,6067,58500,706,332,374
43520,67441,8932,32486,6069,58509,707,333,374
43525,67445,8932,32487,6069,58513,707,333,374
43530,67455,8933,32492,6070,58522,707,333,374
43535,67461,8933,32495,6070,58528,707,333,374
43540,67472,8934,32500,6070,58538,708,333,375
43545,67476,8934,32502,6070,58542,708,333,375
43550,67486,8935,32507,6071,58551,708,333,375
43555,67492,8935,32511,6071,58556,708,333,375
43560,67503,8937,32514,6072,58566,709,334,375
43565,67507,8937,32515,6072,58570,709,334,375
43570,67517,8938,32520,6073,58579,709,334,375
43575,67523,8938,32523,6073,58585,709,334,375
43580,67534,8939,32528,6074,58595,709,334,375
43585,67538,8939,32530,6074,58599,709,334,375
43590,67548,8940,32534,6074,58608,709,334,375
43595,67554,8940,32537,6074,58614,709,334,375
43600,67565,8941,32544,6074,58624,709,334,375
43605,67569,8941,32546,6074,58628,709,334,375
43610,67579,8942,32552,6075,58637,709,334,375
43615,67585,8943,32556,6076,58642,709,334,375
43620,67596,8946,32564,6079,58650,709,334,375
43625,67600,8946,32565,6079,58654,709,334,375
43630,67610,8947,32572,6080,58663,709,334,375
43635,67616,8948,32576,6080,58668,709,334,375
43640,67627,8951,32582,6083,58676,709,334,375
43645,67631,8951,32586,6083,58680,709,334,375
43650,67641,8952,32589,6083,58689,709,334,375
43655,67647,8953,32593,6084,58694,709,334,375
43660,67658,8954,32596,6084,58704,709,334,375
43665,67662,8954,32597,6084,58708,709,334,375
43670,67672,8956,32601,6085,58715,709,334,375
43675,67678,8958,32605,6086,58720,709,334,375
43680,67689,8961,32610,6089,58728,710,334,376
43685,67693,8962,32612,6090,58731,710,334,376
43690,67703,8964,32612,6090,58739,710,334,376
43695,67709,8964,32615,6090,58745,710,334,376
43700,67720,8965,32618,6091,58755,711,334,377
43705,67724,8965,32620,6091,58759,711,334,377
43710,67734,8967,32627,6093,58767,711,334,377
43715,67740,8967,32632,6093,58773,711,334,377
43720,67751,8968,32636,6094,58783,712,334,378
43725,67755,8968,32638,6094,58787,712,334,378
43730,67765,8970,32642,6095,58795,712,334,378
43735,67771,8970,32645,6095,58801,712,334,378
43740,67782,8970,32649,6095,58812,713,334,379
43745,67786,8970,32651,6095,58816,713,334,379
43750,67796,8972,32656,6097,58824,713,334,379
43755,67802,8972,32659,6097,58830,713,334,379
43760,67813,8974,32664,6099,58839,713,334,379
43765,67817,8974,32665,6099,58843,713,334,379
43770,67827,8976,32668,6100,58851,713,334,379
43775,67833,8976,32672,6100,58857,713,334,379
43780,67844,8976,32675,6100,58868,713,334,379
43785,67848,8976,32678,6100,58872,713,334,379
43790,67858,8978,32681,6101,58880,713,334,379
43795,67864,8979,32684,6101,58885,713,334,379
43800,67875,8981,32687,6103,58894,713,334,379
43805,67879,8981,32690,6103,58898,713,334,379
43810,67889,8981,32696,6103,58907,713,334,379
43815,67895,8983,32698,6105,58912,713,334,379
43820,67906,8985,32707,6107,58921,713,334,379
43825,67910,8986,32709,6108,58924,713,334,379
43830,67920,8986,32715,6108,58934,713,334,379
43835,67926,8987,32718,6108,58939,713,334,379
43840,67937,8988,32725,6109,58949,713,334,379
43845,67941,8988,32726,6109,58953,713,334,379
43850,67951,8988,32727,6109,58962,713,334,379
43855,67957,8990,32730,6110,58967,713,334,379
43860,67968,8991,32735,6110,58977,714,334,380
43865,67972,8991,32736,6110,58981,714,334,380
43870,67982,8991,32742,6110,58990,714,334,380
43875,67988,8993,32745,6112,58995,714,334,380
43880,67999,8994,32752,6112,59005,715,334,381
43885,68003,8995,32754,6113,59008,715,334,381
43890,68013,8995,32759,6113,59018,715,334,381
43895,68019,8996,32764,6114,59023,715,334,381
43900,68030,8997,32768,6115,59033,716,334,382
43905,68034,8999,32770,6117,59035,716,334,382
43910,68044,9001,32775,6118,59043,716,334,382
43915,68050,9002,32777,6118,59048,716,334,382
43920,68061,9004,32782,6119,59057,717,335,382
43925,68065,9005,32784,6120,59060,717,335,382
43930,68075,9006,32790,6121,59069,717,335,382
43935,68081,9006,32792,6121,59074,717,335,382
43940,68092,9008,32795,6123,59084,717,335,382
43945,68096,9008,32797,6123,59088,717,335,382
43950,68106,9009,32799,6123,59097,717,335,382
43955,68112,9009,32802,6123,59102,717,335,382
43960,68123,9013,32808,6127,59110,717,335,382
43965,68127,9014,32811,6128,59113,717,335,382
43970,68137,9015,32815,6129,59122,717,335,382
43975,68143,9015,32817,6129,59127,717,335,382
43980,68154,9018,32820,6131,59136,717,335,382
43985,68158,9018,32822,6131,59140,717,335,382
43990,68168,9018,32827,6131,59150,717,335,382
43995,68174,9018,32832,6131,59156,717,335,382
44000,68185,9018,32841,6131,59167,717,335,382
44005,68189,9018,32842,6131,59171,717,335,382
44010,68199,9018,32845,6131,59181,717,335,382
44015,68205,9018,32846,6131,59187,717,335,382
44020,68216,9018,32850,6131,59198,717,335,382
44025,68220,9018,32852,6131,59202,717,335,382
44030,68230,9019,32859,6132,59211,717,335,382
44035,68236,9020,32860,6132,59216,717,335,382
44040,68247,9021,32865,6133,59226,718,335,383
44045,68251,9021,32868,6133,59230,718,335,383
44050,68261,9022,32875,6134,59238,718,335,383
44055,68267,9024,32877,6135,59243,718,335,383
44060,68278,9024,32883,6135,59254,719,336,383
44065,68282,9024,32884,6135,59258,719,336,383
44070,68292,9025,32887,6135,59267,719,336,383
44075,68298,9026,32888,6135,59272,719,336,383
44080,68309,9026,32894,6135,59283,720,337,383
44085,68313,9027,32896,6136,59286,720,337,383
44090,68323,9029,32901,6137,59293,720,337,383
44095,68329,9031,32903,6138,59298,720,337,383
44100,68340,9033,32907,6139,59307,721,337,384
44105,68344,9034,32909,6140,59310,721,337,384
44110,68354,9036,32914,6142,59318,721,337,384
44115,68360,9036,32916,6142,59323,721,337,384
44120,68371,9037,32918,6143,59334,722,337,385
44125,68375,9038,32920,6144,59337,722,337,385
44130,68385,9040,32925,6145,59345,722,337,385
44135,68391,9040,32927,6145,59351,722,337,385
44140,68402,9040,32933,6145,59362,723,337,386
44145,68406,9040,32936,6145,59366,723,337,386
44150,68416,9042,32940,6145,59374,723,337,386
44155,68422,9042,32941,6145,59380,723,337,386
44160,68433,9042,32947,6145,59391,724,338,386
44165,68437,9043,32951,6146,59394,724,338,386
44170,68447,9045,32957,6148,59402,724,338,386
44175,68453,9045,32961,6148,59408,724,338,386
44180,68464,9045,32966,6148,59419,724,338,386
44185,68468,9045,32968,6148,59423,724,338,386
44190,68478,9047,32975,6149,59431,724,338,386
44195,68484,9047,32978,6149,59437,724,338,386
44200,68495,9047,32983,6149,59448,724,338,386
44205,68499,9047,32984,6149,59452,724,338,386
44210,68509,9049,32990,6151,59460,724,338,386
44215,68515,9050,32994,6152,59465,724,338,386
44220,68526,9051,32999,6152,59475,724,338,386
44225,68530,9052,33001,6153,59478,724,338,386
44230,68540,9054,33003,6153,59486,724,338,386
44235,68546,9055,33006,6153,59490,724,338,386
44240,68557,9059,33011,6156,59498,724,338,386
44245,68561,9060,33012,6157,59501,724,338,386
44250,68571,9062,33018,6157,59508,724,338,386
44255,68577,9064,33019,6158,59513,724,338,386
44260,68588,9065,33024,6159,59523,724,338,386
44265,68592,9065,33024,6159,59527,724,338,386
44270,68602,9067,33027,6159,59535,724,338,386
44275,68608,9068,33031,6159,59539,724,338,386
44280,68619,9070,33037,6161,59549,725,339,386
44285,68623,9070,33039,6161,59553,725,339,386
44290,68633,9071,33043,6162,59562,725,339,386
44295,68639,9071,33047,6162,59568,725,339,386
44300,68650,9073,33052,6163,59577,725,339,386
44305,68654,9074,33055,6164,59580,725,339,386
44310,68664,9075,33058,6164,59589,725,339,386
44315,68670,9075,33063,6164,59595,725,339,386
44320,68681,9077,33066,6165,59604,725,339,386
44325,68685,9078,33068,6166,59607,725,339,386
44330,68695,9079,33073,6167,59616,725,339,386
44335,68701,9079,33077,6167,59622,725,339,386
44340,68712,9081,33084,6168,59631,725,339,386
44345,68716,9082,33088,6169,59634,725,339,386
44350,68726,9083,33092,6170,59643,725,339,386
44355,68732,9083,33097,6170,59648,725,339,386
44360,68743,9086,33100,6173,59657,725,339,386
44365,68747,9087,33103,6174,59660,725,339,386
44370,68757,9088,33109,6175,59669,725,339,386
44375,68763,9088,33112,6175,59674,725,339,386
44380,68774,9092,33117,6178,59682,725,339,386
44385,68778,9092,33119,6178,59686,725,339,386
44390,68788,9094,33121,6178,59694,725,339,386
44395,68794,9095,33123,6178,59698,725,339,386
44400,68805,9099,33129,6181,59706,726,340,386
44405,68809,9100,33131,6182,59709,726,340,386
44410,68819,9101,33136,6182,59717,726,340,386
44415,68825,9103,33138,6184,59722,726,340,386
44420,68836,9104,33144,6185,59732,727,340,387
44425,68840,9105,33146,6186,59735,727,340,387
44430,68850,9106,33150,6187,59744,727,340,387
44435,68856,9107,33152,6187,59749,727,340,387
44440,68867,9108,33157,6188,59759,728,340,388
44445,68871,9109,33159,6189,59762,728,340,388
44450,68881,9110,33162,6190,59771,728,340,388
44455,68887,9111,33165,6191,59776,728,340,388
44460,68898,9112,33170,6192,59786,729,341,388
44465,68902,9112,33172,6192,59790,729,341,388
44470,68912,9112,33178,6192,59800,729,341,388
44475,68918,9112,33180,6192,59806,729,341,388
44480,68929,9112,33185,6192,59817,729,341,388
44485,68933,9112,33187,6192,59821,729,341,388
44490,68943,9112,33191,6192,59831,729,341,388
44495,68949,9112,33193,6192,59837,729,341,388
44500,68960,9112,33198,6192,59848,729,341,388
44505,68964,9112,33199,6192,59852,729,341,388
44510,68974,9113,33201,6192,59861,729,341,388
44515,68980,9113,33202,6192,59867,729,341,388
44520,68991,9114,33210,6192,59877,729,341,388
44525,68995,9114,33212,6192,59881,729,341,388
44530,69005,9116,33216,6192,59889,729,341,388
44535,69011,9116,33217,6192,59895,729,341,388
44540,69022,9118,33221,6193,59904,729,341,388
44545,69026,9119,33223,6194,59907,729,341,388
44550,69036,9121,33224,6194,59915,729,341,388
44555,69042,9121,33227,6194,59920,729,341,388
44560,69053,9123,33232,6195,59930,729,341,388
44565,69057,9123,33235,6195,59934,729,341,388
44570,69067,9125,33238,6196,59942,729,341,388
44575,69073,9126,33240,6196,59947,729,341,388
44580,69084,9128,33243,6198,59956,730,342,388
44585,69088,9128,33245,6198,59960,730,342,388
44590,69098,9129,33249,6199,59969,730,342,388
44595,69104,9130,33251,6199,59973,730,342,388
44600,69115,9132,33256,6201,59983,731,343,388
44605,69119,9132,33258,6201,59987,731,343,388
44610,69129,9133,33261,6202,59996,731,343,388
44615,69135,9134,33264,6202,60000,731,343,388
44620,69146,9137,33273,6205,60009,732,344,388
44625,69150,9138,33276,6206,60012,732,344,388
44630,69160,9139,33282,6206,60020,732,344,388
44635,69166,9141,33286,6207,60024,732,344,388
44640,69177,9144,33290,6209,60033,733,344,389
44645,69181,9144,33290,6209,60037,733,344,389
44650,69191,9144,33294,6209,60047,733,344,389
44655,69197,9144,33297,6209,60053,733,344,389
44660,69208,9146,33302,6210,60062,733,344,389
44665,69212,9146,33304,6210,60066,733,344,389
44670,69222,9146,33309,6210,60076,733,344,389
44675,69228,9146,33314,6210,60082,733,344,389
44680,69239,9148,33321,6212,60091,733,344,389
44685,69243,9149,33324,6213,60094,733,344,389
44690,69253,9150,33327,6214,60103,733,344,389
44695,69259,9150,33329,6214,60109,733,344,389
44700,69270,9151,33335,6214,60119,733,344,389
44705,69274,9151,33336,6214,60123,733,344,389
44710,69284,9152,33339,6214,60132,733,344,389
44715,69290,9153,33340,6214,60137,733,344,389
44720,69301,9153,33346,6214,60148,733,344,389
44725,69305,9153,33346,6214,60152,733,344,389
44730,69315,9154,33351,6214,60160,733,344,389
44735,69321,9156,33353,6215,60165,733,344,389
44740,69332,9156,33359,6215,60176,733,344,389
44745,69336,9158,33362,6217,60178,733,344,389
44750,69346,9160,33368,6218,60185,733,344,389
44755,69352,9162,33371,6220,60190,733,344,389
44760,69363,9162,33376,6220,60201,734,344,390
44765,69367,9164,33379,6222,60203,734,344,390
44770,69377,9166,33383,6224,60211,734,344,390
44775,69383,9167,33384,6224,60216,734,344,390
44780,69394,9168,33388,6224,60226,735,345,390
44785,69398,9169,33391,6225,60229,735,345,390
44790,69408,9171,33396,6227,60237,735,345,390
44795,69414,9172,33399,6228,60242,735,345,390
44800,69425,9173,33401,6229,60252,736,345,391
44805,69429,9174,33402,6230,60255,736,345,391
44810,69439,9176,33407,6231,60263,736,345,391
44815,69445,9177,33411,6231,60268,736,345,391
44820,69456,9181,33417,6234,60275,737,345,392
44825,69460,9181,33417,6234,60279,737,345,392
44830,69470,9183,33421,6235,60287,737,345,392
44835,69476,9183,33423,6235,60293,737,345,392
44840,69487,9184,33428,6236,60303,737,345,392
44845,69491,9184,33430,6236,60307,737,345,392
44850,69501,9186,33436,6236,60315,737,345,392
44855,69507,9186,33441,6236,60320,737,345,392
44860,69518,9188,33448,6238,60330,737,345,392
44865,69522,9188,33450,6238,60334,737,345,392
44870,69532,9190,33454,6240,60342,737,345,392
44875,69538,9190,33456,6240,60348,737,345,392
44880,69549,9190,33458,6240,60359,737,345,392
44885,69553,9191,33459,6241,60362,737,345,392
44890,69563,9193,33467,6243,60370,737,345,392
44895,69569,9193,33470,6243,60376,737,345,392
44900,69580,9193,33475,6243,60387,737,345,392
44905,69584,9193,33476,6243,60391,737,345,392
44910,69594,9195,33481,6244,60399,737,345,392
44915,69600,9195,33483,6244,60405,737,345,392
44920,69611,9195,33484,6244,60416,737,345,392
44925,69615,9195,33486,6244,60420,737,345,392
44930,69625,9197,33490,6244,60427,737,345,392
44935,69631,9199,33493,6245,60432,737,345,392
44940,69642,9200,33498,6246,60442,737,345,392
44945,69646,9202,33502,6248,60444,737,345,392
44950,69656,9204,33505,6248,60452,737,345,392
44955,69662,9205,33508,6249,60457,737,345,392
44960,69673,9206,33513,6250,60467,737,345,392
44965,69677,9208,33516,6252,60469,737,345,392
44970,69687,9210,33521,6253,60477,737,345,392
44975,69693,9211,33524,6253,60482,737,345,392
44980,69704,9212,33528,6253,60492,737,345,392
44985,69708,9213,33531,6254,60495,737,345,392
44990,69718,9215,33536,6255,60503,737,345,392
44995,69724,9216,33538,6256,60508,737,345,392
45000,69735,9219,33545,6258,60516,737,345,392
45005,69739,9219,33546,6258,60520,737,345,392
45010,69749,9220,33550,6259,60529,737,345,392
45015,69755,9220,33553,6259,60535,737,345,392
45020,69766,9222,33559,6261,60544,738,345,393
45025,69770,9222,33559,6261,60548,738,345,393
45030,69780,9223,33566,6262,60557,738,345,393
45035,69786,9223,33570,6262,60562,738,345,393
45040,69797,9225,33574,6264,60572,739,345,394
45045,69801,9226,33576,6265,60575,739,345,394
45050,69811,9227,33581,6265,60584,739,345,394
45055,69817,9227,33584,6265,60590,739,345,394
45060,69828,9229,33589,6267,60599,740,345,395
45065,69832,9229,33590,6267,60603,740,345,395
45070,69842,9229,33592,6267,60613,740,345,395
45075,69848,9230,33596,6268,60618,740,345,395
45080,69859,9231,33603,6269,60628,741,346,395
45085,69863,9231,33604,6269,60632,741,346,395
45090,69873,9231,33607,6269,60641,741,346,395
45095,69879,9233,33612,6271,60646,741,346,395
45100,69890,9234,33614,6272,60656,742,346,396
45105,69894,9235,33617,6273,60659,742,346,396
45110,69904,9236,33625,6274,60667,742,346,396
45115,69910,9238,33629,6275,60672,742,346,396
45120,69921,9239,33634,6276,60682,743,346,397
45125,69925,9240,33636,6277,60685,743,346,397
45130,69935,9241,33640,6277,60694,743,346,397
45135,69941,9241,33644,6277,60700,743,346,397
45140,69952,9241,33651,6277,60711,743,346,397
45145,69956,9241,33653,6277,60715,743,346,397
45150,69966,9242,33656,6278,60724,743,346,397
45155,69972,9242,33661,6278,60730,743,346,397
45160,69983,9242,33667,6278,60741,743,346,397
45165,69987,9243,33671,6279,60744,743,346,397
45170,69997,9245,33677,6279,60752,743,346,397
45175,70003,9245,33681,6279,60758,743,346,397
45180,70014,9247,33686,6280,60767,743,346,397
45185,70018,9247,33687,6280,60771,743,346,397
45190,70028,9249,33690,6281,60779,743,346,397
45195,70034,9249,33693,6281,60785,743,346,397
45200,70045,9250,33698,6281,60795,743,346,397
45205,70049,9251,33702,6282,60798,743,346,397
45210,70059,9253,33707,6283,60806,743,346,397
45215,70065,9253,33711,6283,60812,743,346,397
45220,70076,9255,33717,6285,60821,743,346,397
45225,70080,9255,33718,6285,60825,743,346,397
45230,70090,9257,33722,6287,60833,743,346,397
45235,70096,9258,33725,6288,60837,743,346,397
45240,70107,9263,33733,6292,60844,744,346,398
45245,70111,9264,33735,6293,60847,744,346,398
45250,70121,9266,33738,6294,60855,744,346,398
45255,70127,9266,33739,6294,60861,744,346,398
45260,70138,9268,33746,6295,60870,744,346,398
45265,70142,9269,33748,6296,60873,744,346,398
45270,70152,9271,33753,6298,60881,744,346,398
45275,70158,9271,33756,6298,60886,744,346,398
45280,70169,9273,33763,6299,60896,744,346,398
45285,70173,9273,33765,6299,60900,744,346,398
45290,70183,9275,33770,6300,60908,744,346,398
45295,70189,9275,33771,6300,60914,744,346,398
45300,70200,9277,33775,6302,60923,744,346,398
45305,70204,9277,33777,6302,60927,744,346,398
45310,70214,9278,33781,6303,60936,744,346,398
45315,70220,9278,33783,6303,60942,744,346,398
45320,70231,9279,33790,6303,60952,744,346,398
45325,70235,9279,33791,6303,60956,744,346,398
45330,70245,9280,33797,6304,60965,744,346,398
45335,70251,9280,33799,6304,60971,744,346,398
45340,70262,9281,33805,6305,60981,744,346,398
45345,70266,9281,33805,6305,60985,744,346,398
45350,70276,9282,33807,6305,60994,744,346,398
45355,70282,9283,33810,6305,60999,744,346,398
45360,70293,9284,33814,6305,61009,744,346,398
45365,70297,9284,33815,6305,61013,744,346,398
45370,70307,9285,33819,6305,61022,744,346,398
45375,70313,9286,33821,6306,61027,744,346,398
45380,70324,9288,33827,6307,61036,744,346,398
45385,70328,9288,33829,6307,61040,744,346,398
45390,70338,9289,33834,6307,61049,744,346,398
45395,70344,9290,33835,6307,61054,744,346,398
45400,70355,9291,33839,6307,61064,744,346,398
45405,70359,9291,33841,6307,61068,744,346,398
45410,70369,9293,33846,6309,61076,744,346,398
45415,70375,9294,33851,6310,61080,744,346,398
45420,70386,9297,33856,6313,61089,745,346,399
45425,70390,9297,33858,6313,61093,745,346,399
45430,70400,9299,33862,6314,61101,745,346,399
45435,70406,9300,33865,6315,61106,745,346,399
45440,70417,9301,33869,6316,61116,746,346,400
45445,70421,9302,33872,6317,61119,746,346,400
45450,70431,9304,33875,6317,61127,746,346,400
45455,70437,9305,33877,6317,61131,746,346,400
45460,70448,9308,33884,6320,61140,747,347,400
45465,70452,9309,33887,6321,61143,747,347,400
45470,70462,9311,33891,6322,61151,747,347,400
45475,70468,9312,33892,6322,61155,747,347,400
45480,70479,9315,33899,6325,61164,748,348,400
45485,70483,9315,33899,6325,61168,748,348,400
45490,70493,9316,33906,6326,61177,748,348,400
45495,70499,9316,33909,6326,61183,748,348,400
45500,70510,9316,33912,6326,61194,749,348,401
45505,70514,9316,33914,6326,61198,749,348,401
45510,70524,9317,33918,6326,61207,749,348,401
45515,70530,9317,33921,6326,61212,749,348,401
45520,70541,9319,33929,6328,61222,750,349,401
45525,70545,9319,33931,6328,61226,750,349,401
45530,70555,9320,33936,6329,61235,750,349,401
45535,70561,9320,33940,6329,61240,750,349,401
45540,70572,9324,33945,6333,61248,751,349,402
45545,70576,9324,33946,6333,61252,751,349,402
45550,70586,9325,33951,6334,61261,751,349,402
45555,70592,9325,33954,6334,61267,751,349,402
45560,70603,9326,33961,6335,61277,751,349,402
45565,70607,9327,33962,6336,61280,751,349,402
45570,70617,9328,33968,6337,61289,751,349,402
45575,70623,9328,33971,6337,61295,751,349,402
45580,70634,9329,33975,6338,61305,751,349,402
45585,70638,9329,33975,6338,61309,751,349,402
45590,70648,9330,33980,6338,61318,751,349,402
45595,70654,9331,33981,6339,61323,751,349,402
45600,70665,9333,33986,6340,61332,751,349,402
45605,70669,9334,33987,6341,61335,751,349,402
45610,70679,9335,33991,6341,61344,751,349,402
45615,70685,9336,33993,6342,61349,751,349,402
45620,70696,9337,33998,6343,61359,751,349,402
45625,70700,9339,34000,6345,61361,751,349,402
45630,70710,9340,34006,6345,61370,751,349,402
45635,70716,9341,34008,6345,61375,751,349,402
45640,70727,9343,34011,6346,61384,751,349,402
45645,70731,9344,34014,6347,61387,751,349,402
45650,70741,9346,34017,6348,61395,751,349,402
45655,70747,9347,34019,6348,61400,751,349,402
45660,70758,9349,34023,6349,61409,752,350,402
45665,70762,9350,34026,6350,61412,752,350,402
45670,70772,9352,34031,6351,61419,752,350,402
45675,70778,9354,34035,6352,61424,752,350,402
45680,70789,9356,34041,6353,61433,753,350,403
45685,70793,9356,34043,6353,61437,753,350,403
45690,70803,9358,34044,6353,61445,753,350,403
45695,70809,9359,34048,6354,61449,753,350,403
45700,70820,9362,34054,6357,61458,754,350,404
45705,70824,9363,34057,6358,61461,754,350,404
45710,70834,9365,34063,6359,61468,754,350,404
45715,70840,9367,34066,6361,61472,754,350,404
45720,70851,9370,34073,6364,61481,755,350,405
45725,70855,9370,34076,6364,61485,755,350,405
45730,70865,9371,34082,6365,61494,755,350,405
45735,70871,9371,34085,6365,61500,755,350,405
45740,70882,9371,34090,6365,61511,755,350,405
45745,70886,9371,34094,6365,61515,755,350,405
45750,70896,9372,34098,6365,61524,755,350,405
45755,70902,9372,34101,6365,61530,755,350,405
45760,70913,9372,34104,6365,61541,755,350,405
45765,70917,9372,34106,6365,61545,755,350,405
45770,70927,9373,34110,6366,61554,755,350,405
45775,70933,9373,34114,6366,61559,755,350,405
45780,70944,9374,34122,6367,61570,755,350,405
45785,70948,9374,34123,6367,61574,755,350,405
45790,70958,9375,34128,6368,61583,755,350,405
45795,70964,9375,34129,6368,61589,755,350,405
45800,70975,9376,34136,6369,61599,755,350,405
45805,70979,9377,34139,6370,61602,755,350,405
45810,70989,9378,34144,6370,61611,755,350,405
45815,70995,9378,34147,6370,61617,755,350,405
45820,71006,9380,34153,6372,61626,755,350,405
45825,71010,9381,34154,6373,61629,755,350,405
45830,71020,9382,34157,6373,61637,755,350,405
45835,71026,9384,34160,6374,61642,755,350,405
45840,71037,9386,34164,6375,61651,756,351,405
45845,71041,9386,34167,6375,61655,756,351,405
45850,71051,9388,34173,6376,61663,756,351,405
45855,71057,9388,34176,6376,61669,756,351,405
45860,71068,9388,34180,6376,61680,756,351,405
45865,71072,9388,34182,6376,61684,756,351,405
45870,71082,9390,34187,6377,61692,756,351,405
45875,71088,9390,34188,6377,61698,756,351,405
45880,71099,9391,34192,6378,61708,756,351,405
45885,71103,9391,34194,6378,61712,756,351,405
45890,71113,9393,34198,6378,61720,756,351,405
45895,71119,9393,34201,6378,61726,756,351,405
45900,71130,9393,34206,6378,61737,756,351,405
45905,71134,9393,34209,6378,61741,756,351,405
45910,71144,9394,34217,6379,61750,756,351,405
45915,71150,9394,34221,6379,61756,756,351,405
45920,71161,9394,34228,6379,61767,756,351,405
45925,71165,9394,34231,6379,61771,756,351,405
45930,71175,9395,34236,6380,61780,756,351,405
45935,71181,9395,34238,6380,61786,756,351,405
45940,71192,9395,34242,6380,61797,756,351,405
45945,71196,9395,34244,6380,61801,756,351,405
45950,71206,9396,34250,6380,61810,756,351,405
45955,71212,9397,34255,6381,61815,756,351,405
45960,71223,9398,34261,6382,61825,756,351,405
45965,71227,9398,34262,6382,61829,756,351,405
45970,71237,9400,34265,6382,61837,756,351,405
45975,71243,9401,34266,6382,61842,756,351,405
45980,71254,9403,34273,6383,61851,756,351,405
45985,71258,9405,34277,6385,61853,756,351,405
45990,71268,9407,34283,6386,61861,756,351,405
45995,71274,9408,34286,6387,61866,756,351,405
46000,71285,9410,34293,6388,61875,756,351,405
46005,71289,9412,34296,6390,61877,756,351,405
46010,71299,9414,34300,6390,61884,756,351,405
46015,71305,9416,34302,6392,61889,756,351,405
46020,71316,9418,34308,6393,61898,756,351,405
46025,71320,9418,34308,6393,61902,756,351,405
46030,71330,9419,34313,6393,61911,756,351,405
46035,71336,9419,34317,6393,61917,756,351,405
46040,71347,9421,34321,6395,61926,757,351,406
46045,71351,9421,34324,6395,61930,757,351,406
46050,71361,9422,34331,6396,61939,757,351,406
46055,71367,9422,34334,6396,61945,757,351,406
46060,71378,9423,34339,6397,61955,758,352,406
46065,71382,9423,34341,6397,61959,758,352,406
46070,71392,9424,34344,6397,61968,758,352,406
46075,71398,9424,34348,6397,61973,758,352,406
46080,71409,9427,34351,6399,61982,759,353,406
46085,71413,9428,34352,6400,61985,759,353,406
46090,71423,9430,34354,6401,61993,759,353,406
46095,71429,9430,34355,6401,61999,759,353,406
46100,71440,9433,34361,6404,62007,760,353,407
46105,71444,9433,34363,6404,62011,760,353,407
46110,71454,9435,34367,6406,62019,760,353,407
46115,71460,9435,34371,6406,62025,760,353,407
46120,71471,9438,34376,6408,62033,760,353,407
46125,71475,9438,34377,6408,62037,760,353,407
46130,71485,9440,34382,6409,62044,760,353,407
46135,71491,9442,34385,6410,62049,760,353,407
46140,71502,9444,34391,6412,62058,760,353,407
46145,71506,9445,34393,6413,62061,760,353,407
46150,71516,9447,34398,6414,62069,760,353,407
46155,71522,9448,34402,6415,62074,760,353,407
46160,71533,9450,34409,6416,62083,760,353,407
46165,71537,9450,34411,6416,62087,760,353,407
46170,71547,9452,34413,6416,62095,760,353,407
46175,71553,9453,34414,6416,62100,760,353,407
46180,71564,9456,34424,6419,62108,760,353,407
46185,71568,9456,34426,6419,62112,760,353,407
46190,71578,9458,34430,6420,62120,760,353,407
46195,71584,9459,34431,6420,62125,760,353,407
46200,71595,9461,34435,6421,62134,760,353,407
46205,71599,9461,34437,6421,62138,760,353,407
46210,71609,9463,34445,6423,62146,760,353,407
46215,71615,9464,34450,6424,62150,760,353,407
46220,71626,9466,34456,6426,62160,761,353,408
46225,71630,9466,34457,6426,62164,761,353,408
46230,71640,9468,34460,6427,62172,761,353,408
46235,71646,9469,34461,6427,62177,761,353,408
46240,71657,9470,34467,6428,62187,762,353,409
46245,71661,9471,34470,6429,62190,762,353,409
46250,71671,9473,34473,6429,62197,762,353,409
46255,71677,9475,34475,6430,62201,762,353,409
46260,71688,9478,34481,6433,62210,763,353,410
46265,71692,9479,34483,6434,62213,763,353,410
46270,71702,9479,34486,6434,62223,763,353,410
46275,71708,9479,34489,6434,62229,763,353,410
46280,71719,9480,34494,6434,62239,764,354,410
46285,71723,9481,34497,6435,62242,764,354,410
46290,71733,9481,34500,6435,62252,764,354,410
46295,71739,9481,34501,6435,62258,764,354,410
46300,71750,9483,34506,6437,62267,764,354,410
46305,71754,9483,34507,6437,62271,764,354,410
46310,71764,9483,34510,6437,62281,764,354,410
46315,71770,9483,34513,6437,62287,764,354,410
46320,71781,9485,34519,6439,62296,764,354,410
46325,71785,9485,34522,6439,62300,764,354,410
46330,71795,9485,34527,6439,62310,764,354,410
46335,71801,9485,34529,6439,62316,764,354,410
46340,71812,9486,34532,6439,62326,764,354,410
46345,71816,9486,34534,6439,62330,764,354,410
46350,71826,9486,34540,6439,62340,764,354,410
46355,71832,9486,34542,6439,62346,764,354,410
46360,71843,9488,34549,6440,62355,764,354,410
46365,71847,9488,34550,6440,62359,764,354,410
46370,71857,9490,34554,6441,62367,764,354,410
46375,71863,9491,34556,6441,62371,764,354,410
46380,71874,9495,34562,6445,62379,764,354,410
46385,71878,9495,34565,6445,62383,764,354,410
46390,71888,9497,34569,6446,62390,764,354,410
46395,71894,9499,34573,6448,62395,764,354,410
46400,71905,9499,34579,6448,62406,765,354,411
46405,71909,9499,34580,6448,62410,765,354,411
46410,71919,9501,34585,6449,62417,765,354,411
46415,71925,9503,34587,6450,62422,765,354,411
46420,71936,9504,34594,6451,62432,766,354,412
46425,71940,9504,34595,6451,62436,766,354,412
46430,71950,9506,34599,6452,62443,766,354,412
46435,71956,9508,34602,6454,62448,766,354,412
46440,71967,9508,34608,6454,62459,767,354,413
46445,71971,9509,34611,6455,62462,767,354,413
46450,71981,9511,34618,6457,62469,767,354,413
46455,71987,9513,34621,6459,62474,767,354,413
46460,71998,9513,34623,6459,62485,767,354,413
46465,72002,9514,34624,6460,62488,767,354,413
46470,72012,9516,34628,6462,62496,767,354,413
46475,72018,9517,34630,6463,62501,767,354,413
46480,72029,9517,34634,6463,62512,767,354,413
46485,72033,9518,34635,6464,62515,767,354,413
46490,72043,9520,34641,6465,62522,767,354,413
46495,72049,9522,34643,6467,62527,767,354,413
46500,72060,9523,34647,6468,62537,767,354,413
46505,72064,9523,34649,6468,62541,767,354,413
46510,72074,9525,34652,6469,62549,767,354,413
46515,72080,9525,34655,6469,62555,767,354,413
46520,72091,9526,34663,6470,62565,767,354,413
46525,72095,9526,34664,6470,62569,767,354,413
46530,72105,9528,34670,6471,62577,767,354,413
46535,72111,9528,34671,6471,62583,767,354,413
46540,72122,9528,34677,6471,62594,767,354,413
46545,72126,9528,34680,6471,62598,767,354,413
46550,72136,9530,34684,6471,62606,767,354,413
46555,72142,9530,34685,6471,62612,767,354,413
46560,72153,9532,34689,6473,62621,767,354,413
46565,72157,9534,34693,6475,62623,767,354,413
46570,72167,9536,34698,6475,62630,767,354,413
46575,72173,9538,34700,6476,62634,767,354,413
46580,72184,9541,34707,6479,62643,767,354,413
46585,72188,9542,34708,6480,62646,767,354,413
46590,72198,9544,34714,6481,62654,767,354,413
46595,72204,9545,34717,6482,62658,767,354,413
46600,72215,9549,34722,6485,62666,767,354,413
46605,72219,9550,34723,6486,62669,767,354,413
46610,72229,9552,34728,6488,62677,767,354,413
46615,72235,9553,34730,6488,62681,767,354,413
46620,72246,9556,34736,6491,62690,767,354,413
46625,72250,9556,34738,6491,62694,767,354,413
46630,72260,9557,34744,6491,62703,767,354,413
46635,72266,9557,34747,6491,62709,767,354,413
46640,72277,9559,34752,6493,62718,767,354,413
46645,72281,9560,34755,6494,62721,767,354,413
46650,72291,9561,34758,6495,62730,767,354,413
46655,72297,9561,34763,6495,62736,767,354,413
46660,72308,9564,34770,6497,62744,768,354,414
46665,72312,9565,34774,6498,62747,768,354,414
46670,72322,9566,34782,6499,62756,768,354,414
46675,72328,9566,34783,6499,62762,768,354,414
46680,72339,9568,34788,6501,62771,769,354,415
46685,72343,9568,34788,6501,62775,769,354,415
46690,72353,9569,34793,6502,62784,769,354,415
46695,72359,9569,34794,6502,62790,769,354,415
46700,72370,9569,34799,6502,62801,770,354,416
46705,72374,9569,34803,6502,62805,770,354,416
46710,72384,9570,34810,6502,62814,770,354,416
46715,72390,9570,34813,6502,62820,770,354,416
46720,72401,9571,34818,6503,62830,771,355,416
46725,72405,9571,34820,6503,62834,771,355,416
46730,72415,9572,34825,6503,62843,771,355,416
46735,72421,9573,34828,6503,62847,771,355,416
46740,72432,9576,34834,6506,62856,772,355,417
46745,72436,9576,34835,6506,62860,772,355,417
46750,72446,9576,34840,6506,62870,772,355,417
46755,72452,9577,34842,6506,62875,772,355,417
46760,72463,9577,34849,6506,62886,772,355,417
46765,72467,9578,34851,6507,62889,772,355,417
46770,72477,9578,34858,6507,62899,772,355,417
46775,72483,9579,34862,6508,62904,772,355,417
46780,72494,9579,34867,6508,62915,772,355,417
46785,72498,9579,34869,6508,62919,772,355,417
46790,72508,9579,34874,6508,62929,772,355,417
46795,72514,9580,34878,6508,62934,772,355,417
46800,72525,9581,34886,6508,62944,772,355,417
46805,72529,9581,34888,6508,62948,772,355,417
46810,72539,9581,34894,6508,62958,772,355,417
46815,72545,9582,34896,6508,62963,772,355,417
46820,72556,9583,34902,6508,62973,772,355,417
46825,72560,9583,34904,6508,62977,772,355,417
46830,72570,9583,34907,6508,62986,772,355,417
46835,72576,9585,34911,6510,62991,772,355,417
46840,72587,9586,34914,6510,63001,772,355,417
46845,72591,9586,34915,6510,63005,772,355,417
46850,72601,9587,34919,6511,63014,772,355,417
46855,72607,9588,34923,6512,63019,772,355,417
46860,72618,9590,34927,6514,63028,773,355,418
46865,72622,9591,34928,6515,63031,773,355,418
46870,72632,9593,34931,6515,63039,773,355,418
46875,72638,9594,34935,6515,63043,773,355,418
46880,72649,9597,34942,6518,63052,773,355,418
46885,72653,9599,34944,6520,63054,773,355,418
46890,72663,9601,34949,6520,63062,773,355,418
46895,72669,9602,34953,6520,63066,773,355,418
46900,72680,9605,34955,6522,63075,773,355,418
46905,72684,9607,34958,6524,63077,773,355,418
46910,72694,9609,34965,6526,63085,773,355,418
46915,72700,9610,34969,6527,63089,773,355,418
46920,72711,9613,34976,6529,63098,773,355,418
46925,72715,9614,34978,6530,63101,773,355,418
46930,72725,9616,34985,6531,63109,773,355,418
46935,72731,9616,34988,6531,63115,773,355,418
46940,72742,9618,34996,6533,63124,773,355,418
46945,72746,9619,34999,6534,63127,773,355,418
46950,72756,9621,35004,6535,63135,773,355,418
46955,72762,9621,35006,6535,63141,773,355,418
46960,72773,9622,35012,6536,63151,773,355,418
46965,72777,9623,35015,6537,63154,773,355,418
46970,72787,9625,35024,6539,63162,773,355,418
46975,72793,9625,35027,6539,63168,773,355,418
46980,72804,9628,35034,6541,63176,773,355,418
46985,72808,9629,35037,6542,63179,773,355,418
46990,72818,9631,35040,6542,63187,773,355,418
46995,72824,9631,35042,6542,63193,773,355,418
47000,72835,9632,35048,6543,63203,773,355,418
47005,72839,9632,35051,6543,63207,773,355,418
47010,72849,9634,35056,6544,63215,773,355,418
47015,72855,9634,35058,6544,63221,773,355,418
47020,72866,9636,35063,6546,63230,773,355,418
47025,72870,9636,35065,6546,63234,773,355,418
47030,72880,9638,35070,6547,63242,773,355,418
47035,72886,9638,35071,6547,63247,773,355,418
47040,72897,9640,35077,6549,63257,773,355,418
47045,72901,9641,35079,6550,63260,773,355,418
47050,72911,9642,35084,6550,63269,773,355,418
47055,72917,9643,35088,6550,63273,773,355,418
47060,72928,9645,35096,6552,63283,774,356,418
47065,72932,9645,35098,6552,63287,774,356,418
47070,72942,9646,35101,6553,63296,774,356,418
47075,72948,9647,35103,6554,63301,774,356,418
47080,72959,9647,35107,6554,63312,775,356,419
47085,72963,9647,35109,6554,63316,775,356,419
47090,72973,9648,35111,6555,63325,775,356,419
47095,72979,9649,35116,6556,63329,775,356,419
47100,72990,9653,35122,6559,63337,776,356,420
47105,72994,9653,35123,6559,63341,776,356,420
47110,73004,9654,35129,6560,63350,776,356,420
47115,73010,9655,35129,6560,63355,776,356,420
47120,73021,9655,35135,6560,63366,776,356,420
47125,73025,9655,35136,6560,63370,776,356,420
47130,73035,9656,35140,6560,63378,776,356,420
47135,73041,9658,35144,6562,63383,776,356,420
47140,73052,9658,35152,6562,63394,776,356,420
47145,73056,9658,35155,6562,63398,776,356,420
47150,73066,9660,35159,6563,63406,776,356,420
47155,73072,9661,35162,6563,63411,776,356,420
47160,73083,9661,35165,6563,63422,776,356,420
47165,73087,9661,35165,6563,63426,776,356,420
47170,73097,9663,35172,6564,63433,776,356,420
47175,73103,9665,35174,6565,63438,776,356,420
47180,73114,9665,35179,6565,63449,776,356,420
47185,73118,9665,35180,6565,63453,776,356,420
47190,73128,9667,35186,6566,63461,776,356,420
47195,73134,9668,35189,6566,63465,776,356,420
47200,73145,9669,35194,6567,63476,776,356,420
47205,73149,9669,35196,6567,63480,776,356,420
47210,73159,9671,35200,6569,63487,776,356,420
47215,73165,9673,35204,6571,63492,776,356,420
47220,73176,9676,35211,6574,63500,776,356,420
47225,73180,9677,35213,6575,63503,776,356,420
47230,73190,9678,35216,6575,63512,776,356,420
47235,73196,9678,35219,6575,63518,776,356,420
47240,73207,9679,35226,6576,63528,776,356,420
47245,73211,9680,35227,6577,63531,776,356,420
47250,73221,9681,35231,6577,63540,776,356,420
47255,73227,9681,35234,6577,63546,776,356,420
47260,73238,9682,35239,6578,63556,776,356,420
47265,73242,9683,35241,6579,63559,776,356,420
47270,73252,9684,35247,6580,63568,776,356,420
47275,73258,9684,35248,6580,63574,776,356,420
47280,73269,9686,35254,6581,63583,777,357,420
47285,73273,9687,35256,6582,63586,777,357,420
47290,73283,9689,35262,6583,63594,777,357,420
47295,73289,9690,35265,6583,63599,777,357,420
47300,73300,9690,35268,6583,63610,777,357,420
47305,73304,9690,35270,6583,63614,777,357,420
47310,73314,9691,35276,6584,63623,777,357,420
47315,73320,9692,35279,6584,63628,777,357,420
47320,73331,9692,35283,6584,63639,777,357,420
47325,73335,9692,35286,6584,63643,777,357,420
47330,73345,9693,35292,6585,63651,777,357,420
47335,73351,9695,35294,6587,63656,777,357,420
47340,73362,9695,35301,6587,63667,777,357,420
47345,73366,9696,35303,6588,63670,777,357,420
47350,73376,9697,35307,6588,63679,777,357,420
47355,73382,9697,35308,6588,63685,777,357,420
47360,73393,9697,35316,6588,63696,777,357,420
47365,73397,9697,35318,6588,63700,777,357,420
47370,73407,9698,35321,6588,63709,777,357,420
47375,73413,9698,35324,6588,63715,777,357,420
47380,73424,9698,35328,6588,63726,777,357,420
47385,73428,9698,35329,6588,63730,777,357,420
47390,73438,9699,35333,6588,63739,777,357,420
47395,73444,9699,35338,6588,63745,777,357,420
47400,73455,9700,35343,6589,63755,778,357,421
47405,73459,9700,35345,6589,63759,778,357,421
47410,73469,9702,35350,6590,63767,778,357,421
47415,73475,9702,35354,6590,63772,778,357,421
47420,73486,9704,35359,6591,63782,778,357,421
47425,73490,9706,35362,6593,63784,778,357,421
47430,73500,9708,35367,6595,63792,778,357,421
47435,73506,9708,35371,6595,63797,778,357,421
47440,73517,9710,35376,6597,63807,778,357,421
47445,73521,9711,35378,6598,63810,778,357,421
47450,73531,9713,35382,6599,63818,778,357,421
47455,73537,9714,35386,6599,63823,778,357,421
47460,73548,9716,35396,6601,63832,778,357,421
47465,73552,9717,35399,6602,63835,778,357,421
47470,73562,9719,35404,6603,63843,778,357,421
47475,73568,9719,35405,6603,63849,778,357,421
47480,73579,9720,35412,6604,63859,778,357,421
47485,73583,9721,35414,6605,63862,778,357,421
47490,73593,9723,35419,6606,63870,778,357,421
47495,73599,9723,35422,6606,63876,778,357,421
47500,73610,9725,35428,6608,63885,778,357,421
47505,73614,9725,35430,6608,63889,778,357,421
47510,73624,9727,35436,6609,63897,778,357,421
47515,73630,9727,35438,6609,63903,778,357,421
47520,73641,9731,35446,6613,63910,778,357,421
47525,73645,9731,35449,6613,63914,778,357,421
47530,73655,9731,35452,6613,63924,778,357,421
47535,73661,9731,35457,6613,63930,778,357,421
47540,73672,9731,35463,6613,63941,778,357,421
47545,73676,9731,35465,6613,63945,778,357,421
47550,73686,9731,35471,6613,63955,778,357,421
47555,73692,9731,35471,6613,63961,778,357,421
47560,73703,9731,35475,6613,63972,778,357,421
47565,73707,9731,35476,6613,63976,778,357,421
47570,73717,9731,35480,6613,63986,778,357,421
47575,73723,9732,35482,6613,63991,778,357,421
47580,73734,9732,35487,6613,64002,779,358,421
47585,73738,9732,35490,6613,64006,779,358,421
47590,73748,9732,35493,6613,64016,779,358,421
47595,73754,9733,35498,6614,64021,779,358,421
47600,73765,9734,35501,6615,64031,780,358,422
47605,73769,9734,35502,6615,64035,780,358,422
47610,73779,9734,35505,6615,64045,780,358,422
47615,73785,9735,35508,6615,64050,780,358,422
47620,73796,9735,35514,6615,64061,781,358,423
47625,73800,9735,35517,6615,64065,781,358,423
47630,73810,9736,35523,6616,64074,781,358,423
47635,73816,9737,35526,6617,64079,781,358,423
47640,73827,9738,35531,6618,64089,782,359,423
47645,73831,9739,35535,6619,64092,782,359,423
47650,73841,9740,35539,6619,64101,782,359,423
47655,73847,9741,35542,6619,64106,782,359,423
47660,73858,9743,35546,6621,64115,782,359,423
47665,73862,9743,35546,6621,64119,782,359,423
47670,73872,9744,35548,6622,64128,782,359,423
47675,73878,9745,35553,6623,64132,782,359,423
47680,73889,9747,35561,6625,64142,782,359,423
47685,73893,9748,35563,6626,64145,782,359,423
47690,73903,9749,35566,6626,64154,782,359,423
47695,73909,9750,35570,6627,64158,782,359,423
47700,73920,9753,35575,6630,64167,782,359,423
47705,73924,9754,35577,6631,64170,782,359,423
47710,73934,9755,35583,6631,64178,782,359,423
47715,73940,9757,35585,6633,64183,782,359,423
47720,73951,9758,35589,6633,64193,782,359,423
47725,73955,9759,35590,6634,64196,782,359,423
47730,73965,9760,35594,6634,64205,782,359,423
47735,73971,9761,35596,6635,64210,782,359,423
47740,73982,9762,35601,6635,64220,782,359,423
47745,73986,9763,35604,6636,64223,782,359,423
47750,73996,9765,35610,6638,64230,782,359,423
47755,74002,9767,35614,6639,64235,782,359,423
47760,74013,9768,35617,6639,64245,783,359,424
47765,74017,9769,35619,6640,64248,783,359,424
47770,74027,9771,35625,6641,64256,783,359,424
47775,74033,9771,35629,6641,64262,783,359,424
47780,74044,9773,35636,6643,64271,783,359,424
47785,74048,9774,35638,6644,64274,783,359,424
47790,74058,9776,35641,6645,64282,783,359,424
47795,74064,9776,35644,6645,64288,783,359,424
47800,74075,9780,35651,6649,64295,783,359,424
47805,74079,9781,35653,6650,64298,783,359,424
47810,74089,9783,35660,6651,64306,783,359,424
47815,74095,9783,35660,6651,64312,783,359,424
47820,74106,9786,35665,6654,64320,783,359,424
47825,74110,9786,35666,6654,64324,783,359,424
47830,74120,9787,35671,6655,64333,783,359,424
47835,74126,9787,35674,6655,64338,783,359,424
47840,74137,9788,35677,6656,64349,783,359,424
47845,74141,9788,35678,6656,64353,783,359,424
47850,74151,9789,35683,6657,64362,783,359,424
47855,74157,9789,35686,6657,64368,783,359,424
47860,74168,9790,35693,6658,64378,783,359,424
47865,74172,9790,35695,6658,64382,783,359,424
47870,74182,9791,35700,6659,64390,783,359,424
47875,74188,9793,35704,6661,64395,783,359,424
47880,74199,9793,35709,6661,64406,784,359,425
47885,74203,9794,35710,6662,64409,784,359,425
47890,74213,9795,35712,6662,64418,784,359,425
47895,74219,9795,35716,6662,64424,784,359,425
47900,74230,9795,35719,6662,64435,785,360,425
47905,74234,9795,35721,6662,64439,785,360,425
47910,74244,9796,35726,6662,64448,785,360,425
47915,74250,9796,35726,6662,64454,785,360,425
47920,74261,9796,35732,6662,64465,786,360,426
47925,74265,9796,35733,6662,64469,786,360,426
47930,74275,9798,35738,6664,64477,786,360,426
47935,74281,9798,35740,6664,64483,786,360,426
47940,74292,9801,35746,6666,64491,787,360,427
47945,74296,9801,35748,6666,64495,787,360,427
47950,74306,9803,35749,6666,64503,787,360,427
47955,74312,9803,35750,6666,64508,787,360,427
47960,74323,9806,35756,6668,64517,787,360,427
47965,74327,9806,35757,6668,64521,787,360,427
47970,74337,9808,35761,6668,64529,787,360,427
47975,74343,9808,35764,6668,64534,787,360,427
47980,74354,9811,35771,6670,64543,787,360,427
47985,74358,9811,35774,6670,64547,787,360,427
47990,74368,9813,35780,6671,64555,787,360,427
47995,74374,9814,35784,6671,64559,787,360,427
48000,74385,9817,35791,6673,64568,787,360,427
48005,74389,9818,35793,6674,64571,787,360,427
48010,74399,9820,35796,6675,64579,787,360,427
48015,74405,9821,35800,6675,64584,787,360,427
48020,74416,9823,35805,6677,64593,787,360,427
48025,74420,9825,35807,6679,64595,787,360,427
48030,74430,9827,35812,6680,64603,787,360,427
48035,74436,9828,35816,6681,64608,787,360,427
48040,74447,9830,35822,6682,64617,787,360,427
48045,74451,9832,35825,6684,64619,787,360,427
48050,74461,9834,35833,6686,64626,787,360,427
48055,74467,9836,35835,6688,64631,787,360,427
48060,74478,9838,35840,6689,64640,788,360,428
48065,74482,9840,35844,6691,64642,788,360,428
48070,74492,9842,35851,6692,64650,788,360,428
48075,74498,9842,35852,6692,64656,788,360,428
48080,74509,9843,35857,6693,64666,788,360,428
48085,74513,9844,35859,6694,64669,788,360,428
48090,74523,9846,35867,6696,64677,788,360,428
48095,74529,9846,35869,6696,64683,788,360,428
48100,74540,9847,35874,6697,64693,788,360,428
48105,74544,9848,35877,6698,64696,788,360,428
48110,74554,9850,35880,6698,64704,788,360,428
48115,74560,9850,35882,6698,64710,788,360,428
48120,74571,9852,35886,6700,64719,788,360,428
48125,74575,9852,35888,6700,64723,788,360,428
48130,74585,9853,35893,6701,64732,788,360,428
48135,74591,9853,35896,6701,64738,788,360,428
48140,74602,9853,35900,6701,64749,788,360,428
48145,74606,9853,35900,6701,64753,788,360,428
48150,74616,9853,35906,6701,64763,788,360,428
48155,74622,9853,35908,6701,64769,788,360,428
48160,74633,9853,35913,6701,64780,788,360,428
48165,74637,9853,35916,6701,64784,788,360,428
48170,74647,9853,35919,6701,64793,788,360,428
48175,74653,9855,35922,6703,64798,788,360,428
48180,74664,9856,35929,6704,64808,789,361,428
48185,74668,9856,35932,6704,64812,789,361,428
48190,74678,9857,35937,6705,64821,789,361,428
48195,74684,9858,35941,6705,64825,789,361,428
48200,74695,9859,35945,6706,64836,789,361,428
48205,74699,9860,35949,6707,64839,789,361,428
48210,74709,9861,35954,6707,64848,789,361,428
48215,74715,9862,35958,6707,64852,789,361,428
48220,74726,9863,35964,6708,64863,789,361,428
48225,74730,9863,35965,6708,64867,789,361,428
48230,74740,9865,35971,6708,64875,789,361,428
48235,74746,9866,35973,6708,64880,789,361,428
48240,74757,9867,35977,6708,64890,789,361,428
48245,74761,9868,35979,6709,64893,789,361,428
48250,74771,9869,35984,6709,64902,789,361,428
48255,74777,9870,35987,6710,64907,789,361,428
48260,74788,9873,35991,6713,64915,790,361,429
48265,74792,9873,35993,6713,64919,790,361,429
48270,74802,9874,35999,6714,64928,790,361,429
48275,74808,9875,36002,6714,64933,790,361,429
48280,74819,9878,36008,6717,64941,791,361,430
48285,74823,9878,36010,6717,64945,791,361,430
48290,74833,9879,36015,6718,64953,791,361,430
48295,74839,9881,36018,6719,64958,791,361,430
48300,74850,9883,36021,6721,64967,792,361,431
48305,74854,9883,36022,6721,64971,792,361,431
48310,74864,9884,36028,6721,64979,792,361,431
48315,74870,9886,36031,6723,64984,792,361,431
48320,74881,9889,36037,6726,64992,793,361,432
48325,74885,9889,36040,6726,64996,793,361,432
48330,74895,9890,36042,6727,65005,793,361,432
48335,74901,9891,36043,6727,65010,793,361,432
48340,74912,9892,36047,6727,65020,794,362,432
48345,74916,9892,36050,6727,65024,794,362,432
48350,74926,9894,36057,6728,65031,794,362,432
48355,74932,9896,36061,6730,65035,794,362,432
48360,74943,9900,36065,6733,65043,795,363,432
48365,74947,9900,36068,6733,65047,795,363,432
48370,74957,9902,36074,6733,65055,795,363,432
48375,74963,9902,36077,6733,65060,795,363,432
48380,74974,9904,36083,6734,65070,795,363,432
48385,74978,9904,36085,6734,65074,795,363,432
48390,74988,9906,36090,6734,65082,795,363,432
48395,74994,9906,36091,6734,65088,795,363,432
48400,75005,9907,36096,6734,65098,795,363,432
48405,75009,9907,36098,6734,65102,795,363,432
48410,75019,9909,36104,6736,65110,795,363,432
48415,75025,9909,36107,6736,65116,795,363,432
48420,75036,9910,36112,6736,65126,795,363,432
48425,75040,9910,36114,6736,65130,795,363,432
48430,75050,9912,36119,6737,65138,795,363,432
48435,75056,9912,36123,6737,65144,795,363,432
48440,75067,9914,36130,6739,65153,795,363,432
48445,75071,9914,36130,6739,65157,795,363,432
48450,75081,9916,36134,6739,65165,795,363,432
48455,75087,9916,36137,6739,65171,795,363,432
48460,75098,9917,36144,6739,65181,795,363,432
48465,75102,9917,36146,6739,65185,795,363,432
48470,75112,9919,36151,6740,65193,795,363,432
48475,75118,9920,36153,6740,65198,795,363,432
48480,75129,9921,36157,6740,65208,796,364,432
48485,75133,9921,36158,6740,65212,796,364,432
48490,75143,9922,36163,6740,65220,796,364,432
48495,75149,9924,36167,6742,65225,796,364,432
48500,75160,9924,36173,6742,65236,797,365,432
48505,75164,9924,36175,6742,65240,797,365,432
48510,75174,9925,36177,6742,65249,797,365,432
48515,75180,9926,36180,6742,65254,797,365,432
48520,75191,9926,36187,6742,65265,797,365,432
48525,75195,9926,36189,6742,65269,797,365,432
48530,75205,9927,36194,6742,65278,797,365,432
48535,75211,9928,36197,6742,65283,797,365,432
48540,75222,9928,36203,6742,65294,797,365,432
48545,75226,9929,36205,6743,65297,797,365,432
48550,75236,9930,36208,6743,65306,797,365,432
48555,75242,9931,36212,6744,65311,797,365,432
48560,75253,9931,36217,6744,65322,797,365,432
48565,75257,9931,36218,6744,65326,797,365,432
48570,75267,9932,36222,6745,65335,797,365,432
48575,75273,9933,36227,6746,65340,797,365,432
48580,75284,9933,36236,6746,65351,797,365,432
48585,75288,9934,36240,6747,65354,797,365,432
48590,75298,9936,36246,6749,65362,797,365,432
48595,75304,9937,36249,6750,65366,797,365,432
48600,75315,9941,36252,6753,65374,797,365,432
48605,75319,9943,36255,6755,65376,797,365,432
48610,75329,9945,36261,6756,65384,797,365,432
48615,75335,9945,36266,6756,65389,797,365,432
48620,75346,9947,36271,6758,65399,797,365,432
48625,75350,9948,36274,6759,65402,797,365,432
48630,75360,9950,36279,6760,65410,797,365,432
48635,75366,9950,36283,6760,65415,797,365,432
48640,75377,9952,36290,6762,65425,798,365,433
48645,75381,9953,36291,6763,65428,798,365,433
48650,75391,9955,36297,6764,65436,798,365,433
48655,75397,9955,36299,6764,65442,798,365,433
48660,75408,9956,36304,6765,65452,799,366,433
48665,75412,9956,36306,6765,65456,799,366,433
48670,75422,9957,36310,6765,65465,799,366,433
48675,75428,9957,36312,6765,65470,799,366,433
48680,75439,9958,36318,6766,65481,800,366,434
48685,75443,9958,36321,6766,65485,800,366,434
48690,75453,9959,36325,6766,65494,800,366,434
48695,75459,9959,36327,6766,65500,800,366,434
48700,75470,9960,36332,6767,65510,800,366,434
48705,75474,9960,36334,6767,65514,800,366,434
48710,75484,9961,36337,6768,65523,800,366,434
48715,75490,9962,36338,6768,65528,800,366,434
48720,75501,9965,36347,6771,65536,800,366,434
48725,75505,9965,36347,6771,65540,800,366,434
48730,75515,9965,36351,6771,65550,800,366,434
48735,75521,9966,36353,6771,65555,800,366,434
48740,75532,9967,36357,6771,65565,800,366,434
48745,75536,9967,36358,6771,65569,800,366,434
48750,75546,9967,36365,6771,65578,800,366,434
48755,75552,9969,36368,6772,65583,800,366,434
48760,75563,9971,36373,6773,65592,800,366,434
48765,75567,9971,36377,6773,65596,800,366,434
48770,75577,9972,36383,6774,65605,800,366,434
48775,75583,9973,36386,6774,65609,800,366,434
48780,75594,9976,36390,6777,65618,800,366,434
48785,75598,9977,36393,6778,65621,800,366,434
48790,75608,9978,36398,6778,65630,800,366,434
48795,75614,9979,36399,6778,65635,800,366,434
48800,75625,9980,36406,6778,65645,800,366,434
48805,75629,9980,36407,6778,65649,800,366,434
48810,75639,9981,36412,6779,65657,800,366,434
48815,75645,9983,36415,6781,65662,800,366,434
48820,75656,9984,36420,6782,65672,800,366,434
48825,75660,9984,36421,6782,65676,800,366,434
48830,75670,9986,36424,6783,65684,800,366,434
48835,75676,9987,36428,6784,65688,800,366,434
48840,75687,9990,36434,6786,65697,800,366,434
48845,75691,9992,36436,6788,65699,800,366,434
48850,75701,9994,36440,6788,65707,800,366,434
48855,75707,9994,36440,6788,65713,800,366,434
48860,75718,9996,36443,6789,65722,800,366,434
48865,75722,9998,36447,6791,65724,800,366,434
48870,75732,10000,36452,6791,65732,800,366,434
48875,75738,10000,36456,6791,65738,800,366,434
48880,75749,10002,36461,6793,65747,800,366,434
48885,75753,10003,36464,6794,65750,800,366,434
48890,75763,10005,36468,6794,65758,800,366,434
48895,75769,10005,36470,6794,65764,800,366,434
48900,75780,10008,36477,6797,65772,801,367,434
48905,75784,10009,36480,6798,65775,801,367,434
48910,75794,10011,36486,6798,65783,801,367,434
48915,75800,10011,36489,6798,65789,801,367,434
48920,75811,10014,36496,6800,65797,801,367,434
48925,75815,10014,36498,6800,65801,801,367,434
48930,75825,10016,36503,6800,65809,801,367,434
48935,75831,10016,36506,6800,65815,801,367,434
48940,75842,10017,36508,6801,65825,801,367,434
48945,75846,10017,36509,6801,65829,801,367,434
48950,75856,10019,36514,6802,65837,801,367,434
48955,75862,10020,36516,6803,65841,801,367,434
48960,75873,10024,36523,6807,65849,801,367,434
48965,75877,10024,36524,6807,65853,801,367,434
48970,75887,10024,36527,6807,65863,801,367,434
48975,75893,10025,36529,6808,65868,801,367,434
48980,75904,10026,36533,6809,65878,801,367,434
48985,75908,10026,36535,6809,65882,801,367,434
48990,75918,10026,36539,6809,65892,801,367,434
48995,75924,10027,36541,6809,65897,801,367,434
49000,75935,10028,36544,6810,65907,801,367,434
49005,75939,10029,36547,6811,65910,801,367,434
49010,75949,10029,36552,6811,65920,801,367,434
49015,75955,10030,36555,6812,65925,801,367,434
49020,75966,10030,36558,6812,65936,802,367,435
49025,75970,10030,36560,6812,65940,802,367,435
49030,75980,10031,36565,6813,65949,802,367,435
49035,75986,10032,36568,6813,65954,802,367,435
49040,75997,10034,36575,6815,65963,803,368,435
49045,76001,10034,36578,6815,65967,803,368,435
49050,76011,10035,36583,6816,65976,803,368,435
49055,76017,10036,36584,6816,65981,803,368,435
49060,76028,10036,36588,6816,65992,804,369,435
49065,76032,10036,36589,6816,65996,804,369,435
49070,76042,10038,36591,6816,66003,804,369,435
49075,76048,10040,36592,6817,66008,804,369,435
49080,76059,10042,36596,6818,66017,805,370,435
49085,76063,10042,36597,6818,66021,805,370,435
49090,76073,10044,36601,6818,66029,805,370,435
49095,76079,10044,36604,6818,66035,805,370,435
49100,76090,10045,36608,6819,66045,805,370,435
49105,76094,10045,36610,6819,66049,805,370,435
49110,76104,10047,36615,6820,66057,805,370,435
49115,76110,10047,36619,6820,66063,805,370,435
49120,76121,10049,36625,6821,66072,805,370,435
49125,76125,10050,36628,6822,66075,805,370,435
49130,76135,10052,36630,6822,66083,805,370,435
49135,76141,10052,36633,6822,66089,805,370,435
49140,76152,10055,36640,6825,66097,805,370,435
49145,76156,10056,36642,6826,66100,805,370,435
49150,76166,10058,36647,6828,66108,805,370,435
49155,76172,10058,36649,6828,66113,805,370,435
49160,76183,10060,36656,6830,66123,805,370,435
49165,76187,10061,36658,6831,66126,805,370,435
49170,76197,10063,36663,6833,66134,805,370,435
49175,76203,10063,36665,6833,66140,805,370,435
49180,76214,10065,36670,6835,66149,805,370,435
49185,76218,10065,36670,6835,66153,805,370,435
49190,76228,10067,36675,6837,66161,805,370,435
49195,76234,10067,36680,6837,66166,805,370,435
49200,76245,10070,36687,6839,66175,806,371,435
49205,76249,10070,36689,6839,66179,806,371,435
49210,76259,10071,36694,6840,66188,806,371,435
49215,76265,10071,36698,6840,66194,806,371,435
49220,76276,10072,36703,6841,66204,806,371,435
49225,76280,10072,36705,6841,66208,806,371,435
49230,76290,10073,36709,6842,66217,806,371,435
49235,76296,10073,36710,6842,66223,806,371,435
49240,76307,10075,36714,6844,66232,806,371,435
49245,76311,10076,36715,6845,66235,806,371,435
49250,76321,10077,36717,6845,66244,806,371,435
49255,76327,10078,36721,6846,66248,806,371,435
49260,76338,10082,36726,6849,66256,806,371,435
49265,76342,10082,36728,6849,66260,806,371,435
49270,76352,10083,36735,6850,66269,806,371,435
49275,76358,10084,36737,6850,66274,806,371,435
49280,76369,10085,36744,6851,66284,806,371,435
49285,76373,10086,36747,6852,66287,806,371,435
49290,76383,10087,36752,6853,66296,806,371,435
49295,76389,10088,36755,6853,66300,806,371,435
49300,76400,10090,36759,6855,66310,806,371,435
49305,76404,10091,36761,6856,66313,806,371,435
49310,76414,10092,36764,6857,66322,806,371,435
49315,76420,10093,36764,6857,66327,806,371,435
49320,76431,10093,36768,6857,66338,807,372,435
49325,76435,10093,36769,6857,66342,807,372,435
49330,76445,10093,36776,6857,66352,807,372,435
49335,76451,10094,36778,6857,66357,807,372,435
49340,76462,10094,36781,6857,66368,808,373,435
49345,76466,10094,36783,6857,66372,808,373,435
49350,76476,10094,36788,6857,66382,808,373,435
49355,76482,10095,36792,6858,66387,808,373,435
49360,76493,10095,36799,6858,66398,809,374,435
49365,76497,10095,36800,6858,66402,809,374,435
49370,76507,10096,36806,6858,66410,809,374,435
49375,76513,10098,36809,6860,66415,809,374,435
49380,76524,10101,36816,6863,66423,810,375,435
49385,76528,10102,36819,6864,66426,810,375,435
49390,76538,10104,36824,6865,66433,810,375,435
49395,76544,10106,36827,6866,66438,810,375,435
49400,76555,10106,36833,6866,66449,811,376,435
49405,76559,10107,36834,6867,66452,811,376,435
49410,76569,10109,36838,6868,66459,811,376,435
49415,76575,10111,36842,6869,66464,811,376,435
49420,76586,10112,36848,6870,66474,812,376,436
49425,76590,10113,36851,6871,66477,812,376,436
49430,76600,10115,36854,6871,66484,812,376,436
49435,76606,10117,36856,6872,66488,812,376,436
49440,76617,10118,36857,6873,66499,813,376,437
49445,76621,10118,36859,6873,66503,813,376,437
49450,76631,10119,36861,6873,66512,813,376,437
49455,76637,10119,36863,6873,66518,813,376,437
49460,76648,10120,36870,6874,66528,813,376,437
49465,76652,10120,36871,6874,66532,813,376,437
49470,76662,10121,36878,6875,66541,813,376,437
49475,76668,10121,36881,6875,66546,813,376,437
49480,76679,10123,36884,6877,66556,813,376,437
49485,76683,10123,36888,6877,66560,813,376,437
49490,76693,10124,36894,6877,66569,813,376,437
49495,76699,10124,36896,6877,66574,813,376,437
49500,76710,10127,36900,6879,66583,813,376,437
49505,76714,10128,36902,6880,66586,813,376,437
49510,76724,10128,36906,6880,66596,813,376,437
49515,76730,10128,36910,6880,66602,813,376,437
49520,76741,10129,36916,6880,66612,813,376,437
49525,76745,10129,36919,6880,66616,813,376,437
49530,76755,10129,36924,6880,66626,813,376,437
49535,76761,10129,36927,6880,66632,813,376,437
49540,76772,10130,36931,6881,66642,813,376,437
49545,76776,10130,36934,6881,66646,813,376,437
49550,76786,10131,36938,6881,66655,813,376,437
49555,76792,10132,36943,6882,66660,813,376,437
49560,76803,10136,36951,6886,66667,813,376,437
49565,76807,10137,36953,6887,66670,813,376,437
49570,76817,10138,36959,6888,66678,813,376,437
49575,76823,10140,36963,6890,66683,813,376,437
49580,76834,10141,36967,6890,66693,813,376,437
49585,76838,10142,36970,6891,66696,813,376,437
49590,76848,10143,36975,6892,66704,813,376,437
49595,76854,10145,36980,6894,66709,813,376,437
49600,76865,10146,36986,6894,66719,813,376,437
49605,76869,10146,36986,6894,66723,813,376,437
49610,76879,10148,36993,6896,66731,813,376,437
49615,76885,10149,36996,6897,66736,813,376,437
49620,76896,10150,37001,6898,66746,814,376,438
49625,76900,10150,37003,6898,66750,814,376,438
49630,76910,10152,37009,6899,66758,814,376,438
49635,76916,10153,37011,6899,66763,814,376,438
49640,76927,10153,37012,6899,66774,815,376,439
49645,76931,10154,37015,6900,66777,815,376,439
49650,76941,10156,37020,6900,66785,815,376,439
49655,76947,10157,37024,6901,66789,815,376,439
49660,76958,10159,37029,6903,66799,816,376,440
49665,76962,10159,37031,6903,66803,816,376,440
49670,76972,10161,37035,6904,66810,816,376,440
49675,76978,10163,37037,6906,66815,816,376,440
49680,76989,10164,37043,6907,66825,817,377,440
49685,76993,10164,37047,6907,66829,817,377,440
49690,77003,10165,37050,6908,66838,817,377,440
49695,77009,10165,37052,6908,66844,817,377,440
49700,77020,10166,37058,6909,66854,818,377,441
49705,77024,10166,37060,6909,66858,818,377,441
49710,77034,10167,37066,6910,66867,818,377,441
49715,77040,10167,37068,6910,66873,818,377,441
49720,77051,10168,37073,6911,66883,818,377,441
49725,77055,10168,37073,6911,66887,818,377,441
49730,77065,10169,37076,6911,66896,818,377,441
49735,77071,10169,37077,6911,66902,818,377,441
49740,77082,10170,37083,6912,66912,818,377,441
49745,77086,10171,37084,6913,66915,818,377,441
49750,77096,10172,37090,6914,66924,818,377,441
49755,77102,10172,37094,6914,66930,818,377,441
49760,77113,10173,37099,6914,66940,818,377,441
49765,77117,10174,37101,6915,66943,818,377,441
49770,77127,10175,37106,6915,66952,818,377,441
49775,77133,10175,37108,6915,66958,818,377,441
49780,77144,10177,37113,6916,66967,818,377,441
49785,77148,10177,37115,6916,66971,818,377,441
49790,77158,10179,37120,6916,66979,818,377,441
49795,77164,10180,37122,6916,66984,818,377,441
49800,77175,10181,37128,6917,66994,818,377,441
49805,77179,10183,37132,6919,66996,818,377,441
49810,77189,10185,37135,6920,67004,818,377,441
49815,77195,10186,37137,6921,67009,818,377,441
49820,77206,10188,37141,6923,67018,819,377,442
49825,77210,10189,37143,6924,67021,819,377,442
49830,77220,10191,37145,6924,67029,819,377,442
49835,77226,10192,37146,6925,67034,819,377,442
49840,77237,10194,37151,6927,67043,820,378,442
49845,77241,10194,37152,6927,67047,820,378,442
49850,77251,10196,37157,6928,67055,820,378,442
49855,77257,10197,37158,6928,67060,820,378,442
49860,77268,10199,37161,6930,67069,821,378,443
49865,77272,10199,37162,6930,67073,821,378,443
49870,77282,10201,37166,6930,67080,821,378,443
49875,77288,10203,37169,6932,67085,821,378,443
49880,77299,10204,37173,6933,67095,821,378,443
49885,77303,10204,37173,6933,67099,821,378,443
49890,77313,10206,37179,6933,67106,821,378,443
49895,77319,10208,37182,6934,67111,821,378,443
49900,77330,10210,37190,6936,67120,821,378,443
49905,77334,10210,37191,6936,67124,821,378,443
49910,77344,10212,37196,6937,67132,821,378,443
49915,77350,10213,37198,6938,67137,821,378,443
49920,77361,10214,37203,6939,67147,821,378,443
49925,77365,10214,37206,6939,67151,821,378,443
49930,77375,10216,37209,6940,67159,821,378,443
49935,77381,10216,37213,6940,67165,821,378,443
49940,77392,10217,37215,6941,67175,821,378,443
49945,77396,10217,37218,6941,67179,821,378,443
49950,77406,10219,37223,6941,67187,821,378,443
49955,77412,10219,37228,6941,67193,821,378,443
49960,77423,10220,37234,6942,67203,821,378,443
49965,77427,10220,37236,6942,67207,821,378,443
49970,77437,10222,37241,6943,67215,821,378,443
49975,77443,10222,37243,6943,67221,821,378,443
49980,77454,10225,37248,6945,67229,821,378,443
49985,77458,10226,37250,6946,67232,821,378,443
49990,77468,10228,37257,6947,67240,821,378,443
49995,77474,10228,37258,6947,67246,821,378,443
50000,77485,10229,37263,6947,67256,821,378,443
50005,77489,10230,37264,6948,67259,821,378,443
50010,77499,10232,37265,6949,67267,821,378,443
50015,77505,10232,37269,6949,67272,821,378,443
50020,77516,10234,37271,6951,67282,821,378,443
50025,77520,10235,37273,6952,67285,821,378,443
50030,77530,10237,37279,6954,67293,821,378,443
50035,77536,10238,37285,6955,67297,821,378,443
50040,77547,10242,37294,6959,67305,821,378,443
50045,77551,10243,37296,6960,67308,821,378,443
50050,77561,10244,37300,6961,67317,821,378,443
50055,77567,10245,37303,6962,67322,821,378,443
50060,77578,10247,37309,6963,67331,822,378,444
50065,77582,10247,37311,6963,67335,822,378,444
50070,77592,10248,37316,6964,67344,822,378,444
50075,77598,10249,37318,6964,67349,822,378,444
50080,77609,10251,37327,6966,67358,823,379,444
50085,77613,10252,37331,6967,67361,823,379,444
50090,77623,10253,37339,6968,67370,823,379,444
50095,77629,10254,37341,6968,67375,823,379,444
50100,77640,10258,37350,6972,67382,824,380,444
50105,77644,10258,37354,6972,67386,824,380,444
50110,77654,10259,37359,6973,67395,824,380,444
50115,77660,10260,37362,6974,67400,824,380,444
50120,77671,10261,37367,6975,67410,824,380,444
50125,77675,10261,37367,6975,67414,824,380,444
50130,77685,10262,37371,6975,67423,824,380,444
50135,77691,10263,37375,6976,67428,824,380,444
50140,77702,10263,37381,6976,67439,824,380,444
50145,77706,10263,37382,6976,67443,824,380,444
50150,77716,10265,37388,6977,67450,824,380,444
50155,77722,10267,37392,6979,67454,824,380,444
50160,77733,10269,37395,6981,67464,824,380,444
50165,77737,10269,37399,6981,67468,824,380,444
50170,77747,10270,37404,6981,67477,824,380,444
50175,77753,10271,37410,6982,67481,824,380,444
50180,77764,10273,37414,6984,67491,824,380,444
50185,77768,10273,37417,6984,67495,824,380,444
50190,77778,10274,37423,6984,67503,824,380,444
50195,77784,10276,37427,6986,67508,824,380,444
50200,77795,10277,37436,6987,67518,824,380,444
50205,77799,10277,37439,6987,67522,824,380,444
50210,77809,10278,37443,6987,67530,824,380,444
50215,77815,10280,37445,6989,67535,824,380,444
50220,77826,10282,37449,6990,67544,825,381,444
50225,77830,10282,37450,6990,67548,825,381,444
50230,77840,10283,37457,6990,67557,825,381,444
50235,77846,10283,37461,6990,67563,825,381,444
50240,77857,10284,37463,6990,67573,826,381,445
50245,77861,10284,37463,6990,67577,826,381,445
50250,77871,10285,37468,6991,67586,826,381,445
50255,77877,10285,37471,6991,67592,826,381,445
50260,77888,10287,37475,6992,67601,827,381,446
50265,77892,10287,37476,6992,67605,827,381,446
50270,77902,10288,37477,6992,67614,827,381,446
50275,77908,10288,37480,6992,67620,827,381,446
50280,77919,10289,37485,6992,67630,828,381,447
50285,77923,10290,37487,6993,67633,828,381,447
50290,77933,10291,37488,6993,67642,828,381,447
50295,77939,10291,37489,6993,67648,828,381,447
50300,77950,10292,37492,6994,67658,828,381,447
50305,77954,10293,37493,6995,67661,828,381,447
50310,77964,10294,37500,6996,67670,828,381,447
50315,77970,10294,37502,6996,67676,828,381,447
50320,77981,10295,37506,6997,67686,828,381,447
50325,77985,10295,37506,6997,67690,828,381,447
50330,77995,10297,37511,6998,67697,828,381,447
50335,78001,10299,37514,6999,67702,828,381,447
50340,78012,10302,37519,7002,67710,828,381,447
50345,78016,10304,37521,7004,67712,828,381,447
50350,78026,10306,37526,7005,67719,828,381,447
50355,78032,10308,37528,7006,67724,828,381,447
50360,78043,10310,37533,7007,67733,828,381,447
50365,78047,10311,37535,7008,67736,828,381,447
50370,78057,10313,37539,7009,67744,828,381,447
50375,78063,10313,37541,7009,67750,828,381,447
50380,78074,10315,37546,7010,67759,828,381,447
50385,78078,10315,37547,7010,67763,828,381,447
50390,78088,10317,37549,7011,67771,828,381,447
50395,78094,10317,37554,7011,67776,828,381,447
50400,78105,10319,37559,7013,67786,828,381,447
50405,78109,10319,37560,7013,67790,828,381,447
50410,78119,10321,37567,7015,67798,828,381,447
50415,78125,10321,37568,7015,67804,828,381,447
50420,78136,10321,37571,7015,67815,828,381,447
50425,78140,10321,37575,7015,67819,828,381,447
50430,78150,10323,37579,7015,67827,828,381,447
50435,78156,10323,37583,7015,67833,828,381,447
50440,78167,10323,37587,7015,67844,828,381,447
50445,78171,10323,37589,7015,67848,828,381,447
50450,78181,10325,37596,7017,67856,828,381,447
50455,78187,10325,37601,7017,67862,828,381,447
50460,78198,10325,37606,7017,67873,828,381,447
50465,78202,10325,37608,7017,67877,828,381,447
50470,78212,10327,37611,7018,67885,828,381,447
50475,78218,10328,37614,7019,67890,828,381,447
50480,78229,10329,37620,7020,67900,829,382,447
50485,78233,10331,37623,7022,67902,829,382,447
50490,78243,10333,37629,7024,67910,829,382,447
50495,78249,10334,37634,7025,67915,829,382,447
50500,78260,10336,37640,7027,67924,830,383,447
50505,78264,10337,37642,7028,67927,830,383,447
50510,78274,10339,37646,7029,67934,830,383,447
50515,78280,10341,37647,7030,67939,830,383,447
50520,78291,10342,37649,7030,67949,831,383,448
50525,78295,10342,37651,7030,67953,831,383,448
50530,78305,10343,37656,7030,67962,831,383,448
50535,78311,10343,37659,7030,67967,831,383,448
50540,78322,10346,37668,7033,67976,831,383,448
50545,78326,10347,37672,7034,67979,831,383,448
50550,78336,10348,37679,7034,67988,831,383,448
50555,78342,10348,37682,7034,67993,831,383,448
50560,78353,10350,37689,7035,68003,831,383,448
50565,78357,10351,37692,7036,68006,831,383,448
50570,78367,10352,37698,7037,68015,831,383,448
50575,78373,10352,37702,7037,68020,831,383,448
50580,78384,10355,37707,7039,68029,831,383,448
50585,78388,10355,37709,7039,68033,831,383,448
50590,78398,10356,37715,7040,68042,831,383,448
50595,78404,10356,37716,7040,68048,831,383,448
50600,78415,10356,37719,7040,68059,831,383,448
50605,78419,10356,37719,7040,68063,831,383,448
50610,78429,10357,37724,7040,68072,831,383,448
50615,78435,10357,37727,7040,68078,831,383,448
50620,78446,10357,37731,7040,68089,831,383,448
50625,78450,10357,37732,7040,68093,831,383,448
50630,78460,10359,37737,7040,68101,831,383,448
50635,78466,10360,37739,7040,68106,831,383,448
50640,78477,10362,37743,7042,68115,832,384,448
50645,78481,10363,37746,7043,68118,832,384,448
50650,78491,10365,37749,7044,68126,832,384,448
50655,78497,10366,37753,7044,68131,832,384,448
50660,78508,10369,37759,7046,68139,833,385,448
50665,78512,10369,37761,7046,68143,833,385,448
50670,78522,10371,37765,7047,68151,833,385,448
50675,78528,10372,37767,7047,68156,833,385,448
50680,78539,10375,37770,7049,68164,834,385,449
50685,78543,10375,37772,7049,68168,834,385,449
50690,78553,10377,37776,7050,68176,834,385,449
50695,78559,10378,37778,7051,68181,834,385,449
50700,78570,10381,37783,7053,68189,835,386,449
50705,78574,10381,37784,7053,68193,835,386,449
50710,78584,10381,37789,7053,68203,835,386,449
50715,78590,10382,37791,7053,68208,835,386,449
50720,78601,10383,37795,7054,68218,835,386,449
50725,78605,10384,37797,7055,68221,835,386,449
50730,78615,10384,37803,7055,68231,835,386,449
50735,78621,10385,37806,7056,68236,835,386,449
50740,78632,10386,37811,7056,68246,835,386,449
50745,78636,10387,37814,7057,68249,835,386,449
50750,78646,10387,37819,7057,68258,835,386,449
50755,78652,10389,37821,7059,68263,835,386,449
50760,78663,10391,37826,7061,68272,835,386,449
50765,78667,10391,37828,7061,68276,835,386,449
50770,78677,10391,37834,7061,68286,835,386,449
50775,78683,10391,37837,7061,68292,835,386,449
50780,78694,10392,37840,7062,68302,835,386,449
50785,78698,10392,37842,7062,68306,835,386,449
50790,78708,10392,37845,7062,68316,835,386,449
50795,78714,10392,37847,7062,68322,835,386,449
50800,78725,10393,37851,7062,68332,835,386,449
50805,78729,10393,37853,7062,68336,835,386,449
50810,78739,10395,37857,7063,68344,835,386,449
50815,78745,10395,37860,7063,68350,835,386,449
50820,78756,10398,37867,7065,68358,835,386,449
50825,78760,10399,37870,7066,68361,835,386,449
50830,78770,10401,37876,7067,68369,835,386,449
50835,78776,10401,37878,7067,68375,835,386,449
50840,78787,10403,37885,7069,68384,835,386,449
50845,78791,10404,37888,7070,68387,835,386,449
50850,78801,10406,37893,7070,68395,835,386,449
50855,78807,10406,37896,7070,68400,835,386,449
50860,78818,10410,37902,7073,68408,835,386,449
50865,78822,10411,37905,7074,68411,835,386,449
50870,78832,10413,37908,7074,68418,835,386,449
50875,78838,10415,37910,7076,68423,835,386,449
50880,78849,10417,37915,7078,68432,836,386,450
50885,78853,10417,37916,7078,68436,836,386,450
50890,78863,10417,37920,7078,68446,836,386,450
50895,78869,10418,37921,7078,68451,836,386,450
50900,78880,10421,37926,7080,68459,837,387,450
50905,78884,10422,37928,7081,68462,837,387,450
50910,78894,10422,37934,7081,68472,837,387,450
50915,78900,10423,37938,7081,68477,837,387,450
50920,78911,10425,37943,7082,68486,838,388,450
50925,78915,10425,37945,7082,68490,838,388,450
50930,78925,10425,37948,7082,68500,838,388,450
50935,78931,10426,37949,7082,68505,838,388,450
50940,78942,10428,37953,7083,68514,839,388,451
50945,78946,10428,37955,7083,68518,839,388,451
50950,78956,10429,37960,7084,68527,839,388,451
50955,78962,10430,37965,7085,68531,839,388,451
50960,78973,10431,37971,7086,68542,839,388,451
50965,78977,10432,37974,7087,68545,839,388,451
50970,78987,10433,37979,7087,68554,839,388,451
50975,78993,10434,37983,7088,68559,839,388,451
50980,79004,10434,37990,7088,68570,839,388,451
50985,79008,10436,37993,7090,68572,839,388,451
50990,79018,10437,37999,7090,68580,839,388,451
50995,79024,10439,38001,7091,68585,839,388,451
51000,79035,10439,38006,7091,68596,839,388,451
51005,79039,10439,38008,7091,68600,839,388,451
51010,79049,10440,38011,7091,68609,839,388,451
51015,79055,10441,38016,7092,68614,839,388,451
51020,79066,10441,38020,7092,68625,839,388,451
51025,79070,10443,38022,7094,68627,839,388,451
51030,79080,10444,38027,7094,68636,839,388,451
51035,79086,10445,38032,7095,68641,839,388,451
51040,79097,10445,38036,7095,68652,839,388,451
51045,79101,10445,38036,7095,68656,839,388,451
51050,79111,10447,38044,7097,68663,839,388,451
51055,79117,10449,38047,7098,68668,839,388,451
51060,79128,10452,38051,7100,68676,839,388,451
51065,79132,10454,38055,7102,68678,839,388,451
51070,79142,10456,38059,7102,68686,839,388,451
51075,79148,10456,38062,7102,68692,839,388,451
51080,79159,10459,38065,7104,68700,839,388,451
51085,79163,10460,38067,7105,68703,839,388,451
51090,79173,10462,38073,7107,68711,839,388,451
51095,79179,10462,38077,7107,68716,839,388,451
51100,79190,10466,38082,7110,68724,840,388,452
51105,79194,10468,38086,7112,68726,840,388,452
51110,79204,10470,38091,7113,68734,840,388,452
51115,79210,10470,38094,7113,68739,840,388,452
51120,79221,10473,38097,7115,68748,841,388,453
51125,79225,10473,38099,7115,68752,841,388,453
51130,79235,10474,38105,7115,68761,841,388,453
51135,79241,10474,38108,7115,68766,841,388,453
51140,79252,10475,38110,7116,68777,842,388,454
51145,79256,10475,38113,7116,68781,842,388,454
51150,79266,10476,38119,7116,68790,842,388,454
51155,79272,10476,38122,7116,68795,842,388,454
51160,79283,10477,38126,7117,68806,842,388,454
51165,79287,10477,38129,7117,68810,842,388,454
51170,79297,10478,38134,7117,68818,842,388,454
51175,79303,10480,38134,7118,68823,842,388,454
51180,79314,10481,38141,7119,68833,842,388,454
51185,79318,10481,38142,7119,68837,842,388,454
51190,79328,10482,38145,7119,68846,842,388,454
51195,79334,10483,38148,7119,68851,842,388,454
51200,79345,10483,38152,7119,68862,842,388,454
51205,79349,10484,38154,7120,68865,842,388,454
51210,79359,10485,38161,7121,68874,842,388,454
51215,79365,10486,38163,7121,68879,842,388,454
51220,79376,10487,38169,7122,68889,842,388,454
51225,79380,10489,38173,7124,68891,842,388,454
51230,79390,10491,38179,7126,68899,842,388,454
51235,79396,10492,38183,7127,68904,842,388,454
51240,79407,10493,38186,7127,68914,842,388,454
51245,79411,10494,38188,7128,68917,842,388,454
51250,79421,10496,38192,7129,68924,842,388,454
51255,79427,10498,38197,7131,68929,842,388,454
51260,79438,10499,38202,7131,68939,842,388,454
51265,79442,10501,38205,7133,68941,842,388,454
51270,79452,10503,38210,7134,68949,842,388,454
51275,79458,10504,38212,7135,68954,842,388,454
51280,79469,10505,38216,7135,68964,842,388,454
51285,79473,10506,38219,7136,68967,842,388,454
51290,79483,10508,38223,7137,68975,842,388,454
51295,79489,10509,38226,7137,68979,842,388,454
51300,79500,10511,38231,7139,68989,842,388,454
51305,79504,10511,38232,7139,68993,842,388,454
51310,79514,10513,38237,7140,69000,842,388,454
51315,79520,10515,38239,7141,69005,842,388,454
51320,79531,10516,38242,7142,69015,842,388,454
51325,79535,10516,38243,7142,69019,842,388,454
51330,79545,10518,38248,7142,69027,842,388,454
51335,79551,10518,38252,7142,69032,842,388,454
51340,79562,10520,38259,7143,69042,842,388,454
51345,79566,10520,38259,7143,69046,842,388,454
51350,79576,10522,38262,7144,69054,842,388,454
51355,79582,10522,38266,7144,69059,842,388,454
51360,79593,10524,38270,7146,69069,843,389,454
51365,79597,10525,38271,7147,69072,843,389,454
51370,79607,10527,38276,7148,69080,843,389,454
51375,79613,10527,38276,7148,69086,843,389,454
51380,79624,10528,38283,7149,69096,844,389,455
51385,79628,10528,38284,7149,69100,844,389,455
51390,79638,10530,38288,7150,69108,844,389,455
51395,79644,10530,38290,7150,69114,844,389,455
51400,79655,10533,38298,7152,69122,845,390,455
51405,79659,10534,38300,7153,69125,845,390,455
51410,79669,10536,38305,7154,69133,845,390,455
51415,79675,10536,38308,7154,69139,845,390,455
51420,79686,10539,38312,7157,69147,846,390,456
51425,79690,10540,38314,7158,69150,846,390,456
51430,79700,10541,38318,7158,69159,846,390,456
51435,79706,10542,38319,7158,69164,846,390,456
51440,79717,10543,38326,7159,69174,846,390,456
51445,79721,10544,38327,7160,69177,846,390,456
51450,79731,10545,38333,7161,69186,846,390,456
51455,79737,10546,38336,7162,69191,846,390,456
51460,79748,10547,38341,7163,69201,846,390,456
51465,79752,10549,38344,7165,69203,846,390,456
51470,79762,10550,38352,7166,69211,846,390,456
51475,79768,10552,38356,7168,69216,846,390,456
51480,79779,10553,38362,7169,69226,846,390,456
51485,79783,10553,38365,7169,69230,846,390,456
51490,79793,10553,38372,7169,69240,846,390,456
51495,79799,10553,38375,7169,69246,846,390,456
51500,79810,10553,38382,7169,69257,846,390,456
51505,79814,10553,38383,7169,69261,846,390,456
51510,79824,10553,38387,7169,69271,846,390,456
51515,79830,10553,38389,7169,69277,846,390,456
51520,79841,10553,38392,7169,69288,846,390,456
51525,79845,10553,38394,7169,69292,846,390,456
51530,79855,10554,38398,7170,69301,846,390,456
51535,79861,10554,38400,7170,69307,846,390,456
51540,79872,10556,38405,7171,69316,846,390,456
51545,79876,10556,38407,7171,69320,846,390,456
51550,79886,10557,38412,7172,69329,846,390,456
51555,79892,10557,38416,7172,69335,846,390,456
51560,79903,10559,38419,7173,69344,846,390,456
51565,79907,10560,38421,7174,69347,846,390,456
51570,79917,10561,38425,7174,69356,846,390,456
51575,79923,10561,38428,7174,69362,846,390,456
51580,79934,10565,38434,7178,69369,846,390,456
51585,79938,10565,38437,7178,69373,846,390,456
51590,79948,10567,38441,7179,69381,846,390,456
51595,79954,10568,38443,7180,69386,846,390,456
51600,79965,10570,38447,7182,69395,847,390,457
51605,79969,10571,38449,7183,69398,847,390,457
51610,79979,10573,38452,7184,69405,847,390,457
51615,79985,10575,38455,7185,69410,847,390,457
51620,79996,10577,38460,7187,69419,847,390,457
51625,80000,10578,38462,7188,69422,847,390,457
51630,80010,10580,38467,7188,69429,847,390,457
51635,80016,10582,38470,7190,69434,847,390,457
51640,80027,10584,38476,7192,69443,847,390,457
51645,80031,10584,38477,7192,69447,847,390,457
51650,80041,10586,38481,7194,69454,847,390,457
51655,80047,10588,38482,7196,69459,847,390,457
51660,80058,10590,38487,7198,69468,847,390,457
51665,80062,10591,38488,7199,69471,847,390,457
51670,80072,10593,38492,7199,69479,847,390,457
51675,80078,10593,38496,7199,69484,847,390,457
51680,80089,10595,38502,7201,69494,847,390,457
51685,80093,10595,38502,7201,69498,847,390,457
51690,80103,10597,38510,7202,69506,847,390,457
51695,80109,10597,38512,7202,69511,847,390,457
51700,80120,10598,38516,7203,69522,847,390,457
51705,80124,10598,38516,7203,69526,847,390,457
51710,80134,10600,38521,7204,69534,847,390,457
51715,80140,10600,38525,7204,69539,847,390,457
51720,80151,10602,38529,7206,69549,848,390,458
51725,80155,10602,38531,7206,69553,848,390,458
51730,80165,10603,38536,7207,69562,848,390,458
51735,80171,10603,38540,7207,69568,848,390,458
51740,80182,10603,38545,7207,69579,848,390,458
51745,80186,10603,38548,7207,69583,848,390,458
51750,80196,10604,38552,7208,69592,848,390,458
51755,80202,10604,38555,7208,69598,848,390,458
51760,80213,10605,38561,7209,69608,848,390,458
51765,80217,10605,38565,7209,69612,848,390,458
51770,80227,10606,38568,7209,69620,848,390,458
51775,80233,10608,38572,7211,69625,848,390,458
51780,80244,10610,38579,7213,69634,848,390,458
51785,80248,10611,38580,7214,69637,848,390,458
51790,80258,10611,38584,7214,69647,848,390,458
51795,80264,10612,38589,7215,69652,848,390,458
51800,80275,10612,38596,7215,69663,848,390,458
51805,80279,10613,38598,7216,69666,848,390,458
51810,80289,10613,38602,7216,69676,848,390,458
51815,80295,10614,38603,7216,69681,848,390,458
51820,80306,10614,38610,7216,69692,848,390,458
51825,80310,10615,38612,7217,69695,848,390,458
51830,80320,10616,38619,7218,69704,848,390,458
51835,80326,10617,38621,7219,69709,848,390,458
51840,80337,10618,38627,7220,69719,848,390,458
51845,80341,10618,38628,7220,69723,848,390,458
51850,80351,10619,38631,7220,69732,848,390,458
51855,80357,10620,38635,7221,69737,848,390,458
51860,80368,10621,38641,7222,69747,848,390,458
51865,80372,10621,38644,7222,69751,848,390,458
51870,80382,10622,38648,7223,69760,848,390,458
51875,80388,10623,38652,7224,69765,848,390,458
51880,80399,10625,38658,7225,69774,848,390,458
51885,80403,10625,38660,7225,69778,848,390,458
51890,80413,10627,38667,7227,69785,848,390,458
51895,80419,10629,38669,7228,69790,848,390,458
51900,80430,10631,38671,7229,69799,849,390,459
51905,80434,10631,38674,7229,69803,849,390,459
51910,80444,10633,38679,7229,69810,849,390,459
51915,80450,10635,38682,7230,69815,849,390,459
51920,80461,10637,38688,7231,69824,850,391,459
51925,80465,10637,38690,7231,69828,850,391,459
51930,80475,10639,38695,7233,69836,850,391,459
51935,80481,10640,38698,7234,69841,850,391,459
51940,80492,10641,38701,7234,69851,851,391,460
51945,80496,10641,38703,7234,69855,851,391,460
51950,80506,10643,38712,7236,69862,851,391,460
51955,80512,10645,38714,7238,69867,851,391,460
51960,80523,10646,38717,7238,69877,852,391,461
51965,80527,10646,38718,7238,69881,852,391,461
51970,80537,10648,38724,7240,69888,852,391,461
51975,80543,10650,38726,7241,69892,852,391,461
51980,80554,10652,38730,7242,69902,853,391,462
51985,80558,10653,38732,7243,69905,853,391,462
51990,80568,10655,38737,7243,69913,853,391,462
51995,80574,10656,38741,7244,69917,853,391,462
52000,80585,10658,38743,7246,69927,854,391,463
52005,80589,10660,38745,7248,69929,854,391,463
52010,80599,10662,38750,7248,69937,854,391,463
52015,80605,10663,38754,7249,69941,854,391,463
52020,80616,10666,38758,7252,69950,855,391,464
52025,80620,10666,38759,7252,69954,855,391,464
52030,80630,10667,38761,7252,69963,855,391,464
52035,80636,10667,38764,7252,69969,855,391,464
52040,80647,10670,38770,7255,69977,855,391,464
52045,80651,10671,38772,7256,69980,855,391,464
52050,80661,10672,38778,7257,69989,855,391,464
52055,80667,10672,38781,7257,69995,855,391,464
52060,80678,10674,38787,7259,70004,855,391,464
52065,80682,10675,38790,7260,70007,855,391,464
52070,80692,10676,38795,7261,70016,855,391,464
52075,80698,10676,38799,7261,70022,855,391,464
52080,80709,10677,38805,7262,70032,855,391,464
52085,80713,10678,38806,7263,70035,855,391,464
52090,80723,10679,38810,7264,70044,855,391,464
52095,80729,10679,38813,7264,70050,855,391,464
52100,80740,10681,38819,7265,70059,855,391,464
52105,80744,10681,38821,7265,70063,855,391,464
52110,80754,10682,38828,7266,70072,855,391,464
52115,80760,10682,38831,7266,70078,855,391,464
52120,80771,10683,38835,7266,70088,855,391,464
52125,80775,10684,38837,7267,70091,855,391,464
52130,80785,10686,38842,7267,70098,855,391,464
52135,80791,10688,38847,7269,70102,855,391,464
52140,80802,10690,38854,7271,70112,856,392,464
52145,80806,10690,38855,7271,70116,856,392,464
52150,80816,10692,38858,7272,70124,856,392,464
52155,80822,10693,38861,7273,70128,856,392,464
52160,80833,10696,38867,7275,70137,857,393,464
52165,80837,10697,38870,7276,70140,857,393,464
52170,80847,10699,38877,7278,70147,857,393,464
52175,80853,10701,38880,7280,70152,857,393,464
52180,80864,10702,38885,7281,70162,858,394,464
52185,80868,10703,38887,7282,70165,858,394,464
52190,80878,10705,38890,7282,70172,858,394,464
52195,80884,10707,38892,7283,70176,858,394,464
52200,80895,10711,38899,7286,70184,859,395,464
52205,80899,10711,38900,7286,70188,859,395,464
52210,80909,10712,38906,7287,70197,859,395,464
52215,80915,10712,38912,7287,70203,859,395,464
52220,80926,10714,38917,7289,70212,859,395,464
52225,80930,10714,38919,7289,70216,859,395,464
52230,80940,10715,38925,7289,70225,859,395,464
52235,80946,10715,38927,7289,70231,859,395,464
52240,80957,10716,38934,7290,70241,859,395,464
52245,80961,10716,38936,7290,70245,859,395,464
52250,80971,10717,38943,7291,70254,859,395,464
52255,80977,10717,38945,7291,70260,859,395,464
52260,80988,10717,38949,7291,70271,859,395,464
52265,80992,10717,38950,7291,70275,859,395,464
52270,81002,10718,38954,7292,70284,859,395,464
52275,81008,10718,38958,7292,70290,859,395,464
52280,81019,10719,38963,7293,70300,859,395,464
52285,81023,10719,38965,7293,70304,859,395,464
52290,81033,10720,38970,7293,70313,859,395,464
52295,81039,10720,38973,7293,70319,859,395,464
52300,81050,10720,38978,7293,70330,859,395,464
52305,81054,10720,38981,7293,70334,859,395,464
52310,81064,10722,38986,7293,70342,859,395,464
52315,81070,10723,38990,7294,70347,859,395,464
52320,81081,10725,38993,7295,70356,860,396,464
52325,81085,10725,38994,7295,70360,860,396,464
52330,81095,10725,38997,7295,70369,860,396,464
52335,81101,10727,39001,7297,70374,860,396,464
52340,81112,10728,39001,7297,70384,860,396,464
52345,81116,10728,39004,7297,70388,860,396,464
52350,81126,10728,39011,7297,70397,860,396,464
52355,81132,10730,39013,7299,70402,860,396,464
52360,81143,10731,39020,7299,70412,860,396,464
52365,81147,10731,39021,7299,70416,860,396,464
52370,81157,10731,39027,7299,70426,860,396,464
52375,81163,10732,39028,7299,70431,860,396,464
52380,81174,10733,39033,7300,70441,860,396,464
52385,81178,10734,39035,7301,70444,860,396,464
52390,81188,10734,39039,7301,70454,860,396,464
52395,81194,10734,39044,7301,70460,860,396,464
52400,81205,10735,39049,7301,70470,860,396,464
52405,81209,10735,39050,7301,70474,860,396,464
52410,81219,10735,39056,7301,70484,860,396,464
52415,81225,10735,39062,7301,70490,860,396,464
52420,81236,10736,39067,7301,70500,860,396,464
52425,81240,10737,39070,7302,70503,860,396,464
52430,81250,10739,39072,7302,70511,860,396,464
52435,81256,10739,39077,7302,70516,860,396,464
52440,81267,10741,39080,7303,70526,861,396,465
52445,81271,10741,39082,7303,70530,861,396,465
52450,81281,10742,39088,7303,70539,861,396,465
52455,81287,10742,39091,7303,70545,861,396,465
52460,81298,10742,39094,7303,70556,861,396,465
52465,81302,10742,39094,7303,70560,861,396,465
52470,81312,10743,39097,7303,70569,861,396,465
52475,81318,10743,39099,7303,70575,861,396,465
52480,81329,10743,39104,7303,70586,861,396,465
52485,81333,10743,39105,7303,70590,861,396,465
52490,81343,10744,39111,7303,70599,861,396,465
52495,81349,10745,39113,7303,70604,861,396,465
52500,81360,10746,39121,7304,70614,861,396,465
52505,81364,10747,39124,7305,70617,861,396,465
52510,81374,10748,39127,7305,70625,861,396,465
52515,81380,10750,39129,7306,70630,861,396,465
52520,81391,10751,39137,7307,70640,861,396,465
52525,81395,10751,39138,7307,70644,861,396,465
52530,81405,10752,39144,7308,70653,861,396,465
52535,81411,10753,39147,7308,70658,861,396,465
52540,81422,10754,39154,7309,70668,861,396,465
52545,81426,10755,39156,7310,70671,861,396,465
52550,81436,10757,39161,7310,70678,861,396,465
52555,81442,10759,39163,7311,70683,861,396,465
52560,81453,10761,39167,7312,70692,861,396,465
52565,81457,10761,39168,7312,70696,861,396,465
52570,81467,10763,39175,7313,70704,861,396,465
52575,81473,10763,39179,7313,70709,861,396,465
52580,81484,10765,39182,7314,70719,861,396,465
52585,81488,10766,39184,7315,70722,861,396,465
52590,81498,10768,39187,7315,70730,861,396,465
52595,81504,10768,39189,7315,70736,861,396,465
52600,81515,10769,39194,7315,70746,861,396,465
52605,81519,10769,39195,7315,70750,861,396,465
52610,81529,10771,39200,7316,70758,861,396,465
52615,81535,10771,39202,7316,70763,861,396,465
52620,81546,10773,39210,7318,70773,861,396,465
52625,81550,10773,39213,7318,70777,861,396,465
52630,81560,10775,39218,7319,70785,861,396,465
52635,81566,10775,39223,7319,70791,861,396,465
52640,81577,10776,39229,7319,70801,861,396,465
52645,81581,10776,39230,7319,70805,861,396,465
52650,81591,10778,39238,7320,70813,861,396,465
52655,81597,10778,39241,7320,70819,861,396,465
52660,81608,10779,39247,7320,70829,861,396,465
52665,81612,10779,39249,7320,70833,861,396,465
52670,81622,10781,39254,7321,70841,861,396,465
52675,81628,10782,39255,7321,70846,861,396,465
52680,81639,10784,39261,7322,70855,862,396,466
52685,81643,10785,39265,7323,70858,862,396,466
52690,81653,10787,39268,7324,70866,862,396,466
52695,81659,10788,39272,7324,70871,862,396,466
52700,81670,10791,39275,7326,70879,862,396,466
52705,81674,10792,39279,7327,70882,862,396,466
52710,81684,10794,39285,7328,70890,862,396,466
52715,81690,10795,39285,7328,70895,862,396,466
52720,81701,10798,39292,7330,70903,862,396,466
52725,81705,10799,39294,7331,70906,862,396,466
52730,81715,10801,39300,7332,70914,862,396,466
52735,81721,10802,39304,7333,70918,862,396,466
52740,81732,10807,39312,7338,70925,862,396,466
52745,81736,10807,39316,7338,70929,862,396,466
52750,81746,10808,39322,7338,70938,862,396,466
52755,81752,10808,39325,7338,70943,862,396,466
52760,81763,10810,39332,7340,70953,863,396,467
52765,81767,10810,39333,7340,70957,863,396,467
52770,81777,10811,39336,7340,70966,863,396,467
52775,81783,10811,39340,7340,70971,863,396,467
52780,81794,10812,39342,7341,70982,863,396,467
52785,81798,10812,39344,7341,70986,863,396,467
52790,81808,10813,39350,7341,70995,863,396,467
52795,81814,10813,39351,7341,71001,863,396,467
52800,81825,10815,39358,7343,71010,863,396,467
52805,81829,10815,39359,7343,71014,863,396,467
52810,81839,10815,39364,7343,71024,863,396,467
52815,81845,10815,39367,7343,71030,863,396,467
52820,81856,10815,39374,7343,71041,863,396,467
52825,81860,10815,39376,7343,71045,863,396,467
52830,81870,10815,39382,7343,71055,863,396,467
52835,81876,10815,39384,7343,71061,863,396,467
52840,81887,10815,39387,7343,71072,863,396,467
52845,81891,10815,39387,7343,71076,863,396,467
52850,81901,10816,39394,7343,71085,863,396,467
52855,81907,10817,39396,7344,71090,863,396,467
52860,81918,10820,39402,7346,71098,863,396,467
52865,81922,10821,39405,7347,71101,863,396,467
52870,81932,10822,39411,7347,71110,863,396,467
52875,81938,10822,39413,7347,71116,863,396,467
52880,81949,10824,39420,7348,71125,864,397,467
52885,81953,10825,39423,7349,71128,864,397,467
52890,81963,10826,39430,7350,71137,864,397,467
52895,81969,10826,39432,7350,71143,864,397,467
52900,81980,10827,39435,7350,71153,865,398,467
52905,81984,10827,39436,7350,71157,865,398,467
52910,81994,10829,39443,7351,71165,865,398,467
52915,82000,10829,39444,7351,71171,865,398,467
52920,82011,10830,39449,7351,71181,866,398,468
52925,82015,10831,39451,7352,71184,866,398,468
52930,82025,10833,39456,7353,71192,866,398,468
52935,82031,10833,39460,7353,71197,866,398,468
52940,82042,10834,39465,7354,71208,866,398,468
52945,82046,10834,39467,7354,71212,866,398,468
52950,82056,10835,39473,7355,71221,866,398,468
52955,82062,10835,39478,7355,71227,866,398,468
52960,82073,10835,39483,7355,71238,866,398,468
52965,82077,10835,39486,7355,71242,866,398,468
52970,82087,10836,39492,7355,71250,866,398,468
52975,82093,10838,39498,7357,71254,866,398,468
52980,82104,10839,39499,7358,71265,866,398,468
52985,82108,10840,39503,7359,71268,866,398,468
52990,82118,10841,39508,7360,71277,866,398,468
52995,82124,10842,39513,7361,71282,866,398,468
53000,82135,10843,39518,7361,71292,866,398,468
53005,82139,10843,39519,7361,71296,866,398,468
53010,82149,10844,39522,7361,71305,866,398,468
53015,82155,10845,39528,7362,71310,866,398,468
53020,82166,10847,39535,7364,71319,866,398,468
53025,82170,10847,39536,7364,71323,866,398,468
53030,82180,10848,39541,7365,71332,866,398,468
53035,82186,10849,39543,7365,71337,866,398,468
53040,82197,10850,39547,7365,71347,866,398,468
53045,82201,10851,39550,7366,71350,866,398,468
53050,82211,10853,39554,7366,71358,866,398,468
53055,82217,10854,39557,7367,71363,866,398,468
53060,82228,10855,39561,7368,71373,867,398,469
53065,82232,10856,39563,7369,71376,867,398,469
53070,82242,10858,39569,7370,71384,867,398,469
53075,82248,10859,39570,7371,71389,867,398,469
53080,82259,10859,39578,7371,71400,868,399,469
53085,82263,10860,39580,7372,71403,868,399,469
53090,82273,10862,39584,7374,71411,868,399,469
53095,82279,10863,39587,7374,71416,868,399,469
53100,82290,10864,39595,7375,71426,869,400,469
53105,82294,10864,39597,7375,71430,869,400,469
53110,82304,10865,39604,7376,71439,869,400,469
53115,82310,10866,39609,7377,71444,869,400,469
53120,82321,10866,39615,7377,71455,870,400,470
53125,82325,10866,39618,7377,71459,870,400,470
53130,82335,10867,39621,7377,71468,870,400,470
53135,82341,10868,39625,7378,71473,870,400,470
53140,82352,10868,39629,7378,71484,871,400,471
53145,82356,10868,39631,7378,71488,871,400,471
53150,82366,10869,39636,7379,71497,871,400,471
53155,82372,10870,39639,7379,71501,871,400,471
53160,82383,10875,39645,7383,71508,872,400,472
53165,82387,10875,39646,7383,71512,872,400,472
53170,82397,10877,39652,7385,71520,872,400,472
53175,82403,10877,39653,7385,71526,872,400,472
53180,82414,10879,39660,7387,71535,873,401,472
53185,82418,10879,39661,7387,71539,873,401,472
53190,82428,10881,39664,7388,71547,873,401,472
53195,82434,10881,39665,7388,71553,873,401,472
53200,82445,10884,39672,7390,71561,874,402,472
53205,82449,10886,39675,7392,71563,874,402,472
53210,82459,10888,39681,7394,71571,874,402,472
53215,82465,10888,39686,7394,71577,874,402,472
53220,82476,10890,39691,7395,71586,875,402,473
53225,82480,10890,39693,7395,71590,875,402,473
53230,82490,10890,39699,7395,71600,875,402,473
53235,82496,10890,39700,7395,71606,875,402,473
53240,82507,10890,39705,7395,71617,875,402,473
53245,82511,10890,39707,7395,71621,875,402,473
53250,82521,10890,39713,7395,71631,875,402,473
53255,82527,10890,39715,7395,71637,875,402,473
53260,82538,10890,39719,7395,71648,875,402,473
53265,82542,10890,39719,7395,71652,875,402,473
53270,82552,10890,39726,7395,71662,875,402,473
53275,82558,10891,39729,7395,71667,875,402,473
53280,82569,10892,39736,7396,71677,875,402,473
53285,82573,10892,39738,7396,71681,875,402,473
53290,82583,10892,39743,7396,71690,875,402,473
53295,82589,10894,39747,7398,71695,875,402,473
53300,82600,10894,39750,7398,71706,875,402,473
53305,82604,10894,39753,7398,71710,875,402,473
53310,82614,10894,39755,7398,71719,875,402,473
53315,82620,10896,39759,7400,71724,875,402,473
53320,82631,10897,39763,7401,71734,875,402,473
53325,82635,10897,39765,7401,71738,875,402,473
53330,82645,10899,39770,7402,71746,875,402,473
53335,82651,10900,39773,7403,71751,875,402,473
53340,82662,10901,39778,7404,71761,876,402,474
53345,82666,10903,39782,7406,71763,876,402,474
53350,82676,10905,39788,7408,71771,876,402,474
53355,82682,10905,39790,7408,71777,876,402,474
53360,82693,10907,39797,7409,71786,876,402,474
53365,82697,10907,39797,7409,71790,876,402,474
53370,82707,10909,39802,7410,71798,876,402,474
53375,82713,10909,39805,7410,71804,876,402,474
53380,82724,10910,39810,7410,71814,876,402,474
53385,82728,10911,39812,7411,71817,876,402,474
53390,82738,10913,39818,7412,71825,876,402,474
53395,82744,10913,39820,7412,71831,876,402,474
53400,82755,10914,39822,7412,71841,876,402,474
53405,82759,10915,39825,7413,71844,876,402,474
53410,82769,10917,39830,7413,71852,876,402,474
53415,82775,10917,39833,7413,71858,876,402,474
53420,82786,10918,39840,7413,71868,876,402,474
53425,82790,10919,39843,7414,71871,876,402,474
53430,82800,10921,39845,7415,71879,876,402,474
53435,82806,10921,39849,7415,71885,876,402,474
53440,82817,10922,39854,7415,71895,876,402,474
53445,82821,10923,39858,7416,71898,876,402,474
53450,82831,10925,39864,7418,71906,876,402,474
53455,82837,10926,39867,7418,71911,876,402,474
53460,82848,10928,39871,7420,71920,877,403,474
53465,82852,10929,39873,7421,71923,877,403,474
53470,82862,10931,39878,7422,71931,877,403,474
53475,82868,10932,39883,7423,71935,877,403,474
53480,82879,10934,39888,7424,71945,877,403,474
53485,82883,10935,39891,7425,71948,877,403,474
53490,82893,10937,39897,7426,71956,877,403,474
53495,82899,10938,39900,7426,71961,877,403,474
53500,82910,10940,39905,7428,71970,877,403,474
53505,82914,10940,39905,7428,71974,877,403,474
53510,82924,10942,39912,7429,71982,877,403,474
53515,82930,10943,39914,7430,71987,877,403,474
53520,82941,10945,39918,7431,71996,877,403,474
53525,82945,10946,39921,7432,71999,877,403,474
53530,82955,10948,39927,7433,72007,877,403,474
53535,82961,10948,39931,7433,72013,877,403,474
53540,82972,10949,39936,7433,72023,877,403,474
53545,82976,10949,39937,7433,72027,877,403,474
53550,82986,10951,39944,7434,72035,877,403,474
53555,82992,10951,39945,7434,72041,877,403,474
53560,83003,10952,39949,7434,72051,877,403,474
53565,83007,10954,39953,7436,72053,877,403,474
53570,83017,10956,39956,7437,72061,877,403,474
53575,83023,10956,39958,7437,72067,877,403,474
53580,83034,10958,39965,7438,72076,877,403,474
53585,83038,10960,39968,7440,72078,877,403,474
53590,83048,10962,39970,7440,72086,877,403,474
53595,83054,10963,39974,7441,72091,877,403,474
53600,83065,10965,39982,7443,72100,877,403,474
53605,83069,10966,39984,7444,72103,877,403,474
53610,83079,10968,39988,7446,72111,877,403,474
53615,83085,10969,39992,7446,72116,877,403,474
53620,83096,10970,39998,7447,72126,877,403,474
53625,83100,10970,40000,7447,72130,877,403,474
53630,83110,10972,40007,7449,72137,877,403,474
53635,83116,10974,40010,7450,72141,877,403,474
53640,83127,10976,40015,7452,72151,877,403,474
53645,83131,10976,40016,7452,72155,877,403,474
53650,83141,10978,40018,7452,72163,877,403,474
53655,83147,10978,40019,7452,72169,877,403,474
53660,83158,10979,40022,7452,72179,878,404,474
53665,83162,10980,40024,7453,72182,878,404,474
53670,83172,10982,40028,7454,72190,878,404,474
53675,83178,10982,40032,7454,72196,878,404,474
53680,83189,10983,40038,7455,72206,879,405,474
53685,83193,10984,40041,7456,72209,879,405,474
53690,83203,10986,40047,7457,72217,879,405,474
53695,83209,10986,40050,7457,72223,879,405,474
53700,83220,10989,40055,7459,72231,880,405,475
53705,83224,10989,40058,7459,72235,880,405,475
53710,83234,10991,40063,7460,72243,880,405,475
53715,83240,10991,40065,7460,72249,880,405,475
53720,83251,10992,40072,7461,72259,880,405,475
53725,83255,10992,40073,7461,72263,880,405,475
53730,83265,10994,40079,7462,72271,880,405,475
53735,83271,10994,40082,7462,72277,880,405,475
53740,83282,10995,40087,7463,72287,880,405,475
53745,83286,10995,40088,7463,72291,880,405,475
53750,83296,10997,40092,7463,72299,880,405,475
53755,83302,10998,40097,7463,72303,880,405,475
53760,83313,11001,40104,7466,72312,880,405,475
53765,83317,11002,40107,7467,72315,880,405,475
53770,83327,11003,40109,7468,72324,880,405,475
53775,83333,11004,40112,7469,72328,880,405,475
53780,83344,11006,40117,7471,72338,881,405,476
53785,83348,11007,40119,7472,72341,881,405,476
53790,83358,11008,40125,7473,72350,881,405,476
53795,83364,11009,40129,7474,72355,881,405,476
53800,83375,11009,40131,7474,72366,881,405,476
53805,83379,11009,40134,7474,72370,881,405,476
53810,83389,11010,40139,7475,72379,881,405,476
53815,83395,11011,40142,7475,72384,881,405,476
53820,83406,11013,40148,7477,72393,881,405,476
53825,83410,11014,40151,7478,72396,881,405,476
53830,83420,11015,40154,7478,72405,881,405,476
53835,83426,11016,40157,7479,72409,881,405,476
53840,83437,11018,40162,7481,72419,881,405,476
53845,83441,11018,40165,7481,72423,881,405,476
53850,83451,11019,40168,7482,72432,881,405,476
53855,83457,11020,40171,7483,72436,881,405,476
53860,83468,11022,40174,7485,72446,881,405,476
53865,83472,11022,40176,7485,72450,881,405,476
53870,83482,11024,40181,7486,72458,881,405,476
53875,83488,11025,40184,7487,72463,881,405,476
53880,83499,11026,40187,7487,72473,881,405,476
53885,83503,11027,40188,7488,72476,881,405,476
53890,83513,11029,40193,7489,72484,881,405,476
53895,83519,11030,40196,7489,72488,881,405,476
53900,83530,11032,40203,7490,72498,882,406,476
53905,83534,11033,40204,7491,72501,882,406,476
53910,83544,11035,40211,7492,72508,882,406,476
53915,83550,11037,40213,7493,72512,882,406,476
53920,83561,11040,40220,7496,72521,883,406,477
53925,83565,11041,40223,7497,72524,883,406,477
53930,83575,11043,40227,7499,72531,883,406,477
53935,83581,11045,40228,7500,72536,883,406,477
53940,83592,11047,40232,7502,72545,884,407,477
53945,83596,11049,40234,7504,72547,884,407,477
53950,83606,11051,40240,7505,72555,884,407,477
53955,83612,11051,40243,7505,72561,884,407,477
53960,83623,11053,40249,7507,72570,884,407,477
53965,83627,11054,40252,7508,72573,884,407,477
53970,83637,11056,40258,7509,72581,884,407,477
53975,83643,11056,40260,7509,72587,884,407,477
53980,83654,11057,40264,7510,72597,884,407,477
53985,83658,11058,40266,7511,72600,884,407,477
53990,83668,11060,40271,7512,72608,884,407,477
53995,83674,11060,40275,7512,72614,884,407,477
54000,83685,11062,40282,7513,72623,884,407,477
54005,83689,11063,40283,7514,72626,884,407,477
54010,83699,11065,40288,7515,72634,884,407,477
54015,83705,11065,40292,7515,72640,884,407,477
54020,83716,11066,40298,7515,72650,884,407,477
54025,83720,11066,40301,7515,72654,884,407,477
54030,83730,11068,40305,7515,72662,884,407,477
54035,83736,11068,40309,7515,72668,884,407,477
54040,83747,11069,40311,7515,72678,884,407,477
54045,83751,11070,40314,7516,72681,884,407,477
54050,83761,11072,40317,7516,72689,884,407,477
54055,83767,11073,40319,7516,72694,884,407,477
54060,83778,11074,40321,7516,72704,885,407,478
54065,83782,11074,40325,7516,72708,885,407,478
54070,83792,11075,40327,7516,72717,885,407,478
54075,83798,11076,40329,7517,72722,885,407,478
54080,83809,11077,40333,7518,72732,885,407,478
54085,83813,11077,40334,7518,72736,885,407,478
54090,83823,11078,40341,7519,72745,885,407,478
54095,83829,11079,40343,7519,72750,885,407,478
54100,83840,11080,40347,7520,72760,885,407,478
54105,83844,11080,40349,7520,72764,885,407,478
54110,83854,11081,40353,7520,72773,885,407,478
54115,83860,11082,40354,7521,72778,885,407,478
54120,83871,11083,40359,7522,72788,885,407,478
54125,83875,11083,40362,7522,72792,885,407,478
54130,83885,11083,40368,7522,72802,885,407,478
54135,83891,11084,40373,7523,72807,885,407,478
54140,83902,11084,40376,7523,72818,885,407,478
54145,83906,11085,40377,7524,72821,885,407,478
54150,83916,11085,40383,7524,72830,885,407,478
54155,83922,11087,40386,7526,72835,885,407,478
54160,83933,11087,40389,7526,72846,885,407,478
54165,83937,11087,40391,7526,72850,885,407,478
54170,83947,11088,40395,7527,72858,885,407,478
54175,83953,11090,40400,7529,72863,885,407,478
54180,83964,11093,40408,7532,72871,885,407,478
54185,83968,11094,40410,7533,72874,885,407,478
54190,83978,11095,40413,7533,72883,885,407,478
54195,83984,11096,40416,7534,72888,885,407,478
54200,83995,11100,40424,7538,72895,885,407,478
54205,83999,11100,40426,7538,72899,885,407,478
54210,84009,11101,40430,7538,72908,885,407,478
54215,84015,11102,40433,7538,72913,885,407,478
54220,84026,11105,40440,7541,72921,885,407,478
54225,84030,11105,40441,7541,72925,885,407,478
54230,84040,11107,40448,7542,72933,885,407,478
54235,84046,11108,40449,7542,72938,885,407,478
54240,84057,11110,40453,7543,72947,886,407,479
54245,84061,11110,40453,7543,72951,886,407,479
54250,84071,11112,40460,7544,72959,886,407,479
54255,84077,11112,40463,7544,72965,886,407,479
54260,84088,11114,40470,7546,72974,886,407,479
54265,84092,11114,40473,7546,72978,886,407,479
54270,84102,11116,40477,7547,72986,886,407,479
54275,84108,11116,40478,7547,72992,886,407,479
54280,84119,11117,40482,7547,73002,886,407,479
54285,84123,11117,40484,7547,73006,886,407,479
54290,84133,11119,40490,7549,73014,886,407,479
54295,84139,11119,40493,7549,73019,886,407,479
54300,84150,11121,40495,7550,73029,886,407,479
54305,84154,11122,40498,7551,73032,886,407,479
54310,84164,11124,40504,7552,73039,886,407,479
54315,84170,11126,40509,7554,73043,886,407,479
54320,84181,11128,40516,7555,73053,886,407,479
54325,84185,11128,40518,7555,73057,886,407,479
54330,84195,11130,40525,7555,73064,886,407,479
54335,84201,11132,40527,7556,73069,886,407,479
54340,84212,11134,40533,7557,73078,886,407,479
54345,84216,11135,40537,7558,73081,886,407,479
54350,84226,11137,40540,7560,73089,886,407,479
54355,84232,11138,40542,7560,73094,886,407,479
54360,84243,11139,40545,7560,73104,887,408,479
54365,84247,11139,40547,7560,73108,887,408,479
54370,84257,11141,40554,7561,73116,887,408,479
54375,84263,11141,40558,7561,73122,887,408,479
54380,84274,11142,40563,7562,73132,887,408,479
54385,84278,11142,40564,7562,73136,887,408,479
54390,84288,11144,40571,7562,73144,887,408,479
54395,84294,11144,40575,7562,73150,887,408,479
54400,84305,11145,40581,7563,73160,887,408,479
54405,84309,11146,40583,7564,73163,887,408,479
54410,84319,11148,40587,7566,73171,887,408,479
54415,84325,11148,40591,7566,73177,887,408,479
54420,84336,11148,40594,7566,73188,887,408,479
54425,84340,11148,40596,7566,73192,887,408,479
54430,84350,11150,40601,7567,73200,887,408,479
54435,84356,11150,40604,7567,73205,887,408,479
54440,84367,11152,40608,7569,73215,887,408,479
54445,84371,11152,40609,7569,73219,887,408,479
54450,84381,11154,40614,7570,73227,887,408,479
54455,84387,11154,40616,7570,73233,887,408,479
54460,84398,11154,40621,7570,73244,887,408,479
54465,84402,11154,40621,7570,73248,887,408,479
54470,84412,11156,40627,7572,73255,887,408,479
54475,84418,11158,40631,7574,73259,887,408,479
54480,84429,11163,40638,7579,73266,888,409,479
54485,84433,11163,40640,7579,73270,888,409,479
54490,84443,11163,40643,7579,73279,888,409,479
54495,84449,11165,40646,7581,73284,888,409,479
54500,84460,11165,40653,7581,73295,889,410,479
54505,84464,11166,40657,7582,73298,889,410,479
54510,84474,11166,40664,7582,73307,889,410,479
54515,84480,11168,40667,7584,73312,889,410,479
54520,84491,11168,40671,7584,73323,889,410,479
54525,84495,11169,40672,7585,73326,889,410,479
54530,84505,11169,40677,7585,73336,889,410,479
54535,84511,11170,40678,7585,73341,889,410,479
54540,84522,11170,40684,7585,73352,889,410,479
54545,84526,11170,40684,7585,73356,889,410,479
54550,84536,11170,40686,7585,73366,889,410,479
54555,84542,11170,40690,7585,73372,889,410,479
54560,84553,11170,40696,7585,73383,889,410,479
54565,84557,11170,40698,7585,73387,889,410,479
54570,84567,11170,40701,7585,73397,889,410,479
54575,84573,11170,40706,7585,73403,889,410,479
54580,84584,11170,40712,7585,73414,889,410,479
54585,84588,11170,40713,7585,73418,889,410,479
54590,84598,11172,40720,7586,73426,889,410,479
54595,84604,11172,40722,7586,73432,889,410,479
54600,84615,11173,40728,7586,73442,889,410,479
54605,84619,11174,40731,7587,73445,889,410,479
54610,84629,11176,40737,7588,73453,889,410,479
54615,84635,11177,40739,7589,73458,889,410,479
54620,84646,11178,40742,7589,73468,889,410,479
54625,84650,11178,40743,7589,73472,889,410,479
54630,84660,11180,40746,7590,73480,889,410,479
54635,84666,11181,40749,7591,73485,889,410,479
54640,84677,11183,40754,7592,73494,889,410,479
54645,84681,11185,40757,7594,73496,889,410,479
54650,84691,11187,40762,7595,73504,889,410,479
54655,84697,11188,40767,7596,73509,889,410,479
54660,84708,11190,40777,7598,73518,889,410,479
54665,84712,11191,40778,7599,73521,889,410,479
54670,84722,11193,40785,7600,73529,889,410,479
54675,84728,11193,40787,7600,73535,889,410,479
54680,84739,11194,40791,7600,73545,889,410,479
54685,84743,11196,40794,7602,73547,889,410,479
54690,84753,11198,40800,7604,73555,889,410,479
54695,84759,11198,40803,7604,73561,889,410,479
54700,84770,11200,40808,7605,73570,889,410,479
54705,84774,11201,40811,7606,73573,889,410,479
54710,84784,11203,40818,7608,73581,889,410,479
54715,84790,11203,40820,7608,73586,889,410,479
54720,84801,11207,40828,7611,73594,889,410,479
54725,84805,11208,40829,7612,73597,889,410,479
54730,84815,11210,40834,7614,73605,889,410,479
54735,84821,11210,40836,7614,73610,889,410,479
54740,84832,11213,40842,7617,73619,889,410,479
54745,84836,11214,40844,7618,73622,889,410,479
54750,84846,11216,40848,7619,73630,889,410,479
54755,84852,11216,40850,7619,73636,889,410,479
54760,84863,11218,40854,7620,73645,889,410,479
54765,84867,11218,40855,7620,73649,889,410,479
54770,84877,11220,40857,7620,73657,889,410,479
54775,84883,11221,40859,7620,73662,889,410,479
54780,84894,11224,40864,7622,73670,889,410,479
54785,84898,11225,40866,7623,73673,889,410,479
54790,84908,11226,40869,7623,73682,889,410,479
54795,84914,11227,40872,7624,73687,889,410,479
54800,84925,11227,40877,7624,73698,890,410,480
54805,84929,11227,40878,7624,73702,890,410,480
54810,84939,11228,40882,7624,73711,890,410,480
54815,84945,11229,40885,7624,73716,890,410,480
54820,84956,11230,40889,7625,73726,891,410,481
54825,84960,11230,40890,7625,73730,891,410,481
54830,84970,11231,40894,7625,73739,891,410,481
54835,84976,11232,40896,7625,73744,891,410,481
54840,84987,11233,40902,7626,73754,892,411,481
54845,84991,11233,40903,7626,73758,892,411,481
54850,85001,11233,40906,7626,73768,892,411,481
54855,85007,11234,40910,7627,73773,892,411,481
54860,85018,11235,40915,7627,73783,893,411,482
54865,85022,11236,40918,7628,73786,893,411,482
54870,85032,11236,40923,7628,73796,893,411,482
54875,85038,11237,40925,7628,73801,893,411,482
54880,85049,11239,40931,7630,73810,894,412,482
54885,85053,11239,40933,7630,73814,894,412,482
54890,85063,11240,40937,7630,73822,894,412,482
54895,85069,11242,40941,7631,73826,894,412,482
54900,85080,11247,40950,7636,73833,895,413,482
54905,85084,11248,40953,7637,73836,895,413,482
54910,85094,11250,40958,7638,73844,895,413,482
54915,85100,11250,40960,7638,73850,895,413,482
54920,85111,11250,40964,7638,73861,895,413,482
54925,85115,11250,40966,7638,73865,895,413,482
54930,85125,11252,40968,7640,73873,895,413,482
54935,85131,11252,40971,7640,73879,895,413,482
54940,85142,11252,40977,7640,73890,895,413,482
54945,85146,11252,40979,7640,73894,895,413,482
54950,85156,11254,40982,7640,73902,895,413,482
54955,85162,11254,40984,7640,73907,895,413,482
54960,85173,11255,40991,7641,73918,895,413,482
54965,85177,11256,40994,7642,73921,895,413,482
54970,85187,11258,40999,7644,73929,895,413,482
54975,85193,11258,41002,7644,73934,895,413,482
54980,85204,11259,41008,7645,73945,895,413,482
54985,85208,11259,41009,7645,73949,895,413,482
54990,85218,11261,41015,7647,73957,895,413,482
54995,85224,11261,41019,7647,73962,895,413,482
55000,85235,11262,41027,7648,73973,895,413,482
55005,85239,11262,41029,7648,73977,895,413,482
55010,85249,11264,41035,7649,73985,895,413,482
55015,85255,11265,41037,7649,73990,895,413,482
55020,85266,11268,41043,7652,73998,895,413,482
55025,85270,11269,41045,7653,74001,895,413,482
55030,85280,11271,41047,7654,74009,895,413,482
55035,85286,11271,41049,7654,74015,895,413,482
55040,85297,11272,41056,7655,74025,896,414,482
55045,85301,11272,41057,7655,74029,896,414,482
55050,85311,11274,41063,7655,74037,896,414,482
55055,85317,11274,41066,7655,74043,896,414,482
55060,85328,11275,41075,7656,74053,897,415,482
55065,85332,11275,41077,7656,74057,897,415,482
55070,85342,11277,41083,7657,74065,897,415,482
55075,85348,11277,41087,7657,74071,897,415,482
55080,85359,11278,41094,7658,74081,898,416,482
55085,85363,11278,41097,7658,74085,898,416,482
55090,85373,11280,41101,7658,74093,898,416,482
55095,85379,11280,41106,7658,74099,898,416,482
55100,85390,11281,41111,7659,74109,899,417,482
55105,85394,11281,41112,7659,74113,899,417,482
55110,85404,11283,41119,7660,74121,899,417,482
55115,85410,11283,41119,7660,74127,899,417,482
55120,85421,11284,41124,7661,74137,899,417,482
55125,85425,11284,41125,7661,74141,899,417,482
55130,85435,11286,41128,7662,74148,899,417,482
55135,85441,11288,41131,7664,74152,899,417,482
55140,85452,11290,41135,7665,74162,899,417,482
55145,85456,11291,41138,7666,74165,899,417,482
55150,85466,11292,41142,7667,74174,899,417,482
55155,85472,11293,41144,7668,74179,899,417,482
55160,85483,11295,41149,7670,74188,899,417,482
55165,85487,11296,41152,7671,74191,899,417,482
55170,85497,11297,41155,7671,74199,899,417,482
55175,85503,11299,41159,7672,74203,899,417,482
55180,85514,11301,41162,7673,74213,899,417,482
55185,85518,11302,41164,7674,74216,899,417,482
55190,85528,11303,41167,7674,74225,899,417,482
55195,85534,11304,41169,7675,74230,899,417,482
55200,85545,11306,41173,7676,74239,899,417,482
55205,85549,11306,41174,7676,74243,899,417,482
55210,85559,11306,41178,7676,74253,899,417,482
55215,85565,11306,41181,7676,74259,899,417,482
55220,85576,11306,41182,7676,74270,899,417,482
55225,85580,11306,41185,7676,74274,899,417,482
55230,85590,11306,41189,7676,74284,899,417,482
55235,85596,11306,41192,7676,74290,899,417,482
55240,85607,11306,41195,7676,74301,899,417,482
55245,85611,11306,41196,7676,74305,899,417,482
55250,85621,11306,41199,7676,74315,899,417,482
55255,85627,11306,41202,7676,74320,899,417,482
55260,85638,11308,41207,7678,74330,899,417,482
55265,85642,11308,41209,7678,74334,899,417,482
55270,85652,11309,41213,7678,74343,899,417,482
55275,85658,11310,41217,7678,74347,899,417,482
55280,85669,11312,41223,7680,74357,899,417,482
55285,85673,11313,41226,7681,74360,899,417,482
55290,85683,11314,41231,7681,74369,899,417,482
55295,85689,11315,41235,7682,74374,899,417,482
55300,85700,11316,41240,7683,74384,899,417,482
55305,85704,11316,41242,7683,74388,899,417,482
55310,85714,11318,41247,7684,74396,899,417,482
55315,85720,11319,41248,7684,74401,899,417,482
55320,85731,11322,41253,7686,74409,900,418,482
55325,85735,11323,41254,7687,74412,900,418,482
55330,85745,11325,41262,7688,74420,900,418,482
55335,85751,11325,41265,7688,74426,900,418,482
55340,85762,11326,41268,7688,74436,900,418,482
55345,85766,11326,41268,7688,74440,900,418,482
55350,85776,11327,41275,7688,74449,900,418,482
55355,85782,11327,41279,7688,74455,900,418,482
55360,85793,11329,41284,7689,74464,900,418,482
55365,85797,11329,41285,7689,74468,900,418,482
55370,85807,11330,41289,7690,74477,900,418,482
55375,85813,11330,41293,7690,74483,900,418,482
55380,85824,11332,41297,7692,74492,900,418,482
55385,85828,11332,41299,7692,74496,900,418,482
55390,85838,11333,41302,7692,74505,900,418,482
55395,85844,11333,41304,7692,74511,900,418,482
55400,85855,11335,41309,7694,74520,900,418,482
55405,85859,11335,41311,7694,74524,900,418,482
55410,85869,11336,41314,7694,74533,900,418,482
55415,85875,11336,41317,7694,74539,900,418,482
55420,85886,11338,41321,7695,74548,900,418,482
55425,85890,11338,41325,7695,74552,900,418,482
55430,85900,11339,41327,7696,74561,900,418,482
55435,85906,11340,41330,7696,74566,900,418,482
55440,85917,11344,41333,7699,74573,901,418,483
55445,85921,11344,41335,7699,74577,901,418,483
55450,85931,11345,41339,7700,74586,901,418,483
55455,85937,11346,41342,7700,74591,901,418,483
55460,85948,11349,41350,7703,74599,901,418,483
55465,85952,11349,41350,7703,74603,901,418,483
55470,85962,11350,41354,7704,74611,901,418,483
55475,85968,11352,41357,7705,74615,901,418,483
55480,85979,11355,41360,7707,74624,901,418,483
55485,85983,11356,41362,7708,74627,901,418,483
55490,85993,11357,41366,7709,74635,901,418,483
55495,85999,11359,41370,7710,74639,901,418,483
55500,86010,11363,41377,7714,74647,901,418,483
55505,86014,11364,41379,7715,74650,901,418,483
55510,86024,11365,41383,7715,74659,901,418,483
55515,86030,11365,41388,7715,74664,901,418,483
55520,86041,11367,41392,7716,74674,901,418,483
55525,86045,11368,41395,7717,74677,901,418,483
55530,86055,11369,41400,7717,74686,901,418,483
55535,86061,11369,41405,7717,74691,901,418,483
55540,86072,11372,41412,7719,74700,901,418,483
55545,86076,11373,41415,7720,74703,901,418,483
55550,86086,11375,41419,7721,74711,901,418,483
55555,86092,11375,41422,7721,74716,901,418,483
55560,86103,11380,41429,7725,74723,901,418,483
55565,86107,11380,41431,7725,74727,901,418,483
55570,86117,11381,41435,7725,74736,901,418,483
55575,86123,11381,41439,7725,74742,901,418,483
55580,86134,11381,41443,7725,74753,901,418,483
55585,86138,11381,41444,7725,74757,901,418,483
55590,86148,11382,41448,7725,74766,901,418,483
55595,86154,11382,41450,7725,74772,901,418,483
55600,86165,11382,41452,7725,74783,901,418,483
55605,86169,11382,41453,7725,74787,901,418,483
55610,86179,11383,41457,7725,74796,901,418,483
55615,86185,11384,41460,7725,74801,901,418,483
55620,86196,11384,41466,7725,74812,902,418,484
55625,86200,11384,41467,7725,74816,902,418,484
55630,86210,11386,41470,7727,74824,902,418,484
55635,86216,11387,41475,7728,74829,902,418,484
55640,86227,11388,41484,7729,74839,903,418,485
55645,86231,11390,41488,7731,74841,903,418,485
55650,86241,11392,41493,7732,74848,903,418,485
55655,86247,11394,41495,7733,74853,903,418,485
55660,86258,11395,41501,7734,74863,904,418,486
55665,86262,11396,41503,7735,74866,904,418,486
55670,86272,11398,41507,7736,74873,904,418,486
55675,86278,11400,41510,7737,74878,904,418,486
55680,86289,11401,41514,7737,74888,905,419,486
55685,86293,11402,41518,7738,74891,905,419,486
55690,86303,11403,41523,7738,74900,905,419,486
55695,86309,11404,41527,7738,74905,905,419,486
55700,86320,11405,41532,7738,74915,906,419,487
55705,86324,11405,41534,7738,74919,906,419,487
55710,86334,11406,41537,7738,74928,906,419,487
55715,86340,11407,41543,7739,74932,906,419,487
55720,86351,11410,41548,7741,74941,907,419,488
55725,86355,11410,41548,7741,74945,907,419,488
55730,86365,11411,41555,7742,74953,907,419,488
55735,86371,11413,41558,7744,74958,907,419,488
55740,86382,11415,41562,7746,74967,908,419,489
55745,86386,11415,41563,7746,74971,908,419,489
55750,86396,11416,41569,7747,74980,908,419,489
55755,86402,11416,41572,7747,74985,908,419,489
55760,86413,11417,41577,7748,74996,908,419,489
55765,86417,11417,41580,7748,75000,908,419,489
55770,86427,11418,41585,7749,75009,908,419,489
55775,86433,11418,41589,7749,75014,908,419,489
55780,86444,11419,41595,7750,75025,908,419,489
55785,86448,11419,41596,7750,75029,908,419,489
55790,86458,11421,41599,7751,75037,908,419,489
55795,86464,11421,41600,7751,75043,908,419,489
55800,86475,11422,41604,7752,75053,908,419,489
55805,86479,11423,41606,7753,75056,908,419,489
55810,86489,11425,41607,7753,75064,908,419,489
55815,86495,11426,41609,7754,75069,908,419,489
55820,86506,11428,41613,7756,75078,908,419,489
55825,86510,11429,41614,7757,75081,908,419,489
55830,86520,11431,41621,7759,75088,908,419,489
55835,86526,11433,41622,7760,75093,908,419,489
55840,86537,11436,41627,7762,75101,908,419,489
55845,86541,11437,41630,7763,75104,908,419,489
55850,86551,11439,41633,7765,75112,908,419,489
55855,86557,11440,41637,7766,75117,908,419,489
55860,86568,11443,41643,7768,75125,908,419,489
55865,86572,11444,41646,7769,75128,908,419,489
55870,86582,11446,41649,7769,75136,908,419,489
55875,86588,11446,41651,7769,75142,908,419,489
55880,86599,11447,41655,7769,75152,908,419,489
55885,86603,11447,41657,7769,75156,908,419,489
55890,86613,11449,41663,7770,75164,908,419,489
55895,86619,11449,41667,7770,75169,908,419,489
55900,86630,11451,41675,7772,75179,908,419,489
55905,86634,11453,41678,7774,75181,908,419,489
55910,86644,11455,41683,7775,75189,908,419,489
55915,86650,11455,41687,7775,75195,908,419,489
55920,86661,11456,41689,7775,75205,909,419,490
55925,86665,11457,41692,7776,75208,909,419,490
55930,86675,11458,41695,7776,75217,909,419,490
55935,86681,11458,41698,7776,75223,909,419,490
55940,86692,11459,41702,7776,75233,909,419,490
55945,86696,11459,41704,7776,75237,909,419,490
55950,86706,11460,41709,7776,75246,909,419,490
55955,86712,11460,41712,7776,75252,909,419,490
55960,86723,11462,41720,7778,75261,909,419,490
55965,86727,11462,41720,7778,75265,909,419,490
55970,86737,11463,41723,7778,75274,909,419,490
55975,86743,11464,41726,7779,75279,909,419,490
55980,86754,11467,41733,7782,75287,909,419,490
55985,86758,11468,41735,7783,75290,909,419,490
55990,86768,11469,41740,7783,75299,909,419,490
55995,86774,11470,41744,7783,75304,909,419,490
56000,86785,11471,41751,7784,75314,909,419,490
56005,86789,11471,41753,7784,75318,909,419,490
56010,86799,11472,41758,7784,75327,909,419,490
56015,86805,11473,41759,7784,75332,909,419,490
56020,86816,11473,41762,7784,75343,909,419,490
56025,86820,11474,41764,7785,75346,909,419,490
56030,86830,11475,41770,7785,75354,909,419,490
56035,86836,11477,41774,7787,75358,909,419,490
56040,86847,11480,41780,7790,75367,910,420,490
56045,86851,11480,41782,7790,75371,910,420,490
56050,86861,11482,41785,7791,75379,910,420,490
56055,86867,11482,41789,7791,75384,910,420,490
56060,86878,11483,41793,7792,75395,910,420,490
56065,86882,11484,41796,7793,75398,910,420,490
56070,86892,11486,41799,7794,75406,910,420,490
56075,86898,11486,41801,7794,75412,910,420,490
56080,86909,11487,41807,7795,75422,910,420,490
56085,86913,11487,41809,7795,75426,910,420,490
56090,86923,11489,41813,7795,75434,910,420,490
56095,86929,11489,41816,7795,75440,910,420,490
56100,86940,11492,41825,7797,75448,910,420,490
56105,86944,11493,41826,7798,75451,910,420,490
56110,86954,11495,41832,7799,75459,910,420,490
56115,86960,11495,41835,7799,75465,910,420,490
56120,86971,11496,41837,7799,75475,910,420,490
56125,86975,11498,41840,7801,75477,910,420,490
56130,86985,11500,41844,7801,75485,910,420,490
56135,86991,11500,41845,7801,75491,910,420,490
56140,87002,11502,41852,7802,75500,910,420,490
56145,87006,11504,41854,7804,75502,910,420,490
56150,87016,11506,41859,7805,75510,910,420,490
56155,87022,11507,41863,7806,75515,910,420,490
56160,87033,11510,41870,7808,75523,911,421,490
56165,87037,11510,41873,7808,75527,911,421,490
56170,87047,11512,41876,7810,75535,911,421,490
56175,87053,11513,41879,7811,75540,911,421,490
56180,87064,11515,41884,7813,75549,911,421,490
56185,87068,11515,41885,7813,75553,911,421,490
56190,87078,11517,41890,7814,75560,911,421,490
56195,87084,11519,41893,7815,75565,911,421,490
56200,87095,11521,41896,7816,75574,911,421,490
56205,87099,11522,41900,7817,75577,911,421,490
56210,87109,11524,41905,7818,75585,911,421,490
56215,87115,11525,41909,7819,75590,911,421,490
56220,87126,11527,41914,7820,75599,911,421,490
56225,87130,11528,41918,7821,75602,911,421,490
56230,87140,11530,41923,7823,75610,911,421,490
56235,87146,11530,41927,7823,75615,911,421,490
56240,87157,11531,41930,7824,75626,911,421,490
56245,87161,11532,41934,7825,75629,911,421,490
56250,87171,11534,41938,7826,75637,911,421,490
56255,87177,11534,41940,7826,75642,911,421,490
56260,87188,11535,41947,7827,75653,911,421,490
56265,87192,11536,41950,7828,75656,911,421,490
56270,87202,11538,41954,7828,75664,911,421,490
56275,87208,11538,41956,7828,75670,911,421,490
56280,87219,11538,41960,7828,75681,912,422,490
56285,87223,11538,41962,7828,75685,912,422,490
56290,87233,11539,41967,7829,75694,912,422,490
56295,87239,11539,41970,7829,75700,912,422,490
56300,87250,11540,41977,7830,75710,913,423,490
56305,87254,11540,41979,7830,75714,913,423,490
56310,87264,11541,41985,7831,75723,913,423,490
56315,87270,11541,41987,7831,75728,913,423,490
56320,87281,11543,41993,7833,75738,914,424,490
56325,87285,11543,41995,7833,75742,914,424,490
56330,87295,11544,42004,7834,75751,914,424,490
56335,87301,11545,42005,7834,75756,914,424,490
56340,87312,11547,42010,7835,75765,915,424,491
56345,87316,11548,42011,7836,75768,915,424,491
56350,87326,11549,42017,7837,75777,915,424,491
56355,87332,11550,42021,7838,75782,915,424,491
56360,87343,11551,42028,7839,75792,916,425,491
56365,87347,11552,42032,7840,75795,916,425,491
56370,87357,11553,42034,7840,75804,916,425,491
56375,87363,11554,42036,7840,75809,916,425,491
56380,87374,11556,42045,7841,75818,917,426,491
56385,87378,11556,42045,7841,75822,917,426,491
56390,87388,11558,42051,7842,75829,917,426,491
56395,87394,11560,42053,7843,75834,917,426,491
56400,87405,11561,42057,7844,75844,918,426,492
56405,87409,11562,42058,7845,75847,918,426,492
56410,87419,11564,42065,7846,75855,918,426,492
56415,87425,11564,42069,7846,75861,918,426,492
56420,87436,11565,42076,7847,75871,918,426,492
56425,87440,11565,42077,7847,75875,918,426,492
56430,87450,11567,42081,7848,75883,918,426,492
56435,87456,11567,42083,7848,75889,918,426,492
56440,87467,11569,42089,7850,75898,918,426,492
56445,87471,11570,42091,7851,75901,918,426,492
56450,87481,11572,42095,7853,75909,918,426,492
56455,87487,11572,42099,7853,75915,918,426,492
56460,87498,11574,42105,7854,75924,918,426,492
56465,87502,11575,42108,7855,75927,918,426,492
56470,87512,11576,42112,7856,75936,918,426,492
56475,87518,11576,42114,7856,75942,918,426,492
56480,87529,11577,42119,7856,75952,918,426,492
56485,87533,11577,42122,7856,75956,918,426,492
56490,87543,11578,42130,7857,75965,918,426,492
56495,87549,11578,42135,7857,75971,918,426,492
56500,87560,11580,42140,7859,75980,918,426,492
56505,87564,11581,42142,7860,75983,918,426,492
56510,87574,11582,42147,7860,75992,918,426,492
56515,87580,11583,42152,7861,75997,918,426,492
56520,87591,11585,42157,7862,76006,918,426,492
56525,87595,11585,42157,7862,76010,918,426,492
56530,87605,11586,42162,7862,76018,918,426,492
56535,87611,11588,42166,7864,76023,918,426,492
56540,87622,11588,42170,7864,76034,919,427,492
56545,87626,11588,42172,7864,76038,919,427,492
56550,87636,11589,42179,7864,76047,919,427,492
56555,87642,11590,42180,7864,76052,919,427,492
56560,87653,11590,42183,7864,76063,920,427,493
56565,87657,11590,42184,7864,76067,920,427,493
56570,87667,11591,42191,7865,76076,920,427,493
56575,87673,11592,42195,7866,76081,920,427,493
56580,87684,11592,42201,7866,76092,921,428,493
56585,87688,11592,42203,7866,76096,921,428,493
56590,87698,11593,42208,7866,76105,921,428,493
56595,87704,11594,42209,7866,76110,921,428,493
56600,87715,11594,42214,7866,76121,922,428,494
56605,87719,11595,42217,7867,76124,922,428,494
56610,87729,11596,42221,7868,76133,922,428,494
56615,87735,11597,42225,7869,76137,922,428,494
56620,87746,11598,42229,7870,76148,922,428,494
56625,87750,11599,42231,7871,76151,922,428,494
56630,87760,11601,42238,7873,76159,922,428,494
56635,87766,11602,42242,7873,76164,922,428,494
56640,87777,11605,42250,7876,76172,922,428,494
56645,87781,11605,42251,7876,76176,922,428,494
56650,87791,11607,42257,7878,76184,922,428,494
56655,87797,11607,42261,7878,76190,922,428,494
56660,87808,11609,42267,7879,76199,922,428,494
56665,87812,11611,42271,7881,76201,922,428,494
56670,87822,11613,42277,7883,76209,922,428,494
56675,87828,11613,42279,7883,76215,922,428,494
56680,87839,11615,42287,7885,76224,922,428,494
56685,87843,11616,42289,7886,76227,922,428,494
56690,87853,11618,42294,7887,76235,922,428,494
56695,87859,11618,42297,7887,76241,922,428,494
56700,87870,11620,42301,7888,76250,922,428,494
56705,87874,11621,42304,7889,76253,922,428,494
56710,87884,11623,42309,7890,76261,922,428,494
56715,87890,11623,42312,7890,76267,922,428,494
56720,87901,11625,42317,7891,76276,922,428,494
56725,87905,11626,42318,7892,76279,922,428,494
56730,87915,11628,42322,7893,76287,922,428,494
56735,87921,11628,42323,7893,76293,922,428,494
56740,87932,11630,42328,7894,76302,922,428,494
56745,87936,11631,42329,7895,76305,922,428,494
56750,87946,11633,42335,7895,76313,922,428,494
56755,87952,11634,42336,7896,76318,922,428,494
56760,87963,11638,42341,7899,76325,923,428,495
56765,87967,11639,42344,7900,76328,923,428,495
56770,87977,11640,42350,7901,76336,923,428,495
56775,87983,11642,42355,7902,76340,923,428,495
56780,87994,11644,42361,7904,76350,924,428,496
56785,87998,11645,42363,7905,76353,924,428,496
56790,88008,11646,42369,7906,76362,924,428,496
56795,88014,11647,42369,7906,76367,924,428,496
56800,88025,11648,42373,7907,76377,925,429,496
56805,88029,11649,42374,7908,76380,925,429,496
56810,88039,11650,42380,7908,76388,925,429,496
56815,88045,11652,42382,7909,76393,925,429,496
56820,88056,11653,42388,7910,76403,926,429,497
56825,88060,11653,42390,7910,76407,926,429,497
56830,88070,11654,42395,7910,76416,926,429,497
56835,88076,11654,42397,7910,76421,926,429,497
56840,88087,11655,42401,7911,76432,927,429,498
56845,88091,11655,42402,7911,76436,927,429,498
56850,88101,11656,42407,7912,76445,927,429,498
56855,88107,11656,42409,7912,76451,927,429,498
56860,88118,11656,42416,7912,76462,928,430,498
56865,88122,11657,42420,7913,76465,928,430,498
56870,88132,11659,42425,7915,76473,928,430,498
56875,88138,11659,42425,7915,76479,928,430,498
56880,88149,11661,42426,7916,76488,929,430,499
56885,88153,11661,42427,7916,76492,929,430,499
56890,88163,11662,42431,7916,76501,929,430,499
56895,88169,11662,42436,7916,76507,929,430,499
56900,88180,11663,42442,7916,76517,929,430,499
56905,88184,11663,42444,7916,76521,929,430,499
56910,88194,11664,42448,7916,76530,929,430,499
56915,88200,11664,42450,7916,76536,929,430,499
56920,88211,11666,42456,7918,76545,929,430,499
56925,88215,11666,42457,7918,76549,929,430,499
56930,88225,11667,42461,7919,76558,929,430,499
56935,88231,11668,42463,7919,76563,929,430,499
56940,88242,11669,42467,7919,76573,929,430,499
56945,88246,11669,42470,7919,76577,929,430,499
56950,88256,11670,42476,7919,76586,929,430,499
56955,88262,11670,42478,7919,76592,929,430,499
56960,88273,11671,42483,7919,76602,929,430,499
56965,88277,11671,42484,7919,76606,929,430,499
56970,88287,11672,42485,7919,76615,929,430,499
56975,88293,11672,42490,7919,76621,929,430,499
56980,88304,11674,42496,7920,76630,929,430,499
56985,88308,11674,42496,7920,76634,929,430,499
56990,88318,11676,42505,7921,76642,929,430,499
56995,88324,11676,42507,7921,76648,929,430,499
57000,88335,11678,42513,7923,76657,930,431,499
57005,88339,11679,42516,7924,76660,930,431,499
57010,88349,11681,42521,7924,76668,930,431,499
57015,88355,11681,42523,7924,76674,930,431,499
57020,88366,11683,42531,7926,76683,931,431,500
57025,88370,11684,42533,7927,76686,931,431,500
57030,88380,11686,42540,7929,76694,931,431,500
57035,88386,11686,42545,7929,76699,931,431,500
57040,88397,11689,42548,7931,76708,932,431,501
57045,88401,11689,42549,7931,76712,932,431,501
57050,88411,11691,42553,7933,76720,932,431,501
57055,88417,11692,42554,7933,76725,932,431,501
57060,88428,11694,42560,7935,76734,933,431,502
57065,88432,11695,42562,7936,76737,933,431,502
57070,88442,11697,42565,7936,76745,933,431,502
57075,88448,11698,42567,7936,76750,933,431,502
57080,88459,11700,42571,7938,76759,933,431,502
57085,88463,11701,42574,7939,76762,933,431,502
57090,88473,11703,42578,7939,76770,933,431,502
57095,88479,11704,42583,7940,76775,933,431,502
57100,88490,11705,42588,7941,76785,933,431,502
57105,88494,11705,42590,7941,76789,933,431,502
57110,88504,11707,42595,7942,76797,933,431,502
57115,88510,11708,42598,7942,76802,933,431,502
57120,88521,11709,42603,7943,76812,933,431,502
57125,88525,11709,42606,7943,76816,933,431,502
57130,88535,11711,42612,7945,76824,933,431,502
57135,88541,11711,42616,7945,76830,933,431,502
57140,88552,11711,42620,7945,76841,933,431,502
57145,88556,11711,42622,7945,76845,933,431,502
57150,88566,11713,42626,7946,76853,933,431,502
57155,88572,11713,42629,7946,76859,933,431,502
57160,88583,11713,42635,7946,76870,933,431,502
57165,88587,11713,42637,7946,76874,933,431,502
57170,88597,11715,42641,7947,76882,933,431,502
57175,88603,11715,42643,7947,76887,933,431,502
57180,88614,11716,42649,7948,76898,933,431,502
57185,88618,11717,42650,7949,76901,933,431,502
57190,88628,11718,42656,7950,76910,933,431,502
57195,88634,11718,42660,7950,76915,933,431,502
57200,88645,11720,42665,7951,76925,933,431,502
57205,88649,11720,42666,7951,76929,933,431,502
57210,88659,11721,42670,7951,76938,933,431,502
57215,88665,11721,42673,7951,76944,933,431,502
57220,88676,11722,42677,7951,76954,933,431,502
57225,88680,11722,42678,7951,76958,933,431,502
57230,88690,11723,42682,7951,76967,933,431,502
57235,88696,11724,42683,7952,76972,933,431,502
57240,88707,11727,42690,7954,76980,933,431,502
57245,88711,11727,42692,7954,76984,933,431,502
57250,88721,11728,42697,7954,76993,933,431,502
57255,88727,11729,42702,7954,76998,933,431,502
57260,88738,11730,42708,7955,77008,933,431,502
57265,88742,11730,42709,7955,77012,933,431,502
57270,88752,11731,42716,7956,77021,933,431,502
57275,88758,11732,42719,7956,77026,933,431,502
57280,88769,11733,42725,7957,77036,934,431,503
57285,88773,11733,42727,7957,77040,934,431,503
57290,88783,11735,42730,7957,77048,934,431,503
57295,88789,11736,42731,7957,77053,934,431,503
57300,88800,11739,42735,7960,77061,935,432,503
57305,88804,11739,42735,7960,77065,935,432,503
57310,88814,11741,42741,7960,77073,935,432,503
57315,88820,11742,42744,7961,77078,935,432,503
57320,88831,11744,42752,7963,77087,936,433,503
57325,88835,11744,42755,7963,77091,936,433,503
57330,88845,11746,42759,7964,77099,936,433,503
57335,88851,11747,42760,7965,77104,936,433,503
57340,88862,11748,42762,7966,77114,937,433,504
57345,88866,11749,42765,7967,77117,937,433,504
57350,88876,11751,42771,7968,77124,937,433,504
57355,88882,11753,42774,7969,77129,937,433,504
57360,88893,11755,42780,7971,77138,938,433,505
57365,88897,11755,42780,7971,77142,938,433,505
57370,88907,11756,42786,7971,77151,938,433,505
57375,88913,11756,42789,7971,77157,938,433,505
57380,88924,11757,42794,7971,77167,938,433,505
57385,88928,11757,42796,7971,77171,938,433,505
57390,88938,11758,42800,7971,77180,938,433,505
57395,88944,11758,42803,7971,77185,938,433,505
57400,88955,11760,42808,7972,77195,938,433,505
57405,88959,11760,42809,7972,77199,938,433,505
57410,88969,11761,42814,7973,77208,938,433,505
57415,88975,11761,42818,7973,77214,938,433,505
57420,88986,11763,42820,7974,77223,938,433,505
57425,88990,11764,42822,7975,77226,938,433,505
57430,89000,11766,42827,7976,77234,938,433,505
57435,89006,11766,42829,7976,77240,938,433,505
57440,89017,11767,42834,7976,77250,938,433,505
57445,89021,11767,42836,7976,77254,938,433,505
57450,89031,11769,42840,7977,77262,938,433,505
57455,89037,11769,42842,7977,77268,938,433,505
57460,89048,11771,42851,7979,77277,938,433,505
57465,89052,11771,42853,7979,77281,938,433,505
57470,89062,11773,42859,7981,77288,938,433,505
57475,89068,11775,42862,7983,77292,938,433,505
57480,89079,11778,42866,7986,77301,939,433,506
57485,89083,11778,42866,7986,77305,939,433,506
57490,89093,11780,42870,7988,77313,939,433,506
57495,89099,11780,42873,7988,77319,939,433,506
57500,89110,11781,42878,7989,77329,940,433,507
57505,89114,11781,42879,7989,77333,940,433,507
57510,89124,11783,42885,7991,77341,940,433,507
57515,89130,11783,42887,7991,77347,940,433,507
57520,89141,11783,42892,7991,77358,941,433,508
57525,89145,11783,42894,7991,77362,941,433,508
57530,89155,11785,42900,7993,77370,941,433,508
57535,89161,11785,42903,7993,77376,941,433,508
57540,89172,11785,42906,7993,77387,942,434,508
57545,89176,11785,42910,7993,77391,942,434,508
57550,89186,11787,42915,7994,77399,942,434,508
57555,89192,11787,42919,7994,77405,942,434,508
57560,89203,11788,42925,7995,77415,942,434,508
57565,89207,11788,42928,7995,77419,942,434,508
57570,89217,11790,42931,7995,77427,942,434,508
57575,89223,11790,42936,7995,77433,942,434,508
57580,89234,11791,42942,7996,77443,942,434,508
57585,89238,11792,42945,7997,77446,942,434,508
57590,89248,11794,42949,7998,77454,942,434,508
57595,89254,11795,42954,7999,77459,942,434,508
57600,89265,11798,42959,8002,77467,942,434,508
57605,89269,11798,42961,8002,77471,942,434,508
57610,89279,11799,42964,8002,77480,942,434,508
57615,89285,11800,42967,8002,77484,942,434,508
57620,89296,11803,42972,8005,77493,942,434,508
57625,89300,11803,42974,8005,77497,942,434,508
57630,89310,11804,42977,8005,77506,942,434,508
57635,89316,11805,42980,8005,77510,942,434,508
57640,89327,11808,42984,8007,77519,942,434,508
57645,89331,11808,42985,8007,77523,942,434,508
57650,89341,11809,42989,8007,77532,942,434,508
57655,89347,11810,42992,8008,77536,942,434,508
57660,89358,11813,42995,8010,77545,942,434,508
57665,89362,11813,42997,8010,77549,942,434,508
57670,89372,11813,43000,8010,77559,942,434,508
57675,89378,11814,43004,8011,77564,942,434,508
57680,89389,11816,43009,8012,77573,942,434,508
57685,89393,11816,43010,8012,77577,942,434,508
57690,89403,11816,43016,8012,77587,942,434,508
57695,89409,11817,43018,8012,77592,942,434,508
57700,89420,11818,43023,8012,77602,942,434,508
57705,89424,11818,43024,8012,77606,942,434,508
57710,89434,11819,43029,8012,77615,942,434,508
57715,89440,11820,43031,8013,77620,942,434,508
57720,89451,11821,43035,8014,77630,943,434,509
57725,89455,11822,43038,8015,77633,943,434,509
57730,89465,11824,43041,8015,77641,943,434,509
57735,89471,11825,43045,8015,77646,943,434,509
57740,89482,11827,43050,8017,77655,943,434,509
57745,89486,11828,43052,8018,77658,943,434,509
57750,89496,11830,43057,8020,77665,943,434,509
57755,89502,11832,43062,8022,77670,943,434,509
57760,89513,11834,43071,8023,77679,943,434,509
57765,89517,11834,43074,8023,77683,943,434,509
57770,89527,11836,43079,8024,77691,943,434,509
57775,89533,11837,43082,8024,77696,943,434,509
57780,89544,11839,43090,8026,77705,943,434,509
57785,89548,11840,43094,8027,77708,943,434,509
57790,89558,11842,43100,8028,77715,943,434,509
57795,89564,11844,43102,8029,77720,943,434,509
57800,89575,11844,43108,8029,77731,943,434,509
57805,89579,11845,43110,8030,77734,943,434,509
57810,89589,11847,43115,8031,77742,943,434,509
57815,89595,11848,43119,8032,77747,943,434,509
57820,89606,11848,43126,8032,77758,943,434,509
57825,89610,11849,43129,8033,77761,943,434,509
57830,89620,11851,43135,8033,77768,943,434,509
57835,89626,11853,43138,8035,77773,943,434,509
57840,89637,11854,43142,8036,77783,944,434,510
57845,89641,11854,43144,8036,77787,944,434,510
57850,89651,11856,43148,8037,77795,944,434,510
57855,89657,11856,43152,8037,77801,944,434,510
57860,89668,11856,43158,8037,77812,944,434,510
57865,89672,11857,43160,8038,77815,944,434,510
57870,89682,11859,43165,8039,77823,944,434,510
57875,89688,11859,43167,8039,77828,944,434,510
57880,89699,11861,43172,8041,77838,944,434,510
57885,89703,11862,43174,8042,77841,944,434,510
57890,89713,11864,43176,8042,77849,944,434,510
57895,89719,11864,43180,8042,77855,944,434,510
57900,89730,11866,43186,8044,77864,944,434,510
57905,89734,11866,43187,8044,77868,944,434,510
57910,89744,11868,43193,8045,77876,944,434,510
57915,89750,11868,43194,8045,77882,944,434,510
57920,89761,11869,43201,8046,77892,944,434,510
57925,89765,11869,43203,8046,77896,944,434,510
57930,89775,11871,43209,8047,77904,944,434,510
57935,89781,11871,43211,8047,77910,944,434,510
57940,89792,11872,43221,8048,77920,944,434,510
57945,89796,11872,43223,8048,77924,944,434,510
57950,89806,11874,43228,8049,77931,944,434,510
57955,89812,11876,43232,8051,77936,944,434,510
57960,89823,11878,43237,8053,77945,945,435,510
57965,89827,11878,43238,8053,77949,945,435,510
57970,89837,11879,43243,8054,77958,945,435,510
57975,89843,11880,43243,8054,77963,945,435,510
57980,89854,11883,43247,8056,77971,945,435,510
57985,89858,11885,43250,8058,77973,945,435,510
57990,89868,11886,43257,8059,77982,945,435,510
57995,89874,11887,43259,8059,77987,945,435,510
58000,89885,11890,43266,8061,77995,945,435,510
58005,89889,11890,43266,8061,77999,945,435,510
58010,89899,11891,43268,8061,78008,945,435,510
58015,89905,11892,43273,8062,78012,945,435,510
58020,89916,11895,43279,8064,78021,945,435,510
58025,89920,11896,43281,8065,78024,945,435,510
58030,89930,11898,43286,8067,78032,945,435,510
58035,89936,11898,43290,8067,78037,945,435,510
58040,89947,11900,43298,8069,78047,945,435,510
58045,89951,11900,43299,8069,78051,945,435,510
58050,89961,11902,43303,8070,78059,945,435,510
58055,89967,11902,43307,8070,78064,945,435,510
58060,89978,11904,43310,8072,78074,945,435,510
58065,89982,11904,43312,8072,78078,945,435,510
58070,89992,11906,43314,8073,78086,945,435,510
58075,89998,11906,43316,8073,78092,945,435,510
58080,90009,11908,43325,8075,78101,946,436,510
58085,90013,11908,43326,8075,78105,946,436,510
58090,90023,11908,43333,8075,78115,946,436,510
58095,90029,11908,43337,8075,78121,946,436,510
58100,90040,11908,43340,8075,78132,946,436,510
58105,90044,11908,43342,8075,78136,946,436,510
58110,90054,11908,43346,8075,78146,946,436,510
58115,90060,11908,43348,8075,78152,946,436,510
58120,90071,11908,43353,8075,78163,946,436,510
58125,90075,11908,43355,8075,78167,946,436,510
58130,90085,11908,43360,8075,78177,946,436,510
58135,90091,11909,43364,8076,78182,946,436,510
58140,90102,11909,43370,8076,78193,946,436,510
58145,90106,11911,43372,8078,78195,946,436,510
58150,90116,11912,43379,8079,78204,946,436,510
58155,90122,11913,43382,8080,78209,946,436,510
58160,90133,11913,43387,8080,78220,946,436,510
58165,90137,11914,43389,8081,78223,946,436,510
58170,90147,11915,43396,8082,78232,946,436,510
58175,90153,11916,43401,8083,78236,946,436,510
58180,90164,11918,43406,8085,78246,946,436,510
58185,90168,11919,43407,8086,78249,946,436,510
58190,90178,11921,43409,8086,78257,946,436,510
58195,90184,11922,43412,8087,78261,946,436,510
58200,90195,11925,43417,8090,78270,947,437,510
58205,90199,11925,43419,8090,78274,947,437,510
58210,90209,11926,43422,8090,78282,947,437,510
58215,90215,11928,43423,8092,78287,947,437,510
58220,90226,11929,43427,8093,78297,947,437,510
58225,90230,11929,43429,8093,78301,947,437,510
58230,90240,11930,43432,8093,78310,947,437,510
58235,90246,11931,43433,8093,78315,947,437,510
58240,90257,11932,43435,8093,78325,947,437,510
58245,90261,11932,43437,8093,78329,947,437,510
58250,90271,11933,43440,8093,78338,947,437,510
58255,90277,11934,43445,8094,78343,947,437,510
58260,90288,11935,43450,8094,78353,947,437,510
58265,90292,11935,43451,8094,78357,947,437,510
58270,90302,11936,43457,8095,78366,947,437,510
58275,90308,11937,43460,8096,78371,947,437,510
58280,90319,11938,43464,8096,78381,947,437,510
58285,90323,11938,43467,8096,78385,947,437,510
58290,90333,11939,43473,8097,78394,947,437,510
58295,90339,11940,43475,8097,78399,947,437,510
58300,90350,11941,43482,8098,78409,947,437,510
58305,90354,11941,43482,8098,78413,947,437,510
58310,90364,11943,43485,8098,78421,947,437,510
58315,90370,11944,43487,8098,78425,947,437,510
58320,90381,11947,43490,8100,78434,947,437,510
58325,90385,11947,43490,8100,78438,947,437,510
58330,90395,11949,43496,8101,78446,947,437,510
58335,90401,11950,43498,8102,78451,947,437,510
58340,90412,11951,43502,8103,78461,947,437,510
58345,90416,11951,43505,8103,78465,947,437,510
58350,90426,11953,43512,8105,78473,947,437,510
58355,90432,11954,43516,8106,78478,947,437,510
58360,90443,11956,43521,8108,78487,947,437,510
58365,90447,11957,43524,8109,78490,947,437,510
58370,90457,11959,43530,8111,78498,947,437,510
58375,90463,11960,43531,8111,78503,947,437,510
58380,90474,11962,43538,8113,78512,948,437,511
58385,90478,11963,43540,8114,78515,948,437,511
58390,90488,11965,43545,8115,78523,948,437,511
58395,90494,11965,43549,8115,78529,948,437,511
58400,90505,11967,43555,8117,78538,949,437,512
58405,90509,11968,43558,8118,78541,949,437,512
58410,90519,11970,43563,8118,78549,949,437,512
58415,90525,11970,43566,8118,78555,949,437,512
58420,90536,11970,43571,8118,78566,950,437,513
58425,90540,11970,43574,8118,78570,950,437,513
58430,90550,11972,43581,8119,78578,950,437,513
58435,90556,11972,43583,8119,78583,950,437,513
58440,90567,11975,43587,8121,78592,951,438,513
58445,90571,11975,43588,8121,78596,951,438,513
58450,90581,11976,43594,8122,78605,951,438,513
58455,90587,11976,43596,8122,78611,951,438,513
58460,90598,11978,43600,8124,78620,951,438,513
58465,90602,11978,43601,8124,78624,951,438,513
58470,90612,11979,43604,8125,78633,951,438,513
58475,90618,11979,43606,8125,78639,951,438,513
58480,90629,11982,43612,8127,78647,951,438,513
58485,90633,11982,43613,8127,78651,951,438,513
58490,90643,11983,43617,8128,78659,951,438,513
58495,90649,11985,43620,8129,78664,951,438,513
58500,90660,11987,43627,8131,78673,951,438,513
58505,90664,11988,43629,8132,78676,951,438,513
58510,90674,11989,43637,8133,78685,951,438,513
58515,90680,11989,43639,8133,78691,951,438,513
58520,90691,11990,43643,8134,78701,951,438,513
58525,90695,11991,43645,8135,78704,951,438,513
58530,90705,11992,43649,8135,78713,951,438,513
58535,90711,11992,43652,8135,78719,951,438,513
58540,90722,11994,43659,8137,78728,951,438,513
58545,90726,11995,43661,8138,78731,951,438,513
58550,90736,11997,43666,8140,78739,951,438,513
58555,90742,11997,43670,8140,78745,951,438,513
58560,90753,11999,43673,8141,78754,952,438,514
58565,90757,11999,43674,8141,78758,952,438,514
58570,90767,12001,43678,8141,78766,952,438,514
58575,90773,12001,43681,8141,78772,952,438,514
58580,90784,12003,43686,8143,78781,952,438,514
58585,90788,12003,43688,8143,78785,952,438,514
58590,90798,12005,43692,8144,78793,952,438,514
58595,90804,12005,43695,8144,78799,952,438,514
58600,90815,12005,43700,8144,78810,952,438,514
58605,90819,12005,43702,8144,78814,952,438,514
58610,90829,12007,43707,8144,78821,952,438,514
58615,90835,12009,43711,8145,78826,952,438,514
58620,90846,12010,43716,8146,78836,952,438,514
58625,90850,12010,43717,8146,78840,952,438,514
58630,90860,12012,43718,8146,78848,952,438,514
58635,90866,12013,43721,8147,78853,952,438,514
58640,90877,12013,43725,8147,78864,952,438,514
58645,90881,12013,43726,8147,78868,952,438,514
58650,90891,12015,43731,8149,78876,952,438,514
58655,90897,12016,43733,8149,78881,952,438,514
58660,90908,12017,43740,8150,78891,952,438,514
58665,90912,12018,43743,8151,78894,952,438,514
58670,90922,12020,43744,8151,78902,952,438,514
58675,90928,12021,43746,8152,78907,952,438,514
58680,90939,12024,43755,8155,78915,952,438,514
58685,90943,12025,43756,8156,78918,952,438,514
58690,90953,12027,43761,8156,78926,952,438,514
58695,90959,12027,43764,8156,78932,952,438,514
58700,90970,12029,43770,8158,78941,952,438,514
58705,90974,12030,43772,8159,78944,952,438,514
58710,90984,12032,43775,8160,78952,952,438,514
58715,90990,12032,43776,8160,78958,952,438,514
58720,91001,12034,43783,8162,78967,952,438,514
58725,91005,12034,43784,8162,78971,952,438,514
58730,91015,12036,43788,8163,78979,952,438,514
58735,91021,12036,43791,8163,78984,952,438,514
58740,91032,12038,43795,8164,78994,952,438,514
58745,91036,12038,43798,8164,78998,952,438,514
58750,91046,12040,43804,8166,79006,952,438,514
58755,91052,12040,43806,8166,79012,952,438,514
58760,91063,12042,43813,8167,79021,952,438,514
58765,91067,12042,43815,8167,79025,952,438,514
58770,91077,12044,43820,8168,79033,952,438,514
58775,91083,12044,43825,8168,79038,952,438,514
58780,91094,12047,43831,8170,79047,952,438,514
58785,91098,12048,43832,8171,79050,952,438,514
58790,91108,12050,43837,8172,79057,952,438,514
58795,91114,12052,43838,8173,79062,952,438,514
58800,91125,12054,43844,8174,79071,953,439,514
58805,91129,12055,43847,8175,79074,953,439,514
58810,91139,12056,43851,8176,79082,953,439,514
58815,91145,12058,43856,8178,79087,953,439,514
58820,91156,12058,43862,8178,79098,954,440,514
58825,91160,12059,43864,8179,79101,954,440,514
58830,91170,12060,43866,8179,79110,954,440,514
58835,91176,12061,43869,8180,79115,954,440,514
58840,91187,12061,43873,8180,79126,955,441,514
58845,91191,12063,43877,8182,79128,955,441,514
58850,91201,12064,43880,8183,79136,955,441,514
58855,91207,12066,43885,8185,79141,955,441,514
58860,91218,12067,43892,8186,79151,956,442,514
58865,91222,12067,43893,8186,79155,956,442,514
58870,91232,12068,43896,8187,79164,956,442,514
58875,91238,12068,43901,8187,79170,956,442,514
58880,91249,12068,43907,8187,79181,956,442,514
58885,91253,12069,43910,8188,79184,956,442,514
58890,91263,12070,43917,8189,79193,956,442,514
58895,91269,12070,43923,8189,79199,956,442,514
58900,91280,12070,43931,8189,79210,956,442,514
58905,91284,12070,43933,8189,79214,956,442,514
58910,91294,12071,43939,8190,79223,956,442,514
58915,91300,12071,43942,8190,79229,956,442,514
58920,91311,12072,43946,8191,79239,956,442,514
58925,91315,12073,43948,8192,79242,956,442,514
58930,91325,12074,43955,8193,79251,956,442,514
58935,91331,12075,43958,8194,79255,956,442,514
58940,91342,12078,43965,8197,79264,956,442,514
58945,91346,12079,43967,8198,79267,956,442,514
58950,91356,12080,43970,8198,79275,956,442,514
58955,91362,12082,43974,8199,79279,956,442,514
58960,91373,12085,43979,8201,79288,956,442,514
58965,91377,12085,43980,8201,79292,956,442,514
58970,91387,12086,43986,8202,79300,956,442,514
58975,91393,12088,43989,8203,79305,956,442,514
58980,91404,12090,43995,8205,79314,957,442,515
58985,91408,12090,43995,8205,79318,957,442,515
58990,91418,12092,44001,8206,79326,957,442,515
58995,91424,12092,44003,8206,79332,957,442,515
59000,91435,12093,44007,8206,79342,958,442,516
59005,91439,12094,44009,8207,79345,958,442,516
59010,91449,12096,44012,8208,79353,958,442,516
59015,91455,12096,44014,8208,79359,958,442,516
59020,91466,12098,44019,8210,79368,959,443,516
59025,91470,12099,44022,8211,79371,959,443,516
59030,91480,12101,44030,8213,79379,959,443,516
59035,91486,12101,44035,8213,79385,959,443,516
59040,91497,12103,44041,8215,79394,960,444,516
59045,91501,12104,44042,8216,79397,960,444,516
59050,91511,12106,44047,8218,79405,960,444,516
59055,91517,12106,44049,8218,79411,960,444,516
59060,91528,12106,44054,8218,79422,960,444,516
59065,91532,12106,44056,8218,79426,960,444,516
59070,91542,12108,44061,8219,79434,960,444,516
59075,91548,12108,44065,8219,79440,960,444,516
59080,91559,12110,44072,8221,79449,960,444,516
59085,91563,12111,44074,8222,79452,960,444,516
59090,91573,12113,44078,8223,79460,960,444,516
59095,91579,12114,44080,8224,79465,960,444,516
59100,91590,12115,44084,8225,79475,960,444,516
59105,91594,12116,44085,8226,79478,960,444,516
59110,91604,12117,44091,8227,79486,960,444,516
59115,91610,12119,44094,8228,79490,960,444,516
59120,91621,12121,44100,8229,79500,960,444,516
59125,91625,12122,44101,8230,79503,960,444,516
59130,91635,12123,44105,8230,79512,960,444,516
59135,91641,12124,44109,8231,79516,960,444,516
59140,91652,12126,44114,8233,79526,960,444,516
59145,91656,12128,44116,8235,79528,960,444,516
59150,91666,12129,44120,8236,79536,960,444,516
59155,91672,12131,44124,8238,79540,960,444,516
59160,91683,12135,44128,8241,79548,961,444,517
59165,91687,12136,44129,8242,79551,961,444,517
59170,91697,12136,44136,8242,79561,961,444,517
59175,91703,12137,44140,8243,79566,961,444,517
59180,91714,12137,44141,8243,79577,962,444,518
59185,91718,12138,44142,8244,79580,962,444,518
59190,91728,12138,44144,8244,79590,962,444,518
59195,91734,12139,44146,8244,79595,962,444,518
59200,91745,12140,44154,8245,79605,963,445,518
59205,91749,12141,44157,8246,79608,963,445,518
59210,91759,12142,44162,8247,79616,963,445,518
59215,91765,12144,44165,8249,79620,963,445,518
59220,91776,12147,44172,8252,79629,964,446,518
59225,91780,12147,44174,8252,79633,964,446,518
59230,91790,12148,44178,8252,79642,964,446,518
59235,91796,12148,44182,8252,79648,964,446,518
59240,91807,12152,44188,8256,79655,964,446,518
59245,91811,12152,44190,8256,79659,964,446,518
59250,91821,12153,44197,8257,79668,964,446,518
59255,91827,12153,44202,8257,79674,964,446,518
59260,91838,12154,44205,8257,79684,964,446,518
59265,91842,12154,44208,8257,79688,964,446,518
59270,91852,12155,44211,8257,79697,964,446,518
59275,91858,12155,44212,8257,79703,964,446,518
59280,91869,12156,44215,8257,79713,964,446,518
59285,91873,12156,44217,8257,79717,964,446,518
59290,91883,12158,44222,8258,79725,964,446,518
59295,91889,12158,44225,8258,79731,964,446,518
59300,91900,12158,44229,8258,79742,964,446,518
59305,91904,12158,44233,8258,79746,964,446,518
59310,91914,12160,44239,8260,79754,964,446,518
59315,91920,12160,44245,8260,79760,964,446,518
59320,91931,12160,44247,8260,79771,964,446,518
59325,91935,12160,44250,8260,79775,964,446,518
59330,91945,12162,44255,8261,79782,964,446,518
59335,91951,12164,44257,8263,79787,964,446,518
59340,91962,12164,44262,8263,79798,965,447,518
59345,91966,12164,44263,8263,79802,965,447,518
59350,91976,12166,44268,8264,79810,965,447,518
59355,91982,12167,44271,8264,79814,965,447,518
59360,91993,12169,44275,8265,79824,965,447,518
59365,91997,12169,44275,8265,79828,965,447,518
59370,92007,12171,44280,8266,79835,965,447,518
59375,92013,12173,44284,8267,79840,965,447,518
59380,92024,12174,44288,8268,79850,965,447,518
59385,92028,12174,44289,8268,79854,965,447,518
59390,92038,12176,44295,8269,79861,965,447,518
59395,92044,12178,44300,8271,79865,965,447,518
59400,92055,12180,44304,8273,79875,965,447,518
59405,92059,12180,44305,8273,79879,965,447,518
59410,92069,12181,44309,8273,79887,965,447,518
59415,92075,12183,44310,8274,79892,965,447,518
59420,92086,12183,44315,8274,79903,965,447,518
59425,92090,12183,44317,8274,79907,965,447,518
59430,92100,12184,44321,8274,79916,965,447,518
59435,92106,12184,44321,8274,79922,965,447,518
59440,92117,12184,44327,8274,79933,965,447,518
59445,92121,12184,44329,8274,79937,965,447,518
59450,92131,12185,44333,8274,79946,965,447,518
59455,92137,12185,44336,8274,79952,965,447,518
59460,92148,12185,44340,8274,79963,965,447,518
59465,92152,12185,44340,8274,79967,965,447,518
59470,92162,12186,44343,8275,79975,965,447,518
59475,92168,12188,44346,8277,79980,965,447,518
59480,92179,12188,44352,8277,79991,965,447,518
59485,92183,12189,44356,8278,79994,965,447,518
59490,92193,12190,44361,8278,80002,965,447,518
59495,92199,12192,44363,8280,80007,965,447,518
59500,92210,12192,44369,8280,80018,965,447,518
59505,92214,12192,44371,8280,80022,965,447,518
59510,92224,12194,44374,8280,80029,965,447,518
59515,92230,12196,44375,8281,80033,965,447,518
59520,92241,12200,44380,8284,80041,965,447,518
59525,92245,12200,44380,8284,80045,965,447,518
59530,92255,12202,44384,8285,80053,965,447,518
59535,92261,12202,44384,8285,80059,965,447,518
59540,92272,12203,44390,8286,80069,965,447,518
59545,92276,12203,44393,8286,80073,965,447,518
59550,92286,12205,44396,8286,80081,965,447,518
59555,92292,12205,44398,8286,80087,965,447,518
59560,92303,12208,44405,8288,80095,965,447,518
59565,92307,12210,44409,8290,80097,965,447,518
59570,92317,12212,44416,8291,80105,965,447,518
59575,92323,12212,44418,8291,80111,965,447,518
59580,92334,12215,44423,8293,80119,966,447,519
59585,92338,12216,44425,8294,80122,966,447,519
59590,92348,12217,44429,8294,80131,966,447,519
59595,92354,12217,44432,8294,80137,966,447,519
59600,92365,12220,44436,8296,80145,967,447,520
59605,92369,12221,44439,8297,80148,967,447,520
59610,92379,12222,44444,8298,80157,967,447,520
59615,92385,12222,44446,8298,80163,967,447,520
59620,92396,12225,44452,8300,80171,968,447,521
59625,92400,12226,44453,8301,80174,968,447,521
59630,92410,12227,44459,8302,80183,968,447,521
59635,92416,12228,44462,8303,80188,968,447,521
59640,92427,12229,44465,8303,80198,969,447,522
59645,92431,12229,44466,8303,80202,969,447,522
59650,92441,12229,44470,8303,80212,969,447,522
59655,92447,12230,44473,8304,80217,969,447,522
59660,92458,12230,44477,8304,80228,969,447,522
59665,92462,12230,44478,8304,80232,969,447,522
59670,92472,12230,44481,8304,80242,969,447,522
59675,92478,12231,44483,8304,80247,969,447,522
59680,92489,12231,44488,8304,80258,969,447,522
59685,92493,12231,44491,8304,80262,969,447,522
59690,92503,12232,44496,8304,80271,969,447,522
59695,92509,12233,44500,8305,80275,969,447,522
59700,92520,12236,44507,8308,80284,969,447,522
59705,92524,12237,44510,8309,80287,969,447,522
59710,92534,12238,44514,8310,80296,969,447,522
59715,92540,12238,44514,8310,80302,969,447,522
59720,92551,12239,44520,8311,80312,969,447,522
59725,92555,12239,44522,8311,80316,969,447,522
59730,92565,12240,44528,8311,80325,969,447,522
59735,92571,12240,44532,8311,80331,969,447,522
59740,92582,12241,44538,8312,80341,969,447,522
59745,92586,12241,44538,8312,80345,969,447,522
59750,92596,12243,44543,8313,80353,969,447,522
59755,92602,12243,44545,8313,80358,969,447,522
59760,92613,12246,44550,8316,80367,970,448,522
59765,92617,12246,44552,8316,80371,970,448,522
59770,92627,12247,44558,8317,80380,970,448,522
59775,92633,12247,44559,8317,80386,970,448,522
59780,92644,12248,44561,8317,80396,970,448,522
59785,92648,12248,44561,8317,80400,970,448,522
59790,92658,12249,44564,8317,80409,970,448,522
59795,92664,12249,44566,8317,80415,970,448,522
59800,92675,12252,44574,8320,80423,970,448,522
59805,92679,12252,44575,8320,80427,970,448,522
59810,92689,12253,44580,8321,80435,970,448,522
59815,92695,12255,44583,8322,80440,970,448,522
59820,92706,12257,44587,8323,80449,970,448,522
59825,92710,12257,44588,8323,80453,970,448,522
59830,92720,12258,44592,8324,80462,970,448,522
59835,92726,12259,44593,8324,80467,970,448,522
59840,92737,12262,44597,8326,80475,970,448,522
59845,92741,12262,44599,8326,80479,970,448,522
59850,92751,12263,44604,8327,80488,970,448,522
59855,92757,12264,44606,8327,80493,970,448,522
59860,92768,12266,44611,8329,80502,970,448,522
59865,92772,12266,44612,8329,80506,970,448,522
59870,92782,12268,44617,8330,80513,970,448,522
59875,92788,12270,44621,8332,80517,970,448,522
59880,92799,12273,44625,8334,80526,970,448,522
59885,92803,12274,44626,8335,80529,970,448,522
59890,92813,12276,44629,8335,80537,970,448,522
59895,92819,12277,44630,8335,80542,970,448,522
59900,92830,12279,44637,8337,80551,971,448,523
59905,92834,12280,44639,8338,80554,971,448,523
59910,92844,12282,44645,8340,80562,971,448,523
59915,92850,12283,44646,8340,80567,971,448,523
59920,92861,12284,44650,8340,80577,972,448,524
59925,92865,12285,44651,8341,80580,972,448,524
59930,92875,12287,44655,8342,80587,972,448,524
59935,92881,12289,44659,8344,80592,972,448,524
59940,92892,12291,44663,8346,80601,973,448,525
59945,92896,12291,44666,8346,80605,973,448,525
59950,92906,12292,44670,8347,80614,973,448,525
59955,92912,12293,44674,8348,80619,973,448,525
59960,92923,12294,44678,8348,80629,974,449,525
59965,92927,12295,44680,8349,80632,974,449,525
59970,92937,12296,44681,8349,80641,974,449,525
59975,92943,12297,44686,8350,80646,974,449,525
59980,92954,12298,44691,8351,80656,975,450,525
59985,92958,12298,44694,8351,80660,975,450,525
59990,92968,12299,44701,8352,80669,975,450,525
59995,92974,12300,44703,8353,80674,975,450,525
60000,92985,12301,44705,8353,80684,976,450,526
60005,92989,12301,44707,8353,80688,976,450,526
60010,92999,12302,44710,8353,80697,976,450,526
60015,93005,12302,44712,8353,80703,976,450,526
60020,93016,12302,44716,8353,80714,976,450,526
60025,93020,12302,44717,8353,80718,976,450,526
60030,93030,12303,44722,8354,80727,976,450,526
60035,93036,12303,44723,8354,80733,976,450,526
60040,93047,12304,44728,8355,80743,976,450,526
60045,93051,12304,44729,8355,80747,976,450,526
60050,93061,12306,44735,8356,80755,976,450,526
60055,93067,12306,44738,8356,80761,976,450,526
60060,93078,12307,44744,8357,80771,976,450,526
60065,93082,12307,44745,8357,80775,976,450,526
60070,93092,12309,44751,8358,80783,976,450,526
60075,93098,12309,44756,8358,80789,976,450,526
60080,93109,12311,44762,8360,80798,976,450,526
60085,93113,12311,44763,8360,80802,976,450,526
60090,93123,12313,44769,8362,80810,976,450,526
60095,93129,12313,44772,8362,80816,976,450,526
60100,93140,12313,44777,8362,80827,976,450,526
60105,93144,12313,44778,8362,80831,976,450,526
60110,93154,12315,44780,8364,80839,976,450,526
60115,93160,12316,44783,8365,80844,976,450,526
60120,93171,12320,44791,8368,80851,977,451,526
60125,93175,12320,44793,8368,80855,977,451,526
60130,93185,12322,44798,8368,80862,977,451,526
60135,93191,12324,44799,8369,80867,977,451,526
60140,93202,12325,44805,8369,80877,977,451,526
60145,93206,12326,44808,8370,80880,977,451,526
60150,93216,12328,44812,8370,80887,977,451,526
60155,93222,12330,44814,8371,80892,977,451,526
60160,93233,12331,44819,8371,80902,977,451,526
60165,93237,12332,44821,8372,80905,977,451,526
60170,93247,12334,44824,8373,80913,977,451,526
60175,93253,12335,44828,8373,80918,977,451,526
60180,93264,12336,44835,8374,80928,977,451,526
60185,93268,12336,44837,8374,80932,977,451,526
60190,93278,12338,44842,8375,80940,977,451,526
60195,93284,12339,44845,8375,80945,977,451,526
60200,93295,12341,44851,8377,80954,977,451,526
60205,93299,12341,44854,8377,80958,977,451,526
60210,93309,12343,44859,8378,80966,977,451,526
60215,93315,12344,44863,8379,80971,977,451,526
60220,93326,12346,44868,8380,80980,977,451,526
60225,93330,12346,44870,8380,80984,977,451,526
60230,93340,12348,44874,8381,80992,977,451,526
60235,93346,12349,44875,8381,80997,977,451,526
60240,93357,12352,44883,8384,81005,978,452,526
60245,93361,12352,44886,8384,81009,978,452,526
60250,93371,12353,44889,8384,81018,978,452,526
60255,93377,12354,44893,8385,81022,978,452,526
60260,93388,12356,44899,8387,81032,979,453,526
60265,93392,12357,44900,8388,81035,979,453,526
60270,93402,12358,44907,8389,81044,979,453,526
60275,93408,12359,44911,8390,81048,979,453,526
60280,93419,12363,44918,8393,81056,980,454,526
60285,93423,12364,44920,8394,81059,980,454,526
60290,93433,12365,44923,8394,81068,980,454,526
60295,93439,12366,44925,8395,81072,980,454,526
60300,93450,12369,44929,8397,81081,981,455,526
60305,93454,12370,44932,8398,81084,981,455,526
60310,93464,12371,44938,8399,81093,981,455,526
60315,93470,12371,44943,8399,81098,981,455,526
60320,93481,12374,44950,8402,81107,981,455,526
60325,93485,12375,44953,8403,81110,981,455,526
60330,93495,12376,44957,8404,81119,981,455,526
60335,93501,12376,44959,8404,81124,981,455,526
60340,93512,12380,44967,8408,81132,981,455,526
60345,93516,12381,44969,8409,81135,981,455,526
60350,93526,12383,44973,8410,81143,981,455,526
60355,93532,12383,44977,8410,81148,981,455,526
60360,93543,12387,44985,8414,81156,981,455,526
60365,93547,12387,44988,8414,81160,981,455,526
60370,93557,12389,44994,8416,81168,981,455,526
60375,93563,12389,44997,8416,81174,981,455,526
60380,93574,12391,45002,8418,81183,981,455,526
60385,93578,12391,45005,8418,81187,981,455,526
60390,93588,12393,45009,8419,81195,981,455,526
60395,93594,12393,45013,8419,81201,981,455,526
60400,93605,12396,45019,8422,81209,981,455,526
60405,93609,12396,45020,8422,81213,981,455,526
60410,93619,12398,45025,8422,81221,981,455,526
60415,93625,12399,45028,8423,81226,981,455,526
60420,93636,12401,45033,8425,81235,982,456,526
60425,93640,12401,45034,8425,81239,982,456,526
60430,93650,12402,45037,8425,81247,982,456,526
60435,93656,12404,45039,8426,81252,982,456,526
60440,93667,12405,45045,8427,81262,983,456,527
60445,93671,12405,45048,8427,81266,983,456,527
60450,93681,12406,45053,8427,81274,983,456,527
60455,93687,12408,45058,8429,81279,983,456,527
60460,93698,12408,45063,8429,81290,984,457,527
60465,93702,12408,45065,8429,81294,984,457,527
60470,93712,12409,45070,8429,81302,984,457,527
60475,93718,12411,45072,8431,81307,984,457,527
60480,93729,12412,45078,8432,81317,985,457,528
60485,93733,12413,45081,8433,81320,985,457,528
60490,93743,12414,45085,8434,81328,985,457,528
60495,93749,12416,45089,8436,81332,985,457,528
60500,93760,12418,45095,8438,81342,985,457,528
60505,93764,12419,45097,8439,81345,985,457,528
60510,93774,12420,45101,8439,81353,985,457,528
60515,93780,12422,45103,8441,81357,985,457,528
60520,93791,12424,45107,8442,81367,985,457,528
60525,93795,12426,45110,8444,81369,985,457,528
60530,93805,12427,45117,8444,81377,985,457,528
60535,93811,12429,45120,8445,81382,985,457,528
60540,93822,12430,45126,8446,81392,985,457,528
60545,93826,12431,45128,8447,81395,985,457,528
60550,93836,12432,45132,8448,81404,985,457,528
60555,93842,12432,45134,8448,81410,985,457,528
60560,93853,12433,45136,8448,81420,985,457,528
60565,93857,12434,45137,8449,81423,985,457,528
60570,93867,12435,45142,8449,81432,985,457,528
60575,93873,12435,45147,8449,81437,985,457,528
60580,93884,12437,45155,8451,81447,985,457,528
60585,93888,12437,45157,8451,81451,985,457,528
60590,93898,12439,45165,8453,81459,985,457,528
60595,93904,12439,45170,8453,81464,985,457,528
60600,93915,12443,45173,8456,81472,986,457,529
60605,93919,12443,45173,8456,81476,986,457,529
60610,93929,12444,45180,8457,81484,986,457,529
60615,93935,12446,45184,8459,81489,986,457,529
60620,93946,12448,45189,8460,81498,986,457,529
60625,93950,12448,45191,8460,81502,986,457,529
60630,93960,12449,45195,8460,81510,986,457,529
60635,93966,12451,45198,8462,81515,986,457,529
60640,93977,12453,45204,8464,81524,986,457,529
60645,93981,12454,45206,8465,81527,986,457,529
60650,93991,12455,45211,8466,81535,986,457,529
60655,93997,12457,45214,8468,81540,986,457,529
60660,94008,12460,45221,8471,81548,986,457,529
60665,94012,12460,45223,8471,81552,986,457,529
60670,94022,12462,45227,8472,81560,986,457,529
60675,94028,12462,45230,8472,81566,986,457,529
60680,94039,12465,45237,8474,81574,986,457,529
60685,94043,12466,45239,8475,81577,986,457,529
60690,94053,12468,45242,8475,81585,986,457,529
60695,94059,12468,45243,8475,81590,986,457,529
60700,94070,12472,45250,8478,81598,986,457,529
60705,94074,12473,45252,8479,81601,986,457,529
60710,94084,12475,45258,8480,81609,986,457,529
60715,94090,12475,45260,8480,81615,986,457,529
60720,94101,12477,45267,8482,81624,987,458,529
60725,94105,12477,45270,8482,81628,987,458,529
60730,94115,12478,45275,8483,81637,987,458,529
60735,94121,12478,45278,8483,81643,987,458,529
60740,94132,12478,45283,8483,81654,988,458,530
60745,94136,12478,45284,8483,81658,988,458,530
60750,94146,12479,45289,8484,81667,988,458,530
60755,94152,12479,45293,8484,81673,988,458,530
60760,94163,12480,45297,8485,81683,989,458,531
60765,94167,12480,45301,8485,81687,989,458,531
60770,94177,12481,45304,8486,81696,989,458,531
60775,94183,12482,45307,8487,81701,989,458,531
60780,94194,12483,45314,8488,81711,990,459,531
60785,94198,12483,45315,8488,81715,990,459,531
60790,94208,12484,45319,8489,81724,990,459,531
60795,94214,12485,45321,8490,81729,990,459,531
60800,94225,12487,45327,8492,81738,990,459,531
60805,94229,12488,45328,8493,81741,990,459,531
60810,94239,12489,45333,8494,81750,990,459,531
60815,94245,12490,45335,8494,81755,990,459,531
60820,94256,12491,45341,8495,81765,990,459,531
60825,94260,12492,45343,8496,81768,990,459,531
60830,94270,12494,45351,8498,81775,990,459,531
60835,94276,12496,45354,8500,81780,990,459,531
60840,94287,12498,45357,8501,81789,990,459,531
60845,94291,12499,45359,8502,81792,990,459,531
60850,94301,12500,45365,8503,81801,990,459,531
60855,94307,12500,45368,8503,81807,990,459,531
60860,94318,12502,45376,8505,81816,990,459,531
60865,94322,12502,45378,8505,81820,990,459,531
60870,94332,12503,45383,8505,81829,990,459,531
60875,94338,12503,45388,8505,81834,990,459,531
60880,94349,12506,45393,8508,81843,990,459,531
60885,94353,12506,45394,8508,81847,990,459,531
60890,94363,12507,45400,8508,81856,990,459,531
60895,94369,12507,45402,8508,81862,990,459,531
60900,94380,12508,45406,8508,81872,990,459,531
60905,94384,12508,45408,8508,81876,990,459,531
60910,94394,12509,45413,8508,81885,990,459,531
60915,94400,12509,45418,8508,81891,990,459,531
60920,94411,12511,45422,8509,81900,990,459,531
60925,94415,12511,45424,8509,81904,990,459,531
60930,94425,12512,45429,8509,81913,990,459,531
60935,94431,12512,45432,8509,81918,990,459,531
60940,94442,12514,45436,8510,81928,990,459,531
60945,94446,12514,45439,8510,81932,990,459,531
60950,94456,12516,45448,8512,81939,990,459,531
60955,94462,12518,45452,8514,81943,990,459,531
60960,94473,12523,45457,8518,81950,991,459,532
60965,94477,12524,45460,8519,81953,991,459,532
60970,94487,12526,45463,8519,81960,991,459,532
60975,94493,12528,45468,8521,81965,991,459,532
60980,94504,12529,45469,8521,81975,992,459,533
60985,94508,12529,45472,8521,81979,992,459,533
60990,94518,12531,45473,8521,81986,992,459,533
60995,94524,12533,45476,8522,81991,992,459,533
61000,94535,12534,45484,8523,82001,993,460,533
61005,94539,12534,45487,8523,82005,993,460,533
61010,94549,12536,45491,8525,82013,993,460,533
61015,94555,12537,45493,8526,82018,993,460,533
61020,94566,12538,45500,8526,82028,994,460,534
61025,94570,12538,45500,8526,82032,994,460,534
61030,94580,12540,45505,8527,82039,994,460,534
61035,94586,12542,45508,8529,82044,994,460,534
61040,94597,12543,45516,8529,82054,994,460,534
61045,94601,12544,45519,8530,82057,994,460,534
61050,94611,12546,45523,8531,82064,994,460,534
61055,94617,12548,45527,8532,82069,994,460,534
61060,94628,12549,45528,8532,82079,994,460,534
61065,94632,12550,45529,8533,82082,994,460,534
61070,94642,12552,45534,8534,82090,994,460,534
61075,94648,12553,45539,8535,82095,994,460,534
61080,94659,12555,45544,8536,82104,994,460,534
61085,94663,12557,45548,8538,82106,994,460,534
61090,94673,12559,45551,8540,82114,994,460,534
61095,94679,12559,45554,8540,82120,994,460,534
61100,94690,12560,45560,8541,82130,994,460,534
61105,94694,12560,45561,8541,82134,994,460,534
61110,94704,12562,45566,8541,82142,994,460,534
61115,94710,12562,45568,8541,82148,994,460,534
61120,94721,12562,45572,8541,82159,994,460,534
61125,94725,12563,45574,8542,82162,994,460,534
61130,94735,12565,45579,8543,82170,994,460,534
61135,94741,12565,45582,8543,82175,994,460,534
61140,94752,12568,45589,8546,82184,995,461,534
61145,94756,12569,45592,8547,82187,995,461,534
61150,94766,12570,45597,8548,82196,995,461,534
61155,94772,12570,45599,8548,82202,995,461,534
61160,94783,12572,45604,8550,82211,995,461,534
61165,94787,12573,45606,8551,82214,995,461,534
61170,94797,12574,45613,8552,82223,995,461,534
61175,94803,12574,45617,8552,82228,995,461,534
61180,94814,12576,45621,8553,82238,995,461,534
61185,94818,12576,45623,8553,82242,995,461,534
61190,94828,12577,45630,8554,82250,995,461,534
61195,94834,12579,45634,8556,82254,995,461,534
61200,94845,12582,45641,8559,82263,995,461,534
61205,94849,12582,45643,8559,82267,995,461,534
61210,94859,12583,45645,8559,82276,995,461,534
61215,94865,12583,45648,8559,82282,995,461,534
61220,94876,12583,45653,8559,82293,995,461,534
61225,94880,12583,45654,8559,82297,995,461,534
61230,94890,12584,45658,8560,82306,995,461,534
61235,94896,12584,45664,8560,82311,995,461,534
61240,94907,12586,45669,8562,82321,995,461,534
61245,94911,12586,45672,8562,82325,995,461,534
61250,94921,12588,45679,8563,82333,995,461,534
61255,94927,12588,45681,8563,82339,995,461,534
61260,94938,12591,45687,8566,82347,996,461,535
61265,94942,12592,45690,8567,82350,996,461,535
61270,94952,12594,45696,8569,82358,996,461,535
61275,94958,12594,45699,8569,82364,996,461,535
61280,94969,12597,45706,8572,82372,997,461,536
61285,94973,12597,45708,8572,82376,997,461,536
61290,94983,12599,45714,8574,82384,997,461,536
61295,94989,12599,45720,8574,82390,997,461,536
61300,95000,12602,45726,8577,82398,998,462,536
61305,95004,12603,45728,8578,82401,998,462,536
61310,95014,12605,45732,8579,82409,998,462,536
61315,95020,12606,45735,8579,82414,998,462,536
61320,95031,12607,45737,8580,82424,999,462,537
61325,95035,12608,45739,8581,82427,999,462,537
61330,95045,12610,45746,8583,82434,999,462,537
61335,95051,12612,45750,8585,82439,999,462,537
61340,95062,12613,45757,8586,82449,999,462,537
61345,95066,12613,45758,8586,82453,999,462,537
61350,95076,12615,45766,8587,82460,999,462,537
61355,95082,12617,45768,8588,82465,999,462,537
61360,95093,12619,45774,8590,82474,999,462,537
61365,95097,12619,45775,8590,82478,999,462,537
61370,95107,12621,45780,8591,82486,999,462,537
61375,95113,12622,45785,8592,82490,999,462,537
61380,95124,12624,45789,8593,82500,999,462,537
61385,95128,12624,45791,8593,82504,999,462,537
61390,95138,12625,45794,8593,82513,999,462,537
61395,95144,12625,45797,8593,82519,999,462,537
61400,95155,12626,45802,8594,82529,999,462,537
61405,95159,12626,45804,8594,82533,999,462,537
61410,95169,12627,45809,8594,82542,999,462,537
61415,95175,12627,45811,8594,82548,999,462,537
61420,95186,12628,45815,8595,82558,999,462,537
61425,95190,12629,45816,8596,82561,999,462,537
61430,95200,12630,45818,8596,82570,999,462,537
61435,95206,12630,45820,8596,82575,999,462,537
61440,95217,12632,45826,8597,82585,1000,463,537
61445,95221,12632,45827,8597,82589,1000,463,537
61450,95231,12632,45830,8597,82599,1000,463,537
61455,95237,12632,45832,8597,82605,1000,463,537
61460,95248,12632,45837,8597,82616,1001,464,537
61465,95252,12632,45838,8597,82620,1001,464,537
61470,95262,12632,45847,8597,82630,1001,464,537
61475,95268,12632,45850,8597,82636,1001,464,537
61480,95279,12632,45854,8597,82647,1001,464,537
61485,95283,12632,45856,8597,82651,1001,464,537
61490,95293,12632,45863,8597,82660,1001,464,537
61495,95299,12634,45867,8599,82665,1001,464,537
61500,95310,12635,45875,8600,82675,1001,464,537
61505,95314,12636,45878,8601,82678,1001,464,537
61510,95324,12637,45881,8602,82686,1001,464,537
61515,95330,12639,45883,8603,82691,1001,464,537
61520,95341,12640,45888,8603,82701,1001,464,537
61525,95345,12640,45889,8603,82705,1001,464,537
61530,95355,12641,45892,8604,82714,1001,464,537
61535,95361,12642,45895,8604,82719,1001,464,537
61540,95372,12643,45898,8604,82729,1001,464,537
61545,95376,12643,45899,8604,82733,1001,464,537
61550,95386,12645,45905,8606,82740,1001,464,537
61555,95392,12647,45907,8607,82745,1001,464,537
61560,95403,12649,45914,8609,82754,1001,464,537
61565,95407,12651,45917,8611,82756,1001,464,537
61570,95417,12653,45921,8611,82764,1001,464,537
61575,95423,12654,45923,8611,82769,1001,464,537
61580,95434,12657,45930,8614,82777,1002,464,538
61585,95438,12658,45933,8615,82780,1002,464,538
61590,95448,12660,45937,8615,82788,1002,464,538
61595,95454,12661,45939,8615,82793,1002,464,538
61600,95465,12664,45948,8617,82801,1003,465,538
61605,95469,12666,45952,8619,82803,1003,465,538
61610,95479,12668,45959,8621,82811,1003,465,538
61615,95485,12669,45963,8622,82816,1003,465,538
61620,95496,12671,45967,8624,82825,1004,465,539
61625,95500,12671,45969,8624,82829,1004,465,539
61630,95510,12672,45973,8624,82838,1004,465,539
61635,95516,12672,45977,8624,82843,1004,465,539
61640,95527,12673,45981,8625,82854,1004,465,539
61645,95531,12673,45983,8625,82858,1004,465,539
61650,95541,12674,45987,8625,82867,1004,465,539
61655,95547,12674,45990,8625,82872,1004,465,539
61660,95558,12675,45995,8626,82883,1004,465,539
61665,95562,12675,45997,8626,82887,1004,465,539
61670,95572,12676,46003,8627,82896,1004,465,539
61675,95578,12676,46006,8627,82902,1004,465,539
61680,95589,12676,46011,8627,82913,1004,465,539
61685,95593,12676,46013,8627,82917,1004,465,539
61690,95603,12677,46019,8628,82926,1004,465,539
61695,95609,12677,46022,8628,82932,1004,465,539
61700,95620,12678,46028,8629,82942,1004,465,539
61705,95624,12678,46031,8629,82946,1004,465,539
61710,95634,12679,46036,8630,82955,1004,465,539
61715,95640,12679,46036,8630,82961,1004,465,539
61720,95651,12680,46043,8631,82971,1004,465,539
61725,95655,12680,46046,8631,82975,1004,465,539
61730,95665,12682,46050,8632,82983,1004,465,539
61735,95671,12683,46055,8633,82988,1004,465,539
61740,95682,12686,46063,8635,82996,1005,465,540
61745,95686,12686,46065,8635,83000,1005,465,540
61750,95696,12688,46069,8635,83007,1005,465,540
61755,95702,12690,46072,8637,83012,1005,465,540
61760,95713,12692,46078,8639,83021,1005,465,540
61765,95717,12692,46081,8639,83025,1005,465,540
61770,95727,12694,46085,8640,83033,1005,465,540
61775,95733,12695,46088,8641,83038,1005,465,540
61780,95744,12697,46093,8642,83047,1005,465,540
61785,95748,12698,46095,8643,83050,1005,465,540
61790,95758,12700,46100,8645,83058,1005,465,540
61795,95764,12701,46104,8646,83062,1005,465,540
61800,95775,12704,46112,8649,83071,1005,465,540
61805,95779,12706,46115,8651,83073,1005,465,540
61810,95789,12707,46118,8652,83082,1005,465,540
61815,95795,12708,46121,8652,83087,1005,465,540
61820,95806,12710,46128,8653,83096,1005,465,540
61825,95810,12711,46130,8654,83099,1005,465,540
61830,95820,12712,46136,8654,83108,1005,465,540
61835,95826,12713,46140,8655,83112,1005,465,540
61840,95837,12716,46146,8658,83121,1005,465,540
61845,95841,12716,46147,8658,83125,1005,465,540
61850,95851,12717,46153,8659,83133,1005,465,540
61855,95857,12719,46157,8661,83137,1005,465,540
61860,95868,12722,46160,8663,83146,1006,465,541
61865,95872,12722,46162,8663,83150,1006,465,541
61870,95882,12722,46167,8663,83160,1006,465,541
61875,95888,12722,46171,8663,83166,1006,465,541
61880,95899,12722,46176,8663,83177,1007,465,542
61885,95903,12722,46180,8663,83181,1007,465,542
61890,95913,12722,46186,8663,83191,1007,465,542
61895,95919,12722,46189,8663,83197,1007,465,542
61900,95930,12722,46193,8663,83208,1007,465,542
61905,95934,12722,46195,8663,83212,1007,465,542
61910,95944,12723,46200,8663,83221,1007,465,542
61915,95950,12723,46201,8663,83227,1007,465,542
61920,95961,12724,46206,8664,83237,1007,465,542
61925,95965,12724,46208,8664,83241,1007,465,542
61930,95975,12725,46214,8664,83250,1007,465,542
61935,95981,12725,46216,8664,83256,1007,465,542
61940,95992,12725,46219,8664,83267,1007,465,542
61945,95996,12725,46220,8664,83271,1007,465,542
61950,96006,12726,46224,8664,83280,1007,465,542
61955,96012,12726,46226,8664,83286,1007,465,542
61960,96023,12727,46232,8665,83296,1007,465,542
61965,96027,12727,46233,8665,83300,1007,465,542
61970,96037,12729,46235,8667,83308,1007,465,542
61975,96043,12730,46237,8667,83313,1007,465,542
61980,96054,12733,46245,8670,83321,1007,465,542
61985,96058,12734,46246,8671,83324,1007,465,542
61990,96068,12736,46253,8672,83332,1007,465,542
61995,96074,12737,46254,8672,83337,1007,465,542
62000,96085,12738,46259,8672,83347,1008,466,542
62005,96089,12739,46261,8673,83350,1008,466,542
62010,96099,12741,46269,8675,83357,1008,466,542
62015,96105,12743,46271,8677,83361,1008,466,542
62020,96116,12745,46278,8679,83371,1009,467,542
62025,96120,12745,46279,8679,83375,1009,467,542
62030,96130,12747,46284,8679,83383,1009,467,542
62035,96136,12748,46286,8680,83388,1009,467,542
62040,96147,12749,46291,8680,83398,1010,468,542
62045,96151,12749,46292,8680,83402,1010,468,542
62050,96161,12751,46295,8681,83410,1010,468,542
62055,96167,12752,46299,8681,83414,1010,468,542
62060,96178,12755,46305,8683,83423,1010,468,542
62065,96182,12757,46307,8685,83425,1010,468,542
62070,96192,12759,46312,8686,83433,1010,468,542
62075,96198,12760,46317,8687,83438,1010,468,542
62080,96209,12762,46320,8688,83447,1010,468,542
62085,96213,12762,46322,8688,83451,1010,468,542
62090,96223,12764,46328,8688,83458,1010,468,542
62095,96229,12766,46330,8689,83463,1010,468,542
62100,96240,12767,46332,8689,83473,1010,468,542
62105,96244,12767,46334,8689,83477,1010,468,542
62110,96254,12768,46339,8690,83486,1010,468,542
62115,96260,12768,46342,8690,83492,1010,468,542
62120,96271,12769,46347,8691,83502,1010,468,542
62125,96275,12770,46349,8692,83505,1010,468,542
62130,96285,12771,46351,8692,83514,1010,468,542
62135,96291,12771,46353,8692,83520,1010,468,542
62140,96302,12773,46358,8693,83529,1010,468,542
62145,96306,12774,46361,8694,83532,1010,468,542
62150,96316,12775,46365,8694,83541,1010,468,542
62155,96322,12775,46368,8694,83546,1010,468,542
62160,96333,12778,46374,8697,83555,1010,468,542
62165,96337,12780,46377,8699,83557,1010,468,542
62170,96347,12781,46380,8699,83566,1010,468,542
62175,96353,12781,46383,8699,83571,1010,468,542
62180,96364,12784,46388,8701,83580,1010,468,542
62185,96368,12785,46390,8702,83583,1010,468,542
62190,96378,12786,46394,8702,83592,1010,468,542
62195,96384,12786,46396,8702,83597,1010,468,542
62200,96395,12790,46401,8706,83605,1010,468,542
62205,96399,12791,46404,8707,83608,1010,468,542
62210,96409,12792,46407,8708,83617,1010,468,542
62215,96415,12793,46410,8709,83622,1010,468,542
62220,96426,12796,46417,8712,83630,1010,468,542
62225,96430,12797,46418,8713,83633,1010,468,542
62230,96440,12797,46424,8713,83643,1010,468,542
62235,96446,12798,46426,8713,83648,1010,468,542
62240,96457,12798,46435,8713,83659,1010,468,542
62245,96461,12798,46438,8713,83663,1010,468,542
62250,96471,12798,46443,8713,83673,1010,468,542
62255,96477,12799,46444,8713,83678,1010,468,542
62260,96488,12799,46449,8713,83689,1010,468,542
62265,96492,12799,46452,8713,83693,1010,468,542
62270,96502,12800,46457,8713,83701,1010,468,542
62275,96508,12802,46459,8715,83705,1010,468,542
62280,96519,12804,46465,8717,83715,1010,468,542
62285,96523,12806,46468,8719,83717,1010,468,542
62290,96533,12808,46471,8719,83725,1010,468,542
62295,96539,12809,46475,8719,83730,1010,468,542
62300,96550,12811,46481,8721,83739,1011,468,543
62305,96554,12812,46484,8722,83742,1011,468,543
62310,96564,12814,46488,8724,83750,1011,468,543
62315,96570,12815,46492,8724,83755,1011,468,543
62320,96581,12816,46498,8725,83765,1012,469,543
62325,96585,12817,46500,8726,83768,1012,469,543
62330,96595,12819,46505,8727,83776,1012,469,543
62335,96601,12820,46507,8728,83781,1012,469,543
62340,96612,12822,46516,8730,83790,1013,470,543
62345,96616,12822,46518,8730,83794,1013,470,543
62350,96626,12823,46522,8730,83803,1013,470,543
62355,96632,12823,46525,8730,83809,1013,470,543
62360,96643,12824,46532,8731,83819,1013,470,543
62365,96647,12824,46534,8731,83823,1013,470,543
62370,96657,12825,46540,8732,83832,1013,470,543
62375,96663,12825,46545,8732,83838,1013,470,543
62380,96674,12826,46550,8732,83848,1013,470,543
62385,96678,12826,46553,8732,83852,1013,470,543
62390,96688,12827,46560,8733,83861,1013,470,543
62395,96694,12827,46565,8733,83867,1013,470,543
62400,96705,12828,46571,8734,83877,1013,470,543
62405,96709,12828,46572,8734,83881,1013,470,543
62410,96719,12829,46577,8734,83890,1013,470,543
62415,96725,12829,46582,8734,83896,1013,470,543
62420,96736,12831,46586,8735,83905,1013,470,543
62425,96740,12831,46586,8735,83909,1013,470,543
62430,96750,12832,46590,8735,83918,1013,470,543
62435,96756,12832,46592,8735,83923,1013,470,543
62440,96767,12835,46595,8737,83932,1013,470,543
62445,96771,12835,46596,8737,83936,1013,470,543
62450,96781,12837,46599,8738,83944,1013,470,543
62455,96787,12838,46601,8738,83949,1013,470,543
62460,96798,12839,46605,8739,83959,1014,470,544
62465,96802,12840,46607,8740,83962,1014,470,544
62470,96812,12842,46613,8741,83970,1014,470,544
62475,96818,12842,46616,8741,83976,1014,470,544
62480,96829,12843,46620,8741,83986,1015,471,544
62485,96833,12845,46622,8743,83988,1015,471,544
62490,96843,12847,46627,8745,83996,1015,471,544
62495,96849,12847,46630,8745,84002,1015,471,544
62500,96860,12849,46633,8746,84011,1016,472,544
62505,96864,12850,46635,8747,84014,1016,472,544
62510,96874,12852,46641,8748,84022,1016,472,544
62515,96880,12852,46644,8748,84028,1016,472,544
62520,96891,12855,46651,8750,84036,1016,472,544
62525,96895,12855,46653,8750,84040,1016,472,544
62530,96905,12855,46658,8750,84050,1016,472,544
62535,96911,12855,46661,8750,84056,1016,472,544
62540,96922,12858,46670,8752,84064,1016,472,544
62545,96926,12858,46673,8752,84068,1016,472,544
62550,96936,12858,46679,8752,84078,1016,472,544
62555,96942,12858,46681,8752,84084,1016,472,544
62560,96953,12860,46687,8754,84093,1016,472,544
62565,96957,12860,46688,8754,84097,1016,472,544
62570,96967,12860,46696,8754,84107,1016,472,544
62575,96973,12861,46700,8755,84112,1016,472,544
62580,96984,12864,46705,8758,84120,1016,472,544
62585,96988,12864,46707,8758,84124,1016,472,544
62590,96998,12864,46711,8758,84134,1016,472,544
62595,97004,12864,46714,8758,84140,1016,472,544
62600,97015,12864,46718,8758,84151,1016,472,544
62605,97019,12864,46721,8758,84155,1016,472,544
62610,97029,12864,46725,8758,84165,1016,472,544
62615,97035,12864,46728,8758,84171,1016,472,544
62620,97046,12864,46732,8758,84182,1017,472,545
62625,97050,12864,46733,8758,84186,1017,472,545
62630,97060,12866,46741,8759,84194,1017,472,545
62635,97066,12866,46743,8759,84200,1017,472,545
62640,97077,12866,46750,8759,84211,1018,473,545
62645,97081,12867,46753,8760,84214,1018,473,545
62650,97091,12869,46755,8760,84222,1018,473,545
62655,97097,12869,46759,8760,84228,1018,473,545
62660,97108,12871,46765,8761,84237,1019,474,545
62665,97112,12871,46768,8761,84241,1019,474,545
62670,97122,12873,46771,8762,84249,1019,474,545
62675,97128,12873,46776,8762,84254,1019,474,545
62680,97139,12875,46780,8764,84264,1020,474,546
62685,97143,12875,46782,8764,84268,1020,474,546
62690,97153,12877,46787,8765,84276,1020,474,546
62695,97159,12878,46791,8766,84280,1020,474,546
62700,97170,12881,46795,8769,84289,1021,474,547
62705,97174,12882,46799,8770,84292,1021,474,547
62710,97184,12883,46803,8770,84300,1021,474,547
62715,97190,12885,46804,8771,84305,1021,474,547
62720,97201,12886,46809,8772,84315,1021,474,547
62725,97205,12886,46811,8772,84319,1021,474,547
62730,97215,12887,46818,8773,84327,1021,474,547
62735,97221,12889,46821,8774,84332,1021,474,547
62740,97232,12890,46826,8775,84342,1021,474,547
62745,97236,12891,46830,8776,84345,1021,474,547
62750,97246,12892,46835,8777,84354,1021,474,547
62755,97252,12893,46836,8777,84359,1021,474,547
62760,97263,12894,46842,8778,84369,1021,474,547
62765,97267,12895,46843,8779,84372,1021,474,547
62770,97277,12897,46847,8779,84380,1021,474,547
62775,97283,12897,46851,8779,84386,1021,474,547
62780,97294,12898,46856,8779,84396,1022,475,547
62785,97298,12898,46858,8779,84400,1022,475,547
62790,97308,12900,46861,8780,84408,1022,475,547
62795,97314,12900,46863,8780,84413,1022,475,547
62800,97325,12904,46869,8783,84421,1023,475,548
62805,97329,12905,46872,8784,84424,1023,475,548
62810,97339,12907,46877,8784,84432,1023,475,548
62815,97345,12907,46880,8784,84437,1023,475,548
62820,97356,12910,46886,8786,84446,1024,475,549
62825,97360,12911,46889,8787,84449,1024,475,549
62830,97370,12912,46895,8788,84458,1024,475,549
62835,97376,12912,46901,8788,84463,1024,475,549
62840,97387,12913,46907,8789,84474,1024,475,549
62845,97391,12914,46911,8790,84477,1024,475,549
62850,97401,12915,46918,8790,84486,1024,475,549
62855,97407,12915,46923,8790,84491,1024,475,549
62860,97418,12916,46928,8791,84502,1024,475,549
62865,97422,12917,46930,8792,84505,1024,475,549
62870,97432,12918,46934,8793,84513,1024,475,549
62875,97438,12920,46936,8794,84517,1024,475,549
62880,97449,12923,46942,8797,84526,1024,475,549
62885,97453,12923,46943,8797,84530,1024,475,549
62890,97463,12923,46949,8797,84540,1024,475,549
62895,97469,12924,46952,8798,84545,1024,475,549
62900,97480,12924,46958,8798,84556,1024,475,549
62905,97484,12924,46959,8798,84560,1024,475,549
62910,97494,12924,46965,8798,84570,1024,475,549
62915,97500,12925,46968,8798,84575,1024,475,549
62920,97511,12926,46976,8799,84585,1024,475,549
62925,97515,12926,46977,8799,84589,1024,475,549
62930,97525,12926,46980,8799,84598,1024,475,549
62935,97531,12928,46981,8801,84603,1024,475,549
62940,97542,12930,46985,8802,84612,1025,475,550
62945,97546,12930,46987,8802,84616,1025,475,550
62950,97556,12930,46990,8802,84626,1025,475,550
62955,97562,12930,46994,8802,84632,1025,475,550
62960,97573,12932,47000,8803,84641,1026,475,551
62965,97577,12932,47004,8803,84645,1026,475,551
62970,97587,12932,47008,8803,84655,1026,475,551
62975,97593,12932,47009,8803,84661,1026,475,551
62980,97604,12935,47014,8805,84669,1027,475,552
62985,97608,12935,47016,8805,84673,1027,475,552
62990,97618,12935,47019,8805,84683,1027,475,552
62995,97624,12935,47023,8805,84689,1027,475,552
63000,97635,12936,47027,8805,84699,1028,476,552
63005,97639,12937,47030,8806,84702,1028,476,552
63010,97649,12938,47036,8807,84711,1028,476,552
63015,97655,12938,47039,8807,84717,1028,476,552
63020,97666,12939,47044,8808,84727,1028,476,552
63025,97670,12939,47045,8808,84731,1028,476,552
63030,97680,12939,47051,8808,84741,1028,476,552
63035,97686,12939,47054,8808,84747,1028,476,552
63040,97697,12940,47060,8808,84757,1028,476,552
63045,97701,12940,47061,8808,84761,1028,476,552
63050,97711,12940,47067,8808,84771,1028,476,552
63055,97717,12941,47069,8808,84776,1028,476,552
63060,97728,12943,47072,8809,84785,1028,476,552
63065,97732,12944,47073,8810,84788,1028,476,552
63070,97742,12945,47077,8810,84796,1028,476,552
63075,97748,12947,47080,8811,84800,1028,476,552
63080,97759,12950,47083,8813,84809,1028,476,552
63085,97763,12951,47086,8814,84812,1028,476,552
63090,97773,12952,47090,8815,84821,1028,476,552
63095,97779,12953,47092,8815,84825,1028,476,552
63100,97790,12957,47096,8818,84833,1028,476,552
63105,97794,12957,47097,8818,84837,1028,476,552
63110,97804,12958,47101,8818,84846,1028,476,552
63115,97810,12959,47104,8819,84850,1028,476,552
63120,97821,12963,47109,8822,84858,1029,476,553
63125,97825,12964,47112,8823,84861,1029,476,553
63130,97835,12964,47118,8823,84871,1029,476,553
63135,97841,12964,47123,8823,84877,1029,476,553
63140,97852,12964,47127,8823,84888,1030,477,553
63145,97856,12964,47129,8823,84892,1030,477,553
63150,97866,12964,47134,8823,84902,1030,477,553
63155,97872,12964,47139,8823,84908,1030,477,553
63160,97883,12964,47144,8823,84919,1030,477,553
63165,97887,12964,47148,8823,84923,1030,477,553
63170,97897,12964,47157,8823,84933,1030,477,553
63175,97903,12964,47159,8823,84939,1030,477,553
63180,97914,12964,47164,8823,84950,1030,477,553
63185,97918,12964,47166,8823,84954,1030,477,553
63190,97928,12964,47170,8823,84964,1030,477,553
63195,97934,12964,47176,8823,84970,1030,477,553
63200,97945,12964,47179,8823,84981,1030,477,553
63205,97949,12964,47180,8823,84985,1030,477,553
63210,97959,12964,47186,8823,84995,1030,477,553
63215,97965,12964,47190,8823,85001,1030,477,553
63220,97976,12964,47197,8823,85012,1030,477,553
63225,97980,12964,47200,8823,85016,1030,477,553
63230,97990,12964,47206,8823,85026,1030,477,553
63235,97996,12965,47208,8824,85031,1030,477,553
63240,98007,12966,47212,8824,85041,1030,477,553
63245,98011,12966,47213,8824,85045,1030,477,553
63250,98021,12967,47218,8824,85054,1030,477,553
63255,98027,12968,47218,8824,85059,1030,477,553
63260,98038,12972,47224,8827,85066,1031,478,553
63265,98042,12972,47226,8827,85070,1031,478,553
63270,98052,12973,47228,8828,85079,1031,478,553
63275,98058,12974,47231,8829,85084,1031,478,553
63280,98069,12976,47238,8830,85093,1032,479,553
63285,98073,12976,47241,8830,85097,1032,479,553
63290,98083,12977,47246,8831,85106,1032,479,553
63295,98089,12978,47250,8832,85110,1032,479,553
63300,98100,12983,47257,8836,85117,1033,480,553
63305,98104,12984,47259,8837,85120,1033,480,553
63310,98114,12985,47262,8837,85129,1033,480,553
63315,98120,12986,47266,8838,85133,1033,480,553
63320,98131,12989,47272,8840,85142,1034,480,554
63325,98135,12989,47275,8840,85146,1034,480,554
63330,98145,12990,47280,8840,85154,1034,480,554
63335,98151,12992,47282,8841,85159,1034,480,554
63340,98162,12994,47290,8843,85168,1035,481,554
63345,98166,12995,47293,8844,85171,1035,481,554
63350,98176,12996,47300,8845,85179,1035,481,554
63355,98182,12998,47301,8846,85184,1035,481,554
63360,98193,13002,47309,8850,85191,1036,481,555
63365,98197,13002,47310,8850,85195,1036,481,555
63370,98207,13002,47315,8850,85205,1036,481,555
63375,98213,13003,47318,8850,85210,1036,481,555
63380,98224,13004,47325,8851,85220,1036,481,555
63385,98228,13004,47325,8851,85224,1036,481,555
63390,98238,13004,47329,8851,85233,1036,481,555
63395,98244,13006,47330,8853,85238,1036,481,555
63400,98255,13007,47335,8854,85248,1036,481,555
63405,98259,13007,47337,8854,85252,1036,481,555
63410,98269,13007,47341,8854,85262,1036,481,555
63415,98275,13008,47343,8854,85267,1036,481,555
63420,98286,13009,47348,8855,85277,1036,481,555
63425,98290,13009,47349,8855,85281,1036,481,555
63430,98300,13009,47357,8855,85291,1036,481,555
63435,98306,13009,47361,8855,85297,1036,481,555
63440,98317,13009,47365,8855,85308,1036,481,555
63445,98321,13009,47365,8855,85312,1036,481,555
63450,98331,13009,47369,8855,85322,1036,481,555
63455,98337,13009,47372,8855,85328,1036,481,555
63460,98348,13009,47378,8855,85339,1036,481,555
63465,98352,13009,47380,8855,85343,1036,481,555
63470,98362,13010,47386,8856,85352,1036,481,555
63475,98368,13010,47389,8856,85358,1036,481,555
63480,98379,13011,47394,8857,85368,1037,482,555
63485,98383,13011,47398,8857,85372,1037,482,555
63490,98393,13012,47403,8858,85381,1037,482,555
63495,98399,13012,47408,8858,85386,1037,482,555
63500,98410,13015,47415,8861,85395,1037,482,555
63505,98414,13015,47417,8861,85399,1037,482,555
63510,98424,13016,47422,8861,85408,1037,482,555
63515,98430,13016,47422,8861,85414,1037,482,555
63520,98441,13018,47427,8863,85423,1037,482,555
63525,98445,13018,47430,8863,85427,1037,482,555
63530,98455,13019,47435,8863,85435,1037,482,555
63535,98461,13021,47438,8864,85439,1037,482,555
63540,98472,13026,47445,8868,85446,1037,482,555
63545,98476,13026,47447,8868,85450,1037,482,555
63550,98486,13027,47451,8868,85459,1037,482,555
63555,98492,13028,47453,8868,85464,1037,482,555
63560,98503,13031,47458,8871,85472,1037,482,555
63565,98507,13031,47461,8871,85476,1037,482,555
63570,98517,13032,47468,8872,85485,1037,482,555
63575,98523,13033,47470,8872,85489,1037,482,555
63580,98534,13037,47476,8875,85497,1037,482,555
63585,98538,13037,47477,8875,85501,1037,482,555
63590,98548,13038,47481,8875,85510,1037,482,555
63595,98554,13039,47484,8876,85514,1037,482,555
63600,98565,13043,47491,8880,85522,1038,482,556
63605,98569,13043,47493,8880,85526,1038,482,556
63610,98579,13043,47499,8880,85536,1038,482,556
63615,98585,13043,47502,8880,85542,1038,482,556
63620,98596,13043,47505,8880,85553,1039,482,557
63625,98600,13043,47505,8880,85557,1039,482,557
63630,98610,13043,47510,8880,85567,1039,482,557
63635,98616,13043,47512,8880,85573,1039,482,557
63640,98627,13043,47518,8880,85584,1040,483,557
63645,98631,13043,47519,8880,85588,1040,483,557
63650,98641,13043,47522,8880,85598,1040,483,557
63655,98647,13043,47525,8880,85604,1040,483,557
63660,98658,13043,47529,8880,85615,1041,484,557
63665,98662,13043,47531,8880,85619,1041,484,557
63670,98672,13043,47538,8880,85629,1041,484,557
63675,98678,13043,47540,8880,85635,1041,484,557
63680,98689,13043,47545,8880,85646,1042,484,558
63685,98693,13043,47547,8880,85650,1042,484,558
63690,98703,13043,47553,8880,85660,1042,484,558
63695,98709,13043,47557,8880,85666,1042,484,558
63700,98720,13043,47564,8880,85677,1043,485,558
63705,98724,13043,47565,8880,85681,1043,485,558
63710,98734,13044,47571,8881,85690,1043,485,558
63715,98740,13045,47573,8882,85694,1043,485,558
63720,98751,13050,47580,8886,85701,1044,486,558
63725,98755,13050,47581,8886,85705,1044,486,558
63730,98765,13051,47586,8887,85714,1044,486,558
63735,98771,13052,47587,8887,85719,1044,486,558
63740,98782,13055,47593,8890,85727,1044,486,558
63745,98786,13055,47594,8890,85731,1044,486,558
63750,98796,13056,47595,8891,85740,1044,486,558
63755,98802,13057,47599,8892,85745,1044,486,558
63760,98813,13059,47603,8893,85754,1044,486,558
63765,98817,13060,47605,8894,85757,1044,486,558
63770,98827,13061,47608,8894,85766,1044,486,558
63775,98833,13062,47611,8895,85770,1044,486,558
63780,98844,13065,47613,8897,85779,1044,486,558
63785,98848,13066,47615,8898,85782,1044,486,558
63790,98858,13067,47620,8899,85791,1044,486,558
63795,98864,13068,47625,8899,85796,1044,486,558
63800,98875,13071,47630,8902,85804,1044,486,558
63805,98879,13073,47633,8904,85806,1044,486,558
63810,98889,13074,47636,8904,85814,1044,486,558
63815,98895,13076,47639,8906,85819,1044,486,558
63820,98906,13078,47645,8907,85828,1044,486,558
63825,98910,13079,47647,8908,85831,1044,486,558
63830,98920,13080,47653,8908,85840,1044,486,558
63835,98926,13081,47655,8909,85845,1044,486,558
63840,98937,13083,47659,8911,85854,1044,486,558
63845,98941,13084,47662,8912,85857,1044,486,558
63850,98951,13085,47667,8913,85866,1044,486,558
63855,98957,13085,47669,8913,85872,1044,486,558
63860,98968,13085,47674,8913,85883,1044,486,558
63865,98972,13085,47674,8913,85887,1044,486,558
63870,98982,13086,47679,8914,85896,1044,486,558
63875,98988,13086,47683,8914,85902,1044,486,558
63880,98999,13086,47686,8914,85913,1044,486,558
63885,99003,13086,47687,8914,85917,1044,486,558
63890,99013,13087,47692,8914,85926,1044,486,558
63895,99019,13087,47692,8914,85932,1044,486,558
63900,99030,13087,47700,8914,85943,1045,486,559
63905,99034,13088,47703,8915,85946,1045,486,559
63910,99044,13089,47709,8915,85955,1045,486,559
63915,99050,13089,47711,8915,85960,1045,486,559
63920,99061,13091,47717,8917,85970,1045,486,559
63925,99065,13091,47719,8917,85974,1045,486,559
63930,99075,13092,47722,8918,85983,1045,486,559
63935,99081,13092,47724,8918,85989,1045,486,559
63940,99092,13092,47729,8918,86000,1045,486,559
63945,99096,13092,47730,8918,86004,1045,486,559
63950,99106,13093,47732,8918,86013,1045,486,559
63955,99112,13094,47733,8918,86018,1045,486,559
63960,99123,13096,47740,8920,86027,1045,486,559
63965,99127,13096,47741,8920,86031,1045,486,559
63970,99137,13097,47746,8920,86039,1045,486,559
63975,99143,13099,47749,8922,86044,1045,486,559
63980,99154,13100,47755,8923,86054,1045,486,559
63985,99158,13100,47758,8923,86058,1045,486,559
63990,99168,13101,47767,8923,86066,1045,486,559
63995,99174,13103,47769,8924,86071,1045,486,559
64000,99185,13103,47773,8924,86082,1045,486,559
64005,99189,13103,47774,8924,86086,1045,486,559
64010,99199,13104,47781,8925,86094,1045,486,559
64015,99205,13106,47785,8927,86098,1045,486,559
64020,99216,13110,47788,8930,86106,1046,486,560
64025,99220,13111,47791,8931,86109,1046,486,560
64030,99230,13111,47797,8931,86119,1046,486,560
64035,99236,13111,47802,8931,86125,1046,486,560
64040,99247,13114,47809,8934,86133,1047,486,561
64045,99251,13115,47810,8935,86136,1047,486,561
64050,99261,13115,47816,8935,86146,1047,486,561
64055,99267,13115,47819,8935,86152,1047,486,561
64060,99278,13117,47822,8936,86161,1048,486,562
64065,99282,13117,47824,8936,86165,1048,486,562
64070,99292,13117,47829,8936,86175,1048,486,562
64075,99298,13117,47833,8936,86181,1048,486,562
64080,99309,13120,47840,8939,86189,1048,486,562
64085,99313,13120,47843,8939,86193,1048,486,562
64090,99323,13120,47849,8939,86203,1048,486,562
64095,99329,13120,47854,8939,86209,1048,486,562
64100,99340,13123,47862,8941,86217,1048,486,562
64105,99344,13123,47863,8941,86221,1048,486,562
64110,99354,13123,47867,8941,86231,1048,486,562
64115,99360,13123,47870,8941,86237,1048,486,562
64120,99371,13125,47875,8942,86246,1048,486,562
64125,99375,13125,47876,8942,86250,1048,486,562
64130,99385,13126,47879,8942,86258,1048,486,562
64135,99391,13128,47883,8944,86263,1048,486,562
64140,99402,13130,47888,8945,86272,1048,486,562
64145,99406,13130,47890,8945,86276,1048,486,562
64150,99416,13131,47894,8945,86285,1048,486,562
64155,99422,13132,47896,8946,86290,1048,486,562
64160,99433,13134,47902,8947,86299,1048,486,562
64165,99437,13135,47904,8948,86302,1048,486,562
64170,99447,13136,47910,8949,86310,1048,486,562
64175,99453,13138,47912,8951,86315,1048,486,562
64180,99464,13139,47918,8951,86325,1049,487,562
64185,99468,13140,47921,8952,86328,1049,487,562
64190,99478,13141,47925,8953,86337,1049,487,562
64195,99484,13142,47929,8954,86342,1049,487,562
64200,99495,13143,47933,8955,86352,1050,488,562
64205,99499,13143,47934,8955,86356,1050,488,562
64210,99509,13144,47939,8956,86365,1050,488,562
64215,99515,13145,47943,8956,86369,1050,488,562
64220,99526,13146,47947,8957,86380,1051,489,562
64225,99530,13146,47948,8957,86384,1051,489,562
64230,99540,13147,47953,8957,86392,1051,489,562
64235,99546,13149,47956,8959,86396,1051,489,562
64240,99557,13151,47960,8961,86406,1052,490,562
64245,99561,13152,47962,8962,86409,1052,490,562
64250,99571,13153,47965,8962,86418,1052,490,562
64255,99577,13154,47969,8963,86423,1052,490,562
64260,99588,13154,47973,8963,86434,1053,491,562
64265,99592,13154,47976,8963,86438,1053,491,562
64270,99602,13154,47979,8963,86448,1053,491,562
64275,99608,13155,47981,8964,86453,1053,491,562
64280,99619,13155,47985,8964,86464,1054,491,563
64285,99623,13155,47986,8964,86468,1054,491,563
64290,99633,13155,47993,8964,86477,1054,491,563
64295,99639,13157,47995,8966,86482,1054,491,563
64300,99650,13157,48001,8966,86493,1055,492,563
64305,99654,13158,48002,8967,86496,1055,492,563
64310,99664,13158,48006,8967,86505,1055,492,563
64315,99670,13160,48010,8968,86510,1055,492,563
64320,99681,13163,48017,8971,86518,1056,493,563
64325,99685,13163,48019,8971,86522,1056,493,563
64330,99695,13163,48025,8971,86532,1056,493,563
64335,99701,13163,48026,8971,86538,1056,493,563
64340,99712,13166,48034,8974,86546,1056,493,563
64345,99716,13167,48037,8975,86549,1056,493,563
64350,99726,13167,48041,8975,86559,1056,493,563
64355,99732,13167,48044,8975,86565,1056,493,563
64360,99743,13169,48049,8976,86574,1056,493,563
64365,99747,13169,48050,8976,86578,1056,493,563
64370,99757,13170,48053,8976,86587,1056,493,563
64375,99763,13170,48057,8976,86592,1056,493,563
64380,99774,13173,48065,8978,86601,1056,493,563
64385,99778,13173,48068,8978,86605,1056,493,563
64390,99788,13174,48073,8979,86614,1056,493,563
64395,99794,13174,48074,8979,86620,1056,493,563
64400,99805,13174,48078,8979,86631,1056,493,563
64405,99809,13175,48081,8980,86634,1056,493,563
64410,99819,13176,48086,8981,86643,1056,493,563
64415,99825,13176,48089,8981,86648,1056,493,563
64420,99836,13178,48095,8983,86658,1056,493,563
64425,99840,13178,48097,8983,86662,1056,493,563
64430,99850,13179,48103,8984,86670,1056,493,563
64435,99856,13181,48105,8986,86675,1056,493,563
64440,99867,13181,48112,8986,86686,1057,494,563
64445,99871,13181,48114,8986,86690,1057,494,563
64450,99881,13182,48120,8987,86699,1057,494,563
64455,99887,13183,48122,8988,86704,1057,494,563
64460,99898,13185,48125,8989,86713,1058,494,564
64465,99902,13185,48127,8989,86717,1058,494,564
64470,99912,13186,48129,8989,86725,1058,494,564
64475,99918,13188,48130,8990,86730,1058,494,564
64480,99929,13191,48133,8993,86738,1059,494,565
64485,99933,13191,48133,8993,86742,1059,494,565
64490,99943,13192,48136,8993,86751,1059,494,565
64495,99949,13193,48137,8993,86756,1059,494,565
64500,99960,13195,48143,8995,86765,1060,494,566
64505,99964,13196,48146,8996,86768,1060,494,566
64510,99974,13197,48150,8996,86777,1060,494,566
64515,99980,13198,48152,8996,86782,1060,494,566
64520,99991,13198,48157,8996,86793,1060,494,566
64525,99995,13198,48160,8996,86797,1060,494,566
64530,100005,13199,48165,8996,86806,1060,494,566
64535,100011,13200,48167,8997,86810,1060,494,566
64540,100022,13201,48171,8998,86821,1060,494,566
64545,100026,13202,48173,8999,86824,1060,494,566
64550,100036,13203,48180,9000,86832,1060,494,566
64555,100042,13205,48183,9002,86836,1060,494,566
64560,100053,13206,48186,9003,86847,1060,494,566
64565,100057,13206,48186,9003,86851,1060,494,566
64570,100067,13206,48192,9003,86861,1060,494,566
64575,100073,13206,48193,9003,86867,1060,494,566
64580,100084,13206,48198,9003,86878,1060,494,566
64585,100088,13206,48200,9003,86882,1060,494,566
64590,100098,13206,48204,9003,86892,1060,494,566
64595,100104,13206,48208,9003,86898,1060,494,566
64600,100115,13206,48216,9003,86909,1060,494,566
64605,100119,13206,48218,9003,86913,1060,494,566
64610,100129,13206,48224,9003,86923,1060,494,566
64615,100135,13206,48228,9003,86929,1060,494,566
64620,100146,13208,48235,9004,86938,1060,494,566
64625,100150,13208,48237,9004,86942,1060,494,566
64630,100160,13209,48241,9004,86951,1060,494,566
64635,100166,13209,48244,9004,86957,1060,494,566
64640,100177,13211,48249,9005,86966,1060,494,566
64645,100181,13212,48252,9006,86969,1060,494,566
64650,100191,13213,48259,9007,86978,1060,494,566
64655,100197,13213,48263,9007,86984,1060,494,566
64660,100208,13215,48267,9009,86993,1060,494,566
64665,100212,13215,48268,9009,86997,1060,494,566
64670,100222,13216,48272,9009,87005,1060,494,566
64675,100228,13218,48274,9010,87010,1060,494,566
64680,100239,13220,48278,9011,87019,1061,494,567
64685,100243,13220,48278,9011,87023,1061,494,567
64690,100253,13221,48283,9012,87032,1061,494,567
64695,100259,13222,48286,9012,87037,1061,494,567
64700,100270,13222,48290,9012,87048,1062,495,567
64705,100274,13222,48291,9012,87052,1062,495,567
64710,100284,13223,48296,9013,87061,1062,495,567
64715,100290,13224,48299,9013,87066,1062,495,567
64720,100301,13225,48305,9014,87076,1063,496,567
64725,100305,13225,48309,9014,87080,1063,496,567
64730,100315,13226,48312,9015,87089,1063,496,567
64735,100321,13227,48316,9016,87093,1063,496,567
64740,100332,13229,48321,9018,87103,1064,497,567
64745,100336,13229,48323,9018,87107,1064,497,567
64750,100346,13229,48328,9018,87116,1064,497,567
64755,100352,13231,48329,9019,87121,1064,497,567
64760,100363,13231,48332,9019,87132,1065,497,568
64765,100367,13231,48333,9019,87136,1065,497,568
64770,100377,13231,48338,9019,87146,1065,497,568
64775,100383,13232,48339,9020,87151,1065,497,568
64780,100394,13232,48344,9020,87162,1065,497,568
64785,100398,13232,48345,9020,87166,1065,497,568
64790,100408,13232,48351,9020,87176,1065,497,568
64795,100414,13233,48355,9021,87181,1065,497,568
64800,100425,13235,48362,9023,87190,1065,497,568
64805,100429,13235,48364,9023,87194,1065,497,568
64810,100439,13235,48370,9023,87203,1065,497,568
64815,100445,13237,48374,9024,87208,1065,497,568
64820,100456,13238,48380,9025,87218,1065,497,568
64825,100460,13238,48381,9025,87222,1065,497,568
64830,100470,13238,48388,9025,87231,1065,497,568
64835,100476,13240,48389,9026,87236,1065,497,568
64840,100487,13243,48396,9029,87244,1065,497,568
64845,100491,13244,48398,9030,87247,1065,497,568
64850,100501,13245,48399,9030,87256,1065,497,568
64855,100507,13246,48404,9031,87261,1065,497,568
64860,100518,13248,48407,9032,87270,1065,497,568
64865,100522,13249,48410,9033,87273,1065,497,568
64870,100532,13250,48415,9033,87282,1065,497,568
64875,100538,13250,48418,9033,87287,1065,497,568
64880,100549,13251,48425,9034,87298,1066,498,568
64885,100553,13252,48428,9035,87301,1066,498,568
64890,100563,13253,48435,9036,87310,1066,498,568
64895,100569,13253,48438,9036,87315,1066,498,568
64900,100580,13255,48444,9038,87325,1067,498,569
64905,100584,13255,48446,9038,87329,1067,498,569
64910,100594,13256,48451,9039,87338,1067,498,569
64915,100600,13256,48454,9039,87344,1067,498,569
64920,100611,13257,48458,9040,87354,1068,498,570
64925,100615,13257,48459,9040,87358,1068,498,570
64930,100625,13257,48462,9040,87368,1068,498,570
64935,100631,13258,48465,9041,87373,1068,498,570
64940,100642,13258,48468,9041,87384,1069,498,571
64945,100646,13259,48469,9042,87387,1069,498,571
64950,100656,13259,48475,9042,87397,1069,498,571
64955,100662,13260,48478,9043,87402,1069,498,571
64960,100673,13261,48485,9044,87412,1070,498,572
64965,100677,13261,48487,9044,87416,1070,498,572
64970,100687,13261,48493,9044,87426,1070,498,572
64975,100693,13262,48495,9044,87431,1070,498,572
64980,100704,13264,48499,9046,87440,1071,498,573
64985,100708,13264,48500,9046,87444,1071,498,573
64990,100718,13264,48504,9046,87454,1071,498,573
64995,100724,13265,48506,9046,87459,1071,498,573
65000,100735,13266,48509,9046,87469,1071,498,573
65005,100739,13266,48511,9046,87473,1071,498,573
65010,100749,13266,48518,9046,87483,1071,498,573
65015,100755,13267,48519,9047,87488,1071,498,573
65020,100766,13269,48523,9048,87497,1071,498,573
65025,100770,13269,48524,9048,87501,1071,498,573
65030,100780,13270,48530,9048,87510,1071,498,573
65035,100786,13271,48531,9048,87515,1071,498,573
65040,100797,13273,48535,9049,87524,1071,498,573
65045,100801,13273,48537,9049,87528,1071,498,573
65050,100811,13274,48542,9050,87537,1071,498,573
65055,100817,13275,48544,9050,87541,1071,498,573
65060,100828,13279,48547,9053,87549,1072,499,573
65065,100832,13279,48548,9053,87553,1072,499,573
65070,100842,13280,48552,9053,87562,1072,499,573
65075,100848,13281,48555,9053,87566,1072,499,573
65080,100859,13284,48559,9055,87575,1073,500,573
65085,100863,13285,48562,9056,87578,1073,500,573
65090,100873,13286,48566,9056,87587,1073,500,573
65095,100879,13287,48567,9057,87592,1073,500,573
65100,100890,13290,48571,9059,87600,1074,500,574
65105,100894,13291,48573,9060,87603,1074,500,574
65110,100904,13291,48575,9060,87613,1074,500,574
65115,100910,13291,48578,9060,87619,1074,500,574
65120,100921,13291,48586,9060,87630,1074,500,574
65125,100925,13291,48588,9060,87634,1074,500,574
65130,100935,13291,48593,9060,87644,1074,500,574
65135,100941,13291,48596,9060,87650,1074,500,574
65140,100952,13291,48603,9060,87661,1074,500,574
65145,100956,13291,48606,9060,87665,1074,500,574
65150,100966,13291,48610,9060,87675,1074,500,574
65155,100972,13291,48613,9060,87681,1074,500,574
65160,100983,13291,48617,9060,87692,1074,500,574
65165,100987,13291,48619,9060,87696,1074,500,574
65170,100997,13291,48624,9060,87706,1074,500,574
65175,101003,13291,48627,9060,87712,1074,500,574
65180,101014,13291,48633,9060,87723,1074,500,574
65185,101018,13291,48636,9060,87727,1074,500,574
65190,101028,13291,48640,9060,87737,1074,500,574
65195,101034,13291,48645,9060,87743,1074,500,574
65200,101045,13291,48649,9060,87754,1074,500,574
65205,101049,13291,48652,9060,87758,1074,500,574
65210,101059,13292,48656,9061,87767,1074,500,574
65215,101065,13293,48657,9061,87771,1074,500,574
65220,101076,13298,48665,9066,87778,1074,500,574
65225,101080,13298,48665,9066,87782,1074,500,574
65230,101090,13299,48670,9066,87791,1074,500,574
65235,101096,13300,48671,9066,87796,1074,500,574
65240,101107,13302,48675,9067,87805,1075,500,575
65245,101111,13302,48677,9067,87809,1075,500,575
65250,101121,13303,48682,9067,87818,1075,500,575
65255,101127,13304,48683,9068,87823,1075,500,575
65260,101138,13307,48687,9070,87831,1076,500,576
65265,101142,13308,48690,9071,87834,1076,500,576
65270,101152,13309,48694,9071,87843,1076,500,576
65275,101158,13310,48695,9072,87848,1076,500,576
65280,101169,13313,48699,9074,87856,1077,500,577
65285,101173,13313,48700,9074,87860,1077,500,577
65290,101183,13313,48704,9074,87870,1077,500,577
65295,101189,13314,48708,9075,87875,1077,500,577
65300,101200,13314,48714,9075,87886,1078,500,578
65305,101204,13314,48716,9075,87890,1078,500,578
65310,101214,13314,48722,9075,87900,1078,500,578
65315,101220,13315,48726,9075,87905,1078,500,578
65320,101231,13316,48733,9076,87915,1079,500,579
65325,101235,13316,48735,9076,87919,1079,500,579
65330,101245,13316,48742,9076,87929,1079,500,579
65335,101251,13317,48746,9077,87934,1079,500,579
65340,101262,13318,48750,9078,87944,1080,500,580
65345,101266,13319,48753,9079,87947,1080,500,580
65350,101276,13319,48756,9079,87957,1080,500,580
65355,101282,13320,48759,9079,87962,1080,500,580
65360,101293,13320,48764,9079,87973,1081,501,580
65365,101297,13321,48766,9080,87976,1081,501,580
65370,101307,13321,48773,9080,87986,1081,501,580
65375,101313,13322,48776,9080,87991,1081,501,580
65380,101324,13323,48782,9081,88001,1081,501,580
65385,101328,13324,48785,9082,88004,1081,501,580
65390,101338,13325,48789,9083,88013,1081,501,580
65395,101344,13326,48793,9084,88017,1081,501,580
65400,101355,13329,48797,9086,88026,1081,501,580
65405,101359,13329,48799,9086,88030,1081,501,580
65410,101369,13330,48805,9086,88039,1081,501,580
65415,101375,13331,48808,9087,88043,1081,501,580
65420,101386,13334,48810,9089,88052,1081,501,580
65425,101390,13334,48811,9089,88056,1081,501,580
65430,101400,13335,48817,9090,88065,1081,501,580
65435,101406,13336,48818,9090,88070,1081,501,580
65440,101417,13339,48825,9092,88078,1081,501,580
65445,101421,13339,48827,9092,88082,1081,501,580
65450,101431,13340,48831,9092,88091,1081,501,580
65455,101437,13341,48833,9092,88096,1081,501,580
65460,101448,13345,48840,9096,88103,1081,501,580
65465,101452,13345,48842,9096,88107,1081,501,580
65470,101462,13345,48846,9096,88117,1081,501,580
65475,101468,13346,48848,9096,88122,1081,501,580
65480,101479,13346,48853,9096,88133,1082,502,580
65485,101483,13346,48854,9096,88137,1082,502,580
65490,101493,13346,48860,9096,88147,1082,502,580
65495,101499,13347,48865,9097,88152,1082,502,580
65500,101510,13347,48870,9097,88163,1083,502,581
65505,101514,13347,48872,9097,88167,1083,502,581
65510,101524,13347,48876,9097,88177,1083,502,581
65515,101530,13348,48881,9098,88182,1083,502,581
65520,101541,13348,48888,9098,88193,1084,503,581
65525,101545,13349,48889,9099,88196,1084,503,581
65530,101555,13350,48893,9099,88205,1084,503,581
65535,101561,13351,48896,9100,88210,1084,503,581
65540,101572,13352,48906,9101,88220,1085,504,581
65545,101576,13354,48909,9103,88222,1085,504,581
65550,101586,13355,48914,9104,88231,1085,504,581
65555,101592,13356,48915,9104,88236,1085,504,581
65560,101603,13357,48919,9105,88246,1086,504,582
65565,101607,13358,48920,9106,88249,1086,504,582
65570,101617,13359,48922,9106,88258,1086,504,582
65575,101623,13360,48925,9107,88263,1086,504,582
65580,101634,13361,48931,9108,88273,1087,505,582
65585,101638,13361,48931,9108,88277,1087,505,582
65590,101648,13361,48935,9108,88287,1087,505,582
65595,101654,13362,48939,9109,88292,1087,505,582
65600,101665,13363,48946,9110,88302,1087,505,582
65605,101669,13363,48948,9110,88306,1087,505,582
65610,101679,13363,48952,9110,88316,1087,505,582
65615,101685,13364,48954,9111,88321,1087,505,582
65620,101696,13364,48958,9111,88332,1087,505,582
65625,101700,13364,48961,9111,88336,1087,505,582
65630,101710,13364,48965,9111,88346,1087,505,582
65635,101716,13365,48970,9111,88351,1087,505,582
65640,101727,13367,48976,9112,88360,1087,505,582
65645,101731,13368,48978,9113,88363,1087,505,582
65650,101741,13368,48984,9113,88373,1087,505,582
65655,101747,13369,48987,9113,88378,1087,505,582
65660,101758,13372,48994,9116,88386,1087,505,582
65665,101762,13372,48994,9116,88390,1087,505,582
65670,101772,13372,48996,9116,88400,1087,505,582
65675,101778,13373,49000,9117,88405,1087,505,582
65680,101789,13375,49007,9118,88414,1087,505,582
65685,101793,13375,49009,9118,88418,1087,505,582
65690,101803,13376,49016,9119,88427,1087,505,582
65695,101809,13377,49020,9120,88432,1087,505,582
65700,101820,13379,49026,9122,88441,1088,506,582
65705,101824,13380,49028,9123,88444,1088,506,582
65710,101834,13381,49033,9124,88453,1088,506,582
65715,101840,13382,49034,9124,88458,1088,506,582
65720,101851,13383,49040,9125,88468,1089,507,582
65725,101855,13384,49043,9126,88471,1089,507,582
65730,101865,13385,49051,9126,88480,1089,507,582
65735,101871,13386,49054,9126,88485,1089,507,582
65740,101882,13388,49061,9128,88494,1090,508,582
65745,101886,13388,49061,9128,88498,1090,508,582
65750,101896,13389,49066,9129,88507,1090,508,582
65755,101902,13390,49069,9129,88511,1090,508,582
65760,101913,13393,49074,9132,88520,1091,508,583
65765,101917,13393,49076,9132,88524,1091,508,583
65770,101927,13393,49082,9132,88534,1091,508,583
65775,101933,13393,49084,9132,88540,1091,508,583
65780,101944,13393,49091,9132,88551,1092,509,583
65785,101948,13393,49093,9132,88555,1092,509,583
65790,101958,13393,49096,9132,88565,1092,509,583
65795,101964,13393,49099,9132,88571,1092,509,583
65800,101975,13393,49105,9132,88582,1093,510,583
65805,101979,13393,49108,9132,88586,1093,510,583
65810,101989,13393,49114,9132,88596,1093,510,583
65815,101995,13393,49117,9132,88602,1093,510,583
65820,102006,13396,49126,9135,88610,1094,511,583
65825,102010,13396,49128,9135,88614,1094,511,583
65830,102020,13396,49136,9135,88624,1094,511,583
65835,102026,13396,49138,9135,88630,1094,511,583
65840,102037,13398,49145,9137,88639,1094,511,583
65845,102041,13398,49148,9137,88643,1094,511,583
65850,102051,13398,49149,9137,88653,1094,511,583
65855,102057,13398,49150,9137,88659,1094,511,583
65860,102068,13399,49153,9137,88669,1094,511,583
65865,102072,13399,49154,9137,88673,1094,511,583
65870,102082,13400,49161,9138,88682,1094,511,583
65875,102088,13401,49162,9138,88687,1094,511,583
65880,102099,13404,49165,9141,88695,1094,511,583
65885,102103,13404,49165,9141,88699,1094,511,583
65890,102113,13405,49167,9141,88708,1094,511,583
65895,102119,13406,49169,9142,88713,1094,511,583
65900,102130,13408,49173,9143,88722,1094,511,583
65905,102134,13408,49175,9143,88726,1094,511,583
65910,102144,13409,49183,9143,88735,1094,511,583
65915,102150,13410,49185,9143,88739,1094,511,583
65920,102161,13413,49189,9146,88748,1094,511,583
65925,102165,13413,49191,9146,88752,1094,511,583
65930,102175,13414,49195,9147,88761,1094,511,583
65935,102181,13415,49197,9147,88766,1094,511,583
65940,102192,13417,49203,9149,88775,1094,511,583
65945,102196,13418,49204,9150,88778,1094,511,583
65950,102206,13419,49212,9151,88787,1094,511,583
65955,102212,13420,49213,9151,88792,1094,511,583
65960,102223,13422,49219,9153,88801,1094,511,583
65965,102227,13423,49221,9154,88804,1094,511,583
65970,102237,13424,49224,9154,88813,1094,511,583
65975,102243,13425,49225,9154,88818,1094,511,583
65980,102254,13428,49231,9156,88826,1094,511,583
65985,102258,13428,49232,9156,88830,1094,511,583
65990,102268,13429,49236,9156,88839,1094,511,583
65995,102274,13430,49237,9156,88844,1094,511,583
66000,102285,13432,49239,9158,88853,1095,511,584
66005,102289,13433,49241,9159,88856,1095,511,584
66010,102299,13434,49245,9160,88865,1095,511,584
66015,102305,13435,49247,9160,88869,1095,511,584
66020,102316,13437,49251,9162,88879,1096,512,584
66025,102320,13437,49251,9162,88883,1096,512,584
66030,102330,13438,49258,9162,88892,1096,512,584
66035,102336,13439,49260,9163,88897,1096,512,584
66040,102347,13441,49267,9165,88906,1097,513,584
66045,102351,13442,49269,9166,88909,1097,513,584
66050,102361,13443,49274,9167,88918,1097,513,584
66055,102367,13444,49277,9168,88922,1097,513,584
66060,102378,13445,49282,9169,88933,1098,513,585
66065,102382,13445,49284,9169,88937,1098,513,585
66070,102392,13445,49288,9169,88947,1098,513,585
66075,102398,13446,49291,9170,88952,1098,513,585
66080,102409,13446,49294,9170,88963,1098,513,585
66085,102413,13446,49297,9170,88967,1098,513,585
66090,102423,13446,49304,9170,88977,1098,513,585
66095,102429,13447,49309,9170,88982,1098,513,585
66100,102440,13447,49314,9170,88993,1098,513,585
66105,102444,13447,49315,9170,88997,1098,513,585
66110,102454,13447,49322,9170,89007,1098,513,585
66115,102460,13448,49325,9170,89012,1098,513,585
66120,102471,13450,49331,9171,89021,1098,513,585
66125,102475,13450,49333,9171,89025,1098,513,585
66130,102485,13450,49336,9171,89035,1098,513,585
66135,102491,13451,49339,9172,89040,1098,513,585
66140,102502,13453,49347,9174,89049,1098,513,585
66145,102506,13453,49347,9174,89053,1098,513,585
66150,102516,13453,49350,9174,89063,1098,513,585
66155,102522,13454,49351,9174,89068,1098,513,585
66160,102533,13457,49359,9177,89076,1098,513,585
66165,102537,13458,49362,9178,89079,1098,513,585
66170,102547,13459,49368,9179,89088,1098,513,585
66175,102553,13460,49370,9180,89093,1098,513,585
66180,102564,13462,49374,9182,89102,1098,513,585
66185,102568,13462,49376,9182,89106,1098,513,585
66190,102578,13463,49383,9182,89115,1098,513,585
66195,102584,13464,49384,9183,89120,1098,513,585
66200,102595,13466,49390,9185,89129,1098,513,585
66205,102599,13467,49391,9186,89132,1098,513,585
66210,102609,13468,49398,9187,89141,1098,513,585
66215,102615,13469,49400,9187,89146,1098,513,585
66220,102626,13470,49402,9187,89156,1098,513,585
66225,102630,13470,49402,9187,89160,1098,513,585
66230,102640,13471,49408,9188,89169,1098,513,585
66235,102646,13472,49410,9189,89174,1098,513,585
66240,102657,13475,49417,9192,89182,1098,513,585
66245,102661,13476,49420,9193,89185,1098,513,585
66250,102671,13477,49423,9194,89194,1098,513,585
66255,102677,13477,49429,9194,89199,1098,513,585
66260,102688,13478,49436,9195,89210,1098,513,585
66265,102692,13478,49438,9195,89214,1098,513,585
66270,102702,13479,49442,9196,89223,1098,513,585
66275,102708,13479,49444,9196,89229,1098,513,585
66280,102719,13479,49448,9196,89240,1098,513,585
66285,102723,13479,49450,9196,89244,1098,513,585
66290,102733,13480,49456,9197,89253,1098,513,585
66295,102739,13480,49457,9197,89259,1098,513,585
66300,102750,13480,49463,9197,89270,1098,513,585
66305,102754,13481,49465,9198,89273,1098,513,585
66310,102764,13482,49470,9198,89282,1098,513,585
66315,102770,13482,49473,9198,89288,1098,513,585
66320,102781,13482,49481,9198,89299,1098,513,585
66325,102785,13483,49484,9199,89302,1098,513,585
66330,102795,13484,49491,9200,89311,1098,513,585
66335,102801,13484,49492,9200,89317,1098,513,585
66340,102812,13484,49498,9200,89328,1098,513,585
66345,102816,13484,49499,9200,89332,1098,513,585
66350,102826,13485,49507,9201,89341,1098,513,585
66355,102832,13486,49508,9201,89346,1098,513,585
66360,102843,13488,49514,9203,89355,1098,513,585
66365,102847,13490,49517,9205,89357,1098,513,585
66370,102857,13491,49522,9206,89366,1098,513,585
66375,102863,13492,49528,9207,89370,1098,513,585
66380,102874,13494,49535,9209,89380,1098,513,585
66385,102878,13495,49538,9210,89383,1098,513,585
66390,102888,13496,49543,9210,89392,1098,513,585
66395,102894,13497,49546,9210,89396,1098,513,585
66400,102905,13499,49550,9211,89406,1098,513,585
66405,102909,13499,49551,9211,89410,1098,513,585
66410,102919,13500,49557,9212,89419,1098,513,585
66415,102925,13501,49560,9213,89424,1098,513,585
66420,102936,13502,49565,9214,89434,1098,513,585
66425,102940,13502,49567,9214,89438,1098,513,585
66430,102950,13503,49573,9215,89447,1098,513,585
66435,102956,13504,49574,9215,89452,1098,513,585
66440,102967,13505,49580,9215,89462,1098,513,585
66445,102971,13506,49583,9216,89465,1098,513,585
66450,102981,13507,49585,9216,89474,1098,513,585
66455,102987,13508,49589,9217,89478,1098,513,585
66460,102998,13511,49593,9219,89487,1098,513,585
66465,103002,13511,49593,9219,89491,1098,513,585
66470,103012,13512,49596,9219,89500,1098,513,585
66475,103018,13513,49600,9219,89504,1098,513,585
66480,103029,13517,49604,9222,89512,1098,513,585
66485,103033,13517,49604,9222,89516,1098,513,585
66490,103043,13518,49608,9223,89525,1098,513,585
66495,103049,13519,49614,9224,89529,1098,513,585
66500,103060,13522,49619,9227,89538,1098,513,585
66505,103064,13523,49622,9228,89541,1098,513,585
66510,103074,13524,49626,9228,89550,1098,513,585
66515,103080,13525,49630,9228,89554,1098,513,585
66520,103091,13528,49635,9231,89563,1098,513,585
66525,103095,13528,49637,9231,89567,1098,513,585
66530,103105,13529,49641,9232,89576,1098,513,585
66535,103111,13530,49645,9232,89580,1098,513,585
66540,103122,13532,49649,9233,89590,1098,513,585
66545,103126,13532,49650,9233,89594,1098,513,585
66550,103136,13532,49656,9233,89604,1098,513,585
66555,103142,13533,49659,9233,89609,1098,513,585
66560,103153,13536,49665,9235,89617,1098,513,585
66565,103157,13536,49667,9235,89621,1098,513,585
66570,103167,13536,49670,9235,89631,1098,513,585
66575,103173,13537,49674,9236,89636,1098,513,585
66580,103184,13538,49680,9237,89646,1098,513,585
66585,103188,13538,49681,9237,89650,1098,513,585
66590,103198,13538,49686,9237,89660,1098,513,585
66595,103204,13539,49689,9237,89665,1098,513,585
66600,103215,13540,49693,9238,89675,1098,513,585
66605,103219,13540,49694,9238,89679,1098,513,585
66610,103229,13540,49697,9238,89689,1098,513,585
66615,103235,13541,49702,9238,89694,1098,513,585
66620,103246,13542,49708,9239,89704,1098,513,585
66625,103250,13542,49711,9239,89708,1098,513,585
66630,103260,13542,49716,9239,89718,1098,513,585
66635,103266,13543,49720,9240,89723,1098,513,585
66640,103277,13545,49725,9242,89732,1098,513,585
66645,103281,13545,49727,9242,89736,1098,513,585
66650,103291,13546,49731,9242,89745,1098,513,585
66655,103297,13547,49734,9243,89750,1098,513,585
66660,103308,13550,49742,9245,89758,1098,513,585
66665,103312,13551,49744,9246,89761,1098,513,585
66670,103322,13552,49749,9247,89770,1098,513,585
66675,103328,13553,49753,9248,89774,1098,513,585
66680,103339,13556,49757,9250,89783,1098,513,585
66685,103343,13556,49759,9250,89787,1098,513,585
66690,103353,13557,49765,9251,89796,1098,513,585
66695,103359,13558,49767,9251,89800,1098,513,585
66700,103370,13562,49775,9254,89808,1098,513,585
66705,103374,13562,49777,9254,89812,1098,513,585
66710,103384,13563,49783,9255,89821,1098,513,585
66715,103390,13564,49785,9255,89825,1098,513,585
66720,103401,13567,49790,9257,89834,1098,513,585
66725,103405,13567,49791,9257,89838,1098,513,585
66730,103415,13568,49794,9257,89847,1098,513,585
66735,103421,13569,49797,9257,89852,1098,513,585
66740,103432,13572,49803,9260,89860,1098,513,585
66745,103436,13572,49805,9260,89864,1098,513,585
66750,103446,13573,49806,9260,89873,1098,513,585
66755,103452,13574,49809,9261,89877,1098,513,585
66760,103463,13578,49818,9265,89885,1098,513,585
66765,103467,13579,49821,9266,89888,1098,513,585
66770,103477,13580,49825,9266,89897,1098,513,585
66775,103483,13581,49828,9266,89902,1098,513,585
66780,103494,13582,49831,9266,89912,1098,513,585
66785,103498,13583,49834,9267,89915,1098,513,585
66790,103508,13584,49839,9268,89924,1098,513,585
66795,103514,13585,49841,9269,89929,1098,513,585
66800,103525,13586,49847,9270,89939,1098,513,585
66805,103529,13587,49850,9271,89942,1098,513,585
66810,103539,13588,49854,9272,89951,1098,513,585
66815,103545,13589,49855,9273,89956,1098,513,585
66820,103556,13590,49861,9273,89966,1098,513,585
66825,103560,13590,49862,9273,89970,1098,513,585
66830,103570,13591,49868,9273,89979,1098,513,585
66835,103576,13592,49871,9274,89984,1098,513,585
66840,103587,13595,49876,9277,89992,1098,513,585
66845,103591,13595,49879,9277,89996,1098,513,585
66850,103601,13596,49886,9277,90005,1098,513,585
66855,103607,13597,49889,9278,90009,1098,513,585
66860,103618,13600,49894,9281,90018,1098,513,585
66865,103622,13601,49896,9282,90021,1098,513,585
66870,103632,13602,49900,9283,90030,1098,513,585
66875,103638,13603,49903,9284,90035,1098,513,585
66880,103649,13605,49906,9285,90044,1098,513,585
66885,103653,13605,49908,9285,90048,1098,513,585
66890,103663,13606,49916,9286,90057,1098,513,585
66895,103669,13607,49917,9286,90062,1098,513,585
66900,103680,13609,49922,9288,90071,1098,513,585
66905,103684,13609,49923,9288,90075,1098,513,585
66910,103694,13610,49927,9289,90084,1098,513,585
66915,103700,13611,49929,9290,90089,1098,513,585
66920,103711,13612,49934,9291,90099,1098,513,585
66925,103715,13613,49936,9292,90102,1098,513,585
66930,103725,13614,49939,9292,90111,1098,513,585
66935,103731,13615,49943,9293,90115,1098,513,585
66940,103742,13618,49948,9295,90124,1098,513,585
66945,103746,13618,49950,9295,90128,1098,513,585
66950,103756,13619,49955,9295,90137,1098,513,585
66955,103762,13620,49957,9295,90141,1098,513,585
66960,103773,13623,49964,9298,90150,1098,513,585
66965,103777,13623,49966,9298,90154,1098,513,585
66970,103787,13624,49969,9298,90163,1098,513,585
66975,103793,13625,49974,9299,90167,1098,513,585
66980,103804,13628,49978,9302,90176,1098,513,585
66985,103808,13629,49980,9303,90179,1098,513,585
66990,103818,13630,49983,9304,90188,1098,513,585
66995,103824,13631,49986,9305,90193,1098,513,585
67000,103835,13633,49993,9307,90202,1098,513,585
67005,103839,13633,49995,9307,90206,1098,513,585
67010,103849,13634,50000,9308,90215,1098,513,585
67015,103855,13635,50004,9309,90219,1098,513,585
67020,103866,13637,50009,9311,90229,1098,513,585
67025,103870,13637,50009,9311,90233,1098,513,585
67030,103880,13638,50015,9312,90242,1098,513,585
67035,103886,13639,50018,9312,90246,1098,513,585
67040,103897,13642,50022,9314,90255,1098,513,585
67045,103901,13642,50024,9314,90259,1098,513,585
67050,103911,13643,50026,9314,90268,1098,513,585
67055,103917,13644,50028,9314,90272,1098,513,585
67060,103928,13647,50031,9317,90281,1098,513,585
67065,103932,13648,50033,9318,90284,1098,513,585
67070,103942,13649,50038,9318,90293,1098,513,585
67075,103948,13650,50044,9319,90297,1098,513,585
67080,103959,13653,50053,9322,90306,1098,513,585
67085,103963,13653,50055,9322,90310,1098,513,585
67090,103973,13653,50060,9322,90320,1098,513,585
67095,103979,13654,50060,9322,90325,1098,513,585
67100,103990,13655,50066,9322,90335,1098,513,585
67105,103994,13655,50067,9322,90339,1098,513,585
67110,104004,13655,50074,9322,90349,1098,513,585
67115,104010,13656,50077,9322,90354,1098,513,585
67120,104021,13658,50085,9324,90363,1098,513,585
67125,104025,13658,50087,9324,90367,1098,513,585
67130,104035,13658,50093,9324,90377,1098,513,585
67135,104041,13659,50096,9324,90382,1098,513,585
67140,104052,13661,50102,9325,90391,1098,513,585
67145,104056,13661,50103,9325,90395,1098,513,585
67150,104066,13661,50106,9325,90405,1098,513,585
67155,104072,13662,50108,9325,90410,1098,513,585
67160,104083,13664,50114,9326,90419,1098,513,585
67165,104087,13664,50116,9326,90423,1098,513,585
67170,104097,13664,50120,9326,90433,1098,513,585
67175,104103,13665,50124,9327,90438,1098,513,585
67180,104114,13667,50129,9329,90447,1098,513,585
67185,104118,13667,50131,9329,90451,1098,513,585
67190,104128,13668,50136,9329,90460,1098,513,585
67195,104134,13669,50137,9329,90465,1098,513,585
67200,104145,13670,50140,9329,90475,1098,513,585
67205,104149,13671,50142,9330,90478,1098,513,585
67210,104159,13672,50147,9331,90487,1098,513,585
67215,104165,13673,50151,9332,90491,1098,513,585
67220,104176,13677,50158,9335,90499,1098,513,585
67225,104180,13678,50161,9336,90502,1098,513,585
67230,104190,13679,50166,9336,90511,1098,513,585
67235,104196,13680,50167,9336,90516,1098,513,585
67240,104207,13682,50173,9338,90525,1098,513,585
67245,104211,13682,50174,9338,90529,1098,513,585
67250,104221,13683,50178,9338,90538,1098,513,585
67255,104227,13684,50180,9338,90543,1098,513,585
67260,104238,13686,50183,9339,90552,1098,513,585
67265,104242,13686,50185,9339,90556,1098,513,585
67270,104252,13687,50188,9339,90565,1098,513,585
67275,104258,13688,50191,9340,90570,1098,513,585
67280,104269,13690,50194,9340,90579,1098,513,585
67285,104273,13690,50196,9340,90583,1098,513,585
67290,104283,13691,50200,9340,90592,1098,513,585
67295,104289,13692,50204,9340,90596,1098,513,585
67300,104300,13695,50210,9342,90605,1098,513,585
67305,104304,13695,50211,9342,90609,1098,513,585
67310,104314,13696,50217,9342,90618,1098,513,585
67315,104320,13697,50218,9342,90623,1098,513,585
67320,104331,13700,50224,9343,90631,1098,513,585
67325,104335,13701,50227,9344,90634,1098,513,585
67330,104345,13702,50232,9345,90643,1098,513,585
67335,104351,13703,50234,9345,90647,1098,513,585
67340,104362,13706,50240,9348,90656,1098,513,585
67345,104366,13706,50242,9348,90660,1098,513,585
67350,104376,13707,50248,9348,90669,1098,513,585
67355,104382,13708,50251,9348,90673,1098,513,585
67360,104393,13711,50256,9351,90682,1098,513,585
67365,104397,13712,50258,9352,90685,1098,513,585
67370,104407,13713,50263,9353,90694,1098,513,585
67375,104413,13714,50266,9354,90699,1098,513,585
67380,104424,13715,50268,9354,90709,1098,513,585
67385,104428,13715,50270,9354,90713,1098,513,585
67390,104438,13716,50272,9354,90722,1098,513,585
67395,104444,13717,50274,9354,90726,1098,513,585
67400,104455,13720,50277,9357,90735,1098,513,585
67405,104459,13720,50279,9357,90739,1098,513,585
67410,104469,13721,50281,9357,90748,1098,513,585
67415,104475,13722,50283,9357,90753,1098,513,585
67420,104486,13724,50291,9359,90762,1098,513,585
67425,104490,13725,50292,9360,90765,1098,513,585
67430,104500,13726,50297,9361,90774,1098,513,585
67435,104506,13727,50301,9362,90778,1098,513,585
67440,104517,13730,50305,9365,90787,1098,513,585
67445,104521,13730,50308,9365,90791,1098,513,585
67450,104531,13731,50315,9366,90800,1098,513,585
67455,104537,13732,50318,9367,90805,1098,513,585
67460,104548,13733,50325,9368,90815,1098,513,585
67465,104552,13733,50326,9368,90819,1098,513,585
67470,104562,13734,50332,9369,90828,1098,513,585
67475,104568,13735,50336,9370,90833,1098,513,585
67480,104579,13736,50338,9370,90843,1098,513,585
67485,104583,13737,50341,9371,90846,1098,513,585
67490,104593,13738,50346,9372,90855,1098,513,585
67495,104599,13739,50347,9373,90860,1098,513,585
67500,104610,13740,50352,9374,90870,1098,513,585
67505,104614,13740,50353,9374,90874,1098,513,585
67510,104624,13741,50357,9374,90883,1098,513,585
67515,104630,13742,50359,9374,90888,1098,513,585
67520,104641,13743,50362,9374,90898,1098,513,585
67525,104645,13744,50365,9375,90901,1098,513,585
67530,104655,13745,50370,9375,90910,1098,513,585
67535,104661,13746,50374,9376,90914,1098,513,585
67540,104672,13748,50379,9377,90924,1098,513,585
67545,104676,13749,50382,9378,90927,1098,513,585
67550,104686,13750,50386,9379,90936,1098,513,585
67555,104692,13751,50390,9380,90940,1098,513,585
67560,104703,13754,50395,9383,90949,1098,513,585
67565,104707,13755,50398,9384,90952,1098,513,585
67570,104717,13756,50404,9384,90961,1098,513,585
67575,104723,13757,50406,9384,90966,1098,513,585
67580,104734,13758,50412,9384,90976,1098,513,585
67585,104738,13759,50415,9385,90979,1098,513,585
67590,104748,13760,50420,9386,90988,1098,513,585
67595,104754,13761,50424,9386,90992,1098,513,585
67600,104765,13763,50426,9387,91002,1098,513,585
67605,104769,13763,50428,9387,91006,1098,513,585
67610,104779,13764,50434,9388,91015,1098,513,585
67615,104785,13765,50437,9388,91020,1098,513,585
67620,104796,13767,50444,9390,91029,1098,513,585
67625,104800,13768,50446,9391,91032,1098,513,585
67630,104810,13769,50449,9392,91041,1098,513,585
67635,104816,13770,50451,9392,91045,1098,513,585
67640,104827,13773,50454,9394,91054,1098,513,585
67645,104831,13774,50456,9395,91057,1098,513,585
67650,104841,13775,50463,9396,91066,1098,513,585
67655,104847,13776,50467,9396,91070,1098,513,585
67660,104858,13778,50471,9398,91080,1098,513,585
67665,104862,13778,50473,9398,91084,1098,513,585
67670,104872,13779,50477,9398,91093,1098,513,585
67675,104878,13780,50480,9398,91098,1098,513,585
67680,104889,13781,50485,9398,91108,1098,513,585
67685,104893,13781,50486,9398,91112,1098,513,585
67690,104903,13782,50491,9398,91121,1098,513,585
67695,104909,13783,50493,9398,91126,1098,513,585
67700,104920,13784,50497,9399,91136,1098,513,585
67705,104924,13785,50498,9400,91139,1098,513,585
67710,104934,13786,50500,9401,91148,1098,513,585
67715,104940,13787,50502,9401,91152,1098,513,585
67720,104951,13789,50506,9403,91162,1098,513,585
67725,104955,13789,50508,9403,91166,1098,513,585
67730,104965,13790,50511,9403,91175,1098,513,585
67735,104971,13791,50514,9404,91179,1098,513,585
67740,104982,13793,50517,9405,91189,1098,513,585
67745,104986,13794,50520,9406,91192,1098,513,585
67750,104996,13795,50525,9407,91201,1098,513,585
67755,105002,13796,50528,9408,91206,1098,513,585
67760,105013,13798,50534,9410,91215,1098,513,585
67765,105017,13798,50536,9410,91219,1098,513,585
67770,105027,13799,50541,9411,91228,1098,513,585
67775,105033,13800,50542,9411,91233,1098,513,585
67780,105044,13802,50547,9412,91242,1098,513,585
67785,105048,13802,50549,9412,91246,1098,513,585
67790,105058,13803,50554,9413,91255,1098,513,585
67795,105064,13804,50556,9414,91260,1098,513,585
67800,105075,13806,50558,9414,91269,1098,513,585
67805,105079,13807,50562,9415,91272,1098,513,585
67810,105089,13808,50566,9416,91281,1098,513,585
67815,105095,13809,50570,9417,91286,1098,513,585
67820,105106,13811,50574,9417,91295,1098,513,585
67825,105110,13812,50578,9418,91298,1098,513,585
67830,105120,13813,50582,9418,91307,1098,513,585
67835,105126,13814,50584,9418,91312,1098,513,585
67840,105137,13816,50588,9419,91321,1098,513,585
67845,105141,13817,50591,9420,91324,1098,513,585
67850,105151,13818,50598,9420,91333,1098,513,585
67855,105157,13819,50600,9420,91337,1098,513,585
67860,105168,13822,50602,9421,91346,1098,513,585
67865,105172,13822,50602,9421,91350,1098,513,585
67870,105182,13823,50607,9422,91359,1098,513,585
67875,105188,13824,50610,9423,91364,1098,513,585
67880,105199,13826,50613,9423,91373,1098,513,585
67885,105203,13826,50614,9423,91377,1098,513,585
67890,105213,13827,50620,9424,91386,1098,513,585
67895,105219,13828,50621,9424,91391,1098,513,585
67900,105230,13830,50625,9426,91400,1098,513,585
67905,105234,13830,50627,9426,91404,1098,513,585
67910,105244,13831,50632,9427,91413,1098,513,585
67915,105250,13832,50637,9428,91418,1098,513,585
67920,105261,13834,50644,9429,91427,1098,513,585
67925,105265,13834,50645,9429,91431,1098,513,585
67930,105275,13835,50652,9429,91440,1098,513,585
67935,105281,13836,50654,9429,91445,1098,513,585
67940,105292,13838,50658,9430,91454,1098,513,585
67945,105296,13838,50659,9430,91458,1098,513,585
67950,105306,13839,50662,9431,91467,1098,513,585
67955,105312,13840,50663,9431,91471,1098,513,585
67960,105323,13843,50668,9433,91480,1098,513,585
67965,105327,13844,50670,9434,91483,1098,513,585
67970,105337,13845,50673,9434,91492,1098,513,585
67975,105343,13846,50677,9435,91497,1098,513,585
67980,105354,13848,50681,9435,91506,1098,513,585
67985,105358,13848,50683,9435,91510,1098,513,585
67990,105368,13849,50690,9435,91519,1098,513,585
67995,105374,13850,50694,9435,91523,1098,513,585
68000,105385,13853,50699,9438,91532,1098,513,585
68005,105389,13853,50700,9438,91536,1098,513,585
68010,105399,13854,50709,9439,91545,1098,513,585
68015,105405,13855,50713,9439,91549,1098,513,585
68020,105416,13858,50718,9440,91558,1098,513,585
68025,105420,13859,50721,9441,91561,1098,513,585
68030,105430,13860,50726,9441,91570,1098,513,585
68035,105436,13861,50730,9442,91575,1098,513,585
68040,105447,13863,50737,9443,91584,1098,513,585
68045,105451,13864,50740,9444,91587,1098,513,585
68050,105461,13865,50746,9444,91596,1098,513,585
68055,105467,13866,50749,9445,91601,1098,513,585
68060,105478,13868,50755,9447,91610,1098,513,585
68065,105482,13868,50759,9447,91614,1098,513,585
68070,105492,13868,50763,9447,91624,1098,513,585
68075,105498,13869,50765,9448,91629,1098,513,585
68080,105509,13871,50772,9450,91638,1098,513,585
68085,105513,13871,50773,9450,91642,1098,513,585
68090,105523,13871,50779,9450,91652,1098,513,585
68095,105529,13872,50782,9451,91657,1098,513,585
68100,105540,13874,50790,9452,91666,1098,513,585
68105,105544,13874,50790,9452,91670,1098,513,585
68110,105554,13874,50792,9452,91680,1098,513,585
68115,105560,13875,50794,9453,91685,1098,513,585
68120,105571,13877,50800,9454,91694,1098,513,585
68125,105575,13877,50802,9454,91698,1098,513,585
68130,105585,13877,50805,9454,91708,1098,513,585
68135,105591,13878,50807,9454,91713,1098,513,585
68140,105602,13880,50813,9455,91722,1098,513,585
68145,105606,13880,50814,9455,91726,1098,513,585
68150,105616,13880,50819,9455,91736,1098,513,585
68155,105622,13881,50823,9456,91741,1098,513,585
68160,105633,13883,50826,9456,91750,1098,513,585
68165,105637,13883,50828,9456,91754,1098,513,585
68170,105647,13883,50832,9456,91764,1098,513,585
68175,105653,13884,50837,9457,91769,1098,513,585
68180,105664,13885,50844,9457,91779,1098,513,585
68185,105668,13885,50848,9457,91783,1098,513,585
68190,105678,13885,50855,9457,91793,1098,513,585
68195,105684,13886,50857,9457,91798,1098,513,585
68200,105695,13887,50862,9457,91808,1098,513,585
68205,105699,13887,50863,9457,91812,1098,513,585
68210,105709,13887,50866,9457,91822,1098,513,585
68215,105715,13888,50870,9458,91827,1098,513,585
68220,105726,13889,50878,9459,91837,1098,513,585
68225,105730,13889,50880,9459,91841,1098,513,585
68230,105740,13889,50884,9459,91851,1098,513,585
68235,105746,13890,50887,9459,91856,1098,513,585
68240,105757,13891,50891,9460,91866,1098,513,585
68245,105761,13891,50893,9460,91870,1098,513,585
68250,105771,13891,50897,9460,91880,1098,513,585
68255,105777,13892,50899,9460,91885,1098,513,585
68260,105788,13893,50904,9461,91895,1098,513,585
68265,105792,13893,50906,9461,91899,1098,513,585
68270,105802,13893,50912,9461,91909,1098,513,585
68275,105808,13894,50915,9461,91914,1098,513,585
68280,105819,13896,50923,9463,91923,1098,513,585
68285,105823,13896,50926,9463,91927,1098,513,585
68290,105833,13896,50930,9463,91937,1098,513,585
68295,105839,13897,50933,9463,91942,1098,513,585
68300,105850,13899,50938,9463,91951,1098,513,585
68305,105854,13899,50939,9463,91955,1098,513,585
68310,105864,13899,50944,9463,91965,1098,513,585
68315,105870,13900,50945,9464,91970,1098,513,585
68320,105881,13902,50950,9464,91979,1098,513,585
68325,105885,13902,50954,9464,91983,1098,513,585
68330,105895,13902,50957,9464,91993,1098,513,585
68335,105901,13903,50960,9464,91998,1098,513,585
68340,105912,13905,50966,9466,92007,1098,513,585
68345,105916,13905,50969,9466,92011,1098,513,585
68350,105926,13905,50972,9466,92021,1098,513,585
68355,105932,13906,50977,9467,92026,1098,513,585
68360,105943,13908,50983,9468,92035,1098,513,585
68365,105947,13908,50986,9468,92039,1098,513,585
68370,105957,13908,50991,9468,92049,1098,513,585
68375,105963,13909,50995,9468,92054,1098,513,585
68380,105974,13911,51001,9470,92063,1098,513,585
68385,105978,13911,51002,9470,92067,1098,513,585
68390,105988,13911,51006,9470,92077,1098,513,585
68395,105994,13912,51010,9471,92082,1098,513,585
68400,106005,13914,51015,9471,92091,1098,513,585
68405,106009,13914,51016,9471,92095,1098,513,585
68410,106019,13914,51020,9471,92105,1098,513,585
68415,106025,13915,51023,9472,92110,1098,513,585
68420,106036,13917,51026,9473,92119,1098,513,585
68425,106040,13917,51028,9473,92123,1098,513,585
68430,106050,13917,51035,9473,92133,1098,513,585
68435,106056,13918,51037,9473,92138,1098,513,585
68440,106067,13920,51042,9474,92147,1098,513,585
68445,106071,13920,51044,9474,92151,1098,513,585
68450,106081,13920,51047,9474,92161,1098,513,585
68455,106087,13921,51049,9475,92166,1098,513,585
68460,106098,13923,51057,9477,92175,1098,513,585
68465,106102,13923,51059,9477,92179,1098,513,585
68470,106112,13923,51068,9477,92189,1098,513,585
68475,106118,13924,51071,9478,92194,1098,513,585
68480,106129,13924,51076,9478,92205,1098,513,585
68485,106133,13924,51077,9478,92209,1098,513,585
68490,106143,13924,51082,9478,92219,1098,513,585
68495,106149,13925,51086,9479,92224,1098,513,585
68500,106160,13925,51090,9479,92235,1098,513,585
68505,106164,13925,51090,9479,92239,1098,513,585
68510,106174,13925,51095,9479,92249,1098,513,585
68515,106180,13926,51097,9479,92254,1098,513,585
68520,106191,13926,51104,9479,92265,1098,513,585
68525,106195,13926,51105,9479,92269,1098,513,585
68530,106205,13926,51110,9479,92279,1098,513,585
68535,106211,13927,51113,9480,92284,1098,513,585
68540,106222,13927,51116,9480,92295,1098,513,585
68545,106226,13927,51120,9480,92299,1098,513,585
68550,106236,13927,51125,9480,92309,1098,513,585
68555,106242,13928,51128,9481,92314,1098,513,585
68560,106253,13928,51134,9481,92325,1098,513,585
68565,106257,13928,51136,9481,92329,1098,513,585
68570,106267,13928,51141,9481,92339,1098,513,585
68575,106273,13929,51147,9482,92344,1098,513,585
68580,106284,13929,51152,9482,92355,1098,513,585
68585,106288,13929,51154,9482,92359,1098,513,585
68590,106298,13929,51159,9482,92369,1098,513,585
68595,106304,13930,51164,9482,92374,1098,513,585
68600,106315,13930,51169,9482,92385,1098,513,585
68605,106319,13930,51170,9482,92389,1098,513,585
68610,106329,13930,51175,9482,92399,1098,513,585
68615,106335,13931,51177,9482,92404,1098,513,585
68620,106346,13931,51178,9482,92415,1098,513,585
68625,106350,13931,51181,9482,92419,1098,513,585
68630,106360,13931,51186,9482,92429,1098,513,585
68635,106366,13932,51188,9483,92434,1098,513,585
68640,106377,13932,51193,9483,92445,1098,513,585
68645,106381,13932,51193,9483,92449,1098,513,585
68650,106391,13932,51198,9483,92459,1098,513,585
68655,106397,13933,51201,9484,92464,1098,513,585
68660,106408,13933,51207,9484,92475,1098,513,585
68665,106412,13933,51208,9484,92479,1098,513,585
68670,106422,13933,51211,9484,92489,1098,513,585
