source,gentime, athop, hopcount,priority, reachedTime
2,3,2,2,1, 5
1,6,1,1,0, 7
3,7,3,3,1, 10
8,16,1,1,1, 17
11,14,4,4,0, 18
9,17,2,2,0, 19
16,19,2,2,0, 21
17,19,3,3,1, 22
15,21,2,2,0, 23
22,26,4,4,0, 30
19,26,5,5,0, 31
23,28,3,3,1, 31
25,35,2,2,1, 37
2,43,2,2,1, 45
1,46,1,1,1, 47
3,47,3,3,0, 50
8,56,1,1,0, 57
11,54,4,4,1, 58
9,57,2,2,0, 59
16,59,2,2,1, 61
17,59,3,3,0, 62
15,61,2,2,1, 63
20,63,6,6,1, 69
22,66,4,4,0, 70
19,66,5,5,1, 71
23,68,3,3,1, 71
25,75,2,2,0, 77
2,83,2,2,0, 85
1,86,1,1,1, 87
3,87,3,3,0, 90
8,96,1,1,1, 97
11,94,4,4,1, 98
9,97,2,2,0, 99
16,99,2,2,0, 101
17,99,3,3,0, 102
15,101,2,2,0, 103
13,99,4,6,1, 105
12,100,5,5,0, 105
20,103,6,6,1, 109
22,106,4,4,0, 110
19,106,5,5,0, 111
23,108,3,3,1, 111
25,115,2,2,0, 117
2,123,2,2,1, 125
1,126,1,1,0, 127
3,127,3,3,0, 130
5,127,3,9,0, 136
8,136,1,1,0, 137
6,130,2,8,1, 138
11,134,4,4,1, 138
9,137,2,2,1, 139
16,139,2,2,1, 141
17,139,3,3,0, 142
15,141,2,2,1, 143
13,139,4,6,0, 145
12,140,5,5,1, 145
20,143,6,6,1, 149
22,146,4,4,1, 150
19,146,5,5,1, 151
23,148,3,3,0, 151
25,155,2,2,1, 157
31,156,2,4,1, 160
28,154,5,7,1, 161
2,163,2,2,0, 165
1,166,1,1,1, 167
3,167,3,3,1, 170
5,167,3,7,1, 174
8,176,1,1,0, 177
6,170,2,8,0, 178
11,174,4,4,1, 178
9,177,2,2,1, 179
16,179,2,2,1, 181
17,179,3,3,0, 182
15,181,2,2,0, 183
13,179,4,6,1, 185
12,180,5,5,0, 185
20,183,6,6,1, 189
22,186,4,4,1, 190
19,186,5,5,0, 191
23,188,3,3,1, 191
25,195,2,2,0, 197
31,196,2,4,1, 200
28,194,5,7,1, 201
2,203,2,2,1, 205
29,198,4,8,1, 206
1,206,1,1,1, 207
3,207,3,3,1, 210
5,207,3,7,0, 214
8,216,1,1,1, 217
6,210,2,8,1, 218
11,214,4,4,0, 218
9,217,2,2,0, 219
16,219,2,2,1, 221
17,219,3,3,1, 222
15,221,2,2,0, 223
13,219,4,6,1, 225
12,220,5,5,0, 225
20,223,6,6,1, 229
22,226,4,4,1, 230
19,226,5,5,1, 231
23,228,3,3,0, 231
25,235,2,2,1, 237
31,236,2,4,1, 240
28,234,5,7,1, 241
2,243,2,2,0, 245
29,238,4,8,0, 246
1,246,1,1,0, 247
3,247,3,3,0, 250
5,247,3,7,0, 254
8,256,1,1,0, 257
6,250,2,8,1, 258
11,254,4,4,0, 258
9,257,2,2,0, 259
16,259,2,2,1, 261
17,259,3,3,0, 262
15,261,2,2,1, 263
13,259,4,6,1, 265
12,260,5,5,1, 265
20,263,6,6,1, 269
22,266,4,4,0, 270
19,266,5,5,1, 271
23,268,3,3,1, 271
25,275,2,2,0, 277
31,276,2,4,0, 280
28,274,5,7,0, 281
2,283,2,2,1, 285
29,278,4,8,0, 286
1,286,1,1,0, 287
3,287,3,3,0, 290
5,287,3,7,1, 294
8,296,1,1,0, 297
6,290,2,8,0, 298
11,294,4,4,0, 298
9,297,2,2,1, 299
16,299,2,2,0, 301
15,301,2,2,0, 303
13,299,4,6,1, 305
12,300,5,5,1, 305
20,303,6,6,1, 309
22,306,4,4,0, 310
23,308,3,3,1, 311
25,315,2,2,1, 317
31,316,2,4,0, 320
28,314,5,7,1, 321
2,323,2,2,1, 325
1,326,1,1,0, 327
3,327,3,3,1, 330
8,336,1,1,1, 337
6,330,2,8,1, 338
16,339,2,2,1, 341
17,339,3,3,1, 342
15,341,2,2,0, 343
13,339,4,6,1, 345
12,340,5,5,1, 345
20,343,6,6,1, 349
22,346,4,4,0, 350
23,348,3,3,1, 351
25,355,2,2,1, 357
31,356,2,4,1, 360
1,366,1,1,0, 367
5,367,3,7,1, 374
8,376,1,1,0, 377
6,370,2,8,1, 378
11,374,4,4,1, 378
9,377,2,2,1, 379
16,379,2,2,1, 381
17,379,3,3,1, 382
15,381,2,2,0, 383
22,386,4,4,1, 390
19,386,5,5,1, 391
23,388,3,3,0, 391
31,396,2,4,0, 400
28,394,5,7,1, 401
29,398,4,8,1, 406
1,406,1,1,1, 407
3,407,3,3,1, 410
5,407,3,7,1, 414
8,416,1,1,0, 417
6,410,2,8,1, 418
9,417,2,2,1, 419
16,419,2,2,1, 421
17,419,3,3,1, 422
15,421,2,2,0, 423
12,420,5,5,1, 425
20,423,6,6,1, 429
22,426,4,4,0, 430
23,428,3,3,0, 431
25,435,2,2,1, 437
31,436,2,4,1, 440
28,434,5,7,1, 441
29,438,4,8,1, 446
1,446,1,1,0, 447
3,447,3,3,1, 450
8,456,1,1,0, 457
9,457,2,2,1, 459
16,459,2,2,0, 461
15,461,2,2,0, 463
13,459,4,6,1, 465
20,463,6,6,1, 469
22,466,4,4,0, 470
23,468,3,3,1, 471
31,476,2,4,0, 480
2,483,2,2,1, 485
29,478,4,8,1, 486
1,486,1,1,1, 487
8,496,1,1,0, 497
11,494,4,4,1, 498
16,499,2,2,1, 501
17,499,3,3,1, 502
15,501,2,2,0, 503
13,499,4,6,1, 505
22,506,4,4,1, 510
23,508,3,3,0, 511
25,515,2,2,1, 517
31,516,2,4,1, 520
28,514,5,7,1, 521
1,526,1,1,0, 527
8,536,1,1,0, 537
6,530,2,8,1, 538
9,537,2,2,1, 539
16,539,2,2,0, 541
15,541,2,2,0, 543
13,539,4,6,1, 545
12,540,5,5,1, 545
20,543,6,6,1, 549
22,546,4,4,0, 550
23,548,3,3,0, 551
31,556,2,4,1, 560
8,576,1,1,0, 577
16,579,2,2,1, 581
15,581,2,2,1, 583
22,586,4,4,0, 590
23,588,3,3,0, 591
31,596,2,4,0, 600
8,616,1,1,0, 617
16,619,2,2,1, 621
15,621,2,2,1, 623
22,626,4,4,0, 630
23,628,3,3,0, 631
31,636,2,4,0, 640
8,656,1,1,1, 657
6,650,2,8,1, 658
9,657,2,2,1, 659
16,659,2,2,0, 661
15,661,2,2,0, 663
13,659,4,6,1, 665
12,660,5,5,1, 665
20,663,6,6,1, 669
22,666,4,4,0, 670
23,668,3,3,0, 671
25,675,2,2,1, 677
31,676,2,4,0, 680
1,686,1,1,0, 687
3,687,3,3,1, 690
5,687,3,7,1, 694
8,696,1,1,1, 697
11,694,4,4,1, 698
16,699,2,2,0, 701
15,701,2,2,1, 703
13,699,4,6,1, 705
12,700,5,5,1, 705
22,706,4,4,0, 710
23,708,3,3,1, 711
31,716,2,4,0, 720
29,718,4,8,1, 726
1,726,1,1,0, 727
3,727,3,3,1, 730
8,736,1,1,0, 737
11,734,4,4,1, 738
16,739,2,2,0, 741
17,739,3,3,1, 742
15,741,2,2,0, 743
20,743,6,6,1, 749
22,746,4,4,1, 750
19,746,5,5,1, 751
23,748,3,3,0, 751
31,756,2,4,0, 760
28,754,5,7,1, 761
29,758,4,8,1, 766
1,766,1,1,1, 767
5,767,3,7,1, 774
8,776,1,1,1, 777
6,770,2,8,1, 778
11,774,4,4,1, 778
16,779,2,2,1, 781
15,781,2,2,0, 783
22,786,4,4,0, 790
19,786,5,5,1, 791
23,788,3,3,0, 791
25,795,2,2,1, 797
31,796,2,4,0, 800
28,794,5,7,1, 801
2,803,2,2,1, 805
1,806,1,1,1, 807
3,807,3,3,1, 810
8,816,1,1,1, 817
16,819,2,2,0, 821
15,821,2,2,1, 823
22,826,4,4,0, 830
23,828,3,3,1, 831
31,836,2,4,1, 840
8,856,1,1,1, 857
16,859,2,2,0, 861
15,861,2,2,1, 863
22,866,4,4,1, 870
23,868,3,3,1, 871
31,876,2,4,0, 880
8,896,1,1,1, 897
16,899,2,2,1, 901
15,901,2,2,0, 903
22,906,4,4,0, 910
23,908,3,3,1, 911
25,915,2,2,1, 917
31,916,2,4,0, 920
28,914,5,7,1, 921
2,923,2,2,1, 925
29,918,4,8,1, 926
1,926,1,1,1, 927
5,927,3,7,1, 934
8,936,1,1,1, 937
6,930,2,8,1, 938
11,934,4,4,1, 938
16,939,2,2,0, 941
17,939,3,3,1, 942
15,941,2,2,1, 943
13,939,4,6,1, 945
12,940,5,5,1, 945
20,943,6,6,1, 949
22,946,4,4,1, 950
23,948,3,3,1, 951
31,956,2,4,1, 960
1,966,1,1,1, 967
8,976,1,1,1, 977
16,979,2,2,0, 981
17,979,3,3,1, 982
15,981,2,2,0, 983
22,986,4,4,0, 990
23,988,3,3,1, 991
31,996,2,4,1, 1000
1,1006,1,1,0, 1007
8,1016,1,1,1, 1017
9,1017,2,2,1, 1019
16,1019,2,2,0, 1021
17,1019,3,3,1, 1022
15,1021,2,2,0, 1023
22,1026,4,4,1, 1030
23,1028,3,3,0, 1031
31,1036,2,4,0, 1040
1,1046,1,1,0, 1047
8,1056,1,1,0, 1057
16,1059,2,2,1, 1061
15,1061,2,2,0, 1063
20,1063,6,6,1, 1069
22,1066,4,4,0, 1070
23,1068,3,3,0, 1071
31,1076,2,4,0, 1080
28,1074,5,7,1, 1081
2,1083,2,2,1, 1085
29,1078,4,8,1, 1086
1,1086,1,1,0, 1087
3,1087,3,3,1, 1090
5,1087,3,7,1, 1094
8,1096,1,1,1, 1097
16,1099,2,2,1, 1101
15,1101,2,2,0, 1103
12,1100,5,5,1, 1105
20,1103,6,6,1, 1109
22,1106,4,4,1, 1110
23,1108,3,3,1, 1111
31,1116,2,4,0, 1120
1,1126,1,1,1, 1127
3,1127,3,3,1, 1130
8,1136,1,1,1, 1137
6,1130,2,8,1, 1138
9,1137,2,2,1, 1139
16,1139,2,2,1, 1141
15,1141,2,2,0, 1143
13,1139,4,6,1, 1145
12,1140,5,5,1, 1145
22,1146,4,4,0, 1150
23,1148,3,3,0, 1151
25,1155,2,2,1, 1157
31,1156,2,4,1, 1160
2,1163,2,2,1, 1165
1,1166,1,1,1, 1167
8,1176,1,1,0, 1177
11,1174,4,4,1, 1178
9,1177,2,2,1, 1179
16,1179,2,2,0, 1181
15,1181,2,2,0, 1183
13,1179,4,6,1, 1185
22,1186,4,4,1, 1190
19,1186,5,5,1, 1191
23,1188,3,3,1, 1191
31,1196,2,4,0, 1200
29,1198,4,8,1, 1206
1,1206,1,1,1, 1207
5,1207,3,7,1, 1214
8,1216,1,1,0, 1217
6,1210,2,8,1, 1218
9,1217,2,2,1, 1219
16,1219,2,2,1, 1221
17,1219,3,3,1, 1222
15,1221,2,2,1, 1223
22,1226,4,4,1, 1230
19,1226,5,5,1, 1231
23,1228,3,3,1, 1231
25,1235,2,2,1, 1237
31,1236,2,4,0, 1240
2,1243,2,2,1, 1245
29,1238,4,8,1, 1246
1,1246,1,1,1, 1247
3,1247,3,3,1, 1250
8,1256,1,1,0, 1257
11,1254,4,4,1, 1258
16,1259,2,2,0, 1261
15,1261,2,2,0, 1263
12,1260,5,5,1, 1265
22,1266,4,4,1, 1270
19,1266,5,5,1, 1271
23,1268,3,3,0, 1271
25,1275,2,2,1, 1277
31,1276,2,4,0, 1280
28,1274,5,7,1, 1281
2,1283,2,2,1, 1285
8,1296,1,1,1, 1297
16,1299,2,2,1, 1301
15,1301,2,2,0, 1303
22,1306,4,4,1, 1310
23,1308,3,3,0, 1311
31,1316,2,4,1, 1320
8,1336,1,1,0, 1337
16,1339,2,2,1, 1341
15,1341,2,2,0, 1343
22,1346,4,4,0, 1350
23,1348,3,3,0, 1351
31,1356,2,4,0, 1360
8,1376,1,1,1, 1377
16,1379,2,2,0, 1381
15,1381,2,2,0, 1383
22,1386,4,4,0, 1390
23,1388,3,3,0, 1391
25,1395,2,2,1, 1397
31,1396,2,4,0, 1400
1,1406,1,1,0, 1407
8,1416,1,1,1, 1417
9,1417,2,2,1, 1419
16,1419,2,2,0, 1421
15,1421,2,2,1, 1423
22,1426,4,4,1, 1430
23,1428,3,3,0, 1431
31,1436,2,4,0, 1440
1,1446,1,1,1, 1447
8,1456,1,1,1, 1457
9,1457,2,2,1, 1459
16,1459,2,2,0, 1461
17,1459,3,3,1, 1462
15,1461,2,2,1, 1463
22,1466,4,4,0, 1470
23,1468,3,3,1, 1471
25,1475,2,2,1, 1477
31,1476,2,4,0, 1480
1,1486,1,1,0, 1487
3,1487,3,3,1, 1490
8,1496,1,1,1, 1497
9,1497,2,2,1, 1499
16,1499,2,2,0, 1501
15,1501,2,2,1, 1503
13,1499,4,6,1, 1505
20,1503,6,6,1, 1509
22,1506,4,4,1, 1510
19,1506,5,5,1, 1511
23,1508,3,3,1, 1511
25,1515,2,2,1, 1517
31,1516,2,4,0, 1520
2,1523,2,2,1, 1525
1,1526,1,1,1, 1527
8,1536,1,1,0, 1537
6,1530,2,8,1, 1538
11,1534,4,4,1, 1538
9,1537,2,2,1, 1539
16,1539,2,2,0, 1541
17,1539,3,3,1, 1542
15,1541,2,2,1, 1543
20,1543,6,6,1, 1549
22,1546,4,4,1, 1550
23,1548,3,3,0, 1551
25,1555,2,2,1, 1557
31,1556,2,4,0, 1560
28,1554,5,7,1, 1561
1,1566,1,1,0, 1567
3,1567,3,3,1, 1570
8,1576,1,1,0, 1577
6,1570,2,8,1, 1578
11,1574,4,4,1, 1578
16,1579,2,2,1, 1581
15,1581,2,2,1, 1583
13,1579,4,6,1, 1585
22,1586,4,4,1, 1590
23,1588,3,3,1, 1591
31,1596,2,4,1, 1600
1,1606,1,1,0, 1607
3,1607,3,3,1, 1610
8,1616,1,1,1, 1617
9,1617,2,2,1, 1619
16,1619,2,2,0, 1621
15,1621,2,2,1, 1623
12,1620,5,5,1, 1625
20,1623,6,6,1, 1629
22,1626,4,4,1, 1630
23,1628,3,3,1, 1631
31,1636,2,4,0, 1640
28,1634,5,7,1, 1641
1,1646,1,1,1, 1647
3,1647,3,3,1, 1650
8,1656,1,1,1, 1657
6,1650,2,8,1, 1658
16,1659,2,2,1, 1661
15,1661,2,2,0, 1663
13,1659,4,6,1, 1665
22,1666,4,4,0, 1670
19,1666,5,5,1, 1671
23,1668,3,3,0, 1671
25,1675,2,2,1, 1677
31,1676,2,4,0, 1680
1,1686,1,1,1, 1687
5,1687,3,7,1, 1694
8,1696,1,1,0, 1697
6,1690,2,8,1, 1698
17,1699,3,3,1, 1702
13,1699,4,6,1, 1705
20,1703,6,6,1, 1709
22,1706,4,4,1, 1710
25,1715,2,2,1, 1717
2,1723,2,2,1, 1725
1,1726,1,1,1, 1727
5,1727,3,7,1, 1734
8,1736,1,1,0, 1737
13,1739,4,6,1, 1745
12,1740,5,5,1, 1745
22,1746,4,4,1, 1750
19,1746,5,5,1, 1751
23,1748,3,3,1, 1751
31,1756,2,4,1, 1760
2,1763,2,2,1, 1765
1,1766,1,1,0, 1767
8,1776,1,1,0, 1777
6,1770,2,8,1, 1778
11,1774,4,4,1, 1778
17,1779,3,3,1, 1782
13,1779,4,6,1, 1785
20,1783,6,6,1, 1789
31,1796,2,4,1, 1800
8,1816,1,1,1, 1817
16,1819,2,2,1, 1821
22,1826,4,4,1, 1830
23,1828,3,3,1, 1831
8,1856,1,1,1, 1857
16,1859,2,2,1, 1861
31,1876,2,4,1, 1880
5,1887,3,7,1, 1894
8,1896,1,1,1, 1897
11,1894,4,4,1, 1898
9,1897,2,2,1, 1899
22,1906,4,4,1, 1910
25,1915,2,2,1, 1917
28,1914,5,7,1, 1921
29,1918,4,8,1, 1926
1,1926,1,1,1, 1927
5,1927,3,7,1, 1934
8,1936,1,1,0, 1937
6,1930,2,8,1, 1938
11,1934,4,4,1, 1938
16,1939,2,2,1, 1941
15,1941,2,2,1, 1943
13,1939,4,6,1, 1945
12,1940,5,5,1, 1945
22,1946,4,4,1, 1950
23,1948,3,3,1, 1951
1,1966,1,1,0, 1967
8,1976,1,1,1, 1977
9,1977,2,2,1, 1979
17,1979,3,3,1, 1982
15,1981,2,2,1, 1983
22,1986,4,4,1, 1990
23,1988,3,3,1, 1991
1,2006,1,1,0, 2007
8,2016,1,1,1, 2017
9,2017,2,2,1, 2019
16,2019,2,2,1, 2021
15,2021,2,2,1, 2023
23,2028,3,3,1, 2031
1,2046,1,1,1, 2047
5,2047,3,7,1, 2054
8,2056,1,1,0, 2057
6,2050,2,8,1, 2058
11,2054,4,4,1, 2058
9,2057,2,2,1, 2059
17,2059,3,3,1, 2062
15,2061,2,2,1, 2063
13,2059,4,6,1, 2065
23,2068,3,3,1, 2071
1,2086,1,1,1, 2087
8,2096,1,1,1, 2097
9,2097,2,2,1, 2099
17,2099,3,3,1, 2102
15,2101,2,2,1, 2103
31,2116,2,4,1, 2120
2,2123,2,2,1, 2125
1,2126,1,1,1, 2127
8,2136,1,1,0, 2137
9,2137,2,2,1, 2139
16,2139,2,2,1, 2141
17,2139,3,3,1, 2142
15,2141,2,2,1, 2143
23,2148,3,3,1, 2151
31,2156,2,4,1, 2160
2,2163,2,2,1, 2165
1,2166,1,1,0, 2167
3,2167,3,3,1, 2170
5,2167,3,7,1, 2174
8,2176,1,1,1, 2177
11,2174,4,4,1, 2178
16,2179,2,2,1, 2181
12,2180,5,5,1, 2185
22,2186,4,4,1, 2190
1,2206,1,1,1, 2207
3,2207,3,3,1, 2210
8,2216,1,1,1, 2217
6,2210,2,8,1, 2218
11,2214,4,4,1, 2218
16,2219,2,2,1, 2221
13,2219,4,6,1, 2225
20,2223,6,6,1, 2229
23,2228,3,3,1, 2231
31,2236,2,4,1, 2240
28,2234,5,7,1, 2241
2,2243,2,2,1, 2245
1,2246,1,1,0, 2247
3,2247,3,3,1, 2250
5,2247,3,7,1, 2254
8,2256,1,1,0, 2257
11,2254,4,4,1, 2258
9,2257,2,2,1, 2259
17,2259,3,3,1, 2262
12,2260,5,5,1, 2265
19,2266,5,5,1, 2271
28,2274,5,7,1, 2281
1,2286,1,1,1, 2287
8,2296,1,1,1, 2297
12,2300,5,5,1, 2305
19,2306,5,5,1, 2311
23,2308,3,3,1, 2311
25,2315,2,2,1, 2317
28,2314,5,7,1, 2321
29,2318,4,8,1, 2326
1,2326,1,1,0, 2327
3,2327,3,3,1, 2330
5,2327,3,7,1, 2334
8,2336,1,1,1, 2337
6,2330,2,8,1, 2338
11,2334,4,4,1, 2338
9,2337,2,2,1, 2339
15,2341,2,2,1, 2343
23,2348,3,3,1, 2351
8,2376,1,1,0, 2377
22,2386,4,4,1, 2390
31,2396,2,4,1, 2400
8,2416,1,1,1, 2417
16,2419,2,2,1, 2421
15,2421,2,2,0, 2423
22,2426,4,4,0, 2430
23,2428,3,3,0, 2431
31,2436,2,4,0, 2440
1,2446,1,1,0, 2447
3,2447,3,3,1, 2450
8,2456,1,1,1, 2457
6,2450,2,8,1, 2458
11,2454,4,4,1, 2458
9,2457,2,2,1, 2459
16,2459,2,2,1, 2461
17,2459,3,3,1, 2462
15,2461,2,2,1, 2463
13,2459,4,6,1, 2465
20,2463,6,6,1, 2469
22,2466,4,4,0, 2470
19,2466,5,5,1, 2471
23,2468,3,3,0, 2471
31,2476,2,4,1, 2480
28,2474,5,7,1, 2481
2,2483,2,2,1, 2485
29,2478,4,8,1, 2486
1,2486,1,1,1, 2487
3,2487,3,3,1, 2490
5,2487,3,7,1, 2494
8,2496,1,1,1, 2497
6,2490,2,8,1, 2498
16,2499,2,2,0, 2501
15,2501,2,2,1, 2503
13,2499,4,6,1, 2505
20,2503,6,6,1, 2509
22,2506,4,4,1, 2510
19,2506,5,5,1, 2511
23,2508,3,3,1, 2511
31,2516,2,4,1, 2520
1,2526,1,1,1, 2527
8,2536,1,1,1, 2537
16,2539,2,2,0, 2541
17,2539,3,3,1, 2542
15,2541,2,2,0, 2543
22,2546,4,4,1, 2550
23,2548,3,3,1, 2551
31,2556,2,4,0, 2560
1,2566,1,1,1, 2567
8,2576,1,1,1, 2577
16,2579,2,2,0, 2581
17,2579,3,3,1, 2582
15,2581,2,2,0, 2583
22,2586,4,4,0, 2590
23,2588,3,3,1, 2591
31,2596,2,4,0, 2600
1,2606,1,1,0, 2607
8,2616,1,1,1, 2617
9,2617,2,2,1, 2619
16,2619,2,2,1, 2621
15,2621,2,2,0, 2623
13,2619,4,6,1, 2625
12,2620,5,5,1, 2625
22,2626,4,4,0, 2630
23,2628,3,3,1, 2631
25,2635,2,2,1, 2637
31,2636,2,4,1, 2640
28,2634,5,7,1, 2641
2,2643,2,2,1, 2645
1,2646,1,1,1, 2647
5,2647,3,7,1, 2654
8,2656,1,1,1, 2657
11,2654,4,4,1, 2658
16,2659,2,2,0, 2661
15,2661,2,2,0, 2663
13,2659,4,6,1, 2665
12,2660,5,5,1, 2665
20,2663,6,6,1, 2669
22,2666,4,4,1, 2670
23,2668,3,3,1, 2671
31,2676,2,4,0, 2680
2,2683,2,2,1, 2685
1,2686,1,1,0, 2687
3,2687,3,3,1, 2690
5,2687,3,7,1, 2694
8,2696,1,1,1, 2697
6,2690,2,8,1, 2698
9,2697,2,2,1, 2699
16,2699,2,2,0, 2701
17,2699,3,3,1, 2702
15,2701,2,2,1, 2703
13,2699,4,6,1, 2705
22,2706,4,4,1, 2710
23,2708,3,3,1, 2711
31,2716,2,4,0, 2720
8,2736,1,1,1, 2737
16,2739,2,2,1, 2741
15,2741,2,2,1, 2743
22,2746,4,4,0, 2750
23,2748,3,3,1, 2751
31,2756,2,4,0, 2760
8,2776,1,1,1, 2777
16,2779,2,2,0, 2781
15,2781,2,2,1, 2783
22,2786,4,4,1, 2790
23,2788,3,3,0, 2791
31,2796,2,4,0, 2800
8,2816,1,1,0, 2817
6,2810,2,8,1, 2818
16,2819,2,2,0, 2821
15,2821,2,2,0, 2823
22,2826,4,4,1, 2830
23,2828,3,3,1, 2831
25,2835,2,2,1, 2837
31,2836,2,4,0, 2840
1,2846,1,1,1, 2847
8,2856,1,1,0, 2857
16,2859,2,2,1, 2861
15,2861,2,2,1, 2863
22,2866,4,4,0, 2870
23,2868,3,3,0, 2871
25,2875,2,2,1, 2877
31,2876,2,4,1, 2880
1,2886,1,1,0, 2887
8,2896,1,1,1, 2897
9,2897,2,2,1, 2899
16,2899,2,2,1, 2901
17,2899,3,3,1, 2902
15,2901,2,2,1, 2903
22,2906,4,4,1, 2910
23,2908,3,3,1, 2911
31,2916,2,4,1, 2920
2,2923,2,2,1, 2925
1,2926,1,1,1, 2927
3,2927,3,3,1, 2930
8,2936,1,1,0, 2937
9,2937,2,2,1, 2939
16,2939,2,2,1, 2941
15,2941,2,2,1, 2943
20,2943,6,6,1, 2949
22,2946,4,4,0, 2950
19,2946,5,5,1, 2951
23,2948,3,3,0, 2951
31,2956,2,4,1, 2960
28,2954,5,7,1, 2961
2,2963,2,2,1, 2965
29,2958,4,8,1, 2966
1,2966,1,1,0, 2967
8,2976,1,1,0, 2977
9,2977,2,2,1, 2979
16,2979,2,2,1, 2981
15,2981,2,2,0, 2983
13,2979,4,6,1, 2985
22,2986,4,4,0, 2990
23,2988,3,3,0, 2991
31,2996,2,4,0, 3000
28,2994,5,7,1, 3001
29,2998,4,8,1, 3006
1,3006,1,1,1, 3007
5,3007,3,7,1, 3014
8,3016,1,1,0, 3017
6,3010,2,8,1, 3018
11,3014,4,4,1, 3018
16,3019,2,2,1, 3021
15,3021,2,2,1, 3023
13,3019,4,6,1, 3025
12,3020,5,5,1, 3025
20,3023,6,6,1, 3029
22,3026,4,4,0, 3030
23,3028,3,3,1, 3031
31,3036,2,4,1, 3040
1,3046,1,1,0, 3047
3,3047,3,3,1, 3050
5,3047,3,7,1, 3054
8,3056,1,1,0, 3057
6,3050,2,8,1, 3058
16,3059,2,2,1, 3061
15,3061,2,2,1, 3063
12,3060,5,5,1, 3065
22,3066,4,4,1, 3070
19,3066,5,5,1, 3071
23,3068,3,3,1, 3071
25,3075,2,2,1, 3077
31,3076,2,4,1, 3080
1,3086,1,1,0, 3087
5,3087,3,7,1, 3094
8,3096,1,1,1, 3097
6,3090,2,8,1, 3098
16,3099,2,2,1, 3101
17,3099,3,3,1, 3102
15,3101,2,2,1, 3103
13,3099,4,6,1, 3105
12,3100,5,5,1, 3105
22,3106,4,4,1, 3110
19,3106,5,5,1, 3111
23,3108,3,3,1, 3111
31,3116,2,4,0, 3120
28,3114,5,7,1, 3121
1,3126,1,1,1, 3127
3,3127,3,3,1, 3130
8,3136,1,1,1, 3137
16,3139,2,2,1, 3141
15,3141,2,2,1, 3143
22,3146,4,4,0, 3150
23,3148,3,3,0, 3151
1,3166,1,1,1, 3167
3,3167,3,3,1, 3170
8,3176,1,1,1, 3177
17,3179,3,3,1, 3182
15,3181,2,2,1, 3183
22,3186,4,4,1, 3190
1,3206,1,1,1, 3207
8,3216,1,1,1, 3217
17,3219,3,3,1, 3222
15,3221,2,2,1, 3223
20,3223,6,6,1, 3229
23,3228,3,3,1, 3231
25,3235,2,2,1, 3237
31,3236,2,4,1, 3240
28,3234,5,7,1, 3241
1,3246,1,1,1, 3247
5,3247,3,7,1, 3254
8,3256,1,1,0, 3257
6,3250,2,8,1, 3258
12,3260,5,5,1, 3265
20,3263,6,6,1, 3269
22,3266,4,4,1, 3270
19,3266,5,5,1, 3271
23,3268,3,3,1, 3271
2,3283,2,2,1, 3285
1,3286,1,1,1, 3287
3,3287,3,3,1, 3290
8,3296,1,1,1, 3297
16,3299,2,2,1, 3301
12,3300,5,5,1, 3305
20,3303,6,6,1, 3309
22,3306,4,4,1, 3310
19,3306,5,5,1, 3311
23,3308,3,3,1, 3311
28,3314,5,7,1, 3321
1,3326,1,1,1, 3327
5,3327,3,7,1, 3334
8,3336,1,1,1, 3337
11,3334,4,4,1, 3338
9,3337,2,2,1, 3339
16,3339,2,2,1, 3341
19,3346,5,5,1, 3351
23,3348,3,3,1, 3351
25,3355,2,2,1, 3357
28,3354,5,7,1, 3361
1,3366,1,1,1, 3367
3,3367,3,3,1, 3370
5,3367,3,7,1, 3374
8,3376,1,1,1, 3377
11,3374,4,4,1, 3378
16,3379,2,2,1, 3381
22,3386,4,4,1, 3390
23,3388,3,3,1, 3391
31,3396,2,4,1, 3400
8,3416,1,1,1, 3417
16,3419,2,2,1, 3421
15,3421,2,2,1, 3423
31,3436,2,4,1, 3440
8,3456,1,1,0, 3457
15,3461,2,2,1, 3463
31,3476,2,4,1, 3480
1,3486,1,1,1, 3487
8,3496,1,1,0, 3497
16,3499,2,2,1, 3501
22,3506,4,4,1, 3510
23,3508,3,3,1, 3511
25,3515,2,2,1, 3517
1,3526,1,1,1, 3527
3,3527,3,3,1, 3530
5,3527,3,7,1, 3534
8,3536,1,1,1, 3537
11,3534,4,4,1, 3538
15,3541,2,2,1, 3543
13,3539,4,6,1, 3545
12,3540,5,5,1, 3545
20,3543,6,6,1, 3549
31,3556,2,4,1, 3560
29,3558,4,8,1, 3566
1,3566,1,1,1, 3567
5,3567,3,7,1, 3574
8,3576,1,1,0, 3577
11,3574,4,4,1, 3578
9,3577,2,2,1, 3579
16,3579,2,2,1, 3581
17,3579,3,3,1, 3582
20,3583,6,6,1, 3589
22,3586,4,4,1, 3590
19,3586,5,5,1, 3591
23,3588,3,3,1, 3591
25,3595,2,2,1, 3597
31,3596,2,4,1, 3600
29,3598,4,8,1, 3606
1,3606,1,1,1, 3607
3,3607,3,3,1, 3610
5,3607,3,7,1, 3614
8,3616,1,1,1, 3617
6,3610,2,8,1, 3618
9,3617,2,2,1, 3619
20,3623,6,6,1, 3629
22,3626,4,4,1, 3630
25,3635,2,2,1, 3637
29,3638,4,8,1, 3646
1,3646,1,1,0, 3647
3,3647,3,3,1, 3650
5,3647,3,7,1, 3654
8,3656,1,1,0, 3657
6,3650,2,8,1, 3658
9,3657,2,2,1, 3659
17,3659,3,3,1, 3662
15,3661,2,2,1, 3663
13,3659,4,6,1, 3665
22,3666,4,4,1, 3670
19,3666,5,5,1, 3671
25,3675,2,2,1, 3677
31,3676,2,4,1, 3680
28,3674,5,7,1, 3681
8,3696,1,1,0, 3697
23,3708,3,3,1, 3711
8,3736,1,1,0, 3737
23,3748,3,3,1, 3751
8,3776,1,1,1, 3777
16,3779,2,2,1, 3781
15,3781,2,2,1, 3783
19,3786,5,5,1, 3791
2,3803,2,2,1, 3805
1,3806,1,1,1, 3807
3,3807,3,3,1, 3810
5,3807,3,7,1, 3814
8,3816,1,1,0, 3817
6,3810,2,8,1, 3818
9,3817,2,2,1, 3819
17,3819,3,3,1, 3822
15,3821,2,2,1, 3823
12,3820,5,5,1, 3825
22,3826,4,4,1, 3830
19,3826,5,5,1, 3831
23,3828,3,3,1, 3831
25,3835,2,2,1, 3837
31,3836,2,4,1, 3840
28,3834,5,7,1, 3841
1,3846,1,1,1, 3847
5,3847,3,7,1, 3854
8,3856,1,1,1, 3857
9,3857,2,2,1, 3859
16,3859,2,2,1, 3861
17,3859,3,3,1, 3862
15,3861,2,2,1, 3863
13,3859,4,6,1, 3865
19,3866,5,5,1, 3871
25,3875,2,2,1, 3877
29,3878,4,8,1, 3886
1,3886,1,1,1, 3887
3,3887,3,3,1, 3890
8,3896,1,1,0, 3897
9,3897,2,2,1, 3899
16,3899,2,2,1, 3901
17,3899,3,3,1, 3902
12,3900,5,5,1, 3905
25,3915,2,2,1, 3917
28,3914,5,7,1, 3921
1,3926,1,1,0, 3927
5,3927,3,7,1, 3934
8,3936,1,1,1, 3937
6,3930,2,8,1, 3938
15,3941,2,2,1, 3943
13,3939,4,6,1, 3945
20,3943,6,6,1, 3949
23,3948,3,3,1, 3951
29,3958,4,8,1, 3966
1,3966,1,1,1, 3967
3,3967,3,3,1, 3970
8,3976,1,1,1, 3977
15,3981,2,2,1, 3983
22,3986,4,4,1, 3990
8,4016,1,1,1, 4017
16,4019,2,2,1, 4021
15,4021,2,2,1, 4023
22,4026,4,4,0, 4030
23,4028,3,3,1, 4031
31,4036,2,4,0, 4040
8,4056,1,1,0, 4057
16,4059,2,2,0, 4061
15,4061,2,2,0, 4063
22,4066,4,4,1, 4070
23,4068,3,3,0, 4071
31,4076,2,4,0, 4080
28,4074,5,7,1, 4081
29,4078,4,8,1, 4086
1,4086,1,1,1, 4087
5,4087,3,7,1, 4094
8,4096,1,1,0, 4097
9,4097,2,2,1, 4099
16,4099,2,2,0, 4101
15,4101,2,2,1, 4103
20,4103,6,6,1, 4109
22,4106,4,4,1, 4110
23,4108,3,3,1, 4111
31,4116,2,4,1, 4120
28,4114,5,7,1, 4121
2,4123,2,2,1, 4125
1,4126,1,1,0, 4127
3,4127,3,3,1, 4130
8,4136,1,1,0, 4137
16,4139,2,2,0, 4141
15,4141,2,2,1, 4143
13,4139,4,6,1, 4145
12,4140,5,5,1, 4145
20,4143,6,6,1, 4149
22,4146,4,4,0, 4150
23,4148,3,3,1, 4151
25,4155,2,2,1, 4157
31,4156,2,4,0, 4160
28,4154,5,7,1, 4161
2,4163,2,2,1, 4165
1,4166,1,1,1, 4167
3,4167,3,3,1, 4170
8,4176,1,1,0, 4177
16,4179,2,2,1, 4181
17,4179,3,3,1, 4182
15,4181,2,2,1, 4183
22,4186,4,4,0, 4190
23,4188,3,3,1, 4191
31,4196,2,4,1, 4200
1,4206,1,1,1, 4207
8,4216,1,1,0, 4217
16,4219,2,2,1, 4221
17,4219,3,3,1, 4222
15,4221,2,2,0, 4223
22,4226,4,4,0, 4230
23,4228,3,3,0, 4231
25,4235,2,2,1, 4237
31,4236,2,4,0, 4240
1,4246,1,1,1, 4247
8,4256,1,1,0, 4257
16,4259,2,2,1, 4261
15,4261,2,2,1, 4263
22,4266,4,4,1, 4270
23,4268,3,3,1, 4271
25,4275,2,2,1, 4277
31,4276,2,4,0, 4280
1,4286,1,1,1, 4287
3,4287,3,3,1, 4290
8,4296,1,1,1, 4297
16,4299,2,2,0, 4301
15,4301,2,2,1, 4303
22,4306,4,4,0, 4310
23,4308,3,3,1, 4311
25,4315,2,2,1, 4317
31,4316,2,4,0, 4320
28,4314,5,7,1, 4321
1,4326,1,1,0, 4327
3,4327,3,3,1, 4330
8,4336,1,1,0, 4337
6,4330,2,8,1, 4338
11,4334,4,4,1, 4338
9,4337,2,2,1, 4339
16,4339,2,2,1, 4341
17,4339,3,3,1, 4342
15,4341,2,2,1, 4343
22,4346,4,4,1, 4350
19,4346,5,5,1, 4351
23,4348,3,3,1, 4351
25,4355,2,2,1, 4357
31,4356,2,4,1, 4360
28,4354,5,7,1, 4361
2,4363,2,2,1, 4365
29,4358,4,8,1, 4366
1,4366,1,1,1, 4367
3,4367,3,3,1, 4370
5,4367,3,7,1, 4374
8,4376,1,1,0, 4377
6,4370,2,8,1, 4378
11,4374,4,4,1, 4378
16,4379,2,2,1, 4381
17,4379,3,3,1, 4382
15,4381,2,2,1, 4383
20,4383,6,6,1, 4389
22,4386,4,4,1, 4390
19,4386,5,5,1, 4391
23,4388,3,3,0, 4391
25,4395,2,2,1, 4397
31,4396,2,4,0, 4400
28,4394,5,7,1, 4401
29,4398,4,8,1, 4406
1,4406,1,1,1, 4407
3,4407,3,3,1, 4410
5,4407,3,7,1, 4414
8,4416,1,1,1, 4417
16,4419,2,2,0, 4421
17,4419,3,3,1, 4422
15,4421,2,2,1, 4423
13,4419,4,6,1, 4425
22,4426,4,4,0, 4430
23,4428,3,3,0, 4431
31,4436,2,4,0, 4440
8,4456,1,1,0, 4457
16,4459,2,2,0, 4461
15,4461,2,2,0, 4463
22,4466,4,4,0, 4470
23,4468,3,3,1, 4471
31,4476,2,4,0, 4480
8,4496,1,1,1, 4497
16,4499,2,2,0, 4501
15,4501,2,2,0, 4503
22,4506,4,4,0, 4510
23,4508,3,3,1, 4511
31,4516,2,4,1, 4520
1,4526,1,1,0, 4527
8,4536,1,1,0, 4537
9,4537,2,2,1, 4539
16,4539,2,2,0, 4541
17,4539,3,3,1, 4542
15,4541,2,2,1, 4543
13,4539,4,6,1, 4545
20,4543,6,6,1, 4549
22,4546,4,4,0, 4550
23,4548,3,3,0, 4551
31,4556,2,4,0, 4560
1,4566,1,1,1, 4567
3,4567,3,3,1, 4570
8,4576,1,1,1, 4577
11,4574,4,4,1, 4578
16,4579,2,2,0, 4581
17,4579,3,3,1, 4582
15,4581,2,2,1, 4583
12,4580,5,5,1, 4585
22,4586,4,4,0, 4590
23,4588,3,3,0, 4591
31,4596,2,4,1, 4600
29,4598,4,8,1, 4606
1,4606,1,1,1, 4607
8,4616,1,1,0, 4617
6,4610,2,8,1, 4618
11,4614,4,4,1, 4618
16,4619,2,2,0, 4621
15,4621,2,2,0, 4623
13,4619,4,6,1, 4625
12,4620,5,5,1, 4625
20,4623,6,6,1, 4629
22,4626,4,4,0, 4630
19,4626,5,5,1, 4631
23,4628,3,3,0, 4631
25,4635,2,2,1, 4637
31,4636,2,4,0, 4640
29,4638,4,8,1, 4646
1,4646,1,1,0, 4647
3,4647,3,3,1, 4650
8,4656,1,1,0, 4657
6,4650,2,8,1, 4658
11,4654,4,4,1, 4658
9,4657,2,2,1, 4659
16,4659,2,2,0, 4661
17,4659,3,3,1, 4662
15,4661,2,2,0, 4663
12,4660,5,5,1, 4665
20,4663,6,6,1, 4669
22,4666,4,4,0, 4670
23,4668,3,3,0, 4671
25,4675,2,2,1, 4677
31,4676,2,4,0, 4680
28,4674,5,7,1, 4681
1,4686,1,1,0, 4687
8,4696,1,1,1, 4697
9,4697,2,2,1, 4699
16,4699,2,2,0, 4701
17,4699,3,3,1, 4702
15,4701,2,2,1, 4703
22,4706,4,4,1, 4710
23,4708,3,3,0, 4711
31,4716,2,4,0, 4720
1,4726,1,1,0, 4727
8,4736,1,1,0, 4737
9,4737,2,2,1, 4739
16,4739,2,2,1, 4741
15,4741,2,2,1, 4743
22,4746,4,4,1, 4750
23,4748,3,3,0, 4751
25,4755,2,2,1, 4757
31,4756,2,4,1, 4760
1,4766,1,1,1, 4767
8,4776,1,1,1, 4777
16,4779,2,2,1, 4781
17,4779,3,3,1, 4782
15,4781,2,2,1, 4783
22,4786,4,4,1, 4790
23,4788,3,3,1, 4791
31,4796,2,4,1, 4800
2,4803,2,2,1, 4805
1,4806,1,1,1, 4807
3,4807,3,3,1, 4810
5,4807,3,7,1, 4814
8,4816,1,1,1, 4817
11,4814,4,4,1, 4818
9,4817,2,2,1, 4819
16,4819,2,2,1, 4821
15,4821,2,2,1, 4823
20,4823,6,6,1, 4829
22,4826,4,4,1, 4830
29,4838,4,8,1, 4846
1,4846,1,1,1, 4847
5,4847,3,7,1, 4854
8,4856,1,1,1, 4857
17,4859,3,3,1, 4862
13,4859,4,6,1, 4865
20,4863,6,6,1, 4869
25,4875,2,2,1, 4877
31,4876,2,4,1, 4880
28,4874,5,7,1, 4881
29,4878,4,8,1, 4886
1,4886,1,1,0, 4887
8,4896,1,1,1, 4897
6,4890,2,8,1, 4898
16,4899,2,2,1, 4901
17,4899,3,3,1, 4902
13,4899,4,6,1, 4905
22,4906,4,4,1, 4910
19,4906,5,5,1, 4911
23,4908,3,3,1, 4911
25,4915,2,2,1, 4917
8,4936,1,1,0, 4937
16,4939,2,2,1, 4941
22,4946,4,4,1, 4950
23,4948,3,3,1, 4951
31,4956,2,4,1, 4960
8,4976,1,1,0, 4977
16,4979,2,2,1, 4981
22,4986,4,4,1, 4990
31,4996,2,4,1, 5000
8,5016,1,1,1, 5017
17,5019,3,3,1, 5022
15,5021,2,2,1, 5023
31,5036,2,4,1, 5040
29,5038,4,8,1, 5046
1,5046,1,1,1, 5047
3,5047,3,3,1, 5050
8,5056,1,1,0, 5057
9,5057,2,2,1, 5059
13,5059,4,6,1, 5065
12,5060,5,5,1, 5065
25,5075,2,2,1, 5077
31,5076,2,4,1, 5080
2,5083,2,2,1, 5085
29,5078,4,8,1, 5086
1,5086,1,1,1, 5087
8,5096,1,1,1, 5097
11,5094,4,4,1, 5098
9,5097,2,2,1, 5099
17,5099,3,3,1, 5102
15,5101,2,2,1, 5103
13,5099,4,6,1, 5105
12,5100,5,5,1, 5105
22,5106,4,4,1, 5110
19,5106,5,5,1, 5111
23,5108,3,3,1, 5111
25,5115,2,2,1, 5117
2,5123,2,2,1, 5125
1,5126,1,1,0, 5127
3,5127,3,3,1, 5130
8,5136,1,1,1, 5137
11,5134,4,4,1, 5138
15,5141,2,2,1, 5143
12,5140,5,5,1, 5145
20,5143,6,6,1, 5149
22,5146,4,4,1, 5150
19,5146,5,5,1, 5151
31,5156,2,4,1, 5160
2,5163,2,2,1, 5165
1,5166,1,1,1, 5167
3,5167,3,3,1, 5170
5,5167,3,7,1, 5174
8,5176,1,1,1, 5177
6,5170,2,8,1, 5178
9,5177,2,2,1, 5179
17,5179,3,3,1, 5182
23,5188,3,3,1, 5191
31,5196,2,4,1, 5200
8,5216,1,1,1, 5217
16,5219,2,2,1, 5221
15,5221,2,2,1, 5223
22,5226,4,4,1, 5230
31,5236,2,4,1, 5240
8,5256,1,1,1, 5257
16,5259,2,2,1, 5261
15,5261,2,2,1, 5263
22,5266,4,4,1, 5270
23,5268,3,3,1, 5271
1,5286,1,1,1, 5287
5,5287,3,7,1, 5294
8,5296,1,1,0, 5297
11,5294,4,4,1, 5298
16,5299,2,2,1, 5301
17,5299,3,3,1, 5302
15,5301,2,2,1, 5303
22,5306,4,4,1, 5310
19,5306,5,5,1, 5311
23,5308,3,3,1, 5311
25,5315,2,2,1, 5317
29,5318,4,8,1, 5326
1,5326,1,1,0, 5327
3,5327,3,3,1, 5330
5,5327,3,7,1, 5334
8,5336,1,1,1, 5337
6,5330,2,8,1, 5338
17,5339,3,3,1, 5342
12,5340,5,5,1, 5345
20,5343,6,6,1, 5349
31,5356,2,4,1, 5360
29,5358,4,8,1, 5366
1,5366,1,1,0, 5367
5,5367,3,7,1, 5374
8,5376,1,1,0, 5377
6,5370,2,8,1, 5378
16,5379,2,2,1, 5381
15,5381,2,2,1, 5383
13,5379,4,6,1, 5385
20,5383,6,6,1, 5389
22,5386,4,4,1, 5390
25,5395,2,2,1, 5397
31,5396,2,4,1, 5400
28,5394,5,7,1, 5401
1,5406,1,1,1, 5407
8,5416,1,1,0, 5417
9,5417,2,2,1, 5419
16,5419,2,2,1, 5421
22,5426,4,4,1, 5430
23,5428,3,3,1, 5431
25,5435,2,2,1, 5437
31,5436,2,4,1, 5440
2,5443,2,2,1, 5445
1,5446,1,1,0, 5447
8,5456,1,1,0, 5457
9,5457,2,2,1, 5459
16,5459,2,2,1, 5461
17,5459,3,3,1, 5462
15,5461,2,2,1, 5463
22,5466,4,4,1, 5470
25,5475,2,2,1, 5477
2,5483,2,2,1, 5485
1,5486,1,1,0, 5487
3,5487,3,3,1, 5490
8,5496,1,1,1, 5497
15,5501,2,2,1, 5503
20,5503,6,6,1, 5509
25,5515,2,2,1, 5517
31,5516,2,4,1, 5520
28,5514,5,7,1, 5521
1,5526,1,1,1, 5527
3,5527,3,3,1, 5530
8,5536,1,1,0, 5537
6,5530,2,8,1, 5538
11,5534,4,4,1, 5538
9,5537,2,2,1, 5539
16,5539,2,2,1, 5541
22,5546,4,4,1, 5550
23,5548,3,3,1, 5551
25,5555,2,2,1, 5557
28,5554,5,7,1, 5561
2,5563,2,2,1, 5565
1,5566,1,1,0, 5567
3,5567,3,3,1, 5570
8,5576,1,1,0, 5577
11,5574,4,4,1, 5578
9,5577,2,2,1, 5579
16,5579,2,2,1, 5581
15,5581,2,2,1, 5583
22,5586,4,4,1, 5590
23,5588,3,3,1, 5591
8,5616,1,1,0, 5617
16,5619,2,2,1, 5621
22,5626,4,4,1, 5630
23,5628,3,3,1, 5631
8,5656,1,1,0, 5657
2,5683,2,2,1, 5685
29,5678,4,8,1, 5686
1,5686,1,1,1, 5687
3,5687,3,3,1, 5690
5,5687,3,7,1, 5694
8,5696,1,1,1, 5697
11,5694,4,4,1, 5698
15,5701,2,2,1, 5703
13,5699,4,6,1, 5705
12,5700,5,5,1, 5705
23,5708,3,3,1, 5711
31,5716,2,4,1, 5720
2,5723,2,2,1, 5725
1,5726,1,1,0, 5727
3,5727,3,3,1, 5730
8,5736,1,1,1, 5737
6,5730,2,8,1, 5738
11,5734,4,4,1, 5738
17,5739,3,3,1, 5742
15,5741,2,2,1, 5743
12,5740,5,5,1, 5745
20,5743,6,6,1, 5749
23,5748,3,3,1, 5751
25,5755,2,2,1, 5757
29,5758,4,8,1, 5766
1,5766,1,1,1, 5767
8,5776,1,1,1, 5777
9,5777,2,2,1, 5779
16,5779,2,2,1, 5781
22,5786,4,4,1, 5790
23,5788,3,3,1, 5791
25,5795,2,2,1, 5797
31,5796,2,4,1, 5800
1,5806,1,1,1, 5807
8,5816,1,1,0, 5817
9,5817,2,2,1, 5819
16,5819,2,2,1, 5821
17,5819,3,3,1, 5822
15,5821,2,2,1, 5823
31,5836,2,4,1, 5840
1,5846,1,1,0, 5847
8,5856,1,1,1, 5857
9,5857,2,2,1, 5859
15,5861,2,2,1, 5863
22,5866,4,4,1, 5870
25,5875,2,2,1, 5877
28,5874,5,7,1, 5881
2,5883,2,2,1, 5885
29,5878,4,8,1, 5886
1,5886,1,1,1, 5887
5,5887,3,7,1, 5894
8,5896,1,1,0, 5897
11,5894,4,4,1, 5898
9,5897,2,2,1, 5899
16,5899,2,2,1, 5901
13,5899,4,6,1, 5905
12,5900,5,5,1, 5905
22,5906,4,4,1, 5910
25,5915,2,2,1, 5917
2,5923,2,2,1, 5925
29,5918,4,8,1, 5926
1,5926,1,1,0, 5927
3,5927,3,3,1, 5930
8,5936,1,1,1, 5937
11,5934,4,4,1, 5938
16,5939,2,2,1, 5941
22,5946,4,4,1, 5950
31,5956,2,4,1, 5960
2,5963,2,2,1, 5965
29,5958,4,8,1, 5966
1,5966,1,1,0, 5967
8,5976,1,1,0, 5977
11,5974,4,4,1, 5978
16,5979,2,2,1, 5981
17,5979,3,3,1, 5982
13,5979,4,6,1, 5985
12,5980,5,5,1, 5985
22,5986,4,4,1, 5990
23,5988,3,3,1, 5991
31,5996,2,4,1, 6000
8,6016,1,1,1, 6017
8,6056,1,1,0, 6057
16,6059,2,2,1, 6061
15,6061,2,2,1, 6063
22,6066,4,4,0, 6070
23,6068,3,3,0, 6071
31,6076,2,4,1, 6080
1,6086,1,1,0, 6087
8,6096,1,1,1, 6097
9,6097,2,2,1, 6099
16,6099,2,2,1, 6101
17,6099,3,3,1, 6102
15,6101,2,2,1, 6103
22,6106,4,4,0, 6110
23,6108,3,3,0, 6111
25,6115,2,2,1, 6117
31,6116,2,4,1, 6120
2,6123,2,2,1, 6125
1,6126,1,1,0, 6127
8,6136,1,1,0, 6137
9,6137,2,2,1, 6139
16,6139,2,2,0, 6141
17,6139,3,3,1, 6142
15,6141,2,2,0, 6143
22,6146,4,4,1, 6150
23,6148,3,3,0, 6151
31,6156,2,4,1, 6160
1,6166,1,1,1, 6167
5,6167,3,7,1, 6174
8,6176,1,1,0, 6177
6,6170,2,8,1, 6178
9,6177,2,2,1, 6179
16,6179,2,2,0, 6181
17,6179,3,3,1, 6182
15,6181,2,2,1, 6183
12,6180,5,5,1, 6185
22,6186,4,4,0, 6190
19,6186,5,5,1, 6191
23,6188,3,3,1, 6191
31,6196,2,4,0, 6200
2,6203,2,2,1, 6205
1,6206,1,1,0, 6207
3,6207,3,3,1, 6210
5,6207,3,7,1, 6214
8,6216,1,1,1, 6217
6,6210,2,8,1, 6218
11,6214,4,4,1, 6218
16,6219,2,2,0, 6221
15,6221,2,2,0, 6223
12,6220,5,5,1, 6225
22,6226,4,4,0, 6230
19,6226,5,5,1, 6231
23,6228,3,3,0, 6231
25,6235,2,2,1, 6237
31,6236,2,4,0, 6240
28,6234,5,7,1, 6241
2,6243,2,2,1, 6245
1,6246,1,1,0, 6247
3,6247,3,3,1, 6250
8,6256,1,1,0, 6257
6,6250,2,8,1, 6258
9,6257,2,2,1, 6259
16,6259,2,2,1, 6261
17,6259,3,3,1, 6262
15,6261,2,2,0, 6263
22,6266,4,4,0, 6270
23,6268,3,3,0, 6271
31,6276,2,4,0, 6280
28,6274,5,7,1, 6281
29,6278,4,8,1, 6286
1,6286,1,1,0, 6287
3,6287,3,3,1, 6290
8,6296,1,1,0, 6297
16,6299,2,2,0, 6301
15,6301,2,2,1, 6303
13,6299,4,6,1, 6305
20,6303,6,6,1, 6309
22,6306,4,4,0, 6310
19,6306,5,5,1, 6311
23,6308,3,3,1, 6311
31,6316,2,4,0, 6320
28,6314,5,7,1, 6321
2,6323,2,2,1, 6325
1,6326,1,1,1, 6327
3,6327,3,3,1, 6330
8,6336,1,1,1, 6337
16,6339,2,2,0, 6341
15,6341,2,2,0, 6343
22,6346,4,4,1, 6350
23,6348,3,3,0, 6351
31,6356,2,4,0, 6360
8,6376,1,1,1, 6377
16,6379,2,2,1, 6381
15,6381,2,2,0, 6383
22,6386,4,4,0, 6390
23,6388,3,3,0, 6391
31,6396,2,4,0, 6400
8,6416,1,1,0, 6417
16,6419,2,2,1, 6421
15,6421,2,2,0, 6423
22,6426,4,4,1, 6430
23,6428,3,3,0, 6431
31,6436,2,4,1, 6440
1,6446,1,1,0, 6447
8,6456,1,1,1, 6457
16,6459,2,2,1, 6461
15,6461,2,2,1, 6463
22,6466,4,4,1, 6470
23,6468,3,3,0, 6471
25,6475,2,2,1, 6477
31,6476,2,4,1, 6480
1,6486,1,1,1, 6487
8,6496,1,1,0, 6497
9,6497,2,2,1, 6499
16,6499,2,2,1, 6501
15,6501,2,2,1, 6503
12,6500,5,5,1, 6505
22,6506,4,4,0, 6510
19,6506,5,5,1, 6511
23,6508,3,3,0, 6511
31,6516,2,4,0, 6520
28,6514,5,7,1, 6521
2,6523,2,2,1, 6525
29,6518,4,8,1, 6526
1,6526,1,1,1, 6527
5,6527,3,7,1, 6534
8,6536,1,1,1, 6537
6,6530,2,8,1, 6538
16,6539,2,2,0, 6541
17,6539,3,3,1, 6542
15,6541,2,2,0, 6543
22,6546,4,4,1, 6550
23,6548,3,3,0, 6551
31,6556,2,4,0, 6560
2,6563,2,2,1, 6565
1,6566,1,1,0, 6567
8,6576,1,1,0, 6577
16,6579,2,2,1, 6581
15,6581,2,2,0, 6583
22,6586,4,4,0, 6590
23,6588,3,3,1, 6591
25,6595,2,2,1, 6597
31,6596,2,4,0, 6600
2,6603,2,2,1, 6605
1,6606,1,1,1, 6607
8,6616,1,1,0, 6617
9,6617,2,2,1, 6619
16,6619,2,2,0, 6621
15,6621,2,2,0, 6623
22,6626,4,4,0, 6630
23,6628,3,3,1, 6631
25,6635,2,2,1, 6637
31,6636,2,4,0, 6640
1,6646,1,1,1, 6647
3,6647,3,3,1, 6650
8,6656,1,1,0, 6657
16,6659,2,2,0, 6661
17,6659,3,3,1, 6662
15,6661,2,2,1, 6663
22,6666,4,4,0, 6670
23,6668,3,3,0, 6671
25,6675,2,2,1, 6677
31,6676,2,4,1, 6680
1,6686,1,1,1, 6687
8,6696,1,1,0, 6697
16,6699,2,2,0, 6701
15,6701,2,2,1, 6703
22,6706,4,4,1, 6710
23,6708,3,3,0, 6711
31,6716,2,4,1, 6720
2,6723,2,2,1, 6725
1,6726,1,1,1, 6727
3,6727,3,3,1, 6730
8,6736,1,1,0, 6737
11,6734,4,4,1, 6738
9,6737,2,2,1, 6739
16,6739,2,2,1, 6741
15,6741,2,2,0, 6743
12,6740,5,5,1, 6745
22,6746,4,4,1, 6750
23,6748,3,3,0, 6751
25,6755,2,2,1, 6757
31,6756,2,4,1, 6760
1,6766,1,1,0, 6767
8,6776,1,1,0, 6777
6,6770,2,8,1, 6778
11,6774,4,4,1, 6778
16,6779,2,2,1, 6781
17,6779,3,3,1, 6782
15,6781,2,2,1, 6783
13,6779,4,6,1, 6785
12,6780,5,5,1, 6785
22,6786,4,4,1, 6790
23,6788,3,3,1, 6791
25,6795,2,2,1, 6797
31,6796,2,4,1, 6800
28,6794,5,7,1, 6801
2,6803,2,2,1, 6805
1,6806,1,1,1, 6807
8,6816,1,1,0, 6817
6,6810,2,8,1, 6818
11,6814,4,4,1, 6818
20,6823,6,6,1, 6829
22,6826,4,4,1, 6830
19,6826,5,5,1, 6831
31,6836,2,4,1, 6840
2,6843,2,2,1, 6845
1,6846,1,1,0, 6847
5,6847,3,7,1, 6854
8,6856,1,1,1, 6857
9,6857,2,2,1, 6859
15,6861,2,2,1, 6863
12,6860,5,5,1, 6865
19,6866,5,5,1, 6871
23,6868,3,3,1, 6871
31,6876,2,4,1, 6880
29,6878,4,8,1, 6886
1,6886,1,1,1, 6887
5,6887,3,7,1, 6894
8,6896,1,1,1, 6897
11,6894,4,4,1, 6898
17,6899,3,3,1, 6902
20,6903,6,6,1, 6909
19,6906,5,5,1, 6911
25,6915,2,2,1, 6917
28,6914,5,7,1, 6921
1,6926,1,1,1, 6927
8,6936,1,1,1, 6937
6,6930,2,8,1, 6938
9,6937,2,2,1, 6939
15,6941,2,2,1, 6943
19,6946,5,5,1, 6951
29,6958,4,8,1, 6966
1,6966,1,1,0, 6967
3,6967,3,3,1, 6970
8,6976,1,1,1, 6977
11,6974,4,4,1, 6978
13,6979,4,6,1, 6985
12,6980,5,5,1, 6985
22,6986,4,4,1, 6990
23,6988,3,3,1, 6991
31,6996,2,4,1, 7000
28,6994,5,7,1, 7001
2,7003,2,2,1, 7005
1,7006,1,1,1, 7007
8,7016,1,1,0, 7017
16,7019,2,2,1, 7021
17,7019,3,3,1, 7022
15,7021,2,2,1, 7023
13,7019,4,6,1, 7025
20,7023,6,6,1, 7029
23,7028,3,3,1, 7031
2,7043,2,2,1, 7045
1,7046,1,1,1, 7047
8,7056,1,1,1, 7057
9,7057,2,2,1, 7059
16,7059,2,2,1, 7061
22,7066,4,4,1, 7070
19,7066,5,5,1, 7071
25,7075,2,2,1, 7077
31,7076,2,4,1, 7080
28,7074,5,7,1, 7081
1,7086,1,1,1, 7087
3,7087,3,3,1, 7090
5,7087,3,7,1, 7094
8,7096,1,1,0, 7097
11,7094,4,4,1, 7098
16,7099,2,2,1, 7101
17,7099,3,3,1, 7102
15,7101,2,2,1, 7103
12,7100,5,5,1, 7105
22,7106,4,4,1, 7110
23,7108,3,3,1, 7111
8,7136,1,1,0, 7137
15,7141,2,2,1, 7143
22,7146,4,4,1, 7150
23,7148,3,3,1, 7151
8,7176,1,1,1, 7177
15,7181,2,2,1, 7183
8,7216,1,1,1, 7217
15,7221,2,2,1, 7223
20,7223,6,6,1, 7229
22,7226,4,4,1, 7230
28,7234,5,7,1, 7241
29,7238,4,8,1, 7246
1,7246,1,1,1, 7247
3,7247,3,3,1, 7250
5,7247,3,7,1, 7254
8,7256,1,1,0, 7257
6,7250,2,8,1, 7258
9,7257,2,2,1, 7259
16,7259,2,2,1, 7261
17,7259,3,3,1, 7262
15,7261,2,2,1, 7263
12,7260,5,5,1, 7265
20,7263,6,6,1, 7269
22,7266,4,4,1, 7270
23,7268,3,3,1, 7271
25,7275,2,2,1, 7277
1,7286,1,1,0, 7287
3,7287,3,3,1, 7290
8,7296,1,1,0, 7297
6,7290,2,8,1, 7298
11,7294,4,4,1, 7298
17,7299,3,3,1, 7302
13,7299,4,6,1, 7305
12,7300,5,5,1, 7305
20,7303,6,6,1, 7309
19,7306,5,5,1, 7311
31,7316,2,4,1, 7320
28,7314,5,7,1, 7321
2,7323,2,2,1, 7325
1,7326,1,1,0, 7327
5,7327,3,7,1, 7334
8,7336,1,1,0, 7337
9,7337,2,2,1, 7339
16,7339,2,2,1, 7341
17,7339,3,3,1, 7342
13,7339,4,6,1, 7345
22,7346,4,4,1, 7350
25,7355,2,2,1, 7357
28,7354,5,7,1, 7361
1,7366,1,1,0, 7367
5,7367,3,7,1, 7374
8,7376,1,1,0, 7377
11,7374,4,4,1, 7378
9,7377,2,2,1, 7379
16,7379,2,2,1, 7381
22,7386,4,4,1, 7390
8,7416,1,1,0, 7417
16,7419,2,2,1, 7421
23,7428,3,3,1, 7431
8,7456,1,1,0, 7457
16,7459,2,2,1, 7461
15,7461,2,2,1, 7463
23,7468,3,3,1, 7471
1,7486,1,1,1, 7487
3,7487,3,3,1, 7490
5,7487,3,7,1, 7494
8,7496,1,1,1, 7497
6,7490,2,8,1, 7498
9,7497,2,2,1, 7499
16,7499,2,2,1, 7501
17,7499,3,3,1, 7502
15,7501,2,2,1, 7503
20,7503,6,6,1, 7509
23,7508,3,3,1, 7511
25,7515,2,2,1, 7517
31,7516,2,4,1, 7520
2,7523,2,2,1, 7525
1,7526,1,1,0, 7527
3,7527,3,3,1, 7530
8,7536,1,1,1, 7537
16,7539,2,2,1, 7541
15,7541,2,2,1, 7543
12,7540,5,5,1, 7545
20,7543,6,6,1, 7549
22,7546,4,4,1, 7550
23,7548,3,3,1, 7551
25,7555,2,2,1, 7557
28,7554,5,7,1, 7561
2,7563,2,2,1, 7565
29,7558,4,8,1, 7566
1,7566,1,1,0, 7567
5,7567,3,7,1, 7574
8,7576,1,1,1, 7577
6,7570,2,8,1, 7578
11,7574,4,4,1, 7578
9,7577,2,2,1, 7579
16,7579,2,2,1, 7581
17,7579,3,3,1, 7582
13,7579,4,6,1, 7585
22,7586,4,4,1, 7590
23,7588,3,3,1, 7591
31,7596,2,4,1, 7600
1,7606,1,1,0, 7607
8,7616,1,1,1, 7617
16,7619,2,2,1, 7621
15,7621,2,2,1, 7623
23,7628,3,3,1, 7631
1,7646,1,1,1, 7647
8,7656,1,1,1, 7657
9,7657,2,2,1, 7659
16,7659,2,2,1, 7661
22,7666,4,4,1, 7670
25,7675,2,2,1, 7677
1,7686,1,1,0, 7687
8,7696,1,1,0, 7697
11,7694,4,4,1, 7698
9,7697,2,2,1, 7699
16,7699,2,2,1, 7701
17,7699,3,3,1, 7702
13,7699,4,6,1, 7705
12,7700,5,5,1, 7705
22,7706,4,4,1, 7710
19,7706,5,5,1, 7711
23,7708,3,3,1, 7711
31,7716,2,4,1, 7720
2,7723,2,2,1, 7725
29,7718,4,8,1, 7726
1,7726,1,1,1, 7727
5,7727,3,7,1, 7734
8,7736,1,1,1, 7737
6,7730,2,8,1, 7738
11,7734,4,4,1, 7738
9,7737,2,2,1, 7739
16,7739,2,2,1, 7741
13,7739,4,6,1, 7745
20,7743,6,6,1, 7749
2,7763,2,2,1, 7765
1,7766,1,1,0, 7767
8,7776,1,1,0, 7777
9,7777,2,2,1, 7779
15,7781,2,2,1, 7783
22,7786,4,4,1, 7790
31,7796,2,4,1, 7800
2,7803,2,2,1, 7805
1,7806,1,1,0, 7807
8,7816,1,1,0, 7817
9,7817,2,2,1, 7819
16,7819,2,2,1, 7821
17,7819,3,3,1, 7822
23,7828,3,3,1, 7831
25,7835,2,2,1, 7837
2,7843,2,2,1, 7845
1,7846,1,1,0, 7847
8,7856,1,1,0, 7857
16,7859,2,2,0, 7861
15,7861,2,2,0, 7863
12,7860,5,5,1, 7865
20,7863,6,6,1, 7869
22,7866,4,4,0, 7870
23,7868,3,3,0, 7871
31,7876,2,4,0, 7880
29,7878,4,8,1, 7886
1,7886,1,1,0, 7887
3,7887,3,3,1, 7890
5,7887,3,7,1, 7894
8,7896,1,1,0, 7897
9,7897,2,2,1, 7899
16,7899,2,2,0, 7901
15,7901,2,2,1, 7903
13,7899,4,6,1, 7905
20,7903,6,6,1, 7909
22,7906,4,4,0, 7910
23,7908,3,3,0, 7911
31,7916,2,4,1, 7920
8,7936,1,1,1, 7937
16,7939,2,2,0, 7941
15,7941,2,2,0, 7943
22,7946,4,4,1, 7950
23,7948,3,3,1, 7951
31,7956,2,4,0, 7960
8,7976,1,1,1, 7977
16,7979,2,2,0, 7981
15,7981,2,2,0, 7983
22,7986,4,4,1, 7990
23,7988,3,3,1, 7991
31,7996,2,4,1, 8000
8,8016,1,1,0, 8017
11,8014,4,4,1, 8018
16,8019,2,2,0, 8021
17,8019,3,3,1, 8022
15,8021,2,2,1, 8023
13,8019,4,6,1, 8025
12,8020,5,5,1, 8025
20,8023,6,6,1, 8029
22,8026,4,4,1, 8030
19,8026,5,5,1, 8031
23,8028,3,3,1, 8031
31,8036,2,4,1, 8040
28,8034,5,7,1, 8041
1,8046,1,1,0, 8047
8,8056,1,1,1, 8057
11,8054,4,4,1, 8058
16,8059,2,2,1, 8061
17,8059,3,3,1, 8062
15,8061,2,2,0, 8063
13,8059,4,6,1, 8065
12,8060,5,5,1, 8065
20,8063,6,6,1, 8069
22,8066,4,4,0, 8070
23,8068,3,3,0, 8071
31,8076,2,4,0, 8080
28,8074,5,7,1, 8081
2,8083,2,2,1, 8085
29,8078,4,8,1, 8086
1,8086,1,1,1, 8087
3,8087,3,3,1, 8090
5,8087,3,7,1, 8094
8,8096,1,1,1, 8097
9,8097,2,2,1, 8099
16,8099,2,2,0, 8101
17,8099,3,3,1, 8102
15,8101,2,2,1, 8103
22,8106,4,4,0, 8110
23,8108,3,3,0, 8111
25,8115,2,2,1, 8117
31,8116,2,4,1, 8120
2,8123,2,2,1, 8125
29,8118,4,8,1, 8126
1,8126,1,1,0, 8127
3,8127,3,3,1, 8130
8,8136,1,1,0, 8137
6,8130,2,8,1, 8138
9,8137,2,2,1, 8139
16,8139,2,2,1, 8141
17,8139,3,3,1, 8142
15,8141,2,2,1, 8143
22,8146,4,4,0, 8150
23,8148,3,3,0, 8151
31,8156,2,4,0, 8160
8,8176,1,1,1, 8177
16,8179,2,2,0, 8181
15,8181,2,2,1, 8183
22,8186,4,4,0, 8190
23,8188,3,3,0, 8191
31,8196,2,4,1, 8200
8,8216,1,1,1, 8217
16,8219,2,2,0, 8221
15,8221,2,2,0, 8223
22,8226,4,4,1, 8230
23,8228,3,3,0, 8231
31,8236,2,4,1, 8240
1,8246,1,1,1, 8247
8,8256,1,1,0, 8257
16,8259,2,2,1, 8261
15,8261,2,2,1, 8263
13,8259,4,6,1, 8265
22,8266,4,4,0, 8270
23,8268,3,3,1, 8271
31,8276,2,4,1, 8280
2,8283,2,2,1, 8285
1,8286,1,1,0, 8287
8,8296,1,1,0, 8297
16,8299,2,2,1, 8301
15,8301,2,2,1, 8303
22,8306,4,4,0, 8310
23,8308,3,3,0, 8311
31,8316,2,4,1, 8320
1,8326,1,1,0, 8327
8,8336,1,1,0, 8337
16,8339,2,2,0, 8341
15,8341,2,2,0, 8343
22,8346,4,4,1, 8350
23,8348,3,3,1, 8351
31,8356,2,4,1, 8360
1,8366,1,1,1, 8367
8,8376,1,1,1, 8377
16,8379,2,2,1, 8381
17,8379,3,3,1, 8382
15,8381,2,2,1, 8383
20,8383,6,6,1, 8389
22,8386,4,4,0, 8390
19,8386,5,5,1, 8391
23,8388,3,3,1, 8391
31,8396,2,4,0, 8400
28,8394,5,7,1, 8401
29,8398,4,8,1, 8406
1,8406,1,1,0, 8407
3,8407,3,3,1, 8410
5,8407,3,7,1, 8414
8,8416,1,1,1, 8417
16,8419,2,2,1, 8421
17,8419,3,3,1, 8422
15,8421,2,2,0, 8423
13,8419,4,6,1, 8425
20,8423,6,6,1, 8429
22,8426,4,4,0, 8430
23,8428,3,3,0, 8431
31,8436,2,4,1, 8440
28,8434,5,7,1, 8441
29,8438,4,8,1, 8446
1,8446,1,1,0, 8447
8,8456,1,1,0, 8457
6,8450,2,8,1, 8458
9,8457,2,2,1, 8459
16,8459,2,2,1, 8461
15,8461,2,2,0, 8463
13,8459,4,6,1, 8465
20,8463,6,6,1, 8469
22,8466,4,4,1, 8470
23,8468,3,3,0, 8471
31,8476,2,4,0, 8480
2,8483,2,2,1, 8485
29,8478,4,8,1, 8486
1,8486,1,1,1, 8487
5,8487,3,7,1, 8494
8,8496,1,1,1, 8497
11,8494,4,4,1, 8498
16,8499,2,2,0, 8501
17,8499,3,3,1, 8502
15,8501,2,2,0, 8503
12,8500,5,5,1, 8505
20,8503,6,6,1, 8509
22,8506,4,4,0, 8510
23,8508,3,3,1, 8511
31,8516,2,4,0, 8520
28,8514,5,7,1, 8521
1,8526,1,1,0, 8527
8,8536,1,1,0, 8537
6,8530,2,8,1, 8538
11,8534,4,4,1, 8538
9,8537,2,2,1, 8539
16,8539,2,2,1, 8541
15,8541,2,2,1, 8543
12,8540,5,5,1, 8545
20,8543,6,6,1, 8549
22,8546,4,4,0, 8550
23,8548,3,3,0, 8551
25,8555,2,2,1, 8557
31,8556,2,4,0, 8560
2,8563,2,2,1, 8565
29,8558,4,8,1, 8566
1,8566,1,1,0, 8567
5,8567,3,7,1, 8574
8,8576,1,1,0, 8577
6,8570,2,8,1, 8578
16,8579,2,2,0, 8581
15,8581,2,2,0, 8583
22,8586,4,4,0, 8590
31,8596,2,4,1, 8600
1,8606,1,1,0, 8607
8,8616,1,1,1, 8617
15,8621,2,2,1, 8623
22,8626,4,4,1, 8630
23,8628,3,3,1, 8631
25,8635,2,2,1, 8637
31,8636,2,4,1, 8640
1,8646,1,1,1, 8647
8,8656,1,1,0, 8657
16,8659,2,2,1, 8661
15,8661,2,2,1, 8663
22,8666,4,4,1, 8670
2,8683,2,2,1, 8685
1,8686,1,1,0, 8687
3,8687,3,3,1, 8690
5,8687,3,7,1, 8694
8,8696,1,1,0, 8697
6,8690,2,8,1, 8698
9,8697,2,2,1, 8699
16,8699,2,2,1, 8701
17,8699,3,3,1, 8702
13,8699,4,6,1, 8705
12,8700,5,5,1, 8705
20,8703,6,6,1, 8709
22,8706,4,4,1, 8710
25,8715,2,2,1, 8717
31,8716,2,4,1, 8720
1,8726,1,1,1, 8727
5,8727,3,7,1, 8734
8,8736,1,1,0, 8737
6,8730,2,8,1, 8738
16,8739,2,2,1, 8741
15,8741,2,2,1, 8743
12,8740,5,5,1, 8745
20,8743,6,6,1, 8749
22,8746,4,4,1, 8750
23,8748,3,3,1, 8751
25,8755,2,2,1, 8757
31,8756,2,4,1, 8760
2,8763,2,2,1, 8765
29,8758,4,8,1, 8766
1,8766,1,1,0, 8767
3,8767,3,3,1, 8770
5,8767,3,7,1, 8774
8,8776,1,1,0, 8777
6,8770,2,8,1, 8778
9,8777,2,2,1, 8779
17,8779,3,3,1, 8782
19,8786,5,5,1, 8791
23,8788,3,3,1, 8791
25,8795,2,2,1, 8797
31,8796,2,4,1, 8800
28,8794,5,7,1, 8801
1,8806,1,1,1, 8807
5,8807,3,7,1, 8814
8,8816,1,1,1, 8817
6,8810,2,8,1, 8818
11,8814,4,4,1, 8818
15,8821,2,2,1, 8823
23,8828,3,3,1, 8831
31,8836,2,4,1, 8840
8,8856,1,1,1, 8857
16,8859,2,2,1, 8861
15,8861,2,2,1, 8863
22,8866,4,4,1, 8870
8,8896,1,1,1, 8897
23,8908,3,3,1, 8911
31,8916,2,4,1, 8920
29,8918,4,8,1, 8926
1,8926,1,1,0, 8927
8,8936,1,1,1, 8937
6,8930,2,8,1, 8938
9,8937,2,2,1, 8939
17,8939,3,3,1, 8942
15,8941,2,2,1, 8943
22,8946,4,4,1, 8950
23,8948,3,3,1, 8951
25,8955,2,2,1, 8957
31,8956,2,4,1, 8960
1,8966,1,1,0, 8967
8,8976,1,1,0, 8977
9,8977,2,2,1, 8979
22,8986,4,4,1, 8990
25,8995,2,2,1, 8997
2,9003,2,2,1, 9005
1,9006,1,1,1, 9007
8,9016,1,1,1, 9017
9,9017,2,2,1, 9019
22,9026,4,4,1, 9030
25,9035,2,2,1, 9037
2,9043,2,2,1, 9045
1,9046,1,1,0, 9047
8,9056,1,1,0, 9057
6,9050,2,8,1, 9058
9,9057,2,2,1, 9059
16,9059,2,2,1, 9061
17,9059,3,3,1, 9062
12,9060,5,5,1, 9065
20,9063,6,6,1, 9069
22,9066,4,4,1, 9070
19,9066,5,5,1, 9071
25,9075,2,2,1, 9077
2,9083,2,2,1, 9085
29,9078,4,8,1, 9086
1,9086,1,1,0, 9087
3,9087,3,3,1, 9090
5,9087,3,7,1, 9094
8,9096,1,1,0, 9097
16,9099,2,2,1, 9101
15,9101,2,2,1, 9103
13,9099,4,6,1, 9105
23,9108,3,3,1, 9111
31,9116,2,4,1, 9120
2,9123,2,2,1, 9125
1,9126,1,1,0, 9127
5,9127,3,7,1, 9134
8,9136,1,1,1, 9137
6,9130,2,8,1, 9138
9,9137,2,2,1, 9139
20,9143,6,6,1, 9149
19,9146,5,5,1, 9151
25,9155,2,2,1, 9157
2,9163,2,2,1, 9165
29,9158,4,8,1, 9166
1,9166,1,1,1, 9167
3,9167,3,3,1, 9170
8,9176,1,1,0, 9177
9,9177,2,2,1, 9179
16,9179,2,2,1, 9181
17,9179,3,3,1, 9182
20,9183,6,6,1, 9189
22,9186,4,4,1, 9190
23,9188,3,3,1, 9191
8,9216,1,1,1, 9217
15,9221,2,2,1, 9223
22,9226,4,4,1, 9230
31,9236,2,4,1, 9240
8,9256,1,1,0, 9257
15,9261,2,2,1, 9263
22,9266,4,4,1, 9270
23,9268,3,3,1, 9271
31,9276,2,4,1, 9280
5,9287,3,7,1, 9294
8,9296,1,1,0, 9297
6,9290,2,8,1, 9298
11,9294,4,4,1, 9298
17,9299,3,3,1, 9302
20,9303,6,6,1, 9309
23,9308,3,3,1, 9311
29,9318,4,8,1, 9326
1,9326,1,1,0, 9327
5,9327,3,7,1, 9334
8,9336,1,1,0, 9337
6,9330,2,8,1, 9338
9,9337,2,2,1, 9339
17,9339,3,3,1, 9342
15,9341,2,2,1, 9343
13,9339,4,6,1, 9345
20,9343,6,6,1, 9349
19,9346,5,5,1, 9351
23,9348,3,3,1, 9351
25,9355,2,2,1, 9357
28,9354,5,7,1, 9361
1,9366,1,1,1, 9367
8,9376,1,1,1, 9377
9,9377,2,2,1, 9379
15,9381,2,2,1, 9383
22,9386,4,4,1, 9390
23,9388,3,3,1, 9391
25,9395,2,2,1, 9397
1,9406,1,1,1, 9407
8,9416,1,1,0, 9417
17,9419,3,3,1, 9422
22,9426,4,4,1, 9430
23,9428,3,3,1, 9431
25,9435,2,2,1, 9437
1,9446,1,1,1, 9447
8,9456,1,1,0, 9457
9,9457,2,2,1, 9459
17,9459,3,3,1, 9462
15,9461,2,2,1, 9463
20,9463,6,6,1, 9469
22,9466,4,4,1, 9470
23,9468,3,3,1, 9471
31,9476,2,4,1, 9480
2,9483,2,2,1, 9485
29,9478,4,8,1, 9486
1,9486,1,1,1, 9487
3,9487,3,3,1, 9490
5,9487,3,7,1, 9494
8,9496,1,1,1, 9497
16,9499,2,2,1, 9501
17,9499,3,3,1, 9502
15,9501,2,2,1, 9503
22,9506,4,4,1, 9510
31,9516,2,4,1, 9520
2,9523,2,2,1, 9525
1,9526,1,1,1, 9527
8,9536,1,1,0, 9537
9,9537,2,2,1, 9539
17,9539,3,3,1, 9542
15,9541,2,2,1, 9543
23,9548,3,3,1, 9551
25,9555,2,2,1, 9557
31,9556,2,4,1, 9560
1,9566,1,1,0, 9567
8,9576,1,1,1, 9577
9,9577,2,2,1, 9579
16,9579,2,2,1, 9581
17,9579,3,3,1, 9582
15,9581,2,2,1, 9583
22,9586,4,4,1, 9590
23,9588,3,3,1, 9591
1,9606,1,1,1, 9607
8,9616,1,1,0, 9617
16,9619,2,2,1, 9621
25,9635,2,2,1, 9637
31,9636,2,4,1, 9640
2,9643,2,2,1, 9645
1,9646,1,1,1, 9647
3,9647,3,3,1, 9650
5,9647,3,7,1, 9654
8,9656,1,1,1, 9657
6,9650,2,8,1, 9658
9,9657,2,2,1, 9659
16,9659,2,2,1, 9661
15,9661,2,2,1, 9663
12,9660,5,5,1, 9665
22,9666,4,4,1, 9670
19,9666,5,5,1, 9671
28,9674,5,7,1, 9681
2,9683,2,2,1, 9685
1,9686,1,1,1, 9687
8,9696,1,1,0, 9697
11,9694,4,4,1, 9698
17,9699,3,3,1, 9702
15,9701,2,2,1, 9703
12,9700,5,5,1, 9705
20,9703,6,6,1, 9709
19,9706,5,5,1, 9711
25,9715,2,2,1, 9717
29,9718,4,8,1, 9726
1,9726,1,1,0, 9727
5,9727,3,7,1, 9734
8,9736,1,1,0, 9737
16,9739,2,2,1, 9741
12,9740,5,5,1, 9745
31,9756,2,4,1, 9760
28,9754,5,7,1, 9761
2,9763,2,2,1, 9765
29,9758,4,8,1, 9766
1,9766,1,1,1, 9767
8,9776,1,1,0, 9777
6,9770,2,8,1, 9778
16,9779,2,2,0, 9781
17,9779,3,3,1, 9782
15,9781,2,2,0, 9783
22,9786,4,4,0, 9790
23,9788,3,3,1, 9791
31,9796,2,4,1, 9800
8,9816,1,1,1, 9817
16,9819,2,2,0, 9821
15,9821,2,2,1, 9823
22,9826,4,4,1, 9830
23,9828,3,3,1, 9831
31,9836,2,4,0, 9840
8,9856,1,1,1, 9857
16,9859,2,2,1, 9861
15,9861,2,2,1, 9863
22,9866,4,4,0, 9870
23,9868,3,3,0, 9871
31,9876,2,4,1, 9880
1,9886,1,1,1, 9887
8,9896,1,1,0, 9897
6,9890,2,8,1, 9898
9,9897,2,2,1, 9899
16,9899,2,2,0, 9901
17,9899,3,3,1, 9902
15,9901,2,2,1, 9903
13,9899,4,6,1, 9905
20,9903,6,6,1, 9909
22,9906,4,4,0, 9910
19,9906,5,5,1, 9911
23,9908,3,3,1, 9911
31,9916,2,4,1, 9920
28,9914,5,7,1, 9921
2,9923,2,2,1, 9925
29,9918,4,8,1, 9926
1,9926,1,1,1, 9927
3,9927,3,3,1, 9930
8,9936,1,1,1, 9937
6,9930,2,8,1, 9938
11,9934,4,4,1, 9938
9,9937,2,2,1, 9939
16,9939,2,2,1, 9941
17,9939,3,3,1, 9942
15,9941,2,2,0, 9943
13,9939,4,6,1, 9945
20,9943,6,6,1, 9949
22,9946,4,4,0, 9950
19,9946,5,5,1, 9951
23,9948,3,3,1, 9951
25,9955,2,2,1, 9957
31,9956,2,4,1, 9960
28,9954,5,7,1, 9961
1,9966,1,1,1, 9967
5,9967,3,7,1, 9974
8,9976,1,1,1, 9977
11,9974,4,4,1, 9978
16,9979,2,2,0, 9981
15,9981,2,2,0, 9983
22,9986,4,4,1, 9990
23,9988,3,3,0, 9991
31,9996,2,4,0, 10000
8,10016,1,1,1, 10017
16,10019,2,2,1, 10021
15,10021,2,2,0, 10023
22,10026,4,4,1, 10030
23,10028,3,3,0, 10031
31,10036,2,4,1, 10040
8,10056,1,1,1, 10057
16,10059,2,2,0, 10061
15,10061,2,2,0, 10063
22,10066,4,4,0, 10070
23,10068,3,3,0, 10071
31,10076,2,4,0, 10080
1,10086,1,1,1, 10087
8,10096,1,1,0, 10097
9,10097,2,2,1, 10099
16,10099,2,2,1, 10101
17,10099,3,3,1, 10102
15,10101,2,2,1, 10103
22,10106,4,4,0, 10110
23,10108,3,3,0, 10111
25,10115,2,2,1, 10117
31,10116,2,4,0, 10120
2,10123,2,2,1, 10125
1,10126,1,1,0, 10127
3,10127,3,3,1, 10130
5,10127,3,7,1, 10134
8,10136,1,1,1, 10137
6,10130,2,8,1, 10138
11,10134,4,4,1, 10138
16,10139,2,2,0, 10141
15,10141,2,2,1, 10143
13,10139,4,6,1, 10145
12,10140,5,5,1, 10145
22,10146,4,4,0, 10150
19,10146,5,5,1, 10151
23,10148,3,3,1, 10151
31,10156,2,4,0, 10160
2,10163,2,2,1, 10165
1,10166,1,1,0, 10167
5,10167,3,7,1, 10174
8,10176,1,1,1, 10177
9,10177,2,2,1, 10179
16,10179,2,2,0, 10181
15,10181,2,2,1, 10183
13,10179,4,6,1, 10185
20,10183,6,6,1, 10189
22,10186,4,4,1, 10190
23,10188,3,3,1, 10191
31,10196,2,4,0, 10200
2,10203,2,2,1, 10205
29,10198,4,8,1, 10206
1,10206,1,1,1, 10207
3,10207,3,3,1, 10210
5,10207,3,7,1, 10214
8,10216,1,1,0, 10217
6,10210,2,8,1, 10218
11,10214,4,4,1, 10218
9,10217,2,2,1, 10219
16,10219,2,2,0, 10221
15,10221,2,2,0, 10223
12,10220,5,5,1, 10225
22,10226,4,4,1, 10230
23,10228,3,3,1, 10231
31,10236,2,4,1, 10240
2,10243,2,2,1, 10245
1,10246,1,1,1, 10247
3,10247,3,3,1, 10250
8,10256,1,1,0, 10257
16,10259,2,2,1, 10261
15,10261,2,2,1, 10263
22,10266,4,4,0, 10270
23,10268,3,3,0, 10271
25,10275,2,2,1, 10277
31,10276,2,4,0, 10280
2,10283,2,2,1, 10285
1,10286,1,1,0, 10287
8,10296,1,1,0, 10297
16,10299,2,2,1, 10301
17,10299,3,3,1, 10302
15,10301,2,2,0, 10303
22,10306,4,4,0, 10310
23,10308,3,3,0, 10311
25,10315,2,2,1, 10317
31,10316,2,4,0, 10320
2,10323,2,2,1, 10325
1,10326,1,1,0, 10327
8,10336,1,1,0, 10337
16,10339,2,2,0, 10341
17,10339,3,3,1, 10342
15,10341,2,2,0, 10343
12,10340,5,5,1, 10345
20,10343,6,6,1, 10349
22,10346,4,4,1, 10350
23,10348,3,3,0, 10351
31,10356,2,4,1, 10360
2,10363,2,2,1, 10365
1,10366,1,1,0, 10367
3,10367,3,3,1, 10370
8,10376,1,1,0, 10377
16,10379,2,2,0, 10381
17,10379,3,3,1, 10382
15,10381,2,2,1, 10383
12,10380,5,5,1, 10385
22,10386,4,4,0, 10390
23,10388,3,3,0, 10391
31,10396,2,4,1, 10400
29,10398,4,8,1, 10406
1,10406,1,1,1, 10407
8,10416,1,1,1, 10417
11,10414,4,4,1, 10418
9,10417,2,2,1, 10419
16,10419,2,2,0, 10421
17,10419,3,3,1, 10422
15,10421,2,2,0, 10423
13,10419,4,6,1, 10425
12,10420,5,5,1, 10425
22,10426,4,4,1, 10430
23,10428,3,3,0, 10431
31,10436,2,4,0, 10440
8,10456,1,1,1, 10457
16,10459,2,2,1, 10461
15,10461,2,2,1, 10463
22,10466,4,4,0, 10470
23,10468,3,3,1, 10471
31,10476,2,4,0, 10480
8,10496,1,1,0, 10497
16,10499,2,2,1, 10501
15,10501,2,2,0, 10503
22,10506,4,4,1, 10510
23,10508,3,3,0, 10511
31,10516,2,4,1, 10520
1,10526,1,1,1, 10527
3,10527,3,3,1, 10530
8,10536,1,1,0, 10537
9,10537,2,2,1, 10539
16,10539,2,2,1, 10541
17,10539,3,3,1, 10542
15,10541,2,2,1, 10543
12,10540,5,5,1, 10545
22,10546,4,4,1, 10550
19,10546,5,5,1, 10551
23,10548,3,3,1, 10551
25,10555,2,2,1, 10557
31,10556,2,4,1, 10560
1,10566,1,1,0, 10567
3,10567,3,3,1, 10570
8,10576,1,1,0, 10577
6,10570,2,8,1, 10578
11,10574,4,4,1, 10578
17,10579,3,3,1, 10582
13,10579,4,6,1, 10585
20,10583,6,6,1, 10589
19,10586,5,5,1, 10591
23,10588,3,3,1, 10591
25,10595,2,2,1, 10597
28,10594,5,7,1, 10601
1,10606,1,1,0, 10607
5,10607,3,7,1, 10614
8,10616,1,1,0, 10617
11,10614,4,4,1, 10618
17,10619,3,3,1, 10622
15,10621,2,2,1, 10623
22,10626,4,4,1, 10630
19,10626,5,5,1, 10631
23,10628,3,3,1, 10631
2,10643,2,2,1, 10645
1,10646,1,1,0, 10647
8,10656,1,1,1, 10657
6,10650,2,8,1, 10658
11,10654,4,4,1, 10658
9,10657,2,2,1, 10659
17,10659,3,3,1, 10662
12,10660,5,5,1, 10665
20,10663,6,6,1, 10669
25,10675,2,2,1, 10677
31,10676,2,4,1, 10680
28,10674,5,7,1, 10681
8,10696,1,1,1, 10697
15,10701,2,2,1, 10703
22,10706,4,4,1, 10710
23,10708,3,3,1, 10711
31,10716,2,4,1, 10720
8,10736,1,1,0, 10737
15,10741,2,2,1, 10743
23,10748,3,3,1, 10751
8,10776,1,1,0, 10777
22,10786,4,4,1, 10790
23,10788,3,3,1, 10791
31,10796,2,4,1, 10800
1,10806,1,1,0, 10807
8,10816,1,1,1, 10817
16,10819,2,2,1, 10821
17,10819,3,3,1, 10822
15,10821,2,2,1, 10823
23,10828,3,3,1, 10831
25,10835,2,2,1, 10837
1,10846,1,1,0, 10847
3,10847,3,3,1, 10850
5,10847,3,7,1, 10854
8,10856,1,1,0, 10857
6,10850,2,8,1, 10858
16,10859,2,2,1, 10861
17,10859,3,3,1, 10862
15,10861,2,2,1, 10863
12,10860,5,5,1, 10865
20,10863,6,6,1, 10869
19,10866,5,5,1, 10871
23,10868,3,3,1, 10871
25,10875,2,2,1, 10877
31,10876,2,4,1, 10880
28,10874,5,7,1, 10881
29,10878,4,8,1, 10886
1,10886,1,1,1, 10887
8,10896,1,1,1, 10897
16,10899,2,2,1, 10901
13,10899,4,6,1, 10905
12,10900,5,5,1, 10905
22,10906,4,4,1, 10910
19,10906,5,5,1, 10911
25,10915,2,2,1, 10917
31,10916,2,4,1, 10920
1,10926,1,1,0, 10927
8,10936,1,1,1, 10937
11,10934,4,4,1, 10938
15,10941,2,2,1, 10943
12,10940,5,5,1, 10945
20,10943,6,6,1, 10949
23,10948,3,3,1, 10951
25,10955,2,2,1, 10957
2,10963,2,2,1, 10965
1,10966,1,1,0, 10967
3,10967,3,3,1, 10970
5,10967,3,7,1, 10974
8,10976,1,1,1, 10977
16,10979,2,2,1, 10981
15,10981,2,2,1, 10983
12,10980,5,5,1, 10985
20,10983,6,6,1, 10989
25,10995,2,2,1, 10997
2,11003,2,2,1, 11005
1,11006,1,1,1, 11007
3,11007,3,3,1, 11010
8,11016,1,1,1, 11017
11,11014,4,4,1, 11018
9,11017,2,2,1, 11019
15,11021,2,2,1, 11023
13,11019,4,6,1, 11025
12,11020,5,5,1, 11025
22,11026,4,4,1, 11030
25,11035,2,2,1, 11037
31,11036,2,4,1, 11040
28,11034,5,7,1, 11041
2,11043,2,2,1, 11045
29,11038,4,8,1, 11046
8,11056,1,1,1, 11057
15,11061,2,2,1, 11063
22,11066,4,4,1, 11070
8,11096,1,1,1, 11097
31,11116,2,4,1, 11120
8,11136,1,1,1, 11137
16,11139,2,2,1, 11141
15,11141,2,2,1, 11143
23,11148,3,3,1, 11151
1,11166,1,1,1, 11167
8,11176,1,1,1, 11177
16,11179,2,2,1, 11181
23,11188,3,3,1, 11191
25,11195,2,2,1, 11197
31,11196,2,4,1, 11200
1,11206,1,1,0, 11207
8,11216,1,1,1, 11217
11,11214,4,4,1, 11218
9,11217,2,2,1, 11219
16,11219,2,2,1, 11221
13,11219,4,6,1, 11225
20,11223,6,6,1, 11229
22,11226,4,4,1, 11230
19,11226,5,5,1, 11231
23,11228,3,3,1, 11231
25,11235,2,2,1, 11237
29,11238,4,8,1, 11246
1,11246,1,1,0, 11247
8,11256,1,1,0, 11257
11,11254,4,4,1, 11258
15,11261,2,2,1, 11263
23,11268,3,3,1, 11271
25,11275,2,2,1, 11277
1,11286,1,1,1, 11287
8,11296,1,1,0, 11297
6,11290,2,8,1, 11298
11,11294,4,4,1, 11298
9,11297,2,2,1, 11299
16,11299,2,2,1, 11301
13,11299,4,6,1, 11305
12,11300,5,5,1, 11305
20,11303,6,6,1, 11309
23,11308,3,3,1, 11311
31,11316,2,4,1, 11320
28,11314,5,7,1, 11321
29,11318,4,8,1, 11326
1,11326,1,1,1, 11327
3,11327,3,3,1, 11330
5,11327,3,7,1, 11334
8,11336,1,1,0, 11337
6,11330,2,8,1, 11338
11,11334,4,4,1, 11338
15,11341,2,2,1, 11343
22,11346,4,4,1, 11350
19,11346,5,5,1, 11351
25,11355,2,2,1, 11357
2,11363,2,2,1, 11365
1,11366,1,1,0, 11367
3,11367,3,3,1, 11370
8,11376,1,1,0, 11377
6,11370,2,8,1, 11378
11,11374,4,4,1, 11378
16,11379,2,2,1, 11381
17,11379,3,3,1, 11382
13,11379,4,6,1, 11385
20,11383,6,6,1, 11389
22,11386,4,4,1, 11390
19,11386,5,5,1, 11391
25,11395,2,2,1, 11397
1,11406,1,1,0, 11407
8,11416,1,1,1, 11417
11,11414,4,4,1, 11418
17,11419,3,3,1, 11422
12,11420,5,5,1, 11425
23,11428,3,3,1, 11431
31,11436,2,4,1, 11440
1,11446,1,1,0, 11447
3,11447,3,3,1, 11450
5,11447,3,7,1, 11454
8,11456,1,1,1, 11457
11,11454,4,4,1, 11458
16,11459,2,2,1, 11461
12,11460,5,5,1, 11465
22,11466,4,4,1, 11470
23,11468,3,3,1, 11471
8,11496,1,1,1, 11497
15,11501,2,2,1, 11503
22,11506,4,4,1, 11510
31,11516,2,4,1, 11520
8,11536,1,1,0, 11537
22,11546,4,4,1, 11550
23,11548,3,3,1, 11551
1,11566,1,1,0, 11567
8,11576,1,1,0, 11577
16,11579,2,2,1, 11581
15,11581,2,2,0, 11583
22,11586,4,4,0, 11590
23,11588,3,3,1, 11591
31,11596,2,4,1, 11600
1,11606,1,1,0, 11607
8,11616,1,1,1, 11617
16,11619,2,2,1, 11621
17,11619,3,3,1, 11622
15,11621,2,2,0, 11623
20,11623,6,6,1, 11629
22,11626,4,4,0, 11630
23,11628,3,3,0, 11631
25,11635,2,2,1, 11637
31,11636,2,4,1, 11640
28,11634,5,7,1, 11641
2,11643,2,2,1, 11645
29,11638,4,8,1, 11646
1,11646,1,1,0, 11647
5,11647,3,7,1, 11654
8,11656,1,1,1, 11657
6,11650,2,8,1, 11658
16,11659,2,2,0, 11661
15,11661,2,2,1, 11663
12,11660,5,5,1, 11665
20,11663,6,6,1, 11669
22,11666,4,4,1, 11670
19,11666,5,5,1, 11671
23,11668,3,3,0, 11671
31,11676,2,4,1, 11680
2,11683,2,2,1, 11685
1,11686,1,1,1, 11687
8,11696,1,1,1, 11697
9,11697,2,2,1, 11699
16,11699,2,2,0, 11701
17,11699,3,3,1, 11702
15,11701,2,2,0, 11703
22,11706,4,4,1, 11710
23,11708,3,3,1, 11711
25,11715,2,2,1, 11717
31,11716,2,4,1, 11720
2,11723,2,2,1, 11725
1,11726,1,1,1, 11727
8,11736,1,1,0, 11737
16,11739,2,2,1, 11741
17,11739,3,3,1, 11742
15,11741,2,2,1, 11743
22,11746,4,4,1, 11750
23,11748,3,3,1, 11751
25,11755,2,2,1, 11757
31,11756,2,4,1, 11760
2,11763,2,2,1, 11765
1,11766,1,1,0, 11767
8,11776,1,1,1, 11777
16,11779,2,2,0, 11781
17,11779,3,3,1, 11782
15,11781,2,2,1, 11783
22,11786,4,4,0, 11790
23,11788,3,3,0, 11791
31,11796,2,4,0, 11800
1,11806,1,1,1, 11807
8,11816,1,1,1, 11817
16,11819,2,2,1, 11821
17,11819,3,3,1, 11822
15,11821,2,2,1, 11823
12,11820,5,5,1, 11825
22,11826,4,4,0, 11830
23,11828,3,3,0, 11831
25,11835,2,2,1, 11837
31,11836,2,4,1, 11840
28,11834,5,7,1, 11841
2,11843,2,2,1, 11845
1,11846,1,1,0, 11847
3,11847,3,3,1, 11850
5,11847,3,7,1, 11854
8,11856,1,1,0, 11857
11,11854,4,4,1, 11858
16,11859,2,2,1, 11861
15,11861,2,2,0, 11863
12,11860,5,5,1, 11865
20,11863,6,6,1, 11869
22,11866,4,4,0, 11870
19,11866,5,5,1, 11871
23,11868,3,3,0, 11871
31,11876,2,4,1, 11880
29,11878,4,8,1, 11886
1,11886,1,1,1, 11887
5,11887,3,7,1, 11894
8,11896,1,1,0, 11897
6,11890,2,8,1, 11898
11,11894,4,4,1, 11898
16,11899,2,2,1, 11901
17,11899,3,3,1, 11902
15,11901,2,2,1, 11903
20,11903,6,6,1, 11909
22,11906,4,4,0, 11910
19,11906,5,5,1, 11911
23,11908,3,3,0, 11911
31,11916,2,4,1, 11920
28,11914,5,7,1, 11921
2,11923,2,2,1, 11925
29,11918,4,8,1, 11926
1,11926,1,1,1, 11927
3,11927,3,3,1, 11930
8,11936,1,1,0, 11937
6,11930,2,8,1, 11938
11,11934,4,4,1, 11938
16,11939,2,2,1, 11941
17,11939,3,3,1, 11942
15,11941,2,2,1, 11943
13,11939,4,6,1, 11945
22,11946,4,4,0, 11950
23,11948,3,3,0, 11951
31,11956,2,4,0, 11960
8,11976,1,1,1, 11977
16,11979,2,2,0, 11981
15,11981,2,2,0, 11983
22,11986,4,4,0, 11990
23,11988,3,3,0, 11991
31,11996,2,4,0, 12000
8,12016,1,1,1, 12017
16,12019,2,2,1, 12021
15,12021,2,2,0, 12023
22,12026,4,4,1, 12030
23,12028,3,3,0, 12031
31,12036,2,4,0, 12040
8,12056,1,1,1, 12057
16,12059,2,2,1, 12061
17,12059,3,3,1, 12062
15,12061,2,2,0, 12063
13,12059,4,6,1, 12065
22,12066,4,4,1, 12070
23,12068,3,3,1, 12071
25,12075,2,2,1, 12077
31,12076,2,4,0, 12080
28,12074,5,7,1, 12081
2,12083,2,2,1, 12085
1,12086,1,1,0, 12087
8,12096,1,1,1, 12097
6,12090,2,8,1, 12098
9,12097,2,2,1, 12099
16,12099,2,2,1, 12101
15,12101,2,2,1, 12103
20,12103,6,6,1, 12109
22,12106,4,4,0, 12110
19,12106,5,5,1, 12111
23,12108,3,3,1, 12111
25,12115,2,2,1, 12117
31,12116,2,4,1, 12120
1,12126,1,1,1, 12127
3,12127,3,3,1, 12130
5,12127,3,7,1, 12134
8,12136,1,1,0, 12137
16,12139,2,2,1, 12141
15,12141,2,2,1, 12143
12,12140,5,5,1, 12145
20,12143,6,6,1, 12149
22,12146,4,4,0, 12150
23,12148,3,3,0, 12151
25,12155,2,2,1, 12157
31,12156,2,4,1, 12160
2,12163,2,2,1, 12165
29,12158,4,8,1, 12166
1,12166,1,1,1, 12167
3,12167,3,3,1, 12170
8,12176,1,1,1, 12177
9,12177,2,2,1, 12179
16,12179,2,2,1, 12181
17,12179,3,3,1, 12182
15,12181,2,2,1, 12183
13,12179,4,6,1, 12185
20,12183,6,6,1, 12189
22,12186,4,4,0, 12190
19,12186,5,5,1, 12191
23,12188,3,3,1, 12191
25,12195,2,2,1, 12197
31,12196,2,4,0, 12200
28,12194,5,7,1, 12201
29,12198,4,8,1, 12206
1,12206,1,1,0, 12207
3,12207,3,3,1, 12210
8,12216,1,1,1, 12217
16,12219,2,2,0, 12221
15,12221,2,2,1, 12223
22,12226,4,4,1, 12230
23,12228,3,3,1, 12231
31,12236,2,4,0, 12240
8,12256,1,1,1, 12257
16,12259,2,2,0, 12261
15,12261,2,2,0, 12263
22,12266,4,4,0, 12270
23,12268,3,3,1, 12271
31,12276,2,4,0, 12280
8,12296,1,1,1, 12297
16,12299,2,2,0, 12301
15,12301,2,2,0, 12303
22,12306,4,4,0, 12310
31,12316,2,4,1, 12320
1,12326,1,1,0, 12327
8,12336,1,1,1, 12337
9,12337,2,2,1, 12339
17,12339,3,3,1, 12342
15,12341,2,2,1, 12343
22,12346,4,4,1, 12350
23,12348,3,3,1, 12351
31,12356,2,4,1, 12360
1,12366,1,1,0, 12367
3,12367,3,3,1, 12370
5,12367,3,7,1, 12374
8,12376,1,1,1, 12377
6,12370,2,8,1, 12378
11,12374,4,4,1, 12378
16,12379,2,2,1, 12381
17,12379,3,3,1, 12382
15,12381,2,2,1, 12383
13,12379,4,6,1, 12385
22,12386,4,4,1, 12390
19,12386,5,5,1, 12391
23,12388,3,3,1, 12391
25,12395,2,2,1, 12397
31,12396,2,4,1, 12400
2,12403,2,2,1, 12405
29,12398,4,8,1, 12406
1,12406,1,1,1, 12407
5,12407,3,7,1, 12414
8,12416,1,1,1, 12417
11,12414,4,4,1, 12418
16,12419,2,2,1, 12421
20,12423,6,6,1, 12429
22,12426,4,4,1, 12430
23,12428,3,3,1, 12431
25,12435,2,2,1, 12437
28,12434,5,7,1, 12441
2,12443,2,2,1, 12445
1,12446,1,1,0, 12447
3,12447,3,3,1, 12450
8,12456,1,1,1, 12457
6,12450,2,8,1, 12458
9,12457,2,2,1, 12459
17,12459,3,3,1, 12462
15,12461,2,2,1, 12463
13,12459,4,6,1, 12465
12,12460,5,5,1, 12465
22,12466,4,4,1, 12470
23,12468,3,3,1, 12471
25,12475,2,2,1, 12477
31,12476,2,4,1, 12480
28,12474,5,7,1, 12481
1,12486,1,1,0, 12487
8,12496,1,1,0, 12497
6,12490,2,8,1, 12498
11,12494,4,4,1, 12498
16,12499,2,2,1, 12501
17,12499,3,3,1, 12502
15,12501,2,2,1, 12503
22,12506,4,4,1, 12510
23,12508,3,3,1, 12511
31,12516,2,4,1, 12520
2,12523,2,2,1, 12525
1,12526,1,1,0, 12527
8,12536,1,1,1, 12537
9,12537,2,2,1, 12539
16,12539,2,2,1, 12541
17,12539,3,3,1, 12542
22,12546,4,4,1, 12550
25,12555,2,2,1, 12557
31,12556,2,4,1, 12560
1,12566,1,1,1, 12567
8,12576,1,1,1, 12577
9,12577,2,2,1, 12579
16,12579,2,2,1, 12581
17,12579,3,3,1, 12582
15,12581,2,2,1, 12583
31,12596,2,4,1, 12600
2,12603,2,2,1, 12605
1,12606,1,1,0, 12607
5,12607,3,7,1, 12614
8,12616,1,1,0, 12617
11,12614,4,4,1, 12618
16,12619,2,2,1, 12621
13,12619,4,6,1, 12625
20,12623,6,6,1, 12629
22,12626,4,4,1, 12630
23,12628,3,3,1, 12631
28,12634,5,7,1, 12641
2,12643,2,2,1, 12645
1,12646,1,1,0, 12647
3,12647,3,3,1, 12650
5,12647,3,7,1, 12654
8,12656,1,1,1, 12657
15,12661,2,2,1, 12663
2,12683,2,2,1, 12685
1,12686,1,1,0, 12687
3,12687,3,3,1, 12690
5,12687,3,7,1, 12694
8,12696,1,1,0, 12697
6,12690,2,8,1, 12698
16,12699,2,2,1, 12701
17,12699,3,3,1, 12702
8,12736,1,1,0, 12737
16,12739,2,2,1, 12741
22,12746,4,4,1, 12750
23,12748,3,3,1, 12751
31,12756,2,4,1, 12760
8,12776,1,1,1, 12777
22,12786,4,4,1, 12790
23,12788,3,3,1, 12791
1,12806,1,1,0, 12807
8,12816,1,1,1, 12817
16,12819,2,2,1, 12821
31,12836,2,4,1, 12840
1,12846,1,1,1, 12847
8,12856,1,1,0, 12857
9,12857,2,2,1, 12859
15,12861,2,2,1, 12863
22,12866,4,4,1, 12870
31,12876,2,4,1, 12880
1,12886,1,1,0, 12887
8,12896,1,1,0, 12897
6,12890,2,8,1, 12898
16,12899,2,2,1, 12901
20,12903,6,6,1, 12909
22,12906,4,4,1, 12910
31,12916,2,4,1, 12920
2,12923,2,2,1, 12925
1,12926,1,1,1, 12927
3,12927,3,3,1, 12930
8,12936,1,1,1, 12937
11,12934,4,4,1, 12938
15,12941,2,2,1, 12943
13,12939,4,6,1, 12945
12,12940,5,5,1, 12945
22,12946,4,4,1, 12950
25,12955,2,2,1, 12957
1,12966,1,1,0, 12967
3,12967,3,3,1, 12970
5,12967,3,7,1, 12974
8,12976,1,1,0, 12977
6,12970,2,8,1, 12978
11,12974,4,4,1, 12978
9,12977,2,2,1, 12979
17,12979,3,3,1, 12982
15,12981,2,2,1, 12983
12,12980,5,5,1, 12985
20,12983,6,6,1, 12989
22,12986,4,4,1, 12990
19,12986,5,5,1, 12991
23,12988,3,3,1, 12991
2,13003,2,2,1, 13005
1,13006,1,1,0, 13007
3,13007,3,3,1, 13010
5,13007,3,7,1, 13014
8,13016,1,1,0, 13017
6,13010,2,8,1, 13018
11,13014,4,4,1, 13018
9,13017,2,2,1, 13019
16,13019,2,2,1, 13021
13,13019,4,6,1, 13025
23,13028,3,3,1, 13031
31,13036,2,4,1, 13040
1,13046,1,1,1, 13047
3,13047,3,3,1, 13050
8,13056,1,1,0, 13057
6,13050,2,8,1, 13058
11,13054,4,4,1, 13058
9,13057,2,2,1, 13059
16,13059,2,2,1, 13061
15,13061,2,2,1, 13063
13,13059,4,6,1, 13065
12,13060,5,5,1, 13065
20,13063,6,6,1, 13069
19,13066,5,5,1, 13071
23,13068,3,3,1, 13071
31,13076,2,4,1, 13080
28,13074,5,7,1, 13081
29,13078,4,8,1, 13086
1,13086,1,1,0, 13087
8,13096,1,1,1, 13097
11,13094,4,4,1, 13098
9,13097,2,2,1, 13099
17,13099,3,3,1, 13102
20,13103,6,6,1, 13109
19,13106,5,5,1, 13111
31,13116,2,4,1, 13120
2,13123,2,2,1, 13125
1,13126,1,1,1, 13127
3,13127,3,3,1, 13130
8,13136,1,1,0, 13137
6,13130,2,8,1, 13138
16,13139,2,2,1, 13141
15,13141,2,2,1, 13143
22,13146,4,4,1, 13150
23,13148,3,3,1, 13151
8,13176,1,1,0, 13177
31,13196,2,4,1, 13200
8,13216,1,1,1, 13217
16,13219,2,2,1, 13221
15,13221,2,2,1, 13223
1,13246,1,1,0, 13247
8,13256,1,1,0, 13257
9,13257,2,2,1, 13259
23,13268,3,3,1, 13271
25,13275,2,2,1, 13277
31,13276,2,4,1, 13280
1,13286,1,1,0, 13287
8,13296,1,1,1, 13297
16,13299,2,2,1, 13301
22,13306,4,4,1, 13310
23,13308,3,3,1, 13311
25,13315,2,2,1, 13317
31,13316,2,4,1, 13320
1,13326,1,1,0, 13327
3,13327,3,3,1, 13330
8,13336,1,1,0, 13337
6,13330,2,8,1, 13338
11,13334,4,4,1, 13338
9,13337,2,2,1, 13339
15,13341,2,2,1, 13343
22,13346,4,4,1, 13350
25,13355,2,2,1, 13357
1,13366,1,1,0, 13367
8,13376,1,1,1, 13377
17,13379,3,3,1, 13382
15,13381,2,2,1, 13383
22,13386,4,4,1, 13390
23,13388,3,3,1, 13391
31,13396,2,4,1, 13400
2,13403,2,2,1, 13405
1,13406,1,1,1, 13407
8,13416,1,1,1, 13417
9,13417,2,2,1, 13419
17,13419,3,3,1, 13422
23,13428,3,3,1, 13431
2,13443,2,2,1, 13445
29,13438,4,8,1, 13446
1,13446,1,1,1, 13447
8,13456,1,1,1, 13457
15,13461,2,2,1, 13463
22,13466,4,4,1, 13470
2,13483,2,2,1, 13485
1,13486,1,1,0, 13487
8,13496,1,1,0, 13497
16,13499,2,2,1, 13501
17,13499,3,3,1, 13502
22,13506,4,4,1, 13510
25,13515,2,2,1, 13517
31,13516,2,4,1, 13520
2,13523,2,2,1, 13525
1,13526,1,1,0, 13527
8,13536,1,1,0, 13537
9,13537,2,2,1, 13539
15,13541,2,2,1, 13543
22,13546,4,4,1, 13550
25,13555,2,2,1, 13557
31,13556,2,4,1, 13560
2,13563,2,2,1, 13565
29,13558,4,8,1, 13566
1,13566,1,1,0, 13567
3,13567,3,3,1, 13570
8,13576,1,1,0, 13577
6,13570,2,8,1, 13578
9,13577,2,2,1, 13579
16,13579,2,2,1, 13581
15,13581,2,2,1, 13583
20,13583,6,6,1, 13589
31,13596,2,4,1, 13600
28,13594,5,7,1, 13601
2,13603,2,2,1, 13605
29,13598,4,8,1, 13606
1,13606,1,1,1, 13607
3,13607,3,3,1, 13610
5,13607,3,7,1, 13614
8,13616,1,1,1, 13617
6,13610,2,8,1, 13618
11,13614,4,4,1, 13618
9,13617,2,2,1, 13619
16,13619,2,2,0, 13621
15,13621,2,2,1, 13623
13,13619,4,6,1, 13625
12,13620,5,5,1, 13625
20,13623,6,6,1, 13629
22,13626,4,4,0, 13630
23,13628,3,3,1, 13631
31,13636,2,4,0, 13640
28,13634,5,7,1, 13641
1,13646,1,1,0, 13647
3,13647,3,3,1, 13650
5,13647,3,7,1, 13654
8,13656,1,1,0, 13657
6,13650,2,8,1, 13658
11,13654,4,4,1, 13658
16,13659,2,2,1, 13661
15,13661,2,2,0, 13663
12,13660,5,5,1, 13665
22,13666,4,4,0, 13670
23,13668,3,3,0, 13671
31,13676,2,4,0, 13680
2,13683,2,2,1, 13685
29,13678,4,8,1, 13686
1,13686,1,1,1, 13687
3,13687,3,3,1, 13690
8,13696,1,1,1, 13697
11,13694,4,4,1, 13698
9,13697,2,2,1, 13699
16,13699,2,2,1, 13701
15,13701,2,2,1, 13703
13,13699,4,6,1, 13705
20,13703,6,6,1, 13709
22,13706,4,4,0, 13710
23,13708,3,3,1, 13711
25,13715,2,2,1, 13717
31,13716,2,4,1, 13720
29,13718,4,8,1, 13726
1,13726,1,1,0, 13727
3,13727,3,3,1, 13730
5,13727,3,7,1, 13734
8,13736,1,1,1, 13737
16,13739,2,2,0, 13741
15,13741,2,2,0, 13743
20,13743,6,6,1, 13749
22,13746,4,4,0, 13750
23,13748,3,3,0, 13751
25,13755,2,2,1, 13757
31,13756,2,4,0, 13760
29,13758,4,8,1, 13766
1,13766,1,1,1, 13767
5,13767,3,7,1, 13774
8,13776,1,1,0, 13777
11,13774,4,4,1, 13778
9,13777,2,2,1, 13779
16,13779,2,2,0, 13781
17,13779,3,3,1, 13782
15,13781,2,2,0, 13783
22,13786,4,4,0, 13790
23,13788,3,3,1, 13791
31,13796,2,4,0, 13800
8,13816,1,1,1, 13817
16,13819,2,2,0, 13821
15,13821,2,2,0, 13823
22,13826,4,4,0, 13830
23,13828,3,3,0, 13831
31,13836,2,4,1, 13840
8,13856,1,1,1, 13857
16,13859,2,2,0, 13861
15,13861,2,2,0, 13863
22,13866,4,4,0, 13870
23,13868,3,3,0, 13871
31,13876,2,4,1, 13880
29,13878,4,8,1, 13886
1,13886,1,1,1, 13887
3,13887,3,3,1, 13890
8,13896,1,1,1, 13897
11,13894,4,4,1, 13898
16,13899,2,2,1, 13901
15,13901,2,2,0, 13903
12,13900,5,5,1, 13905
22,13906,4,4,1, 13910
23,13908,3,3,0, 13911
25,13915,2,2,1, 13917
31,13916,2,4,1, 13920
28,13914,5,7,1, 13921
2,13923,2,2,1, 13925
29,13918,4,8,1, 13926
1,13926,1,1,0, 13927
3,13927,3,3,1, 13930
8,13936,1,1,0, 13937
6,13930,2,8,1, 13938
11,13934,4,4,1, 13938
16,13939,2,2,1, 13941
17,13939,3,3,1, 13942
15,13941,2,2,1, 13943
13,13939,4,6,1, 13945
20,13943,6,6,1, 13949
22,13946,4,4,1, 13950
19,13946,5,5,1, 13951
23,13948,3,3,0, 13951
31,13956,2,4,0, 13960
28,13954,5,7,1, 13961
2,13963,2,2,1, 13965
1,13966,1,1,1, 13967
5,13967,3,7,1, 13974
8,13976,1,1,0, 13977
11,13974,4,4,1, 13978
9,13977,2,2,1, 13979
16,13979,2,2,1, 13981
15,13981,2,2,0, 13983
12,13980,5,5,1, 13985
22,13986,4,4,1, 13990
19,13986,5,5,1, 13991
23,13988,3,3,0, 13991
31,13996,2,4,0, 14000
1,14006,1,1,1, 14007
8,14016,1,1,0, 14017
9,14017,2,2,1, 14019
16,14019,2,2,1, 14021
17,14019,3,3,1, 14022
15,14021,2,2,0, 14023
13,14019,4,6,1, 14025
12,14020,5,5,1, 14025
22,14026,4,4,0, 14030
19,14026,5,5,1, 14031
23,14028,3,3,1, 14031
31,14036,2,4,0, 14040
8,14056,1,1,0, 14057
16,14059,2,2,1, 14061
15,14061,2,2,1, 14063
22,14066,4,4,1, 14070
23,14068,3,3,1, 14071
31,14076,2,4,0, 14080
8,14096,1,1,1, 14097
16,14099,2,2,1, 14101
15,14101,2,2,0, 14103
22,14106,4,4,1, 14110
23,14108,3,3,0, 14111
31,14116,2,4,1, 14120
8,14136,1,1,0, 14137
16,14139,2,2,1, 14141
15,14141,2,2,1, 14143
22,14146,4,4,0, 14150
23,14148,3,3,0, 14151
25,14155,2,2,1, 14157
31,14156,2,4,1, 14160
1,14166,1,1,1, 14167
8,14176,1,1,0, 14177
9,14177,2,2,1, 14179
16,14179,2,2,0, 14181
17,14179,3,3,1, 14182
15,14181,2,2,1, 14183
22,14186,4,4,0, 14190
23,14188,3,3,0, 14191
31,14196,2,4,1, 14200
1,14206,1,1,1, 14207
8,14216,1,1,1, 14217
16,14219,2,2,0, 14221
15,14221,2,2,0, 14223
22,14226,4,4,1, 14230
23,14228,3,3,1, 14231
25,14235,2,2,1, 14237
31,14236,2,4,0, 14240
2,14243,2,2,1, 14245
1,14246,1,1,0, 14247
8,14256,1,1,1, 14257
9,14257,2,2,1, 14259
16,14259,2,2,0, 14261
17,14259,3,3,1, 14262
15,14261,2,2,0, 14263
22,14266,4,4,0, 14270
23,14268,3,3,1, 14271
31,14276,2,4,0, 14280
1,14286,1,1,0, 14287
8,14296,1,1,0, 14297
9,14297,2,2,1, 14299
16,14299,2,2,1, 14301
15,14301,2,2,1, 14303
22,14306,4,4,0, 14310
23,14308,3,3,0, 14311
31,14316,2,4,1, 14320
2,14323,2,2,1, 14325
1,14326,1,1,1, 14327
8,14336,1,1,0, 14337
6,14330,2,8,1, 14338
9,14337,2,2,1, 14339
16,14339,2,2,0, 14341
17,14339,3,3,1, 14342
15,14341,2,2,1, 14343
22,14346,4,4,1, 14350
25,14355,2,2,1, 14357
31,14356,2,4,1, 14360
2,14363,2,2,1, 14365
29,14358,4,8,1, 14366
1,14366,1,1,0, 14367
5,14367,3,7,1, 14374
8,14376,1,1,0, 14377
6,14370,2,8,1, 14378
9,14377,2,2,1, 14379
17,14379,3,3,1, 14382
15,14381,2,2,1, 14383
13,14379,4,6,1, 14385
22,14386,4,4,1, 14390
19,14386,5,5,1, 14391
23,14388,3,3,1, 14391
31,14396,2,4,1, 14400
2,14403,2,2,1, 14405
29,14398,4,8,1, 14406
1,14406,1,1,1, 14407
8,14416,1,1,1, 14417
11,14414,4,4,1, 14418
16,14419,2,2,1, 14421
22,14426,4,4,1, 14430
23,14428,3,3,1, 14431
25,14435,2,2,1, 14437
31,14436,2,4,1, 14440
2,14443,2,2,1, 14445
1,14446,1,1,0, 14447
3,14447,3,3,1, 14450
5,14447,3,7,1, 14454
8,14456,1,1,0, 14457
6,14450,2,8,1, 14458
11,14454,4,4,1, 14458
9,14457,2,2,1, 14459
16,14459,2,2,1, 14461
17,14459,3,3,1, 14462
15,14461,2,2,1, 14463
20,14463,6,6,1, 14469
23,14468,3,3,1, 14471
25,14475,2,2,1, 14477
31,14476,2,4,1, 14480
28,14474,5,7,1, 14481
1,14486,1,1,1, 14487
3,14487,3,3,1, 14490
8,14496,1,1,0, 14497
6,14490,2,8,1, 14498
9,14497,2,2,1, 14499
16,14499,2,2,1, 14501
17,14499,3,3,1, 14502
13,14499,4,6,1, 14505
20,14503,6,6,1, 14509
23,14508,3,3,1, 14511
31,14516,2,4,1, 14520
2,14523,2,2,1, 14525
29,14518,4,8,1, 14526
1,14526,1,1,0, 14527
3,14527,3,3,1, 14530
5,14527,3,7,1, 14534
8,14536,1,1,0, 14537
6,14530,2,8,1, 14538
11,14534,4,4,1, 14538
16,14539,2,2,1, 14541
13,14539,4,6,1, 14545
12,14540,5,5,1, 14545
20,14543,6,6,1, 14549
23,14548,3,3,1, 14551
31,14556,2,4,1, 14560
8,14576,1,1,1, 14577
31,14596,2,4,1, 14600
8,14616,1,1,1, 14617
16,14619,2,2,1, 14621
5,14647,3,7,1, 14654
8,14656,1,1,0, 14657
6,14650,2,8,1, 14658
11,14654,4,4,1, 14658
17,14659,3,3,1, 14662
15,14661,2,2,1, 14663
20,14663,6,6,1, 14669
23,14668,3,3,1, 14671
29,14678,4,8,1, 14686
1,14686,1,1,1, 14687
8,14696,1,1,0, 14697
11,14694,4,4,1, 14698
9,14697,2,2,1, 14699
16,14699,2,2,1, 14701
12,14700,5,5,1, 14705
20,14703,6,6,1, 14709
2,14723,2,2,1, 14725
29,14718,4,8,1, 14726
1,14726,1,1,0, 14727
8,14736,1,1,1, 14737
6,14730,2,8,1, 14738
11,14734,4,4,1, 14738
16,14739,2,2,1, 14741
20,14743,6,6,1, 14749
22,14746,4,4,1, 14750
19,14746,5,5,1, 14751
25,14755,2,2,1, 14757
31,14756,2,4,1, 14760
2,14763,2,2,1, 14765
1,14766,1,1,1, 14767
3,14767,3,3,1, 14770
5,14767,3,7,1, 14774
8,14776,1,1,1, 14777
13,14779,4,6,1, 14785
20,14783,6,6,1, 14789
19,14786,5,5,1, 14791
25,14795,2,2,1, 14797
31,14796,2,4,1, 14800
1,14806,1,1,1, 14807
3,14807,3,3,1, 14810
8,14816,1,1,1, 14817
6,14810,2,8,1, 14818
16,14819,2,2,1, 14821
15,14821,2,2,1, 14823
13,14819,4,6,1, 14825
20,14823,6,6,1, 14829
22,14826,4,4,1, 14830
31,14836,2,4,1, 14840
29,14838,4,8,1, 14846
1,14846,1,1,1, 14847
3,14847,3,3,1, 14850
8,14856,1,1,0, 14857
11,14854,4,4,1, 14858
16,14859,2,2,1, 14861
22,14866,4,4,1, 14870
28,14874,5,7,1, 14881
1,14886,1,1,0, 14887
3,14887,3,3,1, 14890
5,14887,3,7,1, 14894
8,14896,1,1,0, 14897
15,14901,2,2,1, 14903
19,14906,5,5,1, 14911
23,14908,3,3,1, 14911
25,14915,2,2,1, 14917
29,14918,4,8,1, 14926
1,14926,1,1,0, 14927
8,14936,1,1,0, 14937
9,14937,2,2,1, 14939
17,14939,3,3,1, 14942
12,14940,5,5,1, 14945
23,14948,3,3,1, 14951
8,14976,1,1,1, 14977
16,14979,2,2,1, 14981
15,14981,2,2,1, 14983
23,14988,3,3,1, 14991
8,15016,1,1,1, 15017
23,15028,3,3,1, 15031
31,15036,2,4,1, 15040
1,15046,1,1,0, 15047
8,15056,1,1,1, 15057
9,15057,2,2,1, 15059
16,15059,2,2,1, 15061
25,15075,2,2,1, 15077
31,15076,2,4,1, 15080
1,15086,1,1,0, 15087
8,15096,1,1,0, 15097
22,15106,4,4,1, 15110
23,15108,3,3,1, 15111
25,15115,2,2,1, 15117
2,15123,2,2,1, 15125
1,15126,1,1,0, 15127
3,15127,3,3,1, 15130
8,15136,1,1,1, 15137
16,15139,2,2,1, 15141
15,15141,2,2,1, 15143
22,15146,4,4,1, 15150
23,15148,3,3,1, 15151
25,15155,2,2,1, 15157
31,15156,2,4,1, 15160
2,15163,2,2,1, 15165
1,15166,1,1,1, 15167
3,15167,3,3,1, 15170
8,15176,1,1,1, 15177
9,15177,2,2,1, 15179
16,15179,2,2,1, 15181
12,15180,5,5,1, 15185
20,15183,6,6,1, 15189
25,15195,2,2,1, 15197
29,15198,4,8,1, 15206
1,15206,1,1,0, 15207
5,15207,3,7,1, 15214
8,15216,1,1,1, 15217
6,15210,2,8,1, 15218
16,15219,2,2,1, 15221
15,15221,2,2,1, 15223
12,15220,5,5,1, 15225
22,15226,4,4,1, 15230
29,15238,4,8,1, 15246
1,15246,1,1,1, 15247
3,15247,3,3,1, 15250
8,15256,1,1,1, 15257
11,15254,4,4,1, 15258
15,15261,2,2,1, 15263
13,15259,4,6,1, 15265
12,15260,5,5,1, 15265
20,15263,6,6,1, 15269
22,15266,4,4,1, 15270
19,15266,5,5,1, 15271
23,15268,3,3,1, 15271
29,15278,4,8,1, 15286
1,15286,1,1,0, 15287
5,15287,3,7,1, 15294
8,15296,1,1,0, 15297
6,15290,2,8,1, 15298
11,15294,4,4,1, 15298
9,15297,2,2,1, 15299
16,15299,2,2,0, 15301
17,15299,3,3,1, 15302
15,15301,2,2,1, 15303
20,15303,6,6,1, 15309
22,15306,4,4,0, 15310
19,15306,5,5,1, 15311
23,15308,3,3,1, 15311
25,15315,2,2,1, 15317
31,15316,2,4,0, 15320
1,15326,1,1,0, 15327
3,15327,3,3,1, 15330
5,15327,3,7,1, 15334
8,15336,1,1,1, 15337
6,15330,2,8,1, 15338
16,15339,2,2,0, 15341
17,15339,3,3,1, 15342
15,15341,2,2,0, 15343
13,15339,4,6,1, 15345
12,15340,5,5,1, 15345
20,15343,6,6,1, 15349
22,15346,4,4,1, 15350
19,15346,5,5,1, 15351
23,15348,3,3,0, 15351
25,15355,2,2,1, 15357
31,15356,2,4,1, 15360
28,15354,5,7,1, 15361
8,15376,1,1,1, 15377
16,15379,2,2,0, 15381
15,15381,2,2,0, 15383
22,15386,4,4,1, 15390
23,15388,3,3,1, 15391
31,15396,2,4,0, 15400
8,15416,1,1,1, 15417
16,15419,2,2,1, 15421
15,15421,2,2,0, 15423
22,15426,4,4,1, 15430
23,15428,3,3,0, 15431
31,15436,2,4,1, 15440
8,15456,1,1,0, 15457
16,15459,2,2,1, 15461
15,15461,2,2,0, 15463
13,15459,4,6,1, 15465
12,15460,5,5,1, 15465
20,15463,6,6,1, 15469
22,15466,4,4,1, 15470
23,15468,3,3,1, 15471
31,15476,2,4,0, 15480
1,15486,1,1,1, 15487
5,15487,3,7,1, 15494
8,15496,1,1,0, 15497
11,15494,4,4,1, 15498
9,15497,2,2,1, 15499
16,15499,2,2,1, 15501
17,15499,3,3,1, 15502
15,15501,2,2,0, 15503
20,15503,6,6,1, 15509
22,15506,4,4,1, 15510
23,15508,3,3,0, 15511
25,15515,2,2,1, 15517
31,15516,2,4,0, 15520
28,15514,5,7,1, 15521
2,15523,2,2,1, 15525
29,15518,4,8,1, 15526
1,15526,1,1,0, 15527
8,15536,1,1,1, 15537
6,15530,2,8,1, 15538
16,15539,2,2,0, 15541
15,15541,2,2,1, 15543
13,15539,4,6,1, 15545
12,15540,5,5,1, 15545
22,15546,4,4,0, 15550
23,15548,3,3,0, 15551
31,15556,2,4,1, 15560
1,15566,1,1,1, 15567
8,15576,1,1,0, 15577
16,15579,2,2,0, 15581
17,15579,3,3,1, 15582
15,15581,2,2,0, 15583
22,15586,4,4,0, 15590
23,15588,3,3,1, 15591
31,15596,2,4,1, 15600
1,15606,1,1,1, 15607
8,15616,1,1,0, 15617
16,15619,2,2,0, 15621
17,15619,3,3,1, 15622
15,15621,2,2,1, 15623
22,15626,4,4,1, 15630
23,15628,3,3,0, 15631
25,15635,2,2,1, 15637
31,15636,2,4,1, 15640
1,15646,1,1,1, 15647
8,15656,1,1,0, 15657
9,15657,2,2,1, 15659
16,15659,2,2,0, 15661
17,15659,3,3,1, 15662
15,15661,2,2,0, 15663
22,15666,4,4,0, 15670
23,15668,3,3,1, 15671
31,15676,2,4,1, 15680
1,15686,1,1,1, 15687
8,15696,1,1,0, 15697
9,15697,2,2,1, 15699
16,15699,2,2,1, 15701
17,15699,3,3,1, 15702
15,15701,2,2,1, 15703
22,15706,4,4,0, 15710
23,15708,3,3,0, 15711
31,15716,2,4,0, 15720
28,15714,5,7,1, 15721
2,15723,2,2,1, 15725
29,15718,4,8,1, 15726
1,15726,1,1,0, 15727
5,15727,3,7,1, 15734
8,15736,1,1,0, 15737
6,15730,2,8,1, 15738
16,15739,2,2,1, 15741
15,15741,2,2,0, 15743
22,15746,4,4,1, 15750
19,15746,5,5,1, 15751
23,15748,3,3,1, 15751
31,15756,2,4,0, 15760
2,15763,2,2,1, 15765
29,15758,4,8,1, 15766
1,15766,1,1,1, 15767
5,15767,3,7,1, 15774
8,15776,1,1,1, 15777
6,15770,2,8,1, 15778
11,15774,4,4,1, 15778
9,15777,2,2,1, 15779
16,15779,2,2,1, 15781
15,15781,2,2,0, 15783
12,15780,5,5,1, 15785
22,15786,4,4,1, 15790
23,15788,3,3,1, 15791
25,15795,2,2,1, 15797
31,15796,2,4,1, 15800
2,15803,2,2,1, 15805
1,15806,1,1,0, 15807
8,15816,1,1,0, 15817
11,15814,4,4,1, 15818
9,15817,2,2,1, 15819
16,15819,2,2,0, 15821
17,15819,3,3,1, 15822
15,15821,2,2,0, 15823
22,15826,4,4,0, 15830
23,15828,3,3,0, 15831
31,15836,2,4,1, 15840
28,15834,5,7,1, 15841
29,15838,4,8,1, 15846
1,15846,1,1,0, 15847
3,15847,3,3,1, 15850
8,15856,1,1,1, 15857
9,15857,2,2,1, 15859
16,15859,2,2,0, 15861
15,15861,2,2,0, 15863
13,15859,4,6,1, 15865
22,15866,4,4,0, 15870
19,15866,5,5,1, 15871
23,15868,3,3,0, 15871
31,15876,2,4,1, 15880
28,15874,5,7,1, 15881
1,15886,1,1,0, 15887
8,15896,1,1,1, 15897
6,15890,2,8,1, 15898
9,15897,2,2,1, 15899
16,15899,2,2,0, 15901
15,15901,2,2,1, 15903
22,15906,4,4,1, 15910
19,15906,5,5,1, 15911
23,15908,3,3,1, 15911
31,15916,2,4,1, 15920
29,15918,4,8,1, 15926
1,15926,1,1,0, 15927
3,15927,3,3,1, 15930
5,15927,3,7,1, 15934
8,15936,1,1,0, 15937
11,15934,4,4,1, 15938
16,15939,2,2,1, 15941
17,15939,3,3,1, 15942
15,15941,2,2,0, 15943
22,15946,4,4,0, 15950
23,15948,3,3,0, 15951
25,15955,2,2,1, 15957
31,15956,2,4,1, 15960
1,15966,1,1,1, 15967
3,15967,3,3,1, 15970
5,15967,3,7,1, 15974
8,15976,1,1,0, 15977
16,15979,2,2,0, 15981
15,15981,2,2,0, 15983
22,15986,4,4,0, 15990
23,15988,3,3,0, 15991
31,15996,2,4,0, 16000
28,15994,5,7,1, 16001
1,16006,1,1,0, 16007
8,16016,1,1,0, 16017
6,16010,2,8,1, 16018
11,16014,4,4,1, 16018
9,16017,2,2,1, 16019
16,16019,2,2,0, 16021
15,16021,2,2,1, 16023
12,16020,5,5,1, 16025
23,16028,3,3,1, 16031
25,16035,2,2,1, 16037
31,16036,2,4,1, 16040
1,16046,1,1,1, 16047
8,16056,1,1,0, 16057
6,16050,2,8,1, 16058
9,16057,2,2,1, 16059
16,16059,2,2,1, 16061
17,16059,3,3,1, 16062
20,16063,6,6,1, 16069
22,16066,4,4,1, 16070
19,16066,5,5,1, 16071
23,16068,3,3,1, 16071
25,16075,2,2,1, 16077
28,16074,5,7,1, 16081
8,16096,1,1,0, 16097
15,16101,2,2,1, 16103
22,16106,4,4,1, 16110
23,16108,3,3,1, 16111
31,16116,2,4,1, 16120
8,16136,1,1,0, 16137
16,16139,2,2,1, 16141
31,16156,2,4,1, 16160
8,16176,1,1,0, 16177
16,16179,2,2,1, 16181
12,16180,5,5,1, 16185
22,16186,4,4,1, 16190
19,16186,5,5,1, 16191
23,16188,3,3,1, 16191
25,16195,2,2,1, 16197
1,16206,1,1,0, 16207
8,16216,1,1,0, 16217
6,16210,2,8,1, 16218
11,16214,4,4,1, 16218
16,16219,2,2,1, 16221
12,16220,5,5,1, 16225
20,16223,6,6,1, 16229
22,16226,4,4,1, 16230
19,16226,5,5,1, 16231
25,16235,2,2,1, 16237
28,16234,5,7,1, 16241
2,16243,2,2,1, 16245
1,16246,1,1,0, 16247
8,16256,1,1,1, 16257
11,16254,4,4,1, 16258
17,16259,3,3,1, 16262
15,16261,2,2,1, 16263
13,16259,4,6,1, 16265
12,16260,5,5,1, 16265
23,16268,3,3,1, 16271
25,16275,2,2,1, 16277
31,16276,2,4,1, 16280
29,16278,4,8,1, 16286
1,16286,1,1,0, 16287
3,16287,3,3,1, 16290
8,16296,1,1,0, 16297
11,16294,4,4,1, 16298
16,16299,2,2,1, 16301
17,16299,3,3,1, 16302
15,16301,2,2,1, 16303
13,16299,4,6,1, 16305
12,16300,5,5,1, 16305
19,16306,5,5,1, 16311
31,16316,2,4,1, 16320
1,16326,1,1,1, 16327
3,16327,3,3,1, 16330
8,16336,1,1,1, 16337
17,16339,3,3,1, 16342
15,16341,2,2,1, 16343
12,16340,5,5,1, 16345
20,16343,6,6,1, 16349
25,16355,2,2,1, 16357
28,16354,5,7,1, 16361
2,16363,2,2,1, 16365
8,16376,1,1,0, 16377
15,16381,2,2,1, 16383
31,16396,2,4,1, 16400
8,16416,1,1,0, 16417
16,16419,2,2,1, 16421
15,16421,2,2,1, 16423
8,16456,1,1,0, 16457
16,16459,2,2,1, 16461
20,16463,6,6,1, 16469
22,16466,4,4,1, 16470
23,16468,3,3,1, 16471
31,16476,2,4,1, 16480
28,16474,5,7,1, 16481
2,16483,2,2,1, 16485
1,16486,1,1,0, 16487
8,16496,1,1,1, 16497
11,16494,4,4,1, 16498
9,16497,2,2,1, 16499
13,16499,4,6,1, 16505
12,16500,5,5,1, 16505
22,16506,4,4,1, 16510
19,16506,5,5,1, 16511
25,16515,2,2,1, 16517
28,16514,5,7,1, 16521
29,16518,4,8,1, 16526
1,16526,1,1,1, 16527
3,16527,3,3,1, 16530
8,16536,1,1,1, 16537
11,16534,4,4,1, 16538
17,16539,3,3,1, 16542
15,16541,2,2,1, 16543
20,16543,6,6,1, 16549
19,16546,5,5,1, 16551
23,16548,3,3,1, 16551
25,16555,2,2,1, 16557
31,16556,2,4,1, 16560
1,16566,1,1,1, 16567
8,16576,1,1,0, 16577
6,16570,2,8,1, 16578
11,16574,4,4,1, 16578
9,16577,2,2,1, 16579
16,16579,2,2,1, 16581
17,16579,3,3,1, 16582
15,16581,2,2,1, 16583
12,16580,5,5,1, 16585
20,16583,6,6,1, 16589
31,16596,2,4,1, 16600
28,16594,5,7,1, 16601
29,16598,4,8,1, 16606
1,16606,1,1,0, 16607
3,16607,3,3,1, 16610
5,16607,3,7,1, 16614
8,16616,1,1,1, 16617
9,16617,2,2,1, 16619
16,16619,2,2,1, 16621
15,16621,2,2,1, 16623
8,16656,1,1,0, 16657
15,16661,2,2,1, 16663
8,16696,1,1,0, 16697
15,16701,2,2,1, 16703
23,16708,3,3,1, 16711
31,16716,2,4,1, 16720
29,16718,4,8,1, 16726
1,16726,1,1,0, 16727
5,16727,3,7,1, 16734
8,16736,1,1,0, 16737
6,16730,2,8,1, 16738
11,16734,4,4,1, 16738
9,16737,2,2,1, 16739
15,16741,2,2,1, 16743
22,16746,4,4,1, 16750
23,16748,3,3,1, 16751
25,16755,2,2,1, 16757
2,16763,2,2,1, 16765
1,16766,1,1,1, 16767
8,16776,1,1,0, 16777
9,16777,2,2,1, 16779
17,16779,3,3,1, 16782
15,16781,2,2,1, 16783
23,16788,3,3,1, 16791
25,16795,2,2,1, 16797
2,16803,2,2,1, 16805
1,16806,1,1,1, 16807
8,16816,1,1,0, 16817
9,16817,2,2,1, 16819
16,16819,2,2,1, 16821
15,16821,2,2,1, 16823
2,16843,2,2,1, 16845
29,16838,4,8,1, 16846
1,16846,1,1,1, 16847
5,16847,3,7,1, 16854
8,16856,1,1,1, 16857
6,16850,2,8,1, 16858
9,16857,2,2,1, 16859
17,16859,3,3,1, 16862
13,16859,4,6,1, 16865
19,16866,5,5,1, 16871
23,16868,3,3,1, 16871
28,16874,5,7,1, 16881
29,16878,4,8,1, 16886
1,16886,1,1,1, 16887
5,16887,3,7,1, 16894
8,16896,1,1,0, 16897
11,16894,4,4,1, 16898
17,16899,3,3,1, 16902
22,16906,4,4,1, 16910
23,16908,3,3,1, 16911
25,16915,2,2,1, 16917
28,16914,5,7,1, 16921
1,16926,1,1,0, 16927
3,16927,3,3,1, 16930
5,16927,3,7,1, 16934
8,16936,1,1,1, 16937
9,16937,2,2,1, 16939
16,16939,2,2,1, 16941
17,16939,3,3,1, 16942
15,16941,2,2,1, 16943
19,16946,5,5,1, 16951
28,16954,5,7,1, 16961
1,16966,1,1,1, 16967
8,16976,1,1,1, 16977
16,16979,2,2,1, 16981
15,16981,2,2,1, 16983
12,16980,5,5,1, 16985
22,16986,4,4,0, 16990
19,16986,5,5,1, 16991
23,16988,3,3,1, 16991
25,16995,2,2,1, 16997
31,16996,2,4,1, 17000
29,16998,4,8,1, 17006
1,17006,1,1,0, 17007
3,17007,3,3,1, 17010
8,17016,1,1,1, 17017
6,17010,2,8,1, 17018
11,17014,4,4,1, 17018
16,17019,2,2,0, 17021
15,17021,2,2,1, 17023
22,17026,4,4,0, 17030
23,17028,3,3,0, 17031
31,17036,2,4,0, 17040
8,17056,1,1,0, 17057
16,17059,2,2,0, 17061
15,17061,2,2,1, 17063
22,17066,4,4,0, 17070
23,17068,3,3,0, 17071
31,17076,2,4,1, 17080
8,17096,1,1,1, 17097
16,17099,2,2,0, 17101
15,17101,2,2,0, 17103
22,17106,4,4,0, 17110
23,17108,3,3,0, 17111
31,17116,2,4,0, 17120
1,17126,1,1,0, 17127
8,17136,1,1,0, 17137
6,17130,2,8,1, 17138
16,17139,2,2,0, 17141
15,17141,2,2,1, 17143
13,17139,4,6,1, 17145
12,17140,5,5,1, 17145
22,17146,4,4,0, 17150
19,17146,5,5,1, 17151
23,17148,3,3,0, 17151
31,17156,2,4,1, 17160
28,17154,5,7,1, 17161
2,17163,2,2,1, 17165
29,17158,4,8,1, 17166
1,17166,1,1,1, 17167
3,17167,3,3,1, 17170
8,17176,1,1,1, 17177
6,17170,2,8,1, 17178
11,17174,4,4,1, 17178
16,17179,2,2,0, 17181
15,17181,2,2,1, 17183
12,17180,5,5,1, 17185
22,17186,4,4,1, 17190
23,17188,3,3,0, 17191
25,17195,2,2,1, 17197
31,17196,2,4,1, 17200
28,17194,5,7,1, 17201
2,17203,2,2,1, 17205
1,17206,1,1,1, 17207
3,17207,3,3,1, 17210
5,17207,3,7,1, 17214
8,17216,1,1,1, 17217
6,17210,2,8,1, 17218
11,17214,4,4,1, 17218
9,17217,2,2,1, 17219
16,17219,2,2,1, 17221
15,17221,2,2,1, 17223
13,17219,4,6,1, 17225
20,17223,6,6,1, 17229
22,17226,4,4,0, 17230
23,17228,3,3,0, 17231
31,17236,2,4,1, 17240
2,17243,2,2,1, 17245
1,17246,1,1,1, 17247
3,17247,3,3,1, 17250
5,17247,3,7,1, 17254
8,17256,1,1,1, 17257
11,17254,4,4,1, 17258
9,17257,2,2,1, 17259
16,17259,2,2,1, 17261
15,17261,2,2,0, 17263
22,17266,4,4,0, 17270
23,17268,3,3,0, 17271
31,17276,2,4,1, 17280
8,17296,1,1,0, 17297
16,17299,2,2,0, 17301
15,17301,2,2,0, 17303
22,17306,4,4,1, 17310
23,17308,3,3,1, 17311
31,17316,2,4,1, 17320
8,17336,1,1,0, 17337
16,17339,2,2,0, 17341
15,17341,2,2,1, 17343
22,17346,4,4,0, 17350
23,17348,3,3,0, 17351
31,17356,2,4,0, 17360
1,17366,1,1,0, 17367
8,17376,1,1,1, 17377
9,17377,2,2,1, 17379
16,17379,2,2,1, 17381
15,17381,2,2,1, 17383
22,17386,4,4,0, 17390
23,17388,3,3,0, 17391
31,17396,2,4,0, 17400
1,17406,1,1,0, 17407
3,17407,3,3,1, 17410
8,17416,1,1,0, 17417
9,17417,2,2,1, 17419
16,17419,2,2,0, 17421
15,17421,2,2,1, 17423
22,17426,4,4,1, 17430
23,17428,3,3,0, 17431
25,17435,2,2,1, 17437
31,17436,2,4,1, 17440
2,17443,2,2,1, 17445
1,17446,1,1,0, 17447
3,17447,3,3,1, 17450
8,17456,1,1,0, 17457
11,17454,4,4,1, 17458
9,17457,2,2,1, 17459
16,17459,2,2,1, 17461
17,17459,3,3,1, 17462
15,17461,2,2,1, 17463
12,17460,5,5,1, 17465
20,17463,6,6,1, 17469
22,17466,4,4,1, 17470
19,17466,5,5,1, 17471
23,17468,3,3,1, 17471
31,17476,2,4,0, 17480
2,17483,2,2,1, 17485
1,17486,1,1,1, 17487
8,17496,1,1,0, 17497
11,17494,4,4,1, 17498
9,17497,2,2,1, 17499
16,17499,2,2,0, 17501
17,17499,3,3,1, 17502
15,17501,2,2,0, 17503
13,17499,4,6,1, 17505
20,17503,6,6,1, 17509
22,17506,4,4,1, 17510
23,17508,3,3,1, 17511
31,17516,2,4,0, 17520
2,17523,2,2,1, 17525
29,17518,4,8,1, 17526
1,17526,1,1,1, 17527
5,17527,3,7,1, 17534
8,17536,1,1,1, 17537
6,17530,2,8,1, 17538
16,17539,2,2,0, 17541
15,17541,2,2,0, 17543
13,17539,4,6,1, 17545
20,17543,6,6,1, 17549
22,17546,4,4,1, 17550
19,17546,5,5,1, 17551
23,17548,3,3,1, 17551
31,17556,2,4,1, 17560
1,17566,1,1,1, 17567
8,17576,1,1,0, 17577
11,17574,4,4,1, 17578
9,17577,2,2,1, 17579
16,17579,2,2,0, 17581
15,17581,2,2,1, 17583
13,17579,4,6,1, 17585
20,17583,6,6,1, 17589
22,17586,4,4,0, 17590
19,17586,5,5,1, 17591
23,17588,3,3,1, 17591
31,17596,2,4,0, 17600
29,17598,4,8,1, 17606
1,17606,1,1,0, 17607
5,17607,3,7,1, 17614
8,17616,1,1,0, 17617
6,17610,2,8,1, 17618
16,17619,2,2,1, 17621
17,17619,3,3,1, 17622
15,17621,2,2,1, 17623
22,17626,4,4,1, 17630
19,17626,5,5,1, 17631
23,17628,3,3,1, 17631
31,17636,2,4,1, 17640
2,17643,2,2,1, 17645
1,17646,1,1,0, 17647
3,17647,3,3,1, 17650
8,17656,1,1,0, 17657
11,17654,4,4,1, 17658
16,17659,2,2,1, 17661
17,17659,3,3,1, 17662
15,17661,2,2,0, 17663
13,17659,4,6,1, 17665
22,17666,4,4,1, 17670
23,17668,3,3,0, 17671
31,17676,2,4,0, 17680
8,17696,1,1,1, 17697
16,17699,2,2,0, 17701
15,17701,2,2,0, 17703
22,17706,4,4,1, 17710
23,17708,3,3,0, 17711
31,17716,2,4,0, 17720
8,17736,1,1,0, 17737
16,17739,2,2,1, 17741
15,17741,2,2,0, 17743
22,17746,4,4,0, 17750
23,17748,3,3,0, 17751
31,17756,2,4,0, 17760
8,17776,1,1,0, 17777
16,17779,2,2,1, 17781
17,17779,3,3,1, 17782
15,17781,2,2,1, 17783
13,17779,4,6,1, 17785
12,17780,5,5,1, 17785
20,17783,6,6,1, 17789
23,17788,3,3,1, 17791
31,17796,2,4,1, 17800
28,17794,5,7,1, 17801
1,17806,1,1,1, 17807
3,17807,3,3,1, 17810
5,17807,3,7,1, 17814
8,17816,1,1,1, 17817
6,17810,2,8,1, 17818
11,17814,4,4,1, 17818
9,17817,2,2,1, 17819
15,17821,2,2,1, 17823
12,17820,5,5,1, 17825
20,17823,6,6,1, 17829
22,17826,4,4,1, 17830
1,17846,1,1,1, 17847
8,17856,1,1,1, 17857
17,17859,3,3,1, 17862
1,17886,1,1,0, 17887
8,17896,1,1,0, 17897
9,17897,2,2,1, 17899
16,17899,2,2,1, 17901
1,17926,1,1,0, 17927
8,17936,1,1,0, 17937
11,17934,4,4,1, 17938
16,17939,2,2,1, 17941
15,17941,2,2,1, 17943
13,17939,4,6,1, 17945
22,17946,4,4,1, 17950
23,17948,3,3,1, 17951
28,17954,5,7,1, 17961
2,17963,2,2,1, 17965
1,17966,1,1,0, 17967
8,17976,1,1,1, 17977
11,17974,4,4,1, 17978
15,17981,2,2,1, 17983
12,17980,5,5,1, 17985
19,17986,5,5,1, 17991
25,17995,2,2,1, 17997
31,17996,2,4,1, 18000
2,18003,2,2,1, 18005
1,18006,1,1,0, 18007
3,18007,3,3,1, 18010
8,18016,1,1,0, 18017
11,18014,4,4,1, 18018
17,18019,3,3,1, 18022
15,18021,2,2,1, 18023
12,18020,5,5,1, 18025
28,18034,5,7,1, 18041
29,18038,4,8,1, 18046
1,18046,1,1,0, 18047
3,18047,3,3,1, 18050
5,18047,3,7,1, 18054
8,18056,1,1,1, 18057
6,18050,2,8,1, 18058
9,18057,2,2,1, 18059
12,18060,5,5,1, 18065
19,18066,5,5,1, 18071
23,18068,3,3,1, 18071
1,18086,1,1,1, 18087
5,18087,3,7,1, 18094
8,18096,1,1,1, 18097
6,18090,2,8,1, 18098
13,18099,4,6,1, 18105
19,18106,5,5,1, 18111
25,18115,2,2,1, 18117
1,18126,1,1,1, 18127
3,18127,3,3,1, 18130
8,18136,1,1,1, 18137
6,18130,2,8,1, 18138
17,18139,3,3,1, 18142
15,18141,2,2,1, 18143
12,18140,5,5,1, 18145
20,18143,6,6,1, 18149
22,18146,4,4,1, 18150
25,18155,2,2,1, 18157
31,18156,2,4,1, 18160
28,18154,5,7,1, 18161
1,18166,1,1,0, 18167
3,18167,3,3,1, 18170
8,18176,1,1,0, 18177
6,18170,2,8,1, 18178
9,18177,2,2,1, 18179
16,18179,2,2,1, 18181
17,18179,3,3,1, 18182
15,18181,2,2,1, 18183
22,18186,4,4,1, 18190
31,18196,2,4,1, 18200
8,18216,1,1,0, 18217
22,18226,4,4,1, 18230
8,18256,1,1,1, 18257
23,18268,3,3,1, 18271
31,18276,2,4,1, 18280
29,18278,4,8,1, 18286
1,18286,1,1,0, 18287
3,18287,3,3,1, 18290
8,18296,1,1,1, 18297
9,18297,2,2,1, 18299
17,18299,3,3,1, 18302
22,18306,4,4,1, 18310
23,18308,3,3,1, 18311
25,18315,2,2,1, 18317
31,18316,2,4,1, 18320
28,18314,5,7,1, 18321
1,18326,1,1,0, 18327
5,18327,3,7,1, 18334
8,18336,1,1,1, 18337
11,18334,4,4,1, 18338
15,18341,2,2,1, 18343
23,18348,3,3,1, 18351
28,18354,5,7,1, 18361
1,18366,1,1,1, 18367
8,18376,1,1,1, 18377
11,18374,4,4,1, 18378
16,18379,2,2,1, 18381
17,18379,3,3,1, 18382
15,18381,2,2,1, 18383
13,18379,4,6,1, 18385
19,18386,5,5,1, 18391
25,18395,2,2,1, 18397
31,18396,2,4,1, 18400
28,18394,5,7,1, 18401
2,18403,2,2,1, 18405
29,18398,4,8,1, 18406
1,18406,1,1,1, 18407
3,18407,3,3,1, 18410
5,18407,3,7,1, 18414
8,18416,1,1,0, 18417
6,18410,2,8,1, 18418
11,18414,4,4,1, 18418
17,18419,3,3,1, 18422
15,18421,2,2,1, 18423
22,18426,4,4,1, 18430
23,18428,3,3,1, 18431
31,18436,2,4,1, 18440
1,18446,1,1,0, 18447
8,18456,1,1,1, 18457
15,18461,2,2,1, 18463
22,18466,4,4,1, 18470
23,18468,3,3,1, 18471
25,18475,2,2,1, 18477
31,18476,2,4,1, 18480
1,18486,1,1,1, 18487
8,18496,1,1,0, 18497
16,18499,2,2,1, 18501
15,18501,2,2,1, 18503
22,18506,4,4,1, 18510
1,18526,1,1,0, 18527
3,18527,3,3,1, 18530
5,18527,3,7,1, 18534
8,18536,1,1,0, 18537
16,18539,2,2,1, 18541
15,18541,2,2,1, 18543
20,18543,6,6,1, 18549
25,18555,2,2,1, 18557
31,18556,2,4,1, 18560
28,18554,5,7,1, 18561
2,18563,2,2,1, 18565
29,18558,4,8,1, 18566
1,18566,1,1,0, 18567
8,18576,1,1,1, 18577
9,18577,2,2,1, 18579
15,18581,2,2,1, 18583
13,18579,4,6,1, 18585
12,18580,5,5,1, 18585
19,18586,5,5,1, 18591
23,18588,3,3,1, 18591
2,18603,2,2,1, 18605
1,18606,1,1,0, 18607
8,18616,1,1,0, 18617
6,18610,2,8,1, 18618
11,18614,4,4,1, 18618
16,18619,2,2,1, 18621
13,18619,4,6,1, 18625
12,18620,5,5,1, 18625
22,18626,4,4,1, 18630
25,18635,2,2,1, 18637
31,18636,2,4,1, 18640
28,18634,5,7,1, 18641
2,18643,2,2,1, 18645
29,18638,4,8,1, 18646
1,18646,1,1,1, 18647
8,18656,1,1,1, 18657
6,18650,2,8,1, 18658
11,18654,4,4,1, 18658
16,18659,2,2,0, 18661
17,18659,3,3,1, 18662
15,18661,2,2,1, 18663
13,18659,4,6,1, 18665
22,18666,4,4,0, 18670
23,18668,3,3,1, 18671
31,18676,2,4,0, 18680
8,18696,1,1,0, 18697
16,18699,2,2,1, 18701
15,18701,2,2,1, 18703
22,18706,4,4,1, 18710
23,18708,3,3,1, 18711
31,18716,2,4,1, 18720
8,18736,1,1,1, 18737
16,18739,2,2,0, 18741
15,18741,2,2,1, 18743
22,18746,4,4,0, 18750
23,18748,3,3,1, 18751
31,18756,2,4,1, 18760
3,18767,3,3,1, 18770
5,18767,3,7,1, 18774
8,18776,1,1,1, 18777
6,18770,2,8,1, 18778
16,18779,2,2,1, 18781
17,18779,3,3,1, 18782
15,18781,2,2,1, 18783
22,18786,4,4,0, 18790
19,18786,5,5,1, 18791
23,18788,3,3,0, 18791
25,18795,2,2,1, 18797
31,18796,2,4,0, 18800
29,18798,4,8,1, 18806
1,18806,1,1,0, 18807
3,18807,3,3,1, 18810
5,18807,3,7,1, 18814
8,18816,1,1,1, 18817
6,18810,2,8,1, 18818
9,18817,2,2,1, 18819
16,18819,2,2,1, 18821
17,18819,3,3,1, 18822
15,18821,2,2,1, 18823
20,18823,6,6,1, 18829
22,18826,4,4,1, 18830
19,18826,5,5,1, 18831
23,18828,3,3,1, 18831
31,18836,2,4,1, 18840
2,18843,2,2,1, 18845
29,18838,4,8,1, 18846
1,18846,1,1,0, 18847
3,18847,3,3,1, 18850
8,18856,1,1,0, 18857
9,18857,2,2,1, 18859
16,18859,2,2,1, 18861
17,18859,3,3,1, 18862
15,18861,2,2,0, 18863
22,18866,4,4,0, 18870
23,18868,3,3,1, 18871
25,18875,2,2,1, 18877
31,18876,2,4,0, 18880
1,18886,1,1,0, 18887
8,18896,1,1,0, 18897
9,18897,2,2,1, 18899
16,18899,2,2,0, 18901
17,18899,3,3,1, 18902
15,18901,2,2,0, 18903
22,18906,4,4,1, 18910
23,18908,3,3,1, 18911
31,18916,2,4,1, 18920
1,18926,1,1,1, 18927
8,18936,1,1,0, 18937
9,18937,2,2,1, 18939
16,18939,2,2,0, 18941
15,18941,2,2,1, 18943
22,18946,4,4,1, 18950
23,18948,3,3,0, 18951
31,18956,2,4,0, 18960
28,18954,5,7,1, 18961
2,18963,2,2,1, 18965
1,18966,1,1,0, 18967
5,18967,3,7,1, 18974
8,18976,1,1,0, 18977
11,18974,4,4,1, 18978
9,18977,2,2,1, 18979
16,18979,2,2,1, 18981
15,18981,2,2,0, 18983
13,18979,4,6,1, 18985
12,18980,5,5,1, 18985
20,18983,6,6,1, 18989
22,18986,4,4,0, 18990
23,18988,3,3,0, 18991
25,18995,2,2,1, 18997
31,18996,2,4,1, 19000
1,19006,1,1,1, 19007
3,19007,3,3,1, 19010
5,19007,3,7,1, 19014
8,19016,1,1,1, 19017
6,19010,2,8,1, 19018
9,19017,2,2,1, 19019
16,19019,2,2,0, 19021
15,19021,2,2,0, 19023
22,19026,4,4,0, 19030
23,19028,3,3,1, 19031
31,19036,2,4,1, 19040
8,19056,1,1,0, 19057
16,19059,2,2,0, 19061
15,19061,2,2,1, 19063
22,19066,4,4,0, 19070
23,19068,3,3,1, 19071
31,19076,2,4,1, 19080
8,19096,1,1,1, 19097
16,19099,2,2,0, 19101
15,19101,2,2,1, 19103
22,19106,4,4,0, 19110
23,19108,3,3,0, 19111
31,19116,2,4,1, 19120
1,19126,1,1,0, 19127
8,19136,1,1,0, 19137
16,19139,2,2,0, 19141
17,19139,3,3,1, 19142
15,19141,2,2,0, 19143
22,19146,4,4,0, 19150
23,19148,3,3,0, 19151
25,19155,2,2,1, 19157
31,19156,2,4,1, 19160
1,19166,1,1,1, 19167
3,19167,3,3,1, 19170
8,19176,1,1,1, 19177
16,19179,2,2,0, 19181
17,19179,3,3,1, 19182
15,19181,2,2,1, 19183
22,19186,4,4,0, 19190
23,19188,3,3,0, 19191
31,19196,2,4,0, 19200
1,19206,1,1,1, 19207
8,19216,1,1,1, 19217
9,19217,2,2,1, 19219
16,19219,2,2,0, 19221
17,19219,3,3,1, 19222
15,19221,2,2,0, 19223
22,19226,4,4,1, 19230
23,19228,3,3,0, 19231
25,19235,2,2,1, 19237
31,19236,2,4,0, 19240
1,19246,1,1,0, 19247
8,19256,1,1,1, 19257
11,19254,4,4,1, 19258
16,19259,2,2,0, 19261
15,19261,2,2,1, 19263
20,19263,6,6,1, 19269
22,19266,4,4,1, 19270
19,19266,5,5,1, 19271
23,19268,3,3,1, 19271
25,19275,2,2,1, 19277
31,19276,2,4,1, 19280
2,19283,2,2,1, 19285
29,19278,4,8,1, 19286
1,19286,1,1,0, 19287
3,19287,3,3,1, 19290
5,19287,3,7,1, 19294
8,19296,1,1,1, 19297
6,19290,2,8,1, 19298
9,19297,2,2,1, 19299
16,19299,2,2,0, 19301
17,19299,3,3,1, 19302
15,19301,2,2,1, 19303
12,19300,5,5,1, 19305
20,19303,6,6,1, 19309
22,19306,4,4,0, 19310
23,19308,3,3,1, 19311
31,19316,2,4,0, 19320
2,19323,2,2,1, 19325
29,19318,4,8,1, 19326
1,19326,1,1,1, 19327
3,19327,3,3,1, 19330
8,19336,1,1,0, 19337
6,19330,2,8,1, 19338
11,19334,4,4,1, 19338
9,19337,2,2,1, 19339
16,19339,2,2,0, 19341
15,19341,2,2,0, 19343
13,19339,4,6,1, 19345
22,19346,4,4,0, 19350
23,19348,3,3,0, 19351
31,19356,2,4,0, 19360
28,19354,5,7,1, 19361
2,19363,2,2,1, 19365
1,19366,1,1,0, 19367
5,19367,3,7,1, 19374
8,19376,1,1,1, 19377
6,19370,2,8,1, 19378
16,19379,2,2,0, 19381
17,19379,3,3,1, 19382
15,19381,2,2,1, 19383
20,19383,6,6,1, 19389
22,19386,4,4,0, 19390
19,19386,5,5,1, 19391
23,19388,3,3,1, 19391
25,19395,2,2,1, 19397
2,19403,2,2,1, 19405
1,19406,1,1,0, 19407
5,19407,3,7,1, 19414
8,19416,1,1,1, 19417
9,19417,2,2,1, 19419
16,19419,2,2,1, 19421
15,19421,2,2,1, 19423
13,19419,4,6,1, 19425
20,19423,6,6,1, 19429
19,19426,5,5,1, 19431
31,19436,2,4,1, 19440
8,19456,1,1,0, 19457
16,19459,2,2,1, 19461
23,19468,3,3,1, 19471
8,19496,1,1,1, 19497
16,19499,2,2,1, 19501
15,19501,2,2,1, 19503
23,19508,3,3,1, 19511
31,19516,2,4,1, 19520
8,19536,1,1,1, 19537
9,19537,2,2,1, 19539
16,19539,2,2,1, 19541
15,19541,2,2,1, 19543
13,19539,4,6,1, 19545
12,19540,5,5,1, 19545
20,19543,6,6,1, 19549
22,19546,4,4,1, 19550
23,19548,3,3,1, 19551
31,19556,2,4,1, 19560
28,19554,5,7,1, 19561
2,19563,2,2,1, 19565
29,19558,4,8,1, 19566
1,19566,1,1,1, 19567
5,19567,3,7,1, 19574
8,19576,1,1,1, 19577
6,19570,2,8,1, 19578
11,19574,4,4,1, 19578
17,19579,3,3,1, 19582
13,19579,4,6,1, 19585
22,19586,4,4,1, 19590
25,19595,2,2,1, 19597
2,19603,2,2,1, 19605
29,19598,4,8,1, 19606
1,19606,1,1,0, 19607
8,19616,1,1,0, 19617
6,19610,2,8,1, 19618
15,19621,2,2,1, 19623
20,19623,6,6,1, 19629
22,19626,4,4,1, 19630
19,19626,5,5,1, 19631
23,19628,3,3,1, 19631
25,19635,2,2,1, 19637
31,19636,2,4,1, 19640
28,19634,5,7,1, 19641
2,19643,2,2,1, 19645
29,19638,4,8,1, 19646
1,19646,1,1,0, 19647
5,19647,3,7,1, 19654
8,19656,1,1,0, 19657
6,19650,2,8,1, 19658
11,19654,4,4,1, 19658
22,19666,4,4,1, 19670
31,19676,2,4,1, 19680
8,19696,1,1,0, 19697
22,19706,4,4,1, 19710
8,19736,1,1,1, 19737
15,19741,2,2,1, 19743
23,19748,3,3,1, 19751
31,19756,2,4,1, 19760
29,19758,4,8,1, 19766
1,19766,1,1,0, 19767
3,19767,3,3,1, 19770
5,19767,3,7,1, 19774
8,19776,1,1,0, 19777
11,19774,4,4,1, 19778
9,19777,2,2,1, 19779
16,19779,2,2,1, 19781
17,19779,3,3,1, 19782
15,19781,2,2,1, 19783
13,19779,4,6,1, 19785
23,19788,3,3,1, 19791
31,19796,2,4,1, 19800
28,19794,5,7,1, 19801
29,19798,4,8,1, 19806
1,19806,1,1,1, 19807
3,19807,3,3,1, 19810
5,19807,3,7,1, 19814
8,19816,1,1,0, 19817
6,19810,2,8,1, 19818
9,19817,2,2,1, 19819
16,19819,2,2,1, 19821
17,19819,3,3,1, 19822
15,19821,2,2,1, 19823
12,19820,5,5,1, 19825
20,19823,6,6,1, 19829
22,19826,4,4,1, 19830
31,19836,2,4,1, 19840
2,19843,2,2,1, 19845
1,19846,1,1,0, 19847
8,19856,1,1,1, 19857
16,19859,2,2,1, 19861
17,19859,3,3,1, 19862
22,19866,4,4,1, 19870
23,19868,3,3,1, 19871
31,19876,2,4,1, 19880
2,19883,2,2,1, 19885
1,19886,1,1,1, 19887
8,19896,1,1,0, 19897
15,19901,2,2,1, 19903
23,19908,3,3,1, 19911
1,19926,1,1,1, 19927
3,19927,3,3,1, 19930
5,19927,3,7,1, 19934
8,19936,1,1,1, 19937
11,19934,4,4,1, 19938
16,19939,2,2,1, 19941
13,19939,4,6,1, 19945
22,19946,4,4,1, 19950
23,19948,3,3,1, 19951
25,19955,2,2,1, 19957
28,19954,5,7,1, 19961
2,19963,2,2,1, 19965
1,19966,1,1,1, 19967
3,19967,3,3,1, 19970
8,19976,1,1,1, 19977
11,19974,4,4,1, 19978
9,19977,2,2,1, 19979
16,19979,2,2,1, 19981
17,19979,3,3,1, 19982
15,19981,2,2,1, 19983
13,19979,4,6,1, 19985
22,19986,4,4,1, 19990
19,19986,5,5,1, 19991
23,19988,3,3,1, 19991
28,19994,5,7,1, 20001
29,19998,4,8,1, 20006
1,20006,1,1,0, 20007
5,20007,3,7,1, 20014
8,20016,1,1,0, 20017
11,20014,4,4,1, 20018
9,20017,2,2,1, 20019
16,20019,2,2,1, 20021
31,20036,2,4,1, 20040
8,20056,1,1,0, 20057
16,20059,2,2,1, 20061
31,20076,2,4,1, 20080
8,20096,1,1,0, 20097
16,20099,2,2,1, 20101
23,20108,3,3,1, 20111
1,20126,1,1,1, 20127
8,20136,1,1,0, 20137
9,20137,2,2,1, 20139
16,20139,2,2,1, 20141
17,20139,3,3,1, 20142
15,20141,2,2,1, 20143
23,20148,3,3,1, 20151
31,20156,2,4,1, 20160
1,20166,1,1,1, 20167
8,20176,1,1,1, 20177
9,20177,2,2,1, 20179
16,20179,2,2,1, 20181
17,20179,3,3,1, 20182
22,20186,4,4,1, 20190
31,20196,2,4,1, 20200
1,20206,1,1,1, 20207
5,20207,3,7,1, 20214
8,20216,1,1,1, 20217
11,20214,4,4,1, 20218
9,20217,2,2,1, 20219
16,20219,2,2,1, 20221
17,20219,3,3,1, 20222
15,20221,2,2,1, 20223
12,20220,5,5,1, 20225
20,20223,6,6,1, 20229
22,20226,4,4,1, 20230
19,20226,5,5,1, 20231
31,20236,2,4,1, 20240
2,20243,2,2,1, 20245
29,20238,4,8,1, 20246
1,20246,1,1,1, 20247
3,20247,3,3,1, 20250
8,20256,1,1,1, 20257
16,20259,2,2,1, 20261
17,20259,3,3,1, 20262
20,20263,6,6,1, 20269
23,20268,3,3,1, 20271
31,20276,2,4,1, 20280
2,20283,2,2,1, 20285
29,20278,4,8,1, 20286
1,20286,1,1,0, 20287
3,20287,3,3,1, 20290
8,20296,1,1,0, 20297
6,20290,2,8,1, 20298
11,20294,4,4,1, 20298
16,20299,2,2,1, 20301
17,20299,3,3,1, 20302
15,20301,2,2,1, 20303
22,20306,4,4,1, 20310
19,20306,5,5,1, 20311
23,20308,3,3,1, 20311
25,20315,2,2,1, 20317
2,20323,2,2,1, 20325
29,20318,4,8,1, 20326
1,20326,1,1,1, 20327
5,20327,3,7,1, 20334
8,20336,1,1,0, 20337
6,20330,2,8,1, 20338
13,20339,4,6,1, 20345
12,20340,5,5,1, 20345
19,20346,5,5,1, 20351
23,20348,3,3,1, 20351
25,20355,2,2,1, 20357
29,20358,4,8,1, 20366
1,20366,1,1,1, 20367
3,20367,3,3,1, 20370
5,20367,3,7,1, 20374
8,20376,1,1,0, 20377
6,20370,2,8,1, 20378
16,20379,2,2,1, 20381
17,20379,3,3,1, 20382
15,20381,2,2,1, 20383
22,20386,4,4,1, 20390
8,20416,1,1,1, 20417
16,20419,2,2,1, 20421
22,20426,4,4,1, 20430
31,20436,2,4,1, 20440
8,20456,1,1,1, 20457
16,20459,2,2,1, 20461
15,20461,2,2,1, 20463
31,20476,2,4,1, 20480
1,20486,1,1,0, 20487
3,20487,3,3,1, 20490
8,20496,1,1,0, 20497
16,20499,2,2,1, 20501
22,20506,4,4,1, 20510
23,20508,3,3,1, 20511
1,20526,1,1,1, 20527
8,20536,1,1,0, 20537
9,20537,2,2,1, 20539
31,20556,2,4,1, 20560
1,20566,1,1,1, 20567
3,20567,3,3,1, 20570
8,20576,1,1,0, 20577
9,20577,2,2,1, 20579
16,20579,2,2,1, 20581
17,20579,3,3,1, 20582
12,20580,5,5,1, 20585
22,20586,4,4,1, 20590
19,20586,5,5,1, 20591
31,20596,2,4,1, 20600
28,20594,5,7,1, 20601
2,20603,2,2,1, 20605
1,20606,1,1,1, 20607
5,20607,3,7,1, 20614
8,20616,1,1,0, 20617
6,20610,2,8,1, 20618
11,20614,4,4,1, 20618
16,20619,2,2,1, 20621
17,20619,3,3,1, 20622
15,20621,2,2,1, 20623
13,20619,4,6,1, 20625
12,20620,5,5,1, 20625
22,20626,4,4,1, 20630
19,20626,5,5,1, 20631
23,20628,3,3,1, 20631
31,20636,2,4,1, 20640
28,20634,5,7,1, 20641
1,20646,1,1,0, 20647
3,20647,3,3,1, 20650
8,20656,1,1,0, 20657
6,20650,2,8,1, 20658
11,20654,4,4,1, 20658
9,20657,2,2,1, 20659
16,20659,2,2,1, 20661
17,20659,3,3,1, 20662
15,20661,2,2,1, 20663
12,20660,5,5,1, 20665
19,20666,5,5,1, 20671
25,20675,2,2,1, 20677
28,20674,5,7,1, 20681
29,20678,4,8,1, 20686
1,20686,1,1,0, 20687
8,20696,1,1,1, 20697
17,20699,3,3,1, 20702
15,20701,2,2,1, 20703
22,20706,4,4,1, 20710
23,20708,3,3,1, 20711
1,20726,1,1,1, 20727
8,20736,1,1,0, 20737
17,20739,3,3,1, 20742
15,20741,2,2,1, 20743
23,20748,3,3,1, 20751
25,20755,2,2,1, 20757
31,20756,2,4,1, 20760
1,20766,1,1,1, 20767
8,20776,1,1,1, 20777
9,20777,2,2,1, 20779
16,20779,2,2,1, 20781
17,20779,3,3,1, 20782
15,20781,2,2,1, 20783
31,20796,2,4,1, 20800
2,20803,2,2,1, 20805
29,20798,4,8,1, 20806
1,20806,1,1,0, 20807
3,20807,3,3,1, 20810
5,20807,3,7,1, 20814
8,20816,1,1,1, 20817
6,20810,2,8,1, 20818
11,20814,4,4,1, 20818
9,20817,2,2,1, 20819
16,20819,2,2,1, 20821
17,20819,3,3,1, 20822
15,20821,2,2,1, 20823
12,20820,5,5,1, 20825
22,20826,4,4,1, 20830
25,20835,2,2,1, 20837
2,20843,2,2,1, 20845
1,20846,1,1,0, 20847
8,20856,1,1,0, 20857
9,20857,2,2,1, 20859
22,20866,4,4,1, 20870
31,20876,2,4,1, 20880
1,20886,1,1,1, 20887
8,20896,1,1,0, 20897
17,20899,3,3,1, 20902
15,20901,2,2,1, 20903
22,20906,4,4,1, 20910
23,20908,3,3,1, 20911
25,20915,2,2,1, 20917
2,20923,2,2,1, 20925
1,20926,1,1,1, 20927
3,20927,3,3,1, 20930
5,20927,3,7,1, 20934
8,20936,1,1,0, 20937
11,20934,4,4,1, 20938
9,20937,2,2,1, 20939
13,20939,4,6,1, 20945
20,20943,6,6,1, 20949
22,20946,4,4,1, 20950
25,20955,2,2,1, 20957
31,20956,2,4,1, 20960
29,20958,4,8,1, 20966
1,20966,1,1,1, 20967
5,20967,3,7,1, 20974
8,20976,1,1,0, 20977
9,20977,2,2,1, 20979
16,20979,2,2,0, 20981
17,20979,3,3,1, 20982
15,20981,2,2,0, 20983
13,20979,4,6,1, 20985
12,20980,5,5,1, 20985
20,20983,6,6,1, 20989
22,20986,4,4,1, 20990
23,20988,3,3,0, 20991
31,20996,2,4,0, 21000
8,21016,1,1,1, 21017
16,21019,2,2,1, 21021
15,21021,2,2,1, 21023
22,21026,4,4,1, 21030
23,21028,3,3,1, 21031
31,21036,2,4,0, 21040
8,21056,1,1,0, 21057
16,21059,2,2,1, 21061
15,21061,2,2,1, 21063
22,21066,4,4,0, 21070
23,21068,3,3,1, 21071
31,21076,2,4,0, 21080
5,21087,3,7,1, 21094
8,21096,1,1,0, 21097
9,21097,2,2,1, 21099
16,21099,2,2,1, 21101
17,21099,3,3,1, 21102
15,21101,2,2,0, 21103
20,21103,6,6,1, 21109
22,21106,4,4,1, 21110
19,21106,5,5,1, 21111
23,21108,3,3,0, 21111
31,21116,2,4,0, 21120
28,21114,5,7,1, 21121
29,21118,4,8,1, 21126
1,21126,1,1,0, 21127
3,21127,3,3,1, 21130
8,21136,1,1,1, 21137
16,21139,2,2,1, 21141
15,21141,2,2,1, 21143
22,21146,4,4,0, 21150
23,21148,3,3,1, 21151
31,21156,2,4,1, 21160
2,21163,2,2,1, 21165
1,21166,1,1,1, 21167
8,21176,1,1,1, 21177
9,21177,2,2,1, 21179
16,21179,2,2,0, 21181
15,21181,2,2,0, 21183
22,21186,4,4,0, 21190
23,21188,3,3,0, 21191
25,21195,2,2,1, 21197
31,21196,2,4,1, 21200
1,21206,1,1,0, 21207
8,21216,1,1,0, 21217
16,21219,2,2,0, 21221
15,21221,2,2,1, 21223
22,21226,4,4,0, 21230
19,21226,5,5,1, 21231
23,21228,3,3,1, 21231
25,21235,2,2,1, 21237
31,21236,2,4,1, 21240
2,21243,2,2,1, 21245
1,21246,1,1,1, 21247
3,21247,3,3,1, 21250
8,21256,1,1,1, 21257
16,21259,2,2,1, 21261
15,21261,2,2,0, 21263
13,21259,4,6,1, 21265
20,21263,6,6,1, 21269
22,21266,4,4,0, 21270
19,21266,5,5,1, 21271
23,21268,3,3,1, 21271
31,21276,2,4,0, 21280
1,21286,1,1,0, 21287
3,21287,3,3,1, 21290
8,21296,1,1,1, 21297
16,21299,2,2,0, 21301
17,21299,3,3,1, 21302
15,21301,2,2,0, 21303
12,21300,5,5,1, 21305
22,21306,4,4,0, 21310
23,21308,3,3,1, 21311
31,21316,2,4,1, 21320
28,21314,5,7,1, 21321
1,21326,1,1,1, 21327
8,21336,1,1,0, 21337
16,21339,2,2,1, 21341
15,21341,2,2,0, 21343
13,21339,4,6,1, 21345
22,21346,4,4,1, 21350
19,21346,5,5,1, 21351
23,21348,3,3,1, 21351
31,21356,2,4,0, 21360
28,21354,5,7,1, 21361
29,21358,4,8,1, 21366
1,21366,1,1,1, 21367
3,21367,3,3,1, 21370
8,21376,1,1,0, 21377
11,21374,4,4,1, 21378
16,21379,2,2,0, 21381
15,21381,2,2,1, 21383
13,21379,4,6,1, 21385
12,21380,5,5,1, 21385
20,21383,6,6,1, 21389
22,21386,4,4,0, 21390
19,21386,5,5,1, 21391
23,21388,3,3,0, 21391
31,21396,2,4,0, 21400
2,21403,2,2,1, 21405
1,21406,1,1,1, 21407
3,21407,3,3,1, 21410
8,21416,1,1,0, 21417
16,21419,2,2,0, 21421
15,21421,2,2,0, 21423
12,21420,5,5,1, 21425
20,21423,6,6,1, 21429
22,21426,4,4,0, 21430
19,21426,5,5,1, 21431
23,21428,3,3,0, 21431
25,21435,2,2,1, 21437
31,21436,2,4,0, 21440
29,21438,4,8,1, 21446
1,21446,1,1,0, 21447
3,21447,3,3,1, 21450
8,21456,1,1,0, 21457
11,21454,4,4,1, 21458
16,21459,2,2,1, 21461
15,21461,2,2,1, 21463
22,21466,4,4,1, 21470
23,21468,3,3,1, 21471
31,21476,2,4,1, 21480
1,21486,1,1,0, 21487
3,21487,3,3,1, 21490
8,21496,1,1,1, 21497
11,21494,4,4,1, 21498
9,21497,2,2,1, 21499
16,21499,2,2,1, 21501
15,21501,2,2,0, 21503
22,21506,4,4,0, 21510
23,21508,3,3,0, 21511
25,21515,2,2,1, 21517
31,21516,2,4,1, 21520
28,21514,5,7,1, 21521
2,21523,2,2,1, 21525
1,21526,1,1,0, 21527
3,21527,3,3,1, 21530
5,21527,3,7,1, 21534
8,21536,1,1,1, 21537
11,21534,4,4,1, 21538
16,21539,2,2,0, 21541
15,21541,2,2,0, 21543
22,21546,4,4,1, 21550
23,21548,3,3,1, 21551
31,21556,2,4,0, 21560
28,21554,5,7,1, 21561
2,21563,2,2,1, 21565
1,21566,1,1,1, 21567
3,21567,3,3,1, 21570
8,21576,1,1,0, 21577
11,21574,4,4,1, 21578
16,21579,2,2,0, 21581
17,21579,3,3,1, 21582
15,21581,2,2,0, 21583
22,21586,4,4,1, 21590
23,21588,3,3,1, 21591
31,21596,2,4,0, 21600
1,21606,1,1,1, 21607
8,21616,1,1,1, 21617
9,21617,2,2,1, 21619
16,21619,2,2,1, 21621
17,21619,3,3,1, 21622
15,21621,2,2,1, 21623
20,21623,6,6,1, 21629
22,21626,4,4,1, 21630
19,21626,5,5,1, 21631
23,21628,3,3,0, 21631
31,21636,2,4,0, 21640
2,21643,2,2,1, 21645
1,21646,1,1,1, 21647
5,21647,3,7,1, 21654
8,21656,1,1,0, 21657
11,21654,4,4,1, 21658
16,21659,2,2,1, 21661
17,21659,3,3,1, 21662
15,21661,2,2,0, 21663
22,21666,4,4,1, 21670
23,21668,3,3,1, 21671
31,21676,2,4,1, 21680
8,21696,1,1,0, 21697
16,21699,2,2,1, 21701
15,21701,2,2,0, 21703
22,21706,4,4,1, 21710
23,21708,3,3,0, 21711
31,21716,2,4,0, 21720
8,21736,1,1,0, 21737
15,21741,2,2,1, 21743
23,21748,3,3,1, 21751
1,21766,1,1,0, 21767
8,21776,1,1,0, 21777
16,21779,2,2,1, 21781
13,21779,4,6,1, 21785
19,21786,5,5,1, 21791
25,21795,2,2,1, 21797
31,21796,2,4,1, 21800
28,21794,5,7,1, 21801
1,21806,1,1,1, 21807
5,21807,3,7,1, 21814
8,21816,1,1,1, 21817
11,21814,4,4,1, 21818
16,21819,2,2,1, 21821
13,21819,4,6,1, 21825
12,21820,5,5,1, 21825
20,21823,6,6,1, 21829
22,21826,4,4,1, 21830
19,21826,5,5,1, 21831
31,21836,2,4,1, 21840
29,21838,4,8,1, 21846
1,21846,1,1,0, 21847
3,21847,3,3,1, 21850
5,21847,3,7,1, 21854
8,21856,1,1,0, 21857
11,21854,4,4,1, 21858
13,21859,4,6,1, 21865
23,21868,3,3,1, 21871
25,21875,2,2,1, 21877
31,21876,2,4,1, 21880
2,21883,2,2,1, 21885
1,21886,1,1,1, 21887
3,21887,3,3,1, 21890
5,21887,3,7,1, 21894
8,21896,1,1,0, 21897
11,21894,4,4,1, 21898
9,21897,2,2,1, 21899
16,21899,2,2,1, 21901
12,21900,5,5,1, 21905
20,21903,6,6,1, 21909
22,21906,4,4,1, 21910
31,21916,2,4,1, 21920
2,21923,2,2,1, 21925
29,21918,4,8,1, 21926
1,21926,1,1,0, 21927
5,21927,3,7,1, 21934
8,21936,1,1,1, 21937
6,21930,2,8,1, 21938
13,21939,4,6,1, 21945
12,21940,5,5,1, 21945
22,21946,4,4,1, 21950
23,21948,3,3,1, 21951
8,21976,1,1,1, 21977
22,21986,4,4,1, 21990
8,22016,1,1,0, 22017
22,22026,4,4,1, 22030
23,22028,3,3,1, 22031
31,22036,2,4,1, 22040
3,22047,3,3,1, 22050
5,22047,3,7,1, 22054
8,22056,1,1,1, 22057
6,22050,2,8,1, 22058
11,22054,4,4,1, 22058
16,22059,2,2,1, 22061
15,22061,2,2,1, 22063
23,22068,3,3,1, 22071
31,22076,2,4,1, 22080
1,22086,1,1,1, 22087
8,22096,1,1,1, 22097
16,22099,2,2,1, 22101
17,22099,3,3,1, 22102
22,22106,4,4,1, 22110
25,22115,2,2,1, 22117
1,22126,1,1,1, 22127
8,22136,1,1,0, 22137
16,22139,2,2,1, 22141
15,22141,2,2,1, 22143
22,22146,4,4,1, 22150
23,22148,3,3,1, 22151
25,22155,2,2,1, 22157
2,22163,2,2,1, 22165
29,22158,4,8,1, 22166
1,22166,1,1,1, 22167
3,22167,3,3,1, 22170
8,22176,1,1,1, 22177
11,22174,4,4,1, 22178
17,22179,3,3,1, 22182
15,22181,2,2,1, 22183
20,22183,6,6,1, 22189
19,22186,5,5,1, 22191
31,22196,2,4,1, 22200
2,22203,2,2,1, 22205
29,22198,4,8,1, 22206
1,22206,1,1,0, 22207
8,22216,1,1,1, 22217
11,22214,4,4,1, 22218
9,22217,2,2,1, 22219
22,22226,4,4,1, 22230
31,22236,2,4,1, 22240
28,22234,5,7,1, 22241
29,22238,4,8,1, 22246
1,22246,1,1,0, 22247
5,22247,3,7,1, 22254
8,22256,1,1,1, 22257
11,22254,4,4,1, 22258
16,22259,2,2,1, 22261
15,22261,2,2,1, 22263
12,22260,5,5,1, 22265
19,22266,5,5,1, 22271
31,22276,2,4,1, 22280
2,22283,2,2,1, 22285
29,22278,4,8,1, 22286
1,22286,1,1,0, 22287
3,22287,3,3,1, 22290
8,22296,1,1,0, 22297
6,22290,2,8,1, 22298
11,22294,4,4,1, 22298
15,22301,2,2,1, 22303
13,22299,4,6,1, 22305
22,22306,4,4,1, 22310
25,22315,2,2,1, 22317
28,22314,5,7,1, 22321
1,22326,1,1,1, 22327
3,22327,3,3,1, 22330
8,22336,1,1,0, 22337
11,22334,4,4,1, 22338
17,22339,3,3,1, 22342
15,22341,2,2,1, 22343
12,22340,5,5,1, 22345
20,22343,6,6,1, 22349
22,22346,4,4,1, 22350
19,22346,5,5,1, 22351
23,22348,3,3,1, 22351
25,22355,2,2,1, 22357
28,22354,5,7,1, 22361
2,22363,2,2,1, 22365
1,22366,1,1,1, 22367
5,22367,3,7,1, 22374
8,22376,1,1,0, 22377
11,22374,4,4,1, 22378
16,22379,2,2,1, 22381
22,22386,4,4,1, 22390
23,22388,3,3,1, 22391
8,22416,1,1,1, 22417
16,22419,2,2,1, 22421
23,22428,3,3,1, 22431
8,22456,1,1,0, 22457
16,22459,2,2,1, 22461
23,22468,3,3,1, 22471
31,22476,2,4,1, 22480
1,22486,1,1,0, 22487
3,22487,3,3,1, 22490
8,22496,1,1,0, 22497
6,22490,2,8,1, 22498
17,22499,3,3,1, 22502
15,22501,2,2,1, 22503
13,22499,4,6,1, 22505
12,22500,5,5,1, 22505
20,22503,6,6,1, 22509
23,22508,3,3,1, 22511
25,22515,2,2,1, 22517
1,22526,1,1,0, 22527
5,22527,3,7,1, 22534
8,22536,1,1,0, 22537
9,22537,2,2,1, 22539
17,22539,3,3,1, 22542
13,22539,4,6,1, 22545
22,22546,4,4,1, 22550
31,22556,2,4,1, 22560
28,22554,5,7,1, 22561
2,22563,2,2,1, 22565
29,22558,4,8,1, 22566
1,22566,1,1,1, 22567
5,22567,3,7,1, 22574
8,22576,1,1,1, 22577
15,22581,2,2,1, 22583
20,22583,6,6,1, 22589
23,22588,3,3,1, 22591
25,22595,2,2,1, 22597
31,22596,2,4,1, 22600
29,22598,4,8,1, 22606
1,22606,1,1,0, 22607
3,22607,3,3,1, 22610
8,22616,1,1,1, 22617
11,22614,4,4,1, 22618
15,22621,2,2,1, 22623
20,22623,6,6,1, 22629
19,22626,5,5,1, 22631
23,22628,3,3,1, 22631
28,22634,5,7,1, 22641
2,22643,2,2,1, 22645
29,22638,4,8,1, 22646
1,22646,1,1,0, 22647
8,22656,1,1,0, 22657
6,22650,2,8,1, 22658
15,22661,2,2,1, 22663
12,22660,5,5,1, 22665
20,22663,6,6,1, 22669
22,22666,4,4,1, 22670
23,22668,3,3,1, 22671
31,22676,2,4,1, 22680
29,22678,4,8,1, 22686
1,22686,1,1,0, 22687
3,22687,3,3,1, 22690
5,22687,3,7,1, 22694
8,22696,1,1,1, 22697
6,22690,2,8,1, 22698
15,22701,2,2,1, 22703
22,22706,4,4,1, 22710
31,22716,2,4,1, 22720
8,22736,1,1,0, 22737
16,22739,2,2,0, 22741
15,22741,2,2,0, 22743
22,22746,4,4,0, 22750
23,22748,3,3,0, 22751
31,22756,2,4,1, 22760
8,22776,1,1,0, 22777
16,22779,2,2,1, 22781
15,22781,2,2,0, 22783
22,22786,4,4,1, 22790
23,22788,3,3,0, 22791
31,22796,2,4,0, 22800
1,22806,1,1,1, 22807
8,22816,1,1,1, 22817
9,22817,2,2,1, 22819
16,22819,2,2,0, 22821
17,22819,3,3,1, 22822
15,22821,2,2,0, 22823
22,22826,4,4,0, 22830
23,22828,3,3,0, 22831
25,22835,2,2,1, 22837
31,22836,2,4,1, 22840
1,22846,1,1,0, 22847
3,22847,3,3,1, 22850
5,22847,3,7,1, 22854
8,22856,1,1,1, 22857
16,22859,2,2,0, 22861
17,22859,3,3,1, 22862
15,22861,2,2,0, 22863
13,22859,4,6,1, 22865
20,22863,6,6,1, 22869
22,22866,4,4,1, 22870
19,22866,5,5,1, 22871
23,22868,3,3,0, 22871
25,22875,2,2,1, 22877
31,22876,2,4,1, 22880
2,22883,2,2,1, 22885
1,22886,1,1,1, 22887
8,22896,1,1,0, 22897
11,22894,4,4,1, 22898
16,22899,2,2,0, 22901
17,22899,3,3,1, 22902
15,22901,2,2,0, 22903
13,22899,4,6,1, 22905
22,22906,4,4,1, 22910
19,22906,5,5,1, 22911
23,22908,3,3,1, 22911
31,22916,2,4,1, 22920
1,22926,1,1,0, 22927
3,22927,3,3,1, 22930
5,22927,3,7,1, 22934
8,22936,1,1,0, 22937
9,22937,2,2,1, 22939
16,22939,2,2,0, 22941
15,22941,2,2,0, 22943
13,22939,4,6,1, 22945
12,22940,5,5,1, 22945
22,22946,4,4,0, 22950
19,22946,5,5,1, 22951
23,22948,3,3,0, 22951
31,22956,2,4,0, 22960
28,22954,5,7,1, 22961
1,22966,1,1,0, 22967
8,22976,1,1,1, 22977
6,22970,2,8,1, 22978
9,22977,2,2,1, 22979
16,22979,2,2,1, 22981
15,22981,2,2,0, 22983
12,22980,5,5,1, 22985
20,22983,6,6,1, 22989
22,22986,4,4,0, 22990
19,22986,5,5,1, 22991
23,22988,3,3,0, 22991
31,22996,2,4,0, 23000
2,23003,2,2,1, 23005
1,23006,1,1,0, 23007
8,23016,1,1,0, 23017
9,23017,2,2,1, 23019
16,23019,2,2,1, 23021
15,23021,2,2,1, 23023
12,23020,5,5,1, 23025
20,23023,6,6,1, 23029
22,23026,4,4,0, 23030
19,23026,5,5,1, 23031
23,23028,3,3,1, 23031
31,23036,2,4,0, 23040
2,23043,2,2,1, 23045
8,23056,1,1,1, 23057
16,23059,2,2,1, 23061
15,23061,2,2,0, 23063
22,23066,4,4,1, 23070
23,23068,3,3,0, 23071
31,23076,2,4,0, 23080
8,23096,1,1,1, 23097
16,23099,2,2,0, 23101
15,23101,2,2,0, 23103
22,23106,4,4,1, 23110
23,23108,3,3,1, 23111
31,23116,2,4,0, 23120
8,23136,1,1,1, 23137
16,23139,2,2,1, 23141
15,23141,2,2,0, 23143
22,23146,4,4,0, 23150
23,23148,3,3,0, 23151
31,23156,2,4,1, 23160
2,23163,2,2,1, 23165
1,23166,1,1,0, 23167
3,23167,3,3,1, 23170
8,23176,1,1,1, 23177
9,23177,2,2,1, 23179
16,23179,2,2,0, 23181
17,23179,3,3,1, 23182
15,23181,2,2,1, 23183
22,23186,4,4,1, 23190
23,23188,3,3,1, 23191
31,23196,2,4,0, 23200
1,23206,1,1,1, 23207
8,23216,1,1,1, 23217
11,23214,4,4,1, 23218
16,23219,2,2,1, 23221
17,23219,3,3,1, 23222
15,23221,2,2,1, 23223
13,23219,4,6,1, 23225
22,23226,4,4,1, 23230
19,23226,5,5,1, 23231
23,23228,3,3,0, 23231
25,23235,2,2,1, 23237
31,23236,2,4,1, 23240
28,23234,5,7,1, 23241
2,23243,2,2,1, 23245
29,23238,4,8,1, 23246
1,23246,1,1,0, 23247
3,23247,3,3,1, 23250
5,23247,3,7,1, 23254
8,23256,1,1,1, 23257
11,23254,4,4,1, 23258
9,23257,2,2,1, 23259
16,23259,2,2,1, 23261
17,23259,3,3,1, 23262
15,23261,2,2,0, 23263
12,23260,5,5,1, 23265
22,23266,4,4,1, 23270
19,23266,5,5,1, 23271
23,23268,3,3,1, 23271
31,23276,2,4,1, 23280
28,23274,5,7,1, 23281
1,23286,1,1,1, 23287
3,23287,3,3,1, 23290
5,23287,3,7,1, 23294
8,23296,1,1,1, 23297
6,23290,2,8,1, 23298
16,23299,2,2,0, 23301
17,23299,3,3,1, 23302
15,23301,2,2,1, 23303
22,23306,4,4,1, 23310
23,23308,3,3,1, 23311
25,23315,2,2,1, 23317
31,23316,2,4,0, 23320
1,23326,1,1,0, 23327
8,23336,1,1,0, 23337
16,23339,2,2,0, 23341
17,23339,3,3,1, 23342
15,23341,2,2,0, 23343
22,23346,4,4,0, 23350
23,23348,3,3,0, 23351
31,23356,2,4,0, 23360
1,23366,1,1,1, 23367
8,23376,1,1,1, 23377
16,23379,2,2,1, 23381
15,23381,2,2,1, 23383
22,23386,4,4,0, 23390
23,23388,3,3,1, 23391
31,23396,2,4,0, 23400
2,23403,2,2,1, 23405
1,23406,1,1,1, 23407
3,23407,3,3,1, 23410
5,23407,3,7,1, 23414
8,23416,1,1,0, 23417
11,23414,4,4,1, 23418
16,23419,2,2,0, 23421
15,23421,2,2,1, 23423
13,23419,4,6,1, 23425
12,23420,5,5,1, 23425
20,23423,6,6,1, 23429
22,23426,4,4,0, 23430
19,23426,5,5,1, 23431
23,23428,3,3,0, 23431
25,23435,2,2,1, 23437
31,23436,2,4,0, 23440
1,23446,1,1,0, 23447
8,23456,1,1,0, 23457
6,23450,2,8,1, 23458
11,23454,4,4,1, 23458
9,23457,2,2,1, 23459
16,23459,2,2,1, 23461
17,23459,3,3,1, 23462
15,23461,2,2,1, 23463
12,23460,5,5,1, 23465
19,23466,5,5,1, 23471
23,23468,3,3,1, 23471
25,23475,2,2,1, 23477
28,23474,5,7,1, 23481
2,23483,2,2,1, 23485
8,23496,1,1,0, 23497
16,23499,2,2,1, 23501
8,23536,1,1,1, 23537
15,23541,2,2,1, 23543
23,23548,3,3,1, 23551
8,23576,1,1,0, 23577
15,23581,2,2,1, 23583
29,23598,4,8,1, 23606
1,23606,1,1,0, 23607
8,23616,1,1,1, 23617
16,23619,2,2,1, 23621
17,23619,3,3,1, 23622
13,23619,4,6,1, 23625
22,23626,4,4,1, 23630
25,23635,2,2,1, 23637
31,23636,2,4,1, 23640
28,23634,5,7,1, 23641
29,23638,4,8,1, 23646
1,23646,1,1,0, 23647
3,23647,3,3,1, 23650
5,23647,3,7,1, 23654
8,23656,1,1,0, 23657
9,23657,2,2,1, 23659
16,23659,2,2,1, 23661
15,23661,2,2,1, 23663
12,23660,5,5,1, 23665
19,23666,5,5,1, 23671
23,23668,3,3,1, 23671
25,23675,2,2,1, 23677
31,23676,2,4,1, 23680
29,23678,4,8,1, 23686
1,23686,1,1,0, 23687
3,23687,3,3,1, 23690
5,23687,3,7,1, 23694
8,23696,1,1,0, 23697
16,23699,2,2,1, 23701
17,23699,3,3,1, 23702
15,23701,2,2,1, 23703
13,23699,4,6,1, 23705
20,23703,6,6,1, 23709
22,23706,4,4,1, 23710
19,23706,5,5,1, 23711
25,23715,2,2,1, 23717
31,23716,2,4,1, 23720
2,23723,2,2,1, 23725
1,23726,1,1,0, 23727
3,23727,3,3,1, 23730
8,23736,1,1,0, 23737
9,23737,2,2,1, 23739
16,23739,2,2,1, 23741
17,23739,3,3,1, 23742
15,23741,2,2,1, 23743
22,23746,4,4,1, 23750
23,23748,3,3,1, 23751
25,23755,2,2,1, 23757
2,23763,2,2,1, 23765
1,23766,1,1,0, 23767
3,23767,3,3,1, 23770
8,23776,1,1,1, 23777
9,23777,2,2,1, 23779
16,23779,2,2,1, 23781
15,23781,2,2,1, 23783
23,23788,3,3,1, 23791
25,23795,2,2,1, 23797
31,23796,2,4,1, 23800
1,23806,1,1,1, 23807
3,23807,3,3,1, 23810
8,23816,1,1,1, 23817
11,23814,4,4,1, 23818
17,23819,3,3,1, 23822
15,23821,2,2,1, 23823
12,23820,5,5,1, 23825
22,23826,4,4,1, 23830
23,23828,3,3,1, 23831
29,23838,4,8,1, 23846
1,23846,1,1,1, 23847
3,23847,3,3,1, 23850
8,23856,1,1,0, 23857
11,23854,4,4,1, 23858
9,23857,2,2,1, 23859
16,23859,2,2,1, 23861
15,23861,2,2,1, 23863
20,23863,6,6,1, 23869
25,23875,2,2,1, 23877
28,23874,5,7,1, 23881
8,23896,1,1,0, 23897
16,23899,2,2,1, 23901
22,23906,4,4,1, 23910
23,23908,3,3,1, 23911
31,23916,2,4,1, 23920
8,23936,1,1,1, 23937
22,23946,4,4,1, 23950
23,23948,3,3,1, 23951
8,23976,1,1,1, 23977
15,23981,2,2,1, 23983
13,23979,4,6,1, 23985
22,23986,4,4,1, 23990
19,23986,5,5,1, 23991
28,23994,5,7,1, 24001
2,24003,2,2,1, 24005
1,24006,1,1,1, 24007
8,24016,1,1,1, 24017
6,24010,2,8,1, 24018
17,24019,3,3,1, 24022
20,24023,6,6,1, 24029
19,24026,5,5,1, 24031
31,24036,2,4,1, 24040
28,24034,5,7,1, 24041
2,24043,2,2,1, 24045
29,24038,4,8,1, 24046
1,24046,1,1,0, 24047
8,24056,1,1,1, 24057
16,24059,2,2,1, 24061
17,24059,3,3,1, 24062
15,24061,2,2,1, 24063
13,24059,4,6,1, 24065
12,24060,5,5,1, 24065
20,24063,6,6,1, 24069
22,24066,4,4,1, 24070
19,24066,5,5,1, 24071
23,24068,3,3,1, 24071
25,24075,2,2,1, 24077
29,24078,4,8,1, 24086
1,24086,1,1,0, 24087
3,24087,3,3,1, 24090
5,24087,3,7,1, 24094
8,24096,1,1,1, 24097
6,24090,2,8,1, 24098
11,24094,4,4,1, 24098
9,24097,2,2,1, 24099
16,24099,2,2,1, 24101
13,24099,4,6,1, 24105
12,24100,5,5,1, 24105
23,24108,3,3,1, 24111
8,24136,1,1,1, 24137
22,24146,4,4,1, 24150
23,24148,3,3,1, 24151
8,24176,1,1,1, 24177
16,24179,2,2,1, 24181
15,24181,2,2,1, 24183
22,24186,4,4,1, 24190
8,24216,1,1,0, 24217
16,24219,2,2,1, 24221
15,24221,2,2,1, 24223
1,24246,1,1,0, 24247
8,24256,1,1,1, 24257
9,24257,2,2,1, 24259
17,24259,3,3,1, 24262
23,24268,3,3,1, 24271
31,24276,2,4,1, 24280
1,24286,1,1,0, 24287
3,24287,3,3,1, 24290
8,24296,1,1,1, 24297
17,24299,3,3,1, 24302
20,24303,6,6,1, 24309
22,24306,4,4,1, 24310
23,24308,3,3,1, 24311
28,24314,5,7,1, 24321
2,24323,2,2,1, 24325
29,24318,4,8,1, 24326
1,24326,1,1,1, 24327
3,24327,3,3,1, 24330
8,24336,1,1,0, 24337
11,24334,4,4,1, 24338
9,24337,2,2,1, 24339
15,24341,2,2,1, 24343
12,24340,5,5,1, 24345
23,24348,3,3,1, 24351
25,24355,2,2,1, 24357
31,24356,2,4,1, 24360
28,24354,5,7,1, 24361
29,24358,4,8,1, 24366
1,24366,1,1,1, 24367
3,24367,3,3,1, 24370
5,24367,3,7,1, 24374
8,24376,1,1,0, 24377
11,24374,4,4,1, 24378
22,24386,4,4,1, 24390
19,24386,5,5,1, 24391
23,24388,3,3,1, 24391
25,24395,2,2,1, 24397
31,24396,2,4,1, 24400
28,24394,5,7,1, 24401
1,24406,1,1,0, 24407
5,24407,3,7,1, 24414
8,24416,1,1,0, 24417
16,24419,2,2,1, 24421
15,24421,2,2,1, 24423
12,24420,5,5,1, 24425
20,24423,6,6,1, 24429
23,24428,3,3,1, 24431
25,24435,2,2,1, 24437
28,24434,5,7,1, 24441
2,24443,2,2,1, 24445
1,24446,1,1,1, 24447
3,24447,3,3,1, 24450
5,24447,3,7,1, 24454
8,24456,1,1,1, 24457
11,24454,4,4,1, 24458
15,24461,2,2,1, 24463
13,24459,4,6,1, 24465
25,24475,2,2,1, 24477
31,24476,2,4,1, 24480
28,24474,5,7,1, 24481
1,24486,1,1,1, 24487
3,24487,3,3,1, 24490
8,24496,1,1,1, 24497
6,24490,2,8,1, 24498
9,24497,2,2,1, 24499
16,24499,2,2,1, 24501
17,24499,3,3,1, 24502
20,24503,6,6,1, 24509
19,24506,5,5,1, 24511
1,24526,1,1,0, 24527
5,24527,3,7,1, 24534
8,24536,1,1,0, 24537
6,24530,2,8,1, 24538
9,24537,2,2,1, 24539
16,24539,2,2,1, 24541
15,24541,2,2,1, 24543
22,24546,4,4,0, 24550
23,24548,3,3,1, 24551
31,24556,2,4,1, 24560
8,24576,1,1,0, 24577
16,24579,2,2,1, 24581
15,24581,2,2,0, 24583
22,24586,4,4,0, 24590
23,24588,3,3,0, 24591
31,24596,2,4,0, 24600
8,24616,1,1,0, 24617
16,24619,2,2,0, 24621
15,24621,2,2,0, 24623
22,24626,4,4,0, 24630
23,24628,3,3,1, 24631
31,24636,2,4,1, 24640
2,24643,2,2,1, 24645
1,24646,1,1,1, 24647
3,24647,3,3,1, 24650
8,24656,1,1,0, 24657
16,24659,2,2,0, 24661
15,24661,2,2,0, 24663
13,24659,4,6,1, 24665
22,24666,4,4,1, 24670
19,24666,5,5,1, 24671
23,24668,3,3,1, 24671
25,24675,2,2,1, 24677
31,24676,2,4,1, 24680
28,24674,5,7,1, 24681
2,24683,2,2,1, 24685
1,24686,1,1,1, 24687
8,24696,1,1,1, 24697
6,24690,2,8,1, 24698
9,24697,2,2,1, 24699
16,24699,2,2,0, 24701
17,24699,3,3,1, 24702
15,24701,2,2,0, 24703
12,24700,5,5,1, 24705
20,24703,6,6,1, 24709
22,24706,4,4,0, 24710
23,24708,3,3,0, 24711
31,24716,2,4,0, 24720
28,24714,5,7,1, 24721
1,24726,1,1,0, 24727
3,24727,3,3,1, 24730
5,24727,3,7,1, 24734
8,24736,1,1,0, 24737
16,24739,2,2,0, 24741
15,24741,2,2,1, 24743
12,24740,5,5,1, 24745
22,24746,4,4,1, 24750
23,24748,3,3,1, 24751
31,24756,2,4,1, 24760
28,24754,5,7,1, 24761
2,24763,2,2,1, 24765
1,24766,1,1,1, 24767
3,24767,3,3,1, 24770
5,24767,3,7,1, 24774
8,24776,1,1,1, 24777
11,24774,4,4,1, 24778
16,24779,2,2,0, 24781
17,24779,3,3,1, 24782
15,24781,2,2,0, 24783
13,24779,4,6,1, 24785
22,24786,4,4,1, 24790
23,24788,3,3,1, 24791
31,24796,2,4,1, 24800
29,24798,4,8,1, 24806
1,24806,1,1,1, 24807
5,24807,3,7,1, 24814
8,24816,1,1,0, 24817
16,24819,2,2,1, 24821
15,24821,2,2,0, 24823
13,24819,4,6,1, 24825
22,24826,4,4,0, 24830
23,24828,3,3,1, 24831
31,24836,2,4,0, 24840
2,24843,2,2,1, 24845
1,24846,1,1,0, 24847
5,24847,3,7,1, 24854
8,24856,1,1,1, 24857
11,24854,4,4,1, 24858
9,24857,2,2,1, 24859
16,24859,2,2,1, 24861
15,24861,2,2,0, 24863
20,24863,6,6,1, 24869
22,24866,4,4,1, 24870
23,24868,3,3,1, 24871
25,24875,2,2,1, 24877
31,24876,2,4,0, 24880
29,24878,4,8,1, 24886
1,24886,1,1,0, 24887
3,24887,3,3,1, 24890
8,24896,1,1,1, 24897
16,24899,2,2,1, 24901
17,24899,3,3,1, 24902
15,24901,2,2,1, 24903
22,24906,4,4,0, 24910
23,24908,3,3,0, 24911
31,24916,2,4,0, 24920
8,24936,1,1,1, 24937
16,24939,2,2,0, 24941
15,24941,2,2,0, 24943
22,24946,4,4,1, 24950
23,24948,3,3,0, 24951
31,24956,2,4,1, 24960
8,24976,1,1,1, 24977
16,24979,2,2,1, 24981
15,24981,2,2,0, 24983
22,24986,4,4,1, 24990
23,24988,3,3,1, 24991
31,24996,2,4,0, 25000
1,25006,1,1,0, 25007
3,25007,3,3,1, 25010
5,25007,3,7,1, 25014
8,25016,1,1,1, 25017
6,25010,2,8,1, 25018
16,25019,2,2,0, 25021
17,25019,3,3,1, 25022
15,25021,2,2,0, 25023
12,25020,5,5,1, 25025
22,25026,4,4,0, 25030
19,25026,5,5,1, 25031
23,25028,3,3,1, 25031
25,25035,2,2,1, 25037
31,25036,2,4,1, 25040
2,25043,2,2,1, 25045
1,25046,1,1,0, 25047
3,25047,3,3,1, 25050
8,25056,1,1,1, 25057
11,25054,4,4,1, 25058
9,25057,2,2,1, 25059
16,25059,2,2,0, 25061
17,25059,3,3,1, 25062
15,25061,2,2,1, 25063
22,25066,4,4,0, 25070
23,25068,3,3,0, 25071
25,25075,2,2,1, 25077
31,25076,2,4,0, 25080
28,25074,5,7,1, 25081
29,25078,4,8,1, 25086
1,25086,1,1,1, 25087
3,25087,3,3,1, 25090
8,25096,1,1,1, 25097
9,25097,2,2,1, 25099
16,25099,2,2,1, 25101
17,25099,3,3,1, 25102
15,25101,2,2,0, 25103
13,25099,4,6,1, 25105
20,25103,6,6,1, 25109
22,25106,4,4,1, 25110
19,25106,5,5,1, 25111
23,25108,3,3,1, 25111
25,25115,2,2,1, 25117
31,25116,2,4,0, 25120
1,25126,1,1,1, 25127
8,25136,1,1,0, 25137
9,25137,2,2,1, 25139
16,25139,2,2,1, 25141
15,25141,2,2,1, 25143
22,25146,4,4,1, 25150
23,25148,3,3,1, 25151
31,25156,2,4,1, 25160
1,25166,1,1,0, 25167
8,25176,1,1,0, 25177
16,25179,2,2,1, 25181
17,25179,3,3,1, 25182
15,25181,2,2,1, 25183
22,25186,4,4,1, 25190
23,25188,3,3,1, 25191
25,25195,2,2,1, 25197
31,25196,2,4,0, 25200
1,25206,1,1,1, 25207
8,25216,1,1,1, 25217
9,25217,2,2,1, 25219
16,25219,2,2,1, 25221
17,25219,3,3,1, 25222
15,25221,2,2,1, 25223
13,25219,4,6,1, 25225
20,25223,6,6,1, 25229
22,25226,4,4,0, 25230
23,25228,3,3,1, 25231
31,25236,2,4,1, 25240
28,25234,5,7,1, 25241
2,25243,2,2,1, 25245
1,25246,1,1,0, 25247
3,25247,3,3,1, 25250
5,25247,3,7,1, 25254
8,25256,1,1,1, 25257
9,25257,2,2,1, 25259
16,25259,2,2,0, 25261
17,25259,3,3,1, 25262
15,25261,2,2,1, 25263
12,25260,5,5,1, 25265
22,25266,4,4,0, 25270
23,25268,3,3,0, 25271
31,25276,2,4,0, 25280
8,25296,1,1,0, 25297
16,25299,2,2,1, 25301
15,25301,2,2,0, 25303
22,25306,4,4,0, 25310
23,25308,3,3,1, 25311
31,25316,2,4,0, 25320
8,25336,1,1,1, 25337
16,25339,2,2,1, 25341
15,25341,2,2,1, 25343
31,25356,2,4,1, 25360
3,25367,3,3,1, 25370
8,25376,1,1,1, 25377
6,25370,2,8,1, 25378
16,25379,2,2,1, 25381
17,25379,3,3,1, 25382
15,25381,2,2,1, 25383
12,25380,5,5,1, 25385
19,25386,5,5,1, 25391
2,25403,2,2,1, 25405
29,25398,4,8,1, 25406
1,25406,1,1,0, 25407
3,25407,3,3,1, 25410
8,25416,1,1,1, 25417
6,25410,2,8,1, 25418
11,25414,4,4,1, 25418
9,25417,2,2,1, 25419
16,25419,2,2,1, 25421
13,25419,4,6,1, 25425
12,25420,5,5,1, 25425
20,25423,6,6,1, 25429
23,25428,3,3,1, 25431
31,25436,2,4,1, 25440
28,25434,5,7,1, 25441
1,25446,1,1,1, 25447
8,25456,1,1,0, 25457
11,25454,4,4,1, 25458
9,25457,2,2,1, 25459
16,25459,2,2,1, 25461
17,25459,3,3,1, 25462
15,25461,2,2,1, 25463
13,25459,4,6,1, 25465
12,25460,5,5,1, 25465
22,25466,4,4,1, 25470
23,25468,3,3,1, 25471
25,25475,2,2,1, 25477
31,25476,2,4,1, 25480
2,25483,2,2,1, 25485
1,25486,1,1,1, 25487
8,25496,1,1,0, 25497
9,25497,2,2,1, 25499
16,25499,2,2,1, 25501
17,25499,3,3,1, 25502
22,25506,4,4,1, 25510
23,25508,3,3,1, 25511
31,25516,2,4,1, 25520
2,25523,2,2,1, 25525
1,25526,1,1,0, 25527
8,25536,1,1,0, 25537
17,25539,3,3,1, 25542
25,25555,2,2,1, 25557
31,25556,2,4,1, 25560
1,25566,1,1,1, 25567
3,25567,3,3,1, 25570
8,25576,1,1,0, 25577
16,25579,2,2,1, 25581
17,25579,3,3,1, 25582
23,25588,3,3,1, 25591
25,25595,2,2,1, 25597
31,25596,2,4,1, 25600
2,25603,2,2,1, 25605
1,25606,1,1,1, 25607
3,25607,3,3,1, 25610
8,25616,1,1,0, 25617
9,25617,2,2,1, 25619
16,25619,2,2,1, 25621
22,25626,4,4,1, 25630
23,25628,3,3,1, 25631
25,25635,2,2,1, 25637
31,25636,2,4,1, 25640
2,25643,2,2,1, 25645
1,25646,1,1,1, 25647
8,25656,1,1,0, 25657
17,25659,3,3,1, 25662
15,25661,2,2,1, 25663
19,25666,5,5,1, 25671
25,25675,2,2,1, 25677
31,25676,2,4,1, 25680
28,25674,5,7,1, 25681
1,25686,1,1,1, 25687
5,25687,3,7,1, 25694
8,25696,1,1,0, 25697
15,25701,2,2,1, 25703
13,25699,4,6,1, 25705
12,25700,5,5,1, 25705
22,25706,4,4,1, 25710
28,25714,5,7,1, 25721
2,25723,2,2,1, 25725
29,25718,4,8,1, 25726
1,25726,1,1,0, 25727
3,25727,3,3,1, 25730
8,25736,1,1,1, 25737
6,25730,2,8,1, 25738
15,25741,2,2,1, 25743
23,25748,3,3,1, 25751
8,25776,1,1,0, 25777
8,25816,1,1,0, 25817
16,25819,2,2,1, 25821
15,25821,2,2,1, 25823
22,25826,4,4,1, 25830
23,25828,3,3,1, 25831
29,25838,4,8,1, 25846
1,25846,1,1,0, 25847
3,25847,3,3,1, 25850
8,25856,1,1,1, 25857
17,25859,3,3,1, 25862
20,25863,6,6,1, 25869
22,25866,4,4,1, 25870
19,25866,5,5,1, 25871
25,25875,2,2,1, 25877
31,25876,2,4,1, 25880
28,25874,5,7,1, 25881
2,25883,2,2,1, 25885
1,25886,1,1,1, 25887
3,25887,3,3,1, 25890
5,25887,3,7,1, 25894
8,25896,1,1,1, 25897
6,25890,2,8,1, 25898
9,25897,2,2,1, 25899
15,25901,2,2,1, 25903
13,25899,4,6,1, 25905
12,25900,5,5,1, 25905
20,25903,6,6,1, 25909
23,25908,3,3,1, 25911
31,25916,2,4,1, 25920
1,25926,1,1,0, 25927
3,25927,3,3,1, 25930
5,25927,3,7,1, 25934
8,25936,1,1,1, 25937
11,25934,4,4,1, 25938
16,25939,2,2,1, 25941
17,25939,3,3,1, 25942
15,25941,2,2,1, 25943
23,25948,3,3,1, 25951
1,25966,1,1,0, 25967
8,25976,1,1,0, 25977
16,25979,2,2,1, 25981
17,25979,3,3,1, 25982
15,25981,2,2,1, 25983
1,26006,1,1,1, 26007
8,26016,1,1,1, 26017
25,26035,2,2,1, 26037
31,26036,2,4,1, 26040
2,26043,2,2,1, 26045
29,26038,4,8,1, 26046
1,26046,1,1,1, 26047
8,26056,1,1,0, 26057
16,26059,2,2,1, 26061
17,26059,3,3,1, 26062
15,26061,2,2,1, 26063
12,26060,5,5,1, 26065
20,26063,6,6,1, 26069
23,26068,3,3,1, 26071
25,26075,2,2,1, 26077
31,26076,2,4,1, 26080
28,26074,5,7,1, 26081
2,26083,2,2,1, 26085
29,26078,4,8,1, 26086
1,26086,1,1,0, 26087
5,26087,3,7,1, 26094
8,26096,1,1,1, 26097
6,26090,2,8,1, 26098
16,26099,2,2,1, 26101
19,26106,5,5,1, 26111
23,26108,3,3,1, 26111
28,26114,5,7,1, 26121
2,26123,2,2,1, 26125
1,26126,1,1,0, 26127
8,26136,1,1,0, 26137
11,26134,4,4,1, 26138
9,26137,2,2,1, 26139
17,26139,3,3,1, 26142
22,26146,4,4,1, 26150
25,26155,2,2,1, 26157
28,26154,5,7,1, 26161
2,26163,2,2,1, 26165
29,26158,4,8,1, 26166
8,26176,1,1,0, 26177
22,26186,4,4,1, 26190
8,26216,1,1,0, 26217
16,26219,2,2,1, 26221
15,26221,2,2,1, 26223
22,26226,4,4,1, 26230
23,26228,3,3,1, 26231
31,26236,2,4,1, 26240
8,26256,1,1,0, 26257
22,26266,4,4,1, 26270
25,26275,2,2,1, 26277
28,26274,5,7,1, 26281
2,26283,2,2,1, 26285
29,26278,4,8,1, 26286
1,26286,1,1,1, 26287
8,26296,1,1,1, 26297
9,26297,2,2,1, 26299
16,26299,2,2,1, 26301
17,26299,3,3,1, 26302
15,26301,2,2,1, 26303
25,26315,2,2,1, 26317
31,26316,2,4,1, 26320
28,26314,5,7,1, 26321
1,26326,1,1,1, 26327
8,26336,1,1,1, 26337
9,26337,2,2,1, 26339
16,26339,2,2,1, 26341
17,26339,3,3,1, 26342
15,26341,2,2,1, 26343
22,26346,4,4,0, 26350
23,26348,3,3,1, 26351
25,26355,2,2,1, 26357
31,26356,2,4,1, 26360
1,26366,1,1,1, 26367
3,26367,3,3,1, 26370
8,26376,1,1,1, 26377
9,26377,2,2,1, 26379
16,26379,2,2,0, 26381
17,26379,3,3,1, 26382
15,26381,2,2,0, 26383
13,26379,4,6,1, 26385
20,26383,6,6,1, 26389
22,26386,4,4,0, 26390
23,26388,3,3,0, 26391
31,26396,2,4,0, 26400
2,26403,2,2,1, 26405
1,26406,1,1,1, 26407
3,26407,3,3,1, 26410
5,26407,3,7,1, 26414
8,26416,1,1,0, 26417
6,26410,2,8,1, 26418
11,26414,4,4,1, 26418
16,26419,2,2,1, 26421
15,26421,2,2,0, 26423
13,26419,4,6,1, 26425
20,26423,6,6,1, 26429
22,26426,4,4,1, 26430
23,26428,3,3,1, 26431
31,26436,2,4,1, 26440
2,26443,2,2,1, 26445
29,26438,4,8,1, 26446
1,26446,1,1,1, 26447
3,26447,3,3,1, 26450
8,26456,1,1,0, 26457
9,26457,2,2,1, 26459
16,26459,2,2,0, 26461
15,26461,2,2,0, 26463
12,26460,5,5,1, 26465
22,26466,4,4,1, 26470
23,26468,3,3,1, 26471
25,26475,2,2,1, 26477
31,26476,2,4,0, 26480
2,26483,2,2,1, 26485
29,26478,4,8,1, 26486
1,26486,1,1,1, 26487
5,26487,3,7,1, 26494
8,26496,1,1,0, 26497
11,26494,4,4,1, 26498
16,26499,2,2,0, 26501
15,26501,2,2,1, 26503
13,26499,4,6,1, 26505
20,26503,6,6,1, 26509
22,26506,4,4,0, 26510
23,26508,3,3,1, 26511
25,26515,2,2,1, 26517
31,26516,2,4,1, 26520
8,26536,1,1,1, 26537
16,26539,2,2,1, 26541
15,26541,2,2,1, 26543
22,26546,4,4,0, 26550
23,26548,3,3,1, 26551
31,26556,2,4,0, 26560
8,26576,1,1,0, 26577
16,26579,2,2,1, 26581
15,26581,2,2,1, 26583
22,26586,4,4,1, 26590
23,26588,3,3,1, 26591
31,26596,2,4,1, 26600
8,26616,1,1,1, 26617
16,26619,2,2,1, 26621
15,26621,2,2,0, 26623
22,26626,4,4,1, 26630
19,26626,5,5,1, 26631
23,26628,3,3,0, 26631
31,26636,2,4,0, 26640
28,26634,5,7,1, 26641
29,26638,4,8,1, 26646
1,26646,1,1,1, 26647
8,26656,1,1,1, 26657
6,26650,2,8,1, 26658
11,26654,4,4,1, 26658
16,26659,2,2,0, 26661
17,26659,3,3,1, 26662
15,26661,2,2,0, 26663
12,26660,5,5,1, 26665
20,26663,6,6,1, 26669
22,26666,4,4,0, 26670
19,26666,5,5,1, 26671
23,26668,3,3,0, 26671
25,26675,2,2,1, 26677
31,26676,2,4,0, 26680
2,26683,2,2,1, 26685
1,26686,1,1,0, 26687
3,26687,3,3,1, 26690
8,26696,1,1,1, 26697
16,26699,2,2,0, 26701
17,26699,3,3,1, 26702
15,26701,2,2,0, 26703
22,26706,4,4,1, 26710
23,26708,3,3,0, 26711
31,26716,2,4,0, 26720
28,26714,5,7,1, 26721
1,26726,1,1,0, 26727
5,26727,3,7,1, 26734
8,26736,1,1,1, 26737
6,26730,2,8,1, 26738
16,26739,2,2,0, 26741
15,26741,2,2,0, 26743
12,26740,5,5,1, 26745
20,26743,6,6,1, 26749
22,26746,4,4,1, 26750
23,26748,3,3,0, 26751
25,26755,2,2,1, 26757
31,26756,2,4,1, 26760
2,26763,2,2,1, 26765
29,26758,4,8,1, 26766
1,26766,1,1,1, 26767
8,26776,1,1,0, 26777
16,26779,2,2,1, 26781
17,26779,3,3,1, 26782
15,26781,2,2,1, 26783
22,26786,4,4,1, 26790
23,26788,3,3,1, 26791
31,26796,2,4,0, 26800
1,26806,1,1,1, 26807
8,26816,1,1,0, 26817
9,26817,2,2,1, 26819
16,26819,2,2,0, 26821
15,26821,2,2,1, 26823
22,26826,4,4,0, 26830
23,26828,3,3,1, 26831
25,26835,2,2,1, 26837
31,26836,2,4,1, 26840
1,26846,1,1,0, 26847
8,26856,1,1,0, 26857
9,26857,2,2,1, 26859
16,26859,2,2,1, 26861
15,26861,2,2,0, 26863
22,26866,4,4,0, 26870
23,26868,3,3,0, 26871
31,26876,2,4,1, 26880
28,26874,5,7,1, 26881
1,26886,1,1,1, 26887
8,26896,1,1,0, 26897
9,26897,2,2,1, 26899
16,26899,2,2,1, 26901
17,26899,3,3,1, 26902
15,26901,2,2,1, 26903
22,26906,4,4,0, 26910
23,26908,3,3,1, 26911
31,26916,2,4,1, 26920
2,26923,2,2,1, 26925
1,26926,1,1,0, 26927
8,26936,1,1,0, 26937
16,26939,2,2,0, 26941
17,26939,3,3,1, 26942
15,26941,2,2,1, 26943
22,26946,4,4,1, 26950
23,26948,3,3,1, 26951
25,26955,2,2,1, 26957
31,26956,2,4,0, 26960
2,26963,2,2,1, 26965
1,26966,1,1,0, 26967
8,26976,1,1,1, 26977
9,26977,2,2,1, 26979
16,26979,2,2,0, 26981
15,26981,2,2,1, 26983
20,26983,6,6,1, 26989
22,26986,4,4,0, 26990
19,26986,5,5,1, 26991
23,26988,3,3,0, 26991
25,26995,2,2,1, 26997
31,26996,2,4,1, 27000
2,27003,2,2,1, 27005
1,27006,1,1,0, 27007
8,27016,1,1,1, 27017
16,27019,2,2,0, 27021
17,27019,3,3,1, 27022
15,27021,2,2,0, 27023
22,27026,4,4,0, 27030
23,27028,3,3,1, 27031
25,27035,2,2,1, 27037
31,27036,2,4,1, 27040
1,27046,1,1,0, 27047
8,27056,1,1,1, 27057
9,27057,2,2,1, 27059
16,27059,2,2,1, 27061
15,27061,2,2,0, 27063
22,27066,4,4,0, 27070
25,27075,2,2,1, 27077
2,27083,2,2,1, 27085
1,27086,1,1,0, 27087
3,27087,3,3,1, 27090
8,27096,1,1,1, 27097
6,27090,2,8,1, 27098
11,27094,4,4,1, 27098
9,27097,2,2,1, 27099
15,27101,2,2,1, 27103
20,27103,6,6,1, 27109
23,27108,3,3,1, 27111
1,27126,1,1,1, 27127
3,27127,3,3,1, 27130
5,27127,3,7,1, 27134
8,27136,1,1,0, 27137
11,27134,4,4,1, 27138
16,27139,2,2,1, 27141
15,27141,2,2,1, 27143
13,27139,4,6,1, 27145
22,27146,4,4,1, 27150
23,27148,3,3,1, 27151
31,27156,2,4,1, 27160
28,27154,5,7,1, 27161
29,27158,4,8,1, 27166
1,27166,1,1,1, 27167
5,27167,3,7,1, 27174
8,27176,1,1,0, 27177
6,27170,2,8,1, 27178
16,27179,2,2,1, 27181
13,27179,4,6,1, 27185
12,27180,5,5,1, 27185
22,27186,4,4,1, 27190
28,27194,5,7,1, 27201
1,27206,1,1,1, 27207
3,27207,3,3,1, 27210
5,27207,3,7,1, 27214
8,27216,1,1,1, 27217
6,27210,2,8,1, 27218
9,27217,2,2,1, 27219
19,27226,5,5,1, 27231
23,27228,3,3,1, 27231
2,27243,2,2,1, 27245
29,27238,4,8,1, 27246
1,27246,1,1,1, 27247
8,27256,1,1,1, 27257
9,27257,2,2,1, 27259
16,27259,2,2,1, 27261
17,27259,3,3,1, 27262
15,27261,2,2,1, 27263
20,27263,6,6,1, 27269
22,27266,4,4,1, 27270
23,27268,3,3,1, 27271
25,27275,2,2,1, 27277
1,27286,1,1,0, 27287
8,27296,1,1,1, 27297
6,27290,2,8,1, 27298
11,27294,4,4,1, 27298
17,27299,3,3,1, 27302
15,27301,2,2,1, 27303
13,27299,4,6,1, 27305
23,27308,3,3,1, 27311
8,27336,1,1,0, 27337
23,27348,3,3,1, 27351
8,27376,1,1,1, 27377
15,27381,2,2,1, 27383
22,27386,4,4,1, 27390
23,27388,3,3,1, 27391
31,27396,2,4,1, 27400
8,27416,1,1,0, 27417
6,27410,2,8,1, 27418
9,27417,2,2,1, 27419
16,27419,2,2,1, 27421
17,27419,3,3,1, 27422
15,27421,2,2,1, 27423
13,27419,4,6,1, 27425
20,27423,6,6,1, 27429
22,27426,4,4,1, 27430
23,27428,3,3,1, 27431
31,27436,2,4,1, 27440
1,27446,1,1,1, 27447
3,27447,3,3,1, 27450
8,27456,1,1,0, 27457
20,27463,6,6,1, 27469
19,27466,5,5,1, 27471
23,27468,3,3,1, 27471
31,27476,2,4,1, 27480
1,27486,1,1,0, 27487
8,27496,1,1,1, 27497
6,27490,2,8,1, 27498
9,27497,2,2,1, 27499
29,27518,4,8,1, 27526
1,27526,1,1,0, 27527
3,27527,3,3,1, 27530
5,27527,3,7,1, 27534
8,27536,1,1,1, 27537
11,27534,4,4,1, 27538
9,27537,2,2,1, 27539
16,27539,2,2,1, 27541
17,27539,3,3,1, 27542
12,27540,5,5,1, 27545
20,27543,6,6,1, 27549
22,27546,4,4,1, 27550
31,27556,2,4,1, 27560
2,27563,2,2,1, 27565
29,27558,4,8,1, 27566
1,27566,1,1,1, 27567
8,27576,1,1,0, 27577
9,27577,2,2,1, 27579
16,27579,2,2,1, 27581
12,27580,5,5,1, 27585
22,27586,4,4,1, 27590
19,27586,5,5,1, 27591
25,27595,2,2,1, 27597
28,27594,5,7,1, 27601
2,27603,2,2,1, 27605
29,27598,4,8,1, 27606
1,27606,1,1,0, 27607
3,27607,3,3,1, 27610
8,27616,1,1,1, 27617
11,27614,4,4,1, 27618
17,27619,3,3,1, 27622
13,27619,4,6,1, 27625
22,27626,4,4,1, 27630
19,27626,5,5,1, 27631
23,27628,3,3,1, 27631
1,27646,1,1,0, 27647
8,27656,1,1,1, 27657
11,27654,4,4,1, 27658
16,27659,2,2,1, 27661
17,27659,3,3,1, 27662
13,27659,4,6,1, 27665
12,27660,5,5,1, 27665
22,27666,4,4,1, 27670
23,27668,3,3,1, 27671
31,27676,2,4,1, 27680
8,27696,1,1,1, 27697
16,27699,2,2,1, 27701
22,27706,4,4,1, 27710
23,27708,3,3,1, 27711
31,27716,2,4,1, 27720
8,27736,1,1,1, 27737
8,27776,1,1,0, 27777
6,27770,2,8,1, 27778
11,27774,4,4,1, 27778
9,27777,2,2,1, 27779
16,27779,2,2,1, 27781
12,27780,5,5,1, 27785
19,27786,5,5,1, 27791
25,27795,2,2,1, 27797
28,27794,5,7,1, 27801
29,27798,4,8,1, 27806
1,27806,1,1,0, 27807
3,27807,3,3,1, 27810
5,27807,3,7,1, 27814
8,27816,1,1,0, 27817
11,27814,4,4,1, 27818
16,27819,2,2,1, 27821
20,27823,6,6,1, 27829
22,27826,4,4,1, 27830
19,27826,5,5,1, 27831
23,27828,3,3,1, 27831
25,27835,2,2,1, 27837
31,27836,2,4,1, 27840
28,27834,5,7,1, 27841
29,27838,4,8,1, 27846
1,27846,1,1,0, 27847
3,27847,3,3,1, 27850
8,27856,1,1,1, 27857
6,27850,2,8,1, 27858
11,27854,4,4,1, 27858
16,27859,2,2,1, 27861
31,27876,2,4,1, 27880
1,27886,1,1,1, 27887
8,27896,1,1,1, 27897
16,27899,2,2,1, 27901
22,27906,4,4,1, 27910
23,27908,3,3,1, 27911
1,27926,1,1,1, 27927
8,27936,1,1,1, 27937
17,27939,3,3,1, 27942
15,27941,2,2,1, 27943
22,27946,4,4,1, 27950
23,27948,3,3,1, 27951
25,27955,2,2,1, 27957
31,27956,2,4,1, 27960
2,27963,2,2,1, 27965
1,27966,1,1,0, 27967
8,27976,1,1,0, 27977
17,27979,3,3,1, 27982
15,27981,2,2,1, 27983
31,27996,2,4,1, 28000
2,28003,2,2,1, 28005
1,28006,1,1,1, 28007
3,28007,3,3,1, 28010
8,28016,1,1,0, 28017
16,28019,2,2,0, 28021
15,28021,2,2,1, 28023
22,28026,4,4,0, 28030
23,28028,3,3,0, 28031
25,28035,2,2,1, 28037
31,28036,2,4,1, 28040
1,28046,1,1,0, 28047
3,28047,3,3,1, 28050
8,28056,1,1,1, 28057
16,28059,2,2,0, 28061
15,28061,2,2,0, 28063
22,28066,4,4,1, 28070
23,28068,3,3,0, 28071
25,28075,2,2,1, 28077
31,28076,2,4,1, 28080
2,28083,2,2,1, 28085
1,28086,1,1,0, 28087
3,28087,3,3,1, 28090
8,28096,1,1,1, 28097
6,28090,2,8,1, 28098
16,28099,2,2,1, 28101
17,28099,3,3,1, 28102
15,28101,2,2,0, 28103
22,28106,4,4,1, 28110
23,28108,3,3,0, 28111
31,28116,2,4,0, 28120
29,28118,4,8,1, 28126
1,28126,1,1,0, 28127
8,28136,1,1,1, 28137
9,28137,2,2,1, 28139
16,28139,2,2,0, 28141
17,28139,3,3,1, 28142
15,28141,2,2,0, 28143
22,28146,4,4,1, 28150
23,28148,3,3,1, 28151
25,28155,2,2,1, 28157
31,28156,2,4,0, 28160
29,28158,4,8,1, 28166
1,28166,1,1,1, 28167
3,28167,3,3,1, 28170
5,28167,3,7,1, 28174
8,28176,1,1,1, 28177
6,28170,2,8,1, 28178
11,28174,4,4,1, 28178
9,28177,2,2,1, 28179
16,28179,2,2,1, 28181
17,28179,3,3,1, 28182
15,28181,2,2,1, 28183
13,28179,4,6,1, 28185
20,28183,6,6,1, 28189
22,28186,4,4,1, 28190
19,28186,5,5,1, 28191
23,28188,3,3,1, 28191
31,28196,2,4,1, 28200
1,28206,1,1,0, 28207
3,28207,3,3,1, 28210
5,28207,3,7,1, 28214
8,28216,1,1,1, 28217
11,28214,4,4,1, 28218
9,28217,2,2,1, 28219
16,28219,2,2,1, 28221
15,28221,2,2,0, 28223
12,28220,5,5,1, 28225
22,28226,4,4,0, 28230
23,28228,3,3,1, 28231
25,28235,2,2,1, 28237
31,28236,2,4,0, 28240
28,28234,5,7,1, 28241
1,28246,1,1,1, 28247
3,28247,3,3,1, 28250
5,28247,3,7,1, 28254
8,28256,1,1,1, 28257
6,28250,2,8,1, 28258
16,28259,2,2,1, 28261
15,28261,2,2,0, 28263
13,28259,4,6,1, 28265
12,28260,5,5,1, 28265
22,28266,4,4,0, 28270
23,28268,3,3,0, 28271
31,28276,2,4,1, 28280
8,28296,1,1,1, 28297
16,28299,2,2,1, 28301
15,28301,2,2,1, 28303
22,28306,4,4,0, 28310
23,28308,3,3,0, 28311
31,28316,2,4,0, 28320
8,28336,1,1,1, 28337
16,28339,2,2,0, 28341
15,28341,2,2,1, 28343
22,28346,4,4,1, 28350
23,28348,3,3,1, 28351
31,28356,2,4,1, 28360
1,28366,1,1,0, 28367
3,28367,3,3,1, 28370
5,28367,3,7,1, 28374
8,28376,1,1,0, 28377
6,28370,2,8,1, 28378
11,28374,4,4,1, 28378
16,28379,2,2,0, 28381
15,28381,2,2,0, 28383
12,28380,5,5,1, 28385
22,28386,4,4,0, 28390
19,28386,5,5,1, 28391
23,28388,3,3,0, 28391
31,28396,2,4,1, 28400
28,28394,5,7,1, 28401
1,28406,1,1,1, 28407
3,28407,3,3,1, 28410
5,28407,3,7,1, 28414
8,28416,1,1,0, 28417
9,28417,2,2,1, 28419
16,28419,2,2,0, 28421
15,28421,2,2,1, 28423
13,28419,4,6,1, 28425
22,28426,4,4,0, 28430
23,28428,3,3,1, 28431
25,28435,2,2,1, 28437
31,28436,2,4,0, 28440
1,28446,1,1,0, 28447
5,28447,3,7,1, 28454
8,28456,1,1,0, 28457
11,28454,4,4,1, 28458
9,28457,2,2,1, 28459
16,28459,2,2,1, 28461
17,28459,3,3,1, 28462
15,28461,2,2,1, 28463
13,28459,4,6,1, 28465
22,28466,4,4,0, 28470
23,28468,3,3,0, 28471
25,28475,2,2,1, 28477
31,28476,2,4,0, 28480
1,28486,1,1,0, 28487
8,28496,1,1,1, 28497
9,28497,2,2,1, 28499
16,28499,2,2,0, 28501
15,28501,2,2,1, 28503
13,28499,4,6,1, 28505
12,28500,5,5,1, 28505
20,28503,6,6,1, 28509
22,28506,4,4,1, 28510
19,28506,5,5,1, 28511
23,28508,3,3,0, 28511
25,28515,2,2,1, 28517
31,28516,2,4,0, 28520
2,28523,2,2,1, 28525
29,28518,4,8,1, 28526
1,28526,1,1,0, 28527
8,28536,1,1,0, 28537
11,28534,4,4,1, 28538
16,28539,2,2,1, 28541
17,28539,3,3,1, 28542
15,28541,2,2,1, 28543
12,28540,5,5,1, 28545
22,28546,4,4,0, 28550
23,28548,3,3,0, 28551
31,28556,2,4,1, 28560
8,28576,1,1,1, 28577
16,28579,2,2,0, 28581
15,28581,2,2,1, 28583
22,28586,4,4,0, 28590
23,28588,3,3,1, 28591
31,28596,2,4,0, 28600
8,28616,1,1,0, 28617
16,28619,2,2,1, 28621
15,28621,2,2,1, 28623
22,28626,4,4,0, 28630
23,28628,3,3,0, 28631
31,28636,2,4,0, 28640
3,28647,3,3,1, 28650
8,28656,1,1,1, 28657
11,28654,4,4,1, 28658
9,28657,2,2,1, 28659
16,28659,2,2,0, 28661
15,28661,2,2,0, 28663
13,28659,4,6,1, 28665
12,28660,5,5,1, 28665
22,28666,4,4,1, 28670
23,28668,3,3,1, 28671
31,28676,2,4,0, 28680
28,28674,5,7,1, 28681
29,28678,4,8,1, 28686
1,28686,1,1,1, 28687
8,28696,1,1,0, 28697
16,28699,2,2,0, 28701
15,28701,2,2,1, 28703
22,28706,4,4,0, 28710
23,28708,3,3,0, 28711
25,28715,2,2,1, 28717
31,28716,2,4,1, 28720
1,28726,1,1,0, 28727
8,28736,1,1,0, 28737
16,28739,2,2,0, 28741
17,28739,3,3,1, 28742
15,28741,2,2,0, 28743
22,28746,4,4,1, 28750
31,28756,2,4,1, 28760
1,28766,1,1,0, 28767
8,28776,1,1,1, 28777
16,28779,2,2,1, 28781
17,28779,3,3,1, 28782
15,28781,2,2,1, 28783
28,28794,5,7,1, 28801
2,28803,2,2,1, 28805
29,28798,4,8,1, 28806
1,28806,1,1,1, 28807
5,28807,3,7,1, 28814
8,28816,1,1,1, 28817
11,28814,4,4,1, 28818
9,28817,2,2,1, 28819
19,28826,5,5,1, 28831
23,28828,3,3,1, 28831
29,28838,4,8,1, 28846
1,28846,1,1,0, 28847
5,28847,3,7,1, 28854
8,28856,1,1,0, 28857
6,28850,2,8,1, 28858
9,28857,2,2,1, 28859
12,28860,5,5,1, 28865
20,28863,6,6,1, 28869
23,28868,3,3,1, 28871
25,28875,2,2,1, 28877
31,28876,2,4,1, 28880
1,28886,1,1,1, 28887
3,28887,3,3,1, 28890
8,28896,1,1,0, 28897
6,28890,2,8,1, 28898
11,28894,4,4,1, 28898
9,28897,2,2,1, 28899
16,28899,2,2,1, 28901
17,28899,3,3,1, 28902
15,28901,2,2,1, 28903
12,28900,5,5,1, 28905
20,28903,6,6,1, 28909
28,28914,5,7,1, 28921
2,28923,2,2,1, 28925
1,28926,1,1,0, 28927
8,28936,1,1,1, 28937
6,28930,2,8,1, 28938
16,28939,2,2,1, 28941
17,28939,3,3,1, 28942
20,28943,6,6,1, 28949
23,28948,3,3,1, 28951
2,28963,2,2,1, 28965
29,28958,4,8,1, 28966
1,28966,1,1,1, 28967
3,28967,3,3,1, 28970
8,28976,1,1,1, 28977
16,28979,2,2,1, 28981
17,28979,3,3,1, 28982
22,28986,4,4,1, 28990
23,28988,3,3,1, 28991
2,29003,2,2,1, 29005
1,29006,1,1,0, 29007
8,29016,1,1,0, 29017
9,29017,2,2,1, 29019
17,29019,3,3,1, 29022
13,29019,4,6,1, 29025
12,29020,5,5,1, 29025
23,29028,3,3,1, 29031
2,29043,2,2,1, 29045
1,29046,1,1,1, 29047
3,29047,3,3,1, 29050
8,29056,1,1,0, 29057
11,29054,4,4,1, 29058
9,29057,2,2,1, 29059
16,29059,2,2,1, 29061
17,29059,3,3,1, 29062
22,29066,4,4,1, 29070
28,29074,5,7,1, 29081
2,29083,2,2,1, 29085
29,29078,4,8,1, 29086
1,29086,1,1,1, 29087
5,29087,3,7,1, 29094
8,29096,1,1,1, 29097
6,29090,2,8,1, 29098
11,29094,4,4,1, 29098
9,29097,2,2,1, 29099
31,29116,2,4,1, 29120
8,29136,1,1,0, 29137
16,29139,2,2,1, 29141
15,29141,2,2,1, 29143
22,29146,4,4,1, 29150
8,29176,1,1,0, 29177
15,29181,2,2,1, 29183
23,29188,3,3,1, 29191
1,29206,1,1,0, 29207
3,29207,3,3,1, 29210
5,29207,3,7,1, 29214
8,29216,1,1,0, 29217
11,29214,4,4,1, 29218
9,29217,2,2,1, 29219
16,29219,2,2,1, 29221
17,29219,3,3,1, 29222
15,29221,2,2,1, 29223
20,29223,6,6,1, 29229
1,29246,1,1,1, 29247
8,29256,1,1,1, 29257
16,29259,2,2,1, 29261
17,29259,3,3,1, 29262
22,29266,4,4,1, 29270
23,29268,3,3,1, 29271
1,29286,1,1,0, 29287
8,29296,1,1,1, 29297
17,29299,3,3,1, 29302
22,29306,4,4,1, 29310
25,29315,2,2,1, 29317
1,29326,1,1,0, 29327
8,29336,1,1,0, 29337
9,29337,2,2,1, 29339
15,29341,2,2,1, 29343
31,29356,2,4,1, 29360
1,29366,1,1,1, 29367
8,29376,1,1,0, 29377
9,29377,2,2,1, 29379
16,29379,2,2,1, 29381
17,29379,3,3,1, 29382
22,29386,4,4,1, 29390
23,29388,3,3,1, 29391
31,29396,2,4,1, 29400
29,29398,4,8,1, 29406
1,29406,1,1,1, 29407
3,29407,3,3,1, 29410
8,29416,1,1,1, 29417
6,29410,2,8,1, 29418
9,29417,2,2,1, 29419
16,29419,2,2,1, 29421
15,29421,2,2,1, 29423
13,29419,4,6,1, 29425
19,29426,5,5,1, 29431
25,29435,2,2,1, 29437
28,29434,5,7,1, 29441
1,29446,1,1,1, 29447
5,29447,3,7,1, 29454
8,29456,1,1,0, 29457
11,29454,4,4,1, 29458
9,29457,2,2,1, 29459
16,29459,2,2,1, 29461
17,29459,3,3,1, 29462
15,29461,2,2,1, 29463
13,29459,4,6,1, 29465
12,29460,5,5,1, 29465
20,29463,6,6,1, 29469
22,29466,4,4,1, 29470
23,29468,3,3,0, 29471
31,29476,2,4,0, 29480
28,29474,5,7,1, 29481
2,29483,2,2,1, 29485
1,29486,1,1,1, 29487
3,29487,3,3,1, 29490
5,29487,3,7,1, 29494
8,29496,1,1,1, 29497
6,29490,2,8,1, 29498
11,29494,4,4,1, 29498
9,29497,2,2,1, 29499
16,29499,2,2,0, 29501
15,29501,2,2,0, 29503
13,29499,4,6,1, 29505
22,29506,4,4,1, 29510
19,29506,5,5,1, 29511
23,29508,3,3,1, 29511
31,29516,2,4,1, 29520
28,29514,5,7,1, 29521
2,29523,2,2,1, 29525
29,29518,4,8,1, 29526
1,29526,1,1,0, 29527
3,29527,3,3,1, 29530
5,29527,3,7,1, 29534
8,29536,1,1,0, 29537
6,29530,2,8,1, 29538
11,29534,4,4,1, 29538
16,29539,2,2,0, 29541
15,29541,2,2,1, 29543
22,29546,4,4,1, 29550
23,29548,3,3,1, 29551
31,29556,2,4,1, 29560
8,29576,1,1,1, 29577
16,29579,2,2,1, 29581
15,29581,2,2,1, 29583
22,29586,4,4,1, 29590
23,29588,3,3,0, 29591
31,29596,2,4,1, 29600
8,29616,1,1,0, 29617
16,29619,2,2,1, 29621
15,29621,2,2,1, 29623
22,29626,4,4,0, 29630
23,29628,3,3,0, 29631
31,29636,2,4,1, 29640
1,29646,1,1,1, 29647
8,29656,1,1,0, 29657
9,29657,2,2,1, 29659
16,29659,2,2,0, 29661
17,29659,3,3,1, 29662
15,29661,2,2,1, 29663
22,29666,4,4,1, 29670
23,29668,3,3,1, 29671
31,29676,2,4,0, 29680
1,29686,1,1,0, 29687
8,29696,1,1,1, 29697
9,29697,2,2,1, 29699
16,29699,2,2,0, 29701
17,29699,3,3,1, 29702
15,29701,2,2,1, 29703
22,29706,4,4,1, 29710
23,29708,3,3,1, 29711
31,29716,2,4,0, 29720
1,29726,1,1,0, 29727
8,29736,1,1,0, 29737
16,29739,2,2,0, 29741
15,29741,2,2,1, 29743
22,29746,4,4,1, 29750
23,29748,3,3,1, 29751
25,29755,2,2,1, 29757
31,29756,2,4,0, 29760
1,29766,1,1,1, 29767
8,29776,1,1,1, 29777
9,29777,2,2,1, 29779
16,29779,2,2,0, 29781
15,29781,2,2,0, 29783
22,29786,4,4,0, 29790
23,29788,3,3,0, 29791
31,29796,2,4,0, 29800
2,29803,2,2,1, 29805
1,29806,1,1,0, 29807
8,29816,1,1,1, 29817
11,29814,4,4,1, 29818
9,29817,2,2,1, 29819
16,29819,2,2,1, 29821
15,29821,2,2,0, 29823
13,29819,4,6,1, 29825
12,29820,5,5,1, 29825
20,29823,6,6,1, 29829
22,29826,4,4,0, 29830
23,29828,3,3,0, 29831
25,29835,2,2,1, 29837
31,29836,2,4,0, 29840
1,29846,1,1,1, 29847
8,29856,1,1,0, 29857
6,29850,2,8,1, 29858
11,29854,4,4,1, 29858
16,29859,2,2,0, 29861
17,29859,3,3,1, 29862
15,29861,2,2,0, 29863
22,29866,4,4,1, 29870
19,29866,5,5,1, 29871
23,29868,3,3,0, 29871
31,29876,2,4,0, 29880
28,29874,5,7,1, 29881
2,29883,2,2,1, 29885
1,29886,1,1,1, 29887
3,29887,3,3,1, 29890
8,29896,1,1,1, 29897
6,29890,2,8,1, 29898
16,29899,2,2,0, 29901
17,29899,3,3,1, 29902
15,29901,2,2,0, 29903
22,29906,4,4,1, 29910
23,29908,3,3,0, 29911
31,29916,2,4,0, 29920
29,29918,4,8,1, 29926
1,29926,1,1,0, 29927
3,29927,3,3,1, 29930
8,29936,1,1,0, 29937
6,29930,2,8,1, 29938
16,29939,2,2,0, 29941
15,29941,2,2,1, 29943
12,29940,5,5,1, 29945
20,29943,6,6,1, 29949
22,29946,4,4,1, 29950
23,29948,3,3,1, 29951
25,29955,2,2,1, 29957
31,29956,2,4,1, 29960
2,29963,2,2,1, 29965
1,29966,1,1,1, 29967
3,29967,3,3,1, 29970
5,29967,3,7,1, 29974
8,29976,1,1,1, 29977
6,29970,2,8,1, 29978
16,29979,2,2,0, 29981
15,29981,2,2,0, 29983
12,29980,5,5,1, 29985
22,29986,4,4,0, 29990
23,29988,3,3,0, 29991
25,29995,2,2,1, 29997
31,29996,2,4,0, 30000
28,29994,5,7,1, 30001
2,30003,2,2,1, 30005
29,29998,4,8,1, 30006
1,30006,1,1,1, 30007
5,30007,3,7,1, 30014
8,30016,1,1,1, 30017
9,30017,2,2,1, 30019
16,30019,2,2,1, 30021
17,30019,3,3,1, 30022
15,30021,2,2,0, 30023
13,30019,4,6,1, 30025
20,30023,6,6,1, 30029
22,30026,4,4,1, 30030
19,30026,5,5,1, 30031
23,30028,3,3,0, 30031
25,30035,2,2,1, 30037
31,30036,2,4,1, 30040
28,30034,5,7,1, 30041
2,30043,2,2,1, 30045
1,30046,1,1,1, 30047
3,30047,3,3,1, 30050
8,30056,1,1,1, 30057
6,30050,2,8,1, 30058
9,30057,2,2,1, 30059
16,30059,2,2,0, 30061
17,30059,3,3,1, 30062
15,30061,2,2,1, 30063
22,30066,4,4,0, 30070
23,30068,3,3,0, 30071
31,30076,2,4,0, 30080
8,30096,1,1,1, 30097
16,30099,2,2,0, 30101
15,30101,2,2,1, 30103
22,30106,4,4,1, 30110
23,30108,3,3,1, 30111
31,30116,2,4,0, 30120
8,30136,1,1,1, 30137
16,30139,2,2,0, 30141
15,30141,2,2,0, 30143
22,30146,4,4,1, 30150
23,30148,3,3,0, 30151
31,30156,2,4,0, 30160
1,30166,1,1,0, 30167
8,30176,1,1,0, 30177
16,30179,2,2,1, 30181
15,30181,2,2,0, 30183
13,30179,4,6,1, 30185
12,30180,5,5,1, 30185
20,30183,6,6,1, 30189
23,30188,3,3,1, 30191
25,30195,2,2,1, 30197
31,30196,2,4,1, 30200
2,30203,2,2,1, 30205
29,30198,4,8,1, 30206
1,30206,1,1,1, 30207
8,30216,1,1,1, 30217
11,30214,4,4,1, 30218
17,30219,3,3,1, 30222
13,30219,4,6,1, 30225
12,30220,5,5,1, 30225
22,30226,4,4,1, 30230
23,30228,3,3,1, 30231
31,30236,2,4,1, 30240
2,30243,2,2,1, 30245
1,30246,1,1,1, 30247
3,30247,3,3,1, 30250
8,30256,1,1,1, 30257
16,30259,2,2,1, 30261
17,30259,3,3,1, 30262
13,30259,4,6,1, 30265
20,30263,6,6,1, 30269
28,30274,5,7,1, 30281
29,30278,4,8,1, 30286
1,30286,1,1,1, 30287
3,30287,3,3,1, 30290
8,30296,1,1,0, 30297
6,30290,2,8,1, 30298
9,30297,2,2,1, 30299
16,30299,2,2,1, 30301
13,30299,4,6,1, 30305
19,30306,5,5,1, 30311
23,30308,3,3,1, 30311
25,30315,2,2,1, 30317
28,30314,5,7,1, 30321
29,30318,4,8,1, 30326
1,30326,1,1,1, 30327
8,30336,1,1,1, 30337
6,30330,2,8,1, 30338
17,30339,3,3,1, 30342
15,30341,2,2,1, 30343
13,30339,4,6,1, 30345
12,30340,5,5,1, 30345
20,30343,6,6,1, 30349
8,30376,1,1,0, 30377
16,30379,2,2,1, 30381
15,30381,2,2,1, 30383
31,30396,2,4,1, 30400
8,30416,1,1,0, 30417
16,30419,2,2,1, 30421
31,30436,2,4,1, 30440
8,30456,1,1,0, 30457
9,30457,2,2,1, 30459
16,30459,2,2,1, 30461
23,30468,3,3,1, 30471
25,30475,2,2,1, 30477
1,30486,1,1,1, 30487
8,30496,1,1,0, 30497
9,30497,2,2,1, 30499
15,30501,2,2,1, 30503
22,30506,4,4,1, 30510
25,30515,2,2,1, 30517
1,30526,1,1,0, 30527
8,30536,1,1,0, 30537
9,30537,2,2,1, 30539
16,30539,2,2,1, 30541
17,30539,3,3,1, 30542
15,30541,2,2,1, 30543
2,30563,2,2,1, 30565
29,30558,4,8,1, 30566
1,30566,1,1,0, 30567
8,30576,1,1,0, 30577
6,30570,2,8,1, 30578
11,30574,4,4,1, 30578
16,30579,2,2,1, 30581
13,30579,4,6,1, 30585
20,30583,6,6,1, 30589
22,30586,4,4,1, 30590
25,30595,2,2,1, 30597
2,30603,2,2,1, 30605
1,30606,1,1,1, 30607
5,30607,3,7,1, 30614
8,30616,1,1,0, 30617
6,30610,2,8,1, 30618
11,30614,4,4,1, 30618
16,30619,2,2,1, 30621
13,30619,4,6,1, 30625
22,30626,4,4,1, 30630
23,30628,3,3,1, 30631
28,30634,5,7,1, 30641
1,30646,1,1,1, 30647
3,30647,3,3,1, 30650
8,30656,1,1,0, 30657
6,30650,2,8,1, 30658
16,30659,2,2,1, 30661
13,30659,4,6,1, 30665
12,30660,5,5,1, 30665
20,30663,6,6,1, 30669
1,30686,1,1,1, 30687
5,30687,3,7,1, 30694
8,30696,1,1,1, 30697
6,30690,2,8,1, 30698
15,30701,2,2,1, 30703
12,30700,5,5,1, 30705
19,30706,5,5,1, 30711
23,30708,3,3,1, 30711
25,30715,2,2,1, 30717
2,30723,2,2,1, 30725
29,30718,4,8,1, 30726
1,30726,1,1,0, 30727
3,30727,3,3,1, 30730
5,30727,3,7,1, 30734
8,30736,1,1,0, 30737
6,30730,2,8,1, 30738
11,30734,4,4,1, 30738
9,30737,2,2,1, 30739
16,30739,2,2,1, 30741
15,30741,2,2,1, 30743
13,30739,4,6,1, 30745
12,30740,5,5,1, 30745
25,30755,2,2,1, 30757
31,30756,2,4,1, 30760
28,30754,5,7,1, 30761
29,30758,4,8,1, 30766
1,30766,1,1,0, 30767
3,30767,3,3,1, 30770
8,30776,1,1,1, 30777
6,30770,2,8,1, 30778
16,30779,2,2,1, 30781
17,30779,3,3,1, 30782
22,30786,4,4,1, 30790
23,30788,3,3,1, 30791
31,30796,2,4,1, 30800
8,30816,1,1,0, 30817
16,30819,2,2,1, 30821
22,30826,4,4,1, 30830
8,30856,1,1,1, 30857
16,30859,2,2,1, 30861
15,30861,2,2,1, 30863
23,30868,3,3,1, 30871
31,30876,2,4,1, 30880
1,30886,1,1,1, 30887
3,30887,3,3,1, 30890
5,30887,3,7,1, 30894
8,30896,1,1,0, 30897
6,30890,2,8,1, 30898
9,30897,2,2,1, 30899
17,30899,3,3,1, 30902
20,30903,6,6,1, 30909
28,30914,5,7,1, 30921
2,30923,2,2,1, 30925
1,30926,1,1,0, 30927
5,30927,3,7,1, 30934
8,30936,1,1,0, 30937
6,30930,2,8,1, 30938
16,30939,2,2,1, 30941
13,30939,4,6,1, 30945
20,30943,6,6,1, 30949
22,30946,4,4,1, 30950
19,30946,5,5,1, 30951
23,30948,3,3,1, 30951
25,30955,2,2,1, 30957
28,30954,5,7,1, 30961
1,30966,1,1,1, 30967
3,30967,3,3,1, 30970
8,30976,1,1,1, 30977
9,30977,2,2,1, 30979
17,30979,3,3,1, 30982
23,30988,3,3,1, 30991
25,30995,2,2,1, 30997
31,30996,2,4,1, 31000
2,31003,2,2,1, 31005
1,31006,1,1,1, 31007
3,31007,3,3,1, 31010
8,31016,1,1,1, 31017
9,31017,2,2,1, 31019
16,31019,2,2,1, 31021
17,31019,3,3,1, 31022
15,31021,2,2,1, 31023
22,31026,4,4,0, 31030
23,31028,3,3,0, 31031
25,31035,2,2,1, 31037
31,31036,2,4,0, 31040
1,31046,1,1,0, 31047
8,31056,1,1,1, 31057
16,31059,2,2,0, 31061
15,31061,2,2,0, 31063
22,31066,4,4,0, 31070
23,31068,3,3,0, 31071
25,31075,2,2,1, 31077
31,31076,2,4,0, 31080
28,31074,5,7,1, 31081
1,31086,1,1,0, 31087
3,31087,3,3,1, 31090
8,31096,1,1,1, 31097
6,31090,2,8,1, 31098
11,31094,4,4,1, 31098
9,31097,2,2,1, 31099
16,31099,2,2,1, 31101
15,31101,2,2,0, 31103
22,31106,4,4,0, 31110
19,31106,5,5,1, 31111
23,31108,3,3,0, 31111
31,31116,2,4,1, 31120
1,31126,1,1,0, 31127
8,31136,1,1,1, 31137
9,31137,2,2,1, 31139
16,31139,2,2,0, 31141
15,31141,2,2,0, 31143
12,31140,5,5,1, 31145
22,31146,4,4,1, 31150
19,31146,5,5,1, 31151
23,31148,3,3,1, 31151
31,31156,2,4,0, 31160
28,31154,5,7,1, 31161
29,31158,4,8,1, 31166
1,31166,1,1,0, 31167
3,31167,3,3,1, 31170
8,31176,1,1,0, 31177
16,31179,2,2,0, 31181
17,31179,3,3,1, 31182
15,31181,2,2,0, 31183
13,31179,4,6,1, 31185
22,31186,4,4,1, 31190
23,31188,3,3,0, 31191
25,31195,2,2,1, 31197
31,31196,2,4,1, 31200
28,31194,5,7,1, 31201
8,31216,1,1,0, 31217
16,31219,2,2,1, 31221
15,31221,2,2,0, 31223
22,31226,4,4,0, 31230
23,31228,3,3,0, 31231
31,31236,2,4,1, 31240
8,31256,1,1,0, 31257
16,31259,2,2,0, 31261
15,31261,2,2,0, 31263
22,31266,4,4,0, 31270
23,31268,3,3,0, 31271
31,31276,2,4,0, 31280
8,31296,1,1,1, 31297
16,31299,2,2,0, 31301
15,31301,2,2,0, 31303
13,31299,4,6,1, 31305
12,31300,5,5,1, 31305
20,31303,6,6,1, 31309
22,31306,4,4,0, 31310
23,31308,3,3,0, 31311
25,31315,2,2,1, 31317
31,31316,2,4,0, 31320
28,31314,5,7,1, 31321
1,31326,1,1,1, 31327
5,31327,3,7,1, 31334
8,31336,1,1,0, 31337
6,31330,2,8,1, 31338
16,31339,2,2,0, 31341
17,31339,3,3,1, 31342
15,31341,2,2,0, 31343
22,31346,4,4,1, 31350
19,31346,5,5,1, 31351
23,31348,3,3,0, 31351
31,31356,2,4,1, 31360
28,31354,5,7,1, 31361
2,31363,2,2,1, 31365
1,31366,1,1,1, 31367
3,31367,3,3,1, 31370
5,31367,3,7,1, 31374
8,31376,1,1,0, 31377
16,31379,2,2,1, 31381
17,31379,3,3,1, 31382
15,31381,2,2,1, 31383
13,31379,4,6,1, 31385
20,31383,6,6,1, 31389
22,31386,4,4,0, 31390
19,31386,5,5,1, 31391
23,31388,3,3,1, 31391
25,31395,2,2,1, 31397
31,31396,2,4,1, 31400
28,31394,5,7,1, 31401
29,31398,4,8,1, 31406
1,31406,1,1,0, 31407
5,31407,3,7,1, 31414
8,31416,1,1,0, 31417
6,31410,2,8,1, 31418
11,31414,4,4,1, 31418
16,31419,2,2,1, 31421
15,31421,2,2,0, 31423
13,31419,4,6,1, 31425
22,31426,4,4,1, 31430
23,31428,3,3,1, 31431
31,31436,2,4,1, 31440
8,31456,1,1,1, 31457
16,31459,2,2,0, 31461
15,31461,2,2,1, 31463
22,31466,4,4,0, 31470
23,31468,3,3,0, 31471
31,31476,2,4,1, 31480
8,31496,1,1,0, 31497
16,31499,2,2,0, 31501
15,31501,2,2,1, 31503
22,31506,4,4,0, 31510
23,31508,3,3,0, 31511
31,31516,2,4,0, 31520
1,31526,1,1,1, 31527
8,31536,1,1,1, 31537
6,31530,2,8,1, 31538
9,31537,2,2,1, 31539
16,31539,2,2,0, 31541
15,31541,2,2,0, 31543
13,31539,4,6,1, 31545
22,31546,4,4,0, 31550
19,31546,5,5,1, 31551
23,31548,3,3,0, 31551
25,31555,2,2,1, 31557
31,31556,2,4,0, 31560
2,31563,2,2,1, 31565
29,31558,4,8,1, 31566
1,31566,1,1,0, 31567
5,31567,3,7,1, 31574
8,31576,1,1,1, 31577
6,31570,2,8,1, 31578
9,31577,2,2,1, 31579
16,31579,2,2,0, 31581
17,31579,3,3,1, 31582
15,31581,2,2,0, 31583
12,31580,5,5,1, 31585
22,31586,4,4,0, 31590
23,31588,3,3,0, 31591
25,31595,2,2,1, 31597
31,31596,2,4,1, 31600
2,31603,2,2,1, 31605
29,31598,4,8,1, 31606
1,31606,1,1,1, 31607
3,31607,3,3,1, 31610
5,31607,3,7,1, 31614
8,31616,1,1,1, 31617
11,31614,4,4,1, 31618
9,31617,2,2,1, 31619
16,31619,2,2,1, 31621
17,31619,3,3,1, 31622
15,31621,2,2,0, 31623
13,31619,4,6,1, 31625
12,31620,5,5,1, 31625
22,31626,4,4,1, 31630
23,31628,3,3,0, 31631
31,31636,2,4,0, 31640
8,31656,1,1,0, 31657
16,31659,2,2,1, 31661
15,31661,2,2,1, 31663
22,31666,4,4,1, 31670
23,31668,3,3,0, 31671
31,31676,2,4,0, 31680
8,31696,1,1,1, 31697
16,31699,2,2,0, 31701
15,31701,2,2,1, 31703
22,31706,4,4,0, 31710
23,31708,3,3,0, 31711
31,31716,2,4,1, 31720
8,31736,1,1,0, 31737
6,31730,2,8,1, 31738
11,31734,4,4,1, 31738
16,31739,2,2,0, 31741
17,31739,3,3,1, 31742
15,31741,2,2,1, 31743
12,31740,5,5,1, 31745
20,31743,6,6,1, 31749
22,31746,4,4,0, 31750
23,31748,3,3,0, 31751
25,31755,2,2,1, 31757
31,31756,2,4,1, 31760
28,31754,5,7,1, 31761
29,31758,4,8,1, 31766
1,31766,1,1,0, 31767
3,31767,3,3,1, 31770
8,31776,1,1,1, 31777
9,31777,2,2,1, 31779
16,31779,2,2,0, 31781
17,31779,3,3,1, 31782
15,31781,2,2,0, 31783
22,31786,4,4,0, 31790
23,31788,3,3,0, 31791
29,31798,4,8,1, 31806
1,31806,1,1,1, 31807
3,31807,3,3,1, 31810
5,31807,3,7,1, 31814
8,31816,1,1,1, 31817
9,31817,2,2,1, 31819
28,31834,5,7,1, 31841
1,31846,1,1,0, 31847
3,31847,3,3,1, 31850
5,31847,3,7,1, 31854
8,31856,1,1,0, 31857
11,31854,4,4,1, 31858
9,31857,2,2,1, 31859
16,31859,2,2,1, 31861
15,31861,2,2,1, 31863
20,31863,6,6,1, 31869
22,31866,4,4,1, 31870
19,31866,5,5,1, 31871
23,31868,3,3,1, 31871
25,31875,2,2,1, 31877
2,31883,2,2,1, 31885
29,31878,4,8,1, 31886
1,31886,1,1,0, 31887
5,31887,3,7,1, 31894
8,31896,1,1,1, 31897
6,31890,2,8,1, 31898
11,31894,4,4,1, 31898
9,31897,2,2,1, 31899
16,31899,2,2,1, 31901
17,31899,3,3,1, 31902
23,31908,3,3,1, 31911
31,31916,2,4,1, 31920
8,31936,1,1,1, 31937
15,31941,2,2,1, 31943
22,31946,4,4,1, 31950
8,31976,1,1,1, 31977
15,31981,2,2,1, 31983
22,31986,4,4,1, 31990
23,31988,3,3,1, 31991
1,32006,1,1,0, 32007
5,32007,3,7,1, 32014
8,32016,1,1,1, 32017
6,32010,2,8,1, 32018
9,32017,2,2,1, 32019
16,32019,2,2,1, 32021
17,32019,3,3,1, 32022
13,32019,4,6,1, 32025
20,32023,6,6,1, 32029
19,32026,5,5,1, 32031
23,32028,3,3,1, 32031
31,32036,2,4,1, 32040
1,32046,1,1,0, 32047
3,32047,3,3,1, 32050
8,32056,1,1,0, 32057
9,32057,2,2,1, 32059
17,32059,3,3,1, 32062
15,32061,2,2,1, 32063
31,32076,2,4,1, 32080
2,32083,2,2,1, 32085
1,32086,1,1,0, 32087
3,32087,3,3,1, 32090
8,32096,1,1,0, 32097
16,32099,2,2,1, 32101
25,32115,2,2,1, 32117
31,32116,2,4,1, 32120
1,32126,1,1,0, 32127
8,32136,1,1,1, 32137
6,32130,2,8,1, 32138
11,32134,4,4,1, 32138
16,32139,2,2,1, 32141
17,32139,3,3,1, 32142
13,32139,4,6,1, 32145
12,32140,5,5,1, 32145
20,32143,6,6,1, 32149
22,32146,4,4,1, 32150
19,32146,5,5,1, 32151
28,32154,5,7,1, 32161
29,32158,4,8,1, 32166
1,32166,1,1,0, 32167
8,32176,1,1,1, 32177
6,32170,2,8,1, 32178
9,32177,2,2,1, 32179
17,32179,3,3,1, 32182
20,32183,6,6,1, 32189
22,32186,4,4,1, 32190
25,32195,2,2,1, 32197
31,32196,2,4,1, 32200
29,32198,4,8,1, 32206
1,32206,1,1,1, 32207
5,32207,3,7,1, 32214
8,32216,1,1,0, 32217
6,32210,2,8,1, 32218
16,32219,2,2,1, 32221
17,32219,3,3,1, 32222
28,32234,5,7,1, 32241
2,32243,2,2,1, 32245
29,32238,4,8,1, 32246
1,32246,1,1,0, 32247
8,32256,1,1,0, 32257
16,32259,2,2,1, 32261
15,32261,2,2,1, 32263
12,32260,5,5,1, 32265
28,32274,5,7,1, 32281
29,32278,4,8,1, 32286
1,32286,1,1,1, 32287
8,32296,1,1,0, 32297
6,32290,2,8,1, 32298
9,32297,2,2,1, 32299
15,32301,2,2,1, 32303
13,32299,4,6,1, 32305
12,32300,5,5,1, 32305
23,32308,3,3,1, 32311
31,32316,2,4,1, 32320
8,32336,1,1,0, 32337
23,32348,3,3,1, 32351
31,32356,2,4,1, 32360
8,32376,1,1,1, 32377
16,32379,2,2,1, 32381
31,32396,2,4,1, 32400
8,32416,1,1,1, 32417
16,32419,2,2,1, 32421
17,32419,3,3,1, 32422
22,32426,4,4,1, 32430
1,32446,1,1,1, 32447
3,32447,3,3,1, 32450
8,32456,1,1,0, 32457
9,32457,2,2,1, 32459
16,32459,2,2,1, 32461
17,32459,3,3,1, 32462
15,32461,2,2,1, 32463
19,32466,5,5,1, 32471
23,32468,3,3,1, 32471
31,32476,2,4,1, 32480
28,32474,5,7,1, 32481
2,32483,2,2,1, 32485
1,32486,1,1,1, 32487
3,32487,3,3,1, 32490
8,32496,1,1,0, 32497
6,32490,2,8,1, 32498
16,32499,2,2,1, 32501
13,32499,4,6,1, 32505
12,32500,5,5,1, 32505
20,32503,6,6,1, 32509
22,32506,4,4,1, 32510
25,32515,2,2,1, 32517
31,32516,2,4,1, 32520
28,32514,5,7,1, 32521
2,32523,2,2,1, 32525
29,32518,4,8,1, 32526
1,32526,1,1,0, 32527
5,32527,3,7,1, 32534
8,32536,1,1,1, 32537
9,32537,2,2,1, 32539
17,32539,3,3,1, 32542
15,32541,2,2,1, 32543
22,32546,4,4,1, 32550
23,32548,3,3,1, 32551
31,32556,2,4,1, 32560
1,32566,1,1,0, 32567
8,32576,1,1,1, 32577
17,32579,3,3,1, 32582
22,32586,4,4,1, 32590
31,32596,2,4,1, 32600
1,32606,1,1,1, 32607
8,32616,1,1,1, 32617
16,32619,2,2,1, 32621
28,32634,5,7,1, 32641
2,32643,2,2,1, 32645
1,32646,1,1,0, 32647
8,32656,1,1,0, 32657
6,32650,2,8,1, 32658
9,32657,2,2,1, 32659
16,32659,2,2,0, 32661
15,32661,2,2,1, 32663
20,32663,6,6,1, 32669
22,32666,4,4,1, 32670
19,32666,5,5,1, 32671
23,32668,3,3,0, 32671
25,32675,2,2,1, 32677
31,32676,2,4,0, 32680
29,32678,4,8,1, 32686
1,32686,1,1,0, 32687
8,32696,1,1,1, 32697
11,32694,4,4,1, 32698
16,32699,2,2,1, 32701
17,32699,3,3,1, 32702
15,32701,2,2,0, 32703
13,32699,4,6,1, 32705
12,32700,5,5,1, 32705
22,32706,4,4,1, 32710
23,32708,3,3,1, 32711
25,32715,2,2,1, 32717
31,32716,2,4,1, 32720
2,32723,2,2,1, 32725
1,32726,1,1,1, 32727
8,32736,1,1,1, 32737
16,32739,2,2,0, 32741
17,32739,3,3,1, 32742
15,32741,2,2,0, 32743
12,32740,5,5,1, 32745
22,32746,4,4,1, 32750
23,32748,3,3,0, 32751
31,32756,2,4,0, 32760
28,32754,5,7,1, 32761
29,32758,4,8,1, 32766
1,32766,1,1,0, 32767
8,32776,1,1,0, 32777
9,32777,2,2,1, 32779
16,32779,2,2,1, 32781
17,32779,3,3,1, 32782
15,32781,2,2,1, 32783
12,32780,5,5,1, 32785
20,32783,6,6,1, 32789
22,32786,4,4,0, 32790
19,32786,5,5,1, 32791
23,32788,3,3,1, 32791
25,32795,2,2,1, 32797
31,32796,2,4,0, 32800
1,32806,1,1,1, 32807
8,32816,1,1,1, 32817
11,32814,4,4,1, 32818
16,32819,2,2,0, 32821
17,32819,3,3,1, 32822
15,32821,2,2,0, 32823
22,32826,4,4,1, 32830
19,32826,5,5,1, 32831
23,32828,3,3,0, 32831
25,32835,2,2,1, 32837
31,32836,2,4,0, 32840
29,32838,4,8,1, 32846
1,32846,1,1,1, 32847
5,32847,3,7,1, 32854
8,32856,1,1,0, 32857
16,32859,2,2,0, 32861
15,32861,2,2,1, 32863
20,32863,6,6,1, 32869
22,32866,4,4,1, 32870
23,32868,3,3,1, 32871
25,32875,2,2,1, 32877
31,32876,2,4,0, 32880
28,32874,5,7,1, 32881
1,32886,1,1,0, 32887
8,32896,1,1,1, 32897
6,32890,2,8,1, 32898
16,32899,2,2,1, 32901
15,32901,2,2,1, 32903
12,32900,5,5,1, 32905
22,32906,4,4,0, 32910
23,32908,3,3,1, 32911
31,32916,2,4,0, 32920
28,32914,5,7,1, 32921
2,32923,2,2,1, 32925
1,32926,1,1,0, 32927
5,32927,3,7,1, 32934
8,32936,1,1,0, 32937
11,32934,4,4,1, 32938
9,32937,2,2,1, 32939
16,32939,2,2,1, 32941
15,32941,2,2,1, 32943
13,32939,4,6,1, 32945
20,32943,6,6,1, 32949
22,32946,4,4,1, 32950
19,32946,5,5,1, 32951
23,32948,3,3,0, 32951
31,32956,2,4,0, 32960
8,32976,1,1,1, 32977
16,32979,2,2,1, 32981
15,32981,2,2,0, 32983
22,32986,4,4,0, 32990
23,32988,3,3,1, 32991
31,32996,2,4,1, 33000
8,33016,1,1,1, 33017
16,33019,2,2,0, 33021
15,33021,2,2,1, 33023
22,33026,4,4,1, 33030
23,33028,3,3,1, 33031
31,33036,2,4,0, 33040
8,33056,1,1,1, 33057
6,33050,2,8,1, 33058
16,33059,2,2,0, 33061
15,33061,2,2,0, 33063
22,33066,4,4,1, 33070
19,33066,5,5,1, 33071
23,33068,3,3,1, 33071
31,33076,2,4,1, 33080
2,33083,2,2,1, 33085
29,33078,4,8,1, 33086
1,33086,1,1,0, 33087
3,33087,3,3,1, 33090
8,33096,1,1,0, 33097
9,33097,2,2,1, 33099
16,33099,2,2,1, 33101
17,33099,3,3,1, 33102
15,33101,2,2,0, 33103
20,33103,6,6,1, 33109
22,33106,4,4,0, 33110
19,33106,5,5,1, 33111
23,33108,3,3,0, 33111
31,33116,2,4,0, 33120
28,33114,5,7,1, 33121
2,33123,2,2,1, 33125
29,33118,4,8,1, 33126
1,33126,1,1,0, 33127
5,33127,3,7,1, 33134
8,33136,1,1,0, 33137
6,33130,2,8,1, 33138
9,33137,2,2,1, 33139
16,33139,2,2,1, 33141
15,33141,2,2,0, 33143
13,33139,4,6,1, 33145
12,33140,5,5,1, 33145
20,33143,6,6,1, 33149
22,33146,4,4,0, 33150
19,33146,5,5,1, 33151
23,33148,3,3,0, 33151
25,33155,2,2,1, 33157
31,33156,2,4,0, 33160
28,33154,5,7,1, 33161
2,33163,2,2,1, 33165
29,33158,4,8,1, 33166
1,33166,1,1,0, 33167
3,33167,3,3,1, 33170
8,33176,1,1,1, 33177
16,33179,2,2,1, 33181
15,33181,2,2,0, 33183
22,33186,4,4,0, 33190
23,33188,3,3,1, 33191
31,33196,2,4,0, 33200
8,33216,1,1,0, 33217
16,33219,2,2,0, 33221
15,33221,2,2,0, 33223
22,33226,4,4,0, 33230
23,33228,3,3,0, 33231
31,33236,2,4,0, 33240
8,33256,1,1,1, 33257
16,33259,2,2,1, 33261
15,33261,2,2,0, 33263
22,33266,4,4,0, 33270
23,33268,3,3,1, 33271
25,33275,2,2,1, 33277
31,33276,2,4,1, 33280
1,33286,1,1,0, 33287
8,33296,1,1,1, 33297
9,33297,2,2,1, 33299
16,33299,2,2,1, 33301
17,33299,3,3,1, 33302
15,33301,2,2,0, 33303
22,33306,4,4,0, 33310
23,33308,3,3,0, 33311
31,33316,2,4,0, 33320
1,33326,1,1,0, 33327
8,33336,1,1,1, 33337
16,33339,2,2,1, 33341
17,33339,3,3,1, 33342
15,33341,2,2,0, 33343
22,33346,4,4,0, 33350
19,33346,5,5,1, 33351
23,33348,3,3,1, 33351
31,33356,2,4,0, 33360
28,33354,5,7,1, 33361
2,33363,2,2,1, 33365
1,33366,1,1,0, 33367
3,33367,3,3,1, 33370
5,33367,3,7,1, 33374
8,33376,1,1,1, 33377
6,33370,2,8,1, 33378
16,33379,2,2,1, 33381
15,33381,2,2,1, 33383
12,33380,5,5,1, 33385
22,33386,4,4,0, 33390
19,33386,5,5,1, 33391
23,33388,3,3,1, 33391
31,33396,2,4,0, 33400
2,33403,2,2,1, 33405
1,33406,1,1,0, 33407
5,33407,3,7,1, 33414
8,33416,1,1,0, 33417
9,33417,2,2,1, 33419
16,33419,2,2,0, 33421
15,33421,2,2,1, 33423
12,33420,5,5,1, 33425
19,33426,5,5,1, 33431
25,33435,2,2,1, 33437
2,33443,2,2,1, 33445
1,33446,1,1,1, 33447
5,33447,3,7,1, 33454
8,33456,1,1,0, 33457
11,33454,4,4,1, 33458
16,33459,2,2,1, 33461
13,33459,4,6,1, 33465
12,33460,5,5,1, 33465
20,33463,6,6,1, 33469
28,33474,5,7,1, 33481
2,33483,2,2,1, 33485
29,33478,4,8,1, 33486
1,33486,1,1,1, 33487
8,33496,1,1,0, 33497
6,33490,2,8,1, 33498
11,33494,4,4,1, 33498
17,33499,3,3,1, 33502
15,33501,2,2,1, 33503
13,33499,4,6,1, 33505
12,33500,5,5,1, 33505
22,33506,4,4,1, 33510
19,33506,5,5,1, 33511
31,33516,2,4,1, 33520
28,33514,5,7,1, 33521
2,33523,2,2,1, 33525
29,33518,4,8,1, 33526
1,33526,1,1,0, 33527
3,33527,3,3,1, 33530
8,33536,1,1,1, 33537
16,33539,2,2,1, 33541
15,33541,2,2,1, 33543
31,33556,2,4,1, 33560
8,33576,1,1,1, 33577
22,33586,4,4,1, 33590
23,33588,3,3,1, 33591
8,33616,1,1,0, 33617
16,33619,2,2,1, 33621
1,33646,1,1,1, 33647
8,33656,1,1,1, 33657
17,33659,3,3,1, 33662
15,33661,2,2,1, 33663
23,33668,3,3,1, 33671
25,33675,2,2,1, 33677
1,33686,1,1,0, 33687
8,33696,1,1,0, 33697
25,33715,2,2,1, 33717
1,33726,1,1,0, 33727
5,33727,3,7,1, 33734
8,33736,1,1,1, 33737
11,33734,4,4,1, 33738
9,33737,2,2,1, 33739
16,33739,2,2,1, 33741
15,33741,2,2,1, 33743
13,33739,4,6,1, 33745
19,33746,5,5,1, 33751
23,33748,3,3,1, 33751
31,33756,2,4,1, 33760
1,33766,1,1,0, 33767
3,33767,3,3,1, 33770
8,33776,1,1,0, 33777
9,33777,2,2,1, 33779
16,33779,2,2,1, 33781
17,33779,3,3,1, 33782
13,33779,4,6,1, 33785
12,33780,5,5,1, 33785
20,33783,6,6,1, 33789
19,33786,5,5,1, 33791
23,33788,3,3,1, 33791
25,33795,2,2,1, 33797
2,33803,2,2,1, 33805
29,33798,4,8,1, 33806
1,33806,1,1,0, 33807
3,33807,3,3,1, 33810
5,33807,3,7,1, 33814
8,33816,1,1,0, 33817
6,33810,2,8,1, 33818
11,33814,4,4,1, 33818
9,33817,2,2,1, 33819
16,33819,2,2,1, 33821
15,33821,2,2,1, 33823
13,33819,4,6,1, 33825
12,33820,5,5,1, 33825
20,33823,6,6,1, 33829
22,33826,4,4,1, 33830
19,33826,5,5,1, 33831
2,33843,2,2,1, 33845
1,33846,1,1,0, 33847
8,33856,1,1,0, 33857
9,33857,2,2,1, 33859
17,33859,3,3,1, 33862
22,33866,4,4,1, 33870
25,33875,2,2,1, 33877
31,33876,2,4,1, 33880
1,33886,1,1,0, 33887
3,33887,3,3,1, 33890
8,33896,1,1,1, 33897
9,33897,2,2,1, 33899
17,33899,3,3,1, 33902
15,33901,2,2,1, 33903
23,33908,3,3,1, 33911
25,33915,2,2,1, 33917
2,33923,2,2,1, 33925
1,33926,1,1,0, 33927
3,33927,3,3,1, 33930
8,33936,1,1,1, 33937
9,33937,2,2,1, 33939
16,33939,2,2,1, 33941
20,33943,6,6,1, 33949
22,33946,4,4,1, 33950
23,33948,3,3,1, 33951
2,33963,2,2,1, 33965
29,33958,4,8,1, 33966
1,33966,1,1,0, 33967
8,33976,1,1,1, 33977
6,33970,2,8,1, 33978
9,33977,2,2,1, 33979
12,33980,5,5,1, 33985
20,33983,6,6,1, 33989
23,33988,3,3,1, 33991
2,34003,2,2,1, 34005
29,33998,4,8,1, 34006
1,34006,1,1,1, 34007
3,34007,3,3,1, 34010
8,34016,1,1,1, 34017
15,34021,2,2,1, 34023
22,34026,4,4,1, 34030
8,34056,1,1,0, 34057
16,34059,2,2,1, 34061
15,34061,2,2,1, 34063
22,34066,4,4,1, 34070
23,34068,3,3,1, 34071
8,34096,1,1,1, 34097
15,34101,2,2,1, 34103
22,34106,4,4,1, 34110
2,34123,2,2,1, 34125
1,34126,1,1,0, 34127
3,34127,3,3,1, 34130
5,34127,3,7,1, 34134
8,34136,1,1,1, 34137
16,34139,2,2,1, 34141
17,34139,3,3,1, 34142
13,34139,4,6,1, 34145
12,34140,5,5,1, 34145
25,34155,2,2,1, 34157
31,34156,2,4,1, 34160
2,34163,2,2,1, 34165
1,34166,1,1,1, 34167
3,34167,3,3,1, 34170
5,34167,3,7,1, 34174
8,34176,1,1,0, 34177
6,34170,2,8,1, 34178
11,34174,4,4,1, 34178
9,34177,2,2,1, 34179
16,34179,2,2,0, 34181
15,34181,2,2,1, 34183
13,34179,4,6,1, 34185
12,34180,5,5,1, 34185
20,34183,6,6,1, 34189
22,34186,4,4,1, 34190
19,34186,5,5,1, 34191
23,34188,3,3,1, 34191
31,34196,2,4,0, 34200
2,34203,2,2,1, 34205
29,34198,4,8,1, 34206
1,34206,1,1,1, 34207
5,34207,3,7,1, 34214
8,34216,1,1,1, 34217
16,34219,2,2,1, 34221
15,34221,2,2,1, 34223
22,34226,4,4,1, 34230
23,34228,3,3,1, 34231
25,34235,2,2,1, 34237
31,34236,2,4,1, 34240
1,34246,1,1,1, 34247
8,34256,1,1,1, 34257
6,34250,2,8,1, 34258
11,34254,4,4,1, 34258
9,34257,2,2,1, 34259
16,34259,2,2,1, 34261
15,34261,2,2,0, 34263
13,34259,4,6,1, 34265
22,34266,4,4,0, 34270
19,34266,5,5,1, 34271
23,34268,3,3,1, 34271
25,34275,2,2,1, 34277
31,34276,2,4,0, 34280
2,34283,2,2,1, 34285
29,34278,4,8,1, 34286
8,34296,1,1,0, 34297
16,34299,2,2,1, 34301
15,34301,2,2,1, 34303
22,34306,4,4,1, 34310
23,34308,3,3,1, 34311
31,34316,2,4,0, 34320
8,34336,1,1,1, 34337
16,34339,2,2,0, 34341
15,34341,2,2,1, 34343
22,34346,4,4,0, 34350
23,34348,3,3,1, 34351
31,34356,2,4,0, 34360
8,34376,1,1,1, 34377
16,34379,2,2,0, 34381
15,34381,2,2,0, 34383
22,34386,4,4,0, 34390
19,34386,5,5,1, 34391
23,34388,3,3,1, 34391
31,34396,2,4,1, 34400
2,34403,2,2,1, 34405
1,34406,1,1,1, 34407
5,34407,3,7,1, 34414
8,34416,1,1,1, 34417
11,34414,4,4,1, 34418
16,34419,2,2,1, 34421
17,34419,3,3,1, 34422
15,34421,2,2,1, 34423
12,34420,5,5,1, 34425
20,34423,6,6,1, 34429
22,34426,4,4,1, 34430
19,34426,5,5,1, 34431
23,34428,3,3,0, 34431
31,34436,2,4,0, 34440
28,34434,5,7,1, 34441
2,34443,2,2,1, 34445
1,34446,1,1,1, 34447
8,34456,1,1,1, 34457
6,34450,2,8,1, 34458
11,34454,4,4,1, 34458
16,34459,2,2,1, 34461
15,34461,2,2,0, 34463
12,34460,5,5,1, 34465
20,34463,6,6,1, 34469
22,34466,4,4,1, 34470
23,34468,3,3,1, 34471
31,34476,2,4,1, 34480
1,34486,1,1,0, 34487
5,34487,3,7,1, 34494
8,34496,1,1,1, 34497
6,34490,2,8,1, 34498
11,34494,4,4,1, 34498
9,34497,2,2,1, 34499
16,34499,2,2,1, 34501
15,34501,2,2,1, 34503
22,34506,4,4,0, 34510
23,34508,3,3,1, 34511
25,34515,2,2,1, 34517
31,34516,2,4,0, 34520
1,34526,1,1,1, 34527
8,34536,1,1,1, 34537
16,34539,2,2,1, 34541
17,34539,3,3,1, 34542
15,34541,2,2,1, 34543
22,34546,4,4,0, 34550
23,34548,3,3,0, 34551
25,34555,2,2,1, 34557
31,34556,2,4,0, 34560
1,34566,1,1,0, 34567
8,34576,1,1,1, 34577
9,34577,2,2,1, 34579
16,34579,2,2,1, 34581
17,34579,3,3,1, 34582
15,34581,2,2,1, 34583
22,34586,4,4,1, 34590
23,34588,3,3,1, 34591
31,34596,2,4,1, 34600
1,34606,1,1,0, 34607
8,34616,1,1,0, 34617
9,34617,2,2,1, 34619
16,34619,2,2,1, 34621
17,34619,3,3,1, 34622
15,34621,2,2,1, 34623
22,34626,4,4,0, 34630
23,34628,3,3,1, 34631
25,34635,2,2,1, 34637
31,34636,2,4,1, 34640
2,34643,2,2,1, 34645
1,34646,1,1,1, 34647
8,34656,1,1,0, 34657
9,34657,2,2,1, 34659
16,34659,2,2,0, 34661
17,34659,3,3,1, 34662
15,34661,2,2,0, 34663
20,34663,6,6,1, 34669
22,34666,4,4,1, 34670
19,34666,5,5,1, 34671
23,34668,3,3,0, 34671
31,34676,2,4,1, 34680
1,34686,1,1,0, 34687
3,34687,3,3,1, 34690
8,34696,1,1,1, 34697
9,34697,2,2,1, 34699
16,34699,2,2,1, 34701
15,34701,2,2,0, 34703
22,34706,4,4,0, 34710
19,34706,5,5,1, 34711
23,34708,3,3,1, 34711
31,34716,2,4,0, 34720
28,34714,5,7,1, 34721
29,34718,4,8,1, 34726
1,34726,1,1,0, 34727
3,34727,3,3,1, 34730
5,34727,3,7,1, 34734
8,34736,1,1,1, 34737
16,34739,2,2,1, 34741
15,34741,2,2,0, 34743
13,34739,4,6,1, 34745
12,34740,5,5,1, 34745
22,34746,4,4,0, 34750
23,34748,3,3,1, 34751
25,34755,2,2,1, 34757
31,34756,2,4,1, 34760
29,34758,4,8,1, 34766
1,34766,1,1,0, 34767
3,34767,3,3,1, 34770
8,34776,1,1,1, 34777
11,34774,4,4,1, 34778
9,34777,2,2,1, 34779
16,34779,2,2,0, 34781
17,34779,3,3,1, 34782
15,34781,2,2,1, 34783
13,34779,4,6,1, 34785
12,34780,5,5,1, 34785
20,34783,6,6,1, 34789
22,34786,4,4,0, 34790
23,34788,3,3,1, 34791
25,34795,2,2,1, 34797
31,34796,2,4,1, 34800
1,34806,1,1,1, 34807
3,34807,3,3,1, 34810
8,34816,1,1,1, 34817
6,34810,2,8,1, 34818
11,34814,4,4,1, 34818
16,34819,2,2,1, 34821
15,34821,2,2,1, 34823
22,34826,4,4,0, 34830
23,34828,3,3,0, 34831
31,34836,2,4,1, 34840
8,34856,1,1,1, 34857
16,34859,2,2,1, 34861
15,34861,2,2,1, 34863
22,34866,4,4,1, 34870
23,34868,3,3,0, 34871
31,34876,2,4,0, 34880
8,34896,1,1,1, 34897
16,34899,2,2,0, 34901
15,34901,2,2,1, 34903
22,34906,4,4,1, 34910
23,34908,3,3,1, 34911
31,34916,2,4,0, 34920
2,34923,2,2,1, 34925
1,34926,1,1,1, 34927
8,34936,1,1,1, 34937
11,34934,4,4,1, 34938
9,34937,2,2,1, 34939
16,34939,2,2,1, 34941
13,34939,4,6,1, 34945
23,34948,3,3,1, 34951
25,34955,2,2,1, 34957
28,34954,5,7,1, 34961
2,34963,2,2,1, 34965
29,34958,4,8,1, 34966
1,34966,1,1,1, 34967
3,34967,3,3,1, 34970
5,34967,3,7,1, 34974
8,34976,1,1,0, 34977
11,34974,4,4,1, 34978
9,34977,2,2,1, 34979
17,34979,3,3,1, 34982
15,34981,2,2,1, 34983
13,34979,4,6,1, 34985
22,34986,4,4,1, 34990
25,34995,2,2,1, 34997
1,35006,1,1,1, 35007
8,35016,1,1,0, 35017
9,35017,2,2,1, 35019
17,35019,3,3,1, 35022
25,35035,2,2,1, 35037
31,35036,2,4,1, 35040
1,35046,1,1,0, 35047
8,35056,1,1,1, 35057
16,35059,2,2,1, 35061
17,35059,3,3,1, 35062
15,35061,2,2,1, 35063
1,35086,1,1,0, 35087
8,35096,1,1,0, 35097
15,35101,2,2,1, 35103
22,35106,4,4,1, 35110
25,35115,2,2,1, 35117
1,35126,1,1,0, 35127
8,35136,1,1,0, 35137
9,35137,2,2,1, 35139
16,35139,2,2,1, 35141
17,35139,3,3,1, 35142
22,35146,4,4,1, 35150
19,35146,5,5,1, 35151
28,35154,5,7,1, 35161
1,35166,1,1,1, 35167
3,35167,3,3,1, 35170
8,35176,1,1,1, 35177
6,35170,2,8,1, 35178
17,35179,3,3,1, 35182
15,35181,2,2,1, 35183
12,35180,5,5,1, 35185
20,35183,6,6,1, 35189
22,35186,4,4,1, 35190
25,35195,2,2,1, 35197
28,35194,5,7,1, 35201
2,35203,2,2,1, 35205
29,35198,4,8,1, 35206
1,35206,1,1,1, 35207
3,35207,3,3,1, 35210
8,35216,1,1,0, 35217
6,35210,2,8,1, 35218
17,35219,3,3,1, 35222
15,35221,2,2,1, 35223
19,35226,5,5,1, 35231
23,35228,3,3,1, 35231
31,35236,2,4,1, 35240
28,35234,5,7,1, 35241
2,35243,2,2,1, 35245
1,35246,1,1,0, 35247
5,35247,3,7,1, 35254
8,35256,1,1,1, 35257
6,35250,2,8,1, 35258
11,35254,4,4,1, 35258
15,35261,2,2,1, 35263
19,35266,5,5,1, 35271
25,35275,2,2,1, 35277
31,35276,2,4,1, 35280
29,35278,4,8,1, 35286
8,35296,1,1,1, 35297
16,35299,2,2,1, 35301
22,35306,4,4,1, 35310
23,35308,3,3,1, 35311
8,35336,1,1,1, 35337
15,35341,2,2,1, 35343
22,35346,4,4,1, 35350
31,35356,2,4,1, 35360
8,35376,1,1,1, 35377
15,35381,2,2,1, 35383
22,35386,4,4,1, 35390
23,35388,3,3,1, 35391
28,35394,5,7,1, 35401
2,35403,2,2,1, 35405
1,35406,1,1,1, 35407
3,35407,3,3,1, 35410
5,35407,3,7,1, 35414
8,35416,1,1,0, 35417
11,35414,4,4,1, 35418
9,35417,2,2,1, 35419
17,35419,3,3,1, 35422
20,35423,6,6,1, 35429
23,35428,3,3,1, 35431
2,35443,2,2,1, 35445
29,35438,4,8,1, 35446
1,35446,1,1,0, 35447
5,35447,3,7,1, 35454
8,35456,1,1,0, 35457
11,35454,4,4,1, 35458
16,35459,2,2,1, 35461
15,35461,2,2,1, 35463
12,35460,5,5,1, 35465
22,35466,4,4,1, 35470
23,35468,3,3,1, 35471
28,35474,5,7,1, 35481
2,35483,2,2,1, 35485
1,35486,1,1,1, 35487
3,35487,3,3,1, 35490
8,35496,1,1,0, 35497
9,35497,2,2,1, 35499
17,35499,3,3,1, 35502
12,35500,5,5,1, 35505
20,35503,6,6,1, 35509
22,35506,4,4,1, 35510
19,35506,5,5,1, 35511
28,35514,5,7,1, 35521
2,35523,2,2,1, 35525
1,35526,1,1,0, 35527
8,35536,1,1,0, 35537
9,35537,2,2,1, 35539
16,35539,2,2,1, 35541
17,35539,3,3,1, 35542
15,35541,2,2,1, 35543
19,35546,5,5,1, 35551
1,35566,1,1,1, 35567
3,35567,3,3,1, 35570
8,35576,1,1,0, 35577
6,35570,2,8,1, 35578
12,35580,5,5,1, 35585
19,35586,5,5,1, 35591
25,35595,2,2,1, 35597
28,35594,5,7,1, 35601
8,35616,1,1,1, 35617
22,35626,4,4,1, 35630
23,35628,3,3,0, 35631
31,35636,2,4,1, 35640
8,35656,1,1,1, 35657
16,35659,2,2,0, 35661
15,35661,2,2,0, 35663
22,35666,4,4,1, 35670
23,35668,3,3,1, 35671
31,35676,2,4,1, 35680
8,35696,1,1,1, 35697
16,35699,2,2,1, 35701
15,35701,2,2,1, 35703
20,35703,6,6,1, 35709
22,35706,4,4,0, 35710
23,35708,3,3,0, 35711
31,35716,2,4,1, 35720
1,35726,1,1,1, 35727
8,35736,1,1,0, 35737
9,35737,2,2,1, 35739
16,35739,2,2,0, 35741
15,35741,2,2,0, 35743
22,35746,4,4,1, 35750
23,35748,3,3,0, 35751
25,35755,2,2,1, 35757
31,35756,2,4,0, 35760
1,35766,1,1,1, 35767
8,35776,1,1,0, 35777
16,35779,2,2,1, 35781
15,35781,2,2,1, 35783
22,35786,4,4,0, 35790
23,35788,3,3,0, 35791
31,35796,2,4,1, 35800
1,35806,1,1,0, 35807
5,35807,3,7,1, 35814
8,35816,1,1,0, 35817
16,35819,2,2,0, 35821
15,35821,2,2,0, 35823
12,35820,5,5,1, 35825
20,35823,6,6,1, 35829
22,35826,4,4,1, 35830
19,35826,5,5,1, 35831
23,35828,3,3,1, 35831
25,35835,2,2,1, 35837
31,35836,2,4,0, 35840
28,35834,5,7,1, 35841
2,35843,2,2,1, 35845
29,35838,4,8,1, 35846
1,35846,1,1,1, 35847
3,35847,3,3,1, 35850
5,35847,3,7,1, 35854
8,35856,1,1,1, 35857
16,35859,2,2,0, 35861
15,35861,2,2,0, 35863
20,35863,6,6,1, 35869
22,35866,4,4,0, 35870
19,35866,5,5,1, 35871
23,35868,3,3,0, 35871
31,35876,2,4,0, 35880
29,35878,4,8,1, 35886
1,35886,1,1,0, 35887
8,35896,1,1,0, 35897
16,35899,2,2,1, 35901
17,35899,3,3,1, 35902
15,35901,2,2,0, 35903
22,35906,4,4,0, 35910
23,35908,3,3,1, 35911
25,35915,2,2,1, 35917
31,35916,2,4,1, 35920
2,35923,2,2,1, 35925
1,35926,1,1,1, 35927
8,35936,1,1,1, 35937
16,35939,2,2,1, 35941
17,35939,3,3,1, 35942
15,35941,2,2,0, 35943
22,35946,4,4,0, 35950
23,35948,3,3,1, 35951
25,35955,2,2,1, 35957
31,35956,2,4,1, 35960
1,35966,1,1,0, 35967
8,35976,1,1,1, 35977
9,35977,2,2,1, 35979
16,35979,2,2,0, 35981
17,35979,3,3,1, 35982
15,35981,2,2,0, 35983
22,35986,4,4,1, 35990
23,35988,3,3,1, 35991
25,35995,2,2,1, 35997
31,35996,2,4,0, 36000
28,35994,5,7,1, 36001
2,36003,2,2,1, 36005
1,36006,1,1,0, 36007
5,36007,3,7,1, 36014
8,36016,1,1,1, 36017
11,36014,4,4,1, 36018
16,36019,2,2,1, 36021
17,36019,3,3,1, 36022
15,36021,2,2,0, 36023
12,36020,5,5,1, 36025
22,36026,4,4,0, 36030
19,36026,5,5,1, 36031
23,36028,3,3,0, 36031
25,36035,2,2,1, 36037
31,36036,2,4,0, 36040
28,36034,5,7,1, 36041
2,36043,2,2,1, 36045
1,36046,1,1,1, 36047
3,36047,3,3,1, 36050
8,36056,1,1,0, 36057
6,36050,2,8,1, 36058
11,36054,4,4,1, 36058
9,36057,2,2,1, 36059
16,36059,2,2,1, 36061
17,36059,3,3,1, 36062
15,36061,2,2,1, 36063
20,36063,6,6,1, 36069
22,36066,4,4,1, 36070
23,36068,3,3,1, 36071
25,36075,2,2,1, 36077
31,36076,2,4,1, 36080
2,36083,2,2,1, 36085
29,36078,4,8,1, 36086
1,36086,1,1,0, 36087
3,36087,3,3,1, 36090
8,36096,1,1,0, 36097
6,36090,2,8,1, 36098
11,36094,4,4,1, 36098
16,36099,2,2,0, 36101
17,36099,3,3,1, 36102
15,36101,2,2,0, 36103
13,36099,4,6,1, 36105
12,36100,5,5,1, 36105
22,36106,4,4,1, 36110
23,36108,3,3,0, 36111
31,36116,2,4,0, 36120
28,36114,5,7,1, 36121
1,36126,1,1,0, 36127
8,36136,1,1,1, 36137
16,36139,2,2,1, 36141
15,36141,2,2,1, 36143
22,36146,4,4,1, 36150
23,36148,3,3,1, 36151
31,36156,2,4,0, 36160
28,36154,5,7,1, 36161
2,36163,2,2,1, 36165
1,36166,1,1,0, 36167
3,36167,3,3,1, 36170
8,36176,1,1,0, 36177
6,36170,2,8,1, 36178
16,36179,2,2,1, 36181
17,36179,3,3,1, 36182
15,36181,2,2,1, 36183
12,36180,5,5,1, 36185
22,36186,4,4,0, 36190
23,36188,3,3,1, 36191
31,36196,2,4,1, 36200
8,36216,1,1,0, 36217
16,36219,2,2,0, 36221
15,36221,2,2,0, 36223
22,36226,4,4,1, 36230
23,36228,3,3,0, 36231
31,36236,2,4,1, 36240
8,36256,1,1,0, 36257
16,36259,2,2,0, 36261
15,36261,2,2,1, 36263
22,36266,4,4,0, 36270
23,36268,3,3,1, 36271
31,36276,2,4,0, 36280
1,36286,1,1,0, 36287
8,36296,1,1,0, 36297
6,36290,2,8,1, 36298
9,36297,2,2,1, 36299
16,36299,2,2,0, 36301
17,36299,3,3,1, 36302
15,36301,2,2,1, 36303
22,36306,4,4,0, 36310
23,36308,3,3,0, 36311
25,36315,2,2,1, 36317
31,36316,2,4,1, 36320
2,36323,2,2,1, 36325
1,36326,1,1,0, 36327
5,36327,3,7,1, 36334
8,36336,1,1,0, 36337
9,36337,2,2,1, 36339
16,36339,2,2,1, 36341
15,36341,2,2,0, 36343
13,36339,4,6,1, 36345
12,36340,5,5,1, 36345
22,36346,4,4,0, 36350
19,36346,5,5,1, 36351
23,36348,3,3,1, 36351
25,36355,2,2,1, 36357
31,36356,2,4,1, 36360
1,36366,1,1,0, 36367
3,36367,3,3,1, 36370
5,36367,3,7,1, 36374
8,36376,1,1,1, 36377
6,36370,2,8,1, 36378
11,36374,4,4,1, 36378
9,36377,2,2,1, 36379
16,36379,2,2,1, 36381
17,36379,3,3,1, 36382
15,36381,2,2,1, 36383
13,36379,4,6,1, 36385
12,36380,5,5,1, 36385
22,36386,4,4,0, 36390
23,36388,3,3,1, 36391
31,36396,2,4,0, 36400
28,36394,5,7,1, 36401
1,36406,1,1,0, 36407
3,36407,3,3,1, 36410
8,36416,1,1,0, 36417
6,36410,2,8,1, 36418
16,36419,2,2,0, 36421
17,36419,3,3,1, 36422
22,36426,4,4,1, 36430
19,36426,5,5,1, 36431
23,36428,3,3,1, 36431
25,36435,2,2,1, 36437
31,36436,2,4,1, 36440
2,36443,2,2,1, 36445
29,36438,4,8,1, 36446
1,36446,1,1,0, 36447
3,36447,3,3,1, 36450
8,36456,1,1,0, 36457
16,36459,2,2,1, 36461
22,36466,4,4,1, 36470
8,36496,1,1,1, 36497
16,36499,2,2,1, 36501
22,36506,4,4,1, 36510
23,36508,3,3,1, 36511
31,36516,2,4,1, 36520
8,36536,1,1,1, 36537
15,36541,2,2,1, 36543
31,36556,2,4,1, 36560
1,36566,1,1,0, 36567
8,36576,1,1,1, 36577
9,36577,2,2,1, 36579
16,36579,2,2,1, 36581
12,36580,5,5,1, 36585
22,36586,4,4,1, 36590
23,36588,3,3,1, 36591
1,36606,1,1,1, 36607
3,36607,3,3,1, 36610
8,36616,1,1,1, 36617
11,36614,4,4,1, 36618
9,36617,2,2,1, 36619
16,36619,2,2,1, 36621
12,36620,5,5,1, 36625
20,36623,6,6,1, 36629
22,36626,4,4,1, 36630
23,36628,3,3,1, 36631
1,36646,1,1,1, 36647
3,36647,3,3,1, 36650
5,36647,3,7,1, 36654
8,36656,1,1,0, 36657
11,36654,4,4,1, 36658
9,36657,2,2,1, 36659
17,36659,3,3,1, 36662
13,36659,4,6,1, 36665
20,36663,6,6,1, 36669
22,36666,4,4,1, 36670
31,36676,2,4,1, 36680
29,36678,4,8,1, 36686
1,36686,1,1,1, 36687
8,36696,1,1,0, 36697
11,36694,4,4,1, 36698
17,36699,3,3,1, 36702
13,36699,4,6,1, 36705
20,36703,6,6,1, 36709
22,36706,4,4,1, 36710
31,36716,2,4,1, 36720
28,36714,5,7,1, 36721
2,36723,2,2,1, 36725
1,36726,1,1,1, 36727
3,36727,3,3,1, 36730
8,36736,1,1,1, 36737
9,36737,2,2,1, 36739
13,36739,4,6,1, 36745
12,36740,5,5,1, 36745
20,36743,6,6,1, 36749
19,36746,5,5,1, 36751
31,36756,2,4,1, 36760
2,36763,2,2,1, 36765
1,36766,1,1,1, 36767
5,36767,3,7,1, 36774
8,36776,1,1,0, 36777
6,36770,2,8,1, 36778
11,36774,4,4,1, 36778
16,36779,2,2,1, 36781
15,36781,2,2,1, 36783
12,36780,5,5,1, 36785
22,36786,4,4,1, 36790
23,36788,3,3,1, 36791
25,36795,2,2,1, 36797
31,36796,2,4,1, 36800
1,36806,1,1,0, 36807
8,36816,1,1,1, 36817
16,36819,2,2,1, 36821
17,36819,3,3,1, 36822
15,36821,2,2,1, 36823
22,36826,4,4,1, 36830
1,36846,1,1,0, 36847
8,36856,1,1,0, 36857
16,36859,2,2,1, 36861
31,36876,2,4,1, 36880
1,36886,1,1,0, 36887
3,36887,3,3,1, 36890
8,36896,1,1,1, 36897
6,36890,2,8,1, 36898
11,36894,4,4,1, 36898
23,36908,3,3,1, 36911
2,36923,2,2,1, 36925
1,36926,1,1,0, 36927
8,36936,1,1,1, 36937
17,36939,3,3,1, 36942
22,36946,4,4,1, 36950
1,36966,1,1,1, 36967
8,36976,1,1,1, 36977
15,36981,2,2,1, 36983
22,36986,4,4,1, 36990
25,36995,2,2,1, 36997
1,37006,1,1,1, 37007
3,37007,3,3,1, 37010
5,37007,3,7,1, 37014
8,37016,1,1,1, 37017
6,37010,2,8,1, 37018
9,37017,2,2,1, 37019
15,37021,2,2,1, 37023
13,37019,4,6,1, 37025
22,37026,4,4,1, 37030
19,37026,5,5,1, 37031
31,37036,2,4,1, 37040
28,37034,5,7,1, 37041
2,37043,2,2,1, 37045
1,37046,1,1,1, 37047
3,37047,3,3,1, 37050
8,37056,1,1,0, 37057
6,37050,2,8,1, 37058
9,37057,2,2,1, 37059
16,37059,2,2,1, 37061
15,37061,2,2,1, 37063
13,37059,4,6,1, 37065
12,37060,5,5,1, 37065
20,37063,6,6,1, 37069
22,37066,4,4,1, 37070
19,37066,5,5,1, 37071
23,37068,3,3,1, 37071
31,37076,2,4,1, 37080
29,37078,4,8,1, 37086
1,37086,1,1,1, 37087
8,37096,1,1,1, 37097
9,37097,2,2,1, 37099
15,37101,2,2,1, 37103
20,37103,6,6,1, 37109
29,37118,4,8,1, 37126
1,37126,1,1,1, 37127
3,37127,3,3,1, 37130
8,37136,1,1,0, 37137
11,37134,4,4,1, 37138
15,37141,2,2,1, 37143
12,37140,5,5,1, 37145
22,37146,4,4,1, 37150
19,37146,5,5,1, 37151
31,37156,2,4,1, 37160
28,37154,5,7,1, 37161
2,37163,2,2,1, 37165
29,37158,4,8,1, 37166
1,37166,1,1,0, 37167
8,37176,1,1,0, 37177
9,37177,2,2,1, 37179
16,37179,2,2,1, 37181
17,37179,3,3,1, 37182
15,37181,2,2,1, 37183
12,37180,5,5,1, 37185
22,37186,4,4,1, 37190
25,37195,2,2,1, 37197
28,37194,5,7,1, 37201
8,37216,1,1,0, 37217
22,37226,4,4,1, 37230
31,37236,2,4,1, 37240
8,37256,1,1,1, 37257
16,37259,2,2,1, 37261
8,37296,1,1,0, 37297
13,37299,4,6,1, 37305
12,37300,5,5,1, 37305
20,37303,6,6,1, 37309
23,37308,3,3,0, 37311
31,37316,2,4,1, 37320
2,37323,2,2,1, 37325
1,37326,1,1,0, 37327
3,37327,3,3,1, 37330
8,37336,1,1,1, 37337
9,37337,2,2,1, 37339
16,37339,2,2,1, 37341
15,37341,2,2,0, 37343
12,37340,5,5,1, 37345
20,37343,6,6,1, 37349
22,37346,4,4,1, 37350
23,37348,3,3,0, 37351
25,37355,2,2,1, 37357
31,37356,2,4,1, 37360
29,37358,4,8,1, 37366
1,37366,1,1,0, 37367
5,37367,3,7,1, 37374
8,37376,1,1,1, 37377
6,37370,2,8,1, 37378
9,37377,2,2,1, 37379
16,37379,2,2,1, 37381
15,37381,2,2,0, 37383
22,37386,4,4,0, 37390
23,37388,3,3,0, 37391
25,37395,2,2,1, 37397
31,37396,2,4,0, 37400
28,37394,5,7,1, 37401
2,37403,2,2,1, 37405
1,37406,1,1,0, 37407
3,37407,3,3,1, 37410
5,37407,3,7,1, 37414
8,37416,1,1,0, 37417
6,37410,2,8,1, 37418
11,37414,4,4,1, 37418
16,37419,2,2,0, 37421
15,37421,2,2,0, 37423
22,37426,4,4,0, 37430
19,37426,5,5,1, 37431
23,37428,3,3,1, 37431
25,37435,2,2,1, 37437
31,37436,2,4,0, 37440
1,37446,1,1,0, 37447
3,37447,3,3,1, 37450
5,37447,3,7,1, 37454
8,37456,1,1,0, 37457
9,37457,2,2,1, 37459
16,37459,2,2,0, 37461
15,37461,2,2,0, 37463
12,37460,5,5,1, 37465
22,37466,4,4,0, 37470
23,37468,3,3,0, 37471
31,37476,2,4,0, 37480
28,37474,5,7,1, 37481
2,37483,2,2,1, 37485
1,37486,1,1,1, 37487
3,37487,3,3,1, 37490
5,37487,3,7,1, 37494
8,37496,1,1,1, 37497
6,37490,2,8,1, 37498
16,37499,2,2,1, 37501
15,37501,2,2,1, 37503
22,37506,4,4,1, 37510
23,37508,3,3,1, 37511
31,37516,2,4,0, 37520
8,37536,1,1,0, 37537
16,37539,2,2,0, 37541
15,37541,2,2,0, 37543
22,37546,4,4,1, 37550
23,37548,3,3,1, 37551
31,37556,2,4,0, 37560
8,37576,1,1,1, 37577
16,37579,2,2,0, 37581
15,37581,2,2,1, 37583
22,37586,4,4,1, 37590
23,37588,3,3,0, 37591
31,37596,2,4,0, 37600
29,37598,4,8,1, 37606
1,37606,1,1,0, 37607
3,37607,3,3,1, 37610
5,37607,3,7,1, 37614
8,37616,1,1,1, 37617
9,37617,2,2,1, 37619
16,37619,2,2,0, 37621
15,37621,2,2,1, 37623
20,37623,6,6,1, 37629
22,37626,4,4,1, 37630
23,37628,3,3,1, 37631
31,37636,2,4,0, 37640
1,37646,1,1,1, 37647
8,37656,1,1,0, 37657
16,37659,2,2,0, 37661
15,37661,2,2,0, 37663
22,37666,4,4,1, 37670
23,37668,3,3,0, 37671
25,37675,2,2,1, 37677
31,37676,2,4,1, 37680
1,37686,1,1,0, 37687
8,37696,1,1,1, 37697
9,37697,2,2,1, 37699
16,37699,2,2,1, 37701
17,37699,3,3,1, 37702
15,37701,2,2,1, 37703
22,37706,4,4,1, 37710
23,37708,3,3,1, 37711
31,37716,2,4,0, 37720
1,37726,1,1,1, 37727
8,37736,1,1,1, 37737
11,37734,4,4,1, 37738
9,37737,2,2,1, 37739
16,37739,2,2,1, 37741
15,37741,2,2,1, 37743
22,37746,4,4,0, 37750
23,37748,3,3,1, 37751
25,37755,2,2,1, 37757
31,37756,2,4,0, 37760
2,37763,2,2,1, 37765
1,37766,1,1,0, 37767
8,37776,1,1,1, 37777
9,37777,2,2,1, 37779
16,37779,2,2,1, 37781
15,37781,2,2,0, 37783
22,37786,4,4,1, 37790
23,37788,3,3,0, 37791
25,37795,2,2,1, 37797
31,37796,2,4,0, 37800
2,37803,2,2,1, 37805
1,37806,1,1,0, 37807
8,37816,1,1,0, 37817
16,37819,2,2,1, 37821
15,37821,2,2,1, 37823
22,37826,4,4,0, 37830
23,37828,3,3,1, 37831
25,37835,2,2,1, 37837
31,37836,2,4,1, 37840
1,37846,1,1,1, 37847
5,37847,3,7,1, 37854
8,37856,1,1,0, 37857
16,37859,2,2,1, 37861
17,37859,3,3,1, 37862
15,37861,2,2,1, 37863
13,37859,4,6,1, 37865
12,37860,5,5,1, 37865
22,37866,4,4,1, 37870
23,37868,3,3,0, 37871
25,37875,2,2,1, 37877
31,37876,2,4,0, 37880
2,37883,2,2,1, 37885
1,37886,1,1,0, 37887
8,37896,1,1,0, 37897
9,37897,2,2,1, 37899
16,37899,2,2,1, 37901
17,37899,3,3,1, 37902
15,37901,2,2,0, 37903
22,37906,4,4,0, 37910
23,37908,3,3,0, 37911
31,37916,2,4,1, 37920
2,37923,2,2,1, 37925
1,37926,1,1,0, 37927
3,37927,3,3,1, 37930
8,37936,1,1,1, 37937
9,37937,2,2,1, 37939
16,37939,2,2,0, 37941
17,37939,3,3,1, 37942
15,37941,2,2,0, 37943
22,37946,4,4,0, 37950
23,37948,3,3,1, 37951
31,37956,2,4,1, 37960
2,37963,2,2,1, 37965
1,37966,1,1,0, 37967
5,37967,3,7,1, 37974
8,37976,1,1,1, 37977
16,37979,2,2,1, 37981
17,37979,3,3,1, 37982
15,37981,2,2,0, 37983
13,37979,4,6,1, 37985
12,37980,5,5,1, 37985
20,37983,6,6,1, 37989
22,37986,4,4,1, 37990
19,37986,5,5,1, 37991
23,37988,3,3,1, 37991
31,37996,2,4,1, 38000
29,37998,4,8,1, 38006
1,38006,1,1,1, 38007
3,38007,3,3,1, 38010
8,38016,1,1,1, 38017
11,38014,4,4,1, 38018
16,38019,2,2,1, 38021
15,38021,2,2,0, 38023
12,38020,5,5,1, 38025
20,38023,6,6,1, 38029
22,38026,4,4,0, 38030
23,38028,3,3,0, 38031
31,38036,2,4,0, 38040
28,38034,5,7,1, 38041
29,38038,4,8,1, 38046
1,38046,1,1,0, 38047
5,38047,3,7,1, 38054
8,38056,1,1,0, 38057
16,38059,2,2,1, 38061
17,38059,3,3,1, 38062
15,38061,2,2,1, 38063
20,38063,6,6,1, 38069
22,38066,4,4,1, 38070
23,38068,3,3,1, 38071
25,38075,2,2,1, 38077
31,38076,2,4,1, 38080
28,38074,5,7,1, 38081
1,38086,1,1,0, 38087
3,38087,3,3,1, 38090
8,38096,1,1,1, 38097
6,38090,2,8,1, 38098
11,38094,4,4,1, 38098
9,38097,2,2,1, 38099
16,38099,2,2,1, 38101
15,38101,2,2,1, 38103
13,38099,4,6,1, 38105
12,38100,5,5,1, 38105
19,38106,5,5,1, 38111
23,38108,3,3,1, 38111
31,38116,2,4,1, 38120
28,38114,5,7,1, 38121
1,38126,1,1,0, 38127
8,38136,1,1,0, 38137
6,38130,2,8,1, 38138
11,38134,4,4,1, 38138
9,38137,2,2,1, 38139
13,38139,4,6,1, 38145
12,38140,5,5,1, 38145
20,38143,6,6,1, 38149
23,38148,3,3,1, 38151
31,38156,2,4,1, 38160
2,38163,2,2,1, 38165
1,38166,1,1,1, 38167
8,38176,1,1,0, 38177
6,38170,2,8,1, 38178
9,38177,2,2,1, 38179
16,38179,2,2,1, 38181
20,38183,6,6,1, 38189
22,38186,4,4,1, 38190
19,38186,5,5,1, 38191
8,38216,1,1,0, 38217
16,38219,2,2,1, 38221
15,38221,2,2,1, 38223
23,38228,3,3,1, 38231
8,38256,1,1,1, 38257
16,38259,2,2,1, 38261
15,38261,2,2,1, 38263
23,38268,3,3,1, 38271
31,38276,2,4,1, 38280
8,38296,1,1,0, 38297
11,38294,4,4,1, 38298
9,38297,2,2,1, 38299
13,38299,4,6,1, 38305
12,38300,5,5,1, 38305
22,38306,4,4,1, 38310
25,38315,2,2,1, 38317
31,38316,2,4,1, 38320
29,38318,4,8,1, 38326
1,38326,1,1,1, 38327
3,38327,3,3,1, 38330
8,38336,1,1,1, 38337
15,38341,2,2,1, 38343
13,38339,4,6,1, 38345
20,38343,6,6,1, 38349
31,38356,2,4,1, 38360
28,38354,5,7,1, 38361
1,38366,1,1,0, 38367
3,38367,3,3,1, 38370
8,38376,1,1,1, 38377
6,38370,2,8,1, 38378
9,38377,2,2,1, 38379
16,38379,2,2,1, 38381
17,38379,3,3,1, 38382
13,38379,4,6,1, 38385
22,38386,4,4,1, 38390
25,38395,2,2,1, 38397
31,38396,2,4,1, 38400
28,38394,5,7,1, 38401
2,38403,2,2,1, 38405
1,38406,1,1,0, 38407
3,38407,3,3,1, 38410
5,38407,3,7,1, 38414
8,38416,1,1,0, 38417
11,38414,4,4,1, 38418
16,38419,2,2,1, 38421
17,38419,3,3,1, 38422
15,38421,2,2,1, 38423
13,38419,4,6,1, 38425
20,38423,6,6,1, 38429
22,38426,4,4,1, 38430
19,38426,5,5,1, 38431
31,38436,2,4,1, 38440
28,38434,5,7,1, 38441
29,38438,4,8,1, 38446
1,38446,1,1,0, 38447
3,38447,3,3,1, 38450
5,38447,3,7,1, 38454
8,38456,1,1,1, 38457
16,38459,2,2,1, 38461
23,38468,3,3,1, 38471
31,38476,2,4,1, 38480
8,38496,1,1,1, 38497
15,38501,2,2,1, 38503
23,38508,3,3,1, 38511
8,38536,1,1,0, 38537
16,38539,2,2,1, 38541
15,38541,2,2,1, 38543
1,38566,1,1,1, 38567
3,38567,3,3,1, 38570
8,38576,1,1,1, 38577
9,38577,2,2,1, 38579
16,38579,2,2,1, 38581
22,38586,4,4,1, 38590
23,38588,3,3,1, 38591
31,38596,2,4,1, 38600
1,38606,1,1,1, 38607
8,38616,1,1,0, 38617
11,38614,4,4,1, 38618
9,38617,2,2,1, 38619
16,38619,2,2,1, 38621
17,38619,3,3,1, 38622
15,38621,2,2,1, 38623
23,38628,3,3,1, 38631
25,38635,2,2,1, 38637
31,38636,2,4,1, 38640
2,38643,2,2,1, 38645
1,38646,1,1,0, 38647
3,38647,3,3,1, 38650
5,38647,3,7,1, 38654
8,38656,1,1,1, 38657
6,38650,2,8,1, 38658
16,38659,2,2,1, 38661
15,38661,2,2,1, 38663
13,38659,4,6,1, 38665
12,38660,5,5,1, 38665
23,38668,3,3,1, 38671
31,38676,2,4,1, 38680
2,38683,2,2,1, 38685
29,38678,4,8,1, 38686
1,38686,1,1,1, 38687
3,38687,3,3,1, 38690
8,38696,1,1,1, 38697
6,38690,2,8,1, 38698
11,38694,4,4,1, 38698
16,38699,2,2,1, 38701
15,38701,2,2,1, 38703
20,38703,6,6,1, 38709
25,38715,2,2,1, 38717
28,38714,5,7,1, 38721
2,38723,2,2,1, 38725
1,38726,1,1,1, 38727
3,38727,3,3,1, 38730
5,38727,3,7,1, 38734
8,38736,1,1,0, 38737
9,38737,2,2,1, 38739
16,38739,2,2,1, 38741
17,38739,3,3,1, 38742
15,38741,2,2,1, 38743
13,38739,4,6,1, 38745
22,38746,4,4,1, 38750
23,38748,3,3,1, 38751
25,38755,2,2,1, 38757
28,38754,5,7,1, 38761
2,38763,2,2,1, 38765
1,38766,1,1,0, 38767
8,38776,1,1,0, 38777
17,38779,3,3,1, 38782
15,38781,2,2,1, 38783
22,38786,4,4,1, 38790
19,38786,5,5,1, 38791
23,38788,3,3,1, 38791
29,38798,4,8,1, 38806
1,38806,1,1,0, 38807
3,38807,3,3,1, 38810
8,38816,1,1,0, 38817
16,38819,2,2,1, 38821
17,38819,3,3,1, 38822
13,38819,4,6,1, 38825
12,38820,5,5,1, 38825
22,38826,4,4,1, 38830
19,38826,5,5,1, 38831
23,38828,3,3,1, 38831
31,38836,2,4,1, 38840
2,38843,2,2,1, 38845
29,38838,4,8,1, 38846
1,38846,1,1,1, 38847
8,38856,1,1,1, 38857
11,38854,4,4,1, 38858
9,38857,2,2,1, 38859
16,38859,2,2,1, 38861
13,38859,4,6,1, 38865
8,38896,1,1,1, 38897
8,38936,1,1,1, 38937
15,38941,2,2,1, 38943
22,38946,4,4,1, 38950
23,38948,3,3,1, 38951
3,38967,3,3,1, 38970
5,38967,3,7,1, 38974
8,38976,1,1,1, 38977
11,38974,4,4,1, 38978
9,38977,2,2,1, 38979
28,38994,5,7,1, 39001
1,39006,1,1,0, 39007
3,39007,3,3,1, 39010
8,39016,1,1,0, 39017
6,39010,2,8,1, 39018
9,39017,2,2,1, 39019
16,39019,2,2,1, 39021
17,39019,3,3,1, 39022
13,39019,4,6,1, 39025
20,39023,6,6,1, 39029
23,39028,3,3,1, 39031
25,39035,2,2,1, 39037
31,39036,2,4,1, 39040
2,39043,2,2,1, 39045
1,39046,1,1,1, 39047
5,39047,3,7,1, 39054
8,39056,1,1,0, 39057
6,39050,2,8,1, 39058
15,39061,2,2,1, 39063
12,39060,5,5,1, 39065
20,39063,6,6,1, 39069
31,39076,2,4,1, 39080
28,39074,5,7,1, 39081
2,39083,2,2,1, 39085
1,39086,1,1,0, 39087
5,39087,3,7,1, 39094
8,39096,1,1,0, 39097
6,39090,2,8,1, 39098
11,39094,4,4,1, 39098
16,39099,2,2,1, 39101
13,39099,4,6,1, 39105
23,39108,3,3,1, 39111
25,39115,2,2,1, 39117
31,39116,2,4,1, 39120
1,39126,1,1,1, 39127
8,39136,1,1,1, 39137
16,39139,2,2,1, 39141
17,39139,3,3,1, 39142
15,39141,2,2,1, 39143
1,39166,1,1,0, 39167
8,39176,1,1,0, 39177
9,39177,2,2,1, 39179
16,39179,2,2,1, 39181
17,39179,3,3,1, 39182
22,39186,4,4,1, 39190
23,39188,3,3,1, 39191
31,39196,2,4,1, 39200
1,39206,1,1,1, 39207
3,39207,3,3,1, 39210
5,39207,3,7,1, 39214
8,39216,1,1,0, 39217
9,39217,2,2,1, 39219
16,39219,2,2,1, 39221
17,39219,3,3,1, 39222
12,39220,5,5,1, 39225
19,39226,5,5,1, 39231
23,39228,3,3,1, 39231
25,39235,2,2,1, 39237
28,39234,5,7,1, 39241
29,39238,4,8,1, 39246
1,39246,1,1,0, 39247
3,39247,3,3,1, 39250
5,39247,3,7,1, 39254
8,39256,1,1,0, 39257
6,39250,2,8,1, 39258
11,39254,4,4,1, 39258
9,39257,2,2,1, 39259
15,39261,2,2,1, 39263
23,39268,3,3,1, 39271
31,39276,2,4,1, 39280
8,39296,1,1,0, 39297
16,39299,2,2,1, 39301
31,39316,2,4,1, 39320
8,39336,1,1,1, 39337
16,39339,2,2,1, 39341
15,39341,2,2,0, 39343
22,39346,4,4,0, 39350
23,39348,3,3,0, 39351
31,39356,2,4,0, 39360
29,39358,4,8,1, 39366
1,39366,1,1,0, 39367
5,39367,3,7,1, 39374
8,39376,1,1,0, 39377
16,39379,2,2,0, 39381
17,39379,3,3,1, 39382
15,39381,2,2,1, 39383
13,39379,4,6,1, 39385
12,39380,5,5,1, 39385
22,39386,4,4,1, 39390
23,39388,3,3,1, 39391
31,39396,2,4,1, 39400
2,39403,2,2,1, 39405
1,39406,1,1,0, 39407
8,39416,1,1,1, 39417
16,39419,2,2,0, 39421
15,39421,2,2,0, 39423
22,39426,4,4,1, 39430
23,39428,3,3,0, 39431
31,39436,2,4,1, 39440
1,39446,1,1,1, 39447
8,39456,1,1,0, 39457
16,39459,2,2,1, 39461
15,39461,2,2,1, 39463
22,39466,4,4,1, 39470
23,39468,3,3,0, 39471
25,39475,2,2,1, 39477
31,39476,2,4,1, 39480
2,39483,2,2,1, 39485
1,39486,1,1,1, 39487
5,39487,3,7,1, 39494
8,39496,1,1,1, 39497
6,39490,2,8,1, 39498
11,39494,4,4,1, 39498
16,39499,2,2,1, 39501
17,39499,3,3,1, 39502
15,39501,2,2,0, 39503
12,39500,5,5,1, 39505
20,39503,6,6,1, 39509
22,39506,4,4,0, 39510
23,39508,3,3,1, 39511
25,39515,2,2,1, 39517
31,39516,2,4,0, 39520
1,39526,1,1,1, 39527
3,39527,3,3,1, 39530
8,39536,1,1,0, 39537
16,39539,2,2,1, 39541
17,39539,3,3,1, 39542
15,39541,2,2,0, 39543
22,39546,4,4,0, 39550
23,39548,3,3,0, 39551
25,39555,2,2,1, 39557
31,39556,2,4,0, 39560
2,39563,2,2,1, 39565
1,39566,1,1,0, 39567
3,39567,3,3,1, 39570
8,39576,1,1,1, 39577
9,39577,2,2,1, 39579
16,39579,2,2,0, 39581
15,39581,2,2,1, 39583
22,39586,4,4,0, 39590
23,39588,3,3,1, 39591
25,39595,2,2,1, 39597
31,39596,2,4,0, 39600
1,39606,1,1,1, 39607
3,39607,3,3,1, 39610
8,39616,1,1,0, 39617
9,39617,2,2,1, 39619
16,39619,2,2,0, 39621
15,39621,2,2,0, 39623
13,39619,4,6,1, 39625
20,39623,6,6,1, 39629
22,39626,4,4,0, 39630
23,39628,3,3,0, 39631
31,39636,2,4,0, 39640
29,39638,4,8,1, 39646
1,39646,1,1,1, 39647
8,39656,1,1,0, 39657
6,39650,2,8,1, 39658
9,39657,2,2,1, 39659
16,39659,2,2,0, 39661
17,39659,3,3,1, 39662
15,39661,2,2,0, 39663
13,39659,4,6,1, 39665
22,39666,4,4,0, 39670
19,39666,5,5,1, 39671
23,39668,3,3,0, 39671
25,39675,2,2,1, 39677
31,39676,2,4,1, 39680
29,39678,4,8,1, 39686
1,39686,1,1,0, 39687
3,39687,3,3,1, 39690
8,39696,1,1,0, 39697
6,39690,2,8,1, 39698
11,39694,4,4,1, 39698
9,39697,2,2,1, 39699
16,39699,2,2,1, 39701
17,39699,3,3,1, 39702
15,39701,2,2,1, 39703
13,39699,4,6,1, 39705
12,39700,5,5,1, 39705
20,39703,6,6,1, 39709
22,39706,4,4,0, 39710
23,39708,3,3,0, 39711
31,39716,2,4,1, 39720
2,39723,2,2,1, 39725
29,39718,4,8,1, 39726
1,39726,1,1,1, 39727
5,39727,3,7,1, 39734
8,39736,1,1,1, 39737
11,39734,4,4,1, 39738
16,39739,2,2,1, 39741
15,39741,2,2,0, 39743
20,39743,6,6,1, 39749
22,39746,4,4,0, 39750
23,39748,3,3,1, 39751
25,39755,2,2,1, 39757
31,39756,2,4,1, 39760
2,39763,2,2,1, 39765
1,39766,1,1,1, 39767
3,39767,3,3,1, 39770
8,39776,1,1,1, 39777
11,39774,4,4,1, 39778
16,39779,2,2,1, 39781
15,39781,2,2,0, 39783
22,39786,4,4,1, 39790
23,39788,3,3,1, 39791
31,39796,2,4,0, 39800
8,39816,1,1,1, 39817
16,39819,2,2,0, 39821
15,39821,2,2,1, 39823
22,39826,4,4,0, 39830
23,39828,3,3,0, 39831
31,39836,2,4,1, 39840
8,39856,1,1,1, 39857
16,39859,2,2,0, 39861
15,39861,2,2,1, 39863
22,39866,4,4,0, 39870
23,39868,3,3,0, 39871
31,39876,2,4,1, 39880
29,39878,4,8,1, 39886
1,39886,1,1,0, 39887
3,39887,3,3,1, 39890
8,39896,1,1,1, 39897
6,39890,2,8,1, 39898
11,39894,4,4,1, 39898
9,39897,2,2,1, 39899
16,39899,2,2,0, 39901
15,39901,2,2,0, 39903
22,39906,4,4,1, 39910
23,39908,3,3,1, 39911
25,39915,2,2,1, 39917
31,39916,2,4,0, 39920
1,39926,1,1,0, 39927
8,39936,1,1,0, 39937
16,39939,2,2,0, 39941
17,39939,3,3,1, 39942
15,39941,2,2,0, 39943
22,39946,4,4,0, 39950
23,39948,3,3,1, 39951
25,39955,2,2,1, 39957
31,39956,2,4,0, 39960
1,39966,1,1,1, 39967
8,39976,1,1,1, 39977
9,39977,2,2,1, 39979
16,39979,2,2,0, 39981
15,39981,2,2,1, 39983
22,39986,4,4,1, 39990
23,39988,3,3,0, 39991
25,39995,2,2,1, 39997
31,39996,2,4,0, 40000
2,40003,2,2,1, 40005
29,39998,4,8,1, 40006
1,40006,1,1,0, 40007
5,40007,3,7,1, 40014
8,40016,1,1,1, 40017
6,40010,2,8,1, 40018
11,40014,4,4,1, 40018
16,40019,2,2,1, 40021
17,40019,3,3,1, 40022
15,40021,2,2,1, 40023
12,40020,5,5,1, 40025
20,40023,6,6,1, 40029
22,40026,4,4,0, 40030
23,40028,3,3,0, 40031
25,40035,2,2,1, 40037
31,40036,2,4,0, 40040
29,40038,4,8,1, 40046
1,40046,1,1,0, 40047
5,40047,3,7,1, 40054
8,40056,1,1,0, 40057
6,40050,2,8,1, 40058
9,40057,2,2,1, 40059
16,40059,2,2,1, 40061
17,40059,3,3,1, 40062
15,40061,2,2,0, 40063
22,40066,4,4,1, 40070
19,40066,5,5,1, 40071
23,40068,3,3,1, 40071
31,40076,2,4,1, 40080
28,40074,5,7,1, 40081
2,40083,2,2,1, 40085
1,40086,1,1,1, 40087
3,40087,3,3,1, 40090
5,40087,3,7,1, 40094
8,40096,1,1,0, 40097
6,40090,2,8,1, 40098
17,40099,3,3,1, 40102
15,40101,2,2,1, 40103
19,40106,5,5,1, 40111
25,40115,2,2,1, 40117
31,40116,2,4,1, 40120
29,40118,4,8,1, 40126
1,40126,1,1,0, 40127
8,40136,1,1,0, 40137
9,40137,2,2,1, 40139
16,40139,2,2,1, 40141
15,40141,2,2,1, 40143
12,40140,5,5,1, 40145
23,40148,3,3,1, 40151
8,40176,1,1,0, 40177
23,40188,3,3,1, 40191
31,40196,2,4,1, 40200
8,40216,1,1,0, 40217
23,40228,3,3,1, 40231
3,40247,3,3,1, 40250
8,40256,1,1,1, 40257
6,40250,2,8,1, 40258
11,40254,4,4,1, 40258
17,40259,3,3,1, 40262
12,40260,5,5,1, 40265
19,40266,5,5,1, 40271
23,40268,3,3,1, 40271
2,40283,2,2,1, 40285
1,40286,1,1,0, 40287
8,40296,1,1,0, 40297
9,40297,2,2,1, 40299
17,40299,3,3,1, 40302
12,40300,5,5,1, 40305
22,40306,4,4,1, 40310
19,40306,5,5,1, 40311
23,40308,3,3,1, 40311
25,40315,2,2,1, 40317
28,40314,5,7,1, 40321
2,40323,2,2,1, 40325
29,40318,4,8,1, 40326
1,40326,1,1,0, 40327
5,40327,3,7,1, 40334
8,40336,1,1,0, 40337
6,40330,2,8,1, 40338
9,40337,2,2,1, 40339
16,40339,2,2,1, 40341
17,40339,3,3,1, 40342
13,40339,4,6,1, 40345
12,40340,5,5,1, 40345
25,40355,2,2,1, 40357
31,40356,2,4,1, 40360
2,40363,2,2,1, 40365
1,40366,1,1,0, 40367
8,40376,1,1,0, 40377
9,40377,2,2,1, 40379
15,40381,2,2,1, 40383
31,40396,2,4,1, 40400
1,40406,1,1,0, 40407
8,40416,1,1,0, 40417
9,40417,2,2,1, 40419
16,40419,2,2,1, 40421
17,40419,3,3,1, 40422
15,40421,2,2,1, 40423
23,40428,3,3,1, 40431
31,40436,2,4,1, 40440
2,40443,2,2,1, 40445
1,40446,1,1,0, 40447
8,40456,1,1,1, 40457
11,40454,4,4,1, 40458
16,40459,2,2,1, 40461
17,40459,3,3,1, 40462
15,40461,2,2,1, 40463
13,40459,4,6,1, 40465
19,40466,5,5,1, 40471
23,40468,3,3,1, 40471
25,40475,2,2,1, 40477
1,40486,1,1,1, 40487
5,40487,3,7,1, 40494
8,40496,1,1,0, 40497
17,40499,3,3,1, 40502
20,40503,6,6,1, 40509
22,40506,4,4,1, 40510
19,40506,5,5,1, 40511
23,40508,3,3,1, 40511
25,40515,2,2,1, 40517
31,40516,2,4,1, 40520
8,40536,1,1,0, 40537
23,40548,3,3,1, 40551
8,40576,1,1,0, 40577
16,40579,2,2,1, 40581
31,40596,2,4,1, 40600
8,40616,1,1,0, 40617
16,40619,2,2,1, 40621
17,40619,3,3,1, 40622
1,40646,1,1,1, 40647
3,40647,3,3,1, 40650
8,40656,1,1,0, 40657
17,40659,3,3,1, 40662
15,40661,2,2,1, 40663
25,40675,2,2,1, 40677
31,40676,2,4,1, 40680
2,40683,2,2,1, 40685
1,40686,1,1,0, 40687
8,40696,1,1,0, 40697
16,40699,2,2,1, 40701
22,40706,4,4,1, 40710
25,40715,2,2,1, 40717
1,40726,1,1,0, 40727
3,40727,3,3,1, 40730
5,40727,3,7,1, 40734
8,40736,1,1,1, 40737
11,40734,4,4,1, 40738
16,40739,2,2,1, 40741
15,40741,2,2,1, 40743
13,40739,4,6,1, 40745
22,40746,4,4,1, 40750
23,40748,3,3,1, 40751
31,40756,2,4,1, 40760
1,40766,1,1,1, 40767
3,40767,3,3,1, 40770
5,40767,3,7,1, 40774
8,40776,1,1,1, 40777
6,40770,2,8,1, 40778
11,40774,4,4,1, 40778
9,40777,2,2,1, 40779
16,40779,2,2,1, 40781
17,40779,3,3,1, 40782
13,40779,4,6,1, 40785
20,40783,6,6,1, 40789
19,40786,5,5,1, 40791
25,40795,2,2,1, 40797
31,40796,2,4,1, 40800
28,40794,5,7,1, 40801
1,40806,1,1,0, 40807
3,40807,3,3,1, 40810
5,40807,3,7,1, 40814
8,40816,1,1,1, 40817
17,40819,3,3,1, 40822
22,40826,4,4,1, 40830
19,40826,5,5,1, 40831
25,40835,2,2,1, 40837
31,40836,2,4,1, 40840
1,40846,1,1,0, 40847
3,40847,3,3,1, 40850
8,40856,1,1,1, 40857
11,40854,4,4,1, 40858
16,40859,2,2,1, 40861
17,40859,3,3,1, 40862
15,40861,2,2,1, 40863
13,40859,4,6,1, 40865
20,40863,6,6,1, 40869
22,40866,4,4,1, 40870
23,40868,3,3,0, 40871
25,40875,2,2,1, 40877
31,40876,2,4,1, 40880
28,40874,5,7,1, 40881
29,40878,4,8,1, 40886
1,40886,1,1,0, 40887
8,40896,1,1,1, 40897
11,40894,4,4,1, 40898
9,40897,2,2,1, 40899
16,40899,2,2,0, 40901
15,40901,2,2,1, 40903
22,40906,4,4,0, 40910
19,40906,5,5,1, 40911
23,40908,3,3,1, 40911
25,40915,2,2,1, 40917
31,40916,2,4,1, 40920
28,40914,5,7,1, 40921
8,40936,1,1,1, 40937
16,40939,2,2,1, 40941
15,40941,2,2,1, 40943
22,40946,4,4,0, 40950
23,40948,3,3,0, 40951
31,40956,2,4,1, 40960
8,40976,1,1,1, 40977
16,40979,2,2,1, 40981
15,40981,2,2,0, 40983
22,40986,4,4,1, 40990
23,40988,3,3,1, 40991
31,40996,2,4,0, 41000
8,41016,1,1,1, 41017
16,41019,2,2,0, 41021
15,41021,2,2,1, 41023
22,41026,4,4,0, 41030
23,41028,3,3,0, 41031
31,41036,2,4,0, 41040
29,41038,4,8,1, 41046
1,41046,1,1,0, 41047
3,41047,3,3,1, 41050
5,41047,3,7,1, 41054
8,41056,1,1,0, 41057
9,41057,2,2,1, 41059
16,41059,2,2,0, 41061
17,41059,3,3,1, 41062
15,41061,2,2,0, 41063
13,41059,4,6,1, 41065
12,41060,5,5,1, 41065
22,41066,4,4,1, 41070
19,41066,5,5,1, 41071
23,41068,3,3,1, 41071
31,41076,2,4,1, 41080
29,41078,4,8,1, 41086
1,41086,1,1,1, 41087
5,41087,3,7,1, 41094
8,41096,1,1,1, 41097
16,41099,2,2,0, 41101
15,41101,2,2,0, 41103
13,41099,4,6,1, 41105
12,41100,5,5,1, 41105
22,41106,4,4,0, 41110
23,41108,3,3,1, 41111
31,41116,2,4,0, 41120
29,41118,4,8,1, 41126
1,41126,1,1,1, 41127
3,41127,3,3,1, 41130
5,41127,3,7,1, 41134
8,41136,1,1,0, 41137
11,41134,4,4,1, 41138
16,41139,2,2,1, 41141
17,41139,3,3,1, 41142
15,41141,2,2,0, 41143
20,41143,6,6,1, 41149
22,41146,4,4,1, 41150
19,41146,5,5,1, 41151
23,41148,3,3,0, 41151
25,41155,2,2,1, 41157
31,41156,2,4,0, 41160
2,41163,2,2,1, 41165
1,41166,1,1,0, 41167
3,41167,3,3,1, 41170
8,41176,1,1,1, 41177
6,41170,2,8,1, 41178
11,41174,4,4,1, 41178
9,41177,2,2,1, 41179
16,41179,2,2,0, 41181
15,41181,2,2,0, 41183
12,41180,5,5,1, 41185
20,41183,6,6,1, 41189
22,41186,4,4,0, 41190
19,41186,5,5,1, 41191
23,41188,3,3,1, 41191
25,41195,2,2,1, 41197
31,41196,2,4,1, 41200
28,41194,5,7,1, 41201
8,41216,1,1,1, 41217
16,41219,2,2,0, 41221
15,41221,2,2,1, 41223
22,41226,4,4,0, 41230
23,41228,3,3,0, 41231
31,41236,2,4,1, 41240
8,41256,1,1,1, 41257
16,41259,2,2,0, 41261
15,41261,2,2,1, 41263
22,41266,4,4,0, 41270
23,41268,3,3,0, 41271
31,41276,2,4,0, 41280
8,41296,1,1,1, 41297
16,41299,2,2,0, 41301
15,41301,2,2,0, 41303
22,41306,4,4,0, 41310
23,41308,3,3,0, 41311
25,41315,2,2,1, 41317
31,41316,2,4,0, 41320
1,41326,1,1,0, 41327
3,41327,3,3,1, 41330
5,41327,3,7,1, 41334
8,41336,1,1,1, 41337
11,41334,4,4,1, 41338
16,41339,2,2,1, 41341
17,41339,3,3,1, 41342
15,41341,2,2,1, 41343
13,41339,4,6,1, 41345
22,41346,4,4,1, 41350
23,41348,3,3,1, 41351
31,41356,2,4,0, 41360
2,41363,2,2,1, 41365
1,41366,1,1,0, 41367
8,41376,1,1,0, 41377
9,41377,2,2,1, 41379
16,41379,2,2,1, 41381
17,41379,3,3,1, 41382
15,41381,2,2,0, 41383
22,41386,4,4,1, 41390
23,41388,3,3,1, 41391
31,41396,2,4,0, 41400
2,41403,2,2,1, 41405
1,41406,1,1,1, 41407
8,41416,1,1,0, 41417
9,41417,2,2,1, 41419
16,41419,2,2,0, 41421
17,41419,3,3,1, 41422
15,41421,2,2,0, 41423
22,41426,4,4,0, 41430
23,41428,3,3,1, 41431
25,41435,2,2,1, 41437
31,41436,2,4,0, 41440
1,41446,1,1,0, 41447
5,41447,3,7,1, 41454
8,41456,1,1,1, 41457
9,41457,2,2,1, 41459
16,41459,2,2,0, 41461
15,41461,2,2,1, 41463
12,41460,5,5,1, 41465
22,41466,4,4,1, 41470
23,41468,3,3,1, 41471
25,41475,2,2,1, 41477
31,41476,2,4,1, 41480
28,41474,5,7,1, 41481
2,41483,2,2,1, 41485
29,41478,4,8,1, 41486
1,41486,1,1,1, 41487
3,41487,3,3,1, 41490
5,41487,3,7,1, 41494
8,41496,1,1,0, 41497
16,41499,2,2,1, 41501
17,41499,3,3,1, 41502
15,41501,2,2,0, 41503
13,41499,4,6,1, 41505
12,41500,5,5,1, 41505
22,41506,4,4,0, 41510
23,41508,3,3,1, 41511
31,41516,2,4,0, 41520
28,41514,5,7,1, 41521
2,41523,2,2,1, 41525
1,41526,1,1,1, 41527
8,41536,1,1,0, 41537
16,41539,2,2,0, 41541
17,41539,3,3,1, 41542
15,41541,2,2,0, 41543
12,41540,5,5,1, 41545
20,41543,6,6,1, 41549
22,41546,4,4,0, 41550
23,41548,3,3,0, 41551
31,41556,2,4,0, 41560
28,41554,5,7,1, 41561
29,41558,4,8,1, 41566
1,41566,1,1,1, 41567
3,41567,3,3,1, 41570
8,41576,1,1,1, 41577
6,41570,2,8,1, 41578
9,41577,2,2,1, 41579
16,41579,2,2,1, 41581
15,41581,2,2,0, 41583
13,41579,4,6,1, 41585
22,41586,4,4,1, 41590
23,41588,3,3,1, 41591
25,41595,2,2,1, 41597
2,41603,2,2,1, 41605
1,41606,1,1,1, 41607
3,41607,3,3,1, 41610
5,41607,3,7,1, 41614
8,41616,1,1,1, 41617
11,41614,4,4,1, 41618
16,41619,2,2,1, 41621
20,41623,6,6,1, 41629
22,41626,4,4,1, 41630
19,41626,5,5,1, 41631
23,41628,3,3,1, 41631
8,41656,1,1,1, 41657
16,41659,2,2,1, 41661
23,41668,3,3,1, 41671
31,41676,2,4,1, 41680
8,41696,1,1,0, 41697
16,41699,2,2,1, 41701
23,41708,3,3,1, 41711
8,41736,1,1,1, 41737
9,41737,2,2,1, 41739
17,41739,3,3,1, 41742
1,41766,1,1,0, 41767
3,41767,3,3,1, 41770
8,41776,1,1,0, 41777
16,41779,2,2,1, 41781
23,41788,3,3,1, 41791
25,41795,2,2,1, 41797
31,41796,2,4,1, 41800
2,41803,2,2,1, 41805
1,41806,1,1,0, 41807
3,41807,3,3,1, 41810
5,41807,3,7,1, 41814
8,41816,1,1,1, 41817
6,41810,2,8,1, 41818
11,41814,4,4,1, 41818
9,41817,2,2,1, 41819
13,41819,4,6,1, 41825
12,41820,5,5,1, 41825
20,41823,6,6,1, 41829
22,41826,4,4,1, 41830
19,41826,5,5,1, 41831
25,41835,2,2,1, 41837
31,41836,2,4,1, 41840
28,41834,5,7,1, 41841
2,41843,2,2,1, 41845
1,41846,1,1,0, 41847
3,41847,3,3,1, 41850
8,41856,1,1,1, 41857
11,41854,4,4,1, 41858
16,41859,2,2,1, 41861
15,41861,2,2,1, 41863
13,41859,4,6,1, 41865
19,41866,5,5,1, 41871
23,41868,3,3,1, 41871
25,41875,2,2,1, 41877
31,41876,2,4,1, 41880
1,41886,1,1,0, 41887
3,41887,3,3,1, 41890
5,41887,3,7,1, 41894
8,41896,1,1,1, 41897
11,41894,4,4,1, 41898
17,41899,3,3,1, 41902
13,41899,4,6,1, 41905
12,41900,5,5,1, 41905
20,41903,6,6,1, 41909
22,41906,4,4,1, 41910
19,41906,5,5,1, 41911
8,41936,1,1,1, 41937
15,41941,2,2,1, 41943
22,41946,4,4,1, 41950
23,41948,3,3,1, 41951
8,41976,1,1,1, 41977
16,41979,2,2,1, 41981
23,41988,3,3,1, 41991
31,41996,2,4,1, 42000
8,42016,1,1,0, 42017
16,42019,2,2,1, 42021
17,42019,3,3,1, 42022
23,42028,3,3,1, 42031
1,42046,1,1,0, 42047
8,42056,1,1,1, 42057
16,42059,2,2,1, 42061
17,42059,3,3,1, 42062
15,42061,2,2,1, 42063
23,42068,3,3,1, 42071
28,42074,5,7,1, 42081
29,42078,4,8,1, 42086
1,42086,1,1,0, 42087
3,42087,3,3,1, 42090
5,42087,3,7,1, 42094
8,42096,1,1,1, 42097
16,42099,2,2,1, 42101
15,42101,2,2,1, 42103
13,42099,4,6,1, 42105
22,42106,4,4,1, 42110
28,42114,5,7,1, 42121
2,42123,2,2,1, 42125
1,42126,1,1,1, 42127
8,42136,1,1,0, 42137
6,42130,2,8,1, 42138
12,42140,5,5,1, 42145
20,42143,6,6,1, 42149
22,42146,4,4,1, 42150
31,42156,2,4,1, 42160
2,42163,2,2,1, 42165
29,42158,4,8,1, 42166
1,42166,1,1,0, 42167
3,42167,3,3,1, 42170
8,42176,1,1,0, 42177
6,42170,2,8,1, 42178
9,42177,2,2,1, 42179
15,42181,2,2,1, 42183
13,42179,4,6,1, 42185
22,42186,4,4,1, 42190
2,42203,2,2,1, 42205
1,42206,1,1,0, 42207
8,42216,1,1,1, 42217
6,42210,2,8,1, 42218
17,42219,3,3,1, 42222
15,42221,2,2,1, 42223
13,42219,4,6,1, 42225
20,42223,6,6,1, 42229
22,42226,4,4,1, 42230
19,42226,5,5,1, 42231
23,42228,3,3,1, 42231
28,42234,5,7,1, 42241
2,42243,2,2,1, 42245
1,42246,1,1,0, 42247
8,42256,1,1,1, 42257
17,42259,3,3,1, 42262
13,42259,4,6,1, 42265
20,42263,6,6,1, 42269
22,42266,4,4,1, 42270
23,42268,3,3,1, 42271
25,42275,2,2,1, 42277
28,42274,5,7,1, 42281
2,42283,2,2,1, 42285
1,42286,1,1,1, 42287
3,42287,3,3,1, 42290
8,42296,1,1,0, 42297
11,42294,4,4,1, 42298
9,42297,2,2,1, 42299
16,42299,2,2,1, 42301
15,42301,2,2,1, 42303
13,42299,4,6,1, 42305
19,42306,5,5,1, 42311
23,42308,3,3,1, 42311
25,42315,2,2,1, 42317
28,42314,5,7,1, 42321
2,42323,2,2,1, 42325
29,42318,4,8,1, 42326
1,42326,1,1,0, 42327
3,42327,3,3,1, 42330
8,42336,1,1,1, 42337
15,42341,2,2,1, 42343
31,42356,2,4,1, 42360
8,42376,1,1,1, 42377
22,42386,4,4,1, 42390
8,42416,1,1,0, 42417
16,42419,2,2,1, 42421
22,42426,4,4,1, 42430
23,42428,3,3,1, 42431
31,42436,2,4,1, 42440
2,42443,2,2,1, 42445
29,42438,4,8,1, 42446
1,42446,1,1,1, 42447
8,42456,1,1,1, 42457
9,42457,2,2,1, 42459
12,42460,5,5,1, 42465
23,42468,3,3,0, 42471
31,42476,2,4,1, 42480
28,42474,5,7,1, 42481
1,42486,1,1,0, 42487
5,42487,3,7,1, 42494
8,42496,1,1,1, 42497
11,42494,4,4,1, 42498
9,42497,2,2,1, 42499
16,42499,2,2,0, 42501
17,42499,3,3,1, 42502
15,42501,2,2,0, 42503
12,42500,5,5,1, 42505
22,42506,4,4,1, 42510
19,42506,5,5,1, 42511
23,42508,3,3,1, 42511
25,42515,2,2,1, 42517
31,42516,2,4,1, 42520
28,42514,5,7,1, 42521
2,42523,2,2,1, 42525
1,42526,1,1,0, 42527
3,42527,3,3,1, 42530
5,42527,3,7,1, 42534
8,42536,1,1,1, 42537
6,42530,2,8,1, 42538
16,42539,2,2,0, 42541
15,42541,2,2,1, 42543
12,42540,5,5,1, 42545
22,42546,4,4,1, 42550
23,42548,3,3,1, 42551
25,42555,2,2,1, 42557
31,42556,2,4,1, 42560
1,42566,1,1,0, 42567
8,42576,1,1,0, 42577
16,42579,2,2,0, 42581
15,42581,2,2,1, 42583
22,42586,4,4,1, 42590
23,42588,3,3,0, 42591
31,42596,2,4,0, 42600
1,42606,1,1,0, 42607
8,42616,1,1,0, 42617
16,42619,2,2,1, 42621
15,42621,2,2,1, 42623
22,42626,4,4,0, 42630
23,42628,3,3,0, 42631
25,42635,2,2,1, 42637
31,42636,2,4,1, 42640
1,42646,1,1,1, 42647
8,42656,1,1,1, 42657
16,42659,2,2,1, 42661
15,42661,2,2,0, 42663
22,42666,4,4,1, 42670
23,42668,3,3,1, 42671
31,42676,2,4,1, 42680
1,42686,1,1,0, 42687
3,42687,3,3,1, 42690
8,42696,1,1,0, 42697
9,42697,2,2,1, 42699
16,42699,2,2,0, 42701
17,42699,3,3,1, 42702
15,42701,2,2,1, 42703
22,42706,4,4,0, 42710
23,42708,3,3,0, 42711
25,42715,2,2,1, 42717
31,42716,2,4,0, 42720
2,42723,2,2,1, 42725
1,42726,1,1,1, 42727
3,42727,3,3,1, 42730
8,42736,1,1,0, 42737
9,42737,2,2,1, 42739
16,42739,2,2,0, 42741
15,42741,2,2,0, 42743
12,42740,5,5,1, 42745
22,42746,4,4,1, 42750
19,42746,5,5,1, 42751
23,42748,3,3,0, 42751
31,42756,2,4,0, 42760
28,42754,5,7,1, 42761
2,42763,2,2,1, 42765
29,42758,4,8,1, 42766
1,42766,1,1,1, 42767
3,42767,3,3,1, 42770
5,42767,3,7,1, 42774
8,42776,1,1,1, 42777
16,42779,2,2,0, 42781
15,42781,2,2,0, 42783
20,42783,6,6,1, 42789
22,42786,4,4,1, 42790
19,42786,5,5,1, 42791
23,42788,3,3,0, 42791
25,42795,2,2,1, 42797
31,42796,2,4,1, 42800
2,42803,2,2,1, 42805
1,42806,1,1,0, 42807
8,42816,1,1,0, 42817
6,42810,2,8,1, 42818
16,42819,2,2,1, 42821
17,42819,3,3,1, 42822
15,42821,2,2,0, 42823
20,42823,6,6,1, 42829
22,42826,4,4,1, 42830
23,42828,3,3,1, 42831
25,42835,2,2,1, 42837
31,42836,2,4,1, 42840
28,42834,5,7,1, 42841
2,42843,2,2,1, 42845
29,42838,4,8,1, 42846
1,42846,1,1,1, 42847
3,42847,3,3,1, 42850
8,42856,1,1,0, 42857
9,42857,2,2,1, 42859
16,42859,2,2,0, 42861
17,42859,3,3,1, 42862
15,42861,2,2,1, 42863
12,42860,5,5,1, 42865
20,42863,6,6,1, 42869
22,42866,4,4,0, 42870
23,42868,3,3,1, 42871
31,42876,2,4,1, 42880
2,42883,2,2,1, 42885
29,42878,4,8,1, 42886
1,42886,1,1,1, 42887
5,42887,3,7,1, 42894
8,42896,1,1,1, 42897
9,42897,2,2,1, 42899
16,42899,2,2,1, 42901
15,42901,2,2,0, 42903
22,42906,4,4,0, 42910
23,42908,3,3,0, 42911
31,42916,2,4,0, 42920
8,42936,1,1,1, 42937
16,42939,2,2,1, 42941
15,42941,2,2,0, 42943
22,42946,4,4,1, 42950
23,42948,3,3,1, 42951
31,42956,2,4,0, 42960
8,42976,1,1,1, 42977
16,42979,2,2,1, 42981
15,42981,2,2,0, 42983
22,42986,4,4,0, 42990
23,42988,3,3,0, 42991
31,42996,2,4,1, 43000
1,43006,1,1,1, 43007
5,43007,3,7,1, 43014
8,43016,1,1,1, 43017
16,43019,2,2,0, 43021
15,43021,2,2,1, 43023
22,43026,4,4,1, 43030
19,43026,5,5,1, 43031
23,43028,3,3,1, 43031
31,43036,2,4,1, 43040
29,43038,4,8,1, 43046
1,43046,1,1,0, 43047
3,43047,3,3,1, 43050
8,43056,1,1,1, 43057
11,43054,4,4,1, 43058
16,43059,2,2,0, 43061
15,43061,2,2,0, 43063
13,43059,4,6,1, 43065
20,43063,6,6,1, 43069
22,43066,4,4,0, 43070
19,43066,5,5,1, 43071
23,43068,3,3,0, 43071
25,43075,2,2,1, 43077
31,43076,2,4,0, 43080
28,43074,5,7,1, 43081
2,43083,2,2,1, 43085
29,43078,4,8,1, 43086
1,43086,1,1,0, 43087
3,43087,3,3,1, 43090
8,43096,1,1,0, 43097
11,43094,4,4,1, 43098
16,43099,2,2,0, 43101
17,43099,3,3,1, 43102
15,43101,2,2,1, 43103
13,43099,4,6,1, 43105
20,43103,6,6,1, 43109
22,43106,4,4,1, 43110
19,43106,5,5,1, 43111
23,43108,3,3,1, 43111
25,43115,2,2,1, 43117
31,43116,2,4,0, 43120
28,43114,5,7,1, 43121
29,43118,4,8,1, 43126
1,43126,1,1,1, 43127
8,43136,1,1,1, 43137
11,43134,4,4,1, 43138
16,43139,2,2,0, 43141
15,43141,2,2,0, 43143
22,43146,4,4,0, 43150
23,43148,3,3,1, 43151
31,43156,2,4,1, 43160
2,43163,2,2,1, 43165
1,43166,1,1,0, 43167
8,43176,1,1,0, 43177
9,43177,2,2,1, 43179
16,43179,2,2,1, 43181
17,43179,3,3,1, 43182
15,43181,2,2,1, 43183
22,43186,4,4,1, 43190
23,43188,3,3,0, 43191
31,43196,2,4,1, 43200
1,43206,1,1,1, 43207
8,43216,1,1,1, 43217
16,43219,2,2,1, 43221
15,43221,2,2,0, 43223
22,43226,4,4,0, 43230
23,43228,3,3,1, 43231
25,43235,2,2,1, 43237
31,43236,2,4,0, 43240
2,43243,2,2,1, 43245
1,43246,1,1,1, 43247
8,43256,1,1,1, 43257
6,43250,2,8,1, 43258
11,43254,4,4,1, 43258
9,43257,2,2,1, 43259
16,43259,2,2,0, 43261
17,43259,3,3,1, 43262
12,43260,5,5,1, 43265
20,43263,6,6,1, 43269
19,43266,5,5,1, 43271
23,43268,3,3,1, 43271
31,43276,2,4,1, 43280
1,43286,1,1,0, 43287
3,43287,3,3,1, 43290
8,43296,1,1,0, 43297
9,43297,2,2,1, 43299
23,43308,3,3,1, 43311
31,43316,2,4,1, 43320
2,43323,2,2,1, 43325
1,43326,1,1,0, 43327
8,43336,1,1,0, 43337
9,43337,2,2,1, 43339
16,43339,2,2,1, 43341
22,43346,4,4,1, 43350
23,43348,3,3,1, 43351
25,43355,2,2,1, 43357
1,43366,1,1,1, 43367
8,43376,1,1,1, 43377
6,43370,2,8,1, 43378
13,43379,4,6,1, 43385
19,43386,5,5,1, 43391
23,43388,3,3,1, 43391
29,43398,4,8,1, 43406
1,43406,1,1,1, 43407
3,43407,3,3,1, 43410
8,43416,1,1,1, 43417
9,43417,2,2,1, 43419
16,43419,2,2,1, 43421
15,43421,2,2,1, 43423
13,43419,4,6,1, 43425
19,43426,5,5,1, 43431
23,43428,3,3,1, 43431
28,43434,5,7,1, 43441
29,43438,4,8,1, 43446
1,43446,1,1,0, 43447
5,43447,3,7,1, 43454
8,43456,1,1,0, 43457
6,43450,2,8,1, 43458
11,43454,4,4,1, 43458
16,43459,2,2,1, 43461
17,43459,3,3,1, 43462
13,43459,4,6,1, 43465
22,43466,4,4,1, 43470
31,43476,2,4,1, 43480
8,43496,1,1,0, 43497
16,43499,2,2,1, 43501
15,43501,2,2,1, 43503
22,43506,4,4,1, 43510
8,43536,1,1,0, 43537
16,43539,2,2,1, 43541
15,43541,2,2,1, 43543
23,43548,3,3,1, 43551
31,43556,2,4,1, 43560
8,43576,1,1,0, 43577
6,43570,2,8,1, 43578
9,43577,2,2,1, 43579
16,43579,2,2,1, 43581
17,43579,3,3,1, 43582
13,43579,4,6,1, 43585
12,43580,5,5,1, 43585
20,43583,6,6,1, 43589
1,43606,1,1,0, 43607
3,43607,3,3,1, 43610
5,43607,3,7,1, 43614
8,43616,1,1,1, 43617
11,43614,4,4,1, 43618
9,43617,2,2,1, 43619
16,43619,2,2,1, 43621
17,43619,3,3,1, 43622
15,43621,2,2,1, 43623
13,43619,4,6,1, 43625
20,43623,6,6,1, 43629
23,43628,3,3,1, 43631
31,43636,2,4,1, 43640
28,43634,5,7,1, 43641
29,43638,4,8,1, 43646
1,43646,1,1,0, 43647
8,43656,1,1,1, 43657
9,43657,2,2,1, 43659
16,43659,2,2,1, 43661
17,43659,3,3,1, 43662
15,43661,2,2,1, 43663
22,43666,4,4,1, 43670
23,43668,3,3,1, 43671
31,43676,2,4,1, 43680
1,43686,1,1,1, 43687
8,43696,1,1,1, 43697
16,43699,2,2,1, 43701
17,43699,3,3,1, 43702
23,43708,3,3,1, 43711
25,43715,2,2,1, 43717
1,43726,1,1,0, 43727
8,43736,1,1,1, 43737
9,43737,2,2,1, 43739
16,43739,2,2,1, 43741
17,43739,3,3,1, 43742
15,43741,2,2,1, 43743
25,43755,2,2,1, 43757
31,43756,2,4,1, 43760
28,43754,5,7,1, 43761
2,43763,2,2,1, 43765
1,43766,1,1,1, 43767
5,43767,3,7,1, 43774
8,43776,1,1,0, 43777
9,43777,2,2,1, 43779
16,43779,2,2,1, 43781
17,43779,3,3,1, 43782
15,43781,2,2,1, 43783
22,43786,4,4,1, 43790
23,43788,3,3,1, 43791
31,43796,2,4,1, 43800
28,43794,5,7,1, 43801
1,43806,1,1,1, 43807
8,43816,1,1,0, 43817
6,43810,2,8,1, 43818
11,43814,4,4,1, 43818
9,43817,2,2,1, 43819
16,43819,2,2,1, 43821
17,43819,3,3,1, 43822
13,43819,4,6,1, 43825
12,43820,5,5,1, 43825
20,43823,6,6,1, 43829
22,43826,4,4,1, 43830
19,43826,5,5,1, 43831
28,43834,5,7,1, 43841
2,43843,2,2,1, 43845
1,43846,1,1,0, 43847
8,43856,1,1,0, 43857
6,43850,2,8,1, 43858
17,43859,3,3,1, 43862
13,43859,4,6,1, 43865
12,43860,5,5,1, 43865
20,43863,6,6,1, 43869
23,43868,3,3,1, 43871
31,43876,2,4,1, 43880
8,43896,1,1,1, 43897
23,43908,3,3,1, 43911
8,43936,1,1,0, 43937
15,43941,2,2,1, 43943
22,43946,4,4,1, 43950
8,43976,1,1,0, 43977
16,43979,2,2,1, 43981
17,43979,3,3,1, 43982
25,43995,2,2,1, 43997
31,43996,2,4,1, 44000
2,44003,2,2,1, 44005
1,44006,1,1,1, 44007
8,44016,1,1,1, 44017
17,44019,3,3,1, 44022
15,44021,2,2,1, 44023
20,44023,6,6,1, 44029
31,44036,2,4,1, 44040
2,44043,2,2,1, 44045
29,44038,4,8,1, 44046
1,44046,1,1,1, 44047
3,44047,3,3,1, 44050
5,44047,3,7,1, 44054
8,44056,1,1,0, 44057
6,44050,2,8,1, 44058
11,44054,4,4,1, 44058
9,44057,2,2,1, 44059
16,44059,2,2,1, 44061
12,44060,5,5,1, 44065
20,44063,6,6,1, 44069
19,44066,5,5,1, 44071
23,44068,3,3,1, 44071
31,44076,2,4,1, 44080
29,44078,4,8,1, 44086
1,44086,1,1,0, 44087
3,44087,3,3,1, 44090
5,44087,3,7,1, 44094
8,44096,1,1,1, 44097
11,44094,4,4,1, 44098
16,44099,2,2,1, 44101
17,44099,3,3,1, 44102
15,44101,2,2,1, 44103
13,44099,4,6,1, 44105
22,44106,4,4,1, 44110
19,44106,5,5,1, 44111
28,44114,5,7,1, 44121
29,44118,4,8,1, 44126
1,44126,1,1,1, 44127
5,44127,3,7,1, 44134
8,44136,1,1,0, 44137
6,44130,2,8,1, 44138
11,44134,4,4,1, 44138
16,44139,2,2,1, 44141
17,44139,3,3,1, 44142
13,44139,4,6,1, 44145
22,44146,4,4,1, 44150
19,44146,5,5,1, 44151
23,44148,3,3,1, 44151
25,44155,2,2,1, 44157
31,44156,2,4,1, 44160
8,44176,1,1,1, 44177
15,44181,2,2,1, 44183
23,44188,3,3,1, 44191
8,44216,1,1,1, 44217
16,44219,2,2,1, 44221
22,44226,4,4,1, 44230
23,44228,3,3,1, 44231
8,44256,1,1,0, 44257
16,44259,2,2,1, 44261
17,44259,3,3,1, 44262
15,44261,2,2,1, 44263
25,44275,2,2,1, 44277
1,44286,1,1,0, 44287
8,44296,1,1,0, 44297
9,44297,2,2,1, 44299
16,44299,2,2,1, 44301
17,44299,3,3,1, 44302
20,44303,6,6,1, 44309
23,44308,3,3,1, 44311
25,44315,2,2,1, 44317
31,44316,2,4,1, 44320
28,44314,5,7,1, 44321
1,44326,1,1,1, 44327
5,44327,3,7,1, 44334
8,44336,1,1,0, 44337
6,44330,2,8,1, 44338
16,44339,2,2,1, 44341
17,44339,3,3,1, 44342
15,44341,2,2,1, 44343
25,44355,2,2,1, 44357
29,44358,4,8,1, 44366
1,44366,1,1,1, 44367
3,44367,3,3,1, 44370
8,44376,1,1,0, 44377
6,44370,2,8,1, 44378
11,44374,4,4,1, 44378
17,44379,3,3,1, 44382
15,44381,2,2,1, 44383
13,44379,4,6,1, 44385
20,44383,6,6,1, 44389
31,44396,2,4,1, 44400
2,44403,2,2,1, 44405
1,44406,1,1,1, 44407
3,44407,3,3,1, 44410
8,44416,1,1,1, 44417
6,44410,2,8,1, 44418
11,44414,4,4,1, 44418
9,44417,2,2,1, 44419
16,44419,2,2,1, 44421
17,44419,3,3,1, 44422
15,44421,2,2,1, 44423
19,44426,5,5,1, 44431
23,44428,3,3,1, 44431
31,44436,2,4,1, 44440
28,44434,5,7,1, 44441
2,44443,2,2,1, 44445
1,44446,1,1,0, 44447
8,44456,1,1,1, 44457
9,44457,2,2,1, 44459
16,44459,2,2,0, 44461
15,44461,2,2,0, 44463
13,44459,4,6,1, 44465
20,44463,6,6,1, 44469
22,44466,4,4,1, 44470
19,44466,5,5,1, 44471
23,44468,3,3,1, 44471
31,44476,2,4,0, 44480
2,44483,2,2,1, 44485
1,44486,1,1,0, 44487
3,44487,3,3,1, 44490
5,44487,3,7,1, 44494
8,44496,1,1,0, 44497
16,44499,2,2,0, 44501
15,44501,2,2,1, 44503
22,44506,4,4,1, 44510
23,44508,3,3,1, 44511
31,44516,2,4,0, 44520
8,44536,1,1,0, 44537
16,44539,2,2,1, 44541
15,44541,2,2,0, 44543
22,44546,4,4,0, 44550
23,44548,3,3,0, 44551
31,44556,2,4,1, 44560
8,44576,1,1,0, 44577
16,44579,2,2,1, 44581
15,44581,2,2,0, 44583
22,44586,4,4,0, 44590
23,44588,3,3,1, 44591
31,44596,2,4,0, 44600
1,44606,1,1,0, 44607
8,44616,1,1,0, 44617
9,44617,2,2,1, 44619
16,44619,2,2,1, 44621
15,44621,2,2,1, 44623
22,44626,4,4,1, 44630
23,44628,3,3,1, 44631
31,44636,2,4,1, 44640
1,44646,1,1,0, 44647
5,44647,3,7,1, 44654
8,44656,1,1,1, 44657
16,44659,2,2,0, 44661
15,44661,2,2,0, 44663
12,44660,5,5,1, 44665
20,44663,6,6,1, 44669
22,44666,4,4,0, 44670
19,44666,5,5,1, 44671
23,44668,3,3,1, 44671
31,44676,2,4,1, 44680
1,44686,1,1,0, 44687
3,44687,3,3,1, 44690
5,44687,3,7,1, 44694
8,44696,1,1,0, 44697
16,44699,2,2,1, 44701
17,44699,3,3,1, 44702
15,44701,2,2,1, 44703
12,44700,5,5,1, 44705
20,44703,6,6,1, 44709
22,44706,4,4,1, 44710
19,44706,5,5,1, 44711
23,44708,3,3,0, 44711
25,44715,2,2,1, 44717
31,44716,2,4,1, 44720
28,44714,5,7,1, 44721
2,44723,2,2,1, 44725
1,44726,1,1,1, 44727
5,44727,3,7,1, 44734
8,44736,1,1,1, 44737
11,44734,4,4,1, 44738
9,44737,2,2,1, 44739
16,44739,2,2,0, 44741
17,44739,3,3,1, 44742
15,44741,2,2,0, 44743
13,44739,4,6,1, 44745
22,44746,4,4,0, 44750
19,44746,5,5,1, 44751
23,44748,3,3,0, 44751
25,44755,2,2,1, 44757
31,44756,2,4,0, 44760
28,44754,5,7,1, 44761
29,44758,4,8,1, 44766
1,44766,1,1,0, 44767
5,44767,3,7,1, 44774
8,44776,1,1,0, 44777
9,44777,2,2,1, 44779
16,44779,2,2,0, 44781
17,44779,3,3,1, 44782
15,44781,2,2,0, 44783
13,44779,4,6,1, 44785
12,44780,5,5,1, 44785
20,44783,6,6,1, 44789
22,44786,4,4,1, 44790
19,44786,5,5,1, 44791
23,44788,3,3,0, 44791
31,44796,2,4,0, 44800
28,44794,5,7,1, 44801
1,44806,1,1,1, 44807
5,44807,3,7,1, 44814
8,44816,1,1,1, 44817
11,44814,4,4,1, 44818
9,44817,2,2,1, 44819
16,44819,2,2,1, 44821
15,44821,2,2,0, 44823
22,44826,4,4,1, 44830
23,44828,3,3,0, 44831
31,44836,2,4,0, 44840
8,44856,1,1,0, 44857
16,44859,2,2,0, 44861
15,44861,2,2,0, 44863
22,44866,4,4,1, 44870
23,44868,3,3,1, 44871
31,44876,2,4,0, 44880
8,44896,1,1,1, 44897
16,44899,2,2,1, 44901
15,44901,2,2,0, 44903
22,44906,4,4,0, 44910
23,44908,3,3,0, 44911
31,44916,2,4,1, 44920
2,44923,2,2,1, 44925
29,44918,4,8,1, 44926
1,44926,1,1,1, 44927
5,44927,3,7,1, 44934
8,44936,1,1,0, 44937
6,44930,2,8,1, 44938
16,44939,2,2,0, 44941
15,44941,2,2,1, 44943
22,44946,4,4,0, 44950
23,44948,3,3,1, 44951
25,44955,2,2,1, 44957
31,44956,2,4,1, 44960
1,44966,1,1,0, 44967
8,44976,1,1,1, 44977
16,44979,2,2,1, 44981
15,44981,2,2,1, 44983
22,44986,4,4,0, 44990
23,44988,3,3,1, 44991
31,44996,2,4,1, 45000
1,45006,1,1,0, 45007
8,45016,1,1,1, 45017
9,45017,2,2,1, 45019
16,45019,2,2,0, 45021
17,45019,3,3,1, 45022
15,45021,2,2,0, 45023
22,45026,4,4,1, 45030
23,45028,3,3,0, 45031
31,45036,2,4,0, 45040
2,45043,2,2,1, 45045
1,45046,1,1,1, 45047
8,45056,1,1,1, 45057
16,45059,2,2,0, 45061
17,45059,3,3,1, 45062
15,45061,2,2,0, 45063
22,45066,4,4,1, 45070
23,45068,3,3,0, 45071
25,45075,2,2,1, 45077
31,45076,2,4,0, 45080
1,45086,1,1,1, 45087
3,45087,3,3,1, 45090
8,45096,1,1,0, 45097
6,45090,2,8,1, 45098
9,45097,2,2,1, 45099
16,45099,2,2,0, 45101
17,45099,3,3,1, 45102
15,45101,2,2,1, 45103
13,45099,4,6,1, 45105
22,45106,4,4,1, 45110
19,45106,5,5,1, 45111
23,45108,3,3,0, 45111
31,45116,2,4,1, 45120
2,45123,2,2,1, 45125
1,45126,1,1,0, 45127
8,45136,1,1,0, 45137
16,45139,2,2,1, 45141
15,45141,2,2,0, 45143
13,45139,4,6,1, 45145
20,45143,6,6,1, 45149
22,45146,4,4,1, 45150
23,45148,3,3,1, 45151
25,45155,2,2,1, 45157
31,45156,2,4,1, 45160
1,45166,1,1,1, 45167
3,45167,3,3,1, 45170
8,45176,1,1,0, 45177
11,45174,4,4,1, 45178
16,45179,2,2,0, 45181
17,45179,3,3,1, 45182
15,45181,2,2,0, 45183
13,45179,4,6,1, 45185
12,45180,5,5,1, 45185
22,45186,4,4,1, 45190
19,45186,5,5,1, 45191
1,45206,1,1,0, 45207
3,45207,3,3,1, 45210
5,45207,3,7,1, 45214
8,45216,1,1,1, 45217
6,45210,2,8,1, 45218
20,45223,6,6,1, 45229
22,45226,4,4,1, 45230
25,45235,2,2,1, 45237
31,45236,2,4,1, 45240
28,45234,5,7,1, 45241
29,45238,4,8,1, 45246
1,45246,1,1,0, 45247
5,45247,3,7,1, 45254
8,45256,1,1,1, 45257
6,45250,2,8,1, 45258
11,45254,4,4,1, 45258
9,45257,2,2,1, 45259
16,45259,2,2,1, 45261
17,45259,3,3,1, 45262
13,45259,4,6,1, 45265
12,45260,5,5,1, 45265
20,45263,6,6,1, 45269
19,45266,5,5,1, 45271
23,45268,3,3,1, 45271
2,45283,2,2,1, 45285
1,45286,1,1,1, 45287
5,45287,3,7,1, 45294
8,45296,1,1,1, 45297
6,45290,2,8,1, 45298
9,45297,2,2,1, 45299
19,45306,5,5,1, 45311
23,45308,3,3,1, 45311
31,45316,2,4,1, 45320
2,45323,2,2,1, 45325
1,45326,1,1,0, 45327
3,45327,3,3,1, 45330
5,45327,3,7,1, 45334
8,45336,1,1,0, 45337
9,45337,2,2,1, 45339
16,45339,2,2,1, 45341
15,45341,2,2,1, 45343
22,45346,4,4,1, 45350
31,45356,2,4,1, 45360
8,45376,1,1,0, 45377
16,45379,2,2,1, 45381
15,45381,2,2,1, 45383
22,45386,4,4,1, 45390
8,45416,1,1,1, 45417
16,45419,2,2,1, 45421
15,45421,2,2,1, 45423
23,45428,3,3,1, 45431
1,45446,1,1,0, 45447
8,45456,1,1,0, 45457
9,45457,2,2,1, 45459
22,45466,4,4,1, 45470
25,45475,2,2,1, 45477
1,45486,1,1,0, 45487
8,45496,1,1,1, 45497
23,45508,3,3,1, 45511
31,45516,2,4,1, 45520
1,45526,1,1,0, 45527
8,45536,1,1,1, 45537
23,45548,3,3,1, 45551
1,45566,1,1,1, 45567
8,45576,1,1,1, 45577
17,45579,3,3,1, 45582
22,45586,4,4,1, 45590
31,45596,2,4,1, 45600
2,45603,2,2,1, 45605
1,45606,1,1,0, 45607
8,45616,1,1,0, 45617
17,45619,3,3,1, 45622
22,45626,4,4,1, 45630
23,45628,3,3,1, 45631
25,45635,2,2,1, 45637
28,45634,5,7,1, 45641
2,45643,2,2,1, 45645
29,45638,4,8,1, 45646
1,45646,1,1,0, 45647
5,45647,3,7,1, 45654
8,45656,1,1,0, 45657
6,45650,2,8,1, 45658
11,45654,4,4,1, 45658
9,45657,2,2,1, 45659
15,45661,2,2,1, 45663
13,45659,4,6,1, 45665
22,45666,4,4,1, 45670
23,45668,3,3,1, 45671
31,45676,2,4,1, 45680
2,45683,2,2,1, 45685
1,45686,1,1,1, 45687
3,45687,3,3,1, 45690
8,45696,1,1,0, 45697
9,45697,2,2,1, 45699
17,45699,3,3,1, 45702
15,45701,2,2,1, 45703
22,45706,4,4,1, 45710
31,45716,2,4,1, 45720
1,45726,1,1,1, 45727
3,45727,3,3,1, 45730
8,45736,1,1,0, 45737
17,45739,3,3,1, 45742
22,45746,4,4,1, 45750
23,45748,3,3,1, 45751
25,45755,2,2,1, 45757
1,45766,1,1,1, 45767
5,45767,3,7,1, 45774
8,45776,1,1,1, 45777
6,45770,2,8,1, 45778
11,45774,4,4,1, 45778
16,45779,2,2,1, 45781
15,45781,2,2,1, 45783
13,45779,4,6,1, 45785
19,45786,5,5,1, 45791
2,45803,2,2,1, 45805
1,45806,1,1,1, 45807
3,45807,3,3,1, 45810
5,45807,3,7,1, 45814
8,45816,1,1,0, 45817
6,45810,2,8,1, 45818
11,45814,4,4,1, 45818
16,45819,2,2,1, 45821
13,45819,4,6,1, 45825
12,45820,5,5,1, 45825
19,45826,5,5,1, 45831
25,45835,2,2,1, 45837
1,45846,1,1,1, 45847
5,45847,3,7,1, 45854
8,45856,1,1,1, 45857
6,45850,2,8,1, 45858
9,45857,2,2,1, 45859
20,45863,6,6,1, 45869
19,45866,5,5,1, 45871
23,45868,3,3,1, 45871
31,45876,2,4,1, 45880
28,45874,5,7,1, 45881
1,45886,1,1,1, 45887
5,45887,3,7,1, 45894
8,45896,1,1,0, 45897
6,45890,2,8,1, 45898
9,45897,2,2,1, 45899
17,45899,3,3,1, 45902
13,45899,4,6,1, 45905
12,45900,5,5,1, 45905
22,45906,4,4,1, 45910
28,45914,5,7,1, 45921
1,45926,1,1,1, 45927
3,45927,3,3,1, 45930
5,45927,3,7,1, 45934
8,45936,1,1,1, 45937
11,45934,4,4,1, 45938
9,45937,2,2,1, 45939
16,45939,2,2,0, 45941
17,45939,3,3,1, 45942
15,45941,2,2,0, 45943
20,45943,6,6,1, 45949
22,45946,4,4,1, 45950
23,45948,3,3,0, 45951
25,45955,2,2,1, 45957
31,45956,2,4,1, 45960
28,45954,5,7,1, 45961
2,45963,2,2,1, 45965
1,45966,1,1,0, 45967
5,45967,3,7,1, 45974
8,45976,1,1,0, 45977
16,45979,2,2,0, 45981
15,45981,2,2,0, 45983
20,45983,6,6,1, 45989
22,45986,4,4,0, 45990
19,45986,5,5,1, 45991
23,45988,3,3,0, 45991
31,45996,2,4,0, 46000
28,45994,5,7,1, 46001
1,46006,1,1,0, 46007
3,46007,3,3,1, 46010
8,46016,1,1,1, 46017
11,46014,4,4,1, 46018
9,46017,2,2,1, 46019
16,46019,2,2,1, 46021
15,46021,2,2,0, 46023
13,46019,4,6,1, 46025
22,46026,4,4,1, 46030
23,46028,3,3,0, 46031
31,46036,2,4,0, 46040
8,46056,1,1,0, 46057
16,46059,2,2,1, 46061
15,46061,2,2,0, 46063
22,46066,4,4,0, 46070
23,46068,3,3,1, 46071
31,46076,2,4,0, 46080
8,46096,1,1,1, 46097
16,46099,2,2,0, 46101
15,46101,2,2,1, 46103
22,46106,4,4,0, 46110
23,46108,3,3,1, 46111
31,46116,2,4,1, 46120
3,46127,3,3,1, 46130
5,46127,3,7,1, 46134
8,46136,1,1,1, 46137
6,46130,2,8,1, 46138
9,46137,2,2,1, 46139
16,46139,2,2,0, 46141
15,46141,2,2,0, 46143
12,46140,5,5,1, 46145
20,46143,6,6,1, 46149
22,46146,4,4,0, 46150
23,46148,3,3,0, 46151
31,46156,2,4,1, 46160
2,46163,2,2,1, 46165
1,46166,1,1,1, 46167
3,46167,3,3,1, 46170
5,46167,3,7,1, 46174
8,46176,1,1,0, 46177
6,46170,2,8,1, 46178
9,46177,2,2,1, 46179
16,46179,2,2,1, 46181
15,46181,2,2,0, 46183
12,46180,5,5,1, 46185
20,46183,6,6,1, 46189
22,46186,4,4,1, 46190
19,46186,5,5,1, 46191
23,46188,3,3,0, 46191
31,46196,2,4,0, 46200
28,46194,5,7,1, 46201
1,46206,1,1,0, 46207
8,46216,1,1,0, 46217
16,46219,2,2,0, 46221
17,46219,3,3,1, 46222
15,46221,2,2,1, 46223
13,46219,4,6,1, 46225
12,46220,5,5,1, 46225
22,46226,4,4,1, 46230
23,46228,3,3,1, 46231
31,46236,2,4,1, 46240
29,46238,4,8,1, 46246
1,46246,1,1,0, 46247
3,46247,3,3,1, 46250
8,46256,1,1,0, 46257
16,46259,2,2,1, 46261
17,46259,3,3,1, 46262
15,46261,2,2,0, 46263
12,46260,5,5,1, 46265
22,46266,4,4,1, 46270
23,46268,3,3,0, 46271
31,46276,2,4,1, 46280
28,46274,5,7,1, 46281
2,46283,2,2,1, 46285
29,46278,4,8,1, 46286
1,46286,1,1,1, 46287
3,46287,3,3,1, 46290
8,46296,1,1,0, 46297
11,46294,4,4,1, 46298
9,46297,2,2,1, 46299
16,46299,2,2,1, 46301
17,46299,3,3,1, 46302
15,46301,2,2,0, 46303
22,46306,4,4,1, 46310
23,46308,3,3,1, 46311
31,46316,2,4,1, 46320
8,46336,1,1,0, 46337
16,46339,2,2,1, 46341
15,46341,2,2,1, 46343
22,46346,4,4,0, 46350
23,46348,3,3,0, 46351
31,46356,2,4,1, 46360
8,46376,1,1,0, 46377
16,46379,2,2,0, 46381
15,46381,2,2,0, 46383
22,46386,4,4,1, 46390
23,46388,3,3,1, 46391
31,46396,2,4,1, 46400
1,46406,1,1,1, 46407
8,46416,1,1,1, 46417
16,46419,2,2,1, 46421
15,46421,2,2,1, 46423
22,46426,4,4,0, 46430
23,46428,3,3,1, 46431
25,46435,2,2,1, 46437
31,46436,2,4,0, 46440
28,46434,5,7,1, 46441
2,46443,2,2,1, 46445
1,46446,1,1,0, 46447
3,46447,3,3,1, 46450
5,46447,3,7,1, 46454
8,46456,1,1,1, 46457
6,46450,2,8,1, 46458
11,46454,4,4,1, 46458
9,46457,2,2,1, 46459
16,46459,2,2,1, 46461
15,46461,2,2,0, 46463
20,46463,6,6,1, 46469
22,46466,4,4,0, 46470
19,46466,5,5,1, 46471
23,46468,3,3,0, 46471
31,46476,2,4,1, 46480
1,46486,1,1,1, 46487
3,46487,3,3,1, 46490
8,46496,1,1,0, 46497
6,46490,2,8,1, 46498
9,46497,2,2,1, 46499
16,46499,2,2,0, 46501
17,46499,3,3,1, 46502
15,46501,2,2,1, 46503
12,46500,5,5,1, 46505
20,46503,6,6,1, 46509
22,46506,4,4,1, 46510
23,46508,3,3,1, 46511
25,46515,2,2,1, 46517
31,46516,2,4,0, 46520
29,46518,4,8,1, 46526
1,46526,1,1,1, 46527
3,46527,3,3,1, 46530
8,46536,1,1,1, 46537
6,46530,2,8,1, 46538
9,46537,2,2,1, 46539
16,46539,2,2,1, 46541
15,46541,2,2,1, 46543
13,46539,4,6,1, 46545
20,46543,6,6,1, 46549
22,46546,4,4,0, 46550
19,46546,5,5,1, 46551
23,46548,3,3,0, 46551
31,46556,2,4,1, 46560
2,46563,2,2,1, 46565
29,46558,4,8,1, 46566
1,46566,1,1,0, 46567
8,46576,1,1,1, 46577
16,46579,2,2,1, 46581
15,46581,2,2,0, 46583
22,46586,4,4,1, 46590
23,46588,3,3,1, 46591
31,46596,2,4,1, 46600
1,46606,1,1,1, 46607
8,46616,1,1,0, 46617
9,46617,2,2,1, 46619
16,46619,2,2,1, 46621
17,46619,3,3,1, 46622
15,46621,2,2,1, 46623
22,46626,4,4,0, 46630
23,46628,3,3,0, 46631
25,46635,2,2,1, 46637
31,46636,2,4,0, 46640
1,46646,1,1,0, 46647
8,46656,1,1,0, 46657
16,46659,2,2,1, 46661
17,46659,3,3,1, 46662
15,46661,2,2,1, 46663
22,46666,4,4,0, 46670
23,46668,3,3,0, 46671
31,46676,2,4,0, 46680
1,46686,1,1,0, 46687
8,46696,1,1,0, 46697
6,46690,2,8,1, 46698
11,46694,4,4,1, 46698
17,46699,3,3,1, 46702
15,46701,2,2,1, 46703
12,46700,5,5,1, 46705
20,46703,6,6,1, 46709
25,46715,2,2,1, 46717
2,46723,2,2,1, 46725
29,46718,4,8,1, 46726
1,46726,1,1,1, 46727
8,46736,1,1,0, 46737
6,46730,2,8,1, 46738
11,46734,4,4,1, 46738
9,46737,2,2,1, 46739
16,46739,2,2,1, 46741
13,46739,4,6,1, 46745
12,46740,5,5,1, 46745
20,46743,6,6,1, 46749
19,46746,5,5,1, 46751
23,46748,3,3,1, 46751
8,46776,1,1,0, 46777
16,46779,2,2,1, 46781
15,46781,2,2,1, 46783
22,46786,4,4,1, 46790
23,46788,3,3,1, 46791
31,46796,2,4,1, 46800
8,46816,1,1,1, 46817
16,46819,2,2,1, 46821
8,46856,1,1,0, 46857
20,46863,6,6,1, 46869
25,46875,2,2,1, 46877
2,46883,2,2,1, 46885
1,46886,1,1,1, 46887
5,46887,3,7,1, 46894
8,46896,1,1,0, 46897
15,46901,2,2,1, 46903
12,46900,5,5,1, 46905
19,46906,5,5,1, 46911
28,46914,5,7,1, 46921
1,46926,1,1,0, 46927
3,46927,3,3,1, 46930
5,46927,3,7,1, 46934
8,46936,1,1,0, 46937
6,46930,2,8,1, 46938
11,46934,4,4,1, 46938
9,46937,2,2,1, 46939
15,46941,2,2,1, 46943
13,46939,4,6,1, 46945
12,46940,5,5,1, 46945
22,46946,4,4,1, 46950
19,46946,5,5,1, 46951
23,46948,3,3,1, 46951
25,46955,2,2,1, 46957
28,46954,5,7,1, 46961
1,46966,1,1,0, 46967
5,46967,3,7,1, 46974
8,46976,1,1,1, 46977
16,46979,2,2,1, 46981
15,46981,2,2,1, 46983
13,46979,4,6,1, 46985
12,46980,5,5,1, 46985
22,46986,4,4,1, 46990
19,46986,5,5,1, 46991
25,46995,2,2,1, 46997
28,46994,5,7,1, 47001
2,47003,2,2,1, 47005
1,47006,1,1,1, 47007
5,47007,3,7,1, 47014
8,47016,1,1,0, 47017
11,47014,4,4,1, 47018
9,47017,2,2,1, 47019
12,47020,5,5,1, 47025
31,47036,2,4,1, 47040
8,47056,1,1,1, 47057
23,47068,3,3,1, 47071
31,47076,2,4,1, 47080
8,47096,1,1,0, 47097
16,47099,2,2,1, 47101
15,47101,2,2,1, 47103
22,47106,4,4,1, 47110
31,47116,2,4,1, 47120
3,47127,3,3,1, 47130
5,47127,3,7,1, 47134
8,47136,1,1,1, 47137
9,47137,2,2,1, 47139
15,47141,2,2,1, 47143
13,47139,4,6,1, 47145
12,47140,5,5,1, 47145
22,47146,4,4,1, 47150
25,47155,2,2,1, 47157
29,47158,4,8,1, 47166
1,47166,1,1,1, 47167
5,47167,3,7,1, 47174
8,47176,1,1,0, 47177
17,47179,3,3,1, 47182
12,47180,5,5,1, 47185
22,47186,4,4,1, 47190
23,47188,3,3,1, 47191
31,47196,2,4,1, 47200
2,47203,2,2,1, 47205
1,47206,1,1,0, 47207
8,47216,1,1,0, 47217
6,47210,2,8,1, 47218
11,47214,4,4,1, 47218
16,47219,2,2,1, 47221
15,47221,2,2,1, 47223
13,47219,4,6,1, 47225
12,47220,5,5,1, 47225
22,47226,4,4,1, 47230
19,47226,5,5,1, 47231
31,47236,2,4,1, 47240
28,47234,5,7,1, 47241
2,47243,2,2,1, 47245
29,47238,4,8,1, 47246
1,47246,1,1,0, 47247
5,47247,3,7,1, 47254
8,47256,1,1,1, 47257
17,47259,3,3,1, 47262
15,47261,2,2,1, 47263
13,47259,4,6,1, 47265
22,47266,4,4,1, 47270
2,47283,2,2,1, 47285
29,47278,4,8,1, 47286
1,47286,1,1,0, 47287
3,47287,3,3,1, 47290
8,47296,1,1,1, 47297
16,47299,2,2,1, 47301
17,47299,3,3,1, 47302
22,47306,4,4,1, 47310
23,47308,3,3,1, 47311
1,47326,1,1,1, 47327
8,47336,1,1,0, 47337
17,47339,3,3,1, 47342
22,47346,4,4,1, 47350
23,47348,3,3,1, 47351
25,47355,2,2,1, 47357
1,47366,1,1,1, 47367
8,47376,1,1,1, 47377
16,47379,2,2,1, 47381
23,47388,3,3,1, 47391
25,47395,2,2,1, 47397
31,47396,2,4,1, 47400
29,47398,4,8,1, 47406
1,47406,1,1,1, 47407
8,47416,1,1,0, 47417
6,47410,2,8,1, 47418
11,47414,4,4,1, 47418
9,47417,2,2,1, 47419
16,47419,2,2,1, 47421
13,47419,4,6,1, 47425
23,47428,3,3,1, 47431
25,47435,2,2,1, 47437
1,47446,1,1,0, 47447
8,47456,1,1,1, 47457
9,47457,2,2,1, 47459
16,47459,2,2,1, 47461
15,47461,2,2,1, 47463
22,47466,4,4,1, 47470
23,47468,3,3,1, 47471
31,47476,2,4,1, 47480
1,47486,1,1,1, 47487
8,47496,1,1,1, 47497
9,47497,2,2,1, 47499
16,47499,2,2,1, 47501
15,47501,2,2,1, 47503
22,47506,4,4,1, 47510
31,47516,2,4,1, 47520
1,47526,1,1,0, 47527
3,47527,3,3,1, 47530
5,47527,3,7,1, 47534
8,47536,1,1,0, 47537
16,47539,2,2,1, 47541
17,47539,3,3,1, 47542
20,47543,6,6,1, 47549
22,47546,4,4,1, 47550
19,47546,5,5,1, 47551
25,47555,2,2,1, 47557
31,47556,2,4,1, 47560
29,47558,4,8,1, 47566
1,47566,1,1,1, 47567
8,47576,1,1,0, 47577
9,47577,2,2,1, 47579
16,47579,2,2,1, 47581
13,47579,4,6,1, 47585
22,47586,4,4,1, 47590
23,47588,3,3,1, 47591
25,47595,2,2,1, 47597
2,47603,2,2,1, 47605
1,47606,1,1,0, 47607
3,47607,3,3,1, 47610
5,47607,3,7,1, 47614
8,47616,1,1,1, 47617
16,47619,2,2,1, 47621
17,47619,3,3,1, 47622
12,47620,5,5,1, 47625
22,47626,4,4,1, 47630
19,47626,5,5,1, 47631
31,47636,2,4,1, 47640
1,47646,1,1,0, 47647
3,47647,3,3,1, 47650
5,47647,3,7,1, 47654
8,47656,1,1,0, 47657
17,47659,3,3,1, 47662
12,47660,5,5,1, 47665
22,47666,4,4,1, 47670
23,47668,3,3,1, 47671
31,47676,2,4,1, 47680
2,47683,2,2,1, 47685
29,47678,4,8,1, 47686
1,47686,1,1,0, 47687
5,47687,3,7,1, 47694
8,47696,1,1,1, 47697
6,47690,2,8,1, 47698
11,47694,4,4,1, 47698
9,47697,2,2,1, 47699
15,47701,2,2,1, 47703
20,47703,6,6,1, 47709
22,47706,4,4,1, 47710
31,47716,2,4,1, 47720
2,47723,2,2,1, 47725
1,47726,1,1,0, 47727
3,47727,3,3,1, 47730
8,47736,1,1,1, 47737
6,47730,2,8,1, 47738
11,47734,4,4,1, 47738
15,47741,2,2,1, 47743
12,47740,5,5,1, 47745
22,47746,4,4,1, 47750
23,47748,3,3,1, 47751
1,47766,1,1,1, 47767
8,47776,1,1,1, 47777
6,47770,2,8,1, 47778
9,47777,2,2,1, 47779
16,47779,2,2,1, 47781
17,47779,3,3,1, 47782
15,47781,2,2,1, 47783
12,47780,5,5,1, 47785
20,47783,6,6,1, 47789
22,47786,4,4,1, 47790
8,47816,1,1,1, 47817
16,47819,2,2,0, 47821
15,47821,2,2,1, 47823
22,47826,4,4,1, 47830
23,47828,3,3,0, 47831
31,47836,2,4,1, 47840
8,47856,1,1,0, 47857
16,47859,2,2,0, 47861
15,47861,2,2,0, 47863
22,47866,4,4,0, 47870
23,47868,3,3,1, 47871
31,47876,2,4,1, 47880
8,47896,1,1,1, 47897
6,47890,2,8,1, 47898
11,47894,4,4,1, 47898
9,47897,2,2,1, 47899
16,47899,2,2,0, 47901
17,47899,3,3,1, 47902
15,47901,2,2,0, 47903
22,47906,4,4,0, 47910
23,47908,3,3,0, 47911
31,47916,2,4,1, 47920
29,47918,4,8,1, 47926
1,47926,1,1,1, 47927
8,47936,1,1,1, 47937
11,47934,4,4,1, 47938
9,47937,2,2,1, 47939
16,47939,2,2,0, 47941
17,47939,3,3,1, 47942
15,47941,2,2,0, 47943
12,47940,5,5,1, 47945
20,47943,6,6,1, 47949
22,47946,4,4,1, 47950
23,47948,3,3,0, 47951
25,47955,2,2,1, 47957
31,47956,2,4,0, 47960
29,47958,4,8,1, 47966
1,47966,1,1,0, 47967
3,47967,3,3,1, 47970
8,47976,1,1,0, 47977
6,47970,2,8,1, 47978
9,47977,2,2,1, 47979
16,47979,2,2,0, 47981
17,47979,3,3,1, 47982
15,47981,2,2,1, 47983
22,47986,4,4,1, 47990
23,47988,3,3,0, 47991
31,47996,2,4,1, 48000
29,47998,4,8,1, 48006
1,48006,1,1,0, 48007
3,48007,3,3,1, 48010
8,48016,1,1,0, 48017
16,48019,2,2,0, 48021
17,48019,3,3,1, 48022
15,48021,2,2,0, 48023
13,48019,4,6,1, 48025
12,48020,5,5,1, 48025
22,48026,4,4,1, 48030
23,48028,3,3,0, 48031
31,48036,2,4,1, 48040
28,48034,5,7,1, 48041
2,48043,2,2,1, 48045
29,48038,4,8,1, 48046
1,48046,1,1,0, 48047
3,48047,3,3,1, 48050
8,48056,1,1,1, 48057
6,48050,2,8,1, 48058
16,48059,2,2,1, 48061
17,48059,3,3,1, 48062
15,48061,2,2,0, 48063
13,48059,4,6,1, 48065
12,48060,5,5,1, 48065
20,48063,6,6,1, 48069
22,48066,4,4,0, 48070
23,48068,3,3,0, 48071
25,48075,2,2,1, 48077
31,48076,2,4,0, 48080
28,48074,5,7,1, 48081
2,48083,2,2,1, 48085
8,48096,1,1,0, 48097
16,48099,2,2,1, 48101
15,48101,2,2,1, 48103
22,48106,4,4,1, 48110
23,48108,3,3,0, 48111
31,48116,2,4,1, 48120
8,48136,1,1,0, 48137
16,48139,2,2,1, 48141
15,48141,2,2,0, 48143
22,48146,4,4,0, 48150
23,48148,3,3,1, 48151
31,48156,2,4,1, 48160
8,48176,1,1,0, 48177
16,48179,2,2,1, 48181
15,48181,2,2,1, 48183
22,48186,4,4,1, 48190
23,48188,3,3,0, 48191
25,48195,2,2,1, 48197
31,48196,2,4,1, 48200
1,48206,1,1,0, 48207
8,48216,1,1,1, 48217
9,48217,2,2,1, 48219
16,48219,2,2,0, 48221
15,48221,2,2,1, 48223
22,48226,4,4,1, 48230
23,48228,3,3,0, 48231
25,48235,2,2,1, 48237
31,48236,2,4,1, 48240
1,48246,1,1,0, 48247
8,48256,1,1,0, 48257
9,48257,2,2,1, 48259
16,48259,2,2,1, 48261
17,48259,3,3,1, 48262
15,48261,2,2,1, 48263
22,48266,4,4,1, 48270
23,48268,3,3,0, 48271
25,48275,2,2,1, 48277
31,48276,2,4,0, 48280
1,48286,1,1,0, 48287
3,48287,3,3,1, 48290
8,48296,1,1,0, 48297
6,48290,2,8,1, 48298
11,48294,4,4,1, 48298
9,48297,2,2,1, 48299
16,48299,2,2,1, 48301
17,48299,3,3,1, 48302
15,48301,2,2,0, 48303
13,48299,4,6,1, 48305
20,48303,6,6,1, 48309
22,48306,4,4,1, 48310
23,48308,3,3,0, 48311
31,48316,2,4,0, 48320
28,48314,5,7,1, 48321
29,48318,4,8,1, 48326
1,48326,1,1,1, 48327
3,48327,3,3,1, 48330
5,48327,3,7,1, 48334
8,48336,1,1,0, 48337
6,48330,2,8,1, 48338
11,48334,4,4,1, 48338
9,48337,2,2,1, 48339
16,48339,2,2,0, 48341
15,48341,2,2,0, 48343
13,48339,4,6,1, 48345
22,48346,4,4,0, 48350
23,48348,3,3,0, 48351
31,48356,2,4,0, 48360
1,48366,1,1,0, 48367
3,48367,3,3,1, 48370
5,48367,3,7,1, 48374
8,48376,1,1,1, 48377
16,48379,2,2,0, 48381
15,48381,2,2,0, 48383
22,48386,4,4,1, 48390
23,48388,3,3,0, 48391
31,48396,2,4,1, 48400
1,48406,1,1,1, 48407
8,48416,1,1,0, 48417
11,48414,4,4,1, 48418
9,48417,2,2,1, 48419
16,48419,2,2,1, 48421
15,48421,2,2,0, 48423
12,48420,5,5,1, 48425
22,48426,4,4,0, 48430
19,48426,5,5,1, 48431
23,48428,3,3,1, 48431
31,48436,2,4,0, 48440
28,48434,5,7,1, 48441
29,48438,4,8,1, 48446
1,48446,1,1,1, 48447
3,48447,3,3,1, 48450
5,48447,3,7,1, 48454
8,48456,1,1,1, 48457
6,48450,2,8,1, 48458
9,48457,2,2,1, 48459
16,48459,2,2,0, 48461
15,48461,2,2,1, 48463
13,48459,4,6,1, 48465
20,48463,6,6,1, 48469
22,48466,4,4,0, 48470
19,48466,5,5,1, 48471
23,48468,3,3,0, 48471
31,48476,2,4,1, 48480
2,48483,2,2,1, 48485
1,48486,1,1,0, 48487
5,48487,3,7,1, 48494
8,48496,1,1,1, 48497
6,48490,2,8,1, 48498
11,48494,4,4,1, 48498
16,48499,2,2,1, 48501
15,48501,2,2,1, 48503
13,48499,4,6,1, 48505
20,48503,6,6,1, 48509
22,48506,4,4,0, 48510
19,48506,5,5,1, 48511
23,48508,3,3,1, 48511
31,48516,2,4,0, 48520
8,48536,1,1,0, 48537
16,48539,2,2,1, 48541
15,48541,2,2,1, 48543
22,48546,4,4,0, 48550
23,48548,3,3,1, 48551
8,48576,1,1,0, 48577
22,48586,4,4,1, 48590
23,48588,3,3,1, 48591
31,48596,2,4,1, 48600
8,48616,1,1,1, 48617
9,48617,2,2,1, 48619
16,48619,2,2,1, 48621
17,48619,3,3,1, 48622
22,48626,4,4,1, 48630
23,48628,3,3,1, 48631
2,48643,2,2,1, 48645
1,48646,1,1,0, 48647
3,48647,3,3,1, 48650
5,48647,3,7,1, 48654
8,48656,1,1,0, 48657
9,48657,2,2,1, 48659
15,48661,2,2,1, 48663
12,48660,5,5,1, 48665
25,48675,2,2,1, 48677
31,48676,2,4,1, 48680
2,48683,2,2,1, 48685
1,48686,1,1,0, 48687
5,48687,3,7,1, 48694
8,48696,1,1,1, 48697
11,48694,4,4,1, 48698
9,48697,2,2,1, 48699
16,48699,2,2,1, 48701
17,48699,3,3,1, 48702
15,48701,2,2,1, 48703
22,48706,4,4,1, 48710
25,48715,2,2,1, 48717
2,48723,2,2,1, 48725
1,48726,1,1,0, 48727
8,48736,1,1,1, 48737
6,48730,2,8,1, 48738
11,48734,4,4,1, 48738
9,48737,2,2,1, 48739
17,48739,3,3,1, 48742
15,48741,2,2,1, 48743
13,48739,4,6,1, 48745
20,48743,6,6,1, 48749
19,48746,5,5,1, 48751
23,48748,3,3,1, 48751
2,48763,2,2,1, 48765
1,48766,1,1,1, 48767
3,48767,3,3,1, 48770
8,48776,1,1,0, 48777
16,48779,2,2,1, 48781
17,48779,3,3,1, 48782
15,48781,2,2,1, 48783
12,48780,5,5,1, 48785
19,48786,5,5,1, 48791
23,48788,3,3,1, 48791
2,48803,2,2,1, 48805
1,48806,1,1,0, 48807
5,48807,3,7,1, 48814
8,48816,1,1,1, 48817
6,48810,2,8,1, 48818
9,48817,2,2,1, 48819
15,48821,2,2,1, 48823
13,48819,4,6,1, 48825
12,48820,5,5,1, 48825
22,48826,4,4,1, 48830
31,48836,2,4,1, 48840
1,48846,1,1,0, 48847
3,48847,3,3,1, 48850
8,48856,1,1,0, 48857
15,48861,2,2,1, 48863
22,48866,4,4,1, 48870
31,48876,2,4,1, 48880
8,48896,1,1,1, 48897
23,48908,3,3,1, 48911
8,48936,1,1,1, 48937
16,48939,2,2,1, 48941
25,48955,2,2,1, 48957
31,48956,2,4,1, 48960
28,48954,5,7,1, 48961
2,48963,2,2,1, 48965
1,48966,1,1,0, 48967
8,48976,1,1,0, 48977
16,48979,2,2,1, 48981
15,48981,2,2,1, 48983
12,48980,5,5,1, 48985
20,48983,6,6,1, 48989
23,48988,3,3,1, 48991
31,48996,2,4,1, 49000
28,48994,5,7,1, 49001
2,49003,2,2,1, 49005
1,49006,1,1,0, 49007
5,49007,3,7,1, 49014
8,49016,1,1,1, 49017
9,49017,2,2,1, 49019
17,49019,3,3,1, 49022
13,49019,4,6,1, 49025
12,49020,5,5,1, 49025
23,49028,3,3,1, 49031
31,49036,2,4,1, 49040
28,49034,5,7,1, 49041
2,49043,2,2,1, 49045
1,49046,1,1,0, 49047
8,49056,1,1,1, 49057
6,49050,2,8,1, 49058
16,49059,2,2,1, 49061
15,49061,2,2,1, 49063
12,49060,5,5,1, 49065
20,49063,6,6,1, 49069
22,49066,4,4,1, 49070
19,49066,5,5,1, 49071
23,49068,3,3,1, 49071
31,49076,2,4,1, 49080
29,49078,4,8,1, 49086
1,49086,1,1,1, 49087
3,49087,3,3,1, 49090
5,49087,3,7,1, 49094
8,49096,1,1,0, 49097
16,49099,2,2,1, 49101
15,49101,2,2,1, 49103
25,49115,2,2,1, 49117
1,49126,1,1,0, 49127
8,49136,1,1,1, 49137
9,49137,2,2,1, 49139
16,49139,2,2,1, 49141
17,49139,3,3,1, 49142
15,49141,2,2,1, 49143
1,49166,1,1,0, 49167
8,49176,1,1,1, 49177
9,49177,2,2,1, 49179
17,49179,3,3,1, 49182
15,49181,2,2,1, 49183
23,49188,3,3,1, 49191
31,49196,2,4,1, 49200
1,49206,1,1,0, 49207
3,49207,3,3,1, 49210
8,49216,1,1,1, 49217
16,49219,2,2,1, 49221
13,49219,4,6,1, 49225
12,49220,5,5,1, 49225
20,49223,6,6,1, 49229
31,49236,2,4,1, 49240
28,49234,5,7,1, 49241
2,49243,2,2,1, 49245
29,49238,4,8,1, 49246
1,49246,1,1,1, 49247
3,49247,3,3,1, 49250
5,49247,3,7,1, 49254
8,49256,1,1,1, 49257
16,49259,2,2,1, 49261
13,49259,4,6,1, 49265
22,49266,4,4,1, 49270
23,49268,3,3,1, 49271
31,49276,2,4,1, 49280
2,49283,2,2,1, 49285
1,49286,1,1,0, 49287
3,49287,3,3,1, 49290
8,49296,1,1,1, 49297
11,49294,4,4,1, 49298
9,49297,2,2,1, 49299
20,49303,6,6,1, 49309
22,49306,4,4,1, 49310
23,49308,3,3,1, 49311
25,49315,2,2,1, 49317
31,49316,2,4,1, 49320
29,49318,4,8,1, 49326
1,49326,1,1,1, 49327
8,49336,1,1,1, 49337
6,49330,2,8,1, 49338
9,49337,2,2,1, 49339
16,49339,2,2,1, 49341
15,49341,2,2,1, 49343
13,49339,4,6,1, 49345
20,49343,6,6,1, 49349
19,49346,5,5,1, 49351
23,49348,3,3,1, 49351
31,49356,2,4,1, 49360
2,49363,2,2,1, 49365
29,49358,4,8,1, 49366
1,49366,1,1,1, 49367
8,49376,1,1,0, 49377
6,49370,2,8,1, 49378
9,49377,2,2,1, 49379
22,49386,4,4,1, 49390
23,49388,3,3,1, 49391
8,49416,1,1,0, 49417
16,49419,2,2,1, 49421
23,49428,3,3,1, 49431
8,49456,1,1,0, 49457
16,49459,2,2,1, 49461
15,49461,2,2,1, 49463
23,49468,3,3,1, 49471
31,49476,2,4,1, 49480
1,49486,1,1,1, 49487
5,49487,3,7,1, 49494
8,49496,1,1,0, 49497
11,49494,4,4,1, 49498
9,49497,2,2,1, 49499
16,49499,2,2,1, 49501
15,49501,2,2,1, 49503
20,49503,6,6,1, 49509
23,49508,3,3,1, 49511
31,49516,2,4,1, 49520
28,49514,5,7,1, 49521
2,49523,2,2,1, 49525
29,49518,4,8,1, 49526
1,49526,1,1,1, 49527
5,49527,3,7,1, 49534
8,49536,1,1,0, 49537
11,49534,4,4,1, 49538
9,49537,2,2,1, 49539
12,49540,5,5,1, 49545
20,49543,6,6,1, 49549
22,49546,4,4,1, 49550
31,49556,2,4,1, 49560
1,49566,1,1,1, 49567
8,49576,1,1,0, 49577
16,49579,2,2,1, 49581
17,49579,3,3,1, 49582
15,49581,2,2,1, 49583
31,49596,2,4,1, 49600
2,49603,2,2,1, 49605
1,49606,1,1,1, 49607
8,49616,1,1,1, 49617
9,49617,2,2,1, 49619
16,49619,2,2,1, 49621
1,49646,1,1,0, 49647
8,49656,1,1,0, 49657
17,49659,3,3,1, 49662
25,49675,2,2,1, 49677
31,49676,2,4,1, 49680
28,49674,5,7,1, 49681
1,49686,1,1,1, 49687
8,49696,1,1,0, 49697
11,49694,4,4,1, 49698
16,49699,2,2,1, 49701
17,49699,3,3,1, 49702
15,49701,2,2,1, 49703
13,49699,4,6,1, 49705
22,49706,4,4,1, 49710
23,49708,3,3,1, 49711
29,49718,4,8,1, 49726
1,49726,1,1,0, 49727
3,49727,3,3,1, 49730
8,49736,1,1,0, 49737
6,49730,2,8,1, 49738
9,49737,2,2,1, 49739
16,49739,2,2,1, 49741
17,49739,3,3,1, 49742
20,49743,6,6,1, 49749
19,49746,5,5,1, 49751
31,49756,2,4,1, 49760
28,49754,5,7,1, 49761
2,49763,2,2,1, 49765
1,49766,1,1,1, 49767
5,49767,3,7,1, 49774
8,49776,1,1,0, 49777
6,49770,2,8,1, 49778
11,49774,4,4,1, 49778
9,49777,2,2,1, 49779
16,49779,2,2,0, 49781
17,49779,3,3,1, 49782
15,49781,2,2,0, 49783
22,49786,4,4,1, 49790
23,49788,3,3,1, 49791
25,49795,2,2,1, 49797
31,49796,2,4,1, 49800
2,49803,2,2,1, 49805
29,49798,4,8,1, 49806
1,49806,1,1,0, 49807
3,49807,3,3,1, 49810
5,49807,3,7,1, 49814
8,49816,1,1,0, 49817
6,49810,2,8,1, 49818
16,49819,2,2,0, 49821
15,49821,2,2,1, 49823
12,49820,5,5,1, 49825
20,49823,6,6,1, 49829
22,49826,4,4,0, 49830
23,49828,3,3,0, 49831
25,49835,2,2,1, 49837
31,49836,2,4,1, 49840
28,49834,5,7,1, 49841
8,49856,1,1,0, 49857
16,49859,2,2,1, 49861
15,49861,2,2,0, 49863
22,49866,4,4,0, 49870
23,49868,3,3,1, 49871
31,49876,2,4,0, 49880
8,49896,1,1,0, 49897
16,49899,2,2,1, 49901
15,49901,2,2,1, 49903
22,49906,4,4,1, 49910
23,49908,3,3,0, 49911
31,49916,2,4,0, 49920
8,49936,1,1,1, 49937
16,49939,2,2,0, 49941
15,49941,2,2,0, 49943
22,49946,4,4,0, 49950
23,49948,3,3,0, 49951
25,49955,2,2,1, 49957
31,49956,2,4,1, 49960
2,49963,2,2,1, 49965
29,49958,4,8,1, 49966
1,49966,1,1,1, 49967
3,49967,3,3,1, 49970
8,49976,1,1,1, 49977
6,49970,2,8,1, 49978
9,49977,2,2,1, 49979
16,49979,2,2,1, 49981
17,49979,3,3,1, 49982
15,49981,2,2,0, 49983
12,49980,5,5,1, 49985
20,49983,6,6,1, 49989
22,49986,4,4,1, 49990
19,49986,5,5,1, 49991
23,49988,3,3,1, 49991
25,49995,2,2,1, 49997
31,49996,2,4,0, 50000
1,50006,1,1,1, 50007
5,50007,3,7,1, 50014
8,50016,1,1,1, 50017
6,50010,2,8,1, 50018
11,50014,4,4,1, 50018
9,50017,2,2,1, 50019
16,50019,2,2,1, 50021
15,50021,2,2,0, 50023
20,50023,6,6,1, 50029
22,50026,4,4,0, 50030
23,50028,3,3,1, 50031
31,50036,2,4,0, 50040
28,50034,5,7,1, 50041
1,50046,1,1,0, 50047
3,50047,3,3,1, 50050
8,50056,1,1,0, 50057
16,50059,2,2,0, 50061
15,50061,2,2,0, 50063
22,50066,4,4,0, 50070
23,50068,3,3,0, 50071
25,50075,2,2,1, 50077
31,50076,2,4,1, 50080
1,50086,1,1,1, 50087
8,50096,1,1,0, 50097
16,50099,2,2,0, 50101
15,50101,2,2,1, 50103
22,50106,4,4,1, 50110
23,50108,3,3,0, 50111
25,50115,2,2,1, 50117
31,50116,2,4,0, 50120
1,50126,1,1,0, 50127
8,50136,1,1,1, 50137
9,50137,2,2,1, 50139
16,50139,2,2,0, 50141
17,50139,3,3,1, 50142
15,50141,2,2,1, 50143
22,50146,4,4,1, 50150
23,50148,3,3,1, 50151
25,50155,2,2,1, 50157
31,50156,2,4,0, 50160
2,50163,2,2,1, 50165
1,50166,1,1,0, 50167
3,50167,3,3,1, 50170
8,50176,1,1,0, 50177
9,50177,2,2,1, 50179
16,50179,2,2,1, 50181
17,50179,3,3,1, 50182
15,50181,2,2,0, 50183
22,50186,4,4,0, 50190
23,50188,3,3,1, 50191
25,50195,2,2,1, 50197
31,50196,2,4,0, 50200
1,50206,1,1,0, 50207
8,50216,1,1,1, 50217
9,50217,2,2,1, 50219
16,50219,2,2,0, 50221
17,50219,3,3,1, 50222
15,50221,2,2,1, 50223
13,50219,4,6,1, 50225
22,50226,4,4,0, 50230
23,50228,3,3,1, 50231
25,50235,2,2,1, 50237
31,50236,2,4,0, 50240
28,50234,5,7,1, 50241
29,50238,4,8,1, 50246
1,50246,1,1,1, 50247
5,50247,3,7,1, 50254
8,50256,1,1,1, 50257
11,50254,4,4,1, 50258
9,50257,2,2,1, 50259
16,50259,2,2,1, 50261
17,50259,3,3,1, 50262
15,50261,2,2,0, 50263
13,50259,4,6,1, 50265
12,50260,5,5,1, 50265
22,50266,4,4,0, 50270
23,50268,3,3,1, 50271
25,50275,2,2,1, 50277
31,50276,2,4,0, 50280
2,50283,2,2,1, 50285
29,50278,4,8,1, 50286
1,50286,1,1,0, 50287
5,50287,3,7,1, 50294
8,50296,1,1,0, 50297
6,50290,2,8,1, 50298
16,50299,2,2,0, 50301
17,50299,3,3,1, 50302
15,50301,2,2,1, 50303
12,50300,5,5,1, 50305
22,50306,4,4,0, 50310
23,50308,3,3,1, 50311
31,50316,2,4,1, 50320
8,50336,1,1,0, 50337
16,50339,2,2,0, 50341
15,50341,2,2,1, 50343
22,50346,4,4,1, 50350
23,50348,3,3,0, 50351
31,50356,2,4,0, 50360
8,50376,1,1,1, 50377
16,50379,2,2,1, 50381
15,50381,2,2,1, 50383
22,50386,4,4,0, 50390
23,50388,3,3,0, 50391
31,50396,2,4,1, 50400
8,50416,1,1,0, 50417
6,50410,2,8,1, 50418
16,50419,2,2,0, 50421
15,50421,2,2,1, 50423
13,50419,4,6,1, 50425
12,50420,5,5,1, 50425
20,50423,6,6,1, 50429
22,50426,4,4,0, 50430
19,50426,5,5,1, 50431
23,50428,3,3,0, 50431
31,50436,2,4,0, 50440
28,50434,5,7,1, 50441
2,50443,2,2,1, 50445
1,50446,1,1,1, 50447
3,50447,3,3,1, 50450
8,50456,1,1,0, 50457
6,50450,2,8,1, 50458
16,50459,2,2,0, 50461
15,50461,2,2,0, 50463
22,50466,4,4,0, 50470
23,50468,3,3,1, 50471
25,50475,2,2,1, 50477
31,50476,2,4,0, 50480
2,50483,2,2,1, 50485
1,50486,1,1,0, 50487
8,50496,1,1,0, 50497
16,50499,2,2,1, 50501
15,50501,2,2,1, 50503
22,50506,4,4,0, 50510
23,50508,3,3,1, 50511
31,50516,2,4,0, 50520
2,50523,2,2,1, 50525
1,50526,1,1,1, 50527
8,50536,1,1,1, 50537
9,50537,2,2,1, 50539
17,50539,3,3,1, 50542
15,50541,2,2,1, 50543
23,50548,3,3,1, 50551
2,50563,2,2,1, 50565
1,50566,1,1,0, 50567
5,50567,3,7,1, 50574
8,50576,1,1,0, 50577
6,50570,2,8,1, 50578
11,50574,4,4,1, 50578
9,50577,2,2,1, 50579
16,50579,2,2,1, 50581
15,50581,2,2,1, 50583
13,50579,4,6,1, 50585
12,50580,5,5,1, 50585
20,50583,6,6,1, 50589
22,50586,4,4,1, 50590
23,50588,3,3,1, 50591
31,50596,2,4,1, 50600
2,50603,2,2,1, 50605
1,50606,1,1,0, 50607
3,50607,3,3,1, 50610
8,50616,1,1,0, 50617
16,50619,2,2,1, 50621
23,50628,3,3,1, 50631
25,50635,2,2,1, 50637
1,50646,1,1,0, 50647
8,50656,1,1,0, 50657
9,50657,2,2,1, 50659
17,50659,3,3,1, 50662
22,50666,4,4,1, 50670
23,50668,3,3,1, 50671
25,50675,2,2,1, 50677
2,50683,2,2,1, 50685
1,50686,1,1,0, 50687
3,50687,3,3,1, 50690
8,50696,1,1,1, 50697
9,50697,2,2,1, 50699
16,50699,2,2,1, 50701
15,50701,2,2,1, 50703
12,50700,5,5,1, 50705
20,50703,6,6,1, 50709
22,50706,4,4,1, 50710
23,50708,3,3,1, 50711
29,50718,4,8,1, 50726
1,50726,1,1,1, 50727
3,50727,3,3,1, 50730
8,50736,1,1,0, 50737
6,50730,2,8,1, 50738
11,50734,4,4,1, 50738
9,50737,2,2,1, 50739
16,50739,2,2,1, 50741
15,50741,2,2,1, 50743
13,50739,4,6,1, 50745
20,50743,6,6,1, 50749
22,50746,4,4,1, 50750
19,50746,5,5,1, 50751
23,50748,3,3,1, 50751
25,50755,2,2,1, 50757
31,50756,2,4,1, 50760
28,50754,5,7,1, 50761
29,50758,4,8,1, 50766
1,50766,1,1,1, 50767
3,50767,3,3,1, 50770
8,50776,1,1,0, 50777
6,50770,2,8,1, 50778
11,50774,4,4,1, 50778
15,50781,2,2,1, 50783
22,50786,4,4,1, 50790
23,50788,3,3,1, 50791
8,50816,1,1,1, 50817
16,50819,2,2,1, 50821
23,50828,3,3,1, 50831
8,50856,1,1,1, 50857
15,50861,2,2,1, 50863
2,50883,2,2,1, 50885
1,50886,1,1,0, 50887
3,50887,3,3,1, 50890
8,50896,1,1,1, 50897
6,50890,2,8,1, 50898
16,50899,2,2,1, 50901
15,50901,2,2,1, 50903
31,50916,2,4,1, 50920
2,50923,2,2,1, 50925
29,50918,4,8,1, 50926
1,50926,1,1,1, 50927
3,50927,3,3,1, 50930
5,50927,3,7,1, 50934
8,50936,1,1,0, 50937
6,50930,2,8,1, 50938
11,50934,4,4,1, 50938
9,50937,2,2,1, 50939
16,50939,2,2,1, 50941
20,50943,6,6,1, 50949
23,50948,3,3,1, 50951
31,50956,2,4,1, 50960
2,50963,2,2,1, 50965
29,50958,4,8,1, 50966
1,50966,1,1,1, 50967
5,50967,3,7,1, 50974
8,50976,1,1,1, 50977
6,50970,2,8,1, 50978
11,50974,4,4,1, 50978
16,50979,2,2,1, 50981
17,50979,3,3,1, 50982
12,50980,5,5,1, 50985
20,50983,6,6,1, 50989
22,50986,4,4,1, 50990
23,50988,3,3,1, 50991
25,50995,2,2,1, 50997
28,50994,5,7,1, 51001
1,51006,1,1,1, 51007
8,51016,1,1,1, 51017
16,51019,2,2,1, 51021
22,51026,4,4,1, 51030
23,51028,3,3,1, 51031
31,51036,2,4,1, 51040
1,51046,1,1,1, 51047
8,51056,1,1,0, 51057
9,51057,2,2,1, 51059
16,51059,2,2,1, 51061
15,51061,2,2,1, 51063
23,51068,3,3,1, 51071
31,51076,2,4,1, 51080
1,51086,1,1,1, 51087
8,51096,1,1,0, 51097
9,51097,2,2,1, 51099
15,51101,2,2,1, 51103
23,51108,3,3,1, 51111
25,51115,2,2,1, 51117
31,51116,2,4,1, 51120
2,51123,2,2,1, 51125
29,51118,4,8,1, 51126
1,51126,1,1,1, 51127
3,51127,3,3,1, 51130
8,51136,1,1,0, 51137
6,51130,2,8,1, 51138
15,51141,2,2,1, 51143
13,51139,4,6,1, 51145
12,51140,5,5,1, 51145
22,51146,4,4,1, 51150
23,51148,3,3,1, 51151
25,51155,2,2,1, 51157
1,51166,1,1,0, 51167
8,51176,1,1,1, 51177
16,51179,2,2,1, 51181
17,51179,3,3,1, 51182
15,51181,2,2,1, 51183
22,51186,4,4,1, 51190
25,51195,2,2,1, 51197
2,51203,2,2,1, 51205
1,51206,1,1,0, 51207
8,51216,1,1,1, 51217
9,51217,2,2,1, 51219
15,51221,2,2,1, 51223
22,51226,4,4,1, 51230
31,51236,2,4,1, 51240
1,51246,1,1,0, 51247
8,51256,1,1,0, 51257
16,51259,2,2,1, 51261
17,51259,3,3,1, 51262
23,51268,3,3,1, 51271
31,51276,2,4,1, 51280
2,51283,2,2,1, 51285
1,51286,1,1,0, 51287
8,51296,1,1,0, 51297
17,51299,3,3,1, 51302
25,51315,2,2,1, 51317
31,51316,2,4,1, 51320
1,51326,1,1,0, 51327
8,51336,1,1,0, 51337
16,51339,2,2,1, 51341
23,51348,3,3,1, 51351
25,51355,2,2,1, 51357
31,51356,2,4,1, 51360
1,51366,1,1,1, 51367
3,51367,3,3,1, 51370
8,51376,1,1,1, 51377
6,51370,2,8,1, 51378
9,51377,2,2,1, 51379
16,51379,2,2,1, 51381
17,51379,3,3,1, 51382
13,51379,4,6,1, 51385
12,51380,5,5,1, 51385
22,51386,4,4,1, 51390
19,51386,5,5,1, 51391
23,51388,3,3,1, 51391
25,51395,2,2,1, 51397
28,51394,5,7,1, 51401
2,51403,2,2,1, 51405
1,51406,1,1,1, 51407
8,51416,1,1,0, 51417
16,51419,2,2,1, 51421
15,51421,2,2,1, 51423
20,51423,6,6,1, 51429
25,51435,2,2,1, 51437
31,51436,2,4,1, 51440
1,51446,1,1,0, 51447
8,51456,1,1,1, 51457
6,51450,2,8,1, 51458
17,51459,3,3,1, 51462
15,51461,2,2,1, 51463
20,51463,6,6,1, 51469
19,51466,5,5,1, 51471
23,51468,3,3,1, 51471
31,51476,2,4,1, 51480
28,51474,5,7,1, 51481
2,51483,2,2,1, 51485
29,51478,4,8,1, 51486
1,51486,1,1,1, 51487
5,51487,3,7,1, 51494
8,51496,1,1,0, 51497
15,51501,2,2,1, 51503
20,51503,6,6,1, 51509
25,51515,2,2,1, 51517
31,51516,2,4,1, 51520
29,51518,4,8,1, 51526
1,51526,1,1,0, 51527
3,51527,3,3,1, 51530
5,51527,3,7,1, 51534
8,51536,1,1,1, 51537
16,51539,2,2,1, 51541
15,51541,2,2,1, 51543
31,51556,2,4,1, 51560
1,51566,1,1,1, 51567
3,51567,3,3,1, 51570
8,51576,1,1,1, 51577
9,51577,2,2,1, 51579
17,51579,3,3,1, 51582
15,51581,2,2,1, 51583
13,51579,4,6,1, 51585
22,51586,4,4,1, 51590
19,51586,5,5,1, 51591
29,51598,4,8,1, 51606
1,51606,1,1,0, 51607
5,51607,3,7,1, 51614
8,51616,1,1,1, 51617
16,51619,2,2,1, 51621
17,51619,3,3,1, 51622
15,51621,2,2,1, 51623
12,51620,5,5,1, 51625
20,51623,6,6,1, 51629
23,51628,3,3,1, 51631
25,51635,2,2,1, 51637
1,51646,1,1,0, 51647
5,51647,3,7,1, 51654
8,51656,1,1,0, 51657
6,51650,2,8,1, 51658
11,51654,4,4,1, 51658
15,51661,2,2,1, 51663
13,51659,4,6,1, 51665
12,51660,5,5,1, 51665
20,51663,6,6,1, 51669
22,51666,4,4,1, 51670
25,51675,2,2,1, 51677
31,51676,2,4,1, 51680
28,51674,5,7,1, 51681
2,51683,2,2,1, 51685
8,51696,1,1,1, 51697
31,51716,2,4,1, 51720
8,51736,1,1,0, 51737
23,51748,3,3,1, 51751
8,51776,1,1,0, 51777
15,51781,2,2,1, 51783
20,51783,6,6,1, 51789
22,51786,4,4,1, 51790
23,51788,3,3,1, 51791
1,51806,1,1,1, 51807
5,51807,3,7,1, 51814
8,51816,1,1,1, 51817
6,51810,2,8,1, 51818
16,51819,2,2,1, 51821
13,51819,4,6,1, 51825
20,51823,6,6,1, 51829
23,51828,3,3,1, 51831
1,51846,1,1,0, 51847
3,51847,3,3,1, 51850
5,51847,3,7,1, 51854
8,51856,1,1,0, 51857
6,51850,2,8,1, 51858
11,51854,4,4,1, 51858
9,51857,2,2,1, 51859
16,51859,2,2,1, 51861
17,51859,3,3,1, 51862
13,51859,4,6,1, 51865
22,51866,4,4,1, 51870
25,51875,2,2,1, 51877
31,51876,2,4,1, 51880
29,51878,4,8,1, 51886
1,51886,1,1,0, 51887
3,51887,3,3,1, 51890
5,51887,3,7,1, 51894
8,51896,1,1,0, 51897
16,51899,2,2,1, 51901
15,51901,2,2,1, 51903
13,51899,4,6,1, 51905
20,51903,6,6,1, 51909
22,51906,4,4,0, 51910
23,51908,3,3,1, 51911
25,51915,2,2,1, 51917
31,51916,2,4,0, 51920
28,51914,5,7,1, 51921
2,51923,2,2,1, 51925
1,51926,1,1,1, 51927
5,51927,3,7,1, 51934
8,51936,1,1,1, 51937
6,51930,2,8,1, 51938
9,51937,2,2,1, 51939
16,51939,2,2,0, 51941
15,51941,2,2,0, 51943
13,51939,4,6,1, 51945
22,51946,4,4,0, 51950
23,51948,3,3,0, 51951
25,51955,2,2,1, 51957
31,51956,2,4,0, 51960
28,51954,5,7,1, 51961
1,51966,1,1,0, 51967
3,51967,3,3,1, 51970
5,51967,3,7,1, 51974
8,51976,1,1,1, 51977
9,51977,2,2,1, 51979
16,51979,2,2,0, 51981
15,51981,2,2,0, 51983
22,51986,4,4,0, 51990
19,51986,5,5,1, 51991
23,51988,3,3,0, 51991
25,51995,2,2,1, 51997
31,51996,2,4,1, 52000
2,52003,2,2,1, 52005
29,51998,4,8,1, 52006
8,52016,1,1,0, 52017
16,52019,2,2,1, 52021
15,52021,2,2,0, 52023
22,52026,4,4,1, 52030
23,52028,3,3,1, 52031
31,52036,2,4,0, 52040
8,52056,1,1,0, 52057
16,52059,2,2,1, 52061
15,52061,2,2,1, 52063
22,52066,4,4,1, 52070
23,52068,3,3,0, 52071
31,52076,2,4,1, 52080
8,52096,1,1,0, 52097
16,52099,2,2,0, 52101
15,52101,2,2,0, 52103
22,52106,4,4,1, 52110
23,52108,3,3,0, 52111
25,52115,2,2,1, 52117
31,52116,2,4,1, 52120
2,52123,2,2,1, 52125
29,52118,4,8,1, 52126
1,52126,1,1,0, 52127
3,52127,3,3,1, 52130
8,52136,1,1,1, 52137
11,52134,4,4,1, 52138
16,52139,2,2,1, 52141
15,52141,2,2,0, 52143
12,52140,5,5,1, 52145
20,52143,6,6,1, 52149
22,52146,4,4,0, 52150
23,52148,3,3,0, 52151
31,52156,2,4,1, 52160
2,52163,2,2,1, 52165
29,52158,4,8,1, 52166
1,52166,1,1,0, 52167
8,52176,1,1,0, 52177
11,52174,4,4,1, 52178
16,52179,2,2,1, 52181
15,52181,2,2,1, 52183
22,52186,4,4,1, 52190
23,52188,3,3,1, 52191
31,52196,2,4,1, 52200
28,52194,5,7,1, 52201
2,52203,2,2,1, 52205
1,52206,1,1,1, 52207
8,52216,1,1,0, 52217
6,52210,2,8,1, 52218
11,52214,4,4,1, 52218
9,52217,2,2,1, 52219
16,52219,2,2,1, 52221
17,52219,3,3,1, 52222
15,52221,2,2,1, 52223
13,52219,4,6,1, 52225
12,52220,5,5,1, 52225
22,52226,4,4,1, 52230
23,52228,3,3,1, 52231
31,52236,2,4,0, 52240
2,52243,2,2,1, 52245
29,52238,4,8,1, 52246
1,52246,1,1,1, 52247
3,52247,3,3,1, 52250
5,52247,3,7,1, 52254
8,52256,1,1,0, 52257
11,52254,4,4,1, 52258
16,52259,2,2,1, 52261
17,52259,3,3,1, 52262
15,52261,2,2,0, 52263
22,52266,4,4,1, 52270
23,52268,3,3,1, 52271
31,52276,2,4,1, 52280
1,52286,1,1,0, 52287
8,52296,1,1,0, 52297
16,52299,2,2,0, 52301
17,52299,3,3,1, 52302
15,52301,2,2,0, 52303
22,52306,4,4,0, 52310
23,52308,3,3,0, 52311
31,52316,2,4,0, 52320
1,52326,1,1,0, 52327
8,52336,1,1,0, 52337
16,52339,2,2,1, 52341
17,52339,3,3,1, 52342
15,52341,2,2,1, 52343
22,52346,4,4,1, 52350
23,52348,3,3,1, 52351
31,52356,2,4,1, 52360
1,52366,1,1,1, 52367
3,52367,3,3,1, 52370
8,52376,1,1,0, 52377
6,52370,2,8,1, 52378
9,52377,2,2,1, 52379
16,52379,2,2,0, 52381
17,52379,3,3,1, 52382
15,52381,2,2,0, 52383
13,52379,4,6,1, 52385
20,52383,6,6,1, 52389
22,52386,4,4,0, 52390
23,52388,3,3,0, 52391
25,52395,2,2,1, 52397
31,52396,2,4,1, 52400
1,52406,1,1,1, 52407
5,52407,3,7,1, 52414
8,52416,1,1,1, 52417
11,52414,4,4,1, 52418
9,52417,2,2,1, 52419
16,52419,2,2,1, 52421
15,52421,2,2,1, 52423
20,52423,6,6,1, 52429
22,52426,4,4,0, 52430
23,52428,3,3,1, 52431
31,52436,2,4,0, 52440
2,52443,2,2,1, 52445
1,52446,1,1,0, 52447
8,52456,1,1,0, 52457
6,52450,2,8,1, 52458
16,52459,2,2,1, 52461
17,52459,3,3,1, 52462
15,52461,2,2,0, 52463
13,52459,4,6,1, 52465
22,52466,4,4,0, 52470
23,52468,3,3,0, 52471
31,52476,2,4,0, 52480
28,52474,5,7,1, 52481
1,52486,1,1,1, 52487
8,52496,1,1,0, 52497
11,52494,4,4,1, 52498
16,52499,2,2,0, 52501
15,52501,2,2,0, 52503
13,52499,4,6,1, 52505
20,52503,6,6,1, 52509
22,52506,4,4,0, 52510
19,52506,5,5,1, 52511
23,52508,3,3,0, 52511
31,52516,2,4,0, 52520
29,52518,4,8,1, 52526
1,52526,1,1,0, 52527
8,52536,1,1,0, 52537
16,52539,2,2,0, 52541
15,52541,2,2,1, 52543
12,52540,5,5,1, 52545
20,52543,6,6,1, 52549
22,52546,4,4,0, 52550
23,52548,3,3,0, 52551
31,52556,2,4,0, 52560
28,52554,5,7,1, 52561
1,52566,1,1,0, 52567
5,52567,3,7,1, 52574
8,52576,1,1,0, 52577
6,52570,2,8,1, 52578
11,52574,4,4,1, 52578
16,52579,2,2,1, 52581
15,52581,2,2,0, 52583
12,52580,5,5,1, 52585
22,52586,4,4,1, 52590
19,52586,5,5,1, 52591
23,52588,3,3,1, 52591
31,52596,2,4,1, 52600
1,52606,1,1,0, 52607
3,52607,3,3,1, 52610
5,52607,3,7,1, 52614
8,52616,1,1,1, 52617
6,52610,2,8,1, 52618
11,52614,4,4,1, 52618
9,52617,2,2,1, 52619
16,52619,2,2,0, 52621
17,52619,3,3,1, 52622
15,52621,2,2,1, 52623
22,52626,4,4,1, 52630
23,52628,3,3,1, 52631
8,52656,1,1,0, 52657
31,52676,2,4,1, 52680
8,52696,1,1,0, 52697
15,52701,2,2,1, 52703
29,52718,4,8,1, 52726
1,52726,1,1,0, 52727
3,52727,3,3,1, 52730
5,52727,3,7,1, 52734
8,52736,1,1,0, 52737
9,52737,2,2,1, 52739
15,52741,2,2,1, 52743
13,52739,4,6,1, 52745
12,52740,5,5,1, 52745
22,52746,4,4,1, 52750
23,52748,3,3,1, 52751
25,52755,2,2,1, 52757
2,52763,2,2,1, 52765
1,52766,1,1,1, 52767
8,52776,1,1,0, 52777
9,52777,2,2,1, 52779
17,52779,3,3,1, 52782
22,52786,4,4,1, 52790
23,52788,3,3,1, 52791
25,52795,2,2,1, 52797
31,52796,2,4,1, 52800
2,52803,2,2,1, 52805
1,52806,1,1,0, 52807
8,52816,1,1,1, 52817
17,52819,3,3,1, 52822
15,52821,2,2,1, 52823
22,52826,4,4,1, 52830
23,52828,3,3,1, 52831
1,52846,1,1,1, 52847
3,52847,3,3,1, 52850
8,52856,1,1,0, 52857
16,52859,2,2,1, 52861
12,52860,5,5,1, 52865
22,52866,4,4,1, 52870
23,52868,3,3,1, 52871
28,52874,5,7,1, 52881
2,52883,2,2,1, 52885
1,52886,1,1,0, 52887
3,52887,3,3,1, 52890
5,52887,3,7,1, 52894
8,52896,1,1,0, 52897
6,52890,2,8,1, 52898
11,52894,4,4,1, 52898
16,52899,2,2,1, 52901
13,52899,4,6,1, 52905
12,52900,5,5,1, 52905
22,52906,4,4,1, 52910
19,52906,5,5,1, 52911
23,52908,3,3,1, 52911
28,52914,5,7,1, 52921
2,52923,2,2,1, 52925
1,52926,1,1,0, 52927
5,52927,3,7,1, 52934
8,52936,1,1,1, 52937
11,52934,4,4,1, 52938
9,52937,2,2,1, 52939
16,52939,2,2,1, 52941
17,52939,3,3,1, 52942
15,52941,2,2,1, 52943
12,52940,5,5,1, 52945
22,52946,4,4,1, 52950
19,52946,5,5,1, 52951
23,52948,3,3,1, 52951
31,52956,2,4,1, 52960
2,52963,2,2,1, 52965
1,52966,1,1,1, 52967
5,52967,3,7,1, 52974
8,52976,1,1,1, 52977
6,52970,2,8,1, 52978
11,52974,4,4,1, 52978
16,52979,2,2,1, 52981
15,52981,2,2,1, 52983
31,52996,2,4,1, 53000
8,53016,1,1,0, 53017
16,53019,2,2,1, 53021
15,53021,2,2,1, 53023
23,53028,3,3,1, 53031
31,53036,2,4,1, 53040
8,53056,1,1,1, 53057
16,53059,2,2,1, 53061
15,53061,2,2,1, 53063
31,53076,2,4,1, 53080
1,53086,1,1,1, 53087
8,53096,1,1,0, 53097
9,53097,2,2,1, 53099
16,53099,2,2,1, 53101
17,53099,3,3,1, 53102
22,53106,4,4,1, 53110
23,53108,3,3,1, 53111
1,53126,1,1,1, 53127
3,53127,3,3,1, 53130
5,53127,3,7,1, 53134
8,53136,1,1,1, 53137
6,53130,2,8,1, 53138
9,53137,2,2,1, 53139
16,53139,2,2,1, 53141
17,53139,3,3,1, 53142
15,53141,2,2,1, 53143
13,53139,4,6,1, 53145
12,53140,5,5,1, 53145
20,53143,6,6,1, 53149
22,53146,4,4,1, 53150
19,53146,5,5,1, 53151
23,53148,3,3,1, 53151
31,53156,2,4,1, 53160
28,53154,5,7,1, 53161
1,53166,1,1,1, 53167
8,53176,1,1,0, 53177
6,53170,2,8,1, 53178
15,53181,2,2,1, 53183
13,53179,4,6,1, 53185
19,53186,5,5,1, 53191
23,53188,3,3,1, 53191
31,53196,2,4,1, 53200
2,53203,2,2,1, 53205
29,53198,4,8,1, 53206
1,53206,1,1,1, 53207
3,53207,3,3,1, 53210
8,53216,1,1,1, 53217
6,53210,2,8,1, 53218
15,53221,2,2,1, 53223
12,53220,5,5,1, 53225
22,53226,4,4,1, 53230
23,53228,3,3,1, 53231
31,53236,2,4,1, 53240
2,53243,2,2,1, 53245
29,53238,4,8,1, 53246
1,53246,1,1,0, 53247
5,53247,3,7,1, 53254
8,53256,1,1,1, 53257
9,53257,2,2,1, 53259
17,53259,3,3,1, 53262
12,53260,5,5,1, 53265
25,53275,2,2,1, 53277
31,53276,2,4,1, 53280
29,53278,4,8,1, 53286
1,53286,1,1,1, 53287
8,53296,1,1,0, 53297
11,53294,4,4,1, 53298
9,53297,2,2,1, 53299
13,53299,4,6,1, 53305
22,53306,4,4,1, 53310
19,53306,5,5,1, 53311
25,53315,2,2,1, 53317
1,53326,1,1,1, 53327
5,53327,3,7,1, 53334
8,53336,1,1,1, 53337
6,53330,2,8,1, 53338
11,53334,4,4,1, 53338
9,53337,2,2,1, 53339
16,53339,2,2,1, 53341
17,53339,3,3,1, 53342
22,53346,4,4,1, 53350
23,53348,3,3,1, 53351
8,53376,1,1,1, 53377
8,53416,1,1,0, 53417
22,53426,4,4,1, 53430
1,53446,1,1,1, 53447
8,53456,1,1,0, 53457
16,53459,2,2,1, 53461
15,53461,2,2,1, 53463
23,53468,3,3,1, 53471
25,53475,2,2,1, 53477
2,53483,2,2,1, 53485
1,53486,1,1,1, 53487
3,53487,3,3,1, 53490
8,53496,1,1,1, 53497
23,53508,3,3,1, 53511
25,53515,2,2,1, 53517
2,53523,2,2,1, 53525
1,53526,1,1,1, 53527
5,53527,3,7,1, 53534
8,53536,1,1,0, 53537
6,53530,2,8,1, 53538
16,53539,2,2,1, 53541
17,53539,3,3,1, 53542
15,53541,2,2,1, 53543
19,53546,5,5,1, 53551
25,53555,2,2,1, 53557
28,53554,5,7,1, 53561
1,53566,1,1,1, 53567
8,53576,1,1,0, 53577
11,53574,4,4,1, 53578
16,53579,2,2,1, 53581
17,53579,3,3,1, 53582
15,53581,2,2,1, 53583
13,53579,4,6,1, 53585
19,53586,5,5,1, 53591
23,53588,3,3,1, 53591
25,53595,2,2,1, 53597
29,53598,4,8,1, 53606
1,53606,1,1,0, 53607
5,53607,3,7,1, 53614
8,53616,1,1,0, 53617
6,53610,2,8,1, 53618
9,53617,2,2,1, 53619
17,53619,3,3,1, 53622
13,53619,4,6,1, 53625
12,53620,5,5,1, 53625
20,53623,6,6,1, 53629
22,53626,4,4,1, 53630
19,53626,5,5,1, 53631
23,53628,3,3,0, 53631
31,53636,2,4,1, 53640
29,53638,4,8,1, 53646
1,53646,1,1,0, 53647
8,53656,1,1,1, 53657
6,53650,2,8,1, 53658
16,53659,2,2,1, 53661
17,53659,3,3,1, 53662
15,53661,2,2,1, 53663
12,53660,5,5,1, 53665
20,53663,6,6,1, 53669
22,53666,4,4,0, 53670
19,53666,5,5,1, 53671
23,53668,3,3,1, 53671
25,53675,2,2,1, 53677
31,53676,2,4,1, 53680
28,53674,5,7,1, 53681
29,53678,4,8,1, 53686
1,53686,1,1,1, 53687
3,53687,3,3,1, 53690
8,53696,1,1,0, 53697
16,53699,2,2,0, 53701
15,53701,2,2,0, 53703
22,53706,4,4,1, 53710
23,53708,3,3,1, 53711
31,53716,2,4,1, 53720
8,53736,1,1,1, 53737
16,53739,2,2,0, 53741
15,53741,2,2,1, 53743
22,53746,4,4,0, 53750
23,53748,3,3,0, 53751
31,53756,2,4,1, 53760
8,53776,1,1,1, 53777
16,53779,2,2,0, 53781
15,53781,2,2,0, 53783
22,53786,4,4,1, 53790
23,53788,3,3,0, 53791
31,53796,2,4,0, 53800
1,53806,1,1,0, 53807
3,53807,3,3,1, 53810
8,53816,1,1,1, 53817
6,53810,2,8,1, 53818
9,53817,2,2,1, 53819
16,53819,2,2,1, 53821
17,53819,3,3,1, 53822
15,53821,2,2,1, 53823
13,53819,4,6,1, 53825
12,53820,5,5,1, 53825
22,53826,4,4,0, 53830
23,53828,3,3,0, 53831
31,53836,2,4,0, 53840
28,53834,5,7,1, 53841
2,53843,2,2,1, 53845
29,53838,4,8,1, 53846
1,53846,1,1,1, 53847
8,53856,1,1,1, 53857
6,53850,2,8,1, 53858
11,53854,4,4,1, 53858
9,53857,2,2,1, 53859
16,53859,2,2,1, 53861
15,53861,2,2,1, 53863
12,53860,5,5,1, 53865
22,53866,4,4,1, 53870
19,53866,5,5,1, 53871
23,53868,3,3,0, 53871
31,53876,2,4,1, 53880
28,53874,5,7,1, 53881
2,53883,2,2,1, 53885
1,53886,1,1,1, 53887
3,53887,3,3,1, 53890
8,53896,1,1,0, 53897
11,53894,4,4,1, 53898
9,53897,2,2,1, 53899
16,53899,2,2,0, 53901
15,53901,2,2,0, 53903
13,53899,4,6,1, 53905
12,53900,5,5,1, 53905
20,53903,6,6,1, 53909
22,53906,4,4,1, 53910
23,53908,3,3,0, 53911
31,53916,2,4,1, 53920
2,53923,2,2,1, 53925
29,53918,4,8,1, 53926
1,53926,1,1,0, 53927
5,53927,3,7,1, 53934
8,53936,1,1,0, 53937
16,53939,2,2,0, 53941
15,53941,2,2,1, 53943
13,53939,4,6,1, 53945
12,53940,5,5,1, 53945
22,53946,4,4,1, 53950
23,53948,3,3,1, 53951
31,53956,2,4,0, 53960
8,53976,1,1,1, 53977
16,53979,2,2,0, 53981
15,53981,2,2,1, 53983
22,53986,4,4,0, 53990
23,53988,3,3,1, 53991
31,53996,2,4,0, 54000
8,54016,1,1,0, 54017
16,54019,2,2,1, 54021
15,54021,2,2,0, 54023
22,54026,4,4,1, 54030
23,54028,3,3,1, 54031
31,54036,2,4,0, 54040
5,54047,3,7,1, 54054
8,54056,1,1,1, 54057
6,54050,2,8,1, 54058
11,54054,4,4,1, 54058
16,54059,2,2,1, 54061
17,54059,3,3,1, 54062
15,54061,2,2,0, 54063
12,54060,5,5,1, 54065
22,54066,4,4,0, 54070
23,54068,3,3,1, 54071
25,54075,2,2,1, 54077
31,54076,2,4,1, 54080
1,54086,1,1,0, 54087
8,54096,1,1,0, 54097
16,54099,2,2,1, 54101
17,54099,3,3,1, 54102
15,54101,2,2,0, 54103
22,54106,4,4,0, 54110
23,54108,3,3,0, 54111
25,54115,2,2,1, 54117
31,54116,2,4,0, 54120
2,54123,2,2,1, 54125
1,54126,1,1,0, 54127
8,54136,1,1,1, 54137
16,54139,2,2,1, 54141
15,54141,2,2,0, 54143
22,54146,4,4,0, 54150
23,54148,3,3,0, 54151
31,54156,2,4,1, 54160
1,54166,1,1,0, 54167
3,54167,3,3,1, 54170
8,54176,1,1,0, 54177
16,54179,2,2,1, 54181
17,54179,3,3,1, 54182
15,54181,2,2,1, 54183
22,54186,4,4,1, 54190
23,54188,3,3,1, 54191
31,54196,2,4,0, 54200
2,54203,2,2,1, 54205
1,54206,1,1,0, 54207
8,54216,1,1,0, 54217
16,54219,2,2,0, 54221
15,54221,2,2,1, 54223
22,54226,4,4,0, 54230
23,54228,3,3,0, 54231
25,54235,2,2,1, 54237
31,54236,2,4,1, 54240
1,54246,1,1,0, 54247
3,54247,3,3,1, 54250
8,54256,1,1,0, 54257
6,54250,2,8,1, 54258
16,54259,2,2,0, 54261
17,54259,3,3,1, 54262
15,54261,2,2,0, 54263
12,54260,5,5,1, 54265
22,54266,4,4,1, 54270
23,54268,3,3,0, 54271
25,54275,2,2,1, 54277
31,54276,2,4,1, 54280
28,54274,5,7,1, 54281
2,54283,2,2,1, 54285
29,54278,4,8,1, 54286
1,54286,1,1,0, 54287
3,54287,3,3,1, 54290
8,54296,1,1,1, 54297
6,54290,2,8,1, 54298
11,54294,4,4,1, 54298
9,54297,2,2,1, 54299
16,54299,2,2,0, 54301
15,54301,2,2,0, 54303
22,54306,4,4,1, 54310
23,54308,3,3,1, 54311
31,54316,2,4,1, 54320
28,54314,5,7,1, 54321
1,54326,1,1,0, 54327
3,54327,3,3,1, 54330
5,54327,3,7,1, 54334
8,54336,1,1,1, 54337
6,54330,2,8,1, 54338
11,54334,4,4,1, 54338
16,54339,2,2,1, 54341
15,54341,2,2,1, 54343
13,54339,4,6,1, 54345
12,54340,5,5,1, 54345
22,54346,4,4,1, 54350
19,54346,5,5,1, 54351
23,54348,3,3,0, 54351
25,54355,2,2,1, 54357
31,54356,2,4,0, 54360
29,54358,4,8,1, 54366
1,54366,1,1,1, 54367
3,54367,3,3,1, 54370
8,54376,1,1,0, 54377
6,54370,2,8,1, 54378
9,54377,2,2,1, 54379
16,54379,2,2,0, 54381
17,54379,3,3,1, 54382
15,54381,2,2,0, 54383
13,54379,4,6,1, 54385
22,54386,4,4,0, 54390
19,54386,5,5,1, 54391
23,54388,3,3,1, 54391
25,54395,2,2,1, 54397
29,54398,4,8,1, 54406
1,54406,1,1,0, 54407
3,54407,3,3,1, 54410
8,54416,1,1,0, 54417
16,54419,2,2,1, 54421
17,54419,3,3,1, 54422
15,54421,2,2,1, 54423
13,54419,4,6,1, 54425
12,54420,5,5,1, 54425
22,54426,4,4,1, 54430
31,54436,2,4,1, 54440
8,54456,1,1,0, 54457
15,54461,2,2,1, 54463
23,54468,3,3,1, 54471
31,54476,2,4,1, 54480
8,54496,1,1,1, 54497
5,54527,3,7,1, 54534
8,54536,1,1,0, 54537
16,54539,2,2,1, 54541
15,54541,2,2,1, 54543
13,54539,4,6,1, 54545
20,54543,6,6,1, 54549
22,54546,4,4,1, 54550
25,54555,2,2,1, 54557
28,54554,5,7,1, 54561
2,54563,2,2,1, 54565
1,54566,1,1,0, 54567
5,54567,3,7,1, 54574
8,54576,1,1,0, 54577
6,54570,2,8,1, 54578
16,54579,2,2,1, 54581
13,54579,4,6,1, 54585
12,54580,5,5,1, 54585
28,54594,5,7,1, 54601
2,54603,2,2,1, 54605
1,54606,1,1,0, 54607
3,54607,3,3,1, 54610
8,54616,1,1,1, 54617
16,54619,2,2,1, 54621
17,54619,3,3,1, 54622
15,54621,2,2,1, 54623
12,54620,5,5,1, 54625
20,54623,6,6,1, 54629
22,54626,4,4,1, 54630
23,54628,3,3,1, 54631
25,54635,2,2,1, 54637
1,54646,1,1,1, 54647
8,54656,1,1,1, 54657
6,54650,2,8,1, 54658
11,54654,4,4,1, 54658
9,54657,2,2,1, 54659
22,54666,4,4,1, 54670
19,54666,5,5,1, 54671
25,54675,2,2,1, 54677
31,54676,2,4,1, 54680
2,54683,2,2,1, 54685
1,54686,1,1,0, 54687
3,54687,3,3,1, 54690
5,54687,3,7,1, 54694
8,54696,1,1,1, 54697
17,54699,3,3,1, 54702
13,54699,4,6,1, 54705
22,54706,4,4,1, 54710
19,54706,5,5,1, 54711
31,54716,2,4,1, 54720
2,54723,2,2,1, 54725
1,54726,1,1,1, 54727
5,54727,3,7,1, 54734
8,54736,1,1,1, 54737
11,54734,4,4,1, 54738
17,54739,3,3,1, 54742
22,54746,4,4,1, 54750
23,54748,3,3,1, 54751
8,54776,1,1,1, 54777
16,54779,2,2,1, 54781
31,54796,2,4,1, 54800
8,54816,1,1,0, 54817
23,54828,3,3,1, 54831
1,54846,1,1,0, 54847
8,54856,1,1,1, 54857
9,54857,2,2,1, 54859
17,54859,3,3,1, 54862
15,54861,2,2,1, 54863
22,54866,4,4,1, 54870
25,54875,2,2,1, 54877
31,54876,2,4,1, 54880
29,54878,4,8,1, 54886
1,54886,1,1,1, 54887
3,54887,3,3,1, 54890
5,54887,3,7,1, 54894
8,54896,1,1,1, 54897
6,54890,2,8,1, 54898
17,54899,3,3,1, 54902
22,54906,4,4,1, 54910
1,54926,1,1,1, 54927
8,54936,1,1,0, 54937
9,54937,2,2,1, 54939
16,54939,2,2,1, 54941
17,54939,3,3,1, 54942
15,54941,2,2,1, 54943
22,54946,4,4,1, 54950
31,54956,2,4,1, 54960
1,54966,1,1,1, 54967
8,54976,1,1,0, 54977
2,55003,2,2,1, 55005
1,55006,1,1,0, 55007
5,55007,3,7,1, 55014
8,55016,1,1,1, 55017
9,55017,2,2,1, 55019
17,55019,3,3,1, 55022
15,55021,2,2,1, 55023
13,55019,4,6,1, 55025
12,55020,5,5,1, 55025
31,55036,2,4,1, 55040
2,55043,2,2,1, 55045
1,55046,1,1,0, 55047
3,55047,3,3,1, 55050
8,55056,1,1,0, 55057
9,55057,2,2,1, 55059
17,55059,3,3,1, 55062
25,55075,2,2,1, 55077
31,55076,2,4,0, 55080
2,55083,2,2,1, 55085
1,55086,1,1,0, 55087
3,55087,3,3,1, 55090
8,55096,1,1,0, 55097
9,55097,2,2,1, 55099
16,55099,2,2,0, 55101
15,55101,2,2,0, 55103
22,55106,4,4,1, 55110
23,55108,3,3,0, 55111
31,55116,2,4,0, 55120
1,55126,1,1,0, 55127
8,55136,1,1,1, 55137
11,55134,4,4,1, 55138
9,55137,2,2,1, 55139
16,55139,2,2,1, 55141
15,55141,2,2,1, 55143
12,55140,5,5,1, 55145
22,55146,4,4,1, 55150
19,55146,5,5,1, 55151
23,55148,3,3,0, 55151
25,55155,2,2,1, 55157
31,55156,2,4,0, 55160
28,55154,5,7,1, 55161
2,55163,2,2,1, 55165
29,55158,4,8,1, 55166
1,55166,1,1,0, 55167
8,55176,1,1,0, 55177
9,55177,2,2,1, 55179
16,55179,2,2,0, 55181
17,55179,3,3,1, 55182
15,55181,2,2,1, 55183
13,55179,4,6,1, 55185
22,55186,4,4,0, 55190
23,55188,3,3,0, 55191
25,55195,2,2,1, 55197
31,55196,2,4,1, 55200
28,55194,5,7,1, 55201
29,55198,4,8,1, 55206
1,55206,1,1,0, 55207
5,55207,3,7,1, 55214
8,55216,1,1,1, 55217
6,55210,2,8,1, 55218
9,55217,2,2,1, 55219
16,55219,2,2,0, 55221
15,55221,2,2,0, 55223
13,55219,4,6,1, 55225
12,55220,5,5,1, 55225
20,55223,6,6,1, 55229
22,55226,4,4,0, 55230
23,55228,3,3,1, 55231
25,55235,2,2,1, 55237
31,55236,2,4,0, 55240
28,55234,5,7,1, 55241
2,55243,2,2,1, 55245
29,55238,4,8,1, 55246
1,55246,1,1,1, 55247
3,55247,3,3,1, 55250
5,55247,3,7,1, 55254
8,55256,1,1,1, 55257
6,55250,2,8,1, 55258
9,55257,2,2,1, 55259
16,55259,2,2,0, 55261
15,55261,2,2,0, 55263
22,55266,4,4,0, 55270
23,55268,3,3,0, 55271
31,55276,2,4,0, 55280
8,55296,1,1,1, 55297
16,55299,2,2,1, 55301
15,55301,2,2,1, 55303
22,55306,4,4,1, 55310
23,55308,3,3,0, 55311
31,55316,2,4,1, 55320
8,55336,1,1,0, 55337
16,55339,2,2,1, 55341
15,55341,2,2,0, 55343
22,55346,4,4,0, 55350
23,55348,3,3,0, 55351
31,55356,2,4,0, 55360
2,55363,2,2,1, 55365
29,55358,4,8,1, 55366
1,55366,1,1,0, 55367
8,55376,1,1,0, 55377
9,55377,2,2,1, 55379
16,55379,2,2,0, 55381
17,55379,3,3,1, 55382
15,55381,2,2,0, 55383
13,55379,4,6,1, 55385
22,55386,4,4,1, 55390
23,55388,3,3,1, 55391
25,55395,2,2,1, 55397
31,55396,2,4,0, 55400
28,55394,5,7,1, 55401
2,55403,2,2,1, 55405
1,55406,1,1,0, 55407
8,55416,1,1,1, 55417
6,55410,2,8,1, 55418
11,55414,4,4,1, 55418
16,55419,2,2,1, 55421
15,55421,2,2,1, 55423
13,55419,4,6,1, 55425
20,55423,6,6,1, 55429
22,55426,4,4,1, 55430
23,55428,3,3,1, 55431
25,55435,2,2,1, 55437
31,55436,2,4,0, 55440
28,55434,5,7,1, 55441
29,55438,4,8,1, 55446
1,55446,1,1,0, 55447
8,55456,1,1,0, 55457
16,55459,2,2,1, 55461
17,55459,3,3,1, 55462
15,55461,2,2,0, 55463
22,55466,4,4,0, 55470
23,55468,3,3,0, 55471
31,55476,2,4,1, 55480
28,55474,5,7,1, 55481
2,55483,2,2,1, 55485
1,55486,1,1,1, 55487
5,55487,3,7,1, 55494
8,55496,1,1,0, 55497
9,55497,2,2,1, 55499
16,55499,2,2,1, 55501
17,55499,3,3,1, 55502
15,55501,2,2,1, 55503
20,55503,6,6,1, 55509
22,55506,4,4,0, 55510
23,55508,3,3,1, 55511
25,55515,2,2,1, 55517
31,55516,2,4,1, 55520
28,55514,5,7,1, 55521
2,55523,2,2,1, 55525
1,55526,1,1,0, 55527
3,55527,3,3,1, 55530
8,55536,1,1,1, 55537
9,55537,2,2,1, 55539
16,55539,2,2,1, 55541
17,55539,3,3,1, 55542
15,55541,2,2,0, 55543
12,55540,5,5,1, 55545
22,55546,4,4,0, 55550
23,55548,3,3,0, 55551
31,55556,2,4,0, 55560
28,55554,5,7,1, 55561
1,55566,1,1,1, 55567
8,55576,1,1,0, 55577
6,55570,2,8,1, 55578
16,55579,2,2,0, 55581
15,55581,2,2,0, 55583
13,55579,4,6,1, 55585
12,55580,5,5,1, 55585
22,55586,4,4,1, 55590
23,55588,3,3,0, 55591
31,55596,2,4,1, 55600
8,55616,1,1,0, 55617
16,55619,2,2,0, 55621
15,55621,2,2,1, 55623
22,55626,4,4,0, 55630
23,55628,3,3,1, 55631
31,55636,2,4,0, 55640
8,55656,1,1,1, 55657
16,55659,2,2,0, 55661
15,55661,2,2,0, 55663
22,55666,4,4,0, 55670
23,55668,3,3,1, 55671
31,55676,2,4,0, 55680
5,55687,3,7,1, 55694
8,55696,1,1,0, 55697
6,55690,2,8,1, 55698
9,55697,2,2,1, 55699
16,55699,2,2,0, 55701
15,55701,2,2,1, 55703
20,55703,6,6,1, 55709
22,55706,4,4,1, 55710
19,55706,5,5,1, 55711
23,55708,3,3,0, 55711
31,55716,2,4,1, 55720
28,55714,5,7,1, 55721
1,55726,1,1,1, 55727
8,55736,1,1,1, 55737
6,55730,2,8,1, 55738
11,55734,4,4,1, 55738
16,55739,2,2,0, 55741
15,55741,2,2,0, 55743
13,55739,4,6,1, 55745
12,55740,5,5,1, 55745
20,55743,6,6,1, 55749
22,55746,4,4,0, 55750
23,55748,3,3,1, 55751
31,55756,2,4,0, 55760
28,55754,5,7,1, 55761
2,55763,2,2,1, 55765
1,55766,1,1,1, 55767
3,55767,3,3,1, 55770
5,55767,3,7,1, 55774
8,55776,1,1,0, 55777
6,55770,2,8,1, 55778
16,55779,2,2,0, 55781
17,55779,3,3,1, 55782
15,55781,2,2,0, 55783
22,55786,4,4,0, 55790
19,55786,5,5,1, 55791
23,55788,3,3,0, 55791
31,55796,2,4,0, 55800
28,55794,5,7,1, 55801
1,55806,1,1,0, 55807
8,55816,1,1,1, 55817
16,55819,2,2,1, 55821
15,55821,2,2,1, 55823
22,55826,4,4,1, 55830
23,55828,3,3,0, 55831
25,55835,2,2,1, 55837
31,55836,2,4,1, 55840
1,55846,1,1,1, 55847
8,55856,1,1,1, 55857
16,55859,2,2,0, 55861
15,55861,2,2,1, 55863
22,55866,4,4,1, 55870
23,55868,3,3,1, 55871
25,55875,2,2,1, 55877
1,55886,1,1,1, 55887
8,55896,1,1,0, 55897
9,55897,2,2,1, 55899
16,55899,2,2,1, 55901
15,55901,2,2,1, 55903
22,55906,4,4,1, 55910
23,55908,3,3,1, 55911
25,55915,2,2,1, 55917
31,55916,2,4,1, 55920
2,55923,2,2,1, 55925
1,55926,1,1,0, 55927
3,55927,3,3,1, 55930
8,55936,1,1,0, 55937
11,55934,4,4,1, 55938
9,55937,2,2,1, 55939
13,55939,4,6,1, 55945
12,55940,5,5,1, 55945
20,55943,6,6,1, 55949
23,55948,3,3,1, 55951
1,55966,1,1,1, 55967
8,55976,1,1,1, 55977
9,55977,2,2,1, 55979
17,55979,3,3,1, 55982
12,55980,5,5,1, 55985
22,55986,4,4,1, 55990
1,56006,1,1,0, 56007
5,56007,3,7,1, 56014
8,56016,1,1,0, 56017
11,56014,4,4,1, 56018
9,56017,2,2,1, 56019
16,56019,2,2,1, 56021
15,56021,2,2,1, 56023
12,56020,5,5,1, 56025
22,56026,4,4,1, 56030
23,56028,3,3,1, 56031
25,56035,2,2,1, 56037
2,56043,2,2,1, 56045
29,56038,4,8,1, 56046
1,56046,1,1,1, 56047
3,56047,3,3,1, 56050
5,56047,3,7,1, 56054
8,56056,1,1,0, 56057
9,56057,2,2,1, 56059
17,56059,3,3,1, 56062
13,56059,4,6,1, 56065
20,56063,6,6,1, 56069
19,56066,5,5,1, 56071
23,56068,3,3,1, 56071
2,56083,2,2,1, 56085
1,56086,1,1,1, 56087
8,56096,1,1,1, 56097
6,56090,2,8,1, 56098
11,56094,4,4,1, 56098
22,56106,4,4,1, 56110
8,56136,1,1,1, 56137
23,56148,3,3,1, 56151
31,56156,2,4,1, 56160
8,56176,1,1,1, 56177
22,56186,4,4,1, 56190
31,56196,2,4,1, 56200
1,56206,1,1,1, 56207
3,56207,3,3,1, 56210
5,56207,3,7,1, 56214
8,56216,1,1,1, 56217
11,56214,4,4,1, 56218
16,56219,2,2,1, 56221
15,56221,2,2,1, 56223
12,56220,5,5,1, 56225
20,56223,6,6,1, 56229
22,56226,4,4,1, 56230
19,56226,5,5,1, 56231
31,56236,2,4,1, 56240
28,56234,5,7,1, 56241
29,56238,4,8,1, 56246
1,56246,1,1,0, 56247
8,56256,1,1,0, 56257
6,56250,2,8,1, 56258
17,56259,3,3,1, 56262
15,56261,2,2,1, 56263
20,56263,6,6,1, 56269
22,56266,4,4,1, 56270
23,56268,3,3,1, 56271
25,56275,2,2,1, 56277
2,56283,2,2,1, 56285
29,56278,4,8,1, 56286
1,56286,1,1,1, 56287
8,56296,1,1,1, 56297
11,56294,4,4,1, 56298
16,56299,2,2,1, 56301
17,56299,3,3,1, 56302
15,56301,2,2,1, 56303
13,56299,4,6,1, 56305
22,56306,4,4,1, 56310
23,56308,3,3,1, 56311
31,56316,2,4,1, 56320
2,56323,2,2,1, 56325
1,56326,1,1,1, 56327
3,56327,3,3,1, 56330
5,56327,3,7,1, 56334
8,56336,1,1,1, 56337
6,56330,2,8,1, 56338
16,56339,2,2,1, 56341
17,56339,3,3,1, 56342
23,56348,3,3,1, 56351
31,56356,2,4,1, 56360
1,56366,1,1,0, 56367
8,56376,1,1,1, 56377
9,56377,2,2,1, 56379
16,56379,2,2,1, 56381
23,56388,3,3,1, 56391
25,56395,2,2,1, 56397
1,56406,1,1,0, 56407
8,56416,1,1,0, 56417
17,56419,3,3,1, 56422
23,56428,3,3,1, 56431
25,56435,2,2,1, 56437
31,56436,2,4,1, 56440
1,56446,1,1,1, 56447
5,56447,3,7,1, 56454
8,56456,1,1,1, 56457
9,56457,2,2,1, 56459
15,56461,2,2,1, 56463
12,56460,5,5,1, 56465
20,56463,6,6,1, 56469
22,56466,4,4,1, 56470
19,56466,5,5,1, 56471
23,56468,3,3,1, 56471
2,56483,2,2,1, 56485
29,56478,4,8,1, 56486
1,56486,1,1,0, 56487
5,56487,3,7,1, 56494
8,56496,1,1,1, 56497
9,56497,2,2,1, 56499
17,56499,3,3,1, 56502
15,56501,2,2,1, 56503
12,56500,5,5,1, 56505
20,56503,6,6,1, 56509
22,56506,4,4,1, 56510
19,56506,5,5,1, 56511
23,56508,3,3,1, 56511
25,56515,2,2,1, 56517
28,56514,5,7,1, 56521
8,56536,1,1,0, 56537
16,56539,2,2,1, 56541
15,56541,2,2,1, 56543
23,56548,3,3,1, 56551
8,56576,1,1,0, 56577
16,56579,2,2,1, 56581
15,56581,2,2,1, 56583
23,56588,3,3,1, 56591
8,56616,1,1,1, 56617
16,56619,2,2,1, 56621
25,56635,2,2,1, 56637
31,56636,2,4,1, 56640
1,56646,1,1,1, 56647
8,56656,1,1,0, 56657
17,56659,3,3,1, 56662
23,56668,3,3,1, 56671
25,56675,2,2,1, 56677
1,56686,1,1,0, 56687
3,56687,3,3,1, 56690
8,56696,1,1,0, 56697
11,56694,4,4,1, 56698
6,56690,2,10,1, 56700
22,56706,4,4,1, 56710
25,56715,2,2,1, 56717
31,56716,2,4,1, 56720
28,56714,5,7,1, 56721
29,56718,4,8,1, 56726
1,56726,1,1,0, 56727
3,56727,3,3,1, 56730
8,56736,1,1,0, 56737
9,56737,2,2,1, 56739
6,56730,2,10,1, 56740
17,56739,3,3,1, 56742
13,56739,4,10,1, 56749
22,56746,4,4,1, 56750
23,56748,3,3,1, 56751
25,56755,2,2,1, 56757
28,56754,5,7,1, 56761
2,56763,2,2,1, 56765
1,56766,1,1,0, 56767
3,56767,3,3,1, 56770
5,56767,3,9,1, 56776
8,56776,1,1,0, 56777
11,56774,4,4,1, 56778
9,56777,2,2,1, 56779
6,56770,2,10,1, 56780
16,56779,2,2,1, 56781
13,56779,4,10,1, 56789
19,56786,5,5,1, 56791
23,56788,3,3,1, 56791
25,56795,2,2,1, 56797
29,56798,4,8,1, 56806
1,56806,1,1,1, 56807
8,56816,1,1,1, 56817
6,56810,2,10,1, 56820
16,56819,2,2,1, 56821
15,56821,2,2,1, 56823
19,56826,5,5,1, 56831
23,56828,3,3,1, 56831
25,56835,2,2,1, 56837
2,56843,2,2,1, 56845
29,56838,4,8,1, 56846
1,56846,1,1,0, 56847
3,56847,3,3,1, 56850
8,56856,1,1,0, 56857
9,56857,2,2,1, 56859
16,56859,2,2,1, 56861
20,56863,6,6,1, 56869
22,56866,4,4,1, 56870
19,56866,5,5,1, 56871
23,56868,3,3,1, 56871
28,56874,5,7,1, 56881
8,56896,1,1,1, 56897
16,56899,2,2,1, 56901
15,56901,2,2,1, 56903
22,56906,4,4,1, 56910
31,56916,2,4,1, 56920
8,56936,1,1,0, 56937
16,56939,2,2,1, 56941
22,56946,4,4,1, 56950
8,56976,1,1,0, 56977
16,56979,2,2,0, 56981
15,56981,2,2,1, 56983
13,56979,4,10,1, 56989
20,56983,6,6,1, 56989
22,56986,4,4,1, 56990
19,56986,5,5,1, 56991
23,56988,3,3,1, 56991
31,56996,2,4,0, 57000
28,56994,5,7,1, 57001
1,57006,1,1,0, 57007
8,57016,1,1,1, 57017
16,57019,2,2,0, 57021
17,57019,3,3,1, 57022
15,57021,2,2,0, 57023
22,57026,4,4,1, 57030
23,57028,3,3,1, 57031
31,57036,2,4,1, 57040
1,57046,1,1,1, 57047
8,57056,1,1,1, 57057
9,57057,2,2,1, 57059
16,57059,2,2,0, 57061
17,57059,3,3,1, 57062
15,57061,2,2,1, 57063
22,57066,4,4,0, 57070
23,57068,3,3,1, 57071
25,57075,2,2,1, 57077
31,57076,2,4,0, 57080
1,57086,1,1,1, 57087
8,57096,1,1,0, 57097
9,57097,2,2,1, 57099
16,57099,2,2,1, 57101
15,57101,2,2,1, 57103
22,57106,4,4,1, 57110
23,57108,3,3,1, 57111
31,57116,2,4,0, 57120
2,57123,2,2,1, 57125
1,57126,1,1,0, 57127
3,57127,3,3,1, 57130
8,57136,1,1,1, 57137
11,57134,4,4,1, 57138
16,57139,2,2,1, 57141
17,57139,3,3,1, 57142
15,57141,2,2,1, 57143
20,57143,6,6,1, 57149
22,57146,4,4,0, 57150
19,57146,5,5,1, 57151
23,57148,3,3,1, 57151
31,57156,2,4,0, 57160
2,57163,2,2,1, 57165
29,57158,4,8,1, 57166
1,57166,1,1,0, 57167
3,57167,3,3,1, 57170
5,57167,3,9,1, 57176
8,57176,1,1,0, 57177
16,57179,2,2,1, 57181
17,57179,3,3,1, 57182
15,57181,2,2,0, 57183
20,57183,6,6,1, 57189
22,57186,4,4,0, 57190
19,57186,5,5,1, 57191
23,57188,3,3,0, 57191
31,57196,2,4,1, 57200
29,57198,4,8,1, 57206
1,57206,1,1,0, 57207
5,57207,3,9,1, 57216
8,57216,1,1,0, 57217
9,57217,2,2,1, 57219
16,57219,2,2,1, 57221
15,57221,2,2,0, 57223
13,57219,4,10,1, 57229
20,57223,6,6,1, 57229
22,57226,4,4,1, 57230
19,57226,5,5,1, 57231
23,57228,3,3,0, 57231
31,57236,2,4,0, 57240
28,57234,5,7,1, 57241
1,57246,1,1,1, 57247
3,57247,3,3,1, 57250
8,57256,1,1,0, 57257
9,57257,2,2,1, 57259
16,57259,2,2,0, 57261
17,57259,3,3,1, 57262
15,57261,2,2,1, 57263
22,57266,4,4,1, 57270
23,57268,3,3,1, 57271
25,57275,2,2,1, 57277
31,57276,2,4,0, 57280
2,57283,2,2,1, 57285
1,57286,1,1,0, 57287
3,57287,3,3,1, 57290
8,57296,1,1,1, 57297
16,57299,2,2,0, 57301
17,57299,3,3,1, 57302
15,57301,2,2,0, 57303
22,57306,4,4,1, 57310
23,57308,3,3,0, 57311
25,57315,2,2,1, 57317
31,57316,2,4,0, 57320
2,57323,2,2,1, 57325
1,57326,1,1,0, 57327
8,57336,1,1,0, 57337
16,57339,2,2,1, 57341
17,57339,3,3,1, 57342
15,57341,2,2,1, 57343
13,57339,4,10,1, 57349
20,57343,6,6,1, 57349
22,57346,4,4,0, 57350
23,57348,3,3,1, 57351
25,57355,2,2,1, 57357
31,57356,2,4,1, 57360
29,57358,4,8,1, 57366
1,57366,1,1,1, 57367
5,57367,3,9,1, 57376
8,57376,1,1,1, 57377
9,57377,2,2,1, 57379
6,57370,2,10,1, 57380
16,57379,2,2,0, 57381
17,57379,3,3,1, 57382
15,57381,2,2,0, 57383
22,57386,4,4,0, 57390
19,57386,5,5,1, 57391
23,57388,3,3,1, 57391
25,57395,2,2,1, 57397
31,57396,2,4,1, 57400
2,57403,2,2,1, 57405
29,57398,4,8,1, 57406
1,57406,1,1,0, 57407
8,57416,1,1,0, 57417
11,57414,4,4,1, 57418
6,57410,2,10,1, 57420
16,57419,2,2,0, 57421
17,57419,3,3,1, 57422
15,57421,2,2,1, 57423
22,57426,4,4,1, 57430
23,57428,3,3,1, 57431
31,57436,2,4,0, 57440
8,57456,1,1,1, 57457
16,57459,2,2,0, 57461
15,57461,2,2,0, 57463
22,57466,4,4,1, 57470
23,57468,3,3,0, 57471
31,57476,2,4,1, 57480
8,57496,1,1,1, 57497
16,57499,2,2,0, 57501
15,57501,2,2,1, 57503
22,57506,4,4,0, 57510
23,57508,3,3,0, 57511
31,57516,2,4,0, 57520
29,57518,4,8,1, 57526
1,57526,1,1,0, 57527
8,57536,1,1,1, 57537
11,57534,4,4,1, 57538
16,57539,2,2,0, 57541
17,57539,3,3,1, 57542
15,57541,2,2,1, 57543
20,57543,6,6,1, 57549
22,57546,4,4,1, 57550
23,57548,3,3,0, 57551
31,57556,2,4,0, 57560
28,57554,5,7,1, 57561
2,57563,2,2,1, 57565
1,57566,1,1,1, 57567
8,57576,1,1,0, 57577
16,57579,2,2,0, 57581
15,57581,2,2,1, 57583
20,57583,6,6,1, 57589
22,57586,4,4,1, 57590
23,57588,3,3,1, 57591
25,57595,2,2,1, 57597
31,57596,2,4,0, 57600
29,57598,4,8,1, 57606
1,57606,1,1,1, 57607
8,57616,1,1,0, 57617
16,57619,2,2,0, 57621
17,57619,3,3,1, 57622
15,57621,2,2,1, 57623
22,57626,4,4,0, 57630
19,57626,5,5,1, 57631
23,57628,3,3,0, 57631
25,57635,2,2,1, 57637
31,57636,2,4,0, 57640
29,57638,4,8,1, 57646
1,57646,1,1,0, 57647
3,57647,3,3,1, 57650
8,57656,1,1,0, 57657
11,57654,4,4,1, 57658
6,57650,2,10,1, 57660
16,57659,2,2,1, 57661
15,57661,2,2,1, 57663
22,57666,4,4,1, 57670
19,57666,5,5,1, 57671
23,57668,3,3,0, 57671
31,57676,2,4,1, 57680
29,57678,4,8,1, 57686
1,57686,1,1,1, 57687
3,57687,3,3,1, 57690
8,57696,1,1,0, 57697
11,57694,4,4,1, 57698
16,57699,2,2,1, 57701
15,57701,2,2,1, 57703
22,57706,4,4,0, 57710
23,57708,3,3,1, 57711
31,57716,2,4,0, 57720
28,57714,5,7,1, 57721
1,57726,1,1,1, 57727
3,57727,3,3,1, 57730
5,57727,3,9,1, 57736
8,57736,1,1,0, 57737
9,57737,2,2,1, 57739
19,57746,5,5,1, 57751
2,57763,2,2,1, 57765
29,57758,4,8,1, 57766
1,57766,1,1,0, 57767
3,57767,3,3,1, 57770
5,57767,3,9,1, 57776
8,57776,1,1,0, 57777
11,57774,4,4,1, 57778
16,57779,2,2,1, 57781
13,57779,4,10,1, 57789
22,57786,4,4,1, 57790
19,57786,5,5,1, 57791
25,57795,2,2,1, 57797
1,57806,1,1,0, 57807
3,57807,3,3,1, 57810
8,57816,1,1,0, 57817
9,57817,2,2,1, 57819
16,57819,2,2,1, 57821
15,57821,2,2,1, 57823
13,57819,4,10,1, 57829
22,57826,4,4,1, 57830
25,57835,2,2,1, 57837
29,57838,4,8,1, 57846
1,57846,1,1,1, 57847
8,57856,1,1,1, 57857
11,57854,4,4,1, 57858
9,57857,2,2,1, 57859
15,57861,2,2,1, 57863
13,57859,4,10,1, 57869
20,57863,6,6,1, 57869
22,57866,4,4,1, 57870
23,57868,3,3,1, 57871
29,57878,4,8,1, 57886
1,57886,1,1,0, 57887
11,57894,4,4,1, 57898
9,57897,2,2,1, 57899
17,57899,3,3,1, 57902
20,57903,6,6,1, 57909
11,58014,4,4,1, 58018
16,58019,2,4,1, 58023
20,58023,6,6,1, 58029
19,58026,5,5,1, 58031
28,58034,5,7,1, 58041
1,58046,1,1,1, 58047
5,58047,3,9,1, 58056
11,58054,4,4,1, 58058
9,58057,2,2,1, 58059
17,58059,3,3,1, 58062
16,58059,2,4,1, 58063
25,58075,2,2,1, 58077
2,58083,2,2,1, 58085
1,58086,1,1,1, 58087
3,58087,3,3,1, 58090
5,58087,3,9,1, 58096
16,58099,2,4,1, 58103
25,58115,2,2,1, 58117
28,58114,5,7,1, 58121
2,58123,2,2,1, 58125
1,58126,1,1,0, 58127
3,58127,3,3,1, 58130
5,58127,3,9,1, 58136
28,58154,5,7,1, 58161
2,58163,2,2,1, 58165
1,58166,1,1,1, 58167
11,58174,4,4,1, 58178
6,58170,2,10,1, 58180
16,58179,2,4,1, 58183
19,58186,5,5,1, 58191
28,58194,5,7,1, 58201
1,58206,1,1,1, 58207
3,58207,3,3,1, 58210
9,58217,2,2,1, 58219
6,58210,2,10,1, 58220
17,58219,3,3,1, 58222
16,58219,2,4,1, 58223
9,58337,2,2,1, 58339
17,58339,3,3,1, 58342
25,58355,2,2,1, 58357
1,58366,1,1,0, 58367
1,58406,1,1,1, 58407
17,58419,3,3,1, 58422
13,58419,4,10,1, 58429
20,58423,6,6,1, 58429
25,58435,2,2,1, 58437
28,58434,5,7,1, 58441
2,58443,2,2,1, 58445
1,58446,1,1,0, 58447
13,58459,4,10,1, 58469
19,58466,5,5,1, 58471
28,58474,5,7,1, 58481
2,58483,2,2,1, 58485
1,58486,1,1,0, 58487
3,58487,3,3,1, 58490
5,58487,3,9,1, 58496
6,58490,2,10,1, 58500
13,58499,4,10,1, 58509
25,58515,2,2,1, 58517
28,58514,5,7,1, 58521
29,58518,4,8,1, 58526
1,58526,1,1,1, 58527
3,58527,3,3,1, 58530
5,58527,3,9,1, 58536
9,58537,2,2,1, 58539
6,58530,2,10,1, 58540
20,58543,6,6,1, 58549
25,58555,2,2,1, 58557
2,58563,2,2,1, 58565
29,58558,4,8,1, 58566
1,58566,1,1,0, 58567
11,58574,4,4,1, 58578
6,58570,2,10,1, 58580
17,58579,3,3,1, 58582
13,58579,4,10,1, 58589
28,58594,5,7,1, 58601
1,58606,1,1,0, 58607
3,58607,3,3,1, 58610
5,58607,3,9,1, 58616
9,58617,2,2,1, 58619
6,58610,2,10,1, 58620
17,58619,3,3,1, 58622
13,58619,4,10,1, 58629
20,58623,6,6,1, 58629
19,58626,5,5,1, 58631
11,58734,4,4,1, 58738
17,58739,3,3,1, 58742
13,58739,4,10,1, 58749
28,58754,5,7,1, 58761
2,58763,2,2,1, 58765
29,58758,4,8,1, 58766
1,58766,1,1,1, 58767
5,58767,3,9,1, 58776
9,58777,2,2,1, 58779
6,58770,2,10,1, 58780
25,58795,2,2,1, 58797
1,58806,1,1,1, 58807
9,58817,2,2,1, 58819
17,58819,3,3,1, 58822
25,58835,2,2,1, 58837
1,58846,1,1,1, 58847
9,58857,2,2,1, 58859
17,58859,3,3,1, 58862
25,58875,2,2,1, 58877
2,58883,2,2,1, 58885
29,58878,4,8,1, 58886
1,58886,1,1,0, 58887
3,58887,3,3,1, 58890
11,58894,4,4,1, 58898
17,58899,3,3,1, 58902
25,58915,2,2,1, 58917
2,58923,2,2,1, 58925
29,58918,4,8,1, 58926
1,58926,1,1,1, 58927
3,58927,3,3,1, 58930
11,58934,4,4,1, 58938
28,58954,5,7,1, 58961
2,58963,2,2,1, 58965
1,58966,1,1,1, 58967
3,58967,3,3,1, 58970
11,58974,4,4,1, 58978
9,58977,2,2,1, 58979
20,58983,6,6,1, 58989
19,58986,5,5,1, 58991
25,58995,2,2,1, 58997
2,59003,2,2,1, 59005
29,58998,4,8,1, 59006
1,59006,1,1,0, 59007
5,59007,3,9,1, 59016
17,59019,3,3,1, 59022
20,59023,6,6,1, 59029
19,59026,5,5,1, 59031
29,59038,4,8,1, 59046
1,59046,1,1,1, 59047
9,59057,2,2,1, 59059
17,59059,3,3,1, 59062
20,59063,6,6,1, 59069
19,59066,5,5,1, 59071
9,59177,2,2,1, 59179
17,59179,3,3,1, 59182
1,59206,1,1,1, 59207
1,59246,1,1,0, 59247
9,59257,2,2,1, 59259
17,59259,3,3,1, 59262
2,59283,2,2,1, 59285
29,59278,4,8,1, 59286
1,59286,1,1,1, 59287
5,59287,3,9,1, 59296
11,59294,4,4,1, 59298
9,59297,2,2,1, 59299
6,59290,2,10,1, 59300
17,59299,3,3,1, 59302
2,59323,2,2,1, 59325
1,59326,1,1,0, 59327
5,59327,3,9,1, 59336
17,59339,3,3,1, 59342
20,59343,6,6,1, 59349
19,59346,5,5,1, 59351
25,59355,2,2,1, 59357
28,59354,5,7,1, 59361
1,59366,1,1,0, 59367
11,59374,4,4,1, 59378
6,59370,2,10,1, 59380
17,59379,3,3,1, 59382
20,59383,6,6,1, 59389
19,59386,5,5,1, 59391
28,59394,5,7,1, 59401
1,59406,1,1,0, 59407
3,59407,3,3,1, 59410
17,59419,3,3,1, 59422
1,59446,1,1,1, 59447
3,59447,3,3,1, 59450
5,59447,3,9,1, 59456
17,59459,3,3,1, 59462
20,59463,6,6,1, 59469
19,59466,5,5,1, 59471
1,59486,1,1,1, 59487
3,59487,3,3,1, 59490
9,59497,2,2,1, 59499
6,59490,2,10,1, 59500
17,59499,3,3,1, 59502
20,59503,6,6,1, 59509
19,59506,5,5,1, 59511
25,59515,2,2,1, 59517
29,59518,4,8,1, 59526
1,59526,1,1,1, 59527
3,59527,3,3,1, 59530
5,59527,3,9,1, 59536
11,59534,4,4,1, 59538
9,59537,2,2,1, 59539
25,59555,2,2,1, 59557
29,59558,4,8,1, 59566
1,59566,1,1,0, 59567
3,59567,3,3,1, 59570
5,59567,3,9,1, 59576
11,59574,4,4,1, 59578
9,59577,2,2,1, 59579
20,59583,6,6,1, 59589
19,59586,5,5,1, 59591
9,59697,2,2,1, 59699
1,59726,1,1,1, 59727
3,59727,3,3,1, 59730
9,59737,2,2,1, 59739
25,59755,2,2,1, 59757
2,59763,2,2,1, 59765
1,59766,1,1,0, 59767
3,59767,3,3,1, 59770
17,59779,3,3,1, 59782
25,59795,2,2,1, 59797
2,59803,2,2,1, 59805
1,59806,1,1,0, 59807
9,59817,2,2,1, 59819
25,59835,2,2,1, 59837
2,59843,2,2,1, 59845
1,59846,1,1,0, 59847
3,59847,3,3,1, 59850
2,59883,2,2,1, 59885
1,59886,1,1,0, 59887
9,59897,2,2,1, 59899
2,59923,2,2,1, 59925
1,59926,1,1,1, 59927
17,59939,3,3,1, 59942
25,59955,2,2,1, 59957
1,59966,1,1,1, 59967
25,59995,2,2,1, 59997
1,60006,1,1,0, 60007
9,60017,2,2,1, 60019
25,60035,2,2,1, 60037
2,60043,2,2,1, 60045
1,60046,1,1,0, 60047
9,60057,2,2,1, 60059
25,60075,2,2,1, 60077
1,60086,1,1,0, 60087
3,60087,3,3,1, 60090
25,60115,2,2,1, 60117
2,60123,2,2,1, 60125
1,60126,1,1,0, 60127
17,60139,3,3,1, 60142
1,60166,1,1,1, 60167
9,60177,2,2,1, 60179
1,60206,1,1,0, 60207
9,60217,2,2,1, 60219
17,60219,3,3,1, 60222
1,60246,1,1,0, 60247
3,60247,3,3,1, 60250
17,60259,3,3,1, 60262
25,60275,2,2,1, 60277
1,60286,1,1,1, 60287
3,60287,3,3,1, 60290
17,60299,3,3,1, 60302
1,60326,1,1,1, 60327
3,60327,3,3,1, 60330
9,60337,2,2,1, 60339
25,60355,2,2,1, 60357
1,60366,1,1,0, 60367
3,60367,3,3,1, 60370
17,60379,3,3,1, 60382
2,60403,2,2,1, 60405
1,60406,1,1,0, 60407
17,60419,3,3,1, 60422
25,60435,2,2,1, 60437
1,60446,1,1,1, 60447
9,60457,2,2,1, 60459
17,60459,3,3,1, 60462
25,60475,2,2,1, 60477
1,60486,1,1,1, 60487
17,60499,3,3,1, 60502
25,60515,2,2,1, 60517
2,60523,2,2,1, 60525
1,60526,1,1,1, 60527
3,60527,3,3,1, 60530
25,60555,2,2,1, 60557
2,60563,2,2,1, 60565
1,60566,1,1,1, 60567
3,60567,3,3,1, 60570
17,60579,3,3,1, 60582
2,60603,2,2,1, 60605
1,60606,1,1,0, 60607
3,60607,3,3,1, 60610
25,60635,2,2,1, 60637
1,60646,1,1,1, 60647
3,60647,3,3,1, 60650
1,60686,1,1,0, 60687
17,60699,3,3,1, 60702
2,60723,2,2,1, 60725
1,60726,1,1,1, 60727
25,60755,2,2,1, 60757
2,60763,2,2,1, 60765
1,60766,1,1,1, 60767
3,60767,3,3,1, 60770
9,60777,2,2,1, 60779
25,60795,2,2,1, 60797
1,60806,1,1,0, 60807
3,60807,3,3,1, 60810
17,60819,3,3,1, 60822
25,60835,2,2,1, 60837
2,60843,2,2,1, 60845
1,60846,1,1,0, 60847
3,60847,3,3,1, 60850
1,60886,1,1,0, 60887
9,60897,2,2,1, 60899
25,60915,2,2,1, 60917
2,60923,2,2,1, 60925
1,60926,1,1,1, 60927
3,60927,3,3,1, 60930
9,60937,2,2,1, 60939
17,60939,3,3,1, 60942
25,60955,2,2,1, 60957
1,60966,1,1,1, 60967
9,60977,2,2,1, 60979
17,60979,3,3,1, 60982
25,60995,2,2,1, 60997
1,61006,1,1,0, 61007
9,61017,2,2,1, 61019
17,61019,3,3,1, 61022
1,61046,1,1,0, 61047
3,61047,3,3,1, 61050
2,61083,2,2,1, 61085
1,61086,1,1,0, 61087
9,61097,2,2,1, 61099
25,61115,2,2,1, 61117
1,61126,1,1,0, 61127
3,61127,3,3,1, 61130
9,61137,2,2,1, 61139
25,61155,2,2,1, 61157
1,61166,1,1,0, 61167
9,61177,2,2,1, 61179
25,61195,2,2,1, 61197
2,61203,2,2,0, 61205
1,61206,1,1,0, 61207
3,61207,3,3,0, 61210
9,61217,2,2,1, 61219
17,61219,3,3,0, 61222
25,61235,2,2,1, 61237
2,61243,2,2,1, 61245
1,61246,1,1,0, 61247
3,61247,3,3,1, 61250
9,61257,2,2,1, 61259
17,61259,3,3,0, 61262
25,61275,2,2,0, 61277
2,61283,2,2,1, 61285
1,61286,1,1,0, 61287
3,61287,3,3,1, 61290
9,61297,2,2,1, 61299
17,61299,3,3,1, 61302
25,61315,2,2,0, 61317
2,61323,2,2,1, 61325
1,61326,1,1,0, 61327
3,61327,3,3,0, 61330
9,61337,2,2,0, 61339
17,61339,3,3,0, 61342
25,61355,2,2,1, 61357
2,61363,2,2,1, 61365
1,61366,1,1,0, 61367
3,61367,3,3,1, 61370
9,61377,2,2,0, 61379
17,61379,3,3,0, 61382
25,61395,2,2,0, 61397
2,61403,2,2,1, 61405
1,61406,1,1,0, 61407
3,61407,3,3,0, 61410
9,61417,2,2,1, 61419
17,61419,3,3,1, 61422
25,61435,2,2,0, 61437
2,61443,2,2,0, 61445
1,61446,1,1,1, 61447
3,61447,3,3,0, 61450
9,61457,2,2,1, 61459
17,61459,3,3,1, 61462
25,61475,2,2,1, 61477
2,61483,2,2,0, 61485
1,61486,1,1,1, 61487
3,61487,3,3,0, 61490
9,61497,2,2,1, 61499
17,61499,3,3,0, 61502
25,61515,2,2,1, 61517
2,61523,2,2,1, 61525
1,61526,1,1,1, 61527
3,61527,3,3,1, 61530
9,61537,2,2,1, 61539
17,61539,3,3,0, 61542
25,61555,2,2,1, 61557
2,61563,2,2,1, 61565
1,61566,1,1,1, 61567
3,61567,3,3,1, 61570
9,61577,2,2,0, 61579
17,61579,3,3,1, 61582
25,61595,2,2,0, 61597
2,61603,2,2,1, 61605
1,61606,1,1,0, 61607
3,61607,3,3,1, 61610
9,61617,2,2,0, 61619
17,61619,3,3,1, 61622
25,61635,2,2,0, 61637
2,61643,2,2,0, 61645
1,61646,1,1,1, 61647
3,61647,3,3,0, 61650
9,61657,2,2,1, 61659
17,61659,3,3,1, 61662
25,61675,2,2,1, 61677
2,61683,2,2,1, 61685
1,61686,1,1,1, 61687
3,61687,3,3,0, 61690
9,61697,2,2,1, 61699
17,61699,3,3,0, 61702
25,61715,2,2,1, 61717
2,61723,2,2,1, 61725
1,61726,1,1,0, 61727
9,61737,2,2,1, 61739
17,61739,3,3,0, 61742
25,61755,2,2,1, 61757
2,61763,2,2,1, 61765
1,61766,1,1,0, 61767
9,61777,2,2,0, 61779
17,61779,3,3,0, 61782
25,61795,2,2,0, 61797
2,61803,2,2,0, 61805
1,61806,1,1,0, 61807
9,61817,2,2,0, 61819
17,61819,3,3,0, 61822
25,61835,2,2,1, 61837
1,61846,1,1,1, 61847
9,61857,2,2,1, 61859
17,61859,3,3,0, 61862
25,61875,2,2,0, 61877
1,61886,1,1,0, 61887
9,61897,2,2,0, 61899
17,61899,3,3,0, 61902
25,61915,2,2,1, 61917
1,61926,1,1,1, 61927
9,61937,2,2,1, 61939
17,61939,3,3,1, 61942
25,61955,2,2,1, 61957
1,61966,1,1,1, 61967
9,61977,2,2,0, 61979
17,61979,3,3,0, 61982
25,61995,2,2,0, 61997
1,62006,1,1,1, 62007
9,62017,2,2,1, 62019
17,62019,3,3,0, 62022
25,62035,2,2,0, 62037
1,62046,1,1,0, 62047
9,62057,2,2,1, 62059
17,62059,3,3,1, 62062
25,62075,2,2,0, 62077
1,62086,1,1,1, 62087
9,62097,2,2,0, 62099
17,62099,3,3,1, 62102
25,62115,2,2,1, 62117
1,62126,1,1,1, 62127
9,62137,2,2,0, 62139
17,62139,3,3,1, 62142
25,62155,2,2,1, 62157
1,62166,1,1,0, 62167
9,62177,2,2,1, 62179
17,62179,3,3,0, 62182
25,62195,2,2,0, 62197
1,62206,1,1,0, 62207
9,62217,2,2,0, 62219
17,62219,3,3,1, 62222
25,62235,2,2,0, 62237
1,62246,1,1,1, 62247
9,62257,2,2,0, 62259
17,62259,3,3,1, 62262
25,62275,2,2,0, 62277
1,62286,1,1,1, 62287
9,62297,2,2,0, 62299
17,62299,3,3,1, 62302
25,62315,2,2,1, 62317
1,62326,1,1,0, 62327
9,62337,2,2,1, 62339
17,62339,3,3,1, 62342
25,62355,2,2,0, 62357
1,62366,1,1,0, 62367
9,62377,2,2,1, 62379
17,62379,3,3,1, 62382
25,62395,2,2,0, 62397
1,62406,1,1,0, 62407
9,62417,2,2,0, 62419
17,62419,3,3,0, 62422
25,62435,2,2,0, 62437
1,62446,1,1,0, 62447
9,62457,2,2,1, 62459
17,62459,3,3,0, 62462
25,62475,2,2,1, 62477
1,62486,1,1,0, 62487
9,62497,2,2,1, 62499
17,62499,3,3,0, 62502
25,62515,2,2,1, 62517
1,62526,1,1,1, 62527
9,62537,2,2,0, 62539
17,62539,3,3,0, 62542
25,62555,2,2,0, 62557
1,62566,1,1,1, 62567
9,62577,2,2,1, 62579
17,62579,3,3,0, 62582
25,62595,2,2,1, 62597
1,62606,1,1,1, 62607
9,62617,2,2,1, 62619
17,62619,3,3,0, 62622
25,62635,2,2,1, 62637
1,62646,1,1,1, 62647
9,62657,2,2,1, 62659
17,62659,3,3,0, 62662
25,62675,2,2,0, 62677
1,62686,1,1,0, 62687
9,62697,2,2,1, 62699
17,62699,3,3,0, 62702
25,62715,2,2,0, 62717
1,62726,1,1,1, 62727
9,62737,2,2,0, 62739
17,62739,3,3,1, 62742
25,62755,2,2,1, 62757
1,62766,1,1,0, 62767
9,62777,2,2,1, 62779
17,62779,3,3,0, 62782
25,62795,2,2,0, 62797
1,62806,1,1,1, 62807
9,62817,2,2,1, 62819
17,62819,3,3,1, 62822
25,62835,2,2,0, 62837
1,62846,1,1,1, 62847
9,62857,2,2,0, 62859
17,62859,3,3,0, 62862
25,62875,2,2,1, 62877
1,62886,1,1,0, 62887
9,62897,2,2,1, 62899
17,62899,3,3,1, 62902
25,62915,2,2,1, 62917
1,62926,1,1,1, 62927
9,62937,2,2,0, 62939
17,62939,3,3,0, 62942
25,62955,2,2,1, 62957
1,62966,1,1,0, 62967
9,62977,2,2,0, 62979
17,62979,3,3,1, 62982
25,62995,2,2,0, 62997
1,63006,1,1,0, 63007
9,63017,2,2,0, 63019
17,63019,3,3,1, 63022
25,63035,2,2,0, 63037
1,63046,1,1,0, 63047
9,63057,2,2,0, 63059
17,63059,3,3,0, 63062
25,63075,2,2,1, 63077
1,63086,1,1,0, 63087
9,63097,2,2,0, 63099
17,63099,3,3,1, 63102
25,63115,2,2,1, 63117
1,63126,1,1,0, 63127
9,63137,2,2,1, 63139
17,63139,3,3,1, 63142
25,63155,2,2,0, 63157
1,63166,1,1,1, 63167
9,63177,2,2,1, 63179
17,63179,3,3,1, 63182
25,63195,2,2,0, 63197
1,63206,1,1,0, 63207
9,63217,2,2,1, 63219
17,63219,3,3,1, 63222
25,63235,2,2,1, 63237
1,63246,1,1,1, 63247
9,63257,2,2,0, 63259
17,63259,3,3,1, 63262
25,63275,2,2,0, 63277
1,63286,1,1,1, 63287
9,63297,2,2,0, 63299
17,63299,3,3,1, 63302
25,63315,2,2,0, 63317
1,63326,1,1,0, 63327
9,63337,2,2,1, 63339
17,63339,3,3,1, 63342
25,63355,2,2,0, 63357
1,63366,1,1,1, 63367
9,63377,2,2,0, 63379
17,63379,3,3,0, 63382
25,63395,2,2,0, 63397
1,63406,1,1,0, 63407
9,63417,2,2,1, 63419
17,63419,3,3,1, 63422
25,63435,2,2,1, 63437
1,63446,1,1,0, 63447
9,63457,2,2,0, 63459
17,63459,3,3,1, 63462
25,63475,2,2,0, 63477
1,63486,1,1,0, 63487
9,63497,2,2,0, 63499
17,63499,3,3,0, 63502
25,63515,2,2,1, 63517
1,63526,1,1,1, 63527
9,63537,2,2,0, 63539
17,63539,3,3,1, 63542
25,63555,2,2,0, 63557
1,63566,1,1,1, 63567
9,63577,2,2,1, 63579
17,63579,3,3,0, 63582
25,63595,2,2,0, 63597
1,63606,1,1,1, 63607
9,63617,2,2,0, 63619
17,63619,3,3,0, 63622
25,63635,2,2,0, 63637
1,63646,1,1,0, 63647
9,63657,2,2,1, 63659
17,63659,3,3,0, 63662
25,63675,2,2,0, 63677
1,63686,1,1,1, 63687
9,63697,2,2,0, 63699
17,63699,3,3,0, 63702
25,63715,2,2,1, 63717
1,63726,1,1,1, 63727
9,63737,2,2,1, 63739
17,63739,3,3,0, 63742
25,63755,2,2,1, 63757
1,63766,1,1,1, 63767
9,63777,2,2,0, 63779
17,63779,3,3,0, 63782
25,63795,2,2,0, 63797
1,63806,1,1,0, 63807
9,63817,2,2,0, 63819
17,63819,3,3,1, 63822
25,63835,2,2,0, 63837
1,63846,1,1,1, 63847
9,63857,2,2,1, 63859
17,63859,3,3,0, 63862
25,63875,2,2,0, 63877
1,63886,1,1,0, 63887
9,63897,2,2,0, 63899
17,63899,3,3,0, 63902
25,63915,2,2,0, 63917
1,63926,1,1,1, 63927
9,63937,2,2,1, 63939
17,63939,3,3,1, 63942
25,63955,2,2,0, 63957
1,63966,1,1,0, 63967
9,63977,2,2,0, 63979
17,63979,3,3,0, 63982
25,63995,2,2,1, 63997
1,64006,1,1,0, 64007
9,64017,2,2,1, 64019
17,64019,3,3,0, 64022
25,64035,2,2,0, 64037
1,64046,1,1,1, 64047
9,64057,2,2,1, 64059
17,64059,3,3,0, 64062
25,64075,2,2,0, 64077
1,64086,1,1,1, 64087
9,64097,2,2,0, 64099
17,64099,3,3,1, 64102
25,64115,2,2,1, 64117
1,64126,1,1,0, 64127
9,64137,2,2,1, 64139
17,64139,3,3,0, 64142
25,64155,2,2,0, 64157
1,64166,1,1,0, 64167
9,64177,2,2,1, 64179
17,64179,3,3,1, 64182
25,64195,2,2,1, 64197
1,64206,1,1,0, 64207
9,64217,2,2,0, 64219
17,64219,3,3,0, 64222
25,64235,2,2,1, 64237
1,64246,1,1,1, 64247
9,64257,2,2,1, 64259
17,64259,3,3,1, 64262
25,64275,2,2,0, 64277
1,64286,1,1,0, 64287
9,64297,2,2,0, 64299
17,64299,3,3,1, 64302
25,64315,2,2,0, 64317
1,64326,1,1,1, 64327
9,64337,2,2,0, 64339
17,64339,3,3,0, 64342
25,64355,2,2,0, 64357
1,64366,1,1,1, 64367
9,64377,2,2,0, 64379
17,64379,3,3,1, 64382
25,64395,2,2,1, 64397
1,64406,1,1,0, 64407
9,64417,2,2,0, 64419
17,64419,3,3,0, 64422
25,64435,2,2,1, 64437
1,64446,1,1,1, 64447
9,64457,2,2,1, 64459
17,64459,3,3,1, 64462
25,64475,2,2,0, 64477
1,64486,1,1,1, 64487
9,64497,2,2,1, 64499
17,64499,3,3,1, 64502
25,64515,2,2,0, 64517
1,64526,1,1,1, 64527
9,64537,2,2,1, 64539
17,64539,3,3,0, 64542
25,64555,2,2,1, 64557
1,64566,1,1,0, 64567
9,64577,2,2,0, 64579
17,64579,3,3,0, 64582
25,64595,2,2,1, 64597
1,64606,1,1,0, 64607
9,64617,2,2,0, 64619
17,64619,3,3,0, 64622
25,64635,2,2,1, 64637
1,64646,1,1,0, 64647
9,64657,2,2,0, 64659
17,64659,3,3,1, 64662
25,64675,2,2,1, 64677
1,64686,1,1,0, 64687
9,64697,2,2,1, 64699
17,64699,3,3,0, 64702
25,64715,2,2,1, 64717
1,64726,1,1,0, 64727
9,64737,2,2,0, 64739
17,64739,3,3,1, 64742
25,64755,2,2,1, 64757
1,64766,1,1,0, 64767
9,64777,2,2,1, 64779
17,64779,3,3,0, 64782
25,64795,2,2,0, 64797
1,64806,1,1,1, 64807
9,64817,2,2,0, 64819
17,64819,3,3,1, 64822
25,64835,2,2,0, 64837
1,64846,1,1,1, 64847
9,64857,2,2,1, 64859
17,64859,3,3,0, 64862
25,64875,2,2,0, 64877
1,64886,1,1,1, 64887
9,64897,2,2,0, 64899
17,64899,3,3,1, 64902
25,64915,2,2,1, 64917
1,64926,1,1,0, 64927
9,64937,2,2,0, 64939
17,64939,3,3,0, 64942
25,64955,2,2,0, 64957
1,64966,1,1,0, 64967
9,64977,2,2,1, 64979
17,64979,3,3,0, 64982
25,64995,2,2,0, 64997
1,65006,1,1,1, 65007
9,65017,2,2,0, 65019
17,65019,3,3,1, 65022
25,65035,2,2,0, 65037
1,65046,1,1,1, 65047
9,65057,2,2,1, 65059
17,65059,3,3,0, 65062
25,65075,2,2,0, 65077
1,65086,1,1,1, 65087
9,65097,2,2,1, 65099
17,65099,3,3,1, 65102
25,65115,2,2,0, 65117
1,65126,1,1,0, 65127
9,65137,2,2,1, 65139
17,65139,3,3,0, 65142
25,65155,2,2,1, 65157
1,65166,1,1,1, 65167
9,65177,2,2,0, 65179
17,65179,3,3,1, 65182
25,65195,2,2,0, 65197
1,65206,1,1,0, 65207
9,65217,2,2,0, 65219
17,65219,3,3,0, 65222
25,65235,2,2,1, 65237
1,65246,1,1,1, 65247
9,65257,2,2,0, 65259
17,65259,3,3,1, 65262
25,65275,2,2,1, 65277
1,65286,1,1,1, 65287
9,65297,2,2,1, 65299
17,65299,3,3,0, 65302
25,65315,2,2,0, 65317
1,65326,1,1,0, 65327
9,65337,2,2,1, 65339
17,65339,3,3,0, 65342
25,65355,2,2,1, 65357
1,65366,1,1,0, 65367
9,65377,2,2,1, 65379
17,65379,3,3,0, 65382
25,65395,2,2,1, 65397
1,65406,1,1,0, 65407
9,65417,2,2,0, 65419
17,65419,3,3,1, 65422
25,65435,2,2,1, 65437
1,65446,1,1,1, 65447
9,65457,2,2,1, 65459
17,65459,3,3,0, 65462
25,65475,2,2,1, 65477
1,65486,1,1,0, 65487
9,65497,2,2,0, 65499
17,65499,3,3,0, 65502
25,65515,2,2,1, 65517
1,65526,1,1,0, 65527
9,65537,2,2,1, 65539
17,65539,3,3,1, 65542
25,65555,2,2,0, 65557
1,65566,1,1,1, 65567
9,65577,2,2,1, 65579
17,65579,3,3,0, 65582
25,65595,2,2,0, 65597
1,65606,1,1,1, 65607
9,65617,2,2,1, 65619
17,65619,3,3,0, 65622
25,65635,2,2,0, 65637
1,65646,1,1,0, 65647
9,65657,2,2,1, 65659
17,65659,3,3,1, 65662
25,65675,2,2,1, 65677
1,65686,1,1,0, 65687
9,65697,2,2,0, 65699
17,65699,3,3,0, 65702
25,65715,2,2,1, 65717
1,65726,1,1,0, 65727
9,65737,2,2,1, 65739
17,65739,3,3,0, 65742
25,65755,2,2,0, 65757
1,65766,1,1,1, 65767
9,65777,2,2,1, 65779
17,65779,3,3,1, 65782
25,65795,2,2,1, 65797
1,65806,1,1,1, 65807
9,65817,2,2,1, 65819
17,65819,3,3,0, 65822
25,65835,2,2,0, 65837
1,65846,1,1,0, 65847
9,65857,2,2,1, 65859
17,65859,3,3,1, 65862
25,65875,2,2,0, 65877
1,65886,1,1,1, 65887
9,65897,2,2,0, 65899
17,65899,3,3,0, 65902
25,65915,2,2,1, 65917
1,65926,1,1,0, 65927
9,65937,2,2,0, 65939
17,65939,3,3,1, 65942
25,65955,2,2,1, 65957
1,65966,1,1,0, 65967
9,65977,2,2,0, 65979
17,65979,3,3,1, 65982
25,65995,2,2,0, 65997
1,66006,1,1,1, 66007
9,66017,2,2,0, 66019
17,66019,3,3,1, 66022
25,66035,2,2,0, 66037
1,66046,1,1,0, 66047
9,66057,2,2,0, 66059
17,66059,3,3,1, 66062
25,66075,2,2,1, 66077
1,66086,1,1,0, 66087
9,66097,2,2,0, 66099
17,66099,3,3,1, 66102
25,66115,2,2,1, 66117
1,66126,1,1,1, 66127
9,66137,2,2,1, 66139
17,66139,3,3,1, 66142
25,66155,2,2,0, 66157
1,66166,1,1,0, 66167
9,66177,2,2,1, 66179
17,66179,3,3,0, 66182
25,66195,2,2,0, 66197
1,66206,1,1,0, 66207
9,66217,2,2,0, 66219
17,66219,3,3,1, 66222
25,66235,2,2,0, 66237
1,66246,1,1,1, 66247
9,66257,2,2,0, 66259
17,66259,3,3,0, 66262
25,66275,2,2,1, 66277
1,66286,1,1,1, 66287
9,66297,2,2,1, 66299
17,66299,3,3,0, 66302
25,66315,2,2,1, 66317
1,66326,1,1,0, 66327
9,66337,2,2,0, 66339
17,66339,3,3,0, 66342
25,66355,2,2,1, 66357
1,66366,1,1,1, 66367
9,66377,2,2,1, 66379
17,66379,3,3,0, 66382
25,66395,2,2,0, 66397
1,66406,1,1,0, 66407
9,66417,2,2,0, 66419
17,66419,3,3,0, 66422
25,66435,2,2,1, 66437
1,66446,1,1,0, 66447
9,66457,2,2,0, 66459
17,66459,3,3,0, 66462
25,66475,2,2,0, 66477
1,66486,1,1,0, 66487
9,66497,2,2,0, 66499
17,66499,3,3,0, 66502
25,66515,2,2,0, 66517
1,66526,1,1,1, 66527
9,66537,2,2,0, 66539
17,66539,3,3,0, 66542
25,66555,2,2,1, 66557
1,66566,1,1,0, 66567
9,66577,2,2,0, 66579
17,66579,3,3,0, 66582
25,66595,2,2,1, 66597
1,66606,1,1,0, 66607
9,66617,2,2,0, 66619
17,66619,3,3,1, 66622
25,66635,2,2,0, 66637
1,66646,1,1,1, 66647
9,66657,2,2,0, 66659
17,66659,3,3,1, 66662
25,66675,2,2,1, 66677
1,66686,1,1,0, 66687
9,66697,2,2,1, 66699
17,66699,3,3,0, 66702
25,66715,2,2,1, 66717
1,66726,1,1,0, 66727
9,66737,2,2,1, 66739
17,66739,3,3,0, 66742
25,66755,2,2,1, 66757
1,66766,1,1,0, 66767
9,66777,2,2,1, 66779
17,66779,3,3,0, 66782
25,66795,2,2,1, 66797
1,66806,1,1,0, 66807
9,66817,2,2,0, 66819
17,66819,3,3,0, 66822
25,66835,2,2,0, 66837
1,66846,1,1,0, 66847
9,66857,2,2,0, 66859
17,66859,3,3,1, 66862
25,66875,2,2,1, 66877
1,66886,1,1,1, 66887
9,66897,2,2,1, 66899
17,66899,3,3,0, 66902
25,66915,2,2,0, 66917
