Time,  Packets Generated,  Packets Reached,High Priority Packets Generated, High Priority Packets reached, Packet Dropped, Packet Dropped due to Faulty Node, High Prio Packet Dropped due to Faulty Node, Low Prio Packet Dropped due to Faulty Node 
5,1,1,1,1,0,0,0,0
10,7,6,6,5,0,0,0,0
15,15,13,9,8,0,0,0,0
20,31,24,16,14,1,1,0,1
25,50,40,26,22,3,3,0,3
30,74,61,36,32,6,6,1,5
35,102,84,46,40,9,9,3,6
40,133,111,64,54,12,12,4,8
45,164,139,81,67,15,15,6,9
50,195,164,96,86,23,18,7,11
55,226,187,110,102,31,21,7,14
60,257,204,125,113,44,24,7,17
65,288,226,140,128,54,26,8,18
70,319,244,157,138,67,28,10,18
75,350,256,173,145,88,30,11,19
80,381,265,188,151,110,32,11,21
85,412,277,202,159,129,34,12,22
90,443,285,213,166,154,36,13,23
95,474,293,226,174,178,38,13,25
100,505,298,237,177,201,40,13,27
105,536,307,250,186,226,42,13,29
110,567,312,259,189,252,44,13,31
115,598,320,278,196,274,46,15,31
120,629,328,292,202,298,48,15,33
125,660,337,310,210,319,50,15,35
130,691,344,329,217,344,52,17,35
135,722,349,347,222,371,54,17,37
140,753,353,363,225,398,56,18,38
145,784,355,377,227,428,58,19,39
150,815,356,385,227,458,60,20,40
155,846,357,398,228,488,62,20,42
160,877,358,412,228,519,64,22,42
165,908,359,427,228,547,66,22,44
170,939,360,442,229,579,68,24,44
175,970,363,460,231,604,70,26,44
180,1001,367,473,234,632,72,28,44
185,1032,371,488,238,660,74,30,44
190,1063,375,505,241,685,76,31,45
195,1094,381,518,246,710,78,32,46
200,1125,384,536,249,739,80,34,46
205,1156,385,552,249,771,82,35,47
210,1187,386,569,249,799,84,37,47
215,1218,387,583,249,830,86,38,48
220,1249,388,596,249,861,88,39,49
225,1280,389,612,249,891,90,40,50
230,1311,390,624,250,921,92,40,52
235,1342,391,635,251,950,94,41,53
240,1373,393,653,252,979,96,43,53
245,1404,399,668,257,1004,98,44,54
250,1435,404,684,261,1029,100,45,55
255,1466,410,699,265,1054,102,46,56
260,1497,417,713,270,1079,104,48,56
265,1528,421,730,274,1107,106,50,56
270,1559,423,744,275,1135,108,52,56
275,1590,425,756,277,1165,110,52,58
280,1621,427,772,278,1194,112,52,60
285,1652,429,786,280,1223,114,53,61
290,1683,431,806,281,1252,116,53,63
295,1714,434,819,282,1280,118,55,63
300,1745,436,833,284,1309,120,55,65
305,1776,441,845,287,1334,122,56,66
310,1807,447,859,291,1358,124,57,67
315,1838,453,875,297,1385,126,58,68
320,1869,457,891,299,1410,128,60,68
325,1900,463,905,303,1434,130,60,70
330,1931,470,927,310,1459,132,61,71
335,1962,474,942,314,1486,134,62,72
340,1993,479,954,317,1514,136,63,73
345,2024,483,967,319,1539,138,63,75
350,2055,485,986,321,1569,140,64,76
355,2086,486,1001,322,1600,142,65,77
360,2117,487,1017,323,1630,144,66,78
365,2148,488,1033,324,1659,146,66,80
370,2179,490,1049,324,1687,148,68,80
375,2210,492,1065,325,1716,150,70,80
380,2241,494,1080,326,1747,152,70,82
385,2272,496,1097,326,1776,154,71,83
390,2303,498,1111,326,1805,156,71,85
395,2334,500,1123,328,1833,158,71,87
400,2365,504,1139,332,1861,160,71,89
405,2396,507,1157,334,1889,162,73,89
410,2427,509,1175,336,1917,164,75,89
415,2458,514,1186,339,1943,166,75,91
420,2489,519,1197,343,1969,168,76,92
425,2520,525,1215,349,1995,170,76,94
430,2551,526,1226,349,2024,172,77,95
435,2582,527,1245,350,2054,174,79,95
440,2613,530,1258,353,2082,176,79,97
445,2644,533,1276,356,2110,178,81,97
450,2675,536,1289,357,2139,180,81,99
455,2706,539,1302,359,2167,182,82,100
460,2737,542,1316,360,2194,184,83,101
465,2768,547,1329,364,2221,186,83,103
470,2799,550,1350,367,2246,188,85,103
475,2830,557,1363,374,2272,190,86,104
480,2861,561,1380,376,2298,192,88,104
485,2892,567,1395,380,2324,194,89,105
490,2923,572,1409,384,2350,196,90,106
495,2954,578,1421,388,2376,198,90,108
500,2985,583,1438,392,2401,200,92,108
505,3016,587,1454,395,2429,202,93,109
510,3047,589,1464,397,2456,204,94,110
515,3078,596,1477,402,2481,206,95,111
520,3109,600,1491,404,2509,208,97,111
525,3140,601,1507,404,2539,210,97,113
530,3171,602,1517,405,2569,212,98,114
535,3202,604,1530,405,2598,214,99,115
540,3233,606,1547,407,2626,216,100,116
545,3264,608,1565,408,2654,218,100,118
550,3295,610,1581,409,2684,220,101,119
555,3326,612,1602,410,2713,222,103,119
560,3357,614,1618,410,2742,224,103,121
565,3388,616,1642,411,2772,226,105,121
570,3419,618,1660,412,2801,228,106,122
575,3450,620,1673,413,2830,230,107,123
580,3481,623,1686,415,2858,232,107,125
585,3512,625,1696,415,2887,234,108,126
590,3543,630,1711,419,2913,236,108,128
595,3574,633,1720,420,2941,238,108,130
600,3605,637,1733,423,2968,240,108,132
605,3636,643,1748,427,2993,242,108,134
610,3667,645,1763,428,3022,244,110,134
615,3698,647,1779,429,3051,246,112,134
620,3729,649,1794,430,3080,248,113,135
625,3760,651,1806,432,3109,250,114,136
630,3791,654,1820,433,3136,252,115,137
635,3822,658,1836,434,3164,254,117,137
640,3853,662,1856,437,3191,256,118,138
645,3884,667,1878,442,3215,258,119,139
650,3915,671,1890,444,3243,260,119,141
655,3946,676,1901,447,3268,262,119,143
660,3977,683,1919,452,3291,264,121,143
665,4008,690,1936,458,3315,266,122,144
670,4039,698,1954,465,3338,268,122,146
675,4070,702,1967,468,3366,270,123,147
680,4101,705,1980,470,3396,272,124,148
685,4132,708,1997,472,3422,274,125,149
690,4163,712,2009,476,3450,276,126,150
695,4194,714,2026,478,3478,278,127,151
700,4225,717,2040,480,3508,280,128,152
705,4256,718,2057,480,3538,282,130,152
710,4287,719,2071,480,3568,284,131,153
715,4318,721,2087,480,3597,286,133,153
720,4349,723,2105,481,3626,288,134,154
725,4380,725,2123,482,3655,290,135,155
730,4411,727,2138,483,3684,292,135,157
735,4442,729,2150,484,3713,294,135,159
740,4473,731,2167,484,3742,296,135,161
745,4504,733,2182,485,3770,298,137,161
750,4535,735,2200,487,3800,300,138,162
755,4566,737,2217,488,3829,302,140,162
760,4597,739,2232,489,3858,304,141,163
765,4628,742,2244,490,3886,306,142,164
770,4659,745,2262,493,3914,308,144,164
775,4690,747,2274,493,3943,310,144,166
780,4721,753,2290,497,3966,312,144,168
785,4752,761,2307,505,3991,314,144,170
790,4783,767,2321,510,4015,316,145,171
795,4814,772,2337,514,4040,318,145,173
800,4845,778,2350,518,4067,320,146,174
805,4876,783,2362,521,4091,322,147,175
810,4907,790,2378,527,4117,324,147,177
815,4938,792,2398,528,4146,326,148,178
820,4969,795,2409,530,4174,328,148,180
825,5000,798,2426,532,4202,330,150,180
830,5031,801,2443,534,4230,332,152,180
835,5062,804,2460,536,4257,334,152,182
840,5093,807,2473,539,4285,336,154,182
845,5124,809,2489,540,4314,338,154,184
850,5155,812,2506,543,4343,340,155,185
855,5186,814,2525,545,4372,342,156,186
860,5217,817,2540,546,4399,344,157,187
865,5248,820,2553,547,4428,346,159,187
870,5279,823,2572,548,4456,348,161,187
875,5310,825,2586,550,4485,350,163,187
880,5341,828,2604,552,4513,352,164,188
885,5372,831,2615,554,4541,354,164,190
890,5403,834,2627,555,4569,356,165,191
895,5434,838,2640,557,4596,358,167,191
900,5465,839,2655,557,4626,360,167,193
905,5496,841,2668,558,4655,362,168,194
910,5527,843,2681,559,4684,364,169,195
915,5558,845,2696,559,4713,366,170,196
920,5589,849,2710,560,4739,368,171,197
925,5620,853,2723,562,4766,370,172,198
930,5651,857,2737,564,4793,372,173,199
935,5682,863,2751,569,4819,374,173,201
940,5713,866,2764,572,4847,376,174,202
945,5744,870,2778,576,4873,378,176,202
950,5775,875,2792,579,4898,380,177,203
955,5806,885,2809,587,4919,382,177,205
960,5837,888,2825,588,4949,384,178,206
965,5868,890,2843,589,4978,386,180,206
970,5899,892,2861,591,5007,388,182,206
975,5930,895,2875,593,5035,390,182,208
980,5961,899,2890,596,5062,392,184,208
985,5992,904,2911,601,5088,394,185,209
990,6023,907,2926,604,5116,396,186,210
995,6054,909,2939,605,5145,398,187,211
1000,6085,913,2953,609,5172,400,188,212
1005,6116,916,2965,612,5200,402,189,213
1010,6147,918,2986,614,5229,404,190,214
1015,6178,920,3002,616,5258,406,191,215
1020,6209,922,3017,616,5287,408,192,216
1025,6240,925,3032,618,5315,410,193,217
1030,6271,928,3047,621,5342,412,193,219
1035,6302,930,3060,621,5371,414,193,221
1040,6333,933,3081,623,5400,416,194,222
1045,6364,936,3100,625,5427,418,195,223
1050,6395,938,3114,626,5457,420,196,224
1055,6426,940,3128,628,5485,422,197,225
1060,6457,942,3139,628,5515,424,197,227
1065,6488,945,3152,628,5542,426,198,228
1070,6519,951,3171,633,5566,428,199,229
1075,6550,956,3182,636,5594,430,199,231
1080,6581,959,3199,639,5619,432,201,231
1085,6612,967,3211,645,5645,434,201,233
1090,6643,973,3226,651,5668,436,201,235
1095,6674,981,3237,656,5692,438,201,237
1100,6705,986,3254,659,5719,440,203,237
1105,6736,987,3265,660,5748,442,204,238
1110,6767,989,3282,662,5777,444,206,238
1115,6798,991,3301,663,5806,446,208,238
1120,6829,993,3318,664,5835,448,208,240
1125,6860,995,3333,665,5864,450,208,242
1130,6891,997,3347,667,5894,452,210,242
1135,6922,999,3359,667,5923,454,210,244
1140,6953,1001,3375,667,5952,456,211,245
1145,6984,1004,3390,670,5980,458,212,246
1150,7015,1006,3403,670,6009,460,213,247
1155,7046,1008,3419,671,6038,462,214,248
1160,7077,1010,3431,673,6067,464,215,249
1165,7108,1013,3444,674,6095,466,216,250
1170,7139,1016,3462,675,6123,468,217,251
1175,7170,1019,3477,677,6151,470,218,252
1180,7201,1022,3497,679,6179,472,219,253
1185,7232,1025,3508,681,6207,474,220,254
1190,7263,1030,3523,685,6233,476,220,256
1195,7294,1033,3543,688,6261,478,222,256
1200,7325,1038,3558,693,6286,480,224,256
1205,7356,1041,3578,696,6313,482,226,256
1210,7387,1047,3602,700,6340,484,228,256
1215,7418,1050,3616,702,6367,486,229,257
1220,7449,1054,3636,705,6395,488,231,257
1225,7480,1059,3656,709,6420,490,231,259
1230,7511,1065,3668,713,6446,492,232,260
1235,7542,1070,3679,717,6471,494,232,262
1240,7573,1076,3690,720,6496,496,232,264
1245,7604,1081,3705,724,6519,498,232,266
1250,7635,1087,3719,729,6545,500,234,266
1255,7666,1091,3732,732,6572,502,235,267
1260,7697,1096,3754,736,6598,504,235,269
1265,7728,1101,3775,741,6627,506,236,270
1270,7759,1102,3789,741,6656,508,238,270
1275,7790,1103,3800,741,6687,510,240,270
1280,7821,1104,3813,741,6717,512,241,271
1285,7852,1105,3833,742,6746,514,241,273
1290,7883,1106,3845,743,6777,516,241,275
1295,7914,1107,3864,744,6807,518,242,276
1300,7945,1108,3879,745,6837,520,243,277
1305,7976,1109,3891,746,6867,522,243,279
1310,8007,1110,3902,746,6897,524,243,281
1315,8038,1112,3914,746,6926,526,244,282
1320,8069,1114,3926,746,6955,528,244,284
1325,8100,1116,3939,748,6984,530,245,285
1330,8131,1118,3958,750,7013,532,246,286
1335,8162,1121,3976,752,7041,534,248,286
1340,8193,1123,3991,752,7070,536,249,287
1345,8224,1126,4007,755,7098,538,250,288
1350,8255,1128,4018,755,7127,540,251,289
1355,8286,1130,4033,755,7156,542,252,290
1360,8317,1133,4051,756,7183,544,253,291
1365,8348,1139,4062,760,7208,546,253,293
1370,8379,1145,4076,764,7233,548,254,294
1375,8410,1155,4091,772,7254,550,255,295
1380,8441,1168,4108,782,7272,552,255,297
1385,8472,1174,4121,786,7298,554,256,298
1390,8503,1177,4140,789,7326,556,257,299
1395,8534,1180,4155,791,7354,558,257,301
1400,8565,1183,4172,793,7382,560,258,302
1405,8596,1185,4189,794,7411,562,260,302
1410,8627,1188,4206,797,7439,564,261,303
1415,8658,1191,4223,799,7467,566,261,305
1420,8689,1193,4239,799,7496,568,261,307
1425,8720,1195,4251,800,7525,570,262,308
1430,8751,1197,4261,800,7554,572,262,310
1435,8782,1200,4280,803,7582,574,262,312
1440,8813,1202,4294,803,7610,576,264,312
1445,8844,1204,4307,804,7640,578,265,313
1450,8875,1207,4318,806,7668,580,265,315
1455,8906,1210,4332,809,7695,582,266,316
1460,8937,1213,4351,811,7722,584,268,316
1465,8968,1216,4362,813,7751,586,270,316
1470,8999,1218,4373,814,7780,588,271,317
1475,9030,1219,4389,815,7810,590,271,319
1480,9061,1220,4407,816,7840,592,273,319
1485,9092,1221,4427,817,7870,594,274,320
1490,9123,1223,4446,818,7898,596,276,320
1495,9154,1229,4459,821,7923,598,276,322
1500,9185,1234,4474,824,7950,600,276,324
1505,9216,1240,4489,828,7976,602,276,326
1510,9247,1245,4506,830,8001,604,276,328
1515,9278,1250,4523,833,8027,606,277,329
1520,9309,1254,4533,834,8054,608,278,330
1525,9340,1260,4546,838,8080,610,280,330
1530,9371,1262,4560,839,8108,612,281,331
1535,9402,1265,4574,841,8137,614,281,333
1540,9433,1267,4589,841,8166,616,281,335
1545,9464,1270,4612,844,8193,618,282,336
1550,9495,1273,4630,847,8222,620,283,337
1555,9526,1275,4648,848,8251,622,283,339
1560,9557,1277,4662,849,8280,624,284,340
1565,9588,1280,4679,851,8308,626,286,340
1570,9619,1282,4699,853,8337,628,287,341
1575,9650,1285,4715,854,8365,630,288,342
1580,9681,1290,4733,857,8391,632,289,343
1585,9712,1294,4747,858,8418,634,290,344
1590,9743,1298,4763,860,8445,636,291,345
1595,9774,1303,4780,865,8471,638,291,347
1600,9805,1306,4794,868,8499,640,292,348
1605,9836,1310,4805,870,8526,642,293,349
1610,9867,1313,4821,872,8554,644,294,350
1615,9898,1316,4839,875,8582,646,295,351
1620,9929,1318,4856,877,8611,648,296,352
1625,9960,1321,4868,879,8639,650,297,353
1630,9991,1323,4878,879,8668,652,299,353
1635,10022,1326,4892,880,8694,654,301,353
1640,10053,1331,4906,883,8721,656,302,354
1645,10084,1336,4922,888,8746,658,303,355
1650,10115,1340,4934,890,8773,660,304,356
1655,10146,1347,4954,896,8797,662,305,357
1660,10177,1350,4970,898,8826,664,306,358
1665,10208,1352,4981,899,8855,666,307,359
1670,10239,1358,4996,904,8878,668,307,361
1675,10270,1365,5010,910,8904,670,308,362
1680,10301,1368,5023,912,8930,672,309,363
1685,10332,1371,5043,914,8959,674,311,363
1690,10363,1372,5058,914,8991,676,313,363
1695,10394,1373,5080,915,9020,678,315,363
1700,10425,1374,5099,915,9050,680,315,365
1705,10456,1375,5109,915,9081,682,316,366
1710,10487,1376,5123,915,9111,684,318,366
1715,10518,1377,5137,915,9141,686,320,366
1720,10549,1379,5157,916,9170,688,321,367
1725,10580,1381,5173,918,9199,690,322,368
1730,10611,1383,5185,918,9228,692,322,370
1735,10642,1385,5203,920,9257,694,323,371
1740,10673,1387,5215,921,9286,696,323,373
1745,10704,1389,5231,922,9315,698,324,374
1750,10735,1391,5247,923,9344,700,324,376
1755,10766,1393,5261,923,9373,702,325,377
1760,10797,1397,5278,924,9400,704,327,377
1765,10828,1400,5295,927,9428,706,329,377
1770,10859,1404,5305,928,9455,708,330,378
1775,10890,1408,5323,931,9482,710,331,379
1780,10921,1411,5342,932,9510,712,332,380
1785,10952,1414,5361,933,9538,714,333,381
1790,10983,1420,5378,937,9563,716,334,382
1795,11014,1425,5398,940,9588,718,335,383
1800,11045,1431,5412,943,9613,720,337,383
1805,11076,1437,5426,947,9638,722,337,385
1810,11107,1441,5440,949,9666,724,338,386
1815,11138,1446,5456,952,9692,726,339,387
1820,11169,1453,5473,957,9714,728,340,388
1825,11200,1460,5486,961,9739,730,341,389
1830,11231,1467,5503,966,9764,732,341,391
1835,11262,1470,5524,969,9790,734,342,392
1840,11293,1474,5540,971,9817,736,343,393
1845,11324,1481,5554,976,9840,738,344,394
1850,11355,1488,5566,982,9865,740,344,396
1855,11386,1493,5577,985,9892,742,345,397
1860,11417,1500,5592,991,9915,744,346,398
1865,11448,1504,5606,994,9943,746,347,399
1870,11479,1505,5621,994,9974,748,348,400
1875,11510,1506,5635,994,10004,750,349,401
1880,11541,1507,5644,995,10034,752,351,401
1885,11572,1508,5653,995,10064,754,351,403
1890,11603,1509,5666,996,10094,756,351,405
1895,11634,1510,5680,996,10123,758,351,407
1900,11665,1511,5693,996,10154,760,351,409
1905,11696,1512,5705,996,10184,762,352,410
1910,11727,1513,5721,996,10213,764,354,410
1915,11758,1514,5741,996,10244,766,355,411
1920,11789,1515,5754,997,10274,768,356,412
1925,11820,1516,5765,997,10304,770,357,413
1930,11851,1517,5780,998,10334,772,358,414
1935,11882,1518,5799,999,10364,774,359,415
1940,11913,1520,5817,1000,10393,776,360,416
1945,11944,1522,5833,1001,10422,778,362,416
1950,11975,1524,5847,1001,10451,780,363,417
1955,12006,1526,5862,1003,10480,782,365,417
1960,12037,1528,5880,1003,10507,784,366,418
1965,12068,1530,5895,1005,10537,786,367,419
1970,12099,1534,5914,1009,10565,788,367,421
1975,12130,1539,5930,1011,10591,790,368,422
1980,12161,1544,5944,1015,10617,792,368,424
1985,12192,1549,5959,1019,10643,794,368,426
1990,12223,1554,5974,1021,10668,796,369,427
1995,12254,1560,5989,1024,10694,798,371,427
2000,12285,1564,5997,1025,10720,800,371,429
2005,12316,1569,6007,1028,10746,802,371,431
2010,12347,1574,6022,1031,10773,804,372,432
2015,12378,1578,6031,1032,10800,806,372,434
2020,12409,1583,6040,1033,10826,808,373,435
2025,12440,1588,6051,1035,10852,810,373,437
2030,12471,1592,6065,1037,10879,812,375,437
2035,12502,1597,6080,1039,10904,814,377,437
2040,12533,1602,6092,1043,10930,816,377,439
2045,12564,1612,6106,1049,10952,818,378,440
2050,12595,1621,6121,1055,10972,820,379,441
2055,12626,1630,6138,1061,10995,822,379,443
2060,12657,1637,6153,1066,11019,824,379,445
2065,12688,1642,6168,1069,11045,826,380,446
2070,12719,1643,6179,1069,11076,828,380,448
2075,12750,1644,6189,1069,11105,830,380,450
2080,12781,1645,6202,1069,11135,832,381,451
2085,12812,1646,6218,1069,11166,834,382,452
2090,12843,1647,6234,1069,11196,836,383,453
2095,12874,1648,6253,1070,11226,838,383,455
2100,12905,1649,6267,1070,11255,840,383,457
2105,12936,1650,6280,1071,11286,842,384,458
2110,12967,1651,6296,1072,11316,844,384,460
2115,12998,1652,6317,1072,11346,846,386,460
2120,13029,1653,6334,1073,11376,848,387,461
2125,13060,1654,6354,1074,11406,850,387,463
2130,13091,1655,6367,1075,11436,852,387,465
2135,13122,1656,6378,1076,11466,854,388,466
2140,13153,1657,6391,1076,11496,856,388,468
2145,13184,1658,6408,1076,11524,858,388,470
2150,13215,1659,6421,1076,11554,860,389,471
2155,13246,1660,6435,1076,11586,862,390,472
2160,13277,1661,6446,1076,11616,864,391,473
2165,13308,1663,6464,1076,11644,866,391,475
2170,13339,1667,6481,1078,11671,868,393,475
2175,13370,1671,6497,1082,11698,870,393,477
2180,13401,1676,6513,1086,11725,872,394,478
2185,13432,1681,6531,1090,11751,874,396,478
2190,13463,1685,6546,1093,11777,876,397,479
2195,13494,1691,6560,1097,11803,878,397,481
2200,13525,1695,6577,1100,11830,880,398,482
2205,13556,1701,6594,1104,11854,882,399,483
2210,13587,1707,6614,1110,11878,884,401,483
2215,13618,1714,6626,1115,11904,886,403,483
2220,13649,1720,6639,1121,11929,888,403,485
2225,13680,1727,6653,1124,11953,890,404,486
2230,13711,1732,6668,1127,11978,892,406,486
2235,13742,1738,6677,1132,12004,894,407,487
2240,13773,1743,6688,1135,12030,896,407,489
2245,13804,1747,6708,1139,12057,898,408,490
2250,13835,1751,6723,1141,12084,900,410,490
2255,13866,1755,6734,1143,12111,902,410,492
2260,13897,1759,6744,1144,12138,904,411,493
2265,13928,1762,6756,1145,12166,906,412,494
2270,13959,1769,6770,1149,12190,908,413,495
2275,13990,1774,6784,1152,12215,910,414,496
2280,14021,1779,6797,1156,12241,912,415,497
2285,14052,1781,6807,1157,12271,914,415,499
2290,14083,1782,6823,1157,12301,916,417,499
2295,14114,1783,6838,1157,12330,918,418,500
2300,14145,1784,6854,1158,12360,920,420,500
2305,14176,1785,6865,1158,12391,922,421,501
2310,14207,1786,6877,1159,12421,924,422,502
2315,14238,1787,6890,1159,12451,926,423,503
2320,14269,1788,6911,1160,12480,928,423,505
2325,14300,1789,6928,1161,12511,930,425,505
2330,14331,1790,6944,1162,12540,932,426,506
2335,14362,1791,6955,1163,12571,934,428,506
2340,14393,1793,6968,1163,12598,936,429,507
2345,14424,1797,6980,1166,12627,937,429,508
2350,14455,1799,6999,1166,12655,938,430,508
2355,14486,1803,7013,1169,12683,939,431,508
2360,14517,1805,7025,1169,12710,940,431,509
2365,14548,1810,7040,1174,12736,941,432,509
2370,14579,1815,7058,1178,12763,942,432,510
2375,14610,1819,7076,1182,12791,943,432,511
2380,14641,1821,7087,1184,12820,944,432,512
2385,14672,1825,7101,1187,12847,945,432,513
2390,14703,1828,7113,1189,12875,946,433,513
2395,14734,1832,7130,1193,12902,947,433,514
2400,14765,1836,7146,1196,12929,948,434,514
2405,14796,1839,7167,1198,12957,949,435,514
2410,14827,1843,7182,1202,12984,950,435,515
2415,14858,1847,7195,1205,13011,951,435,516
2420,14889,1851,7206,1207,13038,952,436,516
2425,14920,1854,7220,1208,13066,953,436,517
2430,14951,1857,7234,1210,13094,954,437,517
2435,14982,1861,7250,1212,13121,955,438,517
2440,15013,1864,7261,1214,13149,956,438,518
2445,15044,1868,7275,1217,13176,958,438,520
2450,15075,1873,7295,1222,13200,960,438,522
2455,15106,1878,7308,1224,13227,962,439,523
2460,15137,1884,7325,1229,13252,964,439,525
2465,15168,1889,7347,1234,13276,966,441,525
2470,15199,1892,7356,1236,13307,968,443,525
2475,15230,1894,7372,1237,13336,970,445,525
2480,15261,1897,7384,1238,13364,972,446,526
2485,15292,1902,7393,1242,13390,974,448,526
2490,15323,1906,7409,1245,13416,976,449,527
2495,15354,1911,7425,1250,13441,978,449,529
2500,15385,1916,7444,1255,13467,980,451,529
2505,15416,1919,7457,1256,13496,982,452,530
2510,15447,1921,7471,1257,13524,984,453,531
2515,15478,1925,7484,1259,13550,986,454,532
2520,15509,1930,7500,1264,13579,988,456,532
2525,15540,1933,7515,1267,13605,990,457,533
2530,15571,1937,7532,1271,13633,992,458,534
2535,15602,1940,7550,1272,13661,994,459,535
2540,15633,1941,7570,1273,13692,996,459,537
2545,15664,1942,7589,1274,13722,998,461,537
2550,15695,1943,7608,1274,13752,1000,462,538
2555,15726,1944,7623,1274,13782,1002,462,540
2560,15757,1945,7639,1275,13812,1004,463,541
2565,15788,1946,7654,1276,13842,1006,463,543
2570,15819,1947,7667,1277,13872,1008,464,544
2575,15850,1948,7686,1278,13902,1010,466,544
2580,15881,1950,7703,1280,13930,1012,467,545
2585,15912,1952,7715,1282,13960,1014,468,546
2590,15943,1955,7725,1284,13988,1016,468,548
2595,15974,1958,7742,1286,14015,1018,470,548
2600,16005,1961,7762,1287,14041,1020,472,548
2605,16036,1965,7781,1289,14069,1022,473,549
2610,16067,1968,7798,1290,14098,1024,475,549
2615,16098,1972,7813,1291,14126,1026,476,550
2620,16129,1975,7833,1294,14154,1028,477,551
2625,16160,1979,7853,1297,14181,1030,479,551
2630,16191,1982,7864,1298,14209,1032,481,551
2635,16222,1985,7881,1299,14237,1034,483,551
2640,16253,1988,7894,1302,14265,1036,484,552
2645,16284,1993,7909,1306,14290,1038,485,553
2650,16315,1998,7926,1309,14317,1040,486,554
2655,16346,2004,7941,1314,14342,1042,487,555
2660,16377,2009,7957,1318,14366,1044,489,555
2665,16408,2017,7973,1323,14388,1046,490,556
2670,16439,2025,7987,1330,14414,1048,491,557
2675,16470,2030,8003,1332,14439,1050,491,559
2680,16501,2036,8016,1336,14464,1052,491,561
2685,16532,2042,8028,1339,14489,1054,491,563
2690,16563,2049,8046,1344,14513,1056,493,563
2695,16594,2053,8058,1346,14539,1058,493,565
2700,16625,2057,8072,1348,14567,1060,494,566
2705,16656,2060,8086,1349,14595,1062,496,566
2710,16687,2063,8103,1352,14622,1064,496,568
2715,16718,2065,8112,1353,14652,1066,497,569
2720,16749,2066,8121,1353,14683,1068,498,570
2725,16780,2067,8136,1354,14712,1070,499,571
2730,16811,2068,8150,1355,14742,1072,500,572
2735,16842,2069,8167,1355,14772,1074,502,572
2740,16873,2070,8179,1355,14802,1076,502,574
2745,16904,2071,8196,1356,14833,1078,503,575
2750,16935,2072,8212,1357,14862,1080,505,575
2755,16966,2073,8226,1358,14892,1082,506,576
2760,16997,2074,8241,1359,14922,1084,508,576
2765,17028,2075,8255,1359,14952,1086,510,576
2770,17059,2076,8272,1360,14980,1088,512,576
2775,17090,2077,8291,1361,15011,1090,514,576
2780,17121,2079,8308,1362,15039,1092,515,577
2785,17152,2081,8319,1363,15071,1094,517,577
2790,17183,2083,8340,1364,15100,1096,518,578
2795,17214,2085,8355,1365,15129,1098,519,579
2800,17245,2088,8366,1366,15157,1100,521,579
2805,17276,2091,8379,1366,15183,1102,521,581
2810,17307,2097,8390,1370,15210,1104,523,581
2815,17338,2102,8409,1374,15235,1106,524,582
2820,17369,2108,8419,1376,15260,1108,525,583
2825,17400,2113,8429,1378,15286,1109,525,584
2830,17431,2119,8444,1381,15310,1110,526,584
2835,17462,2125,8458,1386,15336,1111,527,584
2840,17493,2131,8475,1391,15361,1112,528,584
2845,17524,2135,8489,1392,15388,1113,529,584
2850,17555,2139,8503,1393,15416,1114,530,584
2855,17586,2143,8522,1395,15442,1115,530,585
2860,17617,2147,8537,1397,15470,1116,531,585
2865,17648,2150,8550,1398,15498,1117,531,586
2870,17679,2155,8568,1402,15523,1118,531,587
2875,17710,2162,8580,1409,15547,1119,531,588
2880,17741,2172,8594,1417,15569,1120,532,588
2885,17772,2178,8607,1422,15594,1120,532,588
2890,17803,2181,8620,1424,15622,1120,532,588
2895,17834,2182,8634,1424,15652,1120,532,588
2900,17865,2183,8652,1425,15681,1120,532,588
2905,17896,2184,8669,1426,15711,1120,532,588
2910,17927,2185,8683,1426,15742,1120,532,588
2915,17958,2186,8700,1426,15771,1120,532,588
2920,17989,2187,8719,1426,15802,1120,532,588
2925,18020,2188,8737,1427,15830,1121,533,588
2930,18051,2189,8756,1428,15862,1122,534,588
2935,18082,2190,8772,1428,15890,1123,535,588
2940,18113,2191,8784,1428,15920,1124,535,589
2945,18144,2192,8799,1429,15951,1125,535,590
2950,18175,2195,8811,1431,15979,1126,535,591
2955,18206,2198,8830,1433,16007,1127,535,592
2960,18237,2201,8846,1434,16036,1128,535,593
2965,18268,2205,8861,1438,16062,1129,535,594
2970,18299,2209,8874,1440,16090,1130,535,595
2975,18330,2211,8889,1441,16118,1131,536,595
2980,18361,2215,8905,1444,16145,1132,536,596
2985,18392,2218,8925,1447,16171,1134,538,596
2990,18423,2226,8945,1454,16197,1136,540,596
2995,18454,2232,8963,1459,16219,1138,541,597
3000,18485,2238,8976,1462,16245,1140,542,598
3005,18516,2242,8990,1465,16274,1142,543,599
3010,18547,2245,9002,1465,16301,1144,544,600
3015,18578,2250,9022,1468,16326,1146,545,601
3020,18609,2256,9036,1473,16352,1148,547,601
3025,18640,2261,9047,1475,16378,1150,547,603
3030,18671,2266,9067,1479,16403,1152,548,604
3035,18702,2270,9079,1482,16432,1154,549,605
3040,18733,2272,9097,1483,16461,1156,550,606
3045,18764,2274,9113,1484,16490,1158,551,607
3050,18795,2276,9126,1485,16519,1160,551,609
3055,18826,2279,9140,1487,16547,1162,551,611
3060,18857,2282,9158,1488,16574,1164,553,611
3065,18888,2285,9178,1490,16603,1166,554,612
3070,18919,2288,9192,1492,16631,1168,556,612
3075,18950,2291,9208,1494,16659,1170,556,614
3080,18981,2293,9223,1495,16688,1172,557,615
3085,19012,2295,9232,1496,16717,1174,558,616
3090,19043,2297,9248,1497,16746,1176,558,618
3095,19074,2300,9261,1499,16773,1178,558,620
3100,19105,2304,9280,1501,16800,1180,559,621
3105,19136,2306,9298,1501,16829,1182,561,621
3110,19167,2309,9310,1504,16857,1184,561,623
3115,19198,2312,9329,1506,16883,1186,563,623
3120,19229,2314,9342,1507,16915,1188,564,624
3125,19260,2316,9356,1508,16942,1190,565,625
3130,19291,2318,9369,1509,16973,1192,567,625
3135,19322,2320,9382,1510,17002,1194,567,627
3140,19353,2324,9399,1514,17028,1196,568,628
3145,19384,2329,9415,1517,17054,1198,570,628
3150,19415,2334,9429,1519,17079,1200,571,629
3155,19446,2338,9445,1521,17107,1202,572,630
3160,19477,2342,9460,1524,17135,1204,573,631
3165,19508,2347,9475,1529,17161,1206,575,631
3170,19539,2352,9491,1531,17186,1208,577,631
3175,19570,2356,9507,1535,17211,1210,577,633
3180,19601,2364,9523,1542,17235,1212,578,634
3185,19632,2370,9535,1547,17261,1214,578,636
3190,19663,2376,9550,1550,17286,1216,578,638
3195,19694,2379,9566,1552,17315,1218,579,639
3200,19725,2380,9579,1552,17345,1220,579,641
3205,19756,2381,9600,1553,17375,1222,581,641
3210,19787,2385,9614,1555,17402,1224,583,641
3215,19818,2389,9631,1557,17429,1226,584,642
3220,19849,2393,9646,1560,17456,1228,584,644
3225,19880,2396,9663,1562,17484,1230,585,645
3230,19911,2400,9677,1566,17511,1232,585,647
3235,19942,2402,9692,1567,17539,1234,586,648
3240,19973,2405,9703,1569,17568,1236,586,650
3245,20004,2407,9716,1571,17597,1238,586,652
3250,20035,2409,9732,1571,17626,1240,588,652
3255,20066,2411,9750,1572,17655,1242,589,653
3260,20097,2413,9768,1574,17684,1244,590,654
3265,20128,2416,9777,1576,17712,1246,590,656
3270,20159,2419,9792,1578,17740,1248,590,658
3275,20190,2420,9803,1578,17770,1250,591,659
3280,20221,2421,9821,1579,17800,1252,591,661
3285,20252,2422,9833,1579,17829,1254,592,662
3290,20283,2423,9845,1579,17859,1256,593,663
3295,20314,2424,9856,1579,17889,1258,594,664
3300,20345,2427,9870,1580,17917,1260,596,664
3305,20376,2430,9885,1580,17945,1262,598,664
3310,20407,2433,9901,1581,17974,1264,599,665
3315,20438,2436,9916,1582,18002,1266,599,667
3320,20469,2439,9932,1585,18029,1268,599,669
3325,20500,2442,9947,1586,18058,1270,600,670
3330,20531,2446,9963,1589,18085,1272,601,671
3335,20562,2449,9975,1590,18112,1274,601,673
3340,20593,2452,9988,1591,18141,1276,601,675
3345,20624,2457,10012,1593,18165,1278,603,675
3350,20655,2462,10026,1595,18192,1280,604,676
3355,20686,2468,10041,1599,18216,1282,605,677
3360,20717,2474,10052,1603,18242,1284,606,678
3365,20748,2479,10068,1607,18269,1285,607,678
3370,20779,2484,10080,1610,18295,1286,607,679
3375,20810,2492,10096,1616,18318,1287,608,679
3380,20841,2499,10113,1622,18342,1288,608,680
3385,20872,2503,10130,1625,18369,1289,608,681
3390,20903,2506,10145,1627,18396,1290,608,682
3395,20934,2510,10161,1631,18423,1291,608,683
3400,20965,2514,10170,1633,18451,1292,609,683
3405,20996,2517,10187,1635,18479,1293,610,683
3410,21027,2519,10197,1636,18508,1294,610,684
3415,21058,2522,10212,1639,18536,1295,611,684
3420,21089,2525,10228,1642,18564,1296,611,685
3425,21120,2528,10240,1643,18592,1297,611,686
3430,21151,2533,10256,1646,18618,1298,611,687
3435,21182,2537,10268,1650,18645,1299,611,688
3440,21213,2538,10282,1651,18675,1300,611,689
3445,21244,2539,10301,1651,18704,1301,612,689
3450,21275,2540,10316,1651,18735,1302,612,690
3455,21306,2541,10330,1651,18765,1303,613,690
3460,21337,2542,10342,1652,18795,1304,614,690
3465,21368,2543,10356,1652,18824,1306,615,691
3470,21399,2544,10374,1652,18854,1308,616,692
3475,21430,2545,10386,1652,18885,1310,618,692
3480,21461,2546,10404,1652,18914,1312,620,692
3485,21492,2548,10423,1653,18942,1313,621,692
3490,21523,2551,10433,1654,18972,1314,621,693
3495,21554,2553,10449,1656,19001,1315,621,694
3500,21585,2555,10469,1656,19029,1316,622,694
3505,21616,2560,10488,1659,19054,1317,622,695
3510,21647,2564,10502,1661,19081,1318,623,695
3515,21678,2569,10517,1663,19108,1319,624,695
3520,21709,2573,10535,1665,19135,1320,624,696
3525,21740,2577,10547,1666,19162,1321,624,697
3530,21771,2581,10562,1667,19187,1322,625,697
3535,21802,2586,10573,1669,19215,1323,626,697
3540,21833,2590,10588,1672,19242,1324,627,697
3545,21864,2595,10608,1677,19268,1325,628,697
3550,21895,2601,10626,1681,19292,1326,628,698
3555,21926,2608,10641,1685,19317,1327,628,699
3560,21957,2615,10659,1692,19341,1328,628,700
3565,21988,2620,10673,1696,19368,1329,629,700
3570,22019,2626,10686,1699,19392,1330,629,701
3575,22050,2630,10699,1702,19419,1331,629,702
3580,22081,2634,10712,1704,19446,1332,629,703
3585,22112,2639,10726,1708,19472,1334,630,704
3590,22143,2642,10739,1710,19501,1336,631,705
3595,22174,2645,10750,1712,19529,1338,632,706
3600,22205,2648,10764,1714,19557,1340,632,708
3605,22236,2651,10777,1717,19585,1342,634,708
3610,22267,2654,10789,1718,19612,1344,635,709
3615,22298,2656,10803,1719,19641,1346,636,710
3620,22329,2658,10818,1720,19671,1348,637,711
3625,22360,2660,10829,1721,19699,1350,638,712
3630,22391,2664,10847,1723,19725,1352,639,713
3635,22422,2668,10864,1725,19754,1354,640,714
3640,22453,2671,10879,1726,19782,1356,641,715
3645,22484,2675,10890,1728,19808,1358,643,715
3650,22515,2676,10904,1728,19837,1360,644,716
3655,22546,2677,10920,1729,19867,1362,645,717
3660,22577,2678,10935,1730,19899,1364,646,718
3665,22608,2679,10951,1731,19929,1366,648,718
3670,22639,2680,10968,1732,19959,1368,649,719
3675,22670,2681,10983,1733,19989,1370,650,720
3680,22701,2682,10998,1734,20018,1372,651,721
3685,22732,2686,11011,1736,20045,1374,652,722
3690,22763,2689,11026,1739,20074,1376,652,724
3695,22794,2691,11042,1740,20102,1378,653,725
3700,22825,2695,11057,1743,20130,1380,654,726
3705,22856,2699,11074,1747,20155,1382,655,727
3710,22887,2703,11093,1750,20184,1384,656,728
3715,22918,2707,11108,1752,20210,1386,657,729
3720,22949,2711,11126,1756,20238,1388,659,729
3725,22980,2714,11140,1758,20266,1390,659,731
3730,23011,2718,11157,1760,20293,1392,660,732
3735,23042,2723,11173,1764,20318,1394,661,733
3740,23073,2730,11187,1770,20343,1396,662,734
3745,23104,2736,11202,1775,20367,1398,663,735
3750,23135,2741,11217,1779,20394,1400,664,736
3755,23166,2745,11233,1779,20421,1402,666,736
3760,23197,2750,11241,1780,20447,1404,667,737
3765,23228,2754,11258,1783,20474,1406,669,737
3770,23259,2758,11267,1785,20501,1408,669,739
3775,23290,2761,11288,1787,20528,1410,670,740
3780,23321,2764,11300,1788,20556,1412,670,742
3785,23352,2768,11316,1791,20584,1414,671,743
3790,23383,2774,11326,1794,20608,1416,672,744
3795,23414,2779,11340,1798,20634,1418,672,746
3800,23445,2783,11359,1801,20662,1420,673,747
3805,23476,2785,11371,1802,20691,1422,673,749
3810,23507,2787,11388,1803,20720,1424,673,751
3815,23538,2791,11404,1806,20747,1426,674,752
3820,23569,2797,11421,1811,20772,1428,674,754
3825,23600,2800,11436,1813,20800,1430,674,756
3830,23631,2803,11450,1814,20828,1432,675,757
3835,23662,2806,11464,1816,20856,1434,677,757
3840,23693,2809,11477,1817,20884,1436,678,758
3845,23724,2810,11493,1818,20914,1438,679,759
3850,23755,2811,11503,1818,20944,1440,681,759
3855,23786,2812,11512,1819,20974,1442,682,760
3860,23817,2813,11529,1820,21004,1444,683,761
3865,23848,2814,11547,1820,21034,1446,684,762
3870,23879,2817,11566,1822,21061,1448,685,763
3875,23910,2820,11584,1824,21088,1450,687,763
3880,23941,2825,11600,1828,21115,1452,687,765
3885,23972,2828,11612,1831,21143,1454,687,767
3890,24003,2831,11632,1833,21171,1456,689,767
3895,24034,2835,11648,1837,21197,1458,690,768
3900,24065,2839,11662,1840,21224,1460,690,770
3905,24096,2843,11675,1843,21253,1461,691,770
3910,24127,2844,11687,1843,21283,1462,691,771
3915,24158,2846,11698,1844,21312,1463,691,772
3920,24189,2847,11710,1844,21342,1464,692,772
3925,24220,2848,11725,1844,21372,1465,693,772
3930,24251,2850,11738,1845,21399,1466,693,773
3935,24282,2853,11751,1848,21429,1467,694,773
3940,24313,2855,11767,1849,21457,1468,695,773
3945,24344,2857,11785,1851,21486,1469,695,774
3950,24375,2861,11801,1854,21512,1470,696,774
3955,24406,2867,11818,1860,21538,1471,696,775
3960,24437,2870,11828,1862,21566,1472,696,776
3965,24468,2873,11842,1864,21593,1473,697,776
3970,24499,2875,11857,1865,21624,1474,697,777
3975,24530,2876,11874,1866,21654,1475,697,778
3980,24561,2877,11892,1866,21683,1476,698,778
3985,24592,2878,11903,1866,21713,1477,699,778
3990,24623,2879,11916,1866,21744,1478,700,778
3995,24654,2882,11929,1868,21772,1479,701,778
4000,24685,2883,11938,1868,21802,1480,702,778
4005,24716,2886,11957,1870,21829,1482,704,778
4010,24747,2889,11972,1871,21857,1484,705,779
4015,24778,2893,11987,1875,21883,1486,706,780
4020,24809,2899,12005,1880,21909,1488,708,780
4025,24840,2905,12022,1886,21935,1490,709,781
4030,24871,2910,12039,1891,21961,1492,709,783
4035,24902,2913,12049,1891,21988,1494,709,785
4040,24933,2919,12063,1895,22013,1496,711,785
4045,24964,2923,12077,1898,22041,1498,712,786
4050,24995,2927,12087,1899,22068,1500,712,788
4055,25026,2930,12095,1899,22096,1502,712,790
4060,25057,2934,12111,1902,22122,1504,713,791
4065,25088,2938,12124,1904,22149,1506,713,793
4070,25119,2945,12142,1909,22173,1508,713,795
4075,25150,2948,12155,1910,22202,1510,715,795
4080,25181,2950,12173,1910,22231,1512,716,796
4085,25212,2953,12186,1913,22259,1513,717,796
4090,25243,2955,12201,1913,22287,1514,718,796
4095,25274,2958,12215,1915,22315,1515,719,796
4100,25305,2961,12225,1916,22343,1516,719,797
4105,25336,2964,12238,1918,22372,1517,720,797
4110,25367,2967,12253,1919,22399,1518,721,797
4115,25398,2971,12263,1921,22426,1519,722,797
4120,25429,2974,12278,1923,22454,1520,722,798
4125,25460,2977,12288,1925,22481,1521,723,798
4130,25491,2980,12302,1927,22511,1522,724,798
4135,25522,2983,12315,1929,22538,1523,724,799
4140,25553,2985,12330,1930,22567,1524,725,799
4145,25584,2986,12343,1930,22597,1525,725,800
4150,25615,2987,12360,1930,22627,1526,726,800
4155,25646,2988,12376,1930,22657,1527,727,800
4160,25677,2989,12394,1931,22687,1528,727,801
4165,25708,2990,12414,1931,22717,1529,727,802
4170,25739,2991,12427,1932,22748,1530,727,803
4175,25770,2993,12439,1932,22775,1531,727,804
4180,25801,2999,12456,1936,22800,1532,727,805
4185,25832,3005,12473,1942,22825,1534,727,807
4190,25863,3010,12488,1946,22852,1536,728,808
4195,25894,3014,12498,1948,22880,1538,728,810
4200,25925,3017,12514,1950,22908,1540,729,811
4205,25956,3020,12529,1951,22936,1542,730,812
4210,25987,3023,12543,1952,22963,1544,731,813
4215,26018,3027,12561,1955,22990,1546,732,814
4220,26049,3031,12578,1958,23018,1548,733,815
4225,26080,3034,12592,1959,23045,1550,734,816
4230,26111,3038,12606,1961,23073,1552,735,817
4235,26142,3041,12616,1963,23100,1554,735,819
4240,26173,3045,12627,1966,23128,1556,735,821
4245,26204,3049,12648,1970,23155,1558,735,823
4250,26235,3055,12666,1976,23180,1560,737,823
4255,26266,3059,12684,1978,23207,1562,739,823
4260,26297,3063,12700,1979,23233,1564,739,825
4265,26328,3067,12714,1981,23260,1566,741,825
4270,26359,3071,12731,1983,23288,1568,742,826
4275,26390,3074,12742,1984,23315,1570,743,827
4280,26421,3079,12761,1989,23342,1572,744,828
4285,26452,3083,12776,1992,23369,1574,746,828
4290,26483,3088,12791,1996,23394,1576,747,829
4295,26514,3092,12808,2000,23422,1578,748,830
4300,26545,3095,12824,2000,23450,1580,750,830
4305,26576,3100,12836,2003,23476,1582,750,832
4310,26607,3105,12852,2005,23500,1584,751,833
4315,26638,3111,12867,2009,23526,1586,752,834
4320,26669,3117,12881,2013,23550,1588,752,836
4325,26700,3121,12898,2015,23577,1590,753,837
4330,26731,3125,12912,2018,23606,1592,754,838
4335,26762,3126,12929,2019,23636,1594,755,839
4340,26793,3127,12946,2019,23666,1596,755,841
4345,26824,3128,12962,2019,23696,1598,756,842
4350,26855,3129,12987,2020,23724,1600,757,843
4355,26886,3133,13000,2023,23752,1602,759,843
4360,26917,3137,13013,2027,23779,1604,760,844
4365,26948,3140,13029,2028,23807,1606,761,845
4370,26979,3143,13046,2030,23835,1608,762,846
4375,27010,3146,13062,2032,23863,1610,763,847
4380,27041,3149,13079,2033,23890,1612,764,848
4385,27072,3152,13099,2035,23920,1614,766,848
4390,27103,3154,13115,2037,23948,1616,766,850
4395,27134,3157,13133,2039,23977,1618,768,850
4400,27165,3161,13150,2043,24000,1620,768,852
4405,27196,3165,13162,2045,24029,1622,768,854
4410,27227,3166,13175,2045,24060,1624,769,855
4415,27258,3167,13195,2045,24089,1626,771,855
4420,27289,3168,13213,2045,24120,1628,773,855
4425,27320,3170,13229,2046,24149,1630,773,857
4430,27351,3172,13239,2046,24179,1632,774,858
4435,27382,3175,13257,2049,24207,1634,776,858
4440,27413,3178,13269,2051,24235,1636,778,858
4445,27444,3181,13280,2052,24263,1637,779,858
4450,27475,3184,13291,2054,24291,1638,779,859
4455,27506,3189,13305,2056,24316,1639,779,860
4460,27537,3195,13318,2060,24342,1640,780,860
4465,27568,3199,13333,2061,24369,1641,781,860
4470,27599,3203,13345,2063,24395,1642,782,860
4475,27630,3207,13355,2064,24422,1643,782,861
4480,27661,3212,13367,2066,24447,1644,783,861
4485,27692,3216,13384,2070,24474,1645,783,862
4490,27723,3222,13395,2074,24499,1646,783,863
4495,27754,3227,13406,2078,24526,1647,784,863
4500,27785,3231,13427,2081,24552,1648,785,863
4505,27816,3235,13436,2084,24581,1649,785,864
4510,27847,3238,13451,2085,24609,1650,785,865
4515,27878,3239,13465,2085,24638,1651,785,866
4520,27909,3242,13484,2088,24666,1652,786,866
4525,27940,3246,13500,2090,24693,1653,787,866
4530,27971,3250,13515,2093,24720,1654,787,867
4535,28002,3253,13528,2094,24748,1655,787,868
4540,28033,3260,13542,2099,24772,1656,787,869
4545,28064,3267,13559,2104,24795,1658,788,870
4550,28095,3268,13570,2105,24826,1660,789,871
4555,28126,3269,13580,2105,24856,1662,789,873
4560,28157,3270,13595,2106,24887,1664,789,875
4565,28188,3271,13610,2107,24916,1666,789,877
4570,28219,3272,13626,2107,24947,1668,789,879
4575,28250,3273,13643,2108,24976,1670,791,879
4580,28281,3274,13655,2109,25007,1672,792,880
4585,28312,3275,13673,2110,25037,1674,793,881
4590,28343,3277,13680,2110,25066,1676,793,883
4595,28374,3279,13693,2110,25094,1678,794,884
4600,28405,3281,13705,2112,25123,1680,795,885
4605,28436,3283,13719,2113,25152,1682,796,886
4610,28467,3286,13736,2115,25179,1684,798,886
4615,28498,3290,13751,2119,25205,1686,799,887
4620,28529,3297,13770,2124,25229,1688,801,887
4625,28560,3302,13784,2127,25258,1690,802,888
4630,28591,3305,13796,2129,25286,1692,803,889
4635,28622,3308,13815,2131,25313,1694,803,891
4640,28653,3312,13824,2133,25341,1696,804,892
4645,28684,3315,13837,2135,25369,1698,806,892
4650,28715,3317,13853,2136,25397,1700,807,893
4655,28746,3323,13872,2142,25421,1702,809,893
4660,28777,3327,13887,2145,25450,1704,810,894
4665,28808,3331,13902,2147,25476,1706,811,895
4670,28839,3335,13915,2150,25503,1708,812,896
4675,28870,3339,13930,2153,25528,1710,813,897
4680,28901,3347,13941,2160,25554,1712,813,899
4685,28932,3348,13956,2161,25584,1713,813,900
4690,28963,3349,13973,2161,25613,1714,814,900
4695,28994,3350,13985,2161,25644,1715,814,901
4700,29025,3351,13993,2161,25674,1716,814,902
4705,29056,3352,14006,2161,25704,1717,814,903
4710,29087,3353,14022,2161,25734,1718,815,903
4715,29118,3354,14038,2161,25764,1719,816,903
4720,29149,3355,14053,2162,25794,1720,817,903
4725,29180,3357,14069,2163,25823,1721,818,903
4730,29211,3360,14085,2166,25851,1722,819,903
4735,29242,3363,14106,2168,25879,1723,820,903
4740,29273,3365,14122,2168,25908,1724,820,904
4745,29304,3370,14136,2172,25934,1725,821,904
4750,29335,3371,14148,2173,25964,1726,821,905
4755,29366,3372,14161,2173,25994,1727,822,905
4760,29397,3373,14175,2173,26024,1728,822,906
4765,29428,3376,14189,2175,26052,1729,822,907
4770,29459,3379,14209,2177,26080,1730,823,907
4775,29490,3382,14223,2180,26108,1731,823,908
4780,29521,3384,14242,2181,26137,1732,824,908
4785,29552,3387,14260,2182,26165,1734,825,909
4790,29583,3391,14275,2185,26191,1736,825,911
4795,29614,3394,14288,2188,26219,1738,827,911
4800,29645,3397,14306,2190,26246,1740,828,912
4805,29676,3401,14326,2194,26274,1742,829,913
4810,29707,3405,14341,2196,26300,1744,831,913
4815,29738,3410,14355,2199,26325,1746,832,914
4820,29769,3418,14371,2206,26348,1748,833,915
4825,29800,3427,14392,2214,26370,1750,835,915
4830,29831,3431,14407,2217,26399,1752,835,917
4835,29862,3436,14423,2221,26424,1754,836,918
4840,29893,3440,14436,2225,26452,1756,836,920
4845,29924,3444,14453,2228,26480,1758,837,921
4850,29955,3446,14467,2229,26509,1760,837,923
4855,29986,3448,14485,2230,26538,1762,837,925
4860,30017,3450,14500,2231,26567,1764,838,926
4865,30048,3453,14517,2233,26595,1766,839,927
4870,30079,3456,14529,2234,26623,1768,841,927
4875,30110,3460,14548,2237,26650,1770,843,927
4880,30141,3463,14560,2240,26678,1772,844,928
4885,30172,3467,14571,2244,26705,1774,845,929
4890,30203,3470,14588,2246,26733,1776,847,929
4895,30234,3472,14599,2246,26762,1778,847,931
4900,30265,3474,14616,2248,26791,1780,848,932
4905,30296,3476,14629,2249,26820,1782,849,933
4910,30327,3478,14643,2250,26849,1784,850,934
4915,30358,3480,14657,2250,26878,1786,851,935
4920,30389,3482,14671,2251,26907,1788,852,936
4925,30420,3484,14688,2252,26936,1789,852,937
4930,30451,3486,14703,2253,26965,1790,852,938
4935,30482,3488,14716,2255,26994,1791,853,938
4940,30513,3491,14730,2257,27022,1792,853,939
4945,30544,3494,14747,2258,27050,1793,853,940
4950,30575,3497,14763,2259,27078,1794,854,940
4955,30606,3502,14786,2263,27104,1795,855,940
4960,30637,3507,14801,2266,27130,1796,856,940
4965,30668,3513,14819,2270,27154,1797,857,940
4970,30699,3520,14836,2276,27179,1798,858,940
4975,30730,3525,14847,2280,27204,1799,858,941
4980,30761,3529,14859,2282,27231,1800,858,942
4985,30792,3537,14879,2290,27255,1801,859,942
4990,30823,3543,14895,2294,27280,1802,859,943
4995,30854,3545,14909,2294,27309,1803,859,944
5000,30885,3547,14923,2295,27337,1804,859,945
5005,30916,3549,14938,2296,27366,1805,860,945
5010,30947,3551,14954,2297,27395,1806,861,945
5015,30978,3553,14969,2299,27425,1807,861,946
5020,31009,3555,14989,2301,27453,1808,862,946
5025,31040,3558,15003,2304,27482,1810,863,947
5030,31071,3560,15019,2305,27509,1812,864,948
5035,31102,3565,15030,2308,27535,1814,865,949
5040,31133,3571,15046,2312,27561,1816,865,951
5045,31164,3573,15058,2313,27591,1818,866,952
5050,31195,3574,15069,2313,27621,1820,867,953
5055,31226,3575,15075,2313,27651,1822,867,955
5060,31257,3576,15092,2314,27681,1824,869,955
5065,31288,3577,15112,2315,27711,1826,870,956
5070,31319,3578,15126,2316,27741,1828,870,958
5075,31350,3580,15141,2317,27770,1830,870,960
5080,31381,3585,15155,2322,27795,1832,870,962
5085,31412,3591,15170,2327,27820,1834,871,963
5090,31443,3596,15183,2330,27846,1836,871,965
5095,31474,3601,15202,2334,27872,1838,871,967
5100,31505,3607,15216,2339,27897,1840,872,968
5105,31536,3610,15229,2341,27926,1842,873,969
5110,31567,3613,15242,2343,27953,1844,875,969
5115,31598,3617,15257,2346,27980,1846,876,970
5120,31629,3622,15273,2351,28006,1848,876,972
5125,31660,3627,15284,2354,28031,1850,877,973
5130,31691,3631,15298,2356,28059,1852,878,974
5135,31722,3632,15316,2356,28089,1854,878,976
5140,31753,3633,15334,2356,28120,1856,879,977
5145,31784,3634,15351,2356,28148,1858,881,977
5150,31815,3636,15359,2357,28178,1860,882,978
5155,31846,3638,15376,2358,28207,1862,884,978
5160,31877,3640,15389,2359,28236,1864,884,980
5165,31908,3642,15406,2360,28265,1866,886,980
5170,31939,3644,15420,2361,28293,1868,886,982
5175,31970,3646,15437,2363,28324,1870,887,983
5180,32001,3649,15454,2364,28352,1872,887,985
5185,32032,3652,15467,2366,28380,1874,887,987
5190,32063,3654,15483,2366,28408,1876,889,987
5195,32094,3658,15500,2370,28436,1878,891,987
5200,32125,3660,15513,2372,28465,1880,892,988
5205,32156,3663,15529,2374,28492,1882,893,989
5210,32187,3668,15542,2377,28518,1884,894,990
5215,32218,3675,15557,2382,28543,1886,895,991
5220,32249,3678,15573,2384,28570,1888,897,991
5225,32280,3682,15592,2387,28598,1890,898,992
5230,32311,3684,15605,2388,28627,1892,898,994
5235,32342,3686,15618,2390,28655,1894,899,995
5240,32373,3691,15630,2393,28682,1896,900,996
5245,32404,3694,15647,2395,28709,1898,901,997
5250,32435,3700,15666,2400,28734,1900,902,998
5255,32466,3705,15682,2404,28760,1902,902,1000
5260,32497,3711,15702,2408,28785,1904,904,1000
5265,32528,3717,15722,2411,28810,1906,905,1001
5270,32559,3724,15741,2417,28834,1908,905,1003
5275,32590,3727,15748,2418,28862,1910,905,1005
5280,32621,3733,15761,2423,28886,1912,905,1007
5285,32652,3738,15774,2426,28914,1913,906,1007
5290,32683,3739,15787,2426,28944,1914,907,1007
5295,32714,3740,15798,2426,28973,1915,908,1007
5300,32745,3741,15814,2426,29003,1916,909,1007
5305,32776,3742,15829,2426,29033,1917,910,1007
5310,32807,3743,15846,2427,29063,1918,910,1008
5315,32838,3744,15865,2427,29093,1919,910,1009
5320,32869,3745,15877,2427,29123,1920,911,1009
5325,32900,3746,15893,2427,29153,1921,912,1009
5330,32931,3749,15905,2429,29180,1922,912,1010
5335,32962,3752,15923,2431,29207,1923,913,1010
5340,32993,3755,15942,2433,29237,1924,914,1010
5345,33024,3757,15951,2435,29267,1925,915,1010
5350,33055,3759,15969,2437,29295,1926,915,1011
5355,33086,3761,15983,2438,29325,1927,916,1011
5360,33117,3762,16000,2438,29354,1928,916,1012
5365,33148,3766,16016,2441,29382,1929,917,1012
5370,33179,3768,16026,2443,29411,1930,918,1012
5375,33210,3770,16041,2444,29440,1931,919,1012
5380,33241,3773,16058,2446,29467,1932,919,1013
5385,33272,3777,16068,2449,29494,1934,919,1015
5390,33303,3779,16086,2451,29523,1936,921,1015
5395,33334,3782,16102,2452,29551,1938,921,1017
5400,33365,3785,16118,2453,29579,1940,923,1017
5405,33396,3788,16133,2455,29608,1941,924,1017
5410,33427,3790,16152,2456,29636,1942,924,1018
5415,33458,3793,16168,2458,29665,1943,925,1018
5420,33489,3796,16192,2461,29692,1944,926,1018
5425,33520,3799,16208,2462,29720,1945,926,1019
5430,33551,3803,16223,2465,29748,1946,926,1020
5435,33582,3806,16236,2467,29776,1947,927,1020
5440,33613,3809,16255,2470,29803,1948,928,1020
5445,33644,3814,16268,2473,29828,1949,929,1020
5450,33675,3819,16283,2478,29856,1950,929,1021
5455,33706,3822,16299,2480,29884,1951,929,1022
5460,33737,3825,16314,2481,29912,1952,929,1023
5465,33768,3829,16329,2484,29939,1953,930,1023
5470,33799,3831,16343,2486,29967,1954,931,1023
5475,33830,3834,16359,2488,29995,1955,932,1023
5480,33861,3837,16379,2489,30022,1956,932,1024
5485,33892,3842,16392,2493,30049,1957,932,1025
5490,33923,3846,16407,2496,30075,1958,932,1026
5495,33954,3848,16423,2496,30105,1959,932,1027
5500,33985,3851,16438,2498,30133,1960,932,1028
5505,34016,3854,16456,2501,30161,1962,932,1030
5510,34047,3857,16464,2502,30189,1964,932,1032
5515,34078,3860,16479,2503,30217,1966,933,1033
5520,34109,3862,16497,2504,30246,1968,933,1035
5525,34140,3864,16513,2506,30276,1970,934,1036
5530,34171,3867,16531,2509,30304,1972,935,1037
5535,34202,3869,16548,2510,30333,1974,937,1037
5540,34233,3871,16565,2511,30362,1976,939,1037
5545,34264,3874,16583,2512,30390,1978,939,1039
5550,34295,3877,16596,2514,30418,1980,940,1040
5555,34326,3879,16609,2515,30447,1982,940,1042
5560,34357,3883,16626,2519,30474,1984,941,1043
5565,34388,3886,16642,2519,30500,1986,942,1044
5570,34419,3892,16657,2523,30526,1988,942,1046
5575,34450,3897,16673,2526,30552,1990,943,1047
5580,34481,3902,16691,2531,30579,1992,944,1048
5585,34512,3904,16705,2533,30608,1994,945,1049
5590,34543,3907,16722,2535,30636,1996,945,1051
5595,34574,3909,16734,2537,30665,1998,946,1052
5600,34605,3912,16748,2539,30693,2000,947,1053
5605,34636,3915,16761,2540,30721,2002,948,1054
5610,34667,3921,16780,2544,30746,2004,949,1055
5615,34698,3924,16792,2547,30773,2006,949,1057
5620,34729,3928,16807,2551,30801,2008,950,1058
5625,34760,3932,16819,2554,30826,2010,951,1059
5630,34791,3939,16834,2559,30848,2012,953,1059
5635,34822,3946,16851,2564,30871,2014,954,1060
5640,34853,3951,16868,2567,30900,2016,954,1062
5645,34884,3955,16880,2570,30929,2018,955,1063
5650,34915,3957,16894,2570,30956,2020,957,1063
5655,34946,3961,16908,2572,30985,2022,959,1063
5660,34977,3963,16920,2573,31014,2024,960,1064
5665,35008,3965,16936,2574,31043,2026,961,1065
5670,35039,3967,16952,2576,31072,2028,963,1065
5675,35070,3972,16965,2580,31098,2030,964,1066
5680,35101,3975,16985,2583,31126,2032,965,1067
5685,35132,3977,16994,2584,31155,2034,966,1068
5690,35163,3979,17013,2586,31184,2036,967,1069
5695,35194,3981,17029,2588,31213,2038,969,1069
5700,35225,3983,17043,2589,31242,2040,969,1071
5705,35256,3985,17061,2590,31271,2042,970,1072
5710,35287,3987,17073,2591,31300,2044,970,1074
5715,35318,3989,17088,2592,31329,2046,971,1075
5720,35349,3991,17098,2592,31358,2048,973,1075
5725,35380,3993,17114,2593,31387,2050,975,1075
5730,35411,3995,17131,2593,31416,2052,977,1075
5735,35442,3997,17145,2595,31445,2054,978,1076
5740,35473,4000,17160,2596,31472,2056,979,1077
5745,35504,4005,17177,2599,31498,2058,980,1078
5750,35535,4011,17193,2603,31522,2060,981,1079
5755,35566,4018,17207,2610,31547,2062,982,1080
5760,35597,4024,17224,2615,31569,2064,984,1080
5765,35628,4030,17238,2621,31596,2066,985,1081
5770,35659,4036,17251,2625,31623,2068,986,1082
5775,35690,4039,17264,2627,31651,2070,988,1082
5780,35721,4042,17279,2628,31679,2072,989,1083
5785,35752,4045,17297,2630,31706,2074,990,1084
5790,35783,4050,17312,2634,31732,2076,990,1086
5795,35814,4055,17327,2637,31758,2078,992,1086
5800,35845,4059,17341,2640,31785,2080,993,1087
5805,35876,4062,17360,2641,31814,2082,995,1087
5810,35907,4066,17376,2644,31841,2084,996,1088
5815,35938,4070,17390,2647,31868,2086,996,1090
5820,35969,4074,17410,2650,31895,2088,998,1090
5825,36000,4077,17427,2652,31923,2090,999,1091
5830,36031,4079,17440,2652,31952,2092,1000,1092
5835,36062,4081,17457,2652,31981,2094,1001,1093
5840,36093,4083,17476,2653,32010,2096,1002,1094
5845,36124,4085,17493,2654,32039,2098,1004,1094
5850,36155,4087,17511,2654,32068,2100,1005,1095
5855,36186,4089,17520,2654,32097,2102,1005,1097
5860,36217,4091,17536,2654,32126,2104,1005,1099
5865,36248,4093,17553,2655,32155,2106,1006,1100
5870,36279,4095,17573,2656,32184,2108,1008,1100
5875,36310,4097,17589,2658,32213,2110,1008,1102
5880,36341,4100,17600,2659,32241,2112,1009,1103
5885,36372,4104,17614,2661,32268,2113,1009,1104
5890,36403,4108,17630,2665,32294,2114,1010,1104
5895,36434,4111,17647,2667,32323,2115,1011,1104
5900,36465,4113,17658,2668,32351,2116,1011,1105
5905,36496,4116,17671,2669,32380,2117,1011,1106
5910,36527,4119,17687,2671,32406,2118,1012,1106
5915,36558,4126,17700,2677,32432,2119,1013,1106
5920,36589,4131,17713,2679,32458,2120,1014,1106
5925,36620,4136,17728,2682,32483,2121,1015,1106
5930,36651,4140,17740,2684,32508,2122,1016,1106
5935,36682,4149,17753,2690,32532,2123,1017,1106
5940,36713,4152,17769,2692,32561,2124,1018,1106
5945,36744,4155,17782,2693,32588,2124,1018,1106
5950,36775,4158,17797,2696,32617,2124,1018,1106
5955,36806,4161,17815,2699,32644,2124,1018,1106
5960,36837,4164,17826,2702,32672,2124,1018,1106
5965,36868,4168,17840,2705,32698,2124,1018,1106
5970,36899,4173,17855,2709,32724,2124,1018,1106
5975,36930,4175,17869,2711,32755,2124,1018,1106
5980,36961,4176,17883,2712,32784,2124,1018,1106
5985,36992,4177,17895,2712,32814,2125,1018,1107
5990,37023,4178,17909,2712,32845,2126,1019,1107
5995,37054,4179,17926,2713,32875,2127,1019,1108
6000,37085,4182,17944,2715,32903,2128,1020,1108
6005,37116,4184,17959,2715,32932,2129,1020,1109
6010,37147,4187,17971,2716,32960,2130,1021,1109
6015,37178,4189,17983,2716,32989,2131,1021,1110
6020,37209,4191,17993,2716,33018,2132,1022,1110
6025,37240,4194,18007,2718,33046,2133,1022,1111
6030,37271,4197,18022,2721,33074,2134,1022,1112
6035,37302,4200,18039,2723,33102,2135,1023,1112
6040,37333,4203,18056,2725,33130,2136,1024,1112
6045,37364,4208,18078,2730,33155,2138,1025,1113
6050,37395,4213,18093,2734,33182,2140,1027,1113
6055,37426,4218,18109,2738,33208,2142,1029,1113
6060,37457,4223,18126,2743,33234,2144,1031,1113
6065,37488,4225,18136,2745,33263,2146,1032,1114
6070,37519,4226,18143,2745,33293,2148,1033,1115
6075,37550,4228,18161,2747,33322,2150,1033,1117
6080,37581,4230,18179,2749,33351,2152,1033,1119
6085,37612,4233,18194,2751,33378,2154,1033,1121
6090,37643,4239,18207,2755,33403,2156,1034,1122
6095,37674,4244,18223,2759,33428,2158,1036,1122
6100,37705,4248,18236,2762,33457,2160,1038,1122
6105,37736,4251,18253,2764,33483,2162,1039,1123
6110,37767,4254,18268,2766,33511,2164,1041,1123
6115,37798,4256,18284,2768,33542,2166,1042,1124
6120,37829,4259,18299,2770,33569,2168,1042,1126
6125,37860,4263,18314,2773,33595,2170,1043,1127
6130,37891,4267,18328,2777,33624,2172,1045,1127
6135,37922,4267,18343,2777,33655,2174,1046,1128
6140,37953,4267,18357,2777,33686,2176,1047,1129
6145,37984,4267,18372,2777,33717,2178,1048,1130
6150,38015,4267,18389,2777,33748,2180,1048,1132
6155,38046,4267,18409,2777,33779,2182,1049,1133
6160,38077,4267,18424,2777,33809,2184,1049,1135
6165,38108,4268,18441,2777,33840,2186,1050,1136
6170,38139,4270,18457,2778,33869,2188,1051,1137
6175,38170,4272,18474,2780,33897,2190,1051,1139
6180,38201,4276,18486,2783,33925,2192,1052,1140
6185,38232,4279,18499,2784,33952,2194,1053,1141
6190,38263,4283,18516,2787,33979,2196,1053,1143
6195,38294,4287,18528,2789,34006,2198,1055,1143
6200,38325,4290,18544,2792,34035,2200,1056,1144
6205,38356,4292,18558,2794,34063,2202,1057,1145
6210,38387,4297,18573,2798,34089,2204,1058,1146
6215,38418,4304,18587,2803,34113,2206,1059,1147
6220,38449,4309,18605,2807,34139,2208,1060,1148
6225,38480,4313,18613,2810,34166,2210,1060,1150
6230,38511,4318,18625,2813,34192,2212,1061,1151
6235,38542,4325,18639,2818,34215,2214,1063,1151
6240,38573,4327,18655,2820,34246,2216,1064,1152
6245,38604,4329,18670,2821,34274,2218,1065,1153
6250,38635,4331,18683,2823,34304,2220,1066,1154
6255,38666,4333,18697,2823,34333,2222,1066,1156
6260,38697,4335,18710,2824,34361,2224,1067,1157
6265,38728,4338,18725,2825,34389,2226,1068,1158
6270,38759,4341,18745,2828,34417,2228,1069,1159
6275,38790,4344,18759,2831,34446,2230,1070,1160
6280,38821,4346,18771,2831,34474,2232,1070,1162
6285,38852,4349,18789,2834,34502,2234,1072,1162
6290,38883,4352,18809,2835,34530,2236,1074,1162
6295,38914,4355,18823,2837,34559,2238,1075,1163
6300,38945,4357,18840,2838,34586,2240,1075,1165
6305,38976,4362,18856,2842,34614,2242,1076,1166
6310,39007,4365,18871,2843,34641,2244,1077,1167
6315,39038,4370,18889,2848,34667,2246,1078,1168
6320,39069,4371,18904,2848,34698,2248,1078,1170
6325,39100,4373,18920,2849,34727,2250,1078,1172
6330,39131,4375,18933,2849,34756,2252,1079,1173
6335,39162,4377,18949,2851,34785,2254,1079,1175
6340,39193,4379,18966,2852,34814,2256,1080,1176
6345,39224,4382,18984,2855,34841,2258,1082,1176
6350,39255,4386,18996,2858,34869,2260,1083,1177
6355,39286,4391,19011,2862,34894,2262,1084,1178
6360,39317,4395,19029,2864,34922,2264,1086,1178
6365,39348,4398,19049,2866,34950,2266,1087,1179
6370,39379,4403,19067,2870,34975,2268,1088,1180
6375,39410,4408,19081,2874,35001,2270,1088,1182
6380,39441,4414,19095,2877,35026,2272,1089,1183
6385,39472,4420,19110,2881,35052,2274,1089,1185
6390,39503,4425,19128,2885,35077,2276,1090,1186
6395,39534,4429,19147,2888,35105,2278,1092,1186
6400,39565,4432,19163,2890,35133,2280,1094,1186
6405,39596,4434,19174,2890,35161,2282,1094,1188
6410,39627,4438,19192,2893,35188,2284,1094,1190
6415,39658,4441,19208,2895,35217,2286,1096,1190
6420,39689,4444,19224,2898,35245,2288,1097,1191
6425,39720,4447,19239,2901,35273,2290,1098,1192
6430,39751,4452,19255,2905,35299,2292,1099,1193
6435,39782,4454,19266,2905,35328,2294,1100,1194
6440,39813,4456,19279,2905,35357,2296,1100,1196
6445,39844,4459,19298,2906,35384,2298,1102,1196
6450,39875,4461,19309,2907,35414,2300,1103,1197
6455,39906,4463,19325,2909,35442,2302,1104,1198
6460,39937,4465,19336,2911,35472,2304,1104,1200
6465,39968,4467,19347,2911,35501,2306,1104,1202
6470,39999,4469,19358,2912,35530,2308,1105,1203
6475,40030,4472,19371,2915,35558,2310,1106,1204
6480,40061,4477,19395,2920,35581,2312,1107,1205
6485,40092,4484,19407,2926,35607,2312,1107,1205
6490,40123,4489,19420,2931,35633,2312,1107,1205
6495,40154,4490,19437,2932,35663,2312,1107,1205
6500,40185,4493,19451,2934,35691,2312,1107,1205
6505,40216,4496,19462,2937,35719,2312,1107,1205
6510,40247,4499,19477,2939,35747,2312,1107,1205
6515,40278,4502,19491,2942,35774,2312,1107,1205
6520,40309,4507,19506,2946,35801,2312,1107,1205
6525,40340,4510,19520,2949,35828,2312,1107,1205
6530,40371,4515,19537,2954,35855,2312,1107,1205
6535,40402,4521,19550,2957,35878,2312,1107,1205
6540,40433,4528,19561,2961,35905,2312,1107,1205
6545,40464,4531,19575,2962,35933,2312,1107,1205
6550,40495,4534,19593,2965,35961,2312,1107,1205
6555,40526,4537,19606,2967,35989,2312,1107,1205
6560,40557,4539,19615,2969,36018,2312,1107,1205
6565,40588,4541,19632,2970,36047,2312,1107,1205
6570,40619,4543,19647,2972,36076,2312,1107,1205
6575,40650,4545,19659,2972,36105,2312,1107,1205
6580,40681,4547,19670,2973,36134,2312,1107,1205
6585,40712,4549,19681,2974,36163,2314,1107,1207
6590,40743,4551,19696,2975,36192,2316,1108,1208
6595,40774,4553,19712,2976,36221,2318,1110,1208
6600,40805,4556,19729,2977,36249,2320,1112,1208
6605,40836,4559,19739,2979,36277,2322,1112,1210
6610,40867,4563,19757,2983,36304,2324,1113,1211
6615,40898,4568,19773,2988,36330,2326,1114,1212
6620,40929,4572,19790,2991,36357,2328,1115,1213
6625,40960,4576,19804,2993,36384,2330,1117,1213
6630,40991,4580,19818,2995,36411,2332,1118,1214
6635,41022,4585,19834,2999,36436,2334,1120,1214
6640,41053,4592,19855,3004,36460,2336,1122,1214
6645,41084,4600,19872,3012,36483,2338,1122,1216
6650,41115,4605,19890,3015,36507,2340,1122,1218
6655,41146,4612,19908,3019,36532,2342,1123,1219
6660,41177,4616,19926,3022,36558,2344,1125,1219
6665,41208,4622,19946,3027,36586,2346,1127,1219
6670,41239,4625,19962,3028,36613,2348,1127,1221
6675,41270,4628,19975,3030,36642,2350,1128,1222
6680,41301,4630,19990,3031,36670,2352,1129,1223
6685,41332,4633,20004,3034,36698,2354,1131,1223
6690,41363,4636,20021,3036,36727,2356,1132,1224
6695,41394,4640,20035,3038,36754,2358,1133,1225
6700,41425,4641,20046,3039,36784,2360,1135,1225
6705,41456,4642,20057,3039,36814,2362,1135,1227
6710,41487,4643,20065,3040,36844,2364,1135,1229
6715,41518,4644,20080,3040,36874,2366,1135,1231
6720,41549,4645,20095,3041,36904,2368,1135,1233
6725,41580,4646,20111,3041,36934,2370,1137,1233
6730,41611,4647,20133,3041,36964,2372,1138,1234
6735,41642,4648,20150,3041,36994,2374,1139,1235
6740,41673,4649,20162,3041,37024,2376,1139,1237
6745,41704,4650,20179,3041,37054,2378,1141,1237
6750,41735,4651,20198,3041,37084,2380,1141,1239
6755,41766,4653,20215,3041,37113,2382,1143,1239
6760,41797,4655,20226,3043,37142,2384,1144,1240
6765,41828,4657,20240,3045,37171,2386,1145,1241
6770,41859,4660,20255,3046,37199,2388,1146,1242
6775,41890,4663,20270,3049,37227,2390,1148,1242
6780,41921,4669,20285,3053,37251,2392,1149,1243
6785,41952,4674,20299,3057,37278,2394,1149,1245
6790,41983,4678,20311,3059,37305,2396,1149,1247
6795,42014,4682,20328,3062,37332,2398,1151,1247
6800,42045,4687,20340,3064,37357,2400,1152,1248
6805,42076,4693,20357,3066,37382,2402,1154,1248
6810,42107,4698,20369,3069,37408,2404,1156,1248
6815,42138,4703,20383,3071,37434,2406,1157,1249
6820,42169,4708,20397,3074,37460,2408,1157,1251
6825,42200,4713,20417,3077,37486,2410,1159,1251
6830,42231,4719,20436,3080,37509,2412,1159,1253
6835,42262,4729,20450,3089,37532,2414,1159,1255
6840,42293,4735,20466,3094,37556,2416,1161,1255
6845,42324,4738,20480,3096,37585,2418,1162,1256
6850,42355,4740,20497,3097,37613,2420,1164,1256
6855,42386,4742,20510,3099,37643,2422,1165,1257
6860,42417,4744,20524,3100,37671,2424,1167,1257
6865,42448,4746,20537,3101,37700,2426,1168,1258
6870,42479,4748,20554,3103,37731,2428,1169,1259
6875,42510,4749,20567,3104,37760,2430,1169,1261
6880,42541,4751,20585,3106,37789,2432,1171,1261
6885,42572,4756,20599,3110,37816,2434,1172,1262
6890,42603,4758,20620,3112,37845,2436,1174,1262
6895,42634,4758,20626,3112,37876,2438,1174,1264
6900,42665,4758,20645,3112,37907,2440,1175,1265
6905,42696,4758,20657,3112,37938,2442,1175,1267
6910,42727,4758,20672,3112,37969,2444,1176,1268
6915,42758,4758,20687,3112,38000,2446,1178,1268
6920,42789,4758,20703,3112,38031,2448,1178,1270
6925,42820,4758,20719,3112,38062,2450,1179,1271
6930,42851,4758,20737,3112,38093,2452,1180,1272
6935,42882,4758,20754,3112,38123,2454,1182,1272
6940,42913,4758,20763,3112,38155,2456,1182,1274
6945,42944,4759,20779,3112,38185,2458,1183,1275
6950,42975,4763,20792,3115,38212,2460,1185,1275
6955,43006,4766,20800,3116,38238,2462,1186,1276
6960,43037,4773,20818,3121,38263,2464,1186,1278
6965,43068,4779,20831,3124,38288,2466,1186,1280
6970,43099,4785,20845,3129,38312,2468,1187,1281
6975,43130,4791,20856,3134,38339,2470,1187,1283
6980,43161,4794,20868,3136,38367,2472,1187,1285
6985,43192,4796,20884,3137,38396,2474,1189,1285
6990,43223,4801,20899,3142,38422,2476,1189,1287
6995,43254,4803,20906,3142,38450,2478,1189,1289
7000,43285,4808,20926,3146,38475,2480,1191,1289
7005,43316,4815,20941,3151,38500,2482,1192,1290
7010,43347,4820,20956,3154,38525,2484,1193,1291
7015,43378,4826,20968,3159,38550,2486,1194,1292
7020,43409,4830,20977,3163,38578,2488,1196,1292
7025,43440,4832,20995,3165,38608,2489,1196,1293
7030,43471,4834,21013,3166,38635,2490,1197,1293
7035,43502,4837,21023,3167,38663,2491,1197,1294
7040,43533,4840,21042,3170,38692,2492,1198,1294
7045,43564,4843,21058,3173,38719,2493,1198,1295
7050,43595,4846,21073,3174,38749,2494,1198,1296
7055,43626,4848,21089,3174,38775,2495,1198,1297
7060,43657,4854,21109,3179,38801,2496,1198,1298
7065,43688,4858,21124,3182,38829,2497,1198,1299
7070,43719,4860,21136,3183,38859,2498,1199,1299
7075,43750,4861,21151,3184,38888,2499,1199,1300
7080,43781,4863,21166,3185,38917,2500,1199,1301
7085,43812,4865,21183,3185,38947,2500,1199,1301
7090,43843,4867,21199,3186,38976,2500,1199,1301
7095,43874,4870,21211,3187,39004,2500,1199,1301
7100,43905,4872,21225,3188,39033,2500,1199,1301
7105,43936,4875,21234,3189,39061,2500,1199,1301
7110,43967,4877,21245,3189,39090,2500,1199,1301
7115,43998,4879,21262,3191,39119,2500,1199,1301
7120,44029,4881,21277,3192,39148,2500,1199,1301
7125,44060,4885,21290,3193,39175,2501,1199,1302
7130,44091,4889,21305,3195,39202,2502,1200,1302
7135,44122,4892,21322,3198,39230,2503,1201,1302
7140,44153,4896,21339,3200,39257,2504,1202,1302
7145,44184,4900,21358,3203,39284,2505,1203,1302
7150,44215,4905,21376,3208,39310,2506,1204,1302
7155,44246,4908,21386,3208,39338,2507,1204,1303
7160,44277,4913,21405,3211,39363,2508,1205,1303
7165,44308,4918,21419,3215,39389,2509,1205,1304
7170,44339,4922,21432,3218,39417,2510,1205,1305
7175,44370,4929,21450,3225,39439,2511,1206,1305
7180,44401,4937,21473,3233,39460,2512,1207,1305
7185,44432,4945,21487,3239,39486,2514,1209,1305
7190,44463,4950,21505,3243,39511,2516,1210,1306
7195,44494,4956,21519,3248,39537,2518,1210,1308
7200,44525,4959,21536,3250,39564,2520,1211,1309
7205,44556,4963,21550,3253,39591,2522,1212,1310
7210,44587,4966,21562,3255,39621,2524,1213,1311
7215,44618,4967,21577,3255,39651,2526,1215,1311
7220,44649,4968,21591,3255,39681,2528,1217,1311
7225,44680,4969,21604,3255,39710,2530,1218,1312
7230,44711,4970,21617,3255,39741,2532,1219,1313
7235,44742,4971,21629,3256,39771,2534,1220,1314
7240,44773,4972,21641,3257,39801,2536,1220,1316
7245,44804,4973,21651,3257,39831,2538,1222,1316
7250,44835,4974,21666,3257,39860,2540,1224,1316
7255,44866,4975,21675,3257,39890,2542,1225,1317
7260,44897,4976,21693,3257,39921,2544,1227,1317
7265,44928,4977,21707,3258,39951,2546,1228,1318
7270,44959,4978,21728,3258,39980,2548,1229,1319
7275,44990,4979,21745,3259,40011,2550,1231,1319
7280,45021,4980,21764,3260,40041,2552,1233,1319
7285,45052,4982,21775,3261,40070,2554,1233,1321
7290,45083,4984,21786,3261,40099,2556,1233,1323
7295,45114,4986,21800,3261,40128,2558,1233,1325
7300,45145,4988,21813,3261,40157,2560,1233,1327
7305,45176,4991,21828,3263,40185,2562,1235,1327
7310,45207,4995,21841,3265,40212,2564,1235,1329
7315,45238,4999,21860,3267,40239,2566,1236,1330
7320,45269,5003,21872,3268,40266,2568,1238,1330
7325,45300,5007,21886,3270,40292,2570,1239,1331
7330,45331,5012,21898,3273,40319,2572,1240,1332
7335,45362,5016,21920,3275,40345,2574,1242,1332
7340,45393,5021,21934,3278,40371,2576,1244,1332
7345,45424,5027,21951,3282,40395,2578,1246,1332
7350,45455,5034,21965,3289,40421,2580,1247,1333
7355,45486,5040,21976,3291,40445,2582,1247,1335
7360,45517,5047,21992,3295,40468,2584,1249,1335
7365,45548,5057,22008,3303,40490,2586,1250,1336
7370,45579,5064,22025,3309,40511,2588,1251,1337
7375,45610,5078,22044,3321,40528,2590,1251,1339
7380,45641,5089,22062,3330,40551,2592,1253,1339
7385,45672,5090,22074,3330,40581,2594,1254,1340
7390,45703,5091,22085,3330,40612,2596,1256,1340
7395,45734,5092,22100,3331,40642,2598,1256,1342
7400,45765,5093,22112,3331,40672,2600,1257,1343
7405,45796,5094,22132,3332,40701,2602,1258,1344
7410,45827,5095,22147,3332,40732,2604,1259,1345
7415,45858,5096,22164,3333,40762,2606,1261,1345
7420,45889,5097,22183,3333,40792,2608,1263,1345
7425,45920,5098,22201,3333,40822,2610,1265,1345
7430,45951,5099,22220,3334,40851,2612,1267,1345
7435,45982,5100,22234,3335,40881,2614,1268,1346
7440,46013,5101,22249,3335,40911,2616,1269,1347
7445,46044,5102,22263,3335,40942,2618,1269,1349
7450,46075,5103,22274,3336,40972,2620,1270,1350
7455,46106,5104,22288,3336,41002,2622,1272,1350
7460,46137,5105,22305,3337,41031,2624,1272,1352
7465,46168,5106,22320,3338,41062,2626,1274,1352
7470,46199,5107,22338,3339,41091,2628,1275,1353
7475,46230,5108,22353,3339,41122,2630,1276,1354
7480,46261,5109,22370,3339,41151,2632,1277,1355
7485,46292,5111,22388,3340,41178,2634,1277,1357
7490,46323,5121,22403,3349,41199,2636,1279,1357
7495,46354,5131,22421,3356,41222,2638,1280,1358
7500,46385,5139,22435,3363,41244,2640,1280,1360
7505,46416,5147,22448,3368,41268,2642,1280,1362
7510,46447,5155,22467,3374,41291,2644,1281,1363
7515,46478,5162,22479,3378,41316,2646,1283,1363
7520,46509,5165,22492,3380,41344,2648,1284,1364
7525,46540,5169,22507,3382,41371,2650,1285,1365
7530,46571,5173,22521,3385,41398,2652,1286,1366
7535,46602,5178,22539,3389,41424,2654,1287,1367
7540,46633,5181,22551,3391,41450,2656,1287,1369
7545,46664,5187,22566,3395,41477,2658,1289,1369
7550,46695,5191,22583,3397,41504,2660,1290,1370
7555,46726,5195,22599,3399,41531,2662,1292,1370
7560,46757,5197,22614,3399,41560,2664,1293,1371
7565,46788,5199,22632,3399,41589,2665,1294,1371
7570,46819,5201,22641,3399,41618,2666,1294,1372
7575,46850,5203,22655,3400,41647,2667,1295,1372
7580,46881,5205,22669,3401,41676,2668,1295,1373
7585,46912,5207,22686,3402,41705,2669,1295,1374
7590,46943,5209,22704,3402,41734,2670,1296,1374
7595,46974,5211,22722,3404,41763,2671,1297,1374
7600,47005,5214,22739,3406,41791,2672,1298,1374
7605,47036,5216,22749,3407,41820,2673,1299,1374
7610,47067,5218,22764,3409,41849,2674,1299,1375
7615,47098,5221,22779,3410,41875,2675,1299,1376
7620,47129,5225,22794,3413,41904,2676,1299,1377
7625,47160,5226,22805,3413,41933,2677,1299,1378
7630,47191,5227,22816,3413,41963,2678,1300,1378
7635,47222,5228,22835,3414,41991,2679,1301,1378
7640,47253,5230,22851,3416,42022,2680,1302,1378
7645,47284,5231,22862,3417,42052,2681,1302,1379
7650,47315,5232,22876,3418,42081,2682,1302,1380
7655,47346,5234,22890,3419,42111,2683,1302,1381
7660,47377,5237,22904,3422,42139,2684,1303,1381
7665,47408,5243,22917,3427,42165,2686,1305,1381
7670,47439,5246,22927,3430,42192,2688,1306,1382
7675,47470,5250,22940,3433,42218,2690,1306,1384
7680,47501,5256,22956,3439,42244,2692,1306,1386
7685,47532,5257,22965,3439,42274,2693,1306,1387
7690,47563,5258,22975,3440,42304,2694,1306,1388
7695,47594,5260,22990,3441,42333,2695,1307,1388
7700,47625,5262,23008,3443,42362,2696,1307,1389
7705,47656,5264,23023,3445,42391,2697,1307,1390
7710,47687,5268,23041,3449,42419,2698,1307,1391
7715,47718,5270,23059,3450,42448,2699,1308,1391
7720,47749,5271,23077,3451,42477,2700,1308,1392
7725,47780,5278,23093,3457,42501,2701,1309,1392
7730,47811,5284,23110,3461,42526,2702,1310,1392
7735,47842,5289,23127,3465,42553,2703,1311,1392
7740,47873,5292,23140,3467,42581,2704,1311,1393
7745,47904,5294,23149,3469,42610,2705,1311,1394
7750,47935,5296,23161,3469,42639,2706,1311,1395
7755,47966,5298,23178,3471,42668,2707,1311,1396
7760,47997,5300,23192,3471,42697,2708,1312,1396
7765,48028,5302,23206,3471,42726,2709,1313,1396
7770,48059,5304,23224,3473,42754,2710,1314,1396
7775,48090,5306,23236,3473,42784,2711,1314,1397
7780,48121,5308,23254,3473,42813,2712,1314,1398
7785,48152,5310,23273,3474,42840,2714,1315,1399
7790,48183,5314,23290,3476,42869,2716,1317,1399
7795,48214,5317,23300,3477,42895,2718,1317,1401
7800,48245,5321,23314,3479,42924,2720,1318,1402
7805,48276,5324,23331,3480,42950,2722,1319,1403
7810,48307,5329,23343,3483,42978,2724,1319,1405
7815,48338,5332,23359,3485,43005,2726,1319,1407
7820,48369,5337,23374,3488,43032,2728,1321,1407
7825,48400,5341,23385,3489,43059,2730,1322,1408
7830,48431,5346,23400,3493,43084,2732,1323,1409
7835,48462,5352,23417,3498,43108,2734,1325,1409
7840,48493,5357,23432,3501,43136,2736,1325,1411
7845,48524,5363,23448,3505,43160,2738,1327,1411
7850,48555,5370,23464,3511,43185,2740,1327,1413
7855,48586,5372,23475,3512,43213,2742,1327,1415
7860,48617,5374,23490,3514,43243,2744,1328,1416
7865,48648,5376,23505,3516,43272,2746,1330,1416
7870,48679,5378,23523,3517,43301,2748,1330,1418
7875,48710,5380,23538,3517,43330,2750,1331,1419
7880,48741,5383,23556,3519,43357,2752,1333,1419
7885,48772,5385,23571,3520,43387,2754,1333,1421
7890,48803,5388,23582,3522,43415,2756,1334,1422
7895,48834,5390,23599,3523,43444,2758,1336,1422
7900,48865,5393,23608,3525,43472,2760,1336,1424
7905,48896,5396,23620,3527,43500,2762,1338,1424
7910,48927,5399,23632,3529,43525,2764,1338,1426
7915,48958,5403,23649,3532,43554,2766,1339,1427
7920,48989,5406,23657,3534,43583,2768,1340,1428
7925,49020,5408,23679,3535,43611,2770,1341,1429
7930,49051,5411,23694,3538,43640,2772,1342,1430
7935,49082,5413,23710,3540,43668,2774,1344,1430
7940,49113,5417,23730,3542,43695,2776,1346,1430
7945,49144,5421,23743,3544,43723,2778,1348,1430
7950,49175,5424,23763,3547,43751,2780,1350,1430
7955,49206,5426,23775,3548,43780,2782,1352,1430
7960,49237,5430,23793,3549,43807,2784,1354,1430
7965,49268,5434,23807,3551,43833,2786,1354,1432
7970,49299,5439,23821,3555,43859,2788,1355,1433
7975,49330,5443,23833,3558,43887,2790,1356,1434
7980,49361,5446,23848,3561,43914,2792,1356,1436
7985,49392,5451,23865,3565,43940,2794,1358,1436
7990,49423,5457,23883,3571,43966,2796,1358,1438
7995,49454,5461,23895,3573,43993,2798,1359,1439
8000,49485,5465,23909,3576,44020,2800,1360,1440
8005,49516,5469,23924,3579,44046,2802,1361,1441
8010,49547,5473,23939,3583,44074,2804,1361,1443
8015,49578,5475,23951,3584,44103,2806,1362,1444
8020,49609,5478,23969,3585,44131,2808,1364,1444
8025,49640,5480,23982,3586,44159,2810,1365,1445
8030,49671,5482,24000,3586,44188,2812,1365,1447
8035,49702,5484,24017,3587,44216,2814,1366,1448
8040,49733,5487,24031,3589,44246,2816,1366,1450
8045,49764,5489,24044,3590,44275,2818,1367,1451
8050,49795,5492,24060,3591,44303,2820,1369,1451
8055,49826,5495,24074,3593,44331,2822,1369,1453
8060,49857,5498,24086,3595,44359,2824,1370,1454
8065,49888,5503,24097,3599,44385,2826,1372,1454
8070,49919,5508,24113,3602,44411,2828,1372,1456
8075,49950,5513,24129,3606,44437,2830,1373,1457
8080,49981,5519,24148,3610,44462,2832,1373,1459
8085,50012,5521,24159,3612,44490,2834,1373,1461
8090,50043,5524,24170,3614,44518,2836,1374,1462
8095,50074,5526,24184,3615,44546,2838,1375,1463
8100,50105,5528,24195,3616,44576,2840,1376,1464
8105,50136,5530,24208,3617,44605,2841,1376,1465
8110,50167,5533,24225,3619,44633,2842,1376,1466
8115,50198,5537,24236,3621,44660,2843,1376,1467
8120,50229,5543,24250,3627,44684,2844,1376,1468
8125,50260,5549,24270,3631,44710,2845,1377,1468
8130,50291,5552,24288,3633,44737,2846,1378,1468
8135,50322,5555,24303,3635,44765,2847,1379,1468
8140,50353,5558,24317,3636,44794,2848,1379,1469
8145,50384,5561,24333,3638,44823,2849,1380,1469
8150,50415,5564,24350,3640,44849,2850,1381,1469
8155,50446,5570,24364,3645,44875,2851,1381,1470
8160,50477,5575,24381,3649,44901,2852,1381,1471
8165,50508,5579,24396,3652,44929,2853,1381,1472
8170,50539,5580,24405,3653,44959,2854,1381,1473
8175,50570,5581,24418,3653,44989,2855,1381,1474
8180,50601,5582,24430,3653,45019,2856,1382,1474
8185,50632,5583,24448,3653,45049,2857,1382,1475
8190,50663,5585,24462,3654,45078,2858,1383,1475
8195,50694,5587,24478,3656,45107,2859,1384,1475
8200,50725,5589,24496,3657,45135,2860,1385,1475
8205,50756,5591,24512,3658,45164,2862,1386,1476
8210,50787,5593,24522,3658,45193,2864,1386,1478
8215,50818,5595,24543,3658,45223,2866,1387,1479
8220,50849,5597,24559,3660,45252,2868,1388,1480
8225,50880,5599,24576,3660,45281,2870,1389,1481
8230,50911,5601,24588,3660,45310,2872,1390,1482
8235,50942,5604,24600,3661,45338,2874,1392,1482
8240,50973,5607,24615,3663,45366,2876,1393,1483
8245,51004,5610,24631,3664,45394,2878,1394,1484
8250,51035,5613,24642,3665,45422,2880,1396,1484
8255,51066,5617,24661,3667,45449,2882,1398,1484
8260,51097,5622,24677,3670,45475,2884,1399,1485
8265,51128,5626,24689,3673,45502,2886,1399,1487
8270,51159,5630,24703,3675,45528,2888,1401,1487
8275,51190,5638,24722,3681,45551,2890,1403,1487
8280,51221,5644,24738,3685,45575,2892,1405,1487
8285,51252,5651,24749,3688,45600,2893,1405,1488
8290,51283,5658,24767,3694,45622,2894,1406,1488
8295,51314,5667,24782,3700,45645,2895,1407,1488
8300,51345,5674,24799,3705,45670,2896,1407,1489
8305,51376,5678,24811,3707,45697,2897,1407,1490
8310,51407,5680,24824,3708,45726,2898,1408,1490
8315,51438,5683,24843,3709,45753,2899,1409,1490
8320,51469,5686,24855,3711,45782,2900,1409,1491
8325,51500,5689,24870,3712,45809,2901,1410,1491
8330,51531,5694,24880,3715,45837,2902,1410,1492
8335,51562,5697,24894,3716,45864,2903,1410,1493
8340,51593,5702,24909,3720,45890,2904,1410,1494
8345,51624,5703,24922,3721,45921,2905,1410,1495
8350,51655,5703,24936,3721,45952,2906,1410,1496
8355,51686,5703,24951,3721,45983,2907,1410,1497
8360,51717,5703,24963,3721,46014,2908,1410,1498
8365,51748,5703,24979,3721,46045,2909,1410,1499
8370,51779,5703,24996,3721,46076,2910,1411,1499
8375,51810,5703,25011,3721,46107,2911,1412,1499
8380,51841,5703,25031,3721,46138,2912,1413,1499
8385,51872,5703,25046,3721,46169,2914,1414,1500
8390,51903,5703,25057,3721,46200,2916,1415,1501
8395,51934,5703,25072,3721,46231,2918,1416,1502
8400,51965,5703,25088,3721,46262,2920,1417,1503
8405,51996,5703,25103,3721,46293,2922,1418,1504
8410,52027,5704,25118,3721,46323,2924,1419,1505
8415,52058,5706,25134,3722,46352,2926,1421,1505
8420,52089,5709,25152,3725,46379,2928,1423,1505
8425,52120,5711,25160,3726,46409,2930,1424,1506
8430,52151,5714,25173,3729,46436,2932,1424,1508
8435,52182,5717,25188,3732,46463,2934,1425,1509
8440,52213,5721,25200,3735,46491,2936,1427,1509
8445,52244,5728,25220,3740,46513,2938,1428,1510
8450,52275,5736,25235,3746,46538,2940,1429,1511
8455,52306,5744,25258,3753,46560,2942,1430,1512
8460,52337,5750,25269,3759,46587,2944,1430,1514
8465,52368,5756,25283,3761,46612,2946,1431,1515
8470,52399,5759,25298,3762,46640,2948,1432,1516
8475,52430,5762,25311,3764,46668,2950,1433,1517
8480,52461,5766,25324,3767,46694,2952,1434,1518
8485,52492,5773,25340,3771,46718,2954,1435,1519
8490,52523,5778,25351,3773,46745,2956,1436,1520
8495,52554,5783,25362,3776,46771,2958,1436,1522
8500,52585,5788,25375,3780,46797,2960,1436,1524
8505,52616,5791,25392,3781,46825,2962,1437,1525
8510,52647,5794,25403,3783,46852,2964,1439,1525
8515,52678,5799,25418,3786,46879,2966,1440,1526
8520,52709,5802,25428,3787,46906,2968,1442,1526
8525,52740,5804,25439,3788,46936,2970,1444,1526
8530,52771,5805,25458,3788,46965,2972,1446,1526
8535,52802,5806,25473,3789,46994,2974,1446,1528
8540,52833,5807,25488,3790,47025,2976,1446,1530
8545,52864,5808,25504,3791,47054,2978,1447,1531
8550,52895,5809,25522,3792,47086,2980,1447,1533
8555,52926,5810,25536,3792,47115,2982,1447,1535
8560,52957,5811,25549,3792,47146,2984,1448,1536
8565,52988,5812,25562,3792,47176,2986,1448,1538
8570,53019,5813,25579,3793,47206,2988,1450,1538
8575,53050,5816,25599,3795,47233,2990,1450,1540
8580,53081,5819,25613,3797,47262,2992,1451,1541
8585,53112,5821,25629,3798,47290,2994,1452,1542
8590,53143,5823,25640,3798,47320,2996,1454,1542
8595,53174,5826,25654,3799,47348,2998,1456,1542
8600,53205,5828,25666,3799,47377,3000,1456,1544
8605,53236,5831,25687,3801,47405,3002,1458,1544
8610,53267,5835,25701,3803,47432,3004,1459,1545
8615,53298,5839,25715,3806,47459,3006,1459,1547
8620,53329,5844,25732,3809,47485,3008,1460,1548
8625,53360,5847,25749,3811,47513,3010,1461,1549
8630,53391,5854,25762,3817,47536,3012,1462,1550
8635,53422,5860,25773,3820,47561,3014,1462,1552
8640,53453,5867,25786,3824,47585,3016,1463,1553
8645,53484,5875,25802,3831,47608,3017,1463,1554
8650,53515,5880,25821,3835,47634,3018,1464,1554
8655,53546,5886,25835,3839,47659,3019,1464,1555
8660,53577,5892,25853,3844,47684,3020,1464,1556
8665,53608,5894,25864,3845,47713,3021,1464,1557
8670,53639,5896,25876,3846,47742,3022,1464,1558
8675,53670,5898,25895,3848,47772,3023,1465,1558
8680,53701,5900,25913,3850,47801,3024,1465,1559
8685,53732,5902,25931,3852,47830,3025,1466,1559
8690,53763,5904,25951,3852,47859,3026,1467,1559
8695,53794,5906,25966,3852,47888,3027,1468,1559
8700,53825,5908,25982,3853,47917,3028,1469,1559
8705,53856,5910,25994,3853,47946,3029,1469,1560
8710,53887,5913,26011,3855,47974,3030,1469,1561
8715,53918,5916,26021,3856,48002,3031,1470,1561
8720,53949,5919,26034,3858,48030,3032,1470,1562
8725,53980,5922,26045,3860,48058,3033,1470,1563
8730,54011,5925,26058,3861,48086,3034,1471,1563
8735,54042,5928,26072,3863,48114,3035,1472,1563
8740,54073,5930,26087,3864,48143,3036,1472,1564
8745,54104,5933,26105,3867,48171,3038,1474,1564
8750,54135,5938,26119,3870,48197,3040,1475,1565
8755,54166,5941,26135,3873,48225,3042,1475,1567
8760,54197,5943,26149,3874,48254,3044,1475,1569
8765,54228,5945,26165,3875,48282,3046,1476,1570
8770,54259,5948,26177,3876,48309,3048,1477,1571
8775,54290,5953,26191,3880,48336,3050,1478,1572
8780,54321,5957,26203,3881,48363,3052,1478,1574
8785,54352,5962,26220,3884,48390,3054,1478,1576
8790,54383,5965,26231,3885,48417,3056,1478,1578
8795,54414,5969,26243,3887,48444,3058,1480,1578
8800,54445,5974,26257,3890,48469,3060,1480,1580
8805,54476,5983,26273,3898,48490,3062,1481,1581
8810,54507,5991,26287,3905,48515,3064,1481,1583
8815,54538,6000,26303,3913,48537,3066,1482,1584
8820,54569,6003,26314,3915,48566,3068,1483,1585
8825,54600,6004,26328,3916,48596,3069,1484,1585
8830,54631,6005,26341,3916,48626,3070,1485,1585
8835,54662,6006,26355,3917,48656,3071,1486,1585
8840,54693,6007,26373,3918,48686,3072,1486,1586
8845,54724,6008,26385,3918,48716,3073,1487,1586
8850,54755,6009,26399,3918,48746,3074,1487,1587
8855,54786,6010,26412,3919,48776,3075,1487,1588
8860,54817,6012,26422,3919,48805,3076,1487,1589
8865,54848,6014,26438,3920,48834,3077,1487,1590
8870,54879,6016,26457,3922,48859,3078,1488,1590
8875,54910,6019,26474,3923,48890,3079,1489,1590
8880,54941,6023,26483,3925,48918,3080,1489,1591
8885,54972,6028,26506,3929,48943,3081,1490,1591
8890,55003,6031,26523,3930,48971,3082,1491,1591
8895,55034,6034,26539,3931,48999,3083,1492,1591
8900,55065,6036,26554,3932,49029,3084,1492,1592
8905,55096,6038,26571,3933,49058,3085,1492,1593
8910,55127,6040,26586,3933,49087,3086,1492,1594
8915,55158,6042,26601,3933,49116,3087,1493,1594
8920,55189,6044,26610,3934,49145,3088,1494,1594
8925,55220,6047,26626,3936,49173,3090,1495,1595
8930,55251,6051,26636,3937,49200,3092,1495,1597
8935,55282,6056,26651,3939,49226,3094,1497,1597
8940,55313,6062,26670,3945,49251,3096,1499,1597
8945,55344,6067,26684,3948,49276,3098,1500,1598
8950,55375,6072,26695,3951,49302,3100,1501,1599
8955,55406,6076,26709,3953,49329,3102,1501,1601
8960,55437,6080,26725,3957,49357,3104,1503,1601
8965,55468,6084,26742,3961,49384,3106,1504,1602
8970,55499,6088,26758,3963,49410,3108,1505,1603
8975,55530,6093,26771,3967,49436,3110,1505,1605
8980,55561,6098,26787,3970,49462,3112,1506,1606
8985,55592,6104,26798,3973,49485,3114,1506,1608
8990,55623,6111,26817,3979,49510,3116,1508,1608
8995,55654,6115,26829,3981,49536,3118,1508,1610
9000,55685,6121,26840,3985,49564,3120,1509,1611
9005,55716,6122,26851,3986,49594,3122,1509,1613
9010,55747,6123,26863,3986,49623,3124,1509,1615
9015,55778,6124,26881,3987,49652,3126,1510,1616
9020,55809,6125,26895,3987,49684,3128,1510,1618
9025,55840,6126,26911,3987,49714,3130,1510,1620
9030,55871,6127,26924,3987,49744,3132,1511,1621
9035,55902,6128,26943,3988,49774,3134,1512,1622
9040,55933,6129,26951,3988,49804,3136,1513,1623
9045,55964,6130,26967,3988,49834,3138,1515,1623
9050,55995,6132,26980,3990,49862,3140,1516,1624
9055,56026,6134,26992,3990,49891,3142,1516,1626
9060,56057,6136,27002,3991,49921,3144,1516,1628
9065,56088,6138,27015,3992,49950,3146,1517,1629
9070,56119,6140,27031,3994,49978,3148,1518,1630
9075,56150,6141,27040,3995,50008,3150,1518,1632
9080,56181,6142,27054,3995,50039,3152,1518,1634
9085,56212,6143,27074,3996,50068,3154,1519,1635
9090,56243,6145,27087,3997,50097,3156,1519,1637
9095,56274,6147,27106,3998,50126,3158,1519,1639
9100,56305,6149,27116,3999,50156,3160,1519,1641
9105,56336,6154,27131,4004,50182,3162,1520,1642
9110,56367,6161,27145,4011,50206,3164,1522,1642
9115,56398,6167,27162,4016,50231,3166,1522,1644
9120,56429,6172,27179,4020,50255,3168,1522,1646
9125,56460,6180,27198,4027,50279,3170,1523,1647
9130,56491,6187,27213,4033,50303,3172,1524,1648
9135,56522,6193,27230,4038,50327,3174,1524,1650
9140,56553,6199,27245,4044,50354,3176,1525,1651
9145,56584,6203,27260,4047,50380,3178,1525,1653
9150,56615,6207,27277,4050,50408,3180,1526,1654
9155,56646,6207,27293,4050,50439,3182,1528,1654
9160,56677,6207,27312,4050,50470,3184,1529,1655
9165,56708,6208,27328,4051,50500,3186,1531,1655
9170,56739,6209,27339,4051,50529,3188,1532,1656
9175,56770,6210,27356,4051,50560,3190,1533,1657
9180,56801,6211,27372,4051,50590,3192,1534,1658
9185,56832,6212,27385,4051,50620,3193,1535,1658
9190,56863,6213,27401,4051,50650,3194,1535,1659
9195,56894,6214,27414,4051,50679,3195,1535,1660
9200,56925,6215,27428,4051,50710,3196,1536,1660
9205,56956,6216,27439,4052,50739,3197,1536,1661
9210,56987,6217,27452,4052,50770,3198,1537,1661
9215,57018,6218,27463,4052,50799,3199,1537,1662
9220,57049,6219,27476,4052,50829,3200,1538,1662
9225,57080,6220,27490,4052,50860,3201,1539,1662
9230,57111,6223,27505,4055,50888,3202,1540,1662
9235,57142,6225,27520,4057,50917,3203,1541,1662
9240,57173,6228,27532,4059,50944,3204,1542,1662
9245,57204,6231,27542,4061,50973,3205,1542,1663
9250,57235,6234,27557,4062,51000,3206,1543,1663
9255,57266,6239,27574,4066,51026,3207,1544,1663
9260,57297,6247,27591,4073,51047,3208,1544,1664
9265,57328,6256,27604,4081,51072,3209,1544,1665
9270,57359,6259,27618,4083,51099,3210,1544,1666
9275,57390,6263,27635,4084,51125,3211,1544,1667
9280,57421,6268,27649,4088,51153,3212,1545,1667
9285,57452,6272,27661,4090,51179,3214,1545,1669
9290,57483,6278,27683,4094,51203,3216,1547,1669
9295,57514,6284,27694,4097,51229,3218,1548,1670
9300,57545,6289,27702,4100,51256,3220,1548,1672
9305,57576,6296,27718,4106,51278,3222,1548,1674
9310,57607,6300,27733,4109,51307,3224,1548,1676
9315,57638,6303,27743,4111,51335,3226,1548,1678
9320,57669,6305,27753,4111,51364,3228,1549,1679
9325,57700,6310,27772,4115,51390,3230,1551,1679
9330,57731,6314,27787,4117,51416,3232,1552,1680
9335,57762,6319,27801,4120,51443,3234,1553,1681
9340,57793,6320,27815,4121,51473,3236,1553,1683
9345,57824,6321,27831,4122,51503,3238,1554,1684
9350,57855,6322,27844,4123,51533,3240,1555,1685
9355,57886,6323,27861,4124,51563,3242,1557,1685
9360,57917,6324,27876,4125,51593,3244,1558,1686
9365,57948,6325,27889,4125,51623,3246,1560,1686
9370,57979,6327,27900,4126,51652,3248,1560,1688
9375,58010,6329,27918,4128,51681,3250,1561,1689
9380,58041,6331,27938,4129,51710,3252,1562,1690
9385,58072,6333,27956,4130,51739,3254,1562,1692
9390,58103,6336,27969,4132,51767,3256,1563,1693
9395,58134,6338,27982,4133,51796,3258,1565,1693
9400,58165,6341,27996,4134,51823,3260,1566,1694
9405,58196,6344,28011,4136,51851,3262,1566,1696
9410,58227,6346,28028,4138,51881,3264,1567,1697
9415,58258,6348,28045,4140,51910,3266,1567,1699
9420,58289,6351,28065,4143,51936,3268,1569,1699
9425,58320,6356,28080,4147,51963,3269,1570,1699
9430,58351,6360,28099,4149,51989,3270,1570,1700
9435,58382,6364,28116,4151,52016,3271,1570,1701
9440,58413,6370,28128,4154,52043,3272,1571,1701
9445,58444,6374,28146,4157,52069,3273,1572,1701
9450,58475,6380,28158,4160,52095,3274,1573,1701
9455,58506,6384,28178,4163,52121,3275,1574,1701
9460,58537,6391,28194,4167,52145,3276,1574,1702
9465,58568,6397,28211,4171,52170,3277,1575,1702
9470,58599,6404,28222,4174,52193,3278,1576,1702
9475,58630,6412,28235,4179,52217,3279,1576,1703
9480,58661,6418,28251,4183,52240,3280,1577,1703
9485,58692,6423,28261,4186,52269,3281,1577,1704
9490,58723,6426,28276,4188,52297,3282,1577,1705
9495,58754,6429,28290,4190,52325,3283,1578,1705
9500,58785,6431,28301,4192,52354,3284,1578,1706
9505,58816,6435,28317,4195,52380,3285,1578,1707
9510,58847,6438,28331,4197,52409,3286,1579,1707
9515,58878,6440,28347,4197,52437,3287,1579,1708
9520,58909,6445,28364,4202,52463,3288,1580,1708
9525,58940,6449,28379,4205,52489,3290,1581,1709
9530,58971,6451,28392,4206,52519,3292,1581,1711
9535,59002,6452,28409,4207,52550,3294,1581,1713
9540,59033,6453,28422,4207,52579,3296,1583,1713
9545,59064,6454,28434,4208,52609,3298,1583,1715
9550,59095,6455,28454,4209,52638,3300,1584,1716
9555,59126,6456,28466,4210,52670,3302,1585,1717
9560,59157,6457,28483,4211,52699,3304,1586,1718
9565,59188,6458,28494,4211,52728,3306,1586,1720
9570,59219,6459,28506,4211,52760,3308,1587,1721
9575,59250,6460,28519,4211,52789,3310,1588,1722
9580,59281,6461,28532,4211,52819,3312,1589,1723
9585,59312,6463,28549,4213,52849,3314,1589,1725
9590,59343,6467,28564,4214,52876,3316,1591,1725
9595,59374,6471,28577,4216,52903,3318,1591,1727
9600,59405,6475,28590,4219,52930,3320,1592,1728
9605,59436,6479,28604,4221,52957,3322,1593,1729
9610,59467,6482,28619,4222,52984,3324,1593,1731
9615,59498,6488,28635,4228,53010,3326,1595,1731
9620,59529,6492,28652,4229,53036,3328,1597,1731
9625,59560,6498,28669,4234,53061,3330,1598,1732
9630,59591,6503,28689,4238,53087,3332,1600,1732
9635,59622,6509,28707,4242,53112,3334,1600,1734
9640,59653,6515,28722,4246,53138,3336,1601,1735
9645,59684,6520,28740,4251,53163,3338,1602,1736
9650,59715,6526,28754,4254,53187,3340,1604,1736
9655,59746,6533,28771,4259,53213,3342,1604,1738
9660,59777,6535,28785,4261,53242,3344,1605,1739
9665,59808,6537,28802,4261,53271,3346,1606,1740
9670,59839,6539,28816,4262,53300,3348,1607,1741
9675,59870,6542,28830,4264,53327,3350,1607,1743
9680,59901,6545,28837,4266,53355,3352,1607,1745
9685,59932,6548,28854,4268,53384,3354,1607,1747
9690,59963,6551,28863,4269,53412,3356,1607,1749
9695,59994,6553,28879,4270,53441,3358,1608,1750
9700,60025,6555,28893,4272,53470,3360,1609,1751
9705,60056,6557,28913,4274,53498,3362,1610,1752
9710,60087,6561,28927,4276,53526,3364,1612,1752
9715,60118,6564,28944,4278,53553,3366,1614,1752
9720,60149,6568,28957,4280,53580,3368,1616,1752
9725,60180,6571,28971,4282,53609,3369,1617,1752
9730,60211,6571,28987,4282,53639,3370,1617,1753
9735,60242,6571,29003,4282,53670,3371,1618,1753
9740,60273,6571,29014,4282,53702,3372,1618,1754
9745,60304,6571,29031,4282,53733,3373,1619,1754
9750,60335,6571,29047,4282,53763,3374,1620,1754
9755,60366,6574,29064,4284,53791,3375,1621,1754
9760,60397,6578,29078,4288,53816,3376,1621,1755
9765,60428,6585,29095,4295,53839,3377,1621,1756
9770,60459,6592,29112,4301,53864,3378,1622,1756
9775,60490,6597,29124,4305,53892,3379,1623,1756
9780,60521,6602,29142,4309,53916,3380,1624,1756
9785,60552,6607,29159,4314,53944,3381,1624,1757
9790,60583,6610,29172,4316,53973,3382,1624,1758
9795,60614,6613,29184,4317,54001,3383,1624,1759
9800,60645,6616,29199,4319,54028,3384,1624,1760
9805,60676,6619,29218,4322,54057,3385,1625,1760
9810,60707,6619,29234,4322,54088,3386,1625,1761
9815,60738,6619,29253,4322,54119,3387,1625,1762
9820,60769,6619,29270,4322,54150,3388,1625,1763
9825,60800,6620,29286,4322,54180,3390,1626,1764
9830,60831,6621,29305,4323,54209,3392,1628,1764
9835,60862,6622,29319,4324,54240,3394,1629,1765
9840,60893,6624,29331,4325,54268,3396,1629,1767
9845,60924,6627,29346,4327,54297,3398,1629,1769
9850,60955,6629,29357,4328,54326,3400,1629,1771
9855,60986,6631,29372,4329,54355,3402,1630,1772
9860,61017,6633,29387,4330,54384,3404,1631,1773
9865,61048,6636,29401,4331,54412,3406,1632,1774
9870,61079,6638,29412,4331,54441,3408,1633,1775
9875,61110,6642,29427,4334,54468,3410,1634,1776
9880,61141,6646,29437,4337,54495,3412,1635,1777
9885,61172,6649,29452,4340,54522,3414,1636,1778
9890,61203,6654,29466,4344,54548,3416,1636,1780
9895,61234,6658,29480,4346,54575,3418,1637,1781
9900,61265,6661,29494,4349,54603,3420,1637,1783
9905,61296,6663,29509,4351,54632,3422,1637,1785
9910,61327,6664,29527,4352,54660,3424,1638,1786
9915,61358,6669,29544,4356,54688,3426,1640,1786
9920,61389,6673,29555,4360,54714,3428,1641,1787
9925,61420,6679,29573,4365,54739,3430,1642,1788
9930,61451,6684,29586,4370,54764,3432,1643,1789
9935,61482,6690,29602,4375,54789,3434,1645,1789
9940,61513,6697,29618,4380,54812,3436,1646,1790
9945,61544,6705,29632,4386,54838,3438,1647,1791
9950,61575,6711,29651,4390,54861,3440,1649,1791
9955,61606,6720,29667,4396,54886,3442,1651,1791
9960,61637,6722,29681,4398,54914,3444,1653,1791
9965,61668,6725,29694,4400,54943,3445,1653,1792
9970,61699,6726,29709,4401,54973,3446,1654,1792
9975,61730,6727,29724,4402,55003,3447,1654,1793
9980,61761,6728,29737,4403,55032,3448,1655,1793
9985,61792,6729,29754,4404,55063,3449,1655,1794
9990,61823,6730,29769,4405,55093,3450,1655,1795
9995,61854,6731,29780,4406,55123,3451,1656,1795
10000,61885,6732,29792,4407,55153,3452,1657,1795
10005,61916,6733,29806,4407,55183,3453,1657,1796
10010,61947,6734,29821,4408,55213,3454,1658,1796
10015,61978,6737,29842,4409,55241,3455,1659,1796
10020,62009,6740,29854,4411,55269,3456,1660,1796
10025,62040,6743,29867,4412,55297,3457,1660,1797
10030,62071,6746,29887,4414,55325,3458,1661,1797
10035,62102,6748,29903,4416,55354,3459,1661,1798
10040,62133,6751,29920,4417,55382,3460,1661,1799
10045,62164,6754,29935,4418,55410,3461,1661,1800
10050,62195,6756,29948,4419,55439,3462,1661,1801
10055,62226,6759,29964,4422,55467,3463,1661,1802
10060,62257,6761,29974,4422,55495,3464,1662,1802
10065,62288,6765,29988,4425,55521,3466,1663,1803
10070,62319,6768,30003,4427,55550,3468,1664,1804
10075,62350,6772,30014,4429,55577,3470,1665,1805
10080,62381,6779,30029,4434,55602,3472,1665,1807
10085,62412,6783,30044,4436,55628,3474,1665,1809
10090,62443,6788,30057,4438,55652,3476,1665,1811
10095,62474,6793,30069,4440,55679,3478,1666,1812
10100,62505,6797,30087,4443,55707,3480,1667,1813
10105,62536,6800,30102,4444,55734,3482,1668,1814
10110,62567,6805,30121,4448,55761,3484,1669,1815
10115,62598,6809,30134,4449,55789,3486,1671,1815
10120,62629,6814,30144,4452,55814,3488,1672,1816
10125,62660,6820,30160,4457,55838,3490,1673,1817
10130,62691,6826,30172,4461,55863,3492,1674,1818
10135,62722,6832,30191,4466,55888,3494,1676,1818
10140,62753,6836,30208,4469,55916,3496,1677,1819
10145,62784,6840,30219,4471,55944,3498,1677,1821
10150,62815,6843,30232,4472,55970,3500,1677,1823
10155,62846,6848,30246,4477,55998,3502,1679,1823
10160,62877,6849,30261,4478,56028,3504,1680,1824
10165,62908,6850,30271,4479,56057,3506,1680,1826
10170,62939,6851,30284,4480,56087,3508,1680,1828
10175,62970,6852,30296,4481,56118,3510,1680,1830
10180,63001,6853,30315,4482,56147,3512,1681,1831
10185,63032,6854,30326,4483,56178,3514,1682,1832
10190,63063,6855,30342,4483,56207,3516,1683,1833
10195,63094,6856,30357,4483,56238,3518,1684,1834
10200,63125,6857,30374,4484,56267,3520,1685,1835
10205,63156,6859,30391,4485,56297,3522,1686,1836
10210,63187,6861,30409,4487,56326,3524,1687,1837
10215,63218,6863,30420,4487,56355,3526,1689,1837
10220,63249,6865,30432,4487,56383,3528,1690,1838
10225,63280,6867,30446,4489,56413,3530,1691,1839
10230,63311,6869,30458,4490,56442,3532,1692,1840
10235,63342,6871,30473,4492,56471,3534,1692,1842
10240,63373,6874,30485,4494,56499,3536,1694,1842
10245,63404,6878,30503,4497,56524,3538,1695,1843
10250,63435,6883,30518,4501,56551,3540,1695,1845
10255,63466,6888,30535,4505,56577,3542,1695,1847
10260,63497,6895,30550,4510,56600,3544,1697,1847
10265,63528,6904,30566,4516,56624,3545,1697,1848
10270,63559,6910,30580,4519,56647,3546,1697,1849
10275,63590,6918,30594,4524,56671,3547,1697,1850
10280,63621,6926,30610,4529,56695,3548,1698,1850
10285,63652,6932,30622,4534,56719,3549,1698,1851
10290,63683,6935,30636,4535,56747,3550,1698,1852
10295,63714,6939,30648,4537,56775,3551,1698,1853
10300,63745,6942,30665,4538,56802,3552,1699,1853
10305,63776,6947,30683,4542,56828,3553,1699,1854
10310,63807,6953,30696,4547,56853,3554,1700,1854
10315,63838,6957,30714,4550,56880,3555,1701,1854
10320,63869,6961,30727,4553,56907,3556,1701,1855
10325,63900,6964,30743,4555,56936,3557,1701,1856
10330,63931,6967,30758,4557,56964,3558,1702,1856
10335,63962,6970,30775,4559,56992,3559,1702,1857
10340,63993,6971,30790,4559,57022,3560,1703,1857
10345,64024,6972,30807,4559,57051,3561,1704,1857
10350,64055,6973,30822,4559,57082,3562,1705,1857
10355,64086,6974,30840,4559,57111,3563,1706,1857
10360,64117,6975,30854,4559,57142,3564,1706,1858
10365,64148,6976,30874,4559,57171,3566,1707,1859
10370,64179,6977,30889,4559,57202,3568,1709,1859
10375,64210,6978,30905,4559,57232,3570,1709,1861
10380,64241,6979,30919,4559,57262,3572,1709,1863
10385,64272,6980,30930,4559,57292,3574,1710,1864
10390,64303,6982,30948,4560,57321,3576,1711,1865
10395,64334,6984,30961,4562,57350,3578,1712,1866
10400,64365,6986,30977,4563,57379,3580,1713,1867
10405,64396,6989,30991,4565,57407,3582,1714,1868
10410,64427,6992,31009,4566,57434,3584,1716,1868
10415,64458,6994,31027,4567,57464,3586,1718,1868
10420,64489,6996,31042,4569,57493,3588,1718,1870
10425,64520,6998,31056,4570,57521,3590,1718,1872
10430,64551,7004,31075,4574,57546,3592,1720,1872
10435,64582,7010,31093,4580,57568,3594,1721,1873
10440,64613,7020,31105,4588,57589,3596,1721,1875
10445,64644,7030,31117,4595,57612,3598,1721,1877
10450,64675,7040,31135,4603,57632,3600,1722,1878
10455,64706,7048,31153,4609,57657,3602,1724,1878
10460,64737,7054,31174,4613,57681,3604,1726,1878
10465,64768,7059,31189,4617,57709,3606,1726,1880
10470,64799,7061,31201,4618,57737,3608,1728,1880
10475,64830,7064,31221,4619,57765,3610,1729,1881
10480,64861,7068,31236,4621,57792,3612,1731,1881
10485,64892,7073,31249,4624,57818,3614,1732,1882
10490,64923,7075,31270,4625,57847,3616,1733,1883
10495,64954,7076,31283,4625,57877,3618,1734,1884
10500,64985,7077,31298,4626,57908,3620,1735,1885
10505,65016,7077,31313,4626,57938,3622,1736,1886
10510,65047,7077,31326,4626,57970,3624,1736,1888
10515,65078,7077,31338,4626,58001,3626,1737,1889
10520,65109,7077,31350,4626,58032,3628,1738,1890
10525,65140,7077,31364,4626,58063,3630,1739,1891
10530,65171,7077,31379,4626,58094,3632,1740,1892
10535,65202,7077,31393,4626,58125,3634,1740,1894
10540,65233,7077,31410,4626,58156,3636,1741,1895
10545,65264,7077,31423,4626,58187,3638,1743,1895
10550,65295,7077,31442,4626,58218,3640,1743,1897
10555,65326,7077,31460,4626,58249,3642,1744,1898
10560,65357,7077,31469,4626,58280,3644,1744,1900
10565,65388,7079,31486,4627,58309,3645,1745,1900
10570,65419,7080,31504,4627,58339,3646,1746,1900
10575,65450,7083,31523,4629,58367,3647,1746,1901
10580,65481,7086,31537,4630,58395,3648,1746,1902
10585,65512,7088,31548,4631,58424,3649,1746,1903
10590,65543,7091,31563,4633,58452,3650,1746,1904
10595,65574,7098,31581,4639,58475,3651,1746,1905
10600,65605,7105,31597,4644,58499,3652,1747,1905
10605,65636,7111,31614,4650,58522,3653,1747,1906
10610,65667,7121,31629,4659,58543,3654,1748,1906
10615,65698,7130,31648,4668,58565,3655,1749,1906
10620,65729,7139,31662,4673,58588,3656,1750,1906
10625,65760,7145,31674,4676,58613,3657,1750,1907
10630,65791,7152,31688,4682,58638,3658,1750,1908
10635,65822,7157,31706,4686,58665,3659,1750,1909
10640,65853,7158,31718,4687,58695,3660,1751,1909
10645,65884,7159,31740,4688,58724,3661,1752,1909
10650,65915,7160,31753,4688,58755,3662,1753,1909
10655,65946,7161,31761,4689,58785,3663,1753,1910
10660,65977,7162,31781,4690,58814,3664,1753,1911
10665,66008,7163,31795,4690,58845,3666,1753,1913
10670,66039,7164,31811,4691,58874,3668,1754,1914
10675,66070,7165,31825,4692,58904,3670,1755,1915
10680,66101,7166,31840,4693,58935,3672,1756,1916
10685,66132,7167,31855,4693,58965,3674,1756,1918
10690,66163,7168,31870,4693,58995,3676,1757,1919
10695,66194,7169,31879,4694,59025,3678,1758,1920
10700,66225,7170,31892,4694,59055,3680,1759,1921
10705,66256,7171,31908,4694,59084,3682,1760,1922
10710,66287,7172,31926,4695,59114,3684,1760,1924
10715,66318,7173,31942,4696,59145,3686,1761,1925
10720,66349,7174,31955,4697,59175,3688,1761,1927
10725,66380,7175,31967,4698,59205,3690,1762,1928
10730,66411,7177,31980,4698,59234,3692,1763,1929
10735,66442,7179,31995,4698,59263,3694,1764,1930
10740,66473,7182,32010,4700,59290,3696,1765,1931
10745,66504,7188,32025,4703,59315,3698,1766,1932
10750,66535,7193,32040,4706,59341,3700,1767,1933
10755,66566,7198,32050,4708,59368,3702,1769,1933
10760,66597,7203,32066,4712,59393,3704,1769,1935
10765,66628,7209,32081,4715,59418,3706,1769,1937
10770,66659,7215,32098,4720,59442,3708,1771,1937
10775,66690,7222,32114,4724,59467,3710,1771,1939
10780,66721,7230,32131,4730,59490,3712,1773,1939
10785,66752,7237,32146,4736,59513,3714,1775,1939
10790,66783,7246,32158,4742,59535,3716,1776,1940
10795,66814,7256,32173,4749,59558,3718,1777,1941
10800,66845,7261,32191,4753,59583,3720,1779,1941
10805,66876,7265,32207,4757,59611,3721,1780,1941
10810,66907,7269,32221,4760,59638,3722,1781,1941
10815,66938,7272,32236,4761,59666,3723,1781,1942
10820,66969,7273,32248,4762,59695,3724,1781,1943
10825,67000,7274,32267,4763,59726,3725,1781,1944
10830,67031,7275,32283,4764,59756,3726,1781,1945
10835,67062,7276,32302,4764,59785,3727,1782,1945
10840,67093,7277,32318,4765,59815,3728,1783,1945
10845,67124,7278,32330,4765,59845,3729,1784,1945
10850,67155,7279,32347,4765,59876,3730,1785,1945
10855,67186,7280,32367,4766,59906,3731,1785,1946
10860,67217,7281,32379,4766,59936,3732,1785,1947
10865,67248,7282,32394,4766,59966,3733,1785,1948
10870,67279,7283,32407,4766,59996,3734,1786,1948
10875,67310,7284,32424,4766,60026,3735,1787,1948
10880,67341,7285,32440,4767,60056,3736,1787,1949
10885,67372,7286,32454,4768,60086,3737,1788,1949
10890,67403,7287,32467,4769,60116,3738,1789,1949
10895,67434,7288,32482,4770,60146,3739,1790,1949
10900,67465,7289,32495,4770,60175,3740,1791,1949
10905,67496,7291,32512,4771,60202,3742,1792,1950
10910,67527,7296,32525,4774,60229,3744,1793,1951
10915,67558,7302,32539,4779,60254,3746,1794,1952
10920,67589,7307,32559,4782,60280,3748,1795,1953
10925,67620,7314,32579,4787,60304,3750,1796,1954
10930,67651,7320,32593,4791,60330,3752,1797,1955
10935,67682,7326,32608,4796,60355,3754,1798,1956
10940,67713,7332,32617,4800,60381,3756,1798,1958
10945,67744,7337,32634,4803,60407,3758,1800,1958
10950,67775,7342,32646,4806,60432,3760,1801,1959
10955,67806,7348,32661,4808,60457,3762,1803,1959
10960,67837,7355,32672,4812,60482,3764,1804,1960
10965,67868,7361,32686,4817,60507,3766,1805,1961
10970,67899,7370,32702,4824,60526,3768,1806,1962
10975,67930,7379,32720,4831,60550,3770,1806,1964
10980,67961,7384,32731,4836,60577,3772,1806,1966
10985,67992,7388,32747,4839,60603,3774,1808,1966
10990,68023,7389,32766,4840,60633,3776,1809,1967
10995,68054,7390,32778,4840,60664,3778,1811,1967
11000,68085,7391,32793,4841,60694,3780,1811,1969
11005,68116,7392,32805,4842,60724,3782,1811,1971
11010,68147,7393,32818,4843,60754,3784,1811,1973
11015,68178,7394,32836,4844,60784,3786,1812,1974
11020,68209,7395,32846,4844,60814,3788,1813,1975
11025,68240,7396,32862,4844,60844,3790,1814,1976
11030,68271,7397,32879,4845,60873,3792,1815,1977
11035,68302,7398,32889,4845,60904,3794,1815,1979
11040,68333,7399,32905,4846,60933,3796,1815,1981
11045,68364,7400,32917,4847,60964,3798,1816,1982
11050,68395,7401,32930,4848,60994,3800,1816,1984
11055,68426,7402,32942,4848,61024,3802,1817,1985
11060,68457,7403,32963,4849,61054,3804,1818,1986
11065,68488,7404,32981,4850,61083,3806,1820,1986
11070,68519,7405,32995,4851,61113,3808,1822,1986
11075,68550,7406,33007,4852,61143,3810,1822,1988
11080,68581,7407,33021,4852,61172,3812,1823,1989
11085,68612,7411,33032,4856,61199,3814,1824,1990
11090,68643,7418,33048,4861,61222,3816,1824,1992
11095,68674,7425,33064,4867,61246,3818,1825,1993
11100,68705,7434,33079,4872,61268,3820,1827,1993
11105,68736,7444,33099,4882,61290,3821,1827,1994
11110,68767,7453,33113,4888,61314,3822,1828,1994
11115,68798,7457,33124,4891,61341,3823,1828,1995
11120,68829,7460,33140,4893,61368,3824,1828,1996
11125,68860,7463,33155,4895,61397,3825,1829,1996
11130,68891,7467,33167,4897,61424,3826,1830,1996
11135,68922,7470,33182,4897,61452,3827,1831,1996
11140,68953,7474,33195,4900,61479,3828,1831,1997
11145,68984,7477,33204,4900,61507,3829,1832,1997
11150,69015,7482,33219,4903,61532,3830,1832,1998
11155,69046,7487,33229,4907,61559,3831,1832,1999
11160,69077,7491,33242,4909,61585,3832,1833,1999
11165,69108,7494,33253,4912,61614,3833,1834,1999
11170,69139,7496,33267,4914,61643,3834,1834,2000
11175,69170,7499,33287,4916,61670,3835,1835,2000
11180,69201,7503,33299,4919,61698,3836,1836,2000
11185,69232,7506,33317,4920,61726,3837,1836,2001
11190,69263,7508,33330,4921,61755,3838,1837,2001
11195,69294,7509,33342,4922,61785,3839,1837,2002
11200,69325,7510,33355,4923,61815,3840,1837,2003
11205,69356,7511,33373,4924,61845,3842,1838,2004
11210,69387,7512,33385,4925,61875,3844,1839,2005
11215,69418,7513,33401,4925,61905,3846,1841,2005
11220,69449,7515,33414,4925,61934,3848,1843,2005
11225,69480,7517,33424,4925,61963,3850,1843,2007
11230,69511,7519,33443,4926,61992,3852,1844,2008
11235,69542,7521,33456,4927,62021,3854,1846,2008
11240,69573,7523,33471,4928,62050,3856,1848,2008
11245,69604,7525,33483,4930,62079,3858,1850,2008
11250,69635,7529,33494,4932,62105,3860,1850,2010
11255,69666,7533,33509,4935,62132,3862,1851,2011
11260,69697,7537,33525,4938,62159,3864,1853,2011
11265,69728,7541,33541,4940,62185,3866,1855,2011
11270,69759,7544,33556,4941,62212,3868,1855,2013
11275,69790,7551,33571,4947,62237,3870,1857,2013
11280,69821,7558,33585,4952,62261,3872,1858,2014
11285,69852,7562,33599,4956,62289,3873,1859,2014
11290,69883,7564,33613,4958,62318,3874,1859,2015
11295,69914,7566,33632,4960,62348,3875,1859,2016
11300,69945,7568,33646,4961,62376,3876,1860,2016
11305,69976,7571,33664,4962,62404,3877,1860,2017
11310,70007,7573,33683,4964,62434,3878,1860,2018
11315,70038,7576,33694,4965,62462,3879,1860,2019
11320,70069,7579,33713,4967,62489,3880,1861,2019
11325,70100,7583,33728,4969,62517,3881,1861,2020
11330,70131,7586,33742,4971,62545,3882,1861,2021
11335,70162,7590,33757,4974,62572,3883,1862,2021
11340,70193,7593,33773,4976,62600,3884,1862,2022
11345,70224,7596,33785,4977,62628,3885,1862,2023
11350,70255,7598,33802,4979,62656,3886,1863,2023
11355,70286,7601,33811,4981,62684,3887,1863,2024
11360,70317,7603,33823,4982,62713,3888,1863,2025
11365,70348,7605,33836,4983,62743,3889,1863,2026
11370,70379,7607,33853,4985,62771,3890,1864,2026
11375,70410,7610,33866,4988,62799,3891,1864,2027
11380,70441,7611,33881,4989,62829,3892,1865,2027
11385,70472,7614,33894,4991,62857,3894,1867,2027
11390,70503,7617,33910,4993,62883,3896,1868,2028
11395,70534,7622,33922,4997,62911,3898,1870,2028
11400,70565,7624,33942,4999,62939,3900,1871,2029
11405,70596,7627,33957,5000,62967,3902,1873,2029
11410,70627,7630,33973,5002,62995,3904,1874,2030
11415,70658,7633,33983,5004,63024,3906,1874,2032
11420,70689,7636,33996,5005,63051,3908,1874,2034
11425,70720,7639,34008,5006,63081,3910,1875,2035
11430,70751,7642,34021,5009,63108,3912,1875,2037
11435,70782,7646,34036,5012,63135,3914,1876,2038
11440,70813,7649,34051,5014,63163,3916,1876,2040
11445,70844,7653,34068,5017,63190,3918,1877,2041
11450,70875,7654,34087,5017,63221,3920,1877,2043
11455,70906,7655,34104,5017,63250,3922,1878,2044
11460,70937,7656,34117,5018,63280,3924,1879,2045
11465,70968,7659,34133,5020,63309,3926,1879,2047
11470,70999,7661,34149,5022,63338,3928,1880,2048
11475,71030,7664,34162,5024,63366,3930,1880,2050
11480,71061,7668,34178,5026,63393,3932,1881,2051
11485,71092,7671,34190,5027,63421,3934,1882,2052
11490,71123,7675,34204,5029,63448,3936,1883,2053
11495,71154,7679,34224,5033,63475,3938,1885,2053
11500,71185,7684,34239,5036,63501,3940,1885,2055
11505,71216,7687,34258,5038,63529,3942,1886,2056
11510,71247,7690,34267,5040,63557,3944,1887,2057
11515,71278,7695,34288,5045,63583,3946,1889,2057
11520,71309,7699,34304,5047,63610,3948,1889,2059
11525,71340,7702,34319,5048,63637,3950,1891,2059
11530,71371,7705,34335,5050,63665,3952,1892,2060
11535,71402,7707,34349,5051,63695,3954,1893,2061
11540,71433,7709,34358,5051,63724,3956,1893,2063
11545,71464,7711,34374,5051,63752,3958,1894,2064
11550,71495,7715,34387,5054,63779,3960,1894,2066
11555,71526,7722,34404,5058,63801,3962,1894,2068
11560,71557,7729,34418,5064,63826,3964,1895,2069
11565,71588,7736,34433,5069,63850,3966,1895,2071
11570,71619,7741,34452,5073,63877,3968,1897,2071
11575,71650,7744,34463,5074,63905,3970,1897,2073
11580,71681,7750,34479,5079,63929,3972,1897,2075
11585,71712,7754,34491,5081,63958,3974,1899,2075
11590,71743,7755,34504,5081,63988,3976,1899,2077
11595,71774,7756,34516,5081,64018,3978,1899,2079
11600,71805,7757,34530,5081,64048,3980,1899,2081
11605,71836,7758,34542,5082,64078,3982,1900,2082
11610,71867,7759,34559,5083,64108,3984,1900,2084
11615,71898,7760,34575,5083,64138,3986,1902,2084
11620,71929,7761,34591,5083,64168,3988,1903,2085
11625,71960,7763,34604,5084,64197,3990,1903,2087
11630,71991,7765,34621,5085,64226,3992,1904,2088
11635,72022,7767,34632,5086,64255,3994,1905,2089
11640,72053,7769,34644,5086,64284,3996,1907,2089
11645,72084,7773,34659,5089,64311,3997,1907,2090
11650,72115,7776,34672,5091,64339,3998,1908,2090
11655,72146,7780,34687,5094,64366,3999,1908,2091
11660,72177,7782,34702,5096,64395,4000,1908,2092
11665,72208,7787,34720,5101,64421,4001,1908,2093
11670,72239,7790,34733,5103,64449,4002,1909,2093
11675,72270,7795,34749,5106,64475,4003,1909,2094
11680,72301,7800,34766,5110,64501,4004,1909,2095
11685,72332,7802,34785,5111,64530,4005,1910,2095
11690,72363,7804,34796,5111,64559,4006,1911,2095
11695,72394,7806,34815,5113,64588,4007,1912,2095
11700,72425,7810,34832,5117,64613,4008,1912,2096
11705,72456,7814,34843,5120,64642,4009,1912,2097
11710,72487,7817,34865,5123,64668,4010,1913,2097
11715,72518,7823,34880,5128,64693,4011,1913,2098
11720,72549,7829,34898,5133,64719,4012,1913,2099
11725,72580,7834,34911,5137,64745,4013,1914,2099
11730,72611,7838,34926,5139,64772,4014,1915,2099
11735,72642,7843,34939,5142,64798,4015,1915,2100
11740,72673,7848,34955,5146,64822,4016,1915,2101
11745,72704,7854,34971,5150,64848,4018,1917,2101
11750,72735,7861,34992,5156,64872,4020,1919,2101
11755,72766,7868,35008,5162,64898,4022,1920,2102
11760,72797,7870,35029,5163,64927,4024,1922,2102
11765,72828,7871,35044,5164,64957,4025,1922,2103
11770,72859,7872,35061,5164,64987,4026,1922,2104
11775,72890,7873,35073,5165,65017,4027,1923,2104
11780,72921,7874,35092,5166,65047,4028,1923,2105
11785,72952,7875,35103,5166,65077,4029,1923,2106
11790,72983,7877,35118,5168,65105,4030,1923,2107
11795,73014,7879,35130,5168,65135,4031,1924,2107
11800,73045,7881,35146,5168,65163,4032,1924,2108
11805,73076,7883,35164,5169,65193,4033,1924,2109
11810,73107,7885,35176,5170,65221,4034,1924,2110
11815,73138,7887,35191,5172,65251,4035,1925,2110
11820,73169,7890,35207,5174,65278,4036,1925,2111
11825,73200,7892,35221,5174,65308,4037,1926,2111
11830,73231,7895,35235,5176,65336,4038,1926,2112
11835,73262,7898,35249,5177,65364,4039,1926,2113
11840,73293,7901,35265,5180,65392,4040,1927,2113
11845,73324,7903,35280,5180,65421,4041,1927,2114
11850,73355,7905,35296,5180,65450,4042,1927,2115
11855,73386,7907,35312,5181,65479,4043,1927,2116
11860,73417,7910,35324,5182,65507,4044,1927,2117
11865,73448,7916,35340,5185,65531,4046,1927,2119
11870,73479,7926,35354,5193,65553,4048,1927,2121
11875,73510,7933,35373,5199,65577,4050,1929,2121
11880,73541,7939,35390,5204,65601,4052,1931,2121
11885,73572,7944,35407,5208,65628,4054,1932,2122
11890,73603,7948,35425,5210,65654,4056,1933,2123
11895,73634,7953,35441,5214,65681,4058,1935,2123
11900,73665,7957,35460,5216,65707,4060,1935,2125
11905,73696,7962,35473,5220,65733,4062,1936,2126
11910,73727,7966,35484,5221,65760,4064,1937,2127
11915,73758,7971,35499,5226,65787,4066,1938,2128
11920,73789,7975,35511,5228,65813,4068,1939,2129
11925,73820,7980,35528,5231,65839,4070,1940,2130
11930,73851,7985,35543,5235,65865,4072,1941,2131
11935,73882,7988,35557,5237,65894,4074,1942,2132
11940,73913,7991,35571,5239,65921,4076,1943,2133
11945,73944,7993,35586,5241,65951,4078,1944,2134
11950,73975,7995,35598,5241,65980,4080,1945,2135
11955,74006,7997,35615,5243,66009,4082,1946,2136
11960,74037,7999,35632,5245,66037,4084,1947,2137
11965,74068,8001,35647,5246,66066,4086,1947,2139
11970,74099,8003,35664,5246,66095,4088,1948,2140
11975,74130,8005,35675,5247,66124,4090,1949,2141
11980,74161,8007,35687,5247,66154,4092,1950,2142
11985,74192,8009,35705,5248,66183,4094,1951,2143
11990,74223,8011,35716,5248,66211,4096,1951,2145
11995,74254,8017,35729,5251,66236,4098,1952,2146
12000,74285,8020,35742,5252,66263,4100,1953,2147
12005,74316,8023,35753,5255,66293,4102,1953,2149
12010,74347,8025,35767,5256,66322,4104,1953,2151
12015,74378,8027,35786,5258,66351,4106,1953,2153
12020,74409,8029,35803,5259,66380,4108,1954,2154
12025,74440,8031,35818,5259,66409,4110,1954,2156
12030,74471,8033,35836,5259,66438,4112,1955,2157
12035,74502,8036,35854,5261,66465,4114,1957,2157
12040,74533,8042,35870,5265,66491,4116,1959,2157
12045,74564,8045,35885,5266,66518,4118,1960,2158
12050,74595,8051,35896,5270,66544,4120,1962,2158
12055,74626,8055,35911,5272,66570,4122,1963,2159
12060,74657,8060,35924,5274,66596,4124,1963,2161
12065,74688,8063,35941,5277,66625,4126,1964,2162
12070,74719,8066,35960,5279,66653,4128,1965,2163
12075,74750,8069,35975,5281,66679,4130,1965,2165
12080,74781,8073,35991,5283,66707,4132,1967,2165
12085,74812,8079,36005,5287,66733,4134,1968,2166
12090,74843,8081,36020,5288,66762,4136,1969,2167
12095,74874,8085,36034,5291,66789,4138,1970,2168
12100,74905,8087,36043,5292,66818,4140,1970,2170
12105,74936,8088,36062,5293,66848,4142,1972,2170
12110,74967,8089,36077,5293,66878,4144,1973,2171
12115,74998,8091,36091,5295,66907,4146,1974,2172
12120,75029,8092,36109,5295,66936,4148,1975,2173
12125,75060,8093,36126,5295,66965,4150,1976,2174
12130,75091,8095,36139,5296,66995,4152,1976,2176
12135,75122,8097,36154,5297,67025,4154,1978,2176
12140,75153,8098,36169,5297,67055,4156,1979,2177
12145,75184,8099,36184,5297,67084,4158,1980,2178
12150,75215,8100,36201,5297,67114,4160,1982,2178
12155,75246,8102,36214,5298,67143,4162,1982,2180
12160,75277,8104,36229,5300,67172,4164,1983,2181
12165,75308,8107,36250,5303,67201,4166,1985,2181
12170,75339,8109,36268,5305,67228,4168,1986,2182
12175,75370,8115,36285,5311,67253,4170,1987,2183
12180,75401,8121,36301,5315,67280,4172,1988,2184
12185,75432,8122,36313,5316,67309,4174,1989,2185
12190,75463,8123,36328,5316,67339,4176,1989,2187
12195,75494,8124,36341,5316,67369,4178,1990,2188
12200,75525,8129,36354,5321,67396,4180,1991,2189
12205,75556,8131,36371,5322,67422,4182,1992,2190
12210,75587,8137,36389,5326,67450,4184,1994,2190
12215,75618,8140,36400,5326,67478,4186,1994,2192
12220,75649,8144,36416,5329,67504,4188,1995,2193
12225,75680,8149,36431,5332,67529,4190,1996,2194
12230,75711,8156,36442,5336,67554,4192,1997,2195
12235,75742,8161,36459,5339,67579,4194,1997,2197
12240,75773,8167,36473,5343,67606,4196,1997,2199
12245,75804,8171,36491,5346,67633,4197,1997,2200
12250,75835,8176,36507,5351,67658,4198,1997,2201
12255,75866,8181,36519,5354,67683,4199,1998,2201
12260,75897,8186,36531,5358,67710,4200,1998,2202
12265,75928,8188,36544,5360,67740,4201,1999,2202
12270,75959,8190,36556,5361,67768,4202,1999,2203
12275,75990,8192,36571,5361,67798,4203,2000,2203
12280,76021,8194,36585,5361,67827,4204,2001,2203
12285,76052,8196,36593,5361,67856,4205,2001,2204
12290,76083,8200,36606,5363,67880,4206,2001,2205
12295,76114,8203,36619,5365,67911,4207,2001,2206
12300,76145,8206,36635,5367,67938,4208,2001,2207
12305,76176,8210,36651,5371,67966,4208,2001,2207
12310,76207,8214,36668,5373,67993,4208,2001,2207
12315,76238,8218,36682,5375,68020,4208,2001,2207
12320,76269,8223,36700,5378,68046,4208,2001,2207
12325,76300,8225,36712,5379,68074,4208,2001,2207
12330,76331,8228,36723,5381,68101,4208,2001,2207
12335,76362,8231,36739,5383,68129,4208,2001,2207
12340,76393,8235,36757,5387,68156,4208,2001,2207
12345,76424,8240,36765,5390,68183,4209,2001,2208
12350,76455,8244,36779,5392,68211,4210,2002,2208
12355,76486,8245,36795,5393,68241,4211,2003,2208
12360,76517,8246,36812,5394,68271,4212,2004,2208
12365,76548,8247,36828,5394,68301,4213,2005,2208
12370,76579,8249,36844,5396,68330,4214,2005,2209
12375,76610,8251,36856,5397,68359,4215,2005,2210
12380,76641,8253,36864,5397,68388,4216,2005,2211
12385,76672,8255,36882,5399,68417,4217,2006,2211
12390,76703,8257,36897,5400,68446,4218,2007,2211
12395,76734,8260,36912,5402,68473,4219,2008,2211
12400,76765,8264,36929,5404,68501,4220,2008,2212
12405,76796,8267,36947,5406,68527,4222,2008,2214
12410,76827,8274,36963,5413,68552,4224,2010,2214
12415,76858,8278,36982,5417,68578,4226,2012,2214
12420,76889,8284,36998,5421,68604,4228,2014,2214
12425,76920,8285,37011,5421,68635,4230,2015,2215
12430,76951,8287,37027,5423,68663,4232,2016,2216
12435,76982,8291,37039,5425,68691,4234,2017,2217
12440,77013,8295,37054,5427,68717,4236,2017,2219
12445,77044,8300,37071,5431,68743,4238,2018,2220
12450,77075,8305,37079,5434,68769,4240,2020,2220
12455,77106,8310,37095,5439,68795,4242,2022,2220
12460,77137,8315,37111,5444,68821,4244,2023,2221
12465,77168,8317,37125,5445,68850,4246,2024,2222
12470,77199,8319,37139,5447,68880,4248,2025,2223
12475,77230,8322,37148,5448,68907,4250,2025,2225
12480,77261,8325,37159,5450,68935,4252,2026,2226
12485,77292,8327,37170,5451,68965,4254,2027,2227
12490,77323,8330,37186,5452,68991,4256,2027,2229
12495,77354,8333,37199,5454,69021,4258,2029,2229
12500,77385,8338,37213,5458,69047,4260,2030,2230
12505,77416,8342,37230,5462,69073,4262,2030,2232
12510,77447,8345,37245,5463,69101,4264,2031,2233
12515,77478,8349,37258,5465,69128,4266,2032,2234
12520,77509,8351,37271,5467,69158,4268,2033,2235
12525,77540,8352,37288,5468,69188,4270,2035,2235
12530,77571,8353,37305,5468,69216,4272,2036,2236
12535,77602,8358,37320,5471,69243,4274,2037,2237
12540,77633,8363,37345,5476,69268,4276,2038,2238
12545,77664,8368,37363,5480,69293,4278,2039,2239
12550,77695,8373,37377,5485,69320,4280,2040,2240
12555,77726,8376,37392,5488,69350,4282,2042,2240
12560,77757,8377,37413,5489,69380,4284,2043,2241
12565,77788,8378,37430,5489,69410,4286,2044,2242
12570,77819,8380,37447,5490,69439,4288,2045,2243
12575,77850,8383,37463,5493,69467,4290,2046,2244
12580,77881,8385,37472,5493,69496,4292,2047,2245
12585,77912,8388,37481,5496,69524,4294,2048,2246
12590,77943,8390,37491,5497,69553,4296,2048,2248
12595,77974,8392,37504,5497,69582,4298,2050,2248
12600,78005,8395,37517,5498,69610,4300,2052,2248
12605,78036,8397,37530,5498,69638,4302,2053,2249
12610,78067,8400,37542,5499,69666,4304,2053,2251
12615,78098,8404,37556,5503,69693,4306,2054,2252
12620,78129,8408,37568,5505,69720,4308,2056,2252
12625,78160,8411,37584,5507,69748,4310,2057,2253
12630,78191,8417,37603,5512,69772,4312,2058,2254
12635,78222,8419,37616,5513,69802,4314,2059,2255
12640,78253,8421,37636,5514,69830,4316,2061,2255
12645,78284,8423,37647,5514,69861,4318,2062,2256
12650,78315,8425,37663,5516,69888,4320,2063,2257
12655,78346,8430,37683,5521,69915,4322,2065,2257
12660,78377,8435,37704,5526,69939,4324,2066,2258
12665,78408,8442,37717,5530,69965,4326,2067,2259
12670,78439,8446,37728,5531,69993,4328,2068,2260
12675,78470,8450,37740,5532,70018,4330,2068,2262
12680,78501,8456,37755,5537,70042,4332,2069,2263
12685,78532,8465,37769,5546,70066,4334,2070,2264
12690,78563,8470,37779,5549,70093,4336,2070,2266
12695,78594,8474,37793,5552,70120,4338,2071,2267
12700,78625,8477,37808,5553,70148,4340,2072,2268
12705,78656,8478,37824,5553,70178,4342,2073,2269
12710,78687,8479,37838,5553,70208,4344,2075,2269
12715,78718,8480,37848,5554,70238,4346,2075,2271
12720,78749,8481,37862,5554,70268,4348,2076,2272
12725,78780,8482,37881,5554,70298,4350,2078,2272
12730,78811,8483,37899,5555,70328,4352,2079,2273
12735,78842,8484,37912,5555,70358,4354,2079,2275
12740,78873,8486,37924,5556,70387,4356,2081,2275
12745,78904,8489,37940,5558,70415,4358,2082,2276
12750,78935,8491,37950,5559,70444,4360,2082,2278
12755,78966,8493,37967,5561,70471,4362,2084,2278
12760,78997,8497,37984,5565,70500,4364,2085,2279
12765,79028,8499,38002,5566,70529,4366,2085,2281
12770,79059,8501,38019,5568,70557,4368,2085,2283
12775,79090,8503,38034,5569,70587,4370,2086,2284
12780,79121,8505,38050,5570,70616,4372,2088,2284
12785,79152,8507,38064,5570,70645,4374,2089,2285
12790,79183,8510,38079,5572,70673,4376,2091,2285
12795,79214,8514,38095,5576,70700,4378,2093,2285
12800,79245,8518,38109,5579,70727,4380,2094,2286
12805,79276,8523,38123,5583,70753,4382,2095,2287
12810,79307,8526,38135,5584,70780,4384,2096,2288
12815,79338,8533,38149,5591,70805,4386,2096,2290
12820,79369,8538,38166,5594,70829,4388,2097,2291
12825,79400,8544,38184,5598,70855,4390,2099,2291
12830,79431,8551,38199,5602,70878,4392,2099,2293
12835,79462,8557,38214,5607,70904,4394,2100,2294
12840,79493,8563,38227,5611,70930,4396,2100,2296
12845,79524,8568,38242,5615,70955,4397,2101,2296
12850,79555,8573,38255,5617,70981,4398,2102,2296
12855,79586,8576,38268,5619,71010,4399,2102,2297
12860,79617,8579,38277,5621,71038,4400,2102,2298
12865,79648,8582,38292,5623,71066,4401,2102,2299
12870,79679,8585,38312,5626,71093,4402,2102,2300
12875,79710,8587,38322,5627,71122,4403,2103,2300
12880,79741,8588,38338,5628,71153,4404,2104,2300
12885,79772,8590,38358,5629,71182,4405,2105,2300
12890,79803,8592,38377,5630,71211,4406,2106,2300
12895,79834,8594,38391,5632,71240,4407,2106,2301
12900,79865,8597,38402,5634,71267,4408,2106,2302
12905,79896,8599,38417,5636,71297,4408,2106,2302
12910,79927,8602,38431,5638,71325,4408,2106,2302
12915,79958,8604,38445,5640,71354,4408,2106,2302
12920,79989,8604,38459,5640,71385,4408,2106,2302
12925,80020,8604,38472,5640,71416,4408,2106,2302
12930,80051,8604,38484,5640,71447,4408,2106,2302
12935,80082,8604,38499,5640,71478,4408,2106,2302
12940,80113,8604,38512,5640,71509,4408,2106,2302
12945,80144,8605,38527,5641,71538,4409,2106,2303
12950,80175,8606,38540,5642,71569,4410,2107,2303
12955,80206,8607,38558,5642,71598,4411,2108,2303
12960,80237,8610,38575,5644,71626,4412,2108,2304
12965,80268,8613,38592,5647,71654,4413,2109,2304
12970,80299,8617,38604,5650,71682,4414,2109,2305
12975,80330,8619,38623,5651,71708,4415,2110,2305
12980,80361,8623,38638,5655,71734,4416,2110,2306
12985,80392,8628,38653,5659,71762,4417,2110,2307
12990,80423,8634,38669,5664,71788,4418,2111,2307
12995,80454,8638,38684,5667,71813,4419,2111,2308
13000,80485,8642,38698,5670,71843,4420,2112,2308
13005,80516,8645,38714,5670,71871,4422,2114,2308
13010,80547,8648,38726,5672,71899,4424,2115,2309
13015,80578,8651,38742,5675,71927,4426,2116,2310
13020,80609,8655,38756,5677,71954,4428,2117,2311
13025,80640,8657,38767,5677,71983,4430,2117,2313
13030,80671,8660,38784,5679,72010,4432,2119,2313
13035,80702,8665,38800,5684,72036,4434,2120,2314
13040,80733,8669,38816,5686,72062,4436,2120,2316
13045,80764,8675,38831,5692,72089,4438,2122,2316
13050,80795,8678,38849,5693,72115,4440,2123,2317
13055,80826,8684,38863,5698,72140,4442,2124,2318
13060,80857,8689,38882,5702,72167,4444,2125,2319
13065,80888,8694,38894,5706,72193,4446,2126,2320
13070,80919,8699,38914,5710,72219,4448,2128,2320
13075,80950,8705,38930,5714,72243,4450,2129,2321
13080,80981,8711,38946,5718,72270,4452,2130,2322
13085,81012,8716,38960,5721,72295,4454,2131,2323
13090,81043,8721,38974,5723,72322,4456,2132,2324
13095,81074,8726,38990,5727,72348,4458,2133,2325
13100,81105,8729,39001,5728,72376,4460,2133,2327
13105,81136,8730,39016,5729,72406,4462,2135,2327
13110,81167,8731,39030,5729,72436,4464,2136,2328
13115,81198,8732,39046,5729,72466,4466,2136,2330
13120,81229,8733,39064,5730,72496,4468,2138,2330
13125,81260,8734,39077,5731,72526,4470,2138,2332
13130,81291,8738,39091,5734,72553,4472,2139,2333
13135,81322,8741,39101,5737,72580,4474,2139,2335
13140,81353,8743,39116,5737,72608,4476,2141,2335
13145,81384,8746,39132,5738,72637,4478,2141,2337
13150,81415,8749,39150,5740,72665,4480,2142,2338
13155,81446,8752,39164,5741,72694,4482,2142,2340
13160,81477,8754,39179,5743,72722,4484,2144,2340
13165,81508,8758,39190,5745,72749,4486,2145,2341
13170,81539,8761,39205,5747,72778,4488,2146,2342
13175,81570,8764,39225,5750,72805,4490,2148,2342
13180,81601,8768,39242,5752,72832,4492,2150,2342
13185,81632,8772,39256,5755,72859,4494,2151,2343
13190,81663,8773,39273,5755,72888,4496,2152,2344
13195,81694,8774,39287,5755,72919,4498,2153,2345
13200,81725,8776,39307,5757,72948,4500,2155,2345
13205,81756,8779,39328,5760,72975,4502,2157,2345
13210,81787,8783,39342,5762,73002,4504,2159,2345
13215,81818,8788,39353,5764,73029,4506,2160,2346
13220,81849,8792,39370,5767,73056,4508,2160,2348
13225,81880,8797,39385,5770,73082,4510,2160,2350
13230,81911,8802,39399,5773,73106,4512,2161,2351
13235,81942,8808,39415,5777,73133,4514,2161,2353
13240,81973,8812,39432,5780,73160,4516,2163,2353
13245,82004,8818,39445,5784,73185,4518,2164,2354
13250,82035,8821,39461,5787,73214,4520,2165,2355
13255,82066,8824,39480,5788,73242,4522,2166,2356
13260,82097,8827,39498,5791,73270,4524,2167,2357
13265,82128,8829,39513,5793,73299,4526,2168,2358
13270,82159,8831,39531,5794,73327,4528,2168,2360
13275,82190,8834,39544,5795,73356,4530,2169,2361
13280,82221,8837,39559,5797,73384,4532,2170,2362
13285,82252,8840,39572,5799,73411,4534,2170,2364
13290,82283,8843,39590,5801,73439,4536,2171,2365
13295,82314,8849,39611,5806,73464,4538,2172,2366
13300,82345,8853,39628,5810,73492,4540,2173,2367
13305,82376,8855,39642,5811,73521,4542,2174,2368
13310,82407,8857,39655,5812,73550,4544,2175,2369
13315,82438,8859,39668,5813,73579,4546,2175,2371
13320,82469,8862,39687,5815,73607,4548,2177,2371
13325,82500,8864,39702,5816,73636,4550,2179,2371
13330,82531,8866,39718,5817,73665,4552,2179,2373
13335,82562,8868,39733,5818,73693,4554,2181,2373
13340,82593,8871,39749,5820,73722,4556,2182,2374
13345,82624,8874,39760,5822,73750,4558,2182,2376
13350,82655,8876,39776,5823,73779,4560,2182,2378
13355,82686,8880,39793,5825,73806,4562,2184,2378
13360,82717,8884,39806,5828,73833,4564,2185,2379
13365,82748,8889,39820,5832,73859,4566,2186,2380
13370,82779,8893,39834,5834,73886,4568,2186,2382
13375,82810,8899,39851,5839,73909,4570,2186,2384
13380,82841,8903,39870,5841,73936,4572,2188,2384
13385,82872,8906,39883,5844,73964,4573,2189,2384
13390,82903,8909,39902,5846,73992,4574,2190,2384
13395,82934,8912,39915,5847,74021,4575,2191,2384
13400,82965,8916,39932,5850,74048,4576,2192,2384
13405,82996,8921,39947,5852,74075,4577,2193,2384
13410,83027,8925,39960,5854,74101,4578,2193,2385
13415,83058,8929,39977,5858,74127,4579,2193,2386
13420,83089,8933,39995,5860,74154,4580,2193,2387
13425,83120,8936,40012,5863,74182,4581,2194,2387
13430,83151,8938,40019,5863,74213,4582,2194,2388
13435,83182,8940,40034,5864,74241,4583,2195,2388
13440,83213,8944,40053,5866,74266,4584,2196,2388
13445,83244,8949,40068,5869,74294,4585,2196,2389
13450,83275,8952,40085,5870,74322,4586,2197,2389
13455,83306,8955,40100,5873,74350,4587,2197,2390
13460,83337,8960,40113,5878,74376,4588,2198,2390
13465,83368,8962,40130,5879,74406,4589,2199,2390
13470,83399,8963,40145,5879,74436,4590,2199,2391
13475,83430,8964,40158,5880,74466,4591,2199,2392
13480,83461,8965,40173,5881,74496,4592,2199,2393
13485,83492,8967,40185,5881,74525,4594,2200,2394
13490,83523,8969,40197,5882,74554,4596,2200,2396
13495,83554,8971,40217,5884,74583,4598,2201,2397
13500,83585,8973,40231,5885,74612,4600,2202,2398
13505,83616,8975,40246,5885,74641,4601,2203,2398
13510,83647,8977,40262,5885,74670,4602,2204,2398
13515,83678,8980,40277,5887,74698,4603,2204,2399
13520,83709,8983,40294,5889,74725,4604,2204,2400
13525,83740,8987,40310,5892,74752,4605,2204,2401
13530,83771,8992,40320,5894,74778,4606,2204,2402
13535,83802,8997,40330,5896,74805,4607,2204,2403
13540,83833,9001,40345,5898,74831,4608,2205,2403
13545,83864,9005,40355,5900,74859,4609,2205,2404
13550,83895,9011,40374,5904,74881,4610,2206,2404
13555,83926,9017,40386,5907,74908,4611,2207,2404
13560,83957,9024,40403,5912,74930,4612,2207,2405
13565,83988,9028,40419,5916,74959,4613,2208,2405
13570,84019,9031,40436,5918,74987,4614,2208,2406
13575,84050,9035,40450,5922,75015,4615,2208,2407
13580,84081,9037,40466,5922,75042,4616,2208,2408
13585,84112,9042,40478,5926,75069,4617,2208,2409
13590,84143,9044,40493,5928,75099,4618,2209,2409
13595,84174,9045,40511,5929,75128,4619,2210,2409
13600,84205,9048,40529,5931,75156,4620,2210,2410
13605,84236,9052,40542,5935,75183,4622,2211,2411
13610,84267,9055,40560,5938,75210,4624,2213,2411
13615,84298,9059,40577,5941,75238,4626,2213,2413
13620,84329,9062,40592,5944,75267,4628,2215,2413
13625,84360,9062,40605,5944,75298,4630,2216,2414
13630,84391,9062,40617,5944,75329,4632,2217,2415
13635,84422,9062,40634,5944,75360,4634,2218,2416
13640,84453,9062,40647,5944,75391,4636,2220,2416
13645,84484,9062,40667,5944,75422,4638,2221,2417
13650,84515,9062,40681,5944,75453,4640,2222,2418
13655,84546,9062,40693,5944,75483,4642,2222,2420
13660,84577,9062,40708,5944,75513,4644,2222,2422
13665,84608,9063,40724,5944,75545,4646,2224,2422
13670,84639,9065,40740,5946,75574,4648,2226,2422
13675,84670,9067,40751,5946,75603,4650,2227,2423
13680,84701,9069,40770,5948,75632,4652,2228,2424
13685,84732,9071,40787,5949,75661,4654,2230,2424
13690,84763,9073,40805,5949,75690,4656,2231,2425
13695,84794,9076,40823,5951,75717,4658,2233,2425
13700,84825,9080,40839,5955,75745,4660,2235,2425
13705,84856,9083,40852,5956,75773,4662,2235,2427
13710,84887,9086,40862,5957,75800,4664,2235,2429
13715,84918,9090,40874,5959,75827,4666,2236,2430
13720,84949,9095,40886,5962,75854,4668,2237,2431
13725,84980,9099,40897,5964,75880,4670,2237,2433
13730,85011,9106,40911,5969,75904,4672,2237,2435
13735,85042,9113,40928,5973,75928,4674,2238,2436
13740,85073,9120,40945,5978,75952,4676,2238,2438
13745,85104,9126,40960,5981,75978,4678,2238,2440
13750,85135,9132,40973,5986,76002,4680,2239,2441
13755,85166,9138,40987,5991,76026,4682,2240,2442
13760,85197,9145,41005,5997,76050,4684,2241,2443
13765,85228,9154,41022,6003,76072,4686,2243,2443
13770,85259,9160,41039,6006,76098,4688,2245,2443
13775,85290,9164,41052,6008,76124,4690,2247,2443
13780,85321,9171,41069,6013,76148,4692,2248,2444
13785,85352,9175,41089,6016,76176,4694,2249,2445
13790,85383,9176,41108,6017,76206,4696,2249,2447
13795,85414,9177,41120,6017,76237,4698,2251,2447
13800,85445,9178,41132,6018,76266,4700,2251,2449
13805,85476,9179,41147,6018,76296,4702,2253,2449
13810,85507,9180,41160,6019,76326,4704,2253,2451
13815,85538,9181,41171,6019,76357,4706,2253,2453
13820,85569,9182,41181,6019,76386,4708,2253,2455
13825,85600,9183,41194,6020,76417,4710,2254,2456
13830,85631,9184,41205,6021,76444,4712,2254,2458
13835,85662,9185,41217,6022,76477,4714,2255,2459
13840,85693,9186,41238,6022,76507,4716,2257,2459
13845,85724,9187,41249,6022,76537,4718,2258,2460
13850,85755,9188,41265,6023,76567,4720,2260,2460
13855,85786,9189,41281,6024,76597,4722,2261,2461
13860,85817,9190,41295,6025,76627,4724,2262,2462
13865,85848,9191,41307,6025,76657,4726,2262,2464
13870,85879,9192,41318,6025,76687,4728,2263,2465
13875,85910,9193,41332,6025,76717,4730,2263,2467
13880,85941,9195,41345,6025,76746,4732,2264,2468
13885,85972,9197,41357,6027,76775,4734,2265,2469
13890,86003,9201,41373,6030,76802,4736,2267,2469
13895,86034,9205,41390,6033,76829,4738,2268,2470
13900,86065,9209,41407,6035,76856,4740,2269,2471
13905,86096,9213,41425,6038,76883,4742,2269,2473
13910,86127,9218,41441,6042,76909,4744,2270,2474
13915,86158,9223,41450,6044,76935,4746,2271,2475
13920,86189,9227,41462,6045,76962,4748,2272,2476
13925,86220,9231,41479,6048,76989,4749,2272,2477
13930,86251,9236,41497,6051,77014,4750,2273,2477
13935,86282,9241,41512,6053,77039,4751,2274,2477
13940,86313,9249,41528,6059,77063,4752,2274,2478
13945,86344,9257,41545,6066,77086,4753,2274,2479
13950,86375,9265,41560,6070,77108,4754,2274,2480
13955,86406,9272,41573,6075,77134,4755,2274,2481
13960,86437,9276,41590,6079,77161,4756,2274,2482
13965,86468,9280,41601,6082,77187,4757,2274,2483
13970,86499,9284,41611,6085,77214,4758,2274,2484
13975,86530,9290,41624,6088,77239,4759,2274,2485
13980,86561,9295,41639,6092,77264,4760,2274,2486
13985,86592,9300,41654,6095,77290,4761,2275,2486
13990,86623,9303,41670,6097,77317,4762,2276,2486
13995,86654,9308,41688,6101,77343,4763,2276,2487
14000,86685,9310,41699,6102,77373,4764,2277,2487
14005,86716,9311,41716,6103,77404,4765,2277,2488
14010,86747,9312,41729,6104,77435,4766,2277,2489
14015,86778,9313,41747,6104,77463,4767,2278,2489
14020,86809,9314,41761,6104,77493,4768,2278,2490
14025,86840,9315,41776,6105,77525,4770,2279,2491
14030,86871,9316,41790,6106,77554,4772,2280,2492
14035,86902,9317,41804,6106,77584,4774,2282,2492
14040,86933,9318,41818,6106,77615,4776,2283,2493
14045,86964,9319,41836,6106,77645,4778,2284,2494
14050,86995,9320,41847,6106,77675,4780,2285,2495
14055,87026,9322,41865,6108,77703,4782,2285,2497
14060,87057,9327,41881,6112,77729,4784,2286,2498
14065,87088,9332,41895,6116,77756,4786,2286,2500
14070,87119,9334,41910,6117,77785,4788,2287,2501
14075,87150,9336,41929,6119,77814,4790,2288,2502
14080,87181,9338,41942,6121,77843,4792,2289,2503
14085,87212,9341,41958,6122,77870,4794,2290,2504
14090,87243,9345,41973,6125,77897,4796,2290,2506
14095,87274,9349,41988,6129,77925,4798,2291,2507
14100,87305,9354,42007,6132,77950,4800,2292,2508
14105,87336,9360,42023,6135,77974,4801,2293,2508
14110,87367,9368,42038,6142,77998,4802,2293,2509
14115,87398,9375,42054,6147,78022,4803,2294,2509
14120,87429,9382,42071,6150,78045,4804,2294,2510
14125,87460,9390,42086,6156,78070,4805,2294,2511
14130,87491,9393,42101,6158,78098,4806,2295,2511
14135,87522,9396,42116,6161,78126,4807,2296,2511
14140,87553,9400,42138,6163,78152,4808,2297,2511
14145,87584,9403,42154,6164,78180,4809,2297,2512
14150,87615,9406,42168,6166,78208,4810,2298,2512
14155,87646,9409,42182,6167,78236,4811,2298,2513
14160,87677,9411,42197,6167,78264,4812,2299,2513
14165,87708,9414,42211,6168,78294,4813,2300,2513
14170,87739,9416,42226,6170,78322,4814,2300,2514
14175,87770,9419,42245,6172,78349,4815,2301,2514
14180,87801,9424,42262,6176,78376,4816,2302,2514
14185,87832,9428,42282,6178,78402,4817,2303,2514
14190,87863,9433,42299,6182,78430,4818,2304,2514
14195,87894,9434,42315,6183,78460,4819,2304,2515
14200,87925,9435,42325,6183,78490,4820,2304,2516
14205,87956,9436,42338,6183,78519,4822,2305,2517
14210,87987,9437,42356,6184,78549,4824,2307,2517
14215,88018,9438,42370,6184,78580,4826,2308,2518
14220,88049,9439,42383,6184,78608,4828,2309,2519
14225,88080,9440,42398,6185,78640,4830,2309,2521
14230,88111,9441,42411,6185,78668,4832,2310,2522
14235,88142,9444,42425,6187,78698,4834,2311,2523
14240,88173,9446,42438,6188,78725,4836,2312,2524
14245,88204,9449,42454,6191,78754,4838,2313,2525
14250,88235,9452,42464,6193,78782,4840,2313,2527
14255,88266,9458,42480,6197,78807,4842,2314,2528
14260,88297,9462,42493,6201,78833,4844,2314,2530
14265,88328,9469,42510,6205,78857,4846,2315,2531
14270,88359,9478,42526,6213,78879,4848,2315,2533
14275,88390,9487,42546,6221,78901,4850,2317,2533
14280,88421,9492,42557,6223,78929,4852,2318,2534
14285,88452,9494,42569,6224,78958,4854,2318,2536
14290,88483,9495,42585,6224,78987,4856,2319,2537
14295,88514,9499,42600,6227,79015,4858,2320,2538
14300,88545,9502,42618,6230,79043,4860,2322,2538
14305,88576,9506,42632,6232,79070,4862,2324,2538
14310,88607,9509,42645,6234,79098,4864,2324,2540
14315,88638,9512,42661,6236,79126,4866,2325,2541
14320,88669,9514,42674,6238,79155,4868,2325,2543
14325,88700,9516,42685,6239,79184,4870,2325,2545
14330,88731,9519,42705,6241,79212,4872,2326,2546
14335,88762,9521,42722,6242,79241,4874,2327,2547
14340,88793,9523,42733,6244,79270,4876,2327,2549
14345,88824,9524,42748,6244,79299,4878,2327,2551
14350,88855,9526,42761,6246,79328,4880,2327,2553
14355,88886,9528,42777,6247,79358,4882,2328,2554
14360,88917,9529,42791,6248,79387,4884,2329,2555
14365,88948,9530,42804,6249,79418,4886,2329,2557
14370,88979,9532,42818,6250,79447,4888,2330,2558
14375,89010,9533,42831,6250,79477,4890,2331,2559
14380,89041,9534,42846,6250,79507,4892,2331,2561
14385,89072,9536,42864,6252,79535,4894,2333,2561
14390,89103,9539,42875,6255,79562,4896,2335,2561
14395,89134,9545,42889,6258,79587,4898,2336,2562
14400,89165,9551,42904,6262,79613,4900,2337,2563
14405,89196,9554,42922,6265,79641,4902,2338,2564
14410,89227,9557,42939,6268,79668,4904,2338,2566
14415,89258,9561,42957,6270,79696,4906,2340,2566
14420,89289,9563,42971,6272,79724,4908,2341,2567
14425,89320,9567,42981,6275,79753,4910,2342,2568
14430,89351,9570,42993,6278,79781,4912,2343,2569
14435,89382,9574,43007,6282,79807,4914,2343,2571
14440,89413,9577,43018,6284,79836,4916,2344,2572
14445,89444,9581,43032,6286,79862,4918,2344,2574
14450,89475,9586,43047,6289,79889,4920,2344,2576
14455,89506,9588,43064,6291,79918,4922,2345,2577
14460,89537,9591,43085,6294,79946,4924,2347,2577
14465,89568,9593,43104,6296,79975,4925,2348,2577
14470,89599,9595,43122,6296,80003,4926,2348,2578
14475,89630,9597,43140,6297,80033,4927,2348,2579
14480,89661,9599,43152,6297,80062,4928,2348,2580
14485,89692,9601,43169,6298,80091,4929,2348,2581
14490,89723,9603,43183,6298,80120,4930,2348,2582
14495,89754,9605,43196,6298,80149,4931,2348,2583
14500,89785,9607,43214,6299,80178,4932,2349,2583
14505,89816,9609,43235,6301,80207,4933,2349,2584
14510,89847,9611,43245,6302,80234,4934,2350,2584
14515,89878,9614,43261,6304,80263,4935,2350,2585
14520,89909,9617,43276,6305,80291,4936,2350,2586
14525,89940,9620,43294,6306,80319,4937,2350,2587
14530,89971,9623,43309,6307,80347,4938,2350,2588
14535,90002,9627,43320,6309,80373,4939,2350,2589
14540,90033,9631,43338,6312,80401,4940,2351,2589
14545,90064,9635,43350,6316,80428,4941,2351,2590
14550,90095,9639,43366,6320,80456,4942,2351,2591
14555,90126,9642,43384,6320,80483,4943,2351,2592
14560,90157,9648,43404,6326,80506,4944,2351,2593
14565,90188,9655,43414,6331,80533,4946,2352,2594
14570,90219,9661,43426,6334,80557,4948,2352,2596
14575,90250,9667,43433,6337,80582,4950,2353,2597
14580,90281,9674,43447,6342,80603,4952,2354,2598
14585,90312,9682,43460,6348,80628,4954,2354,2600
14590,90343,9689,43477,6353,80651,4956,2355,2601
14595,90374,9696,43488,6359,80676,4958,2355,2603
14600,90405,9702,43499,6363,80703,4960,2355,2605
14605,90436,9705,43519,6364,80729,4962,2356,2606
14610,90467,9709,43534,6366,80758,4964,2357,2607
14615,90498,9711,43553,6368,80785,4966,2358,2608
14620,90529,9713,43568,6370,80816,4968,2359,2609
14625,90560,9714,43584,6371,80846,4970,2361,2609
14630,90591,9715,43599,6371,80875,4972,2363,2609
14635,90622,9716,43609,6371,80906,4974,2363,2611
14640,90653,9717,43623,6371,80936,4976,2363,2613
14645,90684,9718,43641,6371,80965,4977,2364,2613
14650,90715,9719,43655,6371,80995,4978,2365,2613
14655,90746,9720,43672,6371,81026,4979,2366,2613
14660,90777,9721,43684,6372,81056,4980,2366,2614
14665,90808,9722,43696,6373,81086,4981,2367,2614
14670,90839,9723,43713,6374,81116,4982,2367,2615
14675,90870,9724,43722,6374,81146,4983,2367,2616
14680,90901,9725,43735,6375,81176,4984,2368,2616
14685,90932,9726,43749,6375,81205,4985,2368,2617
14690,90963,9728,43767,6375,81234,4986,2368,2618
14695,90994,9731,43780,6376,81262,4987,2369,2618
14700,91025,9734,43792,6378,81290,4988,2369,2619
14705,91056,9740,43808,6382,81315,4989,2370,2619
14710,91087,9745,43827,6386,81340,4990,2371,2619
14715,91118,9751,43839,6390,81365,4991,2371,2620
14720,91149,9757,43858,6396,81391,4992,2372,2620
14725,91180,9764,43870,6401,81415,4993,2372,2621
14730,91211,9770,43887,6406,81439,4994,2373,2621
14735,91242,9775,43904,6409,81467,4995,2374,2621
14740,91273,9779,43927,6413,81493,4996,2375,2621
14745,91304,9784,43944,6417,81520,4998,2377,2621
14750,91335,9787,43961,6418,81547,5000,2378,2622
14755,91366,9792,43975,6422,81573,5002,2378,2624
14760,91397,9799,43992,6426,81598,5004,2379,2625
14765,91428,9802,44004,6428,81626,5006,2380,2626
14770,91459,9804,44016,6428,81655,5008,2381,2627
14775,91490,9807,44038,6430,81683,5010,2382,2628
14780,91521,9809,44051,6430,81712,5012,2383,2629
14785,91552,9811,44069,6431,81741,5014,2385,2629
14790,91583,9813,44081,6432,81769,5016,2386,2630
14795,91614,9816,44096,6434,81798,5018,2388,2630
14800,91645,9820,44111,6437,81824,5020,2388,2632
14805,91676,9823,44127,6439,81850,5022,2389,2633
14810,91707,9828,44140,6443,81878,5024,2390,2634
14815,91738,9832,44150,6447,81906,5026,2391,2635
14820,91769,9835,44168,6449,81934,5028,2391,2637
14825,91800,9836,44185,6450,81964,5030,2392,2638
14830,91831,9837,44202,6450,81994,5032,2393,2639
14835,91862,9838,44213,6450,82023,5034,2394,2640
14840,91893,9841,44226,6451,82051,5036,2394,2642
14845,91924,9844,44245,6453,82080,5038,2396,2642
14850,91955,9846,44258,6453,82108,5040,2396,2644
14855,91986,9849,44272,6456,82136,5042,2398,2644
14860,92017,9852,44286,6457,82164,5044,2399,2645
14865,92048,9854,44303,6458,82192,5046,2399,2647
14870,92079,9859,44312,6461,82220,5048,2399,2649
14875,92110,9863,44323,6464,82247,5050,2401,2649
14880,92141,9867,44338,6466,82273,5052,2401,2651
14885,92172,9871,44348,6467,82300,5054,2402,2652
14890,92203,9877,44365,6472,82325,5056,2402,2654
14895,92234,9882,44377,6477,82352,5058,2402,2656
14900,92265,9886,44386,6478,82378,5060,2404,2656
14905,92296,9892,44401,6483,82402,5062,2405,2657
14910,92327,9898,44420,6488,82428,5064,2406,2658
14915,92358,9902,44435,6492,82455,5066,2406,2660
14920,92389,9905,44449,6494,82483,5068,2406,2662
14925,92420,9909,44463,6496,82511,5070,2408,2662
14930,92451,9914,44474,6500,82536,5072,2408,2664
14935,92482,9919,44485,6504,82563,5074,2409,2665
14940,92513,9922,44503,6506,82590,5076,2410,2666
14945,92544,9924,44517,6506,82620,5078,2411,2667
14950,92575,9926,44534,6507,82649,5080,2412,2668
14955,92606,9928,44547,6508,82678,5082,2414,2668
14960,92637,9930,44559,6508,82707,5084,2415,2669
14965,92668,9932,44568,6508,82736,5086,2416,2670
14970,92699,9934,44583,6510,82765,5088,2417,2671
14975,92730,9936,44594,6510,82794,5090,2418,2672
14980,92761,9938,44609,6511,82823,5092,2419,2673
14985,92792,9940,44622,6512,82850,5094,2420,2674
14990,92823,9945,44634,6515,82878,5096,2420,2676
14995,92854,9948,44646,6517,82906,5098,2422,2676
15000,92885,9950,44662,6518,82934,5100,2423,2677
15005,92916,9953,44674,6519,82962,5101,2424,2677
15010,92947,9956,44687,6521,82989,5102,2424,2678
15015,92978,9960,44703,6523,83018,5103,2425,2678
15020,93009,9962,44712,6523,83046,5104,2426,2678
15025,93040,9964,44724,6524,83076,5105,2427,2678
15030,93071,9966,44741,6525,83105,5106,2427,2679
15035,93102,9968,44760,6526,83134,5107,2427,2680
15040,93133,9971,44773,6528,83162,5108,2427,2681
15045,93164,9974,44786,6528,83188,5109,2427,2682
15050,93195,9984,44800,6538,83210,5110,2427,2683
15055,93226,9990,44814,6543,83236,5111,2428,2683
15060,93257,9993,44831,6544,83262,5112,2429,2683
15065,93288,9997,44846,6547,83291,5113,2429,2684
15070,93319,10001,44863,6551,83318,5114,2429,2685
15075,93350,10002,44878,6552,83347,5115,2429,2686
15080,93381,10003,44894,6553,83378,5116,2430,2686
15085,93412,10004,44914,6553,83408,5117,2431,2686
15090,93443,10005,44926,6554,83437,5118,2431,2687
15095,93474,10007,44946,6555,83466,5119,2431,2688
15100,93505,10009,44962,6557,83496,5120,2431,2689
15105,93536,10011,44980,6558,83525,5122,2432,2690
15110,93567,10013,44998,6559,83554,5124,2434,2690
15115,93598,10016,45017,6562,83581,5126,2435,2691
15120,93629,10019,45031,6564,83609,5128,2436,2692
15125,93660,10025,45041,6568,83635,5130,2437,2693
15130,93691,10029,45060,6572,83660,5132,2438,2694
15135,93722,10032,45074,6574,83690,5134,2439,2695
15140,93753,10033,45091,6575,83719,5136,2440,2696
15145,93784,10035,45103,6577,83749,5138,2441,2697
15150,93815,10037,45122,6579,83778,5140,2442,2698
15155,93846,10038,45134,6580,83808,5142,2444,2698
15160,93877,10040,45150,6581,83836,5144,2444,2700
15165,93908,10043,45172,6584,83865,5146,2445,2701
15170,93939,10046,45185,6586,83893,5148,2447,2701
15175,93970,10048,45201,6587,83921,5150,2448,2702
15180,94001,10054,45217,6590,83947,5152,2449,2703
15185,94032,10057,45233,6591,83974,5153,2450,2703
15190,94063,10061,45245,6595,84002,5154,2450,2704
15195,94094,10063,45261,6595,84031,5155,2451,2704
15200,94125,10065,45279,6596,84060,5156,2452,2704
15205,94156,10067,45295,6597,84089,5157,2453,2704
15210,94187,10070,45309,6599,84116,5158,2454,2704
15215,94218,10073,45323,6601,84145,5159,2455,2704
15220,94249,10075,45337,6602,84174,5160,2456,2704
15225,94280,10077,45355,6603,84202,5161,2457,2704
15230,94311,10081,45372,6606,84228,5162,2458,2704
15235,94342,10086,45390,6611,84255,5163,2459,2704
15240,94373,10090,45404,6612,84281,5164,2459,2705
15245,94404,10094,45419,6615,84310,5165,2459,2706
15250,94435,10096,45433,6617,84338,5166,2459,2707
15255,94466,10099,45454,6620,84366,5167,2460,2707
15260,94497,10102,45468,6622,84395,5168,2460,2708
15265,94528,10105,45479,6624,84423,5169,2460,2709
15270,94559,10107,45495,6625,84450,5170,2461,2709
15275,94590,10113,45510,6629,84475,5171,2461,2710
15280,94621,10118,45527,6633,84502,5172,2461,2711
15285,94652,10122,45541,6635,84528,5174,2462,2712
15290,94683,10126,45556,6639,84557,5176,2463,2713
15295,94714,10129,45569,6640,84585,5178,2464,2714
15300,94745,10132,45585,6643,84612,5180,2466,2714
15305,94776,10135,45601,6644,84640,5182,2467,2715
15310,94807,10139,45618,6648,84668,5184,2469,2715
15315,94838,10142,45636,6651,84695,5186,2470,2716
15320,94869,10145,45650,6653,84724,5188,2470,2718
15325,94900,10149,45666,6656,84748,5190,2471,2719
15330,94931,10154,45684,6659,84777,5192,2472,2720
15335,94962,10157,45703,6660,84805,5194,2474,2720
15340,94993,10158,45722,6661,84834,5196,2475,2721
15345,95024,10159,45736,6661,84864,5198,2476,2722
15350,95055,10161,45753,6662,84893,5200,2478,2722
15355,95086,10164,45770,6663,84921,5202,2479,2723
15360,95117,10167,45785,6665,84948,5204,2480,2724
15365,95148,10171,45801,6667,84975,5206,2480,2726
15370,95179,10176,45813,6671,85003,5208,2481,2727
15375,95210,10178,45821,6672,85032,5210,2481,2729
15380,95241,10180,45834,6673,85060,5212,2481,2731
15385,95272,10183,45852,6676,85088,5214,2483,2731
15390,95303,10186,45869,6677,85116,5216,2485,2731
15395,95334,10191,45885,6682,85143,5218,2486,2732
15400,95365,10195,45896,6684,85168,5220,2486,2734
15405,95396,10200,45909,6689,85196,5222,2488,2734
15410,95427,10204,45926,6692,85222,5224,2488,2736
15415,95458,10210,45941,6696,85248,5226,2488,2738
15420,95489,10214,45966,6699,85273,5228,2490,2738
15425,95520,10220,45978,6704,85299,5230,2491,2739
15430,95551,10224,45992,6707,85326,5232,2492,2740
15435,95582,10227,46007,6709,85354,5234,2492,2742
15440,95613,10228,46024,6710,85385,5236,2493,2743
15445,95644,10229,46039,6710,85414,5238,2494,2744
15450,95675,10231,46057,6712,85443,5240,2495,2745
15455,95706,10233,46075,6713,85471,5242,2495,2747
15460,95737,10235,46090,6714,85502,5244,2495,2749
15465,95768,10237,46107,6715,85531,5246,2497,2749
15470,95799,10239,46124,6715,85560,5248,2498,2750
15475,95830,10241,46142,6717,85589,5250,2499,2751
15480,95861,10243,46158,6718,85618,5252,2500,2752
15485,95892,10245,46174,6719,85647,5254,2501,2753
15490,95923,10248,46190,6720,85675,5256,2503,2753
15495,95954,10250,46205,6721,85704,5258,2505,2753
15500,95985,10252,46217,6721,85733,5260,2507,2753
15505,96016,10255,46229,6723,85761,5262,2507,2755
15510,96047,10259,46240,6727,85788,5264,2508,2756
15515,96078,10262,46255,6729,85816,5266,2510,2756
15520,96109,10265,46273,6731,85844,5268,2511,2757
15525,96140,10268,46288,6733,85872,5270,2512,2758
15530,96171,10272,46301,6736,85899,5272,2512,2760
15535,96202,10276,46317,6738,85926,5274,2513,2761
15540,96233,10280,46330,6739,85953,5276,2514,2762
15545,96264,10284,46343,6740,85980,5277,2514,2763
15550,96295,10288,46354,6742,86007,5278,2514,2764
15555,96326,10295,46372,6748,86031,5279,2514,2765
15560,96357,10298,46384,6749,86059,5280,2515,2765
15565,96388,10301,46398,6750,86087,5281,2515,2766
15570,96419,10304,46414,6751,86115,5282,2516,2766
15575,96450,10307,46430,6751,86140,5283,2517,2766
15580,96481,10316,46445,6759,86164,5284,2517,2767
15585,96512,10323,46459,6764,86189,5285,2517,2768
15590,96543,10327,46478,6768,86213,5286,2517,2769
15595,96574,10334,46496,6774,86235,5287,2517,2770
15600,96605,10342,46510,6781,86260,5288,2518,2770
15605,96636,10348,46528,6787,86288,5289,2518,2771
15610,96667,10349,46546,6787,86317,5290,2519,2771
15615,96698,10350,46568,6787,86346,5291,2520,2771
15620,96729,10351,46582,6787,86377,5292,2520,2772
15625,96760,10352,46594,6788,86408,5293,2521,2772
15630,96791,10353,46602,6788,86438,5294,2522,2772
15635,96822,10354,46616,6788,86468,5295,2523,2772
15640,96853,10355,46631,6788,86498,5296,2523,2773
15645,96884,10356,46647,6788,86527,5298,2525,2773
15650,96915,10357,46664,6788,86557,5300,2525,2775
15655,96946,10358,46684,6789,86585,5302,2527,2775
15660,96977,10359,46703,6789,86617,5304,2529,2775
15665,97008,10361,46715,6790,86647,5306,2530,2776
15670,97039,10363,46731,6791,86676,5308,2530,2778
15675,97070,10365,46746,6791,86705,5310,2532,2778
15680,97101,10367,46761,6792,86734,5312,2533,2779
15685,97132,10369,46778,6794,86763,5314,2533,2781
15690,97163,10371,46793,6795,86792,5316,2534,2782
15695,97194,10373,46806,6795,86821,5318,2534,2784
15700,97225,10375,46823,6796,86850,5320,2535,2785
15705,97256,10377,46838,6797,86879,5322,2536,2786
15710,97287,10381,46852,6799,86906,5324,2537,2787
15715,97318,10384,46865,6802,86933,5326,2538,2788
15720,97349,10389,46881,6805,86959,5328,2539,2789
15725,97380,10395,46902,6809,86984,5330,2540,2790
15730,97411,10402,46923,6814,87009,5332,2541,2791
15735,97442,10408,46939,6820,87033,5334,2543,2791
15740,97473,10414,46954,6822,87058,5336,2544,2792
15745,97504,10421,46971,6827,87082,5338,2545,2793
15750,97535,10427,46983,6831,87107,5340,2545,2795
15755,97566,10434,46996,6835,87132,5342,2545,2797
15760,97597,10440,47011,6839,87157,5344,2546,2798
15765,97628,10449,47024,6845,87176,5346,2546,2800
15770,97659,10460,47041,6855,87196,5348,2547,2801
15775,97690,10468,47057,6862,87219,5350,2549,2801
15780,97721,10472,47071,6866,87248,5352,2550,2802
15785,97752,10473,47082,6867,87278,5353,2550,2803
15790,97783,10473,47093,6867,87309,5354,2551,2803
15795,97814,10473,47106,6867,87341,5355,2551,2804
15800,97845,10473,47123,6867,87371,5356,2552,2804
15805,97876,10473,47141,6867,87403,5357,2552,2805
15810,97907,10473,47161,6867,87433,5358,2553,2805
15815,97938,10473,47177,6867,87464,5359,2554,2805
15820,97969,10473,47191,6867,87494,5360,2555,2805
15825,98000,10473,47209,6867,87526,5361,2555,2806
15830,98031,10473,47220,6867,87558,5362,2555,2807
15835,98062,10473,47232,6867,87589,5363,2556,2807
15840,98093,10473,47252,6867,87620,5364,2557,2807
15845,98124,10473,47268,6867,87651,5365,2557,2808
15850,98155,10473,47284,6867,87682,5366,2557,2809
15855,98186,10473,47304,6867,87712,5367,2558,2809
15860,98217,10473,47321,6867,87743,5368,2558,2810
15865,98248,10473,47332,6867,87774,5369,2558,2811
15870,98279,10473,47345,6867,87806,5370,2558,2812
15875,98310,10473,47363,6867,87836,5371,2559,2812
15880,98341,10474,47373,6867,87867,5372,2559,2813
15885,98372,10479,47391,6870,87892,5374,2561,2813
15890,98403,10485,47411,6875,87917,5376,2563,2813
15895,98434,10492,47424,6879,87942,5378,2564,2814
15900,98465,10496,47440,6881,87969,5380,2565,2815
15905,98496,10501,47456,6884,87995,5382,2565,2817
15910,98527,10506,47472,6887,88020,5384,2566,2818
15915,98558,10511,47487,6891,88045,5386,2567,2819
15920,98589,10518,47504,6896,88070,5388,2569,2819
15925,98620,10525,47515,6899,88093,5390,2570,2820
15930,98651,10533,47526,6904,88118,5392,2571,2821
15935,98682,10540,47541,6908,88140,5394,2572,2822
15940,98713,10550,47561,6916,88162,5396,2574,2822
15945,98744,10556,47575,6921,88188,5398,2575,2823
15950,98775,10561,47589,6925,88214,5400,2576,2824
15955,98806,10564,47600,6926,88240,5402,2577,2825
15960,98837,10569,47612,6930,88268,5404,2578,2826
15965,98868,10572,47627,6932,88296,5406,2579,2827
15970,98899,10573,47641,6933,88326,5408,2580,2828
15975,98930,10574,47656,6933,88356,5410,2580,2830
15980,98961,10575,47671,6933,88385,5412,2581,2831
15985,98992,10576,47684,6933,88415,5414,2582,2832
15990,99023,10577,47696,6933,88443,5416,2583,2833
15995,99054,10578,47714,6934,88475,5418,2584,2834
16000,99085,10579,47724,6934,88506,5420,2585,2835
16005,99116,10580,47736,6934,88535,5422,2586,2836
16010,99147,10581,47751,6934,88566,5424,2587,2837
16015,99178,10582,47769,6934,88596,5426,2588,2838
16020,99209,10583,47788,6935,88625,5428,2590,2838
16025,99240,10584,47805,6936,88656,5430,2591,2839
16030,99271,10585,47821,6937,88686,5432,2592,2840
16035,99302,10586,47837,6938,88716,5434,2594,2840
16040,99333,10587,47857,6939,88746,5436,2595,2841
16045,99364,10588,47872,6939,88776,5438,2596,2842
16050,99395,10589,47884,6939,88806,5440,2597,2843
16055,99426,10592,47898,6940,88834,5442,2598,2844
16060,99457,10596,47913,6943,88860,5444,2600,2844
16065,99488,10602,47930,6947,88886,5446,2602,2844
16070,99519,10608,47944,6952,88910,5448,2603,2845
16075,99550,10614,47958,6958,88936,5450,2603,2847
16080,99581,10620,47970,6961,88960,5452,2604,2848
16085,99612,10626,47983,6966,88985,5453,2605,2848
16090,99643,10635,47997,6971,89007,5454,2606,2848
16095,99674,10642,48012,6976,89032,5455,2606,2849
16100,99705,10650,48030,6982,89053,5456,2606,2850
16105,99736,10658,48047,6989,89077,5457,2607,2850
16110,99767,10663,48059,6992,89104,5458,2607,2851
16115,99798,10669,48076,6997,89129,5459,2607,2852
16120,99829,10673,48091,7000,89156,5460,2608,2852
16125,99860,10676,48106,7001,89183,5461,2608,2853
16130,99891,10679,48122,7003,89211,5462,2608,2854
16135,99922,10682,48133,7004,89240,5463,2609,2854
16140,99953,10683,48140,7004,89269,5464,2610,2854
16145,99984,10684,48153,7004,89300,5465,2610,2855
16150,100015,10685,48168,7005,89330,5466,2610,2856
16155,100046,10686,48183,7006,89360,5467,2611,2856
16160,100077,10687,48196,7006,89390,5468,2612,2856
16165,100108,10688,48210,7007,89420,5469,2612,2857
16170,100139,10689,48230,7007,89450,5470,2612,2858
16175,100170,10690,48246,7008,89480,5471,2612,2859
16180,100201,10691,48265,7009,89510,5472,2613,2859
16185,100232,10692,48276,7010,89540,5474,2613,2861
16190,100263,10693,48286,7010,89570,5476,2615,2861
16195,100294,10694,48302,7010,89600,5478,2617,2861
16200,100325,10695,48317,7011,89630,5480,2618,2862
16205,100356,10696,48330,7011,89660,5482,2620,2862
16210,100387,10697,48342,7011,89690,5484,2622,2862
16215,100418,10698,48359,7012,89720,5486,2622,2864
16220,100449,10700,48376,7013,89748,5488,2624,2864
16225,100480,10704,48391,7015,89776,5490,2625,2865
16230,100511,10708,48405,7016,89803,5492,2625,2867
16235,100542,10712,48420,7019,89829,5494,2626,2868
16240,100573,10718,48442,7025,89854,5496,2627,2869
16245,100604,10723,48457,7027,89878,5498,2629,2869
16250,100635,10731,48466,7031,89902,5500,2630,2870
16255,100666,10739,48481,7036,89926,5502,2631,2871
16260,100697,10746,48497,7042,89951,5504,2632,2872
16265,100728,10751,48507,7043,89976,5506,2633,2873
16270,100759,10759,48519,7049,90000,5508,2634,2874
16275,100790,10765,48533,7052,90024,5510,2635,2875
16280,100821,10770,48546,7056,90050,5512,2636,2876
16285,100852,10774,48556,7058,90077,5514,2636,2878
16290,100883,10778,48569,7060,90105,5516,2636,2880
16295,100914,10781,48580,7061,90133,5518,2636,2882
16300,100945,10784,48598,7062,90161,5520,2637,2883
16305,100976,10788,48615,7066,90188,5522,2638,2884
16310,101007,10795,48628,7072,90212,5524,2639,2885
16315,101038,10799,48647,7076,90238,5526,2639,2887
16320,101069,10803,48661,7080,90264,5528,2641,2887
16325,101100,10806,48672,7082,90294,5529,2641,2888
16330,101131,10807,48684,7082,90324,5530,2641,2889
16335,101162,10808,48697,7082,90353,5531,2641,2890
16340,101193,10809,48710,7083,90383,5532,2641,2891
16345,101224,10810,48730,7083,90414,5533,2641,2892
16350,101255,10811,48749,7084,90444,5534,2642,2892
16355,101286,10812,48760,7085,90474,5535,2643,2892
16360,101317,10813,48780,7086,90504,5536,2644,2892
16365,101348,10814,48794,7087,90534,5537,2645,2892
16370,101379,10815,48809,7088,90564,5538,2645,2893
16375,101410,10816,48820,7088,90594,5539,2646,2893
16380,101441,10818,48836,7089,90622,5540,2646,2894
16385,101472,10821,48849,7090,90651,5541,2647,2894
16390,101503,10823,48867,7091,90680,5542,2647,2895
16395,101534,10825,48883,7092,90709,5543,2648,2895
16400,101565,10827,48899,7093,90737,5544,2648,2896
16405,101596,10830,48917,7095,90765,5545,2649,2896
16410,101627,10833,48926,7097,90794,5546,2649,2897
16415,101658,10835,48942,7098,90822,5547,2649,2898
16420,101689,10838,48956,7099,90850,5548,2650,2898
16425,101720,10842,48972,7102,90876,5550,2650,2900
16430,101751,10850,48991,7107,90898,5552,2652,2900
16435,101782,10859,49001,7112,90921,5554,2653,2901
16440,101813,10867,49022,7118,90944,5556,2654,2902
16445,101844,10874,49036,7123,90969,5558,2655,2903
16450,101875,10881,49057,7129,90992,5560,2655,2905
16455,101906,10887,49071,7134,91016,5562,2656,2906
16460,101937,10894,49086,7140,91041,5564,2658,2906
16465,101968,10899,49099,7144,91068,5566,2658,2908
16470,101999,10903,49120,7147,91094,5568,2660,2908
16475,102030,10907,49140,7151,91122,5570,2661,2909
16480,102061,10909,49150,7152,91152,5572,2661,2911
16485,102092,10912,49165,7154,91179,5574,2662,2912
16490,102123,10915,49170,7155,91206,5576,2662,2914
16495,102154,10920,49186,7160,91234,5578,2663,2915
16500,102185,10921,49201,7160,91263,5580,2664,2916
16505,102216,10921,49216,7160,91295,5582,2666,2916
16510,102247,10921,49227,7160,91326,5584,2666,2918
16515,102278,10921,49239,7160,91357,5586,2667,2919
16520,102309,10921,49248,7160,91388,5588,2668,2920
16525,102340,10921,49263,7160,91419,5590,2668,2922
16530,102371,10921,49279,7160,91450,5592,2669,2923
16535,102402,10921,49293,7160,91481,5594,2669,2925
16540,102433,10921,49311,7160,91512,5596,2670,2926
16545,102464,10921,49328,7160,91543,5598,2672,2926
16550,102495,10921,49342,7160,91574,5600,2672,2928
16555,102526,10921,49354,7160,91605,5602,2673,2929
16560,102557,10922,49372,7161,91635,5604,2674,2930
16565,102588,10923,49388,7162,91665,5606,2675,2931
16570,102619,10924,49400,7162,91695,5608,2677,2931
16575,102650,10925,49414,7162,91725,5610,2679,2931
16580,102681,10928,49430,7165,91753,5612,2680,2932
16585,102712,10931,49446,7167,91781,5614,2681,2933
16590,102743,10934,49459,7169,91809,5616,2682,2934
16595,102774,10936,49476,7170,91838,5618,2683,2935
16600,102805,10939,49495,7173,91865,5620,2685,2935
16605,102836,10946,49509,7176,91889,5622,2687,2935
16610,102867,10953,49531,7182,91910,5624,2688,2936
16615,102898,10966,49547,7193,91930,5626,2689,2937
16620,102929,10974,49561,7198,91954,5628,2691,2937
16625,102960,10980,49576,7202,91979,5629,2692,2937
16630,102991,10985,49590,7205,92006,5630,2693,2937
16635,103022,10989,49601,7209,92033,5631,2693,2938
16640,103053,10993,49617,7212,92059,5632,2694,2938
16645,103084,10997,49633,7214,92085,5633,2694,2939
16650,103115,11002,49647,7217,92111,5634,2694,2940
16655,103146,11006,49661,7220,92139,5635,2694,2941
16660,103177,11010,49676,7224,92166,5636,2694,2942
16665,103208,11015,49692,7226,92191,5637,2695,2942
16670,103239,11018,49704,7228,92220,5638,2695,2943
16675,103270,11020,49722,7230,92250,5639,2695,2944
16680,103301,11021,49736,7230,92280,5640,2696,2944
16685,103332,11022,49755,7231,92310,5641,2696,2945
16690,103363,11023,49770,7232,92340,5642,2696,2946
16695,103394,11024,49787,7233,92370,5643,2697,2946
16700,103425,11025,49800,7233,92400,5644,2698,2946
16705,103456,11026,49812,7234,92430,5645,2699,2946
16710,103487,11027,49829,7234,92460,5646,2699,2947
16715,103518,11028,49843,7234,92489,5647,2699,2948
16720,103549,11029,49857,7234,92519,5648,2699,2949
16725,103580,11031,49874,7235,92547,5650,2700,2950
16730,103611,11034,49892,7238,92575,5652,2701,2951
16735,103642,11038,49904,7241,92604,5654,2702,2952
16740,103673,11041,49919,7242,92630,5656,2703,2953
16745,103704,11044,49932,7243,92660,5658,2704,2954
16750,103735,11046,49945,7245,92688,5660,2704,2956
16755,103766,11048,49961,7246,92717,5662,2705,2957
16760,103797,11050,49977,7248,92747,5664,2705,2959
16765,103828,11052,49989,7249,92776,5666,2706,2960
16770,103859,11055,50006,7252,92804,5668,2707,2961
16775,103890,11058,50020,7253,92832,5670,2709,2961
16780,103921,11064,50031,7256,92857,5672,2709,2963
16785,103952,11070,50047,7260,92880,5674,2709,2965
16790,103983,11078,50062,7267,92904,5676,2710,2966
16795,104014,11086,50080,7273,92926,5678,2711,2967
16800,104045,11095,50097,7281,92948,5680,2712,2968
16805,104076,11102,50110,7287,92973,5682,2712,2970
16810,104107,11107,50126,7290,92999,5684,2713,2971
16815,104138,11113,50138,7293,93025,5686,2714,2972
16820,104169,11116,50153,7294,93053,5688,2716,2972
16825,104200,11119,50171,7296,93081,5690,2716,2974
16830,104231,11122,50181,7297,93109,5692,2717,2975
16835,104262,11125,50192,7297,93137,5694,2717,2977
16840,104293,11128,50205,7299,93165,5696,2717,2979
16845,104324,11131,50218,7300,93193,5698,2717,2981
16850,104355,11134,50235,7302,93221,5700,2718,2982
16855,104386,11138,50253,7306,93246,5702,2719,2983
16860,104417,11142,50266,7308,93275,5704,2721,2983
16865,104448,11146,50275,7312,93300,5705,2721,2984
16870,104479,11150,50284,7313,93328,5706,2721,2985
16875,104510,11155,50302,7317,93355,5707,2722,2985
16880,104541,11159,50321,7320,93381,5708,2723,2985
16885,104572,11162,50336,7322,93410,5709,2724,2985
16890,104603,11163,50350,7322,93440,5710,2725,2985
16895,104634,11164,50359,7322,93470,5711,2725,2986
16900,104665,11165,50376,7323,93500,5712,2725,2987
16905,104696,11166,50393,7324,93530,5713,2726,2987
16910,104727,11167,50407,7324,93560,5714,2726,2988
16915,104758,11168,50424,7325,93590,5715,2727,2988
16920,104789,11169,50440,7325,93619,5716,2728,2988
16925,104820,11172,50451,7328,93648,5717,2729,2988
16930,104851,11174,50470,7330,93676,5718,2730,2988
16935,104882,11177,50482,7331,93704,5719,2730,2989
16940,104913,11180,50496,7333,93732,5720,2730,2990
16945,104944,11183,50505,7335,93760,5721,2731,2990
16950,104975,11186,50515,7337,93789,5722,2731,2991
16955,105006,11188,50531,7338,93818,5723,2732,2991
16960,105037,11190,50544,7339,93847,5724,2733,2991
16965,105068,11192,50557,7340,93874,5726,2734,2992
16970,105099,11197,50572,7343,93900,5728,2735,2993
16975,105130,11201,50586,7345,93927,5730,2735,2995
16980,105161,11206,50601,7349,93954,5732,2736,2996
16985,105192,11210,50611,7350,93980,5734,2737,2997
16990,105223,11216,50623,7354,94007,5736,2739,2997
16995,105254,11221,50638,7357,94031,5738,2740,2998
17000,105285,11229,50655,7363,94054,5740,2740,3000
17005,105316,11236,50664,7369,94080,5742,2741,3001
17010,105347,11239,50678,7371,94108,5744,2741,3003
17015,105378,11242,50697,7374,94136,5746,2741,3005
17020,105409,11244,50714,7376,94165,5748,2743,3005
17025,105440,11247,50731,7378,94192,5750,2743,3007
17030,105471,11250,50752,7379,94219,5752,2743,3009
17035,105502,11253,50767,7382,94248,5754,2744,3010
17040,105533,11257,50784,7386,94276,5756,2745,3011
17045,105564,11260,50795,7387,94304,5758,2746,3012
17050,105595,11264,50809,7390,94330,5760,2747,3013
17055,105626,11267,50824,7391,94358,5762,2748,3014
17060,105657,11270,50839,7394,94387,5764,2748,3016
17065,105688,11272,50857,7395,94416,5766,2750,3016
17070,105719,11273,50872,7396,94446,5768,2751,3017
17075,105750,11274,50889,7397,94476,5770,2752,3018
17080,105781,11275,50901,7398,94506,5772,2753,3019
17085,105812,11276,50917,7399,94536,5774,2755,3019
17090,105843,11277,50935,7399,94564,5776,2757,3019
17095,105874,11280,50946,7400,94594,5778,2757,3021
17100,105905,11282,50963,7401,94622,5780,2758,3022
17105,105936,11284,50979,7402,94651,5782,2758,3024
17110,105967,11287,50998,7405,94679,5784,2758,3026
17115,105998,11290,51012,7407,94707,5786,2758,3028
17120,106029,11294,51024,7409,94735,5788,2759,3029
17125,106060,11297,51039,7410,94762,5790,2760,3030
17130,106091,11301,51052,7413,94790,5792,2761,3031
17135,106122,11304,51073,7415,94817,5794,2763,3031
17140,106153,11309,51087,7419,94844,5796,2764,3032
17145,106184,11315,51100,7423,94868,5798,2765,3033
17150,106215,11321,51114,7428,94892,5800,2767,3033
17155,106246,11329,51130,7434,94917,5802,2769,3033
17160,106277,11334,51150,7438,94942,5804,2770,3034
17165,106308,11339,51166,7442,94969,5805,2771,3034
17170,106339,11343,51178,7445,94996,5806,2772,3034
17175,106370,11346,51192,7446,95023,5807,2773,3034
17180,106401,11350,51203,7448,95050,5808,2773,3035
17185,106432,11355,51216,7452,95077,5809,2773,3036
17190,106463,11360,51226,7455,95103,5810,2773,3037
17195,106494,11363,51239,7457,95131,5811,2774,3037
17200,106525,11365,51252,7459,95160,5812,2774,3038
17205,106556,11370,51265,7463,95185,5813,2775,3038
17210,106587,11374,51282,7466,95212,5814,2775,3039
17215,106618,11379,51295,7470,95238,5815,2775,3040
17220,106649,11384,51313,7474,95263,5816,2776,3040
17225,106680,11385,51324,7475,95293,5817,2776,3041
17230,106711,11385,51340,7475,95325,5818,2776,3042
17235,106742,11385,51354,7475,95357,5819,2777,3042
17240,106773,11385,51362,7475,95388,5820,2777,3043
17245,106804,11385,51378,7475,95418,5821,2777,3044
17250,106835,11385,51391,7475,95450,5822,2777,3045
17255,106866,11385,51407,7475,95481,5823,2778,3045
17260,106897,11385,51420,7475,95511,5824,2778,3046
17265,106928,11387,51440,7476,95541,5826,2780,3046
17270,106959,11389,51456,7478,95569,5828,2781,3047
17275,106990,11391,51469,7479,95599,5830,2782,3048
17280,107021,11392,51487,7480,95629,5832,2783,3049
17285,107052,11393,51504,7481,95659,5834,2784,3050
17290,107083,11395,51521,7482,95688,5836,2786,3050
17295,107114,11396,51536,7482,95718,5838,2787,3051
17300,107145,11399,51552,7483,95746,5840,2789,3051
17305,107176,11402,51568,7486,95774,5842,2791,3051
17310,107207,11404,51587,7488,95803,5844,2791,3053
17315,107238,11407,51601,7489,95831,5846,2793,3053
17320,107269,11409,51616,7490,95860,5848,2795,3053
17325,107300,11412,51631,7492,95887,5850,2796,3054
17330,107331,11417,51642,7495,95914,5852,2796,3056
17335,107362,11424,51657,7499,95936,5854,2797,3057
17340,107393,11431,51677,7505,95960,5856,2798,3058
17345,107424,11435,51693,7507,95989,5858,2800,3058
17350,107455,11438,51708,7510,96017,5860,2802,3058
17355,107486,11441,51719,7512,96045,5862,2804,3058
17360,107517,11444,51729,7514,96073,5864,2804,3060
17365,107548,11447,51745,7515,96101,5866,2806,3060
17370,107579,11450,51762,7516,96129,5868,2808,3060
17375,107610,11454,51780,7518,96156,5870,2810,3060
17380,107641,11458,51794,7520,96183,5872,2812,3060
17385,107672,11463,51807,7524,96209,5874,2812,3062
17390,107703,11469,51820,7530,96234,5876,2812,3064
17395,107734,11477,51836,7536,96256,5878,2814,3064
17400,107765,11485,51850,7542,96278,5880,2816,3064
17405,107796,11488,51864,7543,96307,5882,2817,3065
17410,107827,11491,51879,7546,96335,5884,2818,3066
17415,107858,11494,51892,7547,96363,5886,2819,3067
17420,107889,11497,51904,7548,96391,5888,2821,3067
17425,107920,11501,51920,7552,96419,5890,2821,3069
17430,107951,11502,51935,7553,96448,5892,2822,3070
17435,107982,11503,51952,7554,96478,5894,2823,3071
17440,108013,11504,51966,7555,96509,5896,2824,3072
17445,108044,11505,51976,7556,96539,5898,2824,3074
17450,108075,11507,51990,7557,96567,5900,2826,3074
17455,108106,11509,51999,7557,96596,5902,2826,3076
17460,108137,11512,52015,7559,96624,5904,2826,3078
17465,108168,11515,52030,7561,96651,5905,2826,3079
17470,108199,11519,52045,7564,96679,5906,2827,3079
17475,108230,11523,52068,7567,96705,5907,2827,3080
17480,108261,11528,52084,7570,96731,5908,2828,3080
17485,108292,11532,52098,7573,96759,5909,2829,3080
17490,108323,11536,52113,7575,96786,5910,2829,3081
17495,108354,11538,52126,7576,96816,5911,2829,3082
17500,108385,11539,52137,7577,96846,5912,2830,3082
17505,108416,11540,52152,7577,96876,5913,2830,3083
17510,108447,11543,52162,7578,96904,5914,2831,3083
17515,108478,11546,52183,7581,96931,5915,2832,3083
17520,108509,11549,52200,7583,96960,5916,2832,3084
17525,108540,11552,52211,7584,96988,5917,2832,3085
17530,108571,11556,52224,7586,97014,5918,2832,3086
17535,108602,11559,52240,7587,97042,5919,2833,3086
17540,108633,11564,52255,7591,97069,5920,2834,3086
17545,108664,11569,52272,7594,97095,5921,2835,3086
17550,108695,11572,52288,7597,97122,5922,2835,3087
17555,108726,11577,52302,7600,97149,5923,2836,3087
17560,108757,11580,52320,7602,97177,5924,2837,3087
17565,108788,11584,52340,7606,97203,5926,2839,3087
17570,108819,11590,52355,7610,97228,5928,2840,3088
17575,108850,11595,52375,7613,97255,5930,2841,3089
17580,108881,11599,52391,7617,97281,5932,2841,3091
17585,108912,11602,52405,7619,97309,5934,2842,3092
17590,108943,11605,52418,7621,97337,5936,2844,3092
17595,108974,11607,52431,7622,97367,5938,2846,3092
17600,109005,11611,52444,7624,97394,5940,2847,3093
17605,109036,11614,52457,7625,97420,5942,2847,3095
17610,109067,11619,52469,7628,97447,5944,2848,3096
17615,109098,11622,52485,7629,97474,5946,2850,3096
17620,109129,11626,52499,7632,97503,5948,2852,3096
17625,109160,11629,52517,7634,97528,5950,2853,3097
17630,109191,11634,52535,7638,97555,5952,2853,3099
17635,109222,11638,52550,7640,97583,5954,2854,3100
17640,109253,11642,52565,7642,97609,5956,2855,3101
17645,109284,11648,52578,7647,97634,5958,2855,3103
17650,109315,11651,52591,7649,97664,5960,2857,3103
17655,109346,11652,52598,7649,97694,5962,2858,3104
17660,109377,11653,52613,7649,97723,5964,2859,3105
17665,109408,11654,52627,7649,97754,5966,2860,3106
17670,109439,11655,52643,7649,97783,5968,2862,3106
17675,109470,11656,52655,7649,97814,5970,2862,3108
17680,109501,11657,52667,7650,97844,5972,2863,3109
17685,109532,11658,52685,7651,97874,5974,2865,3109
17690,109563,11660,52698,7652,97903,5976,2865,3111
17695,109594,11663,52721,7655,97931,5978,2867,3111
17700,109625,11665,52734,7656,97960,5980,2869,3111
17705,109656,11667,52751,7656,97989,5981,2869,3112
17710,109687,11669,52766,7656,98018,5982,2869,3113
17715,109718,11671,52779,7657,98047,5983,2869,3114
17720,109749,11674,52796,7659,98075,5984,2869,3115
17725,109780,11677,52816,7660,98103,5985,2869,3116
17730,109811,11680,52838,7662,98131,5986,2870,3116
17735,109842,11685,52854,7664,98157,5987,2871,3116
17740,109873,11689,52873,7667,98184,5988,2871,3117
17745,109904,11694,52885,7670,98210,5989,2871,3118
17750,109935,11698,52898,7671,98235,5990,2872,3118
17755,109966,11704,52911,7676,98261,5991,2872,3119
17760,109997,11713,52933,7684,98282,5992,2873,3119
17765,110028,11721,52953,7691,98307,5993,2874,3119
17770,110059,11726,52964,7693,98332,5994,2875,3119
17775,110090,11732,52977,7697,98357,5995,2875,3120
17780,110121,11737,52998,7700,98383,5996,2876,3120
17785,110152,11741,53014,7703,98410,5997,2876,3121
17790,110183,11744,53031,7705,98439,5998,2876,3122
17795,110214,11747,53044,7707,98467,5999,2876,3123
17800,110245,11750,53063,7709,98495,6000,2877,3123
17805,110276,11753,53077,7711,98521,6002,2877,3125
17810,110307,11759,53097,7717,98544,6004,2877,3127
17815,110338,11763,53115,7720,98574,6006,2878,3128
17820,110369,11764,53134,7720,98605,6008,2879,3129
17825,110400,11765,53152,7721,98635,6010,2881,3129
17830,110431,11766,53169,7722,98665,6012,2882,3130
17835,110462,11767,53186,7722,98695,6014,2883,3131
17840,110493,11768,53202,7723,98725,6016,2884,3132
17845,110524,11769,53216,7723,98755,6018,2885,3133
17850,110555,11770,53224,7723,98785,6020,2885,3135
17855,110586,11771,53237,7723,98815,6022,2885,3137
17860,110617,11772,53251,7723,98845,6024,2886,3138
17865,110648,11773,53261,7724,98875,6026,2887,3139
17870,110679,11774,53278,7725,98905,6028,2888,3140
17875,110710,11775,53295,7726,98935,6030,2889,3141
17880,110741,11776,53309,7727,98965,6032,2889,3143
17885,110772,11778,53323,7729,98992,6034,2889,3145
17890,110803,11785,53338,7735,99018,6036,2891,3145
17895,110834,11789,53357,7738,99045,6038,2891,3147
17900,110865,11793,53373,7741,99072,6040,2892,3148
17905,110896,11797,53389,7743,99099,6042,2893,3149
17910,110927,11800,53403,7745,99127,6044,2895,3149
17915,110958,11805,53418,7748,99153,6046,2895,3151
17920,110989,11808,53438,7750,99181,6048,2897,3151
17925,111020,11812,53452,7752,99206,6050,2898,3152
17930,111051,11820,53465,7759,99230,6052,2898,3154
17935,111082,11826,53476,7763,99255,6054,2898,3156
17940,111113,11832,53491,7766,99279,6056,2899,3157
17945,111144,11837,53499,7770,99307,6058,2899,3159
17950,111175,11841,53519,7773,99333,6060,2901,3159
17955,111206,11846,53538,7777,99358,6062,2902,3160
17960,111237,11850,53556,7779,99387,6064,2903,3161
17965,111268,11851,53568,7779,99417,6066,2903,3163
17970,111299,11852,53582,7779,99447,6068,2905,3163
17975,111330,11853,53595,7779,99477,6070,2905,3165
17980,111361,11854,53610,7780,99507,6072,2905,3167
17985,111392,11855,53627,7781,99535,6074,2907,3167
17990,111423,11857,53639,7782,99566,6076,2908,3168
17995,111454,11859,53652,7783,99593,6078,2910,3168
18000,111485,11862,53665,7786,99620,6080,2910,3170
18005,111516,11866,53680,7790,99649,6081,2910,3171
18010,111547,11869,53691,7792,99677,6082,2910,3172
18015,111578,11870,53705,7792,99707,6083,2911,3172
18020,111609,11871,53723,7793,99738,6084,2911,3173
18025,111640,11871,53737,7793,99769,6085,2911,3174
18030,111671,11871,53754,7793,99800,6086,2911,3175
18035,111702,11871,53775,7793,99831,6087,2911,3176
18040,111733,11871,53789,7793,99862,6088,2912,3176
18045,111764,11872,53805,7794,99892,6089,2912,3177
18050,111795,11874,53823,7795,99921,6090,2912,3178
18055,111826,11876,53837,7795,99950,6091,2913,3178
18060,111857,11878,53853,7796,99979,6092,2913,3179
18065,111888,11880,53870,7798,100007,6093,2914,3179
18070,111919,11884,53881,7801,100034,6094,2914,3180
18075,111950,11888,53895,7803,100062,6095,2914,3181
18080,111981,11892,53905,7805,100089,6096,2915,3181
18085,112012,11896,53927,7808,100115,6097,2916,3181
18090,112043,11901,53938,7811,100142,6098,2917,3181
18095,112074,11905,53954,7813,100168,6099,2917,3182
18100,112105,11910,53968,7816,100194,6100,2917,3183
18105,112136,11916,53983,7820,100220,6102,2919,3183
18110,112167,11919,53993,7821,100247,6104,2920,3184
18115,112198,11925,54010,7824,100272,6106,2920,3186
18120,112229,11932,54026,7829,100296,6108,2921,3187
18125,112260,11940,54043,7835,100318,6110,2922,3188
18130,112291,11946,54056,7838,100344,6112,2923,3189
18135,112322,11948,54072,7839,100372,6114,2923,3191
18140,112353,11950,54088,7840,100402,6116,2924,3192
18145,112384,11953,54099,7841,100430,6118,2924,3194
18150,112415,11955,54113,7843,100459,6120,2925,3195
18155,112446,11957,54130,7845,100487,6122,2926,3196
18160,112477,11960,54147,7847,100515,6124,2928,3196
18165,112508,11962,54160,7849,100546,6126,2930,3196
18170,112539,11965,54169,7851,100573,6128,2932,3196
18175,112570,11967,54187,7852,100602,6130,2933,3197
18180,112601,11969,54201,7852,100631,6132,2934,3198
18185,112632,11973,54217,7856,100659,6134,2936,3198
18190,112663,11978,54231,7859,100684,6136,2937,3199
18195,112694,11982,54247,7863,100712,6138,2938,3200
18200,112725,11983,54263,7864,100742,6140,2939,3201
18205,112756,11984,54277,7864,100772,6142,2940,3202
18210,112787,11985,54294,7864,100802,6144,2941,3203
18215,112818,11986,54305,7864,100832,6146,2941,3205
18220,112849,11987,54319,7864,100862,6148,2942,3206
18225,112880,11988,54334,7865,100892,6150,2943,3207
18230,112911,11990,54345,7865,100921,6152,2943,3209
18235,112942,11992,54357,7866,100950,6154,2943,3211
18240,112973,11994,54371,7868,100978,6156,2944,3212
18245,113004,11998,54393,7871,101005,6157,2945,3212
18250,113035,12003,54406,7875,101031,6158,2945,3213
18255,113066,12007,54417,7876,101059,6159,2945,3214
18260,113097,12011,54432,7879,101085,6160,2946,3214
18265,113128,12015,54446,7881,101113,6161,2946,3215
18270,113159,12019,54461,7884,101139,6162,2947,3215
18275,113190,12025,54474,7890,101164,6163,2948,3215
18280,113221,12031,54487,7894,101189,6164,2948,3216
18285,113252,12035,54501,7895,101215,6165,2948,3217
18290,113283,12037,54521,7895,101244,6166,2949,3217
18295,113314,12039,54539,7896,101273,6167,2950,3217
18300,113345,12044,54555,7900,101299,6168,2950,3218
18305,113376,12049,54569,7903,101326,6169,2951,3218
18310,113407,12053,54586,7905,101354,6170,2951,3219
18315,113438,12059,54603,7910,101379,6171,2952,3219
18320,113469,12063,54616,7913,101406,6172,2953,3219
18325,113500,12066,54628,7915,101434,6173,2954,3219
18330,113531,12071,54641,7917,101460,6174,2955,3219
18335,113562,12076,54659,7921,101485,6175,2956,3219
18340,113593,12080,54670,7924,101513,6176,2957,3219
18345,113624,12085,54689,7928,101538,6178,2958,3220
18350,113655,12089,54701,7931,101565,6180,2959,3221
18355,113686,12093,54714,7933,101592,6182,2959,3223
18360,113717,12098,54735,7936,101617,6184,2961,3223
18365,113748,12103,54748,7939,101645,6186,2961,3225
18370,113779,12104,54762,7940,101675,6188,2961,3227
18375,113810,12105,54777,7940,101705,6190,2962,3228
18380,113841,12106,54790,7941,101735,6192,2964,3228
18385,113872,12107,54805,7942,101765,6194,2965,3229
18390,113903,12108,54819,7943,101795,6196,2966,3230
18395,113934,12110,54837,7944,101823,6198,2967,3231
18400,113965,12113,54853,7945,101851,6200,2968,3232
18405,113996,12116,54864,7946,101880,6202,2970,3232
18410,114027,12119,54875,7947,101907,6204,2971,3233
18415,114058,12123,54894,7951,101932,6206,2973,3233
18420,114089,12128,54905,7954,101961,6208,2974,3234
18425,114120,12131,54917,7955,101988,6210,2975,3235
18430,114151,12135,54931,7958,102014,6212,2976,3236
18435,114182,12139,54944,7961,102043,6214,2978,3236
18440,114213,12140,54955,7961,102072,6216,2978,3238
18445,114244,12141,54971,7961,102103,6218,2980,3238
18450,114275,12142,54987,7962,102133,6220,2980,3240
18455,114306,12143,55000,7962,102162,6222,2981,3241
18460,114337,12144,55015,7962,102193,6224,2983,3241
18465,114368,12145,55027,7963,102222,6226,2983,3243
18470,114399,12147,55043,7965,102252,6228,2983,3245
18475,114430,12150,55062,7967,102279,6230,2985,3245
18480,114461,12153,55079,7970,102307,6232,2987,3245
18485,114492,12156,55093,7971,102336,6234,2988,3246
18490,114523,12159,55107,7972,102364,6236,2989,3247
18495,114554,12163,55119,7975,102391,6238,2989,3249
18500,114585,12167,55136,7978,102418,6240,2991,3249
18505,114616,12170,55152,7978,102445,6242,2992,3250
18510,114647,12175,55166,7981,102472,6244,2994,3250
18515,114678,12179,55185,7983,102498,6246,2995,3251
18520,114709,12184,55199,7986,102525,6248,2997,3251
18525,114740,12189,55213,7988,102550,6250,2997,3253
18530,114771,12195,55229,7992,102576,6252,2998,3254
18535,114802,12197,55247,7992,102605,6254,2998,3256
18540,114833,12199,55259,7994,102634,6256,2998,3258
18545,114864,12203,55275,7997,102661,6257,2998,3259
18550,114895,12208,55290,8001,102686,6258,2998,3260
18555,114926,12215,55305,8006,102710,6259,2998,3261
18560,114957,12225,55323,8016,102730,6260,2999,3261
18565,114988,12232,55334,8021,102755,6261,2999,3262
18570,115019,12238,55347,8026,102780,6262,2999,3263
18575,115050,12244,55364,8031,102806,6263,3000,3263
18580,115081,12246,55378,8033,102835,6264,3000,3264
18585,115112,12249,55392,8035,102863,6265,3001,3264
18590,115143,12250,55408,8035,102892,6266,3001,3265
18595,115174,12251,55423,8036,102920,6267,3001,3266
18600,115205,12252,55440,8037,102952,6268,3002,3266
18605,115236,12252,55455,8037,102983,6269,3002,3267
18610,115267,12252,55471,8037,103013,6270,3002,3268
18615,115298,12252,55483,8037,103044,6271,3002,3269
18620,115329,12252,55495,8037,103077,6272,3002,3270
18625,115360,12252,55510,8037,103107,6273,3002,3271
18630,115391,12252,55523,8037,103137,6274,3002,3272
18635,115422,12253,55536,8038,103169,6275,3002,3273
18640,115453,12255,55552,8039,103197,6276,3002,3274
18645,115484,12256,55567,8040,103226,6278,3002,3276
18650,115515,12258,55584,8041,103256,6280,3004,3276
18655,115546,12260,55600,8042,103286,6282,3004,3278
18660,115577,12262,55611,8043,103314,6284,3005,3279
18665,115608,12265,55626,8046,103343,6286,3006,3280
18670,115639,12268,55642,8048,103371,6288,3007,3281
18675,115670,12270,55660,8050,103400,6290,3008,3282
18680,115701,12272,55676,8052,103429,6292,3009,3283
18685,115732,12275,55689,8054,103456,6294,3011,3283
18690,115763,12280,55702,8057,103483,6296,3012,3284
18695,115794,12285,55716,8062,103509,6298,3014,3284
18700,115825,12289,55731,8065,103536,6300,3015,3285
18705,115856,12294,55748,8069,103561,6302,3016,3286
18710,115887,12300,55760,8073,103587,6304,3016,3288
18715,115918,12305,55780,8075,103613,6306,3016,3290
18720,115949,12311,55793,8079,103638,6308,3017,3291
18725,115980,12317,55813,8083,103663,6309,3018,3291
18730,116011,12322,55829,8085,103689,6310,3019,3291
18735,116042,12324,55840,8086,103718,6311,3019,3292
18740,116073,12326,55860,8087,103747,6312,3019,3293
18745,116104,12328,55879,8089,103776,6313,3020,3293
18750,116135,12330,55896,8090,103805,6314,3021,3293
18755,116166,12333,55908,8091,103833,6315,3022,3293
18760,116197,12336,55924,8093,103861,6316,3023,3293
18765,116228,12339,55944,8095,103888,6317,3024,3293
18770,116259,12341,55960,8096,103918,6318,3025,3293
18775,116290,12344,55974,8097,103945,6319,3025,3294
18780,116321,12346,55991,8097,103974,6320,3025,3295
18785,116352,12347,56004,8098,104005,6321,3026,3295
18790,116383,12348,56018,8099,104035,6322,3026,3296
18795,116414,12349,56034,8099,104065,6323,3026,3297
18800,116445,12352,56050,8101,104093,6324,3026,3298
18805,116476,12355,56066,8103,104120,6325,3026,3299
18810,116507,12358,56081,8105,104148,6326,3026,3300
18815,116538,12360,56096,8106,104177,6327,3027,3300
18820,116569,12363,56110,8107,104206,6328,3027,3301
18825,116600,12365,56123,8107,104234,6330,3028,3302
18830,116631,12369,56137,8110,104260,6332,3029,3303
18835,116662,12375,56155,8114,104283,6334,3030,3304
18840,116693,12384,56168,8120,104307,6336,3031,3305
18845,116724,12390,56178,8125,104334,6338,3032,3306
18850,116755,12393,56191,8127,104361,6340,3033,3307
18855,116786,12397,56205,8129,104388,6342,3033,3309
18860,116817,12400,56220,8131,104416,6344,3035,3309
18865,116848,12403,56232,8133,104444,6346,3036,3310
18870,116879,12406,56245,8134,104472,6348,3036,3312
18875,116910,12409,56260,8135,104500,6350,3036,3314
18880,116941,12412,56276,8137,104528,6352,3036,3316
18885,116972,12416,56286,8140,104556,6354,3037,3317
18890,117003,12423,56300,8146,104580,6356,3038,3318
18895,117034,12427,56315,8150,104605,6358,3040,3318
18900,117065,12431,56329,8152,104632,6360,3041,3319
18905,117096,12436,56344,8157,104660,6362,3042,3320
18910,117127,12438,56361,8159,104689,6364,3043,3321
18915,117158,12442,56377,8161,104716,6366,3043,3323
18920,117189,12445,56393,8162,104744,6368,3044,3324
18925,117220,12448,56408,8164,104772,6370,3045,3325
18930,117251,12449,56423,8164,104802,6372,3045,3327
18935,117282,12450,56438,8164,104832,6374,3046,3328
18940,117313,12451,56453,8164,104862,6376,3047,3329
18945,117344,12452,56467,8164,104891,6378,3048,3330
18950,117375,12453,56484,8164,104921,6380,3049,3331
18955,117406,12454,56499,8164,104952,6382,3050,3332
18960,117437,12457,56520,8167,104979,6384,3051,3333
18965,117468,12461,56532,8170,105007,6386,3053,3333
18970,117499,12464,56547,8172,105035,6388,3054,3334
18975,117530,12466,56561,8174,105064,6390,3056,3334
18980,117561,12468,56578,8175,105093,6392,3056,3336
18985,117592,12470,56592,8175,105122,6394,3056,3338
18990,117623,12472,56609,8176,105151,6396,3057,3339
18995,117654,12475,56623,8178,105179,6398,3058,3340
19000,117685,12478,56638,8180,105205,6400,3059,3341
19005,117716,12483,56655,8184,105232,6402,3059,3343
19010,117747,12488,56670,8188,105258,6404,3060,3344
19015,117778,12492,56681,8190,105285,6406,3061,3345
19020,117809,12496,56690,8193,105313,6408,3061,3347
19025,117840,12499,56703,8194,105341,6410,3062,3348
19030,117871,12502,56716,8194,105369,6412,3064,3348
19035,117902,12505,56734,8195,105397,6414,3066,3348
19040,117933,12509,56745,8195,105424,6416,3067,3349
19045,117964,12513,56763,8196,105451,6418,3068,3350
19050,117995,12517,56778,8199,105478,6420,3070,3350
19055,118026,12522,56789,8200,105503,6422,3070,3352
19060,118057,12528,56803,8202,105528,6424,3070,3354
19065,118088,12538,56816,8210,105550,6426,3071,3355
19070,118119,12548,56831,8217,105571,6428,3072,3356
19075,118150,12553,56846,8221,105596,6430,3073,3357
19080,118181,12558,56863,8225,105621,6432,3074,3358
19085,118212,12562,56880,8228,105650,6434,3075,3359
19090,118243,12565,56898,8231,105678,6436,3076,3360
19095,118274,12567,56911,8231,105705,6438,3078,3360
19100,118305,12572,56923,8235,105733,6440,3078,3362
19105,118336,12574,56941,8237,105761,6442,3079,3363
19110,118367,12577,56956,8239,105788,6444,3081,3363
19115,118398,12579,56972,8240,105819,6446,3083,3363
19120,118429,12580,56987,8241,105848,6448,3084,3364
19125,118460,12581,56999,8242,105879,6450,3084,3366
19130,118491,12582,57019,8243,105908,6452,3085,3367
19135,118522,12583,57038,8244,105938,6454,3085,3369
19140,118553,12584,57054,8245,105968,6456,3086,3370
19145,118584,12585,57072,8246,105999,6458,3087,3371
19150,118615,12586,57091,8246,106029,6460,3089,3371
19155,118646,12587,57106,8246,106059,6462,3091,3371
19160,118677,12588,57123,8247,106089,6464,3092,3372
19165,118708,12589,57140,8248,106119,6466,3094,3372
19170,118739,12590,57154,8249,106149,6468,3095,3373
19175,118770,12591,57168,8250,106178,6470,3097,3373
19180,118801,12595,57189,8254,106205,6472,3099,3373
19185,118832,12599,57204,8258,106232,6474,3099,3375
19190,118863,12604,57222,8261,106257,6476,3101,3375
19195,118894,12609,57235,8263,106283,6478,3102,3376
19200,118925,12617,57256,8270,106306,6480,3103,3377
19205,118956,12625,57275,8278,106330,6480,3103,3377
19210,118987,12629,57293,8280,106357,6480,3103,3377
19215,119018,12634,57309,8283,106382,6480,3103,3377
19220,119049,12638,57323,8284,106410,6480,3103,3377
19225,119080,12641,57339,8285,106439,6480,3103,3377
19230,119111,12647,57348,8288,106463,6480,3103,3377
19235,119142,12652,57366,8293,106490,6480,3103,3377
19240,119173,12654,57376,8294,106519,6480,3103,3377
19245,119204,12656,57395,8294,106548,6480,3103,3377
19250,119235,12659,57413,8296,106576,6480,3103,3377
19255,119266,12662,57424,8298,106604,6480,3103,3377
19260,119297,12664,57437,8300,106633,6480,3103,3377
19265,119328,12666,57452,8302,106662,6480,3103,3377
19270,119359,12668,57462,8303,106691,6480,3103,3377
19275,119390,12670,57477,8304,106720,6480,3103,3377
19280,119421,12673,57490,8307,106748,6480,3103,3377
19285,119452,12676,57506,8309,106776,6480,3103,3377
19290,119483,12678,57523,8309,106805,6480,3103,3377
19295,119514,12680,57539,8310,106834,6480,3103,3377
19300,119545,12683,57553,8313,106861,6480,3103,3377
19305,119576,12687,57569,8315,106888,6482,3103,3379
19310,119607,12690,57578,8318,106916,6484,3103,3381
19315,119638,12695,57588,8322,106943,6486,3103,3383
19320,119669,12700,57599,8325,106969,6488,3104,3384
19325,119700,12702,57618,8327,106997,6490,3105,3385
19330,119731,12705,57628,8328,107025,6492,3106,3386
19335,119762,12707,57645,8330,107053,6494,3107,3387
19340,119793,12713,57658,8335,107079,6496,3108,3388
19345,119824,12719,57673,8340,107104,6498,3110,3388
19350,119855,12725,57690,8344,107127,6500,3112,3388
19355,119886,12732,57703,8349,107153,6502,3114,3388
19360,119917,12736,57716,8351,107180,6504,3114,3390
19365,119948,12739,57730,8353,107209,6506,3115,3391
19370,119979,12741,57749,8354,107236,6508,3115,3393
19375,120010,12745,57763,8357,107261,6510,3116,3394
19380,120041,12749,57782,8360,107289,6512,3118,3394
19385,120072,12752,57802,8363,107319,6514,3118,3396
19390,120103,12754,57819,8364,107348,6516,3119,3397
19395,120134,12757,57829,8366,107377,6518,3121,3397
19400,120165,12758,57842,8366,107406,6520,3123,3397
19405,120196,12759,57852,8367,107437,6522,3124,3398
19410,120227,12759,57870,8367,107468,6524,3126,3398
19415,120258,12759,57882,8367,107499,6526,3127,3399
19420,120289,12759,57899,8367,107530,6528,3127,3401
19425,120320,12759,57912,8367,107561,6530,3127,3403
19430,120351,12760,57927,8367,107591,6532,3128,3404
19435,120382,12761,57938,8368,107621,6534,3129,3405
19440,120413,12762,57950,8369,107651,6536,3130,3406
19445,120444,12763,57968,8370,107681,6538,3132,3406
19450,120475,12764,57982,8370,107711,6540,3133,3407
19455,120506,12765,58001,8371,107741,6542,3134,3408
19460,120537,12766,58016,8372,107771,6544,3135,3409
19465,120568,12768,58028,8372,107799,6546,3136,3410
19470,120599,12771,58046,8375,107828,6548,3137,3411
19475,120630,12774,58058,8377,107855,6550,3137,3413
19480,120661,12778,58067,8379,107882,6552,3137,3415
19485,120692,12782,58074,8382,107910,6554,3138,3416
19490,120723,12787,58091,8385,107935,6556,3139,3417
19495,120754,12793,58100,8388,107959,6558,3140,3418
19500,120785,12801,58115,8395,107983,6560,3141,3419
19505,120816,12806,58126,8398,108010,6562,3142,3420
19510,120847,12808,58138,8398,108037,6564,3143,3421
19515,120878,12814,58154,8403,108063,6566,3145,3421
19520,120909,12820,58171,8408,108087,6568,3146,3422
19525,120940,12826,58186,8412,108113,6570,3146,3424
19530,120971,12830,58196,8414,108141,6572,3147,3425
19535,121002,12833,58215,8416,108169,6574,3148,3426
19540,121033,12836,58228,8418,108196,6576,3148,3428
19545,121064,12838,58239,8420,108226,6578,3149,3429
19550,121095,12840,58254,8420,108253,6580,3151,3429
19555,121126,12843,58271,8422,108282,6582,3153,3429
19560,121157,12845,58284,8423,108311,6584,3154,3430
19565,121188,12848,58297,8425,108340,6586,3155,3431
19570,121219,12850,58307,8425,108369,6588,3157,3431
19575,121250,12853,58322,8427,108397,6590,3159,3431
19580,121281,12855,58338,8428,108425,6592,3160,3432
19585,121312,12860,58358,8432,108452,6594,3162,3432
19590,121343,12863,58371,8434,108479,6596,3162,3434
19595,121374,12867,58388,8438,108507,6598,3163,3435
19600,121405,12869,58400,8440,108536,6600,3165,3435
19605,121436,12871,58419,8442,108565,6602,3167,3435
19610,121467,12872,58432,8443,108595,6604,3167,3437
19615,121498,12876,58447,8446,108622,6606,3167,3439
19620,121529,12881,58466,8450,108648,6608,3169,3439
19625,121560,12885,58484,8453,108675,6610,3170,3440
19630,121591,12887,58494,8453,108703,6612,3171,3441
19635,121622,12894,58510,8460,108728,6614,3173,3441
19640,121653,12899,58524,8464,108753,6616,3174,3442
19645,121684,12904,58540,8467,108779,6618,3174,3444
19650,121715,12907,58557,8470,108807,6620,3175,3445
19655,121746,12910,58567,8473,108836,6622,3177,3445
19660,121777,12912,58580,8474,108865,6624,3178,3446
19665,121808,12915,58598,8476,108892,6626,3179,3447
19670,121839,12919,58612,8479,108919,6628,3181,3447
19675,121870,12924,58625,8483,108946,6630,3182,3448
19680,121901,12928,58641,8487,108971,6632,3183,3449
19685,121932,12930,58657,8488,109001,6634,3184,3450
19690,121963,12931,58678,8488,109031,6636,3185,3451
19695,121994,12932,58695,8489,109062,6638,3186,3452
19700,122025,12933,58708,8490,109091,6640,3186,3454
19705,122056,12934,58720,8491,109121,6642,3187,3455
19710,122087,12936,58737,8493,109151,6644,3189,3455
19715,122118,12938,58750,8494,109180,6646,3189,3457
19720,122149,12940,58767,8496,109208,6648,3190,3458
19725,122180,12942,58783,8497,109237,6650,3190,3460
19730,122211,12944,58797,8498,109266,6652,3191,3461
19735,122242,12946,58812,8499,109296,6654,3192,3462
19740,122273,12949,58830,8502,109323,6656,3194,3462
19745,122304,12951,58842,8503,109353,6656,3194,3462
19750,122335,12954,58853,8506,109381,6656,3194,3462
19755,122366,12958,58867,8509,109408,6656,3194,3462
19760,122397,12962,58883,8511,109435,6656,3194,3462
19765,122428,12965,58897,8514,109462,6656,3194,3462
19770,122459,12971,58914,8518,109487,6656,3194,3462
19775,122490,12978,58930,8523,109511,6656,3194,3462
19780,122521,12984,58943,8527,109536,6656,3194,3462
19785,122552,12991,58957,8532,109560,6656,3194,3462
19790,122583,12999,58972,8539,109583,6656,3194,3462
19795,122614,13005,58983,8543,109609,6656,3194,3462
19800,122645,13011,58997,8548,109634,6656,3194,3462
19805,122676,13017,59014,8553,109658,6656,3194,3462
19810,122707,13022,59030,8558,109685,6656,3194,3462
19815,122738,13026,59046,8561,109710,6656,3194,3462
19820,122769,13031,59060,8566,109738,6656,3194,3462
19825,122800,13032,59075,8566,109768,6656,3194,3462
19830,122831,13033,59091,8567,109798,6656,3194,3462
19835,122862,13034,59104,8567,109828,6656,3194,3462
19840,122893,13035,59126,8568,109856,6656,3194,3462
19845,122924,13036,59142,8569,109888,6658,3194,3464
19850,122955,13037,59162,8570,109916,6660,3196,3464
19855,122986,13038,59172,8571,109947,6662,3197,3465
19860,123017,13039,59189,8572,109977,6664,3199,3465
19865,123048,13040,59202,8572,110007,6666,3201,3465
19870,123079,13041,59216,8572,110037,6668,3201,3467
19875,123110,13042,59232,8572,110067,6670,3202,3468
19880,123141,13043,59247,8573,110098,6672,3204,3468
19885,123172,13044,59261,8573,110128,6674,3205,3469
19890,123203,13045,59276,8574,110158,6676,3206,3470
19895,123234,13046,59288,8574,110187,6678,3207,3471
19900,123265,13049,59305,8575,110216,6680,3209,3471
19905,123296,13052,59322,8578,110244,6682,3210,3472
19910,123327,13055,59344,8580,110270,6684,3212,3472
19915,123358,13059,59365,8583,110297,6686,3214,3472
19920,123389,13062,59383,8585,110325,6688,3215,3473
19925,123420,13065,59394,8585,110355,6690,3215,3475
19930,123451,13068,59405,8585,110382,6692,3217,3475
19935,123482,13073,59423,8588,110407,6694,3219,3475
19940,123513,13081,59440,8595,110431,6696,3220,3476
19945,123544,13086,59454,8598,110456,6698,3221,3477
19950,123575,13092,59469,8602,110482,6700,3223,3477
19955,123606,13099,59486,8607,110504,6702,3225,3477
19960,123637,13109,59502,8615,110527,6704,3226,3478
19965,123668,13113,59514,8618,110555,6706,3227,3479
19970,123699,13116,59528,8619,110582,6708,3227,3481
19975,123730,13121,59541,8622,110609,6710,3228,3482
19980,123761,13126,59561,8625,110634,6712,3230,3482
19985,123792,13132,59578,8629,110659,6714,3231,3483
19990,123823,13137,59588,8632,110686,6716,3233,3483
19995,123854,13141,59605,8635,110711,6718,3234,3484
20000,123885,13147,59619,8640,110738,6720,3234,3486
20005,123916,13152,59631,8644,110764,6722,3234,3488
20010,123947,13155,59644,8645,110792,6724,3234,3490
20015,123978,13156,59653,8646,110822,6726,3235,3491
20020,124009,13157,59665,8646,110852,6728,3237,3491
20025,124040,13158,59681,8647,110882,6730,3238,3492
20030,124071,13159,59695,8648,110912,6732,3239,3493
20035,124102,13160,59703,8648,110942,6734,3240,3494
20040,124133,13161,59718,8649,110972,6736,3240,3496
20045,124164,13162,59737,8650,111002,6738,3241,3497
20050,124195,13163,59753,8650,111030,6740,3243,3497
20055,124226,13164,59766,8650,111060,6742,3244,3498
20060,124257,13165,59789,8651,111089,6744,3246,3498
20065,124288,13166,59803,8651,111121,6746,3247,3499
20070,124319,13167,59815,8651,111152,6748,3248,3500
20075,124350,13169,59833,8652,111180,6750,3249,3501
20080,124381,13172,59847,8654,111208,6752,3250,3502
20085,124412,13174,59867,8655,111238,6754,3251,3503
20090,124443,13176,59882,8657,111267,6756,3251,3505
20095,124474,13179,59893,8658,111294,6758,3251,3507
20100,124505,13181,59904,8659,111324,6760,3252,3508
20105,124536,13183,59921,8660,111353,6762,3253,3509
20110,124567,13186,59935,8661,111381,6764,3255,3509
20115,124598,13188,59953,8662,111410,6766,3257,3509
20120,124629,13192,59970,8663,111437,6768,3258,3510
20125,124660,13195,59987,8666,111465,6770,3258,3512
20130,124691,13199,60003,8669,111492,6772,3259,3513
20135,124722,13203,60017,8670,111519,6774,3261,3513
20140,124753,13207,60029,8671,111546,6776,3261,3515
20145,124784,13210,60042,8673,111571,6778,3262,3516
20150,124815,13218,60058,8679,111597,6780,3264,3516
20155,124846,13221,60071,8680,111624,6782,3265,3517
20160,124877,13227,60086,8684,111649,6784,3265,3519
20165,124908,13231,60102,8688,111677,6786,3265,3521
20170,124939,13233,60116,8689,111705,6788,3265,3523
20175,124970,13238,60135,8693,111731,6790,3266,3524
20180,125001,13241,60153,8695,111760,6792,3267,3525
20185,125032,13244,60170,8697,111787,6794,3268,3526
20190,125063,13247,60183,8700,111816,6796,3269,3527
20195,125094,13252,60196,8705,111842,6798,3271,3527
20200,125125,13254,60216,8707,111871,6800,3272,3528
20205,125156,13257,60236,8710,111897,6802,3274,3528
20210,125187,13259,60251,8710,111928,6804,3275,3529
20215,125218,13261,60267,8711,111956,6806,3277,3529
20220,125249,13264,60282,8712,111983,6808,3278,3530
20225,125280,13266,60292,8712,112014,6810,3279,3531
20230,125311,13269,60305,8714,112041,6812,3281,3531
20235,125342,13273,60320,8717,112069,6814,3282,3532
20240,125373,13277,60336,8719,112096,6816,3283,3533
20245,125404,13280,60354,8720,112124,6818,3283,3535
20250,125435,13283,60367,8722,112152,6820,3283,3537
20255,125466,13285,60384,8723,112181,6822,3285,3537
20260,125497,13288,60399,8726,112209,6824,3286,3538
20265,125528,13289,60414,8726,112239,6826,3288,3538
20270,125559,13291,60427,8728,112268,6828,3289,3539
20275,125590,13293,60445,8730,112297,6830,3290,3540
20280,125621,13295,60460,8730,112325,6832,3291,3541
20285,125652,13297,60475,8732,112355,6833,3292,3541
20290,125683,13299,60491,8733,112384,6834,3293,3541
20295,125714,13301,60507,8734,112413,6835,3293,3542
20300,125745,13303,60523,8734,112440,6836,3294,3542
20305,125776,13309,60533,8738,112465,6837,3295,3542
20310,125807,13314,60548,8741,112492,6838,3296,3542
20315,125838,13319,60568,8746,112518,6839,3297,3542
20320,125869,13323,60583,8749,112545,6840,3297,3543
20325,125900,13328,60598,8753,112569,6841,3298,3543
20330,125931,13336,60615,8759,112592,6842,3298,3544
20335,125962,13344,60632,8766,112617,6843,3299,3544
20340,125993,13351,60650,8772,112642,6844,3300,3544
20345,126024,13352,60667,8772,112672,6845,3300,3545
20350,126055,13353,60684,8773,112702,6846,3300,3546
20355,126086,13354,60696,8773,112732,6847,3300,3547
20360,126117,13355,60709,8773,112762,6848,3300,3548
20365,126148,13356,60721,8773,112792,6849,3300,3549
20370,126179,13358,60735,8774,112821,6850,3300,3550
20375,126210,13360,60745,8775,112850,6851,3301,3550
20380,126241,13362,60759,8777,112879,6852,3301,3551
20385,126272,13364,60773,8779,112908,6854,3302,3552
20390,126303,13366,60789,8781,112937,6856,3302,3554
20395,126334,13368,60805,8782,112966,6858,3302,3556
20400,126365,13370,60821,8783,112995,6860,3303,3557
20405,126396,13372,60836,8783,113024,6861,3304,3557
20410,126427,13374,60848,8785,113053,6862,3305,3557
20415,126458,13376,60862,8785,113082,6863,3305,3558
20420,126489,13378,60873,8786,113111,6864,3306,3558
20425,126520,13380,60888,8787,113140,6865,3307,3558
20430,126551,13382,60902,8787,113169,6866,3307,3559
20435,126582,13384,60918,8788,113196,6867,3308,3559
20440,126613,13386,60933,8789,113225,6868,3309,3559
20445,126644,13390,60953,8792,113252,6869,3309,3560
20450,126675,13398,60970,8798,113275,6870,3310,3560
20455,126706,13406,60989,8804,113300,6871,3310,3561
20460,126737,13411,60999,8805,113325,6872,3311,3561
20465,126768,13417,61014,8810,113350,6873,3312,3561
20470,126799,13424,61030,8815,113374,6874,3312,3562
20475,126830,13431,61044,8820,113399,6875,3313,3562
20480,126861,13437,61061,8824,113423,6876,3314,3562
20485,126892,13444,61075,8829,113446,6877,3315,3562
20490,126923,13452,61094,8836,113471,6878,3316,3562
20495,126954,13457,61109,8840,113497,6879,3317,3562
20500,126985,13459,61120,8841,113526,6880,3317,3563
20505,127016,13461,61135,8842,113554,6882,3318,3564
20510,127047,13464,61151,8845,113582,6884,3318,3566
20515,127078,13466,61172,8846,113610,6886,3319,3567
20520,127109,13469,61191,8847,113638,6888,3319,3569
20525,127140,13472,61205,8850,113667,6890,3319,3571
20530,127171,13474,61221,8851,113697,6892,3319,3573
20535,127202,13477,61236,8853,113723,6894,3320,3574
20540,127233,13481,61250,8856,113752,6896,3322,3574
20545,127264,13483,61264,8856,113781,6898,3323,3575
20550,127295,13485,61277,8857,113808,6900,3324,3576
20555,127326,13488,61295,8859,113838,6902,3326,3576
20560,127357,13489,61312,8859,113868,6904,3327,3577
20565,127388,13490,61326,8859,113898,6906,3327,3579
20570,127419,13491,61341,8859,113928,6908,3327,3581
20575,127450,13492,61359,8859,113958,6910,3329,3581
20580,127481,13493,61372,8860,113988,6912,3330,3582
20585,127512,13494,61386,8860,114018,6914,3330,3584
20590,127543,13495,61396,8860,114048,6916,3331,3585
20595,127574,13496,61407,8860,114078,6918,3331,3587
20600,127605,13498,61426,8860,114104,6920,3332,3588
20605,127636,13500,61443,8861,114134,6922,3334,3588
20610,127667,13503,61460,8862,114163,6924,3336,3588
20615,127698,13506,61473,8862,114192,6926,3336,3590
20620,127729,13509,61485,8863,114219,6928,3337,3591
20625,127760,13512,61500,8863,114247,6930,3338,3592
20630,127791,13515,61517,8864,114275,6932,3338,3594
20635,127822,13518,61529,8865,114304,6934,3338,3596
20640,127853,13521,61545,8866,114331,6936,3339,3597
20645,127884,13524,61555,8868,114360,6938,3340,3598
20650,127915,13527,61567,8870,114388,6940,3340,3600
20655,127946,13530,61583,8873,114416,6942,3341,3601
20660,127977,13533,61597,8874,114444,6944,3343,3601
20665,128008,13537,61611,8874,114470,6946,3344,3602
20670,128039,13545,61627,8879,114494,6948,3345,3603
20675,128070,13551,61640,8882,114518,6950,3347,3603
20680,128101,13559,61656,8889,114541,6952,3348,3604
20685,128132,13567,61674,8895,114562,6954,3349,3605
20690,128163,13575,61685,8900,114586,6956,3351,3605
20695,128194,13584,61700,8908,114609,6958,3353,3605
20700,128225,13592,61709,8913,114632,6960,3353,3607
20705,128256,13597,61726,8916,114658,6962,3354,3608
20710,128287,13603,61742,8921,114684,6964,3356,3608
20715,128318,13606,61760,8924,114711,6966,3357,3609
20720,128349,13610,61773,8927,114738,6968,3357,3611
20725,128380,13612,61785,8927,114767,6970,3359,3611
20730,128411,13615,61803,8929,114794,6972,3361,3611
20735,128442,13619,61816,8931,114822,6974,3362,3612
20740,128473,13621,61833,8932,114852,6976,3362,3614
20745,128504,13622,61848,8932,114882,6978,3363,3615
20750,128535,13623,61863,8932,114911,6980,3364,3616
20755,128566,13624,61877,8932,114941,6982,3365,3617
20760,128597,13625,61890,8932,114971,6984,3367,3617
20765,128628,13626,61909,8933,115002,6986,3369,3617
20770,128659,13627,61919,8934,115032,6988,3370,3618
20775,128690,13628,61932,8934,115062,6990,3370,3620
20780,128721,13629,61948,8934,115092,6992,3371,3621
20785,128752,13630,61962,8934,115122,6994,3373,3621
20790,128783,13631,61978,8935,115152,6996,3374,3622
20795,128814,13632,61991,8936,115182,6998,3375,3623
20800,128845,13633,62008,8937,115212,7000,3376,3624
20805,128876,13636,62021,8938,115240,7002,3376,3626
20810,128907,13641,62042,8943,115265,7004,3377,3627
20815,128938,13644,62054,8945,115294,7006,3377,3629
20820,128969,13649,62072,8949,115318,7008,3378,3630
20825,129000,13654,62083,8952,115344,7009,3378,3631
20830,129031,13659,62099,8956,115372,7010,3379,3631
20835,129062,13662,62114,8959,115399,7011,3379,3632
20840,129093,13665,62134,8962,115427,7012,3380,3632
20845,129124,13668,62150,8964,115456,7013,3380,3633
20850,129155,13671,62161,8966,115484,7014,3381,3633
20855,129186,13674,62177,8967,115511,7015,3381,3634
20860,129217,13678,62188,8970,115539,7016,3381,3635
20865,129248,13682,62202,8972,115564,7017,3381,3636
20870,129279,13688,62218,8976,115588,7018,3382,3636
20875,129310,13698,62233,8985,115611,7019,3382,3637
20880,129341,13703,62242,8988,115637,7020,3382,3638
20885,129372,13706,62254,8989,115665,7021,3382,3639
20890,129403,13710,62268,8991,115690,7022,3382,3640
20895,129434,13716,62287,8996,115715,7023,3383,3640
20900,129465,13717,62303,8997,115747,7024,3383,3641
20905,129496,13717,62318,8997,115779,7025,3383,3642
20910,129527,13717,62327,8997,115809,7026,3383,3643
20915,129558,13717,62342,8997,115841,7027,3384,3643
20920,129589,13717,62356,8997,115872,7028,3385,3643
20925,129620,13718,62370,8998,115902,7030,3386,3644
20930,129651,13719,62382,8998,115931,7032,3386,3646
20935,129682,13720,62400,8998,115961,7034,3388,3646
20940,129713,13721,62420,8998,115991,7036,3388,3648
20945,129744,13722,62431,8999,116021,7038,3389,3649
20950,129775,13723,62447,9000,116052,7040,3390,3650
20955,129806,13724,62463,9000,116082,7042,3392,3650
20960,129837,13725,62477,9000,116112,7044,3393,3651
20965,129868,13726,62495,9001,116142,7046,3393,3653
20970,129899,13727,62510,9002,116172,7048,3395,3653
20975,129930,13728,62526,9003,116202,7050,3396,3654
20980,129961,13729,62544,9004,116232,7052,3397,3655
20985,129992,13731,62558,9005,116260,7054,3399,3655
20990,130023,13735,62578,9009,116288,7056,3401,3655
20995,130054,13738,62597,9012,116315,7058,3403,3655
21000,130085,13741,62612,9013,116343,7060,3404,3656
21005,130116,13748,62629,9019,116367,7061,3405,3656
21010,130147,13755,62642,9022,116390,7062,3405,3657
21015,130178,13762,62657,9027,116413,7063,3406,3657
21020,130209,13771,62675,9034,116437,7064,3406,3658
21025,130240,13775,62689,9036,116465,7065,3407,3658
21030,130271,13778,62704,9036,116493,7066,3408,3658
21035,130302,13782,62720,9040,116520,7067,3409,3658
21040,130333,13785,62735,9042,116548,7068,3409,3659
21045,130364,13788,62753,9044,116576,7069,3409,3660
21050,130395,13792,62766,9047,116601,7070,3409,3661
21055,130426,13799,62778,9053,116626,7071,3409,3662
21060,130457,13807,62791,9059,116648,7072,3409,3663
21065,130488,13812,62806,9063,116676,7073,3410,3663
21070,130519,13817,62826,9068,116702,7074,3411,3663
21075,130550,13820,62837,9069,116729,7075,3411,3664
21080,130581,13822,62849,9071,116758,7076,3411,3665
21085,130612,13823,62866,9072,116788,7077,3411,3666
21090,130643,13824,62881,9073,116819,7078,3411,3667
21095,130674,13825,62895,9073,116848,7079,3412,3667
21100,130705,13826,62913,9073,116878,7080,3412,3668
21105,130736,13827,62928,9073,116909,7082,3414,3668
21110,130767,13828,62948,9073,116939,7084,3414,3670
21115,130798,13829,62962,9073,116969,7086,3414,3672
21120,130829,13830,62977,9073,116998,7088,3415,3673
21125,130860,13831,62994,9073,117029,7090,3417,3673
21130,130891,13833,63010,9074,117058,7092,3418,3674
21135,130922,13835,63028,9076,117086,7094,3420,3674
21140,130953,13838,63045,9078,117115,7096,3422,3674
21145,130984,13840,63064,9080,117143,7098,3424,3674
21150,131015,13843,63074,9082,117172,7100,3424,3676
21155,131046,13845,63090,9083,117201,7102,3426,3676
21160,131077,13847,63103,9084,117230,7104,3426,3678
21165,131108,13850,63119,9086,117256,7106,3427,3679
21170,131139,13857,63137,9090,117279,7108,3428,3680
21175,131170,13866,63155,9099,117303,7110,3429,3681
21180,131201,13871,63170,9102,117328,7112,3431,3681
21185,131232,13878,63190,9107,117353,7114,3433,3681
21190,131263,13883,63205,9110,117379,7116,3435,3681
21195,131294,13890,63217,9115,117404,7118,3435,3683
21200,131325,13895,63233,9118,117430,7120,3437,3683
21205,131356,13899,63241,9119,117457,7122,3438,3684
21210,131387,13903,63257,9121,117484,7124,3439,3685
21215,131418,13907,63271,9124,117511,7126,3440,3686
21220,131449,13912,63292,9128,117537,7128,3441,3687
21225,131480,13916,63302,9129,117563,7130,3441,3689
21230,131511,13921,63313,9132,117589,7132,3442,3690
21235,131542,13924,63329,9134,117617,7134,3442,3692
21240,131573,13927,63344,9137,117645,7136,3443,3693
21245,131604,13930,63358,9140,117673,7138,3443,3695
21250,131635,13932,63369,9141,117702,7140,3444,3696
21255,131666,13935,63386,9143,117731,7142,3446,3696
21260,131697,13939,63400,9147,117758,7144,3447,3697
21265,131728,13942,63415,9148,117786,7146,3448,3698
21270,131759,13943,63429,9149,117816,7148,3448,3700
21275,131790,13944,63449,9150,117846,7150,3449,3701
21280,131821,13945,63465,9150,117876,7152,3450,3702
21285,131852,13946,63478,9150,117905,7154,3450,3704
21290,131883,13947,63496,9151,117935,7156,3451,3705
21295,131914,13948,63506,9152,117966,7158,3452,3706
21300,131945,13949,63523,9152,117995,7160,3452,3708
21305,131976,13951,63537,9153,118025,7162,3452,3710
21310,132007,13953,63550,9154,118052,7164,3454,3710
21315,132038,13956,63569,9156,118082,7166,3456,3710
21320,132069,13958,63585,9157,118109,7168,3458,3710
21325,132100,13961,63604,9160,118139,7170,3460,3710
21330,132131,13963,63618,9161,118167,7172,3460,3712
21335,132162,13966,63637,9164,118196,7174,3460,3714
21340,132193,13969,63652,9164,118222,7176,3460,3716
21345,132224,13974,63668,9167,118249,7178,3461,3717
21350,132255,13978,63682,9170,118276,7180,3462,3718
21355,132286,13981,63696,9170,118304,7182,3463,3719
21360,132317,13985,63711,9174,118332,7184,3464,3720
21365,132348,13988,63725,9175,118359,7185,3464,3721
21370,132379,13992,63741,9175,118386,7186,3464,3722
21375,132410,13997,63755,9177,118412,7187,3465,3722
21380,132441,14003,63770,9180,118438,7188,3465,3723
21385,132472,14009,63784,9184,118461,7189,3465,3724
21390,132503,14018,63799,9191,118485,7190,3465,3725
21395,132534,14021,63817,9194,118511,7191,3466,3725
21400,132565,14024,63830,9194,118540,7192,3466,3726
21405,132596,14028,63845,9197,118567,7193,3466,3727
21410,132627,14031,63861,9200,118596,7194,3467,3727
21415,132658,14035,63875,9203,118623,7195,3468,3727
21420,132689,14038,63889,9204,118651,7196,3468,3728
21425,132720,14041,63905,9207,118679,7197,3469,3728
21430,132751,14044,63925,9208,118707,7198,3469,3729
21435,132782,14048,63937,9211,118734,7199,3469,3730
21440,132813,14051,63953,9213,118762,7200,3470,3730
21445,132844,14057,63973,9218,118786,7201,3471,3730
21450,132875,14062,63992,9222,118812,7202,3471,3731
21455,132906,14067,64002,9224,118839,7203,3471,3732
21460,132937,14072,64020,9227,118864,7204,3471,3733
21465,132968,14077,64035,9230,118891,7206,3472,3734
21470,132999,14079,64043,9230,118920,7208,3472,3736
21475,133030,14082,64054,9231,118948,7210,3473,3737
21480,133061,14085,64071,9234,118974,7212,3474,3738
21485,133092,14091,64089,9240,119000,7214,3475,3739
21490,133123,14092,64108,9240,119030,7216,3477,3739
21495,133154,14093,64126,9241,119060,7218,3477,3741
21500,133185,14095,64143,9242,119090,7220,3479,3741
21505,133216,14097,64162,9243,119117,7222,3481,3741
21510,133247,14100,64176,9244,119145,7224,3483,3741
21515,133278,14102,64193,9245,119175,7226,3484,3742
21520,133309,14105,64204,9246,119203,7228,3484,3744
21525,133340,14108,64222,9249,119231,7230,3484,3746
21530,133371,14112,64237,9252,119258,7232,3486,3746
21535,133402,14115,64248,9254,119286,7234,3486,3748
21540,133433,14120,64259,9257,119311,7236,3487,3749
21545,133464,14125,64276,9262,119338,7238,3487,3751
21550,133495,14126,64289,9263,119369,7240,3488,3752
21555,133526,14126,64306,9263,119400,7242,3490,3752
21560,133557,14126,64321,9263,119431,7244,3491,3753
21565,133588,14126,64335,9263,119462,7246,3491,3755
21570,133619,14126,64350,9263,119493,7248,3491,3757
21575,133650,14128,64365,9265,119522,7250,3491,3759
21580,133681,14130,64383,9267,119551,7252,3492,3760
21585,133712,14132,64395,9268,119580,7254,3492,3762
21590,133743,14133,64413,9269,119610,7256,3493,3763
21595,133774,14136,64427,9272,119638,7258,3494,3764
21600,133805,14138,64444,9273,119666,7260,3495,3765
21605,133836,14141,64458,9276,119694,7261,3496,3765
21610,133867,14144,64467,9278,119723,7262,3496,3766
21615,133898,14147,64488,9281,119750,7263,3497,3766
21620,133929,14151,64502,9284,119777,7264,3497,3767
21625,133960,14154,64521,9285,119805,7265,3498,3767
21630,133991,14157,64530,9287,119834,7266,3499,3767
21635,134022,14160,64545,9288,119861,7267,3500,3767
21640,134053,14162,64560,9289,119891,7268,3500,3768
21645,134084,14164,64573,9290,119920,7269,3500,3769
21650,134115,14167,64587,9292,119948,7270,3500,3770
21655,134146,14170,64600,9293,119975,7271,3500,3771
21660,134177,14176,64615,9297,120000,7272,3500,3772
21665,134208,14183,64632,9302,120023,7273,3501,3772
21670,134239,14191,64644,9308,120046,7274,3502,3772
21675,134270,14199,64659,9315,120071,7275,3503,3772
21680,134301,14202,64672,9316,120096,7276,3504,3772
21685,134332,14206,64686,9320,120126,7277,3504,3773
21690,134363,14208,64702,9321,120154,7278,3505,3773
21695,134394,14212,64712,9324,120182,7279,3505,3774
21700,134425,14215,64727,9325,120210,7280,3506,3774
21705,134456,14216,64741,9326,120239,7282,3508,3774
21710,134487,14217,64753,9326,120269,7284,3508,3776
21715,134518,14218,64766,9326,120299,7286,3509,3777
21720,134549,14219,64778,9326,120329,7288,3510,3778
21725,134580,14220,64795,9326,120359,7290,3512,3778
21730,134611,14221,64807,9327,120390,7292,3513,3779
21735,134642,14222,64824,9328,120419,7294,3514,3780
21740,134673,14223,64837,9329,120450,7296,3515,3781
21745,134704,14226,64853,9331,120476,7298,3516,3782
21750,134735,14228,64870,9332,120506,7300,3518,3782
21755,134766,14230,64884,9333,120535,7302,3520,3782
21760,134797,14232,64900,9334,120565,7304,3520,3784
21765,134828,14235,64917,9336,120592,7306,3521,3785
21770,134859,14238,64931,9337,120620,7308,3521,3787
21775,134890,14241,64946,9338,120649,7310,3522,3788
21780,134921,14243,64962,9339,120678,7312,3523,3789
21785,134952,14246,64976,9340,120706,7314,3525,3789
21790,134983,14249,64993,9342,120734,7316,3527,3789
21795,135014,14252,65007,9344,120762,7318,3529,3789
21800,135045,14256,65024,9348,120789,7320,3531,3789
21805,135076,14260,65037,9351,120816,7322,3532,3790
21810,135107,14265,65055,9354,120842,7324,3533,3791
21815,135138,14271,65071,9356,120867,7326,3535,3791
21820,135169,14276,65084,9358,120893,7328,3535,3793
21825,135200,14282,65100,9361,120917,7330,3536,3794
21830,135231,14288,65109,9364,120943,7332,3536,3796
21835,135262,14294,65127,9366,120966,7334,3538,3796
21840,135293,14300,65140,9369,120991,7336,3538,3798
21845,135324,14307,65152,9373,121017,7338,3539,3799
21850,135355,14311,65169,9374,121042,7340,3540,3800
21855,135386,14315,65181,9376,121070,7342,3542,3800
21860,135417,14319,65200,9380,121096,7344,3543,3801
21865,135448,14324,65212,9384,121123,7346,3544,3802
21870,135479,14327,65228,9385,121151,7348,3545,3803
21875,135510,14331,65241,9387,121179,7350,3547,3803
21880,135541,14335,65257,9389,121205,7352,3548,3804
21885,135572,14340,65269,9392,121232,7354,3549,3805
21890,135603,14343,65282,9394,121260,7356,3550,3806
21895,135634,14348,65293,9398,121285,7358,3550,3808
21900,135665,14353,65307,9403,121311,7360,3550,3810
21905,135696,14355,65323,9404,121340,7361,3551,3810
21910,135727,14356,65338,9404,121371,7362,3552,3810
21915,135758,14357,65355,9404,121399,7363,3552,3811
21920,135789,14358,65371,9405,121429,7364,3553,3811
21925,135820,14359,65387,9406,121460,7365,3553,3812
21930,135851,14360,65408,9406,121490,7366,3554,3812
21935,135882,14361,65425,9406,121520,7367,3554,3813
21940,135913,14362,65440,9406,121551,7368,3555,3813
21945,135944,14363,65454,9406,121581,7369,3556,3813
21950,135975,14364,65468,9406,121611,7370,3557,3813
21955,136006,14367,65485,9408,121639,7371,3558,3813
21960,136037,14370,65501,9410,121667,7372,3558,3814
21965,136068,14373,65519,9413,121695,7373,3558,3815
21970,136099,14375,65535,9414,121724,7374,3559,3815
21975,136130,14377,65551,9414,121753,7375,3560,3815
21980,136161,14379,65567,9414,121782,7376,3561,3815
21985,136192,14381,65578,9416,121810,7377,3562,3815
21990,136223,14386,65592,9419,121836,7378,3563,3815
21995,136254,14390,65608,9420,121864,7379,3563,3816
22000,136285,14393,65621,9421,121891,7380,3563,3817
22005,136316,14398,65634,9423,121917,7382,3563,3819
22010,136347,14405,65653,9429,121942,7384,3564,3820
22015,136378,14412,65663,9432,121964,7386,3564,3822
22020,136409,14422,65681,9442,121986,7388,3566,3822
22025,136440,14428,65695,9445,122010,7390,3566,3824
22030,136471,14434,65709,9447,122036,7392,3566,3826
22035,136502,14438,65723,9449,122063,7394,3567,3827
22040,136533,14444,65739,9453,122089,7396,3569,3827
22045,136564,14449,65762,9456,122114,7398,3571,3827
22050,136595,14452,65777,9456,122143,7400,3572,3828
22055,136626,14456,65794,9459,122170,7402,3574,3828
22060,136657,14462,65808,9463,122195,7404,3576,3828
22065,136688,14465,65816,9464,122223,7406,3576,3830
22070,136719,14471,65830,9468,122247,7408,3576,3832
22075,136750,14474,65849,9470,122276,7410,3577,3833
22080,136781,14476,65867,9471,122305,7412,3578,3834
22085,136812,14478,65881,9473,122334,7414,3579,3835
22090,136843,14480,65897,9473,122363,7416,3580,3836
22095,136874,14482,65914,9475,122392,7418,3580,3838
22100,136905,14484,65931,9477,122421,7420,3581,3839
22105,136936,14487,65949,9480,122449,7422,3583,3839
22110,136967,14489,65964,9480,122477,7424,3584,3840
22115,136998,14493,65975,9483,122505,7426,3585,3841
22120,137029,14494,65983,9483,122535,7428,3585,3843
22125,137060,14495,65993,9483,122565,7430,3585,3845
22130,137091,14496,66011,9484,122595,7432,3586,3846
22135,137122,14497,66022,9484,122625,7434,3586,3848
22140,137153,14498,66034,9484,122654,7436,3587,3849
22145,137184,14499,66054,9485,122684,7437,3587,3850
22150,137215,14501,66068,9485,122714,7438,3588,3850
22155,137246,14503,66082,9485,122742,7439,3588,3851
22160,137277,14506,66093,9487,122771,7440,3588,3852
22165,137308,14509,66110,9489,122798,7441,3588,3853
22170,137339,14511,66120,9489,122827,7442,3588,3854
22175,137370,14514,66138,9491,122855,7443,3589,3854
22180,137401,14517,66153,9494,122884,7444,3589,3855
22185,137432,14520,66167,9496,122911,7445,3590,3855
22190,137463,14524,66186,9499,122937,7446,3591,3855
22195,137494,14529,66206,9502,122962,7447,3592,3855
22200,137525,14535,66219,9506,122989,7448,3592,3856
22205,137556,14539,66230,9507,123016,7449,3593,3856
22210,137587,14544,66244,9509,123041,7450,3594,3856
22215,137618,14550,66262,9515,123065,7451,3594,3857
22220,137649,14558,66275,9520,123090,7452,3594,3858
22225,137680,14563,66288,9523,123116,7453,3595,3858
22230,137711,14570,66300,9527,123141,7454,3595,3859
22235,137742,14574,66316,9531,123168,7455,3596,3859
22240,137773,14579,66332,9535,123192,7456,3596,3860
22245,137804,14587,66348,9541,123217,7458,3597,3861
22250,137835,14592,66361,9545,123243,7460,3598,3862
22255,137866,14596,66375,9548,123270,7462,3599,3863
22260,137897,14598,66386,9549,123299,7464,3600,3864
22265,137928,14599,66402,9549,123329,7466,3602,3864
22270,137959,14600,66420,9550,123359,7468,3603,3865
22275,137990,14601,66438,9550,123389,7470,3605,3865
22280,138021,14602,66453,9551,123419,7472,3605,3867
22285,138052,14603,66470,9551,123449,7474,3606,3868
22290,138083,14604,66484,9552,123479,7476,3608,3868
22295,138114,14605,66499,9553,123509,7478,3608,3870
22300,138145,14607,66514,9555,123538,7480,3608,3872
22305,138176,14608,66529,9555,123568,7482,3610,3872
22310,138207,14610,66545,9557,123597,7484,3611,3873
22315,138238,14611,66554,9558,123627,7486,3611,3875
22320,138269,14612,66572,9558,123657,7488,3612,3876
22325,138300,14612,66590,9558,123687,7490,3613,3877
22330,138331,14612,66609,9558,123718,7492,3614,3878
22335,138362,14614,66623,9559,123747,7494,3614,3880
22340,138393,14616,66638,9561,123777,7496,3614,3882
22345,138424,14617,66654,9561,123807,7498,3614,3884
22350,138455,14618,66668,9562,123837,7500,3615,3885
22355,138486,14621,66680,9564,123865,7502,3616,3886
22360,138517,14624,66695,9566,123892,7504,3617,3887
22365,138548,14630,66710,9571,123917,7506,3619,3887
22370,138579,14636,66725,9575,123942,7508,3620,3888
22375,138610,14640,66739,9578,123967,7510,3622,3888
22380,138641,14646,66751,9582,123992,7512,3623,3889
22385,138672,14650,66766,9584,124022,7514,3623,3891
22390,138703,14652,66779,9584,124050,7516,3623,3893
22395,138734,14656,66794,9588,124077,7518,3624,3894
22400,138765,14660,66809,9591,124105,7520,3626,3894
22405,138796,14663,66820,9593,124132,7522,3626,3896
22410,138827,14665,66835,9594,124160,7524,3628,3896
22415,138858,14670,66849,9597,124187,7526,3629,3897
22420,138889,14673,66864,9599,124214,7528,3630,3898
22425,138920,14677,66884,9603,124242,7530,3631,3899
22430,138951,14682,66897,9608,124269,7532,3632,3900
22435,138982,14685,66915,9610,124297,7534,3634,3900
22440,139013,14688,66936,9613,124325,7536,3635,3901
22445,139044,14692,66952,9616,124352,7537,3636,3901
22450,139075,14696,66970,9619,124379,7538,3637,3901
22455,139106,14701,66983,9623,124405,7539,3637,3902
22460,139137,14704,66996,9624,124433,7540,3637,3903
22465,139168,14707,67009,9625,124461,7541,3638,3903
22470,139199,14708,67022,9625,124491,7542,3638,3904
22475,139230,14709,67039,9625,124521,7543,3639,3904
22480,139261,14710,67056,9626,124551,7544,3639,3905
22485,139292,14711,67069,9626,124581,7545,3640,3905
22490,139323,14714,67086,9629,124609,7546,3640,3906
22495,139354,14717,67103,9631,124637,7547,3640,3907
22500,139385,14719,67118,9632,124666,7548,3641,3907
22505,139416,14722,67137,9634,124694,7549,3642,3907
22510,139447,14724,67153,9635,124723,7550,3642,3908
22515,139478,14727,67171,9636,124751,7551,3643,3908
22520,139509,14730,67186,9638,124779,7552,3644,3908
22525,139540,14732,67202,9639,124808,7553,3645,3908
22530,139571,14734,67215,9639,124836,7554,3646,3908
22535,139602,14739,67226,9641,124862,7555,3646,3909
22540,139633,14744,67242,9644,124888,7556,3647,3909
22545,139664,14749,67259,9648,124913,7558,3648,3910
22550,139695,14755,67274,9652,124937,7560,3649,3911
22555,139726,14760,67291,9657,124966,7562,3650,3912
22560,139757,14762,67306,9658,124994,7564,3651,3913
22565,139788,14765,67318,9660,125022,7566,3652,3914
22570,139819,14768,67334,9662,125050,7568,3653,3915
22575,139850,14772,67349,9664,125076,7570,3654,3916
22580,139881,14779,67362,9669,125102,7572,3655,3917
22585,139912,14783,67374,9671,125128,7574,3657,3917
22590,139943,14789,67388,9675,125154,7576,3659,3917
22595,139974,14794,67406,9680,125179,7578,3661,3917
22600,140005,14798,67419,9684,125207,7580,3663,3917
22605,140036,14801,67435,9686,125234,7582,3665,3917
22610,140067,14804,67454,9688,125262,7584,3667,3917
22615,140098,14808,67469,9691,125289,7586,3668,3918
22620,140129,14812,67480,9694,125316,7588,3668,3920
22625,140160,14815,67493,9696,125345,7590,3669,3921
22630,140191,14816,67503,9697,125375,7592,3670,3922
22635,140222,14817,67522,9698,125403,7594,3672,3922
22640,140253,14818,67534,9699,125435,7596,3674,3922
22645,140284,14819,67545,9700,125465,7598,3675,3923
22650,140315,14820,67558,9700,125494,7600,3676,3924
22655,140346,14821,67568,9701,125525,7602,3676,3926
22660,140377,14823,67584,9701,125553,7604,3676,3928
22665,140408,14825,67600,9703,125582,7606,3678,3928
22670,140439,14827,67620,9704,125612,7608,3679,3929
22675,140470,14829,67636,9705,125640,7610,3679,3931
22680,140501,14831,67648,9707,125670,7612,3679,3933
22685,140532,14833,67655,9707,125699,7614,3680,3934
22690,140563,14835,67667,9707,125727,7616,3681,3935
22695,140594,14837,67684,9708,125757,7618,3682,3936
22700,140625,14839,67694,9709,125785,7620,3683,3937
22705,140656,14842,67709,9710,125812,7622,3683,3939
22710,140687,14846,67727,9713,125841,7624,3684,3940
22715,140718,14849,67744,9715,125868,7626,3685,3941
22720,140749,14853,67759,9718,125895,7628,3685,3943
22725,140780,14857,67771,9721,125923,7630,3686,3944
22730,140811,14863,67783,9723,125946,7632,3687,3945
22735,140842,14870,67797,9728,125971,7634,3688,3946
22740,140873,14877,67816,9731,125993,7636,3689,3947
22745,140904,14887,67832,9739,126015,7637,3690,3947
22750,140935,14894,67843,9744,126040,7638,3690,3948
22755,140966,14899,67857,9748,126065,7639,3690,3949
22760,140997,14905,67871,9754,126092,7640,3691,3949
22765,141028,14907,67889,9756,126120,7641,3692,3949
22770,141059,14909,67900,9756,126149,7642,3693,3949
22775,141090,14911,67914,9758,126179,7643,3693,3950
22780,141121,14913,67931,9759,126207,7644,3693,3951
22785,141152,14915,67941,9759,126236,7645,3693,3952
22790,141183,14917,67956,9760,126266,7646,3694,3952
22795,141214,14919,67965,9760,126295,7647,3695,3952
22800,141245,14921,67984,9762,126324,7648,3696,3952
22805,141276,14923,68002,9764,126352,7649,3696,3953
22810,141307,14925,68014,9765,126381,7650,3697,3953
22815,141338,14927,68025,9766,126411,7651,3697,3954
22820,141369,14929,68038,9766,126440,7652,3698,3954
22825,141400,14933,68056,9769,126467,7653,3698,3955
22830,141431,14935,68072,9770,126496,7654,3699,3955
22835,141462,14938,68088,9771,126524,7655,3699,3956
22840,141493,14942,68106,9773,126551,7656,3700,3956
22845,141524,14944,68118,9775,126579,7658,3701,3957
22850,141555,14948,68129,9777,126605,7660,3702,3958
22855,141586,14955,68138,9781,126631,7662,3703,3959
22860,141617,14958,68155,9783,126658,7664,3705,3959
22865,141648,14961,68169,9784,126685,7666,3705,3961
22870,141679,14966,68184,9786,126713,7668,3706,3962
22875,141710,14970,68196,9789,126740,7670,3706,3964
22880,141741,14974,68219,9793,126765,7672,3708,3964
22885,141772,14978,68232,9795,126792,7674,3709,3965
22890,141803,14984,68245,9799,126819,7676,3710,3966
22895,141834,14988,68261,9802,126844,7678,3712,3966
22900,141865,14994,68271,9807,126871,7680,3712,3968
22905,141896,14997,68286,9809,126899,7682,3714,3968
22910,141927,15003,68300,9813,126923,7684,3715,3969
22915,141958,15009,68314,9818,126949,7686,3717,3969
22920,141989,15014,68329,9822,126973,7688,3717,3971
22925,142020,15021,68347,9827,126998,7690,3718,3972
22930,142051,15023,68365,9828,127028,7692,3719,3973
22935,142082,15024,68379,9829,127058,7694,3720,3974
22940,142113,15025,68397,9830,127088,7696,3722,3974
22945,142144,15026,68416,9831,127118,7698,3723,3975
22950,142175,15027,68429,9831,127148,7700,3724,3976
22955,142206,15028,68441,9832,127178,7702,3724,3978
22960,142237,15029,68455,9833,127208,7704,3725,3979
22965,142268,15031,68466,9833,127236,7706,3725,3981
22970,142299,15033,68476,9833,127265,7708,3726,3982
22975,142330,15035,68490,9835,127293,7710,3728,3982
22980,142361,15037,68505,9836,127324,7712,3729,3983
22985,142392,15038,68516,9836,127354,7713,3730,3983
22990,142423,15039,68531,9837,127383,7714,3730,3984
22995,142454,15040,68542,9838,127414,7715,3731,3984
23000,142485,15041,68556,9839,127444,7716,3731,3985
23005,142516,15042,68570,9839,127474,7717,3731,3986
23010,142547,15043,68587,9840,127504,7718,3731,3987
23015,142578,15044,68601,9841,127534,7719,3731,3988
23020,142609,15045,68615,9842,127564,7720,3731,3989
23025,142640,15046,68633,9843,127594,7721,3732,3989
23030,142671,15049,68649,9845,127622,7722,3733,3989
23035,142702,15056,68667,9852,127644,7723,3733,3990
23040,142733,15064,68688,9859,127667,7724,3734,3990
23045,142764,15069,68702,9863,127695,7725,3734,3991
23050,142795,15073,68712,9865,127721,7726,3734,3992
23055,142826,15077,68729,9867,127747,7727,3734,3993
23060,142857,15084,68743,9872,127773,7728,3735,3993
23065,142888,15089,68755,9875,127799,7729,3736,3993
23070,142919,15095,68770,9879,127823,7730,3737,3993
23075,142950,15101,68782,9883,127848,7731,3738,3993
23080,142981,15107,68799,9887,127873,7732,3739,3993
23085,143012,15112,68815,9890,127899,7734,3741,3993
23090,143043,15115,68831,9892,127926,7736,3742,3994
23095,143074,15119,68841,9894,127954,7738,3744,3994
23100,143105,15123,68856,9897,127981,7740,3745,3995
23105,143136,15125,68870,9898,128010,7742,3746,3996
23110,143167,15126,68887,9898,128040,7744,3747,3997
23115,143198,15127,68905,9899,128071,7746,3748,3998
23120,143229,15128,68920,9899,128101,7748,3749,3999
23125,143260,15129,68932,9899,128131,7750,3749,4001
23130,143291,15130,68943,9899,128161,7752,3749,4003
23135,143322,15131,68957,9899,128191,7754,3749,4005
23140,143353,15132,68972,9899,128221,7756,3749,4007
23145,143384,15133,68984,9900,128251,7758,3751,4007
23150,143415,15134,68996,9901,128281,7760,3752,4008
23155,143446,15135,69012,9901,128311,7762,3753,4009
23160,143477,15136,69026,9901,128340,7764,3755,4009
23165,143508,15137,69041,9902,128371,7766,3756,4010
23170,143539,15138,69054,9903,128401,7768,3758,4010
23175,143570,15139,69070,9904,128431,7770,3759,4011
23180,143601,15140,69077,9904,128461,7772,3759,4013
23185,143632,15141,69093,9904,128490,7774,3760,4014
23190,143663,15145,69108,9906,128517,7776,3761,4015
23195,143694,15149,69117,9907,128544,7778,3761,4017
23200,143725,15154,69129,9909,128570,7780,3761,4019
23205,143756,15157,69139,9910,128599,7782,3762,4020
23210,143787,15161,69153,9911,128624,7784,3764,4020
23215,143818,15168,69170,9916,128648,7786,3764,4022
23220,143849,15174,69184,9922,128674,7788,3765,4023
23225,143880,15178,69198,9924,128700,7790,3766,4024
23230,143911,15185,69210,9927,128725,7792,3766,4026
23235,143942,15191,69226,9929,128750,7794,3766,4028
23240,143973,15196,69243,9930,128776,7796,3768,4028
23245,144004,15201,69258,9934,128803,7798,3769,4029
23250,144035,15204,69272,9935,128831,7800,3770,4030
23255,144066,15207,69288,9937,128859,7802,3770,4032
23260,144097,15210,69302,9938,128887,7804,3771,4033
23265,144128,15213,69311,9940,128915,7806,3772,4034
23270,144159,15216,69328,9942,128942,7808,3773,4035
23275,144190,15219,69342,9943,128970,7810,3775,4035
23280,144221,15223,69355,9944,128997,7812,3777,4035
23285,144252,15226,69367,9945,129024,7814,3777,4037
23290,144283,15231,69382,9949,129051,7816,3778,4038
23295,144314,15236,69402,9954,129075,7818,3779,4039
23300,144345,15242,69413,9959,129102,7820,3779,4041
23305,144376,15247,69425,9963,129128,7822,3780,4042
23310,144407,15249,69439,9964,129157,7824,3780,4044
23315,144438,15252,69451,9965,129186,7826,3782,4044
23320,144469,15254,69461,9966,129214,7828,3782,4046
23325,144500,15256,69472,9967,129243,7830,3783,4047
23330,144531,15259,69487,9969,129271,7832,3784,4048
23335,144562,15264,69501,9973,129298,7834,3784,4050
23340,144593,15268,69517,9977,129324,7836,3784,4052
23345,144624,15273,69534,9981,129351,7838,3785,4053
23350,144655,15275,69552,9983,129380,7840,3787,4053
23355,144686,15277,69571,9984,129409,7842,3788,4054
23360,144717,15279,69583,9986,129438,7844,3789,4055
23365,144748,15281,69598,9988,129467,7846,3789,4057
23370,144779,15283,69611,9989,129496,7848,3790,4058
23375,144810,15285,69623,9990,129525,7850,3790,4060
23380,144841,15287,69641,9991,129554,7852,3791,4061
23385,144872,15289,69656,9992,129583,7854,3791,4063
23390,144903,15291,69671,9993,129610,7856,3793,4063
23395,144934,15294,69687,9996,129638,7858,3793,4065
23400,144965,15297,69701,9997,129666,7860,3793,4067
23405,144996,15301,69716,10000,129695,7861,3793,4068
23410,145027,15304,69729,10002,129721,7862,3793,4069
23415,145058,15312,69749,10008,129744,7863,3794,4069
23420,145089,15321,69767,10016,129767,7864,3794,4070
23425,145120,15327,69780,10022,129792,7865,3795,4070
23430,145151,15331,69791,10025,129819,7866,3795,4071
23435,145182,15334,69804,10027,129848,7867,3795,4072
23440,145213,15336,69820,10029,129877,7868,3796,4072
23445,145244,15338,69835,10029,129906,7869,3796,4073
23450,145275,15340,69850,10029,129935,7870,3796,4074
23455,145306,15342,69859,10031,129964,7871,3796,4075
23460,145337,15345,69882,10034,129991,7872,3796,4076
23465,145368,15350,69895,10037,130018,7872,3796,4076
23470,145399,15354,69909,10040,130045,7872,3796,4076
23475,145430,15359,69926,10043,130071,7872,3796,4076
23480,145461,15363,69940,10045,130098,7872,3796,4076
23485,145492,15367,69950,10047,130124,7872,3796,4076
23490,145523,15372,69964,10050,130150,7872,3796,4076
23495,145554,15379,69985,10057,130174,7872,3796,4076
23500,145585,15382,70002,10059,130202,7872,3796,4076
23505,145616,15387,70020,10062,130228,7873,3796,4077
23510,145647,15391,70040,10066,130255,7874,3797,4077
23515,145678,15393,70057,10066,130283,7875,3797,4078
23520,145709,15395,70071,10068,130314,7876,3797,4079
23525,145740,15396,70082,10068,130343,7877,3797,4080
23530,145771,15397,70098,10068,130374,7878,3797,4081
23535,145802,15398,70117,10069,130403,7879,3798,4081
23540,145833,15400,70132,10070,130431,7880,3798,4082
23545,145864,15403,70149,10073,130461,7881,3798,4083
23550,145895,15405,70161,10074,130490,7882,3799,4083
23555,145926,15407,70172,10076,130519,7883,3800,4083
23560,145957,15409,70189,10076,130547,7884,3801,4083
23565,145988,15413,70205,10079,130574,7886,3803,4083
23570,146019,15416,70217,10081,130602,7888,3804,4084
23575,146050,15420,70226,10083,130630,7890,3805,4085
23580,146081,15424,70246,10087,130655,7892,3806,4086
23585,146112,15428,70259,10090,130683,7894,3808,4086
23590,146143,15432,70275,10093,130711,7896,3808,4088
23595,146174,15434,70285,10094,130739,7898,3809,4089
23600,146205,15440,70300,10099,130765,7900,3810,4090
23605,146236,15443,70314,10101,130793,7902,3810,4092
23610,146267,15445,70326,10103,130822,7904,3811,4093
23615,146298,15447,70341,10105,130851,7906,3812,4094
23620,146329,15451,70361,10109,130878,7908,3813,4095
23625,146360,15455,70373,10112,130905,7910,3813,4097
23630,146391,15462,70389,10119,130929,7912,3813,4099
23635,146422,15468,70404,10123,130954,7914,3814,4100
23640,146453,15472,70420,10126,130980,7916,3814,4102
23645,146484,15474,70431,10127,131010,7918,3814,4104
23650,146515,15476,70453,10129,131039,7920,3816,4104
23655,146546,15479,70468,10131,131067,7922,3817,4105
23660,146577,15482,70486,10133,131095,7924,3819,4105
23665,146608,15484,70502,10134,131123,7926,3821,4105
23670,146639,15488,70517,10137,131150,7928,3821,4107
23675,146670,15492,70535,10141,131177,7930,3823,4107
23680,146701,15497,70551,10145,131204,7932,3824,4108
23685,146732,15500,70568,10148,131230,7934,3825,4109
23690,146763,15504,70586,10151,131258,7936,3827,4109
23695,146794,15505,70596,10151,131289,7938,3828,4110
23700,146825,15506,70605,10152,131319,7940,3829,4111
23705,146856,15506,70620,10152,131348,7942,3830,4112
23710,146887,15509,70636,10154,131376,7944,3831,4113
23715,146918,15511,70653,10155,131407,7946,3833,4113
23720,146949,15512,70670,10156,131434,7948,3833,4115
23725,146980,15516,70688,10160,131463,7950,3834,4116
23730,147011,15518,70701,10162,131492,7952,3836,4116
23735,147042,15521,70720,10165,131518,7954,3838,4116
23740,147073,15525,70732,10168,131548,7956,3839,4117
23745,147104,15527,70749,10170,131575,7958,3840,4118
23750,147135,15530,70771,10173,131605,7960,3842,4118
23755,147166,15531,70787,10174,131635,7962,3844,4118
23760,147197,15532,70800,10174,131665,7964,3846,4118
23765,147228,15533,70813,10174,131695,7966,3847,4119
23770,147259,15535,70824,10175,131724,7968,3847,4121
23775,147290,15536,70838,10175,131754,7970,3849,4121
23780,147321,15538,70854,10177,131783,7972,3849,4123
23785,147352,15540,70870,10178,131812,7974,3850,4124
23790,147383,15543,70885,10181,131840,7976,3851,4125
23795,147414,15545,70901,10182,131869,7978,3853,4125
23800,147445,15549,70919,10185,131896,7980,3854,4126
23805,147476,15553,70930,10187,131923,7982,3856,4126
23810,147507,15559,70944,10192,131946,7984,3857,4127
23815,147538,15564,70961,10195,131973,7986,3859,4127
23820,147569,15567,70977,10197,132001,7988,3859,4129
23825,147600,15569,70991,10197,132030,7990,3860,4130
23830,147631,15571,71006,10199,132059,7992,3861,4131
23835,147662,15573,71017,10199,132088,7994,3861,4133
23840,147693,15575,71035,10201,132117,7996,3861,4135
23845,147724,15577,71053,10202,132147,7998,3862,4136
23850,147755,15579,71063,10202,132176,8000,3863,4137
23855,147786,15582,71079,10205,132203,8002,3864,4138
23860,147817,15585,71092,10206,132232,8004,3865,4139
23865,147848,15588,71110,10207,132259,8006,3867,4139
23870,147879,15593,71125,10211,132284,8008,3868,4140
23875,147910,15599,71138,10214,132310,8010,3870,4140
23880,147941,15604,71147,10217,132337,8012,3871,4141
23885,147972,15607,71161,10219,132363,8014,3872,4142
23890,148003,15612,71178,10222,132390,8016,3873,4143
23895,148034,15616,71194,10224,132417,8018,3874,4144
23900,148065,15619,71205,10224,132446,8020,3875,4145
23905,148096,15623,71221,10226,132473,8022,3876,4146
23910,148127,15625,71233,10226,132502,8024,3878,4146
23915,148158,15627,71246,10227,132531,8026,3879,4147
23920,148189,15634,71265,10231,132555,8028,3881,4147
23925,148220,15638,71282,10234,132581,8030,3882,4148
23930,148251,15643,71295,10238,132607,8032,3884,4148
23935,148282,15647,71314,10240,132633,8034,3886,4148
23940,148313,15653,71323,10244,132659,8036,3887,4149
23945,148344,15658,71343,10249,132685,8037,3888,4149
23950,148375,15661,71360,10251,132714,8038,3889,4149
23955,148406,15663,71378,10253,132743,8039,3890,4149
23960,148437,15665,71392,10255,132772,8040,3891,4149
23965,148468,15668,71403,10257,132800,8041,3891,4150
23970,148499,15670,71420,10257,132828,8042,3891,4151
23975,148530,15672,71435,10259,132856,8043,3891,4152
23980,148561,15676,71449,10262,132885,8044,3892,4152
23985,148592,15678,71469,10264,132913,8045,3893,4152
23990,148623,15681,71485,10266,132941,8046,3894,4152
23995,148654,15684,71504,10268,132970,8047,3895,4152
24000,148685,15686,71521,10269,132997,8048,3895,4153
24005,148716,15690,71534,10273,133025,8048,3895,4153
24010,148747,15692,71547,10274,133054,8048,3895,4153
24015,148778,15696,71560,10276,133080,8048,3895,4153
24020,148809,15701,71572,10279,133107,8048,3895,4153
24025,148840,15707,71589,10284,133131,8048,3895,4153
24030,148871,15709,71604,10285,133162,8048,3895,4153
24035,148902,15712,71619,10286,133190,8048,3895,4153
24040,148933,15715,71634,10288,133217,8048,3895,4153
24045,148964,15718,71653,10290,133244,8049,3896,4153
24050,148995,15722,71665,10293,133272,8050,3896,4154
24055,149026,15727,71680,10295,133298,8051,3896,4155
24060,149057,15732,71690,10298,133325,8052,3896,4156
24065,149088,15736,71706,10302,133351,8053,3897,4156
24070,149119,15741,71721,10305,133377,8054,3897,4157
24075,149150,15746,71739,10310,133403,8055,3898,4157
24080,149181,15749,71755,10312,133431,8056,3899,4157
24085,149212,15752,71770,10314,133459,8057,3899,4158
24090,149243,15755,71787,10316,133488,8058,3899,4159
24095,149274,15757,71799,10317,133516,8059,3899,4160
24100,149305,15760,71808,10320,133545,8060,3900,4160
24105,149336,15762,71818,10321,133573,8062,3900,4162
24110,149367,15767,71832,10325,133599,8064,3902,4162
24115,149398,15772,71849,10329,133625,8066,3903,4163
24120,149429,15776,71864,10331,133652,8068,3905,4163
24125,149460,15777,71877,10331,133682,8070,3905,4165
24130,149491,15778,71891,10332,133712,8072,3905,4167
24135,149522,15780,71906,10334,133742,8074,3906,4168
24140,149553,15782,71917,10334,133771,8076,3907,4169
24145,149584,15784,71933,10335,133800,8078,3908,4170
24150,149615,15786,71945,10336,133829,8080,3909,4171
24155,149646,15788,71960,10338,133858,8082,3910,4172
24160,149677,15790,71971,10340,133887,8084,3910,4174
24165,149708,15793,71980,10342,133914,8086,3910,4176
24170,149739,15796,71992,10344,133943,8088,3911,4177
24175,149770,15798,72007,10345,133971,8090,3911,4179
24180,149801,15800,72023,10346,133999,8092,3912,4180
24185,149832,15804,72040,10350,134027,8094,3913,4181
24190,149863,15807,72054,10350,134056,8096,3914,4182
24195,149894,15810,72069,10350,134083,8098,3916,4182
24200,149925,15814,72083,10353,134111,8100,3917,4183
24205,149956,15818,72101,10355,134138,8102,3917,4185
24210,149987,15821,72115,10357,134166,8104,3918,4186
24215,150018,15824,72127,10358,134194,8106,3919,4187
24220,150049,15828,72143,10361,134220,8108,3919,4189
24225,150080,15835,72156,10367,134245,8110,3920,4190
24230,150111,15841,72172,10373,134268,8112,3921,4191
24235,150142,15853,72193,10385,134287,8114,3922,4192
24240,150173,15864,72208,10395,134307,8116,3922,4194
24245,150204,15870,72226,10399,134332,8118,3923,4195
24250,150235,15876,72236,10402,134358,8120,3924,4196
24255,150266,15882,72248,10406,134384,8122,3924,4198
24260,150297,15886,72260,10409,134410,8124,3925,4199
24265,150328,15888,72280,10410,134440,8126,3927,4199
24270,150359,15889,72292,10410,134470,8128,3928,4200
24275,150390,15890,72312,10410,134500,8130,3930,4200
24280,150421,15891,72327,10410,134530,8132,3932,4200
24285,150452,15892,72345,10410,134559,8134,3933,4201
24290,150483,15893,72358,10411,134590,8136,3934,4202
24295,150514,15894,72374,10412,134620,8138,3935,4203
24300,150545,15895,72390,10412,134649,8140,3936,4204
24305,150576,15896,72403,10412,134680,8142,3937,4205
24310,150607,15897,72412,10412,134710,8144,3938,4206
24315,150638,15898,72428,10412,134740,8146,3939,4207
24320,150669,15899,72439,10413,134770,8148,3939,4209
24325,150700,15900,72449,10413,134800,8150,3939,4211
24330,150731,15901,72459,10413,134830,8152,3940,4212
24335,150762,15902,72469,10413,134860,8154,3941,4213
24340,150793,15903,72483,10414,134890,8156,3942,4214
24345,150824,15904,72499,10414,134920,8158,3943,4215
24350,150855,15906,72511,10416,134949,8160,3944,4216
24355,150886,15910,72528,10420,134976,8162,3945,4217
24360,150917,15915,72542,10424,135002,8164,3945,4219
24365,150948,15919,72559,10426,135029,8166,3946,4220
24370,150979,15924,72575,10428,135053,8168,3948,4220
24375,151010,15930,72595,10434,135078,8170,3948,4222
24380,151041,15936,72606,10437,135104,8172,3949,4223
24385,151072,15941,72621,10439,135129,8174,3949,4225
24390,151103,15948,72631,10445,135155,8176,3950,4226
24395,151134,15952,72643,10449,135182,8178,3950,4228
24400,151165,15958,72661,10454,135206,8180,3951,4229
24405,151196,15965,72680,10459,135230,8182,3953,4229
24410,151227,15970,72694,10462,135254,8184,3954,4230
24415,151258,15979,72712,10470,135277,8186,3954,4232
24420,151289,15986,72724,10474,135302,8188,3955,4233
24425,151320,15991,72742,10478,135328,8189,3955,4234
24430,151351,15995,72756,10481,135355,8190,3955,4235
24435,151382,15999,72772,10483,135381,8191,3956,4235
24440,151413,16003,72787,10487,135410,8192,3957,4235
24445,151444,16005,72802,10489,135439,8193,3957,4236
24450,151475,16008,72815,10491,135466,8194,3958,4236
24455,151506,16010,72831,10492,135496,8195,3958,4237
24460,151537,16013,72843,10493,135524,8196,3959,4237
24465,151568,16014,72855,10493,135553,8197,3960,4237
24470,151599,16015,72867,10494,135584,8198,3961,4237
24475,151630,16016,72882,10494,135614,8199,3962,4237
24480,151661,16017,72898,10494,135644,8200,3963,4237
24485,151692,16017,72913,10494,135675,8201,3963,4238
24490,151723,16017,72931,10494,135706,8202,3964,4238
24495,151754,16017,72952,10494,135736,8203,3965,4238
24500,151785,16017,72971,10494,135767,8204,3966,4238
24505,151816,16017,72983,10494,135799,8205,3966,4239
24510,151847,16017,73000,10494,135830,8206,3966,4240
24515,151878,16017,73018,10494,135861,8207,3967,4240
24520,151909,16017,73030,10494,135892,8208,3967,4241
24525,151940,16017,73049,10494,135922,8210,3968,4242
24530,151971,16018,73064,10495,135952,8212,3969,4243
24535,152002,16019,73085,10495,135981,8214,3970,4244
24540,152033,16020,73102,10495,136011,8216,3971,4245
24545,152064,16024,73120,10499,136038,8218,3972,4246
24550,152095,16027,73134,10501,136067,8220,3973,4247
24555,152126,16031,73146,10504,136094,8222,3973,4249
24560,152157,16033,73161,10505,136123,8224,3974,4250
24565,152188,16036,73171,10507,136151,8226,3974,4252
24570,152219,16042,73188,10512,136176,8228,3976,4252
24575,152250,16050,73202,10518,136199,8230,3976,4254
24580,152281,16057,73218,10524,136223,8232,3976,4256
24585,152312,16066,73227,10529,136243,8234,3977,4257
24590,152343,16076,73248,10539,136264,8236,3979,4257
24595,152374,16081,73262,10541,136291,8238,3981,4257
24600,152405,16086,73274,10545,136318,8240,3981,4259
24605,152436,16089,73289,10548,136347,8241,3981,4260
24610,152467,16091,73301,10549,136376,8242,3981,4261
24615,152498,16093,73316,10551,136405,8243,3982,4261
24620,152529,16095,73332,10552,136434,8244,3983,4261
24625,152560,16097,73350,10554,136463,8245,3983,4262
24630,152591,16099,73368,10554,136492,8246,3983,4263
24635,152622,16101,73384,10556,136521,8247,3983,4264
24640,152653,16103,73401,10557,136550,8248,3983,4265
24645,152684,16106,73416,10558,136578,8249,3984,4265
24650,152715,16108,73432,10559,136607,8250,3984,4266
24655,152746,16110,73448,10561,136636,8251,3984,4267
24660,152777,16113,73462,10563,136664,8252,3984,4268
24665,152808,16115,73473,10563,136693,8253,3984,4269
24670,152839,16117,73490,10563,136722,8254,3984,4270
24675,152870,16120,73506,10565,136750,8255,3985,4270
24680,152901,16123,73521,10566,136778,8256,3985,4271
24685,152932,16125,73537,10568,136807,8257,3986,4271
24690,152963,16128,73552,10570,136835,8258,3987,4271
24695,152994,16129,73561,10570,136865,8259,3988,4271
24700,153025,16131,73573,10571,136893,8260,3988,4272
24705,153056,16135,73588,10575,136921,8262,3988,4274
24710,153087,16142,73604,10582,136944,8264,3989,4275
24715,153118,16148,73621,10587,136968,8266,3991,4275
24720,153149,16153,73631,10590,136995,8268,3992,4276
24725,153180,16157,73650,10594,137020,8270,3993,4277
24730,153211,16162,73663,10599,137049,8272,3993,4279
24735,153242,16166,73679,10601,137072,8274,3994,4280
24740,153273,16170,73693,10605,137100,8276,3994,4282
24745,153304,16173,73705,10607,137129,8278,3994,4284
24750,153335,16177,73717,10609,137157,8280,3995,4285
24755,153366,16180,73730,10611,137183,8282,3995,4287
24760,153397,16184,73742,10613,137211,8284,3996,4288
24765,153428,16186,73758,10614,137242,8286,3998,4288
24770,153459,16187,73770,10615,137272,8288,3999,4289
24775,153490,16188,73784,10615,137302,8290,4000,4290
24780,153521,16189,73796,10616,137332,8292,4000,4292
24785,153552,16190,73812,10617,137362,8294,4001,4293
24790,153583,16191,73826,10617,137392,8296,4001,4295
24795,153614,16193,73844,10618,137421,8298,4002,4296
24800,153645,16195,73858,10620,137450,8300,4002,4298
24805,153676,16197,73872,10621,137479,8302,4002,4300
24810,153707,16200,73883,10622,137507,8304,4003,4301
24815,153738,16202,73902,10624,137536,8306,4005,4301
24820,153769,16205,73919,10625,137564,8308,4007,4301
24825,153800,16208,73928,10626,137592,8310,4007,4303
24830,153831,16211,73945,10628,137619,8312,4009,4303
24835,153862,16215,73958,10630,137646,8314,4011,4303
24840,153893,16221,73972,10634,137672,8316,4013,4303
24845,153924,16224,73989,10636,137700,8318,4014,4304
24850,153955,16228,73997,10638,137727,8320,4015,4305
24855,153986,16231,74010,10639,137755,8322,4015,4307
24860,154017,16235,74024,10642,137781,8324,4016,4308
24865,154048,16240,74039,10646,137807,8326,4018,4308
24870,154079,16249,74056,10654,137828,8328,4018,4310
24875,154110,16256,74066,10659,137854,8330,4018,4312
24880,154141,16260,74079,10662,137881,8332,4019,4313
24885,154172,16264,74097,10666,137908,8334,4019,4315
24890,154203,16267,74107,10668,137935,8336,4019,4317
24895,154234,16270,74120,10669,137964,8338,4021,4317
24900,154265,16274,74136,10673,137990,8340,4023,4317
24905,154296,16277,74153,10675,138019,8342,4024,4318
24910,154327,16281,74171,10679,138045,8344,4025,4319
24915,154358,16287,74188,10685,138070,8346,4026,4320
24920,154389,16292,74202,10688,138096,8348,4027,4321
24925,154420,16297,74213,10692,138123,8350,4028,4322
24930,154451,16301,74229,10695,138149,8352,4028,4324
24935,154482,16305,74241,10698,138176,8354,4029,4325
24940,154513,16309,74260,10700,138203,8356,4031,4325
24945,154544,16311,74270,10701,138233,8358,4032,4326
24950,154575,16312,74282,10702,138263,8360,4034,4326
24955,154606,16313,74299,10703,138293,8362,4034,4328
24960,154637,16314,74315,10703,138323,8364,4035,4329
24965,154668,16315,74330,10704,138352,8365,4035,4330
24970,154699,16316,74348,10704,138383,8366,4035,4331
24975,154730,16317,74364,10705,138413,8367,4036,4331
24980,154761,16319,74372,10705,138442,8368,4036,4332
24985,154792,16321,74385,10706,138471,8369,4036,4333
24990,154823,16323,74398,10708,138500,8370,4037,4333
24995,154854,16325,74414,10709,138528,8371,4038,4333
25000,154885,16329,74429,10711,138556,8372,4038,4334
25005,154916,16332,74444,10712,138584,8373,4039,4334
25010,154947,16336,74455,10715,138609,8374,4039,4335
25015,154978,16342,74473,10721,138636,8375,4039,4336
25020,155009,16345,74482,10723,138664,8376,4040,4336
25025,155040,16348,74495,10725,138692,8377,4041,4336
25030,155071,16351,74510,10727,138719,8378,4041,4337
25035,155102,16352,74522,10728,138750,8379,4041,4338
25040,155133,16354,74538,10729,138778,8380,4042,4338
25045,155164,16358,74553,10731,138805,8381,4043,4338
25050,155195,16362,74566,10734,138833,8382,4044,4338
25055,155226,16366,74585,10735,138859,8383,4045,4338
25060,155257,16371,74597,10739,138886,8384,4045,4339
25065,155288,16376,74610,10742,138912,8386,4046,4340
25070,155319,16381,74628,10746,138938,8388,4047,4341
25075,155350,16386,74640,10751,138964,8390,4048,4342
25080,155381,16391,74659,10756,138990,8392,4050,4342
25085,155412,16393,74673,10756,139019,8394,4052,4342
25090,155443,16395,74691,10758,139046,8396,4053,4343
25095,155474,16398,74713,10759,139076,8398,4055,4343
25100,155505,16401,74724,10761,139104,8400,4056,4344
25105,155536,16403,74737,10762,139133,8402,4057,4345
25110,155567,16405,74755,10763,139162,8404,4057,4347
25115,155598,16408,74773,10765,139189,8406,4059,4347
25120,155629,16411,74787,10768,139217,8408,4059,4349
25125,155660,16413,74801,10770,139247,8410,4059,4351
25130,155691,16416,74814,10771,139275,8412,4060,4352
25135,155722,16421,74828,10775,139299,8414,4061,4353
25140,155753,16427,74840,10779,139325,8416,4063,4353
25145,155784,16433,74854,10783,139351,8418,4063,4355
25150,155815,16438,74869,10787,139376,8420,4065,4355
25155,155846,16441,74885,10788,139404,8422,4065,4357
25160,155877,16445,74905,10792,139431,8424,4066,4358
25165,155908,16449,74918,10795,139459,8426,4066,4360
25170,155939,16452,74934,10796,139486,8428,4067,4361
25175,155970,16455,74953,10797,139514,8430,4068,4362
25180,156001,16460,74969,10802,139541,8432,4068,4364
25185,156032,16461,74988,10802,139571,8434,4069,4365
25190,156063,16464,75003,10804,139599,8436,4069,4367
25195,156094,16467,75021,10806,139627,8438,4071,4367
25200,156125,16470,75037,10807,139654,8440,4073,4367
25205,156156,16471,75049,10808,139685,8441,4073,4368
25210,156187,16472,75063,10808,139715,8442,4074,4368
25215,156218,16474,75080,10809,139744,8443,4074,4369
25220,156249,16475,75093,10809,139774,8444,4074,4370
25225,156280,16477,75106,10811,139803,8445,4074,4371
25230,156311,16479,75121,10813,139832,8446,4075,4371
25235,156342,16481,75138,10814,139861,8447,4076,4371
25240,156373,16482,75150,10815,139891,8448,4076,4372
25245,156404,16484,75165,10817,139920,8449,4076,4373
25250,156435,16486,75178,10819,139948,8450,4076,4374
25255,156466,16491,75192,10823,139974,8451,4076,4375
25260,156497,16493,75207,10825,140004,8452,4077,4375
25265,156528,16494,75218,10826,140031,8453,4077,4376
25270,156559,16495,75235,10826,140063,8454,4077,4377
25275,156590,16496,75251,10827,140093,8455,4078,4377
25280,156621,16498,75269,10828,140121,8456,4079,4377
25285,156652,16499,75279,10829,140151,8457,4079,4378
25290,156683,16502,75298,10831,140179,8458,4080,4378
25295,156714,16506,75315,10834,140207,8459,4081,4378
25300,156745,16510,75333,10837,140233,8460,4082,4378
25305,156776,16515,75352,10841,140259,8462,4084,4378
25310,156807,16520,75368,10844,140285,8464,4084,4380
25315,156838,16527,75390,10851,140309,8466,4085,4381
25320,156869,16532,75410,10856,140336,8468,4086,4382
25325,156900,16535,75428,10859,140364,8470,4087,4383
25330,156931,16539,75437,10861,140392,8472,4088,4384
25335,156962,16541,75448,10862,140421,8474,4088,4386
25340,156993,16543,75462,10863,140449,8476,4088,4388
25345,157024,16546,75476,10864,140477,8478,4089,4389
25350,157055,16550,75494,10867,140505,8480,4090,4390
25355,157086,16552,75509,10868,140533,8482,4092,4390
25360,157117,16556,75526,10870,140560,8484,4092,4392
25365,157148,16560,75538,10872,140587,8486,4094,4392
25370,157179,16563,75554,10874,140616,8488,4094,4394
25375,157210,16565,75568,10874,140645,8490,4096,4394
25380,157241,16567,75589,10876,140673,8492,4098,4394
25385,157272,16569,75606,10878,140703,8494,4099,4395
25390,157303,16571,75621,10879,140732,8496,4099,4397
25395,157334,16573,75632,10880,140761,8498,4099,4399
25400,157365,16576,75643,10881,140789,8500,4100,4400
25405,157396,16579,75658,10882,140817,8502,4100,4402
25410,157427,16583,75676,10885,140844,8504,4100,4404
25415,157458,16586,75695,10888,140872,8506,4102,4404
25420,157489,16589,75712,10890,140900,8508,4103,4405
25425,157520,16593,75729,10893,140926,8510,4104,4406
25430,157551,16597,75745,10896,140953,8512,4106,4406
25435,157582,16603,75759,10900,140977,8514,4108,4406
25440,157613,16606,75770,10902,141006,8516,4108,4408
25445,157644,16608,75782,10902,141035,8518,4109,4409
25450,157675,16611,75796,10905,141064,8520,4109,4411
25455,157706,16613,75810,10906,141093,8522,4111,4411
25460,157737,16615,75825,10906,141121,8524,4113,4411
25465,157768,16618,75845,10909,141150,8526,4115,4411
25470,157799,16621,75861,10912,141177,8528,4116,4412
25475,157830,16626,75874,10916,141203,8530,4117,4413
25480,157861,16630,75884,10919,141230,8532,4118,4414
25485,157892,16635,75898,10923,141254,8534,4118,4416
25490,157923,16641,75910,10927,141280,8536,4119,4417
25495,157954,16645,75929,10929,141305,8538,4120,4418
25500,157985,16651,75938,10932,141333,8540,4122,4418
25505,158016,16655,75954,10935,141360,8541,4123,4418
25510,158047,16658,75965,10935,141388,8542,4123,4419
25515,158078,16662,75979,10938,141414,8543,4124,4419
25520,158109,16668,75995,10942,141441,8544,4124,4420
25525,158140,16672,76016,10945,141466,8545,4125,4420
25530,158171,16678,76030,10949,141492,8546,4125,4421
25535,158202,16683,76043,10952,141519,8547,4125,4422
25540,158233,16686,76054,10954,141547,8548,4125,4423
25545,158264,16688,76070,10955,141576,8549,4125,4424
25550,158295,16690,76082,10955,141605,8550,4126,4424
25555,158326,16692,76094,10956,141634,8551,4127,4424
25560,158357,16694,76106,10957,141662,8552,4127,4425
25565,158388,16696,76121,10958,141692,8553,4128,4425
25570,158419,16698,76137,10959,141721,8554,4128,4426
25575,158450,16700,76155,10961,141750,8555,4128,4427
25580,158481,16702,76170,10961,141779,8556,4129,4427
25585,158512,16704,76183,10962,141808,8557,4130,4427
25590,158543,16706,76199,10964,141837,8558,4130,4428
25595,158574,16708,76214,10964,141866,8559,4130,4429
25600,158605,16710,76226,10965,141895,8560,4130,4430
25605,158636,16712,76238,10966,141924,8562,4132,4430
25610,158667,16714,76251,10967,141953,8564,4133,4431
25615,158698,16716,76266,10968,141982,8566,4135,4431
25620,158729,16718,76281,10968,142010,8568,4137,4431
25625,158760,16721,76293,10969,142039,8570,4138,4432
25630,158791,16725,76308,10972,142065,8572,4139,4433
25635,158822,16727,76321,10974,142093,8574,4140,4434
25640,158853,16731,76337,10976,142119,8576,4141,4435
25645,158884,16739,76353,10982,142142,8578,4142,4436
25650,158915,16746,76368,10987,142168,8580,4142,4438
25655,158946,16751,76381,10991,142194,8582,4144,4438
25660,158977,16755,76398,10994,142221,8584,4145,4439
25665,159008,16758,76411,10994,142248,8586,4146,4440
25670,159039,16764,76430,10997,142271,8588,4147,4441
25675,159070,16771,76453,11003,142298,8590,4149,4441
25680,159101,16775,76465,11004,142324,8592,4149,4443
25685,159132,16781,76478,11007,142350,8594,4150,4444
25690,159163,16786,76497,11011,142377,8596,4152,4444
25695,159194,16789,76513,11013,142404,8598,4153,4445
25700,159225,16793,76525,11016,142431,8600,4153,4447
25705,159256,16799,76544,11021,142456,8602,4154,4448
25710,159287,16803,76561,11024,142483,8604,4155,4449
25715,159318,16807,76579,11027,142511,8606,4157,4449
25720,159349,16808,76594,11027,142541,8608,4159,4449
25725,159380,16809,76607,11027,142571,8610,4161,4449
25730,159411,16810,76622,11028,142601,8612,4163,4449
25735,159442,16811,76639,11029,142631,8614,4164,4450
25740,159473,16812,76653,11029,142661,8616,4165,4451
25745,159504,16813,76669,11029,142691,8618,4167,4451
25750,159535,16814,76685,11030,142721,8620,4167,4453
25755,159566,16815,76696,11031,142751,8622,4167,4455
25760,159597,16816,76713,11031,142781,8624,4168,4456
25765,159628,16818,76727,11032,142810,8626,4169,4457
25770,159659,16820,76740,11034,142839,8628,4169,4459
25775,159690,16822,76754,11035,142868,8630,4171,4459
25780,159721,16824,76768,11037,142897,8632,4172,4460
25785,159752,16826,76781,11038,142926,8634,4172,4462
25790,159783,16828,76794,11038,142954,8636,4173,4463
25795,159814,16830,76810,11039,142983,8638,4174,4464
25800,159845,16833,76828,11040,143012,8640,4176,4464
25805,159876,16837,76838,11041,143039,8641,4176,4465
25810,159907,16841,76851,11042,143066,8642,4177,4465
25815,159938,16845,76865,11043,143091,8643,4178,4465
25820,159969,16851,76881,11046,143117,8644,4179,4465
25825,160000,16855,76893,11047,143143,8645,4179,4466
25830,160031,16862,76911,11054,143166,8646,4180,4466
25835,160062,16870,76925,11060,143190,8647,4180,4467
25840,160093,16879,76942,11066,143212,8648,4181,4467
25845,160124,16884,76959,11070,143237,8649,4182,4467
25850,160155,16891,76975,11075,143262,8650,4183,4467
25855,160186,16897,76990,11079,143289,8651,4184,4467
25860,160217,16899,77005,11079,143318,8652,4184,4468
25865,160248,16901,77016,11081,143347,8653,4184,4469
25870,160279,16903,77031,11082,143376,8654,4185,4469
25875,160310,16905,77048,11082,143405,8655,4186,4469
25880,160341,16908,77058,11084,143433,8656,4187,4469
25885,160372,16911,77074,11085,143461,8657,4187,4470
25890,160403,16914,77088,11086,143489,8658,4188,4470
25895,160434,16916,77100,11086,143518,8659,4188,4471
25900,160465,16920,77115,11088,143544,8660,4188,4472
25905,160496,16925,77134,11093,143569,8662,4189,4473
25910,160527,16931,77153,11099,143596,8664,4191,4473
25915,160558,16932,77170,11100,143626,8666,4193,4473
25920,160589,16933,77179,11101,143656,8668,4193,4475
25925,160620,16933,77193,11101,143687,8670,4194,4476
25930,160651,16933,77213,11101,143718,8672,4195,4477
25935,160682,16933,77226,11101,143749,8674,4196,4478
25940,160713,16933,77244,11101,143780,8676,4197,4479
25945,160744,16935,77259,11102,143809,8678,4197,4481
25950,160775,16936,77273,11103,143839,8680,4197,4483
25955,160806,16938,77289,11105,143868,8682,4198,4484
25960,160837,16940,77305,11106,143897,8684,4199,4485
25965,160868,16942,77318,11106,143926,8686,4200,4486
25970,160899,16944,77333,11107,143955,8688,4200,4488
25975,160930,16946,77345,11107,143984,8690,4201,4489
25980,160961,16948,77360,11108,144013,8692,4202,4490
25985,160992,16950,77374,11110,144042,8693,4203,4490
25990,161023,16952,77388,11112,144069,8694,4203,4491
25995,161054,16955,77405,11114,144098,8695,4203,4492
26000,161085,16958,77420,11115,144125,8696,4203,4493
26005,161116,16962,77430,11117,144153,8697,4204,4493
26010,161147,16965,77443,11118,144181,8698,4204,4494
26015,161178,16969,77456,11121,144209,8699,4204,4495
26020,161209,16974,77476,11126,144235,8700,4204,4496
26025,161240,16980,77489,11130,144259,8701,4204,4497
26030,161271,16988,77506,11137,144283,8702,4204,4498
26035,161302,16991,77521,11139,144311,8703,4205,4498
26040,161333,16995,77539,11142,144337,8704,4205,4499
26045,161364,16999,77559,11144,144364,8705,4206,4499
26050,161395,17003,77568,11146,144392,8706,4206,4500
26055,161426,17006,77582,11146,144419,8707,4206,4501
26060,161457,17014,77598,11152,144443,8708,4207,4501
26065,161488,17020,77612,11156,144468,8709,4208,4501
26070,161519,17026,77628,11161,144493,8710,4208,4502
26075,161550,17030,77641,11164,144520,8711,4208,4503
26080,161581,17035,77654,11168,144546,8712,4208,4504
26085,161612,17037,77665,11168,144572,8714,4209,4505
26090,161643,17042,77677,11172,144601,8716,4209,4507
26095,161674,17046,77692,11175,144627,8718,4211,4507
26100,161705,17047,77705,11175,144657,8720,4212,4508
26105,161736,17048,77722,11176,144687,8722,4212,4510
26110,161767,17049,77735,11176,144717,8724,4214,4510
26115,161798,17050,77752,11177,144748,8726,4215,4511
26120,161829,17051,77764,11177,144777,8728,4216,4512
26125,161860,17052,77779,11178,144808,8730,4217,4513
26130,161891,17053,77793,11179,144837,8732,4217,4515
26135,161922,17054,77808,11179,144867,8734,4217,4517
26140,161953,17057,77823,11181,144896,8736,4219,4517
26145,161984,17059,77840,11182,144924,8738,4220,4518
26150,162015,17062,77858,11185,144952,8740,4220,4520
26155,162046,17066,77871,11188,144980,8742,4222,4520
26160,162077,17068,77890,11190,145006,8744,4223,4521
26165,162108,17074,77910,11195,145032,8746,4224,4522
26170,162139,17079,77929,11199,145060,8748,4225,4523
26175,162170,17082,77945,11201,145088,8750,4225,4525
26180,162201,17085,77958,11204,145116,8752,4225,4527
26185,162232,17089,77976,11208,145143,8754,4226,4528
26190,162263,17094,77994,11212,145169,8756,4226,4530
26195,162294,17097,78010,11214,145197,8758,4228,4530
26200,162325,17099,78028,11215,145226,8760,4229,4531
26205,162356,17103,78039,11218,145253,8762,4229,4533
26210,162387,17106,78053,11218,145281,8764,4229,4535
26215,162418,17109,78067,11220,145309,8766,4229,4537
26220,162449,17113,78079,11223,145336,8768,4229,4539
26225,162480,17118,78097,11228,145362,8770,4229,4541
26230,162511,17123,78114,11231,145387,8772,4231,4541
26235,162542,17127,78126,11234,145414,8774,4232,4542
26240,162573,17131,78140,11236,145441,8776,4234,4542
26245,162604,17137,78155,11241,145466,8778,4235,4543
26250,162635,17143,78177,11246,145491,8780,4237,4543
26255,162666,17148,78197,11251,145517,8782,4239,4543
26260,162697,17151,78209,11254,145545,8784,4239,4545
26265,162728,17155,78223,11257,145572,8786,4241,4545
26270,162759,17159,78244,11261,145600,8788,4242,4546
26275,162790,17160,78258,11262,145629,8790,4243,4547
26280,162821,17161,78275,11263,145660,8792,4243,4549
26285,162852,17162,78289,11263,145690,8794,4244,4550
26290,162883,17163,78300,11263,145719,8796,4244,4552
26295,162914,17164,78320,11264,145750,8798,4244,4554
26300,162945,17167,78333,11266,145777,8800,4245,4555
26305,162976,17171,78345,11269,145805,8802,4245,4557
26310,163007,17174,78361,11271,145833,8804,4247,4557
26315,163038,17176,78378,11273,145860,8806,4248,4558
26320,163069,17180,78393,11276,145888,8808,4250,4558
26325,163100,17184,78406,11279,145916,8810,4250,4560
26330,163131,17188,78427,11282,145942,8812,4251,4561
26335,163162,17191,78442,11284,145969,8814,4251,4563
26340,163193,17194,78453,11286,145999,8816,4252,4564
26345,163224,17197,78469,11288,146026,8818,4253,4565
26350,163255,17198,78483,11289,146056,8820,4254,4566
26355,163286,17199,78501,11290,146087,8822,4254,4568
26360,163317,17203,78514,11292,146113,8824,4255,4569
26365,163348,17207,78531,11295,146141,8826,4255,4571
26370,163379,17210,78540,11296,146168,8828,4255,4573
26375,163410,17213,78557,11298,146196,8830,4256,4574
26380,163441,17216,78571,11300,146223,8832,4256,4576
26385,163472,17219,78590,11303,146252,8834,4258,4576
26390,163503,17223,78602,11306,146278,8836,4258,4578
26395,163534,17227,78618,11309,146307,8838,4258,4580
26400,163565,17230,78632,11312,146335,8840,4260,4580
26405,163596,17233,78649,11313,146362,8841,4261,4580
26410,163627,17239,78671,11319,146387,8842,4262,4580
26415,163658,17245,78690,11324,146412,8843,4263,4580
26420,163689,17251,78707,11328,146437,8844,4264,4580
26425,163720,17257,78722,11332,146463,8845,4265,4580
26430,163751,17264,78743,11338,146486,8846,4265,4581
26435,163782,17269,78760,11343,146513,8847,4265,4582
26440,163813,17270,78779,11344,146543,8848,4266,4582
26445,163844,17271,78791,11344,146573,8849,4266,4583
26450,163875,17272,78807,11345,146603,8850,4266,4584
26455,163906,17274,78823,11346,146631,8851,4267,4584
26460,163937,17277,78829,11347,146660,8852,4267,4585
26465,163968,17279,78845,11349,146688,8853,4268,4585
26470,163999,17282,78858,11350,146716,8854,4268,4586
26475,164030,17285,78873,11352,146744,8855,4268,4587
26480,164061,17288,78888,11354,146773,8856,4268,4588
26485,164092,17290,78899,11355,146802,8857,4269,4588
26490,164123,17292,78914,11357,146831,8858,4270,4588
26495,164154,17295,78932,11359,146858,8859,4271,4588
26500,164185,17299,78948,11361,146885,8860,4272,4588
26505,164216,17302,78964,11363,146914,8862,4274,4588
26510,164247,17305,78981,11365,146942,8864,4275,4589
26515,164278,17307,78995,11366,146969,8866,4276,4590
26520,164309,17312,79012,11371,146996,8868,4276,4592
26525,164340,17314,79024,11372,147024,8869,4276,4593
26530,164371,17315,79039,11372,147055,8870,4277,4593
26535,164402,17316,79052,11373,147085,8871,4278,4593
26540,164433,17318,79069,11373,147112,8872,4279,4593
26545,164464,17322,79086,11375,147142,8873,4280,4593
26550,164495,17327,79100,11378,147167,8874,4280,4594
26555,164526,17333,79118,11383,147193,8875,4281,4594
26560,164557,17337,79138,11386,147219,8876,4282,4594
26565,164588,17342,79153,11390,147245,8877,4283,4594
26570,164619,17348,79168,11394,147271,8878,4284,4594
26575,164650,17354,79181,11399,147296,8879,4285,4594
26580,164681,17359,79191,11402,147321,8880,4285,4595
26585,164712,17362,79207,11404,147350,8881,4285,4596
26590,164743,17364,79225,11404,147379,8882,4286,4596
26595,164774,17366,79239,11404,147408,8883,4287,4596
26600,164805,17369,79250,11406,147436,8884,4287,4597
26605,164836,17371,79261,11407,147464,8885,4287,4598
26610,164867,17375,79275,11411,147491,8886,4288,4598
26615,164898,17378,79290,11413,147519,8887,4288,4599
26620,164929,17383,79305,11416,147544,8888,4288,4600
26625,164960,17387,79318,11418,147573,8890,4289,4601
26630,164991,17390,79337,11419,147600,8892,4290,4602
26635,165022,17393,79348,11420,147629,8894,4291,4603
26640,165053,17395,79360,11422,147657,8896,4292,4604
26645,165084,17397,79375,11423,147686,8898,4293,4605
26650,165115,17399,79391,11425,147715,8900,4293,4607
26655,165146,17402,79411,11428,147743,8902,4295,4607
26660,165177,17405,79424,11430,147771,8904,4297,4607
26665,165208,17409,79437,11433,147798,8906,4299,4607
26670,165239,17413,79452,11436,147826,8908,4299,4609
26675,165270,17415,79470,11437,147854,8910,4299,4611
26680,165301,17416,79483,11438,147885,8912,4300,4612
26685,165332,17416,79500,11438,147914,8914,4301,4613
26690,165363,17418,79515,11440,147943,8916,4301,4615
26695,165394,17422,79533,11444,147971,8918,4303,4615
26700,165425,17424,79543,11445,148001,8920,4304,4616
26705,165456,17425,79553,11446,148031,8922,4304,4618
26710,165487,17426,79568,11446,148060,8924,4306,4618
26715,165518,17428,79581,11447,148090,8926,4307,4619
26720,165549,17429,79591,11447,148120,8928,4308,4620
26725,165580,17430,79605,11447,148150,8930,4309,4621
26730,165611,17432,79620,11448,148178,8932,4309,4623
26735,165642,17433,79632,11448,148208,8934,4310,4624
26740,165673,17434,79642,11448,148238,8936,4311,4625
26745,165704,17439,79658,11451,148265,8938,4312,4626
26750,165735,17443,79677,11454,148291,8940,4313,4627
26755,165766,17447,79694,11457,148319,8942,4314,4628
26760,165797,17450,79706,11458,148347,8944,4316,4628
26765,165828,17454,79719,11460,148374,8946,4318,4628
26770,165859,17458,79736,11463,148401,8948,4320,4628
26775,165890,17460,79753,11465,148430,8950,4320,4630
26780,165921,17462,79771,11465,148459,8952,4321,4631
26785,165952,17465,79787,11467,148486,8954,4323,4631
26790,165983,17469,79805,11470,148514,8956,4324,4632
26795,166014,17472,79820,11471,148542,8958,4326,4632
26800,166045,17475,79840,11474,148569,8960,4328,4632
26805,166076,17478,79855,11476,148597,8962,4330,4632
26810,166107,17483,79866,11479,148624,8964,4331,4633
26815,166138,17487,79878,11481,148650,8966,4332,4634
26820,166169,17494,79895,11488,148674,8968,4334,4634
26825,166200,17499,79911,11492,148698,8970,4335,4635
26830,166231,17510,79928,11502,148720,8972,4336,4636
26835,166262,17517,79943,11508,148744,8974,4337,4637
26840,166293,17520,79963,11510,148773,8976,4339,4637
26845,166324,17521,79981,11511,148803,8978,4340,4638
26850,166355,17522,79995,11511,148833,8980,4341,4639
26855,166386,17523,80010,11511,148863,8982,4342,4640
26860,166417,17524,80023,11511,148893,8984,4343,4641
26865,166448,17525,80038,11511,148922,8986,4345,4641
26870,166479,17526,80056,11511,148952,8988,4347,4641
26875,166510,17527,80069,11512,148982,8990,4347,4643
26880,166541,17530,80087,11515,149011,8992,4347,4645
26885,166572,17533,80101,11517,149039,8994,4347,4647
26890,166603,17535,80113,11518,149068,8996,4349,4647
26895,166634,17538,80129,11520,149096,8998,4349,4649
26900,166665,17541,80143,11523,149124,9000,4350,4650
26905,166696,17545,80157,11526,149151,9002,4350,4652
26910,166727,17550,80170,11530,149177,9004,4351,4653
26915,166758,17552,80189,11530,149206,9006,4353,4653
26920,166789,17554,80206,11530,149235,9008,4354,4654
26925,166820,17558,80222,11533,149261,9010,4354,4656
26930,166851,17561,80238,11536,149290,9012,4355,4657
26935,166882,17564,80250,11538,149318,9014,4355,4659
26940,166913,17565,80261,11539,149348,9016,4356,4660
26945,166944,17567,80276,11539,149377,9017,4356,4661
26950,166975,17571,80294,11541,149404,9018,4357,4661
26955,167006,17574,80309,11543,149432,9019,4358,4661
26960,167037,17580,80324,11547,149454,9020,4358,4662
26965,167068,17588,80341,11553,149478,9021,4359,4662
26970,167099,17597,80360,11560,149500,9022,4360,4662
26975,167130,17604,80373,11566,149525,9023,4361,4662
26980,167161,17611,80391,11572,149548,9024,4362,4662
26985,167192,17616,80404,11575,149576,9025,4363,4662
26990,167223,17619,80417,11578,149604,9026,4363,4663
26995,167254,17622,80437,11580,149631,9027,4364,4663
27000,167285,17625,80454,11582,149660,9028,4365,4663
27005,167316,17626,80466,11582,149689,9029,4366,4663
27010,167347,17627,80476,11583,149720,9030,4367,4663
27015,167378,17628,80485,11583,149749,9031,4368,4663
27020,167409,17629,80504,11584,149780,9032,4368,4664
27025,167440,17630,80519,11585,149810,9033,4368,4665
27030,167471,17631,80532,11586,149840,9034,4369,4665
27035,167502,17632,80546,11586,149869,9035,4369,4666
27040,167533,17633,80558,11586,149900,9036,4370,4666
27045,167564,17634,80572,11587,149928,9038,4372,4666
27050,167595,17638,80590,11591,149956,9040,4373,4667
27055,167626,17642,80604,11594,149983,9042,4374,4668
27060,167657,17646,80623,11597,150009,9044,4375,4669
27065,167688,17651,80634,11601,150037,9045,4375,4670
27070,167719,17655,80646,11603,150064,9046,4375,4671
27075,167750,17658,80661,11604,150092,9047,4375,4672
27080,167781,17660,80674,11605,150121,9048,4376,4672
27085,167812,17663,80691,11607,150148,9049,4376,4673
27090,167843,17668,80704,11609,150174,9050,4376,4674
27095,167874,17671,80723,11611,150202,9051,4377,4674
27100,167905,17674,80732,11612,150231,9052,4377,4675
27105,167936,17676,80749,11613,150259,9053,4377,4676
27110,167967,17681,80765,11617,150284,9054,4377,4677
27115,167998,17686,80777,11619,150310,9055,4377,4678
27120,168029,17693,80794,11626,150336,9056,4378,4678
27125,168060,17697,80808,11630,150362,9057,4378,4679
27130,168091,17701,80819,11631,150390,9058,4379,4679
27135,168122,17704,80833,11633,150417,9059,4379,4680
27140,168153,17708,80844,11635,150444,9060,4379,4681
27145,168184,17711,80858,11637,150472,9061,4380,4681
27150,168215,17714,80870,11640,150501,9062,4380,4682
27155,168246,17717,80888,11643,150529,9063,4380,4683
27160,168277,17719,80903,11644,150558,9064,4381,4683
27165,168308,17723,80919,11647,150583,9066,4382,4684
27170,168339,17727,80933,11651,150611,9068,4382,4686
27175,168370,17730,80947,11652,150637,9070,4382,4688
27180,168401,17735,80960,11657,150666,9072,4382,4690
27185,168432,17739,80976,11660,150693,9074,4382,4692
27190,168463,17740,80991,11660,150723,9077,4384,4693
27195,168494,17741,81012,11661,150753,9080,4386,4694
27200,168525,17743,81025,11663,150782,9082,4386,4696
27205,168556,17745,81041,11665,150811,9084,4386,4698
27210,168587,17747,81053,11665,150840,9087,4388,4699
27215,168618,17749,81069,11666,150869,9090,4390,4700
27220,168649,17751,81087,11667,150898,9093,4392,4701
27225,168680,17753,81106,11668,150927,9096,4394,4702
27230,168711,17755,81121,11669,150956,9099,4395,4704
27235,168742,17757,81126,11670,150985,9101,4395,4706
27240,168773,17759,81138,11671,151014,9103,4396,4707
27245,168804,17761,81153,11671,151043,9105,4397,4708
27250,168835,17763,81174,11673,151070,9107,4398,4709
27255,168866,17767,81186,11675,151099,9109,4400,4709
27260,168897,17771,81203,11677,151126,9110,4401,4709
27265,168928,17775,81224,11679,151151,9111,4401,4710
27270,168959,17779,81239,11682,151178,9112,4401,4711
27275,168990,17784,81252,11686,151204,9113,4401,4712
27280,169021,17788,81266,11689,151232,9114,4401,4713
27285,169052,17792,81281,11692,151259,9115,4402,4713
27290,169083,17797,81297,11696,151285,9116,4402,4714
27295,169114,17803,81313,11699,151310,9117,4402,4715
27300,169145,17808,81327,11702,151337,9118,4402,4716
27305,169176,17812,81341,11705,151363,9119,4402,4717
27310,169207,17815,81355,11707,151391,9120,4403,4717
27315,169238,17821,81372,11711,151417,9121,4404,4717
27320,169269,17824,81385,11712,151445,9122,4405,4717
27325,169300,17827,81401,11715,151473,9123,4406,4717
27330,169331,17830,81415,11716,151500,9124,4407,4717
27335,169362,17834,81427,11720,151528,9125,4407,4718
27340,169393,17836,81440,11721,151556,9126,4408,4718
27345,169424,17842,81454,11726,151582,9127,4408,4719
27350,169455,17846,81472,11730,151608,9128,4408,4720
27355,169486,17848,81490,11732,151638,9129,4409,4720
27360,169517,17849,81506,11733,151668,9131,4409,4722
27365,169548,17850,81520,11734,151698,9133,4411,4722
27370,169579,17851,81532,11734,151728,9135,4412,4723
27375,169610,17852,81547,11735,151758,9137,4413,4724
27380,169641,17853,81565,11735,151788,9139,4415,4724
27385,169672,17854,81575,11735,151818,9141,4417,4724
27390,169703,17855,81591,11736,151848,9143,4417,4726
27395,169734,17856,81607,11737,151878,9145,4417,4728
27400,169765,17857,81620,11738,151908,9147,4417,4730
27405,169796,17860,81636,11740,151936,9149,4419,4730
27410,169827,17863,81651,11741,151963,9151,4421,4730
27415,169858,17865,81666,11741,151992,9153,4423,4730
27420,169889,17867,81684,11742,152021,9155,4425,4730
27425,169920,17870,81695,11744,152049,9157,4426,4731
27430,169951,17875,81706,11747,152076,9159,4427,4732
27435,169982,17879,81724,11751,152102,9161,4428,4733
27440,170013,17885,81739,11755,152127,9163,4428,4735
27445,170044,17891,81754,11759,152152,9165,4429,4736
27450,170075,17897,81771,11764,152178,9167,4431,4736
27455,170106,17902,81789,11767,152203,9169,4432,4737
27460,170137,17908,81805,11772,152228,9171,4432,4739
27465,170168,17913,81820,11776,152255,9173,4433,4740
27470,170199,17916,81830,11779,152282,9175,4433,4742
27475,170230,17919,81848,11780,152311,9177,4434,4743
27480,170261,17922,81866,11782,152339,9179,4435,4744
27485,170292,17928,81883,11787,152363,9180,4436,4744
27490,170323,17933,81898,11791,152390,9181,4436,4745
27495,170354,17939,81915,11796,152414,9182,4436,4746
27500,170385,17943,81930,11798,152441,9183,4436,4747
27505,170416,17948,81945,11801,152467,9184,4437,4747
27510,170447,17953,81960,11804,152493,9185,4438,4747
27515,170478,17956,81975,11806,152522,9186,4439,4747
27520,170509,17959,81992,11809,152550,9187,4440,4747
27525,170540,17961,82010,11810,152579,9188,4440,4748
27530,170571,17963,82024,11812,152608,9189,4441,4748
27535,170602,17966,82034,11815,152636,9190,4442,4748
27540,170633,17967,82049,11816,152666,9191,4442,4749
27545,170664,17968,82062,11816,152696,9192,4442,4750
27550,170695,17969,82077,11816,152726,9193,4443,4750
27555,170726,17970,82097,11817,152756,9194,4444,4750
27560,170757,17971,82111,11817,152786,9195,4444,4751
27565,170788,17972,82125,11817,152815,9196,4445,4751
27570,170819,17975,82141,11818,152842,9197,4445,4752
27575,170850,17978,82165,11821,152871,9198,4446,4752
27580,170881,17980,82179,11822,152900,9199,4446,4753
27585,170912,17982,82193,11824,152929,9201,4447,4754
27590,170943,17985,82209,11827,152956,9203,4448,4755
27595,170974,17988,82221,11828,152985,9205,4448,4757
27600,171005,17990,82235,11830,153015,9207,4449,4758
27605,171036,17992,82251,11831,153044,9209,4449,4760
27610,171067,17994,82264,11831,153073,9211,4451,4760
27615,171098,17996,82279,11831,153101,9213,4451,4762
27620,171129,18001,82292,11835,153128,9215,4451,4764
27625,171160,18005,82308,11837,153154,9217,4453,4764
27630,171191,18011,82326,11842,153179,9219,4455,4764
27635,171222,18016,82337,11844,153206,9221,4455,4766
27640,171253,18019,82354,11845,153233,9223,4456,4767
27645,171284,18027,82374,11852,153255,9225,4457,4768
27650,171315,18035,82388,11859,153279,9227,4458,4769
27655,171346,18042,82403,11864,153304,9229,4459,4770
27660,171377,18046,82417,11868,153330,9231,4459,4772
27665,171408,18051,82430,11872,153357,9233,4460,4773
27670,171439,18056,82442,11875,153383,9235,4461,4774
27675,171470,18060,82455,11876,153409,9237,4462,4775
27680,171501,18065,82468,11878,153436,9239,4463,4776
27685,171532,18068,82484,11881,153464,9241,4463,4778
27690,171563,18071,82500,11884,153492,9243,4464,4779
27695,171594,18074,82518,11887,153520,9245,4465,4780
27700,171625,18077,82534,11889,153548,9247,4466,4781
27705,171656,18080,82551,11892,153576,9249,4467,4782
27710,171687,18082,82563,11893,153605,9251,4468,4783
27715,171718,18085,82575,11896,153633,9253,4469,4784
27720,171749,18088,82591,11899,153661,9255,4471,4784
27725,171780,18090,82604,11900,153690,9257,4471,4786
27730,171811,18092,82615,11900,153719,9259,4471,4788
27735,171842,18094,82630,11901,153748,9261,4472,4789
27740,171873,18096,82645,11901,153777,9263,4473,4790
27745,171904,18098,82661,11902,153806,9265,4473,4792
27750,171935,18100,82679,11903,153835,9267,4473,4794
27755,171966,18102,82692,11903,153864,9269,4475,4794
27760,171997,18104,82708,11904,153893,9271,4476,4795
27765,172028,18106,82722,11906,153922,9273,4476,4797
27770,172059,18109,82738,11907,153949,9275,4477,4798
27775,172090,18112,82753,11910,153977,9277,4478,4799
27780,172121,18115,82764,11912,154004,9279,4479,4800
27785,172152,18119,82779,11914,154032,9280,4480,4800
27790,172183,18122,82794,11916,154060,9281,4481,4800
27795,172214,18127,82812,11919,154085,9282,4482,4800
27800,172245,18133,82833,11924,154109,9283,4483,4800
27805,172276,18139,82848,11930,154135,9284,4483,4801
27810,172307,18145,82859,11935,154160,9285,4484,4801
27815,172338,18151,82874,11941,154186,9286,4485,4801
27820,172369,18155,82892,11944,154213,9287,4486,4801
27825,172400,18158,82907,11946,154240,9288,4486,4802
27830,172431,18164,82923,11950,154265,9289,4486,4803
27835,172462,18169,82940,11954,154293,9290,4487,4803
27840,172493,18171,82958,11955,154322,9291,4487,4804
27845,172524,18174,82974,11957,154350,9292,4488,4804
27850,172555,18177,82983,11958,154378,9293,4488,4805
27855,172586,18179,82994,11958,154407,9294,4488,4806
27860,172617,18182,83009,11961,154435,9295,4489,4806
27865,172648,18185,83024,11963,154463,9296,4490,4806
27870,172679,18188,83038,11965,154491,9297,4490,4807
27875,172710,18189,83051,11966,154521,9298,4490,4808
27880,172741,18190,83064,11966,154551,9299,4491,4808
27885,172772,18191,83080,11966,154581,9300,4492,4808
27890,172803,18194,83096,11968,154609,9302,4494,4808
27895,172834,18197,83111,11971,154637,9304,4495,4809
27900,172865,18200,83129,11973,154665,9306,4496,4810
27905,172896,18202,83142,11974,154694,9308,4497,4811
27910,172927,18205,83158,11976,154722,9310,4497,4813
27915,172958,18207,83175,11977,154751,9312,4498,4814
27920,172989,18210,83190,11979,154779,9314,4498,4816
27925,173020,18212,83207,11980,154807,9316,4499,4817
27930,173051,18215,83222,11981,154836,9318,4499,4819
27935,173082,18218,83242,11984,154863,9320,4501,4819
27940,173113,18221,83255,11987,154892,9322,4502,4820
27945,173144,18225,83270,11989,154919,9324,4504,4820
27950,173175,18230,83280,11993,154945,9326,4504,4822
27955,173206,18235,83295,11995,154971,9328,4506,4822
27960,173237,18242,83311,12000,154995,9330,4506,4824
27965,173268,18244,83324,12001,155024,9332,4506,4826
27970,173299,18246,83341,12002,155053,9334,4506,4828
27975,173330,18248,83353,12003,155082,9336,4508,4828
27980,173361,18252,83367,12007,155108,9338,4509,4829
27985,173392,18258,83379,12012,155133,9340,4511,4829
27990,173423,18259,83388,12012,155164,9342,4512,4830
27995,173454,18260,83398,12013,155193,9344,4512,4832
28000,173485,18262,83412,12014,155222,9346,4513,4833
28005,173516,18264,83430,12015,155251,9348,4514,4834
28010,173547,18265,83444,12016,155281,9350,4515,4835
28015,173578,18267,83457,12018,155310,9352,4517,4835
28020,173609,18270,83473,12021,155337,9354,4518,4836
28025,173640,18275,83484,12026,155365,9355,4518,4837
28030,173671,18278,83503,12028,155393,9356,4518,4838
28035,173702,18278,83516,12028,155424,9357,4518,4839
28040,173733,18278,83527,12028,155455,9358,4518,4840
28045,173764,18278,83539,12028,155485,9359,4519,4840
28050,173795,18278,83550,12028,155516,9360,4519,4841
28055,173826,18278,83567,12028,155548,9361,4520,4841
28060,173857,18278,83583,12028,155579,9362,4520,4842
28065,173888,18278,83596,12028,155610,9363,4520,4843
28070,173919,18280,83607,12029,155639,9364,4521,4843
28075,173950,18283,83618,12030,155667,9365,4522,4843
28080,173981,18286,83630,12031,155695,9366,4523,4843
28085,174012,18288,83644,12032,155724,9367,4524,4843
28090,174043,18290,83659,12033,155753,9368,4524,4844
28095,174074,18293,83672,12036,155781,9369,4525,4844
28100,174105,18296,83689,12038,155809,9370,4525,4845
28105,174136,18300,83701,12040,155836,9371,4525,4846
28110,174167,18304,83719,12042,155863,9372,4525,4847
28115,174198,18308,83732,12046,155890,9373,4525,4848
28120,174229,18314,83746,12050,155913,9374,4525,4849
28125,174260,18322,83766,12056,155938,9376,4526,4850
28130,174291,18325,83774,12057,155966,9378,4527,4851
28135,174322,18329,83786,12059,155993,9380,4527,4853
28140,174353,18334,83800,12061,156017,9382,4528,4854
28145,174384,18344,83815,12067,156039,9384,4529,4855
28150,174415,18349,83831,12069,156066,9386,4530,4856
28155,174446,18353,83846,12072,156093,9388,4530,4858
28160,174477,18356,83865,12075,156120,9390,4532,4858
28165,174508,18360,83878,12078,156148,9392,4533,4859
28170,174539,18364,83891,12080,156174,9394,4533,4861
28175,174570,18367,83909,12082,156203,9396,4534,4862
28180,174601,18369,83926,12083,156231,9398,4536,4862
28185,174632,18373,83943,12086,156257,9400,4537,4863
28190,174663,18377,83954,12089,156284,9402,4537,4865
28195,174694,18382,83968,12094,156311,9404,4537,4867
28200,174725,18386,83981,12097,156338,9406,4539,4867
28205,174756,18388,83993,12098,156368,9408,4541,4867
28210,174787,18389,84008,12098,156398,9410,4543,4867
28215,174818,18390,84021,12099,156428,9412,4543,4869
28220,174849,18391,84039,12099,156458,9414,4544,4870
28225,174880,18392,84053,12100,156488,9416,4546,4870
28230,174911,18393,84070,12101,156518,9418,4547,4871
28235,174942,18394,84086,12101,156548,9420,4549,4871
28240,174973,18395,84102,12102,156578,9422,4551,4871
28245,175004,18396,84115,12103,156608,9424,4552,4872
28250,175035,18397,84126,12103,156638,9426,4553,4873
28255,175066,18400,84140,12105,156665,9428,4554,4874
28260,175097,18403,84159,12107,156694,9430,4555,4875
28265,175128,18405,84173,12107,156723,9432,4556,4876
28270,175159,18407,84189,12107,156752,9434,4557,4877
28275,175190,18411,84200,12109,156779,9436,4558,4878
28280,175221,18414,84212,12110,156807,9438,4559,4879
28285,175252,18417,84221,12111,156835,9440,4560,4880
28290,175283,18420,84235,12112,156862,9442,4560,4882
28295,175314,18424,84257,12114,156890,9444,4562,4882
28300,175345,18427,84264,12114,156918,9446,4562,4884
28305,175376,18432,84283,12117,156943,9448,4564,4884
28310,175407,18440,84298,12124,156966,9450,4565,4885
28315,175438,18445,84311,12127,156990,9452,4566,4886
28320,175469,18455,84328,12135,157012,9454,4568,4886
28325,175500,18461,84339,12139,157037,9456,4568,4888
28330,175531,18465,84352,12141,157065,9458,4569,4889
28335,175562,18470,84367,12144,157090,9460,4569,4891
28340,175593,18474,84381,12147,157118,9462,4569,4893
28345,175624,18479,84393,12150,157145,9464,4570,4894
28350,175655,18482,84408,12152,157173,9466,4570,4896
28355,175686,18486,84421,12155,157200,9468,4571,4897
28360,175717,18490,84438,12157,157226,9470,4571,4899
28365,175748,18495,84454,12161,157252,9472,4572,4900
28370,175779,18501,84465,12164,157278,9474,4574,4900
28375,175810,18506,84483,12168,157302,9476,4575,4901
28380,175841,18511,84498,12172,157329,9478,4576,4902
28385,175872,18513,84511,12173,157359,9479,4577,4902
28390,175903,18514,84527,12173,157389,9480,4578,4902
28395,175934,18515,84538,12173,157419,9481,4578,4903
28400,175965,18516,84553,12174,157449,9482,4578,4904
28405,175996,18517,84574,12175,157479,9483,4579,4904
28410,176027,18518,84588,12176,157509,9484,4580,4904
28415,176058,18519,84603,12177,157539,9485,4581,4904
28420,176089,18520,84620,12178,157569,9486,4581,4905
28425,176120,18521,84634,12178,157599,9487,4582,4905
28430,176151,18522,84652,12179,157629,9488,4583,4905
28435,176182,18525,84672,12181,157657,9489,4584,4905
28440,176213,18527,84683,12181,157686,9490,4584,4906
28445,176244,18529,84700,12182,157715,9491,4585,4906
28450,176275,18532,84716,12183,157743,9492,4585,4907
28455,176306,18534,84726,12184,157772,9493,4585,4908
28460,176337,18536,84740,12184,157801,9494,4586,4908
28465,176368,18538,84749,12186,157830,9495,4586,4909
28470,176399,18540,84763,12187,157859,9496,4587,4909
28475,176430,18543,84781,12189,157887,9497,4587,4910
28480,176461,18548,84797,12194,157912,9498,4588,4910
28485,176492,18554,84806,12198,157936,9499,4588,4911
28490,176523,18560,84818,12202,157961,9501,4588,4913
28495,176554,18567,84830,12206,157985,9503,4589,4914
28500,176585,18575,84846,12212,158006,9505,4589,4916
28505,176616,18580,84865,12216,158036,9507,4590,4917
28510,176647,18583,84877,12216,158064,9509,4590,4919
28515,176678,18586,84887,12217,158092,9511,4591,4920
28520,176709,18590,84901,12220,158119,9513,4591,4922
28525,176740,18594,84918,12223,158146,9515,4592,4923
28530,176771,18597,84931,12225,158174,9517,4593,4924
28535,176802,18601,84951,12229,158201,9519,4594,4925
28540,176833,18604,84964,12231,158229,9521,4595,4926
28545,176864,18608,84983,12233,158256,9523,4596,4927
28550,176895,18612,85000,12237,158283,9525,4597,4928
28555,176926,18616,85015,12238,158310,9527,4598,4929
28560,176957,18621,85027,12242,158335,9529,4598,4931
28565,176988,18627,85039,12247,158361,9531,4598,4933
28570,177019,18631,85055,12251,158388,9533,4599,4934
28575,177050,18635,85070,12254,158414,9535,4599,4936
28580,177081,18639,85086,12257,158441,9537,4599,4938
28585,177112,18640,85098,12257,158472,9539,4599,4940
28590,177143,18641,85115,12258,158502,9541,4600,4941
28595,177174,18642,85131,12258,158532,9543,4602,4941
28600,177205,18643,85147,12259,158562,9545,4604,4941
28605,177236,18645,85166,12261,158589,9547,4605,4942
28610,177267,18652,85181,12268,158614,9549,4606,4943
28615,177298,18656,85192,12270,158642,9551,4607,4944
28620,177329,18659,85206,12272,158670,9553,4608,4945
28625,177360,18661,85222,12272,158699,9554,4608,4946
28630,177391,18665,85238,12274,158726,9555,4608,4947
28635,177422,18670,85255,12279,158752,9556,4609,4947
28640,177453,18671,85270,12279,158782,9557,4609,4948
28645,177484,18672,85284,12280,158812,9558,4610,4948
28650,177515,18673,85299,12281,158842,9559,4610,4949
28655,177546,18674,85317,12282,158872,9560,4610,4950
28660,177577,18675,85330,12283,158902,9561,4610,4951
28665,177608,18676,85341,12284,158932,9562,4610,4952
28670,177639,18677,85352,12285,158962,9563,4611,4952
28675,177670,18679,85365,12285,158991,9564,4612,4952
28680,177701,18681,85384,12285,159020,9565,4613,4952
28685,177732,18684,85400,12286,159046,9566,4613,4953
28690,177763,18689,85405,12288,159074,9567,4613,4954
28695,177794,18692,85422,12289,159102,9568,4614,4954
28700,177825,18695,85440,12290,159129,9569,4614,4955
28705,177856,18699,85458,12294,159156,9570,4614,4956
28710,177887,18703,85474,12298,159183,9571,4615,4956
28715,177918,18707,85485,12301,159210,9572,4615,4957
28720,177949,18710,85500,12303,159238,9573,4616,4957
28725,177980,18713,85517,12305,159267,9575,4616,4959
28730,178011,18716,85536,12307,159295,9577,4618,4959
28735,178042,18719,85547,12309,159323,9579,4618,4961
28740,178073,18722,85558,12309,159350,9581,4618,4963
28745,178104,18727,85572,12313,159377,9583,4619,4964
28750,178135,18732,85588,12316,159402,9585,4619,4966
28755,178166,18738,85608,12322,159427,9587,4621,4966
28760,178197,18744,85623,12327,159452,9589,4622,4967
28765,178228,18751,85640,12331,159476,9591,4623,4968
28770,178259,18756,85653,12333,159501,9593,4623,4970
28775,178290,18763,85665,12337,159525,9595,4623,4972
28780,178321,18769,85678,12342,159552,9597,4624,4973
28785,178352,18773,85693,12346,159576,9599,4625,4974
28790,178383,18778,85710,12350,159603,9601,4627,4974
28795,178414,18784,85729,12354,159625,9603,4628,4975
28800,178445,18788,85741,12357,159657,9605,4629,4976
28805,178476,18790,85754,12357,159686,9607,4629,4978
28810,178507,18793,85767,12358,159714,9609,4629,4980
28815,178538,18795,85780,12358,159743,9611,4629,4982
28820,178569,18797,85797,12358,159772,9613,4630,4983
28825,178600,18800,85812,12359,159800,9615,4631,4984
28830,178631,18802,85830,12361,159829,9617,4631,4986
28835,178662,18805,85848,12362,159857,9619,4633,4986
28840,178693,18807,85862,12362,159886,9621,4634,4987
28845,178724,18809,85877,12364,159915,9623,4634,4989
28850,178755,18812,85892,12367,159943,9625,4634,4991
28855,178786,18815,85910,12369,159971,9627,4636,4991
28860,178817,18818,85927,12372,159999,9629,4637,4992
28865,178848,18819,85940,12373,160029,9631,4637,4994
28870,178879,18820,85956,12373,160059,9633,4638,4995
28875,178910,18822,85969,12375,160088,9635,4639,4996
28880,178941,18822,85981,12375,160119,9637,4640,4997
28885,178972,18822,85996,12375,160150,9639,4641,4998
28890,179003,18823,86014,12375,160178,9641,4642,4999
28895,179034,18826,86030,12377,160207,9643,4643,5000
28900,179065,18828,86043,12379,160236,9645,4643,5002
28905,179096,18830,86055,12380,160264,9647,4644,5003
28910,179127,18835,86072,12384,160290,9649,4645,5004
28915,179158,18842,86091,12390,160316,9651,4647,5004
28920,179189,18846,86106,12394,160342,9653,4648,5005
28925,179220,18852,86122,12399,160366,9654,4648,5006
28930,179251,18858,86133,12403,160392,9655,4648,5007
28935,179282,18864,86147,12408,160416,9656,4648,5008
28940,179313,18867,86165,12411,160445,9657,4648,5009
28945,179344,18867,86176,12411,160476,9658,4648,5010
28950,179375,18867,86193,12411,160507,9659,4648,5011
28955,179406,18867,86207,12411,160539,9660,4648,5012
28960,179437,18867,86220,12411,160569,9661,4648,5013
28965,179468,18867,86239,12411,160600,9662,4649,5013
28970,179499,18868,86255,12412,160630,9663,4649,5014
28975,179530,18869,86274,12413,160661,9664,4649,5015
28980,179561,18870,86290,12413,160691,9665,4649,5016
28985,179592,18872,86305,12414,160720,9666,4649,5017
28990,179623,18874,86317,12415,160749,9667,4650,5017
28995,179654,18876,86330,12416,160778,9668,4650,5018
29000,179685,18878,86339,12417,160807,9669,4650,5019
29005,179716,18880,86354,12418,160836,9670,4651,5019
29010,179747,18882,86364,12420,160865,9671,4652,5019
29015,179778,18885,86380,12422,160893,9672,4652,5020
29020,179809,18888,86395,12423,160921,9673,4652,5021
29025,179840,18891,86407,12425,160949,9674,4653,5021
29030,179871,18894,86424,12428,160977,9676,4653,5023
29035,179902,18896,86444,12429,161006,9678,4655,5023
29040,179933,18900,86458,12433,161033,9680,4656,5024
29045,179964,18904,86472,12434,161060,9682,4657,5025
29050,179995,18909,86487,12436,161086,9684,4658,5026
29055,180026,18913,86501,12438,161113,9686,4659,5027
29060,180057,18918,86514,12440,161139,9688,4659,5029
29065,180088,18926,86526,12446,161162,9690,4659,5031
29070,180119,18934,86540,12452,161184,9692,4660,5032
29075,180150,18941,86553,12456,161209,9694,4661,5033
29080,180181,18950,86575,12464,161229,9696,4662,5034
29085,180212,18960,86589,12473,161252,9698,4664,5034
29090,180243,18965,86604,12477,161275,9700,4665,5035
29095,180274,18972,86614,12482,161299,9702,4667,5035
29100,180305,18975,86626,12485,161329,9704,4667,5037
29105,180336,18978,86637,12487,161357,9706,4667,5039
29110,180367,18979,86648,12487,161387,9708,4667,5041
29115,180398,18980,86664,12487,161418,9710,4668,5042
29120,180429,18981,86682,12488,161447,9712,4670,5042
29125,180460,18982,86695,12488,161478,9714,4671,5043
29130,180491,18983,86712,12488,161507,9716,4672,5044
29135,180522,18984,86730,12489,161538,9718,4672,5046
29140,180553,18985,86746,12490,161568,9720,4673,5047
29145,180584,18986,86761,12491,161598,9722,4675,5047
29150,180615,18987,86781,12491,161628,9724,4676,5048
29155,180646,18988,86794,12491,161658,9726,4677,5049
29160,180677,18989,86808,12492,161688,9728,4677,5051
29165,180708,18990,86825,12493,161718,9729,4678,5051
29170,180739,18991,86841,12494,161748,9730,4678,5052
29175,180770,18992,86854,12495,161778,9731,4679,5052
29180,180801,18993,86867,12495,161808,9732,4680,5052
29185,180832,18994,86881,12496,161838,9733,4680,5053
29190,180863,18995,86901,12497,161867,9734,4680,5054
29195,180894,18998,86915,12500,161895,9735,4680,5055
29200,180925,19002,86928,12503,161922,9736,4680,5056
29205,180956,19006,86941,12506,161948,9737,4681,5056
29210,180987,19014,86958,12513,161972,9738,4682,5056
29215,181018,19021,86971,12517,161996,9739,4682,5057
29220,181049,19029,86988,12522,162017,9740,4683,5057
29225,181080,19038,87004,12530,162038,9741,4684,5057
29230,181111,19047,87021,12537,162064,9742,4685,5057
29235,181142,19050,87037,12540,162091,9743,4686,5057
29240,181173,19055,87051,12543,162117,9744,4686,5058
29245,181204,19057,87071,12545,162146,9745,4687,5058
29250,181235,19059,87084,12546,162176,9746,4687,5059
29255,181266,19061,87102,12547,162205,9747,4687,5060
29260,181297,19063,87116,12547,162234,9748,4688,5060
29265,181328,19065,87130,12547,162263,9750,4689,5061
29270,181359,19067,87148,12548,162291,9752,4691,5061
29275,181390,19069,87161,12548,162320,9754,4691,5063
29280,181421,19071,87177,12549,162350,9756,4692,5064
29285,181452,19073,87193,12549,162379,9758,4694,5064
29290,181483,19075,87207,12551,162408,9760,4696,5064
29295,181514,19077,87225,12553,162436,9762,4698,5064
29300,181545,19079,87238,12553,162465,9764,4698,5066
29305,181576,19081,87250,12553,162494,9766,4699,5067
29310,181607,19083,87267,12554,162524,9768,4700,5068
29315,181638,19085,87279,12554,162553,9770,4701,5069
29320,181669,19087,87294,12555,162582,9772,4701,5071
29325,181700,19090,87308,12557,162610,9774,4702,5072
29330,181731,19092,87323,12559,162639,9776,4703,5073
29335,181762,19095,87338,12560,162666,9778,4704,5074
29340,181793,19100,87348,12564,162693,9780,4704,5076
29345,181824,19103,87364,12565,162719,9782,4705,5077
29350,181855,19111,87386,12572,162740,9784,4707,5077
29355,181886,19120,87399,12579,162764,9786,4707,5079
29360,181917,19131,87412,12587,162785,9788,4708,5080
29365,181948,19140,87425,12593,162807,9790,4709,5081
29370,181979,19144,87442,12595,162835,9792,4710,5082
29375,182010,19148,87455,12597,162862,9794,4710,5084
29380,182041,19151,87473,12599,162890,9796,4712,5084
29385,182072,19154,87484,12601,162917,9798,4714,5084
29390,182103,19158,87501,12604,162944,9800,4716,5084
29395,182134,19162,87516,12607,162971,9802,4716,5086
29400,182165,19167,87530,12611,162998,9804,4717,5087
29405,182196,19172,87546,12614,163023,9806,4719,5087
29410,182227,19177,87558,12618,163050,9808,4720,5088
29415,182258,19179,87574,12619,163079,9810,4722,5088
29420,182289,19182,87588,12621,163107,9812,4723,5089
29425,182320,19183,87604,12621,163136,9814,4723,5091
29430,182351,19184,87616,12622,163166,9816,4723,5093
29435,182382,19185,87631,12622,163196,9818,4724,5094
29440,182413,19186,87650,12622,163227,9820,4726,5094
29445,182444,19187,87660,12623,163257,9822,4727,5095
29450,182475,19188,87677,12624,163286,9824,4727,5097
29455,182506,19189,87699,12625,163316,9826,4728,5098
29460,182537,19190,87712,12626,163346,9828,4728,5100
29465,182568,19191,87731,12627,163377,9829,4728,5101
29470,182599,19192,87744,12628,163407,9830,4728,5102
29475,182630,19193,87758,12628,163436,9831,4728,5103
29480,182661,19196,87774,12629,163465,9832,4728,5104
29485,182692,19198,87787,12629,163494,9833,4729,5104
29490,182723,19200,87805,12631,163522,9834,4729,5105
29495,182754,19203,87825,12634,163551,9835,4730,5105
29500,182785,19205,87836,12635,163580,9836,4730,5106
29505,182816,19207,87851,12635,163609,9837,4731,5106
29510,182847,19209,87868,12637,163637,9838,4731,5107
29515,182878,19217,87888,12644,163660,9839,4732,5107
29520,182909,19223,87901,12647,163684,9840,4733,5107
29525,182940,19232,87921,12655,163707,9841,4733,5108
29530,182971,19239,87938,12659,163732,9842,4734,5108
29535,183002,19243,87951,12662,163756,9843,4734,5109
29540,183033,19252,87961,12669,163780,9844,4734,5110
29545,183064,19257,87975,12672,163807,9845,4735,5110
29550,183095,19262,87988,12675,163832,9846,4736,5110
29555,183126,19266,88004,12678,163859,9847,4736,5111
29560,183157,19270,88019,12682,163886,9848,4736,5112
29565,183188,19273,88030,12684,163915,9849,4736,5113
29570,183219,19275,88047,12685,163944,9851,4737,5114
29575,183250,19277,88064,12687,163973,9853,4738,5115
29580,183281,19279,88072,12689,164002,9855,4739,5116
29585,183312,19281,88089,12691,164030,9857,4740,5117
29590,183343,19284,88106,12692,164059,9859,4742,5117
29595,183374,19286,88122,12693,164087,9861,4743,5118
29600,183405,19288,88139,12694,164116,9863,4744,5119
29605,183436,19290,88155,12696,164145,9865,4746,5119
29610,183467,19292,88167,12697,164175,9867,4747,5120
29615,183498,19295,88179,12699,164203,9869,4747,5122
29620,183529,19298,88194,12701,164231,9871,4748,5123
29625,183560,19301,88211,12703,164258,9873,4749,5124
29630,183591,19304,88229,12705,164287,9875,4750,5125
29635,183622,19306,88240,12706,164316,9877,4751,5126
29640,183653,19309,88256,12708,164344,9879,4753,5126
29645,183684,19309,88277,12708,164374,9881,4754,5127
29650,183715,19312,88296,12711,164402,9883,4755,5128
29655,183746,19314,88310,12712,164431,9885,4756,5129
29660,183777,19318,88329,12716,164459,9887,4757,5130
29665,183808,19319,88344,12717,164489,9889,4757,5132
29670,183839,19323,88357,12721,164515,9891,4757,5134
29675,183870,19329,88373,12726,164539,9893,4757,5136
29680,183901,19333,88388,12729,164568,9895,4758,5137
29685,183932,19338,88404,12734,164593,9897,4760,5137
29690,183963,19342,88423,12738,164619,9899,4762,5137
29695,183994,19346,88435,12741,164648,9901,4763,5138
29700,184025,19348,88452,12743,164677,9903,4764,5139
29705,184056,19350,88463,12744,164705,9904,4764,5140
29710,184087,19353,88482,12746,164733,9905,4765,5140
29715,184118,19355,88495,12747,164761,9906,4765,5141
29720,184149,19358,88508,12749,164790,9907,4765,5142
29725,184180,19358,88525,12749,164821,9908,4765,5143
29730,184211,19358,88544,12749,164853,9909,4765,5144
29735,184242,19358,88557,12749,164884,9910,4765,5145
29740,184273,19358,88573,12749,164915,9911,4766,5145
29745,184304,19358,88589,12749,164945,9912,4767,5145
29750,184335,19360,88603,12749,164975,9913,4767,5146
29755,184366,19362,88614,12749,165004,9914,4768,5146
29760,184397,19365,88630,12752,165032,9915,4769,5146
29765,184428,19367,88640,12752,165061,9916,4770,5146
29770,184459,19369,88652,12752,165090,9917,4770,5147
29775,184490,19371,88669,12753,165119,9918,4771,5147
29780,184521,19373,88687,12754,165148,9919,4771,5148
29785,184552,19375,88705,12756,165177,9920,4771,5149
29790,184583,19377,88718,12757,165206,9921,4772,5149
29795,184614,19379,88733,12759,165235,9922,4772,5150
29800,184645,19382,88752,12760,165263,9923,4773,5150
29805,184676,19385,88764,12762,165291,9925,4775,5150
29810,184707,19388,88777,12764,165319,9927,4775,5152
29815,184738,19391,88792,12766,165346,9929,4777,5152
29820,184769,19395,88806,12769,165374,9931,4778,5153
29825,184800,19398,88817,12771,165402,9933,4778,5155
29830,184831,19402,88831,12773,165428,9935,4778,5157
29835,184862,19410,88845,12779,165450,9937,4778,5159
29840,184893,19418,88858,12785,165473,9939,4778,5161
29845,184924,19424,88876,12790,165497,9941,4779,5162
29850,184955,19433,88892,12797,165521,9943,4779,5164
29855,184986,19439,88911,12802,165546,9945,4779,5166
29860,185017,19443,88930,12805,165574,9947,4780,5167
29865,185048,19449,88947,12811,165598,9949,4781,5168
29870,185079,19453,88957,12813,165625,9951,4782,5169
29875,185110,19459,88972,12817,165650,9953,4782,5171
29880,185141,19466,88984,12822,165673,9955,4782,5173
29885,185172,19470,88996,12825,165701,9957,4782,5175
29890,185203,19472,89014,12827,165731,9959,4783,5176
29895,185234,19474,89029,12828,165759,9961,4783,5178
29900,185265,19476,89046,12830,165789,9963,4783,5180
29905,185296,19479,89064,12833,165817,9965,4784,5181
29910,185327,19481,89074,12834,165846,9967,4784,5183
29915,185358,19483,89089,12835,165875,9969,4785,5184
29920,185389,19486,89104,12837,165903,9971,4786,5185
29925,185420,19488,89121,12839,165932,9973,4788,5185
29930,185451,19490,89138,12840,165961,9975,4790,5185
29935,185482,19493,89154,12841,165989,9977,4791,5186
29940,185513,19496,89166,12843,166017,9979,4793,5186
29945,185544,19498,89180,12843,166046,9981,4795,5186
29950,185575,19501,89193,12845,166074,9983,4795,5188
29955,185606,19502,89206,12846,166104,9985,4795,5190
29960,185637,19503,89220,12846,166134,9987,4796,5191
29965,185668,19505,89238,12847,166162,9989,4797,5192
29970,185699,19508,89252,12849,166191,9991,4798,5193
29975,185730,19510,89271,12850,166219,9993,4799,5194
29980,185761,19513,89286,12853,166248,9995,4799,5196
29985,185792,19515,89302,12853,166277,9997,4800,5197
29990,185823,19518,89316,12854,166304,9999,4800,5199
29995,185854,19522,89331,12857,166332,10001,4802,5199
30000,185885,19526,89349,12861,166357,10003,4804,5199
30005,185916,19532,89362,12866,166383,10005,4805,5200
30010,185947,19540,89376,12874,166407,10007,4805,5202
30015,185978,19544,89391,12876,166432,10009,4807,5202
30020,186009,19551,89406,12880,166456,10011,4809,5202
30025,186040,19558,89414,12884,166482,10013,4810,5203
30030,186071,19561,89424,12886,166510,10015,4812,5203
30035,186102,19564,89439,12888,166538,10017,4813,5204
30040,186133,19568,89454,12891,166565,10019,4814,5205
30045,186164,19571,89470,12893,166593,10021,4814,5207
30050,186195,19575,89484,12896,166619,10023,4815,5208
30055,186226,19576,89493,12896,166649,10025,4816,5209
30060,186257,19579,89506,12898,166677,10027,4817,5210
30065,186288,19582,89519,12900,166705,10028,4818,5210
30070,186319,19584,89525,12901,166734,10029,4818,5211
30075,186350,19586,89538,12903,166764,10030,4819,5211
30080,186381,19588,89554,12905,166792,10031,4820,5211
30085,186412,19591,89571,12908,166821,10032,4820,5212
30090,186443,19594,89583,12910,166849,10033,4820,5213
30095,186474,19596,89600,12911,166878,10034,4820,5214
30100,186505,19599,89618,12914,166906,10035,4820,5215
30105,186536,19601,89623,12914,166935,10036,4820,5216
30110,186567,19603,89641,12915,166964,10037,4821,5216
30115,186598,19605,89655,12915,166993,10038,4822,5216
30120,186629,19607,89667,12915,167022,10039,4823,5216
30125,186660,19609,89686,12917,167051,10040,4823,5217
30130,186691,19611,89699,12917,167080,10041,4824,5217
30135,186722,19615,89714,12919,167107,10042,4825,5217
30140,186753,19618,89726,12921,167135,10043,4825,5218
30145,186784,19623,89743,12925,167161,10044,4826,5218
30150,186815,19627,89753,12927,167188,10045,4826,5219
30155,186846,19631,89765,12929,167215,10046,4826,5220
30160,186877,19636,89777,12931,167241,10047,4827,5220
30165,186908,19641,89789,12934,167267,10048,4828,5220
30170,186939,19649,89807,12940,167290,10050,4828,5222
30175,186970,19657,89823,12945,167311,10052,4828,5224
30180,187001,19666,89839,12952,167334,10054,4828,5226
30185,187032,19670,89852,12955,167362,10056,4828,5228
30190,187063,19673,89866,12958,167388,10058,4828,5230
30195,187094,19678,89878,12962,167416,10060,4830,5230
30200,187125,19681,89895,12963,167444,10062,4831,5231
30205,187156,19683,89910,12963,167473,10064,4832,5232
30210,187187,19688,89926,12967,167499,10066,4834,5232
30215,187218,19692,89943,12970,167526,10068,4834,5234
30220,187249,19694,89965,12972,167555,10070,4835,5235
30225,187280,19695,89989,12973,167585,10072,4837,5235
30230,187311,19696,90001,12974,167615,10074,4838,5236
30235,187342,19697,90013,12974,167645,10076,4840,5236
30240,187373,19698,90028,12974,167675,10078,4841,5237
30245,187404,19699,90038,12974,167705,10080,4842,5238
30250,187435,19700,90055,12974,167735,10082,4844,5238
30255,187466,19701,90070,12974,167765,10084,4845,5239
30260,187497,19702,90086,12975,167795,10086,4845,5241
30265,187528,19703,90106,12975,167824,10088,4845,5243
30270,187559,19704,90119,12975,167854,10090,4845,5245
30275,187590,19705,90138,12975,167885,10092,4846,5246
30280,187621,19706,90152,12976,167914,10094,4848,5246
30285,187652,19708,90172,12977,167943,10096,4848,5248
30290,187683,19711,90188,12978,167971,10098,4849,5249
30295,187714,19714,90202,12980,167998,10100,4851,5249
30300,187745,19718,90217,12982,168027,10102,4851,5251
30305,187776,19721,90233,12985,168054,10103,4851,5252
30310,187807,19726,90246,12989,168080,10104,4852,5252
30315,187838,19733,90260,12993,168105,10105,4852,5253
30320,187869,19738,90275,12996,168131,10106,4853,5253
30325,187900,19741,90286,12996,168158,10107,4853,5254
30330,187931,19749,90301,13002,168181,10108,4853,5255
30335,187962,19756,90319,13008,168206,10109,4854,5255
30340,187993,19759,90332,13009,168234,10110,4855,5255
30345,188024,19763,90344,13010,168261,10111,4855,5256
30350,188055,19766,90357,13011,168289,10112,4855,5257
30355,188086,19770,90378,13015,168315,10113,4856,5257
30360,188117,19774,90397,13019,168343,10114,4857,5257
30365,188148,19779,90415,13022,168369,10115,4858,5257
30370,188179,19783,90433,13025,168396,10116,4859,5257
30375,188210,19787,90450,13026,168423,10117,4860,5257
30380,188241,19790,90461,13027,168451,10118,4860,5258
30385,188272,19795,90478,13030,168477,10119,4860,5259
30390,188303,19800,90495,13033,168503,10120,4861,5259
30395,188334,19804,90509,13035,168530,10121,4861,5260
30400,188365,19808,90523,13039,168557,10122,4862,5260
30405,188396,19813,90538,13042,168581,10124,4863,5261
30410,188427,19818,90551,13046,168608,10126,4863,5263
30415,188458,19822,90567,13048,168634,10128,4864,5264
30420,188489,19825,90580,13050,168663,10130,4866,5264
30425,188520,19826,90598,13051,168694,10132,4867,5265
30430,188551,19828,90610,13052,168723,10134,4867,5267
30435,188582,19830,90626,13053,168752,10136,4868,5268
30440,188613,19832,90645,13054,168779,10138,4870,5268
30445,188644,19834,90657,13056,168810,10140,4871,5269
30450,188675,19836,90672,13058,168837,10142,4871,5271
30455,188706,19840,90690,13062,168864,10144,4871,5273
30460,188737,19843,90709,13064,168892,10146,4873,5273
30465,188768,19846,90725,13067,168920,10148,4874,5274
30470,188799,19849,90738,13069,168948,10150,4875,5275
30475,188830,19855,90758,13074,168975,10152,4876,5276
30480,188861,19855,90770,13074,169006,10154,4878,5276
30485,188892,19855,90783,13074,169037,10156,4879,5277
30490,188923,19855,90794,13074,169068,10158,4879,5279
30495,188954,19855,90813,13074,169099,10160,4879,5281
30500,188985,19855,90828,13074,169130,10162,4880,5282
30505,189016,19855,90841,13074,169161,10164,4880,5284
30510,189047,19855,90856,13074,169192,10166,4881,5285
30515,189078,19855,90875,13074,169223,10168,4882,5286
30520,189109,19855,90890,13074,169254,10170,4884,5286
30525,189140,19856,90900,13075,169283,10172,4885,5287
30530,189171,19860,90910,13078,169311,10174,4885,5289
30535,189202,19863,90925,13080,169339,10176,4886,5290
30540,189233,19865,90940,13080,169368,10178,4888,5290
30545,189264,19867,90952,13080,169396,10180,4889,5291
30550,189295,19872,90964,13084,169423,10182,4890,5292
30555,189326,19877,90985,13088,169448,10184,4892,5292
30560,189357,19882,91001,13090,169474,10186,4893,5293
30565,189388,19887,91016,13092,169500,10188,4894,5294
30570,189419,19892,91033,13096,169527,10190,4895,5295
30575,189450,19897,91052,13100,169550,10192,4896,5296
30580,189481,19903,91070,13105,169575,10194,4896,5298
30585,189512,19910,91086,13111,169600,10196,4897,5299
30590,189543,19915,91101,13115,169626,10198,4898,5300
30595,189574,19919,91117,13117,169652,10200,4899,5301
30600,189605,19923,91135,13119,169679,10202,4900,5302
30605,189636,19930,91146,13124,169704,10203,4901,5302
30610,189667,19935,91159,13127,169732,10204,4902,5302
30615,189698,19938,91177,13130,169760,10205,4903,5302
30620,189729,19941,91194,13133,169788,10206,4904,5302
30625,189760,19944,91213,13135,169816,10207,4905,5302
30630,189791,19947,91223,13136,169844,10208,4905,5303
30635,189822,19950,91237,13138,169872,10209,4905,5304
30640,189853,19952,91251,13139,169901,10210,4906,5304
30645,189884,19955,91264,13141,169929,10211,4907,5304
30650,189915,19956,91277,13142,169959,10212,4907,5305
30655,189946,19957,91290,13143,169989,10213,4908,5305
30660,189977,19958,91304,13143,170019,10214,4909,5305
30665,190008,19959,91316,13143,170049,10215,4909,5306
30670,190039,19960,91329,13143,170079,10216,4909,5307
30675,190070,19961,91344,13144,170109,10217,4909,5308
30680,190101,19962,91358,13145,170139,10218,4909,5309
30685,190132,19964,91370,13145,170168,10219,4909,5310
30690,190163,19966,91383,13146,170197,10220,4909,5311
30695,190194,19969,91397,13147,170225,10221,4909,5312
30700,190225,19972,91412,13149,170253,10222,4910,5312
30705,190256,19974,91426,13149,170282,10223,4910,5313
30710,190287,19977,91442,13151,170309,10225,4911,5314
30715,190318,19980,91450,13154,170338,10227,4911,5316
30720,190349,19984,91466,13157,170363,10229,4912,5317
30725,190380,19990,91483,13161,170389,10231,4913,5318
30730,190411,19995,91505,13165,170415,10233,4915,5318
30735,190442,20000,91518,13169,170442,10235,4917,5318
30740,190473,20003,91540,13172,170469,10237,4919,5318
30745,190504,20005,91556,13173,170498,10239,4920,5319
30750,190535,20007,91570,13174,170528,10241,4922,5319
30755,190566,20010,91585,13175,170556,10243,4923,5320
30760,190597,20014,91598,13177,170582,10245,4923,5322
30765,190628,20017,91615,13180,170610,10247,4925,5322
30770,190659,20021,91631,13183,170637,10249,4926,5323
30775,190690,20027,91649,13189,170663,10251,4927,5324
30780,190721,20032,91664,13193,170689,10253,4928,5325
30785,190752,20036,91681,13196,170716,10255,4929,5326
30790,190783,20039,91697,13198,170744,10257,4931,5326
30795,190814,20043,91715,13202,170769,10259,4932,5327
30800,190845,20048,91732,13206,170796,10261,4934,5327
30805,190876,20053,91748,13209,170822,10263,4936,5327
30810,190907,20055,91763,13211,170851,10265,4936,5329
30815,190938,20057,91776,13211,170880,10267,4937,5330
30820,190969,20059,91791,13212,170910,10269,4937,5332
30825,191000,20061,91811,13214,170938,10271,4938,5333
30830,191031,20063,91826,13215,170968,10273,4939,5334
30835,191062,20065,91836,13216,170997,10275,4939,5336
30840,191093,20067,91853,13218,171026,10277,4939,5338
30845,191124,20070,91869,13221,171054,10279,4940,5339
30850,191155,20074,91883,13223,171081,10281,4941,5340
30855,191186,20078,91896,13225,171108,10283,4943,5340
30860,191217,20082,91913,13228,171135,10285,4944,5341
30865,191248,20086,91930,13231,171162,10287,4945,5342
30870,191279,20089,91944,13232,171190,10289,4945,5344
30875,191310,20092,91966,13234,171218,10291,4947,5344
30880,191341,20095,91977,13235,171246,10293,4948,5345
30885,191372,20100,91993,13237,171272,10295,4949,5346
30890,191403,20105,92011,13240,171298,10297,4951,5346
30895,191434,20109,92027,13243,171325,10299,4953,5346
30900,191465,20113,92041,13244,171351,10301,4954,5347
30905,191496,20119,92053,13247,171375,10302,4954,5348
30910,191527,20127,92068,13252,171398,10303,4955,5348
30915,191558,20132,92084,13255,171425,10304,4956,5348
30920,191589,20137,92100,13258,171451,10305,4956,5349
30925,191620,20142,92116,13262,171477,10306,4957,5349
30930,191651,20146,92128,13266,171505,10307,4958,5349
30935,191682,20150,92138,13268,171532,10308,4958,5350
30940,191713,20152,92156,13269,171560,10309,4958,5351
30945,191744,20154,92170,13271,171588,10310,4958,5352
30950,191775,20157,92186,13274,171618,10311,4959,5352
30955,191806,20159,92200,13275,171645,10312,4959,5353
30960,191837,20161,92216,13275,171676,10313,4960,5353
30965,191868,20163,92231,13277,171705,10314,4961,5353
30970,191899,20165,92247,13278,171733,10315,4961,5354
30975,191930,20167,92263,13278,171762,10316,4961,5355
30980,191961,20170,92277,13281,171790,10317,4961,5356
30985,191992,20173,92292,13282,171819,10318,4962,5356
30990,192023,20175,92304,13282,171847,10319,4962,5357
30995,192054,20179,92323,13285,171875,10320,4962,5358
31000,192085,20182,92339,13288,171903,10321,4963,5358
31005,192116,20184,92351,13289,171930,10323,4964,5359
31010,192147,20190,92367,13294,171957,10325,4964,5361
31015,192178,20191,92378,13295,171987,10327,4965,5362
31020,192209,20193,92397,13296,172016,10329,4966,5363
31025,192240,20196,92413,13299,172044,10331,4966,5365
31030,192271,20199,92424,13301,172071,10333,4967,5366
31035,192302,20202,92436,13302,172099,10335,4967,5368
31040,192333,20205,92450,13303,172128,10337,4968,5369
31045,192364,20210,92468,13307,172154,10339,4969,5370
31050,192395,20213,92483,13309,172182,10341,4970,5371
31055,192426,20217,92496,13312,172209,10343,4971,5372
31060,192457,20221,92512,13316,172236,10345,4973,5372
31065,192488,20225,92532,13319,172263,10347,4975,5372
31070,192519,20231,92547,13323,172288,10349,4975,5374
31075,192550,20238,92560,13329,172312,10351,4976,5375
31080,192581,20244,92573,13334,172337,10353,4978,5375
31085,192612,20247,92585,13336,172365,10355,4980,5375
31090,192643,20249,92599,13336,172394,10357,4980,5377
31095,192674,20251,92613,13337,172423,10359,4981,5378
31100,192705,20254,92631,13338,172451,10361,4983,5378
31105,192736,20256,92644,13339,172480,10363,4984,5379
31110,192767,20259,92661,13342,172508,10365,4985,5380
31115,192798,20262,92675,13343,172536,10367,4986,5381
31120,192829,20265,92688,13345,172563,10369,4987,5382
31125,192860,20269,92706,13349,172590,10371,4988,5383
31130,192891,20274,92720,13353,172616,10373,4988,5385
31135,192922,20278,92733,13356,172643,10375,4990,5385
31140,192953,20281,92749,13356,172670,10377,4990,5387
31145,192984,20286,92766,13360,172697,10378,4991,5387
31150,193015,20288,92779,13361,172727,10379,4992,5387
31155,193046,20291,92798,13363,172754,10380,4993,5387
31160,193077,20294,92811,13364,172783,10381,4994,5387
31165,193108,20297,92828,13365,172811,10382,4994,5388
31170,193139,20300,92844,13366,172839,10383,4995,5388
31175,193170,20302,92860,13366,172867,10384,4996,5388
31180,193201,20306,92878,13369,172894,10385,4996,5389
31185,193232,20311,92897,13374,172921,10386,4996,5390
31190,193263,20313,92914,13376,172950,10387,4996,5391
31195,193294,20316,92928,13378,172977,10388,4997,5391
31200,193325,20319,92944,13379,173005,10389,4997,5392
31205,193356,20321,92962,13380,173035,10390,4997,5393
31210,193387,20323,92978,13380,173064,10391,4997,5394
31215,193418,20325,92992,13382,173093,10392,4998,5394
31220,193449,20327,93003,13383,173122,10393,4999,5394
31225,193480,20329,93017,13384,173150,10394,4999,5395
31230,193511,20332,93032,13386,173178,10395,5000,5395
31235,193542,20335,93044,13388,173207,10396,5001,5395
31240,193573,20337,93057,13389,173235,10397,5001,5396
31245,193604,20341,93069,13392,173262,10398,5001,5397
31250,193635,20346,93083,13396,173288,10400,5001,5399
31255,193666,20351,93102,13399,173315,10402,5003,5399
31260,193697,20356,93119,13403,173341,10404,5003,5401
31265,193728,20357,93134,13403,173371,10406,5005,5401
31270,193759,20358,93153,13403,173401,10408,5007,5401
31275,193790,20359,93170,13403,173431,10410,5008,5402
31280,193821,20360,93185,13403,173461,10412,5009,5403
31285,193852,20361,93198,13404,173491,10414,5009,5405
31290,193883,20363,93215,13405,173519,10416,5010,5406
31295,193914,20366,93229,13408,173548,10418,5011,5407
31300,193945,20369,93247,13410,173575,10420,5013,5407
31305,193976,20372,93258,13412,173602,10422,5013,5409
31310,194007,20378,93270,13416,173626,10424,5014,5410
31315,194038,20383,93281,13419,173653,10426,5014,5412
31320,194069,20388,93295,13422,173679,10428,5015,5413
31325,194100,20390,93313,13423,173709,10430,5017,5413
31330,194131,20391,93330,13424,173740,10432,5018,5414
31335,194162,20392,93343,13425,173769,10434,5018,5416
31340,194193,20393,93355,13425,173799,10436,5019,5417
31345,194224,20394,93364,13426,173830,10438,5019,5419
31350,194255,20395,93381,13427,173859,10440,5020,5420
31355,194286,20396,93395,13428,173890,10442,5021,5421
31360,194317,20397,93412,13428,173918,10444,5023,5421
31365,194348,20398,93431,13428,173948,10446,5024,5422
31370,194379,20401,93442,13430,173978,10448,5024,5424
31375,194410,20405,93455,13432,174005,10450,5024,5426
31380,194441,20409,93471,13433,174032,10452,5025,5427
31385,194472,20413,93487,13437,174059,10454,5026,5428
31390,194503,20418,93507,13441,174084,10456,5026,5430
31395,194534,20425,93521,13447,174107,10458,5026,5432
31400,194565,20431,93530,13452,174133,10460,5026,5434
31405,194596,20437,93546,13457,174159,10462,5027,5435
31410,194627,20441,93564,13460,174185,10464,5027,5437
31415,194658,20444,93578,13461,174214,10466,5027,5439
31420,194689,20446,93590,13462,174243,10468,5028,5440
31425,194720,20449,93607,13464,174271,10470,5029,5441
31430,194751,20453,93625,13468,174298,10472,5031,5441
31435,194782,20457,93642,13469,174324,10474,5033,5441
31440,194813,20462,93656,13471,174351,10476,5033,5443
31445,194844,20465,93667,13474,174378,10477,5033,5444
31450,194875,20470,93681,13478,174404,10478,5033,5445
31455,194906,20474,93695,13481,174431,10479,5033,5446
31460,194937,20478,93702,13482,174459,10480,5033,5447
31465,194968,20482,93713,13484,174485,10481,5033,5448
31470,194999,20485,93724,13486,174513,10482,5034,5448
31475,195030,20488,93737,13487,174542,10483,5035,5448
31480,195061,20490,93749,13488,174571,10484,5036,5448
31485,195092,20492,93761,13489,174600,10485,5036,5449
31490,195123,20495,93774,13490,174626,10486,5036,5450
31495,195154,20499,93788,13493,174655,10487,5037,5450
31500,195185,20501,93799,13493,174682,10488,5038,5450
31505,195216,20505,93817,13495,174709,10489,5039,5450
31510,195247,20508,93829,13497,174739,10490,5040,5450
31515,195278,20509,93847,13497,174769,10491,5041,5450
31520,195309,20510,93861,13498,174799,10492,5041,5451
31525,195340,20515,93876,13502,174824,10493,5041,5452
31530,195371,20519,93892,13505,174851,10494,5042,5452
31535,195402,20525,93905,13510,174876,10495,5043,5452
31540,195433,20529,93918,13513,174904,10496,5043,5453
31545,195464,20532,93932,13514,174929,10498,5044,5454
31550,195495,20537,93949,13518,174957,10500,5045,5455
31555,195526,20539,93967,13519,174986,10502,5047,5455
31560,195557,20540,93986,13519,175017,10504,5049,5455
31565,195588,20541,93998,13519,175047,10506,5051,5455
31570,195619,20542,94010,13520,175077,10508,5052,5456
31575,195650,20544,94022,13521,175106,10510,5053,5457
31580,195681,20546,94038,13522,175135,10512,5053,5459
31585,195712,20549,94055,13523,175163,10514,5054,5460
31590,195743,20552,94068,13525,175191,10516,5054,5462
31595,195774,20555,94081,13526,175219,10518,5055,5463
31600,195805,20558,94099,13528,175247,10520,5056,5464
31605,195836,20560,94113,13528,175276,10522,5058,5464
31610,195867,20562,94128,13529,175305,10524,5059,5465
31615,195898,20565,94151,13532,175332,10526,5061,5465
31620,195929,20570,94166,13535,175359,10528,5062,5466
31625,195960,20574,94181,13537,175385,10530,5063,5467
31630,195991,20578,94197,13541,175412,10532,5065,5467
31635,196022,20583,94218,13546,175439,10534,5067,5467
31640,196053,20586,94230,13547,175467,10536,5068,5468
31645,196084,20590,94243,13548,175493,10538,5069,5469
31650,196115,20595,94257,13550,175519,10540,5071,5469
31655,196146,20600,94268,13553,175546,10542,5072,5470
31660,196177,20607,94287,13560,175569,10544,5073,5471
31665,196208,20616,94304,13568,175590,10546,5074,5472
31670,196239,20624,94316,13574,175614,10548,5075,5473
31675,196270,20630,94329,13578,175637,10550,5076,5474
31680,196301,20640,94349,13586,175660,10552,5076,5476
31685,196332,20641,94364,13586,175691,10553,5077,5476
31690,196363,20642,94382,13586,175721,10554,5078,5476
31695,196394,20643,94396,13586,175748,10555,5079,5476
31700,196425,20644,94409,13586,175781,10556,5079,5477
31705,196456,20645,94425,13586,175808,10557,5080,5477
31710,196487,20646,94440,13587,175840,10558,5081,5477
31715,196518,20647,94455,13588,175871,10559,5081,5478
31720,196549,20648,94466,13588,175901,10560,5081,5479
31725,196580,20649,94477,13588,175931,10561,5081,5480
31730,196611,20650,94484,13588,175961,10562,5082,5480
31735,196642,20651,94496,13588,175991,10563,5082,5481
31740,196673,20652,94509,13589,176020,10564,5082,5482
31745,196704,20653,94523,13589,176051,10565,5082,5483
31750,196735,20654,94536,13590,176081,10566,5082,5484
31755,196766,20655,94551,13591,176111,10567,5082,5485
31760,196797,20656,94570,13591,176141,10568,5083,5485
31765,196828,20657,94587,13592,176171,10569,5083,5486
31770,196859,20658,94600,13592,176201,10570,5083,5487
31775,196890,20660,94610,13593,176230,10571,5084,5487
31780,196921,20662,94624,13594,176259,10572,5084,5488
31785,196952,20664,94636,13595,176287,10573,5085,5488
31790,196983,20670,94647,13600,176312,10575,5086,5489
31795,197014,20678,94665,13608,176336,10577,5088,5489
31800,197045,20684,94681,13611,176360,10579,5090,5489
31805,197076,20692,94694,13617,176383,10581,5091,5490
31810,197107,20699,94708,13622,176406,10583,5093,5490
31815,197138,20705,94719,13627,176431,10585,5094,5491
31820,197169,20712,94735,13633,176456,10587,5094,5493
31825,197200,20717,94752,13636,176482,10589,5095,5494
31830,197231,20721,94768,13640,176509,10591,5095,5496
31835,197262,20726,94780,13643,176535,10593,5096,5497
31840,197293,20729,94790,13644,176563,10595,5096,5499
31845,197324,20732,94804,13645,176591,10597,5097,5500
31850,197355,20734,94820,13646,176621,10599,5098,5501
31855,197386,20736,94835,13647,176649,10601,5099,5502
31860,197417,20739,94845,13649,176678,10603,5100,5503
31865,197448,20742,94860,13651,176705,10605,5102,5503
31870,197479,20745,94879,13654,176734,10607,5103,5504
31875,197510,20748,94894,13656,176761,10609,5104,5505
31880,197541,20751,94906,13657,176789,10611,5104,5507
31885,197572,20753,94920,13658,176819,10613,5105,5508
31890,197603,20755,94936,13659,176848,10615,5107,5508
31895,197634,20757,94952,13661,176877,10617,5109,5508
31900,197665,20760,94971,13663,176905,10619,5110,5509
31905,197696,20763,94990,13666,176933,10621,5111,5510
31910,197727,20766,95009,13668,176961,10623,5112,5511
31915,197758,20769,95025,13671,176989,10625,5113,5512
31920,197789,20771,95040,13672,177018,10627,5114,5513
31925,197820,20773,95054,13673,177047,10629,5116,5513
31930,197851,20775,95069,13674,177076,10631,5116,5515
31935,197882,20777,95080,13674,177105,10633,5117,5516
31940,197913,20779,95092,13675,177134,10635,5118,5517
31945,197944,20781,95111,13676,177162,10637,5119,5518
31950,197975,20785,95126,13678,177188,10639,5121,5518
31955,198006,20790,95139,13682,177215,10641,5122,5519
31960,198037,20794,95154,13684,177242,10643,5123,5520
31965,198068,20798,95169,13687,177268,10645,5124,5521
31970,198099,20804,95182,13691,177293,10647,5124,5523
31975,198130,20812,95199,13698,177317,10649,5125,5524
31980,198161,20816,95213,13700,177343,10651,5126,5525
31985,198192,20823,95230,13706,177367,10653,5127,5526
31990,198223,20829,95246,13710,177393,10655,5129,5526
31995,198254,20836,95258,13715,177418,10657,5129,5528
32000,198285,20838,95270,13716,177446,10659,5129,5530
32005,198316,20840,95285,13718,177475,10661,5131,5530
32010,198347,20844,95300,13722,177502,10663,5131,5532
32015,198378,20845,95311,13722,177533,10665,5132,5533
32020,198409,20846,95328,13723,177563,10667,5134,5533
32025,198440,20847,95347,13724,177592,10669,5135,5534
32030,198471,20849,95368,13724,177621,10671,5136,5535
32035,198502,20852,95380,13726,177650,10673,5136,5537
32040,198533,20854,95393,13727,177679,10675,5136,5539
32045,198564,20856,95409,13729,177708,10676,5137,5539
32050,198595,20859,95421,13731,177736,10677,5138,5539
32055,198626,20861,95433,13732,177765,10678,5139,5539
32060,198657,20864,95445,13733,177793,10679,5140,5539
32065,198688,20867,95459,13734,177821,10680,5141,5539
32070,198719,20869,95479,13734,177850,10681,5141,5540
32075,198750,20872,95496,13736,177878,10682,5142,5540
32080,198781,20874,95509,13737,177907,10683,5143,5540
32085,198812,20876,95525,13739,177935,10684,5144,5540
32090,198843,20878,95534,13740,177965,10685,5144,5541
32095,198874,20880,95547,13742,177993,10686,5145,5541
32100,198905,20883,95560,13743,178022,10687,5146,5541
32105,198936,20886,95576,13746,178050,10688,5146,5542
32110,198967,20888,95589,13748,178079,10689,5146,5543
32115,198998,20890,95600,13749,178107,10690,5146,5544
32120,199029,20895,95615,13752,178134,10691,5147,5544
32125,199060,20899,95634,13755,178161,10692,5147,5545
32130,199091,20902,95648,13757,178188,10693,5147,5546
32135,199122,20907,95668,13760,178213,10694,5147,5547
32140,199153,20913,95686,13763,178239,10695,5148,5547
32145,199184,20919,95698,13766,178264,10697,5148,5549
32150,199215,20925,95715,13769,178289,10699,5150,5549
32155,199246,20932,95730,13773,178312,10701,5150,5551
32160,199277,20940,95745,13779,178336,10703,5151,5552
32165,199308,20942,95765,13780,178365,10705,5153,5552
32170,199339,20944,95778,13781,178395,10707,5153,5554
32175,199370,20945,95794,13781,178424,10709,5155,5554
32180,199401,20948,95813,13784,178451,10711,5155,5556
32185,199432,20952,95832,13788,178480,10713,5156,5557
32190,199463,20952,95847,13788,178510,10715,5158,5557
32195,199494,20952,95863,13788,178542,10717,5160,5557
32200,199525,20952,95875,13788,178573,10719,5160,5559
32205,199556,20952,95886,13788,178604,10721,5161,5560
32210,199587,20953,95904,13789,178633,10723,5162,5561
32215,199618,20954,95920,13789,178663,10725,5163,5562
32220,199649,20955,95940,13790,178693,10727,5163,5564
32225,199680,20956,95955,13791,178724,10728,5163,5565
32230,199711,20957,95972,13792,178754,10729,5163,5566
32235,199742,20958,95985,13792,178784,10730,5163,5567
32240,199773,20959,96000,13792,178814,10731,5163,5568
32245,199804,20960,96012,13792,178844,10732,5164,5568
32250,199835,20961,96031,13793,178873,10733,5165,5568
32255,199866,20962,96047,13794,178904,10734,5165,5569
32260,199897,20963,96065,13795,178934,10735,5166,5569
32265,199928,20965,96077,13795,178963,10736,5166,5570
32270,199959,20969,96091,13799,178990,10737,5166,5571
32275,199990,20972,96106,13801,179018,10738,5167,5571
32280,200021,20976,96122,13805,179045,10739,5167,5572
32285,200052,20979,96138,13807,179073,10740,5167,5573
32290,200083,20983,96153,13809,179100,10741,5168,5573
32295,200114,20987,96166,13810,179126,10742,5168,5574
32300,200145,20992,96180,13813,179152,10743,5168,5575
32305,200176,20998,96197,13817,179177,10744,5169,5575
32310,200207,21004,96213,13820,179202,10745,5170,5575
32315,200238,21010,96232,13825,179227,10746,5170,5576
32320,200269,21016,96242,13827,179252,10747,5171,5576
32325,200300,21022,96258,13830,179277,10748,5172,5576
32330,200331,21027,96272,13832,179303,10750,5172,5578
32335,200362,21033,96284,13834,179328,10752,5173,5579
32340,200393,21040,96299,13840,179352,10754,5174,5580
32345,200424,21045,96313,13843,179379,10756,5175,5581
32350,200455,21050,96325,13845,179405,10758,5175,5583
32355,200486,21054,96338,13846,179432,10760,5176,5584
32360,200517,21057,96353,13847,179460,10762,5177,5585
32365,200548,21061,96364,13849,179487,10764,5177,5587
32370,200579,21065,96376,13851,179513,10766,5177,5589
32375,200610,21071,96395,13855,179539,10768,5178,5590
32380,200641,21073,96411,13855,179567,10770,5179,5591
32385,200672,21076,96425,13856,179596,10772,5180,5592
32390,200703,21078,96440,13856,179624,10774,5181,5593
32395,200734,21080,96452,13856,179654,10776,5182,5594
32400,200765,21082,96467,13857,179682,10778,5183,5595
32405,200796,21084,96484,13858,179711,10780,5184,5596
32410,200827,21087,96500,13859,179740,10782,5186,5596
32415,200858,21089,96515,13860,179769,10784,5187,5597
32420,200889,21091,96527,13860,179798,10786,5187,5599
32425,200920,21093,96550,13861,179826,10788,5187,5601
32430,200951,21095,96567,13862,179855,10790,5188,5602
32435,200982,21098,96578,13863,179884,10792,5188,5604
32440,201013,21101,96594,13864,179912,10794,5189,5605
32445,201044,21103,96613,13866,179941,10796,5191,5605
32450,201075,21105,96630,13866,179969,10798,5191,5607
32455,201106,21107,96649,13868,179999,10800,5192,5608
32460,201137,21110,96665,13870,180027,10802,5194,5608
32465,201168,21114,96687,13872,180054,10804,5195,5609
32470,201199,21118,96704,13875,180081,10806,5197,5609
32475,201230,21121,96723,13876,180109,10808,5198,5610
32480,201261,21125,96741,13879,180136,10810,5198,5612
32485,201292,21130,96758,13882,180161,10812,5198,5614
32490,201323,21134,96773,13884,180188,10814,5199,5615
32495,201354,21138,96789,13887,180215,10816,5200,5616
32500,201385,21142,96799,13889,180243,10818,5200,5618
32505,201416,21146,96812,13892,180269,10820,5201,5619
32510,201447,21151,96831,13897,180294,10822,5201,5621
32515,201478,21158,96844,13903,180320,10824,5203,5621
32520,201509,21162,96864,13906,180344,10826,5204,5622
32525,201540,21169,96883,13913,180370,10828,5205,5623
32530,201571,21174,96902,13918,180397,10830,5206,5624
32535,201602,21176,96920,13919,180426,10832,5206,5626
32540,201633,21178,96933,13920,180455,10834,5207,5627
32545,201664,21180,96950,13921,180484,10836,5208,5628
32550,201695,21183,96965,13923,180512,10838,5210,5628
32555,201726,21185,96977,13924,180541,10840,5212,5628
32560,201757,21189,96992,13927,180568,10842,5212,5630
32565,201788,21191,97008,13928,180596,10844,5213,5631
32570,201819,21194,97024,13930,180623,10846,5214,5632
32575,201850,21199,97041,13934,180649,10848,5214,5634
32580,201881,21201,97055,13936,180680,10850,5215,5635
32585,201912,21202,97067,13936,180710,10852,5216,5636
32590,201943,21203,97084,13936,180739,10854,5217,5637
32595,201974,21205,97098,13937,180768,10856,5218,5638
32600,202005,21208,97113,13940,180797,10858,5218,5640
32605,202036,21210,97130,13941,180825,10860,5219,5641
32610,202067,21213,97145,13942,180852,10862,5219,5643
32615,202098,21215,97158,13944,180883,10864,5219,5645
32620,202129,21218,97170,13945,180911,10866,5219,5647
32625,202160,21221,97187,13947,180939,10868,5221,5647
32630,202191,21224,97204,13948,180967,10870,5223,5647
32635,202222,21226,97215,13948,180996,10872,5224,5648
32640,202253,21232,97232,13953,181020,10874,5225,5649
32645,202284,21238,97248,13958,181046,10875,5226,5649
32650,202315,21243,97258,13962,181071,10876,5226,5650
32655,202346,21248,97272,13965,181096,10877,5226,5651
32660,202377,21254,97286,13969,181123,10878,5226,5652
32665,202408,21259,97304,13974,181148,10879,5227,5652
32670,202439,21265,97316,13977,181174,10880,5227,5653
32675,202470,21269,97327,13978,181200,10881,5227,5654
32680,202501,21272,97348,13981,181228,10882,5227,5655
32685,202532,21276,97359,13984,181255,10883,5227,5656
32690,202563,21279,97375,13987,181284,10884,5228,5656
32695,202594,21282,97397,13989,181311,10885,5229,5656
32700,202625,21287,97413,13992,181337,10886,5230,5656
32705,202656,21290,97431,13993,181366,10887,5231,5656
32710,202687,21292,97450,13993,181395,10888,5231,5657
32715,202718,21294,97462,13993,181423,10889,5232,5657
32720,202749,21297,97473,13995,181452,10890,5232,5658
32725,202780,21299,97489,13996,181480,10891,5233,5658
32730,202811,21302,97506,13998,181509,10892,5234,5658
32735,202842,21304,97520,13998,181538,10893,5234,5659
32740,202873,21306,97536,13999,181567,10894,5235,5659
32745,202904,21308,97552,14001,181596,10896,5235,5661
32750,202935,21311,97567,14003,181622,10898,5235,5663
32755,202966,21316,97585,14006,181648,10900,5236,5664
32760,202997,21320,97604,14010,181675,10902,5238,5664
32765,203028,21323,97619,14012,181705,10903,5238,5665
32770,203059,21324,97634,14012,181735,10904,5239,5665
32775,203090,21325,97644,14013,181765,10905,5239,5666
32780,203121,21326,97655,14013,181795,10906,5239,5667
32785,203152,21327,97668,14014,181825,10907,5239,5668
32790,203183,21330,97684,14016,181853,10908,5240,5668
32795,203214,21333,97700,14018,181879,10909,5240,5669
32800,203245,21336,97716,14020,181908,10910,5240,5670
32805,203276,21340,97732,14023,181935,10911,5240,5671
32810,203307,21344,97743,14025,181963,10912,5240,5672
32815,203338,21348,97758,14027,181990,10913,5240,5673
32820,203369,21353,97773,14030,182016,10914,5240,5674
32825,203400,21357,97783,14032,182043,10915,5240,5675
32830,203431,21361,97796,14035,182070,10916,5241,5675
32835,203462,21366,97812,14037,182096,10917,5242,5675
32840,203493,21369,97829,14039,182124,10918,5243,5675
32845,203524,21371,97839,14040,182153,10919,5244,5675
32850,203555,21373,97853,14041,182182,10920,5244,5676
32855,203586,21375,97871,14042,182211,10921,5244,5677
32860,203617,21377,97882,14043,182240,10922,5244,5678
32865,203648,21380,97902,14045,182267,10923,5245,5678
32870,203679,21383,97921,14047,182295,10925,5246,5679
32875,203710,21388,97937,14050,182320,10927,5247,5680
32880,203741,21395,97952,14054,182345,10929,5249,5680
32885,203772,21399,97964,14055,182372,10931,5249,5682
32890,203803,21404,97978,14058,182397,10933,5250,5683
32895,203834,21409,97993,14062,182424,10935,5250,5685
32900,203865,21415,98011,14068,182449,10937,5251,5686
32905,203896,21419,98023,14070,182477,10939,5253,5686
32910,203927,21422,98037,14071,182504,10941,5254,5687
32915,203958,21427,98049,14073,182531,10943,5255,5688
32920,203989,21431,98063,14076,182558,10945,5256,5689
32925,204020,21435,98076,14077,182582,10947,5256,5691
32930,204051,21440,98086,14080,182610,10949,5258,5691
32935,204082,21443,98105,14082,182638,10951,5258,5693
32940,204113,21445,98126,14083,182668,10953,5259,5694
32945,204144,21447,98143,14085,182697,10955,5261,5694
32950,204175,21450,98161,14086,182725,10957,5262,5695
32955,204206,21453,98180,14088,182753,10959,5264,5695
32960,204237,21456,98198,14090,182781,10961,5266,5695
32965,204268,21459,98213,14093,182809,10963,5267,5696
32970,204299,21462,98228,14096,182837,10965,5268,5697
32975,204330,21465,98242,14097,182865,10967,5269,5698
32980,204361,21467,98256,14097,182894,10969,5270,5699
32985,204392,21469,98271,14098,182923,10971,5272,5699
32990,204423,21473,98290,14100,182950,10973,5273,5700
32995,204454,21477,98305,14103,182977,10975,5274,5701
33000,204485,21481,98321,14106,183004,10977,5275,5702
33005,204516,21482,98335,14107,183034,10979,5275,5704
33010,204547,21482,98347,14107,183065,10981,5275,5706
33015,204578,21482,98363,14107,183096,10983,5277,5706
33020,204609,21482,98374,14107,183127,10985,5277,5708
33025,204640,21482,98389,14107,183158,10987,5278,5709
33030,204671,21482,98397,14107,183189,10989,5279,5710
33035,204702,21482,98412,14107,183220,10991,5280,5711
33040,204733,21484,98427,14109,183248,10993,5282,5711
33045,204764,21489,98441,14112,183275,10995,5283,5712
33050,204795,21494,98456,14116,183299,10997,5284,5713
33055,204826,21499,98476,14121,183324,10999,5286,5713
33060,204857,21506,98494,14127,183350,11001,5287,5714
33065,204888,21507,98509,14128,183381,11003,5288,5715
33070,204919,21509,98522,14130,183410,11005,5290,5715
33075,204950,21511,98537,14131,183439,11007,5290,5717
33080,204981,21513,98551,14133,183468,11009,5291,5718
33085,205012,21514,98567,14134,183498,11011,5291,5720
33090,205043,21515,98585,14134,183527,11013,5292,5721
33095,205074,21516,98601,14135,183557,11015,5293,5722
33100,205105,21517,98615,14135,183588,11017,5293,5724
33105,205136,21519,98628,14136,183616,11019,5295,5724
33110,205167,21522,98642,14137,183643,11021,5296,5725
33115,205198,21527,98654,14140,183671,11023,5297,5726
33120,205229,21530,98667,14141,183698,11025,5297,5728
33125,205260,21536,98687,14145,183722,11027,5299,5728
33130,205291,21542,98702,14149,183748,11029,5301,5728
33135,205322,21546,98715,14151,183775,11031,5302,5729
33140,205353,21549,98732,14153,183803,11033,5303,5730
33145,205384,21552,98746,14154,183832,11035,5304,5731
33150,205415,21555,98762,14155,183860,11037,5305,5732
33155,205446,21559,98772,14158,183887,11039,5305,5734
33160,205477,21563,98785,14160,183913,11041,5305,5736
33165,205508,21567,98803,14163,183941,11043,5306,5737
33170,205539,21574,98825,14168,183964,11045,5307,5738
33175,205570,21581,98839,14173,183988,11047,5308,5739
33180,205601,21586,98855,14177,184015,11049,5309,5740
33185,205632,21589,98871,14178,184042,11051,5310,5741
33190,205663,21596,98888,14184,184066,11053,5310,5743
33195,205694,21601,98906,14189,184092,11055,5311,5744
33200,205725,21605,98923,14193,184120,11057,5311,5746
33205,205756,21606,98938,14193,184150,11059,5311,5748
33210,205787,21607,98949,14194,184180,11061,5311,5750
33215,205818,21608,98966,14194,184210,11063,5311,5752
33220,205849,21609,98981,14195,184240,11065,5313,5752
33225,205880,21610,98996,14195,184270,11067,5313,5754
33230,205911,21611,99018,14196,184300,11069,5314,5755
33235,205942,21612,99030,14196,184330,11071,5315,5756
33240,205973,21613,99044,14196,184360,11073,5316,5757
33245,206004,21614,99057,14197,184390,11074,5316,5758
33250,206035,21615,99073,14198,184420,11075,5317,5758
33255,206066,21616,99088,14198,184450,11076,5317,5759
33260,206097,21617,99102,14198,184480,11077,5318,5759
33265,206128,21618,99116,14199,184510,11078,5319,5759
33270,206159,21619,99136,14200,184540,11079,5320,5759
33275,206190,21620,99147,14200,184570,11080,5320,5760
33280,206221,21622,99162,14200,184599,11081,5320,5761
33285,206252,21624,99178,14201,184628,11082,5320,5762
33290,206283,21627,99190,14203,184656,11083,5320,5763
33295,206314,21630,99204,14206,184684,11084,5321,5763
33300,206345,21635,99216,14209,184709,11085,5321,5764
33305,206376,21642,99233,14213,184733,11085,5321,5764
33310,206407,21647,99248,14216,184760,11085,5321,5764
33315,206438,21652,99263,14220,184786,11085,5321,5764
33320,206469,21657,99279,14222,184812,11085,5321,5764
33325,206500,21663,99293,14225,184835,11085,5321,5764
33330,206531,21669,99308,14230,184861,11085,5321,5764
33335,206562,21677,99324,14235,184884,11085,5321,5764
33340,206593,21684,99340,14241,184909,11085,5321,5764
33345,206624,21690,99355,14245,184934,11086,5321,5765
33350,206655,21694,99372,14247,184960,11087,5321,5766
33355,206686,21698,99385,14249,184987,11088,5321,5767
33360,206717,21701,99403,14250,185015,11089,5322,5767
33365,206748,21704,99414,14252,185044,11090,5323,5767
33370,206779,21707,99427,14253,185072,11091,5323,5768
33375,206810,21710,99442,14255,185100,11092,5323,5769
33380,206841,21714,99456,14258,185127,11093,5324,5769
33385,206872,21717,99473,14259,185153,11094,5325,5769
33390,206903,21723,99486,14264,185180,11095,5325,5770
33395,206934,21725,99501,14265,185209,11096,5325,5771
33400,206965,21727,99519,14266,185238,11097,5326,5771
33405,206996,21730,99532,14267,185266,11098,5327,5771
33410,207027,21732,99544,14268,185295,11100,5328,5772
33415,207058,21735,99563,14271,185323,11102,5328,5774
33420,207089,21738,99583,14274,185351,11104,5329,5775
33425,207120,21741,99596,14275,185379,11106,5330,5776
33430,207151,21743,99614,14276,185408,11108,5331,5777
33435,207182,21745,99631,14278,185437,11110,5332,5778
33440,207213,21747,99646,14280,185466,11112,5334,5778
33445,207244,21749,99658,14282,185495,11114,5335,5779
33450,207275,21751,99674,14282,185524,11116,5336,5780
33455,207306,21754,99691,14284,185551,11118,5337,5781
33460,207337,21759,99709,14288,185577,11120,5338,5782
33465,207368,21763,99725,14291,185604,11122,5339,5783
33470,207399,21767,99737,14292,185632,11124,5339,5785
33475,207430,21770,99748,14293,185659,11126,5340,5786
33480,207461,21775,99768,14296,185684,11128,5341,5787
33485,207492,21778,99786,14298,185714,11130,5342,5788
33490,207523,21780,99802,14299,185743,11132,5343,5789
33495,207554,21783,99818,14300,185770,11134,5344,5790
33500,207585,21789,99830,14304,185796,11136,5345,5791
33505,207616,21792,99841,14305,185823,11138,5347,5791
33510,207647,21798,99855,14311,185847,11140,5347,5793
33515,207678,21805,99868,14317,185873,11142,5348,5794
33520,207709,21807,99885,14317,185902,11144,5350,5794
33525,207740,21810,99902,14319,185930,11146,5351,5795
33530,207771,21812,99913,14320,185959,11148,5351,5797
33535,207802,21814,99928,14322,185988,11150,5352,5798
33540,207833,21817,99944,14324,186016,11152,5352,5800
33545,207864,21820,99960,14326,186044,11154,5353,5801
33550,207895,21822,99975,14326,186072,11156,5355,5801
33555,207926,21826,99993,14329,186099,11158,5356,5802
33560,207957,21832,100013,14334,186124,11160,5357,5803
33565,207988,21836,100028,14336,186151,11162,5359,5803
33570,208019,21838,100037,14337,186181,11164,5359,5805
33575,208050,21839,100053,14338,186211,11166,5360,5806
33580,208081,21840,100071,14339,186241,11168,5361,5807
33585,208112,21843,100089,14341,186269,11170,5362,5808
33590,208143,21845,100102,14343,186298,11172,5362,5810
33595,208174,21847,100116,14344,186326,11174,5363,5811
33600,208205,21850,100130,14346,186355,11176,5364,5812
33605,208236,21853,100145,14348,186383,11178,5364,5814
33610,208267,21855,100157,14349,186412,11180,5365,5815
33615,208298,21858,100173,14352,186440,11182,5367,5815
33620,208329,21861,100188,14355,186468,11184,5368,5816
33625,208360,21864,100202,14356,186495,11186,5369,5817
33630,208391,21869,100215,14358,186522,11188,5371,5817
33635,208422,21873,100231,14360,186548,11190,5372,5818
33640,208453,21878,100246,14364,186574,11192,5372,5820
33645,208484,21882,100262,14365,186602,11194,5373,5821
33650,208515,21886,100277,14366,186628,11196,5373,5823
33655,208546,21891,100290,14369,186655,11198,5373,5825
33660,208577,21894,100304,14371,186683,11200,5374,5826
33665,208608,21896,100321,14372,186712,11202,5375,5827
33670,208639,21898,100338,14372,186740,11204,5376,5828
33675,208670,21902,100353,14373,186767,11206,5376,5830
33680,208701,21907,100367,14376,186794,11208,5377,5831
33685,208732,21911,100382,14379,186820,11210,5378,5832
33690,208763,21916,100403,14382,186846,11212,5379,5833
33695,208794,21921,100419,14385,186872,11214,5379,5835
33700,208825,21926,100436,14389,186898,11216,5380,5836
33705,208856,21932,100453,14392,186923,11218,5382,5836
33710,208887,21938,100469,14396,186947,11220,5382,5838
33715,208918,21942,100483,14399,186976,11222,5384,5838
33720,208949,21944,100500,14400,187005,11224,5386,5838
33725,208980,21946,100512,14402,187033,11226,5387,5839
33730,209011,21948,100526,14402,187063,11228,5388,5840
33735,209042,21950,100544,14404,187092,11230,5390,5840
33740,209073,21952,100560,14405,187121,11232,5391,5841
33745,209104,21954,100577,14407,187150,11234,5393,5841
33750,209135,21956,100592,14409,187179,11236,5393,5843
33755,209166,21958,100608,14409,187208,11238,5395,5843
33760,209197,21960,100620,14410,187237,11240,5395,5845
33765,209228,21964,100634,14412,187264,11242,5395,5847
33770,209259,21971,100648,14416,187287,11244,5396,5848
33775,209290,21976,100667,14419,187314,11246,5398,5848
33780,209321,21979,100681,14422,187342,11248,5399,5849
33785,209352,21982,100698,14424,187370,11249,5399,5850
33790,209383,21985,100714,14425,187397,11250,5399,5851
33795,209414,21987,100728,14426,187427,11251,5399,5852
33800,209445,21989,100741,14427,187456,11252,5400,5852
33805,209476,21992,100762,14428,187484,11253,5401,5852
33810,209507,21994,100777,14428,187513,11254,5401,5853
33815,209538,21996,100793,14430,187542,11255,5402,5853
33820,209569,21999,100808,14431,187570,11256,5403,5853
33825,209600,22002,100827,14433,187598,11257,5404,5853
33830,209631,22005,100840,14434,187626,11258,5405,5853
33835,209662,22008,100850,14435,187654,11259,5405,5854
33840,209693,22013,100862,14439,187680,11260,5405,5855
33845,209724,22015,100880,14441,187707,11260,5405,5855
33850,209755,22019,100892,14444,187735,11260,5405,5855
33855,209786,22022,100906,14447,187762,11260,5405,5855
33860,209817,22026,100921,14450,187790,11260,5405,5855
33865,209848,22028,100942,14451,187819,11260,5405,5855
33870,209879,22030,100960,14453,187847,11260,5405,5855
33875,209910,22034,100971,14455,187876,11260,5405,5855
33880,209941,22038,100983,14458,187903,11260,5405,5855
33885,209972,22047,101001,14466,187923,11261,5405,5856
33890,210003,22053,101017,14471,187950,11262,5406,5856
33895,210034,22057,101030,14472,187975,11263,5406,5857
33900,210065,22062,101045,14476,188002,11264,5406,5858
33905,210096,22064,101066,14477,188032,11265,5406,5859
33910,210127,22066,101086,14478,188061,11266,5407,5859
33915,210158,22068,101102,14479,188090,11267,5408,5859
33920,210189,22070,101124,14481,188119,11268,5409,5859
33925,210220,22073,101140,14482,188147,11269,5409,5860
33930,210251,22075,101158,14484,188176,11270,5410,5860
33935,210282,22077,101171,14485,188205,11271,5410,5861
33940,210313,22079,101188,14486,188234,11272,5411,5861
33945,210344,22082,101204,14489,188262,11273,5412,5861
33950,210375,22086,101219,14491,188289,11275,5412,5863
33955,210406,22090,101232,14494,188316,11277,5412,5865
33960,210437,22094,101248,14496,188343,11279,5413,5866
33965,210468,22097,101262,14498,188371,11281,5414,5867
33970,210499,22099,101273,14499,188400,11283,5415,5868
33975,210530,22101,101290,14500,188429,11285,5415,5870
33980,210561,22103,101303,14502,188458,11287,5415,5872
33985,210592,22105,101318,14504,188487,11289,5416,5873
33990,210623,22108,101332,14506,188512,11291,5418,5873
33995,210654,22111,101346,14508,188541,11293,5418,5875
34000,210685,22112,101363,14508,188573,11295,5419,5876
34005,210716,22113,101375,14508,188603,11297,5421,5876
34010,210747,22115,101392,14509,188631,11299,5422,5877
34015,210778,22117,101407,14510,188659,11301,5422,5879
34020,210809,22120,101426,14512,188688,11303,5424,5879
34025,210840,22124,101445,14515,188715,11305,5426,5879
34030,210871,22127,101456,14517,188743,11307,5426,5881
34035,210902,22130,101471,14519,188771,11309,5428,5881
34040,210933,22133,101486,14520,188799,11311,5428,5883
34045,210964,22137,101505,14522,188824,11313,5430,5883
34050,210995,22141,101519,14526,188853,11315,5431,5884
34055,211026,22144,101535,14529,188881,11317,5433,5884
34060,211057,22148,101544,14531,188908,11319,5434,5885
34065,211088,22153,101556,14535,188935,11321,5434,5887
34070,211119,22155,101572,14537,188964,11323,5436,5887
34075,211150,22158,101588,14540,188992,11325,5437,5888
34080,211181,22161,101608,14543,189019,11327,5438,5889
34085,211212,22164,101625,14546,189048,11329,5439,5890
34090,211243,22167,101640,14548,189076,11331,5440,5891
34095,211274,22169,101655,14549,189105,11333,5441,5892
34100,211305,22172,101668,14551,189133,11335,5442,5893
34105,211336,22176,101684,14554,189160,11337,5443,5894
34110,211367,22179,101694,14555,189187,11339,5445,5894
34115,211398,22184,101710,14560,189214,11341,5445,5896
34120,211429,22188,101724,14562,189241,11343,5447,5896
34125,211460,22192,101735,14564,189266,11345,5447,5898
34130,211491,22200,101752,14571,189291,11347,5449,5898
34135,211522,22205,101763,14575,189317,11349,5450,5899
34140,211553,22212,101781,14579,189341,11351,5451,5900
34145,211584,22215,101797,14582,189369,11353,5452,5901
34150,211615,22218,101813,14584,189397,11355,5454,5901
34155,211646,22220,101824,14585,189426,11357,5454,5903
34160,211677,22222,101839,14587,189455,11359,5455,5904
34165,211708,22224,101852,14588,189484,11361,5456,5905
34170,211739,22227,101863,14591,189512,11363,5456,5907
34175,211770,22231,101880,14594,189538,11365,5457,5908
34180,211801,22235,101892,14597,189565,11367,5458,5909
34185,211832,22238,101905,14599,189592,11369,5460,5909
34190,211863,22241,101916,14600,189621,11371,5461,5910
34195,211894,22244,101931,14602,189648,11373,5462,5911
34200,211925,22247,101942,14603,189677,11375,5462,5913
34205,211956,22249,101956,14605,189707,11377,5462,5915
34210,211987,22251,101967,14606,189736,11379,5464,5915
34215,212018,22254,101983,14607,189761,11381,5464,5917
34220,212049,22258,101998,14610,189791,11383,5464,5919
34225,212080,22261,102009,14613,189818,11385,5464,5921
34230,212111,22264,102024,14615,189845,11387,5464,5923
34235,212142,22266,102038,14616,189875,11389,5465,5924
34240,212173,22267,102054,14616,189906,11391,5467,5924
34245,212204,22268,102064,14616,189935,11393,5468,5925
34250,212235,22272,102077,14618,189961,11395,5468,5927
34255,212266,22276,102092,14620,189989,11397,5468,5929
34260,212297,22281,102106,14623,190016,11399,5468,5931
34265,212328,22285,102120,14627,190043,11401,5469,5932
34270,212359,22289,102138,14630,190070,11403,5470,5933
34275,212390,22292,102154,14631,190097,11405,5471,5934
34280,212421,22297,102173,14635,190124,11407,5473,5934
34285,212452,22300,102186,14637,190152,11409,5474,5935
34290,212483,22303,102201,14638,190180,11411,5474,5937
34295,212514,22306,102221,14640,190208,11413,5475,5938
34300,212545,22308,102238,14641,190237,11415,5476,5939
34305,212576,22311,102254,14643,190265,11417,5477,5940
34310,212607,22313,102269,14643,190293,11419,5478,5941
34315,212638,22316,102282,14644,190322,11421,5479,5942
34320,212669,22319,102295,14645,190350,11423,5481,5942
34325,212700,22321,102311,14647,190379,11424,5481,5943
34330,212731,22323,102325,14647,190408,11425,5481,5944
34335,212762,22325,102345,14649,190436,11426,5482,5944
34340,212793,22329,102359,14652,190463,11427,5483,5944
34345,212824,22334,102376,14656,190489,11428,5484,5944
34350,212855,22339,102388,14658,190515,11429,5484,5945
34355,212886,22343,102398,14660,190543,11430,5485,5945
34360,212917,22346,102414,14660,190570,11431,5485,5946
34365,212948,22350,102428,14661,190597,11432,5485,5947
34370,212979,22354,102442,14665,190623,11433,5486,5947
34375,213010,22360,102463,14670,190648,11434,5487,5947
34380,213041,22365,102479,14673,190675,11435,5487,5948
34385,213072,22370,102495,14678,190702,11435,5487,5948
34390,213103,22375,102515,14682,190727,11435,5487,5948
34395,213134,22381,102529,14685,190752,11435,5487,5948
34400,213165,22386,102544,14689,190778,11435,5487,5948
34405,213196,22390,102559,14691,190805,11435,5487,5948
34410,213227,22393,102569,14691,190832,11435,5487,5948
34415,213258,22397,102588,14694,190860,11435,5487,5948
34420,213289,22401,102604,14697,190887,11435,5487,5948
34425,213320,22405,102619,14699,190914,11436,5488,5948
34430,213351,22408,102632,14701,190942,11437,5489,5948
34435,213382,22412,102648,14704,190969,11438,5489,5949
34440,213413,22415,102665,14704,190998,11439,5490,5949
34445,213444,22420,102680,14708,191024,11440,5490,5950
34450,213475,22423,102698,14711,191052,11441,5490,5951
34455,213506,22427,102712,14713,191079,11442,5490,5952
34460,213537,22430,102730,14716,191107,11443,5491,5952
34465,213568,22432,102749,14718,191135,11444,5491,5953
34470,213599,22436,102766,14722,191163,11445,5491,5954
34475,213630,22438,102782,14724,191192,11446,5491,5955
34480,213661,22441,102798,14726,191220,11447,5492,5955
34485,213692,22443,102811,14727,191249,11448,5493,5955
34490,213723,22446,102834,14730,191276,11450,5495,5955
34495,213754,22448,102847,14731,191306,11452,5496,5956
34500,213785,22449,102862,14732,191336,11454,5497,5957
34505,213816,22451,102877,14733,191364,11456,5498,5958
34510,213847,22455,102889,14735,191392,11458,5499,5959
34515,213878,22457,102902,14736,191421,11460,5499,5961
34520,213909,22459,102913,14736,191449,11462,5500,5962
34525,213940,22462,102933,14739,191477,11464,5502,5962
34530,213971,22466,102950,14743,191505,11466,5504,5962
34535,214002,22469,102962,14745,191532,11468,5504,5964
34540,214033,22473,102977,14748,191560,11470,5505,5965
34545,214064,22476,102990,14750,191585,11472,5506,5966
34550,214095,22481,103006,14754,191613,11474,5507,5967
34555,214126,22485,103022,14758,191641,11476,5507,5969
34560,214157,22486,103040,14758,191671,11478,5509,5969
34565,214188,22488,103054,14759,191700,11480,5510,5970
34570,214219,22491,103072,14760,191728,11482,5511,5971
34575,214250,22493,103083,14760,191757,11484,5511,5973
34580,214281,22495,103097,14761,191786,11486,5511,5975
34585,214312,22498,103113,14763,191814,11488,5511,5977
34590,214343,22501,103133,14766,191842,11490,5513,5977
34595,214374,22504,103152,14768,191870,11492,5515,5977
34600,214405,22509,103170,14773,191896,11494,5516,5978
34605,214436,22514,103188,14778,191922,11496,5518,5978
34610,214467,22518,103202,14782,191949,11498,5519,5979
34615,214498,22521,103215,14782,191977,11500,5520,5980
34620,214529,22526,103231,14785,192003,11502,5521,5981
34625,214560,22531,103250,14787,192029,11504,5522,5982
34630,214591,22534,103268,14788,192057,11506,5522,5984
34635,214622,22537,103277,14790,192085,11508,5523,5985
34640,214653,22541,103288,14791,192112,11510,5525,5985
34645,214684,22545,103304,14793,192139,11512,5525,5987
34650,214715,22550,103322,14797,192165,11514,5526,5988
34655,214746,22555,103342,14800,192191,11516,5527,5989
34660,214777,22561,103359,14804,192214,11518,5529,5989
34665,214808,22569,103377,14809,192237,11520,5531,5989
34670,214839,22577,103393,14816,192261,11522,5532,5990
34675,214870,22581,103405,14819,192288,11524,5533,5991
34680,214901,22587,103422,14823,192314,11526,5535,5991
34685,214932,22590,103441,14825,192342,11528,5535,5993
34690,214963,22590,103455,14825,192373,11530,5536,5994
34695,214994,22590,103465,14825,192404,11532,5537,5995
34700,215025,22590,103480,14825,192435,11534,5538,5996
34705,215056,22590,103498,14825,192466,11536,5538,5998
34710,215087,22590,103509,14825,192497,11538,5540,5998
34715,215118,22590,103530,14825,192528,11540,5542,5998
34720,215149,22590,103545,14825,192559,11542,5543,5999
34725,215180,22590,103561,14825,192590,11544,5543,6001
34730,215211,22590,103578,14825,192621,11546,5544,6002
34735,215242,22590,103591,14825,192652,11548,5545,6003
34740,215273,22590,103604,14825,192683,11550,5545,6005
34745,215304,22590,103617,14825,192714,11552,5547,6005
34750,215335,22590,103632,14825,192745,11554,5549,6005
34755,215366,22590,103647,14825,192776,11556,5549,6007
34760,215397,22592,103664,14826,192804,11558,5550,6008
34765,215428,22594,103679,14828,192833,11560,5550,6010
34770,215459,22596,103689,14829,192862,11562,5550,6012
34775,215490,22597,103704,14829,192893,11564,5551,6013
34780,215521,22599,103720,14830,192921,11566,5551,6015
34785,215552,22600,103731,14831,192951,11568,5552,6016
34790,215583,22607,103750,14836,192974,11570,5554,6016
34795,215614,22616,103767,14843,192995,11572,5555,6017
34800,215645,22623,103779,14850,193021,11574,5555,6019
34805,215676,22631,103793,14856,193044,11576,5556,6020
34810,215707,22640,103809,14863,193065,11578,5556,6022
34815,215738,22650,103827,14871,193086,11580,5558,6022
34820,215769,22657,103844,14877,193111,11582,5559,6023
34825,215800,22662,103856,14880,193138,11584,5561,6023
34830,215831,22665,103867,14880,193166,11586,5561,6025
34835,215862,22669,103882,14882,193191,11588,5561,6027
34840,215893,22672,103897,14884,193221,11590,5562,6028
34845,215924,22673,103913,14885,193250,11592,5563,6029
34850,215955,22674,103929,14886,193279,11594,5563,6031
34855,215986,22675,103945,14887,193311,11596,5564,6032
34860,216017,22676,103960,14888,193341,11598,5565,6033
34865,216048,22677,103978,14889,193371,11599,5566,6033
34870,216079,22678,103993,14889,193401,11600,5566,6034
34875,216110,22679,104014,14889,193431,11601,5567,6034
34880,216141,22680,104026,14889,193461,11602,5567,6035
34885,216172,22681,104043,14890,193491,11603,5568,6035
34890,216203,22682,104060,14890,193521,11604,5569,6035
34895,216234,22683,104074,14891,193551,11605,5569,6036
34900,216265,22684,104094,14891,193581,11606,5569,6037
34905,216296,22685,104107,14891,193611,11607,5570,6037
34910,216327,22686,104125,14891,193641,11608,5571,6037
34915,216358,22687,104143,14892,193671,11609,5572,6037
34920,216389,22688,104155,14892,193700,11610,5572,6038
34925,216420,22691,104176,14895,193729,11610,5572,6038
34930,216451,22693,104188,14896,193758,11610,5572,6038
34935,216482,22695,104205,14898,193787,11610,5572,6038
34940,216513,22698,104221,14899,193815,11610,5572,6038
34945,216544,22701,104240,14901,193842,11610,5572,6038
34950,216575,22707,104253,14906,193867,11610,5572,6038
34955,216606,22713,104264,14908,193891,11610,5572,6038
34960,216637,22719,104281,14912,193914,11610,5572,6038
34965,216668,22730,104291,14919,193936,11611,5573,6038
34970,216699,22740,104309,14928,193955,11612,5574,6038
34975,216730,22748,104325,14934,193978,11613,5575,6038
34980,216761,22756,104342,14941,194002,11614,5575,6039
34985,216792,22761,104357,14945,194030,11615,5576,6039
34990,216823,22764,104369,14946,194059,11616,5576,6040
34995,216854,22767,104385,14947,194087,11617,5577,6040
35000,216885,22769,104398,14948,194116,11618,5578,6040
35005,216916,22771,104413,14950,194145,11619,5579,6040
35010,216947,22773,104429,14951,194174,11620,5580,6040
35015,216978,22776,104439,14953,194202,11621,5580,6041
35020,217009,22779,104456,14954,194230,11622,5581,6041
35025,217040,22781,104470,14954,194259,11623,5582,6041
35030,217071,22783,104484,14955,194288,11625,5582,6043
35035,217102,22785,104495,14956,194317,11627,5583,6044
35040,217133,22788,104508,14959,194345,11629,5584,6045
35045,217164,22791,104527,14961,194373,11631,5584,6047
35050,217195,22793,104542,14963,194402,11633,5584,6049
35055,217226,22795,104559,14964,194431,11635,5585,6050
35060,217257,22798,104575,14965,194459,11637,5587,6050
35065,217288,22800,104592,14966,194488,11639,5589,6050
35070,217319,22802,104604,14966,194517,11641,5591,6050
35075,217350,22804,104621,14967,194546,11643,5592,6051
35080,217381,22807,104636,14970,194574,11645,5593,6052
35085,217412,22809,104648,14970,194603,11647,5594,6053
35090,217443,22812,104665,14971,194631,11649,5596,6053
35095,217474,22815,104676,14972,194659,11651,5597,6054
35100,217505,22820,104691,14974,194683,11653,5598,6055
35105,217536,22827,104704,14979,194709,11655,5599,6056
35110,217567,22833,104718,14984,194733,11657,5600,6057
35115,217598,22839,104731,14988,194758,11659,5602,6057
35120,217629,22845,104748,14992,194782,11661,5604,6057
35125,217660,22849,104767,14995,194810,11663,5606,6057
35130,217691,22854,104785,14999,194837,11665,5607,6058
35135,217722,22857,104800,15001,194865,11667,5608,6059
35140,217753,22859,104815,15001,194893,11669,5609,6060
35145,217784,22863,104825,15003,194921,11671,5609,6062
35150,217815,22865,104832,15003,194950,11673,5609,6064
35155,217846,22869,104848,15006,194976,11675,5611,6064
35160,217877,22873,104868,15010,195003,11677,5611,6066
35165,217908,22874,104883,15011,195034,11679,5613,6066
35170,217939,22875,104895,15012,195063,11681,5614,6067
35175,217970,22876,104914,15013,195094,11683,5615,6068
35180,218001,22877,104935,15014,195124,11685,5616,6069
35185,218032,22878,104947,15015,195154,11687,5617,6070
35190,218063,22880,104963,15015,195183,11689,5618,6071
35195,218094,22882,104978,15016,195212,11691,5619,6072
35200,218125,22884,104996,15017,195241,11693,5619,6074
35205,218156,22886,105014,15018,195270,11695,5620,6075
35210,218187,22889,105033,15021,195298,11697,5622,6075
35215,218218,22892,105050,15022,195326,11699,5624,6075
35220,218249,22894,105063,15024,195355,11701,5624,6077
35225,218280,22897,105076,15025,195383,11703,5625,6078
35230,218311,22900,105090,15027,195410,11705,5627,6078
35235,218342,22906,105109,15032,195435,11707,5629,6078
35240,218373,22911,105128,15035,195461,11709,5629,6080
35245,218404,22918,105139,15040,195486,11711,5629,6082
35250,218435,22924,105153,15044,195510,11713,5631,6082
35255,218466,22931,105167,15049,195534,11715,5631,6084
35260,218497,22936,105182,15053,195561,11717,5632,6085
35265,218528,22941,105199,15057,195587,11719,5632,6087
35270,218559,22944,105217,15059,195615,11721,5634,6087
35275,218590,22947,105230,15059,195643,11723,5635,6088
35280,218621,22951,105246,15061,195670,11725,5636,6089
35285,218652,22954,105259,15062,195697,11727,5636,6091
35290,218683,22960,105271,15066,195722,11729,5637,6092
35295,218714,22963,105282,15068,195749,11731,5637,6094
35300,218745,22967,105293,15070,195778,11733,5638,6095
35305,218776,22970,105307,15072,195806,11735,5639,6096
35310,218807,22973,105322,15075,195834,11737,5640,6097
35315,218838,22976,105338,15077,195861,11739,5640,6099
35320,218869,22979,105349,15078,195890,11741,5640,6101
35325,218900,22981,105365,15080,195917,11743,5641,6102
35330,218931,22984,105383,15083,195945,11745,5642,6103
35335,218962,22988,105401,15086,195974,11747,5644,6103
35340,218993,22991,105417,15087,196001,11749,5646,6103
35345,219024,22992,105433,15087,196032,11751,5648,6103
35350,219055,22993,105449,15087,196061,11753,5649,6104
35355,219086,22994,105462,15088,196092,11755,5650,6105
35360,219117,22995,105480,15089,196122,11757,5651,6106
35365,219148,22996,105494,15089,196152,11759,5651,6108
35370,219179,22997,105510,15090,196182,11761,5652,6109
35375,219210,23000,105524,15092,196210,11763,5653,6110
35380,219241,23002,105536,15092,196239,11765,5654,6111
35385,219272,23005,105552,15095,196267,11767,5655,6112
35390,219303,23007,105569,15097,196296,11769,5655,6114
35395,219334,23010,105582,15099,196323,11771,5655,6116
35400,219365,23014,105599,15101,196350,11773,5655,6118
35405,219396,23018,105620,15104,196377,11774,5655,6119
35410,219427,23022,105632,15108,196405,11775,5656,6119
35415,219458,23026,105644,15110,196432,11776,5656,6120
35420,219489,23029,105659,15111,196459,11777,5656,6121
35425,219520,23034,105678,15114,196485,11778,5657,6121
35430,219551,23039,105696,15118,196511,11779,5657,6122
35435,219582,23043,105708,15120,196538,11780,5658,6122
35440,219613,23046,105724,15122,196567,11781,5658,6123
35445,219644,23048,105741,15123,196594,11782,5658,6124
35450,219675,23053,105750,15125,196622,11783,5659,6124
35455,219706,23056,105765,15126,196649,11784,5659,6125
35460,219737,23061,105775,15128,196675,11785,5660,6125
35465,219768,23065,105787,15129,196701,11785,5660,6125
35470,219799,23072,105807,15134,196727,11785,5660,6125
35475,219830,23077,105827,15137,196752,11785,5660,6125
35480,219861,23081,105842,15138,196777,11785,5660,6125
35485,219892,23086,105855,15141,196805,11785,5660,6125
35490,219923,23089,105868,15143,196834,11785,5660,6125
35495,219954,23092,105886,15145,196861,11785,5660,6125
35500,219985,23096,105901,15149,196888,11785,5660,6125
35505,220016,23100,105912,15151,196915,11786,5661,6125
35510,220047,23105,105923,15155,196942,11787,5661,6126
35515,220078,23108,105939,15158,196970,11788,5661,6127
35520,220109,23110,105954,15159,196998,11789,5661,6128
35525,220140,23112,105971,15161,197027,11790,5661,6129
35530,220171,23114,105984,15162,197056,11791,5662,6129
35535,220202,23117,106000,15165,197084,11792,5663,6129
35540,220233,23120,106016,15167,197113,11793,5664,6129
35545,220264,23127,106032,15173,197136,11794,5665,6129
35550,220295,23134,106049,15178,197160,11795,5666,6129
35555,220326,23137,106062,15180,197189,11796,5666,6130
35560,220357,23140,106081,15182,197217,11797,5667,6130
35565,220388,23143,106096,15183,197245,11798,5667,6131
35570,220419,23145,106113,15185,197274,11800,5668,6132
35575,220450,23148,106129,15187,197302,11802,5669,6133
35580,220481,23151,106145,15190,197330,11804,5670,6134
35585,220512,23152,106163,15190,197359,11806,5672,6134
35590,220543,23154,106178,15191,197388,11808,5673,6135
35595,220574,23156,106191,15192,197418,11810,5673,6137
35600,220605,23157,106205,15193,197448,11812,5674,6138
35605,220636,23158,106221,15193,197477,11814,5676,6138
35610,220667,23160,106233,15194,197507,11816,5678,6138
35615,220698,23161,106246,15194,197534,11818,5680,6138
35620,220729,23166,106259,15198,197561,11820,5681,6139
35625,220760,23169,106276,15200,197590,11822,5681,6141
35630,220791,23172,106293,15203,197619,11824,5683,6141
35635,220822,23173,106304,15203,197649,11826,5683,6143
35640,220853,23174,106317,15203,197678,11828,5683,6145
35645,220884,23177,106334,15206,197705,11830,5684,6146
35650,220915,23181,106351,15210,197731,11832,5685,6147
35655,220946,23183,106363,15212,197761,11834,5685,6149
35660,220977,23184,106377,15212,197792,11836,5687,6149
35665,221008,23186,106393,15213,197822,11838,5689,6149
35670,221039,23188,106410,15214,197850,11840,5690,6150
35675,221070,23189,106422,15214,197880,11842,5691,6151
35680,221101,23190,106441,15215,197910,11844,5691,6153
35685,221132,23192,106461,15217,197938,11846,5692,6154
35690,221163,23195,106476,15218,197967,11848,5693,6155
35695,221194,23198,106490,15220,197995,11850,5694,6156
35700,221225,23201,106510,15223,198023,11852,5695,6157
35705,221256,23203,106526,15224,198053,11854,5695,6159
35710,221287,23206,106544,15227,198081,11856,5696,6160
35715,221318,23209,106561,15230,198109,11858,5696,6162
35720,221349,23211,106578,15231,198138,11860,5697,6163
35725,221380,23215,106592,15234,198165,11862,5699,6163
35730,221411,23219,106603,15236,198192,11864,5699,6165
35735,221442,23223,106621,15240,198219,11866,5700,6166
35740,221473,23229,106637,15246,198244,11868,5701,6167
35745,221504,23232,106651,15248,198272,11870,5702,6168
35750,221535,23236,106669,15252,198299,11872,5702,6170
35755,221566,23241,106682,15255,198324,11874,5702,6172
35760,221597,23247,106697,15261,198350,11876,5702,6174
35765,221628,23250,106711,15262,198378,11878,5702,6176
35770,221659,23253,106728,15263,198406,11880,5704,6176
35775,221690,23257,106744,15267,198433,11882,5705,6177
35780,221721,23260,106758,15267,198461,11884,5706,6178
35785,221752,23263,106773,15269,198489,11886,5706,6180
35790,221783,23266,106789,15270,198516,11888,5707,6181
35795,221814,23272,106807,15275,198541,11890,5708,6182
35800,221845,23278,106818,15278,198566,11892,5709,6183
35805,221876,23283,106830,15283,198593,11894,5710,6184
35810,221907,23287,106843,15284,198619,11896,5710,6186
35815,221938,23290,106858,15286,198648,11898,5710,6188
35820,221969,23293,106872,15287,198676,11900,5710,6190
35825,222000,23295,106883,15287,198705,11902,5711,6191
35830,222031,23298,106898,15288,198733,11904,5712,6192
35835,222062,23300,106911,15288,198762,11906,5714,6192
35840,222093,23304,106923,15290,198789,11908,5715,6193
35845,222124,23307,106935,15292,198817,11910,5716,6194
35850,222155,23311,106951,15295,198844,11912,5718,6194
35855,222186,23312,106968,15296,198874,11914,5719,6195
35860,222217,23313,106984,15297,198903,11916,5720,6196
35865,222248,23316,107000,15300,198931,11918,5721,6197
35870,222279,23318,107017,15301,198959,11920,5722,6198
35875,222310,23320,107030,15301,198988,11922,5722,6200
35880,222341,23322,107045,15302,199019,11924,5723,6201
35885,222372,23324,107066,15304,199047,11926,5724,6202
35890,222403,23326,107079,15304,199077,11928,5725,6203
35895,222434,23328,107091,15305,199106,11930,5726,6204
35900,222465,23330,107107,15307,199135,11932,5727,6205
35905,222496,23332,107119,15307,199164,11934,5728,6206
35910,222527,23334,107137,15308,199193,11936,5730,6206
35915,222558,23336,107152,15308,199222,11938,5732,6206
35920,222589,23338,107167,15308,199250,11940,5733,6207
35925,222620,23343,107183,15312,199277,11942,5735,6207
35930,222651,23348,107200,15315,199303,11944,5736,6208
35935,222682,23352,107215,15319,199330,11946,5736,6210
35940,222713,23357,107231,15322,199356,11948,5737,6211
35945,222744,23361,107248,15325,199383,11950,5739,6211
35950,222775,23365,107265,15327,199410,11952,5740,6212
35955,222806,23369,107281,15330,199437,11954,5742,6212
35960,222837,23374,107293,15333,199463,11956,5742,6214
35965,222868,23379,107306,15337,199489,11958,5742,6216
35970,222899,23383,107316,15339,199516,11960,5742,6218
35975,222930,23388,107330,15340,199541,11962,5742,6220
35980,222961,23393,107343,15342,199567,11964,5742,6222
35985,222992,23399,107357,15345,199592,11966,5743,6223
35990,223023,23405,107373,15349,199617,11968,5745,6223
35995,223054,23412,107389,15354,199641,11970,5746,6224
36000,223085,23421,107406,15359,199663,11972,5747,6225
36005,223116,23427,107427,15363,199688,11972,5747,6225
36010,223147,23431,107440,15365,199715,11972,5747,6225
36015,223178,23436,107453,15369,199741,11972,5747,6225
36020,223209,23441,107470,15374,199768,11972,5747,6225
36025,223240,23446,107485,15376,199793,11972,5747,6225
36030,223271,23448,107500,15377,199822,11972,5747,6225
36035,223302,23450,107512,15378,199852,11972,5747,6225
36040,223333,23452,107525,15379,199880,11972,5747,6225
36045,223364,23455,107543,15382,199908,11972,5747,6225
36050,223395,23456,107561,15383,199937,11972,5747,6225
36055,223426,23457,107577,15383,199968,11972,5747,6225
36060,223457,23458,107589,15383,199999,11972,5747,6225
36065,223488,23459,107603,15383,200028,11972,5747,6225
36070,223519,23460,107614,15383,200059,11972,5747,6225
36075,223550,23461,107627,15383,200088,11972,5747,6225
36080,223581,23462,107636,15384,200119,11972,5747,6225
36085,223612,23463,107655,15384,200148,11972,5747,6225
36090,223643,23464,107670,15384,200178,11972,5747,6225
36095,223674,23465,107682,15384,200209,11972,5747,6225
36100,223705,23466,107701,15384,200239,11972,5747,6225
36105,223736,23467,107719,15385,200269,11973,5748,6225
36110,223767,23468,107731,15386,200298,11975,5748,6227
36115,223798,23474,107748,15392,200324,11977,5748,6229
36120,223829,23477,107763,15393,200350,11979,5750,6229
36125,223860,23483,107779,15397,200377,11981,5751,6230
36130,223891,23485,107790,15398,200406,11983,5752,6231
36135,223922,23489,107807,15400,200431,11985,5754,6231
36140,223953,23495,107817,15403,200457,11987,5754,6233
36145,223984,23499,107831,15405,200484,11989,5754,6235
36150,224015,23504,107852,15409,200511,11991,5755,6236
36155,224046,23510,107867,15414,200536,11993,5757,6236
36160,224077,23517,107883,15418,200560,11995,5758,6237
36165,224108,23522,107896,15421,200585,11997,5760,6237
36170,224139,23526,107907,15423,200612,11999,5761,6238
36175,224170,23532,107921,15427,200638,12001,5761,6240
36180,224201,23537,107936,15430,200663,12003,5762,6241
36185,224232,23543,107948,15435,200689,12005,5762,6243
36190,224263,23547,107959,15436,200716,12007,5764,6243
36195,224294,23550,107975,15438,200744,12009,5764,6245
36200,224325,23553,107991,15441,200772,12011,5766,6245
36205,224356,23556,108008,15443,200800,12013,5768,6245
36210,224387,23559,108021,15446,200828,12015,5768,6247
36215,224418,23562,108033,15447,200855,12017,5769,6248
36220,224449,23564,108047,15449,200885,12019,5770,6249
36225,224480,23567,108063,15451,200912,12021,5771,6250
36230,224511,23569,108074,15451,200940,12023,5771,6252
36235,224542,23572,108090,15453,200970,12025,5772,6253
36240,224573,23573,108104,15454,200998,12027,5774,6253
36245,224604,23574,108122,15455,201029,12029,5776,6253
36250,224635,23575,108137,15456,201060,12031,5777,6254
36255,224666,23576,108149,15457,201090,12033,5777,6256
36260,224697,23577,108166,15458,201120,12035,5778,6257
36265,224728,23578,108179,15458,201149,12037,5779,6258
36270,224759,23580,108190,15458,201179,12039,5781,6258
36275,224790,23583,108205,15460,201207,12041,5781,6260
36280,224821,23586,108222,15462,201235,12043,5783,6260
36285,224852,23590,108233,15465,201262,12045,5784,6261
36290,224883,23592,108245,15466,201291,12047,5785,6262
36295,224914,23594,108262,15468,201320,12049,5785,6264
36300,224945,23598,108276,15470,201346,12051,5786,6265
36305,224976,23602,108291,15471,201374,12053,5787,6266
36310,225007,23606,108306,15473,201401,12055,5789,6266
36315,225038,23611,108325,15477,201425,12057,5790,6267
36320,225069,23616,108342,15481,201452,12059,5791,6268
36325,225100,23621,108359,15485,201479,12061,5792,6269
36330,225131,23624,108377,15487,201505,12063,5792,6271
36335,225162,23629,108387,15489,201532,12065,5792,6273
36340,225193,23636,108402,15494,201556,12067,5792,6275
36345,225224,23643,108414,15500,201578,12069,5792,6277
36350,225255,23653,108428,15508,201602,12071,5794,6277
36355,225286,23656,108446,15510,201630,12073,5794,6279
36360,225317,23658,108456,15511,201659,12075,5795,6280
36365,225348,23660,108472,15513,201688,12077,5796,6281
36370,225379,23662,108490,15514,201717,12079,5797,6282
36375,225410,23664,108501,15516,201746,12081,5798,6283
36380,225441,23666,108519,15517,201774,12083,5799,6284
36385,225472,23668,108529,15518,201804,12085,5800,6285
36390,225503,23670,108542,15520,201832,12087,5802,6285
36395,225534,23672,108554,15521,201860,12089,5802,6287
36400,225565,23674,108567,15521,201891,12091,5803,6288
36405,225596,23676,108582,15522,201920,12093,5803,6290
36410,225627,23678,108602,15524,201948,12095,5803,6292
36415,225658,23680,108621,15524,201977,12097,5804,6293
36420,225689,23682,108633,15525,202006,12099,5806,6293
36425,225720,23684,108654,15527,202036,12101,5807,6294
36430,225751,23686,108674,15529,202065,12103,5809,6294
36435,225782,23688,108687,15529,202094,12105,5810,6295
36440,225813,23690,108704,15529,202123,12107,5811,6296
36445,225844,23692,108718,15530,202152,12109,5812,6297
36450,225875,23694,108730,15530,202181,12111,5813,6298
36455,225906,23698,108744,15532,202207,12113,5814,6299
36460,225937,23706,108761,15538,202231,12115,5816,6299
36465,225968,23711,108774,15541,202256,12117,5817,6300
36470,225999,23716,108790,15543,202282,12119,5817,6302
36475,226030,23722,108807,15548,202308,12121,5817,6304
36480,226061,23728,108821,15552,202332,12123,5817,6306
36485,226092,23733,108836,15556,202358,12125,5818,6307
36490,226123,23740,108853,15560,202382,12127,5819,6308
36495,226154,23747,108869,15565,202406,12129,5820,6309
36500,226185,23753,108884,15569,202432,12131,5821,6310
36505,226216,23760,108901,15575,202455,12133,5822,6311
36510,226247,23765,108921,15579,202481,12135,5823,6312
36515,226278,23767,108935,15580,202511,12137,5824,6313
36520,226309,23769,108954,15581,202540,12139,5826,6313
36525,226340,23771,108969,15582,202567,12141,5827,6314
36530,226371,23773,108987,15583,202595,12143,5828,6315
36535,226402,23774,109001,15583,202626,12145,5830,6315
36540,226433,23775,109012,15583,202655,12147,5831,6316
36545,226464,23775,109033,15583,202688,12148,5831,6317
36550,226495,23775,109046,15583,202719,12149,5832,6317
36555,226526,23775,109065,15583,202751,12150,5833,6317
36560,226557,23775,109082,15583,202781,12151,5834,6317
36565,226588,23775,109094,15583,202813,12152,5834,6318
36570,226619,23775,109112,15583,202844,12153,5835,6318
36575,226650,23775,109128,15583,202875,12154,5835,6319
36580,226681,23775,109146,15583,202906,12155,5835,6320
36585,226712,23775,109162,15583,202937,12156,5835,6321
36590,226743,23776,109180,15583,202967,12157,5836,6321
36595,226774,23777,109196,15584,202997,12158,5837,6321
36600,226805,23778,109212,15585,203027,12159,5838,6321
36605,226836,23779,109227,15586,203057,12159,5838,6321
36610,226867,23780,109236,15586,203087,12159,5838,6321
36615,226898,23782,109242,15586,203116,12159,5838,6321
36620,226929,23787,109261,15590,203142,12159,5838,6321
36625,226960,23792,109273,15593,203166,12159,5838,6321
36630,226991,23799,109290,15598,203189,12159,5838,6321
36635,227022,23808,109305,15604,203214,12159,5838,6321
36640,227053,23811,109321,15604,203241,12159,5838,6321
36645,227084,23817,109331,15606,203265,12159,5838,6321
36650,227115,23828,109346,15614,203283,12160,5838,6322
36655,227146,23837,109368,15621,203309,12161,5839,6322
36660,227177,23844,109386,15627,203333,12162,5840,6322
36665,227208,23846,109403,15629,203361,12163,5841,6322
36670,227239,23848,109414,15630,203391,12164,5842,6322
36675,227270,23850,109430,15631,203420,12165,5843,6322
36680,227301,23852,109444,15632,203449,12166,5844,6322
36685,227332,23855,109460,15634,203476,12167,5844,6323
36690,227363,23857,109472,15635,203506,12168,5844,6324
36695,227394,23860,109486,15638,203534,12169,5844,6325
36700,227425,23862,109495,15638,203563,12170,5844,6326
36705,227456,23864,109514,15639,203592,12172,5844,6328
36710,227487,23866,109526,15640,203621,12174,5844,6330
36715,227518,23869,109540,15641,203649,12176,5844,6332
36720,227549,23872,109559,15644,203677,12178,5845,6333
36725,227580,23875,109577,15647,203705,12180,5845,6335
36730,227611,23878,109592,15650,203733,12182,5846,6336
36735,227642,23880,109601,15651,203762,12184,5847,6337
36740,227673,23883,109619,15653,203789,12186,5848,6338
36745,227704,23884,109632,15654,203820,12188,5849,6339
36750,227735,23885,109646,15655,203850,12190,5850,6340
36755,227766,23886,109661,15655,203880,12192,5852,6340
36760,227797,23888,109676,15655,203908,12194,5854,6340
36765,227828,23890,109688,15657,203938,12196,5855,6341
36770,227859,23893,109708,15659,203964,12198,5857,6341
36775,227890,23898,109722,15664,203991,12200,5858,6342
36780,227921,23903,109735,15668,204017,12202,5859,6343
36785,227952,23907,109750,15671,204045,12204,5861,6343
36790,227983,23910,109763,15672,204072,12206,5862,6344
36795,228014,23916,109778,15677,204097,12208,5863,6345
36800,228045,23922,109792,15680,204122,12210,5864,6346
36805,228076,23930,109808,15687,204144,12212,5864,6348
36810,228107,23935,109824,15691,204171,12214,5865,6349
36815,228138,23939,109841,15695,204198,12216,5866,6350
36820,228169,23943,109856,15698,204225,12218,5867,6351
36825,228200,23947,109875,15702,204251,12220,5869,6351
36830,228231,23951,109888,15704,204279,12222,5870,6352
36835,228262,23953,109900,15705,204308,12224,5871,6353
36840,228293,23954,109916,15706,204338,12226,5872,6354
36845,228324,23955,109931,15706,204369,12228,5873,6355
36850,228355,23958,109944,15708,204397,12230,5874,6356
36855,228386,23960,109957,15709,204426,12232,5875,6357
36860,228417,23963,109976,15712,204454,12234,5875,6359
36865,228448,23966,109993,15715,204482,12236,5876,6360
36870,228479,23968,110006,15716,204510,12238,5877,6361
36875,228510,23970,110024,15717,204539,12240,5878,6362
36880,228541,23972,110036,15718,204569,12242,5880,6362
36885,228572,23975,110055,15721,204596,12244,5880,6364
36890,228603,23977,110065,15722,204626,12246,5880,6366
36895,228634,23979,110078,15722,204655,12248,5882,6366
36900,228665,23981,110088,15722,204684,12250,5884,6366
36905,228696,23983,110099,15723,204712,12252,5885,6367
36910,228727,23985,110114,15725,204742,12254,5886,6368
36915,228758,23988,110131,15727,204770,12256,5888,6368
36920,228789,23991,110143,15729,204798,12258,5888,6370
36925,228820,23994,110155,15730,204826,12260,5888,6372
36930,228851,23997,110166,15730,204854,12262,5890,6372
36935,228882,24000,110179,15731,204882,12264,5891,6373
36940,228913,24003,110194,15732,204910,12266,5892,6374
36945,228944,24009,110209,15736,204934,12268,5893,6375
36950,228975,24013,110221,15738,204960,12270,5893,6377
36955,229006,24019,110235,15741,204986,12272,5893,6379
36960,229037,24026,110251,15746,205010,12274,5895,6379
36965,229068,24030,110266,15748,205036,12276,5896,6380
36970,229099,24035,110281,15752,205063,12278,5898,6380
36975,229130,24042,110293,15756,205088,12280,5899,6381
36980,229161,24047,110310,15760,205113,12282,5900,6382
36985,229192,24052,110324,15762,205139,12284,5902,6382
36990,229223,24061,110341,15770,205161,12286,5903,6383
36995,229254,24065,110355,15772,205188,12288,5903,6385
37000,229285,24069,110368,15774,205215,12290,5903,6387
37005,229316,24075,110387,15779,205241,12292,5905,6387
37010,229347,24081,110403,15783,205265,12294,5906,6388
37015,229378,24085,110417,15785,205293,12296,5907,6389
37020,229409,24087,110435,15786,205322,12298,5908,6390
37025,229440,24089,110448,15787,205351,12300,5908,6392
37030,229471,24092,110459,15790,205379,12302,5910,6392
37035,229502,24095,110478,15792,205407,12304,5912,6392
37040,229533,24097,110493,15794,205436,12306,5913,6393
37045,229564,24100,110507,15796,205464,12308,5913,6395
37050,229595,24102,110517,15797,205493,12310,5913,6397
37055,229626,24105,110535,15798,205521,12312,5915,6397
37060,229657,24107,110549,15798,205550,12314,5916,6398
37065,229688,24110,110565,15800,205578,12316,5918,6398
37070,229719,24111,110583,15800,205608,12318,5918,6400
37075,229750,24112,110596,15800,205637,12320,5920,6400
37080,229781,24113,110611,15801,205668,12322,5922,6400
37085,229812,24114,110625,15801,205698,12323,5923,6400
37090,229843,24115,110641,15802,205728,12324,5924,6400
37095,229874,24116,110656,15802,205757,12325,5925,6400
37100,229905,24119,110673,15804,205785,12326,5926,6400
37105,229936,24123,110685,15806,205812,12327,5926,6401
37110,229967,24126,110696,15809,205841,12328,5926,6402
37115,229998,24129,110710,15812,205869,12329,5926,6403
37120,230029,24133,110727,15814,205895,12330,5927,6403
37125,230060,24139,110743,15817,205920,12331,5927,6404
37130,230091,24145,110761,15823,205945,12332,5928,6404
37135,230122,24149,110776,15825,205972,12333,5929,6404
37140,230153,24156,110789,15830,205997,12334,5929,6405
37145,230184,24158,110805,15830,206025,12334,5929,6405
37150,230215,24160,110817,15831,206053,12334,5929,6405
37155,230246,24163,110832,15833,206081,12334,5929,6405
37160,230277,24167,110848,15836,206108,12334,5929,6405
37165,230308,24170,110864,15838,206137,12334,5929,6405
37170,230339,24173,110883,15841,206164,12334,5929,6405
37175,230370,24178,110897,15845,206191,12334,5929,6405
37180,230401,24184,110913,15850,206216,12334,5929,6405
37185,230432,24188,110926,15851,206243,12334,5929,6405
37190,230463,24194,110941,15854,206269,12335,5929,6406
37195,230494,24197,110959,15856,206297,12336,5929,6407
37200,230525,24199,110971,15857,206326,12337,5930,6407
37205,230556,24201,110986,15859,206355,12338,5930,6408
37210,230587,24203,111005,15860,206384,12339,5931,6408
37215,230618,24205,111016,15861,206413,12340,5932,6408
37220,230649,24208,111029,15863,206441,12341,5932,6409
37225,230680,24211,111045,15866,206469,12342,5932,6410
37230,230711,24214,111055,15868,206497,12343,5932,6411
37235,230742,24217,111071,15869,206525,12344,5933,6411
37240,230773,24220,111085,15870,206553,12345,5934,6411
37245,230804,24223,111099,15871,206580,12347,5935,6412
37250,230835,24229,111114,15875,206606,12349,5935,6414
37255,230866,24232,111128,15875,206633,12351,5935,6416
37260,230897,24238,111142,15881,206658,12353,5937,6416
37265,230928,24244,111164,15886,206683,12355,5939,6416
37270,230959,24249,111181,15891,206709,12357,5940,6417
37275,230990,24252,111198,15893,206737,12359,5941,6418
37280,231021,24254,111211,15895,206767,12361,5943,6418
37285,231052,24255,111229,15896,206796,12363,5944,6419
37290,231083,24256,111237,15896,206827,12365,5944,6421
37295,231114,24257,111251,15897,206856,12367,5945,6422
37300,231145,24261,111268,15899,206883,12369,5946,6423
37305,231176,24266,111281,15902,206910,12371,5948,6423
37310,231207,24268,111296,15904,206937,12373,5949,6424
37315,231238,24272,111309,15907,206965,12375,5949,6426
37320,231269,24274,111325,15909,206995,12377,5949,6428
37325,231300,24276,111341,15909,207024,12379,5950,6429
37330,231331,24279,111354,15912,207052,12381,5950,6431
37335,231362,24282,111367,15914,207080,12383,5951,6432
37340,231393,24284,111386,15916,207109,12385,5953,6432
37345,231424,24287,111401,15919,207137,12387,5955,6432
37350,231455,24289,111415,15919,207166,12389,5955,6434
37355,231486,24292,111434,15922,207193,12391,5957,6434
37360,231517,24294,111447,15923,207222,12393,5958,6435
37365,231548,24297,111462,15926,207250,12395,5959,6436
37370,231579,24302,111470,15928,207277,12397,5961,6436
37375,231610,24305,111479,15929,207305,12399,5961,6438
37380,231641,24307,111493,15930,207334,12401,5963,6438
37385,231672,24311,111505,15932,207360,12403,5963,6440
37390,231703,24315,111526,15936,207386,12405,5964,6441
37395,231734,24319,111538,15939,207414,12407,5964,6443
37400,231765,24323,111556,15942,207440,12409,5965,6444
37405,231796,24328,111570,15945,207467,12411,5966,6445
37410,231827,24333,111584,15950,207493,12413,5967,6446
37415,231858,24337,111600,15954,207519,12415,5967,6448
37420,231889,24341,111616,15957,207547,12417,5969,6448
37425,231920,24343,111633,15958,207577,12419,5971,6448
37430,231951,24345,111647,15959,207605,12421,5971,6450
37435,231982,24347,111663,15961,207634,12423,5971,6452
37440,232013,24349,111682,15963,207663,12425,5972,6453
37445,232044,24350,111697,15964,207694,12427,5973,6454
37450,232075,24351,111710,15964,207724,12429,5974,6455
37455,232106,24352,111724,15964,207754,12431,5974,6457
37460,232137,24353,111742,15964,207784,12433,5975,6458
37465,232168,24354,111760,15965,207814,12435,5975,6460
37470,232199,24355,111777,15966,207843,12437,5976,6461
37475,232230,24357,111789,15966,207872,12439,5977,6462
37480,232261,24360,111804,15968,207899,12441,5977,6464
37485,232292,24363,111819,15971,207928,12443,5977,6466
37490,232323,24366,111837,15972,207956,12445,5978,6467
37495,232354,24369,111850,15974,207984,12447,5979,6468
37500,232385,24373,111864,15976,208012,12449,5980,6469
37505,232416,24375,111879,15978,208041,12451,5981,6470
37510,232447,24377,111888,15979,208069,12453,5981,6472
37515,232478,24379,111897,15979,208099,12455,5981,6474
37520,232509,24381,111911,15979,208128,12457,5983,6474
37525,232540,24384,111929,15980,208156,12459,5985,6474
37530,232571,24388,111949,15983,208181,12461,5987,6474
37535,232602,24394,111961,15987,208208,12463,5987,6476
37540,232633,24398,111976,15990,208235,12465,5988,6477
37545,232664,24404,111996,15993,208258,12467,5990,6477
37550,232695,24412,112011,15999,208281,12469,5992,6477
37555,232726,24420,112027,16004,208305,12471,5993,6478
37560,232757,24424,112039,16007,208332,12473,5994,6479
37565,232788,24427,112056,16010,208360,12475,5995,6480
37570,232819,24431,112067,16012,208387,12477,5996,6481
37575,232850,24433,112088,16014,208416,12479,5997,6482
37580,232881,24434,112105,16014,208446,12481,5998,6483
37585,232912,24435,112117,16014,208477,12483,5998,6485
37590,232943,24436,112129,16014,208505,12485,5998,6487
37595,232974,24437,112143,16014,208537,12487,5999,6488
37600,233005,24438,112157,16015,208567,12489,6000,6489
37605,233036,24441,112168,16018,208594,12491,6001,6490
37610,233067,24443,112183,16019,208623,12493,6002,6491
37615,233098,24445,112194,16020,208652,12495,6002,6493
37620,233129,24447,112210,16021,208681,12497,6002,6495
37625,233160,24450,112222,16023,208710,12498,6003,6495
37630,233191,24452,112238,16024,208739,12499,6004,6495
37635,233222,24454,112249,16025,208768,12500,6004,6496
37640,233253,24456,112265,16026,208797,12501,6004,6497
37645,233284,24459,112280,16027,208825,12502,6005,6497
37650,233315,24461,112290,16028,208854,12503,6005,6498
37655,233346,24464,112305,16029,208882,12504,6005,6499
37660,233377,24467,112321,16030,208910,12505,6005,6500
37665,233408,24471,112335,16034,208936,12506,6006,6500
37670,233439,24475,112349,16035,208963,12507,6006,6501
37675,233470,24478,112363,16037,208991,12508,6006,6502
37680,233501,24484,112374,16040,209016,12509,6007,6502
37685,233532,24488,112387,16042,209044,12510,6008,6502
37690,233563,24492,112401,16043,209070,12511,6009,6502
37695,233594,24496,112414,16045,209096,12512,6009,6503
37700,233625,24502,112428,16050,209122,12513,6009,6504
37705,233656,24506,112438,16053,209150,12514,6010,6504
37710,233687,24510,112451,16056,209177,12515,6010,6505
37715,233718,24514,112463,16057,209202,12516,6010,6506
37720,233749,24520,112477,16061,209228,12517,6011,6506
37725,233780,24526,112492,16066,209252,12518,6012,6506
37730,233811,24535,112511,16075,209274,12520,6013,6507
37735,233842,24542,112523,16080,209297,12522,6014,6508
37740,233873,24552,112538,16087,209317,12524,6015,6509
37745,233904,24561,112560,16096,209343,12525,6016,6509
37750,233935,24562,112572,16097,209372,12526,6016,6510
37755,233966,24563,112589,16097,209403,12527,6016,6511
37760,233997,24564,112602,16098,209433,12528,6016,6512
37765,234028,24565,112619,16099,209463,12529,6017,6512
37770,234059,24566,112636,16100,209492,12530,6017,6513
37775,234090,24567,112649,16101,209523,12531,6018,6513
37780,234121,24568,112662,16101,209553,12532,6019,6513
37785,234152,24569,112678,16101,209583,12533,6020,6513
37790,234183,24570,112699,16102,209613,12534,6020,6514
37795,234214,24571,112716,16102,209643,12535,6020,6515
37800,234245,24572,112730,16103,209673,12536,6021,6515
37805,234276,24573,112743,16103,209703,12537,6021,6516
37810,234307,24574,112756,16104,209733,12538,6022,6516
37815,234338,24575,112772,16104,209763,12539,6022,6517
37820,234369,24576,112784,16104,209793,12540,6022,6518
37825,234400,24577,112795,16105,209823,12541,6022,6519
37830,234431,24578,112807,16106,209853,12542,6022,6520
37835,234462,24579,112817,16106,209883,12543,6022,6521
37840,234493,24580,112835,16107,209913,12544,6022,6522
37845,234524,24582,112843,16108,209942,12546,6022,6524
37850,234555,24585,112855,16108,209969,12548,6024,6524
37855,234586,24589,112872,16111,209996,12550,6026,6524
37860,234617,24594,112883,16113,210023,12552,6027,6525
37865,234648,24599,112900,16117,210048,12554,6029,6525
37870,234679,24605,112914,16121,210074,12556,6030,6526
37875,234710,24609,112930,16125,210101,12558,6031,6527
37880,234741,24613,112945,16126,210127,12560,6032,6528
37885,234772,24619,112962,16130,210152,12562,6032,6530
37890,234803,24625,112969,16133,210177,12564,6032,6532
37895,234834,24631,112981,16138,210203,12566,6032,6534
37900,234865,24637,112996,16140,210227,12568,6034,6534
37905,234896,24645,113012,16144,210248,12570,6035,6535
37910,234927,24654,113023,16151,210272,12572,6037,6535
37915,234958,24662,113042,16157,210294,12574,6039,6535
37920,234989,24671,113058,16164,210317,12576,6041,6535
37925,235020,24675,113069,16166,210343,12578,6041,6537
37930,235051,24679,113086,16169,210370,12580,6041,6539
37935,235082,24682,113099,16170,210400,12582,6042,6540
37940,235113,24684,113113,16171,210429,12584,6043,6541
37945,235144,24686,113128,16172,210458,12586,6045,6541
37950,235175,24688,113143,16172,210487,12588,6047,6541
37955,235206,24690,113160,16174,210516,12590,6049,6541
37960,235237,24692,113174,16175,210545,12592,6050,6542
37965,235268,24694,113183,16175,210574,12594,6050,6544
37970,235299,24696,113197,16176,210603,12596,6052,6544
37975,235330,24698,113211,16176,210632,12598,6053,6545
37980,235361,24700,113228,16177,210661,12600,6055,6545
37985,235392,24702,113243,16179,210690,12602,6057,6545
37990,235423,24704,113254,16181,210719,12604,6057,6547
37995,235454,24706,113267,16182,210748,12606,6058,6548
38000,235485,24708,113281,16183,210777,12608,6059,6549
38005,235516,24710,113296,16184,210806,12610,6061,6549
38010,235547,24712,113310,16185,210835,12612,6062,6550
38015,235578,24714,113323,16186,210864,12614,6064,6550
38020,235609,24716,113335,16187,210893,12616,6064,6552
38025,235640,24719,113353,16189,210921,12618,6066,6552
38030,235671,24721,113365,16190,210950,12620,6068,6552
38035,235702,24728,113387,16196,210974,12622,6069,6553
38040,235733,24732,113400,16197,211000,12624,6070,6554
38045,235764,24737,113418,16201,211024,12626,6071,6555
38050,235795,24743,113430,16205,211051,12628,6072,6556
38055,235826,24748,113449,16209,211075,12630,6074,6556
38060,235857,24757,113467,16216,211099,12632,6074,6558
38065,235888,24761,113478,16218,211125,12634,6074,6560
38070,235919,24765,113496,16221,211152,12636,6075,6561
38075,235950,24770,113515,16224,211180,12638,6076,6562
38080,235981,24774,113529,16227,211207,12640,6077,6563
38085,236012,24778,113547,16230,211233,12642,6078,6564
38090,236043,24783,113557,16232,211260,12644,6079,6565
38095,236074,24785,113571,16233,211289,12646,6080,6566
38100,236105,24788,113586,16234,211317,12648,6081,6567
38105,236136,24791,113605,16236,211344,12650,6082,6568
38110,236167,24794,113622,16238,211372,12652,6083,6569
38115,236198,24798,113638,16242,211399,12654,6083,6571
38120,236229,24802,113655,16246,211427,12656,6084,6572
38125,236260,24803,113668,16247,211457,12658,6085,6573
38130,236291,24804,113681,16248,211487,12660,6086,6574
38135,236322,24805,113697,16249,211517,12662,6087,6575
38140,236353,24806,113711,16249,211547,12664,6088,6576
38145,236384,24807,113724,16250,211577,12666,6089,6577
38150,236415,24808,113743,16251,211607,12668,6091,6577
38155,236446,24809,113756,16251,211637,12670,6091,6579
38160,236477,24810,113774,16251,211667,12672,6091,6581
38165,236508,24811,113791,16252,211696,12673,6092,6581
38170,236539,24813,113803,16253,211726,12674,6093,6581
38175,236570,24816,113819,16256,211754,12675,6094,6581
38180,236601,24819,113833,16257,211782,12676,6094,6582
38185,236632,24821,113846,16259,211811,12677,6095,6582
38190,236663,24823,113858,16261,211840,12678,6096,6582
38195,236694,24826,113874,16263,211868,12679,6096,6583
38200,236725,24829,113890,16266,211896,12680,6097,6583
38205,236756,24833,113905,16268,211922,12681,6098,6583
38210,236787,24837,113919,16271,211948,12682,6098,6584
38215,236818,24841,113938,16273,211975,12683,6098,6585
38220,236849,24846,113951,16277,212003,12684,6098,6586
38225,236880,24849,113959,16278,212031,12685,6099,6586
38230,236911,24855,113974,16283,212054,12686,6099,6587
38235,236942,24863,113993,16289,212077,12687,6100,6587
38240,236973,24871,114010,16295,212101,12688,6101,6587
38245,237004,24877,114026,16300,212125,12689,6102,6587
38250,237035,24883,114042,16304,212150,12690,6103,6587
38255,237066,24888,114061,16306,212177,12691,6103,6588
38260,237097,24892,114077,16307,212203,12692,6104,6588
38265,237128,24895,114093,16310,212233,12693,6105,6588
38270,237159,24896,114105,16310,212263,12695,6107,6588
38275,237190,24897,114117,16310,212293,12697,6109,6588
38280,237221,24898,114126,16311,212323,12699,6109,6590
38285,237252,24899,114138,16311,212353,12700,6109,6591
38290,237283,24900,114157,16312,212383,12701,6110,6591
38295,237314,24901,114173,16312,212412,12702,6110,6592
38300,237345,24903,114182,16313,212442,12703,6111,6592
38305,237376,24904,114196,16314,212472,12704,6111,6593
38310,237407,24905,114208,16314,212502,12705,6111,6594
38315,237438,24906,114222,16315,212531,12706,6111,6595
38320,237469,24908,114239,16316,212560,12707,6112,6595
38325,237500,24910,114254,16317,212590,12708,6113,6595
38330,237531,24914,114266,16319,212617,12709,6113,6596
38335,237562,24917,114279,16321,212645,12710,6114,6596
38340,237593,24918,114289,16321,212675,12711,6114,6597
38345,237624,24919,114306,16321,212705,12712,6115,6597
38350,237655,24920,114326,16322,212735,12713,6115,6598
38355,237686,24921,114341,16323,212765,12714,6115,6599
38360,237717,24922,114355,16324,212795,12715,6115,6600
38365,237748,24923,114369,16324,212824,12716,6116,6600
38370,237779,24928,114389,16327,212850,12717,6116,6601
38375,237810,24933,114405,16331,212877,12718,6117,6601
38380,237841,24936,114419,16332,212904,12719,6118,6601
38385,237872,24940,114436,16334,212931,12721,6118,6603
38390,237903,24944,114452,16337,212958,12723,6119,6604
38395,237934,24948,114468,16339,212986,12725,6120,6605
38400,237965,24951,114485,16341,213013,12727,6121,6606
38405,237996,24955,114498,16342,213041,12729,6121,6608
38410,238027,24959,114515,16345,213068,12731,6123,6608
38415,238058,24962,114527,16346,213096,12733,6123,6610
38420,238089,24965,114539,16347,213124,12735,6124,6611
38425,238120,24969,114553,16348,213151,12737,6125,6612
38430,238151,24972,114565,16348,213178,12739,6126,6613
38435,238182,24976,114583,16349,213205,12741,6128,6613
38440,238213,24979,114598,16350,213233,12743,6129,6614
38445,238244,24984,114616,16353,213258,12745,6131,6614
38450,238275,24991,114629,16357,213283,12747,6132,6615
38455,238306,24997,114643,16361,213307,12749,6132,6617
38460,238337,25005,114657,16367,213332,12751,6132,6619
38465,238368,25009,114672,16369,213359,12753,6133,6620
38470,238399,25012,114685,16370,213387,12755,6135,6620
38475,238430,25015,114696,16371,213415,12757,6135,6622
38480,238461,25019,114710,16374,213442,12759,6135,6624
38485,238492,25022,114721,16376,213470,12761,6135,6626
38490,238523,25026,114739,16378,213497,12763,6136,6627
38495,238554,25030,114754,16380,213524,12765,6136,6629
38500,238585,25033,114767,16382,213552,12767,6137,6630
38505,238616,25038,114781,16387,213578,12769,6137,6632
38510,238647,25044,114793,16392,213602,12771,6137,6634
38515,238678,25051,114809,16397,213627,12773,6137,6636
38520,238709,25053,114824,16399,213656,12775,6138,6637
38525,238740,25055,114838,16400,213685,12777,6140,6637
38530,238771,25057,114853,16400,213714,12779,6142,6637
38535,238802,25059,114866,16402,213743,12781,6144,6637
38540,238833,25061,114878,16403,213772,12783,6144,6639
38545,238864,25063,114892,16403,213800,12785,6144,6641
38550,238895,25065,114907,16405,213829,12787,6145,6642
38555,238926,25067,114924,16406,213858,12789,6146,6643
38560,238957,25069,114941,16406,213887,12791,6148,6643
38565,238988,25071,114956,16407,213917,12793,6149,6644
38570,239019,25074,114970,16408,213944,12795,6149,6646
38575,239050,25077,114986,16410,213971,12797,6151,6646
38580,239081,25082,115001,16413,213999,12799,6152,6647
38585,239112,25084,115014,16414,214027,12801,6154,6647
38590,239143,25086,115026,16415,214056,12803,6154,6649
38595,239174,25088,115041,16415,214085,12805,6156,6649
38600,239205,25091,115059,16416,214114,12807,6158,6649
38605,239236,25093,115070,16417,214142,12809,6158,6651
38610,239267,25095,115083,16417,214171,12811,6159,6652
38615,239298,25097,115098,16419,214199,12813,6160,6653
38620,239329,25101,115111,16421,214228,12815,6161,6654
38625,239360,25105,115125,16424,214255,12817,6161,6656
38630,239391,25110,115144,16428,214279,12819,6163,6656
38635,239422,25117,115155,16434,214305,12821,6164,6657
38640,239453,25122,115170,16436,214330,12823,6166,6657
38645,239484,25125,115189,16439,214358,12825,6167,6658
38650,239515,25129,115206,16442,214385,12827,6169,6658
38655,239546,25133,115224,16445,214412,12829,6171,6658
38660,239577,25137,115237,16449,214440,12831,6171,6660
38665,239608,25139,115258,16450,214468,12833,6172,6661
38670,239639,25143,115276,16453,214496,12835,6173,6662
38675,239670,25146,115287,16455,214524,12837,6174,6663
38680,239701,25149,115302,16457,214552,12839,6175,6664
38685,239732,25153,115316,16460,214579,12841,6177,6664
38690,239763,25156,115335,16461,214607,12843,6177,6666
38695,239794,25159,115352,16463,214634,12845,6179,6666
38700,239825,25161,115365,16463,214664,12847,6181,6666
38705,239856,25163,115377,16464,214693,12848,6181,6667
38710,239887,25166,115392,16466,214721,12849,6182,6667
38715,239918,25169,115406,16468,214749,12850,6183,6667
38720,239949,25172,115427,16471,214776,12851,6184,6667
38725,239980,25175,115441,16473,214805,12852,6184,6668
38730,240011,25178,115456,16475,214832,12853,6185,6668
38735,240042,25180,115475,16476,214860,12854,6186,6668
38740,240073,25183,115491,16477,214890,12855,6186,6669
38745,240104,25185,115502,16478,214918,12856,6186,6670
38750,240135,25189,115521,16481,214945,12857,6187,6670
38755,240166,25192,115529,16481,214974,12858,6188,6670
38760,240197,25195,115544,16483,215002,12859,6189,6670
38765,240228,25198,115562,16485,215029,12860,6189,6671
38770,240259,25201,115577,16485,215058,12861,6189,6672
38775,240290,25204,115596,16487,215086,12862,6189,6673
38780,240321,25208,115612,16489,215112,12863,6190,6673
38785,240352,25211,115628,16491,215141,12864,6191,6673
38790,240383,25215,115643,16495,215168,12865,6192,6673
38795,240414,25221,115655,16498,215192,12866,6193,6673
38800,240445,25226,115670,16500,215218,12867,6193,6674
38805,240476,25231,115689,16505,215244,12868,6194,6674
38810,240507,25238,115705,16511,215268,12870,6195,6675
38815,240538,25244,115722,16516,215292,12872,6195,6677
38820,240569,25251,115738,16523,215318,12874,6196,6678
38825,240600,25254,115751,16526,215346,12876,6196,6680
38830,240631,25256,115766,16527,215375,12878,6197,6681
38835,240662,25258,115780,16528,215404,12880,6197,6683
38840,240693,25261,115801,16530,215432,12882,6197,6685
38845,240724,25263,115812,16530,215461,12884,6198,6686
38850,240755,25265,115824,16530,215490,12886,6199,6687
38855,240786,25267,115839,16530,215519,12888,6200,6688
38860,240817,25271,115853,16533,215546,12890,6200,6690
38865,240848,25275,115871,16537,215573,12892,6201,6691
38870,240879,25281,115890,16543,215598,12894,6203,6691
38875,240910,25282,115902,16543,215628,12896,6204,6692
38880,240941,25283,115916,16544,215658,12898,6205,6693
38885,240972,25284,115935,16544,215688,12899,6206,6693
38890,241003,25285,115948,16545,215718,12900,6207,6693
38895,241034,25286,115965,16545,215748,12901,6208,6693
38900,241065,25289,115978,16547,215776,12902,6209,6693
38905,241096,25292,115995,16549,215804,12903,6210,6693
38910,241127,25294,116012,16550,215832,12904,6210,6694
38915,241158,25297,116027,16553,215861,12905,6210,6695
38920,241189,25299,116042,16555,215889,12906,6211,6695
38925,241220,25301,116059,16556,215916,12907,6211,6696
38930,241251,25305,116078,16559,215944,12908,6211,6697
38935,241282,25309,116091,16562,215972,12909,6211,6698
38940,241313,25315,116109,16566,215996,12910,6212,6698
38945,241344,25319,116124,16569,216024,12911,6212,6699
38950,241375,25323,116133,16571,216052,12912,6212,6700
38955,241406,25327,116148,16573,216078,12913,6212,6701
38960,241437,25332,116164,16577,216105,12914,6213,6701
38965,241468,25336,116181,16579,216130,12915,6213,6702
38970,241499,25342,116199,16585,216157,12916,6214,6702
38975,241530,25344,116215,16587,216186,12917,6215,6702
38980,241561,25348,116231,16589,216213,12918,6216,6702
38985,241592,25351,116241,16589,216241,12920,6216,6704
38990,241623,25355,116259,16591,216268,12922,6218,6704
38995,241654,25359,116274,16593,216295,12924,6220,6704
39000,241685,25363,116288,16594,216322,12926,6221,6705
39005,241716,25367,116305,16596,216349,12928,6223,6705
39010,241747,25370,116316,16597,216377,12930,6223,6707
39015,241778,25374,116335,16600,216404,12932,6225,6707
39020,241809,25377,116349,16601,216432,12934,6226,6708
39025,241840,25380,116362,16603,216460,12936,6227,6709
39030,241871,25383,116373,16604,216488,12938,6228,6710
39035,241902,25387,116387,16606,216515,12940,6229,6711
39040,241933,25390,116403,16606,216543,12942,6230,6712
39045,241964,25394,116418,16608,216570,12944,6230,6714
39050,241995,25399,116433,16612,216596,12946,6231,6715
39055,242026,25403,116446,16614,216623,12948,6232,6716
39060,242057,25407,116459,16616,216649,12950,6233,6717
39065,242088,25412,116475,16619,216675,12952,6234,6718
39070,242119,25417,116489,16624,216702,12954,6235,6719
39075,242150,25421,116503,16627,216729,12956,6236,6720
39080,242181,25424,116514,16628,216757,12958,6236,6722
39085,242212,25428,116530,16630,216783,12960,6238,6722
39090,242243,25431,116543,16632,216812,12962,6239,6723
39095,242274,25433,116558,16633,216841,12964,6239,6725
39100,242305,25435,116573,16634,216870,12966,6240,6726
39105,242336,25439,116584,16637,216896,12968,6241,6727
39110,242367,25444,116599,16641,216921,12970,6243,6727
39115,242398,25449,116615,16644,216949,12972,6244,6728
39120,242429,25451,116631,16645,216976,12974,6245,6729
39125,242460,25455,116649,16648,217003,12976,6245,6731
39130,242491,25456,116665,16649,217035,12978,6245,6733
39135,242522,25456,116675,16649,217066,12980,6245,6735
39140,242553,25456,116688,16649,217097,12982,6245,6737
39145,242584,25456,116699,16649,217128,12984,6246,6738
39150,242615,25456,116721,16649,217159,12986,6248,6738
39155,242646,25456,116735,16649,217190,12988,6249,6739
39160,242677,25456,116753,16649,217221,12990,6250,6740
39165,242708,25456,116767,16649,217252,12992,6250,6742
39170,242739,25456,116781,16649,217283,12994,6252,6742
39175,242770,25456,116799,16649,217314,12996,6254,6742
39180,242801,25457,116813,16649,217344,12998,6255,6743
39185,242832,25459,116829,16650,217373,13000,6256,6744
39190,242863,25463,116842,16653,217400,13002,6257,6745
39195,242894,25467,116858,16657,217427,13004,6258,6746
39200,242925,25469,116876,16659,217456,13006,6259,6747
39205,242956,25472,116893,16662,217484,13008,6259,6749
39210,242987,25475,116907,16665,217512,13010,6259,6751
39215,243018,25477,116922,16666,217541,13012,6259,6753
39220,243049,25480,116934,16667,217569,13014,6260,6754
39225,243080,25484,116951,16669,217596,13016,6261,6755
39230,243111,25488,116964,16670,217623,13018,6261,6757
39235,243142,25494,116977,16672,217648,13020,6263,6757
39240,243173,25499,116993,16676,217672,13022,6263,6759
39245,243204,25504,117006,16679,217699,13023,6263,6760
39250,243235,25509,117024,16684,217725,13024,6263,6761
39255,243266,25515,117040,16688,217751,13025,6263,6762
39260,243297,25521,117059,16692,217776,13026,6264,6762
39265,243328,25528,117074,16697,217800,13027,6265,6762
39270,243359,25533,117090,16700,217826,13028,6266,6762
39275,243390,25536,117107,16701,217854,13029,6267,6762
39280,243421,25539,117118,16702,217882,13030,6268,6762
39285,243452,25543,117135,16705,217909,13031,6269,6762
39290,243483,25546,117149,16706,217937,13032,6269,6763
39295,243514,25549,117166,16708,217964,13033,6269,6764
39300,243545,25554,117179,16711,217990,13034,6269,6765
39305,243576,25557,117192,16712,218019,13035,6269,6766
39310,243607,25559,117209,16714,218047,13036,6269,6767
39315,243638,25564,117223,16717,218074,13037,6269,6768
39320,243669,25568,117240,16719,218101,13038,6270,6768
39325,243700,25572,117253,16722,218128,13039,6271,6768
39330,243731,25575,117268,16724,218156,13040,6272,6768
39335,243762,25576,117285,16724,218186,13041,6273,6768
39340,243793,25577,117300,16724,218216,13042,6273,6769
39345,243824,25578,117311,16724,218245,13043,6274,6769
39350,243855,25579,117328,16724,218275,13045,6276,6769
39355,243886,25580,117347,16725,218305,13047,6277,6770
39360,243917,25581,117363,16725,218335,13049,6277,6772
39365,243948,25582,117379,16725,218366,13051,6278,6773
39370,243979,25583,117398,16725,218396,13053,6279,6774
39375,244010,25584,117413,16726,218426,13055,6281,6774
39380,244041,25586,117427,16727,218455,13057,6282,6775
39385,244072,25589,117440,16729,218483,13059,6283,6776
39390,244103,25592,117456,16731,218511,13061,6285,6776
39395,244134,25595,117468,16733,218539,13063,6286,6777
39400,244165,25598,117485,16734,218567,13065,6287,6778
39405,244196,25600,117501,16735,218595,13067,6289,6778
39410,244227,25603,117518,16736,218623,13069,6290,6779
39415,244258,25607,117532,16738,218651,13071,6291,6780
39420,244289,25610,117552,16740,218678,13073,6292,6781
39425,244320,25614,117566,16743,218705,13075,6293,6782
39430,244351,25619,117584,16747,218732,13077,6294,6783
39435,244382,25624,117600,16750,218758,13079,6295,6784
39440,244413,25629,117612,16753,218782,13081,6295,6786
39445,244444,25635,117626,16759,218808,13083,6297,6786
39450,244475,25641,117647,16763,218832,13085,6299,6786
39455,244506,25646,117658,16765,218860,13087,6300,6787
39460,244537,25651,117670,16769,218885,13089,6301,6788
39465,244568,25659,117685,16775,218907,13091,6301,6790
39470,244599,25668,117701,16782,218930,13093,6301,6792
39475,244630,25674,117716,16787,218955,13095,6301,6794
39480,244661,25680,117732,16791,218980,13097,6303,6794
39485,244692,25685,117752,16795,219007,13098,6304,6794
39490,244723,25689,117771,16797,219033,13099,6304,6795
39495,244754,25694,117782,16799,219060,13100,6305,6795
39500,244785,25697,117800,16799,219087,13101,6306,6795
39505,244816,25700,117816,16801,219116,13102,6306,6796
39510,244847,25702,117829,16802,219145,13103,6307,6796
39515,244878,25704,117838,16802,219174,13104,6308,6796
39520,244909,25706,117854,16803,219202,13105,6308,6797
39525,244940,25708,117870,16805,219232,13106,6308,6798
39530,244971,25710,117882,16806,219261,13107,6308,6799
39535,245002,25712,117897,16806,219289,13108,6308,6800
39540,245033,25714,117913,16808,219319,13109,6308,6801
39545,245064,25716,117925,16809,219348,13110,6308,6802
39550,245095,25718,117939,16810,219377,13111,6309,6802
39555,245126,25720,117953,16811,219405,13112,6310,6802
39560,245157,25722,117969,16811,219433,13113,6310,6803
39565,245188,25724,117985,16811,219464,13114,6311,6803
39570,245219,25726,117997,16812,219492,13115,6312,6803
39575,245250,25728,118010,16813,219522,13116,6312,6804
39580,245281,25730,118023,16813,219551,13117,6312,6805
39585,245312,25734,118041,16817,219578,13119,6313,6806
39590,245343,25737,118055,16818,219606,13121,6314,6807
39595,245374,25742,118073,16822,219632,13123,6315,6808
39600,245405,25745,118090,16824,219660,13125,6317,6808
39605,245436,25748,118104,16825,219687,13127,6319,6808
39610,245467,25753,118119,16828,219712,13129,6320,6809
39615,245498,25759,118132,16832,219738,13131,6321,6810
39620,245529,25764,118147,16835,219762,13133,6321,6812
39625,245560,25770,118162,16841,219788,13135,6323,6812
39630,245591,25776,118176,16846,219815,13137,6324,6813
39635,245622,25781,118195,16850,219838,13139,6325,6814
39640,245653,25787,118213,16856,219865,13141,6327,6814
39645,245684,25791,118230,16859,219891,13143,6328,6815
39650,245715,25798,118248,16865,219915,13145,6328,6817
39655,245746,25801,118258,16866,219945,13147,6328,6819
39660,245777,25804,118270,16868,219972,13149,6330,6819
39665,245808,25805,118287,16869,220003,13151,6332,6819
39670,245839,25806,118301,16869,220032,13153,6333,6820
39675,245870,25807,118313,16869,220063,13155,6334,6821
39680,245901,25808,118326,16870,220092,13157,6335,6822
39685,245932,25809,118342,16871,220123,13159,6336,6823
39690,245963,25810,118354,16872,220152,13161,6336,6825
39695,245994,25811,118371,16872,220183,13163,6338,6825
39700,246025,25812,118388,16872,220213,13165,6339,6826
39705,246056,25815,118404,16874,220241,13167,6340,6827
39710,246087,25818,118421,16877,220269,13169,6341,6828
39715,246118,25821,118434,16879,220296,13171,6341,6830
39720,246149,25824,118449,16881,220325,13173,6341,6832
39725,246180,25826,118461,16881,220354,13175,6341,6834
39730,246211,25829,118474,16883,220382,13177,6341,6836
39735,246242,25831,118487,16884,220411,13179,6342,6837
39740,246273,25834,118501,16887,220439,13181,6343,6838
39745,246304,25836,118511,16887,220468,13183,6343,6840
39750,246335,25839,118530,16889,220496,13185,6344,6841
39755,246366,25842,118541,16890,220524,13187,6344,6843
39760,246397,25847,118555,16893,220549,13189,6345,6844
39765,246428,25852,118563,16897,220574,13191,6345,6846
39770,246459,25859,118579,16904,220597,13193,6345,6848
39775,246490,25866,118593,16908,220621,13195,6346,6849
39780,246521,25875,118607,16915,220646,13197,6347,6850
39785,246552,25882,118625,16920,220669,13198,6347,6851
39790,246583,25886,118636,16922,220696,13199,6348,6851
39795,246614,25891,118652,16925,220722,13200,6348,6852
39800,246645,25894,118665,16927,220751,13201,6349,6852
39805,246676,25896,118678,16927,220780,13202,6349,6853
39810,246707,25898,118692,16929,220809,13203,6349,6854
39815,246738,25901,118708,16932,220837,13204,6349,6855
39820,246769,25903,118723,16934,220865,13205,6349,6856
39825,246800,25907,118738,16936,220893,13206,6349,6857
39830,246831,25911,118757,16940,220919,13207,6350,6857
39835,246862,25915,118775,16943,220947,13208,6351,6857
39840,246893,25916,118794,16944,220976,13209,6351,6858
39845,246924,25917,118810,16944,221006,13210,6351,6859
39850,246955,25918,118827,16945,221036,13211,6352,6859
39855,246986,25919,118839,16945,221067,13212,6353,6859
39860,247017,25920,118854,16946,221097,13213,6354,6859
39865,247048,25921,118866,16946,221127,13214,6355,6859
39870,247079,25922,118882,16946,221157,13215,6355,6860
39875,247110,25923,118898,16946,221187,13216,6355,6861
39880,247141,25924,118914,16946,221217,13217,6356,6861
39885,247172,25925,118931,16947,221247,13218,6357,6861
39890,247203,25926,118942,16948,221277,13220,6358,6862
39895,247234,25930,118955,16950,221304,13222,6358,6864
39900,247265,25935,118974,16955,221330,13224,6360,6864
39905,247296,25937,118991,16957,221359,13226,6361,6865
39910,247327,25941,119003,16959,221386,13228,6361,6867
39915,247358,25944,119018,16962,221414,13230,6362,6868
39920,247389,25949,119037,16967,221440,13232,6362,6870
39925,247420,25953,119054,16970,221467,13234,6363,6871
39930,247451,25956,119071,16972,221495,13236,6363,6873
39935,247482,25960,119090,16975,221522,13238,6364,6874
39940,247513,25964,119107,16978,221549,13240,6365,6875
39945,247544,25968,119121,16981,221574,13242,6365,6877
39950,247575,25974,119137,16986,221598,13244,6366,6878
39955,247606,25980,119154,16991,221624,13246,6366,6880
39960,247637,25983,119169,16993,221653,13248,6367,6881
39965,247668,25988,119183,16997,221678,13250,6367,6883
39970,247699,25992,119197,17001,221705,13252,6369,6883
39975,247730,25996,119211,17004,221733,13254,6371,6883
39980,247761,25998,119223,17006,221761,13256,6373,6883
39985,247792,26001,119239,17009,221790,13258,6375,6883
39990,247823,26001,119254,17009,221821,13260,6377,6883
39995,247854,26001,119270,17009,221852,13262,6379,6883
40000,247885,26001,119285,17009,221883,13264,6380,6884
40005,247916,26001,119301,17009,221914,13266,6382,6884
40010,247947,26002,119315,17010,221945,13268,6383,6885
40015,247978,26003,119330,17010,221975,13270,6384,6886
40020,248009,26004,119346,17010,222005,13272,6385,6887
40025,248040,26005,119363,17011,222035,13274,6387,6887
40030,248071,26006,119378,17012,222065,13276,6388,6888
40035,248102,26007,119398,17013,222095,13278,6389,6889
40040,248133,26008,119414,17014,222125,13280,6390,6890
40045,248164,26009,119433,17015,222155,13282,6390,6892
40050,248195,26010,119447,17015,222185,13284,6391,6893
40055,248226,26011,119463,17015,222215,13286,6392,6894
40060,248257,26013,119473,17016,222244,13288,6393,6895
40065,248288,26015,119487,17017,222273,13290,6393,6897
40070,248319,26018,119501,17019,222301,13292,6394,6898
40075,248350,26021,119513,17020,222329,13294,6395,6899
40080,248381,26024,119523,17022,222357,13296,6395,6901
40085,248412,26027,119536,17024,222385,13297,6395,6902
40090,248443,26030,119547,17025,222413,13298,6396,6902
40095,248474,26034,119565,17027,222440,13299,6396,6903
40100,248505,26039,119584,17030,222465,13300,6397,6903
40105,248536,26044,119594,17032,222491,13301,6398,6903
40110,248567,26050,119608,17035,222517,13302,6398,6904
40115,248598,26056,119626,17040,222542,13303,6399,6904
40120,248629,26060,119643,17042,222568,13304,6400,6904
40125,248660,26067,119653,17046,222592,13305,6400,6905
40130,248691,26074,119669,17051,222614,13306,6400,6906
40135,248722,26082,119684,17057,222637,13307,6401,6906
40140,248753,26092,119703,17066,222656,13308,6402,6906
40145,248784,26101,119717,17074,222681,13309,6403,6906
40150,248815,26104,119732,17077,222710,13310,6404,6906
40155,248846,26106,119746,17077,222740,13311,6404,6907
40160,248877,26108,119757,17077,222768,13312,6404,6908
40165,248908,26110,119769,17078,222797,13313,6404,6909
40170,248939,26113,119784,17081,222826,13314,6405,6909
40175,248970,26116,119798,17083,222852,13315,6405,6910
40180,249001,26119,119812,17084,222882,13316,6405,6911
40185,249032,26122,119827,17085,222910,13318,6405,6913
40190,249063,26125,119841,17087,222938,13320,6405,6915
40195,249094,26127,119853,17087,222967,13322,6405,6917
40200,249125,26129,119868,17087,222996,13324,6407,6917
40205,249156,26130,119880,17087,223026,13326,6408,6918
40210,249187,26131,119896,17087,223056,13328,6409,6919
40215,249218,26132,119906,17087,223086,13330,6409,6921
40220,249249,26133,119923,17088,223116,13332,6409,6923
40225,249280,26134,119936,17089,223146,13334,6409,6925
40230,249311,26135,119951,17089,223176,13336,6410,6926
40235,249342,26136,119971,17090,223206,13338,6411,6927
40240,249373,26137,119980,17090,223236,13340,6413,6927
40245,249404,26139,119998,17091,223264,13342,6414,6928
40250,249435,26144,120010,17095,223291,13344,6415,6929
40255,249466,26149,120020,17099,223316,13346,6416,6930
40260,249497,26156,120036,17104,223340,13348,6417,6931
40265,249528,26162,120050,17109,223366,13350,6419,6931
40270,249559,26167,120065,17113,223391,13352,6420,6932
40275,249590,26174,120083,17117,223416,13354,6422,6932
40280,249621,26177,120097,17118,223444,13356,6423,6933
40285,249652,26181,120111,17121,223470,13358,6425,6933
40290,249683,26186,120126,17124,223496,13360,6426,6934
40295,249714,26191,120143,17127,223521,13362,6427,6935
40300,249745,26194,120157,17129,223551,13364,6428,6936
40305,249776,26196,120169,17130,223580,13366,6428,6938
40310,249807,26198,120183,17132,223608,13368,6429,6939
40315,249838,26201,120198,17134,223637,13370,6430,6940
40320,249869,26203,120206,17134,223665,13372,6430,6942
40325,249900,26205,120224,17135,223695,13373,6431,6942
40330,249931,26207,120243,17137,223724,13374,6431,6943
40335,249962,26210,120256,17140,223752,13375,6431,6944
40340,249993,26212,120269,17141,223781,13376,6432,6944
40345,250024,26215,120287,17143,223809,13377,6433,6944
40350,250055,26218,120301,17144,223837,13378,6434,6944
40355,250086,26221,120321,17147,223865,13379,6435,6944
40360,250117,26223,120336,17148,223894,13380,6435,6945
40365,250148,26226,120352,17151,223922,13381,6435,6946
40370,250179,26229,120367,17152,223950,13382,6436,6946
40375,250210,26232,120380,17153,223978,13383,6436,6947
40380,250241,26234,120391,17153,224007,13384,6436,6948
40385,250272,26237,120405,17154,224033,13385,6437,6948
40390,250303,26242,120420,17157,224061,13386,6438,6948
40395,250334,26244,120436,17158,224090,13387,6439,6948
40400,250365,26246,120454,17158,224119,13388,6440,6948
40405,250396,26248,120470,17159,224148,13389,6440,6949
40410,250427,26250,120483,17159,224176,13390,6441,6949
40415,250458,26254,120495,17160,224204,13391,6442,6949
40420,250489,26258,120513,17163,224231,13392,6442,6950
40425,250520,26262,120532,17166,224258,13393,6442,6951
40430,250551,26266,120549,17169,224284,13395,6443,6952
40435,250582,26271,120560,17172,224311,13397,6443,6954
40440,250613,26276,120575,17175,224337,13399,6444,6955
40445,250644,26281,120592,17178,224361,13401,6446,6955
40450,250675,26287,120608,17183,224387,13403,6448,6955
40455,250706,26289,120621,17184,224417,13405,6449,6956
40460,250737,26291,120630,17184,224446,13407,6451,6956
40465,250768,26293,120649,17185,224475,13409,6452,6957
40470,250799,26295,120662,17186,224504,13411,6453,6958
40475,250830,26297,120675,17187,224533,13413,6453,6960
40480,250861,26299,120689,17187,224562,13415,6453,6962
40485,250892,26301,120702,17187,224591,13417,6454,6963
40490,250923,26303,120718,17189,224620,13419,6454,6965
40495,250954,26307,120737,17192,224646,13421,6455,6966
40500,250985,26311,120750,17194,224673,13423,6455,6968
40505,251016,26314,120763,17196,224700,13425,6456,6969
40510,251047,26317,120775,17197,224729,13427,6457,6970
40515,251078,26320,120786,17199,224757,13429,6457,6972
40520,251109,26323,120804,17201,224785,13431,6457,6974
40525,251140,26326,120823,17202,224814,13433,6458,6975
40530,251171,26329,120839,17204,224841,13435,6459,6976
40535,251202,26332,120848,17206,224870,13437,6459,6978
40540,251233,26335,120864,17207,224897,13439,6459,6980
40545,251264,26338,120880,17209,224926,13441,6460,6981
40550,251295,26341,120892,17209,224954,13443,6461,6982
40555,251326,26344,120910,17211,224981,13445,6463,6982
40560,251357,26348,120928,17212,225008,13447,6465,6982
40565,251388,26353,120945,17215,225034,13449,6467,6982
40570,251419,26358,120961,17220,225060,13451,6467,6984
40575,251450,26364,120980,17225,225084,13453,6469,6984
40580,251481,26371,120994,17230,225109,13455,6469,6986
40585,251512,26376,121008,17233,225135,13457,6469,6988
40590,251543,26381,121018,17236,225162,13459,6470,6989
40595,251574,26387,121032,17241,225185,13461,6471,6990
40600,251605,26394,121048,17246,225211,13463,6473,6990
40605,251636,26397,121058,17248,225238,13465,6473,6992
40610,251667,26400,121068,17249,225267,13467,6474,6993
40615,251698,26405,121081,17253,225292,13469,6476,6993
40620,251729,26409,121098,17257,225320,13471,6477,6994
40625,251760,26413,121117,17261,225347,13473,6478,6995
40630,251791,26418,121129,17263,225372,13475,6479,6996
40635,251822,26424,121146,17267,225398,13477,6479,6998
40640,251853,26426,121158,17268,225427,13479,6480,6999
40645,251884,26428,121175,17269,225456,13481,6481,7000
40650,251915,26430,121189,17271,225485,13483,6482,7001
40655,251946,26432,121206,17271,225514,13485,6483,7002
40660,251977,26434,121225,17273,225543,13487,6485,7002
40665,252008,26436,121244,17275,225571,13489,6486,7003
40670,252039,26438,121257,17276,225601,13491,6487,7004
40675,252070,26440,121272,17276,225629,13493,6487,7006
40680,252101,26442,121282,17278,225659,13495,6488,7007
40685,252132,26443,121298,17278,225689,13497,6490,7007
40690,252163,26444,121317,17278,225718,13499,6491,7008
40695,252194,26445,121334,17278,225749,13501,6492,7009
40700,252225,26446,121352,17279,225779,13503,6494,7009
40705,252256,26447,121366,17280,225809,13505,6495,7010
40710,252287,26450,121381,17283,225835,13507,6496,7011
40715,252318,26454,121391,17286,225864,13509,6497,7012
40720,252349,26457,121404,17287,225891,13511,6498,7013
40725,252380,26460,121416,17288,225918,13513,6499,7014
40730,252411,26465,121430,17291,225945,13515,6500,7015
40735,252442,26468,121441,17293,225971,13517,6501,7016
40740,252473,26473,121458,17297,225997,13519,6502,7017
40745,252504,26478,121469,17302,226026,13520,6502,7018
40750,252535,26481,121484,17304,226054,13521,6503,7018
40755,252566,26483,121501,17305,226083,13522,6504,7018
40760,252597,26486,121517,17308,226111,13523,6504,7019
40765,252628,26489,121534,17311,226139,13524,6504,7020
40770,252659,26492,121552,17313,226166,13525,6505,7020
40775,252690,26494,121566,17314,226196,13526,6506,7020
40780,252721,26497,121580,17316,226224,13527,6506,7021
40785,252752,26500,121597,17319,226252,13528,6507,7021
40790,252783,26503,121607,17321,226280,13529,6507,7022
40795,252814,26507,121621,17324,226306,13530,6507,7023
40800,252845,26511,121640,17326,226333,13531,6507,7024
40805,252876,26515,121659,17329,226361,13532,6508,7024
40810,252907,26520,121676,17332,226387,13533,6508,7025
40815,252938,26522,121691,17332,226416,13534,6509,7025
40820,252969,26524,121710,17332,226445,13535,6510,7025
40825,253000,26526,121727,17333,226474,13536,6510,7026
40830,253031,26528,121742,17335,226503,13537,6511,7026
40835,253062,26530,121753,17335,226532,13538,6511,7027
40840,253093,26532,121766,17337,226561,13539,6512,7027
40845,253124,26534,121782,17337,226588,13541,6513,7028
40850,253155,26539,121792,17342,226616,13543,6514,7029
40855,253186,26542,121802,17343,226643,13545,6514,7031
40860,253217,26547,121817,17347,226668,13547,6516,7031
40865,253248,26551,121829,17349,226697,13548,6517,7031
40870,253279,26554,121846,17351,226723,13549,6517,7032
40875,253310,26559,121862,17353,226751,13550,6517,7033
40880,253341,26564,121881,17357,226776,13551,6517,7034
40885,253372,26568,121892,17359,226804,13552,6518,7034
40890,253403,26571,121902,17362,226832,13553,6518,7035
40895,253434,26576,121917,17365,226858,13554,6518,7036
40900,253465,26580,121929,17369,226885,13555,6518,7037
40905,253496,26582,121941,17369,226913,13556,6519,7037
40910,253527,26584,121957,17369,226941,13557,6519,7038
40915,253558,26586,121971,17370,226971,13558,6520,7038
40920,253589,26590,121990,17372,226996,13559,6521,7038
40925,253620,26594,122004,17376,227026,13560,6521,7039
40930,253651,26597,122022,17379,227054,13561,6522,7039
40935,253682,26600,122033,17379,227082,13562,6523,7039
40940,253713,26604,122049,17381,227109,13563,6524,7039
40945,253744,26608,122063,17383,227136,13564,6524,7040
40950,253775,26613,122078,17386,227162,13565,6524,7041
40955,253806,26618,122096,17389,227188,13566,6524,7042
40960,253837,26621,122110,17392,227216,13567,6524,7043
40965,253868,26625,122127,17394,227243,13568,6524,7044
40970,253899,26630,122142,17398,227269,13570,6525,7045
40975,253930,26635,122157,17401,227295,13572,6525,7047
40980,253961,26637,122168,17403,227324,13574,6526,7048
40985,253992,26639,122180,17404,227353,13576,6527,7049
40990,254023,26641,122196,17406,227382,13578,6528,7050
40995,254054,26643,122212,17407,227411,13580,6528,7052
41000,254085,26645,122229,17408,227440,13582,6529,7053
41005,254116,26647,122246,17410,227469,13584,6531,7053
41010,254147,26650,122265,17411,227497,13586,6531,7055
41015,254178,26653,122280,17413,227525,13588,6532,7056
41020,254209,26656,122291,17415,227553,13590,6533,7057
41025,254240,26659,122306,17416,227581,13592,6533,7059
41030,254271,26662,122314,17417,227609,13594,6533,7061
41035,254302,26665,122325,17420,227637,13596,6533,7063
41040,254333,26669,122337,17422,227663,13598,6534,7064
41045,254364,26676,122352,17427,227686,13600,6535,7065
41050,254395,26683,122367,17433,227711,13602,6535,7067
41055,254426,26689,122378,17436,227736,13604,6536,7068
41060,254457,26692,122392,17437,227765,13606,6538,7068
41065,254488,26694,122410,17437,227794,13608,6539,7069
41070,254519,26696,122426,17438,227823,13610,6541,7069
41075,254550,26698,122443,17439,227852,13612,6541,7071
41080,254581,26700,122462,17439,227881,13614,6542,7072
41085,254612,26703,122474,17440,227909,13616,6543,7073
41090,254643,26707,122487,17443,227936,13618,6543,7075
41095,254674,26711,122502,17445,227963,13620,6544,7076
41100,254705,26715,122512,17448,227990,13622,6544,7078
41105,254736,26717,122529,17448,228019,13624,6545,7079
41110,254767,26719,122545,17449,228048,13626,6547,7079
41115,254798,26721,122556,17449,228076,13628,6548,7080
41120,254829,26723,122570,17450,228105,13630,6549,7081
41125,254860,26725,122582,17451,228135,13632,6551,7081
41130,254891,26727,122598,17451,228164,13634,6551,7083
41135,254922,26729,122618,17452,228192,13636,6553,7083
41140,254953,26731,122631,17454,228222,13638,6554,7084
41145,254984,26733,122646,17454,228251,13640,6555,7085
41150,255015,26735,122661,17455,228280,13642,6557,7085
41155,255046,26737,122676,17456,228309,13644,6558,7086
41160,255077,26740,122692,17458,228336,13646,6560,7086
41165,255108,26746,122707,17462,228362,13648,6561,7087
41170,255139,26751,122721,17465,228386,13650,6562,7088
41175,255170,26758,122739,17471,228410,13652,6563,7089
41180,255201,26767,122752,17478,228433,13654,6563,7091
41185,255232,26771,122764,17480,228460,13656,6563,7093
41190,255263,26776,122775,17483,228486,13658,6563,7095
41195,255294,26780,122793,17486,228514,13660,6564,7096
41200,255325,26781,122807,17486,228544,13662,6566,7096
41205,255356,26783,122824,17487,228573,13664,6567,7097
41210,255387,26785,122835,17488,228602,13666,6568,7098
41215,255418,26787,122849,17489,228631,13668,6569,7099
41220,255449,26789,122865,17490,228660,13670,6570,7100
41225,255480,26791,122874,17491,228689,13672,6570,7102
41230,255511,26793,122889,17491,228718,13674,6571,7103
41235,255542,26795,122905,17492,228746,13676,6572,7104
41240,255573,26797,122918,17493,228776,13678,6574,7104
41245,255604,26799,122935,17494,228805,13680,6575,7105
41250,255635,26801,122951,17495,228834,13682,6575,7107
41255,255666,26803,122967,17496,228862,13684,6575,7109
41260,255697,26805,122984,17497,228890,13686,6576,7110
41265,255728,26807,122996,17497,228920,13688,6577,7111
41270,255759,26809,123009,17498,228948,13690,6578,7112
41275,255790,26811,123022,17498,228978,13692,6579,7113
41280,255821,26813,123039,17500,229006,13694,6579,7115
41285,255852,26815,123054,17501,229037,13696,6580,7116
41290,255883,26818,123068,17502,229064,13698,6582,7116
41295,255914,26822,123084,17504,229091,13700,6584,7116
41300,255945,26826,123102,17506,229119,13702,6585,7117
41305,255976,26830,123122,17509,229144,13704,6587,7117
41310,256007,26835,123137,17513,229172,13706,6588,7118
41315,256038,26839,123150,17514,229198,13708,6589,7119
41320,256069,26844,123163,17515,229224,13710,6589,7121
41325,256100,26850,123174,17518,229249,13712,6590,7122
41330,256131,26857,123194,17524,229272,13714,6591,7123
41335,256162,26865,123212,17530,229296,13716,6592,7124
41340,256193,26870,123224,17531,229321,13718,6593,7125
41345,256224,26878,123234,17537,229346,13719,6593,7126
41350,256255,26883,123251,17540,229371,13720,6593,7127
41355,256286,26889,123271,17546,229397,13721,6594,7127
41360,256317,26893,123287,17548,229424,13722,6595,7127
41365,256348,26898,123299,17551,229450,13723,6595,7128
41370,256379,26901,123312,17553,229478,13724,6595,7129
41375,256410,26905,123332,17556,229505,13725,6596,7129
41380,256441,26907,123348,17556,229534,13726,6597,7129
41385,256472,26909,123366,17557,229562,13727,6598,7129
41390,256503,26911,123383,17559,229591,13728,6598,7130
41395,256534,26913,123398,17560,229620,13729,6599,7130
41400,256565,26915,123414,17562,229649,13730,6599,7131
41405,256596,26917,123427,17564,229678,13730,6599,7131
41410,256627,26919,123440,17564,229707,13730,6599,7131
41415,256658,26921,123449,17565,229736,13730,6599,7131
41420,256689,26923,123467,17567,229764,13730,6599,7131
41425,256720,26925,123482,17568,229794,13730,6599,7131
41430,256751,26927,123496,17568,229823,13730,6599,7131
41435,256782,26929,123511,17569,229852,13730,6599,7131
41440,256813,26931,123529,17570,229880,13730,6599,7131
41445,256844,26933,123541,17571,229910,13731,6600,7131
41450,256875,26935,123553,17571,229939,13732,6600,7132
41455,256906,26937,123562,17572,229967,13733,6601,7132
41460,256937,26941,123579,17575,229996,13734,6601,7133
41465,256968,26944,123593,17577,230023,13735,6602,7133
41470,256999,26948,123607,17579,230050,13736,6602,7134
41475,257030,26952,123621,17582,230078,13737,6602,7135
41480,257061,26955,123636,17584,230105,13738,6602,7136
41485,257092,26962,123654,17588,230129,13739,6602,7137
41490,257123,26967,123667,17592,230156,13740,6602,7138
41495,257154,26972,123680,17594,230181,13741,6602,7139
41500,257185,26978,123693,17598,230207,13742,6603,7139
41505,257216,26984,123711,17603,230231,13743,6603,7140
41510,257247,26989,123724,17606,230257,13745,6605,7140
41515,257278,26997,123741,17610,230280,13747,6606,7141
41520,257309,27005,123755,17616,230303,13749,6607,7142
41525,257340,27011,123766,17619,230328,13751,6607,7144
41530,257371,27013,123778,17621,230358,13753,6607,7146
41535,257402,27014,123789,17621,230388,13755,6608,7147
41540,257433,27015,123810,17622,230418,13757,6610,7147
41545,257464,27016,123824,17622,230448,13759,6611,7148
41550,257495,27017,123840,17622,230478,13761,6612,7149
41555,257526,27018,123857,17622,230508,13763,6613,7150
41560,257557,27019,123873,17622,230537,13765,6614,7151
41565,257588,27020,123889,17623,230568,13767,6615,7152
41570,257619,27021,123905,17624,230598,13769,6616,7153
41575,257650,27022,123917,17625,230627,13771,6616,7155
41580,257681,27023,123934,17625,230656,13773,6618,7155
41585,257712,27024,123951,17626,230688,13775,6619,7156
41590,257743,27025,123966,17626,230718,13777,6620,7157
41595,257774,27026,123985,17627,230748,13779,6621,7158
41600,257805,27027,123997,17627,230778,13781,6621,7160
41605,257836,27028,124014,17627,230808,13783,6622,7161
41610,257867,27029,124022,17627,230838,13785,6622,7163
41615,257898,27030,124037,17627,230868,13787,6623,7164
41620,257929,27031,124048,17627,230898,13789,6623,7166
41625,257960,27032,124057,17628,230928,13791,6623,7168
41630,257991,27035,124068,17630,230956,13793,6623,7170
41635,258022,27039,124087,17632,230981,13795,6625,7170
41640,258053,27044,124103,17636,231007,13797,6626,7171
41645,258084,27050,124117,17640,231032,13799,6626,7173
41650,258115,27055,124128,17643,231060,13801,6628,7173
41655,258146,27059,124146,17645,231085,13803,6629,7174
41660,258177,27065,124162,17649,231111,13805,6629,7176
41665,258208,27071,124180,17654,231136,13807,6630,7177
41670,258239,27076,124197,17658,231162,13809,6631,7178
41675,258270,27081,124209,17661,231188,13811,6633,7178
41680,258301,27086,124222,17665,231213,13813,6633,7180
41685,258332,27091,124234,17668,231241,13815,6635,7180
41690,258363,27098,124245,17672,231264,13817,6635,7182
41695,258394,27108,124263,17682,231284,13819,6635,7184
41700,258425,27113,124275,17684,231311,13821,6635,7186
41705,258456,27116,124294,17686,231339,13823,6636,7187
41710,258487,27118,124306,17686,231368,13825,6636,7189
41715,258518,27120,124323,17686,231398,13827,6637,7190
41720,258549,27122,124341,17687,231427,13829,6638,7191
41725,258580,27124,124362,17688,231456,13831,6639,7192
41730,258611,27126,124377,17689,231485,13833,6639,7194
41735,258642,27128,124391,17689,231514,13835,6641,7194
41740,258673,27130,124404,17690,231543,13837,6642,7195
41745,258704,27132,124418,17690,231572,13839,6644,7195
41750,258735,27134,124434,17692,231601,13841,6644,7197
41755,258766,27136,124450,17693,231630,13843,6646,7197
41760,258797,27138,124466,17694,231659,13845,6647,7198
41765,258828,27140,124478,17694,231688,13847,6647,7200
41770,258859,27142,124490,17695,231717,13849,6648,7201
41775,258890,27144,124513,17697,231746,13851,6650,7201
41780,258921,27146,124530,17698,231775,13853,6651,7202
41785,258952,27148,124544,17699,231804,13855,6651,7204
41790,258983,27150,124559,17700,231833,13857,6651,7206
41795,259014,27152,124579,17701,231862,13859,6652,7207
41800,259045,27154,124589,17701,231888,13861,6654,7207
41805,259076,27159,124602,17705,231915,13863,6654,7209
41810,259107,27164,124622,17709,231942,13865,6655,7210
41815,259138,27168,124637,17711,231969,13867,6655,7212
41820,259169,27172,124651,17713,231996,13869,6655,7214
41825,259200,27176,124664,17714,232024,13871,6655,7216
41830,259231,27182,124679,17717,232049,13873,6657,7216
41835,259262,27187,124695,17718,232075,13875,6658,7217
41840,259293,27193,124713,17721,232100,13877,6659,7218
41845,259324,27199,124729,17724,232125,13879,6660,7219
41850,259355,27205,124745,17727,232149,13881,6661,7220
41855,259386,27209,124756,17729,232177,13883,6662,7221
41860,259417,27215,124774,17735,232202,13885,6663,7222
41865,259448,27220,124790,17739,232227,13887,6664,7223
41870,259479,27223,124805,17740,232256,13889,6666,7223
41875,259510,27227,124822,17743,232283,13891,6668,7223
41880,259541,27232,124839,17747,232308,13893,6668,7225
41885,259572,27236,124851,17748,232336,13895,6669,7226
41890,259603,27241,124869,17752,232362,13897,6670,7227
41895,259634,27246,124886,17757,232388,13899,6670,7229
41900,259665,27250,124905,17759,232415,13901,6671,7230
41905,259696,27253,124921,17760,232443,13903,6672,7231
41910,259727,27255,124934,17761,232472,13905,6673,7232
41915,259758,27257,124949,17762,232501,13907,6673,7234
41920,259789,27259,124964,17763,232530,13909,6675,7234
41925,259820,27261,124977,17764,232559,13911,6677,7234
41930,259851,27263,124989,17765,232588,13913,6679,7234
41935,259882,27265,125008,17766,232617,13915,6679,7236
41940,259913,27267,125022,17766,232646,13917,6679,7238
41945,259944,27269,125033,17766,232675,13917,6679,7238
41950,259975,27271,125047,17767,232704,13917,6679,7238
41955,260006,27273,125065,17768,232733,13917,6679,7238
41960,260037,27275,125080,17769,232762,13917,6679,7238
41965,260068,27277,125097,17771,232791,13917,6679,7238
41970,260099,27279,125111,17772,232818,13917,6679,7238
41975,260130,27284,125129,17776,232843,13917,6679,7238
41980,260161,27288,125146,17777,232869,13917,6679,7238
41985,260192,27293,125162,17782,232898,13917,6679,7238
41990,260223,27299,125177,17787,232922,13917,6679,7238
41995,260254,27304,125194,17789,232948,13917,6679,7238
42000,260285,27310,125210,17793,232973,13917,6679,7238
42005,260316,27314,125223,17795,233002,13917,6679,7238
42010,260347,27317,125240,17796,233030,13917,6679,7238
42015,260378,27320,125260,17798,233058,13917,6679,7238
42020,260409,27323,125278,17800,233086,13917,6679,7238
42025,260440,27326,125296,17802,233114,13917,6679,7238
42030,260471,27329,125311,17803,233142,13917,6679,7238
42035,260502,27332,125325,17803,233169,13917,6679,7238
42040,260533,27335,125342,17804,233197,13917,6679,7238
42045,260564,27338,125357,17805,233225,13918,6680,7238
42050,260595,27341,125369,17807,233253,13920,6680,7240
42055,260626,27344,125386,17810,233282,13922,6680,7242
42060,260657,27347,125399,17811,233310,13924,6682,7242
42065,260688,27350,125415,17812,233338,13926,6682,7244
42070,260719,27353,125433,17813,233366,13928,6684,7244
42075,260750,27356,125450,17816,233394,13930,6684,7246
42080,260781,27359,125467,17817,233422,13932,6685,7247
42085,260812,27363,125482,17820,233449,13934,6685,7249
42090,260843,27366,125501,17821,233477,13936,6686,7250
42095,260874,27369,125517,17823,233505,13938,6687,7251
42100,260905,27374,125529,17827,233531,13940,6688,7252
42105,260936,27378,125544,17831,233557,13942,6689,7253
42110,260967,27384,125561,17835,233581,13944,6689,7255
42115,260998,27393,125574,17840,233605,13946,6690,7256
42120,261029,27397,125589,17841,233630,13948,6691,7257
42125,261060,27401,125606,17844,233658,13950,6691,7259
42130,261091,27404,125622,17846,233684,13952,6692,7260
42135,261122,27406,125637,17846,233713,13954,6694,7260
42140,261153,27410,125653,17850,233742,13956,6695,7261
42145,261184,27414,125671,17854,233769,13958,6696,7262
42150,261215,27418,125689,17858,233795,13960,6697,7263
42155,261246,27423,125703,17862,233822,13962,6698,7264
42160,261277,27427,125715,17865,233850,13964,6698,7266
42165,261308,27428,125731,17865,233880,13966,6700,7266
42170,261339,27429,125743,17865,233910,13968,6700,7268
42175,261370,27430,125755,17865,233940,13970,6701,7269
42180,261401,27431,125774,17866,233970,13972,6703,7269
42185,261432,27432,125787,17867,234000,13974,6705,7269
42190,261463,27433,125802,17867,234030,13976,6707,7269
42195,261494,27434,125817,17868,234060,13978,6707,7271
42200,261525,27435,125834,17869,234090,13980,6708,7272
42205,261556,27436,125849,17870,234120,13982,6709,7273
42210,261587,27437,125864,17871,234150,13984,6709,7275
42215,261618,27438,125879,17871,234180,13986,6710,7276
42220,261649,27439,125895,17872,234210,13988,6712,7276
42225,261680,27442,125911,17874,234238,13990,6713,7277
42230,261711,27446,125928,17877,234264,13992,6715,7277
42235,261742,27449,125941,17878,234293,13994,6715,7279
42240,261773,27452,125956,17881,234320,13996,6717,7279
42245,261804,27455,125978,17882,234347,13998,6719,7279
42250,261835,27462,125999,17887,234370,14000,6720,7280
42255,261866,27471,126018,17895,234392,14002,6720,7282
42260,261897,27475,126034,17898,234422,14004,6721,7283
42265,261928,27477,126052,17899,234451,14006,6722,7284
42270,261959,27479,126069,17901,234480,14008,6723,7285
42275,261990,27483,126087,17904,234507,14010,6725,7285
42280,262021,27486,126102,17905,234535,14012,6725,7287
42285,262052,27490,126118,17907,234561,14014,6727,7287
42290,262083,27494,126133,17908,234587,14016,6727,7289
42295,262114,27499,126151,17911,234614,14018,6728,7290
42300,262145,27504,126165,17915,234641,14020,6728,7292
42305,262176,27507,126177,17915,234668,14022,6728,7294
42310,262207,27512,126189,17918,234694,14024,6729,7295
42315,262238,27518,126205,17923,234718,14026,6729,7297
42320,262269,27522,126222,17927,234747,14028,6730,7298
42325,262300,27524,126239,17929,234776,14030,6731,7299
42330,262331,27526,126251,17930,234805,14032,6731,7301
42335,262362,27528,126273,17931,234833,14034,6733,7301
42340,262393,27530,126287,17933,234863,14036,6734,7302
42345,262424,27532,126300,17935,234892,14038,6735,7303
42350,262455,27534,126313,17937,234921,14040,6737,7303
42355,262486,27536,126331,17939,234949,14042,6738,7304
42360,262517,27538,126348,17941,234978,14044,6739,7305
42365,262548,27540,126361,17942,235008,14046,6740,7306
42370,262579,27542,126378,17943,235036,14048,6742,7306
42375,262610,27544,126397,17944,235066,14050,6743,7307
42380,262641,27546,126414,17944,235095,14052,6743,7309
42385,262672,27548,126435,17946,235124,14054,6745,7309
42390,262703,27550,126450,17946,235152,14056,6747,7309
42395,262734,27553,126465,17949,235180,14058,6747,7311
42400,262765,27555,126484,17951,235209,14060,6747,7313
42405,262796,27559,126499,17954,235235,14062,6747,7315
42410,262827,27565,126515,17959,235258,14064,6747,7317
42415,262858,27573,126531,17965,235284,14066,6747,7319
42420,262889,27574,126546,17966,235313,14068,6748,7320
42425,262920,27576,126555,17967,235344,14070,6749,7321
42430,262951,27578,126575,17968,235372,14072,6750,7322
42435,262982,27581,126589,17969,235400,14074,6750,7324
42440,263013,27584,126603,17971,235429,14076,6750,7326
42445,263044,27586,126621,17972,235458,14078,6752,7326
42450,263075,27588,126635,17972,235485,14080,6754,7326
42455,263106,27592,126654,17976,235512,14082,6756,7326
42460,263137,27596,126674,17980,235539,14084,6758,7326
42465,263168,27601,126689,17985,235566,14086,6759,7327
42470,263199,27606,126704,17988,235593,14088,6761,7327
42475,263230,27611,126719,17993,235617,14090,6761,7329
42480,263261,27614,126731,17995,235646,14092,6762,7330
42485,263292,27616,126747,17996,235675,14093,6762,7331
42490,263323,27618,126764,17996,235705,14094,6763,7331
42495,263354,27620,126783,17997,235733,14095,6764,7331
42500,263385,27622,126796,17998,235763,14096,6764,7332
42505,263416,27624,126812,18000,235792,14097,6765,7332
42510,263447,27626,126830,18001,235821,14098,6765,7333
42515,263478,27628,126846,18002,235850,14099,6766,7333
42520,263509,27630,126865,18003,235879,14100,6767,7333
42525,263540,27633,126887,18004,235906,14101,6768,7333
42530,263571,27636,126903,18005,235934,14102,6768,7334
42535,263602,27640,126914,18006,235961,14103,6769,7334
42540,263633,27644,126929,18009,235989,14104,6770,7334
42545,263664,27647,126942,18011,236015,14104,6770,7334
42550,263695,27654,126957,18018,236039,14104,6770,7334
42555,263726,27660,126971,18022,236064,14104,6770,7334
42560,263757,27666,126984,18027,236090,14104,6770,7334
42565,263788,27669,126998,18029,236117,14104,6770,7334
42570,263819,27671,127005,18029,236148,14104,6770,7334
42575,263850,27673,127020,18030,236177,14104,6770,7334
42580,263881,27675,127033,18030,236206,14104,6770,7334
42585,263912,27678,127046,18031,236233,14104,6770,7334
42590,263943,27682,127053,18032,236261,14105,6770,7335
42595,263974,27685,127066,18034,236289,14106,6771,7335
42600,264005,27688,127083,18036,236315,14107,6772,7335
42605,264036,27692,127096,18039,236343,14108,6772,7336
42610,264067,27697,127109,18041,236369,14109,6773,7336
42615,264098,27704,127127,18047,236391,14110,6774,7336
42620,264129,27713,127144,18055,236416,14111,6774,7337
42625,264160,27715,127157,18056,236445,14112,6775,7337
42630,264191,27717,127179,18057,236473,14113,6776,7337
42635,264222,27719,127193,18057,236502,14114,6776,7338
42640,264253,27721,127209,18058,236532,14115,6777,7338
42645,264284,27723,127227,18060,236561,14117,6779,7338
42650,264315,27725,127248,18061,236590,14119,6780,7339
42655,264346,27727,127261,18062,236619,14121,6780,7341
42660,264377,27729,127277,18063,236648,14123,6781,7342
42665,264408,27731,127289,18063,236677,14125,6782,7343
42670,264439,27735,127306,18066,236704,14127,6783,7344
42675,264470,27738,127315,18067,236732,14129,6784,7345
42680,264501,27741,127332,18068,236760,14131,6785,7346
42685,264532,27744,127346,18070,236788,14133,6787,7346
42690,264563,27750,127360,18074,236813,14135,6789,7346
42695,264594,27755,127377,18078,236838,14137,6789,7348
42700,264625,27760,127392,18081,236863,14139,6791,7348
42705,264656,27769,127411,18089,236885,14141,6792,7349
42710,264687,27771,127426,18090,236916,14143,6793,7350
42715,264718,27773,127440,18090,236944,14145,6794,7351
42720,264749,27775,127457,18091,236972,14147,6794,7353
42725,264780,27777,127471,18092,237002,14149,6795,7354
42730,264811,27780,127488,18093,237030,14151,6796,7355
42735,264842,27784,127500,18095,237058,14153,6797,7356
42740,264873,27787,127514,18097,237085,14155,6797,7358
42745,264904,27791,127529,18099,237112,14157,6799,7358
42750,264935,27796,127544,18103,237138,14159,6799,7360
42755,264966,27801,127554,18105,237164,14161,6799,7362
42760,264997,27807,127568,18109,237189,14163,6800,7363
42765,265028,27811,127577,18113,237216,14165,6800,7365
42770,265059,27816,127588,18117,237242,14167,6801,7366
42775,265090,27822,127601,18121,237266,14169,6801,7368
42780,265121,27824,127617,18122,237296,14171,6801,7370
42785,265152,27826,127639,18124,237325,14173,6803,7370
42790,265183,27828,127656,18126,237355,14175,6805,7370
42795,265214,27830,127669,18127,237384,14177,6806,7371
42800,265245,27832,127685,18129,237413,14179,6807,7372
42805,265276,27834,127695,18129,237441,14181,6807,7374
42810,265307,27836,127712,18130,237470,14183,6808,7375
42815,265338,27839,127725,18131,237499,14185,6810,7375
42820,265369,27842,127742,18133,237527,14187,6811,7376
42825,265400,27845,127755,18134,237555,14189,6812,7377
42830,265431,27849,127766,18135,237581,14191,6813,7378
42835,265462,27853,127782,18138,237608,14193,6814,7379
42840,265493,27859,127797,18143,237633,14195,6815,7380
42845,265524,27864,127810,18146,237658,14197,6815,7382
42850,265555,27870,127824,18151,237684,14199,6817,7382
42855,265586,27876,127838,18157,237709,14201,6818,7383
42860,265617,27878,127851,18157,237738,14203,6820,7383
42865,265648,27880,127868,18158,237768,14205,6822,7383
42870,265679,27882,127888,18160,237796,14207,6824,7383
42875,265710,27884,127901,18160,237825,14209,6825,7384
42880,265741,27886,127913,18161,237855,14211,6826,7385
42885,265772,27890,127935,18165,237881,14213,6827,7386
42890,265803,27895,127949,18167,237908,14215,6828,7387
42895,265834,27899,127966,18170,237934,14217,6830,7387
42900,265865,27905,127981,18175,237959,14219,6831,7388
42905,265896,27913,128001,18183,237982,14221,6831,7390
42910,265927,27918,128016,18187,238009,14223,6832,7391
42915,265958,27920,128030,18187,238038,14225,6834,7391
42920,265989,27922,128049,18187,238067,14227,6836,7391
42925,266020,27924,128067,18188,238096,14229,6837,7392
42930,266051,27926,128084,18189,238125,14231,6838,7393
42935,266082,27928,128103,18190,238152,14233,6838,7395
42940,266113,27930,128114,18190,238183,14235,6839,7396
42945,266144,27932,128129,18190,238210,14237,6840,7397
42950,266175,27934,128144,18190,238239,14239,6841,7398
42955,266206,27936,128156,18190,238270,14241,6841,7400
42960,266237,27938,128170,18192,238299,14243,6842,7401
42965,266268,27942,128188,18195,238325,14245,6844,7401
42970,266299,27945,128196,18196,238354,14247,6844,7403
42975,266330,27948,128209,18197,238382,14249,6845,7404
42980,266361,27954,128224,18201,238406,14251,6846,7405
42985,266392,27960,128247,18206,238431,14253,6847,7406
42990,266423,27966,128266,18211,238455,14255,6848,7407
42995,266454,27974,128281,18217,238479,14257,6849,7408
43000,266485,27976,128298,18219,238508,14259,6850,7409
43005,266516,27978,128315,18220,238537,14261,6850,7411
43010,266547,27980,128330,18221,238565,14263,6851,7412
43015,266578,27982,128338,18222,238595,14265,6852,7413
43020,266609,27985,128354,18223,238622,14267,6853,7414
43025,266640,27990,128370,18226,238650,14268,6854,7414
43030,266671,27994,128386,18228,238677,14269,6855,7414
43035,266702,27998,128403,18231,238702,14270,6856,7414
43040,266733,28004,128415,18235,238728,14271,6856,7415
43045,266764,28010,128431,18239,238752,14272,6857,7415
43050,266795,28016,128450,18243,238779,14273,6858,7415
43055,266826,28018,128464,18244,238808,14274,6858,7416
43060,266857,28020,128479,18246,238836,14275,6858,7417
43065,266888,28022,128495,18247,238865,14276,6859,7417
43070,266919,28024,128508,18249,238895,14277,6859,7418
43075,266950,28026,128524,18249,238923,14278,6860,7418
43080,266981,28028,128541,18251,238953,14279,6860,7419
43085,267012,28030,128556,18251,238981,14280,6861,7419
43090,267043,28032,128574,18252,239011,14281,6862,7419
43095,267074,28034,128590,18253,239039,14282,6863,7419
43100,267105,28036,128611,18255,239068,14283,6864,7419
43105,267136,28039,128625,18256,239097,14284,6864,7420
43110,267167,28042,128640,18257,239125,14285,6865,7420
43115,267198,28045,128655,18258,239153,14286,6865,7421
43120,267229,28049,128669,18262,239179,14287,6865,7422
43125,267260,28054,128685,18264,239205,14288,6865,7423
43130,267291,28059,128698,18268,239231,14290,6866,7424
43135,267322,28065,128710,18272,239256,14292,6866,7426
43140,267353,28071,128726,18277,239281,14294,6867,7427
43145,267384,28074,128738,18279,239309,14296,6868,7428
43150,267415,28078,128753,18282,239337,14298,6868,7430
43155,267446,28081,128767,18283,239365,14300,6869,7431
43160,267477,28084,128782,18286,239392,14302,6870,7432
43165,267508,28088,128795,18289,239420,14304,6870,7434
43170,267539,28091,128808,18290,239447,14306,6870,7436
43175,267570,28095,128818,18291,239474,14308,6870,7438
43180,267601,28098,128832,18292,239502,14310,6871,7439
43185,267632,28101,128847,18294,239529,14312,6873,7439
43190,267663,28106,128861,18297,239556,14314,6875,7439
43195,267694,28112,128879,18302,239581,14316,6876,7440
43200,267725,28118,128896,18307,239606,14318,6876,7442
43205,267756,28123,128915,18311,239633,14319,6877,7442
43210,267787,28124,128934,18312,239663,14320,6878,7442
43215,267818,28125,128948,18313,239693,14321,6878,7443
43220,267849,28126,128968,18313,239721,14322,6879,7443
43225,267880,28127,128983,18314,239751,14323,6880,7443
43230,267911,28128,128995,18314,239783,14324,6881,7443
43235,267942,28129,129010,18315,239813,14325,6881,7444
43240,267973,28130,129025,18315,239843,14326,6881,7445
43245,268004,28131,129039,18316,239873,14327,6882,7445
43250,268035,28132,129057,18316,239903,14328,6883,7445
43255,268066,28134,129070,18316,239932,14329,6883,7446
43260,268097,28136,129084,18317,239961,14330,6883,7447
43265,268128,28137,129101,18317,239991,14331,6883,7448
43270,268159,28138,129121,18318,240021,14332,6884,7448
43275,268190,28139,129134,18318,240051,14333,6884,7449
43280,268221,28140,129148,18319,240081,14334,6885,7449
43285,268252,28141,129165,18319,240111,14335,6886,7449
43290,268283,28142,129182,18320,240141,14336,6886,7450
43295,268314,28143,129199,18320,240170,14337,6887,7450
43300,268345,28146,129212,18322,240199,14338,6888,7450
43305,268376,28148,129227,18322,240228,14340,6888,7452
43310,268407,28152,129241,18324,240254,14342,6889,7453
43315,268438,28158,129255,18328,240279,14344,6891,7453
43320,268469,28162,129266,18330,240306,14346,6892,7454
43325,268500,28167,129283,18332,240331,14348,6893,7455
43330,268531,28171,129295,18333,240358,14350,6895,7455
43335,268562,28178,129307,18338,240382,14352,6896,7456
43340,268593,28183,129323,18343,240409,14354,6897,7457
43345,268624,28188,129342,18346,240435,14356,6899,7457
43350,268655,28192,129359,18350,240462,14358,6899,7459
43355,268686,28195,129372,18351,240490,14360,6901,7459
43360,268717,28196,129390,18352,240521,14362,6902,7460
43365,268748,28197,129408,18352,240551,14364,6903,7461
43370,268779,28199,129425,18353,240580,14366,6904,7462
43375,268810,28201,129437,18355,240609,14368,6905,7463
43380,268841,28203,129449,18355,240638,14370,6907,7463
43385,268872,28205,129467,18357,240667,14372,6909,7463
43390,268903,28207,129483,18357,240696,14374,6910,7464
43395,268934,28209,129499,18358,240724,14376,6911,7465
43400,268965,28211,129515,18359,240754,14378,6911,7467
43405,268996,28213,129533,18361,240782,14380,6912,7468
43410,269027,28215,129551,18363,240812,14382,6913,7469
43415,269058,28217,129562,18363,240841,14384,6913,7471
43420,269089,28219,129578,18365,240870,14386,6914,7472
43425,269120,28221,129595,18365,240899,14388,6915,7473
43430,269151,28223,129612,18366,240928,14390,6917,7473
43435,269182,28225,129624,18367,240957,14392,6918,7474
43440,269213,28227,129638,18367,240986,14394,6918,7476
43445,269244,28230,129650,18367,241014,14396,6918,7478
43450,269275,28233,129662,18368,241042,14398,6919,7479
43455,269306,28238,129682,18373,241068,14400,6920,7480
43460,269337,28242,129694,18376,241095,14402,6921,7481
43465,269368,28247,129709,18380,241120,14404,6922,7482
43470,269399,28252,129722,18382,241146,14406,6924,7482
43475,269430,28259,129736,18388,241171,14408,6925,7483
43480,269461,28265,129751,18391,241196,14410,6926,7484
43485,269492,28271,129765,18394,241220,14412,6927,7485
43490,269523,28276,129780,18398,241246,14414,6927,7487
43495,269554,28280,129793,18402,241273,14416,6927,7489
43500,269585,28284,129806,18403,241301,14418,6928,7490
43505,269616,28287,129823,18403,241328,14420,6930,7490
43510,269647,28293,129835,18407,241352,14422,6931,7491
43515,269678,28300,129849,18411,241377,14424,6931,7493
43520,269709,28305,129866,18415,241402,14426,6931,7495
43525,269740,28308,129879,18416,241432,14428,6932,7496
43530,269771,28310,129898,18417,241461,14430,6933,7497
43535,269802,28312,129910,18418,241490,14432,6935,7497
43540,269833,28314,129922,18419,241519,14434,6935,7499
43545,269864,28316,129934,18419,241548,14436,6936,7500
43550,269895,28318,129951,18421,241576,14438,6937,7501
43555,269926,28320,129964,18422,241606,14440,6938,7502
43560,269957,28322,129979,18422,241634,14442,6938,7504
43565,269988,28324,129995,18422,241663,14443,6939,7504
43570,270019,28326,130010,18423,241692,14444,6940,7504
43575,270050,28328,130017,18424,241722,14445,6940,7505
43580,270081,28330,130031,18424,241751,14446,6941,7505
43585,270112,28332,130047,18425,241780,14447,6941,7506
43590,270143,28334,130067,18427,241809,14448,6942,7506
43595,270174,28337,130082,18429,241837,14449,6943,7506
43600,270205,28340,130098,18430,241865,14450,6943,7507
43605,270236,28343,130113,18431,241893,14451,6943,7508
43610,270267,28347,130128,18434,241920,14452,6944,7508
43615,270298,28350,130140,18434,241948,14453,6945,7508
43620,270329,28353,130155,18436,241976,14454,6945,7509
43625,270360,28356,130167,18437,242003,14455,6946,7509
43630,270391,28362,130181,18441,242028,14456,6946,7510
43635,270422,28366,130192,18442,242056,14457,6946,7511
43640,270453,28371,130207,18445,242081,14458,6947,7511
43645,270484,28376,130221,18449,242107,14459,6948,7511
43650,270515,28381,130232,18451,242131,14460,6949,7511
43655,270546,28389,130245,18457,242156,14461,6949,7512
43660,270577,28397,130264,18465,242178,14462,6949,7513
43665,270608,28405,130278,18471,242202,14463,6949,7514
43670,270639,28411,130292,18476,242228,14465,6950,7515
43675,270670,28414,130303,18478,242255,14467,6951,7516
43680,270701,28419,130314,18481,242281,14469,6952,7517
43685,270732,28422,130324,18481,242309,14471,6953,7518
43690,270763,28426,130340,18484,242337,14473,6954,7519
43695,270794,28429,130348,18484,242365,14475,6954,7521
43700,270825,28433,130362,18486,242390,14477,6955,7522
43705,270856,28439,130377,18491,242417,14479,6955,7524
43710,270887,28441,130391,18493,242445,14481,6955,7526
43715,270918,28443,130407,18494,242475,14483,6955,7528
43720,270949,28445,130422,18495,242504,14485,6956,7529
43725,270980,28447,130435,18497,242532,14487,6957,7530
43730,271011,28449,130447,18497,242562,14489,6958,7531
43735,271042,28451,130465,18497,242589,14491,6960,7531
43740,271073,28453,130482,18498,242619,14493,6961,7532
43745,271104,28455,130493,18498,242649,14495,6962,7533
43750,271135,28457,130510,18498,242677,14497,6963,7534
43755,271166,28459,130523,18499,242707,14499,6965,7534
43760,271197,28461,130538,18500,242736,14501,6965,7536
43765,271228,28463,130558,18502,242765,14503,6966,7537
43770,271259,28465,130574,18502,242794,14505,6968,7537
43775,271290,28468,130593,18504,242822,14507,6970,7537
43780,271321,28471,130607,18506,242850,14509,6971,7538
43785,271352,28474,130620,18508,242878,14511,6972,7539
43790,271383,28477,130632,18508,242906,14513,6973,7540
43795,271414,28480,130647,18509,242934,14515,6973,7542
43800,271445,28484,130663,18510,242961,14517,6975,7542
43805,271476,28488,130677,18512,242988,14518,6975,7543
43810,271507,28492,130691,18514,243015,14519,6976,7543
43815,271538,28497,130703,18517,243039,14520,6976,7544
43820,271569,28504,130720,18521,243064,14521,6977,7544
43825,271600,28511,130736,18527,243088,14522,6977,7545
43830,271631,28517,130754,18531,243113,14523,6978,7545
43835,271662,28524,130771,18536,243135,14524,6979,7545
43840,271693,28532,130788,18542,243160,14525,6980,7545
43845,271724,28540,130805,18550,243182,14526,6980,7546
43850,271755,28546,130820,18555,243209,14527,6981,7546
43855,271786,28548,130837,18556,243237,14528,6982,7546
43860,271817,28550,130851,18556,243264,14529,6982,7547
43865,271848,28552,130864,18557,243295,14530,6982,7548
43870,271879,28554,130876,18558,243324,14531,6983,7548
43875,271910,28556,130894,18559,243354,14532,6983,7549
43880,271941,28558,130909,18560,243383,14533,6983,7550
43885,271972,28560,130924,18561,243412,14534,6983,7551
43890,272003,28562,130936,18562,243441,14535,6983,7552
43895,272034,28564,130950,18563,243470,14536,6984,7552
43900,272065,28566,130963,18564,243498,14537,6985,7552
43905,272096,28568,130973,18564,243528,14539,6985,7554
43910,272127,28570,130985,18565,243556,14541,6986,7555
43915,272158,28572,130999,18566,243586,14543,6986,7557
43920,272189,28574,131013,18567,243614,14545,6987,7558
43925,272220,28576,131026,18567,243643,14547,6988,7559
43930,272251,28578,131040,18567,243673,14549,6990,7559
43935,272282,28580,131055,18567,243702,14551,6991,7560
43940,272313,28582,131074,18569,243731,14553,6992,7561
43945,272344,28584,131088,18571,243760,14555,6993,7562
43950,272375,28586,131105,18571,243789,14557,6995,7562
43955,272406,28590,131119,18573,243815,14559,6995,7564
43960,272437,28597,131133,18578,243839,14561,6996,7565
43965,272468,28602,131147,18581,243865,14563,6998,7565
43970,272499,28609,131162,18586,243888,14565,6999,7566
43975,272530,28615,131176,18590,243914,14567,7000,7567
43980,272561,28623,131191,18595,243936,14569,7000,7569
43985,272592,28631,131208,18601,243959,14571,7001,7570
43990,272623,28640,131221,18608,243981,14573,7001,7572
43995,272654,28646,131239,18613,244007,14575,7002,7573
44000,272685,28650,131255,18615,244035,14577,7004,7573
44005,272716,28653,131268,18615,244062,14579,7006,7573
44010,272747,28656,131285,18616,244091,14581,7007,7574
44015,272778,28658,131300,18617,244120,14583,7009,7574
44020,272809,28660,131308,18618,244149,14585,7009,7576
44025,272840,28662,131324,18618,244178,14587,7010,7577
44030,272871,28664,131334,18619,244206,14589,7011,7578
44035,272902,28666,131353,18619,244235,14591,7011,7580
44040,272933,28668,131365,18619,244263,14593,7013,7580
44045,272964,28670,131375,18620,244293,14595,7013,7582
44050,272995,28672,131393,18622,244323,14597,7014,7583
44055,273026,28674,131410,18623,244352,14599,7015,7584
44060,273057,28676,131427,18625,244381,14601,7016,7585
44065,273088,28678,131445,18626,244410,14603,7018,7585
44070,273119,28680,131460,18626,244439,14605,7020,7585
44075,273150,28682,131475,18628,244468,14607,7022,7585
44080,273181,28684,131493,18629,244497,14609,7023,7586
44085,273212,28686,131513,18630,244526,14611,7024,7587
44090,273243,28688,131527,18632,244555,14613,7025,7588
44095,273274,28690,131539,18634,244584,14615,7026,7589
44100,273305,28693,131560,18635,244612,14617,7028,7589
44105,273336,28695,131572,18636,244641,14618,7028,7590
44110,273367,28697,131586,18636,244670,14619,7028,7591
44115,273398,28700,131603,18638,244698,14620,7028,7592
44120,273429,28703,131617,18639,244726,14621,7029,7592
44125,273460,28706,131627,18639,244754,14622,7029,7593
44130,273491,28710,131643,18642,244781,14623,7030,7593
44135,273522,28715,131661,18646,244807,14624,7030,7594
44140,273553,28719,131681,18650,244834,14625,7031,7594
44145,273584,28723,131698,18654,244861,14626,7032,7594
44150,273615,28731,131715,18659,244884,14627,7032,7595
44155,273646,28738,131732,18664,244908,14628,7033,7595
44160,273677,28744,131748,18668,244933,14629,7033,7596
44165,273708,28746,131766,18670,244961,14630,7034,7596
44170,273739,28748,131785,18672,244990,14631,7034,7597
44175,273770,28751,131803,18674,245019,14632,7035,7597
44180,273801,28754,131817,18677,245045,14633,7036,7597
44185,273832,28759,131830,18681,245072,14634,7037,7597
44190,273863,28761,131848,18683,245102,14635,7038,7597
44195,273894,28761,131861,18683,245131,14636,7039,7597
44200,273925,28761,131873,18683,245164,14637,7039,7598
44205,273956,28762,131892,18683,245193,14638,7040,7598
44210,273987,28763,131913,18683,245224,14640,7040,7600
44215,274018,28764,131930,18684,245254,14642,7041,7601
44220,274049,28765,131945,18685,245284,14644,7041,7603
44225,274080,28766,131963,18686,245314,14646,7042,7604
44230,274111,28767,131982,18687,245344,14648,7043,7605
44235,274142,28768,131996,18687,245374,14650,7043,7607
44240,274173,28769,132015,18688,245404,14652,7043,7609
44245,274204,28770,132028,18688,245434,14654,7044,7610
44250,274235,28771,132037,18688,245464,14656,7045,7611
44255,274266,28772,132049,18689,245494,14658,7047,7611
44260,274297,28773,132063,18690,245524,14660,7049,7611
44265,274328,28774,132080,18691,245554,14662,7051,7611
44270,274359,28776,132096,18692,245583,14664,7051,7613
44275,274390,28779,132106,18694,245611,14666,7051,7615
44280,274421,28784,132121,18696,245637,14668,7053,7615
44285,274452,28787,132135,18698,245664,14670,7054,7616
44290,274483,28793,132158,18702,245687,14672,7056,7616
44295,274514,28801,132176,18708,245712,14674,7057,7617
44300,274545,28807,132192,18713,245736,14676,7058,7618
44305,274576,28813,132210,18719,245762,14678,7060,7618
44310,274607,28818,132225,18723,245788,14680,7061,7619
44315,274638,28822,132241,18725,245816,14682,7062,7620
44320,274669,28827,132254,18729,245842,14684,7062,7622
44325,274700,28831,132264,18730,245869,14686,7063,7623
44330,274731,28836,132278,18732,245895,14688,7065,7623
44335,274762,28841,132295,18735,245920,14690,7067,7623
44340,274793,28846,132309,18737,245945,14692,7069,7623
44345,274824,28848,132326,18739,245976,14693,7070,7623
44350,274855,28850,132340,18740,246005,14694,7070,7624
44355,274886,28852,132352,18741,246034,14695,7071,7624
44360,274917,28854,132365,18743,246063,14696,7071,7625
44365,274948,28856,132374,18745,246092,14697,7071,7626
44370,274979,28858,132388,18746,246121,14698,7072,7626
44375,275010,28860,132400,18747,246150,14699,7072,7627
44380,275041,28862,132416,18748,246179,14700,7073,7627
44385,275072,28864,132427,18749,246208,14701,7073,7628
44390,275103,28866,132440,18750,246237,14702,7073,7629
44395,275134,28868,132453,18750,246266,14703,7074,7629
44400,275165,28870,132466,18750,246295,14704,7074,7630
44405,275196,28872,132486,18751,246324,14705,7075,7630
44410,275227,28874,132504,18752,246353,14706,7076,7630
44415,275258,28878,132521,18755,246380,14707,7076,7631
44420,275289,28883,132537,18758,246406,14708,7076,7632
44425,275320,28887,132549,18761,246433,14709,7077,7632
44430,275351,28892,132566,18766,246459,14710,7077,7633
44435,275382,28897,132581,18769,246485,14711,7077,7634
44440,275413,28902,132594,18771,246511,14712,7077,7635
44445,275444,28907,132610,18774,246534,14714,7077,7637
44450,275475,28916,132625,18781,246556,14716,7077,7639
44455,275506,28920,132640,18784,246584,14718,7077,7641
44460,275537,28924,132653,18787,246612,14720,7077,7643
44465,275568,28927,132667,18789,246640,14722,7079,7643
44470,275599,28931,132683,18791,246666,14724,7081,7643
44475,275630,28936,132694,18795,246692,14726,7081,7645
44480,275661,28942,132713,18799,246717,14728,7083,7645
44485,275692,28949,132726,18803,246743,14730,7085,7645
44490,275723,28951,132743,18803,246772,14732,7087,7645
44495,275754,28953,132755,18804,246801,14734,7089,7645
44500,275785,28955,132767,18805,246830,14736,7089,7647
44505,275816,28957,132781,18807,246859,14738,7090,7648
44510,275847,28959,132802,18808,246888,14740,7092,7648
44515,275878,28961,132811,18809,246917,14742,7094,7648
44520,275909,28963,132825,18811,246946,14744,7095,7649
44525,275940,28965,132843,18812,246975,14746,7097,7649
44530,275971,28967,132858,18813,247004,14748,7098,7650
44535,276002,28969,132872,18814,247033,14750,7100,7650
44540,276033,28971,132887,18816,247062,14752,7101,7651
44545,276064,28973,132899,18816,247091,14754,7102,7652
44550,276095,28975,132911,18816,247120,14756,7103,7653
44555,276126,28977,132929,18818,247149,14758,7104,7654
44560,276157,28979,132941,18818,247178,14760,7105,7655
44565,276188,28982,132956,18818,247203,14762,7106,7656
44570,276219,28985,132972,18819,247232,14764,7108,7656
44575,276250,28988,132983,18820,247262,14766,7109,7657
44580,276281,28992,133000,18822,247287,14768,7110,7658
44585,276312,28997,133016,18825,247315,14770,7111,7659
44590,276343,29001,133033,18827,247341,14772,7113,7659
44595,276374,29006,133044,18830,247365,14774,7113,7661
44600,276405,29015,133059,18836,247388,14776,7114,7662
44605,276436,29024,133074,18843,247410,14778,7114,7664
44610,276467,29028,133086,18845,247438,14780,7115,7665
44615,276498,29031,133103,18845,247467,14782,7116,7666
44620,276529,29034,133116,18848,247495,14784,7116,7668
44625,276560,29037,133129,18849,247522,14786,7117,7669
44630,276591,29042,133139,18851,247548,14788,7119,7669
44635,276622,29047,133160,18854,247573,14790,7120,7670
44640,276653,29053,133175,18858,247598,14792,7121,7671
44645,276684,29058,133187,18861,247625,14793,7122,7671
44650,276715,29063,133204,18865,247652,14794,7122,7672
44655,276746,29065,133218,18865,247681,14795,7123,7672
44660,276777,29067,133231,18866,247710,14796,7124,7672
44665,276808,29069,133245,18866,247739,14797,7124,7673
44670,276839,29071,133253,18867,247768,14798,7124,7674
44675,276870,29073,133267,18867,247797,14799,7125,7674
44680,276901,29075,133280,18867,247826,14800,7126,7674
44685,276932,29077,133290,18867,247855,14801,7127,7674
44690,276963,29079,133306,18868,247884,14802,7127,7675
44695,276994,29081,133319,18869,247913,14803,7127,7676
44700,277025,29083,133335,18869,247942,14804,7128,7676
44705,277056,29085,133342,18869,247971,14805,7128,7677
44710,277087,29087,133356,18871,248000,14806,7128,7678
44715,277118,29090,133367,18872,248028,14807,7128,7679
44720,277149,29095,133383,18877,248053,14808,7129,7679
44725,277180,29100,133398,18881,248079,14809,7129,7680
44730,277211,29105,133411,18886,248106,14810,7129,7681
44735,277242,29111,133431,18891,248130,14811,7130,7681
44740,277273,29118,133453,18897,248154,14812,7130,7682
44745,277304,29122,133468,18900,248180,14813,7130,7683
44750,277335,29124,133481,18902,248209,14815,7130,7685
44755,277366,29127,133496,18904,248236,14817,7131,7686
44760,277397,29131,133508,18907,248264,14819,7131,7688
44765,277428,29135,133519,18909,248293,14821,7132,7689
44770,277459,29138,133539,18912,248321,14823,7133,7690
44775,277490,29141,133556,18913,248349,14825,7134,7691
44780,277521,29144,133577,18914,248377,14827,7135,7692
44785,277552,29147,133588,18915,248405,14829,7135,7694
44790,277583,29150,133600,18915,248433,14831,7136,7695
44795,277614,29153,133623,18917,248461,14833,7138,7695
44800,277645,29156,133636,18918,248489,14835,7139,7696
44805,277676,29159,133650,18919,248516,14837,7140,7697
44810,277707,29163,133664,18922,248544,14839,7141,7698
44815,277738,29167,133678,18924,248569,14841,7141,7700
44820,277769,29172,133694,18927,248597,14843,7142,7701
44825,277800,29175,133709,18929,248625,14845,7144,7701
44830,277831,29178,133725,18930,248652,14847,7146,7701
44835,277862,29183,133739,18934,248677,14849,7146,7703
44840,277893,29188,133751,18938,248705,14851,7147,7704
44845,277924,29192,133764,18942,248732,14853,7148,7705
44850,277955,29197,133777,18945,248758,14855,7149,7706
44855,277986,29202,133791,18949,248784,14857,7149,7708
44860,278017,29205,133805,18950,248812,14859,7149,7710
44865,278048,29208,133822,18951,248840,14861,7151,7710
44870,278079,29212,133835,18954,248866,14863,7152,7711
44875,278110,29217,133844,18957,248892,14865,7152,7713
44880,278141,29223,133862,18963,248917,14867,7152,7715
44885,278172,29229,133874,18967,248942,14868,7152,7716
44890,278203,29234,133888,18970,248968,14869,7153,7716
44895,278234,29237,133904,18972,248996,14870,7153,7717
44900,278265,29239,133921,18973,249026,14871,7154,7717
44905,278296,29241,133943,18975,249055,14872,7154,7718
44910,278327,29243,133962,18976,249084,14873,7154,7719
44915,278358,29245,133973,18976,249113,14874,7154,7720
44920,278389,29247,133986,18976,249142,14875,7154,7721
44925,278420,29249,133995,18977,249171,14876,7154,7722
44930,278451,29251,134009,18978,249200,14877,7154,7723
44935,278482,29253,134023,18979,249229,14878,7155,7723
44940,278513,29255,134035,18980,249258,14879,7156,7723
44945,278544,29255,134048,18980,249289,14880,7156,7724
44950,278575,29255,134063,18980,249320,14881,7156,7725
44955,278606,29255,134081,18980,249351,14882,7157,7725
44960,278637,29255,134096,18980,249382,14883,7157,7726
44965,278668,29255,134111,18980,249412,14884,7158,7726
44970,278699,29257,134127,18981,249440,14885,7158,7727
44975,278730,29259,134140,18982,249470,14886,7159,7727
44980,278761,29261,134156,18984,249498,14887,7159,7728
44985,278792,29263,134171,18986,249529,14889,7161,7728
44990,278823,29264,134187,18987,249558,14891,7162,7729
44995,278854,29265,134205,18988,249588,14893,7164,7729
45000,278885,29269,134222,18991,249615,14895,7166,7729
45005,278916,29271,134233,18992,249643,14897,7166,7731
45010,278947,29278,134246,18997,249667,14899,7166,7733
45015,278978,29286,134265,19005,249690,14901,7167,7734
45020,279009,29290,134282,19008,249718,14903,7168,7735
45025,279040,29291,134292,19008,249749,14905,7168,7737
45030,279071,29292,134307,19009,249778,14907,7170,7737
45035,279102,29293,134319,19009,249809,14909,7170,7739
45040,279133,29295,134335,19011,249838,14911,7172,7739
45045,279164,29298,134348,19013,249866,14913,7172,7741
45050,279195,29303,134369,19016,249891,14915,7174,7741
45055,279226,29309,134385,19020,249917,14917,7174,7743
45060,279257,29312,134399,19022,249945,14919,7174,7745
45065,279288,29314,134417,19024,249974,14921,7175,7746
45070,279319,29316,134430,19025,250003,14923,7176,7747
45075,279350,29318,134445,19025,250032,14925,7177,7748
45080,279381,29320,134458,19025,250061,14927,7177,7750
45085,279412,29322,134471,19026,250090,14929,7177,7752
45090,279443,29324,134482,19026,250118,14931,7178,7753
45095,279474,29326,134497,19028,250148,14933,7179,7754
45100,279505,29328,134516,19028,250176,14935,7181,7754
45105,279536,29330,134527,19028,250205,14937,7182,7755
45110,279567,29332,134540,19029,250235,14939,7183,7756
45115,279598,29334,134553,19029,250263,14941,7184,7757
45120,279629,29336,134563,19030,250292,14943,7184,7759
45125,279660,29338,134580,19032,250322,14945,7186,7759
45130,279691,29341,134595,19032,250350,14947,7188,7759
45135,279722,29344,134607,19033,250377,14949,7190,7759
45140,279753,29349,134622,19037,250404,14951,7191,7760
45145,279784,29352,134634,19038,250431,14953,7192,7761
45150,279815,29356,134648,19041,250459,14955,7193,7762
45155,279846,29360,134660,19043,250486,14957,7193,7764
45160,279877,29365,134678,19046,250511,14959,7194,7765
45165,279908,29374,134695,19052,250533,14961,7195,7766
45170,279939,29383,134713,19060,250556,14963,7197,7766
45175,279970,29390,134725,19065,250580,14965,7198,7767
45180,280001,29396,134736,19067,250605,14967,7198,7769
45185,280032,29402,134746,19071,250630,14968,7199,7769
45190,280063,29407,134762,19074,250656,14969,7200,7769
45195,280094,29412,134778,19078,250682,14970,7201,7769
45200,280125,29414,134793,19080,250711,14971,7202,7769
45205,280156,29416,134810,19082,250740,14972,7202,7770
45210,280187,29418,134828,19083,250769,14973,7203,7770
45215,280218,29420,134843,19084,250798,14974,7204,7770
45220,280249,29422,134854,19084,250827,14975,7204,7771
45225,280280,29424,134868,19085,250856,14976,7204,7772
45230,280311,29426,134883,19085,250885,14977,7205,7772
45235,280342,29428,134896,19086,250914,14978,7206,7772
45240,280373,29430,134907,19086,250943,14979,7206,7773
45245,280404,29432,134925,19087,250972,14980,7206,7774
45250,280435,29434,134939,19087,251001,14981,7206,7775
45255,280466,29436,134955,19088,251030,14982,7207,7775
45260,280497,29438,134971,19089,251058,14983,7207,7776
45265,280528,29440,134988,19089,251087,14984,7208,7776
45270,280559,29442,135002,19091,251116,14985,7208,7777
45275,280590,29444,135016,19092,251145,14986,7208,7778
45280,280621,29446,135031,19093,251174,14987,7209,7778
45285,280652,29448,135046,19094,251202,14988,7209,7779
45290,280683,29452,135062,19097,251230,14990,7211,7779
45295,280714,29456,135078,19099,251256,14992,7211,7781
45300,280745,29460,135090,19100,251285,14994,7212,7782
45305,280776,29463,135106,19102,251312,14996,7213,7783
45310,280807,29468,135120,19105,251339,14998,7215,7783
45315,280838,29472,135129,19108,251366,15000,7216,7784
45320,280869,29476,135144,19109,251391,15002,7217,7785
45325,280900,29484,135157,19113,251415,15004,7218,7786
45330,280931,29491,135176,19118,251438,15006,7219,7787
45335,280962,29499,135194,19124,251463,15008,7221,7787
45340,280993,29505,135210,19128,251488,15010,7222,7788
45345,281024,29509,135225,19129,251515,15012,7223,7789
45350,281055,29513,135237,19132,251542,15014,7223,7791
45355,281086,29516,135252,19134,251570,15016,7224,7792
45360,281117,29520,135272,19138,251596,15018,7225,7793
45365,281148,29524,135291,19140,251624,15020,7227,7793
45370,281179,29528,135304,19142,251651,15022,7228,7794
45375,281210,29533,135319,19145,251677,15024,7230,7794
45380,281241,29537,135337,19147,251703,15026,7231,7795
45385,281272,29540,135352,19150,251732,15028,7232,7796
45390,281303,29542,135365,19150,251761,15030,7233,7797
45395,281334,29544,135380,19151,251790,15032,7234,7798
45400,281365,29546,135396,19152,251819,15034,7235,7799
45405,281396,29548,135414,19154,251848,15036,7236,7800
45410,281427,29550,135426,19154,251877,15038,7237,7801
45415,281458,29552,135435,19155,251906,15040,7238,7802
45420,281489,29554,135454,19156,251935,15042,7239,7803
45425,281520,29556,135470,19156,251964,15043,7239,7804
45430,281551,29558,135482,19157,251993,15044,7240,7804
45435,281582,29560,135495,19158,252021,15045,7240,7805
45440,281613,29562,135512,19159,252050,15046,7241,7805
45445,281644,29566,135530,19162,252075,15047,7242,7805
45450,281675,29571,135550,19166,252102,15048,7242,7806
45455,281706,29576,135564,19169,252130,15049,7243,7806
45460,281737,29579,135581,19172,252157,15050,7243,7807
45465,281768,29582,135597,19173,252185,15051,7244,7807
45470,281799,29587,135609,19176,252211,15052,7244,7808
45475,281830,29593,135628,19179,252234,15053,7245,7808
45480,281861,29598,135642,19182,252261,15054,7246,7808
45485,281892,29602,135657,19185,252290,15055,7247,7808
45490,281923,29605,135674,19187,252318,15056,7248,7808
45495,281954,29608,135690,19188,252346,15057,7249,7808
45500,281985,29611,135703,19189,252373,15058,7250,7808
45505,282016,29614,135715,19191,252402,15059,7251,7808
45510,282047,29617,135733,19193,252429,15060,7251,7809
45515,282078,29620,135744,19194,252458,15061,7252,7809
45520,282109,29623,135759,19194,252486,15062,7252,7810
45525,282140,29626,135772,19194,252514,15064,7252,7812
45530,282171,29630,135789,19197,252541,15066,7253,7813
45535,282202,29633,135804,19199,252569,15068,7254,7814
45540,282233,29637,135823,19203,252596,15070,7256,7814
45545,282264,29641,135839,19206,252623,15072,7256,7816
45550,282295,29645,135856,19209,252650,15074,7257,7817
45555,282326,29650,135866,19212,252676,15076,7258,7818
45560,282357,29653,135884,19214,252704,15078,7260,7818
45565,282388,29657,135901,19216,252730,15080,7262,7818
45570,282419,29661,135913,19218,252758,15082,7263,7819
45575,282450,29664,135929,19219,252786,15084,7263,7821
45580,282481,29670,135945,19224,252811,15086,7264,7822
45585,282512,29674,135958,19225,252837,15088,7264,7824
45590,282543,29678,135974,19228,252864,15090,7265,7825
45595,282574,29682,135995,19232,252889,15092,7266,7826
45600,282605,29688,136010,19237,252916,15094,7268,7826
45605,282636,29693,136028,19239,252941,15096,7269,7827
45610,282667,29698,136042,19242,252968,15098,7270,7828
45615,282698,29702,136059,19246,252996,15100,7271,7829
45620,282729,29706,136076,19248,253022,15102,7271,7831
45625,282760,29709,136092,19249,253049,15104,7273,7831
45630,282791,29714,136107,19252,253077,15106,7274,7832
45635,282822,29716,136121,19252,253106,15108,7276,7832
45640,282853,29718,136132,19253,253135,15110,7278,7832
45645,282884,29720,136144,19253,253163,15112,7279,7833
45650,282915,29722,136158,19253,253193,15114,7279,7835
45655,282946,29724,136174,19254,253221,15116,7280,7836
45660,282977,29726,136190,19256,253250,15118,7282,7836
45665,283008,29728,136204,19258,253280,15120,7283,7837
45670,283039,29730,136219,19260,253309,15122,7283,7839
45675,283070,29732,136234,19262,253338,15124,7284,7840
45680,283101,29734,136254,19264,253367,15126,7285,7841
45685,283132,29736,136266,19264,253396,15128,7286,7842
45690,283163,29738,136282,19266,253425,15130,7287,7843
45695,283194,29741,136295,19268,253453,15132,7288,7844
45700,283225,29744,136305,19268,253481,15134,7289,7845
45705,283256,29747,136320,19269,253509,15136,7291,7845
45710,283287,29750,136336,19271,253537,15138,7292,7846
45715,283318,29753,136352,19272,253565,15140,7293,7847
45720,283349,29756,136363,19273,253593,15142,7293,7849
45725,283380,29759,136382,19276,253621,15144,7295,7849
45730,283411,29763,136399,19279,253648,15146,7296,7850
45735,283442,29767,136413,19282,253675,15148,7297,7851
45740,283473,29773,136428,19286,253699,15150,7297,7853
45745,283504,29778,136440,19288,253726,15152,7298,7854
45750,283535,29783,136455,19290,253751,15154,7300,7854
45755,283566,29788,136463,19292,253778,15156,7301,7855
45760,283597,29794,136480,19296,253803,15158,7302,7856
45765,283628,29800,136495,19298,253825,15160,7304,7856
45770,283659,29808,136506,19304,253851,15162,7305,7857
45775,283690,29814,136520,19306,253874,15164,7305,7859
45780,283721,29818,136541,19308,253901,15166,7307,7859
45785,283752,29823,136552,19312,253928,15167,7308,7859
45790,283783,29828,136567,19315,253955,15168,7308,7860
45795,283814,29831,136584,19317,253983,15169,7308,7861
45800,283845,29835,136596,19320,254010,15170,7309,7861
45805,283876,29839,136610,19323,254037,15171,7309,7862
45810,283907,29842,136626,19325,254064,15172,7310,7862
45815,283938,29847,136642,19329,254091,15173,7311,7862
45820,283969,29851,136661,19331,254117,15174,7312,7862
45825,284000,29853,136672,19332,254146,15175,7313,7862
45830,284031,29855,136686,19333,254174,15176,7314,7862
45835,284062,29857,136699,19333,254205,15177,7314,7863
45840,284093,29859,136709,19335,254234,15178,7315,7863
45845,284124,29860,136724,19335,254264,15179,7316,7863
45850,284155,29861,136735,19335,254294,15180,7316,7864
45855,284186,29862,136751,19336,254324,15181,7316,7865
45860,284217,29863,136767,19336,254354,15182,7317,7865
45865,284248,29864,136780,19336,254384,15183,7317,7866
45870,284279,29865,136795,19337,254414,15184,7317,7867
45875,284310,29866,136814,19338,254444,15185,7318,7867
45880,284341,29867,136829,19339,254474,15186,7318,7868
45885,284372,29868,136843,19340,254504,15187,7318,7869
45890,284403,29871,136860,19343,254532,15189,7319,7870
45895,284434,29873,136876,19344,254561,15191,7321,7870
45900,284465,29876,136887,19346,254589,15193,7322,7871
45905,284496,29879,136903,19348,254616,15195,7323,7872
45910,284527,29882,136921,19350,254645,15197,7323,7874
45915,284558,29884,136937,19352,254674,15199,7325,7874
45920,284589,29886,136946,19353,254703,15201,7325,7876
45925,284620,29890,136967,19357,254729,15203,7327,7876
45930,284651,29894,136985,19361,254757,15205,7328,7877
45935,284682,29896,137000,19363,254786,15207,7329,7878
45940,284713,29898,137017,19365,254814,15209,7330,7879
45945,284744,29902,137036,19369,254840,15211,7330,7881
45950,284775,29907,137049,19372,254866,15213,7330,7883
45955,284806,29912,137063,19375,254892,15215,7330,7885
45960,284837,29916,137080,19378,254921,15217,7331,7886
45965,284868,29917,137094,19379,254951,15219,7332,7887
45970,284899,29918,137113,19379,254980,15221,7333,7888
45975,284930,29919,137128,19379,255009,15223,7335,7888
45980,284961,29920,137139,19379,255040,15225,7336,7889
45985,284992,29921,137150,19379,255071,15227,7338,7889
45990,285023,29922,137164,19380,255100,15229,7339,7890
45995,285054,29923,137175,19380,255131,15231,7340,7891
46000,285085,29924,137189,19381,255161,15233,7341,7892
46005,285116,29926,137201,19382,255190,15235,7343,7892
46010,285147,29928,137213,19382,255219,15237,7343,7894
46015,285178,29930,137225,19383,255248,15239,7343,7896
46020,285209,29932,137241,19384,255277,15241,7344,7897
46025,285240,29934,137258,19385,255306,15242,7344,7898
46030,285271,29936,137268,19386,255335,15243,7344,7899
46035,285302,29939,137285,19388,255363,15244,7344,7900
46040,285333,29943,137300,19391,255390,15245,7345,7900
46045,285364,29946,137311,19393,255418,15246,7345,7901
46050,285395,29949,137328,19395,255446,15247,7346,7901
46055,285426,29952,137345,19397,255474,15248,7347,7901
46060,285457,29955,137365,19398,255502,15249,7348,7901
46065,285488,29958,137379,19400,255529,15250,7349,7901
46070,285519,29964,137387,19402,255555,15251,7349,7902
46075,285550,29972,137404,19408,255574,15252,7350,7902
46080,285581,29982,137418,19416,255596,15253,7350,7903
46085,285612,29991,137434,19424,255621,15254,7351,7903
46090,285643,29996,137449,19429,255646,15255,7351,7904
46095,285674,30001,137463,19433,255672,15256,7352,7904
46100,285705,30006,137471,19436,255698,15257,7353,7904
46105,285736,30011,137483,19439,255724,15258,7353,7905
46110,285767,30016,137493,19441,255750,15259,7353,7906
46115,285798,30018,137510,19442,255778,15260,7353,7907
46120,285829,30020,137530,19444,255807,15261,7353,7908
46125,285860,30022,137545,19445,255837,15263,7353,7910
46130,285891,30024,137561,19445,255866,15265,7353,7912
46135,285922,30026,137576,19447,255894,15267,7353,7914
46140,285953,30028,137593,19448,255924,15269,7354,7915
46145,285984,30030,137608,19448,255954,15271,7354,7917
46150,286015,30032,137629,19450,255983,15273,7356,7917
46155,286046,30034,137644,19451,256012,15275,7357,7918
46160,286077,30036,137661,19453,256041,15277,7359,7918
46165,286108,30038,137676,19454,256070,15279,7361,7918
46170,286139,30040,137692,19455,256099,15281,7362,7919
46175,286170,30042,137706,19457,256128,15283,7362,7921
46180,286201,30044,137720,19458,256157,15285,7364,7921
46185,286232,30046,137733,19459,256186,15287,7365,7922
46190,286263,30048,137750,19460,256215,15289,7366,7923
46195,286294,30050,137762,19460,256244,15291,7367,7924
46200,286325,30054,137771,19461,256271,15293,7368,7925
46205,286356,30058,137791,19464,256298,15295,7370,7925
46210,286387,30063,137811,19468,256324,15297,7371,7926
46215,286418,30067,137825,19471,256350,15299,7372,7927
46220,286449,30074,137840,19476,256373,15301,7373,7928
46225,286480,30081,137851,19481,256398,15303,7374,7929
46230,286511,30087,137864,19484,256423,15305,7376,7929
46235,286542,30092,137879,19486,256449,15307,7377,7930
46240,286573,30099,137900,19491,256472,15309,7379,7930
46245,286604,30104,137917,19494,256497,15311,7380,7931
46250,286635,30108,137931,19496,256523,15313,7382,7931
46255,286666,30117,137948,19504,256544,15315,7382,7933
46260,286697,30122,137968,19506,256572,15317,7383,7934
46265,286728,30124,137986,19507,256603,15319,7384,7935
46270,286759,30126,138001,19507,256633,15321,7386,7935
46275,286790,30128,138020,19509,256662,15323,7387,7936
46280,286821,30130,138038,19511,256691,15325,7389,7936
46285,286852,30132,138053,19513,256720,15327,7390,7937
46290,286883,30134,138064,19513,256749,15329,7391,7938
46295,286914,30136,138084,19515,256778,15331,7393,7938
46300,286945,30138,138101,19517,256807,15333,7394,7939
46305,286976,30140,138118,19517,256836,15335,7396,7939
46310,287007,30142,138133,19518,256865,15337,7398,7939
46315,287038,30144,138149,19519,256894,15339,7399,7940
46320,287069,30146,138164,19520,256923,15341,7400,7941
46325,287100,30148,138178,19522,256952,15342,7400,7942
46330,287131,30150,138198,19523,256981,15343,7401,7942
46335,287162,30152,138210,19523,257010,15344,7401,7943
46340,287193,30154,138224,19525,257039,15345,7401,7944
46345,287224,30156,138244,19527,257068,15346,7402,7944
46350,287255,30159,138261,19529,257096,15347,7402,7945
46355,287286,30162,138279,19530,257124,15348,7403,7945
46360,287317,30165,138292,19530,257152,15349,7404,7945
46365,287348,30170,138306,19535,257178,15350,7404,7946
46370,287379,30175,138316,19536,257202,15351,7404,7947
46375,287410,30182,138327,19540,257228,15352,7404,7948
46380,287441,30190,138339,19544,257249,15353,7405,7948
46385,287472,30200,138355,19553,257270,15354,7406,7948
46390,287503,30210,138372,19562,257291,15355,7406,7949
46395,287534,30218,138388,19569,257315,15356,7406,7950
46400,287565,30223,138402,19573,257341,15357,7406,7951
46405,287596,30225,138415,19574,257370,15358,7407,7951
46410,287627,30227,138430,19574,257400,15359,7407,7952
46415,287658,30229,138442,19575,257429,15360,7407,7953
46420,287689,30231,138461,19577,257458,15361,7408,7953
46425,287720,30233,138476,19578,257487,15362,7409,7953
46430,287751,30235,138490,19579,257516,15364,7410,7954
46435,287782,30237,138507,19580,257545,15366,7412,7954
46440,287813,30239,138520,19582,257574,15368,7412,7956
46445,287844,30241,138537,19583,257603,15370,7412,7958
46450,287875,30243,138550,19584,257632,15372,7413,7959
46455,287906,30245,138562,19585,257661,15374,7414,7960
46460,287937,30247,138578,19586,257689,15376,7415,7961
46465,287968,30249,138591,19587,257719,15378,7416,7962
46470,287999,30251,138605,19587,257748,15380,7417,7963
46475,288030,30253,138617,19587,257777,15382,7419,7963
46480,288061,30255,138632,19589,257806,15384,7420,7964
46485,288092,30257,138642,19590,257835,15386,7421,7965
46490,288123,30259,138659,19591,257864,15388,7422,7966
46495,288154,30261,138673,19592,257893,15390,7422,7968
46500,288185,30263,138685,19592,257922,15392,7423,7969
46505,288216,30266,138695,19593,257950,15394,7423,7971
46510,288247,30271,138711,19595,257975,15396,7425,7971
46515,288278,30277,138724,19598,258001,15398,7427,7971
46520,288309,30283,138743,19603,258024,15400,7429,7971
46525,288340,30292,138760,19610,258047,15402,7430,7972
46530,288371,30298,138773,19614,258072,15404,7432,7972
46535,288402,30305,138786,19618,258095,15406,7433,7973
46540,288433,30313,138801,19624,258119,15408,7433,7975
46545,288464,30320,138819,19629,258143,15410,7434,7976
46550,288495,30326,138831,19632,258166,15412,7435,7977
46555,288526,30331,138844,19635,258193,15414,7435,7979
46560,288557,30333,138856,19635,258223,15416,7436,7980
46565,288588,30335,138870,19636,258252,15417,7437,7980
46570,288619,30337,138881,19637,258282,15418,7437,7981
46575,288650,30339,138893,19638,258311,15419,7437,7982
46580,288681,30341,138909,19640,258340,15420,7438,7982
46585,288712,30343,138924,19642,258369,15421,7439,7982
46590,288743,30345,138943,19642,258398,15422,7439,7983
46595,288774,30347,138958,19642,258427,15423,7439,7984
46600,288805,30349,138971,19643,258456,15424,7439,7985
46605,288836,30351,138986,19644,258485,15425,7439,7986
46610,288867,30353,138997,19644,258514,15426,7439,7987
46615,288898,30355,139012,19645,258543,15427,7439,7988
46620,288929,30357,139026,19645,258571,15428,7440,7988
46625,288960,30359,139042,19647,258600,15429,7440,7989
46630,288991,30361,139057,19649,258630,15430,7440,7990
46635,289022,30363,139081,19651,258659,15431,7440,7991
46640,289053,30365,139096,19653,258688,15432,7440,7992
46645,289084,30367,139110,19654,258717,15433,7440,7993
46650,289115,30369,139126,19656,258746,15434,7440,7994
46655,289146,30372,139142,19659,258774,15435,7440,7995
46660,289177,30375,139157,19660,258802,15436,7440,7996
46665,289208,30378,139176,19661,258829,15438,7440,7998
46670,289239,30385,139193,19665,258854,15440,7442,7998
46675,289270,30391,139208,19668,258879,15442,7442,8000
46680,289301,30396,139223,19671,258904,15444,7442,8002
46685,289332,30404,139241,19678,258926,15446,7443,8003
46690,289363,30414,139260,19687,258948,15448,7445,8003
46695,289394,30423,139281,19696,258970,15450,7447,8003
46700,289425,30428,139295,19699,258997,15452,7449,8003
46705,289456,30431,139309,19702,259025,15454,7450,8004
46710,289487,30432,139323,19702,259055,15456,7451,8005
46715,289518,30433,139338,19703,259084,15458,7451,8007
46720,289549,30434,139348,19704,259114,15460,7451,8009
46725,289580,30435,139362,19705,259144,15462,7452,8010
46730,289611,30436,139380,19706,259175,15464,7453,8011
46735,289642,30437,139392,19706,259205,15466,7453,8013
46740,289673,30438,139408,19706,259235,15468,7455,8013
46745,289704,30439,139423,19707,259264,15470,7456,8014
46750,289735,30440,139438,19707,259293,15472,7456,8016
46755,289766,30441,139453,19708,259325,15474,7457,8017
46760,289797,30442,139464,19708,259354,15476,7457,8019
46765,289828,30443,139479,19709,259384,15478,7458,8020
46770,289859,30444,139497,19709,259415,15480,7459,8021
46775,289890,30445,139513,19709,259445,15482,7459,8023
46780,289921,30446,139526,19709,259475,15484,7461,8023
46785,289952,30447,139542,19709,259505,15486,7463,8023
46790,289983,30449,139556,19711,259534,15488,7464,8024
46795,290014,30451,139568,19711,259563,15490,7466,8024
46800,290045,30453,139585,19711,259592,15492,7466,8026
46805,290076,30456,139598,19711,259620,15494,7467,8027
46810,290107,30460,139618,19715,259646,15496,7468,8028
46815,290138,30465,139629,19718,259673,15498,7468,8030
46820,290169,30471,139650,19722,259697,15500,7469,8031
46825,290200,30476,139671,19726,259723,15502,7470,8032
46830,290231,30482,139687,19730,259748,15504,7471,8033
46835,290262,30488,139699,19734,259772,15506,7472,8034
46840,290293,30495,139714,19738,259797,15508,7473,8035
46845,290324,30503,139731,19744,259821,15510,7474,8036
46850,290355,30506,139748,19745,259849,15512,7476,8036
46855,290386,30509,139763,19746,259876,15514,7477,8037
46860,290417,30513,139781,19748,259902,15516,7479,8037
46865,290448,30516,139795,19749,259932,15517,7480,8037
46870,290479,30519,139804,19752,259960,15518,7480,8038
46875,290510,30523,139825,19755,259986,15519,7480,8039
46880,290541,30527,139841,19758,260013,15520,7481,8039
46885,290572,30532,139856,19762,260040,15521,7481,8040
46890,290603,30534,139875,19764,260069,15522,7482,8040
46895,290634,30535,139894,19765,260099,15523,7483,8040
46900,290665,30536,139907,19765,260129,15524,7483,8041
46905,290696,30537,139918,19765,260159,15525,7484,8041
46910,290727,30538,139932,19765,260189,15526,7484,8042
46915,290758,30539,139948,19766,260218,15527,7484,8043
46920,290789,30540,139963,19766,260248,15528,7485,8043
46925,290820,30541,139978,19766,260279,15529,7485,8044
46930,290851,30542,139995,19767,260309,15530,7485,8045
46935,290882,30543,140009,19768,260339,15531,7485,8046
46940,290913,30544,140026,19769,260369,15532,7485,8047
46945,290944,30545,140042,19769,260399,15533,7486,8047
46950,290975,30546,140055,19769,260427,15534,7486,8048
46955,291006,30550,140068,19771,260454,15535,7487,8048
46960,291037,30554,140087,19775,260483,15536,7487,8049
46965,291068,30557,140106,19777,260508,15537,7488,8049
46970,291099,30562,140118,19781,260537,15539,7488,8051
46975,291130,30565,140130,19782,260565,15541,7488,8053
46980,291161,30570,140147,19785,260589,15543,7490,8053
46985,291192,30575,140161,19788,260617,15545,7491,8054
46990,291223,30580,140177,19793,260642,15547,7492,8055
46995,291254,30586,140190,19797,260668,15549,7493,8056
47000,291285,30589,140200,19797,260696,15551,7493,8058
47005,291316,30593,140216,19799,260723,15553,7494,8059
47010,291347,30596,140231,19800,260751,15555,7494,8061
47015,291378,30599,140249,19803,260779,15557,7495,8062
47020,291409,30603,140264,19806,260806,15559,7497,8062
47025,291440,30606,140276,19806,260834,15561,7497,8064
47030,291471,30610,140290,19809,260861,15563,7498,8065
47035,291502,30614,140309,19812,260886,15565,7499,8066
47040,291533,30619,140322,19814,260913,15567,7500,8067
47045,291564,30625,140342,19820,260939,15569,7501,8068
47050,291595,30629,140358,19823,260965,15571,7501,8070
47055,291626,30633,140373,19824,260993,15573,7502,8071
47060,291657,30638,140387,19827,261018,15575,7503,8072
47065,291688,30641,140402,19830,261047,15577,7503,8074
47070,291719,30643,140414,19831,261076,15579,7503,8076
47075,291750,30645,140431,19831,261105,15581,7505,8076
47080,291781,30647,140438,19831,261134,15583,7506,8077
47085,291812,30649,140452,19833,261163,15585,7506,8079
47090,291843,30651,140465,19834,261192,15587,7506,8081
47095,291874,30653,140479,19835,261221,15589,7508,8081
47100,291905,30655,140493,19836,261249,15591,7508,8083
47105,291936,30660,140508,19838,261276,15593,7509,8084
47110,291967,30664,140519,19841,261302,15595,7510,8085
47115,291998,30669,140531,19844,261329,15597,7510,8087
47120,292029,30673,140546,19846,261355,15599,7512,8087
47125,292060,30678,140563,19851,261381,15601,7513,8088
47130,292091,30683,140580,19854,261407,15603,7513,8090
47135,292122,30687,140600,19857,261435,15605,7514,8091
47140,292153,30690,140613,19858,261461,15607,7515,8092
47145,292184,30695,140627,19861,261487,15609,7515,8094
47150,292215,30698,140638,19863,261517,15611,7516,8095
47155,292246,30700,140651,19864,261546,15613,7517,8096
47160,292277,30702,140664,19865,261574,15615,7518,8097
47165,292308,30704,140677,19867,261603,15616,7518,8098
47170,292339,30706,140687,19867,261633,15617,7518,8099
47175,292370,30709,140701,19868,261660,15618,7518,8100
47180,292401,30713,140718,19869,261687,15619,7519,8100
47185,292432,30716,140736,19871,261715,15620,7520,8100
47190,292463,30720,140749,19874,261742,15621,7521,8100
47195,292494,30727,140766,19879,261765,15622,7521,8101
47200,292525,30733,140781,19884,261791,15623,7521,8102
47205,292556,30738,140798,19889,261818,15624,7521,8103
47210,292587,30744,140812,19893,261842,15625,7522,8103
47215,292618,30747,140821,19895,261871,15626,7522,8104
47220,292649,30749,140835,19896,261900,15627,7523,8104
47225,292680,30751,140848,19896,261929,15628,7524,8104
47230,292711,30753,140869,19898,261958,15629,7525,8104
47235,292742,30755,140879,19898,261987,15630,7526,8104
47240,292773,30757,140894,19899,262016,15631,7526,8105
47245,292804,30759,140908,19900,262045,15632,7526,8106
47250,292835,30761,140921,19900,262074,15633,7527,8106
47255,292866,30764,140939,19903,262101,15634,7527,8107
47260,292897,30768,140955,19905,262128,15635,7527,8108
47265,292928,30772,140967,19909,262156,15637,7528,8109
47270,292959,30775,140982,19911,262183,15639,7529,8110
47275,292990,30779,140999,19914,262211,15641,7531,8110
47280,293021,30782,141018,19915,262239,15643,7533,8110
47285,293052,30785,141031,19916,262267,15645,7534,8111
47290,293083,30789,141041,19918,262294,15647,7536,8111
47295,293114,30793,141059,19920,262321,15649,7538,8111
47300,293145,30796,141070,19921,262349,15651,7539,8112
47305,293176,30800,141081,19922,262375,15653,7541,8112
47310,293207,30804,141097,19924,262403,15655,7541,8114
47315,293238,30808,141109,19925,262429,15657,7541,8116
47320,293269,30813,141117,19928,262455,15659,7542,8117
47325,293300,30819,141134,19934,262478,15661,7543,8118
47330,293331,30825,141153,19938,262503,15663,7544,8119
47335,293362,30828,141167,19940,262532,15665,7545,8120
47340,293393,30832,141176,19941,262560,15667,7546,8121
47345,293424,30835,141191,19941,262588,15669,7548,8121
47350,293455,30838,141205,19941,262617,15671,7550,8121
47355,293486,30842,141222,19944,262644,15673,7551,8122
47360,293517,30846,141235,19946,262671,15675,7552,8123
47365,293548,30849,141250,19949,262699,15677,7553,8124
47370,293579,30854,141265,19954,262725,15679,7555,8124
47375,293610,30859,141280,19958,262751,15681,7556,8125
47380,293641,30862,141295,19959,262779,15683,7556,8127
47385,293672,30868,141315,19964,262803,15685,7558,8127
47390,293703,30873,141333,19967,262830,15687,7559,8128
47395,293734,30875,141347,19967,262859,15689,7559,8130
47400,293765,30877,141360,19968,262888,15691,7560,8131
47405,293796,30879,141377,19970,262917,15692,7561,8131
47410,293827,30881,141394,19970,262946,15693,7562,8131
47415,293858,30883,141404,19970,262975,15694,7563,8131
47420,293889,30885,141418,19971,263004,15695,7563,8132
47425,293920,30887,141428,19973,263033,15696,7564,8132
47430,293951,30889,141443,19974,263062,15697,7565,8132
47435,293982,30891,141460,19976,263089,15698,7566,8132
47440,294013,30895,141475,19978,263116,15699,7566,8133
47445,294044,30900,141489,19981,263143,15700,7566,8134
47450,294075,30905,141505,19984,263168,15701,7567,8134
47455,294106,30911,141525,19990,263195,15702,7567,8135
47460,294137,30916,141534,19993,263221,15703,7568,8135
47465,294168,30921,141548,19996,263247,15704,7569,8135
47470,294199,30925,141568,19999,263274,15705,7570,8135
47475,294230,30927,141584,20001,263302,15706,7570,8136
47480,294261,30929,141596,20002,263331,15707,7570,8137
47485,294292,30931,141612,20004,263361,15708,7571,8137
47490,294323,30933,141631,20006,263387,15709,7571,8138
47495,294354,30935,141648,20007,263417,15710,7572,8138
47500,294385,30938,141663,20009,263447,15711,7572,8139
47505,294416,30942,141678,20012,263473,15712,7573,8139
47510,294447,30945,141689,20013,263502,15714,7574,8140
47515,294478,30949,141705,20014,263529,15716,7576,8140
47520,294509,30952,141723,20015,263557,15718,7578,8140
47525,294540,30954,141743,20015,263585,15720,7580,8140
47530,294571,30957,141759,20018,263614,15722,7580,8142
47535,294602,30959,141771,20019,263643,15724,7581,8143
47540,294633,30962,141786,20021,263671,15726,7582,8144
47545,294664,30965,141801,20023,263699,15728,7584,8144
47550,294695,30967,141813,20025,263728,15730,7585,8145
47555,294726,30969,141826,20026,263757,15732,7586,8146
47560,294757,30972,141839,20028,263784,15734,7586,8148
47565,294788,30977,141851,20031,263810,15736,7587,8149
47570,294819,30982,141866,20035,263837,15738,7588,8150
47575,294850,30986,141877,20038,263863,15740,7589,8151
47580,294881,30989,141891,20041,263892,15742,7589,8153
47585,294912,30991,141907,20042,263921,15744,7590,8154
47590,294943,30993,141925,20044,263950,15746,7592,8154
47595,294974,30996,141939,20047,263978,15748,7593,8155
47600,295005,30999,141958,20050,264006,15750,7594,8156
47605,295036,31003,141974,20053,264033,15752,7595,8157
47610,295067,31006,141994,20055,264059,15754,7596,8158
47615,295098,31011,142008,20059,264086,15756,7597,8159
47620,295129,31016,142023,20064,264112,15758,7598,8160
47625,295160,31018,142042,20066,264142,15760,7598,8162
47630,295191,31020,142056,20067,264171,15762,7599,8163
47635,295222,31022,142071,20067,264200,15764,7600,8164
47640,295253,31024,142090,20069,264227,15766,7601,8165
47645,295284,31026,142105,20071,264257,15768,7601,8167
47650,295315,31028,142120,20071,264286,15770,7602,8168
47655,295346,31030,142140,20073,264316,15772,7603,8169
47660,295377,31032,142155,20073,264344,15774,7603,8171
47665,295408,31034,142164,20074,264374,15776,7604,8172
47670,295439,31036,142177,20074,264403,15778,7606,8172
47675,295470,31038,142197,20075,264432,15780,7608,8172
47680,295501,31040,142211,20076,264461,15782,7608,8174
47685,295532,31042,142229,20077,264489,15784,7610,8174
47690,295563,31047,142238,20080,264516,15786,7610,8176
47695,295594,31051,142250,20082,264543,15788,7611,8177
47700,295625,31055,142265,20085,264569,15790,7611,8179
47705,295656,31058,142278,20087,264597,15792,7612,8180
47710,295687,31061,142286,20088,264626,15794,7614,8180
47715,295718,31064,142299,20090,264654,15796,7615,8181
47720,295749,31067,142316,20092,264682,15798,7616,8182
47725,295780,31070,142330,20094,264710,15800,7617,8183
47730,295811,31075,142345,20099,264735,15802,7617,8185
47735,295842,31079,142361,20101,264763,15804,7617,8187
47740,295873,31081,142378,20101,264791,15806,7619,8187
47745,295904,31084,142389,20102,264820,15808,7621,8187
47750,295935,31086,142403,20102,264849,15810,7621,8189
47755,295966,31089,142420,20104,264875,15812,7622,8190
47760,295997,31094,142429,20107,264903,15814,7623,8191
47765,296028,31096,142439,20107,264932,15815,7623,8192
47770,296059,31100,142455,20110,264957,15816,7624,8192
47775,296090,31105,142473,20115,264984,15817,7625,8192
47780,296121,31109,142487,20119,265012,15818,7625,8193
47785,296152,31110,142501,20120,265042,15819,7626,8193
47790,296183,31111,142512,20121,265071,15820,7626,8194
47795,296214,31112,142528,20122,265102,15821,7626,8195
47800,296245,31113,142543,20122,265132,15822,7626,8196
47805,296276,31115,142562,20123,265159,15823,7627,8196
47810,296307,31117,142581,20124,265189,15824,7628,8196
47815,296338,31119,142597,20125,265219,15825,7628,8197
47820,296369,31121,142614,20127,265247,15826,7629,8197
47825,296400,31123,142632,20128,265277,15827,7630,8197
47830,296431,31125,142647,20129,265306,15828,7631,8197
47835,296462,31127,142660,20130,265335,15829,7631,8198
47840,296493,31130,142673,20130,265363,15830,7631,8199
47845,296524,31133,142691,20132,265391,15831,7631,8200
47850,296555,31136,142705,20133,265419,15832,7632,8200
47855,296586,31139,142721,20136,265447,15833,7633,8200
47860,296617,31142,142739,20137,265475,15834,7633,8201
47865,296648,31145,142752,20138,265503,15836,7633,8203
47870,296679,31148,142770,20140,265530,15838,7634,8204
47875,296710,31154,142788,20145,265553,15840,7634,8206
47880,296741,31161,142801,20150,265578,15842,7635,8207
47885,296772,31169,142818,20158,265601,15844,7637,8207
47890,296803,31177,142833,20164,265625,15846,7639,8207
47895,296834,31183,142845,20167,265649,15848,7639,8209
47900,296865,31187,142858,20169,265677,15850,7641,8209
47905,296896,31190,142873,20169,265706,15852,7643,8209
47910,296927,31195,142893,20172,265732,15854,7644,8210
47915,296958,31200,142906,20175,265758,15856,7646,8210
47920,296989,31207,142926,20180,265781,15858,7646,8212
47925,297020,31209,142943,20181,265810,15860,7648,8212
47930,297051,31211,142958,20182,265839,15862,7650,8212
47935,297082,31213,142971,20184,265869,15864,7651,8213
47940,297113,31215,142985,20185,265898,15866,7652,8214
47945,297144,31217,142992,20185,265927,15867,7652,8215
47950,297175,31219,143008,20186,265956,15868,7652,8216
47955,297206,31221,143022,20186,265985,15869,7652,8217
47960,297237,31223,143037,20186,266014,15870,7653,8217
47965,297268,31225,143049,20187,266043,15871,7654,8217
47970,297299,31227,143067,20188,266072,15872,7655,8217
47975,297330,31229,143081,20189,266101,15873,7655,8218
47980,297361,31231,143098,20190,266129,15874,7656,8218
47985,297392,31233,143112,20191,266159,15875,7657,8218
47990,297423,31235,143129,20193,266188,15876,7658,8218
47995,297454,31237,143140,20194,266217,15877,7658,8219
48000,297485,31239,143155,20195,266245,15878,7659,8219
48005,297516,31241,143172,20196,266275,15879,7659,8220
48010,297547,31245,143192,20199,266302,15880,7660,8220
48015,297578,31249,143205,20201,266329,15881,7660,8221
48020,297609,31254,143217,20205,266354,15882,7660,8222
48025,297640,31260,143234,20210,266378,15883,7661,8222
48030,297671,31269,143252,20216,266398,15884,7661,8223
48035,297702,31278,143264,20223,266423,15885,7661,8224
48040,297733,31282,143283,20227,266449,15886,7661,8225
48045,297764,31288,143302,20233,266474,15887,7662,8225
48050,297795,31294,143317,20238,266499,15889,7662,8227
48055,297826,31302,143330,20244,266524,15891,7663,8228
48060,297857,31304,143346,20246,266553,15893,7665,8228
48065,297888,31306,143362,20247,266582,15895,7666,8229
48070,297919,31308,143377,20247,266611,15897,7667,8230
48075,297950,31310,143395,20249,266640,15899,7669,8230
48080,297981,31312,143414,20249,266669,15901,7671,8230
48085,298012,31314,143430,20250,266698,15903,7673,8230
48090,298043,31316,143447,20250,266726,15905,7675,8230
48095,298074,31318,143460,20251,266756,15907,7676,8231
48100,298105,31320,143479,20252,266785,15909,7677,8232
48105,298136,31322,143495,20252,266814,15911,7678,8233
48110,298167,31324,143510,20254,266843,15913,7679,8234
48115,298198,31326,143522,20256,266872,15915,7679,8236
48120,298229,31328,143537,20258,266901,15917,7679,8238
48125,298260,31330,143551,20260,266929,15919,7680,8239
48130,298291,31332,143569,20261,266959,15921,7682,8239
48135,298322,31334,143579,20262,266988,15923,7683,8240
48140,298353,31338,143592,20263,267015,15925,7685,8240
48145,298384,31342,143609,20265,267040,15927,7685,8242
48150,298415,31347,143626,20268,267067,15929,7686,8243
48155,298446,31350,143644,20269,267094,15931,7687,8244
48160,298477,31356,143657,20273,267120,15933,7689,8244
48165,298508,31365,143670,20280,267141,15935,7690,8245
48170,298539,31373,143683,20284,267163,15937,7691,8246
48175,298570,31378,143702,20287,267189,15939,7692,8247
48180,298601,31383,143717,20290,267217,15941,7694,8247
48185,298632,31386,143732,20292,267246,15943,7695,8248
48190,298663,31389,143750,20294,267272,15945,7697,8248
48195,298694,31394,143762,20297,267299,15947,7698,8249
48200,298725,31398,143771,20300,267327,15949,7698,8251
48205,298756,31401,143785,20302,267354,15951,7700,8251
48210,298787,31405,143801,20304,267381,15953,7700,8253
48215,298818,31409,143818,20306,267408,15955,7701,8254
48220,298849,31413,143833,20310,267436,15957,7701,8256
48225,298880,31417,143849,20312,267462,15959,7702,8257
48230,298911,31422,143863,20316,267489,15961,7702,8259
48235,298942,31424,143876,20316,267518,15963,7703,8260
48240,298973,31426,143892,20316,267547,15965,7704,8261
48245,299004,31428,143905,20317,267576,15967,7704,8263
48250,299035,31430,143921,20319,267605,15969,7706,8263
48255,299066,31432,143930,20319,267633,15971,7707,8264
48260,299097,31434,143941,20319,267663,15973,7709,8264
48265,299128,31436,143955,20319,267692,15975,7711,8264
48270,299159,31438,143971,20320,267721,15977,7712,8265
48275,299190,31441,143985,20321,267749,15979,7713,8266
48280,299221,31444,143999,20322,267777,15981,7713,8268
48285,299252,31448,144014,20325,267803,15983,7714,8269
48290,299283,31452,144030,20328,267831,15985,7715,8270
48295,299314,31456,144047,20331,267858,15987,7716,8271
48300,299345,31459,144061,20332,267886,15989,7717,8272
48305,299376,31462,144083,20335,267912,15991,7719,8272
48310,299407,31466,144096,20336,267939,15993,7720,8273
48315,299438,31469,144108,20337,267968,15995,7721,8274
48320,299469,31472,144121,20339,267996,15997,7722,8275
48325,299500,31477,144134,20341,268022,15999,7723,8276
48330,299531,31480,144147,20342,268051,16001,7724,8277
48335,299562,31485,144166,20347,268075,16003,7726,8277
48340,299593,31491,144180,20350,268101,16005,7727,8278
48345,299624,31498,144194,20354,268125,16007,7728,8279
48350,299655,31502,144207,20356,268152,16009,7728,8281
48355,299686,31507,144223,20360,268178,16011,7729,8282
48360,299717,31511,144241,20364,268206,16013,7730,8283
48365,299748,31515,144254,20366,268232,16014,7731,8283
48370,299779,31519,144268,20368,268259,16015,7731,8284
48375,299810,31523,144282,20371,268287,16016,7731,8285
48380,299841,31526,144299,20373,268315,16017,7732,8285
48385,299872,31529,144314,20374,268342,16018,7732,8286
48390,299903,31533,144327,20377,268370,16019,7732,8287
48395,299934,31537,144343,20379,268396,16020,7732,8288
48400,299965,31543,144361,20383,268420,16021,7733,8288
48405,299996,31547,144374,20385,268449,16022,7734,8288
48410,300027,31549,144386,20385,268478,16023,7735,8288
48415,300058,31551,144399,20386,268507,16024,7736,8288
48420,300089,31553,144419,20387,268535,16025,7736,8289
48425,300120,31554,144426,20387,268566,16026,7736,8290
48430,300151,31555,144442,20387,268595,16027,7737,8290
48435,300182,31556,144453,20387,268625,16028,7737,8291
48440,300213,31557,144464,20387,268656,16029,7737,8292
48445,300244,31558,144477,20387,268686,16030,7737,8293
48450,300275,31559,144496,20387,268714,16031,7738,8293
48455,300306,31562,144511,20389,268743,16032,7739,8293
48460,300337,31564,144526,20390,268773,16033,7739,8294
48465,300368,31566,144545,20390,268802,16035,7740,8295
48470,300399,31569,144559,20392,268829,16037,7742,8295
48475,300430,31574,144572,20397,268856,16039,7743,8296
48480,300461,31579,144586,20400,268881,16041,7745,8296
48485,300492,31583,144601,20403,268908,16042,7745,8297
48490,300523,31588,144616,20406,268935,16043,7746,8297
48495,300554,31589,144630,20406,268965,16044,7747,8297
48500,300585,31590,144648,20407,268995,16045,7748,8297
48505,300616,31591,144661,20407,269025,16046,7749,8297
48510,300647,31592,144671,20407,269055,16047,7749,8298
48515,300678,31594,144690,20407,269083,16048,7750,8298
48520,300709,31597,144701,20408,269112,16049,7750,8299
48525,300740,31599,144717,20409,269140,16050,7750,8300
48530,300771,31604,144731,20412,269165,16051,7750,8301
48535,300802,31609,144743,20415,269192,16052,7751,8301
48540,300833,31614,144752,20418,269219,16053,7751,8302
48545,300864,31618,144763,20421,269246,16054,7751,8303
48550,300895,31624,144778,20427,269270,16055,7752,8303
48555,300926,31629,144795,20432,269297,16056,7753,8303
48560,300957,31631,144808,20433,269326,16057,7753,8304
48565,300988,31633,144818,20433,269355,16058,7753,8305
48570,301019,31635,144837,20434,269384,16059,7754,8305
48575,301050,31637,144852,20435,269413,16060,7755,8305
48580,301081,31639,144868,20436,269442,16061,7755,8306
48585,301112,31641,144883,20436,269471,16062,7755,8307
48590,301143,31643,144902,20437,269500,16064,7756,8308
48595,301174,31645,144920,20439,269529,16066,7757,8309
48600,301205,31649,144937,20441,269555,16068,7759,8309
48605,301236,31653,144956,20444,269582,16070,7761,8309
48610,301267,31657,144971,20446,269610,16072,7762,8310
48615,301298,31660,144985,20447,269638,16074,7763,8311
48620,301329,31663,144999,20448,269666,16076,7764,8312
48625,301360,31667,145015,20451,269692,16078,7765,8313
48630,301391,31671,145033,20454,269718,16080,7765,8315
48635,301422,31675,145047,20456,269746,16082,7765,8317
48640,301453,31679,145066,20459,269773,16084,7765,8319
48645,301484,31684,145081,20462,269800,16086,7766,8320
48650,301515,31687,145091,20463,269828,16088,7767,8321
48655,301546,31691,145105,20467,269854,16090,7768,8322
48660,301577,31697,145119,20472,269878,16092,7769,8323
48665,301608,31702,145130,20474,269906,16094,7770,8324
48670,301639,31706,145150,20478,269932,16096,7771,8325
48675,301670,31710,145165,20482,269960,16098,7772,8326
48680,301701,31713,145178,20482,269987,16100,7773,8327
48685,301732,31717,145193,20484,270015,16102,7774,8328
48690,301763,31720,145205,20485,270043,16104,7776,8328
48695,301794,31724,145218,20489,270070,16106,7777,8329
48700,301825,31729,145235,20492,270095,16108,7778,8330
48705,301856,31735,145252,20496,270120,16110,7778,8332
48710,301887,31738,145267,20498,270149,16112,7779,8333
48715,301918,31740,145276,20498,270178,16114,7781,8333
48720,301949,31742,145291,20499,270207,16116,7783,8333
48725,301980,31744,145309,20500,270236,16118,7785,8333
48730,302011,31746,145324,20502,270265,16120,7786,8334
48735,302042,31748,145335,20503,270294,16122,7787,8335
48740,302073,31750,145351,20504,270323,16124,7789,8335
48745,302104,31752,145364,20504,270352,16126,7789,8337
48750,302135,31754,145384,20505,270380,16128,7791,8337
48755,302166,31756,145401,20505,270409,16130,7793,8337
48760,302197,31758,145414,20506,270437,16132,7793,8339
48765,302228,31760,145422,20507,270468,16134,7793,8341
48770,302259,31763,145436,20510,270495,16136,7793,8343
48775,302290,31768,145454,20513,270522,16138,7794,8344
48780,302321,31772,145473,20516,270549,16140,7795,8345
48785,302352,31776,145492,20520,270576,16142,7796,8346
48790,302383,31779,145504,20522,270604,16144,7797,8347
48795,302414,31781,145521,20523,270633,16146,7799,8347
48800,302445,31783,145534,20524,270662,16148,7800,8348
48805,302476,31787,145551,20527,270689,16150,7801,8349
48810,302507,31792,145570,20532,270714,16152,7801,8351
48815,302538,31797,145586,20536,270739,16154,7802,8352
48820,302569,31800,145601,20538,270767,16156,7803,8353
48825,302600,31803,145610,20539,270797,16158,7805,8353
48830,302631,31805,145634,20541,270824,16160,7807,8353
48835,302662,31809,145645,20544,270850,16162,7807,8355
48840,302693,31813,145659,20546,270878,16164,7808,8356
48845,302724,31818,145670,20550,270905,16166,7808,8358
48850,302755,31821,145684,20552,270932,16168,7810,8358
48855,302786,31824,145695,20553,270960,16170,7810,8360
48860,302817,31827,145711,20556,270988,16172,7811,8361
48865,302848,31830,145728,20558,271016,16174,7812,8362
48870,302879,31833,145741,20561,271046,16176,7813,8363
48875,302910,31834,145758,20562,271076,16178,7814,8364
48880,302941,31835,145768,20563,271106,16180,7815,8365
48885,302972,31837,145788,20565,271135,16182,7817,8365
48890,303003,31839,145801,20566,271164,16184,7818,8366
48895,303034,31841,145818,20567,271193,16186,7818,8368
48900,303065,31843,145835,20568,271222,16188,7819,8369
48905,303096,31845,145854,20570,271251,16189,7819,8370
48910,303127,31847,145871,20571,271280,16190,7819,8371
48915,303158,31849,145884,20572,271309,16191,7820,8371
48920,303189,31851,145903,20573,271337,16192,7821,8371
48925,303220,31853,145915,20574,271366,16193,7822,8371
48930,303251,31856,145931,20576,271395,16194,7823,8371
48935,303282,31859,145940,20577,271422,16195,7824,8371
48940,303313,31862,145955,20578,271450,16196,7824,8372
48945,303344,31865,145972,20578,271479,16197,7825,8372
48950,303375,31869,145989,20580,271506,16198,7826,8372
48955,303406,31872,146004,20582,271534,16199,7826,8373
48960,303437,31877,146022,20585,271560,16200,7827,8373
48965,303468,31881,146037,20587,271587,16201,7827,8374
48970,303499,31886,146054,20591,271613,16202,7827,8375
48975,303530,31892,146065,20594,271637,16203,7827,8376
48980,303561,31901,146083,20599,271659,16204,7828,8376
48985,303592,31904,146100,20601,271688,16205,7828,8377
48990,303623,31907,146116,20603,271716,16206,7829,8377
48995,303654,31910,146130,20603,271744,16207,7830,8377
49000,303685,31913,146149,20605,271771,16208,7830,8378
49005,303716,31917,146161,20607,271799,16210,7831,8379
49010,303747,31920,146177,20609,271827,16212,7832,8380
49015,303778,31923,146190,20609,271854,16214,7833,8381
49020,303809,31927,146202,20611,271882,16216,7835,8381
49025,303840,31931,146219,20613,271908,16217,7836,8381
49030,303871,31935,146234,20615,271936,16218,7836,8382
49035,303902,31938,146252,20618,271963,16219,7837,8382
49040,303933,31943,146271,20622,271989,16220,7837,8383
49045,303964,31948,146289,20626,272014,16221,7837,8384
49050,303995,31953,146300,20629,272040,16222,7837,8385
49055,304026,31959,146315,20634,272066,16223,7838,8385
49060,304057,31962,146326,20635,272095,16224,7838,8386
49065,304088,31964,146340,20637,272123,16225,7838,8387
49070,304119,31966,146353,20639,272153,16226,7839,8387
49075,304150,31968,146370,20641,272182,16227,7839,8388
49080,304181,31970,146385,20641,272210,16228,7839,8389
49085,304212,31972,146399,20642,272240,16229,7840,8389
49090,304243,31975,146412,20642,272268,16230,7841,8389
49095,304274,31978,146424,20643,272296,16231,7842,8389
49100,304305,31981,146436,20644,272324,16232,7842,8390
49105,304336,31984,146451,20645,272352,16233,7842,8391
49110,304367,31987,146464,20648,272380,16234,7842,8392
49115,304398,31990,146476,20649,272408,16235,7842,8393
49120,304429,31993,146488,20650,272436,16236,7842,8394
49125,304460,31997,146505,20652,272463,16237,7843,8394
49130,304491,32000,146524,20655,272491,16239,7843,8396
49135,304522,32004,146538,20657,272518,16241,7843,8398
49140,304553,32007,146552,20658,272546,16243,7844,8399
49145,304584,32011,146568,20661,272573,16245,7845,8400
49150,304615,32014,146582,20663,272601,16247,7845,8402
49155,304646,32017,146597,20665,272629,16249,7846,8403
49160,304677,32021,146610,20667,272656,16251,7847,8404
49165,304708,32026,146629,20671,272682,16253,7847,8406
49170,304739,32032,146643,20674,272707,16255,7847,8408
49175,304770,32038,146661,20679,272731,16257,7849,8408
49180,304801,32044,146679,20683,272757,16259,7850,8409
49185,304832,32048,146697,20686,272782,16261,7852,8409
49190,304863,32052,146708,20688,272810,16263,7853,8410
49195,304894,32056,146723,20690,272838,16265,7854,8411
49200,304925,32060,146735,20692,272864,16267,7855,8412
49205,304956,32064,146755,20696,272892,16269,7856,8413
49210,304987,32066,146765,20696,272921,16271,7857,8414
49215,305018,32068,146777,20696,272950,16273,7857,8416
49220,305049,32070,146793,20697,272978,16275,7858,8417
49225,305080,32073,146806,20700,273006,16277,7859,8418
49230,305111,32077,146818,20703,273033,16279,7860,8419
49235,305142,32083,146833,20708,273059,16281,7860,8421
49240,305173,32086,146850,20710,273087,16283,7860,8423
49245,305204,32087,146867,20711,273117,16285,7862,8423
49250,305235,32088,146880,20711,273147,16287,7863,8424
49255,305266,32089,146892,20711,273177,16289,7865,8424
49260,305297,32090,146910,20712,273207,16291,7866,8425
49265,305328,32091,146927,20713,273237,16293,7868,8425
49270,305359,32092,146944,20714,273267,16295,7870,8425
49275,305390,32093,146958,20714,273296,16297,7870,8427
49280,305421,32094,146972,20714,273327,16299,7871,8428
49285,305452,32095,146990,20715,273357,16301,7872,8429
49290,305483,32098,147007,20717,273384,16303,7874,8429
49295,305514,32100,147022,20718,273414,16305,7874,8431
49300,305545,32103,147034,20719,273442,16307,7876,8431
49305,305576,32106,147052,20721,273469,16309,7877,8432
49310,305607,32111,147068,20725,273496,16311,7878,8433
49315,305638,32114,147084,20726,273524,16313,7879,8434
49320,305669,32118,147096,20727,273551,16315,7880,8435
49325,305700,32121,147104,20728,273579,16317,7880,8437
49330,305731,32125,147120,20730,273606,16319,7881,8438
49335,305762,32129,147136,20732,273632,16321,7882,8439
49340,305793,32132,147152,20734,273661,16323,7882,8441
49345,305824,32136,147171,20737,273688,16325,7884,8441
49350,305855,32140,147185,20737,273715,16327,7885,8442
49355,305886,32144,147201,20739,273742,16329,7886,8443
49360,305917,32148,147216,20743,273769,16331,7887,8444
49365,305948,32153,147230,20744,273795,16333,7889,8444
49370,305979,32158,147246,20749,273820,16335,7889,8446
49375,306010,32164,147262,20753,273846,16337,7891,8446
49380,306041,32167,147278,20756,273873,16339,7893,8446
49385,306072,32171,147293,20759,273901,16341,7895,8446
49390,306103,32174,147309,20761,273929,16343,7896,8447
49395,306134,32177,147323,20761,273956,16345,7897,8448
49400,306165,32181,147333,20762,273984,16347,7897,8450
49405,306196,32185,147349,20766,274011,16349,7899,8450
49410,306227,32189,147368,20768,274037,16351,7900,8451
49415,306258,32194,147382,20772,274064,16353,7901,8452
49420,306289,32198,147397,20774,274090,16355,7902,8453
49425,306320,32201,147412,20776,274117,16357,7903,8454
49430,306351,32207,147422,20780,274143,16359,7903,8456
49435,306382,32210,147431,20781,274170,16361,7903,8458
49440,306413,32214,147447,20784,274197,16363,7904,8459
49445,306444,32218,147462,20787,274226,16364,7905,8459
49450,306475,32220,147475,20789,274255,16365,7905,8460
49455,306506,32222,147493,20790,274283,16366,7906,8460
49460,306537,32224,147508,20791,274313,16367,7907,8460
49465,306568,32226,147525,20792,274342,16368,7908,8460
49470,306599,32228,147538,20793,274371,16369,7908,8461
49475,306630,32230,147552,20794,274400,16370,7909,8461
49480,306661,32232,147567,20794,274429,16371,7909,8462
49485,306692,32237,147586,20799,274455,16372,7910,8462
49490,306723,32240,147603,20802,274483,16373,7911,8462
49495,306754,32244,147623,20805,274510,16374,7912,8462
49500,306785,32249,147641,20807,274536,16375,7913,8462
49505,306816,32253,147655,20810,274563,16376,7913,8463
49510,306847,32258,147671,20814,274589,16377,7913,8464
49515,306878,32262,147683,20815,274616,16378,7913,8465
49520,306909,32266,147699,20818,274643,16379,7914,8465
49525,306940,32271,147715,20822,274669,16380,7914,8466
49530,306971,32274,147730,20823,274696,16381,7914,8467
49535,307002,32276,147750,20825,274725,16382,7914,8468
49540,307033,32278,147764,20825,274755,16383,7914,8469
49545,307064,32280,147783,20826,274784,16385,7915,8470
49550,307095,32284,147794,20829,274811,16387,7916,8471
49555,307126,32288,147811,20832,274837,16389,7918,8471
49560,307157,32292,147826,20836,274863,16391,7919,8472
49565,307188,32297,147844,20839,274891,16392,7919,8473
49570,307219,32300,147862,20842,274919,16393,7919,8474
49575,307250,32303,147879,20843,274947,16394,7920,8474
49580,307281,32306,147891,20844,274975,16395,7920,8475
49585,307312,32309,147905,20844,275003,16396,7920,8476
49590,307343,32312,147925,20845,275029,16397,7920,8477
49595,307374,32317,147941,20847,275057,16398,7921,8477
49600,307405,32320,147955,20848,275083,16399,7922,8477
49605,307436,32325,147970,20852,275111,16400,7923,8477
49610,307467,32328,147982,20852,275139,16401,7923,8478
49615,307498,32332,147993,20854,275166,16402,7924,8478
49620,307529,32336,148009,20856,275192,16403,7925,8478
49625,307560,32340,148025,20858,275219,16404,7925,8479
49630,307591,32342,148033,20858,275249,16405,7926,8479
49635,307622,32345,148045,20860,275277,16406,7927,8479
49640,307653,32350,148057,20864,275303,16407,7928,8479
49645,307684,32354,148076,20868,275329,16408,7929,8479
49650,307715,32358,148090,20871,275356,16409,7929,8480
49655,307746,32362,148107,20875,275384,16410,7929,8481
49660,307777,32365,148123,20878,275412,16411,7930,8481
49665,307808,32368,148135,20879,275439,16412,7930,8482
49670,307839,32371,148147,20880,275467,16414,7930,8484
49675,307870,32376,148161,20882,275494,16416,7932,8484
49680,307901,32379,148174,20882,275522,16418,7932,8486
49685,307932,32383,148191,20885,275549,16420,7932,8488
49690,307963,32388,148209,20889,275575,16422,7932,8490
49695,307994,32391,148222,20889,275603,16424,7933,8491
49700,308025,32396,148238,20891,275629,16426,7934,8492
49705,308056,32398,148259,20892,275657,16428,7936,8492
49710,308087,32400,148274,20892,275687,16430,7936,8494
49715,308118,32402,148291,20893,275716,16432,7936,8496
49720,308149,32404,148310,20895,275745,16434,7937,8497
49725,308180,32406,148321,20895,275774,16436,7938,8498
49730,308211,32408,148337,20895,275803,16438,7938,8500
49735,308242,32411,148353,20898,275831,16440,7940,8500
49740,308273,32414,148370,20899,275859,16442,7940,8502
49745,308304,32416,148384,20899,275888,16444,7942,8502
49750,308335,32418,148403,20900,275917,16446,7943,8503
49755,308366,32420,148418,20902,275946,16448,7943,8505
49760,308397,32422,148429,20903,275975,16450,7944,8506
49765,308428,32424,148444,20905,276004,16452,7945,8507
49770,308459,32426,148461,20907,276033,16454,7947,8507
49775,308490,32428,148477,20908,276061,16456,7949,8507
49780,308521,32431,148495,20910,276090,16458,7950,8508
49785,308552,32433,148513,20912,276118,16460,7950,8510
49790,308583,32436,148529,20913,276146,16462,7951,8511
49795,308614,32439,148543,20914,276174,16464,7953,8511
49800,308645,32442,148555,20916,276203,16466,7954,8512
49805,308676,32445,148569,20916,276230,16468,7956,8512
49810,308707,32450,148584,20920,276256,16470,7958,8512
49815,308738,32456,148597,20923,276279,16472,7959,8513
49820,308769,32463,148618,20930,276306,16474,7960,8514
49825,308800,32465,148634,20932,276335,16476,7961,8515
49830,308831,32469,148647,20936,276362,16478,7961,8517
49835,308862,32471,148661,20937,276391,16480,7963,8517
49840,308893,32474,148673,20938,276419,16482,7964,8518
49845,308924,32479,148690,20940,276445,16484,7965,8519
49850,308955,32483,148700,20942,276472,16486,7966,8520
49855,308986,32487,148713,20944,276499,16488,7968,8520
49860,309017,32490,148730,20946,276527,16490,7970,8520
49865,309048,32493,148746,20949,276555,16492,7971,8521
49870,309079,32496,148758,20950,276583,16494,7972,8522
49875,309110,32499,148775,20951,276611,16496,7973,8523
49880,309141,32502,148792,20953,276639,16498,7973,8525
49885,309172,32505,148803,20953,276667,16500,7975,8525
49890,309203,32508,148813,20954,276695,16502,7976,8526
49895,309234,32511,148828,20956,276723,16504,7977,8527
49900,309265,32514,148848,20957,276751,16506,7979,8527
49905,309296,32517,148861,20959,276779,16508,7981,8527
49910,309327,32521,148879,20963,276806,16510,7982,8528
49915,309358,32524,148893,20964,276834,16512,7984,8528
49920,309389,32528,148908,20967,276861,16514,7984,8530
49925,309420,32530,148925,20969,276890,16516,7985,8531
49930,309451,32534,148936,20971,276916,16518,7985,8533
49935,309482,32539,148951,20974,276942,16520,7986,8534
49940,309513,32544,148964,20977,276967,16522,7986,8536
49945,309544,32549,148986,20982,276993,16524,7987,8537
49950,309575,32554,149005,20987,277020,16526,7988,8538
49955,309606,32560,149025,20991,277043,16528,7989,8539
49960,309637,32567,149038,20997,277070,16530,7991,8539
49965,309668,32569,149054,20998,277098,16532,7991,8541
49970,309699,32571,149069,21000,277128,16534,7992,8542
49975,309730,32573,149085,21002,277156,16536,7993,8543
49980,309761,32575,149100,21003,277185,16538,7993,8545
49985,309792,32577,149110,21003,277215,16540,7994,8546
49990,309823,32579,149128,21004,277244,16542,7996,8546
49995,309854,32581,149141,21004,277273,16544,7998,8546
50000,309885,32583,149153,21006,277302,16546,7998,8548
50005,309916,32585,149165,21008,277331,16548,7999,8549
50010,309947,32587,149178,21008,277360,16550,8001,8549
50015,309978,32589,149188,21009,277389,16552,8002,8550
50020,310009,32591,149201,21010,277418,16554,8003,8551
50025,310040,32594,149215,21011,277446,16556,8003,8553
50030,310071,32598,149230,21012,277473,16558,8004,8554
50035,310102,32602,149245,21016,277500,16560,8004,8556
50040,310133,32606,149263,21019,277527,16562,8005,8557
50045,310164,32609,149279,21022,277555,16564,8006,8558
50050,310195,32613,149292,21023,277582,16566,8006,8560
50055,310226,32617,149304,21026,277609,16568,8008,8560
50060,310257,32621,149322,21030,277636,16570,8010,8560
50065,310288,32625,149337,21031,277662,16572,8012,8560
50070,310319,32631,149349,21034,277687,16574,8013,8561
50075,310350,32637,149361,21038,277713,16576,8014,8562
50080,310381,32642,149371,21040,277738,16578,8015,8563
50085,310412,32648,149385,21044,277762,16580,8016,8564
50090,310443,32654,149400,21048,277787,16582,8016,8566
50095,310474,32662,149419,21056,277810,16584,8017,8567
50100,310505,32669,149436,21062,277835,16586,8018,8568
50105,310536,32672,149453,21064,277864,16587,8019,8568
50110,310567,32674,149468,21066,277893,16588,8020,8568
50115,310598,32676,149485,21067,277922,16589,8021,8568
50120,310629,32678,149501,21069,277951,16590,8022,8568
50125,310660,32680,149517,21070,277980,16591,8022,8569
50130,310691,32682,149532,21072,278009,16592,8023,8569
50135,310722,32684,149547,21073,278038,16593,8024,8569
50140,310753,32686,149562,21074,278067,16594,8025,8569
50145,310784,32688,149575,21074,278096,16595,8025,8570
50150,310815,32690,149590,21075,278125,16596,8025,8571
50155,310846,32692,149602,21076,278154,16597,8025,8572
50160,310877,32694,149616,21077,278183,16598,8026,8572
50165,310908,32695,149633,21077,278213,16598,8026,8572
50170,310939,32696,149651,21077,278242,16598,8026,8572
50175,310970,32697,149666,21077,278273,16598,8026,8572
50180,311001,32698,149687,21078,278302,16598,8026,8572
50185,311032,32699,149698,21079,278333,16598,8026,8572
50190,311063,32700,149711,21079,278363,16598,8026,8572
50195,311094,32701,149727,21080,278393,16598,8026,8572
50200,311125,32704,149745,21082,278421,16598,8026,8572
50205,311156,32706,149758,21082,278449,16599,8026,8573
50210,311187,32715,149774,21089,278470,16600,8027,8573
50215,311218,32722,149789,21094,278495,16601,8028,8573
50220,311249,32727,149808,21098,278521,16602,8029,8573
50225,311280,32733,149823,21103,278547,16603,8029,8574
50230,311311,32737,149837,21106,278574,16604,8029,8575
50235,311342,32741,149847,21107,278601,16605,8029,8576
50240,311373,32744,149860,21108,278628,16606,8029,8577
50245,311404,32748,149878,21111,278655,16607,8030,8577
50250,311435,32753,149890,21114,278681,16608,8031,8577
50255,311466,32758,149903,21117,278708,16609,8031,8578
50260,311497,32760,149914,21118,278737,16610,8032,8578
50265,311528,32763,149930,21120,278765,16611,8033,8578
50270,311559,32768,149942,21124,278791,16613,8033,8580
50275,311590,32770,149962,21126,278820,16615,8034,8581
50280,311621,32772,149979,21127,278849,16617,8036,8581
50285,311652,32774,149998,21129,278878,16619,8036,8583
50290,311683,32776,150012,21129,278907,16621,8037,8584
50295,311714,32778,150029,21130,278936,16623,8038,8585
50300,311745,32780,150043,21132,278965,16625,8038,8587
50305,311776,32782,150060,21133,278994,16627,8040,8587
50310,311807,32784,150082,21134,279023,16629,8041,8588
50315,311838,32786,150094,21136,279052,16631,8042,8589
50320,311869,32788,150107,21138,279081,16633,8042,8591
50325,311900,32790,150125,21139,279109,16635,8043,8592
50330,311931,32792,150142,21141,279139,16637,8044,8593
50335,311962,32794,150158,21143,279168,16639,8046,8593
50340,311993,32796,150179,21144,279197,16641,8047,8594
50345,312024,32798,150193,21145,279226,16643,8048,8595
50350,312055,32800,150211,21146,279254,16645,8050,8595
50355,312086,32802,150226,21146,279284,16647,8050,8597
50360,312117,32806,150243,21147,279310,16649,8052,8597
50365,312148,32811,150259,21152,279337,16651,8053,8598
50370,312179,32815,150272,21153,279364,16653,8053,8600
50375,312210,32818,150289,21154,279392,16655,8053,8602
50380,312241,32822,150300,21156,279418,16657,8053,8604
50385,312272,32828,150318,21158,279442,16659,8054,8605
50390,312303,32834,150333,21161,279468,16661,8056,8605
50395,312334,32839,150351,21164,279494,16663,8056,8607
50400,312365,32844,150368,21167,279519,16665,8057,8608
50405,312396,32849,150376,21170,279547,16667,8058,8609
50410,312427,32853,150388,21171,279573,16669,8058,8611
50415,312458,32858,150405,21172,279598,16671,8059,8612
50420,312489,32863,150421,21176,279625,16673,8061,8612
50425,312520,32867,150434,21179,279652,16675,8061,8614
50430,312551,32871,150447,21181,279679,16677,8061,8616
50435,312582,32875,150462,21184,279706,16679,8061,8618
50440,312613,32878,150473,21185,279735,16681,8061,8620
50445,312644,32882,150488,21187,279762,16683,8062,8621
50450,312675,32886,150500,21190,279788,16685,8062,8623
50455,312706,32890,150513,21193,279816,16687,8063,8624
50460,312737,32894,150527,21196,279843,16689,8063,8626
50465,312768,32898,150538,21199,279870,16691,8064,8627
50470,312799,32904,150558,21205,279894,16693,8066,8627
50475,312830,32909,150576,21209,279921,16695,8066,8629
50480,312861,32911,150591,21211,279950,16697,8066,8631
50485,312892,32913,150603,21212,279979,16699,8066,8633
50490,312923,32915,150620,21213,280008,16701,8068,8633
50495,312954,32917,150631,21214,280037,16703,8069,8634
50500,312985,32919,150648,21216,280066,16705,8071,8634
50505,313016,32921,150662,21217,280095,16707,8072,8635
50510,313047,32923,150675,21217,280124,16709,8074,8635
50515,313078,32925,150689,21218,280153,16711,8075,8636
50520,313109,32927,150707,21219,280181,16713,8077,8636
50525,313140,32929,150721,21220,280211,16715,8078,8637
50530,313171,32931,150736,21222,280240,16717,8080,8637
50535,313202,32935,150751,21225,280266,16719,8081,8638
50540,313233,32941,150764,21229,280291,16721,8081,8640
50545,313264,32946,150780,21231,280318,16723,8083,8640
50550,313295,32950,150799,21234,280345,16725,8084,8641
50555,313326,32953,150814,21237,280372,16727,8084,8643
50560,313357,32958,150830,21240,280397,16729,8085,8644
50565,313388,32963,150848,21243,280423,16731,8086,8645
50570,313419,32969,150858,21247,280450,16733,8086,8647
50575,313450,32971,150873,21249,280478,16735,8086,8649
50580,313481,32974,150890,21252,280507,16737,8087,8650
50585,313512,32977,150907,21252,280535,16739,8088,8651
50590,313543,32980,150927,21253,280563,16741,8088,8653
50595,313574,32983,150939,21256,280591,16743,8089,8654
50600,313605,32986,150955,21257,280619,16745,8090,8655
50605,313636,32989,150972,21258,280647,16747,8091,8656
50610,313667,32992,150983,21260,280675,16749,8092,8657
50615,313698,32996,151003,21261,280702,16751,8093,8658
50620,313729,32999,151013,21262,280730,16753,8094,8659
50625,313760,33004,151026,21267,280756,16755,8095,8660
50630,313791,33007,151042,21268,280784,16757,8096,8661
50635,313822,33010,151056,21269,280812,16759,8096,8663
50640,313853,33015,151076,21273,280838,16761,8097,8664
50645,313884,33020,151093,21276,280864,16762,8097,8665
50650,313915,33024,151109,21279,280891,16763,8098,8665
50655,313946,33028,151125,21282,280918,16764,8099,8665
50660,313977,33031,151139,21282,280946,16765,8099,8666
50665,314008,33035,151156,21285,280973,16766,8100,8666
50670,314039,33038,151165,21286,281001,16767,8101,8666
50675,314070,33043,151183,21290,281027,16768,8102,8666
50680,314101,33046,151195,21291,281055,16769,8103,8666
50685,314132,33049,151211,21293,281083,16770,8104,8666
50690,314163,33052,151229,21295,281110,16771,8104,8667
50695,314194,33056,151241,21298,281137,16772,8105,8667
50700,314225,33062,151254,21303,281163,16773,8106,8667
50705,314256,33065,151267,21304,281191,16773,8106,8667
50710,314287,33069,151285,21306,281218,16773,8106,8667
50715,314318,33073,151302,21308,281244,16773,8106,8667
50720,314349,33078,151317,21312,281269,16773,8106,8667
50725,314380,33081,151328,21314,281298,16773,8106,8667
50730,314411,33084,151345,21316,281326,16773,8106,8667
50735,314442,33088,151360,21319,281354,16773,8106,8667
50740,314473,33092,151373,21320,281380,16773,8106,8667
50745,314504,33096,151387,21322,281406,16774,8107,8667
50750,314535,33100,151402,21325,281433,16775,8107,8668
50755,314566,33103,151418,21327,281462,16776,8108,8668
50760,314597,33105,151431,21329,281491,16777,8109,8668
50765,314628,33106,151442,21330,281522,16778,8109,8669
50770,314659,33107,151457,21330,281551,16779,8109,8670
50775,314690,33108,151471,21330,281581,16780,8109,8671
50780,314721,33109,151487,21331,281611,16781,8110,8671
50785,314752,33113,151504,21334,281639,16782,8111,8671
50790,314783,33116,151525,21337,281667,16783,8111,8672
50795,314814,33118,151544,21339,281696,16784,8112,8672
50800,314845,33120,151559,21340,281725,16785,8112,8673
50805,314876,33122,151570,21341,281753,16786,8113,8673
50810,314907,33125,151586,21343,281781,16788,8114,8674
50815,314938,33127,151598,21343,281810,16790,8115,8675
50820,314969,33129,151617,21343,281840,16792,8116,8676
50825,315000,33131,151632,21345,281869,16794,8117,8677
50830,315031,33134,151649,21347,281897,16796,8118,8678
50835,315062,33136,151660,21349,281926,16798,8119,8679
50840,315093,33140,151677,21352,281953,16800,8120,8680
50845,315124,33144,151699,21356,281979,16802,8122,8680
50850,315155,33149,151713,21359,282006,16804,8124,8680
50855,315186,33152,151727,21361,282034,16806,8125,8681
50860,315217,33155,151740,21362,282062,16808,8126,8682
50865,315248,33158,151751,21362,282090,16810,8128,8682
50870,315279,33162,151770,21364,282117,16812,8128,8684
50875,315310,33166,151790,21368,282144,16814,8129,8685
50880,315341,33170,151806,21372,282171,16816,8129,8687
50885,315372,33173,151820,21373,282199,16818,8130,8688
50890,315403,33176,151835,21374,282227,16820,8130,8690
50895,315434,33179,151852,21377,282255,16822,8132,8690
50900,315465,33182,151865,21379,282283,16824,8132,8692
50905,315496,33185,151878,21381,282310,16826,8132,8694
50910,315527,33188,151899,21384,282338,16828,8134,8694
50915,315558,33191,151918,21386,282367,16830,8135,8695
50920,315589,33194,151932,21389,282393,16832,8136,8696
50925,315620,33197,151944,21391,282423,16834,8136,8698
50930,315651,33200,151956,21392,282448,16836,8136,8700
50935,315682,33204,151969,21393,282478,16838,8136,8702
50940,315713,33207,151984,21396,282504,16840,8137,8703
50945,315744,33211,151997,21400,282533,16842,8138,8704
50950,315775,33214,152013,21401,282561,16844,8140,8704
50955,315806,33217,152026,21401,282589,16846,8141,8705
50960,315837,33221,152039,21404,282616,16848,8142,8706
50965,315868,33225,152051,21406,282642,16850,8144,8706
50970,315899,33231,152057,21408,282668,16852,8144,8708
50975,315930,33237,152077,21414,282692,16854,8145,8709
50980,315961,33242,152088,21415,282719,16856,8146,8710
50985,315992,33246,152098,21417,282746,16858,8147,8711
50990,316023,33254,152115,21422,282768,16860,8149,8711
50995,316054,33259,152130,21427,282795,16862,8149,8713
51000,316085,33266,152145,21431,282819,16864,8151,8713
51005,316116,33271,152160,21436,282844,16866,8151,8715
51010,316147,33274,152175,21439,282873,16868,8151,8717
51015,316178,33275,152186,21440,282903,16870,8151,8719
51020,316209,33276,152198,21441,282933,16872,8152,8720
51025,316240,33277,152211,21441,282963,16874,8152,8722
51030,316271,33278,152224,21441,282993,16876,8152,8724
51035,316302,33279,152234,21441,283023,16878,8152,8726
51040,316333,33280,152247,21442,283053,16880,8153,8727
51045,316364,33281,152267,21443,283083,16882,8154,8728
51050,316395,33282,152285,21443,283112,16884,8155,8729
51055,316426,33283,152294,21443,283142,16886,8156,8730
51060,316457,33284,152312,21443,283173,16888,8156,8732
51065,316488,33285,152327,21443,283203,16890,8158,8732
51070,316519,33286,152341,21443,283233,16892,8158,8734
51075,316550,33287,152353,21444,283263,16894,8158,8736
51080,316581,33288,152371,21444,283293,16896,8160,8736
51085,316612,33289,152386,21444,283323,16898,8162,8736
51090,316643,33290,152398,21445,283353,16900,8163,8737
51095,316674,33291,152413,21446,283383,16902,8163,8739
51100,316705,33292,152427,21447,283413,16904,8164,8740
51105,316736,33294,152440,21448,283442,16906,8166,8740
51110,316767,33297,152458,21451,283469,16908,8166,8742
51115,316798,33304,152475,21458,283494,16910,8167,8743
51120,316829,33312,152489,21464,283516,16912,8168,8744
51125,316860,33317,152506,21465,283543,16914,8169,8745
51130,316891,33323,152520,21467,283568,16916,8169,8747
51135,316922,33328,152537,21469,283593,16918,8170,8748
51140,316953,33336,152554,21474,283616,16920,8171,8749
51145,316984,33344,152569,21479,283640,16922,8171,8751
51150,317015,33349,152582,21483,283665,16924,8171,8753
51155,317046,33356,152597,21488,283690,16926,8171,8755
51160,317077,33362,152612,21492,283715,16928,8172,8756
51165,317108,33365,152624,21493,283742,16930,8172,8758
51170,317139,33367,152632,21493,283772,16932,8173,8759
51175,317170,33369,152645,21493,283801,16934,8174,8760
51180,317201,33371,152663,21494,283829,16936,8175,8761
51185,317232,33373,152676,21494,283858,16937,8176,8761
51190,317263,33375,152691,21496,283888,16938,8176,8762
51195,317294,33377,152711,21497,283917,16939,8177,8762
51200,317325,33379,152728,21498,283946,16940,8178,8762
51205,317356,33381,152740,21499,283975,16941,8179,8762
51210,317387,33383,152756,21499,284004,16942,8179,8763
51215,317418,33385,152768,21499,284033,16943,8180,8763
51220,317449,33387,152781,21500,284062,16944,8180,8764
51225,317480,33389,152792,21502,284091,16945,8180,8765
51230,317511,33391,152807,21503,284120,16946,8180,8766
51235,317542,33393,152824,21503,284148,16947,8180,8767
51240,317573,33395,152834,21503,284178,16948,8180,8768
51245,317604,33397,152848,21504,284207,16948,8180,8768
51250,317635,33399,152860,21505,284235,16948,8180,8768
51255,317666,33401,152875,21507,284264,16948,8180,8768
51260,317697,33403,152893,21507,284293,16948,8180,8768
51265,317728,33406,152911,21509,284321,16948,8180,8768
51270,317759,33412,152918,21511,284346,16948,8180,8768
51275,317790,33418,152932,21516,284371,16948,8180,8768
51280,317821,33424,152948,21519,284397,16948,8180,8768
51285,317852,33428,152960,21521,284424,16949,8180,8769
51290,317883,33433,152974,21525,284449,16950,8181,8769
51295,317914,33439,152987,21529,284474,16951,8181,8770
51300,317945,33445,153005,21532,284498,16952,8182,8770
51305,317976,33453,153015,21537,284521,16953,8182,8771
51310,318007,33462,153030,21544,284544,16954,8183,8771
51315,318038,33469,153042,21550,284568,16955,8184,8771
51320,318069,33475,153056,21554,284594,16956,8185,8771
51325,318100,33477,153070,21556,284623,16957,8185,8772
51330,318131,33479,153087,21556,284651,16958,8186,8772
51335,318162,33481,153097,21556,284681,16959,8186,8773
51340,318193,33483,153107,21558,284710,16960,8187,8773
51345,318224,33485,153119,21559,284739,16961,8188,8773
51350,318255,33487,153136,21560,284768,16963,8188,8775
51355,318286,33489,153153,21561,284797,16965,8189,8776
51360,318317,33491,153163,21561,284826,16967,8191,8776
51365,318348,33493,153182,21563,284855,16969,8193,8776
51370,318379,33495,153200,21563,284884,16971,8193,8778
51375,318410,33497,153214,21564,284913,16973,8193,8780
51380,318441,33499,153228,21566,284942,16975,8193,8782
51385,318472,33501,153241,21566,284971,16977,8195,8782
51390,318503,33503,153258,21566,285000,16979,8196,8783
51395,318534,33505,153268,21567,285029,16981,8197,8784
51400,318565,33507,153284,21567,285058,16983,8199,8784
51405,318596,33509,153300,21568,285087,16985,8199,8786
51410,318627,33511,153314,21570,285116,16987,8201,8786
51415,318658,33513,153334,21572,285143,16989,8202,8787
51420,318689,33515,153347,21573,285173,16991,8202,8789
51425,318720,33520,153364,21576,285198,16993,8203,8790
51430,318751,33525,153376,21579,285223,16995,8203,8792
51435,318782,33531,153388,21583,285249,16997,8205,8792
51440,318813,33537,153401,21585,285274,16999,8207,8792
51445,318844,33543,153418,21589,285300,17001,8208,8793
51450,318875,33547,153434,21593,285325,17003,8208,8795
51455,318906,33555,153451,21599,285349,17005,8210,8795
51460,318937,33560,153468,21604,285377,17007,8212,8795
51465,318968,33564,153481,21607,285404,17009,8212,8797
51470,318999,33568,153495,21609,285431,17011,8212,8799
51475,319030,33572,153508,21610,285458,17013,8213,8800
51480,319061,33576,153526,21613,285485,17015,8215,8800
51485,319092,33581,153545,21616,285511,17017,8217,8800
51490,319123,33586,153562,21619,285537,17019,8218,8801
51495,319154,33590,153580,21622,285564,17021,8219,8802
51500,319185,33594,153595,21626,285591,17023,8221,8802
51505,319216,33599,153612,21630,285617,17025,8222,8803
51510,319247,33603,153623,21632,285644,17027,8223,8804
51515,319278,33605,153635,21632,285673,17029,8224,8805
51520,319309,33607,153647,21633,285701,17031,8224,8807
51525,319340,33609,153666,21635,285731,17033,8224,8809
51530,319371,33611,153678,21636,285760,17035,8224,8811
51535,319402,33613,153688,21637,285789,17037,8224,8813
51540,319433,33615,153702,21639,285818,17039,8224,8815
51545,319464,33617,153721,21639,285847,17041,8225,8816
51550,319495,33619,153742,21640,285876,17043,8227,8816
51555,319526,33621,153755,21641,285905,17045,8228,8817
51560,319557,33623,153770,21642,285934,17047,8229,8818
51565,319588,33625,153791,21643,285963,17049,8230,8819
51570,319619,33628,153808,21644,285991,17051,8232,8819
51575,319650,33631,153824,21646,286019,17053,8233,8820
51580,319681,33634,153840,21647,286047,17055,8235,8820
51585,319712,33637,153854,21650,286073,17057,8235,8822
51590,319743,33640,153868,21651,286102,17059,8236,8823
51595,319774,33644,153884,21653,286130,17061,8238,8823
51600,319805,33647,153900,21656,286157,17063,8239,8824
51605,319836,33652,153918,21661,286182,17065,8241,8824
51610,319867,33657,153931,21664,286209,17067,8241,8826
51615,319898,33661,153939,21665,286236,17069,8241,8828
51620,319929,33665,153955,21665,286262,17071,8242,8829
51625,319960,33671,153970,21669,286288,17073,8243,8830
51630,319991,33676,153986,21673,286315,17075,8243,8832
51635,320022,33682,154007,21678,286338,17077,8245,8832
51640,320053,33691,154022,21684,286362,17079,8246,8833
51645,320084,33695,154039,21685,286389,17081,8246,8835
51650,320115,33700,154056,21688,286415,17083,8247,8836
51655,320146,33704,154071,21690,286442,17085,8248,8837
51660,320177,33708,154086,21692,286469,17087,8249,8838
51665,320208,33711,154102,21693,286497,17089,8249,8840
51670,320239,33714,154121,21695,286525,17091,8250,8841
51675,320270,33717,154135,21696,286553,17093,8250,8843
51680,320301,33720,154149,21696,286581,17095,8250,8845
51685,320332,33723,154168,21699,286609,17097,8251,8846
51690,320363,33726,154182,21700,286637,17099,8253,8846
51695,320394,33729,154202,21703,286665,17101,8254,8847
51700,320425,33732,154219,21704,286693,17103,8255,8848
51705,320456,33735,154239,21706,286720,17105,8256,8849
51710,320487,33738,154255,21706,286749,17107,8257,8850
51715,320518,33741,154279,21708,286776,17109,8259,8850
51720,320549,33745,154297,21711,286804,17111,8259,8852
51725,320580,33748,154311,21713,286832,17112,8259,8853
51730,320611,33751,154330,21714,286860,17113,8259,8854
51735,320642,33756,154345,21718,286886,17114,8259,8855
51740,320673,33758,154355,21719,286915,17115,8259,8856
51745,320704,33760,154366,21719,286943,17116,8259,8857
51750,320735,33764,154380,21722,286969,17117,8260,8857
51755,320766,33768,154393,21724,286997,17118,8260,8858
51760,320797,33772,154409,21725,287024,17119,8261,8858
51765,320828,33776,154424,21727,287051,17120,8261,8859
51770,320859,33780,154438,21730,287078,17121,8262,8859
51775,320890,33784,154450,21732,287106,17122,8262,8860
51780,320921,33787,154463,21735,287133,17123,8263,8860
51785,320952,33790,154482,21737,287161,17123,8263,8860
51790,320983,33793,154497,21739,287188,17123,8263,8860
51795,321014,33796,154507,21740,287217,17123,8263,8860
51800,321045,33800,154526,21744,287243,17123,8263,8860
51805,321076,33804,154543,21748,287269,17123,8263,8860
51810,321107,33807,154561,21751,287299,17123,8263,8860
51815,321138,33808,154574,21752,287330,17123,8263,8860
51820,321169,33809,154589,21753,287360,17123,8263,8860
51825,321200,33810,154603,21754,287390,17124,8263,8861
51830,321231,33811,154617,21755,287419,17125,8264,8861
51835,321262,33812,154629,21755,287450,17126,8265,8861
51840,321293,33815,154641,21757,287478,17127,8265,8862
51845,321324,33818,154651,21759,287506,17128,8265,8863
51850,321355,33821,154672,21762,287533,17129,8265,8864
51855,321386,33823,154689,21763,287563,17130,8265,8865
51860,321417,33824,154708,21763,287592,17131,8266,8865
51865,321448,33825,154720,21763,287623,17132,8266,8866
51870,321479,33826,154733,21763,287653,17133,8267,8866
51875,321510,33827,154751,21763,287682,17134,8267,8867
51880,321541,33828,154768,21764,287713,17135,8268,8867
51885,321572,33829,154780,21764,287743,17136,8268,8868
51890,321603,33831,154797,21765,287772,17138,8269,8869
51895,321634,33833,154814,21765,287801,17140,8270,8870
51900,321665,33835,154830,21767,287830,17142,8271,8871
51905,321696,33838,154850,21770,287858,17144,8272,8872
51910,321727,33841,154869,21771,287886,17146,8274,8872
51915,321758,33846,154885,21775,287912,17148,8276,8872
51920,321789,33849,154898,21777,287940,17150,8277,8873
51925,321820,33852,154916,21779,287967,17152,8278,8874
51930,321851,33858,154934,21784,287993,17154,8280,8874
51935,321882,33862,154952,21786,288020,17156,8281,8875
51940,321913,33865,154968,21788,288047,17158,8282,8876
51945,321944,33869,154982,21790,288073,17160,8283,8877
51950,321975,33875,154997,21795,288098,17162,8284,8878
51955,322006,33880,155018,21800,288124,17164,8284,8880
51960,322037,33886,155028,21804,288151,17166,8286,8880
51965,322068,33889,155043,21805,288179,17168,8287,8881
51970,322099,33892,155056,21807,288206,17170,8288,8882
51975,322130,33895,155073,21810,288235,17172,8288,8884
51980,322161,33897,155087,21810,288264,17174,8288,8886
51985,322192,33899,155103,21811,288293,17176,8289,8887
51990,322223,33901,155119,21812,288322,17178,8290,8888
51995,322254,33903,155136,21812,288351,17180,8290,8890
52000,322285,33905,155148,21814,288380,17182,8292,8890
52005,322316,33907,155165,21815,288408,17184,8293,8891
52010,322347,33909,155184,21815,288437,17186,8293,8893
52015,322378,33911,155196,21815,288467,17188,8295,8893
52020,322409,33913,155211,21817,288495,17190,8297,8893
52025,322440,33915,155228,21819,288524,17192,8298,8894
52030,322471,33917,155240,21819,288554,17194,8298,8896
52035,322502,33919,155251,21819,288582,17196,8299,8897
52040,322533,33921,155265,21820,288611,17198,8299,8899
52045,322564,33924,155282,21822,288640,17200,8301,8899
52050,322595,33927,155294,21822,288667,17202,8302,8900
52055,322626,33930,155307,21825,288696,17204,8303,8901
52060,322657,33933,155322,21828,288724,17206,8303,8903
52065,322688,33936,155337,21831,288752,17208,8305,8903
52070,322719,33939,155350,21833,288780,17210,8305,8905
52075,322750,33943,155367,21837,288806,17212,8305,8907
52080,322781,33948,155383,21839,288833,17214,8306,8908
52085,322812,33953,155398,21841,288859,17216,8307,8909
52090,322843,33959,155413,21847,288883,17218,8307,8911
52095,322874,33966,155430,21853,288908,17220,8309,8911
52100,322905,33972,155444,21859,288932,17222,8309,8913
52105,322936,33979,155459,21864,288956,17224,8311,8913
52110,322967,33985,155479,21869,288981,17226,8313,8913
52115,322998,33994,155494,21875,289003,17228,8313,8915
52120,323029,34000,155506,21879,289028,17230,8313,8917
52125,323060,34004,155521,21882,289056,17232,8315,8917
52130,323091,34008,155537,21884,289082,17234,8316,8918
52135,323122,34012,155552,21886,289109,17236,8317,8919
52140,323153,34015,155561,21888,289138,17238,8317,8921
52145,323184,34017,155575,21889,289167,17240,8317,8923
52150,323215,34019,155585,21891,289196,17242,8317,8925
52155,323246,34021,155601,21892,289225,17244,8318,8926
52160,323277,34023,155618,21892,289254,17246,8319,8927
52165,323308,34025,155634,21894,289282,17248,8320,8928
52170,323339,34027,155647,21895,289311,17250,8320,8930
52175,323370,34029,155660,21895,289340,17252,8321,8931
52180,323401,34031,155676,21895,289370,17254,8323,8931
52185,323432,34033,155692,21895,289398,17256,8324,8932
52190,323463,34035,155708,21895,289428,17258,8325,8933
52195,323494,34037,155725,21895,289456,17260,8327,8933
52200,323525,34039,155743,21895,289486,17262,8329,8933
52205,323556,34041,155756,21896,289515,17264,8329,8935
52210,323587,34043,155778,21898,289544,17266,8331,8935
52215,323618,34045,155793,21898,289573,17268,8332,8936
52220,323649,34047,155809,21899,289602,17270,8333,8937
52225,323680,34049,155826,21900,289631,17272,8334,8938
52230,323711,34052,155841,21902,289659,17274,8335,8939
52235,323742,34056,155856,21905,289686,17276,8336,8940
52240,323773,34061,155872,21907,289711,17278,8337,8941
52245,323804,34069,155890,21913,289733,17280,8337,8943
52250,323835,34077,155901,21918,289758,17282,8337,8945
52255,323866,34082,155917,21921,289783,17284,8338,8946
52260,323897,34087,155930,21924,289809,17286,8339,8947
52265,323928,34095,155946,21929,289832,17288,8340,8948
52270,323959,34102,155965,21935,289855,17290,8340,8950
52275,323990,34106,155980,21938,289884,17292,8342,8950
52280,324021,34110,155994,21941,289910,17294,8343,8951
52285,324052,34113,156008,21942,289937,17296,8343,8953
52290,324083,34118,156021,21946,289965,17298,8345,8953
52295,324114,34121,156033,21948,289991,17300,8346,8954
52300,324145,34126,156048,21952,290018,17302,8348,8954
52305,324176,34130,156063,21955,290045,17304,8349,8955
52310,324207,34132,156083,21956,290075,17306,8351,8955
52315,324238,34134,156100,21957,290104,17308,8351,8957
52320,324269,34136,156112,21959,290133,17310,8352,8958
52325,324300,34138,156127,21960,290161,17310,8352,8958
52330,324331,34140,156138,21961,290191,17310,8352,8958
52335,324362,34142,156150,21962,290219,17310,8352,8958
52340,324393,34144,156162,21963,290249,17310,8352,8958
52345,324424,34146,156180,21964,290277,17310,8352,8958
52350,324455,34148,156195,21965,290306,17310,8352,8958
52355,324486,34150,156210,21967,290335,17310,8352,8958
52360,324517,34152,156225,21969,290364,17310,8352,8958
52365,324548,34154,156238,21970,290393,17310,8352,8958
52370,324579,34156,156255,21970,290422,17310,8352,8958
52375,324610,34159,156267,21971,290451,17310,8352,8958
52380,324641,34163,156281,21974,290477,17310,8352,8958
52385,324672,34166,156296,21976,290506,17310,8352,8958
52390,324703,34169,156314,21977,290534,17310,8352,8958
52395,324734,34172,156328,21979,290562,17310,8352,8958
52400,324765,34175,156340,21981,290590,17310,8352,8958
52405,324796,34178,156356,21983,290618,17310,8352,8958
52410,324827,34181,156373,21985,290646,17310,8352,8958
52415,324858,34185,156391,21988,290673,17310,8352,8958
52420,324889,34189,156409,21992,290700,17310,8352,8958
52425,324920,34194,156419,21994,290726,17311,8352,8959
52430,324951,34199,156436,21998,290750,17313,8352,8961
52435,324982,34207,156447,22004,290774,17315,8352,8963
52440,325013,34215,156464,22010,290796,17317,8353,8964
52445,325044,34223,156480,22016,290818,17319,8353,8966
52450,325075,34228,156497,22020,290846,17321,8354,8967
52455,325106,34231,156516,22022,290874,17323,8355,8968
52460,325137,34234,156529,22025,290902,17325,8355,8970
52465,325168,34237,156546,22028,290931,17327,8357,8970
52470,325199,34240,156561,22030,290958,17329,8358,8971
52475,325230,34244,156575,22032,290984,17331,8360,8971
52480,325261,34248,156589,22035,291013,17333,8360,8973
52485,325292,34251,156606,22037,291041,17335,8362,8973
52490,325323,34254,156625,22039,291068,17337,8363,8974
52495,325354,34258,156641,22043,291096,17339,8364,8975
52500,325385,34261,156653,22043,291124,17341,8365,8976
52505,325416,34264,156666,22043,291151,17343,8365,8978
52510,325447,34268,156681,22047,291179,17345,8366,8979
52515,325478,34273,156695,22050,291203,17347,8368,8979
52520,325509,34277,156714,22054,291232,17349,8369,8980
52525,325540,34279,156726,22055,291261,17351,8370,8981
52530,325571,34281,156740,22055,291290,17353,8372,8981
52535,325602,34283,156757,22056,291319,17355,8372,8983
52540,325633,34285,156775,22057,291347,17357,8373,8984
52545,325664,34287,156791,22058,291376,17359,8375,8984
52550,325695,34289,156805,22059,291406,17361,8376,8985
52555,325726,34292,156818,22061,291433,17363,8376,8987
52560,325757,34297,156835,22065,291459,17365,8377,8988
52565,325788,34301,156849,22068,291486,17367,8377,8990
52570,325819,34305,156864,22072,291513,17369,8377,8992
52575,325850,34312,156877,22076,291538,17371,8379,8992
52580,325881,34318,156890,22080,291563,17373,8380,8993
52585,325912,34322,156907,22082,291590,17375,8381,8994
52590,325943,34324,156926,22083,291618,17377,8382,8995
52595,325974,34326,156946,22083,291647,17379,8383,8996
52600,326005,34328,156961,22083,291677,17381,8383,8998
52605,326036,34330,156979,22085,291706,17383,8384,8999
52610,326067,34332,156994,22086,291735,17385,8384,9001
52615,326098,34334,157009,22087,291764,17387,8385,9002
52620,326129,34336,157023,22089,291792,17389,8387,9002
52625,326160,34340,157037,22091,291820,17391,8388,9003
52630,326191,34343,157054,22093,291847,17393,8389,9004
52635,326222,34348,157070,22098,291874,17395,8390,9005
52640,326253,34352,157090,22100,291901,17397,8391,9006
52645,326284,34356,157106,22103,291928,17399,8391,9008
52650,326315,34360,157119,22105,291954,17401,8392,9009
52655,326346,34364,157137,22108,291982,17403,8393,9010
52660,326377,34367,157153,22109,292010,17405,8393,9012
52665,326408,34371,157165,22110,292037,17407,8395,9012
52670,326439,34374,157178,22113,292064,17409,8396,9013
52675,326470,34377,157190,22115,292093,17411,8397,9014
52680,326501,34380,157203,22116,292120,17413,8398,9015
52685,326532,34383,157219,22118,292149,17415,8398,9017
52690,326563,34387,157232,22121,292176,17417,8398,9019
52695,326594,34390,157248,22123,292203,17419,8399,9020
52700,326625,34394,157260,22124,292231,17421,8399,9022
52705,326656,34398,157270,22126,292258,17423,8399,9024
52710,326687,34402,157282,22128,292285,17425,8400,9025
52715,326718,34407,157299,22132,292310,17427,8402,9025
52720,326749,34412,157312,22135,292337,17429,8402,9027
52725,326780,34415,157326,22137,292364,17431,8404,9027
52730,326811,34420,157337,22141,292390,17433,8404,9029
52735,326842,34425,157353,22145,292417,17435,8404,9031
52740,326873,34426,157369,22146,292447,17437,8405,9032
52745,326904,34427,157381,22146,292477,17439,8406,9033
52750,326935,34428,157394,22146,292507,17441,8407,9034
52755,326966,34429,157411,22147,292536,17443,8409,9034
52760,326997,34430,157427,22147,292567,17445,8409,9036
52765,327028,34431,157447,22147,292597,17447,8409,9038
52770,327059,34432,157459,22148,292627,17449,8409,9040
52775,327090,34433,157473,22149,292657,17451,8409,9042
52780,327121,34434,157485,22149,292687,17453,8410,9043
52785,327152,34435,157499,22149,292717,17455,8410,9045
52790,327183,34437,157509,22151,292746,17457,8411,9046
52795,327214,34439,157523,22152,292775,17459,8412,9047
52800,327245,34441,157534,22152,292804,17461,8412,9049
52805,327276,34443,157544,22153,292833,17463,8412,9051
52810,327307,34445,157560,22154,292861,17465,8412,9053
52815,327338,34449,157575,22157,292888,17467,8414,9053
52820,327369,34453,157592,22161,292916,17469,8415,9054
52825,327400,34457,157607,22164,292943,17471,8417,9054
52830,327431,34461,157623,22165,292968,17473,8417,9056
52835,327462,34466,157634,22167,292995,17475,8417,9058
52840,327493,34472,157652,22171,293020,17477,8419,9058
52845,327524,34477,157664,22173,293045,17479,8420,9059
52850,327555,34482,157675,22177,293071,17481,8420,9061
52855,327586,34487,157690,22180,293095,17483,8421,9062
52860,327617,34495,157708,22187,293120,17485,8422,9063
52865,327648,34498,157726,22190,293149,17487,8423,9064
52870,327679,34501,157740,22192,293178,17489,8425,9064
52875,327710,34504,157754,22194,293205,17491,8426,9065
52880,327741,34508,157772,22197,293233,17493,8428,9065
52885,327772,34512,157786,22200,293260,17495,8430,9065
52890,327803,34515,157799,22203,293288,17497,8432,9065
52895,327834,34519,157815,22206,293315,17499,8433,9066
52900,327865,34521,157831,22207,293344,17501,8434,9067
52905,327896,34522,157848,22208,293374,17503,8436,9067
52910,327927,34523,157863,22208,293404,17505,8436,9069
52915,327958,34524,157877,22208,293434,17507,8437,9070
52920,327989,34525,157892,22208,293464,17509,8437,9072
52925,328020,34526,157913,22209,293494,17510,8438,9072
52930,328051,34527,157925,22209,293524,17511,8439,9072
52935,328082,34528,157938,22210,293554,17512,8440,9072
52940,328113,34529,157952,22210,293584,17513,8441,9072
52945,328144,34530,157967,22211,293614,17514,8442,9072
52950,328175,34531,157978,22211,293644,17515,8442,9073
52955,328206,34532,157993,22211,293674,17516,8443,9073
52960,328237,34533,158007,22211,293704,17517,8444,9073
52965,328268,34535,158027,22211,293731,17518,8444,9074
52970,328299,34540,158041,22214,293759,17519,8445,9074
52975,328330,34544,158058,22218,293786,17520,8446,9074
52980,328361,34547,158071,22218,293814,17521,8447,9074
52985,328392,34550,158087,22220,293841,17521,8447,9074
52990,328423,34554,158105,22223,293868,17521,8447,9074
52995,328454,34558,158116,22225,293896,17521,8447,9074
53000,328485,34562,158131,22227,293923,17521,8447,9074
53005,328516,34567,158148,22229,293948,17521,8447,9074
53010,328547,34573,158161,22232,293974,17521,8447,9074
53015,328578,34577,158179,22234,294001,17521,8447,9074
53020,328609,34581,158197,22237,294027,17521,8447,9074
53025,328640,34588,158210,22242,294051,17521,8447,9074
53030,328671,34594,158224,22246,294076,17522,8448,9074
53035,328702,34599,158237,22251,294101,17523,8448,9075
53040,328733,34602,158250,22252,294130,17524,8449,9075
53045,328764,34605,158264,22254,294158,17525,8450,9075
53050,328795,34608,158283,22257,294187,17526,8450,9076
53055,328826,34611,158294,22259,294214,17527,8450,9077
53060,328857,34615,158306,22261,294242,17528,8450,9078
53065,328888,34619,158323,22263,294269,17529,8451,9078
53070,328919,34623,158338,22265,294295,17530,8451,9079
53075,328950,34629,158355,22270,294321,17531,8451,9080
53080,328981,34635,158364,22273,294345,17532,8451,9081
53085,329012,34637,158384,22273,294374,17534,8453,9081
53090,329043,34639,158400,22274,294404,17536,8454,9082
53095,329074,34641,158415,22275,294433,17538,8456,9082
53100,329105,34643,158431,22277,294460,17540,8458,9082
53105,329136,34645,158446,22278,294491,17542,8459,9083
53110,329167,34647,158462,22279,294520,17544,8460,9084
53115,329198,34649,158481,22281,294549,17546,8462,9084
53120,329229,34651,158497,22282,294578,17548,8462,9086
53125,329260,34653,158510,22283,294607,17550,8462,9088
53130,329291,34655,158525,22284,294636,17552,8462,9090
53135,329322,34657,158539,22286,294665,17554,8463,9091
53140,329353,34662,158553,22291,294691,17556,8463,9093
53145,329384,34666,158568,22293,294718,17558,8465,9093
53150,329415,34671,158587,22297,294743,17560,8466,9094
53155,329446,34677,158605,22301,294768,17562,8468,9094
53160,329477,34682,158620,22306,294793,17564,8469,9095
53165,329508,34687,158634,22308,294821,17566,8469,9097
53170,329539,34690,158648,22308,294849,17568,8469,9099
53175,329570,34693,158661,22308,294877,17570,8471,9099
53180,329601,34696,158676,22310,294905,17572,8473,9099
53185,329632,34699,158692,22313,294933,17574,8473,9101
53190,329663,34703,158711,22316,294960,17576,8474,9102
53195,329694,34707,158726,22319,294987,17578,8475,9103
53200,329725,34711,158741,22320,295013,17580,8475,9105
53205,329756,34716,158754,22323,295036,17582,8475,9107
53210,329787,34720,158774,22327,295064,17584,8477,9107
53215,329818,34723,158785,22328,295092,17586,8479,9107
53220,329849,34726,158802,22330,295122,17588,8481,9107
53225,329880,34730,158819,22332,295149,17590,8482,9108
53230,329911,34734,158835,22335,295176,17592,8483,9109
53235,329942,34739,158849,22338,295203,17594,8485,9109
53240,329973,34744,158859,22340,295229,17596,8486,9110
53245,330004,34747,158873,22342,295256,17598,8487,9111
53250,330035,34754,158890,22348,295281,17600,8488,9112
53255,330066,34759,158907,22353,295307,17602,8489,9113
53260,330097,34763,158921,22355,295334,17604,8490,9114
53265,330128,34765,158934,22356,295363,17606,8490,9116
53270,330159,34767,158948,22356,295392,17608,8492,9116
53275,330190,34769,158968,22357,295421,17610,8494,9116
53280,330221,34771,158982,22358,295450,17612,8496,9116
53285,330252,34773,158994,22360,295479,17614,8496,9118
53290,330283,34775,159007,22361,295508,17616,8497,9119
53295,330314,34777,159017,22361,295537,17618,8498,9120
53300,330345,34779,159031,22361,295566,17620,8498,9122
53305,330376,34781,159045,22361,295595,17622,8499,9123
53310,330407,34783,159061,22363,295623,17624,8500,9124
53315,330438,34788,159075,22367,295650,17626,8500,9126
53320,330469,34791,159093,22369,295678,17628,8502,9126
53325,330500,34796,159109,22372,295703,17630,8504,9126
53330,330531,34804,159126,22379,295725,17632,8505,9127
53335,330562,34812,159138,22386,295748,17634,8506,9128
53340,330593,34817,159158,22389,295776,17636,8507,9129
53345,330624,34819,159173,22390,295805,17638,8509,9129
53350,330655,34821,159187,22391,295834,17640,8511,9129
53355,330686,34823,159205,22392,295861,17642,8512,9130
53360,330717,34825,159218,22392,295892,17644,8513,9131
53365,330748,34827,159231,22394,295921,17646,8513,9133
53370,330779,34830,159243,22395,295949,17648,8514,9134
53375,330810,34833,159255,22396,295977,17650,8514,9136
53380,330841,34836,159268,22397,296004,17652,8514,9138
53385,330872,34839,159287,22399,296033,17654,8514,9140
53390,330903,34843,159297,22401,296060,17656,8514,9142
53395,330934,34846,159310,22402,296088,17658,8515,9143
53400,330965,34850,159325,22405,296114,17660,8516,9144
53405,330996,34853,159339,22406,296142,17662,8516,9146
53410,331027,34856,159351,22407,296171,17664,8517,9147
53415,331058,34860,159367,22409,296196,17666,8519,9147
53420,331089,34866,159383,22413,296222,17668,8520,9148
53425,331120,34871,159400,22417,296249,17670,8522,9148
53430,331151,34875,159415,22420,296276,17672,8524,9148
53435,331182,34879,159434,22423,296303,17674,8526,9148
53440,331213,34882,159447,22425,296331,17676,8527,9149
53445,331244,34886,159464,22428,296357,17678,8528,9150
53450,331275,34891,159478,22432,296384,17680,8529,9151
53455,331306,34896,159492,22434,296408,17682,8529,9153
53460,331337,34903,159508,22438,296432,17684,8529,9155
53465,331368,34909,159523,22442,296458,17685,8529,9156
53470,331399,34915,159537,22447,296483,17686,8529,9157
53475,331430,34918,159551,22450,296512,17687,8530,9157
53480,331461,34920,159560,22451,296541,17688,8530,9158
53485,331492,34922,159573,22452,296570,17689,8530,9159
53490,331523,34924,159588,22454,296599,17690,8530,9160
53495,331554,34926,159607,22456,296628,17691,8531,9160
53500,331585,34928,159619,22456,296657,17692,8531,9161
53505,331616,34930,159631,22457,296686,17693,8531,9162
53510,331647,34932,159643,22459,296715,17694,8531,9163
53515,331678,34934,159661,22460,296744,17695,8531,9164
53520,331709,34936,159674,22461,296772,17696,8532,9164
53525,331740,34937,159689,22461,296803,17697,8532,9165
53530,331771,34938,159705,22461,296833,17698,8533,9165
53535,331802,34939,159722,22461,296863,17699,8533,9166
53540,331833,34940,159741,22461,296893,17700,8534,9166
53545,331864,34941,159758,22461,296923,17701,8535,9166
53550,331895,34942,159774,22462,296953,17702,8535,9167
53555,331926,34944,159790,22464,296981,17703,8536,9167
53560,331957,34948,159802,22468,297008,17704,8536,9168
53565,331988,34951,159820,22471,297036,17705,8537,9168
53570,332019,34954,159839,22473,297064,17707,8538,9169
53575,332050,34958,159858,22477,297090,17709,8540,9169
53580,332081,34960,159874,22478,297119,17711,8541,9170
53585,332112,34967,159888,22484,297145,17712,8542,9170
53590,332143,34972,159902,22487,297169,17713,8543,9170
53595,332174,34977,159918,22490,297197,17714,8544,9170
53600,332205,34982,159930,22492,297223,17715,8545,9170
53605,332236,34984,159941,22493,297252,17716,8545,9171
53610,332267,34987,159953,22494,297278,17717,8546,9171
53615,332298,34992,159967,22499,297305,17718,8547,9171
53620,332329,34996,159980,22502,297333,17719,8547,9172
53625,332360,35000,159996,22506,297358,17720,8548,9172
53630,332391,35004,160012,22510,297386,17721,8548,9173
53635,332422,35006,160026,22510,297416,17722,8548,9174
53640,332453,35008,160041,22510,297445,17723,8549,9174
53645,332484,35010,160060,22512,297474,17724,8549,9175
53650,332515,35012,160072,22513,297503,17725,8550,9175
53655,332546,35014,160089,22515,297532,17726,8551,9175
53660,332577,35016,160106,22515,297561,17727,8552,9175
53665,332608,35018,160123,22517,297590,17728,8552,9176
53670,332639,35020,160136,22517,297619,17729,8553,9176
53675,332670,35022,160148,22518,297648,17730,8553,9177
53680,332701,35024,160162,22518,297677,17731,8554,9177
53685,332732,35026,160178,22520,297706,17733,8555,9178
53690,332763,35028,160195,22520,297735,17735,8556,9179
53695,332794,35030,160213,22522,297764,17737,8558,9179
53700,332825,35032,160229,22522,297793,17739,8558,9181
53705,332856,35034,160243,22522,297822,17741,8558,9183
53710,332887,35037,160261,22523,297849,17743,8559,9184
53715,332918,35040,160274,22524,297878,17745,8559,9186
53720,332949,35043,160288,22525,297906,17747,8560,9187
53725,332980,35047,160299,22528,297933,17749,8560,9189
53730,333011,35052,160312,22532,297959,17751,8562,9189
53735,333042,35055,160327,22533,297986,17753,8563,9190
53740,333073,35061,160341,22536,298011,17755,8564,9191
53745,333104,35066,160358,22538,298037,17757,8565,9192
53750,333135,35071,160369,22542,298064,17759,8565,9194
53755,333166,35077,160386,22545,298087,17761,8567,9194
53760,333197,35085,160402,22550,298110,17763,8567,9196
53765,333228,35093,160415,22557,298134,17765,8569,9196
53770,333259,35099,160426,22561,298160,17767,8571,9196
53775,333290,35107,160447,22567,298181,17769,8572,9197
53780,333321,35112,160458,22570,298207,17771,8572,9199
53785,333352,35116,160473,22572,298236,17773,8573,9200
53790,333383,35118,160486,22573,298265,17775,8573,9202
53795,333414,35120,160503,22574,298294,17777,8574,9203
53800,333445,35122,160512,22574,298323,17779,8574,9205
53805,333476,35124,160527,22575,298352,17781,8575,9206
53810,333507,35126,160543,22576,298381,17783,8576,9207
53815,333538,35128,160558,22577,298410,17785,8576,9209
53820,333569,35130,160576,22577,298439,17787,8577,9210
53825,333600,35131,160590,22577,298469,17789,8577,9212
53830,333631,35132,160604,22578,298499,17791,8579,9212
53835,333662,35133,160622,22578,298529,17793,8579,9214
53840,333693,35134,160643,22579,298559,17795,8581,9214
53845,333724,35135,160654,22579,298589,17797,8581,9216
53850,333755,35136,160667,22579,298619,17799,8581,9218
53855,333786,35137,160685,22580,298649,17801,8583,9218
53860,333817,35138,160699,22580,298679,17803,8583,9220
53865,333848,35139,160709,22580,298709,17805,8584,9221
53870,333879,35140,160725,22580,298739,17807,8584,9223
53875,333910,35141,160739,22580,298769,17809,8586,9223
53880,333941,35142,160752,22580,298799,17811,8586,9225
53885,333972,35144,160768,22581,298828,17813,8586,9227
53890,334003,35147,160785,22582,298856,17815,8587,9228
53895,334034,35150,160803,22584,298884,17817,8589,9228
53900,334065,35153,160818,22585,298911,17819,8590,9229
53905,334096,35157,160830,22587,298938,17821,8590,9231
53910,334127,35161,160841,22588,298966,17823,8590,9233
53915,334158,35164,160857,22589,298993,17825,8592,9233
53920,334189,35169,160877,22593,299019,17827,8593,9234
53925,334220,35174,160893,22595,299044,17829,8595,9234
53930,334251,35181,160906,22600,299069,17831,8596,9235
53935,334282,35189,160920,22605,299092,17833,8597,9236
53940,334313,35196,160934,22610,299114,17835,8598,9237
53945,334344,35205,160945,22617,299139,17837,8599,9238
53950,334375,35209,160960,22619,299166,17839,8600,9239
53955,334406,35212,160969,22621,299193,17841,8600,9241
53960,334437,35216,160986,22624,299220,17843,8600,9243
53965,334468,35222,161003,22628,299246,17845,8602,9243
53970,334499,35226,161017,22630,299273,17847,8604,9243
53975,334530,35228,161032,22630,299302,17849,8604,9245
53980,334561,35230,161049,22631,299331,17851,8604,9247
53985,334592,35232,161067,22633,299360,17853,8606,9247
53990,334623,35234,161080,22634,299389,17855,8607,9248
53995,334654,35236,161095,22634,299418,17857,8608,9249
54000,334685,35238,161110,22635,299447,17859,8608,9251
54005,334716,35240,161125,22636,299476,17860,8609,9251
54010,334747,35242,161141,22636,299505,17861,8610,9251
54015,334778,35244,161154,22637,299534,17862,8611,9251
54020,334809,35246,161166,22638,299563,17863,8611,9252
54025,334840,35248,161179,22638,299592,17864,8611,9253
54030,334871,35250,161191,22638,299621,17865,8611,9254
54035,334902,35252,161202,22638,299650,17866,8611,9255
54040,334933,35254,161222,22640,299679,17867,8612,9255
54045,334964,35256,161239,22642,299707,17868,8613,9255
54050,334995,35258,161249,22642,299737,17869,8614,9255
54055,335026,35262,161266,22646,299764,17870,8614,9256
54060,335057,35266,161284,22649,299791,17871,8615,9256
54065,335088,35269,161297,22651,299819,17872,8616,9256
54070,335119,35272,161310,22652,299847,17873,8616,9257
54075,335150,35276,161326,22654,299874,17874,8617,9257
54080,335181,35282,161346,22658,299898,17875,8618,9257
54085,335212,35290,161367,22665,299921,17876,8619,9257
54090,335243,35299,161385,22671,299944,17877,8619,9258
54095,335274,35302,161398,22671,299972,17878,8619,9259
54100,335305,35305,161415,22671,300000,17879,8619,9260
54105,335336,35309,161429,22673,300025,17880,8619,9261
54110,335367,35314,161445,22677,300053,17882,8621,9261
54115,335398,35318,161459,22681,300077,17884,8622,9262
54120,335429,35323,161473,22683,300105,17886,8623,9263
54125,335460,35327,161484,22684,300133,17888,8623,9265
54130,335491,35331,161500,22685,300159,17890,8625,9265
54135,335522,35336,161513,22688,300185,17892,8626,9266
54140,335553,35340,161526,22691,300213,17894,8628,9266
54145,335584,35343,161538,22692,300240,17896,8629,9267
54150,335615,35346,161550,22693,300269,17898,8631,9267
54155,335646,35348,161564,22695,300298,17900,8632,9268
54160,335677,35350,161581,22696,300327,17902,8633,9269
54165,335708,35352,161595,22697,300355,17904,8635,9269
54170,335739,35354,161611,22698,300384,17906,8637,9269
54175,335770,35356,161630,22699,300413,17908,8638,9270
54180,335801,35358,161648,22701,300441,17910,8640,9270
54185,335832,35360,161661,22703,300472,17911,8641,9270
54190,335863,35362,161679,22705,300500,17912,8642,9270
54195,335894,35364,161697,22707,300529,17913,8642,9271
54200,335925,35367,161710,22709,300558,17914,8642,9272
54205,335956,35370,161724,22711,300586,17915,8642,9273
54210,335987,35373,161740,22712,300614,17916,8643,9273
54215,336018,35376,161756,22713,300642,17917,8643,9274
54220,336049,35379,161769,22716,300670,17918,8643,9275
54225,336080,35382,161786,22718,300698,17919,8643,9276
54230,336111,35385,161802,22721,300726,17920,8643,9277
54235,336142,35388,161820,22723,300753,17921,8644,9277
54240,336173,35394,161836,22729,300778,17922,8644,9278
54245,336204,35400,161850,22734,300804,17923,8645,9278
54250,336235,35406,161867,22738,300828,17924,8645,9279
54255,336266,35413,161879,22743,300852,17925,8645,9280
54260,336297,35419,161893,22747,300878,17926,8645,9281
54265,336328,35422,161912,22749,300904,17927,8646,9281
54270,336359,35427,161923,22752,300931,17928,8647,9281
54275,336390,35431,161938,22754,300959,17929,8647,9282
54280,336421,35434,161951,22756,300987,17930,8647,9283
54285,336452,35438,161961,22758,301014,17932,8648,9284
54290,336483,35442,161977,22761,301039,17934,8649,9285
54295,336514,35448,161990,22765,301065,17936,8651,9285
54300,336545,35452,162000,22767,301091,17938,8651,9287
54305,336576,35458,162019,22772,301118,17940,8652,9288
54310,336607,35460,162036,22774,301146,17942,8654,9288
54315,336638,35462,162055,22774,301176,17944,8654,9290
54320,336669,35464,162077,22774,301202,17946,8656,9290
54325,336700,35466,162092,22774,301232,17948,8656,9292
54330,336731,35468,162106,22775,301261,17950,8657,9293
54335,336762,35470,162120,22777,301292,17952,8658,9294
54340,336793,35472,162130,22778,301320,17954,8659,9295
54345,336824,35474,162146,22779,301348,17956,8660,9296
54350,336855,35476,162154,22779,301378,17958,8660,9298
54355,336886,35478,162167,22780,301408,17960,8660,9300
54360,336917,35480,162177,22781,301437,17962,8660,9302
54365,336948,35483,162197,22783,301465,17964,8660,9304
54370,336979,35486,162210,22784,301493,17966,8661,9305
54375,337010,35490,162223,22786,301520,17968,8663,9305
54380,337041,35493,162238,22788,301548,17970,8665,9305
54385,337072,35497,162254,22791,301575,17972,8666,9306
54390,337103,35501,162272,22794,301602,17974,8667,9307
54395,337134,35505,162286,22797,301629,17976,8668,9308
54400,337165,35509,162301,22801,301656,17978,8669,9309
54405,337196,35510,162316,22802,301685,17980,8671,9309
54410,337227,35513,162330,22804,301713,17982,8673,9309
54415,337258,35517,162346,22808,301740,17984,8675,9309
54420,337289,35521,162361,22810,301768,17986,8677,9309
54425,337320,35523,162376,22810,301796,17988,8678,9310
54430,337351,35527,162391,22813,301824,17990,8679,9311
54435,337382,35529,162403,22813,301851,17992,8680,9312
54440,337413,35534,162420,22818,301878,17994,8681,9313
54445,337444,35538,162431,22820,301905,17996,8681,9315
54450,337475,35540,162444,22821,301934,17998,8683,9315
54455,337506,35541,162457,22822,301965,18000,8685,9315
54460,337537,35542,162476,22823,301994,18002,8686,9316
54465,337568,35543,162494,22823,302025,18004,8686,9318
54470,337599,35545,162508,22825,302054,18006,8686,9320
54475,337630,35547,162524,22826,302083,18008,8686,9322
54480,337661,35549,162537,22828,302112,18010,8688,9322
54485,337692,35551,162554,22829,302141,18012,8688,9324
54490,337723,35553,162567,22829,302170,18014,8689,9325
54495,337754,35555,162583,22829,302198,18016,8690,9326
54500,337785,35557,162591,22829,302228,18018,8690,9328
54505,337816,35560,162607,22831,302255,18020,8692,9328
54510,337847,35563,162620,22833,302284,18022,8694,9328
54515,337878,35566,162634,22835,302312,18024,8694,9330
54520,337909,35569,162647,22836,302339,18026,8695,9331
54525,337940,35573,162661,22838,302367,18028,8695,9333
54530,337971,35578,162674,22841,302392,18030,8696,9334
54535,338002,35584,162688,22844,302417,18032,8698,9334
54540,338033,35588,162704,22848,302444,18034,8698,9336
54545,338064,35593,162721,22853,302470,18035,8698,9337
54550,338095,35596,162733,22854,302497,18036,8698,9338
54555,338126,35601,162749,22857,302525,18037,8699,9338
54560,338157,35607,162765,22861,302550,18038,8700,9338
54565,338188,35611,162780,22865,302576,18039,8701,9338
54570,338219,35615,162793,22867,302603,18040,8702,9338
54575,338250,35619,162805,22868,302630,18041,8703,9338
54580,338281,35623,162821,22872,302658,18042,8704,9338
54585,338312,35627,162842,22875,302684,18043,8705,9338
54590,338343,35632,162856,22878,302711,18044,8705,9339
54595,338374,35635,162870,22880,302739,18045,8706,9339
54600,338405,35639,162885,22883,302765,18046,8706,9340
54605,338436,35643,162896,22884,302792,18047,8706,9341
54610,338467,35647,162914,22887,302820,18048,8707,9341
54615,338498,35650,162925,22889,302847,18049,8707,9342
54620,338529,35655,162939,22893,302874,18050,8708,9342
54625,338560,35658,162955,22896,302902,18051,8708,9343
54630,338591,35662,162970,22897,302929,18052,8708,9344
54635,338622,35665,162986,22900,302956,18053,8709,9344
54640,338653,35670,163004,22903,302983,18054,8709,9345
54645,338684,35672,163021,22905,303012,18055,8710,9345
54650,338715,35674,163039,22906,303041,18057,8711,9346
54655,338746,35676,163059,22906,303070,18059,8713,9346
54660,338777,35678,163076,22907,303098,18061,8715,9346
54665,338808,35680,163092,22909,303128,18063,8715,9348
54670,338839,35684,163106,22911,303155,18065,8717,9348
54675,338870,35687,163122,22913,303183,18067,8719,9348
54680,338901,35690,163139,22914,303211,18069,8720,9349
54685,338932,35693,163150,22914,303238,18071,8721,9350
54690,338963,35697,163167,22917,303266,18073,8721,9352
54695,338994,35701,163181,22920,303292,18075,8722,9353
54700,339025,35704,163200,22921,303320,18077,8723,9354
54705,339056,35708,163221,22924,303347,18079,8724,9355
54710,339087,35712,163234,22927,303375,18081,8725,9356
54715,339118,35716,163248,22930,303402,18083,8726,9357
54720,339149,35720,163266,22933,303428,18085,8727,9358
54725,339180,35722,163284,22933,303457,18087,8729,9358
54730,339211,35724,163299,22934,303487,18089,8730,9359
54735,339242,35727,163314,22937,303515,18091,8732,9359
54740,339273,35729,163328,22939,303544,18093,8734,9359
54745,339304,35732,163348,22942,303571,18095,8736,9359
54750,339335,35734,163361,22943,303600,18097,8737,9360
54755,339366,35737,163378,22944,303628,18099,8737,9362
54760,339397,35741,163393,22947,303656,18101,8737,9364
54765,339428,35745,163405,22950,303683,18103,8738,9365
54770,339459,35750,163420,22954,303708,18105,8738,9367
54775,339490,35753,163432,22956,303736,18107,8738,9369
54780,339521,35756,163446,22958,303765,18109,8738,9371
54785,339552,35758,163458,22959,303794,18111,8740,9371
54790,339583,35760,163473,22960,303822,18113,8740,9373
54795,339614,35763,163492,22963,303850,18115,8741,9374
54800,339645,35766,163511,22966,303879,18117,8742,9375
54805,339676,35768,163524,22967,303908,18119,8744,9375
54810,339707,35771,163538,22968,303936,18121,8745,9376
54815,339738,35774,163555,22969,303963,18123,8745,9378
54820,339769,35778,163567,22971,303991,18125,8745,9380
54825,339800,35782,163579,22975,304018,18127,8747,9380
54830,339831,35788,163596,22980,304042,18129,8747,9382
54835,339862,35791,163611,22983,304071,18131,8749,9382
54840,339893,35793,163626,22984,304100,18133,8750,9383
54845,339924,35795,163641,22985,304129,18134,8750,9384
54850,339955,35797,163653,22986,304158,18135,8751,9384
54855,339986,35799,163669,22988,304187,18136,8751,9385
54860,340017,35801,163685,22989,304216,18137,8751,9386
54865,340048,35803,163699,22991,304244,18138,8751,9387
54870,340079,35805,163710,22991,304273,18139,8752,9387
54875,340110,35807,163726,22992,304302,18140,8752,9388
54880,340141,35810,163737,22994,304330,18141,8753,9388
54885,340172,35814,163750,22996,304358,18142,8753,9389
54890,340203,35817,163765,22997,304385,18143,8753,9390
54895,340234,35820,163778,22997,304413,18144,8754,9390
54900,340265,35824,163796,22999,304440,18145,8755,9390
54905,340296,35827,163811,23001,304468,18146,8755,9391
54910,340327,35831,163825,23003,304496,18147,8756,9391
54915,340358,35837,163840,23008,304521,18148,8757,9391
54920,340389,35841,163853,23012,304548,18149,8757,9392
54925,340420,35847,163866,23016,304573,18150,8758,9392
54930,340451,35853,163882,23019,304598,18151,8758,9393
54935,340482,35855,163896,23021,304627,18152,8758,9394
54940,340513,35858,163919,23022,304654,18153,8759,9394
54945,340544,35862,163934,23023,304681,18155,8760,9395
54950,340575,35866,163946,23027,304709,18157,8762,9395
54955,340606,35870,163961,23029,304736,18159,8763,9396
54960,340637,35873,163976,23030,304763,18161,8763,9398
54965,340668,35877,163990,23032,304791,18163,8765,9398
54970,340699,35880,164002,23033,304818,18165,8765,9400
54975,340730,35884,164016,23035,304845,18167,8767,9400
54980,340761,35888,164030,23036,304873,18169,8768,9401
54985,340792,35891,164045,23037,304899,18171,8769,9402
54990,340823,35897,164059,23042,304925,18173,8771,9402
54995,340854,35901,164068,23044,304952,18175,8772,9403
55000,340885,35907,164084,23050,304977,18177,8774,9403
55005,340916,35910,164101,23052,305006,18179,8775,9404
55010,340947,35912,164117,23053,305034,18181,8777,9404
55015,340978,35914,164129,23055,305062,18183,8777,9406
55020,341009,35916,164147,23056,305092,18185,8778,9407
55025,341040,35918,164156,23057,305122,18187,8780,9407
55030,341071,35920,164173,23058,305150,18189,8780,9409
55035,341102,35922,164189,23059,305179,18191,8782,9409
55040,341133,35925,164209,23061,305207,18193,8784,9409
55045,341164,35928,164225,23063,305236,18195,8785,9410
55050,341195,35931,164240,23065,305263,18197,8786,9411
55055,341226,35935,164253,23066,305291,18199,8787,9412
55060,341257,35939,164274,23069,305318,18201,8788,9413
55065,341288,35943,164286,23071,305344,18203,8788,9415
55070,341319,35947,164302,23075,305372,18205,8789,9416
55075,341350,35950,164316,23077,305400,18207,8790,9417
55080,341381,35953,164329,23078,305427,18209,8790,9419
55085,341412,35956,164342,23079,305455,18211,8791,9420
55090,341443,35960,164358,23082,305483,18213,8792,9421
55095,341474,35964,164373,23084,305510,18215,8793,9422
55100,341505,35968,164384,23087,305537,18217,8795,9422
55105,341536,35974,164400,23092,305561,18219,8795,9424
55110,341567,35980,164411,23094,305586,18221,8795,9426
55115,341598,35984,164428,23097,305614,18223,8796,9427
55120,341629,35987,164443,23099,305642,18225,8797,9428
55125,341660,35990,164460,23101,305670,18227,8797,9430
55130,341691,35995,164477,23106,305695,18229,8797,9432
55135,341722,35999,164495,23109,305723,18231,8799,9432
55140,341753,36005,164511,23115,305746,18233,8799,9434
55145,341784,36009,164525,23118,305773,18234,8800,9434
55150,341815,36016,164540,23124,305799,18235,8800,9435
55155,341846,36017,164551,23124,305829,18236,8801,9435
55160,341877,36018,164570,23125,305859,18237,8801,9436
55165,341908,36019,164585,23126,305888,18238,8802,9436
55170,341939,36020,164604,23126,305919,18239,8802,9437
55175,341970,36021,164621,23126,305949,18240,8802,9438
55180,342001,36022,164639,23126,305979,18241,8802,9439
55185,342032,36023,164657,23127,306009,18242,8803,9439
55190,342063,36024,164671,23128,306039,18243,8804,9439
55195,342094,36025,164685,23129,306069,18244,8804,9440
55200,342125,36026,164700,23130,306099,18245,8804,9441
55205,342156,36027,164712,23131,306129,18246,8804,9442
55210,342187,36028,164730,23132,306159,18247,8804,9443
55215,342218,36030,164742,23132,306188,18248,8805,9443
55220,342249,36032,164757,23132,306217,18249,8805,9444
55225,342280,36034,164772,23133,306246,18250,8805,9445
55230,342311,36036,164785,23133,306275,18251,8805,9446
55235,342342,36038,164801,23135,306303,18252,8805,9447
55240,342373,36040,164817,23136,306333,18253,8805,9448
55245,342404,36042,164832,23137,306362,18254,8806,9448
55250,342435,36045,164844,23139,306389,18256,8806,9450
55255,342466,36048,164862,23140,306418,18258,8806,9452
55260,342497,36051,164874,23141,306446,18260,8806,9454
55265,342528,36055,164884,23143,306473,18262,8807,9455
55270,342559,36060,164904,23146,306498,18264,8809,9455
55275,342590,36065,164920,23149,306523,18266,8809,9457
55280,342621,36070,164933,23150,306548,18268,8810,9458
55285,342652,36083,164952,23161,306566,18270,8810,9460
55290,342683,36090,164968,23166,306593,18272,8812,9460
55295,342714,36093,164977,23166,306621,18274,8813,9461
55300,342745,36097,164995,23170,306648,18276,8813,9463
55305,342776,36102,165016,23173,306673,18278,8814,9464
55310,342807,36107,165032,23176,306699,18280,8816,9464
55315,342838,36116,165051,23184,306721,18282,8818,9464
55320,342869,36119,165065,23186,306750,18284,8818,9466
55325,342900,36121,165075,23186,306779,18286,8819,9467
55330,342931,36123,165085,23188,306808,18288,8821,9467
55335,342962,36125,165101,23190,306837,18290,8822,9468
55340,342993,36127,165117,23190,306866,18292,8823,9469
55345,343024,36129,165128,23190,306895,18294,8823,9471
55350,343055,36131,165143,23192,306924,18296,8824,9472
55355,343086,36133,165159,23193,306953,18298,8824,9474
55360,343117,36135,165177,23195,306981,18300,8824,9476
55365,343148,36137,165190,23195,307011,18302,8825,9477
55370,343179,36139,165201,23195,307040,18304,8826,9478
55375,343210,36141,165217,23195,307069,18306,8828,9478
55380,343241,36143,165233,23196,307098,18308,8829,9479
55385,343272,36145,165249,23198,307127,18310,8831,9479
55390,343303,36147,165269,23199,307156,18312,8831,9481
55395,343334,36150,165279,23200,307184,18314,8833,9481
55400,343365,36153,165295,23201,307212,18316,8834,9482
55405,343396,36156,165312,23203,307239,18318,8835,9483
55410,343427,36159,165326,23204,307268,18320,8836,9484
55415,343458,36162,165340,23205,307295,18322,8837,9485
55420,343489,36167,165356,23208,307322,18324,8838,9486
55425,343520,36172,165370,23212,307348,18326,8838,9488
55430,343551,36178,165384,23216,307372,18328,8839,9489
55435,343582,36184,165397,23220,307397,18330,8840,9490
55440,343613,36190,165410,23223,307421,18332,8841,9491
55445,343644,36197,165423,23229,307447,18333,8842,9491
55450,343675,36202,165440,23233,307472,18334,8843,9491
55455,343706,36205,165452,23234,307500,18335,8844,9491
55460,343737,36208,165466,23235,307528,18336,8844,9492
55465,343768,36212,165483,23238,307556,18337,8845,9492
55470,343799,36218,165499,23242,307580,18338,8846,9492
55475,343830,36222,165513,23244,307608,18339,8847,9492
55480,343861,36228,165536,23250,307633,18340,8848,9492
55485,343892,36232,165551,23253,307659,18341,8848,9493
55490,343923,36237,165567,23257,307685,18342,8848,9494
55495,343954,36242,165576,23260,307712,18343,8848,9495
55500,343985,36244,165589,23260,307741,18344,8848,9496
55505,344016,36246,165606,23261,307770,18345,8849,9496
55510,344047,36248,165621,23263,307799,18346,8850,9496
55515,344078,36250,165629,23263,307828,18347,8850,9497
55520,344109,36252,165645,23264,307857,18348,8851,9497
55525,344140,36254,165658,23264,307885,18349,8852,9497
55530,344171,36256,165676,23264,307915,18350,8852,9498
55535,344202,36258,165692,23266,307944,18351,8852,9499
55540,344233,36260,165712,23267,307973,18352,8852,9500
55545,344264,36262,165724,23268,308002,18354,8854,9500
55550,344295,36264,165739,23268,308031,18356,8856,9500
55555,344326,36266,165754,23269,308060,18358,8857,9501
55560,344357,36269,165766,23270,308088,18360,8858,9502
55565,344388,36272,165784,23271,308116,18362,8858,9504
55570,344419,36275,165797,23272,308142,18364,8859,9505
55575,344450,36279,165809,23275,308170,18366,8860,9506
55580,344481,36283,165824,23276,308197,18368,8861,9507
55585,344512,36287,165835,23279,308225,18370,8861,9509
55590,344543,36290,165850,23281,308252,18372,8862,9510
55595,344574,36294,165861,23283,308279,18374,8862,9512
55600,344605,36297,165880,23285,308305,18376,8863,9513
55605,344636,36303,165889,23288,308332,18378,8864,9514
55610,344667,36310,165903,23292,308357,18380,8864,9516
55615,344698,36316,165920,23298,308382,18382,8866,9516
55620,344729,36322,165932,23300,308406,18384,8866,9518
55625,344760,36328,165949,23304,308432,18386,8867,9519
55630,344791,36334,165968,23308,308457,18388,8869,9519
55635,344822,36338,165981,23312,308483,18390,8869,9521
55640,344853,36342,165994,23316,308510,18392,8869,9523
55645,344884,36346,166009,23319,308538,18394,8869,9525
55650,344915,36347,166021,23319,308568,18396,8870,9526
55655,344946,36348,166036,23319,308598,18398,8872,9526
55660,344977,36349,166050,23319,308627,18400,8873,9527
55665,345008,36350,166062,23319,308658,18402,8873,9529
55670,345039,36351,166081,23320,308687,18404,8874,9530
55675,345070,36352,166093,23321,308718,18406,8875,9531
55680,345101,36353,166114,23322,308747,18408,8877,9531
55685,345132,36354,166130,23323,308778,18409,8877,9532
55690,345163,36355,166152,23324,308808,18410,8878,9532
55695,345194,36356,166169,23324,308838,18411,8878,9533
55700,345225,36357,166183,23325,308868,18412,8878,9534
55705,345256,36358,166197,23326,308898,18413,8879,9534
55710,345287,36359,166212,23326,308928,18414,8880,9534
55715,345318,36360,166228,23327,308957,18415,8881,9534
55720,345349,36361,166240,23328,308988,18416,8881,9535
55725,345380,36363,166253,23329,309017,18417,8882,9535
55730,345411,36365,166270,23331,309046,18418,8882,9536
55735,345442,36367,166278,23332,309075,18419,8882,9537
55740,345473,36369,166286,23333,309103,18420,8882,9538
55745,345504,36373,166299,23336,309129,18421,8883,9538
55750,345535,36378,166314,23339,309156,18422,8883,9539
55755,345566,36384,166329,23342,309180,18423,8884,9539
55760,345597,36389,166341,23344,309206,18424,8884,9540
55765,345628,36395,166357,23346,309232,18425,8885,9540
55770,345659,36403,166374,23352,309255,18426,8886,9540
55775,345690,36408,166396,23357,309280,18427,8887,9540
55780,345721,36415,166410,23362,309305,18428,8888,9540
55785,345752,36422,166423,23369,309330,18429,8888,9541
55790,345783,36426,166440,23372,309356,18431,8890,9541
55795,345814,36431,166455,23376,309381,18433,8890,9543
55800,345845,36438,166474,23381,309405,18435,8891,9544
55805,345876,36442,166482,23384,309434,18437,8891,9546
55810,345907,36444,166498,23384,309463,18439,8891,9548
55815,345938,36446,166512,23384,309492,18441,8892,9549
55820,345969,36448,166522,23384,309521,18443,8892,9551
55825,346000,36450,166537,23386,309550,18445,8893,9552
55830,346031,36452,166550,23386,309578,18447,8895,9552
55835,346062,36454,166564,23388,309607,18449,8896,9553
55840,346093,36456,166575,23388,309637,18451,8896,9555
55845,346124,36458,166594,23388,309666,18453,8898,9555
55850,346155,36460,166613,23389,309695,18455,8898,9557
55855,346186,36462,166624,23389,309724,18457,8899,9558
55860,346217,36464,166636,23391,309753,18459,8900,9559
55865,346248,36466,166649,23393,309782,18461,8901,9560
55870,346279,36468,166667,23395,309810,18463,8903,9560
55875,346310,36470,166684,23395,309840,18465,8905,9560
55880,346341,36472,166699,23396,309868,18467,8906,9561
55885,346372,36474,166714,23398,309898,18469,8907,9562
55890,346403,36476,166729,23399,309926,18471,8909,9562
55895,346434,36480,166747,23402,309954,18473,8910,9563
55900,346465,36484,166766,23404,309980,18475,8911,9564
55905,346496,36487,166779,23406,310009,18477,8913,9564
55910,346527,36492,166793,23408,310034,18479,8913,9566
55915,346558,36496,166804,23410,310061,18481,8914,9567
55920,346589,36502,166822,23415,310085,18483,8915,9568
55925,346620,36506,166841,23417,310113,18485,8916,9569
55930,346651,36512,166855,23421,310138,18487,8917,9570
55935,346682,36518,166871,23424,310163,18489,8919,9570
55940,346713,36523,166889,23427,310189,18491,8920,9571
55945,346744,36528,166906,23431,310214,18493,8921,9572
55950,346775,36534,166923,23435,310240,18495,8922,9573
55955,346806,36539,166934,23438,310266,18497,8922,9575
55960,346837,36545,166951,23442,310291,18499,8923,9576
55965,346868,36549,166965,23446,310319,18501,8924,9577
55970,346899,36553,166982,23448,310346,18503,8925,9578
55975,346930,36556,166999,23450,310374,18505,8926,9579
55980,346961,36559,167011,23451,310402,18507,8926,9581
55985,346992,36561,167019,23452,310431,18508,8926,9582
55990,347023,36564,167034,23454,310459,18509,8926,9583
55995,347054,36567,167051,23456,310487,18510,8927,9583
56000,347085,36570,167068,23457,310513,18511,8927,9584
56005,347116,36573,167081,23459,310543,18512,8927,9585
56010,347147,36576,167098,23461,310571,18513,8928,9585
56015,347178,36578,167115,23462,310600,18514,8928,9586
56020,347209,36579,167128,23462,310630,18515,8929,9586
56025,347240,36580,167142,23462,310660,18516,8929,9587
56030,347271,36581,167151,23462,310690,18517,8929,9588
56035,347302,36582,167164,23462,310720,18518,8929,9589
56040,347333,36583,167178,23463,310749,18519,8929,9590
56045,347364,36584,167190,23463,310779,18520,8929,9591
56050,347395,36585,167206,23464,310809,18521,8930,9591
56055,347426,36586,167225,23465,310840,18522,8930,9592
56060,347457,36587,167246,23466,310870,18523,8931,9592
56065,347488,36588,167259,23466,310900,18524,8931,9593
56070,347519,36590,167270,23466,310928,18525,8932,9593
56075,347550,36593,167281,23467,310957,18526,8932,9594
56080,347581,36595,167297,23468,310985,18527,8933,9594
56085,347612,36598,167314,23470,311012,18529,8935,9594
56090,347643,36602,167332,23474,311039,18531,8936,9595
56095,347674,36605,167344,23475,311068,18533,8936,9597
56100,347705,36609,167355,23478,311096,18535,8937,9598
56105,347736,36612,167364,23478,311122,18537,8937,9600
56110,347767,36618,167380,23483,311149,18539,8939,9600
56115,347798,36625,167397,23489,311171,18541,8939,9602
56120,347829,36634,167409,23495,311195,18543,8939,9604
56125,347860,36638,167423,23496,311222,18545,8939,9606
56130,347891,36642,167441,23498,311249,18547,8939,9608
56135,347922,36645,167460,23500,311277,18549,8941,9608
56140,347953,36648,167477,23503,311305,18551,8941,9610
56145,347984,36651,167490,23505,311333,18553,8942,9611
56150,348015,36654,167507,23507,311361,18555,8943,9612
56155,348046,36657,167520,23508,311389,18557,8944,9613
56160,348077,36660,167535,23509,311417,18559,8944,9615
56165,348108,36664,167549,23511,311444,18561,8945,9616
56170,348139,36667,167562,23511,311471,18563,8945,9618
56175,348170,36672,167573,23513,311498,18565,8946,9619
56180,348201,36676,167591,23515,311524,18567,8948,9619
56185,348232,36682,167604,23519,311549,18569,8949,9620
56190,348263,36685,167621,23522,311578,18571,8949,9622
56195,348294,36687,167633,23522,311607,18573,8950,9623
56200,348325,36689,167649,23523,311636,18575,8951,9624
56205,348356,36691,167665,23525,311664,18577,8953,9624
56210,348387,36693,167679,23526,311694,18579,8953,9626
56215,348418,36695,167697,23528,311723,18581,8953,9628
56220,348449,36697,167706,23529,311751,18583,8954,9629
56225,348480,36699,167724,23530,311780,18584,8955,9629
56230,348511,36703,167741,23533,311808,18585,8955,9630
56235,348542,36706,167753,23534,311835,18586,8955,9631
56240,348573,36710,167774,23538,311862,18587,8955,9632
56245,348604,36714,167790,23540,311889,18588,8955,9633
56250,348635,36718,167807,23544,311916,18589,8955,9634
56255,348666,36722,167821,23546,311944,18590,8955,9635
56260,348697,36725,167833,23547,311971,18591,8956,9635
56265,348728,36729,167846,23549,311999,18592,8956,9636
56270,348759,36732,167859,23551,312026,18593,8956,9637
56275,348790,36736,167872,23552,312053,18594,8956,9638
56280,348821,36740,167888,23556,312081,18595,8956,9639
56285,348852,36743,167904,23557,312107,18596,8956,9640
56290,348883,36746,167918,23558,312136,18597,8957,9640
56295,348914,36752,167934,23563,312162,18598,8957,9641
56300,348945,36756,167944,23565,312188,18599,8957,9642
56305,348976,36763,167961,23569,312212,18600,8957,9643
56310,349007,36769,167977,23573,312237,18601,8957,9644
56315,349038,36776,167995,23579,312262,18602,8958,9644
56320,349069,36781,168009,23582,312287,18603,8959,9644
56325,349100,36787,168023,23586,312311,18604,8960,9644
56330,349131,36794,168042,23590,312336,18606,8961,9645
56335,349162,36798,168055,23593,312363,18608,8962,9646
56340,349193,36801,168070,23595,312392,18610,8963,9647
56345,349224,36805,168087,23598,312419,18612,8965,9647
56350,349255,36807,168107,23598,312448,18614,8967,9647
56355,349286,36809,168119,23600,312477,18616,8967,9649
56360,349317,36811,168135,23602,312506,18618,8968,9650
56365,349348,36813,168152,23603,312535,18620,8969,9651
56370,349379,36815,168171,23604,312564,18622,8969,9653
56375,349410,36817,168184,23605,312593,18624,8971,9653
56380,349441,36819,168195,23606,312622,18626,8971,9655
56385,349472,36821,168213,23607,312651,18628,8971,9657
56390,349503,36823,168227,23607,312680,18630,8971,9659
56395,349534,36825,168239,23608,312709,18632,8971,9661
56400,349565,36827,168251,23608,312738,18634,8971,9663
56405,349596,36829,168268,23608,312767,18636,8973,9663
56410,349627,36831,168284,23608,312796,18638,8975,9663
56415,349658,36833,168296,23610,312825,18640,8977,9663
56420,349689,36835,168311,23611,312854,18642,8978,9664
56425,349720,36837,168325,23612,312883,18644,8978,9666
56430,349751,36839,168341,23613,312912,18646,8978,9668
56435,349782,36842,168356,23613,312940,18648,8980,9668
56440,349813,36845,168373,23615,312967,18650,8981,9669
56445,349844,36848,168384,23618,312995,18652,8982,9670
56450,349875,36852,168399,23622,313022,18654,8983,9671
56455,349906,36857,168408,23625,313049,18656,8984,9672
56460,349937,36862,168419,23627,313073,18658,8984,9674
56465,349968,36867,168433,23631,313100,18660,8984,9676
56470,349999,36871,168449,23634,313128,18662,8985,9677
56475,350030,36875,168466,23637,313155,18664,8986,9678
56480,350061,36879,168484,23639,313182,18666,8987,9679
56485,350092,36884,168502,23642,313208,18668,8988,9680
56490,350123,36889,168518,23644,313234,18670,8989,9681
56495,350154,36894,168529,23647,313260,18672,8991,9681
56500,350185,36899,168546,23651,313285,18674,8991,9683
56505,350216,36906,168559,23656,313309,18676,8991,9685
56510,350247,36913,168572,23660,313333,18678,8992,9686
56515,350278,36918,168584,23662,313360,18680,8993,9687
56520,350309,36922,168596,23663,313387,18682,8995,9687
56525,350340,36926,168616,23667,313413,18683,8995,9688
56530,350371,36930,168629,23670,313439,18684,8996,9688
56535,350402,36937,168645,23676,313464,18685,8996,9689
56540,350433,36938,168662,23676,313494,18686,8996,9690
56545,350464,36939,168679,23677,313525,18687,8997,9690
56550,350495,36940,168690,23678,313555,18688,8997,9691
56555,350526,36941,168704,23678,313585,18689,8997,9692
56560,350557,36942,168714,23679,313615,18690,8997,9693
56565,350588,36943,168730,23679,313645,18691,8998,9693
56570,350619,36944,168748,23679,313675,18692,8999,9693
56575,350650,36945,168760,23679,313705,18693,9000,9693
56580,350681,36946,168775,23679,313735,18694,9000,9694
56585,350712,36947,168791,23680,313765,18695,9001,9694
56590,350743,36948,168807,23681,313795,18696,9001,9695
56595,350774,36949,168823,23682,313825,18697,9002,9695
56600,350805,36950,168840,23683,313855,18698,9003,9695
56605,350836,36951,168852,23683,313885,18699,9004,9695
56610,350867,36952,168866,23683,313915,18700,9005,9695
56615,350898,36953,168877,23684,313944,18701,9006,9695
56620,350929,36956,168891,23686,313972,18702,9007,9695
56625,350960,36960,168905,23688,314000,18704,9008,9696
56630,350991,36964,168919,23692,314027,18706,9008,9698
56635,351022,36968,168938,23695,314053,18708,9009,9699
56640,351053,36973,168952,23699,314078,18710,9010,9700
56645,351084,36980,168966,23705,314103,18712,9011,9701
56650,351115,36986,168981,23709,314129,18714,9012,9702
56655,351146,36993,168997,23715,314153,18716,9014,9702
56660,351177,36996,169011,23717,314181,18718,9015,9703
56665,351208,36999,169023,23717,314208,18720,9016,9704
56670,351239,37002,169037,23719,314237,18722,9017,9705
56675,351270,37006,169054,23722,314263,18724,9018,9706
56680,351301,37011,169075,23726,314290,18726,9018,9708
56685,351332,37016,169090,23730,314314,18728,9019,9709
56690,351363,37023,169102,23734,314340,18730,9020,9710
56695,351394,37027,169118,23737,314366,18732,9021,9711
56700,351425,37032,169138,23742,314393,18734,9022,9712
56705,351456,37034,169152,23744,314422,18736,9022,9714
56710,351487,37036,169171,23746,314450,18738,9023,9715
56715,351518,37038,169185,23747,314480,18740,9024,9716
56720,351549,37040,169199,23748,314508,18742,9025,9717
56725,351580,37042,169213,23750,314538,18744,9025,9719
56730,351611,37044,169230,23751,314567,18746,9025,9721
56735,351642,37046,169242,23753,314596,18748,9025,9723
56740,351673,37048,169254,23753,314625,18750,9025,9725
56745,351704,37050,169265,23753,314654,18752,9026,9726
56750,351735,37052,169277,23754,314683,18754,9028,9726
56755,351766,37054,169291,23755,314712,18756,9029,9727
56760,351797,37056,169303,23756,314741,18758,9029,9729
56765,351828,37059,169320,23758,314769,18759,9030,9729
56770,351859,37062,169333,23759,314797,18760,9031,9729
56775,351890,37065,169346,23759,314825,18761,9032,9729
56780,351921,37068,169365,23762,314853,18762,9033,9729
56785,351952,37072,169382,23764,314880,18763,9034,9729
56790,351983,37077,169403,23768,314905,18764,9035,9729
56795,352014,37081,169417,23770,314933,18765,9036,9729
56800,352045,37085,169434,23772,314960,18766,9036,9730
56805,352076,37088,169449,23773,314988,18767,9037,9730
56810,352107,37094,169466,23777,315013,18768,9037,9731
56815,352138,37100,169482,23780,315036,18769,9037,9732
56820,352169,37108,169502,23786,315059,18770,9037,9733
56825,352200,37113,169516,23789,315086,18771,9037,9734
56830,352231,37118,169535,23793,315111,18772,9038,9734
56835,352262,37121,169549,23794,315140,18773,9039,9734
56840,352293,37126,169565,23798,315165,18774,9039,9735
56845,352324,37130,169582,23802,315193,18775,9040,9735
56850,352355,37132,169599,23803,315221,18776,9041,9735
56855,352386,37133,169613,23804,315252,18777,9041,9736
56860,352417,37134,169626,23805,315283,18778,9041,9737
56865,352448,37135,169641,23805,315313,18779,9041,9738
56870,352479,37136,169652,23805,315343,18781,9043,9738
56875,352510,37137,169665,23805,315373,18783,9044,9739
56880,352541,37138,169677,23806,315403,18785,9044,9741
56885,352572,37139,169695,23807,315433,18787,9046,9741
56890,352603,37140,169711,23807,315463,18789,9047,9742
56895,352634,37141,169723,23808,315493,18791,9047,9744
56900,352665,37142,169741,23809,315523,18793,9048,9745
56905,352696,37143,169758,23810,315552,18795,9049,9746
56910,352727,37144,169776,23811,315583,18797,9051,9746
56915,352758,37145,169795,23812,315613,18799,9052,9747
56920,352789,37146,169811,23812,315643,18801,9052,9749
56925,352820,37147,169825,23812,315673,18803,9054,9749
56930,352851,37149,169844,23813,315702,18805,9055,9750
56935,352882,37151,169865,23815,315731,18807,9056,9751
56940,352913,37155,169877,23818,315758,18809,9056,9753
56945,352944,37159,169894,23821,315785,18811,9057,9754
56950,352975,37162,169908,23823,315813,18813,9059,9754
56955,353006,37166,169926,23826,315839,18815,9060,9755
56960,353037,37170,169943,23830,315866,18817,9060,9757
56965,353068,37175,169960,23834,315893,18819,9061,9758
56970,353099,37179,169975,23837,315918,18821,9062,9759
56975,353130,37185,169990,23841,315944,18823,9063,9760
56980,353161,37189,170003,23843,315971,18825,9065,9760
56985,353192,37195,170015,23847,315997,18827,9066,9761
56990,353223,37200,170029,23850,316023,18829,9066,9763
56995,353254,37207,170044,23854,316047,18831,9066,9765
57000,353285,37211,170055,23854,316073,18833,9067,9766
57005,353316,37218,170073,23860,316097,18835,9068,9767
57010,353347,37224,170083,23865,316122,18837,9068,9769
57015,353378,37230,170098,23870,316147,18839,9069,9770
57020,353409,37236,170113,23874,316173,18841,9069,9772
57025,353440,37239,170126,23875,316200,18843,9070,9773
57030,353471,37243,170140,23877,316228,18845,9070,9775
57035,353502,37247,170157,23878,316254,18847,9071,9776
57040,353533,37249,170175,23879,316284,18849,9072,9777
57045,353564,37251,170194,23881,316311,18851,9073,9778
57050,353595,37253,170206,23882,316340,18853,9073,9780
57055,353626,37255,170221,23883,316370,18855,9074,9781
57060,353657,37257,170238,23883,316400,18857,9075,9782
57065,353688,37259,170254,23884,316429,18859,9076,9783
57070,353719,37261,170264,23884,316458,18861,9076,9785
57075,353750,37263,170277,23884,316487,18863,9076,9787
57080,353781,37265,170288,23885,316516,18865,9077,9788
57085,353812,37267,170303,23886,316545,18867,9078,9789
57090,353843,37269,170318,23887,316574,18869,9078,9791
57095,353874,37271,170331,23887,316603,18871,9079,9792
57100,353905,37273,170348,23888,316632,18873,9081,9792
57105,353936,37275,170359,23888,316661,18875,9081,9794
57110,353967,37277,170370,23889,316690,18877,9081,9796
57115,353998,37279,170392,23890,316719,18879,9083,9796
57120,354029,37283,170405,23891,316746,18881,9083,9798
57125,354060,37287,170422,23894,316773,18883,9084,9799
57130,354091,37290,170435,23895,316801,18885,9085,9800
57135,354122,37293,170446,23896,316829,18887,9086,9801
57140,354153,37296,170465,23897,316857,18889,9088,9801
57145,354184,37300,170477,23899,316884,18891,9089,9802
57150,354215,37304,170493,23900,316911,18893,9090,9803
57155,354246,37309,170509,23903,316937,18895,9092,9803
57160,354277,37314,170522,23905,316962,18897,9092,9805
57165,354308,37321,170536,23909,316986,18899,9094,9805
57170,354339,37329,170548,23915,317009,18901,9095,9806
57175,354370,37340,170568,23924,317028,18903,9097,9806
57180,354401,37349,170582,23930,317050,18905,9099,9806
57185,354432,37354,170595,23933,317078,18906,9100,9806
57190,354463,37356,170605,23933,317107,18907,9100,9807
57195,354494,37358,170619,23934,317136,18908,9101,9807
57200,354525,37360,170632,23935,317165,18909,9101,9808
57205,354556,37362,170641,23936,317194,18910,9101,9809
57210,354587,37364,170661,23938,317223,18911,9102,9809
57215,354618,37366,170680,23940,317252,18912,9102,9810
57220,354649,37368,170695,23941,317281,18913,9103,9810
57225,354680,37370,170709,23942,317310,18914,9104,9810
57230,354711,37372,170725,23942,317339,18915,9105,9810
57235,354742,37374,170740,23943,317368,18916,9106,9810
57240,354773,37376,170756,23944,317397,18917,9106,9811
57245,354804,37378,170772,23946,317426,18918,9106,9812
57250,354835,37380,170786,23946,317455,18919,9106,9813
57255,354866,37382,170799,23946,317484,18920,9106,9814
57260,354897,37384,170815,23947,317512,18921,9106,9815
57265,354928,37386,170833,23948,317542,18922,9107,9815
57270,354959,37388,170852,23949,317571,18923,9108,9815
57275,354990,37390,170868,23950,317600,18924,9108,9816
57280,355021,37392,170885,23952,317629,18925,9108,9817
57285,355052,37394,170902,23953,317658,18927,9109,9818
57290,355083,37397,170914,23956,317686,18929,9110,9819
57295,355114,37400,170931,23958,317712,18931,9111,9820
57300,355145,37407,170943,23963,317737,18933,9113,9820
57305,355176,37413,170956,23967,317761,18934,9113,9821
57310,355207,37421,170972,23972,317786,18935,9113,9822
57315,355238,37427,170987,23975,317809,18936,9113,9823
57320,355269,37434,171000,23980,317835,18937,9113,9824
57325,355300,37437,171017,23980,317863,18938,9113,9825
57330,355331,37440,171033,23981,317891,18939,9113,9826
57335,355362,37443,171050,23982,317919,18940,9114,9826
57340,355393,37447,171066,23985,317945,18941,9115,9826
57345,355424,37451,171081,23987,317973,18942,9116,9826
57350,355455,37456,171099,23992,317999,18943,9116,9827
57355,355486,37460,171112,23994,318026,18944,9117,9827
57360,355517,37464,171128,23996,318053,18945,9118,9827
57365,355548,37467,171142,23996,318080,18946,9119,9827
57370,355579,37473,171157,24000,318104,18947,9119,9828
57375,355610,37478,171174,24003,318132,18948,9120,9828
57380,355641,37480,171188,24005,318161,18949,9120,9829
57385,355672,37482,171198,24005,318190,18950,9120,9830
57390,355703,37484,171212,24006,318219,18951,9120,9831
57395,355734,37486,171224,24006,318248,18952,9120,9832
57400,355765,37488,171239,24008,318277,18953,9121,9832
57405,355796,37490,171251,24009,318306,18954,9121,9833
57410,355827,37492,171270,24011,318335,18956,9123,9833
57415,355858,37494,171288,24013,318364,18958,9123,9835
57420,355889,37496,171306,24014,318393,18960,9123,9837
57425,355920,37497,171321,24015,318423,18962,9124,9838
57430,355951,37499,171337,24016,318451,18964,9125,9839
57435,355982,37502,171353,24018,318479,18966,9127,9839
57440,356013,37505,171367,24020,318507,18968,9128,9840
57445,356044,37508,171384,24021,318535,18970,9129,9841
57450,356075,37511,171399,24023,318564,18972,9130,9842
57455,356106,37513,171415,24024,318593,18974,9131,9843
57460,356137,37515,171427,24025,318622,18976,9132,9844
57465,356168,37518,171441,24027,318650,18978,9132,9846
57470,356199,37520,171456,24027,318678,18980,9134,9846
57475,356230,37524,171469,24030,318705,18982,9135,9847
57480,356261,37527,171483,24032,318732,18984,9136,9848
57485,356292,37531,171495,24036,318760,18986,9137,9849
57490,356323,37536,171506,24039,318787,18988,9138,9850
57495,356354,37540,171518,24041,318813,18990,9139,9851
57500,356385,37546,171530,24045,318838,18992,9140,9852
57505,356416,37548,171547,24047,318867,18994,9141,9853
57510,356447,37551,171557,24049,318896,18996,9143,9853
57515,356478,37554,171575,24052,318923,18998,9144,9854
57520,356509,37557,171595,24053,318952,19000,9146,9854
57525,356540,37560,171612,24055,318980,19002,9146,9856
57530,356571,37564,171623,24057,319007,19004,9147,9857
57535,356602,37567,171640,24060,319035,19006,9148,9858
57540,356633,37571,171651,24063,319062,19008,9149,9859
57545,356664,37575,171663,24065,319089,19010,9150,9860
57550,356695,37579,171672,24066,319116,19012,9151,9861
57555,356726,37583,171688,24068,319143,19014,9153,9861
57560,356757,37587,171698,24070,319170,19016,9155,9861
57565,356788,37590,171714,24073,319198,19018,9157,9861
57570,356819,37593,171727,24074,319226,19020,9157,9863
57575,356850,37595,171743,24076,319255,19022,9158,9864
57580,356881,37597,171762,24077,319284,19024,9158,9866
57585,356912,37599,171781,24078,319313,19026,9159,9867
57590,356943,37601,171798,24080,319339,19028,9161,9867
57595,356974,37603,171812,24081,319370,19030,9161,9869
57600,357005,37605,171824,24082,319398,19032,9161,9871
57605,357036,37610,171840,24085,319425,19034,9162,9872
57610,357067,37614,171852,24086,319453,19036,9162,9874
57615,357098,37617,171868,24088,319480,19038,9163,9875
57620,357129,37621,171879,24091,319508,19040,9163,9877
57625,357160,37624,171893,24093,319536,19042,9163,9879
57630,357191,37627,171911,24094,319563,19044,9165,9879
57635,357222,37630,171926,24096,319592,19046,9167,9879
57640,357253,37633,171939,24098,319620,19048,9167,9881
57645,357284,37636,171951,24099,319648,19050,9167,9883
57650,357315,37639,171966,24102,319676,19052,9168,9884
57655,357346,37643,171980,24106,319702,19054,9169,9885
57660,357377,37648,171998,24110,319728,19056,9170,9886
57665,357408,37653,172010,24112,319755,19058,9171,9887
57670,357439,37656,172025,24113,319783,19060,9171,9889
57675,357470,37660,172038,24116,319810,19062,9171,9891
57680,357501,37665,172050,24118,319836,19064,9171,9893
57685,357532,37670,172059,24120,319862,19066,9171,9895
57690,357563,37675,172074,24123,319888,19068,9172,9896
57695,357594,37679,172089,24124,319915,19070,9174,9896
57700,357625,37682,172102,24125,319943,19072,9175,9897
57705,357656,37687,172119,24128,319969,19074,9176,9898
57710,357687,37692,172137,24130,319994,19076,9177,9899
57715,357718,37696,172146,24131,320022,19078,9178,9900
57720,357749,37700,172164,24135,320048,19080,9178,9902
57725,357780,37702,172181,24137,320078,19082,9178,9904
57730,357811,37704,172192,24139,320106,19084,9180,9904
57735,357842,37707,172205,24141,320135,19086,9180,9906
57740,357873,37712,172225,24145,320160,19088,9181,9907
57745,357904,37713,172241,24145,320191,19090,9182,9908
57750,357935,37714,172257,24145,320221,19092,9184,9908
57755,357966,37715,172269,24146,320251,19094,9185,9909
57760,357997,37716,172286,24146,320281,19096,9186,9910
57765,358028,37717,172303,24147,320310,19098,9187,9911
57770,358059,37718,172313,24147,320341,19100,9187,9913
57775,358090,37719,172324,24148,320371,19102,9188,9914
57780,358121,37720,172340,24149,320400,19104,9190,9914
57785,358152,37721,172353,24149,320430,19105,9190,9915
57790,358183,37722,172370,24150,320460,19106,9191,9915
57795,358214,37724,172380,24151,320489,19107,9192,9915
57800,358245,37726,172395,24153,320517,19108,9192,9916
57805,358276,37729,172407,24155,320547,19109,9193,9916
57810,358307,37731,172426,24156,320575,19110,9194,9916
57815,358338,37733,172437,24156,320604,19111,9195,9916
57820,358369,37736,172454,24157,320632,19112,9196,9916
57825,358400,37739,172473,24158,320661,19113,9196,9917
57830,358431,37742,172487,24160,320688,19114,9196,9918
57835,358462,37746,172495,24162,320716,19115,9196,9919
57840,358493,37749,172509,24163,320743,19116,9196,9920
57845,358524,37754,172517,24166,320770,19116,9196,9920
57850,358555,37759,172539,24170,320795,19116,9196,9920
57855,358586,37764,172553,24173,320821,19116,9196,9920
57860,358617,37769,172572,24176,320847,19116,9196,9920
57865,358648,37774,172589,24181,320874,19116,9196,9920
57870,358679,37780,172605,24184,320899,19116,9196,9920
57875,358710,37785,172615,24186,320924,19116,9196,9920
57880,358741,37791,172629,24188,320950,19116,9196,9920
57885,358772,37794,172641,24188,320978,19117,9196,9921
57890,358803,37797,172654,24190,321004,19118,9196,9922
57895,358834,37800,172672,24193,321032,19119,9196,9923
57900,358865,37803,172682,24195,321062,19120,9197,9923
57905,358896,37806,172701,24196,321090,19121,9198,9923
57910,358927,37810,172714,24197,321117,19122,9199,9923
57915,358958,37815,172728,24199,321143,19123,9200,9923
57920,358989,37820,172741,24204,321169,19124,9200,9924
57925,359020,37825,172756,24206,321194,19125,9201,9924
57930,359051,37831,172765,24210,321220,19126,9202,9924
57935,359082,37836,172781,24213,321246,19127,9203,9924
57940,359113,37838,172794,24214,321275,19128,9204,9924
57945,359144,37840,172809,24214,321303,19129,9205,9924
57950,359175,37842,172825,24214,321333,19131,9206,9925
57955,359206,37844,172845,24216,321362,19133,9207,9926
57960,359237,37846,172855,24216,321390,19135,9209,9926
57965,359268,37848,172871,24218,321419,19137,9209,9928
57970,359299,37850,172886,24220,321448,19139,9211,9928
57975,359330,37852,172900,24220,321477,19141,9212,9929
57980,359361,37854,172915,24221,321506,19143,9212,9931
57985,359392,37856,172928,24221,321535,19145,9213,9932
57990,359423,37861,172940,24224,321561,19147,9215,9932
57995,359454,37864,172959,24226,321590,19149,9216,9933
58000,359485,37867,172966,24228,321617,19151,9216,9935
58005,359516,37870,172980,24230,321645,19153,9217,9936
58010,359547,37875,173000,24233,321669,19155,9218,9937
58015,359578,37879,173015,24235,321698,19157,9220,9937
58020,359609,37884,173034,24239,321724,19159,9222,9937
58025,359640,37887,173048,24239,321752,19161,9224,9937
58030,359671,37892,173060,24244,321778,19163,9224,9939
58035,359702,37899,173081,24251,321803,19165,9224,9941
58040,359733,37901,173099,24251,321832,19167,9225,9942
58045,359764,37905,173112,24253,321859,19169,9226,9943
58050,359795,37909,173132,24256,321885,19171,9228,9943
58055,359826,37913,173142,24257,321913,19173,9228,9945
58060,359857,37916,173156,24258,321941,19175,9230,9945
58065,359888,37919,173167,24258,321968,19177,9231,9946
58070,359919,37923,173177,24259,321996,19179,9232,9947
58075,359950,37926,173196,24262,322024,19181,9233,9948
58080,359981,37929,173208,24264,322051,19183,9233,9950
58085,360012,37934,173222,24266,322077,19185,9233,9952
58090,360043,37937,173236,24268,322106,19187,9235,9952
58095,360074,37941,173251,24272,322133,19189,9237,9952
58100,360105,37945,173269,24276,322160,19191,9238,9953
58105,360136,37949,173283,24279,322187,19193,9238,9955
58110,360167,37955,173300,24285,322212,19195,9238,9957
58115,360198,37957,173311,24286,322241,19197,9239,9958
58120,360229,37959,173331,24288,322270,19199,9240,9959
58125,360260,37961,173343,24289,322299,19201,9240,9961
58130,360291,37963,173353,24291,322328,19203,9240,9963
58135,360322,37965,173373,24293,322357,19205,9242,9963
58140,360353,37967,173387,24294,322384,19207,9242,9965
58145,360384,37971,173405,24297,322412,19209,9244,9965
58150,360415,37975,173420,24300,322439,19211,9246,9965
58155,360446,37980,173433,24303,322465,19213,9247,9966
58160,360477,37984,173446,24305,322492,19215,9248,9967
58165,360508,37988,173464,24308,322519,19217,9250,9967
58170,360539,37993,173482,24311,322546,19219,9251,9968
58175,360570,37996,173497,24314,322574,19221,9252,9969
58180,360601,37999,173511,24317,322602,19223,9254,9969
58185,360632,38003,173526,24320,322628,19225,9256,9969
58190,360663,38009,173540,24324,322653,19227,9257,9970
58195,360694,38014,173560,24329,322680,19229,9257,9972
58200,360725,38016,173575,24330,322708,19231,9257,9974
58205,360756,38018,173590,24332,322738,19233,9258,9975
58210,360787,38020,173605,24333,322767,19235,9258,9977
58215,360818,38023,173621,24335,322794,19237,9258,9979
58220,360849,38026,173635,24336,322823,19239,9259,9980
58225,360880,38029,173647,24338,322851,19241,9260,9981
58230,360911,38033,173660,24341,322878,19243,9261,9982
58235,360942,38037,173677,24344,322904,19245,9263,9982
58240,360973,38042,173693,24347,322930,19247,9264,9983
58245,361004,38045,173703,24349,322958,19249,9266,9983
58250,361035,38050,173725,24353,322984,19251,9267,9984
58255,361066,38054,173741,24356,323012,19253,9268,9985
58260,361097,38058,173754,24357,323039,19255,9269,9986
58265,361128,38061,173768,24360,323067,19257,9270,9987
58270,361159,38064,173783,24362,323095,19259,9270,9989
58275,361190,38068,173796,24366,323122,19261,9270,9991
58280,361221,38069,173811,24367,323152,19263,9271,9992
58285,361252,38070,173824,24368,323182,19265,9271,9994
58290,361283,38071,173836,24368,323212,19267,9273,9994
58295,361314,38072,173856,24369,323242,19269,9275,9994
58300,361345,38073,173870,24369,323272,19271,9277,9994
58305,361376,38074,173885,24370,323302,19273,9279,9994
58310,361407,38076,173897,24371,323331,19275,9280,9995
58315,361438,38078,173910,24372,323360,19277,9280,9997
58320,361469,38080,173922,24372,323389,19279,9281,9998
58325,361500,38083,173937,24374,323417,19281,9281,10000
58330,361531,38085,173951,24374,323446,19283,9282,10001
58335,361562,38087,173968,24374,323475,19285,9283,10002
58340,361593,38090,173991,24376,323503,19287,9285,10002
58345,361624,38092,174004,24376,323532,19289,9285,10004
58350,361655,38094,174016,24376,323561,19291,9287,10004
58355,361686,38096,174028,24378,323589,19293,9288,10005
58360,361717,38101,174042,24382,323616,19295,9289,10006
58365,361748,38106,174055,24384,323639,19297,9289,10008
58370,361779,38113,174066,24389,323665,19299,9289,10010
58375,361810,38118,174082,24394,323691,19301,9289,10012
58380,361841,38120,174098,24396,323720,19303,9290,10013
58385,361872,38123,174115,24397,323749,19303,9290,10013
58390,361903,38126,174132,24398,323777,19303,9290,10013
58395,361934,38129,174151,24400,323805,19303,9290,10013
58400,361965,38132,174170,24402,323832,19303,9290,10013
58405,361996,38135,174185,24405,323861,19303,9290,10013
58410,362027,38138,174194,24405,323888,19303,9290,10013
58415,362058,38141,174214,24407,323917,19303,9290,10013
58420,362089,38144,174228,24409,323944,19303,9290,10013
58425,362120,38148,174244,24412,323972,19303,9290,10013
58430,362151,38151,174258,24413,324000,19303,9290,10013
58435,362182,38155,174271,24416,324026,19303,9290,10013
58440,362213,38159,174289,24418,324054,19303,9290,10013
58445,362244,38161,174302,24418,324082,19303,9290,10013
58450,362275,38165,174319,24420,324110,19303,9290,10013
58455,362306,38167,174334,24422,324139,19303,9290,10013
58460,362337,38171,174346,24424,324166,19303,9290,10013
58465,362368,38174,174356,24425,324194,19303,9290,10013
58470,362399,38179,174368,24430,324219,19303,9290,10013
58475,362430,38182,174382,24433,324248,19303,9290,10013
58480,362461,38183,174397,24434,324278,19303,9290,10013
58485,362492,38185,174407,24435,324306,19304,9290,10014
58490,362523,38188,174419,24437,324334,19306,9290,10016
58495,362554,38193,174436,24441,324360,19308,9292,10016
58500,362585,38196,174450,24443,324387,19310,9294,10016
58505,362616,38201,174463,24446,324414,19312,9295,10017
58510,362647,38205,174476,24449,324441,19314,9296,10018
58515,362678,38209,174489,24452,324468,19316,9297,10019
58520,362709,38212,174502,24454,324497,19318,9297,10021
58525,362740,38215,174516,24456,324525,19320,9298,10022
58530,362771,38216,174534,24457,324554,19322,9299,10023
58535,362802,38217,174549,24458,324584,19324,9299,10025
58540,362833,38218,174568,24459,324615,19326,9301,10025
58545,362864,38219,174589,24460,324644,19328,9303,10025
58550,362895,38221,174605,24460,324674,19330,9304,10026
58555,362926,38223,174624,24461,324703,19332,9305,10027
58560,362957,38225,174642,24463,324732,19334,9306,10028
58565,362988,38227,174657,24464,324761,19336,9307,10029
58570,363019,38229,174671,24465,324790,19338,9309,10029
58575,363050,38231,174683,24465,324818,19340,9310,10030
58580,363081,38234,174698,24466,324847,19342,9311,10031
58585,363112,38237,174712,24467,324875,19344,9312,10032
58590,363143,38240,174729,24468,324902,19346,9312,10034
58595,363174,38243,174740,24469,324931,19348,9313,10035
58600,363205,38246,174751,24471,324959,19350,9313,10037
58605,363236,38249,174767,24472,324986,19352,9315,10037
58610,363267,38252,174780,24472,325014,19354,9315,10039
58615,363298,38255,174793,24472,325043,19356,9315,10041
58620,363329,38258,174810,24475,325071,19358,9315,10043
58625,363360,38261,174826,24476,325099,19360,9316,10044
58630,363391,38264,174837,24477,325126,19362,9316,10046
58635,363422,38269,174850,24478,325153,19364,9318,10046
58640,363453,38273,174867,24479,325180,19366,9320,10046
58645,363484,38278,174886,24483,325205,19368,9321,10047
58650,363515,38286,174903,24489,325228,19370,9321,10049
58655,363546,38293,174922,24494,325250,19372,9323,10049
58660,363577,38304,174936,24503,325271,19374,9323,10051
58665,363608,38314,174951,24511,325290,19376,9324,10052
58670,363639,38324,174964,24519,325314,19378,9324,10054
58675,363670,38326,174983,24519,325343,19380,9325,10055
58680,363701,38328,174999,24521,325373,19382,9326,10056
58685,363732,38330,175014,24521,325402,19384,9328,10056
58690,363763,38332,175031,24521,325431,19386,9328,10058
58695,363794,38334,175045,24521,325460,19388,9330,10058
58700,363825,38336,175059,24523,325489,19390,9331,10059
58705,363856,38338,175073,24523,325518,19392,9333,10059
58710,363887,38340,175087,24524,325547,19394,9334,10060
58715,363918,38342,175101,24524,325576,19396,9335,10061
58720,363949,38344,175114,24524,325605,19398,9336,10062
58725,363980,38346,175122,24525,325634,19400,9337,10063
58730,364011,38348,175137,24526,325663,19402,9338,10064
58735,364042,38350,175157,24528,325692,19404,9339,10065
58740,364073,38352,175169,24528,325721,19406,9341,10065
58745,364104,38354,175178,24530,325750,19408,9342,10066
58750,364135,38356,175196,24532,325779,19410,9343,10067
58755,364166,38358,175208,24533,325808,19412,9343,10069
58760,364197,38360,175229,24535,325837,19414,9345,10069
58765,364228,38362,175243,24535,325866,19416,9345,10071
58770,364259,38364,175256,24535,325895,19418,9346,10072
58775,364290,38367,175270,24536,325922,19420,9347,10073
58780,364321,38373,175286,24540,325948,19422,9347,10075
58785,364352,38379,175301,24545,325973,19424,9347,10077
58790,364383,38385,175319,24548,325998,19426,9349,10077
58795,364414,38392,175334,24552,326022,19428,9350,10078
58800,364445,38397,175343,24554,326048,19430,9350,10080
58805,364476,38401,175357,24557,326075,19432,9352,10080
58810,364507,38407,175370,24561,326100,19434,9354,10080
58815,364538,38412,175385,24564,326125,19436,9356,10080
58820,364569,38419,175402,24568,326149,19438,9356,10082
58825,364600,38427,175420,24575,326172,19440,9358,10082
58830,364631,38434,175440,24580,326197,19442,9360,10082
58835,364662,38438,175458,24583,326223,19444,9361,10083
58840,364693,38443,175471,24587,326250,19446,9363,10083
58845,364724,38445,175487,24587,326279,19448,9363,10085
58850,364755,38447,175506,24589,326308,19450,9364,10086
58855,364786,38449,175521,24590,326337,19452,9365,10087
58860,364817,38451,175531,24590,326366,19454,9365,10089
58865,364848,38453,175545,24591,326395,19456,9367,10089
58870,364879,38455,175560,24592,326424,19458,9368,10090
58875,364910,38457,175576,24594,326452,19460,9369,10091
58880,364941,38459,175588,24595,326480,19462,9371,10091
58885,364972,38461,175605,24596,326509,19464,9372,10092
58890,365003,38463,175621,24596,326540,19466,9374,10092
58895,365034,38465,175633,24597,326569,19468,9374,10094
58900,365065,38467,175646,24598,326598,19470,9374,10096
58905,365096,38469,175666,24598,326627,19472,9376,10096
58910,365127,38471,175682,24598,326656,19474,9376,10098
58915,365158,38473,175693,24599,326685,19476,9376,10100
58920,365189,38475,175705,24600,326714,19478,9376,10102
58925,365220,38477,175721,24601,326743,19478,9376,10102
58930,365251,38479,175739,24602,326772,19478,9376,10102
58935,365282,38481,175752,24602,326801,19478,9376,10102
58940,365313,38485,175765,24603,326828,19478,9376,10102
58945,365344,38489,175783,24606,326855,19478,9376,10102
58950,365375,38494,175797,24609,326881,19478,9376,10102
58955,365406,38499,175810,24613,326907,19478,9376,10102
58960,365437,38504,175824,24615,326933,19478,9376,10102
58965,365468,38509,175838,24618,326958,19478,9376,10102
58970,365499,38519,175859,24627,326975,19478,9376,10102
58975,365530,38525,175878,24633,327004,19478,9376,10102
58980,365561,38528,175897,24636,327031,19478,9376,10102
58985,365592,38531,175909,24637,327061,19478,9376,10102
58990,365623,38534,175922,24639,327089,19478,9376,10102
58995,365654,38538,175941,24643,327115,19478,9376,10102
59000,365685,38543,175960,24647,327142,19478,9376,10102
59005,365716,38548,175979,24650,327168,19478,9376,10102
59010,365747,38551,175995,24651,327195,19478,9376,10102
59015,365778,38557,176010,24655,327220,19478,9376,10102
59020,365809,38564,176027,24661,327245,19478,9376,10102
59025,365840,38568,176042,24662,327272,19479,9376,10103
59030,365871,38570,176055,24662,327301,19481,9376,10105
59035,365902,38572,176072,24663,327329,19483,9377,10106
59040,365933,38574,176089,24664,327359,19485,9377,10108
59045,365964,38576,176104,24665,327387,19487,9379,10108
59050,365995,38578,176120,24666,327416,19489,9379,10110
59055,366026,38580,176128,24666,327445,19491,9379,10112
59060,366057,38582,176139,24667,327474,19493,9381,10112
59065,366088,38584,176149,24668,327504,19495,9381,10114
59070,366119,38586,176162,24669,327532,19497,9383,10114
59075,366150,38588,176177,24671,327562,19499,9383,10116
59080,366181,38591,176189,24671,327589,19501,9384,10117
59085,366212,38594,176204,24672,327618,19503,9386,10117
59090,366243,38597,176218,24674,327645,19505,9387,10118
59095,366274,38601,176233,24677,327672,19507,9388,10119
59100,366305,38606,176245,24680,327697,19509,9388,10121
59105,366336,38611,176262,24683,327724,19511,9389,10122
59110,366367,38615,176275,24686,327752,19513,9390,10123
59115,366398,38620,176292,24690,327776,19515,9391,10124
59120,366429,38626,176307,24695,327802,19517,9391,10126
59125,366460,38631,176322,24699,327826,19519,9391,10128
59130,366491,38633,176336,24700,327856,19521,9391,10130
59135,366522,38637,176350,24702,327883,19523,9391,10132
59140,366553,38641,176364,24703,327910,19525,9391,10134
59145,366584,38647,176379,24708,327936,19527,9393,10134
59150,366615,38652,176397,24713,327960,19529,9393,10136
59155,366646,38661,176410,24720,327984,19531,9395,10136
59160,366677,38666,176430,24724,328010,19533,9396,10137
59165,366708,38669,176443,24726,328039,19535,9396,10139
59170,366739,38671,176457,24727,328068,19537,9396,10141
59175,366770,38673,176468,24728,328097,19539,9397,10142
59180,366801,38675,176486,24730,328126,19541,9398,10143
59185,366832,38677,176500,24730,328155,19543,9400,10143
59190,366863,38679,176513,24731,328184,19545,9400,10145
59195,366894,38681,176533,24732,328213,19547,9401,10146
59200,366925,38683,176550,24733,328242,19549,9402,10147
59205,366956,38685,176568,24734,328269,19551,9402,10149
59210,366987,38687,176583,24735,328299,19553,9404,10149
59215,367018,38689,176591,24735,328328,19555,9404,10151
59220,367049,38691,176608,24735,328356,19557,9406,10151
59225,367080,38691,176620,24735,328389,19559,9407,10152
59230,367111,38691,176630,24735,328420,19561,9407,10154
59235,367142,38693,176644,24736,328449,19563,9407,10156
59240,367173,38695,176657,24738,328478,19565,9408,10157
59245,367204,38697,176669,24740,328507,19567,9409,10158
59250,367235,38701,176682,24743,328533,19569,9410,10159
59255,367266,38704,176698,24746,328562,19571,9410,10161
59260,367297,38707,176713,24749,328588,19573,9411,10162
59265,367328,38711,176728,24752,328614,19575,9411,10164
59270,367359,38714,176745,24754,328644,19577,9413,10164
59275,367390,38716,176755,24755,328673,19579,9415,10164
59280,367421,38719,176768,24758,328701,19581,9416,10165
59285,367452,38722,176787,24760,328729,19583,9417,10166
59290,367483,38724,176801,24762,328758,19585,9418,10167
59295,367514,38727,176821,24765,328786,19587,9419,10168
59300,367545,38731,176838,24768,328813,19589,9420,10169
59305,367576,38733,176852,24770,328843,19591,9421,10170
59310,367607,38735,176867,24771,328872,19593,9421,10172
59315,367638,38735,176883,24771,328903,19595,9423,10172
59320,367669,38735,176900,24771,328934,19597,9425,10172
59325,367700,38736,176914,24772,328963,19599,9426,10173
59330,367731,38738,176928,24772,328993,19601,9428,10173
59335,367762,38740,176943,24773,329022,19603,9430,10173
59340,367793,38742,176958,24774,329051,19605,9431,10174
59345,367824,38744,176975,24775,329080,19607,9431,10176
59350,367855,38746,176990,24776,329109,19609,9432,10177
59355,367886,38748,177008,24777,329138,19611,9433,10178
59360,367917,38750,177019,24777,329166,19613,9433,10180
59365,367948,38752,177034,24777,329196,19615,9434,10181
59370,367979,38755,177047,24778,329224,19617,9434,10183
59375,368010,38758,177066,24780,329251,19619,9436,10183
59380,368041,38761,177083,24781,329279,19621,9437,10184
59385,368072,38764,177093,24781,329307,19623,9437,10186
59390,368103,38767,177110,24783,329334,19625,9438,10187
59395,368134,38773,177131,24788,329359,19627,9440,10187
59400,368165,38778,177150,24792,329386,19629,9441,10188
59405,368196,38783,177168,24795,329411,19631,9443,10188
59410,368227,38790,177183,24800,329436,19633,9443,10190
59415,368258,38794,177202,24804,329464,19635,9443,10192
59420,368289,38796,177221,24806,329491,19637,9443,10194
59425,368320,38800,177229,24807,329520,19639,9444,10195
59430,368351,38803,177244,24809,329547,19641,9445,10196
59435,368382,38806,177263,24810,329576,19643,9446,10197
59440,368413,38809,177276,24813,329604,19645,9447,10198
59445,368444,38812,177297,24815,329632,19647,9448,10199
59450,368475,38815,177309,24816,329660,19649,9449,10200
59455,368506,38818,177326,24818,329687,19651,9450,10201
59460,368537,38822,177344,24820,329714,19653,9452,10201
59465,368568,38826,177359,24824,329742,19654,9453,10201
59470,368599,38829,177372,24824,329770,19655,9453,10202
59475,368630,38834,177384,24826,329795,19656,9454,10202
59480,368661,38839,177396,24831,329822,19657,9455,10202
59485,368692,38845,177415,24837,329846,19658,9456,10202
59490,368723,38851,177430,24841,329872,19659,9457,10202
59495,368754,38855,177444,24844,329898,19660,9457,10203
59500,368785,38857,177457,24846,329928,19661,9458,10203
59505,368816,38859,177469,24847,329956,19662,9458,10204
59510,368847,38861,177484,24848,329986,19663,9458,10205
59515,368878,38863,177497,24848,330015,19664,9458,10206
59520,368909,38868,177514,24851,330041,19665,9459,10206
59525,368940,38873,177527,24855,330067,19665,9459,10206
59530,368971,38877,177541,24856,330094,19665,9459,10206
59535,369002,38881,177554,24858,330121,19665,9459,10206
59540,369033,38885,177568,24861,330148,19665,9459,10206
59545,369064,38892,177585,24866,330171,19665,9459,10206
59550,369095,38896,177603,24870,330198,19665,9459,10206
59555,369126,38898,177618,24870,330226,19665,9459,10206
59560,369157,38900,177636,24871,330257,19665,9459,10206
59565,369188,38902,177646,24873,330285,19665,9459,10206
59570,369219,38904,177660,24875,330315,19666,9460,10206
59575,369250,38906,177674,24877,330343,19667,9461,10206
59580,369281,38908,177694,24878,330373,19668,9462,10206
59585,369312,38910,177708,24878,330402,19669,9463,10206
59590,369343,38912,177721,24879,330431,19670,9464,10206
59595,369374,38914,177738,24879,330460,19671,9465,10206
59600,369405,38916,177755,24880,330488,19672,9465,10207
59605,369436,38920,177775,24883,330514,19673,9466,10207
59610,369467,38924,177789,24884,330543,19674,9467,10207
59615,369498,38927,177805,24887,330571,19675,9467,10208
59620,369529,38930,177816,24890,330599,19676,9468,10208
59625,369560,38933,177827,24891,330627,19678,9469,10209
59630,369591,38936,177844,24894,330655,19680,9469,10211
59635,369622,38939,177859,24897,330683,19682,9469,10213
59640,369653,38942,177872,24899,330711,19684,9470,10214
59645,369684,38946,177887,24901,330738,19686,9472,10214
59650,369715,38949,177902,24902,330766,19688,9474,10214
59655,369746,38956,177913,24907,330790,19690,9475,10215
59660,369777,38962,177930,24912,330814,19692,9476,10216
59665,369808,38969,177944,24917,330839,19694,9476,10218
59670,369839,38975,177957,24920,330862,19696,9476,10220
59675,369870,38983,177973,24925,330886,19698,9478,10220
59680,369901,38990,177986,24929,330911,19700,9480,10220
59685,369932,38995,178003,24932,330936,19702,9482,10220
59690,369963,39001,178022,24937,330961,19704,9483,10221
59695,369994,39006,178035,24940,330988,19706,9484,10222
59700,370025,39008,178052,24941,331017,19708,9485,10223
59705,370056,39010,178067,24943,331046,19710,9485,10225
59710,370087,39012,178081,24945,331075,19712,9485,10227
59715,370118,39014,178095,24947,331102,19714,9485,10229
59720,370149,39016,178108,24948,331131,19716,9485,10231
59725,370180,39018,178124,24949,331160,19718,9486,10232
59730,370211,39020,178138,24950,331191,19720,9486,10234
59735,370242,39022,178155,24951,331220,19722,9488,10234
59740,370273,39024,178175,24953,331249,19724,9490,10234
59745,370304,39026,178196,24953,331278,19726,9491,10235
59750,370335,39028,178214,24954,331307,19728,9492,10236
59755,370366,39030,178229,24954,331336,19730,9493,10237
59760,370397,39032,178244,24954,331365,19732,9495,10237
59765,370428,39034,178258,24955,331394,19734,9497,10237
59770,370459,39036,178270,24957,331423,19736,9497,10239
59775,370490,39038,178285,24957,331452,19738,9499,10239
59780,370521,39040,178303,24957,331480,19740,9500,10240
59785,370552,39044,178317,24959,331508,19742,9502,10240
59790,370583,39049,178333,24963,331534,19744,9502,10242
59795,370614,39054,178352,24967,331559,19746,9502,10244
59800,370645,39060,178369,24971,331584,19748,9503,10245
59805,370676,39066,178380,24974,331609,19750,9504,10246
59810,370707,39072,178393,24979,331635,19752,9505,10247
59815,370738,39076,178408,24981,331662,19754,9505,10249
59820,370769,39081,178423,24984,331688,19756,9505,10251
59825,370800,39084,178433,24984,331716,19758,9506,10252
59830,370831,39087,178449,24985,331744,19760,9507,10253
59835,370862,39090,178458,24986,331772,19762,9507,10255
59840,370893,39093,178471,24988,331800,19764,9507,10257
59845,370924,39096,178490,24990,331828,19766,9507,10259
59850,370955,39099,178501,24990,331856,19768,9508,10260
59855,370986,39102,178514,24992,331884,19770,9509,10261
59860,371017,39105,178529,24993,331912,19772,9509,10263
59865,371048,39108,178545,24996,331940,19774,9510,10264
59870,371079,39112,178556,24998,331967,19776,9511,10265
59875,371110,39117,178570,25000,331993,19778,9511,10267
59880,371141,39121,178588,25002,332020,19780,9513,10267
59885,371172,39127,178607,25006,332044,19782,9515,10267
59890,371203,39131,178623,25007,332069,19784,9517,10267
59895,371234,39135,178637,25008,332097,19786,9518,10268
59900,371265,39139,178653,25011,332124,19788,9520,10268
59905,371296,39141,178663,25011,332155,19790,9521,10269
59910,371327,39143,178680,25013,332183,19792,9523,10269
59915,371358,39145,178697,25014,332212,19794,9524,10270
59920,371389,39147,178710,25015,332242,19796,9524,10272
59925,371420,39149,178724,25015,332270,19798,9525,10273
59930,371451,39153,178739,25017,332298,19800,9526,10274
59935,371482,39156,178755,25019,332325,19802,9528,10274
59940,371513,39160,178771,25022,332352,19804,9529,10275
59945,371544,39164,178791,25026,332379,19806,9530,10276
59950,371575,39168,178807,25027,332407,19808,9532,10276
59955,371606,39171,178821,25030,332435,19810,9533,10277
59960,371637,39174,178835,25032,332462,19812,9533,10279
59965,371668,39178,178848,25034,332490,19814,9535,10279
59970,371699,39181,178862,25035,332518,19816,9535,10281
59975,371730,39184,178880,25037,332546,19818,9536,10282
59980,371761,39187,178893,25038,332573,19820,9536,10284
59985,371792,39191,178909,25041,332601,19822,9538,10284
59990,371823,39194,178924,25041,332629,19824,9538,10286
59995,371854,39197,178938,25043,332656,19826,9539,10287
60000,371885,39202,178950,25045,332683,19828,9540,10288
60005,371916,39207,178964,25048,332709,19830,9541,10289
60010,371947,39211,178977,25049,332736,19832,9542,10290
60015,371978,39214,178993,25051,332764,19834,9543,10291
60020,372009,39218,179012,25055,332789,19836,9545,10291
60025,372040,39220,179028,25055,332818,19838,9547,10291
60030,372071,39222,179041,25055,332849,19840,9549,10291
60035,372102,39226,179054,25058,332876,19842,9550,10292
60040,372133,39229,179067,25060,332904,19844,9550,10294
60045,372164,39231,179084,25062,332933,19846,9552,10294
60050,372195,39233,179096,25063,332962,19848,9552,10296
60055,372226,39236,179112,25065,332990,19850,9552,10298
60060,372257,39238,179126,25065,333018,19852,9553,10299
60065,372288,39243,179143,25069,333044,19852,9553,10299
60070,372319,39248,179162,25074,333070,19852,9553,10299
60075,372350,39249,179177,25075,333101,19852,9553,10299
60080,372381,39250,179196,25076,333130,19852,9553,10299
60085,372412,39251,179213,25077,333160,19852,9553,10299
60090,372443,39252,179225,25078,333190,19852,9553,10299
60095,372474,39253,179240,25078,333220,19852,9553,10299
60100,372505,39254,179256,25078,333250,19852,9553,10299
60105,372536,39255,179273,25078,333281,19852,9553,10299
60110,372567,39257,179288,25079,333310,19852,9553,10299
60115,372598,39259,179305,25079,333339,19852,9553,10299
60120,372629,39262,179318,25082,333366,19852,9553,10299
60125,372660,39266,179334,25084,333394,19852,9553,10299
60130,372691,39269,179346,25084,333422,19852,9553,10299
60135,372722,39272,179364,25087,333450,19852,9553,10299
60140,372753,39275,179380,25087,333477,19852,9553,10299
60145,372784,39279,179393,25090,333505,19852,9553,10299
60150,372815,39282,179413,25092,333533,19852,9553,10299
60155,372846,39286,179432,25095,333560,19852,9553,10299
60160,372877,39289,179442,25096,333588,19852,9553,10299
60165,372908,39293,179453,25099,333615,19853,9554,10299
60170,372939,39298,179469,25103,333641,19855,9556,10299
60175,372970,39305,179483,25109,333664,19857,9556,10301
60180,373001,39313,179498,25115,333687,19859,9556,10303
60185,373032,39318,179515,25118,333713,19861,9558,10303
60190,373063,39322,179530,25120,333740,19863,9559,10304
60195,373094,39325,179543,25122,333769,19865,9559,10306
60200,373125,39329,179563,25124,333795,19867,9560,10307
60205,373156,39333,179581,25128,333822,19869,9561,10308
60210,373187,39338,179598,25131,333849,19871,9563,10308
60215,373218,39343,179611,25134,333873,19873,9564,10309
60220,373249,39347,179625,25137,333902,19875,9565,10310
60225,373280,39351,179637,25138,333928,19877,9567,10310
60230,373311,39353,179652,25139,333958,19879,9567,10312
60235,373342,39355,179667,25140,333987,19881,9568,10313
60240,373373,39357,179684,25142,334016,19883,9570,10313
60245,373404,39359,179694,25143,334045,19885,9570,10315
60250,373435,39361,179713,25144,334074,19887,9571,10316
60255,373466,39363,179728,25144,334103,19889,9573,10316
60260,373497,39365,179745,25146,334132,19891,9573,10318
60265,373528,39367,179764,25147,334161,19893,9574,10319
60270,373559,39369,179777,25148,334190,19895,9574,10321
60275,373590,39371,179794,25149,334219,19897,9575,10322
60280,373621,39373,179809,25150,334248,19899,9577,10322
60285,373652,39375,179828,25151,334277,19901,9577,10324
60290,373683,39378,179844,25153,334305,19903,9578,10325
60295,373714,39381,179858,25155,334333,19905,9579,10326
60300,373745,39385,179874,25159,334360,19907,9580,10327
60305,373776,39387,179887,25160,334389,19909,9581,10328
60310,373807,39389,179901,25160,334418,19911,9583,10328
60315,373838,39391,179922,25161,334447,19913,9585,10328
60320,373869,39394,179934,25163,334475,19915,9585,10330
60325,373900,39398,179951,25167,334502,19917,9586,10331
60330,373931,39402,179964,25169,334529,19919,9587,10332
60335,373962,39408,179980,25173,334554,19921,9588,10333
60340,373993,39412,179992,25175,334580,19923,9590,10333
60345,374024,39418,180010,25178,334605,19925,9591,10334
60350,374055,39421,180023,25180,334633,19927,9591,10336
60355,374086,39424,180039,25183,334660,19929,9592,10337
60360,374117,39426,180053,25183,334689,19931,9594,10337
60365,374148,39429,180068,25185,334719,19933,9596,10337
60370,374179,39431,180083,25185,334748,19935,9597,10338
60375,374210,39433,180101,25186,334777,19937,9598,10339
60380,374241,39436,180117,25188,334805,19939,9599,10340
60385,374272,39438,180125,25188,334834,19941,9599,10342
60390,374303,39441,180143,25191,334862,19943,9600,10343
60395,374334,39445,180161,25195,334889,19945,9600,10345
60400,374365,39449,180173,25198,334916,19947,9600,10347
60405,374396,39452,180190,25200,334944,19949,9601,10348
60410,374427,39456,180204,25203,334971,19951,9603,10348
60415,374458,39460,180216,25205,334997,19953,9603,10350
60420,374489,39465,180232,25209,335023,19955,9603,10352
60425,374520,39467,180245,25209,335053,19957,9604,10353
60430,374551,39469,180261,25209,335082,19959,9605,10354
60435,374582,39471,180274,25209,335110,19961,9607,10354
60440,374613,39473,180294,25209,335140,19963,9607,10356
60445,374644,39475,180312,25211,335169,19965,9608,10357
60450,374675,39477,180323,25212,335198,19967,9609,10358
60455,374706,39479,180343,25214,335226,19969,9611,10358
60460,374737,39483,180356,25217,335254,19971,9611,10360
60465,374768,39486,180372,25218,335282,19973,9613,10360
60470,374799,39489,180386,25220,335310,19975,9615,10360
60475,374830,39492,180392,25221,335337,19977,9615,10362
60480,374861,39497,180411,25225,335362,19979,9616,10363
60485,374892,39501,180423,25227,335390,19981,9616,10365
60490,374923,39504,180437,25228,335418,19983,9617,10366
60495,374954,39508,180450,25231,335446,19985,9617,10368
60500,374985,39512,180468,25233,335473,19987,9618,10369
60505,375016,39515,180485,25236,335500,19989,9619,10370
60510,375047,39519,180499,25239,335528,19991,9620,10371
60515,375078,39523,180518,25241,335554,19993,9621,10372
60520,375109,39527,180534,25243,335580,19995,9621,10374
60525,375140,39532,180551,25246,335606,19997,9623,10374
60530,375171,39541,180566,25252,335629,19999,9624,10375
60535,375202,39546,180578,25255,335655,20001,9624,10377
60540,375233,39549,180590,25256,335684,20003,9625,10378
60545,375264,39552,180608,25258,335711,20005,9626,10379
60550,375295,39555,180626,25260,335739,20007,9627,10380
60555,375326,39558,180636,25260,335768,20009,9628,10381
60560,375357,39561,180652,25263,335796,20011,9628,10383
60565,375388,39564,180670,25264,335824,20013,9628,10385
60570,375419,39567,180681,25265,335852,20015,9628,10387
60575,375450,39571,180692,25268,335879,20017,9629,10388
60580,375481,39574,180703,25268,335907,20019,9630,10389
60585,375512,39577,180721,25269,335935,20021,9632,10389
60590,375543,39581,180734,25271,335961,20023,9633,10390
60595,375574,39585,180748,25272,335989,20025,9634,10391
60600,375605,39589,180760,25275,336015,20027,9634,10393
60605,375636,39594,180772,25277,336041,20027,9634,10393
60610,375667,39598,180784,25280,336069,20027,9634,10393
60615,375698,39601,180792,25282,336097,20027,9634,10393
60620,375729,39603,180809,25282,336125,20027,9634,10393
60625,375760,39605,180822,25283,336154,20027,9634,10393
60630,375791,39607,180836,25284,336184,20027,9634,10393
60635,375822,39609,180851,25284,336211,20027,9634,10393
60640,375853,39613,180863,25285,336239,20027,9634,10393
60645,375884,39616,180879,25287,336268,20027,9634,10393
60650,375915,39619,180891,25289,336296,20027,9634,10393
60655,375946,39622,180908,25292,336323,20027,9634,10393
60660,375977,39627,180921,25296,336350,20027,9634,10393
60665,376008,39631,180934,25297,336377,20027,9634,10393
60670,376039,39636,180950,25302,336402,20027,9634,10393
60675,376070,39643,180961,25307,336427,20027,9634,10393
60680,376101,39646,180970,25307,336455,20027,9634,10393
60685,376132,39652,180988,25312,336479,20027,9634,10393
60690,376163,39655,181005,25314,336508,20027,9634,10393
60695,376194,39657,181015,25314,336537,20027,9634,10393
60700,376225,39659,181033,25316,336566,20027,9634,10393
60705,376256,39661,181051,25317,336594,20028,9634,10394
60710,376287,39663,181069,25318,336624,20030,9634,10396
60715,376318,39665,181081,25319,336653,20032,9635,10397
60720,376349,39669,181096,25320,336680,20034,9636,10398
60725,376380,39673,181114,25322,336707,20036,9637,10399
60730,376411,39677,181126,25324,336734,20038,9637,10401
60735,376442,39680,181141,25325,336762,20040,9637,10403
60740,376473,39684,181152,25326,336789,20042,9638,10404
60745,376504,39690,181172,25330,336814,20044,9638,10406
60750,376535,39695,181187,25335,336840,20046,9639,10407
60755,376566,39700,181204,25339,336866,20048,9640,10408
60760,376597,39704,181219,25340,336893,20050,9640,10410
60765,376628,39706,181234,25341,336921,20052,9640,10412
60770,376659,39708,181249,25342,336950,20054,9642,10412
60775,376690,39710,181263,25343,336979,20056,9644,10412
60780,376721,39712,181278,25343,337008,20058,9644,10414
60785,376752,39713,181292,25343,337039,20060,9645,10415
60790,376783,39714,181306,25343,337069,20062,9647,10415
60795,376814,39716,181321,25344,337097,20064,9648,10416
60800,376845,39719,181339,25346,337124,20066,9649,10417
60805,376876,39722,181355,25348,337154,20068,9650,10418
60810,376907,39725,181372,25349,337182,20070,9651,10419
60815,376938,39729,181385,25352,337208,20072,9652,10420
60820,376969,39734,181400,25356,337234,20074,9654,10420
60825,377000,39738,181411,25359,337261,20076,9654,10422
60830,377031,39742,181425,25362,337288,20078,9655,10423
60835,377062,39746,181436,25364,337315,20080,9656,10424
60840,377093,39748,181453,25365,337345,20082,9657,10425
60845,377124,39749,181468,25365,337375,20084,9658,10426
60850,377155,39750,181482,25366,337405,20086,9660,10426
60855,377186,39751,181496,25367,337435,20088,9661,10427
60860,377217,39752,181513,25367,337465,20090,9663,10427
60865,377248,39753,181530,25367,337495,20092,9664,10428
60870,377279,39755,181546,25368,337524,20094,9666,10428
60875,377310,39757,181558,25369,337553,20096,9667,10429
60880,377341,39759,181568,25371,337582,20098,9668,10430
60885,377372,39761,181583,25372,337611,20100,9670,10430
60890,377403,39765,181599,25376,337638,20102,9671,10431
60895,377434,39768,181608,25377,337665,20104,9673,10431
60900,377465,39773,181627,25381,337691,20106,9674,10432
60905,377496,39778,181643,25384,337718,20108,9675,10433
60910,377527,39781,181660,25387,337746,20110,9675,10435
60915,377558,39786,181679,25391,337772,20112,9677,10435
60920,377589,39790,181695,25392,337799,20114,9679,10435
60925,377620,39795,181708,25395,337825,20116,9680,10436
60930,377651,39799,181720,25398,337852,20118,9681,10437
60935,377682,39804,181736,25402,337878,20120,9683,10437
60940,377713,39806,181752,25403,337907,20122,9685,10437
60945,377744,39809,181770,25404,337935,20124,9687,10437
60950,377775,39812,181784,25405,337963,20126,9689,10437
60955,377806,39815,181798,25407,337991,20128,9691,10437
60960,377837,39818,181814,25409,338019,20130,9693,10437
60965,377868,39821,181832,25411,338047,20132,9694,10438
60970,377899,39824,181847,25412,338074,20134,9694,10440
60975,377930,39827,181860,25412,338102,20136,9694,10442
60980,377961,39830,181869,25413,338131,20138,9694,10444
60985,377992,39834,181882,25414,338157,20140,9694,10446
60990,378023,39838,181899,25416,338184,20142,9695,10447
60995,378054,39841,181913,25417,338213,20144,9695,10449
61000,378085,39844,181925,25417,338241,20146,9696,10450
61005,378116,39848,181935,25419,338268,20148,9696,10452
61010,378147,39853,181952,25422,338293,20150,9697,10453
61015,378178,39859,181966,25426,338317,20152,9698,10454
61020,378209,39866,181985,25432,338342,20154,9700,10454
61025,378240,39868,182002,25432,338371,20156,9701,10455
61030,378271,39870,182018,25434,338401,20158,9702,10456
61035,378302,39872,182035,25434,338429,20160,9703,10457
61040,378333,39875,182049,25435,338458,20162,9705,10457
61045,378364,39878,182061,25435,338486,20164,9705,10459
61050,378395,39881,182077,25436,338514,20166,9706,10460
61055,378426,39884,182091,25437,338542,20168,9707,10461
61060,378457,39887,182104,25439,338570,20170,9709,10461
61065,378488,39890,182121,25441,338598,20172,9709,10463
61070,378519,39893,182138,25444,338626,20174,9710,10464
61075,378550,39896,182155,25447,338654,20176,9710,10466
61080,378581,39899,182172,25448,338682,20178,9712,10466
61085,378612,39902,182188,25449,338710,20180,9713,10467
61090,378643,39906,182202,25451,338737,20182,9715,10467
61095,378674,39910,182221,25454,338763,20184,9717,10467
61100,378705,39914,182240,25456,338789,20186,9719,10467
61105,378736,39918,182257,25459,338817,20188,9719,10469
61110,378767,39921,182268,25460,338846,20190,9720,10470
61115,378798,39925,182283,25463,338872,20192,9721,10471
61120,378829,39929,182296,25466,338899,20194,9721,10473
61125,378860,39934,182313,25468,338925,20196,9723,10473
61130,378891,39940,182330,25473,338950,20198,9723,10475
61135,378922,39947,182344,25477,338974,20200,9725,10475
61140,378953,39951,182360,25479,339002,20202,9725,10477
61145,378984,39953,182368,25479,339030,20203,9726,10477
61150,379015,39956,182382,25481,339059,20204,9727,10477
61155,379046,39959,182398,25483,339087,20205,9727,10478
61160,379077,39962,182414,25485,339114,20206,9728,10478
61165,379108,39965,182431,25488,339143,20207,9729,10478
61170,379139,39970,182443,25492,339168,20208,9729,10479
61175,379170,39975,182458,25496,339194,20209,9729,10480
61180,379201,39978,182473,25499,339223,20210,9729,10481
61185,379232,39979,182486,25500,339253,20211,9730,10481
61190,379263,39980,182496,25500,339283,20212,9730,10482
61195,379294,39981,182513,25500,339311,20213,9731,10482
61200,379325,39982,182523,25500,339343,20214,9732,10482
61205,379356,39983,182534,25501,339373,20214,9732,10482
61210,379387,39984,182549,25502,339403,20214,9732,10482
61215,379418,39985,182562,25502,339433,20214,9732,10482
61220,379449,39986,182582,25502,339463,20214,9732,10482
61225,379480,39987,182598,25503,339492,20214,9732,10482
61230,379511,39988,182613,25503,339523,20214,9732,10482
61235,379542,39989,182623,25503,339552,20214,9732,10482
61240,379573,39993,182636,25505,339579,20214,9732,10482
61245,379604,39996,182653,25507,339608,20214,9732,10482
61250,379635,40000,182665,25510,339634,20215,9733,10482
61255,379666,40003,182679,25512,339663,20216,9733,10483
61260,379697,40007,182699,25514,339689,20217,9733,10484
61265,379728,40010,182714,25516,339717,20218,9734,10484
61270,379759,40014,182727,25518,339744,20219,9734,10485
61275,379790,40018,182740,25520,339771,20220,9734,10486
61280,379821,40021,182752,25522,339800,20221,9735,10486
61285,379852,40024,182768,25522,339825,20222,9735,10487
61290,379883,40031,182785,25528,339852,20223,9736,10487
61295,379914,40036,182804,25531,339876,20224,9737,10487
61300,379945,40042,182820,25533,339903,20225,9738,10487
61305,379976,40048,182832,25537,339928,20227,9739,10488
61310,380007,40054,182851,25542,339951,20229,9741,10488
61315,380038,40063,182860,25549,339975,20231,9741,10490
61320,380069,40068,182875,25553,339997,20233,9742,10491
61325,380100,40075,182897,25560,340025,20235,9744,10491
61330,380131,40077,182917,25562,340054,20237,9746,10491
61335,380162,40079,182930,25563,340083,20239,9746,10493
61340,380193,40081,182943,25564,340112,20241,9748,10493
61345,380224,40083,182959,25565,340138,20243,9748,10495
61350,380255,40085,182980,25567,340167,20245,9748,10497
61355,380286,40087,182995,25568,340197,20247,9750,10497
61360,380317,40089,183008,25568,340228,20249,9752,10497
61365,380348,40091,183026,25570,340257,20251,9752,10499
61370,380379,40093,183044,25571,340286,20253,9753,10500
61375,380410,40095,183059,25572,340315,20255,9753,10502
61380,380441,40097,183076,25573,340344,20257,9754,10503
61385,380472,40099,183090,25574,340373,20259,9754,10505
61390,380503,40101,183105,25576,340402,20261,9755,10506
61395,380534,40103,183124,25577,340431,20263,9756,10507
61400,380565,40105,183139,25578,340460,20265,9758,10507
61405,380596,40107,183154,25579,340489,20267,9760,10507
61410,380627,40109,183169,25580,340518,20269,9762,10507
61415,380658,40111,183183,25581,340547,20271,9763,10508
61420,380689,40113,183196,25581,340576,20273,9764,10509
61425,380720,40115,183205,25582,340605,20275,9765,10510
61430,380751,40120,183215,25584,340630,20277,9765,10512
61435,380782,40125,183229,25586,340656,20279,9766,10513
61440,380813,40131,183244,25590,340680,20281,9767,10514
61445,380844,40139,183256,25595,340703,20283,9769,10514
61450,380875,40147,183274,25601,340726,20285,9771,10514
61455,380906,40153,183290,25605,340753,20287,9772,10515
61460,380937,40160,183307,25611,340777,20289,9772,10517
61465,380968,40164,183317,25612,340803,20291,9773,10518
61470,380999,40170,183332,25615,340828,20293,9774,10519
61475,381030,40177,183348,25621,340852,20295,9775,10520
61480,381061,40182,183365,25625,340878,20297,9776,10521
61485,381092,40185,183379,25628,340907,20299,9777,10522
61490,381123,40187,183393,25629,340934,20301,9777,10524
61495,381154,40189,183406,25631,340965,20303,9777,10526
61500,381185,40191,183419,25632,340992,20305,9778,10527
61505,381216,40193,183432,25634,341023,20307,9780,10527
61510,381247,40195,183448,25635,341051,20309,9781,10528
61515,381278,40197,183463,25637,341080,20311,9782,10529
61520,381309,40199,183482,25637,341109,20313,9783,10530
61525,381340,40201,183499,25638,341139,20315,9784,10531
61530,381371,40203,183518,25639,341167,20317,9785,10532
61535,381402,40205,183537,25639,341196,20319,9786,10533
61540,381433,40207,183559,25640,341226,20321,9787,10534
61545,381464,40209,183576,25642,341255,20323,9789,10534
61550,381495,40211,183592,25643,341284,20325,9790,10535
61555,381526,40213,183607,25643,341313,20327,9791,10536
61560,381557,40215,183625,25644,341341,20329,9792,10537
61565,381588,40217,183641,25646,341371,20331,9794,10537
61570,381619,40219,183664,25648,341399,20333,9795,10538
61575,381650,40221,183678,25650,341428,20335,9796,10539
61580,381681,40223,183699,25652,341458,20337,9798,10539
61585,381712,40225,183710,25653,341486,20339,9798,10541
61590,381743,40229,183730,25654,341513,20341,9800,10541
61595,381774,40233,183748,25657,341541,20343,9800,10543
61600,381805,40238,183766,25658,341567,20345,9801,10544
61605,381836,40242,183779,25658,341593,20347,9803,10544
61610,381867,40248,183792,25662,341619,20349,9803,10546
61615,381898,40254,183808,25666,341643,20351,9803,10548
61620,381929,40262,183821,25670,341666,20353,9804,10549
61625,381960,40269,183838,25676,341690,20355,9804,10551
61630,381991,40275,183854,25681,341715,20357,9806,10551
61635,382022,40282,183873,25686,341738,20359,9808,10551
61640,382053,40288,183893,25691,341764,20361,9810,10551
61645,382084,40291,183907,25693,341792,20363,9812,10551
61650,382115,40293,183918,25694,341822,20365,9813,10552
61655,382146,40296,183934,25696,341849,20367,9813,10554
61660,382177,40299,183947,25699,341877,20369,9814,10555
61665,382208,40300,183965,25700,341908,20371,9814,10557
61670,382239,40301,183977,25701,341938,20373,9814,10559
61675,382270,40302,183993,25702,341968,20375,9814,10561
61680,382301,40303,184005,25703,341998,20377,9814,10563
61685,382332,40304,184017,25704,342028,20378,9814,10564
61690,382363,40305,184035,25704,342058,20379,9815,10564
61695,382394,40306,184048,25705,342088,20380,9816,10564
61700,382425,40307,184061,25706,342117,20381,9817,10564
61705,382456,40308,184078,25707,342147,20382,9817,10565
61710,382487,40309,184098,25708,342176,20383,9818,10565
61715,382518,40310,184113,25709,342208,20384,9819,10565
61720,382549,40311,184130,25710,342237,20385,9820,10565
61725,382580,40312,184144,25711,342267,20386,9820,10566
61730,382611,40314,184162,25713,342296,20387,9821,10566
61735,382642,40316,184175,25713,342325,20388,9822,10566
61740,382673,40318,184191,25714,342353,20389,9822,10567
61745,382704,40320,184207,25714,342383,20390,9822,10568
61750,382735,40323,184221,25714,342410,20391,9823,10568
61755,382766,40327,184240,25716,342438,20392,9823,10569
61760,382797,40330,184258,25718,342466,20393,9824,10569
61765,382828,40335,184275,25722,342493,20394,9824,10570
61770,382859,40340,184290,25725,342519,20395,9824,10571
61775,382890,40348,184304,25730,342542,20396,9825,10571
61780,382921,40358,184322,25739,342561,20397,9825,10572
61785,382952,40366,184340,25746,342585,20398,9826,10572
61790,382983,40371,184359,25750,342612,20400,9826,10574
61795,383014,40374,184371,25751,342640,20402,9826,10576
61800,383045,40377,184386,25754,342668,20404,9827,10577
61805,383076,40380,184401,25756,342696,20405,9827,10578
61810,383107,40383,184418,25757,342724,20406,9827,10579
61815,383138,40386,184435,25759,342752,20407,9828,10579
61820,383169,40389,184453,25761,342780,20408,9829,10579
61825,383200,40392,184465,25761,342808,20409,9830,10579
61830,383231,40395,184481,25762,342836,20410,9830,10580
61835,383262,40398,184493,25762,342864,20411,9830,10581
61840,383293,40401,184508,25764,342892,20412,9830,10582
61845,383324,40405,184524,25766,342918,20413,9831,10582
61850,383355,40411,184544,25771,342942,20414,9831,10583
61855,383386,40415,184554,25774,342970,20415,9831,10584
61860,383417,40420,184568,25777,342997,20416,9831,10585
61865,383448,40422,184588,25779,343024,20417,9832,10585
61870,383479,40424,184600,25779,343054,20418,9832,10586
61875,383510,40426,184616,25779,343083,20419,9832,10587
61880,383541,40428,184633,25780,343113,20420,9833,10587
61885,383572,40430,184648,25781,343142,20421,9833,10588
61890,383603,40432,184662,25781,343169,20422,9833,10589
61895,383634,40437,184680,25784,343197,20423,9834,10589
61900,383665,40440,184700,25785,343224,20424,9835,10589
61905,383696,40445,184716,25787,343250,20426,9836,10590
61910,383727,40449,184729,25789,343276,20428,9836,10592
61915,383758,40455,184745,25792,343302,20430,9837,10593
61920,383789,40461,184762,25796,343324,20432,9838,10594
61925,383820,40466,184776,25800,343353,20434,9838,10596
61930,383851,40468,184788,25800,343383,20436,9840,10596
61935,383882,40470,184802,25802,343412,20438,9840,10598
61940,383913,40472,184813,25803,343441,20440,9840,10600
61945,383944,40474,184828,25803,343470,20442,9841,10601
61950,383975,40476,184842,25804,343499,20444,9842,10602
61955,384006,40478,184857,25805,343527,20446,9843,10603
61960,384037,40480,184869,25806,343557,20448,9844,10604
61965,384068,40482,184882,25807,343586,20450,9845,10605
61970,384099,40486,184897,25810,343613,20452,9846,10606
61975,384130,40490,184913,25812,343640,20454,9847,10607
61980,384161,40494,184930,25816,343667,20456,9849,10607
61985,384192,40498,184942,25819,343694,20458,9850,10608
61990,384223,40502,184956,25822,343720,20460,9851,10609
61995,384254,40509,184975,25828,343745,20462,9853,10609
62000,384285,40514,184989,25832,343771,20464,9854,10610
62005,384316,40519,185006,25835,343797,20466,9854,10612
62010,384347,40521,185018,25837,343825,20468,9855,10613
62015,384378,40523,185037,25839,343853,20470,9857,10613
62020,384409,40525,185054,25840,343882,20472,9857,10615
62025,384440,40527,185071,25841,343913,20474,9858,10616
62030,384471,40531,185086,25843,343938,20476,9859,10617
62035,384502,40535,185100,25846,343966,20478,9860,10618
62040,384533,40540,185113,25849,343992,20480,9862,10618
62045,384564,40545,185125,25852,344019,20482,9863,10619
62050,384595,40549,185139,25854,344044,20484,9864,10620
62055,384626,40554,185155,25858,344071,20486,9864,10622
62060,384657,40557,185171,25859,344099,20488,9865,10623
62065,384688,40560,185182,25861,344127,20490,9865,10625
62070,384719,40564,185198,25862,344154,20492,9865,10627
62075,384750,40567,185213,25863,344183,20494,9866,10628
62080,384781,40570,185227,25864,344210,20496,9866,10630
62085,384812,40575,185240,25868,344236,20498,9866,10632
62090,384843,40579,185253,25870,344263,20500,9867,10633
62095,384874,40582,185268,25872,344292,20502,9868,10634
62100,384905,40584,185282,25873,344321,20504,9869,10635
62105,384936,40585,185297,25873,344351,20506,9869,10637
62110,384967,40586,185310,25873,344381,20508,9871,10637
62115,384998,40588,185324,25875,344410,20510,9871,10639
62120,385029,40590,185342,25877,344439,20512,9871,10641
62125,385060,40592,185356,25878,344468,20514,9872,10642
62130,385091,40594,185373,25879,344497,20516,9872,10644
62135,385122,40596,185389,25880,344526,20518,9872,10646
62140,385153,40599,185407,25883,344554,20520,9872,10648
62145,385184,40603,185423,25885,344580,20522,9873,10649
62150,385215,40606,185437,25887,344608,20524,9873,10651
62155,385246,40609,185457,25889,344636,20526,9875,10651
62160,385277,40612,185470,25891,344663,20528,9876,10652
62165,385308,40617,185487,25895,344691,20530,9878,10652
62170,385339,40622,185505,25899,344717,20532,9878,10654
62175,385370,40625,185519,25901,344745,20534,9878,10656
62180,385401,40626,185537,25901,344775,20536,9879,10657
62185,385432,40627,185548,25901,344805,20538,9880,10658
62190,385463,40628,185564,25901,344835,20540,9881,10659
62195,385494,40629,185577,25901,344865,20542,9881,10661
62200,385525,40631,185595,25903,344893,20544,9882,10662
62205,385556,40636,185611,25907,344919,20546,9883,10663
62210,385587,40640,185621,25910,344947,20548,9883,10665
62215,385618,40643,185633,25911,344974,20550,9884,10666
62220,385649,40647,185645,25913,345002,20552,9885,10667
62225,385680,40650,185659,25914,345029,20553,9885,10668
62230,385711,40653,185672,25915,345056,20554,9886,10668
62235,385742,40657,185686,25916,345083,20555,9887,10668
62240,385773,40661,185701,25918,345110,20556,9887,10669
62245,385804,40664,185717,25919,345138,20557,9888,10669
62250,385835,40667,185734,25922,345167,20558,9888,10670
62255,385866,40670,185753,25923,345196,20559,9889,10670
62260,385897,40673,185769,25924,345224,20560,9890,10670
62265,385928,40676,185785,25925,345251,20561,9890,10671
62270,385959,40681,185800,25930,345277,20562,9890,10672
62275,385990,40684,185813,25932,345306,20563,9891,10672
62280,386021,40687,185830,25934,345333,20564,9892,10672
62285,386052,40693,185842,25937,345359,20565,9892,10673
62290,386083,40699,185854,25941,345383,20566,9893,10673
62295,386114,40702,185870,25941,345411,20567,9894,10673
62300,386145,40705,185886,25942,345440,20568,9894,10674
62305,386176,40708,185901,25943,345467,20569,9895,10674
62310,386207,40711,185915,25946,345496,20570,9895,10675
62315,386238,40714,185929,25947,345524,20571,9896,10675
62320,386269,40717,185943,25950,345551,20572,9896,10676
62325,386300,40721,185954,25952,345579,20573,9896,10677
62330,386331,40725,185970,25955,345606,20575,9896,10679
62335,386362,40729,185983,25958,345633,20577,9897,10680
62340,386393,40733,185991,25960,345660,20579,9898,10681
62345,386424,40737,186005,25962,345687,20581,9900,10681
62350,386455,40741,186020,25963,345713,20583,9902,10681
62355,386486,40745,186030,25966,345740,20585,9902,10683
62360,386517,40752,186050,25973,345763,20587,9902,10685
62365,386548,40755,186066,25976,345793,20589,9903,10686
62370,386579,40757,186081,25977,345822,20591,9904,10687
62375,386610,40759,186098,25978,345851,20593,9905,10688
62380,386641,40761,186114,25980,345880,20595,9906,10689
62385,386672,40763,186135,25982,345908,20597,9908,10689
62390,386703,40765,186149,25983,345936,20599,9910,10689
62395,386734,40769,186159,25986,345964,20601,9910,10691
62400,386765,40773,186169,25988,345991,20603,9910,10693
62405,386796,40776,186185,25989,346017,20604,9911,10693
62410,386827,40782,186203,25994,346044,20605,9911,10694
62415,386858,40787,186216,25997,346069,20606,9912,10694
62420,386889,40793,186228,26001,346096,20607,9913,10694
62425,386920,40796,186242,26003,346123,20608,9913,10695
62430,386951,40800,186255,26005,346149,20609,9914,10695
62435,386982,40804,186271,26008,346175,20610,9914,10696
62440,387013,40808,186286,26011,346205,20611,9914,10697
62445,387044,40810,186302,26013,346234,20612,9915,10697
62450,387075,40812,186324,26015,346262,20613,9916,10697
62455,387106,40814,186342,26016,346292,20614,9916,10698
62460,387137,40816,186352,26016,346321,20615,9916,10699
62465,387168,40817,186369,26017,346350,20616,9917,10699
62470,387199,40820,186382,26018,346379,20617,9917,10700
62475,387230,40824,186393,26021,346406,20618,9917,10701
62480,387261,40827,186409,26022,346434,20619,9918,10701
62485,387292,40830,186424,26023,346462,20620,9918,10702
62490,387323,40834,186438,26027,346489,20621,9918,10703
62495,387354,40837,186449,26030,346517,20622,9918,10704
62500,387385,40840,186467,26031,346545,20623,9919,10704
62505,387416,40842,186477,26031,346574,20625,9920,10705
62510,387447,40845,186491,26033,346602,20627,9922,10705
62515,387478,40849,186508,26037,346629,20629,9923,10706
62520,387509,40852,186521,26039,346657,20631,9923,10708
62525,387540,40853,186539,26040,346687,20633,9923,10710
62530,387571,40854,186552,26041,346717,20635,9924,10711
62535,387602,40855,186564,26041,346747,20637,9924,10713
62540,387633,40856,186574,26041,346775,20639,9924,10715
62545,387664,40859,186585,26044,346804,20641,9924,10717
62550,387695,40861,186601,26045,346833,20643,9926,10717
62555,387726,40864,186622,26047,346860,20645,9927,10718
62560,387757,40867,186634,26050,346890,20647,9927,10720
62565,387788,40870,186650,26052,346917,20649,9927,10722
62570,387819,40874,186667,26054,346944,20651,9928,10723
62575,387850,40879,186682,26058,346969,20653,9928,10725
62580,387881,40883,186698,26060,346998,20655,9928,10727
62585,387912,40887,186711,26062,347024,20657,9929,10728
62590,387943,40892,186726,26065,347051,20659,9931,10728
62595,387974,40896,186740,26067,347078,20661,9931,10730
62600,388005,40900,186754,26070,347105,20663,9931,10732
62605,388036,40902,186763,26070,347134,20665,9931,10734
62610,388067,40904,186776,26072,347163,20667,9932,10735
62615,388098,40906,186791,26072,347192,20669,9934,10735
62620,388129,40908,186802,26073,347221,20671,9935,10736
62625,388160,40910,186818,26074,347250,20673,9936,10737
62630,388191,40913,186833,26077,347277,20675,9938,10737
62635,388222,40916,186850,26079,347305,20677,9939,10738
62640,388253,40919,186864,26081,347333,20679,9940,10739
62645,388284,40922,186879,26081,347362,20681,9942,10739
62650,388315,40926,186897,26085,347389,20683,9943,10740
62655,388346,40929,186908,26087,347417,20685,9944,10741
62660,388377,40932,186925,26089,347445,20687,9945,10742
62665,388408,40937,186937,26092,347471,20689,9945,10744
62670,388439,40941,186948,26094,347498,20691,9945,10746
62675,388470,40945,186963,26096,347525,20693,9946,10747
62680,388501,40950,186979,26100,347551,20695,9946,10749
62685,388532,40954,186995,26102,347577,20697,9947,10750
62690,388563,40961,187008,26107,347602,20699,9949,10750
62695,388594,40964,187025,26109,347630,20701,9951,10750
62700,388625,40966,187036,26109,347659,20703,9952,10751
62705,388656,40969,187050,26110,347686,20705,9952,10753
62710,388687,40973,187066,26113,347714,20707,9953,10754
62715,388718,40976,187080,26114,347742,20709,9953,10756
62720,388749,40979,187093,26114,347769,20711,9954,10757
62725,388780,40983,187104,26116,347797,20713,9954,10759
62730,388811,40986,187122,26118,347824,20715,9956,10759
62735,388842,40990,187138,26120,347851,20717,9957,10760
62740,388873,40994,187160,26123,347878,20719,9957,10762
62745,388904,40998,187174,26126,347904,20721,9957,10764
62750,388935,41001,187187,26127,347934,20723,9958,10765
62755,388966,41004,187199,26129,347962,20725,9959,10766
62760,388997,41007,187207,26131,347989,20727,9960,10767
62765,389028,41011,187219,26133,348017,20728,9961,10767
62770,389059,41014,187236,26136,348045,20729,9962,10767
62775,389090,41017,187255,26138,348073,20730,9962,10768
62780,389121,41020,187270,26141,348101,20731,9962,10769
62785,389152,41023,187288,26141,348129,20732,9963,10769
62790,389183,41027,187306,26144,348156,20733,9964,10769
62795,389214,41030,187323,26145,348184,20734,9965,10769
62800,389245,41035,187340,26149,348210,20735,9965,10770
62805,389276,41040,187359,26152,348235,20736,9966,10770
62810,389307,41045,187373,26156,348261,20737,9967,10770
62815,389338,41051,187387,26159,348287,20738,9967,10771
62820,389369,41054,187401,26159,348314,20739,9967,10772
62825,389400,41057,187416,26160,348342,20740,9967,10773
62830,389431,41060,187430,26161,348370,20741,9968,10773
62835,389462,41063,187447,26162,348398,20742,9969,10773
62840,389493,41067,187463,26163,348425,20743,9969,10774
62845,389524,41071,187481,26165,348453,20744,9969,10775
62850,389555,41074,187493,26165,348479,20745,9969,10776
62855,389586,41077,187504,26166,348507,20746,9970,10776
62860,389617,41081,187518,26169,348535,20747,9971,10776
62865,389648,41085,187537,26171,348559,20748,9972,10776
62870,389679,41092,187551,26177,348587,20750,9973,10777
62875,389710,41099,187569,26182,348609,20752,9973,10779
62880,389741,41103,187587,26185,348638,20754,9974,10780
62885,389772,41105,187599,26185,348667,20756,9974,10782
62890,389803,41107,187609,26185,348696,20758,9974,10784
62895,389834,41109,187622,26186,348725,20760,9975,10785
62900,389865,41111,187638,26187,348754,20762,9975,10787
62905,389896,41113,187651,26187,348783,20764,9976,10788
62910,389927,41115,187665,26188,348812,20766,9978,10788
62915,389958,41117,187682,26190,348841,20768,9980,10788
62920,389989,41120,187693,26191,348869,20770,9981,10789
62925,390020,41123,187707,26191,348897,20772,9982,10790
62930,390051,41126,187723,26192,348925,20774,9984,10790
62935,390082,41129,187736,26193,348952,20776,9985,10791
62940,390113,41133,187753,26196,348980,20778,9987,10791
62945,390144,41136,187767,26196,349008,20780,9988,10792
62950,390175,41139,187783,26197,349036,20782,9989,10793
62955,390206,41142,187798,26197,349063,20784,9990,10794
62960,390237,41146,187819,26199,349090,20786,9991,10795
62965,390268,41150,187836,26202,349118,20788,9992,10796
62970,390299,41153,187851,26203,349146,20790,9993,10797
62975,390330,41156,187862,26204,349174,20792,9994,10798
62980,390361,41159,187880,26205,349201,20794,9996,10798
62985,390392,41163,187897,26206,349229,20796,9998,10798
62990,390423,41167,187906,26207,349256,20798,9999,10799
62995,390454,41172,187917,26211,349282,20800,10000,10800
63000,390485,41176,187930,26212,349306,20802,10001,10801
63005,390516,41184,187941,26218,349331,20803,10001,10802
63010,390547,41190,187959,26224,349354,20804,10002,10802
63015,390578,41196,187981,26230,349379,20805,10003,10802
63020,390609,41201,187997,26234,349407,20806,10003,10803
63025,390640,41207,188017,26239,349432,20807,10004,10803
63030,390671,41209,188033,26240,349462,20808,10005,10803
63035,390702,41210,188054,26240,349492,20809,10006,10803
63040,390733,41211,188072,26241,349522,20810,10006,10804
63045,390764,41212,188082,26241,349552,20811,10007,10804
63050,390795,41213,188100,26241,349582,20812,10008,10804
63055,390826,41214,188114,26242,349612,20813,10008,10805
63060,390857,41215,188132,26243,349642,20814,10008,10806
63065,390888,41216,188143,26244,349672,20815,10009,10806
63070,390919,41217,188163,26245,349702,20816,10010,10806
63075,390950,41218,188177,26245,349732,20817,10010,10807
63080,390981,41219,188198,26246,349762,20818,10010,10808
63085,391012,41220,188212,26246,349792,20819,10011,10808
63090,391043,41221,188232,26247,349822,20820,10012,10808
63095,391074,41222,188244,26248,349852,20821,10012,10809
63100,391105,41223,188256,26248,349882,20822,10013,10809
63105,391136,41225,188272,26248,349911,20824,10014,10810
63110,391167,41227,188287,26249,349939,20826,10016,10810
63115,391198,41229,188301,26249,349969,20828,10016,10812
63120,391229,41233,188316,26252,349996,20830,10018,10812
63125,391260,41237,188332,26255,350022,20832,10019,10813
63130,391291,41241,188345,26259,350050,20834,10020,10814
63135,391322,41246,188364,26262,350074,20836,10021,10815
63140,391353,41254,188376,26268,350098,20838,10021,10817
63145,391384,41262,188394,26275,350121,20840,10023,10817
63150,391415,41268,188407,26277,350147,20842,10024,10818
63155,391446,41271,188422,26279,350174,20844,10025,10819
63160,391477,41274,188440,26281,350202,20846,10026,10820
63165,391508,41277,188456,26283,350231,20848,10027,10821
63170,391539,41280,188471,26285,350258,20850,10029,10821
63175,391570,41285,188492,26289,350285,20852,10031,10821
63180,391601,41290,188511,26291,350311,20854,10033,10821
63185,391632,41295,188524,26294,350337,20856,10034,10822
63190,391663,41299,188540,26295,350364,20858,10034,10824
63195,391694,41305,188556,26301,350389,20860,10035,10825
63200,391725,41309,188564,26304,350416,20862,10036,10826
63205,391756,41314,188582,26307,350442,20864,10037,10827
63210,391787,41316,188594,26307,350471,20866,10038,10828
63215,391818,41318,188611,26309,350500,20868,10039,10829
63220,391849,41320,188621,26309,350529,20870,10039,10831
63225,391880,41322,188638,26309,350558,20872,10041,10831
63230,391911,41324,188655,26311,350587,20874,10042,10832
63235,391942,41326,188669,26311,350616,20876,10043,10833
63240,391973,41328,188683,26312,350645,20878,10044,10834
63245,392004,41329,188702,26312,350675,20879,10044,10835
63250,392035,41330,188715,26312,350705,20880,10044,10836
63255,392066,41331,188727,26312,350735,20881,10044,10837
63260,392097,41332,188747,26313,350764,20882,10044,10838
63265,392128,41335,188764,26316,350793,20883,10044,10839
63270,392159,41337,188782,26317,350821,20884,10044,10840
63275,392190,41340,188801,26319,350849,20885,10045,10840
63280,392221,41343,188814,26321,350878,20886,10045,10841
63285,392252,41345,188833,26322,350905,20887,10045,10842
63290,392283,41350,188846,26326,350930,20888,10045,10843
63295,392314,41355,188863,26329,350957,20889,10045,10844
63300,392345,41362,188880,26334,350983,20890,10045,10845
63305,392376,41363,188901,26335,351012,20891,10046,10845
63310,392407,41364,188917,26335,351042,20892,10047,10845
63315,392438,41366,188926,26335,351071,20893,10047,10846
63320,392469,41368,188935,26335,351100,20894,10047,10847
63325,392500,41370,188951,26336,351130,20895,10048,10847
63330,392531,41372,188964,26336,351157,20896,10048,10848
63335,392562,41374,188976,26338,351188,20897,10049,10848
63340,392593,41376,188994,26338,351217,20898,10049,10849
63345,392624,41379,189009,26339,351244,20899,10050,10849
63350,392655,41384,189028,26344,351267,20901,10052,10849
63355,392686,41391,189043,26348,351294,20903,10053,10850
63360,392717,41396,189059,26351,351320,20905,10054,10851
63365,392748,41400,189072,26353,351348,20907,10056,10851
63370,392779,41403,189092,26355,351375,20909,10058,10851
63375,392810,41408,189106,26359,351402,20911,10058,10853
63380,392841,41412,189122,26360,351429,20913,10060,10853
63385,392872,41414,189136,26361,351458,20915,10061,10854
63390,392903,41416,189153,26363,351487,20917,10062,10855
63395,392934,41418,189166,26363,351516,20919,10063,10856
63400,392965,41420,189185,26364,351545,20921,10064,10857
63405,392996,41422,189204,26365,351573,20923,10066,10857
63410,393027,41426,189218,26366,351601,20925,10067,10858
63415,393058,41429,189239,26368,351628,20927,10068,10859
63420,393089,41433,189260,26370,351655,20929,10069,10860
63425,393120,41437,189274,26373,351683,20931,10071,10860
63430,393151,41440,189289,26375,351711,20933,10073,10860
63435,393182,41443,189301,26376,351739,20935,10073,10862
63440,393213,41446,189318,26377,351767,20937,10074,10863
63445,393244,41450,189333,26378,351794,20939,10075,10864
63450,393275,41453,189346,26379,351822,20941,10077,10864
63455,393306,41457,189357,26380,351849,20943,10078,10865
63460,393337,41460,189370,26381,351877,20945,10080,10865
63465,393368,41466,189387,26386,351899,20947,10081,10866
63470,393399,41474,189403,26392,351923,20949,10082,10867
63475,393430,41478,189414,26394,351951,20951,10082,10869
63480,393461,41480,189423,26395,351980,20953,10083,10870
63485,393492,41482,189438,26395,352010,20955,10084,10871
63490,393523,41484,189455,26396,352039,20957,10085,10872
63495,393554,41488,189471,26398,352066,20959,10086,10873
63500,393585,41493,189489,26402,352092,20961,10088,10873
63505,393616,41497,189508,26404,352119,20963,10089,10874
63510,393647,41501,189526,26407,352146,20965,10091,10874
63515,393678,41505,189540,26410,352172,20967,10092,10875
63520,393709,41513,189558,26418,352192,20969,10093,10876
63525,393740,41519,189571,26422,352220,20971,10094,10877
63530,393771,41521,189585,26424,352249,20973,10094,10879
63535,393802,41523,189606,26425,352279,20975,10096,10879
63540,393833,41525,189622,26426,352308,20977,10098,10879
63545,393864,41527,189636,26426,352337,20979,10100,10879
63550,393895,41529,189651,26426,352366,20981,10102,10879
63555,393926,41531,189667,26428,352395,20983,10102,10881
63560,393957,41533,189681,26429,352424,20985,10103,10882
63565,393988,41535,189694,26430,352453,20987,10103,10884
63570,394019,41537,189704,26430,352482,20989,10103,10886
63575,394050,41539,189715,26431,352511,20991,10105,10886
63580,394081,41542,189727,26431,352538,20993,10106,10887
63585,394112,41546,189739,26434,352565,20995,10106,10889
63590,394143,41550,189755,26437,352590,20997,10107,10890
63595,394174,41558,189771,26443,352616,20999,10109,10890
63600,394205,41565,189789,26450,352638,21001,10110,10891
63605,394236,41571,189803,26454,352665,21003,10111,10892
63610,394267,41573,189820,26454,352694,21005,10113,10892
63615,394298,41575,189835,26454,352723,21007,10114,10893
63620,394329,41577,189845,26454,352752,21009,10114,10895
63625,394360,41579,189858,26454,352781,21011,10114,10897
63630,394391,41582,189873,26457,352809,21013,10114,10899
63635,394422,41585,189885,26459,352837,21015,10115,10900
63640,394453,41588,189901,26462,352864,21017,10115,10902
63645,394484,41595,189921,26468,352887,21019,10116,10903
63650,394515,41601,189936,26473,352913,21021,10118,10903
63655,394546,41606,189953,26478,352939,21023,10119,10904
63660,394577,41612,189970,26482,352963,21025,10121,10904
63665,394608,41616,189983,26484,352991,21026,10121,10905
63670,394639,41618,189999,26486,353021,21027,10121,10906
63675,394670,41620,190014,26486,353048,21028,10121,10907
63680,394701,41622,190029,26488,353078,21029,10121,10908
63685,394732,41624,190046,26488,353108,21030,10121,10909
63690,394763,41626,190062,26490,353136,21031,10122,10909
63695,394794,41628,190079,26492,353166,21032,10122,10910
63700,394825,41630,190094,26492,353195,21033,10122,10911
63705,394856,41632,190110,26492,353223,21034,10122,10912
63710,394887,41637,190121,26496,353250,21035,10123,10912
63715,394918,41640,190136,26498,353277,21036,10123,10913
63720,394949,41644,190146,26500,353304,21037,10124,10913
63725,394980,41648,190161,26502,353330,21038,10124,10914
63730,395011,41653,190175,26505,353357,21039,10124,10915
63735,395042,41658,190194,26509,353384,21040,10125,10915
63740,395073,41662,190208,26510,353409,21041,10125,10916
63745,395104,41668,190227,26515,353434,21042,10125,10917
63750,395135,41672,190244,26519,353463,21043,10125,10918
63755,395166,41674,190259,26521,353492,21044,10126,10918
63760,395197,41676,190276,26522,353521,21045,10126,10919
63765,395228,41678,190289,26524,353550,21047,10127,10920
63770,395259,41682,190305,26528,353576,21049,10129,10920
63775,395290,41686,190319,26530,353604,21051,10130,10921
63780,395321,41693,190335,26535,353628,21053,10131,10922
63785,395352,41699,190347,26538,353653,21054,10131,10923
63790,395383,41704,190366,26542,353679,21055,10131,10924
63795,395414,41707,190380,26544,353707,21056,10131,10925
63800,395445,41712,190394,26548,353733,21057,10131,10926
63805,395476,41714,190408,26549,353762,21058,10131,10927
63810,395507,41716,190422,26549,353790,21059,10131,10928
63815,395538,41718,190435,26549,353819,21060,10132,10928
63820,395569,41720,190447,26550,353849,21061,10132,10929
63825,395600,41722,190464,26551,353876,21062,10132,10930
63830,395631,41724,190481,26552,353905,21063,10132,10931
63835,395662,41726,190500,26553,353936,21064,10132,10932
63840,395693,41728,190513,26554,353965,21065,10133,10932
63845,395724,41730,190527,26555,353994,21066,10133,10933
63850,395755,41732,190542,26555,354022,21067,10134,10933
63855,395786,41735,190558,26555,354051,21068,10134,10934
63860,395817,41738,190574,26556,354078,21069,10135,10934
63865,395848,41741,190591,26558,354106,21070,10136,10934
63870,395879,41745,190604,26561,354134,21071,10136,10935
63875,395910,41748,190620,26563,354161,21072,10137,10935
63880,395941,41752,190632,26565,354188,21073,10137,10936
63885,395972,41756,190651,26569,354216,21074,10138,10936
63890,396003,41759,190663,26569,354243,21076,10138,10938
63895,396034,41764,190680,26573,354269,21078,10140,10938
63900,396065,41768,190698,26576,354297,21080,10140,10940
63905,396096,41771,190711,26577,354324,21082,10142,10940
63910,396127,41779,190726,26582,354347,21084,10144,10940
63915,396158,41787,190742,26590,354370,21086,10145,10941
63920,396189,41794,190751,26594,354395,21088,10146,10942
63925,396220,41799,190765,26597,354421,21090,10146,10944
63930,396251,41802,190779,26598,354449,21092,10147,10945
63935,396282,41807,190797,26603,354475,21094,10148,10946
63940,396313,41812,190811,26606,354501,21096,10148,10948
63945,396344,41815,190829,26607,354528,21098,10150,10948
63950,396375,41820,190845,26611,354555,21100,10152,10948
63955,396406,41826,190862,26615,354580,21102,10154,10948
63960,396437,41828,190873,26617,354609,21104,10155,10949
63965,396468,41830,190887,26617,354638,21106,10156,10950
63970,396499,41832,190905,26617,354667,21108,10157,10951
63975,396530,41834,190921,26619,354695,21110,10157,10953
63980,396561,41836,190935,26620,354725,21112,10158,10954
63985,396592,41838,190949,26621,354753,21114,10160,10954
63990,396623,41840,190965,26622,354783,21116,10161,10955
63995,396654,41842,190978,26622,354812,21118,10161,10957
64000,396685,41844,190990,26622,354841,21120,10161,10959
64005,396716,41846,191004,26622,354869,21122,10162,10960
64010,396747,41848,191020,26622,354899,21124,10163,10961
64015,396778,41850,191037,26622,354927,21126,10165,10961
64020,396809,41852,191053,26624,354957,21128,10166,10962
64025,396840,41853,191072,26624,354987,21130,10167,10963
64030,396871,41855,191092,26625,355016,21132,10169,10963
64035,396902,41857,191104,26627,355045,21134,10171,10963
64040,396933,41859,191119,26627,355074,21136,10172,10964
64045,396964,41861,191135,26627,355103,21138,10172,10966
64050,396995,41863,191155,26629,355132,21140,10174,10966
64055,397026,41865,191168,26629,355161,21142,10175,10967
64060,397057,41867,191187,26630,355189,21144,10176,10968
64065,397088,41870,191203,26630,355218,21146,10178,10968
64070,397119,41873,191221,26632,355246,21148,10180,10968
64075,397150,41876,191233,26633,355274,21150,10180,10970
64080,397181,41881,191254,26636,355300,21152,10182,10970
64085,397212,41886,191268,26639,355326,21154,10183,10971
64090,397243,41889,191280,26641,355354,21156,10184,10972
64095,397274,41894,191295,26645,355380,21158,10185,10973
64100,397305,41900,191315,26650,355404,21160,10187,10973
64105,397336,41906,191328,26653,355429,21162,10189,10973
64110,397367,41911,191346,26657,355456,21164,10191,10973
64115,397398,41917,191362,26660,355480,21166,10192,10974
64120,397429,41922,191376,26664,355507,21168,10193,10975
64125,397460,41929,191388,26669,355531,21170,10195,10975
64130,397491,41934,191403,26673,355556,21172,10196,10976
64135,397522,41937,191416,26675,355585,21174,10196,10978
64140,397553,41939,191429,26676,355614,21176,10196,10980
64145,397584,41940,191447,26677,355644,21178,10197,10981
64150,397615,41941,191466,26678,355674,21180,10198,10982
64155,397646,41942,191483,26678,355704,21182,10200,10982
64160,397677,41943,191498,26679,355734,21184,10202,10982
64165,397708,41944,191514,26679,355764,21186,10204,10982
64170,397739,41945,191528,26680,355794,21188,10204,10984
64175,397770,41946,191543,26681,355823,21190,10205,10985
64180,397801,41947,191555,26682,355854,21192,10206,10986
64185,397832,41948,191568,26682,355884,21194,10207,10987
64190,397863,41949,191580,26682,355914,21196,10207,10989
64195,397894,41950,191591,26682,355944,21198,10209,10989
64200,397925,41951,191612,26682,355973,21200,10211,10989
64205,397956,41952,191627,26682,356004,21202,10213,10989
64210,397987,41953,191647,26683,356034,21204,10215,10989
64215,398018,41954,191657,26683,356064,21206,10217,10989
64220,398049,41955,191675,26684,356094,21208,10219,10989
64225,398080,41956,191684,26684,356124,21210,10219,10991
64230,398111,41958,191701,26685,356153,21212,10219,10993
64235,398142,41961,191715,26687,356181,21214,10219,10995
64240,398173,41965,191728,26690,356207,21216,10219,10997
64245,398204,41971,191746,26696,356232,21218,10221,10997
64250,398235,41978,191760,26702,356257,21220,10222,10998
64255,398266,41985,191773,26706,356281,21222,10223,10999
64260,398297,41993,191788,26712,356302,21224,10223,11001
64265,398328,41997,191801,26715,356331,21225,10224,11001
64270,398359,42000,191817,26717,356359,21226,10225,11001
64275,398390,42003,191832,26719,356387,21227,10225,11002
64280,398421,42007,191851,26723,356414,21228,10225,11003
64285,398452,42012,191868,26726,356440,21229,10225,11004
64290,398483,42016,191879,26728,356467,21230,10225,11005
64295,398514,42021,191897,26732,356493,21231,10226,11005
64300,398545,42027,191911,26737,356518,21232,10226,11006
64305,398576,42030,191925,26738,356546,21233,10227,11006
64310,398607,42032,191943,26739,356575,21234,10227,11007
64315,398638,42034,191959,26739,356603,21235,10228,11007
64320,398669,42036,191977,26741,356633,21236,10229,11007
64325,398700,42038,191996,26742,356661,21236,10229,11007
64330,398731,42040,192008,26742,356691,21236,10229,11007
64335,398762,42042,192025,26743,356720,21236,10229,11007
64340,398793,42044,192040,26744,356749,21236,10229,11007
64345,398824,42046,192053,26745,356778,21236,10229,11007
64350,398855,42048,192065,26745,356807,21236,10229,11007
64355,398886,42050,192083,26746,356836,21236,10229,11007
64360,398917,42052,192097,26747,356865,21236,10229,11007
64365,398948,42054,192112,26748,356892,21237,10230,11007
64370,398979,42058,192123,26751,356921,21238,10230,11008
64375,399010,42061,192134,26752,356948,21239,10230,11009
64380,399041,42064,192146,26752,356975,21240,10230,11010
64385,399072,42068,192161,26756,357002,21241,10230,11011
64390,399103,42072,192175,26759,357031,21242,10230,11012
64395,399134,42075,192190,26760,357058,21243,10230,11013
64400,399165,42079,192206,26762,357086,21244,10230,11014
64405,399196,42082,192217,26763,357114,21245,10231,11014
64410,399227,42088,192229,26765,357138,21246,10231,11015
64415,399258,42094,192243,26768,357164,21247,10231,11016
64420,399289,42100,192255,26770,357189,21248,10231,11017
64425,399320,42107,192271,26776,357212,21249,10232,11017
64430,399351,42113,192282,26780,357236,21251,10234,11017
64435,399382,42121,192297,26788,357261,21253,10236,11017
64440,399413,42130,192310,26795,357282,21255,10236,11019
64445,399444,42134,192326,26799,357309,21257,10237,11020
64450,399475,42138,192335,26801,357337,21259,10237,11022
64455,399506,42140,192349,26802,357366,21261,10239,11022
64460,399537,42142,192361,26802,357395,21263,10240,11023
64465,399568,42144,192374,26803,357424,21265,10242,11023
64470,399599,42146,192392,26805,357453,21267,10243,11024
64475,399630,42148,192406,26807,357482,21269,10243,11026
64480,399661,42150,192422,26809,357511,21271,10244,11027
64485,399692,42152,192434,26810,357540,21273,10244,11029
64490,399723,42154,192452,26810,357568,21275,10246,11029
64495,399754,42156,192468,26811,357597,21277,10247,11030
64500,399785,42158,192483,26813,357626,21279,10248,11031
64505,399816,42160,192496,26813,357656,21281,10249,11032
64510,399847,42162,192510,26813,357685,21283,10250,11033
64515,399878,42164,192524,26813,357714,21285,10250,11035
64520,399909,42166,192541,26815,357743,21287,10251,11036
64525,399940,42168,192553,26815,357772,21289,10251,11038
64530,399971,42170,192569,26815,357801,21291,10253,11038
64535,400002,42172,192580,26816,357830,21293,10254,11039
64540,400033,42174,192601,26818,357859,21295,10256,11039
64545,400064,42176,192615,26818,357887,21297,10257,11040
64550,400095,42180,192627,26821,357914,21299,10257,11042
64555,400126,42185,192644,26825,357940,21301,10259,11042
64560,400157,42190,192652,26828,357967,21303,10259,11044
64565,400188,42194,192664,26829,357994,21305,10260,11045
64570,400219,42198,192682,26829,358021,21307,10261,11046
64575,400250,42202,192699,26831,358047,21309,10262,11047
64580,400281,42209,192715,26834,358070,21311,10263,11048
64585,400312,42216,192726,26838,358096,21313,10264,11049
64590,400343,42222,192744,26843,358120,21315,10264,11051
64595,400374,42230,192762,26849,358144,21317,10266,11051
64600,400405,42233,192771,26849,358172,21319,10267,11052
64605,400436,42237,192784,26850,358197,21321,10269,11052
64610,400467,42240,192797,26851,358227,21323,10271,11052
64615,400498,42244,192810,26853,358254,21325,10273,11052
64620,400529,42247,192824,26853,358281,21327,10275,11052
64625,400560,42251,192834,26854,358309,21329,10276,11053
64630,400591,42255,192853,26858,358336,21331,10276,11055
64635,400622,42259,192865,26860,358363,21333,10276,11057
64640,400653,42263,192881,26863,358390,21335,10278,11057
64645,400684,42268,192897,26866,358416,21337,10279,11058
64650,400715,42270,192910,26866,358445,21339,10281,11058
64655,400746,42272,192926,26866,358474,21341,10282,11059
64660,400777,42274,192942,26868,358503,21343,10283,11060
64665,400808,42276,192956,26868,358532,21345,10284,11061
64670,400839,42278,192971,26869,358560,21347,10286,11061
64675,400870,42280,192985,26870,358589,21349,10288,11061
64680,400901,42282,192999,26871,358618,21351,10289,11062
64685,400932,42284,193016,26873,358648,21353,10290,11063
64690,400963,42286,193027,26873,358677,21355,10290,11065
64695,400994,42288,193044,26874,358706,21357,10290,11067
64700,401025,42292,193057,26875,358733,21359,10291,11068
64705,401056,42296,193068,26879,358760,21361,10292,11069
64710,401087,42299,193080,26879,358788,21363,10292,11071
64715,401118,42302,193091,26879,358816,21365,10292,11073
64720,401149,42306,193111,26883,358843,21367,10293,11074
64725,401180,42309,193125,26883,358870,21369,10294,11075
64730,401211,42313,193134,26884,358897,21371,10295,11076
64735,401242,42318,193154,26888,358923,21373,10296,11077
64740,401273,42324,193169,26892,358949,21375,10296,11079
64745,401304,42329,193185,26896,358974,21377,10297,11080
64750,401335,42335,193202,26899,359000,21379,10299,11080
64755,401366,42338,193213,26899,359028,21381,10300,11081
64760,401397,42341,193225,26900,359056,21383,10301,11082
64765,401428,42344,193240,26901,359084,21385,10302,11083
64770,401459,42347,193255,26901,359112,21387,10302,11085
64775,401490,42350,193270,26902,359140,21389,10304,11085
64780,401521,42353,193282,26902,359168,21391,10305,11086
64785,401552,42356,193296,26902,359195,21393,10306,11087
64790,401583,42359,193314,26904,359224,21395,10306,11089
64795,401614,42362,193323,26907,359252,21397,10307,11090
64800,401645,42366,193343,26909,359278,21399,10308,11091
64805,401676,42370,193357,26911,359306,21400,10308,11092
64810,401707,42374,193371,26915,359333,21401,10308,11093
64815,401738,42380,193386,26920,359358,21402,10308,11094
64820,401769,42384,193393,26921,359385,21403,10308,11095
64825,401800,42389,193408,26925,359411,21404,10309,11095
64830,401831,42394,193421,26928,359437,21405,10310,11095
64835,401862,42398,193432,26930,359462,21406,10310,11096
64840,401893,42400,193445,26932,359493,21407,10310,11097
64845,401924,42402,193464,26934,359519,21408,10310,11098
64850,401955,42404,193477,26935,359550,21409,10311,11098
64855,401986,42406,193493,26936,359578,21410,10312,11098
64860,402017,42408,193511,26938,359607,21411,10313,11098
64865,402048,42410,193524,26939,359636,21411,10313,11098
64870,402079,42413,193541,26942,359665,21411,10313,11098
64875,402110,42416,193551,26943,359694,21411,10313,11098
64880,402141,42418,193564,26944,359723,21411,10313,11098
64885,402172,42420,193580,26946,359752,21411,10313,11098
64890,402203,42422,193593,26947,359781,21411,10313,11098
64895,402234,42424,193609,26948,359809,21411,10313,11098
64900,402265,42427,193629,26950,359837,21411,10313,11098
64905,402296,42430,193645,26953,359866,21411,10313,11098
64910,402327,42432,193662,26954,359894,21412,10313,11099
64915,402358,42435,193674,26957,359922,21413,10313,11100
64920,402389,42439,193693,26961,359950,21414,10313,11101
64925,402420,42441,193709,26963,359978,21415,10313,11102
64930,402451,42445,193724,26967,360006,21416,10313,11103
64935,402482,42447,193736,26968,360035,21417,10314,11103
64940,402513,42450,193747,26971,360063,21418,10315,11103
64945,402544,42455,193762,26973,360088,21419,10315,11104
64950,402575,42458,193779,26975,360117,21420,10316,11104
64955,402606,42460,193793,26975,360146,21421,10317,11104
64960,402637,42463,193808,26976,360174,21422,10318,11104
64965,402668,42467,193826,26979,360200,21424,10319,11105
64970,402699,42470,193837,26980,360229,21426,10320,11106
64975,402730,42475,193851,26984,360255,21428,10321,11107
64980,402761,42480,193866,26989,360281,21430,10322,11108
64985,402792,42484,193881,26991,360308,21432,10323,11109
64990,402823,42489,193899,26995,360334,21434,10324,11110
64995,402854,42490,193918,26996,360364,21436,10326,11110
65000,402885,42491,193931,26997,360394,21438,10327,11111
65005,402916,42492,193941,26997,360424,21440,10328,11112
65010,402947,42493,193956,26997,360454,21442,10329,11113
65015,402978,42494,193969,26997,360484,21444,10331,11113
65020,403009,42495,193986,26998,360514,21446,10332,11114
65025,403040,42496,193999,26998,360544,21448,10332,11116
65030,403071,42497,194016,26998,360573,21450,10332,11118
65035,403102,42498,194032,26999,360603,21452,10333,11119
65040,403133,42499,194046,26999,360634,21454,10334,11120
65045,403164,42500,194060,26999,360663,21456,10335,11121
65050,403195,42501,194075,27000,360694,21458,10336,11122
65055,403226,42503,194088,27000,360721,21460,10336,11124
65060,403257,42506,194102,27001,360751,21462,10337,11125
65065,403288,42508,194114,27001,360779,21464,10337,11127
65070,403319,42511,194126,27002,360806,21466,10337,11129
65075,403350,42514,194142,27004,360834,21468,10339,11129
65080,403381,42517,194157,27007,360862,21470,10340,11130
65085,403412,42520,194173,27010,360890,21472,10341,11131
65090,403443,42524,194187,27012,360918,21474,10341,11133
65095,403474,42527,194194,27012,360947,21476,10341,11135
65100,403505,42531,194213,27014,360972,21478,10342,11136
65105,403536,42538,194227,27019,360997,21480,10343,11137
65110,403567,42544,194245,27025,361022,21482,10344,11138
65115,403598,42550,194260,27028,361048,21484,10345,11139
65120,403629,42555,194276,27033,361074,21486,10346,11140
65125,403660,42558,194292,27035,361101,21488,10347,11141
65130,403691,42561,194305,27035,361130,21490,10348,11142
65135,403722,42564,194323,27038,361157,21492,10349,11143
65140,403753,42567,194342,27040,361185,21494,10350,11144
65145,403784,42571,194356,27044,361213,21496,10351,11145
65150,403815,42575,194372,27047,361240,21498,10352,11146
65155,403846,42579,194388,27050,361267,21500,10353,11147
65160,403877,42585,194406,27053,361292,21502,10355,11147
65165,403908,42591,194421,27059,361315,21504,10356,11148
65170,403939,42595,194429,27061,361344,21506,10356,11150
65175,403970,42597,194444,27062,361372,21508,10356,11152
65180,404001,42599,194457,27062,361401,21510,10357,11153
65185,404032,42601,194472,27062,361431,21512,10359,11153
65190,404063,42603,194489,27062,361460,21514,10360,11154
65195,404094,42605,194508,27064,361486,21516,10361,11155
65200,404125,42607,194520,27064,361517,21518,10362,11156
65205,404156,42609,194531,27064,361547,21520,10363,11157
65210,404187,42611,194543,27064,361576,21522,10364,11158
65215,404218,42613,194560,27066,361605,21524,10365,11159
65220,404249,42615,194576,27068,361633,21526,10365,11161
65225,404280,42620,194593,27071,361660,21528,10367,11161
65230,404311,42623,194611,27072,361688,21530,10368,11162
65235,404342,42627,194621,27075,361715,21532,10368,11164
65240,404373,42631,194639,27077,361742,21534,10370,11164
65245,404404,42634,194650,27079,361769,21536,10371,11165
65250,404435,42638,194662,27080,361796,21538,10371,11167
65255,404466,42643,194672,27082,361823,21540,10371,11169
65260,404497,42648,194690,27084,361847,21542,10372,11170
65265,404528,42655,194711,27091,361872,21544,10374,11170
65270,404559,42657,194729,27092,361900,21546,10374,11172
65275,404590,42662,194743,27094,361926,21548,10376,11172
65280,404621,42666,194763,27097,361955,21550,10377,11173
65285,404652,42669,194775,27097,361983,21552,10378,11174
65290,404683,42672,194792,27099,362011,21554,10380,11174
65295,404714,42675,194808,27102,362039,21556,10380,11176
65300,404745,42678,194824,27103,362067,21558,10381,11177
65305,404776,42681,194838,27105,362095,21560,10382,11178
65310,404807,42686,194854,27109,362120,21562,10383,11179
65315,404838,42691,194866,27113,362145,21564,10384,11180
65320,404869,42697,194881,27117,362170,21566,10385,11181
65325,404900,42704,194896,27122,362196,21568,10385,11183
65330,404931,42706,194912,27123,362225,21570,10386,11184
65335,404962,42708,194930,27124,362254,21572,10388,11184
65340,404993,42710,194944,27126,362283,21574,10388,11186
65345,405024,42712,194964,27127,362312,21575,10389,11186
65350,405055,42714,194982,27128,362340,21576,10390,11186
65355,405086,42716,194996,27130,362369,21577,10391,11186
65360,405117,42718,195013,27131,362398,21578,10392,11186
65365,405148,42720,195030,27132,362428,21579,10392,11187
65370,405179,42722,195042,27132,362456,21580,10392,11188
65375,405210,42726,195054,27136,362484,21581,10392,11189
65380,405241,42729,195065,27136,362511,21582,10392,11190
65385,405272,42734,195080,27141,362535,21583,10393,11190
65390,405303,42742,195091,27148,362560,21584,10393,11191
65395,405334,42747,195105,27150,362584,21585,10394,11191
65400,405365,42754,195118,27155,362610,21586,10394,11192
65405,405396,42757,195132,27156,362639,21586,10394,11192
65410,405427,42759,195145,27157,362668,21586,10394,11192
65415,405458,42761,195162,27159,362697,21586,10394,11192
65420,405489,42763,195174,27160,362725,21586,10394,11192
65425,405520,42765,195191,27160,362754,21586,10394,11192
65430,405551,42767,195205,27161,362783,21586,10394,11192
65435,405582,42771,195223,27164,362810,21586,10394,11192
65440,405613,42776,195242,27168,362836,21586,10394,11192
65445,405644,42780,195256,27172,362863,21586,10394,11192
65450,405675,42787,195273,27178,362888,21587,10395,11192
65455,405706,42792,195286,27182,362913,21588,10395,11193
65460,405737,42799,195304,27189,362938,21589,10396,11193
65465,405768,42801,195321,27190,362967,21590,10396,11194
65470,405799,42803,195335,27190,362996,21591,10396,11195
65475,405830,42805,195353,27191,363025,21592,10397,11195
65480,405861,42807,195368,27192,363054,21593,10397,11196
65485,405892,42809,195380,27193,363083,21594,10398,11196
65490,405923,42811,195394,27193,363112,21595,10398,11197
65495,405954,42813,195409,27195,363140,21596,10399,11197
65500,405985,42815,195422,27197,363170,21597,10400,11197
65505,406016,42817,195439,27199,363198,21599,10401,11198
65510,406047,42821,195452,27202,363224,21601,10401,11200
65515,406078,42825,195467,27205,363252,21603,10402,11201
65520,406109,42830,195483,27209,363279,21605,10403,11202
65525,406140,42833,195498,27209,363306,21607,10404,11203
65530,406171,42837,195516,27212,363333,21609,10405,11204
65535,406202,42841,195533,27215,363360,21611,10407,11204
65540,406233,42845,195543,27217,363388,21613,10408,11205
65545,406264,42848,195556,27219,363415,21615,10409,11206
65550,406295,42853,195574,27222,363441,21617,10411,11206
65555,406326,42857,195588,27223,363469,21619,10412,11207
65560,406357,42860,195603,27224,363496,21621,10412,11209
65565,406388,42865,195615,27228,363522,21623,10414,11209
65570,406419,42871,195629,27231,363548,21625,10414,11211
65575,406450,42874,195641,27234,363576,21627,10415,11212
65580,406481,42877,195656,27235,363604,21629,10416,11213
65585,406512,42880,195673,27235,363632,21631,10418,11213
65590,406543,42883,195690,27237,363660,21633,10419,11214
65595,406574,42887,195709,27241,363687,21635,10419,11216
65600,406605,42894,195724,27245,363710,21637,10420,11217
65605,406636,42902,195740,27252,363733,21639,10420,11219
65610,406667,42908,195757,27256,363758,21641,10421,11220
65615,406698,42911,195767,27257,363787,21643,10421,11222
65620,406729,42913,195784,27258,363815,21645,10422,11223
65625,406760,42915,195794,27258,363844,21647,10423,11224
65630,406791,42917,195816,27260,363872,21649,10425,11224
65635,406822,42919,195834,27262,363902,21651,10426,11225
65640,406853,42921,195851,27263,363931,21653,10427,11226
65645,406884,42923,195862,27263,363960,21655,10427,11228
65650,406915,42925,195873,27264,363990,21657,10427,11230
65655,406946,42927,195887,27264,364017,21659,10428,11231
65660,406977,42929,195905,27266,364048,21661,10430,11231
65665,407008,42931,195919,27268,364077,21663,10431,11232
65670,407039,42933,195932,27269,364106,21665,10432,11233
65675,407070,42935,195945,27269,364134,21667,10433,11234
65680,407101,42939,195958,27271,364161,21669,10435,11234
65685,407132,42944,195976,27274,364187,21671,10437,11234
65690,407163,42948,195991,27276,364215,21673,10438,11235
65695,407194,42951,196007,27276,364241,21675,10440,11235
65700,407225,42957,196022,27281,364267,21677,10440,11237
65705,407256,42961,196040,27283,364294,21679,10440,11239
65710,407287,42964,196056,27285,364322,21681,10441,11240
65715,407318,42967,196069,27286,364350,21683,10441,11242
65720,407349,42971,196086,27289,364377,21685,10442,11243
65725,407380,42975,196099,27291,364405,21687,10443,11244
65730,407411,42981,196113,27295,364430,21689,10444,11245
65735,407442,42983,196133,27295,364459,21691,10446,11245
65740,407473,42986,196145,27297,364487,21693,10447,11246
65745,407504,42988,196157,27297,364516,21695,10448,11247
65750,407535,42991,196173,27298,364543,21697,10448,11249
65755,407566,42994,196189,27300,364572,21699,10449,11250
65760,407597,42998,196205,27302,364598,21701,10450,11251
65765,407628,43001,196214,27304,364627,21703,10451,11252
65770,407659,43004,196225,27305,364653,21705,10453,11252
65775,407690,43009,196241,27309,364681,21707,10453,11254
65780,407721,43010,196253,27309,364711,21709,10454,11255
65785,407752,43011,196268,27309,364740,21711,10455,11256
65790,407783,43012,196283,27309,364770,21713,10456,11257
65795,407814,43013,196297,27309,364801,21715,10456,11259
65800,407845,43014,196314,27310,364830,21717,10457,11260
65805,407876,43015,196334,27311,364860,21719,10459,11260
65810,407907,43017,196350,27313,364889,21721,10460,11261
65815,407938,43019,196366,27314,364919,21723,10462,11261
65820,407969,43021,196376,27315,364947,21725,10462,11263
65825,408000,43023,196389,27315,364977,21727,10462,11265
65830,408031,43025,196400,27316,365005,21729,10463,11266
65835,408062,43030,196420,27321,365031,21731,10464,11267
65840,408093,43035,196436,27324,365057,21733,10465,11268
65845,408124,43039,196452,27325,365084,21735,10466,11269
65850,408155,43044,196469,27329,365110,21737,10467,11270
65855,408186,43049,196483,27332,365137,21739,10469,11270
65860,408217,43053,196500,27335,365163,21741,10471,11270
65865,408248,43057,196514,27338,365190,21743,10473,11270
65870,408279,43062,196526,27342,365216,21745,10473,11272
65875,408310,43067,196540,27346,365243,21747,10473,11274
65880,408341,43069,196555,27348,365272,21749,10474,11275
65885,408372,43073,196571,27351,365299,21750,10475,11275
65890,408403,43076,196584,27352,365327,21751,10475,11276
65895,408434,43078,196592,27353,365356,21752,10475,11277
65900,408465,43082,196608,27356,365383,21753,10475,11278
65905,408496,43086,196626,27359,365410,21754,10476,11278
65910,408527,43089,196642,27362,365437,21755,10476,11279
65915,408558,43093,196659,27365,365464,21756,10477,11279
65920,408589,43095,196672,27365,365494,21757,10477,11280
65925,408620,43100,196691,27369,365520,21758,10477,11281
65930,408651,43102,196707,27370,365548,21759,10478,11281
65935,408682,43104,196721,27371,365577,21760,10479,11281
65940,408713,43105,196734,27371,365607,21761,10480,11281
65945,408744,43106,196750,27372,365637,21762,10481,11281
65950,408775,43107,196766,27373,365668,21763,10481,11282
65955,408806,43108,196779,27374,365698,21764,10481,11283
65960,408837,43109,196791,27375,365728,21765,10481,11284
65965,408868,43110,196807,27376,365758,21766,10482,11284
65970,408899,43111,196825,27376,365788,21767,10483,11284
65975,408930,43112,196835,27377,365818,21768,10483,11285
65980,408961,43113,196858,27378,365848,21769,10484,11285
65985,408992,43116,196872,27379,365875,21770,10484,11286
65990,409023,43120,196894,27383,365902,21772,10486,11286
65995,409054,43124,196910,27385,365930,21774,10486,11288
66000,409085,43127,196924,27387,365957,21776,10488,11288
66005,409116,43131,196940,27389,365985,21777,10488,11289
66010,409147,43134,196957,27391,366013,21778,10489,11289
66015,409178,43137,196975,27392,366040,21779,10489,11290
66020,409209,43141,196994,27394,366067,21780,10490,11290
66025,409240,43145,197005,27396,366094,21781,10490,11291
66030,409271,43149,197018,27398,366121,21782,10491,11291
66035,409302,43154,197033,27400,366146,21783,10491,11292
66040,409333,43160,197044,27404,366172,21784,10492,11292
66045,409364,43166,197064,27408,366196,21785,10492,11293
66050,409395,43172,197082,27413,366223,21786,10492,11294
66055,409426,43175,197095,27415,366251,21787,10493,11294
66060,409457,43178,197111,27417,366277,21788,10494,11294
66065,409488,43181,197123,27418,366307,21789,10494,11295
66070,409519,43184,197138,27420,366335,21790,10495,11295
66075,409550,43188,197158,27423,366362,21791,10496,11295
66080,409581,43191,197172,27426,366390,21792,10496,11296
66085,409612,43195,197184,27428,366417,21793,10496,11297
66090,409643,43198,197199,27429,366445,21794,10497,11297
66095,409674,43201,197214,27430,366473,21795,10497,11298
66100,409705,43206,197229,27432,366499,21796,10497,11299
66105,409736,43210,197239,27435,366525,21798,10497,11301
66110,409767,43214,197256,27436,366553,21800,10498,11302
66115,409798,43218,197266,27438,366580,21802,10498,11304
66120,409829,43224,197286,27441,366605,21804,10499,11305
66125,409860,43226,197297,27442,366634,21806,10499,11307
66130,409891,43228,197311,27443,366663,21808,10500,11308
66135,409922,43230,197327,27443,366692,21810,10502,11308
66140,409953,43232,197346,27444,366721,21812,10503,11309
66145,409984,43234,197364,27445,366750,21814,10505,11309
66150,410015,43236,197379,27446,366779,21816,10507,11309
66155,410046,43238,197394,27446,366808,21818,10509,11309
66160,410077,43241,197412,27448,366835,21820,10509,11311
66165,410108,43245,197427,27450,366862,21822,10510,11312
66170,410139,43248,197445,27452,366890,21824,10511,11313
66175,410170,43252,197460,27455,366917,21826,10512,11314
66180,410201,43255,197476,27457,366945,21828,10514,11314
66185,410232,43259,197485,27458,366972,21830,10514,11316
66190,410263,43262,197496,27459,367000,21832,10514,11318
66195,410294,43265,197511,27460,367027,21834,10515,11319
66200,410325,43269,197526,27462,367055,21836,10516,11320
66205,410356,43273,197543,27465,367080,21838,10518,11320
66210,410387,43278,197554,27469,367107,21840,10519,11321
66215,410418,43283,197567,27473,367134,21842,10520,11322
66220,410449,43288,197582,27477,367161,21844,10521,11323
66225,410480,43293,197597,27480,367186,21846,10521,11325
66230,410511,43298,197608,27482,367213,21848,10522,11326
66235,410542,43303,197620,27486,367239,21850,10522,11328
66240,410573,43309,197634,27489,367264,21852,10522,11330
66245,410604,43312,197645,27490,367292,21854,10522,11332
66250,410635,43317,197659,27494,367318,21856,10523,11333
66255,410666,43321,197671,27497,367345,21858,10523,11335
66260,410697,43324,197681,27499,367373,21860,10524,11336
66265,410728,43327,197693,27501,367401,21862,10524,11338
66270,410759,43330,197706,27502,367429,21864,10526,11338
66275,410790,43333,197716,27502,367457,21866,10527,11339
66280,410821,43337,197729,27504,367484,21868,10528,11340
66285,410852,43342,197742,27506,367510,21870,10530,11340
66290,410883,43347,197756,27509,367536,21872,10530,11342
66295,410914,43351,197774,27512,367563,21874,10532,11342
66300,410945,43353,197789,27512,367592,21876,10533,11343
66305,410976,43355,197810,27513,367621,21878,10535,11343
66310,411007,43357,197824,27515,367648,21880,10536,11344
66315,411038,43359,197835,27516,367679,21882,10536,11346
66320,411069,43361,197847,27517,367707,21884,10537,11347
66325,411100,43363,197864,27518,367735,21886,10539,11347
66330,411131,43365,197875,27519,367765,21888,10539,11349
66335,411162,43367,197890,27520,367795,21890,10539,11351
66340,411193,43369,197906,27521,367824,21892,10540,11352
66345,411224,43371,197922,27522,367852,21894,10541,11353
66350,411255,43375,197938,27526,367879,21896,10542,11354
66355,411286,43379,197952,27528,367906,21898,10542,11356
66360,411317,43382,197963,27528,367934,21900,10543,11357
66365,411348,43386,197977,27530,367961,21902,10544,11358
66370,411379,43389,197991,27532,367990,21904,10545,11359
66375,411410,43392,198005,27534,368018,21906,10546,11360
66380,411441,43395,198020,27536,368046,21907,10547,11360
66385,411472,43399,198033,27540,368072,21908,10548,11360
66390,411503,43404,198051,27544,368098,21909,10549,11360
66395,411534,43409,198064,27548,368125,21910,10549,11361
66400,411565,43413,198078,27551,368151,21911,10550,11361
66405,411596,43418,198094,27555,368177,21912,10551,11361
66410,411627,43426,198111,27562,368201,21913,10552,11361
66415,411658,43430,198125,27564,368228,21914,10552,11362
66420,411689,43435,198145,27568,368254,21915,10553,11362
66425,411720,43440,198155,27570,368280,21915,10553,11362
66430,411751,43443,198169,27571,368308,21915,10553,11362
66435,411782,43447,198186,27574,368335,21915,10553,11362
66440,411813,43451,198200,27576,368362,21915,10553,11362
66445,411844,43455,198211,27579,368389,21915,10553,11362
66450,411875,43459,198231,27581,368416,21915,10553,11362
66455,411906,43463,198247,27583,368443,21915,10553,11362
66460,411937,43466,198265,27585,368471,21915,10553,11362
66465,411968,43468,198278,27586,368499,21915,10553,11362
66470,411999,43470,198290,27587,368528,21915,10553,11362
66475,412030,43472,198311,27588,368556,21915,10553,11362
66480,412061,43474,198329,27590,368586,21915,10553,11362
66485,412092,43476,198343,27591,368616,21915,10553,11362
66490,412123,43478,198357,27592,368645,21915,10553,11362
66495,412154,43480,198373,27594,368674,21915,10553,11362
66500,412185,43482,198385,27595,368703,21915,10553,11362
66505,412216,43484,198406,27595,368732,21915,10553,11362
66510,412247,43486,198421,27596,368761,21915,10553,11362
66515,412278,43488,198430,27596,368790,21915,10553,11362
66520,412309,43491,198446,27598,368818,21915,10553,11362
66525,412340,43494,198461,27600,368846,21915,10553,11362
66530,412371,43498,198481,27603,368872,21916,10554,11362
66535,412402,43502,198498,27607,368900,21917,10554,11363
66540,412433,43506,198513,27611,368927,21918,10555,11363
66545,412464,43508,198526,27612,368955,21919,10555,11364
66550,412495,43510,198543,27613,368984,21920,10555,11365
66555,412526,43512,198561,27615,369014,21921,10555,11366
66560,412557,43514,198576,27616,369042,21922,10555,11367
66565,412588,43518,198591,27619,369070,21923,10555,11368
66570,412619,43521,198606,27620,369096,21924,10555,11369
66575,412650,43525,198621,27622,369124,21925,10555,11370
66580,412681,43532,198640,27627,369148,21926,10556,11370
66585,412712,43537,198654,27629,369173,21927,10557,11370
66590,412743,43543,198665,27634,369200,21928,10557,11371
66595,412774,43546,198681,27636,369228,21929,10557,11372
66600,412805,43549,198695,27638,369256,21930,10557,11373
66605,412836,43553,198706,27640,369283,21931,10558,11373
66610,412867,43555,198718,27640,369309,21932,10558,11374
66615,412898,43562,198735,27646,369333,21933,10558,11375
66620,412929,43567,198746,27649,369361,21934,10558,11376
66625,412960,43569,198758,27651,369390,21935,10559,11376
66630,412991,43570,198775,27652,369421,21936,10560,11376
66635,413022,43571,198785,27653,369451,21937,10560,11377
66640,413053,43572,198800,27654,369481,21938,10561,11377
66645,413084,43573,198810,27655,369511,21939,10561,11378
66650,413115,43575,198825,27656,369540,21940,10562,11378
66655,413146,43577,198843,27656,369569,21941,10562,11379
66660,413177,43579,198856,27658,369598,21942,10563,11379
66665,413208,43581,198872,27658,369627,21943,10564,11379
66670,413239,43583,198882,27659,369656,21944,10564,11380
66675,413270,43585,198901,27660,369684,21945,10565,11380
66680,413301,43587,198916,27662,369714,21946,10565,11381
66685,413332,43589,198925,27662,369742,21947,10565,11382
66690,413363,43591,198941,27662,369772,21948,10566,11382
66695,413394,43593,198956,27662,369800,21949,10567,11382
66700,413425,43596,198966,27663,369829,21950,10568,11382
66705,413456,43599,198981,27666,369857,21951,10568,11383
66710,413487,43602,198999,27667,369884,21952,10569,11383
66715,413518,43605,199016,27670,369912,21953,10570,11383
66720,413549,43608,199031,27671,369940,21954,10571,11383
66725,413580,43611,199043,27672,369969,21955,10571,11384
66730,413611,43616,199057,27675,369995,21956,10571,11385
66735,413642,43620,199068,27678,370022,21957,10571,11386
66740,413673,43625,199081,27682,370048,21958,10571,11387
66745,413704,43630,199095,27685,370074,21959,10572,11387
66750,413735,43636,199109,27691,370099,21960,10572,11388
66755,413766,43643,199127,27694,370123,21961,10573,11388
66760,413797,43648,199140,27697,370149,21962,10574,11388
66765,413828,43655,199157,27702,370173,21963,10575,11388
66770,413859,43662,199176,27707,370196,21964,10575,11389
66775,413890,43666,199192,27709,370224,21965,10576,11389
66780,413921,43671,199207,27711,370249,21966,10577,11389
66785,413952,43676,199222,27714,370275,21967,10578,11389
66790,413983,43679,199232,27715,370301,21968,10578,11390
66795,414014,43684,199250,27718,370329,21969,10578,11391
66800,414045,43688,199264,27721,370356,21970,10579,11391
66805,414076,43692,199281,27723,370383,21971,10579,11392
66810,414107,43695,199294,27725,370412,21972,10579,11393
66815,414138,43697,199309,27726,370441,21973,10580,11393
66820,414169,43699,199323,27728,370470,21973,10580,11393
66825,414200,43701,199340,27730,370499,21973,10580,11393
66830,414231,43703,199353,27731,370528,21973,10580,11393
66835,414262,43705,199372,27733,370557,21973,10580,11393
66840,414293,43707,199389,27735,370586,21973,10580,11393
66845,414324,43709,199402,27735,370615,21973,10580,11393
66850,414355,43711,199418,27736,370644,21973,10580,11393
66855,414386,43713,199434,27736,370673,21973,10580,11393
66860,414417,43715,199449,27736,370702,21973,10580,11393
66865,414448,43717,199460,27737,370731,21973,10580,11393
66870,414479,43719,199472,27738,370760,21973,10580,11393
66875,414510,43721,199488,27739,370788,21973,10580,11393
66880,414541,43724,199501,27741,370816,21973,10580,11393
66885,414572,43728,199520,27745,370844,21973,10580,11393
66890,414603,43731,199537,27746,370871,21973,10580,11393
66895,414634,43735,199556,27747,370898,21973,10580,11393
66900,414665,43739,199574,27750,370926,21973,10580,11393
66905,414696,43741,199589,27752,370954,21973,10580,11393
66910,414727,43745,199612,27755,370982,21973,10580,11393
66915,414758,43749,199626,27757,371008,21973,10580,11393
66920,414789,43755,199643,27762,371033,21973,10580,11393
66925,414820,43762,199665,27767,371057,21973,10580,11393
66930,414851,43765,199675,27769,371086,21973,10580,11393
66935,414882,43768,199692,27771,371113,21973,10580,11393
66940,414913,43771,199705,27773,371142,21973,10580,11393
66945,414944,43775,199722,27775,371167,21973,10580,11393
66950,414975,43779,199742,27779,371193,21973,10580,11393
66955,415006,43783,199758,27782,371221,21973,10580,11393
66960,415037,43786,199776,27784,371248,21973,10580,11393
66965,415068,43789,199796,27787,371278,21973,10580,11393
66970,415099,43790,199813,27788,371309,21973,10580,11393
66975,415130,43791,199828,27788,371338,21973,10580,11393
66980,415161,43792,199844,27788,371369,21973,10580,11393
66985,415192,43793,199861,27789,371399,21973,10580,11393
66990,415223,43794,199875,27789,371429,21973,10580,11393
66995,415254,43795,199886,27790,371459,21973,10580,11393
67000,415285,43796,199907,27791,371489,21973,10580,11393
67005,415316,43798,199921,27792,371518,21973,10580,11393
67010,415347,43800,199935,27793,371547,21973,10580,11393
67015,415378,43802,199953,27794,371576,21973,10580,11393
67020,415409,43804,199967,27795,371605,21973,10580,11393
67025,415440,43806,199981,27796,371634,21973,10580,11393
67030,415471,43808,199989,27797,371663,21973,10580,11393
67035,415502,43811,200001,27798,371690,21973,10580,11393
67040,415533,43814,200013,27799,371719,21973,10580,11393
67045,415564,43817,200025,27800,371747,21973,10580,11393
67050,415595,43820,200040,27801,371775,21973,10580,11393
67055,415626,43823,200054,27803,371803,21973,10580,11393
67060,415657,43826,200067,27804,371831,21973,10580,11393
67065,415688,43830,200083,27806,371858,21973,10580,11393
67070,415719,43833,200100,27808,371885,21973,10580,11393
67075,415750,43838,200113,27812,371911,21973,10580,11393
67080,415781,43845,200129,27817,371936,21973,10580,11393
67085,415812,43852,200148,27821,371960,21973,10580,11393
67090,415843,43857,200161,27824,371986,21973,10580,11393
67095,415874,43862,200175,27826,372011,21973,10580,11393
67100,415905,43869,200190,27832,372035,21973,10580,11393
67105,415936,43876,200209,27836,372059,21973,10580,11393
67110,415967,43880,200222,27838,372086,21973,10580,11393
67115,415998,43883,200236,27839,372115,21973,10580,11393
67120,416029,43886,200255,27842,372141,21973,10580,11393
67125,416060,43889,200265,27842,372170,21973,10580,11393
67130,416091,43893,200279,27844,372198,21973,10580,11393
67135,416122,43896,200294,27845,372226,21973,10580,11393
67140,416153,43899,200305,27847,372254,21973,10580,11393
67145,416184,43902,200317,27848,372282,21973,10580,11393
67150,416215,43905,200327,27849,372310,21973,10580,11393
67155,416246,43908,200338,27851,372338,21973,10580,11393
67160,416277,43911,200350,27851,372365,21973,10580,11393
67165,416308,43914,200363,27851,372393,21973,10580,11393
67170,416339,43917,200383,27853,372422,21973,10580,11393
67175,416370,43920,200396,27854,372449,21973,10580,11393
67180,416401,43923,200406,27856,372478,21973,10580,11393
67185,416432,43926,200420,27857,372506,21973,10580,11393
67190,416463,43931,200438,27860,372532,21973,10580,11393
67195,416494,43935,200458,27863,372558,21973,10580,11393
67200,416525,43939,200471,27866,372586,21973,10580,11393
67205,416556,43943,200488,27868,372612,21973,10580,11393
67210,416587,43945,200498,27868,372642,21973,10580,11393
67215,416618,43949,200515,27872,372668,21973,10580,11393
67220,416649,43954,200529,27876,372695,21973,10580,11393
67225,416680,43959,200542,27879,372720,21973,10580,11393
67230,416711,43962,200556,27881,372748,21973,10580,11393
67235,416742,43968,200571,27886,372774,21973,10580,11393
67240,416773,43973,200590,27891,372799,21973,10580,11393
67245,416804,43976,200600,27892,372826,21973,10580,11393
67250,416835,43981,200616,27895,372854,21973,10580,11393
67255,416866,43986,200631,27898,372880,21973,10580,11393
67260,416897,43988,200649,27900,372908,21973,10580,11393
67265,416928,43990,200667,27901,372936,21973,10580,11393
67270,416959,43992,200683,27902,372965,21973,10580,11393
67275,416990,43994,200697,27902,372995,21973,10580,11393
67280,417021,43996,200711,27903,373024,21973,10580,11393
67285,417052,43998,200723,27903,373054,21973,10580,11393
67290,417083,44000,200737,27904,373083,21973,10580,11393
67295,417114,44002,200751,27905,373112,21973,10580,11393
67300,417145,44004,200763,27905,373139,21973,10580,11393
67305,417176,44006,200772,27905,373170,21973,10580,11393
67310,417207,44008,200785,27906,373199,21973,10580,11393
67315,417238,44011,200802,27906,373227,21973,10580,11393
67320,417269,44015,200821,27908,373254,21973,10580,11393
67325,417300,44018,200835,27910,373282,21973,10580,11393
67330,417331,44021,200854,27912,373310,21973,10580,11393
67335,417362,44023,200867,27912,373339,21973,10580,11393
67340,417393,44026,200884,27914,373367,21973,10580,11393
67345,417424,44029,200897,27916,373395,21973,10580,11393
67350,417455,44031,200914,27918,373424,21973,10580,11393
67355,417486,44034,200928,27920,373452,21973,10580,11393
67360,417517,44036,200940,27920,373481,21973,10580,11393
67365,417548,44040,200955,27921,373508,21973,10580,11393
67370,417579,44046,200972,27926,373532,21973,10580,11393
67375,417610,44051,200982,27928,373559,21973,10580,11393
67380,417641,44054,200994,27929,373586,21973,10580,11393
67385,417672,44058,201009,27933,373614,21973,10580,11393
67390,417703,44061,201018,27935,373641,21973,10580,11393
67395,417734,44064,201032,27936,373669,21973,10580,11393
67400,417765,44068,201047,27939,373696,21973,10580,11393
67405,417796,44071,201066,27941,373725,21973,10580,11393
67410,417827,44076,201083,27944,373750,21973,10580,11393
67415,417858,44079,201097,27946,373779,21973,10580,11393
67420,417889,44080,201109,27946,373808,21973,10580,11393
67425,417920,44081,201126,27947,373838,21973,10580,11393
67430,417951,44083,201140,27948,373868,21973,10580,11393
67435,417982,44085,201158,27948,373897,21973,10580,11393
67440,418013,44087,201172,27949,373926,21973,10580,11393
67445,418044,44089,201183,27950,373954,21973,10580,11393
67450,418075,44091,201205,27952,373983,21973,10580,11393
67455,418106,44093,201213,27952,374013,21973,10580,11393
67460,418137,44095,201228,27953,374039,21973,10580,11393
67465,418168,44097,201241,27955,374070,21973,10580,11393
67470,418199,44099,201255,27957,374100,21973,10580,11393
67475,418230,44101,201268,27958,374129,21973,10580,11393
67480,418261,44103,201284,27960,374157,21973,10580,11393
67485,418292,44109,201296,27963,374183,21973,10580,11393
67490,418323,44114,201313,27966,374208,21973,10580,11393
67495,418354,44117,201331,27967,374237,21973,10580,11393
67500,418385,44120,201347,27968,374265,21973,10580,11393
67505,418416,44123,201363,27969,374293,21973,10580,11393
67510,418447,44126,201381,27971,374320,21973,10580,11393
67515,418478,44130,201396,27974,374348,21973,10580,11393
67520,418509,44134,201411,27977,374375,21973,10580,11393
67525,418540,44138,201422,27978,374402,21973,10580,11393
67530,418571,44142,201433,27981,374429,21973,10580,11393
67535,418602,44147,201450,27983,374455,21973,10580,11393
67540,418633,44151,201461,27984,374482,21973,10580,11393
67545,418664,44156,201481,27988,374508,21973,10580,11393
67550,418695,44160,201496,27991,374535,21973,10580,11393
67555,418726,44165,201512,27995,374561,21973,10580,11393
67560,418757,44169,201531,27997,374588,21973,10580,11393
67565,418788,44173,201549,28000,374615,21973,10580,11393
67570,418819,44177,201563,28000,374642,21973,10580,11393
67575,418850,44183,201577,28004,374667,21973,10580,11393
67580,418881,44187,201594,28006,374694,21973,10580,11393
67585,418912,44192,201610,28010,374720,21973,10580,11393
67590,418943,44197,201625,28014,374746,21973,10580,11393
67595,418974,44203,201639,28020,374770,21973,10580,11393
67600,419005,44208,201653,28023,374797,21973,10580,11393
67605,419036,44212,201665,28025,374824,21973,10580,11393
67610,419067,44216,201681,28027,374850,21973,10580,11393
67615,419098,44218,201695,28028,374878,21973,10580,11393
67620,419129,44220,201709,28028,374907,21973,10580,11393
67625,419160,44222,201722,28029,374938,21973,10580,11393
67630,419191,44224,201734,28030,374967,21973,10580,11393
67635,419222,44226,201753,28031,374996,21973,10580,11393
67640,419253,44228,201768,28031,375024,21973,10580,11393
67645,419284,44230,201783,28031,375053,21973,10580,11393
67650,419315,44232,201798,28031,375082,21973,10580,11393
67655,419346,44234,201819,28032,375111,21973,10580,11393
67660,419377,44236,201832,28033,375141,21973,10580,11393
67665,419408,44238,201845,28034,375170,21973,10580,11393
67670,419439,44240,201862,28036,375199,21973,10580,11393
67675,419470,44242,201880,28038,375228,21973,10580,11393
67680,419501,44244,201893,28039,375257,21973,10580,11393
67685,419532,44247,201906,28039,375285,21973,10580,11393
67690,419563,44250,201919,28040,375313,21973,10580,11393
67695,419594,44253,201929,28041,375341,21973,10580,11393
67700,419625,44256,201946,28043,375369,21973,10580,11393
67705,419656,44259,201957,28043,375397,21973,10580,11393
67710,419687,44262,201972,28044,375425,21973,10580,11393
67715,419718,44265,201983,28046,375453,21973,10580,11393
67720,419749,44270,201996,28049,375479,21973,10580,11393
67725,419780,44276,202013,28054,375504,21973,10580,11393
67730,419811,44282,202028,28059,375529,21973,10580,11393
67735,419842,44288,202040,28061,375553,21973,10580,11393
67740,419873,44292,202052,28063,375580,21973,10580,11393
67745,419904,44298,202065,28068,375606,21973,10580,11393
67750,419935,44302,202080,28069,375632,21973,10580,11393
67755,419966,44307,202096,28071,375659,21973,10580,11393
67760,419997,44312,202110,28074,375684,21973,10580,11393
67765,420028,44317,202122,28075,375710,21973,10580,11393
67770,420059,44323,202134,28080,375735,21973,10580,11393
67775,420090,44327,202147,28080,375761,21973,10580,11393
67780,420121,44335,202165,28086,375785,21973,10580,11393
67785,420152,44340,202180,28089,375812,21973,10580,11393
67790,420183,44344,202198,28093,375839,21973,10580,11393
67795,420214,44349,202215,28097,375864,21973,10580,11393
67800,420245,44351,202227,28097,375893,21973,10580,11393
67805,420276,44353,202246,28098,375922,21973,10580,11393
67810,420307,44355,202260,28098,375952,21973,10580,11393
67815,420338,44357,202277,28099,375981,21973,10580,11393
67820,420369,44359,202289,28100,376009,21973,10580,11393
67825,420400,44361,202305,28101,376038,21973,10580,11393
67830,420431,44363,202317,28102,376068,21973,10580,11393
67835,420462,44365,202328,28102,376097,21973,10580,11393
67840,420493,44367,202341,28102,376125,21973,10580,11393
67845,420524,44369,202356,28103,376155,21973,10580,11393
67850,420555,44371,202369,28103,376184,21973,10580,11393
67855,420586,44373,202383,28105,376213,21973,10580,11393
67860,420617,44375,202402,28106,376241,21973,10580,11393
67865,420648,44376,202417,28107,376272,21973,10580,11393
67870,420679,44377,202432,28108,376302,21973,10580,11393
67875,420710,44378,202444,28108,376332,21973,10580,11393
67880,420741,44379,202457,28108,376362,21973,10580,11393
67885,420772,44380,202470,28108,376392,21973,10580,11393
67890,420803,44382,202485,28110,376421,21973,10580,11393
67895,420834,44385,202498,28111,376449,21973,10580,11393
67900,420865,44388,202519,28113,376476,21973,10580,11393
67905,420896,44392,202537,28116,376504,21973,10580,11393
67910,420927,44395,202554,28117,376531,21973,10580,11393
67915,420958,44398,202568,28117,376559,21973,10580,11393
67920,420989,44402,202583,28119,376587,21973,10580,11393
67925,421020,44405,202597,28122,376614,21973,10580,11393
67930,421051,44410,202616,28125,376640,21973,10580,11393
67935,421082,44415,202627,28128,376667,21973,10580,11393
67940,421113,44418,202638,28130,376695,21973,10580,11393
67945,421144,44422,202653,28131,376722,21973,10580,11393
67950,421175,44427,202671,28134,376747,21973,10580,11393
67955,421206,44431,202684,28136,376774,21973,10580,11393
67960,421237,44437,202700,28141,376799,21973,10580,11393
67965,421268,44443,202716,28145,376824,21973,10580,11393
67970,421299,44448,202729,28148,376851,21973,10580,11393
67975,421330,44451,202743,28150,376878,21973,10580,11393
67980,421361,44454,202755,28150,376906,21973,10580,11393
67985,421392,44459,202768,28153,376932,21973,10580,11393
67990,421423,44463,202782,28156,376960,21973,10580,11393
67995,421454,44465,202796,28157,376989,21973,10580,11393
68000,421485,44467,202811,28157,377018,21973,10580,11393
68005,421516,44469,202822,28158,377047,21973,10580,11393
68010,421547,44471,202833,28158,377076,21973,10580,11393
68015,421578,44473,202851,28158,377104,21973,10580,11393
68020,421609,44475,202866,28158,377133,21973,10580,11393
68025,421640,44477,202878,28160,377162,21973,10580,11393
68030,421671,44479,202891,28161,377191,21973,10580,11393
68035,421702,44481,202904,28161,377220,21973,10580,11393
68040,421733,44483,202920,28162,377249,21973,10580,11393
68045,421764,44485,202936,28164,377279,21973,10580,11393
68050,421795,44487,202957,28166,377307,21973,10580,11393
68055,421826,44489,202976,28168,377336,21973,10580,11393
68060,421857,44491,202987,28169,377366,21973,10580,11393
68065,421888,44493,202999,28171,377395,21973,10580,11393
68070,421919,44496,203013,28173,377423,21973,10580,11393
68075,421950,44499,203021,28174,377451,21973,10580,11393
68080,421981,44502,203031,28176,377479,21973,10580,11393
68085,422012,44505,203044,28178,377507,21973,10580,11393
68090,422043,44508,203059,28179,377535,21973,10580,11393
68095,422074,44511,203074,28180,377563,21973,10580,11393
68100,422105,44516,203092,28183,377589,21973,10580,11393
68105,422136,44519,203109,28184,377616,21973,10580,11393
68110,422167,44522,203123,28186,377644,21973,10580,11393
68115,422198,44525,203139,28187,377673,21973,10580,11393
68120,422229,44528,203153,28188,377700,21973,10580,11393
68125,422260,44531,203168,28189,377728,21973,10580,11393
68130,422291,44534,203186,28192,377757,21973,10580,11393
68135,422322,44538,203203,28194,377783,21973,10580,11393
68140,422353,44542,203220,28197,377811,21973,10580,11393
68145,422384,44548,203237,28202,377835,21973,10580,11393
68150,422415,44555,203253,28207,377860,21973,10580,11393
68155,422446,44561,203266,28211,377885,21973,10580,11393
68160,422477,44563,203280,28212,377914,21973,10580,11393
68165,422508,44566,203297,28214,377941,21973,10580,11393
68170,422539,44568,203313,28214,377970,21973,10580,11393
68175,422570,44572,203331,28218,377997,21973,10580,11393
68180,422601,44575,203344,28221,378025,21973,10580,11393
68185,422632,44577,203356,28222,378054,21973,10580,11393
68190,422663,44581,203372,28224,378081,21973,10580,11393
68195,422694,44583,203384,28226,378109,21973,10580,11393
68200,422725,44585,203399,28227,378138,21973,10580,11393
68205,422756,44588,203409,28229,378168,21973,10580,11393
68210,422787,44593,203426,28231,378194,21973,10580,11393
68215,422818,44598,203442,28235,378218,21973,10580,11393
68220,422849,44600,203461,28237,378246,21973,10580,11393
68225,422880,44602,203479,28239,378278,21973,10580,11393
68230,422911,44604,203493,28239,378307,21973,10580,11393
68235,422942,44606,203507,28240,378336,21973,10580,11393
68240,422973,44608,203524,28240,378365,21973,10580,11393
68245,423004,44610,203544,28242,378394,21973,10580,11393
68250,423035,44612,203557,28242,378423,21973,10580,11393
68255,423066,44614,203571,28243,378452,21973,10580,11393
68260,423097,44618,203580,28245,378479,21973,10580,11393
68265,423128,44621,203597,28245,378507,21973,10580,11393
68270,423159,44625,203611,28248,378534,21973,10580,11393
68275,423190,44628,203625,28249,378562,21973,10580,11393
68280,423221,44631,203643,28251,378590,21973,10580,11393
68285,423252,44634,203657,28252,378618,21973,10580,11393
68290,423283,44637,203669,28253,378646,21973,10580,11393
68295,423314,44640,203685,28255,378674,21973,10580,11393
68300,423345,44643,203699,28256,378702,21973,10580,11393
68305,423376,44646,203708,28256,378730,21973,10580,11393
68310,423407,44649,203726,28257,378758,21973,10580,11393
68315,423438,44653,203741,28258,378785,21973,10580,11393
68320,423469,44656,203755,28259,378813,21973,10580,11393
68325,423500,44660,203767,28263,378840,21973,10580,11393
68330,423531,44666,203777,28267,378865,21973,10580,11393
68335,423562,44675,203793,28274,378887,21973,10580,11393
68340,423593,44682,203807,28281,378911,21973,10580,11393
68345,423624,44688,203822,28286,378935,21973,10580,11393
68350,423655,44693,203838,28289,378961,21973,10580,11393
68355,423686,44699,203847,28292,378987,21973,10580,11393
68360,423717,44706,203864,28297,379011,21973,10580,11393
68365,423748,44711,203880,28300,379037,21973,10580,11393
68370,423779,44715,203899,28304,379063,21973,10580,11393
68375,423810,44717,203911,28305,379092,21973,10580,11393
68380,423841,44719,203925,28307,379122,21973,10580,11393
68385,423872,44721,203939,28308,379149,21973,10580,11393
68390,423903,44723,203949,28309,379179,21973,10580,11393
68395,423934,44725,203968,28311,379208,21973,10580,11393
68400,423965,44727,203984,28313,379236,21973,10580,11393
68405,423996,44729,204000,28314,379265,21973,10580,11393
68410,424027,44731,204018,28315,379296,21973,10580,11393
68415,424058,44733,204034,28315,379325,21973,10580,11393
68420,424089,44735,204047,28317,379354,21973,10580,11393
68425,424120,44737,204065,28317,379383,21973,10580,11393
68430,424151,44739,204081,28317,379412,21973,10580,11393
68435,424182,44741,204099,28318,379440,21973,10580,11393
68440,424213,44743,204114,28319,379469,21973,10580,11393
68445,424244,44745,204130,28320,379498,21973,10580,11393
68450,424275,44747,204149,28321,379528,21973,10580,11393
68455,424306,44749,204165,28323,379557,21973,10580,11393
68460,424337,44751,204180,28323,379586,21973,10580,11393
68465,424368,44753,204191,28324,379615,21973,10580,11393
68470,424399,44755,204207,28325,379644,21973,10580,11393
68475,424430,44759,204220,28327,379671,21973,10580,11393
68480,424461,44765,204238,28332,379696,21973,10580,11393
68485,424492,44770,204251,28336,379721,21973,10580,11393
68490,424523,44776,204268,28342,379747,21973,10580,11393
68495,424554,44781,204281,28345,379772,21973,10580,11393
68500,424585,44787,204297,28349,379797,21973,10580,11393
68505,424616,44792,204309,28351,379824,21973,10580,11393
68510,424647,44797,204321,28354,379850,21973,10580,11393
68515,424678,44805,204338,28360,379873,21973,10580,11393
68520,424709,44810,204347,28362,379899,21973,10580,11393
68525,424740,44817,204364,28367,379922,21973,10580,11393
68530,424771,44824,204379,28373,379946,21973,10580,11393
68535,424802,44829,204393,28377,379972,21973,10580,11393
68540,424833,44832,204408,28379,380000,21973,10580,11393
68545,424864,44834,204426,28380,380028,21973,10580,11393
68550,424895,44836,204441,28382,380058,21973,10580,11393
68555,424926,44838,204458,28382,380088,21973,10580,11393
68560,424957,44840,204475,28383,380116,21973,10580,11393
68565,424988,44842,204489,28384,380145,21973,10580,11393
68570,425019,44844,204504,28385,380175,21973,10580,11393
68575,425050,44846,204521,28385,380203,21973,10580,11393
68580,425081,44848,204535,28387,380233,21973,10580,11393
68585,425112,44850,204542,28388,380262,21973,10580,11393
68590,425143,44852,204553,28388,380291,21973,10580,11393
68595,425174,44854,204569,28389,380320,21973,10580,11393
68600,425205,44856,204585,28390,380349,21973,10580,11393
68605,425236,44858,204601,28392,380378,21973,10580,11393
68610,425267,44860,204616,28394,380406,21973,10580,11393
68615,425298,44862,204627,28394,380435,21973,10580,11393
68620,425329,44864,204644,28396,380465,21973,10580,11393
68625,425360,44866,204662,28396,380493,21973,10580,11393
68630,425391,44868,204674,28396,380522,21973,10580,11393
68635,425422,44871,204693,28398,380550,21973,10580,11393
68640,425453,44874,204708,28399,380579,21973,10580,11393
68645,425484,44878,204721,28401,380605,21973,10580,11393
68650,425515,44883,204738,28404,380631,21973,10580,11393
68655,425546,44887,204755,28406,380659,21973,10580,11393
68660,425577,44892,204766,28410,380685,21973,10580,11393
68665,425608,44896,204786,28413,380712,21973,10580,11393
68670,425639,44901,204799,28414,380738,21973,10580,11393
68675,425670,44906,204812,28416,380763,21973,10580,11393
68680,425701,44913,204832,28421,380787,21973,10580,11393
68685,425732,44922,204846,28427,380809,21973,10580,11393
68690,425763,44927,204856,28428,380836,21973,10580,11393
68695,425794,44935,204869,28435,380858,21973,10580,11393
68700,425825,44940,204883,28439,380884,21973,10580,11393
68705,425856,44944,204900,28440,380909,21973,10580,11393
68710,425887,44949,204915,28443,380938,21973,10580,11393
68715,425918,44952,204933,28445,380965,21973,10580,11393
68720,425949,44957,204949,28448,380992,21973,10580,11393
68725,425980,44961,204961,28451,381018,21973,10580,11393
68730,426011,44963,204974,28452,381046,21973,10580,11393
68735,426042,44965,204993,28454,381075,21973,10580,11393
68740,426073,44967,205004,28455,381106,21973,10580,11393
68745,426104,44969,205015,28456,381134,21973,10580,11393
68750,426135,44971,205041,28457,381164,21973,10580,11393
68755,426166,44973,205058,28459,381193,21973,10580,11393
68760,426197,44975,205070,28459,381222,21973,10580,11393
68765,426228,44977,205088,28461,381251,21973,10580,11393
68770,426259,44979,205099,28461,381280,21973,10580,11393
68775,426290,44981,205110,28462,381309,21973,10580,11393
68780,426321,44983,205127,28462,381338,21973,10580,11393
68785,426352,44985,205141,28463,381367,21973,10580,11393
68790,426383,44987,205157,28465,381396,21973,10580,11393
68795,426414,44989,205172,28467,381425,21973,10580,11393
68800,426445,44991,205185,28468,381454,21973,10580,11393
68805,426476,44994,205200,28471,381482,21973,10580,11393
68810,426507,44998,205215,28473,381509,21973,10580,11393
68815,426538,45002,205229,28474,381536,21973,10580,11393
68820,426569,45006,205245,28477,381562,21973,10580,11393
68825,426600,45008,205257,28478,381592,21973,10580,11393
68830,426631,45010,205271,28479,381620,21973,10580,11393
68835,426662,45013,205285,28481,381649,21973,10580,11393
68840,426693,45016,205299,28482,381676,21973,10580,11393
68845,426724,45021,205315,28486,381702,21973,10580,11393
68850,426755,45025,205326,28489,381730,21973,10580,11393
68855,426786,45031,205339,28494,381755,21973,10580,11393
68860,426817,45034,205354,28496,381783,21973,10580,11393
68865,426848,45041,205371,28501,381804,21973,10580,11393
68870,426879,45051,205385,28511,381825,21973,10580,11393
68875,426910,45057,205402,28516,381850,21973,10580,11393
68880,426941,45061,205417,28520,381879,21973,10580,11393
68885,426972,45061,205429,28520,381909,21973,10580,11393
68890,427003,45061,205444,28520,381941,21973,10580,11393
68895,427034,45061,205455,28520,381973,21973,10580,11393
68900,427065,45061,205470,28520,382004,21973,10580,11393
68905,427096,45061,205482,28520,382035,21973,10580,11393
68910,427127,45061,205498,28520,382066,21973,10580,11393
68915,427158,45061,205511,28520,382097,21973,10580,11393
68920,427189,45061,205523,28520,382128,21973,10580,11393
68925,427220,45061,205534,28520,382159,21973,10580,11393
68930,427251,45062,205549,28521,382189,21973,10580,11393
68935,427282,45063,205566,28522,382219,21973,10580,11393
68940,427313,45064,205579,28522,382249,21973,10580,11393
68945,427344,45065,205594,28523,382279,21973,10580,11393
68950,427375,45066,205607,28523,382309,21973,10580,11393
68955,427406,45067,205622,28523,382339,21973,10580,11393
68960,427437,45068,205639,28523,382369,21973,10580,11393
68965,427468,45069,205653,28524,382399,21973,10580,11393
68970,427499,45070,205665,28524,382429,21973,10580,11393
68975,427530,45071,205676,28524,382459,21973,10580,11393
68980,427561,45074,205691,28526,382487,21973,10580,11393
68985,427592,45079,205708,28531,382512,21973,10580,11393
68990,427623,45087,205723,28537,382535,21973,10580,11393
68995,427654,45093,205735,28539,382560,21973,10580,11393
69000,427685,45098,205749,28542,382587,21973,10580,11393
69005,427716,45104,205762,28547,382612,21973,10580,11393
69010,427747,45111,205774,28553,382636,21973,10580,11393
69015,427778,45119,205795,28560,382657,21973,10580,11393
69020,427809,45125,205808,28564,382683,21973,10580,11393
69025,427840,45128,205824,28566,382711,21973,10580,11393
69030,427871,45131,205838,28567,382740,21973,10580,11393
69035,427902,45134,205848,28569,382768,21973,10580,11393
69040,427933,45138,205862,28571,382795,21973,10580,11393
69045,427964,45141,205872,28572,382823,21973,10580,11393
69050,427995,45145,205888,28574,382849,21973,10580,11393
69055,428026,45149,205903,28577,382877,21973,10580,11393
69060,428057,45152,205918,28578,382905,21973,10580,11393
69065,428088,45154,205934,28579,382934,21973,10580,11393
69070,428119,45156,205953,28581,382963,21973,10580,11393
69075,428150,45158,205968,28582,382992,21973,10580,11393
69080,428181,45160,205987,28583,383021,21973,10580,11393
69085,428212,45162,205998,28584,383050,21973,10580,11393
69090,428243,45164,206010,28586,383079,21973,10580,11393
69095,428274,45166,206024,28587,383108,21973,10580,11393
69100,428305,45168,206044,28589,383137,21973,10580,11393
69105,428336,45170,206061,28590,383165,21973,10580,11393
69110,428367,45172,206076,28591,383195,21973,10580,11393
69115,428398,45174,206091,28592,383224,21973,10580,11393
69120,428429,45176,206106,28593,383253,21973,10580,11393
69125,428460,45178,206122,28593,383281,21973,10580,11393
69130,428491,45181,206140,28595,383309,21973,10580,11393
69135,428522,45184,206154,28597,383338,21973,10580,11393
69140,428553,45187,206169,28599,383365,21973,10580,11393
69145,428584,45190,206184,28601,383393,21973,10580,11393
69150,428615,45194,206203,28602,383420,21973,10580,11393
69155,428646,45199,206220,28606,383445,21973,10580,11393
69160,428677,45203,206233,28609,383473,21973,10580,11393
69165,428708,45211,206252,28617,383496,21973,10580,11393
69170,428739,45217,206267,28620,383520,21973,10580,11393
69175,428770,45226,206286,28626,383543,21973,10580,11393
69180,428801,45233,206301,28631,383568,21973,10580,11393
69185,428832,45236,206313,28632,383595,21973,10580,11393
69190,428863,45239,206326,28632,383623,21973,10580,11393
69195,428894,45242,206345,28632,383650,21973,10580,11393
69200,428925,45245,206365,28633,383678,21973,10580,11393
69205,428956,45248,206376,28635,383708,21973,10580,11393
69210,428987,45251,206389,28636,383735,21973,10580,11393
69215,429018,45254,206404,28638,383762,21973,10580,11393
69220,429049,45257,206415,28639,383791,21973,10580,11393
69225,429080,45260,206431,28642,383820,21973,10580,11393
69230,429111,45263,206441,28643,383847,21973,10580,11393
69235,429142,45267,206456,28646,383874,21973,10580,11393
69240,429173,45270,206471,28648,383903,21973,10580,11393
69245,429204,45274,206479,28651,383930,21973,10580,11393
69250,429235,45278,206494,28653,383957,21973,10580,11393
69255,429266,45281,206507,28655,383985,21973,10580,11393
69260,429297,45285,206524,28658,384012,21973,10580,11393
69265,429328,45289,206540,28661,384039,21973,10580,11393
69270,429359,45292,206550,28662,384067,21973,10580,11393
69275,429390,45295,206560,28664,384095,21973,10580,11393
69280,429421,45298,206573,28666,384123,21973,10580,11393
69285,429452,45302,206585,28668,384150,21973,10580,11393
69290,429483,45306,206593,28671,384177,21973,10580,11393
69295,429514,45311,206608,28674,384203,21973,10580,11393
69300,429545,45314,206624,28676,384231,21973,10580,11393
69305,429576,45317,206637,28678,384259,21973,10580,11393
69310,429607,45320,206650,28678,384287,21973,10580,11393
69315,429638,45323,206659,28678,384315,21973,10580,11393
69320,429669,45327,206671,28680,384342,21973,10580,11393
69325,429700,45330,206683,28682,384369,21973,10580,11393
69330,429731,45334,206698,28684,384396,21973,10580,11393
69335,429762,45337,206718,28685,384424,21973,10580,11393
69340,429793,45340,206732,28686,384452,21973,10580,11393
69345,429824,45344,206744,28689,384480,21973,10580,11393
69350,429855,45348,206759,28692,384507,21973,10580,11393
69355,429886,45352,206773,28694,384533,21973,10580,11393
69360,429917,45355,206787,28695,384562,21973,10580,11393
69365,429948,45358,206807,28695,384590,21973,10580,11393
69370,429979,45362,206817,28697,384616,21973,10580,11393
69375,430010,45366,206834,28699,384643,21973,10580,11393
69380,430041,45370,206850,28702,384670,21973,10580,11393
69385,430072,45374,206865,28704,384697,21973,10580,11393
69390,430103,45378,206882,28706,384724,21973,10580,11393
69395,430134,45380,206897,28707,384753,21973,10580,11393
69400,430165,45382,206913,28708,384783,21973,10580,11393
69405,430196,45385,206928,28710,384811,21973,10580,11393
69410,430227,45388,206935,28711,384839,21973,10580,11393
69415,430258,45391,206949,28713,384867,21973,10580,11393
69420,430289,45394,206962,28713,384893,21973,10580,11393
69425,430320,45398,206980,28716,384922,21973,10580,11393
69430,430351,45401,206993,28716,384949,21973,10580,11393
69435,430382,45404,207009,28718,384978,21973,10580,11393
69440,430413,45408,207024,28721,385005,21973,10580,11393
69445,430444,45413,207043,28724,385030,21973,10580,11393
69450,430475,45417,207056,28727,385057,21973,10580,11393
69455,430506,45421,207071,28729,385084,21973,10580,11393
69460,430537,45425,207084,28731,385112,21973,10580,11393
69465,430568,45431,207099,28736,385137,21973,10580,11393
69470,430599,45435,207112,28738,385164,21973,10580,11393
69475,430630,45439,207130,28741,385191,21973,10580,11393
69480,430661,45441,207142,28741,385220,21973,10580,11393
69485,430692,45443,207157,28741,385248,21973,10580,11393
69490,430723,45445,207176,28743,385278,21973,10580,11393
69495,430754,45447,207193,28743,385307,21973,10580,11393
69500,430785,45450,207208,28744,385334,21973,10580,11393
69505,430816,45453,207224,28745,385363,21973,10580,11393
69510,430847,45457,207244,28748,385389,21973,10580,11393
69515,430878,45461,207260,28750,385417,21973,10580,11393
69520,430909,45465,207276,28752,385444,21973,10580,11393
69525,430940,45469,207292,28754,385471,21973,10580,11393
69530,430971,45473,207309,28757,385497,21973,10580,11393
69535,431002,45476,207319,28758,385525,21973,10580,11393
69540,431033,45479,207335,28759,385554,21973,10580,11393
69545,431064,45482,207353,28762,385582,21973,10580,11393
69550,431095,45485,207370,28764,385610,21973,10580,11393
69555,431126,45488,207383,28764,385638,21973,10580,11393
69560,431157,45492,207399,28766,385665,21973,10580,11393
69565,431188,45496,207417,28769,385692,21973,10580,11393
69570,431219,45500,207430,28771,385719,21973,10580,11393
69575,431250,45503,207446,28772,385747,21973,10580,11393
69580,431281,45508,207460,28775,385773,21973,10580,11393
69585,431312,45514,207477,28780,385798,21973,10580,11393
69590,431343,45520,207494,28783,385822,21973,10580,11393
69595,431374,45524,207511,28785,385850,21973,10580,11393
69600,431405,45527,207528,28787,385878,21973,10580,11393
69605,431436,45529,207546,28788,385906,21973,10580,11393
69610,431467,45531,207556,28788,385936,21973,10580,11393
69615,431498,45533,207573,28790,385965,21973,10580,11393
69620,431529,45535,207584,28790,385994,21973,10580,11393
69625,431560,45537,207601,28792,386022,21973,10580,11393
69630,431591,45539,207620,28792,386052,21973,10580,11393
69635,431622,45542,207636,28794,386079,21973,10580,11393
69640,431653,45545,207653,28796,386107,21973,10580,11393
69645,431684,45547,207666,28797,386135,21973,10580,11393
69650,431715,45551,207683,28800,386163,21973,10580,11393
69655,431746,45554,207701,28802,386191,21973,10580,11393
69660,431777,45557,207717,28805,386220,21973,10580,11393
69665,431808,45561,207736,28808,386246,21973,10580,11393
69670,431839,45562,207752,28808,386277,21973,10580,11393
69675,431870,45563,207765,28808,386307,21973,10580,11393
69680,431901,45564,207778,28809,386337,21973,10580,11393
69685,431932,45565,207797,28810,386366,21973,10580,11393
69690,431963,45566,207811,28811,386396,21973,10580,11393
69695,431994,45567,207829,28811,386426,21973,10580,11393
69700,432025,45569,207849,28811,386455,21973,10580,11393
69705,432056,45572,207860,28812,386483,21973,10580,11393
69710,432087,45577,207878,28815,386510,21973,10580,11393
69715,432118,45581,207891,28818,386537,21973,10580,11393
69720,432149,45585,207904,28820,386563,21973,10580,11393
69725,432180,45589,207913,28821,386591,21973,10580,11393
69730,432211,45593,207924,28824,386618,21973,10580,11393
69735,432242,45598,207939,28827,386644,21973,10580,11393
69740,432273,45603,207956,28831,386670,21973,10580,11393
69745,432304,45608,207976,28835,386696,21973,10580,11393
69750,432335,45610,207985,28836,386725,21973,10580,11393
69755,432366,45612,208002,28837,386754,21973,10580,11393
69760,432397,45614,208008,28838,386783,21973,10580,11393
69765,432428,45616,208023,28839,386812,21973,10580,11393
69770,432459,45618,208031,28839,386841,21973,10580,11393
69775,432490,45621,208044,28840,386869,21973,10580,11393
69780,432521,45624,208060,28841,386897,21973,10580,11393
69785,432552,45626,208073,28843,386926,21973,10580,11393
69790,432583,45628,208084,28844,386955,21973,10580,11393
69795,432614,45630,208101,28844,386984,21973,10580,11393
69800,432645,45634,208116,28847,387011,21973,10580,11393
69805,432676,45639,208132,28852,387037,21973,10580,11393
69810,432707,45641,208141,28852,387065,21973,10580,11393
69815,432738,45645,208160,28855,387092,21973,10580,11393
69820,432769,45650,208177,28860,387118,21973,10580,11393
69825,432800,45654,208189,28863,387146,21973,10580,11393
69830,432831,45657,208204,28865,387171,21973,10580,11393
69835,432862,45658,208221,28865,387202,21973,10580,11393
69840,432893,45659,208236,28866,387233,21973,10580,11393
69845,432924,45660,208251,28867,387263,21973,10580,11393
69850,432955,45661,208263,28867,387294,21973,10580,11393
69855,432986,45663,208279,28868,387322,21973,10580,11393
69860,433017,45665,208293,28869,387352,21973,10580,11393
69865,433048,45667,208307,28870,387380,21973,10580,11393
69870,433079,45669,208319,28870,387410,21973,10580,11393
69875,433110,45671,208337,28871,387438,21973,10580,11393
69880,433141,45673,208351,28872,387467,21973,10580,11393
69885,433172,45676,208366,28873,387496,21973,10580,11393
69890,433203,45679,208379,28875,387523,21973,10580,11393
69895,433234,45682,208393,28878,387552,21973,10580,11393
69900,433265,45685,208406,28880,387580,21973,10580,11393
69905,433296,45688,208421,28880,387607,21973,10580,11393
69910,433327,45691,208432,28881,387636,21973,10580,11393
69915,433358,45694,208454,28883,387664,21973,10580,11393
69920,433389,45697,208465,28883,387692,21973,10580,11393
69925,433420,45700,208479,28884,387719,21973,10580,11393
69930,433451,45703,208493,28886,387748,21973,10580,11393
69935,433482,45706,208510,28887,387776,21973,10580,11393
69940,433513,45711,208526,28892,387801,21973,10580,11393
69945,433544,45718,208535,28896,387825,21973,10580,11393
69950,433575,45726,208555,28902,387848,21973,10580,11393
69955,433606,45733,208569,28906,387873,21973,10580,11393
69960,433637,45740,208584,28911,387896,21973,10580,11393
69965,433668,45748,208602,28917,387919,21973,10580,11393
69970,433699,45751,208619,28919,387947,21973,10580,11393
69975,433730,45755,208634,28922,387975,21973,10580,11393
69980,433761,45758,208647,28924,388001,21973,10580,11393
69985,433792,45762,208666,28928,388029,21973,10580,11393
69990,433823,45765,208684,28929,388058,21973,10580,11393
69995,433854,45768,208697,28931,388086,21973,10580,11393
70000,433885,45772,208710,28933,388113,21973,10580,11393
70005,433916,45775,208722,28936,388141,21973,10580,11393
70010,433947,45779,208738,28938,388168,21973,10580,11393
70015,433978,45782,208752,28939,388196,21973,10580,11393
70020,434009,45786,208769,28941,388223,21973,10580,11393
70025,434040,45788,208784,28942,388252,21973,10580,11393
70030,434071,45790,208801,28942,388281,21973,10580,11393
70035,434102,45792,208816,28943,388310,21973,10580,11393
70040,434133,45794,208828,28943,388339,21973,10580,11393
70045,434164,45796,208843,28943,388368,21973,10580,11393
70050,434195,45798,208859,28944,388397,21973,10580,11393
70055,434226,45800,208875,28945,388426,21973,10580,11393
70060,434257,45802,208889,28947,388454,21973,10580,11393
70065,434288,45804,208902,28948,388483,21973,10580,11393
70070,434319,45806,208916,28948,388513,21973,10580,11393
70075,434350,45809,208932,28950,388541,21973,10580,11393
70080,434381,45812,208953,28953,388568,21973,10580,11393
70085,434412,45815,208970,28955,388596,21973,10580,11393
70090,434443,45818,208980,28957,388624,21973,10580,11393
70095,434474,45821,208993,28959,388652,21973,10580,11393
70100,434505,45826,209009,28961,388678,21973,10580,11393
70105,434536,45831,209023,28963,388705,21973,10580,11393
70110,434567,45835,209035,28964,388730,21973,10580,11393
70115,434598,45840,209050,28967,388756,21973,10580,11393
70120,434629,45847,209068,28973,388780,21973,10580,11393
70125,434660,45850,209080,28975,388809,21973,10580,11393
70130,434691,45853,209094,28978,388837,21973,10580,11393
70135,434722,45859,209109,28982,388862,21973,10580,11393
70140,434753,45865,209118,28985,388888,21973,10580,11393
70145,434784,45870,209134,28988,388913,21973,10580,11393
70150,434815,45873,209146,28990,388942,21973,10580,11393
70155,434846,45876,209163,28993,388970,21973,10580,11393
70160,434877,45879,209174,28994,388997,21973,10580,11393
70165,434908,45882,209186,28994,389026,21973,10580,11393
70170,434939,45885,209203,28996,389054,21973,10580,11393
70175,434970,45888,209220,28997,389082,21973,10580,11393
70180,435001,45891,209236,28999,389110,21973,10580,11393
70185,435032,45895,209257,29002,389137,21973,10580,11393
70190,435063,45898,209267,29002,389165,21973,10580,11393
70195,435094,45901,209282,29004,389193,21973,10580,11393
70200,435125,45904,209294,29004,389221,21973,10580,11393
70205,435156,45907,209304,29005,389249,21973,10580,11393
70210,435187,45911,209317,29007,389276,21973,10580,11393
70215,435218,45915,209329,29009,389303,21973,10580,11393
70220,435249,45917,209341,29010,389332,21973,10580,11393
70225,435280,45922,209357,29013,389358,21973,10580,11393
70230,435311,45926,209373,29016,389385,21973,10580,11393
70235,435342,45930,209391,29018,389412,21973,10580,11393
70240,435373,45933,209404,29020,389440,21973,10580,11393
70245,435404,45937,209416,29022,389467,21973,10580,11393
70250,435435,45942,209429,29026,389493,21973,10580,11393
70255,435466,45947,209441,29030,389519,21973,10580,11393
70260,435497,45951,209462,29033,389546,21973,10580,11393
70265,435528,45955,209478,29036,389573,21973,10580,11393
70270,435559,45958,209495,29037,389601,21973,10580,11393
70275,435590,45960,209513,29037,389630,21973,10580,11393
70280,435621,45962,209529,29038,389659,21973,10580,11393
70285,435652,45964,209541,29039,389688,21973,10580,11393
70290,435683,45966,209556,29040,389717,21973,10580,11393
70295,435714,45968,209573,29040,389746,21973,10580,11393
70300,435745,45970,209587,29041,389775,21973,10580,11393
70305,435776,45972,209599,29043,389803,21973,10580,11393
70310,435807,45974,209619,29045,389833,21973,10580,11393
70315,435838,45976,209637,29046,389862,21973,10580,11393
70320,435869,45978,209654,29046,389891,21973,10580,11393
70325,435900,45982,209669,29048,389918,21973,10580,11393
70330,435931,45985,209684,29050,389946,21973,10580,11393
70335,435962,45988,209698,29052,389974,21973,10580,11393
70340,435993,45992,209717,29055,390001,21973,10580,11393
70345,436024,45995,209734,29057,390029,21973,10580,11393
70350,436055,45998,209753,29059,390057,21973,10580,11393
70355,436086,46002,209768,29062,390084,21973,10580,11393
70360,436117,46005,209780,29063,390112,21973,10580,11393
70365,436148,46009,209798,29066,390136,21973,10580,11393
70370,436179,46013,209810,29067,390165,21973,10580,11393
70375,436210,46017,209824,29067,390191,21973,10580,11393
70380,436241,46022,209841,29071,390217,21973,10580,11393
70385,436272,46025,209854,29073,390246,21973,10580,11393
70390,436303,46029,209872,29077,390273,21973,10580,11393
70395,436334,46032,209883,29078,390302,21973,10580,11393
70400,436365,46035,209901,29081,390329,21973,10580,11393
70405,436396,46040,209919,29085,390356,21973,10580,11393
70410,436427,46044,209932,29089,390383,21973,10580,11393
70415,436458,46047,209945,29092,390411,21973,10580,11393
70420,436489,46053,209961,29095,390436,21973,10580,11393
70425,436520,46058,209978,29100,390461,21973,10580,11393
70430,436551,46061,209997,29101,390489,21973,10580,11393
70435,436582,46064,210017,29103,390518,21973,10580,11393
70440,436613,46067,210033,29105,390545,21973,10580,11393
70445,436644,46070,210046,29106,390573,21973,10580,11393
70450,436675,46072,210059,29107,390603,21973,10580,11393
70455,436706,46074,210076,29108,390631,21973,10580,11393
70460,436737,46076,210094,29109,390660,21973,10580,11393
70465,436768,46078,210109,29110,390690,21973,10580,11393
70470,436799,46080,210126,29111,390719,21973,10580,11393
70475,436830,46083,210142,29113,390747,21973,10580,11393
70480,436861,46086,210155,29116,390775,21973,10580,11393
70485,436892,46087,210168,29117,390803,21973,10580,11393
70490,436923,46089,210187,29118,390832,21973,10580,11393
70495,436954,46091,210201,29119,390863,21973,10580,11393
70500,436985,46093,210217,29119,390891,21973,10580,11393
70505,437016,46095,210230,29120,390921,21973,10580,11393
70510,437047,46097,210247,29121,390949,21973,10580,11393
70515,437078,46099,210262,29121,390979,21973,10580,11393
70520,437109,46101,210279,29123,391008,21973,10580,11393
70525,437140,46103,210293,29124,391036,21973,10580,11393
70530,437171,46105,210306,29126,391066,21973,10580,11393
70535,437202,46107,210321,29127,391094,21973,10580,11393
70540,437233,46110,210336,29128,391122,21973,10580,11393
70545,437264,46114,210351,29130,391150,21973,10580,11393
70550,437295,46117,210367,29130,391176,21973,10580,11393
70555,437326,46121,210388,29133,391204,21973,10580,11393
70560,437357,46124,210402,29135,391233,21973,10580,11393
70565,437388,46127,210416,29136,391261,21973,10580,11393
70570,437419,46130,210433,29137,391289,21973,10580,11393
70575,437450,46133,210453,29140,391317,21973,10580,11393
70580,437481,46136,210470,29142,391345,21973,10580,11393
70585,437512,46139,210487,29145,391373,21973,10580,11393
70590,437543,46143,210503,29148,391400,21973,10580,11393
70595,437574,46147,210521,29149,391427,21973,10580,11393
70600,437605,46151,210537,29151,391454,21973,10580,11393
70605,437636,46155,210550,29152,391481,21973,10580,11393
70610,437667,46160,210568,29155,391507,21973,10580,11393
70615,437698,46164,210580,29158,391533,21973,10580,11393
70620,437729,46169,210596,29162,391559,21973,10580,11393
70625,437760,46173,210614,29166,391586,21973,10580,11393
70630,437791,46178,210631,29170,391612,21973,10580,11393
70635,437822,46183,210648,29173,391639,21973,10580,11393
70640,437853,46188,210661,29176,391665,21973,10580,11393
70645,437884,46193,210677,29178,391690,21973,10580,11393
70650,437915,46198,210694,29181,391716,21973,10580,11393
70655,437946,46204,210713,29185,391741,21973,10580,11393
70660,437977,46207,210727,29187,391769,21973,10580,11393
70665,438008,46212,210743,29191,391796,21973,10580,11393
70670,438039,46218,210757,29195,391819,21973,10580,11393
70675,438070,46222,210772,29197,391847,21973,10580,11393
70680,438101,46227,210786,29200,391873,21973,10580,11393
70685,438132,46230,210799,29201,391902,21973,10580,11393
70690,438163,46235,210815,29206,391926,21973,10580,11393
70695,438194,46238,210829,29209,391956,21973,10580,11393
70700,438225,46240,210839,29209,391984,21973,10580,11393
70705,438256,46242,210854,29211,392014,21973,10580,11393
70710,438287,46244,210868,29213,392043,21973,10580,11393
70715,438318,46246,210886,29215,392072,21973,10580,11393
70720,438349,46248,210902,29216,392101,21973,10580,11393
70725,438380,46250,210918,29216,392130,21973,10580,11393
70730,438411,46252,210931,29217,392159,21973,10580,11393
70735,438442,46254,210946,29218,392186,21973,10580,11393
70740,438473,46256,210962,29219,392217,21973,10580,11393
70745,438504,46257,210975,29220,392246,21973,10580,11393
70750,438535,46258,210991,29221,392276,21973,10580,11393
70755,438566,46259,211009,29222,392305,21973,10580,11393
70760,438597,46260,211028,29223,392336,21973,10580,11393
70765,438628,46263,211042,29225,392365,21973,10580,11393
70770,438659,46265,211055,29225,392394,21973,10580,11393
70775,438690,46268,211070,29226,392422,21973,10580,11393
70780,438721,46271,211082,29227,392450,21973,10580,11393
70785,438752,46273,211096,29228,392479,21973,10580,11393
70790,438783,46277,211112,29231,392505,21973,10580,11393
70795,438814,46280,211130,29234,392533,21973,10580,11393
70800,438845,46284,211144,29236,392561,21973,10580,11393
70805,438876,46289,211161,29241,392586,21973,10580,11393
70810,438907,46293,211175,29244,392614,21973,10580,11393
70815,438938,46298,211195,29248,392639,21973,10580,11393
70820,438969,46300,211210,29248,392668,21973,10580,11393
70825,439000,46302,211225,29249,392698,21973,10580,11393
70830,439031,46304,211244,29251,392727,21973,10580,11393
70835,439062,46306,211259,29253,392756,21973,10580,11393
70840,439093,46308,211277,29255,392784,21973,10580,11393
70845,439124,46311,211295,29257,392812,21973,10580,11393
70850,439155,46314,211305,29258,392841,21973,10580,11393
70855,439186,46317,211318,29259,392868,21973,10580,11393
70860,439217,46320,211338,29262,392896,21973,10580,11393
70865,439248,46323,211348,29263,392925,21973,10580,11393
70870,439279,46328,211365,29267,392951,21973,10580,11393
70875,439310,46331,211380,29269,392979,21973,10580,11393
70880,439341,46335,211397,29273,393006,21973,10580,11393
70885,439372,46338,211412,29274,393034,21973,10580,11393
70890,439403,46342,211429,29278,393061,21973,10580,11393
70895,439434,46345,211445,29280,393089,21973,10580,11393
70900,439465,46350,211466,29285,393115,21973,10580,11393
70905,439496,46355,211483,29289,393141,21973,10580,11393
70910,439527,46359,211489,29291,393168,21973,10580,11393
70915,439558,46364,211506,29295,393193,21973,10580,11393
70920,439589,46366,211515,29295,393222,21973,10580,11393
70925,439620,46372,211529,29300,393248,21973,10580,11393
70930,439651,46377,211544,29303,393272,21973,10580,11393
70935,439682,46383,211559,29308,393299,21973,10580,11393
70940,439713,46387,211573,29311,393326,21973,10580,11393
70945,439744,46390,211590,29313,393353,21973,10580,11393
70950,439775,46393,211604,29313,393382,21973,10580,11393
70955,439806,46396,211621,29314,393409,21973,10580,11393
70960,439837,46399,211633,29316,393438,21973,10580,11393
70965,439868,46403,211649,29319,393464,21973,10580,11393
70970,439899,46407,211666,29321,393491,21973,10580,11393
70975,439930,46410,211682,29323,393519,21973,10580,11393
70980,439961,46414,211698,29325,393547,21973,10580,11393
70985,439992,46416,211711,29325,393576,21973,10580,11393
70990,440023,46418,211728,29326,393604,21973,10580,11393
70995,440054,46420,211735,29326,393634,21973,10580,11393
71000,440085,46422,211752,29327,393662,21973,10580,11393
71005,440116,46424,211768,29328,393692,21973,10580,11393
71010,440147,46426,211782,29330,393721,21973,10580,11393
71015,440178,46428,211799,29331,393750,21973,10580,11393
71020,440209,46430,211819,29332,393779,21973,10580,11393
71025,440240,46433,211829,29332,393807,21973,10580,11393
71030,440271,46436,211846,29333,393835,21973,10580,11393
71035,440302,46439,211856,29335,393863,21973,10580,11393
71040,440333,46442,211870,29336,393891,21973,10580,11393
71045,440364,46445,211887,29337,393919,21973,10580,11393
71050,440395,46448,211900,29337,393947,21973,10580,11393
71055,440426,46452,211917,29341,393974,21973,10580,11393
71060,440457,46455,211935,29343,394002,21973,10580,11393
71065,440488,46458,211948,29343,394030,21973,10580,11393
71070,440519,46462,211965,29345,394057,21973,10580,11393
71075,440550,46465,211986,29348,394085,21973,10580,11393
71080,440581,46469,211999,29351,394112,21973,10580,11393
71085,440612,46473,212013,29355,394139,21973,10580,11393
71090,440643,46477,212032,29359,394166,21973,10580,11393
71095,440674,46482,212046,29361,394191,21973,10580,11393
71100,440705,46487,212052,29363,394218,21973,10580,11393
71105,440736,46494,212070,29368,394241,21973,10580,11393
71110,440767,46503,212084,29375,394264,21973,10580,11393
71115,440798,46509,212096,29379,394289,21973,10580,11393
71120,440829,46514,212111,29382,394314,21973,10580,11393
71125,440860,46517,212128,29383,394342,21973,10580,11393
71130,440891,46520,212145,29384,394369,21973,10580,11393
71135,440922,46523,212162,29385,394398,21973,10580,11393
71140,440953,46526,212180,29386,394426,21973,10580,11393
71145,440984,46529,212193,29387,394453,21973,10580,11393
71150,441015,46533,212209,29388,394482,21973,10580,11393
71155,441046,46537,212226,29391,394508,21973,10580,11393
71160,441077,46541,212238,29393,394534,21973,10580,11393
71165,441108,46542,212259,29393,394565,21973,10580,11393
71170,441139,46543,212274,29393,394596,21973,10580,11393
71175,441170,46544,212289,29393,394626,21973,10580,11393
71180,441201,46545,212303,29394,394656,21973,10580,11393
71185,441232,46546,212316,29394,394686,21973,10580,11393
71190,441263,46547,212333,29394,394715,21973,10580,11393
71195,441294,46548,212346,29395,394746,21973,10580,11393
71200,441325,46549,212358,29395,394775,21973,10580,11393
71205,441356,46550,212375,29396,394806,21973,10580,11393
71210,441387,46551,212391,29396,394836,21973,10580,11393
71215,441418,46552,212406,29396,394865,21973,10580,11393
71220,441449,46554,212422,29397,394895,21973,10580,11393
71225,441480,46556,212439,29398,394924,21973,10580,11393
71230,441511,46558,212453,29399,394953,21973,10580,11393
71235,441542,46561,212469,29402,394981,21973,10580,11393
71240,441573,46564,212487,29404,395009,21973,10580,11393
71245,441604,46567,212502,29406,395037,21973,10580,11393
71250,441635,46569,212518,29408,395066,21973,10580,11393
71255,441666,46572,212532,29410,395094,21973,10580,11393
71260,441697,46575,212549,29413,395121,21973,10580,11393
71265,441728,46578,212563,29415,395149,21973,10580,11393
71270,441759,46587,212575,29420,395172,21973,10580,11393
71275,441790,46592,212585,29422,395197,21973,10580,11393
71280,441821,46599,212600,29428,395221,21973,10580,11393
71285,441852,46607,212615,29435,395245,21973,10580,11393
71290,441883,46610,212630,29436,395273,21973,10580,11393
71295,441914,46613,212643,29438,395301,21973,10580,11393
71300,441945,46616,212659,29438,395329,21973,10580,11393
71305,441976,46619,212673,29439,395357,21973,10580,11393
71310,442007,46622,212686,29440,395385,21973,10580,11393
71315,442038,46626,212702,29444,395412,21973,10580,11393
71320,442069,46629,212715,29446,395439,21973,10580,11393
71325,442100,46633,212734,29448,395465,21973,10580,11393
71330,442131,46637,212751,29451,395493,21973,10580,11393
71335,442162,46639,212767,29452,395522,21973,10580,11393
71340,442193,46641,212777,29452,395551,21973,10580,11393
71345,442224,46643,212791,29453,395580,21973,10580,11393
71350,442255,46645,212804,29453,395610,21973,10580,11393
71355,442286,46647,212817,29455,395639,21973,10580,11393
71360,442317,46649,212831,29456,395668,21973,10580,11393
71365,442348,46651,212846,29457,395697,21973,10580,11393
71370,442379,46653,212862,29458,395726,21973,10580,11393
71375,442410,46655,212878,29458,395755,21973,10580,11393
71380,442441,46657,212893,29460,395784,21973,10580,11393
71385,442472,46659,212907,29460,395813,21973,10580,11393
71390,442503,46661,212924,29462,395842,21973,10580,11393
71395,442534,46664,212939,29465,395870,21973,10580,11393
71400,442565,46667,212951,29466,395898,21973,10580,11393
71405,442596,46670,212968,29466,395925,21973,10580,11393
71410,442627,46673,212980,29467,395953,21973,10580,11393
71415,442658,46676,212991,29468,395982,21973,10580,11393
71420,442689,46679,213003,29470,396010,21973,10580,11393
71425,442720,46682,213021,29472,396038,21973,10580,11393
71430,442751,46685,213030,29472,396065,21973,10580,11393
71435,442782,46690,213045,29477,396092,21973,10580,11393
71440,442813,46697,213064,29484,396116,21973,10580,11393
71445,442844,46702,213077,29487,396142,21973,10580,11393
71450,442875,46709,213095,29491,396166,21973,10580,11393
71455,442906,46715,213107,29494,396190,21973,10580,11393
71460,442937,46720,213122,29495,396217,21973,10580,11393
71465,442968,46728,213138,29502,396239,21973,10580,11393
71470,442999,46735,213151,29507,396263,21973,10580,11393
71475,443030,46741,213168,29512,396289,21973,10580,11393
71480,443061,46744,213180,29514,396317,21973,10580,11393
71485,443092,46748,213198,29516,396343,21973,10580,11393
71490,443123,46752,213213,29518,396371,21973,10580,11393
71495,443154,46755,213224,29519,396399,21973,10580,11393
71500,443185,46758,213238,29521,396426,21973,10580,11393
71505,443216,46762,213253,29524,396452,21973,10580,11393
71510,443247,46764,213268,29525,396481,21973,10580,11393
71515,443278,46766,213278,29525,396511,21973,10580,11393
71520,443309,46768,213290,29526,396540,21973,10580,11393
71525,443340,46770,213307,29528,396568,21973,10580,11393
71530,443371,46772,213321,29529,396598,21973,10580,11393
71535,443402,46774,213338,29531,396628,21973,10580,11393
71540,443433,46776,213358,29532,396657,21973,10580,11393
71545,443464,46778,213373,29534,396686,21973,10580,11393
71550,443495,46780,213395,29536,396715,21973,10580,11393
71555,443526,46782,213405,29536,396744,21973,10580,11393
71560,443557,46784,213418,29537,396773,21973,10580,11393
71565,443588,46786,213433,29538,396802,21973,10580,11393
71570,443619,46788,213443,29538,396831,21973,10580,11393
71575,443650,46790,213455,29539,396860,21973,10580,11393
71580,443681,46792,213471,29540,396889,21973,10580,11393
71585,443712,46795,213485,29543,396917,21973,10580,11393
71590,443743,46798,213501,29546,396945,21973,10580,11393
71595,443774,46801,213513,29548,396973,21973,10580,11393
71600,443805,46804,213527,29548,397001,21973,10580,11393
71605,443836,46807,213539,29549,397029,21973,10580,11393
71610,443867,46810,213552,29549,397057,21973,10580,11393
71615,443898,46813,213568,29550,397085,21973,10580,11393
71620,443929,46819,213587,29555,397110,21973,10580,11393
71625,443960,46826,213602,29559,397134,21973,10580,11393
71630,443991,46831,213615,29561,397160,21973,10580,11393
71635,444022,46835,213624,29563,397187,21973,10580,11393
71640,444053,46840,213636,29565,397213,21973,10580,11393
71645,444084,46846,213653,29570,397238,21973,10580,11393
71650,444115,46852,213668,29575,397263,21973,10580,11393
71655,444146,46859,213684,29579,397287,21973,10580,11393
71660,444177,46867,213697,29583,397309,21973,10580,11393
71665,444208,46874,213713,29587,397334,21973,10580,11393
71670,444239,46879,213726,29589,397359,21973,10580,11393
71675,444270,46882,213739,29590,397388,21973,10580,11393
71680,444301,46885,213753,29591,397416,21973,10580,11393
71685,444332,46889,213765,29593,397443,21973,10580,11393
71690,444363,46893,213779,29594,397470,21973,10580,11393
71695,444394,46895,213788,29595,397499,21973,10580,11393
71700,444425,46897,213808,29596,397527,21973,10580,11393
71705,444456,46898,213822,29597,397558,21973,10580,11393
71710,444487,46899,213835,29598,397588,21973,10580,11393
71715,444518,46900,213851,29599,397616,21973,10580,11393
71720,444549,46901,213862,29599,397647,21973,10580,11393
71725,444580,46902,213876,29599,397677,21973,10580,11393
71730,444611,46903,213888,29599,397708,21973,10580,11393
71735,444642,46904,213907,29599,397737,21973,10580,11393
71740,444673,46905,213922,29600,397767,21973,10580,11393
71745,444704,46906,213933,29600,397798,21973,10580,11393
71750,444735,46907,213945,29600,397827,21973,10580,11393
71755,444766,46908,213964,29600,397857,21973,10580,11393
71760,444797,46909,213982,29601,397887,21973,10580,11393
71765,444828,46910,213995,29602,397918,21973,10580,11393
71770,444859,46911,214006,29602,397948,21973,10580,11393
71775,444890,46914,214019,29603,397976,21973,10580,11393
71780,444921,46916,214034,29605,398005,21973,10580,11393
71785,444952,46919,214050,29607,398032,21973,10580,11393
71790,444983,46921,214065,29607,398062,21973,10580,11393
71795,445014,46923,214081,29609,398090,21973,10580,11393
71800,445045,46925,214095,29609,398119,21973,10580,11393
71805,445076,46931,214111,29613,398145,21973,10580,11393
71810,445107,46935,214124,29615,398171,21973,10580,11393
71815,445138,46941,214141,29619,398196,21973,10580,11393
71820,445169,46947,214158,29622,398221,21973,10580,11393
71825,445200,46952,214169,29625,398248,21973,10580,11393
71830,445231,46956,214186,29628,398275,21973,10580,11393
71835,445262,46962,214201,29633,398300,21973,10580,11393
71840,445293,46968,214215,29637,398325,21973,10580,11393
71845,445324,46973,214228,29641,398351,21973,10580,11393
71850,445355,46981,214245,29645,398374,21973,10580,11393
71855,445386,46985,214260,29647,398400,21973,10580,11393
71860,445417,46990,214274,29650,398425,21973,10580,11393
71865,445448,46995,214288,29652,398451,21973,10580,11393
71870,445479,46999,214304,29656,398478,21973,10580,11393
71875,445510,47001,214321,29658,398507,21973,10580,11393
71880,445541,47003,214334,29659,398536,21973,10580,11393
71885,445572,47005,214348,29659,398566,21973,10580,11393
71890,445603,47007,214360,29660,398596,21973,10580,11393
71895,445634,47009,214374,29660,398625,21973,10580,11393
71900,445665,47011,214388,29661,398654,21973,10580,11393
71905,445696,47013,214402,29662,398683,21973,10580,11393
71910,445727,47015,214422,29664,398712,21973,10580,11393
71915,445758,47017,214437,29665,398741,21973,10580,11393
71920,445789,47019,214453,29667,398770,21973,10580,11393
71925,445820,47021,214470,29667,398798,21973,10580,11393
71930,445851,47023,214480,29667,398827,21973,10580,11393
71935,445882,47025,214494,29667,398856,21973,10580,11393
71940,445913,47027,214512,29668,398885,21973,10580,11393
71945,445944,47029,214529,29670,398914,21973,10580,11393
71950,445975,47031,214543,29671,398944,21973,10580,11393
71955,446006,47033,214556,29672,398973,21973,10580,11393
71960,446037,47035,214571,29673,399002,21973,10580,11393
71965,446068,47038,214587,29675,399030,21973,10580,11393
71970,446099,47041,214607,29676,399057,21973,10580,11393
71975,446130,47044,214621,29679,399085,21973,10580,11393
71980,446161,47048,214633,29680,399113,21973,10580,11393
71985,446192,47054,214651,29685,399138,21973,10580,11393
71990,446223,47060,214667,29689,399162,21973,10580,11393
71995,446254,47065,214675,29691,399189,21973,10580,11393
72000,446285,47070,214691,29694,399214,21973,10580,11393
72005,446316,47073,214700,29695,399242,21973,10580,11393
72010,446347,47077,214717,29699,399269,21973,10580,11393
72015,446378,47081,214730,29703,399297,21973,10580,11393
72020,446409,47087,214750,29708,399320,21973,10580,11393
72025,446440,47094,214766,29713,399344,21973,10580,11393
72030,446471,47101,214785,29719,399368,21973,10580,11393
72035,446502,47107,214805,29725,399395,21973,10580,11393
72040,446533,47110,214822,29727,399423,21973,10580,11393
72045,446564,47111,214839,29728,399452,21973,10580,11393
72050,446595,47112,214853,29728,399481,21973,10580,11393
72055,446626,47113,214863,29728,399511,21973,10580,11393
72060,446657,47114,214879,29728,399543,21973,10580,11393
72065,446688,47115,214897,29729,399572,21973,10580,11393
72070,446719,47116,214910,29729,399603,21973,10580,11393
72075,446750,47117,214929,29730,399632,21973,10580,11393
72080,446781,47118,214942,29731,399663,21973,10580,11393
72085,446812,47119,214958,29731,399693,21973,10580,11393
72090,446843,47120,214975,29732,399723,21973,10580,11393
72095,446874,47121,214984,29732,399753,21973,10580,11393
72100,446905,47122,215004,29733,399783,21973,10580,11393
72105,446936,47123,215017,29734,399813,21973,10580,11393
72110,446967,47125,215030,29735,399842,21973,10580,11393
72115,446998,47127,215047,29735,399871,21973,10580,11393
72120,447029,47129,215062,29737,399900,21973,10580,11393
72125,447060,47131,215075,29738,399929,21973,10580,11393
72130,447091,47133,215088,29740,399958,21973,10580,11393
72135,447122,47135,215103,29741,399986,21973,10580,11393
72140,447153,47139,215121,29743,400014,21973,10580,11393
72145,447184,47143,215135,29745,400040,21973,10580,11393
72150,447215,47147,215146,29746,400067,21973,10580,11393
72155,447246,47152,215163,29749,400093,21973,10580,11393
72160,447277,47158,215179,29754,400119,21973,10580,11393
72165,447308,47164,215197,29759,400144,21973,10580,11393
72170,447339,47168,215211,29763,400171,21973,10580,11393
72175,447370,47175,215229,29768,400195,21973,10580,11393
72180,447401,47179,215241,29770,400221,21973,10580,11393
72185,447432,47187,215264,29776,400244,21973,10580,11393
72190,447463,47192,215275,29780,400271,21973,10580,11393
72195,447494,47195,215287,29781,400298,21973,10580,11393
72200,447525,47197,215301,29783,400328,21973,10580,11393
72205,447556,47200,215316,29785,400355,21973,10580,11393
72210,447587,47203,215334,29787,400383,21973,10580,11393
72215,447618,47207,215349,29790,400411,21973,10580,11393
72220,447649,47209,215362,29791,400439,21973,10580,11393
72225,447680,47211,215374,29792,400469,21973,10580,11393
72230,447711,47214,215388,29794,400497,21973,10580,11393
72235,447742,47218,215402,29798,400524,21973,10580,11393
72240,447773,47221,215417,29801,400552,21973,10580,11393
72245,447804,47222,215432,29802,400582,21973,10580,11393
72250,447835,47223,215448,29802,400612,21973,10580,11393
72255,447866,47224,215466,29802,400641,21973,10580,11393
72260,447897,47225,215482,29802,400671,21973,10580,11393
72265,447928,47226,215495,29803,400702,21973,10580,11393
72270,447959,47227,215511,29804,400732,21973,10580,11393
72275,447990,47228,215522,29805,400762,21973,10580,11393
72280,448021,47229,215535,29805,400791,21973,10580,11393
72285,448052,47230,215547,29806,400822,21973,10580,11393
72290,448083,47231,215561,29807,400852,21973,10580,11393
72295,448114,47233,215575,29809,400881,21973,10580,11393
72300,448145,47235,215586,29810,400909,21973,10580,11393
72305,448176,47238,215605,29813,400938,21973,10580,11393
72310,448207,47241,215620,29815,400965,21973,10580,11393
72315,448238,47243,215633,29816,400995,21973,10580,11393
72320,448269,47246,215649,29819,401023,21973,10580,11393
72325,448300,47249,215665,29820,401050,21973,10580,11393
72330,448331,47253,215683,29823,401078,21973,10580,11393
72335,448362,47256,215699,29826,401106,21973,10580,11393
72340,448393,47260,215717,29829,401133,21973,10580,11393
72345,448424,47263,215737,29832,401160,21973,10580,11393
72350,448455,47267,215755,29835,401187,21973,10580,11393
72355,448486,47269,215769,29837,401216,21973,10580,11393
72360,448517,47271,215787,29838,401245,21973,10580,11393
72365,448548,47274,215805,29839,401273,21973,10580,11393
72370,448579,47276,215820,29839,401302,21973,10580,11393
72375,448610,47279,215835,29840,401330,21973,10580,11393
72380,448641,47281,215845,29841,401359,21973,10580,11393
72385,448672,47284,215859,29844,401388,21973,10580,11393
72390,448703,47289,215877,29847,401414,21973,10580,11393
72395,448734,47292,215887,29849,401442,21973,10580,11393
72400,448765,47296,215899,29852,401468,21973,10580,11393
72405,448796,47299,215913,29853,401497,21973,10580,11393
72410,448827,47302,215927,29856,401525,21973,10580,11393
72415,448858,47304,215941,29858,401554,21973,10580,11393
72420,448889,47307,215957,29859,401582,21973,10580,11393
72425,448920,47308,215972,29859,401612,21973,10580,11393
72430,448951,47309,215986,29860,401642,21973,10580,11393
72435,448982,47310,216002,29860,401672,21973,10580,11393
72440,449013,47311,216019,29861,401701,21973,10580,11393
72445,449044,47312,216037,29861,401732,21973,10580,11393
72450,449075,47313,216055,29862,401762,21973,10580,11393
72455,449106,47315,216069,29862,401790,21973,10580,11393
72460,449137,47317,216082,29862,401819,21973,10580,11393
72465,449168,47320,216097,29864,401848,21973,10580,11393
72470,449199,47322,216110,29865,401875,21973,10580,11393
72475,449230,47325,216129,29868,401904,21973,10580,11393
72480,449261,47328,216146,29871,401933,21973,10580,11393
72485,449292,47330,216160,29872,401962,21973,10580,11393
72490,449323,47333,216180,29874,401989,21973,10580,11393
72495,449354,47336,216197,29875,402018,21973,10580,11393
72500,449385,47339,216212,29877,402045,21973,10580,11393
72505,449416,47342,216230,29880,402073,21973,10580,11393
72510,449447,47346,216244,29882,402101,21973,10580,11393
72515,449478,47350,216260,29885,402128,21973,10580,11393
72520,449509,47351,216275,29885,402157,21973,10580,11393
72525,449540,47352,216286,29885,402187,21973,10580,11393
72530,449571,47354,216298,29886,402217,21973,10580,11393
72535,449602,47357,216312,29888,402244,21973,10580,11393
72540,449633,47360,216326,29890,402273,21973,10580,11393
72545,449664,47363,216348,29893,402301,21973,10580,11393
72550,449695,47366,216362,29894,402329,21973,10580,11393
72555,449726,47369,216377,29895,402355,21973,10580,11393
72560,449757,47371,216394,29895,402386,21973,10580,11393
72565,449788,47373,216412,29897,402413,21973,10580,11393
72570,449819,47375,216428,29899,402442,21973,10580,11393
72575,449850,47377,216437,29899,402473,21973,10580,11393
72580,449881,47382,216453,29903,402498,21973,10580,11393
72585,449912,47384,216467,29904,402528,21973,10580,11393
72590,449943,47387,216480,29906,402555,21973,10580,11393
72595,449974,47390,216500,29907,402583,21973,10580,11393
72600,450005,47393,216518,29908,402610,21973,10580,11393
72605,450036,47394,216531,29908,402642,21973,10580,11393
72610,450067,47395,216544,29909,402672,21973,10580,11393
72615,450098,47396,216558,29909,402702,21973,10580,11393
72620,450129,47398,216574,29911,402731,21973,10580,11393
72625,450160,47401,216585,29913,402759,21973,10580,11393
72630,450191,47404,216604,29915,402787,21973,10580,11393
72635,450222,47406,216617,29917,402816,21973,10580,11393
72640,450253,47409,216627,29918,402844,21973,10580,11393
72645,450284,47412,216645,29920,402872,21973,10580,11393
72650,450315,47415,216661,29922,402900,21973,10580,11393
72655,450346,47417,216677,29923,402929,21973,10580,11393
72660,450377,47419,216688,29925,402958,21973,10580,11393
72665,450408,47422,216705,29926,402986,21973,10580,11393
72670,450439,47424,216718,29927,403015,21973,10580,11393
72675,450470,47426,216734,29928,403044,21973,10580,11393
72680,450501,47429,216750,29930,403072,21973,10580,11393
72685,450532,47432,216766,29933,403099,21973,10580,11393
72690,450563,47435,216775,29935,403127,21973,10580,11393
72695,450594,47437,216795,29937,403157,21973,10580,11393
72700,450625,47440,216812,29940,403185,21973,10580,11393
72705,450656,47444,216833,29943,403211,21973,10580,11393
72710,450687,47446,216848,29944,403240,21973,10580,11393
72715,450718,47449,216866,29947,403268,21973,10580,11393
72720,450749,47451,216883,29949,403297,21973,10580,11393
72725,450780,47452,216894,29949,403328,21973,10580,11393
72730,450811,47453,216910,29949,403358,21973,10580,11393
72735,450842,47455,216924,29951,403387,21973,10580,11393
72740,450873,47456,216944,29952,403416,21973,10580,11393
72745,450904,47457,216952,29952,403447,21973,10580,11393
72750,450935,47459,216966,29953,403475,21973,10580,11393
72755,450966,47460,216977,29953,403504,21973,10580,11393
72760,450997,47462,216993,29954,403533,21973,10580,11393
72765,451028,47463,217004,29955,403564,21973,10580,11393
72770,451059,47464,217016,29956,403594,21973,10580,11393
72775,451090,47465,217032,29957,403624,21973,10580,11393
72780,451121,47467,217043,29958,403654,21973,10580,11393
72785,451152,47469,217058,29959,403683,21973,10580,11393
72790,451183,47471,217073,29961,403711,21973,10580,11393
72795,451214,47473,217087,29962,403740,21973,10580,11393
72800,451245,47474,217105,29962,403770,21973,10580,11393
72805,451276,47477,217121,29964,403799,21973,10580,11393
72810,451307,47477,217138,29964,403830,21973,10580,11393
72815,451338,47477,217150,29964,403860,21973,10580,11393
72820,451369,47479,217163,29965,403890,21973,10580,11393
72825,451400,47481,217179,29965,403919,21973,10580,11393
72830,451431,47484,217200,29967,403947,21973,10580,11393
72835,451462,47486,217215,29969,403975,21973,10580,11393
72840,451493,47489,217227,29970,404003,21973,10580,11393
72845,451524,47491,217246,29971,404033,21973,10580,11393
72850,451555,47493,217256,29971,404061,21973,10580,11393
72855,451586,47495,217268,29971,404091,21973,10580,11393
72860,451617,47497,217283,29972,404120,21973,10580,11393
72865,451648,47499,217293,29972,404149,21973,10580,11393
72870,451679,47501,217309,29972,404177,21973,10580,11393
72875,451710,47503,217330,29972,404207,21973,10580,11393
72880,451741,47505,217342,29974,404236,21973,10580,11393
72885,451772,47507,217357,29976,404265,21973,10580,11393
72890,451803,47509,217367,29977,404294,21973,10580,11393
72895,451834,47512,217380,29978,404322,21973,10580,11393
72900,451865,47515,217390,29980,404350,21973,10580,11393
72905,451896,47517,217401,29981,404379,21973,10580,11393
72910,451927,47520,217416,29983,404407,21973,10580,11393
72915,451958,47524,217432,29985,404434,21973,10580,11393
72920,451989,47528,217446,29987,404461,21973,10580,11393
72925,452020,47533,217460,29990,404487,21973,10580,11393
72930,452051,47538,217477,29993,404513,21973,10580,11393
72935,452082,47541,217491,29995,404541,21973,10580,11393
72940,452113,47543,217503,29996,404570,21973,10580,11393
72945,452144,47545,217522,29997,404598,21973,10580,11393
72950,452175,47547,217534,29999,404627,21973,10580,11393
72955,452206,47550,217547,30001,404656,21973,10580,11393
72960,452237,47552,217563,30002,404684,21973,10580,11393
72965,452268,47555,217586,30005,404713,21973,10580,11393
72970,452299,47558,217601,30007,404739,21973,10580,11393
72975,452330,47560,217617,30008,404768,21973,10580,11393
72980,452361,47562,217634,30010,404797,21973,10580,11393
72985,452392,47567,217647,30015,404825,21973,10580,11393
72990,452423,47570,217659,30016,404853,21973,10580,11393
72995,452454,47573,217671,30017,404879,21973,10580,11393
73000,452485,47576,217679,30018,404908,21973,10580,11393
73005,452516,47579,217692,30020,404937,21973,10580,11393
73010,452547,47580,217709,30020,404967,21973,10580,11393
73015,452578,47581,217720,30021,404997,21973,10580,11393
73020,452609,47582,217735,30022,405027,21973,10580,11393
73025,452640,47583,217750,30023,405056,21973,10580,11393
73030,452671,47584,217763,30023,405086,21973,10580,11393
73035,452702,47585,217775,30023,405116,21973,10580,11393
73040,452733,47587,217789,30023,405144,21973,10580,11393
73045,452764,47589,217799,30024,405174,21973,10580,11393
73050,452795,47591,217817,30026,405203,21973,10580,11393
73055,452826,47593,217833,30028,405233,21973,10580,11393
73060,452857,47595,217847,30028,405261,21973,10580,11393
73065,452888,47598,217861,30029,405290,21973,10580,11393
73070,452919,47601,217875,30032,405318,21973,10580,11393
73075,452950,47604,217889,30034,405346,21973,10580,11393
73080,452981,47607,217902,30036,405374,21973,10580,11393
73085,453012,47610,217918,30038,405402,21973,10580,11393
73090,453043,47613,217933,30040,405430,21973,10580,11393
73095,453074,47617,217946,30043,405457,21973,10580,11393
73100,453105,47621,217965,30047,405484,21973,10580,11393
73105,453136,47625,217981,30050,405511,21973,10580,11393
73110,453167,47626,217994,30051,405541,21973,10580,11393
73115,453198,47628,218010,30051,405570,21973,10580,11393
73120,453229,47630,218028,30053,405599,21973,10580,11393
73125,453260,47632,218045,30054,405628,21973,10580,11393
73130,453291,47634,218056,30055,405657,21973,10580,11393
73135,453322,47636,218068,30057,405686,21973,10580,11393
73140,453353,47638,218084,30058,405714,21973,10580,11393
73145,453384,47640,218097,30058,405743,21973,10580,11393
73150,453415,47642,218113,30059,405771,21973,10580,11393
73155,453446,47644,218123,30059,405801,21973,10580,11393
73160,453477,47647,218139,30061,405829,21973,10580,11393
73165,453508,47649,218155,30062,405859,21973,10580,11393
73170,453539,47652,218173,30064,405887,21973,10580,11393
73175,453570,47655,218184,30065,405915,21973,10580,11393
73180,453601,47658,218199,30066,405943,21973,10580,11393
73185,453632,47662,218218,30068,405968,21973,10580,11393
73190,453663,47668,218231,30073,405994,21973,10580,11393
73195,453694,47673,218249,30077,406019,21973,10580,11393
73200,453725,47674,218267,30077,406050,21973,10580,11393
73205,453756,47675,218282,30077,406080,21973,10580,11393
73210,453787,47676,218297,30078,406110,21973,10580,11393
73215,453818,47678,218309,30079,406140,21973,10580,11393
73220,453849,47681,218324,30081,406168,21973,10580,11393
73225,453880,47684,218341,30084,406195,21973,10580,11393
73230,453911,47686,218352,30085,406225,21973,10580,11393
73235,453942,47688,218368,30087,406254,21973,10580,11393
73240,453973,47691,218380,30088,406281,21973,10580,11393
73245,454004,47694,218393,30090,406310,21973,10580,11393
73250,454035,47697,218408,30093,406338,21973,10580,11393
73255,454066,47700,218418,30096,406366,21973,10580,11393
73260,454097,47703,218436,30099,406393,21973,10580,11393
73265,454128,47707,218450,30103,406421,21973,10580,11393
73270,454159,47710,218463,30105,406447,21973,10580,11393
73275,454190,47713,218480,30108,406476,21973,10580,11393
73280,454221,47714,218496,30109,406507,21973,10580,11393
73285,454252,47715,218513,30110,406535,21973,10580,11393
73290,454283,47716,218533,30110,406565,21973,10580,11393
73295,454314,47717,218548,30111,406597,21973,10580,11393
73300,454345,47718,218567,30112,406626,21973,10580,11393
73305,454376,47720,218578,30112,406655,21973,10580,11393
73310,454407,47723,218593,30114,406683,21973,10580,11393
73315,454438,47725,218605,30115,406712,21973,10580,11393
73320,454469,47730,218621,30118,406739,21973,10580,11393
73325,454500,47734,218634,30121,406765,21973,10580,11393
73330,454531,47737,218646,30122,406794,21973,10580,11393
73335,454562,47740,218661,30124,406821,21973,10580,11393
73340,454593,47744,218678,30127,406847,21973,10580,11393
73345,454624,47748,218695,30131,406875,21973,10580,11393
73350,454655,47749,218712,30132,406905,21973,10580,11393
73355,454686,47750,218723,30133,406936,21973,10580,11393
73360,454717,47751,218736,30133,406965,21973,10580,11393
73365,454748,47752,218754,30134,406995,21973,10580,11393
73370,454779,47753,218769,30134,407025,21973,10580,11393
73375,454810,47754,218788,30134,407056,21973,10580,11393
73380,454841,47756,218802,30134,407085,21973,10580,11393
73385,454872,47758,218819,30136,407114,21973,10580,11393
73390,454903,47760,218831,30137,407143,21973,10580,11393
73395,454934,47762,218844,30137,407172,21973,10580,11393
73400,454965,47764,218857,30137,407200,21973,10580,11393
73405,454996,47766,218870,30139,407230,21973,10580,11393
73410,455027,47768,218885,30141,407259,21973,10580,11393
73415,455058,47770,218901,30142,407287,21973,10580,11393
73420,455089,47772,218917,30144,407317,21973,10580,11393
73425,455120,47776,218933,30146,407343,21973,10580,11393
73430,455151,47778,218941,30146,407373,21973,10580,11393
73435,455182,47780,218954,30147,407402,21973,10580,11393
73440,455213,47783,218970,30149,407429,21973,10580,11393
73445,455244,47786,218988,30152,407457,21973,10580,11393
73450,455275,47788,219003,30153,407486,21973,10580,11393
73455,455306,47792,219017,30155,407514,21973,10580,11393
73460,455337,47798,219032,30159,407538,21973,10580,11393
73465,455368,47803,219044,30161,407565,21973,10580,11393
73470,455399,47808,219064,30165,407590,21973,10580,11393
73475,455430,47813,219077,30168,407617,21973,10580,11393
73480,455461,47817,219095,30171,407644,21973,10580,11393
73485,455492,47821,219111,30174,407670,21973,10580,11393
73490,455523,47825,219128,30178,407698,21973,10580,11393
73495,455554,47829,219148,30182,407724,21973,10580,11393
73500,455585,47833,219162,30185,407751,21973,10580,11393
73505,455616,47834,219173,30186,407782,21973,10580,11393
73510,455647,47835,219187,30186,407811,21973,10580,11393
73515,455678,47836,219204,30186,407842,21973,10580,11393
73520,455709,47837,219219,30186,407872,21973,10580,11393
73525,455740,47838,219237,30187,407900,21973,10580,11393
73530,455771,47839,219250,30188,407930,21973,10580,11393
73535,455802,47840,219263,30189,407961,21973,10580,11393
73540,455833,47841,219279,30190,407992,21973,10580,11393
73545,455864,47842,219293,30190,408022,21973,10580,11393
73550,455895,47843,219308,30191,408052,21973,10580,11393
73555,455926,47844,219318,30191,408082,21973,10580,11393
73560,455957,47845,219332,30192,408112,21973,10580,11393
73565,455988,47846,219347,30192,408142,21973,10580,11393
73570,456019,47847,219364,30193,408172,21973,10580,11393
73575,456050,47848,219381,30194,408202,21973,10580,11393
73580,456081,47849,219396,30194,408232,21973,10580,11393
73585,456112,47852,219412,30196,408260,21973,10580,11393
73590,456143,47854,219425,30198,408289,21973,10580,11393
73595,456174,47856,219437,30199,408318,21973,10580,11393
73600,456205,47858,219452,30201,408347,21973,10580,11393
73605,456236,47861,219469,30204,408375,21973,10580,11393
73610,456267,47865,219487,30206,408402,21973,10580,11393
73615,456298,47868,219501,30208,408430,21973,10580,11393
73620,456329,47872,219514,30210,408457,21973,10580,11393
73625,456360,47876,219531,30212,408484,21973,10580,11393
73630,456391,47880,219544,30214,408511,21973,10580,11393
73635,456422,47883,219562,30215,408539,21973,10580,11393
73640,456453,47888,219578,30218,408565,21973,10580,11393
73645,456484,47892,219591,30220,408592,21973,10580,11393
73650,456515,47897,219603,30223,408618,21973,10580,11393
73655,456546,47901,219616,30225,408645,21973,10580,11393
73660,456577,47905,219632,30227,408670,21973,10580,11393
73665,456608,47910,219643,30231,408696,21973,10580,11393
73670,456639,47914,219657,30234,408722,21973,10580,11393
73675,456670,47919,219670,30239,408750,21973,10580,11393
73680,456701,47924,219683,30242,408776,21973,10580,11393
73685,456732,47924,219696,30242,408807,21973,10580,11393
73690,456763,47924,219712,30242,408839,21973,10580,11393
73695,456794,47924,219727,30242,408869,21973,10580,11393
73700,456825,47924,219741,30242,408900,21973,10580,11393
73705,456856,47924,219758,30242,408931,21973,10580,11393
73710,456887,47924,219774,30242,408963,21973,10580,11393
73715,456918,47924,219794,30242,408994,21973,10580,11393
73720,456949,47924,219813,30242,409025,21973,10580,11393
73725,456980,47924,219827,30242,409055,21973,10580,11393
73730,457011,47924,219841,30242,409086,21973,10580,11393
73735,457042,47924,219856,30242,409117,21973,10580,11393
73740,457073,47924,219869,30242,409149,21973,10580,11393
73745,457104,47924,219883,30242,409180,21973,10580,11393
73750,457135,47924,219897,30242,409210,21973,10580,11393
73755,457166,47924,219909,30242,409242,21973,10580,11393
73760,457197,47924,219924,30242,409273,21973,10580,11393
73765,457228,47924,219942,30242,409304,21973,10580,11393
73770,457259,47924,219957,30242,409334,21973,10580,11393
73775,457290,47925,219975,30242,409364,21973,10580,11393
73780,457321,47926,219991,30242,409395,21973,10580,11393
73785,457352,47931,220005,30246,409419,21973,10580,11393
73790,457383,47939,220019,30253,409443,21973,10580,11393
73795,457414,47944,220033,30255,409469,21973,10580,11393
73800,457445,47947,220046,30256,409498,21973,10580,11393
73805,457476,47952,220065,30259,409524,21973,10580,11393
73810,457507,47956,220077,30262,409551,21973,10580,11393
73815,457538,47960,220092,30265,409577,21973,10580,11393
73820,457569,47965,220105,30270,409604,21973,10580,11393
73825,457600,47969,220123,30274,409631,21973,10580,11393
73830,457631,47973,220138,30276,409658,21973,10580,11393
73835,457662,47979,220154,30281,409683,21973,10580,11393
73840,457693,47982,220167,30282,409711,21973,10580,11393
73845,457724,47985,220182,30284,409739,21973,10580,11393
73850,457755,47990,220200,30288,409764,21973,10580,11393
73855,457786,47993,220217,30289,409793,21973,10580,11393
73860,457817,47995,220227,30289,409822,21973,10580,11393
73865,457848,47997,220244,30291,409850,21973,10580,11393
73870,457879,47999,220255,30292,409878,21973,10580,11393
73875,457910,48000,220270,30293,409908,21973,10580,11393
73880,457941,48001,220283,30294,409940,21973,10580,11393
73885,457972,48002,220302,30295,409969,21973,10580,11393
73890,458003,48003,220316,30295,410000,21973,10580,11393
73895,458034,48004,220331,30296,410030,21973,10580,11393
73900,458065,48005,220346,30297,410059,21973,10580,11393
73905,458096,48006,220361,30298,410090,21973,10580,11393
73910,458127,48007,220374,30298,410120,21973,10580,11393
73915,458158,48008,220386,30298,410150,21973,10580,11393
73920,458189,48009,220401,30299,410180,21973,10580,11393
73925,458220,48010,220419,30299,410210,21973,10580,11393
73930,458251,48011,220434,30299,410240,21973,10580,11393
73935,458282,48012,220453,30299,410269,21973,10580,11393
73940,458313,48013,220469,30300,410300,21973,10580,11393
73945,458344,48014,220489,30301,410330,21973,10580,11393
73950,458375,48015,220503,30301,410360,21973,10580,11393
73955,458406,48016,220520,30301,410389,21973,10580,11393
73960,458437,48020,220533,30304,410417,21973,10580,11393
73965,458468,48024,220548,30308,410444,21973,10580,11393
73970,458499,48027,220566,30310,410471,21973,10580,11393
73975,458530,48033,220581,30315,410496,21973,10580,11393
73980,458561,48039,220600,30320,410521,21973,10580,11393
73985,458592,48044,220616,30324,410547,21973,10580,11393
73990,458623,48048,220629,30326,410574,21973,10580,11393
73995,458654,48051,220639,30327,410603,21973,10580,11393
74000,458685,48056,220653,30331,410629,21973,10580,11393
74005,458716,48060,220664,30332,410655,21973,10580,11393
74010,458747,48064,220679,30335,410682,21973,10580,11393
74015,458778,48067,220696,30336,410709,21973,10580,11393
74020,458809,48073,220708,30340,410735,21973,10580,11393
74025,458840,48077,220723,30343,410761,21973,10580,11393
74030,458871,48080,220738,30344,410789,21973,10580,11393
74035,458902,48082,220756,30346,410820,21973,10580,11393
74040,458933,48083,220773,30347,410850,21973,10580,11393
74045,458964,48084,220792,30348,410880,21973,10580,11393
74050,458995,48085,220808,30349,410910,21973,10580,11393
74055,459026,48086,220818,30350,410940,21973,10580,11393
74060,459057,48087,220833,30351,410969,21973,10580,11393
74065,459088,48088,220854,30352,411000,21973,10580,11393
74070,459119,48089,220867,30353,411030,21973,10580,11393
74075,459150,48090,220880,30354,411060,21973,10580,11393
74080,459181,48091,220892,30355,411090,21973,10580,11393
74085,459212,48092,220908,30355,411120,21973,10580,11393
74090,459243,48093,220923,30355,411150,21973,10580,11393
74095,459274,48094,220935,30355,411180,21973,10580,11393
74100,459305,48095,220948,30355,411210,21973,10580,11393
74105,459336,48096,220968,30355,411240,21973,10580,11393
74110,459367,48097,220982,30355,411270,21973,10580,11393
74115,459398,48098,220999,30355,411300,21973,10580,11393
74120,459429,48099,221015,30356,411330,21973,10580,11393
74125,459460,48100,221030,30356,411360,21973,10580,11393
74130,459491,48104,221050,30359,411386,21973,10580,11393
74135,459522,48108,221061,30362,411414,21973,10580,11393
74140,459553,48112,221076,30365,411441,21973,10580,11393
74145,459584,48119,221088,30369,411463,21973,10580,11393
74150,459615,48127,221104,30376,411488,21973,10580,11393
74155,459646,48132,221114,30378,411513,21973,10580,11393
74160,459677,48134,221127,30378,411543,21973,10580,11393
74165,459708,48136,221139,30379,411572,21973,10580,11393
74170,459739,48138,221155,30379,411601,21973,10580,11393
74175,459770,48142,221170,30381,411628,21973,10580,11393
74180,459801,48146,221187,30383,411655,21973,10580,11393
74185,459832,48148,221202,30383,411683,21973,10580,11393
74190,459863,48151,221216,30385,411710,21973,10580,11393
74195,459894,48155,221228,30387,411737,21973,10580,11393
74200,459925,48161,221245,30392,411764,21973,10580,11393
74205,459956,48162,221261,30392,411792,21973,10580,11393
74210,459987,48163,221282,30393,411822,21973,10580,11393
74215,460018,48164,221298,30394,411854,21973,10580,11393
74220,460049,48165,221315,30394,411884,21973,10580,11393
74225,460080,48166,221331,30395,411914,21973,10580,11393
74230,460111,48167,221346,30396,411944,21973,10580,11393
74235,460142,48168,221363,30396,411974,21973,10580,11393
74240,460173,48169,221384,30396,412004,21973,10580,11393
74245,460204,48170,221395,30396,412034,21973,10580,11393
74250,460235,48171,221407,30396,412064,21973,10580,11393
74255,460266,48172,221423,30396,412094,21973,10580,11393
74260,460297,48174,221443,30397,412123,21973,10580,11393
74265,460328,48178,221456,30400,412150,21973,10580,11393
74270,460359,48180,221468,30400,412178,21973,10580,11393
74275,460390,48183,221484,30402,412206,21973,10580,11393
74280,460421,48185,221498,30403,412236,21973,10580,11393
74285,460452,48188,221512,30404,412263,21973,10580,11393
74290,460483,48192,221522,30407,412291,21973,10580,11393
74295,460514,48197,221539,30411,412316,21973,10580,11393
74300,460545,48200,221552,30412,412345,21973,10580,11393
74305,460576,48203,221569,30414,412371,21973,10580,11393
74310,460607,48205,221583,30416,412401,21973,10580,11393
74315,460638,48207,221596,30417,412431,21973,10580,11393
74320,460669,48209,221607,30419,412458,21973,10580,11393
74325,460700,48212,221618,30420,412488,21973,10580,11393
74330,460731,48216,221628,30422,412514,21973,10580,11393
74335,460762,48220,221641,30425,412541,21973,10580,11393
74340,460793,48224,221660,30429,412568,21973,10580,11393
74345,460824,48228,221673,30432,412595,21973,10580,11393
74350,460855,48232,221687,30434,412623,21973,10580,11393
74355,460886,48234,221696,30435,412652,21973,10580,11393
74360,460917,48237,221711,30437,412680,21973,10580,11393
74365,460948,48240,221723,30438,412708,21973,10580,11393
74370,460979,48241,221737,30439,412738,21973,10580,11393
74375,461010,48242,221755,30439,412766,21973,10580,11393
74380,461041,48243,221768,30439,412798,21973,10580,11393
74385,461072,48244,221782,30439,412826,21973,10580,11393
74390,461103,48245,221801,30439,412857,21973,10580,11393
74395,461134,48246,221821,30440,412887,21973,10580,11393
74400,461165,48247,221833,30440,412918,21973,10580,11393
74405,461196,48248,221846,30441,412948,21973,10580,11393
74410,461227,48249,221860,30442,412978,21973,10580,11393
74415,461258,48252,221872,30443,413006,21973,10580,11393
74420,461289,48254,221887,30444,413035,21973,10580,11393
74425,461320,48256,221903,30445,413063,21973,10580,11393
74430,461351,48259,221913,30446,413091,21973,10580,11393
74435,461382,48262,221928,30449,413119,21973,10580,11393
74440,461413,48266,221943,30452,413147,21973,10580,11393
74445,461444,48268,221951,30452,413176,21973,10580,11393
74450,461475,48272,221966,30455,413203,21973,10580,11393
74455,461506,48274,221976,30455,413231,21973,10580,11393
74460,461537,48278,221990,30458,413258,21973,10580,11393
74465,461568,48282,222001,30460,413285,21973,10580,11393
74470,461599,48285,222013,30462,413313,21973,10580,11393
74475,461630,48287,222028,30463,413343,21973,10580,11393
74480,461661,48289,222039,30464,413372,21973,10580,11393
74485,461692,48291,222057,30466,413401,21973,10580,11393
74490,461723,48293,222070,30467,413430,21973,10580,11393
74495,461754,48296,222084,30469,413458,21973,10580,11393
74500,461785,48298,222099,30471,413487,21973,10580,11393
74505,461816,48302,222116,30474,413514,21973,10580,11393
74510,461847,48306,222136,30476,413540,21973,10580,11393
74515,461878,48309,222147,30478,413569,21973,10580,11393
74520,461909,48312,222164,30480,413596,21973,10580,11393
74525,461940,48316,222177,30482,413623,21973,10580,11393
74530,461971,48319,222187,30484,413652,21973,10580,11393
74535,462002,48322,222202,30485,413679,21973,10580,11393
74540,462033,48324,222213,30485,413709,21973,10580,11393
74545,462064,48326,222227,30487,413737,21973,10580,11393
74550,462095,48327,222241,30487,413768,21973,10580,11393
74555,462126,48328,222256,30488,413798,21973,10580,11393
74560,462157,48329,222270,30488,413828,21973,10580,11393
74565,462188,48330,222284,30489,413857,21973,10580,11393
74570,462219,48331,222297,30489,413887,21973,10580,11393
74575,462250,48332,222314,30490,413917,21973,10580,11393
74580,462281,48333,222326,30490,413947,21973,10580,11393
74585,462312,48334,222339,30490,413977,21973,10580,11393
74590,462343,48335,222355,30491,414008,21973,10580,11393
74595,462374,48336,222372,30492,414038,21973,10580,11393
74600,462405,48337,222391,30492,414068,21973,10580,11393
74605,462436,48338,222404,30493,414098,21973,10580,11393
74610,462467,48339,222419,30493,414128,21973,10580,11393
74615,462498,48340,222434,30494,414158,21973,10580,11393
74620,462529,48341,222448,30495,414188,21973,10580,11393
74625,462560,48343,222462,30497,414217,21973,10580,11393
74630,462591,48345,222479,30499,414246,21973,10580,11393
74635,462622,48347,222494,30501,414275,21973,10580,11393
74640,462653,48349,222510,30502,414304,21973,10580,11393
74645,462684,48354,222524,30507,414329,21973,10580,11393
74650,462715,48358,222538,30510,414355,21973,10580,11393
74655,462746,48362,222556,30514,414384,21973,10580,11393
74660,462777,48363,222570,30514,414413,21973,10580,11393
74665,462808,48364,222584,30515,414444,21973,10580,11393
74670,462839,48365,222598,30515,414473,21973,10580,11393
74675,462870,48366,222614,30515,414503,21973,10580,11393
74680,462901,48367,222626,30516,414533,21973,10580,11393
74685,462932,48369,222637,30518,414563,21973,10580,11393
74690,462963,48371,222650,30519,414591,21973,10580,11393
74695,462994,48373,222663,30519,414620,21973,10580,11393
74700,463025,48377,222679,30522,414648,21973,10580,11393
74705,463056,48380,222694,30524,414675,21973,10580,11393
74710,463087,48384,222705,30526,414703,21973,10580,11393
74715,463118,48388,222721,30529,414730,21973,10580,11393
74720,463149,48390,222735,30530,414759,21973,10580,11393
74725,463180,48392,222752,30531,414788,21973,10580,11393
74730,463211,48394,222766,30532,414817,21973,10580,11393
74735,463242,48397,222779,30534,414844,21973,10580,11393
74740,463273,48400,222797,30536,414873,21973,10580,11393
74745,463304,48403,222812,30537,414900,21973,10580,11393
74750,463335,48406,222827,30540,414929,21973,10580,11393
74755,463366,48409,222844,30542,414956,21973,10580,11393
74760,463397,48410,222858,30542,414987,21973,10580,11393
74765,463428,48413,222873,30543,415015,21973,10580,11393
74770,463459,48415,222887,30544,415044,21973,10580,11393
74775,463490,48417,222904,30545,415073,21973,10580,11393
74780,463521,48419,222918,30546,415102,21973,10580,11393
74785,463552,48422,222930,30547,415130,21973,10580,11393
74790,463583,48425,222944,30549,415158,21973,10580,11393
74795,463614,48431,222960,30554,415182,21973,10580,11393
74800,463645,48436,222972,30558,415208,21973,10580,11393
74805,463676,48441,222984,30562,415232,21973,10580,11393
74810,463707,48442,222997,30563,415265,21973,10580,11393
74815,463738,48443,223013,30564,415295,21973,10580,11393
74820,463769,48444,223024,30565,415325,21973,10580,11393
74825,463800,48445,223043,30565,415354,21973,10580,11393
74830,463831,48446,223057,30565,415385,21973,10580,11393
74835,463862,48447,223073,30566,415414,21973,10580,11393
74840,463893,48448,223089,30566,415444,21973,10580,11393
74845,463924,48449,223106,30567,415475,21973,10580,11393
74850,463955,48450,223120,30567,415505,21973,10580,11393
74855,463986,48451,223133,30567,415535,21973,10580,11393
74860,464017,48452,223152,30567,415565,21973,10580,11393
74865,464048,48454,223166,30567,415594,21973,10580,11393
74870,464079,48456,223180,30569,415623,21973,10580,11393
74875,464110,48458,223191,30570,415652,21973,10580,11393
74880,464141,48460,223204,30572,415681,21973,10580,11393
74885,464172,48463,223223,30574,415709,21973,10580,11393
74890,464203,48465,223234,30575,415738,21973,10580,11393
74895,464234,48468,223248,30577,415766,21973,10580,11393
74900,464265,48471,223264,30579,415794,21973,10580,11393
74905,464296,48474,223279,30580,415822,21973,10580,11393
74910,464327,48476,223293,30581,415851,21973,10580,11393
74915,464358,48479,223305,30583,415879,21973,10580,11393
74920,464389,48482,223320,30583,415907,21973,10580,11393
74925,464420,48486,223333,30586,415934,21973,10580,11393
74930,464451,48490,223347,30589,415961,21973,10580,11393
74935,464482,48494,223365,30591,415988,21973,10580,11393
74940,464513,48500,223385,30596,416013,21973,10580,11393
74945,464544,48504,223399,30598,416038,21973,10580,11393
74950,464575,48511,223411,30605,416063,21973,10580,11393
74955,464606,48517,223422,30610,416088,21973,10580,11393
74960,464637,48519,223435,30612,416118,21973,10580,11393
74965,464668,48522,223450,30613,416145,21973,10580,11393
74970,464699,48524,223459,30614,416175,21973,10580,11393
74975,464730,48526,223473,30616,416203,21973,10580,11393
74980,464761,48528,223484,30616,416233,21973,10580,11393
74985,464792,48533,223502,30620,416257,21973,10580,11393
74990,464823,48537,223515,30622,416284,21973,10580,11393
74995,464854,48538,223532,30622,416314,21973,10580,11393
75000,464885,48539,223549,30623,416342,21973,10580,11393
75005,464916,48540,223567,30623,416376,21973,10580,11393
75010,464947,48541,223583,30624,416405,21973,10580,11393
75015,464978,48542,223597,30625,416435,21973,10580,11393
75020,465009,48543,223618,30625,416466,21973,10580,11393
75025,465040,48544,223628,30626,416496,21973,10580,11393
75030,465071,48545,223640,30626,416525,21973,10580,11393
75035,465102,48546,223655,30626,416555,21973,10580,11393
75040,465133,48547,223668,30627,416586,21973,10580,11393
75045,465164,48548,223679,30627,416616,21973,10580,11393
75050,465195,48549,223693,30628,416646,21973,10580,11393
75055,465226,48550,223709,30629,416676,21973,10580,11393
75060,465257,48551,223723,30629,416706,21973,10580,11393
75065,465288,48553,223741,30629,416734,21973,10580,11393
75070,465319,48555,223759,30630,416763,21973,10580,11393
75075,465350,48557,223770,30631,416793,21973,10580,11393
75080,465381,48560,223784,30632,416820,21973,10580,11393
75085,465412,48562,223802,30632,416849,21973,10580,11393
75090,465443,48564,223813,30633,416878,21973,10580,11393
75095,465474,48566,223831,30635,416907,21973,10580,11393
75100,465505,48569,223846,30637,416936,21973,10580,11393
75105,465536,48571,223863,30638,416965,21973,10580,11393
75110,465567,48574,223874,30639,416993,21973,10580,11393
75115,465598,48578,223889,30642,417020,21973,10580,11393
75120,465629,48583,223905,30645,417046,21973,10580,11393
75125,465660,48586,223921,30646,417074,21973,10580,11393
75130,465691,48590,223940,30649,417101,21973,10580,11393
75135,465722,48593,223955,30651,417129,21973,10580,11393
75140,465753,48597,223967,30654,417156,21973,10580,11393
75145,465784,48602,223983,30658,417182,21973,10580,11393
75150,465815,48605,224002,30661,417210,21973,10580,11393
75155,465846,48606,224021,30662,417239,21973,10580,11393
75160,465877,48608,224043,30664,417269,21973,10580,11393
75165,465908,48609,224057,30665,417298,21973,10580,11393
75170,465939,48613,224075,30669,417325,21973,10580,11393
75175,465970,48613,224083,30669,417356,21973,10580,11393
75180,466001,48613,224095,30669,417388,21973,10580,11393
75185,466032,48613,224114,30669,417418,21973,10580,11393
75190,466063,48613,224130,30669,417448,21973,10580,11393
75195,466094,48613,224145,30669,417479,21973,10580,11393
75200,466125,48613,224160,30669,417511,21973,10580,11393
75205,466156,48613,224174,30669,417543,21973,10580,11393
75210,466187,48613,224191,30669,417572,21973,10580,11393
75215,466218,48613,224211,30669,417605,21973,10580,11393
75220,466249,48613,224233,30669,417635,21973,10580,11393
75225,466280,48613,224246,30669,417667,21973,10580,11393
75230,466311,48613,224261,30669,417698,21973,10580,11393
75235,466342,48613,224274,30669,417729,21973,10580,11393
75240,466373,48613,224290,30669,417760,21973,10580,11393
75245,466404,48613,224307,30669,417791,21973,10580,11393
75250,466435,48613,224319,30669,417822,21973,10580,11393
75255,466466,48613,224336,30669,417853,21973,10580,11393
75260,466497,48615,224350,30671,417882,21973,10580,11393
75265,466528,48617,224366,30672,417911,21973,10580,11393
75270,466559,48618,224375,30672,417941,21973,10580,11393
75275,466590,48620,224389,30672,417969,21973,10580,11393
75280,466621,48623,224402,30673,417998,21973,10580,11393
75285,466652,48626,224417,30675,418026,21973,10580,11393
75290,466683,48629,224429,30677,418053,21973,10580,11393
75295,466714,48632,224446,30679,418081,21973,10580,11393
75300,466745,48635,224458,30681,418110,21973,10580,11393
75305,466776,48638,224473,30684,418138,21973,10580,11393
75310,466807,48641,224491,30687,418165,21973,10580,11393
75315,466838,48643,224504,30689,418194,21973,10580,11393
75320,466869,48646,224519,30692,418223,21973,10580,11393
75325,466900,48650,224531,30694,418250,21973,10580,11393
75330,466931,48653,224544,30696,418278,21973,10580,11393
75335,466962,48657,224561,30699,418304,21973,10580,11393
75340,466993,48659,224576,30701,418334,21973,10580,11393
75345,467024,48661,224596,30702,418362,21973,10580,11393
75350,467055,48663,224611,30704,418391,21973,10580,11393
75355,467086,48665,224625,30705,418419,21973,10580,11393
75360,467117,48666,224643,30705,418451,21973,10580,11393
75365,467148,48667,224655,30705,418480,21973,10580,11393
75370,467179,48669,224670,30706,418510,21973,10580,11393
75375,467210,48670,224686,30706,418540,21973,10580,11393
75380,467241,48671,224700,30706,418570,21973,10580,11393
75385,467272,48673,224716,30707,418599,21973,10580,11393
75390,467303,48674,224732,30708,418629,21973,10580,11393
75395,467334,48676,224750,30710,418658,21973,10580,11393
75400,467365,48677,224764,30711,418688,21973,10580,11393
75405,467396,48678,224774,30711,418718,21973,10580,11393
75410,467427,48679,224792,30712,418747,21973,10580,11393
75415,467458,48679,224809,30712,418778,21973,10580,11393
75420,467489,48679,224825,30712,418809,21973,10580,11393
75425,467520,48679,224841,30712,418840,21973,10580,11393
75430,467551,48679,224851,30712,418872,21973,10580,11393
75435,467582,48679,224866,30712,418903,21973,10580,11393
75440,467613,48679,224879,30712,418934,21973,10580,11393
75445,467644,48679,224900,30712,418965,21973,10580,11393
75450,467675,48681,224915,30714,418994,21973,10580,11393
75455,467706,48682,224928,30714,419024,21973,10580,11393
75460,467737,48684,224946,30716,419053,21973,10580,11393
75465,467768,48686,224962,30718,419082,21973,10580,11393
75470,467799,48687,224975,30718,419111,21973,10580,11393
75475,467830,48689,224991,30720,419141,21973,10580,11393
75480,467861,48692,225009,30722,419168,21973,10580,11393
75485,467892,48695,225022,30724,419197,21973,10580,11393
75490,467923,48696,225033,30725,419227,21973,10580,11393
75495,467954,48698,225053,30726,419256,21973,10580,11393
75500,467985,48700,225069,30728,419285,21973,10580,11393
75505,468016,48701,225077,30729,419315,21973,10580,11393
75510,468047,48703,225096,30731,419344,21973,10580,11393
75515,468078,48706,225108,30734,419372,21973,10580,11393
75520,468109,48707,225121,30734,419402,21973,10580,11393
75525,468140,48708,225133,30735,419432,21973,10580,11393
75530,468171,48709,225148,30735,419461,21973,10580,11393
75535,468202,48710,225165,30736,419492,21973,10580,11393
75540,468233,48711,225180,30736,419522,21973,10580,11393
75545,468264,48712,225197,30737,419551,21973,10580,11393
75550,468295,48713,225207,30737,419582,21973,10580,11393
75555,468326,48714,225217,30738,419611,21973,10580,11393
75560,468357,48716,225233,30740,419640,21973,10580,11393
75565,468388,48718,225247,30741,419669,21973,10580,11393
75570,468419,48720,225260,30742,419698,21973,10580,11393
75575,468450,48722,225272,30743,419728,21973,10580,11393
75580,468481,48724,225285,30745,419756,21973,10580,11393
75585,468512,48725,225301,30746,419785,21973,10580,11393
75590,468543,48729,225316,30750,419813,21973,10580,11393
75595,468574,48731,225335,30752,419842,21973,10580,11393
75600,468605,48734,225352,30754,419871,21973,10580,11393
75605,468636,48734,225369,30754,419902,21973,10580,11393
75610,468667,48734,225381,30754,419932,21973,10580,11393
75615,468698,48734,225399,30754,419964,21973,10580,11393
75620,468729,48734,225414,30754,419995,21973,10580,11393
75625,468760,48736,225431,30755,420024,21973,10580,11393
75630,468791,48738,225447,30757,420053,21973,10580,11393
75635,468822,48739,225461,30758,420083,21973,10580,11393
75640,468853,48740,225477,30758,420113,21973,10580,11393
75645,468884,48742,225492,30760,420142,21973,10580,11393
75650,468915,48743,225505,30760,420172,21973,10580,11393
75655,468946,48744,225518,30760,420202,21973,10580,11393
75660,468977,48746,225533,30761,420231,21973,10580,11393
75665,469008,48747,225547,30762,420261,21973,10580,11393
75670,469039,48748,225560,30763,420291,21973,10580,11393
75675,469070,48749,225570,30763,420321,21973,10580,11393
75680,469101,48752,225592,30766,420349,21973,10580,11393
75685,469132,48755,225604,30768,420377,21973,10580,11393
75690,469163,48758,225621,30770,420405,21973,10580,11393
75695,469194,48759,225638,30770,420434,21973,10580,11393
75700,469225,48762,225656,30772,420460,21973,10580,11393
75705,469256,48766,225670,30776,420488,21973,10580,11393
75710,469287,48769,225684,30778,420517,21973,10580,11393
75715,469318,48772,225696,30781,420546,21973,10580,11393
75720,469349,48773,225711,30781,420573,21973,10580,11393
75725,469380,48774,225728,30782,420605,21973,10580,11393
75730,469411,48775,225749,30783,420634,21973,10580,11393
75735,469442,48776,225768,30784,420666,21973,10580,11393
75740,469473,48777,225778,30784,420695,21973,10580,11393
75745,469504,48778,225790,30784,420726,21973,10580,11393
75750,469535,48779,225805,30784,420755,21973,10580,11393
75755,469566,48780,225818,30785,420785,21973,10580,11393
75760,469597,48781,225831,30785,420816,21973,10580,11393
75765,469628,48782,225841,30786,420846,21973,10580,11393
75770,469659,48783,225858,30787,420875,21973,10580,11393
75775,469690,48784,225874,30787,420905,21973,10580,11393
75780,469721,48785,225889,30788,420936,21973,10580,11393
75785,469752,48786,225898,30789,420966,21973,10580,11393
75790,469783,48787,225915,30790,420996,21973,10580,11393
75795,469814,48788,225931,30791,421025,21973,10580,11393
75800,469845,48789,225943,30791,421056,21973,10580,11393
75805,469876,48790,225952,30792,421086,21973,10580,11393
75810,469907,48793,225973,30793,421113,21973,10580,11393
75815,469938,48795,225988,30794,421143,21973,10580,11393
75820,469969,48797,226000,30795,421171,21973,10580,11393
75825,470000,48801,226012,30797,421197,21973,10580,11393
75830,470031,48806,226033,30801,421223,21973,10580,11393
75835,470062,48811,226045,30806,421249,21973,10580,11393
75840,470093,48813,226063,30808,421279,21973,10580,11393
75845,470124,48816,226080,30810,421308,21973,10580,11393
75850,470155,48820,226099,30813,421335,21973,10580,11393
75855,470186,48825,226118,30818,421360,21973,10580,11393
75860,470217,48825,226130,30818,421392,21973,10580,11393
75865,470248,48825,226143,30818,421423,21973,10580,11393
75870,470279,48825,226157,30818,421453,21973,10580,11393
75875,470310,48825,226171,30818,421485,21973,10580,11393
75880,470341,48825,226186,30818,421515,21973,10580,11393
75885,470372,48825,226202,30818,421546,21973,10580,11393
75890,470403,48825,226215,30818,421578,21973,10580,11393
75895,470434,48825,226229,30818,421609,21973,10580,11393
75900,470465,48825,226243,30818,421640,21973,10580,11393
75905,470496,48825,226258,30818,421671,21973,10580,11393
75910,470527,48825,226270,30818,421702,21973,10580,11393
75915,470558,48825,226287,30818,421733,21973,10580,11393
75920,470589,48825,226304,30818,421764,21973,10580,11393
75925,470620,48825,226322,30818,421795,21973,10580,11393
75930,470651,48825,226335,30818,421826,21973,10580,11393
75935,470682,48825,226349,30818,421857,21973,10580,11393
75940,470713,48825,226362,30818,421887,21973,10580,11393
75945,470744,48826,226378,30818,421916,21973,10580,11393
75950,470775,48829,226394,30820,421944,21973,10580,11393
75955,470806,48832,226407,30822,421973,21973,10580,11393
75960,470837,48833,226420,30823,422003,21973,10580,11393
75965,470868,48835,226432,30824,422032,21973,10580,11393
75970,470899,48837,226448,30824,422061,21973,10580,11393
75975,470930,48839,226462,30825,422091,21973,10580,11393
75980,470961,48841,226468,30825,422120,21973,10580,11393
75985,470992,48843,226486,30826,422148,21973,10580,11393
75990,471023,48845,226503,30828,422177,21973,10580,11393
75995,471054,48847,226515,30828,422207,21973,10580,11393
76000,471085,48849,226529,30828,422235,21973,10580,11393
76005,471116,48853,226548,30832,422262,21973,10580,11393
76010,471147,48856,226564,30834,422291,21973,10580,11393
76015,471178,48859,226581,30836,422319,21973,10580,11393
76020,471209,48862,226595,30838,422346,21973,10580,11393
76025,471240,48865,226612,30840,422375,21973,10580,11393
76030,471271,48867,226629,30842,422404,21973,10580,11393
76035,471302,48871,226643,30845,422431,21973,10580,11393
76040,471333,48875,226659,30849,422458,21973,10580,11393
76045,471364,48878,226674,30851,422486,21973,10580,11393
76050,471395,48881,226691,30854,422514,21973,10580,11393
76055,471426,48882,226710,30854,422544,21973,10580,11393
76060,471457,48883,226728,30855,422574,21973,10580,11393
76065,471488,48885,226742,30856,422603,21973,10580,11393
76070,471519,48887,226754,30858,422631,21973,10580,11393
76075,471550,48890,226769,30861,422660,21973,10580,11393
76080,471581,48892,226787,30862,422687,21973,10580,11393
76085,471612,48894,226797,30863,422718,21973,10580,11393
76090,471643,48896,226814,30865,422746,21973,10580,11393
76095,471674,48897,226828,30866,422776,21973,10580,11393
76100,471705,48897,226846,30866,422807,21973,10580,11393
76105,471736,48897,226861,30866,422839,21973,10580,11393
76110,471767,48897,226870,30866,422870,21973,10580,11393
76115,471798,48897,226891,30866,422901,21973,10580,11393
76120,471829,48897,226915,30866,422932,21973,10580,11393
76125,471860,48897,226928,30866,422963,21973,10580,11393
76130,471891,48897,226942,30866,422993,21973,10580,11393
76135,471922,48897,226953,30866,423025,21973,10580,11393
76140,471953,48897,226966,30866,423056,21973,10580,11393
76145,471984,48897,226978,30866,423087,21973,10580,11393
76150,472015,48897,226992,30866,423118,21973,10580,11393
76155,472046,48898,227007,30867,423148,21973,10580,11393
76160,472077,48900,227023,30868,423177,21973,10580,11393
76165,472108,48902,227039,30869,423206,21973,10580,11393
76170,472139,48903,227055,30870,423236,21973,10580,11393
76175,472170,48904,227069,30871,423266,21973,10580,11393
76180,472201,48905,227082,30871,423296,21973,10580,11393
76185,472232,48906,227094,30871,423326,21973,10580,11393
76190,472263,48907,227104,30871,423356,21973,10580,11393
76195,472294,48909,227113,30873,423385,21973,10580,11393
76200,472325,48913,227127,30875,423412,21973,10580,11393
76205,472356,48917,227143,30879,423439,21973,10580,11393
76210,472387,48921,227161,30881,423465,21973,10580,11393
76215,472418,48924,227176,30884,423493,21973,10580,11393
76220,472449,48927,227191,30886,423521,21973,10580,11393
76225,472480,48928,227207,30886,423551,21973,10580,11393
76230,472511,48929,227224,30887,423581,21973,10580,11393
76235,472542,48930,227241,30887,423610,21973,10580,11393
76240,472573,48931,227255,30887,423639,21973,10580,11393
76245,472604,48932,227269,30887,423671,21973,10580,11393
76250,472635,48933,227286,30888,423702,21973,10580,11393
76255,472666,48934,227300,30888,423729,21973,10580,11393
76260,472697,48935,227318,30888,423760,21973,10580,11393
76265,472728,48936,227338,30889,423791,21973,10580,11393
76270,472759,48937,227351,30889,423822,21973,10580,11393
76275,472790,48938,227362,30890,423851,21973,10580,11393
76280,472821,48939,227384,30891,423881,21973,10580,11393
76285,472852,48940,227399,30892,423911,21973,10580,11393
76290,472883,48941,227414,30892,423941,21973,10580,11393
76295,472914,48942,227437,30892,423972,21973,10580,11393
76300,472945,48943,227452,30892,424001,21973,10580,11393
76305,472976,48945,227467,30893,424031,21973,10580,11393
76310,473007,48948,227486,30896,424059,21973,10580,11393
76315,473038,48949,227499,30897,424089,21973,10580,11393
76320,473069,48950,227510,30898,424119,21973,10580,11393
76325,473100,48951,227521,30898,424148,21973,10580,11393
76330,473131,48953,227534,30899,424178,21973,10580,11393
76335,473162,48956,227547,30901,424205,21973,10580,11393
76340,473193,48960,227562,30904,424232,21973,10580,11393
76345,473224,48962,227577,30906,424262,21973,10580,11393
76350,473255,48964,227588,30906,424291,21973,10580,11393
76355,473286,48968,227603,30909,424318,21973,10580,11393
76360,473317,48970,227619,30909,424347,21973,10580,11393
76365,473348,48974,227633,30912,424374,21973,10580,11393
76370,473379,48978,227647,30916,424401,21973,10580,11393
76375,473410,48981,227661,30918,424429,21973,10580,11393
76380,473441,48985,227677,30921,424456,21973,10580,11393
76385,473472,48990,227695,30926,424482,21973,10580,11393
76390,473503,48994,227711,30929,424508,21973,10580,11393
76395,473534,48997,227731,30932,424536,21973,10580,11393
76400,473565,48998,227747,30932,424567,21973,10580,11393
76405,473596,48999,227765,30933,424597,21973,10580,11393
76410,473627,48999,227783,30933,424628,21973,10580,11393
76415,473658,48999,227796,30933,424659,21973,10580,11393
76420,473689,48999,227811,30933,424690,21973,10580,11393
76425,473720,48999,227827,30933,424721,21973,10580,11393
76430,473751,48999,227843,30933,424750,21973,10580,11393
76435,473782,48999,227862,30933,424782,21973,10580,11393
76440,473813,48999,227878,30933,424814,21973,10580,11393
76445,473844,48999,227895,30933,424844,21973,10580,11393
76450,473875,48999,227912,30933,424875,21973,10580,11393
76455,473906,48999,227931,30933,424904,21973,10580,11393
76460,473937,48999,227947,30933,424937,21973,10580,11393
76465,473968,48999,227962,30933,424967,21973,10580,11393
76470,473999,48999,227978,30933,424999,21973,10580,11393
76475,474030,48999,227992,30933,425031,21973,10580,11393
76480,474061,48999,228007,30933,425061,21973,10580,11393
76485,474092,48999,228020,30933,425092,21973,10580,11393
76490,474123,48999,228027,30933,425124,21973,10580,11393
76495,474154,48999,228037,30933,425155,21973,10580,11393
76500,474185,48999,228049,30933,425186,21973,10580,11393
76505,474216,49001,228064,30935,425214,21973,10580,11393
76510,474247,49003,228081,30937,425244,21973,10580,11393
76515,474278,49005,228099,30937,425273,21973,10580,11393
76520,474309,49008,228112,30938,425301,21973,10580,11393
76525,474340,49011,228124,30939,425328,21973,10580,11393
76530,474371,49014,228141,30941,425357,21973,10580,11393
76535,474402,49017,228153,30942,425385,21973,10580,11393
76540,474433,49020,228167,30944,425413,21973,10580,11393
76545,474464,49022,228177,30945,425442,21973,10580,11393
76550,474495,49025,228197,30948,425470,21973,10580,11393
76555,474526,49029,228214,30952,425497,21973,10580,11393
76560,474557,49033,228227,30956,425524,21973,10580,11393
76565,474588,49037,228238,30958,425550,21973,10580,11393
76570,474619,49039,228252,30960,425580,21973,10580,11393
76575,474650,49040,228264,30960,425610,21973,10580,11393
76580,474681,49041,228278,30961,425639,21973,10580,11393
76585,474712,49042,228294,30961,425670,21973,10580,11393
76590,474743,49044,228308,30963,425698,21973,10580,11393
76595,474774,49046,228322,30965,425727,21973,10580,11393
76600,474805,49047,228332,30965,425758,21973,10580,11393
76605,474836,49048,228345,30965,425788,21973,10580,11393
76610,474867,49049,228358,30966,425817,21973,10580,11393
76615,474898,49050,228371,30966,425848,21973,10580,11393
76620,474929,49051,228383,30967,425877,21973,10580,11393
76625,474960,49053,228395,30969,425907,21973,10580,11393
76630,474991,49055,228404,30970,425936,21973,10580,11393
76635,475022,49057,228419,30972,425965,21973,10580,11393
76640,475053,49058,228432,30972,425995,21973,10580,11393
76645,475084,49060,228447,30973,426024,21973,10580,11393
76650,475115,49061,228458,30973,426054,21973,10580,11393
76655,475146,49062,228470,30974,426084,21973,10580,11393
76660,475177,49064,228483,30975,426113,21973,10580,11393
76665,475208,49066,228501,30976,426142,21973,10580,11393
76670,475239,49067,228515,30977,426172,21973,10580,11393
76675,475270,49068,228530,30978,426202,21973,10580,11393
76680,475301,49070,228542,30979,426231,21973,10580,11393
76685,475332,49071,228555,30979,426261,21973,10580,11393
76690,475363,49073,228565,30980,426290,21973,10580,11393
76695,475394,49075,228583,30982,426319,21973,10580,11393
76700,475425,49077,228601,30984,426348,21973,10580,11393
76705,475456,49079,228613,30985,426377,21973,10580,11393
76710,475487,49080,228628,30986,426407,21973,10580,11393
76715,475518,49082,228645,30988,426436,21973,10580,11393
76720,475549,49084,228657,30989,426465,21973,10580,11393
76725,475580,49086,228667,30991,426494,21973,10580,11393
76730,475611,49088,228677,30992,426523,21973,10580,11393
76735,475642,49091,228692,30994,426551,21973,10580,11393
76740,475673,49093,228709,30996,426580,21973,10580,11393
76745,475704,49093,228725,30996,426611,21973,10580,11393
76750,475735,49093,228739,30996,426642,21973,10580,11393
76755,475766,49093,228755,30996,426673,21973,10580,11393
76760,475797,49093,228775,30996,426704,21973,10580,11393
76765,475828,49093,228790,30996,426735,21973,10580,11393
76770,475859,49093,228804,30996,426766,21973,10580,11393
76775,475890,49093,228816,30996,426797,21973,10580,11393
76780,475921,49094,228833,30996,426827,21973,10580,11393
76785,475952,49095,228851,30996,426856,21973,10580,11393
76790,475983,49096,228864,30996,426886,21973,10580,11393
76795,476014,49097,228878,30996,426916,21973,10580,11393
76800,476045,49098,228892,30997,426946,21973,10580,11393
76805,476076,49099,228909,30997,426976,21973,10580,11393
76810,476107,49100,228927,30997,427006,21973,10580,11393
76815,476138,49101,228942,30997,427036,21973,10580,11393
76820,476169,49102,228957,30998,427066,21973,10580,11393
76825,476200,49103,228972,30998,427096,21973,10580,11393
76830,476231,49104,228989,30999,427126,21973,10580,11393
76835,476262,49105,229004,30999,427156,21973,10580,11393
76840,476293,49106,229022,30999,427186,21973,10580,11393
76845,476324,49107,229042,31000,427217,21973,10580,11393
76850,476355,49109,229056,31001,427246,21973,10580,11393
76855,476386,49112,229075,31003,427274,21973,10580,11393
76860,476417,49114,229091,31004,427303,21973,10580,11393
76865,476448,49116,229106,31005,427332,21973,10580,11393
76870,476479,49118,229127,31007,427361,21973,10580,11393
76875,476510,49120,229143,31009,427390,21973,10580,11393
76880,476541,49122,229156,31010,427419,21973,10580,11393
76885,476572,49124,229171,31011,427448,21973,10580,11393
76890,476603,49126,229187,31012,427477,21973,10580,11393
76895,476634,49129,229203,31015,427505,21973,10580,11393
76900,476665,49132,229214,31016,427533,21973,10580,11393
76905,476696,49135,229231,31018,427561,21973,10580,11393
76910,476727,49137,229241,31020,427590,21973,10580,11393
76915,476758,49141,229254,31023,427617,21973,10580,11393
76920,476789,49145,229266,31025,427644,21973,10580,11393
76925,476820,49147,229282,31026,427673,21973,10580,11393
76930,476851,49150,229297,31028,427701,21973,10580,11393
76935,476882,49153,229308,31030,427729,21973,10580,11393
76940,476913,49154,229325,31031,427759,21973,10580,11393
76945,476944,49155,229338,31032,427788,21973,10580,11393
76950,476975,49156,229351,31032,427819,21973,10580,11393
76955,477006,49157,229366,31033,427848,21973,10580,11393
76960,477037,49158,229380,31034,427878,21973,10580,11393
76965,477068,49159,229391,31034,427909,21973,10580,11393
76970,477099,49160,229408,31035,427938,21973,10580,11393
76975,477130,49161,229424,31036,427969,21973,10580,11393
76980,477161,49162,229440,31036,427998,21973,10580,11393
76985,477192,49163,229453,31036,428028,21973,10580,11393
76990,477223,49164,229471,31037,428059,21973,10580,11393
76995,477254,49165,229487,31037,428088,21973,10580,11393
77000,477285,49166,229504,31038,428118,21973,10580,11393
77005,477316,49167,229519,31039,428148,21973,10580,11393
77010,477347,49168,229537,31040,428179,21973,10580,11393
77015,477378,49169,229554,31041,428209,21973,10580,11393
77020,477409,49170,229567,31042,428238,21973,10580,11393
77025,477440,49171,229583,31042,428268,21973,10580,11393
77030,477471,49172,229597,31043,428298,21973,10580,11393
77035,477502,49173,229609,31044,428328,21973,10580,11393
77040,477533,49174,229627,31045,428358,21973,10580,11393
77045,477564,49177,229641,31046,428387,21973,10580,11393
77050,477595,49180,229653,31049,428415,21973,10580,11393
77055,477626,49183,229664,31051,428443,21973,10580,11393
77060,477657,49186,229680,31053,428471,21973,10580,11393
77065,477688,49188,229693,31055,428500,21973,10580,11393
77070,477719,49191,229710,31058,428528,21973,10580,11393
77075,477750,49193,229727,31059,428557,21973,10580,11393
77080,477781,49196,229741,31060,428585,21973,10580,11393
77085,477812,49200,229750,31063,428612,21973,10580,11393
77090,477843,49204,229769,31065,428639,21973,10580,11393
77095,477874,49206,229783,31066,428668,21973,10580,11393
77100,477905,49209,229795,31068,428696,21973,10580,11393
77105,477936,49210,229809,31068,428726,21973,10580,11393
77110,477967,49211,229827,31068,428756,21973,10580,11393
77115,477998,49212,229844,31069,428785,21973,10580,11393
77120,478029,49213,229859,31069,428815,21973,10580,11393
77125,478060,49214,229872,31070,428846,21973,10580,11393
77130,478091,49215,229888,31070,428876,21973,10580,11393
77135,478122,49216,229900,31071,428906,21973,10580,11393
77140,478153,49217,229917,31072,428936,21973,10580,11393
77145,478184,49218,229934,31073,428965,21973,10580,11393
77150,478215,49219,229951,31073,428995,21973,10580,11393
77155,478246,49220,229964,31073,429024,21973,10580,11393
77160,478277,49221,229979,31073,429056,21973,10580,11393
77165,478308,49222,229988,31073,429085,21973,10580,11393
77170,478339,49223,230005,31073,429115,21973,10580,11393
77175,478370,49224,230019,31073,429146,21973,10580,11393
77180,478401,49225,230039,31074,429175,21973,10580,11393
77185,478432,49226,230051,31074,429206,21973,10580,11393
77190,478463,49227,230067,31074,429236,21973,10580,11393
77195,478494,49228,230080,31075,429266,21973,10580,11393
77200,478525,49229,230094,31076,429295,21973,10580,11393
77205,478556,49230,230106,31077,429325,21973,10580,11393
77210,478587,49233,230119,31078,429353,21973,10580,11393
77215,478618,49235,230131,31079,429383,21973,10580,11393
77220,478649,49237,230143,31080,429411,21973,10580,11393
77225,478680,49239,230155,31080,429440,21973,10580,11393
77230,478711,49242,230173,31082,429468,21973,10580,11393
77235,478742,49245,230189,31084,429496,21973,10580,11393
77240,478773,49248,230204,31085,429524,21973,10580,11393
77245,478804,49251,230218,31086,429553,21973,10580,11393
77250,478835,49254,230235,31088,429581,21973,10580,11393
77255,478866,49256,230249,31089,429610,21973,10580,11393
77260,478897,49258,230262,31091,429639,21973,10580,11393
77265,478928,49260,230272,31091,429668,21973,10580,11393
77270,478959,49263,230285,31093,429696,21973,10580,11393
77275,478990,49268,230301,31097,429722,21973,10580,11393
77280,479021,49272,230314,31099,429749,21973,10580,11393
77285,479052,49273,230323,31099,429779,21973,10580,11393
77290,479083,49274,230341,31100,429808,21973,10580,11393
77295,479114,49275,230353,31100,429838,21973,10580,11393
77300,479145,49276,230361,31101,429869,21973,10580,11393
77305,479176,49277,230372,31101,429898,21973,10580,11393
77310,479207,49278,230385,31101,429929,21973,10580,11393
77315,479238,49279,230405,31101,429958,21973,10580,11393
77320,479269,49280,230423,31101,429988,21973,10580,11393
77325,479300,49281,230441,31101,430019,21973,10580,11393
77330,479331,49282,230457,31102,430049,21973,10580,11393
77335,479362,49283,230474,31102,430079,21973,10580,11393
77340,479393,49284,230485,31102,430109,21973,10580,11393
77345,479424,49285,230501,31103,430139,21973,10580,11393
77350,479455,49286,230518,31104,430169,21973,10580,11393
77355,479486,49287,230535,31104,430199,21973,10580,11393
77360,479517,49288,230549,31104,430229,21973,10580,11393
77365,479548,49289,230566,31105,430259,21973,10580,11393
77370,479579,49290,230583,31106,430289,21973,10580,11393
77375,479610,49291,230599,31107,430319,21973,10580,11393
77380,479641,49292,230617,31108,430349,21973,10580,11393
77385,479672,49293,230635,31109,430379,21973,10580,11393
77390,479703,49295,230646,31110,430408,21973,10580,11393
77395,479734,49297,230662,31111,430437,21973,10580,11393
77400,479765,49299,230672,31112,430466,21973,10580,11393
77405,479796,49301,230691,31113,430495,21973,10580,11393
77410,479827,49303,230707,31114,430524,21973,10580,11393
77415,479858,49305,230720,31114,430553,21973,10580,11393
77420,479889,49307,230737,31115,430582,21973,10580,11393
77425,479920,49309,230755,31117,430611,21973,10580,11393
77430,479951,49311,230770,31119,430640,21973,10580,11393
77435,479982,49314,230785,31122,430668,21973,10580,11393
77440,480013,49318,230801,31126,430695,21973,10580,11393
77445,480044,49322,230817,31129,430721,21973,10580,11393
77450,480075,49324,230831,31129,430750,21973,10580,11393
77455,480106,49328,230850,31131,430777,21973,10580,11393
77460,480137,49331,230864,31133,430806,21973,10580,11393
77465,480168,49333,230876,31134,430835,21973,10580,11393
77470,480199,49335,230886,31135,430863,21973,10580,11393
77475,480230,49340,230901,31139,430890,21973,10580,11393
77480,480261,49343,230919,31141,430918,21973,10580,11393
77485,480292,49344,230939,31142,430947,21973,10580,11393
77490,480323,49345,230952,31142,430978,21973,10580,11393
77495,480354,49346,230965,31143,431008,21973,10580,11393
77500,480385,49347,230980,31143,431037,21973,10580,11393
77505,480416,49348,230997,31144,431067,21973,10580,11393
77510,480447,49349,231016,31144,431097,21973,10580,11393
77515,480478,49350,231034,31144,431128,21973,10580,11393
77520,480509,49351,231047,31144,431157,21973,10580,11393
77525,480540,49351,231067,31144,431188,21973,10580,11393
77530,480571,49351,231082,31144,431220,21973,10580,11393
77535,480602,49351,231093,31144,431251,21973,10580,11393
77540,480633,49351,231111,31144,431282,21973,10580,11393
77545,480664,49351,231127,31144,431313,21973,10580,11393
77550,480695,49351,231140,31144,431344,21973,10580,11393
77555,480726,49351,231156,31144,431375,21973,10580,11393
77560,480757,49351,231173,31144,431406,21973,10580,11393
77565,480788,49351,231186,31144,431437,21973,10580,11393
77570,480819,49351,231198,31144,431468,21973,10580,11393
77575,480850,49351,231214,31144,431499,21973,10580,11393
77580,480881,49351,231234,31144,431530,21973,10580,11393
77585,480912,49351,231248,31144,431561,21973,10580,11393
77590,480943,49353,231265,31145,431590,21973,10580,11393
77595,480974,49355,231284,31146,431619,21973,10580,11393
77600,481005,49356,231297,31146,431649,21973,10580,11393
77605,481036,49357,231311,31147,431679,21973,10580,11393
77610,481067,49358,231324,31147,431709,21973,10580,11393
77615,481098,49361,231338,31149,431737,21973,10580,11393
77620,481129,49362,231355,31149,431767,21973,10580,11393
77625,481160,49365,231367,31151,431795,21973,10580,11393
77630,481191,49368,231380,31153,431823,21973,10580,11393
77635,481222,49372,231397,31155,431848,21973,10580,11393
77640,481253,49376,231408,31158,431876,21973,10580,11393
77645,481284,49380,231426,31160,431903,21973,10580,11393
77650,481315,49381,231439,31160,431932,21973,10580,11393
77655,481346,49382,231453,31161,431963,21973,10580,11393
77660,481377,49383,231467,31161,431993,21973,10580,11393
77665,481408,49384,231483,31161,432024,21973,10580,11393
77670,481439,49385,231499,31162,432053,21973,10580,11393
77675,481470,49386,231510,31163,432084,21973,10580,11393
77680,481501,49387,231523,31164,432113,21973,10580,11393
77685,481532,49388,231541,31165,432143,21973,10580,11393
77690,481563,49389,231562,31166,432173,21973,10580,11393
77695,481594,49390,231575,31166,432203,21973,10580,11393
77700,481625,49391,231589,31166,432233,21973,10580,11393
77705,481656,49392,231601,31166,432264,21973,10580,11393
77710,481687,49393,231616,31166,432294,21973,10580,11393
77715,481718,49394,231629,31167,432324,21973,10580,11393
77720,481749,49395,231642,31167,432353,21973,10580,11393
77725,481780,49396,231659,31168,432383,21973,10580,11393
77730,481811,49397,231674,31168,432414,21973,10580,11393
77735,481842,49398,231687,31169,432444,21973,10580,11393
77740,481873,49399,231701,31169,432474,21973,10580,11393
77745,481904,49400,231716,31169,432504,21973,10580,11393
77750,481935,49401,231734,31170,432534,21973,10580,11393
77755,481966,49403,231745,31172,432563,21973,10580,11393
77760,481997,49408,231761,31176,432589,21973,10580,11393
77765,482028,49410,231772,31177,432618,21973,10580,11393
77770,482059,49415,231787,31180,432644,21973,10580,11393
77775,482090,49417,231801,31181,432673,21973,10580,11393
77780,482121,49421,231816,31183,432700,21973,10580,11393
77785,482152,49427,231832,31188,432724,21973,10580,11393
77790,482183,49430,231846,31189,432753,21973,10580,11393
77795,482214,49431,231861,31189,432782,21973,10580,11393
77800,482245,49432,231877,31189,432813,21973,10580,11393
77805,482276,49433,231890,31190,432843,21973,10580,11393
77810,482307,49434,231904,31190,432872,21973,10580,11393
77815,482338,49435,231920,31190,432902,21973,10580,11393
77820,482369,49436,231932,31190,432933,21973,10580,11393
77825,482400,49437,231950,31191,432963,21973,10580,11393
77830,482431,49438,231964,31191,432992,21973,10580,11393
77835,482462,49439,231984,31192,433022,21973,10580,11393
77840,482493,49440,231993,31192,433052,21973,10580,11393
77845,482524,49441,232006,31192,433083,21973,10580,11393
77850,482555,49442,232023,31192,433113,21973,10580,11393
77855,482586,49443,232039,31192,433142,21973,10580,11393
77860,482617,49444,232051,31192,433172,21973,10580,11393
77865,482648,49445,232065,31193,433203,21973,10580,11393
77870,482679,49446,232083,31194,433232,21973,10580,11393
77875,482710,49447,232098,31194,433263,21973,10580,11393
77880,482741,49448,232113,31194,433292,21973,10580,11393
77885,482772,49449,232129,31195,433322,21973,10580,11393
77890,482803,49450,232141,31196,433353,21973,10580,11393
77895,482834,49451,232156,31197,433383,21973,10580,11393
77900,482865,49453,232169,31199,433412,21973,10580,11393
77905,482896,49455,232184,31200,433441,21973,10580,11393
77910,482927,49457,232196,31200,433469,21973,10580,11393
77915,482958,49459,232211,31201,433499,21973,10580,11393
77920,482989,49462,232228,31203,433527,21973,10580,11393
77925,483020,49465,232247,31205,433555,21973,10580,11393
77930,483051,49469,232263,31208,433582,21973,10580,11393
77935,483082,49473,232278,31211,433608,21973,10580,11393
77940,483113,49476,232297,31214,433636,21973,10580,11393
77945,483144,49479,232315,31217,433665,21973,10580,11393
77950,483175,49482,232329,31218,433693,21973,10580,11393
77955,483206,49485,232342,31219,433721,21973,10580,11393
77960,483237,49488,232357,31221,433749,21973,10580,11393
77965,483268,49491,232373,31222,433777,21973,10580,11393
77970,483299,49492,232389,31223,433807,21973,10580,11393
77975,483330,49493,232404,31224,433837,21973,10580,11393
77980,483361,49494,232422,31224,433867,21973,10580,11393
77985,483392,49495,232435,31225,433896,21973,10580,11393
77990,483423,49496,232450,31225,433927,21973,10580,11393
77995,483454,49497,232468,31226,433957,21973,10580,11393
78000,483485,49498,232485,31226,433987,21973,10580,11393
78005,483516,49499,232499,31227,434017,21973,10580,11393
78010,483547,49500,232516,31228,434047,21973,10580,11393
78015,483578,49501,232532,31229,434077,21973,10580,11393
78020,483609,49502,232550,31230,434107,21973,10580,11393
78025,483640,49503,232565,31231,434137,21973,10580,11393
78030,483671,49504,232575,31232,434167,21973,10580,11393
78035,483702,49505,232590,31232,434197,21973,10580,11393
78040,483733,49506,232606,31232,434227,21973,10580,11393
78045,483764,49507,232620,31233,434257,21973,10580,11393
78050,483795,49508,232636,31233,434287,21973,10580,11393
78055,483826,49509,232652,31234,434317,21973,10580,11393
78060,483857,49510,232668,31234,434347,21973,10580,11393
78065,483888,49511,232679,31234,434377,21973,10580,11393
78070,483919,49512,232694,31234,434407,21973,10580,11393
78075,483950,49515,232711,31236,434435,21973,10580,11393
78080,483981,49518,232727,31237,434463,21973,10580,11393
78085,484012,49521,232746,31240,434491,21973,10580,11393
78090,484043,49523,232763,31241,434520,21973,10580,11393
78095,484074,49526,232777,31243,434548,21973,10580,11393
78100,484105,49530,232795,31247,434575,21973,10580,11393
78105,484136,49534,232810,31249,434601,21973,10580,11393
78110,484167,49537,232827,31251,434630,21973,10580,11393
78115,484198,49539,232843,31251,434658,21973,10580,11393
78120,484229,49542,232858,31252,434687,21973,10580,11393
78125,484260,49546,232874,31255,434713,21973,10580,11393
78130,484291,49547,232887,31255,434744,21973,10580,11393
78135,484322,49548,232904,31256,434773,21973,10580,11393
78140,484353,49549,232915,31256,434803,21973,10580,11393
78145,484384,49550,232927,31256,434834,21973,10580,11393
78150,484415,49551,232941,31256,434863,21973,10580,11393
78155,484446,49552,232958,31257,434893,21973,10580,11393
78160,484477,49553,232970,31257,434923,21973,10580,11393
78165,484508,49554,232982,31257,434954,21973,10580,11393
78170,484539,49555,232994,31257,434983,21973,10580,11393
78175,484570,49556,233008,31257,435014,21973,10580,11393
78180,484601,49557,233026,31258,435043,21973,10580,11393
78185,484632,49558,233041,31258,435073,21973,10580,11393
78190,484663,49559,233048,31258,435104,21973,10580,11393
78195,484694,49560,233060,31259,435134,21973,10580,11393
78200,484725,49561,233074,31259,435164,21973,10580,11393
78205,484756,49562,233095,31259,435193,21973,10580,11393
78210,484787,49563,233109,31259,435224,21973,10580,11393
78215,484818,49564,233125,31260,435254,21973,10580,11393
78220,484849,49565,233140,31260,435284,21973,10580,11393
78225,484880,49566,233158,31260,435314,21973,10580,11393
78230,484911,49567,233174,31260,435344,21973,10580,11393
78235,484942,49570,233191,31261,435372,21973,10580,11393
78240,484973,49573,233203,31263,435400,21973,10580,11393
78245,485004,49575,233217,31264,435429,21973,10580,11393
78250,485035,49577,233233,31264,435458,21973,10580,11393
78255,485066,49579,233243,31265,435487,21973,10580,11393
78260,485097,49582,233257,31266,435515,21973,10580,11393
78265,485128,49584,233277,31267,435544,21973,10580,11393
78270,485159,49587,233292,31268,435572,21973,10580,11393
78275,485190,49590,233306,31269,435600,21973,10580,11393
78280,485221,49592,233321,31269,435629,21973,10580,11393
78285,485252,49594,233331,31270,435658,21973,10580,11393
78290,485283,49596,233346,31271,435687,21973,10580,11393
78295,485314,49600,233365,31274,435714,21973,10580,11393
78300,485345,49603,233380,31276,435742,21973,10580,11393
78305,485376,49607,233391,31279,435769,21973,10580,11393
78310,485407,49610,233408,31281,435797,21973,10580,11393
78315,485438,49611,233423,31281,435827,21973,10580,11393
78320,485469,49612,233438,31282,435856,21973,10580,11393
78325,485500,49613,233450,31282,435886,21973,10580,11393
78330,485531,49614,233469,31283,435916,21973,10580,11393
78335,485562,49615,233482,31283,435946,21973,10580,11393
78340,485593,49616,233501,31284,435976,21973,10580,11393
78345,485624,49617,233517,31285,436006,21973,10580,11393
78350,485655,49618,233535,31285,436036,21973,10580,11393
78355,485686,49619,233553,31286,436066,21973,10580,11393
78360,485717,49620,233569,31287,436096,21973,10580,11393
78365,485748,49620,233589,31287,436127,21973,10580,11393
78370,485779,49620,233606,31287,436158,21973,10580,11393
78375,485810,49620,233623,31287,436190,21973,10580,11393
78380,485841,49620,233639,31287,436220,21973,10580,11393
78385,485872,49620,233652,31287,436251,21973,10580,11393
78390,485903,49620,233669,31287,436283,21973,10580,11393
78395,485934,49620,233684,31287,436313,21973,10580,11393
78400,485965,49620,233699,31287,436345,21973,10580,11393
78405,485996,49620,233714,31287,436375,21973,10580,11393
78410,486027,49620,233730,31287,436407,21973,10580,11393
78415,486058,49620,233745,31287,436438,21973,10580,11393
78420,486089,49620,233759,31287,436469,21973,10580,11393
78425,486120,49621,233775,31288,436499,21973,10580,11393
78430,486151,49622,233788,31288,436529,21973,10580,11393
78435,486182,49623,233803,31288,436559,21973,10580,11393
78440,486213,49624,233822,31288,436589,21973,10580,11393
78445,486244,49625,233841,31289,436619,21973,10580,11393
78450,486275,49628,233857,31292,436647,21973,10580,11393
78455,486306,49629,233875,31293,436677,21973,10580,11393
78460,486337,49631,233892,31294,436706,21973,10580,11393
78465,486368,49636,233908,31298,436732,21973,10580,11393
78470,486399,49639,233923,31300,436760,21973,10580,11393
78475,486430,49643,233934,31303,436787,21973,10580,11393
78480,486461,49647,233949,31306,436814,21973,10580,11393
78485,486492,49648,233969,31307,436843,21973,10580,11393
78490,486523,49649,233981,31307,436873,21973,10580,11393
78495,486554,49650,233994,31307,436903,21973,10580,11393
78500,486585,49651,234012,31308,436934,21973,10580,11393
78505,486616,49652,234030,31309,436964,21973,10580,11393
78510,486647,49653,234045,31309,436993,21973,10580,11393
78515,486678,49654,234060,31310,437023,21973,10580,11393
78520,486709,49655,234073,31310,437052,21973,10580,11393
78525,486740,49656,234092,31310,437083,21973,10580,11393
78530,486771,49657,234107,31311,437113,21973,10580,11393
78535,486802,49658,234122,31312,437144,21973,10580,11393
78540,486833,49659,234142,31312,437174,21973,10580,11393
78545,486864,49660,234155,31313,437204,21973,10580,11393
78550,486895,49661,234170,31314,437234,21973,10580,11393
78555,486926,49662,234183,31314,437264,21973,10580,11393
78560,486957,49663,234197,31314,437294,21973,10580,11393
78565,486988,49664,234215,31315,437324,21973,10580,11393
78570,487019,49665,234226,31315,437354,21973,10580,11393
78575,487050,49666,234240,31316,437384,21973,10580,11393
78580,487081,49667,234254,31317,437414,21973,10580,11393
78585,487112,49669,234269,31319,437443,21973,10580,11393
78590,487143,49672,234280,31321,437471,21973,10580,11393
78595,487174,49675,234292,31322,437499,21973,10580,11393
78600,487205,49677,234305,31323,437528,21973,10580,11393
