Time,  Packets Generated,  Packets Reached,High Priority Packets Generated, High Priority Packets reached, Packet Dropped, Packet Dropped due to Faulty Node, High Prio Packet Dropped due to Faulty Node, Low Prio Packet Dropped due to Faulty Node 
5,1,1,1,1,0,0,0,0
10,7,4,6,3,3,3,3,0
15,15,7,9,3,7,7,6,1
20,31,14,16,8,15,15,8,7
25,50,23,26,12,25,25,13,12
30,74,35,36,18,37,37,17,20
35,102,47,46,22,52,52,24,28
40,133,60,64,27,70,70,35,35
45,164,73,81,32,88,88,46,42
50,195,86,96,42,106,106,54,52
55,226,99,110,49,124,124,61,63
60,257,112,125,53,142,142,70,72
65,288,121,140,60,163,157,79,78
70,319,131,157,68,183,172,86,86
75,350,142,173,76,203,187,94,93
80,381,152,188,83,225,202,102,100
85,412,163,202,92,245,217,109,108
90,443,171,213,98,269,232,114,118
95,474,181,226,105,290,247,118,129
100,505,187,237,109,315,262,123,139
105,536,190,250,112,344,277,129,148
110,567,191,259,113,373,292,133,159
115,598,194,278,115,400,307,144,163
120,629,197,292,117,429,322,150,172
125,660,201,310,121,455,333,156,177
130,691,204,329,124,482,344,163,181
135,722,207,347,127,510,355,170,185
140,753,211,363,131,538,366,176,190
145,784,214,377,133,568,377,183,194
150,815,216,385,134,597,388,187,201
155,846,218,398,136,626,399,190,209
160,877,222,412,139,653,410,196,214
165,908,225,427,142,682,421,200,221
170,939,225,442,142,712,432,207,225
175,970,225,460,142,744,443,214,229
180,1001,225,473,142,775,454,218,236
185,1032,225,488,142,806,464,223,241
190,1063,225,505,142,836,474,226,248
195,1094,225,518,142,867,484,228,256
200,1125,225,536,142,899,494,235,259
205,1156,225,552,142,930,504,238,266
210,1187,227,569,144,959,514,245,269
215,1218,228,583,145,988,524,250,274
220,1249,230,596,146,1016,534,254,280
225,1280,233,612,149,1044,544,261,283
230,1311,237,624,152,1073,554,265,289
235,1342,238,635,152,1103,564,271,293
240,1373,241,653,154,1131,574,278,296
245,1404,243,668,155,1159,584,281,303
250,1435,245,684,157,1188,594,290,304
255,1466,248,699,159,1217,604,296,308
260,1497,248,713,159,1248,614,302,312
265,1528,248,730,159,1279,624,309,315
270,1559,248,744,159,1309,634,315,319
275,1590,249,756,160,1340,644,319,325
280,1621,250,772,161,1370,654,325,329
285,1652,251,786,161,1399,664,330,334
290,1683,253,806,163,1428,674,336,338
295,1714,254,819,163,1459,684,341,343
300,1745,255,833,164,1489,694,347,347
305,1776,257,845,165,1519,704,351,353
310,1807,258,859,165,1546,714,355,359
315,1838,259,875,165,1576,724,361,363
320,1869,260,891,165,1606,734,367,367
325,1900,261,905,166,1638,744,370,374
330,1931,263,927,168,1667,754,377,377
335,1962,264,942,169,1697,764,385,379
340,1993,266,954,171,1727,774,390,384
345,2024,267,967,172,1756,784,392,392
350,2055,269,986,174,1785,794,398,396
355,2086,270,1001,175,1815,804,403,401
360,2117,272,1017,177,1844,814,409,405
365,2148,276,1033,180,1869,824,414,410
370,2179,282,1049,184,1895,834,421,413
375,2210,286,1065,186,1923,844,429,415
380,2241,291,1080,190,1948,854,431,423
385,2272,296,1097,194,1974,864,436,428
390,2303,299,1111,197,2003,874,438,436
395,2334,300,1123,198,2034,884,441,443
400,2365,301,1139,198,2062,894,446,448
405,2396,304,1157,200,2091,904,453,451
410,2427,304,1175,200,2123,914,460,454
415,2458,304,1186,200,2154,924,462,462
420,2489,304,1197,200,2185,934,467,467
425,2520,304,1215,200,2215,944,474,470
430,2551,304,1226,200,2246,954,479,475
435,2582,304,1245,200,2277,964,488,476
440,2613,304,1258,200,2308,974,491,483
445,2644,304,1276,200,2337,984,496,488
450,2675,304,1289,200,2369,994,499,495
455,2706,304,1302,200,2400,1004,502,502
460,2737,304,1316,200,2431,1014,508,506
465,2768,304,1329,200,2463,1024,513,511
470,2799,304,1350,200,2495,1034,521,513
475,2830,304,1363,200,2526,1044,527,517
480,2861,304,1380,200,2556,1054,531,523
485,2892,304,1395,200,2588,1064,536,528
490,2923,304,1409,200,2619,1074,540,534
495,2954,306,1421,201,2648,1084,544,540
500,2985,307,1438,201,2678,1094,550,544
505,3016,309,1454,203,2707,1104,554,550
510,3047,310,1464,203,2736,1114,556,558
515,3078,312,1477,205,2765,1124,561,563
520,3109,315,1491,206,2793,1134,566,568
525,3140,319,1507,210,2821,1144,571,573
530,3171,322,1517,212,2849,1154,575,579
535,3202,324,1530,213,2877,1164,579,585
540,3233,326,1547,214,2906,1174,586,588
545,3264,330,1565,217,2933,1184,591,593
550,3295,335,1581,221,2960,1194,595,599
555,3326,338,1602,222,2986,1204,603,601
560,3357,343,1618,225,3013,1214,607,607
565,3388,348,1642,229,3039,1224,615,609
570,3419,354,1660,233,3063,1234,621,613
575,3450,356,1673,235,3094,1244,624,620
580,3481,358,1686,237,3122,1254,626,628
585,3512,359,1696,237,3152,1264,629,635
590,3543,361,1711,239,3181,1274,633,641
595,3574,361,1720,239,3212,1284,635,649
600,3605,361,1733,239,3243,1294,638,656
605,3636,361,1748,239,3274,1304,642,662
610,3667,361,1763,239,3305,1314,648,666
615,3698,361,1779,239,3336,1324,652,672
620,3729,361,1794,239,3368,1334,658,676
625,3760,361,1806,239,3398,1344,664,680
630,3791,361,1820,239,3429,1354,667,687
635,3822,361,1836,239,3461,1364,672,692
640,3853,361,1856,239,3492,1374,680,694
645,3884,361,1878,239,3522,1384,687,697
650,3915,361,1890,239,3553,1394,690,704
655,3946,361,1901,239,3584,1404,691,713
660,3977,361,1919,239,3614,1414,695,719
665,4008,361,1936,239,3647,1424,701,723
670,4039,361,1954,239,3677,1434,706,728
675,4070,361,1967,239,3709,1444,709,735
680,4101,362,1980,240,3739,1454,714,740
685,4132,363,1997,240,3768,1464,720,744
690,4163,365,2009,241,3798,1474,725,749
695,4194,366,2026,241,3828,1484,729,755
700,4225,368,2040,243,3856,1494,732,762
705,4256,370,2057,244,3885,1504,736,768
710,4287,374,2071,247,3913,1514,741,773
715,4318,376,2087,248,3942,1524,747,777
720,4349,379,2105,251,3970,1534,754,780
725,4380,381,2123,252,3999,1544,760,784
730,4411,385,2138,255,4024,1554,764,790
735,4442,390,2150,259,4050,1564,766,798
740,4473,396,2167,263,4076,1574,773,801
745,4504,399,2182,266,4105,1584,779,805
750,4535,404,2200,271,4129,1594,784,810
755,4566,409,2217,275,4157,1604,792,812
760,4597,411,2232,277,4186,1614,794,820
765,4628,414,2244,279,4214,1624,797,827
770,4659,416,2262,281,4243,1634,802,832
775,4690,418,2274,282,4271,1644,807,837
780,4721,420,2290,284,4299,1654,810,844
785,4752,420,2307,284,4331,1664,813,851
790,4783,420,2321,284,4362,1674,819,855
795,4814,420,2337,284,4393,1684,823,861
800,4845,420,2350,284,4425,1694,827,867
805,4876,420,2362,284,4455,1704,831,873
810,4907,420,2378,284,4487,1714,838,876
815,4938,420,2398,284,4517,1724,844,880
820,4969,420,2409,284,4549,1734,847,887
825,5000,420,2426,284,4579,1744,851,893
830,5031,420,2443,284,4610,1754,858,896
835,5062,420,2460,284,4642,1764,863,901
840,5093,420,2473,284,4673,1774,867,907
845,5124,420,2489,284,4703,1784,872,912
850,5155,420,2506,284,4734,1794,880,914
855,5186,420,2525,284,4765,1804,887,917
860,5217,420,2540,284,4797,1814,890,924
865,5248,421,2553,285,4827,1824,893,931
870,5279,422,2572,285,4857,1834,898,936
875,5310,423,2586,285,4886,1844,905,939
880,5341,425,2604,287,4915,1854,912,942
885,5372,427,2615,288,4944,1864,916,948
890,5403,430,2627,290,4972,1874,919,955
895,5434,433,2640,292,5001,1884,925,959
900,5465,435,2655,293,5029,1894,931,963
905,5496,439,2668,296,5056,1904,936,968
910,5527,442,2681,297,5085,1914,940,974
915,5558,445,2696,298,5112,1924,944,980
920,5589,449,2710,300,5139,1934,949,985
925,5620,453,2723,302,5166,1944,954,990
930,5651,457,2737,305,5193,1954,958,996
935,5682,462,2751,309,5220,1964,963,1001
940,5713,465,2764,312,5248,1974,966,1008
945,5744,468,2778,315,5276,1984,970,1014
950,5775,473,2792,319,5302,1994,977,1017
955,5806,476,2809,321,5329,2004,985,1019
960,5837,476,2825,321,5359,2014,991,1023
965,5868,476,2843,321,5386,2024,997,1027
970,5899,476,2861,321,5423,2034,1003,1031
975,5930,476,2875,321,5454,2044,1007,1037
980,5961,476,2890,321,5484,2054,1010,1044
985,5992,476,2911,321,5516,2064,1016,1048
990,6023,476,2926,321,5547,2074,1023,1051
995,6054,476,2939,321,5577,2084,1027,1057
1000,6085,476,2953,321,5609,2094,1032,1062
1005,6116,476,2965,321,5639,2104,1038,1066
1010,6147,476,2986,321,5670,2114,1045,1069
1015,6178,476,3002,321,5701,2124,1050,1074
1020,6209,476,3017,321,5732,2134,1056,1078
1025,6240,476,3032,321,5763,2144,1060,1084
1030,6271,476,3047,321,5795,2154,1064,1090
1035,6302,476,3060,321,5825,2164,1065,1099
1040,6333,476,3081,321,5856,2174,1072,1102
1045,6364,478,3100,322,5885,2184,1077,1107
1050,6395,480,3114,323,5915,2194,1081,1113
1055,6426,481,3128,323,5945,2204,1085,1119
1060,6457,482,3139,323,5975,2214,1087,1127
1065,6488,484,3152,324,6003,2224,1093,1131
1070,6519,488,3171,326,6030,2234,1100,1134
1075,6550,491,3182,328,6057,2244,1103,1141
1080,6581,494,3199,331,6086,2254,1109,1145
1085,6612,498,3211,333,6111,2264,1114,1150
1090,6643,507,3226,341,6134,2274,1117,1157
1095,6674,513,3237,345,6158,2284,1119,1165
1100,6705,517,3254,349,6185,2294,1125,1169
1105,6736,519,3265,350,6216,2304,1128,1176
1110,6767,523,3282,354,6243,2314,1136,1178
1115,6798,525,3301,355,6273,2324,1145,1179
1120,6829,525,3318,355,6304,2334,1150,1184
1125,6860,525,3333,355,6335,2344,1152,1192
1130,6891,525,3347,355,6366,2354,1157,1197
1135,6922,525,3359,355,6397,2364,1159,1205
1140,6953,525,3375,355,6428,2374,1164,1210
1145,6984,525,3390,355,6459,2384,1168,1216
1150,7015,525,3403,355,6490,2394,1173,1221
1155,7046,525,3419,355,6521,2404,1178,1226
1160,7077,525,3431,355,6552,2414,1182,1232
1165,7108,525,3444,355,6583,2424,1187,1237
1170,7139,525,3462,355,6613,2434,1193,1241
1175,7170,525,3477,355,6645,2444,1199,1245
1180,7201,525,3497,355,6675,2454,1205,1249
1185,7232,525,3508,355,6706,2464,1211,1253
1190,7263,525,3523,355,6738,2474,1215,1259
1195,7294,525,3543,355,6768,2484,1224,1260
1200,7325,525,3558,355,6799,2494,1231,1263
1205,7356,527,3578,357,6827,2504,1239,1265
1210,7387,529,3602,358,6857,2514,1246,1268
1215,7418,530,3616,359,6886,2524,1249,1275
1220,7449,536,3636,365,6910,2534,1258,1276
1225,7480,544,3656,372,6933,2544,1262,1282
1230,7511,549,3668,376,6960,2554,1264,1290
1235,7542,551,3679,377,6990,2564,1268,1296
1240,7573,552,3690,377,7019,2574,1270,1304
1245,7604,553,3705,377,7050,2584,1275,1309
1250,7635,556,3719,379,7077,2594,1281,1313
1255,7666,560,3732,382,7106,2604,1284,1320
1260,7697,562,3754,384,7134,2614,1290,1324
1265,7728,566,3775,388,7162,2624,1298,1326
1270,7759,568,3789,389,7191,2634,1301,1333
1275,7790,568,3800,389,7222,2644,1304,1340
1280,7821,568,3813,389,7253,2654,1307,1347
1285,7852,568,3833,389,7283,2664,1310,1354
1290,7883,568,3845,389,7315,2674,1314,1360
1295,7914,568,3864,389,7345,2684,1322,1362
1300,7945,568,3879,389,7377,2694,1328,1366
1305,7976,568,3891,389,7408,2704,1332,1372
1310,8007,568,3902,389,7439,2714,1334,1380
1315,8038,568,3914,389,7470,2724,1338,1386
1320,8069,568,3926,389,7501,2734,1341,1393
1325,8100,568,3939,389,7532,2744,1344,1400
1330,8131,568,3958,389,7563,2754,1348,1406
1335,8162,568,3976,389,7593,2764,1353,1411
1340,8193,571,3991,392,7621,2774,1356,1418
1345,8224,575,4007,395,7649,2784,1361,1423
1350,8255,577,4018,396,7677,2794,1365,1429
1355,8286,579,4033,398,7704,2804,1369,1435
1360,8317,585,4051,403,7730,2814,1374,1440
1365,8348,589,4062,407,7758,2824,1377,1447
1370,8379,589,4076,407,7788,2834,1381,1453
1375,8410,589,4091,407,7820,2844,1387,1457
1380,8441,589,4108,407,7851,2854,1392,1462
1385,8472,590,4121,408,7882,2864,1395,1469
1390,8503,592,4140,409,7910,2874,1403,1471
1395,8534,593,4155,409,7941,2884,1408,1476
1400,8565,595,4172,411,7968,2894,1412,1482
1405,8596,597,4189,412,7998,2904,1418,1486
1410,8627,599,4206,413,8027,2914,1424,1490
1415,8658,601,4223,415,8056,2924,1429,1495
1420,8689,605,4239,419,8082,2934,1432,1502
1425,8720,607,4251,421,8113,2944,1436,1508
1430,8751,610,4261,423,8141,2954,1440,1514
1435,8782,612,4280,425,8169,2964,1446,1518
1440,8813,612,4294,425,8200,2974,1449,1525
1445,8844,612,4307,425,8232,2984,1453,1531
1450,8875,612,4318,425,8263,2994,1456,1538
1455,8906,612,4332,425,8294,3004,1462,1542
1460,8937,612,4351,425,8325,3014,1468,1546
1465,8968,612,4362,425,8356,3024,1474,1550
1470,8999,612,4373,425,8387,3034,1476,1558
1475,9030,613,4389,425,8416,3044,1481,1563
1480,9061,615,4407,426,8445,3054,1488,1566
1485,9092,617,4427,428,8475,3064,1496,1568
1490,9123,618,4446,428,8504,3074,1502,1572
1495,9154,620,4459,429,8533,3084,1507,1577
1500,9185,622,4474,430,8562,3094,1511,1583
1505,9216,626,4489,433,8590,3104,1515,1589
1510,9247,629,4506,435,8617,3114,1519,1595
1515,9278,633,4523,438,8643,3124,1522,1602
1520,9309,635,4533,439,8673,3134,1526,1608
1525,9340,636,4546,440,8704,3144,1531,1613
1530,9371,636,4560,440,8735,3154,1535,1619
1535,9402,636,4574,440,8766,3164,1540,1624
1540,9433,638,4589,441,8794,3174,1545,1629
1545,9464,640,4612,443,8823,3184,1551,1633
1550,9495,641,4630,444,8853,3194,1557,1637
1555,9526,643,4648,445,8883,3204,1564,1640
1560,9557,645,4662,447,8912,3214,1567,1647
1565,9588,647,4679,448,8941,3224,1572,1652
1570,9619,649,4699,450,8970,3234,1579,1655
1575,9650,651,4715,451,8999,3244,1584,1660
1580,9681,654,4733,454,9027,3254,1589,1665
1585,9712,655,4747,454,9057,3264,1592,1672
1590,9743,658,4763,456,9085,3274,1597,1677
1595,9774,660,4780,458,9114,3284,1602,1682
1600,9805,660,4794,458,9145,3294,1609,1685
1605,9836,660,4805,458,9175,3304,1614,1690
1610,9867,660,4821,458,9206,3314,1620,1694
1615,9898,660,4839,458,9237,3324,1625,1699
1620,9929,660,4856,458,9269,3334,1632,1702
1625,9960,660,4868,458,9299,3344,1637,1707
1630,9991,660,4878,458,9331,3354,1639,1715
1635,10022,661,4892,458,9359,3364,1645,1719
1640,10053,663,4906,459,9389,3374,1649,1725
1645,10084,664,4922,460,9419,3384,1655,1729
1650,10115,665,4934,461,9449,3394,1659,1735
1655,10146,666,4954,462,9479,3404,1665,1739
1660,10177,668,4970,464,9508,3414,1670,1744
1665,10208,669,4981,464,9539,3424,1676,1748
1670,10239,671,4996,466,9567,3434,1678,1756
1675,10270,675,5010,470,9595,3444,1680,1764
1680,10301,677,5023,472,9622,3454,1682,1772
1685,10332,682,5043,476,9649,3464,1689,1775
1690,10363,685,5058,479,9678,3474,1692,1782
1695,10394,685,5080,479,9709,3484,1702,1782
1700,10425,685,5099,479,9740,3494,1707,1787
1705,10456,687,5109,481,9769,3504,1710,1794
1710,10487,688,5123,482,9797,3514,1714,1800
1715,10518,689,5137,483,9828,3524,1719,1805
1720,10549,691,5157,484,9855,3534,1725,1809
1725,10580,693,5173,486,9885,3544,1730,1814
1730,10611,694,5185,486,9915,3554,1733,1821
1735,10642,695,5203,487,9946,3564,1740,1824
1740,10673,697,5215,488,9975,3574,1745,1829
1745,10704,698,5231,489,10005,3584,1751,1833
1750,10735,700,5247,491,10035,3594,1756,1838
1755,10766,702,5261,492,10064,3604,1759,1845
1760,10797,703,5278,492,10094,3614,1763,1851
1765,10828,705,5295,494,10123,3624,1770,1854
1770,10859,707,5305,495,10151,3634,1773,1861
1775,10890,708,5323,496,10182,3644,1780,1864
1780,10921,713,5342,500,10208,3654,1784,1870
1785,10952,713,5361,500,10238,3664,1789,1875
1790,10983,713,5378,500,10269,3674,1793,1881
1795,11014,713,5398,500,10299,3684,1800,1884
1800,11045,715,5412,501,10328,3694,1805,1889
1805,11076,717,5426,503,10359,3704,1811,1893
1810,11107,718,5440,504,10389,3714,1815,1899
1815,11138,719,5456,505,10419,3724,1820,1904
1820,11169,720,5473,506,10448,3734,1825,1909
1825,11200,722,5486,507,10478,3744,1829,1915
1830,11231,723,5503,508,10508,3754,1834,1920
1835,11262,724,5524,509,10538,3764,1842,1922
1840,11293,726,5540,510,10565,3774,1847,1927
1845,11324,728,5554,511,10595,3784,1852,1932
1850,11355,731,5566,513,10624,3794,1857,1937
1855,11386,734,5577,515,10650,3804,1862,1942
1860,11417,739,5592,520,10675,3814,1866,1948
1865,11448,740,5606,521,10707,3823,1870,1953
1870,11479,740,5621,521,10738,3832,1875,1957
1875,11510,740,5635,521,10767,3841,1879,1962
1880,11541,740,5644,521,10801,3850,1883,1967
1885,11572,740,5653,521,10832,3859,1885,1974
1890,11603,741,5666,521,10861,3868,1890,1978
1895,11634,742,5680,521,10892,3877,1893,1984
1900,11665,744,5693,522,10921,3886,1896,1990
1905,11696,745,5705,523,10951,3895,1899,1996
1910,11727,747,5721,524,10980,3904,1906,1998
1915,11758,748,5741,525,11010,3913,1912,2001
1920,11789,750,5754,526,11039,3922,1916,2006
1925,11820,751,5765,526,11069,3931,1918,2013
1930,11851,753,5780,528,11098,3940,1922,2018
1935,11882,756,5799,530,11126,3949,1928,2021
1940,11913,761,5817,535,11151,3958,1932,2026
1945,11944,765,5833,539,11179,3967,1938,2029
1950,11975,765,5847,539,11210,3976,1940,2036
1955,12006,765,5862,539,11241,3985,1947,2038
1960,12037,765,5880,539,11272,3994,1951,2043
1965,12068,765,5895,539,11303,4004,1957,2047
1970,12099,766,5914,539,11333,4014,1964,2050
1975,12130,767,5930,539,11363,4024,1967,2057
1980,12161,768,5944,540,11393,4034,1971,2063
1985,12192,769,5959,541,11423,4044,1974,2070
1990,12223,771,5974,542,11451,4054,1979,2075
1995,12254,774,5989,545,11480,4064,1984,2080
2000,12285,775,5997,546,11509,4074,1984,2090
2005,12316,777,6007,548,11538,4084,1985,2099
2010,12347,780,6022,551,11566,4094,1990,2104
2015,12378,784,6031,554,11594,4104,1993,2111
2020,12409,786,6040,555,11623,4114,1996,2118
2025,12440,788,6051,557,11652,4124,1999,2125
2030,12471,790,6065,559,11680,4134,2005,2129
2035,12502,790,6080,559,11711,4144,2009,2135
2040,12533,790,6092,559,11742,4154,2011,2143
2045,12564,790,6106,559,11774,4164,2013,2151
2050,12595,790,6121,559,11805,4174,2018,2156
2055,12626,791,6138,560,11834,4184,2022,2162
2060,12657,793,6153,562,11864,4194,2025,2169
2065,12688,794,6168,562,11894,4204,2030,2174
2070,12719,796,6179,563,11923,4214,2033,2181
2075,12750,797,6189,563,11953,4224,2035,2189
2080,12781,799,6202,564,11981,4234,2039,2195
2085,12812,800,6218,565,12011,4244,2044,2200
2090,12843,803,6234,567,12039,4254,2051,2203
2095,12874,808,6253,571,12066,4264,2055,2209
2100,12905,811,6267,574,12093,4274,2058,2216
2105,12936,814,6280,577,12121,4284,2062,2222
2110,12967,814,6296,577,12152,4294,2066,2228
2115,12998,814,6317,577,12183,4304,2072,2232
2120,13029,814,6334,577,12214,4314,2078,2236
2125,13060,814,6354,577,12245,4324,2085,2239
2130,13091,814,6367,577,12277,4334,2091,2243
2135,13122,815,6378,577,12304,4344,2095,2249
2140,13153,819,6391,581,12333,4354,2096,2258
2145,13184,822,6408,583,12358,4364,2099,2265
2150,13215,825,6421,586,12388,4374,2102,2272
2155,13246,827,6435,587,12417,4384,2107,2277
2160,13277,830,6446,590,12447,4394,2111,2283
2165,13308,831,6464,590,12476,4404,2115,2289
2170,13339,833,6481,591,12505,4414,2122,2292
2175,13370,837,6497,595,12533,4424,2127,2297
2180,13401,837,6513,595,12564,4434,2133,2301
2185,13432,837,6531,595,12595,4444,2140,2304
2190,13463,837,6546,595,12626,4454,2144,2310
2195,13494,837,6560,595,12657,4464,2146,2318
2200,13525,837,6577,595,12687,4474,2149,2325
2205,13556,837,6594,595,12719,4484,2155,2329
2210,13587,837,6614,595,12749,4494,2164,2330
2215,13618,839,6626,597,12779,4504,2169,2335
2220,13649,840,6639,598,12808,4514,2173,2341
2225,13680,843,6653,600,12837,4524,2177,2347
2230,13711,844,6668,601,12867,4534,2183,2351
2235,13742,847,6677,603,12895,4544,2188,2356
2240,13773,849,6688,605,12924,4554,2190,2364
2245,13804,850,6708,606,12953,4564,2197,2367
2250,13835,852,6723,607,12982,4574,2203,2371
2255,13866,855,6734,610,13010,4584,2206,2378
2260,13897,857,6744,611,13040,4594,2208,2386
2265,13928,858,6756,612,13068,4604,2212,2392
2270,13959,861,6770,614,13097,4614,2215,2399
2275,13990,861,6784,614,13126,4624,2219,2405
2280,14021,865,6797,618,13154,4634,2225,2409
2285,14052,868,6807,620,13181,4644,2226,2418
2290,14083,871,6823,622,13210,4654,2231,2423
2295,14114,873,6838,624,13241,4664,2236,2428
2300,14145,874,6854,625,13269,4674,2243,2431
2305,14176,877,6865,628,13297,4684,2246,2438
2310,14207,880,6877,631,13325,4694,2250,2444
2315,14238,882,6890,632,13354,4704,2256,2448
2320,14269,883,6911,633,13385,4714,2259,2455
2325,14300,883,6928,633,13417,4724,2265,2459
2330,14331,883,6944,633,13447,4734,2271,2463
2335,14362,883,6955,633,13479,4744,2276,2468
2340,14393,883,6968,633,13510,4754,2280,2474
2345,14424,883,6980,633,13541,4761,2281,2480
2350,14455,883,6999,633,13572,4768,2285,2483
2355,14486,883,7013,633,13603,4775,2288,2487
2360,14517,883,7025,633,13634,4782,2289,2493
2365,14548,883,7040,633,13665,4789,2293,2496
2370,14579,883,7058,633,13696,4796,2296,2500
2375,14610,883,7076,633,13727,4803,2300,2503
2380,14641,884,7087,633,13757,4810,2302,2508
2385,14672,885,7101,634,13787,4817,2305,2512
2390,14703,886,7113,635,13817,4824,2307,2517
2395,14734,888,7130,637,13846,4831,2312,2519
2400,14765,890,7146,639,13874,4838,2317,2521
2405,14796,892,7167,641,13904,4844,2321,2523
2410,14827,894,7182,643,13933,4850,2324,2526
2415,14858,895,7195,643,13962,4856,2328,2528
2420,14889,900,7206,647,13989,4862,2331,2531
2425,14920,906,7220,652,14014,4868,2333,2535
2430,14951,909,7234,653,14042,4874,2336,2538
2435,14982,912,7250,655,14070,4880,2339,2541
2440,15013,913,7261,656,14100,4886,2340,2546
2445,15044,914,7275,656,14129,4895,2345,2550
2450,15075,915,7295,657,14156,4904,2349,2555
2455,15106,916,7308,657,14189,4913,2351,2562
2460,15137,917,7325,657,14220,4922,2356,2566
2465,15168,918,7347,658,14250,4929,2361,2568
2470,15199,919,7356,658,14280,4936,2363,2573
2475,15230,921,7372,659,14309,4943,2367,2576
2480,15261,922,7384,659,14339,4950,2370,2580
2485,15292,923,7393,659,14369,4957,2372,2585
2490,15323,925,7409,661,14397,4964,2376,2588
2495,15354,927,7425,663,14426,4971,2378,2593
2500,15385,930,7444,666,14455,4978,2383,2595
2505,15416,931,7457,666,14485,4986,2387,2599
2510,15447,932,7471,666,14513,4994,2391,2603
2515,15478,935,7484,668,14541,5002,2393,2609
2520,15509,939,7500,672,14570,5010,2397,2613
2525,15540,941,7515,674,14598,5018,2402,2616
2530,15571,942,7532,675,14629,5026,2406,2620
2535,15602,942,7550,675,14660,5034,2409,2625
2540,15633,942,7570,675,14691,5042,2412,2630
2545,15664,944,7589,677,14720,5050,2418,2632
2550,15695,946,7608,678,14749,5058,2421,2637
2555,15726,947,7623,678,14779,5066,2424,2642
2560,15757,950,7639,680,14807,5074,2428,2646
2565,15788,952,7654,682,14835,5084,2434,2650
2570,15819,955,7667,685,14863,5094,2437,2657
2575,15850,958,7686,687,14891,5104,2443,2661
2580,15881,960,7703,689,14921,5114,2449,2665
2585,15912,963,7715,691,14947,5124,2456,2668
2590,15943,963,7725,691,14980,5134,2460,2674
2595,15974,963,7742,691,15010,5144,2466,2678
2600,16005,963,7762,691,15041,5154,2471,2683
2605,16036,963,7781,691,15073,5164,2476,2688
2610,16067,963,7798,691,15101,5174,2482,2692
2615,16098,963,7813,691,15135,5184,2487,2697
2620,16129,963,7833,691,15164,5194,2492,2702
2625,16160,963,7853,691,15197,5204,2498,2706
2630,16191,963,7864,691,15228,5214,2503,2711
2635,16222,964,7881,691,15258,5224,2509,2715
2640,16253,965,7894,692,15288,5234,2514,2720
2645,16284,966,7909,693,15317,5244,2518,2726
2650,16315,968,7926,694,15347,5254,2524,2730
2655,16346,969,7941,695,15377,5264,2529,2735
2660,16377,970,7957,696,15406,5274,2535,2739
2665,16408,972,7973,697,15435,5284,2540,2744
2670,16439,974,7987,699,15465,5294,2544,2750
2675,16470,975,8003,699,15494,5304,2549,2755
2680,16501,977,8016,700,15523,5314,2553,2761
2685,16532,979,8028,701,15553,5324,2558,2766
2690,16563,983,8046,704,15579,5334,2565,2769
2695,16594,987,8058,707,15606,5344,2568,2776
2700,16625,992,8072,710,15632,5354,2573,2781
2705,16656,996,8086,712,15659,5363,2579,2784
2710,16687,999,8103,714,15688,5372,2583,2789
2715,16718,1001,8112,715,15717,5381,2587,2794
2720,16749,1003,8121,716,15746,5390,2591,2799
2725,16780,1004,8136,716,15776,5399,2596,2803
2730,16811,1006,8150,717,15804,5408,2600,2808
2735,16842,1008,8167,718,15834,5417,2603,2814
2740,16873,1010,8179,719,15861,5426,2605,2821
2745,16904,1012,8196,721,15891,5435,2610,2825
2750,16935,1014,8212,723,15920,5444,2615,2829
2755,16966,1014,8226,723,15952,5453,2621,2832
2760,16997,1014,8241,723,15982,5462,2625,2837
2765,17028,1014,8255,723,16013,5471,2629,2842
2770,17059,1014,8272,723,16043,5480,2635,2845
2775,17090,1014,8291,723,16075,5489,2642,2847
2780,17121,1014,8308,723,16106,5498,2646,2852
2785,17152,1014,8319,723,16138,5507,2651,2856
2790,17183,1014,8340,723,16168,5516,2657,2859
2795,17214,1014,8355,723,16198,5525,2660,2865
2800,17245,1014,8366,723,16229,5534,2663,2871
2805,17276,1014,8379,723,16261,5543,2663,2880
2810,17307,1014,8390,723,16293,5553,2667,2886
2815,17338,1015,8409,723,16322,5563,2675,2888
2820,17369,1016,8419,723,16352,5573,2679,2894
2825,17400,1018,8429,725,16381,5583,2683,2900
2830,17431,1019,8444,725,16412,5593,2689,2904
2835,17462,1020,8458,725,16442,5603,2696,2907
2840,17493,1021,8475,726,16471,5613,2702,2911
2845,17524,1023,8489,727,16500,5623,2707,2916
2850,17555,1025,8503,728,16530,5633,2713,2920
2855,17586,1028,8522,729,16557,5643,2720,2923
2860,17617,1031,8537,731,16586,5653,2726,2927
2865,17648,1033,8550,731,16615,5663,2730,2933
2870,17679,1036,8568,734,16642,5673,2735,2938
2875,17710,1039,8580,737,16670,5683,2736,2947
2880,17741,1044,8594,741,16697,5693,2740,2953
2885,17772,1049,8607,745,16723,5700,2743,2957
2890,17803,1053,8620,749,16750,5707,2746,2961
2895,17834,1057,8634,752,16777,5714,2749,2965
2900,17865,1058,8652,752,16807,5721,2755,2966
2905,17896,1060,8669,753,16836,5728,2758,2970
2910,17927,1061,8683,754,16865,5735,2761,2974
2915,17958,1063,8700,755,16894,5742,2763,2979
2920,17989,1064,8719,756,16924,5749,2768,2981
2925,18020,1065,8737,757,16954,5756,2770,2986
2930,18051,1067,8756,758,16984,5763,2774,2989
2935,18082,1069,8772,760,17012,5770,2777,2993
2940,18113,1070,8784,760,17042,5777,2780,2997
2945,18144,1071,8799,760,17073,5783,2784,2999
2950,18175,1072,8811,761,17103,5789,2786,3003
2955,18206,1073,8830,761,17133,5795,2789,3006
2960,18237,1075,8846,763,17162,5801,2792,3009
2965,18268,1076,8861,764,17192,5807,2795,3012
2970,18299,1077,8874,765,17222,5813,2797,3016
2975,18330,1079,8889,767,17251,5819,2799,3020
2980,18361,1079,8905,767,17282,5825,2802,3023
2985,18392,1079,8925,767,17312,5834,2807,3027
2990,18423,1079,8945,767,17344,5843,2811,3032
2995,18454,1079,8963,767,17375,5852,2816,3036
3000,18485,1079,8976,767,17406,5861,2819,3042
3005,18516,1080,8990,768,17436,5868,2824,3044
3010,18547,1081,9002,768,17465,5875,2826,3049
3015,18578,1083,9022,770,17494,5882,2830,3052
3020,18609,1085,9036,772,17523,5889,2833,3056
3025,18640,1087,9047,773,17552,5896,2835,3061
3030,18671,1089,9067,774,17581,5903,2839,3064
3035,18702,1091,9079,776,17610,5910,2840,3070
3040,18733,1093,9097,777,17639,5917,2844,3073
3045,18764,1095,9113,778,17669,5925,2848,3077
3050,18795,1097,9126,779,17696,5933,2850,3083
3055,18826,1100,9140,782,17725,5941,2852,3089
3060,18857,1103,9158,784,17753,5949,2858,3091
3065,18888,1103,9178,784,17784,5956,2862,3094
3070,18919,1103,9192,784,17815,5963,2866,3097
3075,18950,1103,9208,784,17847,5970,2869,3101
3080,18981,1103,9223,784,17877,5977,2872,3105
3085,19012,1103,9232,784,17909,5984,2876,3108
3090,19043,1104,9248,785,17939,5991,2880,3111
3095,19074,1106,9261,786,17967,5998,2883,3115
3100,19105,1108,9280,788,17996,6005,2887,3118
3105,19136,1110,9298,790,18025,6014,2892,3122
3110,19167,1112,9310,791,18055,6023,2895,3128
3115,19198,1114,9329,792,18084,6032,2901,3131
3120,19229,1116,9342,794,18112,6041,2907,3134
3125,19260,1118,9356,796,18142,6050,2912,3138
3130,19291,1119,9369,796,18171,6059,2917,3142
3135,19322,1120,9382,796,18202,6068,2921,3147
3140,19353,1122,9399,797,18231,6077,2927,3150
3145,19384,1124,9415,799,18260,6086,2932,3154
3150,19415,1126,9429,800,18289,6095,2935,3160
3155,19446,1129,9445,802,18317,6104,2938,3166
3160,19477,1129,9460,802,18348,6113,2943,3170
3165,19508,1130,9475,803,18378,6122,2949,3173
3170,19539,1132,9491,804,18406,6132,2956,3176
3175,19570,1134,9507,806,18434,6142,2960,3182
3180,19601,1137,9523,809,18462,6152,2964,3188
3185,19632,1138,9535,809,18493,6162,2969,3193
3190,19663,1140,9550,810,18522,6172,2971,3201
3195,19694,1142,9566,811,18551,6182,2975,3207
3200,19725,1144,9579,813,18581,6192,2981,3211
3205,19756,1145,9600,814,18611,6202,2989,3213
3210,19787,1146,9614,815,18641,6212,2994,3218
3215,19818,1147,9631,815,18670,6222,2999,3223
3220,19849,1148,9646,815,18701,6232,3004,3228
3225,19880,1149,9663,816,18731,6242,3009,3233
3230,19911,1150,9677,816,18760,6252,3013,3239
3235,19942,1151,9692,816,18789,6262,3016,3246
3240,19973,1153,9703,817,18819,6272,3020,3252
3245,20004,1154,9716,818,18849,6281,3024,3257
3250,20035,1156,9732,820,18877,6290,3027,3263
3255,20066,1158,9750,821,18907,6299,3034,3265
3260,20097,1161,9768,824,18934,6308,3039,3269
3265,20128,1164,9777,827,18964,6317,3040,3277
3270,20159,1166,9792,829,18992,6326,3042,3284
3275,20190,1168,9803,830,19021,6335,3045,3290
3280,20221,1170,9821,831,19050,6344,3049,3295
3285,20252,1171,9833,831,19080,6353,3051,3302
3290,20283,1173,9845,832,19109,6362,3053,3309
3295,20314,1175,9856,833,19138,6371,3057,3314
3300,20345,1176,9870,833,19169,6380,3062,3318
3305,20376,1178,9885,834,19197,6389,3066,3323
3310,20407,1180,9901,835,19227,6398,3070,3328
3315,20438,1182,9916,836,19256,6407,3075,3332
3320,20469,1183,9932,837,19286,6416,3080,3336
3325,20500,1185,9947,839,19314,6425,3085,3340
3330,20531,1187,9963,840,19343,6434,3092,3342
3335,20562,1187,9975,840,19375,6443,3098,3345
3340,20593,1187,9988,840,19405,6452,3100,3352
3345,20624,1187,10012,840,19435,6462,3108,3354
3350,20655,1187,10026,840,19467,6472,3112,3360
3355,20686,1187,10041,840,19499,6482,3116,3366
3360,20717,1187,10052,840,19529,6492,3121,3371
3365,20748,1187,10068,840,19561,6501,3127,3374
3370,20779,1188,10080,840,19591,6510,3133,3377
3375,20810,1190,10096,842,19620,6519,3138,3381
3380,20841,1192,10113,844,19649,6528,3142,3386
3385,20872,1194,10130,846,19678,6537,3147,3390
3390,20903,1195,10145,846,19708,6546,3151,3395
3395,20934,1197,10161,848,19737,6555,3154,3401
3400,20965,1198,10170,848,19767,6564,3157,3407
3405,20996,1200,10187,850,19796,6573,3159,3414
3410,21027,1201,10197,851,19826,6582,3164,3418
3415,21058,1202,10212,851,19856,6591,3170,3421
3420,21089,1203,10228,851,19885,6600,3174,3426
3425,21120,1205,10240,853,19915,6607,3177,3430
3430,21151,1206,10256,854,19945,6614,3180,3434
3435,21182,1209,10268,856,19973,6621,3184,3437
3440,21213,1212,10282,858,20001,6628,3188,3440
3445,21244,1218,10301,863,20026,6635,3192,3443
3450,21275,1222,10316,867,20053,6642,3197,3445
3455,21306,1226,10330,869,20080,6649,3200,3449
3460,21337,1228,10342,870,20108,6656,3203,3453
3465,21368,1229,10356,870,20138,6664,3205,3459
3470,21399,1230,10374,870,20168,6672,3208,3464
3475,21430,1231,10386,871,20199,6680,3212,3468
3480,21461,1233,10404,873,20227,6688,3217,3471
3485,21492,1234,10423,873,20257,6694,3220,3474
3490,21523,1235,10433,873,20288,6700,3221,3479
3495,21554,1237,10449,874,20316,6706,3224,3482
3500,21585,1240,10469,876,20344,6712,3227,3485
3505,21616,1241,10488,877,20374,6718,3231,3487
3510,21647,1242,10502,878,20404,6724,3234,3490
3515,21678,1247,10517,882,20429,6730,3235,3495
3520,21709,1247,10535,882,20461,6736,3238,3498
3525,21740,1247,10547,882,20492,6743,3239,3504
3530,21771,1247,10562,882,20523,6751,3241,3510
3535,21802,1247,10573,882,20555,6759,3244,3515
3540,21833,1247,10588,882,20585,6767,3248,3519
3545,21864,1247,10608,882,20616,6774,3253,3521
3550,21895,1247,10626,882,20647,6781,3258,3523
3555,21926,1247,10641,882,20679,6788,3260,3528
3560,21957,1247,10659,882,20709,6795,3264,3531
3565,21988,1249,10673,884,20739,6802,3267,3535
3570,22019,1250,10686,884,20768,6809,3271,3538
3575,22050,1251,10699,885,20798,6816,3273,3543
3580,22081,1252,10712,886,20827,6823,3274,3549
3585,22112,1255,10726,889,20856,6832,3276,3556
3590,22143,1257,10739,890,20885,6841,3279,3562
3595,22174,1259,10750,891,20915,6850,3283,3567
3600,22205,1260,10764,892,20943,6859,3285,3574
3605,22236,1263,10777,895,20973,6867,3290,3577
3610,22267,1264,10789,895,21002,6875,3292,3583
3615,22298,1268,10803,898,21029,6883,3296,3587
3620,22329,1270,10818,899,21058,6891,3300,3591
3625,22360,1273,10829,902,21087,6899,3305,3594
3630,22391,1274,10847,902,21117,6907,3310,3597
3635,22422,1275,10864,902,21147,6915,3314,3601
3640,22453,1276,10879,902,21177,6923,3319,3604
3645,22484,1277,10890,902,21207,6932,3323,3609
3650,22515,1278,10904,903,21237,6941,3326,3615
3655,22546,1280,10920,904,21266,6950,3330,3620
3660,22577,1283,10935,907,21294,6959,3334,3625
3665,22608,1284,10951,908,21323,6968,3339,3629
3670,22639,1286,10968,909,21352,6977,3345,3632
3675,22670,1289,10983,911,21380,6986,3348,3638
3680,22701,1292,10998,914,21409,6995,3353,3642
3685,22732,1293,11011,915,21438,7004,3355,3649
3690,22763,1295,11026,917,21468,7013,3360,3653
3695,22794,1297,11042,919,21497,7022,3364,3658
3700,22825,1299,11057,921,21526,7031,3369,3662
3705,22856,1300,11074,922,21556,7041,3373,3668
3710,22887,1303,11093,925,21584,7051,3379,3672
3715,22918,1303,11108,925,21615,7061,3385,3676
3720,22949,1303,11126,925,21645,7071,3392,3679
3725,22980,1303,11140,925,21676,7080,3395,3685
3730,23011,1304,11157,926,21705,7089,3399,3690
3735,23042,1306,11173,928,21735,7098,3402,3696
3740,23073,1307,11187,928,21764,7107,3407,3700
3745,23104,1309,11202,930,21793,7116,3412,3704
3750,23135,1311,11217,932,21823,7125,3419,3706
3755,23166,1312,11233,932,21852,7134,3424,3710
3760,23197,1314,11241,933,21883,7143,3426,3717
3765,23228,1315,11258,933,21912,7152,3432,3720
3770,23259,1317,11267,934,21940,7161,3433,3728
3775,23290,1319,11288,936,21970,7170,3438,3732
3780,23321,1321,11300,938,21999,7179,3441,3738
3785,23352,1323,11316,940,22028,7187,3446,3741
3790,23383,1325,11326,942,22058,7195,3448,3747
3795,23414,1326,11340,942,22087,7203,3451,3752
3800,23445,1329,11359,944,22114,7211,3457,3754
3805,23476,1332,11371,946,22143,7219,3461,3758
3810,23507,1335,11388,949,22172,7227,3465,3762
3815,23538,1335,11404,949,22203,7235,3469,3766
3820,23569,1337,11421,950,22232,7243,3472,3771
3825,23600,1339,11436,951,22261,7252,3476,3776
3830,23631,1340,11450,951,22291,7261,3481,3780
3835,23662,1341,11464,952,22321,7270,3486,3784
3840,23693,1343,11477,953,22349,7279,3488,3791
3845,23724,1345,11493,955,22378,7286,3494,3792
3850,23755,1346,11503,956,22407,7293,3497,3796
3855,23786,1347,11512,957,22438,7300,3500,3800
3860,23817,1349,11529,958,22464,7307,3502,3805
3865,23848,1351,11547,960,22495,7314,3504,3810
3870,23879,1353,11566,961,22525,7321,3508,3813
3875,23910,1356,11584,963,22554,7328,3511,3817
3880,23941,1358,11600,964,22583,7335,3516,3819
3885,23972,1360,11612,965,22612,7342,3519,3823
3890,24003,1362,11632,967,22641,7350,3526,3824
3895,24034,1362,11648,967,22671,7358,3530,3828
3900,24065,1362,11662,967,22702,7366,3532,3834
3905,24096,1362,11675,967,22734,7374,3533,3841
3910,24127,1362,11687,967,22765,7382,3535,3847
3915,24158,1362,11698,967,22796,7390,3538,3852
3920,24189,1362,11710,967,22827,7398,3540,3858
3925,24220,1363,11725,968,22857,7406,3541,3865
3930,24251,1364,11738,968,22887,7414,3542,3872
3935,24282,1365,11751,968,22917,7422,3546,3876
3940,24313,1367,11767,969,22946,7430,3552,3878
3945,24344,1369,11785,970,22975,7440,3558,3882
3950,24375,1370,11801,970,23004,7450,3564,3886
3955,24406,1372,11818,972,23033,7460,3569,3891
3960,24437,1375,11828,975,23062,7470,3572,3898
3965,24468,1377,11842,977,23091,7479,3575,3904
3970,24499,1378,11857,978,23120,7488,3579,3909
3975,24530,1380,11874,980,23149,7497,3585,3912
3980,24561,1384,11892,983,23174,7506,3591,3915
3985,24592,1389,11903,987,23202,7515,3594,3921
3990,24623,1389,11916,987,23233,7524,3596,3928
3995,24654,1389,11929,987,23264,7533,3600,3933
4000,24685,1390,11938,987,23294,7542,3604,3938
4005,24716,1392,11957,988,23322,7551,3611,3940
4010,24747,1394,11972,989,23351,7560,3614,3946
4015,24778,1396,11987,991,23380,7569,3620,3949
4020,24809,1398,12005,992,23410,7578,3626,3952
4025,24840,1399,12022,993,23440,7585,3630,3955
4030,24871,1400,12039,994,23470,7592,3634,3958
4035,24902,1401,12049,994,23500,7599,3637,3962
4040,24933,1403,12063,996,23530,7606,3640,3966
4045,24964,1405,12077,997,23559,7613,3645,3968
4050,24995,1408,12087,999,23587,7620,3646,3974
4055,25026,1410,12095,1000,23615,7627,3647,3980
4060,25057,1413,12111,1003,23643,7634,3649,3985
4065,25088,1415,12124,1005,23673,7642,3651,3991
4070,25119,1415,12142,1005,23703,7650,3655,3995
4075,25150,1415,12155,1005,23735,7658,3659,3999
4080,25181,1415,12173,1005,23766,7666,3662,4004
4085,25212,1415,12186,1005,23796,7673,3664,4009
4090,25243,1415,12201,1005,23828,7680,3667,4013
4095,25274,1416,12215,1005,23857,7687,3670,4017
4100,25305,1418,12225,1006,23887,7694,3673,4021
4105,25336,1420,12238,1008,23915,7701,3676,4025
4110,25367,1422,12253,1009,23944,7708,3679,4029
4115,25398,1424,12263,1010,23974,7715,3680,4035
4120,25429,1426,12278,1012,24002,7722,3682,4040
4125,25460,1429,12288,1014,24031,7731,3686,4045
4130,25491,1430,12302,1014,24060,7740,3692,4048
4135,25522,1434,12315,1017,24088,7749,3697,4052
4140,25553,1437,12330,1020,24115,7758,3702,4056
4145,25584,1438,12343,1021,24146,7765,3703,4062
4150,25615,1438,12360,1021,24177,7772,3707,4065
4155,25646,1438,12376,1021,24208,7779,3712,4067
4160,25677,1438,12394,1021,24239,7786,3716,4070
4165,25708,1438,12414,1021,24269,7793,3718,4075
4170,25739,1438,12427,1021,24301,7800,3723,4077
4175,25770,1439,12439,1021,24330,7807,3724,4083
4180,25801,1440,12456,1021,24361,7814,3728,4086
4185,25832,1441,12473,1022,24390,7822,3731,4091
4190,25863,1442,12488,1023,24421,7830,3735,4095
4195,25894,1443,12498,1023,24450,7838,3737,4101
4200,25925,1445,12514,1024,24479,7846,3741,4105
4205,25956,1447,12529,1026,24507,7854,3744,4110
4210,25987,1448,12543,1027,24538,7862,3746,4116
4215,26018,1449,12561,1028,24568,7870,3749,4121
4220,26049,1451,12578,1029,24597,7878,3754,4124
4225,26080,1453,12592,1030,24626,7886,3758,4128
4230,26111,1456,12606,1032,24654,7894,3762,4132
4235,26142,1458,12616,1034,24684,7902,3765,4137
4240,26173,1460,12627,1036,24713,7910,3767,4143
4245,26204,1465,12648,1041,24737,7919,3772,4147
4250,26235,1468,12666,1044,24766,7929,3778,4151
4255,26266,1469,12684,1045,24794,7939,3782,4157
4260,26297,1471,12700,1047,24824,7949,3786,4163
4265,26328,1473,12714,1049,24854,7959,3791,4168
4270,26359,1475,12731,1051,24883,7969,3798,4171
4275,26390,1477,12742,1053,24913,7979,3803,4176
4280,26421,1478,12761,1054,24942,7989,3809,4180
4285,26452,1480,12776,1056,24971,7999,3815,4184
4290,26483,1482,12791,1057,25001,8009,3818,4191
4295,26514,1483,12808,1058,25030,8019,3825,4194
4300,26545,1485,12824,1059,25059,8029,3831,4198
4305,26576,1487,12836,1061,25089,8039,3833,4206
4310,26607,1488,12852,1061,25118,8049,3840,4209
4315,26638,1490,12867,1063,25147,8059,3845,4214
4320,26669,1493,12881,1066,25175,8069,3849,4220
4325,26700,1495,12898,1067,25204,8078,3855,4223
4330,26731,1496,12912,1068,25235,8087,3861,4226
4335,26762,1496,12929,1068,25266,8096,3867,4229
4340,26793,1496,12946,1068,25297,8105,3869,4236
4345,26824,1496,12962,1068,25328,8114,3874,4240
4350,26855,1496,12987,1068,25357,8123,3882,4241
4355,26886,1496,13000,1068,25390,8132,3885,4247
4360,26917,1496,13013,1068,25420,8141,3890,4251
4365,26948,1498,13029,1070,25446,8150,3893,4257
4370,26979,1499,13046,1071,25478,8159,3899,4260
4375,27010,1500,13062,1072,25507,8168,3905,4263
4380,27041,1501,13079,1072,25539,8177,3910,4267
4385,27072,1503,13099,1073,25569,8185,3916,4269
4390,27103,1504,13115,1074,25599,8193,3920,4273
4395,27134,1506,13133,1076,25628,8201,3925,4276
4400,27165,1508,13150,1077,25657,8209,3926,4283
4405,27196,1509,13162,1077,25687,8217,3928,4289
4410,27227,1511,13175,1078,25716,8225,3931,4294
4415,27258,1514,13195,1081,25744,8233,3935,4298
4420,27289,1517,13213,1083,25772,8241,3940,4301
4425,27320,1519,13229,1084,25801,8250,3943,4307
4430,27351,1521,13239,1085,25830,8259,3945,4314
4435,27382,1524,13257,1086,25858,8268,3952,4316
4440,27413,1525,13269,1086,25888,8277,3956,4321
4445,27444,1526,13280,1086,25918,8286,3962,4324
4450,27475,1527,13291,1087,25948,8295,3965,4330
4455,27506,1528,13305,1087,25978,8304,3971,4333
4460,27537,1530,13318,1089,26007,8313,3974,4339
4465,27568,1532,13333,1091,26036,8322,3979,4343
4470,27599,1534,13345,1092,26065,8331,3983,4348
4475,27630,1535,13355,1092,26095,8340,3985,4355
4480,27661,1536,13367,1092,26125,8349,3989,4360
4485,27692,1540,13384,1096,26150,8358,3993,4365
4490,27723,1542,13395,1098,26180,8368,3997,4371
4495,27754,1547,13406,1102,26204,8378,4000,4378
4500,27785,1550,13427,1104,26232,8388,4010,4378
4505,27816,1550,13436,1104,26263,8395,4011,4384
4510,27847,1550,13451,1104,26294,8402,4016,4386
4515,27878,1550,13465,1104,26325,8409,4020,4389
4520,27909,1550,13484,1104,26358,8416,4024,4392
4525,27940,1550,13500,1104,26389,8423,4026,4397
4530,27971,1550,13515,1104,26421,8430,4029,4401
4535,28002,1550,13528,1104,26451,8437,4032,4405
4540,28033,1550,13542,1104,26482,8444,4036,4408
4545,28064,1551,13559,1104,26512,8451,4040,4411
4550,28095,1552,13570,1104,26542,8458,4044,4414
4555,28126,1554,13580,1105,26572,8465,4047,4418
4560,28157,1556,13595,1106,26601,8472,4049,4423
4565,28188,1557,13610,1107,26631,8478,4049,4429
4570,28219,1559,13626,1109,26660,8484,4051,4433
4575,28250,1561,13643,1110,26689,8490,4052,4438
4580,28281,1562,13655,1111,26719,8496,4054,4442
4585,28312,1564,13673,1113,26748,8502,4059,4443
4590,28343,1565,13680,1113,26778,8508,4059,4449
4595,28374,1566,13693,1113,26808,8514,4063,4451
4600,28405,1567,13705,1113,26838,8520,4067,4453
4605,28436,1569,13719,1115,26867,8529,4072,4457
4610,28467,1573,13736,1118,26893,8538,4079,4459
4615,28498,1577,13751,1122,26921,8547,4085,4462
4620,28529,1583,13770,1126,26944,8556,4088,4468
4625,28560,1588,13784,1130,26971,8563,4090,4473
4630,28591,1591,13796,1132,26997,8570,4091,4479
4635,28622,1597,13815,1137,27024,8577,4095,4482
4640,28653,1597,13824,1137,27056,8584,4098,4486
4645,28684,1597,13837,1137,27087,8591,4102,4489
4650,28715,1597,13853,1137,27118,8598,4103,4495
4655,28746,1597,13872,1137,27148,8605,4108,4497
4660,28777,1597,13887,1137,27177,8612,4113,4499
4665,28808,1597,13902,1137,27206,8620,4115,4505
4670,28839,1597,13915,1137,27240,8628,4118,4510
4675,28870,1597,13930,1137,27271,8636,4120,4516
4680,28901,1597,13941,1137,27303,8644,4123,4521
4685,28932,1597,13956,1137,27334,8651,4127,4524
4690,28963,1597,13973,1137,27366,8658,4133,4525
4695,28994,1597,13985,1137,27397,8665,4134,4531
4700,29025,1597,13993,1137,27427,8672,4136,4536
4705,29056,1597,14006,1137,27459,8679,4138,4541
4710,29087,1597,14022,1137,27489,8686,4141,4545
4715,29118,1597,14038,1137,27520,8693,4145,4548
4720,29149,1597,14053,1137,27551,8700,4149,4551
4725,29180,1597,14069,1137,27582,8709,4156,4553
4730,29211,1599,14085,1139,27611,8718,4162,4556
4735,29242,1601,14106,1141,27640,8727,4169,4558
4740,29273,1602,14122,1141,27669,8736,4173,4563
4745,29304,1606,14136,1144,27698,8745,4176,4569
4750,29335,1608,14148,1144,27727,8754,4181,4573
4755,29366,1610,14161,1145,27756,8763,4183,4580
4760,29397,1613,14175,1147,27783,8772,4187,4585
4765,29428,1616,14189,1149,27811,8781,4192,4589
4770,29459,1620,14209,1152,27838,8790,4197,4593
4775,29490,1625,14223,1155,27865,8799,4203,4596
4780,29521,1628,14242,1156,27892,8808,4209,4599
4785,29552,1634,14260,1162,27918,8818,4213,4605
4790,29583,1639,14275,1167,27944,8828,4218,4610
4795,29614,1643,14288,1170,27970,8838,4225,4613
4800,29645,1649,14306,1175,27993,8848,4230,4618
4805,29676,1649,14326,1175,28024,8856,4235,4621
4810,29707,1649,14341,1175,28057,8864,4239,4625
4815,29738,1649,14355,1175,28089,8872,4242,4630
4820,29769,1649,14371,1175,28118,8880,4246,4634
4825,29800,1649,14392,1175,28151,8888,4251,4637
4830,29831,1649,14407,1175,28182,8896,4254,4642
4835,29862,1649,14423,1175,28213,8904,4259,4645
4840,29893,1649,14436,1175,28244,8912,4262,4650
4845,29924,1649,14453,1175,28275,8920,4267,4653
4850,29955,1649,14467,1175,28305,8928,4270,4658
4855,29986,1649,14485,1175,28337,8936,4274,4662
4860,30017,1649,14500,1175,28368,8944,4280,4664
4865,30048,1649,14517,1175,28398,8952,4284,4668
4870,30079,1649,14529,1175,28430,8960,4289,4671
4875,30110,1649,14548,1175,28460,8968,4294,4674
4880,30141,1649,14560,1175,28492,8976,4296,4680
4885,30172,1649,14571,1175,28522,8984,4298,4686
4890,30203,1649,14588,1175,28554,8992,4304,4688
4895,30234,1649,14599,1175,28584,9000,4306,4694
4900,30265,1649,14616,1175,28615,9008,4311,4697
4905,30296,1649,14629,1175,28647,9017,4314,4703
4910,30327,1651,14643,1176,28675,9027,4318,4709
4915,30358,1654,14657,1177,28703,9037,4322,4715
4920,30389,1657,14671,1179,28731,9047,4327,4720
4925,30420,1660,14688,1181,28760,9057,4332,4725
4930,30451,1665,14703,1185,28786,9067,4337,4730
4935,30482,1669,14716,1188,28813,9077,4342,4735
4940,30513,1673,14730,1191,28839,9087,4347,4740
4945,30544,1678,14747,1195,28865,9097,4351,4746
4950,30575,1681,14763,1196,28893,9107,4358,4749
4955,30606,1687,14786,1201,28919,9117,4366,4751
4960,30637,1688,14801,1201,28949,9127,4372,4755
4965,30668,1690,14819,1202,28977,9137,4377,4760
4970,30699,1691,14836,1203,29007,9147,4383,4764
4975,30730,1693,14847,1205,29036,9157,4386,4771
4980,30761,1694,14859,1206,29064,9167,4386,4781
4985,30792,1696,14879,1208,29095,9177,4392,4785
4990,30823,1698,14895,1209,29124,9187,4397,4790
4995,30854,1699,14909,1210,29155,9197,4403,4794
5000,30885,1701,14923,1212,29182,9207,4405,4802
5005,30916,1701,14938,1212,29214,9217,4407,4810
5010,30947,1701,14954,1212,29246,9227,4415,4812
5015,30978,1701,14969,1212,29277,9237,4421,4816
5020,31009,1701,14989,1212,29308,9247,4428,4819
5025,31040,1701,15003,1212,29339,9257,4433,4824
5030,31071,1701,15019,1212,29370,9267,4439,4828
5035,31102,1701,15030,1212,29401,9277,4441,4836
5040,31133,1701,15046,1212,29432,9287,4443,4844
5045,31164,1701,15058,1212,29463,9296,4446,4850
5050,31195,1701,15069,1212,29494,9305,4449,4856
5055,31226,1701,15075,1212,29525,9314,4450,4864
5060,31257,1701,15092,1212,29556,9323,4454,4869
5065,31288,1702,15112,1213,29585,9332,4459,4873
5070,31319,1704,15126,1215,29615,9341,4462,4879
5075,31350,1706,15141,1217,29643,9350,4464,4886
5080,31381,1710,15155,1220,29671,9359,4468,4891
5085,31412,1713,15170,1222,29699,9368,4475,4893
5090,31443,1714,15183,1222,29727,9377,4480,4897
5095,31474,1716,15202,1223,29755,9386,4485,4901
5100,31505,1719,15216,1226,29784,9395,4491,4904
5105,31536,1723,15229,1229,29812,9401,4493,4908
5110,31567,1725,15242,1230,29842,9407,4496,4911
5115,31598,1726,15257,1231,29870,9413,4499,4914
5120,31629,1727,15273,1232,29898,9419,4501,4918
5125,31660,1728,15284,1232,29929,9425,4502,4923
5130,31691,1729,15298,1233,29959,9431,4505,4926
5135,31722,1731,15316,1234,29989,9437,4507,4930
5140,31753,1733,15334,1235,30020,9443,4507,4936
5145,31784,1734,15351,1235,30049,9450,4512,4938
5150,31815,1735,15359,1235,30079,9457,4515,4942
5155,31846,1736,15376,1236,30109,9464,4519,4945
5160,31877,1738,15389,1238,30137,9471,4522,4949
5165,31908,1739,15406,1238,30169,9476,4525,4951
5170,31939,1741,15420,1239,30198,9481,4528,4953
5175,31970,1743,15437,1240,30227,9486,4531,4955
5180,32001,1746,15454,1243,30255,9491,4533,4958
5185,32032,1750,15467,1246,30282,9496,4535,4961
5190,32063,1753,15483,1249,30310,9501,4536,4965
5195,32094,1753,15500,1249,30341,9506,4539,4967
5200,32125,1753,15513,1249,30372,9511,4542,4969
5205,32156,1753,15529,1249,30403,9518,4547,4971
5210,32187,1753,15542,1249,30434,9526,4551,4975
5215,32218,1754,15557,1249,30463,9534,4555,4979
5220,32249,1756,15573,1251,30491,9542,4561,4981
5225,32280,1760,15592,1254,30519,9550,4567,4983
5230,32311,1763,15605,1257,30548,9558,4570,4988
5235,32342,1764,15618,1258,30577,9566,4573,4993
5240,32373,1767,15630,1261,30605,9574,4576,4998
5245,32404,1770,15647,1263,30632,9582,4582,5000
5250,32435,1775,15666,1268,30660,9590,4585,5005
5255,32466,1775,15682,1268,30691,9598,4589,5009
5260,32497,1775,15702,1268,30722,9606,4594,5012
5265,32528,1775,15722,1268,30752,9616,4600,5016
5270,32559,1775,15741,1268,30783,9626,4606,5020
5275,32590,1775,15748,1268,30815,9636,4608,5028
5280,32621,1775,15761,1268,30845,9646,4610,5036
5285,32652,1775,15774,1268,30877,9654,4615,5039
5290,32683,1775,15787,1268,30907,9662,4619,5043
5295,32714,1775,15798,1268,30939,9670,4623,5047
5300,32745,1776,15814,1269,30968,9678,4629,5049
5305,32776,1777,15829,1270,30998,9686,4635,5051
5310,32807,1778,15846,1271,31028,9694,4637,5057
5315,32838,1779,15865,1271,31056,9702,4641,5061
5320,32869,1780,15877,1271,31087,9710,4644,5066
5325,32900,1781,15893,1272,31119,9718,4649,5069
5330,32931,1782,15905,1272,31147,9726,4652,5074
5335,32962,1784,15923,1273,31178,9734,4657,5077
5340,32993,1786,15942,1274,31206,9742,4664,5078
5345,33024,1787,15951,1275,31237,9749,4667,5082
5350,33055,1789,15969,1276,31265,9756,4671,5085
5355,33086,1791,15983,1277,31295,9763,4674,5089
5360,33117,1794,16000,1280,31322,9770,4675,5095
5365,33148,1798,16016,1283,31349,9777,4678,5099
5370,33179,1802,16026,1285,31377,9784,4682,5102
5375,33210,1804,16041,1285,31406,9791,4686,5105
5380,33241,1808,16058,1288,31431,9798,4688,5110
5385,33272,1811,16068,1291,31460,9807,4690,5117
5390,33303,1815,16086,1295,31487,9816,4696,5120
5395,33334,1820,16102,1298,31513,9825,4700,5125
5400,33365,1823,16118,1300,31540,9834,4704,5130
5405,33396,1827,16133,1303,31568,9843,4707,5136
5410,33427,1830,16152,1305,31597,9852,4713,5139
5415,33458,1831,16168,1305,31626,9861,4717,5144
5420,33489,1834,16192,1308,31655,9870,4725,5145
5425,33520,1834,16208,1308,31686,9879,4729,5150
5430,33551,1834,16223,1308,31717,9888,4733,5155
5435,33582,1834,16236,1308,31748,9897,4738,5159
5440,33613,1834,16255,1308,31779,9906,4745,5161
5445,33644,1834,16268,1308,31809,9916,4750,5166
5450,33675,1834,16283,1308,31840,9926,4754,5172
5455,33706,1834,16299,1308,31871,9936,4759,5177
5460,33737,1834,16314,1308,31902,9946,4761,5185
5465,33768,1834,16329,1308,31933,9956,4765,5191
5470,33799,1834,16343,1308,31965,9966,4771,5195
5475,33830,1834,16359,1308,31996,9976,4777,5199
5480,33861,1834,16379,1308,32027,9986,4785,5201
5485,33892,1834,16392,1308,32058,9996,4786,5210
5490,33923,1834,16407,1308,32089,10006,4790,5216
5495,33954,1834,16423,1308,32120,10016,4796,5220
5500,33985,1834,16438,1308,32151,10026,4798,5228
5505,34016,1836,16456,1310,32180,10036,4802,5234
5510,34047,1837,16464,1310,32210,10046,4805,5241
5515,34078,1839,16479,1312,32239,10056,4810,5246
5520,34109,1841,16497,1313,32267,10066,4814,5252
5525,34140,1842,16513,1313,32297,10075,4819,5256
5530,34171,1845,16531,1315,32325,10084,4824,5260
5535,34202,1850,16548,1319,32352,10093,4830,5263
5540,34233,1853,16565,1321,32379,10102,4836,5266
5545,34264,1858,16583,1326,32405,10111,4841,5270
5550,34295,1862,16596,1329,32433,10120,4845,5275
5555,34326,1866,16609,1332,32460,10129,4846,5283
5560,34357,1869,16626,1334,32488,10138,4853,5285
5565,34388,1873,16642,1336,32513,10147,4857,5290
5570,34419,1877,16657,1339,32540,10156,4859,5297
5575,34450,1880,16673,1342,32568,10165,4863,5302
5580,34481,1882,16691,1344,32598,10174,4869,5305
5585,34512,1884,16705,1346,32628,10181,4874,5307
5590,34543,1886,16722,1347,32656,10188,4876,5312
5595,34574,1886,16734,1347,32688,10195,4878,5317
5600,34605,1886,16748,1347,32718,10202,4882,5320
5605,34636,1886,16761,1347,32749,10209,4886,5323
5610,34667,1886,16780,1347,32780,10216,4890,5326
5615,34698,1886,16792,1347,32811,10223,4892,5331
5620,34729,1886,16807,1347,32842,10230,4897,5333
5625,34760,1886,16819,1347,32872,10237,4901,5336
5630,34791,1886,16834,1347,32903,10245,4906,5339
5635,34822,1886,16851,1347,32932,10253,4910,5343
5640,34853,1886,16868,1347,32966,10261,4912,5349
5645,34884,1886,16880,1347,32998,10269,4914,5355
5650,34915,1886,16894,1347,33029,10277,4919,5358
5655,34946,1886,16908,1347,33060,10285,4924,5361
5660,34977,1886,16920,1347,33091,10293,4927,5366
5665,35008,1886,16936,1347,33122,10301,4932,5369
5670,35039,1886,16952,1347,33153,10309,4937,5372
5675,35070,1886,16965,1347,33184,10317,4940,5377
5680,35101,1888,16985,1349,33213,10325,4946,5379
5685,35132,1890,16994,1350,33242,10335,4949,5386
5690,35163,1892,17013,1351,33271,10345,4954,5391
5695,35194,1894,17029,1352,33299,10355,4959,5396
5700,35225,1897,17043,1355,33328,10365,4963,5402
5705,35256,1901,17061,1359,33353,10373,4967,5406
5710,35287,1906,17073,1363,33380,10381,4969,5412
5715,35318,1910,17088,1366,33406,10389,4974,5415
5720,35349,1914,17098,1369,33435,10397,4977,5420
5725,35380,1918,17114,1371,33462,10405,4982,5423
5730,35411,1922,17131,1375,33488,10413,4986,5427
5735,35442,1927,17145,1379,33514,10421,4990,5431
5740,35473,1932,17160,1382,33540,10429,4995,5434
5745,35504,1935,17177,1385,33566,10437,4999,5438
5750,35535,1935,17193,1385,33598,10445,5002,5443
5755,35566,1935,17207,1385,33628,10453,5006,5447
5760,35597,1935,17224,1385,33661,10461,5011,5450
5765,35628,1935,17238,1385,33693,10468,5016,5452
5770,35659,1935,17251,1385,33724,10475,5019,5456
5775,35690,1935,17264,1385,33755,10482,5020,5462
5780,35721,1935,17279,1385,33786,10489,5024,5465
5785,35752,1935,17297,1385,33817,10496,5029,5467
5790,35783,1935,17312,1385,33847,10503,5034,5469
5795,35814,1935,17327,1385,33878,10510,5037,5473
5800,35845,1935,17341,1385,33910,10517,5040,5477
5805,35876,1935,17360,1385,33940,10526,5044,5482
5810,35907,1935,17376,1385,33972,10535,5049,5486
5815,35938,1935,17390,1385,34002,10544,5053,5491
5820,35969,1935,17410,1385,34033,10553,5059,5494
5825,36000,1935,17427,1385,34065,10560,5064,5496
5830,36031,1935,17440,1385,34096,10567,5067,5500
5835,36062,1935,17457,1385,34127,10574,5071,5503
5840,36093,1935,17476,1385,34157,10581,5075,5506
5845,36124,1935,17493,1385,34188,10588,5080,5508
5850,36155,1939,17511,1388,34216,10595,5084,5511
5855,36186,1943,17520,1390,34243,10602,5085,5517
5860,36217,1946,17536,1391,34270,10609,5089,5520
5865,36248,1951,17553,1396,34297,10617,5093,5524
5870,36279,1953,17573,1397,34322,10625,5099,5526
5875,36310,1956,17589,1400,34353,10633,5103,5530
5880,36341,1958,17600,1400,34383,10641,5108,5533
5885,36372,1960,17614,1400,34410,10648,5110,5538
5890,36403,1963,17630,1403,34440,10655,5115,5540
5895,36434,1967,17647,1406,34467,10662,5119,5543
5900,36465,1969,17658,1407,34493,10669,5120,5549
5905,36496,1972,17671,1409,34522,10676,5122,5554
5910,36527,1976,17687,1412,34551,10683,5125,5558
5915,36558,1977,17700,1413,34581,10690,5127,5563
5920,36589,1979,17713,1414,34610,10697,5130,5567
5925,36620,1980,17728,1415,34640,10705,5132,5573
5930,36651,1981,17740,1416,34670,10714,5134,5580
5935,36682,1982,17753,1416,34700,10723,5138,5585
5940,36713,1986,17769,1420,34727,10732,5144,5588
5945,36744,1989,17782,1422,34755,10741,5147,5594
5950,36775,1992,17797,1425,34783,10750,5152,5598
5955,36806,1994,17815,1426,34812,10759,5159,5600
5960,36837,1995,17826,1426,34842,10768,5163,5605
5965,36868,1997,17840,1427,34871,10777,5168,5609
5970,36899,1997,17855,1427,34902,10786,5171,5615
5975,36930,1997,17869,1427,34933,10795,5175,5620
5980,36961,1997,17883,1427,34964,10804,5179,5625
5985,36992,1997,17895,1427,34995,10814,5182,5632
5990,37023,1997,17909,1427,35026,10824,5189,5635
5995,37054,1997,17926,1427,35057,10834,5192,5642
6000,37085,1997,17944,1427,35087,10844,5198,5646
6005,37116,1997,17959,1427,35119,10854,5201,5653
6010,37147,1997,17971,1427,35149,10864,5205,5659
6015,37178,1997,17983,1427,35180,10874,5208,5666
6020,37209,1998,17993,1428,35209,10884,5210,5674
6025,37240,2002,18007,1431,35235,10894,5212,5682
6030,37271,2007,18022,1435,35262,10904,5217,5687
6035,37302,2009,18039,1437,35291,10914,5223,5691
6040,37333,2010,18056,1438,35323,10924,5228,5696
6045,37364,2011,18078,1439,35350,10934,5233,5701
6050,37395,2013,18093,1441,35379,10944,5238,5706
6055,37426,2014,18109,1442,35411,10954,5242,5712
6060,37457,2015,18126,1443,35442,10964,5248,5716
6065,37488,2016,18136,1444,35471,10973,5252,5721
6070,37519,2018,18143,1445,35501,10982,5254,5728
6075,37550,2020,18161,1446,35528,10991,5260,5731
6080,37581,2024,18179,1450,35555,11000,5264,5736
6085,37612,2028,18194,1453,35584,11009,5267,5742
6090,37643,2030,18207,1454,35613,11018,5271,5747
6095,37674,2033,18223,1455,35640,11027,5276,5751
6100,37705,2035,18236,1456,35670,11036,5281,5755
6105,37736,2038,18253,1458,35697,11045,5285,5760
6110,37767,2040,18268,1459,35727,11054,5289,5765
6115,37798,2043,18284,1462,35755,11063,5295,5768
6120,37829,2047,18299,1465,35781,11072,5298,5774
6125,37860,2049,18314,1467,35811,11079,5301,5778
6130,37891,2049,18328,1467,35842,11086,5306,5780
6135,37922,2049,18343,1467,35873,11093,5311,5782
6140,37953,2049,18357,1467,35903,11100,5312,5788
6145,37984,2049,18372,1467,35935,11107,5315,5792
6150,38015,2049,18389,1467,35965,11114,5318,5796
6155,38046,2049,18409,1467,35996,11121,5323,5798
6160,38077,2049,18424,1467,36028,11128,5326,5802
6165,38108,2049,18441,1467,36058,11136,5329,5807
6170,38139,2049,18457,1467,36090,11144,5333,5811
6175,38170,2049,18474,1467,36119,11152,5338,5814
6180,38201,2049,18486,1467,36150,11160,5340,5820
6185,38232,2049,18499,1467,36183,11168,5344,5824
6190,38263,2049,18516,1467,36213,11176,5347,5829
6195,38294,2049,18528,1467,36244,11184,5351,5833
6200,38325,2049,18544,1467,36275,11192,5355,5837
6205,38356,2051,18558,1468,36305,11200,5360,5840
6210,38387,2052,18573,1469,36335,11208,5365,5843
6215,38418,2053,18587,1470,36365,11216,5370,5846
6220,38449,2054,18605,1470,36394,11224,5375,5849
6225,38480,2056,18613,1472,36424,11234,5378,5856
6230,38511,2058,18625,1472,36453,11244,5382,5862
6235,38542,2060,18639,1473,36481,11254,5388,5866
6240,38573,2064,18655,1476,36509,11264,5393,5871
6245,38604,2066,18670,1477,36537,11272,5397,5875
6250,38635,2069,18683,1478,36566,11280,5401,5879
6255,38666,2072,18697,1479,36594,11288,5406,5882
6260,38697,2075,18710,1480,36619,11296,5408,5888
6265,38728,2082,18725,1485,36644,11304,5410,5894
6270,38759,2088,18745,1490,36669,11312,5416,5896
6275,38790,2092,18759,1493,36698,11320,5421,5899
6280,38821,2096,18771,1496,36724,11328,5422,5906
6285,38852,2101,18789,1500,36749,11336,5427,5909
6290,38883,2104,18809,1503,36779,11344,5433,5911
6295,38914,2106,18823,1505,36807,11352,5437,5915
6300,38945,2109,18840,1508,36834,11360,5442,5918
6305,38976,2109,18856,1508,36866,11367,5445,5922
6310,39007,2109,18871,1508,36898,11374,5448,5926
6315,39038,2109,18889,1508,36928,11381,5452,5929
6320,39069,2109,18904,1508,36958,11388,5455,5933
6325,39100,2109,18920,1508,36991,11395,5458,5937
6330,39131,2109,18933,1508,37022,11402,5461,5941
6335,39162,2109,18949,1508,37051,11409,5465,5944
6340,39193,2109,18966,1508,37084,11416,5469,5947
6345,39224,2109,18984,1508,37114,11424,5475,5949
6350,39255,2109,18996,1508,37146,11433,5479,5954
6355,39286,2109,19011,1508,37176,11442,5483,5959
6360,39317,2109,19029,1508,37206,11451,5490,5961
6365,39348,2109,19049,1508,37238,11458,5494,5964
6370,39379,2109,19067,1508,37270,11465,5499,5966
6375,39410,2109,19081,1508,37301,11472,5502,5970
6380,39441,2109,19095,1508,37332,11479,5507,5972
6385,39472,2109,19110,1508,37362,11486,5510,5976
6390,39503,2109,19128,1508,37393,11493,5516,5977
6395,39534,2111,19147,1509,37423,11500,5520,5980
6400,39565,2113,19163,1510,37451,11507,5524,5983
6405,39596,2114,19174,1510,37481,11515,5526,5989
6410,39627,2116,19192,1512,37509,11523,5530,5993
6415,39658,2120,19208,1515,37535,11531,5534,5997
6420,39689,2126,19224,1520,37560,11539,5536,6003
6425,39720,2131,19239,1525,37589,11545,5539,6006
6430,39751,2135,19255,1527,37615,11551,5544,6007
6435,39782,2139,19266,1530,37641,11557,5545,6012
6440,39813,2141,19279,1530,37669,11563,5548,6015
6445,39844,2145,19298,1534,37699,11569,5551,6018
6450,39875,2148,19309,1535,37727,11575,5553,6022
6455,39906,2152,19325,1537,37754,11581,5558,6023
6460,39937,2153,19336,1537,37784,11587,5560,6027
6465,39968,2155,19347,1538,37813,11595,5562,6033
6470,39999,2157,19358,1540,37842,11603,5565,6038
6475,40030,2160,19371,1542,37870,11611,5570,6041
6480,40061,2162,19395,1544,37898,11619,5576,6043
6485,40092,2162,19407,1544,37930,11627,5579,6048
6490,40123,2162,19420,1544,37961,11635,5584,6051
6495,40154,2162,19437,1544,37992,11643,5591,6052
6500,40185,2162,19451,1544,38023,11651,5595,6056
6505,40216,2162,19462,1544,38054,11659,5597,6062
6510,40247,2162,19477,1544,38085,11667,5601,6066
6515,40278,2162,19491,1544,38116,11675,5603,6072
6520,40309,2162,19506,1544,38147,11683,5605,6078
6525,40340,2162,19520,1544,38178,11692,5610,6082
6530,40371,2162,19537,1544,38209,11702,5617,6085
6535,40402,2162,19550,1544,38239,11712,5621,6091
6540,40433,2162,19561,1544,38270,11722,5624,6098
6545,40464,2162,19575,1544,38302,11732,5630,6102
6550,40495,2162,19593,1544,38332,11742,5637,6105
6555,40526,2162,19606,1544,38364,11752,5642,6110
6560,40557,2162,19615,1544,38395,11762,5646,6116
6565,40588,2163,19632,1544,38425,11772,5653,6119
6570,40619,2164,19647,1545,38453,11782,5658,6124
6575,40650,2166,19659,1547,38484,11792,5662,6130
6580,40681,2167,19670,1547,38513,11802,5666,6136
6585,40712,2168,19681,1547,38544,11812,5670,6142
6590,40743,2169,19696,1547,38572,11822,5675,6147
6595,40774,2172,19712,1548,38597,11832,5681,6151
6600,40805,2176,19729,1551,38628,11842,5689,6153
6605,40836,2178,19739,1552,38656,11852,5692,6160
6610,40867,2182,19757,1555,38685,11862,5698,6164
6615,40898,2185,19773,1558,38712,11872,5704,6168
6620,40929,2188,19790,1560,38738,11882,5710,6172
6625,40960,2192,19804,1562,38768,11892,5716,6176
6630,40991,2194,19818,1562,38795,11902,5720,6182
6635,41022,2197,19834,1564,38823,11912,5725,6187
6640,41053,2201,19855,1567,38851,11922,5733,6189
6645,41084,2206,19872,1571,38878,11932,5738,6194
6650,41115,2210,19890,1574,38905,11942,5742,6200
6655,41146,2213,19908,1576,38933,11952,5746,6206
6660,41177,2216,19926,1578,38961,11962,5753,6209
6665,41208,2219,19946,1581,38989,11970,5758,6212
6670,41239,2219,19962,1581,39020,11978,5760,6218
6675,41270,2219,19975,1581,39051,11986,5764,6222
6680,41301,2219,19990,1581,39082,11994,5769,6225
6685,41332,2219,20004,1581,39113,12002,5774,6228
6690,41363,2219,20021,1581,39143,12010,5778,6232
6695,41394,2219,20035,1581,39175,12018,5781,6237
6700,41425,2219,20046,1581,39205,12026,5785,6241
6705,41456,2219,20057,1581,39236,12034,5787,6247
6710,41487,2219,20065,1581,39268,12042,5789,6253
6715,41518,2219,20080,1581,39299,12050,5792,6258
6720,41549,2219,20095,1581,39329,12058,5796,6262
6725,41580,2219,20111,1581,39361,12066,5800,6266
6730,41611,2219,20133,1581,39392,12074,5805,6269
6735,41642,2219,20150,1581,39423,12082,5810,6272
6740,41673,2219,20162,1581,39454,12090,5810,6280
6745,41704,2219,20179,1581,39484,12098,5813,6285
6750,41735,2219,20198,1581,39514,12106,5816,6290
6755,41766,2219,20215,1581,39543,12114,5819,6295
6760,41797,2221,20226,1583,39576,12122,5823,6299
6765,41828,2223,20240,1584,39602,12132,5829,6303
6770,41859,2227,20255,1588,39631,12142,5833,6309
6775,41890,2231,20270,1592,39658,12152,5838,6314
6780,41921,2235,20285,1594,39685,12162,5842,6320
6785,41952,2237,20299,1594,39714,12171,5847,6324
6790,41983,2240,20311,1596,39743,12180,5848,6332
6795,42014,2242,20328,1597,39772,12189,5854,6335
6800,42045,2245,20340,1598,39799,12198,5856,6342
6805,42076,2247,20357,1598,39828,12207,5860,6347
6810,42107,2250,20369,1600,39856,12216,5864,6352
6815,42138,2254,20383,1603,39883,12225,5866,6359
6820,42169,2258,20397,1607,39910,12234,5869,6365
6825,42200,2261,20417,1609,39939,12243,5874,6369
6830,42231,2266,20436,1612,39963,12252,5877,6375
6835,42262,2273,20450,1618,39989,12261,5880,6381
6840,42293,2275,20466,1619,40017,12270,5884,6386
6845,42324,2275,20480,1619,40049,12278,5887,6391
6850,42355,2275,20497,1619,40080,12286,5895,6391
6855,42386,2275,20510,1619,40111,12294,5897,6397
6860,42417,2275,20524,1619,40142,12302,5902,6400
6865,42448,2275,20537,1619,40173,12310,5906,6404
6870,42479,2275,20554,1619,40203,12318,5910,6408
6875,42510,2275,20567,1619,40234,12326,5913,6413
6880,42541,2275,20585,1619,40265,12334,5917,6417
6885,42572,2275,20599,1619,40295,12343,5922,6421
6890,42603,2275,20620,1619,40325,12352,5929,6423
6895,42634,2275,20626,1619,40357,12361,5930,6431
6900,42665,2275,20645,1619,40387,12370,5934,6436
6905,42696,2275,20657,1619,40420,12377,5935,6442
6910,42727,2275,20672,1619,40451,12384,5940,6444
6915,42758,2275,20687,1619,40482,12391,5943,6448
6920,42789,2275,20703,1619,40514,12398,5945,6453
6925,42820,2275,20719,1619,40544,12405,5947,6458
6930,42851,2275,20737,1619,40576,12412,5948,6464
6935,42882,2275,20754,1619,40607,12419,5952,6467
6940,42913,2275,20763,1619,40638,12426,5954,6472
6945,42944,2277,20779,1621,40666,12434,5958,6476
6950,42975,2281,20792,1624,40694,12442,5961,6481
6955,43006,2283,20800,1624,40723,12450,5962,6488
6960,43037,2286,20818,1626,40749,12458,5967,6491
6965,43068,2290,20831,1629,40778,12464,5969,6495
6970,43099,2293,20845,1631,40806,12470,5971,6499
6975,43130,2296,20856,1633,40834,12476,5973,6503
6980,43161,2299,20868,1634,40862,12482,5977,6505
6985,43192,2302,20884,1636,40890,12488,5979,6509
6990,43223,2305,20899,1638,40917,12494,5982,6512
6995,43254,2310,20906,1641,40944,12500,5983,6517
7000,43285,2314,20926,1644,40970,12506,5986,6520
7005,43316,2318,20941,1646,40998,12514,5991,6523
7010,43347,2323,20956,1651,41024,12522,5994,6528
7015,43378,2326,20968,1654,41052,12530,5998,6532
7020,43409,2327,20977,1655,41082,12538,6002,6536
7025,43440,2329,20995,1657,41111,12544,6007,6537
7030,43471,2331,21013,1659,41140,12550,6012,6538
7035,43502,2332,21023,1659,41169,12556,6013,6543
7040,43533,2334,21042,1661,41198,12562,6019,6543
7045,43564,2334,21058,1661,41230,12568,6021,6547
7050,43595,2334,21073,1661,41260,12574,6022,6552
7055,43626,2334,21089,1661,41291,12580,6025,6555
7060,43657,2334,21109,1661,41323,12586,6029,6557
7065,43688,2334,21124,1661,41353,12593,6033,6560
7070,43719,2334,21136,1661,41385,12601,6037,6564
7075,43750,2334,21151,1661,41415,12609,6040,6569
7080,43781,2334,21166,1661,41447,12617,6044,6573
7085,43812,2334,21183,1661,41477,12625,6048,6577
7090,43843,2334,21199,1661,41507,12633,6051,6582
7095,43874,2334,21211,1661,41539,12641,6053,6588
7100,43905,2334,21225,1661,41571,12649,6057,6592
7105,43936,2334,21234,1661,41602,12657,6059,6598
7110,43967,2334,21245,1661,41633,12665,6060,6605
7115,43998,2334,21262,1661,41664,12673,6065,6608
7120,44029,2335,21277,1662,41693,12681,6069,6612
7125,44060,2336,21290,1662,41724,12690,6072,6618
7130,44091,2337,21305,1662,41753,12700,6076,6624
7135,44122,2338,21322,1663,41782,12710,6082,6628
7140,44153,2339,21339,1663,41813,12720,6088,6632
7145,44184,2341,21358,1665,41841,12730,6094,6636
7150,44215,2344,21376,1667,41870,12740,6101,6639
7155,44246,2348,21386,1670,41897,12750,6104,6646
7160,44277,2352,21405,1673,41923,12760,6110,6650
7165,44308,2357,21419,1676,41950,12770,6114,6656
7170,44339,2361,21432,1678,41978,12780,6119,6661
7175,44370,2365,21450,1682,42004,12790,6125,6665
7180,44401,2369,21473,1686,42032,12800,6133,6667
7185,44432,2370,21487,1686,42062,12810,6139,6671
7190,44463,2373,21505,1689,42090,12820,6146,6674
7195,44494,2378,21519,1693,42116,12830,6147,6683
7200,44525,2380,21536,1695,42145,12840,6153,6687
7205,44556,2384,21550,1698,42172,12848,6157,6691
7210,44587,2386,21562,1700,42200,12856,6159,6697
7215,44618,2386,21577,1700,42232,12864,6165,6699
7220,44649,2386,21591,1700,42262,12872,6171,6701
7225,44680,2386,21604,1700,42293,12880,6173,6707
7230,44711,2386,21617,1700,42324,12888,6177,6711
7235,44742,2386,21629,1700,42356,12896,6180,6716
7240,44773,2386,21641,1700,42387,12904,6183,6721
7245,44804,2386,21651,1700,42418,12912,6185,6727
7250,44835,2386,21666,1700,42448,12920,6190,6730
7255,44866,2386,21675,1700,42479,12928,6192,6736
7260,44897,2386,21693,1700,42510,12936,6198,6738
7265,44928,2386,21707,1700,42540,12944,6202,6742
7270,44959,2386,21728,1700,42572,12952,6206,6746
7275,44990,2386,21745,1700,42603,12960,6212,6748
7280,45021,2386,21764,1700,42635,12968,6219,6749
7285,45052,2386,21775,1700,42665,12976,6220,6756
7290,45083,2388,21786,1701,42694,12984,6223,6761
7295,45114,2389,21800,1701,42725,12992,6226,6766
7300,45145,2390,21813,1702,42754,13000,6229,6771
7305,45176,2392,21828,1704,42782,13010,6232,6778
7310,45207,2395,21841,1707,42811,13020,6235,6785
7315,45238,2397,21860,1709,42839,13030,6239,6791
7320,45269,2401,21872,1712,42866,13040,6244,6796
7325,45300,2404,21886,1714,42894,13049,6247,6802
7330,45331,2409,21898,1718,42920,13058,6251,6807
7335,45362,2414,21920,1722,42946,13067,6259,6808
7340,45393,2418,21934,1725,42975,13076,6263,6813
7345,45424,2422,21951,1728,43002,13085,6268,6817
7350,45455,2423,21965,1729,43032,13094,6273,6821
7355,45486,2425,21976,1730,43061,13103,6275,6828
7360,45517,2428,21992,1732,43089,13112,6280,6832
7365,45548,2431,22008,1735,43117,13121,6284,6837
7370,45579,2434,22025,1737,43145,13130,6290,6840
7375,45610,2436,22044,1738,43174,13139,6293,6846
7380,45641,2436,22062,1738,43204,13148,6297,6851
7385,45672,2436,22074,1738,43235,13157,6301,6856
7390,45703,2436,22085,1738,43267,13166,6305,6861
7395,45734,2436,22100,1738,43297,13175,6309,6866
7400,45765,2436,22112,1738,43328,13184,6313,6871
7405,45796,2436,22132,1738,43357,13193,6319,6874
7410,45827,2436,22147,1738,43390,13202,6323,6879
7415,45858,2436,22164,1738,43420,13211,6331,6880
7420,45889,2436,22183,1738,43453,13220,6336,6884
7425,45920,2436,22201,1738,43482,13230,6343,6887
7430,45951,2436,22220,1738,43513,13240,6349,6891
7435,45982,2436,22234,1738,43546,13250,6353,6897
7440,46013,2436,22249,1738,43576,13260,6356,6904
7445,46044,2436,22263,1738,43608,13268,6360,6908
7450,46075,2436,22274,1738,43639,13276,6364,6912
7455,46106,2437,22288,1738,43669,13284,6369,6915
7460,46137,2438,22305,1739,43699,13292,6372,6920
7465,46168,2439,22320,1740,43729,13300,6375,6925
7470,46199,2440,22338,1741,43759,13308,6381,6927
7475,46230,2441,22353,1742,43789,13316,6385,6931
7480,46261,2443,22370,1743,43818,13324,6390,6934
7485,46292,2445,22388,1745,43847,13332,6395,6937
7490,46323,2447,22403,1747,43876,13340,6398,6942
7495,46354,2450,22421,1748,43904,13348,6402,6946
7500,46385,2452,22435,1750,43932,13356,6405,6951
7505,46416,2456,22448,1752,43960,13363,6409,6954
7510,46447,2459,22467,1754,43988,13370,6414,6956
7515,46478,2462,22479,1755,44016,13377,6417,6960
7520,46509,2466,22492,1757,44043,13384,6421,6963
7525,46540,2470,22507,1760,44070,13391,6425,6966
7530,46571,2474,22521,1763,44096,13398,6428,6970
7535,46602,2481,22539,1768,44121,13405,6433,6972
7540,46633,2485,22551,1770,44147,13412,6436,6976
7545,46664,2488,22566,1772,44176,13421,6441,6980
7550,46695,2491,22583,1774,44203,13430,6446,6984
7555,46726,2494,22599,1777,44231,13439,6451,6988
7560,46757,2494,22614,1777,44261,13448,6456,6992
7565,46788,2494,22632,1777,44292,13457,6461,6996
7570,46819,2494,22641,1777,44325,13466,6463,7003
7575,46850,2494,22655,1777,44355,13475,6467,7008
7580,46881,2494,22669,1777,44386,13484,6473,7011
7585,46912,2494,22686,1777,44418,13493,6479,7014
7590,46943,2494,22704,1777,44449,13502,6486,7016
7595,46974,2494,22722,1777,44479,13511,6491,7020
7600,47005,2494,22739,1777,44511,13520,6496,7024
7605,47036,2494,22749,1777,44542,13530,6500,7030
7610,47067,2494,22764,1777,44573,13540,6507,7033
7615,47098,2494,22779,1777,44603,13550,6510,7040
7620,47129,2494,22794,1777,44634,13560,6516,7044
7625,47160,2494,22805,1777,44666,13567,6519,7048
7630,47191,2494,22816,1777,44696,13574,6521,7053
7635,47222,2494,22835,1777,44728,13581,6526,7055
7640,47253,2494,22851,1777,44759,13588,6530,7058
7645,47284,2494,22862,1777,44790,13595,6532,7063
7650,47315,2495,22876,1778,44820,13602,6535,7067
7655,47346,2496,22890,1778,44850,13609,6539,7070
7660,47377,2498,22904,1780,44879,13616,6540,7076
7665,47408,2500,22917,1781,44908,13623,6542,7081
7670,47439,2503,22927,1783,44935,13630,6544,7086
7675,47470,2507,22940,1786,44963,13637,6546,7091
7680,47501,2510,22956,1788,44991,13644,6550,7094
7685,47532,2512,22965,1789,45019,13650,6551,7099
7690,47563,2515,22975,1790,45047,13656,6551,7105
7695,47594,2520,22990,1793,45073,13662,6554,7108
7700,47625,2525,23008,1798,45099,13668,6558,7110
7705,47656,2530,23023,1802,45126,13674,6561,7113
7710,47687,2533,23041,1804,45152,13680,6566,7114
7715,47718,2536,23059,1807,45182,13686,6570,7116
7720,47749,2538,23077,1809,45211,13692,6574,7118
7725,47780,2540,23093,1811,45239,13700,6580,7120
7730,47811,2542,23110,1813,45268,13709,6585,7124
7735,47842,2545,23127,1816,45296,13718,6589,7129
7740,47873,2548,23140,1819,45324,13727,6593,7134
7745,47904,2550,23149,1821,45353,13734,6595,7139
7750,47935,2550,23161,1821,45385,13741,6598,7143
7755,47966,2550,23178,1821,45416,13748,6601,7147
7760,47997,2550,23192,1821,45447,13755,6605,7150
7765,48028,2550,23206,1821,45478,13762,6610,7152
7770,48059,2550,23224,1821,45508,13769,6615,7154
7775,48090,2550,23236,1821,45539,13776,6617,7159
7780,48121,2550,23254,1821,45570,13783,6620,7163
7785,48152,2550,23273,1821,45600,13790,6625,7165
7790,48183,2550,23290,1821,45631,13798,6629,7169
7795,48214,2550,23300,1821,45663,13806,6631,7175
7800,48245,2550,23314,1821,45694,13814,6634,7180
7805,48276,2550,23331,1821,45726,13822,6639,7183
7810,48307,2550,23343,1821,45756,13830,6641,7189
7815,48338,2550,23359,1821,45788,13838,6643,7195
7820,48369,2552,23374,1823,45817,13846,6647,7199
7825,48400,2553,23385,1823,45847,13854,6651,7203
7830,48431,2554,23400,1824,45876,13862,6655,7207
7835,48462,2556,23417,1826,45904,13870,6660,7210
7840,48493,2558,23432,1827,45934,13878,6664,7214
7845,48524,2560,23448,1829,45962,13888,6669,7219
7850,48555,2564,23464,1833,45991,13898,6673,7225
7855,48586,2567,23475,1836,46018,13908,6675,7233
7860,48617,2570,23490,1838,46046,13918,6681,7237
7865,48648,2574,23505,1841,46073,13927,6687,7240
7870,48679,2579,23523,1845,46099,13936,6691,7245
7875,48710,2582,23538,1848,46128,13945,6695,7250
7880,48741,2584,23556,1849,46157,13954,6700,7254
7885,48772,2585,23571,1850,46187,13963,6703,7260
7890,48803,2586,23582,1850,46217,13972,6706,7266
7895,48834,2588,23599,1851,46246,13981,6712,7269
7900,48865,2591,23608,1853,46274,13990,6714,7276
7905,48896,2595,23620,1856,46301,13999,6718,7281
7910,48927,2599,23632,1859,46327,14008,6720,7288
7915,48958,2601,23649,1861,46357,14017,6724,7293
7920,48989,2601,23657,1861,46388,14026,6726,7300
7925,49020,2601,23679,1861,46418,14035,6733,7302
7930,49051,2601,23694,1861,46449,14044,6737,7307
7935,49082,2601,23710,1861,46481,14053,6743,7310
7940,49113,2601,23730,1861,46512,14062,6748,7314
7945,49144,2601,23743,1861,46543,14071,6752,7319
7950,49175,2601,23763,1861,46574,14080,6757,7323
7955,49206,2601,23775,1861,46605,14089,6762,7327
7960,49237,2601,23793,1861,46636,14098,6768,7330
7965,49268,2601,23807,1861,46667,14108,6772,7336
7970,49299,2601,23821,1861,46698,14118,6775,7343
7975,49330,2601,23833,1861,46728,14128,6780,7348
7980,49361,2602,23848,1862,46758,14138,6785,7353
7985,49392,2604,23865,1863,46788,14147,6792,7355
7990,49423,2605,23883,1864,46818,14156,6796,7360
7995,49454,2606,23895,1864,46848,14165,6801,7364
8000,49485,2607,23909,1864,46878,14174,6805,7369
8005,49516,2608,23924,1865,46908,14183,6809,7374
8010,49547,2609,23939,1865,46938,14192,6812,7380
8015,49578,2610,23951,1866,46968,14201,6817,7384
8020,49609,2611,23969,1866,46998,14210,6824,7386
8025,49640,2614,23982,1869,47025,14219,6829,7390
8030,49671,2618,24000,1872,47051,14228,6833,7395
8035,49702,2621,24017,1874,47079,14237,6837,7400
8040,49733,2625,24031,1878,47107,14246,6841,7405
8045,49764,2628,24044,1880,47134,14253,6845,7408
8050,49795,2632,24060,1882,47162,14260,6849,7411
8055,49826,2635,24074,1884,47190,14267,6855,7412
8060,49857,2638,24086,1885,47218,14274,6861,7413
8065,49888,2643,24097,1888,47243,14281,6865,7416
8070,49919,2648,24113,1892,47270,14288,6867,7421
8075,49950,2652,24129,1895,47297,14295,6871,7424
8080,49981,2657,24148,1899,47323,14302,6874,7428
8085,50012,2659,24159,1900,47353,14310,6879,7431
8090,50043,2661,24170,1902,47382,14318,6883,7435
8095,50074,2661,24184,1902,47412,14326,6887,7439
8100,50105,2661,24195,1902,47443,14334,6889,7445
8105,50136,2661,24208,1902,47474,14342,6892,7450
8110,50167,2661,24225,1902,47505,14350,6894,7456
8115,50198,2661,24236,1902,47536,14358,6896,7462
8120,50229,2661,24250,1902,47566,14366,6899,7467
8125,50260,2661,24270,1902,47597,14374,6904,7470
8130,50291,2661,24288,1902,47628,14382,6909,7473
8135,50322,2661,24303,1902,47661,14390,6911,7479
8140,50353,2661,24317,1902,47691,14398,6915,7483
8145,50384,2661,24333,1902,47721,14408,6921,7487
8150,50415,2661,24350,1902,47753,14418,6927,7491
8155,50446,2661,24364,1902,47785,14428,6932,7496
8160,50477,2661,24381,1902,47816,14438,6938,7500
8165,50508,2661,24396,1902,47847,14448,6942,7506
8170,50539,2661,24405,1902,47878,14458,6946,7512
8175,50570,2661,24418,1902,47909,14468,6949,7519
8180,50601,2661,24430,1902,47940,14478,6953,7525
8185,50632,2661,24448,1902,47971,14488,6957,7531
8190,50663,2661,24462,1902,48002,14498,6961,7537
8195,50694,2662,24478,1903,48031,14508,6966,7542
8200,50725,2666,24496,1905,48058,14518,6971,7547
8205,50756,2670,24512,1909,48086,14528,6975,7553
8210,50787,2673,24522,1910,48114,14538,6977,7561
8215,50818,2675,24543,1911,48141,14548,6983,7565
8220,50849,2678,24559,1914,48170,14558,6989,7569
8225,50880,2683,24576,1918,48195,14567,6993,7574
8230,50911,2687,24588,1921,48223,14576,6995,7581
8235,50942,2692,24600,1925,48249,14585,6998,7587
8240,50973,2695,24615,1927,48277,14594,7003,7591
8245,51004,2702,24631,1933,48301,14603,7007,7596
8250,51035,2706,24642,1937,48328,14612,7010,7602
8255,51066,2709,24661,1940,48356,14621,7014,7607
8260,51097,2712,24677,1942,48385,14630,7019,7611
8265,51128,2714,24689,1944,48414,14639,7022,7617
8270,51159,2716,24703,1946,48441,14648,7029,7619
8275,51190,2716,24722,1946,48472,14657,7033,7624
8280,51221,2716,24738,1946,48505,14666,7038,7628
8285,51252,2716,24749,1946,48535,14672,7041,7631
8290,51283,2716,24767,1946,48565,14678,7044,7634
8295,51314,2716,24782,1946,48598,14684,7047,7637
8300,51345,2716,24799,1946,48629,14690,7050,7640
8305,51376,2716,24811,1946,48660,14696,7053,7643
8310,51407,2716,24824,1946,48691,14702,7054,7648
8315,51438,2716,24843,1946,48721,14708,7058,7650
8320,51469,2716,24855,1946,48753,14714,7060,7654
8325,51500,2716,24870,1946,48782,14721,7063,7658
8330,51531,2716,24880,1946,48813,14728,7064,7664
8335,51562,2716,24894,1946,48846,14735,7067,7668
8340,51593,2716,24909,1946,48876,14742,7068,7674
8345,51624,2716,24922,1946,48908,14749,7071,7678
8350,51655,2716,24936,1946,48939,14756,7076,7680
8355,51686,2716,24951,1946,48970,14763,7078,7685
8360,51717,2716,24963,1946,49000,14770,7079,7691
8365,51748,2719,24979,1949,49029,14777,7081,7696
8370,51779,2720,24996,1950,49058,14784,7086,7698
8375,51810,2723,25011,1952,49086,14791,7090,7701
8380,51841,2726,25031,1954,49114,14798,7095,7703
8385,51872,2730,25046,1958,49141,14807,7099,7708
8390,51903,2734,25057,1961,49169,14817,7102,7715
8395,51934,2737,25072,1963,49196,14827,7108,7719
8400,51965,2740,25088,1965,49225,14837,7112,7725
8405,51996,2742,25103,1966,49254,14844,7116,7728
8410,52027,2745,25118,1968,49281,14851,7120,7731
8415,52058,2749,25134,1970,49309,14858,7125,7733
8420,52089,2751,25152,1972,49338,14865,7130,7735
8425,52120,2754,25160,1974,49366,14872,7131,7741
8430,52151,2756,25173,1976,49394,14879,7132,7747
8435,52182,2758,25188,1978,49422,14886,7134,7752
8440,52213,2759,25200,1978,49454,14893,7138,7755
8445,52244,2762,25220,1980,49482,14900,7144,7756
8450,52275,2764,25235,1981,49511,14907,7147,7760
8455,52306,2767,25258,1984,49539,14914,7152,7762
8460,52337,2767,25269,1984,49569,14921,7154,7767
8465,52368,2767,25283,1984,49601,14928,7158,7770
8470,52399,2767,25298,1984,49632,14935,7162,7773
8475,52430,2767,25311,1984,49662,14942,7166,7776
8480,52461,2767,25324,1984,49694,14949,7169,7780
8485,52492,2767,25340,1984,49725,14956,7171,7785
8490,52523,2767,25351,1984,49756,14963,7173,7790
8495,52554,2767,25362,1984,49787,14970,7174,7796
8500,52585,2767,25375,1984,49818,14977,7177,7800
8505,52616,2767,25392,1984,49848,14986,7181,7805
8510,52647,2767,25403,1984,49880,14996,7187,7809
8515,52678,2767,25418,1984,49909,15006,7192,7814
8520,52709,2769,25428,1985,49939,15016,7195,7821
8525,52740,2770,25439,1986,49968,15024,7197,7827
8530,52771,2773,25458,1988,49996,15032,7201,7831
8535,52802,2776,25473,1991,50025,15040,7205,7835
8540,52833,2779,25488,1993,50052,15048,7210,7838
8545,52864,2781,25504,1995,50083,15056,7214,7842
8550,52895,2783,25522,1996,50110,15064,7218,7846
8555,52926,2786,25536,1999,50139,15072,7222,7850
8560,52957,2788,25549,2000,50167,15080,7227,7853
8565,52988,2790,25562,2001,50198,15088,7229,7859
8570,53019,2792,25579,2003,50226,15096,7235,7861
8575,53050,2793,25599,2004,50256,15104,7239,7865
8580,53081,2794,25613,2005,50287,15112,7244,7868
8585,53112,2796,25629,2006,50316,15120,7247,7873
8590,53143,2799,25640,2008,50344,15128,7251,7877
8595,53174,2801,25654,2010,50372,15136,7256,7880
8600,53205,2803,25666,2011,50401,15144,7257,7887
8605,53236,2805,25687,2013,50430,15152,7261,7891
8610,53267,2806,25701,2013,50461,15160,7266,7894
8615,53298,2808,25715,2015,50489,15168,7268,7900
8620,53329,2811,25732,2017,50517,15176,7273,7903
8625,53360,2814,25749,2020,50543,15186,7280,7906
8630,53391,2816,25762,2022,50574,15196,7284,7912
8635,53422,2816,25773,2022,50603,15206,7286,7920
8640,53453,2816,25786,2022,50637,15216,7291,7925
8645,53484,2816,25802,2022,50668,15225,7296,7929
8650,53515,2816,25821,2022,50698,15234,7301,7933
8655,53546,2816,25835,2022,50730,15243,7304,7939
8660,53577,2816,25853,2022,50761,15252,7309,7943
8665,53608,2816,25864,2022,50791,15261,7310,7951
8670,53639,2818,25876,2024,50820,15270,7310,7960
8675,53670,2820,25895,2026,50849,15279,7315,7964
8680,53701,2822,25913,2028,50879,15288,7320,7968
8685,53732,2823,25931,2028,50907,15297,7328,7969
8690,53763,2827,25951,2032,50934,15306,7334,7972
8695,53794,2830,25966,2035,50963,15315,7338,7977
8700,53825,2832,25982,2036,50992,15324,7345,7979
8705,53856,2834,25994,2037,51019,15333,7349,7984
8710,53887,2838,26011,2040,51047,15342,7354,7988
8715,53918,2840,26021,2041,51078,15351,7357,7994
8720,53949,2841,26034,2042,51107,15360,7360,8000
8725,53980,2842,26045,2043,51138,15369,7362,8007
8730,54011,2842,26058,2043,51168,15378,7364,8014
8735,54042,2842,26072,2043,51199,15387,7369,8018
8740,54073,2843,26087,2044,51229,15396,7373,8023
8745,54104,2845,26105,2046,51258,15406,7380,8026
8750,54135,2847,26119,2047,51285,15416,7385,8031
8755,54166,2848,26135,2048,51317,15426,7392,8034
8760,54197,2850,26149,2049,51345,15436,7395,8041
8765,54228,2852,26165,2050,51375,15446,7402,8044
8770,54259,2853,26177,2051,51406,15456,7406,8050
8775,54290,2854,26191,2051,51436,15466,7411,8055
8780,54321,2855,26203,2052,51466,15476,7414,8062
8785,54352,2856,26220,2053,51496,15486,7419,8067
8790,54383,2858,26231,2055,51525,15496,7420,8076
8795,54414,2860,26243,2056,51554,15506,7424,8082
8800,54445,2862,26257,2058,51583,15516,7427,8089
8805,54476,2864,26273,2059,51612,15526,7431,8095
8810,54507,2866,26287,2061,51641,15536,7434,8102
8815,54538,2867,26303,2062,51671,15546,7439,8107
8820,54569,2870,26314,2064,51699,15556,7442,8114
8825,54600,2870,26328,2064,51730,15563,7445,8118
8830,54631,2871,26341,2064,51760,15570,7448,8122
8835,54662,2873,26355,2065,51789,15577,7452,8125
8840,54693,2875,26373,2066,51818,15584,7457,8127
8845,54724,2878,26385,2069,51846,15591,7459,8132
8850,54755,2880,26399,2071,51875,15598,7462,8136
8855,54786,2882,26412,2073,51904,15605,7465,8140
8860,54817,2884,26422,2074,51932,15612,7466,8146
8865,54848,2886,26438,2075,51961,15619,7470,8149
8870,54879,2888,26457,2076,51988,15626,7476,8150
8875,54910,2895,26474,2082,52012,15633,7480,8153
8880,54941,2895,26483,2082,52044,15640,7481,8159
8885,54972,2895,26506,2082,52077,15647,7487,8160
8890,55003,2895,26523,2082,52108,15654,7489,8165
8895,55034,2895,26539,2082,52139,15661,7492,8169
8900,55065,2895,26554,2082,52170,15668,7496,8172
8905,55096,2895,26571,2082,52201,15675,7501,8174
8910,55127,2895,26586,2082,52232,15682,7506,8176
8915,55158,2895,26601,2082,52263,15689,7509,8180
8920,55189,2895,26610,2082,52294,15696,7511,8185
8925,55220,2897,26626,2084,52323,15706,7513,8193
8930,55251,2898,26636,2084,52353,15716,7516,8200
8935,55282,2900,26651,2085,52382,15726,7522,8204
8940,55313,2902,26670,2087,52411,15736,7528,8208
8945,55344,2903,26684,2087,52441,15744,7531,8213
8950,55375,2904,26695,2087,52471,15752,7533,8219
8955,55406,2905,26709,2087,52501,15760,7538,8222
8960,55437,2906,26725,2087,52531,15768,7544,8224
8965,55468,2907,26742,2088,52561,15776,7549,8227
8970,55499,2908,26758,2088,52591,15784,7553,8231
8975,55530,2909,26771,2088,52621,15792,7555,8237
8980,55561,2910,26787,2088,52651,15800,7559,8241
8985,55592,2911,26798,2088,52678,15808,7561,8247
8990,55623,2917,26817,2093,52702,15816,7565,8251
8995,55654,2921,26829,2095,52729,15824,7569,8255
9000,55685,2926,26840,2099,52756,15832,7572,8260
9005,55716,2929,26851,2101,52786,15840,7575,8265
9010,55747,2931,26863,2103,52815,15848,7579,8269
9015,55778,2935,26881,2106,52841,15856,7584,8272
9020,55809,2939,26895,2108,52870,15864,7586,8278
9025,55840,2940,26911,2108,52900,15872,7589,8283
9030,55871,2941,26924,2108,52928,15880,7592,8288
9035,55902,2942,26943,2108,52957,15888,7596,8292
9040,55933,2943,26951,2109,52989,15896,7598,8298
9045,55964,2945,26967,2111,53019,15905,7603,8302
9050,55995,2948,26980,2114,53046,15915,7609,8306
9055,56026,2950,26992,2115,53075,15925,7612,8313
9060,56057,2951,27002,2115,53106,15935,7617,8318
9065,56088,2953,27015,2116,53134,15944,7621,8323
9070,56119,2957,27031,2120,53162,15953,7624,8329
9075,56150,2958,27040,2121,53192,15962,7626,8336
9080,56181,2960,27054,2122,53221,15971,7630,8341
9085,56212,2960,27074,2122,53252,15980,7636,8344
9090,56243,2960,27087,2122,53283,15989,7640,8349
9095,56274,2960,27106,2122,53314,15998,7645,8353
9100,56305,2960,27116,2122,53345,16007,7647,8360
9105,56336,2960,27131,2122,53376,16016,7651,8365
9110,56367,2960,27145,2122,53407,16025,7655,8370
9115,56398,2960,27162,2122,53438,16034,7660,8374
9120,56429,2960,27179,2122,53469,16043,7663,8380
9125,56460,2961,27198,2123,53499,16050,7667,8383
9130,56491,2963,27213,2125,53528,16057,7670,8387
9135,56522,2965,27230,2126,53557,16064,7674,8390
9140,56553,2966,27245,2127,53587,16071,7676,8395
9145,56584,2968,27260,2129,53616,16078,7678,8400
9150,56615,2970,27277,2131,53644,16085,7681,8404
9155,56646,2973,27293,2133,53673,16092,7684,8408
9160,56677,2975,27312,2134,53701,16099,7689,8410
9165,56708,2978,27328,2137,53729,16107,7695,8412
9170,56739,2979,27339,2137,53758,16115,7698,8417
9175,56770,2985,27356,2142,53783,16123,7701,8422
9180,56801,2985,27372,2142,53814,16131,7706,8425
9185,56832,2985,27385,2142,53846,16138,7709,8429
9190,56863,2986,27401,2143,53876,16145,7713,8432
9195,56894,2988,27414,2145,53905,16152,7716,8436
9200,56925,2990,27428,2146,53932,16159,7722,8437
9205,56956,2991,27439,2147,53963,16166,7725,8441
9210,56987,2992,27452,2147,53994,16173,7730,8443
9215,57018,2993,27463,2147,54024,16180,7732,8448
9220,57049,2994,27476,2147,54053,16187,7736,8451
9225,57080,2996,27490,2149,54083,16195,7739,8456
9230,57111,2999,27505,2152,54111,16204,7744,8460
9235,57142,3000,27520,2153,54140,16213,7750,8463
9240,57173,3002,27532,2155,54171,16222,7756,8466
9245,57204,3004,27542,2157,54200,16231,7758,8473
9250,57235,3006,27557,2158,54229,16240,7761,8479
9255,57266,3009,27574,2161,54257,16249,7767,8482
9260,57297,3012,27591,2164,54285,16258,7770,8488
9265,57328,3012,27604,2164,54316,16267,7775,8492
9270,57359,3012,27618,2164,54347,16276,7778,8498
9275,57390,3012,27635,2164,54378,16285,7781,8504
9280,57421,3012,27649,2164,54408,16294,7786,8508
9285,57452,3012,27661,2164,54438,16304,7791,8513
9290,57483,3014,27683,2166,54467,16314,7796,8518
9295,57514,3016,27694,2167,54497,16324,7799,8525
9300,57545,3017,27702,2167,54527,16334,7801,8533
9305,57576,3018,27718,2167,54557,16343,7807,8536
9310,57607,3020,27733,2168,54586,16352,7811,8541
9315,57638,3022,27743,2170,54616,16361,7815,8546
9320,57669,3024,27753,2171,54645,16370,7819,8551
9325,57700,3026,27772,2172,54674,16379,7826,8553
9330,57731,3028,27787,2173,54703,16388,7831,8557
9335,57762,3030,27801,2175,54731,16397,7834,8563
9340,57793,3033,27815,2177,54759,16406,7839,8567
9345,57824,3035,27831,2178,54788,16415,7847,8568
9350,57855,3038,27844,2180,54814,16424,7850,8574
9355,57886,3039,27861,2181,54846,16433,7854,8579
9360,57917,3039,27876,2181,54876,16442,7858,8584
9365,57948,3039,27889,2181,54907,16450,7860,8590
9370,57979,3040,27900,2182,54937,16458,7862,8596
9375,58010,3041,27918,2183,54967,16466,7866,8600
9380,58041,3042,27938,2184,54997,16474,7871,8603
9385,58072,3043,27956,2184,55028,16482,7874,8608
9390,58103,3045,27969,2185,55058,16490,7879,8611
9395,58134,3046,27982,2185,55088,16498,7884,8614
9400,58165,3048,27996,2186,55116,16506,7886,8620
9405,58196,3050,28011,2187,55145,16515,7889,8626
9410,58227,3051,28028,2188,55176,16524,7894,8630
9415,58258,3052,28045,2189,55205,16533,7897,8636
9420,58289,3053,28065,2190,55235,16542,7904,8638
9425,58320,3055,28080,2192,55265,16549,7909,8640
9430,58351,3057,28099,2193,55293,16556,7914,8642
9435,58382,3059,28116,2195,55323,16563,7918,8645
9440,58413,3062,28128,2197,55350,16570,7920,8650
9445,58444,3063,28146,2198,55381,16577,7925,8652
9450,58475,3065,28158,2199,55410,16584,7927,8657
9455,58506,3069,28178,2202,55437,16591,7934,8657
9460,58537,3072,28194,2203,55464,16598,7938,8660
9465,58568,3075,28211,2205,55493,16606,7943,8663
9470,58599,3076,28222,2205,55523,16614,7946,8668
9475,58630,3077,28235,2205,55553,16622,7948,8674
9480,58661,3078,28251,2206,55583,16630,7951,8679
9485,58692,3079,28261,2206,55612,16637,7952,8685
9490,58723,3081,28276,2207,55642,16644,7954,8690
9495,58754,3082,28290,2208,55671,16651,7956,8695
9500,58785,3085,28301,2211,55699,16658,7959,8699
9505,58816,3087,28317,2212,55729,16665,7962,8703
9510,58847,3088,28331,2212,55759,16672,7966,8706
9515,58878,3090,28347,2214,55788,16679,7969,8710
9520,58909,3092,28364,2215,55816,16686,7973,8713
9525,58940,3095,28379,2218,55845,16695,7977,8718
9530,58971,3097,28392,2219,55873,16704,7980,8724
9535,59002,3100,28409,2221,55902,16713,7986,8727
9540,59033,3100,28422,2221,55933,16722,7990,8732
9545,59064,3100,28434,2221,55964,16731,7993,8738
9550,59095,3100,28454,2221,55993,16740,7999,8741
9555,59126,3100,28466,2221,56024,16749,8004,8745
9560,59157,3100,28483,2221,56056,16758,8008,8750
9565,59188,3100,28494,2221,56087,16767,8009,8758
9570,59219,3100,28506,2221,56119,16776,8011,8765
9575,59250,3101,28519,2221,56148,16785,8015,8770
9580,59281,3102,28532,2222,56179,16794,8019,8775
9585,59312,3103,28549,2222,56209,16804,8024,8780
9590,59343,3104,28564,2222,56239,16814,8030,8784
9595,59374,3105,28577,2223,56268,16824,8033,8791
9600,59405,3106,28590,2223,56298,16834,8038,8796
9605,59436,3107,28604,2223,56328,16843,8043,8800
9610,59467,3108,28619,2223,56358,16852,8047,8805
9615,59498,3112,28635,2227,56385,16861,8052,8809
9620,59529,3115,28652,2229,56412,16870,8057,8813
9625,59560,3117,28669,2230,56442,16879,8061,8818
9630,59591,3120,28689,2233,56470,16888,8065,8823
9635,59622,3123,28707,2235,56497,16897,8070,8827
9640,59653,3129,28722,2240,56523,16906,8074,8832
9645,59684,3133,28740,2244,56550,16915,8081,8834
9650,59715,3137,28754,2246,56576,16924,8085,8839
9655,59746,3143,28771,2251,56603,16933,8090,8843
9660,59777,3145,28785,2252,56631,16942,8094,8848
9665,59808,3147,28802,2254,56660,16949,8097,8852
9670,59839,3149,28816,2255,56690,16956,8100,8856
9675,59870,3150,28830,2256,56719,16963,8102,8861
9680,59901,3151,28837,2257,56750,16970,8103,8867
9685,59932,3152,28854,2258,56779,16977,8105,8872
9690,59963,3153,28863,2258,56809,16984,8107,8877
9695,59994,3155,28879,2260,56839,16991,8112,8879
9700,60025,3156,28893,2261,56869,16998,8116,8882
9705,60056,3157,28913,2262,56897,17006,8121,8885
9710,60087,3159,28927,2263,56926,17014,8123,8891
9715,60118,3159,28944,2263,56959,17022,8130,8892
9720,60149,3159,28957,2263,56990,17030,8134,8896
9725,60180,3159,28971,2263,57021,17038,8136,8902
9730,60211,3159,28987,2263,57052,17046,8140,8906
9735,60242,3159,29003,2263,57082,17054,8147,8907
9740,60273,3159,29014,2263,57114,17062,8149,8913
9745,60304,3159,29031,2263,57144,17070,8153,8917
9750,60335,3159,29047,2263,57175,17078,8159,8919
9755,60366,3159,29064,2263,57206,17086,8163,8923
9760,60397,3159,29078,2263,57237,17094,8166,8928
9765,60428,3161,29095,2265,57265,17103,8169,8934
9770,60459,3162,29112,2265,57296,17113,8174,8939
9775,60490,3163,29124,2265,57326,17123,8180,8943
9780,60521,3164,29142,2266,57357,17133,8187,8946
9785,60552,3166,29159,2268,57385,17143,8193,8950
9790,60583,3168,29172,2270,57415,17153,8197,8956
9795,60614,3170,29184,2271,57443,17163,8201,8962
9800,60645,3171,29199,2272,57473,17173,8205,8968
9805,60676,3173,29218,2274,57503,17183,8210,8973
9810,60707,3175,29234,2275,57532,17193,8217,8976
9815,60738,3176,29253,2275,57560,17203,8224,8979
9820,60769,3180,29270,2278,57584,17213,8228,8985
9825,60800,3186,29286,2283,57611,17223,8233,8990
9830,60831,3191,29305,2287,57637,17233,8240,8993
9835,60862,3197,29319,2291,57664,17243,8245,8998
9840,60893,3199,29331,2292,57693,17253,8248,9005
9845,60924,3201,29346,2294,57722,17262,8253,9009
9850,60955,3203,29357,2296,57750,17271,8257,9014
9855,60986,3207,29372,2300,57778,17280,8259,9021
9860,61017,3208,29387,2301,57809,17289,8262,9027
9865,61048,3208,29401,2301,57840,17298,8265,9033
9870,61079,3208,29412,2301,57871,17307,8269,9038
9875,61110,3208,29427,2301,57902,17316,8272,9044
9880,61141,3208,29437,2301,57933,17325,8277,9048
9885,61172,3208,29452,2301,57964,17334,8281,9053
9890,61203,3208,29466,2301,57995,17343,8284,9059
9895,61234,3208,29480,2301,58026,17352,8289,9063
9900,61265,3208,29494,2301,58057,17361,8293,9068
9905,61296,3208,29509,2301,58088,17369,8298,9071
9910,61327,3208,29527,2301,58119,17377,8303,9074
9915,61358,3208,29544,2301,58150,17385,8308,9077
9920,61389,3208,29555,2301,58181,17393,8312,9081
9925,61420,3208,29573,2301,58212,17401,8315,9086
9930,61451,3208,29586,2301,58243,17409,8321,9088
9935,61482,3208,29602,2301,58274,17417,8326,9091
9940,61513,3208,29618,2301,58305,17425,8331,9094
9945,61544,3210,29632,2302,58333,17433,8333,9100
9950,61575,3212,29651,2304,58361,17442,8337,9105
9955,61606,3214,29667,2305,58390,17451,8342,9109
9960,61637,3215,29681,2306,58420,17460,8347,9113
9965,61668,3220,29694,2310,58447,17466,8348,9118
9970,61699,3226,29709,2315,58473,17472,8350,9122
9975,61730,3229,29724,2317,58500,17478,8352,9126
9980,61761,3233,29737,2320,58527,17484,8357,9127
9985,61792,3237,29754,2322,58554,17490,8360,9130
9990,61823,3242,29769,2326,58580,17496,8362,9134
9995,61854,3246,29780,2328,58607,17502,8364,9138
10000,61885,3252,29792,2333,58633,17508,8366,9142
10005,61916,3253,29806,2334,58662,17515,8369,9146
10010,61947,3255,29821,2336,58691,17522,8372,9150
10015,61978,3256,29842,2337,58722,17529,8376,9153
10020,62009,3256,29854,2337,58753,17536,8378,9158
10025,62040,3256,29867,2337,58784,17541,8381,9160
10030,62071,3256,29887,2337,58815,17546,8385,9161
10035,62102,3256,29903,2337,58846,17551,8388,9163
10040,62133,3256,29920,2337,58877,17556,8390,9166
10045,62164,3256,29935,2337,58908,17561,8391,9170
10050,62195,3256,29948,2337,58939,17566,8393,9173
10055,62226,3256,29964,2337,58970,17571,8396,9175
10060,62257,3256,29974,2337,59000,17576,8398,9178
10065,62288,3256,29988,2337,59032,17584,8401,9183
10070,62319,3256,30003,2337,59061,17592,8406,9186
10075,62350,3256,30014,2337,59092,17600,8410,9190
10080,62381,3256,30029,2337,59124,17608,8416,9192
10085,62412,3256,30044,2337,59154,17616,8418,9198
10090,62443,3256,30057,2337,59185,17624,8422,9202
10095,62474,3256,30069,2337,59217,17632,8425,9207
10100,62505,3256,30087,2337,59249,17640,8430,9210
10105,62536,3256,30102,2337,59280,17648,8434,9214
10110,62567,3257,30121,2337,59310,17656,8437,9219
10115,62598,3258,30134,2337,59339,17664,8442,9222
10120,62629,3263,30144,2341,59366,17672,8443,9229
10125,62660,3267,30160,2344,59391,17682,8447,9235
10130,62691,3272,30172,2347,59418,17692,8450,9242
10135,62722,3277,30191,2352,59444,17702,8458,9244
10140,62753,3282,30208,2357,59470,17712,8462,9250
10145,62784,3285,30219,2359,59499,17721,8464,9257
10150,62815,3287,30232,2360,59528,17730,8466,9264
10155,62846,3290,30246,2363,59556,17739,8470,9269
10160,62877,3294,30261,2366,59583,17748,8475,9273
10165,62908,3298,30271,2369,59610,17757,8478,9279
10170,62939,3301,30284,2371,59638,17766,8482,9284
10175,62970,3301,30296,2371,59669,17775,8487,9288
10180,63001,3301,30315,2371,59700,17784,8494,9290
10185,63032,3301,30326,2371,59731,17793,8498,9295
10190,63063,3301,30342,2371,59761,17802,8503,9299
10195,63094,3301,30357,2371,59792,17811,8507,9304
10200,63125,3301,30374,2371,59823,17820,8511,9309
10205,63156,3301,30391,2371,59852,17828,8513,9315
10210,63187,3301,30409,2371,59886,17836,8519,9317
10215,63218,3301,30420,2371,59916,17844,8523,9321
10220,63249,3301,30432,2371,59947,17852,8526,9326
10225,63280,3301,30446,2371,59979,17860,8529,9331
10230,63311,3301,30458,2371,60010,17868,8532,9336
10235,63342,3301,30473,2371,60041,17876,8538,9338
10240,63373,3301,30485,2371,60072,17884,8541,9343
10245,63404,3301,30503,2371,60102,17893,8546,9347
10250,63435,3302,30518,2371,60133,17902,8552,9350
10255,63466,3303,30535,2371,60162,17911,8556,9355
10260,63497,3304,30550,2371,60192,17920,8560,9360
10265,63528,3305,30566,2371,60223,17929,8566,9363
10270,63559,3306,30580,2371,60253,17938,8569,9369
10275,63590,3307,30594,2371,60282,17947,8572,9375
10280,63621,3309,30610,2371,60312,17956,8578,9378
10285,63652,3311,30622,2373,60340,17965,8581,9384
10290,63683,3313,30636,2373,60370,17974,8586,9388
10295,63714,3315,30648,2374,60398,17983,8589,9394
10300,63745,3317,30665,2375,60427,17992,8595,9397
10305,63776,3321,30683,2378,60452,18002,8601,9401
10310,63807,3328,30696,2384,60478,18012,8607,9405
10315,63838,3332,30714,2387,60504,18022,8614,9408
10320,63869,3337,30727,2391,60531,18032,8619,9413
10325,63900,3342,30743,2395,60558,18041,8622,9419
10330,63931,3344,30758,2397,60586,18050,8626,9424
10335,63962,3347,30775,2399,60615,18059,8630,9429
10340,63993,3351,30790,2403,60642,18068,8633,9435
10345,64024,3353,30807,2405,60670,18077,8638,9439
10350,64055,3356,30822,2407,60699,18086,8642,9444
10355,64086,3356,30840,2407,60728,18095,8647,9448
10360,64117,3356,30854,2407,60761,18104,8651,9453
10365,64148,3356,30874,2407,60790,18113,8657,9456
10370,64179,3356,30889,2407,60822,18122,8660,9462
10375,64210,3356,30905,2407,60854,18131,8662,9469
10380,64241,3356,30919,2407,60883,18140,8664,9476
10385,64272,3356,30930,2407,60916,18149,8667,9482
10390,64303,3356,30948,2407,60947,18158,8674,9484
10395,64334,3356,30961,2407,60978,18167,8679,9488
10400,64365,3356,30977,2407,61009,18176,8685,9491
10405,64396,3356,30991,2407,61040,18185,8689,9496
10410,64427,3356,31009,2407,61071,18194,8692,9502
10415,64458,3356,31027,2407,61102,18203,8696,9507
10420,64489,3356,31042,2407,61133,18212,8702,9510
10425,64520,3356,31056,2407,61164,18221,8706,9515
10430,64551,3356,31075,2407,61195,18231,8714,9517
10435,64582,3356,31093,2407,61225,18241,8720,9521
10440,64613,3358,31105,2408,61254,18251,8723,9528
10445,64644,3360,31117,2409,61284,18260,8727,9533
10450,64675,3361,31135,2410,61313,18269,8732,9537
10455,64706,3363,31153,2411,61343,18278,8737,9541
10460,64737,3366,31174,2413,61370,18287,8741,9546
10465,64768,3370,31189,2417,61398,18296,8745,9551
10470,64799,3373,31201,2420,61425,18305,8750,9555
10475,64830,3377,31221,2423,61452,18314,8754,9560
10480,64861,3381,31236,2425,61479,18323,8759,9564
10485,64892,3386,31249,2429,61505,18332,8763,9569
10490,64923,3393,31270,2435,61528,18341,8770,9571
10495,64954,3398,31283,2439,61555,18350,8775,9575
10500,64985,3399,31298,2439,61586,18359,8779,9580
10505,65016,3401,31313,2441,61614,18367,8783,9584
10510,65047,3404,31326,2443,61642,18375,8786,9589
10515,65078,3407,31338,2445,61671,18383,8788,9595
10520,65109,3407,31350,2445,61701,18391,8790,9601
10525,65140,3407,31364,2445,61732,18399,8792,9607
10530,65171,3407,31379,2445,61764,18407,8798,9609
10535,65202,3407,31393,2445,61795,18415,8801,9614
10540,65233,3407,31410,2445,61825,18423,8806,9617
10545,65264,3407,31423,2445,61856,18432,8810,9622
10550,65295,3407,31442,2445,61887,18441,8815,9626
10555,65326,3407,31460,2445,61918,18450,8820,9630
10560,65357,3407,31469,2445,61950,18459,8822,9637
10565,65388,3407,31486,2445,61979,18465,8825,9640
10570,65419,3407,31504,2445,62012,18471,8828,9643
10575,65450,3407,31523,2445,62041,18477,8832,9645
10580,65481,3407,31537,2445,62072,18483,8834,9649
10585,65512,3407,31548,2445,62105,18489,8839,9650
10590,65543,3407,31563,2445,62136,18495,8843,9652
10595,65574,3407,31581,2445,62165,18501,8848,9653
10600,65605,3407,31597,2445,62197,18507,8850,9657
10605,65636,3407,31614,2445,62227,18514,8855,9659
10610,65667,3409,31629,2447,62256,18521,8856,9665
10615,65698,3410,31648,2448,62287,18528,8861,9667
10620,65729,3412,31662,2449,62317,18535,8864,9671
10625,65760,3414,31674,2449,62346,18541,8867,9674
10630,65791,3416,31688,2450,62375,18547,8869,9678
10635,65822,3418,31706,2451,62404,18553,8873,9680
10640,65853,3420,31718,2451,62433,18559,8875,9684
10645,65884,3423,31740,2454,62461,18565,8879,9686
10650,65915,3425,31753,2456,62490,18571,8882,9689
10655,65946,3428,31761,2457,62517,18577,8884,9693
10660,65977,3433,31781,2462,62544,18583,8889,9694
10665,66008,3437,31795,2464,62570,18592,8892,9700
10670,66039,3442,31811,2469,62596,18601,8896,9705
10675,66070,3446,31825,2471,62624,18610,8900,9710
10680,66101,3451,31840,2476,62649,18619,8906,9713
10685,66132,3459,31855,2484,62673,18627,8908,9719
10690,66163,3459,31870,2484,62704,18635,8913,9722
10695,66194,3459,31879,2484,62735,18643,8916,9727
10700,66225,3459,31892,2484,62765,18651,8918,9733
10705,66256,3459,31908,2484,62797,18659,8920,9739
10710,66287,3459,31926,2484,62828,18667,8926,9741
10715,66318,3459,31942,2484,62858,18675,8932,9743
10720,66349,3459,31955,2484,62890,18683,8934,9749
10725,66380,3459,31967,2484,62919,18691,8938,9753
10730,66411,3459,31980,2484,62949,18700,8941,9759
10735,66442,3459,31995,2484,62981,18709,8943,9766
10740,66473,3459,32010,2484,63014,18718,8948,9770
10745,66504,3459,32025,2484,63044,18726,8951,9775
10750,66535,3459,32040,2484,63076,18734,8954,9780
10755,66566,3459,32050,2484,63106,18742,8956,9786
10760,66597,3459,32066,2484,63138,18750,8959,9791
10765,66628,3459,32081,2484,63168,18758,8963,9795
10770,66659,3459,32098,2484,63199,18766,8968,9798
10775,66690,3459,32114,2484,63231,18774,8973,9801
10780,66721,3459,32131,2484,63261,18782,8978,9804
10785,66752,3459,32146,2484,63293,18791,8983,9808
10790,66783,3459,32158,2484,63324,18800,8987,9813
10795,66814,3462,32173,2485,63352,18809,8993,9816
10800,66845,3464,32191,2487,63379,18818,8997,9821
10805,66876,3468,32207,2491,63407,18827,9002,9825
10810,66907,3471,32221,2492,63436,18836,9008,9828
10815,66938,3473,32236,2492,63463,18845,9012,9833
10820,66969,3477,32248,2495,63492,18854,9015,9839
10825,67000,3479,32267,2497,63520,18863,9021,9842
10830,67031,3484,32283,2501,63546,18872,9024,9848
10835,67062,3489,32302,2505,63572,18881,9029,9852
10840,67093,3491,32318,2506,63602,18890,9033,9857
10845,67124,3492,32330,2507,63631,18900,9040,9860
10850,67155,3493,32347,2507,63661,18910,9047,9863
10855,67186,3495,32367,2509,63690,18920,9054,9866
10860,67217,3497,32379,2511,63720,18930,9058,9872
10865,67248,3502,32394,2516,63746,18939,9062,9877
10870,67279,3504,32407,2517,63775,18948,9067,9881
10875,67310,3506,32424,2519,63801,18957,9075,9882
10880,67341,3510,32440,2522,63829,18966,9077,9889
10885,67372,3511,32454,2523,63860,18975,9081,9894
10890,67403,3513,32467,2524,63889,18984,9087,9897
10895,67434,3513,32482,2524,63920,18993,9091,9902
10900,67465,3513,32495,2524,63951,19002,9095,9907
10905,67496,3513,32512,2524,63983,19011,9099,9912
10910,67527,3513,32525,2524,64014,19020,9103,9917
10915,67558,3513,32539,2524,64045,19029,9105,9924
10920,67589,3513,32559,2524,64076,19038,9110,9928
10925,67620,3513,32579,2524,64107,19047,9115,9932
10930,67651,3513,32593,2524,64138,19056,9120,9936
10935,67682,3513,32608,2524,64169,19065,9125,9940
10940,67713,3513,32617,2524,64200,19074,9126,9948
10945,67744,3514,32634,2524,64230,19083,9132,9951
10950,67775,3515,32646,2524,64259,19092,9136,9956
10955,67806,3517,32661,2525,64289,19101,9141,9960
10960,67837,3518,32672,2525,64319,19110,9145,9965
10965,67868,3519,32686,2526,64348,19120,9151,9969
10970,67899,3522,32702,2528,64376,19130,9156,9974
10975,67930,3524,32720,2530,64406,19140,9160,9980
10980,67961,3525,32731,2531,64435,19150,9164,9986
10985,67992,3527,32747,2532,64464,19157,9168,9989
10990,68023,3529,32766,2533,64493,19164,9174,9990
10995,68054,3531,32778,2534,64523,19171,9178,9993
11000,68085,3533,32793,2536,64551,19178,9180,9998
11005,68116,3537,32805,2539,64578,19185,9183,10002
11010,68147,3542,32818,2543,64604,19192,9185,10007
11015,68178,3545,32836,2545,64632,19199,9190,10009
11020,68209,3547,32846,2546,64662,19206,9191,10015
11025,68240,3548,32862,2547,64691,19213,9195,10018
11030,68271,3550,32879,2549,64721,19220,9199,10021
11035,68302,3553,32889,2552,64749,19227,9201,10026
11040,68333,3558,32905,2556,64775,19234,9203,10031
11045,68364,3559,32917,2556,64804,19241,9207,10034
11050,68395,3561,32930,2557,64832,19248,9210,10038
11055,68426,3563,32942,2559,64862,19255,9213,10042
11060,68457,3565,32963,2561,64888,19262,9217,10045
11065,68488,3565,32981,2561,64921,19269,9222,10047
11070,68519,3565,32995,2561,64953,19276,9227,10049
11075,68550,3565,33007,2561,64984,19283,9230,10053
11080,68581,3565,33021,2561,65015,19290,9233,10057
11085,68612,3565,33032,2561,65046,19299,9237,10062
11090,68643,3565,33048,2561,65076,19309,9242,10067
11095,68674,3565,33064,2561,65108,19319,9246,10073
11100,68705,3565,33079,2561,65139,19329,9251,10078
11105,68736,3565,33099,2561,65171,19338,9256,10082
11110,68767,3565,33113,2561,65202,19347,9261,10086
11115,68798,3565,33124,2561,65233,19356,9266,10090
11120,68829,3566,33140,2562,65263,19365,9269,10096
11125,68860,3567,33155,2562,65292,19374,9273,10101
11130,68891,3569,33167,2563,65321,19383,9276,10107
11135,68922,3571,33182,2565,65351,19392,9280,10112
11140,68953,3572,33195,2566,65380,19401,9285,10116
11145,68984,3574,33204,2568,65409,19410,9288,10122
11150,69015,3576,33219,2570,65439,19419,9291,10128
11155,69046,3577,33229,2570,65468,19428,9294,10134
11160,69077,3579,33242,2571,65498,19437,9298,10139
11165,69108,3580,33253,2572,65527,19444,9303,10141
11170,69139,3583,33267,2575,65555,19451,9306,10145
11175,69170,3588,33287,2580,65582,19458,9311,10147
11180,69201,3591,33299,2581,65609,19465,9312,10153
11185,69232,3595,33317,2584,65636,19472,9313,10159
11190,69263,3600,33330,2588,65663,19479,9316,10163
11195,69294,3602,33342,2590,65692,19486,9319,10167
11200,69325,3604,33355,2592,65721,19493,9322,10171
11205,69356,3607,33373,2594,65747,19501,9325,10176
11210,69387,3611,33385,2597,65774,19509,9327,10182
11215,69418,3614,33401,2600,65802,19517,9329,10188
11220,69449,3616,33414,2601,65830,19525,9332,10193
11225,69480,3619,33424,2603,65859,19532,9334,10198
11230,69511,3619,33443,2603,65892,19539,9338,10201
11235,69542,3619,33456,2603,65923,19546,9340,10206
11240,69573,3619,33471,2603,65954,19553,9345,10208
11245,69604,3619,33483,2603,65985,19560,9348,10212
11250,69635,3619,33494,2603,66016,19567,9351,10216
11255,69666,3619,33509,2603,66047,19574,9353,10221
11260,69697,3619,33525,2603,66078,19581,9357,10224
11265,69728,3619,33541,2603,66108,19590,9361,10229
11270,69759,3619,33556,2603,66140,19599,9365,10234
11275,69790,3619,33571,2603,66171,19608,9370,10238
11280,69821,3619,33585,2603,66202,19617,9373,10244
11285,69852,3619,33599,2603,66232,19625,9374,10251
11290,69883,3619,33613,2603,66263,19633,9376,10257
11295,69914,3619,33632,2603,66295,19641,9381,10260
11300,69945,3620,33646,2603,66325,19649,9384,10265
11305,69976,3622,33664,2605,66353,19657,9387,10270
11310,70007,3624,33683,2606,66382,19665,9392,10273
11315,70038,3626,33694,2608,66412,19673,9393,10280
11320,70069,3628,33713,2609,66441,19681,9400,10281
11325,70100,3629,33728,2609,66470,19690,9403,10287
11330,70131,3631,33742,2610,66498,19699,9405,10294
11335,70162,3635,33757,2613,66526,19708,9409,10299
11340,70193,3640,33773,2618,66553,19717,9414,10303
11345,70224,3644,33785,2621,66580,19725,9418,10307
11350,70255,3648,33802,2625,66605,19733,9423,10310
11355,70286,3653,33811,2629,66633,19741,9425,10316
11360,70317,3655,33823,2630,66660,19749,9428,10321
11365,70348,3657,33836,2631,66691,19757,9432,10325
11370,70379,3659,33853,2633,66719,19765,9437,10328
11375,70410,3661,33866,2635,66746,19773,9440,10333
11380,70441,3662,33881,2635,66778,19781,9444,10337
11385,70472,3663,33894,2635,66808,19790,9449,10341
11390,70503,3667,33910,2639,66835,19799,9453,10346
11395,70534,3669,33922,2640,66864,19808,9458,10350
11400,70565,3669,33942,2640,66896,19817,9464,10353
11405,70596,3669,33957,2640,66927,19826,9469,10357
11410,70627,3669,33973,2640,66958,19835,9474,10361
11415,70658,3669,33983,2640,66989,19844,9476,10368
11420,70689,3669,33996,2640,67020,19853,9478,10375
11425,70720,3669,34008,2640,67051,19862,9484,10378
11430,70751,3669,34021,2640,67082,19871,9486,10385
11435,70782,3669,34036,2640,67113,19880,9490,10390
11440,70813,3669,34051,2640,67144,19889,9492,10397
11445,70844,3669,34068,2640,67175,19898,9497,10401
11450,70875,3669,34087,2640,67206,19908,9501,10407
11455,70906,3669,34104,2640,67236,19918,9505,10413
11460,70937,3669,34117,2640,67267,19928,9509,10419
11465,70968,3669,34133,2640,67298,19938,9513,10425
11470,70999,3671,34149,2642,67328,19948,9519,10429
11475,71030,3672,34162,2642,67357,19958,9522,10436
11480,71061,3674,34178,2644,67387,19968,9528,10440
11485,71092,3675,34190,2644,67416,19978,9534,10444
11490,71123,3677,34204,2645,67445,19988,9539,10449
11495,71154,3681,34224,2649,67472,19998,9546,10452
11500,71185,3685,34239,2653,67500,20008,9550,10458
11505,71216,3688,34258,2655,67526,20018,9557,10461
11510,71247,3693,34267,2660,67554,20028,9561,10467
11515,71278,3698,34288,2665,67579,20038,9567,10471
11520,71309,3699,34304,2666,67609,20048,9572,10476
11525,71340,3701,34319,2667,67638,20056,9576,10480
11530,71371,3702,34335,2667,67668,20064,9580,10484
11535,71402,3704,34349,2668,67698,20072,9585,10487
11540,71433,3705,34358,2668,67728,20080,9585,10495
11545,71464,3707,34374,2670,67757,20088,9589,10499
11550,71495,3709,34387,2671,67786,20096,9592,10504
11555,71526,3711,34404,2672,67815,20104,9595,10509
11560,71557,3713,34418,2674,67843,20112,9598,10514
11565,71588,3714,34433,2675,67873,20120,9600,10520
11570,71619,3716,34452,2676,67902,20128,9607,10521
11575,71650,3717,34463,2677,67932,20136,9609,10527
11580,71681,3720,34479,2679,67959,20144,9615,10529
11585,71712,3722,34491,2680,67989,20152,9620,10532
11590,71743,3722,34504,2680,68020,20160,9621,10539
11595,71774,3722,34516,2680,68051,20168,9623,10545
11600,71805,3722,34530,2680,68082,20176,9626,10550
11605,71836,3722,34542,2680,68113,20184,9631,10553
11610,71867,3722,34559,2680,68145,20192,9633,10559
11615,71898,3722,34575,2680,68176,20200,9636,10564
11620,71929,3722,34591,2680,68205,20208,9639,10569
11625,71960,3726,34604,2683,68233,20218,9642,10576
11630,71991,3729,34621,2685,68262,20228,9651,10577
11635,72022,3730,34632,2685,68292,20238,9652,10586
11640,72053,3731,34644,2685,68322,20248,9657,10591
11645,72084,3732,34659,2685,68350,20255,9660,10595
11650,72115,3736,34672,2688,68379,20262,9664,10598
11655,72146,3738,34687,2689,68408,20269,9668,10601
11660,72177,3741,34702,2691,68435,20276,9672,10604
11665,72208,3744,34720,2694,68464,20283,9673,10610
11670,72239,3744,34733,2694,68495,20290,9675,10615
11675,72270,3744,34749,2694,68526,20297,9679,10618
11680,72301,3744,34766,2694,68557,20304,9682,10622
11685,72332,3744,34785,2694,68588,20311,9687,10624
11690,72363,3744,34796,2694,68618,20318,9689,10629
11695,72394,3744,34815,2694,68649,20325,9694,10631
11700,72425,3745,34832,2694,68680,20332,9698,10634
11705,72456,3746,34843,2695,68710,20337,9700,10637
11710,72487,3748,34865,2697,68737,20342,9704,10638
11715,72518,3749,34880,2698,68769,20347,9706,10641
11720,72549,3751,34898,2700,68798,20352,9707,10645
11725,72580,3753,34911,2701,68826,20357,9711,10646
11730,72611,3755,34926,2702,68854,20362,9714,10648
11735,72642,3757,34939,2704,68884,20367,9715,10652
11740,72673,3759,34955,2705,68913,20372,9718,10654
11745,72704,3761,34971,2706,68942,20379,9723,10656
11750,72735,3765,34992,2709,68969,20387,9728,10659
11755,72766,3768,35008,2712,68998,20395,9733,10662
11760,72797,3768,35029,2712,69028,20403,9738,10665
11765,72828,3768,35044,2712,69060,20410,9741,10669
11770,72859,3769,35061,2713,69089,20417,9743,10674
11775,72890,3771,35073,2714,69117,20424,9746,10678
11780,72921,3774,35092,2716,69145,20431,9751,10680
11785,72952,3776,35103,2718,69176,20438,9754,10684
11790,72983,3777,35118,2718,69205,20445,9758,10687
11795,73014,3778,35130,2718,69236,20452,9760,10692
11800,73045,3779,35146,2719,69265,20459,9763,10696
11805,73076,3782,35164,2722,69293,20468,9766,10702
11810,73107,3783,35176,2722,69323,20477,9770,10707
11815,73138,3785,35191,2723,69352,20486,9774,10712
11820,73169,3788,35207,2725,69381,20495,9778,10717
11825,73200,3789,35221,2726,69410,20503,9782,10721
11830,73231,3790,35235,2726,69440,20511,9785,10726
11835,73262,3793,35249,2729,69468,20519,9786,10733
11840,73293,3795,35265,2731,69498,20527,9792,10735
11845,73324,3797,35280,2732,69526,20535,9796,10739
11850,73355,3797,35296,2732,69556,20543,9800,10743
11855,73386,3797,35312,2732,69589,20551,9803,10748
11860,73417,3797,35324,2732,69620,20559,9804,10755
11865,73448,3798,35340,2732,69650,20568,9809,10759
11870,73479,3799,35354,2732,69680,20577,9813,10764
11875,73510,3800,35373,2733,69710,20586,9820,10766
11880,73541,3802,35390,2735,69739,20595,9824,10771
11885,73572,3803,35407,2736,69769,20604,9827,10777
11890,73603,3804,35425,2737,69799,20613,9829,10784
11895,73634,3806,35441,2739,69828,20622,9834,10788
11900,73665,3809,35460,2742,69856,20631,9835,10796
11905,73696,3810,35473,2743,69886,20640,9841,10799
11910,73727,3812,35484,2744,69915,20649,9845,10804
11915,73758,3814,35499,2745,69942,20658,9850,10808
11920,73789,3816,35511,2747,69973,20667,9852,10815
11925,73820,3818,35528,2748,70001,20677,9858,10819
11930,73851,3821,35543,2751,70030,20687,9862,10825
11935,73882,3824,35557,2753,70056,20697,9866,10831
11940,73913,3824,35571,2753,70089,20707,9870,10837
11945,73944,3824,35586,2753,70120,20717,9875,10842
11950,73975,3824,35598,2753,70151,20727,9880,10847
11955,74006,3824,35615,2753,70182,20737,9887,10850
11960,74037,3825,35632,2753,70209,20747,9892,10855
11965,74068,3827,35647,2755,70239,20757,9896,10861
11970,74099,3828,35664,2755,70270,20767,9900,10867
11975,74130,3830,35675,2756,70300,20777,9904,10873
11980,74161,3831,35687,2756,70330,20787,9908,10879
11985,74192,3832,35705,2757,70358,20797,9913,10884
11990,74223,3834,35716,2758,70389,20807,9913,10894
11995,74254,3835,35729,2759,70417,20817,9917,10900
12000,74285,3837,35742,2760,70446,20827,9922,10905
12005,74316,3839,35753,2761,70476,20837,9925,10912
12010,74347,3841,35767,2762,70505,20847,9930,10917
12015,74378,3843,35786,2764,70534,20857,9935,10922
12020,74409,3844,35803,2765,70565,20867,9939,10928
12025,74440,3845,35818,2765,70595,20877,9943,10934
12030,74471,3846,35836,2766,70625,20887,9949,10938
12035,74502,3847,35854,2766,70654,20897,9955,10942
12040,74533,3851,35870,2768,70682,20907,9961,10946
12045,74564,3856,35885,2772,70706,20917,9964,10953
12050,74595,3859,35896,2774,70736,20927,9967,10960
12055,74626,3862,35911,2776,70761,20937,9972,10965
12060,74657,3868,35924,2780,70788,20947,9976,10971
12065,74688,3870,35941,2782,70818,20954,9980,10974
12070,74719,3872,35960,2784,70846,20961,9983,10978
12075,74750,3874,35975,2785,70876,20968,9985,10983
12080,74781,3876,35991,2786,70903,20975,9989,10986
12085,74812,3878,36005,2787,70933,20982,9992,10990
12090,74843,3881,36020,2790,70962,20989,9995,10994
12095,74874,3882,36034,2790,70991,20996,9999,10997
12100,74905,3884,36043,2791,71021,21003,10002,11001
12105,74936,3885,36062,2792,71050,21010,10008,11002
12110,74967,3887,36077,2793,71080,21017,10012,11005
12115,74998,3887,36091,2793,71111,21024,10015,11009
12120,75029,3887,36109,2793,71142,21031,10019,11012
12125,75060,3887,36126,2793,71173,21038,10023,11015
12130,75091,3887,36139,2793,71201,21045,10025,11020
12135,75122,3887,36154,2793,71235,21052,10030,11022
12140,75153,3887,36169,2793,71264,21059,10034,11025
12145,75184,3887,36184,2793,71294,21066,10038,11028
12150,75215,3887,36201,2793,71328,21073,10042,11031
12155,75246,3887,36214,2793,71359,21080,10044,11036
12160,75277,3887,36229,2793,71390,21087,10048,11039
12165,75308,3887,36250,2793,71421,21096,10055,11041
12170,75339,3888,36268,2793,71451,21106,10059,11047
12175,75370,3889,36285,2793,71480,21116,10065,11051
12180,75401,3891,36301,2794,71509,21126,10070,11056
12185,75432,3893,36313,2796,71539,21134,10075,11059
12190,75463,3894,36328,2796,71569,21142,10079,11063
12195,75494,3895,36341,2797,71598,21150,10082,11068
12200,75525,3896,36354,2798,71628,21158,10086,11072
12205,75556,3898,36371,2799,71656,21166,10090,11076
12210,75587,3900,36389,2800,71686,21174,10096,11078
12215,75618,3901,36400,2800,71716,21182,10097,11085
12220,75649,3904,36416,2803,71745,21190,10101,11089
12225,75680,3907,36431,2804,71771,21198,10106,11092
12230,75711,3912,36442,2807,71797,21206,10108,11098
12235,75742,3916,36459,2809,71825,21214,10113,11101
12240,75773,3920,36473,2812,71852,21222,10116,11106
12245,75804,3925,36491,2816,71878,21230,10118,11112
12250,75835,3927,36507,2818,71908,21238,10122,11116
12255,75866,3928,36519,2818,71937,21246,10128,11118
12260,75897,3929,36531,2819,71966,21254,10129,11125
12265,75928,3931,36544,2821,71996,21262,10132,11130
12270,75959,3932,36556,2821,72026,21270,10134,11136
12275,75990,3934,36571,2822,72055,21278,10137,11141
12280,76021,3935,36585,2822,72086,21286,10141,11145
12285,76052,3936,36593,2822,72116,21296,10145,11151
12290,76083,3941,36606,2826,72142,21306,10148,11158
12295,76114,3943,36619,2828,72170,21316,10154,11162
12300,76145,3943,36635,2828,72202,21326,10158,11168
12305,76176,3943,36651,2828,72233,21335,10164,11171
12310,76207,3943,36668,2828,72264,21344,10169,11175
12315,76238,3943,36682,2828,72295,21353,10174,11179
12320,76269,3943,36700,2828,72326,21362,10177,11185
12325,76300,3943,36712,2828,72356,21371,10180,11191
12330,76331,3943,36723,2828,72388,21380,10182,11198
12335,76362,3943,36739,2828,72419,21389,10187,11202
12340,76393,3943,36757,2828,72450,21398,10191,11207
12345,76424,3943,36765,2828,72481,21407,10193,11214
12350,76455,3943,36779,2828,72512,21416,10199,11217
12355,76486,3945,36795,2830,72541,21425,10204,11221
12360,76517,3946,36812,2831,72571,21434,10208,11226
12365,76548,3948,36828,2833,72600,21440,10211,11229
12370,76579,3949,36844,2834,72630,21446,10213,11233
12375,76610,3951,36856,2835,72659,21452,10216,11236
12380,76641,3953,36864,2836,72688,21458,10218,11240
12385,76672,3954,36882,2837,72717,21464,10222,11242
12390,76703,3956,36897,2838,72747,21470,10226,11244
12395,76734,3957,36912,2838,72777,21476,10229,11247
12400,76765,3959,36929,2839,72805,21482,10231,11251
12405,76796,3962,36947,2841,72832,21488,10233,11255
12410,76827,3965,36963,2843,72861,21495,10237,11258
12415,76858,3970,36982,2848,72885,21502,10240,11262
12420,76889,3974,36998,2852,72915,21509,10244,11265
12425,76920,3976,37011,2853,72944,21515,10249,11266
12430,76951,3978,37027,2854,72973,21521,10252,11269
12435,76982,3979,37039,2854,73002,21527,10255,11272
12440,77013,3981,37054,2855,73031,21533,10258,11275
12445,77044,3983,37071,2857,73061,21539,10263,11276
12450,77075,3985,37079,2858,73090,21545,10264,11281
12455,77106,3988,37095,2861,73118,21551,10266,11285
12460,77137,3989,37111,2862,73148,21557,10269,11288
12465,77168,3991,37125,2864,73177,21566,10273,11293
12470,77199,3992,37139,2865,73206,21575,10277,11298
12475,77230,3996,37148,2868,73233,21584,10278,11306
12480,77261,3996,37159,2868,73265,21593,10283,11310
12485,77292,3996,37170,2868,73296,21602,10289,11313
12490,77323,3996,37186,2868,73327,21611,10294,11317
12495,77354,3996,37199,2868,73358,21620,10297,11323
12500,77385,3996,37213,2868,73389,21629,10301,11328
12505,77416,3996,37230,2868,73419,21638,10305,11333
12510,77447,3996,37245,2868,73451,21647,10310,11337
12515,77478,3996,37258,2868,73482,21656,10313,11343
12520,77509,3996,37271,2868,73513,21665,10315,11350
12525,77540,3996,37288,2868,73541,21675,10322,11353
12530,77571,3997,37305,2868,73571,21685,10326,11359
12535,77602,3999,37320,2869,73600,21695,10330,11365
12540,77633,4000,37345,2870,73629,21705,10338,11367
12545,77664,4002,37363,2872,73660,21714,10342,11372
12550,77695,4004,37377,2874,73691,21723,10347,11376
12555,77726,4005,37392,2874,73721,21732,10353,11379
12560,77757,4006,37413,2875,73750,21741,10358,11383
12565,77788,4009,37430,2877,73777,21750,10361,11389
12570,77819,4013,37447,2881,73805,21759,10365,11394
12575,77850,4015,37463,2883,73834,21768,10371,11397
12580,77881,4017,37472,2884,73863,21777,10375,11402
12585,77912,4021,37481,2887,73890,21786,10377,11409
12590,77943,4026,37491,2891,73917,21795,10378,11417
12595,77974,4027,37504,2891,73947,21804,10383,11421
12600,78005,4029,37517,2892,73976,21813,10388,11425
12605,78036,4030,37530,2892,74006,21821,10391,11430
12610,78067,4031,37542,2892,74036,21829,10393,11436
12615,78098,4032,37556,2893,74066,21837,10396,11441
12620,78129,4033,37568,2893,74096,21845,10400,11445
12625,78160,4034,37584,2893,74125,21853,10406,11447
12630,78191,4036,37603,2895,74154,21861,10411,11450
12635,78222,4037,37616,2895,74184,21869,10415,11454
12640,78253,4039,37636,2897,74213,21877,10421,11456
12645,78284,4041,37647,2898,74243,21886,10423,11463
12650,78315,4042,37663,2899,74272,21895,10428,11467
12655,78346,4044,37683,2901,74300,21904,10433,11471
12660,78377,4046,37704,2902,74328,21913,10439,11474
12665,78408,4047,37717,2902,74360,21921,10443,11478
12670,78439,4050,37728,2905,74388,21929,10445,11484
12675,78470,4052,37740,2906,74417,21937,10447,11490
12680,78501,4054,37755,2907,74447,21945,10451,11494
12685,78532,4054,37769,2907,74478,21953,10455,11498
12690,78563,4054,37779,2907,74508,21961,10456,11505
12695,78594,4054,37793,2907,74540,21969,10457,11512
12700,78625,4055,37808,2907,74569,21977,10461,11516
12705,78656,4057,37824,2909,74598,21986,10465,11521
12710,78687,4058,37838,2909,74629,21995,10469,11526
12715,78718,4059,37848,2909,74659,22004,10471,11533
12720,78749,4060,37862,2910,74687,22013,10475,11538
12725,78780,4062,37881,2912,74716,22022,10482,11540
12730,78811,4064,37899,2914,74745,22031,10486,11545
12735,78842,4066,37912,2915,74775,22040,10489,11551
12740,78873,4067,37924,2915,74804,22049,10494,11555
12745,78904,4069,37940,2917,74833,22058,10500,11558
12750,78935,4072,37950,2920,74863,22067,10505,11562
12755,78966,4074,37967,2921,74891,22076,10511,11565
12760,78997,4077,37984,2924,74919,22085,10517,11568
12765,79028,4080,38002,2927,74948,22095,10522,11573
12770,79059,4082,38019,2929,74976,22105,10527,11578
12775,79090,4083,38034,2930,75006,22115,10530,11585
12780,79121,4083,38050,2930,75038,22125,10536,11589
12785,79152,4083,38064,2930,75068,22133,10539,11594
12790,79183,4085,38079,2931,75098,22141,10543,11598
12795,79214,4086,38095,2932,75128,22149,10549,11600
12800,79245,4087,38109,2932,75157,22157,10555,11602
12805,79276,4088,38123,2932,75188,22165,10561,11604
12810,79307,4090,38135,2933,75217,22173,10566,11607
12815,79338,4092,38149,2935,75245,22181,10568,11613
12820,79369,4094,38166,2937,75274,22189,10571,11618
12825,79400,4096,38184,2938,75302,22197,10576,11621
12830,79431,4097,38199,2938,75333,22205,10580,11625
12835,79462,4099,38214,2940,75361,22213,10582,11631
12840,79493,4101,38227,2941,75391,22221,10586,11635
12845,79524,4103,38242,2942,75420,22229,10590,11639
12850,79555,4104,38255,2942,75448,22237,10595,11642
12855,79586,4107,38268,2944,75479,22245,10598,11647
12860,79617,4108,38277,2944,75509,22253,10600,11653
12865,79648,4110,38292,2946,75538,22261,10603,11658
12870,79679,4112,38312,2948,75566,22269,10608,11661
12875,79710,4112,38322,2948,75597,22277,10609,11668
12880,79741,4113,38338,2949,75627,22285,10614,11671
12885,79772,4115,38358,2950,75656,22294,10622,11672
12890,79803,4116,38377,2950,75686,22304,10630,11674
12895,79834,4117,38391,2951,75717,22314,10634,11680
12900,79865,4119,38402,2952,75745,22324,10639,11685
12905,79896,4120,38417,2953,75776,22332,10643,11689
12910,79927,4122,38431,2954,75804,22340,10645,11695
12915,79958,4124,38445,2956,75834,22348,10647,11701
12920,79989,4126,38459,2957,75862,22356,10649,11707
12925,80020,4127,38472,2957,75893,22364,10654,11710
12930,80051,4129,38484,2958,75922,22372,10656,11716
12935,80082,4131,38499,2960,75951,22380,10659,11721
12940,80113,4133,38512,2961,75980,22388,10665,11723
12945,80144,4135,38527,2962,76007,22396,10668,11728
12950,80175,4139,38540,2965,76036,22404,10672,11732
12955,80206,4139,38558,2965,76066,22412,10677,11735
12960,80237,4139,38575,2965,76097,22420,10679,11741
12965,80268,4139,38592,2965,76128,22426,10681,11745
12970,80299,4139,38604,2965,76160,22432,10684,11748
12975,80330,4139,38623,2965,76190,22438,10688,11750
12980,80361,4141,38638,2967,76219,22444,10691,11753
12985,80392,4142,38653,2968,76250,22450,10695,11755
12990,80423,4143,38669,2969,76280,22456,10700,11756
12995,80454,4144,38684,2969,76309,22462,10704,11758
13000,80485,4145,38698,2970,76340,22468,10706,11762
13005,80516,4147,38714,2971,76369,22475,10710,11765
13010,80547,4148,38726,2972,76399,22483,10715,11768
13015,80578,4150,38742,2974,76427,22491,10720,11771
13020,80609,4151,38756,2974,76457,22499,10723,11776
13025,80640,4153,38767,2975,76487,22507,10725,11782
13030,80671,4154,38784,2975,76517,22515,10730,11785
13035,80702,4155,38800,2976,76547,22523,10735,11788
13040,80733,4158,38816,2979,76575,22531,10739,11792
13045,80764,4160,38831,2980,76604,22539,10744,11795
13050,80795,4162,38849,2981,76633,22547,10750,11797
13055,80826,4163,38863,2981,76661,22555,10753,11802
13060,80857,4168,38882,2985,76687,22563,10759,11804
13065,80888,4173,38894,2989,76714,22573,10764,11809
13070,80919,4178,38914,2994,76739,22583,10770,11813
13075,80950,4184,38930,2998,76763,22593,10775,11818
13080,80981,4189,38946,3003,76792,22603,10781,11822
13085,81012,4191,38960,3004,76820,22612,10785,11827
13090,81043,4194,38974,3006,76849,22621,10788,11833
13095,81074,4194,38990,3006,76880,22630,10792,11838
13100,81105,4194,39001,3006,76911,22639,10796,11843
13105,81136,4194,39016,3006,76941,22648,10802,11846
13110,81167,4194,39030,3006,76973,22657,10805,11852
13115,81198,4194,39046,3006,77003,22666,10806,11860
13120,81229,4194,39064,3006,77035,22675,10813,11862
13125,81260,4194,39077,3006,77065,22684,10816,11868
13130,81291,4194,39091,3006,77096,22693,10821,11872
13135,81322,4194,39101,3006,77128,22702,10824,11878
13140,81353,4194,39116,3006,77158,22711,10830,11881
13145,81384,4194,39132,3006,77189,22719,10831,11888
13150,81415,4194,39150,3006,77220,22727,10834,11893
13155,81446,4194,39164,3006,77251,22735,10836,11899
13160,81477,4194,39179,3006,77282,22743,10844,11899
13165,81508,4194,39190,3006,77313,22751,10846,11905
13170,81539,4194,39205,3006,77345,22759,10849,11910
13175,81570,4194,39225,3006,77375,22767,10855,11912
13180,81601,4194,39242,3006,77407,22775,10860,11915
13185,81632,4194,39256,3006,77437,22784,10865,11919
13190,81663,4194,39273,3006,77467,22793,10869,11924
13195,81694,4195,39287,3007,77497,22802,10873,11929
13200,81725,4198,39307,3009,77526,22811,10880,11931
13205,81756,4200,39328,3010,77555,22818,10886,11932
13210,81787,4203,39342,3011,77583,22825,10889,11936
13215,81818,4206,39353,3012,77611,22832,10892,11940
13220,81849,4210,39370,3015,77636,22839,10894,11945
13225,81880,4213,39385,3017,77666,22846,10897,11949
13230,81911,4215,39399,3018,77695,22853,10899,11954
13235,81942,4219,39415,3021,77722,22860,10902,11958
13240,81973,4223,39432,3024,77750,22867,10908,11959
13245,82004,4226,39445,3026,77777,22875,10912,11963
13250,82035,4231,39461,3030,77803,22883,10917,11966
13255,82066,4238,39480,3037,77826,22891,10921,11970
13260,82097,4246,39498,3043,77850,22899,10927,11972
13265,82128,4247,39513,3044,77881,22906,10930,11976
13270,82159,4247,39531,3044,77912,22913,10932,11981
13275,82190,4247,39544,3044,77943,22920,10935,11985
13280,82221,4247,39559,3044,77974,22927,10938,11989
13285,82252,4247,39572,3044,78004,22934,10941,11993
13290,82283,4247,39590,3044,78035,22941,10944,11997
13295,82314,4247,39611,3044,78066,22948,10950,11998
13300,82345,4247,39628,3044,78097,22955,10954,12001
13305,82376,4247,39642,3044,78128,22964,10958,12006
13310,82407,4247,39655,3044,78160,22973,10960,12013
13315,82438,4247,39668,3044,78190,22982,10960,12022
13320,82469,4247,39687,3044,78221,22991,10964,12027
13325,82500,4247,39702,3044,78253,23000,10969,12031
13330,82531,4247,39718,3044,78282,23009,10972,12037
13335,82562,4247,39733,3044,78313,23018,10978,12040
13340,82593,4247,39749,3044,78344,23027,10981,12046
13345,82624,4247,39760,3044,78376,23036,10985,12051
13350,82655,4247,39776,3044,78407,23045,10989,12056
13355,82686,4247,39793,3044,78437,23054,10994,12060
13360,82717,4247,39806,3044,78470,23063,10997,12066
13365,82748,4247,39820,3044,78501,23073,11001,12072
13370,82779,4250,39834,3045,78528,23083,11006,12077
13375,82810,4253,39851,3048,78555,23093,11008,12085
13380,82841,4256,39870,3050,78583,23103,11013,12090
13385,82872,4259,39883,3052,78613,23113,11017,12096
13390,82903,4261,39902,3054,78642,23123,11023,12100
13395,82934,4264,39915,3055,78669,23133,11028,12105
13400,82965,4267,39932,3057,78697,23143,11035,12108
13405,82996,4273,39947,3061,78722,23153,11040,12113
13410,83027,4275,39960,3062,78752,23163,11045,12118
13415,83058,4279,39977,3066,78779,23173,11050,12123
13420,83089,4283,39995,3068,78805,23183,11054,12129
13425,83120,4284,40012,3068,78835,23193,11062,12131
13430,83151,4285,40019,3069,78866,23203,11064,12139
13435,83182,4286,40034,3070,78894,23213,11069,12144
13440,83213,4287,40053,3071,78925,23223,11073,12150
13445,83244,4288,40068,3071,78956,23232,11076,12156
13450,83275,4291,40085,3073,78984,23241,11081,12160
13455,83306,4293,40100,3074,79013,23250,11086,12164
13460,83337,4294,40113,3074,79043,23259,11090,12169
13465,83368,4297,40130,3076,79071,23268,11095,12173
13470,83399,4300,40145,3078,79099,23277,11099,12178
13475,83430,4303,40158,3080,79127,23286,11103,12183
13480,83461,4305,40173,3082,79156,23295,11108,12187
13485,83492,4305,40185,3082,79187,23304,11110,12194
13490,83523,4305,40197,3082,79218,23313,11113,12200
13495,83554,4305,40217,3082,79249,23322,11120,12202
13500,83585,4305,40231,3082,79280,23331,11125,12206
13505,83616,4305,40246,3082,79310,23338,11128,12210
13510,83647,4305,40262,3082,79341,23345,11132,12213
13515,83678,4305,40277,3082,79372,23352,11135,12217
13520,83709,4305,40294,3082,79404,23359,11138,12221
13525,83740,4305,40310,3082,79435,23366,11142,12224
13530,83771,4306,40320,3082,79465,23373,11144,12229
13535,83802,4307,40330,3082,79495,23380,11147,12233
13540,83833,4308,40345,3082,79525,23387,11151,12236
13545,83864,4309,40355,3082,79554,23395,11153,12242
13550,83895,4311,40374,3083,79584,23403,11158,12245
13555,83926,4312,40386,3083,79614,23411,11161,12250
13560,83957,4315,40403,3085,79641,23419,11166,12253
13565,83988,4316,40419,3086,79671,23425,11168,12257
13570,84019,4318,40436,3088,79700,23431,11172,12259
13575,84050,4320,40450,3090,79730,23437,11176,12261
13580,84081,4322,40466,3092,79758,23443,11180,12263
13585,84112,4324,40478,3093,79788,23449,11182,12267
13590,84143,4326,40493,3094,79817,23455,11187,12268
13595,84174,4329,40511,3096,79844,23461,11191,12270
13600,84205,4334,40529,3101,79870,23467,11196,12271
13605,84236,4337,40542,3104,79898,23474,11199,12275
13610,84267,4338,40560,3105,79927,23482,11205,12277
13615,84298,4340,40577,3106,79956,23490,11212,12278
13620,84329,4341,40592,3106,79987,23498,11216,12282
13625,84360,4342,40605,3107,80017,23506,11220,12286
13630,84391,4343,40617,3107,80047,23514,11225,12289
13635,84422,4345,40634,3109,80076,23522,11230,12292
13640,84453,4346,40647,3110,80107,23530,11233,12297
13645,84484,4348,40667,3112,80136,23538,11240,12298
13650,84515,4350,40681,3114,80164,23546,11242,12304
13655,84546,4352,40693,3116,80193,23554,11245,12309
13660,84577,4355,40708,3118,80222,23562,11249,12313
13665,84608,4356,40724,3119,80252,23571,11256,12315
13670,84639,4359,40740,3121,80279,23581,11262,12319
13675,84670,4362,40751,3124,80305,23591,11263,12328
13680,84701,4364,40770,3126,80336,23601,11269,12332
13685,84732,4364,40787,3126,80368,23609,11274,12335
13690,84763,4364,40805,3126,80399,23617,11278,12339
13695,84794,4364,40823,3126,80430,23625,11284,12341
13700,84825,4364,40839,3126,80461,23633,11289,12344
13705,84856,4364,40852,3126,80492,23641,11290,12351
13710,84887,4364,40862,3126,80523,23649,11292,12357
13715,84918,4365,40874,3126,80553,23657,11295,12362
13720,84949,4366,40886,3126,80583,23665,11298,12367
13725,84980,4367,40897,3126,80613,23673,11302,12371
13730,85011,4368,40911,3126,80642,23681,11306,12375
13735,85042,4369,40928,3126,80673,23689,11309,12380
13740,85073,4370,40945,3126,80702,23697,11313,12384
13745,85104,4371,40960,3126,80733,23704,11316,12388
13750,85135,4372,40973,3127,80763,23711,11319,12392
13755,85166,4373,40987,3127,80792,23718,11323,12395
13760,85197,4375,41005,3129,80821,23725,11325,12400
13765,85228,4376,41022,3129,80851,23732,11331,12401
13770,85259,4378,41039,3130,80880,23739,11336,12403
13775,85290,4380,41052,3132,80909,23746,11340,12406
13780,85321,4382,41069,3134,80938,23753,11342,12411
13785,85352,4384,41089,3136,80965,23762,11346,12416
13790,85383,4391,41108,3143,80990,23771,11350,12421
13795,85414,4395,41120,3147,81018,23780,11356,12424
13800,85445,4399,41132,3150,81045,23789,11360,12429
13805,85476,4404,41147,3154,81071,23797,11364,12433
13810,85507,4406,41160,3155,81100,23805,11369,12436
13815,85538,4408,41171,3156,81129,23813,11370,12443
13820,85569,4411,41181,3158,81158,23821,11370,12451
13825,85600,4412,41194,3159,81188,23829,11373,12456
13830,85631,4413,41205,3159,81217,23837,11376,12461
13835,85662,4416,41217,3161,81246,23845,11379,12466
13840,85693,4418,41238,3163,81274,23853,11385,12468
13845,85724,4421,41249,3165,81303,23862,11387,12475
13850,85755,4421,41265,3165,81333,23871,11394,12477
13855,85786,4421,41281,3165,81365,23880,11399,12481
13860,85817,4421,41295,3165,81395,23889,11403,12486
13865,85848,4421,41307,3165,81427,23898,11406,12492
13870,85879,4421,41318,3165,81458,23907,11409,12498
13875,85910,4421,41332,3165,81489,23916,11412,12504
13880,85941,4421,41345,3165,81520,23925,11416,12509
13885,85972,4421,41357,3165,81549,23934,11422,12512
13890,86003,4421,41373,3165,81579,23943,11427,12516
13895,86034,4421,41390,3165,81610,23952,11432,12520
13900,86065,4421,41407,3165,81642,23961,11437,12524
13905,86096,4421,41425,3165,81673,23971,11442,12529
13910,86127,4421,41441,3165,81705,23981,11447,12534
13915,86158,4422,41450,3166,81736,23991,11452,12539
13920,86189,4424,41462,3167,81764,24001,11456,12545
13925,86220,4426,41479,3169,81792,24011,11461,12550
13930,86251,4427,41497,3170,81824,24021,11466,12555
13935,86282,4428,41512,3171,81854,24031,11471,12560
13940,86313,4429,41528,3171,81884,24041,11476,12565
13945,86344,4432,41545,3174,81912,24051,11481,12570
13950,86375,4434,41560,3175,81941,24061,11485,12576
13955,86406,4438,41573,3177,81968,24071,11490,12581
13960,86437,4441,41590,3180,81996,24081,11495,12586
13965,86468,4443,41601,3182,82024,24091,11498,12593
13970,86499,4446,41611,3184,82053,24101,11501,12600
13975,86530,4452,41624,3188,82078,24111,11505,12606
13980,86561,4456,41639,3191,82104,24121,11510,12611
13985,86592,4461,41654,3195,82130,24129,11513,12616
13990,86623,4464,41670,3197,82158,24137,11519,12618
13995,86654,4467,41688,3200,82186,24145,11521,12624
14000,86685,4470,41699,3202,82214,24153,11525,12628
14005,86716,4471,41716,3203,82245,24161,11529,12632
14010,86747,4471,41729,3203,82276,24169,11532,12637
14015,86778,4471,41747,3203,82307,24177,11537,12640
14020,86809,4471,41761,3203,82338,24185,11542,12643
14025,86840,4471,41776,3203,82367,24193,11547,12646
14030,86871,4471,41790,3203,82400,24201,11551,12650
14035,86902,4471,41804,3203,82428,24209,11555,12654
14040,86933,4471,41818,3203,82459,24217,11558,12659
14045,86964,4471,41836,3203,82491,24225,11562,12663
14050,86995,4471,41847,3203,82522,24233,11565,12668
14055,87026,4471,41865,3203,82553,24241,11568,12673
14060,87057,4471,41881,3203,82585,24249,11571,12678
14065,87088,4471,41895,3203,82616,24257,11576,12681
14070,87119,4471,41910,3203,82648,24265,11579,12686
14075,87150,4471,41929,3203,82679,24273,11583,12690
14080,87181,4471,41942,3203,82709,24281,11586,12695
14085,87212,4471,41958,3203,82741,24291,11591,12700
14090,87243,4471,41973,3203,82772,24301,11595,12706
14095,87274,4471,41988,3203,82802,24311,11601,12710
14100,87305,4472,42007,3204,82833,24321,11607,12714
14105,87336,4473,42023,3205,82862,24330,11611,12719
14110,87367,4476,42038,3208,82890,24339,11614,12725
14115,87398,4480,42054,3212,82918,24348,11618,12730
14120,87429,4483,42071,3213,82945,24357,11623,12734
14125,87460,4487,42086,3216,82973,24366,11627,12739
14130,87491,4489,42101,3216,83001,24375,11631,12744
14135,87522,4493,42116,3219,83028,24384,11635,12749
14140,87553,4496,42138,3221,83057,24393,11641,12752
14145,87584,4499,42154,3222,83084,24402,11646,12756
14150,87615,4503,42168,3226,83112,24411,11650,12761
14155,87646,4506,42182,3228,83139,24420,11655,12765
14160,87677,4511,42197,3231,83166,24429,11659,12770
14165,87708,4515,42211,3234,83192,24436,11661,12775
14170,87739,4521,42226,3239,83216,24443,11664,12779
14175,87770,4526,42245,3243,83244,24450,11668,12782
14180,87801,4526,42262,3243,83275,24457,11670,12787
14185,87832,4526,42282,3243,83306,24464,11674,12790
14190,87863,4526,42299,3243,83336,24471,11677,12794
14195,87894,4526,42315,3243,83368,24478,11681,12797
14200,87925,4526,42325,3243,83399,24485,11682,12803
14205,87956,4526,42338,3243,83429,24493,11684,12809
14210,87987,4526,42356,3243,83460,24501,11690,12811
14215,88018,4526,42370,3243,83491,24509,11693,12816
14220,88049,4526,42383,3243,83523,24517,11697,12820
14225,88080,4526,42398,3243,83553,24523,11701,12822
14230,88111,4526,42411,3243,83584,24529,11704,12825
14235,88142,4526,42425,3243,83616,24535,11706,12829
14240,88173,4526,42438,3243,83647,24541,11709,12832
14245,88204,4526,42454,3243,83677,24547,11712,12835
14250,88235,4526,42464,3243,83709,24553,11714,12839
14255,88266,4526,42480,3243,83740,24559,11716,12843
14260,88297,4526,42493,3243,83770,24565,11719,12846
14265,88328,4526,42510,3243,83801,24572,11723,12849
14270,88359,4526,42526,3243,83833,24580,11727,12853
14275,88390,4526,42546,3243,83864,24588,11731,12857
14280,88421,4526,42557,3243,83894,24596,11733,12863
14285,88452,4527,42569,3243,83924,24601,11734,12867
14290,88483,4529,42585,3244,83954,24606,11736,12870
14295,88514,4531,42600,3245,83983,24611,11739,12872
14300,88545,4533,42618,3247,84011,24616,11743,12873
14305,88576,4535,42632,3247,84040,24621,11746,12875
14310,88607,4538,42645,3248,84068,24626,11748,12878
14315,88638,4541,42661,3250,84097,24631,11751,12880
14320,88669,4544,42674,3253,84124,24636,11753,12883
14325,88700,4548,42685,3256,84152,24642,11755,12887
14330,88731,4552,42705,3260,84178,24649,11760,12889
14335,88762,4556,42722,3263,84205,24656,11764,12892
14340,88793,4559,42733,3265,84234,24663,11766,12897
14345,88824,4562,42748,3267,84261,24670,11767,12903
14350,88855,4566,42761,3271,84289,24677,11768,12909
14355,88886,4571,42777,3274,84314,24684,11772,12912
14360,88917,4575,42791,3277,84340,24691,11775,12916
14365,88948,4577,42804,3279,84370,24698,11777,12921
14370,88979,4580,42818,3281,84397,24705,11779,12926
14375,89010,4583,42831,3283,84426,24712,11780,12932
14380,89041,4586,42846,3285,84453,24719,11783,12936
14385,89072,4588,42864,3287,84483,24729,11788,12941
14390,89103,4588,42875,3287,84514,24739,11793,12946
14395,89134,4588,42889,3287,84546,24749,11796,12953
14400,89165,4588,42904,3287,84577,24759,11802,12957
14405,89196,4588,42922,3287,84608,24769,11808,12961
14410,89227,4588,42939,3287,84639,24779,11812,12967
14415,89258,4588,42957,3287,84670,24789,11818,12971
14420,89289,4588,42971,3287,84701,24799,11823,12976
14425,89320,4588,42981,3287,84732,24809,11828,12981
14430,89351,4588,42993,3287,84763,24819,11833,12986
14435,89382,4588,43007,3287,84794,24829,11838,12991
14440,89413,4588,43018,3287,84825,24839,11843,12996
14445,89444,4588,43032,3287,84856,24849,11847,13002
14450,89475,4588,43047,3287,84887,24859,11852,13007
14455,89506,4588,43064,3287,84918,24869,11859,13010
14460,89537,4588,43085,3287,84949,24879,11865,13014
14465,89568,4588,43104,3287,84980,24889,11873,13016
14470,89599,4590,43122,3289,85009,24899,11876,13023
14475,89630,4592,43140,3291,85038,24909,11881,13028
14480,89661,4594,43152,3292,85066,24919,11884,13035
14485,89692,4596,43169,3294,85096,24929,11889,13040
14490,89723,4600,43183,3296,85123,24939,11890,13049
14495,89754,4603,43196,3298,85150,24949,11894,13055
14500,89785,4607,43214,3302,85174,24959,11897,13062
14505,89816,4615,43235,3310,85197,24969,11905,13064
14510,89847,4620,43245,3314,85223,24979,11910,13069
14515,89878,4621,43261,3314,85251,24989,11915,13074
14520,89909,4623,43276,3315,85284,24999,11918,13081
14525,89940,4624,43294,3315,85315,25009,11924,13085
14530,89971,4626,43309,3316,85344,25019,11928,13091
14535,90002,4627,43320,3316,85374,25029,11932,13097
14540,90033,4630,43338,3318,85402,25039,11940,13099
14545,90064,4631,43350,3319,85432,25049,11945,13104
14550,90095,4633,43366,3321,85462,25059,11950,13109
14555,90126,4634,43384,3321,85491,25069,11956,13113
14560,90157,4637,43404,3324,85520,25079,11962,13117
14565,90188,4639,43414,3325,85549,25089,11964,13125
14570,90219,4639,43426,3325,85580,25099,11966,13133
14575,90250,4639,43433,3325,85611,25109,11969,13140
14580,90281,4639,43447,3325,85642,25119,11973,13146
14585,90312,4639,43460,3325,85673,25128,11976,13152
14590,90343,4639,43477,3325,85704,25137,11981,13156
14595,90374,4639,43488,3325,85735,25146,11984,13162
14600,90405,4639,43499,3325,85766,25155,11986,13169
14605,90436,4639,43519,3325,85797,25164,11992,13172
14610,90467,4639,43534,3325,85828,25173,11995,13178
14615,90498,4641,43553,3326,85856,25182,12000,13182
14620,90529,4644,43568,3328,85884,25191,12004,13187
14625,90560,4648,43584,3331,85911,25200,12011,13189
14630,90591,4650,43599,3333,85937,25209,12017,13192
14635,90622,4655,43609,3337,85964,25218,12018,13200
14640,90653,4660,43623,3341,85992,25227,12019,13208
14645,90684,4660,43641,3341,86022,25236,12025,13211
14650,90715,4660,43655,3341,86053,25245,12029,13216
14655,90746,4660,43672,3341,86083,25254,12034,13220
14660,90777,4660,43684,3341,86117,25263,12039,13224
14665,90808,4660,43696,3341,86148,25272,12042,13230
14670,90839,4660,43713,3341,86179,25281,12048,13233
14675,90870,4662,43722,3343,86207,25290,12049,13241
14680,90901,4663,43735,3343,86237,25299,12052,13247
14685,90932,4665,43749,3344,86266,25309,12054,13255
14690,90963,4667,43767,3346,86295,25319,12058,13261
14695,90994,4668,43780,3347,86325,25329,12062,13267
14700,91025,4670,43792,3348,86355,25339,12067,13272
14705,91056,4672,43808,3349,86383,25347,12070,13277
14710,91087,4674,43827,3351,86412,25355,12073,13282
14715,91118,4675,43839,3351,86443,25363,12077,13286
14720,91149,4678,43858,3353,86471,25371,12082,13289
14725,91180,4679,43870,3354,86501,25379,12083,13296
14730,91211,4681,43887,3355,86530,25387,12086,13301
14735,91242,4684,43904,3357,86558,25395,12090,13305
14740,91273,4686,43927,3359,86586,25403,12097,13306
14745,91304,4686,43944,3359,86617,25411,12102,13309
14750,91335,4688,43961,3361,86646,25419,12106,13313
14755,91366,4689,43975,3362,86676,25427,12111,13316
14760,91397,4690,43992,3362,86706,25435,12116,13319
14765,91428,4693,44004,3364,86734,25441,12118,13323
14770,91459,4697,44016,3367,86762,25447,12121,13326
14775,91490,4700,44038,3370,86789,25453,12123,13330
14780,91521,4702,44051,3372,86817,25459,12125,13334
14785,91552,4707,44069,3376,86843,25465,12128,13337
14790,91583,4708,44081,3377,86874,25471,12129,13342
14795,91614,4708,44096,3377,86905,25477,12132,13345
14800,91645,4708,44111,3377,86936,25483,12134,13349
14805,91676,4708,44127,3377,86965,25491,12139,13352
14810,91707,4708,44140,3377,86999,25499,12143,13356
14815,91738,4708,44150,3377,87029,25507,12146,13361
14820,91769,4708,44168,3377,87060,25515,12151,13364
14825,91800,4708,44185,3377,87091,25521,12155,13366
14830,91831,4708,44202,3377,87122,25527,12157,13370
14835,91862,4708,44213,3377,87154,25533,12158,13375
14840,91893,4708,44226,3377,87185,25539,12161,13378
14845,91924,4708,44245,3377,87215,25545,12166,13379
14850,91955,4710,44258,3379,87244,25551,12166,13385
14855,91986,4711,44272,3380,87275,25557,12170,13387
14860,92017,4712,44286,3380,87304,25563,12173,13390
14865,92048,4714,44303,3381,87332,25571,12176,13395
14870,92079,4715,44312,3381,87363,25579,12178,13401
14875,92110,4716,44323,3382,87394,25587,12181,13406
14880,92141,4718,44338,3384,87423,25595,12184,13411
14885,92172,4719,44348,3384,87453,25601,12186,13415
14890,92203,4720,44365,3384,87483,25607,12189,13418
14895,92234,4723,44377,3387,87511,25613,12192,13421
14900,92265,4725,44386,3387,87539,25619,12193,13426
14905,92296,4729,44401,3391,87566,25625,12196,13429
14910,92327,4734,44420,3396,87592,25631,12199,13432
14915,92358,4739,44435,3400,87618,25637,12202,13435
14920,92389,4745,44449,3404,87643,25643,12204,13439
14925,92420,4751,44463,3409,87668,25651,12207,13444
14930,92451,4758,44474,3414,87693,25659,12210,13449
14935,92482,4762,44485,3417,87720,25667,12211,13456
14940,92513,4762,44503,3417,87751,25675,12215,13460
14945,92544,4762,44517,3417,87782,25682,12219,13463
14950,92575,4762,44534,3417,87813,25689,12223,13466
14955,92606,4762,44547,3417,87844,25696,12227,13469
14960,92637,4762,44559,3417,87875,25703,12229,13474
14965,92668,4762,44568,3417,87905,25710,12232,13478
14970,92699,4762,44583,3417,87937,25717,12235,13482
14975,92730,4762,44594,3417,87968,25724,12237,13487
14980,92761,4762,44609,3417,87998,25731,12240,13491
14985,92792,4762,44622,3417,88028,25739,12245,13494
14990,92823,4762,44634,3417,88057,25748,12246,13502
14995,92854,4762,44646,3417,88091,25757,12250,13507
15000,92885,4762,44662,3417,88121,25766,12254,13512
15005,92916,4762,44674,3417,88154,25775,12258,13517
15010,92947,4762,44687,3417,88185,25784,12262,13522
15015,92978,4762,44703,3417,88216,25793,12267,13526
15020,93009,4762,44712,3417,88247,25802,12271,13531
15025,93040,4762,44724,3417,88277,25811,12275,13536
15030,93071,4762,44741,3417,88309,25820,12279,13541
15035,93102,4762,44760,3417,88338,25829,12286,13543
15040,93133,4764,44773,3419,88368,25838,12289,13549
15045,93164,4769,44786,3423,88392,25847,12291,13556
15050,93195,4774,44800,3428,88420,25857,12297,13560
15055,93226,4779,44814,3432,88447,25867,12302,13565
15060,93257,4781,44831,3434,88474,25877,12307,13570
15065,93288,4786,44846,3437,88502,25887,12313,13574
15070,93319,4790,44863,3440,88529,25897,12318,13579
15075,93350,4794,44878,3443,88555,25907,12321,13586
15080,93381,4799,44894,3447,88582,25917,12326,13591
15085,93412,4800,44914,3448,88612,25927,12332,13595
15090,93443,4803,44926,3451,88640,25937,12334,13603
15095,93474,4806,44946,3454,88668,25947,12339,13608
15100,93505,4809,44962,3456,88696,25957,12344,13613
15105,93536,4809,44980,3456,88727,25967,12349,13618
15110,93567,4809,44998,3456,88758,25977,12353,13624
15115,93598,4809,45017,3456,88788,25987,12357,13630
15120,93629,4809,45031,3456,88819,25997,12363,13634
15125,93660,4809,45041,3456,88851,26006,12365,13641
15130,93691,4809,45060,3456,88881,26015,12371,13644
15135,93722,4809,45074,3456,88913,26024,12377,13647
15140,93753,4809,45091,3456,88944,26033,12382,13651
15145,93784,4809,45103,3456,88975,26042,12386,13656
15150,93815,4809,45122,3456,89006,26051,12390,13661
15155,93846,4809,45134,3456,89037,26060,12395,13665
15160,93877,4809,45150,3456,89068,26069,12398,13671
15165,93908,4809,45172,3456,89099,26078,12406,13672
15170,93939,4809,45185,3456,89130,26087,12411,13676
15175,93970,4809,45201,3456,89161,26096,12416,13680
15180,94001,4809,45217,3456,89192,26105,12419,13686
15185,94032,4809,45233,3456,89220,26113,12423,13690
15190,94063,4813,45245,3460,89249,26121,12425,13696
15195,94094,4814,45261,3460,89280,26129,12430,13699
15200,94125,4815,45279,3461,89309,26137,12434,13703
15205,94156,4817,45295,3462,89339,26145,12438,13707
15210,94187,4819,45309,3462,89367,26153,12441,13712
15215,94218,4823,45323,3465,89394,26161,12444,13717
15220,94249,4825,45337,3466,89423,26169,12445,13724
15225,94280,4827,45355,3468,89453,26178,12449,13729
15230,94311,4829,45372,3470,89480,26187,12451,13736
15235,94342,4832,45390,3472,89509,26196,12458,13738
15240,94373,4836,45404,3474,89536,26205,12463,13742
15245,94404,4840,45419,3477,89563,26214,12468,13746
15250,94435,4843,45433,3479,89592,26223,12474,13749
15255,94466,4847,45454,3482,89618,26232,12481,13751
15260,94497,4851,45468,3484,89646,26241,12485,13756
15265,94528,4853,45479,3484,89673,26250,12488,13762
15270,94559,4858,45495,3489,89698,26259,12492,13767
15275,94590,4863,45510,3493,89726,26268,12496,13772
15280,94621,4865,45527,3495,89756,26277,12502,13775
15285,94652,4867,45541,3497,89783,26287,12505,13782
15290,94683,4868,45556,3498,89815,26297,12510,13787
15295,94714,4870,45569,3499,89843,26307,12514,13793
15300,94745,4872,45585,3501,89872,26317,12520,13797
15305,94776,4872,45601,3501,89904,26325,12524,13801
15310,94807,4872,45618,3501,89935,26333,12528,13805
15315,94838,4872,45636,3501,89965,26341,12534,13807
15320,94869,4872,45650,3501,89996,26349,12535,13814
15325,94900,4872,45666,3501,90027,26357,12540,13817
15330,94931,4872,45684,3501,90058,26365,12543,13822
15335,94962,4872,45703,3501,90089,26373,12547,13826
15340,94993,4872,45722,3501,90121,26381,12553,13828
15345,95024,4872,45736,3501,90152,26389,12555,13834
15350,95055,4872,45753,3501,90183,26397,12561,13836
15355,95086,4872,45770,3501,90214,26405,12566,13839
15360,95117,4872,45785,3501,90245,26413,12571,13842
15365,95148,4872,45801,3501,90276,26419,12574,13845
15370,95179,4872,45813,3501,90307,26425,12577,13848
15375,95210,4872,45821,3501,90338,26431,12579,13852
15380,95241,4872,45834,3501,90368,26437,12579,13858
15385,95272,4874,45852,3503,90397,26443,12584,13859
15390,95303,4876,45869,3504,90426,26449,12588,13861
15395,95334,4878,45885,3506,90456,26455,12592,13863
15400,95365,4879,45896,3507,90485,26461,12593,13868
15405,95396,4881,45909,3509,90515,26469,12599,13870
15410,95427,4885,45926,3512,90540,26477,12600,13877
15415,95458,4889,45941,3515,90568,26485,12602,13883
15420,95489,4894,45966,3520,90594,26493,12606,13887
15425,95520,4898,45978,3522,90622,26500,12608,13892
15430,95551,4901,45992,3524,90649,26507,12612,13895
15435,95582,4906,46007,3527,90676,26514,12617,13897
15440,95613,4909,46024,3528,90702,26521,12621,13900
15445,95644,4912,46039,3530,90732,26528,12624,13904
15450,95675,4914,46057,3532,90760,26535,12628,13907
15455,95706,4916,46075,3534,90789,26542,12632,13910
15460,95737,4917,46090,3535,90819,26549,12634,13915
15465,95768,4919,46107,3536,90848,26558,12640,13918
15470,95799,4921,46124,3537,90877,26567,12644,13923
15475,95830,4922,46142,3538,90908,26576,12648,13928
15480,95861,4924,46158,3539,90937,26585,12653,13932
15485,95892,4924,46174,3539,90968,26594,12656,13938
15490,95923,4924,46190,3539,90999,26603,12662,13941
15495,95954,4924,46205,3539,91029,26612,12666,13946
15500,95985,4924,46217,3539,91061,26621,12672,13949
15505,96016,4924,46229,3539,91091,26630,12675,13955
15510,96047,4924,46240,3539,91123,26639,12676,13963
15515,96078,4924,46255,3539,91153,26648,12681,13967
15520,96109,4924,46273,3539,91184,26657,12687,13970
15525,96140,4924,46288,3539,91215,26667,12691,13976
15530,96171,4924,46301,3539,91245,26677,12695,13982
15535,96202,4924,46317,3539,91278,26687,12699,13988
15540,96233,4924,46330,3539,91309,26697,12705,13992
15545,96264,4925,46343,3540,91336,26705,12709,13996
15550,96295,4927,46354,3542,91367,26713,12711,14002
15555,96326,4928,46372,3543,91397,26721,12716,14005
15560,96357,4930,46384,3544,91426,26729,12718,14011
15565,96388,4932,46398,3545,91454,26737,12719,14018
15570,96419,4934,46414,3546,91483,26745,12721,14024
15575,96450,4936,46430,3547,91513,26753,12724,14029
15580,96481,4940,46445,3551,91541,26761,12727,14034
15585,96512,4943,46459,3553,91569,26769,12731,14038
15590,96543,4946,46478,3556,91596,26777,12736,14041
15595,96574,4951,46496,3559,91621,26785,12741,14044
15600,96605,4954,46510,3562,91651,26793,12744,14049
15605,96636,4955,46528,3563,91681,26801,12748,14053
15610,96667,4957,46546,3564,91710,26809,12751,14058
15615,96698,4959,46568,3566,91739,26817,12757,14060
15620,96729,4960,46582,3567,91769,26825,12761,14064
15625,96760,4962,46594,3568,91798,26833,12763,14070
15630,96791,4963,46602,3568,91828,26841,12765,14076
15635,96822,4964,46616,3569,91858,26849,12770,14079
15640,96853,4966,46631,3571,91886,26857,12775,14082
15645,96884,4967,46647,3571,91917,26866,12781,14085
15650,96915,4968,46664,3572,91947,26876,12785,14091
15655,96946,4970,46684,3574,91976,26886,12792,14094
15660,96977,4972,46703,3575,92003,26896,12798,14098
15665,97008,4974,46715,3577,92033,26904,12801,14103
15670,97039,4976,46731,3578,92062,26912,12804,14108
15675,97070,4978,46746,3579,92091,26920,12810,14110
15680,97101,4978,46761,3579,92123,26928,12811,14117
15685,97132,4978,46778,3579,92154,26936,12814,14122
15690,97163,4978,46793,3579,92184,26944,12819,14125
15695,97194,4978,46806,3579,92216,26952,12823,14129
15700,97225,4978,46823,3579,92246,26960,12828,14132
15705,97256,4980,46838,3581,92275,26968,12831,14137
15710,97287,4981,46852,3582,92304,26976,12833,14143
15715,97318,4985,46865,3586,92331,26984,12837,14147
15720,97349,4988,46881,3588,92360,26992,12841,14151
15725,97380,4991,46902,3590,92387,26999,12845,14154
15730,97411,4995,46923,3593,92415,27006,12850,14156
15735,97442,4997,46939,3595,92443,27013,12855,14158
15740,97473,4999,46954,3596,92473,27020,12858,14162
15745,97504,5000,46971,3597,92503,27027,12861,14166
15750,97535,5000,46983,3597,92535,27034,12865,14169
15755,97566,5000,46996,3597,92565,27041,12866,14175
15760,97597,5000,47011,3597,92596,27048,12868,14180
15765,97628,5000,47024,3597,92628,27056,12871,14185
15770,97659,5000,47041,3597,92657,27065,12876,14189
15775,97690,5000,47057,3597,92689,27074,12883,14191
15780,97721,5001,47071,3597,92719,27083,12889,14194
15785,97752,5002,47082,3597,92750,27092,12892,14200
15790,97783,5004,47093,3598,92779,27101,12897,14204
15795,97814,5005,47106,3599,92809,27110,12901,14209
15800,97845,5006,47123,3599,92839,27119,12905,14214
15805,97876,5008,47141,3600,92868,27128,12910,14218
15810,97907,5010,47161,3601,92897,27137,12915,14222
15815,97938,5011,47177,3601,92927,27146,12918,14228
15820,97969,5012,47191,3601,92957,27155,12921,14234
15825,98000,5014,47209,3603,92985,27165,12926,14239
15830,98031,5015,47220,3603,93016,27175,12930,14245
15835,98062,5017,47232,3604,93044,27185,12933,14252
15840,98093,5020,47252,3607,93072,27195,12939,14256
15845,98124,5022,47268,3609,93101,27202,12942,14260
15850,98155,5025,47284,3611,93129,27209,12946,14263
15855,98186,5029,47304,3615,93157,27216,12951,14265
15860,98217,5033,47321,3617,93183,27223,12954,14269
15865,98248,5035,47332,3619,93213,27230,12956,14274
15870,98279,5036,47345,3619,93243,27237,12959,14278
15875,98310,5037,47363,3620,93273,27244,12965,14279
15880,98341,5038,47373,3620,93303,27251,12967,14284
15885,98372,5039,47391,3620,93332,27258,12971,14287
15890,98403,5041,47411,3622,93360,27265,12977,14288
15895,98434,5043,47424,3623,93390,27272,12979,14293
15900,98465,5044,47440,3623,93420,27279,12985,14294
15905,98496,5045,47456,3623,93451,27285,12986,14299
15910,98527,5046,47472,3623,93480,27291,12991,14300
15915,98558,5048,47487,3625,93509,27297,12995,14302
15920,98589,5050,47504,3626,93539,27303,12999,14304
15925,98620,5051,47515,3626,93568,27309,13000,14309
15930,98651,5053,47526,3628,93598,27315,13003,14312
15935,98682,5055,47541,3630,93627,27321,13006,14315
15940,98713,5057,47561,3631,93654,27327,13009,14318
15945,98744,5060,47575,3634,93684,27336,13014,14322
15950,98775,5063,47589,3637,93712,27345,13017,14328
15955,98806,5063,47600,3637,93743,27354,13020,14334
15960,98837,5063,47612,3637,93774,27363,13024,14339
15965,98868,5063,47627,3637,93805,27372,13029,14343
15970,98899,5065,47641,3638,93834,27381,13032,14349
15975,98930,5067,47656,3639,93863,27390,13034,14356
15980,98961,5068,47671,3639,93893,27399,13038,14361
15985,98992,5070,47684,3640,93922,27408,13043,14365
15990,99023,5071,47696,3640,93952,27417,13045,14372
15995,99054,5073,47714,3641,93981,27426,13050,14376
16000,99085,5074,47724,3642,94011,27435,13055,14380
16005,99116,5076,47736,3644,94039,27445,13058,14387
16010,99147,5078,47751,3645,94067,27455,13064,14391
16015,99178,5080,47769,3647,94098,27465,13069,14396
16020,99209,5081,47788,3648,94126,27475,13076,14399
16025,99240,5082,47805,3648,94156,27485,13082,14403
16030,99271,5084,47821,3650,94186,27495,13088,14407
16035,99302,5085,47837,3650,94217,27505,13094,14411
16040,99333,5086,47857,3651,94247,27515,13098,14417
16045,99364,5088,47872,3653,94276,27525,13102,14423
16050,99395,5089,47884,3653,94306,27535,13107,14428
16055,99426,5091,47898,3655,94335,27545,13109,14436
16060,99457,5094,47913,3657,94363,27555,13116,14439
16065,99488,5095,47930,3658,94393,27565,13121,14444
16070,99519,5096,47944,3659,94422,27575,13126,14449
16075,99550,5097,47958,3660,94452,27585,13133,14452
16080,99581,5098,47970,3661,94483,27595,13136,14459
16085,99612,5099,47983,3662,94513,27605,13142,14463
16090,99643,5100,47997,3662,94543,27615,13146,14469
16095,99674,5101,48012,3663,94572,27625,13150,14475
16100,99705,5102,48030,3664,94601,27635,13155,14480
16105,99736,5103,48047,3664,94633,27645,13161,14484
16110,99767,5104,48059,3664,94662,27655,13164,14491
16115,99798,5105,48076,3665,94692,27665,13171,14494
16120,99829,5106,48091,3665,94722,27675,13176,14499
16125,99860,5107,48106,3666,94753,27685,13180,14505
16130,99891,5108,48122,3667,94783,27695,13186,14509
16135,99922,5109,48133,3667,94813,27705,13190,14515
16140,99953,5110,48140,3667,94842,27715,13192,14523
16145,99984,5113,48153,3669,94871,27722,13194,14528
16150,100015,5115,48168,3671,94899,27729,13197,14532
16155,100046,5118,48183,3673,94928,27736,13201,14535
16160,100077,5120,48196,3675,94956,27743,13203,14540
16165,100108,5124,48210,3677,94983,27750,13207,14543
16170,100139,5128,48230,3681,95010,27757,13213,14544
16175,100170,5131,48246,3683,95038,27764,13216,14548
16180,100201,5132,48265,3683,95069,27771,13221,14550
16185,100232,5133,48276,3684,95099,27778,13223,14555
16190,100263,5134,48286,3685,95129,27785,13225,14560
16195,100294,5135,48302,3685,95158,27792,13229,14563
16200,100325,5137,48317,3686,95186,27799,13232,14567
16205,100356,5139,48330,3687,95217,27806,13235,14571
16210,100387,5141,48342,3688,95245,27813,13238,14575
16215,100418,5142,48359,3688,95274,27820,13240,14580
16220,100449,5144,48376,3689,95305,27827,13244,14583
16225,100480,5146,48391,3691,95334,27834,13248,14586
16230,100511,5147,48405,3692,95362,27841,13249,14592
16235,100542,5148,48420,3692,95392,27848,13253,14595
16240,100573,5151,48442,3695,95420,27855,13259,14596
16245,100604,5152,48457,3695,95451,27864,13263,14601
16250,100635,5154,48466,3696,95480,27874,13266,14608
16255,100666,5157,48481,3698,95508,27884,13271,14613
16260,100697,5159,48497,3700,95537,27894,13277,14617
16265,100728,5159,48507,3700,95568,27903,13280,14623
16270,100759,5159,48519,3700,95600,27912,13285,14627
16275,100790,5159,48533,3700,95631,27921,13291,14630
16280,100821,5160,48546,3700,95661,27930,13298,14632
16285,100852,5162,48556,3702,95689,27939,13300,14639
16290,100883,5164,48569,3704,95718,27948,13305,14643
16295,100914,5166,48580,3705,95746,27957,13308,14649
16300,100945,5169,48598,3708,95774,27966,13311,14655
16305,100976,5173,48615,3712,95801,27975,13316,14659
16310,101007,5177,48628,3715,95829,27984,13321,14663
16315,101038,5179,48647,3717,95856,27993,13326,14667
16320,101069,5183,48661,3721,95886,28002,13330,14672
16325,101100,5183,48672,3721,95917,28010,13334,14676
16330,101131,5183,48684,3721,95948,28018,13340,14678
16335,101162,5183,48697,3721,95979,28026,13344,14682
16340,101193,5183,48710,3721,96010,28034,13347,14687
16345,101224,5183,48730,3721,96041,28042,13351,14691
16350,101255,5183,48749,3721,96072,28050,13357,14693
16355,101286,5183,48760,3721,96103,28058,13359,14699
16360,101317,5183,48780,3721,96134,28066,13363,14703
16365,101348,5183,48794,3721,96165,28075,13367,14708
16370,101379,5184,48809,3721,96195,28084,13374,14710
16375,101410,5185,48820,3721,96225,28093,13377,14716
16380,101441,5187,48836,3723,96253,28102,13382,14720
16385,101472,5189,48849,3725,96283,28107,13382,14725
16390,101503,5190,48867,3726,96312,28112,13384,14728
16395,101534,5191,48883,3726,96342,28117,13387,14730
16400,101565,5193,48899,3728,96371,28122,13389,14733
16405,101596,5195,48917,3730,96401,28127,13393,14734
16410,101627,5197,48926,3732,96430,28132,13394,14738
16415,101658,5199,48942,3733,96459,28137,13395,14742
16420,101689,5201,48956,3734,96488,28142,13396,14746
16425,101720,5203,48972,3735,96515,28148,13399,14749
16430,101751,5207,48991,3738,96542,28154,13404,14750
16435,101782,5212,49001,3741,96570,28160,13406,14754
16440,101813,5215,49022,3744,96598,28166,13410,14756
16445,101844,5216,49036,3745,96628,28171,13412,14759
16450,101875,5217,49057,3746,96658,28176,13413,14763
16455,101906,5218,49071,3747,96687,28181,13415,14766
16460,101937,5221,49086,3749,96715,28186,13418,14768
16465,101968,5224,49099,3752,96743,28191,13419,14772
16470,101999,5227,49120,3755,96771,28196,13423,14773
16475,102030,5230,49140,3758,96800,28201,13426,14775
16480,102061,5232,49150,3760,96828,28206,13426,14780
16485,102092,5234,49165,3762,96854,28214,13429,14785
16490,102123,5236,49170,3763,96886,28223,13429,14794
16495,102154,5237,49186,3764,96917,28232,13434,14798
16500,102185,5237,49201,3764,96947,28241,13437,14804
16505,102216,5237,49216,3764,96978,28250,13442,14808
16510,102247,5237,49227,3764,97009,28259,13442,14817
16515,102278,5237,49239,3764,97041,28268,13445,14823
16520,102309,5237,49248,3764,97072,28277,13450,14827
16525,102340,5237,49263,3764,97102,28286,13454,14832
16530,102371,5237,49279,3764,97134,28295,13459,14836
16535,102402,5237,49293,3764,97164,28304,13461,14843
16540,102433,5237,49311,3764,97196,28313,13468,14845
16545,102464,5237,49328,3764,97226,28323,13474,14849
16550,102495,5239,49342,3765,97255,28333,13478,14855
16555,102526,5241,49354,3767,97284,28343,13482,14861
16560,102557,5243,49372,3769,97313,28353,13490,14863
16565,102588,5244,49388,3770,97343,28363,13494,14869
16570,102619,5246,49400,3771,97373,28373,13499,14874
16575,102650,5248,49414,3772,97401,28383,13505,14878
16580,102681,5249,49430,3773,97431,28393,13511,14882
16585,102712,5251,49446,3775,97461,28403,13514,14889
16590,102743,5252,49459,3775,97491,28413,13519,14894
16595,102774,5254,49476,3777,97519,28423,13524,14899
16600,102805,5256,49495,3779,97546,28433,13529,14904
16605,102836,5259,49509,3780,97575,28443,13536,14907
16610,102867,5262,49531,3782,97604,28453,13543,14910
16615,102898,5265,49547,3784,97633,28463,13549,14914
16620,102929,5267,49561,3785,97661,28473,13554,14919
16625,102960,5270,49576,3787,97689,28483,13558,14925
16630,102991,5271,49590,3787,97720,28493,13563,14930
16635,103022,5272,49601,3788,97750,28503,13567,14936
16640,103053,5273,49617,3789,97780,28513,13572,14941
16645,103084,5274,49633,3789,97810,28523,13577,14946
16650,103115,5275,49647,3789,97840,28533,13581,14952
16655,103146,5276,49661,3790,97870,28543,13587,14956
16660,103177,5277,49676,3791,97900,28553,13590,14963
16665,103208,5278,49692,3791,97928,28563,13594,14969
16670,103239,5281,49704,3793,97956,28573,13600,14973
16675,103270,5284,49722,3796,97984,28583,13604,14979
16680,103301,5286,49736,3797,98013,28593,13606,14987
16685,103332,5289,49755,3800,98041,28603,13611,14992
16690,103363,5293,49770,3804,98068,28613,13615,14998
16695,103394,5296,49787,3807,98098,28623,13623,15000
16700,103425,5296,49800,3807,98128,28633,13628,15005
16705,103456,5296,49812,3807,98159,28643,13630,15013
16710,103487,5296,49829,3807,98191,28653,13635,15018
16715,103518,5296,49843,3807,98221,28663,13640,15023
16720,103549,5296,49857,3807,98252,28673,13644,15029
16725,103580,5296,49874,3807,98282,28683,13647,15036
16730,103611,5296,49892,3807,98313,28693,13655,15038
16735,103642,5297,49904,3808,98344,28703,13661,15042
16740,103673,5298,49919,3808,98373,28713,13665,15048
16745,103704,5299,49932,3808,98403,28722,13670,15052
16750,103735,5300,49945,3808,98434,28731,13675,15056
16755,103766,5301,49961,3808,98463,28740,13679,15061
16760,103797,5302,49977,3809,98494,28749,13685,15064
16765,103828,5303,49989,3809,98524,28758,13689,15069
16770,103859,5304,50006,3810,98555,28767,13695,15072
16775,103890,5305,50020,3810,98585,28776,13700,15076
16780,103921,5306,50031,3810,98615,28785,13702,15083
16785,103952,5307,50047,3810,98645,28794,13707,15087
16790,103983,5309,50062,3812,98674,28803,13713,15090
16795,104014,5310,50080,3813,98702,28812,13717,15095
16800,104045,5314,50097,3817,98728,28821,13721,15100
16805,104076,5320,50110,3823,98755,28829,13725,15104
16810,104107,5323,50126,3825,98782,28837,13729,15108
16815,104138,5327,50138,3828,98811,28845,13733,15112
16820,104169,5331,50153,3830,98837,28853,13736,15117
16825,104200,5335,50171,3834,98864,28861,13740,15121
16830,104231,5338,50181,3836,98893,28869,13743,15126
16835,104262,5341,50192,3838,98920,28877,13746,15131
16840,104293,5346,50205,3841,98947,28885,13751,15134
16845,104324,5350,50218,3845,98974,28894,13754,15140
16850,104355,5352,50235,3847,99003,28903,13759,15144
16855,104386,5354,50253,3848,99031,28912,13764,15148
16860,104417,5356,50266,3849,99061,28921,13769,15152
16865,104448,5356,50275,3849,99092,28929,13772,15157
16870,104479,5356,50284,3849,99123,28937,13773,15164
16875,104510,5356,50302,3849,99154,28945,13777,15168
16880,104541,5356,50321,3849,99184,28953,13783,15170
16885,104572,5356,50336,3849,99215,28961,13788,15173
16890,104603,5356,50350,3849,99246,28969,13792,15177
16895,104634,5356,50359,3849,99278,28977,13796,15181
16900,104665,5356,50376,3849,99308,28985,13801,15184
16905,104696,5356,50393,3849,99337,28993,13806,15187
16910,104727,5356,50407,3849,99370,29002,13811,15191
16915,104758,5356,50424,3849,99401,29011,13815,15196
16920,104789,5356,50440,3849,99431,29020,13822,15198
16925,104820,5356,50451,3849,99464,29024,13824,15200
16930,104851,5356,50470,3849,99495,29028,13825,15203
16935,104882,5356,50482,3849,99526,29032,13826,15206
16940,104913,5356,50496,3849,99557,29036,13827,15209
16945,104944,5356,50505,3849,99588,29040,13827,15213
16950,104975,5356,50515,3849,99619,29044,13828,15216
16955,105006,5357,50531,3849,99649,29048,13829,15219
16960,105037,5359,50544,3850,99678,29052,13829,15223
16965,105068,5360,50557,3851,99706,29057,13831,15226
16970,105099,5365,50572,3854,99732,29062,13834,15228
16975,105130,5369,50586,3857,99759,29067,13837,15230
16980,105161,5372,50601,3859,99788,29072,13841,15231
16985,105192,5374,50611,3859,99816,29076,13842,15234
16990,105223,5380,50623,3863,99842,29080,13843,15237
16995,105254,5384,50638,3865,99869,29084,13845,15239
17000,105285,5388,50655,3869,99897,29088,13847,15241
17005,105316,5392,50664,3872,99924,29092,13847,15245
17010,105347,5395,50678,3873,99950,29096,13850,15246
17015,105378,5398,50697,3875,99979,29100,13853,15247
17020,105409,5400,50714,3876,100009,29104,13856,15248
17025,105440,5402,50731,3877,100038,29113,13860,15253
17030,105471,5407,50752,3881,100063,29122,13863,15259
17035,105502,5407,50767,3881,100094,29131,13868,15263
17040,105533,5407,50784,3881,100125,29140,13873,15267
17045,105564,5407,50795,3881,100156,29148,13875,15273
17050,105595,5407,50809,3881,100187,29156,13879,15277
17055,105626,5407,50824,3881,100218,29164,13882,15282
17060,105657,5407,50839,3881,100249,29172,13886,15286
17065,105688,5407,50857,3881,100281,29180,13892,15288
17070,105719,5407,50872,3881,100312,29188,13896,15292
17075,105750,5407,50889,3881,100343,29196,13901,15295
17080,105781,5407,50901,3881,100374,29204,13906,15298
17085,105812,5407,50917,3881,100405,29213,13913,15300
17090,105843,5407,50935,3881,100434,29222,13918,15304
17095,105874,5407,50946,3881,100467,29231,13921,15310
17100,105905,5407,50963,3881,100497,29240,13924,15316
17105,105936,5407,50979,3881,100528,29249,13927,15322
17110,105967,5407,50998,3881,100558,29258,13931,15327
17115,105998,5407,51012,3881,100591,29267,13935,15332
17120,106029,5408,51024,3882,100620,29276,13939,15337
17125,106060,5409,51039,3882,100651,29285,13944,15341
17130,106091,5410,51052,3882,100681,29294,13949,15345
17135,106122,5411,51073,3883,100710,29303,13955,15348
17140,106153,5414,51087,3886,100738,29312,13959,15353
17145,106184,5418,51100,3889,100766,29321,13964,15357
17150,106215,5421,51114,3891,100794,29331,13971,15360
17155,106246,5425,51130,3893,100820,29341,13979,15362
17160,106277,5428,51150,3895,100847,29351,13984,15367
17165,106308,5433,51166,3898,100874,29361,13990,15371
17170,106339,5437,51178,3902,100902,29371,13994,15377
17175,106370,5440,51192,3903,100929,29381,13999,15382
17180,106401,5443,51203,3904,100957,29391,14003,15388
17185,106432,5448,51216,3909,100983,29401,14008,15393
17190,106463,5453,51226,3913,101009,29411,14011,15400
17195,106494,5458,51239,3917,101036,29421,14018,15403
17200,106525,5460,51252,3918,101063,29431,14021,15410
17205,106556,5461,51265,3919,101095,29441,14026,15415
17210,106587,5461,51282,3919,101124,29451,14032,15419
17215,106618,5461,51295,3919,101156,29461,14037,15424
17220,106649,5461,51313,3919,101187,29471,14043,15428
17225,106680,5461,51324,3919,101219,29481,14045,15436
17230,106711,5461,51340,3919,101249,29491,14050,15441
17235,106742,5461,51354,3919,101281,29501,14057,15444
17240,106773,5461,51362,3919,101311,29511,14059,15452
17245,106804,5461,51378,3919,101340,29521,14064,15457
17250,106835,5461,51391,3919,101372,29531,14068,15463
17255,106866,5461,51407,3919,101402,29541,14073,15468
17260,106897,5461,51420,3919,101436,29551,14077,15474
17265,106928,5461,51440,3919,101467,29561,14084,15477
17270,106959,5461,51456,3919,101498,29571,14088,15483
17275,106990,5461,51469,3919,101529,29581,14095,15486
17280,107021,5461,51487,3919,101560,29591,14100,15491
17285,107052,5461,51504,3919,101591,29601,14106,15495
17290,107083,5461,51521,3919,101622,29611,14112,15499
17295,107114,5461,51536,3919,101653,29621,14115,15506
17300,107145,5461,51552,3919,101684,29631,14122,15509
17305,107176,5462,51568,3920,101714,29641,14127,15514
17310,107207,5464,51587,3922,101743,29651,14133,15518
17315,107238,5467,51601,3923,101770,29661,14137,15524
17320,107269,5470,51616,3925,101799,29671,14142,15529
17325,107300,5472,51631,3926,101826,29681,14148,15533
17330,107331,5475,51642,3928,101855,29691,14151,15540
17335,107362,5478,51657,3929,101883,29701,14156,15545
17340,107393,5482,51677,3932,101910,29711,14162,15549
17345,107424,5486,51693,3935,101938,29720,14167,15553
17350,107455,5489,51708,3938,101966,29729,14173,15556
17355,107486,5493,51719,3941,101993,29738,14178,15560
17360,107517,5495,51729,3941,102021,29747,14183,15564
17365,107548,5501,51745,3946,102046,29756,14186,15570
17370,107579,5506,51762,3949,102071,29765,14191,15574
17375,107610,5513,51780,3955,102096,29774,14196,15578
17380,107641,5516,51794,3957,102124,29783,14198,15585
17385,107672,5518,51807,3959,102154,29792,14202,15590
17390,107703,5520,51820,3961,102183,29801,14207,15594
17395,107734,5520,51836,3961,102214,29810,14210,15600
17400,107765,5520,51850,3961,102245,29819,14214,15605
17405,107796,5520,51864,3961,102275,29826,14218,15608
17410,107827,5520,51879,3961,102306,29833,14222,15611
17415,107858,5520,51892,3961,102338,29840,14223,15617
17420,107889,5520,51904,3961,102368,29847,14225,15622
17425,107920,5520,51920,3961,102399,29854,14229,15625
17430,107951,5520,51935,3961,102430,29861,14233,15628
17435,107982,5520,51952,3961,102458,29868,14236,15632
17440,108013,5520,51966,3961,102492,29875,14238,15637
17445,108044,5520,51976,3961,102524,29883,14242,15641
17450,108075,5520,51990,3961,102553,29891,14246,15645
17455,108106,5520,51999,3961,102585,29899,14248,15651
17460,108137,5520,52015,3961,102616,29907,14251,15656
17465,108168,5520,52030,3961,102646,29912,14253,15659
17470,108199,5520,52045,3961,102678,29917,14256,15661
17475,108230,5520,52068,3961,102709,29922,14257,15665
17480,108261,5521,52084,3962,102737,29927,14259,15668
17485,108292,5524,52098,3965,102767,29932,14262,15670
17490,108323,5527,52113,3967,102794,29937,14264,15673
17495,108354,5529,52126,3969,102823,29942,14266,15676
17500,108385,5532,52137,3971,102851,29947,14270,15677
17505,108416,5535,52152,3973,102879,29954,14274,15680
17510,108447,5541,52162,3978,102905,29961,14278,15683
17515,108478,5546,52183,3983,102928,29968,14284,15684
17520,108509,5552,52200,3987,102956,29975,14288,15687
17525,108540,5556,52211,3989,102984,29980,14289,15691
17530,108571,5559,52224,3990,103011,29985,14292,15693
17535,108602,5561,52240,3990,103041,29990,14294,15696
17540,108633,5564,52255,3991,103068,29995,14297,15698
17545,108664,5569,52272,3995,103095,30000,14300,15700
17550,108695,5573,52288,3999,103121,30005,14304,15701
17555,108726,5576,52302,4002,103150,30010,14304,15706
17560,108757,5576,52320,4002,103181,30015,14307,15708
17565,108788,5576,52340,4002,103212,30022,14313,15709
17570,108819,5576,52355,4002,103243,30030,14318,15712
17575,108850,5576,52375,4002,103273,30038,14321,15717
17580,108881,5576,52391,4002,103305,30046,14326,15720
17585,108912,5576,52405,4002,103335,30054,14330,15724
17590,108943,5576,52418,4002,103366,30062,14333,15729
17595,108974,5576,52431,4002,103398,30070,14337,15733
17600,109005,5576,52444,4002,103429,30078,14340,15738
17605,109036,5576,52457,4002,103460,30086,14342,15744
17610,109067,5576,52469,4002,103491,30094,14345,15749
17615,109098,5576,52485,4002,103522,30102,14350,15752
17620,109129,5576,52499,4002,103553,30110,14354,15756
17625,109160,5576,52517,4002,103584,30120,14361,15759
17630,109191,5576,52535,4002,103613,30130,14367,15763
17635,109222,5576,52550,4002,103646,30140,14371,15769
17640,109253,5576,52565,4002,103677,30150,14376,15774
17645,109284,5576,52578,4002,103708,30160,14380,15780
17650,109315,5576,52591,4002,103739,30170,14384,15786
17655,109346,5576,52598,4002,103770,30180,14387,15793
17660,109377,5576,52613,4002,103799,30190,14392,15798
17665,109408,5580,52627,4006,103828,30200,14396,15804
17670,109439,5583,52643,4009,103856,30210,14400,15810
17675,109470,5586,52655,4011,103882,30220,14403,15817
17680,109501,5589,52667,4013,103910,30230,14409,15821
17685,109532,5591,52685,4015,103939,30240,14414,15826
17690,109563,5595,52698,4018,103966,30250,14417,15833
17695,109594,5601,52721,4024,103990,30260,14424,15836
17700,109625,5606,52734,4028,104018,30270,14431,15839
17705,109656,5610,52751,4030,104044,30279,14435,15844
17710,109687,5614,52766,4034,104072,30288,14436,15852
17715,109718,5619,52779,4038,104098,30297,14439,15858
17720,109749,5620,52796,4038,104128,30306,14442,15864
17725,109780,5622,52816,4039,104157,30315,14447,15868
17730,109811,5625,52838,4041,104185,30324,14452,15872
17735,109842,5628,52854,4043,104213,30333,14458,15875
17740,109873,5628,52873,4043,104243,30342,14464,15878
17745,109904,5628,52885,4043,104276,30351,14466,15885
17750,109935,5628,52898,4043,104306,30360,14472,15888
17755,109966,5628,52911,4043,104338,30369,14476,15893
17760,109997,5628,52933,4043,104368,30378,14482,15896
17765,110028,5628,52953,4043,104399,30386,14487,15899
17770,110059,5628,52964,4043,104431,30394,14490,15904
17775,110090,5628,52977,4043,104462,30402,14493,15909
17780,110121,5628,52998,4043,104493,30410,14498,15912
17785,110152,5628,53014,4043,104524,30418,14500,15918
17790,110183,5628,53031,4043,104555,30426,14504,15922
17795,110214,5628,53044,4043,104586,30434,14507,15927
17800,110245,5628,53063,4043,104617,30442,14512,15930
17805,110276,5628,53077,4043,104648,30451,14517,15934
17810,110307,5628,53097,4043,104678,30460,14523,15937
17815,110338,5628,53115,4043,104708,30469,14529,15940
17820,110369,5628,53134,4043,104739,30478,14533,15945
17825,110400,5632,53152,4047,104767,30487,14538,15949
17830,110431,5635,53169,4049,104796,30496,14543,15953
17835,110462,5636,53186,4050,104826,30505,14547,15958
17840,110493,5637,53202,4050,104856,30514,14554,15960
17845,110524,5639,53216,4051,104885,30523,14560,15963
17850,110555,5643,53224,4053,104912,30532,14560,15972
17855,110586,5646,53237,4055,104940,30541,14562,15979
17860,110617,5649,53251,4058,104967,30550,14564,15986
17865,110648,5653,53261,4061,104995,30559,14568,15991
17870,110679,5656,53278,4064,105023,30569,14573,15996
17875,110710,5660,53295,4066,105049,30579,14578,16001
17880,110741,5666,53309,4072,105074,30589,14580,16009
17885,110772,5668,53323,4074,105104,30599,14583,16016
17890,110803,5670,53338,4076,105133,30609,14587,16022
17895,110834,5672,53357,4078,105162,30619,14593,16026
17900,110865,5674,53373,4079,105191,30629,14599,16030
17905,110896,5676,53389,4080,105220,30639,14604,16035
17910,110927,5677,53403,4081,105250,30649,14610,16039
17915,110958,5679,53418,4083,105279,30659,14612,16047
17920,110989,5679,53438,4083,105310,30669,14620,16049
17925,111020,5679,53452,4083,105340,30679,14623,16056
17930,111051,5679,53465,4083,105371,30689,14626,16063
17935,111082,5679,53476,4083,105403,30699,14628,16071
17940,111113,5679,53491,4083,105433,30709,14631,16078
17945,111144,5679,53499,4083,105465,30716,14631,16085
17950,111175,5679,53519,4083,105495,30723,14634,16089
17955,111206,5679,53538,4083,105527,30730,14638,16092
17960,111237,5679,53556,4083,105557,30737,14642,16095
17965,111268,5679,53568,4083,105588,30744,14646,16098
17970,111299,5679,53582,4083,105620,30751,14647,16104
17975,111330,5679,53595,4083,105650,30758,14648,16110
17980,111361,5679,53610,4083,105681,30765,14652,16113
17985,111392,5679,53627,4083,105713,30772,14656,16116
17990,111423,5680,53639,4084,105741,30779,14657,16122
17995,111454,5682,53652,4085,105770,30786,14661,16125
18000,111485,5683,53665,4086,105799,30793,14666,16127
18005,111516,5685,53680,4087,105829,30797,14668,16129
18010,111547,5686,53691,4088,105860,30801,14668,16133
18015,111578,5688,53705,4090,105889,30805,14670,16135
18020,111609,5690,53723,4092,105919,30809,14672,16137
18025,111640,5691,53737,4092,105948,30813,14674,16139
18030,111671,5694,53754,4094,105975,30817,14676,16141
18035,111702,5697,53775,4097,106004,30821,14678,16143
18040,111733,5699,53789,4097,106034,30825,14681,16144
18045,111764,5701,53805,4098,106061,30832,14684,16148
18050,111795,5705,53823,4101,106089,30839,14687,16152
18055,111826,5709,53837,4103,106117,30846,14691,16155
18060,111857,5713,53853,4106,106143,30853,14693,16160
18065,111888,5718,53870,4110,106168,30860,14698,16162
18070,111919,5722,53881,4113,106195,30867,14701,16166
18075,111950,5725,53895,4115,106224,30874,14704,16170
18080,111981,5727,53905,4116,106253,30881,14708,16173
18085,112012,5731,53927,4120,106281,30888,14710,16178
18090,112043,5734,53938,4123,106309,30895,14713,16182
18095,112074,5734,53954,4123,106340,30902,14715,16187
18100,112105,5734,53968,4123,106371,30909,14718,16191
18105,112136,5734,53983,4123,106402,30919,14725,16194
18110,112167,5734,53993,4123,106433,30929,14728,16201
18115,112198,5734,54010,4123,106464,30939,14732,16207
18120,112229,5734,54026,4123,106494,30949,14738,16211
18125,112260,5734,54043,4123,106526,30957,14744,16213
18130,112291,5734,54056,4123,106557,30965,14746,16219
18135,112322,5734,54072,4123,106588,30973,14750,16223
18140,112353,5734,54088,4123,106618,30981,14752,16229
18145,112384,5734,54099,4123,106650,30989,14753,16236
18150,112415,5734,54113,4123,106681,30997,14759,16238
18155,112446,5734,54130,4123,106712,31005,14763,16242
18160,112477,5734,54147,4123,106743,31013,14766,16247
18165,112508,5734,54160,4123,106774,31021,14769,16252
18170,112539,5734,54169,4123,106805,31029,14773,16256
18175,112570,5734,54187,4123,106835,31037,14777,16260
18180,112601,5735,54201,4124,106865,31045,14778,16267
18185,112632,5737,54217,4126,106894,31053,14783,16270
18190,112663,5740,54231,4128,106921,31061,14786,16275
18195,112694,5741,54247,4129,106952,31069,14792,16277
18200,112725,5743,54263,4131,106980,31077,14798,16279
18205,112756,5748,54277,4135,107008,31085,14801,16284
18210,112787,5751,54294,4138,107035,31093,14804,16289
18215,112818,5754,54305,4139,107064,31101,14808,16293
18220,112849,5757,54319,4140,107091,31109,14811,16298
18225,112880,5761,54334,4143,107118,31118,14816,16302
18230,112911,5766,54345,4147,107144,31128,14819,16309
18235,112942,5768,54357,4149,107174,31138,14821,16317
18240,112973,5770,54371,4150,107201,31148,14826,16322
18245,113004,5774,54393,4153,107228,31158,14834,16324
18250,113035,5778,54406,4156,107256,31168,14839,16329
18255,113066,5781,54417,4158,107284,31178,14842,16336
18260,113097,5784,54432,4161,107312,31188,14845,16343
18265,113128,5789,54446,4165,107339,31198,14849,16349
18270,113159,5789,54461,4165,107370,31208,14855,16353
18275,113190,5789,54474,4165,107401,31218,14859,16359
18280,113221,5789,54487,4165,107432,31228,14864,16364
18285,113252,5789,54501,4165,107463,31238,14868,16370
18290,113283,5789,54521,4165,107494,31248,14874,16374
18295,113314,5789,54539,4165,107525,31258,14880,16378
18300,113345,5789,54555,4165,107556,31268,14885,16383
18305,113376,5789,54569,4165,107587,31278,14889,16389
18310,113407,5789,54586,4165,107618,31288,14894,16394
18315,113438,5789,54603,4165,107647,31298,14897,16401
18320,113469,5789,54616,4165,107680,31308,14902,16406
18325,113500,5789,54628,4165,107711,31318,14908,16410
18330,113531,5789,54641,4165,107741,31328,14914,16414
18335,113562,5789,54659,4165,107773,31338,14919,16419
18340,113593,5789,54670,4165,107804,31348,14924,16424
18345,113624,5789,54689,4165,107834,31358,14930,16428
18350,113655,5789,54701,4165,107866,31368,14934,16434
18355,113686,5791,54714,4167,107894,31378,14936,16442
18360,113717,5795,54735,4171,107920,31388,14942,16446
18365,113748,5799,54748,4175,107947,31398,14943,16455
18370,113779,5802,54762,4177,107976,31408,14948,16460
18375,113810,5805,54777,4179,108003,31418,14953,16465
18380,113841,5809,54790,4182,108032,31428,14960,16468
18385,113872,5810,54805,4182,108062,31438,14965,16473
18390,113903,5811,54819,4182,108092,31448,14973,16475
18395,113934,5813,54837,4184,108121,31458,14977,16481
18400,113965,5814,54853,4184,108151,31468,14983,16485
18405,113996,5816,54864,4185,108180,31478,14990,16488
18410,114027,5818,54875,4187,108209,31488,14993,16495
18415,114058,5821,54894,4189,108237,31498,15001,16497
18420,114089,5824,54905,4191,108265,31508,15006,16502
18425,114120,5825,54917,4191,108295,31518,15011,16507
18430,114151,5827,54931,4192,108324,31528,15017,16511
18435,114182,5830,54944,4195,108351,31538,15021,16517
18440,114213,5832,54955,4196,108381,31548,15025,16523
18445,114244,5834,54971,4197,108410,31558,15032,16526
18450,114275,5834,54987,4197,108440,31568,15038,16530
18455,114306,5834,55000,4197,108470,31578,15042,16536
18460,114337,5834,55015,4197,108502,31588,15048,16540
18465,114368,5834,55027,4197,108533,31598,15053,16545
18470,114399,5834,55043,4197,108564,31608,15058,16550
18475,114430,5834,55062,4197,108595,31618,15065,16553
18480,114461,5834,55079,4197,108626,31628,15073,16555
18485,114492,5837,55093,4199,108654,31634,15074,16560
18490,114523,5839,55107,4200,108682,31640,15077,16563
18495,114554,5841,55119,4201,108713,31646,15081,16565
18500,114585,5842,55136,4201,108742,31652,15087,16565
18505,114616,5846,55152,4204,108769,31658,15090,16568
18510,114647,5848,55166,4205,108799,31664,15095,16569
18515,114678,5851,55185,4208,108825,31670,15098,16572
18520,114709,5853,55199,4209,108855,31676,15102,16574
18525,114740,5856,55213,4211,108882,31682,15104,16578
18530,114771,5857,55229,4212,108914,31688,15109,16579
18535,114802,5857,55247,4212,108944,31694,15112,16582
18540,114833,5857,55259,4212,108975,31700,15114,16586
18545,114864,5857,55275,4212,109007,31703,15116,16587
18550,114895,5857,55290,4212,109038,31706,15117,16589
18555,114926,5858,55305,4213,109067,31709,15117,16592
18560,114957,5859,55323,4214,109098,31712,15119,16593
18565,114988,5860,55334,4215,109127,31715,15121,16594
18570,115019,5861,55347,4216,109156,31718,15122,16596
18575,115050,5862,55364,4217,109187,31721,15125,16596
18580,115081,5863,55378,4218,109218,31724,15126,16598
18585,115112,5864,55392,4218,109248,31731,15131,16600
18590,115143,5866,55408,4219,109277,31738,15134,16604
18595,115174,5867,55423,4220,109303,31745,15139,16606
18600,115205,5869,55440,4222,109335,31752,15145,16607
18605,115236,5871,55455,4223,109363,31758,15148,16610
18610,115267,5873,55471,4224,109393,31764,15150,16614
18615,115298,5874,55483,4224,109424,31770,15154,16616
18620,115329,5876,55495,4225,109453,31776,15156,16620
18625,115360,5878,55510,4226,109481,31782,15160,16622
18630,115391,5880,55523,4227,109511,31788,15163,16625
18635,115422,5882,55536,4227,109538,31794,15166,16628
18640,115453,5885,55552,4229,109567,31800,15167,16633
18645,115484,5889,55567,4231,109594,31808,15171,16637
18650,115515,5892,55584,4234,109622,31817,15174,16643
18655,115546,5895,55600,4236,109651,31826,15177,16649
18660,115577,5898,55611,4237,109678,31835,15179,16656
18665,115608,5899,55626,4238,109709,31843,15184,16659
18670,115639,5900,55642,4239,109739,31851,15186,16665
18675,115670,5901,55660,4240,109769,31859,15193,16666
18680,115701,5902,55676,4241,109799,31867,15197,16670
18685,115732,5903,55689,4242,109829,31875,15201,16674
18690,115763,5905,55702,4243,109857,31883,15205,16678
18695,115794,5907,55716,4245,109887,31891,15208,16683
18700,115825,5908,55731,4246,109916,31899,15211,16688
18705,115856,5911,55748,4249,109944,31908,15214,16694
18710,115887,5913,55760,4251,109973,31917,15216,16701
18715,115918,5918,55780,4255,109999,31926,15222,16704
18720,115949,5921,55793,4257,110027,31935,15227,16708
18725,115980,5921,55813,4257,110057,31944,15231,16713
18730,116011,5921,55829,4257,110089,31953,15237,16716
18735,116042,5921,55840,4257,110120,31962,15241,16721
18740,116073,5921,55860,4257,110151,31971,15246,16725
18745,116104,5921,55879,4257,110183,31980,15254,16726
18750,116135,5921,55896,4257,110213,31989,15257,16732
18755,116166,5921,55908,4257,110244,31998,15260,16738
18760,116197,5921,55924,4257,110276,32007,15265,16742
18765,116228,5921,55944,4257,110306,32017,15273,16744
18770,116259,5922,55960,4257,110336,32027,15279,16748
18775,116290,5924,55974,4258,110366,32037,15282,16755
18780,116321,5925,55991,4258,110395,32047,15289,16758
18785,116352,5926,56004,4258,110425,32057,15296,16761
18790,116383,5927,56018,4258,110455,32067,15299,16768
18795,116414,5928,56034,4259,110485,32077,15302,16775
18800,116445,5929,56050,4260,110515,32087,15309,16778
18805,116476,5931,56066,4261,110545,32097,15313,16784
18810,116507,5932,56081,4261,110575,32107,15316,16791
18815,116538,5933,56096,4262,110605,32117,15322,16795
18820,116569,5935,56110,4264,110634,32127,15326,16801
18825,116600,5936,56123,4265,110664,32137,15329,16808
18830,116631,5938,56137,4267,110693,32147,15333,16814
18835,116662,5941,56155,4270,110720,32157,15337,16820
18840,116693,5946,56168,4273,110746,32167,15340,16827
18845,116724,5951,56178,4277,110773,32176,15344,16832
18850,116755,5953,56191,4278,110801,32185,15350,16835
18855,116786,5960,56205,4283,110825,32194,15351,16843
18860,116817,5962,56220,4284,110854,32203,15355,16848
18865,116848,5964,56232,4286,110883,32212,15358,16854
18870,116879,5966,56245,4287,110912,32221,15360,16861
18875,116910,5969,56260,4289,110939,32230,15363,16867
18880,116941,5973,56276,4293,110966,32239,15367,16872
18885,116972,5977,56286,4296,110995,32248,15370,16878
18890,117003,5977,56300,4296,111026,32257,15372,16885
18895,117034,5977,56315,4296,111056,32266,15377,16889
18900,117065,5977,56329,4296,111087,32275,15383,16892
18905,117096,5977,56344,4296,111118,32284,15390,16894
18910,117127,5977,56361,4296,111149,32293,15395,16898
18915,117158,5977,56377,4296,111180,32302,15399,16903
18920,117189,5977,56393,4296,111211,32311,15404,16907
18925,117220,5977,56408,4296,111243,32320,15408,16912
18930,117251,5977,56423,4296,111274,32329,15410,16919
18935,117282,5977,56438,4296,111305,32338,15415,16923
18940,117313,5977,56453,4296,111336,32347,15420,16927
18945,117344,5977,56467,4296,111366,32356,15425,16931
18950,117375,5977,56484,4296,111397,32366,15431,16935
18955,117406,5977,56499,4296,111429,32376,15434,16942
18960,117437,5977,56520,4296,111459,32386,15440,16946
18965,117468,5977,56532,4296,111491,32395,15445,16950
18970,117499,5979,56547,4298,111520,32404,15450,16954
18975,117530,5981,56561,4299,111549,32413,15456,16957
18980,117561,5983,56578,4301,111577,32422,15460,16962
18985,117592,5984,56592,4301,111607,32431,15463,16968
18990,117623,5986,56609,4303,111635,32440,15467,16973
18995,117654,5989,56623,4304,111662,32449,15472,16977
19000,117685,5992,56638,4306,111692,32458,15476,16982
19005,117716,5997,56655,4311,111717,32467,15479,16988
19010,117747,6001,56670,4313,111744,32476,15484,16992
19015,117778,6005,56681,4315,111773,32485,15488,16997
19020,117809,6008,56690,4317,111801,32494,15490,17004
19025,117840,6012,56703,4320,111827,32501,15494,17007
19030,117871,6017,56716,4324,111854,32508,15498,17010
19035,117902,6023,56734,4328,111877,32515,15503,17012
19040,117933,6026,56745,4330,111907,32522,15505,17017
19045,117964,6029,56763,4332,111935,32529,15509,17020
19050,117995,6031,56778,4334,111964,32536,15514,17022
19055,118026,6031,56789,4334,111995,32543,15516,17027
19060,118057,6031,56803,4334,112025,32550,15518,17032
19065,118088,6031,56816,4334,112057,32558,15520,17038
19070,118119,6031,56831,4334,112088,32566,15522,17044
19075,118150,6031,56846,4334,112119,32574,15528,17046
19080,118181,6031,56863,4334,112150,32582,15532,17050
19085,118212,6031,56880,4334,112181,32588,15536,17052
19090,118243,6031,56898,4334,112212,32594,15539,17055
19095,118274,6031,56911,4334,112243,32600,15541,17059
19100,118305,6031,56923,4334,112274,32606,15541,17065
19105,118336,6031,56941,4334,112305,32612,15544,17068
19110,118367,6031,56956,4334,112336,32618,15549,17069
19115,118398,6031,56972,4334,112367,32624,15551,17073
19120,118429,6031,56987,4334,112397,32630,15554,17076
19125,118460,6031,56999,4334,112429,32638,15555,17083
19130,118491,6031,57019,4334,112457,32646,15561,17085
19135,118522,6031,57038,4334,112490,32654,15566,17088
19140,118553,6031,57054,4334,112520,32662,15572,17090
19145,118584,6032,57072,4334,112550,32670,15577,17093
19150,118615,6035,57091,4337,112579,32678,15580,17098
19155,118646,6037,57106,4338,112609,32686,15584,17102
19160,118677,6038,57123,4339,112639,32694,15588,17106
19165,118708,6040,57140,4341,112667,32702,15593,17109
19170,118739,6045,57154,4345,112692,32710,15597,17113
19175,118770,6048,57168,4346,112722,32718,15601,17117
19180,118801,6052,57189,4350,112748,32726,15608,17118
19185,118832,6057,57204,4354,112775,32736,15612,17124
19190,118863,6061,57222,4357,112800,32746,15619,17127
19195,118894,6065,57235,4359,112827,32756,15622,17134
19200,118925,6071,57256,4364,112854,32766,15631,17135
19205,118956,6073,57275,4366,112882,32774,15636,17138
19210,118987,6077,57293,4369,112909,32782,15638,17144
19215,119018,6080,57309,4372,112937,32790,15642,17148
19220,119049,6082,57323,4373,112967,32798,15643,17155
19225,119080,6082,57339,4373,112998,32806,15646,17160
19230,119111,6082,57348,4373,113028,32814,15648,17166
19235,119142,6082,57366,4373,113060,32822,15653,17169
19240,119173,6082,57376,4373,113091,32830,15655,17175
19245,119204,6082,57395,4373,113122,32838,15660,17178
19250,119235,6082,57413,4373,113153,32846,15665,17181
19255,119266,6082,57424,4373,113184,32854,15669,17185
19260,119297,6082,57437,4373,113215,32862,15673,17189
19265,119328,6082,57452,4373,113245,32868,15677,17191
19270,119359,6082,57462,4373,113277,32874,15678,17196
19275,119390,6082,57477,4373,113307,32880,15683,17197
19280,119421,6082,57490,4373,113338,32886,15685,17201
19285,119452,6082,57506,4373,113369,32892,15688,17204
19290,119483,6082,57523,4373,113400,32898,15693,17205
19295,119514,6082,57539,4373,113431,32904,15695,17209
19300,119545,6082,57553,4373,113462,32910,15696,17214
19305,119576,6082,57569,4373,113493,32918,15700,17218
19310,119607,6084,57578,4374,113523,32926,15703,17223
19315,119638,6085,57588,4374,113552,32934,15704,17230
19320,119669,6086,57599,4375,113581,32942,15708,17234
19325,119700,6088,57618,4377,113610,32950,15713,17237
19330,119731,6092,57628,4380,113639,32958,15716,17242
19335,119762,6095,57645,4382,113666,32966,15723,17243
19340,119793,6099,57658,4386,113694,32974,15727,17247
19345,119824,6102,57673,4388,113720,32982,15731,17251
19350,119855,6105,57690,4391,113747,32990,15735,17255
19355,119886,6110,57703,4396,113775,32998,15739,17259
19360,119917,6114,57716,4398,113801,33006,15742,17264
19365,119948,6119,57730,4401,113828,33015,15749,17266
19370,119979,6124,57749,4405,113854,33025,15755,17270
19375,120010,6125,57763,4406,113884,33035,15758,17277
19380,120041,6127,57782,4407,113913,33045,15766,17279
19385,120072,6132,57802,4411,113940,33055,15771,17284
19390,120103,6134,57819,4413,113969,33065,15775,17290
19395,120134,6134,57829,4413,114000,33075,15778,17297
19400,120165,6134,57842,4413,114031,33085,15783,17302
19405,120196,6134,57852,4413,114062,33095,15786,17309
19410,120227,6134,57870,4413,114092,33105,15795,17310
19415,120258,6134,57882,4413,114124,33115,15798,17317
19420,120289,6134,57899,4413,114154,33125,15802,17323
19425,120320,6134,57912,4413,114186,33135,15806,17329
19430,120351,6134,57927,4413,114217,33145,15812,17333
19435,120382,6134,57938,4413,114247,33155,15814,17341
19440,120413,6134,57950,4413,114279,33165,15817,17348
19445,120444,6134,57968,4413,114309,33175,15826,17349
19450,120475,6134,57982,4413,114341,33185,15833,17352
19455,120506,6134,58001,4413,114372,33195,15837,17358
19460,120537,6134,58016,4413,114402,33205,15842,17363
19465,120568,6134,58028,4413,114434,33215,15846,17369
19470,120599,6134,58046,4413,114464,33225,15852,17373
19475,120630,6135,58058,4414,114493,33235,15854,17381
19480,120661,6137,58067,4415,114523,33245,15855,17390
19485,120692,6139,58074,4417,114552,33255,15857,17398
19490,120723,6140,58091,4417,114582,33265,15862,17403
19495,120754,6144,58100,4419,114608,33275,15863,17412
19500,120785,6148,58115,4423,114637,33285,15866,17419
19505,120816,6151,58126,4425,114665,33292,15869,17423
19510,120847,6154,58138,4427,114692,33299,15870,17429
19515,120878,6158,58154,4431,114719,33306,15876,17430
19520,120909,6162,58171,4434,114746,33313,15880,17433
19525,120940,6166,58186,4437,114774,33320,15882,17438
19530,120971,6169,58196,4439,114802,33327,15885,17442
19535,121002,6174,58215,4444,114826,33334,15888,17446
19540,121033,6180,58228,4449,114852,33341,15890,17451
19545,121064,6182,58239,4450,114881,33348,15894,17454
19550,121095,6184,58254,4452,114910,33355,15896,17459
19555,121126,6187,58271,4454,114939,33362,15901,17461
19560,121157,6187,58284,4454,114970,33369,15904,17465
19565,121188,6187,58297,4454,115001,33375,15906,17469
19570,121219,6187,58307,4454,115032,33381,15910,17471
19575,121250,6187,58322,4454,115063,33387,15914,17473
19580,121281,6187,58338,4454,115094,33393,15917,17476
19585,121312,6187,58358,4454,115125,33399,15921,17478
19590,121343,6187,58371,4454,115156,33405,15924,17481
19595,121374,6187,58388,4454,115187,33411,15927,17484
19600,121405,6187,58400,4454,115217,33417,15931,17486
19605,121436,6187,58419,4454,115248,33425,15937,17488
19610,121467,6187,58432,4454,115280,33434,15941,17493
19615,121498,6187,58447,4454,115311,33443,15947,17496
19620,121529,6187,58466,4454,115340,33452,15953,17499
19625,121560,6187,58484,4454,115372,33459,15957,17502
19630,121591,6187,58494,4454,115402,33466,15958,17508
19635,121622,6187,58510,4454,115435,33473,15962,17511
19640,121653,6187,58524,4454,115465,33480,15965,17515
19645,121684,6187,58540,4454,115494,33487,15968,17519
19650,121715,6188,58557,4454,115525,33494,15972,17522
19655,121746,6189,58567,4454,115557,33501,15975,17526
19660,121777,6191,58580,4455,115584,33508,15979,17529
19665,121808,6194,58598,4457,115610,33516,15983,17533
19670,121839,6198,58612,4459,115638,33524,15989,17535
19675,121870,6202,58625,4461,115668,33532,15991,17541
19680,121901,6205,58641,4463,115694,33540,15996,17544
19685,121932,6209,58657,4467,115721,33548,16000,17548
19690,121963,6213,58678,4471,115749,33556,16004,17552
19695,121994,6216,58695,4474,115777,33564,16008,17556
19700,122025,6220,58708,4476,115805,33572,16012,17560
19705,122056,6221,58720,4476,115834,33580,16014,17566
19710,122087,6222,58737,4476,115865,33588,16020,17568
19715,122118,6223,58750,4476,115895,33596,16022,17574
19720,122149,6224,58767,4476,115924,33604,16027,17577
19725,122180,6225,58783,4477,115955,33614,16033,17581
19730,122211,6228,58797,4479,115983,33624,16038,17586
19735,122242,6230,58812,4481,116011,33634,16044,17590
19740,122273,6231,58830,4482,116042,33644,16051,17593
19745,122304,6233,58842,4484,116071,33654,16054,17600
19750,122335,6235,58853,4486,116100,33664,16059,17605
19755,122366,6239,58867,4490,116127,33674,16063,17611
19760,122397,6242,58883,4493,116155,33684,16068,17616
19765,122428,6244,58897,4495,116184,33694,16073,17621
19770,122459,6244,58914,4495,116215,33704,16078,17626
19775,122490,6244,58930,4495,116246,33714,16083,17631
19780,122521,6244,58943,4495,116277,33724,16086,17638
19785,122552,6244,58957,4495,116308,33734,16091,17643
19790,122583,6244,58972,4495,116339,33744,16096,17648
19795,122614,6244,58983,4495,116368,33754,16099,17655
19800,122645,6244,58997,4495,116399,33764,16104,17660
19805,122676,6246,59014,4497,116427,33772,16108,17664
19810,122707,6251,59030,4502,116455,33780,16112,17668
19815,122738,6254,59046,4505,116482,33788,16116,17672
19820,122769,6258,59060,4509,116510,33796,16121,17675
19825,122800,6260,59075,4511,116540,33804,16124,17680
19830,122831,6261,59091,4511,116569,33812,16129,17683
19835,122862,6263,59104,4512,116597,33820,16134,17686
19840,122893,6264,59126,4513,116628,33828,16140,17688
19845,122924,6264,59142,4513,116658,33836,16144,17692
19850,122955,6264,59162,4513,116689,33844,16149,17695
19855,122986,6264,59172,4513,116721,33852,16152,17700
19860,123017,6264,59189,4513,116752,33860,16155,17705
19865,123048,6264,59202,4513,116784,33868,16156,17712
19870,123079,6264,59216,4513,116813,33876,16161,17715
19875,123110,6266,59232,4515,116843,33884,16163,17721
19880,123141,6268,59247,4517,116873,33892,16167,17725
19885,123172,6270,59261,4519,116902,33900,16169,17731
19890,123203,6272,59276,4520,116931,33908,16172,17736
19895,123234,6273,59288,4520,116961,33916,16174,17742
19900,123265,6275,59305,4521,116990,33924,16179,17745
19905,123296,6278,59322,4524,117018,33934,16186,17748
19910,123327,6281,59344,4527,117046,33944,16193,17751
19915,123358,6283,59365,4529,117075,33954,16200,17754
19920,123389,6286,59383,4532,117103,33964,16206,17758
19925,123420,6288,59394,4533,117132,33974,16208,17766
19930,123451,6288,59405,4533,117163,33984,16213,17771
19935,123482,6288,59423,4533,117194,33994,16220,17774
19940,123513,6288,59440,4533,117224,34004,16225,17779
19945,123544,6290,59454,4535,117253,34014,16230,17784
19950,123575,6294,59469,4539,117280,34024,16234,17790
19955,123606,6296,59486,4540,117309,34034,16239,17795
19960,123637,6299,59502,4543,117337,34044,16243,17801
19965,123668,6301,59514,4545,117366,34054,16245,17809
19970,123699,6305,59528,4549,117392,34064,16248,17816
19975,123730,6308,59541,4552,117420,34074,16252,17822
19980,123761,6312,59561,4555,117447,34084,16260,17824
19985,123792,6312,59578,4555,117480,34094,16265,17829
19990,123823,6312,59588,4555,117511,34104,16269,17835
19995,123854,6312,59605,4555,117542,34114,16275,17839
20000,123885,6312,59619,4555,117573,34124,16279,17845
20005,123916,6312,59631,4555,117604,34134,16281,17853
20010,123947,6312,59644,4555,117635,34144,16283,17861
20015,123978,6312,59653,4555,117666,34154,16289,17865
20020,124009,6312,59665,4555,117697,34164,16294,17870
20025,124040,6312,59681,4555,117727,34174,16300,17874
20030,124071,6312,59695,4555,117758,34184,16304,17880
20035,124102,6314,59703,4556,117788,34194,16307,17887
20040,124133,6316,59718,4558,117816,34204,16312,17892
20045,124164,6318,59737,4559,117846,34210,16315,17895
20050,124195,6319,59753,4560,117875,34216,16318,17898
20055,124226,6320,59766,4561,117905,34222,16320,17902
20060,124257,6322,59789,4563,117935,34228,16324,17904
20065,124288,6324,59803,4565,117964,34234,16326,17908
20070,124319,6326,59815,4567,117993,34240,16329,17911
20075,124350,6328,59833,4569,118021,34246,16333,17913
20080,124381,6329,59847,4569,118052,34252,16338,17914
20085,124412,6331,59867,4570,118079,34258,16343,17915
20090,124443,6336,59882,4575,118106,34264,16345,17919
20095,124474,6341,59893,4579,118131,34270,16346,17924
20100,124505,6343,59904,4581,118159,34276,16349,17927
20105,124536,6347,59921,4585,118187,34279,16351,17928
20110,124567,6348,59935,4585,118218,34282,16354,17928
20115,124598,6351,59953,4587,118245,34285,16356,17929
20120,124629,6355,59970,4590,118271,34288,16357,17931
20125,124660,6358,59987,4593,118301,34291,16358,17933
20130,124691,6358,60003,4593,118332,34294,16359,17935
20135,124722,6358,60017,4593,118363,34297,16362,17935
20140,124753,6358,60029,4593,118395,34300,16363,17937
20145,124784,6358,60042,4593,118426,34306,16364,17942
20150,124815,6358,60058,4593,118457,34313,16367,17946
20155,124846,6358,60071,4593,118488,34320,16369,17951
20160,124877,6358,60086,4593,118519,34327,16373,17954
20165,124908,6358,60102,4593,118550,34333,16373,17960
20170,124939,6358,60116,4593,118581,34339,16375,17964
20175,124970,6358,60135,4593,118612,34345,16377,17968
20180,125001,6358,60153,4593,118643,34351,16381,17970
20185,125032,6358,60170,4593,118674,34357,16383,17974
20190,125063,6358,60183,4593,118705,34363,16385,17978
20195,125094,6358,60196,4593,118736,34369,16390,17979
20200,125125,6358,60216,4593,118767,34375,16394,17981
20205,125156,6359,60236,4594,118797,34383,16400,17983
20210,125187,6361,60251,4595,118826,34392,16404,17988
20215,125218,6362,60267,4595,118856,34401,16411,17990
20220,125249,6364,60282,4596,118884,34410,16417,17993
20225,125280,6365,60292,4596,118915,34419,16419,18000
20230,125311,6366,60305,4597,118942,34428,16423,18005
20235,125342,6369,60320,4598,118971,34437,16428,18009
20240,125373,6372,60336,4600,118999,34446,16432,18014
20245,125404,6374,60354,4600,119029,34455,16435,18020
20250,125435,6377,60367,4601,119058,34464,16440,18024
20255,125466,6380,60384,4603,119085,34473,16446,18027
20260,125497,6382,60399,4604,119115,34482,16452,18030
20265,125528,6385,60414,4605,119142,34492,16457,18035
20270,125559,6388,60427,4607,119169,34502,16463,18039
20275,125590,6393,60445,4612,119196,34512,16469,18043
20280,125621,6398,60460,4616,119222,34522,16475,18047
20285,125652,6405,60475,4622,119246,34532,16479,18053
20290,125683,6408,60491,4624,119275,34542,16484,18058
20295,125714,6411,60507,4627,119302,34552,16487,18065
20300,125745,6414,60523,4630,119330,34562,16490,18072
20305,125776,6414,60533,4630,119362,34572,16496,18076
20310,125807,6414,60548,4630,119393,34582,16500,18082
20315,125838,6414,60568,4630,119423,34592,16508,18084
20320,125869,6414,60583,4630,119454,34602,16515,18087
20325,125900,6414,60598,4630,119486,34612,16520,18092
20330,125931,6414,60615,4630,119517,34622,16526,18096
20335,125962,6414,60632,4630,119547,34632,16532,18100
20340,125993,6414,60650,4630,119578,34642,16539,18103
20345,126024,6414,60667,4630,119610,34651,16544,18107
20350,126055,6414,60684,4630,119640,34660,16547,18113
20355,126086,6414,60696,4630,119672,34669,16551,18118
20360,126117,6414,60709,4630,119702,34678,16552,18126
20365,126148,6414,60721,4630,119734,34687,16554,18133
20370,126179,6414,60735,4630,119764,34696,16558,18138
20375,126210,6414,60745,4630,119794,34705,16561,18144
20380,126241,6414,60759,4630,119826,34714,16565,18149
20385,126272,6414,60773,4630,119858,34723,16567,18156
20390,126303,6414,60789,4630,119887,34732,16571,18161
20395,126334,6415,60805,4631,119918,34741,16575,18166
20400,126365,6417,60821,4632,119945,34750,16580,18170
20405,126396,6419,60836,4633,119976,34759,16583,18176
20410,126427,6423,60848,4636,120004,34768,16586,18182
20415,126458,6425,60862,4636,120032,34777,16592,18185
20420,126489,6428,60873,4638,120061,34786,16595,18191
20425,126520,6430,60888,4639,120089,34795,16599,18196
20430,126551,6433,60902,4641,120118,34804,16602,18202
20435,126582,6435,60918,4642,120146,34813,16605,18208
20440,126613,6439,60933,4645,120174,34822,16610,18212
20445,126644,6443,60953,4648,120199,34832,16616,18216
20450,126675,6452,60970,4656,120222,34842,16621,18221
20455,126706,6460,60989,4663,120246,34852,16629,18223
20460,126737,6463,60999,4664,120273,34862,16632,18230
20465,126768,6466,61014,4667,120302,34871,16638,18233
20470,126799,6466,61030,4667,120333,34880,16642,18238
20475,126830,6466,61044,4667,120364,34889,16647,18242
20480,126861,6466,61061,4667,120395,34898,16654,18244
20485,126892,6466,61075,4667,120426,34907,16659,18248
20490,126923,6466,61094,4667,120457,34916,16665,18251
20495,126954,6466,61109,4667,120488,34925,16671,18254
20500,126985,6466,61120,4667,120519,34934,16674,18260
20505,127016,6466,61135,4667,120549,34943,16677,18266
20510,127047,6466,61151,4667,120580,34952,16682,18270
20515,127078,6466,61172,4667,120610,34961,16689,18272
20520,127109,6466,61191,4667,120642,34970,16695,18275
20525,127140,6466,61205,4667,120674,34979,16698,18281
20530,127171,6466,61221,4667,120705,34988,16703,18285
20535,127202,6466,61236,4667,120735,34997,16707,18290
20540,127233,6466,61250,4667,120767,35006,16711,18295
20545,127264,6466,61264,4667,120798,35015,16715,18300
20550,127295,6466,61277,4667,120828,35024,16721,18303
20555,127326,6466,61295,4667,120859,35033,16726,18307
20560,127357,6466,61312,4667,120891,35042,16730,18312
20565,127388,6466,61326,4667,120922,35052,16736,18316
20570,127419,6467,61341,4668,120949,35062,16739,18323
20575,127450,6470,61359,4669,120977,35072,16746,18326
20580,127481,6474,61372,4671,121006,35082,16750,18332
20585,127512,6476,61386,4672,121036,35090,16754,18336
20590,127543,6478,61396,4672,121063,35098,16756,18342
20595,127574,6481,61407,4674,121091,35106,16758,18348
20600,127605,6483,61426,4674,121120,35114,16764,18350
20605,127636,6486,61443,4676,121148,35122,16770,18352
20610,127667,6490,61460,4679,121174,35130,16773,18357
20615,127698,6493,61473,4680,121205,35138,16775,18363
20620,127729,6495,61485,4681,121234,35146,16778,18368
20625,127760,6498,61500,4682,121261,35154,16779,18375
20630,127791,6502,61517,4685,121288,35162,16784,18378
20635,127822,6506,61529,4687,121315,35170,16788,18382
20640,127853,6510,61545,4689,121343,35178,16794,18384
20645,127884,6514,61555,4693,121370,35185,16797,18388
20650,127915,6517,61567,4696,121398,35192,16801,18391
20655,127946,6519,61583,4698,121427,35199,16804,18395
20660,127977,6521,61597,4699,121456,35206,16807,18399
20665,128008,6524,61611,4701,121484,35213,16810,18403
20670,128039,6526,61627,4702,121513,35220,16814,18406
20675,128070,6528,61640,4704,121542,35227,16818,18409
20680,128101,6528,61656,4704,121573,35234,16822,18412
20685,128132,6528,61674,4704,121602,35243,16827,18416
20690,128163,6528,61685,4704,121634,35252,16832,18420
20695,128194,6528,61700,4704,121666,35261,16837,18424
20700,128225,6528,61709,4704,121697,35270,16840,18430
20705,128256,6528,61726,4704,121728,35277,16843,18434
20710,128287,6528,61742,4704,121759,35284,16847,18437
20715,128318,6528,61760,4704,121789,35291,16852,18439
20720,128349,6528,61773,4704,121820,35298,16854,18444
20725,128380,6528,61785,4704,121850,35305,16857,18448
20730,128411,6528,61803,4704,121881,35312,16861,18451
20735,128442,6528,61816,4704,121913,35319,16864,18455
20740,128473,6528,61833,4704,121945,35326,16866,18460
20745,128504,6528,61848,4704,121974,35334,16870,18464
20750,128535,6529,61863,4705,122003,35342,16873,18469
20755,128566,6531,61877,4707,122033,35350,16876,18474
20760,128597,6532,61890,4707,122065,35358,16881,18477
20765,128628,6534,61909,4708,122093,35364,16887,18477
20770,128659,6535,61919,4708,122124,35370,16890,18480
20775,128690,6537,61932,4709,122152,35376,16891,18485
20780,128721,6538,61948,4710,122182,35382,16894,18488
20785,128752,6540,61962,4710,122211,35388,16897,18491
20790,128783,6542,61978,4711,122241,35394,16900,18494
20795,128814,6544,61991,4712,122270,35400,16903,18497
20800,128845,6548,62008,4716,122297,35406,16906,18500
20805,128876,6552,62021,4718,122322,35414,16907,18507
20810,128907,6557,62042,4723,122349,35422,16914,18508
20815,128938,6562,62054,4727,122374,35430,16917,18513
20820,128969,6568,62072,4732,122401,35438,16921,18517
20825,129000,6569,62083,4732,122431,35445,16923,18522
20830,129031,6571,62099,4733,122460,35452,16929,18523
20835,129062,6572,62114,4734,122490,35459,16934,18525
20840,129093,6574,62134,4736,122519,35466,16940,18526
20845,129124,6576,62150,4738,122548,35473,16942,18531
20850,129155,6578,62161,4739,122577,35480,16945,18535
20855,129186,6580,62177,4740,122605,35487,16949,18538
20860,129217,6581,62188,4740,122636,35494,16951,18543
20865,129248,6584,62202,4743,122662,35501,16953,18548
20870,129279,6586,62218,4745,122691,35510,16956,18554
20875,129310,6586,62233,4745,122722,35519,16959,18560
20880,129341,6586,62242,4745,122754,35528,16962,18566
20885,129372,6586,62254,4745,122784,35537,16965,18572
20890,129403,6586,62268,4745,122816,35546,16970,18576
20895,129434,6586,62287,4745,122845,35555,16976,18579
20900,129465,6586,62303,4745,122878,35564,16978,18586
20905,129496,6586,62318,4745,122909,35573,16980,18593
20910,129527,6586,62327,4745,122941,35582,16982,18600
20915,129558,6586,62342,4745,122972,35591,16988,18603
20920,129589,6586,62356,4745,123002,35600,16993,18607
20925,129620,6586,62370,4745,123034,35610,16999,18611
20930,129651,6586,62382,4745,123064,35620,17001,18619
20935,129682,6587,62400,4746,123095,35630,17007,18623
20940,129713,6588,62420,4746,123123,35640,17011,18629
20945,129744,6590,62431,4747,123154,35649,17015,18634
20950,129775,6591,62447,4748,123183,35658,17022,18636
20955,129806,6593,62463,4750,123213,35667,17025,18642
20960,129837,6595,62477,4751,123241,35676,17030,18646
20965,129868,6598,62495,4753,123268,35685,17034,18651
20970,129899,6601,62510,4755,123298,35694,17040,18654
20975,129930,6603,62526,4756,123325,35703,17047,18656
20980,129961,6607,62544,4759,123353,35712,17055,18657
20985,129992,6611,62558,4762,123380,35721,17059,18662
20990,130023,6616,62578,4767,123407,35730,17066,18664
20995,130054,6618,62597,4768,123436,35739,17072,18667
21000,130085,6620,62612,4769,123465,35748,17077,18671
21005,130116,6622,62629,4771,123494,35757,17081,18676
21010,130147,6624,62642,4772,123522,35766,17084,18682
21015,130178,6625,62657,4772,123552,35775,17087,18688
21020,130209,6628,62675,4774,123580,35784,17093,18691
21025,130240,6629,62689,4774,123610,35793,17097,18696
21030,130271,6631,62704,4775,123638,35802,17100,18702
21035,130302,6632,62720,4776,123670,35811,17106,18705
21040,130333,6635,62735,4779,123698,35820,17110,18710
21045,130364,6638,62753,4781,123724,35830,17115,18715
21050,130395,6638,62766,4781,123754,35840,17119,18721
21055,130426,6638,62778,4781,123787,35850,17123,18727
21060,130457,6638,62791,4781,123818,35860,17129,18731
21065,130488,6638,62806,4781,123850,35870,17134,18736
21070,130519,6638,62826,4781,123881,35880,17140,18740
21075,130550,6638,62837,4781,123912,35890,17144,18746
21080,130581,6638,62849,4781,123943,35900,17147,18753
21085,130612,6638,62866,4781,123974,35910,17153,18757
21090,130643,6638,62881,4781,124005,35920,17159,18761
21095,130674,6638,62895,4781,124034,35930,17162,18768
21100,130705,6642,62913,4785,124061,35940,17167,18773
21105,130736,6645,62928,4787,124091,35950,17171,18779
21110,130767,6646,62948,4788,124120,35960,17175,18785
21115,130798,6648,62962,4789,124149,35970,17177,18793
21120,130829,6650,62977,4791,124179,35980,17183,18797
21125,130860,6651,62994,4791,124209,35987,17186,18801
21130,130891,6652,63010,4791,124239,35994,17192,18802
21135,130922,6653,63028,4792,124268,36001,17196,18805
21140,130953,6655,63045,4793,124298,36008,17201,18807
21145,130984,6656,63064,4794,124327,36015,17207,18808
21150,131015,6658,63074,4796,124357,36022,17210,18812
21155,131046,6660,63090,4798,124386,36029,17213,18816
21160,131077,6664,63103,4802,124413,36036,17216,18820
21165,131108,6668,63119,4804,124439,36043,17221,18822
21170,131139,6672,63137,4807,124465,36050,17223,18827
21175,131170,6673,63155,4807,124497,36057,17227,18830
21180,131201,6674,63170,4808,124526,36064,17229,18835
21185,131232,6676,63190,4809,124554,36070,17233,18837
21190,131263,6678,63205,4810,124584,36076,17236,18840
21195,131294,6679,63217,4810,124615,36082,17237,18845
21200,131325,6681,63233,4811,124642,36088,17240,18848
21205,131356,6682,63241,4811,124673,36094,17241,18853
21210,131387,6684,63257,4812,124702,36100,17243,18857
21215,131418,6686,63271,4813,124732,36106,17246,18860
21220,131449,6689,63292,4816,124759,36112,17248,18864
21225,131480,6690,63302,4816,124790,36121,17251,18870
21230,131511,6693,63313,4818,124817,36130,17254,18876
21235,131542,6694,63329,4818,124847,36139,17260,18879
21240,131573,6696,63344,4820,124875,36148,17266,18882
21245,131604,6698,63358,4822,124905,36155,17269,18886
21250,131635,6698,63369,4822,124937,36162,17274,18888
21255,131666,6698,63386,4822,124968,36169,17280,18889
21260,131697,6698,63400,4822,124999,36176,17285,18891
21265,131728,6698,63415,4822,125030,36183,17288,18895
21270,131759,6698,63429,4822,125061,36190,17292,18898
21275,131790,6698,63449,4822,125092,36197,17296,18901
21280,131821,6700,63465,4823,125120,36204,17300,18904
21285,131852,6702,63478,4825,125149,36212,17302,18910
21290,131883,6705,63496,4827,125176,36220,17307,18913
21295,131914,6708,63506,4829,125205,36228,17311,18917
21300,131945,6710,63523,4830,125235,36236,17314,18922
21305,131976,6711,63537,4831,125265,36244,17317,18927
21310,132007,6713,63550,4832,125294,36252,17321,18931
21315,132038,6715,63569,4834,125323,36260,17327,18933
21320,132069,6717,63585,4835,125352,36268,17332,18936
21325,132100,6719,63604,4837,125381,36276,17339,18937
21330,132131,6722,63618,4840,125409,36284,17342,18942
21335,132162,6722,63637,4840,125440,36292,17348,18944
21340,132193,6722,63652,4840,125471,36300,17350,18950
21345,132224,6722,63668,4840,125502,36310,17356,18954
21350,132255,6722,63682,4840,125533,36320,17361,18959
21355,132286,6723,63696,4841,125562,36330,17364,18966
21360,132317,6724,63711,4842,125593,36340,17370,18970
21365,132348,6726,63725,4843,125621,36350,17376,18974
21370,132379,6728,63741,4844,125649,36360,17378,18982
21375,132410,6729,63755,4844,125680,36370,17383,18987
21380,132441,6731,63770,4845,125709,36380,17389,18991
21385,132472,6732,63784,4845,125740,36390,17394,18996
21390,132503,6733,63799,4846,125769,36400,17396,19004
21395,132534,6735,63817,4848,125799,36410,17404,19006
21400,132565,6737,63830,4849,125827,36420,17408,19012
21405,132596,6738,63845,4849,125858,36430,17415,19015
21410,132627,6740,63861,4851,125887,36440,17422,19018
21415,132658,6743,63875,4853,125915,36450,17428,19022
21420,132689,6745,63889,4855,125944,36460,17430,19030
21425,132720,6746,63905,4856,125973,36469,17437,19032
21430,132751,6748,63925,4857,126001,36478,17441,19037
21435,132782,6750,63937,4858,126032,36487,17445,19042
21440,132813,6751,63953,4858,126062,36496,17451,19045
21445,132844,6752,63973,4858,126091,36505,17457,19048
21450,132875,6754,63992,4859,126121,36514,17464,19050
21455,132906,6755,64002,4859,126151,36523,17467,19056
21460,132937,6756,64020,4860,126181,36532,17471,19061
21465,132968,6757,64035,4860,126210,36541,17475,19066
21470,132999,6759,64043,4861,126240,36550,17477,19073
21475,133030,6760,64054,4861,126270,36559,17479,19080
21480,133061,6762,64071,4862,126297,36568,17484,19084
21485,133092,6766,64089,4866,126325,36576,17488,19088
21490,133123,6769,64108,4869,126352,36584,17491,19093
21495,133154,6773,64126,4872,126380,36592,17496,19096
21500,133185,6776,64143,4874,126408,36600,17501,19099
21505,133216,6777,64162,4875,126439,36608,17506,19102
21510,133247,6777,64176,4875,126470,36616,17509,19107
21515,133278,6777,64193,4875,126501,36624,17513,19111
21520,133309,6777,64204,4875,126532,36632,17514,19118
21525,133340,6777,64222,4875,126562,36640,17518,19122
21530,133371,6777,64237,4875,126594,36649,17523,19126
21535,133402,6777,64248,4875,126625,36658,17527,19131
21540,133433,6777,64259,4875,126654,36667,17530,19137
21545,133464,6778,64276,4876,126685,36675,17535,19140
21550,133495,6779,64289,4876,126714,36683,17539,19144
21555,133526,6780,64306,4877,126745,36691,17543,19148
21560,133557,6782,64321,4878,126775,36699,17550,19149
21565,133588,6783,64335,4879,126804,36707,17551,19156
21570,133619,6785,64350,4880,126834,36715,17554,19161
21575,133650,6786,64365,4881,126864,36723,17557,19166
21580,133681,6788,64383,4883,126893,36731,17561,19170
21585,133712,6790,64395,4884,126922,36740,17564,19176
21590,133743,6792,64413,4885,126951,36749,17568,19181
21595,133774,6795,64427,4888,126979,36758,17571,19187
21600,133805,6799,64444,4892,127006,36767,17576,19191
21605,133836,6801,64458,4894,127035,36774,17579,19195
21610,133867,6804,64467,4896,127063,36781,17582,19199
21615,133898,6805,64488,4897,127092,36788,17587,19201
21620,133929,6807,64502,4898,127121,36795,17589,19206
21625,133960,6809,64521,4900,127150,36802,17595,19207
21630,133991,6811,64530,4902,127180,36809,17597,19212
21635,134022,6812,64545,4902,127210,36816,17602,19214
21640,134053,6813,64560,4902,127239,36823,17604,19219
21645,134084,6815,64573,4903,127268,36830,17609,19221
21650,134115,6817,64587,4904,127296,36838,17614,19224
21655,134146,6820,64600,4906,127325,36846,17618,19228
21660,134177,6823,64615,4908,127353,36854,17622,19232
21665,134208,6826,64632,4910,127381,36860,17625,19235
21670,134239,6829,64644,4912,127409,36866,17626,19240
21675,134270,6829,64659,4912,127441,36872,17630,19242
21680,134301,6829,64672,4912,127472,36878,17635,19243
21685,134332,6829,64686,4912,127503,36884,17637,19247
21690,134363,6829,64702,4912,127534,36890,17640,19250
21695,134394,6829,64712,4912,127565,36896,17643,19253
21700,134425,6829,64727,4912,127596,36902,17646,19256
21705,134456,6829,64741,4912,127626,36910,17650,19260
21710,134487,6829,64753,4912,127657,36918,17652,19266
21715,134518,6829,64766,4912,127689,36926,17657,19269
21720,134549,6830,64778,4912,127718,36934,17660,19274
21725,134580,6832,64795,4913,127747,36942,17663,19279
21730,134611,6833,64807,4913,127778,36950,17667,19283
21735,134642,6834,64824,4913,127808,36958,17671,19287
21740,134673,6835,64837,4914,127838,36966,17676,19290
21745,134704,6836,64853,4914,127867,36974,17678,19296
21750,134735,6838,64870,4916,127896,36982,17680,19302
21755,134766,6839,64884,4916,127927,36990,17685,19305
21760,134797,6840,64900,4917,127957,36998,17689,19309
21765,134828,6842,64917,4918,127985,37008,17693,19315
21770,134859,6845,64931,4920,128012,37018,17696,19322
21775,134890,6852,64946,4926,128038,37028,17700,19328
21780,134921,6859,64962,4932,128062,37038,17707,19331
21785,134952,6865,64976,4937,128087,37046,17710,19336
21790,134983,6866,64993,4938,128117,37054,17716,19338
21795,135014,6867,65007,4939,128147,37062,17722,19340
21800,135045,6868,65024,4939,128176,37070,17729,19341
21805,135076,6870,65037,4940,128206,37078,17733,19345
21810,135107,6871,65055,4940,128235,37086,17739,19347
21815,135138,6873,65071,4941,128264,37094,17743,19351
21820,135169,6875,65084,4942,128293,37102,17746,19356
21825,135200,6877,65100,4943,128322,37110,17751,19359
21830,135231,6879,65109,4944,128352,37118,17752,19366
21835,135262,6880,65127,4944,128381,37126,17756,19370
21840,135293,6881,65140,4945,128412,37134,17760,19374
21845,135324,6881,65152,4945,128443,37141,17762,19379
21850,135355,6881,65169,4945,128474,37148,17767,19381
21855,135386,6881,65181,4945,128505,37155,17770,19385
21860,135417,6881,65200,4945,128536,37162,17774,19388
21865,135448,6881,65212,4945,128567,37169,17778,19391
21870,135479,6881,65228,4945,128598,37176,17782,19394
21875,135510,6881,65241,4945,128629,37183,17786,19397
21880,135541,6881,65257,4945,128659,37190,17787,19403
21885,135572,6881,65269,4945,128690,37199,17790,19409
21890,135603,6881,65282,4945,128721,37208,17794,19414
21895,135634,6883,65293,4947,128751,37217,17796,19421
21900,135665,6884,65307,4948,128781,37226,17800,19426
21905,135696,6886,65323,4950,128809,37235,17803,19432
21910,135727,6887,65338,4950,128840,37244,17807,19437
21915,135758,6888,65355,4951,128870,37253,17811,19442
21920,135789,6890,65371,4953,128899,37262,17816,19446
21925,135820,6892,65387,4955,128927,37271,17821,19450
21930,135851,6893,65408,4956,128957,37280,17828,19452
21935,135882,6894,65425,4957,128988,37289,17833,19456
21940,135913,6895,65440,4957,129018,37298,17836,19462
21945,135944,6899,65454,4960,129043,37308,17840,19468
21950,135975,6902,65468,4962,129071,37318,17844,19474
21955,136006,6908,65485,4967,129096,37328,17851,19477
21960,136037,6916,65501,4975,129118,37338,17855,19483
21965,136068,6924,65519,4982,129144,37348,17861,19487
21970,136099,6926,65535,4984,129173,37358,17865,19493
21975,136130,6926,65551,4984,129204,37368,17871,19497
21980,136161,6926,65567,4984,129235,37378,17876,19502
21985,136192,6926,65578,4984,129266,37388,17882,19506
21990,136223,6926,65592,4984,129297,37398,17888,19510
21995,136254,6926,65608,4984,129328,37408,17892,19516
22000,136285,6926,65621,4984,129359,37418,17897,19521
22005,136316,6926,65634,4984,129390,37428,17900,19528
22010,136347,6926,65653,4984,129421,37438,17908,19530
22015,136378,6926,65663,4984,129452,37448,17910,19538
22020,136409,6926,65681,4984,129483,37458,17917,19541
22025,136440,6926,65695,4984,129514,37468,17920,19548
22030,136471,6926,65709,4984,129544,37478,17923,19555
22035,136502,6926,65723,4984,129575,37488,17927,19561
22040,136533,6926,65739,4984,129607,37498,17934,19564
22045,136564,6926,65762,4984,129638,37508,17942,19566
22050,136595,6926,65777,4984,129667,37518,17946,19572
22055,136626,6926,65794,4984,129699,37528,17953,19575
22060,136657,6926,65808,4984,129730,37538,17958,19580
22065,136688,6926,65816,4984,129761,37548,17960,19588
22070,136719,6926,65830,4984,129792,37558,17964,19594
22075,136750,6928,65849,4986,129822,37568,17972,19596
22080,136781,6930,65867,4986,129850,37578,17980,19598
22085,136812,6933,65881,4988,129879,37585,17985,19600
22090,136843,6935,65897,4989,129908,37592,17991,19601
22095,136874,6938,65914,4991,129935,37599,17995,19604
22100,136905,6942,65931,4995,129961,37606,17999,19607
22105,136936,6947,65949,5000,129988,37613,18003,19610
22110,136967,6951,65964,5002,130015,37620,18004,19616
22115,136998,6955,65975,5006,130042,37627,18006,19621
22120,137029,6959,65983,5008,130069,37634,18008,19626
22125,137060,6962,65993,5010,130098,37641,18009,19632
22130,137091,6967,66011,5014,130123,37648,18013,19635
22135,137122,6969,66022,5015,130153,37655,18016,19639
22140,137153,6972,66034,5018,130181,37662,18018,19644
22145,137184,6976,66054,5021,130207,37669,18022,19647
22150,137215,6978,66068,5022,130236,37676,18026,19650
22155,137246,6978,66082,5022,130267,37683,18027,19656
22160,137277,6978,66093,5022,130299,37690,18030,19660
22165,137308,6978,66110,5022,130328,37697,18035,19662
22170,137339,6978,66120,5022,130359,37704,18036,19668
22175,137370,6978,66138,5022,130389,37711,18041,19670
22180,137401,6978,66153,5022,130419,37718,18045,19673
22185,137432,6978,66167,5022,130453,37727,18050,19677
22190,137463,6978,66186,5022,130483,37737,18055,19682
22195,137494,6978,66206,5022,130514,37747,18062,19685
22200,137525,6978,66219,5022,130547,37757,18067,19690
22205,137556,6978,66230,5022,130578,37765,18071,19694
22210,137587,6978,66244,5022,130608,37773,18076,19697
22215,137618,6978,66262,5022,130640,37781,18080,19701
22220,137649,6978,66275,5022,130671,37789,18084,19705
22225,137680,6978,66288,5022,130702,37797,18089,19708
22230,137711,6978,66300,5022,130733,37805,18090,19715
22235,137742,6978,66316,5022,130764,37813,18094,19719
22240,137773,6979,66332,5023,130793,37821,18096,19725
22245,137804,6981,66348,5024,130823,37829,18102,19727
22250,137835,6982,66361,5024,130853,37837,18105,19732
22255,137866,6983,66375,5025,130882,37845,18108,19737
22260,137897,6985,66386,5026,130912,37853,18111,19742
22265,137928,6987,66402,5026,130941,37860,18115,19745
22270,137959,6990,66420,5029,130968,37867,18119,19748
22275,137990,6994,66438,5032,130996,37874,18125,19749
22280,138021,6996,66453,5033,131024,37881,18129,19752
22285,138052,7000,66470,5035,131051,37888,18132,19756
22290,138083,7004,66484,5038,131079,37895,18136,19759
22295,138114,7007,66499,5041,131107,37902,18140,19762
22300,138145,7012,66514,5046,131133,37909,18144,19765
22305,138176,7018,66529,5050,131156,37918,18148,19770
22310,138207,7024,66545,5055,131182,37927,18153,19774
22315,138238,7025,66554,5056,131213,37936,18155,19781
22320,138269,7026,66572,5056,131241,37945,18159,19786
22325,138300,7029,66590,5058,131270,37953,18162,19791
22330,138331,7031,66609,5060,131299,37961,18168,19793
22335,138362,7031,66623,5060,131330,37969,18172,19797
22340,138393,7031,66638,5060,131362,37977,18176,19801
22345,138424,7031,66654,5060,131391,37985,18180,19805
22350,138455,7031,66668,5060,131423,37993,18184,19809
22355,138486,7031,66680,5060,131455,38001,18187,19814
22360,138517,7031,66695,5060,131485,38009,18189,19820
22365,138548,7031,66710,5060,131516,38017,18195,19822
22370,138579,7031,66725,5060,131547,38026,18200,19826
22375,138610,7031,66739,5060,131578,38035,18206,19829
22380,138641,7031,66751,5060,131609,38044,18209,19835
22385,138672,7031,66766,5060,131640,38051,18212,19839
22390,138703,7031,66779,5060,131671,38058,18215,19843
22395,138734,7031,66794,5060,131703,38065,18219,19846
22400,138765,7031,66809,5060,131734,38072,18222,19850
22405,138796,7031,66820,5060,131764,38079,18224,19855
22410,138827,7031,66835,5060,131796,38086,18229,19857
22415,138858,7033,66849,5061,131825,38093,18233,19860
22420,138889,7034,66864,5062,131855,38100,18236,19864
22425,138920,7035,66884,5063,131884,38108,18241,19867
22430,138951,7038,66897,5065,131913,38116,18246,19870
22435,138982,7039,66915,5066,131942,38124,18250,19874
22440,139013,7044,66936,5071,131968,38132,18257,19875
22445,139044,7047,66952,5073,131996,38139,18262,19877
22450,139075,7051,66970,5076,132023,38146,18267,19879
22455,139106,7054,66983,5078,132052,38153,18269,19884
22460,139137,7058,66996,5081,132078,38160,18271,19889
22465,139168,7061,67009,5083,132106,38167,18273,19894
22470,139199,7063,67022,5084,132136,38174,18276,19898
22475,139230,7064,67039,5084,132166,38181,18280,19901
22480,139261,7066,67056,5086,132195,38188,18283,19905
22485,139292,7067,67069,5086,132225,38197,18289,19908
22490,139323,7069,67086,5088,132254,38206,18292,19914
22495,139354,7070,67103,5089,132284,38215,18296,19919
22500,139385,7071,67118,5089,132314,38224,18302,19922
22505,139416,7072,67137,5090,132344,38233,18307,19926
22510,139447,7073,67153,5091,132374,38242,18310,19932
22515,139478,7075,67171,5093,132403,38251,18317,19934
22520,139509,7077,67186,5094,132430,38260,18322,19938
22525,139540,7079,67202,5095,132460,38269,18329,19940
22530,139571,7081,67215,5097,132490,38278,18332,19946
22535,139602,7082,67226,5098,132520,38287,18333,19954
22540,139633,7084,67242,5099,132549,38296,18338,19958
22545,139664,7085,67259,5099,132578,38306,18343,19963
22550,139695,7088,67274,5101,132606,38316,18349,19967
22555,139726,7090,67291,5102,132636,38326,18353,19973
22560,139757,7090,67306,5102,132666,38336,18358,19978
22565,139788,7090,67318,5102,132698,38346,18362,19984
22570,139819,7090,67334,5102,132727,38356,18366,19990
22575,139850,7092,67349,5103,132757,38366,18370,19996
22580,139881,7094,67362,5104,132787,38376,18376,20000
22585,139912,7095,67374,5104,132816,38386,18382,20004
22590,139943,7097,67388,5105,132845,38396,18388,20008
22595,139974,7099,67406,5107,132873,38406,18395,20011
22600,140005,7101,67419,5108,132903,38416,18399,20017
22605,140036,7104,67435,5110,132931,38426,18404,20022
22610,140067,7107,67454,5112,132957,38436,18411,20025
22615,140098,7110,67469,5114,132987,38446,18417,20029
22620,140129,7112,67480,5115,133016,38456,18418,20038
22625,140160,7113,67493,5116,133047,38465,18420,20045
22630,140191,7114,67503,5116,133077,38474,18425,20049
22635,140222,7116,67522,5118,133105,38483,18431,20052
22640,140253,7117,67534,5119,133136,38492,18434,20058
22645,140284,7117,67545,5119,133167,38501,18438,20063
22650,140315,7117,67558,5119,133198,38510,18443,20067
22655,140346,7117,67568,5119,133229,38519,18448,20071
22660,140377,7117,67584,5119,133260,38528,18451,20077
22665,140408,7118,67600,5120,133290,38537,18457,20080
22670,140439,7119,67620,5121,133320,38546,18463,20083
22675,140470,7121,67636,5122,133349,38555,18467,20088
22680,140501,7123,67648,5123,133378,38564,18470,20094
22685,140532,7124,67655,5123,133408,38573,18471,20102
22690,140563,7126,67667,5124,133437,38582,18473,20109
22695,140594,7128,67684,5125,133466,38591,18477,20114
22700,140625,7129,67694,5126,133496,38600,18479,20121
22705,140656,7130,67709,5127,133526,38609,18482,20127
22710,140687,7132,67727,5129,133555,38618,18487,20131
22715,140718,7134,67744,5131,133584,38627,18493,20134
22720,140749,7136,67759,5132,133613,38636,18499,20137
22725,140780,7138,67771,5133,133641,38646,18501,20145
22730,140811,7139,67783,5133,133670,38656,18504,20152
22735,140842,7141,67797,5135,133699,38666,18507,20159
22740,140873,7143,67816,5136,133725,38676,18513,20163
22745,140904,7148,67832,5140,133755,38683,18515,20168
22750,140935,7149,67843,5140,133784,38690,18517,20173
22755,140966,7151,67857,5142,133814,38697,18520,20177
22760,140997,7153,67871,5144,133844,38704,18522,20182
22765,141028,7154,67889,5145,133873,38711,18527,20184
22770,141059,7155,67900,5145,133904,38718,18531,20187
22775,141090,7156,67914,5146,133933,38725,18536,20189
22780,141121,7157,67931,5146,133963,38732,18539,20193
22785,141152,7158,67941,5146,133993,38739,18540,20199
22790,141183,7159,67956,5147,134023,38746,18543,20203
22795,141214,7160,67965,5147,134052,38753,18545,20208
22800,141245,7162,67984,5149,134081,38760,18550,20210
22805,141276,7165,68002,5151,134110,38766,18554,20212
22810,141307,7167,68014,5153,134138,38772,18558,20214
22815,141338,7170,68025,5155,134167,38778,18560,20218
22820,141369,7173,68038,5158,134196,38784,18563,20221
22825,141400,7173,68056,5158,134226,38790,18567,20223
22830,141431,7173,68072,5158,134258,38796,18570,20226
22835,141462,7173,68088,5158,134289,38802,18572,20230
22840,141493,7173,68106,5158,134320,38808,18575,20233
22845,141524,7173,68118,5158,134351,38816,18579,20237
22850,141555,7174,68129,5158,134380,38825,18582,20243
22855,141586,7175,68138,5158,134410,38834,18584,20250
22860,141617,7177,68155,5159,134439,38843,18590,20253
22865,141648,7179,68169,5160,134469,38851,18593,20258
22870,141679,7180,68184,5161,134499,38859,18595,20264
22875,141710,7181,68196,5161,134529,38867,18598,20269
22880,141741,7183,68219,5163,134558,38875,18602,20273
22885,141772,7184,68232,5163,134588,38883,18606,20277
22890,141803,7185,68245,5164,134618,38891,18609,20282
22895,141834,7186,68261,5165,134648,38899,18613,20286
22900,141865,7187,68271,5165,134678,38907,18616,20291
22905,141896,7189,68286,5166,134707,38916,18621,20295
22910,141927,7191,68300,5167,134736,38925,18625,20300
22915,141958,7192,68314,5167,134766,38934,18634,20300
22920,141989,7193,68329,5168,134796,38943,18635,20308
22925,142020,7197,68347,5172,134822,38950,18636,20314
22930,142051,7202,68365,5176,134848,38957,18639,20318
22935,142082,7208,68379,5181,134873,38964,18643,20321
22940,142113,7212,68397,5185,134901,38971,18647,20324
22945,142144,7217,68416,5188,134926,38978,18653,20325
22950,142175,7222,68429,5191,134952,38985,18657,20328
22955,142206,7226,68441,5193,134980,38992,18660,20332
22960,142237,7228,68455,5195,135008,38999,18664,20335
22965,142268,7228,68466,5195,135040,39007,18665,20342
22970,142299,7228,68476,5195,135071,39015,18668,20347
22975,142330,7228,68490,5195,135102,39023,18674,20349
22980,142361,7228,68505,5195,135133,39031,18677,20354
22985,142392,7228,68516,5195,135164,39038,18679,20359
22990,142423,7228,68531,5195,135195,39045,18680,20365
22995,142454,7228,68542,5195,135226,39052,18683,20369
23000,142485,7228,68556,5195,135257,39059,18687,20372
23005,142516,7228,68570,5195,135288,39066,18691,20375
23010,142547,7228,68587,5195,135319,39073,18694,20379
23015,142578,7228,68601,5195,135350,39080,18697,20383
23020,142609,7228,68615,5195,135381,39087,18700,20387
23025,142640,7228,68633,5195,135411,39096,18706,20390
23030,142671,7228,68649,5195,135442,39105,18710,20395
23035,142702,7228,68667,5195,135473,39114,18714,20400
23040,142733,7228,68688,5195,135505,39123,18721,20402
23045,142764,7228,68702,5195,135535,39132,18724,20408
23050,142795,7228,68712,5195,135567,39141,18728,20413
23055,142826,7228,68729,5195,135597,39150,18732,20418
23060,142857,7228,68743,5195,135628,39159,18737,20422
23065,142888,7229,68755,5196,135659,39168,18741,20427
23070,142919,7231,68770,5198,135687,39177,18745,20432
23075,142950,7234,68782,5199,135715,39186,18748,20438
23080,142981,7238,68799,5202,135742,39195,18753,20442
23085,143012,7243,68815,5206,135767,39204,18759,20445
23090,143043,7248,68831,5209,135794,39214,18766,20448
23095,143074,7250,68841,5210,135823,39224,18771,20453
23100,143105,7252,68856,5211,135852,39234,18775,20459
23105,143136,7255,68870,5213,135881,39244,18779,20465
23110,143167,7258,68887,5216,135909,39254,18781,20473
23115,143198,7262,68905,5218,135935,39264,18787,20477
23120,143229,7268,68920,5223,135961,39274,18791,20483
23125,143260,7269,68932,5223,135991,39284,18793,20491
23130,143291,7270,68943,5223,136021,39294,18797,20497
23135,143322,7273,68957,5226,136049,39304,18800,20504
23140,143353,7276,68972,5228,136076,39314,18805,20509
23145,143384,7279,68984,5230,136103,39324,18811,20513
23150,143415,7281,68996,5231,136131,39334,18817,20517
23155,143446,7283,69012,5233,136161,39344,18822,20522
23160,143477,7283,69026,5233,136192,39354,18827,20527
23165,143508,7283,69041,5233,136225,39362,18830,20532
23170,143539,7283,69054,5233,136256,39370,18832,20538
23175,143570,7283,69070,5233,136287,39378,18838,20540
23180,143601,7283,69077,5233,136318,39386,18842,20544
23185,143632,7283,69093,5233,136349,39394,18847,20547
23190,143663,7283,69108,5233,136380,39402,18849,20553
23195,143694,7283,69117,5233,136411,39410,18852,20558
23200,143725,7283,69129,5233,136442,39418,18855,20563
23205,143756,7283,69139,5233,136473,39426,18859,20567
23210,143787,7283,69153,5233,136504,39434,18863,20571
23215,143818,7283,69170,5233,136535,39442,18867,20575
23220,143849,7283,69184,5233,136566,39450,18872,20578
23225,143880,7284,69198,5234,136594,39457,18875,20582
23230,143911,7288,69210,5237,136622,39464,18878,20586
23235,143942,7291,69226,5239,136649,39471,18881,20590
23240,143973,7293,69243,5240,136678,39478,18885,20593
23245,144004,7295,69258,5241,136709,39485,18889,20596
23250,144035,7297,69272,5243,136737,39492,18893,20599
23255,144066,7298,69288,5244,136765,39499,18897,20602
23260,144097,7302,69302,5247,136794,39506,18902,20604
23265,144128,7303,69311,5247,136824,39515,18905,20610
23270,144159,7308,69328,5251,136850,39524,18910,20614
23275,144190,7309,69342,5251,136880,39533,18915,20618
23280,144221,7311,69355,5252,136909,39542,18919,20623
23285,144252,7312,69367,5252,136938,39551,18922,20629
23290,144283,7314,69382,5253,136968,39560,18928,20632
23295,144314,7316,69402,5255,136997,39569,18935,20634
23300,144345,7317,69413,5256,137026,39578,18938,20640
23305,144376,7318,69425,5256,137058,39587,18945,20642
23310,144407,7320,69439,5258,137084,39596,18948,20648
23315,144438,7321,69451,5258,137116,39605,18953,20652
23320,144469,7322,69461,5259,137146,39614,18955,20659
23325,144500,7324,69472,5260,137176,39624,18958,20666
23330,144531,7326,69487,5261,137205,39634,18962,20672
23335,144562,7327,69501,5261,137234,39644,18966,20678
23340,144593,7330,69517,5264,137262,39654,18971,20683
23345,144624,7333,69534,5266,137290,39663,18975,20688
23350,144655,7335,69552,5267,137320,39672,18981,20691
23355,144686,7335,69571,5267,137350,39681,18985,20696
23360,144717,7335,69583,5267,137382,39690,18988,20702
23365,144748,7335,69598,5267,137412,39699,18992,20707
23370,144779,7335,69611,5267,137444,39708,18997,20711
23375,144810,7335,69623,5267,137475,39717,19000,20717
23380,144841,7336,69641,5267,137505,39726,19006,20720
23385,144872,7337,69656,5268,137535,39735,19011,20724
23390,144903,7338,69671,5268,137565,39744,19016,20728
23395,144934,7339,69687,5269,137595,39753,19021,20732
23400,144965,7341,69701,5270,137623,39762,19024,20738
23405,144996,7344,69716,5272,137652,39768,19029,20739
23410,145027,7346,69729,5273,137681,39774,19033,20741
23415,145058,7348,69749,5275,137709,39780,19034,20746
23420,145089,7351,69767,5277,137737,39786,19038,20748
23425,145120,7353,69780,5279,137767,39792,19041,20751
23430,145151,7354,69791,5279,137796,39798,19042,20756
23435,145182,7356,69804,5281,137826,39804,19042,20762
23440,145213,7358,69820,5283,137855,39810,19045,20765
23445,145244,7360,69835,5284,137882,39816,19047,20769
23450,145275,7362,69850,5286,137913,39823,19051,20772
23455,145306,7362,69859,5286,137944,39830,19054,20776
23460,145337,7364,69882,5288,137973,39837,19060,20777
23465,145368,7366,69895,5290,138002,39843,19061,20782
23470,145399,7368,69909,5292,138031,39849,19064,20785
23475,145430,7370,69926,5293,138060,39855,19067,20788
23480,145461,7372,69940,5294,138087,39861,19069,20792
23485,145492,7374,69950,5295,138116,39867,19073,20794
23490,145523,7375,69964,5295,138147,39873,19077,20796
23495,145554,7377,69985,5297,138176,39879,19082,20797
23500,145585,7379,70002,5299,138205,39885,19085,20800
23505,145616,7380,70020,5299,138235,39894,19091,20803
23510,145647,7382,70040,5301,138264,39903,19097,20806
23515,145678,7384,70057,5302,138292,39912,19101,20811
23520,145709,7385,70071,5303,138324,39921,19105,20816
23525,145740,7386,70082,5303,138353,39929,19107,20822
23530,145771,7388,70098,5304,138382,39937,19110,20827
23535,145802,7388,70117,5304,138413,39945,19117,20828
23540,145833,7388,70132,5304,138444,39953,19122,20831
23545,145864,7388,70149,5304,138475,39961,19126,20835
23550,145895,7388,70161,5304,138506,39969,19131,20838
23555,145926,7389,70172,5305,138536,39977,19136,20841
23560,145957,7390,70189,5305,138565,39985,19142,20843
23565,145988,7393,70205,5307,138594,39994,19147,20847
23570,146019,7395,70217,5308,138623,40003,19151,20852
23575,146050,7397,70226,5309,138653,40012,19153,20859
23580,146081,7398,70246,5310,138681,40021,19158,20863
23585,146112,7400,70259,5311,138711,40030,19163,20867
23590,146143,7402,70275,5313,138741,40039,19165,20874
23595,146174,7403,70285,5313,138770,40048,19171,20877
23600,146205,7406,70300,5315,138799,40057,19174,20883
23605,146236,7408,70314,5317,138827,40066,19177,20889
23610,146267,7410,70326,5319,138856,40075,19182,20893
23615,146298,7412,70341,5321,138886,40084,19187,20897
23620,146329,7413,70361,5322,138916,40093,19193,20900
23625,146360,7414,70373,5323,138946,40103,19198,20905
23630,146391,7416,70389,5325,138975,40113,19202,20911
23635,146422,7418,70404,5326,139003,40123,19207,20916
23640,146453,7421,70420,5328,139031,40133,19213,20920
23645,146484,7423,70431,5329,139061,40143,19214,20929
23650,146515,7425,70453,5331,139089,40153,19222,20931
23655,146546,7427,70468,5332,139119,40163,19227,20936
23660,146577,7429,70486,5334,139148,40173,19232,20941
23665,146608,7431,70502,5335,139176,40183,19239,20944
23670,146639,7432,70517,5336,139207,40193,19241,20952
23675,146670,7434,70535,5337,139236,40203,19249,20954
23680,146701,7436,70551,5338,139265,40213,19254,20959
23685,146732,7437,70568,5339,139293,40223,19261,20962
23690,146763,7439,70586,5340,139323,40233,19270,20963
23695,146794,7440,70596,5340,139353,40243,19275,20968
23700,146825,7442,70605,5341,139382,40253,19278,20975
23705,146856,7443,70620,5342,139413,40261,19281,20980
23710,146887,7444,70636,5342,139442,40269,19286,20983
23715,146918,7445,70653,5343,139472,40277,19291,20986
23720,146949,7446,70670,5343,139502,40285,19293,20992
23725,146980,7447,70688,5344,139532,40293,19297,20996
23730,147011,7448,70701,5345,139563,40301,19303,20998
23735,147042,7449,70720,5345,139592,40309,19309,21000
23740,147073,7452,70732,5348,139620,40317,19313,21004
23745,147104,7452,70749,5348,139652,40325,19317,21008
23750,147135,7452,70771,5348,139681,40333,19323,21010
23755,147166,7454,70787,5350,139711,40341,19327,21014
23760,147197,7455,70800,5351,139740,40349,19333,21016
23765,147228,7457,70813,5352,139771,40356,19337,21019
23770,147259,7458,70824,5353,139801,40363,19340,21023
23775,147290,7459,70838,5353,139829,40370,19344,21026
23780,147321,7463,70854,5357,139856,40377,19346,21031
23785,147352,7467,70870,5361,139883,40384,19348,21036
23790,147383,7470,70885,5364,139913,40391,19350,21041
23795,147414,7472,70901,5365,139941,40398,19354,21044
23800,147445,7475,70919,5368,139969,40405,19358,21047
23805,147476,7476,70930,5369,140000,40413,19362,21051
23810,147507,7476,70944,5369,140031,40422,19369,21053
23815,147538,7476,70961,5369,140062,40431,19374,21057
23820,147569,7476,70977,5369,140093,40440,19376,21064
23825,147600,7476,70991,5369,140123,40449,19379,21070
23830,147631,7476,71006,5369,140154,40458,19382,21076
23835,147662,7476,71017,5369,140186,40467,19382,21085
23840,147693,7476,71035,5369,140216,40476,19387,21089
23845,147724,7476,71053,5369,140247,40485,19392,21093
23850,147755,7478,71063,5370,140276,40494,19394,21100
23855,147786,7479,71079,5370,140305,40503,19401,21102
23860,147817,7481,71092,5371,140335,40512,19404,21108
23865,147848,7482,71110,5371,140366,40522,19412,21110
23870,147879,7483,71125,5372,140395,40532,19417,21115
23875,147910,7484,71138,5373,140426,40542,19424,21118
23880,147941,7485,71147,5373,140456,40552,19427,21125
23885,147972,7486,71161,5373,140486,40562,19433,21129
23890,148003,7488,71178,5375,140515,40572,19438,21134
23895,148034,7489,71194,5376,140545,40582,19443,21139
23900,148065,7490,71205,5376,140575,40592,19447,21145
23905,148096,7493,71221,5378,140603,40602,19452,21150
23910,148127,7495,71233,5378,140632,40612,19456,21156
23915,148158,7497,71246,5380,140661,40622,19460,21162
23920,148189,7501,71265,5382,140688,40632,19467,21165
23925,148220,7504,71282,5385,140715,40642,19472,21170
23930,148251,7508,71295,5389,140742,40652,19476,21176
23935,148282,7514,71314,5394,140767,40662,19481,21181
23940,148313,7519,71323,5398,140794,40672,19484,21188
23945,148344,7520,71343,5399,140823,40681,19489,21192
23950,148375,7523,71360,5402,140852,40690,19494,21196
23955,148406,7526,71378,5405,140879,40699,19499,21200
23960,148437,7530,71392,5408,140906,40708,19504,21204
23965,148468,7533,71403,5410,140935,40717,19507,21210
23970,148499,7533,71420,5410,140965,40726,19511,21215
23975,148530,7533,71435,5410,140996,40735,19516,21219
23980,148561,7533,71449,5410,141028,40744,19521,21223
23985,148592,7533,71469,5410,141059,40753,19528,21225
23990,148623,7533,71485,5410,141089,40762,19535,21227
23995,148654,7533,71504,5410,141119,40771,19540,21231
24000,148685,7533,71521,5410,141150,40780,19546,21234
24005,148716,7533,71534,5410,141181,40786,19547,21239
24010,148747,7533,71547,5410,141213,40792,19548,21244
24015,148778,7533,71560,5410,141243,40798,19549,21249
24020,148809,7533,71572,5410,141276,40804,19551,21253
24025,148840,7533,71589,5410,141305,40810,19553,21257
24030,148871,7533,71604,5410,141338,40816,19558,21258
24035,148902,7533,71619,5410,141369,40822,19560,21262
24040,148933,7533,71634,5410,141399,40828,19564,21264
24045,148964,7533,71653,5410,141430,40835,19568,21267
24050,148995,7534,71665,5410,141460,40842,19571,21271
24055,149026,7536,71680,5411,141489,40849,19574,21275
24060,149057,7537,71690,5412,141520,40856,19575,21281
24065,149088,7538,71706,5413,141550,40860,19579,21281
24070,149119,7539,71721,5414,141580,40864,19581,21283
24075,149150,7541,71739,5415,141608,40868,19583,21285
24080,149181,7544,71755,5417,141636,40872,19584,21288
24085,149212,7547,71770,5419,141664,40876,19587,21289
24090,149243,7551,71787,5423,141692,40880,19589,21291
24095,149274,7554,71799,5426,141719,40884,19589,21295
24100,149305,7557,71808,5428,141748,40888,19591,21297
24105,149336,7560,71818,5430,141775,40894,19592,21302
24110,149367,7566,71832,5434,141801,40901,19596,21305
24115,149398,7571,71849,5437,141826,40908,19600,21308
24120,149429,7576,71864,5440,141853,40915,19603,21312
24125,149460,7579,71877,5443,141880,40922,19604,21318
24130,149491,7583,71891,5446,141907,40929,19605,21324
24135,149522,7585,71906,5447,141937,40936,19609,21327
24140,149553,7585,71917,5447,141967,40943,19612,21331
24145,149584,7585,71933,5447,141998,40950,19615,21335
24150,149615,7585,71945,5447,142030,40957,19616,21341
24155,149646,7585,71960,5447,142061,40964,19620,21344
24160,149677,7585,71971,5447,142091,40971,19623,21348
24165,149708,7585,71980,5447,142123,40981,19626,21355
24170,149739,7585,71992,5447,142153,40991,19629,21362
24175,149770,7585,72007,5447,142183,41001,19634,21367
24180,149801,7585,72023,5447,142214,41011,19638,21373
24185,149832,7585,72040,5447,142246,41021,19644,21377
24190,149863,7585,72054,5447,142277,41031,19650,21381
24195,149894,7585,72069,5447,142309,41041,19653,21388
24200,149925,7585,72083,5447,142340,41051,19659,21392
24205,149956,7585,72101,5447,142370,41061,19664,21397
24210,149987,7585,72115,5447,142401,41071,19669,21402
24215,150018,7585,72127,5447,142433,41081,19673,21408
24220,150049,7585,72143,5447,142461,41091,19677,21414
24225,150080,7585,72156,5447,142495,41101,19680,21421
24230,150111,7586,72172,5448,142525,41111,19687,21424
24235,150142,7588,72193,5450,142552,41121,19693,21428
24240,150173,7589,72208,5450,142583,41131,19697,21434
24245,150204,7591,72226,5451,142612,41140,19703,21437
24250,150235,7594,72236,5452,142640,41149,19705,21444
24255,150266,7597,72248,5454,142669,41158,19708,21450
24260,150297,7599,72260,5454,142697,41167,19713,21454
24265,150328,7603,72280,5458,142724,41176,19717,21459
24270,150359,7607,72292,5460,142752,41185,19721,21464
24275,150390,7611,72312,5463,142778,41194,19727,21467
24280,150421,7616,72327,5468,142804,41203,19729,21474
24285,150452,7622,72345,5474,142830,41212,19735,21477
24290,150483,7628,72358,5479,142855,41221,19740,21481
24295,150514,7631,72374,5481,142882,41230,19745,21485
24300,150545,7635,72390,5485,142910,41239,19750,21489
24305,150576,7635,72403,5485,142941,41247,19753,21494
24310,150607,7635,72412,5485,142972,41255,19756,21499
24315,150638,7635,72428,5485,143003,41263,19761,21502
24320,150669,7635,72439,5485,143034,41271,19763,21508
24325,150700,7635,72449,5485,143065,41279,19765,21514
24330,150731,7635,72459,5485,143096,41287,19767,21520
24335,150762,7635,72469,5485,143127,41295,19770,21525
24340,150793,7635,72483,5485,143158,41303,19774,21529
24345,150824,7635,72499,5485,143188,41312,19779,21533
24350,150855,7635,72511,5485,143217,41321,19782,21539
24355,150886,7635,72528,5485,143250,41330,19786,21544
24360,150917,7635,72542,5485,143280,41339,19790,21549
24365,150948,7635,72559,5485,143312,41348,19793,21555
24370,150979,7635,72575,5485,143344,41357,19798,21559
24375,151010,7635,72595,5485,143375,41366,19803,21563
24380,151041,7635,72606,5485,143406,41375,19806,21569
24385,151072,7635,72621,5485,143437,41384,19808,21576
24390,151103,7635,72631,5485,143468,41393,19811,21582
24395,151134,7636,72643,5486,143498,41402,19815,21587
24400,151165,7638,72661,5488,143526,41411,19821,21590
24405,151196,7641,72680,5491,143553,41421,19825,21596
24410,151227,7645,72694,5494,143580,41431,19828,21603
24415,151258,7651,72712,5500,143605,41441,19833,21608
24420,151289,7656,72724,5504,143631,41451,19836,21615
24425,151320,7660,72742,5507,143660,41461,19842,21619
24430,151351,7663,72756,5509,143688,41471,19847,21624
24435,151382,7667,72772,5512,143715,41481,19854,21627
24440,151413,7671,72787,5516,143742,41491,19859,21632
24445,151444,7672,72802,5517,143772,41501,19864,21637
24450,151475,7674,72815,5519,143801,41511,19868,21643
24455,151506,7675,72831,5520,143831,41521,19874,21647
24460,151537,7677,72843,5521,143860,41531,19877,21654
24465,151568,7678,72855,5521,143889,41541,19880,21661
24470,151599,7679,72867,5521,143919,41551,19887,21664
24475,151630,7681,72882,5522,143947,41561,19891,21670
24480,151661,7684,72898,5525,143975,41571,19895,21676
24485,151692,7686,72913,5526,144003,41579,19897,21682
24490,151723,7686,72931,5526,144035,41587,19903,21684
24495,151754,7686,72952,5526,144063,41595,19909,21686
24500,151785,7686,72971,5526,144097,41603,19915,21688
24505,151816,7686,72983,5526,144130,41611,19919,21692
24510,151847,7686,73000,5526,144160,41619,19924,21695
24515,151878,7686,73018,5526,144192,41627,19929,21698
24520,151909,7686,73030,5526,144222,41635,19932,21703
24525,151940,7686,73049,5526,144253,41643,19938,21705
24530,151971,7686,73064,5526,144285,41651,19942,21709
24535,152002,7686,73085,5526,144316,41659,19948,21711
24540,152033,7686,73102,5526,144347,41667,19953,21714
24545,152064,7686,73120,5526,144378,41674,19956,21718
24550,152095,7687,73134,5527,144406,41681,19959,21722
24555,152126,7691,73146,5530,144434,41688,19962,21726
24560,152157,7693,73161,5531,144462,41695,19964,21731
24565,152188,7696,73171,5534,144490,41702,19966,21736
24570,152219,7699,73188,5537,144519,41709,19973,21736
24575,152250,7701,73202,5539,144548,41716,19977,21739
24580,152281,7704,73218,5542,144576,41723,19980,21743
24585,152312,7707,73227,5544,144604,41731,19983,21748
24590,152343,7709,73248,5546,144632,41740,19990,21750
24595,152374,7713,73262,5549,144661,41749,19994,21755
24600,152405,7714,73274,5550,144691,41758,19996,21762
24605,152436,7716,73289,5552,144720,41766,20002,21764
24610,152467,7718,73301,5553,144748,41774,20007,21767
24615,152498,7719,73316,5554,144778,41782,20013,21769
24620,152529,7720,73332,5555,144808,41790,20017,21773
24625,152560,7722,73350,5557,144837,41798,20020,21778
24630,152591,7724,73368,5558,144867,41806,20026,21780
24635,152622,7725,73384,5559,144896,41814,20032,21782
24640,152653,7727,73401,5560,144925,41822,20036,21786
24645,152684,7729,73416,5561,144949,41831,20040,21791
24650,152715,7730,73432,5561,144981,41840,20046,21794
24655,152746,7731,73448,5562,145013,41849,20050,21799
24660,152777,7733,73462,5563,145043,41858,20052,21806
24665,152808,7734,73473,5563,145074,41865,20055,21810
24670,152839,7735,73490,5563,145104,41872,20056,21816
24675,152870,7738,73506,5565,145132,41879,20060,21819
24680,152901,7740,73521,5566,145161,41886,20064,21822
24685,152932,7740,73537,5566,145192,41893,20068,21825
24690,152963,7740,73552,5566,145222,41900,20072,21828
24695,152994,7740,73561,5566,145253,41907,20076,21831
24700,153025,7741,73573,5567,145283,41914,20077,21837
24705,153056,7744,73588,5570,145312,41922,20079,21843
24710,153087,7746,73604,5572,145340,41930,20084,21846
24715,153118,7748,73621,5573,145370,41938,20089,21849
24720,153149,7749,73631,5573,145399,41946,20091,21855
24725,153180,7751,73650,5575,145427,41952,20095,21857
24730,153211,7754,73663,5578,145456,41958,20098,21860
24735,153242,7756,73679,5579,145486,41964,20100,21864
24740,153273,7758,73693,5581,145515,41970,20101,21869
24745,153304,7759,73705,5582,145545,41976,20103,21873
24750,153335,7761,73717,5583,145573,41982,20106,21876
24755,153366,7763,73730,5584,145603,41988,20108,21880
24760,153397,7764,73742,5585,145631,41994,20109,21885
24765,153428,7767,73758,5587,145661,42001,20112,21889
24770,153459,7767,73770,5587,145691,42009,20115,21894
24775,153490,7767,73784,5587,145721,42017,20118,21899
24780,153521,7767,73796,5587,145751,42025,20120,21905
24785,153552,7769,73812,5589,145783,42032,20124,21908
24790,153583,7770,73826,5589,145812,42039,20129,21910
24795,153614,7772,73844,5591,145842,42046,20134,21912
24800,153645,7774,73858,5593,145871,42053,20135,21918
24805,153676,7775,73872,5594,145901,42060,20138,21922
24810,153707,7776,73883,5594,145931,42067,20141,21926
24815,153738,7777,73902,5595,145961,42074,20148,21926
24820,153769,7778,73919,5595,145991,42081,20151,21930
24825,153800,7779,73928,5595,146021,42090,20152,21938
24830,153831,7780,73945,5596,146051,42099,20158,21941
24835,153862,7782,73958,5597,146079,42108,20163,21945
24840,153893,7784,73972,5598,146109,42117,20168,21949
24845,153924,7785,73989,5598,146139,42125,20172,21953
24850,153955,7786,73997,5599,146169,42133,20173,21960
24855,153986,7788,74010,5600,146198,42141,20175,21966
24860,154017,7790,74024,5602,146227,42149,20179,21970
24865,154048,7792,74039,5604,146256,42157,20184,21973
24870,154079,7795,74056,5606,146283,42165,20188,21977
24875,154110,7797,74066,5607,146313,42173,20193,21980
24880,154141,7798,74079,5607,146343,42181,20196,21985
24885,154172,7799,74097,5607,146372,42190,20202,21988
24890,154203,7801,74107,5608,146400,42199,20206,21993
24895,154234,7803,74120,5609,146431,42208,20211,21997
24900,154265,7804,74136,5609,146458,42217,20217,22000
24905,154296,7806,74153,5611,146489,42226,20223,22003
24910,154327,7808,74171,5612,146519,42235,20228,22007
24915,154358,7810,74188,5613,146548,42244,20233,22011
24920,154389,7813,74202,5615,146575,42253,20235,22018
24925,154420,7816,74213,5617,146604,42262,20240,22022
24930,154451,7817,74229,5617,146634,42271,20244,22027
24935,154482,7819,74241,5619,146663,42280,20248,22032
24940,154513,7821,74260,5620,146692,42289,20254,22035
24945,154544,7823,74270,5621,146721,42299,20257,22042
24950,154575,7823,74282,5621,146751,42309,20262,22047
24955,154606,7823,74299,5621,146781,42319,20267,22052
24960,154637,7823,74315,5621,146813,42329,20271,22058
24965,154668,7823,74330,5621,146844,42339,20277,22062
24970,154699,7823,74348,5621,146876,42349,20282,22067
24975,154730,7823,74364,5621,146907,42359,20288,22071
24980,154761,7824,74372,5622,146937,42369,20292,22077
24985,154792,7825,74385,5623,146966,42379,20294,22085
24990,154823,7826,74398,5624,146997,42389,20299,22090
24995,154854,7827,74414,5625,147026,42399,20304,22095
25000,154885,7828,74429,5626,147056,42409,20309,22100
25005,154916,7829,74444,5626,147087,42419,20314,22105
25010,154947,7830,74455,5626,147117,42429,20318,22111
25015,154978,7832,74473,5627,147145,42439,20324,22115
25020,155009,7834,74482,5628,147175,42449,20328,22121
25025,155040,7835,74495,5629,147205,42458,20332,22126
25030,155071,7836,74510,5630,147235,42467,20336,22131
25035,155102,7838,74522,5631,147264,42476,20338,22138
25040,155133,7839,74538,5631,147293,42485,20344,22141
25045,155164,7841,74553,5632,147323,42494,20351,22143
25050,155195,7843,74566,5634,147350,42503,20355,22148
25055,155226,7846,74585,5636,147379,42512,20361,22151
25060,155257,7850,74597,5639,147407,42521,20364,22157
25065,155288,7853,74610,5640,147435,42530,20368,22162
25070,155319,7856,74628,5642,147463,42539,20374,22165
25075,155350,7859,74640,5645,147491,42548,20379,22169
25080,155381,7862,74659,5648,147519,42557,20385,22172
25085,155412,7865,74673,5650,147547,42566,20390,22176
25090,155443,7868,74691,5652,147575,42575,20395,22180
25095,155474,7870,74713,5654,147604,42584,20402,22182
25100,155505,7872,74724,5656,147633,42593,20406,22187
25105,155536,7875,74737,5658,147661,42602,20410,22192
25110,155567,7878,74755,5660,147689,42611,20415,22196
25115,155598,7881,74773,5663,147717,42620,20418,22202
25120,155629,7883,74787,5664,147746,42629,20422,22207
25125,155660,7883,74801,5664,147776,42639,20426,22213
25130,155691,7883,74814,5664,147808,42649,20431,22218
25135,155722,7883,74828,5664,147837,42659,20436,22223
25140,155753,7883,74840,5664,147869,42669,20441,22228
25145,155784,7883,74854,5664,147900,42676,20442,22234
25150,155815,7883,74869,5664,147931,42683,20445,22238
25155,155846,7883,74885,5664,147963,42690,20448,22242
25160,155877,7883,74905,5664,147993,42697,20451,22246
25165,155908,7883,74918,5664,148024,42704,20453,22251
25170,155939,7883,74934,5664,148055,42711,20455,22256
25175,155970,7883,74953,5664,148086,42718,20459,22259
25180,156001,7883,74969,5664,148117,42725,20462,22263
25185,156032,7883,74988,5664,148148,42732,20465,22267
25190,156063,7885,75003,5666,148176,42739,20467,22272
25195,156094,7887,75021,5668,148205,42746,20471,22275
25200,156125,7889,75037,5669,148235,42753,20474,22279
25205,156156,7890,75049,5670,148266,42759,20477,22282
25210,156187,7891,75063,5670,148295,42765,20480,22285
25215,156218,7892,75080,5670,148326,42771,20485,22286
25220,156249,7893,75093,5670,148356,42777,20487,22290
25225,156280,7895,75106,5672,148384,42783,20488,22295
25230,156311,7900,75121,5676,148409,42789,20491,22298
25235,156342,7904,75138,5679,148437,42795,20496,22299
25240,156373,7906,75150,5680,148467,42801,20498,22303
25245,156404,7909,75165,5683,148494,42809,20501,22308
25250,156435,7914,75178,5687,148521,42818,20506,22312
25255,156466,7917,75192,5688,148548,42827,20511,22316
25260,156497,7923,75207,5692,148574,42836,20514,22322
25265,156528,7926,75218,5694,148602,42844,20516,22328
25270,156559,7928,75235,5696,148631,42852,20520,22332
25275,156590,7931,75251,5698,148659,42860,20526,22334
25280,156621,7932,75269,5698,148689,42868,20530,22338
25285,156652,7933,75279,5699,148719,42876,20532,22344
25290,156683,7935,75298,5701,148748,42884,20537,22347
25295,156714,7935,75315,5701,148779,42892,20542,22350
25300,156745,7935,75333,5701,148810,42900,20546,22354
25305,156776,7935,75352,5701,148840,42909,20554,22355
25310,156807,7935,75368,5701,148871,42918,20559,22359
25315,156838,7935,75390,5701,148902,42927,20566,22361
25320,156869,7935,75410,5701,148933,42936,20570,22366
25325,156900,7935,75428,5701,148965,42943,20573,22370
25330,156931,7935,75437,5701,148996,42950,20574,22376
25335,156962,7935,75448,5701,149027,42957,20576,22381
25340,156993,7935,75462,5701,149058,42964,20580,22384
25345,157024,7935,75476,5701,149088,42971,20581,22390
25350,157055,7935,75494,5701,149120,42978,20585,22393
25355,157086,7935,75509,5701,149151,42985,20590,22395
25360,157117,7935,75526,5701,149180,42992,20593,22399
25365,157148,7935,75538,5701,149213,43000,20596,22404
25370,157179,7935,75554,5701,149243,43008,20601,22407
25375,157210,7937,75568,5702,149272,43016,20605,22411
25380,157241,7939,75589,5704,149302,43024,20610,22414
25385,157272,7941,75606,5706,149331,43031,20613,22418
25390,157303,7942,75621,5706,149361,43038,20617,22421
25395,157334,7943,75632,5707,149391,43045,20619,22426
25400,157365,7945,75643,5708,149420,43052,20621,22431
25405,157396,7948,75658,5709,149448,43059,20624,22435
25410,157427,7951,75676,5711,149476,43066,20629,22437
25415,157458,7954,75695,5713,149503,43073,20633,22440
25420,157489,7958,75712,5716,149530,43080,20637,22443
25425,157520,7962,75729,5718,149557,43088,20641,22447
25430,157551,7965,75745,5720,149586,43097,20648,22449
25435,157582,7969,75759,5722,149613,43106,20654,22452
25440,157613,7970,75770,5722,149643,43115,20656,22459
25445,157644,7971,75782,5723,149672,43123,20657,22466
25450,157675,7973,75796,5724,149702,43131,20660,22471
25455,157706,7974,75810,5725,149731,43139,20664,22475
25460,157737,7976,75825,5727,149760,43147,20670,22477
25465,157768,7978,75845,5729,149789,43155,20676,22479
25470,157799,7979,75861,5730,149817,43163,20681,22482
25475,157830,7982,75874,5733,149848,43171,20685,22486
25480,157861,7984,75884,5734,149876,43179,20688,22491
25485,157892,7986,75898,5736,149904,43188,20692,22496
25490,157923,7989,75910,5738,149933,43197,20695,22502
25495,157954,7992,75929,5741,149959,43206,20700,22506
25500,157985,7994,75938,5743,149991,43215,20704,22511
25505,158016,7994,75954,5743,150022,43224,20711,22513
25510,158047,7994,75965,5743,150053,43233,20715,22518
25515,158078,7994,75979,5743,150084,43242,20721,22521
25520,158109,7994,75995,5743,150115,43251,20726,22525
25525,158140,7994,76016,5743,150146,43260,20731,22529
25530,158171,7994,76030,5743,150177,43269,20734,22535
25535,158202,7994,76043,5743,150208,43278,20738,22540
25540,158233,7994,76054,5743,150238,43287,20743,22544
25545,158264,7995,76070,5743,150269,43297,20748,22549
25550,158295,7996,76082,5743,150299,43307,20752,22555
25555,158326,7997,76094,5743,150329,43317,20757,22560
25560,158357,7998,76106,5744,150358,43327,20761,22566
25565,158388,7999,76121,5744,150389,43336,20766,22570
25570,158419,8000,76137,5744,150419,43345,20771,22574
25575,158450,8001,76155,5745,150449,43354,20775,22579
25580,158481,8002,76170,5745,150479,43363,20778,22585
25585,158512,8003,76183,5745,150509,43372,20783,22589
25590,158543,8004,76199,5746,150539,43381,20787,22594
25595,158574,8005,76214,5746,150569,43390,20791,22599
25600,158605,8006,76226,5746,150599,43399,20794,22605
25605,158636,8007,76238,5746,150628,43408,20801,22607
25610,158667,8009,76251,5747,150657,43417,20805,22612
25615,158698,8011,76266,5748,150685,43426,20809,22617
25620,158729,8013,76281,5748,150714,43435,20815,22620
25625,158760,8015,76293,5748,150744,43444,20818,22626
25630,158791,8019,76308,5751,150771,43453,20821,22632
25635,158822,8021,76321,5752,150801,43462,20826,22636
25640,158853,8024,76337,5754,150829,43471,20831,22640
25645,158884,8027,76353,5757,150856,43480,20835,22645
25650,158915,8029,76368,5758,150885,43489,20837,22652
25655,158946,8031,76381,5759,150915,43498,20843,22655
25660,158977,8034,76398,5760,150943,43507,20848,22659
25665,159008,8037,76411,5761,150970,43517,20854,22663
25670,159039,8042,76430,5764,150995,43527,20860,22667
25675,159070,8046,76453,5768,151023,43537,20869,22668
25680,159101,8051,76465,5771,151047,43547,20871,22676
25685,159132,8054,76478,5773,151077,43556,20877,22679
25690,159163,8057,76497,5776,151105,43565,20883,22682
25695,159194,8062,76513,5780,151130,43574,20888,22686
25700,159225,8063,76525,5781,151161,43583,20891,22692
25705,159256,8063,76544,5781,151193,43592,20896,22696
25710,159287,8063,76561,5781,151223,43601,20902,22699
25715,159318,8063,76579,5781,151254,43610,20909,22701
25720,159349,8063,76594,5781,151285,43619,20915,22704
25725,159380,8063,76607,5781,151317,43628,20920,22708
25730,159411,8063,76622,5781,151348,43637,20926,22711
25735,159442,8063,76639,5781,151379,43646,20930,22716
25740,159473,8063,76653,5781,151409,43655,20933,22722
25745,159504,8063,76669,5781,151441,43662,20935,22727
25750,159535,8063,76685,5781,151471,43669,20939,22730
25755,159566,8063,76696,5781,151503,43676,20941,22735
25760,159597,8063,76713,5781,151531,43683,20946,22737
25765,159628,8063,76727,5781,151561,43690,20947,22743
25770,159659,8063,76740,5781,151595,43697,20949,22748
25775,159690,8063,76754,5781,151625,43704,20953,22751
25780,159721,8063,76768,5781,151656,43711,20958,22753
25785,159752,8064,76781,5782,151688,43719,20961,22758
25790,159783,8065,76794,5782,151718,43727,20967,22760
25795,159814,8066,76810,5783,151748,43735,20972,22763
25800,159845,8068,76828,5784,151777,43743,20976,22767
25805,159876,8071,76838,5785,151805,43750,20977,22773
25810,159907,8074,76851,5786,151833,43757,20978,22779
25815,159938,8078,76865,5788,151860,43764,20980,22784
25820,159969,8081,76881,5789,151888,43771,20983,22788
25825,160000,8083,76893,5790,151915,43778,20986,22792
25830,160031,8086,76911,5793,151944,43785,20991,22794
25835,160062,8090,76925,5796,151971,43792,20994,22798
25840,160093,8094,76942,5799,151997,43799,20997,22802
25845,160124,8099,76959,5803,152023,43808,21001,22807
25850,160155,8104,76975,5808,152050,43817,21007,22810
25855,160186,8111,76990,5813,152073,43826,21010,22816
25860,160217,8116,77005,5817,152100,43835,21013,22822
25865,160248,8116,77016,5817,152132,43843,21015,22828
25870,160279,8116,77031,5817,152162,43851,21021,22830
25875,160310,8116,77048,5817,152194,43859,21025,22834
25880,160341,8116,77058,5817,152225,43867,21028,22839
25885,160372,8116,77074,5817,152255,43875,21030,22845
25890,160403,8116,77088,5817,152285,43883,21032,22851
25895,160434,8116,77100,5817,152317,43891,21033,22858
25900,160465,8116,77115,5817,152347,43899,21037,22862
25905,160496,8116,77134,5817,152378,43907,21042,22865
25910,160527,8116,77153,5817,152409,43916,21050,22866
25915,160558,8116,77170,5817,152441,43925,21056,22869
25920,160589,8116,77179,5817,152473,43934,21059,22875
25925,160620,8116,77193,5817,152502,43941,21063,22878
25930,160651,8116,77213,5817,152535,43948,21068,22880
25935,160682,8116,77226,5817,152566,43955,21071,22884
25940,160713,8116,77244,5817,152597,43962,21077,22885
25945,160744,8116,77259,5817,152628,43969,21079,22890
25950,160775,8116,77273,5817,152659,43976,21082,22894
25955,160806,8116,77289,5817,152690,43983,21086,22897
25960,160837,8116,77305,5817,152721,43990,21089,22901
25965,160868,8116,77318,5817,152752,43998,21091,22907
25970,160899,8119,77333,5820,152780,44006,21097,22909
25975,160930,8121,77345,5820,152806,44014,21100,22914
25980,160961,8124,77360,5822,152835,44022,21104,22918
25985,160992,8128,77374,5826,152864,44030,21107,22923
25990,161023,8130,77388,5828,152891,44038,21110,22928
25995,161054,8135,77405,5832,152918,44046,21115,22931
26000,161085,8140,77420,5835,152944,44054,21119,22935
26005,161116,8143,77430,5836,152973,44062,21120,22942
26010,161147,8146,77443,5837,153000,44070,21123,22947
26015,161178,8149,77456,5839,153028,44078,21127,22951
26020,161209,8155,77476,5845,153054,44086,21132,22954
26025,161240,8156,77489,5846,153084,44096,21137,22959
26030,161271,8159,77506,5849,153112,44106,21142,22964
26035,161302,8161,77521,5851,153141,44116,21148,22968
26040,161333,8163,77539,5853,153169,44126,21154,22972
26045,161364,8165,77559,5854,153197,44135,21161,22974
26050,161395,8166,77568,5855,153229,44144,21162,22982
26055,161426,8168,77582,5856,153257,44153,21166,22987
26060,161457,8170,77598,5858,153286,44162,21170,22992
26065,161488,8170,77612,5858,153317,44171,21175,22996
26070,161519,8170,77628,5858,153348,44180,21178,23002
26075,161550,8170,77641,5858,153380,44189,21181,23008
26080,161581,8170,77654,5858,153411,44198,21185,23013
26085,161612,8170,77665,5858,153441,44207,21187,23020
26090,161643,8170,77677,5858,153472,44216,21191,23025
26095,161674,8170,77692,5858,153502,44225,21197,23028
26100,161705,8170,77705,5858,153534,44234,21201,23033
26105,161736,8170,77722,5858,153566,44242,21205,23037
26110,161767,8170,77735,5858,153596,44250,21209,23041
26115,161798,8170,77752,5858,153628,44258,21214,23044
26120,161829,8170,77764,5858,153658,44266,21216,23050
26125,161860,8170,77779,5858,153690,44274,21219,23055
26130,161891,8171,77793,5858,153719,44282,21223,23059
26135,161922,8172,77808,5859,153749,44290,21225,23065
26140,161953,8173,77823,5859,153780,44298,21231,23067
26145,161984,8174,77840,5860,153810,44306,21236,23070
26150,162015,8175,77858,5861,153839,44315,21240,23075
26155,162046,8176,77871,5862,153869,44324,21245,23079
26160,162077,8177,77890,5863,153897,44333,21249,23084
26165,162108,8178,77910,5864,153929,44342,21254,23088
26170,162139,8179,77929,5864,153960,44351,21258,23093
26175,162170,8181,77945,5865,153989,44360,21262,23098
26180,162201,8184,77958,5868,154016,44369,21267,23102
26185,162232,8189,77976,5873,154041,44378,21271,23107
26190,162263,8193,77994,5877,154069,44387,21274,23113
26195,162294,8197,78010,5879,154096,44396,21280,23116
26200,162325,8201,78028,5881,154123,44405,21286,23119
26205,162356,8206,78039,5885,154150,44415,21289,23126
26210,162387,8207,78053,5885,154180,44425,21292,23133
26215,162418,8208,78067,5886,154210,44435,21295,23140
26220,162449,8210,78079,5887,154239,44445,21298,23147
26225,162480,8213,78097,5890,154267,44453,21303,23150
26230,162511,8215,78114,5891,154296,44461,21308,23153
26235,162542,8216,78126,5891,154325,44469,21312,23157
26240,162573,8218,78140,5892,154355,44477,21315,23162
26245,162604,8221,78155,5895,154383,44485,21319,23166
26250,162635,8223,78177,5897,154412,44493,21326,23167
26255,162666,8226,78197,5900,154439,44501,21331,23170
26260,162697,8227,78209,5901,154470,44509,21333,23176
26265,162728,8228,78223,5902,154500,44517,21337,23180
26270,162759,8231,78244,5904,154528,44525,21342,23183
26275,162790,8233,78258,5905,154557,44533,21344,23189
26280,162821,8233,78275,5905,154588,44541,21350,23191
26285,162852,8233,78289,5905,154618,44547,21353,23194
26290,162883,8233,78300,5905,154649,44553,21354,23199
26295,162914,8233,78320,5905,154679,44559,21356,23203
26300,162945,8233,78333,5905,154712,44565,21358,23207
26305,162976,8233,78345,5905,154742,44571,21359,23212
26310,163007,8233,78361,5905,154774,44577,21363,23214
26315,163038,8234,78378,5906,154803,44583,21366,23217
26320,163069,8236,78393,5907,154831,44589,21371,23218
26325,163100,8238,78406,5908,154862,44597,21375,23222
26330,163131,8239,78427,5908,154890,44605,21378,23227
26335,163162,8241,78442,5909,154920,44613,21380,23233
26340,163193,8243,78453,5910,154950,44621,21382,23239
26345,163224,8244,78469,5910,154979,44628,21388,23240
26350,163255,8245,78483,5911,155010,44635,21391,23244
26355,163286,8246,78501,5911,155038,44642,21396,23246
26360,163317,8248,78514,5912,155068,44649,21399,23250
26365,163348,8250,78531,5914,155098,44656,21403,23253
26370,163379,8252,78540,5915,155127,44663,21406,23257
26375,163410,8254,78557,5916,155154,44670,21411,23259
26380,163441,8257,78571,5919,155183,44677,21414,23263
26385,163472,8261,78590,5923,155209,44686,21421,23265
26390,163503,8264,78602,5924,155238,44695,21425,23270
26395,163534,8268,78618,5927,155266,44704,21430,23274
26400,163565,8269,78632,5928,155295,44713,21436,23277
26405,163596,8271,78649,5929,155325,44722,21441,23281
26410,163627,8273,78671,5931,155353,44731,21448,23283
26415,163658,8274,78690,5932,155383,44740,21453,23287
26420,163689,8275,78707,5932,155413,44749,21458,23291
26425,163720,8277,78722,5933,155443,44758,21463,23295
26430,163751,8280,78743,5936,155471,44767,21469,23298
26435,163782,8282,78760,5937,155500,44776,21474,23302
26440,163813,8286,78779,5941,155527,44785,21481,23304
26445,163844,8289,78791,5943,155555,44795,21485,23310
26450,163875,8291,78807,5944,155583,44805,21493,23312
26455,163906,8291,78823,5944,155614,44815,21498,23317
26460,163937,8291,78829,5944,155645,44825,21499,23326
26465,163968,8291,78845,5944,155677,44833,21506,23327
26470,163999,8291,78858,5944,155708,44841,21508,23333
26475,164030,8291,78873,5944,155739,44849,21511,23338
26480,164061,8291,78888,5944,155770,44857,21515,23342
26485,164092,8291,78899,5944,155801,44865,21517,23348
26490,164123,8291,78914,5944,155832,44873,21521,23352
26495,164154,8291,78932,5944,155863,44881,21527,23354
26500,164185,8291,78948,5944,155893,44889,21530,23359
26505,164216,8293,78964,5946,155922,44897,21533,23364
26510,164247,8294,78981,5946,155952,44905,21540,23365
26515,164278,8295,78995,5946,155981,44913,21544,23369
26520,164309,8298,79012,5949,156009,44921,21548,23373
26525,164340,8302,79024,5952,156038,44928,21551,23377
26530,164371,8304,79039,5954,156066,44935,21554,23381
26535,164402,8306,79052,5955,156096,44942,21557,23385
26540,164433,8308,79069,5957,156125,44949,21561,23388
26545,164464,8309,79086,5957,156153,44956,21565,23391
26550,164495,8312,79100,5959,156183,44963,21568,23395
26555,164526,8314,79118,5961,156212,44970,21570,23400
26560,164557,8316,79138,5962,156241,44977,21574,23403
26565,164588,8317,79153,5962,156271,44986,21581,23405
26570,164619,8318,79168,5963,156301,44995,21586,23409
26575,164650,8319,79181,5964,156331,45004,21590,23414
26580,164681,8320,79191,5964,156361,45013,21594,23419
26585,164712,8322,79207,5965,156390,45022,21599,23423
26590,164743,8324,79225,5967,156418,45031,21606,23425
26595,164774,8326,79239,5968,156447,45040,21611,23429
26600,164805,8327,79250,5968,156478,45049,21614,23435
26605,164836,8329,79261,5970,156506,45058,21617,23441
26610,164867,8332,79275,5972,156533,45067,21623,23444
26615,164898,8335,79290,5975,156562,45076,21629,23447
26620,164929,8336,79305,5975,156592,45085,21632,23453
26625,164960,8340,79318,5979,156616,45094,21636,23458
26630,164991,8343,79337,5982,156644,45104,21642,23462
26635,165022,8343,79348,5982,156677,45114,21644,23470
26640,165053,8343,79360,5982,156710,45124,21649,23475
26645,165084,8343,79375,5982,156740,45133,21654,23479
26650,165115,8343,79391,5982,156772,45142,21657,23485
26655,165146,8343,79411,5982,156803,45151,21665,23486
26660,165177,8343,79424,5982,156834,45160,21670,23490
26665,165208,8343,79437,5982,156864,45169,21674,23495
26670,165239,8345,79452,5983,156894,45178,21678,23500
26675,165270,8346,79470,5983,156922,45187,21683,23504
26680,165301,8349,79483,5986,156952,45196,21685,23511
26685,165332,8351,79500,5987,156980,45205,21690,23515
26690,165363,8352,79515,5987,157011,45214,21695,23519
26695,165394,8353,79533,5988,157040,45223,21701,23522
26700,165425,8356,79543,5991,157068,45232,21703,23529
26705,165456,8358,79553,5993,157097,45241,21703,23538
26710,165487,8361,79568,5996,157126,45250,21709,23541
26715,165518,8363,79581,5998,157155,45259,21711,23548
26720,165549,8364,79591,5998,157185,45268,21716,23552
26725,165580,8365,79605,5998,157214,45277,21718,23559
26730,165611,8367,79620,6000,157244,45286,21721,23565
26735,165642,8368,79632,6000,157274,45295,21723,23572
26740,165673,8370,79642,6000,157303,45304,21727,23577
26745,165704,8373,79658,6002,157329,45314,21732,23582
26750,165735,8379,79677,6007,157355,45324,21737,23587
26755,165766,8380,79694,6008,157385,45334,21743,23591
26760,165797,8381,79706,6009,157415,45344,21746,23598
26765,165828,8382,79719,6009,157446,45353,21751,23602
26770,165859,8383,79736,6010,157475,45362,21757,23605
26775,165890,8384,79753,6010,157505,45371,21762,23609
26780,165921,8386,79771,6012,157535,45380,21765,23615
26785,165952,8390,79787,6015,157562,45389,21770,23619
26790,165983,8393,79805,6018,157590,45398,21775,23623
26795,166014,8397,79820,6022,157617,45407,21781,23626
26800,166045,8399,79840,6024,157646,45416,21787,23629
26805,166076,8401,79855,6025,157675,45425,21791,23634
26810,166107,8401,79866,6025,157705,45434,21795,23639
26815,166138,8401,79878,6025,157736,45443,21798,23645
26820,166169,8401,79895,6025,157768,45452,21804,23648
26825,166200,8401,79911,6025,157797,45458,21808,23650
26830,166231,8401,79928,6025,157830,45464,21813,23651
26835,166262,8401,79943,6025,157859,45470,21816,23654
26840,166293,8401,79963,6025,157891,45476,21817,23659
26845,166324,8401,79981,6025,157923,45482,21821,23661
26850,166355,8401,79995,6025,157954,45488,21824,23664
26855,166386,8401,80010,6025,157985,45494,21828,23666
26860,166417,8402,80023,6026,158013,45500,21829,23671
26865,166448,8404,80038,6027,158044,45506,21832,23674
26870,166479,8405,80056,6027,158072,45513,21836,23677
26875,166510,8407,80069,6028,158102,45520,21838,23682
26880,166541,8408,80087,6028,158131,45527,21842,23685
26885,166572,8410,80101,6030,158162,45533,21845,23688
26890,166603,8411,80113,6031,158191,45539,21848,23691
26895,166634,8413,80129,6032,158220,45545,21853,23692
26900,166665,8416,80143,6035,158248,45551,21855,23696
26905,166696,8418,80157,6036,158277,45557,21858,23699
26910,166727,8421,80170,6039,158304,45563,21859,23704
26915,166758,8428,80189,6045,158329,45569,21862,23707
26920,166789,8431,80206,6047,158358,45575,21866,23709
26925,166820,8434,80222,6050,158386,45584,21868,23716
26930,166851,8435,80238,6051,158416,45593,21872,23721
26935,166882,8437,80250,6053,158445,45602,21873,23729
26940,166913,8438,80261,6054,158475,45611,21877,23734
26945,166944,8440,80276,6056,158503,45619,21879,23740
26950,166975,8442,80294,6058,158532,45627,21883,23744
26955,167006,8445,80309,6061,158558,45635,21887,23748
26960,167037,8447,80324,6062,158588,45643,21892,23751
26965,167068,8449,80341,6063,158617,45651,21898,23753
26970,167099,8451,80360,6064,158647,45659,21904,23755
26975,167130,8451,80373,6064,158677,45667,21906,23761
26980,167161,8451,80391,6064,158709,45675,21910,23765
26985,167192,8451,80404,6064,158740,45684,21913,23771
26990,167223,8451,80417,6064,158771,45693,21917,23776
26995,167254,8451,80437,6064,158802,45702,21924,23778
27000,167285,8451,80454,6064,158834,45711,21930,23781
27005,167316,8451,80466,6064,158865,45719,21933,23786
27010,167347,8451,80476,6064,158896,45727,21936,23791
27015,167378,8451,80485,6064,158927,45735,21939,23796
27020,167409,8451,80504,6064,158958,45743,21945,23798
27025,167440,8451,80519,6064,158989,45751,21948,23803
27030,167471,8453,80532,6066,159017,45759,21951,23808
27035,167502,8455,80546,6067,159047,45767,21955,23812
27040,167533,8456,80558,6067,159077,45775,21958,23817
27045,167564,8458,80572,6068,159106,45784,21963,23821
27050,167595,8460,80590,6069,159134,45793,21970,23823
27055,167626,8461,80604,6070,159164,45802,21972,23830
27060,167657,8463,80623,6071,159192,45811,21976,23835
27065,167688,8465,80634,6073,159222,45819,21979,23840
27070,167719,8469,80646,6076,159249,45827,21981,23846
27075,167750,8472,80661,6078,159276,45835,21984,23851
27080,167781,8475,80674,6080,159305,45843,21986,23857
27085,167812,8476,80691,6081,159334,45851,21990,23861
27090,167843,8477,80704,6081,159364,45859,21994,23865
27095,167874,8479,80723,6083,159394,45867,21999,23868
27100,167905,8481,80732,6084,159423,45875,22001,23874
27105,167936,8483,80749,6086,159451,45884,22006,23878
27110,167967,8485,80765,6088,159482,45893,22013,23880
27115,167998,8487,80777,6090,159509,45902,22017,23885
27120,168029,8488,80794,6090,159541,45911,22022,23889
27125,168060,8490,80808,6091,159569,45920,22027,23893
27130,168091,8491,80819,6092,159599,45929,22029,23900
27135,168122,8493,80833,6093,159628,45938,22032,23906
27140,168153,8496,80844,6095,159657,45947,22034,23913
27145,168184,8497,80858,6095,159687,45956,22038,23918
27150,168215,8499,80870,6096,159716,45965,22043,23922
27155,168246,8502,80888,6099,159744,45974,22050,23924
27160,168277,8504,80903,6101,159773,45983,22054,23929
27165,168308,8504,80919,6101,159804,45993,22059,23934
27170,168339,8504,80933,6101,159835,46003,22063,23940
27175,168370,8504,80947,6101,159866,46013,22065,23948
27180,168401,8504,80960,6101,159897,46023,22070,23953
27185,168432,8506,80976,6102,159926,46032,22075,23957
27190,168463,8508,80991,6103,159955,46041,22077,23964
27195,168494,8510,81012,6104,159983,46050,22083,23967
27200,168525,8512,81025,6105,160013,46059,22087,23972
27205,168556,8514,81041,6106,160042,46068,22093,23975
27210,168587,8516,81053,6108,160071,46077,22096,23981
27215,168618,8517,81069,6109,160100,46086,22101,23985
27220,168649,8519,81087,6111,160129,46095,22107,23988
27225,168680,8522,81106,6113,160157,46104,22112,23992
27230,168711,8524,81121,6114,160186,46113,22116,23997
27235,168742,8527,81126,6116,160215,46122,22117,24005
27240,168773,8529,81138,6118,160244,46131,22123,24008
27245,168804,8529,81153,6118,160275,46139,22127,24012
27250,168835,8529,81174,6118,160304,46147,22133,24014
27255,168866,8529,81186,6118,160335,46155,22135,24020
27260,168897,8529,81203,6118,160367,46163,22138,24025
27265,168928,8529,81224,6118,160397,46171,22142,24029
27270,168959,8531,81239,6120,160427,46179,22146,24033
27275,168990,8533,81252,6121,160457,46187,22149,24038
27280,169021,8534,81266,6121,160486,46195,22153,24042
27285,169052,8536,81281,6123,160515,46204,22159,24045
27290,169083,8538,81297,6124,160545,46213,22161,24052
27295,169114,8539,81313,6124,160574,46222,22166,24056
27300,169145,8541,81327,6126,160604,46231,22169,24062
27305,169176,8544,81341,6129,160631,46240,22171,24069
27310,169207,8546,81355,6131,160660,46249,22177,24072
27315,169238,8548,81372,6132,160690,46258,22184,24074
27320,169269,8551,81385,6134,160718,46267,22189,24078
27325,169300,8553,81401,6136,160746,46276,22193,24083
27330,169331,8553,81415,6136,160776,46285,22196,24089
27335,169362,8553,81427,6136,160808,46294,22200,24094
27340,169393,8553,81440,6136,160839,46303,22203,24100
27345,169424,8553,81454,6136,160871,46312,22206,24106
27350,169455,8554,81472,6137,160900,46322,22210,24112
27355,169486,8556,81490,6139,160929,46332,22216,24116
27360,169517,8557,81506,6139,160958,46342,22219,24123
27365,169548,8559,81520,6140,160989,46351,22226,24125
27370,169579,8560,81532,6141,161019,46360,22230,24130
27375,169610,8561,81547,6141,161049,46369,22236,24133
27380,169641,8562,81565,6141,161079,46378,22245,24133
27385,169672,8563,81575,6141,161108,46387,22249,24138
27390,169703,8566,81591,6144,161137,46396,22254,24142
27395,169734,8569,81607,6146,161164,46405,22257,24148
27400,169765,8573,81620,6150,161192,46414,22259,24155
27405,169796,8575,81636,6151,161221,46423,22266,24157
27410,169827,8578,81651,6153,161248,46432,22271,24161
27415,169858,8581,81666,6156,161277,46441,22276,24165
27420,169889,8581,81684,6156,161308,46450,22282,24168
27425,169920,8581,81695,6156,161339,46456,22283,24173
27430,169951,8581,81706,6156,161370,46462,22286,24176
27435,169982,8582,81724,6157,161400,46468,22288,24180
27440,170013,8583,81739,6157,161430,46474,22290,24184
27445,170044,8584,81754,6157,161460,46480,22292,24188
27450,170075,8585,81771,6157,161490,46486,22296,24190
27455,170106,8586,81789,6157,161520,46492,22299,24193
27460,170137,8587,81805,6158,161550,46498,22302,24196
27465,170168,8588,81820,6159,161580,46505,22304,24201
27470,170199,8589,81830,6160,161610,46512,22306,24206
27475,170230,8592,81848,6162,161637,46519,22310,24209
27480,170261,8595,81866,6164,161666,46526,22315,24211
27485,170292,8599,81883,6168,161693,46532,22319,24213
27490,170323,8603,81898,6172,161720,46538,22323,24215
27495,170354,8607,81915,6176,161747,46544,22327,24217
27500,170385,8607,81930,6176,161778,46550,22330,24220
27505,170416,8607,81945,6176,161809,46556,22331,24225
27510,170447,8607,81960,6176,161840,46562,22334,24228
27515,170478,8607,81975,6176,161871,46568,22336,24232
27520,170509,8607,81992,6176,161902,46574,22339,24235
27525,170540,8608,82010,6176,161930,46583,22344,24239
27530,170571,8611,82024,6178,161960,46592,22348,24244
27535,170602,8612,82034,6178,161990,46601,22352,24249
27540,170633,8613,82049,6179,162020,46610,22356,24254
27545,170664,8614,82062,6180,162049,46618,22358,24260
27550,170695,8616,82077,6181,162079,46626,22364,24262
27555,170726,8617,82097,6181,162107,46634,22370,24264
27560,170757,8619,82111,6182,162138,46642,22373,24269
27565,170788,8620,82125,6183,162167,46650,22379,24271
27570,170819,8621,82141,6183,162195,46658,22382,24276
27575,170850,8623,82165,6185,162226,46666,22388,24278
27580,170881,8625,82179,6187,162256,46674,22391,24283
27585,170912,8626,82193,6188,162283,46682,22395,24287
27590,170943,8630,82209,6192,162311,46691,22402,24289
27595,170974,8633,82221,6194,162341,46700,22403,24297
27600,171005,8636,82235,6197,162369,46709,22406,24303
27605,171036,8638,82251,6198,162397,46718,22412,24306
27610,171067,8640,82264,6199,162427,46727,22419,24308
27615,171098,8642,82279,6200,162456,46736,22423,24313
27620,171129,8643,82292,6201,162486,46745,22426,24319
27625,171160,8645,82308,6202,162515,46754,22431,24323
27630,171191,8648,82326,6205,162542,46763,22437,24326
27635,171222,8650,82337,6206,162572,46772,22440,24332
27640,171253,8652,82354,6208,162600,46781,22445,24336
27645,171284,8656,82374,6212,162626,46791,22451,24340
27650,171315,8659,82388,6215,162655,46801,22455,24346
27655,171346,8659,82403,6215,162687,46811,22461,24350
27660,171377,8659,82417,6215,162718,46821,22466,24355
27665,171408,8659,82430,6215,162749,46830,22470,24360
27670,171439,8659,82442,6215,162780,46839,22474,24365
27675,171470,8659,82455,6215,162811,46848,22476,24372
27680,171501,8659,82468,6215,162842,46857,22480,24377
27685,171532,8659,82484,6215,162872,46866,22484,24382
27690,171563,8659,82500,6215,162903,46875,22490,24385
27695,171594,8659,82518,6215,162934,46884,22495,24389
27700,171625,8659,82534,6215,162965,46893,22498,24395
27705,171656,8659,82551,6215,162997,46902,22501,24401
27710,171687,8661,82563,6216,163026,46911,22505,24406
27715,171718,8662,82575,6217,163055,46920,22507,24413
27720,171749,8664,82591,6218,163085,46929,22511,24418
27725,171780,8666,82604,6219,163114,46936,22514,24422
27730,171811,8668,82615,6220,163143,46943,22516,24427
27735,171842,8669,82630,6220,163172,46950,22520,24430
27740,171873,8671,82645,6222,163201,46957,22521,24436
27745,171904,8673,82661,6223,163229,46964,22527,24437
27750,171935,8676,82679,6226,163259,46971,22530,24441
27755,171966,8678,82692,6228,163287,46978,22534,24444
27760,171997,8680,82708,6229,163316,46985,22538,24447
27765,172028,8683,82722,6231,163345,46993,22543,24450
27770,172059,8686,82738,6233,163369,47001,22547,24454
27775,172090,8688,82753,6235,163401,47009,22549,24460
27780,172121,8691,82764,6237,163428,47017,22551,24466
27785,172152,8695,82779,6239,163457,47025,22556,24469
27790,172183,8697,82794,6241,163485,47033,22560,24473
27795,172214,8698,82812,6241,163516,47041,22566,24475
27800,172245,8699,82833,6242,163544,47049,22572,24477
27805,172276,8700,82848,6243,163574,47057,22575,24482
27810,172307,8701,82859,6243,163605,47065,22578,24487
27815,172338,8702,82874,6244,163635,47073,22582,24491
27820,172369,8704,82892,6246,163665,47081,22589,24492
27825,172400,8706,82907,6248,163693,47091,22593,24498
27830,172431,8709,82923,6250,163721,47101,22596,24505
27835,172462,8712,82940,6253,163750,47111,22601,24510
27840,172493,8713,82958,6254,163779,47121,22608,24513
27845,172524,8714,82974,6254,163810,47131,22612,24519
27850,172555,8715,82983,6254,163840,47141,22615,24526
27855,172586,8717,82994,6255,163869,47151,22617,24534
27860,172617,8719,83009,6257,163898,47161,22621,24540
27865,172648,8719,83024,6257,163929,47171,22626,24545
27870,172679,8719,83038,6257,163960,47181,22631,24550
27875,172710,8719,83051,6257,163990,47191,22633,24558
27880,172741,8719,83064,6257,164022,47201,22640,24561
27885,172772,8719,83080,6257,164053,47211,22647,24564
27890,172803,8720,83096,6258,164083,47221,22654,24567
27895,172834,8722,83111,6260,164111,47231,22657,24574
27900,172865,8725,83129,6262,164139,47241,22661,24580
27905,172896,8728,83142,6265,164167,47250,22666,24584
27910,172927,8731,83158,6267,164195,47259,22671,24588
27915,172958,8735,83175,6271,164223,47268,22674,24594
27920,172989,8737,83190,6272,164250,47277,22676,24601
27925,173020,8737,83207,6272,164283,47286,22682,24604
27930,173051,8737,83222,6272,164312,47295,22686,24609
27935,173082,8737,83242,6272,164342,47304,22691,24613
27940,173113,8737,83255,6272,164375,47313,22695,24618
27945,173144,8737,83270,6272,164407,47322,22702,24620
27950,173175,8737,83280,6272,164437,47331,22704,24627
27955,173206,8737,83295,6272,164469,47340,22709,24631
27960,173237,8737,83311,6272,164500,47349,22714,24635
27965,173268,8737,83324,6272,164531,47356,22715,24641
27970,173299,8738,83341,6273,164561,47363,22719,24644
27975,173330,8739,83353,6273,164591,47370,22722,24648
27980,173361,8740,83367,6273,164621,47377,22725,24652
27985,173392,8741,83379,6273,164651,47384,22728,24656
27990,173423,8742,83388,6274,164681,47391,22731,24660
27995,173454,8743,83398,6274,164711,47398,22732,24666
28000,173485,8744,83412,6274,164741,47405,22735,24670
28005,173516,8745,83430,6275,164770,47413,22740,24673
28010,173547,8746,83444,6275,164800,47421,22744,24677
28015,173578,8748,83457,6276,164830,47429,22747,24682
28020,173609,8749,83473,6276,164858,47437,22752,24685
28025,173640,8755,83484,6281,164885,47443,22753,24690
28030,173671,8762,83503,6287,164909,47449,22756,24693
28035,173702,8765,83516,6290,164936,47455,22758,24697
28040,173733,8771,83527,6294,164961,47461,22758,24703
28045,173764,8775,83539,6296,164988,47467,22761,24706
28050,173795,8781,83550,6300,165013,47473,22764,24709
28055,173826,8785,83567,6303,165041,47479,22768,24711
28060,173857,8788,83583,6305,165068,47485,22770,24715
28065,173888,8789,83596,6305,165098,47493,22775,24718
28070,173919,8792,83607,6307,165127,47501,22778,24723
28075,173950,8792,83618,6307,165157,47509,22783,24726
28080,173981,8792,83630,6307,165187,47517,22788,24729
28085,174012,8792,83644,6307,165219,47524,22791,24733
28090,174043,8792,83659,6307,165250,47531,22795,24736
28095,174074,8792,83672,6307,165281,47538,22799,24739
28100,174105,8792,83689,6307,165312,47545,22803,24742
28105,174136,8792,83701,6307,165344,47552,22804,24748
28110,174167,8792,83719,6307,165374,47559,22806,24753
28115,174198,8792,83732,6307,165406,47566,22808,24758
28120,174229,8792,83746,6307,165437,47573,22810,24763
28125,174260,8792,83766,6307,165467,47581,22813,24768
28130,174291,8792,83774,6307,165499,47590,22815,24775
28135,174322,8792,83786,6307,165528,47599,22818,24781
28140,174353,8792,83800,6307,165560,47608,22820,24788
28145,174384,8792,83815,6307,165592,47616,22822,24794
28150,174415,8792,83831,6307,165623,47624,22827,24797
28155,174446,8792,83846,6307,165654,47632,22828,24804
28160,174477,8792,83865,6307,165685,47640,22835,24805
28165,174508,8794,83878,6309,165714,47648,22839,24809
28170,174539,8795,83891,6309,165744,47656,22840,24816
28175,174570,8798,83909,6312,165771,47664,22844,24820
28180,174601,8804,83926,6317,165796,47672,22848,24824
28185,174632,8809,83943,6321,165821,47681,22853,24828
28190,174663,8814,83954,6325,165846,47690,22856,24834
28195,174694,8819,83968,6330,165874,47699,22857,24842
28200,174725,8823,83981,6333,165900,47708,22862,24846
28205,174756,8826,83993,6334,165930,47717,22868,24849
28210,174787,8830,84008,6336,165956,47726,22874,24852
28215,174818,8836,84021,6341,165980,47735,22876,24859
28220,174849,8839,84039,6343,166010,47744,22882,24862
28225,174880,8839,84053,6343,166040,47753,22887,24866
28230,174911,8839,84070,6343,166072,47762,22894,24868
28235,174942,8839,84086,6343,166102,47771,22899,24872
28240,174973,8839,84102,6343,166134,47780,22902,24878
28245,175004,8839,84115,6343,166164,47789,22906,24883
28250,175035,8839,84126,6343,166195,47799,22911,24888
28255,175066,8839,84140,6343,166226,47809,22916,24893
28260,175097,8839,84159,6343,166257,47819,22921,24898
28265,175128,8839,84173,6343,166288,47828,22924,24904
28270,175159,8839,84189,6343,166318,47837,22930,24907
28275,175190,8839,84200,6343,166351,47846,22933,24913
28280,175221,8839,84212,6343,166382,47855,22937,24918
28285,175252,8839,84221,6343,166413,47864,22940,24924
28290,175283,8839,84235,6343,166444,47873,22944,24929
28295,175314,8839,84257,6343,166475,47882,22950,24932
28300,175345,8839,84264,6343,166506,47891,22952,24939
28305,175376,8839,84283,6343,166535,47900,22955,24945
28310,175407,8839,84298,6343,166567,47909,22958,24951
28315,175438,8839,84311,6343,166599,47918,22962,24956
28320,175469,8839,84328,6343,166629,47927,22968,24959
28325,175500,8841,84339,6345,166659,47935,22970,24965
28330,175531,8843,84352,6346,166688,47943,22973,24970
28335,175562,8847,84367,6349,166714,47951,22975,24976
28340,175593,8850,84381,6352,166742,47959,22977,24982
28345,175624,8853,84393,6354,166770,47967,22979,24988
28350,175655,8856,84408,6357,166799,47975,22982,24993
28355,175686,8859,84421,6359,166827,47983,22986,24997
28360,175717,8861,84438,6360,166856,47991,22989,25002
28365,175748,8863,84454,6362,166884,48000,22992,25008
28370,175779,8868,84465,6365,166911,48009,22996,25013
28375,175810,8872,84483,6368,166937,48018,23004,25014
28380,175841,8877,84498,6372,166963,48027,23010,25017
28385,175872,8882,84511,6376,166990,48035,23013,25022
28390,175903,8887,84527,6379,167014,48043,23018,25025
28395,175934,8889,84538,6381,167045,48051,23023,25028
28400,175965,8889,84553,6381,167076,48059,23028,25031
28405,175996,8889,84574,6381,167107,48067,23034,25033
28410,176027,8889,84588,6381,167138,48075,23036,25039
28415,176058,8889,84603,6381,167169,48083,23041,25042
28420,176089,8889,84620,6381,167200,48091,23043,25048
28425,176120,8889,84634,6381,167231,48100,23049,25051
28430,176151,8889,84652,6381,167261,48109,23055,25054
28435,176182,8889,84672,6381,167293,48118,23061,25057
28440,176213,8889,84683,6381,167324,48127,23065,25062
28445,176244,8889,84700,6381,167355,48136,23070,25066
28450,176275,8889,84716,6381,167386,48145,23074,25071
28455,176306,8889,84726,6381,167416,48154,23078,25076
28460,176337,8889,84740,6381,167447,48163,23084,25079
28465,176368,8889,84749,6381,167479,48172,23086,25086
28470,176399,8889,84763,6381,167509,48181,23090,25091
28475,176430,8889,84781,6381,167540,48190,23094,25096
28480,176461,8889,84797,6381,167572,48199,23099,25100
28485,176492,8889,84806,6381,167603,48209,23101,25108
28490,176523,8889,84818,6381,167633,48219,23105,25114
28495,176554,8889,84830,6381,167663,48229,23108,25121
28500,176585,8890,84846,6381,167692,48239,23111,25128
28505,176616,8893,84865,6384,167720,48246,23114,25132
28510,176647,8898,84877,6387,167746,48253,23116,25137
28515,176678,8902,84887,6390,167775,48260,23118,25142
28520,176709,8905,84901,6392,167803,48267,23121,25146
28525,176740,8909,84918,6395,167830,48274,23125,25149
28530,176771,8913,84931,6398,167857,48281,23127,25154
28535,176802,8917,84951,6402,167883,48288,23132,25156
28540,176833,8919,84964,6403,167914,48295,23136,25159
28545,176864,8920,84983,6403,167943,48302,23138,25164
28550,176895,8922,85000,6405,167973,48309,23142,25167
28555,176926,8924,85015,6406,168001,48316,23145,25171
28560,176957,8926,85027,6407,168030,48323,23146,25177
28565,176988,8927,85039,6408,168061,48330,23147,25183
28570,177019,8929,85055,6410,168090,48337,23150,25187
28575,177050,8930,85070,6410,168120,48344,23153,25191
28580,177081,8932,85086,6412,168149,48351,23156,25195
28585,177112,8933,85098,6412,168179,48358,23159,25199
28590,177143,8935,85115,6414,168208,48365,23164,25201
28595,177174,8937,85131,6415,168237,48372,23167,25205
28600,177205,8941,85147,6419,168264,48379,23171,25208
28605,177236,8943,85166,6421,168293,48389,23176,25213
28610,177267,8943,85181,6421,168324,48399,23181,25218
28615,177298,8943,85192,6421,168355,48409,23184,25225
28620,177329,8943,85206,6421,168386,48419,23189,25230
28625,177360,8943,85222,6421,168417,48427,23195,25232
28630,177391,8943,85238,6421,168448,48435,23198,25237
28635,177422,8943,85255,6421,168479,48443,23203,25240
28640,177453,8943,85270,6421,168510,48451,23207,25244
28645,177484,8947,85284,6424,168537,48459,23209,25250
28650,177515,8952,85299,6428,168562,48467,23212,25255
28655,177546,8957,85317,6432,168589,48475,23217,25258
28660,177577,8960,85330,6434,168616,48483,23220,25263
28665,177608,8963,85341,6436,168645,48491,23221,25270
28670,177639,8963,85352,6436,168675,48499,23224,25275
28675,177670,8963,85365,6436,168706,48507,23226,25281
28680,177701,8963,85384,6436,168738,48515,23233,25282
28685,177732,8963,85400,6436,168768,48523,23237,25286
28690,177763,8963,85405,6436,168800,48531,23240,25291
28695,177794,8963,85422,6436,168831,48539,23244,25295
28700,177825,8963,85440,6436,168860,48547,23249,25298
28705,177856,8963,85458,6436,168892,48555,23254,25301
28710,177887,8963,85474,6436,168924,48563,23258,25305
28715,177918,8963,85485,6436,168954,48571,23260,25311
28720,177949,8964,85500,6436,168985,48579,23263,25316
28725,177980,8966,85517,6438,169014,48589,23266,25323
28730,178011,8968,85536,6440,169043,48599,23271,25328
28735,178042,8970,85547,6441,169072,48609,23275,25334
28740,178073,8972,85558,6442,169100,48619,23277,25342
28745,178104,8974,85572,6443,169130,48628,23281,25347
28750,178135,8976,85588,6445,169158,48637,23285,25352
28755,178166,8977,85608,6446,169188,48646,23292,25354
28760,178197,8979,85623,6448,169217,48655,23295,25360
28765,178228,8982,85640,6450,169245,48664,23299,25365
28770,178259,8983,85653,6450,169276,48673,23302,25371
28775,178290,8985,85665,6451,169305,48682,23305,25377
28780,178321,8988,85678,6454,169333,48691,23309,25382
28785,178352,8992,85693,6458,169360,48700,23312,25388
28790,178383,8993,85710,6458,169389,48709,23317,25392
28795,178414,8996,85729,6461,169417,48718,23323,25395
28800,178445,8998,85741,6463,169446,48727,23326,25401
28805,178476,9003,85754,6467,169473,48734,23329,25405
28810,178507,9005,85767,6468,169501,48741,23332,25409
28815,178538,9009,85780,6471,169528,48748,23333,25415
28820,178569,9012,85797,6473,169556,48755,23336,25419
28825,178600,9012,85812,6473,169588,48762,23340,25422
28830,178631,9012,85830,6473,169618,48769,23341,25428
28835,178662,9012,85848,6473,169649,48776,23345,25431
28840,178693,9012,85862,6473,169681,48783,23347,25436
28845,178724,9012,85877,6473,169711,48790,23349,25441
28850,178755,9012,85892,6473,169742,48798,23353,25445
28855,178786,9012,85910,6473,169773,48806,23359,25447
28860,178817,9012,85927,6473,169803,48814,23362,25452
28865,178848,9012,85940,6473,169836,48822,23365,25457
28870,178879,9012,85956,6473,169865,48830,23368,25462
28875,178910,9012,85969,6473,169897,48838,23371,25467
28880,178941,9012,85981,6473,169929,48846,23375,25471
28885,178972,9012,85996,6473,169959,48854,23377,25477
28890,179003,9012,86014,6473,169990,48862,23381,25481
28895,179034,9014,86030,6474,170020,48870,23386,25484
28900,179065,9015,86043,6474,170049,48878,23387,25491
28905,179096,9016,86055,6474,170080,48887,23392,25495
28910,179127,9017,86072,6474,170110,48897,23398,25499
28915,179158,9018,86091,6475,170139,48907,23404,25503
28920,179189,9019,86106,6476,170170,48917,23409,25508
28925,179220,9021,86122,6477,170199,48925,23414,25511
28930,179251,9022,86133,6478,170229,48933,23415,25518
28935,179282,9025,86147,6479,170257,48941,23420,25521
28940,179313,9028,86165,6482,170285,48949,23425,25524
28945,179344,9030,86176,6483,170314,48957,23429,25528
28950,179375,9033,86193,6485,170342,48965,23436,25529
28955,179406,9038,86207,6489,170367,48973,23440,25533
28960,179437,9043,86220,6492,170394,48981,23444,25537
28965,179468,9048,86239,6496,170419,48989,23451,25538
28970,179499,9053,86255,6501,170446,48997,23455,25542
28975,179530,9054,86274,6502,170475,49005,23461,25544
28980,179561,9058,86290,6506,170502,49013,23465,25548
28985,179592,9062,86305,6509,170528,49021,23468,25553
28990,179623,9066,86317,6513,170556,49029,23469,25560
28995,179654,9066,86330,6513,170587,49037,23474,25563
29000,179685,9066,86339,6513,170619,49045,23477,25568
29005,179716,9066,86354,6513,170649,49053,23481,25572
29010,179747,9066,86364,6513,170680,49061,23484,25577
29015,179778,9066,86380,6513,170712,49069,23486,25583
29020,179809,9066,86395,6513,170741,49077,23491,25586
29025,179840,9066,86407,6513,170773,49087,23495,25592
29030,179871,9066,86424,6513,170803,49097,23500,25597
29035,179902,9066,86444,6513,170833,49107,23506,25601
29040,179933,9066,86458,6513,170867,49117,23511,25606
29045,179964,9066,86472,6513,170898,49126,23516,25610
29050,179995,9066,86487,6513,170929,49135,23521,25614
29055,180026,9066,86501,6513,170960,49144,23527,25617
29060,180057,9066,86514,6513,170991,49153,23529,25624
29065,180088,9066,86526,6513,171021,49162,23532,25630
29070,180119,9066,86540,6513,171052,49171,23536,25635
29075,180150,9066,86553,6513,171084,49180,23541,25639
29080,180181,9067,86575,6514,171114,49189,23546,25643
29085,180212,9068,86589,6515,171144,49198,23553,25645
29090,180243,9069,86604,6516,171174,49207,23555,25652
29095,180274,9070,86614,6516,171204,49216,23558,25658
29100,180305,9072,86626,6517,171232,49225,23561,25664
29105,180336,9075,86637,6518,171261,49233,23564,25669
29110,180367,9078,86648,6519,171289,49241,23567,25674
29115,180398,9080,86664,6519,171318,49249,23573,25676
29120,180429,9084,86682,6523,171344,49257,23577,25680
29125,180460,9088,86695,6526,171372,49265,23580,25685
29130,180491,9090,86712,6526,171400,49273,23585,25688
29135,180522,9095,86730,6531,171426,49281,23589,25692
29140,180553,9101,86746,6537,171452,49289,23591,25698
29145,180584,9105,86761,6541,171479,49298,23597,25701
29150,180615,9113,86781,6548,171500,49307,23601,25706
29155,180646,9118,86794,6551,171527,49316,23606,25710
29160,180677,9121,86808,6553,171555,49325,23611,25714
29165,180708,9121,86825,6553,171585,49332,23615,25717
29170,180739,9121,86841,6553,171617,49339,23618,25721
29175,180770,9121,86854,6553,171649,49346,23620,25726
29180,180801,9121,86867,6553,171679,49353,23625,25728
29185,180832,9121,86881,6553,171710,49360,23627,25733
29190,180863,9121,86901,6553,171741,49367,23632,25735
29195,180894,9121,86915,6553,171772,49374,23637,25737
29200,180925,9121,86928,6553,171804,49381,23640,25741
29205,180956,9121,86941,6553,171833,49389,23642,25747
29210,180987,9121,86958,6553,171865,49397,23648,25749
29215,181018,9121,86971,6553,171896,49405,23652,25753
29220,181049,9121,86988,6553,171927,49413,23659,25754
29225,181080,9121,87004,6553,171959,49421,23664,25757
29230,181111,9121,87021,6553,171990,49429,23669,25760
29235,181142,9121,87037,6553,172021,49437,23673,25764
29240,181173,9121,87051,6553,172052,49445,23679,25766
29245,181204,9121,87071,6553,172083,49453,23683,25770
29250,181235,9121,87084,6553,172114,49461,23686,25775
29255,181266,9121,87102,6553,172145,49469,23691,25778
29260,181297,9121,87116,6553,172176,49477,23696,25781
29265,181328,9123,87130,6554,172203,49487,23700,25787
29270,181359,9128,87148,6559,172231,49497,23707,25790
29275,181390,9132,87161,6561,172257,49507,23709,25798
29280,181421,9136,87177,6564,172284,49517,23714,25803
29285,181452,9142,87193,6568,172309,49526,23720,25806
29290,181483,9146,87207,6572,172336,49535,23725,25810
29295,181514,9151,87225,6576,172363,49544,23730,25814
29300,181545,9154,87238,6577,172390,49553,23733,25820
29305,181576,9158,87250,6580,172418,49562,23737,25825
29310,181607,9163,87267,6583,172444,49571,23742,25829
29315,181638,9164,87279,6583,172474,49580,23746,25834
29320,181669,9166,87294,6584,172503,49589,23750,25839
29325,181700,9168,87308,6585,172532,49598,23756,25842
29330,181731,9170,87323,6587,172561,49607,23760,25847
29335,181762,9170,87338,6587,172590,49616,23765,25851
29340,181793,9170,87348,6587,172622,49625,23767,25858
29345,181824,9170,87364,6587,172654,49633,23771,25862
29350,181855,9170,87386,6587,172685,49641,23777,25864
29355,181886,9170,87399,6587,172714,49649,23780,25869
29360,181917,9170,87412,6587,172747,49657,23785,25872
29365,181948,9170,87425,6587,172776,49665,23789,25876
29370,181979,9170,87442,6587,172808,49673,23794,25879
29375,182010,9170,87455,6587,172840,49681,23796,25885
29380,182041,9170,87473,6587,172871,49689,23801,25888
29385,182072,9170,87484,6587,172901,49698,23805,25893
29390,182103,9170,87501,6587,172932,49707,23810,25897
29395,182134,9170,87516,6587,172963,49716,23816,25900
29400,182165,9170,87530,6587,172995,49725,23821,25904
29405,182196,9170,87546,6587,173025,49733,23825,25908
29410,182227,9170,87558,6587,173057,49741,23828,25913
29415,182258,9170,87574,6587,173088,49749,23832,25917
29420,182289,9170,87588,6587,173117,49757,23836,25921
29425,182320,9172,87604,6589,173146,49765,23839,25926
29430,182351,9174,87616,6590,173177,49773,23843,25930
29435,182382,9175,87631,6590,173206,49781,23846,25935
29440,182413,9180,87650,6594,173233,49789,23852,25937
29445,182444,9182,87660,6595,173261,49798,23854,25944
29450,182475,9186,87677,6599,173288,49807,23858,25949
29455,182506,9190,87699,6603,173313,49816,23863,25953
29460,182537,9195,87712,6607,173339,49825,23865,25960
29465,182568,9199,87731,6610,173365,49832,23868,25964
29470,182599,9204,87744,6614,173394,49839,23871,25968
29475,182630,9208,87758,6616,173420,49846,23874,25972
29480,182661,9211,87774,6618,173450,49853,23878,25975
29485,182692,9213,87787,6619,173479,49860,23882,25978
29490,182723,9216,87805,6622,173507,49867,23884,25983
29495,182754,9218,87825,6624,173536,49874,23888,25986
29500,182785,9219,87836,6624,173566,49881,23890,25991
29505,182816,9221,87851,6625,173594,49888,23893,25995
29510,182847,9221,87868,6625,173626,49896,23894,26002
29515,182878,9221,87888,6625,173656,49904,23898,26006
29520,182909,9221,87901,6625,173687,49912,23902,26010
29525,182940,9221,87921,6625,173718,49920,23908,26012
29530,182971,9221,87938,6625,173749,49928,23912,26016
29535,183002,9221,87951,6625,173781,49936,23915,26021
29540,183033,9221,87961,6625,173811,49944,23919,26025
29545,183064,9221,87975,6625,173843,49952,23921,26031
29550,183095,9221,87988,6625,173873,49960,23923,26037
29555,183126,9221,88004,6625,173905,49968,23926,26042
29560,183157,9221,88019,6625,173936,49976,23928,26048
29565,183188,9221,88030,6625,173967,49985,23931,26054
29570,183219,9221,88047,6625,173997,49995,23937,26058
29575,183250,9221,88064,6625,174028,50005,23943,26062
29580,183281,9221,88072,6625,174060,50015,23946,26069
29585,183312,9222,88089,6625,174088,50023,23951,26072
29590,183343,9224,88106,6627,174117,50031,23955,26076
29595,183374,9226,88122,6628,174147,50039,23959,26080
29600,183405,9228,88139,6629,174175,50047,23963,26084
29605,183436,9230,88155,6630,174203,50055,23966,26089
29610,183467,9231,88167,6631,174234,50063,23970,26093
29615,183498,9234,88179,6632,174262,50071,23975,26096
29620,183529,9237,88194,6633,174289,50079,23980,26099
29625,183560,9242,88211,6637,174315,50087,23987,26100
29630,183591,9247,88229,6641,174340,50095,23992,26103
29635,183622,9251,88240,6645,174369,50103,23994,26109
29640,183653,9253,88256,6647,174398,50111,23998,26113
29645,183684,9255,88277,6649,174428,50119,24003,26116
29650,183715,9256,88296,6649,174459,50127,24009,26118
29655,183746,9257,88310,6650,174489,50135,24013,26122
29660,183777,9259,88329,6652,174518,50143,24017,26126
29665,183808,9261,88344,6653,174547,50151,24021,26130
29670,183839,9263,88357,6654,174576,50159,24023,26136
29675,183870,9265,88373,6655,174605,50167,24028,26139
29680,183901,9267,88388,6657,174634,50175,24032,26143
29685,183932,9268,88404,6658,174664,50185,24038,26147
29690,183963,9272,88423,6661,174691,50195,24044,26151
29695,183994,9275,88435,6663,174719,50205,24047,26158
29700,184025,9278,88452,6666,174747,50215,24053,26162
29705,184056,9278,88463,6666,174778,50223,24055,26168
29710,184087,9278,88482,6666,174809,50231,24058,26173
29715,184118,9278,88495,6666,174840,50239,24060,26179
29720,184149,9278,88508,6666,174871,50247,24061,26186
29725,184180,9278,88525,6666,174902,50255,24065,26190
29730,184211,9278,88544,6666,174933,50263,24070,26193
29735,184242,9278,88557,6666,174963,50271,24074,26197
29740,184273,9278,88573,6666,174995,50279,24080,26199
29745,184304,9279,88589,6667,175021,50287,24084,26203
29750,184335,9286,88603,6673,175046,50295,24086,26209
29755,184366,9289,88614,6675,175074,50303,24089,26214
29760,184397,9291,88630,6676,175101,50311,24094,26217
29765,184428,9293,88640,6677,175134,50318,24095,26223
29770,184459,9295,88652,6678,175163,50325,24098,26227
29775,184490,9298,88669,6681,175190,50332,24101,26231
29780,184521,9298,88687,6681,175223,50339,24105,26234
29785,184552,9298,88705,6681,175253,50346,24112,26234
29790,184583,9298,88718,6681,175285,50353,24115,26238
29795,184614,9298,88733,6681,175316,50360,24119,26241
29800,184645,9298,88752,6681,175346,50367,24121,26246
29805,184676,9298,88764,6681,175378,50376,24126,26250
29810,184707,9300,88777,6683,175407,50385,24129,26256
29815,184738,9301,88792,6683,175436,50394,24133,26261
29820,184769,9303,88806,6684,175466,50403,24138,26265
29825,184800,9305,88817,6685,175495,50412,24142,26270
29830,184831,9307,88831,6686,175524,50421,24147,26274
29835,184862,9309,88845,6687,175552,50430,24151,26279
29840,184893,9311,88858,6688,175581,50439,24155,26284
29845,184924,9313,88876,6690,175611,50448,24160,26288
29850,184955,9316,88892,6693,175639,50457,24163,26294
29855,184986,9319,88911,6696,175667,50466,24168,26298
29860,185017,9321,88930,6698,175696,50475,24174,26301
29865,185048,9321,88947,6698,175727,50485,24178,26307
29870,185079,9321,88957,6698,175758,50495,24181,26314
29875,185110,9321,88972,6698,175789,50505,24186,26319
29880,185141,9322,88984,6699,175819,50515,24187,26328
29885,185172,9323,88996,6699,175848,50524,24191,26333
29890,185203,9327,89014,6703,175876,50533,24199,26334
29895,185234,9330,89029,6706,175903,50542,24203,26339
29900,185265,9334,89046,6710,175930,50551,24205,26346
29905,185296,9339,89064,6714,175956,50560,24208,26352
29910,185327,9341,89074,6716,175984,50569,24211,26358
29915,185358,9341,89089,6716,176016,50578,24216,26362
29920,185389,9341,89104,6716,176047,50587,24220,26367
29925,185420,9341,89121,6716,176078,50596,24226,26370
29930,185451,9341,89138,6716,176110,50605,24234,26371
29935,185482,9341,89154,6716,176141,50614,24237,26377
29940,185513,9341,89166,6716,176172,50623,24240,26383
29945,185544,9341,89180,6716,176203,50632,24246,26386
29950,185575,9341,89193,6716,176234,50641,24248,26393
29955,185606,9341,89206,6716,176265,50650,24251,26399
29960,185637,9341,89220,6716,176296,50659,24257,26402
29965,185668,9343,89238,6717,176325,50668,24262,26406
29970,185699,9344,89252,6718,176355,50677,24266,26411
29975,185730,9346,89271,6719,176383,50686,24270,26416
29980,185761,9347,89286,6720,176414,50695,24272,26423
29985,185792,9349,89302,6721,176443,50705,24277,26428
29990,185823,9350,89316,6721,176472,50715,24281,26434
29995,185854,9352,89331,6723,176502,50725,24286,26439
30000,185885,9354,89349,6725,176531,50735,24293,26442
30005,185916,9355,89362,6726,176561,50744,24297,26447
30010,185947,9357,89376,6728,176590,50753,24299,26454
30015,185978,9358,89391,6728,176619,50762,24306,26456
30020,186009,9361,89406,6729,176647,50771,24312,26459
30025,186040,9365,89414,6731,176675,50780,24315,26465
30030,186071,9368,89424,6733,176703,50789,24319,26470
30035,186102,9371,89439,6735,176731,50798,24324,26474
30040,186133,9374,89454,6736,176758,50807,24328,26479
30045,186164,9379,89470,6739,176783,50816,24333,26483
30050,186195,9386,89484,6744,176809,50825,24339,26486
30055,186226,9388,89493,6745,176837,50834,24343,26491
30060,186257,9393,89506,6748,176863,50843,24348,26495
30065,186288,9395,89519,6750,176892,50851,24351,26500
30070,186319,9397,89525,6752,176921,50859,24351,26508
30075,186350,9397,89538,6752,176953,50867,24353,26514
30080,186381,9397,89554,6752,176984,50875,24358,26517
30085,186412,9397,89571,6752,177014,50883,24361,26522
30090,186443,9397,89583,6752,177046,50891,24363,26528
30095,186474,9397,89600,6752,177076,50899,24365,26534
30100,186505,9397,89618,6752,177108,50907,24370,26537
30105,186536,9397,89623,6752,177137,50916,24370,26546
30110,186567,9397,89641,6752,177167,50925,24374,26551
30115,186598,9397,89655,6752,177199,50934,24378,26556
30120,186629,9397,89667,6752,177231,50943,24383,26560
30125,186660,9397,89686,6752,177262,50949,24384,26565
30130,186691,9397,89699,6752,177293,50955,24388,26567
30135,186722,9397,89714,6752,177325,50961,24391,26570
30140,186753,9397,89726,6752,177356,50967,24393,26574
30145,186784,9397,89743,6752,177387,50973,24398,26575
30150,186815,9397,89753,6752,177418,50979,24400,26579
30155,186846,9397,89765,6752,177449,50985,24400,26585
30160,186877,9397,89777,6752,177480,50991,24403,26588
30165,186908,9397,89789,6752,177511,50998,24405,26593
30170,186939,9399,89807,6753,177539,51005,24408,26597
30175,186970,9403,89823,6755,177566,51012,24411,26601
30180,187001,9406,89839,6757,177594,51019,24416,26603
30185,187032,9411,89852,6761,177621,51025,24419,26606
30190,187063,9415,89866,6764,177648,51031,24422,26609
30195,187094,9419,89878,6767,177675,51037,24425,26612
30200,187125,9424,89895,6771,177701,51043,24429,26614
30205,187156,9427,89910,6773,177728,51049,24432,26617
30210,187187,9432,89926,6777,177753,51055,24435,26620
30215,187218,9434,89943,6779,177782,51061,24439,26622
30220,187249,9437,89965,6782,177810,51067,24444,26623
30225,187280,9440,89989,6785,177839,51074,24449,26625
30230,187311,9441,90001,6786,177870,51083,24451,26632
30235,187342,9443,90013,6787,177899,51092,24455,26637
30240,187373,9445,90028,6788,177927,51101,24460,26641
30245,187404,9445,90038,6788,177959,51108,24462,26646
30250,187435,9445,90055,6788,177990,51115,24465,26650
30255,187466,9445,90070,6788,178021,51122,24468,26654
30260,187497,9445,90086,6788,178052,51129,24471,26658
30265,187528,9445,90106,6788,178083,51136,24476,26660
30270,187559,9445,90119,6788,178114,51143,24478,26665
30275,187590,9445,90138,6788,178144,51150,24484,26666
30280,187621,9445,90152,6788,178175,51157,24489,26668
30285,187652,9445,90172,6788,178206,51165,24493,26672
30290,187683,9445,90188,6788,178238,51173,24496,26677
30295,187714,9445,90202,6788,178268,51181,24501,26680
30300,187745,9445,90217,6788,178299,51189,24504,26685
30305,187776,9445,90233,6788,178330,51197,24509,26688
30310,187807,9445,90246,6788,178362,51205,24513,26692
30315,187838,9445,90260,6788,178392,51213,24517,26696
30320,187869,9446,90275,6788,178422,51221,24523,26698
30325,187900,9447,90286,6788,178451,51229,24527,26702
30330,187931,9449,90301,6789,178480,51237,24531,26706
30335,187962,9451,90319,6791,178509,51245,24536,26709
30340,187993,9452,90332,6792,178540,51253,24540,26713
30345,188024,9455,90344,6794,178568,51263,24542,26721
30350,188055,9459,90357,6798,178592,51273,24543,26730
30355,188086,9463,90378,6801,178621,51283,24550,26733
30360,188117,9468,90397,6805,178647,51293,24556,26737
30365,188148,9473,90415,6809,178675,51302,24562,26740
30370,188179,9476,90433,6811,178702,51311,24568,26743
30375,188210,9481,90450,6814,178729,51320,24572,26748
30380,188241,9483,90461,6816,178758,51329,24575,26754
30385,188272,9485,90478,6817,178787,51338,24580,26758
30390,188303,9486,90495,6817,178817,51347,24585,26762
30395,188334,9488,90509,6819,178846,51356,24590,26766
30400,188365,9489,90523,6820,178876,51365,24596,26769
30405,188396,9491,90538,6822,178904,51374,24599,26775
30410,188427,9493,90551,6824,178933,51383,24602,26781
30415,188458,9495,90567,6826,178962,51392,24607,26785
30420,188489,9497,90580,6827,178992,51401,24611,26790
30425,188520,9497,90598,6827,179022,51409,24616,26793
30430,188551,9497,90610,6827,179054,51417,24618,26799
30435,188582,9497,90626,6827,179085,51425,24623,26802
30440,188613,9497,90645,6827,179116,51433,24628,26805
30445,188644,9497,90657,6827,179147,51441,24630,26811
30450,188675,9497,90672,6827,179178,51449,24631,26818
30455,188706,9497,90690,6827,179209,51457,24635,26822
30460,188737,9497,90709,6827,179239,51465,24641,26824
30465,188768,9497,90725,6827,179270,51474,24644,26830
30470,188799,9497,90738,6827,179298,51483,24647,26836
30475,188830,9497,90758,6827,179333,51492,24655,26837
30480,188861,9497,90770,6827,179362,51501,24660,26841
30485,188892,9499,90783,6828,179393,51510,24665,26845
30490,188923,9500,90794,6828,179423,51519,24668,26851
30495,188954,9502,90813,6830,179451,51528,24671,26857
30500,188985,9504,90828,6832,179481,51537,24675,26862
30505,189016,9505,90841,6832,179511,51546,24678,26868
30510,189047,9506,90856,6832,179541,51555,24682,26873
30515,189078,9507,90875,6832,179571,51564,24687,26877
30520,189109,9508,90890,6832,179601,51573,24692,26881
30525,189140,9509,90900,6833,179631,51583,24696,26887
30530,189171,9511,90910,6834,179660,51593,24701,26892
30535,189202,9514,90925,6836,179687,51603,24706,26897
30540,189233,9519,90940,6840,179714,51613,24711,26902
30545,189264,9522,90952,6841,179742,51622,24714,26908
30550,189295,9526,90964,6844,179769,51631,24718,26913
30555,189326,9529,90985,6847,179797,51640,24725,26915
30560,189357,9533,91001,6850,179823,51649,24729,26920
30565,189388,9537,91016,6852,179850,51658,24732,26926
30570,189419,9542,91033,6856,179877,51667,24736,26931
30575,189450,9543,91052,6856,179907,51676,24743,26933
30580,189481,9545,91070,6857,179935,51685,24747,26938
30585,189512,9547,91086,6859,179965,51694,24752,26942
30590,189543,9549,91101,6861,179994,51703,24755,26948
30595,189574,9550,91117,6862,180023,51712,24759,26953
30600,189605,9552,91135,6864,180051,51721,24764,26957
30605,189636,9552,91146,6864,180082,51730,24767,26963
30610,189667,9552,91159,6864,180114,51739,24770,26969
30615,189698,9552,91177,6864,180145,51748,24776,26972
30620,189729,9552,91194,6864,180176,51757,24784,26973
30625,189760,9552,91213,6864,180206,51766,24790,26976
30630,189791,9552,91223,6864,180239,51775,24793,26982
30635,189822,9552,91237,6864,180270,51784,24798,26986
30640,189853,9552,91251,6864,180301,51793,24802,26991
30645,189884,9552,91264,6864,180332,51803,24807,26996
30650,189915,9552,91277,6864,180363,51813,24812,27001
30655,189946,9552,91290,6864,180394,51823,24816,27007
30660,189977,9552,91304,6864,180425,51833,24821,27012
30665,190008,9552,91316,6864,180456,51840,24823,27017
30670,190039,9552,91329,6864,180486,51847,24825,27022
30675,190070,9554,91344,6865,180515,51854,24830,27024
30680,190101,9557,91358,6868,180542,51861,24833,27028
30685,190132,9559,91370,6869,180572,51868,24836,27032
30690,190163,9561,91383,6870,180601,51875,24837,27038
30695,190194,9563,91397,6872,180631,51882,24840,27042
30700,190225,9564,91412,6873,180661,51889,24844,27045
30705,190256,9566,91426,6875,180688,51896,24848,27048
30710,190287,9570,91442,6878,180716,51903,24852,27051
30715,190318,9574,91450,6881,180744,51910,24853,27057
30720,190349,9576,91466,6882,180772,51917,24857,27060
30725,190380,9579,91483,6883,180801,51924,24861,27063
30730,190411,9584,91505,6887,180826,51931,24867,27064
30735,190442,9589,91518,6891,180853,51938,24871,27067
30740,190473,9591,91540,6893,180881,51945,24876,27069
30745,190504,9592,91556,6894,180912,51952,24879,27073
30750,190535,9593,91570,6894,180942,51959,24883,27076
30755,190566,9594,91585,6894,180970,51966,24887,27079
30760,190597,9596,91598,6895,181000,51973,24891,27082
30765,190628,9598,91615,6897,181030,51982,24896,27086
30770,190659,9600,91631,6899,181058,51992,24902,27090
30775,190690,9601,91649,6900,181088,52002,24908,27094
30780,190721,9602,91664,6900,181118,52012,24913,27099
30785,190752,9603,91681,6901,181148,52020,24918,27102
30790,190783,9605,91697,6903,181178,52028,24923,27105
30795,190814,9608,91715,6906,181204,52036,24926,27110
30800,190845,9610,91732,6908,181235,52044,24933,27111
30805,190876,9610,91748,6908,181264,52052,24939,27113
30810,190907,9610,91763,6908,181296,52060,24941,27119
30815,190938,9610,91776,6908,181326,52068,24945,27123
30820,190969,9610,91791,6908,181359,52076,24948,27128
30825,191000,9610,91811,6908,181388,52084,24952,27132
30830,191031,9610,91826,6908,181419,52092,24956,27136
30835,191062,9610,91836,6908,181451,52100,24960,27140
30840,191093,9610,91853,6908,181483,52108,24965,27143
30845,191124,9610,91869,6908,181514,52114,24968,27146
30850,191155,9612,91883,6910,181542,52120,24970,27150
30855,191186,9613,91896,6911,181573,52126,24975,27151
30860,191217,9614,91913,6911,181601,52132,24980,27152
30865,191248,9617,91930,6913,181630,52138,24984,27154
30870,191279,9620,91944,6915,181657,52144,24986,27158
30875,191310,9623,91966,6918,181685,52150,24991,27159
30880,191341,9626,91977,6921,181714,52156,24993,27163
30885,191372,9628,91993,6923,181744,52164,24995,27169
30890,191403,9630,92011,6924,181772,52172,25000,27172
30895,191434,9633,92027,6927,181800,52180,25003,27177
30900,191465,9635,92041,6928,181829,52188,25007,27181
30905,191496,9637,92053,6929,181859,52196,25007,27189
30910,191527,9638,92068,6929,181889,52204,25012,27192
30915,191558,9639,92084,6929,181919,52212,25017,27195
30920,191589,9640,92100,6930,181949,52220,25019,27201
30925,191620,9641,92116,6931,181979,52228,25022,27206
30930,191651,9642,92128,6932,182009,52236,25026,27210
30935,191682,9643,92138,6933,182039,52244,25027,27217
30940,191713,9644,92156,6934,182069,52252,25029,27223
30945,191744,9645,92170,6935,182099,52261,25033,27228
30950,191775,9646,92186,6936,182129,52271,25042,27229
30955,191806,9647,92200,6936,182158,52281,25047,27234
30960,191837,9648,92216,6936,182189,52291,25055,27236
30965,191868,9649,92231,6937,182217,52299,25060,27239
30970,191899,9650,92247,6938,182248,52307,25063,27244
30975,191930,9651,92263,6938,182278,52315,25068,27247
30980,191961,9652,92277,6939,182309,52323,25073,27250
30985,191992,9653,92292,6939,182338,52331,25079,27252
30990,192023,9654,92304,6939,182369,52339,25083,27256
30995,192054,9655,92323,6939,182398,52347,25090,27257
31000,192085,9657,92339,6941,182427,52355,25092,27263
31005,192116,9660,92351,6943,182455,52363,25094,27269
31010,192147,9665,92367,6947,182482,52371,25099,27272
31015,192178,9668,92378,6949,182509,52379,25101,27278
31020,192209,9673,92397,6954,182535,52387,25106,27281
31025,192240,9676,92413,6957,182562,52395,25109,27286
31030,192271,9679,92424,6959,182592,52403,25111,27292
31035,192302,9681,92436,6961,182620,52411,25114,27297
31040,192333,9683,92450,6963,182649,52419,25117,27302
31045,192364,9684,92468,6964,182680,52427,25121,27306
31050,192395,9686,92483,6966,182708,52435,25125,27310
31055,192426,9688,92496,6968,182738,52443,25128,27315
31060,192457,9689,92512,6968,182768,52451,25133,27318
31065,192488,9691,92532,6970,182797,52461,25139,27322
31070,192519,9693,92547,6971,182826,52471,25144,27327
31075,192550,9695,92560,6972,182853,52481,25148,27333
31080,192581,9698,92573,6975,182882,52491,25154,27337
31085,192612,9699,92585,6976,182913,52501,25160,27341
31090,192643,9699,92599,6976,182944,52511,25163,27348
31095,192674,9699,92613,6976,182975,52521,25168,27353
31100,192705,9699,92631,6976,183006,52531,25174,27357
31105,192736,9699,92644,6976,183037,52541,25178,27363
31110,192767,9699,92661,6976,183068,52551,25185,27366
31115,192798,9699,92675,6976,183099,52561,25188,27373
31120,192829,9699,92688,6976,183130,52571,25192,27379
31125,192860,9699,92706,6976,183161,52581,25197,27384
31130,192891,9699,92720,6976,183192,52591,25200,27391
31135,192922,9701,92733,6978,183221,52601,25205,27396
31140,192953,9702,92749,6978,183251,52611,25211,27400
31145,192984,9703,92766,6979,183279,52618,25216,27402
31150,193015,9704,92779,6980,183310,52625,25220,27405
31155,193046,9705,92798,6980,183337,52632,25224,27408
31160,193077,9707,92811,6981,183369,52639,25228,27411
31165,193108,9709,92828,6982,183399,52646,25233,27413
31170,193139,9711,92844,6983,183428,52653,25237,27416
31175,193170,9713,92860,6984,183457,52660,25242,27418
31180,193201,9715,92878,6986,183486,52667,25246,27421
31185,193232,9718,92897,6989,183513,52674,25249,27425
31190,193263,9721,92914,6991,183541,52681,25255,27426
31195,193294,9725,92928,6994,183568,52688,25257,27431
31200,193325,9729,92944,6997,183595,52695,25260,27435
31205,193356,9731,92962,6999,183625,52702,25263,27439
31210,193387,9732,92978,7000,183653,52709,25267,27442
31215,193418,9734,92992,7001,183684,52716,25272,27444
31220,193449,9735,93003,7001,183712,52723,25276,27447
31225,193480,9737,93017,7003,183741,52730,25277,27453
31230,193511,9739,93032,7004,183770,52737,25281,27456
31235,193542,9741,93044,7006,183800,52744,25284,27460
31240,193573,9743,93057,7008,183828,52751,25287,27464
31245,193604,9745,93069,7009,183858,52761,25294,27467
31250,193635,9746,93083,7010,183888,52771,25297,27474
31255,193666,9747,93102,7011,183917,52781,25303,27478
31260,193697,9750,93119,7014,183945,52791,25308,27483
31265,193728,9752,93134,7016,183975,52801,25313,27488
31270,193759,9752,93153,7016,184007,52811,25320,27491
31275,193790,9752,93170,7016,184038,52821,25326,27495
31280,193821,9752,93185,7016,184069,52831,25332,27499
31285,193852,9752,93198,7016,184100,52841,25338,27503
31290,193883,9752,93215,7016,184131,52851,25342,27509
31295,193914,9752,93229,7016,184162,52861,25348,27513
31300,193945,9752,93247,7016,184193,52871,25354,27517
31305,193976,9752,93258,7016,184224,52881,25359,27522
31310,194007,9753,93270,7016,184254,52891,25361,27530
31315,194038,9754,93281,7016,184284,52901,25364,27537
31320,194069,9755,93295,7016,184314,52911,25369,27542
31325,194100,9756,93313,7016,184344,52919,25375,27544
31330,194131,9758,93330,7018,184373,52927,25379,27548
31335,194162,9759,93343,7019,184403,52935,25382,27553
31340,194193,9760,93355,7020,184433,52943,25385,27558
31345,194224,9762,93364,7021,184462,52951,25387,27564
31350,194255,9764,93381,7022,184491,52959,25392,27567
31355,194286,9765,93395,7023,184521,52967,25395,27572
31360,194317,9767,93412,7024,184548,52975,25400,27575
31365,194348,9769,93431,7025,184575,52983,25405,27578
31370,194379,9779,93442,7035,184599,52991,25406,27585
31375,194410,9785,93455,7040,184621,52999,25409,27590
31380,194441,9793,93471,7046,184643,53007,25413,27594
31385,194472,9796,93487,7048,184675,53015,25418,27597
31390,194503,9796,93507,7048,184706,53023,25422,27601
31395,194534,9796,93521,7048,184737,53031,25425,27606
31400,194565,9796,93530,7048,184768,53039,25428,27611
31405,194596,9796,93546,7048,184800,53047,25432,27615
31410,194627,9796,93564,7048,184830,53055,25438,27617
31415,194658,9796,93578,7048,184861,53063,25440,27623
31420,194689,9796,93590,7048,184892,53071,25442,27629
31425,194720,9796,93607,7048,184924,53080,25449,27631
31430,194751,9796,93625,7048,184955,53090,25456,27634
31435,194782,9796,93642,7048,184986,53100,25462,27638
31440,194813,9796,93656,7048,185017,53110,25467,27643
31445,194844,9796,93667,7048,185048,53119,25470,27649
31450,194875,9796,93681,7048,185079,53128,25473,27655
31455,194906,9796,93695,7048,185110,53137,25477,27660
31460,194937,9796,93702,7048,185141,53146,25480,27666
31465,194968,9796,93713,7048,185172,53155,25483,27672
31470,194999,9796,93724,7048,185203,53164,25487,27677
31475,195030,9796,93737,7048,185234,53173,25490,27683
31480,195061,9796,93749,7048,185265,53182,25495,27687
31485,195092,9796,93761,7048,185296,53191,25499,27692
31490,195123,9797,93774,7048,185326,53200,25502,27698
31495,195154,9801,93788,7051,185353,53209,25507,27702
31500,195185,9804,93799,7052,185380,53218,25512,27706
31505,195216,9809,93817,7055,185406,53226,25516,27710
31510,195247,9813,93829,7057,185434,53234,25519,27715
31515,195278,9816,93847,7058,185461,53242,25525,27717
31520,195309,9820,93861,7062,185489,53250,25528,27722
31525,195340,9822,93876,7062,185518,53258,25531,27727
31530,195371,9826,93892,7065,185545,53266,25537,27729
31535,195402,9830,93905,7068,185572,53274,25539,27735
31540,195433,9832,93918,7070,185601,53282,25540,27742
31545,195464,9834,93932,7071,185629,53291,25545,27746
31550,195495,9838,93949,7075,185655,53300,25548,27752
31555,195526,9841,93967,7077,185682,53309,25552,27757
31560,195557,9845,93986,7080,185710,53318,25559,27759
31565,195588,9847,93998,7081,185739,53326,25561,27765
31570,195619,9847,94010,7081,185771,53334,25564,27770
31575,195650,9847,94022,7081,185803,53342,25571,27771
31580,195681,9847,94038,7081,185834,53350,25574,27776
31585,195712,9847,94055,7081,185865,53358,25578,27780
31590,195743,9847,94068,7081,185896,53366,25580,27786
31595,195774,9847,94081,7081,185927,53374,25582,27792
31600,195805,9847,94099,7081,185958,53382,25589,27793
31605,195836,9847,94113,7081,185988,53391,25591,27800
31610,195867,9847,94128,7081,186019,53400,25596,27804
31615,195898,9847,94151,7081,186050,53409,25604,27805
31620,195929,9847,94166,7081,186081,53418,25609,27809
31625,195960,9847,94181,7081,186112,53425,25613,27812
31630,195991,9847,94197,7081,186144,53432,25617,27815
31635,196022,9847,94218,7081,186174,53439,25623,27816
31640,196053,9847,94230,7081,186206,53446,25629,27817
31645,196084,9848,94243,7081,186235,53453,25633,27820
31650,196115,9850,94257,7082,186264,53460,25636,27824
31655,196146,9853,94268,7084,186293,53467,25639,27828
31660,196177,9854,94287,7085,186322,53474,25645,27829
31665,196208,9857,94304,7088,186349,53482,25651,27831
31670,196239,9860,94316,7090,186378,53490,25652,27838
31675,196270,9862,94329,7091,186404,53498,25656,27842
31680,196301,9869,94349,7097,186428,53506,25661,27845
31685,196332,9873,94364,7099,186457,53511,25665,27846
31690,196363,9875,94382,7100,186486,53516,25668,27848
31695,196394,9876,94396,7100,186514,53521,25672,27849
31700,196425,9878,94409,7101,186547,53526,25674,27852
31705,196456,9880,94425,7102,186575,53531,25676,27855
31710,196487,9882,94440,7104,186603,53536,25679,27857
31715,196518,9884,94455,7106,186634,53541,25681,27860
31720,196549,9886,94466,7107,186663,53546,25683,27863
31725,196580,9889,94477,7109,186691,53552,25685,27867
31730,196611,9893,94484,7112,186718,53559,25687,27872
31735,196642,9893,94496,7112,186749,53566,25689,27877
31740,196673,9893,94509,7112,186780,53573,25692,27881
31745,196704,9893,94523,7112,186811,53580,25695,27885
31750,196735,9893,94536,7112,186842,53587,25698,27889
31755,196766,9893,94551,7112,186873,53594,25699,27895
31760,196797,9893,94570,7112,186904,53601,25702,27899
31765,196828,9893,94587,7112,186935,53608,25705,27903
31770,196859,9893,94600,7112,186966,53615,25708,27907
31775,196890,9893,94610,7112,186997,53622,25710,27912
31780,196921,9893,94624,7112,187028,53629,25712,27917
31785,196952,9893,94636,7112,187058,53639,25718,27921
31790,196983,9893,94647,7112,187089,53649,25722,27927
31795,197014,9895,94665,7114,187119,53659,25729,27930
31800,197045,9896,94681,7114,187148,53669,25734,27935
31805,197076,9898,94694,7115,187177,53679,25737,27942
31810,197107,9900,94708,7117,187205,53689,25743,27946
31815,197138,9903,94719,7120,187233,53699,25746,27953
31820,197169,9906,94735,7122,187260,53709,25751,27958
31825,197200,9909,94752,7124,187287,53719,25757,27962
31830,197231,9912,94768,7127,187315,53729,25764,27965
31835,197262,9916,94780,7130,187344,53739,25768,27971
31840,197293,9917,94790,7130,187375,53749,25770,27979
31845,197324,9919,94804,7131,187405,53759,25775,27984
31850,197355,9920,94820,7132,187435,53769,25780,27989
31855,197386,9922,94835,7134,187463,53779,25787,27992
31860,197417,9924,94845,7136,187493,53789,25789,28000
31865,197448,9926,94860,7137,187522,53798,25794,28004
31870,197479,9928,94879,7139,187551,53807,25799,28008
31875,197510,9929,94894,7140,187581,53816,25804,28012
31880,197541,9930,94906,7140,187611,53825,25807,28018
31885,197572,9931,94920,7141,187641,53834,25810,28024
31890,197603,9932,94936,7142,187670,53843,25815,28028
31895,197634,9933,94952,7143,187701,53852,25820,28032
31900,197665,9935,94971,7145,187730,53861,25824,28037
31905,197696,9938,94990,7148,187758,53870,25830,28040
31910,197727,9941,95009,7150,187786,53879,25838,28041
31915,197758,9944,95025,7153,187814,53888,25845,28043
31920,197789,9944,95040,7153,187844,53897,25851,28046
31925,197820,9944,95054,7153,187876,53906,25858,28048
31930,197851,9944,95069,7153,187907,53915,25862,28053
31935,197882,9944,95080,7153,187938,53924,25864,28060
31940,197913,9945,95092,7154,187967,53933,25869,28064
31945,197944,9948,95111,7156,187995,53942,25873,28069
31950,197975,9950,95126,7157,188024,53951,25878,28073
31955,198006,9952,95139,7159,188052,53960,25881,28079
31960,198037,9957,95154,7163,188078,53969,25885,28084
31965,198068,9960,95169,7165,188107,53979,25890,28089
31970,198099,9962,95182,7167,188136,53989,25893,28096
31975,198130,9964,95199,7169,188166,53999,25899,28100
31980,198161,9965,95213,7169,188195,54009,25903,28106
31985,198192,9967,95230,7171,188225,54018,25907,28111
31990,198223,9968,95246,7172,188255,54027,25912,28115
31995,198254,9969,95258,7172,188284,54036,25913,28123
32000,198285,9970,95270,7173,188313,54045,25916,28129
32005,198316,9971,95285,7174,188344,54054,25920,28134
32010,198347,9972,95300,7175,188373,54063,25925,28138
32015,198378,9973,95311,7176,188405,54072,25929,28143
32020,198409,9973,95328,7176,188436,54081,25935,28146
32025,198440,9975,95347,7178,188463,54090,25939,28151
32030,198471,9977,95368,7179,188492,54099,25946,28153
32035,198502,9978,95380,7179,188523,54108,25950,28158
32040,198533,9979,95393,7180,188554,54117,25954,28163
32045,198564,9981,95409,7182,188583,54125,25961,28164
32050,198595,9982,95421,7182,188613,54133,25966,28167
32055,198626,9984,95433,7183,188642,54141,25970,28171
32060,198657,9985,95445,7183,188672,54149,25975,28174
32065,198688,9986,95459,7183,188702,54157,25981,28176
32070,198719,9988,95479,7184,188731,54165,25986,28179
32075,198750,9990,95496,7185,188760,54173,25990,28183
32080,198781,9991,95509,7185,188790,54181,25995,28186
32085,198812,9992,95525,7186,188820,54189,25998,28191
32090,198843,9993,95534,7186,188850,54198,26003,28195
32095,198874,9995,95547,7188,188879,54207,26009,28198
32100,198905,9998,95560,7190,188907,54216,26014,28202
32105,198936,9999,95576,7191,188937,54222,26017,28205
32110,198967,10000,95589,7191,188967,54228,26021,28207
32115,198998,10001,95600,7191,188997,54234,26025,28209
32120,199029,10003,95615,7191,189026,54240,26029,28211
32125,199060,10008,95634,7195,189052,54246,26033,28213
32130,199091,10011,95648,7198,189080,54252,26036,28216
32135,199122,10015,95668,7201,189107,54258,26040,28218
32140,199153,10018,95686,7203,189135,54264,26042,28222
32145,199184,10020,95698,7204,189163,54271,26044,28227
32150,199215,10024,95715,7207,189189,54278,26047,28231
32155,199246,10027,95730,7209,189216,54285,26048,28237
32160,199277,10030,95745,7211,189247,54292,26050,28242
32165,199308,10030,95765,7211,189277,54299,26056,28243
32170,199339,10030,95778,7211,189309,54306,26060,28246
32175,199370,10030,95794,7211,189339,54313,26063,28250
32180,199401,10030,95813,7211,189369,54320,26068,28252
32185,199432,10030,95832,7211,189402,54327,26072,28255
32190,199463,10030,95847,7211,189432,54334,26075,28259
32195,199494,10030,95863,7211,189463,54341,26078,28263
32200,199525,10030,95875,7211,189494,54348,26080,28268
32205,199556,10030,95886,7211,189525,54358,26084,28274
32210,199587,10030,95904,7211,189557,54368,26091,28277
32215,199618,10030,95920,7211,189586,54378,26095,28283
32220,199649,10030,95940,7211,189618,54388,26100,28288
32225,199680,10030,95955,7211,189650,54396,26105,28291
32230,199711,10030,95972,7211,189680,54404,26108,28296
32235,199742,10030,95985,7211,189711,54412,26110,28302
32240,199773,10030,96000,7211,189743,54420,26112,28308
32245,199804,10031,96012,7211,189773,54428,26116,28312
32250,199835,10032,96031,7212,189803,54436,26120,28316
32255,199866,10033,96047,7213,189833,54444,26123,28321
32260,199897,10034,96065,7214,189863,54452,26129,28323
32265,199928,10035,96077,7214,189893,54460,26134,28326
32270,199959,10038,96091,7216,189921,54468,26137,28331
32275,199990,10040,96106,7217,189948,54476,26144,28332
32280,200021,10045,96122,7222,189974,54484,26147,28337
32285,200052,10049,96138,7226,190002,54492,26153,28339
32290,200083,10053,96153,7230,190030,54500,26156,28344
32295,200114,10057,96166,7232,190056,54508,26159,28349
32300,200145,10061,96180,7235,190083,54516,26163,28353
32305,200176,10066,96197,7239,190109,54524,26168,28356
32310,200207,10073,96213,7244,190133,54532,26173,28359
32315,200238,10081,96232,7251,190156,54540,26178,28362
32320,200269,10083,96242,7252,190186,54548,26180,28368
32325,200300,10083,96258,7252,190216,54558,26183,28375
32330,200331,10083,96272,7252,190247,54568,26187,28381
32335,200362,10083,96284,7252,190278,54578,26191,28387
32340,200393,10083,96299,7252,190308,54588,26195,28393
32345,200424,10083,96313,7252,190339,54597,26200,28397
32350,200455,10083,96325,7252,190370,54606,26204,28402
32355,200486,10083,96338,7252,190403,54615,26206,28409
32360,200517,10083,96353,7252,190434,54624,26212,28412
32365,200548,10083,96364,7252,190465,54633,26214,28419
32370,200579,10083,96376,7252,190496,54642,26216,28426
32375,200610,10083,96395,7252,190526,54651,26220,28431
32380,200641,10083,96411,7252,190557,54660,26225,28435
32385,200672,10083,96425,7252,190588,54669,26229,28440
32390,200703,10083,96440,7252,190619,54678,26233,28445
32395,200734,10083,96452,7252,190650,54687,26235,28452
32400,200765,10083,96467,7252,190682,54696,26239,28457
32405,200796,10083,96484,7252,190713,54704,26243,28461
32410,200827,10083,96500,7252,190743,54712,26246,28466
32415,200858,10083,96515,7252,190775,54720,26251,28469
32420,200889,10083,96527,7252,190806,54728,26255,28473
32425,200920,10085,96550,7253,190833,54736,26261,28475
32430,200951,10090,96567,7257,190860,54744,26265,28479
32435,200982,10093,96578,7258,190888,54752,26266,28486
32440,201013,10097,96594,7261,190914,54760,26271,28489
32445,201044,10103,96613,7266,190940,54768,26276,28492
32450,201075,10108,96630,7270,190966,54777,26280,28497
32455,201106,10114,96649,7275,190991,54786,26287,28499
32460,201137,10119,96665,7279,191017,54795,26293,28502
32465,201168,10125,96687,7284,191043,54803,26299,28504
32470,201199,10127,96704,7286,191072,54811,26303,28508
32475,201230,10127,96723,7286,191102,54819,26308,28511
32480,201261,10127,96741,7286,191133,54827,26312,28515
32485,201292,10127,96758,7286,191165,54835,26315,28520
32490,201323,10127,96773,7286,191196,54843,26318,28525
32495,201354,10127,96789,7286,191226,54851,26322,28529
32500,201385,10127,96799,7286,191258,54859,26325,28534
32505,201416,10127,96812,7286,191287,54868,26328,28540
32510,201447,10127,96831,7286,191319,54877,26333,28544
32515,201478,10127,96844,7286,191351,54886,26338,28548
32520,201509,10127,96864,7286,191379,54895,26345,28550
32525,201540,10127,96883,7286,191412,54904,26350,28554
32530,201571,10127,96902,7286,191443,54913,26355,28558
32535,201602,10127,96920,7286,191474,54922,26356,28566
32540,201633,10127,96933,7286,191506,54931,26361,28570
32545,201664,10127,96950,7286,191537,54940,26365,28575
32550,201695,10127,96965,7286,191568,54949,26370,28579
32555,201726,10127,96977,7286,191599,54958,26375,28583
32560,201757,10127,96992,7286,191630,54967,26378,28589
32565,201788,10127,97008,7286,191660,54977,26384,28593
32570,201819,10129,97024,7288,191690,54987,26390,28597
32575,201850,10130,97041,7289,191719,54997,26395,28602
32580,201881,10133,97055,7291,191747,55007,26400,28607
32585,201912,10137,97067,7293,191775,55016,26405,28611
32590,201943,10140,97084,7294,191803,55025,26410,28615
32595,201974,10142,97098,7295,191832,55034,26416,28618
32600,202005,10144,97113,7296,191861,55043,26420,28623
32605,202036,10147,97130,7297,191889,55052,26426,28626
32610,202067,10149,97145,7297,191918,55061,26429,28632
32615,202098,10151,97158,7298,191947,55070,26434,28636
32620,202129,10154,97170,7299,191975,55079,26440,28639
32625,202160,10157,97187,7301,192002,55088,26444,28644
32630,202191,10165,97204,7307,192025,55097,26448,28649
32635,202222,10171,97215,7311,192050,55106,26451,28655
32640,202253,10176,97232,7315,192077,55115,26455,28660
32645,202284,10181,97248,7318,192103,55122,26461,28661
32650,202315,10183,97258,7319,192132,55129,26465,28664
32655,202346,10183,97272,7319,192162,55136,26468,28668
32660,202377,10183,97286,7319,192193,55143,26470,28673
32665,202408,10183,97304,7319,192223,55150,26476,28674
32670,202439,10183,97316,7319,192256,55157,26478,28679
32675,202470,10183,97327,7319,192286,55164,26479,28685
32680,202501,10183,97348,7319,192317,55171,26485,28686
32685,202532,10183,97359,7319,192349,55179,26489,28690
32690,202563,10183,97375,7319,192379,55187,26493,28694
32695,202594,10183,97397,7319,192409,55195,26498,28697
32700,202625,10183,97413,7319,192441,55203,26502,28701
32705,202656,10183,97431,7319,192472,55210,26506,28704
32710,202687,10183,97450,7319,192504,55217,26511,28706
32715,202718,10183,97462,7319,192534,55224,26514,28710
32720,202749,10183,97473,7319,192566,55231,26518,28713
32725,202780,10183,97489,7319,192597,55238,26522,28716
32730,202811,10183,97506,7319,192628,55245,26526,28719
32735,202842,10183,97520,7319,192659,55252,26529,28723
32740,202873,10183,97536,7319,192690,55259,26532,28727
32745,202904,10183,97552,7319,192721,55267,26537,28730
32750,202935,10183,97567,7319,192752,55276,26540,28736
32755,202966,10183,97585,7319,192782,55285,26545,28740
32760,202997,10189,97604,7325,192807,55294,26551,28743
32765,203028,10192,97619,7327,192835,55301,26555,28746
32770,203059,10195,97634,7329,192863,55308,26558,28750
32775,203090,10198,97644,7331,192892,55315,26559,28756
32780,203121,10200,97655,7332,192921,55322,26562,28760
32785,203152,10202,97668,7333,192950,55329,26563,28766
32790,203183,10204,97684,7333,192979,55336,26568,28768
32795,203214,10206,97700,7333,193008,55343,26575,28768
32800,203245,10208,97716,7334,193036,55350,26580,28770
32805,203276,10213,97732,7339,193062,55358,26583,28775
32810,203307,10217,97743,7342,193090,55366,26585,28781
32815,203338,10221,97758,7345,193116,55374,26589,28785
32820,203369,10225,97773,7348,193143,55382,26595,28787
32825,203400,10226,97783,7349,193173,55389,26597,28792
32830,203431,10227,97796,7350,193203,55396,26602,28794
32835,203462,10228,97812,7350,193234,55403,26606,28797
32840,203493,10229,97829,7350,193264,55410,26611,28799
32845,203524,10230,97839,7351,193292,55417,26611,28806
32850,203555,10231,97853,7351,193321,55424,26615,28809
32855,203586,10232,97871,7351,193353,55431,26618,28813
32860,203617,10233,97882,7352,193384,55438,26619,28819
32865,203648,10234,97902,7352,193413,55447,26624,28823
32870,203679,10236,97921,7353,193443,55456,26631,28825
32875,203710,10238,97937,7355,193472,55465,26635,28830
32880,203741,10241,97952,7357,193499,55474,26638,28836
32885,203772,10242,97964,7357,193529,55483,26640,28843
32890,203803,10244,97978,7359,193558,55492,26642,28850
32895,203834,10245,97993,7360,193589,55501,26643,28858
32900,203865,10249,98011,7364,193615,55510,26647,28863
32905,203896,10250,98023,7365,193646,55519,26651,28868
32910,203927,10252,98037,7367,193675,55528,26657,28871
32915,203958,10252,98049,7367,193706,55537,26661,28876
32920,203989,10252,98063,7367,193737,55546,26664,28882
32925,204020,10252,98076,7367,193767,55556,26668,28888
32930,204051,10254,98086,7368,193797,55566,26673,28893
32935,204082,10256,98105,7370,193825,55576,26679,28897
32940,204113,10259,98126,7372,193853,55586,26687,28899
32945,204144,10261,98143,7374,193883,55595,26694,28901
32950,204175,10262,98161,7374,193913,55604,26698,28906
32955,204206,10263,98180,7374,193942,55613,26705,28908
32960,204237,10265,98198,7376,193972,55622,26710,28912
32965,204268,10267,98213,7377,194001,55631,26713,28918
32970,204299,10269,98228,7378,194030,55640,26718,28922
32975,204330,10271,98242,7380,194058,55649,26719,28930
32980,204361,10274,98256,7382,194086,55658,26723,28935
32985,204392,10277,98271,7384,194115,55667,26729,28938
32990,204423,10277,98290,7384,194146,55676,26735,28941
32995,204454,10277,98305,7384,194177,55685,26739,28946
33000,204485,10277,98321,7384,194208,55694,26745,28949
33005,204516,10277,98335,7384,194238,55703,26748,28955
33010,204547,10277,98347,7384,194270,55712,26751,28961
33015,204578,10277,98363,7384,194301,55721,26757,28964
33020,204609,10277,98374,7384,194332,55730,26760,28970
33025,204640,10278,98389,7385,194362,55739,26763,28976
33030,204671,10279,98397,7385,194392,55748,26766,28982
33035,204702,10281,98412,7386,194421,55757,26771,28986
33040,204733,10283,98427,7387,194450,55766,26778,28988
33045,204764,10285,98441,7389,194478,55776,26781,28995
33050,204795,10287,98456,7390,194508,55786,26784,29002
33055,204826,10289,98476,7392,194537,55796,26790,29006
33060,204857,10291,98494,7394,194566,55806,26794,29012
33065,204888,10293,98509,7396,194595,55816,26798,29018
33070,204919,10296,98522,7399,194623,55826,26803,29023
33075,204950,10300,98537,7403,194650,55836,26808,29028
33080,204981,10300,98551,7403,194681,55846,26812,29034
33085,205012,10300,98567,7403,194712,55856,26820,29036
33090,205043,10300,98585,7403,194743,55866,26825,29041
33095,205074,10302,98601,7404,194772,55876,26832,29044
33100,205105,10303,98615,7405,194802,55886,26835,29051
33105,205136,10305,98628,7406,194830,55896,26841,29055
33110,205167,10307,98642,7408,194858,55906,26845,29061
33115,205198,10310,98654,7411,194888,55916,26849,29067
33120,205229,10311,98667,7411,194917,55926,26854,29072
33125,205260,10313,98687,7413,194946,55934,26859,29075
33130,205291,10316,98702,7416,194974,55942,26863,29079
33135,205322,10320,98715,7419,195000,55950,26866,29084
33140,205353,10323,98732,7421,195030,55958,26870,29088
33145,205384,10323,98746,7421,195061,55966,26874,29092
33150,205415,10323,98762,7421,195092,55974,26879,29095
33155,205446,10323,98772,7421,195123,55982,26882,29100
33160,205477,10323,98785,7421,195154,55990,26884,29106
33165,205508,10323,98803,7421,195184,55998,26889,29109
33170,205539,10323,98825,7421,195215,56006,26894,29112
33175,205570,10323,98839,7421,195247,56014,26900,29114
33180,205601,10325,98855,7422,195275,56022,26902,29120
33185,205632,10326,98871,7422,195305,56028,26906,29122
33190,205663,10328,98888,7423,195333,56034,26909,29125
33195,205694,10330,98906,7425,195363,56040,26911,29129
33200,205725,10332,98923,7427,195393,56046,26914,29132
33205,205756,10334,98938,7428,195422,56052,26916,29136
33210,205787,10335,98949,7429,195452,56058,26918,29140
33215,205818,10336,98966,7429,195482,56064,26920,29144
33220,205849,10338,98981,7431,195511,56070,26923,29147
33225,205880,10339,98996,7431,195541,56077,26926,29151
33230,205911,10341,99018,7433,195568,56085,26931,29154
33235,205942,10342,99030,7433,195600,56093,26935,29158
33240,205973,10344,99044,7434,195627,56101,26939,29162
33245,206004,10345,99057,7435,195658,56109,26942,29167
33250,206035,10347,99073,7437,195688,56117,26948,29169
33255,206066,10350,99088,7439,195716,56125,26952,29173
33260,206097,10353,99102,7440,195744,56133,26957,29176
33265,206128,10354,99116,7441,195774,56141,26961,29180
33270,206159,10355,99136,7442,195804,56149,26967,29182
33275,206190,10356,99147,7442,195831,56157,26968,29189
33280,206221,10358,99162,7444,195863,56165,26972,29193
33285,206252,10359,99178,7445,195893,56175,26977,29198
33290,206283,10360,99190,7446,195923,56185,26980,29205
33295,206314,10361,99204,7446,195951,56195,26987,29208
33300,206345,10364,99216,7448,195979,56205,26992,29213
33305,206376,10368,99233,7451,196006,56212,26994,29218
33310,206407,10370,99248,7452,196037,56219,27000,29219
33315,206438,10372,99263,7453,196065,56226,27006,29220
33320,206469,10374,99279,7455,196093,56233,27010,29223
33325,206500,10377,99293,7457,196120,56240,27012,29228
33330,206531,10381,99308,7461,196149,56247,27014,29233
33335,206562,10381,99324,7461,196181,56254,27018,29236
33340,206593,10381,99340,7461,196211,56261,27022,29239
33345,206624,10381,99355,7461,196243,56268,27024,29244
33350,206655,10381,99372,7461,196273,56275,27028,29247
33355,206686,10381,99385,7461,196305,56282,27031,29251
33360,206717,10381,99403,7461,196335,56289,27034,29255
33365,206748,10381,99414,7461,196366,56295,27038,29257
33370,206779,10381,99427,7461,196397,56301,27041,29260
33375,206810,10382,99442,7462,196427,56307,27043,29264
33380,206841,10383,99456,7463,196457,56313,27047,29266
33385,206872,10384,99473,7463,196486,56319,27049,29270
33390,206903,10385,99486,7464,196516,56325,27053,29272
33395,206934,10386,99501,7464,196548,56331,27057,29274
33400,206965,10387,99519,7465,196576,56337,27059,29278
33405,206996,10388,99532,7465,196607,56346,27064,29282
33410,207027,10389,99544,7465,196637,56355,27068,29287
33415,207058,10390,99563,7466,196666,56364,27072,29292
33420,207089,10391,99583,7467,196698,56373,27079,29294
33425,207120,10392,99596,7467,196728,56381,27082,29299
33430,207151,10393,99614,7467,196757,56389,27088,29301
33435,207182,10396,99631,7470,196786,56397,27093,29304
33440,207213,10398,99646,7472,196815,56405,27100,29305
33445,207244,10400,99658,7474,196844,56413,27103,29310
33450,207275,10402,99674,7475,196872,56421,27106,29315
33455,207306,10406,99691,7478,196899,56429,27109,29320
33460,207337,10411,99709,7482,196925,56437,27113,29324
33465,207368,10415,99725,7485,196951,56445,27119,29326
33470,207399,10422,99737,7490,196976,56454,27123,29331
33475,207430,10426,99748,7492,197001,56463,27127,29336
33480,207461,10434,99768,7499,197024,56472,27132,29340
33485,207492,10440,99786,7504,197052,56480,27137,29343
33490,207523,10440,99802,7504,197083,56488,27142,29346
33495,207554,10440,99818,7504,197114,56496,27146,29350
33500,207585,10440,99830,7504,197145,56504,27149,29355
33505,207616,10440,99841,7504,197176,56512,27154,29358
33510,207647,10440,99855,7504,197207,56520,27156,29364
33515,207678,10440,99868,7504,197238,56528,27158,29370
33520,207709,10440,99885,7504,197269,56536,27162,29374
33525,207740,10440,99902,7504,197300,56545,27165,29380
33530,207771,10440,99913,7504,197331,56554,27170,29384
33535,207802,10440,99928,7504,197362,56563,27175,29388
33540,207833,10440,99944,7504,197392,56572,27179,29393
33545,207864,10440,99960,7504,197423,56581,27184,29397
33550,207895,10440,99975,7504,197455,56590,27188,29402
33555,207926,10440,99993,7504,197485,56599,27194,29405
33560,207957,10440,100013,7504,197516,56608,27199,29409
33565,207988,10440,100028,7504,197547,56617,27203,29414
33570,208019,10440,100037,7504,197579,56626,27206,29420
33575,208050,10440,100053,7504,197609,56635,27208,29427
33580,208081,10440,100071,7504,197641,56644,27214,29430
33585,208112,10440,100089,7504,197671,56654,27220,29434
33590,208143,10440,100102,7504,197699,56664,27225,29439
33595,208174,10443,100116,7506,197729,56674,27231,29443
33600,208205,10448,100130,7510,197757,56684,27237,29447
33605,208236,10451,100145,7511,197785,56694,27242,29452
33610,208267,10454,100157,7513,197813,56704,27245,29459
33615,208298,10457,100173,7515,197841,56714,27251,29463
33620,208329,10462,100188,7520,197867,56724,27254,29470
33625,208360,10464,100202,7521,197896,56734,27257,29477
33630,208391,10469,100215,7524,197922,56744,27259,29485
33635,208422,10473,100231,7527,197949,56754,27263,29491
33640,208453,10474,100246,7527,197979,56764,27268,29496
33645,208484,10475,100262,7527,198008,56774,27275,29499
33650,208515,10478,100277,7529,198035,56784,27279,29505
33655,208546,10480,100290,7531,198065,56794,27281,29513
33660,208577,10482,100304,7533,198094,56804,27285,29519
33665,208608,10485,100321,7536,198122,56813,27289,29524
33670,208639,10487,100338,7537,198150,56822,27293,29529
33675,208670,10489,100353,7538,198181,56831,27299,29532
33680,208701,10491,100367,7540,198209,56840,27304,29536
33685,208732,10493,100382,7542,198238,56849,27309,29540
33690,208763,10494,100403,7543,198269,56858,27315,29543
33695,208794,10494,100419,7543,198299,56867,27319,29548
33700,208825,10494,100436,7543,198331,56876,27324,29552
33705,208856,10494,100453,7543,198360,56885,27329,29556
33710,208887,10494,100469,7543,198392,56894,27333,29561
33715,208918,10494,100483,7543,198424,56903,27338,29565
33720,208949,10494,100500,7543,198455,56912,27344,29568
33725,208980,10494,100512,7543,198486,56920,27348,29572
33730,209011,10494,100526,7543,198516,56928,27349,29579
33735,209042,10494,100544,7543,198548,56936,27355,29581
33740,209073,10496,100560,7545,198576,56944,27359,29585
33745,209104,10497,100577,7546,198606,56952,27365,29587
33750,209135,10499,100592,7548,198635,56960,27368,29592
33755,209166,10500,100608,7548,198665,56968,27373,29595
33760,209197,10501,100620,7549,198696,56976,27375,29601
33765,209228,10503,100634,7551,198725,56985,27379,29606
33770,209259,10504,100648,7551,198755,56994,27383,29611
33775,209290,10506,100667,7552,198784,57003,27390,29613
33780,209321,10507,100681,7553,198814,57012,27395,29617
33785,209352,10508,100698,7553,198844,57021,27399,29622
33790,209383,10509,100714,7553,198873,57030,27401,29629
33795,209414,10513,100728,7556,198900,57039,27404,29635
33800,209445,10517,100741,7560,198927,57048,27409,29639
33805,209476,10519,100762,7560,198954,57057,27415,29642
33810,209507,10523,100777,7562,198982,57066,27418,29648
33815,209538,10526,100793,7564,199010,57075,27422,29653
33820,209569,10529,100808,7566,199038,57084,27428,29656
33825,209600,10532,100827,7568,199066,57094,27437,29657
33830,209631,10536,100840,7571,199094,57104,27441,29663
33835,209662,10539,100850,7572,199122,57114,27444,29670
33840,209693,10544,100862,7576,199148,57124,27448,29676
33845,209724,10546,100880,7578,199176,57132,27454,29678
33850,209755,10549,100892,7581,199206,57140,27457,29683
33855,209786,10551,100906,7583,199234,57148,27461,29687
33860,209817,10554,100921,7586,199263,57156,27465,29691
33865,209848,10554,100942,7586,199294,57164,27473,29691
33870,209879,10554,100960,7586,199325,57172,27478,29694
33875,209910,10554,100971,7586,199355,57180,27480,29700
33880,209941,10554,100983,7586,199387,57188,27484,29704
33885,209972,10554,101001,7586,199417,57196,27489,29707
33890,210003,10554,101017,7586,199449,57204,27492,29712
33895,210034,10554,101030,7586,199480,57212,27493,29719
33900,210065,10554,101045,7586,199511,57220,27494,29726
33905,210096,10554,101066,7586,199542,57226,27499,29727
33910,210127,10554,101086,7586,199573,57232,27503,29729
33915,210158,10554,101102,7586,199604,57238,27504,29734
33920,210189,10554,101124,7586,199634,57244,27507,29737
33925,210220,10554,101140,7586,199666,57250,27511,29739
33930,210251,10554,101158,7586,199696,57256,27513,29743
33935,210282,10554,101171,7586,199728,57262,27517,29745
33940,210313,10554,101188,7586,199757,57268,27520,29748
33945,210344,10556,101204,7587,199788,57275,27525,29750
33950,210375,10558,101219,7589,199812,57283,27527,29756
33955,210406,10559,101232,7589,199847,57291,27532,29759
33960,210437,10561,101248,7590,199871,57299,27535,29764
33965,210468,10562,101262,7590,199904,57306,27539,29767
33970,210499,10565,101273,7592,199933,57313,27540,29773
33975,210530,10568,101290,7594,199959,57320,27544,29776
33980,210561,10571,101303,7596,199989,57327,27549,29778
33985,210592,10574,101318,7599,200018,57334,27553,29781
33990,210623,10576,101332,7600,200047,57341,27556,29785
33995,210654,10578,101346,7601,200076,57348,27559,29789
34000,210685,10580,101363,7601,200105,57355,27564,29791
34005,210716,10583,101375,7603,200133,57364,27568,29796
34010,210747,10586,101392,7605,200161,57373,27572,29801
34015,210778,10589,101407,7607,200189,57382,27576,29806
34020,210809,10592,101426,7609,200216,57391,27583,29808
34025,210840,10595,101445,7611,200245,57397,27588,29809
34030,210871,10597,101456,7612,200273,57403,27588,29815
34035,210902,10600,101471,7614,200301,57409,27592,29817
34040,210933,10604,101486,7616,200329,57415,27592,29823
34045,210964,10607,101505,7617,200356,57421,27595,29826
34050,210995,10611,101519,7621,200384,57427,27598,29829
34055,211026,10614,101535,7624,200411,57433,27601,29832
34060,211057,10617,101544,7625,200440,57439,27604,29835
34065,211088,10621,101556,7628,200466,57446,27607,29839
34070,211119,10624,101572,7630,200494,57453,27612,29841
34075,211150,10626,101588,7631,200522,57460,27616,29844
34080,211181,10628,101608,7633,200551,57467,27621,29846
34085,211212,10628,101625,7633,200580,57474,27625,29849
34090,211243,10628,101640,7633,200612,57481,27628,29853
34095,211274,10628,101655,7633,200645,57488,27632,29856
34100,211305,10628,101668,7633,200676,57495,27636,29859
34105,211336,10628,101684,7633,200706,57502,27639,29863
34110,211367,10628,101694,7633,200739,57509,27643,29866
34115,211398,10628,101710,7633,200770,57516,27648,29868
34120,211429,10628,101724,7633,200801,57523,27651,29872
34125,211460,10628,101735,7633,200832,57532,27655,29877
34130,211491,10628,101752,7633,200863,57542,27662,29880
34135,211522,10628,101763,7633,200894,57552,27667,29885
34140,211553,10628,101781,7633,200925,57562,27671,29891
34145,211584,10628,101797,7633,200956,57571,27677,29894
34150,211615,10628,101813,7633,200987,57580,27684,29896
34155,211646,10628,101824,7633,201018,57589,27687,29902
34160,211677,10628,101839,7633,201049,57598,27691,29907
34165,211708,10628,101852,7633,201080,57607,27696,29911
34170,211739,10628,101863,7633,201111,57616,27699,29917
34175,211770,10628,101880,7633,201142,57625,27705,29920
34180,211801,10629,101892,7633,201172,57634,27712,29922
34185,211832,10630,101905,7634,201200,57643,27716,29927
34190,211863,10634,101916,7636,201229,57652,27719,29933
34195,211894,10637,101931,7638,201255,57661,27723,29938
34200,211925,10642,101942,7641,201281,57670,27725,29945
34205,211956,10646,101956,7645,201309,57679,27729,29950
34210,211987,10650,101967,7648,201335,57688,27733,29955
34215,212018,10657,101983,7653,201360,57697,27736,29961
34220,212049,10662,101998,7657,201386,57706,27739,29967
34225,212080,10664,102009,7659,201416,57715,27740,29975
34230,212111,10666,102024,7661,201445,57724,27744,29980
34235,212142,10668,102038,7662,201474,57733,27749,29984
34240,212173,10672,102054,7665,201500,57742,27755,29987
34245,212204,10674,102064,7666,201530,57752,27759,29993
34250,212235,10674,102077,7666,201560,57762,27763,29999
34255,212266,10674,102092,7666,201590,57772,27768,30004
34260,212297,10674,102106,7666,201623,57782,27772,30010
34265,212328,10674,102120,7666,201654,57791,27776,30015
34270,212359,10674,102138,7666,201685,57800,27782,30018
34275,212390,10674,102154,7666,201715,57809,27787,30022
34280,212421,10674,102173,7666,201747,57818,27792,30026
34285,212452,10674,102186,7666,201778,57827,27799,30028
34290,212483,10674,102201,7666,201809,57836,27802,30034
34295,212514,10674,102221,7666,201840,57845,27805,30040
34300,212545,10674,102238,7666,201870,57854,27810,30044
34305,212576,10674,102254,7666,201902,57863,27816,30047
34310,212607,10674,102269,7666,201933,57872,27819,30053
34315,212638,10674,102282,7666,201964,57881,27823,30058
34320,212669,10674,102295,7666,201995,57890,27829,30061
34325,212700,10675,102311,7666,202025,57899,27832,30067
34330,212731,10676,102325,7666,202055,57908,27835,30073
34335,212762,10677,102345,7666,202085,57917,27842,30075
34340,212793,10678,102359,7667,202115,57926,27846,30080
34345,212824,10680,102376,7669,202143,57935,27851,30084
34350,212855,10683,102388,7671,202171,57944,27856,30088
34355,212886,10686,102398,7673,202200,57953,27861,30092
34360,212917,10688,102414,7673,202228,57962,27867,30095
34365,212948,10692,102428,7675,202254,57972,27870,30102
34370,212979,10696,102442,7679,202280,57982,27874,30108
34375,213010,10701,102463,7684,202305,57992,27880,30112
34380,213041,10705,102479,7686,202335,58002,27885,30117
34385,213072,10709,102495,7690,202363,58011,27890,30121
34390,213103,10710,102515,7691,202393,58020,27896,30124
34395,213134,10711,102529,7691,202422,58029,27902,30127
34400,213165,10713,102544,7693,202452,58038,27907,30131
34405,213196,10715,102559,7694,202480,58047,27912,30135
34410,213227,10716,102569,7694,202510,58056,27915,30141
34415,213258,10717,102588,7695,202539,58065,27922,30143
34420,213289,10719,102604,7697,202569,58074,27925,30149
34425,213320,10721,102619,7698,202599,58083,27931,30152
34430,213351,10723,102632,7699,202627,58092,27936,30156
34435,213382,10727,102648,7703,202654,58101,27940,30161
34440,213413,10727,102665,7703,202685,58110,27946,30164
34445,213444,10727,102680,7703,202716,58118,27949,30169
34450,213475,10727,102698,7703,202747,58126,27954,30172
34455,213506,10727,102712,7703,202779,58134,27958,30176
34460,213537,10727,102730,7703,202810,58142,27964,30178
34465,213568,10727,102749,7703,202841,58150,27967,30183
34470,213599,10727,102766,7703,202872,58158,27970,30188
34475,213630,10727,102782,7703,202903,58166,27974,30192
34480,213661,10727,102798,7703,202934,58174,27980,30194
34485,213692,10727,102811,7703,202962,58183,27984,30199
34490,213723,10729,102834,7704,202991,58192,27991,30201
34495,213754,10730,102847,7704,203023,58201,27998,30203
34500,213785,10731,102862,7704,203052,58210,28005,30205
34505,213816,10732,102877,7705,203082,58218,28010,30208
34510,213847,10734,102889,7706,203112,58226,28013,30213
34515,213878,10736,102902,7708,203142,58234,28017,30217
34520,213909,10737,102913,7708,203171,58242,28021,30221
34525,213940,10739,102933,7710,203201,58250,28027,30223
34530,213971,10740,102950,7711,203230,58258,28031,30227
34535,214002,10742,102962,7713,203260,58266,28033,30233
34540,214033,10743,102977,7714,203290,58274,28039,30235
34545,214064,10745,102990,7715,203318,58283,28043,30240
34550,214095,10749,103006,7718,203344,58292,28048,30244
34555,214126,10753,103022,7722,203371,58301,28052,30249
34560,214157,10757,103040,7725,203398,58310,28059,30251
34565,214188,10760,103054,7727,203428,58316,28062,30254
34570,214219,10761,103072,7727,203458,58322,28066,30256
34575,214250,10762,103083,7727,203487,58328,28068,30260
34580,214281,10763,103097,7728,203518,58334,28071,30263
34585,214312,10764,103113,7728,203547,58340,28073,30267
34590,214343,10766,103133,7730,203577,58346,28077,30269
34595,214374,10768,103152,7731,203605,58352,28080,30272
34600,214405,10770,103170,7733,203634,58358,28083,30275
34605,214436,10772,103188,7735,203664,58365,28087,30278
34610,214467,10773,103202,7736,203693,58372,28090,30282
34615,214498,10775,103215,7737,203721,58379,28092,30287
34620,214529,10779,103231,7741,203748,58386,28096,30290
34625,214560,10783,103250,7744,203776,58391,28098,30293
34630,214591,10785,103268,7746,203806,58396,28101,30295
34635,214622,10785,103277,7746,203837,58401,28103,30298
34640,214653,10785,103288,7746,203868,58406,28104,30302
34645,214684,10785,103304,7746,203899,58411,28107,30304
34650,214715,10785,103322,7746,203930,58416,28110,30306
34655,214746,10785,103342,7746,203961,58421,28113,30308
34660,214777,10785,103359,7746,203992,58426,28117,30309
34665,214808,10785,103377,7746,204021,58433,28120,30313
34670,214839,10787,103393,7748,204051,58441,28123,30318
34675,214870,10789,103405,7749,204080,58449,28126,30323
34680,214901,10792,103422,7752,204109,58457,28131,30326
34685,214932,10793,103441,7752,204138,58465,28135,30330
34690,214963,10794,103455,7752,204167,58473,28139,30334
34695,214994,10795,103465,7752,204198,58481,28142,30339
34700,215025,10796,103480,7753,204228,58489,28145,30344
34705,215056,10797,103498,7754,204257,58497,28149,30348
34710,215087,10798,103509,7754,204289,58505,28153,30352
34715,215118,10799,103530,7754,204319,58513,28158,30355
34720,215149,10800,103545,7755,204349,58521,28159,30362
34725,215180,10801,103561,7756,204378,58530,28162,30368
34730,215211,10802,103578,7757,204409,58540,28166,30374
34735,215242,10804,103591,7759,204438,58550,28170,30380
34740,215273,10807,103604,7760,204466,58560,28172,30388
34745,215304,10810,103617,7763,204494,58570,28177,30393
34750,215335,10813,103632,7764,204522,58580,28183,30397
34755,215366,10817,103647,7767,204549,58590,28188,30402
34760,215397,10822,103664,7771,204575,58600,28192,30408
34765,215428,10827,103679,7774,204601,58610,28197,30413
34770,215459,10831,103689,7776,204628,58620,28198,30422
34775,215490,10835,103704,7778,204655,58630,28202,30428
34780,215521,10839,103720,7782,204681,58640,28205,30435
34785,215552,10840,103731,7783,204712,58650,28209,30441
34790,215583,10844,103750,7786,204739,58660,28217,30443
34795,215614,10844,103767,7786,204770,58670,28222,30448
34800,215645,10844,103779,7786,204800,58680,28225,30455
34805,215676,10844,103793,7786,204832,58688,28230,30458
34810,215707,10844,103809,7786,204862,58696,28233,30463
34815,215738,10844,103827,7786,204893,58704,28239,30465
34820,215769,10844,103844,7786,204923,58712,28243,30469
34825,215800,10844,103856,7786,204956,58720,28247,30473
34830,215831,10844,103867,7786,204986,58728,28249,30479
34835,215862,10844,103882,7786,205015,58736,28252,30484
34840,215893,10844,103897,7786,205047,58744,28258,30486
34845,215924,10844,103913,7786,205079,58752,28262,30490
34850,215955,10844,103929,7786,205109,58760,28266,30494
34855,215986,10844,103945,7786,205141,58768,28271,30497
34860,216017,10844,103960,7786,205172,58776,28276,30500
34865,216048,10844,103978,7786,205203,58784,28282,30502
34870,216079,10844,103993,7786,205235,58792,28286,30506
34875,216110,10844,104014,7786,205265,58800,28291,30509
34880,216141,10844,104026,7786,205296,58808,28293,30515
34885,216172,10845,104043,7787,205326,58816,28297,30519
34890,216203,10847,104060,7788,205354,58824,28302,30522
34895,216234,10849,104074,7790,205384,58832,28306,30526
34900,216265,10852,104094,7792,205411,58840,28311,30529
34905,216296,10855,104107,7794,205441,58850,28318,30532
34910,216327,10858,104125,7796,205468,58860,28325,30535
34915,216358,10862,104143,7799,205495,58870,28332,30538
34920,216389,10866,104155,7802,205522,58880,28333,30547
34925,216420,10871,104176,7807,205549,58889,28339,30550
34930,216451,10874,104188,7809,205577,58898,28343,30555
34935,216482,10877,104205,7812,205605,58907,28348,30559
34940,216513,10881,104221,7815,205632,58916,28351,30565
34945,216544,10885,104240,7819,205658,58925,28356,30569
34950,216575,10889,104253,7823,205686,58934,28360,30574
34955,216606,10892,104264,7824,205714,58943,28363,30580
34960,216637,10893,104281,7824,205742,58952,28367,30585
34965,216668,10895,104291,7825,205772,58961,28371,30590
34970,216699,10896,104309,7826,205799,58970,28376,30594
34975,216730,10898,104325,7827,205828,58979,28380,30599
34980,216761,10902,104342,7831,205856,58988,28384,30604
34985,216792,10902,104357,7831,205890,58997,28389,30608
34990,216823,10902,104369,7831,205921,59006,28393,30613
34995,216854,10902,104385,7831,205952,59015,28397,30618
35000,216885,10902,104398,7831,205983,59024,28401,30623
35005,216916,10902,104413,7831,206014,59033,28405,30628
35010,216947,10902,104429,7831,206045,59042,28408,30634
35015,216978,10902,104439,7831,206075,59051,28410,30641
35020,217009,10902,104456,7831,206107,59060,28415,30645
35025,217040,10902,104470,7831,206137,59070,28419,30651
35030,217071,10902,104484,7831,206169,59080,28425,30655
35035,217102,10902,104495,7831,206199,59090,28429,30661
35040,217133,10902,104508,7831,206230,59100,28432,30668
35045,217164,10902,104527,7831,206261,59108,28437,30671
35050,217195,10902,104542,7831,206293,59116,28439,30677
35055,217226,10902,104559,7831,206323,59124,28442,30682
35060,217257,10902,104575,7831,206355,59132,28447,30685
35065,217288,10902,104592,7831,206384,59140,28452,30688
35070,217319,10904,104604,7833,206413,59148,28455,30693
35075,217350,10906,104621,7835,206444,59156,28461,30695
35080,217381,10907,104636,7836,206473,59164,28466,30698
35085,217412,10908,104648,7837,206503,59172,28468,30704
35090,217443,10910,104665,7838,206532,59180,28474,30706
35095,217474,10913,104676,7840,206561,59188,28479,30709
35100,217505,10917,104691,7842,206586,59196,28483,30713
35105,217536,10923,104704,7847,206613,59202,28485,30717
35110,217567,10927,104718,7851,206639,59208,28487,30721
35115,217598,10931,104731,7853,206665,59214,28491,30723
35120,217629,10936,104748,7857,206691,59220,28495,30725
35125,217660,10940,104767,7860,206716,59226,28499,30727
35130,217691,10942,104785,7862,206745,59232,28500,30732
35135,217722,10944,104800,7864,206778,59238,28502,30736
35140,217753,10945,104815,7864,206807,59244,28505,30739
35145,217784,10947,104825,7865,206837,59252,28508,30744
35150,217815,10948,104832,7865,206867,59260,28511,30749
35155,217846,10951,104848,7868,206894,59268,28517,30751
35160,217877,10956,104868,7873,206920,59276,28521,30755
35165,217908,10956,104883,7873,206952,59284,28527,30757
35170,217939,10956,104895,7873,206983,59292,28529,30763
35175,217970,10956,104914,7873,207014,59300,28534,30766
35180,218001,10956,104935,7873,207045,59308,28540,30768
35185,218032,10956,104947,7873,207076,59316,28543,30773
35190,218063,10956,104963,7873,207107,59324,28545,30779
35195,218094,10956,104978,7873,207138,59332,28549,30783
35200,218125,10956,104996,7873,207169,59340,28555,30785
35205,218156,10956,105014,7873,207200,59350,28560,30790
35210,218187,10956,105033,7873,207231,59360,28565,30795
35215,218218,10956,105050,7873,207261,59370,28571,30799
35220,218249,10956,105063,7873,207293,59380,28577,30803
35225,218280,10956,105076,7873,207324,59389,28581,30808
35230,218311,10956,105090,7873,207354,59398,28587,30811
35235,218342,10956,105109,7873,207385,59407,28594,30813
35240,218373,10959,105128,7876,207413,59416,28600,30816
35245,218404,10961,105139,7877,207443,59425,28604,30821
35250,218435,10962,105153,7877,207472,59434,28608,30826
35255,218466,10965,105167,7880,207500,59443,28613,30830
35260,218497,10968,105182,7883,207528,59452,28617,30835
35265,218528,10974,105199,7889,207552,59461,28621,30840
35270,218559,10980,105217,7894,207577,59470,28626,30844
35275,218590,10982,105230,7895,207607,59479,28629,30850
35280,218621,10984,105246,7896,207635,59488,28633,30855
35285,218652,10985,105259,7896,207666,59495,28637,30858
35290,218683,10986,105271,7896,207696,59502,28640,30862
35295,218714,10987,105282,7896,207725,59509,28643,30866
35300,218745,10988,105293,7896,207756,59516,28645,30871
35305,218776,10991,105307,7898,207785,59523,28649,30874
35310,218807,10993,105322,7900,207811,59530,28651,30879
35315,218838,10995,105338,7902,207842,59537,28653,30884
35320,218869,10996,105349,7902,207872,59544,28656,30888
35325,218900,11000,105365,7906,207899,59552,28659,30893
35330,218931,11003,105383,7909,207928,59560,28663,30897
35335,218962,11003,105401,7909,207959,59568,28669,30899
35340,218993,11003,105417,7909,207990,59576,28675,30901
35345,219024,11003,105433,7909,208021,59583,28680,30903
35350,219055,11003,105449,7909,208052,59590,28683,30907
35355,219086,11003,105462,7909,208083,59597,28688,30909
35360,219117,11003,105480,7909,208114,59604,28691,30913
35365,219148,11003,105494,7909,208145,59611,28693,30918
35370,219179,11003,105510,7909,208176,59618,28698,30920
35375,219210,11003,105524,7909,208207,59625,28702,30923
35380,219241,11004,105536,7910,208237,59632,28705,30927
35385,219272,11005,105552,7911,208267,59639,28708,30931
35390,219303,11007,105569,7913,208295,59648,28713,30935
35395,219334,11010,105582,7916,208323,59657,28715,30942
35400,219365,11013,105599,7919,208352,59666,28718,30948
35405,219396,11015,105620,7921,208380,59675,28724,30951
35410,219427,11018,105632,7923,208409,59684,28730,30954
35415,219458,11019,105644,7924,208437,59693,28734,30959
35420,219489,11023,105659,7927,208463,59702,28737,30965
35425,219520,11026,105678,7929,208492,59711,28743,30968
35430,219551,11026,105696,7929,208523,59720,28748,30972
35435,219582,11026,105708,7929,208552,59729,28752,30977
35440,219613,11028,105724,7930,208581,59738,28757,30981
35445,219644,11030,105741,7931,208610,59748,28764,30984
35450,219675,11032,105750,7932,208641,59758,28766,30992
35455,219706,11034,105765,7933,208670,59768,28770,30998
35460,219737,11035,105775,7933,208702,59778,28775,31003
35465,219768,11036,105787,7933,208731,59787,28780,31007
35470,219799,11039,105807,7935,208759,59796,28786,31010
35475,219830,11042,105827,7937,208787,59805,28792,31013
35480,219861,11044,105842,7938,208817,59814,28795,31019
35485,219892,11047,105855,7941,208845,59823,28799,31024
35490,219923,11050,105868,7943,208873,59832,28805,31027
35495,219954,11050,105886,7943,208903,59841,28812,31029
35500,219985,11050,105901,7943,208935,59850,28815,31035
35505,220016,11050,105912,7943,208966,59859,28819,31040
35510,220047,11050,105923,7943,208997,59868,28824,31044
35515,220078,11050,105939,7943,209028,59877,28830,31047
35520,220109,11050,105954,7943,209059,59886,28835,31051
35525,220140,11050,105971,7943,209090,59895,28840,31055
35530,220171,11050,105984,7943,209121,59904,28844,31060
35535,220202,11052,106000,7945,209148,59913,28848,31065
35540,220233,11055,106016,7947,209177,59922,28853,31069
35545,220264,11059,106032,7950,209205,59931,28859,31072
35550,220295,11061,106049,7951,209234,59940,28864,31076
35555,220326,11064,106062,7953,209260,59949,28867,31082
35560,220357,11067,106081,7956,209290,59958,28872,31086
35565,220388,11070,106096,7958,209317,59968,28876,31092
35570,220419,11072,106113,7960,209344,59978,28880,31098
35575,220450,11072,106129,7960,209375,59988,28885,31103
35580,220481,11072,106145,7960,209403,59998,28888,31110
35585,220512,11072,106163,7960,209440,60006,28893,31113
35590,220543,11072,106178,7960,209471,60014,28896,31118
35595,220574,11072,106191,7960,209502,60022,28898,31124
35600,220605,11073,106205,7961,209532,60030,28901,31129
35605,220636,11075,106221,7962,209561,60038,28905,31133
35610,220667,11076,106233,7963,209591,60046,28908,31138
35615,220698,11078,106246,7964,209620,60054,28910,31144
35620,220729,11079,106259,7965,209650,60062,28913,31149
35625,220760,11081,106276,7967,209679,60070,28917,31153
35630,220791,11082,106293,7967,209709,60078,28923,31155
35635,220822,11083,106304,7968,209739,60086,28925,31161
35640,220853,11085,106317,7969,209768,60094,28928,31166
35645,220884,11086,106334,7970,209798,60100,28931,31169
35650,220915,11088,106351,7972,209827,60106,28933,31173
35655,220946,11090,106363,7974,209856,60112,28935,31177
35660,220977,11093,106377,7976,209884,60118,28938,31180
35665,221008,11097,106393,7980,209911,60124,28941,31183
35670,221039,11099,106410,7981,209940,60130,28945,31185
35675,221070,11101,106422,7982,209968,60136,28948,31188
35680,221101,11104,106441,7984,209996,60142,28952,31190
35685,221132,11107,106461,7986,210022,60150,28956,31194
35690,221163,11112,106476,7990,210050,60158,28961,31197
35695,221194,11116,106490,7993,210077,60166,28965,31201
35700,221225,11120,106510,7996,210103,60174,28970,31204
35705,221256,11120,106526,7996,210135,60181,28972,31209
35710,221287,11120,106544,7996,210167,60188,28976,31212
35715,221318,11120,106561,7996,210198,60195,28980,31215
35720,221349,11120,106578,7996,210227,60202,28984,31218
35725,221380,11120,106592,7996,210259,60209,28987,31222
35730,221411,11120,106603,7996,210291,60216,28990,31226
35735,221442,11120,106621,7996,210322,60223,28995,31228
35740,221473,11120,106637,7996,210351,60230,29000,31230
35745,221504,11120,106651,7996,210383,60239,29003,31236
35750,221535,11120,106669,7996,210414,60248,29008,31240
35755,221566,11120,106682,7996,210446,60257,29011,31246
35760,221597,11120,106697,7996,210476,60266,29015,31251
35765,221628,11120,106711,7996,210508,60275,29019,31256
35770,221659,11120,106728,7996,210539,60284,29025,31259
35775,221690,11120,106744,7996,210570,60293,29029,31264
35780,221721,11121,106758,7996,210600,60302,29033,31269
35785,221752,11122,106773,7997,210628,60311,29035,31276
35790,221783,11123,106789,7998,210659,60320,29039,31281
35795,221814,11124,106807,7999,210689,60329,29043,31286
35800,221845,11125,106818,7999,210720,60338,29046,31292
35805,221876,11126,106830,8000,210749,60348,29049,31299
35810,221907,11131,106843,8003,210775,60358,29051,31307
35815,221938,11135,106858,8006,210803,60368,29056,31312
35820,221969,11139,106872,8008,210830,60378,29060,31318
35825,222000,11142,106883,8009,210858,60387,29063,31324
35830,222031,11146,106898,8011,210885,60396,29068,31328
35835,222062,11149,106911,8012,210913,60405,29071,31334
35840,222093,11154,106923,8015,210939,60414,29075,31339
35845,222124,11158,106935,8018,210966,60423,29078,31345
35850,222155,11162,106951,8021,210993,60432,29082,31350
35855,222186,11166,106968,8025,211020,60441,29087,31354
35860,222217,11168,106984,8027,211048,60450,29091,31359
35865,222248,11170,107000,8029,211077,60459,29095,31364
35870,222279,11173,107017,8032,211104,60468,29097,31371
35875,222310,11173,107030,8032,211135,60477,29099,31378
35880,222341,11173,107045,8032,211167,60486,29103,31383
35885,222372,11173,107066,8032,211199,60494,29106,31388
35890,222403,11173,107079,8032,211230,60502,29109,31393
35895,222434,11173,107091,8032,211261,60510,29114,31396
35900,222465,11173,107107,8032,211291,60518,29119,31399
35905,222496,11173,107119,8032,211321,60526,29122,31404
35910,222527,11173,107137,8032,211354,60534,29126,31408
35915,222558,11173,107152,8032,211384,60542,29131,31411
35920,222589,11173,107167,8032,211415,60550,29132,31418
35925,222620,11173,107183,8032,211446,60559,29137,31422
35930,222651,11173,107200,8032,211477,60568,29140,31428
35935,222682,11173,107215,8032,211507,60577,29145,31432
35940,222713,11173,107231,8032,211540,60586,29150,31436
35945,222744,11173,107248,8032,211570,60594,29157,31437
35950,222775,11173,107265,8032,211601,60602,29160,31442
35955,222806,11173,107281,8032,211631,60610,29165,31445
35960,222837,11173,107293,8032,211663,60618,29169,31449
35965,222868,11174,107306,8032,211694,60626,29173,31453
35970,222899,11175,107316,8032,211724,60634,29175,31459
35975,222930,11176,107330,8032,211751,60642,29178,31464
35980,222961,11181,107343,8036,211779,60650,29179,31471
35985,222992,11185,107357,8039,211806,60659,29184,31475
35990,223023,11189,107373,8043,211832,60668,29188,31480
35995,223054,11194,107389,8047,211859,60677,29194,31483
36000,223085,11198,107406,8049,211885,60686,29199,31487
36005,223116,11204,107427,8054,211912,60693,29204,31489
36010,223147,11205,107440,8055,211942,60700,29204,31496
36015,223178,11207,107453,8056,211971,60707,29208,31499
36020,223209,11209,107470,8058,212000,60714,29210,31504
36025,223240,11211,107485,8059,212029,60721,29212,31509
36030,223271,11212,107500,8059,212059,60728,29215,31513
36035,223302,11214,107512,8060,212088,60735,29218,31517
36040,223333,11218,107525,8063,212114,60742,29220,31522
36045,223364,11223,107543,8068,212141,60749,29222,31527
36050,223395,11223,107561,8068,212171,60757,29225,31532
36055,223426,11223,107577,8068,212203,60765,29229,31536
36060,223457,11223,107589,8068,212234,60773,29233,31540
36065,223488,11223,107603,8068,212262,60781,29237,31544
36070,223519,11223,107614,8068,212295,60789,29243,31546
36075,223550,11223,107627,8068,212325,60797,29248,31549
36080,223581,11223,107636,8068,212358,60805,29250,31555
36085,223612,11223,107655,8068,212389,60813,29255,31558
36090,223643,11223,107670,8068,212420,60821,29261,31560
36095,223674,11223,107682,8068,212451,60829,29264,31565
36100,223705,11223,107701,8068,212482,60837,29270,31567
36105,223736,11223,107719,8068,212513,60846,29277,31569
36110,223767,11223,107731,8068,212543,60856,29280,31576
36115,223798,11225,107748,8069,212573,60866,29284,31582
36120,223829,11226,107763,8070,212603,60876,29290,31586
36125,223860,11227,107779,8070,212632,60885,29296,31589
36130,223891,11229,107790,8071,212662,60894,29299,31595
36135,223922,11230,107807,8072,212691,60903,29303,31600
36140,223953,11232,107817,8073,212721,60912,29306,31606
36145,223984,11233,107831,8073,212750,60921,29307,31614
36150,224015,11235,107852,8074,212780,60930,29314,31616
36155,224046,11236,107867,8075,212810,60939,29320,31619
36160,224077,11239,107883,8077,212838,60948,29323,31625
36165,224108,11241,107896,8078,212866,60957,29327,31630
36170,224139,11245,107907,8080,212893,60966,29330,31636
36175,224170,11250,107921,8084,212920,60975,29333,31642
36180,224201,11254,107936,8087,212946,60984,29337,31647
36185,224232,11257,107948,8089,212974,60992,29339,31653
36190,224263,11260,107959,8090,213002,61000,29345,31655
36195,224294,11264,107975,8093,213029,61008,29350,31658
36200,224325,11266,107991,8095,213058,61016,29355,31661
36205,224356,11268,108008,8097,213086,61024,29360,31664
36210,224387,11271,108021,8100,213115,61032,29363,31669
36215,224418,11273,108033,8101,213145,61040,29368,31672
36220,224449,11276,108047,8104,213173,61048,29372,31676
36225,224480,11278,108063,8106,213201,61057,29377,31680
36230,224511,11278,108074,8106,213230,61066,29378,31688
36235,224542,11278,108090,8106,213264,61075,29385,31690
36240,224573,11278,108104,8106,213294,61084,29388,31696
36245,224604,11278,108122,8106,213325,61091,29392,31699
36250,224635,11278,108137,8106,213357,61098,29399,31699
36255,224666,11278,108149,8106,213387,61105,29401,31704
36260,224697,11278,108166,8106,213418,61112,29404,31708
36265,224728,11278,108179,8106,213450,61119,29408,31711
36270,224759,11278,108190,8106,213480,61126,29411,31715
36275,224790,11278,108205,8106,213512,61133,29415,31718
36280,224821,11278,108222,8106,213543,61140,29420,31720
36285,224852,11278,108233,8106,213574,61148,29423,31725
36290,224883,11278,108245,8106,213605,61156,29427,31729
36295,224914,11278,108262,8106,213636,61164,29431,31733
36300,224945,11278,108276,8106,213667,61172,29435,31737
36305,224976,11279,108291,8106,213697,61180,29439,31741
36310,225007,11281,108306,8107,213726,61188,29442,31746
36315,225038,11283,108325,8108,213755,61196,29447,31749
36320,225069,11284,108342,8109,213785,61204,29452,31752
36325,225100,11286,108359,8111,213814,61212,29456,31756
36330,225131,11288,108377,8113,213843,61220,29461,31759
36335,225162,11291,108387,8114,213871,61228,29463,31765
36340,225193,11295,108402,8117,213898,61236,29466,31770
36345,225224,11299,108414,8121,213923,61246,29468,31778
36350,225255,11304,108428,8124,213951,61256,29475,31781
36355,225286,11309,108446,8128,213976,61266,29478,31788
36360,225317,11310,108456,8128,214006,61276,29483,31793
36365,225348,11311,108472,8129,214036,61286,29487,31799
36370,225379,11313,108490,8130,214065,61296,29493,31803
36375,225410,11314,108501,8131,214095,61306,29499,31807
36380,225441,11317,108519,8134,214124,61316,29506,31810
36385,225472,11319,108529,8136,214152,61326,29508,31818
36390,225503,11321,108542,8138,214182,61336,29515,31821
36395,225534,11324,108554,8141,214209,61346,29519,31827
36400,225565,11327,108567,8143,214238,61356,29523,31833
36405,225596,11329,108582,8144,214267,61366,29528,31838
36410,225627,11329,108602,8144,214298,61376,29534,31842
36415,225658,11329,108621,8144,214328,61386,29538,31848
36420,225689,11329,108633,8144,214359,61396,29542,31854
36425,225720,11329,108654,8144,214391,61403,29546,31857
36430,225751,11329,108674,8144,214421,61410,29552,31858
36435,225782,11329,108687,8144,214453,61417,29556,31861
36440,225813,11329,108704,8144,214484,61424,29559,31865
36445,225844,11329,108718,8144,214514,61431,29561,31870
36450,225875,11329,108730,8144,214545,61438,29566,31872
36455,225906,11329,108744,8144,214575,61445,29568,31877
36460,225937,11331,108761,8145,214605,61452,29572,31880
36465,225968,11332,108774,8145,214634,61459,29575,31884
36470,225999,11335,108790,8147,214661,61466,29580,31886
36475,226030,11338,108807,8150,214692,61473,29585,31888
36480,226061,11340,108821,8151,214718,61480,29587,31893
36485,226092,11344,108836,8155,214747,61487,29591,31896
36490,226123,11347,108853,8157,214774,61494,29592,31902
36495,226154,11349,108869,8159,214805,61501,29597,31904
36500,226185,11349,108884,8159,214836,61508,29602,31906
36505,226216,11349,108901,8159,214867,61515,29606,31909
36510,226247,11349,108921,8159,214898,61522,29610,31912
36515,226278,11350,108935,8160,214928,61529,29612,31917
36520,226309,11351,108954,8160,214958,61536,29617,31919
36525,226340,11352,108969,8161,214988,61546,29620,31926
36530,226371,11353,108987,8161,215018,61556,29625,31931
36535,226402,11354,109001,8162,215048,61566,29632,31934
36540,226433,11355,109012,8162,215077,61576,29635,31941
36545,226464,11357,109033,8164,215107,61585,29640,31945
36550,226495,11358,109046,8165,215137,61594,29642,31952
36555,226526,11360,109065,8166,215165,61603,29648,31955
36560,226557,11362,109082,8167,215195,61612,29652,31960
36565,226588,11363,109094,8168,215225,61621,29655,31966
36570,226619,11365,109112,8170,215253,61630,29662,31968
36575,226650,11367,109128,8171,215282,61639,29663,31976
36580,226681,11369,109146,8173,215312,61648,29667,31981
36585,226712,11372,109162,8176,215339,61657,29673,31984
36590,226743,11373,109180,8176,215369,61666,29678,31988
36595,226774,11377,109196,8180,215396,61675,29683,31992
36600,226805,11381,109212,8184,215423,61684,29688,31996
36605,226836,11383,109227,8186,215450,61692,29691,32001
36610,226867,11385,109236,8187,215482,61700,29694,32006
36615,226898,11386,109242,8187,215512,61708,29695,32013
36620,226929,11387,109261,8188,215540,61716,29698,32018
36625,226960,11388,109273,8188,215569,61724,29700,32024
36630,226991,11390,109290,8189,215600,61732,29704,32028
36635,227022,11392,109305,8190,215630,61740,29709,32031
36640,227053,11393,109321,8190,215660,61748,29713,32035
36645,227084,11394,109331,8190,215688,61757,29715,32042
36650,227115,11396,109346,8191,215718,61766,29719,32047
36655,227146,11397,109368,8192,215747,61775,29724,32051
36660,227177,11399,109386,8194,215776,61784,29729,32055
36665,227208,11401,109403,8196,215806,61793,29735,32058
36670,227239,11402,109414,8197,215836,61802,29739,32063
36675,227270,11403,109430,8198,215864,61811,29744,32067
36680,227301,11407,109444,8202,215894,61820,29749,32071
36685,227332,11409,109460,8203,215921,61829,29755,32074
36690,227363,11410,109472,8204,215953,61838,29758,32080
36695,227394,11410,109486,8204,215984,61847,29762,32085
36700,227425,11410,109495,8204,216015,61856,29763,32093
36705,227456,11410,109514,8204,216045,61865,29768,32097
36710,227487,11411,109526,8204,216075,61875,29769,32106
36715,227518,11413,109540,8205,216105,61885,29771,32114
36720,227549,11415,109559,8207,216134,61895,29778,32117
36725,227580,11416,109577,8208,216164,61902,29783,32119
36730,227611,11417,109592,8209,216194,61909,29787,32122
36735,227642,11418,109601,8209,216224,61916,29791,32125
36740,227673,11420,109619,8211,216252,61923,29794,32129
36745,227704,11422,109632,8213,216281,61930,29796,32134
36750,227735,11424,109646,8215,216310,61937,29801,32136
36755,227766,11427,109661,8217,216339,61944,29805,32139
36760,227797,11429,109676,8218,216368,61951,29808,32143
36765,227828,11430,109688,8219,216398,61958,29813,32145
36770,227859,11433,109708,8222,216424,61965,29818,32147
36775,227890,11434,109722,8223,216456,61972,29822,32150
36780,227921,11437,109735,8225,216484,61979,29826,32153
36785,227952,11437,109750,8225,216514,61986,29830,32156
36790,227983,11437,109763,8225,216545,61993,29834,32159
36795,228014,11438,109778,8226,216576,62000,29837,32163
36800,228045,11439,109792,8226,216606,62007,29840,32167
36805,228076,11440,109808,8226,216634,62014,29843,32171
36810,228107,11441,109824,8226,216665,62021,29845,32176
36815,228138,11442,109841,8226,216695,62028,29848,32180
36820,228169,11443,109856,8227,216726,62035,29850,32185
36825,228200,11444,109875,8228,216756,62044,29855,32189
36830,228231,11445,109888,8228,216785,62054,29861,32193
36835,228262,11446,109900,8228,216815,62064,29864,32200
36840,228293,11447,109916,8228,216846,62074,29869,32205
36845,228324,11448,109931,8228,216876,62082,29872,32210
36850,228355,11449,109944,8228,216906,62090,29875,32215
36855,228386,11451,109957,8229,216935,62098,29876,32222
36860,228417,11452,109976,8229,216964,62106,29879,32227
36865,228448,11453,109993,8230,216995,62114,29883,32231
36870,228479,11456,110006,8233,217022,62122,29887,32235
36875,228510,11458,110024,8235,217052,62130,29891,32239
36880,228541,11459,110036,8235,217082,62138,29895,32243
36885,228572,11462,110055,8238,217107,62146,29899,32247
36890,228603,11467,110065,8242,217134,62154,29903,32251
36895,228634,11473,110078,8247,217161,62162,29906,32256
36900,228665,11474,110088,8247,217191,62170,29910,32260
36905,228696,11475,110099,8247,217220,62178,29915,32263
36910,228727,11476,110114,8248,217249,62186,29918,32268
36915,228758,11477,110131,8249,217280,62194,29922,32272
36920,228789,11478,110143,8249,217311,62202,29926,32276
36925,228820,11480,110155,8251,217339,62210,29928,32282
36930,228851,11482,110166,8252,217369,62218,29932,32286
36935,228882,11484,110179,8253,217398,62226,29936,32290
36940,228913,11485,110194,8253,217426,62234,29941,32293
36945,228944,11487,110209,8255,217455,62244,29948,32296
36950,228975,11488,110221,8255,217486,62254,29952,32302
36955,229006,11491,110235,8257,217515,62264,29956,32308
36960,229037,11493,110251,8259,217543,62274,29962,32312
36965,229068,11496,110266,8261,217571,62284,29966,32318
36970,229099,11498,110281,8263,217601,62294,29972,32322
36975,229130,11500,110293,8264,217630,62304,29976,32328
36980,229161,11500,110310,8264,217661,62314,29984,32330
36985,229192,11500,110324,8264,217692,62324,29988,32336
36990,229223,11500,110341,8264,217723,62334,29997,32337
36995,229254,11500,110355,8264,217754,62344,30000,32344
37000,229285,11500,110368,8264,217785,62354,30004,32350
37005,229316,11501,110387,8264,217815,62364,30011,32353
37010,229347,11502,110403,8265,217845,62374,30017,32357
37015,229378,11503,110417,8265,217874,62384,30020,32364
37020,229409,11505,110435,8266,217904,62394,30027,32367
37025,229440,11506,110448,8267,217934,62402,30028,32374
37030,229471,11507,110459,8268,217964,62410,30032,32378
37035,229502,11508,110478,8269,217994,62418,30038,32380
37040,229533,11509,110493,8269,218023,62426,30043,32383
37045,229564,11511,110507,8271,218052,62434,30046,32388
37050,229595,11513,110517,8273,218081,62442,30048,32394
37055,229626,11515,110535,8275,218109,62450,30053,32397
37060,229657,11518,110549,8278,218138,62458,30056,32402
37065,229688,11520,110565,8280,218168,62466,30063,32403
37070,229719,11523,110583,8283,218194,62474,30067,32407
37075,229750,11528,110596,8287,218222,62482,30072,32410
37080,229781,11530,110611,8288,218251,62490,30076,32414
37085,229812,11531,110625,8288,218280,62497,30077,32420
37090,229843,11532,110641,8289,218310,62504,30081,32423
37095,229874,11533,110656,8289,218341,62511,30084,32427
37100,229905,11534,110673,8290,218370,62518,30086,32432
37105,229936,11535,110685,8290,218400,62525,30089,32436
37110,229967,11536,110696,8291,218431,62532,30091,32441
37115,229998,11537,110710,8292,218461,62539,30095,32444
37120,230029,11538,110727,8292,218490,62546,30097,32449
37125,230060,11539,110743,8292,218521,62555,30103,32452
37130,230091,11541,110761,8294,218550,62564,30108,32456
37135,230122,11542,110776,8294,218580,62573,30113,32460
37140,230153,11543,110789,8294,218609,62582,30116,32466
37145,230184,11545,110805,8295,218639,62591,30122,32469
37150,230215,11547,110817,8296,218668,62600,30124,32476
37155,230246,11549,110832,8297,218696,62609,30130,32479
37160,230277,11550,110848,8298,218726,62618,30135,32483
37165,230308,11552,110864,8300,218755,62627,30138,32489
37170,230339,11555,110883,8303,218783,62636,30141,32495
37175,230370,11556,110897,8304,218814,62645,30147,32498
37180,230401,11559,110913,8307,218842,62654,30153,32501
37185,230432,11561,110926,8308,218871,62664,30155,32509
37190,230463,11563,110941,8309,218898,62674,30159,32515
37195,230494,11565,110959,8310,218928,62684,30164,32520
37200,230525,11567,110971,8311,218958,62694,30169,32525
37205,230556,11568,110986,8311,218987,62703,30173,32530
37210,230587,11569,111005,8312,219017,62712,30179,32533
37215,230618,11571,111016,8314,219046,62721,30182,32539
37220,230649,11573,111029,8315,219076,62730,30185,32545
37225,230680,11574,111045,8315,219105,62739,30189,32550
37230,230711,11576,111055,8316,219135,62748,30192,32556
37235,230742,11577,111071,8316,219163,62757,30197,32560
37240,230773,11580,111085,8319,219192,62766,30201,32565
37245,230804,11583,111099,8321,219220,62775,30206,32569
37250,230835,11585,111114,8322,219248,62784,30211,32573
37255,230866,11587,111128,8323,219278,62793,30216,32577
37260,230897,11588,111142,8324,219308,62802,30221,32581
37265,230928,11590,111164,8325,219338,62809,30226,32583
37270,230959,11590,111181,8325,219369,62816,30227,32589
37275,230990,11590,111198,8325,219400,62823,30231,32592
37280,231021,11590,111211,8325,219431,62830,30236,32594
37285,231052,11590,111229,8325,219461,62837,30241,32596
37290,231083,11590,111237,8325,219493,62844,30243,32601
37295,231114,11590,111251,8325,219524,62851,30246,32605
37300,231145,11592,111268,8326,219553,62858,30248,32610
37305,231176,11594,111281,8327,219582,62866,30253,32613
37310,231207,11595,111296,8328,219611,62874,30259,32615
37315,231238,11597,111309,8329,219640,62882,30262,32620
37320,231269,11599,111325,8331,219669,62890,30264,32626
37325,231300,11601,111341,8332,219699,62897,30269,32628
37330,231331,11603,111354,8334,219728,62904,30272,32632
37335,231362,11604,111367,8335,219758,62911,30274,32637
37340,231393,11606,111386,8337,219787,62918,30278,32640
37345,231424,11607,111401,8338,219817,62925,30282,32643
37350,231455,11608,111415,8338,219847,62932,30285,32647
37355,231486,11611,111434,8341,219875,62939,30288,32651
37360,231517,11613,111447,8343,219902,62946,30290,32656
37365,231548,11616,111462,8346,219931,62954,30293,32661
37370,231579,11617,111470,8347,219961,62963,30295,32668
37375,231610,11618,111479,8348,219992,62972,30297,32675
37380,231641,11620,111493,8349,220021,62981,30303,32678
37385,231672,11622,111505,8350,220050,62988,30305,32683
37390,231703,11624,111526,8352,220079,62995,30311,32684
37395,231734,11625,111538,8353,220109,63002,30314,32688
37400,231765,11626,111556,8354,220139,63009,30318,32691
37405,231796,11628,111570,8355,220168,63016,30321,32695
37410,231827,11629,111584,8356,220198,63023,30323,32700
37415,231858,11630,111600,8357,220228,63030,30326,32704
37420,231889,11631,111616,8357,220257,63037,30329,32708
37425,231920,11633,111633,8359,220286,63045,30332,32713
37430,231951,11636,111647,8361,220314,63053,30334,32719
37435,231982,11640,111663,8364,220341,63061,30337,32724
37440,232013,11642,111682,8365,220369,63069,30341,32728
37445,232044,11643,111697,8366,220400,63076,30345,32731
37450,232075,11643,111710,8366,220431,63083,30347,32736
37455,232106,11643,111724,8366,220462,63090,30349,32741
37460,232137,11643,111742,8366,220494,63097,30355,32742
37465,232168,11643,111760,8366,220524,63104,30359,32745
37470,232199,11643,111777,8366,220555,63111,30362,32749
37475,232230,11644,111789,8366,220586,63118,30365,32753
37480,232261,11646,111804,8367,220614,63125,30366,32759
37485,232292,11647,111819,8367,220643,63134,30371,32763
37490,232323,11649,111837,8368,220673,63143,30376,32767
37495,232354,11651,111850,8370,220703,63152,30381,32771
37500,232385,11653,111864,8371,220731,63161,30384,32777
37505,232416,11654,111879,8372,220762,63169,30388,32781
37510,232447,11655,111888,8372,220792,63177,30390,32787
37515,232478,11657,111897,8373,220820,63185,30393,32792
37520,232509,11659,111911,8374,220850,63193,30398,32795
37525,232540,11660,111929,8374,220880,63201,30405,32796
37530,232571,11662,111949,8376,220907,63209,30411,32798
37535,232602,11664,111961,8377,220937,63217,30414,32803
37540,232633,11667,111976,8380,220964,63225,30416,32809
37545,232664,11670,111996,8382,220991,63233,30422,32811
37550,232695,11671,112011,8382,221023,63242,30427,32815
37555,232726,11673,112027,8383,221052,63251,30431,32820
37560,232757,11675,112039,8384,221081,63260,30434,32826
37565,232788,11677,112056,8386,221109,63268,30437,32831
37570,232819,11681,112067,8389,221137,63276,30441,32835
37575,232850,11683,112088,8390,221167,63284,30447,32837
37580,232881,11684,112105,8391,221195,63292,30452,32840
37585,232912,11688,112117,8395,221223,63300,30452,32848
37590,232943,11691,112129,8398,221252,63308,30455,32853
37595,232974,11693,112143,8399,221279,63316,30458,32858
37600,233005,11694,112157,8400,221310,63324,30463,32861
37605,233036,11694,112168,8400,221341,63333,30467,32866
37610,233067,11694,112183,8400,221372,63342,30472,32870
37615,233098,11694,112194,8400,221403,63351,30476,32875
37620,233129,11694,112210,8400,221435,63360,30479,32881
37625,233160,11694,112222,8400,221466,63369,30483,32886
37630,233191,11694,112238,8400,221497,63378,30488,32890
37635,233222,11694,112249,8400,221528,63387,30492,32895
37640,233253,11694,112265,8400,221559,63396,30499,32897
37645,233284,11694,112280,8400,221590,63405,30504,32901
37650,233315,11694,112290,8400,221621,63414,30508,32906
37655,233346,11696,112305,8401,221649,63423,30513,32910
37660,233377,11698,112321,8402,221679,63432,30519,32913
37665,233408,11699,112335,8403,221709,63442,30524,32918
37670,233439,11701,112349,8404,221738,63452,30526,32926
37675,233470,11703,112363,8406,221766,63462,30530,32932
37680,233501,11705,112374,8407,221794,63472,30535,32937
37685,233532,11706,112387,8408,221824,63481,30536,32945
37690,233563,11707,112401,8408,221853,63490,30541,32949
37695,233594,11708,112414,8409,221885,63499,30546,32953
37700,233625,11710,112428,8411,221913,63508,30549,32959
37705,233656,11712,112438,8413,221944,63517,30552,32965
37710,233687,11714,112451,8415,221972,63526,30554,32972
37715,233718,11716,112463,8416,222000,63535,30558,32977
37720,233749,11719,112477,8417,222029,63544,30563,32981
37725,233780,11722,112492,8420,222057,63553,30568,32985
37730,233811,11728,112511,8426,222082,63562,30576,32986
37735,233842,11730,112523,8426,222111,63571,30582,32989
37740,233873,11734,112538,8428,222138,63580,30588,32992
37745,233904,11737,112560,8431,222166,63589,30596,32993
37750,233935,11739,112572,8433,222195,63598,30598,33000
37755,233966,11741,112589,8435,222225,63607,30605,33002
37760,233997,11742,112602,8435,222255,63616,30606,33010
37765,234028,11743,112619,8436,222284,63625,30610,33015
37770,234059,11746,112636,8438,222311,63634,30613,33021
37775,234090,11749,112649,8441,222340,63643,30616,33027
37780,234121,11751,112662,8442,222369,63652,30621,33031
37785,234152,11754,112678,8445,222398,63662,30626,33036
37790,234183,11756,112699,8446,222425,63672,30634,33038
37795,234214,11758,112716,8448,222456,63682,30640,33042
37800,234245,11758,112730,8448,222487,63692,30645,33047
37805,234276,11758,112743,8448,222518,63701,30648,33053
37810,234307,11758,112756,8448,222549,63710,30653,33057
37815,234338,11758,112772,8448,222580,63719,30658,33061
37820,234369,11758,112784,8448,222611,63728,30662,33066
37825,234400,11758,112795,8448,222642,63737,30664,33073
37830,234431,11758,112807,8448,222673,63746,30668,33078
37835,234462,11758,112817,8448,222704,63755,30671,33084
37840,234493,11758,112835,8448,222735,63764,30678,33086
37845,234524,11758,112843,8448,222764,63773,30679,33094
37850,234555,11758,112855,8448,222791,63782,30682,33100
37855,234586,11759,112872,8448,222822,63791,30687,33104
37860,234617,11761,112883,8449,222855,63800,30691,33109
37865,234648,11763,112900,8451,222884,63808,30697,33111
37870,234679,11764,112914,8452,222915,63816,30701,33115
37875,234710,11765,112930,8453,222944,63824,30706,33118
37880,234741,11767,112945,8455,222974,63832,30708,33124
37885,234772,11770,112962,8457,223002,63840,30712,33128
37890,234803,11772,112969,8459,223031,63848,30712,33136
37895,234834,11775,112981,8461,223058,63856,30715,33141
37900,234865,11781,112996,8465,223083,63864,30718,33146
37905,234896,11784,113012,8466,223111,63873,30723,33150
37910,234927,11786,113023,8468,223141,63882,30729,33153
37915,234958,11787,113042,8469,223170,63891,30735,33156
37920,234989,11788,113058,8469,223201,63900,30741,33159
37925,235020,11789,113069,8470,223231,63907,30742,33165
37930,235051,11790,113086,8470,223259,63914,30745,33169
37935,235082,11792,113099,8472,223290,63921,30748,33173
37940,235113,11793,113113,8473,223320,63928,30752,33176
37945,235144,11795,113128,8474,223348,63935,30758,33177
37950,235175,11797,113143,8475,223377,63942,30764,33178
37955,235206,11798,113160,8475,223407,63949,30768,33181
37960,235237,11801,113174,8478,223435,63956,30770,33186
37965,235268,11804,113183,8480,223464,63964,30771,33193
37970,235299,11808,113197,8484,223490,63972,30775,33197
37975,235330,11811,113211,8487,223519,63980,30780,33200
37980,235361,11811,113228,8487,223550,63988,30785,33203
37985,235392,11811,113243,8487,223580,63994,30788,33206
37990,235423,11811,113254,8487,223611,64000,30789,33211
37995,235454,11811,113267,8487,223641,64006,30792,33214
38000,235485,11811,113281,8487,223672,64012,30797,33215
38005,235516,11811,113296,8487,223703,64018,30801,33217
38010,235547,11813,113310,8488,223733,64024,30801,33223
38015,235578,11814,113323,8488,223763,64030,30804,33226
38020,235609,11815,113335,8488,223792,64036,30806,33230
38025,235640,11817,113353,8489,223823,64043,30809,33234
38030,235671,11819,113365,8491,223852,64051,30813,33238
38035,235702,11822,113387,8494,223880,64059,30819,33240
38040,235733,11826,113400,8498,223907,64067,30822,33245
38045,235764,11827,113418,8499,223937,64074,30828,33246
38050,235795,11828,113430,8500,223967,64081,30832,33249
38055,235826,11830,113449,8502,223996,64088,30836,33252
38060,235857,11833,113467,8504,224023,64095,30841,33254
38065,235888,11835,113478,8505,224053,64102,30843,33259
38070,235919,11835,113496,8505,224083,64109,30846,33263
38075,235950,11835,113515,8505,224114,64116,30851,33265
38080,235981,11835,113529,8505,224146,64123,30854,33269
38085,236012,11837,113547,8507,224173,64132,30860,33272
38090,236043,11840,113557,8509,224202,64141,30863,33278
38095,236074,11843,113571,8512,224231,64150,30867,33283
38100,236105,11845,113586,8514,224260,64159,30873,33286
38105,236136,11846,113605,8515,224289,64167,30875,33292
38110,236167,11848,113622,8516,224317,64175,30878,33297
38115,236198,11852,113638,8519,224345,64183,30883,33300
38120,236229,11856,113655,8522,224372,64191,30890,33301
38125,236260,11857,113668,8523,224403,64199,30894,33305
38130,236291,11857,113681,8523,224433,64207,30898,33309
38135,236322,11857,113697,8523,224464,64215,30902,33313
38140,236353,11857,113711,8523,224495,64223,30904,33319
38145,236384,11857,113724,8523,224526,64232,30907,33325
38150,236415,11857,113743,8523,224557,64241,30913,33328
38155,236446,11857,113756,8523,224589,64250,30915,33335
38160,236477,11857,113774,8523,224620,64259,30919,33340
38165,236508,11857,113791,8523,224650,64268,30923,33345
38170,236539,11857,113803,8523,224682,64277,30927,33350
38175,236570,11859,113819,8525,224711,64286,30932,33354
38180,236601,11861,113833,8526,224740,64295,30937,33358
38185,236632,11862,113846,8527,224769,64304,30941,33363
38190,236663,11863,113858,8528,224800,64313,30944,33369
38195,236694,11865,113874,8530,224828,64322,30948,33374
38200,236725,11867,113890,8532,224858,64331,30953,33378
38205,236756,11868,113905,8532,224886,64341,30959,33382
38210,236787,11870,113919,8533,224915,64351,30965,33386
38215,236818,11871,113938,8533,224944,64361,30970,33391
38220,236849,11873,113951,8535,224974,64371,30975,33396
38225,236880,11874,113959,8535,225006,64380,30979,33401
38230,236911,11875,113974,8535,225035,64389,30982,33407
38235,236942,11878,113993,8538,225061,64398,30987,33411
38240,236973,11883,114010,8541,225089,64407,30991,33416
38245,237004,11887,114026,8544,225116,64416,30995,33421
38250,237035,11892,114042,8548,225142,64425,31000,33425
38255,237066,11896,114061,8551,225170,64434,31005,33429
38260,237097,11899,114077,8553,225196,64443,31008,33435
38265,237128,11904,114093,8557,225223,64452,31013,33439
38270,237159,11908,114105,8559,225251,64461,31018,33443
38275,237190,11909,114117,8559,225280,64470,31022,33448
38280,237221,11911,114126,8560,225310,64479,31022,33457
38285,237252,11912,114138,8560,225339,64487,31025,33462
38290,237283,11915,114157,8562,225367,64495,31029,33466
38295,237314,11916,114173,8563,225398,64503,31033,33470
38300,237345,11916,114182,8563,225429,64511,31036,33475
38305,237376,11916,114196,8563,225460,64519,31039,33480
38310,237407,11916,114208,8563,225491,64527,31042,33485
38315,237438,11916,114222,8563,225522,64535,31044,33491
38320,237469,11916,114239,8563,225553,64543,31050,33493
38325,237500,11916,114254,8563,225584,64551,31055,33496
38330,237531,11916,114266,8563,225615,64560,31061,33499
38335,237562,11916,114279,8563,225644,64569,31065,33504
38340,237593,11916,114289,8563,225677,64578,31066,33512
38345,237624,11916,114306,8563,225705,64586,31070,33516
38350,237655,11916,114326,8563,225735,64594,31072,33522
38355,237686,11916,114341,8563,225769,64602,31075,33527
38360,237717,11916,114355,8563,225800,64610,31077,33533
38365,237748,11916,114369,8563,225832,64618,31082,33536
38370,237779,11916,114389,8563,225862,64626,31087,33539
38375,237810,11916,114405,8563,225893,64634,31090,33544
38380,237841,11916,114419,8563,225924,64642,31093,33549
38385,237872,11917,114436,8563,225952,64651,31097,33554
38390,237903,11919,114452,8565,225983,64660,31100,33560
38395,237934,11920,114468,8565,226012,64669,31105,33564
38400,237965,11922,114485,8567,226041,64678,31110,33568
38405,237996,11925,114498,8568,226071,64686,31113,33573
38410,238027,11928,114515,8570,226099,64694,31117,33577
38415,238058,11931,114527,8572,226127,64702,31120,33582
38420,238089,11933,114539,8573,226156,64710,31122,33588
38425,238120,11936,114553,8574,226184,64718,31125,33593
38430,238151,11938,114565,8574,226213,64726,31128,33598
38435,238182,11940,114583,8574,226242,64734,31135,33599
38440,238213,11944,114598,8577,226269,64742,31138,33604
38445,238244,11948,114616,8580,226295,64751,31143,33608
38450,238275,11953,114629,8583,226322,64760,31147,33613
38455,238306,11956,114643,8586,226349,64769,31149,33620
38460,238337,11958,114657,8587,226378,64778,31153,33625
38465,238368,11961,114672,8589,226406,64785,31156,33629
38470,238399,11964,114685,8591,226434,64792,31158,33634
38475,238430,11967,114696,8593,226463,64799,31159,33640
38480,238461,11971,114710,8597,226489,64806,31162,33644
38485,238492,11972,114721,8598,226520,64813,31164,33649
38490,238523,11972,114739,8598,226550,64820,31167,33653
38495,238554,11972,114754,8598,226581,64827,31170,33657
38500,238585,11972,114767,8598,226613,64834,31173,33661
38505,238616,11972,114781,8598,226643,64842,31176,33666
38510,238647,11972,114793,8598,226672,64850,31179,33671
38515,238678,11972,114809,8598,226703,64858,31182,33676
38520,238709,11972,114824,8598,226736,64866,31186,33680
38525,238740,11972,114838,8598,226767,64874,31190,33684
38530,238771,11972,114853,8598,226798,64882,31195,33687
38535,238802,11972,114866,8598,226829,64890,31199,33691
38540,238833,11972,114878,8598,226861,64898,31203,33695
38545,238864,11972,114892,8598,226891,64906,31205,33701
38550,238895,11972,114907,8598,226923,64914,31208,33706
38555,238926,11972,114924,8598,226953,64922,31215,33707
38560,238957,11972,114941,8598,226984,64930,31222,33708
38565,238988,11973,114956,8599,227015,64939,31229,33710
38570,239019,11974,114970,8599,227044,64949,31232,33717
38575,239050,11975,114986,8599,227075,64959,31238,33721
38580,239081,11976,115001,8599,227105,64969,31243,33726
38585,239112,11978,115014,8601,227133,64977,31245,33732
38590,239143,11981,115026,8603,227161,64985,31247,33738
38595,239174,11983,115041,8603,227189,64993,31252,33741
38600,239205,11987,115059,8605,227218,65001,31255,33746
38605,239236,11989,115070,8606,227247,65009,31258,33751
38610,239267,11992,115083,8607,227275,65017,31263,33754
38615,239298,11995,115098,8610,227302,65025,31266,33759
38620,239329,12000,115111,8613,227329,65033,31271,33762
38625,239360,12004,115125,8616,227356,65041,31276,33765
38630,239391,12009,115144,8620,227381,65049,31282,33767
38635,239422,12014,115155,8625,227408,65057,31285,33772
38640,239453,12018,115170,8627,227435,65065,31290,33775
38645,239484,12022,115189,8630,227460,65072,31294,33778
38650,239515,12025,115206,8633,227489,65079,31299,33780
38655,239546,12028,115224,8636,227518,65086,31305,33781
38660,239577,12028,115237,8636,227548,65093,31309,33784
38665,239608,12028,115258,8636,227580,65100,31313,33787
38670,239639,12028,115276,8636,227607,65107,31317,33790
38675,239670,12028,115287,8636,227641,65114,31323,33791
38680,239701,12028,115302,8636,227673,65121,31325,33796
38685,239732,12028,115316,8636,227703,65130,31331,33799
38690,239763,12028,115335,8636,227733,65139,31336,33803
38695,239794,12028,115352,8636,227765,65148,31342,33806
38700,239825,12028,115365,8636,227796,65157,31346,33811
38705,239856,12028,115377,8636,227828,65166,31352,33814
38710,239887,12028,115392,8636,227859,65175,31356,33819
38715,239918,12028,115406,8636,227890,65184,31362,33822
38720,239949,12028,115427,8636,227921,65193,31368,33825
38725,239980,12028,115441,8636,227952,65202,31373,33829
38730,240011,12028,115456,8636,227983,65211,31377,33834
38735,240042,12028,115475,8636,228014,65220,31383,33837
38740,240073,12028,115491,8636,228045,65229,31388,33841
38745,240104,12029,115502,8637,228074,65239,31392,33847
38750,240135,12031,115521,8639,228103,65249,31399,33850
38755,240166,12033,115529,8640,228133,65259,31402,33857
38760,240197,12034,115544,8641,228162,65269,31408,33861
38765,240228,12037,115562,8643,228190,65278,31413,33865
38770,240259,12041,115577,8645,228217,65287,31418,33869
38775,240290,12044,115596,8647,228244,65296,31424,33872
38780,240321,12048,115612,8649,228272,65305,31429,33876
38785,240352,12053,115628,8653,228297,65314,31433,33881
38790,240383,12058,115643,8658,228325,65323,31437,33886
38795,240414,12062,115655,8660,228350,65332,31440,33892
38800,240445,12066,115670,8662,228376,65341,31442,33899
38805,240476,12072,115689,8668,228402,65350,31448,33902
38810,240507,12074,115705,8670,228430,65359,31452,33907
38815,240538,12077,115722,8673,228457,65368,31457,33911
38820,240569,12079,115738,8675,228486,65377,31461,33916
38825,240600,12079,115751,8675,228520,65386,31465,33921
38830,240631,12079,115766,8675,228549,65395,31468,33927
38835,240662,12079,115780,8675,228583,65404,31472,33932
38840,240693,12079,115801,8675,228613,65413,31477,33936
38845,240724,12079,115812,8675,228644,65422,31478,33944
38850,240755,12079,115824,8675,228676,65431,31481,33950
38855,240786,12079,115839,8675,228707,65440,31484,33956
38860,240817,12079,115853,8675,228738,65449,31486,33963
38865,240848,12079,115871,8675,228769,65459,31493,33966
38870,240879,12079,115890,8675,228800,65469,31501,33968
38875,240910,12079,115902,8675,228831,65479,31506,33973
38880,240941,12079,115916,8675,228862,65489,31511,33978
38885,240972,12079,115935,8675,228893,65496,31516,33980
38890,241003,12079,115948,8675,228924,65503,31519,33984
38895,241034,12079,115965,8675,228955,65510,31523,33987
38900,241065,12079,115978,8675,228986,65517,31526,33991
38905,241096,12079,115995,8675,229017,65524,31530,33994
38910,241127,12079,116012,8675,229047,65531,31534,33997
38915,241158,12081,116027,8676,229076,65538,31535,34003
38920,241189,12083,116042,8677,229105,65545,31540,34005
38925,241220,12086,116059,8679,229132,65552,31543,34009
38930,241251,12092,116078,8685,229157,65559,31545,34014
38935,241282,12096,116091,8688,229184,65566,31548,34018
38940,241313,12101,116109,8692,229212,65573,31552,34021
38945,241344,12104,116124,8694,229240,65580,31557,34023
38950,241375,12105,116133,8694,229270,65587,31559,34028
38955,241406,12106,116148,8695,229299,65594,31562,34032
38960,241437,12107,116164,8696,229329,65601,31567,34034
38965,241468,12108,116181,8696,229357,65608,31572,34036
38970,241499,12109,116199,8697,229386,65615,31576,34039
38975,241530,12110,116215,8698,229420,65622,31581,34041
38980,241561,12111,116231,8698,229449,65629,31585,34044
38985,241592,12112,116241,8698,229479,65638,31587,34051
38990,241623,12115,116259,8700,229507,65648,31594,34054
38995,241654,12118,116274,8702,229536,65658,31600,34058
39000,241685,12120,116288,8703,229565,65668,31606,34062
39005,241716,12122,116305,8704,229594,65676,31612,34064
39010,241747,12124,116316,8705,229623,65684,31615,34069
39015,241778,12129,116335,8709,229648,65692,31621,34071
39020,241809,12130,116349,8710,229678,65700,31623,34077
39025,241840,12132,116362,8712,229707,65708,31626,34082
39030,241871,12132,116373,8712,229738,65716,31630,34086
39035,241902,12132,116387,8712,229770,65724,31634,34090
39040,241933,12132,116403,8712,229800,65732,31639,34093
39045,241964,12132,116418,8712,229832,65740,31642,34098
39050,241995,12132,116433,8712,229863,65748,31647,34101
39055,242026,12132,116446,8712,229893,65756,31650,34106
39060,242057,12134,116459,8713,229923,65764,31653,34111
39065,242088,12135,116475,8714,229952,65772,31659,34113
39070,242119,12138,116489,8717,229981,65780,31663,34117
39075,242150,12140,116503,8719,230010,65788,31667,34121
39080,242181,12143,116514,8721,230038,65796,31669,34127
39085,242212,12146,116530,8723,230065,65804,31674,34130
39090,242243,12150,116543,8727,230092,65812,31678,34134
39095,242274,12153,116558,8730,230121,65820,31682,34138
39100,242305,12153,116573,8730,230152,65828,31687,34141
39105,242336,12153,116584,8730,230183,65838,31688,34150
39110,242367,12153,116599,8730,230214,65848,31693,34155
39115,242398,12153,116615,8730,230244,65858,31698,34160
39120,242429,12153,116631,8730,230275,65868,31702,34166
39125,242460,12153,116649,8730,230307,65876,31704,34172
39130,242491,12153,116665,8730,230338,65884,31708,34176
39135,242522,12154,116675,8731,230368,65892,31709,34183
39140,242553,12155,116688,8732,230398,65900,31709,34191
39145,242584,12156,116699,8732,230428,65908,31712,34196
39150,242615,12158,116721,8734,230455,65916,31717,34199
39155,242646,12159,116735,8734,230487,65924,31720,34204
39160,242677,12161,116753,8736,230515,65932,31724,34208
39165,242708,12164,116767,8738,230544,65940,31726,34214
39170,242739,12167,116781,8741,230572,65948,31730,34218
39175,242770,12169,116799,8743,230600,65956,31735,34221
39180,242801,12170,116813,8743,230631,65964,31740,34224
39185,242832,12172,116829,8745,230660,65970,31744,34226
39190,242863,12175,116842,8747,230688,65976,31747,34229
39195,242894,12177,116858,8749,230717,65982,31750,34232
39200,242925,12178,116876,8750,230746,65988,31755,34233
39205,242956,12183,116893,8754,230773,65994,31759,34235
39210,242987,12184,116907,8755,230802,66000,31761,34239
39215,243018,12186,116922,8757,230831,66006,31764,34242
39220,243049,12188,116934,8758,230861,66012,31765,34247
39225,243080,12189,116951,8758,230890,66019,31769,34250
39230,243111,12191,116964,8760,230919,66027,31771,34256
39235,243142,12194,116977,8762,230948,66035,31773,34262
39240,243173,12196,116993,8764,230976,66043,31776,34267
39245,243204,12198,117006,8766,231006,66051,31779,34272
39250,243235,12199,117024,8767,231036,66059,31784,34275
39255,243266,12201,117040,8769,231064,66067,31788,34279
39260,243297,12204,117059,8771,231092,66075,31793,34282
39265,243328,12206,117074,8773,231121,66083,31797,34286
39270,243359,12209,117090,8776,231149,66091,31801,34290
39275,243390,12209,117107,8776,231181,66099,31805,34294
39280,243421,12209,117118,8776,231211,66107,31808,34299
39285,243452,12209,117135,8776,231243,66117,31813,34304
39290,243483,12209,117149,8776,231273,66127,31815,34312
39295,243514,12209,117166,8776,231304,66137,31820,34317
39300,243545,12209,117179,8776,231336,66147,31824,34323
39305,243576,12209,117192,8776,231364,66157,31827,34330
39310,243607,12209,117209,8776,231397,66167,31833,34334
39315,243638,12211,117223,8777,231427,66177,31835,34342
39320,243669,12213,117240,8778,231456,66187,31841,34346
39325,243700,12214,117253,8778,231486,66197,31846,34351
39330,243731,12215,117268,8778,231515,66207,31852,34355
39335,243762,12217,117285,8779,231545,66217,31861,34356
39340,243793,12218,117300,8779,231574,66227,31866,34361
39345,243824,12219,117311,8779,231605,66237,31870,34367
39350,243855,12220,117328,8779,231634,66247,31875,34372
39355,243886,12222,117347,8781,231663,66257,31879,34378
39360,243917,12224,117363,8782,231691,66267,31883,34384
39365,243948,12226,117379,8783,231721,66277,31890,34387
39370,243979,12228,117398,8784,231751,66287,31896,34391
39375,244010,12230,117413,8786,231780,66297,31902,34395
39380,244041,12233,117427,8788,231808,66307,31906,34401
39385,244072,12236,117440,8789,231835,66317,31911,34406
39390,244103,12239,117456,8790,231863,66327,31917,34410
39395,244134,12240,117468,8791,231894,66337,31920,34417
39400,244165,12241,117485,8792,231924,66347,31925,34422
39405,244196,12242,117501,8792,231953,66357,31931,34426
39410,244227,12243,117518,8793,231983,66367,31936,34431
39415,244258,12245,117532,8794,232012,66377,31941,34436
39420,244289,12248,117552,8796,232040,66387,31949,34438
39425,244320,12251,117566,8798,232068,66396,31953,34443
39430,244351,12255,117584,8802,232096,66405,31958,34447
39435,244382,12256,117600,8803,232126,66414,31961,34453
39440,244413,12258,117612,8805,232154,66423,31963,34460
39445,244444,12261,117626,8808,232183,66432,31967,34465
39450,244475,12264,117647,8811,232211,66441,31975,34466
39455,244506,12264,117658,8811,232242,66450,31977,34473
39460,244537,12264,117670,8811,232273,66459,31981,34478
39465,244568,12264,117685,8811,232304,66468,31985,34483
39470,244599,12264,117701,8811,232334,66477,31989,34488
39475,244630,12264,117716,8811,232366,66486,31994,34492
39480,244661,12264,117732,8811,232396,66495,31999,34496
39485,244692,12264,117752,8811,232428,66502,32004,34498
39490,244723,12264,117771,8811,232458,66509,32006,34503
39495,244754,12264,117782,8811,232490,66516,32008,34508
39500,244785,12264,117800,8811,232520,66523,32013,34510
39505,244816,12265,117816,8811,232550,66530,32017,34513
39510,244847,12266,117829,8811,232580,66537,32020,34517
39515,244878,12267,117838,8811,232610,66544,32023,34521
39520,244909,12268,117854,8812,232637,66551,32026,34525
39525,244940,12269,117870,8813,232670,66559,32031,34528
39530,244971,12270,117882,8813,232699,66567,32034,34533
39535,245002,12271,117897,8813,232730,66575,32037,34538
39540,245033,12273,117913,8815,232758,66583,32041,34542
39545,245064,12274,117925,8815,232790,66589,32043,34546
39550,245095,12276,117939,8816,232818,66595,32046,34549
39555,245126,12279,117953,8818,232846,66601,32048,34553
39560,245157,12284,117969,8821,232872,66607,32050,34557
39565,245188,12290,117985,8825,232897,66613,32052,34561
39570,245219,12297,117997,8830,232922,66619,32055,34564
39575,245250,12301,118010,8833,232949,66625,32055,34570
39580,245281,12303,118023,8834,232978,66631,32056,34575
39585,245312,12305,118041,8835,233007,66639,32062,34577
39590,245343,12307,118055,8837,233035,66647,32064,34583
39595,245374,12310,118073,8840,233063,66655,32070,34585
39600,245405,12313,118090,8842,233091,66663,32073,34590
39605,245436,12315,118104,8843,233121,66670,32080,34590
39610,245467,12317,118119,8844,233150,66677,32083,34594
39615,245498,12317,118132,8844,233181,66684,32087,34597
39620,245529,12317,118147,8844,233212,66691,32090,34601
39625,245560,12317,118162,8844,233243,66698,32095,34603
39630,245591,12317,118176,8844,233273,66705,32098,34607
39635,245622,12317,118195,8844,233304,66712,32102,34610
39640,245653,12317,118213,8844,233336,66719,32107,34612
39645,245684,12317,118230,8844,233367,66727,32112,34615
39650,245715,12317,118248,8844,233398,66736,32115,34621
39655,245746,12317,118258,8844,233428,66745,32119,34626
39660,245777,12317,118270,8844,233460,66754,32121,34633
39665,245808,12317,118287,8844,233491,66762,32127,34635
39670,245839,12317,118301,8844,233521,66770,32129,34641
39675,245870,12317,118313,8844,233553,66778,32132,34646
39680,245901,12317,118326,8844,233583,66786,32134,34652
39685,245932,12318,118342,8845,233614,66794,32137,34657
39690,245963,12319,118354,8846,233644,66802,32139,34663
39695,245994,12321,118371,8847,233673,66810,32145,34665
39700,246025,12323,118388,8848,233702,66818,32149,34669
39705,246056,12326,118404,8851,233730,66827,32154,34673
39710,246087,12328,118421,8853,233759,66836,32160,34676
39715,246118,12330,118434,8855,233788,66845,32163,34682
39720,246149,12333,118449,8858,233815,66854,32163,34691
39725,246180,12337,118461,8861,233842,66861,32166,34695
39730,246211,12341,118474,8864,233869,66868,32170,34698
39735,246242,12344,118487,8865,233896,66875,32173,34702
39740,246273,12348,118501,8869,233921,66882,32175,34707
39745,246304,12352,118511,8871,233951,66889,32177,34712
39750,246335,12354,118530,8873,233980,66896,32182,34714
39755,246366,12355,118541,8874,234009,66903,32186,34717
39760,246397,12357,118555,8875,234039,66910,32188,34722
39765,246428,12359,118563,8876,234069,66918,32192,34726
39770,246459,12360,118579,8877,234096,66926,32198,34728
39775,246490,12362,118593,8879,234126,66934,32201,34733
39780,246521,12364,118607,8880,234157,66942,32205,34737
39785,246552,12366,118625,8881,234185,66949,32209,34740
39790,246583,12368,118636,8882,234213,66956,32211,34745
39795,246614,12369,118652,8883,234245,66963,32213,34750
39800,246645,12369,118665,8883,234276,66970,32217,34753
39805,246676,12369,118678,8883,234306,66977,32221,34756
39810,246707,12369,118692,8883,234338,66984,32223,34761
39815,246738,12369,118708,8883,234368,66991,32226,34765
39820,246769,12369,118723,8883,234400,66998,32227,34771
39825,246800,12369,118738,8883,234430,67007,32228,34779
39830,246831,12369,118757,8883,234462,67016,32235,34781
39835,246862,12369,118775,8883,234492,67025,32240,34785
39840,246893,12369,118794,8883,234523,67034,32247,34787
39845,246924,12369,118810,8883,234555,67043,32251,34792
39850,246955,12370,118827,8884,234584,67052,32255,34797
39855,246986,12371,118839,8884,234615,67061,32261,34800
39860,247017,12373,118854,8886,234643,67070,32265,34805
39865,247048,12374,118866,8886,234672,67079,32270,34809
39870,247079,12376,118882,8887,234702,67088,32274,34814
39875,247110,12377,118898,8887,234731,67097,32277,34820
39880,247141,12379,118914,8888,234761,67106,32281,34825
39885,247172,12380,118931,8889,234792,67115,32286,34829
39890,247203,12382,118942,8891,234821,67125,32290,34835
39895,247234,12384,118955,8892,234850,67135,32297,34838
39900,247265,12387,118974,8894,234878,67145,32303,34842
39905,247296,12389,118991,8895,234907,67155,32310,34845
39910,247327,12392,119003,8897,234935,67165,32313,34852
39915,247358,12394,119018,8899,234964,67175,32319,34856
39920,247389,12399,119037,8902,234990,67185,32324,34861
39925,247420,12404,119054,8907,235016,67195,32328,34867
39930,247451,12405,119071,8908,235046,67205,32332,34873
39935,247482,12406,119090,8909,235076,67215,32336,34879
39940,247513,12407,119107,8909,235106,67225,32340,34885
39945,247544,12408,119121,8910,235135,67235,32344,34891
39950,247575,12410,119137,8912,235164,67245,32351,34894
39955,247606,12411,119154,8913,235195,67255,32355,34900
39960,247637,12412,119169,8913,235225,67265,32360,34905
39965,247668,12414,119183,8914,235253,67274,32363,34911
39970,247699,12417,119197,8917,235280,67283,32366,34917
39975,247730,12420,119211,8919,235310,67292,32371,34921
39980,247761,12421,119223,8920,235338,67301,32375,34926
39985,247792,12425,119239,8924,235365,67310,32379,34931
39990,247823,12428,119254,8926,235394,67319,32385,34934
39995,247854,12429,119270,8927,235423,67328,32389,34939
40000,247885,12429,119285,8927,235455,67337,32393,34944
40005,247916,12429,119301,8927,235487,67346,32398,34948
40010,247947,12429,119315,8927,235518,67355,32402,34953
40015,247978,12429,119330,8927,235548,67364,32407,34957
40020,248009,12429,119346,8927,235579,67373,32413,34960
40025,248040,12429,119363,8927,235610,67382,32420,34962
40030,248071,12429,119378,8927,235641,67391,32422,34969
40035,248102,12430,119398,8928,235671,67400,32428,34972
40040,248133,12431,119414,8929,235701,67409,32432,34977
40045,248164,12432,119433,8930,235732,67418,32436,34982
40050,248195,12433,119447,8930,235762,67427,32442,34985
40055,248226,12434,119463,8930,235792,67436,32448,34988
40060,248257,12435,119473,8931,235822,67445,32451,34994
40065,248288,12437,119487,8932,235851,67455,32458,34997
40070,248319,12439,119501,8933,235880,67465,32463,35002
40075,248350,12440,119513,8934,235910,67475,32465,35010
40080,248381,12442,119523,8936,235939,67485,32468,35017
40085,248412,12446,119536,8940,235966,67494,32471,35023
40090,248443,12448,119547,8941,235995,67503,32474,35029
40095,248474,12452,119565,8945,236022,67512,32477,35035
40100,248505,12456,119584,8947,236048,67521,32485,35036
40105,248536,12460,119594,8950,236075,67530,32487,35043
40110,248567,12463,119608,8952,236104,67539,32490,35049
40115,248598,12466,119626,8954,236132,67548,32497,35051
40120,248629,12469,119643,8956,236158,67557,32503,35054
40125,248660,12473,119653,8960,236186,67566,32505,35061
40130,248691,12476,119669,8963,236214,67575,32507,35068
40135,248722,12478,119684,8965,236244,67584,32513,35071
40140,248753,12479,119703,8966,236273,67593,32520,35073
40145,248784,12481,119717,8968,236303,67601,32525,35076
40150,248815,12482,119732,8968,236332,67609,32529,35080
40155,248846,12483,119746,8969,236363,67617,32533,35084
40160,248877,12483,119757,8969,236394,67625,32534,35091
40165,248908,12483,119769,8969,236425,67633,32537,35096
40170,248939,12483,119784,8969,236456,67641,32543,35098
40175,248970,12483,119798,8969,236487,67649,32546,35103
40180,249001,12483,119812,8969,236518,67657,32550,35107
40185,249032,12483,119827,8969,236549,67666,32551,35115
40190,249063,12483,119841,8969,236580,67675,32552,35123
40195,249094,12483,119853,8969,236611,67684,32556,35128
40200,249125,12483,119868,8969,236642,67693,32562,35131
40205,249156,12483,119880,8969,236673,67700,32564,35136
40210,249187,12483,119896,8969,236704,67707,32568,35139
40215,249218,12485,119906,8970,236733,67714,32570,35144
40220,249249,12486,119923,8971,236763,67721,32574,35147
40225,249280,12488,119936,8973,236792,67728,32575,35153
40230,249311,12490,119951,8974,236821,67735,32579,35156
40235,249342,12493,119971,8977,236849,67742,32584,35158
40240,249373,12494,119980,8977,236879,67749,32587,35162
40245,249404,12498,119998,8980,236906,67757,32592,35165
40250,249435,12500,120010,8981,236934,67765,32598,35167
40255,249466,12501,120020,8981,236965,67773,32602,35171
40260,249497,12503,120036,8983,236993,67781,32606,35175
40265,249528,12508,120050,8987,237020,67786,32610,35176
40270,249559,12513,120065,8991,237045,67791,32612,35179
40275,249590,12515,120083,8992,237074,67796,32615,35181
40280,249621,12516,120097,8992,237105,67801,32619,35182
40285,249652,12519,120111,8994,237132,67806,32623,35183
40290,249683,12522,120126,8996,237160,67811,32627,35184
40295,249714,12523,120143,8996,237191,67816,32629,35187
40300,249745,12525,120157,8998,237219,67821,32631,35190
40305,249776,12526,120169,8998,237249,67828,32634,35194
40310,249807,12528,120183,9000,237277,67835,32636,35199
40315,249838,12532,120198,9004,237305,67842,32640,35202
40320,249869,12532,120206,9004,237336,67849,32642,35207
40325,249900,12532,120224,9004,237366,67855,32647,35208
40330,249931,12532,120243,9004,237398,67861,32649,35212
40335,249962,12532,120256,9004,237430,67867,32650,35217
40340,249993,12532,120269,9004,237461,67873,32653,35220
40345,250024,12532,120287,9004,237492,67879,32657,35222
40350,250055,12532,120301,9004,237523,67885,32660,35225
40355,250086,12532,120321,9004,237554,67891,32664,35227
40360,250117,12532,120336,9004,237585,67897,32667,35230
40365,250148,12532,120352,9004,237616,67906,32671,35235
40370,250179,12532,120367,9004,237647,67915,32677,35238
40375,250210,12532,120380,9004,237678,67924,32680,35244
40380,250241,12534,120391,9005,237707,67933,32683,35250
40385,250272,12536,120405,9006,237736,67941,32689,35252
40390,250303,12537,120420,9006,237766,67949,32694,35255
40395,250334,12538,120436,9007,237796,67957,32699,35258
40400,250365,12539,120454,9007,237826,67965,32703,35262
40405,250396,12541,120470,9009,237855,67973,32705,35268
40410,250427,12543,120483,9010,237884,67981,32707,35274
40415,250458,12544,120495,9010,237914,67989,32711,35278
40420,250489,12546,120513,9011,237943,67997,32717,35280
40425,250520,12550,120532,9014,237969,68005,32722,35283
40430,250551,12553,120549,9016,237998,68014,32727,35287
40435,250582,12555,120560,9017,238026,68023,32731,35292
40440,250613,12558,120575,9019,238055,68032,32734,35298
40445,250644,12562,120592,9021,238081,68041,32739,35302
40450,250675,12568,120608,9026,238106,68050,32746,35304
40455,250706,12572,120621,9029,238134,68059,32749,35310
40460,250737,12575,120630,9030,238162,68068,32753,35315
40465,250768,12580,120649,9035,238186,68077,32759,35318
40470,250799,12583,120662,9037,238216,68086,32763,35323
40475,250830,12585,120675,9038,238243,68095,32765,35330
40480,250861,12585,120689,9038,238275,68104,32767,35337
40485,250892,12585,120702,9038,238307,68113,32772,35341
40490,250923,12585,120718,9038,238336,68123,32775,35348
40495,250954,12585,120737,9038,238368,68133,32782,35351
40500,250985,12585,120750,9038,238399,68143,32786,35357
40505,251016,12585,120763,9038,238430,68152,32790,35362
40510,251047,12585,120775,9038,238461,68161,32792,35369
40515,251078,12585,120786,9038,238492,68170,32795,35375
40520,251109,12585,120804,9038,238524,68179,32798,35381
40525,251140,12585,120823,9038,238555,68188,32802,35386
40530,251171,12585,120839,9038,238586,68197,32804,35393
40535,251202,12585,120848,9038,238617,68206,32807,35399
40540,251233,12585,120864,9038,238648,68215,32808,35407
40545,251264,12585,120880,9038,238679,68224,32813,35411
40550,251295,12585,120892,9038,238710,68233,32816,35417
40555,251326,12585,120910,9038,238741,68242,32822,35420
40560,251357,12585,120928,9038,238772,68251,32827,35424
40565,251388,12585,120945,9038,238802,68260,32833,35427
40570,251419,12585,120961,9038,238834,68269,32836,35433
40575,251450,12586,120980,9039,238864,68278,32842,35436
40580,251481,12588,120994,9040,238892,68287,32845,35442
40585,251512,12590,121008,9042,238922,68296,32847,35449
40590,251543,12592,121018,9044,238951,68305,32849,35456
40595,251574,12594,121032,9046,238979,68314,32853,35461
40600,251605,12599,121048,9050,239005,68323,32857,35466
40605,251636,12603,121058,9053,239033,68333,32860,35473
40610,251667,12606,121068,9054,239061,68343,32864,35479
40615,251698,12609,121081,9056,239089,68353,32869,35484
40620,251729,12612,121098,9058,239117,68363,32875,35488
40625,251760,12615,121117,9061,239144,68373,32882,35491
40630,251791,12619,121129,9064,239172,68383,32886,35497
40635,251822,12623,121146,9067,239198,68393,32890,35503
40640,251853,12626,121158,9068,239226,68403,32894,35509
40645,251884,12628,121175,9069,239256,68413,32900,35513
40650,251915,12629,121189,9070,239286,68423,32903,35520
40655,251946,12630,121206,9070,239316,68433,32910,35523
40660,251977,12632,121225,9072,239345,68443,32918,35525
40665,252008,12633,121244,9073,239375,68453,32923,35530
40670,252039,12635,121257,9075,239404,68463,32925,35538
40675,252070,12637,121272,9076,239433,68473,32927,35546
40680,252101,12639,121282,9078,239462,68483,32930,35553
40685,252132,12642,121298,9080,239490,68491,32935,35556
40690,252163,12645,121317,9082,239517,68499,32938,35561
40695,252194,12645,121334,9082,239549,68507,32940,35567
40700,252225,12645,121352,9082,239580,68515,32944,35571
40705,252256,12645,121366,9082,239610,68523,32949,35574
40710,252287,12645,121381,9082,239642,68531,32952,35579
40715,252318,12645,121391,9082,239673,68539,32955,35584
40720,252349,12645,121404,9082,239704,68547,32958,35589
40725,252380,12645,121416,9082,239735,68555,32961,35594
40730,252411,12645,121430,9082,239764,68563,32966,35597
40735,252442,12645,121441,9082,239797,68571,32966,35605
40740,252473,12645,121458,9082,239828,68579,32968,35611
40745,252504,12645,121469,9082,239858,68585,32972,35613
40750,252535,12647,121484,9083,239887,68591,32976,35615
40755,252566,12649,121501,9085,239916,68597,32980,35617
40760,252597,12651,121517,9087,239943,68603,32983,35620
40765,252628,12654,121534,9090,239971,68609,32986,35623
40770,252659,12657,121552,9092,240000,68615,32989,35626
40775,252690,12660,121566,9095,240028,68621,32992,35629
40780,252721,12663,121580,9098,240058,68627,32996,35631
40785,252752,12665,121597,9099,240086,68635,33002,35633
40790,252783,12666,121607,9099,240117,68643,33006,35637
40795,252814,12668,121621,9101,240144,68651,33010,35641
40800,252845,12672,121640,9105,240172,68659,33013,35646
40805,252876,12674,121659,9106,240202,68666,33019,35647
40810,252907,12675,121676,9106,240232,68673,33022,35651
40815,252938,12676,121691,9106,240262,68680,33026,35654
40820,252969,12678,121710,9107,240291,68687,33028,35659
40825,253000,12680,121727,9109,240320,68694,33031,35663
40830,253031,12681,121742,9110,240350,68701,33035,35666
40835,253062,12682,121753,9110,240380,68708,33037,35671
40840,253093,12683,121766,9111,240410,68715,33040,35675
40845,253124,12685,121782,9112,240439,68724,33044,35680
40850,253155,12686,121792,9113,240469,68733,33049,35684
40855,253186,12687,121802,9114,240499,68742,33053,35689
40860,253217,12688,121817,9114,240529,68751,33057,35694
40865,253248,12689,121829,9114,240559,68759,33061,35698
40870,253279,12691,121846,9116,240588,68767,33067,35700
40875,253310,12693,121862,9117,240617,68775,33069,35706
40880,253341,12695,121881,9119,240646,68783,33071,35712
40885,253372,12696,121892,9119,240676,68791,33079,35712
40890,253403,12697,121902,9120,240706,68799,33080,35719
40895,253434,12698,121917,9120,240736,68807,33085,35722
40900,253465,12700,121929,9122,240765,68815,33088,35727
40905,253496,12701,121941,9122,240795,68824,33094,35730
40910,253527,12706,121957,9126,240820,68833,33097,35736
40915,253558,12710,121971,9130,240846,68842,33102,35740
40920,253589,12717,121990,9136,240870,68851,33107,35744
40925,253620,12722,122004,9141,240896,68860,33112,35748
40930,253651,12724,122022,9142,240926,68869,33119,35750
40935,253682,12725,122033,9142,240956,68878,33123,35755
40940,253713,12726,122049,9143,240987,68887,33130,35757
40945,253744,12726,122063,9143,241017,68896,33135,35761
40950,253775,12726,122078,9143,241048,68905,33139,35766
40955,253806,12726,122096,9143,241080,68914,33145,35769
40960,253837,12726,122110,9143,241110,68923,33149,35774
40965,253868,12726,122127,9143,241141,68933,33155,35778
40970,253899,12726,122142,9143,241172,68943,33159,35784
40975,253930,12726,122157,9143,241203,68953,33163,35790
40980,253961,12726,122168,9143,241235,68963,33167,35796
40985,253992,12726,122180,9143,241266,68973,33170,35803
40990,254023,12726,122196,9143,241296,68983,33177,35806
40995,254054,12726,122212,9143,241327,68993,33183,35810
41000,254085,12726,122229,9143,241359,69003,33187,35816
41005,254116,12726,122246,9143,241389,69013,33192,35821
41010,254147,12726,122265,9143,241420,69023,33198,35825
41015,254178,12726,122280,9143,241452,69033,33205,35828
41020,254209,12726,122291,9143,241483,69043,33209,35834
41025,254240,12726,122306,9143,241514,69053,33213,35840
41030,254271,12727,122314,9144,241544,69063,33214,35849
41035,254302,12728,122325,9145,241574,69073,33216,35857
41040,254333,12729,122337,9146,241604,69083,33219,35864
41045,254364,12732,122352,9147,241632,69089,33223,35866
41050,254395,12735,122367,9149,241659,69095,33224,35871
41055,254426,12738,122378,9150,241687,69101,33227,35874
41060,254457,12742,122392,9152,241713,69107,33230,35877
41065,254488,12745,122410,9154,241741,69113,33235,35878
41070,254519,12747,122426,9154,241770,69119,33240,35879
41075,254550,12752,122443,9158,241796,69125,33243,35882
41080,254581,12758,122462,9162,241822,69131,33246,35885
41085,254612,12762,122474,9164,241849,69137,33250,35887
41090,254643,12767,122487,9168,241875,69143,33251,35892
41095,254674,12773,122502,9172,241900,69149,33253,35896
41100,254705,12775,122512,9173,241930,69155,33254,35901
41105,254736,12777,122529,9174,241958,69161,33256,35905
41110,254767,12779,122545,9175,241988,69167,33261,35906
41115,254798,12781,122556,9176,242017,69173,33264,35909
41120,254829,12781,122570,9176,242048,69179,33268,35911
41125,254860,12781,122582,9176,242079,69185,33271,35914
41130,254891,12781,122598,9176,242110,69191,33274,35917
41135,254922,12781,122618,9176,242141,69197,33279,35918
41140,254953,12781,122631,9176,242172,69203,33281,35922
41145,254984,12781,122646,9176,242203,69211,33286,35925
41150,255015,12781,122661,9176,242234,69221,33292,35929
41155,255046,12781,122676,9176,242265,69231,33297,35934
41160,255077,12781,122692,9176,242296,69241,33303,35938
41165,255108,12781,122707,9176,242327,69251,33306,35945
41170,255139,12781,122721,9176,242358,69261,33310,35951
41175,255170,12781,122739,9176,242389,69271,33316,35955
41180,255201,12781,122752,9176,242420,69281,33319,35962
41185,255232,12781,122764,9176,242451,69291,33321,35970
41190,255263,12781,122775,9176,242482,69301,33325,35976
41195,255294,12781,122793,9176,242513,69311,33331,35980
41200,255325,12781,122807,9176,242544,69321,33336,35985
41205,255356,12781,122824,9176,242573,69331,33340,35991
41210,255387,12782,122835,9176,242605,69341,33345,35996
41215,255418,12785,122849,9179,242632,69351,33351,36000
41220,255449,12788,122865,9182,242658,69361,33357,36004
41225,255480,12792,122874,9185,242688,69369,33360,36009
41230,255511,12794,122889,9186,242715,69377,33362,36015
41235,255542,12798,122905,9188,242742,69385,33365,36020
41240,255573,12802,122918,9190,242770,69393,33368,36025
41245,255604,12804,122935,9192,242798,69401,33372,36029
41250,255635,12807,122951,9194,242827,69409,33375,36034
41255,255666,12810,122967,9196,242856,69417,33380,36037
41260,255697,12811,122984,9197,242886,69425,33384,36041
41265,255728,12812,122996,9197,242916,69433,33387,36046
41270,255759,12813,123009,9198,242946,69441,33389,36052
41275,255790,12814,123022,9198,242976,69449,33392,36057
41280,255821,12816,123039,9200,243005,69457,33394,36063
41285,255852,12818,123054,9202,243033,69463,33397,36066
41290,255883,12819,123068,9202,243063,69469,33400,36069
41295,255914,12821,123084,9203,243092,69475,33405,36070
41300,255945,12824,123102,9205,243120,69481,33409,36072
41305,255976,12825,123122,9206,243150,69487,33413,36074
41310,256007,12826,123137,9207,243181,69493,33416,36077
41315,256038,12829,123150,9209,243209,69499,33420,36079
41320,256069,12832,123163,9211,243237,69505,33422,36083
41325,256100,12833,123174,9212,243266,69513,33424,36089
41330,256131,12837,123194,9216,243294,69521,33428,36093
41335,256162,12839,123212,9218,243323,69529,33432,36097
41340,256193,12839,123224,9218,243354,69537,33435,36102
41345,256224,12839,123234,9218,243385,69544,33441,36103
41350,256255,12839,123251,9218,243416,69551,33442,36109
41355,256286,12839,123271,9218,243446,69558,33447,36111
41360,256317,12839,123287,9218,243476,69565,33450,36115
41365,256348,12841,123299,9219,243505,69572,33452,36120
41370,256379,12843,123312,9221,243535,69579,33456,36123
41375,256410,12845,123332,9223,243564,69586,33460,36126
41380,256441,12847,123348,9224,243594,69593,33464,36129
41385,256472,12849,123366,9226,243622,69602,33469,36133
41390,256503,12851,123383,9227,243651,69611,33473,36138
41395,256534,12854,123398,9230,243679,69620,33474,36146
41400,256565,12856,123414,9231,243708,69629,33479,36150
41405,256596,12858,123427,9233,243738,69637,33485,36152
41410,256627,12859,123440,9234,243767,69645,33488,36157
41415,256658,12861,123449,9235,243796,69653,33492,36161
41420,256689,12864,123467,9238,243824,69661,33496,36165
41425,256720,12865,123482,9239,243855,69669,33502,36167
41430,256751,12865,123496,9239,243886,69677,33504,36173
41435,256782,12865,123511,9239,243916,69685,33506,36179
41440,256813,12865,123529,9239,243948,69693,33509,36184
41445,256844,12867,123541,9240,243976,69702,33514,36188
41450,256875,12869,123553,9241,244006,69711,33516,36195
41455,256906,12870,123562,9242,244036,69720,33521,36199
41460,256937,12871,123579,9243,244065,69729,33525,36204
41465,256968,12873,123593,9244,244095,69738,33531,36207
41470,256999,12874,123607,9244,244124,69747,33535,36212
41475,257030,12876,123621,9246,244153,69756,33539,36217
41480,257061,12879,123636,9249,244182,69765,33543,36222
41485,257092,12882,123654,9252,244209,69774,33546,36228
41490,257123,12884,123667,9254,244238,69783,33550,36233
41495,257154,12887,123680,9257,244265,69792,33552,36240
41500,257185,12889,123693,9259,244295,69801,33556,36245
41505,257216,12889,123711,9259,244326,69811,33561,36250
41510,257247,12889,123724,9259,244357,69821,33566,36255
41515,257278,12889,123741,9259,244389,69831,33570,36261
41520,257309,12889,123755,9259,244419,69841,33575,36266
41525,257340,12889,123766,9259,244451,69851,33578,36273
41530,257371,12890,123778,9259,244481,69861,33580,36281
41535,257402,12891,123789,9259,244511,69871,33583,36288
41540,257433,12892,123810,9260,244539,69881,33591,36290
41545,257464,12893,123824,9261,244571,69891,33595,36296
41550,257495,12894,123840,9262,244600,69901,33599,36302
41555,257526,12895,123857,9262,244631,69911,33604,36307
41560,257557,12896,123873,9262,244660,69921,33607,36314
41565,257588,12897,123889,9263,244689,69931,33612,36319
41570,257619,12899,123905,9264,244719,69941,33616,36325
41575,257650,12901,123917,9265,244748,69951,33620,36331
41580,257681,12903,123934,9267,244777,69961,33625,36336
41585,257712,12905,123951,9269,244805,69970,33629,36341
41590,257743,12908,123966,9271,244834,69979,33632,36347
41595,257774,12911,123985,9273,244862,69988,33639,36349
41600,257805,12913,123997,9274,244891,69997,33644,36353
41605,257836,12917,124014,9278,244917,70006,33649,36357
41610,257867,12922,124022,9282,244945,70015,33651,36364
41615,257898,12925,124037,9284,244972,70024,33654,36370
41620,257929,12930,124048,9287,244999,70033,33657,36376
41625,257960,12931,124057,9287,245029,70042,33662,36380
41630,257991,12932,124068,9288,245059,70051,33666,36385
41635,258022,12933,124087,9288,245089,70060,33672,36388
41640,258053,12936,124103,9291,245117,70069,33677,36392
41645,258084,12938,124117,9293,245146,70078,33679,36399
41650,258115,12939,124128,9294,245175,70087,33681,36406
41655,258146,12942,124146,9296,245203,70096,33684,36412
41660,258177,12948,124162,9301,245229,70105,33688,36417
41665,258208,12948,124180,9301,245259,70114,33692,36422
41670,258239,12948,124197,9301,245290,70123,33697,36426
41675,258270,12948,124209,9301,245321,70132,33701,36431
41680,258301,12948,124222,9301,245353,70141,33705,36436
41685,258332,12948,124234,9301,245383,70151,33709,36442
41690,258363,12948,124245,9301,245415,70161,33710,36451
41695,258394,12948,124263,9301,245445,70171,33714,36457
41700,258425,12948,124275,9301,245477,70181,33717,36464
41705,258456,12948,124294,9301,245508,70190,33721,36469
41710,258487,12948,124306,9301,245538,70199,33721,36478
41715,258518,12948,124323,9301,245570,70208,33725,36483
41720,258549,12948,124341,9301,245601,70217,33730,36487
41725,258580,12948,124362,9301,245632,70226,33737,36489
41730,258611,12949,124377,9302,245660,70235,33740,36495
41735,258642,12951,124391,9304,245691,70244,33744,36500
41740,258673,12952,124404,9305,245721,70253,33748,36505
41745,258704,12953,124418,9305,245749,70262,33752,36510
41750,258735,12955,124434,9307,245779,70271,33757,36514
41755,258766,12956,124450,9307,245809,70280,33764,36516
41760,258797,12957,124466,9308,245838,70289,33771,36518
41765,258828,12960,124478,9311,245867,70293,33772,36521
41770,258859,12961,124490,9312,245896,70297,33774,36523
41775,258890,12965,124513,9315,245925,70301,33777,36524
41780,258921,12968,124530,9318,245953,70305,33779,36526
41785,258952,12970,124544,9320,245981,70309,33780,36529
41790,258983,12974,124559,9324,246008,70313,33781,36532
41795,259014,12980,124579,9328,246033,70317,33784,36533
41800,259045,12983,124589,9329,246060,70321,33786,36535
41805,259076,12988,124602,9334,246087,70325,33788,36537
41810,259107,12993,124622,9338,246113,70330,33791,36539
41815,259138,12995,124637,9340,246143,70335,33794,36541
41820,259169,12998,124651,9342,246171,70340,33796,36544
41825,259200,13000,124664,9343,246199,70345,33798,36547
41830,259231,13003,124679,9346,246228,70350,33803,36547
41835,259262,13005,124695,9347,246257,70355,33804,36551
41840,259293,13005,124713,9347,246287,70360,33808,36552
41845,259324,13005,124729,9347,246319,70365,33812,36553
41850,259355,13005,124745,9347,246349,70370,33813,36557
41855,259386,13005,124756,9347,246380,70375,33815,36560
41860,259417,13005,124774,9347,246412,70380,33818,36562
41865,259448,13005,124790,9347,246443,70389,33820,36569
41870,259479,13005,124805,9347,246473,70399,33824,36575
41875,259510,13005,124822,9347,246505,70409,33829,36580
41880,259541,13005,124839,9347,246534,70419,33832,36587
41885,259572,13005,124851,9347,246566,70428,33834,36594
41890,259603,13005,124869,9347,246596,70437,33839,36598
41895,259634,13005,124886,9347,246628,70446,33844,36602
41900,259665,13005,124905,9347,246659,70455,33850,36605
41905,259696,13005,124921,9347,246691,70464,33854,36610
41910,259727,13005,124934,9347,246722,70473,33857,36616
41915,259758,13005,124949,9347,246753,70482,33860,36622
41920,259789,13007,124964,9348,246782,70491,33864,36627
41925,259820,13008,124977,9348,246811,70500,33870,36630
41930,259851,13010,124989,9349,246841,70509,33872,36637
41935,259882,13012,125008,9351,246868,70518,33878,36640
41940,259913,13016,125022,9355,246894,70527,33879,36648
41945,259944,13021,125033,9358,246922,70534,33881,36653
41950,259975,13025,125047,9362,246949,70541,33884,36657
41955,260006,13029,125065,9366,246975,70548,33889,36659
41960,260037,13031,125080,9368,247005,70555,33891,36664
41965,260068,13034,125097,9371,247034,70562,33895,36667
41970,260099,13035,125111,9371,247063,70569,33898,36671
41975,260130,13036,125129,9372,247093,70576,33904,36672
41980,260161,13039,125146,9374,247121,70583,33908,36675
41985,260192,13042,125162,9377,247150,70591,33912,36679
41990,260223,13044,125177,9379,247179,70599,33916,36683
41995,260254,13047,125194,9381,247206,70607,33919,36688
42000,260285,13050,125210,9384,247235,70615,33922,36693
42005,260316,13052,125223,9385,247263,70623,33925,36698
42010,260347,13052,125240,9385,247294,70631,33930,36701
42015,260378,13052,125260,9385,247325,70639,33937,36702
42020,260409,13052,125278,9385,247357,70647,33942,36705
42025,260440,13052,125296,9385,247387,70655,33946,36709
42030,260471,13052,125311,9385,247419,70663,33951,36712
42035,260502,13052,125325,9385,247449,70671,33955,36716
42040,260533,13052,125342,9385,247480,70679,33957,36722
42045,260564,13052,125357,9385,247511,70689,33960,36729
42050,260595,13052,125369,9385,247543,70699,33963,36736
42055,260626,13052,125386,9385,247572,70709,33968,36741
42060,260657,13052,125399,9385,247605,70719,33973,36746
42065,260688,13053,125415,9386,247635,70729,33978,36751
42070,260719,13054,125433,9387,247665,70739,33983,36756
42075,260750,13055,125450,9388,247694,70749,33989,36760
42080,260781,13056,125467,9389,247725,70759,33993,36766
42085,260812,13057,125482,9389,247755,70769,33998,36771
42090,260843,13058,125501,9390,247785,70779,34003,36776
42095,260874,13059,125517,9391,247815,70789,34008,36781
42100,260905,13060,125529,9392,247845,70799,34013,36786
42105,260936,13061,125544,9392,247874,70809,34018,36791
42110,260967,13064,125561,9394,247902,70819,34024,36795
42115,260998,13067,125574,9396,247931,70829,34027,36802
42120,261029,13071,125589,9398,247956,70839,34032,36807
42125,261060,13075,125606,9401,247983,70848,34036,36812
42130,261091,13081,125622,9406,248009,70857,34039,36818
42135,261122,13085,125637,9408,248036,70866,34046,36820
42140,261153,13087,125653,9410,248066,70875,34050,36825
42145,261184,13088,125671,9411,248096,70884,34058,36826
42150,261215,13090,125689,9413,248125,70893,34062,36831
42155,261246,13092,125703,9414,248154,70902,34065,36837
42160,261277,13094,125715,9416,248183,70911,34068,36843
42165,261308,13096,125731,9417,248212,70920,34074,36846
42170,261339,13100,125743,9420,248239,70929,34077,36852
42175,261370,13101,125755,9420,248269,70938,34080,36858
42180,261401,13104,125774,9423,248296,70947,34085,36862
42185,261432,13104,125787,9423,248328,70956,34091,36865
42190,261463,13104,125802,9423,248359,70965,34096,36869
42195,261494,13104,125817,9423,248390,70974,34100,36874
42200,261525,13104,125834,9423,248421,70983,34105,36878
42205,261556,13104,125849,9423,248451,70992,34110,36882
42210,261587,13104,125864,9423,248483,71001,34115,36886
42215,261618,13104,125879,9423,248513,71010,34119,36891
42220,261649,13104,125895,9423,248545,71019,34126,36893
42225,261680,13104,125911,9423,248575,71029,34133,36896
42230,261711,13104,125928,9423,248606,71039,34138,36901
42235,261742,13104,125941,9423,248637,71049,34144,36905
42240,261773,13104,125956,9423,248663,71059,34150,36909
42245,261804,13107,125978,9425,248692,71069,34157,36912
42250,261835,13109,125999,9426,248723,71079,34163,36916
42255,261866,13111,126018,9427,248752,71089,34169,36920
42260,261897,13112,126034,9428,248784,71099,34176,36923
42265,261928,13113,126052,9429,248814,71109,34181,36928
42270,261959,13115,126069,9430,248842,71119,34186,36933
42275,261990,13117,126087,9432,248871,71129,34192,36937
42280,262021,13119,126102,9433,248902,71139,34198,36941
42285,262052,13120,126118,9433,248930,71149,34205,36944
42290,262083,13123,126133,9434,248959,71159,34210,36949
42295,262114,13127,126151,9437,248986,71169,34215,36954
42300,262145,13131,126165,9440,249014,71179,34219,36960
42305,262176,13133,126177,9440,249042,71186,34219,36967
42310,262207,13139,126189,9445,249068,71193,34221,36972
42315,262238,13141,126205,9447,249097,71200,34225,36975
42320,262269,13142,126222,9448,249127,71207,34229,36978
42325,262300,13144,126239,9450,249156,71214,34234,36980
42330,262331,13146,126251,9452,249185,71221,34235,36986
42335,262362,13150,126273,9456,249212,71228,34238,36990
42340,262393,13152,126287,9458,249241,71235,34241,36994
42345,262424,13155,126300,9461,249269,71242,34246,36996
42350,262455,13157,126313,9463,249298,71249,34249,37000
42355,262486,13157,126331,9463,249329,71256,34252,37004
42360,262517,13157,126348,9463,249360,71263,34258,37005
42365,262548,13157,126361,9463,249389,71269,34262,37007
42370,262579,13157,126378,9463,249420,71275,34266,37009
42375,262610,13157,126397,9463,249451,71281,34270,37011
42380,262641,13157,126414,9463,249481,71287,34270,37017
42385,262672,13157,126435,9463,249513,71293,34275,37018
42390,262703,13157,126450,9463,249546,71299,34277,37022
42395,262734,13157,126465,9463,249577,71305,34279,37026
42400,262765,13157,126484,9463,249607,71311,34283,37028
42405,262796,13157,126499,9463,249638,71320,34286,37034
42410,262827,13157,126515,9463,249670,71329,34290,37039
42415,262858,13157,126531,9463,249701,71338,34293,37045
42420,262889,13158,126546,9464,249729,71347,34298,37049
42425,262920,13160,126555,9465,249760,71356,34303,37053
42430,262951,13162,126575,9467,249786,71365,34308,37057
42435,262982,13166,126589,9470,249815,71374,34312,37062
42440,263013,13169,126603,9472,249843,71383,34317,37066
42445,263044,13171,126621,9474,249871,71392,34323,37069
42450,263075,13173,126635,9475,249900,71401,34328,37073
42455,263106,13175,126654,9477,249930,71410,34333,37077
42460,263137,13178,126674,9480,249958,71419,34341,37078
42465,263168,13181,126689,9483,249987,71428,34347,37081
42470,263199,13183,126704,9484,250015,71438,34355,37083
42475,263230,13185,126719,9486,250044,71448,34359,37089
42480,263261,13187,126731,9487,250074,71458,34364,37094
42485,263292,13188,126747,9488,250104,71465,34369,37096
42490,263323,13189,126764,9488,250134,71472,34374,37098
42495,263354,13190,126783,9488,250162,71479,34380,37099
42500,263385,13191,126796,9489,250193,71486,34383,37103
42505,263416,13192,126812,9490,250222,71493,34388,37105
42510,263447,13193,126830,9491,250253,71500,34392,37108
42515,263478,13194,126846,9491,250284,71507,34397,37110
42520,263509,13195,126865,9492,250310,71514,34401,37113
42525,263540,13197,126887,9493,250341,71521,34406,37115
42530,263571,13199,126903,9494,250370,71528,34411,37117
42535,263602,13201,126914,9495,250400,71535,34414,37121
42540,263633,13204,126929,9497,250428,71542,34417,37125
42545,263664,13208,126942,9501,250456,71547,34419,37128
42550,263695,13212,126957,9505,250483,71552,34421,37131
42555,263726,13212,126971,9505,250514,71557,34422,37135
42560,263757,13212,126984,9505,250545,71562,34425,37137
42565,263788,13212,126998,9505,250576,71567,34428,37139
42570,263819,13212,127005,9505,250607,71572,34428,37144
42575,263850,13212,127020,9505,250638,71577,34430,37147
42580,263881,13213,127033,9506,250667,71582,34432,37150
42585,263912,13216,127046,9508,250695,71589,34435,37154
42590,263943,13218,127053,9509,250725,71597,34436,37161
42595,263974,13219,127066,9510,250755,71605,34438,37167
42600,264005,13220,127083,9510,250785,71613,34441,37172
42605,264036,13222,127096,9511,250814,71621,34445,37176
42610,264067,13224,127109,9512,250843,71629,34446,37183
42615,264098,13226,127127,9513,250871,71637,34452,37185
42620,264129,13229,127144,9515,250900,71645,34460,37185
42625,264160,13231,127157,9516,250928,71653,34463,37190
42630,264191,13234,127179,9519,250956,71661,34469,37192
42635,264222,13235,127193,9520,250987,71669,34472,37197
42640,264253,13235,127209,9520,251018,71677,34476,37201
42645,264284,13235,127227,9520,251048,71687,34485,37202
42650,264315,13235,127248,9520,251079,71697,34492,37205
42655,264346,13235,127261,9520,251110,71707,34495,37212
42660,264377,13237,127277,9522,251139,71717,34500,37217
42665,264408,13238,127289,9522,251170,71726,34506,37220
42670,264439,13240,127306,9524,251199,71735,34512,37223
42675,264470,13241,127315,9524,251229,71744,34514,37230
42680,264501,13243,127332,9526,251258,71753,34518,37235
42685,264532,13245,127346,9528,251287,71762,34523,37239
42690,264563,13249,127360,9532,251314,71771,34527,37244
42695,264594,13253,127377,9536,251341,71780,34531,37249
42700,264625,13256,127392,9538,251369,71789,34534,37255
42705,264656,13258,127411,9540,251397,71798,34539,37259
42710,264687,13258,127426,9540,251429,71807,34542,37265
42715,264718,13258,127440,9540,251460,71816,34547,37269
42720,264749,13258,127457,9540,251490,71825,34552,37273
42725,264780,13258,127471,9540,251522,71834,34557,37277
42730,264811,13258,127488,9540,251553,71843,34560,37283
42735,264842,13258,127500,9540,251584,71852,34563,37289
42740,264873,13259,127514,9541,251613,71861,34564,37297
42745,264904,13261,127529,9542,251641,71870,34566,37304
42750,264935,13263,127544,9543,251671,71879,34571,37308
42755,264966,13265,127554,9544,251701,71888,34575,37313
42760,264997,13266,127568,9544,251730,71897,34578,37319
42765,265028,13267,127577,9545,251759,71907,34580,37327
42770,265059,13269,127588,9547,251787,71917,34582,37335
42775,265090,13271,127601,9548,251817,71927,34583,37344
42780,265121,13273,127617,9549,251846,71937,34588,37349
42785,265152,13277,127639,9552,251872,71946,34594,37352
42790,265183,13281,127656,9556,251900,71955,34600,37355
42795,265214,13284,127669,9559,251930,71964,34603,37361
42800,265245,13284,127685,9559,251961,71973,34607,37366
42805,265276,13284,127695,9559,251992,71982,34609,37373
42810,265307,13284,127712,9559,252023,71991,34615,37376
42815,265338,13285,127725,9560,252053,72000,34619,37381
42820,265369,13287,127742,9562,252082,72009,34623,37386
42825,265400,13288,127755,9563,252112,72018,34626,37392
42830,265431,13289,127766,9563,252142,72027,34630,37397
42835,265462,13290,127782,9564,252172,72036,34636,37400
42840,265493,13293,127797,9566,252200,72045,34641,37404
42845,265524,13294,127810,9566,252230,72052,34644,37408
42850,265555,13297,127824,9569,252258,72059,34649,37410
42855,265586,13300,127838,9572,252286,72066,34652,37414
42860,265617,13301,127851,9572,252316,72073,34656,37417
42865,265648,13305,127868,9576,252342,72080,34660,37420
42870,265679,13309,127888,9580,252370,72087,34664,37423
42875,265710,13309,127901,9580,252401,72094,34665,37429
42880,265741,13309,127913,9580,252432,72101,34668,37433
42885,265772,13309,127935,9580,252463,72109,34672,37437
42890,265803,13309,127949,9580,252493,72117,34676,37441
42895,265834,13309,127966,9580,252524,72125,34681,37444
42900,265865,13309,127981,9580,252556,72133,34687,37446
42905,265896,13310,128001,9581,252584,72141,34691,37450
42910,265927,13311,128016,9582,252616,72149,34694,37455
42915,265958,13312,128030,9582,252644,72157,34697,37460
42920,265989,13314,128049,9584,252673,72165,34703,37462
42925,266020,13316,128067,9585,252703,72173,34707,37466
42930,266051,13318,128084,9587,252731,72181,34710,37471
42935,266082,13320,128103,9588,252761,72189,34715,37474
42940,266113,13322,128114,9590,252791,72197,34717,37480
42945,266144,13323,128129,9590,252820,72207,34723,37484
42950,266175,13324,128144,9590,252850,72217,34726,37491
42955,266206,13325,128156,9591,252880,72227,34728,37499
42960,266237,13326,128170,9591,252910,72237,34731,37506
42965,266268,13328,128188,9592,252938,72246,34738,37508
42970,266299,13331,128196,9594,252968,72255,34740,37515
42975,266330,13333,128209,9596,252995,72264,34743,37521
42980,266361,13336,128224,9597,253024,72273,34748,37525
42985,266392,13340,128247,9601,253052,72282,34754,37528
42990,266423,13341,128266,9601,253082,72291,34762,37529
42995,266454,13342,128281,9601,253112,72300,34766,37534
43000,266485,13343,128298,9602,253142,72309,34772,37537
43005,266516,13344,128315,9603,253172,72318,34777,37541
43010,266547,13345,128330,9604,253202,72327,34781,37546
43015,266578,13346,128338,9604,253232,72336,34784,37552
43020,266609,13347,128354,9604,253261,72345,34788,37557
43025,266640,13348,128370,9605,253292,72352,34792,37560
43030,266671,13350,128386,9606,253320,72359,34797,37562
43035,266702,13352,128403,9608,253350,72366,34798,37568
43040,266733,13354,128415,9609,253378,72373,34800,37573
43045,266764,13355,128431,9609,253406,72380,34803,37577
43050,266795,13356,128450,9609,253436,72387,34806,37581
43055,266826,13358,128464,9610,253468,72394,34808,37586
43060,266857,13359,128479,9611,253497,72401,34811,37590
43065,266888,13361,128495,9612,253526,72409,34815,37594
43070,266919,13362,128508,9613,253557,72417,34818,37599
43075,266950,13364,128524,9614,253586,72425,34822,37603
43080,266981,13366,128541,9616,253615,72433,34827,37606
43085,267012,13370,128556,9619,253642,72441,34832,37609
43090,267043,13372,128574,9620,253671,72449,34838,37611
43095,267074,13373,128590,9621,253701,72457,34840,37617
43100,267105,13374,128611,9622,253731,72465,34845,37620
43105,267136,13375,128625,9623,253761,72473,34849,37624
43110,267167,13376,128640,9623,253791,72481,34854,37627
43115,267198,13377,128655,9623,253821,72489,34858,37631
43120,267229,13378,128669,9623,253851,72497,34861,37636
43125,267260,13379,128685,9624,253881,72506,34864,37642
43130,267291,13380,128698,9624,253911,72516,34868,37648
43135,267322,13381,128710,9624,253941,72526,34871,37655
43140,267353,13382,128726,9624,253971,72536,34876,37660
43145,267384,13383,128738,9625,254001,72545,34880,37665
43150,267415,13384,128753,9625,254031,72554,34883,37671
43155,267446,13386,128767,9626,254060,72563,34888,37675
43160,267477,13388,128782,9628,254089,72572,34890,37682
43165,267508,13389,128795,9628,254119,72581,34895,37686
43170,267539,13390,128808,9628,254149,72590,34899,37691
43175,267570,13392,128818,9629,254177,72599,34904,37695
43180,267601,13395,128832,9631,254205,72608,34909,37699
43185,267632,13397,128847,9632,254233,72617,34913,37704
43190,267663,13400,128861,9635,254261,72626,34916,37710
43195,267694,13406,128879,9640,254286,72635,34920,37715
43200,267725,13407,128896,9641,254317,72644,34924,37720
43205,267756,13408,128915,9642,254347,72651,34927,37724
43210,267787,13410,128934,9644,254376,72658,34930,37728
43215,267818,13412,128948,9646,254405,72665,34931,37734
43220,267849,13414,128968,9647,254433,72672,34935,37737
43225,267880,13416,128983,9649,254463,72679,34938,37741
43230,267911,13417,128995,9649,254494,72686,34943,37743
43235,267942,13418,129010,9650,254523,72693,34945,37748
43240,267973,13423,129025,9654,254550,72700,34950,37750
43245,268004,13425,129039,9656,254579,72708,34954,37754
43250,268035,13430,129057,9660,254604,72716,34958,37758
43255,268066,13430,129070,9660,254636,72724,34961,37763
43260,268097,13430,129084,9660,254666,72732,34965,37767
43265,268128,13430,129101,9660,254698,72739,34969,37770
43270,268159,13430,129121,9660,254729,72746,34976,37770
43275,268190,13430,129134,9660,254760,72753,34977,37776
43280,268221,13430,129148,9660,254791,72760,34980,37780
43285,268252,13430,129165,9660,254821,72767,34984,37783
43290,268283,13430,129182,9660,254851,72774,34987,37787
43295,268314,13430,129199,9660,254883,72781,34992,37789
43300,268345,13430,129212,9660,254914,72788,34995,37793
43305,268376,13432,129227,9662,254943,72796,34998,37798
43310,268407,13434,129241,9664,254972,72805,35000,37805
43315,268438,13436,129255,9665,255002,72814,35006,37808
43320,268469,13437,129266,9665,255030,72823,35009,37814
43325,268500,13439,129283,9666,255060,72831,35013,37818
43330,268531,13441,129295,9667,255089,72839,35017,37822
43335,268562,13443,129307,9668,255118,72847,35020,37827
43340,268593,13447,129323,9672,255145,72855,35023,37832
43345,268624,13451,129342,9675,255173,72863,35027,37836
43350,268655,13453,129359,9677,255201,72871,35031,37840
43355,268686,13455,129372,9678,255230,72879,35034,37845
43360,268717,13456,129390,9679,255260,72887,35040,37847
43365,268748,13458,129408,9681,255290,72896,35047,37849
43370,268779,13459,129425,9682,255318,72905,35051,37854
43375,268810,13461,129437,9684,255349,72914,35055,37859
43380,268841,13463,129449,9685,255377,72923,35057,37866
43385,268872,13464,129467,9686,255407,72930,35062,37868
43390,268903,13466,129483,9687,255437,72937,35065,37872
43395,268934,13467,129499,9688,255466,72944,35069,37875
43400,268965,13470,129515,9691,255495,72951,35072,37879
43405,268996,13474,129533,9695,255522,72958,35075,37883
43410,269027,13478,129551,9699,255549,72965,35080,37885
43415,269058,13480,129562,9700,255578,72972,35082,37890
43420,269089,13480,129578,9700,255608,72979,35086,37893
43425,269120,13480,129595,9700,255639,72987,35090,37897
43430,269151,13480,129612,9700,255669,72995,35096,37899
43435,269182,13480,129624,9700,255701,73003,35099,37904
43440,269213,13480,129638,9700,255732,73011,35102,37909
43445,269244,13480,129650,9700,255764,73019,35104,37915
43450,269275,13480,129662,9700,255795,73027,35106,37921
43455,269306,13480,129682,9700,255826,73035,35111,37924
43460,269337,13480,129694,9700,255857,73043,35115,37928
43465,269368,13481,129709,9700,255886,73051,35121,37930
43470,269399,13483,129722,9701,255915,73059,35127,37932
43475,269430,13485,129736,9703,255944,73067,35131,37936
43480,269461,13487,129751,9704,255973,73075,35136,37939
43485,269492,13489,129765,9705,256002,73085,35143,37942
43490,269523,13491,129780,9707,256032,73095,35148,37947
43495,269554,13492,129793,9708,256061,73105,35150,37955
43500,269585,13495,129806,9710,256090,73115,35155,37960
43505,269616,13497,129823,9711,256118,73124,35161,37963
43510,269647,13499,129835,9713,256147,73133,35165,37968
43515,269678,13501,129849,9714,256177,73142,35168,37974
43520,269709,13502,129866,9715,256206,73151,35172,37979
43525,269740,13507,129879,9719,256233,73160,35174,37986
43530,269771,13511,129898,9723,256260,73169,35178,37991
43535,269802,13512,129910,9724,256290,73178,35182,37996
43540,269833,13513,129922,9724,256320,73187,35189,37998
43545,269864,13514,129934,9724,256350,73196,35191,38005
43550,269895,13516,129951,9726,256378,73205,35197,38008
43555,269926,13517,129964,9727,256409,73214,35199,38015
43560,269957,13519,129979,9728,256436,73223,35200,38023
43565,269988,13520,129995,9728,256467,73231,35203,38028
43570,270019,13521,130010,9728,256497,73239,35207,38032
43575,270050,13522,130017,9729,256528,73247,35208,38039
43580,270081,13523,130031,9729,256556,73255,35209,38046
43585,270112,13524,130047,9730,256588,73263,35212,38051
43590,270143,13525,130067,9731,256618,73271,35218,38053
43595,270174,13526,130082,9731,256648,73279,35222,38057
43600,270205,13527,130098,9732,256678,73287,35226,38061
43605,270236,13529,130113,9733,256707,73296,35231,38065
43610,270267,13530,130128,9734,256736,73305,35235,38070
43615,270298,13531,130140,9734,256767,73314,35236,38078
43620,270329,13533,130155,9736,256796,73323,35239,38084
43625,270360,13534,130167,9737,256826,73332,35240,38092
43630,270391,13536,130181,9739,256855,73341,35243,38098
43635,270422,13538,130192,9740,256884,73350,35247,38103
43640,270453,13542,130207,9743,256910,73359,35251,38108
43645,270484,13545,130221,9745,256939,73368,35255,38113
43650,270515,13549,130232,9747,256965,73377,35259,38118
43655,270546,13555,130245,9752,256991,73386,35263,38123
43660,270577,13557,130264,9754,257020,73395,35269,38126
43665,270608,13559,130278,9755,257048,73405,35273,38132
43670,270639,13561,130292,9757,257077,73415,35278,38137
43675,270670,13564,130303,9760,257105,73425,35280,38145
43680,270701,13567,130314,9762,257134,73435,35283,38152
43685,270732,13568,130324,9762,257164,73444,35286,38158
43690,270763,13570,130340,9764,257193,73453,35290,38163
43695,270794,13571,130348,9764,257223,73462,35293,38169
43700,270825,13573,130362,9765,257252,73471,35295,38176
43705,270856,13573,130377,9765,257283,73480,35298,38182
43710,270887,13573,130391,9765,257314,73489,35303,38186
43715,270918,13573,130407,9765,257345,73498,35307,38191
43720,270949,13573,130422,9765,257376,73507,35310,38197
43725,270980,13573,130435,9765,257406,73516,35315,38201
43730,271011,13573,130447,9765,257436,73525,35319,38206
43735,271042,13573,130465,9765,257464,73534,35323,38211
43740,271073,13573,130482,9765,257496,73543,35328,38215
43745,271104,13573,130493,9765,257530,73550,35333,38217
43750,271135,13573,130510,9765,257560,73557,35336,38221
43755,271166,13573,130523,9765,257592,73564,35338,38226
43760,271197,13573,130538,9765,257624,73571,35341,38230
43765,271228,13574,130558,9766,257654,73578,35344,38234
43770,271259,13575,130574,9766,257684,73585,35348,38237
43775,271290,13577,130593,9768,257713,73592,35352,38240
43780,271321,13579,130607,9769,257742,73599,35355,38244
43785,271352,13580,130620,9769,257772,73606,35359,38247
43790,271383,13581,130632,9769,257802,73614,35360,38254
43795,271414,13582,130647,9769,257832,73622,35364,38258
43800,271445,13583,130663,9769,257862,73630,35369,38261
43805,271476,13585,130677,9770,257891,73638,35372,38266
43810,271507,13589,130691,9773,257917,73646,35373,38273
43815,271538,13594,130703,9777,257943,73654,35377,38277
43820,271569,13600,130720,9782,257968,73662,35381,38281
43825,271600,13606,130736,9788,257994,73670,35385,38285
43830,271631,13608,130754,9790,258021,73678,35389,38289
43835,271662,13612,130771,9793,258049,73686,35394,38292
43840,271693,13615,130788,9796,258076,73694,35394,38300
43845,271724,13619,130805,9800,258104,73704,35400,38304
43850,271755,13622,130820,9803,258132,73714,35406,38308
43855,271786,13623,130837,9804,258162,73724,35411,38313
43860,271817,13623,130851,9804,258192,73734,35415,38319
43865,271848,13623,130864,9804,258219,73743,35417,38326
43870,271879,13623,130876,9804,258254,73752,35421,38331
43875,271910,13623,130894,9804,258283,73761,35426,38335
43880,271941,13623,130909,9804,258314,73770,35429,38341
43885,271972,13623,130924,9804,258348,73779,35434,38345
43890,272003,13623,130936,9804,258380,73788,35439,38349
43895,272034,13623,130950,9804,258411,73797,35443,38354
43900,272065,13623,130963,9804,258441,73806,35446,38360
43905,272096,13623,130973,9804,258472,73815,35449,38366
43910,272127,13623,130985,9804,258504,73824,35453,38371
43915,272158,13623,130999,9804,258535,73833,35458,38375
43920,272189,13623,131013,9804,258566,73842,35461,38381
43925,272220,13623,131026,9804,258596,73848,35462,38386
43930,272251,13623,131040,9804,258627,73854,35464,38390
43935,272282,13625,131055,9805,258657,73860,35467,38393
43940,272313,13626,131074,9806,258687,73866,35471,38395
43945,272344,13628,131088,9808,258716,73872,35475,38397
43950,272375,13630,131105,9809,258745,73878,35478,38400
43955,272406,13632,131119,9811,258774,73884,35479,38405
43960,272437,13635,131133,9813,258801,73890,35482,38408
43965,272468,13639,131147,9816,258828,73897,35487,38410
43970,272499,13643,131162,9820,258855,73904,35489,38415
43975,272530,13646,131176,9822,258883,73911,35492,38419
43980,272561,13650,131191,9825,258910,73918,35494,38424
43985,272592,13655,131208,9829,258936,73925,35499,38426
43990,272623,13659,131221,9831,258963,73932,35501,38431
43995,272654,13666,131239,9838,258987,73939,35505,38434
44000,272685,13671,131255,9842,259014,73946,35510,38436
44005,272716,13673,131268,9843,259043,73953,35513,38440
44010,272747,13673,131285,9843,259074,73960,35518,38442
44015,272778,13673,131300,9843,259103,73967,35523,38444
44020,272809,13673,131308,9843,259134,73974,35524,38450
44025,272840,13673,131324,9843,259165,73983,35528,38455
44030,272871,13673,131334,9843,259197,73993,35533,38460
44035,272902,13673,131353,9843,259228,74003,35539,38464
44040,272933,13673,131365,9843,259257,74013,35543,38470
44045,272964,13673,131375,9843,259289,74021,35545,38476
44050,272995,13673,131393,9843,259322,74029,35550,38479
44055,273026,13673,131410,9843,259353,74037,35554,38483
44060,273057,13673,131427,9843,259383,74045,35558,38487
44065,273088,13673,131445,9843,259414,74053,35564,38489
44070,273119,13673,131460,9843,259446,74061,35568,38493
44075,273150,13673,131475,9843,259477,74069,35576,38493
44080,273181,13673,131493,9843,259507,74077,35578,38499
44085,273212,13673,131513,9843,259539,74085,35583,38502
44090,273243,13673,131527,9843,259570,74093,35587,38506
44095,273274,13673,131539,9843,259600,74101,35592,38509
44100,273305,13673,131560,9843,259631,74109,35599,38510
44105,273336,13673,131572,9843,259663,74117,35601,38516
44110,273367,13674,131586,9843,259693,74125,35604,38521
44115,273398,13676,131603,9844,259721,74133,35609,38524
44120,273429,13681,131617,9848,259748,74141,35612,38529
44125,273460,13684,131627,9849,259776,74149,35613,38536
44130,273491,13687,131643,9852,259803,74157,35618,38539
44135,273522,13691,131661,9856,259830,74165,35623,38542
44140,273553,13695,131681,9860,259858,74173,35630,38543
44145,273584,13698,131698,9863,259885,74183,35636,38547
44150,273615,13704,131715,9867,259909,74193,35642,38551
44155,273646,13711,131732,9873,259933,74203,35648,38555
44160,273677,13712,131748,9873,259961,74213,35652,38561
44165,273708,13713,131766,9873,259993,74222,35656,38566
44170,273739,13714,131785,9874,260023,74231,35661,38570
44175,273770,13716,131803,9876,260054,74240,35667,38573
44180,273801,13717,131817,9877,260084,74249,35671,38578
44185,273832,13719,131830,9878,260113,74258,35675,38583
44190,273863,13721,131848,9879,260141,74267,35681,38586
44195,273894,13722,131861,9880,260172,74276,35683,38593
44200,273925,13724,131873,9881,260201,74285,35689,38596
44205,273956,13728,131892,9885,260227,74294,35693,38601
44210,273987,13730,131913,9887,260256,74303,35700,38603
44215,274018,13730,131930,9887,260288,74312,35704,38608
44220,274049,13730,131945,9887,260318,74321,35708,38613
44225,274080,13730,131963,9887,260350,74329,35714,38615
44230,274111,13730,131982,9887,260381,74337,35718,38619
44235,274142,13730,131996,9887,260412,74345,35721,38624
44240,274173,13730,132015,9887,260443,74353,35726,38627
44245,274204,13730,132028,9887,260474,74361,35729,38632
44250,274235,13730,132037,9887,260505,74369,35732,38637
44255,274266,13730,132049,9887,260536,74377,35737,38640
44260,274297,13730,132063,9887,260567,74385,35741,38644
44265,274328,13731,132080,9887,260597,74394,35748,38646
44270,274359,13732,132096,9888,260626,74403,35753,38650
44275,274390,13734,132106,9889,260655,74412,35756,38656
44280,274421,13736,132121,9890,260684,74421,35760,38661
44285,274452,13739,132135,9892,260711,74429,35763,38666
44290,274483,13743,132158,9895,260738,74437,35770,38667
44295,274514,13748,132176,9900,260763,74445,35773,38672
44300,274545,13752,132192,9904,260793,74453,35777,38676
44305,274576,13752,132210,9904,260824,74461,35783,38678
44310,274607,13752,132225,9904,260854,74469,35787,38682
44315,274638,13752,132241,9904,260886,74477,35789,38688
44320,274669,13754,132254,9906,260915,74485,35792,38693
44325,274700,13755,132264,9906,260944,74493,35796,38697
44330,274731,13756,132278,9906,260973,74502,35800,38702
44335,274762,13758,132295,9907,261003,74511,35804,38707
44340,274793,13759,132309,9907,261033,74520,35809,38711
44345,274824,13762,132326,9910,261062,74528,35813,38715
44350,274855,13764,132340,9911,261091,74536,35817,38719
44355,274886,13766,132352,9912,261120,74544,35820,38724
44360,274917,13769,132365,9915,261147,74552,35825,38727
44365,274948,13770,132374,9916,261177,74560,35826,38734
44370,274979,13773,132388,9918,261205,74568,35829,38739
44375,275010,13777,132400,9921,261232,74576,35833,38743
44380,275041,13777,132416,9921,261263,74584,35836,38748
44385,275072,13777,132427,9921,261294,74593,35841,38752
44390,275103,13777,132440,9921,261323,74602,35844,38758
44395,275134,13777,132453,9921,261355,74611,35847,38764
44400,275165,13777,132466,9921,261388,74620,35850,38770
44405,275196,13777,132486,9921,261417,74628,35856,38772
44410,275227,13779,132504,9923,261445,74636,35861,38775
44415,275258,13781,132521,9924,261474,74644,35866,38778
44420,275289,13783,132537,9926,261505,74652,35869,38783
44425,275320,13784,132549,9927,261536,74660,35873,38787
44430,275351,13785,132566,9927,261566,74668,35878,38790
44435,275382,13786,132581,9928,261596,74676,35883,38793
44440,275413,13787,132594,9929,261625,74684,35885,38799
44445,275444,13789,132610,9931,261653,74693,35890,38803
44450,275475,13792,132625,9934,261682,74702,35893,38809
44455,275506,13795,132640,9936,261710,74711,35898,38813
44460,275537,13799,132653,9939,261738,74720,35901,38819
44465,275568,13801,132667,9941,261766,74727,35906,38821
44470,275599,13804,132683,9944,261795,74734,35911,38823
44475,275630,13804,132694,9944,261826,74741,35914,38827
44480,275661,13804,132713,9944,261857,74748,35919,38829
44485,275692,13806,132726,9945,261886,74755,35922,38833
44490,275723,13807,132743,9945,261916,74762,35927,38835
44495,275754,13808,132755,9946,261946,74769,35930,38839
44500,275785,13809,132767,9947,261976,74776,35931,38845
44505,275816,13810,132781,9948,262005,74784,35936,38848
44510,275847,13813,132802,9950,262034,74792,35943,38849
44515,275878,13814,132811,9951,262064,74800,35947,38853
44520,275909,13815,132825,9952,262094,74808,35952,38856
44525,275940,13816,132843,9952,262124,74816,35958,38858
44530,275971,13818,132858,9954,262149,74824,35961,38863
44535,276002,13819,132872,9954,262183,74832,35968,38864
44540,276033,13822,132887,9957,262209,74840,35971,38869
44545,276064,13824,132899,9958,262240,74848,35975,38873
44550,276095,13827,132911,9960,262268,74856,35978,38878
44555,276126,13829,132929,9962,262297,74864,35982,38882
44560,276157,13831,132941,9963,262326,74872,35985,38887
44565,276188,13833,132956,9964,262355,74882,35988,38894
44570,276219,13833,132972,9964,262385,74892,35994,38898
44575,276250,13833,132983,9964,262415,74902,35999,38903
44580,276281,13835,133000,9966,262444,74912,36004,38908
44585,276312,13837,133016,9968,262474,74921,36007,38914
44590,276343,13839,133033,9969,262504,74930,36013,38917
44595,276374,13840,133044,9969,262533,74939,36015,38924
44600,276405,13842,133059,9971,262562,74948,36019,38929
44605,276436,13844,133074,9973,262591,74957,36022,38935
44610,276467,13846,133086,9975,262621,74966,36025,38941
44615,276498,13847,133103,9975,262651,74975,36030,38945
44620,276529,13848,133116,9976,262681,74984,36033,38951
44625,276560,13849,133129,9976,262710,74993,36039,38954
44630,276591,13851,133139,9977,262740,75002,36043,38959
44635,276622,13853,133160,9978,262768,75011,36050,38961
44640,276653,13855,133175,9979,262797,75020,36057,38963
44645,276684,13857,133187,9981,262827,75028,36061,38967
44650,276715,13858,133204,9981,262856,75036,36064,38972
44655,276746,13860,133218,9983,262885,75044,36066,38978
44660,276777,13863,133231,9986,262913,75052,36069,38983
44665,276808,13863,133245,9986,262944,75060,36071,38989
44670,276839,13865,133253,9987,262974,75068,36072,38996
44675,276870,13867,133267,9988,263002,75076,36078,38998
44680,276901,13868,133280,9988,263033,75084,36082,39002
44685,276932,13870,133290,9989,263061,75093,36084,39009
44690,276963,13872,133306,9990,263089,75102,36089,39013
44695,276994,13873,133319,9991,263121,75111,36094,39017
44700,277025,13875,133335,9992,263148,75120,36101,39019
44705,277056,13876,133342,9992,263180,75129,36103,39026
44710,277087,13877,133356,9993,263209,75138,36106,39032
44715,277118,13878,133367,9993,263239,75147,36108,39039
44720,277149,13880,133383,9995,263269,75156,36113,39043
44725,277180,13883,133398,9998,263297,75165,36118,39047
44730,277211,13884,133411,9999,263327,75174,36120,39054
44735,277242,13888,133431,10003,263354,75183,36125,39058
44740,277273,13890,133453,10005,263383,75192,36131,39061
44745,277304,13890,133468,10005,263414,75201,36134,39067
44750,277335,13890,133481,10005,263445,75211,36139,39072
44755,277366,13890,133496,10005,263476,75221,36143,39078
44760,277397,13890,133508,10005,263507,75231,36146,39085
44765,277428,13890,133519,10005,263537,75239,36151,39088
44770,277459,13892,133539,10007,263566,75247,36157,39090
44775,277490,13894,133556,10008,263595,75255,36162,39093
44780,277521,13896,133577,10009,263624,75263,36166,39097
44785,277552,13898,133588,10011,263653,75271,36169,39102
44790,277583,13900,133600,10012,263683,75279,36174,39105
44795,277614,13902,133623,10013,263711,75287,36181,39106
44800,277645,13905,133636,10016,263740,75295,36184,39111
44805,277676,13907,133650,10018,263769,75303,36186,39117
44810,277707,13909,133664,10019,263798,75311,36192,39119
44815,277738,13912,133678,10021,263825,75319,36196,39123
44820,277769,13916,133694,10024,263852,75327,36198,39129
44825,277800,13916,133709,10024,263882,75334,36202,39132
44830,277831,13916,133725,10024,263914,75341,36208,39133
44835,277862,13916,133739,10024,263944,75348,36211,39137
44840,277893,13916,133751,10024,263975,75355,36213,39142
44845,277924,13916,133764,10024,264007,75362,36217,39145
44850,277955,13917,133777,10025,264038,75369,36218,39151
44855,277986,13918,133791,10026,264067,75376,36219,39157
44860,278017,13919,133805,10026,264097,75383,36223,39160
44865,278048,13920,133822,10026,264128,75392,36229,39163
44870,278079,13921,133835,10027,264158,75401,36234,39167
44875,278110,13923,133844,10028,264185,75410,36235,39175
44880,278141,13925,133862,10030,264215,75419,36241,39178
44885,278172,13928,133874,10033,264244,75427,36242,39185
44890,278203,13931,133888,10036,264272,75435,36244,39191
44895,278234,13935,133904,10039,264299,75443,36248,39195
44900,278265,13940,133921,10043,264324,75451,36253,39198
44905,278296,13940,133943,10043,264355,75459,36259,39200
44910,278327,13940,133962,10043,264387,75467,36261,39206
44915,278358,13940,133973,10043,264418,75475,36262,39213
44920,278389,13940,133986,10043,264449,75483,36266,39217
44925,278420,13940,133995,10043,264480,75492,36269,39223
44930,278451,13941,134009,10043,264508,75501,36272,39229
44935,278482,13944,134023,10046,264537,75510,36274,39236
44940,278513,13946,134035,10047,264567,75519,36278,39241
44945,278544,13947,134048,10047,264596,75526,36280,39246
44950,278575,13949,134063,10048,264625,75533,36284,39249
44955,278606,13951,134081,10049,264653,75540,36288,39252
44960,278637,13955,134096,10053,264681,75547,36291,39256
44965,278668,13958,134111,10056,264709,75554,36295,39259
44970,278699,13962,134127,10059,264736,75561,36298,39263
44975,278730,13963,134140,10060,264767,75568,36302,39266
44980,278761,13963,134156,10060,264798,75575,36307,39268
44985,278792,13963,134171,10060,264828,75582,36313,39269
44990,278823,13963,134187,10060,264857,75590,36318,39272
44995,278854,13963,134205,10060,264889,75598,36323,39275
45000,278885,13963,134222,10060,264918,75606,36331,39275
45005,278916,13963,134233,10060,264953,75612,36332,39280
45010,278947,13965,134246,10062,264982,75618,36333,39285
45015,278978,13966,134265,10062,265011,75624,36337,39287
45020,279009,13968,134282,10064,265040,75630,36340,39290
45025,279040,13970,134292,10065,265069,75636,36341,39295
45030,279071,13972,134307,10067,265099,75642,36347,39295
45035,279102,13974,134319,10068,265127,75648,36348,39300
45040,279133,13978,134335,10072,265154,75654,36351,39303
45045,279164,13980,134348,10073,265183,75662,36354,39308
45050,279195,13983,134369,10075,265211,75670,36359,39311
45055,279226,13987,134385,10078,265239,75678,36361,39317
45060,279257,13987,134399,10078,265270,75686,36363,39323
45065,279288,13987,134417,10078,265301,75693,36367,39326
45070,279319,13987,134430,10078,265332,75700,36370,39330
45075,279350,13987,134445,10078,265362,75707,36373,39334
45080,279381,13989,134458,10080,265391,75714,36375,39339
45085,279412,13991,134471,10081,265420,75721,36378,39343
45090,279443,13993,134482,10082,265449,75728,36382,39346
45095,279474,13995,134497,10083,265479,75735,36386,39349
45100,279505,13996,134516,10084,265509,75742,36390,39352
45105,279536,13997,134527,10085,265539,75751,36392,39359
45110,279567,13998,134540,10086,265567,75760,36394,39366
45115,279598,14001,134553,10089,265596,75769,36398,39371
45120,279629,14004,134563,10091,265623,75778,36400,39378
45125,279660,14008,134580,10095,265651,75787,36405,39382
45130,279691,14011,134595,10097,265679,75796,36411,39385
45135,279722,14013,134607,10098,265708,75805,36416,39389
45140,279753,14013,134622,10098,265740,75814,36420,39394
45145,279784,14013,134634,10098,265771,75823,36425,39398
45150,279815,14013,134648,10098,265802,75832,36430,39402
45155,279846,14013,134660,10098,265832,75841,36433,39408
45160,279877,14013,134678,10098,265862,75850,36438,39412
45165,279908,14014,134695,10098,265893,75860,36442,39418
45170,279939,14015,134713,10098,265923,75870,36447,39423
45175,279970,14016,134725,10099,265953,75880,36451,39429
45180,280001,14017,134736,10099,265983,75890,36455,39435
45185,280032,14018,134746,10100,266014,75900,36458,39442
45190,280063,14020,134762,10101,266043,75910,36463,39447
45195,280094,14021,134778,10101,266073,75920,36469,39451
45200,280125,14023,134793,10103,266102,75930,36474,39456
45205,280156,14025,134810,10105,266131,75940,36479,39461
45210,280187,14027,134828,10106,266160,75950,36486,39464
45215,280218,14029,134843,10108,266189,75960,36490,39470
45220,280249,14030,134854,10108,266219,75970,36493,39477
45225,280280,14032,134868,10110,266248,75980,36495,39485
45230,280311,14034,134883,10111,266277,75990,36502,39488
45235,280342,14036,134896,10113,266306,76000,36506,39494
45240,280373,14038,134907,10114,266335,76010,36511,39499
45245,280404,14040,134925,10115,266363,76020,36518,39502
45250,280435,14044,134939,10117,266390,76030,36523,39507
45255,280466,14046,134955,10118,266419,76040,36529,39511
45260,280497,14048,134971,10119,266448,76050,36535,39515
45265,280528,14050,134988,10121,266478,76060,36540,39520
45270,280559,14051,135002,10122,266508,76070,36543,39527
45275,280590,14053,135016,10124,266537,76080,36547,39533
45280,280621,14055,135031,10126,266566,76090,36552,39538
45285,280652,14058,135046,10128,266592,76100,36558,39542
45290,280683,14060,135062,10130,266617,76110,36564,39546
45295,280714,14066,135078,10136,266643,76120,36569,39551
45300,280745,14066,135090,10136,266677,76130,36571,39559
45305,280776,14066,135106,10136,266709,76140,36577,39563
45310,280807,14066,135120,10136,266739,76150,36581,39569
45315,280838,14066,135129,10136,266772,76160,36583,39577
45320,280869,14066,135144,10136,266803,76170,36587,39583
45325,280900,14066,135157,10136,266833,76180,36591,39589
45330,280931,14066,135176,10136,266865,76190,36596,39594
45335,280962,14066,135194,10136,266896,76200,36602,39598
45340,280993,14066,135210,10136,266927,76210,36606,39604
45345,281024,14066,135225,10136,266956,76220,36609,39611
45350,281055,14066,135237,10136,266988,76230,36613,39617
45355,281086,14066,135252,10136,267019,76240,36619,39621
45360,281117,14067,135272,10137,267049,76250,36626,39624
45365,281148,14068,135291,10138,267079,76257,36630,39627
45370,281179,14069,135304,10139,267110,76264,36634,39630
45375,281210,14070,135319,10139,267139,76271,36639,39632
45380,281241,14071,135337,10139,267170,76278,36643,39635
45385,281272,14072,135352,10140,267200,76285,36648,39637
45390,281303,14073,135365,10140,267230,76292,36650,39642
45395,281334,14074,135380,10140,267260,76299,36653,39646
45400,281365,14075,135396,10140,267290,76306,36657,39649
45405,281396,14078,135414,10143,267317,76313,36661,39652
45410,281427,14081,135426,10144,267345,76320,36663,39657
45415,281458,14086,135435,10149,267372,76327,36666,39661
45420,281489,14090,135454,10153,267398,76334,36670,39664
45425,281520,14096,135470,10157,267421,76341,36674,39667
45430,281551,14102,135482,10162,267449,76348,36676,39672
45435,281582,14103,135495,10163,267479,76355,36679,39676
45440,281613,14105,135512,10165,267508,76362,36683,39679
45445,281644,14108,135530,10167,267536,76369,36685,39684
45450,281675,14111,135550,10169,267563,76376,36689,39687
45455,281706,14113,135564,10171,267593,76383,36694,39689
45460,281737,14115,135581,10173,267621,76390,36696,39694
45465,281768,14116,135597,10174,267650,76399,36702,39697
45470,281799,14118,135609,10175,267678,76409,36706,39703
45475,281830,14120,135628,10176,267706,76419,36712,39707
45480,281861,14120,135642,10176,267740,76429,36715,39714
45485,281892,14120,135657,10176,267771,76437,36720,39717
45490,281923,14120,135674,10176,267803,76445,36725,39720
45495,281954,14120,135690,10176,267833,76453,36730,39723
45500,281985,14120,135703,10176,267864,76461,36732,39729
45505,282016,14120,135715,10176,267896,76469,36735,39734
45510,282047,14120,135733,10176,267927,76477,36739,39738
45515,282078,14120,135744,10176,267958,76485,36741,39744
45520,282109,14120,135759,10176,267989,76493,36746,39747
45525,282140,14120,135772,10176,268020,76501,36748,39753
45530,282171,14120,135789,10176,268050,76509,36753,39756
45535,282202,14121,135804,10177,268080,76517,36756,39761
45540,282233,14123,135823,10179,268109,76525,36762,39763
45545,282264,14125,135839,10181,268138,76529,36764,39765
45550,282295,14127,135856,10182,268166,76533,36767,39766
45555,282326,14129,135866,10183,268196,76537,36769,39768
45560,282357,14131,135884,10184,268224,76541,36770,39771
45565,282388,14135,135901,10188,268251,76545,36772,39773
45570,282419,14137,135913,10189,268280,76549,36773,39776
45575,282450,14139,135929,10191,268310,76553,36774,39779
45580,282481,14141,135945,10192,268340,76557,36775,39782
45585,282512,14145,135958,10195,268365,76563,36777,39786
45590,282543,14150,135974,10199,268393,76569,36780,39789
45595,282574,14152,135995,10201,268420,76575,36785,39790
45600,282605,14154,136010,10202,268451,76581,36788,39793
45605,282636,14155,136028,10202,268480,76587,36791,39796
45610,282667,14156,136042,10203,268510,76593,36794,39799
45615,282698,14157,136059,10204,268540,76599,36799,39800
45620,282729,14159,136076,10206,268570,76605,36802,39803
45625,282760,14161,136092,10207,268599,76611,36804,39807
45630,282791,14163,136107,10208,268628,76617,36807,39810
45635,282822,14165,136121,10209,268657,76623,36810,39813
45640,282853,14166,136132,10209,268687,76629,36812,39817
45645,282884,14168,136144,10210,268716,76638,36815,39823
45650,282915,14169,136158,10210,268746,76648,36820,39828
45655,282946,14171,136174,10212,268773,76658,36825,39833
45660,282977,14173,136190,10214,268803,76668,36830,39838
45665,283008,14173,136204,10214,268835,76677,36835,39842
45670,283039,14173,136219,10214,268865,76686,36839,39847
45675,283070,14173,136234,10214,268897,76695,36845,39850
45680,283101,14173,136254,10214,268928,76704,36852,39852
45685,283132,14173,136266,10214,268959,76713,36855,39858
45690,283163,14173,136282,10214,268990,76722,36859,39863
45695,283194,14173,136295,10214,269021,76731,36863,39868
45700,283225,14173,136305,10214,269052,76740,36866,39874
45705,283256,14174,136320,10214,269081,76749,36873,39876
45710,283287,14176,136336,10215,269110,76758,36878,39880
45715,283318,14179,136352,10217,269139,76767,36881,39886
45720,283349,14180,136363,10218,269169,76776,36884,39892
45725,283380,14183,136382,10221,269197,76785,36890,39895
45730,283411,14186,136399,10224,269224,76794,36895,39899
45735,283442,14191,136413,10228,269250,76803,36899,39904
45740,283473,14194,136428,10230,269279,76812,36903,39909
45745,283504,14194,136440,10230,269310,76821,36907,39914
45750,283535,14194,136455,10230,269341,76830,36910,39920
45755,283566,14194,136463,10230,269372,76839,36913,39926
45760,283597,14194,136480,10230,269403,76848,36918,39930
45765,283628,14195,136495,10230,269433,76858,36923,39935
45770,283659,14196,136506,10230,269463,76868,36928,39940
45775,283690,14198,136520,10231,269490,76878,36931,39947
45780,283721,14199,136541,10231,269518,76888,36938,39950
45785,283752,14200,136552,10232,269552,76898,36942,39956
45790,283783,14201,136567,10233,269581,76908,36946,39962
45795,283814,14203,136584,10235,269611,76918,36952,39966
45800,283845,14205,136596,10236,269640,76928,36959,39969
45805,283876,14207,136610,10237,269669,76938,36964,39974
45810,283907,14209,136626,10238,269697,76948,36969,39979
45815,283938,14211,136642,10240,269726,76958,36974,39984
45820,283969,14212,136661,10241,269756,76968,36980,39988
45825,284000,14213,136672,10241,269787,76978,36985,39993
45830,284031,14214,136686,10241,269817,76988,36990,39998
45835,284062,14216,136699,10242,269845,76998,36994,40004
45840,284093,14217,136709,10243,269875,77008,36998,40010
45845,284124,14220,136724,10244,269903,77018,37003,40015
45850,284155,14223,136735,10246,269930,77028,37005,40023
45855,284186,14226,136751,10248,269959,77038,37011,40027
45860,284217,14229,136767,10251,269987,77048,37017,40031
45865,284248,14233,136780,10254,270015,77058,37021,40037
45870,284279,14236,136795,10257,270042,77068,37026,40042
45875,284310,14240,136814,10260,270069,77078,37034,40044
45880,284341,14243,136829,10263,270097,77088,37038,40050
45885,284372,14246,136843,10266,270125,77098,37043,40055
45890,284403,14251,136860,10270,270151,77108,37048,40060
45895,284434,14252,136876,10271,270182,77118,37054,40064
45900,284465,14252,136887,10271,270213,77128,37058,40070
45905,284496,14252,136903,10271,270244,77137,37062,40075
45910,284527,14252,136921,10271,270275,77146,37065,40081
45915,284558,14252,136937,10271,270306,77155,37072,40083
45920,284589,14252,136946,10271,270337,77164,37075,40089
45925,284620,14252,136967,10271,270367,77173,37082,40091
45930,284651,14252,136985,10271,270397,77182,37088,40094
45935,284682,14252,137000,10271,270429,77191,37092,40099
45940,284713,14252,137017,10271,270460,77200,37095,40105
45945,284744,14252,137036,10271,270490,77209,37097,40112
45950,284775,14252,137049,10271,270522,77218,37101,40117
45955,284806,14252,137063,10271,270554,77227,37105,40122
45960,284837,14252,137080,10271,270585,77236,37110,40126
45965,284868,14252,137094,10271,270616,77244,37114,40130
45970,284899,14252,137113,10271,270647,77252,37121,40131
45975,284930,14252,137128,10271,270678,77260,37125,40135
45980,284961,14252,137139,10271,270709,77268,37129,40139
45985,284992,14253,137150,10271,270738,77276,37132,40144
45990,285023,14254,137164,10272,270769,77284,37134,40150
45995,285054,14255,137175,10272,270799,77292,37137,40155
46000,285085,14258,137189,10275,270824,77300,37139,40161
46005,285116,14263,137201,10280,270852,77309,37142,40167
46010,285147,14266,137213,10281,270880,77318,37146,40172
46015,285178,14270,137225,10284,270907,77327,37149,40178
46020,285209,14272,137241,10286,270937,77336,37153,40183
46025,285240,14275,137258,10288,270964,77343,37156,40187
46030,285271,14278,137268,10289,270992,77350,37158,40192
46035,285302,14282,137285,10293,271020,77357,37161,40196
46040,285333,14285,137300,10296,271047,77364,37166,40198
46045,285364,14290,137311,10301,271074,77371,37167,40204
46050,285395,14294,137328,10305,271099,77378,37171,40207
46055,285426,14301,137345,10310,271124,77385,37177,40208
46060,285457,14307,137365,10315,271148,77392,37181,40211
46065,285488,14308,137379,10316,271179,77400,37186,40214
46070,285519,14308,137387,10316,271211,77408,37189,40219
46075,285550,14308,137404,10316,271240,77416,37194,40222
46080,285581,14308,137418,10316,271272,77424,37196,40228
46085,285612,14308,137434,10316,271303,77431,37201,40230
46090,285643,14308,137449,10316,271335,77438,37203,40235
46095,285674,14308,137463,10316,271366,77445,37206,40239
46100,285705,14308,137471,10316,271397,77452,37207,40245
46105,285736,14308,137483,10316,271428,77459,37212,40247
46110,285767,14308,137493,10316,271459,77466,37215,40251
46115,285798,14308,137510,10316,271489,77473,37217,40256
46120,285829,14308,137530,10316,271520,77480,37220,40260
46125,285860,14308,137545,10316,271551,77489,37224,40265
46130,285891,14308,137561,10316,271582,77498,37228,40270
46135,285922,14308,137576,10316,271613,77507,37232,40275
46140,285953,14308,137593,10316,271645,77516,37238,40278
46145,285984,14308,137608,10316,271674,77522,37242,40280
46150,286015,14308,137629,10316,271707,77528,37245,40283
46155,286046,14308,137644,10316,271737,77534,37247,40287
46160,286077,14308,137661,10316,271768,77540,37251,40289
46165,286108,14308,137676,10316,271799,77546,37253,40293
46170,286139,14313,137692,10320,271825,77552,37257,40295
46175,286170,14317,137706,10324,271852,77558,37258,40300
46180,286201,14321,137720,10328,271880,77564,37261,40303
46185,286232,14324,137733,10330,271908,77570,37265,40305
46190,286263,14327,137750,10331,271934,77577,37271,40306
46195,286294,14331,137762,10333,271962,77584,37273,40311
46200,286325,14334,137771,10334,271991,77591,37273,40318
46205,286356,14338,137791,10338,272016,77597,37277,40320
46210,286387,14343,137811,10341,272042,77603,37282,40321
46215,286418,14346,137825,10343,272071,77609,37285,40324
46220,286449,14348,137840,10345,272100,77615,37287,40328
46225,286480,14351,137851,10348,272129,77621,37288,40333
46230,286511,14353,137864,10349,272158,77627,37293,40334
46235,286542,14356,137879,10351,272186,77633,37295,40338
46240,286573,14358,137900,10352,272213,77639,37299,40340
46245,286604,14358,137917,10352,272244,77648,37304,40344
46250,286635,14358,137931,10352,272276,77657,37307,40350
46255,286666,14358,137948,10352,272306,77666,37312,40354
46260,286697,14358,137968,10352,272338,77675,37317,40358
46265,286728,14358,137986,10352,272368,77684,37323,40361
46270,286759,14358,138001,10352,272399,77693,37327,40366
46275,286790,14358,138020,10352,272432,77702,37332,40370
46280,286821,14358,138038,10352,272461,77711,37337,40374
46285,286852,14358,138053,10352,272493,77720,37342,40378
46290,286883,14358,138064,10352,272525,77729,37346,40383
46295,286914,14358,138084,10352,272556,77738,37354,40384
46300,286945,14358,138101,10352,272587,77747,37361,40386
46305,286976,14358,138118,10352,272617,77756,37367,40389
46310,287007,14358,138133,10352,272649,77766,37372,40394
46315,287038,14358,138149,10352,272680,77776,37377,40399
46320,287069,14358,138164,10352,272711,77786,37381,40405
46325,287100,14359,138178,10352,272741,77796,37387,40409
46330,287131,14360,138198,10353,272771,77806,37395,40411
46335,287162,14361,138210,10353,272801,77816,37398,40418
46340,287193,14362,138224,10353,272831,77826,37401,40425
46345,287224,14363,138244,10353,272861,77836,37409,40427
46350,287255,14365,138261,10354,272890,77846,37415,40431
46355,287286,14367,138279,10356,272919,77856,37420,40436
46360,287317,14369,138292,10357,272948,77866,37424,40442
46365,287348,14372,138306,10360,272976,77876,37429,40447
46370,287379,14375,138316,10361,273002,77886,37431,40455
46375,287410,14378,138327,10363,273031,77896,37434,40462
46380,287441,14382,138339,10365,273058,77906,37438,40468
46385,287472,14386,138355,10369,273084,77915,37442,40473
46390,287503,14391,138372,10374,273110,77924,37446,40478
46395,287534,14398,138388,10381,273135,77933,37451,40482
46400,287565,14403,138402,10385,273161,77942,37455,40487
46405,287596,14408,138415,10388,273186,77951,37461,40490
46410,287627,14414,138430,10393,273213,77960,37464,40496
46415,287658,14416,138442,10395,273242,77969,37467,40502
46420,287689,14416,138461,10395,273272,77978,37470,40508
46425,287720,14416,138476,10395,273304,77987,37474,40513
46430,287751,14416,138490,10395,273333,77996,37478,40518
46435,287782,14416,138507,10395,273365,78005,37483,40522
46440,287813,14416,138520,10395,273395,78014,37486,40528
46445,287844,14416,138537,10395,273427,78022,37490,40532
46450,287875,14416,138550,10395,273459,78030,37493,40537
46455,287906,14416,138562,10395,273490,78038,37497,40541
46460,287937,14416,138578,10395,273520,78046,37500,40546
46465,287968,14416,138591,10395,273552,78054,37504,40550
46470,287999,14416,138605,10395,273583,78062,37507,40555
46475,288030,14416,138617,10395,273614,78070,37512,40558
46480,288061,14416,138632,10395,273643,78078,37516,40562
46485,288092,14416,138642,10395,273676,78087,37519,40568
46490,288123,14416,138659,10395,273707,78096,37525,40571
46495,288154,14416,138673,10395,273737,78105,37526,40579
46500,288185,14416,138685,10395,273769,78114,37529,40585
46505,288216,14416,138695,10395,273800,78122,37532,40590
46510,288247,14416,138711,10395,273831,78130,37537,40593
46515,288278,14416,138724,10395,273862,78138,37542,40596
46520,288309,14417,138743,10395,273891,78146,37548,40598
46525,288340,14420,138760,10397,273919,78154,37552,40602
46530,288371,14423,138773,10399,273948,78162,37557,40605
46535,288402,14425,138786,10399,273976,78170,37560,40610
46540,288433,14428,138801,10401,274005,78178,37565,40613
46545,288464,14430,138819,10401,274034,78187,37571,40616
46550,288495,14432,138831,10401,274063,78196,37573,40623
46555,288526,14434,138844,10402,274091,78205,37573,40632
46560,288557,14439,138856,10405,274118,78214,37578,40636
46565,288588,14442,138870,10407,274146,78223,37583,40640
46570,288619,14444,138881,10407,274174,78232,37586,40646
46575,288650,14447,138893,10409,274203,78241,37591,40650
46580,288681,14450,138909,10412,274231,78250,37595,40655
46585,288712,14453,138924,10415,274258,78259,37599,40660
46590,288743,14458,138943,10419,274284,78268,37604,40664
46595,288774,14462,138958,10422,274311,78277,37608,40669
46600,288805,14467,138971,10427,274338,78286,37611,40675
46605,288836,14469,138986,10429,274367,78296,37615,40681
46610,288867,14472,138997,10431,274395,78306,37619,40687
46615,288898,14474,139012,10432,274424,78316,37625,40691
46620,288929,14478,139026,10435,274451,78326,37630,40696
46625,288960,14478,139042,10435,274481,78334,37633,40701
46630,288991,14478,139057,10435,274513,78342,37639,40703
46635,289022,14478,139081,10435,274544,78350,37645,40705
46640,289053,14478,139096,10435,274575,78358,37648,40710
46645,289084,14478,139110,10435,274605,78366,37652,40714
46650,289115,14478,139126,10435,274637,78374,37658,40716
46655,289146,14478,139142,10435,274667,78382,37661,40721
46660,289177,14478,139157,10435,274699,78390,37663,40727
46665,289208,14478,139176,10435,274730,78398,37664,40734
46670,289239,14478,139193,10435,274761,78406,37667,40739
46675,289270,14478,139208,10435,274792,78414,37670,40744
46680,289301,14478,139223,10435,274823,78422,37672,40750
46685,289332,14478,139241,10435,274854,78428,37677,40751
46690,289363,14478,139260,10435,274884,78434,37680,40754
46695,289394,14478,139281,10435,274915,78440,37685,40755
46700,289425,14478,139295,10435,274947,78446,37688,40758
46705,289456,14478,139309,10435,274976,78452,37691,40761
46710,289487,14480,139323,10437,275005,78458,37693,40765
46715,289518,14482,139338,10438,275035,78464,37698,40766
46720,289549,14483,139348,10438,275066,78470,37701,40769
46725,289580,14484,139362,10439,275095,78478,37708,40770
46730,289611,14487,139380,10441,275122,78486,37713,40773
46735,289642,14490,139392,10443,275150,78494,37713,40781
46740,289673,14494,139408,10447,275178,78502,37716,40786
46745,289704,14497,139423,10448,275206,78509,37721,40788
46750,289735,14499,139438,10450,275234,78516,37723,40793
46755,289766,14503,139453,10454,275263,78523,37729,40794
46760,289797,14506,139464,10456,275290,78530,37730,40800
46765,289828,14510,139479,10459,275317,78537,37735,40802
46770,289859,14514,139497,10463,275344,78544,37739,40805
46775,289890,14520,139513,10468,275370,78551,37742,40809
46780,289921,14524,139526,10472,275397,78558,37745,40813
46785,289952,14527,139542,10474,275425,78567,37752,40815
46790,289983,14528,139556,10475,275454,78576,37759,40817
46795,290014,14532,139568,10479,275482,78585,37763,40822
46800,290045,14533,139585,10479,275509,78594,37766,40828
46805,290076,14536,139598,10481,275540,78602,37770,40832
46810,290107,14538,139618,10483,275569,78610,37775,40835
46815,290138,14538,139629,10483,275600,78618,37778,40840
46820,290169,14538,139650,10483,275631,78626,37783,40843
46825,290200,14538,139671,10483,275662,78634,37788,40846
46830,290231,14538,139687,10483,275693,78642,37790,40852
46835,290262,14538,139699,10483,275723,78650,37791,40859
46840,290293,14538,139714,10483,275754,78658,37796,40862
46845,290324,14538,139731,10483,275786,78667,37800,40867
46850,290355,14538,139748,10483,275817,78676,37806,40870
46855,290386,14538,139763,10483,275848,78685,37810,40875
46860,290417,14538,139781,10483,275879,78694,37814,40880
46865,290448,14538,139795,10483,275910,78702,37819,40883
46870,290479,14538,139804,10483,275940,78710,37821,40889
46875,290510,14538,139825,10483,275972,78718,37826,40892
46880,290541,14538,139841,10483,276003,78726,37829,40897
46885,290572,14538,139856,10483,276034,78734,37833,40901
46890,290603,14538,139875,10483,276065,78742,37841,40901
46895,290634,14539,139894,10484,276094,78750,37846,40904
46900,290665,14541,139907,10485,276123,78758,37848,40910
46905,290696,14542,139918,10485,276154,78766,37853,40913
46910,290727,14543,139932,10485,276184,78775,37857,40918
46915,290758,14544,139948,10486,276212,78784,37862,40922
46920,290789,14548,139963,10488,276239,78793,37867,40926
46925,290820,14552,139978,10491,276267,78802,37871,40931
46930,290851,14555,139995,10493,276294,78811,37874,40937
46935,290882,14559,140009,10497,276322,78820,37878,40942
46940,290913,14562,140026,10499,276348,78829,37882,40947
46945,290944,14567,140042,10503,276374,78838,37885,40953
46950,290975,14572,140055,10507,276402,78847,37888,40959
46955,291006,14574,140068,10507,276431,78856,37891,40965
46960,291037,14579,140087,10512,276457,78865,37896,40969
46965,291068,14582,140106,10514,276485,78874,37902,40972
46970,291099,14585,140118,10516,276514,78884,37905,40979
46975,291130,14588,140130,10518,276541,78894,37908,40986
46980,291161,14592,140147,10521,276567,78904,37913,40991
46985,291192,14595,140161,10523,276597,78913,37918,40995
46990,291223,14595,140177,10523,276628,78922,37922,41000
46995,291254,14595,140190,10523,276659,78931,37926,41005
47000,291285,14595,140200,10523,276689,78940,37928,41012
47005,291316,14595,140216,10523,276721,78949,37934,41015
47010,291347,14595,140231,10523,276752,78958,37938,41020
47015,291378,14595,140249,10523,276783,78967,37944,41023
47020,291409,14595,140264,10523,276814,78976,37949,41027
47025,291440,14595,140276,10523,276844,78985,37951,41034
47030,291471,14595,140290,10523,276876,78994,37955,41039
47035,291502,14595,140309,10523,276906,79003,37961,41042
47040,291533,14595,140322,10523,276938,79012,37965,41047
47045,291564,14595,140342,10523,276969,79020,37970,41050
47050,291595,14595,140358,10523,277000,79028,37975,41053
47055,291626,14595,140373,10523,277031,79036,37979,41057
47060,291657,14595,140387,10523,277062,79044,37982,41062
47065,291688,14595,140402,10523,277092,79052,37986,41066
47070,291719,14595,140414,10523,277123,79060,37990,41070
47075,291750,14595,140431,10523,277154,79068,37993,41075
47080,291781,14595,140438,10523,277185,79076,37996,41080
47085,291812,14595,140452,10523,277214,79085,37999,41086
47090,291843,14598,140465,10526,277242,79094,38001,41093
47095,291874,14601,140479,10528,277272,79103,38006,41097
47100,291905,14603,140493,10529,277300,79112,38010,41102
47105,291936,14607,140508,10531,277329,79121,38015,41106
47110,291967,14610,140519,10534,277356,79130,38018,41112
47115,291998,14614,140531,10537,277384,79139,38022,41117
47120,292029,14617,140546,10539,277411,79148,38026,41122
47125,292060,14621,140563,10543,277438,79157,38032,41125
47130,292091,14623,140580,10544,277468,79166,38036,41130
47135,292122,14625,140600,10546,277497,79175,38042,41133
47140,292153,14627,140613,10548,277526,79184,38044,41140
47145,292184,14629,140627,10550,277555,79194,38048,41146
47150,292215,14632,140638,10552,277582,79204,38050,41154
47155,292246,14633,140651,10553,277613,79214,38055,41159
47160,292277,14635,140664,10554,277641,79224,38059,41165
47165,292308,14638,140677,10557,277670,79232,38062,41170
47170,292339,14639,140687,10557,277700,79240,38065,41175
47175,292370,14641,140701,10558,277729,79248,38066,41182
47180,292401,14645,140718,10561,277755,79256,38072,41184
47185,292432,14645,140736,10561,277786,79264,38078,41186
47190,292463,14645,140749,10561,277817,79272,38083,41189
47195,292494,14645,140766,10561,277848,79280,38087,41193
47200,292525,14645,140781,10561,277879,79288,38092,41196
47205,292556,14645,140798,10561,277910,79296,38095,41201
47210,292587,14645,140812,10561,277941,79304,38099,41205
47215,292618,14645,140821,10561,277973,79312,38100,41212
47220,292649,14645,140835,10561,278002,79320,38103,41217
47225,292680,14645,140848,10561,278034,79326,38108,41218
47230,292711,14646,140869,10562,278062,79332,38114,41218
47235,292742,14650,140879,10565,278091,79338,38116,41222
47240,292773,14651,140894,10565,278120,79344,38118,41226
47245,292804,14653,140908,10566,278150,79350,38119,41231
47250,292835,14655,140921,10567,278179,79356,38121,41235
47255,292866,14657,140939,10569,278207,79362,38123,41239
47260,292897,14661,140955,10573,278234,79368,38124,41244
47265,292928,14664,140967,10576,278263,79376,38128,41248
47270,292959,14666,140982,10577,278290,79384,38133,41251
47275,292990,14668,140999,10579,278320,79392,38138,41254
47280,293021,14668,141018,10579,278352,79400,38143,41257
47285,293052,14668,141031,10579,278383,79407,38145,41262
47290,293083,14669,141041,10579,278414,79414,38150,41264
47295,293114,14671,141059,10580,278443,79421,38153,41268
47300,293145,14672,141070,10580,278473,79428,38155,41273
47305,293176,14673,141081,10580,278503,79435,38158,41277
47310,293207,14674,141097,10581,278533,79442,38162,41280
47315,293238,14675,141109,10581,278563,79449,38166,41283
47320,293269,14676,141117,10582,278593,79456,38167,41289
47325,293300,14678,141134,10584,278622,79465,38172,41293
47330,293331,14680,141153,10585,278649,79474,38177,41297
47335,293362,14684,141167,10589,278677,79483,38180,41303
47340,293393,14688,141176,10592,278705,79492,38182,41310
47345,293424,14691,141191,10594,278733,79500,38184,41316
47350,293455,14693,141205,10595,278761,79508,38188,41320
47355,293486,14695,141222,10597,278790,79516,38193,41323
47360,293517,14695,141235,10597,278821,79524,38196,41328
47365,293548,14695,141250,10597,278853,79532,38200,41332
47370,293579,14695,141265,10597,278883,79540,38204,41336
47375,293610,14696,141280,10598,278914,79548,38208,41340
47380,293641,14698,141295,10599,278943,79556,38211,41345
47385,293672,14700,141315,10601,278971,79565,38216,41349
47390,293703,14705,141333,10605,278998,79574,38222,41352
47395,293734,14708,141347,10607,279023,79583,38226,41357
47400,293765,14712,141360,10611,279051,79592,38228,41364
47405,293796,14713,141377,10612,279081,79601,38233,41368
47410,293827,14713,141394,10612,279112,79610,38239,41371
47415,293858,14713,141404,10612,279145,79619,38240,41379
47420,293889,14713,141418,10612,279175,79628,38245,41383
47425,293920,14713,141428,10612,279207,79637,38248,41389
47430,293951,14713,141443,10612,279238,79646,38253,41393
47435,293982,14713,141460,10612,279268,79655,38258,41397
47440,294013,14713,141475,10612,279299,79664,38260,41404
47445,294044,14713,141489,10612,279330,79674,38265,41409
47450,294075,14713,141505,10612,279360,79684,38270,41414
47455,294106,14713,141525,10612,279391,79694,38276,41418
47460,294137,14713,141534,10612,279424,79704,38282,41422
47465,294168,14714,141548,10612,279453,79712,38286,41426
47470,294199,14716,141568,10614,279483,79720,38291,41429
47475,294230,14717,141584,10615,279513,79728,38295,41433
47480,294261,14719,141596,10617,279542,79736,38298,41438
47485,294292,14721,141612,10619,279571,79744,38302,41442
47490,294323,14722,141631,10620,279601,79752,38306,41446
47495,294354,14723,141648,10621,279631,79760,38312,41448
47500,294385,14724,141663,10621,279661,79768,38317,41451
47505,294416,14726,141678,10623,279690,79776,38319,41457
47510,294447,14729,141689,10626,279718,79784,38322,41462
47515,294478,14733,141705,10628,279745,79792,38328,41464
47520,294509,14735,141723,10630,279773,79800,38333,41467
47525,294540,14740,141743,10634,279799,79808,38338,41470
47530,294571,14745,141759,10638,279826,79816,38341,41475
47535,294602,14748,141771,10639,279854,79824,38343,41481
47540,294633,14750,141786,10641,279882,79832,38347,41485
47545,294664,14754,141801,10644,279910,79840,38353,41487
47550,294695,14756,141813,10645,279939,79848,38356,41492
47555,294726,14759,141826,10647,279965,79856,38358,41498
47560,294757,14763,141839,10651,279993,79864,38359,41505
47565,294788,14763,141851,10651,280025,79873,38361,41512
47570,294819,14763,141866,10651,280054,79883,38365,41518
47575,294850,14763,141877,10651,280086,79893,38368,41525
47580,294881,14763,141891,10651,280117,79903,38373,41530
47585,294912,14763,141907,10651,280148,79911,38378,41533
47590,294943,14763,141925,10651,280179,79919,38383,41536
47595,294974,14763,141939,10651,280211,79927,38389,41538
47600,295005,14763,141958,10651,280242,79935,38395,41540
47605,295036,14763,141974,10651,280273,79943,38400,41543
47610,295067,14763,141994,10651,280304,79951,38406,41545
47615,295098,14763,142008,10651,280335,79959,38408,41551
47620,295129,14763,142023,10651,280366,79967,38413,41554
47625,295160,14763,142042,10651,280397,79975,38419,41556
47630,295191,14763,142056,10651,280428,79983,38424,41559
47635,295222,14763,142071,10651,280459,79991,38427,41564
47640,295253,14763,142090,10651,280490,79999,38429,41570
47645,295284,14763,142105,10651,280521,80007,38432,41575
47650,295315,14764,142120,10651,280551,80015,38436,41579
47655,295346,14765,142140,10652,280581,80023,38441,41582
47660,295377,14766,142155,10652,280611,80031,38443,41588
47665,295408,14767,142164,10652,280641,80039,38447,41592
47670,295439,14768,142177,10652,280671,80047,38452,41595
47675,295470,14770,142197,10654,280699,80055,38458,41597
47680,295501,14773,142211,10655,280728,80063,38461,41602
47685,295532,14776,142229,10657,280755,80072,38467,41605
47690,295563,14779,142238,10658,280784,80082,38470,41612
47695,295594,14781,142250,10658,280812,80092,38475,41617
47700,295625,14783,142265,10658,280841,80102,38480,41622
47705,295656,14786,142278,10660,280869,80112,38486,41626
47710,295687,14790,142286,10662,280897,80122,38490,41632
47715,295718,14793,142299,10664,280924,80132,38496,41636
47720,295749,14799,142316,10669,280950,80142,38501,41641
47725,295780,14804,142330,10673,280976,80152,38506,41646
47730,295811,14808,142345,10677,281002,80162,38510,41652
47735,295842,14814,142361,10681,281028,80172,38517,41655
47740,295873,14819,142378,10684,281053,80182,38522,41660
47745,295904,14824,142389,10687,281077,80192,38526,41666
47750,295935,14824,142403,10687,281107,80202,38530,41672
47755,295966,14824,142420,10687,281138,80212,38534,41678
47760,295997,14824,142429,10687,281173,80222,38537,41685
47765,296028,14824,142439,10687,281204,80229,38540,41689
47770,296059,14824,142455,10687,281235,80236,38542,41694
47775,296090,14824,142473,10687,281266,80243,38544,41699
47780,296121,14824,142487,10687,281297,80250,38546,41704
47785,296152,14824,142501,10687,281328,80257,38551,41706
47790,296183,14824,142512,10687,281359,80264,38553,41711
47795,296214,14824,142528,10687,281390,80271,38555,41716
47800,296245,14824,142543,10687,281421,80278,38558,41720
47805,296276,14824,142562,10687,281452,80285,38561,41724
47810,296307,14824,142581,10687,281483,80292,38566,41726
47815,296338,14824,142597,10687,281514,80299,38569,41730
47820,296369,14824,142614,10687,281545,80306,38575,41731
47825,296400,14824,142632,10687,281576,80313,38578,41735
47830,296431,14824,142647,10687,281607,80320,38580,41740
47835,296462,14824,142660,10687,281638,80327,38584,41743
47840,296493,14824,142673,10687,281669,80334,38586,41748
47845,296524,14824,142691,10687,281700,80341,38589,41752
47850,296555,14824,142705,10687,281731,80348,38591,41757
47855,296586,14827,142721,10690,281759,80355,38596,41759
47860,296617,14830,142739,10692,281787,80362,38599,41763
47865,296648,14834,142752,10695,281813,80372,38602,41770
47870,296679,14837,142770,10698,281842,80382,38607,41775
47875,296710,14841,142788,10700,281868,80392,38613,41779
47880,296741,14843,142801,10701,281897,80402,38618,41784
47885,296772,14845,142818,10703,281927,80411,38625,41786
47890,296803,14848,142833,10706,281954,80420,38628,41792
47895,296834,14851,142845,10708,281982,80429,38632,41797
47900,296865,14856,142858,10712,282008,80438,38635,41803
47905,296896,14859,142873,10713,282036,80447,38640,41807
47910,296927,14862,142893,10715,282065,80456,38647,41809
47915,296958,14863,142906,10715,282094,80465,38652,41813
47920,296989,14865,142926,10716,282124,80474,38657,41817
47925,297020,14868,142943,10719,282150,80483,38663,41820
47930,297051,14870,142958,10720,282180,80492,38667,41825
47935,297082,14872,142971,10721,282208,80501,38673,41828
47940,297113,14876,142985,10724,282237,80510,38677,41833
47945,297144,14878,142992,10725,282266,80517,38678,41839
47950,297175,14878,143008,10725,282297,80524,38682,41842
47955,297206,14878,143022,10725,282328,80531,38684,41847
47960,297237,14878,143037,10725,282359,80538,38687,41851
47965,297268,14878,143049,10725,282390,80545,38690,41855
47970,297299,14878,143067,10725,282421,80552,38695,41857
47975,297330,14878,143081,10725,282451,80559,38700,41859
47980,297361,14878,143098,10725,282482,80566,38702,41864
47985,297392,14878,143112,10725,282513,80574,38706,41868
47990,297423,14878,143129,10725,282544,80582,38710,41872
47995,297454,14878,143140,10725,282576,80590,38713,41877
48000,297485,14878,143155,10725,282607,80598,38719,41879
48005,297516,14878,143172,10725,282638,80605,38723,41882
48010,297547,14878,143192,10725,282669,80612,38729,41883
48015,297578,14878,143205,10725,282700,80619,38731,41888
48020,297609,14879,143217,10726,282730,80626,38734,41892
48025,297640,14880,143234,10727,282760,80633,38739,41894
48030,297671,14882,143252,10728,282789,80640,38741,41899
48035,297702,14883,143264,10728,282819,80647,38745,41902
48040,297733,14885,143283,10730,282848,80654,38746,41908
48045,297764,14886,143302,10731,282877,80663,38751,41912
48050,297795,14889,143317,10734,282905,80672,38755,41917
48055,297826,14892,143330,10736,282934,80681,38759,41922
48060,297857,14895,143346,10738,282961,80690,38764,41926
48065,297888,14899,143362,10742,282988,80699,38768,41931
48070,297919,14903,143377,10744,283016,80708,38773,41935
48075,297950,14906,143395,10746,283044,80717,38780,41937
48080,297981,14909,143414,10748,283070,80726,38784,41942
48085,298012,14914,143430,10752,283097,80735,38790,41945
48090,298043,14917,143447,10754,283124,80744,38796,41948
48095,298074,14920,143460,10756,283153,80753,38799,41954
48100,298105,14922,143479,10757,283183,80762,38804,41958
48105,298136,14923,143495,10757,283211,80772,38807,41965
48110,298167,14925,143510,10759,283241,80782,38813,41969
48115,298198,14927,143522,10761,283270,80792,38815,41977
48120,298229,14929,143537,10763,283298,80802,38818,41984
48125,298260,14931,143551,10765,283328,80811,38822,41989
48130,298291,14932,143569,10766,283356,80820,38828,41992
48135,298322,14934,143579,10767,283387,80829,38831,41998
48140,298353,14937,143592,10769,283414,80838,38835,42003
48145,298384,14937,143609,10769,283447,80847,38840,42007
48150,298415,14937,143626,10769,283478,80856,38845,42011
48155,298446,14937,143644,10769,283509,80865,38851,42014
48160,298477,14937,143657,10769,283540,80874,38853,42021
48165,298508,14937,143670,10769,283571,80883,38857,42026
48170,298539,14937,143683,10769,283602,80892,38859,42033
48175,298570,14937,143702,10769,283633,80901,38864,42037
48180,298601,14937,143717,10769,283664,80910,38869,42041
48185,298632,14937,143732,10769,283695,80917,38872,42045
48190,298663,14937,143750,10769,283726,80924,38876,42048
48195,298694,14937,143762,10769,283757,80931,38879,42052
48200,298725,14937,143771,10769,283788,80938,38881,42057
48205,298756,14938,143785,10769,283818,80945,38886,42059
48210,298787,14940,143801,10771,283847,80952,38888,42064
48215,298818,14941,143818,10771,283877,80959,38892,42067
48220,298849,14943,143833,10773,283906,80966,38894,42072
48225,298880,14945,143849,10774,283934,80974,38898,42076
48230,298911,14947,143863,10775,283964,80982,38899,42083
48235,298942,14949,143876,10776,283991,80990,38902,42088
48240,298973,14951,143892,10777,284021,80998,38906,42092
48245,299004,14954,143905,10779,284049,81005,38910,42095
48250,299035,14956,143921,10780,284079,81012,38915,42097
48255,299066,14959,143930,10781,284105,81019,38916,42103
48260,299097,14961,143941,10781,284135,81026,38920,42106
48265,299128,14966,143955,10785,284161,81033,38922,42111
48270,299159,14969,143971,10788,284190,81040,38924,42116
48275,299190,14972,143985,10789,284217,81047,38928,42119
48280,299221,14975,143999,10791,284246,81054,38931,42123
48285,299252,14978,144014,10792,284274,81061,38935,42126
48290,299283,14979,144030,10792,284303,81070,38940,42130
48295,299314,14981,144047,10793,284332,81079,38944,42135
48300,299345,14983,144061,10794,284361,81088,38947,42141
48305,299376,14985,144083,10795,284391,81096,38953,42143
48310,299407,14986,144096,10796,284421,81104,38955,42149
48315,299438,14987,144108,10796,284451,81112,38957,42155
48320,299469,14988,144121,10796,284481,81120,38961,42159
48325,299500,14989,144134,10797,284511,81128,38962,42166
48330,299531,14990,144147,10797,284541,81136,38966,42170
48335,299562,14991,144166,10797,284571,81144,38972,42172
48340,299593,14992,144180,10797,284601,81152,38977,42175
48345,299624,14994,144194,10798,284630,81161,38982,42179
48350,299655,14996,144207,10800,284658,81170,38985,42185
48355,299686,14999,144223,10803,284685,81179,38990,42189
48360,299717,15001,144241,10805,284716,81188,38997,42191
48365,299748,15003,144254,10806,284745,81196,39000,42196
48370,299779,15003,144268,10806,284774,81204,39002,42202
48375,299810,15003,144282,10806,284807,81212,39008,42204
48380,299841,15003,144299,10806,284837,81220,39014,42206
48385,299872,15003,144314,10806,284868,81228,39018,42210
48390,299903,15003,144327,10806,284900,81236,39022,42214
48395,299934,15004,144343,10806,284928,81244,39025,42219
48400,299965,15005,144361,10806,284960,81252,39029,42223
48405,299996,15006,144374,10806,284990,81261,39035,42226
48410,300027,15007,144386,10806,285018,81270,39039,42231
48415,300058,15008,144399,10806,285050,81279,39045,42234
48420,300089,15010,144419,10807,285077,81288,39051,42237
48425,300120,15011,144426,10807,285109,81297,39053,42244
48430,300151,15012,144442,10808,285138,81306,39056,42250
48435,300182,15013,144453,10808,285169,81315,39059,42256
48440,300213,15014,144464,10808,285197,81324,39060,42264
48445,300244,15015,144477,10808,285228,81333,39064,42269
48450,300275,15017,144496,10810,285257,81342,39070,42272
48455,300306,15019,144511,10811,285285,81351,39074,42277
48460,300337,15021,144526,10813,285316,81360,39077,42283
48465,300368,15023,144545,10815,285344,81370,39080,42290
48470,300399,15026,144559,10817,285372,81380,39088,42292
48475,300430,15028,144572,10818,285402,81390,39095,42295
48480,300461,15032,144586,10822,285428,81400,39099,42301
48485,300492,15034,144601,10824,285457,81410,39105,42305
48490,300523,15037,144616,10825,285485,81420,39110,42310
48495,300554,15038,144630,10826,285515,81430,39114,42316
48500,300585,15040,144648,10827,285545,81440,39120,42320
48505,300616,15041,144661,10827,285574,81450,39123,42327
48510,300647,15043,144671,10829,285604,81460,39125,42335
48515,300678,15044,144690,10829,285633,81470,39129,42341
48520,300709,15046,144701,10830,285663,81480,39133,42347
48525,300740,15047,144717,10830,285692,81490,39140,42350
48530,300771,15049,144731,10831,285720,81500,39145,42355
48535,300802,15051,144743,10833,285750,81510,39150,42360
48540,300833,15054,144752,10835,285779,81520,39153,42367
48545,300864,15056,144763,10836,285808,81527,39156,42371
48550,300895,15058,144778,10838,285836,81534,39160,42374
48555,300926,15061,144795,10841,285865,81541,39166,42375
48560,300957,15062,144808,10842,285894,81548,39168,42380
48565,300988,15063,144818,10843,285925,81555,39170,42385
48570,301019,15063,144837,10843,285955,81562,39175,42387
48575,301050,15063,144852,10843,285986,81569,39178,42391
48580,301081,15063,144868,10843,286018,81576,39183,42393
48585,301112,15063,144883,10843,286049,81583,39186,42397
48590,301143,15063,144902,10843,286079,81590,39191,42399
48595,301174,15063,144920,10843,286110,81597,39196,42401
48600,301205,15065,144937,10844,286139,81604,39198,42406
48605,301236,15066,144956,10845,286170,81611,39203,42408
48610,301267,15067,144971,10845,286200,81618,39206,42412
48615,301298,15069,144985,10846,286229,81625,39210,42415
48620,301329,15071,144999,10847,286258,81632,39213,42419
48625,301360,15072,145015,10847,286288,81639,39217,42422
48630,301391,15073,145033,10848,286318,81646,39222,42424
48635,301422,15074,145047,10848,286348,81653,39226,42427
48640,301453,15076,145066,10849,286377,81660,39232,42428
48645,301484,15078,145081,10850,286406,81670,39236,42434
48650,301515,15080,145091,10852,286435,81680,39239,42441
48655,301546,15082,145105,10854,286464,81690,39244,42446
48660,301577,15084,145119,10855,286493,81700,39250,42450
48665,301608,15087,145130,10857,286521,81708,39251,42457
48670,301639,15091,145150,10861,286546,81716,39256,42460
48675,301670,15094,145165,10864,286575,81724,39261,42463
48680,301701,15096,145178,10865,286604,81732,39265,42467
48685,301732,15098,145193,10866,286634,81740,39269,42471
48690,301763,15099,145205,10866,286663,81748,39272,42476
48695,301794,15101,145218,10868,286693,81756,39276,42480
48700,301825,15102,145235,10869,286722,81764,39280,42484
48705,301856,15104,145252,10870,286750,81772,39283,42489
48710,301887,15106,145267,10872,286779,81780,39286,42494
48715,301918,15108,145276,10873,286809,81788,39288,42500
48720,301949,15109,145291,10874,286839,81796,39292,42504
48725,301980,15110,145309,10875,286870,81804,39297,42507
48730,302011,15111,145324,10876,286899,81812,39303,42509
48735,302042,15113,145335,10878,286929,81820,39306,42514
48740,302073,15114,145351,10878,286959,81828,39312,42516
48745,302104,15115,145364,10879,286988,81836,39314,42522
48750,302135,15118,145384,10882,287016,81844,39318,42526
48755,302166,15120,145401,10884,287046,81852,39324,42528
48760,302197,15122,145414,10885,287075,81860,39328,42532
48765,302228,15122,145422,10885,287106,81870,39331,42539
48770,302259,15122,145436,10885,287137,81880,39335,42545
48775,302290,15122,145454,10885,287168,81890,39339,42551
48780,302321,15122,145473,10885,287199,81900,39344,42556
48785,302352,15124,145492,10887,287228,81908,39349,42559
48790,302383,15126,145504,10888,287257,81916,39353,42563
48795,302414,15128,145521,10890,287285,81924,39358,42566
48800,302445,15129,145534,10891,287315,81932,39361,42571
48805,302476,15130,145551,10891,287345,81940,39365,42575
48810,302507,15132,145570,10893,287374,81948,39368,42580
48815,302538,15134,145586,10895,287404,81956,39372,42584
48820,302569,15136,145601,10897,287433,81964,39377,42587
48825,302600,15139,145610,10899,287461,81972,39380,42592
48830,302631,15144,145634,10904,287487,81980,39388,42592
48835,302662,15146,145645,10906,287516,81988,39389,42599
48840,302693,15146,145659,10906,287547,81996,39394,42602
48845,302724,15146,145670,10906,287578,82003,39395,42608
48850,302755,15146,145684,10906,287608,82010,39397,42613
48855,302786,15146,145695,10906,287639,82017,39400,42617
48860,302817,15146,145711,10906,287670,82024,39405,42619
48865,302848,15147,145728,10907,287700,82031,39408,42623
48870,302879,15150,145741,10910,287728,82038,39411,42627
48875,302910,15151,145758,10910,287757,82045,39414,42631
48880,302941,15152,145768,10910,287787,82052,39415,42637
48885,302972,15154,145788,10912,287816,82061,39421,42640
48890,303003,15156,145801,10914,287845,82070,39427,42643
48895,303034,15158,145818,10915,287874,82079,39431,42648
48900,303065,15159,145835,10916,287905,82088,39434,42654
48905,303096,15160,145854,10917,287936,82095,39438,42657
48910,303127,15161,145871,10917,287965,82102,39442,42660
48915,303158,15162,145884,10918,287996,82109,39445,42664
48920,303189,15164,145903,10919,288024,82116,39450,42666
48925,303220,15166,145915,10920,288054,82123,39451,42672
48930,303251,15168,145931,10922,288083,82130,39456,42674
48935,303282,15169,145940,10923,288113,82137,39458,42679
48940,303313,15170,145955,10924,288143,82144,39460,42684
48945,303344,15172,145972,10926,288171,82151,39464,42687
48950,303375,15177,145989,10929,288198,82159,39470,42689
48955,303406,15180,146004,10932,288226,82167,39475,42692
48960,303437,15183,146022,10934,288253,82175,39480,42695
48965,303468,15186,146037,10936,288282,82183,39484,42699
48970,303499,15188,146054,10938,288311,82191,39488,42703
48975,303530,15190,146065,10939,288340,82199,39490,42709
48980,303561,15192,146083,10940,288369,82207,39496,42711
48985,303592,15194,146100,10942,288398,82215,39500,42715
48990,303623,15195,146116,10942,288428,82223,39505,42718
48995,303654,15197,146130,10943,288457,82231,39510,42721
49000,303685,15199,146149,10944,288486,82239,39517,42722
49005,303716,15201,146161,10946,288515,82248,39521,42727
49010,303747,15203,146177,10948,288542,82258,39525,42733
49015,303778,15205,146190,10949,288573,82268,39531,42737
49020,303809,15205,146202,10949,288603,82278,39536,42742
49025,303840,15205,146219,10949,288635,82287,39541,42746
49030,303871,15205,146234,10949,288665,82296,39544,42752
49035,303902,15205,146252,10949,288696,82305,39550,42755
49040,303933,15205,146271,10949,288728,82314,39555,42759
49045,303964,15205,146289,10949,288758,82323,39560,42763
49050,303995,15205,146300,10949,288790,82332,39564,42768
49055,304026,15205,146315,10949,288821,82341,39571,42770
49060,304057,15205,146326,10949,288852,82350,39573,42777
49065,304088,15205,146340,10949,288882,82359,39578,42781
49070,304119,15206,146353,10950,288912,82368,39585,42783
49075,304150,15207,146370,10951,288941,82377,39589,42788
49080,304181,15209,146385,10953,288972,82386,39592,42794
49085,304212,15211,146399,10955,289001,82394,39595,42799
49090,304243,15213,146412,10956,289028,82402,39598,42804
49095,304274,15216,146424,10959,289057,82410,39601,42809
49100,304305,15218,146436,10961,289087,82418,39606,42812
49105,304336,15220,146451,10962,289115,82426,39608,42818
49110,304367,15222,146464,10963,289144,82434,39611,42823
49115,304398,15223,146476,10963,289175,82442,39617,42825
49120,304429,15225,146488,10964,289204,82450,39618,42832
49125,304460,15227,146505,10965,289232,82459,39622,42837
49130,304491,15231,146524,10969,289259,82468,39628,42840
49135,304522,15234,146538,10971,289288,82477,39632,42845
49140,304553,15235,146552,10971,289317,82486,39637,42849
49145,304584,15236,146568,10972,289348,82494,39642,42852
49150,304615,15238,146582,10974,289377,82502,39646,42856
49155,304646,15239,146597,10975,289407,82510,39649,42861
49160,304677,15240,146610,10975,289437,82518,39654,42864
49165,304708,15242,146629,10977,289466,82526,39661,42865
49170,304739,15243,146643,10977,289496,82534,39663,42871
49175,304770,15245,146661,10978,289525,82542,39666,42876
49180,304801,15246,146679,10979,289555,82550,39672,42878
49185,304832,15247,146697,10979,289585,82559,39676,42883
49190,304863,15248,146708,10980,289615,82568,39679,42889
49195,304894,15251,146723,10982,289642,82577,39684,42893
49200,304925,15253,146735,10983,289672,82586,39687,42899
49205,304956,15256,146755,10986,289698,82594,39693,42901
49210,304987,15258,146765,10988,289729,82602,39694,42908
49215,305018,15260,146777,10989,289755,82610,39697,42913
49220,305049,15260,146793,10989,289787,82618,39702,42916
49225,305080,15260,146806,10989,289819,82626,39706,42920
49230,305111,15260,146818,10989,289850,82634,39709,42925
49235,305142,15260,146833,10989,289882,82642,39715,42927
49240,305173,15261,146850,10990,289910,82650,39717,42933
49245,305204,15263,146867,10992,289941,82659,39722,42937
49250,305235,15264,146880,10993,289970,82668,39724,42944
49255,305266,15266,146892,10995,290000,82677,39727,42950
49260,305297,15267,146910,10996,290029,82686,39731,42955
49265,305328,15269,146927,10998,290059,82694,39735,42959
49270,305359,15270,146944,10999,290089,82702,39740,42962
49275,305390,15271,146958,11000,290118,82710,39742,42968
49280,305421,15273,146972,11001,290147,82718,39744,42974
49285,305452,15276,146990,11003,290174,82726,39750,42976
49290,305483,15279,147007,11005,290203,82734,39756,42978
49295,305514,15282,147022,11007,290231,82742,39758,42984
49300,305545,15285,147034,11010,290259,82750,39760,42990
49305,305576,15287,147052,11011,290288,82759,39765,42994
49310,305607,15288,147068,11011,290317,82768,39771,42997
49315,305638,15289,147084,11012,290349,82777,39777,43000
49320,305669,15291,147096,11013,290378,82786,39779,43007
49325,305700,15292,147104,11013,290408,82794,39782,43012
49330,305731,15294,147120,11014,290437,82802,39787,43015
49335,305762,15296,147136,11015,290465,82810,39790,43020
49340,305793,15298,147152,11017,290493,82818,39793,43025
49345,305824,15300,147171,11019,290521,82826,39798,43028
49350,305855,15302,147185,11020,290548,82834,39800,43034
49355,305886,15305,147201,11022,290578,82842,39805,43037
49360,305917,15306,147216,11023,290609,82850,39809,43041
49365,305948,15308,147230,11024,290637,82859,39813,43046
49370,305979,15310,147246,11026,290667,82868,39816,43052
49375,306010,15312,147262,11028,290697,82877,39822,43055
49380,306041,15314,147278,11030,290725,82886,39827,43059
49385,306072,15314,147293,11030,290758,82895,39831,43064
49390,306103,15314,147309,11030,290789,82904,39837,43067
49395,306134,15314,147323,11030,290820,82913,39840,43073
49400,306165,15314,147333,11030,290851,82922,39844,43078
49405,306196,15314,147349,11030,290882,82931,39851,43080
49410,306227,15314,147368,11030,290913,82940,39856,43084
49415,306258,15314,147382,11030,290944,82949,39860,43089
49420,306289,15315,147397,11030,290974,82958,39864,43094
49425,306320,15316,147412,11030,291004,82968,39870,43098
49430,306351,15317,147422,11031,291034,82978,39871,43107
49435,306382,15318,147431,11031,291064,82988,39873,43115
49440,306413,15319,147447,11032,291094,82998,39878,43120
49445,306444,15320,147462,11033,291124,83007,39883,43124
49450,306475,15321,147475,11033,291154,83016,39886,43130
49455,306506,15322,147493,11033,291184,83025,39892,43133
49460,306537,15323,147508,11034,291214,83034,39899,43135
49465,306568,15325,147525,11035,291243,83043,39906,43137
49470,306599,15327,147538,11036,291272,83052,39909,43143
49475,306630,15329,147552,11037,291301,83061,39913,43148
49480,306661,15331,147567,11038,291328,83070,39918,43152
49485,306692,15337,147586,11043,291352,83079,39923,43156
49490,306723,15342,147603,11047,291380,83088,39931,43157
49495,306754,15343,147623,11048,291410,83097,39939,43158
49500,306785,15345,147641,11049,291439,83106,39943,43163
49505,306816,15346,147655,11050,291470,83113,39946,43167
49510,306847,15348,147671,11052,291497,83120,39950,43170
49515,306878,15350,147683,11053,291527,83127,39953,43174
49520,306909,15352,147699,11055,291556,83134,39957,43177
49525,306940,15354,147715,11056,291585,83141,39960,43181
49530,306971,15356,147730,11057,291614,83148,39963,43185
49535,307002,15358,147750,11059,291643,83155,39968,43187
49540,307033,15360,147764,11060,291672,83162,39970,43192
49545,307064,15362,147783,11061,291702,83169,39976,43193
49550,307095,15363,147794,11062,291732,83177,39978,43199
49555,307126,15365,147811,11064,291761,83185,39984,43201
49560,307157,15368,147826,11067,291789,83193,39989,43204
49565,307188,15368,147844,11067,291819,83200,39990,43210
49570,307219,15368,147862,11067,291851,83207,39993,43214
49575,307250,15368,147879,11067,291882,83214,39998,43216
49580,307281,15368,147891,11067,291913,83221,39999,43222
49585,307312,15368,147905,11067,291944,83228,40002,43226
49590,307343,15368,147925,11067,291975,83235,40005,43230
49595,307374,15370,147941,11068,292004,83242,40008,43234
49600,307405,15371,147955,11068,292032,83249,40010,43239
49605,307436,15374,147970,11071,292061,83258,40013,43245
49610,307467,15375,147982,11071,292092,83267,40018,43249
49615,307498,15376,147993,11071,292121,83276,40021,43255
49620,307529,15377,148009,11071,292152,83285,40027,43258
49625,307560,15379,148025,11073,292179,83293,40030,43263
49630,307591,15381,148033,11074,292210,83301,40032,43269
49635,307622,15382,148045,11074,292240,83309,40036,43273
49640,307653,15384,148057,11075,292269,83317,40041,43276
49645,307684,15386,148076,11077,292296,83325,40046,43279
49650,307715,15389,148090,11079,292325,83333,40051,43282
49655,307746,15392,148107,11081,292353,83341,40057,43284
49660,307777,15395,148123,11084,292382,83349,40062,43287
49665,307808,15395,148135,11084,292413,83358,40064,43294
49670,307839,15396,148147,11085,292443,83367,40065,43302
49675,307870,15397,148161,11085,292473,83376,40067,43309
49680,307901,15399,148174,11086,292502,83385,40073,43312
49685,307932,15400,148191,11087,292532,83393,40078,43315
49690,307963,15402,148209,11089,292561,83401,40084,43317
49695,307994,15403,148222,11089,292591,83409,40087,43322
49700,308025,15405,148238,11090,292620,83417,40093,43324
49705,308056,15407,148259,11092,292649,83425,40100,43325
49710,308087,15409,148274,11093,292678,83433,40106,43327
49715,308118,15411,148291,11094,292707,83441,40109,43332
49720,308149,15413,148310,11096,292736,83449,40114,43335
49725,308180,15414,148321,11096,292766,83458,40120,43338
49730,308211,15416,148337,11097,292794,83467,40121,43346
49735,308242,15417,148353,11098,292825,83476,40127,43349
49740,308273,15419,148370,11099,292854,83485,40131,43354
49745,308304,15420,148384,11099,292883,83492,40134,43358
49750,308335,15422,148403,11100,292912,83499,40138,43361
49755,308366,15424,148418,11102,292942,83506,40141,43365
49760,308397,15424,148429,11102,292970,83513,40143,43370
49765,308428,15424,148444,11102,293003,83520,40147,43373
49770,308459,15424,148461,11102,293034,83527,40152,43375
49775,308490,15425,148477,11102,293063,83534,40157,43377
49780,308521,15427,148495,11103,293092,83541,40161,43380
49785,308552,15430,148513,11106,293121,83548,40165,43383
49790,308583,15432,148529,11107,293149,83556,40169,43387
49795,308614,15434,148543,11108,293177,83564,40174,43390
49800,308645,15437,148555,11111,293208,83572,40177,43395
49805,308676,15439,148569,11112,293236,83579,40181,43398
49810,308707,15440,148584,11113,293267,83586,40186,43400
49815,308738,15441,148597,11113,293296,83593,40191,43402
49820,308769,15443,148618,11115,293325,83600,40198,43402
49825,308800,15445,148634,11117,293355,83607,40203,43404
49830,308831,15446,148647,11118,293384,83614,40206,43408
49835,308862,15449,148661,11120,293412,83621,40207,43414
49840,308893,15451,148673,11122,293441,83628,40210,43418
49845,308924,15452,148690,11123,293472,83637,40214,43423
49850,308955,15452,148700,11123,293503,83646,40218,43428
49855,308986,15452,148713,11123,293534,83655,40222,43433
49860,309017,15452,148730,11123,293565,83664,40230,43434
49865,309048,15454,148746,11125,293594,83672,40234,43438
49870,309079,15455,148758,11125,293624,83680,40240,43440
49875,309110,15457,148775,11126,293653,83688,40243,43445
49880,309141,15458,148792,11127,293683,83696,40246,43450
49885,309172,15459,148803,11127,293713,83704,40251,43453
49890,309203,15460,148813,11128,293742,83712,40253,43459
49895,309234,15462,148828,11130,293772,83720,40256,43464
49900,309265,15464,148848,11131,293801,83728,40261,43467
49905,309296,15465,148861,11131,293831,83737,40265,43472
49910,309327,15466,148879,11132,293861,83746,40270,43476
49915,309358,15467,148893,11133,293890,83755,40277,43478
49920,309389,15468,148908,11133,293920,83764,40281,43483
49925,309420,15469,148925,11134,293949,83773,40287,43486
49930,309451,15471,148936,11135,293978,83782,40289,43493
49935,309482,15474,148951,11138,294004,83791,40292,43499
49940,309513,15476,148964,11139,294036,83800,40296,43504
49945,309544,15479,148986,11142,294065,83809,40302,43507
49950,309575,15482,149005,11145,294092,83818,40308,43510
49955,309606,15483,149025,11145,294123,83827,40314,43513
49960,309637,15484,149038,11146,294153,83836,40321,43515
49965,309668,15485,149054,11147,294183,83846,40325,43521
49970,309699,15486,149069,11147,294212,83856,40330,43526
49975,309730,15487,149085,11148,294242,83866,40335,43531
49980,309761,15488,149100,11148,294272,83876,40338,43538
49985,309792,15489,149110,11149,294303,83886,40340,43546
49990,309823,15490,149128,11149,294333,83896,40346,43550
49995,309854,15491,149141,11150,294363,83906,40352,43554
50000,309885,15492,149153,11150,294393,83916,40356,43560
50005,309916,15493,149165,11151,294423,83926,40361,43565
50010,309947,15494,149178,11152,294453,83936,40368,43568
50015,309978,15495,149188,11152,294483,83946,40371,43575
50020,310009,15496,149201,11152,294513,83956,40375,43581
50025,310040,15497,149215,11152,294542,83966,40379,43587
50030,310071,15499,149230,11153,294572,83976,40383,43593
50035,310102,15500,149245,11154,294602,83986,40388,43598
50040,310133,15502,149263,11155,294630,83996,40393,43603
50045,310164,15506,149279,11159,294655,84004,40397,43607
50050,310195,15511,149292,11164,294682,84012,40398,43614
50055,310226,15514,149304,11167,294712,84020,40403,43617
50060,310257,15515,149322,11168,294740,84028,40410,43618
50065,310288,15516,149337,11168,294772,84036,40414,43622
50070,310319,15517,149349,11169,294802,84044,40416,43628
50075,310350,15518,149361,11169,294832,84052,40420,43632
50080,310381,15519,149371,11170,294862,84060,40422,43638
50085,310412,15520,149385,11170,294892,84068,40426,43642
50090,310443,15521,149400,11171,294922,84076,40428,43648
50095,310474,15523,149419,11173,294951,84084,40432,43652
50100,310505,15525,149436,11175,294980,84092,40435,43657
50105,310536,15528,149453,11177,295008,84099,40439,43660
50110,310567,15530,149468,11179,295037,84106,40441,43665
50115,310598,15532,149485,11181,295066,84113,40446,43667
50120,310629,15535,149501,11184,295094,84120,40451,43669
50125,310660,15538,149517,11187,295122,84127,40452,43675
50130,310691,15541,149532,11190,295150,84134,40456,43678
50135,310722,15543,149547,11191,295179,84141,40461,43680
50140,310753,15543,149562,11191,295210,84148,40467,43681
50145,310784,15543,149575,11191,295240,84156,40470,43686
50150,310815,15543,149590,11191,295271,84165,40474,43691
50155,310846,15543,149602,11191,295303,84174,40475,43699
50160,310877,15543,149616,11191,295334,84183,40481,43702
50165,310908,15544,149633,11191,295363,84191,40485,43706
50170,310939,15546,149651,11193,295392,84199,40489,43710
50175,310970,15548,149666,11194,295421,84207,40493,43714
50180,311001,15550,149687,11196,295451,84215,40499,43716
50185,311032,15551,149698,11197,295481,84223,40502,43721
50190,311063,15552,149711,11197,295511,84231,40505,43726
50195,311094,15553,149727,11197,295541,84239,40511,43728
50200,311125,15555,149745,11199,295570,84247,40515,43732
50205,311156,15556,149758,11199,295597,84256,40518,43738
50210,311187,15562,149774,11204,295624,84265,40524,43741
50215,311218,15565,149789,11207,295650,84274,40529,43745
50220,311249,15569,149808,11211,295680,84283,40535,43748
50225,311280,15569,149823,11211,295710,84292,40538,43754
50230,311311,15569,149837,11211,295741,84301,40542,43759
50235,311342,15569,149847,11211,295773,84310,40546,43764
50240,311373,15569,149860,11211,295803,84319,40547,43772
50245,311404,15570,149878,11212,295834,84328,40554,43774
50250,311435,15571,149890,11213,295864,84337,40557,43780
50255,311466,15573,149903,11214,295892,84346,40559,43787
50260,311497,15574,149914,11214,295923,84355,40565,43790
50265,311528,15576,149930,11216,295950,84365,40570,43795
50270,311559,15577,149942,11217,295981,84375,40574,43801
50275,311590,15578,149962,11218,296010,84385,40581,43804
50280,311621,15579,149979,11219,296041,84395,40588,43807
50285,311652,15581,149998,11221,296071,84402,40592,43810
50290,311683,15582,150012,11221,296101,84409,40597,43812
50295,311714,15584,150029,11223,296130,84416,40602,43814
50300,311745,15587,150043,11226,296157,84423,40605,43818
50305,311776,15593,150060,11231,296183,84430,40609,43821
50310,311807,15595,150082,11232,296211,84437,40614,43823
50315,311838,15595,150094,11232,296243,84444,40617,43827
50320,311869,15595,150107,11232,296273,84451,40618,43833
50325,311900,15595,150125,11232,296305,84458,40622,43836
50330,311931,15596,150142,11232,296333,84465,40627,43838
50335,311962,15598,150158,11233,296362,84472,40633,43839
50340,311993,15600,150179,11235,296392,84479,40636,43843
50345,312024,15601,150193,11235,296422,84485,40639,43846
50350,312055,15603,150211,11236,296451,84491,40642,43849
50355,312086,15604,150226,11237,296482,84497,40645,43852
50360,312117,15605,150243,11237,296512,84503,40648,43855
50365,312148,15606,150259,11238,296542,84509,40651,43858
50370,312179,15607,150272,11238,296572,84515,40655,43860
50375,312210,15608,150289,11239,296602,84521,40658,43863
50380,312241,15609,150300,11239,296631,84527,40660,43867
50385,312272,15611,150318,11240,296660,84536,40663,43873
50390,312303,15613,150333,11241,296688,84545,40668,43877
50395,312334,15616,150351,11243,296716,84554,40673,43881
50400,312365,15618,150368,11245,296745,84563,40678,43885
50405,312396,15621,150376,11248,296775,84570,40679,43891
50410,312427,15622,150388,11248,296803,84577,40682,43895
50415,312458,15627,150405,11251,296830,84584,40685,43899
50420,312489,15628,150421,11252,296861,84591,40688,43903
50425,312520,15629,150434,11253,296890,84598,40688,43910
50430,312551,15630,150447,11254,296921,84605,40692,43913
50435,312582,15632,150462,11256,296949,84612,40695,43917
50440,312613,15634,150473,11257,296978,84619,40697,43922
50445,312644,15636,150488,11258,297007,84627,40701,43926
50450,312675,15638,150500,11260,297036,84635,40703,43932
50455,312706,15640,150513,11262,297065,84643,40708,43935
50460,312737,15643,150527,11265,297093,84651,40708,43943
50465,312768,15644,150538,11265,297123,84659,40712,43947
50470,312799,15647,150558,11268,297151,84667,40718,43949
50475,312830,15651,150576,11271,297179,84675,40722,43953
50480,312861,15651,150591,11271,297208,84683,40724,43959
50485,312892,15651,150603,11271,297240,84691,40727,43964
50490,312923,15651,150620,11271,297271,84699,40732,43967
50495,312954,15651,150631,11271,297303,84707,40734,43973
50500,312985,15651,150648,11271,297333,84715,40740,43975
50505,313016,15651,150662,11271,297365,84724,40746,43978
50510,313047,15651,150675,11271,297395,84734,40751,43983
50515,313078,15651,150689,11271,297427,84744,40755,43989
50520,313109,15651,150707,11271,297457,84754,40761,43993
50525,313140,15651,150721,11271,297488,84764,40765,43999
50530,313171,15652,150736,11271,297518,84774,40772,44002
50535,313202,15653,150751,11271,297548,84784,40776,44008
50540,313233,15654,150764,11271,297577,84794,40778,44016
50545,313264,15655,150780,11271,297608,84804,40785,44019
50550,313295,15656,150799,11272,297639,84814,40791,44023
50555,313326,15657,150814,11273,297669,84824,40796,44028
50560,313357,15658,150830,11273,297699,84834,40801,44033
50565,313388,15659,150848,11273,297728,84844,40806,44038
50570,313419,15662,150858,11276,297757,84854,40810,44044
50575,313450,15663,150873,11276,297787,84864,40812,44052
50580,313481,15666,150890,11278,297814,84874,40819,44055
50585,313512,15671,150907,11282,297840,84883,40823,44060
50590,313543,15676,150927,11286,297867,84892,40829,44063
50595,313574,15678,150939,11287,297894,84901,40833,44068
50600,313605,15682,150955,11290,297921,84910,40836,44074
50605,313636,15685,150972,11292,297951,84919,40841,44078
50610,313667,15686,150983,11293,297981,84928,40845,44083
50615,313698,15687,151003,11293,298010,84937,40850,44087
50620,313729,15688,151013,11293,298041,84946,40855,44091
50625,313760,15689,151026,11294,298070,84955,40860,44095
50630,313791,15690,151042,11294,298100,84964,40866,44098
50635,313822,15693,151056,11297,298129,84973,40868,44105
50640,313853,15697,151076,11301,298155,84982,40874,44108
50645,313884,15701,151093,11305,298183,84990,40877,44113
50650,313915,15705,151109,11308,298210,84998,40882,44116
50655,313946,15707,151125,11309,298238,85006,40889,44117
50660,313977,15707,151139,11309,298269,85014,40892,44122
50665,314008,15707,151156,11309,298301,85022,40896,44126
50670,314039,15707,151165,11309,298331,85030,40900,44130
50675,314070,15707,151183,11309,298363,85038,40904,44134
50680,314101,15707,151195,11309,298394,85046,40908,44138
50685,314132,15707,151211,11309,298425,85055,40915,44140
50690,314163,15707,151229,11309,298455,85064,40918,44146
50695,314194,15707,151241,11309,298487,85073,40923,44150
50700,314225,15707,151254,11309,298518,85082,40927,44155
50705,314256,15707,151267,11309,298549,85090,40931,44159
50710,314287,15709,151285,11310,298578,85098,40937,44161
50715,314318,15711,151302,11311,298606,85106,40942,44164
50720,314349,15714,151317,11313,298634,85114,40944,44170
50725,314380,15715,151328,11314,298664,85122,40949,44173
50730,314411,15717,151345,11315,298693,85130,40953,44177
50735,314442,15719,151360,11316,298722,85138,40957,44181
50740,314473,15720,151373,11316,298751,85146,40960,44186
50745,314504,15722,151387,11317,298780,85155,40964,44191
50750,314535,15724,151402,11319,298809,85164,40967,44197
50755,314566,15726,151418,11321,298839,85173,40972,44201
50760,314597,15727,151431,11321,298869,85182,40976,44206
50765,314628,15730,151442,11323,298897,85189,40978,44211
50770,314659,15733,151457,11325,298925,85196,40980,44216
50775,314690,15738,151471,11329,298951,85203,40983,44220
50780,314721,15739,151487,11330,298981,85210,40986,44224
50785,314752,15741,151504,11331,299011,85217,40992,44225
50790,314783,15743,151525,11333,299039,85224,40997,44227
50795,314814,15744,151544,11334,299070,85231,41002,44229
50800,314845,15746,151559,11336,299099,85238,41004,44234
50805,314876,15748,151570,11338,299127,85245,41006,44239
50810,314907,15751,151586,11340,299154,85253,41011,44242
50815,314938,15753,151598,11341,299183,85261,41014,44247
50820,314969,15755,151617,11342,299212,85269,41020,44249
50825,315000,15757,151632,11344,299242,85277,41026,44251
50830,315031,15760,151649,11346,299271,85285,41030,44255
50835,315062,15760,151660,11346,299301,85293,41032,44261
50840,315093,15760,151677,11346,299331,85301,41035,44266
50845,315124,15760,151699,11346,299363,85309,41040,44269
50850,315155,15760,151713,11346,299395,85317,41042,44275
50855,315186,15760,151727,11346,299426,85325,41045,44280
50860,315217,15760,151740,11346,299457,85333,41049,44284
50865,315248,15760,151751,11346,299487,85343,41055,44288
50870,315279,15760,151770,11346,299518,85353,41059,44294
50875,315310,15760,151790,11346,299550,85363,41065,44298
50880,315341,15760,151806,11346,299580,85373,41069,44304
50885,315372,15761,151820,11346,299611,85382,41074,44308
50890,315403,15762,151835,11347,299639,85391,41077,44314
50895,315434,15765,151852,11350,299666,85400,41083,44317
50900,315465,15769,151865,11353,299695,85409,41088,44321
50905,315496,15771,151878,11355,299725,85418,41092,44326
50910,315527,15773,151899,11357,299752,85427,41099,44328
50915,315558,15775,151918,11359,299781,85436,41104,44332
50920,315589,15777,151932,11361,299811,85445,41108,44337
50925,315620,15780,151944,11364,299838,85454,41112,44342
50930,315651,15782,151956,11366,299867,85463,41116,44347
50935,315682,15786,151969,11369,299895,85472,41120,44352
50940,315713,15788,151984,11371,299924,85481,41125,44356
50945,315744,15789,151997,11372,299955,85490,41131,44359
50950,315775,15790,152013,11373,299984,85499,41136,44363
50955,315806,15792,152026,11374,300013,85508,41139,44369
50960,315837,15794,152039,11375,300042,85517,41143,44374
50965,315868,15796,152051,11376,300072,85526,41148,44378
50970,315899,15798,152057,11377,300101,85535,41148,44387
50975,315930,15799,152077,11378,300130,85544,41153,44391
50980,315961,15800,152088,11378,300160,85553,41156,44397
50985,315992,15802,152098,11380,300190,85563,41160,44403
50990,316023,15805,152115,11383,300216,85573,41167,44406
50995,316054,15808,152130,11386,300245,85583,41172,44411
51000,316085,15812,152145,11389,300273,85593,41177,44416
51005,316116,15812,152160,11389,300304,85602,41183,44419
51010,316147,15812,152175,11389,300334,85611,41186,44425
51015,316178,15812,152186,11389,300365,85620,41190,44430
51020,316209,15812,152198,11389,300397,85629,41195,44434
51025,316240,15812,152211,11389,300427,85638,41197,44441
51030,316271,15812,152224,11389,300459,85647,41198,44449
51035,316302,15812,152234,11389,300489,85656,41200,44456
51040,316333,15812,152247,11389,300521,85665,41205,44460
51045,316364,15812,152267,11389,300552,85674,41212,44462
51050,316395,15813,152285,11389,300581,85683,41217,44466
51055,316426,15815,152294,11390,300611,85692,41218,44474
51060,316457,15817,152312,11392,300639,85701,41222,44479
51065,316488,15819,152327,11394,300668,85709,41225,44484
51070,316519,15821,152341,11396,300697,85717,41228,44489
51075,316550,15823,152353,11397,300726,85725,41230,44495
51080,316581,15826,152371,11399,300754,85733,41236,44497
51085,316612,15829,152386,11401,300782,85741,41239,44502
51090,316643,15831,152398,11402,300812,85749,41242,44507
51095,316674,15833,152413,11403,300840,85757,41248,44509
51100,316705,15835,152427,11404,300869,85765,41252,44513
51105,316736,15837,152440,11406,300898,85774,41255,44519
51110,316767,15839,152458,11408,300928,85783,41260,44523
51115,316798,15840,152475,11409,300958,85792,41266,44526
51120,316829,15841,152489,11410,300988,85801,41269,44532
51125,316860,15842,152506,11410,301018,85810,41274,44536
51130,316891,15843,152520,11410,301047,85819,41278,44541
51135,316922,15844,152537,11410,301077,85828,41283,44545
51140,316953,15845,152554,11410,301108,85837,41288,44549
51145,316984,15846,152569,11411,301137,85846,41291,44555
51150,317015,15847,152582,11412,301168,85855,41292,44563
51155,317046,15848,152597,11412,301197,85864,41295,44569
51160,317077,15850,152612,11413,301227,85873,41298,44575
51165,317108,15852,152624,11414,301255,85883,41301,44582
51170,317139,15853,152632,11414,301285,85893,41305,44588
51175,317170,15856,152645,11416,301314,85903,41311,44592
51180,317201,15858,152663,11418,301342,85913,41315,44598
51185,317232,15859,152676,11418,301372,85920,41317,44603
51190,317263,15861,152691,11420,301402,85927,41320,44607
51195,317294,15864,152711,11423,301430,85934,41323,44611
51200,317325,15865,152728,11423,301459,85941,41329,44612
51205,317356,15867,152740,11425,301489,85948,41331,44617
51210,317387,15870,152756,11427,301515,85955,41334,44621
51215,317418,15873,152768,11429,301544,85962,41337,44625
51220,317449,15877,152781,11432,301570,85969,41339,44630
51225,317480,15880,152792,11435,301599,85976,41342,44634
51230,317511,15883,152807,11438,301625,85983,41343,44640
51235,317542,15886,152824,11441,301653,85990,41345,44645
51240,317573,15889,152834,11443,301683,85997,41346,44651
51245,317604,15891,152848,11445,301713,86003,41350,44653
51250,317635,15893,152860,11446,301741,86009,41352,44657
51255,317666,15896,152875,11448,301770,86015,41354,44661
51260,317697,15896,152893,11448,301801,86021,41357,44664
51265,317728,15896,152911,11448,301832,86027,41363,44664
51270,317759,15896,152918,11448,301863,86033,41365,44668
51275,317790,15896,152932,11448,301894,86039,41368,44671
51280,317821,15896,152948,11448,301925,86045,41371,44674
51285,317852,15896,152960,11448,301956,86054,41373,44681
51290,317883,15896,152974,11448,301987,86063,41379,44684
51295,317914,15896,152987,11448,302018,86072,41384,44688
51300,317945,15896,153005,11448,302048,86081,41390,44691
51305,317976,15896,153015,11448,302080,86089,41391,44698
51310,318007,15896,153030,11448,302111,86097,41393,44704
51315,318038,15896,153042,11448,302142,86105,41396,44709
51320,318069,15896,153056,11448,302173,86113,41401,44712
51325,318100,15896,153070,11448,302204,86121,41403,44718
51330,318131,15896,153087,11448,302235,86129,41407,44722
51335,318162,15898,153097,11449,302264,86137,41410,44727
51340,318193,15899,153107,11450,302294,86145,41414,44731
51345,318224,15900,153119,11450,302323,86153,41420,44733
51350,318255,15902,153136,11451,302351,86162,41426,44736
51355,318286,15904,153153,11453,302380,86171,41431,44740
51360,318317,15907,153163,11455,302409,86180,41437,44743
51365,318348,15911,153182,11458,302436,86188,41445,44743
51370,318379,15914,153200,11459,302460,86196,41449,44747
51375,318410,15918,153214,11462,302489,86204,41453,44751
51380,318441,15923,153228,11466,302517,86212,41457,44755
51385,318472,15928,153241,11469,302541,86220,41461,44759
51390,318503,15933,153258,11472,302569,86228,41468,44760
51395,318534,15936,153268,11474,302596,86236,41471,44765
51400,318565,15942,153284,11479,302622,86244,41475,44769
51405,318596,15944,153300,11480,302651,86253,41481,44772
51410,318627,15944,153314,11480,302682,86262,41486,44776
51415,318658,15944,153334,11480,302714,86271,41491,44780
51420,318689,15944,153347,11480,302744,86280,41495,44785
51425,318720,15944,153364,11480,302776,86288,41501,44787
51430,318751,15944,153376,11480,302806,86296,41503,44793
51435,318782,15944,153388,11480,302838,86304,41507,44797
51440,318813,15944,153401,11480,302869,86312,41509,44803
51445,318844,15944,153418,11480,302900,86320,41515,44805
51450,318875,15944,153434,11480,302931,86328,41521,44807
51455,318906,15944,153451,11480,302962,86336,41525,44811
51460,318937,15944,153468,11480,302993,86344,41529,44815
51465,318968,15944,153481,11480,303024,86353,41532,44821
51470,318999,15944,153495,11480,303055,86362,41536,44826
51475,319030,15944,153508,11480,303086,86371,41539,44832
51480,319061,15944,153526,11480,303117,86380,41546,44834
51485,319092,15944,153545,11480,303148,86388,41553,44835
51490,319123,15944,153562,11480,303179,86396,41557,44839
51495,319154,15944,153580,11480,303209,86404,41562,44842
51500,319185,15944,153595,11480,303241,86412,41568,44844
51505,319216,15947,153612,11482,303267,86420,41573,44847
51510,319247,15953,153623,11487,303294,86428,41577,44851
51515,319278,15957,153635,11489,303319,86436,41580,44856
51520,319309,15965,153647,11496,303344,86444,41582,44862
51525,319340,15971,153666,11502,303366,86452,41586,44866
51530,319371,15973,153678,11504,303397,86461,41588,44873
51535,319402,15974,153688,11505,303426,86470,41591,44879
51540,319433,15975,153702,11506,303455,86479,41597,44882
51545,319464,15977,153721,11507,303486,86488,41603,44885
51550,319495,15979,153742,11509,303515,86497,41609,44888
51555,319526,15982,153755,11511,303544,86506,41614,44892
51560,319557,15986,153770,11514,303571,86515,41620,44895
51565,319588,15986,153791,11514,303602,86524,41625,44899
51570,319619,15986,153808,11514,303633,86533,41629,44904
51575,319650,15986,153824,11514,303663,86542,41634,44908
51580,319681,15986,153840,11514,303694,86551,41638,44913
51585,319712,15986,153854,11514,303725,86561,41642,44919
51590,319743,15986,153868,11514,303757,86571,41645,44926
51595,319774,15986,153884,11514,303787,86581,41651,44930
51600,319805,15986,153900,11514,303818,86591,41657,44934
51605,319836,15986,153918,11514,303850,86600,41663,44937
51610,319867,15986,153931,11514,303881,86609,41666,44943
51615,319898,15986,153939,11514,303912,86618,41669,44949
51620,319929,15986,153955,11514,303943,86627,41674,44953
51625,319960,15986,153970,11514,303974,86636,41679,44957
51630,319991,15987,153986,11515,304004,86645,41682,44963
51635,320022,15988,154007,11516,304034,86654,41688,44966
51640,320053,15989,154022,11516,304064,86663,41692,44971
51645,320084,15990,154039,11517,304094,86672,41695,44977
51650,320115,15991,154056,11517,304124,86681,41702,44979
51655,320146,15994,154071,11520,304151,86690,41706,44984
51660,320177,15997,154086,11522,304180,86699,41711,44988
51665,320208,15998,154102,11522,304207,86707,41714,44993
51670,320239,16005,154121,11529,304231,86715,41719,44996
51675,320270,16011,154135,11535,304258,86723,41721,45002
51680,320301,16012,154149,11535,304287,86731,41724,45007
51685,320332,16013,154168,11536,304319,86739,41729,45010
51690,320363,16014,154182,11536,304349,86747,41734,45013
51695,320394,16015,154202,11537,304379,86755,41740,45015
51700,320425,16016,154219,11537,304409,86763,41745,45018
51705,320456,16017,154239,11537,304437,86772,41753,45019
51710,320487,16018,154255,11537,304467,86781,41758,45023
51715,320518,16019,154279,11537,304498,86790,41765,45025
51720,320549,16020,154297,11537,304529,86799,41771,45028
51725,320580,16021,154311,11537,304559,86806,41774,45032
51730,320611,16022,154330,11537,304589,86813,41779,45034
51735,320642,16023,154345,11538,304619,86820,41781,45039
51740,320673,16026,154355,11540,304647,86827,41785,45042
51745,320704,16027,154366,11540,304677,86834,41787,45047
51750,320735,16030,154380,11543,304705,86841,41789,45052
51755,320766,16032,154393,11545,304734,86848,41791,45057
51760,320797,16034,154409,11546,304763,86855,41793,45062
51765,320828,16036,154424,11548,304792,86863,41796,45067
51770,320859,16038,154438,11549,304821,86871,41800,45071
51775,320890,16041,154450,11552,304849,86879,41803,45076
51780,320921,16045,154463,11556,304875,86887,41807,45080
51785,320952,16048,154482,11558,304903,86895,41812,45083
51790,320983,16051,154497,11560,304931,86903,41816,45087
51795,321014,16054,154507,11562,304960,86911,41818,45093
51800,321045,16057,154526,11565,304987,86919,41823,45096
51805,321076,16061,154543,11569,305014,86927,41827,45100
51810,321107,16064,154561,11571,305042,86935,41832,45103
51815,321138,16064,154574,11571,305073,86943,41836,45107
51820,321169,16064,154589,11571,305104,86951,41841,45110
51825,321200,16064,154603,11571,305135,86961,41846,45115
51830,321231,16064,154617,11571,305164,86971,41851,45120
51835,321262,16064,154629,11571,305197,86981,41854,45127
51840,321293,16064,154641,11571,305227,86991,41857,45134
51845,321324,16064,154651,11571,305259,87000,41860,45140
51850,321355,16064,154672,11571,305291,87009,41866,45143
51855,321386,16064,154689,11571,305321,87018,41869,45149
51860,321417,16064,154708,11571,305352,87027,41873,45154
51865,321448,16064,154720,11571,305383,87036,41875,45161
51870,321479,16064,154733,11571,305413,87045,41878,45167
51875,321510,16064,154751,11571,305445,87054,41882,45172
51880,321541,16064,154768,11571,305477,87063,41888,45175
51885,321572,16064,154780,11571,305508,87072,41894,45178
51890,321603,16065,154797,11571,305537,87081,41900,45181
51895,321634,16067,154814,11572,305565,87090,41905,45185
51900,321665,16069,154830,11574,305596,87099,41910,45189
51905,321696,16070,154850,11575,305626,87105,41914,45191
51910,321727,16072,154869,11576,305655,87111,41920,45191
51915,321758,16075,154885,11579,305683,87117,41923,45194
51920,321789,16078,154898,11582,305711,87123,41927,45196
51925,321820,16080,154916,11583,305738,87129,41930,45199
51930,321851,16085,154934,11587,305765,87135,41933,45202
51935,321882,16091,154952,11591,305790,87141,41938,45203
51940,321913,16094,154968,11593,305818,87147,41940,45207
51945,321944,16096,154982,11594,305846,87154,41943,45211
51950,321975,16101,154997,11599,305872,87161,41949,45212
51955,322006,16105,155018,11603,305899,87168,41952,45216
51960,322037,16109,155028,11607,305928,87175,41955,45220
51965,322068,16111,155043,11609,305957,87181,41958,45223
51970,322099,16113,155056,11611,305986,87187,41960,45227
51975,322130,16113,155073,11611,306017,87193,41962,45231
51980,322161,16113,155087,11611,306048,87199,41964,45235
51985,322192,16113,155103,11611,306079,87205,41968,45237
51990,322223,16113,155119,11611,306110,87211,41969,45242
51995,322254,16113,155136,11611,306141,87217,41972,45245
52000,322285,16113,155148,11611,306172,87223,41974,45249
52005,322316,16113,155165,11611,306203,87231,41977,45254
52010,322347,16113,155184,11611,306234,87240,41982,45258
52015,322378,16113,155196,11611,306265,87249,41985,45264
52020,322409,16113,155211,11611,306296,87258,41990,45268
52025,322440,16113,155228,11611,306326,87267,41993,45274
52030,322471,16113,155240,11611,306358,87276,41996,45280
52035,322502,16113,155251,11611,306388,87285,41998,45287
52040,322533,16113,155265,11611,306417,87294,42000,45294
52045,322564,16113,155282,11611,306450,87303,42006,45297
52050,322595,16113,155294,11611,306480,87312,42010,45302
52055,322626,16114,155307,11612,306511,87321,42014,45307
52060,322657,16115,155322,11613,306542,87330,42019,45311
52065,322688,16117,155337,11615,306571,87340,42024,45316
52070,322719,16119,155350,11617,306599,87350,42028,45322
52075,322750,16121,155367,11619,306629,87360,42031,45329
52080,322781,16122,155383,11619,306657,87370,42035,45335
52085,322812,16127,155398,11622,306684,87379,42038,45341
52090,322843,16129,155413,11624,306714,87388,42043,45345
52095,322874,16133,155430,11628,306740,87397,42048,45349
52100,322905,16136,155444,11631,306768,87406,42052,45354
52105,322936,16140,155459,11634,306795,87415,42057,45358
52110,322967,16143,155479,11637,306823,87424,42064,45360
52115,322998,16147,155494,11640,306851,87433,42066,45367
52120,323029,16148,155506,11640,306881,87442,42070,45372
52125,323060,16149,155521,11640,306911,87451,42077,45374
52130,323091,16150,155537,11640,306941,87460,42083,45377
52135,323122,16151,155552,11640,306970,87469,42087,45382
52140,323153,16152,155561,11640,307001,87478,42088,45390
52145,323184,16154,155575,11642,307030,87486,42091,45395
52150,323215,16155,155585,11642,307060,87494,42094,45400
52155,323246,16156,155601,11642,307090,87502,42097,45405
52160,323277,16158,155618,11643,307118,87510,42102,45408
52165,323308,16163,155634,11648,307144,87518,42104,45414
52170,323339,16165,155647,11650,307174,87526,42107,45419
52175,323370,16167,155660,11651,307201,87534,42111,45423
52180,323401,16171,155676,11655,307229,87542,42116,45426
52185,323432,16171,155692,11655,307260,87550,42120,45430
52190,323463,16171,155708,11655,307292,87559,42124,45435
52195,323494,16171,155725,11655,307322,87568,42128,45440
52200,323525,16171,155743,11655,307354,87577,42134,45443
52205,323556,16171,155756,11655,307385,87586,42137,45449
52210,323587,16171,155778,11655,307416,87595,42144,45451
52215,323618,16171,155793,11655,307446,87604,42148,45456
52220,323649,16171,155809,11655,307477,87613,42154,45459
52225,323680,16173,155826,11656,307506,87622,42159,45463
52230,323711,16174,155841,11656,307536,87631,42166,45465
52235,323742,16176,155856,11658,307566,87640,42170,45470
52240,323773,16178,155872,11659,307593,87649,42173,45476
52245,323804,16179,155890,11659,307624,87659,42179,45480
52250,323835,16181,155901,11661,307653,87669,42182,45487
52255,323866,16183,155917,11663,307683,87679,42185,45494
52260,323897,16185,155930,11664,307712,87689,42189,45500
52265,323928,16187,155946,11666,307741,87696,42193,45503
52270,323959,16190,155965,11669,307769,87703,42196,45507
52275,323990,16193,155980,11671,307797,87710,42200,45510
52280,324021,16194,155994,11672,307827,87717,42202,45515
52285,324052,16196,156008,11673,307855,87724,42204,45520
52290,324083,16200,156021,11677,307883,87731,42205,45526
52295,324114,16201,156033,11678,307912,87738,42208,45530
52300,324145,16203,156048,11680,307942,87745,42212,45533
52305,324176,16204,156063,11681,307971,87752,42215,45537
52310,324207,16207,156083,11684,307999,87759,42218,45541
52315,324238,16210,156100,11686,308027,87766,42221,45545
52320,324269,16211,156112,11687,308057,87773,42225,45548
52325,324300,16213,156127,11688,308086,87779,42228,45551
52330,324331,16215,156138,11690,308115,87785,42232,45553
52335,324362,16216,156150,11691,308145,87791,42236,45555
52340,324393,16218,156162,11692,308173,87797,42237,45560
52345,324424,16221,156180,11695,308201,87803,42241,45562
52350,324455,16225,156195,11699,308230,87809,42242,45567
52355,324486,16225,156210,11699,308260,87815,42245,45570
52360,324517,16225,156225,11699,308292,87821,42248,45573
52365,324548,16225,156238,11699,308320,87830,42252,45578
52370,324579,16225,156255,11699,308350,87839,42257,45582
52375,324610,16225,156267,11699,308384,87848,42261,45587
52380,324641,16225,156281,11699,308415,87857,42264,45593
52385,324672,16225,156296,11699,308446,87866,42266,45600
52390,324703,16225,156314,11699,308478,87875,42271,45604
52395,324734,16225,156328,11699,308508,87884,42277,45607
52400,324765,16226,156340,11700,308539,87893,42281,45612
52405,324796,16228,156356,11702,308568,87902,42286,45616
52410,324827,16229,156373,11702,308598,87911,42290,45621
52415,324858,16231,156391,11703,308627,87920,42295,45625
52420,324889,16233,156409,11705,308656,87929,42300,45629
52425,324920,16234,156419,11705,308686,87939,42302,45637
52430,324951,16236,156436,11706,308715,87949,42306,45643
52435,324982,16237,156447,11707,308745,87959,42309,45650
52440,325013,16240,156464,11710,308773,87969,42313,45656
52445,325044,16243,156480,11712,308801,87978,42318,45660
52450,325075,16246,156497,11715,308829,87987,42325,45662
52455,325106,16250,156516,11719,308855,87996,42331,45665
52460,325137,16252,156529,11721,308884,88005,42334,45671
52465,325168,16254,156546,11723,308913,88014,42341,45673
52470,325199,16256,156561,11724,308942,88023,42348,45675
52475,325230,16259,156575,11727,308970,88032,42350,45682
52480,325261,16261,156589,11728,308999,88041,42355,45686
52485,325292,16265,156606,11732,309025,88050,42359,45691
52490,325323,16268,156625,11734,309053,88059,42366,45693
52495,325354,16272,156641,11738,309081,88068,42371,45697
52500,325385,16274,156653,11739,309110,88077,42372,45705
52505,325416,16274,156666,11739,309140,88085,42374,45711
52510,325447,16274,156681,11739,309172,88093,42379,45714
52515,325478,16274,156695,11739,309204,88101,42382,45719
52520,325509,16274,156714,11739,309234,88109,42386,45723
52525,325540,16274,156726,11739,309266,88117,42388,45729
52530,325571,16274,156740,11739,309295,88125,42392,45733
52535,325602,16274,156757,11739,309327,88133,42396,45737
52540,325633,16274,156775,11739,309358,88141,42401,45740
52545,325664,16274,156791,11739,309389,88150,42406,45744
52550,325695,16274,156805,11739,309421,88159,42410,45749
52555,325726,16274,156818,11739,309452,88168,42413,45755
52560,325757,16274,156835,11739,309482,88177,42419,45758
52565,325788,16276,156849,11741,309512,88186,42421,45765
52570,325819,16278,156864,11743,309540,88195,42426,45769
52575,325850,16279,156877,11743,309570,88204,42431,45773
52580,325881,16280,156890,11743,309600,88213,42435,45778
52585,325912,16282,156907,11744,309630,88222,42439,45783
52590,325943,16284,156926,11745,309659,88231,42446,45785
52595,325974,16286,156946,11746,309688,88240,42452,45788
52600,326005,16289,156961,11748,309715,88249,42455,45794
52605,326036,16295,156979,11753,309739,88259,42461,45798
52610,326067,16302,156994,11760,309764,88269,42464,45805
52615,326098,16307,157009,11764,309790,88279,42469,45810
52620,326129,16310,157023,11766,309818,88289,42474,45815
52625,326160,16312,157037,11768,309848,88298,42478,45820
52630,326191,16313,157054,11768,309877,88307,42484,45823
52635,326222,16316,157070,11771,309906,88316,42489,45827
52640,326253,16318,157090,11772,309935,88325,42494,45831
52645,326284,16321,157106,11775,309963,88334,42498,45836
52650,326315,16321,157119,11775,309994,88343,42500,45843
52655,326346,16321,157137,11775,310025,88352,42504,45848
52660,326377,16321,157153,11775,310056,88361,42506,45855
52665,326408,16321,157165,11775,310086,88370,42511,45859
52670,326439,16321,157178,11775,310117,88379,42514,45865
52675,326470,16321,157190,11775,310149,88388,42517,45871
52680,326501,16321,157203,11775,310179,88397,42522,45875
52685,326532,16321,157219,11775,310211,88405,42524,45881
52690,326563,16321,157232,11775,310242,88413,42527,45886
52695,326594,16321,157248,11775,310272,88421,42531,45890
52700,326625,16321,157260,11775,310304,88429,42534,45895
52705,326656,16321,157270,11775,310335,88437,42537,45900
52710,326687,16321,157282,11775,310366,88445,42543,45902
52715,326718,16321,157299,11775,310396,88453,42548,45905
52720,326749,16321,157312,11775,310428,88461,42551,45910
52725,326780,16321,157326,11775,310458,88469,42555,45914
52730,326811,16322,157337,11775,310488,88478,42558,45920
52735,326842,16324,157353,11777,310518,88487,42560,45927
52740,326873,16325,157369,11778,310548,88496,42565,45931
52745,326904,16326,157381,11779,310578,88503,42567,45936
52750,326935,16328,157394,11781,310607,88510,42569,45941
52755,326966,16330,157411,11783,310635,88517,42574,45943
52760,326997,16333,157427,11785,310663,88524,42575,45949
52765,327028,16336,157447,11788,310691,88531,42578,45953
52770,327059,16340,157459,11791,310718,88538,42581,45957
52775,327090,16343,157473,11793,310743,88545,42585,45960
52780,327121,16347,157485,11796,310773,88552,42588,45964
52785,327152,16351,157499,11798,310800,88560,42591,45969
52790,327183,16353,157509,11799,310829,88568,42594,45974
52795,327214,16356,157523,11800,310857,88576,42597,45979
52800,327245,16360,157534,11802,310884,88584,42598,45986
52805,327276,16364,157544,11805,310912,88589,42600,45989
52810,327307,16365,157560,11806,310940,88594,42601,45993
52815,327338,16367,157575,11808,310969,88599,42605,45994
52820,327369,16369,157592,11810,311000,88604,42608,45996
52825,327400,16371,157607,11812,311029,88609,42613,45996
52830,327431,16373,157623,11813,311056,88614,42614,46000
52835,327462,16376,157634,11815,311085,88619,42616,46003
52840,327493,16379,157652,11818,311113,88624,42620,46004
52845,327524,16380,157664,11819,311144,88630,42622,46008
52850,327555,16380,157675,11819,311175,88637,42624,46013
52855,327586,16380,157690,11819,311206,88644,42627,46017
52860,327617,16380,157708,11819,311237,88651,42631,46020
52865,327648,16380,157726,11819,311268,88658,42634,46024
52870,327679,16380,157740,11819,311299,88665,42639,46026
52875,327710,16380,157754,11819,311330,88672,42644,46028
52880,327741,16380,157772,11819,311361,88679,42648,46031
52885,327772,16380,157786,11819,311392,88686,42652,46034
52890,327803,16380,157799,11819,311422,88693,42656,46037
52895,327834,16380,157815,11819,311453,88700,42659,46041
52900,327865,16380,157831,11819,311483,88707,42662,46045
52905,327896,16380,157848,11819,311514,88717,42667,46050
52910,327927,16380,157863,11819,311546,88727,42672,46055
52915,327958,16381,157877,11819,311577,88737,42677,46060
52920,327989,16382,157892,11819,311607,88747,42681,46066
52925,328020,16383,157913,11820,311636,88756,42688,46068
52930,328051,16384,157925,11820,311667,88765,42694,46071
52935,328082,16385,157938,11821,311696,88774,42696,46078
52940,328113,16386,157952,11821,311727,88783,42700,46083
52945,328144,16387,157967,11822,311757,88792,42704,46088
52950,328175,16389,157978,11822,311785,88801,42707,46094
52955,328206,16392,157993,11824,311812,88810,42712,46098
52960,328237,16395,158007,11825,311841,88819,42716,46103
52965,328268,16397,158027,11825,311869,88828,42722,46106
52970,328299,16401,158041,11828,311897,88837,42726,46111
52975,328330,16404,158058,11831,311925,88846,42732,46114
52980,328361,16408,158071,11833,311952,88855,42736,46119
52985,328392,16412,158087,11836,311978,88863,42740,46123
52990,328423,16418,158105,11841,312003,88871,42744,46127
52995,328454,16422,158116,11844,312032,88879,42747,46132
53000,328485,16425,158131,11846,312059,88887,42751,46136
53005,328516,16428,158148,11847,312086,88895,42752,46143
53010,328547,16431,158161,11849,312116,88903,42754,46149
53015,328578,16433,158179,11851,312145,88911,42757,46154
53020,328609,16435,158197,11853,312173,88919,42762,46157
53025,328640,16438,158210,11856,312201,88928,42766,46162
53030,328671,16440,158224,11857,312229,88937,42771,46166
53035,328702,16443,158237,11860,312258,88946,42774,46172
53040,328733,16443,158250,11860,312290,88955,42779,46176
53045,328764,16443,158264,11860,312319,88963,42782,46181
53050,328795,16443,158283,11860,312352,88971,42787,46184
53055,328826,16443,158294,11860,312382,88979,42792,46187
53060,328857,16443,158306,11860,312413,88987,42796,46191
53065,328888,16443,158323,11860,312445,88995,42800,46195
53070,328919,16443,158338,11860,312474,89003,42802,46201
53075,328950,16443,158355,11860,312506,89011,42808,46203
53080,328981,16443,158364,11860,312536,89019,42809,46210
53085,329012,16443,158384,11860,312567,89028,42813,46215
53090,329043,16443,158400,11860,312600,89037,42817,46220
53095,329074,16443,158415,11860,312631,89046,42823,46223
53100,329105,16443,158431,11860,312661,89055,42829,46226
53105,329136,16443,158446,11860,312693,89064,42831,46233
53110,329167,16443,158462,11860,312724,89073,42837,46236
53115,329198,16445,158481,11862,312752,89082,42845,46237
53120,329229,16446,158497,11862,312782,89091,42850,46241
53125,329260,16448,158510,11864,312811,89100,42851,46249
53130,329291,16451,158525,11867,312839,89109,42854,46255
53135,329322,16453,158539,11869,312869,89118,42858,46260
53140,329353,16454,158553,11870,312898,89127,42862,46265
53145,329384,16458,158568,11873,312926,89137,42869,46268
53150,329415,16461,158587,11875,312953,89147,42875,46272
53155,329446,16467,158605,11880,312978,89157,42881,46276
53160,329477,16471,158620,11884,313005,89167,42886,46281
53165,329508,16475,158634,11886,313033,89177,42890,46287
53170,329539,16476,158648,11886,313063,89187,42894,46293
53175,329570,16477,158661,11886,313093,89197,42901,46296
53180,329601,16478,158676,11887,313123,89207,42906,46301
53185,329632,16479,158692,11888,313153,89217,42910,46307
53190,329663,16481,158711,11889,313182,89227,42916,46311
53195,329694,16483,158726,11891,313211,89237,42923,46314
53200,329725,16485,158741,11892,313240,89247,42927,46320
53205,329756,16488,158754,11894,313268,89257,42929,46328
53210,329787,16490,158774,11896,313297,89267,42937,46330
53215,329818,16492,158785,11897,313326,89277,42940,46337
53220,329849,16495,158802,11900,313354,89287,42946,46341
53225,329880,16496,158819,11901,313383,89297,42952,46345
53230,329911,16498,158835,11902,313413,89307,42958,46349
53235,329942,16498,158849,11902,313443,89317,42964,46353
53240,329973,16498,158859,11902,313474,89327,42966,46361
53245,330004,16498,158873,11902,313504,89337,42970,46367
53250,330035,16498,158890,11902,313536,89347,42976,46371
53255,330066,16498,158907,11902,313567,89357,42984,46373
53260,330097,16498,158921,11902,313599,89367,42990,46377
53265,330128,16498,158934,11902,313629,89377,42994,46383
53270,330159,16498,158948,11902,313660,89387,42999,46388
53275,330190,16498,158968,11902,313690,89397,43005,46392
53280,330221,16499,158982,11903,313722,89407,43009,46398
53285,330252,16500,158994,11904,313752,89416,43012,46404
53290,330283,16501,159007,11905,313781,89425,43013,46412
53295,330314,16502,159017,11905,313812,89434,43016,46418
53300,330345,16504,159031,11906,313841,89443,43018,46425
53305,330376,16505,159045,11906,313871,89452,43022,46430
53310,330407,16508,159061,11909,313899,89461,43027,46434
53315,330438,16509,159075,11909,313929,89470,43032,46438
53320,330469,16510,159093,11909,313959,89479,43039,46440
53325,330500,16512,159109,11910,313987,89488,43046,46442
53330,330531,16517,159126,11915,314014,89497,43050,46447
53335,330562,16521,159138,11918,314041,89506,43054,46452
53340,330593,16525,159158,11921,314068,89515,43060,46455
53345,330624,16526,159173,11921,314097,89520,43065,46455
53350,330655,16528,159187,11923,314127,89525,43068,46457
53355,330686,16530,159205,11925,314155,89530,43070,46460
53360,330717,16532,159218,11926,314185,89535,43074,46461
53365,330748,16533,159231,11926,314214,89540,43076,46464
53370,330779,16535,159243,11927,314243,89545,43079,46466
53375,330810,16538,159255,11929,314272,89550,43080,46470
53380,330841,16539,159268,11929,314300,89555,43081,46474
53385,330872,16545,159287,11935,314326,89561,43084,46477
53390,330903,16549,159297,11938,314354,89567,43085,46482
53395,330934,16549,159310,11938,314385,89573,43088,46485
53400,330965,16549,159325,11938,314414,89579,43091,46488
53405,330996,16549,159339,11938,314445,89584,43093,46491
53410,331027,16549,159351,11938,314478,89589,43096,46493
53415,331058,16549,159367,11938,314508,89594,43099,46495
53420,331089,16549,159383,11938,314539,89599,43102,46497
53425,331120,16549,159400,11938,314571,89604,43105,46499
53430,331151,16549,159415,11938,314601,89609,43109,46500
53435,331182,16549,159434,11938,314633,89614,43113,46501
53440,331213,16549,159447,11938,314664,89619,43116,46503
53445,331244,16549,159464,11938,314695,89627,43119,46508
53450,331275,16551,159478,11940,314722,89636,43122,46514
53455,331306,16553,159492,11941,314752,89645,43125,46520
53460,331337,16555,159508,11942,314780,89654,43130,46524
53465,331368,16556,159523,11942,314811,89662,43133,46529
53470,331399,16558,159537,11944,314841,89670,43137,46533
53475,331430,16559,159551,11945,314871,89678,43141,46537
53480,331461,16560,159560,11945,314900,89686,43144,46542
53485,331492,16562,159573,11946,314929,89694,43147,46547
53490,331523,16564,159588,11948,314959,89702,43151,46551
53495,331554,16567,159607,11951,314985,89710,43156,46554
53500,331585,16573,159619,11956,315012,89718,43159,46559
53505,331616,16577,159631,11958,315036,89726,43161,46565
53510,331647,16582,159643,11963,315065,89735,43165,46570
53515,331678,16586,159661,11965,315091,89744,43171,46573
53520,331709,16588,159674,11966,315121,89753,43172,46581
53525,331740,16590,159689,11968,315149,89761,43175,46586
53530,331771,16593,159705,11971,315177,89769,43179,46590
53535,331802,16596,159722,11974,315206,89777,43183,46594
53540,331833,16596,159741,11974,315237,89785,43188,46597
53545,331864,16596,159758,11974,315268,89793,43192,46601
53550,331895,16596,159774,11974,315299,89801,43198,46603
53555,331926,16596,159790,11974,315330,89809,43202,46607
53560,331957,16596,159802,11974,315360,89817,43203,46614
53565,331988,16596,159820,11974,315391,89826,43210,46616
53570,332019,16596,159839,11974,315421,89835,43217,46618
53575,332050,16596,159858,11974,315454,89844,43225,46619
53580,332081,16596,159874,11974,315484,89853,43230,46623
53585,332112,16596,159888,11974,315516,89860,43233,46627
53590,332143,16596,159902,11974,315546,89867,43236,46631
53595,332174,16596,159918,11974,315577,89874,43240,46634
53600,332205,16596,159930,11974,315609,89881,43243,46638
53605,332236,16596,159941,11974,315640,89888,43245,46643
53610,332267,16596,159953,11974,315671,89895,43248,46647
53615,332298,16596,159967,11974,315701,89902,43252,46650
53620,332329,16596,159980,11974,315732,89909,43254,46655
53625,332360,16597,159996,11974,315763,89917,43259,46658
53630,332391,16599,160012,11976,315792,89925,43263,46662
53635,332422,16601,160026,11977,315820,89933,43266,46667
53640,332453,16603,160041,11978,315849,89941,43270,46671
53645,332484,16609,160060,11984,315874,89949,43273,46676
53650,332515,16613,160072,11987,315902,89957,43277,46680
53655,332546,16617,160089,11991,315928,89965,43281,46684
53660,332577,16621,160106,11993,315955,89973,43285,46688
53665,332608,16625,160123,11997,315983,89981,43290,46691
53670,332639,16628,160136,11999,316010,89989,43293,46696
53675,332670,16632,160148,12002,316037,89997,43297,46700
53680,332701,16634,160162,12004,316065,90005,43300,46705
53685,332732,16636,160178,12006,316096,90015,43305,46710
53690,332763,16637,160195,12007,316126,90025,43308,46717
53695,332794,16638,160213,12008,316155,90035,43314,46721
53700,332825,16640,160229,12009,316182,90045,43317,46728
53705,332856,16642,160243,12010,316214,90055,43320,46735
53710,332887,16644,160261,12012,316242,90065,43325,46740
53715,332918,16646,160274,12013,316272,90075,43328,46747
53720,332949,16648,160288,12015,316300,90085,43333,46752
53725,332980,16650,160299,12016,316330,90095,43338,46757
53730,333011,16650,160312,12016,316360,90105,43343,46762
53735,333042,16650,160327,12016,316391,90115,43348,46767
53740,333073,16650,160341,12016,316423,90125,43353,46772
53745,333104,16650,160358,12016,316452,90135,43359,46776
53750,333135,16650,160369,12016,316484,90145,43361,46784
53755,333166,16650,160386,12016,316515,90155,43366,46789
53760,333197,16650,160402,12016,316546,90165,43369,46796
53765,333228,16650,160415,12016,316578,90175,43375,46800
53770,333259,16650,160426,12016,316608,90185,43380,46805
53775,333290,16650,160447,12016,316640,90195,43387,46808
53780,333321,16650,160458,12016,316671,90205,43390,46815
53785,333352,16652,160473,12017,316700,90215,43396,46819
53790,333383,16653,160486,12017,316730,90225,43399,46826
53795,333414,16654,160503,12018,316760,90235,43404,46831
53800,333445,16657,160512,12020,316788,90245,43405,46840
53805,333476,16658,160527,12020,316818,90255,43410,46845
53810,333507,16659,160543,12020,316848,90265,43416,46849
53815,333538,16661,160558,12022,316876,90275,43420,46855
53820,333569,16664,160576,12024,316905,90285,43427,46858
53825,333600,16665,160590,12024,316933,90294,43433,46861
53830,333631,16672,160604,12030,316959,90303,43439,46864
53835,333662,16678,160622,12034,316982,90312,43445,46867
53840,333693,16684,160643,12040,317008,90321,43450,46871
53845,333724,16688,160654,12043,317036,90330,43454,46876
53850,333755,16694,160667,12047,317060,90339,43456,46883
53855,333786,16697,160685,12050,317089,90348,43462,46886
53860,333817,16697,160699,12050,317119,90357,43464,46893
53865,333848,16697,160709,12050,317151,90366,43469,46897
53870,333879,16697,160725,12050,317182,90375,43475,46900
53875,333910,16697,160739,12050,317213,90384,43479,46905
53880,333941,16697,160752,12050,317243,90393,43483,46910
53885,333972,16697,160768,12050,317275,90399,43485,46914
53890,334003,16697,160785,12050,317305,90405,43489,46916
53895,334034,16697,160803,12050,317336,90411,43492,46919
53900,334065,16697,160818,12050,317367,90417,43494,46923
53905,334096,16697,160830,12050,317398,90423,43494,46929
53910,334127,16697,160841,12050,317430,90429,43496,46933
53915,334158,16697,160857,12050,317461,90435,43499,46936
53920,334189,16697,160877,12050,317491,90441,43502,46939
53925,334220,16697,160893,12050,317522,90448,43505,46943
53930,334251,16697,160906,12050,317553,90455,43508,46947
53935,334282,16697,160920,12050,317585,90462,43511,46951
53940,334313,16697,160934,12050,317615,90469,43515,46954
53945,334344,16697,160945,12050,317647,90476,43517,46959
53950,334375,16697,160960,12050,317678,90483,43519,46964
53955,334406,16697,160969,12050,317709,90490,43520,46970
53960,334437,16701,160986,12054,317736,90497,43521,46976
53965,334468,16706,161003,12058,317762,90504,43524,46980
53970,334499,16710,161017,12060,317789,90511,43527,46984
53975,334530,16715,161032,12063,317815,90518,43531,46987
53980,334561,16719,161049,12066,317841,90525,43533,46992
53985,334592,16724,161067,12070,317866,90535,43539,46996
53990,334623,16728,161080,12072,317893,90545,43544,47001
53995,334654,16733,161095,12075,317920,90555,43549,47006
54000,334685,16734,161110,12076,317950,90565,43553,47012
54005,334716,16735,161125,12077,317981,90575,43560,47015
54010,334747,16737,161141,12078,318010,90585,43565,47020
54015,334778,16739,161154,12079,318039,90595,43572,47023
54020,334809,16741,161166,12081,318068,90605,43575,47030
54025,334840,16743,161179,12082,318097,90615,43578,47037
54030,334871,16745,161191,12083,318126,90625,43580,47045
54035,334902,16747,161202,12084,318154,90635,43584,47051
54040,334933,16747,161222,12084,318185,90645,43589,47056
54045,334964,16747,161239,12084,318215,90655,43594,47061
54050,334995,16747,161249,12084,318247,90665,43597,47068
54055,335026,16747,161266,12084,318278,90675,43603,47072
54060,335057,16747,161284,12084,318310,90685,43609,47076
54065,335088,16747,161297,12084,318341,90693,43613,47080
54070,335119,16747,161310,12084,318371,90701,43615,47086
54075,335150,16747,161326,12084,318403,90709,43620,47089
54080,335181,16747,161346,12084,318433,90717,43624,47093
54085,335212,16747,161367,12084,318465,90725,43631,47094
54090,335243,16747,161385,12084,318495,90733,43635,47098
54095,335274,16747,161398,12084,318526,90741,43638,47103
54100,335305,16747,161415,12084,318558,90749,43644,47105
54105,335336,16749,161429,12086,318586,90757,43648,47109
54110,335367,16751,161445,12088,318616,90765,43653,47112
54115,335398,16753,161459,12090,318643,90773,43656,47117
54120,335429,16756,161473,12092,318672,90781,43663,47118
54125,335460,16758,161484,12093,318702,90786,43665,47121
54130,335491,16760,161500,12094,318730,90791,43669,47122
54135,335522,16763,161513,12097,318758,90796,43671,47125
54140,335553,16765,161526,12099,318788,90801,43673,47128
54145,335584,16766,161538,12099,318817,90806,43675,47131
54150,335615,16771,161550,12103,318843,90811,43675,47136
54155,335646,16774,161564,12105,318872,90816,43676,47140
54160,335677,16776,161581,12106,318900,90821,43679,47142
54165,335708,16777,161595,12106,318930,90826,43681,47145
54170,335739,16779,161611,12108,318959,90833,43683,47150
54175,335770,16781,161630,12110,318988,90840,43688,47152
54180,335801,16782,161648,12111,319019,90847,43693,47154
54185,335832,16783,161661,12112,319048,90853,43697,47156
54190,335863,16785,161679,12114,319076,90859,43699,47160
54195,335894,16787,161697,12116,319106,90865,43703,47162
54200,335925,16790,161710,12119,319135,90871,43705,47166
54205,335956,16792,161724,12120,319163,90877,43708,47169
54210,335987,16796,161740,12124,319191,90883,43711,47172
54215,336018,16798,161756,12126,319219,90889,43713,47176
54220,336049,16798,161769,12126,319251,90895,43717,47178
54225,336080,16798,161786,12126,319280,90904,43723,47181
54230,336111,16798,161802,12126,319312,90913,43728,47185
54235,336142,16798,161820,12126,319342,90922,43734,47188
54240,336173,16798,161836,12126,319374,90931,43739,47192
54245,336204,16798,161850,12126,319406,90940,43743,47197
54250,336235,16798,161867,12126,319437,90949,43747,47202
54255,336266,16798,161879,12126,319468,90958,43752,47206
54260,336297,16798,161893,12126,319499,90967,43756,47211
54265,336328,16799,161912,12127,319528,90976,43760,47216
54270,336359,16801,161923,12128,319558,90985,43763,47222
54275,336390,16802,161938,12129,319588,90994,43768,47226
54280,336421,16803,161951,12130,319618,91003,43771,47232
54285,336452,16805,161961,12132,319647,91013,43774,47239
54290,336483,16807,161977,12133,319675,91023,43781,47242
54295,336514,16808,161990,12134,319706,91033,43787,47246
54300,336545,16809,162000,12134,319734,91043,43789,47254
54305,336576,16813,162019,12138,319762,91053,43794,47259
54310,336607,16817,162036,12141,319788,91063,43799,47264
54315,336638,16822,162055,12145,319816,91073,43805,47268
54320,336669,16824,162077,12146,319844,91083,43811,47272
54325,336700,16825,162092,12146,319874,91093,43815,47278
54330,336731,16826,162106,12147,319905,91103,43819,47284
54335,336762,16827,162120,12148,319935,91113,43825,47288
54340,336793,16829,162130,12150,319964,91123,43829,47294
54345,336824,16831,162146,12151,319992,91133,43833,47300
54350,336855,16832,162154,12151,320023,91143,43835,47308
54355,336886,16833,162167,12152,320052,91153,43837,47316
54360,336917,16835,162177,12154,320082,91163,43840,47323
54365,336948,16837,162197,12156,320109,91173,43845,47328
54370,336979,16839,162210,12158,320140,91183,43849,47334
54375,337010,16841,162223,12159,320169,91193,43851,47342
54380,337041,16843,162238,12161,320197,91203,43856,47347
54385,337072,16844,162254,12161,320227,91213,43861,47352
54390,337103,16847,162272,12164,320255,91223,43864,47359
54395,337134,16848,162286,12165,320286,91233,43870,47363
54400,337165,16851,162301,12167,320314,91243,43874,47369
54405,337196,16851,162316,12167,320345,91253,43880,47373
54410,337227,16851,162330,12167,320376,91263,43887,47376
54415,337258,16851,162346,12167,320407,91273,43894,47379
54420,337289,16851,162361,12167,320438,91283,43898,47385
54425,337320,16852,162376,12167,320467,91290,43903,47387
54430,337351,16855,162391,12169,320493,91297,43908,47389
54435,337382,16856,162403,12169,320524,91304,43911,47393
54440,337413,16860,162420,12173,320551,91311,43916,47395
54445,337444,16863,162431,12175,320580,91318,43917,47401
54450,337475,16865,162444,12176,320609,91325,43920,47405
54455,337506,16867,162457,12178,320638,91332,43924,47408
54460,337537,16870,162476,12181,320666,91339,43928,47411
54465,337568,16872,162494,12183,320694,91346,43931,47415
54470,337599,16874,162508,12185,320725,91353,43934,47419
54475,337630,16874,162524,12185,320756,91360,43936,47424
54480,337661,16874,162537,12185,320787,91367,43940,47427
54485,337692,16874,162554,12185,320818,91373,43944,47429
54490,337723,16874,162567,12185,320849,91379,43945,47434
54495,337754,16874,162583,12185,320880,91385,43949,47436
54500,337785,16874,162591,12185,320911,91391,43951,47440
54505,337816,16875,162607,12186,320940,91397,43955,47442
54510,337847,16876,162620,12187,320971,91403,43959,47444
54515,337878,16877,162634,12187,321001,91409,43963,47446
54520,337909,16878,162647,12188,321030,91415,43965,47450
54525,337940,16880,162661,12189,321060,91424,43969,47455
54530,337971,16882,162674,12190,321089,91433,43973,47460
54535,338002,16883,162688,12190,321119,91442,43978,47464
54540,338033,16884,162704,12191,321148,91451,43982,47469
54545,338064,16885,162721,12192,321179,91460,43988,47472
54550,338095,16886,162733,12193,321207,91469,43991,47478
54555,338126,16887,162749,12193,321237,91478,43997,47481
54560,338157,16888,162765,12194,321269,91487,44004,47483
54565,338188,16889,162780,12195,321299,91496,44010,47486
54570,338219,16890,162793,12196,321328,91505,44016,47489
54575,338250,16893,162805,12197,321355,91514,44018,47496
54580,338281,16897,162821,12201,321384,91523,44022,47501
54585,338312,16899,162842,12203,321413,91533,44030,47503
54590,338343,16901,162856,12204,321442,91543,44034,47509
54595,338374,16905,162870,12207,321469,91553,44040,47513
54600,338405,16908,162885,12209,321496,91563,44045,47518
54605,338436,16911,162896,12210,321525,91573,44050,47523
54610,338467,16914,162914,12213,321552,91583,44056,47527
54615,338498,16917,162925,12216,321581,91593,44059,47534
54620,338529,16922,162939,12221,321607,91603,44062,47541
54625,338560,16926,162955,12225,321632,91613,44067,47546
54630,338591,16928,162970,12226,321662,91623,44072,47551
54635,338622,16930,162986,12228,321690,91633,44077,47556
54640,338653,16932,163004,12229,321721,91643,44084,47559
54645,338684,16934,163021,12231,321747,91653,44088,47565
54650,338715,16937,163039,12234,321775,91663,44093,47570
54655,338746,16940,163059,12237,321804,91673,44099,47574
54660,338777,16941,163076,12238,321834,91683,44105,47578
54665,338808,16944,163092,12240,321864,91691,44110,47581
54670,338839,16944,163106,12240,321894,91699,44114,47585
54675,338870,16944,163122,12240,321926,91707,44120,47587
54680,338901,16944,163139,12240,321957,91715,44124,47591
54685,338932,16944,163150,12240,321988,91723,44126,47597
54690,338963,16944,163167,12240,322019,91731,44132,47599
54695,338994,16944,163181,12240,322050,91739,44135,47604
54700,339025,16944,163200,12240,322081,91747,44138,47609
54705,339056,16944,163221,12240,322112,91755,44142,47613
54710,339087,16944,163234,12240,322143,91763,44147,47616
54715,339118,16944,163248,12240,322173,91771,44151,47620
54720,339149,16944,163266,12240,322204,91779,44158,47621
54725,339180,16944,163284,12240,322236,91786,44161,47625
54730,339211,16944,163299,12240,322267,91793,44165,47628
54735,339242,16945,163314,12241,322296,91800,44168,47632
54740,339273,16947,163328,12243,322325,91807,44171,47636
54745,339304,16948,163348,12244,322356,91814,44175,47639
54750,339335,16951,163361,12246,322384,91821,44181,47640
54755,339366,16953,163378,12247,322413,91828,44186,47642
54760,339397,16955,163393,12248,322442,91835,44191,47644
54765,339428,16957,163405,12249,322470,91844,44195,47649
54770,339459,16959,163420,12251,322500,91853,44199,47654
54775,339490,16961,163432,12252,322528,91862,44202,47660
54780,339521,16965,163446,12255,322553,91871,44208,47663
54785,339552,16970,163458,12259,322581,91878,44210,47668
54790,339583,16971,163473,12259,322610,91885,44215,47670
54795,339614,16973,163492,12261,322640,91892,44218,47674
54800,339645,16974,163511,12262,322668,91899,44222,47677
54805,339676,16975,163524,12263,322701,91906,44225,47681
54810,339707,16976,163538,12263,322731,91913,44230,47683
54815,339738,16977,163555,12263,322760,91920,44234,47686
54820,339769,16978,163567,12263,322791,91927,44237,47690
54825,339800,16979,163579,12264,322821,91935,44240,47695
54830,339831,16980,163596,12265,322851,91943,44244,47699
54835,339862,16981,163611,12265,322880,91951,44249,47702
54840,339893,16982,163626,12265,322908,91959,44254,47705
54845,339924,16984,163641,12267,322940,91967,44257,47710
54850,339955,16985,163653,12267,322970,91975,44261,47714
54855,339986,16986,163669,12268,322998,91983,44263,47720
54860,340017,16988,163685,12270,323027,91991,44266,47725
54865,340048,16990,163699,12271,323057,91999,44271,47728
54870,340079,16993,163710,12274,323085,92007,44274,47733
54875,340110,16994,163726,12274,323115,92015,44279,47736
54880,340141,16997,163737,12277,323144,92023,44282,47741
54885,340172,16999,163750,12278,323172,92031,44283,47748
54890,340203,17004,163765,12283,323199,92041,44287,47754
54895,340234,17005,163778,12283,323229,92051,44292,47759
54900,340265,17007,163796,12284,323258,92061,44297,47764
54905,340296,17009,163811,12286,323287,92071,44301,47770
54910,340327,17011,163825,12288,323316,92081,44305,47776
54915,340358,17012,163840,12288,323345,92091,44310,47781
54920,340389,17013,163853,12289,323376,92101,44314,47787
54925,340420,17014,163866,12289,323406,92111,44319,47792
54930,340451,17016,163882,12290,323435,92121,44322,47799
54935,340482,17018,163896,12292,323464,92131,44327,47804
54940,340513,17021,163919,12294,323491,92141,44334,47807
54945,340544,17024,163934,12296,323520,92151,44338,47813
54950,340575,17027,163946,12299,323548,92161,44343,47818
54955,340606,17027,163961,12299,323577,92171,44349,47822
54960,340637,17027,163976,12299,323610,92181,44354,47827
54965,340668,17027,163990,12299,323640,92187,44359,47828
54970,340699,17027,164002,12299,323671,92193,44360,47833
54975,340730,17027,164016,12299,323702,92199,44364,47835
54980,340761,17027,164030,12299,323733,92205,44367,47838
54985,340792,17027,164045,12299,323764,92211,44371,47840
54990,340823,17027,164059,12299,323795,92217,44374,47843
54995,340854,17029,164068,12300,323824,92223,44376,47847
55000,340885,17031,164084,12302,323853,92229,44380,47849
55005,340916,17034,164101,12304,323880,92235,44383,47852
55010,340947,17036,164117,12306,323911,92241,44388,47853
55015,340978,17037,164129,12306,323940,92247,44390,47857
55020,341009,17040,164147,12309,323966,92253,44394,47859
55025,341040,17043,164156,12311,323996,92258,44397,47861
55030,341071,17045,164173,12313,324025,92263,44399,47864
55035,341102,17047,164189,12314,324054,92268,44403,47865
55040,341133,17049,164209,12316,324084,92273,44406,47867
55045,341164,17050,164225,12317,324114,92278,44409,47869
55050,341195,17051,164240,12318,324143,92283,44413,47870
55055,341226,17052,164253,12319,324172,92288,44415,47873
55060,341257,17056,164274,12322,324200,92293,44419,47874
55065,341288,17059,164286,12324,324228,92302,44420,47882
55070,341319,17062,164302,12327,324257,92311,44426,47885
55075,341350,17065,164316,12328,324284,92320,44430,47890
55080,341381,17067,164329,12329,324313,92329,44433,47896
55085,341412,17069,164342,12330,324343,92338,44438,47900
55090,341443,17071,164358,12332,324371,92347,44443,47904
55095,341474,17072,164373,12332,324401,92356,44447,47909
55100,341505,17073,164384,12333,324432,92365,44451,47914
55105,341536,17075,164400,12335,324460,92374,44454,47920
55110,341567,17076,164411,12335,324491,92383,44458,47925
55115,341598,17078,164428,12337,324520,92392,44463,47929
55120,341629,17079,164443,12338,324547,92401,44467,47934
55125,341660,17080,164460,12339,324579,92411,44471,47940
55130,341691,17083,164477,12342,324606,92421,44476,47945
55135,341722,17086,164495,12345,324635,92431,44481,47950
55140,341753,17088,164511,12347,324662,92441,44485,47956
55145,341784,17088,164525,12347,324696,92451,44490,47961
55150,341815,17088,164540,12347,324727,92461,44495,47966
55155,341846,17088,164551,12347,324758,92471,44497,47974
55160,341877,17088,164570,12347,324789,92481,44502,47979
55165,341908,17088,164585,12347,324820,92491,44506,47985
55170,341939,17088,164604,12347,324851,92501,44512,47989
55175,341970,17088,164621,12347,324882,92511,44516,47995
55180,342001,17088,164639,12347,324912,92521,44522,47999
55185,342032,17090,164657,12348,324942,92531,44530,48001
55190,342063,17091,164671,12349,324971,92541,44537,48004
55195,342094,17093,164685,12351,325000,92551,44540,48011
55200,342125,17095,164700,12352,325029,92561,44546,48015
55205,342156,17096,164712,12352,325060,92570,44549,48021
55210,342187,17097,164730,12352,325090,92579,44556,48023
55215,342218,17099,164742,12353,325118,92588,44558,48030
55220,342249,17101,164757,12355,325147,92597,44563,48034
55225,342280,17103,164772,12357,325177,92606,44568,48038
55230,342311,17105,164785,12358,325206,92615,44571,48044
55235,342342,17108,164801,12360,325234,92624,44577,48047
55240,342373,17111,164817,12362,325261,92633,44581,48052
55245,342404,17113,164832,12364,325289,92642,44583,48059
55250,342435,17115,164844,12366,325320,92651,44586,48065
55255,342466,17116,164862,12366,325350,92660,44590,48070
55260,342497,17117,164874,12366,325379,92669,44593,48076
55265,342528,17118,164884,12367,325410,92676,44594,48082
55270,342559,17119,164904,12368,325439,92683,44597,48086
55275,342590,17120,164920,12369,325469,92690,44600,48090
55280,342621,17121,164933,12369,325500,92697,44604,48093
55285,342652,17122,164952,12370,325529,92704,44608,48096
55290,342683,17123,164968,12371,325558,92711,44610,48101
55295,342714,17124,164977,12371,325590,92718,44610,48108
55300,342745,17125,164995,12372,325619,92725,44617,48108
55305,342776,17127,165016,12373,325646,92733,44623,48110
55310,342807,17129,165032,12374,325675,92741,44626,48115
55315,342838,17131,165051,12376,325704,92749,44629,48120
55320,342869,17132,165065,12376,325735,92757,44634,48123
55325,342900,17134,165075,12377,325765,92765,44636,48129
55330,342931,17136,165085,12379,325794,92773,44638,48135
55335,342962,17139,165101,12382,325821,92781,44641,48140
55340,342993,17143,165117,12385,325850,92789,44645,48144
55345,343024,17145,165128,12386,325878,92797,44648,48149
55350,343055,17145,165143,12386,325910,92805,44653,48152
55355,343086,17146,165159,12387,325940,92813,44658,48155
55360,343117,17147,165177,12388,325969,92821,44663,48158
55365,343148,17148,165190,12388,326000,92831,44666,48165
55370,343179,17149,165201,12388,326030,92841,44671,48170
55375,343210,17150,165217,12388,326060,92851,44675,48176
55380,343241,17151,165233,12389,326090,92861,44682,48179
55385,343272,17152,165249,12390,326120,92871,44687,48184
55390,343303,17153,165269,12390,326150,92881,44692,48189
55395,343334,17154,165279,12390,326180,92891,44697,48194
55400,343365,17156,165295,12391,326209,92901,44702,48199
55405,343396,17157,165312,12392,326239,92911,44706,48205
55410,343427,17158,165326,12393,326268,92921,44711,48210
55415,343458,17160,165340,12395,326297,92931,44717,48214
55420,343489,17164,165356,12399,326324,92941,44722,48219
55425,343520,17167,165370,12402,326353,92951,44726,48225
55430,343551,17171,165384,12405,326378,92961,44728,48233
55435,343582,17175,165397,12408,326407,92971,44732,48239
55440,343613,17175,165410,12408,326438,92981,44736,48245
55445,343644,17175,165423,12408,326467,92990,44740,48250
55450,343675,17175,165440,12408,326499,92999,44747,48252
55455,343706,17177,165452,12409,326527,93008,44750,48258
55460,343737,17178,165466,12409,326559,93017,44755,48262
55465,343768,17180,165483,12410,326585,93026,44760,48266
55470,343799,17182,165499,12411,326614,93035,44765,48270
55475,343830,17184,165513,12412,326644,93044,44770,48274
55480,343861,17185,165536,12413,326674,93053,44778,48275
55485,343892,17187,165551,12415,326703,93062,44782,48280
55490,343923,17189,165567,12417,326734,93071,44786,48285
55495,343954,17191,165576,12419,326763,93080,44790,48290
55500,343985,17193,165589,12420,326791,93089,44794,48295
55505,344016,17196,165606,12423,326819,93096,44796,48300
55510,344047,17198,165621,12425,326849,93103,44800,48303
55515,344078,17200,165629,12426,326878,93110,44800,48310
55520,344109,17200,165645,12426,326909,93117,44805,48312
55525,344140,17200,165658,12426,326939,93124,44808,48316
55530,344171,17200,165676,12426,326970,93131,44811,48320
55535,344202,17200,165692,12426,327001,93138,44815,48323
55540,344233,17200,165712,12426,327032,93145,44821,48324
55545,344264,17201,165724,12427,327062,93152,44824,48328
55550,344295,17203,165739,12429,327092,93160,44826,48334
55555,344326,17204,165754,12429,327121,93168,44830,48338
55560,344357,17205,165766,12430,327152,93176,44832,48344
55565,344388,17206,165784,12431,327182,93182,44835,48347
55570,344419,17207,165797,12432,327211,93188,44837,48351
55575,344450,17209,165809,12434,327240,93194,44840,48354
55580,344481,17212,165824,12436,327268,93200,44844,48356
55585,344512,17216,165835,12439,327296,93206,44846,48360
55590,344543,17217,165850,12440,327324,93212,44848,48364
55595,344574,17221,165861,12444,327353,93218,44850,48368
55600,344605,17223,165880,12445,327379,93224,44853,48371
55605,344636,17227,165889,12448,327408,93232,44856,48376
55610,344667,17227,165903,12448,327438,93240,44859,48381
55615,344698,17227,165920,12448,327470,93248,44864,48384
55620,344729,17227,165932,12448,327499,93256,44866,48390
55625,344760,17228,165949,12449,327530,93263,44869,48394
55630,344791,17229,165968,12449,327561,93270,44871,48399
55635,344822,17231,165981,12451,327591,93277,44874,48403
55640,344853,17232,165994,12452,327621,93284,44875,48409
55645,344884,17234,166009,12453,327650,93291,44877,48414
55650,344915,17235,166021,12453,327680,93298,44879,48419
55655,344946,17237,166036,12454,327709,93305,44883,48422
55660,344977,17239,166050,12455,327738,93312,44885,48427
55665,345008,17240,166062,12455,327767,93320,44887,48433
55670,345039,17242,166081,12457,327796,93329,44890,48439
55675,345070,17243,166093,12458,327826,93338,44894,48444
55680,345101,17246,166114,12461,327854,93347,44899,48448
55685,345132,17249,166130,12464,327882,93356,44903,48453
55690,345163,17252,166152,12467,327910,93365,44909,48456
55695,345194,17252,166169,12467,327941,93374,44912,48462
55700,345225,17252,166183,12467,327972,93383,44915,48468
55705,345256,17252,166197,12467,328004,93392,44920,48472
55710,345287,17252,166212,12467,328034,93401,44924,48477
55715,345318,17254,166228,12468,328063,93410,44931,48479
55720,345349,17255,166240,12468,328093,93419,44933,48486
55725,345380,17257,166253,12469,328122,93429,44936,48493
55730,345411,17262,166270,12473,328148,93439,44939,48500
55735,345442,17263,166278,12473,328179,93449,44940,48509
55740,345473,17265,166286,12475,328208,93459,44943,48516
55745,345504,17267,166299,12476,328236,93467,44948,48519
55750,345535,17271,166314,12479,328264,93475,44950,48525
55755,345566,17274,166329,12481,328292,93483,44954,48529
55760,345597,17274,166341,12481,328322,93491,44957,48534
55765,345628,17274,166357,12481,328353,93499,44961,48538
55770,345659,17274,166374,12481,328385,93507,44964,48543
55775,345690,17274,166396,12481,328416,93515,44969,48546
55780,345721,17274,166410,12481,328447,93523,44972,48551
55785,345752,17274,166423,12481,328477,93531,44974,48557
55790,345783,17274,166440,12481,328509,93539,44979,48560
55795,345814,17274,166455,12481,328540,93547,44985,48562
55800,345845,17276,166474,12482,328569,93555,44988,48567
55805,345876,17277,166482,12483,328599,93562,44989,48573
55810,345907,17278,166498,12483,328629,93569,44993,48576
55815,345938,17279,166512,12483,328659,93576,44995,48581
55820,345969,17280,166522,12483,328689,93583,44996,48587
55825,346000,17281,166537,12484,328719,93590,45001,48589
55830,346031,17283,166550,12485,328747,93597,45005,48592
55835,346062,17285,166564,12487,328776,93604,45008,48596
55840,346093,17286,166575,12487,328807,93611,45011,48600
55845,346124,17287,166594,12487,328834,93620,45016,48604
55850,346155,17290,166613,12489,328864,93629,45023,48606
55855,346186,17292,166624,12490,328894,93638,45027,48611
55860,346217,17294,166636,12492,328922,93647,45032,48615
55865,346248,17296,166649,12494,328952,93655,45038,48617
55870,346279,17300,166667,12497,328978,93663,45044,48619
55875,346310,17305,166684,12500,329004,93671,45047,48624
55880,346341,17309,166699,12504,329030,93679,45052,48627
55885,346372,17314,166714,12508,329058,93687,45056,48631
55890,346403,17317,166729,12510,329084,93695,45061,48634
55895,346434,17321,166747,12514,329112,93703,45067,48636
55900,346465,17323,166766,12516,329141,93711,45072,48639
55905,346496,17324,166779,12516,329171,93720,45076,48644
55910,346527,17327,166793,12518,329199,93729,45079,48650
55915,346558,17327,166804,12518,329231,93738,45084,48654
55920,346589,17327,166822,12518,329260,93747,45089,48658
55925,346620,17327,166841,12518,329292,93756,45095,48661
55930,346651,17327,166855,12518,329323,93765,45097,48668
55935,346682,17327,166871,12518,329354,93774,45100,48674
55940,346713,17327,166889,12518,329386,93783,45104,48679
55945,346744,17327,166906,12518,329417,93792,45108,48684
55950,346775,17327,166923,12518,329448,93801,45113,48688
55955,346806,17327,166934,12518,329478,93810,45115,48695
55960,346837,17327,166951,12518,329509,93819,45119,48700
55965,346868,17327,166965,12518,329541,93829,45122,48707
55970,346899,17327,166982,12518,329571,93839,45127,48712
55975,346930,17327,166999,12518,329603,93849,45134,48715
55980,346961,17327,167011,12518,329634,93859,45137,48722
55985,346992,17327,167019,12518,329665,93869,45139,48730
55990,347023,17327,167034,12518,329696,93879,45142,48737
55995,347054,17329,167051,12520,329724,93889,45146,48743
56000,347085,17330,167068,12520,329754,93899,45150,48749
56005,347116,17332,167081,12521,329783,93909,45154,48755
56010,347147,17333,167098,12521,329814,93919,45160,48759
56015,347178,17335,167115,12523,329841,93929,45166,48763
56020,347209,17338,167128,12525,329871,93939,45170,48769
56025,347240,17340,167142,12526,329898,93949,45174,48775
56030,347271,17345,167151,12530,329924,93959,45176,48783
56035,347302,17348,167164,12533,329954,93969,45179,48790
56040,347333,17351,167178,12534,329980,93979,45183,48796
56045,347364,17355,167190,12537,330008,93987,45187,48800
56050,347395,17361,167206,12542,330033,93995,45191,48804
56055,347426,17366,167225,12546,330057,94003,45195,48808
56060,347457,17372,167246,12551,330083,94011,45201,48810
56065,347488,17375,167259,12553,330113,94019,45203,48816
56070,347519,17375,167270,12553,330144,94027,45205,48822
56075,347550,17375,167281,12553,330174,94035,45208,48827
56080,347581,17375,167297,12553,330205,94043,45212,48831
56085,347612,17375,167314,12553,330237,94051,45218,48833
56090,347643,17375,167332,12553,330267,94059,45223,48836
56095,347674,17375,167344,12553,330297,94067,45228,48839
56100,347705,17375,167355,12553,330330,94075,45233,48842
56105,347736,17375,167364,12553,330360,94082,45234,48848
56110,347767,17375,167380,12553,330392,94089,45239,48850
56115,347798,17375,167397,12553,330423,94096,45242,48854
56120,347829,17375,167409,12553,330453,94103,45245,48858
56125,347860,17375,167423,12553,330485,94110,45247,48863
56130,347891,17375,167441,12553,330516,94117,45249,48868
56135,347922,17375,167460,12553,330547,94124,45255,48869
56140,347953,17375,167477,12553,330578,94131,45259,48872
56145,347984,17375,167490,12553,330608,94140,45263,48877
56150,348015,17375,167507,12553,330637,94149,45266,48883
56155,348046,17375,167520,12553,330670,94158,45271,48887
56160,348077,17375,167535,12553,330701,94167,45275,48892
56165,348108,17377,167549,12555,330731,94175,45278,48897
56170,348139,17379,167562,12556,330759,94183,45281,48902
56175,348170,17382,167573,12557,330788,94191,45284,48907
56180,348201,17384,167591,12559,330816,94199,45288,48911
56185,348232,17388,167604,12562,330844,94207,45290,48917
56190,348263,17391,167621,12564,330872,94215,45294,48921
56195,348294,17394,167633,12565,330900,94223,45296,48927
56200,348325,17396,167649,12566,330928,94231,45300,48931
56205,348356,17401,167665,12571,330954,94239,45305,48934
56210,348387,17406,167679,12574,330981,94248,45311,48937
56215,348418,17411,167697,12579,331006,94257,45317,48940
56220,348449,17414,167706,12581,331033,94266,45321,48945
56225,348480,17416,167724,12583,331063,94274,45325,48949
56230,348511,17418,167741,12584,331093,94282,45329,48953
56235,348542,17420,167753,12585,331121,94290,45332,48958
56240,348573,17423,167774,12588,331149,94298,45336,48962
56245,348604,17427,167790,12592,331176,94306,45339,48967
56250,348635,17430,167807,12595,331205,94314,45344,48970
56255,348666,17430,167821,12595,331236,94322,45349,48973
56260,348697,17430,167833,12595,331266,94330,45352,48978
56265,348728,17430,167846,12595,331297,94339,45354,48985
56270,348759,17430,167859,12595,331328,94348,45357,48991
56275,348790,17430,167872,12595,331359,94357,45360,48997
56280,348821,17430,167888,12595,331390,94366,45365,49001
56285,348852,17430,167904,12595,331422,94374,45367,49007
56290,348883,17430,167918,12595,331453,94382,45372,49010
56295,348914,17430,167934,12595,331484,94390,45374,49016
56300,348945,17430,167944,12595,331515,94398,45376,49022
56305,348976,17430,167961,12595,331546,94406,45379,49027
56310,349007,17430,167977,12595,331577,94414,45384,49030
56315,349038,17430,167995,12595,331608,94422,45389,49033
56320,349069,17430,168009,12595,331639,94430,45394,49036
56325,349100,17430,168023,12595,331668,94439,45399,49040
56330,349131,17432,168042,12596,331698,94448,45403,49045
56335,349162,17433,168055,12596,331729,94457,45407,49050
56340,349193,17434,168070,12597,331758,94466,45412,49054
56345,349224,17435,168087,12597,331789,94474,45418,49056
56350,349255,17437,168107,12598,331817,94482,45426,49056
56355,349286,17438,168119,12599,331848,94490,45429,49061
56360,349317,17442,168135,12603,331874,94498,45431,49067
56365,349348,17448,168152,12609,331898,94506,45435,49071
56370,349379,17453,168171,12614,331925,94514,45439,49075
56375,349410,17456,168184,12616,331954,94522,45443,49079
56380,349441,17458,168195,12617,331981,94530,45446,49084
56385,349472,17461,168213,12620,332008,94539,45451,49088
56390,349503,17467,168227,12624,332034,94548,45455,49093
56395,349534,17472,168239,12628,332060,94557,45458,49099
56400,349565,17475,168251,12630,332090,94566,45462,49104
56405,349596,17477,168268,12632,332119,94574,45467,49107
56410,349627,17480,168284,12634,332147,94582,45471,49111
56415,349658,17480,168296,12634,332178,94590,45475,49115
56420,349689,17480,168311,12634,332209,94598,45480,49118
56425,349720,17480,168325,12634,332240,94606,45482,49124
56430,349751,17480,168341,12634,332271,94614,45483,49131
56435,349782,17480,168356,12634,332302,94622,45487,49135
56440,349813,17480,168373,12634,332332,94630,45491,49139
56445,349844,17480,168384,12634,332363,94638,45493,49145
56450,349875,17480,168399,12634,332395,94647,45499,49148
56455,349906,17480,168408,12634,332426,94656,45502,49154
56460,349937,17480,168419,12634,332457,94665,45505,49160
56465,349968,17480,168433,12634,332487,94673,45510,49163
56470,349999,17480,168449,12634,332519,94681,45515,49166
56475,350030,17480,168466,12634,332550,94689,45521,49168
56480,350061,17480,168484,12634,332579,94697,45525,49172
56485,350092,17480,168502,12634,332611,94705,45532,49173
56490,350123,17480,168518,12634,332642,94713,45534,49179
56495,350154,17480,168529,12634,332674,94721,45537,49184
56500,350185,17481,168546,12635,332701,94729,45538,49191
56505,350216,17482,168559,12635,332733,94738,45545,49193
56510,350247,17483,168572,12635,332761,94747,45550,49197
56515,350278,17486,168584,12637,332790,94756,45554,49202
56520,350309,17489,168596,12638,332820,94765,45559,49206
56525,350340,17493,168616,12642,332845,94774,45564,49210
56530,350371,17497,168629,12645,332873,94783,45569,49214
56535,350402,17501,168645,12648,332899,94792,45573,49219
56540,350433,17506,168662,12651,332925,94801,45577,49224
56545,350464,17512,168679,12656,332950,94810,45584,49226
56550,350495,17516,168690,12659,332979,94819,45587,49232
56555,350526,17521,168704,12662,333005,94828,45590,49238
56560,350557,17523,168714,12664,333033,94837,45592,49245
56565,350588,17524,168730,12664,333063,94847,45600,49247
56570,350619,17527,168748,12666,333091,94857,45606,49251
56575,350650,17529,168760,12667,333121,94867,45610,49257
56580,350681,17531,168775,12668,333149,94877,45615,49262
56585,350712,17531,168791,12668,333181,94884,45619,49265
56590,350743,17531,168807,12668,333212,94891,45623,49268
56595,350774,17531,168823,12668,333243,94898,45629,49269
56600,350805,17531,168840,12668,333274,94905,45634,49271
56605,350836,17531,168852,12668,333305,94912,45637,49275
56610,350867,17531,168866,12668,333336,94919,45641,49278
56615,350898,17531,168877,12668,333367,94926,45644,49282
56620,350929,17531,168891,12668,333398,94933,45648,49285
56625,350960,17531,168905,12668,333429,94940,45650,49290
56630,350991,17531,168919,12668,333460,94947,45652,49295
56635,351022,17531,168938,12668,333491,94954,45656,49298
56640,351053,17531,168952,12668,333522,94961,45659,49302
56645,351084,17531,168966,12668,333553,94968,45662,49306
56650,351115,17531,168981,12668,333584,94975,45665,49310
56655,351146,17531,168997,12668,333614,94982,45670,49312
56660,351177,17532,169011,12669,333644,94989,45675,49314
56665,351208,17535,169023,12671,333672,94996,45680,49316
56670,351239,17540,169037,12676,333699,95003,45683,49320
56675,351270,17541,169054,12677,333728,95010,45688,49322
56680,351301,17543,169075,12678,333758,95017,45693,49324
56685,351332,17544,169090,12679,333787,95027,45698,49329
56690,351363,17547,169102,12680,333813,95037,45703,49334
56695,351394,17549,169118,12681,333844,95047,45710,49337
56700,351425,17552,169138,12684,333870,95057,45718,49339
56705,351456,17555,169152,12686,333900,95067,45723,49344
56710,351487,17559,169171,12690,333928,95077,45728,49349
56715,351518,17562,169185,12692,333956,95087,45733,49354
56720,351549,17564,169199,12694,333985,95097,45738,49359
56725,351580,17567,169213,12696,334012,95107,45744,49363
56730,351611,17571,169230,12700,334039,95117,45748,49369
56735,351642,17575,169242,12703,334067,95127,45752,49375
56740,351673,17579,169254,12705,334093,95137,45756,49381
56745,351704,17582,169265,12707,334122,95147,45758,49389
56750,351735,17584,169277,12709,334151,95157,45762,49395
56755,351766,17587,169291,12711,334179,95167,45766,49401
56760,351797,17587,169303,12711,334210,95177,45769,49408
56765,351828,17587,169320,12711,334241,95185,45774,49411
56770,351859,17587,169333,12711,334272,95193,45778,49415
56775,351890,17587,169346,12711,334303,95201,45781,49420
56780,351921,17587,169365,12711,334334,95209,45787,49422
56785,351952,17587,169382,12711,334365,95217,45788,49429
56790,351983,17587,169403,12711,334396,95225,45793,49432
56795,352014,17587,169417,12711,334427,95233,45796,49437
56800,352045,17587,169434,12711,334458,95241,45798,49443
56805,352076,17587,169449,12711,334488,95249,45802,49447
56810,352107,17587,169466,12711,334518,95257,45805,49452
56815,352138,17587,169482,12711,334550,95265,45808,49457
56820,352169,17587,169502,12711,334582,95273,45812,49461
56825,352200,17587,169516,12711,334612,95279,45815,49464
56830,352231,17587,169535,12711,334642,95285,45818,49467
56835,352262,17587,169549,12711,334675,95291,45821,49470
56840,352293,17587,169565,12711,334706,95297,45822,49475
56845,352324,17587,169582,12711,334735,95303,45826,49477
56850,352355,17590,169599,12713,334764,95309,45831,49478
56855,352386,17593,169613,12716,334793,95315,45834,49481
56860,352417,17594,169626,12717,334823,95321,45838,49483
56865,352448,17597,169641,12719,334846,95328,45839,49489
56870,352479,17602,169652,12723,334877,95336,45844,49492
56875,352510,17605,169665,12725,334904,95344,45848,49496
56880,352541,17608,169677,12727,334930,95352,45850,49502
56885,352572,17613,169695,12731,334959,95360,45855,49505
56890,352603,17617,169711,12734,334986,95368,45858,49510
56895,352634,17620,169723,12736,335014,95376,45862,49514
56900,352665,17623,169741,12738,335041,95384,45869,49515
56905,352696,17626,169758,12741,335070,95392,45872,49520
56910,352727,17627,169776,12741,335100,95400,45880,49520
56915,352758,17632,169795,12745,335126,95408,45884,49524
56920,352789,17636,169811,12749,335153,95416,45888,49528
56925,352820,17638,169825,12750,335182,95426,45893,49533
56930,352851,17638,169844,12750,335213,95436,45900,49536
56935,352882,17638,169865,12750,335244,95446,45908,49538
56940,352913,17638,169877,12750,335275,95456,45911,49545
56945,352944,17638,169894,12750,335306,95466,45918,49548
56950,352975,17638,169908,12750,335337,95476,45925,49551
56955,353006,17638,169926,12750,335368,95486,45931,49555
56960,353037,17638,169943,12750,335399,95496,45935,49561
56965,353068,17638,169960,12750,335430,95506,45941,49565
56970,353099,17638,169975,12750,335461,95516,45946,49570
56975,353130,17638,169990,12750,335492,95526,45951,49575
56980,353161,17638,170003,12750,335522,95536,45956,49580
56985,353192,17638,170015,12750,335553,95546,45959,49587
56990,353223,17638,170029,12750,335583,95556,45962,49594
56995,353254,17638,170044,12750,335616,95566,45965,49601
57000,353285,17638,170055,12750,335647,95576,45969,49607
57005,353316,17638,170073,12750,335678,95584,45973,49611
57010,353347,17639,170083,12751,335707,95592,45975,49617
57015,353378,17642,170098,12754,335734,95600,45980,49620
57020,353409,17647,170113,12758,335761,95608,45982,49626
57025,353440,17648,170126,12758,335790,95616,45984,49632
57030,353471,17650,170140,12759,335820,95624,45988,49636
57035,353502,17655,170157,12762,335845,95632,45990,49642
57040,353533,17660,170175,12765,335872,95640,45996,49644
57045,353564,17663,170194,12768,335900,95648,46001,49647
57050,353595,17664,170206,12769,335930,95656,46004,49652
57055,353626,17665,170221,12770,335959,95664,46009,49655
57060,353657,17666,170238,12770,335990,95672,46012,49660
57065,353688,17667,170254,12770,336020,95679,46015,49664
57070,353719,17668,170264,12770,336050,95686,46018,49668
57075,353750,17669,170277,12770,336081,95693,46020,49673
57080,353781,17670,170288,12771,336109,95700,46022,49678
57085,353812,17672,170303,12773,336138,95707,46027,49680
57090,353843,17673,170318,12773,336168,95714,46028,49686
57095,353874,17674,170331,12773,336199,95721,46031,49690
57100,353905,17676,170348,12775,336228,95728,46034,49694
57105,353936,17677,170359,12775,336259,95737,46039,49698
57110,353967,17678,170370,12776,336289,95746,46041,49705
57115,353998,17682,170392,12779,336315,95755,46049,49706
57120,354029,17686,170405,12782,336343,95764,46053,49711
57125,354060,17689,170422,12784,336371,95771,46057,49714
57130,354091,17690,170435,12784,336401,95778,46062,49716
57135,354122,17691,170446,12784,336431,95785,46066,49719
57140,354153,17693,170465,12785,336460,95792,46071,49721
57145,354184,17693,170477,12785,336491,95799,46075,49724
57150,354215,17694,170493,12786,336520,95806,46079,49727
57155,354246,17696,170509,12787,336550,95813,46084,49729
57160,354277,17698,170522,12788,336578,95820,46087,49733
57165,354308,17700,170536,12789,336608,95827,46091,49736
57170,354339,17702,170548,12790,336636,95835,46094,49741
57175,354370,17705,170568,12792,336664,95843,46102,49741
57180,354401,17708,170582,12794,336693,95851,46107,49744
57185,354432,17709,170595,12795,336723,95859,46111,49748
57190,354463,17712,170605,12797,336751,95867,46114,49753
57195,354494,17713,170619,12797,336780,95875,46118,49757
57200,354525,17716,170632,12799,336808,95883,46121,49762
57205,354556,17716,170641,12799,336840,95891,46123,49768
57210,354587,17716,170661,12799,336870,95899,46129,49770
57215,354618,17716,170680,12799,336900,95907,46133,49774
57220,354649,17716,170695,12799,336932,95915,46137,49778
57225,354680,17716,170709,12799,336962,95925,46141,49784
57230,354711,17716,170725,12799,336991,95935,46147,49788
57235,354742,17716,170740,12799,337022,95945,46152,49793
57240,354773,17716,170756,12799,337055,95955,46156,49799
57245,354804,17716,170772,12799,337088,95965,46160,49805
57250,354835,17718,170786,12800,337117,95975,46162,49813
57255,354866,17719,170799,12800,337147,95985,46168,49817
57260,354897,17720,170815,12801,337177,95995,46172,49823
57265,354928,17721,170833,12802,337207,96005,46180,49825
57270,354959,17723,170852,12803,337236,96015,46188,49827
57275,354990,17725,170868,12805,337265,96025,46192,49833
57280,355021,17726,170885,12806,337295,96035,46198,49837
57285,355052,17730,170902,12810,337322,96045,46203,49842
57290,355083,17734,170914,12814,337349,96055,46208,49847
57295,355114,17739,170931,12819,337375,96065,46212,49853
57300,355145,17740,170943,12820,337405,96075,46217,49858
57305,355176,17741,170956,12821,337434,96084,46222,49862
57310,355207,17744,170972,12823,337463,96093,46228,49865
57315,355238,17745,170987,12823,337492,96102,46232,49870
57320,355269,17747,171000,12825,337521,96111,46236,49875
57325,355300,17750,171017,12828,337550,96120,46241,49879
57330,355331,17752,171033,12829,337578,96129,46244,49885
57335,355362,17755,171050,12832,337606,96138,46248,49890
57340,355393,17757,171066,12833,337635,96147,46253,49894
57345,355424,17760,171081,12836,337664,96156,46257,49899
57350,355455,17763,171099,12839,337691,96165,46263,49902
57355,355486,17763,171112,12839,337721,96174,46266,49908
57360,355517,17763,171128,12839,337753,96183,46272,49911
57365,355548,17763,171142,12839,337785,96190,46276,49914
57370,355579,17763,171157,12839,337816,96197,46281,49916
57375,355610,17763,171174,12839,337846,96204,46284,49920
57380,355641,17763,171188,12839,337878,96211,46288,49923
57385,355672,17763,171198,12839,337907,96218,46290,49928
57390,355703,17763,171212,12839,337939,96225,46292,49933
57395,355734,17763,171224,12839,337971,96232,46293,49939
57400,355765,17763,171239,12839,338001,96239,46299,49940
57405,355796,17763,171251,12839,338033,96247,46301,49946
57410,355827,17765,171270,12841,338061,96255,46308,49947
57415,355858,17767,171288,12843,338091,96263,46313,49950
57420,355889,17768,171306,12844,338121,96271,46318,49953
57425,355920,17770,171321,12846,338150,96278,46320,49958
57430,355951,17771,171337,12847,338180,96285,46325,49960
57435,355982,17773,171353,12849,338209,96292,46329,49963
57440,356013,17775,171367,12850,338238,96299,46333,49966
57445,356044,17779,171384,12853,338265,96306,46336,49970
57450,356075,17781,171399,12855,338294,96313,46341,49972
57455,356106,17783,171415,12856,338323,96320,46345,49975
57460,356137,17786,171427,12858,338351,96327,46349,49978
57465,356168,17788,171441,12859,338380,96336,46354,49982
57470,356199,17791,171456,12860,338408,96345,46359,49986
57475,356230,17792,171469,12860,338437,96354,46361,49993
57480,356261,17793,171483,12861,338468,96363,46364,49999
57485,356292,17794,171495,12862,338498,96371,46368,50003
57490,356323,17795,171506,12862,338528,96379,46371,50008
57495,356354,17796,171518,12863,338557,96387,46375,50012
57500,356385,17798,171530,12864,338587,96395,46379,50016
57505,356416,17800,171547,12865,338615,96403,46383,50020
57510,356447,17801,171557,12865,338646,96411,46387,50024
57515,356478,17803,171575,12866,338674,96419,46391,50028
57520,356509,17806,171595,12868,338702,96427,46395,50032
57525,356540,17810,171612,12871,338730,96436,46400,50036
57530,356571,17812,171623,12873,338758,96445,46405,50040
57535,356602,17816,171640,12877,338784,96454,46410,50044
57540,356633,17818,171651,12879,338814,96463,46416,50047
57545,356664,17818,171663,12879,338846,96471,46422,50049
57550,356695,17818,171672,12879,338877,96479,46424,50055
57555,356726,17818,171688,12879,338908,96487,46428,50059
57560,356757,17818,171698,12879,338938,96495,46431,50064
57565,356788,17818,171714,12879,338969,96503,46436,50067
57570,356819,17818,171727,12879,339001,96511,46441,50070
57575,356850,17818,171743,12879,339032,96519,46446,50073
57580,356881,17820,171762,12880,339061,96527,46452,50075
57585,356912,17822,171781,12881,339090,96535,46456,50079
57590,356943,17824,171798,12883,339116,96544,46464,50080
57595,356974,17825,171812,12884,339146,96553,46467,50086
57600,357005,17826,171824,12884,339178,96562,46471,50091
57605,357036,17827,171840,12884,339208,96570,46474,50096
57610,357067,17828,171852,12884,339238,96578,46477,50101
57615,357098,17829,171868,12885,339268,96586,46481,50105
57620,357129,17830,171879,12886,339299,96594,46486,50108
57625,357160,17831,171893,12887,339329,96602,46489,50113
57630,357191,17832,171911,12887,339359,96610,46494,50116
57635,357222,17833,171926,12888,339389,96618,46499,50119
57640,357253,17834,171939,12889,339419,96626,46502,50124
57645,357284,17835,171951,12889,339449,96635,46505,50130
57650,357315,17838,171966,12892,339477,96644,46510,50134
57655,357346,17841,171980,12895,339504,96653,46514,50139
57660,357377,17846,171998,12900,339529,96662,46518,50144
57665,357408,17851,172010,12903,339556,96669,46519,50150
57670,357439,17856,172025,12907,339583,96676,46522,50154
57675,357470,17860,172038,12911,339609,96683,46524,50159
57680,357501,17866,172050,12915,339635,96690,46526,50164
57685,357532,17869,172059,12916,339662,96697,46528,50169
57690,357563,17872,172074,12918,339690,96704,46533,50171
57695,357594,17875,172089,12921,339719,96711,46536,50175
57700,357625,17875,172102,12921,339750,96718,46540,50178
57705,357656,17875,172119,12921,339781,96726,46545,50181
57710,357687,17875,172137,12921,339812,96734,46548,50186
57715,357718,17875,172146,12921,339843,96742,46550,50192
57720,357749,17875,172164,12921,339872,96750,46554,50196
57725,357780,17875,172181,12921,339904,96758,46559,50199
57730,357811,17875,172192,12921,339934,96766,46564,50202
57735,357842,17875,172205,12921,339967,96774,46568,50206
57740,357873,17875,172225,12921,339993,96782,46570,50212
57745,357904,17875,172241,12921,340027,96790,46572,50218
57750,357935,17875,172257,12921,340059,96798,46575,50223
57755,357966,17875,172269,12921,340091,96806,46581,50225
57760,357997,17875,172286,12921,340121,96814,46583,50231
57765,358028,17875,172303,12921,340153,96824,46588,50236
57770,358059,17875,172313,12921,340184,96834,46592,50242
57775,358090,17875,172324,12921,340215,96844,46595,50249
57780,358121,17875,172340,12921,340246,96854,46601,50253
57785,358152,17875,172353,12921,340277,96863,46605,50258
57790,358183,17875,172370,12921,340308,96872,46609,50263
57795,358214,17875,172380,12921,340339,96881,46612,50269
57800,358245,17877,172395,12923,340366,96890,46615,50275
57805,358276,17881,172407,12925,340394,96899,46621,50278
57810,358307,17886,172426,12928,340421,96908,46628,50280
57815,358338,17888,172437,12929,340449,96917,46631,50286
57820,358369,17893,172454,12933,340474,96926,46636,50290
57825,358400,17896,172473,12935,340501,96935,46642,50293
57830,358431,17900,172487,12938,340529,96944,46643,50301
57835,358462,17905,172495,12942,340557,96953,46646,50307
57840,358493,17908,172509,12944,340583,96962,46649,50313
57845,358524,17911,172517,12946,340613,96970,46651,50319
57850,358555,17913,172539,12948,340642,96978,46657,50321
57855,358586,17917,172553,12952,340669,96986,46661,50325
57860,358617,17921,172572,12956,340696,96994,46666,50328
57865,358648,17924,172589,12959,340724,97002,46670,50332
57870,358679,17926,172605,12960,340752,97010,46673,50337
57875,358710,17926,172615,12960,340784,97018,46675,50343
57880,358741,17926,172629,12960,340815,97026,46679,50347
57885,358772,17926,172641,12960,340846,97034,46682,50352
57890,358803,17926,172654,12960,340876,97043,46685,50358
57895,358834,17926,172672,12960,340907,97052,46689,50363
57900,358865,17926,172682,12960,340939,97061,46693,50368
57905,358896,17926,172701,12960,340969,97069,46697,50372
57910,358927,17926,172714,12960,341001,97077,46702,50375
57915,358958,17926,172728,12960,341032,97085,46705,50380
57920,358989,17926,172741,12960,341063,97093,46708,50385
57925,359020,17926,172756,12960,341094,97101,46712,50389
57930,359051,17926,172765,12960,341125,97109,46716,50393
57935,359082,17926,172781,12960,341155,97117,46720,50397
57940,359113,17926,172794,12960,341186,97125,46723,50402
57945,359144,17926,172809,12960,341216,97134,46729,50405
57950,359175,17927,172825,12960,341248,97143,46733,50410
57955,359206,17928,172845,12961,341277,97152,46739,50413
57960,359237,17930,172855,12962,341307,97161,46743,50418
57965,359268,17932,172871,12964,341336,97170,46747,50423
57970,359299,17933,172886,12964,341366,97179,46752,50427
57975,359330,17935,172900,12966,341394,97188,46754,50434
57980,359361,17937,172915,12966,341424,97197,46759,50438
57985,359392,17941,172928,12969,341451,97206,46760,50446
57990,359423,17944,172940,12971,341479,97215,46762,50453
57995,359454,17946,172959,12972,341508,97224,46769,50455
58000,359485,17949,172966,12974,341536,97233,46770,50463
58005,359516,17952,172980,12977,341563,97243,46773,50470
58010,359547,17955,173000,12979,341590,97253,46779,50474
58015,359578,17958,173015,12981,341619,97263,46784,50479
58020,359609,17961,173034,12983,341646,97273,46791,50482
58025,359640,17966,173048,12986,341674,97282,46796,50486
58030,359671,17970,173060,12990,341701,97291,46799,50492
58035,359702,17974,173081,12994,341728,97300,46806,50494
58040,359733,17979,173099,12998,341753,97309,46811,50498
58045,359764,17982,173112,13000,341782,97318,46816,50502
58050,359795,17984,173132,13002,341811,97327,46822,50505
58055,359826,17984,173142,13002,341841,97336,46825,50511
58060,359857,17984,173156,13002,341872,97345,46831,50514
58065,359888,17984,173167,13002,341904,97354,46835,50519
58070,359919,17984,173177,13002,341934,97363,46839,50524
58075,359950,17984,173196,13002,341964,97372,46845,50527
58080,359981,17984,173208,13002,341996,97381,46849,50532
58085,360012,17984,173222,13002,342027,97390,46853,50537
58090,360043,17984,173236,13002,342058,97399,46859,50540
58095,360074,17984,173251,13002,342089,97408,46865,50543
58100,360105,17984,173269,13002,342121,97417,46872,50545
58105,360136,17984,173283,13002,342152,97426,46875,50551
58110,360167,17984,173300,13002,342182,97435,46878,50557
58115,360198,17984,173311,13002,342213,97444,46880,50564
58120,360229,17984,173331,13002,342244,97453,46885,50568
58125,360260,17984,173343,13002,342276,97463,46887,50576
58130,360291,17984,173353,13002,342307,97473,46891,50582
58135,360322,17984,173373,13002,342338,97483,46898,50585
58140,360353,17984,173387,13002,342369,97493,46901,50592
58145,360384,17984,173405,13002,342399,97501,46906,50595
58150,360415,17986,173420,13003,342428,97509,46912,50597
58155,360446,17990,173433,13006,342455,97517,46916,50601
58160,360477,17994,173446,13008,342482,97525,46920,50605
58165,360508,17998,173464,13011,342509,97533,46924,50609
58170,360539,18002,173482,13013,342537,97541,46929,50612
58175,360570,18005,173497,13016,342565,97549,46933,50616
58180,360601,18008,173511,13019,342593,97557,46937,50620
58185,360632,18011,173526,13021,342620,97565,46942,50623
58190,360663,18017,173540,13026,342644,97573,46945,50628
58195,360694,18023,173560,13032,342668,97581,46949,50632
58200,360725,18030,173575,13038,342693,97589,46953,50636
58205,360756,18033,173590,13040,342723,97593,46955,50638
58210,360787,18033,173605,13040,342753,97597,46955,50642
58215,360818,18033,173621,13040,342784,97601,46958,50643
58220,360849,18033,173635,13040,342815,97605,46962,50643
58225,360880,18033,173647,13040,342847,97609,46964,50645
58230,360911,18033,173660,13040,342876,97613,46966,50647
58235,360942,18033,173677,13040,342907,97617,46969,50648
58240,360973,18033,173693,13040,342940,97621,46970,50651
58245,361004,18033,173703,13040,342970,97626,46971,50655
58250,361035,18033,173725,13040,343000,97632,46973,50659
58255,361066,18033,173741,13040,343032,97638,46975,50663
58260,361097,18033,173754,13040,343064,97644,46979,50665
58265,361128,18033,173768,13040,343095,97650,46981,50669
58270,361159,18033,173783,13040,343126,97656,46982,50674
58275,361190,18033,173796,13040,343157,97662,46984,50678
58280,361221,18033,173811,13040,343188,97668,46986,50682
58285,361252,18033,173824,13040,343219,97674,46988,50686
58290,361283,18033,173836,13040,343250,97680,46991,50689
58295,361314,18033,173856,13040,343281,97686,46996,50690
58300,361345,18033,173870,13040,343312,97692,47000,50692
58305,361376,18036,173885,13043,343340,97702,47005,50697
58310,361407,18039,173897,13046,343367,97712,47009,50703
58315,361438,18043,173910,13049,343393,97722,47009,50713
58320,361469,18046,173922,13050,343423,97732,47014,50718
58325,361500,18049,173937,13052,343450,97742,47017,50725
58330,361531,18052,173951,13053,343479,97752,47024,50728
58335,361562,18055,173968,13054,343507,97762,47030,50732
58340,361593,18058,173991,13056,343534,97772,47038,50734
58345,361624,18062,174004,13058,343560,97782,47044,50738
58350,361655,18064,174016,13058,343591,97792,47047,50745
58355,361686,18066,174028,13060,343620,97802,47051,50751
58360,361717,18069,174042,13062,343647,97812,47054,50758
58365,361748,18074,174055,13065,343672,97822,47056,50766
58370,361779,18077,174066,13066,343701,97832,47058,50774
58375,361810,18081,174082,13070,343727,97842,47062,50780
58380,361841,18087,174098,13075,343754,97852,47067,50785
58385,361872,18089,174115,13076,343783,97861,47072,50789
58390,361903,18089,174132,13076,343814,97870,47076,50794
58395,361934,18089,174151,13076,343845,97879,47082,50797
58400,361965,18089,174170,13076,343876,97888,47087,50801
58405,361996,18089,174185,13076,343907,97897,47093,50804
58410,362027,18089,174194,13076,343938,97906,47096,50810
58415,362058,18089,174214,13076,343969,97915,47102,50813
58420,362089,18089,174228,13076,344000,97924,47106,50818
58425,362120,18089,174244,13076,344030,97933,47112,50821
58430,362151,18089,174258,13076,344061,97942,47116,50826
58435,362182,18089,174271,13076,344093,97951,47119,50832
58440,362213,18089,174289,13076,344123,97960,47123,50837
58445,362244,18089,174302,13076,344155,97968,47126,50842
58450,362275,18089,174319,13076,344186,97976,47129,50847
58455,362306,18089,174334,13076,344217,97984,47135,50849
58460,362337,18089,174346,13076,344248,97992,47139,50853
58465,362368,18089,174356,13076,344279,98000,47141,50859
58470,362399,18089,174368,13076,344310,98008,47145,50863
58475,362430,18089,174382,13076,344340,98016,47149,50867
58480,362461,18089,174397,13076,344370,98024,47154,50870
58485,362492,18089,174407,13076,344402,98033,47157,50876
58490,362523,18092,174419,13079,344431,98042,47160,50882
58495,362554,18093,174436,13079,344458,98051,47167,50884
58500,362585,18096,174450,13081,344487,98060,47172,50888
58505,362616,18099,174463,13083,344517,98068,47175,50893
58510,362647,18102,174476,13085,344545,98076,47179,50897
58515,362678,18104,174489,13086,344574,98084,47182,50902
58520,362709,18106,174502,13086,344603,98092,47185,50907
58525,362740,18108,174516,13088,344631,98100,47189,50911
58530,362771,18110,174534,13089,344660,98108,47194,50914
58535,362802,18113,174549,13090,344688,98116,47197,50919
58540,362833,18116,174568,13091,344717,98124,47203,50921
58545,362864,18119,174589,13093,344743,98133,47209,50924
58550,362895,18123,174605,13096,344770,98142,47215,50927
58555,362926,18128,174624,13099,344796,98151,47219,50932
58560,362957,18132,174642,13103,344824,98160,47225,50935
58565,362988,18136,174657,13105,344850,98168,47230,50938
58570,363019,18140,174671,13109,344879,98176,47234,50942
58575,363050,18141,174683,13109,344908,98184,47236,50948
58580,363081,18142,174698,13110,344939,98192,47240,50952
58585,363112,18143,174712,13110,344969,98200,47244,50956
58590,363143,18144,174729,13110,344999,98208,47247,50961
58595,363174,18145,174740,13110,345029,98216,47249,50967
58600,363205,18147,174751,13112,345057,98224,47251,50973
58605,363236,18150,174767,13114,345086,98232,47254,50978
58610,363267,18150,174780,13114,345114,98241,47254,50987
58615,363298,18150,174793,13114,345148,98250,47257,50993
58620,363329,18150,174810,13114,345177,98259,47260,50999
58625,363360,18150,174826,13114,345209,98268,47266,51002
58630,363391,18150,174837,13114,345240,98277,47266,51011
58635,363422,18150,174850,13114,345272,98286,47270,51016
58640,363453,18150,174867,13114,345302,98295,47276,51019
58645,363484,18150,174886,13114,345333,98304,47281,51023
58650,363515,18150,174903,13114,345365,98313,47284,51029
58655,363546,18150,174922,13114,345396,98322,47289,51033
58660,363577,18150,174936,13114,345427,98331,47292,51039
58665,363608,18150,174951,13114,345458,98341,47296,51045
58670,363639,18150,174964,13114,345489,98351,47300,51051
58675,363670,18152,174983,13116,345517,98361,47305,51056
58680,363701,18154,174999,13118,345545,98371,47310,51061
58685,363732,18157,175014,13121,345575,98380,47316,51064
58690,363763,18158,175031,13121,345604,98389,47322,51067
58695,363794,18159,175045,13121,345634,98398,47327,51071
58700,363825,18160,175059,13122,345664,98407,47331,51076
58705,363856,18161,175073,13123,345693,98416,47334,51082
58710,363887,18164,175087,13125,345722,98425,47339,51086
58715,363918,18167,175101,13126,345751,98434,47343,51091
58720,363949,18169,175114,13127,345780,98443,47347,51096
58725,363980,18171,175122,13128,345809,98452,47351,51101
58730,364011,18173,175137,13128,345837,98461,47356,51105
58735,364042,18177,175157,13132,345864,98470,47363,51107
58740,364073,18181,175169,13134,345891,98479,47367,51112
58745,364104,18184,175178,13137,345920,98486,47370,51116
58750,364135,18187,175196,13140,345947,98493,47375,51118
58755,364166,18192,175208,13144,345974,98500,47376,51124
58760,364197,18195,175229,13147,346000,98507,47380,51127
58765,364228,18199,175243,13149,346028,98514,47381,51133
58770,364259,18200,175256,13149,346058,98521,47384,51137
58775,364290,18202,175270,13150,346087,98528,47388,51140
58780,364321,18204,175286,13151,346117,98535,47390,51145
58785,364352,18206,175301,13153,346145,98543,47393,51150
58790,364383,18209,175319,13155,346173,98551,47398,51153
58795,364414,18211,175334,13156,346202,98559,47400,51159
58800,364445,18213,175343,13157,346232,98567,47403,51164
58805,364476,18213,175357,13157,346263,98573,47404,51169
58810,364507,18213,175370,13157,346293,98579,47408,51171
58815,364538,18213,175385,13157,346324,98585,47410,51175
58820,364569,18213,175402,13157,346356,98591,47412,51179
58825,364600,18213,175420,13157,346387,98597,47415,51182
58830,364631,18213,175440,13157,346417,98603,47419,51184
58835,364662,18213,175458,13157,346449,98609,47422,51187
58840,364693,18213,175471,13157,346480,98615,47425,51190
58845,364724,18213,175487,13157,346510,98622,47427,51195
58850,364755,18213,175506,13157,346540,98630,47432,51198
58855,364786,18213,175521,13157,346573,98638,47437,51201
58860,364817,18213,175531,13157,346604,98646,47439,51207
58865,364848,18213,175545,13157,346635,98654,47442,51212
58870,364879,18213,175560,13157,346666,98662,47447,51215
58875,364910,18213,175576,13157,346696,98670,47452,51218
58880,364941,18215,175588,13158,346725,98678,47455,51223
58885,364972,18217,175605,13159,346754,98686,47459,51227
58890,365003,18218,175621,13160,346785,98694,47462,51232
58895,365034,18219,175633,13160,346815,98702,47464,51238
58900,365065,18221,175646,13162,346844,98710,47467,51243
58905,365096,18222,175666,13163,346873,98720,47473,51247
58910,365127,18226,175682,13165,346900,98730,47478,51252
58915,365158,18229,175693,13167,346928,98740,47479,51261
58920,365189,18232,175705,13169,346956,98750,47482,51268
58925,365220,18235,175721,13172,346985,98759,47485,51274
58930,365251,18239,175739,13175,347012,98768,47490,51278
58935,365282,18241,175752,13176,347041,98777,47493,51284
58940,365313,18245,175765,13179,347068,98786,47494,51292
58945,365344,18248,175783,13182,347096,98795,47501,51294
58950,365375,18251,175797,13183,347124,98804,47506,51298
58955,365406,18252,175810,13183,347154,98813,47513,51300
58960,365437,18253,175824,13183,347184,98822,47519,51303
58965,365468,18254,175838,13184,347214,98831,47521,51310
58970,365499,18257,175859,13187,347241,98840,47528,51312
58975,365530,18258,175878,13188,347272,98849,47534,51315
58980,365561,18261,175897,13191,347298,98858,47539,51319
58985,365592,18263,175909,13192,347329,98865,47541,51324
58990,365623,18267,175922,13196,347355,98872,47542,51330
58995,365654,18271,175941,13200,347382,98879,47547,51332
59000,365685,18273,175960,13202,347411,98886,47549,51337
59005,365716,18273,175979,13202,347443,98893,47553,51340
59010,365747,18273,175995,13202,347473,98900,47557,51343
59015,365778,18273,176010,13202,347504,98907,47560,51347
59020,365809,18273,176027,13202,347536,98914,47564,51350
59025,365840,18273,176042,13202,347566,98922,47566,51356
59030,365871,18273,176055,13202,347598,98930,47567,51363
59035,365902,18273,176072,13202,347628,98938,47571,51367
59040,365933,18273,176089,13202,347660,98946,47577,51369
59045,365964,18273,176104,13202,347691,98954,47580,51374
59050,365995,18273,176120,13202,347721,98962,47583,51379
59055,366026,18273,176128,13202,347753,98970,47584,51386
59060,366057,18274,176139,13203,347781,98978,47588,51390
59065,366088,18276,176149,13204,347811,98986,47591,51395
59070,366119,18278,176162,13205,347839,98994,47595,51399
59075,366150,18280,176177,13207,347870,99002,47597,51405
59080,366181,18281,176189,13207,347898,99010,47600,51410
59085,366212,18284,176204,13209,347928,99020,47608,51412
59090,366243,18285,176218,13210,347957,99030,47613,51417
59095,366274,18286,176233,13211,347988,99040,47618,51422
59100,366305,18287,176245,13212,348016,99050,47623,51427
59105,366336,18293,176262,13217,348042,99059,47627,51432
59110,366367,18297,176275,13220,348069,99068,47631,51437
59115,366398,18302,176292,13225,348096,99077,47636,51441
59120,366429,18304,176307,13226,348123,99086,47641,51445
59125,366460,18306,176322,13228,348150,99095,47645,51450
59130,366491,18307,176336,13228,348181,99104,47649,51455
59135,366522,18310,176350,13230,348211,99113,47651,51462
59140,366553,18311,176364,13230,348242,99122,47655,51467
59145,366584,18313,176379,13232,348270,99131,47662,51469
59150,366615,18316,176397,13235,348299,99140,47667,51473
59155,366646,18318,176410,13236,348328,99149,47672,51477
59160,366677,18323,176430,13241,348354,99158,47676,51482
59165,366708,18323,176443,13241,348384,99167,47679,51488
59170,366739,18323,176457,13241,348415,99176,47682,51494
59175,366770,18323,176468,13241,348447,99185,47686,51499
59180,366801,18323,176486,13241,348478,99194,47691,51503
59185,366832,18323,176500,13241,348509,99203,47696,51507
59190,366863,18323,176513,13241,348540,99212,47698,51514
59195,366894,18323,176533,13241,348571,99221,47704,51517
59200,366925,18323,176550,13241,348602,99230,47708,51522
59205,366956,18323,176568,13241,348632,99240,47710,51530
59210,366987,18323,176583,13241,348663,99250,47717,51533
59215,367018,18323,176591,13241,348695,99260,47718,51542
59220,367049,18323,176608,13241,348725,99270,47725,51545
59225,367080,18324,176620,13242,348755,99278,47730,51548
59230,367111,18326,176630,13244,348785,99286,47732,51554
59235,367142,18327,176644,13245,348814,99294,47735,51559
59240,367173,18331,176657,13249,348841,99302,47739,51563
59245,367204,18333,176669,13251,348871,99310,47746,51564
59250,367235,18337,176682,13255,348897,99318,47749,51569
59255,367266,18342,176698,13259,348923,99326,47753,51573
59260,367297,18345,176713,13261,348951,99334,47757,51577
59265,367328,18345,176728,13261,348982,99342,47760,51582
59270,367359,18347,176745,13263,349012,99350,47767,51583
59275,367390,18348,176755,13263,349042,99358,47771,51587
59280,367421,18349,176768,13263,349072,99366,47773,51593
59285,367452,18351,176787,13264,349100,99373,47777,51596
59290,367483,18352,176801,13264,349129,99380,47781,51599
59295,367514,18353,176821,13264,349161,99387,47785,51602
59300,367545,18354,176838,13265,349191,99394,47791,51603
59305,367576,18356,176852,13266,349220,99401,47793,51608
59310,367607,18357,176867,13266,349250,99408,47796,51612
59315,367638,18358,176883,13266,349280,99415,47801,51614
59320,367669,18359,176900,13267,349310,99422,47805,51617
59325,367700,18360,176914,13268,349340,99430,47809,51621
59330,367731,18361,176928,13268,349370,99439,47814,51625
59335,367762,18363,176943,13269,349399,99448,47821,51627
59340,367793,18365,176958,13271,349427,99457,47827,51630
59345,367824,18368,176975,13273,349456,99465,47833,51632
59350,367855,18369,176990,13273,349485,99473,47837,51636
59355,367886,18371,177008,13274,349514,99481,47842,51639
59360,367917,18373,177019,13275,349544,99489,47845,51644
59365,367948,18375,177034,13276,349572,99497,47850,51647
59370,367979,18376,177047,13277,349603,99505,47852,51653
59375,368010,18377,177066,13278,349631,99513,47856,51657
59380,368041,18379,177083,13280,349662,99521,47857,51664
59385,368072,18380,177093,13280,349691,99530,47859,51671
59390,368103,18382,177110,13282,349719,99539,47862,51677
59395,368134,18384,177131,13284,349749,99548,47867,51681
59400,368165,18386,177150,13286,349778,99557,47874,51683
59405,368196,18390,177168,13290,349805,99564,47875,51689
59410,368227,18393,177183,13292,349834,99571,47879,51692
59415,368258,18395,177202,13294,349862,99578,47884,51694
59420,368289,18398,177221,13296,349891,99585,47887,51698
59425,368320,18399,177229,13296,349921,99592,47890,51702
59430,368351,18400,177244,13297,349951,99599,47894,51705
59435,368382,18402,177263,13298,349980,99606,47899,51707
59440,368413,18402,177276,13298,350011,99613,47902,51711
59445,368444,18402,177297,13298,350041,99621,47908,51713
59450,368475,18402,177309,13298,350072,99629,47910,51719
59455,368506,18402,177326,13298,350104,99637,47915,51722
59460,368537,18402,177344,13298,350135,99645,47919,51726
59465,368568,18402,177359,13298,350166,99652,47923,51729
59470,368599,18403,177372,13298,350196,99659,47925,51734
59475,368630,18404,177384,13298,350226,99666,47926,51740
59480,368661,18405,177396,13299,350256,99673,47928,51745
59485,368692,18406,177415,13300,350286,99680,47933,51747
59490,368723,18407,177430,13300,350316,99687,47936,51751
59495,368754,18408,177444,13300,350344,99694,47940,51754
59500,368785,18409,177457,13301,350376,99701,47945,51756
59505,368816,18410,177469,13302,350405,99709,47947,51762
59510,368847,18411,177484,13303,350435,99718,47950,51768
59515,368878,18412,177497,13303,350465,99727,47954,51773
59520,368909,18414,177514,13305,350494,99736,47955,51781
59525,368940,18416,177527,13306,350524,99744,47959,51785
59530,368971,18417,177541,13306,350554,99752,47962,51790
59535,369002,18419,177554,13307,350583,99760,47964,51796
59540,369033,18420,177568,13307,350611,99768,47969,51799
59545,369064,18423,177585,13309,350641,99776,47974,51802
59550,369095,18427,177603,13313,350667,99784,47978,51806
59555,369126,18431,177618,13316,350695,99792,47983,51809
59560,369157,18436,177636,13321,350720,99800,47986,51814
59565,369188,18439,177646,13323,350749,99809,47989,51820
59570,369219,18443,177660,13326,350776,99818,47994,51824
59575,369250,18444,177674,13327,350805,99827,47999,51828
59580,369281,18446,177694,13329,350834,99836,48005,51831
59585,369312,18448,177708,13330,350863,99845,48009,51836
59590,369343,18450,177721,13332,350893,99854,48015,51839
59595,369374,18452,177738,13333,350921,99863,48018,51845
59600,369405,18454,177755,13335,350950,99872,48023,51849
59605,369436,18457,177775,13338,350979,99881,48027,51854
59610,369467,18459,177789,13339,351007,99890,48032,51858
59615,369498,18463,177805,13343,351034,99899,48037,51862
59620,369529,18464,177816,13344,351065,99908,48040,51868
59625,369560,18464,177827,13344,351096,99918,48045,51873
59630,369591,18464,177844,13344,351127,99928,48050,51878
59635,369622,18464,177859,13344,351157,99938,48055,51883
59640,369653,18464,177872,13344,351188,99948,48058,51890
59645,369684,18464,177887,13344,351220,99958,48062,51896
59650,369715,18464,177902,13344,351249,99968,48068,51900
59655,369746,18464,177913,13344,351281,99978,48071,51907
59660,369777,18464,177930,13344,351311,99988,48077,51911
59665,369808,18464,177944,13344,351342,99998,48079,51919
59670,369839,18464,177957,13344,351374,100008,48082,51926
59675,369870,18466,177973,13345,351403,100018,48088,51930
59680,369901,18467,177986,13345,351434,100028,48094,51934
59685,369932,18469,178003,13346,351463,100038,48101,51937
59690,369963,18472,178022,13349,351491,100048,48106,51942
59695,369994,18473,178035,13349,351521,100058,48111,51947
59700,370025,18476,178052,13351,351548,100068,48115,51953
59705,370056,18478,178067,13353,351578,100076,48118,51958
59710,370087,18481,178081,13356,351606,100084,48120,51964
59715,370118,18484,178095,13359,351634,100092,48122,51970
59720,370149,18486,178108,13361,351663,100100,48125,51975
59725,370180,18487,178124,13361,351693,100108,48128,51980
59730,370211,18489,178138,13362,351722,100116,48130,51986
59735,370242,18490,178155,13363,351751,100124,48134,51990
59740,370273,18493,178175,13366,351780,100132,48141,51991
59745,370304,18494,178196,13367,351809,100140,48146,51994
59750,370335,18496,178214,13369,351838,100148,48151,51997
59755,370366,18500,178229,13373,351865,100156,48154,52002
59760,370397,18504,178244,13377,351893,100164,48160,52004
59765,370428,18507,178258,13379,351920,100171,48164,52007
59770,370459,18508,178270,13380,351951,100178,48167,52011
59775,370490,18508,178285,13380,351981,100185,48172,52013
59780,370521,18508,178303,13380,352012,100192,48174,52018
59785,370552,18508,178317,13380,352043,100199,48179,52020
59790,370583,18508,178333,13380,352072,100206,48183,52023
59795,370614,18508,178352,13380,352104,100213,48185,52028
59800,370645,18508,178369,13380,352135,100220,48188,52032
59805,370676,18508,178380,13380,352167,100229,48192,52037
59810,370707,18508,178393,13380,352196,100238,48198,52040
59815,370738,18508,178408,13380,352227,100247,48200,52047
59820,370769,18508,178423,13380,352259,100256,48203,52053
59825,370800,18509,178433,13380,352291,100264,48205,52059
59830,370831,18510,178449,13380,352320,100272,48209,52063
59835,370862,18511,178458,13381,352351,100280,48210,52070
59840,370893,18512,178471,13381,352381,100288,48213,52075
59845,370924,18514,178490,13383,352409,100296,48217,52079
59850,370955,18515,178501,13383,352439,100304,48219,52085
59855,370986,18517,178514,13384,352469,100312,48223,52089
59860,371017,18518,178529,13384,352498,100320,48226,52094
59865,371048,18520,178545,13386,352528,100329,48233,52096
59870,371079,18522,178556,13387,352557,100338,48238,52100
59875,371110,18523,178570,13387,352587,100347,48239,52108
59880,371141,18525,178588,13387,352616,100356,48247,52109
59885,371172,18529,178607,13391,352642,100364,48250,52114
59890,371203,18533,178623,13394,352669,100372,48254,52118
59895,371234,18538,178637,13398,352696,100380,48257,52123
59900,371265,18541,178653,13400,352724,100388,48260,52128
59905,371296,18542,178663,13400,352754,100396,48263,52133
59910,371327,18544,178680,13402,352782,100404,48267,52137
59915,371358,18547,178697,13405,352810,100412,48269,52143
59920,371389,18551,178710,13409,352838,100420,48274,52146
59925,371420,18553,178724,13410,352866,100429,48279,52150
59930,371451,18558,178739,13414,352893,100438,48283,52155
59935,371482,18560,178755,13416,352921,100447,48289,52158
59940,371513,18560,178771,13416,352953,100456,48292,52164
59945,371544,18560,178791,13416,352982,100464,48294,52170
59950,371575,18560,178807,13416,353014,100472,48301,52171
59955,371606,18560,178821,13416,353045,100480,48305,52175
59960,371637,18560,178835,13416,353076,100488,48310,52178
59965,371668,18560,178848,13416,353108,100496,48313,52183
59970,371699,18560,178862,13416,353137,100504,48318,52186
59975,371730,18560,178880,13416,353168,100512,48323,52189
59980,371761,18560,178893,13416,353201,100520,48326,52194
59985,371792,18560,178909,13416,353230,100529,48332,52197
59990,371823,18560,178924,13416,353262,100538,48337,52201
59995,371854,18560,178938,13416,353294,100547,48342,52205
60000,371885,18560,178950,13416,353325,100556,48348,52208
60005,371916,18561,178964,13417,353355,100564,48353,52211
60010,371947,18562,178977,13418,353385,100572,48356,52216
60015,371978,18563,178993,13418,353415,100580,48360,52220
60020,372009,18564,179012,13418,353444,100588,48365,52223
60025,372040,18565,179028,13419,353475,100596,48370,52226
60030,372071,18566,179041,13420,353505,100604,48375,52229
60035,372102,18567,179054,13421,353535,100612,48378,52234
60040,372133,18568,179067,13422,353565,100620,48381,52239
60045,372164,18570,179084,13422,353592,100628,48388,52240
60050,372195,18573,179096,13425,353622,100637,48389,52248
60055,372226,18575,179112,13427,353650,100646,48393,52253
60060,372257,18577,179126,13428,353678,100655,48396,52259
60065,372288,18580,179143,13430,353707,100662,48399,52263
60070,372319,18583,179162,13432,353735,100669,48404,52265
60075,372350,18586,179177,13434,353763,100676,48408,52268
60080,372381,18589,179196,13436,353790,100683,48414,52269
60085,372412,18592,179213,13439,353819,100690,48418,52272
60090,372443,18597,179225,13442,353846,100697,48421,52276
60095,372474,18602,179240,13445,353871,100704,48425,52279
60100,372505,18610,179256,13452,353895,100711,48429,52282
60105,372536,18615,179273,13457,353919,100719,48435,52284
60110,372567,18620,179288,13461,353947,100727,48442,52285
60115,372598,18622,179305,13462,353976,100735,48447,52288
60120,372629,18624,179318,13464,354004,100743,48451,52292
60125,372660,18624,179334,13464,354035,100750,48453,52297
60130,372691,18624,179346,13464,354066,100757,48454,52303
60135,372722,18624,179364,13464,354095,100764,48458,52306
60140,372753,18624,179380,13464,354127,100771,48460,52311
60145,372784,18624,179393,13464,354158,100778,48464,52314
60150,372815,18624,179413,13464,354191,100785,48468,52317
60155,372846,18624,179432,13464,354222,100792,48472,52320
60160,372877,18624,179442,13464,354253,100799,48474,52325
60165,372908,18624,179453,13464,354284,100808,48478,52330
60170,372939,18624,179469,13464,354313,100817,48483,52334
60175,372970,18624,179483,13464,354346,100826,48486,52340
60180,373001,18624,179498,13464,354376,100835,48489,52346
60185,373032,18624,179515,13464,354408,100844,48493,52351
60190,373063,18624,179530,13464,354439,100853,48497,52356
60195,373094,18624,179543,13464,354470,100862,48501,52361
60200,373125,18624,179563,13464,354501,100871,48506,52365
60205,373156,18624,179581,13464,354532,100880,48511,52369
60210,373187,18624,179598,13464,354563,100889,48518,52371
60215,373218,18624,179611,13464,354594,100898,48521,52377
60220,373249,18624,179625,13464,354623,100907,48524,52383
60225,373280,18627,179637,13467,354652,100916,48527,52389
60230,373311,18632,179652,13472,354678,100926,48531,52395
60235,373342,18636,179667,13475,354704,100936,48534,52402
60240,373373,18642,179684,13481,354731,100946,48542,52404
60245,373404,18645,179694,13484,354759,100956,48545,52411
60250,373435,18651,179713,13488,354784,100966,48551,52415
60255,373466,18655,179728,13490,354811,100976,48556,52420
60260,373497,18659,179745,13493,354838,100986,48563,52423
60265,373528,18664,179764,13498,354863,100996,48568,52428
60270,373559,18666,179777,13500,354892,101006,48572,52434
60275,373590,18668,179794,13502,354921,101016,48578,52438
60280,373621,18670,179809,13503,354950,101026,48585,52441
60285,373652,18670,179828,13503,354981,101036,48590,52446
60290,373683,18670,179844,13503,355010,101046,48595,52451
60295,373714,18670,179858,13503,355042,101056,48598,52458
60300,373745,18670,179874,13503,355074,101066,48603,52463
60305,373776,18670,179887,13503,355105,101074,48606,52468
60310,373807,18670,179901,13503,355136,101082,48610,52472
60315,373838,18670,179922,13503,355167,101090,48616,52474
60320,373869,18670,179934,13503,355198,101098,48617,52481
60325,373900,18670,179951,13503,355229,101106,48621,52485
60330,373931,18670,179964,13503,355261,101114,48623,52491
60335,373962,18670,179980,13503,355292,101122,48627,52495
60340,373993,18670,179992,13503,355322,101130,48631,52499
60345,374024,18670,180010,13503,355353,101138,48636,52502
60350,374055,18670,180023,13503,355385,101146,48640,52506
60355,374086,18670,180039,13503,355416,101154,48645,52509
60360,374117,18670,180053,13503,355446,101162,48648,52514
60365,374148,18670,180068,13503,355478,101169,48653,52516
60370,374179,18670,180083,13503,355509,101176,48655,52521
60375,374210,18672,180101,13505,355536,101183,48660,52523
60380,374241,18675,180117,13508,355564,101190,48664,52526
60385,374272,18679,180125,13510,355593,101197,48666,52531
60390,374303,18682,180143,13512,355620,101204,48671,52533
60395,374334,18687,180161,13517,355647,101211,48673,52538
60400,374365,18690,180173,13518,355675,101218,48675,52543
60405,374396,18694,180190,13522,355701,101227,48679,52548
60410,374427,18699,180204,13527,355726,101236,48684,52552
60415,374458,18703,180216,13530,355755,101245,48688,52557
60420,374489,18707,180232,13533,355781,101254,48692,52562
60425,374520,18710,180245,13535,355810,101261,48696,52565
60430,374551,18712,180261,13536,355839,101268,48700,52568
60435,374582,18713,180274,13536,355869,101275,48702,52573
60440,374613,18716,180294,13538,355897,101282,48705,52577
60445,374644,18719,180312,13541,355925,101289,48709,52580
60450,374675,18721,180323,13543,355954,101296,48712,52584
60455,374706,18721,180343,13543,355985,101303,48717,52586
60460,374737,18721,180356,13543,356015,101310,48720,52590
60465,374768,18721,180372,13543,356046,101318,48723,52595
60470,374799,18721,180386,13543,356078,101326,48728,52598
60475,374830,18721,180392,13543,356108,101334,48728,52606
60480,374861,18721,180411,13543,356138,101342,48732,52610
60485,374892,18721,180423,13543,356169,101350,48734,52616
60490,374923,18721,180437,13543,356202,101358,48737,52621
60495,374954,18721,180450,13543,356232,101366,48740,52626
60500,374985,18721,180468,13543,356263,101374,48745,52629
60505,375016,18721,180485,13543,356294,101382,48750,52632
60510,375047,18721,180499,13543,356326,101390,48753,52637
60515,375078,18721,180518,13543,356356,101398,48759,52639
60520,375109,18721,180534,13543,356387,101406,48762,52644
60525,375140,18721,180551,13543,356418,101416,48768,52648
60530,375171,18722,180566,13543,356448,101426,48773,52653
60535,375202,18723,180578,13543,356478,101436,48775,52661
60540,375233,18724,180590,13543,356509,101446,48780,52666
60545,375264,18725,180608,13544,356539,101455,48784,52671
60550,375295,18726,180626,13544,356569,101464,48789,52675
60555,375326,18727,180636,13545,356599,101473,48791,52682
60560,375357,18729,180652,13547,356628,101482,48797,52685
60565,375388,18731,180670,13548,356657,101491,48801,52690
60570,375419,18734,180681,13551,356685,101500,48804,52696
60575,375450,18736,180692,13552,356714,101509,48807,52702
60580,375481,18738,180703,13553,356742,101518,48809,52709
60585,375512,18743,180721,13557,356769,101527,48816,52711
60590,375543,18745,180734,13558,356797,101536,48819,52717
60595,375574,18749,180748,13560,356824,101545,48823,52722
60600,375605,18753,180760,13563,356851,101554,48826,52728
60605,375636,18758,180772,13566,356877,101561,48829,52732
60610,375667,18759,180784,13566,356907,101568,48833,52735
60615,375698,18760,180792,13566,356938,101575,48833,52742
60620,375729,18761,180809,13566,356967,101582,48837,52745
60625,375760,18763,180822,13568,356997,101589,48840,52749
60630,375791,18764,180836,13569,357027,101596,48843,52753
60635,375822,18765,180851,13569,357057,101603,48848,52755
60640,375853,18767,180863,13570,357086,101610,48850,52760
60645,375884,18768,180879,13571,357113,101618,48856,52762
60650,375915,18772,180891,13574,357141,101626,48858,52768
60655,375946,18776,180908,13578,357168,101634,48863,52771
60660,375977,18780,180921,13581,357197,101642,48865,52777
60665,376008,18780,180934,13581,357228,101650,48866,52784
60670,376039,18780,180950,13581,357259,101658,48873,52785
60675,376070,18780,180961,13581,357289,101666,48875,52791
60680,376101,18780,180970,13581,357321,101674,48877,52797
60685,376132,18780,180988,13581,357352,101682,48880,52802
60690,376163,18780,181005,13581,357382,101690,48886,52804
60695,376194,18780,181015,13581,357414,101698,48889,52809
60700,376225,18780,181033,13581,357444,101706,48892,52814
60705,376256,18780,181051,13581,357476,101715,48896,52819
60710,376287,18780,181069,13581,357505,101725,48900,52825
60715,376318,18782,181081,13583,357535,101735,48905,52830
60720,376349,18783,181096,13584,357565,101745,48910,52835
60725,376380,18784,181114,13585,357595,101754,48915,52839
60730,376411,18786,181126,13587,357625,101763,48919,52844
60735,376442,18787,181141,13588,357654,101772,48922,52850
60740,376473,18789,181152,13589,357684,101781,48925,52856
60745,376504,18790,181172,13589,357713,101790,48930,52860
60750,376535,18793,181187,13592,357742,101799,48935,52864
60755,376566,18795,181204,13594,357771,101808,48941,52867
60760,376597,18799,181219,13598,357797,101817,48944,52873
60765,376628,18805,181234,13603,357822,101826,48948,52878
60770,376659,18806,181249,13603,357850,101835,48952,52883
60775,376690,18807,181263,13603,357880,101844,48955,52889
60780,376721,18809,181278,13604,357910,101853,48957,52896
60785,376752,18811,181292,13605,357941,101861,48959,52902
60790,376783,18813,181306,13606,357970,101869,48963,52906
60795,376814,18815,181321,13608,357999,101877,48968,52909
60800,376845,18817,181339,13610,358028,101885,48973,52912
60805,376876,18819,181355,13611,358057,101893,48978,52915
60810,376907,18823,181372,13614,358084,101901,48982,52919
60815,376938,18824,181385,13614,358114,101909,48985,52924
60820,376969,18827,181400,13616,358142,101917,48989,52928
60825,377000,18829,181411,13618,358171,101926,48991,52935
60830,377031,18829,181425,13618,358202,101935,48996,52939
60835,377062,18829,181436,13618,358233,101944,48999,52945
60840,377093,18829,181453,13618,358264,101953,49003,52950
60845,377124,18829,181468,13618,358295,101961,49007,52954
60850,377155,18829,181482,13618,358326,101969,49012,52957
60855,377186,18829,181496,13618,358357,101977,49015,52962
60860,377217,18829,181513,13618,358388,101985,49021,52964
60865,377248,18829,181530,13618,358419,101993,49023,52970
60870,377279,18829,181546,13618,358450,102001,49027,52974
60875,377310,18830,181558,13618,358479,102009,49031,52978
60880,377341,18833,181568,13620,358508,102017,49037,52980
60885,377372,18835,181583,13621,358536,102025,49041,52984
60890,377403,18839,181599,13624,358563,102034,49046,52988
60895,377434,18841,181608,13625,358593,102043,49050,52993
60900,377465,18844,181627,13628,358620,102052,49055,52997
60905,377496,18847,181643,13631,358646,102059,49058,53001
60910,377527,18849,181660,13633,358676,102066,49061,53005
60915,377558,18849,181679,13633,358707,102073,49066,53007
60920,377589,18849,181695,13633,358738,102080,49070,53010
60925,377620,18849,181708,13633,358770,102087,49074,53013
60930,377651,18850,181720,13634,358799,102094,49076,53018
60935,377682,18851,181736,13635,358830,102101,49081,53020
60940,377713,18853,181752,13636,358859,102108,49086,53022
60945,377744,18855,181770,13637,358888,102116,49089,53027
60950,377775,18856,181784,13638,358918,102124,49094,53030
60955,377806,18857,181798,13639,358948,102132,49100,53032
60960,377837,18858,181814,13640,358978,102140,49104,53036
60965,377868,18860,181832,13642,359007,102148,49107,53041
60970,377899,18862,181847,13644,359036,102156,49110,53046
60975,377930,18863,181860,13644,359066,102164,49112,53052
60980,377961,18864,181869,13644,359096,102172,49117,53055
60985,377992,18866,181882,13645,359125,102180,49118,53062
60990,378023,18868,181899,13646,359155,102188,49122,53066
60995,378054,18870,181913,13648,359184,102196,49124,53072
61000,378085,18872,181925,13649,359213,102204,49126,53078
61005,378116,18873,181935,13649,359243,102214,49131,53083
61010,378147,18874,181952,13649,359273,102224,49137,53087
61015,378178,18877,181966,13650,359301,102234,49141,53093
61020,378209,18881,181985,13653,359328,102244,49148,53096
61025,378240,18882,182002,13653,359358,102253,49154,53099
61030,378271,18883,182018,13653,359387,102262,49157,53105
61035,378302,18886,182035,13655,359415,102271,49162,53109
61040,378333,18889,182049,13658,359444,102280,49166,53114
61045,378364,18890,182061,13658,359474,102289,49170,53119
61050,378395,18892,182077,13659,359503,102298,49175,53123
61055,378426,18893,182091,13660,359533,102307,49180,53127
61060,378457,18894,182104,13660,359562,102316,49185,53131
61065,378488,18899,182121,13664,359588,102325,49189,53136
61070,378519,18903,182138,13668,359615,102334,49195,53139
61075,378550,18904,182155,13669,359646,102343,49201,53142
61080,378581,18904,182172,13669,359677,102352,49206,53146
61085,378612,18904,182188,13669,359708,102360,49210,53150
61090,378643,18904,182202,13669,359738,102368,49215,53153
61095,378674,18904,182221,13669,359768,102376,49220,53156
61100,378705,18904,182240,13669,359801,102384,49224,53160
61105,378736,18904,182257,13669,359831,102392,49228,53164
61110,378767,18904,182268,13669,359863,102400,49230,53170
61115,378798,18904,182283,13669,359893,102408,49233,53175
61120,378829,18904,182296,13669,359924,102416,49236,53180
61125,378860,18904,182313,13669,359955,102425,49241,53184
61130,378891,18905,182330,13670,359985,102434,49245,53189
61135,378922,18906,182344,13671,360015,102443,49250,53193
61140,378953,18907,182360,13671,360045,102452,49255,53197
61145,378984,18908,182368,13671,360076,102459,49258,53201
61150,379015,18909,182382,13672,360105,102466,49260,53206
61155,379046,18910,182398,13673,360136,102473,49264,53209
61160,379077,18911,182414,13674,360165,102480,49269,53211
61165,379108,18912,182431,13675,360196,102487,49273,53214
61170,379139,18913,182443,13676,360226,102494,49274,53220
61175,379170,18914,182458,13676,360255,102501,49278,53223
61180,379201,18916,182473,13678,360284,102508,49282,53226
61185,379232,18918,182486,13679,360311,102516,49286,53230
61190,379263,18921,182496,13680,360340,102524,49289,53235
61195,379294,18924,182513,13682,360368,102532,49294,53238
61200,379325,18926,182523,13682,360395,102540,49296,53244
61205,379356,18930,182534,13685,360426,102548,49298,53250
61210,379387,18932,182549,13686,360455,102556,49303,53253
61215,379418,18934,182562,13686,360483,102564,49308,53256
61220,379449,18938,182582,13689,360511,102572,49314,53258
61225,379480,18940,182598,13691,360540,102580,49319,53261
61230,379511,18945,182613,13694,360564,102588,49324,53264
61235,379542,18950,182623,13698,360592,102596,49327,53269
61240,379573,18956,182636,13703,360617,102604,49330,53274
61245,379604,18958,182653,13705,360646,102614,49337,53277
61250,379635,18959,182665,13705,360676,102624,49343,53281
61255,379666,18962,182679,13707,360703,102634,49347,53287
61260,379697,18965,182699,13710,360730,102644,49352,53292
61265,379728,18967,182714,13712,360761,102654,49357,53297
61270,379759,18967,182727,13712,360792,102664,49361,53303
61275,379790,18967,182740,13712,360823,102674,49364,53310
61280,379821,18967,182752,13712,360854,102684,49371,53313
61285,379852,18967,182768,13712,360885,102694,49376,53318
61290,379883,18967,182785,13712,360916,102704,49380,53324
61295,379914,18967,182804,13712,360947,102714,49386,53328
61300,379945,18967,182820,13712,360978,102724,49392,53332
61305,379976,18967,182832,13712,361009,102734,49396,53338
61310,380007,18967,182851,13712,361039,102744,49403,53341
61315,380038,18967,182860,13712,361071,102754,49405,53349
61320,380069,18967,182875,13712,361102,102764,49412,53352
61325,380100,18967,182897,13712,361131,102772,49418,53354
61330,380131,18967,182917,13712,361163,102780,49425,53355
61335,380162,18967,182930,13712,361193,102788,49428,53360
61340,380193,18967,182943,13712,361225,102796,49434,53362
61345,380224,18967,182959,13712,361257,102804,49440,53364
61350,380255,18969,182980,13714,361286,102812,49444,53368
61355,380286,18971,182995,13716,361315,102820,49448,53372
61360,380317,18972,183008,13716,361344,102828,49450,53378
61365,380348,18974,183026,13718,361372,102836,49453,53383
61370,380379,18978,183044,13721,361399,102844,49458,53386
61375,380410,18983,183059,13726,361426,102852,49462,53390
61380,380441,18987,183076,13728,361453,102860,49465,53395
61385,380472,18991,183090,13731,361480,102866,49467,53399
61390,380503,18994,183105,13733,361508,102872,49470,53402
61395,380534,18998,183124,13736,361534,102878,49473,53405
61400,380565,19003,183139,13740,361560,102884,49477,53407
61405,380596,19008,183154,13743,361587,102890,49480,53410
61410,380627,19013,183169,13747,361613,102896,49484,53412
61415,380658,19015,183183,13748,361643,102902,49487,53415
61420,380689,19015,183196,13748,361674,102908,49489,53419
61425,380720,19015,183205,13748,361705,102915,49492,53423
61430,380751,19015,183215,13748,361736,102923,49494,53429
61435,380782,19015,183229,13748,361767,102931,49498,53433
61440,380813,19015,183244,13748,361798,102939,49501,53438
61445,380844,19015,183256,13748,361829,102946,49503,53443
61450,380875,19015,183274,13748,361860,102953,49507,53446
61455,380906,19015,183290,13748,361891,102960,49510,53450
61460,380937,19015,183307,13748,361922,102967,49513,53454
61465,380968,19015,183317,13748,361953,102974,49517,53457
61470,380999,19015,183332,13748,361984,102981,49521,53460
61475,381030,19015,183348,13748,362015,102988,49525,53463
61480,381061,19015,183365,13748,362046,102995,49527,53468
61485,381092,19015,183379,13748,362077,103003,49530,53473
61490,381123,19015,183393,13748,362108,103012,49535,53477
61495,381154,19015,183406,13748,362139,103021,49540,53481
61500,381185,19015,183419,13748,362170,103030,49542,53488
61505,381216,19015,183432,13748,362201,103038,49547,53491
61510,381247,19015,183448,13748,362229,103046,49553,53493
61515,381278,19017,183463,13750,362260,103054,49558,53496
61520,381309,19021,183482,13753,362286,103062,49563,53499
61525,381340,19025,183499,13756,362314,103070,49566,53504
61530,381371,19027,183518,13756,362343,103078,49573,53505
61535,381402,19030,183537,13758,362372,103086,49576,53510
61540,381433,19033,183559,13761,362399,103094,49582,53512
61545,381464,19036,183576,13763,362428,103103,49589,53514
61550,381495,19038,183592,13764,362456,103112,49593,53519
61555,381526,19042,183607,13767,362483,103121,49597,53524
61560,381557,19044,183625,13768,362512,103130,49602,53528
61565,381588,19048,183641,13771,362540,103139,49606,53533
61570,381619,19050,183664,13773,362568,103148,49613,53535
61575,381650,19053,183678,13776,362597,103157,49620,53537
61580,381681,19057,183699,13780,362623,103166,49625,53541
61585,381712,19061,183710,13782,362651,103175,49629,53546
61590,381743,19064,183730,13783,362677,103184,49636,53548
61595,381774,19067,183748,13785,362707,103193,49640,53553
61600,381805,19069,183766,13786,362735,103202,49643,53559
61605,381836,19072,183779,13788,362764,103212,49648,53564
61610,381867,19074,183792,13789,362792,103222,49651,53571
61615,381898,19074,183808,13789,362824,103232,49655,53577
61620,381929,19074,183821,13789,362855,103242,49657,53585
61625,381960,19074,183838,13789,362886,103251,49661,53590
61630,381991,19074,183854,13789,362917,103260,49665,53595
61635,382022,19074,183873,13789,362948,103269,49670,53599
61640,382053,19074,183893,13789,362979,103278,49675,53603
61645,382084,19074,183907,13789,363010,103287,49681,53606
61650,382115,19074,183918,13789,363041,103296,49686,53610
61655,382146,19074,183934,13789,363072,103305,49690,53615
61660,382177,19074,183947,13789,363103,103314,49694,53620
61665,382208,19074,183965,13789,363133,103323,49699,53624
61670,382239,19074,183977,13789,363163,103332,49701,53631
61675,382270,19074,183993,13789,363195,103341,49706,53635
61680,382301,19074,184005,13789,363224,103350,49708,53642
61685,382332,19074,184017,13789,363256,103357,49712,53645
61690,382363,19074,184035,13789,363287,103364,49715,53649
61695,382394,19074,184048,13789,363319,103371,49718,53653
61700,382425,19075,184061,13789,363349,103378,49722,53656
61705,382456,19076,184078,13790,363379,103385,49726,53659
61710,382487,19077,184098,13791,363409,103392,49731,53661
61715,382518,19079,184113,13792,363439,103399,49735,53664
61720,382549,19081,184130,13793,363468,103406,49738,53668
61725,382580,19083,184144,13794,363496,103414,49740,53674
61730,382611,19085,184162,13795,363524,103422,49745,53677
61735,382642,19087,184175,13796,363554,103430,49748,53682
61740,382673,19089,184191,13797,363583,103438,49753,53685
61745,382704,19092,184207,13799,363612,103446,49756,53690
61750,382735,19094,184221,13799,363640,103454,49761,53693
61755,382766,19097,184240,13801,363669,103462,49764,53698
61760,382797,19099,184258,13803,363697,103470,49768,53702
61765,382828,19103,184275,13807,363725,103478,49773,53705
61770,382859,19105,184290,13808,363754,103486,49779,53707
61775,382890,19108,184304,13810,363782,103494,49781,53713
61780,382921,19111,184322,13813,363808,103502,49784,53718
61785,382952,19116,184340,13818,363836,103512,49791,53721
61790,382983,19121,184359,13823,363862,103522,49796,53726
61795,383014,19124,184371,13825,363890,103532,49799,53733
61800,383045,19126,184386,13827,363918,103542,49804,53738
61805,383076,19130,184401,13830,363946,103552,49808,53744
61810,383107,19132,184418,13831,363975,103562,49812,53750
61815,383138,19134,184435,13832,364004,103572,49819,53753
61820,383169,19136,184453,13833,364032,103582,49826,53756
61825,383200,19140,184465,13836,364060,103592,49831,53761
61830,383231,19142,184481,13837,364089,103602,49835,53767
61835,383262,19142,184493,13837,364120,103612,49838,53774
61840,383293,19142,184508,13837,364151,103622,49844,53778
61845,383324,19142,184524,13837,364180,103632,49850,53782
61850,383355,19142,184544,13837,364211,103642,49856,53786
61855,383386,19142,184554,13837,364243,103652,49860,53792
61860,383417,19142,184568,13837,364274,103662,49866,53796
61865,383448,19142,184588,13837,364304,103671,49872,53799
61870,383479,19142,184600,13837,364337,103680,49877,53803
61875,383510,19142,184616,13837,364367,103689,49883,53806
61880,383541,19142,184633,13837,364398,103698,49889,53809
61885,383572,19142,184648,13837,364430,103707,49894,53813
61890,383603,19142,184662,13837,364460,103716,49896,53820
61895,383634,19142,184680,13837,364491,103725,49900,53825
61900,383665,19142,184700,13837,364523,103734,49906,53828
61905,383696,19142,184716,13837,364553,103743,49910,53833
61910,383727,19143,184729,13837,364582,103752,49913,53839
61915,383758,19145,184745,13838,364612,103761,49919,53842
61920,383789,19146,184762,13838,364641,103770,49926,53844
61925,383820,19148,184776,13840,364671,103779,49931,53848
61930,383851,19150,184788,13842,364701,103788,49937,53851
61935,383882,19151,184802,13843,364731,103797,49941,53856
61940,383913,19153,184813,13843,364759,103806,49943,53863
61945,383944,19156,184828,13845,364787,103815,49947,53868
61950,383975,19160,184842,13848,364815,103824,49950,53874
61955,384006,19163,184857,13851,364842,103833,49954,53879
61960,384037,19167,184869,13853,364869,103842,49959,53883
61965,384068,19171,184882,13855,364896,103852,49964,53888
61970,384099,19176,184897,13860,364923,103862,49971,53891
61975,384130,19182,184913,13864,364948,103872,49977,53895
61980,384161,19187,184930,13869,364973,103882,49984,53898
61985,384192,19190,184942,13871,365001,103888,49986,53902
61990,384223,19192,184956,13872,365030,103894,49989,53905
61995,384254,19192,184975,13872,365061,103900,49993,53907
62000,384285,19192,184989,13872,365092,103906,49995,53911
62005,384316,19192,185006,13872,365123,103912,49996,53916
62010,384347,19192,185018,13872,365153,103918,49998,53920
62015,384378,19192,185037,13872,365184,103924,50004,53920
62020,384409,19192,185054,13872,365216,103930,50007,53923
62025,384440,19192,185071,13872,365247,103936,50009,53927
62030,384471,19192,185086,13872,365277,103942,50011,53931
62035,384502,19192,185100,13872,365310,103948,50015,53933
62040,384533,19192,185113,13872,365341,103954,50018,53936
62045,384564,19192,185125,13872,365372,103958,50019,53939
62050,384595,19192,185139,13872,365402,103962,50021,53941
62055,384626,19192,185155,13872,365433,103966,50023,53943
62060,384657,19192,185171,13872,365464,103970,50025,53945
62065,384688,19192,185182,13872,365496,103974,50026,53948
62070,384719,19192,185198,13872,365527,103978,50026,53952
62075,384750,19192,185213,13872,365558,103982,50028,53954
62080,384781,19192,185227,13872,365589,103986,50028,53958
62085,384812,19192,185240,13872,365619,103993,50029,53964
62090,384843,19194,185253,13873,365648,104001,50034,53967
62095,384874,19201,185268,13879,365672,104009,50038,53971
62100,384905,19204,185282,13881,365700,104017,50042,53975
62105,384936,19208,185297,13884,365728,104025,50043,53982
62110,384967,19212,185310,13887,365755,104033,50047,53986
62115,384998,19215,185324,13890,365782,104041,50050,53991
62120,385029,19219,185342,13894,365810,104049,50054,53995
62125,385060,19221,185356,13895,365839,104057,50060,53997
62130,385091,19223,185373,13896,365868,104065,50064,54001
62135,385122,19227,185389,13899,365895,104073,50067,54006
62140,385153,19230,185407,13902,365923,104081,50072,54009
62145,385184,19233,185423,13904,365951,104090,50074,54016
62150,385215,19236,185437,13906,365979,104100,50077,54023
62155,385246,19239,185457,13909,366006,104110,50083,54027
62160,385277,19241,185470,13911,366035,104120,50084,54036
62165,385308,19244,185487,13914,366063,104129,50088,54041
62170,385339,19244,185505,13914,366094,104138,50093,54045
62175,385370,19244,185519,13914,366125,104147,50097,54050
62180,385401,19244,185537,13914,366155,104156,50102,54054
62185,385432,19244,185548,13914,366188,104165,50106,54059
62190,385463,19244,185564,13914,366218,104174,50111,54063
62195,385494,19244,185577,13914,366249,104183,50114,54069
62200,385525,19244,185595,13914,366281,104192,50122,54070
62205,385556,19244,185611,13914,366312,104201,50126,54075
62210,385587,19244,185621,13914,366342,104210,50127,54083
62215,385618,19244,185633,13914,366374,104219,50131,54088
62220,385649,19244,185645,13914,366404,104228,50135,54093
62225,385680,19244,185659,13914,366436,104236,50137,54099
62230,385711,19244,185672,13914,366467,104244,50143,54101
62235,385742,19244,185686,13914,366497,104252,50149,54103
62240,385773,19244,185701,13914,366526,104260,50153,54107
62245,385804,19244,185717,13914,366558,104268,50156,54112
62250,385835,19244,185734,13914,366591,104276,50160,54116
62255,385866,19247,185753,13917,366619,104284,50165,54119
62260,385897,19251,185769,13920,366646,104292,50170,54122
62265,385928,19256,185785,13924,366672,104301,50172,54129
62270,385959,19259,185800,13927,366699,104310,50175,54135
62275,385990,19266,185813,13933,366724,104319,50179,54140
62280,386021,19270,185830,13936,366749,104328,50186,54142
62285,386052,19274,185842,13940,366778,104337,50190,54147
62290,386083,19275,185854,13941,366807,104346,50193,54153
62295,386114,19277,185870,13942,366836,104355,50197,54158
62300,386145,19279,185886,13944,366864,104364,50200,54164
62305,386176,19282,185901,13946,366892,104373,50204,54169
62310,386207,19285,185915,13948,366922,104382,50210,54172
62315,386238,19287,185929,13949,366951,104391,50214,54177
62320,386269,19288,185943,13950,366981,104400,50219,54181
62325,386300,19290,185954,13952,367010,104410,50223,54187
62330,386331,19290,185970,13952,367041,104420,50227,54193
62335,386362,19290,185983,13952,367072,104430,50232,54198
62340,386393,19290,185991,13952,367103,104440,50235,54205
62345,386424,19290,186005,13952,367132,104448,50239,54209
62350,386455,19290,186020,13952,367164,104456,50241,54215
62355,386486,19290,186030,13952,367195,104464,50243,54221
62360,386517,19290,186050,13952,367226,104472,50247,54225
62365,386548,19290,186066,13952,367256,104480,50251,54229
62370,386579,19290,186081,13952,367286,104488,50256,54232
62375,386610,19290,186098,13952,367319,104496,50260,54236
62380,386641,19290,186114,13952,367351,104504,50267,54237
62385,386672,19290,186135,13952,367381,104512,50273,54239
62390,386703,19291,186149,13953,367411,104520,50277,54243
62395,386734,19293,186159,13955,367440,104528,50279,54249
62400,386765,19294,186169,13955,367471,104536,50284,54252
62405,386796,19296,186185,13956,367499,104544,50287,54257
62410,386827,19299,186203,13958,367527,104552,50292,54260
62415,386858,19302,186216,13961,367556,104560,50293,54267
62420,386889,19304,186228,13962,367585,104568,50296,54272
62425,386920,19308,186242,13966,367612,104576,50300,54276
62430,386951,19310,186255,13967,367639,104584,50301,54283
62435,386982,19314,186271,13970,367666,104592,50304,54288
62440,387013,19316,186286,13971,367696,104600,50311,54289
62445,387044,19319,186302,13973,367725,104610,50317,54293
62450,387075,19320,186324,13973,367753,104620,50325,54295
62455,387106,19323,186342,13976,367781,104630,50330,54300
62460,387137,19325,186352,13977,367811,104640,50331,54309
62465,387168,19328,186369,13980,367839,104650,50337,54313
62470,387199,19330,186382,13981,367868,104660,50341,54319
62475,387230,19332,186393,13983,367898,104670,50346,54324
62480,387261,19335,186409,13985,367924,104680,50353,54327
62485,387292,19336,186424,13986,367955,104690,50357,54333
62490,387323,19336,186438,13986,367986,104700,50361,54339
62495,387354,19336,186449,13986,368018,104710,50366,54344
62500,387385,19336,186467,13986,368049,104720,50373,54347
62505,387416,19336,186477,13986,368079,104730,50377,54353
62510,387447,19336,186491,13986,368109,104740,50383,54357
62515,387478,19336,186508,13986,368140,104750,50389,54361
62520,387509,19336,186521,13986,368172,104760,50393,54367
62525,387540,19336,186539,13986,368204,104769,50398,54371
62530,387571,19336,186552,13986,368235,104778,50405,54373
62535,387602,19336,186564,13986,368265,104787,50406,54381
62540,387633,19336,186574,13986,368296,104796,50409,54387
62545,387664,19337,186585,13986,368327,104805,50413,54392
62550,387695,19338,186601,13986,368356,104814,50417,54397
62555,387726,19340,186622,13988,368386,104823,50422,54401
62560,387757,19341,186634,13988,368416,104832,50426,54406
62565,387788,19343,186650,13990,368445,104841,50428,54413
62570,387819,19345,186667,13991,368473,104850,50432,54418
62575,387850,19347,186682,13993,368502,104859,50433,54426
62580,387881,19349,186698,13995,368531,104868,50436,54432
62585,387912,19351,186711,13997,368561,104875,50438,54437
62590,387943,19354,186726,13999,368588,104882,50442,54440
62595,387974,19357,186740,14001,368617,104889,50442,54447
62600,388005,19361,186754,14004,368644,104896,50444,54452
62605,388036,19364,186763,14005,368672,104903,50446,54457
62610,388067,19366,186776,14006,368701,104910,50450,54460
62615,388098,19369,186791,14007,368729,104917,50454,54463
62620,388129,19370,186802,14007,368759,104924,50457,54467
62625,388160,19371,186818,14007,368787,104932,50460,54472
62630,388191,19373,186833,14008,368818,104940,50465,54475
62635,388222,19375,186850,14010,368845,104948,50471,54477
62640,388253,19378,186864,14013,368875,104956,50477,54479
62645,388284,19380,186879,14015,368902,104963,50480,54483
62650,388315,19385,186897,14020,368930,104970,50484,54486
62655,388346,19387,186908,14021,368956,104977,50487,54490
62660,388377,19391,186925,14025,368986,104984,50490,54494
62665,388408,19391,186937,14025,369016,104991,50492,54499
62670,388439,19391,186948,14025,369047,104998,50496,54502
62675,388470,19391,186963,14025,369078,105005,50498,54507
62680,388501,19391,186979,14025,369109,105012,50503,54509
62685,388532,19391,186995,14025,369140,105020,50508,54512
62690,388563,19391,187008,14025,369171,105029,50512,54517
62695,388594,19391,187025,14025,369200,105038,50516,54522
62700,388625,19391,187036,14025,369233,105047,50518,54529
62705,388656,19391,187050,14025,369264,105055,50520,54535
62710,388687,19391,187066,14025,369295,105063,50525,54538
62715,388718,19391,187080,14025,369326,105071,50529,54542
62720,388749,19391,187093,14025,369358,105079,50533,54546
62725,388780,19391,187104,14025,369389,105087,50535,54552
62730,388811,19393,187122,14027,369418,105095,50539,54556
62735,388842,19394,187138,14028,369448,105103,50541,54562
62740,388873,19396,187160,14030,369477,105111,50545,54566
62745,388904,19398,187174,14031,369506,105120,50549,54571
62750,388935,19399,187187,14031,369536,105129,50554,54575
62755,388966,19400,187199,14032,369566,105138,50558,54580
62760,388997,19402,187207,14034,369594,105147,50560,54587
62765,389028,19403,187219,14034,369625,105154,50562,54592
62770,389059,19406,187236,14037,369653,105161,50567,54594
62775,389090,19409,187255,14039,369680,105168,50572,54596
62780,389121,19413,187270,14043,369708,105175,50575,54600
62785,389152,19415,187288,14043,369736,105182,50579,54603
62790,389183,19419,187306,14046,369763,105189,50582,54607
62795,389214,19423,187323,14049,369790,105196,50586,54610
62800,389245,19428,187340,14054,369817,105203,50588,54615
62805,389276,19432,187359,14057,369844,105211,50593,54618
62810,389307,19433,187373,14058,369873,105219,50596,54623
62815,389338,19436,187387,14061,369901,105227,50600,54627
62820,389369,19438,187401,14063,369929,105235,50604,54631
62825,389400,19440,187416,14065,369959,105242,50608,54634
62830,389431,19443,187430,14067,369988,105249,50614,54635
62835,389462,19446,187447,14069,370013,105256,50620,54636
62840,389493,19447,187463,14070,370046,105263,50624,54639
62845,389524,19447,187481,14070,370075,105270,50628,54642
62850,389555,19447,187493,14070,370107,105277,50632,54645
62855,389586,19447,187504,14070,370139,105284,50634,54650
62860,389617,19447,187518,14070,370168,105291,50636,54655
62865,389648,19447,187537,14070,370199,105300,50640,54660
62870,389679,19447,187551,14070,370229,105309,50644,54665
62875,389710,19447,187569,14070,370261,105318,50648,54670
62880,389741,19447,187587,14070,370293,105327,50654,54673
62885,389772,19447,187599,14070,370324,105335,50657,54678
62890,389803,19447,187609,14070,370355,105343,50661,54682
62895,389834,19447,187622,14070,370387,105351,50664,54687
62900,389865,19447,187638,14070,370417,105359,50667,54692
62905,389896,19447,187651,14070,370448,105367,50670,54697
62910,389927,19447,187665,14070,370480,105375,50675,54700
62915,389958,19448,187682,14071,370509,105383,50682,54701
62920,389989,19449,187693,14071,370539,105391,50685,54706
62925,390020,19450,187707,14071,370569,105399,50688,54711
62930,390051,19451,187723,14071,370600,105408,50694,54714
62935,390082,19453,187736,14072,370629,105417,50699,54718
62940,390113,19455,187753,14074,370658,105426,50703,54723
62945,390144,19457,187767,14074,370687,105434,50710,54724
62950,390175,19460,187783,14075,370715,105442,50714,54728
62955,390206,19463,187798,14076,370742,105450,50717,54733
62960,390237,19467,187819,14078,370769,105458,50723,54735
62965,390268,19470,187836,14080,370798,105466,50730,54736
62970,390299,19472,187851,14081,370827,105474,50734,54740
62975,390330,19475,187862,14083,370855,105482,50736,54746
62980,390361,19478,187880,14085,370882,105490,50740,54750
62985,390392,19483,187897,14088,370909,105499,50744,54755
62990,390423,19486,187906,14089,370937,105508,50748,54760
62995,390454,19490,187917,14093,370964,105517,50751,54766
63000,390485,19495,187930,14097,370989,105526,50755,54771
63005,390516,19500,187941,14101,371016,105535,50758,54777
63010,390547,19503,187959,14104,371044,105544,50761,54783
63015,390578,19505,187981,14105,371073,105553,50767,54786
63020,390609,19505,187997,14105,371104,105562,50771,54791
63025,390640,19505,188017,14105,371135,105571,50776,54795
63030,390671,19505,188033,14105,371165,105580,50782,54798
63035,390702,19505,188054,14105,371196,105589,50787,54802
63040,390733,19505,188072,14105,371227,105598,50792,54806
63045,390764,19505,188082,14105,371257,105608,50796,54812
63050,390795,19505,188100,14105,371288,105618,50802,54816
63055,390826,19505,188114,14105,371320,105628,50808,54820
63060,390857,19505,188132,14105,371351,105638,50813,54825
63065,390888,19505,188143,14105,371382,105647,50816,54831
63070,390919,19505,188163,14105,371413,105656,50820,54836
63075,390950,19505,188177,14105,371445,105665,50824,54841
63080,390981,19505,188198,14105,371476,105674,50829,54845
63085,391012,19505,188212,14105,371507,105683,50833,54850
63090,391043,19505,188232,14105,371538,105692,50839,54853
63095,391074,19505,188244,14105,371569,105701,50842,54859
63100,391105,19505,188256,14105,371600,105710,50847,54863
63105,391136,19505,188272,14105,371631,105719,50854,54865
63110,391167,19505,188287,14105,371661,105728,50858,54870
63115,391198,19507,188301,14106,371691,105737,50861,54876
63120,391229,19508,188316,14106,371720,105746,50866,54880
63125,391260,19512,188332,14109,371746,105754,50869,54885
63130,391291,19516,188345,14113,371775,105762,50874,54888
63135,391322,19519,188364,14115,371802,105770,50878,54892
63140,391353,19523,188376,14118,371829,105778,50881,54897
63145,391384,19527,188394,14121,371856,105786,50887,54899
63150,391415,19532,188407,14124,371882,105794,50890,54904
63155,391446,19538,188422,14130,371908,105802,50893,54909
63160,391477,19541,188440,14133,371935,105810,50897,54913
63165,391508,19546,188456,14136,371960,105819,50902,54917
63170,391539,19548,188471,14138,371991,105828,50906,54922
63175,391570,19550,188492,14140,372019,105837,50912,54925
63180,391601,19552,188511,14141,372048,105846,50916,54930
63185,391632,19552,188524,14141,372080,105853,50921,54932
63190,391663,19552,188540,14141,372111,105860,50924,54936
63195,391694,19552,188556,14141,372142,105867,50928,54939
63200,391725,19552,188564,14141,372173,105874,50931,54943
63205,391756,19552,188582,14141,372204,105881,50934,54947
63210,391787,19552,188594,14141,372235,105888,50937,54951
63215,391818,19552,188611,14141,372266,105895,50942,54953
63220,391849,19552,188621,14141,372297,105902,50943,54959
63225,391880,19552,188638,14141,372328,105910,50947,54963
63230,391911,19552,188655,14141,372359,105918,50951,54967
63235,391942,19552,188669,14141,372390,105926,50953,54973
63240,391973,19552,188683,14141,372420,105934,50954,54980
63245,392004,19552,188702,14141,372451,105941,50959,54982
63250,392035,19552,188715,14141,372482,105948,50961,54987
63255,392066,19552,188727,14141,372514,105955,50962,54993
63260,392097,19552,188747,14141,372545,105962,50967,54995
63265,392128,19552,188764,14141,372576,105969,50972,54997
63270,392159,19553,188782,14141,372605,105976,50976,55000
63275,392190,19555,188801,14143,372634,105983,50979,55004
63280,392221,19557,188814,14144,372664,105990,50983,55007
63285,392252,19558,188833,14144,372693,105998,50989,55009
63290,392283,19561,188846,14145,372719,106007,50993,55014
63295,392314,19564,188863,14147,372748,106016,50998,55018
63300,392345,19568,188880,14149,372774,106025,51000,55025
63305,392376,19570,188901,14151,372806,106034,51008,55026
63310,392407,19572,188917,14151,372833,106043,51012,55031
63315,392438,19577,188926,14155,372861,106052,51014,55038
63320,392469,19579,188935,14155,372888,106061,51016,55045
63325,392500,19584,188951,14160,372915,106070,51020,55050
63330,392531,19588,188964,14163,372941,106079,51022,55057
63335,392562,19591,188976,14164,372970,106088,51028,55060
63340,392593,19595,188994,14168,372996,106097,51031,55066
63345,392624,19598,189009,14170,373026,106107,51037,55070
63350,392655,19600,189028,14172,373055,106117,51045,55072
63355,392686,19602,189043,14173,373084,106127,51050,55077
63360,392717,19603,189059,14173,373114,106137,51054,55083
63365,392748,19604,189072,14174,373144,106146,51057,55089
63370,392779,19605,189092,14174,373174,106155,51062,55093
63375,392810,19606,189106,14174,373203,106164,51065,55099
63380,392841,19607,189122,14174,373234,106173,51070,55103
63385,392872,19609,189136,14176,373262,106182,51072,55110
63390,392903,19610,189153,14177,373293,106191,51077,55114
63395,392934,19613,189166,14179,373320,106200,51080,55120
63400,392965,19615,189185,14180,373350,106209,51087,55122
63405,392996,19615,189204,14180,373377,106218,51095,55123
63410,393027,19615,189218,14180,373409,106227,51098,55129
63415,393058,19615,189239,14180,373441,106236,51103,55133
63420,393089,19615,189260,14180,373473,106245,51109,55136
63425,393120,19615,189274,14180,373505,106253,51111,55142
63430,393151,19615,189289,14180,373536,106261,51113,55148
63435,393182,19615,189301,14180,373567,106269,51116,55153
63440,393213,19615,189318,14180,373598,106277,51119,55158
63445,393244,19615,189333,14180,373629,106285,51124,55161
63450,393275,19616,189346,14181,373658,106293,51128,55165
63455,393306,19618,189357,14182,373688,106301,51131,55170
63460,393337,19619,189370,14182,373717,106309,51134,55175
63465,393368,19621,189387,14184,373747,106318,51141,55177
63470,393399,19622,189403,14185,373777,106327,51146,55181
63475,393430,19623,189414,14186,373806,106336,51147,55189
63480,393461,19625,189423,14187,373836,106345,51149,55196
63485,393492,19626,189438,14187,373866,106354,51156,55198
63490,393523,19627,189455,14188,373896,106363,51161,55202
63495,393554,19628,189471,14188,373925,106372,51164,55208
63500,393585,19629,189489,14189,373955,106381,51169,55212
63505,393616,19630,189508,14190,373986,106390,51175,55215
63510,393647,19633,189526,14192,374013,106399,51183,55216
63515,393678,19636,189540,14194,374041,106408,51188,55220
63520,393709,19639,189558,14196,374068,106417,51193,55224
63525,393740,19642,189571,14198,374097,106427,51198,55229
63530,393771,19644,189585,14200,374125,106437,51202,55235
63535,393802,19650,189606,14206,374149,106447,51209,55238
63540,393833,19654,189622,14210,374178,106457,51215,55242
63545,393864,19658,189636,14213,374205,106466,51218,55248
63550,393895,19662,189651,14216,374232,106475,51221,55254
63555,393926,19669,189667,14223,374255,106484,51226,55258
63560,393957,19674,189681,14227,374283,106493,51230,55263
63565,393988,19674,189694,14227,374314,106502,51234,55268
63570,394019,19674,189704,14227,374345,106511,51238,55273
63575,394050,19674,189715,14227,374376,106520,51242,55278
63580,394081,19674,189727,14227,374406,106529,51246,55283
63585,394112,19674,189739,14227,374437,106538,51249,55289
63590,394143,19674,189755,14227,374468,106547,51253,55294
63595,394174,19674,189771,14227,374499,106556,51259,55297
63600,394205,19674,189789,14227,374531,106565,51265,55300
63605,394236,19674,189803,14227,374562,106571,51270,55301
63610,394267,19674,189820,14227,374593,106577,51273,55304
63615,394298,19674,189835,14227,374624,106583,51274,55309
63620,394329,19674,189845,14227,374655,106589,51275,55314
63625,394360,19674,189858,14227,374686,106595,51278,55317
63630,394391,19674,189873,14227,374717,106601,51280,55321
63635,394422,19674,189885,14227,374748,106607,51282,55325
63640,394453,19674,189901,14227,374779,106613,51285,55328
63645,394484,19674,189921,14227,374810,106620,51289,55331
63650,394515,19674,189936,14227,374840,106627,51292,55335
63655,394546,19674,189953,14227,374871,106634,51295,55339
63660,394577,19674,189970,14227,374902,106641,51301,55340
63665,394608,19676,189983,14228,374932,106647,51302,55345
63670,394639,19677,189999,14229,374961,106653,51305,55348
63675,394670,19682,190014,14232,374987,106659,51305,55354
63680,394701,19686,190029,14235,375014,106665,51307,55358
63685,394732,19691,190046,14239,375040,106671,51311,55360
63690,394763,19694,190062,14242,375069,106677,51314,55363
63695,394794,19698,190079,14245,375095,106683,51317,55366
63700,394825,19703,190094,14249,375122,106689,51321,55368
63705,394856,19706,190110,14251,375148,106697,51323,55374
63710,394887,19711,190121,14255,375176,106706,51327,55379
63715,394918,19713,190136,14256,375204,106715,51332,55383
63720,394949,19715,190146,14258,375233,106724,51334,55390
63725,394980,19716,190161,14258,375264,106733,51338,55395
63730,395011,19719,190175,14260,375292,106742,51342,55400
63735,395042,19720,190194,14261,375322,106751,51348,55403
63740,395073,19722,190208,14262,375351,106760,51353,55407
63745,395104,19725,190227,14265,375379,106769,51357,55412
63750,395135,19727,190244,14267,375408,106778,51361,55417
63755,395166,19729,190259,14269,375437,106787,51365,55422
63760,395197,19729,190276,14269,375468,106796,51369,55427
63765,395228,19729,190289,14269,375499,106806,51375,55431
63770,395259,19729,190305,14269,375529,106816,51384,55432
63775,395290,19729,190319,14269,375561,106826,51389,55437
63780,395321,19729,190335,14269,375592,106836,51393,55443
63785,395352,19729,190347,14269,375623,106844,51398,55446
63790,395383,19729,190366,14269,375654,106852,51403,55449
63795,395414,19729,190380,14269,375685,106860,51406,55454
63800,395445,19729,190394,14269,375716,106868,51411,55457
63805,395476,19729,190408,14269,375746,106876,51412,55464
63810,395507,19729,190422,14269,375778,106884,51415,55469
63815,395538,19729,190435,14269,375808,106892,51418,55474
63820,395569,19729,190447,14269,375839,106900,51420,55480
63825,395600,19729,190464,14269,375869,106908,51425,55483
63830,395631,19731,190481,14270,375897,106916,51429,55487
63835,395662,19734,190500,14273,375925,106924,51434,55490
63840,395693,19737,190513,14275,375955,106932,51437,55495
63845,395724,19740,190527,14278,375984,106939,51442,55497
63850,395755,19741,190542,14278,376013,106946,51446,55500
63855,395786,19744,190558,14280,376041,106953,51450,55503
63860,395817,19747,190574,14282,376070,106960,51454,55506
63865,395848,19749,190591,14283,376097,106967,51459,55508
63870,395879,19754,190604,14287,376124,106974,51462,55512
63875,395910,19757,190620,14289,376151,106981,51466,55515
63880,395941,19759,190632,14290,376182,106988,51470,55518
63885,395972,19760,190651,14291,376211,106997,51477,55520
63890,396003,19762,190663,14292,376241,107006,51479,55527
63895,396034,19763,190680,14293,376270,107015,51485,55530
63900,396065,19765,190698,14295,376300,107024,51489,55535
63905,396096,19766,190711,14295,376329,107033,51493,55540
63910,396127,19768,190726,14297,376359,107042,51500,55542
63915,396158,19770,190742,14299,376388,107051,51506,55545
63920,396189,19771,190751,14299,376418,107060,51508,55552
63925,396220,19773,190765,14300,376446,107069,51510,55559
63930,396251,19775,190779,14301,376476,107078,51514,55564
63935,396282,19780,190797,14306,376502,107087,51521,55566
63940,396313,19780,190811,14306,376533,107096,51523,55573
63945,396344,19780,190829,14306,376564,107105,51528,55577
63950,396375,19780,190845,14306,376594,107115,51534,55581
63955,396406,19780,190862,14306,376626,107125,51539,55586
63960,396437,19780,190873,14306,376656,107135,51545,55590
63965,396468,19780,190887,14306,376688,107143,51550,55593
63970,396499,19780,190905,14306,376718,107151,51553,55598
63975,396530,19780,190921,14306,376749,107159,51556,55603
63980,396561,19780,190935,14306,376780,107167,51559,55608
63985,396592,19783,190949,14308,376808,107175,51562,55613
63990,396623,19786,190965,14310,376836,107183,51566,55617
63995,396654,19788,190978,14312,376866,107191,51569,55622
64000,396685,19789,190990,14313,376896,107199,51571,55628
64005,396716,19790,191004,14314,376925,107207,51574,55633
64010,396747,19791,191020,14314,376955,107215,51578,55637
64015,396778,19792,191037,14314,376985,107223,51584,55639
64020,396809,19793,191053,14314,377016,107231,51590,55641
64025,396840,19794,191072,14314,377045,107239,51594,55645
64030,396871,19796,191092,14316,377074,107247,51599,55648
64035,396902,19798,191104,14318,377102,107255,51602,55653
64040,396933,19801,191119,14320,377129,107263,51605,55658
64045,396964,19805,191135,14322,377156,107271,51610,55661
64050,396995,19809,191155,14326,377183,107279,51616,55663
64055,397026,19810,191168,14326,377216,107287,51620,55667
64060,397057,19811,191187,14326,377244,107295,51626,55669
64065,397088,19812,191203,14326,377274,107305,51632,55673
64070,397119,19813,191221,14327,377304,107315,51639,55676
64075,397150,19814,191233,14327,377336,107325,51645,55680
64080,397181,19816,191254,14328,377363,107335,51650,55685
64085,397212,19817,191268,14328,377395,107345,51656,55689
64090,397243,19819,191280,14330,377424,107355,51660,55695
64095,397274,19821,191295,14332,377453,107365,51665,55700
64100,397305,19822,191315,14332,377483,107375,51673,55702
64105,397336,19824,191328,14333,377512,107385,51678,55707
64110,397367,19828,191346,14336,377539,107395,51686,55709
64115,397398,19829,191362,14336,377569,107405,51691,55714
64120,397429,19832,191376,14338,377597,107415,51697,55718
64125,397460,19834,191388,14339,377626,107425,51704,55721
64130,397491,19837,191403,14342,377654,107435,51710,55725
64135,397522,19837,191416,14342,377685,107445,51714,55731
64140,397553,19837,191429,14342,377716,107455,51718,55737
64145,397584,19837,191447,14342,377747,107463,51721,55742
64150,397615,19837,191466,14342,377778,107471,51728,55743
64155,397646,19837,191483,14342,377808,107479,51733,55746
64160,397677,19841,191498,14345,377835,107487,51737,55750
64165,397708,19845,191514,14349,377862,107495,51740,55755
64170,397739,19848,191528,14351,377889,107503,51745,55758
64175,397770,19853,191543,14356,377916,107511,51749,55762
64180,397801,19856,191555,14358,377944,107519,51754,55765
64185,397832,19858,191568,14359,377974,107527,51757,55770
64190,397863,19858,191580,14359,378004,107535,51762,55773
64195,397894,19858,191591,14359,378033,107543,51764,55779
64200,397925,19858,191612,14359,378063,107551,51769,55782
64205,397956,19858,191627,14359,378097,107559,51773,55786
64210,397987,19858,191647,14359,378128,107567,51777,55790
64215,398018,19858,191657,14359,378160,107575,51781,55794
64220,398049,19858,191675,14359,378190,107583,51785,55798
64225,398080,19858,191684,14359,378222,107591,51787,55804
64230,398111,19858,191701,14359,378252,107599,51790,55809
64235,398142,19860,191715,14361,378281,107607,51795,55812
64240,398173,19862,191728,14362,378310,107615,51798,55817
64245,398204,19864,191746,14364,378339,107625,51805,55820
64250,398235,19865,191760,14365,378369,107635,51810,55825
64255,398266,19866,191773,14365,378399,107645,51813,55832
64260,398297,19867,191788,14365,378429,107655,51817,55838
64265,398328,19869,191801,14367,378459,107664,51821,55843
64270,398359,19870,191817,14368,378489,107673,51827,55846
64275,398390,19871,191832,14369,378519,107682,51830,55852
64280,398421,19872,191851,14370,378549,107691,51837,55854
64285,398452,19873,191868,14371,378579,107700,51840,55860
64290,398483,19875,191879,14372,378608,107709,51843,55866
64295,398514,19879,191897,14376,378634,107718,51848,55870
64300,398545,19882,191911,14377,378662,107727,51854,55873
64305,398576,19887,191925,14381,378688,107736,51858,55878
64310,398607,19894,191943,14386,378712,107745,51863,55882
64315,398638,19900,191959,14390,378735,107754,51868,55886
64320,398669,19908,191977,14397,378759,107763,51875,55888
64325,398700,19908,191996,14397,378791,107769,51880,55889
64330,398731,19908,192008,14397,378822,107775,51881,55894
64335,398762,19908,192025,14397,378853,107781,51884,55897
64340,398793,19908,192040,14397,378885,107787,51886,55901
64345,398824,19908,192053,14397,378915,107793,51889,55904
64350,398855,19908,192065,14397,378947,107799,51890,55909
64355,398886,19908,192083,14397,378978,107805,51893,55912
64360,398917,19908,192097,14397,379009,107811,51898,55913
64365,398948,19908,192112,14397,379040,107818,51900,55918
64370,398979,19908,192123,14397,379071,107825,51903,55922
64375,399010,19908,192134,14397,379102,107832,51906,55926
64380,399041,19908,192146,14397,379133,107839,51908,55931
64385,399072,19908,192161,14397,379163,107845,51909,55936
64390,399103,19908,192175,14397,379194,107851,51911,55940
64395,399134,19908,192190,14397,379225,107857,51914,55943
64400,399165,19908,192206,14397,379256,107863,51916,55947
64405,399196,19908,192217,14397,379288,107869,51917,55952
64410,399227,19908,192229,14397,379319,107875,51920,55955
64415,399258,19908,192243,14397,379349,107881,51922,55959
64420,399289,19908,192255,14397,379380,107887,51924,55963
64425,399320,19908,192271,14397,379412,107896,51929,55967
64430,399351,19910,192282,14397,379440,107905,51933,55972
64435,399382,19914,192297,14401,379467,107914,51939,55975
64440,399413,19917,192310,14404,379495,107923,51941,55982
64445,399444,19921,192326,14408,379523,107931,51944,55987
64450,399475,19924,192335,14410,379551,107939,51947,55992
64455,399506,19926,192349,14410,379579,107947,51953,55994
64460,399537,19932,192361,14414,379603,107955,51956,55999
64465,399568,19937,192374,14418,379630,107963,51960,56003
64470,399599,19941,192392,14421,379657,107971,51965,56006
64475,399630,19944,192406,14424,379684,107979,51966,56013
64480,399661,19947,192422,14427,379714,107987,51969,56018
64485,399692,19950,192434,14430,379741,107995,51971,56024
64490,399723,19954,192452,14433,379768,108004,51976,56028
64495,399754,19956,192468,14435,379795,108013,51980,56033
64500,399785,19956,192483,14435,379827,108022,51983,56039
64505,399816,19956,192496,14435,379860,108029,51987,56042
64510,399847,19956,192510,14435,379889,108036,51990,56046
64515,399878,19956,192524,14435,379921,108043,51991,56052
64520,399909,19956,192541,14435,379952,108050,51995,56055
64525,399940,19956,192553,14435,379982,108057,51996,56061
64530,399971,19956,192569,14435,380013,108064,52000,56064
64535,400002,19956,192580,14435,380044,108071,52003,56068
64540,400033,19956,192601,14435,380075,108078,52008,56070
64545,400064,19956,192615,14435,380107,108085,52010,56075
64550,400095,19956,192627,14435,380137,108093,52012,56081
64555,400126,19956,192644,14435,380170,108101,52016,56085
64560,400157,19956,192652,14435,380201,108109,52017,56092
64565,400188,19956,192664,14435,380232,108117,52021,56096
64570,400219,19956,192682,14435,380263,108125,52025,56100
64575,400250,19956,192699,14435,380294,108133,52029,56104
64580,400281,19957,192715,14435,380324,108141,52034,56107
64585,400312,19958,192726,14435,380354,108149,52036,56113
64590,400343,19959,192744,14436,380383,108157,52040,56117
64595,400374,19960,192762,14437,380414,108165,52046,56119
64600,400405,19962,192771,14438,380442,108173,52047,56126
64605,400436,19964,192784,14438,380472,108183,52052,56131
64610,400467,19967,192797,14439,380499,108193,52058,56135
64615,400498,19969,192810,14439,380529,108203,52063,56140
64620,400529,19972,192824,14441,380556,108213,52066,56147
64625,400560,19976,192834,14444,380583,108223,52069,56154
64630,400591,19980,192853,14448,380610,108233,52076,56157
64635,400622,19984,192865,14451,380638,108243,52078,56165
64640,400653,19986,192881,14452,380666,108253,52084,56169
64645,400684,19989,192897,14454,380694,108263,52089,56174
64650,400715,19992,192910,14455,380723,108273,52096,56177
64655,400746,19997,192926,14459,380747,108283,52099,56184
64660,400777,20002,192942,14463,380773,108293,52106,56187
64665,400808,20003,192956,14463,380802,108303,52110,56193
64670,400839,20005,192971,14465,380830,108313,52115,56198
64675,400870,20009,192985,14468,380858,108323,52118,56205
64680,400901,20012,192999,14471,380888,108333,52123,56210
64685,400932,20014,193016,14473,380918,108342,52130,56212
64690,400963,20014,193027,14473,380949,108351,52133,56218
64695,400994,20014,193044,14473,380980,108360,52136,56224
64700,401025,20014,193057,14473,381010,108369,52138,56231
64705,401056,20014,193068,14473,381041,108378,52140,56238
64710,401087,20014,193080,14473,381072,108387,52143,56244
64715,401118,20014,193091,14473,381104,108396,52146,56250
64720,401149,20014,193111,14473,381134,108405,52153,56252
64725,401180,20014,193125,14473,381166,108414,52155,56259
64730,401211,20014,193134,14473,381197,108423,52157,56266
64735,401242,20014,193154,14473,381228,108432,52162,56270
64740,401273,20014,193169,14473,381259,108441,52165,56276
64745,401304,20014,193185,14473,381290,108449,52169,56280
64750,401335,20014,193202,14473,381321,108457,52174,56283
64755,401366,20014,193213,14473,381352,108465,52177,56288
64760,401397,20014,193225,14473,381383,108473,52182,56291
64765,401428,20014,193240,14473,381413,108481,52186,56295
64770,401459,20016,193255,14474,381442,108489,52189,56300
64775,401490,20018,193270,14475,381472,108497,52193,56304
64780,401521,20021,193282,14477,381500,108505,52193,56312
64785,401552,20023,193296,14479,381528,108514,52197,56317
64790,401583,20027,193314,14483,381554,108523,52202,56321
64795,401614,20030,193323,14485,381583,108532,52207,56325
64800,401645,20036,193343,14490,381606,108541,52213,56328
64805,401676,20040,193357,14493,381636,108549,52215,56334
64810,401707,20042,193371,14495,381664,108557,52220,56337
64815,401738,20044,193386,14496,381693,108565,52224,56341
64820,401769,20045,193393,14496,381724,108573,52225,56348
64825,401800,20047,193408,14498,381753,108581,52231,56350
64830,401831,20048,193421,14498,381782,108589,52236,56353
64835,401862,20050,193432,14499,381811,108597,52239,56358
64840,401893,20051,193445,14500,381841,108605,52243,56362
64845,401924,20054,193464,14503,381868,108614,52250,56364
64850,401955,20056,193477,14505,381898,108623,52252,56371
64855,401986,20059,193493,14507,381927,108632,52258,56374
64860,402017,20062,193511,14510,381955,108641,52266,56375
64865,402048,20062,193524,14510,381986,108650,52269,56381
64870,402079,20062,193541,14510,382017,108659,52274,56385
64875,402110,20062,193551,14510,382048,108668,52280,56388
64880,402141,20062,193564,14510,382079,108677,52284,56393
64885,402172,20062,193580,14510,382110,108686,52289,56397
64890,402203,20062,193593,14510,382141,108695,52294,56401
64895,402234,20062,193609,14510,382172,108704,52299,56405
64900,402265,20062,193629,14510,382203,108713,52305,56408
64905,402296,20062,193645,14510,382234,108723,52311,56412
64910,402327,20062,193662,14510,382264,108733,52317,56416
64915,402358,20062,193674,14510,382295,108743,52320,56423
64920,402389,20064,193693,14512,382324,108753,52325,56428
64925,402420,20065,193709,14513,382354,108761,52330,56431
64930,402451,20067,193724,14515,382383,108769,52333,56436
64935,402482,20068,193736,14516,382412,108777,52336,56441
64940,402513,20069,193747,14517,382444,108785,52338,56447
64945,402544,20071,193762,14518,382471,108793,52340,56453
64950,402575,20073,193779,14520,382501,108801,52344,56457
64955,402606,20074,193793,14520,382530,108809,52347,56462
64960,402637,20078,193808,14523,382557,108817,52352,56465
64965,402668,20084,193826,14529,382582,108825,52357,56468
64970,402699,20088,193837,14532,382611,108833,52361,56472
64975,402730,20089,193851,14533,382641,108841,52363,56478
64980,402761,20091,193866,14535,382670,108849,52368,56481
64985,402792,20092,193881,14536,382700,108857,52371,56486
64990,402823,20093,193899,14536,382730,108865,52376,56489
64995,402854,20095,193918,14538,382758,108873,52381,56492
65000,402885,20097,193931,14540,382787,108881,52383,56498
65005,402916,20098,193941,14540,382818,108889,52385,56504
65010,402947,20099,193956,14541,382848,108897,52391,56506
65015,402978,20101,193969,14542,382876,108905,52395,56510
65020,403009,20104,193986,14545,382905,108913,52398,56515
65025,403040,20107,193999,14548,382933,108923,52401,56522
65030,403071,20111,194016,14551,382960,108933,52406,56527
65035,403102,20113,194032,14552,382989,108943,52411,56532
65040,403133,20113,194046,14552,383020,108953,52415,56538
65045,403164,20113,194060,14552,383050,108960,52416,56544
65050,403195,20113,194075,14552,383082,108967,52421,56546
65055,403226,20113,194088,14552,383112,108974,52422,56552
65060,403257,20113,194102,14552,383142,108981,52424,56557
65065,403288,20113,194114,14552,383173,108988,52426,56562
65070,403319,20113,194126,14552,383205,108995,52428,56567
65075,403350,20113,194142,14552,383235,109002,52431,56571
65080,403381,20115,194157,14554,383264,109009,52436,56573
65085,403412,20117,194173,14556,383294,109016,52440,56576
65090,403443,20119,194187,14558,383324,109023,52442,56581
65095,403474,20120,194194,14558,383354,109030,52442,56588
65100,403505,20121,194213,14558,383382,109037,52447,56590
65105,403536,20123,194227,14559,383412,109043,52450,56593
65110,403567,20124,194245,14560,383443,109049,52453,56596
65115,403598,20125,194260,14560,383473,109055,52457,56598
65120,403629,20126,194276,14561,383503,109061,52460,56601
65125,403660,20128,194292,14562,383532,109067,52463,56604
65130,403691,20130,194305,14564,383561,109073,52466,56607
65135,403722,20131,194323,14564,383590,109079,52469,56610
65140,403753,20133,194342,14566,383619,109085,52471,56614
65145,403784,20135,194356,14567,383648,109094,52476,56618
65150,403815,20137,194372,14568,383678,109103,52481,56622
65155,403846,20140,194388,14570,383705,109112,52485,56627
65160,403877,20143,194406,14571,383734,109121,52492,56629
65165,403908,20146,194421,14574,383762,109130,52496,56634
65170,403939,20150,194429,14576,383788,109139,52499,56640
65175,403970,20153,194444,14578,383816,109148,52504,56644
65180,404001,20159,194457,14582,383841,109157,52506,56651
65185,404032,20162,194472,14584,383870,109166,52513,56653
65190,404063,20164,194489,14585,383898,109175,52518,56657
65195,404094,20167,194508,14588,383924,109184,52524,56660
65200,404125,20169,194520,14589,383955,109193,52528,56665
65205,404156,20171,194531,14590,383982,109202,52529,56673
65210,404187,20173,194543,14591,384014,109212,52532,56680
65215,404218,20173,194560,14591,384043,109222,52537,56685
65220,404249,20173,194576,14591,384076,109232,52542,56690
65225,404280,20173,194593,14591,384106,109240,52547,56693
65230,404311,20173,194611,14591,384137,109248,52552,56696
65235,404342,20173,194621,14591,384168,109256,52554,56702
65240,404373,20173,194639,14591,384200,109264,52557,56707
65245,404404,20173,194650,14591,384231,109272,52560,56712
65250,404435,20173,194662,14591,384262,109280,52562,56718
65255,404466,20173,194672,14591,384293,109288,52563,56725
65260,404497,20173,194690,14591,384324,109296,52568,56728
65265,404528,20173,194711,14591,384354,109304,52573,56731
65270,404559,20173,194729,14591,384386,109312,52578,56734
65275,404590,20173,194743,14591,384416,109320,52582,56738
65280,404621,20173,194763,14591,384447,109328,52586,56742
65285,404652,20173,194775,14591,384479,109336,52590,56746
65290,404683,20174,194792,14591,384508,109344,52594,56750
65295,404714,20175,194808,14592,384538,109352,52599,56753
65300,404745,20176,194824,14593,384567,109360,52603,56757
65305,404776,20178,194838,14594,384598,109368,52606,56762
65310,404807,20179,194854,14594,384626,109376,52610,56766
65315,404838,20183,194866,14597,384654,109384,52613,56771
65320,404869,20187,194881,14601,384680,109392,52617,56775
65325,404900,20191,194896,14603,384708,109401,52620,56781
65330,404931,20197,194912,14608,384734,109411,52625,56786
65335,404962,20201,194930,14612,384759,109421,52631,56790
65340,404993,20206,194944,14617,384785,109431,52635,56796
65345,405024,20208,194964,14618,384815,109439,52642,56797
65350,405055,20210,194982,14619,384845,109447,52646,56801
65355,405086,20212,194996,14621,384873,109455,52652,56803
65360,405117,20213,195013,14621,384902,109463,52657,56806
65365,405148,20214,195030,14621,384933,109471,52662,56809
65370,405179,20215,195042,14621,384964,109479,52665,56814
65375,405210,20217,195054,14623,384993,109487,52669,56818
65380,405241,20220,195065,14625,385020,109495,52672,56823
65385,405272,20222,195080,14627,385049,109503,52677,56826
65390,405303,20225,195091,14630,385078,109511,52681,56830
65395,405334,20227,195105,14631,385106,109519,52685,56834
65400,405365,20229,195118,14632,385136,109527,52690,56837
65405,405396,20229,195132,14632,385165,109534,52692,56842
65410,405427,20229,195145,14632,385197,109541,52695,56846
65415,405458,20229,195162,14632,385229,109548,52699,56849
65420,405489,20229,195174,14632,385260,109555,52701,56854
65425,405520,20229,195191,14632,385291,109562,52706,56856
65430,405551,20229,195205,14632,385322,109569,52709,56860
65435,405582,20229,195223,14632,385353,109576,52713,56863
65440,405613,20229,195242,14632,385384,109583,52719,56864
65445,405644,20229,195256,14632,385415,109591,52722,56869
65450,405675,20231,195273,14633,385442,109599,52728,56871
65455,405706,20233,195286,14634,385472,109607,52731,56876
65460,405737,20234,195304,14635,385501,109615,52735,56880
65465,405768,20236,195321,14636,385531,109622,52737,56885
65470,405799,20237,195335,14637,385561,109629,52739,56890
65475,405830,20240,195353,14640,385587,109636,52742,56894
65480,405861,20246,195368,14646,385613,109643,52744,56899
65485,405892,20249,195380,14648,385643,109650,52748,56902
65490,405923,20252,195394,14651,385670,109657,52752,56905
65495,405954,20252,195409,14651,385702,109664,52755,56909
65500,405985,20252,195422,14651,385733,109671,52760,56911
65505,406016,20252,195439,14651,385763,109679,52764,56915
65510,406047,20253,195452,14652,385793,109687,52766,56921
65515,406078,20254,195467,14653,385822,109695,52770,56925
65520,406109,20256,195483,14655,385853,109703,52773,56930
65525,406140,20257,195498,14655,385880,109710,52775,56935
65530,406171,20258,195516,14656,385911,109717,52779,56938
65535,406202,20259,195533,14657,385942,109724,52781,56943
65540,406233,20260,195543,14658,385973,109731,52783,56948
65545,406264,20261,195556,14658,386003,109738,52787,56951
65550,406295,20263,195574,14659,386031,109745,52789,56956
65555,406326,20264,195588,14659,386061,109752,52794,56958
65560,406357,20265,195603,14660,386092,109758,52796,56962
65565,406388,20266,195615,14661,386122,109765,52799,56966
65570,406419,20269,195629,14663,386150,109772,52803,56969
65575,406450,20270,195641,14664,386180,109779,52806,56973
65580,406481,20273,195656,14666,386208,109786,52808,56978
65585,406512,20277,195673,14669,386235,109791,52809,56982
65590,406543,20280,195690,14671,386263,109796,52811,56985
65595,406574,20280,195709,14671,386292,109801,52813,56988
65600,406605,20281,195724,14672,386323,109806,52815,56991
65605,406636,20282,195740,14673,386354,109811,52817,56994
65610,406667,20283,195757,14673,386384,109816,52820,56996
65615,406698,20284,195767,14674,386414,109821,52822,56999
65620,406729,20285,195784,14675,386444,109826,52824,57002
65625,406760,20286,195794,14675,386474,109832,52825,57007
65630,406791,20287,195816,14676,386503,109838,52831,57007
65635,406822,20290,195834,14679,386530,109844,52834,57010
65640,406853,20293,195851,14682,386558,109850,52837,57013
65645,406884,20296,195862,14685,386587,109856,52838,57018
65650,406915,20298,195873,14687,386616,109862,52839,57023
65655,406946,20301,195887,14690,386643,109868,52841,57027
65660,406977,20305,195905,14693,386671,109874,52847,57027
65665,407008,20306,195919,14694,386702,109880,52852,57028
65670,407039,20306,195932,14694,386733,109886,52854,57032
65675,407070,20306,195945,14694,386763,109892,52858,57034
65680,407101,20306,195958,14694,386795,109898,52861,57037
65685,407132,20306,195976,14694,386824,109906,52865,57041
65690,407163,20306,195991,14694,386855,109914,52870,57044
65695,407194,20306,196007,14694,386888,109922,52878,57044
65700,407225,20308,196022,14696,386916,109930,52880,57050
65705,407256,20310,196040,14698,386943,109938,52882,57056
65710,407287,20311,196056,14699,386975,109946,52887,57059
65715,407318,20313,196069,14700,387004,109954,52890,57064
65720,407349,20314,196086,14701,387034,109962,52892,57070
65725,407380,20316,196099,14703,387063,109970,52895,57075
65730,407411,20320,196113,14707,387091,109978,52898,57080
65735,407442,20322,196133,14709,387119,109986,52905,57081
65740,407473,20324,196145,14711,387149,109994,52908,57086
65745,407504,20326,196157,14712,387178,110002,52911,57091
65750,407535,20329,196173,14714,387206,110010,52916,57094
65755,407566,20329,196189,14714,387237,110018,52922,57096
65760,407597,20329,196205,14714,387268,110026,52924,57102
65765,407628,20329,196214,14714,387299,110033,52925,57108
65770,407659,20330,196225,14715,387328,110040,52931,57109
65775,407690,20332,196241,14717,387357,110047,52934,57113
65780,407721,20334,196253,14718,387387,110054,52939,57115
65785,407752,20335,196268,14718,387416,110061,52942,57119
65790,407783,20337,196283,14719,387445,110068,52946,57122
65795,407814,20339,196297,14721,387474,110075,52948,57127
65800,407845,20341,196314,14723,387503,110081,52949,57132
65805,407876,20343,196334,14725,387532,110087,52952,57135
65810,407907,20345,196350,14726,387559,110093,52955,57138
65815,407938,20348,196366,14728,387588,110099,52958,57141
65820,407969,20350,196376,14729,387619,110105,52960,57145
65825,408000,20351,196389,14730,387648,110111,52964,57147
65830,408031,20353,196400,14731,387677,110117,52966,57151
65835,408062,20357,196420,14735,387704,110123,52969,57154
65840,408093,20358,196436,14736,387735,110129,52971,57158
65845,408124,20358,196452,14736,387766,110135,52973,57162
65850,408155,20358,196469,14736,387797,110141,52975,57166
65855,408186,20358,196483,14736,387827,110147,52979,57168
65860,408217,20359,196500,14737,387857,110153,52984,57169
65865,408248,20360,196514,14738,387888,110160,52986,57174
65870,408279,20361,196526,14738,387917,110167,52987,57180
65875,408310,20362,196540,14739,387948,110174,52990,57184
65880,408341,20364,196555,14741,387977,110181,52992,57189
65885,408372,20366,196571,14742,388006,110187,52996,57191
65890,408403,20367,196584,14742,388036,110193,52998,57195
65895,408434,20368,196592,14742,388066,110199,53000,57199
65900,408465,20370,196608,14743,388095,110205,53004,57201
65905,408496,20373,196626,14746,388123,110211,53009,57202
65910,408527,20374,196642,14747,388153,110217,53011,57206
65915,408558,20377,196659,14749,388181,110223,53016,57207
65920,408589,20378,196672,14749,388211,110229,53019,57210
65925,408620,20380,196691,14750,388238,110235,53022,57213
65930,408651,20381,196707,14751,388269,110241,53026,57215
65935,408682,20383,196721,14752,388298,110247,53030,57217
65940,408713,20387,196734,14755,388326,110253,53032,57221
65945,408744,20387,196750,14755,388355,110259,53034,57225
65950,408775,20389,196766,14757,388385,110265,53034,57231
65955,408806,20390,196779,14758,388415,110271,53036,57235
65960,408837,20392,196791,14760,388444,110277,53040,57237
65965,408868,20393,196807,14761,388474,110283,53045,57238
65970,408899,20394,196825,14761,388504,110289,53049,57240
65975,408930,20396,196835,14762,388534,110295,53049,57246
65980,408961,20397,196858,14763,388562,110301,53054,57247
65985,408992,20399,196872,14764,388591,110308,53056,57252
65990,409023,20401,196894,14766,388620,110315,53061,57254
65995,409054,20403,196910,14767,388651,110322,53065,57257
66000,409085,20405,196924,14768,388679,110329,53069,57260
66005,409116,20408,196940,14770,388708,110334,53072,57262
66010,409147,20410,196957,14771,388737,110339,53075,57264
66015,409178,20411,196975,14772,388766,110344,53078,57266
66020,409209,20415,196994,14775,388793,110349,53081,57268
66025,409240,20416,197005,14776,388823,110354,53081,57273
66030,409271,20416,197018,14776,388855,110359,53084,57275
66035,409302,20416,197033,14776,388886,110364,53087,57277
66040,409333,20416,197044,14776,388917,110369,53088,57281
66045,409364,20416,197064,14776,388947,110374,53091,57283
66050,409395,20417,197082,14776,388978,110379,53094,57285
66055,409426,20418,197095,14777,389007,110384,53097,57287
66060,409457,20420,197111,14779,389037,110389,53100,57289
66065,409488,20422,197123,14780,389065,110393,53100,57293
66070,409519,20423,197138,14781,389096,110397,53101,57296
66075,409550,20425,197158,14782,389124,110401,53102,57299
66080,409581,20427,197172,14784,389154,110405,53103,57302
66085,409612,20429,197184,14785,389183,110409,53106,57303
66090,409643,20430,197199,14785,389213,110413,53108,57305
66095,409674,20431,197214,14786,389243,110417,53111,57306
66100,409705,20434,197229,14788,389271,110421,53113,57308
66105,409736,20436,197239,14790,389300,110427,53114,57313
66110,409767,20440,197256,14793,389327,110433,53117,57316
66115,409798,20442,197266,14795,389356,110439,53117,57322
66120,409829,20442,197286,14795,389386,110445,53121,57324
66125,409860,20442,197297,14795,389417,110449,53122,57327
66130,409891,20444,197311,14796,389444,110453,53125,57328
66135,409922,20446,197327,14798,389475,110457,53129,57328
66140,409953,20448,197346,14800,389501,110461,53130,57331
66145,409984,20451,197364,14803,389532,110465,53133,57332
66150,410015,20453,197379,14804,389562,110469,53134,57335
66155,410046,20454,197394,14804,389592,110473,53137,57336
66160,410077,20455,197412,14805,389621,110477,53140,57337
66165,410108,20456,197427,14805,389652,110482,53143,57339
66170,410139,20457,197445,14806,389680,110487,53146,57341
66175,410170,20459,197460,14808,389711,110492,53148,57344
66180,410201,20460,197476,14808,389740,110497,53153,57344
66185,410232,20463,197485,14810,389769,110502,53153,57349
66190,410263,20464,197496,14810,389798,110507,53154,57353
66195,410294,20466,197511,14811,389827,110512,53157,57355
66200,410325,20468,197526,14813,389856,110517,53159,57358
66205,410356,20470,197543,14815,389885,110521,53162,57359
66210,410387,20472,197554,14816,389913,110525,53165,57360
66215,410418,20473,197567,14817,389945,110529,53167,57362
66220,410449,20473,197582,14817,389975,110533,53169,57364
66225,410480,20475,197597,14819,390005,110538,53171,57367
66230,410511,20476,197608,14820,390034,110543,53173,57370
66235,410542,20477,197620,14821,390065,110548,53176,57372
66240,410573,20479,197634,14823,390094,110553,53178,57375
66245,410604,20481,197645,14825,390123,110557,53180,57377
66250,410635,20482,197659,14826,390152,110562,53181,57381
66255,410666,20484,197671,14828,390181,110567,53181,57386
66260,410697,20486,197681,14830,390211,110572,53183,57389
66265,410728,20488,197693,14832,390240,110577,53184,57393
66270,410759,20489,197706,14833,390269,110582,53186,57396
66275,410790,20491,197716,14834,390299,110587,53187,57400
66280,410821,20494,197729,14837,390327,110592,53187,57405
66285,410852,20496,197742,14838,390356,110597,53190,57407
66290,410883,20499,197756,14840,390384,110602,53194,57408
66295,410914,20501,197774,14841,390413,110607,53196,57411
66300,410945,20501,197789,14841,390444,110612,53199,57413
66305,410976,20501,197810,14841,390475,110617,53202,57415
66310,411007,20501,197824,14841,390506,110622,53204,57418
66315,411038,20501,197835,14841,390536,110627,53205,57422
66320,411069,20503,197847,14842,390566,110632,53207,57425
66325,411100,20505,197864,14844,390595,110637,53209,57428
66330,411131,20506,197875,14844,390625,110642,53211,57431
66335,411162,20508,197890,14845,390654,110647,53213,57434
66340,411193,20509,197906,14845,390682,110651,53214,57437
66345,411224,20511,197922,14847,390711,110656,53216,57440
66350,411255,20513,197938,14849,390740,110662,53219,57443
66355,411286,20515,197952,14850,390771,110668,53221,57447
66360,411317,20516,197963,14850,390801,110674,53222,57452
66365,411348,20518,197977,14851,390830,110680,53226,57454
66370,411379,20519,197991,14852,390860,110685,53228,57457
66375,411410,20520,198005,14853,390890,110690,53228,57462
66380,411441,20521,198020,14854,390920,110695,53230,57465
66385,411472,20523,198033,14856,390948,110700,53232,57468
66390,411503,20526,198051,14858,390976,110705,53234,57471
66395,411534,20529,198064,14860,391005,110710,53235,57475
66400,411565,20531,198078,14861,391034,110715,53239,57476
66405,411596,20531,198094,14861,391065,110720,53242,57478
66410,411627,20532,198111,14861,391095,110725,53247,57478
66415,411658,20533,198125,14862,391125,110730,53249,57481
66420,411689,20534,198145,14862,391155,110735,53252,57483
66425,411720,20535,198155,14862,391185,110739,53252,57487
66430,411751,20536,198169,14863,391215,110743,53255,57488
66435,411782,20537,198186,14864,391245,110747,53257,57490
66440,411813,20538,198200,14865,391275,110751,53259,57492
66445,411844,20540,198211,14866,391304,110755,53262,57493
66450,411875,20542,198231,14867,391333,110759,53266,57493
66455,411906,20543,198247,14867,391363,110763,53268,57495
66460,411937,20544,198265,14867,391393,110767,53270,57497
66465,411968,20546,198278,14869,391421,110771,53271,57500
66470,411999,20549,198290,14871,391449,110775,53272,57503
66475,412030,20553,198311,14875,391475,110779,53274,57505
66480,412061,20556,198329,14878,391504,110783,53276,57507
66485,412092,20558,198343,14880,391534,110786,53277,57509
66490,412123,20560,198357,14882,391563,110789,53277,57512
66495,412154,20560,198373,14882,391593,110792,53279,57513
66500,412185,20560,198385,14882,391625,110795,53280,57515
66505,412216,20560,198406,14882,391655,110798,53282,57516
66510,412247,20562,198421,14883,391683,110801,53284,57517
66515,412278,20564,198430,14884,391713,110804,53284,57520
66520,412309,20566,198446,14886,391740,110807,53286,57521
66525,412340,20568,198461,14888,391770,110811,53287,57524
66530,412371,20570,198481,14889,391800,110815,53290,57525
66535,412402,20572,198498,14891,391829,110819,53292,57527
66540,412433,20573,198513,14892,391860,110823,53294,57529
66545,412464,20574,198526,14892,391890,110826,53295,57531
66550,412495,20575,198543,14893,391920,110829,53296,57533
66555,412526,20576,198561,14894,391950,110832,53297,57535
66560,412557,20577,198576,14895,391980,110835,53299,57536
66565,412588,20579,198591,14897,392009,110838,53301,57537
66570,412619,20580,198606,14897,392038,110841,53303,57538
66575,412650,20582,198621,14898,392067,110844,53306,57538
66580,412681,20585,198640,14901,392095,110847,53308,57539
66585,412712,20588,198654,14903,392123,110851,53311,57540
66590,412743,20590,198665,14905,392153,110855,53312,57543
66595,412774,20591,198681,14906,392182,110859,53315,57544
66600,412805,20593,198695,14908,392212,110863,53316,57547
66605,412836,20594,198706,14909,392242,110866,53317,57549
66610,412867,20595,198718,14910,392272,110869,53318,57551
66615,412898,20597,198735,14911,392301,110872,53320,57552
66620,412929,20599,198746,14912,392330,110875,53322,57553
66625,412960,20603,198758,14916,392357,110878,53324,57554
66630,412991,20606,198775,14918,392384,110881,53326,57555
66635,413022,20607,198785,14918,392415,110884,53327,57557
66640,413053,20608,198800,14919,392444,110887,53329,57558
66645,413084,20612,198810,14923,392472,110891,53330,57561
66650,413115,20615,198825,14926,392499,110895,53333,57562
66655,413146,20617,198843,14927,392529,110899,53336,57563
66660,413177,20617,198856,14927,392560,110902,53337,57565
66665,413208,20617,198872,14927,392589,110905,53338,57567
66670,413239,20617,198882,14927,392622,110908,53339,57569
66675,413270,20617,198901,14927,392651,110911,53340,57571
66680,413301,20617,198916,14927,392681,110913,53341,57572
66685,413332,20617,198925,14927,392714,110915,53342,57573
66690,413363,20617,198941,14927,392745,110917,53342,57575
66695,413394,20617,198956,14927,392775,110919,53343,57576
66700,413425,20617,198966,14927,392806,110922,53344,57578
66705,413456,20620,198981,14930,392835,110926,53346,57580
66710,413487,20621,198999,14930,392863,110930,53349,57581
66715,413518,20622,199016,14931,392894,110934,53351,57583
66720,413549,20623,199031,14932,392924,110938,53352,57586
66725,413580,20625,199043,14933,392954,110941,53352,57589
66730,413611,20627,199057,14934,392984,110944,53353,57591
66735,413642,20628,199068,14935,393014,110947,53355,57592
66740,413673,20629,199081,14935,393043,110950,53357,57593
66745,413704,20631,199095,14937,393072,110953,53359,57594
66750,413735,20633,199109,14939,393102,110956,53361,57595
66755,413766,20634,199127,14939,393132,110959,53362,57597
66760,413797,20635,199140,14940,393162,110962,53362,57600
66765,413828,20637,199157,14941,393190,110965,53365,57600
66770,413859,20640,199176,14943,393219,110968,53367,57601
66775,413890,20642,199192,14944,393248,110971,53367,57604
66780,413921,20644,199207,14944,393276,110974,53368,57606
66785,413952,20647,199222,14945,393304,110975,53368,57607
66790,413983,20650,199232,14947,393332,110975,53368,57607
66795,414014,20653,199250,14948,393360,110975,53368,57607
66800,414045,20657,199264,14951,393387,110975,53368,57607
66805,414076,20661,199281,14954,393415,110975,53368,57607
66810,414107,20665,199294,14957,393442,110975,53368,57607
66815,414138,20670,199309,14962,393468,110975,53368,57607
66820,414169,20672,199323,14964,393497,110975,53368,57607
66825,414200,20675,199340,14967,393524,110976,53368,57608
66830,414231,20676,199353,14968,393554,110977,53369,57608
66835,414262,20679,199372,14971,393582,110978,53370,57608
66840,414293,20682,199389,14974,393610,110979,53370,57609
66845,414324,20682,199402,14974,393641,110980,53370,57610
66850,414355,20682,199418,14974,393672,110981,53370,57611
66855,414386,20682,199434,14974,393703,110982,53370,57612
66860,414417,20682,199449,14974,393735,110982,53370,57612
66865,414448,20682,199460,14974,393766,110982,53370,57612
66870,414479,20682,199472,14974,393796,110982,53370,57612
66875,414510,20682,199488,14974,393828,110982,53370,57612
66880,414541,20682,199501,14974,393859,110982,53370,57612
66885,414572,20682,199520,14974,393889,110983,53370,57613
66890,414603,20682,199537,14974,393918,110984,53371,57613
66895,414634,20682,199556,14974,393950,110985,53371,57614
66900,414665,20682,199574,14974,393983,110986,53372,57614
66905,414696,20682,199589,14974,394013,110987,53373,57614
66910,414727,20682,199612,14974,394045,110988,53374,57614
66915,414758,20682,199626,14974,394075,110989,53375,57614
66920,414789,20682,199643,14974,394106,110990,53375,57615
66925,414820,20684,199665,14975,394134,110991,53376,57615
66930,414851,20686,199675,14977,394165,110992,53377,57615
66935,414882,20688,199692,14979,394193,110992,53377,57615
66940,414913,20691,199705,14982,394222,110992,53377,57615
66945,414944,20693,199722,14983,394250,110992,53377,57615
66950,414975,20696,199742,14986,394277,110992,53377,57615
66955,415006,20698,199758,14987,394307,110992,53377,57615
66960,415037,20700,199776,14988,394334,110992,53377,57615
66965,415068,20703,199796,14991,394365,110992,53377,57615
66970,415099,20706,199813,14994,394393,110992,53377,57615
66975,415130,20709,199828,14995,394420,110992,53377,57615
66980,415161,20712,199844,14997,394447,110992,53377,57615
66985,415192,20716,199861,15000,394475,110992,53377,57615
66990,415223,20717,199875,15000,394506,110992,53377,57615
66995,415254,20719,199886,15002,394535,110992,53377,57615
67000,415285,20722,199907,15005,394562,110992,53377,57615
67005,415316,20723,199921,15005,394593,110992,53377,57615
67010,415347,20725,199935,15006,394622,110992,53377,57615
67015,415378,20727,199953,15007,394651,110992,53377,57615
67020,415409,20729,199967,15009,394680,110992,53377,57615
67025,415440,20730,199981,15010,394710,110992,53377,57615
67030,415471,20731,199989,15010,394740,110992,53377,57615
67035,415502,20733,200001,15011,394769,110992,53377,57615
67040,415533,20734,200013,15011,394799,110992,53377,57615
67045,415564,20736,200025,15012,394828,110992,53377,57615
67050,415595,20738,200040,15013,394857,110992,53377,57615
67055,415626,20739,200054,15014,394887,110992,53377,57615
67060,415657,20741,200067,15015,394916,110992,53377,57615
67065,415688,20742,200083,15015,394946,110992,53377,57615
67070,415719,20744,200100,15017,394973,110992,53377,57615
67075,415750,20744,200113,15017,395005,110992,53377,57615
67080,415781,20744,200129,15017,395036,110992,53377,57615
67085,415812,20744,200148,15017,395067,110992,53377,57615
67090,415843,20744,200161,15017,395098,110992,53377,57615
67095,415874,20744,200175,15017,395129,110992,53377,57615
67100,415905,20746,200190,15019,395159,110992,53377,57615
67105,415936,20747,200209,15019,395188,110992,53377,57615
67110,415967,20749,200222,15020,395216,110992,53377,57615
67115,415998,20750,200236,15020,395247,110992,53377,57615
67120,416029,20751,200255,15021,395277,110992,53377,57615
67125,416060,20752,200265,15021,395306,110992,53377,57615
67130,416091,20755,200279,15023,395335,110992,53377,57615
67135,416122,20757,200294,15025,395364,110992,53377,57615
67140,416153,20758,200305,15026,395394,110992,53377,57615
67145,416184,20760,200317,15027,395424,110992,53377,57615
67150,416215,20761,200327,15027,395454,110992,53377,57615
67155,416246,20762,200338,15028,395484,110992,53377,57615
67160,416277,20764,200350,15029,395512,110992,53377,57615
67165,416308,20766,200363,15030,395541,110992,53377,57615
67170,416339,20767,200383,15031,395572,110992,53377,57615
67175,416370,20768,200396,15031,395601,110992,53377,57615
67180,416401,20769,200406,15031,395632,110992,53377,57615
67185,416432,20773,200420,15033,395659,110992,53377,57615
67190,416463,20777,200438,15036,395685,110992,53377,57615
67195,416494,20781,200458,15039,395712,110992,53377,57615
67200,416525,20784,200471,15042,395740,110992,53377,57615
67205,416556,20785,200488,15042,395771,110992,53377,57615
67210,416587,20786,200498,15042,395801,110992,53377,57615
67215,416618,20787,200515,15043,395831,110992,53377,57615
67220,416649,20788,200529,15044,395861,110992,53377,57615
67225,416680,20789,200542,15044,395891,110992,53377,57615
67230,416711,20790,200556,15045,395921,110992,53377,57615
67235,416742,20791,200571,15046,395951,110992,53377,57615
67240,416773,20792,200590,15047,395981,110992,53377,57615
67245,416804,20793,200600,15047,396011,110992,53377,57615
67250,416835,20794,200616,15047,396041,110992,53377,57615
67255,416866,20795,200631,15047,396071,110992,53377,57615
67260,416897,20796,200649,15048,396101,110992,53377,57615
67265,416928,20797,200667,15049,396131,110992,53377,57615
67270,416959,20798,200683,15050,396161,110992,53377,57615
67275,416990,20799,200697,15050,396191,110992,53377,57615
67280,417021,20800,200711,15050,396221,110992,53377,57615
67285,417052,20801,200723,15050,396251,110992,53377,57615
67290,417083,20802,200737,15050,396281,110992,53377,57615
67295,417114,20803,200751,15050,396311,110992,53377,57615
67300,417145,20804,200763,15050,396341,110992,53377,57615
67305,417176,20807,200772,15052,396369,110992,53377,57615
67310,417207,20812,200785,15056,396395,110992,53377,57615
67315,417238,20816,200802,15058,396421,110992,53377,57615
67320,417269,20823,200821,15063,396445,110992,53377,57615
67325,417300,20827,200835,15067,396472,110992,53377,57615
67330,417331,20830,200854,15069,396501,110992,53377,57615
67335,417362,20831,200867,15069,396531,110992,53377,57615
67340,417393,20833,200884,15071,396560,110992,53377,57615
67345,417424,20833,200897,15071,396591,110992,53377,57615
67350,417455,20833,200914,15071,396622,110992,53377,57615
67355,417486,20833,200928,15071,396653,110992,53377,57615
67360,417517,20833,200940,15071,396684,110992,53377,57615
67365,417548,20833,200955,15071,396715,110992,53377,57615
67370,417579,20833,200972,15071,396744,110992,53377,57615
67375,417610,20833,200982,15071,396776,110992,53377,57615
67380,417641,20833,200994,15071,396807,110992,53377,57615
67385,417672,20833,201009,15071,396839,110992,53377,57615
67390,417703,20833,201018,15071,396869,110992,53377,57615
67395,417734,20833,201032,15071,396900,110992,53377,57615
67400,417765,20833,201047,15071,396931,110992,53377,57615
67405,417796,20833,201066,15071,396963,110992,53377,57615
67410,417827,20833,201083,15071,396993,110992,53377,57615
67415,417858,20833,201097,15071,397025,110992,53377,57615
67420,417889,20833,201109,15071,397055,110992,53377,57615
67425,417920,20834,201126,15072,397086,110992,53377,57615
67430,417951,20835,201140,15073,397116,110992,53377,57615
67435,417982,20836,201158,15073,397146,110992,53377,57615
67440,418013,20837,201172,15074,397176,110992,53377,57615
67445,418044,20840,201183,15075,397204,110992,53377,57615
67450,418075,20843,201205,15078,397232,110992,53377,57615
67455,418106,20845,201213,15079,397261,110992,53377,57615
67460,418137,20847,201228,15079,397290,110992,53377,57615
67465,418168,20850,201241,15081,397318,110992,53377,57615
67470,418199,20852,201255,15082,397347,110992,53377,57615
67475,418230,20854,201268,15084,397376,110992,53377,57615
67480,418261,20856,201284,15086,397405,110992,53377,57615
67485,418292,20859,201296,15087,397433,110992,53377,57615
67490,418323,20863,201313,15089,397460,110992,53377,57615
67495,418354,20866,201331,15090,397488,110992,53377,57615
67500,418385,20869,201347,15091,397516,110992,53377,57615
67505,418416,20872,201363,15093,397544,110992,53377,57615
67510,418447,20875,201381,15095,397572,110992,53377,57615
67515,418478,20876,201396,15096,397602,110992,53377,57615
67520,418509,20877,201411,15096,397632,110992,53377,57615
67525,418540,20878,201422,15097,397662,110992,53377,57615
67530,418571,20880,201433,15099,397691,110992,53377,57615
67535,418602,20882,201450,15100,397720,110992,53377,57615
67540,418633,20884,201461,15101,397749,110992,53377,57615
67545,418664,20885,201481,15102,397779,110992,53377,57615
67550,418695,20887,201496,15104,397807,110992,53377,57615
67555,418726,20888,201512,15105,397838,110992,53377,57615
67560,418757,20890,201531,15107,397866,110992,53377,57615
67565,418788,20892,201549,15109,397896,110992,53377,57615
67570,418819,20893,201563,15109,397925,110992,53377,57615
67575,418850,20895,201577,15110,397955,110992,53377,57615
67580,418881,20896,201594,15110,397985,110992,53377,57615
67585,418912,20897,201610,15111,398015,110992,53377,57615
67590,418943,20899,201625,15113,398043,110992,53377,57615
67595,418974,20901,201639,15115,398072,110992,53377,57615
67600,419005,20901,201653,15115,398103,110992,53377,57615
67605,419036,20901,201665,15115,398135,110992,53377,57615
67610,419067,20901,201681,15115,398166,110992,53377,57615
67615,419098,20903,201695,15117,398194,110992,53377,57615
67620,419129,20904,201709,15118,398224,110992,53377,57615
67625,419160,20905,201722,15119,398254,110992,53377,57615
67630,419191,20906,201734,15119,398284,110992,53377,57615
67635,419222,20908,201753,15120,398313,110992,53377,57615
67640,419253,20909,201768,15121,398343,110992,53377,57615
67645,419284,20911,201783,15123,398372,110992,53377,57615
67650,419315,20913,201798,15125,398402,110992,53377,57615
67655,419346,20915,201819,15127,398430,110992,53377,57615
67660,419377,20916,201832,15127,398461,110992,53377,57615
67665,419408,20917,201845,15127,398491,110992,53377,57615
67670,419439,20919,201862,15128,398520,110992,53377,57615
67675,419470,20920,201880,15128,398550,110992,53377,57615
67680,419501,20921,201893,15129,398580,110992,53377,57615
67685,419532,20923,201906,15130,398609,110992,53377,57615
67690,419563,20924,201919,15131,398639,110992,53377,57615
67695,419594,20925,201929,15132,398669,110992,53377,57615
67700,419625,20927,201946,15134,398698,110992,53377,57615
67705,419656,20931,201957,15136,398725,110992,53377,57615
67710,419687,20932,201972,15136,398755,110992,53377,57615
67715,419718,20933,201983,15137,398785,110992,53377,57615
67720,419749,20934,201996,15138,398815,110992,53377,57615
67725,419780,20935,202013,15139,398845,110992,53377,57615
67730,419811,20936,202028,15140,398875,110992,53377,57615
67735,419842,20937,202040,15140,398905,110992,53377,57615
67740,419873,20938,202052,15141,398935,110992,53377,57615
67745,419904,20939,202065,15142,398965,110992,53377,57615
67750,419935,20940,202080,15142,398995,110992,53377,57615
67755,419966,20941,202096,15142,399025,110992,53377,57615
67760,419997,20942,202110,15143,399055,110992,53377,57615
67765,420028,20943,202122,15143,399085,110992,53377,57615
67770,420059,20944,202134,15144,399114,110992,53377,57615
67775,420090,20945,202147,15144,399144,110992,53377,57615
67780,420121,20946,202165,15144,399175,110992,53377,57615
67785,420152,20947,202180,15144,399204,110992,53377,57615
67790,420183,20948,202198,15145,399234,110992,53377,57615
67795,420214,20949,202215,15145,399265,110992,53377,57615
67800,420245,20950,202227,15145,399295,110992,53377,57615
67805,420276,20953,202246,15147,399323,110992,53377,57615
67810,420307,20955,202260,15148,399350,110992,53377,57615
67815,420338,20958,202277,15149,399378,110992,53377,57615
67820,420369,20963,202289,15153,399406,110992,53377,57615
67825,420400,20966,202305,15154,399433,110992,53377,57615
67830,420431,20968,202317,15155,399463,110992,53377,57615
67835,420462,20971,202328,15156,399491,110992,53377,57615
67840,420493,20974,202341,15158,399519,110992,53377,57615
67845,420524,20978,202356,15162,399546,110992,53377,57615
67850,420555,20981,202369,15164,399574,110992,53377,57615
67855,420586,20983,202383,15166,399602,110992,53377,57615
67860,420617,20986,202402,15168,399629,110992,53377,57615
67865,420648,20988,202417,15169,399660,110992,53377,57615
67870,420679,20989,202432,15169,399690,110992,53377,57615
67875,420710,20990,202444,15169,399720,110992,53377,57615
67880,420741,20992,202457,15171,399749,110992,53377,57615
67885,420772,20993,202470,15171,399779,110992,53377,57615
67890,420803,20995,202485,15172,399808,110992,53377,57615
67895,420834,20997,202498,15174,399837,110992,53377,57615
67900,420865,20998,202519,15175,399867,110992,53377,57615
67905,420896,21000,202537,15177,399896,110992,53377,57615
67910,420927,21002,202554,15178,399925,110992,53377,57615
67915,420958,21004,202568,15179,399954,110992,53377,57615
67920,420989,21007,202583,15181,399982,110992,53377,57615
67925,421020,21007,202597,15181,400013,110992,53377,57615
67930,421051,21007,202616,15181,400044,110992,53377,57615
67935,421082,21007,202627,15181,400075,110992,53377,57615
67940,421113,21007,202638,15181,400106,110992,53377,57615
67945,421144,21007,202653,15181,400137,110992,53377,57615
67950,421175,21007,202671,15181,400168,110992,53377,57615
67955,421206,21007,202684,15181,400199,110992,53377,57615
67960,421237,21007,202700,15181,400230,110992,53377,57615
67965,421268,21007,202716,15181,400260,110992,53377,57615
67970,421299,21007,202729,15181,400291,110992,53377,57615
67975,421330,21008,202743,15182,400321,110992,53377,57615
67980,421361,21009,202755,15182,400351,110992,53377,57615
67985,421392,21010,202768,15182,400382,110992,53377,57615
67990,421423,21011,202782,15183,400412,110992,53377,57615
67995,421454,21012,202796,15183,400441,110992,53377,57615
68000,421485,21013,202811,15183,400472,110992,53377,57615
68005,421516,21014,202822,15183,400502,110992,53377,57615
68010,421547,21015,202833,15183,400532,110992,53377,57615
68015,421578,21016,202851,15183,400562,110992,53377,57615
68020,421609,21017,202866,15183,400592,110992,53377,57615
68025,421640,21019,202878,15185,400621,110992,53377,57615
68030,421671,21021,202891,15187,400648,110992,53377,57615
68035,421702,21024,202904,15189,400676,110992,53377,57615
68040,421733,21026,202920,15190,400705,110992,53377,57615
68045,421764,21028,202936,15191,400734,110992,53377,57615
68050,421795,21032,202957,15195,400763,110992,53377,57615
68055,421826,21034,202976,15196,400792,110992,53377,57615
68060,421857,21038,202987,15198,400819,110992,53377,57615
68065,421888,21040,202999,15200,400848,110992,53377,57615
68070,421919,21044,203013,15204,400875,110992,53377,57615
68075,421950,21047,203021,15205,400903,110992,53377,57615
68080,421981,21050,203031,15208,400930,110992,53377,57615
68085,422012,21054,203044,15211,400958,110992,53377,57615
68090,422043,21058,203059,15214,400985,110992,53377,57615
68095,422074,21061,203074,15216,401013,110992,53377,57615
68100,422105,21064,203092,15218,401041,110992,53377,57615
68105,422136,21069,203109,15222,401067,110992,53377,57615
68110,422167,21070,203123,15223,401097,110992,53377,57615
68115,422198,21071,203139,15224,401127,110992,53377,57615
68120,422229,21073,203153,15225,401156,110992,53377,57615
68125,422260,21075,203168,15227,401185,110992,53377,57615
68130,422291,21075,203186,15227,401216,110992,53377,57615
68135,422322,21075,203203,15227,401247,110992,53377,57615
68140,422353,21075,203220,15227,401278,110992,53377,57615
68145,422384,21075,203237,15227,401309,110992,53377,57615
68150,422415,21075,203253,15227,401340,110992,53377,57615
68155,422446,21075,203266,15227,401371,110992,53377,57615
68160,422477,21075,203280,15227,401402,110992,53377,57615
68165,422508,21075,203297,15227,401433,110992,53377,57615
68170,422539,21075,203313,15227,401464,110992,53377,57615
68175,422570,21075,203331,15227,401495,110992,53377,57615
68180,422601,21075,203344,15227,401526,110992,53377,57615
68185,422632,21075,203356,15227,401557,110992,53377,57615
68190,422663,21075,203372,15227,401588,110992,53377,57615
68195,422694,21075,203384,15227,401618,110992,53377,57615
68200,422725,21075,203399,15227,401649,110992,53377,57615
68205,422756,21075,203409,15227,401681,110992,53377,57615
68210,422787,21075,203426,15227,401711,110992,53377,57615
68215,422818,21075,203442,15227,401743,110992,53377,57615
68220,422849,21076,203461,15228,401773,110992,53377,57615
68225,422880,21077,203479,15229,401803,110992,53377,57615
68230,422911,21078,203493,15229,401833,110992,53377,57615
68235,422942,21081,203507,15232,401861,110992,53377,57615
68240,422973,21084,203524,15233,401889,110992,53377,57615
68245,423004,21087,203544,15236,401917,110992,53377,57615
68250,423035,21090,203557,15237,401945,110992,53377,57615
68255,423066,21093,203571,15239,401973,110992,53377,57615
68260,423097,21095,203580,15239,402002,110992,53377,57615
68265,423128,21098,203597,15241,402028,110992,53377,57615
68270,423159,21101,203611,15243,402058,110992,53377,57615
68275,423190,21103,203625,15243,402084,110992,53377,57615
68280,423221,21106,203643,15245,402114,110992,53377,57615
68285,423252,21108,203657,15246,402144,110992,53377,57615
68290,423283,21110,203669,15247,402173,110992,53377,57615
68295,423314,21114,203685,15251,402199,110992,53377,57615
68300,423345,21118,203699,15254,402227,110992,53377,57615
68305,423376,21122,203708,15256,402254,110992,53377,57615
68310,423407,21126,203726,15259,402281,110992,53377,57615
68315,423438,21129,203741,15261,402309,110992,53377,57615
68320,423469,21132,203755,15262,402337,110992,53377,57615
68325,423500,21135,203767,15265,402364,110992,53377,57615
68330,423531,21137,203777,15266,402393,110992,53377,57615
68335,423562,21138,203793,15267,402424,110992,53377,57615
68340,423593,21139,203807,15268,402454,110992,53377,57615
68345,423624,21139,203822,15268,402485,110992,53377,57615
68350,423655,21139,203838,15268,402516,110992,53377,57615
68355,423686,21139,203847,15268,402547,110992,53377,57615
68360,423717,21139,203864,15268,402578,110992,53377,57615
68365,423748,21139,203880,15268,402609,110992,53377,57615
68370,423779,21139,203899,15268,402640,110992,53377,57615
68375,423810,21139,203911,15268,402671,110992,53377,57615
68380,423841,21139,203925,15268,402702,110992,53377,57615
68385,423872,21139,203939,15268,402733,110992,53377,57615
68390,423903,21139,203949,15268,402764,110992,53377,57615
68395,423934,21139,203968,15268,402795,110992,53377,57615
68400,423965,21139,203984,15268,402826,110992,53377,57615
68405,423996,21139,204000,15268,402856,110992,53377,57615
68410,424027,21139,204018,15268,402887,110992,53377,57615
68415,424058,21139,204034,15268,402918,110992,53377,57615
68420,424089,21139,204047,15268,402950,110992,53377,57615
68425,424120,21139,204065,15268,402981,110992,53377,57615
68430,424151,21142,204081,15270,403009,110992,53377,57615
68435,424182,21145,204099,15272,403036,110992,53377,57615
68440,424213,21149,204114,15276,403063,110992,53377,57615
68445,424244,21152,204130,15278,403089,110992,53377,57615
68450,424275,21155,204149,15279,403119,110992,53377,57615
68455,424306,21158,204165,15282,403146,110992,53377,57615
68460,424337,21160,204180,15282,403176,110992,53377,57615
68465,424368,21163,204191,15284,403204,110992,53377,57615
68470,424399,21164,204207,15284,403235,110992,53377,57615
68475,424430,21165,204220,15284,403265,110992,53377,57615
68480,424461,21166,204238,15285,403294,110992,53377,57615
68485,424492,21167,204251,15285,403325,110992,53377,57615
68490,424523,21168,204268,15286,403355,110992,53377,57615
68495,424554,21169,204281,15287,403385,110992,53377,57615
68500,424585,21170,204297,15287,403415,110992,53377,57615
68505,424616,21171,204309,15288,403445,110992,53377,57615
68510,424647,21172,204321,15288,403475,110992,53377,57615
68515,424678,21174,204338,15289,403504,110992,53377,57615
68520,424709,21176,204347,15290,403533,110992,53377,57615
68525,424740,21178,204364,15291,403562,110992,53377,57615
68530,424771,21179,204379,15292,403592,110992,53377,57615
68535,424802,21181,204393,15293,403621,110992,53377,57615
68540,424833,21182,204408,15293,403651,110992,53377,57615
68545,424864,21184,204426,15294,403680,110992,53377,57615
68550,424895,21186,204441,15296,403709,110992,53377,57615
68555,424926,21187,204458,15296,403739,110992,53377,57615
68560,424957,21189,204475,15298,403768,110992,53377,57615
68565,424988,21191,204489,15300,403797,110992,53377,57615
68570,425019,21193,204504,15302,403826,110992,53377,57615
68575,425050,21198,204521,15305,403851,110992,53377,57615
68580,425081,21200,204535,15306,403880,110992,53377,57615
68585,425112,21203,204542,15308,403909,110992,53377,57615
68590,425143,21204,204553,15308,403938,110992,53377,57615
68595,425174,21207,204569,15311,403964,110992,53377,57615
68600,425205,21213,204585,15316,403992,110992,53377,57615
68605,425236,21215,204601,15318,404019,110992,53377,57615
68610,425267,21215,204616,15318,404050,110992,53377,57615
68615,425298,21215,204627,15318,404082,110992,53377,57615
68620,425329,21215,204644,15318,404113,110992,53377,57615
68625,425360,21215,204662,15318,404144,110992,53377,57615
68630,425391,21215,204674,15318,404175,110992,53377,57615
68635,425422,21215,204693,15318,404205,110992,53377,57615
68640,425453,21215,204708,15318,404238,110992,53377,57615
68645,425484,21215,204721,15318,404268,110992,53377,57615
68650,425515,21215,204738,15318,404300,110992,53377,57615
68655,425546,21215,204755,15318,404331,110992,53377,57615
68660,425577,21215,204766,15318,404362,110992,53377,57615
68665,425608,21215,204786,15318,404393,110992,53377,57615
68670,425639,21215,204799,15318,404424,110992,53377,57615
68675,425670,21215,204812,15318,404455,110992,53377,57615
68680,425701,21215,204832,15318,404486,110992,53377,57615
68685,425732,21216,204846,15319,404516,110992,53377,57615
68690,425763,21217,204856,15319,404546,110992,53377,57615
68695,425794,21218,204869,15319,404576,110992,53377,57615
68700,425825,21219,204883,15319,404606,110992,53377,57615
68705,425856,21220,204900,15319,404636,110992,53377,57615
68710,425887,21221,204915,15320,404666,110992,53377,57615
68715,425918,21223,204933,15321,404695,110992,53377,57615
68720,425949,21225,204949,15322,404724,110992,53377,57615
68725,425980,21229,204961,15325,404751,110992,53377,57615
68730,426011,21231,204974,15325,404780,110992,53377,57615
68735,426042,21236,204993,15330,404806,110992,53377,57615
68740,426073,21238,205004,15331,404835,110992,53377,57615
68745,426104,21241,205015,15334,404863,110992,53377,57615
68750,426135,21245,205041,15337,404890,110992,53377,57615
68755,426166,21248,205058,15339,404917,110992,53377,57615
68760,426197,21252,205070,15341,404944,110992,53377,57615
68765,426228,21255,205088,15343,404973,110992,53377,57615
68770,426259,21256,205099,15343,405003,110992,53377,57615
68775,426290,21258,205110,15344,405032,110992,53377,57615
68780,426321,21261,205127,15346,405059,110992,53377,57615
68785,426352,21263,205141,15347,405089,110992,53377,57615
68790,426383,21264,205157,15348,405118,110992,53377,57615
68795,426414,21266,205172,15350,405148,110992,53377,57615
68800,426445,21267,205185,15350,405178,110992,53377,57615
68805,426476,21269,205200,15352,405207,110992,53377,57615
68810,426507,21271,205215,15353,405234,110992,53377,57615
68815,426538,21273,205229,15354,405263,110992,53377,57615
68820,426569,21275,205245,15355,405291,110992,53377,57615
68825,426600,21277,205257,15356,405323,110992,53377,57615
68830,426631,21277,205271,15356,405352,110992,53377,57615
68835,426662,21277,205285,15356,405385,110992,53377,57615
68840,426693,21277,205299,15356,405415,110992,53377,57615
68845,426724,21277,205315,15356,405447,110992,53377,57615
68850,426755,21277,205326,15356,405478,110992,53377,57615
68855,426786,21277,205339,15356,405509,110992,53377,57615
68860,426817,21277,205354,15356,405540,110992,53377,57615
68865,426848,21277,205371,15356,405571,110992,53377,57615
68870,426879,21277,205385,15356,405602,110992,53377,57615
68875,426910,21278,205402,15357,405632,110992,53377,57615
68880,426941,21280,205417,15359,405661,110992,53377,57615
68885,426972,21281,205429,15359,405691,110992,53377,57615
68890,427003,21283,205444,15360,405720,110992,53377,57615
68895,427034,21284,205455,15360,405750,110992,53377,57615
68900,427065,21286,205470,15362,405779,110992,53377,57615
68905,427096,21288,205482,15364,405808,110992,53377,57615
68910,427127,21289,205498,15364,405838,110992,53377,57615
68915,427158,21291,205511,15365,405867,110992,53377,57615
68920,427189,21292,205523,15365,405897,110992,53377,57615
68925,427220,21294,205534,15366,405926,110992,53377,57615
68930,427251,21296,205549,15367,405955,110992,53377,57615
68935,427282,21298,205566,15369,405984,110992,53377,57615
68940,427313,21301,205579,15371,406012,110992,53377,57615
68945,427344,21304,205594,15374,406040,110992,53377,57615
68950,427375,21305,205607,15374,406070,110992,53377,57615
68955,427406,21306,205622,15374,406099,110992,53377,57615
68960,427437,21307,205639,15374,406128,110992,53377,57615
68965,427468,21308,205653,15375,406159,110992,53377,57615
68970,427499,21309,205665,15375,406187,110992,53377,57615
68975,427530,21310,205676,15375,406218,110992,53377,57615
68980,427561,21311,205691,15376,406249,110992,53377,57615
68985,427592,21313,205708,15378,406277,110992,53377,57615
68990,427623,21314,205723,15378,406308,110992,53377,57615
68995,427654,21315,205735,15378,406337,110992,53377,57615
69000,427685,21316,205749,15378,406369,110992,53377,57615
69005,427716,21317,205762,15379,406399,110992,53377,57615
69010,427747,21319,205774,15380,406428,110992,53377,57615
69015,427778,21321,205795,15382,406456,110992,53377,57615
69020,427809,21323,205808,15383,406486,110992,53377,57615
69025,427840,21324,205824,15383,406516,110992,53377,57615
69030,427871,21325,205838,15384,406546,110992,53377,57615
69035,427902,21326,205848,15385,406576,110992,53377,57615
69040,427933,21328,205862,15386,406605,110992,53377,57615
69045,427964,21330,205872,15387,406634,110992,53377,57615
69050,427995,21332,205888,15389,406663,110992,53377,57615
69055,428026,21337,205903,15393,406689,110992,53377,57615
69060,428057,21340,205918,15394,406717,110992,53377,57615
69065,428088,21341,205934,15394,406747,110992,53377,57615
69070,428119,21342,205953,15395,406777,110992,53377,57615
69075,428150,21343,205968,15395,406807,110992,53377,57615
69080,428181,21345,205987,15397,406836,110992,53377,57615
69085,428212,21347,205998,15399,406865,110992,53377,57615
69090,428243,21348,206010,15400,406895,110992,53377,57615
69095,428274,21350,206024,15401,406924,110992,53377,57615
69100,428305,21353,206044,15403,406952,110992,53377,57615
69105,428336,21356,206061,15406,406979,110992,53377,57615
69110,428367,21360,206076,15409,407007,110992,53377,57615
69115,428398,21362,206091,15410,407035,110992,53377,57615
69120,428429,21362,206106,15410,407067,110992,53377,57615
69125,428460,21362,206122,15410,407097,110992,53377,57615
69130,428491,21362,206140,15410,407127,110992,53377,57615
69135,428522,21362,206154,15410,407158,110992,53377,57615
69140,428553,21362,206169,15410,407189,110992,53377,57615
69145,428584,21362,206184,15410,407221,110992,53377,57615
69150,428615,21362,206203,15410,407251,110992,53377,57615
69155,428646,21362,206220,15410,407283,110992,53377,57615
69160,428677,21362,206233,15410,407314,110992,53377,57615
69165,428708,21362,206252,15410,407346,110992,53377,57615
69170,428739,21363,206267,15411,407374,110992,53377,57615
69175,428770,21364,206286,15411,407406,110992,53377,57615
69180,428801,21365,206301,15411,407436,110992,53377,57615
69185,428832,21366,206313,15412,407466,110992,53377,57615
69190,428863,21367,206326,15412,407496,110992,53377,57615
69195,428894,21368,206345,15412,407526,110992,53377,57615
69200,428925,21369,206365,15412,407556,110992,53377,57615
69205,428956,21370,206376,15412,407586,110992,53377,57615
69210,428987,21371,206389,15412,407616,110992,53377,57615
69215,429018,21372,206404,15412,407646,110992,53377,57615
69220,429049,21373,206415,15412,407676,110992,53377,57615
69225,429080,21375,206431,15414,407705,110992,53377,57615
69230,429111,21377,206441,15415,407734,110992,53377,57615
69235,429142,21380,206456,15418,407762,110992,53377,57615
69240,429173,21382,206471,15420,407791,110992,53377,57615
69245,429204,21385,206479,15422,407819,110992,53377,57615
69250,429235,21389,206494,15424,407846,110992,53377,57615
69255,429266,21392,206507,15426,407874,110992,53377,57615
69260,429297,21397,206524,15431,407900,110992,53377,57615
69265,429328,21402,206540,15435,407926,110992,53377,57615
69270,429359,21404,206550,15436,407955,110992,53377,57615
69275,429390,21407,206560,15439,407983,110992,53377,57615
69280,429421,21410,206573,15442,408011,110992,53377,57615
69285,429452,21416,206585,15446,408036,110992,53377,57615
69290,429483,21419,206593,15448,408064,110992,53377,57615
69295,429514,21421,206608,15449,408093,110992,53377,57615
69300,429545,21422,206624,15450,408121,110992,53377,57615
69305,429576,21424,206637,15451,408151,110992,53377,57615
69310,429607,21426,206650,15452,408181,110992,53377,57615
69315,429638,21426,206659,15452,408209,110992,53377,57615
69320,429669,21426,206671,15452,408242,110992,53377,57615
69325,429700,21426,206683,15452,408273,110992,53377,57615
69330,429731,21426,206698,15452,408302,110992,53377,57615
69335,429762,21426,206718,15452,408334,110992,53377,57615
69340,429793,21426,206732,15452,408365,110992,53377,57615
69345,429824,21426,206744,15452,408398,110992,53377,57615
69350,429855,21426,206759,15452,408429,110992,53377,57615
69355,429886,21426,206773,15452,408460,110992,53377,57615
69360,429917,21426,206787,15452,408491,110992,53377,57615
69365,429948,21426,206807,15452,408522,110992,53377,57615
69370,429979,21426,206817,15452,408553,110992,53377,57615
69375,430010,21426,206834,15452,408584,110992,53377,57615
69380,430041,21426,206850,15452,408615,110992,53377,57615
69385,430072,21426,206865,15452,408646,110992,53377,57615
69390,430103,21426,206882,15452,408677,110992,53377,57615
69395,430134,21426,206897,15452,408708,110992,53377,57615
69400,430165,21427,206913,15452,408738,110992,53377,57615
69405,430196,21428,206928,15453,408768,110992,53377,57615
69410,430227,21429,206935,15454,408798,110992,53377,57615
69415,430258,21430,206949,15455,408828,110992,53377,57615
69420,430289,21431,206962,15455,408858,110992,53377,57615
69425,430320,21434,206980,15457,408886,110992,53377,57615
69430,430351,21436,206993,15457,408915,110992,53377,57615
69435,430382,21438,207009,15458,408944,110992,53377,57615
69440,430413,21442,207024,15461,408971,110992,53377,57615
69445,430444,21446,207043,15464,408998,110992,53377,57615
69450,430475,21449,207056,15467,409026,110992,53377,57615
69455,430506,21453,207071,15470,409052,110992,53377,57615
69460,430537,21458,207084,15474,409079,110992,53377,57615
69465,430568,21461,207099,15476,409107,110992,53377,57615
69470,430599,21462,207112,15476,409135,110992,53377,57615
69475,430630,21463,207130,15476,409165,110992,53377,57615
69480,430661,21464,207142,15476,409195,110992,53377,57615
69485,430692,21466,207157,15477,409224,110992,53377,57615
69490,430723,21467,207176,15478,409255,110992,53377,57615
69495,430754,21468,207193,15478,409284,110992,53377,57615
69500,430785,21469,207208,15478,409315,110992,53377,57615
69505,430816,21470,207224,15478,409345,110992,53377,57615
69510,430847,21472,207244,15480,409374,110992,53377,57615
69515,430878,21474,207260,15481,409403,110992,53377,57615
69520,430909,21476,207276,15482,409433,110992,53377,57615
69525,430940,21479,207292,15485,409461,110992,53377,57615
69530,430971,21481,207309,15486,409490,110992,53377,57615
69535,431002,21483,207319,15487,409519,110992,53377,57615
69540,431033,21485,207335,15488,409548,110992,53377,57615
69545,431064,21486,207353,15489,409578,110992,53377,57615
69550,431095,21488,207370,15490,409607,110992,53377,57615
69555,431126,21488,207383,15490,409638,110992,53377,57615
69560,431157,21488,207399,15490,409669,110992,53377,57615
69565,431188,21488,207417,15490,409700,110992,53377,57615
69570,431219,21488,207430,15490,409731,110992,53377,57615
69575,431250,21488,207446,15490,409762,110992,53377,57615
69580,431281,21489,207460,15490,409792,110992,53377,57615
69585,431312,21490,207477,15491,409822,110992,53377,57615
69590,431343,21492,207494,15492,409851,110992,53377,57615
69595,431374,21495,207511,15495,409879,110992,53377,57615
69600,431405,21497,207528,15497,409908,110992,53377,57615
69605,431436,21498,207546,15497,409938,110992,53377,57615
69610,431467,21501,207556,15499,409965,110992,53377,57615
69615,431498,21504,207573,15502,409994,110992,53377,57615
69620,431529,21506,207584,15503,410023,110992,53377,57615
69625,431560,21508,207601,15505,410050,110992,53377,57615
69630,431591,21512,207620,15508,410075,110992,53377,57615
69635,431622,21512,207636,15508,410109,110992,53377,57615
69640,431653,21512,207653,15508,410139,110992,53377,57615
69645,431684,21512,207666,15508,410171,110992,53377,57615
69650,431715,21512,207683,15508,410202,110992,53377,57615
69655,431746,21512,207701,15508,410232,110992,53377,57615
69660,431777,21513,207717,15509,410263,110992,53377,57615
69665,431808,21514,207736,15510,410294,110992,53377,57615
69670,431839,21515,207752,15510,410324,110992,53377,57615
69675,431870,21516,207765,15510,410354,110992,53377,57615
69680,431901,21517,207778,15511,410384,110992,53377,57615
69685,431932,21518,207797,15511,410414,110992,53377,57615
69690,431963,21519,207811,15512,410444,110992,53377,57615
69695,431994,21520,207829,15513,410474,110992,53377,57615
69700,432025,21521,207849,15514,410504,110992,53377,57615
69705,432056,21522,207860,15514,410534,110992,53377,57615
69710,432087,21523,207878,15514,410564,110992,53377,57615
69715,432118,21524,207891,15515,410594,110992,53377,57615
69720,432149,21525,207904,15516,410624,110992,53377,57615
69725,432180,21527,207913,15517,410653,110992,53377,57615
69730,432211,21529,207924,15519,410682,110992,53377,57615
69735,432242,21532,207939,15521,410710,110992,53377,57615
69740,432273,21536,207956,15524,410737,110992,53377,57615
69745,432304,21541,207976,15528,410763,110992,53377,57615
69750,432335,21543,207985,15528,410792,110992,53377,57615
69755,432366,21546,208002,15530,410820,110992,53377,57615
69760,432397,21549,208008,15531,410848,110992,53377,57615
69765,432428,21553,208023,15534,410875,110992,53377,57615
69770,432459,21558,208031,15537,410901,110992,53377,57615
69775,432490,21561,208044,15539,410929,110992,53377,57615
69780,432521,21564,208060,15542,410956,110992,53377,57615
69785,432552,21566,208073,15544,410984,110992,53377,57615
69790,432583,21570,208084,15548,411011,110992,53377,57615
69795,432614,21570,208101,15548,411042,110992,53377,57615
69800,432645,21570,208116,15548,411073,110992,53377,57615
69805,432676,21570,208132,15548,411103,110992,53377,57615
69810,432707,21570,208141,15548,411136,110992,53377,57615
69815,432738,21570,208160,15548,411166,110992,53377,57615
69820,432769,21570,208177,15548,411199,110992,53377,57615
69825,432800,21570,208189,15548,411230,110992,53377,57615
69830,432831,21570,208204,15548,411261,110992,53377,57615
69835,432862,21570,208221,15548,411292,110992,53377,57615
69840,432893,21570,208236,15548,411323,110992,53377,57615
69845,432924,21570,208251,15548,411354,110992,53377,57615
69850,432955,21570,208263,15548,411385,110992,53377,57615
69855,432986,21570,208279,15548,411416,110992,53377,57615
69860,433017,21570,208293,15548,411447,110992,53377,57615
69865,433048,21570,208307,15548,411478,110992,53377,57615
69870,433079,21570,208319,15548,411509,110992,53377,57615
69875,433110,21570,208337,15548,411540,110992,53377,57615
69880,433141,21570,208351,15548,411571,110992,53377,57615
69885,433172,21571,208366,15548,411601,110992,53377,57615
69890,433203,21572,208379,15549,411631,110992,53377,57615
69895,433234,21573,208393,15550,411661,110992,53377,57615
69900,433265,21576,208406,15552,411689,110992,53377,57615
69905,433296,21578,208421,15553,411718,110992,53377,57615
69910,433327,21582,208432,15556,411745,110992,53377,57615
69915,433358,21585,208454,15558,411773,110992,53377,57615
69920,433389,21589,208465,15561,411800,110992,53377,57615
69925,433420,21592,208479,15563,411828,110992,53377,57615
69930,433451,21595,208493,15566,411856,110992,53377,57615
69935,433482,21600,208510,15569,411882,110992,53377,57615
69940,433513,21603,208526,15571,411910,110992,53377,57615
69945,433544,21604,208535,15572,411938,110992,53377,57615
69950,433575,21605,208555,15573,411967,110992,53377,57615
69955,433606,21606,208569,15573,411998,110992,53377,57615
69960,433637,21607,208584,15574,412030,110992,53377,57615
69965,433668,21608,208602,15575,412058,110992,53377,57615
69970,433699,21609,208619,15575,412088,110992,53377,57615
69975,433730,21610,208634,15575,412119,110992,53377,57615
69980,433761,21612,208647,15576,412149,110992,53377,57615
69985,433792,21614,208666,15578,412177,110992,53377,57615
69990,433823,21615,208684,15578,412208,110992,53377,57615
69995,433854,21616,208697,15579,412238,110992,53377,57615
70000,433885,21617,208710,15580,412268,110992,53377,57615
70005,433916,21618,208722,15581,412298,110992,53377,57615
70010,433947,21620,208738,15582,412327,110992,53377,57615
70015,433978,21621,208752,15583,412356,110992,53377,57615
70020,434009,21623,208769,15584,412386,110992,53377,57615
70025,434040,21626,208784,15587,412414,110992,53377,57615
70030,434071,21628,208801,15588,412443,110992,53377,57615
70035,434102,21630,208816,15589,412472,110992,53377,57615
70040,434133,21632,208828,15590,412501,110992,53377,57615
70045,434164,21632,208843,15590,412532,110992,53377,57615
70050,434195,21633,208859,15590,412562,110992,53377,57615
70055,434226,21635,208875,15591,412591,110992,53377,57615
70060,434257,21636,208889,15592,412621,110992,53377,57615
70065,434288,21637,208902,15593,412651,110992,53377,57615
70070,434319,21638,208916,15594,412681,110992,53377,57615
70075,434350,21640,208932,15596,412710,110992,53377,57615
70080,434381,21644,208953,15600,412737,110992,53377,57615
70085,434412,21646,208970,15602,412766,110992,53377,57615
70090,434443,21648,208980,15604,412795,110992,53377,57615
70095,434474,21650,208993,15606,412824,110992,53377,57615
70100,434505,21653,209009,15608,412851,110992,53377,57615
70105,434536,21656,209023,15610,412880,110992,53377,57615
70110,434567,21656,209035,15610,412911,110992,53377,57615
70115,434598,21656,209050,15610,412941,110992,53377,57615
70120,434629,21656,209068,15610,412973,110992,53377,57615
70125,434660,21656,209080,15610,413002,110992,53377,57615
70130,434691,21656,209094,15610,413034,110992,53377,57615
70135,434722,21656,209109,15610,413063,110992,53377,57615
70140,434753,21656,209118,15610,413096,110992,53377,57615
70145,434784,21656,209134,15610,413126,110992,53377,57615
70150,434815,21656,209146,15610,413158,110992,53377,57615
70155,434846,21657,209163,15611,413188,110992,53377,57615
70160,434877,21658,209174,15612,413218,110992,53377,57615
70165,434908,21659,209186,15612,413248,110992,53377,57615
70170,434939,21660,209203,15613,413279,110992,53377,57615
70175,434970,21661,209220,15613,413309,110992,53377,57615
70180,435001,21662,209236,15613,413339,110992,53377,57615
70185,435032,21663,209257,15614,413369,110992,53377,57615
70190,435063,21664,209267,15614,413399,110992,53377,57615
70195,435094,21665,209282,15615,413429,110992,53377,57615
70200,435125,21666,209294,15615,413459,110992,53377,57615
70205,435156,21667,209304,15616,413489,110992,53377,57615
70210,435187,21668,209317,15616,413519,110992,53377,57615
70215,435218,21670,209329,15616,413548,110992,53377,57615
70220,435249,21672,209341,15616,413577,110992,53377,57615
70225,435280,21675,209357,15618,413605,110992,53377,57615
70230,435311,21678,209373,15621,413633,110992,53377,57615
70235,435342,21681,209391,15624,413661,110992,53377,57615
70240,435373,21683,209404,15625,413690,110992,53377,57615
70245,435404,21686,209416,15627,413718,110992,53377,57615
70250,435435,21690,209429,15630,413745,110992,53377,57615
70255,435466,21694,209441,15633,413772,110992,53377,57615
70260,435497,21697,209462,15636,413800,110992,53377,57615
70265,435528,21700,209478,15638,413828,110992,53377,57615
70270,435559,21704,209495,15640,413854,110992,53377,57615
70275,435590,21710,209513,15644,413878,110992,53377,57615
70280,435621,21718,209529,15652,413902,110992,53377,57615
70285,435652,21719,209541,15653,413932,110992,53377,57615
70290,435683,21721,209556,15655,413960,110992,53377,57615
70295,435714,21721,209573,15655,413991,110992,53377,57615
70300,435745,21721,209587,15655,414023,110992,53377,57615
70305,435776,21721,209599,15655,414055,110992,53377,57615
70310,435807,21721,209619,15655,414085,110992,53377,57615
70315,435838,21721,209637,15655,414116,110992,53377,57615
70320,435869,21721,209654,15655,414146,110992,53377,57615
70325,435900,21721,209669,15655,414178,110992,53377,57615
70330,435931,21721,209684,15655,414210,110992,53377,57615
70335,435962,21721,209698,15655,414241,110992,53377,57615
70340,435993,21721,209717,15655,414272,110992,53377,57615
70345,436024,21721,209734,15655,414303,110992,53377,57615
70350,436055,21721,209753,15655,414334,110992,53377,57615
70355,436086,21721,209768,15655,414365,110992,53377,57615
70360,436117,21721,209780,15655,414396,110992,53377,57615
70365,436148,21721,209798,15655,414427,110992,53377,57615
70370,436179,21721,209810,15655,414458,110992,53377,57615
70375,436210,21721,209824,15655,414489,110992,53377,57615
70380,436241,21721,209841,15655,414520,110992,53377,57615
70385,436272,21721,209854,15655,414551,110992,53377,57615
70390,436303,21723,209872,15657,414580,110992,53377,57615
70395,436334,21724,209883,15657,414610,110992,53377,57615
70400,436365,21726,209901,15659,414639,110992,53377,57615
70405,436396,21730,209919,15662,414666,110992,53377,57615
70410,436427,21732,209932,15664,414695,110992,53377,57615
70415,436458,21734,209945,15665,414724,110992,53377,57615
70420,436489,21738,209961,15667,414751,110992,53377,57615
70425,436520,21743,209978,15672,414777,110992,53377,57615
70430,436551,21747,209997,15676,414804,110992,53377,57615
70435,436582,21752,210017,15680,414830,110992,53377,57615
70440,436613,21757,210033,15683,414855,110992,53377,57615
70445,436644,21759,210046,15685,414885,110992,53377,57615
70450,436675,21760,210059,15686,414915,110992,53377,57615
70455,436706,21761,210076,15687,414945,110992,53377,57615
70460,436737,21762,210094,15687,414975,110992,53377,57615
70465,436768,21763,210109,15688,415003,110992,53377,57615
70470,436799,21764,210126,15689,415034,110992,53377,57615
70475,436830,21766,210142,15691,415063,110992,53377,57615
70480,436861,21768,210155,15693,415092,110992,53377,57615
70485,436892,21770,210168,15694,415121,110992,53377,57615
70490,436923,21773,210187,15696,415147,110992,53377,57615
70495,436954,21776,210201,15699,415175,110992,53377,57615
70500,436985,21776,210217,15699,415209,110992,53377,57615
70505,437016,21776,210230,15699,415240,110992,53377,57615
70510,437047,21776,210247,15699,415271,110992,53377,57615
70515,437078,21776,210262,15699,415302,110992,53377,57615
70520,437109,21776,210279,15699,415333,110992,53377,57615
70525,437140,21776,210293,15699,415364,110992,53377,57615
70530,437171,21776,210306,15699,415395,110992,53377,57615
70535,437202,21776,210321,15699,415426,110992,53377,57615
70540,437233,21776,210336,15699,415457,110992,53377,57615
70545,437264,21777,210351,15700,415487,110992,53377,57615
70550,437295,21778,210367,15700,415517,110992,53377,57615
70555,437326,21780,210388,15702,415546,110992,53377,57615
70560,437357,21781,210402,15703,415576,110992,53377,57615
70565,437388,21782,210416,15704,415606,110992,53377,57615
70570,437419,21783,210433,15705,415636,110992,53377,57615
70575,437450,21784,210453,15706,415666,110992,53377,57615
70580,437481,21786,210470,15708,415695,110992,53377,57615
70585,437512,21788,210487,15710,415724,110992,53377,57615
70590,437543,21789,210503,15710,415754,110992,53377,57615
70595,437574,21791,210521,15712,415783,110992,53377,57615
70600,437605,21794,210537,15714,415811,110992,53377,57615
70605,437636,21797,210550,15716,415839,110992,53377,57615
70610,437667,21800,210568,15718,415866,110992,53377,57615
70615,437698,21804,210580,15721,415894,110992,53377,57615
70620,437729,21807,210596,15724,415921,110992,53377,57615
70625,437760,21808,210614,15725,415947,110992,53377,57615
70630,437791,21809,210631,15726,415979,110992,53377,57615
70635,437822,21810,210648,15726,416010,110992,53377,57615
70640,437853,21811,210661,15726,416041,110992,53377,57615
70645,437884,21812,210677,15726,416070,110992,53377,57615
70650,437915,21813,210694,15727,416102,110992,53377,57615
70655,437946,21814,210713,15728,416132,110992,53377,57615
70660,437977,21815,210727,15729,416162,110992,53377,57615
70665,438008,21817,210743,15731,416191,110992,53377,57615
70670,438039,21819,210757,15732,416220,110992,53377,57615
70675,438070,21820,210772,15733,416250,110992,53377,57615
70680,438101,21822,210786,15734,416279,110992,53377,57615
70685,438132,21823,210799,15735,416309,110992,53377,57615
70690,438163,21825,210815,15737,416338,110992,53377,57615
70695,438194,21826,210829,15738,416368,110992,53377,57615
70700,438225,21828,210839,15739,416397,110992,53377,57615
70705,438256,21830,210854,15741,416426,110992,53377,57615
70710,438287,21832,210868,15743,416455,110992,53377,57615
70715,438318,21833,210886,15744,416485,110992,53377,57615
70720,438349,21834,210902,15745,416515,110992,53377,57615
70725,438380,21836,210918,15746,416544,110992,53377,57615
70730,438411,21839,210931,15747,416572,110992,53377,57615
70735,438442,21842,210946,15750,416600,110992,53377,57615
70740,438473,21844,210962,15751,416629,110992,53377,57615
70745,438504,21845,210975,15752,416659,110992,53377,57615
70750,438535,21848,210991,15755,416687,110992,53377,57615
70755,438566,21850,211009,15757,416716,110992,53377,57615
70760,438597,21852,211028,15759,416744,110992,53377,57615
70765,438628,21857,211042,15764,416771,110992,53377,57615
70770,438659,21860,211055,15766,416798,110992,53377,57615
70775,438690,21862,211070,15767,416827,110992,53377,57615
70780,438721,21862,211082,15767,416856,110992,53377,57615
70785,438752,21862,211096,15767,416888,110992,53377,57615
70790,438783,21862,211112,15767,416917,110992,53377,57615
70795,438814,21862,211130,15767,416951,110992,53377,57615
70800,438845,21862,211144,15767,416982,110992,53377,57615
70805,438876,21862,211161,15767,417013,110992,53377,57615
70810,438907,21862,211175,15767,417045,110992,53377,57615
70815,438938,21862,211195,15767,417076,110992,53377,57615
70820,438969,21862,211210,15767,417107,110992,53377,57615
70825,439000,21862,211225,15767,417138,110992,53377,57615
70830,439031,21862,211244,15767,417169,110992,53377,57615
70835,439062,21862,211259,15767,417200,110992,53377,57615
70840,439093,21862,211277,15767,417231,110992,53377,57615
70845,439124,21863,211295,15768,417261,110992,53377,57615
70850,439155,21864,211305,15768,417291,110992,53377,57615
70855,439186,21865,211318,15768,417321,110992,53377,57615
70860,439217,21866,211338,15769,417351,110992,53377,57615
70865,439248,21867,211348,15769,417381,110992,53377,57615
70870,439279,21868,211365,15769,417411,110992,53377,57615
70875,439310,21869,211380,15770,417441,110992,53377,57615
70880,439341,21872,211397,15772,417469,110992,53377,57615
70885,439372,21874,211412,15772,417498,110992,53377,57615
70890,439403,21876,211429,15774,417527,110992,53377,57615
70895,439434,21878,211445,15775,417556,110992,53377,57615
70900,439465,21882,211466,15779,417583,110992,53377,57615
70905,439496,21886,211483,15782,417610,110992,53377,57615
70910,439527,21891,211489,15785,417636,110992,53377,57615
70915,439558,21896,211506,15790,417662,110992,53377,57615
70920,439589,21899,211515,15792,417689,110992,53377,57615
70925,439620,21903,211529,15795,417717,110992,53377,57615
70930,439651,21906,211544,15797,417744,110992,53377,57615
70935,439682,21910,211559,15801,417770,110992,53377,57615
70940,439713,21911,211573,15802,417801,110992,53377,57615
70945,439744,21913,211590,15804,417829,110992,53377,57615
70950,439775,21915,211604,15805,417859,110992,53377,57615
70955,439806,21917,211621,15807,417887,110992,53377,57615
70960,439837,21919,211633,15809,417918,110992,53377,57615
70965,439868,21922,211649,15812,417945,110992,53377,57615
70970,439899,21922,211666,15812,417976,110992,53377,57615
70975,439930,21922,211682,15812,418006,110992,53377,57615
70980,439961,21922,211698,15812,418039,110992,53377,57615
70985,439992,21922,211711,15812,418070,110992,53377,57615
70990,440023,21922,211728,15812,418101,110992,53377,57615
70995,440054,21922,211735,15812,418132,110992,53377,57615
71000,440085,21922,211752,15812,418163,110992,53377,57615
71005,440116,21922,211768,15812,418194,110992,53377,57615
71010,440147,21922,211782,15812,418225,110992,53377,57615
71015,440178,21922,211799,15812,418256,110992,53377,57615
71020,440209,21922,211819,15812,418287,110992,53377,57615
71025,440240,21922,211829,15812,418318,110992,53377,57615
71030,440271,21922,211846,15812,418349,110992,53377,57615
71035,440302,21922,211856,15812,418380,110992,53377,57615
71040,440333,21923,211870,15813,418410,110992,53377,57615
71045,440364,21925,211887,15814,418439,110992,53377,57615
71050,440395,21927,211900,15815,418468,110992,53377,57615
71055,440426,21929,211917,15816,418497,110992,53377,57615
71060,440457,21931,211935,15817,418526,110992,53377,57615
71065,440488,21932,211948,15817,418556,110992,53377,57615
71070,440519,21935,211965,15820,418584,110992,53377,57615
71075,440550,21940,211986,15825,418610,110992,53377,57615
71080,440581,21943,211999,15828,418637,110992,53377,57615
71085,440612,21946,212013,15830,418666,110992,53377,57615
71090,440643,21947,212032,15831,418695,110992,53377,57615
71095,440674,21948,212046,15832,418725,110992,53377,57615
71100,440705,21949,212052,15833,418756,110992,53377,57615
71105,440736,21950,212070,15834,418785,110992,53377,57615
71110,440767,21951,212084,15835,418816,110992,53377,57615
71115,440798,21952,212096,15835,418846,110992,53377,57615
71120,440829,21953,212111,15835,418875,110992,53377,57615
71125,440860,21954,212128,15835,418902,110992,53377,57615
71130,440891,21955,212145,15836,418932,110992,53377,57615
71135,440922,21956,212162,15836,418966,110992,53377,57615
71140,440953,21957,212180,15836,418995,110992,53377,57615
71145,440984,21958,212193,15836,419025,110992,53377,57615
71150,441015,21961,212209,15838,419053,110992,53377,57615
71155,441046,21964,212226,15841,419081,110992,53377,57615
71160,441077,21966,212238,15843,419110,110992,53377,57615
71165,441108,21967,212259,15843,419141,110992,53377,57615
71170,441139,21968,212274,15843,419171,110992,53377,57615
71175,441170,21971,212289,15846,419199,110992,53377,57615
71180,441201,21972,212303,15846,419229,110992,53377,57615
71185,441232,21974,212316,15847,419258,110992,53377,57615
71190,441263,21976,212333,15848,419287,110992,53377,57615
71195,441294,21979,212346,15849,419315,110992,53377,57615
71200,441325,21981,212358,15850,419344,110992,53377,57615
71205,441356,21984,212375,15852,419372,110992,53377,57615
71210,441387,21987,212391,15853,419400,110992,53377,57615
71215,441418,21988,212406,15853,419430,110992,53377,57615
71220,441449,21990,212422,15855,419459,110992,53377,57615
71225,441480,21992,212439,15857,419488,110992,53377,57615
71230,441511,21994,212453,15859,419517,110992,53377,57615
71235,441542,21995,212469,15859,419547,110992,53377,57615
71240,441573,21998,212487,15862,419575,110992,53377,57615
71245,441604,22000,212502,15864,419604,110992,53377,57615
71250,441635,22002,212518,15866,419633,110992,53377,57615
71255,441666,22004,212532,15868,419662,110992,53377,57615
71260,441697,22006,212549,15870,419691,110992,53377,57615
71265,441728,22009,212563,15872,419718,110992,53377,57615
71270,441759,22009,212575,15872,419750,110992,53377,57615
71275,441790,22009,212585,15872,419779,110992,53377,57615
71280,441821,22009,212600,15872,419810,110992,53377,57615
71285,441852,22009,212615,15872,419840,110992,53377,57615
71290,441883,22009,212630,15872,419873,110992,53377,57615
71295,441914,22009,212643,15872,419904,110992,53377,57615
71300,441945,22009,212659,15872,419934,110992,53377,57615
71305,441976,22009,212673,15872,419966,110992,53377,57615
71310,442007,22009,212686,15872,419998,110992,53377,57615
71315,442038,22009,212702,15872,420028,110992,53377,57615
71320,442069,22009,212715,15872,420060,110992,53377,57615
71325,442100,22010,212734,15872,420090,110992,53377,57615
71330,442131,22011,212751,15872,420120,110992,53377,57615
71335,442162,22012,212767,15872,420150,110992,53377,57615
71340,442193,22013,212777,15872,420180,110992,53377,57615
71345,442224,22014,212791,15872,420210,110992,53377,57615
71350,442255,22015,212804,15872,420240,110992,53377,57615
71355,442286,22016,212817,15873,420270,110992,53377,57615
71360,442317,22017,212831,15874,420300,110992,53377,57615
71365,442348,22018,212846,15874,420330,110992,53377,57615
71370,442379,22019,212862,15875,420360,110992,53377,57615
71375,442410,22022,212878,15876,420388,110992,53377,57615
71380,442441,22025,212893,15879,420416,110992,53377,57615
71385,442472,22028,212907,15881,420444,110992,53377,57615
71390,442503,22031,212924,15884,420472,110992,53377,57615
71395,442534,22034,212939,15887,420500,110992,53377,57615
71400,442565,22038,212951,15889,420527,110992,53377,57615
71405,442596,22041,212968,15890,420555,110992,53377,57615
71410,442627,22044,212980,15892,420583,110992,53377,57615
71415,442658,22048,212991,15896,420610,110992,53377,57615
71420,442689,22052,213003,15899,420637,110992,53377,57615
71425,442720,22056,213021,15902,420664,110992,53377,57615
71430,442751,22059,213030,15903,420691,110992,53377,57615
71435,442782,22062,213045,15906,420720,110992,53377,57615
71440,442813,22063,213064,15907,420749,110992,53377,57615
71445,442844,22064,213077,15908,420779,110992,53377,57615
71450,442875,22067,213095,15910,420806,110992,53377,57615
71455,442906,22068,213107,15911,420835,110992,53377,57615
71460,442937,22070,213122,15912,420866,110992,53377,57615
71465,442968,22072,213138,15913,420895,110992,53377,57615
71470,442999,22072,213151,15913,420925,110992,53377,57615
71475,443030,22072,213168,15913,420958,110992,53377,57615
71480,443061,22072,213180,15913,420988,110992,53377,57615
71485,443092,22072,213198,15913,421019,110992,53377,57615
71490,443123,22072,213213,15913,421050,110992,53377,57615
71495,443154,22072,213224,15913,421082,110992,53377,57615
71500,443185,22072,213238,15913,421113,110992,53377,57615
71505,443216,22072,213253,15913,421144,110992,53377,57615
71510,443247,22072,213268,15913,421174,110992,53377,57615
71515,443278,22072,213278,15913,421206,110992,53377,57615
71520,443309,22072,213290,15913,421237,110992,53377,57615
71525,443340,22072,213307,15913,421268,110992,53377,57615
71530,443371,22072,213321,15913,421299,110992,53377,57615
71535,443402,22072,213338,15913,421330,110992,53377,57615
71540,443433,22072,213358,15913,421361,110992,53377,57615
71545,443464,22073,213373,15914,421391,110992,53377,57615
71550,443495,22075,213395,15915,421420,110992,53377,57615
71555,443526,22076,213405,15916,421450,110992,53377,57615
71560,443557,22078,213418,15918,421479,110992,53377,57615
71565,443588,22079,213433,15919,421509,110992,53377,57615
71570,443619,22080,213443,15920,421539,110992,53377,57615
71575,443650,22082,213455,15922,421568,110992,53377,57615
71580,443681,22085,213471,15924,421596,110992,53377,57615
71585,443712,22087,213485,15926,421625,110992,53377,57615
71590,443743,22090,213501,15928,421653,110992,53377,57615
71595,443774,22093,213513,15930,421681,110992,53377,57615
71600,443805,22096,213527,15931,421709,110992,53377,57615
71605,443836,22099,213539,15933,421737,110992,53377,57615
71610,443867,22101,213552,15934,421766,110992,53377,57615
71615,443898,22103,213568,15934,421795,110992,53377,57615
71620,443929,22106,213587,15936,421823,110992,53377,57615
71625,443960,22109,213602,15937,421849,110992,53377,57615
71630,443991,22116,213615,15942,421873,110992,53377,57615
71635,444022,22118,213624,15944,421901,110992,53377,57615
71640,444053,22120,213636,15946,421929,110992,53377,57615
71645,444084,22122,213653,15948,421960,110992,53377,57615
71650,444115,22124,213668,15950,421991,110992,53377,57615
71655,444146,22126,213684,15951,422019,110992,53377,57615
71660,444177,22129,213697,15953,422048,110992,53377,57615
71665,444208,22131,213713,15954,422076,110992,53377,57615
71670,444239,22133,213726,15956,422106,110992,53377,57615
71675,444270,22133,213739,15956,422137,110992,53377,57615
71680,444301,22133,213753,15956,422168,110992,53377,57615
71685,444332,22133,213765,15956,422199,110992,53377,57615
71690,444363,22133,213779,15956,422230,110992,53377,57615
71695,444394,22133,213788,15956,422261,110992,53377,57615
71700,444425,22133,213808,15956,422292,110992,53377,57615
71705,444456,22133,213822,15956,422323,110992,53377,57615
71710,444487,22133,213835,15956,422354,110992,53377,57615
71715,444518,22133,213851,15956,422385,110992,53377,57615
71720,444549,22133,213862,15956,422416,110992,53377,57615
71725,444580,22133,213876,15956,422447,110992,53377,57615
71730,444611,22133,213888,15956,422478,110992,53377,57615
71735,444642,22133,213907,15956,422509,110992,53377,57615
71740,444673,22135,213922,15957,422538,110992,53377,57615
71745,444704,22137,213933,15958,422567,110992,53377,57615
71750,444735,22140,213945,15960,422595,110992,53377,57615
71755,444766,22143,213964,15963,422623,110992,53377,57615
71760,444797,22145,213982,15964,422652,110992,53377,57615
71765,444828,22147,213995,15965,422681,110992,53377,57615
71770,444859,22150,214006,15967,422708,110992,53377,57615
71775,444890,22153,214019,15970,422737,110992,53377,57615
71780,444921,22154,214034,15971,422766,110992,53377,57615
71785,444952,22155,214050,15971,422795,110992,53377,57615
71790,444983,22156,214065,15971,422826,110992,53377,57615
71795,445014,22157,214081,15972,422854,110992,53377,57615
71800,445045,22158,214095,15972,422885,110992,53377,57615
71805,445076,22159,214111,15972,422916,110992,53377,57615
71810,445107,22160,214124,15972,422944,110992,53377,57615
71815,445138,22161,214141,15973,422976,110992,53377,57615
71820,445169,22162,214158,15973,423005,110992,53377,57615
71825,445200,22163,214169,15973,423037,110992,53377,57615
71830,445231,22164,214186,15973,423067,110992,53377,57615
71835,445262,22165,214201,15973,423097,110992,53377,57615
71840,445293,22166,214215,15974,423127,110992,53377,57615
71845,445324,22167,214228,15975,423157,110992,53377,57615
71850,445355,22169,214245,15976,423186,110992,53377,57615
71855,445386,22170,214260,15977,423216,110992,53377,57615
71860,445417,22171,214274,15977,423246,110992,53377,57615
71865,445448,22173,214288,15978,423275,110992,53377,57615
71870,445479,22174,214304,15979,423305,110992,53377,57615
71875,445510,22175,214321,15980,423335,110992,53377,57615
71880,445541,22179,214334,15984,423362,110992,53377,57615
71885,445572,22182,214348,15986,423390,110992,53377,57615
71890,445603,22184,214360,15986,423419,110992,53377,57615
71895,445634,22187,214374,15987,423447,110992,53377,57615
71900,445665,22190,214388,15989,423475,110992,53377,57615
71905,445696,22192,214402,15989,423504,110992,53377,57615
71910,445727,22195,214422,15992,423532,110992,53377,57615
71915,445758,22200,214437,15996,423558,110992,53377,57615
71920,445789,22203,214453,15999,423586,110992,53377,57615
71925,445820,22208,214470,16002,423612,110992,53377,57615
71930,445851,22213,214480,16006,423638,110992,53377,57615
71935,445882,22215,214494,16008,423667,110992,53377,57615
71940,445913,22217,214512,16010,423695,110992,53377,57615
71945,445944,22219,214529,16012,423723,110992,53377,57615
71950,445975,22219,214543,16012,423755,110992,53377,57615
71955,446006,22219,214556,16012,423786,110992,53377,57615
71960,446037,22219,214571,16012,423817,110992,53377,57615
71965,446068,22219,214587,16012,423849,110992,53377,57615
71970,446099,22219,214607,16012,423877,110992,53377,57615
71975,446130,22219,214621,16012,423909,110992,53377,57615
71980,446161,22219,214633,16012,423942,110992,53377,57615
71985,446192,22219,214651,16012,423972,110992,53377,57615
71990,446223,22219,214667,16012,424003,110992,53377,57615
71995,446254,22219,214675,16012,424035,110992,53377,57615
72000,446285,22219,214691,16012,424064,110992,53377,57615
72005,446316,22219,214700,16012,424096,110992,53377,57615
72010,446347,22219,214717,16012,424128,110992,53377,57615
72015,446378,22219,214730,16012,424159,110992,53377,57615
72020,446409,22219,214750,16012,424190,110992,53377,57615
72025,446440,22219,214766,16012,424221,110992,53377,57615
72030,446471,22219,214785,16012,424252,110992,53377,57615
72035,446502,22219,214805,16012,424283,110992,53377,57615
72040,446533,22219,214822,16012,424314,110992,53377,57615
72045,446564,22220,214839,16013,424344,110992,53377,57615
72050,446595,22221,214853,16013,424374,110992,53377,57615
72055,446626,22223,214863,16015,424403,110992,53377,57615
72060,446657,22225,214879,16016,424432,110992,53377,57615
72065,446688,22228,214897,16018,424460,110992,53377,57615
72070,446719,22230,214910,16019,424489,110992,53377,57615
72075,446750,22233,214929,16022,424517,110992,53377,57615
72080,446781,22236,214942,16023,424545,110992,53377,57615
72085,446812,22240,214958,16027,424572,110992,53377,57615
72090,446843,22243,214975,16029,424600,110992,53377,57615
72095,446874,22247,214984,16031,424627,110992,53377,57615
72100,446905,22251,215004,16033,424654,110992,53377,57615
72105,446936,22254,215017,16035,424682,110992,53377,57615
72110,446967,22257,215030,16038,424709,110992,53377,57615
72115,446998,22258,215047,16038,424739,110992,53377,57615
72120,447029,22259,215062,16039,424769,110992,53377,57615
72125,447060,22262,215075,16042,424797,110992,53377,57615
72130,447091,22264,215088,16044,424827,110992,53377,57615
72135,447122,22265,215103,16045,424857,110992,53377,57615
72140,447153,22268,215121,16048,424885,110992,53377,57615
72145,447184,22269,215135,16049,424915,110992,53377,57615
72150,447215,22271,215146,16051,424943,110992,53377,57615
72155,447246,22274,215163,16054,424972,110992,53377,57615
72160,447277,22276,215179,16056,424999,110992,53377,57615
72165,447308,22279,215197,16059,425028,110992,53377,57615
72170,447339,22280,215211,16060,425058,110992,53377,57615
72175,447370,22282,215229,16061,425087,110992,53377,57615
72180,447401,22282,215241,16061,425118,110992,53377,57615
72185,447432,22282,215264,16061,425148,110992,53377,57615
72190,447463,22282,215275,16061,425180,110992,53377,57615
72195,447494,22282,215287,16061,425211,110992,53377,57615
72200,447525,22282,215301,16061,425242,110992,53377,57615
72205,447556,22282,215316,16061,425274,110992,53377,57615
72210,447587,22282,215334,16061,425305,110992,53377,57615
72215,447618,22282,215349,16061,425336,110992,53377,57615
72220,447649,22284,215362,16062,425365,110992,53377,57615
72225,447680,22285,215374,16062,425394,110992,53377,57615
72230,447711,22286,215388,16063,425425,110992,53377,57615
72235,447742,22288,215402,16065,425454,110992,53377,57615
72240,447773,22289,215417,16066,425484,110992,53377,57615
72245,447804,22290,215432,16066,425514,110992,53377,57615
72250,447835,22292,215448,16068,425543,110992,53377,57615
72255,447866,22294,215466,16070,425572,110992,53377,57615
72260,447897,22296,215482,16072,425601,110992,53377,57615
72265,447928,22298,215495,16073,425630,110992,53377,57615
72270,447959,22301,215511,16075,425658,110992,53377,57615
72275,447990,22302,215522,16075,425688,110992,53377,57615
72280,448021,22303,215535,16075,425718,110992,53377,57615
72285,448052,22304,215547,16075,425748,110992,53377,57615
72290,448083,22306,215561,16076,425777,110992,53377,57615
72295,448114,22309,215575,16077,425805,110992,53377,57615
72300,448145,22311,215586,16078,425834,110992,53377,57615
72305,448176,22314,215605,16081,425862,110992,53377,57615
72310,448207,22317,215620,16082,425890,110992,53377,57615
72315,448238,22318,215633,16082,425919,110992,53377,57615
72320,448269,22319,215649,16083,425949,110992,53377,57615
72325,448300,22320,215665,16083,425979,110992,53377,57615
72330,448331,22321,215683,16084,426010,110992,53377,57615
72335,448362,22322,215699,16085,426039,110992,53377,57615
72340,448393,22323,215717,16085,426069,110992,53377,57615
72345,448424,22324,215737,16086,426098,110992,53377,57615
72350,448455,22325,215755,16087,426128,110992,53377,57615
72355,448486,22326,215769,16087,426159,110992,53377,57615
72360,448517,22327,215787,16087,426188,110992,53377,57615
72365,448548,22328,215805,16088,426219,110992,53377,57615
72370,448579,22329,215820,16088,426248,110992,53377,57615
72375,448610,22330,215835,16088,426279,110992,53377,57615
72380,448641,22331,215845,16088,426310,110992,53377,57615
72385,448672,22332,215859,16088,426340,110992,53377,57615
72390,448703,22333,215877,16088,426369,110992,53377,57615
72395,448734,22334,215887,16088,426400,110992,53377,57615
72400,448765,22335,215899,16088,426430,110992,53377,57615
72405,448796,22338,215913,16090,426458,110992,53377,57615
72410,448827,22340,215927,16091,426487,110992,53377,57615
72415,448858,22341,215941,16092,426517,110992,53377,57615
72420,448889,22344,215957,16093,426545,110992,53377,57615
72425,448920,22348,215972,16096,426572,110992,53377,57615
72430,448951,22351,215986,16098,426600,110992,53377,57615
72435,448982,22355,216002,16101,426627,110992,53377,57615
72440,449013,22358,216019,16103,426655,110992,53377,57615
72445,449044,22363,216037,16108,426681,110992,53377,57615
72450,449075,22365,216055,16110,426710,110992,53377,57615
72455,449106,22367,216069,16111,426739,110992,53377,57615
72460,449137,22370,216082,16114,426767,110992,53377,57615
72465,449168,22372,216097,16115,426796,110992,53377,57615
72470,449199,22374,216110,16116,426825,110992,53377,57615
72475,449230,22377,216129,16118,426853,110992,53377,57615
72480,449261,22378,216146,16118,426883,110992,53377,57615
72485,449292,22378,216160,16118,426914,110992,53377,57615
72490,449323,22378,216180,16118,426944,110992,53377,57615
72495,449354,22378,216197,16118,426975,110992,53377,57615
72500,449385,22378,216212,16118,427006,110992,53377,57615
72505,449416,22378,216230,16118,427036,110992,53377,57615
72510,449447,22378,216244,16118,427067,110992,53377,57615
72515,449478,22378,216260,16118,427099,110992,53377,57615
72520,449509,22378,216275,16118,427129,110992,53377,57615
72525,449540,22378,216286,16118,427161,110992,53377,57615
72530,449571,22378,216298,16118,427192,110992,53377,57615
72535,449602,22378,216312,16118,427221,110992,53377,57615
72540,449633,22378,216326,16118,427254,110992,53377,57615
72545,449664,22378,216348,16118,427286,110992,53377,57615
72550,449695,22378,216362,16118,427317,110992,53377,57615
72555,449726,22379,216377,16118,427347,110992,53377,57615
72560,449757,22380,216394,16118,427377,110992,53377,57615
72565,449788,22381,216412,16119,427407,110992,53377,57615
72570,449819,22382,216428,16119,427437,110992,53377,57615
72575,449850,22383,216437,16120,427467,110992,53377,57615
72580,449881,22384,216453,16120,427497,110992,53377,57615
72585,449912,22385,216467,16120,427527,110992,53377,57615
72590,449943,22388,216480,16121,427555,110992,53377,57615
72595,449974,22390,216500,16122,427584,110992,53377,57615
72600,450005,22392,216518,16123,427613,110992,53377,57615
72605,450036,22395,216531,16124,427641,110992,53377,57615
72610,450067,22397,216544,16125,427670,110992,53377,57615
72615,450098,22399,216558,16127,427699,110992,53377,57615
72620,450129,22402,216574,16130,427727,110992,53377,57615
72625,450160,22404,216585,16130,427756,110992,53377,57615
72630,450191,22407,216604,16132,427784,110992,53377,57615
72635,450222,22410,216617,16134,427812,110992,53377,57615
72640,450253,22414,216627,16136,427839,110992,53377,57615
72645,450284,22419,216645,16139,427865,110992,53377,57615
72650,450315,22423,216661,16141,427891,110992,53377,57615
72655,450346,22429,216677,16146,427917,110992,53377,57615
72660,450377,22431,216688,16146,427946,110992,53377,57615
72665,450408,22434,216705,16149,427973,110992,53377,57615
72670,450439,22436,216718,16150,428002,110992,53377,57615
72675,450470,22437,216734,16151,428032,110992,53377,57615
72680,450501,22440,216750,16153,428060,110992,53377,57615
72685,450532,22442,216766,16155,428088,110992,53377,57615
72690,450563,22442,216775,16155,428118,110992,53377,57615
72695,450594,22442,216795,16155,428152,110992,53377,57615
72700,450625,22442,216812,16155,428183,110992,53377,57615
72705,450656,22442,216833,16155,428213,110992,53377,57615
72710,450687,22442,216848,16155,428244,110992,53377,57615
72715,450718,22442,216866,16155,428274,110992,53377,57615
72720,450749,22442,216883,16155,428307,110992,53377,57615
72725,450780,22442,216894,16155,428338,110992,53377,57615
72730,450811,22442,216910,16155,428369,110992,53377,57615
72735,450842,22442,216924,16155,428400,110992,53377,57615
72740,450873,22442,216944,16155,428431,110992,53377,57615
72745,450904,22442,216952,16155,428462,110992,53377,57615
72750,450935,22442,216966,16155,428493,110992,53377,57615
72755,450966,22442,216977,16155,428524,110992,53377,57615
72760,450997,22442,216993,16155,428555,110992,53377,57615
72765,451028,22442,217004,16155,428586,110992,53377,57615
72770,451059,22443,217016,16156,428616,110992,53377,57615
72775,451090,22444,217032,16157,428646,110992,53377,57615
72780,451121,22446,217043,16158,428675,110992,53377,57615
72785,451152,22448,217058,16159,428704,110992,53377,57615
72790,451183,22450,217073,16161,428733,110992,53377,57615
72795,451214,22453,217087,16163,428761,110992,53377,57615
72800,451245,22455,217105,16164,428790,110992,53377,57615
72805,451276,22458,217121,16165,428818,110992,53377,57615
72810,451307,22462,217138,16168,428845,110992,53377,57615
72815,451338,22466,217150,16171,428872,110992,53377,57615
72820,451369,22471,217163,16175,428898,110992,53377,57615
72825,451400,22472,217179,16176,428927,110992,53377,57615
72830,451431,22473,217200,16176,428958,110992,53377,57615
72835,451462,22474,217215,16176,428987,110992,53377,57615
72840,451493,22475,217227,16177,429017,110992,53377,57615
72845,451524,22476,217246,16178,429047,110992,53377,57615
72850,451555,22478,217256,16180,429074,110992,53377,57615
72855,451586,22479,217268,16180,429106,110992,53377,57615
72860,451617,22480,217283,16181,429136,110992,53377,57615
72865,451648,22481,217293,16181,429166,110992,53377,57615
72870,451679,22483,217309,16183,429196,110992,53377,57615
72875,451710,22485,217330,16184,429224,110992,53377,57615
72880,451741,22486,217342,16184,429255,110992,53377,57615
72885,451772,22487,217357,16185,429284,110992,53377,57615
72890,451803,22489,217367,16186,429314,110992,53377,57615
72895,451834,22492,217380,16189,429342,110992,53377,57615
72900,451865,22495,217390,16191,429370,110992,53377,57615
72905,451896,22496,217401,16191,429400,110992,53377,57615
72910,451927,22498,217416,16193,429429,110992,53377,57615
72915,451958,22500,217432,16195,429458,110992,53377,57615
72920,451989,22502,217446,16196,429487,110992,53377,57615
72925,452020,22502,217460,16196,429518,110992,53377,57615
72930,452051,22503,217477,16197,429548,110992,53377,57615
72935,452082,22504,217491,16198,429578,110992,53377,57615
72940,452113,22505,217503,16198,429608,110992,53377,57615
72945,452144,22506,217522,16198,429638,110992,53377,57615
72950,452175,22507,217534,16199,429668,110992,53377,57615
72955,452206,22509,217547,16201,429697,110992,53377,57615
72960,452237,22510,217563,16201,429727,110992,53377,57615
72965,452268,22512,217586,16203,429756,110992,53377,57615
72970,452299,22514,217601,16205,429785,110992,53377,57615
72975,452330,22516,217617,16206,429814,110992,53377,57615
72980,452361,22517,217634,16207,429844,110992,53377,57615
72985,452392,22520,217647,16210,429872,110992,53377,57615
72990,452423,22523,217659,16212,429900,110992,53377,57615
72995,452454,22525,217671,16213,429929,110992,53377,57615
73000,452485,22528,217679,16215,429957,110992,53377,57615
73005,452516,22530,217692,16216,429983,110992,53377,57615
73010,452547,22530,217709,16216,430014,110992,53377,57615
73015,452578,22530,217720,16216,430046,110992,53377,57615
73020,452609,22530,217735,16216,430079,110992,53377,57615
73025,452640,22530,217750,16216,430108,110992,53377,57615
73030,452671,22530,217763,16216,430139,110992,53377,57615
73035,452702,22531,217775,16217,430171,110992,53377,57615
73040,452733,22532,217789,16217,430199,110992,53377,57615
73045,452764,22533,217799,16217,430230,110992,53377,57615
73050,452795,22534,217817,16217,430261,110992,53377,57615
73055,452826,22535,217833,16217,430291,110992,53377,57615
73060,452857,22536,217847,16218,430321,110992,53377,57615
73065,452888,22537,217861,16218,430351,110992,53377,57615
73070,452919,22538,217875,16218,430381,110992,53377,57615
73075,452950,22539,217889,16219,430411,110992,53377,57615
73080,452981,22540,217902,16220,430441,110992,53377,57615
73085,453012,22541,217918,16221,430471,110992,53377,57615
73090,453043,22542,217933,16222,430501,110992,53377,57615
73095,453074,22543,217946,16223,430531,110992,53377,57615
73100,453105,22544,217965,16224,430561,110992,53377,57615
73105,453136,22545,217981,16225,430591,110992,53377,57615
73110,453167,22546,217994,16225,430621,110992,53377,57615
73115,453198,22548,218010,16225,430650,110992,53377,57615
73120,453229,22550,218028,16227,430679,110992,53377,57615
73125,453260,22552,218045,16229,430708,110992,53377,57615
73130,453291,22555,218056,16231,430736,110992,53377,57615
73135,453322,22558,218068,16234,430764,110992,53377,57615
73140,453353,22562,218084,16237,430791,110992,53377,57615
73145,453384,22566,218097,16240,430818,110992,53377,57615
73150,453415,22569,218113,16243,430845,110992,53377,57615
73155,453446,22572,218123,16245,430872,110992,53377,57615
73160,453477,22577,218139,16249,430898,110992,53377,57615
73165,453508,22583,218155,16253,430924,110992,53377,57615
73170,453539,22588,218173,16257,430949,110992,53377,57615
73175,453570,22592,218184,16260,430977,110992,53377,57615
73180,453601,22594,218199,16261,431007,110992,53377,57615
73185,453632,22597,218218,16264,431030,110992,53377,57615
73190,453663,22597,218231,16264,431065,110992,53377,57615
73195,453694,22597,218249,16264,431096,110992,53377,57615
73200,453725,22597,218267,16264,431128,110992,53377,57615
73205,453756,22597,218282,16264,431159,110992,53377,57615
73210,453787,22597,218297,16264,431190,110992,53377,57615
73215,453818,22597,218309,16264,431221,110992,53377,57615
73220,453849,22597,218324,16264,431252,110992,53377,57615
73225,453880,22597,218341,16264,431283,110992,53377,57615
73230,453911,22597,218352,16264,431314,110992,53377,57615
73235,453942,22597,218368,16264,431345,110992,53377,57615
73240,453973,22597,218380,16264,431376,110992,53377,57615
73245,454004,22597,218393,16264,431407,110992,53377,57615
73250,454035,22597,218408,16264,431438,110992,53377,57615
73255,454066,22597,218418,16264,431469,110992,53377,57615
73260,454097,22597,218436,16264,431500,110992,53377,57615
73265,454128,22597,218450,16264,431531,110992,53377,57615
73270,454159,22597,218463,16264,431562,110992,53377,57615
73275,454190,22597,218480,16264,431593,110992,53377,57615
73280,454221,22597,218496,16264,431624,110992,53377,57615
73285,454252,22598,218513,16265,431654,110992,53377,57615
73290,454283,22599,218533,16266,431684,110992,53377,57615
73295,454314,22602,218548,16267,431712,110992,53377,57615
73300,454345,22606,218567,16271,431738,110992,53377,57615
73305,454376,22610,218578,16274,431765,110992,53377,57615
73310,454407,22616,218593,16280,431790,110992,53377,57615
73315,454438,22620,218605,16284,431816,110992,53377,57615
73320,454469,22625,218621,16288,431843,110992,53377,57615
73325,454500,22626,218634,16289,431873,110992,53377,57615
73330,454531,22627,218646,16290,431904,110992,53377,57615
73335,454562,22628,218661,16291,431933,110992,53377,57615
73340,454593,22630,218678,16293,431962,110992,53377,57615
73345,454624,22631,218695,16294,431992,110992,53377,57615
73350,454655,22632,218712,16294,432023,110992,53377,57615
73355,454686,22633,218723,16294,432053,110992,53377,57615
73360,454717,22634,218736,16294,432083,110992,53377,57615
73365,454748,22637,218754,16296,432111,110992,53377,57615
73370,454779,22639,218769,16297,432139,110992,53377,57615
73375,454810,22642,218788,16300,432167,110992,53377,57615
73380,454841,22644,218802,16302,432196,110992,53377,57615
73385,454872,22646,218819,16304,432225,110992,53377,57615
73390,454903,22648,218831,16305,432254,110992,53377,57615
73395,454934,22650,218844,16307,432283,110992,53377,57615
73400,454965,22652,218857,16308,432313,110992,53377,57615
73405,454996,22652,218870,16308,432344,110992,53377,57615
73410,455027,22652,218885,16308,432375,110992,53377,57615
73415,455058,22652,218901,16308,432406,110992,53377,57615
73420,455089,22652,218917,16308,432437,110992,53377,57615
73425,455120,22654,218933,16310,432466,110992,53377,57615
73430,455151,22655,218941,16310,432496,110992,53377,57615
73435,455182,22656,218954,16310,432526,110992,53377,57615
73440,455213,22658,218970,16311,432555,110992,53377,57615
73445,455244,22660,218988,16312,432584,110992,53377,57615
73450,455275,22662,219003,16314,432613,110992,53377,57615
73455,455306,22663,219017,16314,432643,110992,53377,57615
73460,455337,22665,219032,16315,432672,110992,53377,57615
73465,455368,22667,219044,16316,432701,110992,53377,57615
73470,455399,22671,219064,16320,432728,110992,53377,57615
73475,455430,22673,219077,16321,432757,110992,53377,57615
73480,455461,22675,219095,16322,432786,110992,53377,57615
73485,455492,22677,219111,16323,432815,110992,53377,57615
73490,455523,22677,219128,16323,432846,110992,53377,57615
73495,455554,22677,219148,16323,432877,110992,53377,57615
73500,455585,22677,219162,16323,432908,110992,53377,57615
73505,455616,22677,219173,16323,432939,110992,53377,57615
73510,455647,22677,219187,16323,432970,110992,53377,57615
73515,455678,22678,219204,16323,433000,110992,53377,57615
73520,455709,22679,219219,16324,433030,110992,53377,57615
73525,455740,22680,219237,16324,433059,110992,53377,57615
73530,455771,22681,219250,16325,433089,110992,53377,57615
73535,455802,22682,219263,16325,433119,110992,53377,57615
73540,455833,22683,219279,16326,433150,110992,53377,57615
73545,455864,22684,219293,16326,433179,110992,53377,57615
73550,455895,22685,219308,16326,433209,110992,53377,57615
73555,455926,22686,219318,16327,433239,110992,53377,57615
73560,455957,22687,219332,16328,433269,110992,53377,57615
73565,455988,22688,219347,16329,433299,110992,53377,57615
73570,456019,22689,219364,16329,433329,110992,53377,57615
73575,456050,22690,219381,16330,433360,110992,53377,57615
73580,456081,22691,219396,16330,433390,110992,53377,57615
73585,456112,22693,219412,16331,433419,110992,53377,57615
73590,456143,22694,219425,16331,433448,110992,53377,57615
73595,456174,22697,219437,16334,433477,110992,53377,57615
73600,456205,22699,219452,16336,433505,110992,53377,57615
73605,456236,22702,219469,16339,433534,110992,53377,57615
73610,456267,22706,219487,16342,433561,110992,53377,57615
73615,456298,22708,219501,16342,433590,110992,53377,57615
73620,456329,22711,219514,16343,433618,110992,53377,57615
73625,456360,22714,219531,16346,433646,110992,53377,57615
73630,456391,22717,219544,16348,433674,110992,53377,57615
73635,456422,22720,219562,16350,433702,110992,53377,57615
73640,456453,22723,219578,16351,433730,110992,53377,57615
73645,456484,22727,219591,16355,433757,110992,53377,57615
73650,456515,22731,219603,16357,433784,110992,53377,57615
73655,456546,22733,219616,16359,433813,110992,53377,57615
73660,456577,22735,219632,16361,433842,110992,53377,57615
73665,456608,22736,219643,16362,433872,110992,53377,57615
73670,456639,22738,219657,16363,433901,110992,53377,57615
73675,456670,22740,219670,16365,433930,110992,53377,57615
73680,456701,22743,219683,16367,433958,110992,53377,57615
73685,456732,22745,219696,16369,433987,110992,53377,57615
73690,456763,22745,219712,16369,434018,110992,53377,57615
73695,456794,22745,219727,16369,434049,110992,53377,57615
73700,456825,22745,219741,16369,434080,110992,53377,57615
73705,456856,22745,219758,16369,434111,110992,53377,57615
73710,456887,22745,219774,16369,434142,110992,53377,57615
73715,456918,22745,219794,16369,434172,110992,53377,57615
73720,456949,22745,219813,16369,434204,110992,53377,57615
73725,456980,22745,219827,16369,434235,110992,53377,57615
73730,457011,22745,219841,16369,434265,110992,53377,57615
73735,457042,22745,219856,16369,434297,110992,53377,57615
73740,457073,22745,219869,16369,434328,110992,53377,57615
73745,457104,22745,219883,16369,434359,110992,53377,57615
73750,457135,22745,219897,16369,434388,110992,53377,57615
73755,457166,22745,219909,16369,434421,110992,53377,57615
73760,457197,22745,219924,16369,434451,110992,53377,57615
73765,457228,22746,219942,16370,434481,110992,53377,57615
73770,457259,22747,219957,16371,434511,110992,53377,57615
73775,457290,22748,219975,16371,434541,110992,53377,57615
73780,457321,22749,219991,16371,434572,110992,53377,57615
73785,457352,22750,220005,16372,434601,110992,53377,57615
73790,457383,22751,220019,16372,434632,110992,53377,57615
73795,457414,22753,220033,16373,434660,110992,53377,57615
73800,457445,22755,220046,16374,434689,110992,53377,57615
73805,457476,22758,220065,16375,434718,110992,53377,57615
73810,457507,22761,220077,16376,434746,110992,53377,57615
73815,457538,22763,220092,16377,434775,110992,53377,57615
73820,457569,22765,220105,16379,434804,110992,53377,57615
73825,457600,22769,220123,16383,434831,110992,53377,57615
73830,457631,22771,220138,16383,434860,110992,53377,57615
73835,457662,22774,220154,16385,434888,110992,53377,57615
73840,457693,22777,220167,16386,434916,110992,53377,57615
73845,457724,22779,220182,16387,434945,110992,53377,57615
73850,457755,22782,220200,16390,434973,110992,53377,57615
73855,457786,22785,220217,16393,435001,110992,53377,57615
73860,457817,22788,220227,16395,435029,110992,53377,57615
73865,457848,22792,220244,16398,435056,110992,53377,57615
73870,457879,22795,220255,16399,435084,110992,53377,57615
73875,457910,22798,220270,16401,435112,110992,53377,57615
73880,457941,22801,220283,16403,435140,110992,53377,57615
73885,457972,22806,220302,16407,435166,110992,53377,57615
73890,458003,22809,220316,16409,435194,110992,53377,57615
73895,458034,22814,220331,16412,435220,110992,53377,57615
73900,458065,22816,220346,16414,435249,110992,53377,57615
73905,458096,22816,220361,16414,435279,110992,53377,57615
73910,458127,22816,220374,16414,435310,110992,53377,57615
73915,458158,22816,220386,16414,435342,110992,53377,57615
73920,458189,22816,220401,16414,435372,110992,53377,57615
73925,458220,22816,220419,16414,435403,110992,53377,57615
73930,458251,22816,220434,16414,435435,110992,53377,57615
73935,458282,22816,220453,16414,435466,110992,53377,57615
73940,458313,22816,220469,16414,435497,110992,53377,57615
73945,458344,22816,220489,16414,435528,110992,53377,57615
73950,458375,22816,220503,16414,435559,110992,53377,57615
73955,458406,22816,220520,16414,435589,110992,53377,57615
73960,458437,22816,220533,16414,435621,110992,53377,57615
73965,458468,22816,220548,16414,435650,110992,53377,57615
73970,458499,22816,220566,16414,435681,110992,53377,57615
73975,458530,22816,220581,16414,435713,110992,53377,57615
73980,458561,22816,220600,16414,435743,110992,53377,57615
73985,458592,22816,220616,16414,435774,110992,53377,57615
73990,458623,22816,220629,16414,435807,110992,53377,57615
73995,458654,22816,220639,16414,435838,110992,53377,57615
74000,458685,22816,220653,16414,435869,110992,53377,57615
74005,458716,22817,220664,16414,435899,110992,53377,57615
74010,458747,22819,220679,16415,435928,110992,53377,57615
74015,458778,22821,220696,16416,435957,110992,53377,57615
74020,458809,22824,220708,16417,435985,110992,53377,57615
74025,458840,22826,220723,16418,436014,110992,53377,57615
74030,458871,22830,220738,16421,436041,110992,53377,57615
74035,458902,22834,220756,16425,436068,110992,53377,57615
74040,458933,22837,220773,16427,436096,110992,53377,57615
74045,458964,22841,220792,16431,436123,110992,53377,57615
74050,458995,22844,220808,16433,436151,110992,53377,57615
74055,459026,22846,220818,16434,436180,110992,53377,57615
74060,459057,22848,220833,16436,436209,110992,53377,57615
74065,459088,22852,220854,16439,436236,110992,53377,57615
74070,459119,22855,220867,16441,436264,110992,53377,57615
74075,459150,22856,220880,16442,436294,110992,53377,57615
74080,459181,22857,220892,16442,436324,110992,53377,57615
74085,459212,22860,220908,16445,436352,110992,53377,57615
74090,459243,22862,220923,16446,436381,110992,53377,57615
74095,459274,22864,220935,16448,436410,110992,53377,57615
74100,459305,22866,220948,16449,436438,110992,53377,57615
74105,459336,22868,220968,16451,436467,110992,53377,57615
74110,459367,22871,220982,16453,436496,110992,53377,57615
74115,459398,22873,220999,16455,436524,110992,53377,57615
74120,459429,22876,221015,16457,436553,110992,53377,57615
74125,459460,22876,221030,16457,436584,110992,53377,57615
74130,459491,22876,221050,16457,436613,110992,53377,57615
74135,459522,22876,221061,16457,436646,110992,53377,57615
74140,459553,22876,221076,16457,436674,110992,53377,57615
74145,459584,22876,221088,16457,436707,110992,53377,57615
74150,459615,22876,221104,16457,436738,110992,53377,57615
74155,459646,22876,221114,16457,436768,110992,53377,57615
74160,459677,22876,221127,16457,436800,110992,53377,57615
74165,459708,22876,221139,16457,436831,110992,53377,57615
74170,459739,22876,221155,16457,436862,110992,53377,57615
74175,459770,22876,221170,16457,436893,110992,53377,57615
74180,459801,22876,221187,16457,436925,110992,53377,57615
74185,459832,22877,221202,16457,436955,110992,53377,57615
74190,459863,22878,221216,16457,436985,110992,53377,57615
74195,459894,22880,221228,16458,437014,110992,53377,57615
74200,459925,22882,221245,16459,437043,110992,53377,57615
74205,459956,22883,221261,16460,437073,110992,53377,57615
74210,459987,22885,221282,16461,437102,110992,53377,57615
74215,460018,22887,221298,16462,437131,110992,53377,57615
74220,460049,22889,221315,16463,437160,110992,53377,57615
74225,460080,22891,221331,16465,437189,110992,53377,57615
74230,460111,22893,221346,16465,437218,110992,53377,57615
74235,460142,22896,221363,16468,437246,110992,53377,57615
74240,460173,22900,221384,16471,437273,110992,53377,57615
74245,460204,22903,221395,16472,437301,110992,53377,57615
74250,460235,22906,221407,16474,437329,110992,53377,57615
74255,460266,22909,221423,16476,437357,110992,53377,57615
74260,460297,22910,221443,16476,437387,110992,53377,57615
74265,460328,22911,221456,16476,437417,110992,53377,57615
74270,460359,22912,221468,16476,437447,110992,53377,57615
74275,460390,22913,221484,16477,437477,110992,53377,57615
74280,460421,22914,221498,16477,437507,110992,53377,57615
74285,460452,22915,221512,16478,437537,110992,53377,57615
74290,460483,22916,221522,16478,437566,110992,53377,57615
74295,460514,22917,221539,16478,437595,110992,53377,57615
74300,460545,22918,221552,16479,437626,110992,53377,57615
74305,460576,22919,221569,16480,437654,110992,53377,57615
74310,460607,22920,221583,16480,437686,110992,53377,57615
74315,460638,22921,221596,16480,437717,110992,53377,57615
74320,460669,22922,221607,16480,437745,110992,53377,57615
74325,460700,22923,221618,16480,437777,110992,53377,57615
74330,460731,22924,221628,16480,437806,110992,53377,57615
74335,460762,22926,221641,16481,437835,110992,53377,57615
74340,460793,22928,221660,16482,437864,110992,53377,57615
74345,460824,22930,221673,16483,437894,110992,53377,57615
74350,460855,22932,221687,16485,437922,110992,53377,57615
74355,460886,22934,221696,16486,437951,110992,53377,57615
74360,460917,22935,221711,16486,437982,110992,53377,57615
74365,460948,22939,221723,16489,438009,110992,53377,57615
74370,460979,22942,221737,16490,438037,110992,53377,57615
74375,461010,22946,221755,16493,438064,110992,53377,57615
74380,461041,22950,221768,16497,438091,110992,53377,57615
74385,461072,22953,221782,16499,438119,110992,53377,57615
74390,461103,22955,221801,16501,438148,110992,53377,57615
74395,461134,22957,221821,16503,438177,110992,53377,57615
74400,461165,22958,221833,16504,438207,110992,53377,57615
74405,461196,22959,221846,16504,438237,110992,53377,57615
74410,461227,22960,221860,16505,438267,110992,53377,57615
74415,461258,22962,221872,16506,438296,110992,53377,57615
74420,461289,22963,221887,16507,438326,110992,53377,57615
74425,461320,22964,221903,16507,438356,110992,53377,57615
74430,461351,22966,221913,16508,438385,110992,53377,57615
74435,461382,22968,221928,16510,438414,110992,53377,57615
74440,461413,22970,221943,16512,438443,110992,53377,57615
74445,461444,22971,221951,16512,438473,110992,53377,57615
74450,461475,22975,221966,16516,438500,110992,53377,57615
74455,461506,22975,221976,16516,438531,110992,53377,57615
74460,461537,22975,221990,16516,438562,110992,53377,57615
74465,461568,22975,222001,16516,438593,110992,53377,57615
74470,461599,22975,222013,16516,438623,110992,53377,57615
74475,461630,22975,222028,16516,438655,110992,53377,57615
74480,461661,22975,222039,16516,438685,110992,53377,57615
74485,461692,22975,222057,16516,438714,110992,53377,57615
74490,461723,22975,222070,16516,438747,110992,53377,57615
74495,461754,22976,222084,16516,438776,110992,53377,57615
74500,461785,22977,222099,16517,438806,110992,53377,57615
74505,461816,22978,222116,16518,438837,110992,53377,57615
74510,461847,22979,222136,16519,438867,110992,53377,57615
74515,461878,22980,222147,16519,438898,110992,53377,57615
74520,461909,22981,222164,16520,438927,110992,53377,57615
74525,461940,22983,222177,16522,438956,110992,53377,57615
74530,461971,22984,222187,16522,438987,110992,53377,57615
74535,462002,22986,222202,16524,439016,110992,53377,57615
74540,462033,22987,222213,16524,439046,110992,53377,57615
74545,462064,22988,222227,16525,439076,110992,53377,57615
74550,462095,22990,222241,16526,439105,110992,53377,57615
74555,462126,22992,222256,16528,439134,110992,53377,57615
74560,462157,22995,222270,16530,439162,110992,53377,57615
74565,462188,22998,222284,16532,439190,110992,53377,57615
74570,462219,23001,222297,16534,439218,110992,53377,57615
74575,462250,23004,222314,16537,439246,110992,53377,57615
74580,462281,23007,222326,16540,439274,110992,53377,57615
74585,462312,23010,222339,16542,439302,110992,53377,57615
74590,462343,23013,222355,16545,439330,110992,53377,57615
74595,462374,23016,222372,16548,439358,110992,53377,57615
74600,462405,23019,222391,16550,439386,110992,53377,57615
74605,462436,23020,222404,16551,439416,110992,53377,57615
74610,462467,23021,222419,16551,439446,110992,53377,57615
74615,462498,23022,222434,16552,439476,110992,53377,57615
74620,462529,23023,222448,16553,439506,110992,53377,57615
74625,462560,23025,222462,16555,439535,110992,53377,57615
74630,462591,23027,222479,16557,439564,110992,53377,57615
74635,462622,23029,222494,16559,439593,110992,53377,57615
74640,462653,23032,222510,16561,439621,110992,53377,57615
74645,462684,23035,222524,16564,439648,110992,53377,57615
74650,462715,23037,222538,16565,439677,110992,53377,57615
74655,462746,23039,222556,16567,439707,110992,53377,57615
74660,462777,23039,222570,16567,439738,110992,53377,57615
74665,462808,23039,222584,16567,439769,110992,53377,57615
74670,462839,23039,222598,16567,439800,110992,53377,57615
74675,462870,23039,222614,16567,439831,110992,53377,57615
74680,462901,23039,222626,16567,439861,110992,53377,57615
74685,462932,23039,222637,16567,439890,110992,53377,57615
74690,462963,23039,222650,16567,439921,110992,53377,57615
74695,462994,23039,222663,16567,439953,110992,53377,57615
74700,463025,23039,222679,16567,439986,110992,53377,57615
74705,463056,23039,222694,16567,440016,110992,53377,57615
74710,463087,23039,222705,16567,440048,110992,53377,57615
74715,463118,23040,222721,16567,440078,110992,53377,57615
74720,463149,23041,222735,16567,440107,110992,53377,57615
74725,463180,23042,222752,16568,440137,110992,53377,57615
74730,463211,23043,222766,16568,440168,110992,53377,57615
74735,463242,23044,222779,16569,440198,110992,53377,57615
74740,463273,23045,222797,16570,440228,110992,53377,57615
74745,463304,23046,222812,16571,440258,110992,53377,57615
74750,463335,23047,222827,16572,440288,110992,53377,57615
74755,463366,23048,222844,16572,440318,110992,53377,57615
74760,463397,23050,222858,16573,440347,110992,53377,57615
74765,463428,23053,222873,16574,440375,110992,53377,57615
74770,463459,23055,222887,16575,440404,110992,53377,57615
74775,463490,23057,222904,16577,440433,110992,53377,57615
74780,463521,23059,222918,16579,440462,110992,53377,57615
74785,463552,23063,222930,16581,440489,110992,53377,57615
74790,463583,23067,222944,16584,440516,110992,53377,57615
74795,463614,23070,222960,16586,440544,110992,53377,57615
74800,463645,23074,222972,16589,440571,110992,53377,57615
74805,463676,23078,222984,16592,440598,110992,53377,57615
74810,463707,23083,222997,16597,440624,110992,53377,57615
74815,463738,23086,223013,16600,440652,110992,53377,57615
74820,463769,23091,223024,16604,440678,110992,53377,57615
74825,463800,23093,223043,16606,440707,110992,53377,57615
74830,463831,23095,223057,16608,440736,110992,53377,57615
74835,463862,23096,223073,16608,440765,110992,53377,57615
74840,463893,23099,223089,16611,440794,110992,53377,57615
74845,463924,23100,223106,16612,440824,110992,53377,57615
74850,463955,23103,223120,16614,440849,110992,53377,57615
74855,463986,23103,223133,16614,440880,110992,53377,57615
74860,464017,23103,223152,16614,440913,110992,53377,57615
74865,464048,23103,223166,16614,440944,110992,53377,57615
74870,464079,23103,223180,16614,440974,110992,53377,57615
74875,464110,23103,223191,16614,441006,110992,53377,57615
74880,464141,23103,223204,16614,441037,110992,53377,57615
74885,464172,23103,223223,16614,441068,110992,53377,57615
74890,464203,23103,223234,16614,441099,110992,53377,57615
74895,464234,23103,223248,16614,441131,110992,53377,57615
74900,464265,23103,223264,16614,441162,110992,53377,57615
74905,464296,23103,223279,16614,441193,110992,53377,57615
74910,464327,23103,223293,16614,441224,110992,53377,57615
74915,464358,23103,223305,16614,441255,110992,53377,57615
74920,464389,23103,223320,16614,441286,110992,53377,57615
74925,464420,23103,223333,16614,441317,110992,53377,57615
74930,464451,23105,223347,16616,441346,110992,53377,57615
74935,464482,23107,223365,16617,441375,110992,53377,57615
74940,464513,23108,223385,16618,441405,110992,53377,57615
74945,464544,23109,223399,16619,441435,110992,53377,57615
74950,464575,23110,223411,16620,441465,110992,53377,57615
74955,464606,23111,223422,16621,441495,110992,53377,57615
74960,464637,23113,223435,16623,441524,110992,53377,57615
74965,464668,23116,223450,16625,441552,110992,53377,57615
74970,464699,23118,223459,16627,441581,110992,53377,57615
74975,464730,23120,223473,16628,441610,110992,53377,57615
74980,464761,23122,223484,16629,441639,110992,53377,57615
74985,464792,23126,223502,16631,441666,110992,53377,57615
74990,464823,23131,223515,16634,441692,110992,53377,57615
74995,464854,23136,223532,16637,441718,110992,53377,57615
75000,464885,23139,223549,16639,441745,110992,53377,57615
75005,464916,23140,223567,16639,441775,110992,53377,57615
75010,464947,23141,223583,16640,441803,110992,53377,57615
75015,464978,23142,223597,16640,441833,110992,53377,57615
75020,465009,23144,223618,16641,441864,110992,53377,57615
75025,465040,23146,223628,16642,441893,110992,53377,57615
75030,465071,23147,223640,16642,441922,110992,53377,57615
75035,465102,23149,223655,16644,441952,110992,53377,57615
75040,465133,23151,223668,16645,441982,110992,53377,57615
75045,465164,23152,223679,16645,442012,110992,53377,57615
75050,465195,23155,223693,16647,442040,110992,53377,57615
75055,465226,23158,223709,16649,442068,110992,53377,57615
75060,465257,23160,223723,16650,442097,110992,53377,57615
75065,465288,23161,223741,16650,442127,110992,53377,57615
75070,465319,23164,223759,16652,442155,110992,53377,57615
75075,465350,23164,223770,16652,442186,110992,53377,57615
75080,465381,23164,223784,16652,442217,110992,53377,57615
75085,465412,23164,223802,16652,442248,110992,53377,57615
75090,465443,23164,223813,16652,442279,110992,53377,57615
75095,465474,23164,223831,16652,442310,110992,53377,57615
75100,465505,23164,223846,16652,442341,110992,53377,57615
75105,465536,23164,223863,16652,442372,110992,53377,57615
75110,465567,23165,223874,16652,442402,110992,53377,57615
75115,465598,23166,223889,16653,442432,110992,53377,57615
75120,465629,23168,223905,16654,442461,110992,53377,57615
75125,465660,23170,223921,16655,442490,110992,53377,57615
75130,465691,23172,223940,16657,442519,110992,53377,57615
75135,465722,23174,223955,16658,442548,110992,53377,57615
75140,465753,23178,223967,16662,442575,110992,53377,57615
75145,465784,23181,223983,16665,442603,110992,53377,57615
75150,465815,23185,224002,16669,442630,110992,53377,57615
75155,465846,23185,224021,16669,442661,110992,53377,57615
75160,465877,23185,224043,16669,442692,110992,53377,57615
75165,465908,23185,224057,16669,442723,110992,53377,57615
75170,465939,23185,224075,16669,442753,110992,53377,57615
75175,465970,23185,224083,16669,442785,110992,53377,57615
75180,466001,23186,224095,16670,442815,110992,53377,57615
75185,466032,23187,224114,16670,442844,110992,53377,57615
75190,466063,23188,224130,16670,442874,110992,53377,57615
75195,466094,23189,224145,16670,442904,110992,53377,57615
75200,466125,23190,224160,16671,442934,110992,53377,57615
75205,466156,23191,224174,16672,442965,110992,53377,57615
75210,466187,23192,224191,16672,442994,110992,53377,57615
75215,466218,23193,224211,16673,443025,110992,53377,57615
75220,466249,23194,224233,16674,443054,110992,53377,57615
75225,466280,23195,224246,16674,443084,110992,53377,57615
75230,466311,23196,224261,16674,443114,110992,53377,57615
75235,466342,23198,224274,16676,443144,110992,53377,57615
75240,466373,23200,224290,16678,443173,110992,53377,57615
75245,466404,23202,224307,16679,443202,110992,53377,57615
75250,466435,23203,224319,16680,443232,110992,53377,57615
75255,466466,23204,224336,16681,443262,110992,53377,57615
75260,466497,23207,224350,16683,443290,110992,53377,57615
75265,466528,23210,224366,16685,443318,110992,53377,57615
75270,466559,23212,224375,16685,443347,110992,53377,57615
75275,466590,23214,224389,16686,443376,110992,53377,57615
75280,466621,23217,224402,16687,443404,110992,53377,57615
75285,466652,23221,224417,16691,443431,110992,53377,57615
75290,466683,23224,224429,16692,443459,110992,53377,57615
75295,466714,23229,224446,16697,443485,110992,53377,57615
75300,466745,23234,224458,16700,443511,110992,53377,57615
75305,466776,23237,224473,16703,443539,110992,53377,57615
75310,466807,23240,224491,16705,443567,110992,53377,57615
75315,466838,23241,224504,16706,443597,110992,53377,57615
75320,466869,23242,224519,16707,443627,110992,53377,57615
75325,466900,23244,224531,16708,443656,110992,53377,57615
75330,466931,23245,224544,16709,443686,110992,53377,57615
75335,466962,23246,224561,16709,443716,110992,53377,57615
75340,466993,23249,224576,16712,443744,110992,53377,57615
75345,467024,23252,224596,16715,443772,110992,53377,57615
75350,467055,23254,224611,16717,443801,110992,53377,57615
75355,467086,23254,224625,16717,443832,110992,53377,57615
75360,467117,23254,224643,16717,443863,110992,53377,57615
75365,467148,23254,224655,16717,443893,110992,53377,57615
75370,467179,23254,224670,16717,443924,110992,53377,57615
75375,467210,23254,224686,16717,443956,110992,53377,57615
75380,467241,23254,224700,16717,443986,110992,53377,57615
75385,467272,23254,224716,16717,444017,110992,53377,57615
75390,467303,23254,224732,16717,444048,110992,53377,57615
75395,467334,23254,224750,16717,444078,110992,53377,57615
75400,467365,23254,224764,16717,444111,110992,53377,57615
75405,467396,23254,224774,16717,444140,110992,53377,57615
75410,467427,23254,224792,16717,444172,110992,53377,57615
75415,467458,23254,224809,16717,444203,110992,53377,57615
75420,467489,23254,224825,16717,444235,110992,53377,57615
75425,467520,23255,224841,16717,444264,110992,53377,57615
75430,467551,23256,224851,16717,444295,110992,53377,57615
75435,467582,23257,224866,16717,444324,110992,53377,57615
75440,467613,23258,224879,16717,444355,110992,53377,57615
75445,467644,23259,224900,16718,444385,110992,53377,57615
75450,467675,23260,224915,16719,444415,110992,53377,57615
75455,467706,23261,224928,16720,444445,110992,53377,57615
75460,467737,23264,224946,16722,444473,110992,53377,57615
75465,467768,23268,224962,16726,444500,110992,53377,57615
75470,467799,23272,224975,16728,444527,110992,53377,57615
75475,467830,23274,224991,16729,444556,110992,53377,57615
75480,467861,23279,225009,16733,444582,110992,53377,57615
75485,467892,23282,225022,16735,444610,110992,53377,57615
75490,467923,23284,225033,16737,444639,110992,53377,57615
75495,467954,23288,225053,16740,444666,110992,53377,57615
75500,467985,23293,225069,16745,444692,110992,53377,57615
75505,468016,23296,225077,16747,444720,110992,53377,57615
75510,468047,23301,225096,16751,444746,110992,53377,57615
75515,468078,23303,225108,16753,444775,110992,53377,57615
75520,468109,23306,225121,16755,444803,110992,53377,57615
75525,468140,23308,225133,16756,444832,110992,53377,57615
75530,468171,23309,225148,16756,444862,110992,53377,57615
75535,468202,23311,225165,16758,444891,110992,53377,57615
75540,468233,23311,225180,16758,444922,110992,53377,57615
75545,468264,23311,225197,16758,444953,110992,53377,57615
75550,468295,23311,225207,16758,444983,110992,53377,57615
75555,468326,23311,225217,16758,445012,110992,53377,57615
75560,468357,23311,225233,16758,445044,110992,53377,57615
75565,468388,23311,225247,16758,445074,110992,53377,57615
75570,468419,23311,225260,16758,445105,110992,53377,57615
75575,468450,23311,225272,16758,445139,110992,53377,57615
75580,468481,23311,225285,16758,445168,110992,53377,57615
75585,468512,23311,225301,16758,445201,110992,53377,57615
75590,468543,23311,225316,16758,445232,110992,53377,57615
75595,468574,23311,225335,16758,445263,110992,53377,57615
75600,468605,23311,225352,16758,445294,110992,53377,57615
75605,468636,23311,225369,16758,445325,110992,53377,57615
75610,468667,23311,225381,16758,445356,110992,53377,57615
75615,468698,23311,225399,16758,445387,110992,53377,57615
75620,468729,23311,225414,16758,445418,110992,53377,57615
75625,468760,23312,225431,16759,445448,110992,53377,57615
75630,468791,23313,225447,16759,445478,110992,53377,57615
75635,468822,23314,225461,16759,445508,110992,53377,57615
75640,468853,23316,225477,16759,445537,110992,53377,57615
75645,468884,23319,225492,16761,445565,110992,53377,57615
75650,468915,23321,225505,16762,445594,110992,53377,57615
75655,468946,23323,225518,16763,445623,110992,53377,57615
75660,468977,23326,225533,16765,445651,110992,53377,57615
75665,469008,23328,225547,16767,445680,110992,53377,57615
75670,469039,23330,225560,16769,445709,110992,53377,57615
75675,469070,23332,225570,16769,445738,110992,53377,57615
75680,469101,23336,225592,16773,445765,110992,53377,57615
75685,469132,23340,225604,16776,445792,110992,53377,57615
75690,469163,23344,225621,16778,445819,110992,53377,57615
75695,469194,23346,225638,16779,445847,110992,53377,57615
75700,469225,23351,225656,16783,445873,110992,53377,57615
75705,469256,23356,225670,16788,445899,110992,53377,57615
75710,469287,23358,225684,16789,445929,110992,53377,57615
75715,469318,23360,225696,16790,445957,110992,53377,57615
75720,469349,23361,225711,16791,445985,110992,53377,57615
75725,469380,23363,225728,16792,446016,110992,53377,57615
75730,469411,23365,225749,16794,446044,110992,53377,57615
75735,469442,23367,225768,16796,446075,110992,53377,57615
75740,469473,23368,225778,16797,446104,110992,53377,57615
75745,469504,23369,225790,16798,446135,110992,53377,57615
75750,469535,23371,225805,16800,446163,110992,53377,57615
75755,469566,23373,225818,16802,446192,110992,53377,57615
75760,469597,23375,225831,16803,446222,110992,53377,57615
75765,469628,23377,225841,16804,446251,110992,53377,57615
75770,469659,23377,225858,16804,446280,110992,53377,57615
75775,469690,23377,225874,16804,446311,110992,53377,57615
75780,469721,23377,225889,16804,446344,110992,53377,57615
75785,469752,23377,225898,16804,446375,110992,53377,57615
75790,469783,23377,225915,16804,446406,110992,53377,57615
75795,469814,23377,225931,16804,446437,110992,53377,57615
75800,469845,23377,225943,16804,446468,110992,53377,57615
75805,469876,23377,225952,16804,446499,110992,53377,57615
75810,469907,23377,225973,16804,446530,110992,53377,57615
75815,469938,23378,225988,16804,446560,110992,53377,57615
75820,469969,23379,226000,16805,446590,110992,53377,57615
75825,470000,23381,226012,16806,446619,110992,53377,57615
75830,470031,23382,226033,16806,446649,110992,53377,57615
75835,470062,23384,226045,16808,446678,110992,53377,57615
75840,470093,23385,226063,16809,446708,110992,53377,57615
75845,470124,23387,226080,16810,446737,110992,53377,57615
75850,470155,23390,226099,16812,446765,110992,53377,57615
75855,470186,23394,226118,16816,446792,110992,53377,57615
75860,470217,23397,226130,16818,446820,110992,53377,57615
75865,470248,23398,226143,16819,446850,110992,53377,57615
75870,470279,23401,226157,16821,446878,110992,53377,57615
75875,470310,23402,226171,16822,446908,110992,53377,57615
75880,470341,23403,226186,16822,446937,110992,53377,57615
75885,470372,23405,226202,16823,446966,110992,53377,57615
75890,470403,23406,226215,16824,446997,110992,53377,57615
75895,470434,23408,226229,16826,447026,110992,53377,57615
75900,470465,23409,226243,16826,447056,110992,53377,57615
75905,470496,23410,226258,16826,447086,110992,53377,57615
75910,470527,23411,226270,16827,447116,110992,53377,57615
75915,470558,23412,226287,16828,447146,110992,53377,57615
75920,470589,23413,226304,16828,447175,110992,53377,57615
75925,470620,23414,226322,16829,447205,110992,53377,57615
75930,470651,23415,226335,16829,447236,110992,53377,57615
75935,470682,23416,226349,16829,447265,110992,53377,57615
75940,470713,23417,226362,16829,447296,110992,53377,57615
75945,470744,23418,226378,16830,447324,110992,53377,57615
75950,470775,23419,226394,16831,447353,110992,53377,57615
75955,470806,23420,226407,16831,447383,110992,53377,57615
75960,470837,23421,226420,16832,447416,110992,53377,57615
75965,470868,23422,226432,16832,447445,110992,53377,57615
75970,470899,23423,226448,16832,447475,110992,53377,57615
75975,470930,23424,226462,16832,447506,110992,53377,57615
75980,470961,23426,226468,16832,447535,110992,53377,57615
75985,470992,23429,226486,16833,447563,110992,53377,57615
75990,471023,23432,226503,16836,447591,110992,53377,57615
75995,471054,23435,226515,16838,447619,110992,53377,57615
76000,471085,23440,226529,16842,447645,110992,53377,57615
76005,471116,23445,226548,16846,447671,110992,53377,57615
76010,471147,23447,226564,16847,447700,110992,53377,57615
76015,471178,23451,226581,16849,447727,110992,53377,57615
76020,471209,23454,226595,16852,447755,110992,53377,57615
76025,471240,23458,226612,16855,447782,110992,53377,57615
76030,471271,23459,226629,16856,447812,110992,53377,57615
76035,471302,23460,226643,16857,447842,110992,53377,57615
76040,471333,23461,226659,16858,447872,110992,53377,57615
76045,471364,23462,226674,16859,447902,110992,53377,57615
76050,471395,23464,226691,16861,447931,110992,53377,57615
76055,471426,23466,226710,16863,447960,110992,53377,57615
76060,471457,23468,226728,16864,447989,110992,53377,57615
76065,471488,23470,226742,16865,448018,110992,53377,57615
76070,471519,23472,226754,16866,448047,110992,53377,57615
76075,471550,23473,226769,16867,448077,110992,53377,57615
76080,471581,23475,226787,16869,448105,110992,53377,57615
76085,471612,23475,226797,16869,448137,110992,53377,57615
76090,471643,23475,226814,16869,448168,110992,53377,57615
76095,471674,23475,226828,16869,448198,110992,53377,57615
76100,471705,23475,226846,16869,448228,110992,53377,57615
76105,471736,23475,226861,16869,448259,110992,53377,57615
76110,471767,23475,226870,16869,448291,110992,53377,57615
76115,471798,23475,226891,16869,448320,110992,53377,57615
76120,471829,23475,226915,16869,448351,110992,53377,57615
76125,471860,23475,226928,16869,448385,110992,53377,57615
76130,471891,23475,226942,16869,448415,110992,53377,57615
76135,471922,23476,226953,16870,448446,110992,53377,57615
76140,471953,23477,226966,16870,448476,110992,53377,57615
76145,471984,23478,226978,16870,448506,110992,53377,57615
76150,472015,23479,226992,16870,448536,110992,53377,57615
76155,472046,23480,227007,16870,448566,110992,53377,57615
76160,472077,23481,227023,16870,448596,110992,53377,57615
76165,472108,23482,227039,16871,448626,110992,53377,57615
76170,472139,23483,227055,16871,448656,110992,53377,57615
76175,472170,23484,227069,16871,448686,110992,53377,57615
76180,472201,23485,227082,16871,448716,110992,53377,57615
76185,472232,23486,227094,16871,448746,110992,53377,57615
76190,472263,23489,227104,16873,448774,110992,53377,57615
76195,472294,23492,227113,16875,448802,110992,53377,57615
76200,472325,23495,227127,16876,448830,110992,53377,57615
76205,472356,23497,227143,16877,448859,110992,53377,57615
76210,472387,23501,227161,16880,448886,110992,53377,57615
76215,472418,23503,227176,16882,448915,110992,53377,57615
76220,472449,23506,227191,16884,448943,110992,53377,57615
76225,472480,23511,227207,16888,448969,110992,53377,57615
76230,472511,23515,227224,16891,448996,110992,53377,57615
76235,472542,23518,227241,16892,449024,110992,53377,57615
76240,472573,23522,227255,16894,449051,110992,53377,57615
76245,472604,23525,227269,16895,449077,110992,53377,57615
76250,472635,23530,227286,16899,449105,110992,53377,57615
76255,472666,23531,227300,16899,449134,110992,53377,57615
76260,472697,23533,227318,16900,449162,110992,53377,57615
76265,472728,23536,227338,16903,449189,110992,53377,57615
76270,472759,23536,227351,16903,449223,110992,53377,57615
76275,472790,23536,227362,16903,449252,110992,53377,57615
76280,472821,23536,227384,16903,449284,110992,53377,57615
76285,472852,23536,227399,16903,449315,110992,53377,57615
76290,472883,23536,227414,16903,449346,110992,53377,57615
76295,472914,23536,227437,16903,449378,110992,53377,57615
76300,472945,23536,227452,16903,449408,110992,53377,57615
76305,472976,23536,227467,16903,449440,110992,53377,57615
76310,473007,23536,227486,16903,449470,110992,53377,57615
76315,473038,23536,227499,16903,449502,110992,53377,57615
76320,473069,23536,227510,16903,449533,110992,53377,57615
76325,473100,23536,227521,16903,449564,110992,53377,57615
76330,473131,23536,227534,16903,449595,110992,53377,57615
76335,473162,23536,227547,16903,449626,110992,53377,57615
76340,473193,23536,227562,16903,449657,110992,53377,57615
76345,473224,23536,227577,16903,449688,110992,53377,57615
76350,473255,23536,227588,16903,449719,110992,53377,57615
76355,473286,23536,227603,16903,449750,110992,53377,57615
76360,473317,23537,227619,16903,449780,110992,53377,57615
76365,473348,23538,227633,16903,449810,110992,53377,57615
76370,473379,23539,227647,16904,449840,110992,53377,57615
76375,473410,23540,227661,16905,449870,110992,53377,57615
76380,473441,23542,227677,16907,449899,110992,53377,57615
76385,473472,23545,227695,16910,449927,110992,53377,57615
76390,473503,23548,227711,16912,449955,110992,53377,57615
76395,473534,23553,227731,16916,449981,110992,53377,57615
76400,473565,23557,227747,16920,450008,110992,53377,57615
76405,473596,23562,227765,16924,450034,110992,53377,57615
76410,473627,23566,227783,16928,450061,110992,53377,57615
76415,473658,23567,227796,16928,450091,110992,53377,57615
76420,473689,23568,227811,16929,450120,110992,53377,57615
76425,473720,23570,227827,16930,450150,110992,53377,57615
76430,473751,23572,227843,16931,450179,110992,53377,57615
76435,473782,23574,227862,16933,450207,110992,53377,57615
76440,473813,23577,227878,16935,450235,110992,53377,57615
76445,473844,23579,227895,16937,450265,110992,53377,57615
76450,473875,23580,227912,16937,450295,110992,53377,57615
76455,473906,23583,227931,16940,450323,110992,53377,57615
76460,473937,23584,227947,16941,450353,110992,53377,57615
76465,473968,23586,227962,16943,450382,110992,53377,57615
76470,473999,23588,227978,16944,450411,110992,53377,57615
76475,474030,23589,227992,16945,450441,110992,53377,57615
76480,474061,23591,228007,16947,450468,110992,53377,57615
76485,474092,23591,228020,16947,450499,110992,53377,57615
76490,474123,23591,228027,16947,450532,110992,53377,57615
76495,474154,23591,228037,16947,450563,110992,53377,57615
76500,474185,23591,228049,16947,450594,110992,53377,57615
76505,474216,23591,228064,16947,450624,110992,53377,57615
76510,474247,23591,228081,16947,450656,110992,53377,57615
76515,474278,23591,228099,16947,450687,110992,53377,57615
76520,474309,23593,228112,16948,450716,110992,53377,57615
76525,474340,23594,228124,16948,450745,110992,53377,57615
76530,474371,23595,228141,16948,450776,110992,53377,57615
76535,474402,23597,228153,16949,450805,110992,53377,57615
76540,474433,23598,228167,16950,450835,110992,53377,57615
76545,474464,23599,228177,16951,450865,110992,53377,57615
76550,474495,23601,228197,16953,450894,110992,53377,57615
76555,474526,23603,228214,16955,450923,110992,53377,57615
76560,474557,23606,228227,16958,450951,110992,53377,57615
76565,474588,23608,228238,16959,450980,110992,53377,57615
76570,474619,23610,228252,16961,451009,110992,53377,57615
76575,474650,23611,228264,16961,451039,110992,53377,57615
76580,474681,23614,228278,16963,451067,110992,53377,57615
76585,474712,23616,228294,16964,451096,110992,53377,57615
76590,474743,23618,228308,16965,451125,110992,53377,57615
76595,474774,23621,228322,16966,451153,110992,53377,57615
76600,474805,23622,228332,16966,451183,110992,53377,57615
76605,474836,23623,228345,16967,451213,110992,53377,57615
76610,474867,23624,228358,16967,451243,110992,53377,57615
76615,474898,23625,228371,16967,451273,110992,53377,57615
76620,474929,23626,228383,16968,451303,110992,53377,57615
76625,474960,23627,228395,16969,451333,110992,53377,57615
76630,474991,23628,228404,16969,451363,110992,53377,57615
76635,475022,23629,228419,16970,451393,110992,53377,57615
76640,475053,23630,228432,16971,451423,110992,53377,57615
76645,475084,23631,228447,16972,451453,110992,53377,57615
76650,475115,23632,228458,16972,451483,110992,53377,57615
76655,475146,23633,228470,16973,451513,110992,53377,57615
76660,475177,23634,228483,16974,451543,110992,53377,57615
76665,475208,23635,228501,16974,451572,110992,53377,57615
76670,475239,23637,228515,16976,451601,110992,53377,57615
76675,475270,23638,228530,16976,451631,110992,53377,57615
76680,475301,23639,228542,16977,451662,110992,53377,57615
76685,475332,23640,228555,16977,451692,110992,53377,57615
76690,475363,23642,228565,16978,451721,110992,53377,57615
76695,475394,23643,228583,16979,451751,110992,53377,57615
76700,475425,23645,228601,16981,451778,110992,53377,57615
76705,475456,23647,228613,16982,451808,110992,53377,57615
76710,475487,23650,228628,16985,451837,110992,53377,57615
76715,475518,23653,228645,16988,451865,110992,53377,57615
76720,475549,23655,228657,16989,451894,110992,53377,57615
76725,475580,23659,228667,16992,451921,110992,53377,57615
76730,475611,23662,228677,16993,451949,110992,53377,57615
76735,475642,23664,228692,16993,451977,110992,53377,57615
76740,475673,23667,228709,16996,452006,110992,53377,57615
76745,475704,23668,228725,16996,452035,110992,53377,57615
76750,475735,23669,228739,16997,452066,110992,53377,57615
76755,475766,23670,228755,16998,452096,110992,53377,57615
76760,475797,23671,228775,16999,452125,110992,53377,57615
76765,475828,23672,228790,17000,452156,110992,53377,57615
76770,475859,23673,228804,17000,452186,110992,53377,57615
76775,475890,23674,228816,17000,452216,110992,53377,57615
76780,475921,23675,228833,17000,452246,110992,53377,57615
76785,475952,23676,228851,17001,452276,110992,53377,57615
76790,475983,23678,228864,17003,452305,110992,53377,57615
76795,476014,23680,228878,17005,452334,110992,53377,57615
76800,476045,23682,228892,17007,452363,110992,53377,57615
76805,476076,23685,228909,17009,452391,110992,53377,57615
76810,476107,23687,228927,17011,452420,110992,53377,57615
76815,476138,23690,228942,17013,452448,110992,53377,57615
76820,476169,23692,228957,17015,452477,110992,53377,57615
76825,476200,23694,228972,17017,452506,110992,53377,57615
76830,476231,23696,228989,17019,452535,110992,53377,57615
76835,476262,23696,229004,17019,452566,110992,53377,57615
76840,476293,23696,229022,17019,452597,110992,53377,57615
76845,476324,23696,229042,17019,452628,110992,53377,57615
76850,476355,23697,229056,17019,452658,110992,53377,57615
76855,476386,23698,229075,17020,452688,110992,53377,57615
76860,476417,23699,229091,17020,452718,110992,53377,57615
76865,476448,23700,229106,17020,452748,110992,53377,57615
76870,476479,23701,229127,17021,452778,110992,53377,57615
76875,476510,23702,229143,17022,452808,110992,53377,57615
76880,476541,23703,229156,17022,452835,110992,53377,57615
76885,476572,23704,229171,17022,452866,110992,53377,57615
76890,476603,23705,229187,17023,452897,110992,53377,57615
76895,476634,23706,229203,17023,452927,110992,53377,57615
76900,476665,23707,229214,17023,452957,110992,53377,57615
76905,476696,23708,229231,17024,452986,110992,53377,57615
76910,476727,23709,229241,17024,453015,110992,53377,57615
76915,476758,23710,229254,17024,453047,110992,53377,57615
76920,476789,23711,229266,17024,453078,110992,53377,57615
76925,476820,23712,229282,17025,453108,110992,53377,57615
76930,476851,23713,229297,17025,453138,110992,53377,57615
76935,476882,23715,229308,17026,453167,110992,53377,57615
76940,476913,23720,229325,17029,453193,110992,53377,57615
76945,476944,23722,229338,17031,453222,110992,53377,57615
76950,476975,23725,229351,17033,453250,110992,53377,57615
76955,477006,23730,229366,17038,453276,110992,53377,57615
76960,477037,23733,229380,17039,453304,110992,53377,57615
76965,477068,23735,229391,17040,453333,110992,53377,57615
76970,477099,23739,229408,17044,453360,110992,53377,57615
76975,477130,23742,229424,17047,453388,110992,53377,57615
76980,477161,23746,229440,17050,453415,110992,53377,57615
76985,477192,23747,229453,17051,453445,110992,53377,57615
76990,477223,23749,229471,17052,453474,110992,53377,57615
76995,477254,23750,229487,17053,453504,110992,53377,57615
77000,477285,23752,229504,17055,453533,110992,53377,57615
77005,477316,23753,229519,17055,453563,110992,53377,57615
77010,477347,23754,229537,17056,453593,110992,53377,57615
77015,477378,23755,229554,17057,453623,110992,53377,57615
77020,477409,23756,229567,17057,453653,110992,53377,57615
77025,477440,23758,229583,17058,453682,110992,53377,57615
77030,477471,23760,229597,17060,453710,110992,53377,57615
77035,477502,23762,229609,17062,453739,110992,53377,57615
77040,477533,23764,229627,17064,453768,110992,53377,57615
77045,477564,23766,229641,17065,453798,110992,53377,57615
77050,477595,23766,229653,17065,453829,110992,53377,57615
77055,477626,23766,229664,17065,453860,110992,53377,57615
77060,477657,23766,229680,17065,453890,110992,53377,57615
77065,477688,23766,229693,17065,453921,110992,53377,57615
77070,477719,23766,229710,17065,453953,110992,53377,57615
77075,477750,23766,229727,17065,453984,110992,53377,57615
77080,477781,23766,229741,17065,454015,110992,53377,57615
77085,477812,23766,229750,17065,454046,110992,53377,57615
77090,477843,23767,229769,17065,454072,110992,53377,57615
77095,477874,23768,229783,17065,454103,110992,53377,57615
77100,477905,23769,229795,17066,454135,110992,53377,57615
77105,477936,23770,229809,17067,454166,110992,53377,57615
77110,477967,23771,229827,17068,454195,110992,53377,57615
77115,477998,23772,229844,17069,454225,110992,53377,57615
77120,478029,23773,229859,17070,454256,110992,53377,57615
77125,478060,23774,229872,17070,454286,110992,53377,57615
77130,478091,23775,229888,17071,454316,110992,53377,57615
77135,478122,23776,229900,17071,454346,110992,53377,57615
77140,478153,23778,229917,17072,454375,110992,53377,57615
77145,478184,23779,229934,17073,454405,110992,53377,57615
77150,478215,23781,229951,17074,454434,110992,53377,57615
77155,478246,23784,229964,17076,454462,110992,53377,57615
77160,478277,23788,229979,17080,454489,110992,53377,57615
77165,478308,23790,229988,17080,454518,110992,53377,57615
77170,478339,23793,230005,17082,454546,110992,53377,57615
77175,478370,23795,230019,17084,454575,110992,53377,57615
77180,478401,23799,230039,17088,454602,110992,53377,57615
77185,478432,23802,230051,17090,454630,110992,53377,57615
77190,478463,23805,230067,17092,454658,110992,53377,57615
77195,478494,23807,230080,17093,454687,110992,53377,57615
77200,478525,23810,230094,17096,454715,110992,53377,57615
77205,478556,23814,230106,17098,454742,110992,53377,57615
77210,478587,23819,230119,17102,454768,110992,53377,57615
77215,478618,23821,230131,17104,454797,110992,53377,57615
77220,478649,23824,230143,17105,454825,110992,53377,57615
77225,478680,23826,230155,17106,454853,110992,53377,57615
77230,478711,23828,230173,17107,454883,110992,53377,57615
77235,478742,23828,230189,17107,454913,110992,53377,57615
77240,478773,23828,230204,17107,454943,110992,53377,57615
77245,478804,23828,230218,17107,454974,110992,53377,57615
77250,478835,23828,230235,17107,455005,110992,53377,57615
77255,478866,23828,230249,17107,455037,110992,53377,57615
77260,478897,23828,230262,17107,455069,110992,53377,57615
77265,478928,23828,230272,17107,455099,110992,53377,57615
77270,478959,23828,230285,17107,455130,110992,53377,57615
77275,478990,23828,230301,17107,455160,110992,53377,57615
77280,479021,23828,230314,17107,455191,110992,53377,57615
77285,479052,23828,230323,17107,455224,110992,53377,57615
77290,479083,23828,230341,17107,455255,110992,53377,57615
77295,479114,23828,230353,17107,455286,110992,53377,57615
77300,479145,23828,230361,17107,455317,110992,53377,57615
77305,479176,23828,230372,17107,455348,110992,53377,57615
77310,479207,23828,230385,17107,455379,110992,53377,57615
77315,479238,23828,230405,17107,455410,110992,53377,57615
77320,479269,23828,230423,17107,455441,110992,53377,57615
77325,479300,23828,230441,17107,455472,110992,53377,57615
77330,479331,23829,230457,17107,455502,110992,53377,57615
77335,479362,23830,230474,17108,455532,110992,53377,57615
77340,479393,23833,230485,17109,455560,110992,53377,57615
77345,479424,23835,230501,17110,455589,110992,53377,57615
77350,479455,23837,230518,17111,455618,110992,53377,57615
77355,479486,23839,230535,17113,455647,110992,53377,57615
77360,479517,23842,230549,17116,455675,110992,53377,57615
77365,479548,23845,230566,17119,455703,110992,53377,57615
77370,479579,23847,230583,17119,455732,110992,53377,57615
77375,479610,23850,230599,17121,455760,110992,53377,57615
77380,479641,23852,230617,17122,455789,110992,53377,57615
77385,479672,23854,230635,17123,455817,110992,53377,57615
77390,479703,23857,230646,17126,455846,110992,53377,57615
77395,479734,23859,230662,17127,455874,110992,53377,57615
77400,479765,23862,230672,17128,455902,110992,53377,57615
77405,479796,23867,230691,17133,455929,110992,53377,57615
77410,479827,23871,230707,17135,455955,110992,53377,57615
77415,479858,23872,230720,17136,455985,110992,53377,57615
77420,479889,23873,230737,17136,456015,110992,53377,57615
77425,479920,23875,230755,17138,456045,110992,53377,57615
77430,479951,23876,230770,17139,456075,110992,53377,57615
77435,479982,23877,230785,17139,456103,110992,53377,57615
77440,480013,23879,230801,17140,456133,110992,53377,57615
77445,480044,23882,230817,17142,456160,110992,53377,57615
77450,480075,23884,230831,17143,456190,110992,53377,57615
77455,480106,23885,230850,17143,456220,110992,53377,57615
77460,480137,23888,230864,17145,456249,110992,53377,57615
77465,480168,23889,230876,17145,456279,110992,53377,57615
77470,480199,23890,230886,17145,456308,110992,53377,57615
77475,480230,23893,230901,17147,456337,110992,53377,57615
77480,480261,23895,230919,17149,456366,110992,53377,57615
77485,480292,23895,230939,17149,456396,110992,53377,57615
77490,480323,23895,230952,17149,456428,110992,53377,57615
77495,480354,23895,230965,17149,456459,110992,53377,57615
77500,480385,23895,230980,17149,456490,110992,53377,57615
77505,480416,23895,230997,17149,456521,110992,53377,57615
77510,480447,23895,231016,17149,456552,110992,53377,57615
77515,480478,23896,231034,17149,456582,110992,53377,57615
77520,480509,23897,231047,17149,456612,110992,53377,57615
77525,480540,23898,231067,17150,456642,110992,53377,57615
77530,480571,23899,231082,17151,456672,110992,53377,57615
77535,480602,23901,231093,17152,456701,110992,53377,57615
77540,480633,23902,231111,17152,456731,110992,53377,57615
77545,480664,23904,231127,17154,456760,110992,53377,57615
77550,480695,23905,231140,17155,456790,110992,53377,57615
77555,480726,23907,231156,17157,456819,110992,53377,57615
77560,480757,23909,231173,17158,456848,110992,53377,57615
77565,480788,23912,231186,17161,456876,110992,53377,57615
77570,480819,23914,231198,17162,456905,110992,53377,57615
77575,480850,23916,231214,17163,456934,110992,53377,57615
77580,480881,23918,231234,17165,456963,110992,53377,57615
77585,480912,23920,231248,17166,456992,110992,53377,57615
77590,480943,23921,231265,17166,457021,110992,53377,57615
77595,480974,23922,231284,17167,457051,110992,53377,57615
77600,481005,23923,231297,17167,457081,110992,53377,57615
77605,481036,23924,231311,17167,457111,110992,53377,57615
77610,481067,23925,231324,17168,457141,110992,53377,57615
77615,481098,23926,231338,17169,457172,110992,53377,57615
77620,481129,23927,231355,17169,457202,110992,53377,57615
77625,481160,23928,231367,17170,457232,110992,53377,57615
77630,481191,23929,231380,17170,457261,110992,53377,57615
77635,481222,23931,231397,17172,457290,110992,53377,57615
77640,481253,23932,231408,17173,457321,110992,53377,57615
77645,481284,23934,231426,17174,457350,110992,53377,57615
77650,481315,23936,231439,17175,457378,110992,53377,57615
77655,481346,23938,231453,17177,457407,110992,53377,57615
77660,481377,23939,231467,17178,457437,110992,53377,57615
77665,481408,23940,231483,17179,457468,110992,53377,57615
77670,481439,23942,231499,17180,457496,110992,53377,57615
77675,481470,23944,231510,17181,457526,110992,53377,57615
77680,481501,23946,231523,17182,457554,110992,53377,57615
77685,481532,23947,231541,17182,457584,110992,53377,57615
77690,481563,23950,231562,17184,457612,110992,53377,57615
77695,481594,23952,231575,17184,457642,110992,53377,57615
77700,481625,23957,231589,17187,457668,110992,53377,57615
77705,481656,23959,231601,17188,457697,110992,53377,57615
77710,481687,23961,231616,17190,457726,110992,53377,57615
77715,481718,23962,231629,17191,457756,110992,53377,57615
77720,481749,23964,231642,17192,457785,110992,53377,57615
77725,481780,23966,231659,17193,457814,110992,53377,57615
77730,481811,23969,231674,17195,457842,110992,53377,57615
77735,481842,23971,231687,17197,457871,110992,53377,57615
77740,481873,23972,231701,17197,457901,110992,53377,57615
77745,481904,23976,231716,17200,457928,110992,53377,57615
77750,481935,23978,231734,17201,457957,110992,53377,57615
77755,481966,23978,231745,17201,457988,110992,53377,57615
77760,481997,23978,231761,17201,458019,110992,53377,57615
77765,482028,23978,231772,17201,458050,110992,53377,57615
77770,482059,23978,231787,17201,458081,110992,53377,57615
77775,482090,23978,231801,17201,458112,110992,53377,57615
77780,482121,23978,231816,17201,458143,110992,53377,57615
77785,482152,23978,231832,17201,458174,110992,53377,57615
77790,482183,23978,231846,17201,458205,110992,53377,57615
77795,482214,23978,231861,17201,458236,110992,53377,57615
77800,482245,23978,231877,17201,458267,110992,53377,57615
77805,482276,23978,231890,17201,458298,110992,53377,57615
77810,482307,23979,231904,17202,458327,110992,53377,57615
77815,482338,23980,231920,17202,458357,110992,53377,57615
77820,482369,23981,231932,17202,458388,110992,53377,57615
77825,482400,23982,231950,17203,458418,110992,53377,57615
77830,482431,23983,231964,17204,458448,110992,53377,57615
77835,482462,23984,231984,17205,458476,110992,53377,57615
77840,482493,23985,231993,17206,458506,110992,53377,57615
77845,482524,23986,232006,17207,458537,110992,53377,57615
77850,482555,23987,232023,17208,458567,110992,53377,57615
77855,482586,23988,232039,17208,458597,110992,53377,57615
77860,482617,23991,232051,17210,458625,110992,53377,57615
77865,482648,23993,232065,17210,458655,110992,53377,57615
77870,482679,23995,232083,17210,458684,110992,53377,57615
77875,482710,23997,232098,17211,458713,110992,53377,57615
77880,482741,24001,232113,17214,458740,110992,53377,57615
77885,482772,24004,232129,17216,458768,110992,53377,57615
77890,482803,24007,232141,17218,458796,110992,53377,57615
77895,482834,24011,232156,17221,458823,110992,53377,57615
77900,482865,24014,232169,17224,458851,110992,53377,57615
77905,482896,24018,232184,17227,458878,110992,53377,57615
77910,482927,24022,232196,17229,458905,110992,53377,57615
77915,482958,24026,232211,17231,458932,110992,53377,57615
77920,482989,24030,232228,17235,458959,110992,53377,57615
77925,483020,24035,232247,17240,458985,110992,53377,57615
77930,483051,24037,232263,17241,459014,110992,53377,57615
77935,483082,24039,232278,17243,459043,110992,53377,57615
77940,483113,24041,232297,17245,459072,110992,53377,57615
77945,483144,24041,232315,17245,459103,110992,53377,57615
77950,483175,24041,232329,17245,459134,110992,53377,57615
77955,483206,24041,232342,17245,459165,110992,53377,57615
77960,483237,24041,232357,17245,459196,110992,53377,57615
77965,483268,24041,232373,17245,459227,110992,53377,57615
77970,483299,24041,232389,17245,459258,110992,53377,57615
77975,483330,24041,232404,17245,459288,110992,53377,57615
77980,483361,24041,232422,17245,459319,110992,53377,57615
77985,483392,24041,232435,17245,459349,110992,53377,57615
77990,483423,24041,232450,17245,459381,110992,53377,57615
77995,483454,24041,232468,17245,459411,110992,53377,57615
78000,483485,24041,232485,17245,459442,110992,53377,57615
78005,483516,24041,232499,17245,459472,110992,53377,57615
78010,483547,24041,232516,17245,459505,110992,53377,57615
78015,483578,24041,232532,17245,459537,110992,53377,57615
78020,483609,24041,232550,17245,459568,110992,53377,57615
78025,483640,24041,232565,17245,459599,110992,53377,57615
78030,483671,24041,232575,17245,459630,110992,53377,57615
78035,483702,24041,232590,17245,459661,110992,53377,57615
78040,483733,24042,232606,17246,459691,110992,53377,57615
78045,483764,24045,232620,17248,459719,110992,53377,57615
78050,483795,24048,232636,17251,459747,110992,53377,57615
78055,483826,24051,232652,17253,459775,110992,53377,57615
78060,483857,24053,232668,17253,459804,110992,53377,57615
78065,483888,24055,232679,17254,459833,110992,53377,57615
78070,483919,24058,232694,17256,459861,110992,53377,57615
78075,483950,24061,232711,17257,459889,110992,53377,57615
78080,483981,24064,232727,17258,459917,110992,53377,57615
78085,484012,24067,232746,17261,459945,110992,53377,57615
78090,484043,24069,232763,17262,459974,110992,53377,57615
78095,484074,24072,232777,17263,460002,110992,53377,57615
78100,484105,24076,232795,17267,460029,110992,53377,57615
78105,484136,24079,232810,17268,460057,110992,53377,57615
78110,484167,24082,232827,17269,460085,110992,53377,57615
78115,484198,24086,232843,17272,460112,110992,53377,57615
78120,484229,24089,232858,17273,460139,110992,53377,57615
78125,484260,24091,232874,17274,460168,110992,53377,57615
78130,484291,24092,232887,17275,460199,110992,53377,57615
78135,484322,24094,232904,17276,460226,110992,53377,57615
78140,484353,24095,232915,17276,460257,110992,53377,57615
78145,484384,24097,232927,17278,460287,110992,53377,57615
78150,484415,24098,232941,17279,460316,110992,53377,57615
78155,484446,24100,232958,17281,460344,110992,53377,57615
78160,484477,24102,232970,17283,460373,110992,53377,57615
78165,484508,24103,232982,17283,460405,110992,53377,57615
78170,484539,24104,232994,17284,460433,110992,53377,57615
78175,484570,24106,233008,17285,460463,110992,53377,57615
78180,484601,24108,233026,17287,460492,110992,53377,57615
78185,484632,24108,233041,17287,460523,110992,53377,57615
78190,484663,24108,233048,17287,460555,110992,53377,57615
78195,484694,24108,233060,17287,460586,110992,53377,57615
78200,484725,24108,233074,17287,460617,110992,53377,57615
78205,484756,24108,233095,17287,460647,110992,53377,57615
78210,484787,24108,233109,17287,460679,110992,53377,57615
78215,484818,24108,233125,17287,460710,110992,53377,57615
78220,484849,24108,233140,17287,460741,110992,53377,57615
78225,484880,24109,233158,17287,460771,110992,53377,57615
78230,484911,24110,233174,17287,460801,110992,53377,57615
78235,484942,24112,233191,17288,460830,110992,53377,57615
78240,484973,24114,233203,17290,460859,110992,53377,57615
78245,485004,24115,233217,17291,460889,110992,53377,57615
78250,485035,24116,233233,17291,460919,110992,53377,57615
78255,485066,24117,233243,17291,460949,110992,53377,57615
78260,485097,24119,233257,17292,460978,110992,53377,57615
78265,485128,24120,233277,17293,461008,110992,53377,57615
78270,485159,24122,233292,17294,461037,110992,53377,57615
78275,485190,24124,233306,17295,461066,110992,53377,57615
78280,485221,24125,233321,17295,461096,110992,53377,57615
78285,485252,24127,233331,17296,461125,110992,53377,57615
78290,485283,24129,233346,17297,461154,110992,53377,57615
78295,485314,24133,233365,17299,461181,110992,53377,57615
78300,485345,24136,233380,17300,461209,110992,53377,57615
78305,485376,24139,233391,17302,461237,110992,53377,57615
78310,485407,24140,233408,17303,461267,110992,53377,57615
78315,485438,24141,233423,17303,461297,110992,53377,57615
78320,485469,24142,233438,17304,461327,110992,53377,57615
78325,485500,24143,233450,17305,461357,110992,53377,57615
78330,485531,24144,233469,17306,461387,110992,53377,57615
78335,485562,24145,233482,17306,461416,110992,53377,57615
78340,485593,24146,233501,17307,461447,110992,53377,57615
78345,485624,24147,233517,17308,461477,110992,53377,57615
78350,485655,24148,233535,17309,461504,110992,53377,57615
78355,485686,24149,233553,17310,461533,110992,53377,57615
78360,485717,24150,233569,17310,461564,110992,53377,57615
78365,485748,24151,233589,17310,461596,110992,53377,57615
78370,485779,24154,233606,17313,461624,110992,53377,57615
78375,485810,24156,233623,17315,461654,110992,53377,57615
78380,485841,24157,233639,17316,461684,110992,53377,57615
78385,485872,24159,233652,17318,461713,110992,53377,57615
78390,485903,24161,233669,17320,461742,110992,53377,57615
78395,485934,24162,233684,17320,461772,110992,53377,57615
78400,485965,24164,233699,17322,461801,110992,53377,57615
78405,485996,24166,233714,17323,461830,110992,53377,57615
78410,486027,24167,233730,17324,461860,110992,53377,57615
78415,486058,24169,233745,17325,461889,110992,53377,57615
78420,486089,24172,233759,17326,461917,110992,53377,57615
78425,486120,24176,233775,17329,461944,110992,53377,57615
78430,486151,24180,233788,17332,461971,110992,53377,57615
78435,486182,24182,233803,17333,462000,110992,53377,57615
78440,486213,24184,233822,17334,462029,110992,53377,57615
78445,486244,24185,233841,17335,462059,110992,53377,57615
78450,486275,24187,233857,17337,462088,110992,53377,57615
78455,486306,24189,233875,17339,462117,110992,53377,57615
78460,486337,24190,233892,17339,462147,110992,53377,57615
78465,486368,24192,233908,17340,462176,110992,53377,57615
78470,486399,24194,233923,17341,462205,110992,53377,57615
78475,486430,24197,233934,17343,462233,110992,53377,57615
78480,486461,24199,233949,17345,462262,110992,53377,57615
78485,486492,24199,233969,17345,462293,110992,53377,57615
78490,486523,24199,233981,17345,462323,110992,53377,57615
78495,486554,24199,233994,17345,462354,110992,53377,57615
78500,486585,24199,234012,17345,462386,110992,53377,57615
78505,486616,24199,234030,17345,462417,110992,53377,57615
78510,486647,24199,234045,17345,462448,110992,53377,57615
78515,486678,24199,234060,17345,462479,110992,53377,57615
78520,486709,24199,234073,17345,462509,110992,53377,57615
78525,486740,24199,234092,17345,462536,110992,53377,57615
78530,486771,24199,234107,17345,462569,110992,53377,57615
78535,486802,24199,234122,17345,462603,110992,53377,57615
78540,486833,24199,234142,17345,462632,110992,53377,57615
78545,486864,24200,234155,17346,462664,110992,53377,57615
78550,486895,24201,234170,17347,462694,110992,53377,57615
78555,486926,24202,234183,17347,462723,110992,53377,57615
78560,486957,24203,234197,17348,462754,110992,53377,57615
78565,486988,24204,234215,17349,462783,110992,53377,57615
78570,487019,24205,234226,17349,462814,110992,53377,57615
78575,487050,24206,234240,17349,462844,110992,53377,57615
78580,487081,24207,234254,17349,462874,110992,53377,57615
78585,487112,24208,234269,17349,462904,110992,53377,57615
78590,487143,24210,234280,17350,462933,110992,53377,57615
78595,487174,24213,234292,17351,462961,110992,53377,57615
78600,487205,24216,234305,17354,462989,110992,53377,57615
78605,487236,24219,234324,17356,463017,110992,53377,57615
78610,487267,24221,234337,17357,463046,110992,53377,57615
78615,487298,24225,234353,17360,463073,110992,53377,57615
78620,487329,24228,234364,17362,463101,110992,53377,57615
78625,487360,24231,234381,17365,463129,110992,53377,57615
78630,487391,24235,234400,17367,463156,110992,53377,57615
78635,487422,24237,234414,17368,463185,110992,53377,57615
78640,487453,24241,234429,17371,463212,110992,53377,57615
78645,487484,24244,234440,17373,463240,110992,53377,57615
78650,487515,24248,234453,17377,463267,110992,53377,57615
78655,487546,24254,234473,17382,463292,110992,53377,57615
78660,487577,24259,234491,17387,463318,110992,53377,57615
78665,487608,24259,234510,17387,463349,110992,53377,57615
78670,487639,24259,234531,17387,463380,110992,53377,57615
78675,487670,24259,234550,17387,463411,110992,53377,57615
78680,487701,24259,234561,17387,463442,110992,53377,57615
78685,487732,24259,234575,17387,463473,110992,53377,57615
78690,487763,24259,234593,17387,463503,110992,53377,57615
78695,487794,24259,234604,17387,463534,110992,53377,57615
78700,487825,24259,234622,17387,463566,110992,53377,57615
78705,487856,24259,234634,17387,463595,110992,53377,57615
78710,487887,24259,234648,17387,463626,110992,53377,57615
78715,487918,24259,234658,17387,463659,110992,53377,57615
78720,487949,24259,234679,17387,463687,110992,53377,57615
78725,487980,24259,234690,17387,463720,110992,53377,57615
78730,488011,24259,234704,17387,463751,110992,53377,57615
78735,488042,24259,234719,17387,463783,110992,53377,57615
78740,488073,24259,234735,17387,463814,110992,53377,57615
78745,488104,24259,234755,17387,463844,110992,53377,57615
78750,488135,24259,234772,17387,463875,110992,53377,57615
78755,488166,24259,234782,17387,463907,110992,53377,57615
78760,488197,24259,234802,17387,463936,110992,53377,57615
78765,488228,24260,234818,17388,463968,110992,53377,57615
78770,488259,24262,234833,17388,463997,110992,53377,57615
78775,488290,24264,234849,17389,464026,110992,53377,57615
78780,488321,24267,234864,17391,464054,110992,53377,57615
78785,488352,24270,234881,17393,464082,110992,53377,57615
78790,488383,24272,234895,17395,464111,110992,53377,57615
78795,488414,24274,234905,17396,464140,110992,53377,57615
78800,488445,24277,234924,17399,464168,110992,53377,57615
78805,488476,24280,234941,17402,464196,110992,53377,57615
78810,488507,24282,234956,17402,464225,110992,53377,57615
78815,488538,24285,234969,17403,464253,110992,53377,57615
78820,488569,24287,234984,17403,464282,110992,53377,57615
78825,488600,24291,235002,17407,464309,110992,53377,57615
78830,488631,24294,235013,17408,464337,110992,53377,57615
78835,488662,24296,235027,17410,464366,110992,53377,57615
78840,488693,24300,235041,17413,464393,110992,53377,57615
78845,488724,24301,235056,17414,464423,110992,53377,57615
78850,488755,24302,235067,17414,464453,110992,53377,57615
78855,488786,24305,235082,17416,464481,110992,53377,57615
78860,488817,24307,235096,17418,464510,110992,53377,57615
78865,488848,24309,235113,17419,464539,110992,53377,57615
78870,488879,24310,235127,17419,464569,110992,53377,57615
78875,488910,24311,235144,17419,464599,110992,53377,57615
78880,488941,24312,235155,17419,464629,110992,53377,57615
78885,488972,24314,235167,17420,464657,110992,53377,57615
78890,489003,24317,235185,17422,464686,110992,53377,57615
78895,489034,24319,235202,17424,464715,110992,53377,57615
78900,489065,24322,235221,17427,464743,110992,53377,57615
78905,489096,24324,235238,17428,464772,110992,53377,57615
78910,489127,24324,235253,17428,464801,110992,53377,57615
78915,489158,24324,235265,17428,464834,110992,53377,57615
78920,489189,24324,235282,17428,464863,110992,53377,57615
78925,489220,24324,235294,17428,464894,110992,53377,57615
78930,489251,24324,235306,17428,464925,110992,53377,57615
78935,489282,24324,235321,17428,464958,110992,53377,57615
78940,489313,24324,235331,17428,464988,110992,53377,57615
78945,489344,24324,235345,17428,465019,110992,53377,57615
78950,489375,24325,235361,17429,465050,110992,53377,57615
78955,489406,24326,235373,17429,465078,110992,53377,57615
78960,489437,24327,235388,17429,465110,110992,53377,57615
78965,489468,24329,235406,17431,465139,110992,53377,57615
78970,489499,24331,235422,17432,465168,110992,53377,57615
78975,489530,24333,235436,17433,465197,110992,53377,57615
78980,489561,24334,235454,17434,465227,110992,53377,57615
78985,489592,24335,235465,17435,465257,110992,53377,57615
78990,489623,24337,235479,17437,465286,110992,53377,57615
78995,489654,24339,235493,17438,465315,110992,53377,57615
79000,489685,24341,235508,17439,465344,110992,53377,57615
79005,489716,24343,235518,17441,465373,110992,53377,57615
79010,489747,24344,235531,17441,465403,110992,53377,57615
79015,489778,24346,235548,17442,465432,110992,53377,57615
79020,489809,24349,235564,17443,465460,110992,53377,57615
79025,489840,24351,235575,17444,465489,110992,53377,57615
79030,489871,24353,235594,17445,465518,110992,53377,57615
79035,489902,24356,235607,17448,465546,110992,53377,57615
79040,489933,24357,235622,17449,465576,110992,53377,57615
79045,489964,24358,235638,17449,465606,110992,53377,57615
79050,489995,24359,235651,17450,465636,110992,53377,57615
79055,490026,24360,235662,17450,465666,110992,53377,57615
79060,490057,24361,235679,17451,465695,110992,53377,57615
79065,490088,24362,235695,17452,465725,110992,53377,57615
79070,490119,24363,235711,17452,465755,110992,53377,57615
79075,490150,24364,235723,17452,465785,110992,53377,57615
79080,490181,24365,235741,17452,465815,110992,53377,57615
79085,490212,24366,235754,17452,465845,110992,53377,57615
79090,490243,24367,235767,17452,465875,110992,53377,57615
79095,490274,24368,235779,17453,465905,110992,53377,57615
79100,490305,24370,235798,17454,465933,110992,53377,57615
79105,490336,24371,235810,17455,465963,110992,53377,57615
79110,490367,24372,235823,17456,465995,110992,53377,57615
79115,490398,24374,235840,17457,466023,110992,53377,57615
79120,490429,24376,235850,17458,466053,110992,53377,57615
79125,490460,24379,235866,17460,466080,110992,53377,57615
79130,490491,24382,235889,17462,466109,110992,53377,57615
79135,490522,24383,235901,17462,466139,110992,53377,57615
79140,490553,24385,235916,17464,466168,110992,53377,57615
79145,490584,24389,235928,17467,466195,110992,53377,57615
79150,490615,24391,235950,17468,466224,110992,53377,57615
79155,490646,24392,235964,17468,466254,110992,53377,57615
79160,490677,24394,235977,17469,466283,110992,53377,57615
79165,490708,24396,235994,17471,466312,110992,53377,57615
79170,490739,24397,236010,17472,466342,110992,53377,57615
79175,490770,24398,236023,17473,466372,110992,53377,57615
79180,490801,24399,236036,17474,466402,110992,53377,57615
79185,490832,24401,236053,17475,466431,110992,53377,57615
79190,490863,24403,236074,17476,466460,110992,53377,57615
79195,490894,24405,236090,17478,466489,110992,53377,57615
79200,490925,24407,236106,17479,466518,110992,53377,57615
79205,490956,24408,236123,17480,466548,110992,53377,57615
79210,490987,24411,236137,17482,466576,110992,53377,57615
79215,491018,24411,236149,17482,466607,110992,53377,57615
79220,491049,24411,236164,17482,466638,110992,53377,57615
79225,491080,24411,236181,17482,466669,110992,53377,57615
79230,491111,24411,236195,17482,466700,110992,53377,57615
79235,491142,24411,236208,17482,466731,110992,53377,57615
79240,491173,24411,236229,17482,466761,110992,53377,57615
79245,491204,24411,236240,17482,466792,110992,53377,57615
79250,491235,24411,236258,17482,466823,110992,53377,57615
79255,491266,24412,236278,17483,466853,110992,53377,57615
79260,491297,24413,236292,17484,466884,110992,53377,57615
79265,491328,24414,236306,17485,466914,110992,53377,57615
79270,491359,24415,236318,17486,466942,110992,53377,57615
79275,491390,24416,236338,17486,466971,110992,53377,57615
79280,491421,24417,236356,17486,467001,110992,53377,57615
79285,491452,24418,236375,17487,467032,110992,53377,57615
79290,491483,24419,236391,17488,467063,110992,53377,57615
79295,491514,24420,236405,17489,467094,110992,53377,57615
79300,491545,24421,236422,17489,467124,110992,53377,57615
79305,491576,24422,236437,17490,467154,110992,53377,57615
79310,491607,24423,236451,17491,467184,110992,53377,57615
79315,491638,24424,236466,17492,467214,110992,53377,57615
79320,491669,24426,236479,17493,467243,110992,53377,57615
79325,491700,24429,236494,17495,467271,110992,53377,57615
79330,491731,24432,236510,17497,467299,110992,53377,57615
79335,491762,24436,236529,17501,467326,110992,53377,57615
79340,491793,24438,236548,17503,467355,110992,53377,57615
79345,491824,24441,236555,17505,467383,110992,53377,57615
79350,491855,24444,236571,17507,467411,110992,53377,57615
79355,491886,24447,236583,17509,467439,110992,53377,57615
79360,491917,24451,236604,17513,467466,110992,53377,57615
79365,491948,24454,236620,17515,467494,110992,53377,57615
79370,491979,24457,236635,17517,467522,110992,53377,57615
79375,492010,24463,236653,17521,467547,110992,53377,57615
79380,492041,24467,236677,17525,467574,110992,53377,57615
79385,492072,24471,236694,17528,467601,110992,53377,57615
79390,492103,24471,236711,17528,467632,110992,53377,57615
79395,492134,24471,236725,17528,467663,110992,53377,57615
79400,492165,24471,236742,17528,467694,110992,53377,57615
79405,492196,24471,236755,17528,467725,110992,53377,57615
79410,492227,24471,236769,17528,467755,110992,53377,57615
79415,492258,24471,236786,17528,467786,110992,53377,57615
79420,492289,24471,236802,17528,467817,110992,53377,57615
79425,492320,24471,236817,17528,467845,110992,53377,57615
79430,492351,24471,236830,17528,467877,110992,53377,57615
79435,492382,24471,236845,17528,467909,110992,53377,57615
79440,492413,24471,236863,17528,467940,110992,53377,57615
79445,492444,24471,236880,17528,467971,110992,53377,57615
79450,492475,24471,236891,17528,468003,110992,53377,57615
79455,492506,24471,236904,17528,468035,110992,53377,57615
