source,gentime, athop, hopcount,priority, reachedTime
2,3,2,2,1, 5
1,6,1,1,0, 7
3,7,3,3,1, 10
8,16,1,1,1, 17
11,14,4,4,0, 18
9,17,2,2,0, 19
16,19,2,2,0, 21
17,19,3,3,1, 22
15,21,2,2,0, 23
22,26,4,4,0, 30
24,29,1,1,0, 30
19,26,5,5,0, 31
23,28,3,3,1, 31
25,35,2,2,1, 37
26,37,3,3,1, 40
2,43,2,2,1, 45
1,46,1,1,1, 47
3,47,3,3,0, 50
8,56,1,1,0, 57
11,54,4,4,1, 58
9,57,2,2,0, 59
16,59,2,2,1, 61
17,59,3,3,0, 62
15,61,2,2,1, 63
20,63,6,6,1, 69
22,66,4,4,0, 70
24,69,1,1,1, 70
19,66,5,5,1, 71
23,68,3,3,1, 71
25,75,2,2,0, 77
31,76,2,2,0, 78
26,77,3,3,0, 80
2,83,2,2,0, 85
1,86,1,1,1, 87
3,87,3,3,0, 90
8,96,1,1,1, 97
11,94,4,4,1, 98
9,97,2,2,0, 99
16,99,2,2,0, 101
17,99,3,3,0, 102
15,101,2,2,0, 103
13,99,4,6,1, 105
12,100,5,5,0, 105
20,103,6,6,1, 109
22,106,4,4,0, 110
24,109,1,1,1, 110
19,106,5,5,0, 111
23,108,3,3,1, 111
25,115,2,2,0, 117
31,116,2,2,1, 118
26,117,3,3,1, 120
2,123,2,2,1, 125
1,126,1,1,0, 127
3,127,3,3,0, 130
5,127,3,9,0, 136
8,136,1,1,0, 137
6,130,2,8,1, 138
11,134,4,4,1, 138
9,137,2,2,1, 139
16,139,2,2,1, 141
17,139,3,3,0, 142
15,141,2,2,1, 143
13,139,4,6,0, 145
12,140,5,5,1, 145
20,143,6,6,1, 149
22,146,4,4,1, 150
24,149,1,1,0, 150
19,146,5,5,1, 151
23,148,3,3,0, 151
25,155,2,2,1, 157
31,156,2,2,1, 158
26,157,3,3,0, 160
28,154,5,7,1, 161
2,163,2,2,0, 165
1,166,1,1,1, 167
3,167,3,3,1, 170
5,167,3,7,1, 174
8,176,1,1,0, 177
11,174,4,4,1, 178
9,177,2,2,1, 179
16,179,2,2,1, 181
17,179,3,3,0, 182
15,181,2,2,0, 183
13,179,4,6,1, 185
22,186,4,4,1, 190
24,189,1,1,0, 190
23,188,3,3,1, 191
31,196,2,2,1, 198
1,206,1,1,1, 207
8,216,1,1,1, 217
16,219,2,2,1, 221
17,219,3,3,1, 222
15,221,2,2,0, 223
22,226,4,4,1, 230
24,229,1,1,1, 230
25,235,2,2,1, 237
31,236,2,2,1, 238
1,246,1,1,0, 247
8,256,1,1,0, 257
16,259,2,2,1, 261
15,261,2,2,1, 263
24,269,1,1,1, 270
31,276,2,2,0, 278
26,277,3,3,1, 280
1,286,1,1,0, 287
8,296,1,1,0, 297
9,297,2,2,1, 299
24,309,1,1,0, 310
25,315,2,2,1, 317
26,317,3,3,1, 320
1,326,1,1,0, 327
8,336,1,1,1, 337
16,339,2,2,1, 341
24,349,1,1,0, 350
25,355,2,2,1, 357
31,356,2,2,1, 358
1,366,1,1,0, 367
8,376,1,1,0, 377
24,389,1,1,1, 390
26,397,3,3,1, 400
1,406,1,1,1, 407
8,416,1,1,0, 417
9,417,2,2,1, 419
17,419,3,3,1, 422
24,429,1,1,1, 430
31,436,2,2,1, 438
8,456,1,1,0, 457
24,469,1,1,1, 470
8,496,1,1,0, 497
24,509,1,1,1, 510
31,516,2,2,1, 518
1,526,1,1,0, 527
8,536,1,1,0, 537
9,537,2,2,1, 539
24,549,1,1,1, 550
31,556,2,2,1, 558
1,566,1,1,0, 567
8,576,1,1,0, 577
16,579,2,2,1, 581
15,581,2,2,1, 583
24,589,1,1,1, 590
1,606,1,1,0, 607
8,616,1,1,0, 617
15,621,2,2,1, 623
24,629,1,1,1, 630
1,646,1,1,1, 647
8,656,1,1,1, 657
9,657,2,2,1, 659
24,669,1,1,0, 670
1,686,1,1,0, 687
24,709,1,1,0, 710
1,726,1,1,0, 727
3,727,3,3,1, 730
17,739,3,3,1, 742
24,749,1,1,1, 750
1,766,1,1,1, 767
8,776,1,1,1, 777
16,779,2,2,1, 781
24,789,1,1,0, 790
1,806,1,1,1, 807
8,816,1,1,1, 817
24,829,1,1,1, 830
31,836,2,2,1, 838
1,846,1,1,0, 847
8,856,1,1,1, 857
24,869,1,1,1, 870
1,886,1,1,0, 887
8,896,1,1,1, 897
16,899,2,2,1, 901
24,909,1,1,0, 910
1,926,1,1,1, 927
8,936,1,1,1, 937
24,949,1,1,0, 950
2,963,2,2,1, 965
1,966,1,1,1, 967
8,976,1,1,1, 977
24,989,1,1,1, 990
1,1006,1,1,0, 1007
8,1016,1,1,1, 1017
9,1017,2,2,1, 1019
17,1019,3,3,1, 1022
24,1029,1,1,0, 1030
1,1046,1,1,0, 1047
8,1056,1,1,0, 1057
24,1069,1,1,1, 1070
2,1083,2,2,1, 1085
1,1086,1,1,0, 1087
8,1096,1,1,1, 1097
24,1109,1,1,1, 1110
1,1126,1,1,1, 1127
8,1136,1,1,1, 1137
9,1137,2,2,1, 1139
16,1139,2,2,1, 1141
1,1166,1,1,1, 1167
8,1176,1,1,0, 1177
1,1206,1,1,1, 1207
8,1216,1,1,0, 1217
1,1246,1,1,1, 1247
8,1256,1,1,0, 1257
24,1269,1,1,0, 1270
25,1275,2,2,1, 1277
1,1286,1,1,0, 1287
8,1296,1,1,1, 1297
9,1297,2,2,1, 1299
24,1309,1,1,0, 1310
31,1316,2,2,1, 1318
8,1336,1,1,0, 1337
24,1349,1,1,1, 1350
8,1376,1,1,1, 1377
24,1389,1,1,1, 1390
8,1416,1,1,1, 1417
24,1429,1,1,0, 1430
26,1437,3,3,1, 1440
2,1443,2,2,1, 1445
1,1446,1,1,1, 1447
8,1456,1,1,1, 1457
24,1469,1,1,1, 1470
25,1475,2,2,1, 1477
1,1486,1,1,0, 1487
8,1496,1,1,1, 1497
15,1501,2,2,1, 1503
8,1536,1,1,0, 1537
15,1541,2,2,1, 1543
8,1576,1,1,0, 1577
16,1579,2,2,1, 1581
15,1581,2,2,1, 1583
1,1606,1,1,0, 1607
3,1607,3,3,1, 1610
8,1616,1,1,1, 1617
9,1617,2,2,1, 1619
24,1629,1,1,1, 1630
1,1646,1,1,1, 1647
16,1659,2,2,1, 1661
24,1669,1,1,1, 1670
1,1686,1,1,1, 1687
24,1709,1,1,0, 1710
2,1723,2,2,1, 1725
1,1726,1,1,1, 1727
8,1736,1,1,0, 1737
24,1749,1,1,1, 1750
31,1756,2,2,1, 1758
1,1766,1,1,0, 1767
8,1776,1,1,0, 1777
17,1779,3,3,1, 1782
24,1789,1,1,0, 1790
31,1796,2,2,1, 1798
1,1806,1,1,0, 1807
8,1816,1,1,1, 1817
2,1843,2,2,1, 1845
1,1846,1,1,1, 1847
8,1856,1,1,1, 1857
11,1854,4,4,1, 1858
8,1896,1,1,1, 1897
9,1897,2,2,1, 1899
8,1936,1,1,0, 1937
16,1939,2,2,1, 1941
1,1966,1,1,0, 1967
8,1976,1,1,1, 1977
11,1974,4,4,1, 1978
9,1977,2,2,1, 1979
17,1979,3,3,1, 1982
24,1989,1,1,0, 1990
1,2006,1,1,0, 2007
24,2029,1,1,0, 2030
1,2046,1,1,1, 2047
8,2056,1,1,0, 2057
15,2061,2,2,1, 2063
24,2069,1,1,0, 2070
1,2086,1,1,1, 2087
3,2087,3,3,1, 2090
8,2096,1,1,1, 2097
11,2094,4,4,1, 2098
9,2097,2,2,1, 2099
17,2099,3,3,1, 2102
24,2109,1,1,0, 2110
24,2149,1,1,0, 2150
24,2189,1,1,1, 2190
1,2206,1,1,1, 2207
3,2207,3,5,1, 2212
8,2216,1,1,1, 2217
11,2214,4,6,1, 2220
16,2219,2,2,1, 2221
1,2246,1,1,0, 2247
1,2286,1,1,1, 2287
1,2326,1,1,0, 2327
8,2336,1,1,1, 2337
9,2337,2,2,1, 2339
11,2334,4,6,1, 2340
15,2341,2,2,1, 2343
24,2349,1,1,1, 2350
1,2366,1,1,0, 2367
8,2376,1,1,0, 2377
24,2389,1,1,0, 2390
1,2406,1,1,0, 2407
8,2416,1,1,1, 2417
24,2429,1,1,1, 2430
1,2446,1,1,0, 2447
3,2447,3,3,1, 2450
8,2456,1,1,1, 2457
11,2454,4,4,1, 2458
9,2457,2,2,1, 2459
16,2459,2,2,1, 2461
17,2459,3,3,1, 2462
24,2469,1,1,1, 2470
31,2476,2,2,1, 2478
1,2486,1,1,1, 2487
24,2509,1,1,0, 2510
31,2516,2,2,1, 2518
1,2526,1,1,1, 2527
8,2536,1,1,1, 2537
24,2549,1,1,1, 2550
1,2566,1,1,1, 2567
8,2576,1,1,1, 2577
17,2579,3,3,1, 2582
24,2589,1,1,0, 2590
1,2606,1,1,0, 2607
24,2629,1,1,1, 2630
25,2635,2,2,1, 2637
1,2646,1,1,1, 2647
8,2656,1,1,1, 2657
24,2669,1,1,1, 2670
1,2686,1,1,0, 2687
8,2696,1,1,1, 2697
9,2697,2,2,1, 2699
17,2699,3,3,1, 2702
1,2726,1,1,0, 2727
1,2766,1,1,0, 2767
8,2776,1,1,1, 2777
15,2781,2,2,1, 2783
2,2803,2,2,1, 2805
1,2806,1,1,1, 2807
3,2807,3,3,1, 2810
8,2816,1,1,0, 2817
24,2829,1,1,1, 2830
25,2835,2,2,1, 2837
24,2869,1,1,1, 2870
25,2875,2,2,1, 2877
24,2909,1,1,0, 2910
1,2926,1,1,1, 2927
8,2936,1,1,0, 2937
9,2937,2,2,1, 2939
16,2939,2,2,1, 2941
15,2941,2,2,1, 2943
24,2949,1,1,1, 2950
31,2956,2,2,1, 2958
1,2966,1,1,0, 2967
8,2976,1,1,0, 2977
24,2989,1,1,1, 2990
1,3006,1,1,1, 3007
8,3016,1,1,0, 3017
15,3021,2,2,1, 3023
24,3029,1,1,0, 3030
31,3036,2,2,1, 3038
1,3046,1,1,0, 3047
3,3047,3,3,1, 3050
8,3056,1,1,0, 3057
16,3059,2,2,1, 3061
24,3069,1,1,0, 3070
1,3086,1,1,0, 3087
24,3109,1,1,0, 3110
1,3126,1,1,1, 3127
24,3149,1,1,1, 3150
1,3166,1,1,1, 3167
8,3176,1,1,1, 3177
11,3174,4,4,1, 3178
17,3179,3,3,1, 3182
15,3181,2,2,1, 3183
24,3189,1,1,0, 3190
1,3206,1,1,1, 3207
8,3216,1,1,1, 3217
15,3221,2,2,1, 3223
24,3229,1,1,0, 3230
31,3236,2,2,1, 3238
1,3246,1,1,1, 3247
8,3256,1,1,0, 3257
24,3269,1,1,0, 3270
2,3283,2,2,1, 3285
1,3286,1,1,1, 3287
3,3287,3,3,1, 3290
8,3296,1,1,1, 3297
16,3299,2,2,1, 3301
1,3326,1,1,1, 3327
25,3355,2,2,1, 3357
1,3366,1,1,1, 3367
25,3395,2,2,1, 3397
1,3406,1,1,0, 3407
8,3416,1,1,1, 3417
16,3419,2,2,1, 3421
17,3419,3,3,1, 3422
15,3421,2,2,1, 3423
24,3429,1,1,0, 3430
1,3446,1,1,1, 3447
8,3456,1,1,0, 3457
15,3461,2,2,1, 3463
24,3469,1,1,0, 3470
1,3486,1,1,1, 3487
8,3496,1,1,0, 3497
24,3509,1,1,1, 3510
1,3526,1,1,1, 3527
8,3536,1,1,1, 3537
24,3549,1,1,1, 3550
31,3556,2,2,1, 3558
1,3566,1,1,1, 3567
24,3589,1,1,0, 3590
31,3596,2,2,1, 3598
1,3606,1,1,1, 3607
24,3629,1,1,1, 3630
1,3646,1,1,0, 3647
3,3647,3,3,1, 3650
8,3656,1,1,0, 3657
9,3657,2,2,1, 3659
17,3659,3,3,1, 3662
15,3661,2,2,1, 3663
24,3669,1,1,0, 3670
1,3686,1,1,0, 3687
8,3696,1,1,0, 3697
24,3709,1,1,1, 3710
1,3726,1,1,1, 3727
8,3736,1,1,0, 3737
24,3749,1,1,0, 3750
1,3766,1,1,1, 3767
3,3767,3,3,1, 3770
8,3776,1,1,1, 3777
16,3779,2,2,1, 3781
17,3779,3,3,1, 3782
24,3789,1,1,0, 3790
24,3829,1,1,0, 3830
8,3856,1,1,1, 3857
16,3859,2,2,1, 3861
15,3861,2,2,1, 3863
24,3869,1,1,1, 3870
1,3886,1,1,1, 3887
3,3887,3,3,1, 3890
8,3896,1,1,0, 3897
9,3897,2,2,1, 3899
16,3899,2,2,1, 3901
17,3899,3,3,1, 3902
24,3909,1,1,0, 3910
1,3926,1,1,0, 3927
24,3949,1,1,1, 3950
1,3966,1,1,1, 3967
2,4003,2,2,1, 4005
1,4006,1,1,0, 4007
3,4007,3,3,1, 4010
9,4017,2,2,1, 4019
24,4029,1,1,0, 4030
24,4069,1,1,0, 4070
8,4096,1,1,0, 4097
9,4097,2,2,1, 4099
15,4101,2,2,1, 4103
1,4126,1,1,0, 4127
8,4136,1,1,0, 4137
15,4141,2,2,1, 4143
25,4155,2,2,1, 4157
26,4157,3,3,1, 4160
1,4166,1,1,1, 4167
8,4176,1,1,0, 4177
16,4179,2,2,1, 4181
15,4181,2,2,1, 4183
24,4189,1,1,1, 4190
31,4196,2,2,1, 4198
1,4206,1,1,1, 4207
16,4219,2,2,1, 4221
17,4219,3,3,1, 4222
24,4229,1,1,0, 4230
1,4246,1,1,1, 4247
16,4259,2,2,1, 4261
24,4269,1,1,0, 4270
1,4286,1,1,1, 4287
24,4309,1,1,1, 4310
23,4308,3,3,1, 4311
25,4315,2,2,1, 4317
26,4317,3,3,1, 4320
1,4326,1,1,0, 4327
8,4336,1,1,0, 4337
17,4339,3,3,1, 4342
15,4341,2,2,1, 4343
25,4355,2,2,1, 4357
1,4366,1,1,1, 4367
8,4376,1,1,0, 4377
17,4379,3,3,1, 4382
15,4381,2,2,1, 4383
25,4395,2,2,1, 4397
1,4406,1,1,1, 4407
8,4416,1,1,1, 4417
17,4419,3,3,1, 4422
15,4421,2,2,1, 4423
24,4429,1,1,0, 4430
25,4435,2,2,1, 4437
1,4446,1,1,1, 4447
8,4456,1,1,0, 4457
24,4469,1,1,0, 4470
2,4483,2,2,1, 4485
1,4486,1,1,1, 4487
8,4496,1,1,1, 4497
9,4497,2,2,1, 4499
24,4509,1,1,0, 4510
31,4516,2,2,1, 4518
8,4536,1,1,0, 4537
9,4537,2,2,1, 4539
15,4541,2,2,1, 4543
24,4549,1,1,1, 4550
24,4589,1,1,0, 4590
1,4606,1,1,1, 4607
24,4629,1,1,0, 4630
1,4646,1,1,0, 4647
9,4657,2,2,1, 4659
24,4669,1,1,0, 4670
1,4686,1,1,0, 4687
8,4696,1,1,1, 4697
9,4697,2,2,1, 4699
15,4701,2,2,1, 4703
24,4709,1,1,0, 4710
1,4726,1,1,0, 4727
8,4736,1,1,0, 4737
9,4737,2,2,1, 4739
16,4739,2,2,1, 4741
15,4741,2,2,1, 4743
25,4755,2,2,1, 4757
1,4766,1,1,1, 4767
17,4779,3,3,1, 4782
1,4806,1,1,1, 4807
1,4846,1,1,1, 4847
8,4856,1,1,1, 4857
17,4859,3,3,1, 4862
24,4869,1,1,0, 4870
25,4875,2,2,1, 4877
31,4876,2,2,1, 4878
1,4886,1,1,0, 4887
8,4896,1,1,1, 4897
16,4899,2,2,1, 4901
24,4909,1,1,1, 4910
25,4915,2,2,1, 4917
1,4926,1,1,1, 4927
8,4936,1,1,0, 4937
16,4939,2,2,1, 4941
25,4955,2,2,1, 4957
1,4966,1,1,1, 4967
8,4976,1,1,0, 4977
9,4977,2,2,1, 4979
16,4979,2,2,1, 4981
25,4995,2,2,1, 4997
1,5006,1,1,1, 5007
17,5019,3,3,1, 5022
24,5029,1,1,0, 5030
8,5056,1,1,0, 5057
24,5069,1,1,0, 5070
8,5096,1,1,1, 5097
15,5101,2,2,1, 5103
24,5109,1,1,0, 5110
8,5136,1,1,1, 5137
15,5141,2,2,1, 5143
24,5149,1,1,0, 5150
31,5156,2,2,1, 5158
2,5163,2,2,1, 5165
1,5166,1,1,1, 5167
3,5167,3,3,1, 5170
8,5176,1,1,1, 5177
24,5189,1,1,1, 5190
25,5195,2,2,1, 5197
31,5196,2,2,1, 5198
1,5206,1,1,1, 5207
3,5207,3,3,1, 5210
8,5216,1,1,1, 5217
16,5219,2,2,1, 5221
1,5246,1,1,0, 5247
1,5286,1,1,1, 5287
1,5326,1,1,0, 5327
8,5336,1,1,1, 5337
17,5339,3,3,1, 5342
24,5349,1,1,0, 5350
31,5356,2,2,1, 5358
1,5366,1,1,0, 5367
8,5376,1,1,0, 5377
15,5381,2,2,1, 5383
24,5389,1,1,1, 5390
31,5396,2,2,1, 5398
1,5406,1,1,1, 5407
8,5416,1,1,0, 5417
24,5429,1,1,0, 5430
31,5436,2,2,1, 5438
2,5443,2,2,1, 5445
1,5446,1,1,0, 5447
8,5456,1,1,0, 5457
9,5457,2,2,1, 5459
16,5459,2,2,1, 5461
25,5475,2,2,1, 5477
1,5486,1,1,0, 5487
25,5515,2,2,1, 5517
1,5526,1,1,1, 5527
25,5555,2,2,1, 5557
1,5566,1,1,0, 5567
8,5576,1,1,0, 5577
9,5577,2,2,1, 5579
16,5579,2,2,1, 5581
15,5581,2,2,1, 5583
24,5589,1,1,0, 5590
1,5606,1,1,1, 5607
24,5629,1,1,0, 5630
2,5643,2,2,1, 5645
1,5646,1,1,0, 5647
24,5669,1,1,0, 5670
2,5683,2,2,1, 5685
1,5686,1,1,1, 5687
3,5687,3,3,1, 5690
8,5696,1,1,1, 5697
15,5701,2,2,1, 5703
24,5709,1,1,0, 5710
8,5736,1,1,1, 5737
15,5741,2,2,1, 5743
24,5749,1,1,1, 5750
25,5755,2,2,1, 5757
8,5776,1,1,1, 5777
24,5789,1,1,0, 5790
25,5795,2,2,1, 5797
1,5806,1,1,1, 5807
8,5816,1,1,0, 5817
9,5817,2,2,1, 5819
16,5819,2,2,1, 5821
17,5819,3,3,1, 5822
24,5829,1,1,1, 5830
31,5836,2,2,1, 5838
1,5846,1,1,0, 5847
24,5869,1,1,1, 5870
1,5886,1,1,1, 5887
8,5896,1,1,0, 5897
24,5909,1,1,1, 5910
2,5923,2,2,1, 5925
1,5926,1,1,0, 5927
3,5927,3,3,1, 5930
8,5936,1,1,1, 5937
16,5939,2,2,1, 5941
24,5949,1,1,1, 5950
1,5966,1,1,0, 5967
24,5989,1,1,1, 5990
1,6006,1,1,0, 6007
24,6029,1,1,1, 6030
1,6046,1,1,1, 6047
8,6056,1,1,0, 6057
16,6059,2,2,1, 6061
17,6059,3,3,1, 6062
24,6069,1,1,0, 6070
1,6086,1,1,0, 6087
24,6109,1,1,0, 6110
1,6126,1,1,0, 6127
8,6136,1,1,0, 6137
17,6139,3,3,1, 6142
24,6149,1,1,1, 6150
1,6166,1,1,1, 6167
8,6176,1,1,0, 6177
9,6177,2,2,1, 6179
17,6179,3,3,1, 6182
24,6189,1,1,0, 6190
1,6206,1,1,0, 6207
24,6229,1,1,1, 6230
1,6246,1,1,0, 6247
24,6269,1,1,0, 6270
1,6286,1,1,0, 6287
8,6296,1,1,0, 6297
15,6301,2,2,1, 6303
24,6309,1,1,1, 6310
1,6326,1,1,1, 6327
8,6336,1,1,1, 6337
24,6349,1,1,1, 6350
1,6366,1,1,1, 6367
8,6376,1,1,1, 6377
24,6389,1,1,0, 6390
1,6406,1,1,0, 6407
8,6416,1,1,0, 6417
9,6417,2,2,1, 6419
16,6419,2,2,1, 6421
24,6429,1,1,0, 6430
1,6446,1,1,0, 6447
24,6469,1,1,1, 6470
1,6486,1,1,1, 6487
24,6509,1,1,0, 6510
2,6523,2,2,1, 6525
1,6526,1,1,1, 6527
8,6536,1,1,1, 6537
17,6539,3,3,1, 6542
24,6549,1,1,1, 6550
1,6566,1,1,0, 6567
8,6576,1,1,0, 6577
24,6589,1,1,1, 6590
1,6606,1,1,1, 6607
8,6616,1,1,0, 6617
24,6629,1,1,0, 6630
1,6646,1,1,1, 6647
8,6656,1,1,0, 6657
17,6659,3,3,1, 6662
15,6661,2,2,1, 6663
24,6669,1,1,1, 6670
25,6675,2,2,1, 6677
1,6686,1,1,1, 6687
8,6696,1,1,0, 6697
15,6701,2,2,1, 6703
24,6709,1,1,1, 6710
2,6723,2,2,1, 6725
1,6726,1,1,1, 6727
8,6736,1,1,0, 6737
24,6749,1,1,0, 6750
25,6755,2,2,1, 6757
1,6766,1,1,0, 6767
8,6776,1,1,0, 6777
16,6779,2,2,1, 6781
17,6779,3,3,1, 6782
24,6789,1,1,1, 6790
31,6796,2,2,1, 6798
1,6806,1,1,1, 6807
24,6829,1,1,1, 6830
31,6836,2,2,1, 6838
1,6846,1,1,0, 6847
8,6856,1,1,1, 6857
15,6861,2,2,1, 6863
24,6869,1,1,1, 6870
31,6876,2,2,1, 6878
1,6886,1,1,1, 6887
8,6896,1,1,1, 6897
17,6899,3,3,1, 6902
25,6915,2,2,1, 6917
1,6926,1,1,1, 6927
1,6966,1,1,0, 6967
8,6976,1,1,1, 6977
2,7003,2,2,1, 7005
1,7006,1,1,1, 7007
8,7016,1,1,0, 7017
16,7019,2,2,1, 7021
17,7019,3,3,1, 7022
24,7029,1,1,1, 7030
24,7069,1,1,0, 7070
31,7076,2,2,1, 7078
8,7096,1,1,0, 7097
15,7101,2,2,1, 7103
24,7109,1,1,0, 7110
1,7126,1,1,0, 7127
8,7136,1,1,0, 7137
17,7139,3,3,1, 7142
1,7166,1,1,0, 7167
1,7206,1,1,1, 7207
8,7216,1,1,1, 7217
15,7221,2,2,1, 7223
24,7229,1,1,1, 7230
1,7246,1,1,1, 7247
3,7247,3,3,1, 7250
8,7256,1,1,0, 7257
9,7257,2,2,1, 7259
16,7259,2,2,1, 7261
17,7259,3,3,1, 7262
24,7269,1,1,0, 7270
1,7286,1,1,0, 7287
24,7309,1,1,1, 7310
1,7326,1,1,0, 7327
16,7339,2,2,1, 7341
24,7349,1,1,0, 7350
25,7355,2,2,1, 7357
1,7366,1,1,0, 7367
16,7379,2,2,1, 7381
25,7395,2,2,1, 7397
2,7403,2,2,1, 7405
1,7406,1,1,0, 7407
23,7428,3,5,1, 7433
25,7435,2,2,1, 7437
8,7456,1,1,0, 7457
15,7461,2,2,1, 7463
8,7496,1,1,1, 7497
17,7499,3,3,1, 7502
15,7501,2,2,1, 7503
24,7509,1,1,0, 7510
1,7526,1,1,0, 7527
8,7536,1,1,1, 7537
16,7539,2,2,1, 7541
15,7541,2,2,1, 7543
22,7546,4,4,1, 7550
24,7549,1,1,0, 7550
23,7548,3,3,1, 7551
1,7566,1,1,0, 7567
8,7576,1,1,1, 7577
24,7589,1,1,0, 7590
31,7596,2,2,1, 7598
1,7606,1,1,0, 7607
8,7616,1,1,1, 7617
15,7621,2,2,1, 7623
24,7629,1,1,0, 7630
1,7646,1,1,1, 7647
8,7656,1,1,1, 7657
22,7666,4,4,1, 7670
24,7669,1,1,1, 7670
25,7675,2,2,1, 7677
1,7686,1,1,0, 7687
24,7709,1,1,1, 7710
31,7716,2,2,1, 7718
1,7726,1,1,1, 7727
24,7749,1,1,0, 7750
2,7763,2,2,1, 7765
1,7766,1,1,0, 7767
24,7789,1,1,0, 7790
2,7803,2,2,1, 7805
1,7806,1,1,0, 7807
8,7816,1,1,0, 7817
16,7819,2,2,1, 7821
17,7819,3,3,1, 7822
24,7829,1,1,1, 7830
2,7843,2,2,1, 7845
1,7846,1,1,0, 7847
8,7856,1,1,0, 7857
24,7869,1,1,0, 7870
1,7886,1,1,0, 7887
8,7896,1,1,0, 7897
15,7901,2,2,1, 7903
24,7909,1,1,1, 7910
31,7916,2,2,1, 7918
1,7926,1,1,1, 7927
24,7949,1,1,1, 7950
1,7966,1,1,0, 7967
3,7967,3,3,1, 7970
24,7989,1,1,1, 7990
25,7995,2,2,1, 7997
1,8006,1,1,0, 8007
24,8029,1,1,1, 8030
31,8036,2,2,1, 8038
1,8046,1,1,0, 8047
8,8056,1,1,1, 8057
16,8059,2,2,1, 8061
1,8086,1,1,1, 8087
3,8087,3,3,1, 8090
8,8096,1,1,1, 8097
9,8097,2,2,1, 8099
15,8101,2,2,1, 8103
8,8136,1,1,0, 8137
16,8139,2,2,1, 8141
15,8141,2,2,1, 8143
24,8149,1,1,1, 8150
25,8155,2,2,1, 8157
26,8157,3,3,1, 8160
1,8166,1,1,1, 8167
3,8167,3,3,1, 8170
8,8176,1,1,1, 8177
15,8181,2,2,1, 8183
24,8189,1,1,1, 8190
31,8196,2,2,1, 8198
2,8203,2,2,1, 8205
1,8206,1,1,1, 8207
3,8207,3,3,1, 8210
8,8216,1,1,1, 8217
24,8229,1,1,0, 8230
31,8236,2,2,1, 8238
1,8246,1,1,1, 8247
24,8269,1,1,0, 8270
31,8276,2,2,1, 8278
1,8286,1,1,0, 8287
1,8326,1,1,0, 8327
1,8366,1,1,1, 8367
24,8389,1,1,1, 8390
23,8388,3,3,1, 8391
1,8406,1,1,0, 8407
3,8407,3,3,1, 8410
8,8416,1,1,1, 8417
24,8429,1,1,0, 8430
1,8446,1,1,0, 8447
8,8456,1,1,0, 8457
24,8469,1,1,0, 8470
1,8486,1,1,1, 8487
8,8496,1,1,1, 8497
24,8509,1,1,1, 8510
1,8526,1,1,0, 8527
8,8536,1,1,0, 8537
15,8541,2,2,1, 8543
24,8549,1,1,0, 8550
1,8566,1,1,0, 8567
8,8576,1,1,0, 8577
24,8589,1,1,1, 8590
1,8606,1,1,0, 8607
8,8616,1,1,1, 8617
15,8621,2,2,1, 8623
24,8629,1,1,1, 8630
25,8635,2,2,1, 8637
31,8636,2,2,1, 8638
1,8646,1,1,1, 8647
8,8656,1,1,0, 8657
15,8661,2,2,1, 8663
24,8669,1,1,1, 8670
2,8683,2,2,1, 8685
1,8686,1,1,0, 8687
3,8687,3,3,1, 8690
8,8696,1,1,0, 8697
9,8697,2,2,1, 8699
24,8709,1,1,1, 8710
24,8749,1,1,0, 8750
31,8756,2,2,1, 8758
24,8789,1,1,1, 8790
31,8796,2,2,1, 8798
1,8806,1,1,1, 8807
8,8816,1,1,1, 8817
9,8817,2,2,1, 8819
17,8819,3,3,1, 8822
15,8821,2,2,1, 8823
8,8856,1,1,1, 8857
16,8859,2,2,1, 8861
15,8861,2,2,1, 8863
8,8896,1,1,1, 8897
23,8908,3,3,1, 8911
1,8926,1,1,0, 8927
8,8936,1,1,1, 8937
9,8937,2,2,1, 8939
17,8939,3,3,1, 8942
24,8949,1,1,0, 8950
24,8989,1,1,1, 8990
1,9006,1,1,1, 9007
9,9017,2,2,1, 9019
24,9029,1,1,1, 9030
25,9035,2,2,1, 9037
1,9046,1,1,0, 9047
9,9057,2,2,1, 9059
17,9059,3,3,1, 9062
24,9069,1,1,1, 9070
24,9109,1,1,0, 9110
31,9116,2,2,1, 9118
8,9136,1,1,1, 9137
9,9137,2,2,1, 9139
24,9149,1,1,1, 9150
25,9155,2,2,1, 9157
26,9157,3,3,1, 9160
2,9163,2,4,1, 9167
1,9166,1,1,1, 9167
3,9167,3,5,1, 9172
8,9176,1,1,0, 9177
9,9177,2,2,1, 9179
16,9179,2,2,1, 9181
24,9189,1,1,0, 9190
1,9206,1,1,0, 9207
8,9216,1,1,1, 9217
15,9221,2,2,1, 9223
24,9229,1,1,0, 9230
31,9236,2,2,1, 9238
1,9246,1,1,1, 9247
17,9259,3,3,1, 9262
2,9283,2,2,1, 9285
1,9286,1,1,1, 9287
3,9287,3,3,1, 9290
17,9299,3,3,1, 9302
1,9326,1,1,0, 9327
23,9348,3,5,1, 9353
1,9366,1,1,1, 9367
8,9376,1,1,1, 9377
15,9381,2,2,1, 9383
24,9389,1,1,0, 9390
25,9395,2,2,1, 9397
1,9406,1,1,1, 9407
8,9416,1,1,0, 9417
24,9429,1,1,0, 9430
25,9435,2,2,1, 9437
1,9446,1,1,1, 9447
8,9456,1,1,0, 9457
15,9461,2,2,1, 9463
22,9466,4,4,1, 9470
24,9469,1,1,0, 9470
23,9468,3,3,1, 9471
31,9476,2,4,1, 9480
1,9486,1,1,1, 9487
8,9496,1,1,1, 9497
16,9499,2,2,1, 9501
15,9501,2,2,1, 9503
24,9509,1,1,0, 9510
31,9516,2,2,1, 9518
2,9523,2,2,1, 9525
1,9526,1,1,1, 9527
3,9527,3,3,1, 9530
8,9536,1,1,0, 9537
9,9537,2,2,1, 9539
17,9539,3,3,1, 9542
24,9549,1,1,0, 9550
31,9556,2,2,1, 9558
1,9566,1,1,0, 9567
24,9589,1,1,1, 9590
1,9606,1,1,1, 9607
24,9629,1,1,1, 9630
1,9646,1,1,1, 9647
3,9647,3,3,1, 9650
8,9656,1,1,1, 9657
9,9657,2,2,1, 9659
16,9659,2,2,1, 9661
15,9661,2,2,1, 9663
24,9669,1,1,1, 9670
1,9686,1,1,1, 9687
8,9696,1,1,0, 9697
15,9701,2,2,1, 9703
24,9709,1,1,0, 9710
1,9726,1,1,0, 9727
8,9736,1,1,0, 9737
16,9739,2,2,1, 9741
24,9749,1,1,0, 9750
31,9756,2,2,1, 9758
2,9763,2,2,1, 9765
1,9766,1,1,1, 9767
8,9776,1,1,0, 9777
17,9779,3,3,1, 9782
24,9789,1,1,0, 9790
31,9796,2,2,1, 9798
1,9806,1,1,1, 9807
24,9829,1,1,0, 9830
1,9846,1,1,0, 9847
24,9869,1,1,1, 9870
2,9883,2,2,1, 9885
1,9886,1,1,1, 9887
8,9896,1,1,0, 9897
9,9897,2,2,1, 9899
17,9899,3,3,1, 9902
15,9901,2,2,1, 9903
24,9909,1,1,1, 9910
8,9936,1,1,1, 9937
16,9939,2,2,1, 9941
24,9949,1,1,0, 9950
31,9956,2,2,1, 9958
1,9966,1,1,1, 9967
8,9976,1,1,1, 9977
9,9977,2,2,1, 9979
25,9995,2,2,1, 9997
1,10006,1,1,0, 10007
8,10016,1,1,1, 10017
9,10017,2,2,1, 10019
8,10056,1,1,1, 10057
24,10069,1,1,0, 10070
8,10096,1,1,0, 10097
15,10101,2,2,1, 10103
24,10109,1,1,0, 10110
25,10115,2,2,1, 10117
2,10123,2,4,1, 10127
1,10126,1,1,0, 10127
3,10127,3,5,1, 10132
8,10136,1,1,1, 10137
24,10149,1,1,0, 10150
1,10166,1,1,0, 10167
24,10189,1,1,1, 10190
23,10188,3,3,1, 10191
1,10206,1,1,1, 10207
24,10229,1,1,0, 10230
1,10246,1,1,1, 10247
3,10247,3,5,1, 10252
8,10256,1,1,0, 10257
16,10259,2,2,1, 10261
15,10261,2,2,1, 10263
24,10269,1,1,0, 10270
1,10286,1,1,0, 10287
8,10296,1,1,0, 10297
24,10309,1,1,1, 10310
1,10326,1,1,0, 10327
8,10336,1,1,0, 10337
24,10349,1,1,1, 10350
1,10366,1,1,0, 10367
8,10376,1,1,0, 10377
17,10379,3,3,1, 10382
15,10381,2,2,1, 10383
24,10389,1,1,1, 10390
1,10406,1,1,1, 10407
8,10416,1,1,1, 10417
24,10429,1,1,1, 10430
1,10446,1,1,0, 10447
8,10456,1,1,1, 10457
16,10459,2,2,1, 10461
17,10459,3,3,1, 10462
15,10461,2,2,1, 10463
24,10469,1,1,1, 10470
25,10475,2,2,1, 10477
2,10483,2,2,1, 10485
1,10486,1,1,0, 10487
8,10496,1,1,0, 10497
9,10497,2,2,1, 10499
16,10499,2,2,1, 10501
17,10499,3,3,1, 10502
1,10526,1,1,1, 10527
1,10566,1,1,0, 10567
24,10589,1,1,1, 10590
23,10588,3,3,1, 10591
1,10606,1,1,0, 10607
8,10616,1,1,0, 10617
17,10619,3,3,1, 10622
15,10621,2,2,1, 10623
24,10629,1,1,0, 10630
1,10646,1,1,0, 10647
8,10656,1,1,1, 10657
24,10669,1,1,0, 10670
25,10675,2,2,1, 10677
31,10676,2,2,1, 10678
1,10686,1,1,0, 10687
8,10696,1,1,1, 10697
15,10701,2,2,1, 10703
24,10709,1,1,1, 10710
23,10708,3,3,1, 10711
25,10715,2,2,1, 10717
31,10716,2,2,1, 10718
2,10723,2,2,1, 10725
1,10726,1,1,0, 10727
3,10727,3,3,1, 10730
8,10736,1,1,0, 10737
9,10737,2,2,1, 10739
1,10846,1,1,0, 10847
3,10847,3,3,1, 10850
8,10856,1,1,0, 10857
16,10859,2,2,1, 10861
17,10859,3,3,1, 10862
15,10861,2,2,1, 10863
24,10869,1,1,0, 10870
25,10875,2,2,1, 10877
1,10886,1,1,1, 10887
8,10896,1,1,1, 10897
24,10909,1,1,1, 10910
25,10915,2,2,1, 10917
1,10926,1,1,0, 10927
8,10936,1,1,1, 10937
15,10941,2,2,1, 10943
24,10949,1,1,1, 10950
25,10955,2,2,1, 10957
1,10966,1,1,0, 10967
8,10976,1,1,1, 10977
16,10979,2,2,1, 10981
1,11006,1,1,1, 11007
1,11046,1,1,1, 11047
1,11086,1,1,1, 11087
3,11087,3,3,1, 11090
8,11096,1,1,1, 11097
9,11097,2,2,1, 11099
17,11099,3,3,1, 11102
24,11109,1,1,1, 11110
8,11136,1,1,1, 11137
15,11141,2,2,1, 11143
24,11149,1,1,1, 11150
8,11176,1,1,1, 11177
24,11189,1,1,1, 11190
1,11206,1,1,0, 11207
8,11216,1,1,1, 11217
9,11217,2,2,1, 11219
16,11219,2,2,1, 11221
24,11229,1,1,0, 11230
1,11246,1,1,0, 11247
24,11269,1,1,1, 11270
1,11286,1,1,1, 11287
24,11309,1,1,0, 11310
31,11316,2,2,1, 11318
1,11326,1,1,1, 11327
3,11327,3,3,1, 11330
8,11336,1,1,0, 11337
15,11341,2,2,1, 11343
24,11349,1,1,1, 11350
1,11366,1,1,0, 11367
8,11376,1,1,0, 11377
24,11389,1,1,1, 11390
1,11406,1,1,0, 11407
8,11416,1,1,1, 11417
24,11429,1,1,0, 11430
1,11446,1,1,0, 11447
3,11447,3,3,1, 11450
8,11456,1,1,1, 11457
16,11459,2,2,1, 11461
24,11469,1,1,0, 11470
1,11486,1,1,0, 11487
8,11496,1,1,1, 11497
15,11501,2,2,1, 11503
24,11509,1,1,1, 11510
1,11526,1,1,1, 11527
8,11536,1,1,0, 11537
24,11549,1,1,0, 11550
1,11566,1,1,0, 11567
8,11576,1,1,0, 11577
16,11579,2,2,1, 11581
24,11589,1,1,1, 11590
1,11606,1,1,0, 11607
24,11629,1,1,0, 11630
1,11646,1,1,0, 11647
24,11669,1,1,0, 11670
1,11686,1,1,1, 11687
8,11696,1,1,1, 11697
9,11697,2,2,1, 11699
17,11699,3,3,1, 11702
24,11709,1,1,0, 11710
25,11715,2,2,1, 11717
31,11716,2,2,1, 11718
1,11726,1,1,1, 11727
8,11736,1,1,0, 11737
17,11739,3,3,1, 11742
15,11741,2,2,1, 11743
24,11749,1,1,0, 11750
25,11755,2,2,1, 11757
31,11756,2,2,1, 11758
1,11766,1,1,0, 11767
8,11776,1,1,1, 11777
15,11781,2,2,1, 11783
24,11789,1,1,0, 11790
1,11806,1,1,1, 11807
8,11816,1,1,1, 11817
16,11819,2,2,1, 11821
17,11819,3,3,1, 11822
24,11829,1,1,0, 11830
1,11846,1,1,0, 11847
16,11859,2,2,1, 11861
24,11869,1,1,1, 11870
26,11877,3,3,1, 11880
1,11886,1,1,1, 11887
8,11896,1,1,0, 11897
16,11899,2,2,1, 11901
17,11899,3,3,1, 11902
15,11901,2,2,1, 11903
24,11909,1,1,1, 11910
2,11923,2,2,1, 11925
1,11926,1,1,1, 11927
3,11927,3,3,1, 11930
8,11936,1,1,0, 11937
16,11939,2,2,1, 11941
17,11939,3,3,1, 11942
24,11949,1,1,1, 11950
1,11966,1,1,0, 11967
24,11989,1,1,0, 11990
1,12006,1,1,1, 12007
24,12029,1,1,1, 12030
1,12046,1,1,1, 12047
3,12047,3,3,1, 12050
8,12056,1,1,1, 12057
16,12059,2,2,1, 12061
17,12059,3,3,1, 12062
24,12069,1,1,0, 12070
1,12086,1,1,0, 12087
8,12096,1,1,1, 12097
15,12101,2,2,1, 12103
24,12109,1,1,1, 12110
31,12116,2,2,1, 12118
1,12126,1,1,1, 12127
8,12136,1,1,0, 12137
15,12141,2,2,1, 12143
24,12149,1,1,0, 12150
31,12156,2,2,1, 12158
2,12163,2,2,1, 12165
1,12166,1,1,1, 12167
8,12176,1,1,1, 12177
9,12177,2,2,1, 12179
16,12179,2,2,1, 12181
17,12179,3,3,1, 12182
1,12206,1,1,0, 12207
1,12246,1,1,1, 12247
8,12256,1,1,1, 12257
1,12286,1,1,1, 12287
3,12287,3,3,1, 12290
8,12296,1,1,1, 12297
9,12297,2,2,1, 12299
17,12299,3,3,1, 12302
24,12309,1,1,0, 12310
1,12326,1,1,0, 12327
24,12349,1,1,0, 12350
1,12366,1,1,0, 12367
17,12379,3,3,1, 12382
24,12389,1,1,1, 12390
2,12403,2,2,1, 12405
1,12406,1,1,1, 12407
24,12429,1,1,1, 12430
25,12435,2,2,1, 12437
1,12446,1,1,0, 12447
24,12469,1,1,0, 12470
25,12475,2,2,1, 12477
31,12476,2,2,1, 12478
1,12486,1,1,0, 12487
8,12496,1,1,0, 12497
16,12499,2,2,1, 12501
15,12501,2,2,1, 12503
1,12526,1,1,0, 12527
8,12536,1,1,1, 12537
16,12539,2,2,1, 12541
25,12555,2,2,1, 12557
1,12566,1,1,1, 12567
8,12576,1,1,1, 12577
16,12579,2,2,1, 12581
15,12581,2,2,1, 12583
24,12589,1,1,0, 12590
31,12596,2,2,1, 12598
1,12606,1,1,0, 12607
24,12629,1,1,0, 12630
2,12643,2,2,1, 12645
1,12646,1,1,0, 12647
3,12647,3,3,1, 12650
24,12669,1,1,0, 12670
1,12686,1,1,0, 12687
24,12709,1,1,0, 12710
1,12726,1,1,1, 12727
8,12736,1,1,0, 12737
24,12749,1,1,1, 12750
31,12756,2,2,1, 12758
2,12763,2,2,1, 12765
1,12766,1,1,0, 12767
3,12767,3,3,1, 12770
8,12776,1,1,1, 12777
24,12789,1,1,1, 12790
1,12806,1,1,0, 12807
8,12816,1,1,1, 12817
16,12819,2,2,1, 12821
24,12829,1,1,0, 12830
1,12846,1,1,1, 12847
24,12869,1,1,0, 12870
1,12886,1,1,0, 12887
16,12899,2,2,1, 12901
1,12926,1,1,1, 12927
25,12955,2,2,1, 12957
1,12966,1,1,0, 12967
8,12976,1,1,0, 12977
15,12981,2,2,1, 12983
2,13003,2,2,1, 13005
1,13006,1,1,0, 13007
3,13007,3,3,1, 13010
8,13016,1,1,0, 13017
16,13019,2,2,1, 13021
24,13029,1,1,0, 13030
1,13046,1,1,1, 13047
8,13056,1,1,0, 13057
15,13061,2,2,1, 13063
24,13069,1,1,1, 13070
1,13086,1,1,0, 13087
24,13109,1,1,0, 13110
31,13116,2,2,1, 13118
2,13123,2,2,1, 13125
1,13126,1,1,1, 13127
3,13127,3,3,1, 13130
24,13149,1,1,0, 13150
1,13166,1,1,0, 13167
24,13189,1,1,1, 13190
1,13206,1,1,0, 13207
8,13216,1,1,1, 13217
15,13221,2,2,1, 13223
1,13246,1,1,0, 13247
8,13256,1,1,0, 13257
24,13269,1,1,0, 13270
23,13268,3,3,1, 13271
1,13286,1,1,0, 13287
8,13296,1,1,1, 13297
16,13299,2,2,1, 13301
24,13309,1,1,1, 13310
23,13308,3,3,1, 13311
25,13315,2,2,1, 13317
31,13316,2,2,1, 13318
26,13317,3,3,1, 13320
1,13326,1,1,0, 13327
25,13355,2,2,1, 13357
1,13366,1,1,0, 13367
2,13403,2,2,1, 13405
1,13406,1,1,1, 13407
24,13429,1,1,1, 13430
8,13456,1,1,1, 13457
15,13461,2,2,1, 13463
24,13469,1,1,0, 13470
2,13483,2,4,1, 13487
8,13496,1,1,0, 13497
16,13499,2,2,1, 13501
24,13509,1,1,0, 13510
25,13515,2,2,1, 13517
31,13516,2,2,1, 13518
8,13536,1,1,0, 13537
15,13541,2,2,1, 13543
24,13549,1,1,0, 13550
25,13555,2,2,1, 13557
31,13556,2,2,1, 13558
1,13566,1,1,0, 13567
1,13606,1,1,1, 13607
1,13646,1,1,0, 13647
3,13647,3,3,1, 13650
24,13669,1,1,1, 13670
26,13677,3,3,1, 13680
1,13686,1,1,1, 13687
8,13696,1,1,1, 13697
9,13697,2,2,1, 13699
16,13699,2,2,1, 13701
15,13701,2,2,1, 13703
24,13709,1,1,1, 13710
25,13715,2,2,1, 13717
1,13726,1,1,0, 13727
8,13736,1,1,1, 13737
24,13749,1,1,1, 13750
25,13755,2,2,1, 13757
1,13766,1,1,1, 13767
24,13789,1,1,1, 13790
23,13788,3,3,1, 13791
26,13797,3,3,1, 13800
2,13803,2,2,1, 13805
1,13806,1,1,1, 13807
3,13807,3,3,1, 13810
8,13816,1,1,1, 13817
2,13843,2,2,1, 13845
1,13846,1,1,1, 13847
3,13847,3,3,1, 13850
8,13856,1,1,1, 13857
1,13886,1,1,1, 13887
8,13896,1,1,1, 13897
22,13906,4,4,1, 13910
24,13909,1,1,1, 13910
25,13915,2,2,1, 13917
31,13916,2,2,1, 13918
1,13926,1,1,0, 13927
8,13936,1,1,0, 13937
15,13941,2,2,1, 13943
24,13949,1,1,1, 13950
1,13966,1,1,1, 13967
8,13976,1,1,0, 13977
24,13989,1,1,0, 13990
1,14006,1,1,1, 14007
8,14016,1,1,0, 14017
24,14029,1,1,0, 14030
23,14028,3,3,1, 14031
2,14043,2,2,1, 14045
1,14046,1,1,1, 14047
24,14069,1,1,0, 14070
2,14083,2,2,1, 14085
1,14086,1,1,0, 14087
3,14087,3,3,1, 14090
24,14109,1,1,1, 14110
2,14123,2,2,1, 14125
1,14126,1,1,0, 14127
3,14127,3,3,1, 14130
24,14149,1,1,1, 14150
25,14155,2,2,1, 14157
31,14156,2,2,1, 14158
1,14166,1,1,1, 14167
8,14176,1,1,0, 14177
15,14181,2,2,1, 14183
1,14206,1,1,1, 14207
8,14216,1,1,1, 14217
1,14246,1,1,0, 14247
8,14256,1,1,1, 14257
24,14269,1,1,0, 14270
26,14277,3,3,1, 14280
1,14286,1,1,0, 14287
1,14326,1,1,1, 14327
1,14366,1,1,0, 14367
24,14389,1,1,0, 14390
2,14403,2,2,1, 14405
1,14406,1,1,1, 14407
8,14416,1,1,1, 14417
24,14429,1,1,0, 14430
1,14446,1,1,0, 14447
8,14456,1,1,0, 14457
15,14461,2,2,1, 14463
24,14469,1,1,1, 14470
1,14486,1,1,1, 14487
8,14496,1,1,0, 14497
24,14509,1,1,0, 14510
31,14516,2,2,1, 14518
26,14517,3,3,1, 14520
24,14549,1,1,1, 14550
31,14556,2,2,1, 14558
24,14589,1,1,0, 14590
24,14629,1,1,0, 14630
25,14635,2,2,1, 14637
1,14646,1,1,0, 14647
8,14656,1,1,0, 14657
15,14661,2,2,1, 14663
24,14669,1,1,1, 14670
1,14686,1,1,1, 14687
8,14696,1,1,0, 14697
16,14699,2,2,1, 14701
24,14709,1,1,1, 14710
1,14726,1,1,0, 14727
8,14736,1,1,1, 14737
16,14739,2,2,1, 14741
24,14749,1,1,0, 14750
25,14755,2,2,1, 14757
31,14756,2,2,1, 14758
26,14757,3,3,1, 14760
1,14766,1,1,1, 14767
1,14806,1,1,1, 14807
1,14846,1,1,1, 14847
24,14869,1,1,0, 14870
1,14886,1,1,0, 14887
8,14896,1,1,0, 14897
15,14901,2,2,1, 14903
24,14909,1,1,1, 14910
25,14915,2,2,1, 14917
1,14926,1,1,0, 14927
8,14936,1,1,0, 14937
1,14966,1,1,1, 14967
8,14976,1,1,1, 14977
16,14979,2,2,1, 14981
15,14981,2,2,1, 14983
23,14988,3,3,1, 14991
25,14995,2,2,1, 14997
1,15006,1,1,0, 15007
1,15046,1,1,0, 15047
24,15069,1,1,1, 15070
1,15086,1,1,0, 15087
24,15109,1,1,0, 15110
23,15108,3,7,1, 15115
25,15115,2,2,1, 15117
26,15117,3,3,1, 15120
1,15126,1,1,0, 15127
8,15136,1,1,1, 15137
15,15141,2,2,1, 15143
24,15149,1,1,0, 15150
31,15156,2,2,1, 15158
1,15166,1,1,1, 15167
8,15176,1,1,1, 15177
24,15189,1,1,1, 15190
25,15195,2,2,1, 15197
1,15206,1,1,0, 15207
8,15216,1,1,1, 15217
15,15221,2,2,1, 15223
24,15229,1,1,0, 15230
1,15246,1,1,1, 15247
8,15256,1,1,1, 15257
15,15261,2,2,1, 15263
24,15269,1,1,1, 15270
1,15286,1,1,0, 15287
8,15296,1,1,0, 15297
15,15301,2,2,1, 15303
24,15309,1,1,1, 15310
1,15326,1,1,0, 15327
8,15336,1,1,1, 15337
24,15349,1,1,1, 15350
31,15356,2,2,1, 15358
1,15366,1,1,0, 15367
9,15377,2,2,1, 15379
24,15389,1,1,0, 15390
2,15403,2,2,1, 15405
1,15406,1,1,1, 15407
16,15419,2,2,1, 15421
8,15496,1,1,0, 15497
9,15497,2,2,1, 15499
16,15499,2,2,1, 15501
2,15523,2,2,1, 15525
1,15526,1,1,0, 15527
8,15536,1,1,1, 15537
15,15541,2,2,1, 15543
24,15549,1,1,0, 15550
1,15566,1,1,1, 15567
8,15576,1,1,0, 15577
24,15589,1,1,1, 15590
1,15606,1,1,1, 15607
8,15616,1,1,0, 15617
17,15619,3,3,1, 15622
15,15621,2,2,1, 15623
24,15629,1,1,0, 15630
25,15635,2,2,1, 15637
31,15636,2,2,1, 15638
1,15646,1,1,1, 15647
8,15656,1,1,0, 15657
17,15659,3,3,1, 15662
24,15669,1,1,1, 15670
1,15686,1,1,1, 15687
8,15696,1,1,0, 15697
15,15701,2,2,1, 15703
24,15709,1,1,1, 15710
1,15726,1,1,0, 15727
8,15736,1,1,0, 15737
24,15749,1,1,1, 15750
1,15766,1,1,1, 15767
8,15776,1,1,1, 15777
16,15779,2,2,1, 15781
24,15789,1,1,1, 15790
25,15795,2,2,1, 15797
31,15796,2,2,1, 15798
1,15806,1,1,0, 15807
24,15829,1,1,0, 15830
31,15836,2,2,1, 15838
1,15846,1,1,0, 15847
9,15857,2,2,1, 15859
1,15886,1,1,0, 15887
9,15897,2,2,1, 15899
1,15926,1,1,0, 15927
24,15949,1,1,1, 15950
25,15955,2,2,1, 15957
26,15957,3,3,1, 15960
1,15966,1,1,1, 15967
8,15976,1,1,0, 15977
24,15989,1,1,1, 15990
1,16006,1,1,0, 16007
8,16016,1,1,0, 16017
15,16021,2,2,1, 16023
24,16029,1,1,0, 16030
26,16037,3,3,1, 16040
1,16046,1,1,1, 16047
8,16056,1,1,0, 16057
24,16069,1,1,1, 16070
23,16068,3,3,1, 16071
25,16075,2,2,1, 16077
26,16077,3,3,1, 16080
8,16096,1,1,0, 16097
15,16101,2,2,1, 16103
24,16109,1,1,1, 16110
8,16136,1,1,0, 16137
24,16149,1,1,0, 16150
25,16155,2,2,1, 16157
8,16176,1,1,0, 16177
24,16189,1,1,1, 16190
25,16195,2,2,1, 16197
1,16206,1,1,0, 16207
8,16216,1,1,0, 16217
16,16219,2,2,1, 16221
24,16229,1,1,1, 16230
1,16246,1,1,0, 16247
8,16256,1,1,1, 16257
17,16259,3,3,1, 16262
15,16261,2,2,1, 16263
24,16269,1,1,1, 16270
1,16286,1,1,0, 16287
8,16296,1,1,0, 16297
15,16301,2,2,1, 16303
24,16309,1,1,1, 16310
31,16316,2,2,1, 16318
1,16326,1,1,1, 16327
24,16349,1,1,0, 16350
1,16366,1,1,1, 16367
24,16389,1,1,0, 16390
31,16396,2,2,1, 16398
1,16406,1,1,1, 16407
24,16429,1,1,1, 16430
25,16435,2,2,1, 16437
2,16443,2,2,1, 16445
1,16446,1,1,0, 16447
8,16456,1,1,0, 16457
16,16459,2,2,1, 16461
1,16486,1,1,0, 16487
8,16496,1,1,1, 16497
1,16526,1,1,1, 16527
8,16536,1,1,1, 16537
15,16541,2,2,1, 16543
24,16549,1,1,1, 16550
25,16555,2,2,1, 16557
31,16556,2,2,1, 16558
24,16589,1,1,1, 16590
24,16629,1,1,0, 16630
24,16669,1,1,0, 16670
25,16675,2,2,1, 16677
8,16696,1,1,0, 16697
15,16701,2,2,1, 16703
24,16709,1,1,0, 16710
31,16716,2,2,1, 16718
8,16736,1,1,0, 16737
15,16741,2,2,1, 16743
24,16749,1,1,1, 16750
8,16776,1,1,0, 16777
15,16781,2,2,1, 16783
24,16789,1,1,0, 16790
23,16788,3,3,1, 16791
25,16795,2,2,1, 16797
1,16806,1,1,1, 16807
24,16829,1,1,1, 16830
1,16846,1,1,1, 16847
24,16869,1,1,0, 16870
1,16886,1,1,1, 16887
22,16906,4,4,1, 16910
24,16909,1,1,0, 16910
23,16908,3,3,1, 16911
25,16915,2,2,1, 16917
8,16936,1,1,1, 16937
15,16941,2,2,1, 16943
24,16949,1,1,1, 16950
8,16976,1,1,1, 16977
15,16981,2,2,1, 16983
24,16989,1,1,1, 16990
8,17016,1,1,1, 17017
15,17021,2,2,1, 17023
24,17029,1,1,1, 17030
1,17046,1,1,1, 17047
24,17069,1,1,1, 17070
1,17086,1,1,0, 17087
24,17109,1,1,1, 17110
1,17126,1,1,0, 17127
24,17149,1,1,0, 17150
31,17156,2,2,1, 17158
1,17166,1,1,1, 17167
8,17176,1,1,1, 17177
15,17181,2,2,1, 17183
24,17189,1,1,0, 17190
1,17206,1,1,1, 17207
8,17216,1,1,1, 17217
15,17221,2,2,1, 17223
24,17229,1,1,1, 17230
1,17246,1,1,1, 17247
8,17256,1,1,1, 17257
24,17269,1,1,0, 17270
26,17277,3,3,1, 17280
24,17309,1,1,1, 17310
24,17349,1,1,0, 17350
16,17379,2,2,1, 17381
24,17389,1,1,1, 17390
1,17406,1,1,0, 17407
8,17416,1,1,0, 17417
15,17421,2,2,1, 17423
24,17429,1,1,0, 17430
1,17446,1,1,0, 17447
8,17456,1,1,0, 17457
15,17461,2,2,1, 17463
24,17469,1,1,0, 17470
1,17486,1,1,1, 17487
8,17496,1,1,0, 17497
24,17509,1,1,0, 17510
23,17508,3,3,1, 17511
26,17517,3,3,1, 17520
8,17536,1,1,1, 17537
24,17549,1,1,0, 17550
31,17556,2,2,1, 17558
8,17576,1,1,0, 17577
15,17581,2,2,1, 17583
24,17589,1,1,0, 17590
8,17616,1,1,0, 17617
16,17619,2,2,1, 17621
15,17621,2,2,1, 17623
24,17629,1,1,0, 17630
26,17637,3,3,1, 17640
1,17646,1,1,0, 17647
24,17669,1,1,0, 17670
1,17686,1,1,1, 17687
24,17709,1,1,0, 17710
1,17726,1,1,1, 17727
24,17749,1,1,0, 17750
25,17755,2,2,1, 17757
26,17757,3,3,1, 17760
1,17766,1,1,0, 17767
8,17776,1,1,0, 17777
16,17779,2,2,1, 17781
15,17781,2,2,1, 17783
24,17789,1,1,1, 17790
31,17796,2,2,1, 17798
1,17806,1,1,1, 17807
8,17816,1,1,1, 17817
15,17821,2,2,1, 17823
24,17829,1,1,1, 17830
2,17843,2,2,1, 17845
1,17846,1,1,1, 17847
8,17856,1,1,1, 17857
24,17869,1,1,0, 17870
26,17877,3,3,1, 17880
1,17886,1,1,0, 17887
8,17896,1,1,0, 17897
1,17926,1,1,0, 17927
8,17936,1,1,0, 17937
15,17941,2,2,1, 17943
1,17966,1,1,0, 17967
8,17976,1,1,1, 17977
15,17981,2,2,1, 17983
24,17989,1,1,1, 17990
25,17995,2,2,1, 17997
31,17996,2,2,1, 17998
24,18029,1,1,0, 18030
24,18069,1,1,0, 18070
24,18109,1,1,1, 18110
25,18115,2,2,1, 18117
8,18136,1,1,1, 18137
15,18141,2,2,1, 18143
24,18149,1,1,1, 18150
8,18176,1,1,0, 18177
15,18181,2,2,1, 18183
24,18189,1,1,0, 18190
8,18216,1,1,0, 18217
22,18226,4,4,1, 18230
24,18229,1,1,1, 18230
26,18237,3,3,1, 18240
1,18246,1,1,1, 18247
8,18256,1,1,1, 18257
24,18269,1,1,1, 18270
1,18286,1,1,0, 18287
8,18296,1,1,1, 18297
24,18309,1,1,0, 18310
1,18326,1,1,0, 18327
8,18336,1,1,1, 18337
15,18341,2,2,1, 18343
24,18349,1,1,1, 18350
24,18389,1,1,1, 18390
24,18429,1,1,0, 18430
24,18469,1,1,0, 18470
25,18475,2,2,1, 18477
31,18476,2,2,1, 18478
26,18477,3,3,1, 18480
8,18496,1,1,0, 18497
16,18499,2,2,1, 18501
15,18501,2,2,1, 18503
8,18536,1,1,0, 18537
16,18539,2,2,1, 18541
24,18589,1,1,0, 18590
26,18597,3,3,1, 18600
1,18606,1,1,0, 18607
16,18619,2,2,1, 18621
24,18629,1,1,0, 18630
31,18636,2,2,1, 18638
1,18646,1,1,1, 18647
8,18656,1,1,1, 18657
17,18659,3,3,1, 18662
15,18661,2,2,1, 18663
24,18669,1,1,1, 18670
1,18686,1,1,0, 18687
8,18696,1,1,0, 18697
15,18701,2,2,1, 18703
24,18709,1,1,1, 18710
1,18726,1,1,0, 18727
8,18736,1,1,1, 18737
15,18741,2,2,1, 18743
24,18749,1,1,0, 18750
1,18766,1,1,0, 18767
8,18776,1,1,1, 18777
16,18779,2,2,1, 18781
15,18781,2,2,1, 18783
24,18789,1,1,1, 18790
25,18795,2,2,1, 18797
1,18806,1,1,0, 18807
8,18816,1,1,1, 18817
16,18819,2,2,1, 18821
17,18819,3,3,1, 18822
15,18821,2,2,1, 18823
24,18829,1,1,1, 18830
31,18836,2,2,1, 18838
1,18846,1,1,0, 18847
8,18856,1,1,0, 18857
16,18859,2,2,1, 18861
17,18859,3,3,1, 18862
1,18886,1,1,0, 18887
8,18896,1,1,0, 18897
17,18899,3,3,1, 18902
1,18926,1,1,1, 18927
8,18936,1,1,0, 18937
15,18941,2,2,1, 18943
24,18949,1,1,1, 18950
1,18966,1,1,0, 18967
8,18976,1,1,0, 18977
16,18979,2,2,1, 18981
24,18989,1,1,0, 18990
25,18995,2,2,1, 18997
1,19006,1,1,1, 19007
8,19016,1,1,1, 19017
24,19029,1,1,0, 19030
31,19036,2,2,1, 19038
1,19046,1,1,1, 19047
8,19056,1,1,0, 19057
17,19059,3,3,1, 19062
15,19061,2,2,1, 19063
24,19069,1,1,1, 19070
31,19076,2,2,1, 19078
26,19077,3,3,1, 19080
1,19086,1,1,0, 19087
1,19126,1,1,0, 19127
1,19166,1,1,1, 19167
24,19189,1,1,0, 19190
1,19206,1,1,1, 19207
8,19216,1,1,1, 19217
17,19219,3,3,1, 19222
24,19229,1,1,1, 19230
25,19235,2,2,1, 19237
1,19246,1,1,0, 19247
8,19256,1,1,1, 19257
15,19261,2,2,1, 19263
24,19269,1,1,0, 19270
1,19286,1,1,0, 19287
8,19296,1,1,1, 19297
15,19301,2,2,1, 19303
24,19309,1,1,0, 19310
2,19323,2,2,1, 19325
8,19336,1,1,0, 19337
24,19349,1,1,1, 19350
8,19376,1,1,1, 19377
15,19381,2,2,1, 19383
24,19389,1,1,0, 19390
8,19416,1,1,1, 19417
16,19419,2,2,1, 19421
15,19421,2,2,1, 19423
24,19429,1,1,1, 19430
25,19435,2,2,1, 19437
31,19436,2,2,1, 19438
1,19446,1,1,0, 19447
25,19475,2,2,1, 19477
1,19486,1,1,1, 19487
25,19515,2,2,1, 19517
1,19526,1,1,1, 19527
22,19546,4,4,1, 19550
24,19549,1,1,1, 19550
23,19548,3,3,1, 19551
31,19556,2,2,1, 19558
2,19563,2,2,1, 19565
8,19576,1,1,1, 19577
24,19589,1,1,0, 19590
8,19616,1,1,0, 19617
15,19621,2,2,1, 19623
24,19629,1,1,1, 19630
31,19636,2,2,1, 19638
8,19656,1,1,0, 19657
24,19669,1,1,0, 19670
25,19675,2,2,1, 19677
31,19676,2,2,1, 19678
26,19677,3,3,1, 19680
24,19709,1,1,0, 19710
24,19749,1,1,0, 19750
24,19789,1,1,1, 19790
31,19796,2,2,1, 19798
26,19797,3,3,1, 19800
1,19806,1,1,1, 19807
8,19816,1,1,0, 19817
15,19821,2,2,1, 19823
24,19829,1,1,0, 19830
31,19836,2,2,1, 19838
2,19843,2,2,1, 19845
1,19846,1,1,0, 19847
8,19856,1,1,1, 19857
24,19869,1,1,1, 19870
31,19876,2,2,1, 19878
2,19883,2,2,1, 19885
1,19886,1,1,1, 19887
8,19896,1,1,0, 19897
15,19901,2,2,1, 19903
24,19909,1,1,0, 19910
26,19917,3,3,1, 19920
1,19926,1,1,1, 19927
1,19966,1,1,1, 19967
1,20006,1,1,0, 20007
24,20029,1,1,0, 20030
31,20036,2,2,1, 20038
1,20046,1,1,0, 20047
8,20056,1,1,0, 20057
24,20069,1,1,1, 20070
1,20086,1,1,0, 20087
8,20096,1,1,0, 20097
24,20109,1,1,0, 20110
1,20126,1,1,1, 20127
8,20136,1,1,0, 20137
15,20141,2,2,1, 20143
24,20149,1,1,1, 20150
23,20148,3,3,1, 20151
31,20156,2,2,1, 20158
26,20157,3,3,1, 20160
8,20176,1,1,1, 20177
24,20189,1,1,1, 20190
31,20196,2,2,1, 20198
8,20216,1,1,1, 20217
15,20221,2,2,1, 20223
24,20229,1,1,1, 20230
31,20236,2,2,1, 20238
8,20256,1,1,1, 20257
16,20259,2,2,1, 20261
17,20259,3,3,1, 20262
24,20269,1,1,1, 20270
31,20276,2,2,1, 20278
1,20286,1,1,0, 20287
1,20326,1,1,1, 20327
1,20366,1,1,1, 20367
24,20389,1,1,0, 20390
2,20403,2,2,1, 20405
1,20406,1,1,0, 20407
8,20416,1,1,1, 20417
24,20429,1,1,1, 20430
1,20446,1,1,1, 20447
8,20456,1,1,1, 20457
15,20461,2,2,1, 20463
24,20469,1,1,1, 20470
1,20486,1,1,0, 20487
8,20496,1,1,0, 20497
24,20509,1,1,0, 20510
26,20517,3,3,1, 20520
8,20536,1,1,0, 20537
24,20549,1,1,0, 20550
8,20576,1,1,0, 20577
24,20589,1,1,0, 20590
8,20616,1,1,0, 20617
15,20621,2,2,1, 20623
24,20629,1,1,1, 20630
23,20628,3,3,1, 20631
31,20636,2,2,1, 20638
1,20646,1,1,0, 20647
24,20669,1,1,1, 20670
1,20686,1,1,0, 20687
24,20709,1,1,1, 20710
1,20726,1,1,1, 20727
24,20749,1,1,1, 20750
25,20755,2,2,1, 20757
31,20756,2,2,1, 20758
26,20757,3,3,1, 20760
1,20766,1,1,1, 20767
8,20776,1,1,1, 20777
15,20781,2,2,1, 20783
24,20789,1,1,1, 20790
31,20796,2,2,1, 20798
1,20806,1,1,0, 20807
8,20816,1,1,1, 20817
15,20821,2,2,1, 20823
24,20829,1,1,1, 20830
1,20846,1,1,0, 20847
8,20856,1,1,0, 20857
24,20869,1,1,0, 20870
31,20876,2,2,1, 20878
24,20909,1,1,0, 20910
24,20949,1,1,0, 20950
24,20989,1,1,0, 20990
2,21003,2,2,1, 21005
1,21006,1,1,0, 21007
8,21016,1,1,1, 21017
15,21021,2,2,1, 21023
24,21029,1,1,1, 21030
1,21046,1,1,0, 21047
8,21056,1,1,0, 21057
15,21061,2,2,1, 21063
24,21069,1,1,1, 21070
1,21086,1,1,0, 21087
8,21096,1,1,0, 21097
24,21109,1,1,0, 21110
26,21117,3,3,1, 21120
1,21126,1,1,0, 21127
24,21149,1,1,0, 21150
1,21166,1,1,1, 21167
24,21189,1,1,1, 21190
1,21206,1,1,0, 21207
24,21229,1,1,0, 21230
25,21235,2,2,1, 21237
31,21236,2,2,1, 21238
8,21256,1,1,1, 21257
8,21296,1,1,1, 21297
8,21336,1,1,0, 21337
24,21349,1,1,1, 21350
1,21366,1,1,1, 21367
8,21376,1,1,0, 21377
15,21381,2,2,1, 21383
24,21389,1,1,1, 21390
1,21406,1,1,1, 21407
8,21416,1,1,0, 21417
24,21429,1,1,0, 21430
1,21446,1,1,0, 21447
8,21456,1,1,0, 21457
15,21461,2,2,1, 21463
24,21469,1,1,0, 21470
31,21476,2,2,1, 21478
26,21477,3,3,1, 21480
1,21486,1,1,0, 21487
16,21499,2,2,1, 21501
24,21509,1,1,0, 21510
1,21526,1,1,0, 21527
24,21549,1,1,0, 21550
1,21566,1,1,1, 21567
24,21589,1,1,1, 21590
23,21588,3,3,1, 21591
1,21606,1,1,1, 21607
8,21616,1,1,1, 21617
15,21621,2,2,1, 21623
24,21629,1,1,0, 21630
1,21646,1,1,1, 21647
8,21656,1,1,0, 21657
24,21669,1,1,0, 21670
1,21686,1,1,0, 21687
8,21696,1,1,0, 21697
24,21709,1,1,1, 21710
8,21736,1,1,0, 21737
15,21741,2,2,1, 21743
24,21749,1,1,1, 21750
8,21776,1,1,0, 21777
24,21789,1,1,1, 21790
31,21796,2,2,1, 21798
8,21816,1,1,1, 21817
24,21829,1,1,0, 21830
31,21836,2,2,1, 21838
26,21837,3,3,1, 21840
1,21846,1,1,0, 21847
8,21856,1,1,0, 21857
24,21869,1,1,0, 21870
2,21883,2,2,1, 21885
1,21886,1,1,1, 21887
8,21896,1,1,0, 21897
24,21909,1,1,1, 21910
2,21923,2,2,1, 21925
1,21926,1,1,0, 21927
8,21936,1,1,1, 21937
24,21949,1,1,1, 21950
1,21966,1,1,1, 21967
8,21976,1,1,1, 21977
24,21989,1,1,0, 21990
25,21995,2,2,1, 21997
1,22006,1,1,1, 22007
8,22016,1,1,0, 22017
24,22029,1,1,0, 22030
1,22046,1,1,0, 22047
16,22059,2,2,1, 22061
24,22069,1,1,1, 22070
31,22076,2,2,1, 22078
1,22086,1,1,1, 22087
8,22096,1,1,1, 22097
16,22099,2,2,1, 22101
17,22099,3,3,1, 22102
1,22126,1,1,1, 22127
8,22136,1,1,0, 22137
16,22139,2,2,1, 22141
15,22141,2,2,1, 22143
2,22163,2,2,1, 22165
1,22166,1,1,1, 22167
24,22189,1,1,0, 22190
31,22196,2,2,1, 22198
1,22206,1,1,0, 22207
9,22217,2,2,1, 22219
24,22229,1,1,1, 22230
1,22246,1,1,0, 22247
24,22269,1,1,0, 22270
1,22286,1,1,0, 22287
24,22309,1,1,0, 22310
25,22315,2,2,1, 22317
1,22326,1,1,1, 22327
8,22336,1,1,0, 22337
15,22341,2,2,1, 22343
24,22349,1,1,0, 22350
2,22363,2,2,1, 22365
1,22366,1,1,1, 22367
8,22376,1,1,0, 22377
16,22379,2,2,1, 22381
24,22389,1,1,1, 22390
1,22406,1,1,0, 22407
8,22416,1,1,1, 22417
24,22429,1,1,0, 22430
8,22456,1,1,0, 22457
24,22469,1,1,0, 22470
8,22496,1,1,0, 22497
15,22501,2,2,1, 22503
24,22509,1,1,0, 22510
8,22536,1,1,0, 22537
24,22549,1,1,1, 22550
31,22556,2,2,1, 22558
26,22557,3,3,1, 22560
1,22566,1,1,1, 22567
8,22576,1,1,1, 22577
15,22581,2,2,1, 22583
24,22589,1,1,1, 22590
1,22606,1,1,0, 22607
8,22616,1,1,1, 22617
15,22621,2,2,1, 22623
24,22629,1,1,0, 22630
1,22646,1,1,0, 22647
8,22656,1,1,0, 22657
15,22661,2,2,1, 22663
24,22669,1,1,1, 22670
31,22676,2,2,1, 22678
26,22677,3,3,1, 22680
1,22686,1,1,0, 22687
24,22709,1,1,0, 22710
1,22726,1,1,1, 22727
24,22749,1,1,1, 22750
1,22766,1,1,0, 22767
16,22779,2,2,1, 22781
24,22789,1,1,1, 22790
1,22806,1,1,1, 22807
8,22816,1,1,1, 22817
24,22829,1,1,0, 22830
1,22846,1,1,0, 22847
8,22856,1,1,1, 22857
24,22869,1,1,1, 22870
1,22886,1,1,1, 22887
8,22896,1,1,0, 22897
24,22909,1,1,1, 22910
23,22908,3,3,1, 22911
31,22916,2,2,1, 22918
1,22926,1,1,0, 22927
8,22936,1,1,0, 22937
24,22949,1,1,1, 22950
1,22966,1,1,0, 22967
8,22976,1,1,1, 22977
24,22989,1,1,0, 22990
1,23006,1,1,0, 23007
8,23016,1,1,0, 23017
15,23021,2,2,1, 23023
24,23029,1,1,0, 23030
26,23037,3,3,1, 23040
1,23046,1,1,1, 23047
24,23069,1,1,1, 23070
1,23086,1,1,0, 23087
24,23109,1,1,1, 23110
1,23126,1,1,0, 23127
24,23149,1,1,1, 23150
31,23156,2,2,1, 23158
26,23157,3,3,1, 23160
1,23166,1,1,0, 23167
8,23176,1,1,1, 23177
15,23181,2,2,1, 23183
1,23206,1,1,1, 23207
8,23216,1,1,1, 23217
15,23221,2,2,1, 23223
1,23246,1,1,0, 23247
8,23256,1,1,1, 23257
24,23269,1,1,0, 23270
31,23276,2,2,1, 23278
26,23277,3,3,1, 23280
1,23286,1,1,1, 23287
24,23309,1,1,0, 23310
1,23326,1,1,0, 23327
24,23349,1,1,1, 23350
1,23366,1,1,1, 23367
16,23379,2,2,1, 23381
24,23389,1,1,1, 23390
23,23388,3,3,1, 23391
26,23397,3,3,1, 23400
1,23406,1,1,1, 23407
8,23416,1,1,0, 23417
15,23421,2,2,1, 23423
1,23446,1,1,0, 23447
8,23456,1,1,0, 23457
15,23461,2,2,1, 23463
1,23486,1,1,1, 23487
8,23496,1,1,0, 23497
24,23509,1,1,1, 23510
25,23515,2,2,1, 23517
26,23517,3,3,1, 23520
1,23526,1,1,1, 23527
1,23566,1,1,0, 23567
1,23606,1,1,0, 23607
24,23629,1,1,1, 23630
25,23635,2,2,1, 23637
31,23636,2,2,1, 23638
1,23646,1,1,0, 23647
8,23656,1,1,0, 23657
15,23661,2,2,1, 23663
1,23686,1,1,0, 23687
8,23696,1,1,0, 23697
15,23701,2,2,1, 23703
1,23726,1,1,0, 23727
8,23736,1,1,0, 23737
15,23741,2,2,1, 23743
24,23749,1,1,0, 23750
23,23748,3,3,1, 23751
25,23755,2,2,1, 23757
26,23757,3,3,1, 23760
2,23763,2,2,1, 23765
1,23766,1,1,0, 23767
16,23779,2,2,1, 23781
24,23789,1,1,0, 23790
1,23806,1,1,1, 23807
24,23829,1,1,1, 23830
1,23846,1,1,1, 23847
3,23847,3,3,1, 23850
16,23859,2,2,1, 23861
24,23869,1,1,0, 23870
25,23875,2,2,1, 23877
26,23877,3,3,1, 23880
1,23886,1,1,0, 23887
8,23896,1,1,0, 23897
1,23926,1,1,1, 23927
8,23936,1,1,1, 23937
1,23966,1,1,1, 23967
8,23976,1,1,1, 23977
15,23981,2,2,1, 23983
24,23989,1,1,1, 23990
1,24006,1,1,1, 24007
8,24016,1,1,1, 24017
24,24029,1,1,1, 24030
31,24036,2,2,1, 24038
1,24046,1,1,0, 24047
8,24056,1,1,1, 24057
16,24059,2,2,1, 24061
15,24061,2,2,1, 24063
24,24069,1,1,0, 24070
1,24086,1,1,0, 24087
8,24096,1,1,1, 24097
16,24099,2,2,1, 24101
24,24109,1,1,1, 24110
23,24108,3,3,1, 24111
25,24115,2,2,1, 24117
1,24126,1,1,1, 24127
25,24155,2,2,1, 24157
1,24166,1,1,1, 24167
17,24179,3,3,1, 24182
25,24195,2,2,1, 24197
1,24206,1,1,1, 24207
24,24229,1,1,1, 24230
26,24237,3,3,1, 24240
1,24246,1,1,0, 24247
8,24256,1,1,1, 24257
9,24257,2,2,1, 24259
24,24269,1,1,1, 24270
1,24286,1,1,0, 24287
8,24296,1,1,1, 24297
24,24309,1,1,1, 24310
1,24326,1,1,1, 24327
24,24349,1,1,1, 24350
23,24348,3,3,1, 24351
25,24355,2,2,1, 24357
31,24356,2,2,1, 24358
26,24357,3,3,1, 24360
1,24366,1,1,1, 24367
8,24376,1,1,0, 24377
24,24389,1,1,1, 24390
25,24395,2,2,1, 24397
1,24406,1,1,0, 24407
8,24416,1,1,0, 24417
15,24421,2,2,1, 24423
24,24429,1,1,0, 24430
25,24435,2,2,1, 24437
2,24443,2,2,1, 24445
1,24446,1,1,1, 24447
8,24456,1,1,1, 24457
15,24461,2,2,1, 24463
24,24469,1,1,1, 24470
25,24475,2,2,1, 24477
31,24476,2,2,1, 24478
26,24477,3,3,1, 24480
16,24499,2,2,1, 24501
24,24509,1,1,0, 24510
16,24539,2,2,1, 24541
24,24549,1,1,0, 24550
16,24579,2,2,1, 24581
24,24589,1,1,0, 24590
25,24595,2,2,1, 24597
2,24603,2,2,1, 24605
1,24606,1,1,0, 24607
8,24616,1,1,0, 24617
24,24629,1,1,1, 24630
2,24643,2,2,1, 24645
1,24646,1,1,1, 24647
8,24656,1,1,0, 24657
24,24669,1,1,1, 24670
1,24686,1,1,1, 24687
8,24696,1,1,1, 24697
24,24709,1,1,1, 24710
26,24717,3,3,1, 24720
1,24726,1,1,0, 24727
8,24736,1,1,0, 24737
15,24741,2,2,1, 24743
24,24749,1,1,1, 24750
31,24756,2,2,1, 24758
1,24766,1,1,1, 24767
8,24776,1,1,1, 24777
24,24789,1,1,0, 24790
31,24796,2,2,1, 24798
1,24806,1,1,1, 24807
8,24816,1,1,0, 24817
24,24829,1,1,0, 24830
1,24846,1,1,0, 24847
8,24856,1,1,1, 24857
24,24869,1,1,0, 24870
25,24875,2,2,1, 24877
1,24886,1,1,0, 24887
8,24896,1,1,1, 24897
17,24899,3,3,1, 24902
15,24901,2,2,1, 24903
24,24909,1,1,1, 24910
1,24926,1,1,1, 24927
8,24936,1,1,1, 24937
24,24949,1,1,1, 24950
31,24956,2,2,1, 24958
8,24976,1,1,1, 24977
16,24979,2,2,1, 24981
8,25016,1,1,1, 25017
24,25069,1,1,1, 25070
25,25075,2,2,1, 25077
1,25086,1,1,1, 25087
16,25099,2,2,1, 25101
17,25099,3,3,1, 25102
24,25109,1,1,0, 25110
1,25126,1,1,1, 25127
8,25136,1,1,0, 25137
16,25139,2,2,1, 25141
15,25141,2,2,1, 25143
24,25149,1,1,0, 25150
1,25166,1,1,0, 25167
8,25176,1,1,0, 25177
16,25179,2,2,1, 25181
15,25181,2,2,1, 25183
24,25189,1,1,0, 25190
23,25188,3,3,1, 25191
25,25195,2,2,1, 25197
26,25197,3,3,1, 25200
1,25206,1,1,1, 25207
8,25216,1,1,1, 25217
15,25221,2,2,1, 25223
1,25246,1,1,0, 25247
8,25256,1,1,1, 25257
15,25261,2,2,1, 25263
1,25286,1,1,0, 25287
8,25296,1,1,0, 25297
24,25309,1,1,0, 25310
2,25323,2,2,1, 25325
1,25326,1,1,1, 25327
16,25339,2,2,1, 25341
24,25349,1,1,1, 25350
2,25363,2,2,1, 25365
1,25366,1,1,1, 25367
3,25367,3,3,1, 25370
16,25379,2,2,1, 25381
24,25389,1,1,0, 25390
2,25403,2,2,1, 25405
1,25406,1,1,0, 25407
3,25407,3,3,1, 25410
16,25419,2,2,1, 25421
24,25429,1,1,0, 25430
31,25436,2,2,1, 25438
26,25437,3,3,1, 25440
8,25456,1,1,0, 25457
15,25461,2,2,1, 25463
8,25496,1,1,0, 25497
8,25536,1,1,0, 25537
24,25549,1,1,1, 25550
25,25555,2,2,1, 25557
31,25556,2,2,1, 25558
26,25557,3,3,1, 25560
1,25566,1,1,1, 25567
8,25576,1,1,0, 25577
24,25589,1,1,0, 25590
25,25595,2,2,1, 25597
1,25606,1,1,1, 25607
8,25616,1,1,0, 25617
24,25629,1,1,1, 25630
25,25635,2,2,1, 25637
1,25646,1,1,1, 25647
8,25656,1,1,0, 25657
15,25661,2,2,1, 25663
24,25669,1,1,0, 25670
25,25675,2,2,1, 25677
31,25676,2,2,1, 25678
1,25686,1,1,1, 25687
2,25723,2,2,1, 25725
1,25726,1,1,0, 25727
3,25727,3,3,1, 25730
1,25766,1,1,0, 25767
24,25789,1,1,0, 25790
26,25797,3,3,1, 25800
1,25806,1,1,0, 25807
8,25816,1,1,0, 25817
15,25821,2,2,1, 25823
24,25829,1,1,1, 25830
1,25846,1,1,0, 25847
8,25856,1,1,1, 25857
24,25869,1,1,0, 25870
1,25886,1,1,1, 25887
8,25896,1,1,1, 25897
15,25901,2,2,1, 25903
24,25909,1,1,1, 25910
23,25908,3,3,1, 25911
31,25916,2,2,1, 25918
26,25917,3,3,1, 25920
8,25936,1,1,1, 25937
15,25941,2,2,1, 25943
24,25949,1,1,0, 25950
8,25976,1,1,0, 25977
15,25981,2,2,1, 25983
24,25989,1,1,1, 25990
8,26016,1,1,1, 26017
24,26029,1,1,0, 26030
25,26035,2,2,1, 26037
31,26036,2,2,1, 26038
1,26046,1,1,1, 26047
24,26069,1,1,0, 26070
1,26086,1,1,0, 26087
24,26109,1,1,1, 26110
1,26126,1,1,0, 26127
24,26149,1,1,1, 26150
25,26155,2,2,1, 26157
2,26163,2,2,1, 26165
1,26166,1,1,0, 26167
8,26176,1,1,0, 26177
24,26189,1,1,0, 26190
2,26203,2,2,1, 26205
1,26206,1,1,1, 26207
8,26216,1,1,0, 26217
15,26221,2,2,1, 26223
24,26229,1,1,0, 26230
31,26236,2,2,1, 26238
1,26246,1,1,1, 26247
8,26256,1,1,0, 26257
24,26269,1,1,0, 26270
25,26275,2,2,1, 26277
26,26277,3,3,1, 26280
1,26286,1,1,1, 26287
24,26309,1,1,1, 26310
1,26326,1,1,1, 26327
24,26349,1,1,0, 26350
1,26366,1,1,1, 26367
24,26389,1,1,1, 26390
1,26406,1,1,1, 26407
8,26416,1,1,0, 26417
24,26429,1,1,1, 26430
1,26446,1,1,1, 26447
8,26456,1,1,0, 26457
24,26469,1,1,1, 26470
1,26486,1,1,1, 26487
8,26496,1,1,0, 26497
15,26501,2,2,1, 26503
24,26509,1,1,0, 26510
25,26515,2,2,1, 26517
31,26516,2,2,1, 26518
26,26517,3,3,1, 26520
1,26526,1,1,1, 26527
8,26536,1,1,1, 26537
9,26537,2,2,1, 26539
16,26539,2,2,1, 26541
24,26549,1,1,0, 26550
2,26563,2,2,1, 26565
1,26566,1,1,0, 26567
16,26579,2,2,1, 26581
24,26589,1,1,1, 26590
31,26596,2,2,1, 26598
1,26606,1,1,1, 26607
16,26619,2,2,1, 26621
24,26629,1,1,0, 26630
1,26646,1,1,1, 26647
8,26656,1,1,1, 26657
17,26659,3,3,1, 26662
25,26675,2,2,1, 26677
1,26686,1,1,0, 26687
8,26696,1,1,1, 26697
17,26699,3,3,1, 26702
1,26726,1,1,0, 26727
8,26736,1,1,1, 26737
24,26749,1,1,1, 26750
25,26755,2,2,1, 26757
31,26756,2,2,1, 26758
1,26766,1,1,1, 26767
8,26776,1,1,0, 26777
15,26781,2,2,1, 26783
1,26806,1,1,1, 26807
8,26816,1,1,0, 26817
15,26821,2,2,1, 26823
24,26829,1,1,1, 26830
25,26835,2,2,1, 26837
1,26846,1,1,0, 26847
8,26856,1,1,0, 26857
16,26859,2,2,1, 26861
24,26869,1,1,1, 26870
31,26876,2,2,1, 26878
26,26877,3,3,1, 26880
1,26886,1,1,1, 26887
8,26896,1,1,0, 26897
15,26901,2,2,1, 26903
1,26926,1,1,0, 26927
8,26936,1,1,0, 26937
17,26939,3,3,1, 26942
15,26941,2,2,1, 26943
1,26966,1,1,0, 26967
8,26976,1,1,1, 26977
15,26981,2,2,1, 26983
24,26989,1,1,0, 26990
25,26995,2,2,1, 26997
31,26996,2,2,1, 26998
2,27003,2,2,1, 27005
1,27006,1,1,0, 27007
25,27035,2,2,1, 27037
1,27046,1,1,0, 27047
9,27057,2,2,1, 27059
24,27109,1,1,0, 27110
16,27139,2,2,1, 27141
15,27141,2,4,1, 27145
24,27149,1,1,0, 27150
26,27157,3,3,1, 27160
1,27166,1,1,1, 27167
8,27176,1,1,0, 27177
16,27179,2,2,1, 27181
24,27189,1,1,1, 27190
1,27206,1,1,1, 27207
3,27207,3,3,1, 27210
8,27216,1,1,1, 27217
24,27229,1,1,1, 27230
1,27246,1,1,1, 27247
8,27256,1,1,1, 27257
16,27259,2,2,1, 27261
17,27259,3,3,1, 27262
15,27261,2,2,1, 27263
24,27269,1,1,0, 27270
23,27268,3,3,1, 27271
1,27286,1,1,0, 27287
8,27296,1,1,1, 27297
17,27299,3,3,1, 27302
15,27301,2,2,1, 27303
1,27326,1,1,1, 27327
8,27336,1,1,0, 27337
1,27366,1,1,1, 27367
8,27376,1,1,1, 27377
15,27381,2,2,1, 27383
24,27389,1,1,1, 27390
31,27396,2,2,1, 27398
2,27403,2,2,1, 27405
1,27406,1,1,0, 27407
8,27416,1,1,0, 27417
9,27417,2,2,1, 27419
16,27419,2,2,1, 27421
17,27419,3,3,1, 27422
15,27421,2,2,1, 27423
24,27429,1,1,1, 27430
31,27436,2,2,1, 27438
1,27446,1,1,1, 27447
8,27456,1,1,0, 27457
24,27469,1,1,1, 27470
31,27476,2,2,1, 27478
26,27477,3,3,1, 27480
1,27486,1,1,0, 27487
8,27496,1,1,1, 27497
1,27526,1,1,0, 27527
8,27536,1,1,1, 27537
9,27537,2,2,1, 27539
16,27539,2,2,1, 27541
17,27539,3,3,1, 27542
1,27566,1,1,1, 27567
8,27576,1,1,0, 27577
16,27579,2,2,1, 27581
24,27589,1,1,1, 27590
25,27595,2,2,1, 27597
2,27603,2,2,1, 27605
1,27606,1,1,0, 27607
8,27616,1,1,1, 27617
24,27629,1,1,0, 27630
1,27646,1,1,0, 27647
8,27656,1,1,1, 27657
16,27659,2,2,1, 27661
24,27669,1,1,0, 27670
1,27686,1,1,1, 27687
24,27709,1,1,1, 27710
1,27726,1,1,0, 27727
24,27749,1,1,0, 27750
1,27766,1,1,0, 27767
8,27776,1,1,0, 27777
9,27777,2,2,1, 27779
16,27779,2,2,1, 27781
24,27789,1,1,0, 27790
8,27816,1,1,0, 27817
24,27829,1,1,1, 27830
8,27856,1,1,1, 27857
24,27869,1,1,1, 27870
1,27886,1,1,1, 27887
8,27896,1,1,1, 27897
16,27899,2,2,1, 27901
24,27909,1,1,0, 27910
2,27923,2,2,1, 27925
1,27926,1,1,1, 27927
24,27949,1,1,1, 27950
2,27963,2,2,1, 27965
1,27966,1,1,0, 27967
24,27989,1,1,1, 27990
2,28003,2,2,1, 28005
1,28006,1,1,1, 28007
8,28016,1,1,0, 28017
15,28021,2,2,1, 28023
24,28029,1,1,0, 28030
8,28056,1,1,1, 28057
24,28069,1,1,1, 28070
8,28096,1,1,1, 28097
24,28109,1,1,0, 28110
1,28126,1,1,0, 28127
8,28136,1,1,1, 28137
9,28137,2,2,1, 28139
17,28139,3,3,1, 28142
24,28149,1,1,1, 28150
1,28166,1,1,1, 28167
24,28189,1,1,1, 28190
1,28206,1,1,0, 28207
24,28229,1,1,1, 28230
1,28246,1,1,1, 28247
8,28256,1,1,1, 28257
16,28259,2,2,1, 28261
24,28269,1,1,0, 28270
8,28296,1,1,1, 28297
15,28301,2,2,1, 28303
24,28309,1,1,1, 28310
8,28336,1,1,1, 28337
15,28341,2,2,1, 28343
24,28349,1,1,0, 28350
1,28366,1,1,0, 28367
8,28376,1,1,0, 28377
24,28389,1,1,1, 28390
1,28406,1,1,1, 28407
24,28429,1,1,1, 28430
25,28435,2,2,1, 28437
26,28437,3,3,1, 28440
1,28446,1,1,0, 28447
24,28469,1,1,1, 28470
1,28486,1,1,0, 28487
8,28496,1,1,1, 28497
9,28497,2,2,1, 28499
15,28501,2,2,1, 28503
24,28509,1,1,0, 28510
2,28523,2,2,1, 28525
1,28526,1,1,0, 28527
8,28536,1,1,0, 28537
15,28541,2,2,1, 28543
24,28549,1,1,0, 28550
31,28556,2,2,1, 28558
2,28563,2,2,1, 28565
1,28566,1,1,0, 28567
8,28576,1,1,1, 28577
15,28581,2,2,1, 28583
24,28589,1,1,1, 28590
1,28606,1,1,1, 28607
8,28616,1,1,0, 28617
9,28617,2,2,1, 28619
16,28619,2,2,1, 28621
17,28619,3,3,1, 28622
24,28629,1,1,1, 28630
1,28646,1,1,0, 28647
24,28669,1,1,0, 28670
1,28686,1,1,1, 28687
24,28709,1,1,1, 28710
1,28726,1,1,0, 28727
24,28749,1,1,1, 28750
1,28766,1,1,0, 28767
16,28779,2,2,1, 28781
24,28789,1,1,0, 28790
26,28797,3,3,1, 28800
2,28803,2,2,1, 28805
1,28806,1,1,1, 28807
8,28816,1,1,1, 28817
24,28829,1,1,0, 28830
1,28846,1,1,0, 28847
8,28856,1,1,0, 28857
24,28869,1,1,1, 28870
1,28886,1,1,1, 28887
8,28896,1,1,0, 28897
15,28901,2,2,1, 28903
24,28909,1,1,0, 28910
2,28923,2,2,1, 28925
1,28926,1,1,0, 28927
8,28936,1,1,1, 28937
24,28949,1,1,1, 28950
2,28963,2,2,1, 28965
1,28966,1,1,1, 28967
8,28976,1,1,1, 28977
16,28979,2,2,1, 28981
17,28979,3,3,1, 28982
24,28989,1,1,1, 28990
2,29003,2,2,1, 29005
1,29006,1,1,0, 29007
8,29016,1,1,0, 29017
24,29029,1,1,1, 29030
2,29043,2,2,1, 29045
1,29046,1,1,1, 29047
8,29056,1,1,0, 29057
24,29069,1,1,0, 29070
2,29083,2,2,1, 29085
1,29086,1,1,1, 29087
8,29096,1,1,1, 29097
24,29109,1,1,1, 29110
25,29115,2,2,1, 29117
1,29126,1,1,1, 29127
8,29136,1,1,0, 29137
15,29141,2,2,1, 29143
24,29149,1,1,0, 29150
25,29155,2,2,1, 29157
1,29166,1,1,1, 29167
24,29189,1,1,1, 29190
1,29206,1,1,0, 29207
24,29229,1,1,1, 29230
1,29246,1,1,1, 29247
24,29269,1,1,1, 29270
26,29277,3,3,1, 29280
1,29286,1,1,0, 29287
8,29296,1,1,1, 29297
17,29299,3,3,1, 29302
24,29309,1,1,1, 29310
1,29326,1,1,0, 29327
8,29336,1,1,0, 29337
15,29341,2,2,1, 29343
24,29349,1,1,1, 29350
1,29366,1,1,1, 29367
8,29376,1,1,0, 29377
16,29379,2,2,1, 29381
17,29379,3,3,1, 29382
24,29389,1,1,1, 29390
23,29388,3,3,1, 29391
31,29396,2,2,1, 29398
8,29416,1,1,1, 29417
15,29421,2,2,1, 29423
24,29429,1,1,0, 29430
8,29456,1,1,0, 29457
15,29461,2,2,1, 29463
24,29469,1,1,0, 29470
8,29496,1,1,1, 29497
24,29509,1,1,0, 29510
23,29508,3,3,1, 29511
31,29516,2,2,1, 29518
2,29523,2,2,1, 29525
1,29526,1,1,0, 29527
8,29536,1,1,0, 29537
15,29541,2,2,1, 29543
24,29549,1,1,0, 29550
2,29563,2,2,1, 29565
1,29566,1,1,1, 29567
8,29576,1,1,1, 29577
15,29581,2,2,1, 29583
24,29589,1,1,0, 29590
2,29603,2,2,1, 29605
1,29606,1,1,0, 29607
8,29616,1,1,0, 29617
15,29621,2,2,1, 29623
24,29629,1,1,0, 29630
31,29636,2,2,1, 29638
26,29637,3,3,1, 29640
1,29646,1,1,1, 29647
17,29659,3,3,1, 29662
24,29669,1,1,1, 29670
1,29686,1,1,0, 29687
17,29699,3,3,1, 29702
24,29709,1,1,1, 29710
1,29726,1,1,0, 29727
24,29749,1,1,1, 29750
25,29755,2,2,1, 29757
1,29766,1,1,1, 29767
8,29776,1,1,1, 29777
2,29803,2,2,1, 29805
1,29806,1,1,0, 29807
8,29816,1,1,1, 29817
25,29835,2,2,1, 29837
1,29846,1,1,1, 29847
8,29856,1,1,0, 29857
24,29869,1,1,0, 29870
26,29877,3,3,1, 29880
8,29896,1,1,1, 29897
17,29899,3,3,1, 29902
24,29909,1,1,1, 29910
8,29936,1,1,0, 29937
15,29941,2,2,1, 29943
24,29949,1,1,1, 29950
31,29956,2,2,1, 29958
8,29976,1,1,1, 29977
24,29989,1,1,0, 29990
25,29995,2,2,1, 29997
8,30016,1,1,1, 30017
24,30029,1,1,1, 30030
8,30056,1,1,1, 30057
15,30061,2,2,1, 30063
24,30069,1,1,1, 30070
8,30096,1,1,1, 30097
15,30101,2,2,1, 30103
24,30109,1,1,1, 30110
23,30108,3,3,1, 30111
25,30115,2,2,1, 30117
26,30117,3,3,1, 30120
1,30126,1,1,1, 30127
1,30166,1,1,0, 30167
1,30206,1,1,1, 30207
24,30229,1,1,1, 30230
31,30236,2,2,1, 30238
26,30237,3,3,1, 30240
1,30246,1,1,1, 30247
8,30256,1,1,1, 30257
1,30286,1,1,1, 30287
8,30296,1,1,0, 30297
1,30326,1,1,1, 30327
8,30336,1,1,1, 30337
15,30341,2,2,1, 30343
24,30349,1,1,1, 30350
25,30355,2,2,1, 30357
1,30366,1,1,1, 30367
24,30389,1,1,1, 30390
31,30396,2,2,1, 30398
1,30406,1,1,0, 30407
24,30429,1,1,1, 30430
1,30446,1,1,1, 30447
24,30469,1,1,0, 30470
25,30475,2,2,1, 30477
26,30477,3,3,1, 30480
2,30483,2,2,1, 30485
1,30486,1,1,1, 30487
8,30496,1,1,0, 30497
15,30501,2,2,1, 30503
24,30509,1,1,0, 30510
1,30526,1,1,0, 30527
8,30536,1,1,0, 30537
15,30541,2,2,1, 30543
24,30549,1,1,1, 30550
2,30563,2,2,1, 30565
1,30566,1,1,0, 30567
8,30576,1,1,0, 30577
24,30589,1,1,1, 30590
25,30595,2,2,1, 30597
26,30597,3,3,1, 30600
16,30619,2,2,1, 30621
24,30629,1,1,1, 30630
16,30659,2,2,1, 30661
25,30715,2,2,1, 30717
1,30726,1,1,0, 30727
8,30736,1,1,0, 30737
16,30739,2,2,1, 30741
15,30741,2,2,1, 30743
1,30766,1,1,0, 30767
8,30776,1,1,1, 30777
16,30779,2,2,1, 30781
17,30779,3,3,1, 30782
24,30789,1,1,1, 30790
1,30806,1,1,1, 30807
8,30816,1,1,0, 30817
24,30829,1,1,0, 30830
2,30843,2,2,1, 30845
1,30846,1,1,1, 30847
8,30856,1,1,1, 30857
15,30861,2,2,1, 30863
24,30869,1,1,1, 30870
1,30886,1,1,1, 30887
8,30896,1,1,0, 30897
9,30897,2,2,1, 30899
17,30899,3,3,1, 30902
24,30909,1,1,1, 30910
8,30936,1,1,0, 30937
24,30949,1,1,1, 30950
8,30976,1,1,1, 30977
24,30989,1,1,0, 30990
23,30988,3,3,1, 30991
31,30996,2,2,1, 30998
1,31006,1,1,1, 31007
8,31016,1,1,1, 31017
16,31019,2,2,1, 31021
17,31019,3,3,1, 31022
15,31021,2,2,1, 31023
24,31029,1,1,0, 31030
1,31046,1,1,0, 31047
8,31056,1,1,1, 31057
24,31069,1,1,1, 31070
1,31086,1,1,0, 31087
8,31096,1,1,1, 31097
16,31099,2,2,1, 31101
24,31109,1,1,1, 31110
31,31116,2,2,1, 31118
1,31126,1,1,0, 31127
8,31136,1,1,1, 31137
9,31137,2,2,1, 31139
24,31149,1,1,0, 31150
24,31189,1,1,1, 31190
25,31195,2,2,1, 31197
24,31229,1,1,0, 31230
1,31246,1,1,0, 31247
8,31256,1,1,0, 31257
24,31269,1,1,0, 31270
2,31283,2,2,1, 31285
1,31286,1,1,1, 31287
8,31296,1,1,1, 31297
24,31309,1,1,1, 31310
1,31326,1,1,1, 31327
8,31336,1,1,0, 31337
24,31349,1,1,1, 31350
31,31356,2,2,1, 31358
2,31363,2,2,1, 31365
1,31366,1,1,1, 31367
8,31376,1,1,0, 31377
17,31379,3,3,1, 31382
15,31381,2,2,1, 31383
24,31389,1,1,0, 31390
8,31416,1,1,0, 31417
24,31429,1,1,0, 31430
8,31456,1,1,1, 31457
15,31461,2,2,1, 31463
24,31469,1,1,1, 31470
2,31483,2,2,1, 31485
1,31486,1,1,0, 31487
8,31496,1,1,0, 31497
9,31497,2,2,1, 31499
24,31509,1,1,0, 31510
24,31549,1,1,0, 31550
24,31589,1,1,0, 31590
1,31606,1,1,1, 31607
8,31616,1,1,1, 31617
9,31617,2,2,1, 31619
16,31619,2,2,1, 31621
17,31619,3,3,1, 31622
24,31629,1,1,0, 31630
24,31669,1,1,1, 31670
8,31696,1,1,1, 31697
15,31701,2,2,1, 31703
24,31709,1,1,1, 31710
1,31726,1,1,1, 31727
8,31736,1,1,0, 31737
17,31739,3,3,1, 31742
24,31749,1,1,0, 31750
24,31789,1,1,1, 31790
8,31816,1,1,1, 31817
24,31829,1,1,1, 31830
1,31846,1,1,0, 31847
8,31856,1,1,0, 31857
9,31857,2,2,1, 31859
16,31859,2,2,1, 31861
24,31869,1,1,1, 31870
2,31883,2,2,1, 31885
1,31886,1,1,0, 31887
24,31909,1,1,1, 31910
1,31926,1,1,1, 31927
24,31949,1,1,0, 31950
1,31966,1,1,0, 31967
8,31976,1,1,1, 31977
9,31977,2,2,1, 31979
15,31981,2,2,1, 31983
24,31989,1,1,0, 31990
8,32016,1,1,1, 32017
24,32029,1,1,0, 32030
31,32036,2,2,1, 32038
8,32056,1,1,0, 32057
15,32061,2,2,1, 32063
24,32069,1,1,0, 32070
31,32076,2,2,1, 32078
1,32086,1,1,0, 32087
8,32096,1,1,0, 32097
16,32099,2,2,1, 32101
24,32109,1,1,0, 32110
1,32126,1,1,0, 32127
24,32149,1,1,0, 32150
1,32166,1,1,0, 32167
24,32189,1,1,0, 32190
1,32206,1,1,1, 32207
8,32216,1,1,0, 32217
16,32219,2,2,1, 32221
17,32219,3,3,1, 32222
24,32229,1,1,1, 32230
2,32243,2,2,1, 32245
1,32246,1,1,0, 32247
8,32256,1,1,0, 32257
15,32261,2,2,1, 32263
24,32269,1,1,0, 32270
1,32286,1,1,1, 32287
8,32296,1,1,0, 32297
15,32301,2,2,1, 32303
24,32309,1,1,0, 32310
31,32316,2,2,1, 32318
1,32326,1,1,0, 32327
8,32336,1,1,0, 32337
24,32349,1,1,1, 32350
24,32389,1,1,1, 32390
24,32429,1,1,0, 32430
1,32446,1,1,1, 32447
8,32456,1,1,0, 32457
9,32457,2,2,1, 32459
16,32459,2,2,1, 32461
17,32459,3,3,1, 32462
24,32469,1,1,1, 32470
1,32486,1,1,1, 32487
24,32509,1,1,0, 32510
1,32526,1,1,0, 32527
8,32536,1,1,1, 32537
15,32541,2,2,1, 32543
24,32549,1,1,0, 32550
1,32566,1,1,0, 32567
8,32576,1,1,1, 32577
17,32579,3,3,1, 32582
24,32589,1,1,0, 32590
24,32629,1,1,0, 32630
8,32656,1,1,0, 32657
15,32661,2,2,1, 32663
24,32669,1,1,0, 32670
1,32686,1,1,0, 32687
8,32696,1,1,1, 32697
16,32699,2,2,1, 32701
17,32699,3,3,1, 32702
24,32709,1,1,0, 32710
24,32749,1,1,1, 32750
8,32776,1,1,0, 32777
15,32781,2,2,1, 32783
24,32789,1,1,0, 32790
1,32806,1,1,1, 32807
8,32816,1,1,1, 32817
17,32819,3,3,1, 32822
24,32829,1,1,0, 32830
24,32869,1,1,0, 32870
8,32896,1,1,1, 32897
15,32901,2,2,1, 32903
24,32909,1,1,1, 32910
2,32923,2,2,1, 32925
1,32926,1,1,0, 32927
8,32936,1,1,0, 32937
9,32937,2,2,1, 32939
16,32939,2,2,1, 32941
24,32949,1,1,0, 32950
24,32989,1,1,1, 32990
24,33029,1,1,0, 33030
1,33046,1,1,1, 33047
8,33056,1,1,1, 33057
24,33069,1,1,1, 33070
8,33096,1,1,0, 33097
24,33109,1,1,1, 33110
8,33136,1,1,0, 33137
24,33149,1,1,1, 33150
1,33166,1,1,0, 33167
8,33176,1,1,1, 33177
16,33179,2,2,1, 33181
24,33189,1,1,0, 33190
24,33229,1,1,1, 33230
24,33269,1,1,1, 33270
1,33286,1,1,0, 33287
8,33296,1,1,1, 33297
9,33297,2,2,1, 33299
16,33299,2,2,1, 33301
17,33299,3,3,1, 33302
24,33309,1,1,1, 33310
24,33349,1,1,1, 33350
8,33376,1,1,1, 33377
15,33381,2,2,1, 33383
24,33389,1,1,1, 33390
1,33406,1,1,0, 33407
8,33416,1,1,0, 33417
9,33417,2,2,1, 33419
24,33429,1,1,1, 33430
25,33435,2,2,1, 33437
1,33446,1,1,1, 33447
24,33469,1,1,0, 33470
2,33483,2,2,1, 33485
1,33486,1,1,1, 33487
24,33509,1,1,0, 33510
2,33523,2,2,1, 33525
1,33526,1,1,0, 33527
8,33536,1,1,1, 33537
16,33539,2,2,1, 33541
17,33539,3,3,1, 33542
15,33541,2,2,1, 33543
24,33549,1,1,0, 33550
31,33556,2,2,1, 33558
8,33576,1,1,1, 33577
24,33589,1,1,1, 33590
8,33616,1,1,0, 33617
24,33629,1,1,0, 33630
1,33646,1,1,1, 33647
8,33656,1,1,1, 33657
17,33659,3,3,1, 33662
15,33661,2,2,1, 33663
24,33669,1,1,1, 33670
25,33675,2,2,1, 33677
1,33686,1,1,0, 33687
24,33709,1,1,1, 33710
25,33715,2,2,1, 33717
1,33726,1,1,0, 33727
16,33739,2,2,1, 33741
24,33749,1,1,1, 33750
1,33766,1,1,0, 33767
8,33776,1,1,0, 33777
9,33777,2,2,1, 33779
16,33779,2,2,1, 33781
17,33779,3,3,1, 33782
2,33803,2,2,1, 33805
1,33806,1,1,0, 33807
8,33816,1,1,0, 33817
15,33821,2,2,1, 33823
2,33843,2,2,1, 33845
1,33846,1,1,0, 33847
8,33856,1,1,0, 33857
1,33886,1,1,0, 33887
8,33896,1,1,1, 33897
9,33897,2,2,1, 33899
17,33899,3,3,1, 33902
24,33909,1,1,1, 33910
24,33949,1,1,1, 33950
8,33976,1,1,1, 33977
24,33989,1,1,1, 33990
1,34006,1,1,1, 34007
8,34016,1,1,1, 34017
9,34017,2,2,1, 34019
17,34019,3,3,1, 34022
24,34029,1,1,0, 34030
24,34069,1,1,0, 34070
8,34096,1,1,1, 34097
15,34101,2,2,1, 34103
24,34109,1,1,0, 34110
1,34126,1,1,0, 34127
8,34136,1,1,1, 34137
16,34139,2,2,1, 34141
17,34139,3,3,1, 34142
24,34149,1,1,1, 34150
24,34189,1,1,1, 34190
8,34216,1,1,1, 34217
15,34221,2,2,1, 34223
24,34229,1,1,1, 34230
1,34246,1,1,1, 34247
8,34256,1,1,1, 34257
9,34257,2,2,1, 34259
16,34259,2,2,1, 34261
1,34286,1,1,0, 34287
1,34326,1,1,1, 34327
1,34366,1,1,0, 34367
8,34376,1,1,1, 34377
9,34377,2,2,1, 34379
17,34379,3,3,1, 34382
24,34389,1,1,1, 34390
31,34396,2,2,1, 34398
8,34416,1,1,1, 34417
15,34421,2,2,1, 34423
24,34429,1,1,0, 34430
8,34456,1,1,1, 34457
24,34469,1,1,0, 34470
1,34486,1,1,0, 34487
8,34496,1,1,1, 34497
9,34497,2,2,1, 34499
16,34499,2,2,1, 34501
24,34509,1,1,0, 34510
16,34539,2,2,1, 34541
24,34549,1,1,0, 34550
16,34579,2,2,1, 34581
24,34589,1,1,0, 34590
1,34606,1,1,0, 34607
8,34616,1,1,0, 34617
9,34617,2,2,1, 34619
16,34619,2,2,1, 34621
17,34619,3,3,1, 34622
15,34621,2,2,1, 34623
24,34629,1,1,1, 34630
31,34636,2,2,1, 34638
1,34646,1,1,1, 34647
8,34656,1,1,0, 34657
24,34669,1,1,1, 34670
31,34676,2,2,1, 34678
1,34686,1,1,0, 34687
8,34696,1,1,1, 34697
24,34709,1,1,1, 34710
1,34726,1,1,0, 34727
8,34736,1,1,1, 34737
16,34739,2,2,1, 34741
1,34766,1,1,0, 34767
1,34806,1,1,1, 34807
2,34843,2,2,1, 34845
1,34846,1,1,0, 34847
8,34856,1,1,1, 34857
16,34859,2,2,1, 34861
15,34861,2,2,1, 34863
24,34869,1,1,0, 34870
2,34883,2,2,1, 34885
1,34886,1,1,1, 34887
8,34896,1,1,1, 34897
15,34901,2,2,1, 34903
24,34909,1,1,1, 34910
2,34923,2,2,1, 34925
1,34926,1,1,1, 34927
8,34936,1,1,1, 34937
24,34949,1,1,0, 34950
1,34966,1,1,1, 34967
8,34976,1,1,0, 34977
9,34977,2,2,1, 34979
17,34979,3,3,1, 34982
1,35006,1,1,1, 35007
2,35043,2,2,1, 35045
1,35046,1,1,0, 35047
24,35069,1,1,0, 35070
1,35086,1,1,0, 35087
24,35109,1,1,1, 35110
1,35126,1,1,0, 35127
16,35139,2,2,1, 35141
24,35149,1,1,1, 35150
26,35157,3,3,1, 35160
8,35176,1,1,1, 35177
17,35179,3,3,1, 35182
15,35181,2,2,1, 35183
24,35189,1,1,0, 35190
25,35195,2,2,1, 35197
8,35216,1,1,0, 35217
17,35219,3,3,1, 35222
15,35221,2,2,1, 35223
8,35256,1,1,1, 35257
15,35261,2,2,1, 35263
25,35275,2,2,1, 35277
1,35286,1,1,0, 35287
8,35296,1,1,1, 35297
1,35326,1,1,1, 35327
8,35336,1,1,1, 35337
15,35341,2,2,1, 35343
24,35349,1,1,1, 35350
1,35366,1,1,0, 35367
8,35376,1,1,1, 35377
15,35381,2,2,1, 35383
24,35389,1,1,0, 35390
2,35403,2,2,1, 35405
1,35406,1,1,1, 35407
8,35416,1,1,0, 35417
9,35417,2,2,1, 35419
17,35419,3,3,1, 35422
24,35429,1,1,1, 35430
1,35446,1,1,0, 35447
8,35456,1,1,0, 35457
16,35459,2,2,1, 35461
24,35469,1,1,0, 35470
2,35483,2,2,1, 35485
1,35486,1,1,1, 35487
24,35509,1,1,0, 35510
2,35523,2,2,1, 35525
1,35526,1,1,0, 35527
24,35549,1,1,1, 35550
1,35566,1,1,1, 35567
8,35576,1,1,0, 35577
24,35589,1,1,0, 35590
1,35606,1,1,0, 35607
8,35616,1,1,1, 35617
24,35629,1,1,0, 35630
31,35636,2,2,1, 35638
1,35646,1,1,0, 35647
8,35656,1,1,1, 35657
24,35669,1,1,0, 35670
31,35676,2,2,1, 35678
1,35686,1,1,0, 35687
8,35696,1,1,1, 35697
9,35697,2,2,1, 35699
16,35699,2,2,1, 35701
24,35709,1,1,1, 35710
2,35723,2,2,1, 35725
1,35726,1,1,1, 35727
24,35749,1,1,0, 35750
2,35763,2,2,1, 35765
1,35766,1,1,1, 35767
24,35789,1,1,0, 35790
2,35803,2,2,1, 35805
1,35806,1,1,0, 35807
8,35816,1,1,0, 35817
24,35829,1,1,1, 35830
25,35835,2,2,1, 35837
26,35837,3,3,1, 35840
8,35856,1,1,1, 35857
24,35869,1,1,0, 35870
26,35877,3,3,1, 35880
8,35896,1,1,0, 35897
1,35926,1,1,1, 35927
8,35936,1,1,1, 35937
16,35939,2,2,1, 35941
17,35939,3,3,1, 35942
24,35949,1,1,0, 35950
1,35966,1,1,0, 35967
8,35976,1,1,1, 35977
24,35989,1,1,1, 35990
2,36003,2,2,1, 36005
1,36006,1,1,0, 36007
8,36016,1,1,1, 36017
24,36029,1,1,0, 36030
2,36043,2,2,1, 36045
1,36046,1,1,1, 36047
8,36056,1,1,0, 36057
9,36057,2,2,1, 36059
16,36059,2,2,1, 36061
17,36059,3,3,1, 36062
24,36069,1,1,1, 36070
24,36109,1,1,0, 36110
8,36136,1,1,1, 36137
15,36141,2,2,1, 36143
24,36149,1,1,1, 36150
1,36166,1,1,0, 36167
8,36176,1,1,0, 36177
16,36179,2,2,1, 36181
17,36179,3,3,1, 36182
24,36189,1,1,1, 36190
25,36195,2,2,1, 36197
24,36229,1,1,0, 36230
8,36256,1,1,0, 36257
15,36261,2,2,1, 36263
24,36269,1,1,0, 36270
1,36286,1,1,0, 36287
8,36296,1,1,0, 36297
9,36297,2,2,1, 36299
17,36299,3,3,1, 36302
2,36323,2,2,1, 36325
1,36326,1,1,0, 36327
1,36366,1,1,0, 36367
8,36376,1,1,1, 36377
15,36381,2,2,1, 36383
1,36406,1,1,0, 36407
8,36416,1,1,0, 36417
17,36419,3,3,1, 36422
24,36429,1,1,1, 36430
1,36446,1,1,0, 36447
24,36469,1,1,1, 36470
2,36483,2,2,1, 36485
1,36486,1,1,1, 36487
16,36499,2,2,1, 36501
24,36509,1,1,1, 36510
1,36526,1,1,1, 36527
1,36566,1,1,0, 36567
8,36616,1,1,1, 36617
8,36656,1,1,0, 36657
24,36669,1,1,0, 36670
26,36677,3,3,1, 36680
8,36696,1,1,0, 36697
17,36699,3,3,1, 36702
24,36709,1,1,0, 36710
26,36717,3,3,1, 36720
1,36726,1,1,1, 36727
8,36736,1,1,1, 36737
24,36749,1,1,0, 36750
1,36766,1,1,1, 36767
8,36776,1,1,0, 36777
16,36779,2,2,1, 36781
15,36781,2,2,1, 36783
24,36789,1,1,1, 36790
31,36796,2,2,1, 36798
1,36806,1,1,0, 36807
8,36816,1,1,1, 36817
15,36821,2,2,1, 36823
24,36829,1,1,1, 36830
1,36846,1,1,0, 36847
8,36856,1,1,0, 36857
16,36859,2,2,1, 36861
24,36869,1,1,0, 36870
1,36886,1,1,0, 36887
8,36896,1,1,1, 36897
24,36909,1,1,1, 36910
1,36926,1,1,0, 36927
8,36936,1,1,1, 36937
17,36939,3,3,1, 36942
24,36949,1,1,1, 36950
1,36966,1,1,1, 36967
24,36989,1,1,0, 36990
1,37006,1,1,1, 37007
9,37017,2,2,1, 37019
24,37029,1,1,1, 37030
2,37043,2,2,1, 37045
1,37046,1,1,1, 37047
16,37059,2,2,1, 37061
24,37069,1,1,0, 37070
1,37086,1,1,1, 37087
8,37096,1,1,1, 37097
15,37101,2,2,1, 37103
24,37109,1,1,1, 37110
1,37126,1,1,1, 37127
8,37136,1,1,0, 37137
15,37141,2,2,1, 37143
24,37149,1,1,1, 37150
2,37163,2,2,1, 37165
1,37166,1,1,0, 37167
8,37176,1,1,0, 37177
15,37181,2,2,1, 37183
24,37189,1,1,1, 37190
25,37195,2,2,1, 37197
26,37197,3,3,1, 37200
8,37216,1,1,0, 37217
24,37229,1,1,0, 37230
31,37236,2,2,1, 37238
8,37256,1,1,1, 37257
24,37269,1,1,1, 37270
8,37296,1,1,0, 37297
17,37299,3,3,1, 37302
24,37309,1,1,0, 37310
2,37323,2,2,1, 37325
1,37326,1,1,0, 37327
8,37336,1,1,1, 37337
16,37339,2,2,1, 37341
1,37366,1,1,0, 37367
8,37376,1,1,1, 37377
16,37379,2,2,1, 37381
24,37389,1,1,0, 37390
2,37403,2,2,1, 37405
1,37406,1,1,0, 37407
8,37416,1,1,0, 37417
24,37429,1,1,0, 37430
25,37435,2,2,1, 37437
8,37456,1,1,0, 37457
24,37469,1,1,0, 37470
8,37496,1,1,1, 37497
16,37499,2,2,1, 37501
15,37501,2,2,1, 37503
24,37509,1,1,0, 37510
24,37549,1,1,0, 37550
26,37557,3,3,1, 37560
2,37563,2,2,1, 37565
1,37566,1,1,0, 37567
1,37606,1,1,0, 37607
2,37643,2,2,1, 37645
1,37646,1,1,1, 37647
24,37669,1,1,1, 37670
25,37675,2,2,1, 37677
31,37676,2,2,1, 37678
26,37677,3,3,1, 37680
8,37696,1,1,1, 37697
15,37701,2,2,1, 37703
24,37709,1,1,0, 37710
8,37736,1,1,1, 37737
15,37741,2,2,1, 37743
24,37749,1,1,0, 37750
8,37776,1,1,1, 37777
24,37789,1,1,1, 37790
25,37795,2,2,1, 37797
1,37806,1,1,0, 37807
16,37819,2,2,1, 37821
24,37829,1,1,0, 37830
1,37846,1,1,1, 37847
16,37859,2,2,1, 37861
24,37869,1,1,0, 37870
2,37883,2,2,1, 37885
1,37886,1,1,0, 37887
16,37899,2,2,1, 37901
24,37909,1,1,0, 37910
31,37916,2,2,1, 37918
1,37926,1,1,0, 37927
8,37936,1,1,1, 37937
24,37949,1,1,0, 37950
31,37956,2,2,1, 37958
1,37966,1,1,0, 37967
8,37976,1,1,1, 37977
24,37989,1,1,0, 37990
31,37996,2,2,1, 37998
1,38006,1,1,1, 38007
8,38016,1,1,1, 38017
24,38029,1,1,1, 38030
26,38037,3,3,1, 38040
1,38046,1,1,0, 38047
8,38056,1,1,0, 38057
15,38061,2,2,1, 38063
1,38086,1,1,0, 38087
8,38096,1,1,1, 38097
15,38101,2,2,1, 38103
1,38126,1,1,0, 38127
8,38136,1,1,0, 38137
24,38149,1,1,1, 38150
23,38148,3,3,1, 38151
31,38156,2,4,1, 38160
26,38157,3,3,1, 38160
2,38163,2,2,1, 38165
1,38166,1,1,1, 38167
24,38189,1,1,0, 38190
2,38203,2,2,1, 38205
1,38206,1,1,1, 38207
24,38229,1,1,1, 38230
2,38243,2,2,1, 38245
1,38246,1,1,0, 38247
24,38269,1,1,0, 38270
23,38268,3,3,1, 38271
25,38275,2,2,1, 38277
31,38276,2,2,1, 38278
26,38277,3,3,1, 38280
8,38296,1,1,0, 38297
9,38297,2,2,1, 38299
24,38309,1,1,0, 38310
25,38315,2,2,1, 38317
26,38317,3,3,1, 38320
8,38336,1,1,1, 38337
15,38341,2,2,1, 38343
24,38349,1,1,0, 38350
8,38376,1,1,1, 38377
9,38377,2,2,1, 38379
24,38389,1,1,1, 38390
25,38395,2,2,1, 38397
31,38396,2,2,1, 38398
26,38397,3,3,1, 38400
2,38403,2,2,1, 38405
1,38406,1,1,0, 38407
16,38419,2,2,1, 38421
17,38419,3,3,1, 38422
24,38429,1,1,0, 38430
31,38436,2,2,1, 38438
1,38446,1,1,0, 38447
16,38459,2,2,1, 38461
17,38459,3,3,1, 38462
1,38486,1,1,1, 38487
2,38523,2,2,1, 38525
1,38526,1,1,1, 38527
8,38536,1,1,0, 38537
15,38541,2,2,1, 38543
1,38566,1,1,1, 38567
8,38576,1,1,1, 38577
1,38606,1,1,1, 38607
8,38616,1,1,0, 38617
15,38621,2,2,1, 38623
23,38628,3,5,1, 38633
25,38635,2,2,1, 38637
31,38636,2,4,1, 38640
1,38646,1,1,0, 38647
24,38669,1,1,0, 38670
1,38686,1,1,1, 38687
24,38709,1,1,1, 38710
25,38715,2,2,1, 38717
1,38726,1,1,1, 38727
24,38749,1,1,1, 38750
25,38755,2,2,1, 38757
2,38763,2,2,1, 38765
8,38776,1,1,0, 38777
15,38781,2,2,1, 38783
24,38789,1,1,0, 38790
8,38816,1,1,0, 38817
24,38829,1,1,1, 38830
31,38836,2,2,1, 38838
8,38856,1,1,1, 38857
24,38869,1,1,0, 38870
25,38875,2,2,1, 38877
8,38896,1,1,1, 38897
24,38909,1,1,0, 38910
8,38936,1,1,1, 38937
15,38941,2,2,1, 38943
24,38949,1,1,0, 38950
1,38966,1,1,1, 38967
8,38976,1,1,1, 38977
24,38989,1,1,1, 38990
1,39006,1,1,0, 39007
8,39016,1,1,0, 39017
9,39017,2,2,1, 39019
16,39019,2,2,1, 39021
24,39029,1,1,0, 39030
31,39036,2,2,1, 39038
1,39046,1,1,1, 39047
8,39056,1,1,0, 39057
15,39061,2,2,1, 39063
24,39069,1,1,0, 39070
31,39076,2,2,1, 39078
2,39083,2,2,1, 39085
1,39086,1,1,0, 39087
16,39099,2,2,1, 39101
24,39109,1,1,1, 39110
23,39108,3,3,1, 39111
25,39115,2,2,1, 39117
31,39116,2,2,1, 39118
2,39123,2,2,1, 39125
1,39126,1,1,1, 39127
2,39163,2,2,1, 39165
1,39166,1,1,0, 39167
8,39176,1,1,0, 39177
9,39177,2,2,1, 39179
16,39179,2,2,1, 39181
17,39179,3,3,1, 39182
8,39216,1,1,0, 39217
24,39229,1,1,0, 39230
8,39256,1,1,0, 39257
17,39259,3,3,1, 39262
15,39261,2,2,1, 39263
24,39269,1,1,1, 39270
31,39276,2,2,1, 39278
1,39286,1,1,0, 39287
8,39296,1,1,0, 39297
16,39299,2,2,1, 39301
24,39309,1,1,0, 39310
31,39316,2,2,1, 39318
8,39336,1,1,1, 39337
16,39339,2,2,1, 39341
24,39349,1,1,1, 39350
8,39376,1,1,0, 39377
15,39381,2,2,1, 39383
24,39389,1,1,1, 39390
1,39406,1,1,0, 39407
8,39416,1,1,1, 39417
24,39429,1,1,0, 39430
8,39456,1,1,0, 39457
15,39461,2,2,1, 39463
24,39469,1,1,1, 39470
8,39496,1,1,1, 39497
24,39509,1,1,0, 39510
1,39526,1,1,1, 39527
8,39536,1,1,0, 39537
16,39539,2,2,1, 39541
17,39539,3,3,1, 39542
24,39549,1,1,1, 39550
2,39563,2,2,1, 39565
1,39566,1,1,0, 39567
24,39589,1,1,0, 39590
1,39606,1,1,1, 39607
8,39616,1,1,0, 39617
24,39629,1,1,1, 39630
1,39646,1,1,1, 39647
8,39656,1,1,0, 39657
9,39657,2,2,1, 39659
17,39659,3,3,1, 39662
24,39669,1,1,0, 39670
31,39676,2,2,1, 39678
16,39699,2,2,1, 39701
24,39709,1,1,0, 39710
31,39716,2,2,1, 39718
16,39739,2,2,1, 39741
24,39749,1,1,1, 39750
31,39756,2,2,1, 39758
1,39766,1,1,1, 39767
8,39776,1,1,1, 39777
16,39779,2,2,1, 39781
8,39816,1,1,1, 39817
15,39821,2,2,1, 39823
8,39856,1,1,1, 39857
15,39861,2,2,1, 39863
1,39886,1,1,0, 39887
8,39896,1,1,1, 39897
9,39897,2,2,1, 39899
24,39909,1,1,0, 39910
1,39926,1,1,0, 39927
24,39949,1,1,0, 39950
2,39963,2,2,1, 39965
1,39966,1,1,1, 39967
8,39976,1,1,1, 39977
15,39981,2,2,1, 39983
24,39989,1,1,1, 39990
2,40003,2,2,1, 40005
1,40006,1,1,0, 40007
8,40016,1,1,1, 40017
16,40019,2,2,1, 40021
17,40019,3,3,1, 40022
15,40021,2,2,1, 40023
24,40029,1,1,1, 40030
1,40046,1,1,0, 40047
8,40056,1,1,0, 40057
24,40069,1,1,0, 40070
2,40083,2,2,1, 40085
1,40086,1,1,1, 40087
8,40096,1,1,0, 40097
15,40101,2,2,1, 40103
24,40109,1,1,0, 40110
1,40126,1,1,0, 40127
8,40136,1,1,0, 40137
9,40137,2,2,1, 40139
16,40139,2,2,1, 40141
24,40149,1,1,0, 40150
1,40166,1,1,0, 40167
24,40189,1,1,0, 40190
25,40195,2,2,1, 40197
31,40196,2,2,1, 40198
2,40203,2,2,1, 40205
1,40206,1,1,0, 40207
24,40229,1,1,0, 40230
1,40246,1,1,0, 40247
8,40256,1,1,1, 40257
17,40259,3,3,1, 40262
24,40269,1,1,0, 40270
8,40296,1,1,0, 40297
24,40309,1,1,1, 40310
8,40336,1,1,0, 40337
24,40349,1,1,0, 40350
1,40366,1,1,0, 40367
8,40376,1,1,0, 40377
9,40377,2,2,1, 40379
15,40381,2,2,1, 40383
24,40389,1,1,1, 40390
31,40396,2,2,1, 40398
8,40416,1,1,0, 40417
15,40421,2,2,1, 40423
24,40429,1,1,1, 40430
31,40436,2,2,1, 40438
8,40456,1,1,1, 40457
15,40461,2,2,1, 40463
24,40469,1,1,0, 40470
1,40486,1,1,1, 40487
8,40496,1,1,0, 40497
17,40499,3,3,1, 40502
24,40509,1,1,1, 40510
1,40526,1,1,1, 40527
24,40549,1,1,0, 40550
1,40566,1,1,1, 40567
8,40576,1,1,0, 40577
16,40579,2,2,1, 40581
24,40589,1,1,0, 40590
2,40603,2,2,1, 40605
1,40606,1,1,1, 40607
8,40616,1,1,0, 40617
9,40617,2,2,1, 40619
16,40619,2,2,1, 40621
17,40619,3,3,1, 40622
8,40696,1,1,0, 40697
24,40709,1,1,0, 40710
25,40715,2,2,1, 40717
1,40726,1,1,0, 40727
8,40736,1,1,1, 40737
15,40741,2,2,1, 40743
24,40749,1,1,1, 40750
8,40776,1,1,1, 40777
24,40789,1,1,1, 40790
31,40796,2,2,1, 40798
1,40806,1,1,0, 40807
1,40846,1,1,0, 40847
1,40886,1,1,0, 40887
9,40897,2,2,1, 40899
24,40909,1,1,0, 40910
23,40908,3,3,1, 40911
25,40915,2,2,1, 40917
26,40917,3,3,1, 40920
24,40949,1,1,1, 40950
8,40976,1,1,1, 40977
24,40989,1,1,1, 40990
26,40997,3,3,1, 41000
2,41003,2,2,1, 41005
1,41006,1,1,1, 41007
8,41016,1,1,1, 41017
15,41021,2,2,1, 41023
24,41029,1,1,0, 41030
1,41046,1,1,0, 41047
8,41056,1,1,0, 41057
24,41069,1,1,1, 41070
31,41076,2,2,1, 41078
1,41086,1,1,1, 41087
8,41096,1,1,1, 41097
24,41109,1,1,0, 41110
1,41126,1,1,1, 41127
8,41136,1,1,0, 41137
16,41139,2,2,1, 41141
24,41149,1,1,0, 41150
25,41155,2,2,1, 41157
26,41157,3,3,1, 41160
1,41166,1,1,0, 41167
25,41195,2,2,1, 41197
1,41206,1,1,1, 41207
1,41246,1,1,0, 41247
24,41269,1,1,1, 41270
8,41296,1,1,1, 41297
24,41309,1,1,0, 41310
8,41336,1,1,1, 41337
15,41341,2,2,1, 41343
24,41349,1,1,0, 41350
8,41376,1,1,0, 41377
24,41389,1,1,0, 41390
1,41406,1,1,1, 41407
24,41429,1,1,1, 41430
1,41446,1,1,0, 41447
24,41469,1,1,0, 41470
31,41476,2,2,1, 41478
1,41486,1,1,1, 41487
24,41509,1,1,0, 41510
8,41536,1,1,0, 41537
24,41549,1,1,1, 41550
8,41576,1,1,1, 41577
16,41579,2,2,1, 41581
24,41589,1,1,0, 41590
25,41595,2,2,1, 41597
8,41616,1,1,1, 41617
16,41619,2,2,1, 41621
24,41629,1,1,1, 41630
23,41628,3,3,1, 41631
25,41635,2,2,1, 41637
26,41637,3,3,1, 41640
1,41646,1,1,0, 41647
1,41686,1,1,1, 41687
1,41726,1,1,0, 41727
24,41749,1,1,0, 41750
1,41766,1,1,0, 41767
8,41776,1,1,0, 41777
16,41779,2,2,1, 41781
24,41789,1,1,1, 41790
25,41795,2,2,1, 41797
2,41803,2,2,1, 41805
1,41806,1,1,0, 41807
8,41816,1,1,1, 41817
9,41817,2,2,1, 41819
24,41829,1,1,1, 41830
25,41835,2,2,1, 41837
16,41859,2,2,1, 41861
24,41869,1,1,1, 41870
23,41868,3,3,1, 41871
25,41875,2,2,1, 41877
31,41876,2,2,1, 41878
26,41877,3,3,1, 41880
1,41926,1,1,1, 41927
8,41936,1,1,1, 41937
15,41941,2,2,1, 41943
26,41957,3,3,1, 41960
1,41966,1,1,0, 41967
8,41976,1,1,1, 41977
16,41979,2,2,1, 41981
24,41989,1,1,1, 41990
25,41995,2,2,1, 41997
31,41996,2,2,1, 41998
26,41997,3,3,1, 42000
1,42006,1,1,1, 42007
8,42016,1,1,0, 42017
24,42029,1,1,0, 42030
1,42046,1,1,0, 42047
8,42056,1,1,1, 42057
15,42061,2,2,1, 42063
24,42069,1,1,1, 42070
1,42086,1,1,0, 42087
8,42096,1,1,1, 42097
15,42101,2,2,1, 42103
24,42109,1,1,0, 42110
26,42117,3,3,1, 42120
2,42123,2,2,1, 42125
8,42136,1,1,0, 42137
24,42149,1,1,1, 42150
8,42176,1,1,0, 42177
15,42181,2,2,1, 42183
24,42189,1,1,0, 42190
8,42216,1,1,1, 42217
15,42221,2,2,1, 42223
24,42229,1,1,1, 42230
23,42228,3,3,1, 42231
1,42246,1,1,0, 42247
24,42269,1,1,0, 42270
25,42275,2,2,1, 42277
1,42286,1,1,1, 42287
16,42299,2,2,1, 42301
24,42309,1,1,0, 42310
23,42308,3,3,1, 42311
25,42315,2,2,1, 42317
2,42323,2,2,1, 42325
1,42326,1,1,0, 42327
24,42349,1,1,0, 42350
25,42355,2,2,1, 42357
8,42376,1,1,1, 42377
24,42389,1,1,0, 42390
8,42416,1,1,0, 42417
24,42429,1,1,0, 42430
23,42428,3,3,1, 42431
31,42436,2,2,1, 42438
8,42456,1,1,1, 42457
24,42469,1,1,0, 42470
31,42476,2,2,1, 42478
8,42496,1,1,1, 42497
24,42509,1,1,0, 42510
25,42515,2,2,1, 42517
26,42517,3,3,1, 42520
8,42536,1,1,1, 42537
15,42541,2,2,1, 42543
24,42549,1,1,0, 42550
25,42555,2,2,1, 42557
26,42557,3,3,1, 42560
8,42576,1,1,0, 42577
15,42581,2,2,1, 42583
24,42589,1,1,1, 42590
1,42606,1,1,0, 42607
1,42646,1,1,1, 42647
1,42686,1,1,0, 42687
24,42709,1,1,1, 42710
25,42715,2,2,1, 42717
2,42723,2,2,1, 42725
1,42726,1,1,1, 42727
8,42736,1,1,0, 42737
9,42737,2,2,1, 42739
24,42749,1,1,0, 42750
2,42763,2,2,1, 42765
1,42766,1,1,1, 42767
8,42776,1,1,1, 42777
24,42789,1,1,0, 42790
25,42795,2,2,1, 42797
31,42796,2,2,1, 42798
16,42819,2,2,1, 42821
24,42829,1,1,1, 42830
23,42828,3,3,1, 42831
25,42835,2,2,1, 42837
31,42836,2,2,1, 42838
8,42856,1,1,0, 42857
9,42857,2,2,1, 42859
17,42859,3,3,1, 42862
15,42861,2,2,1, 42863
1,42886,1,1,1, 42887
8,42896,1,1,1, 42897
9,42897,2,2,1, 42899
2,42923,2,2,1, 42925
1,42926,1,1,1, 42927
24,42949,1,1,0, 42950
1,42966,1,1,1, 42967
8,42976,1,1,1, 42977
16,42979,2,2,1, 42981
24,42989,1,1,1, 42990
31,42996,2,2,1, 42998
1,43006,1,1,1, 43007
8,43016,1,1,1, 43017
24,43029,1,1,1, 43030
31,43036,2,2,1, 43038
1,43046,1,1,0, 43047
24,43069,1,1,1, 43070
2,43083,2,2,1, 43085
1,43086,1,1,0, 43087
25,43115,2,2,1, 43117
1,43126,1,1,1, 43127
8,43136,1,1,1, 43137
2,43163,2,2,1, 43165
1,43166,1,1,0, 43167
8,43176,1,1,0, 43177
15,43181,2,2,1, 43183
24,43189,1,1,1, 43190
31,43196,2,2,1, 43198
1,43206,1,1,1, 43207
8,43216,1,1,1, 43217
16,43219,2,2,1, 43221
24,43229,1,1,0, 43230
1,43246,1,1,1, 43247
8,43256,1,1,1, 43257
9,43257,2,2,1, 43259
17,43259,3,3,1, 43262
24,43269,1,1,1, 43270
1,43286,1,1,0, 43287
24,43309,1,1,1, 43310
26,43317,3,3,1, 43320
2,43323,2,2,1, 43325
1,43326,1,1,0, 43327
8,43336,1,1,0, 43337
24,43349,1,1,1, 43350
1,43366,1,1,1, 43367
8,43376,1,1,1, 43377
24,43389,1,1,1, 43390
23,43388,3,3,1, 43391
1,43406,1,1,1, 43407
8,43416,1,1,1, 43417
15,43421,2,2,1, 43423
24,43429,1,1,1, 43430
23,43428,3,3,1, 43431
26,43437,3,3,1, 43440
1,43446,1,1,0, 43447
8,43456,1,1,0, 43457
16,43459,2,2,1, 43461
24,43469,1,1,1, 43470
1,43486,1,1,1, 43487
8,43496,1,1,0, 43497
16,43499,2,2,1, 43501
15,43501,2,2,1, 43503
24,43509,1,1,1, 43510
2,43523,2,2,1, 43525
1,43526,1,1,1, 43527
8,43536,1,1,0, 43537
16,43539,2,2,1, 43541
15,43541,2,2,1, 43543
24,43549,1,1,0, 43550
23,43548,3,3,1, 43551
31,43556,2,2,1, 43558
26,43557,3,3,1, 43560
24,43669,1,1,0, 43670
31,43676,2,2,1, 43678
26,43677,3,3,1, 43680
1,43686,1,1,1, 43687
8,43696,1,1,1, 43697
16,43699,2,2,1, 43701
24,43709,1,1,1, 43710
23,43708,3,3,1, 43711
2,43723,2,2,1, 43725
1,43726,1,1,0, 43727
8,43736,1,1,1, 43737
16,43739,2,2,1, 43741
15,43741,2,2,1, 43743
2,43763,2,2,1, 43765
1,43766,1,1,1, 43767
8,43776,1,1,0, 43777
16,43779,2,2,1, 43781
15,43781,2,2,1, 43783
26,43797,3,3,1, 43800
24,43909,1,1,0, 43910
26,43917,3,3,1, 43920
1,43926,1,1,1, 43927
8,43936,1,1,0, 43937
15,43941,2,2,1, 43943
24,43949,1,1,0, 43950
1,43966,1,1,1, 43967
8,43976,1,1,0, 43977
16,43979,2,2,1, 43981
24,43989,1,1,0, 43990
31,43996,2,2,1, 43998
1,44006,1,1,1, 44007
8,44016,1,1,1, 44017
15,44021,2,2,1, 44023
24,44029,1,1,1, 44030
31,44036,2,2,1, 44038
26,44037,3,3,1, 44040
24,44149,1,1,1, 44150
25,44155,2,2,1, 44157
31,44156,2,2,1, 44158
1,44166,1,1,1, 44167
8,44176,1,1,1, 44177
15,44181,2,2,1, 44183
24,44189,1,1,0, 44190
1,44206,1,1,0, 44207
8,44216,1,1,1, 44217
24,44229,1,1,0, 44230
2,44243,2,2,1, 44245
1,44246,1,1,0, 44247
8,44256,1,1,0, 44257
15,44261,2,2,1, 44263
24,44269,1,1,0, 44270
2,44283,2,2,1, 44285
1,44286,1,1,0, 44287
8,44296,1,1,0, 44297
16,44299,2,2,1, 44301
24,44309,1,1,1, 44310
31,44316,2,2,1, 44318
1,44326,1,1,1, 44327
8,44336,1,1,0, 44337
16,44339,2,2,1, 44341
17,44339,3,3,1, 44342
24,44349,1,1,0, 44350
1,44366,1,1,1, 44367
24,44389,1,1,0, 44390
31,44396,2,2,1, 44398
1,44406,1,1,1, 44407
16,44419,2,2,1, 44421
24,44429,1,1,1, 44430
31,44436,2,2,1, 44438
1,44446,1,1,0, 44447
24,44469,1,1,0, 44470
1,44486,1,1,0, 44487
24,44509,1,1,0, 44510
1,44526,1,1,1, 44527
8,44536,1,1,0, 44537
2,44563,2,2,1, 44565
1,44566,1,1,1, 44567
8,44576,1,1,0, 44577
1,44606,1,1,0, 44607
8,44616,1,1,0, 44617
15,44621,2,2,1, 44623
24,44629,1,1,0, 44630
31,44636,2,2,1, 44638
8,44656,1,1,1, 44657
24,44669,1,1,0, 44670
31,44676,2,2,1, 44678
8,44696,1,1,0, 44697
16,44699,2,2,1, 44701
15,44701,2,2,1, 44703
24,44709,1,1,1, 44710
31,44716,2,2,1, 44718
8,44736,1,1,1, 44737
24,44749,1,1,0, 44750
25,44755,2,2,1, 44757
26,44757,3,3,1, 44760
1,44766,1,1,0, 44767
9,44777,2,2,1, 44779
1,44806,1,1,1, 44807
9,44817,2,2,1, 44819
24,44869,1,1,1, 44870
8,44896,1,1,1, 44897
16,44899,2,2,1, 44901
24,44909,1,1,0, 44910
31,44916,2,2,1, 44918
26,44917,3,3,1, 44920
1,44926,1,1,1, 44927
8,44936,1,1,0, 44937
15,44941,2,2,1, 44943
24,44949,1,1,1, 44950
31,44956,2,2,1, 44958
1,44966,1,1,0, 44967
8,44976,1,1,1, 44977
16,44979,2,2,1, 44981
15,44981,2,2,1, 44983
24,44989,1,1,0, 44990
31,44996,2,2,1, 44998
1,45006,1,1,0, 45007
24,45029,1,1,1, 45030
2,45043,2,2,1, 45045
1,45046,1,1,1, 45047
25,45075,2,2,1, 45077
1,45086,1,1,1, 45087
2,45123,2,2,1, 45125
1,45126,1,1,0, 45127
8,45136,1,1,0, 45137
16,45139,2,2,1, 45141
25,45155,2,2,1, 45157
1,45166,1,1,1, 45167
8,45176,1,1,0, 45177
17,45179,3,3,1, 45182
24,45189,1,1,1, 45190
8,45216,1,1,1, 45217
24,45229,1,1,0, 45230
31,45236,2,2,1, 45238
1,45246,1,1,0, 45247
8,45256,1,1,1, 45257
16,45259,2,2,1, 45261
17,45259,3,3,1, 45262
24,45269,1,1,0, 45270
2,45283,2,2,1, 45285
1,45286,1,1,1, 45287
8,45296,1,1,1, 45297
9,45297,2,2,1, 45299
24,45309,1,1,0, 45310
31,45316,2,2,1, 45318
24,45349,1,1,0, 45350
31,45356,2,2,1, 45358
16,45379,2,2,1, 45381
24,45389,1,1,0, 45390
2,45403,2,2,1, 45405
1,45406,1,1,0, 45407
8,45416,1,1,1, 45417
9,45417,2,2,1, 45419
16,45419,2,2,1, 45421
17,45419,3,3,1, 45422
15,45421,2,2,1, 45423
24,45429,1,1,0, 45430
8,45456,1,1,0, 45457
24,45469,1,1,1, 45470
8,45496,1,1,1, 45497
24,45509,1,1,1, 45510
1,45526,1,1,0, 45527
8,45536,1,1,1, 45537
24,45549,1,1,0, 45550
8,45576,1,1,1, 45577
24,45589,1,1,1, 45590
31,45596,2,2,1, 45598
8,45616,1,1,0, 45617
24,45629,1,1,1, 45630
1,45646,1,1,0, 45647
8,45656,1,1,0, 45657
9,45657,2,2,1, 45659
24,45669,1,1,0, 45670
31,45676,2,2,1, 45678
2,45683,2,2,1, 45685
1,45686,1,1,1, 45687
9,45697,2,2,1, 45699
24,45709,1,1,0, 45710
31,45716,2,2,1, 45718
24,45749,1,1,1, 45750
8,45776,1,1,1, 45777
16,45779,2,2,1, 45781
15,45781,2,2,1, 45783
8,45816,1,1,0, 45817
1,45846,1,1,1, 45847
8,45856,1,1,1, 45857
1,45886,1,1,1, 45887
8,45896,1,1,0, 45897
17,45899,3,3,1, 45902
24,45909,1,1,1, 45910
1,45926,1,1,1, 45927
8,45936,1,1,1, 45937
24,45949,1,1,0, 45950
31,45956,2,2,1, 45958
1,45966,1,1,0, 45967
8,45976,1,1,0, 45977
24,45989,1,1,1, 45990
1,46006,1,1,0, 46007
8,46016,1,1,1, 46017
9,46017,2,2,1, 46019
16,46019,2,2,1, 46021
1,46046,1,1,0, 46047
2,46083,2,2,1, 46085
1,46086,1,1,1, 46087
24,46109,1,1,1, 46110
31,46116,2,2,1, 46118
2,46123,2,2,1, 46125
1,46126,1,1,0, 46127
8,46136,1,1,1, 46137
9,46137,2,2,1, 46139
24,46149,1,1,1, 46150
31,46156,2,2,1, 46158
1,46166,1,1,1, 46167
8,46176,1,1,0, 46177
16,46179,2,2,1, 46181
24,46189,1,1,1, 46190
1,46206,1,1,0, 46207
8,46216,1,1,0, 46217
15,46221,2,2,1, 46223
24,46229,1,1,1, 46230
1,46246,1,1,0, 46247
8,46256,1,1,0, 46257
16,46259,2,2,1, 46261
17,46259,3,3,1, 46262
24,46269,1,1,1, 46270
2,46283,2,2,1, 46285
1,46286,1,1,1, 46287
24,46309,1,1,1, 46310
25,46315,2,2,1, 46317
31,46316,2,2,1, 46318
26,46317,3,3,1, 46320
2,46323,2,2,1, 46325
1,46326,1,1,1, 46327
8,46336,1,1,0, 46337
16,46339,2,2,1, 46341
15,46341,2,2,1, 46343
2,46363,2,2,1, 46365
1,46366,1,1,1, 46367
8,46376,1,1,0, 46377
9,46377,2,2,1, 46379
17,46379,3,3,1, 46382
24,46429,1,1,0, 46430
16,46459,2,2,1, 46461
24,46469,1,1,0, 46470
31,46476,2,2,1, 46478
1,46486,1,1,1, 46487
9,46497,2,2,1, 46499
24,46509,1,1,0, 46510
1,46526,1,1,1, 46527
16,46539,2,2,1, 46541
24,46549,1,1,1, 46550
26,46557,3,3,1, 46560
2,46563,2,2,1, 46565
1,46566,1,1,0, 46567
8,46576,1,1,1, 46577
24,46589,1,1,1, 46590
1,46606,1,1,1, 46607
8,46616,1,1,0, 46617
15,46621,2,2,1, 46623
24,46629,1,1,1, 46630
1,46646,1,1,0, 46647
8,46656,1,1,0, 46657
15,46661,2,2,1, 46663
24,46669,1,1,1, 46670
1,46686,1,1,0, 46687
8,46696,1,1,0, 46697
15,46701,2,2,1, 46703
24,46709,1,1,0, 46710
2,46723,2,2,1, 46725
1,46726,1,1,1, 46727
8,46736,1,1,0, 46737
16,46739,2,2,1, 46741
24,46749,1,1,1, 46750
2,46763,2,2,1, 46765
1,46766,1,1,1, 46767
8,46776,1,1,0, 46777
16,46779,2,2,1, 46781
15,46781,2,2,1, 46783
24,46789,1,1,0, 46790
25,46795,2,2,1, 46797
31,46796,2,2,1, 46798
1,46806,1,1,0, 46807
16,46819,2,2,1, 46821
24,46829,1,1,0, 46830
1,46846,1,1,1, 46847
24,46869,1,1,1, 46870
1,46886,1,1,1, 46887
24,46909,1,1,1, 46910
1,46926,1,1,0, 46927
8,46936,1,1,0, 46937
15,46941,2,2,1, 46943
1,46966,1,1,0, 46967
8,46976,1,1,1, 46977
15,46981,2,2,1, 46983
2,47003,2,2,1, 47005
1,47006,1,1,1, 47007
8,47016,1,1,0, 47017
24,47029,1,1,0, 47030
25,47035,2,2,1, 47037
31,47036,2,2,1, 47038
24,47069,1,1,0, 47070
31,47076,2,2,1, 47078
16,47099,2,2,1, 47101
24,47109,1,1,0, 47110
31,47116,2,2,1, 47118
24,47149,1,1,1, 47150
25,47155,2,2,1, 47157
1,47166,1,1,1, 47167
8,47176,1,1,0, 47177
2,47203,2,2,1, 47205
1,47206,1,1,0, 47207
8,47216,1,1,0, 47217
15,47221,2,2,1, 47223
2,47243,2,2,1, 47245
1,47246,1,1,0, 47247
8,47256,1,1,1, 47257
15,47261,2,2,1, 47263
24,47269,1,1,0, 47270
16,47299,2,2,1, 47301
24,47309,1,1,1, 47310
24,47349,1,1,1, 47350
16,47379,2,2,1, 47381
24,47389,1,1,0, 47390
25,47395,2,2,1, 47397
31,47396,2,2,1, 47398
1,47406,1,1,1, 47407
8,47416,1,1,0, 47417
24,47429,1,1,0, 47430
1,47446,1,1,0, 47447
8,47456,1,1,1, 47457
15,47461,2,2,1, 47463
24,47469,1,1,0, 47470
31,47476,2,2,1, 47478
1,47486,1,1,1, 47487
8,47496,1,1,1, 47497
15,47501,2,2,1, 47503
24,47509,1,1,0, 47510
31,47516,2,2,1, 47518
1,47526,1,1,0, 47527
16,47539,2,2,1, 47541
24,47549,1,1,0, 47550
31,47556,2,2,1, 47558
1,47566,1,1,1, 47567
16,47579,2,2,1, 47581
24,47589,1,1,1, 47590
2,47603,2,2,1, 47605
1,47606,1,1,0, 47607
16,47619,2,2,1, 47621
24,47629,1,1,1, 47630
31,47636,2,2,1, 47638
1,47646,1,1,0, 47647
8,47656,1,1,0, 47657
17,47659,3,3,1, 47662
1,47686,1,1,0, 47687
8,47696,1,1,1, 47697
15,47701,2,2,1, 47703
1,47726,1,1,0, 47727
8,47736,1,1,1, 47737
15,47741,2,2,1, 47743
24,47749,1,1,1, 47750
26,47757,3,3,1, 47760
8,47776,1,1,1, 47777
15,47781,2,2,1, 47783
24,47789,1,1,0, 47790
8,47816,1,1,1, 47817
15,47821,2,2,1, 47823
24,47829,1,1,0, 47830
8,47856,1,1,0, 47857
24,47869,1,1,1, 47870
31,47876,2,2,1, 47878
26,47877,3,3,1, 47880
1,47886,1,1,0, 47887
24,47909,1,1,1, 47910
31,47916,2,2,1, 47918
1,47926,1,1,1, 47927
24,47949,1,1,1, 47950
1,47966,1,1,0, 47967
24,47989,1,1,0, 47990
31,47996,2,2,1, 47998
8,48016,1,1,0, 48017
24,48029,1,1,1, 48030
31,48036,2,2,1, 48038
8,48056,1,1,1, 48057
24,48069,1,1,0, 48070
25,48075,2,2,1, 48077
8,48096,1,1,0, 48097
15,48101,2,2,1, 48103
24,48109,1,1,1, 48110
2,48123,2,2,1, 48125
1,48126,1,1,1, 48127
8,48136,1,1,0, 48137
16,48139,2,2,1, 48141
24,48149,1,1,1, 48150
31,48156,2,2,1, 48158
1,48166,1,1,0, 48167
8,48176,1,1,0, 48177
16,48179,2,2,1, 48181
15,48181,2,2,1, 48183
24,48189,1,1,0, 48190
31,48196,2,2,1, 48198
1,48206,1,1,0, 48207
8,48216,1,1,1, 48217
15,48221,2,2,1, 48223
24,48229,1,1,0, 48230
25,48235,2,2,1, 48237
31,48236,2,2,1, 48238
1,48246,1,1,0, 48247
9,48257,2,2,1, 48259
16,48259,2,2,1, 48261
24,48269,1,1,0, 48270
25,48275,2,2,1, 48277
26,48277,3,3,1, 48280
1,48286,1,1,0, 48287
16,48299,2,2,1, 48301
1,48366,1,1,0, 48367
8,48376,1,1,1, 48377
24,48389,1,1,0, 48390
1,48406,1,1,1, 48407
8,48416,1,1,0, 48417
9,48417,2,2,1, 48419
24,48429,1,1,1, 48430
8,48456,1,1,1, 48457
15,48461,2,2,1, 48463
24,48469,1,1,0, 48470
31,48476,2,2,1, 48478
8,48496,1,1,1, 48497
16,48499,2,2,1, 48501
15,48501,2,2,1, 48503
24,48509,1,1,1, 48510
1,48526,1,1,0, 48527
8,48536,1,1,0, 48537
16,48539,2,2,1, 48541
24,48549,1,1,0, 48550
1,48566,1,1,0, 48567
24,48589,1,1,0, 48590
25,48595,2,2,1, 48597
31,48596,2,2,1, 48598
26,48597,3,3,1, 48600
1,48606,1,1,0, 48607
2,48643,2,2,1, 48645
1,48646,1,1,0, 48647
2,48683,2,2,1, 48685
1,48686,1,1,0, 48687
24,48709,1,1,1, 48710
25,48715,2,2,1, 48717
2,48723,2,2,1, 48725
1,48726,1,1,0, 48727
8,48736,1,1,1, 48737
15,48741,2,2,1, 48743
24,48749,1,1,0, 48750
2,48763,2,2,1, 48765
1,48766,1,1,1, 48767
8,48776,1,1,0, 48777
16,48779,2,2,1, 48781
15,48781,2,2,1, 48783
8,48816,1,1,1, 48817
15,48821,2,2,1, 48823
1,48846,1,1,0, 48847
26,48877,3,3,1, 48880
1,48886,1,1,0, 48887
24,48909,1,1,0, 48910
2,48923,2,2,1, 48925
1,48926,1,1,1, 48927
16,48939,2,2,1, 48941
24,48949,1,1,1, 48950
31,48956,2,2,1, 48958
2,48963,2,2,1, 48965
1,48966,1,1,0, 48967
8,48976,1,1,0, 48977
15,48981,2,2,1, 48983
24,48989,1,1,1, 48990
31,48996,2,2,1, 48998
2,49003,2,2,1, 49005
1,49006,1,1,0, 49007
8,49016,1,1,1, 49017
9,49017,2,2,1, 49019
17,49019,3,3,1, 49022
24,49029,1,1,1, 49030
31,49036,2,2,1, 49038
2,49043,2,2,1, 49045
1,49046,1,1,0, 49047
8,49056,1,1,1, 49057
15,49061,2,2,1, 49063
24,49069,1,1,1, 49070
31,49076,2,2,1, 49078
26,49077,3,3,1, 49080
1,49086,1,1,1, 49087
8,49096,1,1,0, 49097
15,49101,2,2,1, 49103
24,49109,1,1,1, 49110
1,49126,1,1,0, 49127
8,49136,1,1,1, 49137
9,49137,2,2,1, 49139
16,49139,2,2,1, 49141
17,49139,3,3,1, 49142
15,49141,2,2,1, 49143
24,49149,1,1,1, 49150
8,49176,1,1,1, 49177
15,49181,2,2,1, 49183
24,49189,1,1,1, 49190
31,49196,2,2,1, 49198
1,49206,1,1,0, 49207
8,49216,1,1,1, 49217
16,49219,2,2,1, 49221
24,49229,1,1,0, 49230
31,49236,2,2,1, 49238
2,49243,2,2,1, 49245
1,49246,1,1,1, 49247
8,49256,1,1,1, 49257
16,49259,2,2,1, 49261
1,49366,1,1,1, 49367
8,49376,1,1,0, 49377
9,49377,2,2,1, 49379
24,49389,1,1,1, 49390
1,49406,1,1,1, 49407
8,49416,1,1,0, 49417
24,49429,1,1,1, 49430
1,49446,1,1,0, 49447
8,49456,1,1,0, 49457
15,49461,2,2,1, 49463
24,49469,1,1,1, 49470
31,49476,2,2,1, 49478
1,49486,1,1,1, 49487
8,49496,1,1,0, 49497
9,49497,2,2,1, 49499
16,49499,2,2,1, 49501
15,49501,2,2,1, 49503
24,49509,1,1,0, 49510
31,49516,2,2,1, 49518
2,49523,2,2,1, 49525
1,49526,1,1,1, 49527
8,49536,1,1,0, 49537
24,49549,1,1,1, 49550
31,49556,2,2,1, 49558
1,49566,1,1,1, 49567
8,49576,1,1,0, 49577
16,49579,2,2,1, 49581
15,49581,2,2,1, 49583
24,49589,1,1,1, 49590
31,49596,2,2,1, 49598
2,49603,2,2,1, 49605
1,49606,1,1,1, 49607
8,49616,1,1,1, 49617
9,49617,2,2,1, 49619
16,49619,2,2,1, 49621
1,49646,1,1,0, 49647
1,49686,1,1,1, 49687
1,49726,1,1,0, 49727
8,49736,1,1,0, 49737
9,49737,2,2,1, 49739
16,49739,2,2,1, 49741
17,49739,3,3,1, 49742
24,49749,1,1,1, 49750
31,49756,2,2,1, 49758
8,49776,1,1,0, 49777
24,49789,1,1,1, 49790
31,49796,2,2,1, 49798
2,49803,2,2,1, 49805
1,49806,1,1,0, 49807
8,49816,1,1,0, 49817
15,49821,2,2,1, 49823
1,49846,1,1,1, 49847
8,49856,1,1,0, 49857
16,49859,2,2,1, 49861
1,49966,1,1,1, 49967
8,49976,1,1,1, 49977
9,49977,2,2,1, 49979
16,49979,2,2,1, 49981
17,49979,3,3,1, 49982
24,49989,1,1,1, 49990
25,49995,2,2,1, 49997
1,50006,1,1,1, 50007
8,50016,1,1,1, 50017
16,50019,2,2,1, 50021
24,50029,1,1,0, 50030
1,50046,1,1,0, 50047
8,50056,1,1,0, 50057
24,50069,1,1,1, 50070
31,50076,2,2,1, 50078
1,50086,1,1,1, 50087
8,50096,1,1,0, 50097
1,50126,1,1,0, 50127
2,50163,2,2,1, 50165
1,50166,1,1,0, 50167
16,50179,2,2,1, 50181
24,50189,1,1,1, 50190
1,50206,1,1,0, 50207
8,50216,1,1,1, 50217
9,50217,2,2,1, 50219
15,50221,2,2,1, 50223
24,50229,1,1,1, 50230
8,50256,1,1,1, 50257
24,50269,1,1,1, 50270
8,50296,1,1,0, 50297
15,50301,2,2,1, 50303
24,50309,1,1,1, 50310
31,50316,2,2,1, 50318
1,50326,1,1,1, 50327
8,50336,1,1,0, 50337
15,50341,2,2,1, 50343
24,50349,1,1,1, 50350
16,50379,2,2,1, 50381
24,50389,1,1,0, 50390
31,50396,2,2,1, 50398
24,50429,1,1,1, 50430
1,50446,1,1,1, 50447
8,50456,1,1,0, 50457
25,50475,2,2,1, 50477
2,50483,2,2,1, 50485
1,50486,1,1,0, 50487
8,50496,1,1,0, 50497
15,50501,2,2,1, 50503
2,50523,2,2,1, 50525
1,50526,1,1,1, 50527
8,50536,1,1,1, 50537
15,50541,2,2,1, 50543
2,50563,2,2,1, 50565
1,50566,1,1,0, 50567
8,50576,1,1,0, 50577
9,50577,2,2,1, 50579
16,50579,2,2,1, 50581
24,50589,1,1,0, 50590
31,50596,2,2,1, 50598
16,50619,2,2,1, 50621
24,50629,1,1,0, 50630
24,50669,1,1,1, 50670
1,50686,1,1,0, 50687
8,50696,1,1,1, 50697
9,50697,2,2,1, 50699
16,50699,2,2,1, 50701
15,50701,2,2,1, 50703
24,50709,1,1,0, 50710
8,50736,1,1,0, 50737
15,50741,2,2,1, 50743
24,50749,1,1,0, 50750
25,50755,2,2,1, 50757
8,50776,1,1,0, 50777
15,50781,2,2,1, 50783
24,50789,1,1,1, 50790
25,50795,2,2,1, 50797
1,50806,1,1,1, 50807
8,50816,1,1,1, 50817
9,50817,2,2,1, 50819
16,50819,2,2,1, 50821
24,50829,1,1,1, 50830
8,50856,1,1,1, 50857
15,50861,2,2,1, 50863
24,50869,1,1,0, 50870
16,50899,2,2,1, 50901
24,50909,1,1,1, 50910
31,50916,2,2,1, 50918
1,50926,1,1,1, 50927
9,50937,2,2,1, 50939
16,50939,2,2,1, 50941
24,50949,1,1,1, 50950
31,50956,2,2,1, 50958
24,50989,1,1,0, 50990
25,50995,2,2,1, 50997
8,51016,1,1,1, 51017
16,51019,2,2,1, 51021
1,51046,1,1,1, 51047
8,51056,1,1,0, 51057
9,51057,2,2,1, 51059
16,51059,2,2,1, 51061
1,51086,1,1,1, 51087
24,51109,1,1,1, 51110
2,51123,2,2,1, 51125
1,51126,1,1,1, 51127
24,51149,1,1,1, 51150
1,51166,1,1,0, 51167
8,51176,1,1,1, 51177
16,51179,2,2,1, 51181
17,51179,3,3,1, 51182
15,51181,2,2,1, 51183
24,51189,1,1,0, 51190
8,51216,1,1,1, 51217
15,51221,2,2,1, 51223
24,51229,1,1,0, 51230
31,51236,2,2,1, 51238
8,51256,1,1,0, 51257
16,51259,2,2,1, 51261
24,51269,1,1,0, 51270
31,51276,2,2,1, 51278
1,51286,1,1,0, 51287
8,51296,1,1,0, 51297
17,51299,3,3,1, 51302
24,51309,1,1,0, 51310
31,51316,2,2,1, 51318
1,51326,1,1,0, 51327
24,51349,1,1,1, 51350
31,51356,2,2,1, 51358
1,51366,1,1,1, 51367
24,51389,1,1,1, 51390
2,51403,2,2,1, 51405
1,51406,1,1,1, 51407
8,51416,1,1,0, 51417
16,51419,2,2,1, 51421
15,51421,2,2,1, 51423
24,51429,1,1,1, 51430
25,51435,2,2,1, 51437
31,51436,2,2,1, 51438
8,51456,1,1,1, 51457
15,51461,2,2,1, 51463
24,51469,1,1,0, 51470
31,51476,2,2,1, 51478
8,51496,1,1,0, 51497
15,51501,2,2,1, 51503
1,51526,1,1,0, 51527
8,51536,1,1,1, 51537
16,51539,2,2,1, 51541
1,51566,1,1,1, 51567
24,51589,1,1,0, 51590
1,51606,1,1,0, 51607
16,51619,2,2,1, 51621
24,51629,1,1,0, 51630
1,51646,1,1,0, 51647
8,51656,1,1,0, 51657
15,51661,2,2,1, 51663
24,51669,1,1,0, 51670
31,51676,2,2,1, 51678
1,51686,1,1,1, 51687
8,51696,1,1,1, 51697
24,51709,1,1,0, 51710
31,51716,2,2,1, 51718
1,51726,1,1,0, 51727
8,51736,1,1,0, 51737
24,51749,1,1,0, 51750
2,51763,2,2,1, 51765
1,51766,1,1,0, 51767
8,51776,1,1,0, 51777
9,51777,2,2,1, 51779
15,51781,2,2,1, 51783
24,51789,1,1,1, 51790
8,51816,1,1,1, 51817
24,51829,1,1,1, 51830
8,51856,1,1,0, 51857
16,51859,2,2,1, 51861
17,51859,3,3,1, 51862
24,51869,1,1,0, 51870
25,51875,2,2,1, 51877
1,51886,1,1,0, 51887
8,51896,1,1,0, 51897
16,51899,2,2,1, 51901
24,51909,1,1,0, 51910
2,51923,2,2,1, 51925
1,51926,1,1,1, 51927
24,51949,1,1,1, 51950
1,51966,1,1,0, 51967
24,51989,1,1,0, 51990
31,51996,2,2,1, 51998
1,52006,1,1,1, 52007
8,52016,1,1,0, 52017
9,52017,2,2,1, 52019
16,52019,2,2,1, 52021
17,52019,3,3,1, 52022
1,52046,1,1,0, 52047
8,52056,1,1,0, 52057
15,52061,2,2,1, 52063
1,52086,1,1,0, 52087
8,52096,1,1,0, 52097
2,52123,2,2,1, 52125
1,52126,1,1,0, 52127
8,52136,1,1,1, 52137
16,52139,2,2,1, 52141
24,52149,1,1,1, 52150
31,52156,2,2,1, 52158
2,52163,2,2,1, 52165
1,52166,1,1,0, 52167
16,52179,2,2,1, 52181
24,52189,1,1,0, 52190
31,52196,2,2,1, 52198
2,52203,2,2,1, 52205
1,52206,1,1,1, 52207
16,52219,2,2,1, 52221
24,52229,1,1,0, 52230
2,52243,2,2,1, 52245
1,52246,1,1,1, 52247
8,52256,1,1,0, 52257
16,52259,2,2,1, 52261
17,52259,3,3,1, 52262
8,52296,1,1,0, 52297
8,52336,1,1,0, 52337
15,52341,2,2,1, 52343
1,52366,1,1,1, 52367
8,52376,1,1,0, 52377
9,52377,2,2,1, 52379
17,52379,3,3,1, 52382
24,52389,1,1,1, 52390
31,52396,2,2,1, 52398
1,52406,1,1,1, 52407
24,52429,1,1,0, 52430
2,52443,2,2,1, 52445
1,52446,1,1,0, 52447
24,52469,1,1,0, 52470
1,52486,1,1,1, 52487
8,52496,1,1,0, 52497
24,52509,1,1,1, 52510
1,52526,1,1,0, 52527
8,52536,1,1,0, 52537
15,52541,2,2,1, 52543
24,52549,1,1,1, 52550
1,52566,1,1,0, 52567
8,52576,1,1,0, 52577
24,52589,1,1,0, 52590
31,52596,2,2,1, 52598
1,52606,1,1,0, 52607
8,52616,1,1,1, 52617
9,52617,2,2,1, 52619
17,52619,3,3,1, 52622
15,52621,2,2,1, 52623
24,52629,1,1,1, 52630
8,52656,1,1,0, 52657
24,52669,1,1,0, 52670
31,52676,2,2,1, 52678
24,52709,1,1,1, 52710
1,52726,1,1,0, 52727
9,52737,2,2,1, 52739
24,52749,1,1,0, 52750
1,52766,1,1,1, 52767
24,52789,1,1,0, 52790
31,52796,2,2,1, 52798
1,52806,1,1,0, 52807
24,52829,1,1,1, 52830
1,52846,1,1,1, 52847
8,52856,1,1,0, 52857
16,52859,2,2,1, 52861
24,52869,1,1,1, 52870
2,52883,2,2,1, 52885
1,52886,1,1,0, 52887
8,52896,1,1,0, 52897
24,52909,1,1,1, 52910
2,52923,2,2,1, 52925
1,52926,1,1,0, 52927
8,52936,1,1,1, 52937
15,52941,2,2,1, 52943
24,52949,1,1,1, 52950
31,52956,2,2,1, 52958
2,52963,2,2,1, 52965
1,52966,1,1,1, 52967
8,52976,1,1,1, 52977
16,52979,2,2,1, 52981
1,53086,1,1,1, 53087
8,53096,1,1,0, 53097
9,53097,2,2,1, 53099
16,53099,2,2,1, 53101
17,53099,3,3,1, 53102
24,53109,1,1,1, 53110
1,53126,1,1,1, 53127
8,53136,1,1,1, 53137
16,53139,2,2,1, 53141
15,53141,2,2,1, 53143
24,53149,1,1,1, 53150
31,53156,2,2,1, 53158
1,53166,1,1,1, 53167
8,53176,1,1,0, 53177
15,53181,2,2,1, 53183
24,53189,1,1,1, 53190
31,53196,2,2,1, 53198
2,53203,2,2,1, 53205
1,53206,1,1,1, 53207
8,53216,1,1,1, 53217
1,53326,1,1,1, 53327
8,53336,1,1,1, 53337
16,53339,2,2,1, 53341
24,53349,1,1,0, 53350
2,53363,2,2,1, 53365
1,53366,1,1,1, 53367
8,53376,1,1,1, 53377
17,53379,3,3,1, 53382
24,53389,1,1,1, 53390
1,53406,1,1,0, 53407
8,53416,1,1,0, 53417
24,53429,1,1,0, 53430
1,53446,1,1,1, 53447
8,53456,1,1,0, 53457
16,53459,2,2,1, 53461
15,53461,2,2,1, 53463
25,53475,2,2,1, 53477
1,53486,1,1,1, 53487
8,53496,1,1,1, 53497
25,53515,2,2,1, 53517
1,53526,1,1,1, 53527
17,53539,3,3,1, 53542
1,53566,1,1,1, 53567
24,53589,1,1,1, 53590
1,53606,1,1,0, 53607
24,53629,1,1,1, 53630
31,53636,2,2,1, 53638
1,53646,1,1,0, 53647
8,53656,1,1,1, 53657
17,53659,3,3,1, 53662
15,53661,2,2,1, 53663
24,53669,1,1,0, 53670
31,53676,2,2,1, 53678
1,53686,1,1,1, 53687
8,53696,1,1,0, 53697
9,53697,2,2,1, 53699
17,53699,3,3,1, 53702
24,53709,1,1,0, 53710
31,53716,2,2,1, 53718
1,53726,1,1,0, 53727
8,53736,1,1,1, 53737
15,53741,2,2,1, 53743
24,53749,1,1,1, 53750
25,53755,2,2,1, 53757
31,53756,2,2,1, 53758
1,53766,1,1,0, 53767
8,53776,1,1,1, 53777
24,53789,1,1,1, 53790
1,53806,1,1,0, 53807
8,53816,1,1,1, 53817
9,53817,2,2,1, 53819
16,53819,2,2,1, 53821
17,53819,3,3,1, 53822
24,53829,1,1,1, 53830
2,53843,2,2,1, 53845
1,53846,1,1,1, 53847
9,53857,2,2,1, 53859
24,53869,1,1,1, 53870
31,53876,2,2,1, 53878
24,53909,1,1,1, 53910
31,53916,2,2,1, 53918
8,53936,1,1,0, 53937
15,53941,2,2,1, 53943
24,53949,1,1,0, 53950
8,53976,1,1,1, 53977
15,53981,2,2,1, 53983
24,53989,1,1,0, 53990
1,54006,1,1,0, 54007
8,54016,1,1,0, 54017
9,54017,2,2,1, 54019
16,54019,2,2,1, 54021
1,54046,1,1,0, 54047
8,54056,1,1,1, 54057
16,54059,2,2,1, 54061
1,54086,1,1,0, 54087
24,54109,1,1,0, 54110
25,54115,2,2,1, 54117
2,54123,2,2,1, 54125
1,54126,1,1,0, 54127
16,54139,2,2,1, 54141
24,54149,1,1,0, 54150
31,54156,2,2,1, 54158
1,54166,1,1,0, 54167
8,54176,1,1,0, 54177
16,54179,2,2,1, 54181
15,54181,2,2,1, 54183
24,54189,1,1,1, 54190
2,54203,2,2,1, 54205
1,54206,1,1,0, 54207
8,54216,1,1,0, 54217
15,54221,2,2,1, 54223
24,54229,1,1,0, 54230
25,54235,2,2,1, 54237
31,54236,2,2,1, 54238
1,54246,1,1,0, 54247
2,54283,2,2,1, 54285
1,54286,1,1,0, 54287
1,54326,1,1,0, 54327
25,54355,2,2,1, 54357
1,54366,1,1,1, 54367
8,54376,1,1,0, 54377
24,54389,1,1,0, 54390
1,54406,1,1,0, 54407
8,54416,1,1,0, 54417
16,54419,2,2,1, 54421
24,54429,1,1,1, 54430
31,54436,2,2,1, 54438
1,54446,1,1,1, 54447
24,54469,1,1,1, 54470
25,54475,2,2,1, 54477
31,54476,2,2,1, 54478
24,54549,1,1,1, 54550
16,54579,2,2,1, 54581
24,54589,1,1,0, 54590
2,54603,2,2,1, 54605
1,54606,1,1,0, 54607
8,54616,1,1,1, 54617
17,54619,3,3,1, 54622
15,54621,2,2,1, 54623
24,54629,1,1,0, 54630
1,54646,1,1,1, 54647
8,54656,1,1,1, 54657
24,54669,1,1,0, 54670
31,54676,2,2,1, 54678
2,54683,2,2,1, 54685
1,54686,1,1,0, 54687
8,54696,1,1,1, 54697
24,54709,1,1,0, 54710
31,54716,2,2,1, 54718
2,54723,2,2,1, 54725
1,54726,1,1,1, 54727
8,54736,1,1,1, 54737
17,54739,3,3,1, 54742
1,54766,1,1,0, 54767
8,54776,1,1,1, 54777
9,54777,2,2,1, 54779
16,54779,2,2,1, 54781
17,54779,3,3,1, 54782
1,54806,1,1,0, 54807
8,54816,1,1,0, 54817
24,54829,1,1,0, 54830
25,54835,2,2,1, 54837
1,54846,1,1,0, 54847
8,54856,1,1,1, 54857
24,54869,1,1,0, 54870
31,54876,2,2,1, 54878
1,54886,1,1,1, 54887
8,54896,1,1,1, 54897
17,54899,3,3,1, 54902
24,54909,1,1,1, 54910
1,54926,1,1,1, 54927
8,54936,1,1,0, 54937
9,54937,2,2,1, 54939
16,54939,2,2,1, 54941
17,54939,3,3,1, 54942
24,54949,1,1,0, 54950
31,54956,2,2,1, 54958
1,54966,1,1,1, 54967
8,54976,1,1,0, 54977
2,55003,2,2,1, 55005
1,55006,1,1,0, 55007
8,55016,1,1,1, 55017
2,55043,2,2,1, 55045
1,55046,1,1,0, 55047
8,55056,1,1,0, 55057
24,55069,1,1,0, 55070
25,55075,2,2,1, 55077
2,55083,2,2,1, 55085
8,55096,1,1,0, 55097
9,55097,2,2,1, 55099
24,55109,1,1,1, 55110
8,55136,1,1,1, 55137
9,55137,2,2,1, 55139
16,55139,2,2,1, 55141
24,55149,1,1,1, 55150
8,55176,1,1,0, 55177
9,55177,2,2,1, 55179
17,55179,3,3,1, 55182
24,55189,1,1,0, 55190
25,55195,2,2,1, 55197
31,55196,2,2,1, 55198
1,55206,1,1,0, 55207
8,55216,1,1,1, 55217
2,55243,2,2,1, 55245
1,55246,1,1,1, 55247
8,55256,1,1,1, 55257
2,55283,2,2,1, 55285
1,55286,1,1,0, 55287
8,55296,1,1,1, 55297
16,55299,2,2,1, 55301
24,55309,1,1,1, 55310
31,55316,2,2,1, 55318
1,55326,1,1,0, 55327
8,55336,1,1,0, 55337
17,55339,3,3,1, 55342
24,55349,1,1,1, 55350
1,55366,1,1,0, 55367
8,55376,1,1,0, 55377
9,55377,2,2,1, 55379
17,55379,3,3,1, 55382
24,55389,1,1,1, 55390
2,55403,2,2,1, 55405
1,55406,1,1,0, 55407
8,55416,1,1,1, 55417
24,55429,1,1,1, 55430
25,55435,2,2,1, 55437
1,55446,1,1,0, 55447
8,55456,1,1,0, 55457
16,55459,2,2,1, 55461
24,55469,1,1,0, 55470
31,55476,2,2,1, 55478
2,55483,2,2,1, 55485
1,55486,1,1,1, 55487
8,55496,1,1,0, 55497
16,55499,2,2,1, 55501
24,55509,1,1,1, 55510
31,55516,2,2,1, 55518
2,55523,2,2,1, 55525
1,55526,1,1,0, 55527
8,55536,1,1,1, 55537
16,55539,2,2,1, 55541
24,55549,1,1,0, 55550
1,55566,1,1,1, 55567
8,55576,1,1,0, 55577
2,55603,2,2,1, 55605
1,55606,1,1,1, 55607
8,55616,1,1,0, 55617
17,55619,3,3,1, 55622
1,55646,1,1,0, 55647
8,55656,1,1,1, 55657
25,55675,2,2,1, 55677
1,55686,1,1,1, 55687
8,55696,1,1,0, 55697
24,55709,1,1,1, 55710
31,55716,2,2,1, 55718
1,55726,1,1,1, 55727
8,55736,1,1,1, 55737
24,55749,1,1,1, 55750
2,55763,2,2,1, 55765
1,55766,1,1,1, 55767
8,55776,1,1,0, 55777
17,55779,3,3,1, 55782
24,55789,1,1,0, 55790
8,55816,1,1,1, 55817
16,55819,2,2,1, 55821
8,55856,1,1,1, 55857
8,55896,1,1,0, 55897
16,55899,2,2,1, 55901
24,55909,1,1,0, 55910
25,55915,2,2,1, 55917
31,55916,2,2,1, 55918
2,55923,2,2,1, 55925
1,55926,1,1,0, 55927
8,55936,1,1,0, 55937
9,55937,2,2,1, 55939
24,55949,1,1,0, 55950
1,55966,1,1,1, 55967
8,55976,1,1,1, 55977
9,55977,2,2,1, 55979
17,55979,3,3,1, 55982
24,55989,1,1,0, 55990
1,56006,1,1,0, 56007
8,56016,1,1,0, 56017
16,56019,2,2,1, 56021
24,56029,1,1,0, 56030
25,56035,2,2,1, 56037
2,56043,2,2,1, 56045
1,56046,1,1,1, 56047
8,56056,1,1,0, 56057
2,56083,2,2,1, 56085
1,56086,1,1,1, 56087
8,56096,1,1,1, 56097
1,56126,1,1,0, 56127
8,56136,1,1,1, 56137
9,56137,2,2,1, 56139
17,56139,3,3,1, 56142
24,56149,1,1,1, 56150
25,56155,2,2,1, 56157
31,56156,2,2,1, 56158
8,56176,1,1,1, 56177
24,56189,1,1,0, 56190
31,56196,2,2,1, 56198
8,56216,1,1,1, 56217
16,56219,2,2,1, 56221
24,56229,1,1,0, 56230
31,56236,2,2,1, 56238
8,56256,1,1,0, 56257
24,56269,1,1,0, 56270
25,56275,2,2,1, 56277
2,56283,2,2,1, 56285
1,56286,1,1,1, 56287
8,56296,1,1,1, 56297
17,56299,3,3,1, 56302
2,56323,2,2,1, 56325
1,56326,1,1,1, 56327
8,56336,1,1,1, 56337
17,56339,3,3,1, 56342
1,56366,1,1,0, 56367
8,56376,1,1,1, 56377
24,56389,1,1,1, 56390
25,56395,2,2,1, 56397
1,56406,1,1,0, 56407
8,56416,1,1,0, 56417
24,56429,1,1,1, 56430
31,56436,2,2,1, 56438
1,56446,1,1,1, 56447
8,56456,1,1,1, 56457
9,56457,2,2,1, 56459
24,56469,1,1,1, 56470
2,56483,2,2,1, 56485
1,56486,1,1,0, 56487
8,56496,1,1,1, 56497
9,56497,2,2,1, 56499
17,56499,3,3,1, 56502
24,56509,1,1,0, 56510
25,56515,2,2,1, 56517
2,56523,2,2,1, 56525
1,56526,1,1,0, 56527
8,56536,1,1,0, 56537
16,56539,2,2,1, 56541
2,56563,2,2,1, 56565
1,56566,1,1,0, 56567
8,56576,1,1,0, 56577
16,56579,2,2,1, 56581
1,56606,1,1,1, 56607
8,56616,1,1,1, 56617
16,56619,2,2,1, 56621
24,56629,1,1,1, 56630
25,56635,2,2,1, 56637
31,56636,2,2,1, 56638
1,56646,1,1,1, 56647
8,56656,1,1,0, 56657
17,56659,3,3,1, 56662
24,56669,1,1,0, 56670
1,56686,1,1,0, 56687
8,56696,1,1,0, 56697
24,56709,1,1,0, 56710
31,56716,2,2,1, 56718
1,56726,1,1,0, 56727
8,56736,1,1,0, 56737
24,56749,1,1,0, 56750
25,56755,2,2,1, 56757
2,56763,2,2,1, 56765
1,56766,1,1,0, 56767
8,56776,1,1,0, 56777
16,56779,2,2,1, 56781
1,56806,1,1,1, 56807
8,56816,1,1,1, 56817
16,56819,2,2,1, 56821
1,56846,1,1,0, 56847
8,56856,1,1,0, 56857
9,56857,2,2,1, 56859
16,56859,2,2,1, 56861
1,56886,1,1,0, 56887
8,56896,1,1,1, 56897
16,56899,2,2,1, 56901
24,56909,1,1,0, 56910
31,56916,2,2,1, 56918
1,56926,1,1,1, 56927
8,56936,1,1,0, 56937
16,56939,2,2,1, 56941
24,56949,1,1,1, 56950
2,56963,2,2,1, 56965
1,56966,1,1,1, 56967
8,56976,1,1,0, 56977
24,56989,1,1,0, 56990
2,57003,2,2,1, 57005
1,57006,1,1,0, 57007
8,57016,1,1,1, 57017
17,57019,3,3,1, 57022
1,57046,1,1,1, 57047
8,57056,1,1,1, 57057
9,57057,2,2,1, 57059
17,57059,3,3,1, 57062
2,57083,2,2,1, 57085
1,57086,1,1,1, 57087
8,57096,1,1,0, 57097
16,57099,2,2,1, 57101
24,57109,1,1,0, 57110
8,57136,1,1,1, 57137
16,57139,2,2,1, 57141
24,57149,1,1,0, 57150
8,57176,1,1,0, 57177
16,57179,2,2,1, 57181
17,57179,3,3,1, 57182
24,57189,1,1,1, 57190
31,57196,2,2,1, 57198
1,57206,1,1,0, 57207
8,57216,1,1,0, 57217
9,57217,2,2,1, 57219
24,57229,1,1,1, 57230
8,57256,1,1,0, 57257
9,57257,2,2,1, 57259
17,57259,3,3,1, 57262
24,57269,1,1,0, 57270
8,57296,1,1,1, 57297
17,57299,3,3,1, 57302
24,57309,1,1,1, 57310
8,57336,1,1,0, 57337
16,57339,2,2,1, 57341
24,57349,1,1,1, 57350
25,57355,2,2,1, 57357
31,57356,2,2,1, 57358
1,57366,1,1,1, 57367
8,57376,1,1,1, 57377
9,57377,2,2,1, 57379
17,57379,3,3,1, 57382
2,57403,2,2,1, 57405
1,57406,1,1,0, 57407
8,57416,1,1,0, 57417
17,57419,3,3,1, 57422
1,57446,1,1,1, 57447
8,57456,1,1,1, 57457
24,57469,1,1,0, 57470
31,57476,2,2,1, 57478
2,57483,2,2,1, 57485
1,57486,1,1,0, 57487
8,57496,1,1,1, 57497
24,57509,1,1,0, 57510
2,57523,2,2,1, 57525
1,57526,1,1,0, 57527
8,57536,1,1,1, 57537
17,57539,3,3,1, 57542
24,57549,1,1,1, 57550
2,57563,2,2,1, 57565
1,57566,1,1,1, 57567
8,57576,1,1,0, 57577
24,57589,1,1,1, 57590
25,57595,2,2,1, 57597
8,57616,1,1,0, 57617
8,57656,1,1,0, 57657
16,57659,2,2,1, 57661
8,57696,1,1,0, 57697
16,57699,2,2,1, 57701
24,57709,1,1,1, 57710
1,57726,1,1,1, 57727
8,57736,1,1,0, 57737
9,57737,2,2,1, 57739
24,57749,1,1,0, 57750
1,57766,1,1,0, 57767
8,57776,1,1,0, 57777
16,57779,2,2,1, 57781
24,57789,1,1,0, 57790
1,57806,1,1,0, 57807
8,57816,1,1,0, 57817
16,57819,2,2,1, 57821
24,57829,1,1,0, 57830
25,57835,2,2,1, 57837
1,57846,1,1,1, 57847
8,57856,1,1,1, 57857
1,57886,1,1,0, 57887
8,57896,1,1,0, 57897
9,57897,2,2,1, 57899
16,57899,2,2,1, 57901
17,57899,3,3,1, 57902
2,57923,2,2,1, 57925
1,57926,1,1,0, 57927
8,57936,1,1,1, 57937
24,57949,1,1,1, 57950
2,57963,2,2,1, 57965
1,57966,1,1,0, 57967
8,57976,1,1,0, 57977
16,57979,2,2,1, 57981
24,57989,1,1,1, 57990
31,57996,2,2,1, 57998
1,58006,1,1,1, 58007
8,58016,1,1,0, 58017
16,58019,2,2,1, 58021
24,58029,1,1,0, 58030
31,58036,2,2,1, 58038
1,58046,1,1,1, 58047
8,58056,1,1,1, 58057
16,58059,2,2,1, 58061
24,58069,1,1,1, 58070
25,58075,2,2,1, 58077
31,58076,2,2,1, 58078
8,58096,1,1,1, 58097
16,58099,2,2,1, 58101
24,58109,1,1,1, 58110
8,58136,1,1,1, 58137
24,58149,1,1,0, 58150
8,58176,1,1,0, 58177
24,58189,1,1,0, 58190
31,58196,2,2,1, 58198
1,58206,1,1,1, 58207
8,58216,1,1,0, 58217
24,58229,1,1,1, 58230
1,58246,1,1,0, 58247
8,58256,1,1,1, 58257
16,58259,2,2,1, 58261
24,58269,1,1,1, 58270
31,58276,2,2,1, 58278
1,58286,1,1,0, 58287
8,58296,1,1,1, 58297
16,58299,2,2,1, 58301
24,58309,1,1,0, 58310
31,58316,2,2,1, 58318
2,58323,2,2,1, 58325
1,58326,1,1,1, 58327
8,58336,1,1,0, 58337
9,58337,2,2,1, 58339
17,58339,3,3,1, 58342
2,58363,2,2,1, 58365
1,58366,1,1,0, 58367
8,58376,1,1,0, 58377
16,58379,2,2,1, 58381
2,58403,2,2,1, 58405
1,58406,1,1,1, 58407
8,58416,1,1,1, 58417
16,58419,2,2,1, 58421
24,58429,1,1,0, 58430
25,58435,2,2,1, 58437
2,58443,2,2,1, 58445
1,58446,1,1,0, 58447
8,58456,1,1,1, 58457
24,58469,1,1,0, 58470
1,58486,1,1,0, 58487
8,58496,1,1,1, 58497
16,58499,2,2,1, 58501
24,58509,1,1,1, 58510
1,58526,1,1,1, 58527
8,58536,1,1,0, 58537
9,58537,2,2,1, 58539
24,58549,1,1,1, 58550
25,58555,2,2,1, 58557
8,58576,1,1,0, 58577
17,58579,3,3,1, 58582
8,58616,1,1,1, 58617
8,58656,1,1,1, 58657
16,58659,2,2,1, 58661
24,58669,1,1,0, 58670
1,58686,1,1,0, 58687
8,58696,1,1,0, 58697
16,58699,2,2,1, 58701
24,58709,1,1,0, 58710
31,58716,2,2,1, 58718
1,58726,1,1,0, 58727
8,58736,1,1,0, 58737
16,58739,2,2,1, 58741
17,58739,3,3,1, 58742
24,58749,1,1,1, 58750
2,58763,2,2,1, 58765
1,58766,1,1,1, 58767
8,58776,1,1,1, 58777
24,58789,1,1,0, 58790
25,58795,2,2,1, 58797
31,58796,2,2,1, 58798
1,58806,1,1,1, 58807
8,58816,1,1,1, 58817
16,58819,2,2,1, 58821
1,58846,1,1,1, 58847
8,58856,1,1,1, 58857
9,58857,2,2,1, 58859
17,58859,3,3,1, 58862
1,58886,1,1,0, 58887
8,58896,1,1,1, 58897
17,58899,3,3,1, 58902
24,58909,1,1,1, 58910
25,58915,2,2,1, 58917
2,58923,2,2,1, 58925
1,58926,1,1,1, 58927
8,58936,1,1,0, 58937
24,58949,1,1,0, 58950
2,58963,2,2,1, 58965
1,58966,1,1,1, 58967
8,58976,1,1,0, 58977
16,58979,2,2,1, 58981
24,58989,1,1,1, 58990
2,59003,2,2,1, 59005
1,59006,1,1,0, 59007
8,59016,1,1,0, 59017
16,59019,2,2,1, 59021
24,59029,1,1,0, 59030
8,59056,1,1,1, 59057
9,59057,2,2,1, 59059
17,59059,3,3,1, 59062
8,59096,1,1,0, 59097
17,59099,3,3,1, 59102
8,59136,1,1,1, 59137
24,59149,1,1,0, 59150
1,59166,1,1,1, 59167
8,59176,1,1,0, 59177
9,59177,2,2,1, 59179
16,59179,2,2,1, 59181
17,59179,3,3,1, 59182
1,59206,1,1,1, 59207
8,59216,1,1,1, 59217
16,59219,2,2,1, 59221
1,59246,1,1,0, 59247
8,59256,1,1,0, 59257
16,59259,2,2,1, 59261
1,59286,1,1,1, 59287
8,59296,1,1,1, 59297
16,59299,2,2,1, 59301
1,59326,1,1,0, 59327
8,59336,1,1,1, 59337
17,59339,3,3,1, 59342
25,59355,2,2,1, 59357
1,59366,1,1,0, 59367
8,59376,1,1,1, 59377
17,59379,3,3,1, 59382
1,59406,1,1,0, 59407
8,59416,1,1,1, 59417
1,59446,1,1,1, 59447
8,59456,1,1,0, 59457
1,59486,1,1,1, 59487
8,59496,1,1,0, 59497
16,59499,2,2,1, 59501
25,59515,2,2,1, 59517
1,59526,1,1,1, 59527
8,59536,1,1,0, 59537
16,59539,2,2,1, 59541
25,59555,2,2,1, 59557
1,59566,1,1,0, 59567
8,59576,1,1,0, 59577
1,59606,1,1,0, 59607
8,59616,1,1,1, 59617
16,59619,2,2,1, 59621
1,59646,1,1,1, 59647
8,59656,1,1,0, 59657
9,59657,2,2,1, 59659
16,59659,2,2,1, 59661
2,59683,2,2,1, 59685
1,59686,1,1,1, 59687
8,59696,1,1,0, 59697
9,59697,2,2,1, 59699
8,59736,1,1,1, 59737
8,59776,1,1,1, 59777
16,59779,2,2,1, 59781
8,59816,1,1,1, 59817
9,59817,2,2,1, 59819
25,59835,2,4,1, 59839
8,59856,1,1,1, 59857
16,59859,2,2,1, 59861
8,59896,1,1,1, 59897
9,59897,2,2,1, 59899
16,59899,2,2,1, 59901
8,59936,1,1,1, 59937
16,59939,2,2,1, 59941
8,59976,1,1,0, 59977
16,59979,2,2,1, 59981
8,60016,1,1,0, 60017
9,60017,2,2,1, 60019
16,60019,2,2,1, 60021
25,60035,2,4,1, 60039
8,60056,1,1,1, 60057
9,60057,2,2,1, 60059
8,60096,1,1,1, 60097
8,60136,1,1,1, 60137
8,60176,1,1,0, 60177
9,60177,2,2,1, 60179
8,60216,1,1,1, 60217
9,60217,2,2,1, 60219
16,60219,2,2,1, 60221
17,60219,3,3,1, 60222
8,60256,1,1,1, 60257
16,60259,2,2,1, 60261
8,60296,1,1,1, 60297
16,60299,2,2,1, 60301
8,60336,1,1,0, 60337
16,60339,2,2,1, 60341
8,60376,1,1,1, 60377
16,60379,2,2,1, 60381
17,60379,3,3,1, 60382
8,60416,1,1,0, 60417
17,60419,3,3,1, 60422
8,60456,1,1,1, 60457
9,60457,2,2,1, 60459
17,60459,3,3,1, 60462
8,60496,1,1,0, 60497
16,60499,2,2,1, 60501
8,60536,1,1,1, 60537
8,60576,1,1,1, 60577
8,60616,1,1,0, 60617
16,60619,2,2,1, 60621
8,60656,1,1,1, 60657
16,60659,2,2,1, 60661
8,60696,1,1,0, 60697
8,60736,1,1,1, 60737
16,60739,2,2,1, 60741
8,60776,1,1,1, 60777
9,60777,2,2,1, 60779
8,60816,1,1,0, 60817
16,60819,2,2,1, 60821
8,60856,1,1,0, 60857
16,60859,2,2,1, 60861
8,60896,1,1,0, 60897
9,60897,2,2,1, 60899
16,60899,2,2,1, 60901
8,60936,1,1,0, 60937
9,60937,2,2,1, 60939
16,60939,2,2,1, 60941
17,60939,3,3,1, 60942
8,60976,1,1,0, 60977
9,60977,2,2,1, 60979
16,60979,2,2,1, 60981
17,60979,3,3,1, 60982
8,61016,1,1,0, 61017
8,61056,1,1,0, 61057
8,61096,1,1,0, 61097
9,61097,2,2,1, 61099
16,61099,2,2,1, 61101
8,61136,1,1,0, 61137
9,61137,2,2,1, 61139
8,61176,1,1,0, 61177
9,61177,2,2,1, 61179
8,61216,1,1,1, 61217
9,61217,2,2,1, 61219
8,61256,1,1,0, 61257
9,61257,2,2,1, 61259
8,61296,1,1,0, 61297
8,61336,1,1,1, 61337
8,61376,1,1,1, 61377
8,61416,1,1,1, 61417
9,61417,2,2,1, 61419
17,61419,3,3,1, 61422
8,61456,1,1,1, 61457
9,61457,2,2,1, 61459
17,61459,3,3,1, 61462
8,61496,1,1,0, 61497
9,61497,2,2,1, 61499
8,61536,1,1,1, 61537
8,61576,1,1,1, 61577
8,61616,1,1,0, 61617
16,61619,2,2,0, 61621
8,61656,1,1,0, 61657
9,61657,2,2,1, 61659
16,61659,2,2,0, 61661
17,61659,3,3,1, 61662
8,61696,1,1,1, 61697
9,61697,2,2,1, 61699
16,61699,2,2,0, 61701
8,61736,1,1,1, 61737
9,61737,2,2,1, 61739
16,61739,2,2,1, 61741
8,61776,1,1,0, 61777
9,61777,2,2,0, 61779
16,61779,2,2,0, 61781
8,61816,1,1,0, 61817
16,61819,2,2,0, 61821
8,61856,1,1,1, 61857
16,61859,2,2,1, 61861
8,61896,1,1,0, 61897
16,61899,2,2,1, 61901
8,61936,1,1,0, 61937
9,61937,2,2,1, 61939
16,61939,2,2,0, 61941
17,61939,3,3,1, 61942
8,61976,1,1,0, 61977
9,61977,2,2,0, 61979
16,61979,2,2,1, 61981
8,62016,1,1,0, 62017
9,62017,2,2,1, 62019
16,62019,2,2,0, 62021
8,62056,1,1,1, 62057
16,62059,2,2,1, 62061
8,62096,1,1,1, 62097
16,62099,2,2,0, 62101
8,62136,1,1,1, 62137
16,62139,2,2,0, 62141
8,62176,1,1,0, 62177
9,62177,2,2,1, 62179
16,62179,2,2,0, 62181
8,62216,1,1,1, 62217
9,62217,2,2,0, 62219
16,62219,2,2,1, 62221
8,62256,1,1,0, 62257
9,62257,2,2,0, 62259
16,62259,2,2,0, 62261
8,62296,1,1,1, 62297
16,62299,2,2,1, 62301
8,62336,1,1,0, 62337
16,62339,2,2,1, 62341
8,62376,1,1,1, 62377
16,62379,2,2,1, 62381
8,62416,1,1,0, 62417
9,62417,2,2,0, 62419
16,62419,2,2,0, 62421
8,62456,1,1,0, 62457
9,62457,2,2,1, 62459
16,62459,2,2,1, 62461
8,62496,1,1,1, 62497
9,62497,2,2,1, 62499
16,62499,2,2,1, 62501
8,62536,1,1,1, 62537
16,62539,2,2,1, 62541
8,62576,1,1,0, 62577
16,62579,2,2,0, 62581
8,62616,1,1,1, 62617
16,62619,2,2,0, 62621
8,62656,1,1,0, 62657
9,62657,2,2,1, 62659
16,62659,2,2,1, 62661
