Time,  Packets Generated,  Packets Reached,High Priority Packets Generated, High Priority Packets reached, Packet Dropped, Packet Dropped due to Faulty Node, High Prio Packet Dropped due to Faulty Node, Low Prio Packet Dropped due to Faulty Node 
5,1,1,1,1,0,0,0,0
10,6,5,5,4,0,0,0,0
15,8,7,6,6,0,0,0,0
20,16,11,10,7,1,1,1,0
25,20,17,11,10,2,2,1,1
30,30,26,16,13,3,3,2,1
35,36,30,19,16,3,3,2,1
40,47,38,23,20,4,4,2,2
45,51,45,27,23,5,5,3,2
50,61,54,30,26,6,6,4,2
55,67,58,32,28,6,6,4,2
60,78,66,36,31,7,7,4,3
65,82,73,37,32,7,7,4,3
70,92,83,43,38,8,8,4,4
75,98,87,44,40,8,8,4,4
80,109,95,50,43,9,9,5,4
85,113,102,54,47,9,9,5,4
90,123,110,59,53,12,10,6,4
95,129,113,63,55,13,10,6,4
100,140,119,68,59,17,11,7,4
105,144,124,70,62,18,11,7,4
110,154,132,75,67,21,12,8,4
115,160,136,79,70,23,12,8,4
120,171,141,85,74,25,13,8,5
125,175,147,88,78,26,13,8,5
130,185,155,94,84,29,14,9,5
135,191,159,95,84,30,14,9,5
140,202,166,101,87,32,15,9,6
145,206,171,104,92,33,15,9,6
150,216,176,107,96,39,16,9,7
155,222,179,110,98,41,16,9,7
160,233,183,113,100,48,17,10,7
165,237,185,115,102,50,17,10,7
170,247,190,120,106,56,18,11,7
175,253,193,123,108,57,18,11,7
180,264,199,131,113,60,19,11,8
185,268,203,132,117,64,19,11,8
190,278,208,137,122,70,20,11,9
195,284,209,138,122,74,20,11,9
200,295,213,144,125,80,21,12,9
205,299,215,145,127,84,22,13,9
210,309,218,151,129,90,23,14,9
215,315,221,156,132,91,23,14,9
220,326,226,161,136,98,24,15,9
225,330,228,163,138,101,24,15,9
230,340,233,170,143,106,25,16,9
235,346,234,172,144,111,25,16,9
240,357,236,177,146,118,26,17,9
245,361,239,178,149,122,26,17,9
250,371,242,183,150,129,27,17,10
255,377,244,186,152,133,27,17,10
260,388,247,193,155,140,28,17,11
265,392,248,194,156,144,28,17,11
270,402,251,200,159,151,29,18,11
275,408,251,200,159,157,29,18,11
280,419,252,205,160,167,30,19,11
285,423,252,206,160,171,30,19,11
290,433,255,210,162,178,31,19,12
295,439,256,212,163,183,31,19,12
300,450,257,218,164,193,32,20,12
305,454,257,221,164,197,32,20,12
310,464,257,223,164,207,33,21,12
315,470,257,225,164,213,33,21,12
320,481,257,227,164,224,34,21,13
325,485,257,228,164,228,34,21,13
330,495,257,231,164,238,35,22,13
335,501,257,234,164,244,35,22,13
340,512,257,241,164,255,36,23,13
345,516,257,242,164,259,36,23,13
350,526,258,245,165,266,37,23,14
355,532,261,247,167,270,37,23,14
360,543,265,252,170,276,38,23,15
365,547,265,253,170,282,38,23,15
370,557,267,255,171,290,38,23,15
375,563,268,257,172,295,38,23,15
380,574,269,261,173,305,39,23,16
385,578,270,264,174,308,39,23,16
390,588,271,270,175,316,39,23,16
395,594,273,274,177,320,39,23,16
400,605,275,281,179,330,40,23,17
405,609,276,283,180,333,40,23,17
410,619,278,286,180,341,40,23,17
415,625,279,290,180,345,40,23,17
420,636,280,296,181,356,41,23,18
425,640,281,297,182,359,41,23,18
430,650,282,302,183,368,41,23,18
435,656,282,306,183,373,41,23,18
440,667,284,312,185,383,42,24,18
445,671,285,315,186,386,42,24,18
450,681,286,322,186,395,42,24,18
455,687,286,325,186,400,42,24,18
460,698,289,333,189,409,43,24,19
465,702,289,335,189,412,43,24,19
470,712,291,340,190,421,44,25,19
475,718,291,344,190,426,44,25,19
480,729,295,350,194,432,45,25,20
485,733,296,353,195,437,45,25,20
490,743,298,357,197,445,46,25,21
495,749,298,360,197,451,46,25,21
500,760,298,365,197,462,46,25,21
505,764,298,368,197,466,46,25,21
510,774,300,374,198,474,47,25,22
515,780,300,375,198,480,47,25,22
520,791,300,380,198,491,47,25,22
525,795,300,381,198,495,47,25,22
530,805,302,384,199,502,48,25,23
535,811,304,385,200,507,48,25,23
540,822,304,389,200,518,48,25,23
545,826,304,390,200,522,48,25,23
550,836,306,392,200,530,48,25,23
555,842,307,396,201,535,48,25,23
560,853,310,401,203,543,48,25,23
565,857,310,402,203,547,48,25,23
570,867,312,407,204,555,48,25,23
575,873,314,410,205,559,48,25,23
580,884,316,417,207,568,48,25,23
585,888,316,418,207,571,48,25,23
590,898,320,422,210,578,49,25,24
595,904,322,425,211,581,49,25,24
600,915,325,431,213,589,50,26,24
605,919,326,433,214,593,50,26,24
610,929,328,437,215,601,51,26,25
615,935,330,440,217,604,51,26,25
620,946,332,446,219,614,51,26,25
625,950,332,448,219,618,51,26,25
630,960,334,454,220,625,52,26,26
635,966,337,458,223,629,52,26,26
640,977,338,461,223,639,52,26,26
645,981,338,462,223,643,52,26,26
650,991,340,467,224,651,53,27,26
655,997,341,471,225,655,53,27,26
660,1008,343,478,226,663,53,27,26
665,1012,344,479,227,668,53,27,26
670,1022,345,483,228,677,54,27,27
675,1028,345,486,228,682,54,27,27
680,1039,347,492,229,692,55,27,28
685,1043,347,494,229,696,55,27,28
690,1053,348,497,229,705,56,28,28
695,1059,348,501,229,710,56,28,28
700,1070,350,509,231,720,57,29,28
705,1074,350,511,231,724,57,29,28
710,1084,355,515,234,729,58,29,29
715,1090,355,515,234,735,58,29,29
720,1101,358,520,237,743,59,30,29
725,1105,358,523,237,747,59,30,29
730,1115,359,527,238,756,59,30,29
735,1121,360,533,239,761,59,30,29
740,1132,361,539,240,770,59,30,29
745,1136,363,543,242,773,59,30,29
750,1146,364,548,242,782,59,30,29
755,1152,365,551,243,787,59,30,29
760,1163,365,556,243,797,59,30,29
765,1167,367,560,245,800,59,30,29
770,1177,368,565,246,809,59,30,29
775,1183,369,567,246,814,59,30,29
780,1194,369,571,246,825,59,30,29
785,1198,369,573,246,829,59,30,29
790,1208,370,579,247,838,59,30,29
795,1214,370,581,247,844,59,30,29
800,1225,373,585,250,852,60,30,30
805,1229,373,587,250,856,60,30,30
810,1239,374,593,251,865,60,30,30
815,1245,374,594,251,871,60,30,30
820,1256,375,598,251,881,60,30,30
825,1260,375,600,251,885,60,30,30
830,1270,378,607,253,891,61,31,30
835,1276,379,609,254,896,61,31,30
840,1287,383,615,258,902,62,31,31
845,1291,383,616,258,908,62,31,31
850,1301,384,619,258,917,63,31,32
855,1307,384,622,258,922,63,31,32
860,1318,386,627,260,932,63,31,32
865,1322,386,628,260,936,63,31,32
870,1332,387,631,260,945,64,31,33
875,1338,387,634,260,950,64,31,33
880,1349,389,639,261,960,64,31,33
885,1353,389,640,261,964,64,31,33
890,1363,390,648,262,973,64,31,33
895,1369,391,650,262,978,64,31,33
900,1380,393,656,264,987,64,31,33
905,1384,393,659,264,991,64,31,33
910,1394,394,662,265,1000,64,31,33
915,1400,394,665,265,1006,64,31,33
920,1411,395,671,266,1016,64,31,33
925,1415,395,673,266,1020,64,31,33
930,1425,396,678,266,1029,64,31,33
935,1431,396,682,266,1035,64,31,33
940,1442,397,687,266,1045,64,31,33
945,1446,397,689,266,1049,64,31,33
950,1456,399,693,267,1057,64,31,33
955,1462,400,697,268,1061,64,31,33
960,1473,403,701,270,1070,64,31,33
965,1477,403,701,270,1074,64,31,33
970,1487,406,706,272,1081,64,31,33
975,1493,406,710,272,1087,64,31,33
980,1504,407,717,273,1097,64,31,33
985,1508,409,720,275,1098,64,31,33
990,1518,412,726,277,1106,64,31,33
995,1524,412,727,277,1112,64,31,33
1000,1535,414,732,278,1120,64,31,33
1005,1539,417,735,281,1121,64,31,33
1010,1549,419,740,282,1129,65,31,34
1015,1555,421,743,284,1134,65,31,34
1020,1566,422,747,284,1142,65,31,34
1025,1570,423,750,285,1147,65,31,34
1030,1580,424,752,285,1156,66,32,34
1035,1586,425,754,285,1161,66,32,34
1040,1597,425,760,285,1171,66,32,34
1045,1601,426,763,286,1175,66,32,34
1050,1611,427,766,286,1184,67,32,35
1055,1617,428,769,286,1189,67,32,35
1060,1628,428,774,286,1199,68,33,35
1065,1632,429,777,287,1203,68,33,35
1070,1642,430,781,288,1212,69,34,35
1075,1648,431,785,289,1217,69,34,35
1080,1659,432,792,290,1226,70,35,35
1085,1663,433,794,291,1230,70,35,35
1090,1673,434,799,291,1239,70,35,35
1095,1679,435,803,292,1243,70,35,35
1100,1690,438,809,294,1252,71,35,36
1105,1694,438,809,294,1256,71,35,36
1110,1704,439,813,295,1265,71,35,36
1115,1710,440,816,295,1270,71,35,36
1120,1721,442,822,297,1279,72,35,37
1125,1725,442,824,297,1283,72,35,37
1130,1735,443,829,297,1291,72,35,37
1135,1741,445,832,298,1295,72,35,37
1140,1752,448,838,300,1302,73,36,37
1145,1756,450,839,302,1306,73,36,37
1150,1766,451,843,302,1315,73,36,37
1155,1772,452,844,302,1320,73,36,37
1160,1783,453,846,302,1330,73,36,37
1165,1787,453,847,302,1334,73,36,37
1170,1797,454,853,302,1343,73,36,37
1175,1803,455,856,303,1347,73,36,37
1180,1814,457,860,305,1357,73,36,37
1185,1818,457,864,305,1361,73,36,37
1190,1828,459,870,306,1369,73,36,37
1195,1834,460,874,307,1373,73,36,37
1200,1845,463,876,309,1381,74,36,38
1205,1849,465,879,311,1384,74,36,38
1210,1859,466,886,312,1393,75,37,38
1215,1865,466,888,312,1399,75,37,38
1220,1876,467,895,313,1409,75,37,38
1225,1880,467,895,313,1413,75,37,38
1230,1890,468,900,313,1422,76,38,38
1235,1896,468,902,313,1428,76,38,38
1240,1907,469,911,314,1438,76,38,38
1245,1911,470,914,315,1441,76,38,38
1250,1921,471,920,315,1450,77,39,38
1255,1927,471,925,315,1456,77,39,38
1260,1938,472,929,316,1466,77,39,38
1265,1942,473,932,317,1469,77,39,38
1270,1952,475,937,319,1476,78,39,39
1275,1958,476,940,320,1482,78,39,39
1280,1969,478,946,321,1489,79,39,40
1285,1973,481,947,324,1492,79,39,40
1290,1983,484,951,327,1499,80,39,41
1295,1989,484,953,327,1505,80,39,41
1300,2000,485,956,327,1514,81,39,42
1305,2004,487,958,329,1517,81,39,42
1310,2014,489,960,329,1524,82,39,43
1315,2020,492,963,332,1528,82,39,43
1320,2031,497,972,337,1532,83,40,43
1325,2035,498,972,338,1537,83,40,43
1330,2045,499,980,339,1546,83,40,43
1335,2051,500,983,339,1550,83,40,43
1340,2062,502,989,341,1560,83,40,43
1345,2066,502,991,341,1564,83,40,43
1350,2076,503,994,341,1573,83,40,43
1355,2082,504,998,341,1577,83,40,43
1360,2093,506,1006,343,1587,83,40,43
1365,2097,506,1009,343,1591,83,40,43
1370,2107,507,1014,343,1600,83,40,43
1375,2113,508,1016,344,1604,83,40,43
1380,2124,510,1022,346,1614,83,40,43
1385,2128,510,1024,346,1618,83,40,43
1390,2138,511,1027,346,1626,83,40,43
1395,2144,512,1030,347,1630,83,40,43
1400,2155,514,1034,349,1641,83,40,43
1405,2159,514,1037,349,1645,83,40,43
1410,2169,515,1043,349,1653,83,40,43
1415,2175,516,1047,349,1657,83,40,43
1420,2186,516,1051,349,1669,83,40,43
1425,2190,516,1052,349,1674,83,40,43
1430,2200,521,1060,353,1678,83,40,43
1435,2206,523,1064,355,1681,83,40,43
1440,2217,527,1069,359,1688,84,40,44
1445,2221,529,1072,361,1692,84,40,44
1450,2231,530,1077,361,1700,84,40,44
1455,2237,532,1077,362,1705,84,40,44
1460,2248,533,1086,362,1715,84,40,44
1465,2252,533,1090,362,1719,84,40,44
1470,2262,534,1093,363,1728,84,40,44
1475,2268,535,1096,363,1733,84,40,44
1480,2279,536,1100,363,1743,84,40,44
1485,2283,536,1103,363,1747,84,40,44
1490,2293,537,1107,363,1755,84,40,44
1495,2299,539,1110,365,1759,84,40,44
1500,2310,541,1114,366,1768,84,40,44
1505,2314,542,1115,367,1772,84,40,44
1510,2324,543,1118,367,1781,85,41,44
1515,2330,544,1121,368,1786,85,41,44
1520,2341,545,1128,369,1796,85,41,44
1525,2345,546,1131,370,1799,85,41,44
1530,2355,547,1134,370,1808,86,41,45
1535,2361,548,1137,370,1813,86,41,45
1540,2372,549,1143,371,1823,86,41,45
1545,2376,550,1146,372,1826,86,41,45
1550,2386,554,1153,376,1832,87,41,46
1555,2392,555,1154,376,1836,87,41,46
1560,2403,560,1161,381,1841,88,41,47
1565,2407,560,1163,381,1847,88,41,47
1570,2417,560,1169,381,1856,88,41,47
1575,2423,560,1173,381,1863,88,41,47
1580,2434,561,1179,382,1873,88,41,47
1585,2438,561,1180,382,1877,88,41,47
1590,2448,561,1181,382,1887,88,41,47
1595,2454,561,1184,382,1893,88,41,47
1600,2465,562,1188,382,1903,88,41,47
1605,2469,562,1190,382,1907,88,41,47
1610,2479,562,1192,382,1917,88,41,47
1615,2485,562,1195,382,1923,88,41,47
1620,2496,563,1200,382,1933,88,41,47
1625,2500,563,1203,382,1937,88,41,47
1630,2510,563,1210,382,1947,88,41,47
1635,2516,563,1213,382,1953,88,41,47
1640,2527,564,1216,383,1963,88,41,47
1645,2531,564,1218,383,1967,88,41,47
1650,2541,564,1221,383,1977,88,41,47
1655,2547,564,1224,383,1983,88,41,47
1660,2558,565,1230,383,1993,88,41,47
1665,2562,565,1233,383,1997,88,41,47
1670,2572,568,1239,385,2004,89,42,47
1675,2578,569,1242,385,2008,89,42,47
1680,2589,574,1248,389,2014,90,43,47
1685,2593,574,1249,389,2019,90,43,47
1690,2603,575,1253,389,2028,91,44,47
1695,2609,575,1256,389,2034,91,44,47
1700,2620,576,1263,390,2044,91,44,47
1705,2624,576,1264,390,2048,91,44,47
1710,2634,577,1271,391,2057,92,45,47
1715,2640,577,1273,391,2063,92,45,47
1720,2651,578,1280,392,2073,92,45,47
1725,2655,578,1282,392,2077,92,45,47
1730,2665,579,1284,393,2086,93,45,48
1735,2671,579,1286,393,2092,93,45,48
1740,2682,579,1290,393,2103,93,45,48
1745,2686,579,1293,393,2107,93,45,48
1750,2696,579,1297,393,2117,94,46,48
1755,2702,580,1299,393,2122,94,46,48
1760,2713,581,1303,394,2132,94,46,48
1765,2717,581,1304,394,2136,94,46,48
1770,2727,581,1310,394,2146,95,46,49
1775,2733,582,1313,394,2151,95,46,49
1780,2744,583,1319,395,2161,95,46,49
1785,2748,583,1322,395,2165,95,46,49
1790,2758,584,1325,395,2173,96,46,50
1795,2764,587,1328,398,2176,96,46,50
1800,2775,591,1334,401,2181,97,47,50
1805,2779,592,1337,402,2187,97,47,50
1810,2789,592,1343,402,2197,97,47,50
1815,2795,592,1347,402,2203,97,47,50
1820,2806,593,1352,403,2213,97,47,50
1825,2810,593,1353,403,2217,97,47,50
1830,2820,593,1358,403,2227,97,47,50
1835,2826,593,1361,403,2233,97,47,50
1840,2837,594,1367,404,2242,97,47,50
1845,2841,596,1369,406,2245,97,47,50
1850,2851,596,1376,406,2255,97,47,50
1855,2857,596,1378,406,2261,97,47,50
1860,2868,597,1382,406,2271,97,47,50
1865,2872,597,1384,406,2275,97,47,50
1870,2882,600,1391,407,2282,97,47,50
1875,2888,600,1393,407,2288,97,47,50
1880,2899,601,1399,407,2298,97,47,50
1885,2903,601,1401,407,2302,97,47,50
1890,2913,603,1404,407,2310,97,47,50
1895,2919,603,1407,407,2316,97,47,50
1900,2930,604,1413,408,2326,97,47,50
1905,2934,604,1415,408,2330,97,47,50
1910,2944,606,1416,408,2338,98,47,51
1915,2950,607,1420,408,2343,98,47,51
1920,2961,608,1424,409,2351,99,48,51
1925,2965,609,1427,410,2356,99,48,51
1930,2975,611,1434,412,2363,100,49,51
1935,2981,613,1437,413,2368,100,49,51
1940,2992,614,1443,413,2378,100,49,51
1945,2996,614,1445,413,2382,100,49,51
1950,3006,616,1450,413,2390,101,49,52
1955,3012,617,1454,414,2395,101,49,52
1960,3023,618,1458,414,2405,101,49,52
1965,3027,618,1458,414,2409,101,49,52
1970,3037,620,1461,414,2417,102,50,52
1975,3043,621,1462,414,2421,102,50,52
1980,3054,624,1466,417,2430,102,50,52
1985,3058,625,1468,418,2433,102,50,52
1990,3068,626,1472,418,2442,102,50,52
1995,3074,627,1475,419,2446,102,50,52
2000,3085,628,1478,419,2457,102,50,52
2005,3089,629,1481,420,2460,102,50,52
2010,3099,630,1487,420,2469,102,50,52
2015,3105,631,1490,420,2474,102,50,52
2020,3116,633,1497,421,2483,102,50,52
2025,3120,634,1499,422,2486,102,50,52
2030,3130,635,1502,422,2495,102,50,52
2035,3136,636,1505,423,2500,102,50,52
2040,3147,638,1510,424,2509,103,50,53
2045,3151,638,1510,424,2513,103,50,53
2050,3161,639,1513,425,2522,104,51,53
2055,3167,640,1517,426,2527,104,51,53
2060,3178,640,1518,426,2538,104,51,53
2065,3182,642,1521,428,2540,104,51,53
2070,3192,643,1527,429,2549,105,52,53
2075,3198,644,1530,429,2554,105,52,53
2080,3209,644,1532,429,2565,105,52,53
2085,3213,646,1535,431,2567,105,52,53
2090,3223,647,1541,431,2576,106,53,53
2095,3229,648,1545,431,2581,106,53,53
2100,3240,649,1551,432,2590,106,53,53
2105,3244,651,1554,434,2593,106,53,53
2110,3254,652,1560,434,2602,106,53,53
2115,3260,652,1564,434,2608,106,53,53
2120,3271,652,1570,434,2619,106,53,53
2125,3275,652,1573,434,2623,106,53,53
2130,3285,653,1577,434,2632,106,53,53
2135,3291,653,1579,434,2638,106,53,53
2140,3302,654,1584,435,2648,106,53,53
2145,3306,654,1588,435,2652,106,53,53
2150,3316,657,1594,437,2659,106,53,53
2155,3322,657,1599,437,2664,106,53,53
2160,3333,662,1605,441,2671,107,53,54
2165,3337,663,1607,442,2674,107,53,54
2170,3347,665,1613,443,2682,107,53,54
2175,3353,665,1615,443,2688,107,53,54
2180,3364,667,1623,445,2697,107,53,54
2185,3368,668,1625,446,2700,107,53,54
2190,3378,670,1634,448,2708,107,53,54
2195,3384,670,1640,448,2714,107,53,54
2200,3395,671,1646,449,2724,107,53,54
2205,3399,672,1649,450,2727,107,53,54
2210,3409,674,1654,451,2735,107,53,54
2215,3415,675,1658,452,2740,107,53,54
2220,3426,677,1663,453,2749,107,53,54
2225,3430,677,1666,453,2753,107,53,54
2230,3440,678,1669,453,2762,107,53,54
2235,3446,679,1671,453,2767,107,53,54
2240,3457,680,1676,454,2776,107,53,54
2245,3461,681,1677,455,2780,107,53,54
2250,3471,682,1679,455,2789,107,53,54
2255,3477,683,1683,456,2794,107,53,54
2260,3488,685,1689,457,2803,107,53,54
2265,3492,685,1689,457,2807,107,53,54
2270,3502,687,1693,458,2814,108,53,55
2275,3508,690,1695,461,2818,108,53,55
2280,3519,692,1701,462,2823,109,54,55
2285,3523,696,1703,466,2827,109,54,55
2290,3533,696,1705,466,2837,110,54,56
2295,3539,697,1708,466,2842,110,54,56
2300,3550,698,1713,467,2852,110,54,56
2305,3554,698,1714,467,2856,110,54,56
2310,3564,698,1716,467,2866,111,54,57
2315,3570,699,1718,468,2871,111,54,57
2320,3581,699,1723,468,2882,111,54,57
2325,3585,699,1726,468,2886,111,54,57
2330,3595,699,1728,468,2896,111,54,57
2335,3601,700,1731,469,2901,111,54,57
2340,3612,700,1737,469,2912,111,54,57
2345,3616,700,1738,469,2916,111,54,57
2350,3626,700,1743,469,2923,111,54,57
2355,3632,704,1745,472,2928,111,54,57
2360,3643,705,1751,473,2937,111,54,57
2365,3647,707,1753,475,2940,111,54,57
2370,3657,707,1758,475,2950,111,54,57
2375,3663,707,1761,475,2956,111,54,57
2380,3674,708,1767,476,2965,111,54,57
2385,3678,710,1771,478,2968,111,54,57
2390,3688,712,1775,480,2975,111,54,57
2395,3694,713,1776,481,2981,111,54,57
2400,3705,715,1781,483,2989,111,54,57
2405,3709,716,1782,484,2993,111,54,57
2410,3719,718,1788,486,3001,112,54,58
2415,3725,719,1792,486,3004,112,54,58
2420,3736,725,1797,491,3011,113,55,58
2425,3740,726,1799,492,3014,113,55,58
2430,3750,727,1801,492,3023,113,55,58
2435,3756,728,1805,493,3027,113,55,58
2440,3767,729,1809,494,3038,113,55,58
2445,3771,729,1811,494,3042,113,55,58
2450,3781,731,1816,496,3050,113,55,58
2455,3787,732,1817,497,3055,113,55,58
2460,3798,734,1823,499,3064,113,55,58
2465,3802,734,1825,499,3068,113,55,58
2470,3812,734,1832,499,3078,113,55,58
2475,3818,734,1835,499,3084,113,55,58
2480,3829,734,1842,499,3095,113,55,58
2485,3833,734,1844,499,3099,113,55,58
2490,3843,734,1851,499,3109,113,55,58
2495,3849,734,1855,499,3115,113,55,58
2500,3860,734,1862,499,3126,113,55,58
2505,3864,734,1864,499,3130,113,55,58
2510,3874,735,1870,500,3139,113,55,58
2515,3880,736,1874,501,3144,113,55,58
2520,3891,738,1880,503,3152,113,55,58
2525,3895,741,1883,506,3154,113,55,58
2530,3905,743,1885,507,3162,113,55,58
2535,3911,744,1889,508,3167,113,55,58
2540,3922,745,1894,508,3177,114,56,58
2545,3926,745,1894,508,3181,114,56,58
2550,3936,748,1896,510,3188,114,56,58
2555,3942,749,1899,511,3193,114,56,58
2560,3953,750,1906,511,3203,115,57,58
2565,3957,752,1909,513,3205,115,57,58
2570,3967,755,1914,515,3212,115,57,58
2575,3973,756,1916,515,3217,115,57,58
2580,3984,757,1921,515,3226,116,57,59
2585,3988,758,1924,516,3230,116,57,59
2590,3998,760,1928,518,3238,117,57,60
2595,4004,761,1933,518,3242,117,57,60
2600,4015,763,1938,520,3252,117,57,60
2605,4019,763,1941,520,3256,117,57,60
2610,4029,765,1948,521,3264,117,57,60
2615,4035,766,1950,521,3269,117,57,60
2620,4046,767,1956,522,3279,117,57,60
2625,4050,767,1959,522,3283,117,57,60
2630,4060,769,1962,524,3291,117,57,60
2635,4066,770,1964,524,3296,117,57,60
2640,4077,773,1971,527,3304,118,58,60
2645,4081,773,1974,527,3308,118,58,60
2650,4091,773,1976,527,3318,118,58,60
2655,4097,774,1979,527,3323,118,58,60
2660,4108,776,1982,528,3332,118,58,60
2665,4112,776,1985,528,3336,118,58,60
2670,4122,777,1991,529,3345,118,58,60
2675,4128,778,1994,530,3350,118,58,60
2680,4139,780,2001,532,3359,118,58,60
2685,4143,780,2003,532,3363,118,58,60
2690,4153,780,2006,532,3373,118,58,60
2695,4159,781,2008,533,3378,118,58,60
2700,4170,783,2012,535,3387,118,58,60
2705,4174,784,2015,536,3390,118,58,60
2710,4184,784,2020,536,3400,118,58,60
2715,4190,784,2024,536,3406,118,58,60
2720,4201,786,2031,538,3415,118,58,60
2725,4205,786,2033,538,3419,118,58,60
2730,4215,786,2037,538,3429,118,58,60
2735,4221,786,2038,538,3435,118,58,60
2740,4232,788,2043,540,3444,118,58,60
2745,4236,789,2046,541,3447,118,58,60
2750,4246,792,2051,543,3454,119,58,61
2755,4252,793,2055,544,3457,119,58,61
2760,4263,796,2059,546,3467,120,58,62
2765,4267,796,2061,546,3471,120,58,62
2770,4277,798,2067,547,3479,120,58,62
2775,4283,798,2069,547,3485,120,58,62
2780,4294,799,2073,548,3495,120,58,62
2785,4298,799,2074,548,3499,120,58,62
2790,4308,801,2083,549,3507,120,58,62
2795,4314,801,2086,549,3513,120,58,62
2800,4325,802,2092,550,3523,120,58,62
2805,4329,802,2096,550,3527,120,58,62
2810,4339,804,2100,551,3535,120,58,62
2815,4345,805,2104,552,3540,120,58,62
2820,4356,806,2110,553,3549,120,58,62
2825,4360,807,2111,554,3553,120,58,62
2830,4370,810,2116,556,3559,120,58,62
2835,4376,812,2120,558,3564,120,58,62
2840,4387,812,2125,558,3575,120,58,62
2845,4391,812,2127,558,3579,120,58,62
2850,4401,814,2130,558,3587,120,58,62
2855,4407,815,2136,559,3592,120,58,62
2860,4418,815,2142,559,3603,120,58,62
2865,4422,816,2143,560,3606,120,58,62
2870,4432,818,2145,561,3614,120,58,62
2875,4438,820,2147,562,3618,120,58,62
2880,4449,823,2154,565,3625,121,58,63
2885,4453,824,2157,566,3629,121,58,63
2890,4463,825,2163,566,3637,121,58,63
2895,4469,827,2166,568,3642,121,58,63
2900,4480,828,2170,568,3652,121,58,63
2905,4484,828,2170,568,3656,121,58,63
2910,4494,829,2178,569,3665,121,58,63
2915,4500,830,2181,569,3670,121,58,63
2920,4511,831,2188,569,3680,121,58,63
2925,4515,831,2189,569,3684,121,58,63
2930,4525,832,2195,570,3693,121,58,63
2935,4531,833,2198,571,3698,121,58,63
2940,4542,835,2203,572,3706,121,58,63
2945,4546,836,2204,573,3710,121,58,63
2950,4556,837,2212,573,3719,121,58,63
2955,4562,837,2216,573,3725,121,58,63
2960,4573,838,2222,573,3734,121,58,63
2965,4577,838,2223,573,3739,121,58,63
2970,4587,839,2227,573,3748,121,58,63
2975,4593,839,2230,573,3754,121,58,63
2980,4604,840,2235,573,3764,121,58,63
2985,4608,840,2236,573,3768,121,58,63
2990,4618,842,2240,575,3776,121,58,63
2995,4624,842,2243,575,3782,121,58,63
3000,4635,845,2249,577,3789,122,58,64
3005,4639,846,2250,578,3793,122,58,64
3010,4649,847,2256,579,3802,122,58,64
3015,4655,848,2259,580,3806,122,58,64
3020,4666,850,2263,582,3816,122,58,64
3025,4670,850,2264,582,3820,122,58,64
3030,4680,851,2269,582,3829,122,58,64
3035,4686,852,2271,582,3834,122,58,64
3040,4697,855,2278,585,3842,122,58,64
3045,4701,855,2280,585,3846,122,58,64
3050,4711,856,2284,585,3854,122,58,64
3055,4717,858,2287,587,3859,122,58,64
3060,4728,861,2295,590,3866,122,58,64
3065,4732,862,2297,591,3870,122,58,64
3070,4742,863,2302,591,3879,122,58,64
3075,4748,863,2305,591,3884,122,58,64
3080,4759,865,2309,592,3894,122,58,64
3085,4763,865,2310,592,3898,122,58,64
3090,4773,866,2315,593,3907,122,58,64
3095,4779,866,2319,593,3912,122,58,64
3100,4790,868,2325,595,3922,122,58,64
3105,4794,868,2327,595,3926,122,58,64
3110,4804,869,2329,595,3935,123,58,65
3115,4810,870,2333,596,3939,123,58,65
3120,4821,874,2339,600,3946,124,58,66
3125,4825,874,2340,600,3951,124,58,66
3130,4835,875,2346,600,3960,124,58,66
3135,4841,875,2349,600,3966,124,58,66
3140,4852,876,2355,601,3976,124,58,66
3145,4856,876,2356,601,3980,124,58,66
3150,4866,877,2360,601,3989,124,58,66
3155,4872,877,2362,601,3995,124,58,66
3160,4883,878,2364,601,4005,124,58,66
3165,4887,879,2368,602,4008,124,58,66
3170,4897,880,2373,602,4017,124,58,66
3175,4903,880,2377,602,4023,124,58,66
3180,4914,881,2382,602,4033,124,58,66
3185,4918,881,2385,602,4037,124,58,66
3190,4928,882,2390,602,4046,124,58,66
3195,4934,882,2394,602,4052,124,58,66
3200,4945,883,2402,603,4062,124,58,66
3205,4949,883,2402,603,4066,124,58,66
3210,4959,884,2404,603,4075,124,58,66
3215,4965,884,2407,603,4081,124,58,66
3220,4976,885,2412,604,4091,124,58,66
3225,4980,885,2413,604,4095,124,58,66
3230,4990,888,2418,607,4102,125,59,66
3235,4996,890,2423,609,4104,125,59,66
3240,5007,897,2429,615,4108,126,59,67
3245,5011,897,2432,615,4114,126,59,67
3250,5021,899,2440,617,4121,126,59,67
3255,5027,901,2442,618,4126,126,59,67
3260,5038,903,2448,619,4135,126,59,67
3265,5042,903,2450,619,4139,126,59,67
3270,5052,905,2453,619,4147,126,59,67
3275,5058,906,2458,620,4152,126,59,67
3280,5069,907,2463,621,4162,126,59,67
3285,5073,907,2466,621,4166,126,59,67
3290,5083,909,2469,622,4174,126,59,67
3295,5089,910,2473,623,4179,126,59,67
3300,5100,911,2476,623,4189,126,59,67
3305,5104,911,2479,623,4193,126,59,67
3310,5114,913,2483,623,4201,126,59,67
3315,5120,914,2487,624,4206,126,59,67
3320,5131,916,2492,626,4215,126,59,67
3325,5135,916,2495,626,4219,126,59,67
3330,5145,918,2501,626,4226,126,59,67
3335,5151,920,2505,628,4231,126,59,67
3340,5162,921,2509,628,4241,126,59,67
3345,5166,921,2513,628,4245,126,59,67
3350,5176,924,2520,630,4249,126,59,67
3355,5182,928,2523,634,4252,126,59,67
3360,5193,932,2528,638,4258,127,59,68
3365,5197,933,2531,639,4264,127,59,68
3370,5207,934,2535,640,4273,128,59,69
3375,5213,934,2539,640,4279,128,59,69
3380,5224,934,2543,640,4290,128,59,69
3385,5228,934,2544,640,4294,128,59,69
3390,5238,935,2549,641,4303,129,59,70
3395,5244,935,2550,641,4309,129,59,70
3400,5255,935,2558,641,4320,129,59,70
3405,5259,935,2559,641,4324,129,59,70
3410,5269,936,2566,642,4333,130,60,70
3415,5275,936,2569,642,4339,130,60,70
3420,5286,936,2573,642,4350,130,60,70
3425,5290,936,2576,642,4354,130,60,70
3430,5300,938,2582,644,4361,131,60,71
3435,5306,939,2584,645,4367,131,60,71
3440,5317,940,2589,645,4376,131,60,71
3445,5321,942,2591,647,4379,131,60,71
3450,5331,944,2598,649,4386,132,60,72
3455,5337,945,2602,650,4391,132,60,72
3460,5348,947,2606,651,4400,132,60,72
3465,5352,948,2608,652,4404,132,60,72
3470,5362,950,2612,652,4411,133,61,72
3475,5368,952,2613,653,4415,133,61,72
3480,5379,955,2616,656,4424,134,62,72
3485,5383,955,2619,656,4428,134,62,72
3490,5393,957,2622,656,4435,134,62,72
3495,5399,959,2625,658,4440,134,62,72
3500,5410,959,2629,658,4451,134,62,72
3505,5414,959,2629,658,4455,134,62,72
3510,5424,961,2637,660,4462,134,62,72
3515,5430,963,2640,661,4467,134,62,72
3520,5441,963,2644,661,4478,134,62,72
3525,5445,963,2647,661,4482,134,62,72
3530,5455,965,2651,661,4489,134,62,72
3535,5461,967,2654,662,4494,134,62,72
3540,5472,967,2657,662,4505,134,62,72
3545,5476,967,2658,662,4509,134,62,72
3550,5486,969,2664,664,4516,134,62,72
3555,5492,970,2667,665,4522,134,62,72
3560,5503,972,2672,666,4530,135,62,73
3565,5507,974,2673,668,4533,135,62,73
3570,5517,976,2676,669,4541,135,62,73
3575,5523,976,2679,669,4547,135,62,73
3580,5534,978,2683,671,4554,136,62,74
3585,5538,982,2686,675,4556,136,62,74
3590,5548,985,2691,677,4562,137,63,74
3595,5554,987,2692,679,4567,137,63,74
3600,5565,991,2697,683,4573,138,63,75
3605,5569,993,2700,685,4576,138,63,75
3610,5579,994,2707,685,4585,139,64,75
3615,5585,994,2709,685,4591,139,64,75
3620,5596,994,2711,685,4602,139,64,75
3625,5600,994,2714,685,4606,139,64,75
3630,5610,995,2717,685,4615,140,65,75
3635,5616,995,2721,685,4621,140,65,75
3640,5627,996,2729,686,4631,140,65,75
3645,5631,996,2731,686,4635,140,65,75
3650,5641,998,2734,687,4643,140,65,75
3655,5647,999,2735,687,4648,140,65,75
3660,5658,999,2741,687,4659,140,65,75
3665,5662,999,2743,687,4663,140,65,75
3670,5672,1001,2748,688,4671,140,65,75
3675,5678,1002,2751,688,4675,140,65,75
3680,5689,1005,2756,690,4683,141,66,75
3685,5693,1006,2756,691,4687,141,66,75
3690,5703,1008,2760,693,4695,141,66,75
3695,5709,1009,2762,693,4699,141,66,75
3700,5720,1013,2768,696,4707,142,67,75
3705,5724,1013,2768,696,4711,142,67,75
3710,5734,1016,2774,699,4717,142,67,75
3715,5740,1018,2776,700,4721,142,67,75
3720,5751,1022,2781,704,4727,143,67,76
3725,5755,1023,2782,705,4732,143,67,76
3730,5765,1023,2787,705,4741,144,67,77
3735,5771,1025,2791,706,4746,144,67,77
3740,5782,1025,2796,706,4757,145,67,78
3745,5786,1025,2799,706,4761,145,67,78
3750,5796,1025,2803,706,4770,146,67,79
3755,5802,1027,2807,707,4775,146,67,79
3760,5813,1027,2812,707,4786,147,68,79
3765,5817,1027,2814,707,4790,147,68,79
3770,5827,1028,2821,708,4798,147,68,79
3775,5833,1030,2823,709,4803,147,68,79
3780,5844,1031,2829,710,4813,148,68,80
3785,5848,1032,2831,711,4816,148,68,80
3790,5858,1033,2836,711,4825,149,69,80
3795,5864,1034,2839,712,4829,149,69,80
3800,5875,1038,2850,716,4836,150,70,80
3805,5879,1039,2852,717,4840,150,70,80
3810,5889,1040,2857,718,4849,151,71,80
3815,5895,1041,2859,719,4853,151,71,80
3820,5906,1043,2864,721,4863,152,71,81
3825,5910,1044,2868,722,4866,152,71,81
3830,5920,1046,2870,722,4874,153,71,82
3835,5926,1047,2873,722,4878,153,71,82
3840,5937,1049,2879,724,4885,154,72,82
3845,5941,1049,2880,724,4892,154,72,82
3850,5951,1050,2885,725,4901,154,72,82
3855,5957,1051,2888,726,4906,154,72,82
3860,5968,1051,2897,726,4917,154,72,82
3865,5972,1051,2898,726,4921,154,72,82
3870,5982,1052,2903,727,4929,154,72,82
3875,5988,1054,2908,729,4934,154,72,82
3880,5999,1054,2916,729,4945,154,72,82
3885,6003,1054,2917,729,4949,154,72,82
3890,6013,1055,2921,729,4957,154,72,82
3895,6019,1057,2924,731,4962,154,72,82
3900,6030,1057,2928,731,4973,154,72,82
3905,6034,1057,2930,731,4977,154,72,82
3910,6044,1058,2934,732,4986,154,72,82
3915,6050,1059,2936,732,4991,154,72,82
3920,6061,1060,2944,733,5001,154,72,82
3925,6065,1060,2944,733,5005,154,72,82
3930,6075,1061,2950,733,5014,154,72,82
3935,6081,1062,2953,734,5019,154,72,82
3940,6092,1062,2955,734,5030,154,72,82
3945,6096,1063,2957,735,5033,154,72,82
3950,6106,1066,2960,736,5040,155,72,83
3955,6112,1067,2964,737,5043,155,72,83
3960,6123,1070,2968,739,5053,155,72,83
3965,6127,1070,2970,739,5057,155,72,83
3970,6137,1072,2978,740,5064,156,73,83
3975,6143,1073,2983,741,5070,156,73,83
3980,6154,1074,2988,742,5080,157,73,84
3985,6158,1074,2990,742,5084,157,73,84
3990,6168,1076,2996,743,5092,158,74,84
3995,6174,1076,2999,743,5098,158,74,84
4000,6185,1077,3004,743,5108,158,74,84
4005,6189,1077,3004,743,5112,158,74,84
4010,6199,1079,3013,745,5120,159,75,84
4015,6205,1079,3015,745,5126,159,75,84
4020,6216,1080,3021,745,5135,159,75,84
4025,6220,1082,3024,747,5138,159,75,84
4030,6230,1084,3029,749,5146,160,76,84
4035,6236,1085,3029,749,5151,160,76,84
4040,6247,1086,3037,749,5160,160,76,84
4045,6251,1087,3038,750,5164,160,76,84
4050,6261,1089,3040,750,5172,161,77,84
4055,6267,1090,3046,751,5177,161,77,84
4060,6278,1091,3051,751,5187,161,77,84
4065,6282,1092,3053,752,5190,161,77,84
4070,6292,1095,3055,754,5197,162,77,85
4075,6298,1096,3058,755,5201,162,77,85
4080,6309,1097,3066,756,5211,163,78,85
4085,6313,1099,3069,758,5214,163,78,85
4090,6323,1102,3075,759,5221,163,78,85
4095,6329,1103,3080,760,5226,163,78,85
4100,6340,1103,3083,760,5237,163,78,85
4105,6344,1104,3085,761,5240,163,78,85
4110,6354,1107,3091,763,5247,163,78,85
4115,6360,1108,3097,764,5252,163,78,85
4120,6371,1108,3102,764,5263,163,78,85
4125,6375,1108,3104,764,5267,163,78,85
4130,6385,1110,3108,766,5275,163,78,85
4135,6391,1111,3111,766,5280,163,78,85
4140,6402,1112,3117,767,5289,163,78,85
4145,6406,1113,3119,768,5293,163,78,85
4150,6416,1115,3123,769,5301,163,78,85
4155,6422,1115,3126,769,5307,163,78,85
4160,6433,1116,3130,770,5317,163,78,85
4165,6437,1116,3132,770,5321,163,78,85
4170,6447,1118,3137,771,5329,163,78,85
4175,6453,1118,3138,771,5335,163,78,85
4180,6464,1118,3141,771,5346,163,78,85
4185,6468,1119,3143,772,5349,163,78,85
4190,6478,1121,3149,774,5357,163,78,85
4195,6484,1121,3151,774,5363,163,78,85
4200,6495,1124,3155,776,5370,164,78,86
4205,6499,1126,3159,778,5373,164,78,86
4210,6509,1127,3166,779,5381,164,78,86
4215,6515,1129,3169,781,5386,164,78,86
4220,6526,1131,3175,782,5395,164,78,86
4225,6530,1131,3176,782,5399,164,78,86
4230,6540,1131,3179,782,5409,164,78,86
4235,6546,1132,3181,783,5414,164,78,86
4240,6557,1134,3187,785,5422,164,78,86
4245,6561,1135,3189,786,5426,164,78,86
4250,6571,1135,3191,786,5436,165,78,87
4255,6577,1136,3196,787,5441,165,78,87
4260,6588,1137,3202,787,5451,165,78,87
4265,6592,1137,3203,787,5455,165,78,87
4270,6602,1138,3208,787,5464,165,78,87
4275,6608,1138,3209,787,5470,165,78,87
4280,6619,1140,3216,789,5479,165,78,87
4285,6623,1140,3219,789,5483,165,78,87
4290,6633,1141,3220,789,5492,165,78,87
4295,6639,1141,3224,789,5498,165,78,87
4300,6650,1142,3228,790,5508,165,78,87
4305,6654,1142,3230,790,5512,165,78,87
4310,6664,1144,3234,791,5520,165,78,87
4315,6670,1144,3236,791,5526,165,78,87
4320,6681,1145,3239,791,5536,165,78,87
4325,6685,1147,3241,793,5538,165,78,87
4330,6695,1151,3249,797,5544,165,78,87
4335,6701,1152,3252,798,5549,165,78,87
4340,6712,1154,3256,800,5558,166,78,88
4345,6716,1155,3258,801,5561,166,78,88
4350,6726,1157,3261,803,5568,166,78,88
4355,6732,1159,3264,804,5573,166,78,88
4360,6743,1159,3270,804,5583,167,79,88
4365,6747,1160,3271,805,5587,167,79,88
4370,6757,1164,3279,809,5592,167,79,88
4375,6763,1167,3281,811,5596,167,79,88
4380,6774,1167,3285,811,5607,168,79,89
4385,6778,1167,3287,811,5611,168,79,89
4390,6788,1168,3295,812,5620,169,79,90
4395,6794,1168,3299,812,5626,169,79,90
4400,6805,1168,3305,812,5637,169,79,90
4405,6809,1168,3306,812,5641,169,79,90
4410,6819,1169,3312,812,5650,169,79,90
4415,6825,1169,3314,812,5656,169,79,90
4420,6836,1169,3322,812,5667,169,79,90
4425,6840,1169,3324,812,5671,169,79,90
4430,6850,1171,3328,813,5679,169,79,90
4435,6856,1171,3331,813,5685,169,79,90
4440,6867,1174,3338,816,5692,169,79,90
4445,6871,1176,3340,818,5695,169,79,90
4450,6881,1177,3343,818,5704,170,79,91
4455,6887,1177,3345,818,5710,170,79,91
4460,6898,1178,3350,819,5720,170,79,91
4465,6902,1178,3352,819,5724,170,79,91
4470,6912,1179,3356,820,5733,171,80,91
4475,6918,1179,3357,820,5739,171,80,91
4480,6929,1180,3363,821,5749,171,80,91
4485,6933,1181,3367,822,5752,171,80,91
4490,6943,1182,3372,823,5760,172,80,92
4495,6949,1184,3373,824,5764,172,80,92
4500,6960,1188,3378,827,5771,173,81,92
4505,6964,1190,3380,829,5774,173,81,92
4510,6974,1192,3384,830,5782,173,81,92
4515,6980,1193,3388,830,5787,173,81,92
4520,6991,1193,3393,830,5798,173,81,92
4525,6995,1194,3396,831,5801,173,81,92
4530,7005,1196,3401,832,5809,173,81,92
4535,7011,1197,3402,832,5814,173,81,92
4540,7022,1197,3409,832,5825,173,81,92
4545,7026,1197,3411,832,5829,173,81,92
4550,7036,1199,3415,833,5837,173,81,92
4555,7042,1200,3419,834,5842,173,81,92
4560,7053,1200,3422,834,5853,173,81,92
4565,7057,1200,3424,834,5857,173,81,92
4570,7067,1202,3427,835,5865,173,81,92
4575,7073,1203,3429,835,5870,173,81,92
4580,7084,1204,3432,836,5880,174,82,92
4585,7088,1204,3434,836,5884,174,82,92
4590,7098,1206,3439,836,5892,174,82,92
4595,7104,1207,3444,837,5897,174,82,92
4600,7115,1209,3449,838,5905,175,83,92
4605,7119,1210,3451,839,5909,175,83,92
4610,7129,1214,3456,842,5914,175,83,92
4615,7135,1216,3459,843,5917,175,83,92
4620,7146,1219,3464,846,5924,176,83,93
4625,7150,1222,3466,849,5928,176,83,93
4630,7160,1224,3472,851,5936,176,83,93
4635,7166,1224,3477,851,5942,176,83,93
4640,7177,1225,3480,851,5952,176,83,93
4645,7181,1225,3482,851,5956,176,83,93
4650,7191,1227,3488,853,5964,176,83,93
4655,7197,1227,3494,853,5970,176,83,93
4660,7208,1229,3499,855,5979,176,83,93
4665,7212,1229,3500,855,5983,176,83,93
4670,7222,1231,3503,855,5991,176,83,93
4675,7228,1231,3506,855,5996,176,83,93
4680,7239,1234,3511,858,6004,176,83,93
4685,7243,1236,3514,860,6007,176,83,93
4690,7253,1238,3519,861,6015,176,83,93
4695,7259,1240,3522,863,6019,176,83,93
4700,7270,1241,3527,863,6029,176,83,93
4705,7274,1242,3529,864,6032,176,83,93
4710,7284,1243,3536,865,6040,176,83,93
4715,7290,1246,3541,868,6044,176,83,93
4720,7301,1248,3546,870,6053,176,83,93
4725,7305,1248,3546,870,6057,176,83,93
4730,7315,1248,3552,870,6067,176,83,93
4735,7321,1250,3557,872,6070,176,83,93
4740,7332,1251,3561,873,6079,177,84,93
4745,7336,1253,3564,875,6083,177,84,93
4750,7346,1253,3570,875,6093,177,84,93
4755,7352,1253,3576,875,6099,177,84,93
4760,7363,1253,3584,875,6110,178,84,94
4765,7367,1253,3587,875,6114,178,84,94
4770,7377,1253,3593,875,6124,178,84,94
4775,7383,1253,3599,875,6130,178,84,94
4780,7394,1253,3605,875,6141,178,84,94
4785,7398,1253,3607,875,6145,178,84,94
4790,7408,1253,3612,875,6155,178,84,94
4795,7414,1253,3613,875,6161,178,84,94
4800,7425,1253,3621,875,6172,178,84,94
4805,7429,1253,3623,875,6176,178,84,94
4810,7439,1253,3631,875,6186,178,84,94
4815,7445,1253,3634,875,6192,178,84,94
4820,7456,1253,3640,875,6203,178,84,94
4825,7460,1253,3643,875,6207,178,84,94
4830,7470,1253,3648,875,6217,179,85,94
4835,7476,1253,3653,875,6223,179,85,94
4840,7487,1253,3660,875,6234,179,85,94
4845,7491,1253,3662,875,6238,179,85,94
4850,7501,1255,3665,876,6246,180,86,94
4855,7507,1257,3667,877,6249,180,86,94
4860,7518,1259,3672,878,6256,180,86,94
4865,7522,1261,3675,880,6261,180,86,94
4870,7532,1263,3677,880,6269,180,86,94
4875,7538,1263,3679,880,6274,180,86,94
4880,7549,1265,3681,881,6284,181,86,95
4885,7553,1265,3681,881,6288,181,86,95
4890,7563,1267,3684,882,6296,181,86,95
4895,7569,1267,3688,882,6302,181,86,95
4900,7580,1268,3692,883,6312,182,86,96
4905,7584,1269,3694,884,6315,182,86,96
4910,7594,1271,3697,885,6323,182,86,96
4915,7600,1271,3702,885,6328,182,86,96
4920,7611,1274,3708,888,6337,183,87,96
4925,7615,1274,3710,888,6341,183,87,96
4930,7625,1275,3715,888,6350,183,87,96
4935,7631,1276,3716,888,6355,183,87,96
4940,7642,1279,3723,890,6363,184,88,96
4945,7646,1279,3725,890,6367,184,88,96
4950,7656,1281,3728,892,6375,184,88,96
4955,7662,1283,3731,893,6379,184,88,96
4960,7673,1284,3736,894,6389,185,89,96
4965,7677,1284,3740,894,6391,185,89,96
4970,7687,1288,3746,898,6398,186,90,96
4975,7693,1291,3750,901,6401,186,90,96
4980,7704,1297,3760,907,6403,187,91,96
4985,7708,1300,3763,910,6408,187,91,96
4990,7718,1301,3770,911,6417,188,92,96
4995,7724,1301,3772,911,6423,188,92,96
5000,7735,1302,3778,911,6433,188,92,96
5005,7739,1302,3779,911,6437,188,92,96
5010,7749,1303,3784,911,6446,189,93,96
5015,7755,1303,3786,911,6452,189,93,96
5020,7766,1305,3793,913,6461,189,93,96
5025,7770,1305,3793,913,6465,189,93,96
5030,7780,1307,3798,915,6473,190,94,96
5035,7786,1307,3798,915,6479,190,94,96
5040,7797,1308,3802,915,6489,190,94,96
5045,7801,1308,3803,915,6493,190,94,96
5050,7811,1309,3807,915,6502,190,94,96
5055,7817,1310,3810,916,6507,190,94,96
5060,7828,1311,3818,917,6517,190,94,96
5065,7832,1311,3821,917,6521,190,94,96
5070,7842,1312,3824,917,6530,190,94,96
5075,7848,1313,3829,918,6535,190,94,96
5080,7859,1314,3837,919,6545,190,94,96
5085,7863,1314,3840,919,6549,190,94,96
5090,7873,1315,3842,919,6557,191,94,97
5095,7879,1317,3844,920,6561,191,94,97
5100,7890,1318,3849,921,6570,192,95,97
5105,7894,1319,3852,922,6575,192,95,97
5110,7904,1320,3857,923,6584,193,95,98
5115,7910,1320,3862,923,6589,193,95,98
5120,7921,1322,3866,925,6599,193,95,98
5125,7925,1322,3868,925,6603,193,95,98
5130,7935,1323,3872,926,6612,194,95,99
5135,7941,1323,3877,926,6617,194,95,99
5140,7952,1326,3881,928,6626,194,95,99
5145,7956,1326,3883,928,6630,194,95,99
5150,7966,1327,3886,928,6639,194,95,99
5155,7972,1327,3889,928,6644,194,95,99
5160,7983,1330,3895,930,6653,194,95,99
5165,7987,1330,3895,930,6657,194,95,99
5170,7997,1333,3900,932,6664,194,95,99
5175,8003,1334,3902,933,6669,194,95,99
5180,8014,1335,3904,933,6679,194,95,99
5185,8018,1335,3906,933,6683,194,95,99
5190,8028,1337,3911,935,6691,194,95,99
5195,8034,1338,3913,935,6696,194,95,99
5200,8045,1339,3917,936,6706,194,95,99
5205,8049,1341,3919,938,6708,194,95,99
5210,8059,1344,3922,940,6714,194,95,99
5215,8065,1347,3924,943,6718,194,95,99
5220,8076,1348,3931,944,6725,195,96,99
5225,8080,1350,3932,946,6730,195,96,99
5230,8090,1351,3935,946,6739,195,96,99
5235,8096,1351,3937,946,6745,195,96,99
5240,8107,1351,3945,946,6756,196,97,99
5245,8111,1351,3947,946,6760,196,97,99
5250,8121,1352,3953,946,6769,196,97,99
5255,8127,1352,3957,946,6775,196,97,99
5260,8138,1352,3963,946,6786,197,98,99
5265,8142,1352,3964,946,6790,197,98,99
5270,8152,1353,3970,947,6799,197,98,99
5275,8158,1353,3975,947,6805,197,98,99
5280,8169,1353,3981,947,6816,198,99,99
5285,8173,1353,3983,947,6820,198,99,99
5290,8183,1354,3988,948,6829,198,99,99
5295,8189,1354,3989,948,6835,198,99,99
5300,8200,1354,3994,948,6846,198,99,99
5305,8204,1354,3997,948,6850,198,99,99
5310,8214,1355,4003,948,6859,198,99,99
5315,8220,1355,4005,948,6865,198,99,99
5320,8231,1355,4009,948,6876,198,99,99
5325,8235,1355,4011,948,6880,198,99,99
5330,8245,1356,4014,948,6889,199,99,100
5335,8251,1356,4015,948,6895,199,99,100
5340,8262,1357,4022,949,6904,199,99,100
5345,8266,1357,4023,949,6909,199,99,100
5350,8276,1358,4028,950,6918,199,99,100
5355,8282,1358,4031,950,6924,199,99,100
5360,8293,1360,4035,951,6932,199,99,100
5365,8297,1361,4037,952,6936,199,99,100
5370,8307,1363,4044,954,6944,199,99,100
5375,8313,1363,4048,954,6950,199,99,100
5380,8324,1366,4052,957,6958,199,99,100
5385,8328,1366,4053,957,6962,199,99,100
5390,8338,1369,4056,958,6969,199,99,100
5395,8344,1371,4060,960,6973,199,99,100
5400,8355,1373,4065,962,6981,199,99,100
5405,8359,1374,4067,963,6985,199,99,100
5410,8369,1376,4070,965,6993,199,99,100
5415,8375,1377,4073,966,6998,199,99,100
5420,8386,1379,4079,968,7007,199,99,100
5425,8390,1379,4082,968,7011,199,99,100
5430,8400,1381,4087,968,7018,199,99,100
5435,8406,1383,4089,969,7022,199,99,100
5440,8417,1386,4094,972,7031,199,99,100
5445,8421,1386,4098,972,7035,199,99,100
5450,8431,1388,4104,973,7042,199,99,100
5455,8437,1390,4107,975,7047,199,99,100
5460,8448,1392,4112,976,7056,199,99,100
5465,8452,1392,4114,976,7060,199,99,100
5470,8462,1393,4119,977,7069,199,99,100
5475,8468,1394,4119,977,7074,199,99,100
5480,8479,1395,4124,977,7084,199,99,100
5485,8483,1395,4127,977,7088,199,99,100
5490,8493,1396,4134,977,7096,199,99,100
5495,8499,1398,4138,978,7100,199,99,100
5500,8510,1400,4143,979,7110,199,99,100
5505,8514,1400,4146,979,7114,199,99,100
5510,8524,1401,4150,979,7122,199,99,100
5515,8530,1404,4153,981,7125,199,99,100
5520,8541,1407,4159,983,7131,199,99,100
5525,8545,1409,4160,985,7136,199,99,100
5530,8555,1410,4165,986,7145,199,99,100
5535,8561,1411,4169,987,7150,199,99,100
5540,8572,1413,4175,989,7159,199,99,100
5545,8576,1413,4177,989,7163,199,99,100
5550,8586,1414,4182,990,7172,199,99,100
5555,8592,1415,4186,991,7177,199,99,100
5560,8603,1417,4194,993,7186,199,99,100
5565,8607,1417,4196,993,7190,199,99,100
5570,8617,1418,4201,993,7199,199,99,100
5575,8623,1419,4203,993,7204,199,99,100
5580,8634,1421,4212,995,7212,200,99,101
5585,8638,1422,4214,996,7216,200,99,101
5590,8648,1423,4218,996,7225,200,99,101
5595,8654,1423,4220,996,7231,200,99,101
5600,8665,1423,4226,996,7242,200,99,101
5605,8669,1423,4228,996,7246,200,99,101
5610,8679,1424,4235,996,7255,200,99,101
5615,8685,1424,4236,996,7261,200,99,101
5620,8696,1424,4242,996,7272,200,99,101
5625,8700,1424,4245,996,7276,200,99,101
5630,8710,1426,4249,997,7284,200,99,101
5635,8716,1426,4250,997,7290,200,99,101
5640,8727,1426,4252,997,7301,200,99,101
5645,8731,1426,4253,997,7305,200,99,101
5650,8741,1428,4258,997,7313,200,99,101
5655,8747,1428,4259,997,7319,200,99,101
5660,8758,1429,4266,998,7329,200,99,101
5665,8762,1429,4267,998,7333,200,99,101
5670,8772,1431,4272,999,7341,200,99,101
5675,8778,1431,4277,999,7347,200,99,101
5680,8789,1431,4282,999,7358,200,99,101
5685,8793,1431,4284,999,7362,200,99,101
5690,8803,1433,4288,1000,7370,200,99,101
5695,8809,1434,4291,1000,7375,200,99,101
5700,8820,1437,4298,1003,7382,200,99,101
5705,8824,1438,4300,1004,7386,200,99,101
5710,8834,1441,4305,1006,7393,200,99,101
5715,8840,1442,4305,1006,7398,200,99,101
5720,8851,1444,4311,1007,7405,200,99,101
5725,8855,1446,4312,1009,7409,200,99,101
5730,8865,1448,4314,1010,7417,201,99,102
5735,8871,1449,4316,1010,7422,201,99,102
5740,8882,1451,4322,1011,7431,201,99,102
5745,8886,1451,4324,1011,7435,201,99,102
5750,8896,1453,4327,1012,7443,202,99,103
5755,8902,1454,4330,1012,7447,202,99,103
5760,8913,1457,4335,1015,7456,203,100,103
5765,8917,1457,4339,1015,7460,203,100,103
5770,8927,1459,4345,1017,7468,203,100,103
5775,8933,1459,4350,1017,7474,203,100,103
5780,8944,1460,4353,1017,7484,203,100,103
5785,8948,1460,4354,1017,7488,203,100,103
5790,8958,1462,4359,1018,7496,203,100,103
5795,8964,1462,4361,1018,7502,203,100,103
5800,8975,1463,4365,1018,7512,203,100,103
5805,8979,1463,4365,1018,7516,203,100,103
5810,8989,1465,4369,1019,7524,203,100,103
5815,8995,1465,4370,1019,7530,203,100,103
5820,9006,1467,4377,1021,7539,203,100,103
5825,9010,1467,4378,1021,7543,203,100,103
5830,9020,1469,4383,1022,7551,203,100,103
5835,9026,1469,4387,1022,7556,203,100,103
5840,9037,1471,4391,1024,7566,203,100,103
5845,9041,1471,4395,1024,7570,203,100,103
5850,9051,1473,4401,1026,7578,203,100,103
5855,9057,1473,4405,1026,7583,203,100,103
5860,9068,1475,4410,1027,7592,203,100,103
5865,9072,1477,4413,1029,7595,203,100,103
5870,9082,1480,4420,1032,7600,204,101,103
5875,9088,1483,4426,1035,7603,204,101,103
5880,9099,1487,4430,1039,7611,205,101,104
5885,9103,1488,4432,1040,7615,205,101,104
5890,9113,1489,4439,1041,7624,205,101,104
5895,9119,1490,4442,1041,7629,205,101,104
5900,9130,1491,4450,1042,7639,206,101,105
5905,9134,1491,4453,1042,7643,206,101,105
5910,9144,1492,4456,1042,7652,206,101,105
5915,9150,1494,4457,1043,7656,206,101,105
5920,9161,1495,4463,1044,7666,207,101,106
5925,9165,1495,4464,1044,7670,207,101,106
5930,9175,1496,4469,1045,7679,207,101,106
5935,9181,1497,4473,1045,7684,207,101,106
5940,9192,1497,4477,1045,7695,208,101,107
5945,9196,1497,4480,1045,7699,208,101,107
5950,9206,1499,4483,1046,7707,208,101,107
5955,9212,1500,4487,1047,7712,208,101,107
5960,9223,1501,4491,1048,7722,209,101,108
5965,9227,1501,4495,1048,7726,209,101,108
5970,9237,1503,4500,1049,7734,209,101,108
5975,9243,1504,4504,1050,7739,209,101,108
5980,9254,1505,4511,1051,7749,210,101,109
5985,9258,1505,4513,1051,7753,210,101,109
5990,9268,1507,4517,1051,7760,211,101,110
5995,9274,1509,4519,1053,7765,211,101,110
6000,9285,1511,4525,1055,7773,212,101,111
6005,9289,1512,4525,1056,7777,212,101,111
6010,9299,1513,4528,1056,7786,213,101,112
6015,9305,1513,4531,1056,7792,213,101,112
6020,9316,1515,4537,1058,7801,213,101,112
6025,9320,1515,4538,1058,7805,213,101,112
6030,9330,1516,4542,1059,7814,214,101,113
6035,9336,1516,4545,1059,7820,214,101,113
6040,9347,1518,4550,1060,7828,214,101,113
6045,9351,1520,4551,1062,7831,214,101,113
6050,9361,1521,4556,1063,7840,215,102,113
6055,9367,1521,4558,1063,7846,215,102,113
6060,9378,1523,4562,1065,7855,215,102,113
6065,9382,1523,4565,1065,7859,215,102,113
6070,9392,1523,4570,1065,7869,216,102,114
6075,9398,1523,4574,1065,7875,216,102,114
6080,9409,1525,4578,1066,7884,216,102,114
6085,9413,1525,4580,1066,7888,216,102,114
6090,9423,1525,4584,1066,7898,217,102,115
6095,9429,1525,4588,1066,7904,217,102,115
6100,9440,1527,4595,1067,7913,217,102,115
6105,9444,1527,4598,1067,7917,217,102,115
6110,9454,1528,4604,1068,7925,218,103,115
6115,9460,1530,4608,1070,7930,218,103,115
6120,9471,1533,4615,1073,7937,218,103,115
6125,9475,1534,4617,1074,7941,218,103,115
6130,9485,1536,4622,1075,7949,218,103,115
6135,9491,1537,4628,1076,7953,218,103,115
6140,9502,1538,4634,1077,7964,218,103,115
6145,9506,1538,4635,1077,7968,218,103,115
6150,9516,1540,4640,1077,7976,218,103,115
6155,9522,1541,4645,1078,7980,218,103,115
6160,9533,1542,4652,1079,7991,218,103,115
6165,9537,1542,4653,1079,7995,218,103,115
6170,9547,1544,4657,1080,8003,218,103,115
6175,9553,1545,4659,1080,8008,218,103,115
6180,9564,1546,4666,1081,8018,218,103,115
6185,9568,1546,4667,1081,8022,218,103,115
6190,9578,1547,4672,1082,8031,218,103,115
6195,9584,1548,4675,1082,8036,218,103,115
6200,9595,1548,4684,1082,8047,218,103,115
6205,9599,1548,4686,1082,8051,218,103,115
6210,9609,1549,4693,1083,8060,218,103,115
6215,9615,1550,4697,1084,8065,218,103,115
6220,9626,1550,4702,1084,8076,218,103,115
6225,9630,1550,4704,1084,8080,218,103,115
6230,9640,1553,4710,1086,8087,219,104,115
6235,9646,1554,4713,1086,8092,219,104,115
6240,9657,1555,4721,1087,8100,219,104,115
6245,9661,1557,4723,1089,8104,219,104,115
6250,9671,1558,4730,1090,8113,219,104,115
6255,9677,1558,4731,1090,8119,219,104,115
6260,9688,1560,4736,1092,8128,219,104,115
6265,9692,1560,4738,1092,8132,219,104,115
6270,9702,1561,4743,1093,8141,219,104,115
6275,9708,1561,4744,1093,8147,219,104,115
6280,9719,1563,4751,1095,8156,219,104,115
6285,9723,1563,4753,1095,8160,219,104,115
6290,9733,1565,4758,1097,8168,219,104,115
6295,9739,1565,4761,1097,8174,219,104,115
6300,9750,1568,4769,1100,8181,220,105,115
6305,9754,1570,4771,1102,8184,220,105,115
6310,9764,1572,4776,1103,8191,221,106,115
6315,9770,1574,4779,1104,8196,221,106,115
6320,9781,1576,4783,1105,8204,222,106,116
6325,9785,1577,4784,1106,8208,222,106,116
6330,9795,1578,4790,1107,8217,223,107,116
6335,9801,1579,4793,1107,8222,223,107,116
6340,9812,1580,4795,1107,8232,224,107,117
6345,9816,1581,4796,1108,8235,224,107,117
6350,9826,1582,4799,1108,8244,225,107,118
6355,9832,1583,4803,1108,8249,225,107,118
6360,9843,1585,4809,1110,8257,226,107,119
6365,9847,1586,4810,1111,8261,226,107,119
6370,9857,1587,4815,1111,8270,227,107,120
6375,9863,1587,4818,1111,8276,227,107,120
6380,9874,1590,4825,1114,8284,228,107,121
6385,9878,1590,4827,1114,8288,228,107,121
6390,9888,1591,4834,1115,8297,229,108,121
6395,9894,1591,4837,1115,8303,229,108,121
6400,9905,1592,4843,1115,8313,230,109,121
6405,9909,1592,4845,1115,8317,230,109,121
6410,9919,1593,4851,1115,8326,231,110,121
6415,9925,1593,4853,1115,8331,231,110,121
6420,9936,1597,4859,1119,8339,232,110,122
6425,9940,1598,4861,1120,8342,232,110,122
6430,9950,1599,4865,1120,8351,232,110,122
6435,9956,1600,4867,1120,8356,232,110,122
6440,9967,1602,4871,1121,8364,232,110,122
6445,9971,1604,4872,1123,8367,232,110,122
6450,9981,1605,4875,1124,8376,232,110,122
6455,9987,1606,4877,1125,8381,232,110,122
6460,9998,1608,4879,1127,8390,232,110,122
6465,10002,1608,4880,1127,8394,232,110,122
6470,10012,1609,4885,1128,8403,232,110,122
6475,10018,1610,4889,1128,8408,232,110,122
6480,10029,1612,4896,1129,8416,232,110,122
6485,10033,1614,4898,1131,8419,232,110,122
6490,10043,1615,4901,1132,8428,232,110,122
6495,10049,1615,4903,1132,8434,232,110,122
6500,10060,1616,4909,1133,8444,232,110,122
6505,10064,1616,4912,1133,8448,232,110,122
6510,10074,1616,4916,1133,8458,232,110,122
6515,10080,1616,4919,1133,8464,232,110,122
6520,10091,1618,4926,1135,8473,232,110,122
6525,10095,1618,4926,1135,8477,232,110,122
6530,10105,1619,4929,1136,8486,232,110,122
6535,10111,1619,4931,1136,8492,232,110,122
6540,10122,1622,4940,1139,8500,233,111,122
6545,10126,1622,4943,1139,8504,233,111,122
6550,10136,1624,4950,1140,8512,233,111,122
6555,10142,1624,4952,1140,8518,233,111,122
6560,10153,1625,4957,1141,8528,234,112,122
6565,10157,1625,4960,1141,8532,234,112,122
6570,10167,1627,4964,1142,8540,234,112,122
6575,10173,1627,4968,1142,8546,234,112,122
6580,10184,1627,4971,1142,8557,235,112,123
6585,10188,1627,4973,1142,8561,235,112,123
6590,10198,1629,4978,1143,8569,235,112,123
6595,10204,1629,4980,1143,8575,235,112,123
6600,10215,1629,4985,1143,8586,236,113,123
6605,10219,1629,4987,1143,8590,236,113,123
6610,10229,1631,4991,1144,8598,236,113,123
6615,10235,1631,4993,1144,8604,236,113,123
6620,10246,1631,5001,1144,8615,237,114,123
6625,10250,1631,5004,1144,8619,237,114,123
6630,10260,1633,5007,1144,8627,237,114,123
6635,10266,1633,5007,1144,8633,237,114,123
6640,10277,1634,5013,1145,8643,238,115,123
6645,10281,1634,5014,1145,8647,238,115,123
6650,10291,1637,5019,1147,8654,239,116,123
6655,10297,1638,5021,1147,8659,239,116,123
6660,10308,1642,5026,1150,8665,240,116,124
6665,10312,1643,5028,1151,8669,240,116,124
6670,10322,1644,5037,1152,8678,240,116,124
6675,10328,1644,5040,1152,8684,240,116,124
6680,10339,1644,5045,1152,8695,240,116,124
6685,10343,1644,5048,1152,8699,240,116,124
6690,10353,1645,5053,1152,8708,240,116,124
6695,10359,1645,5055,1152,8714,240,116,124
6700,10370,1645,5060,1152,8725,240,116,124
6705,10374,1645,5063,1152,8729,240,116,124
6710,10384,1646,5072,1153,8738,240,116,124
6715,10390,1646,5077,1153,8743,240,116,124
6720,10401,1647,5085,1154,8754,240,116,124
6725,10405,1647,5086,1154,8758,240,116,124
6730,10415,1648,5091,1154,8767,240,116,124
6735,10421,1648,5095,1154,8773,240,116,124
6740,10432,1648,5102,1154,8784,240,116,124
6745,10436,1648,5104,1154,8788,240,116,124
6750,10446,1649,5106,1154,8797,240,116,124
6755,10452,1649,5107,1154,8803,240,116,124
6760,10463,1649,5113,1154,8814,240,116,124
6765,10467,1649,5114,1154,8818,240,116,124
6770,10477,1652,5119,1157,8825,240,116,124
6775,10483,1653,5121,1158,8830,240,116,124
6780,10494,1656,5126,1160,8837,241,117,124
6785,10498,1657,5127,1161,8841,241,117,124
6790,10508,1657,5133,1161,8851,241,117,124
6795,10514,1658,5136,1162,8856,241,117,124
6800,10525,1659,5140,1163,8866,241,117,124
6805,10529,1659,5143,1163,8870,241,117,124
6810,10539,1659,5149,1163,8880,241,117,124
6815,10545,1660,5154,1164,8885,241,117,124
6820,10556,1661,5161,1165,8895,241,117,124
6825,10560,1661,5164,1165,8899,241,117,124
6830,10570,1661,5168,1165,8909,241,117,124
6835,10576,1662,5171,1165,8914,241,117,124
6840,10587,1663,5176,1166,8924,241,117,124
6845,10591,1663,5176,1166,8928,241,117,124
6850,10601,1663,5178,1166,8938,241,117,124
6855,10607,1664,5182,1167,8943,241,117,124
6860,10618,1665,5188,1167,8953,241,117,124
6865,10622,1665,5191,1167,8957,241,117,124
6870,10632,1665,5199,1167,8967,241,117,124
6875,10638,1666,5202,1168,8972,241,117,124
6880,10649,1667,5204,1168,8982,241,117,124
6885,10653,1667,5205,1168,8986,241,117,124
6890,10663,1672,5209,1171,8990,242,117,125
6895,10669,1675,5213,1174,8993,242,117,125
6900,10680,1679,5218,1177,9000,243,118,125
6905,10684,1680,5219,1178,9004,243,118,125
6910,10694,1681,5224,1178,9013,243,118,125
6915,10700,1681,5227,1178,9019,243,118,125
6920,10711,1682,5234,1179,9029,243,118,125
6925,10715,1682,5235,1179,9033,243,118,125
6930,10725,1683,5240,1180,9042,243,118,125
6935,10731,1683,5245,1180,9048,243,118,125
6940,10742,1683,5250,1180,9059,243,118,125
6945,10746,1683,5252,1180,9063,243,118,125
6950,10756,1684,5255,1181,9072,243,118,125
6955,10762,1684,5259,1181,9078,243,118,125
6960,10773,1684,5264,1181,9089,243,118,125
6965,10777,1685,5265,1182,9092,243,118,125
6970,10787,1687,5272,1184,9100,243,118,125
6975,10793,1687,5275,1184,9106,243,118,125
6980,10804,1688,5282,1185,9116,243,118,125
6985,10808,1688,5285,1185,9120,243,118,125
6990,10818,1690,5291,1186,9128,243,118,125
6995,10824,1690,5294,1186,9133,243,118,125
7000,10835,1691,5300,1187,9144,243,118,125
7005,10839,1692,5302,1188,9147,243,118,125
7010,10849,1694,5303,1189,9155,243,118,125
7015,10855,1696,5304,1190,9159,243,118,125
7020,10866,1699,5311,1192,9165,244,119,125
7025,10870,1701,5313,1194,9169,244,119,125
7030,10880,1702,5317,1195,9178,244,119,125
7035,10886,1703,5321,1196,9183,244,119,125
7040,10897,1704,5328,1197,9193,244,119,125
7045,10901,1704,5332,1197,9197,244,119,125
7050,10911,1704,5336,1197,9207,244,119,125
7055,10917,1705,5339,1197,9212,244,119,125
7060,10928,1706,5346,1198,9222,244,119,125
7065,10932,1706,5348,1198,9226,244,119,125
7070,10942,1706,5354,1198,9235,244,119,125
7075,10948,1708,5358,1199,9240,244,119,125
7080,10959,1709,5367,1200,9250,244,119,125
7085,10963,1709,5368,1200,9254,244,119,125
7090,10973,1709,5373,1200,9264,244,119,125
7095,10979,1710,5376,1200,9269,244,119,125
7100,10990,1711,5381,1201,9279,244,119,125
7105,10994,1711,5385,1201,9283,244,119,125
7110,11004,1711,5392,1201,9293,244,119,125
7115,11010,1712,5395,1202,9298,244,119,125
7120,11021,1713,5401,1203,9308,244,119,125
7125,11025,1713,5402,1203,9312,244,119,125
7130,11035,1715,5409,1205,9320,245,120,125
7135,11041,1716,5410,1205,9325,245,120,125
7140,11052,1718,5415,1206,9332,246,121,125
7145,11056,1721,5417,1209,9335,246,121,125
7150,11066,1723,5422,1209,9343,246,121,125
7155,11072,1723,5425,1209,9348,246,121,125
7160,11083,1724,5429,1210,9359,246,121,125
7165,11087,1724,5432,1210,9363,246,121,125
7170,11097,1725,5436,1211,9372,246,121,125
7175,11103,1725,5439,1211,9378,246,121,125
7180,11114,1725,5444,1211,9389,246,121,125
7185,11118,1725,5446,1211,9393,246,121,125
7190,11128,1726,5452,1212,9402,246,121,125
7195,11134,1726,5455,1212,9407,246,121,125
7200,11145,1727,5461,1213,9418,246,121,125
7205,11149,1727,5463,1213,9422,246,121,125
7210,11159,1728,5467,1214,9431,246,121,125
7215,11165,1728,5471,1214,9437,246,121,125
7220,11176,1728,5474,1214,9448,246,121,125
7225,11180,1728,5475,1214,9452,246,121,125
7230,11190,1729,5480,1215,9461,246,121,125
7235,11196,1729,5484,1215,9466,246,121,125
7240,11207,1730,5489,1216,9477,246,121,125
7245,11211,1730,5492,1216,9481,246,121,125
7250,11221,1733,5499,1219,9487,247,122,125
7255,11227,1736,5502,1221,9491,247,122,125
7260,11238,1738,5509,1223,9497,247,122,125
7265,11242,1741,5511,1226,9501,247,122,125
7270,11252,1742,5517,1226,9510,248,122,126
7275,11258,1743,5522,1227,9515,248,122,126
7280,11269,1745,5529,1229,9524,248,122,126
7285,11273,1745,5530,1229,9528,248,122,126
7290,11283,1746,5535,1229,9537,249,122,127
7295,11289,1747,5538,1230,9542,249,122,127
7300,11300,1748,5542,1230,9552,249,122,127
7305,11304,1748,5544,1230,9556,249,122,127
7310,11314,1749,5549,1230,9565,250,122,128
7315,11320,1750,5553,1231,9570,250,122,128
7320,11331,1752,5557,1232,9579,250,122,128
7325,11335,1752,5560,1232,9583,250,122,128
7330,11345,1754,5563,1232,9591,251,122,129
7335,11351,1755,5564,1232,9595,251,122,129
7340,11362,1756,5567,1233,9606,251,122,129
7345,11366,1756,5569,1233,9610,251,122,129
7350,11376,1758,5573,1233,9618,252,122,130
7355,11382,1759,5576,1234,9623,252,122,130
7360,11393,1760,5581,1235,9633,252,122,130
7365,11397,1761,5583,1236,9636,252,122,130
7370,11407,1764,5586,1237,9642,253,122,131
7375,11413,1766,5589,1239,9647,253,122,131
7380,11424,1768,5593,1241,9656,254,122,132
7385,11428,1768,5595,1241,9660,254,122,132
7390,11438,1768,5599,1241,9670,254,122,132
7395,11444,1768,5604,1241,9676,254,122,132
7400,11455,1768,5607,1241,9687,255,122,133
7405,11459,1768,5609,1241,9691,255,122,133
7410,11469,1768,5616,1241,9701,255,122,133
7415,11475,1768,5618,1241,9707,255,122,133
7420,11486,1768,5623,1241,9718,255,122,133
7425,11490,1768,5626,1241,9722,255,122,133
7430,11500,1768,5630,1241,9732,255,122,133
7435,11506,1768,5633,1241,9738,255,122,133
7440,11517,1768,5636,1241,9749,255,122,133
7445,11521,1768,5637,1241,9753,255,122,133
7450,11531,1768,5641,1241,9763,255,122,133
7455,11537,1768,5643,1241,9769,255,122,133
7460,11548,1768,5644,1241,9780,255,122,133
7465,11552,1768,5646,1241,9784,255,122,133
7470,11562,1768,5651,1241,9794,255,122,133
7475,11568,1768,5653,1241,9800,255,122,133
7480,11579,1768,5656,1241,9811,255,122,133
7485,11583,1768,5656,1241,9815,255,122,133
7490,11593,1771,5660,1242,9821,255,122,133
7495,11599,1774,5663,1245,9824,255,122,133
7500,11610,1779,5668,1249,9831,255,122,133
7505,11614,1780,5671,1250,9834,255,122,133
7510,11624,1782,5675,1250,9842,255,122,133
7515,11630,1782,5677,1250,9848,255,122,133
7520,11641,1785,5683,1253,9856,256,122,134
7525,11645,1785,5685,1253,9860,256,122,134
7530,11655,1787,5690,1254,9868,256,122,134
7535,11661,1787,5691,1254,9874,256,122,134
7540,11672,1790,5697,1256,9882,257,123,134
7545,11676,1790,5699,1256,9886,257,123,134
7550,11686,1792,5704,1257,9894,257,123,134
7555,11692,1792,5705,1257,9900,257,123,134
7560,11703,1793,5707,1257,9910,258,123,135
7565,11707,1793,5710,1257,9914,258,123,135
7570,11717,1794,5718,1257,9923,258,123,135
7575,11723,1794,5720,1257,9929,258,123,135
7580,11734,1795,5725,1257,9939,258,123,135
7585,11738,1795,5728,1257,9943,258,123,135
7590,11748,1796,5734,1258,9952,258,123,135
7595,11754,1796,5738,1258,9958,258,123,135
7600,11765,1797,5744,1259,9968,258,123,135
7605,11769,1797,5745,1259,9972,258,123,135
7610,11779,1800,5749,1261,9979,259,123,136
7615,11785,1801,5752,1262,9984,259,123,136
7620,11796,1803,5756,1264,9993,259,123,136
7625,11800,1803,5758,1264,9997,259,123,136
7630,11810,1803,5759,1264,10007,259,123,136
7635,11816,1804,5762,1265,10012,259,123,136
7640,11827,1805,5768,1265,10022,259,123,136
7645,11831,1805,5772,1265,10026,259,123,136
7650,11841,1805,5776,1265,10036,259,123,136
7655,11847,1806,5778,1266,10041,259,123,136
7660,11858,1807,5783,1267,10051,259,123,136
7665,11862,1807,5787,1267,10055,259,123,136
7670,11872,1808,5793,1267,10064,259,123,136
7675,11878,1809,5796,1267,10069,259,123,136
7680,11889,1811,5803,1269,10078,259,123,136
7685,11893,1811,5806,1269,10082,259,123,136
7690,11903,1813,5813,1271,10090,259,123,136
7695,11909,1814,5814,1271,10095,259,123,136
7700,11920,1817,5823,1274,10103,260,124,136
7705,11924,1817,5825,1274,10107,260,124,136
7710,11934,1819,5830,1275,10115,260,124,136
7715,11940,1820,5832,1275,10120,260,124,136
7720,11951,1823,5837,1277,10128,261,125,136
7725,11955,1823,5839,1277,10132,261,125,136
7730,11965,1826,5845,1280,10138,262,125,137
7735,11971,1828,5846,1281,10143,262,125,137
7740,11982,1831,5851,1283,10149,263,125,138
7745,11986,1832,5853,1284,10154,263,125,138
7750,11996,1832,5857,1284,10164,263,125,138
7755,12002,1832,5860,1284,10170,263,125,138
7760,12013,1832,5866,1284,10181,264,126,138
7765,12017,1832,5868,1284,10185,264,126,138
7770,12027,1832,5874,1284,10195,264,126,138
7775,12033,1832,5877,1284,10201,264,126,138
7780,12044,1832,5883,1284,10212,264,126,138
7785,12048,1832,5885,1284,10216,264,126,138
7790,12058,1832,5889,1284,10226,264,126,138
7795,12064,1832,5894,1284,10232,264,126,138
7800,12075,1832,5899,1284,10243,264,126,138
7805,12079,1832,5901,1284,10247,264,126,138
7810,12089,1832,5907,1284,10257,264,126,138
7815,12095,1832,5913,1284,10262,264,126,138
7820,12106,1834,5917,1286,10272,264,126,138
7825,12110,1834,5918,1286,10276,264,126,138
7830,12120,1834,5923,1286,10286,264,126,138
7835,12126,1834,5928,1286,10292,264,126,138
7840,12137,1835,5936,1287,10302,264,126,138
7845,12141,1835,5937,1287,10306,264,126,138
7850,12151,1836,5940,1287,10315,264,126,138
7855,12157,1837,5944,1288,10319,264,126,138
7860,12168,1840,5949,1290,10328,264,126,138
7865,12172,1841,5952,1291,10331,264,126,138
7870,12182,1842,5955,1291,10340,264,126,138
7875,12188,1843,5958,1292,10345,264,126,138
7880,12199,1845,5960,1294,10354,264,126,138
7885,12203,1846,5962,1295,10357,264,126,138
7890,12213,1848,5966,1297,10365,264,126,138
7895,12219,1849,5971,1298,10370,264,126,138
7900,12230,1851,5978,1300,10378,264,126,138
7905,12234,1852,5978,1301,10382,264,126,138
7910,12244,1855,5986,1304,10388,264,126,138
7915,12250,1857,5987,1305,10393,264,126,138
7920,12261,1858,5992,1306,10402,264,126,138
7925,12265,1859,5992,1307,10406,264,126,138
7930,12275,1861,5994,1308,10414,264,126,138
7935,12281,1862,5996,1309,10419,264,126,138
7940,12292,1863,6001,1310,10427,264,126,138
7945,12296,1866,6003,1313,10430,264,126,138
7950,12306,1868,6005,1314,10438,265,127,138
7955,12312,1869,6005,1314,10443,265,127,138
7960,12323,1870,6010,1315,10452,265,127,138
7965,12327,1873,6013,1318,10454,265,127,138
7970,12337,1875,6017,1320,10462,266,127,139
7975,12343,1876,6020,1321,10466,266,127,139
7980,12354,1879,6024,1324,10475,266,127,139
7985,12358,1879,6024,1324,10479,266,127,139
7990,12368,1880,6028,1325,10488,267,127,140
7995,12374,1880,6031,1325,10494,267,127,140
8000,12385,1880,6032,1325,10505,268,127,141
8005,12389,1880,6032,1325,10509,268,127,141
8010,12399,1881,6036,1325,10518,269,128,141
8015,12405,1881,6037,1325,10524,269,128,141
8020,12416,1881,6042,1325,10535,270,129,141
8025,12420,1881,6044,1325,10539,270,129,141
8030,12430,1882,6048,1326,10548,271,129,142
8035,12436,1882,6049,1326,10554,271,129,142
8040,12447,1882,6054,1326,10565,272,130,142
8045,12451,1882,6056,1326,10569,272,130,142
8050,12461,1883,6064,1326,10578,273,131,142
8055,12467,1883,6065,1326,10584,273,131,142
8060,12478,1883,6066,1326,10595,274,132,142
8065,12482,1883,6068,1326,10599,274,132,142
8070,12492,1884,6075,1327,10608,275,133,142
8075,12498,1884,6078,1327,10614,275,133,142
8080,12509,1884,6083,1327,10625,276,134,142
8085,12513,1884,6084,1327,10629,276,134,142
8090,12523,1887,6087,1329,10635,277,134,143
8095,12529,1888,6090,1330,10640,277,134,143
8100,12540,1892,6096,1334,10646,278,134,144
8105,12544,1894,6098,1336,10650,278,134,144
8110,12554,1895,6102,1336,10659,278,134,144
8115,12560,1896,6103,1336,10664,278,134,144
8120,12571,1897,6109,1337,10674,278,134,144
8125,12575,1897,6111,1337,10678,278,134,144
8130,12585,1898,6117,1337,10687,278,134,144
8135,12591,1899,6119,1337,10692,278,134,144
8140,12602,1900,6125,1337,10702,278,134,144
8145,12606,1900,6127,1337,10706,278,134,144
8150,12616,1901,6133,1338,10715,278,134,144
8155,12622,1902,6136,1339,10720,278,134,144
8160,12633,1903,6143,1339,10730,278,134,144
8165,12637,1903,6145,1339,10734,278,134,144
8170,12647,1904,6149,1340,10743,278,134,144
8175,12653,1905,6152,1340,10748,278,134,144
8180,12664,1906,6155,1340,10758,278,134,144
8185,12668,1906,6158,1340,10762,278,134,144
8190,12678,1907,6163,1340,10771,278,134,144
8195,12684,1908,6166,1340,10776,278,134,144
8200,12695,1909,6171,1341,10786,278,134,144
8205,12699,1909,6175,1341,10790,278,134,144
8210,12709,1911,6176,1342,10798,278,134,144
8215,12715,1912,6179,1343,10802,278,134,144
8220,12726,1915,6181,1345,10811,279,134,145
8225,12730,1915,6184,1345,10815,279,134,145
8230,12740,1916,6188,1345,10824,279,134,145
8235,12746,1917,6189,1345,10829,279,134,145
8240,12757,1918,6190,1345,10839,279,134,145
8245,12761,1918,6192,1345,10843,279,134,145
8250,12771,1919,6198,1346,10852,279,134,145
8255,12777,1920,6200,1346,10857,279,134,145
8260,12788,1921,6206,1346,10867,279,134,145
8265,12792,1921,6208,1346,10871,279,134,145
8270,12802,1922,6213,1347,10880,279,134,145
8275,12808,1923,6216,1348,10885,279,134,145
8280,12819,1924,6220,1348,10895,279,134,145
8285,12823,1924,6223,1348,10899,279,134,145
8290,12833,1925,6230,1348,10908,279,134,145
8295,12839,1926,6231,1348,10913,279,134,145
8300,12850,1927,6239,1349,10923,279,134,145
8305,12854,1927,6241,1349,10927,279,134,145
8310,12864,1928,6246,1349,10936,279,134,145
8315,12870,1929,6250,1350,10940,279,134,145
8320,12881,1931,6256,1352,10950,279,134,145
8325,12885,1931,6259,1352,10954,279,134,145
8330,12895,1935,6262,1354,10960,279,134,145
8335,12901,1937,6266,1356,10964,279,134,145
8340,12912,1939,6271,1357,10972,280,135,145
8345,12916,1940,6272,1358,10976,280,135,145
8350,12926,1940,6275,1358,10986,280,135,145
8355,12932,1941,6277,1358,10991,280,135,145
8360,12943,1941,6283,1358,11002,280,135,145
8365,12947,1941,6286,1358,11006,280,135,145
8370,12957,1941,6291,1358,11016,280,135,145
8375,12963,1942,6293,1359,11021,280,135,145
8380,12974,1942,6301,1359,11032,280,135,145
8385,12978,1942,6303,1359,11036,280,135,145
8390,12988,1942,6310,1359,11046,280,135,145
8395,12994,1943,6314,1360,11051,280,135,145
8400,13005,1943,6321,1360,11062,280,135,145
8405,13009,1943,6324,1360,11066,280,135,145
8410,13019,1944,6328,1360,11075,280,135,145
8415,13025,1945,6331,1360,11079,280,135,145
8420,13036,1947,6339,1362,11089,281,136,145
8425,13040,1947,6342,1362,11093,281,136,145
8430,13050,1948,6347,1362,11102,281,136,145
8435,13056,1949,6351,1363,11106,281,136,145
8440,13067,1950,6358,1364,11116,282,137,145
8445,13071,1951,6359,1365,11120,282,137,145
8450,13081,1953,6363,1365,11128,283,138,145
8455,13087,1955,6366,1367,11131,283,138,145
8460,13098,1958,6368,1369,11139,284,138,146
8465,13102,1959,6368,1370,11143,284,138,146
8470,13112,1960,6373,1370,11152,284,138,146
8475,13118,1960,6376,1370,11158,284,138,146
8480,13129,1962,6382,1371,11167,284,138,146
8485,13133,1962,6385,1371,11171,284,138,146
8490,13143,1963,6387,1371,11180,284,138,146
8495,13149,1963,6389,1371,11186,284,138,146
8500,13160,1965,6394,1372,11195,284,138,146
8505,13164,1965,6396,1372,11199,284,138,146
8510,13174,1966,6401,1373,11208,284,138,146
8515,13180,1966,6404,1373,11214,284,138,146
8520,13191,1967,6410,1374,11224,284,138,146
8525,13195,1968,6413,1375,11227,284,138,146
8530,13205,1970,6416,1375,11235,284,138,146
8535,13211,1970,6419,1375,11241,284,138,146
8540,13222,1971,6423,1376,11251,284,138,146
8545,13226,1971,6425,1376,11255,284,138,146
8550,13236,1973,6432,1377,11263,284,138,146
8555,13242,1973,6433,1377,11269,284,138,146
8560,13253,1974,6440,1377,11279,284,138,146
8565,13257,1975,6442,1378,11282,284,138,146
8570,13267,1977,6445,1378,11290,284,138,146
8575,13273,1978,6445,1378,11295,284,138,146
8580,13284,1979,6449,1379,11305,285,138,147
8585,13288,1979,6452,1379,11309,285,138,147
8590,13298,1979,6456,1379,11319,285,138,147
8595,13304,1980,6461,1380,11324,285,138,147
8600,13315,1980,6465,1380,11335,285,138,147
8605,13319,1980,6466,1380,11339,285,138,147
8610,13329,1980,6474,1380,11349,285,138,147
8615,13335,1981,6478,1380,11354,285,138,147
8620,13346,1981,6486,1380,11365,285,138,147
8625,13350,1981,6488,1380,11369,285,138,147
8630,13360,1981,6491,1380,11379,285,138,147
8635,13366,1982,6495,1380,11384,285,138,147
8640,13377,1982,6501,1380,11395,285,138,147
8645,13381,1982,6503,1380,11399,285,138,147
8650,13391,1982,6506,1380,11409,285,138,147
8655,13397,1983,6511,1381,11414,285,138,147
8660,13408,1983,6517,1381,11425,285,138,147
8665,13412,1983,6520,1381,11429,285,138,147
8670,13422,1983,6528,1381,11439,285,138,147
8675,13428,1984,6530,1381,11444,285,138,147
8680,13439,1984,6536,1381,11455,285,138,147
8685,13443,1984,6538,1381,11459,285,138,147
8690,13453,1986,6541,1381,11467,285,138,147
8695,13459,1987,6543,1381,11472,285,138,147
8700,13470,1989,6550,1383,11480,285,138,147
8705,13474,1990,6554,1384,11484,285,138,147
8710,13484,1992,6556,1384,11492,285,138,147
8715,13490,1992,6558,1384,11498,285,138,147
8720,13501,1993,6563,1384,11508,285,138,147
8725,13505,1993,6566,1384,11512,285,138,147
8730,13515,1995,6571,1386,11520,285,138,147
8735,13521,1995,6575,1386,11526,285,138,147
8740,13532,1996,6582,1386,11536,285,138,147
8745,13536,1996,6586,1386,11540,285,138,147
8750,13546,1998,6590,1387,11548,285,138,147
8755,13552,1998,6592,1387,11554,285,138,147
8760,13563,1999,6598,1387,11564,285,138,147
8765,13567,1999,6600,1387,11568,285,138,147
8770,13577,2002,6606,1389,11574,285,138,147
8775,13583,2003,6611,1390,11580,285,138,147
8780,13594,2005,6616,1392,11589,285,138,147
8785,13598,2005,6619,1392,11593,285,138,147
8790,13608,2007,6623,1394,11601,285,138,147
8795,13614,2007,6624,1394,11607,285,138,147
8800,13625,2009,6628,1395,11616,285,138,147
8805,13629,2011,6632,1397,11618,285,138,147
8810,13639,2013,6634,1397,11626,286,138,148
8815,13645,2013,6637,1397,11631,286,138,148
8820,13656,2017,6642,1401,11637,287,138,149
8825,13660,2019,6644,1403,11641,287,138,149
8830,13670,2020,6649,1404,11650,287,138,149
8835,13676,2020,6652,1404,11656,287,138,149
8840,13687,2022,6658,1405,11665,287,138,149
8845,13691,2022,6660,1405,11669,287,138,149
8850,13701,2023,6664,1405,11678,287,138,149
8855,13707,2023,6667,1405,11684,287,138,149
8860,13718,2024,6669,1405,11694,287,138,149
8865,13722,2024,6671,1405,11698,287,138,149
8870,13732,2025,6673,1405,11707,287,138,149
8875,13738,2025,6677,1405,11713,287,138,149
8880,13749,2027,6683,1406,11722,287,138,149
8885,13753,2027,6684,1406,11726,287,138,149
8890,13763,2028,6686,1406,11735,287,138,149
8895,13769,2029,6688,1407,11740,287,138,149
8900,13780,2031,6693,1408,11749,288,138,150
8905,13784,2031,6695,1408,11753,288,138,150
8910,13794,2032,6701,1408,11762,288,138,150
8915,13800,2033,6704,1408,11767,288,138,150
8920,13811,2035,6710,1410,11776,289,139,150
8925,13815,2036,6713,1411,11779,289,139,150
8930,13825,2037,6719,1412,11788,290,140,150
8935,13831,2038,6721,1412,11793,290,140,150
8940,13842,2039,6727,1412,11801,291,140,151
8945,13846,2040,6728,1413,11806,291,140,151
8950,13856,2040,6731,1413,11815,292,141,151
8955,13862,2042,6732,1415,11820,292,141,151
8960,13873,2043,6736,1416,11830,292,141,151
8965,13877,2043,6737,1416,11834,292,141,151
8970,13887,2043,6741,1416,11844,293,142,151
8975,13893,2044,6743,1416,11849,293,142,151
8980,13904,2044,6746,1416,11860,293,142,151
8985,13908,2044,6747,1416,11864,293,142,151
8990,13918,2044,6753,1416,11874,294,143,151
8995,13924,2045,6754,1416,11879,294,143,151
9000,13935,2045,6758,1416,11890,294,143,151
9005,13939,2045,6760,1416,11894,294,143,151
9010,13949,2045,6766,1416,11904,294,143,151
9015,13955,2046,6769,1416,11909,294,143,151
9020,13966,2046,6772,1416,11920,294,143,151
9025,13970,2046,6773,1416,11924,294,143,151
9030,13980,2046,6777,1416,11934,294,143,151
9035,13986,2047,6781,1417,11939,294,143,151
9040,13997,2047,6787,1417,11950,294,143,151
9045,14001,2047,6788,1417,11954,294,143,151
9050,14011,2048,6791,1417,11963,294,143,151
9055,14017,2049,6794,1417,11967,294,143,151
9060,14028,2051,6799,1419,11977,295,143,152
9065,14032,2051,6800,1419,11981,295,143,152
9070,14042,2052,6802,1419,11990,295,143,152
9075,14048,2053,6804,1419,11995,295,143,152
9080,14059,2055,6810,1421,12004,295,143,152
9085,14063,2055,6812,1421,12008,295,143,152
9090,14073,2056,6820,1422,12017,295,143,152
9095,14079,2057,6821,1422,12022,295,143,152
9100,14090,2059,6829,1424,12031,295,143,152
9105,14094,2059,6832,1424,12035,295,143,152
9110,14104,2060,6836,1425,12043,295,143,152
9115,14110,2062,6838,1427,12048,295,143,152
9120,14121,2063,6843,1427,12057,295,143,152
9125,14125,2064,6843,1428,12061,295,143,152
9130,14135,2065,6848,1428,12070,296,143,153
9135,14141,2065,6853,1428,12075,296,143,153
9140,14152,2067,6856,1429,12085,296,143,153
9145,14156,2067,6856,1429,12089,296,143,153
9150,14166,2068,6862,1430,12098,297,143,154
9155,14172,2068,6864,1430,12104,297,143,154
9160,14183,2069,6868,1430,12114,297,143,154
9165,14187,2069,6868,1430,12118,297,143,154
9170,14197,2071,6873,1432,12126,298,144,154
9175,14203,2071,6874,1432,12131,298,144,154
9180,14214,2075,6878,1435,12139,298,144,154
9185,14218,2075,6880,1435,12143,298,144,154
9190,14228,2076,6886,1435,12152,298,144,154
9195,14234,2076,6887,1435,12158,298,144,154
9200,14245,2079,6895,1437,12165,299,144,155
9205,14249,2080,6898,1438,12169,299,144,155
9210,14259,2081,6902,1438,12178,299,144,155
9215,14265,2081,6908,1438,12184,299,144,155
9220,14276,2083,6914,1440,12192,300,144,156
9225,14280,2084,6917,1441,12196,300,144,156
9230,14290,2085,6924,1442,12204,300,144,156
9235,14296,2087,6926,1443,12209,300,144,156
9240,14307,2089,6930,1444,12217,301,144,157
9245,14311,2090,6931,1445,12221,301,144,157
9250,14321,2091,6937,1446,12230,301,144,157
9255,14327,2092,6941,1446,12235,301,144,157
9260,14338,2092,6947,1446,12246,301,144,157
9265,14342,2092,6948,1446,12250,301,144,157
9270,14352,2093,6953,1447,12259,301,144,157
9275,14358,2094,6955,1447,12264,301,144,157
9280,14369,2094,6956,1447,12275,301,144,157
9285,14373,2094,6958,1447,12279,301,144,157
9290,14383,2096,6964,1448,12287,301,144,157
9295,14389,2097,6967,1449,12292,301,144,157
9300,14400,2097,6972,1449,12303,301,144,157
9305,14404,2099,6975,1451,12305,301,144,157
9310,14414,2101,6977,1451,12313,302,144,158
9315,14420,2102,6978,1451,12318,302,144,158
9320,14431,2102,6985,1451,12329,302,144,158
9325,14435,2103,6986,1452,12332,302,144,158
9330,14445,2106,6992,1455,12339,303,145,158
9335,14451,2107,6995,1456,12344,303,145,158
9340,14462,2108,7001,1457,12354,303,145,158
9345,14466,2110,7004,1459,12356,303,145,158
9350,14476,2114,7010,1461,12361,304,145,159
9355,14482,2116,7012,1462,12366,304,145,159
9360,14493,2118,7015,1463,12374,304,145,159
9365,14497,2119,7016,1464,12378,304,145,159
9370,14507,2120,7021,1465,12387,305,146,159
9375,14513,2120,7023,1465,12393,305,146,159
9380,14524,2121,7028,1466,12403,306,147,159
9385,14528,2121,7030,1466,12407,306,147,159
9390,14538,2122,7034,1467,12416,307,148,159
9395,14544,2122,7037,1467,12422,307,148,159
9400,14555,2123,7044,1468,12431,308,148,160
9405,14559,2124,7047,1469,12435,308,148,160
9410,14569,2125,7051,1469,12444,309,148,161
9415,14575,2125,7055,1469,12450,309,148,161
9420,14586,2126,7062,1470,12459,310,149,161
9425,14590,2127,7066,1471,12463,310,149,161
9430,14600,2128,7071,1472,12472,311,149,162
9435,14606,2128,7076,1472,12478,311,149,162
9440,14617,2129,7079,1472,12488,311,149,162
9445,14621,2129,7080,1472,12492,311,149,162
9450,14631,2130,7083,1472,12501,312,149,163
9455,14637,2130,7085,1472,12507,312,149,163
9460,14648,2131,7090,1473,12517,312,149,163
9465,14652,2131,7091,1473,12521,312,149,163
9470,14662,2134,7097,1476,12528,313,149,164
9475,14668,2134,7099,1476,12533,313,149,164
9480,14679,2137,7103,1478,12541,313,149,164
9485,14683,2140,7105,1481,12543,313,149,164
9490,14693,2142,7109,1482,12551,313,149,164
9495,14699,2143,7111,1482,12555,313,149,164
9500,14710,2146,7119,1485,12564,313,149,164
9505,14714,2146,7120,1485,12568,313,149,164
9510,14724,2148,7124,1486,12575,313,149,164
9515,14730,2150,7127,1487,12579,313,149,164
9520,14741,2153,7134,1490,12588,313,149,164
9525,14745,2153,7135,1490,12592,313,149,164
9530,14755,2155,7140,1491,12599,313,149,164
9535,14761,2157,7144,1493,12603,313,149,164
9540,14772,2159,7150,1495,12613,314,150,164
9545,14776,2160,7154,1496,12616,314,150,164
9550,14786,2161,7161,1497,12624,314,150,164
9555,14792,2163,7163,1498,12629,314,150,164
9560,14803,2164,7170,1499,12639,315,151,164
9565,14807,2165,7172,1500,12642,315,151,164
9570,14817,2165,7177,1500,12652,315,151,164
9575,14823,2166,7180,1500,12657,315,151,164
9580,14834,2167,7185,1501,12667,316,151,165
9585,14838,2167,7186,1501,12671,316,151,165
9590,14848,2168,7188,1502,12680,317,151,166
9595,14854,2170,7192,1504,12684,317,151,166
9600,14865,2171,7198,1505,12693,317,151,166
9605,14869,2172,7200,1506,12697,317,151,166
9610,14879,2172,7201,1506,12707,317,151,166
9615,14885,2172,7202,1506,12713,317,151,166
9620,14896,2172,7209,1506,12724,317,151,166
9625,14900,2172,7211,1506,12728,317,151,166
9630,14910,2172,7216,1506,12738,317,151,166
9635,14916,2172,7218,1506,12744,317,151,166
9640,14927,2172,7220,1506,12755,317,151,166
9645,14931,2172,7223,1506,12759,317,151,166
9650,14941,2174,7228,1508,12767,317,151,166
9655,14947,2174,7232,1508,12772,317,151,166
9660,14958,2177,7237,1511,12780,317,151,166
9665,14962,2179,7239,1513,12783,317,151,166
9670,14972,2180,7243,1513,12792,317,151,166
9675,14978,2181,7247,1514,12797,317,151,166
9680,14989,2183,7253,1516,12806,317,151,166
9685,14993,2183,7254,1516,12810,317,151,166
9690,15003,2184,7256,1516,12819,317,151,166
9695,15009,2185,7258,1516,12824,317,151,166
9700,15020,2187,7263,1518,12833,317,151,166
9705,15024,2188,7266,1519,12836,317,151,166
9710,15034,2190,7271,1520,12843,318,151,167
9715,15040,2192,7274,1521,12848,318,151,167
9720,15051,2193,7280,1521,12857,319,152,167
9725,15055,2195,7284,1523,12860,319,152,167
9730,15065,2197,7288,1524,12868,320,152,168
9735,15071,2197,7292,1524,12873,320,152,168
9740,15082,2199,7298,1526,12882,320,152,168
9745,15086,2200,7299,1527,12886,320,152,168
9750,15096,2202,7303,1527,12894,321,153,168
9755,15102,2202,7306,1527,12900,321,153,168
9760,15113,2203,7313,1527,12909,321,153,168
9765,15117,2204,7315,1528,12913,321,153,168
9770,15127,2206,7321,1529,12921,322,154,168
9775,15133,2206,7324,1529,12926,322,154,168
9780,15144,2210,7331,1532,12934,322,154,168
9785,15148,2210,7333,1532,12938,322,154,168
9790,15158,2211,7339,1533,12947,322,154,168
9795,15164,2211,7343,1533,12953,322,154,168
9800,15175,2213,7349,1535,12962,322,154,168
9805,15179,2213,7349,1535,12966,322,154,168
9810,15189,2215,7353,1536,12974,322,154,168
9815,15195,2215,7355,1536,12980,322,154,168
9820,15206,2216,7356,1537,12990,322,154,168
9825,15210,2216,7359,1537,12994,322,154,168
9830,15220,2218,7366,1539,13002,322,154,168
9835,15226,2219,7369,1540,13007,322,154,168
9840,15237,2222,7373,1543,13014,323,154,169
9845,15241,2223,7373,1544,13018,323,154,169
9850,15251,2224,7380,1545,13026,324,155,169
9855,15257,2226,7383,1547,13031,324,155,169
9860,15268,2227,7386,1548,13041,324,155,169
9865,15272,2228,7387,1549,13044,324,155,169
9870,15282,2229,7391,1550,13053,324,155,169
9875,15288,2230,7392,1550,13058,324,155,169
9880,15299,2231,7395,1550,13068,324,155,169
9885,15303,2232,7397,1551,13071,324,155,169
9890,15313,2233,7404,1551,13079,324,155,169
9895,15319,2235,7407,1553,13083,324,155,169
9900,15330,2238,7413,1555,13092,324,155,169
9905,15334,2239,7415,1556,13095,324,155,169
9910,15344,2239,7420,1556,13104,324,155,169
9915,15350,2241,7424,1558,13109,324,155,169
9920,15361,2241,7431,1558,13120,324,155,169
9925,15365,2242,7435,1559,13123,324,155,169
9930,15375,2242,7439,1559,13133,324,155,169
9935,15381,2243,7442,1559,13138,324,155,169
9940,15392,2243,7448,1559,13149,324,155,169
9945,15396,2243,7448,1559,13153,324,155,169
9950,15406,2245,7454,1561,13160,324,155,169
9955,15412,2247,7457,1562,13165,324,155,169
9960,15423,2247,7459,1562,13175,324,155,169
9965,15427,2248,7461,1563,13179,324,155,169
9970,15437,2249,7464,1563,13188,324,155,169
9975,15443,2249,7469,1563,13193,324,155,169
9980,15454,2250,7473,1564,13204,324,155,169
9985,15458,2250,7474,1564,13208,324,155,169
9990,15468,2251,7478,1564,13217,324,155,169
9995,15474,2251,7481,1564,13223,324,155,169
10000,15485,2252,7488,1565,13233,324,155,169
10005,15489,2252,7490,1565,13237,324,155,169
10010,15499,2254,7495,1566,13245,324,155,169
10015,15505,2254,7498,1566,13250,324,155,169
10020,15516,2258,7504,1569,13258,325,156,169
10025,15520,2259,7507,1570,13261,325,156,169
10030,15530,2261,7511,1571,13269,325,156,169
10035,15536,2262,7514,1571,13274,325,156,169
10040,15547,2263,7520,1571,13284,325,156,169
10045,15551,2263,7523,1571,13288,325,156,169
10050,15561,2265,7527,1572,13296,325,156,169
10055,15567,2266,7530,1573,13301,325,156,169
10060,15578,2267,7537,1574,13311,325,156,169
10065,15582,2267,7539,1574,13315,325,156,169
10070,15592,2270,7544,1575,13322,326,157,169
10075,15598,2272,7547,1576,13326,326,157,169
10080,15609,2274,7554,1578,13334,326,157,169
10085,15613,2276,7557,1580,13337,326,157,169
10090,15623,2278,7563,1581,13344,326,157,169
10095,15629,2280,7568,1583,13349,326,157,169
10100,15640,2281,7576,1583,13359,326,157,169
10105,15644,2281,7578,1583,13363,326,157,169
10110,15654,2284,7583,1586,13370,326,157,169
10115,15660,2285,7586,1587,13375,326,157,169
10120,15671,2286,7594,1587,13385,326,157,169
10125,15675,2286,7598,1587,13389,326,157,169
10130,15685,2288,7603,1589,13396,326,157,169
10135,15691,2290,7607,1591,13401,326,157,169
10140,15702,2292,7610,1592,13409,327,157,170
10145,15706,2293,7611,1593,13413,327,157,170
10150,15716,2293,7616,1593,13423,327,157,170
10155,15722,2294,7620,1594,13428,327,157,170
10160,15733,2297,7626,1597,13436,327,157,170
10165,15737,2297,7628,1597,13440,327,157,170
10170,15747,2297,7633,1597,13450,327,157,170
10175,15753,2298,7638,1598,13455,327,157,170
10180,15764,2299,7643,1599,13465,327,157,170
10185,15768,2299,7644,1599,13469,327,157,170
10190,15778,2300,7649,1600,13478,327,157,170
10195,15784,2301,7653,1601,13482,327,157,170
10200,15795,2304,7658,1604,13490,327,157,170
10205,15799,2305,7659,1605,13494,327,157,170
10210,15809,2305,7661,1605,13504,327,157,170
10215,15815,2305,7664,1605,13510,327,157,170
10220,15826,2305,7673,1605,13521,327,157,170
10225,15830,2305,7675,1605,13525,327,157,170
10230,15840,2305,7680,1605,13535,327,157,170
10235,15846,2305,7683,1605,13541,327,157,170
10240,15857,2305,7689,1605,13552,327,157,170
10245,15861,2305,7692,1605,13556,327,157,170
10250,15871,2306,7699,1605,13565,327,157,170
10255,15877,2306,7702,1605,13570,327,157,170
10260,15888,2308,7705,1607,13580,328,157,171
10265,15892,2308,7706,1607,13584,328,157,171
10270,15902,2310,7710,1608,13592,329,157,172
10275,15908,2310,7714,1608,13598,329,157,172
10280,15919,2311,7718,1609,13608,329,157,172
10285,15923,2311,7719,1609,13612,329,157,172
10290,15933,2313,7722,1610,13620,330,157,173
10295,15939,2313,7725,1610,13626,330,157,173
10300,15950,2314,7730,1611,13636,330,157,173
10305,15954,2314,7731,1611,13640,330,157,173
10310,15964,2316,7736,1613,13648,331,158,173
10315,15970,2316,7739,1613,13654,331,158,173
10320,15981,2319,7747,1616,13662,331,158,173
10325,15985,2321,7750,1618,13664,331,158,173
10330,15995,2322,7758,1619,13673,331,158,173
10335,16001,2322,7759,1619,13679,331,158,173
10340,16012,2325,7767,1622,13686,332,159,173
10345,16016,2327,7769,1624,13689,332,159,173
10350,16026,2329,7776,1625,13697,332,159,173
10355,16032,2329,7779,1625,13703,332,159,173
10360,16043,2330,7783,1626,13712,333,159,174
10365,16047,2333,7786,1629,13714,333,159,174
10370,16057,2334,7793,1630,13722,333,159,174
10375,16063,2336,7795,1631,13726,333,159,174
10380,16074,2340,7800,1635,13733,334,159,175
10385,16078,2341,7801,1636,13737,334,159,175
10390,16088,2342,7808,1637,13746,334,159,175
10395,16094,2343,7812,1638,13751,334,159,175
10400,16105,2344,7818,1638,13761,334,159,175
10405,16109,2344,7821,1638,13765,334,159,175
10410,16119,2345,7825,1639,13774,334,159,175
10415,16125,2346,7829,1640,13779,334,159,175
10420,16136,2347,7839,1641,13789,334,159,175
10425,16140,2347,7841,1641,13793,334,159,175
10430,16150,2348,7847,1641,13802,334,159,175
10435,16156,2349,7852,1642,13807,334,159,175
10440,16167,2350,7857,1642,13817,334,159,175
10445,16171,2350,7857,1642,13821,334,159,175
10450,16181,2352,7861,1644,13829,334,159,175
10455,16187,2353,7863,1644,13834,334,159,175
10460,16198,2354,7866,1645,13843,334,159,175
10465,16202,2356,7868,1647,13846,334,159,175
10470,16212,2358,7873,1648,13854,334,159,175
10475,16218,2359,7879,1649,13858,334,159,175
10480,16229,2361,7884,1650,13868,334,159,175
10485,16233,2362,7886,1651,13871,334,159,175
10490,16243,2365,7890,1654,13878,334,159,175
10495,16249,2366,7893,1655,13882,334,159,175
10500,16260,2369,7899,1657,13889,335,160,175
10505,16264,2371,7901,1659,13893,335,160,175
10510,16274,2371,7904,1659,13903,336,161,175
10515,16280,2372,7907,1659,13908,336,161,175
10520,16291,2375,7912,1661,13916,337,161,176
10525,16295,2375,7915,1661,13920,337,161,176
10530,16305,2375,7920,1661,13930,338,161,177
10535,16311,2376,7923,1662,13935,338,161,177
10540,16322,2380,7930,1666,13942,339,162,177
10545,16326,2380,7931,1666,13946,339,162,177
10550,16336,2380,7937,1666,13956,340,163,177
10555,16342,2381,7941,1667,13961,340,163,177
10560,16353,2383,7944,1668,13970,341,164,177
10565,16357,2383,7946,1668,13974,341,164,177
10570,16367,2384,7951,1669,13983,341,164,177
10575,16373,2385,7954,1670,13988,341,164,177
10580,16384,2388,7959,1672,13996,341,164,177
10585,16388,2389,7962,1673,13999,341,164,177
10590,16398,2390,7967,1673,14008,341,164,177
10595,16404,2391,7971,1674,14013,341,164,177
10600,16415,2393,7977,1675,14022,341,164,177
10605,16419,2394,7978,1676,14025,341,164,177
10610,16429,2398,7985,1679,14031,341,164,177
10615,16435,2399,7986,1680,14036,341,164,177
10620,16446,2401,7990,1681,14044,341,164,177
10625,16450,2401,7994,1681,14049,341,164,177
10630,16460,2402,7998,1682,14058,341,164,177
10635,16466,2402,8001,1682,14064,341,164,177
10640,16477,2403,8007,1683,14074,342,164,178
10645,16481,2403,8010,1683,14078,342,164,178
10650,16491,2404,8013,1683,14087,342,164,178
10655,16497,2404,8015,1683,14093,342,164,178
10660,16508,2404,8019,1683,14104,342,164,178
10665,16512,2404,8020,1683,14108,342,164,178
10670,16522,2405,8027,1684,14117,342,164,178
10675,16528,2405,8028,1684,14123,342,164,178
10680,16539,2405,8032,1684,14134,342,164,178
10685,16543,2405,8033,1684,14138,342,164,178
10690,16553,2406,8040,1684,14147,343,165,178
10695,16559,2406,8044,1684,14153,343,165,178
10700,16570,2406,8048,1684,14164,343,165,178
10705,16574,2406,8052,1684,14168,343,165,178
10710,16584,2407,8054,1684,14177,344,165,179
10715,16590,2407,8058,1684,14183,344,165,179
10720,16601,2407,8060,1684,14194,344,165,179
10725,16605,2407,8063,1684,14198,344,165,179
10730,16615,2409,8068,1684,14205,345,165,180
10735,16621,2411,8070,1686,14210,345,165,180
10740,16632,2413,8075,1687,14219,345,165,180
10745,16636,2413,8076,1687,14223,345,165,180
10750,16646,2414,8082,1688,14232,346,165,181
10755,16652,2415,8084,1688,14237,346,165,181
10760,16663,2418,8090,1690,14245,347,166,181
10765,16667,2418,8091,1690,14249,347,166,181
10770,16677,2420,8096,1691,14257,348,167,181
10775,16683,2421,8100,1691,14262,348,167,181
10780,16694,2424,8105,1693,14270,349,167,182
10785,16698,2424,8105,1693,14274,349,167,182
10790,16708,2425,8108,1694,14283,350,168,182
10795,16714,2427,8111,1695,14287,350,168,182
10800,16725,2429,8114,1696,14295,351,168,183
10805,16729,2430,8114,1697,14299,351,168,183
10810,16739,2431,8118,1698,14308,352,168,184
10815,16745,2432,8120,1698,14313,352,168,184
10820,16756,2434,8125,1699,14322,352,168,184
10825,16760,2435,8129,1700,14325,352,168,184
10830,16770,2436,8131,1701,14334,353,168,185
10835,16776,2437,8134,1701,14339,353,168,185
10840,16787,2439,8139,1702,14348,353,168,185
10845,16791,2439,8140,1702,14352,353,168,185
10850,16801,2441,8145,1704,14360,354,168,186
10855,16807,2442,8148,1704,14364,354,168,186
10860,16818,2445,8154,1706,14373,354,168,186
10865,16822,2445,8157,1706,14377,354,168,186
10870,16832,2446,8162,1706,14386,354,168,186
10875,16838,2447,8165,1706,14391,354,168,186
10880,16849,2448,8169,1707,14401,354,168,186
10885,16853,2449,8172,1708,14404,354,168,186
10890,16863,2450,8175,1708,14413,354,168,186
10895,16869,2451,8178,1709,14418,354,168,186
10900,16880,2452,8183,1709,14428,354,168,186
10905,16884,2452,8185,1709,14432,354,168,186
10910,16894,2453,8191,1710,14441,354,168,186
10915,16900,2454,8193,1710,14445,354,168,186
10920,16911,2457,8200,1712,14452,354,168,186
10925,16915,2459,8203,1714,14456,354,168,186
10930,16925,2460,8208,1715,14465,355,168,187
10935,16931,2461,8211,1716,14470,355,168,187
10940,16942,2463,8215,1717,14479,355,168,187
10945,16946,2463,8216,1717,14483,355,168,187
10950,16956,2464,8221,1718,14492,356,168,188
10955,16962,2465,8225,1718,14497,356,168,188
10960,16973,2467,8229,1719,14506,356,168,188
10965,16977,2467,8231,1719,14510,356,168,188
10970,16987,2468,8236,1720,14519,357,168,189
10975,16993,2469,8239,1721,14524,357,168,189
10980,17004,2470,8244,1722,14534,358,168,190
10985,17008,2471,8246,1723,14537,358,168,190
10990,17018,2473,8251,1724,14545,358,168,190
10995,17024,2474,8253,1725,14550,358,168,190
11000,17035,2476,8258,1726,14559,359,168,191
11005,17039,2476,8260,1726,14563,359,168,191
11010,17049,2477,8266,1727,14572,359,168,191
11015,17055,2477,8269,1727,14578,359,168,191
11020,17066,2479,8276,1729,14587,360,168,192
11025,17070,2479,8278,1729,14591,360,168,192
11030,17080,2480,8284,1730,14600,360,168,192
11035,17086,2480,8287,1730,14606,360,168,192
11040,17097,2483,8293,1733,14614,361,168,193
11045,17101,2483,8296,1733,14618,361,168,193
11050,17111,2483,8302,1733,14628,361,168,193
11055,17117,2483,8305,1733,14634,361,168,193
11060,17128,2485,8310,1735,14643,361,168,193
11065,17132,2485,8311,1735,14647,361,168,193
11070,17142,2485,8315,1735,14657,361,168,193
11075,17148,2485,8318,1735,14663,361,168,193
11080,17159,2487,8322,1737,14672,361,168,193
11085,17163,2487,8326,1737,14676,361,168,193
11090,17173,2488,8333,1738,14684,362,169,193
11095,17179,2490,8338,1740,14689,362,169,193
11100,17190,2491,8343,1740,14698,362,169,193
11105,17194,2494,8347,1743,14700,362,169,193
11110,17204,2496,8350,1744,14708,363,169,194
11115,17210,2497,8353,1745,14713,363,169,194
11120,17221,2498,8356,1746,14723,364,170,194
11125,17225,2499,8357,1747,14726,364,170,194
11130,17235,2501,8362,1749,14734,365,171,194
11135,17241,2502,8364,1750,14738,365,171,194
11140,17252,2504,8369,1752,14748,366,171,195
11145,17256,2505,8371,1753,14751,366,171,195
11150,17266,2507,8372,1754,14759,367,171,196
11155,17272,2508,8376,1755,14764,367,171,196
11160,17283,2509,8380,1756,14774,368,171,197
11165,17287,2510,8381,1757,14777,368,171,197
11170,17297,2511,8386,1757,14786,369,172,197
11175,17303,2512,8389,1757,14791,369,172,197
11180,17314,2512,8394,1757,14802,369,172,197
11185,17318,2513,8398,1758,14805,369,172,197
11190,17328,2514,8404,1758,14814,370,173,197
11195,17334,2515,8407,1758,14819,370,173,197
11200,17345,2516,8411,1759,14829,370,173,197
11205,17349,2516,8413,1759,14833,370,173,197
11210,17359,2519,8417,1761,14840,371,173,198
11215,17365,2520,8418,1762,14845,371,173,198
11220,17376,2521,8421,1763,14855,371,173,198
11225,17380,2521,8422,1763,14859,371,173,198
11230,17390,2522,8425,1763,14868,371,173,198
11235,17396,2522,8426,1763,14874,371,173,198
11240,17407,2523,8432,1764,14884,371,173,198
11245,17411,2523,8434,1764,14888,371,173,198
11250,17421,2524,8441,1765,14897,371,173,198
11255,17427,2524,8442,1765,14903,371,173,198
11260,17438,2525,8448,1766,14912,371,173,198
11265,17442,2526,8450,1767,14916,371,173,198
11270,17452,2528,8455,1767,14924,371,173,198
11275,17458,2528,8457,1767,14929,371,173,198
11280,17469,2531,8461,1769,14937,372,174,198
11285,17473,2532,8462,1770,14941,372,174,198
11290,17483,2533,8469,1771,14950,372,174,198
11295,17489,2533,8473,1771,14956,372,174,198
11300,17500,2534,8476,1771,14966,373,174,199
11305,17504,2535,8479,1772,14969,373,174,199
11310,17514,2536,8485,1772,14978,373,174,199
11315,17520,2536,8487,1772,14984,373,174,199
11320,17531,2538,8490,1773,14993,374,174,200
11325,17535,2539,8494,1774,14996,374,174,200
11330,17545,2540,8499,1774,15004,375,175,200
11335,17551,2542,8502,1776,15009,375,175,200
11340,17562,2543,8506,1777,15018,376,175,201
11345,17566,2544,8509,1778,15022,376,175,201
11350,17576,2545,8515,1779,15031,376,175,201
11355,17582,2546,8519,1780,15036,376,175,201
11360,17593,2547,8523,1781,15046,376,175,201
11365,17597,2547,8525,1781,15050,376,175,201
11370,17607,2548,8532,1782,15059,376,175,201
11375,17613,2549,8536,1783,15064,376,175,201
11380,17624,2551,8539,1784,15073,376,175,201
11385,17628,2551,8540,1784,15077,376,175,201
11390,17638,2553,8545,1785,15085,376,175,201
11395,17644,2554,8548,1786,15089,376,175,201
11400,17655,2558,8556,1789,15096,376,175,201
11405,17659,2559,8558,1790,15100,376,175,201
11410,17669,2560,8562,1790,15109,376,175,201
11415,17675,2561,8565,1790,15114,376,175,201
11420,17686,2562,8571,1791,15124,376,175,201
11425,17690,2562,8571,1791,15128,376,175,201
11430,17700,2563,8574,1792,15137,376,175,201
11435,17706,2564,8578,1793,15142,376,175,201
11440,17717,2566,8583,1794,15151,376,175,201
11445,17721,2566,8585,1794,15155,376,175,201
11450,17731,2567,8590,1795,15162,377,175,202
11455,17737,2571,8593,1798,15166,377,175,202
11460,17748,2572,8597,1798,15174,377,175,202
11465,17752,2573,8598,1799,15179,377,175,202
11470,17762,2575,8603,1801,15187,378,175,203
11475,17768,2575,8606,1801,15192,378,175,203
11480,17779,2577,8611,1802,15202,378,175,203
11485,17783,2577,8612,1802,15206,378,175,203
11490,17793,2579,8617,1802,15214,379,176,203
11495,17799,2579,8618,1802,15220,379,176,203
11500,17810,2580,8624,1803,15230,379,176,203
11505,17814,2581,8627,1804,15233,379,176,203
11510,17824,2583,8631,1804,15241,380,176,204
11515,17830,2583,8633,1804,15247,380,176,204
11520,17841,2584,8638,1804,15257,381,177,204
11525,17845,2584,8642,1804,15261,381,177,204
11530,17855,2585,8646,1804,15270,382,177,205
11535,17861,2585,8650,1804,15276,382,177,205
11540,17872,2587,8655,1805,15285,382,177,205
11545,17876,2587,8657,1805,15289,382,177,205
11550,17886,2589,8663,1806,15297,383,177,206
11555,17892,2589,8667,1806,15303,383,177,206
11560,17903,2591,8674,1807,15311,383,177,206
11565,17907,2592,8674,1808,15315,383,177,206
11570,17917,2593,8678,1808,15324,384,177,207
11575,17923,2594,8681,1809,15329,384,177,207
11580,17934,2597,8688,1811,15335,384,177,207
11585,17938,2599,8691,1813,15339,384,177,207
11590,17948,2600,8695,1814,15348,384,177,207
11595,17954,2601,8698,1815,15353,384,177,207
11600,17965,2601,8705,1815,15364,384,177,207
11605,17969,2602,8708,1816,15367,384,177,207
11610,17979,2603,8713,1816,15376,384,177,207
11615,17985,2604,8716,1817,15381,384,177,207
11620,17996,2605,8723,1818,15391,384,177,207
11625,18000,2606,8725,1819,15394,384,177,207
11630,18010,2608,8730,1821,15402,384,177,207
11635,18016,2609,8735,1822,15406,384,177,207
11640,18027,2611,8743,1824,15416,384,177,207
11645,18031,2612,8745,1825,15419,384,177,207
11650,18041,2614,8750,1827,15427,384,177,207
11655,18047,2615,8754,1827,15431,384,177,207
11660,18058,2617,8759,1829,15440,385,177,208
11665,18062,2620,8762,1832,15442,385,177,208
11670,18072,2622,8769,1833,15450,385,177,208
11675,18078,2623,8772,1834,15455,385,177,208
11680,18089,2624,8774,1834,15464,386,177,209
11685,18093,2625,8774,1835,15468,386,177,209
11690,18103,2628,8777,1836,15475,386,177,209
11695,18109,2630,8782,1838,15479,386,177,209
11700,18120,2634,8786,1841,15486,387,177,210
11705,18124,2634,8789,1841,15490,387,177,210
11710,18134,2634,8793,1841,15500,388,177,211
11715,18140,2635,8797,1841,15505,388,177,211
11720,18151,2636,8802,1842,15515,388,177,211
11725,18155,2636,8806,1842,15519,388,177,211
11730,18165,2636,8809,1842,15529,389,177,212
11735,18171,2637,8809,1842,15534,389,177,212
11740,18182,2637,8815,1842,15545,389,177,212
11745,18186,2637,8817,1842,15549,389,177,212
11750,18196,2637,8823,1842,15559,390,178,212
11755,18202,2638,8828,1843,15564,390,178,212
11760,18213,2638,8832,1843,15575,390,178,212
11765,18217,2638,8834,1843,15579,390,178,212
11770,18227,2638,8840,1843,15589,391,178,213
11775,18233,2639,8845,1844,15594,391,178,213
11780,18244,2639,8850,1844,15605,391,178,213
11785,18248,2639,8853,1844,15609,391,178,213
11790,18258,2639,8858,1844,15619,392,178,214
11795,18264,2640,8860,1844,15624,392,178,214
11800,18275,2641,8867,1845,15634,392,178,214
11805,18279,2641,8869,1845,15638,392,178,214
11810,18289,2643,8872,1845,15646,393,179,214
11815,18295,2644,8873,1846,15651,393,179,214
11820,18306,2646,8878,1847,15657,393,179,214
11825,18310,2648,8878,1849,15662,393,179,214
11830,18320,2650,8884,1851,15670,393,179,214
11835,18326,2650,8888,1851,15676,393,179,214
11840,18337,2651,8893,1852,15686,393,179,214
11845,18341,2651,8896,1852,15690,393,179,214
11850,18351,2653,8900,1853,15698,393,179,214
11855,18357,2653,8904,1853,15704,393,179,214
11860,18368,2654,8910,1854,15714,393,179,214
11865,18372,2654,8913,1854,15718,393,179,214
11870,18382,2656,8918,1856,15726,393,179,214
11875,18388,2656,8923,1856,15732,393,179,214
11880,18399,2657,8930,1857,15742,393,179,214
11885,18403,2657,8932,1857,15746,393,179,214
11890,18413,2659,8938,1858,15754,393,179,214
11895,18419,2659,8943,1858,15760,393,179,214
11900,18430,2660,8950,1859,15770,393,179,214
11905,18434,2660,8951,1859,15774,393,179,214
11910,18444,2662,8956,1860,15782,393,179,214
11915,18450,2662,8960,1860,15788,393,179,214
11920,18461,2662,8967,1860,15799,393,179,214
11925,18465,2662,8968,1860,15803,393,179,214
11930,18475,2664,8971,1861,15811,394,179,215
11935,18481,2666,8974,1863,15815,394,179,215
11940,18492,2670,8978,1866,15822,395,180,215
11945,18496,2670,8980,1866,15826,395,180,215
11950,18506,2671,8985,1866,15835,395,180,215
11955,18512,2672,8989,1867,15839,395,180,215
11960,18523,2675,8993,1869,15848,396,180,216
11965,18527,2675,8994,1869,15852,396,180,216
11970,18537,2676,8999,1870,15861,396,180,216
11975,18543,2677,9001,1870,15866,396,180,216
11980,18554,2678,9005,1870,15876,397,181,216
11985,18558,2678,9007,1870,15880,397,181,216
11990,18568,2679,9014,1870,15889,397,181,216
11995,18574,2680,9019,1871,15894,397,181,216
12000,18585,2682,9025,1873,15903,398,182,216
12005,18589,2682,9027,1873,15907,398,182,216
12010,18599,2683,9032,1873,15916,398,182,216
12015,18605,2684,9034,1873,15921,398,182,216
12020,18616,2685,9038,1874,15931,399,182,217
12025,18620,2685,9041,1874,15935,399,182,217
12030,18630,2686,9044,1875,15944,399,182,217
12035,18636,2687,9046,1876,15949,399,182,217
12040,18647,2688,9053,1876,15959,400,182,218
12045,18651,2688,9056,1876,15963,400,182,218
12050,18661,2690,9060,1877,15971,400,182,218
12055,18667,2691,9064,1878,15975,400,182,218
12060,18678,2695,9072,1882,15982,401,183,218
12065,18682,2696,9072,1883,15986,401,183,218
12070,18692,2697,9076,1883,15995,401,183,218
12075,18698,2697,9078,1883,16001,401,183,218
12080,18709,2699,9082,1884,16010,401,183,218
12085,18713,2699,9083,1884,16014,401,183,218
12090,18723,2700,9088,1885,16023,401,183,218
12095,18729,2700,9093,1885,16028,401,183,218
12100,18740,2704,9101,1889,16035,401,183,218
12105,18744,2705,9104,1890,16039,401,183,218
12110,18754,2706,9109,1891,16048,402,184,218
12115,18760,2706,9113,1891,16053,402,184,218
12120,18771,2709,9115,1893,16062,402,184,218
12125,18775,2710,9117,1894,16065,402,184,218
12130,18785,2711,9119,1894,16074,402,184,218
12135,18791,2711,9123,1894,16080,402,184,218
12140,18802,2712,9132,1894,16090,402,184,218
12145,18806,2712,9133,1894,16094,402,184,218
12150,18816,2713,9137,1894,16103,402,184,218
12155,18822,2713,9139,1894,16109,402,184,218
12160,18833,2714,9142,1894,16119,402,184,218
12165,18837,2715,9144,1895,16122,402,184,218
12170,18847,2718,9152,1897,16128,402,184,218
12175,18853,2721,9156,1900,16132,402,184,218
12180,18864,2724,9162,1902,16138,403,185,218
12185,18868,2726,9164,1904,16142,403,185,218
12190,18878,2727,9172,1905,16151,403,185,218
12195,18884,2727,9176,1905,16157,403,185,218
12200,18895,2727,9179,1905,16168,404,185,219
12205,18899,2727,9181,1905,16172,404,185,219
12210,18909,2728,9189,1906,16181,404,185,219
12215,18915,2728,9191,1906,16187,404,185,219
12220,18926,2729,9195,1907,16197,405,185,220
12225,18930,2729,9197,1907,16201,405,185,220
12230,18940,2730,9201,1907,16210,405,185,220
12235,18946,2730,9206,1907,16215,405,185,220
12240,18957,2731,9209,1908,16226,406,185,221
12245,18961,2732,9210,1909,16229,406,185,221
12250,18971,2734,9217,1910,16237,406,185,221
12255,18977,2735,9220,1910,16242,406,185,221
12260,18988,2737,9226,1912,16250,406,185,221
12265,18992,2738,9228,1913,16254,406,185,221
12270,19002,2740,9230,1913,16262,406,185,221
12275,19008,2741,9231,1913,16266,406,185,221
12280,19019,2743,9236,1915,16276,406,185,221
12285,19023,2744,9238,1916,16279,406,185,221
12290,19033,2746,9243,1917,16286,407,185,222
12295,19039,2748,9246,1919,16291,407,185,222
12300,19050,2750,9252,1921,16298,407,185,222
12305,19054,2753,9254,1924,16301,407,185,222
12310,19064,2754,9256,1924,16310,407,185,222
12315,19070,2754,9259,1924,16315,407,185,222
12320,19081,2756,9266,1925,16324,407,185,222
12325,19085,2757,9267,1926,16328,407,185,222
12330,19095,2758,9276,1926,16337,407,185,222
12335,19101,2758,9279,1926,16343,407,185,222
12340,19112,2759,9283,1926,16353,407,185,222
12345,19116,2759,9284,1926,16357,407,185,222
12350,19126,2760,9292,1927,16366,407,185,222
12355,19132,2760,9295,1927,16372,407,185,222
12360,19143,2762,9302,1929,16380,408,186,222
12365,19147,2763,9303,1930,16384,408,186,222
12370,19157,2763,9306,1930,16394,408,186,222
12375,19163,2764,9309,1930,16399,408,186,222
12380,19174,2765,9312,1930,16409,409,186,223
12385,19178,2766,9314,1931,16412,409,186,223
12390,19188,2766,9321,1931,16422,409,186,223
12395,19194,2767,9326,1931,16427,409,186,223
12400,19205,2769,9333,1932,16436,410,186,224
12405,19209,2769,9334,1932,16440,410,186,224
12410,19219,2770,9339,1933,16449,411,186,225
12415,19225,2771,9342,1934,16454,411,186,225
12420,19236,2773,9346,1935,16461,412,186,226
12425,19240,2774,9346,1936,16466,412,186,226
12430,19250,2776,9350,1936,16474,412,186,226
12435,19256,2776,9353,1936,16480,412,186,226
12440,19267,2778,9358,1937,16489,412,186,226
12445,19271,2779,9360,1938,16492,412,186,226
12450,19281,2781,9365,1939,16500,412,186,226
12455,19287,2781,9368,1939,16506,412,186,226
12460,19298,2783,9371,1940,16515,412,186,226
12465,19302,2784,9373,1941,16518,412,186,226
12470,19312,2786,9377,1941,16526,412,186,226
12475,19318,2786,9380,1941,16532,412,186,226
12480,19329,2787,9385,1941,16542,412,186,226
12485,19333,2788,9388,1942,16545,412,186,226
12490,19343,2791,9394,1945,16552,412,186,226
12495,19349,2791,9397,1945,16558,412,186,226
12500,19360,2793,9402,1946,16567,412,186,226
12505,19364,2793,9403,1946,16571,412,186,226
12510,19374,2795,9409,1947,16579,412,186,226
12515,19380,2795,9412,1947,16585,412,186,226
12520,19391,2796,9417,1948,16595,412,186,226
12525,19395,2796,9418,1948,16599,412,186,226
12530,19405,2798,9423,1949,16607,413,186,227
12535,19411,2799,9426,1949,16612,413,186,227
12540,19422,2802,9433,1951,16618,414,187,227
12545,19426,2804,9434,1953,16622,414,187,227
12550,19436,2804,9439,1953,16632,414,187,227
12555,19442,2805,9443,1954,16637,414,187,227
12560,19453,2806,9449,1954,16647,414,187,227
12565,19457,2806,9452,1954,16651,414,187,227
12570,19467,2806,9456,1954,16661,414,187,227
12575,19473,2807,9460,1954,16666,414,187,227
12580,19484,2808,9464,1954,16676,414,187,227
12585,19488,2808,9467,1954,16680,414,187,227
12590,19498,2808,9472,1954,16690,414,187,227
12595,19504,2809,9473,1954,16695,414,187,227
12600,19515,2810,9478,1954,16705,414,187,227
12605,19519,2810,9481,1954,16709,414,187,227
12610,19529,2810,9487,1954,16719,414,187,227
12615,19535,2811,9490,1955,16724,414,187,227
12620,19546,2812,9496,1955,16734,414,187,227
12625,19550,2812,9499,1955,16738,414,187,227
12630,19560,2812,9502,1955,16748,414,187,227
12635,19566,2813,9505,1955,16753,414,187,227
12640,19577,2814,9510,1955,16763,414,187,227
12645,19581,2814,9513,1955,16767,414,187,227
12650,19591,2818,9517,1957,16773,415,187,228
12655,19597,2819,9520,1957,16778,415,187,228
12660,19608,2823,9525,1961,16785,416,187,229
12665,19612,2823,9526,1961,16789,416,187,229
12670,19622,2823,9529,1961,16799,416,187,229
12675,19628,2824,9533,1962,16804,416,187,229
12680,19639,2824,9540,1962,16815,416,187,229
12685,19643,2824,9541,1962,16819,416,187,229
12690,19653,2824,9544,1962,16829,416,187,229
12695,19659,2825,9548,1962,16834,416,187,229
12700,19670,2825,9554,1962,16845,416,187,229
12705,19674,2825,9556,1962,16849,416,187,229
12710,19684,2825,9559,1962,16859,416,187,229
12715,19690,2826,9563,1963,16864,416,187,229
12720,19701,2826,9570,1963,16875,416,187,229
12725,19705,2826,9571,1963,16879,416,187,229
12730,19715,2826,9577,1963,16889,416,187,229
12735,19721,2827,9578,1963,16894,416,187,229
12740,19732,2827,9585,1963,16905,416,187,229
12745,19736,2827,9587,1963,16909,416,187,229
12750,19746,2827,9595,1963,16919,416,187,229
12755,19752,2828,9599,1964,16924,416,187,229
12760,19763,2828,9604,1964,16935,416,187,229
12765,19767,2828,9605,1964,16939,416,187,229
12770,19777,2830,9610,1966,16946,416,187,229
12775,19783,2832,9613,1968,16951,416,187,229
12780,19794,2834,9617,1969,16958,417,187,230
12785,19798,2836,9620,1971,16962,417,187,230
12790,19808,2837,9627,1972,16971,417,187,230
12795,19814,2838,9630,1973,16976,417,187,230
12800,19825,2839,9634,1973,16986,417,187,230
12805,19829,2839,9636,1973,16990,417,187,230
12810,19839,2840,9641,1974,16999,417,187,230
12815,19845,2841,9645,1974,17004,417,187,230
12820,19856,2842,9651,1975,17014,417,187,230
12825,19860,2842,9653,1975,17018,417,187,230
12830,19870,2843,9659,1976,17027,417,187,230
12835,19876,2844,9662,1977,17032,417,187,230
12840,19887,2845,9666,1978,17042,417,187,230
12845,19891,2846,9669,1979,17045,417,187,230
12850,19901,2848,9674,1980,17053,417,187,230
12855,19907,2849,9676,1980,17057,417,187,230
12860,19918,2851,9680,1981,17067,418,187,231
12865,19922,2851,9682,1981,17071,418,187,231
12870,19932,2853,9686,1982,17079,418,187,231
12875,19938,2854,9689,1983,17084,418,187,231
12880,19949,2855,9693,1984,17094,419,187,232
12885,19953,2855,9696,1984,17098,419,187,232
12890,19963,2857,9698,1984,17105,420,187,233
12895,19969,2859,9701,1986,17109,420,187,233
12900,19980,2862,9707,1989,17117,421,188,233
12905,19984,2863,9709,1990,17121,421,188,233
12910,19994,2863,9711,1990,17131,421,188,233
12915,20000,2863,9714,1990,17137,421,188,233
12920,20011,2865,9720,1992,17146,421,188,233
12925,20015,2865,9722,1992,17150,421,188,233
12930,20025,2865,9728,1992,17160,421,188,233
12935,20031,2865,9730,1992,17166,421,188,233
12940,20042,2866,9735,1992,17176,421,188,233
12945,20046,2866,9737,1992,17180,421,188,233
12950,20056,2866,9743,1992,17190,421,188,233
12955,20062,2866,9748,1992,17196,421,188,233
12960,20073,2867,9754,1993,17206,421,188,233
12965,20077,2867,9756,1993,17210,421,188,233
12970,20087,2867,9762,1993,17220,421,188,233
12975,20093,2867,9765,1993,17226,421,188,233
12980,20104,2869,9772,1994,17235,421,188,233
12985,20108,2869,9773,1994,17239,421,188,233
12990,20118,2869,9774,1994,17249,421,188,233
12995,20124,2869,9777,1994,17255,421,188,233
13000,20135,2871,9781,1995,17264,421,188,233
13005,20139,2871,9784,1995,17268,421,188,233
13010,20149,2873,9787,1995,17276,421,188,233
13015,20155,2875,9790,1997,17280,421,188,233
13020,20166,2878,9794,1999,17288,422,188,234
13025,20170,2878,9794,1999,17292,422,188,234
13030,20180,2880,9799,2000,17300,423,188,235
13035,20186,2881,9802,2001,17305,423,188,235
13040,20197,2881,9808,2001,17314,423,188,235
13045,20201,2884,9810,2004,17317,423,188,235
13050,20211,2886,9814,2005,17325,424,189,235
13055,20217,2887,9818,2006,17329,424,189,235
13060,20228,2888,9822,2007,17340,424,189,235
13065,20232,2889,9824,2008,17343,424,189,235
13070,20242,2892,9829,2009,17350,425,190,235
13075,20248,2893,9831,2009,17355,425,190,235
13080,20259,2893,9836,2009,17364,425,190,235
13085,20263,2895,9836,2011,17368,425,190,235
13090,20273,2897,9841,2012,17376,426,191,235
13095,20279,2898,9844,2013,17381,426,191,235
13100,20290,2898,9846,2013,17392,426,191,235
13105,20294,2898,9846,2013,17396,426,191,235
13110,20304,2900,9851,2014,17404,427,192,235
13115,20310,2901,9855,2015,17409,427,192,235
13120,20321,2901,9858,2015,17420,427,192,235
13125,20325,2902,9861,2016,17423,427,192,235
13130,20335,2905,9867,2019,17430,428,193,235
13135,20341,2907,9869,2020,17434,428,193,235
13140,20352,2908,9873,2021,17442,429,193,236
13145,20356,2910,9874,2023,17446,429,193,236
13150,20366,2910,9879,2023,17456,429,193,236
13155,20372,2910,9883,2023,17462,429,193,236
13160,20383,2912,9890,2024,17471,429,193,236
13165,20387,2912,9892,2024,17475,429,193,236
13170,20397,2912,9899,2024,17485,429,193,236
13175,20403,2912,9900,2024,17491,429,193,236
13180,20414,2914,9906,2025,17500,429,193,236
13185,20418,2914,9907,2025,17504,429,193,236
13190,20428,2914,9912,2025,17514,429,193,236
13195,20434,2914,9915,2025,17520,429,193,236
13200,20445,2915,9920,2025,17530,429,193,236
13205,20449,2915,9922,2025,17534,429,193,236
13210,20459,2917,9924,2025,17542,429,193,236
13215,20465,2918,9929,2025,17547,429,193,236
13220,20476,2921,9934,2028,17555,429,193,236
13225,20480,2921,9936,2028,17559,429,193,236
13230,20490,2923,9941,2030,17567,429,193,236
13235,20496,2924,9946,2031,17572,429,193,236
13240,20507,2926,9951,2032,17581,429,193,236
13245,20511,2926,9952,2032,17585,429,193,236
13250,20521,2928,9958,2033,17593,429,193,236
13255,20527,2929,9962,2034,17598,429,193,236
13260,20538,2931,9964,2035,17607,429,193,236
13265,20542,2931,9966,2035,17611,429,193,236
13270,20552,2932,9972,2035,17620,430,193,237
13275,20558,2933,9973,2035,17625,430,193,237
13280,20569,2935,9978,2037,17633,430,193,237
13285,20573,2936,9980,2038,17637,430,193,237
13290,20583,2937,9984,2038,17646,431,194,237
13295,20589,2938,9985,2038,17651,431,194,237
13300,20600,2942,9992,2042,17657,431,194,237
13305,20604,2943,9995,2043,17661,431,194,237
13310,20614,2945,10005,2045,17668,432,195,237
13315,20620,2948,10009,2048,17672,432,195,237
13320,20631,2951,10016,2051,17677,433,195,238
13325,20635,2953,10018,2053,17682,433,195,238
13330,20645,2954,10021,2054,17691,434,196,238
13335,20651,2954,10023,2054,17697,434,196,238
13340,20662,2954,10029,2054,17708,434,196,238
13345,20666,2954,10031,2054,17712,434,196,238
13350,20676,2955,10036,2054,17721,435,196,239
13355,20682,2955,10039,2054,17727,435,196,239
13360,20693,2955,10043,2054,17738,435,196,239
13365,20697,2955,10044,2054,17742,435,196,239
13370,20707,2957,10049,2055,17750,435,196,239
13375,20713,2957,10050,2055,17755,435,196,239
13380,20724,2958,10054,2056,17766,435,196,239
13385,20728,2958,10055,2056,17770,435,196,239
13390,20738,2959,10062,2057,17779,435,196,239
13395,20744,2960,10067,2058,17783,435,196,239
13400,20755,2961,10070,2059,17794,435,196,239
13405,20759,2962,10072,2060,17797,435,196,239
13410,20769,2963,10078,2060,17806,435,196,239
13415,20775,2964,10079,2060,17811,435,196,239
13420,20786,2964,10083,2060,17822,435,196,239
13425,20790,2965,10085,2061,17825,435,196,239
13430,20800,2966,10091,2062,17834,435,196,239
13435,20806,2967,10094,2063,17838,435,196,239
13440,20817,2969,10101,2065,17846,435,196,239
13445,20821,2971,10103,2067,17850,435,196,239
13450,20831,2972,10108,2068,17858,436,197,239
13455,20837,2975,10112,2071,17862,436,197,239
13460,20848,2976,10119,2072,17872,436,197,239
13465,20852,2976,10121,2072,17876,436,197,239
13470,20862,2977,10126,2073,17885,437,197,240
13475,20868,2977,10129,2073,17890,437,197,240
13480,20879,2979,10133,2075,17900,437,197,240
13485,20883,2979,10134,2075,17904,437,197,240
13490,20893,2980,10138,2075,17913,438,198,240
13495,20899,2980,10141,2075,17918,438,198,240
13500,20910,2985,10149,2080,17925,438,198,240
13505,20914,2985,10152,2080,17929,438,198,240
13510,20924,2985,10155,2080,17939,438,198,240
13515,20930,2985,10157,2080,17945,438,198,240
13520,20941,2985,10163,2080,17956,439,198,241
13525,20945,2985,10163,2080,17960,439,198,241
13530,20955,2985,10168,2080,17970,439,198,241
13535,20961,2985,10169,2080,17976,439,198,241
13540,20972,2985,10175,2080,17987,440,199,241
13545,20976,2985,10177,2080,17991,440,199,241
13550,20986,2986,10181,2080,18000,440,199,241
13555,20992,2986,10184,2080,18006,440,199,241
13560,21003,2986,10189,2080,18017,441,200,241
13565,21007,2987,10192,2081,18020,441,200,241
13570,21017,2988,10193,2081,18029,441,200,241
13575,21023,2988,10196,2081,18035,441,200,241
13580,21034,2989,10200,2081,18043,441,200,241
13585,21038,2992,10201,2084,18046,441,200,241
13590,21048,2993,10207,2085,18055,441,200,241
13595,21054,2993,10211,2085,18061,441,200,241
13600,21065,2994,10216,2086,18069,441,200,241
13605,21069,2996,10216,2088,18073,441,200,241
13610,21079,2998,10221,2089,18081,441,200,241
13615,21085,2999,10225,2089,18086,441,200,241
13620,21096,3001,10230,2091,18094,441,200,241
13625,21100,3002,10231,2092,18098,441,200,241
13630,21110,3004,10235,2092,18106,441,200,241
13635,21116,3005,10239,2093,18111,441,200,241
13640,21127,3005,10244,2093,18122,441,200,241
13645,21131,3006,10247,2094,18125,441,200,241
13650,21141,3009,10252,2096,18132,441,200,241
13655,21147,3010,10253,2096,18137,441,200,241
13660,21158,3010,10259,2096,18148,441,200,241
13665,21162,3010,10260,2096,18152,441,200,241
13670,21172,3012,10263,2096,18160,441,200,241
13675,21178,3014,10266,2097,18163,441,200,241
13680,21189,3016,10272,2099,18173,442,200,242
13685,21193,3016,10272,2099,18177,442,200,242
13690,21203,3018,10276,2100,18185,442,200,242
13695,21209,3019,10279,2101,18190,442,200,242
13700,21220,3019,10286,2101,18201,442,200,242
13705,21224,3020,10289,2102,18204,442,200,242
13710,21234,3022,10296,2104,18211,442,200,242
13715,21240,3024,10299,2106,18216,442,200,242
13720,21251,3024,10306,2106,18227,442,200,242
13725,21255,3025,10308,2107,18230,442,200,242
13730,21265,3026,10314,2108,18238,442,200,242
13735,21271,3028,10316,2109,18243,442,200,242
13740,21282,3028,10317,2109,18254,442,200,242
13745,21286,3028,10320,2109,18258,442,200,242
13750,21296,3029,10327,2109,18266,442,200,242
13755,21302,3031,10327,2110,18271,442,200,242
13760,21313,3031,10333,2110,18282,442,200,242
13765,21317,3031,10333,2110,18286,442,200,242
13770,21327,3032,10335,2110,18295,442,200,242
13775,21333,3033,10339,2111,18300,442,200,242
13780,21344,3033,10346,2111,18311,442,200,242
13785,21348,3033,10348,2111,18315,442,200,242
13790,21358,3035,10351,2113,18323,443,200,243
13795,21364,3037,10355,2115,18327,443,200,243
13800,21375,3040,10360,2117,18335,444,201,243
13805,21379,3040,10362,2117,18339,444,201,243
13810,21389,3041,10367,2117,18348,444,201,243
13815,21395,3041,10371,2117,18354,444,201,243
13820,21406,3042,10377,2117,18364,444,201,243
13825,21410,3042,10378,2117,18368,444,201,243
13830,21420,3043,10382,2117,18377,444,201,243
13835,21426,3043,10383,2117,18383,444,201,243
13840,21437,3044,10391,2117,18393,444,201,243
13845,21441,3044,10391,2117,18397,444,201,243
13850,21451,3045,10398,2118,18406,444,201,243
13855,21457,3045,10401,2118,18412,444,201,243
13860,21468,3046,10409,2118,18422,444,201,243
13865,21472,3046,10412,2118,18426,444,201,243
13870,21482,3047,10419,2119,18435,444,201,243
13875,21488,3047,10421,2119,18441,444,201,243
13880,21499,3048,10424,2119,18451,444,201,243
13885,21503,3048,10427,2119,18455,444,201,243
13890,21513,3049,10429,2119,18464,444,201,243
13895,21519,3049,10431,2119,18470,444,201,243
13900,21530,3050,10438,2120,18480,444,201,243
13905,21534,3050,10440,2120,18484,444,201,243
13910,21544,3053,10443,2121,18490,445,202,243
13915,21550,3055,10447,2123,18494,445,202,243
13920,21561,3060,10452,2127,18499,446,202,244
13925,21565,3061,10454,2128,18504,446,202,244
13930,21575,3061,10462,2128,18514,446,202,244
13935,21581,3062,10465,2129,18519,446,202,244
13940,21592,3065,10472,2132,18527,446,202,244
13945,21596,3065,10473,2132,18531,446,202,244
13950,21606,3065,10479,2132,18541,446,202,244
13955,21612,3066,10484,2133,18546,446,202,244
13960,21623,3069,10490,2136,18554,446,202,244
13965,21627,3069,10491,2136,18558,446,202,244
13970,21637,3069,10494,2136,18568,446,202,244
13975,21643,3070,10499,2137,18573,446,202,244
13980,21654,3072,10506,2139,18582,446,202,244
13985,21658,3072,10508,2139,18586,446,202,244
13990,21668,3072,10514,2139,18596,446,202,244
13995,21674,3073,10516,2140,18601,446,202,244
14000,21685,3074,10521,2140,18611,446,202,244
14005,21689,3074,10524,2140,18615,446,202,244
14010,21699,3074,10528,2140,18625,446,202,244
14015,21705,3075,10533,2141,18630,446,202,244
14020,21716,3077,10537,2143,18639,446,202,244
14025,21720,3077,10540,2143,18643,446,202,244
14030,21730,3080,10543,2145,18650,447,202,245
14035,21736,3081,10545,2145,18655,447,202,245
14040,21747,3083,10550,2146,18662,448,202,246
14045,21751,3085,10550,2148,18666,448,202,246
14050,21761,3087,10556,2150,18674,448,202,246
14055,21767,3087,10559,2150,18680,448,202,246
14060,21778,3088,10565,2151,18689,448,202,246
14065,21782,3089,10566,2152,18693,448,202,246
14070,21792,3091,10570,2153,18701,448,202,246
14075,21798,3091,10572,2153,18707,448,202,246
14080,21809,3092,10575,2154,18716,448,202,246
14085,21813,3093,10575,2155,18720,448,202,246
14090,21823,3095,10581,2156,18728,448,202,246
14095,21829,3095,10585,2156,18733,448,202,246
14100,21840,3097,10593,2158,18742,448,202,246
14105,21844,3099,10597,2160,18745,448,202,246
14110,21854,3101,10603,2162,18752,448,202,246
14115,21860,3103,10606,2163,18757,448,202,246
14120,21871,3105,10612,2164,18766,448,202,246
14125,21875,3105,10612,2164,18770,448,202,246
14130,21885,3106,10619,2164,18778,448,202,246
14135,21891,3108,10623,2165,18783,448,202,246
14140,21902,3110,10629,2167,18792,448,202,246
14145,21906,3110,10629,2167,18796,448,202,246
14150,21916,3111,10635,2168,18804,449,203,246
14155,21922,3113,10639,2170,18809,449,203,246
14160,21933,3115,10645,2172,18817,450,204,246
14165,21937,3115,10648,2172,18822,450,204,246
14170,21947,3116,10653,2172,18831,451,205,246
14175,21953,3116,10657,2172,18837,451,205,246
14180,21964,3116,10661,2172,18848,452,206,246
14185,21968,3116,10663,2172,18852,452,206,246
14190,21978,3117,10667,2173,18861,453,206,247
14195,21984,3117,10671,2173,18867,453,206,247
14200,21995,3117,10675,2173,18878,454,206,248
14205,21999,3117,10676,2173,18882,454,206,248
14210,22009,3118,10681,2174,18891,454,206,248
14215,22015,3119,10685,2175,18896,454,206,248
14220,22026,3120,10689,2176,18906,455,207,248
14225,22030,3121,10691,2177,18909,455,207,248
14230,22040,3122,10695,2178,18918,455,207,248
14235,22046,3123,10697,2178,18923,455,207,248
14240,22057,3124,10703,2178,18933,455,207,248
14245,22061,3124,10705,2178,18937,455,207,248
14250,22071,3124,10709,2178,18947,455,207,248
14255,22077,3125,10710,2178,18952,455,207,248
14260,22088,3126,10715,2178,18962,455,207,248
14265,22092,3126,10718,2178,18966,455,207,248
14270,22102,3127,10721,2179,18975,455,207,248
14275,22108,3128,10724,2180,18980,455,207,248
14280,22119,3129,10731,2180,18989,455,207,248
14285,22123,3130,10733,2181,18993,455,207,248
14290,22133,3132,10736,2182,19001,455,207,248
14295,22139,3133,10738,2182,19006,455,207,248
14300,22150,3134,10741,2182,19016,456,207,249
14305,22154,3134,10742,2182,19020,456,207,249
14310,22164,3136,10747,2182,19027,456,207,249
14315,22170,3138,10749,2183,19032,456,207,249
14320,22181,3140,10754,2184,19041,457,208,249
14325,22185,3140,10756,2184,19045,457,208,249
14330,22195,3142,10759,2184,19053,457,208,249
14335,22201,3143,10761,2184,19058,457,208,249
14340,22212,3146,10768,2186,19066,458,209,249
14345,22216,3146,10768,2186,19070,458,209,249
14350,22226,3148,10772,2187,19078,459,210,249
14355,22232,3149,10776,2188,19083,459,210,249
14360,22243,3150,10779,2188,19093,459,210,249
14365,22247,3150,10781,2188,19097,459,210,249
14370,22257,3154,10785,2191,19103,460,210,250
14375,22263,3155,10787,2191,19108,460,210,250
14380,22274,3157,10793,2193,19117,460,210,250
14385,22278,3157,10796,2193,19121,460,210,250
14390,22288,3160,10801,2196,19127,461,211,250
14395,22294,3162,10801,2197,19132,461,211,250
14400,22305,3164,10805,2199,19140,461,211,250
14405,22309,3165,10807,2200,19144,461,211,250
14410,22319,3166,10812,2200,19152,462,212,250
14415,22325,3168,10816,2202,19156,462,212,250
14420,22336,3170,10821,2203,19166,462,212,250
14425,22340,3170,10822,2203,19170,462,212,250
14430,22350,3171,10826,2203,19179,463,212,251
14435,22356,3172,10828,2204,19183,463,212,251
14440,22367,3174,10832,2206,19193,463,212,251
14445,22371,3174,10834,2206,19197,463,212,251
14450,22381,3176,10841,2207,19204,464,212,252
14455,22387,3179,10844,2209,19208,464,212,252
14460,22398,3183,10852,2213,19214,465,213,252
14465,22402,3184,10854,2214,19218,465,213,252
14470,22412,3184,10859,2214,19228,465,213,252
14475,22418,3184,10861,2214,19234,465,213,252
14480,22429,3184,10867,2214,19245,466,213,253
14485,22433,3184,10868,2214,19249,466,213,253
14490,22443,3184,10873,2214,19259,466,213,253
14495,22449,3184,10877,2214,19265,466,213,253
14500,22460,3184,10882,2214,19276,467,213,254
14505,22464,3184,10883,2214,19280,467,213,254
14510,22474,3185,10888,2214,19289,467,213,254
14515,22480,3185,10890,2214,19295,467,213,254
14520,22491,3185,10894,2214,19306,468,214,254
14525,22495,3185,10895,2214,19310,468,214,254
14530,22505,3186,10899,2214,19319,468,214,254
14535,22511,3186,10903,2214,19325,468,214,254
14540,22522,3189,10908,2216,19333,469,215,254
14545,22526,3189,10908,2216,19337,469,215,254
14550,22536,3190,10912,2216,19346,469,215,254
14555,22542,3190,10917,2216,19351,469,215,254
14560,22553,3192,10923,2218,19361,469,215,254
14565,22557,3192,10924,2218,19365,469,215,254
14570,22567,3194,10930,2219,19373,469,215,254
14575,22573,3195,10934,2219,19377,469,215,254
14580,22584,3198,10940,2222,19385,469,215,254
14585,22588,3199,10944,2223,19389,469,215,254
14590,22598,3201,10947,2224,19397,470,215,255
14595,22604,3202,10950,2225,19402,470,215,255
14600,22615,3202,10953,2225,19413,470,215,255
14605,22619,3203,10955,2226,19416,470,215,255
14610,22629,3206,10962,2227,19423,471,216,255
14615,22635,3207,10966,2228,19428,471,216,255
14620,22646,3209,10972,2230,19436,471,216,255
14625,22650,3211,10974,2232,19439,471,216,255
14630,22660,3214,10976,2233,19446,472,216,256
14635,22666,3215,10981,2234,19451,472,216,256
14640,22677,3216,10987,2235,19459,472,216,256
14645,22681,3218,10988,2237,19463,472,216,256
14650,22691,3220,10993,2238,19471,473,216,257
14655,22697,3221,10995,2238,19476,473,216,257
14660,22708,3223,11001,2240,19484,473,216,257
14665,22712,3224,11003,2241,19488,473,216,257
14670,22722,3226,11007,2242,19496,474,216,258
14675,22728,3227,11009,2243,19501,474,216,258
14680,22739,3230,11015,2245,19509,474,216,258
14685,22743,3231,11017,2246,19512,474,216,258
14690,22753,3235,11022,2249,19517,475,216,259
14695,22759,3238,11026,2252,19520,475,216,259
14700,22770,3241,11032,2254,19528,476,217,259
14705,22774,3242,11033,2255,19532,476,217,259
14710,22784,3243,11037,2256,19541,476,217,259
14715,22790,3244,11040,2257,19546,476,217,259
14720,22801,3244,11046,2257,19557,476,217,259
14725,22805,3244,11048,2257,19561,476,217,259
14730,22815,3245,11053,2257,19570,476,217,259
14735,22821,3245,11056,2257,19576,476,217,259
14740,22832,3245,11062,2257,19587,476,217,259
14745,22836,3245,11065,2257,19591,476,217,259
14750,22846,3246,11067,2257,19600,476,217,259
14755,22852,3246,11071,2257,19606,476,217,259
14760,22863,3246,11078,2257,19617,476,217,259
14765,22867,3246,11080,2257,19621,476,217,259
14770,22877,3248,11086,2259,19629,476,217,259
14775,22883,3248,11091,2259,19634,476,217,259
14780,22894,3249,11096,2260,19645,476,217,259
14785,22898,3249,11098,2260,19649,476,217,259
14790,22908,3251,11104,2262,19657,476,217,259
14795,22914,3251,11106,2262,19663,476,217,259
14800,22925,3252,11112,2263,19673,476,217,259
14805,22929,3252,11114,2263,19677,476,217,259
14810,22939,3254,11120,2265,19685,477,218,259
14815,22945,3254,11124,2265,19690,477,218,259
14820,22956,3258,11131,2268,19695,478,219,259
14825,22960,3258,11133,2268,19702,478,219,259
14830,22970,3258,11135,2268,19712,478,219,259
14835,22976,3259,11138,2269,19717,478,219,259
14840,22987,3259,11145,2269,19728,478,219,259
14845,22991,3259,11147,2269,19732,478,219,259
14850,23001,3259,11151,2269,19742,478,219,259
14855,23007,3260,11153,2270,19747,478,219,259
14860,23018,3260,11161,2270,19758,478,219,259
14865,23022,3260,11164,2270,19762,478,219,259
14870,23032,3260,11168,2270,19772,478,219,259
14875,23038,3261,11171,2271,19777,478,219,259
14880,23049,3261,11175,2271,19788,478,219,259
14885,23053,3261,11177,2271,19792,478,219,259
14890,23063,3262,11182,2272,19801,478,219,259
14895,23069,3263,11184,2272,19806,478,219,259
14900,23080,3264,11190,2273,19816,479,220,259
14905,23084,3264,11190,2273,19820,479,220,259
14910,23094,3265,11196,2273,19829,479,220,259
14915,23100,3266,11199,2273,19834,479,220,259
14920,23111,3268,11207,2275,19843,480,221,259
14925,23115,3268,11208,2275,19847,480,221,259
14930,23125,3270,11213,2276,19855,481,221,260
14935,23131,3271,11214,2276,19860,481,221,260
14940,23142,3274,11219,2279,19867,482,221,261
14945,23146,3274,11221,2279,19872,482,221,261
14950,23156,3275,11226,2279,19881,482,221,261
14955,23162,3275,11230,2279,19887,482,221,261
14960,23173,3276,11234,2280,19897,482,221,261
14965,23177,3276,11235,2280,19901,482,221,261
14970,23187,3277,11238,2280,19910,482,221,261
14975,23193,3277,11240,2280,19916,482,221,261
14980,23204,3278,11243,2281,19926,482,221,261
14985,23208,3278,11245,2281,19930,482,221,261
14990,23218,3279,11252,2282,19939,482,221,261
14995,23224,3279,11256,2282,19944,482,221,261
15000,23235,3281,11259,2284,19954,482,221,261
15005,23239,3281,11259,2284,19958,482,221,261
15010,23249,3281,11261,2284,19968,482,221,261
15015,23255,3281,11265,2284,19974,482,221,261
15020,23266,3283,11273,2285,19983,482,221,261
15025,23270,3283,11276,2285,19987,482,221,261
15030,23280,3283,11282,2285,19997,482,221,261
15035,23286,3283,11286,2285,20003,482,221,261
15040,23297,3284,11291,2286,20013,482,221,261
15045,23301,3284,11294,2286,20017,482,221,261
15050,23311,3285,11296,2286,20026,482,221,261
15055,23317,3286,11297,2286,20031,482,221,261
15060,23328,3288,11304,2288,20039,482,221,261
15065,23332,3289,11307,2289,20043,482,221,261
15070,23342,3290,11312,2290,20052,482,221,261
15075,23348,3291,11315,2290,20057,482,221,261
15080,23359,3292,11319,2290,20067,482,221,261
15085,23363,3292,11321,2290,20071,482,221,261
15090,23373,3293,11324,2291,20080,482,221,261
15095,23379,3294,11325,2291,20085,482,221,261
15100,23390,3296,11331,2292,20094,482,221,261
15105,23394,3296,11332,2292,20098,482,221,261
15110,23404,3298,11335,2293,20106,482,221,261
15115,23410,3299,11338,2294,20111,482,221,261
15120,23421,3300,11345,2294,20121,482,221,261
15125,23425,3300,11346,2294,20125,482,221,261
15130,23435,3303,11353,2297,20131,482,221,261
15135,23441,3305,11357,2298,20136,482,221,261
15140,23452,3307,11363,2299,20145,482,221,261
15145,23456,3307,11364,2299,20149,482,221,261
15150,23466,3309,11367,2299,20156,482,221,261
15155,23472,3311,11370,2301,20161,482,221,261
15160,23483,3312,11376,2302,20171,482,221,261
15165,23487,3312,11378,2302,20175,482,221,261
15170,23497,3315,11384,2303,20181,482,221,261
15175,23503,3317,11386,2305,20186,482,221,261
15180,23514,3319,11392,2307,20194,483,221,262
15185,23518,3320,11395,2308,20198,483,221,262
15190,23528,3321,11400,2308,20207,483,221,262
15195,23534,3321,11403,2308,20213,483,221,262
15200,23545,3321,11409,2308,20224,483,221,262
15205,23549,3321,11411,2308,20228,483,221,262
15210,23559,3322,11418,2309,20237,483,221,262
15215,23565,3322,11421,2309,20243,483,221,262
15220,23576,3322,11424,2309,20254,483,221,262
15225,23580,3322,11425,2309,20258,483,221,262
15230,23590,3323,11430,2310,20267,483,221,262
15235,23596,3323,11435,2310,20273,483,221,262
15240,23607,3323,11439,2310,20284,483,221,262
15245,23611,3323,11441,2310,20288,483,221,262
15250,23621,3325,11446,2310,20296,483,221,262
15255,23627,3325,11448,2310,20302,483,221,262
15260,23638,3326,11454,2311,20312,484,222,262
15265,23642,3326,11457,2311,20316,484,222,262
15270,23652,3328,11462,2312,20324,484,222,262
15275,23658,3328,11463,2312,20330,484,222,262
15280,23669,3329,11468,2313,20339,485,223,262
15285,23673,3330,11470,2314,20343,485,223,262
15290,23683,3332,11473,2314,20351,485,223,262
15295,23689,3333,11475,2315,20356,485,223,262
15300,23700,3336,11481,2318,20363,486,223,263
15305,23704,3337,11482,2319,20367,486,223,263
15310,23714,3338,11488,2319,20375,486,223,263
15315,23720,3340,11491,2320,20380,486,223,263
15320,23731,3342,11495,2322,20389,486,223,263
15325,23735,3342,11495,2322,20393,486,223,263
15330,23745,3343,11500,2322,20402,486,223,263
15335,23751,3344,11502,2322,20407,486,223,263
15340,23762,3346,11506,2324,20416,486,223,263
15345,23766,3346,11507,2324,20420,486,223,263
15350,23776,3347,11508,2324,20429,486,223,263
15355,23782,3348,11510,2324,20434,486,223,263
15360,23793,3349,11514,2325,20444,486,223,263
15365,23797,3349,11517,2325,20448,486,223,263
15370,23807,3350,11521,2325,20457,486,223,263
15375,23813,3351,11526,2326,20462,486,223,263
15380,23824,3354,11534,2329,20470,486,223,263
15385,23828,3354,11535,2329,20474,486,223,263
15390,23838,3355,11543,2330,20482,486,223,263
15395,23844,3357,11545,2332,20487,486,223,263
15400,23855,3359,11551,2334,20496,486,223,263
15405,23859,3359,11553,2334,20500,486,223,263
15410,23869,3362,11559,2337,20507,486,223,263
15415,23875,3364,11564,2339,20510,486,223,263
15420,23886,3369,11571,2343,20514,487,224,263
15425,23890,3372,11571,2346,20518,487,224,263
15430,23900,3372,11575,2346,20528,487,224,263
15435,23906,3373,11580,2347,20533,487,224,263
15440,23917,3373,11586,2347,20544,487,224,263
15445,23921,3373,11589,2347,20548,487,224,263
15450,23931,3373,11594,2347,20558,487,224,263
15455,23937,3374,11598,2348,20563,487,224,263
15460,23948,3374,11604,2348,20574,487,224,263
15465,23952,3374,11605,2348,20578,487,224,263
15470,23962,3374,11609,2348,20588,487,224,263
15475,23968,3375,11611,2348,20593,487,224,263
15480,23979,3375,11615,2348,20604,487,224,263
15485,23983,3376,11618,2349,20607,487,224,263
15490,23993,3377,11626,2350,20616,487,224,263
15495,23999,3378,11630,2351,20621,487,224,263
15500,24010,3379,11634,2352,20631,488,225,263
15505,24014,3379,11635,2352,20635,488,225,263
15510,24024,3380,11641,2352,20644,488,225,263
15515,24030,3381,11645,2352,20649,488,225,263
15520,24041,3385,11653,2355,20656,489,226,263
15525,24045,3387,11656,2357,20658,489,226,263
15530,24055,3388,11659,2357,20667,489,226,263
15535,24061,3389,11660,2358,20672,489,226,263
15540,24072,3391,11664,2359,20681,490,226,264
15545,24076,3391,11665,2359,20685,490,226,264
15550,24086,3391,11670,2359,20695,490,226,264
15555,24092,3391,11671,2359,20701,490,226,264
15560,24103,3393,11677,2361,20710,490,226,264
15565,24107,3393,11679,2361,20714,490,226,264
15570,24117,3393,11684,2361,20724,490,226,264
15575,24123,3393,11685,2361,20730,490,226,264
15580,24134,3394,11690,2361,20740,490,226,264
15585,24138,3394,11691,2361,20744,490,226,264
15590,24148,3395,11695,2361,20753,490,226,264
15595,24154,3395,11697,2361,20759,490,226,264
15600,24165,3396,11700,2361,20769,490,226,264
15605,24169,3396,11700,2361,20773,490,226,264
15610,24179,3399,11707,2364,20779,490,226,264
15615,24185,3401,11707,2365,20784,490,226,264
15620,24196,3402,11715,2366,20793,491,227,264
15625,24200,3403,11716,2367,20797,491,227,264
15630,24210,3405,11720,2368,20804,491,227,264
15635,24216,3407,11723,2370,20809,491,227,264
15640,24227,3408,11728,2371,20819,492,227,265
15645,24231,3408,11729,2371,20823,492,227,265
15650,24241,3411,11732,2372,20830,492,227,265
15655,24247,3412,11735,2372,20835,492,227,265
15660,24258,3412,11741,2372,20846,493,227,266
15665,24262,3412,11742,2372,20850,493,227,266
15670,24272,3413,11748,2372,20859,493,227,266
15675,24278,3414,11750,2372,20864,493,227,266
15680,24289,3414,11754,2372,20875,493,227,266
15685,24293,3414,11755,2372,20879,493,227,266
15690,24303,3415,11763,2373,20887,493,227,266
15695,24309,3417,11767,2374,20892,493,227,266
15700,24320,3417,11771,2374,20903,493,227,266
15705,24324,3417,11774,2374,20907,493,227,266
15710,24334,3418,11781,2375,20915,493,227,266
15715,24340,3420,11783,2377,20920,493,227,266
15720,24351,3422,11788,2379,20929,493,227,266
15725,24355,3422,11788,2379,20933,493,227,266
15730,24365,3424,11794,2381,20941,493,227,266
15735,24371,3425,11798,2382,20946,493,227,266
15740,24382,3427,11806,2384,20954,494,228,266
15745,24386,3429,11808,2386,20957,494,228,266
15750,24396,3431,11814,2387,20964,494,228,266
15755,24402,3433,11817,2389,20969,494,228,266
15760,24413,3434,11819,2390,20979,495,229,266
15765,24417,3435,11822,2391,20982,495,229,266
15770,24427,3437,11824,2391,20990,495,229,266
15775,24433,3438,11826,2391,20995,495,229,266
15780,24444,3439,11831,2392,21005,496,230,266
15785,24448,3439,11833,2392,21009,496,230,266
15790,24458,3440,11836,2392,21018,496,230,266
15795,24464,3440,11839,2392,21024,496,230,266
15800,24475,3442,11846,2394,21033,496,230,266
15805,24479,3442,11846,2394,21037,496,230,266
15810,24489,3443,11850,2395,21046,496,230,266
15815,24495,3443,11855,2395,21052,496,230,266
15820,24506,3445,11863,2396,21061,496,230,266
15825,24510,3445,11864,2396,21065,496,230,266
15830,24520,3447,11869,2397,21073,496,230,266
15835,24526,3448,11873,2398,21078,496,230,266
15840,24537,3451,11878,2400,21086,496,230,266
15845,24541,3451,11880,2400,21090,496,230,266
15850,24551,3451,11886,2400,21100,496,230,266
15855,24557,3451,11889,2400,21106,496,230,266
15860,24568,3452,11892,2401,21116,496,230,266
15865,24572,3452,11895,2401,21120,496,230,266
15870,24582,3452,11899,2401,21130,496,230,266
15875,24588,3452,11901,2401,21136,496,230,266
15880,24599,3453,11905,2402,21146,496,230,266
15885,24603,3453,11907,2402,21150,496,230,266
15890,24613,3454,11911,2402,21159,496,230,266
15895,24619,3455,11914,2403,21164,496,230,266
15900,24630,3458,11918,2405,21171,497,231,266
15905,24634,3459,11918,2406,21175,497,231,266
15910,24644,3460,11922,2407,21183,497,231,266
15915,24650,3462,11927,2409,21188,497,231,266
15920,24661,3464,11931,2410,21197,498,232,266
15925,24665,3464,11931,2410,21201,498,232,266
15930,24675,3464,11935,2410,21211,498,232,266
15935,24681,3465,11937,2410,21216,498,232,266
15940,24692,3466,11941,2410,21225,499,233,266
15945,24696,3468,11944,2412,21228,499,233,266
15950,24706,3470,11951,2413,21236,499,233,266
15955,24712,3471,11954,2414,21241,499,233,266
15960,24723,3472,11961,2415,21250,500,234,266
15965,24727,3474,11963,2417,21253,500,234,266
15970,24737,3475,11968,2418,21262,500,234,266
15975,24743,3475,11970,2418,21268,500,234,266
15980,24754,3476,11977,2418,21278,500,234,266
15985,24758,3476,11979,2418,21282,500,234,266
15990,24768,3477,11982,2418,21291,500,234,266
15995,24774,3477,11984,2418,21296,500,234,266
16000,24785,3479,11991,2419,21306,500,234,266
16005,24789,3479,11995,2419,21310,500,234,266
16010,24799,3480,11999,2419,21319,500,234,266
16015,24805,3480,12002,2419,21324,500,234,266
16020,24816,3483,12009,2422,21332,500,234,266
16025,24820,3484,12012,2423,21336,500,234,266
16030,24830,3485,12017,2424,21344,500,234,266
16035,24836,3487,12021,2426,21348,500,234,266
16040,24847,3488,12026,2427,21358,500,234,266
16045,24851,3489,12030,2428,21362,500,234,266
16050,24861,3490,12033,2429,21370,500,234,266
16055,24867,3492,12037,2430,21374,500,234,266
16060,24878,3494,12041,2432,21384,500,234,266
16065,24882,3494,12041,2432,21388,500,234,266
16070,24892,3495,12046,2433,21397,500,234,266
16075,24898,3496,12046,2433,21402,500,234,266
16080,24909,3497,12054,2434,21411,500,234,266
16085,24913,3498,12056,2435,21415,500,234,266
16090,24923,3499,12059,2436,21424,500,234,266
16095,24929,3500,12061,2437,21429,500,234,266
16100,24940,3501,12066,2438,21439,500,234,266
16105,24944,3501,12067,2438,21443,500,234,266
16110,24954,3503,12073,2440,21451,500,234,266
16115,24960,3504,12076,2441,21456,500,234,266
16120,24971,3505,12081,2442,21466,500,234,266
16125,24975,3506,12082,2443,21469,500,234,266
16130,24985,3507,12084,2443,21478,500,234,266
16135,24991,3508,12087,2444,21483,500,234,266
16140,25002,3509,12089,2444,21493,500,234,266
16145,25006,3509,12090,2444,21497,500,234,266
16150,25016,3510,12091,2444,21506,500,234,266
16155,25022,3510,12093,2444,21512,500,234,266
16160,25033,3510,12098,2444,21523,500,234,266
16165,25037,3510,12100,2444,21527,500,234,266
16170,25047,3511,12106,2444,21536,500,234,266
16175,25053,3511,12108,2444,21542,500,234,266
16180,25064,3511,12113,2444,21553,500,234,266
16185,25068,3511,12114,2444,21557,500,234,266
16190,25078,3512,12119,2444,21566,500,234,266
16195,25084,3512,12123,2444,21572,500,234,266
16200,25095,3512,12128,2444,21583,500,234,266
16205,25099,3512,12130,2444,21587,500,234,266
16210,25109,3513,12135,2444,21596,500,234,266
16215,25115,3513,12138,2444,21602,500,234,266
16220,25126,3513,12146,2444,21613,500,234,266
16225,25130,3513,12147,2444,21617,500,234,266
16230,25140,3514,12151,2445,21626,500,234,266
16235,25146,3514,12154,2445,21632,500,234,266
16240,25157,3514,12159,2445,21643,500,234,266
16245,25161,3514,12162,2445,21647,500,234,266
16250,25171,3516,12168,2446,21655,500,234,266
16255,25177,3517,12172,2446,21660,500,234,266
16260,25188,3519,12176,2448,21669,501,234,267
16265,25192,3519,12177,2448,21673,501,234,267
16270,25202,3521,12181,2450,21681,501,234,267
16275,25208,3522,12184,2451,21685,501,234,267
16280,25219,3524,12189,2453,21694,501,234,267
16285,25223,3526,12192,2455,21697,501,234,267
16290,25233,3527,12197,2456,21706,501,234,267
16295,25239,3528,12198,2456,21711,501,234,267
16300,25250,3529,12205,2457,21721,501,234,267
16305,25254,3529,12206,2457,21725,501,234,267
16310,25264,3530,12211,2458,21733,501,234,267
16315,25270,3533,12213,2460,21736,501,234,267
16320,25281,3537,12219,2463,21744,501,234,267
16325,25285,3537,12219,2463,21748,501,234,267
16330,25295,3538,12222,2463,21756,501,234,267
16335,25301,3540,12223,2464,21761,501,234,267
16340,25312,3541,12227,2465,21771,501,234,267
16345,25316,3541,12231,2465,21775,501,234,267
16350,25326,3542,12234,2466,21783,501,234,267
16355,25332,3544,12236,2468,21788,501,234,267
16360,25343,3546,12243,2469,21797,501,234,267
16365,25347,3546,12243,2469,21801,501,234,267
16370,25357,3548,12249,2471,21808,501,234,267
16375,25363,3550,12251,2472,21813,501,234,267
16380,25374,3552,12256,2473,21822,502,234,268
16385,25378,3552,12256,2473,21826,502,234,268
16390,25388,3553,12261,2473,21834,502,234,268
16395,25394,3555,12263,2475,21839,502,234,268
16400,25405,3556,12268,2475,21848,503,235,268
16405,25409,3557,12271,2476,21852,503,235,268
16410,25419,3559,12274,2477,21860,503,235,268
16415,25425,3560,12275,2477,21865,503,235,268
16420,25436,3562,12280,2478,21874,503,235,268
16425,25440,3562,12281,2478,21878,503,235,268
16430,25450,3564,12284,2479,21885,503,235,268
16435,25456,3566,12287,2481,21890,503,235,268
16440,25467,3568,12290,2482,21899,503,235,268
16445,25471,3569,12293,2483,21902,503,235,268
16450,25481,3570,12300,2483,21911,503,235,268
16455,25487,3570,12300,2483,21917,503,235,268
16460,25498,3571,12305,2484,21927,503,235,268
16465,25502,3572,12306,2485,21930,503,235,268
16470,25512,3573,12312,2485,21939,503,235,268
16475,25518,3573,12314,2485,21945,503,235,268
16480,25529,3574,12319,2485,21955,503,235,268
16485,25533,3575,12322,2486,21958,503,235,268
16490,25543,3577,12326,2487,21966,503,235,268
16495,25549,3577,12328,2487,21972,503,235,268
16500,25560,3579,12333,2488,21981,503,235,268
16505,25564,3580,12334,2489,21984,503,235,268
16510,25574,3583,12338,2491,21991,503,235,268
16515,25580,3583,12339,2491,21997,503,235,268
16520,25591,3586,12347,2494,22004,504,236,268
16525,25595,3589,12349,2497,22006,504,236,268
16530,25605,3591,12353,2498,22014,504,236,268
16535,25611,3591,12357,2498,22020,504,236,268
16540,25622,3593,12362,2500,22029,505,236,269
16545,25626,3594,12364,2501,22032,505,236,269
16550,25636,3596,12371,2503,22040,505,236,269
16555,25642,3597,12375,2504,22045,505,236,269
16560,25653,3600,12381,2506,22052,506,237,269
16565,25657,3601,12384,2507,22056,506,237,269
16570,25667,3602,12389,2507,22065,506,237,269
16575,25673,3602,12392,2507,22071,506,237,269
16580,25684,3603,12400,2508,22081,507,238,269
16585,25688,3603,12403,2508,22085,507,238,269
16590,25698,3604,12407,2508,22094,507,238,269
16595,25704,3604,12411,2508,22100,507,238,269
16600,25715,3605,12418,2509,22110,508,238,270
16605,25719,3605,12419,2509,22114,508,238,270
16610,25729,3606,12424,2509,22123,508,238,270
16615,25735,3606,12427,2509,22129,508,238,270
16620,25746,3606,12428,2509,22140,509,238,271
16625,25750,3606,12429,2509,22144,509,238,271
16630,25760,3608,12433,2509,22152,509,238,271
16635,25766,3608,12436,2509,22158,509,238,271
16640,25777,3609,12441,2510,22168,510,238,272
16645,25781,3609,12444,2510,22172,510,238,272
16650,25791,3611,12451,2511,22180,510,238,272
16655,25797,3611,12454,2511,22186,510,238,272
16660,25808,3612,12462,2512,22196,511,239,272
16665,25812,3612,12465,2512,22200,511,239,272
16670,25822,3614,12468,2512,22207,511,239,272
16675,25828,3616,12470,2513,22211,511,239,272
16680,25839,3621,12477,2517,22217,512,239,273
16685,25843,3622,12478,2518,22221,512,239,273
16690,25853,3622,12483,2518,22231,512,239,273
16695,25859,3623,12486,2518,22236,512,239,273
16700,25870,3624,12490,2519,22246,512,239,273
16705,25874,3624,12492,2519,22250,512,239,273
16710,25884,3624,12494,2519,22260,512,239,273
16715,25890,3625,12497,2519,22265,512,239,273
16720,25901,3627,12502,2520,22274,512,239,273
16725,25905,3627,12504,2520,22278,512,239,273
16730,25915,3627,12508,2520,22288,512,239,273
16735,25921,3629,12512,2521,22292,512,239,273
16740,25932,3631,12518,2522,22301,512,239,273
16745,25936,3631,12519,2522,22305,512,239,273
16750,25946,3631,12523,2522,22315,512,239,273
16755,25952,3633,12526,2524,22319,512,239,273
16760,25963,3635,12532,2526,22328,512,239,273
16765,25967,3635,12534,2526,22332,512,239,273
16770,25977,3635,12538,2526,22342,512,239,273
16775,25983,3636,12542,2527,22347,512,239,273
16780,25994,3637,12546,2527,22357,512,239,273
16785,25998,3637,12550,2527,22361,512,239,273
16790,26008,3638,12553,2527,22370,512,239,273
16795,26014,3640,12558,2529,22373,512,239,273
16800,26025,3645,12564,2533,22379,513,240,273
16805,26029,3646,12565,2534,22383,513,240,273
16810,26039,3647,12571,2534,22391,513,240,273
16815,26045,3649,12575,2536,22396,513,240,273
16820,26056,3650,12582,2537,22406,513,240,273
16825,26060,3650,12583,2537,22410,513,240,273
16830,26070,3651,12587,2537,22418,513,240,273
16835,26076,3653,12590,2539,22423,513,240,273
16840,26087,3654,12594,2539,22433,513,240,273
16845,26091,3655,12597,2540,22436,513,240,273
16850,26101,3656,12601,2540,22445,513,240,273
16855,26107,3657,12604,2541,22450,513,240,273
16860,26118,3658,12608,2542,22460,513,240,273
16865,26122,3658,12609,2542,22464,513,240,273
16870,26132,3659,12613,2542,22473,513,240,273
16875,26138,3660,12614,2542,22478,513,240,273
16880,26149,3661,12619,2542,22488,513,240,273
16885,26153,3661,12621,2542,22492,513,240,273
16890,26163,3662,12625,2543,22501,513,240,273
16895,26169,3663,12627,2543,22506,513,240,273
16900,26180,3664,12633,2543,22516,513,240,273
16905,26184,3664,12635,2543,22520,513,240,273
16910,26194,3666,12641,2543,22527,513,240,273
16915,26200,3668,12646,2545,22531,513,240,273
16920,26211,3672,12652,2549,22539,513,240,273
16925,26215,3673,12656,2550,22542,513,240,273
16930,26225,3674,12661,2551,22551,513,240,273
16935,26231,3675,12664,2551,22556,513,240,273
16940,26242,3675,12671,2551,22567,513,240,273
16945,26246,3675,12673,2551,22571,513,240,273
16950,26256,3676,12677,2552,22580,513,240,273
16955,26262,3677,12680,2553,22585,513,240,273
16960,26273,3677,12687,2553,22596,513,240,273
16965,26277,3677,12688,2553,22600,513,240,273
16970,26287,3678,12693,2553,22609,513,240,273
16975,26293,3679,12696,2553,22614,513,240,273
16980,26304,3679,12703,2553,22625,513,240,273
16985,26308,3679,12704,2553,22629,513,240,273
16990,26318,3679,12709,2553,22639,513,240,273
16995,26324,3680,12711,2554,22644,513,240,273
17000,26335,3680,12718,2554,22655,513,240,273
17005,26339,3680,12720,2554,22659,513,240,273
17010,26349,3680,12725,2554,22669,513,240,273
17015,26355,3681,12729,2555,22674,513,240,273
17020,26366,3681,12733,2555,22685,513,240,273
17025,26370,3681,12735,2555,22689,513,240,273
17030,26380,3683,12739,2556,22697,513,240,273
17035,26386,3684,12741,2557,22702,513,240,273
17040,26397,3686,12746,2559,22711,514,241,273
17045,26401,3686,12749,2559,22715,514,241,273
17050,26411,3688,12755,2560,22723,514,241,273
17055,26417,3688,12758,2560,22729,514,241,273
17060,26428,3689,12765,2560,22739,514,241,273
17065,26432,3689,12768,2560,22743,514,241,273
17070,26442,3691,12771,2561,22751,514,241,273
17075,26448,3691,12774,2561,22757,514,241,273
17080,26459,3693,12781,2562,22766,514,241,273
17085,26463,3693,12781,2562,22770,514,241,273
17090,26473,3695,12785,2563,22778,514,241,273
17095,26479,3695,12789,2563,22784,514,241,273
17100,26490,3696,12795,2564,22794,514,241,273
17105,26494,3696,12798,2564,22798,514,241,273
17110,26504,3698,12802,2565,22806,514,241,273
17115,26510,3698,12806,2565,22812,514,241,273
17120,26521,3700,12809,2566,22821,514,241,273
17125,26525,3701,12811,2567,22824,514,241,273
17130,26535,3703,12819,2569,22832,514,241,273
17135,26541,3703,12820,2569,22838,514,241,273
17140,26552,3705,12828,2571,22847,514,241,273
17145,26556,3705,12829,2571,22851,514,241,273
17150,26566,3708,12832,2572,22857,514,241,273
17155,26572,3710,12835,2574,22862,514,241,273
17160,26583,3712,12839,2576,22871,514,241,273
17165,26587,3713,12841,2577,22874,514,241,273
17170,26597,3715,12847,2578,22882,514,241,273
17175,26603,3716,12849,2578,22887,514,241,273
17180,26614,3716,12854,2578,22897,514,241,273
17185,26618,3718,12857,2580,22900,514,241,273
17190,26628,3720,12863,2580,22908,514,241,273
17195,26634,3721,12864,2581,22913,514,241,273
17200,26645,3721,12870,2581,22923,514,241,273
17205,26649,3722,12872,2582,22927,514,241,273
17210,26659,3724,12876,2583,22935,514,241,273
17215,26665,3725,12879,2583,22939,514,241,273
17220,26676,3727,12885,2585,22948,515,241,274
17225,26680,3728,12888,2586,22952,515,241,274
17230,26690,3728,12892,2586,22962,515,241,274
17235,26696,3729,12894,2586,22967,515,241,274
17240,26707,3729,12900,2586,22978,515,241,274
17245,26711,3729,12901,2586,22982,515,241,274
17250,26721,3729,12907,2586,22992,515,241,274
17255,26727,3730,12909,2586,22997,515,241,274
17260,26738,3730,12915,2586,23008,515,241,274
17265,26742,3730,12918,2586,23012,515,241,274
17270,26752,3730,12923,2586,23021,515,241,274
17275,26758,3732,12925,2587,23026,515,241,274
17280,26769,3732,12934,2587,23036,515,241,274
17285,26773,3733,12937,2588,23040,515,241,274
17290,26783,3734,12942,2588,23048,515,241,274
17295,26789,3736,12944,2590,23053,515,241,274
17300,26800,3737,12952,2591,23063,516,242,274
17305,26804,3737,12954,2591,23067,516,242,274
17310,26814,3738,12960,2592,23075,516,242,274
17315,26820,3740,12960,2593,23080,516,242,274
17320,26831,3741,12967,2594,23090,517,243,274
17325,26835,3741,12970,2594,23094,517,243,274
17330,26845,3742,12979,2595,23102,517,243,274
17335,26851,3744,12984,2597,23107,517,243,274
17340,26862,3746,12991,2599,23115,518,244,274
17345,26866,3747,12993,2600,23119,518,244,274
17350,26876,3748,12997,2601,23128,518,244,274
17355,26882,3749,12999,2601,23133,518,244,274
17360,26893,3750,13002,2601,23143,518,244,274
17365,26897,3750,13003,2601,23147,518,244,274
17370,26907,3751,13009,2602,23156,518,244,274
17375,26913,3752,13012,2603,23161,518,244,274
17380,26924,3753,13017,2603,23171,518,244,274
17385,26928,3753,13018,2603,23175,518,244,274
17390,26938,3756,13024,2605,23182,518,244,274
17395,26944,3757,13026,2606,23187,518,244,274
17400,26955,3759,13034,2607,23196,518,244,274
17405,26959,3759,13036,2607,23200,518,244,274
17410,26969,3760,13041,2608,23208,518,244,274
17415,26975,3762,13043,2609,23213,518,244,274
17420,26986,3763,13049,2610,23223,519,244,275
17425,26990,3763,13051,2610,23227,519,244,275
17430,27000,3764,13056,2611,23235,519,244,275
17435,27006,3766,13060,2613,23239,519,244,275
17440,27017,3768,13065,2615,23249,519,244,275
17445,27021,3768,13068,2615,23253,519,244,275
17450,27031,3769,13071,2615,23261,519,244,275
17455,27037,3771,13076,2617,23266,519,244,275
17460,27048,3773,13084,2619,23274,519,244,275
17465,27052,3775,13085,2621,23277,519,244,275
17470,27062,3775,13093,2621,23287,519,244,275
17475,27068,3775,13096,2621,23293,519,244,275
17480,27079,3777,13103,2622,23302,519,244,275
17485,27083,3777,13104,2622,23306,519,244,275
17490,27093,3777,13108,2622,23316,519,244,275
17495,27099,3777,13113,2622,23322,519,244,275
17500,27110,3778,13120,2622,23332,519,244,275
17505,27114,3779,13123,2623,23335,519,244,275
17510,27124,3780,13128,2624,23344,519,244,275
17515,27130,3780,13131,2624,23350,519,244,275
17520,27141,3781,13138,2625,23360,519,244,275
17525,27145,3781,13139,2625,23364,519,244,275
17530,27155,3782,13144,2625,23373,519,244,275
17535,27161,3782,13146,2625,23378,519,244,275
17540,27172,3787,13154,2630,23385,520,244,276
17545,27176,3788,13157,2631,23388,520,244,276
17550,27186,3789,13158,2631,23397,520,244,276
17555,27192,3789,13160,2631,23403,520,244,276
17560,27203,3791,13163,2633,23412,521,244,277
17565,27207,3792,13167,2634,23415,521,244,277
17570,27217,3793,13172,2635,23423,521,244,277
17575,27223,3794,13173,2636,23429,521,244,277
17580,27234,3797,13182,2639,23436,522,245,277
17585,27238,3797,13184,2639,23441,522,245,277
17590,27248,3798,13189,2640,23450,522,245,277
17595,27254,3798,13192,2640,23456,522,245,277
17600,27265,3798,13199,2640,23467,522,245,277
17605,27269,3798,13201,2640,23471,522,245,277
17610,27279,3799,13207,2641,23480,522,245,277
17615,27285,3799,13212,2641,23486,522,245,277
17620,27296,3799,13215,2641,23497,522,245,277
17625,27300,3799,13218,2641,23501,522,245,277
17630,27310,3801,13223,2642,23509,522,245,277
17635,27316,3801,13225,2642,23514,522,245,277
17640,27327,3802,13229,2643,23525,522,245,277
17645,27331,3802,13231,2643,23529,522,245,277
17650,27341,3804,13235,2644,23537,522,245,277
17655,27347,3804,13237,2644,23543,522,245,277
17660,27358,3805,13242,2645,23553,522,245,277
17665,27362,3806,13244,2646,23556,522,245,277
17670,27372,3808,13249,2647,23564,522,245,277
17675,27378,3808,13254,2647,23570,522,245,277
17680,27389,3808,13258,2647,23581,522,245,277
17685,27393,3808,13259,2647,23585,522,245,277
17690,27403,3810,13264,2649,23593,522,245,277
17695,27409,3811,13267,2650,23598,522,245,277
17700,27420,3812,13269,2651,23608,523,245,278
17705,27424,3813,13270,2652,23611,523,245,278
17710,27434,3815,13275,2653,23619,523,245,278
17715,27440,3816,13279,2653,23624,523,245,278
17720,27451,3817,13283,2653,23634,523,245,278
17725,27455,3817,13284,2653,23638,523,245,278
17730,27465,3819,13286,2653,23646,523,245,278
17735,27471,3820,13290,2654,23651,523,245,278
17740,27482,3821,13294,2654,23661,523,245,278
17745,27486,3822,13295,2655,23664,523,245,278
17750,27496,3824,13301,2656,23671,523,245,278
17755,27502,3826,13304,2657,23676,523,245,278
17760,27513,3828,13310,2658,23685,523,245,278
17765,27517,3828,13313,2658,23689,523,245,278
17770,27527,3830,13316,2659,23697,523,245,278
17775,27533,3831,13318,2659,23702,523,245,278
17780,27544,3832,13322,2659,23712,523,245,278
17785,27548,3832,13324,2659,23716,523,245,278
17790,27558,3834,13329,2659,23723,523,245,278
17795,27564,3836,13332,2660,23728,523,245,278
17800,27575,3837,13334,2661,23738,523,245,278
17805,27579,3837,13335,2661,23742,523,245,278
17810,27589,3839,13340,2661,23750,523,245,278
17815,27595,3840,13342,2661,23754,523,245,278
17820,27606,3844,13347,2665,23762,524,245,279
17825,27610,3844,13347,2665,23766,524,245,279
17830,27620,3845,13351,2666,23775,524,245,279
17835,27626,3846,13353,2667,23780,524,245,279
17840,27637,3847,13355,2668,23790,524,245,279
17845,27641,3847,13356,2668,23794,524,245,279
17850,27651,3848,13362,2669,23803,524,245,279
17855,27657,3849,13365,2670,23808,524,245,279
17860,27668,3851,13370,2671,23817,524,245,279
17865,27672,3851,13374,2671,23821,524,245,279
17870,27682,3852,13378,2672,23829,524,245,279
17875,27688,3855,13384,2675,23832,524,245,279
17880,27699,3857,13387,2676,23841,524,245,279
17885,27703,3858,13388,2677,23845,524,245,279
17890,27713,3860,13392,2678,23853,524,245,279
17895,27719,3860,13394,2678,23859,524,245,279
17900,27730,3862,13396,2679,23868,524,245,279
17905,27734,3863,13399,2680,23871,524,245,279
17910,27744,3864,13402,2681,23880,524,245,279
17915,27750,3864,13406,2681,23886,524,245,279
17920,27761,3865,13408,2681,23896,524,245,279
17925,27765,3865,13411,2681,23900,524,245,279
17930,27775,3869,13420,2684,23906,524,245,279
17935,27781,3869,13425,2684,23911,524,245,279
17940,27792,3871,13427,2685,23921,525,245,280
17945,27796,3872,13430,2686,23924,525,245,280
17950,27806,3874,13431,2686,23932,525,245,280
17955,27812,3874,13434,2686,23938,525,245,280
17960,27823,3875,13439,2687,23948,525,245,280
17965,27827,3875,13440,2687,23952,525,245,280
17970,27837,3877,13447,2688,23960,525,245,280
17975,27843,3877,13449,2688,23966,525,245,280
17980,27854,3878,13454,2689,23976,525,245,280
17985,27858,3878,13456,2689,23980,525,245,280
17990,27868,3880,13460,2690,23988,525,245,280
17995,27874,3881,13462,2691,23993,525,245,280
18000,27885,3882,13469,2692,24003,525,245,280
18005,27889,3882,13471,2692,24007,525,245,280
18010,27899,3883,13479,2693,24015,525,245,280
18015,27905,3885,13481,2694,24020,525,245,280
18020,27916,3886,13488,2695,24030,525,245,280
18025,27920,3886,13490,2695,24034,525,245,280
18030,27930,3887,13494,2695,24043,525,245,280
18035,27936,3888,13498,2695,24048,525,245,280
18040,27947,3888,13503,2695,24059,525,245,280
18045,27951,3888,13505,2695,24063,525,245,280
18050,27961,3889,13510,2696,24072,525,245,280
18055,27967,3890,13513,2697,24077,525,245,280
18060,27978,3892,13520,2699,24085,526,245,281
18065,27982,3893,13521,2700,24089,526,245,281
18070,27992,3893,13525,2700,24099,526,245,281
18075,27998,3893,13526,2700,24105,526,245,281
18080,28009,3895,13531,2701,24113,526,245,281
18085,28013,3897,13532,2703,24116,526,245,281
18090,28023,3897,13538,2703,24126,526,245,281
18095,28029,3897,13540,2703,24132,526,245,281
18100,28040,3899,13545,2705,24141,526,245,281
18105,28044,3900,13549,2706,24144,526,245,281
18110,28054,3900,13555,2706,24154,526,245,281
18115,28060,3900,13557,2706,24160,526,245,281
18120,28071,3901,13561,2707,24170,526,245,281
18125,28075,3901,13562,2707,24174,526,245,281
18130,28085,3902,13565,2708,24183,526,245,281
18135,28091,3902,13568,2708,24188,526,245,281
18140,28102,3904,13574,2710,24197,526,245,281
18145,28106,3906,13576,2712,24200,526,245,281
18150,28116,3907,13578,2712,24209,526,245,281
18155,28122,3907,13579,2712,24215,526,245,281
18160,28133,3908,13584,2713,24224,526,245,281
18165,28137,3910,13586,2715,24227,526,245,281
18170,28147,3914,13591,2718,24233,526,245,281
18175,28153,3915,13594,2718,24237,526,245,281
18180,28164,3919,13599,2721,24245,527,246,281
18185,28168,3919,13600,2721,24249,527,246,281
18190,28178,3922,13604,2724,24256,527,246,281
18195,28184,3923,13606,2724,24261,527,246,281
18200,28195,3923,13617,2724,24272,528,247,281
18205,28199,3923,13619,2724,24276,528,247,281
18210,28209,3924,13624,2724,24284,528,247,281
18215,28215,3926,13625,2725,24289,528,247,281
18220,28226,3926,13628,2725,24300,528,247,281
18225,28230,3926,13630,2725,24304,528,247,281
18230,28240,3927,13636,2726,24313,528,247,281
18235,28246,3928,13641,2727,24318,528,247,281
18240,28257,3928,13645,2727,24329,528,247,281
18245,28261,3928,13645,2727,24333,528,247,281
18250,28271,3929,13649,2727,24341,528,247,281
18255,28277,3931,13653,2728,24346,528,247,281
18260,28288,3931,13660,2728,24357,528,247,281
18265,28292,3931,13661,2728,24361,528,247,281
18270,28302,3932,13668,2729,24370,528,247,281
18275,28308,3933,13671,2730,24375,528,247,281
18280,28319,3933,13674,2730,24386,528,247,281
18285,28323,3933,13676,2730,24390,528,247,281
18290,28333,3935,13679,2731,24397,528,247,281
18295,28339,3937,13679,2732,24402,528,247,281
18300,28350,3940,13683,2734,24410,528,247,281
18305,28354,3941,13684,2735,24413,528,247,281
18310,28364,3942,13688,2736,24422,528,247,281
18315,28370,3943,13690,2736,24427,528,247,281
18320,28381,3947,13696,2739,24434,529,248,281
18325,28385,3947,13697,2739,24438,529,248,281
18330,28395,3948,13700,2740,24447,529,248,281
18335,28401,3949,13703,2740,24451,529,248,281
18340,28412,3952,13708,2742,24460,530,249,281
18345,28416,3953,13710,2743,24463,530,249,281
18350,28426,3954,13714,2744,24471,530,249,281
18355,28432,3956,13717,2746,24476,530,249,281
18360,28443,3958,13723,2747,24485,531,249,282
18365,28447,3958,13725,2747,24489,531,249,282
18370,28457,3958,13731,2747,24498,531,249,282
18375,28463,3960,13734,2748,24503,531,249,282
18380,28474,3961,13740,2748,24513,531,249,282
18385,28478,3961,13742,2748,24517,531,249,282
18390,28488,3961,13745,2748,24527,531,249,282
18395,28494,3962,13748,2748,24532,531,249,282
18400,28505,3965,13754,2751,24540,531,249,282
18405,28509,3965,13756,2751,24544,531,249,282
18410,28519,3966,13763,2752,24553,531,249,282
18415,28525,3967,13766,2753,24558,531,249,282
18420,28536,3971,13773,2757,24564,531,249,282
18425,28540,3972,13776,2758,24568,531,249,282
18430,28550,3973,13779,2758,24577,531,249,282
18435,28556,3973,13783,2758,24582,531,249,282
18440,28567,3974,13787,2759,24593,531,249,282
18445,28571,3974,13788,2759,24597,531,249,282
18450,28581,3975,13791,2760,24606,531,249,282
18455,28587,3975,13793,2760,24612,531,249,282
18460,28598,3975,13798,2760,24623,531,249,282
18465,28602,3975,13801,2760,24627,531,249,282
18470,28612,3976,13807,2760,24636,531,249,282
18475,28618,3976,13811,2760,24641,531,249,282
18480,28629,3978,13816,2762,24650,531,249,282
18485,28633,3980,13817,2764,24653,531,249,282
18490,28643,3982,13820,2765,24661,531,249,282
18495,28649,3982,13823,2765,24667,531,249,282
18500,28660,3983,13825,2765,24677,531,249,282
18505,28664,3984,13827,2766,24680,531,249,282
18510,28674,3986,13831,2767,24688,531,249,282
18515,28680,3986,13835,2767,24694,531,249,282
18520,28691,3987,13840,2768,24704,531,249,282
18525,28695,3988,13842,2769,24707,531,249,282
18530,28705,3990,13847,2771,24715,531,249,282
18535,28711,3992,13851,2772,24719,531,249,282
18540,28722,3995,13857,2775,24727,531,249,282
18545,28726,3996,13861,2776,24730,531,249,282
18550,28736,3997,13867,2777,24739,531,249,282
18555,28742,3997,13870,2777,24745,531,249,282
18560,28753,3998,13874,2777,24755,531,249,282
18565,28757,3999,13877,2778,24758,531,249,282
18570,28767,4000,13882,2778,24767,531,249,282
18575,28773,4000,13885,2778,24773,531,249,282
18580,28784,4001,13890,2778,24783,531,249,282
18585,28788,4001,13893,2778,24787,531,249,282
18590,28798,4002,13899,2779,24796,531,249,282
18595,28804,4002,13902,2779,24802,531,249,282
18600,28815,4003,13906,2779,24811,531,249,282
18605,28819,4004,13907,2780,24815,531,249,282
18610,28829,4006,13913,2781,24823,531,249,282
18615,28835,4006,13915,2781,24829,531,249,282
18620,28846,4007,13918,2781,24839,531,249,282
18625,28850,4007,13920,2781,24843,531,249,282
18630,28860,4008,13923,2782,24852,531,249,282
18635,28866,4008,13928,2782,24858,531,249,282
18640,28877,4009,13935,2782,24868,531,249,282
18645,28881,4009,13935,2782,24872,531,249,282
18650,28891,4010,13939,2782,24881,531,249,282
18655,28897,4011,13940,2782,24886,531,249,282
18660,28908,4013,13945,2783,24895,531,249,282
18665,28912,4013,13947,2783,24899,531,249,282
18670,28922,4013,13951,2783,24909,531,249,282
18675,28928,4014,13954,2783,24914,531,249,282
18680,28939,4017,13960,2785,24921,531,249,282
18685,28943,4018,13961,2786,24925,531,249,282
18690,28953,4018,13968,2786,24934,531,249,282
18695,28959,4020,13971,2788,24939,531,249,282
18700,28970,4022,13976,2790,24948,531,249,282
18705,28974,4022,13977,2790,24952,531,249,282
18710,28984,4022,13979,2790,24962,531,249,282
18715,28990,4023,13983,2790,24966,531,249,282
18720,29001,4026,13986,2793,24975,531,249,282
18725,29005,4026,13987,2793,24979,531,249,282
18730,29015,4027,13990,2793,24988,531,249,282
18735,29021,4028,13992,2793,24993,531,249,282
18740,29032,4029,13995,2794,25003,531,249,282
18745,29036,4029,13995,2794,25007,531,249,282
18750,29046,4030,13998,2794,25015,531,249,282
18755,29052,4033,14003,2796,25019,531,249,282
18760,29063,4033,14010,2796,25030,531,249,282
18765,29067,4034,14012,2797,25033,531,249,282
18770,29077,4036,14017,2798,25040,531,249,282
18775,29083,4039,14019,2800,25044,531,249,282
18780,29094,4040,14024,2801,25054,531,249,282
18785,29098,4040,14024,2801,25058,531,249,282
18790,29108,4041,14030,2801,25067,531,249,282
18795,29114,4041,14035,2801,25073,531,249,282
18800,29125,4041,14041,2801,25084,532,249,283
18805,29129,4041,14044,2801,25088,532,249,283
18810,29139,4042,14048,2801,25097,532,249,283
18815,29145,4042,14051,2801,25103,532,249,283
18820,29156,4042,14054,2801,25114,533,250,283
18825,29160,4042,14057,2801,25118,533,250,283
18830,29170,4043,14062,2801,25127,533,250,283
18835,29176,4043,14067,2801,25133,533,250,283
18840,29187,4043,14072,2801,25144,534,250,284
18845,29191,4043,14073,2801,25148,534,250,284
18850,29201,4044,14080,2802,25157,534,250,284
18855,29207,4044,14081,2802,25163,534,250,284
18860,29218,4045,14091,2803,25173,535,251,284
18865,29222,4045,14093,2803,25177,535,251,284
18870,29232,4046,14100,2803,25186,535,251,284
18875,29238,4046,14103,2803,25192,535,251,284
18880,29249,4047,14108,2804,25202,536,252,284
18885,29253,4047,14111,2804,25206,536,252,284
18890,29263,4050,14115,2805,25213,536,252,284
18895,29269,4050,14118,2805,25219,536,252,284
18900,29280,4054,14125,2809,25225,537,253,284
18905,29284,4055,14128,2810,25229,537,253,284
18910,29294,4056,14131,2810,25238,537,253,284
18915,29300,4057,14135,2811,25242,537,253,284
18920,29311,4060,14139,2814,25251,537,253,284
18925,29315,4060,14140,2814,25255,537,253,284
18930,29325,4061,14145,2815,25263,537,253,284
18935,29331,4063,14148,2817,25267,537,253,284
18940,29342,4066,14152,2819,25276,537,253,284
18945,29346,4066,14154,2819,25280,537,253,284
18950,29356,4067,14157,2819,25288,537,253,284
18955,29362,4069,14159,2820,25293,537,253,284
18960,29373,4071,14167,2822,25302,537,253,284
18965,29377,4071,14167,2822,25306,537,253,284
18970,29387,4071,14171,2822,25316,537,253,284
18975,29393,4072,14174,2822,25321,537,253,284
18980,29404,4073,14179,2822,25331,537,253,284
18985,29408,4073,14180,2822,25335,537,253,284
18990,29418,4073,14184,2822,25345,537,253,284
18995,29424,4074,14187,2822,25350,537,253,284
19000,29435,4076,14194,2823,25359,537,253,284
19005,29439,4076,14197,2823,25363,537,253,284
19010,29449,4077,14202,2824,25372,537,253,284
19015,29455,4078,14206,2825,25377,537,253,284
19020,29466,4081,14213,2827,25384,538,253,285
19025,29470,4082,14214,2828,25388,538,253,285
19030,29480,4084,14219,2828,25396,538,253,285
19035,29486,4085,14222,2829,25401,538,253,285
19040,29497,4085,14227,2829,25412,538,253,285
19045,29501,4085,14229,2829,25416,538,253,285
19050,29511,4087,14236,2831,25424,538,253,285
19055,29517,4088,14238,2831,25429,538,253,285
19060,29528,4088,14248,2831,25440,538,253,285
19065,29532,4088,14251,2831,25444,538,253,285
19070,29542,4090,14257,2832,25452,538,253,285
19075,29548,4091,14257,2832,25457,538,253,285
19080,29559,4091,14265,2832,25468,538,253,285
19085,29563,4091,14266,2832,25472,538,253,285
19090,29573,4093,14270,2833,25480,538,253,285
19095,29579,4094,14273,2833,25485,538,253,285
19100,29590,4094,14277,2833,25496,538,253,285
19105,29594,4094,14279,2833,25500,538,253,285
19110,29604,4096,14284,2834,25508,538,253,285
19115,29610,4097,14288,2834,25513,538,253,285
19120,29621,4097,14292,2834,25524,538,253,285
19125,29625,4097,14293,2834,25528,538,253,285
19130,29635,4099,14299,2834,25536,538,253,285
19135,29641,4100,14303,2835,25540,538,253,285
19140,29652,4105,14309,2839,25546,539,254,285
19145,29656,4106,14313,2840,25550,539,254,285
19150,29666,4106,14320,2840,25560,539,254,285
19155,29672,4106,14324,2840,25566,539,254,285
19160,29683,4108,14330,2841,25575,540,255,285
19165,29687,4108,14330,2841,25579,540,255,285
19170,29697,4108,14336,2841,25589,540,255,285
19175,29703,4108,14339,2841,25595,540,255,285
19180,29714,4109,14343,2841,25605,541,255,286
19185,29718,4109,14345,2841,25609,541,255,286
19190,29728,4109,14350,2841,25619,541,255,286
19195,29734,4109,14352,2841,25625,541,255,286
19200,29745,4111,14359,2843,25634,542,256,286
19205,29749,4111,14359,2843,25638,542,256,286
19210,29759,4112,14367,2844,25647,542,256,286
19215,29765,4112,14370,2844,25652,542,256,286
19220,29776,4115,14376,2846,25661,542,256,286
19225,29780,4115,14380,2846,25665,542,256,286
19230,29790,4116,14386,2847,25674,542,256,286
19235,29796,4116,14389,2847,25679,542,256,286
19240,29807,4119,14396,2850,25688,542,256,286
19245,29811,4119,14396,2850,25692,542,256,286
19250,29821,4121,14401,2851,25700,542,256,286
19255,29827,4122,14404,2851,25704,542,256,286
19260,29838,4126,14411,2855,25710,542,256,286
19265,29842,4128,14415,2857,25714,542,256,286
19270,29852,4130,14419,2857,25722,542,256,286
19275,29858,4130,14421,2857,25728,542,256,286
19280,29869,4130,14426,2857,25739,542,256,286
19285,29873,4130,14428,2857,25743,542,256,286
19290,29883,4132,14430,2857,25751,542,256,286
19295,29889,4132,14434,2857,25757,542,256,286
19300,29900,4132,14440,2857,25768,542,256,286
19305,29904,4132,14441,2857,25772,542,256,286
19310,29914,4134,14447,2859,25780,542,256,286
19315,29920,4134,14451,2859,25786,542,256,286
19320,29931,4134,14456,2859,25797,542,256,286
19325,29935,4134,14457,2859,25801,542,256,286
19330,29945,4135,14461,2860,25810,542,256,286
19335,29951,4135,14464,2860,25816,542,256,286
19340,29962,4135,14472,2860,25827,543,256,287
19345,29966,4135,14474,2860,25831,543,256,287
19350,29976,4136,14478,2861,25840,543,256,287
19355,29982,4136,14482,2861,25846,543,256,287
19360,29993,4136,14487,2861,25857,544,256,288
19365,29997,4136,14490,2861,25861,544,256,288
19370,30007,4138,14496,2862,25869,544,256,288
19375,30013,4140,14500,2863,25873,544,256,288
19380,30024,4142,14506,2864,25880,544,256,288
19385,30028,4144,14508,2866,25884,544,256,288
19390,30038,4144,14515,2866,25894,544,256,288
19395,30044,4145,14516,2866,25899,544,256,288
19400,30055,4146,14518,2866,25909,544,256,288
19405,30059,4146,14521,2866,25913,544,256,288
19410,30069,4146,14527,2866,25922,544,256,288
19415,30075,4148,14529,2868,25927,544,256,288
19420,30086,4149,14533,2868,25937,544,256,288
19425,30090,4149,14534,2868,25941,544,256,288
19430,30100,4149,14541,2868,25950,544,256,288
19435,30106,4151,14545,2870,25955,544,256,288
19440,30117,4152,14552,2870,25965,544,256,288
19445,30121,4152,14552,2870,25969,544,256,288
19450,30131,4152,14555,2870,25979,544,256,288
19455,30137,4153,14558,2871,25984,544,256,288
19460,30148,4154,14563,2871,25994,544,256,288
19465,30152,4154,14565,2871,25998,544,256,288
19470,30162,4154,14567,2871,26008,544,256,288
19475,30168,4155,14569,2871,26013,544,256,288
19480,30179,4156,14574,2871,26023,545,257,288
19485,30183,4156,14577,2871,26027,545,257,288
19490,30193,4157,14582,2872,26036,545,257,288
19495,30199,4158,14586,2873,26040,545,257,288
19500,30210,4161,14591,2875,26047,546,258,288
19505,30214,4163,14592,2877,26051,546,258,288
19510,30224,4163,14595,2877,26061,546,258,288
19515,30230,4163,14597,2877,26067,546,258,288
19520,30241,4164,14604,2878,26077,546,258,288
19525,30245,4164,14605,2878,26081,546,258,288
19530,30255,4164,14611,2878,26091,546,258,288
19535,30261,4164,14614,2878,26097,546,258,288
19540,30272,4165,14617,2879,26107,546,258,288
19545,30276,4165,14620,2879,26111,546,258,288
19550,30286,4165,14624,2879,26121,546,258,288
19555,30292,4165,14627,2879,26127,546,258,288
19560,30303,4166,14631,2880,26137,546,258,288
19565,30307,4166,14632,2880,26141,546,258,288
19570,30317,4166,14637,2880,26151,546,258,288
19575,30323,4166,14640,2880,26157,546,258,288
19580,30334,4168,14647,2882,26166,546,258,288
19585,30338,4168,14650,2882,26170,546,258,288
19590,30348,4168,14652,2882,26180,546,258,288
19595,30354,4168,14655,2882,26186,546,258,288
19600,30365,4170,14662,2884,26195,546,258,288
19605,30369,4170,14662,2884,26199,546,258,288
19610,30379,4172,14667,2886,26207,546,258,288
19615,30385,4173,14670,2886,26211,546,258,288
19620,30396,4177,14676,2889,26218,547,259,288
19625,30400,4178,14677,2890,26222,547,259,288
19630,30410,4179,14683,2890,26230,547,259,288
19635,30416,4181,14686,2892,26235,547,259,288
19640,30427,4181,14693,2892,26246,547,259,288
19645,30431,4182,14695,2893,26249,547,259,288
19650,30441,4183,14700,2894,26258,547,259,288
19655,30447,4184,14702,2894,26263,547,259,288
19660,30458,4184,14707,2894,26274,547,259,288
19665,30462,4184,14707,2894,26278,547,259,288
19670,30472,4185,14711,2895,26286,547,259,288
19675,30478,4187,14714,2896,26291,547,259,288
19680,30489,4187,14720,2896,26302,547,259,288
19685,30493,4187,14722,2896,26306,547,259,288
19690,30503,4188,14727,2896,26315,547,259,288
19695,30509,4189,14730,2897,26320,547,259,288
19700,30520,4189,14733,2897,26331,547,259,288
19705,30524,4190,14736,2898,26334,547,259,288
19710,30534,4191,14742,2899,26343,547,259,288
19715,30540,4192,14744,2900,26348,547,259,288
19720,30551,4192,14748,2900,26359,547,259,288
19725,30555,4192,14750,2900,26363,547,259,288
19730,30565,4194,14755,2902,26371,547,259,288
19735,30571,4196,14760,2904,26374,547,259,288
19740,30582,4201,14768,2909,26380,548,259,289
19745,30586,4202,14772,2910,26384,548,259,289
19750,30596,4203,14779,2911,26393,548,259,289
19755,30602,4203,14783,2911,26399,548,259,289
19760,30613,4205,14789,2913,26408,548,259,289
19765,30617,4205,14791,2913,26412,548,259,289
19770,30627,4206,14796,2913,26421,548,259,289
19775,30633,4206,14799,2913,26427,548,259,289
19780,30644,4208,14805,2915,26436,548,259,289
19785,30648,4208,14807,2915,26440,548,259,289
19790,30658,4209,14812,2915,26449,548,259,289
19795,30664,4209,14816,2915,26455,548,259,289
19800,30675,4210,14823,2916,26465,548,259,289
19805,30679,4211,14826,2917,26468,548,259,289
19810,30689,4212,14831,2917,26477,548,259,289
19815,30695,4213,14835,2918,26482,548,259,289
19820,30706,4214,14840,2918,26491,548,259,289
19825,30710,4215,14842,2919,26495,548,259,289
19830,30720,4216,14843,2919,26504,548,259,289
19835,30726,4217,14845,2920,26509,548,259,289
19840,30737,4218,14850,2921,26519,548,259,289
19845,30741,4218,14851,2921,26523,548,259,289
19850,30751,4221,14853,2923,26530,548,259,289
19855,30757,4222,14856,2924,26535,548,259,289
19860,30768,4226,14866,2928,26540,549,260,289
19865,30772,4228,14868,2930,26544,549,260,289
19870,30782,4228,14871,2930,26554,549,260,289
19875,30788,4228,14876,2930,26560,549,260,289
19880,30799,4228,14882,2930,26571,549,260,289
19885,30803,4228,14884,2930,26575,549,260,289
19890,30813,4228,14889,2930,26585,549,260,289
19895,30819,4228,14893,2930,26591,549,260,289
19900,30830,4228,14898,2930,26602,549,260,289
19905,30834,4228,14899,2930,26606,549,260,289
19910,30844,4228,14904,2930,26616,549,260,289
19915,30850,4228,14907,2930,26622,549,260,289
19920,30861,4228,14911,2930,26633,549,260,289
19925,30865,4229,14914,2931,26636,549,260,289
19930,30875,4230,14918,2931,26645,549,260,289
19935,30881,4231,14920,2931,26649,549,260,289
19940,30892,4233,14924,2933,26659,550,260,290
19945,30896,4233,14927,2933,26663,550,260,290
19950,30906,4234,14932,2933,26672,550,260,290
19955,30912,4235,14934,2934,26677,550,260,290
19960,30923,4237,14942,2936,26686,551,261,290
19965,30927,4237,14943,2936,26690,551,261,290
19970,30937,4239,14950,2937,26697,551,261,290
19975,30943,4241,14953,2939,26701,551,261,290
19980,30954,4243,14956,2941,26711,552,261,291
19985,30958,4243,14959,2941,26715,552,261,291
19990,30968,4244,14962,2941,26724,552,261,291
19995,30974,4244,14966,2941,26730,552,261,291
20000,30985,4245,14971,2941,26740,552,261,291
20005,30989,4246,14975,2942,26743,552,261,291
20010,30999,4247,14982,2942,26752,552,261,291
20015,31005,4247,14985,2942,26758,552,261,291
20020,31016,4249,14993,2944,26767,552,261,291
20025,31020,4250,14996,2945,26770,552,261,291
20030,31030,4251,15000,2945,26779,552,261,291
20035,31036,4251,15002,2945,26785,552,261,291
20040,31047,4253,15007,2947,26794,552,261,291
20045,31051,4253,15008,2947,26798,552,261,291
20050,31061,4255,15013,2949,26806,552,261,291
20055,31067,4255,15017,2949,26812,552,261,291
20060,31078,4255,15020,2949,26823,553,261,292
20065,31082,4255,15023,2949,26827,553,261,292
20070,31092,4257,15027,2950,26835,553,261,292
20075,31098,4257,15029,2950,26841,553,261,292
20080,31109,4258,15034,2951,26851,554,262,292
20085,31113,4258,15037,2951,26855,554,262,292
20090,31123,4260,15040,2951,26863,554,262,292
20095,31129,4261,15044,2952,26868,554,262,292
20100,31140,4262,15048,2953,26877,555,262,293
20105,31144,4263,15049,2954,26881,555,262,293
20110,31154,4264,15054,2955,26890,555,262,293
20115,31160,4265,15058,2956,26895,555,262,293
20120,31171,4265,15060,2956,26906,555,262,293
20125,31175,4265,15060,2956,26910,555,262,293
20130,31185,4266,15064,2956,26919,555,262,293
20135,31191,4267,15065,2956,26924,555,262,293
20140,31202,4267,15071,2956,26935,555,262,293
20145,31206,4267,15072,2956,26939,555,262,293
20150,31216,4268,15073,2956,26948,555,262,293
20155,31222,4269,15074,2956,26953,555,262,293
20160,31233,4270,15079,2956,26963,555,262,293
20165,31237,4270,15080,2956,26967,555,262,293
20170,31247,4272,15087,2957,26974,555,262,293
20175,31253,4274,15091,2959,26979,555,262,293
20180,31264,4276,15098,2961,26987,556,263,293
20185,31268,4277,15100,2962,26991,556,263,293
20190,31278,4279,15106,2963,26998,556,263,293
20195,31284,4281,15109,2964,27003,556,263,293
20200,31295,4283,15117,2966,27011,557,264,293
20205,31299,4285,15118,2968,27014,557,264,293
20210,31309,4287,15123,2969,27021,557,264,293
20215,31315,4289,15125,2971,27025,557,264,293
20220,31326,4292,15131,2974,27034,558,265,293
20225,31330,4292,15132,2974,27038,558,265,293
20230,31340,4292,15138,2974,27048,558,265,293
20235,31346,4292,15139,2974,27054,558,265,293
20240,31357,4294,15145,2975,27063,558,265,293
20245,31361,4294,15148,2975,27067,558,265,293
20250,31371,4294,15152,2975,27077,558,265,293
20255,31377,4294,15155,2975,27083,558,265,293
20260,31388,4295,15157,2975,27093,558,265,293
20265,31392,4295,15159,2975,27097,558,265,293
20270,31402,4295,15166,2975,27107,558,265,293
20275,31408,4295,15170,2975,27113,558,265,293
20280,31419,4296,15173,2975,27123,558,265,293
20285,31423,4296,15173,2975,27127,558,265,293
20290,31433,4296,15177,2975,27137,558,265,293
20295,31439,4296,15180,2975,27143,558,265,293
20300,31450,4298,15186,2977,27152,558,265,293
20305,31454,4298,15187,2977,27156,558,265,293
20310,31464,4298,15193,2977,27166,558,265,293
20315,31470,4298,15199,2977,27172,558,265,293
20320,31481,4300,15206,2979,27181,558,265,293
20325,31485,4300,15206,2979,27185,558,265,293
20330,31495,4302,15210,2979,27192,558,265,293
20335,31501,4305,15214,2981,27195,558,265,293
20340,31512,4308,15218,2984,27203,558,265,293
20345,31516,4309,15220,2985,27207,558,265,293
20350,31526,4310,15225,2986,27216,558,265,293
20355,31532,4310,15227,2986,27221,558,265,293
20360,31543,4313,15232,2989,27230,558,265,293
20365,31547,4313,15233,2989,27234,558,265,293
20370,31557,4314,15238,2989,27243,558,265,293
20375,31563,4314,15240,2989,27248,558,265,293
20380,31574,4316,15244,2990,27258,558,265,293
20385,31578,4316,15245,2990,27262,558,265,293
20390,31588,4317,15250,2991,27271,558,265,293
20395,31594,4318,15253,2992,27275,558,265,293
20400,31605,4321,15262,2995,27284,558,265,293
20405,31609,4321,15265,2995,27288,558,265,293
20410,31619,4321,15269,2995,27298,558,265,293
20415,31625,4321,15271,2995,27304,558,265,293
20420,31636,4322,15274,2995,27314,558,265,293
20425,31640,4322,15275,2995,27318,558,265,293
20430,31650,4322,15279,2995,27328,558,265,293
20435,31656,4322,15281,2995,27334,558,265,293
20440,31667,4323,15287,2995,27344,558,265,293
20445,31671,4323,15289,2995,27348,558,265,293
20450,31681,4324,15295,2996,27357,558,265,293
20455,31687,4325,15296,2997,27362,558,265,293
20460,31698,4327,15300,2998,27371,559,266,293
20465,31702,4328,15302,2999,27374,559,266,293
20470,31712,4329,15308,2999,27382,559,266,293
20475,31718,4331,15312,3001,27387,559,266,293
20480,31729,4333,15320,3003,27396,559,266,293
20485,31733,4335,15323,3005,27398,559,266,293
20490,31743,4336,15328,3005,27406,559,266,293
20495,31749,4338,15332,3007,27411,559,266,293
20500,31760,4340,15336,3009,27420,559,266,293
20505,31764,4341,15337,3010,27423,559,266,293
20510,31774,4342,15344,3011,27431,559,266,293
20515,31780,4344,15348,3013,27436,559,266,293
20520,31791,4345,15351,3014,27446,559,266,293
20525,31795,4345,15352,3014,27450,559,266,293
20530,31805,4346,15355,3014,27459,559,266,293
20535,31811,4346,15358,3014,27465,559,266,293
20540,31822,4346,15363,3014,27476,559,266,293
20545,31826,4346,15365,3014,27480,559,266,293
20550,31836,4347,15371,3015,27489,559,266,293
20555,31842,4347,15374,3015,27495,559,266,293
20560,31853,4347,15380,3015,27506,559,266,293
20565,31857,4347,15380,3015,27510,559,266,293
20570,31867,4348,15382,3015,27519,559,266,293
20575,31873,4348,15387,3015,27525,559,266,293
20580,31884,4348,15391,3015,27536,560,266,294
20585,31888,4348,15393,3015,27540,560,266,294
20590,31898,4349,15399,3016,27549,560,266,294
20595,31904,4350,15402,3016,27554,560,266,294
20600,31915,4352,15409,3018,27563,561,267,294
20605,31919,4352,15411,3018,27567,561,267,294
20610,31929,4353,15416,3018,27576,561,267,294
20615,31935,4354,15418,3018,27581,561,267,294
20620,31946,4356,15424,3019,27590,562,267,295
20625,31950,4357,15428,3020,27593,562,267,295
20630,31960,4359,15433,3021,27601,562,267,295
20635,31966,4360,15434,3021,27605,562,267,295
20640,31977,4365,15442,3025,27611,563,268,295
20645,31981,4366,15444,3026,27615,563,268,295
20650,31991,4367,15448,3026,27624,563,268,295
20655,31997,4367,15452,3026,27630,563,268,295
20660,32008,4367,15457,3026,27641,563,268,295
20665,32012,4367,15458,3026,27645,563,268,295
20670,32022,4368,15461,3026,27654,563,268,295
20675,32028,4368,15465,3026,27660,563,268,295
20680,32039,4368,15471,3026,27671,563,268,295
20685,32043,4368,15472,3026,27675,563,268,295
20690,32053,4369,15477,3026,27684,563,268,295
20695,32059,4369,15481,3026,27690,563,268,295
20700,32070,4369,15489,3026,27701,563,268,295
20705,32074,4369,15491,3026,27705,563,268,295
20710,32084,4371,15495,3027,27713,563,268,295
20715,32090,4372,15500,3028,27717,563,268,295
20720,32101,4374,15504,3029,27726,564,269,295
20725,32105,4375,15506,3030,27730,564,269,295
20730,32115,4377,15511,3030,27738,564,269,295
20735,32121,4377,15512,3030,27743,564,269,295
20740,32132,4379,15515,3031,27753,565,270,295
20745,32136,4380,15517,3032,27756,565,270,295
20750,32146,4382,15524,3034,27763,565,270,295
20755,32152,4385,15529,3037,27766,565,270,295
20760,32163,4388,15533,3039,27774,566,270,296
20765,32167,4389,15533,3040,27778,566,270,296
20770,32177,4390,15538,3040,27787,566,270,296
20775,32183,4391,15541,3040,27792,566,270,296
20780,32194,4392,15545,3040,27802,566,270,296
20785,32198,4392,15547,3040,27806,566,270,296
20790,32208,4393,15552,3040,27814,566,270,296
20795,32214,4395,15555,3042,27819,566,270,296
20800,32225,4397,15561,3044,27828,566,270,296
20805,32229,4397,15561,3044,27832,566,270,296
20810,32239,4398,15566,3045,27840,566,270,296
20815,32245,4400,15570,3046,27845,566,270,296
20820,32256,4402,15576,3047,27854,566,270,296
20825,32260,4402,15579,3047,27858,566,270,296
20830,32270,4403,15586,3048,27866,566,270,296
20835,32276,4405,15588,3049,27871,566,270,296
20840,32287,4407,15596,3051,27880,566,270,296
20845,32291,4407,15597,3051,27884,566,270,296
20850,32301,4408,15602,3051,27893,566,270,296
20855,32307,4409,15604,3052,27898,566,270,296
20860,32318,4411,15609,3054,27907,566,270,296
20865,32322,4411,15609,3054,27911,566,270,296
20870,32332,4413,15613,3054,27919,566,270,296
20875,32338,4414,15615,3055,27923,566,270,296
20880,32349,4418,15620,3059,27930,567,271,296
20885,32353,4419,15623,3060,27934,567,271,296
20890,32363,4420,15626,3060,27942,567,271,296
20895,32369,4422,15628,3061,27947,567,271,296
20900,32380,4422,15633,3061,27958,567,271,296
20905,32384,4422,15634,3061,27962,567,271,296
20910,32394,4423,15641,3062,27970,567,271,296
20915,32400,4425,15644,3063,27975,567,271,296
20920,32411,4425,15652,3063,27986,567,271,296
20925,32415,4425,15654,3063,27990,567,271,296
20930,32425,4426,15661,3064,27999,567,271,296
20935,32431,4427,15664,3064,28004,567,271,296
20940,32442,4427,15668,3064,28015,567,271,296
20945,32446,4427,15671,3064,28019,567,271,296
20950,32456,4428,15677,3065,28028,567,271,296
20955,32462,4428,15680,3065,28034,567,271,296
20960,32473,4428,15687,3065,28045,567,271,296
20965,32477,4428,15690,3065,28049,567,271,296
20970,32487,4429,15694,3065,28058,567,271,296
20975,32493,4429,15698,3065,28064,567,271,296
20980,32504,4430,15705,3066,28074,567,271,296
20985,32508,4430,15708,3066,28078,567,271,296
20990,32518,4431,15715,3066,28087,567,271,296
20995,32524,4431,15718,3066,28093,567,271,296
21000,32535,4432,15727,3067,28103,568,272,296
21005,32539,4432,15728,3067,28107,568,272,296
21010,32549,4434,15735,3068,28115,568,272,296
21015,32555,4434,15740,3068,28120,568,272,296
21020,32566,4435,15744,3069,28130,569,272,297
21025,32570,4436,15745,3070,28134,569,272,297
21030,32580,4438,15746,3070,28142,569,272,297
21035,32586,4438,15747,3070,28148,569,272,297
21040,32597,4439,15751,3071,28157,570,272,298
21045,32601,4440,15753,3072,28161,570,272,298
21050,32611,4442,15756,3072,28169,570,272,298
21055,32617,4443,15760,3073,28173,570,272,298
21060,32628,4447,15764,3076,28181,571,272,299
21065,32632,4448,15766,3077,28184,571,272,299
21070,32642,4448,15771,3077,28193,571,272,299
21075,32648,4450,15773,3078,28198,571,272,299
21080,32659,4451,15777,3079,28208,572,272,300
21085,32663,4451,15779,3079,28212,572,272,300
21090,32673,4451,15783,3079,28222,572,272,300
21095,32679,4452,15786,3080,28227,572,272,300
21100,32690,4453,15791,3081,28237,573,273,300
21105,32694,4454,15792,3082,28240,573,273,300
21110,32704,4454,15795,3082,28249,573,273,300
21115,32710,4456,15796,3083,28254,573,273,300
21120,32721,4457,15802,3084,28264,574,273,301
21125,32725,4457,15805,3084,28268,574,273,301
21130,32735,4457,15811,3084,28278,574,273,301
21135,32741,4458,15812,3084,28283,574,273,301
21140,32752,4458,15816,3084,28294,575,273,302
21145,32756,4458,15817,3084,28298,575,273,302
21150,32766,4458,15824,3084,28308,575,273,302
21155,32772,4459,15827,3084,28313,575,273,302
21160,32783,4459,15832,3084,28324,576,274,302
21165,32787,4460,15835,3085,28327,576,274,302
21170,32797,4461,15839,3085,28336,576,274,302
21175,32803,4462,15844,3086,28340,576,274,302
21180,32814,4463,15850,3087,28350,577,275,302
21185,32818,4464,15852,3088,28354,577,275,302
21190,32828,4465,15857,3088,28363,577,275,302
21195,32834,4465,15862,3088,28369,577,275,302
21200,32845,4466,15867,3089,28379,577,275,302
21205,32849,4466,15869,3089,28383,577,275,302
21210,32859,4467,15872,3090,28392,577,275,302
21215,32865,4467,15876,3090,28398,577,275,302
21220,32876,4467,15882,3090,28409,577,275,302
21225,32880,4467,15884,3090,28413,577,275,302
21230,32890,4468,15889,3091,28422,577,275,302
21235,32896,4468,15892,3091,28428,577,275,302
21240,32907,4470,15896,3092,28437,577,275,302
21245,32911,4470,15897,3092,28441,577,275,302
21250,32921,4472,15901,3093,28449,577,275,302
21255,32927,4472,15902,3093,28455,577,275,302
21260,32938,4474,15909,3094,28464,577,275,302
21265,32942,4474,15910,3094,28468,577,275,302
21270,32952,4476,15918,3096,28476,577,275,302
21275,32958,4476,15921,3096,28482,577,275,302
21280,32969,4477,15925,3097,28492,577,275,302
21285,32973,4478,15929,3098,28495,577,275,302
21290,32983,4481,15938,3101,28502,577,275,302
21295,32989,4482,15939,3101,28507,577,275,302
21300,33000,4485,15945,3104,28515,578,275,303
21305,33004,4485,15947,3104,28519,578,275,303
21310,33014,4486,15949,3105,28528,578,275,303
21315,33020,4487,15950,3105,28533,578,275,303
21320,33031,4489,15955,3107,28542,578,275,303
21325,33035,4489,15958,3107,28546,578,275,303
21330,33045,4490,15962,3107,28554,578,275,303
21335,33051,4492,15965,3109,28559,578,275,303
21340,33062,4494,15973,3111,28568,578,275,303
21345,33066,4494,15974,3111,28572,578,275,303
21350,33076,4495,15980,3112,28581,578,275,303
21355,33082,4496,15982,3112,28585,578,275,303
21360,33093,4498,15987,3114,28595,578,275,303
21365,33097,4498,15990,3114,28599,578,275,303
21370,33107,4499,15994,3114,28608,578,275,303
21375,33113,4500,15999,3115,28613,578,275,303
21380,33124,4502,16003,3116,28622,578,275,303
21385,33128,4502,16005,3116,28626,578,275,303
21390,33138,4503,16009,3117,28634,578,275,303
21395,33144,4505,16015,3119,28638,578,275,303
21400,33155,4508,16017,3121,28647,578,275,303
21405,33159,4508,16019,3121,28651,578,275,303
21410,33169,4509,16024,3122,28659,578,275,303
21415,33175,4511,16025,3123,28664,578,275,303
21420,33186,4513,16028,3125,28672,579,275,304
21425,33190,4514,16030,3126,28676,579,275,304
21430,33200,4514,16037,3126,28686,579,275,304
21435,33206,4514,16041,3126,28692,579,275,304
21440,33217,4515,16045,3126,28702,580,276,304
21445,33221,4516,16047,3127,28705,580,276,304
21450,33231,4516,16051,3127,28715,580,276,304
21455,33237,4516,16056,3127,28721,580,276,304
21460,33248,4517,16061,3127,28731,581,277,304
21465,33252,4517,16062,3127,28735,581,277,304
21470,33262,4518,16064,3127,28744,581,277,304
21475,33268,4519,16066,3128,28749,581,277,304
21480,33279,4521,16073,3129,28758,582,278,304
21485,33283,4521,16076,3129,28762,582,278,304
21490,33293,4522,16080,3129,28771,582,278,304
21495,33299,4522,16085,3129,28776,582,278,304
21500,33310,4525,16090,3131,28785,582,278,304
21505,33314,4525,16092,3131,28789,582,278,304
21510,33324,4526,16097,3132,28798,582,278,304
21515,33330,4526,16100,3132,28803,582,278,304
21520,33341,4528,16103,3133,28813,582,278,304
21525,33345,4528,16106,3133,28817,582,278,304
21530,33355,4529,16113,3134,28826,582,278,304
21535,33361,4530,16115,3135,28831,582,278,304
21540,33372,4531,16119,3135,28841,582,278,304
21545,33376,4531,16121,3135,28845,582,278,304
21550,33386,4532,16127,3135,28854,582,278,304
21555,33392,4533,16131,3136,28859,582,278,304
21560,33403,4534,16136,3136,28869,582,278,304
21565,33407,4535,16140,3137,28872,582,278,304
21570,33417,4536,16146,3137,28880,582,278,304
21575,33423,4538,16149,3139,28885,582,278,304
21580,33434,4539,16155,3139,28895,582,278,304
21585,33438,4539,16156,3139,28899,582,278,304
21590,33448,4541,16162,3140,28907,582,278,304
21595,33454,4542,16166,3141,28912,582,278,304
21600,33465,4545,16175,3144,28920,583,279,304
21605,33469,4547,16179,3146,28922,583,279,304
21610,33479,4549,16186,3148,28929,583,279,304
21615,33485,4551,16189,3149,28934,583,279,304
21620,33496,4552,16195,3150,28944,583,279,304
21625,33500,4552,16196,3150,28948,583,279,304
21630,33510,4554,16201,3150,28955,583,279,304
21635,33516,4556,16204,3151,28960,583,279,304
21640,33527,4556,16212,3151,28971,583,279,304
21645,33531,4557,16215,3152,28974,583,279,304
21650,33541,4559,16220,3153,28981,583,279,304
21655,33547,4561,16222,3155,28986,583,279,304
21660,33558,4561,16224,3155,28997,583,279,304
21665,33562,4561,16225,3155,29001,583,279,304
21670,33572,4563,16232,3156,29009,583,279,304
21675,33578,4563,16235,3156,29015,583,279,304
21680,33589,4564,16240,3157,29025,583,279,304
21685,33593,4564,16241,3157,29029,583,279,304
21690,33603,4566,16250,3158,29037,583,279,304
21695,33609,4566,16252,3158,29043,583,279,304
21700,33620,4566,16257,3158,29054,583,279,304
21705,33624,4566,16259,3158,29058,583,279,304
21710,33634,4568,16263,3158,29066,583,279,304
21715,33640,4568,16266,3158,29072,583,279,304
21720,33651,4570,16271,3159,29081,584,280,304
21725,33655,4571,16274,3160,29084,584,280,304
21730,33665,4573,16279,3160,29092,584,280,304
21735,33671,4574,16281,3161,29096,584,280,304
21740,33682,4577,16287,3164,29105,585,280,305
21745,33686,4577,16290,3164,29109,585,280,305
21750,33696,4579,16296,3166,29117,585,280,305
21755,33702,4581,16299,3168,29121,585,280,305
21760,33713,4582,16304,3168,29131,586,281,305
21765,33717,4583,16306,3169,29134,586,281,305
21770,33727,4585,16308,3170,29142,586,281,305
21775,33733,4587,16312,3172,29146,586,281,305
21780,33744,4589,16319,3174,29155,587,281,306
21785,33748,4589,16321,3174,29159,587,281,306
21790,33758,4589,16325,3174,29169,587,281,306
21795,33764,4590,16327,3175,29174,587,281,306
21800,33775,4592,16335,3177,29183,587,281,306
21805,33779,4592,16336,3177,29187,587,281,306
21810,33789,4592,16339,3177,29197,587,281,306
21815,33795,4593,16341,3177,29202,587,281,306
21820,33806,4595,16348,3178,29211,587,281,306
21825,33810,4595,16350,3178,29215,587,281,306
21830,33820,4595,16357,3178,29224,587,281,306
21835,33826,4597,16358,3180,29229,587,281,306
21840,33837,4599,16364,3181,29238,587,281,306
21845,33841,4599,16367,3181,29242,587,281,306
21850,33851,4599,16373,3181,29251,587,281,306
21855,33857,4601,16376,3183,29256,587,281,306
21860,33868,4603,16383,3184,29265,587,281,306
21865,33872,4603,16385,3184,29269,587,281,306
21870,33882,4603,16388,3184,29279,587,281,306
21875,33888,4604,16391,3185,29284,587,281,306
21880,33899,4606,16396,3186,29293,587,281,306
21885,33903,4606,16397,3186,29297,587,281,306
21890,33913,4608,16402,3187,29305,587,281,306
21895,33919,4609,16406,3187,29309,587,281,306
21900,33930,4613,16411,3190,29317,587,281,306
21905,33934,4614,16413,3191,29320,587,281,306
21910,33944,4615,16419,3192,29329,587,281,306
21915,33950,4615,16421,3192,29335,587,281,306
21920,33961,4615,16429,3192,29346,587,281,306
21925,33965,4615,16431,3192,29350,587,281,306
21930,33975,4616,16434,3192,29359,587,281,306
21935,33981,4616,16436,3192,29365,587,281,306
21940,33992,4617,16442,3193,29375,587,281,306
21945,33996,4617,16444,3193,29379,587,281,306
21950,34006,4618,16449,3194,29388,587,281,306
21955,34012,4618,16453,3194,29394,587,281,306
21960,34023,4618,16457,3194,29405,587,281,306
21965,34027,4618,16458,3194,29409,587,281,306
21970,34037,4619,16461,3194,29418,587,281,306
21975,34043,4620,16464,3195,29423,587,281,306
21980,34054,4620,16468,3195,29434,587,281,306
21985,34058,4620,16470,3195,29438,587,281,306
21990,34068,4621,16476,3195,29447,587,281,306
21995,34074,4622,16479,3196,29452,587,281,306
22000,34085,4622,16482,3196,29463,587,281,306
22005,34089,4622,16484,3196,29467,587,281,306
22010,34099,4624,16489,3198,29474,587,281,306
22015,34105,4627,16494,3201,29478,587,281,306
22020,34116,4630,16499,3203,29486,588,281,307
22025,34120,4630,16501,3203,29490,588,281,307
22030,34130,4630,16505,3203,29499,588,281,307
22035,34136,4632,16510,3205,29504,588,281,307
22040,34147,4634,16518,3207,29513,588,281,307
22045,34151,4634,16521,3207,29517,588,281,307
22050,34161,4634,16526,3207,29527,588,281,307
22055,34167,4635,16529,3208,29532,588,281,307
22060,34178,4637,16535,3209,29541,588,281,307
22065,34182,4637,16538,3209,29545,588,281,307
22070,34192,4637,16543,3209,29555,588,281,307
22075,34198,4638,16546,3210,29560,588,281,307
22080,34209,4640,16551,3212,29569,588,281,307
22085,34213,4640,16552,3212,29573,588,281,307
22090,34223,4640,16560,3212,29583,588,281,307
22095,34229,4641,16563,3212,29588,588,281,307
22100,34240,4642,16570,3213,29598,588,281,307
22105,34244,4642,16572,3213,29602,588,281,307
22110,34254,4642,16577,3213,29611,588,281,307
22115,34260,4644,16580,3215,29616,588,281,307
22120,34271,4646,16588,3217,29625,588,281,307
22125,34275,4646,16589,3217,29629,588,281,307
22130,34285,4648,16594,3218,29636,588,281,307
22135,34291,4650,16595,3219,29641,588,281,307
22140,34302,4652,16601,3221,29650,588,281,307
22145,34306,4653,16605,3222,29653,588,281,307
22150,34316,4654,16606,3222,29662,588,281,307
22155,34322,4655,16608,3222,29667,588,281,307
22160,34333,4656,16613,3223,29677,589,282,307
22165,34337,4656,16614,3223,29681,589,282,307
22170,34347,4657,16623,3223,29690,589,282,307
22175,34353,4658,16625,3223,29695,589,282,307
22180,34364,4658,16629,3223,29706,590,282,308
22185,34368,4659,16631,3224,29709,590,282,308
22190,34378,4660,16635,3224,29718,590,282,308
22195,34384,4661,16639,3225,29723,590,282,308
22200,34395,4662,16645,3226,29733,591,282,309
22205,34399,4662,16648,3226,29737,591,282,309
22210,34409,4663,16650,3226,29746,591,282,309
22215,34415,4664,16654,3226,29751,591,282,309
22220,34426,4664,16660,3226,29762,592,283,309
22225,34430,4664,16663,3226,29766,592,283,309
22230,34440,4664,16670,3226,29776,592,283,309
22235,34446,4665,16671,3226,29781,592,283,309
22240,34457,4665,16677,3226,29792,593,284,309
22245,34461,4665,16680,3226,29796,593,284,309
22250,34471,4666,16684,3226,29804,593,284,309
22255,34477,4668,16688,3227,29809,593,284,309
22260,34488,4671,16695,3230,29817,594,285,309
22265,34492,4672,16697,3231,29820,594,285,309
22270,34502,4673,16701,3232,29829,594,285,309
22275,34508,4673,16704,3232,29834,594,285,309
22280,34519,4675,16710,3234,29843,594,285,309
22285,34523,4676,16712,3235,29847,594,285,309
22290,34533,4677,16716,3235,29856,594,285,309
22295,34539,4677,16720,3235,29861,594,285,309
22300,34550,4679,16726,3237,29871,594,285,309
22305,34554,4679,16727,3237,29875,594,285,309
22310,34564,4680,16731,3237,29884,594,285,309
22315,34570,4680,16733,3237,29889,594,285,309
22320,34581,4682,16738,3238,29899,594,285,309
22325,34585,4683,16740,3239,29902,594,285,309
22330,34595,4683,16745,3239,29912,594,285,309
22335,34601,4683,16746,3239,29918,594,285,309
22340,34612,4684,16750,3239,29928,594,285,309
22345,34616,4684,16752,3239,29932,594,285,309
22350,34626,4684,16758,3239,29942,594,285,309
22355,34632,4684,16760,3239,29948,594,285,309
22360,34643,4685,16765,3239,29958,594,285,309
22365,34647,4685,16768,3239,29962,594,285,309
22370,34657,4686,16775,3240,29971,594,285,309
22375,34663,4687,16778,3240,29975,594,285,309
22380,34674,4689,16784,3241,29985,595,286,309
22385,34678,4689,16785,3241,29989,595,286,309
22390,34688,4691,16789,3242,29997,595,286,309
22395,34694,4692,16792,3243,30002,595,286,309
22400,34705,4693,16797,3243,30012,595,286,309
22405,34709,4693,16799,3243,30016,595,286,309
22410,34719,4694,16803,3243,30025,595,286,309
22415,34725,4695,16805,3243,30030,595,286,309
22420,34736,4698,16811,3245,30038,595,286,309
22425,34740,4698,16812,3245,30042,595,286,309
22430,34750,4701,16816,3247,30049,595,286,309
22435,34756,4703,16819,3249,30053,595,286,309
22440,34767,4704,16823,3249,30063,595,286,309
22445,34771,4704,16824,3249,30067,595,286,309
22450,34781,4705,16830,3250,30076,595,286,309
22455,34787,4706,16831,3250,30081,595,286,309
22460,34798,4707,16836,3251,30091,595,286,309
22465,34802,4707,16839,3251,30095,595,286,309
22470,34812,4708,16843,3251,30103,595,286,309
22475,34818,4710,16848,3253,30107,595,286,309
22480,34829,4712,16853,3255,30117,595,286,309
22485,34833,4712,16857,3255,30121,595,286,309
22490,34843,4714,16863,3256,30129,595,286,309
22495,34849,4715,16866,3257,30134,595,286,309
22500,34860,4717,16872,3258,30143,595,286,309
22505,34864,4718,16875,3259,30146,595,286,309
22510,34874,4720,16878,3260,30154,595,286,309
22515,34880,4721,16879,3260,30159,595,286,309
22520,34891,4723,16882,3261,30167,595,286,309
22525,34895,4724,16883,3262,30171,595,286,309
22530,34905,4726,16888,3263,30179,595,286,309
22535,34911,4727,16892,3264,30184,595,286,309
22540,34922,4729,16896,3266,30192,595,286,309
22545,34926,4730,16897,3267,30196,595,286,309
22550,34936,4732,16904,3268,30203,595,286,309
22555,34942,4735,16907,3270,30207,595,286,309
22560,34953,4736,16911,3271,30216,596,287,309
22565,34957,4737,16914,3272,30220,596,287,309
22570,34967,4738,16918,3273,30229,596,287,309
22575,34973,4738,16920,3273,30235,596,287,309
22580,34984,4739,16923,3274,30245,596,287,309
22585,34988,4739,16925,3274,30249,596,287,309
22590,34998,4740,16931,3275,30258,596,287,309
22595,35004,4741,16934,3276,30263,596,287,309
22600,35015,4742,16939,3277,30273,596,287,309
22605,35019,4742,16940,3277,30277,596,287,309
22610,35029,4743,16946,3277,30286,596,287,309
22615,35035,4743,16949,3277,30292,596,287,309
22620,35046,4744,16953,3278,30302,596,287,309
22625,35050,4744,16954,3278,30306,596,287,309
22630,35060,4746,16958,3280,30314,596,287,309
22635,35066,4746,16961,3280,30320,596,287,309
22640,35077,4748,16972,3282,30329,597,288,309
22645,35081,4749,16975,3283,30332,597,288,309
22650,35091,4751,16978,3283,30340,597,288,309
22655,35097,4751,16982,3283,30346,597,288,309
22660,35108,4751,16987,3283,30357,598,289,309
22665,35112,4751,16988,3283,30361,598,289,309
22670,35122,4753,16991,3284,30369,598,289,309
22675,35128,4754,16994,3284,30373,598,289,309
22680,35139,4757,16998,3286,30382,599,290,309
22685,35143,4758,17002,3287,30385,599,290,309
22690,35153,4758,17006,3287,30395,599,290,309
22695,35159,4759,17010,3287,30400,599,290,309
22700,35170,4761,17017,3289,30409,599,290,309
22705,35174,4762,17020,3290,30412,599,290,309
22710,35184,4762,17024,3290,30422,599,290,309
22715,35190,4763,17027,3291,30427,599,290,309
22720,35201,4765,17035,3292,30436,599,290,309
22725,35205,4766,17037,3293,30439,599,290,309
22730,35215,4766,17040,3293,30449,599,290,309
22735,35221,4767,17041,3293,30454,599,290,309
22740,35232,4769,17047,3295,30463,599,290,309
22745,35236,4769,17049,3295,30467,599,290,309
22750,35246,4769,17054,3295,30477,599,290,309
22755,35252,4769,17059,3295,30483,599,290,309
22760,35263,4770,17062,3296,30493,599,290,309
22765,35267,4770,17065,3296,30497,599,290,309
22770,35277,4770,17069,3296,30507,599,290,309
22775,35283,4770,17070,3296,30513,599,290,309
22780,35294,4771,17076,3296,30523,599,290,309
22785,35298,4771,17077,3296,30527,599,290,309
22790,35308,4773,17081,3296,30535,599,290,309
22795,35314,4773,17085,3296,30540,599,290,309
22800,35325,4776,17091,3298,30548,600,290,310
22805,35329,4777,17091,3299,30552,600,290,310
22810,35339,4778,17096,3300,30561,600,290,310
22815,35345,4778,17098,3300,30567,600,290,310
22820,35356,4779,17099,3300,30577,600,290,310
22825,35360,4779,17100,3300,30581,600,290,310
22830,35370,4780,17109,3300,30590,600,290,310
22835,35376,4780,17112,3300,30596,600,290,310
22840,35387,4781,17117,3301,30605,600,290,310
22845,35391,4783,17119,3303,30608,600,290,310
22850,35401,4784,17125,3304,30617,600,290,310
22855,35407,4785,17129,3305,30622,600,290,310
22860,35418,4787,17134,3307,30630,600,290,310
22865,35422,4789,17137,3309,30633,600,290,310
22870,35432,4790,17141,3310,30642,600,290,310
22875,35438,4791,17144,3310,30646,600,290,310
22880,35449,4793,17148,3311,30656,600,290,310
22885,35453,4793,17148,3311,30660,600,290,310
22890,35463,4794,17153,3312,30669,600,290,310
22895,35469,4795,17156,3313,30673,600,290,310
22900,35480,4798,17164,3316,30682,600,290,310
22905,35484,4798,17166,3316,30686,600,290,310
22910,35494,4799,17169,3316,30694,600,290,310
22915,35500,4801,17174,3317,30698,600,290,310
22920,35511,4805,17182,3321,30706,601,290,311
22925,35515,4805,17184,3321,30710,601,290,311
22930,35525,4805,17187,3321,30720,601,290,311
22935,35531,4806,17190,3321,30725,601,290,311
22940,35542,4806,17195,3321,30736,601,290,311
22945,35546,4806,17197,3321,30740,601,290,311
22950,35556,4806,17202,3321,30750,601,290,311
22955,35562,4807,17205,3321,30755,601,290,311
22960,35573,4807,17211,3321,30766,601,290,311
22965,35577,4807,17211,3321,30770,601,290,311
22970,35587,4808,17217,3321,30778,601,290,311
22975,35593,4810,17221,3322,30783,601,290,311
22980,35604,4810,17227,3322,30794,601,290,311
22985,35608,4810,17229,3322,30798,601,290,311
22990,35618,4811,17235,3323,30806,601,290,311
22995,35624,4813,17238,3324,30811,601,290,311
23000,35635,4813,17240,3324,30822,601,290,311
23005,35639,4813,17243,3324,30826,601,290,311
23010,35649,4814,17247,3324,30834,601,290,311
23015,35655,4816,17249,3325,30839,601,290,311
23020,35666,4816,17256,3325,30850,601,290,311
23025,35670,4816,17257,3325,30854,601,290,311
23030,35680,4818,17262,3326,30862,601,290,311
23035,35686,4819,17263,3326,30867,601,290,311
23040,35697,4821,17270,3328,30875,602,291,311
23045,35701,4822,17270,3329,30879,602,291,311
23050,35711,4823,17274,3329,30888,602,291,311
23055,35717,4823,17277,3329,30894,602,291,311
23060,35728,4823,17282,3329,30905,602,291,311
23065,35732,4823,17284,3329,30909,602,291,311
23070,35742,4824,17290,3330,30918,602,291,311
23075,35748,4824,17295,3330,30924,602,291,311
23080,35759,4824,17301,3330,30935,602,291,311
23085,35763,4824,17302,3330,30939,602,291,311
23090,35773,4825,17305,3331,30948,602,291,311
23095,35779,4825,17310,3331,30954,602,291,311
23100,35790,4825,17317,3331,30965,602,291,311
23105,35794,4826,17320,3332,30968,602,291,311
23110,35804,4828,17326,3333,30976,602,291,311
23115,35810,4828,17326,3333,30982,602,291,311
23120,35821,4828,17330,3333,30992,602,291,311
23125,35825,4829,17331,3334,30996,602,291,311
23130,35835,4831,17338,3336,31004,602,291,311
23135,35841,4831,17341,3336,31010,602,291,311
23140,35852,4831,17346,3336,31020,602,291,311
23145,35856,4832,17347,3337,31024,602,291,311
23150,35866,4834,17353,3339,31032,602,291,311
23155,35872,4835,17358,3340,31037,602,291,311
23160,35883,4839,17363,3343,31043,603,292,311
23165,35887,4840,17366,3344,31047,603,292,311
23170,35897,4841,17372,3345,31056,603,292,311
23175,35903,4842,17376,3345,31061,603,292,311
23180,35914,4843,17380,3346,31071,604,292,312
23185,35918,4843,17381,3346,31075,604,292,312
23190,35928,4844,17384,3347,31084,604,292,312
23195,35934,4845,17388,3347,31089,604,292,312
23200,35945,4846,17395,3348,31099,605,293,312
23205,35949,4846,17396,3348,31103,605,293,312
23210,35959,4847,17403,3349,31112,605,293,312
23215,35965,4848,17407,3350,31117,605,293,312
23220,35976,4850,17413,3352,31126,606,293,313
23225,35980,4850,17416,3352,31130,606,293,313
23230,35990,4851,17421,3352,31138,606,293,313
23235,35996,4853,17424,3353,31143,606,293,313
23240,36007,4853,17430,3353,31154,606,293,313
23245,36011,4853,17433,3353,31158,606,293,313
23250,36021,4854,17436,3353,31167,606,293,313
23255,36027,4856,17439,3354,31171,606,293,313
23260,36038,4856,17444,3354,31182,606,293,313
23265,36042,4856,17446,3354,31186,606,293,313
23270,36052,4857,17451,3355,31194,606,293,313
23275,36058,4860,17455,3358,31198,606,293,313
23280,36069,4862,17460,3360,31207,606,293,313
23285,36073,4864,17464,3362,31209,606,293,313
23290,36083,4865,17469,3362,31218,606,293,313
23295,36089,4865,17473,3362,31224,606,293,313
23300,36100,4866,17479,3362,31233,606,293,313
23305,36104,4867,17480,3363,31237,606,293,313
23310,36114,4868,17488,3364,31246,606,293,313
23315,36120,4868,17491,3364,31252,606,293,313
23320,36131,4869,17496,3364,31262,606,293,313
23325,36135,4870,17499,3365,31265,606,293,313
23330,36145,4872,17505,3366,31273,606,293,313
23335,36151,4872,17508,3366,31279,606,293,313
23340,36162,4873,17514,3367,31289,606,293,313
23345,36166,4874,17515,3368,31292,606,293,313
23350,36176,4875,17517,3368,31301,606,293,313
23355,36182,4875,17517,3368,31307,606,293,313
23360,36193,4876,17523,3369,31316,606,293,313
23365,36197,4877,17526,3370,31320,606,293,313
23370,36207,4878,17530,3370,31329,606,293,313
23375,36213,4878,17534,3370,31335,606,293,313
23380,36224,4880,17541,3372,31344,606,293,313
23385,36228,4880,17543,3372,31348,606,293,313
23390,36238,4881,17548,3372,31357,606,293,313
23395,36244,4882,17552,3373,31362,606,293,313
23400,36255,4884,17557,3374,31371,606,293,313
23405,36259,4884,17558,3374,31375,606,293,313
23410,36269,4885,17566,3375,31384,606,293,313
23415,36275,4886,17569,3375,31389,606,293,313
23420,36286,4888,17577,3377,31398,606,293,313
23425,36290,4888,17580,3377,31402,606,293,313
23430,36300,4889,17583,3377,31411,606,293,313
23435,36306,4891,17588,3378,31415,606,293,313
23440,36317,4891,17590,3378,31426,606,293,313
23445,36321,4891,17592,3378,31430,606,293,313
23450,36331,4893,17597,3378,31438,606,293,313
23455,36337,4895,17600,3379,31442,606,293,313
23460,36348,4895,17602,3379,31453,607,293,314
23465,36352,4896,17605,3380,31456,607,293,314
23470,36362,4897,17609,3380,31465,607,293,314
23475,36368,4898,17612,3380,31469,607,293,314
23480,36379,4900,17618,3382,31478,608,294,314
23485,36383,4902,17621,3384,31481,608,294,314
23490,36393,4903,17628,3385,31489,608,294,314
23495,36399,4905,17629,3386,31493,608,294,314
23500,36410,4906,17634,3387,31503,609,294,315
23505,36414,4908,17636,3389,31506,609,294,315
23510,36424,4909,17642,3390,31514,609,294,315
23515,36430,4912,17646,3392,31517,609,294,315
23520,36441,4914,17650,3394,31527,610,295,315
23525,36445,4914,17651,3394,31531,610,295,315
23530,36455,4914,17653,3394,31541,610,295,315
23535,36461,4914,17654,3394,31547,610,295,315
23540,36472,4914,17660,3394,31558,610,295,315
23545,36476,4914,17662,3394,31562,610,295,315
23550,36486,4914,17666,3394,31572,610,295,315
23555,36492,4914,17669,3394,31578,610,295,315
23560,36503,4914,17674,3394,31589,610,295,315
23565,36507,4914,17677,3394,31593,610,295,315
23570,36517,4915,17682,3395,31602,610,295,315
23575,36523,4915,17686,3395,31607,610,295,315
23580,36534,4918,17691,3397,31616,610,295,315
23585,36538,4920,17693,3399,31618,610,295,315
23590,36548,4922,17696,3400,31626,610,295,315
23595,36554,4923,17699,3401,31630,610,295,315
23600,36565,4926,17704,3403,31639,611,295,316
23605,36569,4926,17704,3403,31643,611,295,316
23610,36579,4928,17709,3405,31650,611,295,316
23615,36585,4930,17711,3406,31655,611,295,316
23620,36596,4933,17717,3409,31663,612,295,317
23625,36600,4934,17720,3410,31666,612,295,317
23630,36610,4936,17724,3412,31674,612,295,317
23635,36616,4937,17727,3413,31678,612,295,317
23640,36627,4940,17730,3415,31687,613,295,318
23645,36631,4941,17731,3416,31690,613,295,318
23650,36641,4942,17733,3417,31699,613,295,318
23655,36647,4942,17737,3417,31705,613,295,318
23660,36658,4943,17743,3418,31715,613,295,318
23665,36662,4943,17745,3418,31719,613,295,318
23670,36672,4944,17748,3419,31728,613,295,318
23675,36678,4944,17751,3419,31734,613,295,318
23680,36689,4945,17758,3419,31744,613,295,318
23685,36693,4945,17759,3419,31748,613,295,318
23690,36703,4946,17765,3420,31757,613,295,318
23695,36709,4946,17768,3420,31763,613,295,318
23700,36720,4947,17771,3420,31773,613,295,318
23705,36724,4947,17772,3420,31777,613,295,318
23710,36734,4949,17777,3421,31785,613,295,318
23715,36740,4949,17779,3421,31791,613,295,318
23720,36751,4951,17786,3423,31800,613,295,318
23725,36755,4951,17788,3423,31804,613,295,318
23730,36765,4953,17792,3423,31812,613,295,318
23735,36771,4953,17795,3423,31818,613,295,318
23740,36782,4955,17799,3424,31827,613,295,318
23745,36786,4956,17803,3425,31830,613,295,318
23750,36796,4958,17810,3427,31838,613,295,318
23755,36802,4959,17814,3427,31842,613,295,318
23760,36813,4963,17817,3430,31850,614,296,318
23765,36817,4964,17820,3431,31853,614,296,318
23770,36827,4964,17824,3431,31863,614,296,318
23775,36833,4965,17826,3431,31868,614,296,318
23780,36844,4966,17829,3431,31878,614,296,318
23785,36848,4966,17831,3431,31882,614,296,318
23790,36858,4966,17837,3431,31891,614,296,318
23795,36864,4968,17839,3433,31896,614,296,318
23800,36875,4970,17844,3434,31905,614,296,318
23805,36879,4970,17845,3434,31909,614,296,318
23810,36889,4970,17849,3434,31919,614,296,318
23815,36895,4971,17853,3434,31924,614,296,318
23820,36906,4973,17859,3435,31932,614,296,318
23825,36910,4974,17860,3436,31936,614,296,318
23830,36920,4974,17866,3436,31945,614,296,318
23835,36926,4976,17869,3437,31950,614,296,318
23840,36937,4977,17871,3437,31960,614,296,318
23845,36941,4977,17871,3437,31964,614,296,318
23850,36951,4977,17876,3437,31974,614,296,318
23855,36957,4978,17879,3438,31979,614,296,318
23860,36968,4979,17885,3439,31989,614,296,318
23865,36972,4979,17887,3439,31993,614,296,318
23870,36982,4981,17890,3441,32001,614,296,318
23875,36988,4982,17892,3441,32006,614,296,318
23880,36999,4985,17897,3444,32014,615,296,319
23885,37003,4986,17898,3445,32017,615,296,319
23890,37013,4987,17905,3445,32026,615,296,319
23895,37019,4988,17907,3445,32031,615,296,319
23900,37030,4989,17914,3446,32041,615,296,319
23905,37034,4990,17918,3447,32044,615,296,319
23910,37044,4991,17920,3447,32053,615,296,319
23915,37050,4992,17923,3447,32058,615,296,319
23920,37061,4992,17930,3447,32069,615,296,319
23925,37065,4993,17933,3448,32072,615,296,319
23930,37075,4994,17940,3449,32081,615,296,319
23935,37081,4995,17942,3450,32086,615,296,319
23940,37092,4995,17947,3450,32097,615,296,319
23945,37096,4995,17949,3450,32101,615,296,319
23950,37106,4996,17954,3451,32109,615,296,319
23955,37112,4998,17955,3452,32114,615,296,319
23960,37123,4998,17962,3452,32125,615,296,319
23965,37127,4998,17962,3452,32129,615,296,319
23970,37137,4999,17966,3453,32137,615,296,319
23975,37143,5001,17969,3455,32142,615,296,319
23980,37154,5001,17976,3455,32152,615,296,319
23985,37158,5002,17977,3456,32156,615,296,319
23990,37168,5005,17980,3458,32163,615,296,319
23995,37174,5006,17982,3459,32168,615,296,319
24000,37185,5007,17986,3460,32176,616,297,319
24005,37189,5009,17988,3462,32180,616,297,319
24010,37199,5009,17991,3462,32190,616,297,319
24015,37205,5009,17993,3462,32196,616,297,319
24020,37216,5010,17996,3462,32206,616,297,319
24025,37220,5010,17996,3462,32210,616,297,319
24030,37230,5010,18001,3462,32220,616,297,319
24035,37236,5010,18005,3462,32226,616,297,319
24040,37247,5011,18011,3463,32236,616,297,319
24045,37251,5011,18012,3463,32240,616,297,319
24050,37261,5011,18016,3463,32250,616,297,319
24055,37267,5011,18020,3463,32256,616,297,319
24060,37278,5012,18025,3463,32266,616,297,319
24065,37282,5012,18028,3463,32270,616,297,319
24070,37292,5012,18033,3463,32280,616,297,319
24075,37298,5012,18037,3463,32286,616,297,319
24080,37309,5013,18045,3464,32296,616,297,319
24085,37313,5013,18047,3464,32300,616,297,319
24090,37323,5013,18053,3464,32310,616,297,319
24095,37329,5013,18055,3464,32316,616,297,319
24100,37340,5014,18061,3464,32326,616,297,319
24105,37344,5014,18065,3464,32330,616,297,319
24110,37354,5016,18071,3466,32338,616,297,319
24115,37360,5017,18074,3467,32342,616,297,319
24120,37371,5021,18081,3471,32349,617,298,319
24125,37375,5023,18084,3473,32352,617,298,319
24130,37385,5025,18091,3475,32359,617,298,319
24135,37391,5027,18091,3476,32364,617,298,319
24140,37402,5029,18099,3478,32372,617,298,319
24145,37406,5030,18101,3479,32376,617,298,319
24150,37416,5032,18106,3480,32383,617,298,319
24155,37422,5034,18107,3481,32388,617,298,319
24160,37433,5036,18114,3483,32396,617,298,319
24165,37437,5038,18116,3485,32399,617,298,319
24170,37447,5040,18120,3486,32407,617,298,319
24175,37453,5041,18124,3487,32411,617,298,319
24180,37464,5043,18129,3489,32421,617,298,319
24185,37468,5043,18129,3489,32425,617,298,319
24190,37478,5043,18133,3489,32435,617,298,319
24195,37484,5044,18135,3489,32440,617,298,319
24200,37495,5045,18137,3489,32450,617,298,319
24205,37499,5045,18138,3489,32454,617,298,319
24210,37509,5045,18140,3489,32464,617,298,319
24215,37515,5046,18142,3489,32469,617,298,319
24220,37526,5048,18147,3490,32478,617,298,319
24225,37530,5048,18148,3490,32482,617,298,319
24230,37540,5048,18154,3490,32492,617,298,319
24235,37546,5049,18158,3491,32497,617,298,319
24240,37557,5050,18165,3492,32507,618,299,319
24245,37561,5052,18169,3494,32509,618,299,319
24250,37571,5053,18172,3494,32518,618,299,319
24255,37577,5054,18175,3494,32522,618,299,319
24260,37588,5057,18182,3497,32531,619,299,320
24265,37592,5059,18186,3499,32533,619,299,320
24270,37602,5060,18190,3499,32542,619,299,320
24275,37608,5061,18193,3499,32546,619,299,320
24280,37619,5063,18197,3501,32556,620,299,321
24285,37623,5065,18199,3503,32558,620,299,321
24290,37633,5067,18203,3503,32566,620,299,321
24295,37639,5068,18206,3504,32570,620,299,321
24300,37650,5070,18209,3506,32580,621,299,322
24305,37654,5070,18212,3506,32584,621,299,322
24310,37664,5071,18219,3507,32593,621,299,322
24315,37670,5071,18220,3507,32599,621,299,322
24320,37681,5072,18227,3508,32609,621,299,322
24325,37685,5072,18228,3508,32613,621,299,322
24330,37695,5073,18233,3508,32622,621,299,322
24335,37701,5073,18236,3508,32628,621,299,322
24340,37712,5073,18239,3508,32639,621,299,322
24345,37716,5073,18240,3508,32643,621,299,322
24350,37726,5074,18247,3509,32652,621,299,322
24355,37732,5074,18250,3509,32658,621,299,322
24360,37743,5076,18257,3511,32667,621,299,322
24365,37747,5076,18258,3511,32671,621,299,322
24370,37757,5077,18264,3511,32680,621,299,322
24375,37763,5077,18265,3511,32686,621,299,322
24380,37774,5078,18272,3512,32696,621,299,322
24385,37778,5078,18276,3512,32700,621,299,322
24390,37788,5079,18280,3512,32709,621,299,322
24395,37794,5079,18284,3512,32715,621,299,322
24400,37805,5081,18288,3513,32724,621,299,322
24405,37809,5081,18290,3513,32728,621,299,322
24410,37819,5082,18293,3513,32736,621,299,322
24415,37825,5084,18296,3514,32740,621,299,322
24420,37836,5086,18304,3516,32749,622,300,322
24425,37840,5087,18305,3517,32753,622,300,322
24430,37850,5087,18310,3517,32763,622,300,322
24435,37856,5088,18313,3517,32768,622,300,322
24440,37867,5089,18316,3517,32778,622,300,322
24445,37871,5089,18318,3517,32782,622,300,322
24450,37881,5089,18324,3517,32792,622,300,322
24455,37887,5090,18327,3518,32797,622,300,322
24460,37898,5091,18331,3518,32807,622,300,322
24465,37902,5091,18333,3518,32811,622,300,322
24470,37912,5091,18338,3518,32821,622,300,322
24475,37918,5092,18342,3519,32826,622,300,322
24480,37929,5094,18348,3520,32835,622,300,322
24485,37933,5094,18349,3520,32839,622,300,322
24490,37943,5095,18354,3521,32848,622,300,322
24495,37949,5096,18356,3521,32853,622,300,322
24500,37960,5099,18361,3523,32861,622,300,322
24505,37964,5099,18363,3523,32865,622,300,322
24510,37974,5099,18368,3523,32875,622,300,322
24515,37980,5100,18371,3523,32880,622,300,322
24520,37991,5101,18378,3523,32890,622,300,322
24525,37995,5101,18378,3523,32894,622,300,322
24530,38005,5102,18384,3523,32903,622,300,322
24535,38011,5103,18386,3523,32908,622,300,322
24540,38022,5107,18392,3527,32915,623,300,323
24545,38026,5108,18396,3528,32918,623,300,323
24550,38036,5110,18403,3530,32926,623,300,323
24555,38042,5110,18407,3530,32932,623,300,323
24560,38053,5111,18411,3531,32942,623,300,323
24565,38057,5111,18415,3531,32946,623,300,323
24570,38067,5113,18419,3531,32954,623,300,323
24575,38073,5113,18420,3531,32960,623,300,323
24580,38084,5114,18429,3532,32970,623,300,323
24585,38088,5114,18432,3532,32974,623,300,323
24590,38098,5116,18436,3532,32982,623,300,323
24595,38104,5116,18438,3532,32988,623,300,323
24600,38115,5116,18446,3532,32999,623,300,323
24605,38119,5116,18447,3532,33003,623,300,323
24610,38129,5118,18453,3533,33011,623,300,323
24615,38135,5118,18455,3533,33017,623,300,323
24620,38146,5119,18460,3534,33027,623,300,323
24625,38150,5119,18462,3534,33031,623,300,323
24630,38160,5121,18466,3535,33039,623,300,323
24635,38166,5121,18472,3535,33045,623,300,323
24640,38177,5122,18477,3536,33055,623,300,323
24645,38181,5122,18477,3536,33059,623,300,323
24650,38191,5124,18482,3538,33067,623,300,323
24655,38197,5125,18484,3538,33072,623,300,323
24660,38208,5127,18489,3539,33080,623,300,323
24665,38212,5128,18490,3540,33084,623,300,323
24670,38222,5131,18494,3543,33091,623,300,323
24675,38228,5133,18497,3545,33095,623,300,323
24680,38239,5134,18503,3546,33105,624,301,323
24685,38243,5134,18506,3546,33109,624,301,323
24690,38253,5136,18510,3547,33117,624,301,323
24695,38259,5137,18514,3548,33122,624,301,323
24700,38270,5139,18518,3550,33131,625,302,323
24705,38274,5140,18520,3551,33134,625,302,323
24710,38284,5143,18526,3553,33141,625,302,323
24715,38290,5144,18528,3554,33146,625,302,323
24720,38301,5145,18533,3554,33156,626,302,324
24725,38305,5145,18533,3554,33160,626,302,324
24730,38315,5146,18539,3554,33169,626,302,324
24735,38321,5146,18542,3554,33175,626,302,324
24740,38332,5147,18547,3555,33185,626,302,324
24745,38336,5147,18548,3555,33189,626,302,324
24750,38346,5148,18554,3556,33198,626,302,324
24755,38352,5148,18557,3556,33204,626,302,324
24760,38363,5149,18561,3556,33214,626,302,324
24765,38367,5149,18563,3556,33218,626,302,324
24770,38377,5150,18568,3557,33227,626,302,324
24775,38383,5150,18572,3557,33233,626,302,324
24780,38394,5151,18577,3557,33242,626,302,324
24785,38398,5152,18578,3558,33246,626,302,324
24790,38408,5152,18583,3558,33255,626,302,324
24795,38414,5154,18585,3560,33260,626,302,324
24800,38425,5156,18591,3562,33269,626,302,324
24805,38429,5156,18592,3562,33273,626,302,324
24810,38439,5156,18597,3562,33282,626,302,324
24815,38445,5158,18601,3563,33287,626,302,324
24820,38456,5160,18608,3565,33296,626,302,324
24825,38460,5160,18608,3565,33300,626,302,324
24830,38470,5161,18611,3565,33308,626,302,324
24835,38476,5163,18612,3567,33313,626,302,324
24840,38487,5164,18614,3567,33322,627,302,325
24845,38491,5165,18614,3568,33326,627,302,325
24850,38501,5166,18621,3569,33335,627,302,325
24855,38507,5167,18623,3569,33340,627,302,325
24860,38518,5168,18629,3569,33350,627,302,325
24865,38522,5168,18631,3569,33354,627,302,325
24870,38532,5169,18636,3569,33363,627,302,325
24875,38538,5170,18638,3570,33368,627,302,325
24880,38549,5171,18642,3571,33378,627,302,325
24885,38553,5171,18645,3571,33382,627,302,325
24890,38563,5172,18650,3572,33391,627,302,325
24895,38569,5174,18653,3573,33395,627,302,325
24900,38580,5175,18658,3574,33405,627,302,325
24905,38584,5175,18659,3574,33409,627,302,325
24910,38594,5176,18664,3575,33418,627,302,325
24915,38600,5177,18668,3576,33423,627,302,325
24920,38611,5179,18671,3578,33432,627,302,325
24925,38615,5179,18673,3578,33436,627,302,325
24930,38625,5180,18680,3578,33445,627,302,325
24935,38631,5181,18682,3578,33450,627,302,325
24940,38642,5182,18687,3578,33460,627,302,325
24945,38646,5182,18687,3578,33464,627,302,325
24950,38656,5183,18693,3578,33472,627,302,325
24955,38662,5185,18697,3580,33477,627,302,325
24960,38673,5186,18700,3580,33486,628,302,326
24965,38677,5187,18703,3581,33490,628,302,326
24970,38687,5187,18705,3581,33500,628,302,326
24975,38693,5188,18707,3581,33505,628,302,326
24980,38704,5189,18711,3582,33515,628,302,326
24985,38708,5189,18712,3582,33519,628,302,326
24990,38718,5189,18717,3582,33529,628,302,326
24995,38724,5190,18722,3583,33534,628,302,326
25000,38735,5191,18730,3584,33544,628,302,326
25005,38739,5191,18732,3584,33548,628,302,326
25010,38749,5191,18738,3584,33558,628,302,326
25015,38755,5192,18741,3584,33563,628,302,326
25020,38766,5194,18749,3586,33572,628,302,326
25025,38770,5195,18751,3587,33575,628,302,326
25030,38780,5196,18756,3587,33584,628,302,326
25035,38786,5196,18758,3587,33590,628,302,326
25040,38797,5197,18760,3588,33600,628,302,326
25045,38801,5198,18762,3589,33603,628,302,326
25050,38811,5199,18766,3589,33612,628,302,326
25055,38817,5199,18770,3589,33618,628,302,326
25060,38828,5200,18774,3589,33628,628,302,326
25065,38832,5201,18777,3590,33631,628,302,326
25070,38842,5202,18783,3591,33640,628,302,326
25075,38848,5202,18786,3591,33646,628,302,326
25080,38859,5203,18794,3592,33655,629,303,326
25085,38863,5204,18796,3593,33659,629,303,326
25090,38873,5205,18804,3594,33668,629,303,326
25095,38879,5205,18807,3594,33674,629,303,326
25100,38890,5207,18813,3596,33683,629,303,326
25105,38894,5207,18816,3596,33687,629,303,326
25110,38904,5208,18822,3596,33696,629,303,326
25115,38910,5208,18822,3596,33702,629,303,326
25120,38921,5209,18827,3596,33712,629,303,326
25125,38925,5209,18828,3596,33716,629,303,326
25130,38935,5211,18834,3596,33724,629,303,326
25135,38941,5213,18837,3598,33727,629,303,326
25140,38952,5218,18845,3602,33733,629,303,326
25145,38956,5219,18846,3603,33737,629,303,326
25150,38966,5220,18851,3603,33746,629,303,326
25155,38972,5220,18855,3603,33752,629,303,326
25160,38983,5220,18859,3603,33763,629,303,326
25165,38987,5220,18861,3603,33767,629,303,326
25170,38997,5221,18868,3604,33776,629,303,326
25175,39003,5221,18870,3604,33782,629,303,326
25180,39014,5221,18872,3604,33793,629,303,326
25185,39018,5221,18875,3604,33797,629,303,326
25190,39028,5222,18881,3604,33806,629,303,326
25195,39034,5222,18886,3604,33812,629,303,326
25200,39045,5223,18895,3605,33822,630,304,326
25205,39049,5223,18896,3605,33826,630,304,326
25210,39059,5225,18900,3606,33834,630,304,326
25215,39065,5225,18902,3606,33840,630,304,326
25220,39076,5225,18908,3606,33851,631,304,327
25225,39080,5225,18911,3606,33855,631,304,327
25230,39090,5227,18915,3606,33863,631,304,327
25235,39096,5227,18919,3606,33869,631,304,327
25240,39107,5227,18923,3606,33880,632,304,328
25245,39111,5227,18924,3606,33884,632,304,328
25250,39121,5230,18929,3607,33891,632,304,328
25255,39127,5231,18931,3607,33896,632,304,328
25260,39138,5234,18938,3610,33903,633,304,329
25265,39142,5235,18940,3611,33907,633,304,329
25270,39152,5235,18942,3611,33917,633,304,329
25275,39158,5236,18947,3612,33922,633,304,329
25280,39169,5237,18953,3612,33932,633,304,329
25285,39173,5237,18955,3612,33936,633,304,329
25290,39183,5237,18961,3612,33945,633,304,329
25295,39189,5239,18964,3613,33950,633,304,329
25300,39200,5240,18971,3614,33960,633,304,329
25305,39204,5240,18973,3614,33964,633,304,329
25310,39214,5240,18979,3614,33973,633,304,329
25315,39220,5242,18983,3616,33978,633,304,329
25320,39231,5243,18988,3616,33988,633,304,329
25325,39235,5243,18990,3616,33992,633,304,329
25330,39245,5243,18994,3616,34001,633,304,329
25335,39251,5245,18996,3618,34006,633,304,329
25340,39262,5246,19000,3618,34016,633,304,329
25345,39266,5246,19000,3618,34020,633,304,329
25350,39276,5246,19007,3618,34029,633,304,329
25355,39282,5248,19009,3619,34034,633,304,329
25360,39293,5249,19015,3619,34044,633,304,329
25365,39297,5250,19018,3620,34047,633,304,329
25370,39307,5251,19023,3621,34055,633,304,329
25375,39313,5254,19026,3624,34059,633,304,329
25380,39324,5258,19033,3628,34066,634,305,329
25385,39328,5258,19036,3628,34070,634,305,329
25390,39338,5259,19042,3629,34079,634,305,329
25395,39344,5259,19046,3629,34085,634,305,329
25400,39355,5259,19054,3629,34095,634,305,329
25405,39359,5260,19058,3630,34099,634,305,329
25410,39369,5261,19063,3630,34108,634,305,329
25415,39375,5261,19066,3630,34113,634,305,329
25420,39386,5262,19070,3631,34124,634,305,329
25425,39390,5262,19072,3631,34128,634,305,329
25430,39400,5263,19075,3631,34137,634,305,329
25435,39406,5263,19079,3631,34142,634,305,329
25440,39417,5264,19083,3632,34153,634,305,329
25445,39421,5264,19085,3632,34157,634,305,329
25450,39431,5265,19090,3632,34166,634,305,329
25455,39437,5265,19092,3632,34172,634,305,329
25460,39448,5265,19096,3632,34183,634,305,329
25465,39452,5265,19098,3632,34187,634,305,329
25470,39462,5266,19102,3633,34196,634,305,329
25475,39468,5266,19108,3633,34202,634,305,329
25480,39479,5266,19113,3633,34213,634,305,329
25485,39483,5266,19114,3633,34217,634,305,329
25490,39493,5268,19120,3634,34224,634,305,329
25495,39499,5270,19125,3636,34229,634,305,329
25500,39510,5273,19133,3639,34236,635,305,330
25505,39514,5274,19134,3640,34240,635,305,330
25510,39524,5276,19139,3641,34248,635,305,330
25515,39530,5276,19144,3641,34254,635,305,330
25520,39541,5277,19150,3642,34264,635,305,330
25525,39545,5277,19152,3642,34268,635,305,330
25530,39555,5279,19158,3644,34276,635,305,330
25535,39561,5280,19162,3645,34281,635,305,330
25540,39572,5280,19165,3645,34292,635,305,330
25545,39576,5280,19167,3645,34296,635,305,330
25550,39586,5282,19170,3646,34304,635,305,330
25555,39592,5283,19172,3647,34309,635,305,330
25560,39603,5283,19177,3647,34320,635,305,330
25565,39607,5284,19179,3648,34323,635,305,330
25570,39617,5287,19186,3650,34330,635,305,330
25575,39623,5288,19191,3651,34335,635,305,330
25580,39634,5289,19194,3652,34345,635,305,330
25585,39638,5290,19196,3653,34348,635,305,330
25590,39648,5293,19203,3655,34355,635,305,330
25595,39654,5294,19206,3656,34360,635,305,330
25600,39665,5296,19213,3657,34369,635,305,330
25605,39669,5297,19215,3658,34372,635,305,330
25610,39679,5300,19217,3660,34379,635,305,330
25615,39685,5301,19221,3660,34383,635,305,330
25620,39696,5304,19227,3662,34391,636,306,330
25625,39700,5305,19229,3663,34395,636,306,330
25630,39710,5307,19235,3665,34402,636,306,330
25635,39716,5309,19237,3667,34406,636,306,330
25640,39727,5311,19243,3669,34416,637,306,331
25645,39731,5311,19246,3669,34420,637,306,331
25650,39741,5313,19252,3670,34428,637,306,331
25655,39747,5314,19255,3670,34432,637,306,331
25660,39758,5315,19259,3671,34443,638,306,332
25665,39762,5315,19260,3671,34447,638,306,332
25670,39772,5317,19263,3672,34455,638,306,332
25675,39778,5318,19265,3673,34460,638,306,332
25680,39789,5318,19267,3673,34471,639,306,333
25685,39793,5318,19268,3673,34475,639,306,333
25690,39803,5318,19275,3673,34485,639,306,333
25695,39809,5318,19277,3673,34491,639,306,333
25700,39820,5318,19286,3673,34502,639,306,333
25705,39824,5318,19287,3673,34506,639,306,333
25710,39834,5318,19295,3673,34516,639,306,333
25715,39840,5318,19297,3673,34522,639,306,333
25720,39851,5318,19300,3673,34533,639,306,333
25725,39855,5318,19302,3673,34537,639,306,333
25730,39865,5318,19307,3673,34547,639,306,333
25735,39871,5318,19307,3673,34553,639,306,333
25740,39882,5318,19311,3673,34564,639,306,333
25745,39886,5318,19314,3673,34568,639,306,333
25750,39896,5318,19320,3673,34578,639,306,333
25755,39902,5318,19325,3673,34584,639,306,333
25760,39913,5318,19327,3673,34595,639,306,333
25765,39917,5318,19329,3673,34599,639,306,333
25770,39927,5318,19332,3673,34609,639,306,333
25775,39933,5318,19335,3673,34615,639,306,333
25780,39944,5318,19338,3673,34626,639,306,333
25785,39948,5318,19340,3673,34630,639,306,333
25790,39958,5320,19343,3674,34638,639,306,333
25795,39964,5321,19346,3674,34643,639,306,333
25800,39975,5323,19350,3675,34651,640,307,333
25805,39979,5325,19352,3677,34654,640,307,333
25810,39989,5326,19354,3677,34663,640,307,333
25815,39995,5327,19357,3678,34668,640,307,333
25820,40006,5328,19361,3678,34678,640,307,333
25825,40010,5328,19363,3678,34682,640,307,333
25830,40020,5329,19368,3678,34691,640,307,333
25835,40026,5330,19369,3678,34696,640,307,333
25840,40037,5331,19375,3679,34706,640,307,333
25845,40041,5331,19378,3679,34710,640,307,333
25850,40051,5332,19385,3680,34718,640,307,333
25855,40057,5335,19391,3683,34722,640,307,333
25860,40068,5337,19399,3685,34731,640,307,333
25865,40072,5337,19402,3685,34735,640,307,333
25870,40082,5338,19406,3686,34743,640,307,333
25875,40088,5340,19407,3687,34748,640,307,333
25880,40099,5341,19409,3687,34758,640,307,333
25885,40103,5341,19411,3687,34762,640,307,333
25890,40113,5342,19415,3687,34770,640,307,333
25895,40119,5344,19418,3688,34775,640,307,333
25900,40130,5346,19425,3689,34784,640,307,333
25905,40134,5346,19428,3689,34788,640,307,333
25910,40144,5348,19433,3690,34795,640,307,333
25915,40150,5350,19435,3691,34799,640,307,333
25920,40161,5354,19441,3695,34807,641,307,334
25925,40165,5354,19442,3695,34811,641,307,334
25930,40175,5355,19446,3695,34820,641,307,334
25935,40181,5355,19449,3695,34826,641,307,334
25940,40192,5357,19456,3697,34835,641,307,334
25945,40196,5357,19456,3697,34839,641,307,334
25950,40206,5358,19459,3698,34848,641,307,334
25955,40212,5358,19462,3698,34854,641,307,334
25960,40223,5360,19464,3699,34863,641,307,334
25965,40227,5360,19467,3699,34867,641,307,334
25970,40237,5361,19470,3699,34876,641,307,334
25975,40243,5361,19474,3699,34882,641,307,334
25980,40254,5362,19481,3700,34892,641,307,334
25985,40258,5362,19482,3700,34896,641,307,334
25990,40268,5363,19487,3700,34905,641,307,334
25995,40274,5363,19490,3700,34911,641,307,334
26000,40285,5364,19494,3700,34921,641,307,334
26005,40289,5364,19496,3700,34925,641,307,334
26010,40299,5365,19499,3700,34934,641,307,334
26015,40305,5365,19504,3700,34940,641,307,334
26020,40316,5367,19511,3702,34949,641,307,334
26025,40320,5368,19512,3703,34952,641,307,334
26030,40330,5370,19517,3704,34960,641,307,334
26035,40336,5371,19519,3704,34964,641,307,334
26040,40347,5375,19524,3707,34971,642,308,334
26045,40351,5376,19528,3708,34975,642,308,334
26050,40361,5377,19535,3709,34984,642,308,334
26055,40367,5378,19537,3709,34989,642,308,334
26060,40378,5378,19538,3709,35000,642,308,334
26065,40382,5378,19538,3709,35004,642,308,334
26070,40392,5379,19544,3710,35013,642,308,334
26075,40398,5380,19547,3711,35018,642,308,334
26080,40409,5381,19553,3712,35028,642,308,334
26085,40413,5381,19554,3712,35032,642,308,334
26090,40423,5382,19557,3713,35041,642,308,334
26095,40429,5383,19560,3714,35046,642,308,334
26100,40440,5383,19563,3714,35057,642,308,334
26105,40444,5384,19564,3715,35060,642,308,334
26110,40454,5385,19570,3716,35068,642,308,334
26115,40460,5387,19573,3717,35073,642,308,334
26120,40471,5387,19582,3717,35083,642,308,334
26125,40475,5389,19583,3719,35086,642,308,334
26130,40485,5390,19587,3719,35095,642,308,334
26135,40491,5391,19592,3720,35100,642,308,334
26140,40502,5391,19598,3720,35110,642,308,334
26145,40506,5392,19598,3721,35114,642,308,334
26150,40516,5394,19603,3723,35122,642,308,334
26155,40522,5395,19605,3724,35127,642,308,334
26160,40533,5396,19609,3724,35136,643,308,335
26165,40537,5397,19610,3725,35140,643,308,335
26170,40547,5397,19611,3725,35150,643,308,335
26175,40553,5397,19615,3725,35156,643,308,335
26180,40564,5399,19619,3726,35165,643,308,335
26185,40568,5399,19621,3726,35169,643,308,335
26190,40578,5399,19628,3726,35179,643,308,335
26195,40584,5399,19631,3726,35185,643,308,335
26200,40595,5400,19635,3727,35195,643,308,335
26205,40599,5400,19637,3727,35199,643,308,335
26210,40609,5400,19642,3727,35209,643,308,335
26215,40615,5400,19644,3727,35215,643,308,335
26220,40626,5402,19650,3728,35224,643,308,335
26225,40630,5402,19653,3728,35228,643,308,335
26230,40640,5402,19655,3728,35238,643,308,335
26235,40646,5402,19657,3728,35244,643,308,335
26240,40657,5404,19664,3730,35253,643,308,335
26245,40661,5404,19664,3730,35257,643,308,335
26250,40671,5404,19667,3730,35267,643,308,335
26255,40677,5404,19669,3730,35273,643,308,335
26260,40688,5405,19672,3730,35283,643,308,335
26265,40692,5405,19675,3730,35287,643,308,335
26270,40702,5407,19679,3730,35295,643,308,335
26275,40708,5408,19681,3731,35300,643,308,335
26280,40719,5409,19683,3731,35309,644,308,336
26285,40723,5410,19686,3732,35313,644,308,336
26290,40733,5411,19691,3732,35322,644,308,336
26295,40739,5412,19693,3732,35327,644,308,336
26300,40750,5414,19699,3734,35336,644,308,336
26305,40754,5414,19700,3734,35340,644,308,336
26310,40764,5415,19705,3735,35349,644,308,336
26315,40770,5416,19708,3735,35354,644,308,336
26320,40781,5418,19714,3737,35363,644,308,336
26325,40785,5418,19716,3737,35367,644,308,336
26330,40795,5419,19725,3737,35375,644,308,336
26335,40801,5421,19727,3738,35380,644,308,336
26340,40812,5423,19730,3739,35389,644,308,336
26345,40816,5423,19732,3739,35393,644,308,336
26350,40826,5424,19736,3740,35402,644,308,336
26355,40832,5424,19737,3740,35408,644,308,336
26360,40843,5425,19742,3741,35418,644,308,336
26365,40847,5426,19746,3742,35421,644,308,336
26370,40857,5427,19752,3742,35430,644,308,336
26375,40863,5427,19757,3742,35436,644,308,336
26380,40874,5428,19761,3742,35445,644,308,336
26385,40878,5430,19763,3744,35448,644,308,336
26390,40888,5432,19768,3745,35456,644,308,336
26395,40894,5432,19772,3745,35461,644,308,336
26400,40905,5435,19776,3747,35469,645,309,336
26405,40909,5436,19778,3748,35473,645,309,336
26410,40919,5436,19784,3748,35483,645,309,336
26415,40925,5436,19788,3748,35489,645,309,336
26420,40936,5436,19792,3748,35500,645,309,336
26425,40940,5436,19796,3748,35504,645,309,336
26430,40950,5436,19802,3748,35514,645,309,336
26435,40956,5436,19804,3748,35520,645,309,336
26440,40967,5436,19807,3748,35531,645,309,336
26445,40971,5436,19808,3748,35535,645,309,336
26450,40981,5436,19812,3748,35545,645,309,336
26455,40987,5437,19815,3748,35550,645,309,336
26460,40998,5437,19822,3748,35561,645,309,336
26465,41002,5437,19824,3748,35565,645,309,336
26470,41012,5438,19829,3749,35574,645,309,336
26475,41018,5439,19831,3749,35578,645,309,336
26480,41029,5442,19839,3752,35586,645,309,336
26485,41033,5444,19842,3754,35589,645,309,336
26490,41043,5445,19849,3755,35598,645,309,336
26495,41049,5446,19852,3755,35602,645,309,336
26500,41060,5448,19859,3757,35612,645,309,336
26505,41064,5449,19863,3758,35615,645,309,336
26510,41074,5451,19867,3759,35623,645,309,336
26515,41080,5452,19870,3760,35627,645,309,336
26520,41091,5456,19877,3764,35634,646,309,337
26525,41095,5458,19880,3766,35637,646,309,337
26530,41105,5459,19883,3767,35646,646,309,337
26535,41111,5460,19886,3767,35651,646,309,337
26540,41122,5462,19894,3769,35660,647,309,338
26545,41126,5463,19897,3770,35663,647,309,338
26550,41136,5464,19902,3771,35672,647,309,338
26555,41142,5465,19905,3771,35677,647,309,338
26560,41153,5467,19911,3773,35686,648,310,338
26565,41157,5467,19912,3773,35690,648,310,338
26570,41167,5468,19918,3773,35698,648,310,338
26575,41173,5470,19923,3775,35703,648,310,338
26580,41184,5472,19932,3777,35711,649,311,338
26585,41188,5473,19935,3778,35715,649,311,338
26590,41198,5474,19943,3779,35723,649,311,338
26595,41204,5476,19944,3780,35728,649,311,338
26600,41215,5476,19948,3780,35739,649,311,338
26605,41219,5476,19951,3780,35743,649,311,338
26610,41229,5477,19956,3781,35752,649,311,338
26615,41235,5478,19960,3782,35757,649,311,338
26620,41246,5478,19963,3782,35768,649,311,338
26625,41250,5478,19964,3782,35772,649,311,338
26630,41260,5479,19970,3783,35780,649,311,338
26635,41266,5481,19973,3785,35785,649,311,338
26640,41277,5481,19979,3785,35796,649,311,338
26645,41281,5481,19980,3785,35800,649,311,338
26650,41291,5482,19987,3786,35808,649,311,338
26655,41297,5484,19989,3788,35813,649,311,338
26660,41308,5484,19993,3788,35824,649,311,338
26665,41312,5484,19995,3788,35828,649,311,338
26670,41322,5485,19998,3788,35837,649,311,338
26675,41328,5486,20000,3788,35842,649,311,338
26680,41339,5486,20009,3788,35853,649,311,338
26685,41343,5486,20011,3788,35857,649,311,338
26690,41353,5488,20015,3789,35865,649,311,338
26695,41359,5489,20018,3790,35870,649,311,338
26700,41370,5492,20024,3793,35877,650,311,339
26705,41374,5493,20026,3794,35881,650,311,339
26710,41384,5494,20032,3794,35890,650,311,339
26715,41390,5494,20033,3794,35896,650,311,339
26720,41401,5494,20036,3794,35907,650,311,339
26725,41405,5494,20037,3794,35911,650,311,339
26730,41415,5495,20040,3794,35920,650,311,339
26735,41421,5495,20045,3794,35926,650,311,339
26740,41432,5495,20048,3794,35937,650,311,339
26745,41436,5495,20050,3794,35941,650,311,339
26750,41446,5496,20052,3794,35950,650,311,339
26755,41452,5496,20056,3794,35956,650,311,339
26760,41463,5496,20058,3794,35967,650,311,339
26765,41467,5496,20058,3794,35971,650,311,339
26770,41477,5497,20061,3794,35980,650,311,339
26775,41483,5497,20064,3794,35986,650,311,339
26780,41494,5497,20067,3794,35997,650,311,339
26785,41498,5497,20070,3794,36001,650,311,339
26790,41508,5498,20076,3794,36010,650,311,339
26795,41514,5498,20078,3794,36016,650,311,339
26800,41525,5498,20084,3794,36027,650,311,339
26805,41529,5498,20086,3794,36031,650,311,339
26810,41539,5500,20091,3794,36039,650,311,339
26815,41545,5501,20094,3795,36043,650,311,339
26820,41556,5503,20099,3797,36052,651,312,339
26825,41560,5504,20102,3798,36056,651,312,339
26830,41570,5504,20107,3798,36066,651,312,339
26835,41576,5505,20109,3799,36071,651,312,339
26840,41587,5507,20116,3801,36080,651,312,339
26845,41591,5507,20120,3801,36084,651,312,339
26850,41601,5507,20127,3801,36093,651,312,339
26855,41607,5509,20131,3803,36098,651,312,339
26860,41618,5511,20137,3805,36107,651,312,339
26865,41622,5511,20139,3805,36111,651,312,339
26870,41632,5511,20144,3805,36121,651,312,339
26875,41638,5512,20146,3805,36126,651,312,339
26880,41649,5514,20151,3807,36135,651,312,339
26885,41653,5514,20153,3807,36139,651,312,339
26890,41663,5514,20158,3807,36148,651,312,339
26895,41669,5516,20160,3808,36153,651,312,339
26900,41680,5517,20167,3808,36163,651,312,339
26905,41684,5517,20169,3808,36167,651,312,339
26910,41694,5517,20173,3808,36177,651,312,339
26915,41700,5518,20176,3809,36182,651,312,339
26920,41711,5520,20184,3811,36191,651,312,339
26925,41715,5520,20186,3811,36195,651,312,339
26930,41725,5522,20191,3811,36202,651,312,339
26935,41731,5524,20195,3813,36207,651,312,339
26940,41742,5528,20202,3817,36213,652,313,339
26945,41746,5529,20204,3818,36217,652,313,339
26950,41756,5530,20209,3819,36226,652,313,339
26955,41762,5530,20213,3819,36232,652,313,339
26960,41773,5530,20218,3819,36243,652,313,339
26965,41777,5530,20219,3819,36247,652,313,339
26970,41787,5531,20223,3820,36256,652,313,339
26975,41793,5531,20226,3820,36262,652,313,339
26980,41804,5531,20228,3820,36273,652,313,339
26985,41808,5531,20232,3820,36277,652,313,339
26990,41818,5532,20236,3821,36286,652,313,339
26995,41824,5532,20238,3821,36292,652,313,339
27000,41835,5532,20243,3821,36303,652,313,339
27005,41839,5532,20246,3821,36307,652,313,339
27010,41849,5533,20250,3821,36316,652,313,339
27015,41855,5533,20253,3821,36322,652,313,339
27020,41866,5533,20259,3821,36333,652,313,339
27025,41870,5533,20261,3821,36337,652,313,339
27030,41880,5534,20265,3822,36346,652,313,339
27035,41886,5534,20267,3822,36352,652,313,339
27040,41897,5534,20274,3822,36363,652,313,339
27045,41901,5535,20275,3823,36366,652,313,339
27050,41911,5537,20280,3824,36374,652,313,339
27055,41917,5538,20283,3825,36378,652,313,339
27060,41928,5541,20289,3828,36386,653,313,340
27065,41932,5542,20290,3829,36390,653,313,340
27070,41942,5543,20295,3829,36399,653,313,340
27075,41948,5544,20297,3829,36404,653,313,340
27080,41959,5546,20301,3831,36413,653,313,340
27085,41963,5546,20302,3831,36417,653,313,340
27090,41973,5547,20306,3832,36426,653,313,340
27095,41979,5548,20309,3833,36431,653,313,340
27100,41990,5550,20316,3835,36440,653,313,340
27105,41994,5551,20317,3836,36443,653,313,340
27110,42004,5552,20323,3836,36452,653,313,340
27115,42010,5553,20327,3837,36457,653,313,340
27120,42021,5554,20330,3837,36467,653,313,340
27125,42025,5554,20332,3837,36471,653,313,340
27130,42035,5556,20336,3838,36479,653,313,340
27135,42041,5557,20338,3838,36484,653,313,340
27140,42052,5559,20343,3840,36493,654,313,341
27145,42056,5559,20344,3840,36497,654,313,341
27150,42066,5561,20351,3842,36504,654,313,341
27155,42072,5563,20354,3844,36509,654,313,341
27160,42083,5564,20358,3845,36519,655,314,341
27165,42087,5564,20359,3845,36523,655,314,341
27170,42097,5566,20364,3847,36531,655,314,341
27175,42103,5567,20366,3847,36535,655,314,341
27180,42114,5572,20372,3852,36542,656,314,342
27185,42118,5573,20374,3853,36545,656,314,342
27190,42128,5573,20377,3853,36555,656,314,342
27195,42134,5574,20381,3854,36560,656,314,342
27200,42145,5575,20387,3855,36570,656,314,342
27205,42149,5575,20388,3855,36574,656,314,342
27210,42159,5575,20393,3855,36583,656,314,342
27215,42165,5577,20396,3857,36588,656,314,342
27220,42176,5578,20402,3857,36598,656,314,342
27225,42180,5579,20406,3858,36601,656,314,342
27230,42190,5579,20413,3858,36610,656,314,342
27235,42196,5581,20415,3860,36615,656,314,342
27240,42207,5582,20420,3861,36625,656,314,342
27245,42211,5582,20424,3861,36629,656,314,342
27250,42221,5582,20430,3861,36639,656,314,342
27255,42227,5583,20432,3862,36644,656,314,342
27260,42238,5584,20440,3863,36654,656,314,342
27265,42242,5584,20443,3863,36658,656,314,342
27270,42252,5584,20447,3863,36667,656,314,342
27275,42258,5586,20450,3864,36672,656,314,342
27280,42269,5587,20452,3864,36682,656,314,342
27285,42273,5587,20455,3864,36686,656,314,342
27290,42283,5589,20461,3865,36694,656,314,342
27295,42289,5590,20464,3865,36698,656,314,342
27300,42300,5593,20470,3868,36707,657,314,343
27305,42304,5593,20471,3868,36711,657,314,343
27310,42314,5593,20475,3868,36720,657,314,343
27315,42320,5595,20478,3869,36725,657,314,343
27320,42331,5596,20484,3869,36735,657,314,343
27325,42335,5596,20486,3869,36739,657,314,343
27330,42345,5596,20493,3869,36748,657,314,343
27335,42351,5598,20494,3870,36753,657,314,343
27340,42362,5599,20499,3871,36763,657,314,343
27345,42366,5599,20501,3871,36767,657,314,343
27350,42376,5599,20505,3871,36777,657,314,343
27355,42382,5600,20508,3871,36782,657,314,343
27360,42393,5601,20512,3871,36792,657,314,343
27365,42397,5601,20513,3871,36796,657,314,343
27370,42407,5601,20519,3871,36806,657,314,343
27375,42413,5602,20522,3871,36811,657,314,343
27380,42424,5603,20527,3871,36821,657,314,343
27385,42428,5603,20527,3871,36825,657,314,343
27390,42438,5603,20531,3871,36835,657,314,343
27395,42444,5604,20534,3871,36840,657,314,343
27400,42455,5605,20543,3871,36850,657,314,343
27405,42459,5605,20544,3871,36854,657,314,343
27410,42469,5607,20550,3872,36862,657,314,343
27415,42475,5608,20552,3873,36867,657,314,343
27420,42486,5610,20556,3875,36876,658,315,343
27425,42490,5610,20557,3875,36880,658,315,343
27430,42500,5610,20562,3875,36890,658,315,343
27435,42506,5611,20565,3876,36895,658,315,343
27440,42517,5612,20570,3877,36905,658,315,343
27445,42521,5612,20572,3877,36909,658,315,343
27450,42531,5612,20579,3877,36919,658,315,343
27455,42537,5613,20583,3878,36924,658,315,343
27460,42548,5614,20589,3879,36934,658,315,343
27465,42552,5614,20591,3879,36938,658,315,343
27470,42562,5614,20594,3879,36948,658,315,343
27475,42568,5615,20598,3880,36953,658,315,343
27480,42579,5617,20605,3881,36962,658,315,343
27485,42583,5617,20608,3881,36966,658,315,343
27490,42593,5617,20614,3881,36975,658,315,343
27495,42599,5619,20618,3883,36980,658,315,343
27500,42610,5620,20620,3884,36990,658,315,343
27505,42614,5620,20621,3884,36994,658,315,343
27510,42624,5620,20623,3884,37004,658,315,343
27515,42630,5621,20625,3884,37009,658,315,343
27520,42641,5622,20632,3884,37019,658,315,343
27525,42645,5622,20635,3884,37023,658,315,343
27530,42655,5624,20639,3885,37030,658,315,343
27535,42661,5626,20643,3886,37034,658,315,343
27540,42672,5628,20649,3888,37043,659,316,343
27545,42676,5629,20651,3889,37047,659,316,343
27550,42686,5630,20653,3889,37056,659,316,343
27555,42692,5631,20656,3889,37061,659,316,343
27560,42703,5631,20659,3889,37072,659,316,343
27565,42707,5631,20662,3889,37076,659,316,343
27570,42717,5632,20668,3889,37084,659,316,343
27575,42723,5634,20669,3890,37089,659,316,343
27580,42734,5634,20676,3890,37100,659,316,343
27585,42738,5635,20679,3891,37103,659,316,343
27590,42748,5636,20685,3891,37111,659,316,343
27595,42754,5638,20687,3893,37116,659,316,343
27600,42765,5638,20691,3893,37127,659,316,343
27605,42769,5639,20693,3894,37130,659,316,343
27610,42779,5640,20698,3895,37139,659,316,343
27615,42785,5640,20700,3895,37145,659,316,343
27620,42796,5641,20707,3896,37155,659,316,343
27625,42800,5641,20708,3896,37159,659,316,343
27630,42810,5642,20712,3896,37168,659,316,343
27635,42816,5642,20717,3896,37174,659,316,343
27640,42827,5643,20723,3897,37184,659,316,343
27645,42831,5643,20725,3897,37188,659,316,343
27650,42841,5645,20729,3897,37196,659,316,343
27655,42847,5645,20733,3897,37201,659,316,343
27660,42858,5650,20741,3902,37208,659,316,343
27665,42862,5651,20742,3903,37211,659,316,343
27670,42872,5652,20750,3904,37220,659,316,343
27675,42878,5653,20752,3905,37225,659,316,343
27680,42889,5655,20757,3907,37234,659,316,343
27685,42893,5655,20757,3907,37238,659,316,343
27690,42903,5656,20760,3907,37247,659,316,343
27695,42909,5657,20762,3908,37252,659,316,343
27700,42920,5659,20767,3909,37261,659,316,343
27705,42924,5659,20768,3909,37265,659,316,343
27710,42934,5660,20774,3910,37274,659,316,343
27715,42940,5661,20776,3910,37279,659,316,343
27720,42951,5663,20782,3912,37288,659,316,343
27725,42955,5664,20784,3913,37291,659,316,343
27730,42965,5665,20790,3914,37300,659,316,343
27735,42971,5665,20792,3914,37306,659,316,343
27740,42982,5665,20794,3914,37317,659,316,343
27745,42986,5665,20794,3914,37321,659,316,343
27750,42996,5666,20797,3914,37330,659,316,343
27755,43002,5666,20800,3914,37336,659,316,343
27760,43013,5666,20805,3914,37347,659,316,343
27765,43017,5666,20807,3914,37351,659,316,343
27770,43027,5668,20814,3915,37359,659,316,343
27775,43033,5668,20817,3915,37365,659,316,343
27780,43044,5670,20823,3917,37373,660,317,343
27785,43048,5671,20824,3918,37377,660,317,343
27790,43058,5672,20827,3918,37386,660,317,343
27795,43064,5673,20829,3918,37391,660,317,343
27800,43075,5674,20833,3919,37401,660,317,343
27805,43079,5674,20836,3919,37405,660,317,343
27810,43089,5675,20841,3920,37413,660,317,343
27815,43095,5677,20845,3922,37418,660,317,343
27820,43106,5678,20848,3922,37428,660,317,343
27825,43110,5678,20851,3922,37432,660,317,343
27830,43120,5679,20853,3922,37441,660,317,343
27835,43126,5680,20854,3922,37446,660,317,343
27840,43137,5681,20858,3922,37456,660,317,343
27845,43141,5681,20860,3922,37460,660,317,343
27850,43151,5682,20864,3922,37468,660,317,343
27855,43157,5684,20867,3923,37473,660,317,343
27860,43168,5685,20869,3924,37483,660,317,343
27865,43172,5686,20872,3925,37486,660,317,343
27870,43182,5687,20879,3926,37494,660,317,343
27875,43188,5689,20881,3927,37499,660,317,343
27880,43199,5690,20887,3928,37509,660,317,343
27885,43203,5690,20889,3928,37513,660,317,343
27890,43213,5692,20894,3928,37520,660,317,343
27895,43219,5694,20898,3929,37524,660,317,343
27900,43230,5696,20900,3931,37534,661,317,344
27905,43234,5696,20901,3931,37538,661,317,344
27910,43244,5697,20903,3931,37547,661,317,344
27915,43250,5697,20905,3931,37553,661,317,344
27920,43261,5699,20911,3932,37562,661,317,344
27925,43265,5700,20913,3933,37565,661,317,344
27930,43275,5701,20919,3934,37574,661,317,344
27935,43281,5701,20924,3934,37580,661,317,344
27940,43292,5702,20928,3934,37590,661,317,344
27945,43296,5703,20930,3935,37593,661,317,344
27950,43306,5704,20938,3935,37602,661,317,344
27955,43312,5704,20939,3935,37608,661,317,344
27960,43323,5707,20945,3937,37616,661,317,344
27965,43327,5707,20946,3937,37620,661,317,344
27970,43337,5708,20951,3938,37629,661,317,344
27975,43343,5708,20955,3938,37635,661,317,344
27980,43354,5708,20960,3938,37646,662,318,344
27985,43358,5708,20961,3938,37650,662,318,344
27990,43368,5709,20964,3938,37659,662,318,344
27995,43374,5709,20966,3938,37665,662,318,344
28000,43385,5709,20972,3938,37676,663,319,344
28005,43389,5709,20972,3938,37680,663,319,344
28010,43399,5710,20975,3939,37689,663,319,344
28015,43405,5711,20976,3939,37694,663,319,344
28020,43416,5712,20982,3940,37703,664,320,344
28025,43420,5713,20983,3941,37707,664,320,344
28030,43430,5714,20989,3942,37716,664,320,344
28035,43436,5715,20995,3943,37720,664,320,344
28040,43447,5717,21000,3944,37730,664,320,344
28045,43451,5717,21002,3944,37734,664,320,344
28050,43461,5718,21007,3944,37743,664,320,344
28055,43467,5719,21009,3944,37748,664,320,344
28060,43478,5721,21014,3946,37757,664,320,344
28065,43482,5721,21015,3946,37761,664,320,344
28070,43492,5722,21018,3947,37769,664,320,344
28075,43498,5724,21020,3949,37774,664,320,344
28080,43509,5726,21028,3951,37783,664,320,344
28085,43513,5726,21030,3951,37787,664,320,344
28090,43523,5728,21037,3952,37794,664,320,344
28095,43529,5730,21041,3954,37798,664,320,344
28100,43540,5733,21045,3956,37807,664,320,344
28105,43544,5733,21047,3956,37811,664,320,344
28110,43554,5735,21051,3958,37819,664,320,344
28115,43560,5736,21055,3958,37823,664,320,344
28120,43571,5740,21062,3961,37831,664,320,344
28125,43575,5741,21065,3962,37834,664,320,344
28130,43585,5743,21070,3964,37841,664,320,344
28135,43591,5745,21071,3966,37846,664,320,344
28140,43602,5747,21074,3968,37854,665,320,345
28145,43606,5748,21077,3969,37858,665,320,345
28150,43616,5749,21082,3969,37867,665,320,345
28155,43622,5749,21086,3969,37873,665,320,345
28160,43633,5749,21094,3969,37884,665,320,345
28165,43637,5749,21096,3969,37888,665,320,345
28170,43647,5750,21102,3970,37897,665,320,345
28175,43653,5750,21106,3970,37903,665,320,345
28180,43664,5750,21113,3970,37914,665,320,345
28185,43668,5750,21115,3970,37918,665,320,345
28190,43678,5751,21119,3971,37927,665,320,345
28195,43684,5751,21121,3971,37933,665,320,345
28200,43695,5751,21129,3971,37944,665,320,345
28205,43699,5751,21130,3971,37948,665,320,345
28210,43709,5753,21135,3971,37956,665,320,345
28215,43715,5753,21136,3971,37962,665,320,345
28220,43726,5753,21140,3971,37972,665,320,345
28225,43730,5754,21141,3972,37976,665,320,345
28230,43740,5756,21145,3973,37984,665,320,345
28235,43746,5756,21149,3973,37989,665,320,345
28240,43757,5757,21154,3974,38000,665,320,345
28245,43761,5757,21157,3974,38004,665,320,345
28250,43771,5759,21161,3975,38012,665,320,345
28255,43777,5760,21165,3976,38016,665,320,345
28260,43788,5762,21169,3977,38025,666,321,345
28265,43792,5763,21172,3978,38029,666,321,345
28270,43802,5765,21178,3979,38037,666,321,345
28275,43808,5766,21181,3979,38042,666,321,345
28280,43819,5768,21188,3981,38051,666,321,345
28285,43823,5768,21191,3981,38055,666,321,345
28290,43833,5770,21195,3981,38062,666,321,345
28295,43839,5772,21197,3983,38067,666,321,345
28300,43850,5775,21203,3985,38075,666,321,345
28305,43854,5776,21205,3986,38078,666,321,345
28310,43864,5778,21208,3986,38086,666,321,345
28315,43870,5779,21209,3986,38091,666,321,345
28320,43881,5783,21216,3989,38098,666,321,345
28325,43885,5783,21217,3989,38102,666,321,345
28330,43895,5784,21223,3990,38111,666,321,345
28335,43901,5785,21225,3990,38116,666,321,345
28340,43912,5785,21227,3990,38127,666,321,345
28345,43916,5785,21228,3990,38131,666,321,345
28350,43926,5786,21231,3990,38139,666,321,345
28355,43932,5788,21232,3991,38144,666,321,345
28360,43943,5788,21235,3991,38155,666,321,345
28365,43947,5788,21236,3991,38159,666,321,345
28370,43957,5789,21241,3992,38168,666,321,345
28375,43963,5790,21244,3993,38173,666,321,345
28380,43974,5790,21249,3993,38184,666,321,345
28385,43978,5790,21250,3993,38188,666,321,345
28390,43988,5792,21257,3994,38196,666,321,345
28395,43994,5793,21260,3994,38201,666,321,345
28400,44005,5793,21266,3994,38212,666,321,345
28405,44009,5793,21267,3994,38216,666,321,345
28410,44019,5795,21271,3995,38224,666,321,345
28415,44025,5796,21274,3996,38229,666,321,345
28420,44036,5797,21280,3997,38239,666,321,345
28425,44040,5797,21282,3997,38243,666,321,345
28430,44050,5799,21287,3998,38251,666,321,345
28435,44056,5800,21290,3999,38256,666,321,345
28440,44067,5802,21294,4000,38265,666,321,345
28445,44071,5802,21297,4000,38269,666,321,345
28450,44081,5804,21301,4001,38277,666,321,345
28455,44087,5805,21303,4002,38282,666,321,345
28460,44098,5807,21307,4004,38291,667,321,346
28465,44102,5808,21311,4005,38294,667,321,346
28470,44112,5810,21316,4007,38302,667,321,346
28475,44118,5811,21320,4008,38307,667,321,346
28480,44129,5815,21325,4011,38314,668,321,347
28485,44133,5815,21327,4011,38318,668,321,347
28490,44143,5817,21333,4012,38325,668,321,347
28495,44149,5819,21337,4014,38330,668,321,347
28500,44160,5822,21343,4016,38338,669,322,347
28505,44164,5822,21347,4016,38342,669,322,347
28510,44174,5824,21353,4017,38350,669,322,347
28515,44180,5824,21355,4017,38356,669,322,347
28520,44191,5824,21362,4017,38367,670,322,348
28525,44195,5824,21364,4017,38371,670,322,348
28530,44205,5826,21370,4019,38379,670,322,348
28535,44211,5826,21374,4019,38385,670,322,348
28540,44222,5826,21379,4019,38396,671,323,348
28545,44226,5826,21381,4019,38400,671,323,348
28550,44236,5828,21383,4019,38408,671,323,348
28555,44242,5828,21386,4019,38414,671,323,348
28560,44253,5829,21390,4020,38424,672,324,348
28565,44257,5829,21394,4020,38428,672,324,348
28570,44267,5830,21400,4020,38437,672,324,348
28575,44273,5830,21402,4020,38443,672,324,348
28580,44284,5831,21409,4021,38452,672,324,348
28585,44288,5832,21413,4022,38456,672,324,348
28590,44298,5833,21414,4022,38465,672,324,348
28595,44304,5833,21418,4022,38470,672,324,348
28600,44315,5835,21421,4024,38479,672,324,348
28605,44319,5836,21424,4025,38483,672,324,348
28610,44329,5837,21429,4026,38492,672,324,348
28615,44335,5838,21431,4027,38496,672,324,348
28620,44346,5842,21436,4030,38504,672,324,348
28625,44350,5843,21439,4031,38507,672,324,348
28630,44360,5844,21444,4032,38516,672,324,348
28635,44366,5844,21448,4032,38521,672,324,348
28640,44377,5846,21455,4034,38531,672,324,348
28645,44381,5847,21458,4035,38534,672,324,348
28650,44391,5848,21465,4036,38543,672,324,348
28655,44397,5848,21470,4036,38548,672,324,348
28660,44408,5850,21477,4038,38558,672,324,348
28665,44412,5850,21478,4038,38562,672,324,348
28670,44422,5851,21484,4039,38571,672,324,348
28675,44428,5851,21486,4039,38577,672,324,348
28680,44439,5852,21490,4040,38587,672,324,348
28685,44443,5853,21493,4041,38590,672,324,348
28690,44453,5853,21500,4041,38600,672,324,348
28695,44459,5853,21503,4041,38606,672,324,348
28700,44470,5854,21508,4042,38616,672,324,348
28705,44474,5854,21510,4042,38620,672,324,348
28710,44484,5854,21514,4042,38630,672,324,348
28715,44490,5854,21517,4042,38636,672,324,348
28720,44501,5855,21521,4043,38646,672,324,348
28725,44505,5856,21524,4044,38649,672,324,348
28730,44515,5857,21529,4044,38658,672,324,348
28735,44521,5858,21533,4045,38663,672,324,348
28740,44532,5859,21540,4046,38673,672,324,348
28745,44536,5859,21541,4046,38677,672,324,348
28750,44546,5861,21545,4048,38684,672,324,348
28755,44552,5863,21548,4049,38689,672,324,348
28760,44563,5865,21552,4050,38698,672,324,348
28765,44567,5865,21553,4050,38702,672,324,348
28770,44577,5868,21557,4051,38709,672,324,348
28775,44583,5869,21560,4052,38714,672,324,348
28780,44594,5870,21565,4052,38724,672,324,348
28785,44598,5871,21568,4053,38727,672,324,348
28790,44608,5873,21575,4054,38734,672,324,348
28795,44614,5875,21577,4055,38739,672,324,348
28800,44625,5876,21577,4055,38749,673,324,349
28805,44629,5876,21580,4055,38753,673,324,349
28810,44639,5877,21587,4055,38762,673,324,349
28815,44645,5878,21590,4056,38767,673,324,349
28820,44656,5879,21593,4056,38777,673,324,349
28825,44660,5879,21595,4056,38781,673,324,349
28830,44670,5880,21599,4056,38790,673,324,349
28835,44676,5881,21602,4057,38795,673,324,349
28840,44687,5882,21605,4058,38805,673,324,349
28845,44691,5882,21608,4058,38809,673,324,349
28850,44701,5883,21612,4059,38818,673,324,349
28855,44707,5884,21615,4060,38823,673,324,349
28860,44718,5885,21620,4060,38833,673,324,349
28865,44722,5886,21621,4061,38836,673,324,349
28870,44732,5887,21626,4061,38845,673,324,349
28875,44738,5888,21629,4061,38850,673,324,349
28880,44749,5889,21632,4061,38860,673,324,349
28885,44753,5889,21634,4061,38864,673,324,349
28890,44763,5890,21635,4061,38873,673,324,349
28895,44769,5891,21640,4062,38878,673,324,349
28900,44780,5892,21644,4062,38888,673,324,349
28905,44784,5892,21646,4062,38892,673,324,349
28910,44794,5894,21649,4063,38900,673,324,349
28915,44800,5895,21650,4063,38905,673,324,349
28920,44811,5897,21656,4064,38914,674,325,349
28925,44815,5898,21657,4065,38917,674,325,349
28930,44825,5900,21661,4066,38925,674,325,349
28935,44831,5901,21664,4067,38930,674,325,349
28940,44842,5902,21669,4067,38940,674,325,349
28945,44846,5903,21671,4068,38943,674,325,349
28950,44856,5905,21673,4069,38951,674,325,349
28955,44862,5906,21674,4070,38956,674,325,349
28960,44873,5907,21680,4070,38966,674,325,349
28965,44877,5908,21682,4071,38969,674,325,349
28970,44887,5910,21689,4073,38977,674,325,349
28975,44893,5911,21692,4074,38982,674,325,349
28980,44904,5912,21696,4074,38992,674,325,349
28985,44908,5912,21697,4074,38996,674,325,349
28990,44918,5914,21701,4075,39004,674,325,349
28995,44924,5914,21706,4075,39010,674,325,349
29000,44935,5916,21711,4076,39019,674,325,349
29005,44939,5916,21715,4076,39023,674,325,349
29010,44949,5918,21721,4077,39031,674,325,349
29015,44955,5918,21726,4077,39037,674,325,349
29020,44966,5920,21730,4078,39046,674,325,349
29025,44970,5921,21733,4079,39049,674,325,349
29030,44980,5923,21740,4081,39057,674,325,349
29035,44986,5923,21742,4081,39062,674,325,349
29040,44997,5928,21750,4085,39068,675,326,349
29045,45001,5929,21751,4086,39072,675,326,349
29050,45011,5930,21759,4087,39081,675,326,349
29055,45017,5930,21763,4087,39087,675,326,349
29060,45028,5931,21766,4088,39097,675,326,349
29065,45032,5931,21767,4088,39101,675,326,349
29070,45042,5932,21771,4088,39110,675,326,349
29075,45048,5932,21774,4088,39116,675,326,349
29080,45059,5932,21777,4088,39127,675,326,349
29085,45063,5932,21778,4088,39131,675,326,349
29090,45073,5933,21781,4088,39139,675,326,349
29095,45079,5935,21783,4089,39144,675,326,349
29100,45090,5937,21789,4091,39153,675,326,349
29105,45094,5938,21791,4092,39156,675,326,349
29110,45104,5940,21796,4093,39163,675,326,349
29115,45110,5942,21799,4094,39168,675,326,349
29120,45121,5943,21804,4095,39177,676,327,349
29125,45125,5945,21806,4097,39180,676,327,349
29130,45135,5948,21811,4098,39187,676,327,349
29135,45141,5949,21812,4099,39192,676,327,349
29140,45152,5950,21817,4099,39201,677,328,349
29145,45156,5951,21817,4100,39205,677,328,349
29150,45166,5953,21822,4102,39213,677,328,349
29155,45172,5954,21825,4103,39217,677,328,349
29160,45183,5958,21832,4107,39225,678,329,349
29165,45187,5958,21835,4107,39229,678,329,349
29170,45197,5959,21837,4108,39238,678,329,349
29175,45203,5959,21839,4108,39244,678,329,349
29180,45214,5960,21846,4108,39254,678,329,349
29185,45218,5961,21849,4109,39257,678,329,349
29190,45228,5962,21854,4109,39266,678,329,349
29195,45234,5962,21857,4109,39272,678,329,349
29200,45245,5963,21864,4110,39282,678,329,349
29205,45249,5963,21865,4110,39286,678,329,349
29210,45259,5964,21868,4110,39295,678,329,349
29215,45265,5964,21870,4110,39301,678,329,349
29220,45276,5966,21877,4111,39310,678,329,349
29225,45280,5967,21880,4112,39313,678,329,349
29230,45290,5968,21883,4112,39322,678,329,349
29235,45296,5968,21884,4112,39328,678,329,349
29240,45307,5969,21889,4112,39338,678,329,349
29245,45311,5969,21890,4112,39342,678,329,349
29250,45321,5970,21893,4112,39351,678,329,349
29255,45327,5970,21896,4112,39357,678,329,349
29260,45338,5972,21903,4114,39366,678,329,349
29265,45342,5973,21905,4115,39369,678,329,349
29270,45352,5975,21914,4116,39376,678,329,349
29275,45358,5977,21918,4118,39380,678,329,349
29280,45369,5980,21921,4121,39389,679,330,349
29285,45373,5980,21923,4121,39393,679,330,349
29290,45383,5980,21929,4121,39403,679,330,349
29295,45389,5980,21931,4121,39409,679,330,349
29300,45400,5980,21937,4121,39420,679,330,349
29305,45404,5980,21939,4121,39424,679,330,349
29310,45414,5980,21946,4121,39434,679,330,349
29315,45420,5980,21948,4121,39440,679,330,349
29320,45431,5980,21955,4121,39451,679,330,349
29325,45435,5980,21958,4121,39455,679,330,349
29330,45445,5980,21961,4121,39465,679,330,349
29335,45451,5980,21963,4121,39471,679,330,349
29340,45462,5980,21967,4121,39482,679,330,349
29345,45466,5980,21969,4121,39486,679,330,349
29350,45476,5980,21972,4121,39496,679,330,349
29355,45482,5980,21974,4121,39502,679,330,349
29360,45493,5980,21980,4121,39513,679,330,349
29365,45497,5980,21982,4121,39517,679,330,349
29370,45507,5980,21988,4121,39527,679,330,349
29375,45513,5980,21990,4121,39533,679,330,349
29380,45524,5980,21996,4121,39544,679,330,349
29385,45528,5980,21997,4121,39548,679,330,349
29390,45538,5982,22001,4121,39556,679,330,349
29395,45544,5983,22006,4122,39560,679,330,349
29400,45555,5986,22011,4125,39569,680,331,349
29405,45559,5987,22014,4126,39572,680,331,349
29410,45569,5988,22019,4127,39581,680,331,349
29415,45575,5989,22023,4128,39586,680,331,349
29420,45586,5990,22030,4128,39596,680,331,349
29425,45590,5990,22032,4128,39600,680,331,349
29430,45600,5991,22038,4129,39609,680,331,349
29435,45606,5992,22042,4130,39614,680,331,349
29440,45617,5993,22048,4131,39624,680,331,349
29445,45621,5994,22051,4132,39627,680,331,349
29450,45631,5995,22056,4132,39636,680,331,349
29455,45637,5996,22060,4133,39641,680,331,349
29460,45648,5997,22065,4133,39651,680,331,349
29465,45652,5997,22065,4133,39655,680,331,349
29470,45662,5998,22069,4133,39664,680,331,349
29475,45668,5998,22073,4133,39670,680,331,349
29480,45679,5999,22076,4133,39680,680,331,349
29485,45683,5999,22077,4133,39684,680,331,349
29490,45693,6000,22081,4133,39693,680,331,349
29495,45699,6000,22084,4133,39699,680,331,349
29500,45710,6001,22088,4133,39709,680,331,349
29505,45714,6002,22092,4134,39712,680,331,349
29510,45724,6004,22096,4134,39720,680,331,349
29515,45730,6004,22100,4134,39725,680,331,349
29520,45741,6007,22103,4136,39733,681,331,350
29525,45745,6008,22106,4137,39737,681,331,350
29530,45755,6008,22108,4137,39747,681,331,350
29535,45761,6008,22110,4137,39753,681,331,350
29540,45772,6010,22117,4138,39762,681,331,350
29545,45776,6010,22121,4138,39766,681,331,350
29550,45786,6010,22126,4138,39776,681,331,350
29555,45792,6010,22130,4138,39782,681,331,350
29560,45803,6012,22135,4140,39791,681,331,350
29565,45807,6012,22138,4140,39795,681,331,350
29570,45817,6012,22142,4140,39805,681,331,350
29575,45823,6013,22146,4141,39810,681,331,350
29580,45834,6014,22149,4141,39820,681,331,350
29585,45838,6014,22153,4141,39824,681,331,350
29590,45848,6014,22159,4141,39834,681,331,350
29595,45854,6015,22162,4141,39839,681,331,350
29600,45865,6017,22169,4143,39848,681,331,350
29605,45869,6017,22171,4143,39852,681,331,350
29610,45879,6017,22178,4143,39862,681,331,350
29615,45885,6018,22181,4144,39867,681,331,350
29620,45896,6020,22188,4145,39876,681,331,350
29625,45900,6020,22190,4145,39880,681,331,350
29630,45910,6022,22197,4147,39887,681,331,350
29635,45916,6024,22199,4149,39892,681,331,350
29640,45927,6027,22206,4152,39900,682,332,350
29645,45931,6028,22208,4153,39903,682,332,350
29650,45941,6029,22212,4153,39911,682,332,350
29655,45947,6031,22217,4155,39915,682,332,350
29660,45958,6033,22225,4157,39925,682,332,350
29665,45962,6033,22225,4157,39929,682,332,350
29670,45972,6034,22229,4158,39938,682,332,350
29675,45978,6035,22232,4158,39942,682,332,350
29680,45989,6038,22236,4161,39951,682,332,350
29685,45993,6038,22239,4161,39955,682,332,350
29690,46003,6039,22245,4162,39964,682,332,350
29695,46009,6040,22246,4162,39969,682,332,350
29700,46020,6041,22251,4163,39979,682,332,350
29705,46024,6041,22254,4163,39983,682,332,350
29710,46034,6042,22260,4164,39992,682,332,350
29715,46040,6043,22261,4164,39997,682,332,350
29720,46051,6044,22266,4165,40007,682,332,350
29725,46055,6045,22267,4166,40010,682,332,350
29730,46065,6046,22271,4166,40019,682,332,350
29735,46071,6047,22274,4166,40024,682,332,350
29740,46082,6047,22276,4166,40035,682,332,350
29745,46086,6047,22278,4166,40039,682,332,350
29750,46096,6049,22283,4167,40047,682,332,350
29755,46102,6050,22286,4167,40052,682,332,350
29760,46113,6053,22294,4170,40059,683,333,350
29765,46117,6055,22297,4172,40062,683,333,350
29770,46127,6056,22299,4172,40071,683,333,350
29775,46133,6057,22304,4173,40076,683,333,350
29780,46144,6059,22308,4174,40085,683,333,350
29785,46148,6060,22310,4175,40088,683,333,350
29790,46158,6061,22315,4176,40097,683,333,350
29795,46164,6062,22318,4177,40102,683,333,350
29800,46175,6063,22321,4177,40112,683,333,350
29805,46179,6064,22324,4178,40115,683,333,350
29810,46189,6065,22330,4179,40123,683,333,350
29815,46195,6067,22335,4181,40128,683,333,350
29820,46206,6069,22343,4182,40137,683,333,350
29825,46210,6069,22344,4182,40141,683,333,350
29830,46220,6070,22349,4183,40150,683,333,350
29835,46226,6071,22350,4183,40155,683,333,350
29840,46237,6074,22357,4186,40163,684,334,350
29845,46241,6074,22361,4186,40167,684,334,350
29850,46251,6075,22366,4187,40176,684,334,350
29855,46257,6076,22369,4187,40181,684,334,350
29860,46268,6078,22374,4188,40190,685,335,350
29865,46272,6078,22376,4188,40194,685,335,350
29870,46282,6080,22381,4189,40201,685,335,350
29875,46288,6082,22384,4191,40206,685,335,350
29880,46299,6086,22391,4195,40213,686,336,350
29885,46303,6086,22393,4195,40217,686,336,350
29890,46313,6087,22398,4195,40226,686,336,350
29895,46319,6087,22401,4195,40232,686,336,350
29900,46330,6087,22408,4195,40243,686,336,350
29905,46334,6087,22410,4195,40247,686,336,350
29910,46344,6088,22417,4196,40256,686,336,350
29915,46350,6088,22418,4196,40262,686,336,350
29920,46361,6088,22424,4196,40273,686,336,350
29925,46365,6088,22426,4196,40277,686,336,350
29930,46375,6089,22430,4196,40286,686,336,350
29935,46381,6089,22433,4196,40292,686,336,350
29940,46392,6089,22437,4196,40303,686,336,350
29945,46396,6089,22440,4196,40307,686,336,350
29950,46406,6091,22444,4196,40315,686,336,350
29955,46412,6091,22446,4196,40321,686,336,350
29960,46423,6093,22451,4198,40330,686,336,350
29965,46427,6093,22453,4198,40334,686,336,350
29970,46437,6095,22460,4200,40342,686,336,350
29975,46443,6095,22463,4200,40347,686,336,350
29980,46454,6098,22472,4203,40355,686,336,350
29985,46458,6099,22472,4204,40359,686,336,350
29990,46468,6101,22476,4205,40367,686,336,350
29995,46474,6102,22478,4205,40372,686,336,350
30000,46485,6104,22480,4207,40381,687,336,351
30005,46489,6104,22483,4207,40385,687,336,351
30010,46499,6105,22489,4208,40394,687,336,351
30015,46505,6106,22490,4208,40399,687,336,351
30020,46516,6108,22496,4210,40408,687,336,351
30025,46520,6108,22498,4210,40412,687,336,351
30030,46530,6109,22503,4210,40421,687,336,351
30035,46536,6110,22505,4210,40426,687,336,351
30040,46547,6111,22509,4210,40436,687,336,351
30045,46551,6111,22510,4210,40440,687,336,351
30050,46561,6112,22517,4211,40449,687,336,351
30055,46567,6113,22519,4211,40454,687,336,351
30060,46578,6114,22524,4212,40464,687,336,351
30065,46582,6114,22526,4212,40468,687,336,351
30070,46592,6115,22533,4212,40477,687,336,351
30075,46598,6116,22536,4212,40482,687,336,351
30080,46609,6117,22540,4213,40492,687,336,351
30085,46613,6118,22543,4214,40495,687,336,351
30090,46623,6119,22545,4214,40504,687,336,351
30095,46629,6120,22549,4215,40509,687,336,351
30100,46640,6121,22553,4215,40519,687,336,351
30105,46644,6122,22555,4216,40522,687,336,351
30110,46654,6124,22561,4217,40530,687,336,351
30115,46660,6125,22563,4217,40534,687,336,351
30120,46671,6129,22571,4221,40541,688,337,351
30125,46675,6130,22572,4222,40545,688,337,351
30130,46685,6131,22577,4223,40553,688,337,351
30135,46691,6133,22580,4224,40558,688,337,351
30140,46702,6135,22587,4226,40567,688,337,351
30145,46706,6136,22588,4227,40570,688,337,351
30150,46716,6137,22595,4228,40578,688,337,351
30155,46722,6139,22597,4229,40583,688,337,351
30160,46733,6141,22602,4230,40592,688,337,351
30165,46737,6142,22605,4231,40595,688,337,351
30170,46747,6143,22610,4232,40603,688,337,351
30175,46753,6145,22612,4233,40608,688,337,351
30180,46764,6148,22617,4235,40616,688,337,351
30185,46768,6149,22619,4236,40619,688,337,351
30190,46778,6150,22628,4237,40628,688,337,351
30195,46784,6150,22630,4237,40634,688,337,351
30200,46795,6151,22636,4237,40643,689,337,352
30205,46799,6152,22637,4238,40647,689,337,352
30210,46809,6153,22640,4238,40656,689,337,352
30215,46815,6153,22641,4238,40662,689,337,352
30220,46826,6154,22644,4238,40671,690,337,353
30225,46830,6155,22646,4239,40675,690,337,353
30230,46840,6156,22651,4239,40684,690,337,353
30235,46846,6156,22652,4239,40690,690,337,353
30240,46857,6158,22659,4241,40698,691,338,353
30245,46861,6159,22662,4242,40702,691,338,353
30250,46871,6160,22666,4243,40711,691,338,353
30255,46877,6160,22668,4243,40716,691,338,353
30260,46888,6162,22673,4244,40725,691,338,353
30265,46892,6163,22675,4245,40729,691,338,353
30270,46902,6164,22680,4246,40738,691,338,353
30275,46908,6164,22684,4246,40743,691,338,353
30280,46919,6166,22688,4248,40753,691,338,353
30285,46923,6167,22691,4249,40756,691,338,353
30290,46933,6169,22697,4249,40763,691,338,353
30295,46939,6171,22702,4251,40768,691,338,353
30300,46950,6173,22706,4253,40776,691,338,353
30305,46954,6174,22710,4254,40780,691,338,353
30310,46964,6175,22715,4255,40788,691,338,353
30315,46970,6177,22720,4257,40793,691,338,353
30320,46981,6179,22725,4258,40802,691,338,353
30325,46985,6179,22728,4258,40806,691,338,353
30330,46995,6180,22732,4258,40815,691,338,353
30335,47001,6181,22736,4259,40820,691,338,353
30340,47012,6183,22742,4261,40829,691,338,353
30345,47016,6183,22742,4261,40833,691,338,353
30350,47026,6184,22747,4262,40841,691,338,353
30355,47032,6186,22748,4263,40846,691,338,353
30360,47043,6187,22751,4264,40856,692,338,354
30365,47047,6187,22752,4264,40860,692,338,354
30370,47057,6189,22758,4266,40867,692,338,354
30375,47063,6191,22762,4267,40871,692,338,354
30380,47074,6194,22767,4269,40880,693,338,355
30385,47078,6194,22769,4269,40884,693,338,355
30390,47088,6195,22773,4269,40892,693,338,355
30395,47094,6197,22777,4271,40897,693,338,355
30400,47105,6198,22781,4271,40907,694,339,355
30405,47109,6198,22784,4271,40911,694,339,355
30410,47119,6199,22790,4272,40919,694,339,355
30415,47125,6201,22792,4273,40923,694,339,355
30420,47136,6205,22797,4276,40931,695,339,356
30425,47140,6205,22797,4276,40935,695,339,356
30430,47150,6207,22802,4276,40943,695,339,356
30435,47156,6207,22805,4276,40949,695,339,356
30440,47167,6209,22807,4277,40958,696,339,357
30445,47171,6210,22809,4278,40961,696,339,357
30450,47181,6212,22812,4279,40969,696,339,357
30455,47187,6212,22814,4279,40975,696,339,357
30460,47198,6216,22820,4282,40982,697,340,357
30465,47202,6217,22821,4283,40985,697,340,357
30470,47212,6219,22828,4284,40993,697,340,357
30475,47218,6219,22834,4284,40999,697,340,357
30480,47229,6222,22839,4286,41007,698,341,357
30485,47233,6223,22841,4287,41010,698,341,357
30490,47243,6225,22849,4289,41018,698,341,357
30495,47249,6225,22850,4289,41024,698,341,357
30500,47260,6226,22855,4289,41034,698,341,357
30505,47264,6226,22855,4289,41038,698,341,357
30510,47274,6228,22859,4290,41046,698,341,357
30515,47280,6228,22860,4290,41052,698,341,357
30520,47291,6229,22866,4290,41062,698,341,357
30525,47295,6229,22867,4290,41066,698,341,357
30530,47305,6231,22872,4291,41074,698,341,357
30535,47311,6232,22874,4291,41078,698,341,357
30540,47322,6234,22879,4292,41088,698,341,357
30545,47326,6234,22881,4292,41092,698,341,357
30550,47336,6235,22886,4292,41100,698,341,357
30555,47342,6237,22889,4294,41104,698,341,357
30560,47353,6238,22894,4295,41115,698,341,357
30565,47357,6238,22896,4295,41119,698,341,357
30570,47367,6239,22901,4295,41128,698,341,357
30575,47373,6240,22902,4295,41133,698,341,357
30580,47384,6240,22907,4295,41144,698,341,357
30585,47388,6240,22909,4295,41148,698,341,357
30590,47398,6241,22915,4296,41156,698,341,357
30595,47404,6243,22916,4297,41161,698,341,357
30600,47415,6243,22920,4297,41172,698,341,357
30605,47419,6243,22921,4297,41176,698,341,357
30610,47429,6244,22925,4298,41185,698,341,357
30615,47435,6245,22925,4298,41190,698,341,357
30620,47446,6245,22929,4298,41201,698,341,357
30625,47450,6245,22930,4298,41205,698,341,357
30630,47460,6246,22934,4298,41214,698,341,357
30635,47466,6247,22938,4299,41218,698,341,357
30640,47477,6248,22942,4300,41229,698,341,357
30645,47481,6248,22944,4300,41233,698,341,357
30650,47491,6250,22949,4301,41241,698,341,357
30655,47497,6251,22954,4302,41245,698,341,357
30660,47508,6254,22959,4305,41253,699,342,357
30665,47512,6255,22960,4306,41257,699,342,357
30670,47522,6256,22961,4306,41266,699,342,357
30675,47528,6257,22962,4306,41271,699,342,357
30680,47539,6258,22965,4307,41281,699,342,357
30685,47543,6259,22968,4308,41284,699,342,357
30690,47553,6260,22970,4308,41293,699,342,357
30695,47559,6261,22973,4309,41298,699,342,357
30700,47570,6262,22976,4310,41308,699,342,357
30705,47574,6263,22978,4311,41311,699,342,357
30710,47584,6264,22985,4312,41320,699,342,357
30715,47590,6265,22987,4312,41325,699,342,357
30720,47601,6266,22994,4313,41335,699,342,357
30725,47605,6268,22997,4315,41337,699,342,357
30730,47615,6270,23003,4316,41344,699,342,357
30735,47621,6272,23005,4318,41349,699,342,357
30740,47632,6273,23011,4318,41359,699,342,357
30745,47636,6275,23014,4320,41361,699,342,357
30750,47646,6277,23019,4321,41369,699,342,357
30755,47652,6278,23021,4321,41374,699,342,357
30760,47663,6279,23026,4322,41384,699,342,357
30765,47667,6280,23028,4323,41387,699,342,357
30770,47677,6282,23034,4324,41394,699,342,357
30775,47683,6284,23038,4326,41399,699,342,357
30780,47694,6286,23044,4328,41408,700,343,357
30785,47698,6286,23046,4328,41412,700,343,357
30790,47708,6287,23052,4328,41420,700,343,357
30795,47714,6289,23057,4329,41425,700,343,357
30800,47725,6289,23062,4329,41436,700,343,357
30805,47729,6290,23066,4330,41439,700,343,357
30810,47739,6291,23071,4331,41448,700,343,357
30815,47745,6292,23075,4331,41453,700,343,357
30820,47756,6293,23081,4332,41463,700,343,357
30825,47760,6293,23083,4332,41467,700,343,357
30830,47770,6294,23088,4332,41475,700,343,357
30835,47776,6296,23091,4334,41480,700,343,357
30840,47787,6297,23096,4335,41490,700,343,357
30845,47791,6298,23098,4336,41493,700,343,357
30850,47801,6299,23104,4336,41502,700,343,357
30855,47807,6299,23107,4336,41508,700,343,357
30860,47818,6300,23112,4337,41518,700,343,357
30865,47822,6300,23114,4337,41522,700,343,357
30870,47832,6301,23121,4337,41531,700,343,357
30875,47838,6301,23124,4337,41537,700,343,357
30880,47849,6303,23130,4339,41546,700,343,357
30885,47853,6303,23131,4339,41550,700,343,357
30890,47863,6305,23136,4339,41558,700,343,357
30895,47869,6305,23139,4339,41564,700,343,357
30900,47880,6307,23143,4340,41573,701,343,358
30905,47884,6307,23143,4340,41577,701,343,358
30910,47894,6307,23146,4340,41587,701,343,358
30915,47900,6307,23148,4340,41593,701,343,358
30920,47911,6308,23149,4340,41603,701,343,358
30925,47915,6308,23151,4340,41607,701,343,358
30930,47925,6308,23156,4340,41617,701,343,358
30935,47931,6308,23158,4340,41623,701,343,358
30940,47942,6309,23166,4341,41633,701,343,358
30945,47946,6309,23168,4341,41637,701,343,358
30950,47956,6309,23174,4341,41647,701,343,358
30955,47962,6310,23177,4341,41652,701,343,358
30960,47973,6311,23180,4341,41662,701,343,358
30965,47977,6311,23182,4341,41666,701,343,358
30970,47987,6312,23188,4342,41675,701,343,358
30975,47993,6313,23191,4342,41680,701,343,358
30980,48004,6314,23195,4343,41690,701,343,358
30985,48008,6315,23197,4344,41693,701,343,358
30990,48018,6316,23202,4344,41702,701,343,358
30995,48024,6317,23206,4345,41707,701,343,358
31000,48035,6319,23209,4346,41716,701,343,358
31005,48039,6320,23213,4347,41719,701,343,358
31010,48049,6322,23219,4349,41727,701,343,358
31015,48055,6323,23221,4349,41731,701,343,358
31020,48066,6326,23226,4352,41740,701,343,358
31025,48070,6327,23229,4353,41743,701,343,358
31030,48080,6329,23234,4354,41751,701,343,358
31035,48086,6330,23235,4354,41756,701,343,358
31040,48097,6331,23241,4354,41766,701,343,358
31045,48101,6331,23243,4354,41770,701,343,358
31050,48111,6333,23248,4355,41777,701,343,358
31055,48117,6335,23251,4357,41782,701,343,358
31060,48128,6337,23256,4359,41791,701,343,358
31065,48132,6338,23259,4360,41794,701,343,358
31070,48142,6340,23265,4360,41802,701,343,358
31075,48148,6341,23270,4361,41807,701,343,358
31080,48159,6342,23277,4362,41817,701,343,358
31085,48163,6342,23278,4362,41821,701,343,358
31090,48173,6344,23286,4363,41828,701,343,358
31095,48179,6346,23288,4364,41833,701,343,358
31100,48190,6347,23291,4365,41843,701,343,358
31105,48194,6347,23294,4365,41847,701,343,358
31110,48204,6349,23296,4365,41855,701,343,358
31115,48210,6350,23297,4365,41860,701,343,358
31120,48221,6351,23302,4365,41870,701,343,358
31125,48225,6351,23303,4365,41874,701,343,358
31130,48235,6353,23307,4365,41881,701,343,358
31135,48241,6355,23312,4366,41885,701,343,358
31140,48252,6357,23317,4368,41894,702,343,359
31145,48256,6358,23319,4369,41898,702,343,359
31150,48266,6359,23323,4369,41907,702,343,359
31155,48272,6360,23329,4370,41912,702,343,359
31160,48283,6361,23333,4370,41922,702,343,359
31165,48287,6361,23336,4370,41926,702,343,359
31170,48297,6362,23339,4371,41935,702,343,359
31175,48303,6363,23342,4372,41940,702,343,359
31180,48314,6364,23348,4372,41950,702,343,359
31185,48318,6364,23350,4372,41954,702,343,359
31190,48328,6365,23354,4373,41963,702,343,359
31195,48334,6366,23357,4374,41968,702,343,359
31200,48345,6367,23364,4374,41978,702,343,359
31205,48349,6367,23366,4374,41982,702,343,359
31210,48359,6368,23372,4375,41991,702,343,359
31215,48365,6369,23373,4375,41996,702,343,359
31220,48376,6370,23376,4376,42006,702,343,359
31225,48380,6370,23377,4376,42010,702,343,359
31230,48390,6371,23382,4376,42018,702,343,359
31235,48396,6373,23384,4377,42023,702,343,359
31240,48407,6374,23389,4378,42033,702,343,359
31245,48411,6374,23389,4378,42037,702,343,359
31250,48421,6376,23396,4379,42044,702,343,359
31255,48427,6378,23399,4380,42048,702,343,359
31260,48438,6382,23404,4383,42056,703,344,359
31265,48442,6383,23405,4384,42059,703,344,359
31270,48452,6384,23411,4384,42068,703,344,359
31275,48458,6385,23415,4384,42072,703,344,359
31280,48469,6388,23420,4387,42081,703,344,359
31285,48473,6389,23422,4388,42084,703,344,359
31290,48483,6390,23427,4389,42093,703,344,359
31295,48489,6391,23430,4390,42098,703,344,359
31300,48500,6392,23436,4391,42108,703,344,359
31305,48504,6393,23438,4392,42111,703,344,359
31310,48514,6394,23442,4392,42120,703,344,359
31315,48520,6395,23445,4393,42125,703,344,359
31320,48531,6396,23451,4394,42135,703,344,359
31325,48535,6396,23454,4394,42139,703,344,359
31330,48545,6396,23459,4394,42149,703,344,359
31335,48551,6396,23461,4394,42155,703,344,359
31340,48562,6396,23467,4394,42166,703,344,359
31345,48566,6396,23470,4394,42170,703,344,359
31350,48576,6396,23472,4394,42180,703,344,359
31355,48582,6396,23473,4394,42186,703,344,359
31360,48593,6396,23477,4394,42197,703,344,359
31365,48597,6396,23479,4394,42201,703,344,359
31370,48607,6397,23482,4395,42210,703,344,359
31375,48613,6397,23486,4395,42216,703,344,359
31380,48624,6400,23493,4398,42224,704,344,360
31385,48628,6400,23495,4398,42228,704,344,360
31390,48638,6401,23501,4399,42237,704,344,360
31395,48644,6401,23504,4399,42243,704,344,360
31400,48655,6402,23509,4400,42253,704,344,360
31405,48659,6402,23512,4400,42257,704,344,360
31410,48669,6403,23515,4400,42266,704,344,360
31415,48675,6403,23519,4400,42272,704,344,360
31420,48686,6404,23527,4401,42282,704,344,360
31425,48690,6404,23528,4401,42286,704,344,360
31430,48700,6406,23533,4403,42293,704,344,360
31435,48706,6408,23536,4405,42298,704,344,360
31440,48717,6409,23541,4405,42308,704,344,360
31445,48721,6410,23542,4406,42311,704,344,360
31450,48731,6412,23549,4408,42318,704,344,360
31455,48737,6414,23553,4410,42323,704,344,360
31460,48748,6417,23560,4413,42331,704,344,360
31465,48752,6417,23562,4413,42335,704,344,360
31470,48762,6419,23566,4414,42342,704,344,360
31475,48768,6421,23569,4415,42347,704,344,360
31480,48779,6423,23574,4417,42356,704,344,360
31485,48783,6424,23577,4418,42359,704,344,360
31490,48793,6426,23579,4418,42367,704,344,360
31495,48799,6427,23580,4418,42372,704,344,360
31500,48810,6430,23584,4420,42379,705,344,361
31505,48814,6432,23587,4422,42382,705,344,361
31510,48824,6433,23593,4423,42391,705,344,361
31515,48830,6434,23597,4424,42396,705,344,361
31520,48841,6436,23602,4426,42405,706,344,362
31525,48845,6436,23604,4426,42409,706,344,362
31530,48855,6437,23607,4426,42418,706,344,362
31535,48861,6438,23608,4426,42423,706,344,362
31540,48872,6439,23610,4426,42433,707,344,363
31545,48876,6439,23611,4426,42437,707,344,363
31550,48886,6440,23617,4427,42446,707,344,363
31555,48892,6441,23619,4427,42451,707,344,363
31560,48903,6442,23623,4427,42461,708,344,364
31565,48907,6442,23623,4427,42465,708,344,364
31570,48917,6443,23627,4427,42474,708,344,364
31575,48923,6444,23629,4428,42478,708,344,364
31580,48934,6445,23638,4429,42489,708,344,364
31585,48938,6446,23641,4430,42492,708,344,364
31590,48948,6447,23642,4430,42501,708,344,364
31595,48954,6448,23646,4430,42506,708,344,364
31600,48965,6448,23651,4430,42517,708,344,364
31605,48969,6449,23653,4431,42520,708,344,364
31610,48979,6450,23656,4431,42529,708,344,364
31615,48985,6451,23657,4431,42533,708,344,364
31620,48996,6452,23661,4432,42544,708,344,364
31625,49000,6452,23662,4432,42548,708,344,364
31630,49010,6453,23671,4432,42557,708,344,364
31635,49016,6454,23676,4433,42561,708,344,364
31640,49027,6455,23681,4434,42572,708,344,364
31645,49031,6455,23683,4434,42576,708,344,364
31650,49041,6456,23687,4435,42585,708,344,364
31655,49047,6457,23692,4436,42589,708,344,364
31660,49058,6458,23700,4437,42600,708,344,364
31665,49062,6458,23702,4437,42604,708,344,364
31670,49072,6460,23706,4438,42612,708,344,364
31675,49078,6461,23708,4438,42616,708,344,364
31680,49089,6465,23715,4442,42623,709,345,364
31685,49093,6466,23717,4443,42627,709,345,364
31690,49103,6467,23724,4444,42636,709,345,364
31695,49109,6468,23727,4445,42641,709,345,364
31700,49120,6470,23733,4446,42650,709,345,364
31705,49124,6470,23734,4446,42654,709,345,364
31710,49134,6471,23739,4446,42663,709,345,364
31715,49140,6472,23743,4447,42668,709,345,364
31720,49151,6473,23748,4447,42678,709,345,364
31725,49155,6474,23750,4448,42681,709,345,364
31730,49165,6475,23759,4449,42689,709,345,364
31735,49171,6477,23762,4451,42694,709,345,364
31740,49182,6478,23764,4451,42704,709,345,364
31745,49186,6479,23767,4452,42707,709,345,364
31750,49196,6480,23770,4452,42716,709,345,364
31755,49202,6480,23771,4452,42722,709,345,364
31760,49213,6482,23776,4454,42731,709,345,364
31765,49217,6482,23778,4454,42735,709,345,364
31770,49227,6483,23785,4454,42744,709,345,364
31775,49233,6483,23789,4454,42750,709,345,364
31780,49244,6485,23796,4456,42759,709,345,364
31785,49248,6485,23797,4456,42763,709,345,364
31790,49258,6487,23801,4457,42771,709,345,364
31795,49264,6487,23805,4457,42776,709,345,364
31800,49275,6490,23811,4460,42785,710,346,364
31805,49279,6490,23813,4460,42789,710,346,364
31810,49289,6491,23816,4460,42798,710,346,364
31815,49295,6491,23820,4460,42804,710,346,364
31820,49306,6491,23823,4460,42815,710,346,364
31825,49310,6491,23825,4460,42819,710,346,364
31830,49320,6492,23829,4460,42828,710,346,364
31835,49326,6492,23833,4460,42834,710,346,364
31840,49337,6492,23835,4460,42845,710,346,364
31845,49341,6492,23837,4460,42849,710,346,364
31850,49351,6493,23841,4461,42858,710,346,364
31855,49357,6494,23845,4462,42863,710,346,364
31860,49368,6494,23850,4462,42874,710,346,364
31865,49372,6494,23853,4462,42878,710,346,364
31870,49382,6495,23860,4463,42887,710,346,364
31875,49388,6496,23863,4463,42892,710,346,364
31880,49399,6497,23869,4464,42902,710,346,364
31885,49403,6497,23870,4464,42906,710,346,364
31890,49413,6498,23876,4464,42915,710,346,364
31895,49419,6499,23881,4464,42920,710,346,364
31900,49430,6501,23884,4465,42929,710,346,364
31905,49434,6501,23886,4465,42933,710,346,364
31910,49444,6503,23892,4467,42941,710,346,364
31915,49450,6504,23894,4467,42946,710,346,364
31920,49461,6507,23899,4469,42954,710,346,364
31925,49465,6509,23901,4471,42956,710,346,364
31930,49475,6511,23904,4472,42963,710,346,364
31935,49481,6513,23908,4473,42967,710,346,364
31940,49492,6516,23912,4475,42976,710,346,364
31945,49496,6516,23913,4475,42980,710,346,364
31950,49506,6517,23919,4476,42989,710,346,364
31955,49512,6518,23922,4477,42994,710,346,364
31960,49523,6519,23928,4478,43004,710,346,364
31965,49527,6519,23930,4478,43008,710,346,364
31970,49537,6520,23931,4478,43017,710,346,364
31975,49543,6521,23937,4479,43022,710,346,364
31980,49554,6523,23942,4480,43031,711,347,364
31985,49558,6523,23944,4480,43035,711,347,364
31990,49568,6524,23947,4480,43044,711,347,364
31995,49574,6525,23949,4481,43049,711,347,364
32000,49585,6526,23954,4482,43059,712,347,365
32005,49589,6526,23956,4482,43063,712,347,365
32010,49599,6527,23964,4482,43071,712,347,365
32015,49605,6529,23967,4484,43076,712,347,365
32020,49616,6531,23971,4486,43085,713,348,365
32025,49620,6531,23973,4486,43089,713,348,365
32030,49630,6532,23978,4486,43097,713,348,365
32035,49636,6534,23982,4488,43102,713,348,365
32040,49647,6536,23985,4489,43111,714,349,365
32045,49651,6537,23988,4490,43114,714,349,365
32050,49661,6539,23993,4491,43122,714,349,365
32055,49667,6540,23997,4491,43127,714,349,365
32060,49678,6543,24004,4494,43134,714,349,365
32065,49682,6545,24006,4496,43137,714,349,365
32070,49692,6547,24011,4498,43145,714,349,365
32075,49698,6548,24014,4499,43150,714,349,365
32080,49709,6549,24022,4500,43160,714,349,365
32085,49713,6550,24023,4501,43163,714,349,365
32090,49723,6552,24027,4501,43170,714,349,365
32095,49729,6554,24030,4503,43175,714,349,365
32100,49740,6555,24035,4504,43184,714,349,365
32105,49744,6556,24036,4505,43188,714,349,365
32110,49754,6557,24040,4506,43197,714,349,365
32115,49760,6557,24042,4506,43202,714,349,365
32120,49771,6558,24045,4507,43213,714,349,365
32125,49775,6558,24048,4507,43217,714,349,365
32130,49785,6559,24053,4508,43226,714,349,365
32135,49791,6559,24057,4508,43232,714,349,365
32140,49802,6559,24063,4508,43242,714,349,365
32145,49806,6561,24065,4510,43245,714,349,365
32150,49816,6562,24068,4510,43254,714,349,365
32155,49822,6562,24071,4510,43259,714,349,365
32160,49833,6565,24076,4513,43267,715,349,366
32165,49837,6566,24079,4514,43271,715,349,366
32170,49847,6566,24083,4514,43280,715,349,366
32175,49853,6568,24086,4515,43285,715,349,366
32180,49864,6569,24087,4515,43295,715,349,366
32185,49868,6569,24088,4515,43299,715,349,366
32190,49878,6569,24092,4515,43309,715,349,366
32195,49884,6570,24096,4515,43314,715,349,366
32200,49895,6572,24102,4516,43323,715,349,366
32205,49899,6572,24103,4516,43327,715,349,366
32210,49909,6573,24107,4516,43336,715,349,366
32215,49915,6574,24109,4517,43341,715,349,366
32220,49926,6577,24117,4520,43349,715,349,366
32225,49930,6577,24118,4520,43353,715,349,366
32230,49940,6578,24124,4521,43362,715,349,366
32235,49946,6578,24127,4521,43368,715,349,366
32240,49957,6579,24134,4522,43378,715,349,366
32245,49961,6579,24138,4522,43382,715,349,366
32250,49971,6580,24142,4522,43391,715,349,366
32255,49977,6580,24145,4522,43397,715,349,366
32260,49988,6581,24150,4522,43407,715,349,366
32265,49992,6581,24151,4522,43411,715,349,366
32270,50002,6583,24153,4522,43419,715,349,366
32275,50008,6583,24159,4522,43424,715,349,366
32280,50019,6585,24163,4523,43434,716,350,366
32285,50023,6585,24164,4523,43438,716,350,366
32290,50033,6586,24168,4523,43447,716,350,366
32295,50039,6586,24169,4523,43453,716,350,366
32300,50050,6587,24173,4523,43463,716,350,366
32305,50054,6587,24174,4523,43467,716,350,366
32310,50064,6588,24179,4523,43476,716,350,366
32315,50070,6588,24181,4523,43482,716,350,366
32320,50081,6589,24185,4523,43492,716,350,366
32325,50085,6589,24187,4523,43496,716,350,366
32330,50095,6590,24190,4523,43505,716,350,366
32335,50101,6591,24192,4524,43510,716,350,366
32340,50112,6592,24196,4525,43520,716,350,366
32345,50116,6592,24197,4525,43524,716,350,366
32350,50126,6593,24202,4526,43533,716,350,366
32355,50132,6594,24206,4527,43538,716,350,366
32360,50143,6596,24213,4529,43547,716,350,366
32365,50147,6597,24215,4530,43550,716,350,366
32370,50157,6598,24219,4531,43559,716,350,366
32375,50163,6599,24223,4532,43564,716,350,366
32380,50174,6601,24227,4534,43573,716,350,366
32385,50178,6601,24228,4534,43577,716,350,366
32390,50188,6603,24231,4534,43585,716,350,366
32395,50194,6604,24234,4535,43590,716,350,366
32400,50205,6606,24239,4537,43599,717,351,366
32405,50209,6606,24241,4537,43603,717,351,366
32410,50219,6606,24243,4537,43613,717,351,366
32415,50225,6606,24248,4537,43619,717,351,366
32420,50236,6607,24254,4538,43629,717,351,366
32425,50240,6607,24257,4538,43633,717,351,366
32430,50250,6607,24264,4538,43643,717,351,366
32435,50256,6607,24268,4538,43649,717,351,366
32440,50267,6608,24274,4539,43659,717,351,366
32445,50271,6608,24276,4539,43663,717,351,366
32450,50281,6608,24282,4539,43673,717,351,366
32455,50287,6608,24285,4539,43679,717,351,366
32460,50298,6609,24289,4539,43689,717,351,366
32465,50302,6609,24290,4539,43693,717,351,366
32470,50312,6609,24297,4539,43703,717,351,366
32475,50318,6609,24300,4539,43709,717,351,366
32480,50329,6610,24304,4540,43719,717,351,366
32485,50333,6610,24307,4540,43723,717,351,366
32490,50343,6610,24312,4540,43733,717,351,366
32495,50349,6610,24313,4540,43739,717,351,366
32500,50360,6611,24320,4541,43749,717,351,366
32505,50364,6611,24323,4541,43753,717,351,366
32510,50374,6613,24328,4541,43761,717,351,366
32515,50380,6614,24331,4541,43766,717,351,366
32520,50391,6616,24336,4543,43774,718,351,367
32525,50395,6618,24339,4545,43777,718,351,367
32530,50405,6619,24342,4545,43786,718,351,367
32535,50411,6620,24346,4546,43791,718,351,367
32540,50422,6622,24352,4548,43800,718,351,367
32545,50426,6622,24354,4548,43804,718,351,367
32550,50436,6623,24360,4549,43813,718,351,367
32555,50442,6624,24363,4549,43818,718,351,367
32560,50453,6625,24369,4549,43828,718,351,367
32565,50457,6625,24371,4549,43832,718,351,367
32570,50467,6626,24376,4549,43841,718,351,367
32575,50473,6627,24380,4550,43846,718,351,367
32580,50484,6628,24384,4550,43856,718,351,367
32585,50488,6629,24386,4551,43859,718,351,367
32590,50498,6631,24390,4552,43867,718,351,367
32595,50504,6632,24394,4553,43872,718,351,367
32600,50515,6633,24397,4554,43881,719,351,368
32605,50519,6634,24397,4555,43885,719,351,368
32610,50529,6636,24402,4556,43892,719,351,368
32615,50535,6638,24403,4557,43897,719,351,368
32620,50546,6640,24408,4558,43906,720,351,369
32625,50550,6641,24410,4559,43909,720,351,369
32630,50560,6643,24413,4559,43916,720,351,369
32635,50566,6645,24416,4561,43921,720,351,369
32640,50577,6647,24419,4563,43929,721,351,370
32645,50581,6648,24421,4564,43933,721,351,370
32650,50591,6650,24425,4564,43941,721,351,370
32655,50597,6651,24429,4565,43946,721,351,370
32660,50608,6651,24436,4565,43957,721,351,370
32665,50612,6651,24440,4565,43961,721,351,370
32670,50622,6653,24445,4567,43969,721,351,370
32675,50628,6654,24447,4567,43974,721,351,370
32680,50639,6654,24450,4567,43985,721,351,370
32685,50643,6654,24452,4567,43989,721,351,370
32690,50653,6656,24457,4569,43997,721,351,370
32695,50659,6657,24459,4569,44001,721,351,370
32700,50670,6659,24466,4571,44011,721,351,370
32705,50674,6659,24468,4571,44015,721,351,370
32710,50684,6661,24474,4572,44023,721,351,370
32715,50690,6662,24477,4573,44027,721,351,370
32720,50701,6663,24481,4574,44038,721,351,370
32725,50705,6664,24483,4575,44041,721,351,370
32730,50715,6666,24489,4576,44049,721,351,370
32735,50721,6667,24494,4577,44053,721,351,370
32740,50732,6668,24501,4578,44064,721,351,370
32745,50736,6669,24503,4579,44067,721,351,370
32750,50746,6671,24509,4579,44074,721,351,370
32755,50752,6673,24511,4581,44079,721,351,370
32760,50763,6674,24514,4582,44089,722,351,371
32765,50767,6674,24515,4582,44093,722,351,371
32770,50777,6675,24519,4582,44102,722,351,371
32775,50783,6676,24521,4582,44107,722,351,371
32780,50794,6678,24526,4584,44116,722,351,371
32785,50798,6678,24528,4584,44120,722,351,371
32790,50808,6679,24535,4585,44129,722,351,371
32795,50814,6680,24540,4586,44134,722,351,371
32800,50825,6681,24546,4586,44144,722,351,371
32805,50829,6682,24549,4587,44147,722,351,371
32810,50839,6683,24553,4587,44156,722,351,371
32815,50845,6684,24557,4587,44161,722,351,371
32820,50856,6685,24562,4587,44171,722,351,371
32825,50860,6685,24565,4587,44175,722,351,371
32830,50870,6685,24569,4587,44185,722,351,371
32835,50876,6686,24573,4588,44190,722,351,371
32840,50887,6689,24579,4591,44197,723,352,371
32845,50891,6690,24581,4592,44201,723,352,371
32850,50901,6690,24585,4592,44211,723,352,371
32855,50907,6691,24587,4592,44216,723,352,371
32860,50918,6693,24590,4593,44225,724,352,372
32865,50922,6693,24590,4593,44229,724,352,372
32870,50932,6694,24597,4594,44238,724,352,372
32875,50938,6695,24598,4594,44243,724,352,372
32880,50949,6699,24602,4597,44250,725,353,372
32885,50953,6699,24604,4597,44254,725,353,372
32890,50963,6700,24608,4598,44263,725,353,372
32895,50969,6700,24613,4598,44269,725,353,372
32900,50980,6701,24618,4599,44279,725,353,372
32905,50984,6701,24621,4599,44283,725,353,372
32910,50994,6702,24625,4599,44292,725,353,372
32915,51000,6702,24630,4599,44298,725,353,372
32920,51011,6702,24633,4599,44309,725,353,372
32925,51015,6702,24634,4599,44313,725,353,372
32930,51025,6704,24640,4600,44321,725,353,372
32935,51031,6704,24641,4600,44327,725,353,372
32940,51042,6704,24646,4600,44338,725,353,372
32945,51046,6704,24649,4600,44342,725,353,372
32950,51056,6705,24655,4601,44351,725,353,372
32955,51062,6705,24658,4601,44357,725,353,372
32960,51073,6706,24664,4602,44367,725,353,372
32965,51077,6706,24666,4602,44371,725,353,372
32970,51087,6707,24673,4603,44380,725,353,372
32975,51093,6707,24675,4603,44386,725,353,372
32980,51104,6709,24680,4604,44395,725,353,372
32985,51108,6709,24682,4604,44399,725,353,372
32990,51118,6710,24687,4605,44408,725,353,372
32995,51124,6711,24689,4605,44412,725,353,372
33000,51135,6713,24692,4606,44422,725,353,372
33005,51139,6713,24692,4606,44426,725,353,372
33010,51149,6714,24699,4607,44435,725,353,372
33015,51155,6715,24702,4608,44440,725,353,372
33020,51166,6718,24709,4610,44448,725,353,372
33025,51170,6718,24713,4610,44452,725,353,372
33030,51180,6719,24717,4610,44461,725,353,372
33035,51186,6720,24719,4611,44466,725,353,372
33040,51197,6722,24725,4613,44475,725,353,372
33045,51201,6722,24726,4613,44479,725,353,372
33050,51211,6724,24733,4615,44487,725,353,372
33055,51217,6725,24736,4615,44492,725,353,372
33060,51228,6726,24740,4616,44501,726,353,373
33065,51232,6727,24741,4617,44505,726,353,373
33070,51242,6729,24746,4618,44513,726,353,373
33075,51248,6730,24749,4619,44518,726,353,373
33080,51259,6730,24752,4619,44529,726,353,373
33085,51263,6732,24756,4621,44531,726,353,373
33090,51273,6734,24760,4622,44539,726,353,373
33095,51279,6735,24765,4623,44544,726,353,373
33100,51290,6735,24770,4623,44555,726,353,373
33105,51294,6735,24771,4623,44559,726,353,373
33110,51304,6737,24778,4625,44566,726,353,373
33115,51310,6739,24781,4627,44571,726,353,373
33120,51321,6739,24787,4627,44582,726,353,373
33125,51325,6740,24790,4628,44585,726,353,373
33130,51335,6742,24794,4628,44592,726,353,373
33135,51341,6744,24798,4629,44597,726,353,373
33140,51352,6744,24800,4629,44608,727,353,374
33145,51356,6745,24803,4630,44611,727,353,374
33150,51366,6747,24809,4631,44618,727,353,374
33155,51372,6749,24810,4632,44623,727,353,374
33160,51383,6750,24815,4633,44633,728,354,374
33165,51387,6750,24816,4633,44637,728,354,374
33170,51397,6752,24821,4635,44645,728,354,374
33175,51403,6753,24822,4636,44650,728,354,374
33180,51414,6755,24827,4638,44659,729,354,375
33185,51418,6755,24829,4638,44663,729,354,375
33190,51428,6756,24837,4638,44672,729,354,375
33195,51434,6757,24841,4639,44677,729,354,375
33200,51445,6758,24847,4639,44687,729,354,375
33205,51449,6758,24848,4639,44691,729,354,375
33210,51459,6759,24852,4640,44700,729,354,375
33215,51465,6760,24854,4640,44705,729,354,375
33220,51476,6762,24858,4642,44714,729,354,375
33225,51480,6762,24860,4642,44718,729,354,375
33230,51490,6763,24866,4643,44727,729,354,375
33235,51496,6764,24867,4643,44732,729,354,375
33240,51507,6766,24872,4644,44741,729,354,375
33245,51511,6766,24873,4644,44745,729,354,375
33250,51521,6767,24876,4645,44754,729,354,375
33255,51527,6768,24877,4646,44759,729,354,375
33260,51538,6769,24883,4647,44769,729,354,375
33265,51542,6769,24886,4647,44773,729,354,375
33270,51552,6770,24888,4647,44782,729,354,375
33275,51558,6771,24892,4648,44787,729,354,375
33280,51569,6773,24898,4650,44796,729,354,375
33285,51573,6773,24900,4650,44800,729,354,375
33290,51583,6775,24903,4650,44808,729,354,375
33295,51589,6776,24907,4650,44812,729,354,375
33300,51600,6780,24914,4654,44820,730,354,376
33305,51604,6781,24916,4655,44823,730,354,376
33310,51614,6782,24919,4655,44832,730,354,376
33315,51620,6783,24921,4656,44836,730,354,376
33320,51631,6784,24925,4657,44847,730,354,376
33325,51635,6785,24926,4658,44850,730,354,376
33330,51645,6786,24931,4658,44858,730,354,376
33335,51651,6788,24934,4659,44862,730,354,376
33340,51662,6789,24940,4660,44873,730,354,376
33345,51666,6790,24941,4661,44876,730,354,376
33350,51676,6791,24945,4661,44885,730,354,376
33355,51682,6792,24948,4662,44890,730,354,376
33360,51693,6793,24953,4663,44900,730,354,376
33365,51697,6793,24956,4663,44904,730,354,376
33370,51707,6794,24959,4664,44913,730,354,376
33375,51713,6794,24961,4664,44919,730,354,376
33380,51724,6794,24966,4664,44930,730,354,376
33385,51728,6794,24969,4664,44934,730,354,376
33390,51738,6795,24974,4665,44943,730,354,376
33395,51744,6795,24977,4665,44949,730,354,376
33400,51755,6795,24982,4665,44960,730,354,376
33405,51759,6795,24984,4665,44964,730,354,376
33410,51769,6797,24992,4667,44972,730,354,376
33415,51775,6797,24995,4667,44978,730,354,376
33420,51786,6799,25000,4668,44987,731,354,377
33425,51790,6799,25002,4668,44991,731,354,377
33430,51800,6801,25008,4670,44999,731,354,377
33435,51806,6801,25009,4670,45005,731,354,377
33440,51817,6802,25014,4671,45015,731,354,377
33445,51821,6802,25016,4671,45019,731,354,377
33450,51831,6804,25023,4672,45027,731,354,377
33455,51837,6804,25028,4672,45033,731,354,377
33460,51848,6807,25036,4674,45041,731,354,377
33465,51852,6807,25038,4674,45045,731,354,377
33470,51862,6809,25043,4675,45053,731,354,377
33475,51868,6810,25045,4675,45058,731,354,377
33480,51879,6812,25048,4676,45067,731,354,377
33485,51883,6813,25050,4677,45070,731,354,377
33490,51893,6815,25053,4677,45078,731,354,377
33495,51899,6816,25057,4678,45083,731,354,377
33500,51910,6818,25061,4679,45092,731,354,377
33505,51914,6819,25064,4680,45095,731,354,377
33510,51924,6821,25068,4682,45103,731,354,377
33515,51930,6822,25072,4682,45108,731,354,377
33520,51941,6824,25075,4683,45117,731,354,377
33525,51945,6825,25077,4684,45120,731,354,377
33530,51955,6827,25083,4685,45127,731,354,377
33535,51961,6829,25085,4687,45132,731,354,377
33540,51972,6831,25092,4689,45141,732,355,377
33545,51976,6831,25094,4689,45145,732,355,377
33550,51986,6832,25099,4689,45154,732,355,377
33555,51992,6833,25101,4689,45159,732,355,377
33560,52003,6833,25105,4689,45170,732,355,377
33565,52007,6833,25106,4689,45174,732,355,377
33570,52017,6834,25112,4689,45183,732,355,377
33575,52023,6835,25116,4689,45187,732,355,377
33580,52034,6836,25120,4690,45198,732,355,377
33585,52038,6836,25122,4690,45202,732,355,377
33590,52048,6837,25129,4691,45211,732,355,377
33595,52054,6838,25133,4692,45216,732,355,377
33600,52065,6838,25138,4692,45227,732,355,377
33605,52069,6838,25140,4692,45231,732,355,377
33610,52079,6839,25148,4693,45240,732,355,377
33615,52085,6840,25151,4694,45245,732,355,377
33620,52096,6841,25154,4695,45255,732,355,377
33625,52100,6841,25155,4695,45259,732,355,377
33630,52110,6842,25158,4695,45268,732,355,377
33635,52116,6843,25159,4695,45273,732,355,377
33640,52127,6844,25162,4696,45283,732,355,377
33645,52131,6844,25163,4696,45287,732,355,377
33650,52141,6846,25167,4697,45294,732,355,377
33655,52147,6848,25170,4699,45299,732,355,377
33660,52158,6851,25176,4701,45307,733,355,378
33665,52162,6851,25177,4701,45311,733,355,378
33670,52172,6852,25182,4702,45319,733,355,378
33675,52178,6854,25185,4703,45324,733,355,378
33680,52189,6856,25190,4705,45333,733,355,378
33685,52193,6857,25192,4706,45336,733,355,378
33690,52203,6858,25196,4707,45345,733,355,378
33695,52209,6859,25198,4708,45350,733,355,378
33700,52220,6860,25204,4709,45360,733,355,378
33705,52224,6862,25208,4711,45362,733,355,378
33710,52234,6863,25216,4711,45370,733,355,378
33715,52240,6865,25218,4712,45375,733,355,378
33720,52251,6866,25221,4713,45385,733,355,378
33725,52255,6867,25224,4714,45388,733,355,378
33730,52265,6868,25231,4714,45396,733,355,378
33735,52271,6870,25232,4715,45401,733,355,378
33740,52282,6871,25241,4716,45411,733,355,378
33745,52286,6872,25243,4717,45414,733,355,378
33750,52296,6873,25250,4717,45422,733,355,378
33755,52302,6875,25255,4718,45427,733,355,378
33760,52313,6876,25261,4719,45437,733,355,378
33765,52317,6876,25262,4719,45441,733,355,378
33770,52327,6878,25266,4720,45449,733,355,378
33775,52333,6879,25269,4721,45453,733,355,378
33780,52344,6882,25272,4723,45462,734,355,379
33785,52348,6883,25274,4724,45465,734,355,379
33790,52358,6884,25280,4724,45473,734,355,379
33795,52364,6886,25281,4725,45478,734,355,379
33800,52375,6889,25286,4727,45486,735,356,379
33805,52379,6889,25288,4727,45490,735,356,379
33810,52389,6890,25293,4727,45498,735,356,379
33815,52395,6892,25296,4728,45503,735,356,379
33820,52406,6894,25301,4729,45512,736,357,379
33825,52410,6894,25303,4729,45516,736,357,379
33830,52420,6895,25307,4729,45525,736,357,379
33835,52426,6896,25309,4730,45530,736,357,379
33840,52437,6897,25314,4731,45540,737,358,379
33845,52441,6897,25314,4731,45544,737,358,379
33850,52451,6898,25318,4731,45553,737,358,379
33855,52457,6899,25321,4731,45558,737,358,379
33860,52468,6900,25327,4732,45568,737,358,379
33865,52472,6900,25328,4732,45572,737,358,379
33870,52482,6901,25334,4733,45581,737,358,379
33875,52488,6902,25336,4733,45586,737,358,379
33880,52499,6904,25343,4735,45595,737,358,379
33885,52503,6904,25344,4735,45599,737,358,379
33890,52513,6906,25347,4736,45607,737,358,379
33895,52519,6907,25350,4736,45612,737,358,379
33900,52530,6910,25357,4738,45619,737,358,379
33905,52534,6912,25358,4740,45622,737,358,379
33910,52544,6913,25359,4740,45631,737,358,379
33915,52550,6914,25361,4741,45636,737,358,379
33920,52561,6915,25366,4741,45646,737,358,379
33925,52565,6915,25367,4741,45650,737,358,379
33930,52575,6916,25373,4741,45658,737,358,379
33935,52581,6918,25373,4742,45663,737,358,379
33940,52592,6919,25379,4743,45673,737,358,379
33945,52596,6920,25381,4744,45676,737,358,379
33950,52606,6921,25387,4745,45685,737,358,379
33955,52612,6922,25390,4746,45690,737,358,379
33960,52623,6923,25395,4747,45700,737,358,379
33965,52627,6924,25397,4748,45703,737,358,379
33970,52637,6926,25403,4749,45711,737,358,379
33975,52643,6927,25403,4749,45716,737,358,379
33980,52654,6928,25406,4749,45726,737,358,379
33985,52658,6928,25406,4749,45730,737,358,379
33990,52668,6930,25412,4749,45737,737,358,379
33995,52674,6932,25415,4750,45742,737,358,379
34000,52685,6933,25420,4751,45752,737,358,379
34005,52689,6934,25421,4752,45755,737,358,379
34010,52699,6936,25426,4754,45763,737,358,379
34015,52705,6937,25427,4754,45768,737,358,379
34020,52716,6940,25431,4756,45776,738,359,379
34025,52720,6940,25431,4756,45780,738,359,379
34030,52730,6941,25435,4756,45789,738,359,379
34035,52736,6941,25437,4756,45795,738,359,379
34040,52747,6943,25444,4757,45804,738,359,379
34045,52751,6943,25446,4757,45808,738,359,379
34050,52761,6944,25453,4758,45817,738,359,379
34055,52767,6944,25456,4758,45823,738,359,379
34060,52778,6946,25461,4759,45832,738,359,379
34065,52782,6946,25463,4759,45836,738,359,379
34070,52792,6947,25467,4760,45845,738,359,379
34075,52798,6947,25472,4760,45851,738,359,379
34080,52809,6948,25477,4761,45861,738,359,379
34085,52813,6948,25480,4761,45865,738,359,379
34090,52823,6949,25483,4761,45874,738,359,379
34095,52829,6949,25485,4761,45880,738,359,379
34100,52840,6951,25492,4763,45889,738,359,379
34105,52844,6951,25495,4763,45893,738,359,379
34110,52854,6952,25499,4763,45902,738,359,379
34115,52860,6952,25502,4763,45908,738,359,379
34120,52871,6953,25507,4764,45918,738,359,379
34125,52875,6953,25509,4764,45922,738,359,379
34130,52885,6955,25515,4764,45929,738,359,379
34135,52891,6957,25519,4766,45933,738,359,379
34140,52902,6961,25525,4770,45941,739,360,379
34145,52906,6962,25529,4771,45944,739,360,379
34150,52916,6962,25531,4771,45953,739,360,379
34155,52922,6964,25535,4772,45958,739,360,379
34160,52933,6965,25538,4772,45968,739,360,379
34165,52937,6966,25539,4773,45971,739,360,379
34170,52947,6966,25545,4773,45981,739,360,379
34175,52953,6967,25548,4773,45986,739,360,379
34180,52964,6969,25553,4774,45995,739,360,379
34185,52968,6969,25553,4774,45999,739,360,379
34190,52978,6969,25557,4774,46009,739,360,379
34195,52984,6970,25560,4775,46014,739,360,379
34200,52995,6972,25566,4777,46023,739,360,379
34205,52999,6972,25568,4777,46027,739,360,379
34210,53009,6972,25575,4777,46037,739,360,379
34215,53015,6973,25576,4777,46042,739,360,379
34220,53026,6975,25583,4779,46051,739,360,379
34225,53030,6975,25586,4779,46055,739,360,379
34230,53040,6975,25593,4779,46065,739,360,379
34235,53046,6976,25597,4780,46070,739,360,379
34240,53057,6978,25603,4782,46079,739,360,379
34245,53061,6978,25605,4782,46083,739,360,379
34250,53071,6979,25609,4783,46092,739,360,379
34255,53077,6980,25611,4784,46097,739,360,379
34260,53088,6983,25616,4787,46104,740,360,380
34265,53092,6985,25619,4789,46107,740,360,380
34270,53102,6987,25623,4789,46115,740,360,380
34275,53108,6988,25628,4790,46120,740,360,380
34280,53119,6988,25632,4790,46131,741,361,380
34285,53123,6988,25634,4790,46135,741,361,380
34290,53133,6990,25638,4792,46142,741,361,380
34295,53139,6992,25640,4793,46147,741,361,380
34300,53150,6992,25644,4793,46158,742,361,381
34305,53154,6992,25644,4793,46162,742,361,381
34310,53164,6994,25650,4794,46170,742,361,381
34315,53170,6995,25652,4794,46175,742,361,381
34320,53181,6996,25657,4795,46185,743,361,382
34325,53185,6997,25658,4796,46188,743,361,382
34330,53195,6999,25660,4796,46196,743,361,382
34335,53201,7000,25665,4797,46201,743,361,382
34340,53212,7000,25671,4797,46212,743,361,382
34345,53216,7001,25675,4798,46215,743,361,382
34350,53226,7003,25681,4799,46222,743,361,382
34355,53232,7005,25684,4801,46227,743,361,382
34360,53243,7006,25690,4802,46237,743,361,382
34365,53247,7006,25692,4802,46241,743,361,382
34370,53257,7008,25698,4803,46248,743,361,382
34375,53263,7010,25700,4804,46253,743,361,382
34380,53274,7011,25706,4805,46263,743,361,382
34385,53278,7011,25708,4805,46267,743,361,382
34390,53288,7013,25711,4806,46275,743,361,382
34395,53294,7014,25713,4806,46280,743,361,382
34400,53305,7015,25718,4806,46290,744,361,383
34405,53309,7016,25722,4807,46293,744,361,383
34410,53319,7018,25726,4808,46301,744,361,383
34415,53325,7019,25730,4809,46306,744,361,383
34420,53336,7021,25737,4811,46315,745,362,383
34425,53340,7022,25739,4812,46318,745,362,383
34430,53350,7024,25746,4812,46326,745,362,383
34435,53356,7025,25748,4813,46331,745,362,383
34440,53367,7028,25753,4815,46339,746,363,383
34445,53371,7029,25756,4816,46342,746,363,383
34450,53381,7031,25759,4817,46350,746,363,383
34455,53387,7031,25761,4817,46356,746,363,383
34460,53398,7032,25763,4817,46366,746,363,383
34465,53402,7032,25766,4817,46370,746,363,383
34470,53412,7034,25770,4818,46378,746,363,383
34475,53418,7034,25772,4818,46384,746,363,383
34480,53429,7035,25774,4818,46394,746,363,383
34485,53433,7035,25774,4818,46398,746,363,383
34490,53443,7037,25781,4820,46406,746,363,383
34495,53449,7037,25785,4820,46411,746,363,383
34500,53460,7039,25790,4821,46421,746,363,383
34505,53464,7039,25791,4821,46425,746,363,383
34510,53474,7041,25796,4822,46433,746,363,383
34515,53480,7041,25800,4822,46438,746,363,383
34520,53491,7043,25808,4823,46448,746,363,383
34525,53495,7043,25810,4823,46452,746,363,383
34530,53505,7045,25816,4825,46460,746,363,383
34535,53511,7045,25820,4825,46465,746,363,383
34540,53522,7047,25825,4827,46475,746,363,383
34545,53526,7047,25827,4827,46479,746,363,383
34550,53536,7049,25831,4828,46487,746,363,383
34555,53542,7050,25833,4828,46492,746,363,383
34560,53553,7053,25840,4831,46500,747,364,383
34565,53557,7053,25842,4831,46504,747,364,383
34570,53567,7054,25849,4832,46513,747,364,383
34575,53573,7055,25852,4833,46518,747,364,383
34580,53584,7058,25857,4835,46526,748,365,383
34585,53588,7058,25858,4835,46530,748,365,383
34590,53598,7059,25860,4835,46539,748,365,383
34595,53604,7060,25861,4835,46544,748,365,383
34600,53615,7062,25868,4837,46553,749,366,383
34605,53619,7063,25869,4838,46556,749,366,383
34610,53629,7064,25871,4839,46565,749,366,383
34615,53635,7065,25872,4839,46570,749,366,383
34620,53646,7068,25882,4842,46578,750,367,383
34625,53650,7068,25886,4842,46582,750,367,383
34630,53660,7069,25890,4842,46591,750,367,383
34635,53666,7070,25893,4842,46596,750,367,383
34640,53677,7071,25899,4842,46606,750,367,383
34645,53681,7071,25901,4842,46610,750,367,383
34650,53691,7072,25907,4843,46618,750,367,383
34655,53697,7074,25912,4845,46623,750,367,383
34660,53708,7076,25916,4846,46632,750,367,383
34665,53712,7076,25918,4846,46636,750,367,383
34670,53722,7078,25925,4848,46643,750,367,383
34675,53728,7080,25929,4849,46647,750,367,383
34680,53739,7083,25936,4851,46655,750,367,383
34685,53743,7084,25939,4852,46659,750,367,383
34690,53753,7086,25945,4854,46666,750,367,383
34695,53759,7088,25948,4855,46671,750,367,383
34700,53770,7090,25953,4857,46680,750,367,383
34705,53774,7090,25956,4857,46684,750,367,383
34710,53784,7092,25963,4858,46691,750,367,383
34715,53790,7094,25964,4859,46696,750,367,383
34720,53801,7095,25969,4859,46706,750,367,383
34725,53805,7095,25972,4859,46710,750,367,383
34730,53815,7097,25978,4860,46717,750,367,383
34735,53821,7099,25980,4861,46722,750,367,383
34740,53832,7100,25984,4861,46732,750,367,383
34745,53836,7100,25984,4861,46736,750,367,383
34750,53846,7102,25990,4862,46743,750,367,383
34755,53852,7104,25991,4863,46748,750,367,383
34760,53863,7106,25999,4864,46757,750,367,383
34765,53867,7106,26001,4864,46761,750,367,383
34770,53877,7108,26005,4865,46768,750,367,383
34775,53883,7110,26008,4866,46773,750,367,383
34780,53894,7112,26014,4868,46782,750,367,383
34785,53898,7113,26015,4869,46785,750,367,383
34790,53908,7115,26018,4869,46793,750,367,383
34795,53914,7116,26020,4870,46798,750,367,383
34800,53925,7118,26025,4871,46806,751,368,383
34805,53929,7119,26025,4872,46810,751,368,383
34810,53939,7120,26030,4873,46819,751,368,383
34815,53945,7121,26032,4873,46824,751,368,383
34820,53956,7121,26037,4873,46835,751,368,383
34825,53960,7121,26040,4873,46839,751,368,383
34830,53970,7122,26042,4874,46848,751,368,383
34835,53976,7123,26042,4874,46853,751,368,383
34840,53987,7123,26047,4874,46864,751,368,383
34845,53991,7123,26049,4874,46868,751,368,383
34850,54001,7124,26054,4874,46877,751,368,383
34855,54007,7125,26056,4875,46882,751,368,383
34860,54018,7125,26062,4875,46893,751,368,383
34865,54022,7125,26064,4875,46897,751,368,383
34870,54032,7126,26066,4875,46906,751,368,383
34875,54038,7127,26069,4876,46910,751,368,383
34880,54049,7129,26074,4877,46920,751,368,383
34885,54053,7130,26077,4878,46923,751,368,383
34890,54063,7131,26083,4879,46932,751,368,383
34895,54069,7132,26085,4879,46937,751,368,383
34900,54080,7134,26092,4881,46946,751,368,383
34905,54084,7134,26094,4881,46950,751,368,383
34910,54094,7136,26100,4883,46958,751,368,383
34915,54100,7137,26103,4884,46962,751,368,383
34920,54111,7140,26107,4886,46971,752,368,384
34925,54115,7140,26110,4886,46975,752,368,384
34930,54125,7140,26117,4886,46985,752,368,384
34935,54131,7140,26117,4886,46991,752,368,384
34940,54142,7141,26122,4887,47001,752,368,384
34945,54146,7141,26124,4887,47005,752,368,384
34950,54156,7141,26129,4887,47015,752,368,384
34955,54162,7141,26133,4887,47021,752,368,384
34960,54173,7142,26139,4888,47031,752,368,384
34965,54177,7142,26141,4888,47035,752,368,384
34970,54187,7142,26143,4888,47045,752,368,384
34975,54193,7142,26146,4888,47051,752,368,384
34980,54204,7143,26152,4889,47061,752,368,384
34985,54208,7143,26154,4889,47065,752,368,384
34990,54218,7143,26160,4889,47075,752,368,384
34995,54224,7143,26164,4889,47081,752,368,384
35000,54235,7144,26167,4889,47091,752,368,384
35005,54239,7144,26168,4889,47095,752,368,384
35010,54249,7144,26173,4889,47105,752,368,384
35015,54255,7144,26175,4889,47111,752,368,384
35020,54266,7145,26181,4890,47121,752,368,384
35025,54270,7145,26182,4890,47125,752,368,384
35030,54280,7147,26187,4891,47132,752,368,384
35035,54286,7149,26191,4893,47136,752,368,384
35040,54297,7151,26193,4894,47146,753,368,385
35045,54301,7153,26196,4896,47148,753,368,385
35050,54311,7155,26199,4896,47156,753,368,385
35055,54317,7156,26202,4897,47161,753,368,385
35060,54328,7157,26207,4897,47171,753,368,385
35065,54332,7157,26208,4897,47175,753,368,385
35070,54342,7159,26214,4897,47183,753,368,385
35075,54348,7160,26217,4897,47188,753,368,385
35080,54359,7162,26223,4899,47197,753,368,385
35085,54363,7162,26224,4899,47201,753,368,385
35090,54373,7164,26226,4900,47209,753,368,385
35095,54379,7165,26230,4901,47214,753,368,385
35100,54390,7167,26234,4902,47223,753,368,385
35105,54394,7167,26234,4902,47227,753,368,385
35110,54404,7169,26240,4904,47235,753,368,385
35115,54410,7170,26243,4905,47240,753,368,385
35120,54421,7171,26246,4905,47250,753,368,385
35125,54425,7172,26247,4906,47253,753,368,385
35130,54435,7174,26250,4907,47261,753,368,385
35135,54441,7175,26253,4907,47266,753,368,385
35140,54452,7177,26260,4909,47275,753,368,385
35145,54456,7178,26263,4910,47278,753,368,385
35150,54466,7180,26269,4911,47285,753,368,385
35155,54472,7182,26271,4912,47289,753,368,385
35160,54483,7185,26280,4915,47297,754,369,385
35165,54487,7186,26281,4916,47301,754,369,385
35170,54497,7187,26283,4916,47310,754,369,385
35175,54503,7187,26286,4916,47316,754,369,385
35180,54514,7188,26291,4916,47326,754,369,385
35185,54518,7188,26294,4916,47330,754,369,385
35190,54528,7189,26300,4917,47339,754,369,385
35195,54534,7189,26303,4917,47345,754,369,385
35200,54545,7190,26305,4917,47355,754,369,385
35205,54549,7190,26306,4917,47359,754,369,385
35210,54559,7191,26309,4917,47368,754,369,385
35215,54565,7191,26313,4917,47374,754,369,385
35220,54576,7192,26316,4918,47384,754,369,385
35225,54580,7192,26317,4918,47388,754,369,385
35230,54590,7193,26324,4919,47397,754,369,385
35235,54596,7193,26327,4919,47403,754,369,385
35240,54607,7195,26332,4920,47412,754,369,385
35245,54611,7195,26333,4920,47416,754,369,385
35250,54621,7196,26336,4921,47425,754,369,385
35255,54627,7196,26339,4921,47431,754,369,385
35260,54638,7197,26343,4922,47441,754,369,385
35265,54642,7197,26346,4922,47445,754,369,385
35270,54652,7199,26349,4923,47453,754,369,385
35275,54658,7200,26353,4924,47457,754,369,385
35280,54669,7203,26359,4927,47465,755,369,386
35285,54673,7204,26361,4928,47469,755,369,386
35290,54683,7204,26366,4928,47479,755,369,386
35295,54689,7205,26372,4929,47484,755,369,386
35300,54700,7206,26375,4929,47494,755,369,386
35305,54704,7207,26377,4930,47497,755,369,386
35310,54714,7207,26382,4930,47507,755,369,386
35315,54720,7208,26383,4930,47512,755,369,386
35320,54731,7210,26388,4932,47521,755,369,386
35325,54735,7211,26391,4933,47524,755,369,386
35330,54745,7211,26395,4933,47533,755,369,386
35335,54751,7213,26397,4934,47538,755,369,386
35340,54762,7215,26403,4935,47547,755,369,386
35345,54766,7215,26405,4935,47551,755,369,386
35350,54776,7215,26408,4935,47561,755,369,386
35355,54782,7215,26410,4935,47566,755,369,386
35360,54793,7218,26415,4937,47575,756,369,387
35365,54797,7218,26415,4937,47579,756,369,387
35370,54807,7218,26418,4937,47589,756,369,387
35375,54813,7218,26420,4937,47595,756,369,387
35380,54824,7219,26427,4938,47604,757,369,388
35385,54828,7220,26429,4939,47608,757,369,388
35390,54838,7222,26434,4940,47616,757,369,388
35395,54844,7222,26436,4940,47622,757,369,388
35400,54855,7223,26442,4940,47631,758,369,389
35405,54859,7224,26445,4941,47635,758,369,389
35410,54869,7226,26450,4943,47643,758,369,389
35415,54875,7226,26454,4943,47649,758,369,389
35420,54886,7228,26460,4945,47658,758,369,389
35425,54890,7228,26463,4945,47662,758,369,389
35430,54900,7230,26468,4947,47670,758,369,389
35435,54906,7230,26472,4947,47676,758,369,389
35440,54917,7231,26478,4948,47686,758,369,389
35445,54921,7231,26479,4948,47690,758,369,389
35450,54931,7233,26481,4948,47698,758,369,389
35455,54937,7234,26483,4949,47703,758,369,389
35460,54948,7234,26486,4949,47714,758,369,389
35465,54952,7234,26490,4949,47718,758,369,389
35470,54962,7236,26497,4951,47726,758,369,389
35475,54968,7237,26503,4952,47731,758,369,389
35480,54979,7239,26510,4953,47740,758,369,389
35485,54983,7239,26510,4953,47744,758,369,389
35490,54993,7241,26515,4955,47751,758,369,389
35495,54999,7243,26520,4957,47756,758,369,389
35500,55010,7244,26525,4957,47766,758,369,389
35505,55014,7244,26528,4957,47770,758,369,389
35510,55024,7246,26533,4959,47777,758,369,389
35515,55030,7248,26535,4960,47782,758,369,389
35520,55041,7251,26542,4963,47789,759,370,389
35525,55045,7252,26545,4964,47793,759,370,389
35530,55055,7254,26548,4964,47800,759,370,389
35535,55061,7256,26553,4966,47805,759,370,389
35540,55072,7257,26560,4967,47815,759,370,389
35545,55076,7257,26561,4967,47819,759,370,389
35550,55086,7259,26567,4967,47826,759,370,389
35555,55092,7261,26570,4968,47831,759,370,389
35560,55103,7262,26576,4968,47841,759,370,389
35565,55107,7262,26578,4968,47845,759,370,389
35570,55117,7264,26583,4968,47853,759,370,389
35575,55123,7265,26584,4968,47858,759,370,389
35580,55134,7267,26588,4969,47867,759,370,389
35585,55138,7267,26589,4969,47871,759,370,389
35590,55148,7269,26596,4971,47878,759,370,389
35595,55154,7271,26599,4972,47883,759,370,389
35600,55165,7272,26602,4973,47893,759,370,389
35605,55169,7273,26603,4974,47896,759,370,389
35610,55179,7275,26607,4975,47903,759,370,389
35615,55185,7277,26608,4976,47908,759,370,389
35620,55196,7278,26616,4976,47918,759,370,389
35625,55200,7278,26618,4976,47922,759,370,389
35630,55210,7280,26620,4977,47930,759,370,389
35635,55216,7281,26623,4977,47935,759,370,389
35640,55227,7283,26628,4978,47943,760,371,389
35645,55231,7284,26629,4979,47947,760,371,389
35650,55241,7285,26632,4980,47956,760,371,389
35655,55247,7285,26634,4980,47962,760,371,389
35660,55258,7285,26638,4980,47973,760,371,389
35665,55262,7285,26638,4980,47977,760,371,389
35670,55272,7286,26645,4981,47986,760,371,389
35675,55278,7286,26647,4981,47992,760,371,389
35680,55289,7286,26657,4981,48003,760,371,389
35685,55293,7286,26660,4981,48007,760,371,389
35690,55303,7287,26664,4981,48016,760,371,389
35695,55309,7287,26668,4981,48022,760,371,389
35700,55320,7287,26672,4981,48033,760,371,389
35705,55324,7287,26675,4981,48037,760,371,389
35710,55334,7288,26678,4981,48046,760,371,389
35715,55340,7288,26682,4981,48052,760,371,389
35720,55351,7288,26687,4981,48063,760,371,389
35725,55355,7288,26688,4981,48067,760,371,389
35730,55365,7289,26690,4981,48076,760,371,389
35735,55371,7289,26692,4981,48082,760,371,389
35740,55382,7290,26698,4982,48092,760,371,389
35745,55386,7290,26699,4982,48096,760,371,389
35750,55396,7292,26703,4982,48103,760,371,389
35755,55402,7294,26707,4983,48107,760,371,389
35760,55413,7298,26710,4986,48115,761,372,389
35765,55417,7298,26713,4986,48119,761,372,389
35770,55427,7298,26719,4986,48129,761,372,389
35775,55433,7299,26724,4987,48134,761,372,389
35780,55444,7300,26731,4987,48144,761,372,389
35785,55448,7300,26732,4987,48148,761,372,389
35790,55458,7300,26737,4987,48157,761,372,389
35795,55464,7302,26740,4988,48162,761,372,389
35800,55475,7303,26745,4989,48172,761,372,389
35805,55479,7303,26747,4989,48176,761,372,389
35810,55489,7303,26753,4989,48186,761,372,389
35815,55495,7304,26755,4990,48191,761,372,389
35820,55506,7306,26763,4992,48200,761,372,389
35825,55510,7307,26765,4993,48203,761,372,389
35830,55520,7307,26767,4993,48212,761,372,389
35835,55526,7309,26769,4994,48217,761,372,389
35840,55537,7310,26774,4994,48227,761,372,389
35845,55541,7311,26778,4995,48230,761,372,389
35850,55551,7311,26781,4995,48239,761,372,389
35855,55557,7313,26784,4996,48244,761,372,389
35860,55568,7314,26788,4996,48254,761,372,389
35865,55572,7315,26790,4997,48257,761,372,389
35870,55582,7317,26794,4997,48265,761,372,389
35875,55588,7318,26796,4997,48270,761,372,389
35880,55599,7320,26801,4999,48278,762,372,390
35885,55603,7322,26804,5001,48281,762,372,390
35890,55613,7323,26810,5001,48290,762,372,390
35895,55619,7324,26814,5002,48295,762,372,390
35900,55630,7325,26818,5003,48305,762,372,390
35905,55634,7325,26820,5003,48309,762,372,390
35910,55644,7326,26824,5004,48318,762,372,390
35915,55650,7327,26826,5004,48323,762,372,390
35920,55661,7328,26831,5005,48333,762,372,390
35925,55665,7328,26833,5005,48337,762,372,390
35930,55675,7329,26837,5006,48346,762,372,390
35935,55681,7330,26837,5006,48351,762,372,390
35940,55692,7331,26842,5007,48361,762,372,390
35945,55696,7332,26844,5008,48364,762,372,390
35950,55706,7334,26847,5008,48372,762,372,390
35955,55712,7335,26849,5008,48377,762,372,390
35960,55723,7336,26854,5008,48387,762,372,390
35965,55727,7336,26855,5008,48391,762,372,390
35970,55737,7338,26858,5008,48399,762,372,390
35975,55743,7339,26862,5008,48404,762,372,390
35980,55754,7340,26866,5008,48414,762,372,390
35985,55758,7341,26869,5009,48417,762,372,390
35990,55768,7343,26874,5009,48425,762,372,390
35995,55774,7344,26879,5010,48430,762,372,390
36000,55785,7347,26884,5013,48438,763,372,391
36005,55789,7347,26886,5013,48442,763,372,391
36010,55799,7348,26891,5014,48451,763,372,391
36015,55805,7348,26894,5014,48457,763,372,391
36020,55816,7349,26899,5015,48467,763,372,391
36025,55820,7349,26901,5015,48471,763,372,391
36030,55830,7350,26907,5015,48480,763,372,391
36035,55836,7350,26910,5015,48486,763,372,391
36040,55847,7351,26914,5016,48496,763,372,391
36045,55851,7351,26915,5016,48500,763,372,391
36050,55861,7352,26920,5017,48509,763,372,391
36055,55867,7352,26922,5017,48515,763,372,391
36060,55878,7352,26928,5017,48526,763,372,391
36065,55882,7352,26931,5017,48530,763,372,391
36070,55892,7353,26935,5018,48539,763,372,391
36075,55898,7353,26939,5018,48545,763,372,391
36080,55909,7354,26947,5019,48555,763,372,391
36085,55913,7354,26947,5019,48559,763,372,391
36090,55923,7355,26950,5019,48568,763,372,391
36095,55929,7355,26951,5019,48574,763,372,391
36100,55940,7356,26956,5020,48584,763,372,391
36105,55944,7356,26957,5020,48588,763,372,391
36110,55954,7358,26963,5021,48595,763,372,391
36115,55960,7360,26966,5023,48600,763,372,391
36120,55971,7361,26970,5023,48610,764,372,392
36125,55975,7362,26971,5024,48613,764,372,392
36130,55985,7363,26975,5024,48621,764,372,392
36135,55991,7365,26979,5025,48625,764,372,392
36140,56002,7367,26983,5026,48635,764,372,392
36145,56006,7368,26985,5027,48638,764,372,392
36150,56016,7369,26987,5027,48647,764,372,392
36155,56022,7370,26990,5028,48652,764,372,392
36160,56033,7371,26994,5029,48662,764,372,392
36165,56037,7371,26996,5029,48666,764,372,392
36170,56047,7372,26998,5029,48675,764,372,392
36175,56053,7373,27000,5029,48680,764,372,392
36180,56064,7374,27003,5030,48690,764,372,392
36185,56068,7374,27005,5030,48694,764,372,392
36190,56078,7375,27009,5030,48703,764,372,392
36195,56084,7376,27014,5030,48708,764,372,392
36200,56095,7377,27018,5030,48718,764,372,392
36205,56099,7378,27020,5031,48721,764,372,392
36210,56109,7379,27026,5031,48730,764,372,392
36215,56115,7380,27029,5032,48735,764,372,392
36220,56126,7381,27034,5032,48745,764,372,392
36225,56130,7382,27036,5033,48748,764,372,392
36230,56140,7384,27037,5033,48756,764,372,392
36235,56146,7385,27038,5034,48761,764,372,392
36240,56157,7388,27042,5036,48769,765,372,393
36245,56161,7388,27045,5036,48773,765,372,393
36250,56171,7389,27050,5036,48782,765,372,393
36255,56177,7390,27053,5037,48787,765,372,393
36260,56188,7391,27059,5038,48797,765,372,393
36265,56192,7391,27062,5038,48801,765,372,393
36270,56202,7392,27068,5039,48809,765,372,393
36275,56208,7394,27072,5041,48814,765,372,393
36280,56219,7396,27076,5042,48823,765,372,393
36285,56223,7396,27078,5042,48827,765,372,393
36290,56233,7397,27082,5042,48836,765,372,393
36295,56239,7398,27086,5042,48841,765,372,393
36300,56250,7400,27091,5043,48850,765,372,393
36305,56254,7400,27095,5043,48854,765,372,393
36310,56264,7401,27101,5044,48863,765,372,393
36315,56270,7402,27104,5045,48868,765,372,393
36320,56281,7403,27110,5045,48878,765,372,393
36325,56285,7403,27111,5045,48882,765,372,393
36330,56295,7404,27114,5045,48891,765,372,393
36335,56301,7405,27116,5046,48896,765,372,393
36340,56312,7407,27119,5047,48905,765,372,393
36345,56316,7407,27122,5047,48909,765,372,393
36350,56326,7409,27127,5048,48917,765,372,393
36355,56332,7410,27129,5049,48922,765,372,393
36360,56343,7413,27136,5051,48929,766,373,393
36365,56347,7414,27137,5052,48933,766,373,393
36370,56357,7414,27143,5052,48943,766,373,393
36375,56363,7414,27145,5052,48949,766,373,393
36380,56374,7415,27150,5052,48959,766,373,393
36385,56378,7415,27151,5052,48963,766,373,393
36390,56388,7415,27156,5052,48973,766,373,393
36395,56394,7415,27160,5052,48979,766,373,393
36400,56405,7416,27165,5053,48989,766,373,393
36405,56409,7417,27167,5054,48992,766,373,393
36410,56419,7417,27172,5054,49002,766,373,393
36415,56425,7417,27176,5054,49008,766,373,393
36420,56436,7418,27183,5054,49018,766,373,393
36425,56440,7419,27186,5055,49021,766,373,393
36430,56450,7420,27193,5055,49030,766,373,393
36435,56456,7420,27195,5055,49036,766,373,393
36440,56467,7421,27204,5056,49046,766,373,393
36445,56471,7421,27205,5056,49050,766,373,393
36450,56481,7422,27210,5057,49059,766,373,393
36455,56487,7422,27211,5057,49065,766,373,393
36460,56498,7423,27215,5058,49075,766,373,393
36465,56502,7424,27218,5059,49078,766,373,393
36470,56512,7426,27224,5059,49086,766,373,393
36475,56518,7427,27227,5059,49090,766,373,393
36480,56529,7430,27235,5062,49099,766,373,393
36485,56533,7430,27236,5062,49103,766,373,393
36490,56543,7432,27241,5063,49111,766,373,393
36495,56549,7433,27244,5064,49116,766,373,393
36500,56560,7435,27248,5065,49125,766,373,393
36505,56564,7435,27250,5065,49129,766,373,393
36510,56574,7437,27255,5066,49137,766,373,393
36515,56580,7438,27258,5067,49142,766,373,393
36520,56591,7440,27265,5069,49151,766,373,393
36525,56595,7440,27267,5069,49155,766,373,393
36530,56605,7442,27273,5071,49163,766,373,393
36535,56611,7443,27277,5072,49168,766,373,393
36540,56622,7445,27282,5073,49177,767,373,394
36545,56626,7445,27283,5073,49181,767,373,394
36550,56636,7447,27289,5074,49189,767,373,394
36555,56642,7448,27293,5075,49194,767,373,394
36560,56653,7449,27295,5075,49204,767,373,394
36565,56657,7449,27297,5075,49208,767,373,394
36570,56667,7451,27303,5076,49215,767,373,394
36575,56673,7453,27309,5078,49220,767,373,394
36580,56684,7455,27317,5080,49229,767,373,394
36585,56688,7455,27318,5080,49233,767,373,394
36590,56698,7457,27325,5082,49240,767,373,394
36595,56704,7459,27326,5083,49245,767,373,394
36600,56715,7461,27331,5085,49254,767,373,394
36605,56719,7461,27332,5085,49258,767,373,394
36610,56729,7461,27336,5085,49268,767,373,394
36615,56735,7462,27337,5086,49273,767,373,394
36620,56746,7462,27344,5086,49284,767,373,394
36625,56750,7463,27346,5087,49287,767,373,394
36630,56760,7463,27350,5087,49297,767,373,394
36635,56766,7464,27353,5088,49302,767,373,394
36640,56777,7465,27359,5089,49312,767,373,394
36645,56781,7465,27361,5089,49316,767,373,394
36650,56791,7465,27368,5089,49325,767,373,394
36655,56797,7467,27369,5091,49330,767,373,394
36660,56808,7468,27375,5092,49340,767,373,394
36665,56812,7469,27376,5093,49343,767,373,394
36670,56822,7469,27382,5093,49353,767,373,394
36675,56828,7470,27382,5093,49358,767,373,394
36680,56839,7471,27389,5094,49368,767,373,394
36685,56843,7471,27391,5094,49372,767,373,394
36690,56853,7471,27395,5094,49382,767,373,394
36695,56859,7472,27398,5095,49387,767,373,394
36700,56870,7472,27405,5095,49398,767,373,394
36705,56874,7472,27407,5095,49402,767,373,394
36710,56884,7474,27411,5095,49410,767,373,394
36715,56890,7475,27413,5095,49415,767,373,394
36720,56901,7476,27417,5095,49425,767,373,394
36725,56905,7476,27418,5095,49429,767,373,394
36730,56915,7478,27425,5097,49437,767,373,394
36735,56921,7479,27426,5097,49442,767,373,394
36740,56932,7480,27431,5097,49452,767,373,394
36745,56936,7480,27431,5097,49456,767,373,394
36750,56946,7482,27434,5097,49464,767,373,394
36755,56952,7483,27437,5098,49469,767,373,394
36760,56963,7484,27442,5099,49479,767,373,394
36765,56967,7484,27444,5099,49483,767,373,394
36770,56977,7486,27450,5100,49491,767,373,394
36775,56983,7487,27451,5100,49496,767,373,394
36780,56994,7488,27453,5100,49506,767,373,394
36785,56998,7489,27455,5101,49509,767,373,394
36790,57008,7491,27458,5101,49517,767,373,394
36795,57014,7492,27461,5101,49522,767,373,394
36800,57025,7493,27465,5102,49532,767,373,394
36805,57029,7494,27466,5103,49535,767,373,394
36810,57039,7496,27470,5104,49542,767,373,394
36815,57045,7498,27472,5106,49547,767,373,394
36820,57056,7499,27480,5107,49557,767,373,394
36825,57060,7500,27482,5108,49560,767,373,394
36830,57070,7502,27486,5108,49567,767,373,394
36835,57076,7504,27488,5110,49572,767,373,394
36840,57087,7506,27492,5112,49581,768,373,395
36845,57091,7507,27494,5113,49584,768,373,395
36850,57101,7509,27500,5114,49592,768,373,395
36855,57107,7509,27503,5114,49597,768,373,395
36860,57118,7511,27508,5115,49607,768,373,395
36865,57122,7512,27510,5116,49610,768,373,395
36870,57132,7514,27517,5117,49618,768,373,395
36875,57138,7514,27518,5117,49623,768,373,395
36880,57149,7516,27523,5118,49633,768,373,395
36885,57153,7516,27523,5118,49637,768,373,395
36890,57163,7518,27530,5120,49645,768,373,395
36895,57169,7518,27531,5120,49651,768,373,395
36900,57180,7519,27533,5120,49661,768,373,395
36905,57184,7519,27534,5120,49665,768,373,395
36910,57194,7521,27539,5121,49673,768,373,395
36915,57200,7521,27541,5121,49679,768,373,395
36920,57211,7522,27546,5121,49689,768,373,395
36925,57215,7522,27548,5121,49693,768,373,395
36930,57225,7524,27552,5122,49701,768,373,395
36935,57231,7524,27555,5122,49707,768,373,395
36940,57242,7525,27564,5123,49717,768,373,395
36945,57246,7525,27566,5123,49721,768,373,395
36950,57256,7527,27571,5125,49729,768,373,395
36955,57262,7528,27573,5125,49734,768,373,395
36960,57273,7529,27577,5126,49744,769,373,396
36965,57277,7530,27580,5127,49747,769,373,396
36970,57287,7532,27585,5128,49755,769,373,396
36975,57293,7533,27589,5128,49759,769,373,396
36980,57304,7535,27596,5130,49769,770,374,396
36985,57308,7535,27597,5130,49773,770,374,396
36990,57318,7537,27601,5130,49781,770,374,396
36995,57324,7538,27603,5130,49786,770,374,396
37000,57335,7539,27606,5130,49796,771,374,397
37005,57339,7541,27609,5132,49798,771,374,397
37010,57349,7543,27613,5132,49806,771,374,397
37015,57355,7544,27616,5133,49810,771,374,397
37020,57366,7548,27621,5137,49818,772,374,398
37025,57370,7548,27624,5137,49822,772,374,398
37030,57380,7549,27628,5137,49831,772,374,398
37035,57386,7550,27632,5138,49836,772,374,398
37040,57397,7551,27637,5138,49846,772,374,398
37045,57401,7551,27639,5138,49850,772,374,398
37050,57411,7552,27644,5138,49859,772,374,398
37055,57417,7553,27648,5138,49864,772,374,398
37060,57428,7554,27652,5139,49874,772,374,398
37065,57432,7554,27653,5139,49878,772,374,398
37070,57442,7555,27657,5139,49886,772,374,398
37075,57448,7557,27658,5140,49891,772,374,398
37080,57459,7560,27666,5143,49899,772,374,398
37085,57463,7560,27669,5143,49903,772,374,398
37090,57473,7561,27676,5144,49912,772,374,398
37095,57479,7562,27680,5145,49917,772,374,398
37100,57490,7563,27685,5146,49927,772,374,398
37105,57494,7563,27685,5146,49931,772,374,398
37110,57504,7564,27690,5147,49940,772,374,398
37115,57510,7565,27693,5148,49945,772,374,398
37120,57521,7565,27694,5148,49956,772,374,398
37125,57525,7566,27695,5149,49959,772,374,398
37130,57535,7568,27699,5149,49967,772,374,398
37135,57541,7569,27701,5150,49971,772,374,398
37140,57552,7570,27705,5151,49982,772,374,398
37145,57556,7570,27707,5151,49986,772,374,398
37150,57566,7572,27712,5152,49993,772,374,398
37155,57572,7574,27715,5153,49998,772,374,398
37160,57583,7575,27721,5154,50008,772,374,398
37165,57587,7576,27724,5155,50011,772,374,398
37170,57597,7578,27728,5155,50018,772,374,398
37175,57603,7580,27730,5157,50023,772,374,398
37180,57614,7581,27737,5157,50033,772,374,398
37185,57618,7581,27737,5157,50037,772,374,398
37190,57628,7583,27740,5157,50045,772,374,398
37195,57634,7584,27743,5157,50050,772,374,398
37200,57645,7585,27744,5157,50060,773,374,399
37205,57649,7585,27744,5157,50064,773,374,399
37210,57659,7587,27748,5158,50072,773,374,399
37215,57665,7588,27752,5159,50077,773,374,399
37220,57676,7590,27758,5161,50086,773,374,399
37225,57680,7590,27759,5161,50090,773,374,399
37230,57690,7592,27766,5162,50097,773,374,399
37235,57696,7594,27771,5163,50102,773,374,399
37240,57707,7595,27775,5163,50112,773,374,399
37245,57711,7595,27777,5163,50116,773,374,399
37250,57721,7597,27782,5163,50123,773,374,399
37255,57727,7599,27785,5164,50128,773,374,399
37260,57738,7602,27791,5167,50136,773,374,399
37265,57742,7602,27793,5167,50140,773,374,399
37270,57752,7604,27795,5168,50148,773,374,399
37275,57758,7605,27800,5169,50153,773,374,399
37280,57769,7606,27803,5169,50163,773,374,399
37285,57773,7607,27804,5170,50166,773,374,399
37290,57783,7609,27809,5171,50173,773,374,399
37295,57789,7611,27812,5173,50177,773,374,399
37300,57800,7613,27818,5175,50187,773,374,399
37305,57804,7614,27819,5176,50190,773,374,399
37310,57814,7616,27826,5178,50197,773,374,399
37315,57820,7618,27829,5179,50201,773,374,399
37320,57831,7621,27834,5181,50209,774,374,400
37325,57835,7622,27835,5182,50213,774,374,400
37330,57845,7624,27839,5182,50221,774,374,400
37335,57851,7625,27842,5183,50225,774,374,400
37340,57862,7626,27846,5184,50236,774,374,400
37345,57866,7626,27848,5184,50240,774,374,400
37350,57876,7628,27855,5185,50248,774,374,400
37355,57882,7629,27858,5185,50252,774,374,400
37360,57893,7630,27864,5186,50263,774,374,400
37365,57897,7630,27866,5186,50267,774,374,400
37370,57907,7632,27869,5187,50275,774,374,400
37375,57913,7633,27873,5188,50279,774,374,400
37380,57924,7635,27877,5190,50289,774,374,400
37385,57928,7635,27878,5190,50293,774,374,400
37390,57938,7636,27884,5191,50302,774,374,400
37395,57944,7637,27887,5192,50307,774,374,400
37400,57955,7638,27891,5193,50317,775,374,401
37405,57959,7638,27891,5193,50321,775,374,401
37410,57969,7639,27897,5193,50330,775,374,401
37415,57975,7640,27899,5194,50335,775,374,401
37420,57986,7641,27904,5195,50344,776,375,401
37425,57990,7642,27907,5196,50348,776,375,401
37430,58000,7643,27912,5197,50356,776,375,401
37435,58006,7645,27915,5199,50360,776,375,401
37440,58017,7648,27923,5202,50368,777,376,401
37445,58021,7649,27927,5203,50372,777,376,401
37450,58031,7649,27933,5203,50382,777,376,401
37455,58037,7649,27937,5203,50388,777,376,401
37460,58048,7651,27941,5204,50397,777,376,401
37465,58052,7651,27945,5204,50401,777,376,401
37470,58062,7651,27949,5204,50411,777,376,401
37475,58068,7651,27954,5204,50417,777,376,401
37480,58079,7653,27960,5205,50426,777,376,401
37485,58083,7653,27961,5205,50430,777,376,401
37490,58093,7654,27966,5205,50439,777,376,401
37495,58099,7654,27968,5205,50445,777,376,401
37500,58110,7655,27971,5205,50455,777,376,401
37505,58114,7657,27974,5207,50457,777,376,401
37510,58124,7659,27978,5208,50464,777,376,401
37515,58130,7661,27981,5210,50468,777,376,401
37520,58141,7663,27985,5212,50478,778,376,402
37525,58145,7663,27985,5212,50482,778,376,402
37530,58155,7665,27990,5212,50489,778,376,402
37535,58161,7667,27992,5213,50494,778,376,402
37540,58172,7670,27997,5216,50502,779,376,403
37545,58176,7670,27999,5216,50506,779,376,403
37550,58186,7672,28004,5216,50513,779,376,403
37555,58192,7674,28008,5218,50517,779,376,403
37560,58203,7678,28015,5222,50525,780,377,403
37565,58207,7678,28017,5222,50529,780,377,403
37570,58217,7679,28023,5223,50538,780,377,403
37575,58223,7679,28027,5223,50543,780,377,403
37580,58234,7681,28032,5224,50553,780,377,403
37585,58238,7681,28033,5224,50557,780,377,403
37590,58248,7682,28037,5225,50566,780,377,403
37595,58254,7682,28043,5225,50571,780,377,403
37600,58265,7684,28049,5227,50581,780,377,403
37605,58269,7684,28050,5227,50585,780,377,403
37610,58279,7685,28057,5228,50594,780,377,403
37615,58285,7685,28061,5228,50599,780,377,403
37620,58296,7687,28069,5230,50609,780,377,403
37625,58300,7687,28070,5230,50613,780,377,403
37630,58310,7688,28075,5230,50622,780,377,403
37635,58316,7688,28079,5230,50627,780,377,403
37640,58327,7690,28082,5231,50637,780,377,403
37645,58331,7690,28086,5231,50641,780,377,403
37650,58341,7691,28090,5231,50650,780,377,403
37655,58347,7691,28095,5231,50655,780,377,403
37660,58358,7694,28104,5234,50664,780,377,403
37665,58362,7694,28106,5234,50668,780,377,403
37670,58372,7696,28111,5234,50676,780,377,403
37675,58378,7697,28114,5234,50681,780,377,403
37680,58389,7699,28119,5236,50690,781,377,404
37685,58393,7699,28120,5236,50694,781,377,404
37690,58403,7701,28124,5237,50702,781,377,404
37695,58409,7702,28126,5237,50707,781,377,404
37700,58420,7704,28132,5238,50716,781,377,404
37705,58424,7704,28133,5238,50720,781,377,404
37710,58434,7706,28141,5240,50728,781,377,404
37715,58440,7707,28143,5240,50733,781,377,404
37720,58451,7708,28149,5241,50743,781,377,404
37725,58455,7708,28151,5241,50747,781,377,404
37730,58465,7710,28155,5242,50755,781,377,404
37735,58471,7711,28157,5242,50760,781,377,404
37740,58482,7712,28161,5242,50770,781,377,404
37745,58486,7713,28164,5243,50773,781,377,404
37750,58496,7715,28173,5245,50780,781,377,404
37755,58502,7717,28176,5246,50785,781,377,404
37760,58513,7718,28181,5247,50795,781,377,404
37765,58517,7719,28184,5248,50798,781,377,404
37770,58527,7721,28188,5248,50806,781,377,404
37775,58533,7722,28190,5248,50811,781,377,404
37780,58544,7724,28196,5250,50820,781,377,404
37785,58548,7724,28198,5250,50824,781,377,404
37790,58558,7726,28205,5252,50831,781,377,404
37795,58564,7728,28209,5254,50835,781,377,404
37800,58575,7733,28214,5258,50842,782,377,405
37805,58579,7733,28215,5258,50846,782,377,405
37810,58589,7733,28218,5258,50856,782,377,405
37815,58595,7733,28220,5258,50862,782,377,405
37820,58606,7733,28225,5258,50873,782,377,405
37825,58610,7733,28226,5258,50877,782,377,405
37830,58620,7733,28232,5258,50887,782,377,405
37835,58626,7733,28234,5258,50893,782,377,405
37840,58637,7733,28239,5258,50904,782,377,405
37845,58641,7733,28239,5258,50908,782,377,405
37850,58651,7733,28246,5258,50918,782,377,405
37855,58657,7733,28249,5258,50924,782,377,405
37860,58668,7733,28252,5258,50935,782,377,405
37865,58672,7733,28253,5258,50939,782,377,405
37870,58682,7733,28256,5258,50949,782,377,405
37875,58688,7733,28258,5258,50955,782,377,405
37880,58699,7733,28265,5258,50966,782,377,405
37885,58703,7733,28266,5258,50970,782,377,405
37890,58713,7733,28272,5258,50980,782,377,405
37895,58719,7733,28276,5258,50986,782,377,405
37900,58730,7733,28281,5258,50997,782,377,405
37905,58734,7733,28284,5258,51001,782,377,405
37910,58744,7735,28287,5259,51009,782,377,405
37915,58750,7736,28288,5259,51014,782,377,405
37920,58761,7737,28291,5260,51024,783,378,405
37925,58765,7738,28293,5261,51027,783,378,405
37930,58775,7740,28295,5261,51035,783,378,405
37935,58781,7741,28299,5262,51039,783,378,405
37940,58792,7744,28305,5264,51048,783,378,405
37945,58796,7745,28308,5265,51051,783,378,405
37950,58806,7747,28313,5266,51059,783,378,405
37955,58812,7748,28316,5267,51064,783,378,405
37960,58823,7749,28320,5268,51074,783,378,405
37965,58827,7750,28321,5269,51077,783,378,405
37970,58837,7752,28325,5270,51084,783,378,405
37975,58843,7754,28329,5272,51088,783,378,405
37980,58854,7756,28334,5274,51098,783,378,405
37985,58858,7756,28335,5274,51102,783,378,405
37990,58868,7758,28341,5274,51110,783,378,405
37995,58874,7759,28344,5275,51115,783,378,405
38000,58885,7760,28350,5276,51125,783,378,405
38005,58889,7761,28354,5277,51128,783,378,405
38010,58899,7763,28359,5279,51135,783,378,405
38015,58905,7765,28362,5281,51139,783,378,405
38020,58916,7767,28369,5282,51149,783,378,405
38025,58920,7768,28370,5283,51152,783,378,405
38030,58930,7770,28374,5284,51160,783,378,405
38035,58936,7771,28377,5285,51164,783,378,405
38040,58947,7775,28384,5289,51171,784,378,406
38045,58951,7776,28385,5290,51175,784,378,406
38050,58961,7777,28387,5290,51184,784,378,406
38055,58967,7778,28390,5290,51189,784,378,406
38060,58978,7779,28396,5290,51199,785,378,407
38065,58982,7780,28398,5291,51202,785,378,407
38070,58992,7781,28402,5291,51211,785,378,407
38075,58998,7782,28407,5292,51216,785,378,407
38080,59009,7785,28411,5295,51223,786,378,408
38085,59013,7786,28413,5296,51227,786,378,408
38090,59023,7787,28420,5297,51236,786,378,408
38095,59029,7788,28421,5297,51241,786,378,408
38100,59040,7789,28426,5298,51251,787,378,409
38105,59044,7789,28429,5298,51255,787,378,409
38110,59054,7791,28431,5299,51263,787,378,409
38115,59060,7792,28433,5299,51268,787,378,409
38120,59071,7792,28438,5299,51279,787,378,409
38125,59075,7792,28440,5299,51283,787,378,409
38130,59085,7794,28444,5300,51291,787,378,409
38135,59091,7795,28450,5301,51296,787,378,409
38140,59102,7796,28457,5302,51306,787,378,409
38145,59106,7796,28458,5302,51310,787,378,409
38150,59116,7798,28462,5302,51318,787,378,409
38155,59122,7799,28464,5303,51322,787,378,409
38160,59133,7802,28473,5306,51331,787,378,409
38165,59137,7803,28474,5307,51334,787,378,409
38170,59147,7804,28477,5307,51343,787,378,409
38175,59153,7805,28481,5308,51347,787,378,409
38180,59164,7806,28484,5309,51358,787,378,409
38185,59168,7806,28485,5309,51362,787,378,409
38190,59178,7807,28490,5309,51371,787,378,409
38195,59184,7808,28491,5309,51376,787,378,409
38200,59195,7809,28497,5310,51386,787,378,409
38205,59199,7809,28501,5310,51390,787,378,409
38210,59209,7810,28503,5310,51399,787,378,409
38215,59215,7811,28505,5310,51404,787,378,409
38220,59226,7812,28509,5311,51413,788,379,409
38225,59230,7814,28512,5313,51416,788,379,409
38230,59240,7816,28516,5313,51424,788,379,409
38235,59246,7817,28516,5313,51429,788,379,409
38240,59257,7817,28524,5313,51440,788,379,409
38245,59261,7817,28525,5313,51444,788,379,409
38250,59271,7819,28530,5313,51451,788,379,409
38255,59277,7821,28531,5314,51456,788,379,409
38260,59288,7821,28534,5314,51467,788,379,409
38265,59292,7821,28537,5314,51471,788,379,409
38270,59302,7823,28542,5315,51479,788,379,409
38275,59308,7824,28547,5316,51483,788,379,409
38280,59319,7825,28551,5317,51494,788,379,409
38285,59323,7826,28553,5318,51497,788,379,409
38290,59333,7827,28560,5319,51506,788,379,409
38295,59339,7827,28563,5319,51512,788,379,409
38300,59350,7827,28568,5319,51523,788,379,409
38305,59354,7827,28570,5319,51527,788,379,409
38310,59364,7828,28573,5320,51536,788,379,409
38315,59370,7828,28576,5320,51542,788,379,409
38320,59381,7828,28580,5320,51553,788,379,409
38325,59385,7828,28580,5320,51557,788,379,409
38330,59395,7829,28585,5321,51566,788,379,409
38335,59401,7829,28587,5321,51571,788,379,409
38340,59412,7834,28593,5326,51578,789,379,410
38345,59416,7834,28594,5326,51582,789,379,410
38350,59426,7834,28599,5326,51591,789,379,410
38355,59432,7836,28603,5327,51596,789,379,410
38360,59443,7838,28608,5328,51605,789,379,410
38365,59447,7839,28612,5329,51608,789,379,410
38370,59457,7839,28614,5329,51618,789,379,410
38375,59463,7840,28616,5329,51623,789,379,410
38380,59474,7842,28622,5331,51632,789,379,410
38385,59478,7843,28626,5332,51635,789,379,410
38390,59488,7843,28631,5332,51645,789,379,410
38395,59494,7844,28634,5332,51650,789,379,410
38400,59505,7846,28638,5333,51659,789,379,410
38405,59509,7846,28641,5333,51663,789,379,410
38410,59519,7846,28648,5333,51673,789,379,410
38415,59525,7847,28649,5333,51678,789,379,410
38420,59536,7849,28656,5334,51687,789,379,410
38425,59540,7849,28658,5334,51691,789,379,410
38430,59550,7849,28662,5334,51701,789,379,410
38435,59556,7850,28666,5334,51706,789,379,410
38440,59567,7852,28674,5336,51715,789,379,410
38445,59571,7852,28678,5336,51719,789,379,410
38450,59581,7854,28682,5338,51727,789,379,410
38455,59587,7855,28686,5338,51732,789,379,410
38460,59598,7857,28691,5340,51741,790,379,411
38465,59602,7858,28694,5341,51744,790,379,411
38470,59612,7860,28699,5341,51752,790,379,411
38475,59618,7860,28703,5341,51757,790,379,411
38480,59629,7864,28710,5345,51765,791,380,411
38485,59633,7865,28714,5346,51768,791,380,411
38490,59643,7867,28718,5346,51776,791,380,411
38495,59649,7867,28721,5346,51782,791,380,411
38500,59660,7868,28726,5346,51792,792,381,411
38505,59664,7869,28729,5347,51795,792,381,411
38510,59674,7871,28735,5349,51803,792,381,411
38515,59680,7871,28737,5349,51808,792,381,411
38520,59691,7874,28743,5352,51817,793,381,412
38525,59695,7874,28743,5352,51821,793,381,412
38530,59705,7876,28749,5354,51829,793,381,412
38535,59711,7876,28751,5354,51835,793,381,412
38540,59722,7877,28760,5355,51845,793,381,412
38545,59726,7877,28763,5355,51849,793,381,412
38550,59736,7878,28767,5355,51858,793,381,412
38555,59742,7878,28771,5355,51863,793,381,412
38560,59753,7880,28773,5357,51873,793,381,412
38565,59757,7880,28776,5357,51877,793,381,412
38570,59767,7881,28780,5357,51886,793,381,412
38575,59773,7882,28785,5357,51890,793,381,412
38580,59784,7884,28788,5359,51900,793,381,412
38585,59788,7884,28790,5359,51904,793,381,412
38590,59798,7886,28797,5361,51912,793,381,412
38595,59804,7887,28800,5361,51917,793,381,412
38600,59815,7888,28803,5362,51927,794,381,413
38605,59819,7888,28806,5362,51931,794,381,413
38610,59829,7890,28810,5362,51939,794,381,413
38615,59835,7891,28812,5362,51944,794,381,413
38620,59846,7894,28820,5365,51952,795,382,413
38625,59850,7894,28821,5365,51956,795,382,413
38630,59860,7896,28825,5365,51964,795,382,413
38635,59866,7897,28827,5366,51969,795,382,413
38640,59877,7899,28832,5368,51978,796,383,413
38645,59881,7899,28834,5368,51982,796,383,413
38650,59891,7900,28834,5368,51991,796,383,413
38655,59897,7901,28836,5369,51996,796,383,413
38660,59908,7902,28841,5369,52006,796,383,413
38665,59912,7902,28842,5369,52010,796,383,413
38670,59922,7903,28846,5369,52019,796,383,413
38675,59928,7904,28852,5370,52024,796,383,413
38680,59939,7905,28855,5371,52034,796,383,413
38685,59943,7905,28857,5371,52038,796,383,413
38690,59953,7906,28859,5371,52047,796,383,413
38695,59959,7907,28861,5371,52052,796,383,413
38700,59970,7909,28866,5373,52061,796,383,413
38705,59974,7910,28868,5374,52064,796,383,413
38710,59984,7911,28876,5374,52072,796,383,413
38715,59990,7913,28879,5376,52077,796,383,413
38720,60001,7914,28882,5376,52087,796,383,413
38725,60005,7915,28884,5377,52090,796,383,413
38730,60015,7916,28889,5378,52099,796,383,413
38735,60021,7917,28893,5379,52104,796,383,413
38740,60032,7919,28897,5380,52113,796,383,413
38745,60036,7920,28901,5381,52116,796,383,413
38750,60046,7922,28907,5383,52124,796,383,413
38755,60052,7923,28910,5384,52128,796,383,413
38760,60063,7926,28917,5387,52137,797,383,414
38765,60067,7927,28919,5388,52140,797,383,414
38770,60077,7927,28923,5388,52150,797,383,414
38775,60083,7928,28924,5388,52155,797,383,414
38780,60094,7928,28930,5388,52166,797,383,414
38785,60098,7928,28932,5388,52170,797,383,414
38790,60108,7928,28942,5388,52180,797,383,414
38795,60114,7929,28942,5388,52185,797,383,414
38800,60125,7930,28946,5389,52195,797,383,414
38805,60129,7930,28946,5389,52199,797,383,414
38810,60139,7930,28953,5389,52209,797,383,414
38815,60145,7931,28955,5389,52214,797,383,414
38820,60156,7932,28962,5390,52224,797,383,414
38825,60160,7932,28965,5390,52228,797,383,414
38830,60170,7932,28969,5390,52238,797,383,414
38835,60176,7933,28969,5390,52243,797,383,414
38840,60187,7934,28973,5391,52253,797,383,414
38845,60191,7934,28976,5391,52257,797,383,414
38850,60201,7934,28982,5391,52267,797,383,414
38855,60207,7935,28984,5391,52272,797,383,414
38860,60218,7936,28990,5392,52282,797,383,414
38865,60222,7936,28992,5392,52286,797,383,414
38870,60232,7938,28998,5393,52294,797,383,414
38875,60238,7939,29002,5394,52298,797,383,414
38880,60249,7942,29008,5397,52307,798,384,414
38885,60253,7942,29009,5397,52311,798,384,414
38890,60263,7943,29011,5397,52320,798,384,414
38895,60269,7943,29012,5397,52326,798,384,414
38900,60280,7944,29017,5398,52336,798,384,414
38905,60284,7944,29019,5398,52340,798,384,414
38910,60294,7945,29024,5398,52349,798,384,414
38915,60300,7945,29028,5398,52355,798,384,414
38920,60311,7946,29033,5399,52365,798,384,414
38925,60315,7946,29036,5399,52369,798,384,414
38930,60325,7947,29042,5399,52378,798,384,414
38935,60331,7947,29044,5399,52383,798,384,414
38940,60342,7949,29051,5401,52393,798,384,414
38945,60346,7950,29053,5402,52396,798,384,414
38950,60356,7951,29059,5403,52405,798,384,414
38955,60362,7951,29062,5403,52411,798,384,414
38960,60373,7952,29069,5404,52421,798,384,414
38965,60377,7952,29069,5404,52425,798,384,414
38970,60387,7953,29073,5404,52434,798,384,414
38975,60393,7953,29076,5404,52440,798,384,414
38980,60404,7954,29082,5404,52450,798,384,414
38985,60408,7955,29085,5405,52453,798,384,414
38990,60418,7957,29088,5405,52461,798,384,414
38995,60424,7958,29092,5406,52465,798,384,414
39000,60435,7962,29097,5409,52472,799,385,414
39005,60439,7963,29101,5410,52476,799,385,414
39010,60449,7964,29105,5410,52485,799,385,414
39015,60455,7965,29110,5411,52490,799,385,414
39020,60466,7966,29113,5411,52500,799,385,414
39025,60470,7966,29115,5411,52504,799,385,414
39030,60480,7967,29120,5411,52512,799,385,414
39035,60486,7969,29122,5412,52517,799,385,414
39040,60497,7971,29127,5413,52526,799,385,414
39045,60501,7971,29129,5413,52530,799,385,414
39050,60511,7972,29135,5414,52539,799,385,414
39055,60517,7973,29140,5414,52544,799,385,414
39060,60528,7975,29147,5415,52553,799,385,414
39065,60532,7975,29149,5415,52557,799,385,414
39070,60542,7976,29153,5416,52566,799,385,414
39075,60548,7977,29156,5416,52571,799,385,414
39080,60559,7978,29162,5417,52581,799,385,414
39085,60563,7978,29164,5417,52585,799,385,414
39090,60573,7979,29169,5418,52594,799,385,414
39095,60579,7980,29171,5419,52599,799,385,414
39100,60590,7981,29174,5420,52609,799,385,414
39105,60594,7981,29175,5420,52613,799,385,414
39110,60604,7983,29179,5421,52620,799,385,414
39115,60610,7985,29182,5423,52625,799,385,414
39120,60621,7987,29186,5424,52634,800,385,415
39125,60625,7989,29189,5426,52636,800,385,415
39130,60635,7990,29193,5426,52645,800,385,415
39135,60641,7991,29197,5427,52650,800,385,415
39140,60652,7991,29202,5427,52661,800,385,415
39145,60656,7992,29206,5428,52664,800,385,415
39150,60666,7993,29212,5428,52673,800,385,415
39155,60672,7994,29215,5429,52678,800,385,415
39160,60683,7994,29221,5429,52689,800,385,415
39165,60687,7995,29223,5430,52692,800,385,415
39170,60697,7996,29230,5430,52701,800,385,415
39175,60703,7997,29233,5430,52706,800,385,415
39180,60714,7997,29237,5430,52717,800,385,415
39185,60718,7997,29239,5430,52721,800,385,415
39190,60728,7998,29247,5431,52730,800,385,415
39195,60734,7999,29251,5432,52735,800,385,415
39200,60745,7999,29255,5432,52746,800,385,415
39205,60749,7999,29257,5432,52750,800,385,415
39210,60759,8000,29262,5433,52759,800,385,415
39215,60765,8001,29267,5434,52764,800,385,415
39220,60776,8001,29274,5434,52775,800,385,415
39225,60780,8001,29277,5434,52779,800,385,415
39230,60790,8002,29282,5434,52788,800,385,415
39235,60796,8003,29283,5434,52793,800,385,415
39240,60807,8006,29290,5437,52801,801,385,416
39245,60811,8007,29293,5438,52804,801,385,416
39250,60821,8008,29300,5439,52813,801,385,416
39255,60827,8009,29303,5440,52817,801,385,416
39260,60838,8012,29306,5442,52826,801,385,416
39265,60842,8012,29307,5442,52830,801,385,416
39270,60852,8013,29313,5443,52838,801,385,416
39275,60858,8015,29317,5444,52842,801,385,416
39280,60869,8017,29320,5446,52852,801,385,416
39285,60873,8018,29323,5447,52855,801,385,416
39290,60883,8019,29326,5447,52864,801,385,416
39295,60889,8020,29328,5448,52869,801,385,416
39300,60900,8021,29336,5449,52879,801,385,416
39305,60904,8022,29337,5450,52882,801,385,416
39310,60914,8023,29341,5450,52891,801,385,416
39315,60920,8024,29343,5450,52895,801,385,416
39320,60931,8026,29348,5452,52905,801,385,416
39325,60935,8026,29348,5452,52909,801,385,416
39330,60945,8027,29351,5452,52917,801,385,416
39335,60951,8029,29354,5453,52921,801,385,416
39340,60962,8031,29360,5455,52931,801,385,416
39345,60966,8032,29364,5456,52934,801,385,416
39350,60976,8034,29369,5457,52942,801,385,416
39355,60982,8035,29371,5458,52947,801,385,416
39360,60993,8037,29377,5459,52955,802,385,417
39365,60997,8038,29380,5460,52959,802,385,417
39370,61007,8039,29383,5461,52968,802,385,417
39375,61013,8040,29386,5461,52973,802,385,417
39380,61024,8041,29391,5461,52983,802,385,417
39385,61028,8041,29392,5461,52987,802,385,417
39390,61038,8042,29396,5462,52996,802,385,417
39395,61044,8043,29399,5462,53001,802,385,417
39400,61055,8044,29403,5462,53011,802,385,417
39405,61059,8044,29403,5462,53015,802,385,417
39410,61069,8045,29408,5463,53024,802,385,417
39415,61075,8046,29412,5464,53029,802,385,417
39420,61086,8047,29415,5464,53039,802,385,417
39425,61090,8048,29418,5465,53042,802,385,417
39430,61100,8050,29424,5465,53049,802,385,417
39435,61106,8052,29424,5466,53054,802,385,417
39440,61117,8054,29431,5468,53063,803,386,417
39445,61121,8054,29432,5468,53067,803,386,417
39450,61131,8056,29436,5468,53074,803,386,417
39455,61137,8058,29437,5469,53079,803,386,417
39460,61148,8059,29441,5469,53088,804,387,417
39465,61152,8061,29445,5471,53091,804,387,417
39470,61162,8063,29449,5471,53098,804,387,417
39475,61168,8065,29451,5473,53102,804,387,417
39480,61179,8069,29457,5476,53110,805,387,418
39485,61183,8069,29459,5476,53114,805,387,418
39490,61193,8070,29463,5476,53123,805,387,418
39495,61199,8071,29464,5476,53128,805,387,418
39500,61210,8073,29470,5478,53137,805,387,418
39505,61214,8073,29470,5478,53141,805,387,418
39510,61224,8074,29476,5479,53150,805,387,418
39515,61230,8075,29478,5479,53155,805,387,418
39520,61241,8077,29482,5480,53164,805,387,418
39525,61245,8077,29484,5480,53168,805,387,418
39530,61255,8078,29487,5481,53177,805,387,418
39535,61261,8079,29492,5482,53182,805,387,418
39540,61272,8081,29496,5483,53191,805,387,418
39545,61276,8081,29496,5483,53195,805,387,418
39550,61286,8082,29503,5484,53204,805,387,418
39555,61292,8083,29507,5484,53209,805,387,418
39560,61303,8084,29513,5485,53219,805,387,418
39565,61307,8084,29515,5485,53223,805,387,418
39570,61317,8085,29521,5485,53232,805,387,418
39575,61323,8086,29525,5486,53237,805,387,418
39580,61334,8087,29531,5486,53247,805,387,418
39585,61338,8087,29533,5486,53251,805,387,418
39590,61348,8089,29541,5488,53259,805,387,418
39595,61354,8090,29542,5489,53264,805,387,418
39600,61365,8091,29546,5490,53274,806,388,418
39605,61369,8091,29547,5490,53278,806,388,418
39610,61379,8092,29550,5490,53287,806,388,418
39615,61385,8093,29553,5491,53291,806,388,418
39620,61396,8094,29561,5492,53302,806,388,418
39625,61400,8094,29564,5492,53306,806,388,418
39630,61410,8095,29569,5492,53315,806,388,418
39635,61416,8096,29570,5492,53320,806,388,418
39640,61427,8096,29577,5492,53331,806,388,418
39645,61431,8096,29577,5492,53335,806,388,418
39650,61441,8097,29581,5492,53344,806,388,418
39655,61447,8098,29584,5493,53348,806,388,418
39660,61458,8099,29590,5494,53359,806,388,418
39665,61462,8100,29592,5495,53362,806,388,418
39670,61472,8101,29598,5496,53371,806,388,418
39675,61478,8102,29601,5496,53376,806,388,418
39680,61489,8103,29603,5496,53386,806,388,418
39685,61493,8103,29604,5496,53390,806,388,418
39690,61503,8104,29610,5496,53398,806,388,418
39695,61509,8106,29616,5498,53403,806,388,418
39700,61520,8108,29621,5499,53412,806,388,418
39705,61524,8108,29623,5499,53416,806,388,418
39710,61534,8110,29628,5501,53423,806,388,418
39715,61540,8112,29632,5503,53428,806,388,418
39720,61551,8113,29636,5503,53437,806,388,418
39725,61555,8116,29639,5506,53439,806,388,418
39730,61565,8118,29645,5508,53446,806,388,418
39735,61571,8120,29648,5510,53451,806,388,418
39740,61582,8120,29654,5510,53462,806,388,418
39745,61586,8120,29655,5510,53466,806,388,418
39750,61596,8122,29662,5512,53474,806,388,418
39755,61602,8123,29663,5513,53479,806,388,418
39760,61613,8124,29669,5514,53489,807,388,419
39765,61617,8124,29670,5514,53493,807,388,419
39770,61627,8126,29674,5516,53501,807,388,419
39775,61633,8127,29678,5516,53506,807,388,419
39780,61644,8129,29684,5518,53515,808,388,420
39785,61648,8130,29685,5519,53518,808,388,420
39790,61658,8132,29692,5520,53526,808,388,420
39795,61664,8132,29694,5520,53532,808,388,420
39800,61675,8132,29697,5520,53543,808,388,420
39805,61679,8132,29699,5520,53547,808,388,420
39810,61689,8134,29705,5521,53555,808,388,420
39815,61695,8134,29707,5521,53561,808,388,420
39820,61706,8135,29713,5522,53571,808,388,420
39825,61710,8135,29713,5522,53575,808,388,420
39830,61720,8137,29717,5523,53583,808,388,420
39835,61726,8137,29722,5523,53588,808,388,420
39840,61737,8139,29726,5525,53598,808,388,420
39845,61741,8139,29729,5525,53602,808,388,420
39850,61751,8139,29732,5525,53612,808,388,420
39855,61757,8139,29736,5525,53618,808,388,420
39860,61768,8139,29742,5525,53629,808,388,420
39865,61772,8139,29743,5525,53633,808,388,420
39870,61782,8139,29747,5525,53643,808,388,420
39875,61788,8139,29751,5525,53649,808,388,420
39880,61799,8139,29758,5525,53660,808,388,420
39885,61803,8139,29759,5525,53664,808,388,420
39890,61813,8139,29763,5525,53674,808,388,420
39895,61819,8140,29767,5526,53679,808,388,420
39900,61830,8141,29769,5526,53689,808,388,420
39905,61834,8141,29769,5526,53693,808,388,420
39910,61844,8141,29775,5526,53703,808,388,420
39915,61850,8142,29777,5527,53708,808,388,420
39920,61861,8143,29783,5528,53718,808,388,420
39925,61865,8143,29783,5528,53722,808,388,420
39930,61875,8143,29789,5528,53732,808,388,420
39935,61881,8144,29791,5528,53737,808,388,420
39940,61892,8145,29795,5528,53747,808,388,420
39945,61896,8146,29797,5529,53750,808,388,420
39950,61906,8148,29803,5530,53758,808,388,420
39955,61912,8149,29803,5530,53763,808,388,420
39960,61923,8151,29809,5532,53772,808,388,420
39965,61927,8151,29810,5532,53776,808,388,420
39970,61937,8152,29816,5533,53785,808,388,420
39975,61943,8153,29820,5534,53790,808,388,420
39980,61954,8154,29826,5534,53799,808,388,420
39985,61958,8155,29828,5535,53803,808,388,420
39990,61968,8156,29836,5535,53812,808,388,420
39995,61974,8157,29840,5536,53817,808,388,420
40000,61985,8158,29844,5537,53827,808,388,420
40005,61989,8158,29846,5537,53831,808,388,420
40010,61999,8159,29848,5537,53840,808,388,420
40015,62005,8160,29852,5538,53845,808,388,420
40020,62016,8162,29859,5540,53853,808,388,420
40025,62020,8163,29861,5541,53857,808,388,420
40030,62030,8164,29863,5541,53865,808,388,420
40035,62036,8166,29866,5543,53870,808,388,420
40040,62047,8168,29872,5544,53879,808,388,420
40045,62051,8168,29873,5544,53883,808,388,420
40050,62061,8169,29880,5544,53891,808,388,420
40055,62067,8171,29884,5545,53896,808,388,420
40060,62078,8173,29890,5547,53905,808,388,420
40065,62082,8173,29892,5547,53909,808,388,420
40070,62092,8175,29898,5548,53917,808,388,420
40075,62098,8176,29902,5549,53921,808,388,420
40080,62109,8180,29908,5552,53929,809,389,420
40085,62113,8181,29910,5553,53932,809,389,420
40090,62123,8183,29915,5553,53940,809,389,420
40095,62129,8184,29918,5553,53945,809,389,420
40100,62140,8185,29926,5554,53955,809,389,420
40105,62144,8186,29928,5555,53958,809,389,420
40110,62154,8187,29932,5556,53967,809,389,420
40115,62160,8188,29933,5557,53972,809,389,420
40120,62171,8190,29938,5559,53981,809,389,420
40125,62175,8190,29939,5559,53985,809,389,420
40130,62185,8191,29943,5560,53993,809,389,420
40135,62191,8193,29946,5561,53997,809,389,420
40140,62202,8196,29951,5564,54006,809,389,420
40145,62206,8196,29953,5564,54010,809,389,420
40150,62216,8197,29959,5564,54018,809,389,420
40155,62222,8199,29963,5566,54022,809,389,420
40160,62233,8201,29965,5567,54032,809,389,420
40165,62237,8202,29968,5568,54035,809,389,420
40170,62247,8203,29971,5568,54043,809,389,420
40175,62253,8205,29973,5569,54048,809,389,420
40180,62264,8206,29979,5569,54058,809,389,420
40185,62268,8206,29979,5569,54062,809,389,420
40190,62278,8207,29982,5569,54071,809,389,420
40195,62284,8208,29987,5570,54075,809,389,420
40200,62295,8212,29990,5573,54083,810,390,420
40205,62299,8212,29991,5573,54087,810,390,420
40210,62309,8213,29998,5573,54096,810,390,420
40215,62315,8213,30001,5573,54102,810,390,420
40220,62326,8213,30005,5573,54113,810,390,420
40225,62330,8213,30006,5573,54117,810,390,420
40230,62340,8214,30012,5574,54126,810,390,420
40235,62346,8214,30013,5574,54132,810,390,420
40240,62357,8215,30019,5575,54142,810,390,420
40245,62361,8215,30021,5575,54146,810,390,420
40250,62371,8216,30026,5576,54155,810,390,420
40255,62377,8216,30028,5576,54161,810,390,420
40260,62388,8216,30033,5576,54172,810,390,420
40265,62392,8216,30033,5576,54176,810,390,420
40270,62402,8217,30040,5577,54185,810,390,420
40275,62408,8217,30042,5577,54191,810,390,420
40280,62419,8218,30047,5578,54201,810,390,420
40285,62423,8218,30047,5578,54205,810,390,420
40290,62433,8219,30052,5579,54214,810,390,420
40295,62439,8219,30055,5579,54220,810,390,420
40300,62450,8220,30061,5580,54230,810,390,420
40305,62454,8220,30062,5580,54234,810,390,420
40310,62464,8222,30066,5581,54242,810,390,420
40315,62470,8223,30067,5581,54247,810,390,420
40320,62481,8226,30073,5584,54254,811,390,421
40325,62485,8228,30074,5586,54257,811,390,421
40330,62495,8230,30083,5587,54265,811,390,421
40335,62501,8231,30085,5587,54270,811,390,421
40340,62512,8232,30090,5587,54280,811,390,421
40345,62516,8232,30091,5587,54284,811,390,421
40350,62526,8234,30095,5588,54292,811,390,421
40355,62532,8235,30100,5589,54297,811,390,421
40360,62543,8236,30106,5589,54307,811,390,421
40365,62547,8236,30108,5589,54311,811,390,421
40370,62557,8238,30115,5591,54319,811,390,421
40375,62563,8239,30119,5592,54324,811,390,421
40380,62574,8240,30123,5593,54334,811,390,421
40385,62578,8241,30125,5594,54337,811,390,421
40390,62588,8243,30130,5595,54345,811,390,421
40395,62594,8244,30131,5595,54350,811,390,421
40400,62605,8245,30136,5596,54360,811,390,421
40405,62609,8245,30138,5596,54364,811,390,421
40410,62619,8247,30141,5597,54372,811,390,421
40415,62625,8248,30143,5598,54377,811,390,421
40420,62636,8249,30147,5598,54387,811,390,421
40425,62640,8249,30150,5598,54391,811,390,421
40430,62650,8251,30154,5599,54399,811,390,421
40435,62656,8252,30156,5599,54403,811,390,421
40440,62667,8256,30161,5603,54411,812,390,422
40445,62671,8256,30163,5603,54415,812,390,422
40450,62681,8257,30166,5603,54424,812,390,422
40455,62687,8258,30170,5603,54428,812,390,422
40460,62698,8260,30177,5605,54438,812,390,422
40465,62702,8260,30179,5605,54442,812,390,422
40470,62712,8261,30187,5606,54450,812,390,422
40475,62718,8263,30190,5607,54455,812,390,422
40480,62729,8263,30195,5607,54466,812,390,422
40485,62733,8263,30197,5607,54470,812,390,422
40490,62743,8264,30201,5607,54478,812,390,422
40495,62749,8266,30205,5609,54483,812,390,422
40500,62760,8266,30211,5609,54494,812,390,422
40505,62764,8266,30212,5609,54498,812,390,422
40510,62774,8267,30216,5610,54506,812,390,422
40515,62780,8269,30217,5612,54511,812,390,422
40520,62791,8270,30222,5613,54521,812,390,422
40525,62795,8270,30225,5613,54525,812,390,422
40530,62805,8271,30229,5613,54534,812,390,422
40535,62811,8272,30231,5613,54539,812,390,422
40540,62822,8272,30236,5613,54550,812,390,422
40545,62826,8272,30237,5613,54554,812,390,422
40550,62836,8274,30242,5615,54562,812,390,422
40555,62842,8275,30243,5615,54567,812,390,422
40560,62853,8277,30249,5617,54576,812,390,422
40565,62857,8279,30253,5619,54578,812,390,422
40570,62867,8281,30257,5619,54586,812,390,422
40575,62873,8281,30260,5619,54591,812,390,422
40580,62884,8283,30264,5620,54601,812,390,422
40585,62888,8283,30264,5620,54605,812,390,422
40590,62898,8285,30267,5621,54613,812,390,422
40595,62904,8285,30270,5621,54618,812,390,422
40600,62915,8287,30274,5622,54628,812,390,422
40605,62919,8288,30276,5623,54631,812,390,422
40610,62929,8290,30279,5623,54639,812,390,422
40615,62935,8290,30283,5623,54644,812,390,422
40620,62946,8292,30285,5625,54654,812,390,422
40625,62950,8293,30287,5626,54657,812,390,422
40630,62960,8295,30292,5626,54664,812,390,422
40635,62966,8297,30294,5627,54668,812,390,422
40640,62977,8300,30300,5630,54677,812,390,422
40645,62981,8301,30303,5631,54680,812,390,422
40650,62991,8303,30309,5633,54687,812,390,422
40655,62997,8305,30313,5634,54691,812,390,422
40660,63008,8307,30317,5636,54701,812,390,422
40665,63012,8307,30319,5636,54705,812,390,422
40670,63022,8309,30322,5637,54713,812,390,422
40675,63028,8310,30325,5637,54717,812,390,422
40680,63039,8313,30331,5639,54725,812,390,422
40685,63043,8314,30333,5640,54729,812,390,422
40690,63053,8314,30336,5640,54739,812,390,422
40695,63059,8314,30340,5640,54745,812,390,422
40700,63070,8314,30347,5640,54756,812,390,422
40705,63074,8314,30349,5640,54760,812,390,422
40710,63084,8314,30353,5640,54770,812,390,422
40715,63090,8314,30354,5640,54776,812,390,422
40720,63101,8314,30362,5640,54787,812,390,422
40725,63105,8314,30364,5640,54791,812,390,422
40730,63115,8314,30370,5640,54801,812,390,422
40735,63121,8314,30372,5640,54807,812,390,422
40740,63132,8314,30378,5640,54818,812,390,422
40745,63136,8314,30379,5640,54822,812,390,422
40750,63146,8315,30383,5641,54831,812,390,422
40755,63152,8315,30387,5641,54837,812,390,422
40760,63163,8316,30397,5642,54847,812,390,422
40765,63167,8316,30400,5642,54851,812,390,422
40770,63177,8317,30405,5643,54860,812,390,422
40775,63183,8317,30407,5643,54865,812,390,422
40780,63194,8318,30413,5644,54876,812,390,422
40785,63198,8319,30415,5645,54879,812,390,422
40790,63208,8320,30418,5646,54887,812,390,422
40795,63214,8322,30418,5647,54892,812,390,422
40800,63225,8325,30421,5649,54900,813,390,423
40805,63229,8325,30423,5649,54904,813,390,423
40810,63239,8327,30428,5651,54912,813,390,423
40815,63245,8328,30429,5651,54917,813,390,423
40820,63256,8329,30437,5652,54927,813,390,423
40825,63260,8329,30438,5652,54931,813,390,423
40830,63270,8331,30442,5653,54939,813,390,423
40835,63276,8332,30444,5653,54944,813,390,423
40840,63287,8333,30447,5653,54954,813,390,423
40845,63291,8333,30449,5653,54958,813,390,423
40850,63301,8335,30454,5654,54966,813,390,423
40855,63307,8336,30456,5654,54971,813,390,423
40860,63318,8337,30461,5654,54981,813,390,423
40865,63322,8338,30464,5655,54984,813,390,423
40870,63332,8340,30469,5656,54992,813,390,423
40875,63338,8341,30472,5657,54997,813,390,423
40880,63349,8342,30477,5657,55007,813,390,423
40885,63353,8342,30479,5657,55011,813,390,423
40890,63363,8344,30482,5658,55019,813,390,423
40895,63369,8345,30484,5658,55024,813,390,423
40900,63380,8346,30490,5658,55034,813,390,423
40905,63384,8347,30492,5659,55037,813,390,423
40910,63394,8349,30497,5660,55045,813,390,423
40915,63400,8350,30501,5660,55049,813,390,423
40920,63411,8355,30507,5664,55056,814,390,424
40925,63415,8355,30509,5664,55060,814,390,424
40930,63425,8356,30514,5665,55069,814,390,424
40935,63431,8356,30517,5665,55074,814,390,424
40940,63442,8358,30521,5666,55084,814,390,424
40945,63446,8358,30524,5666,55088,814,390,424
40950,63456,8359,30530,5667,55097,814,390,424
40955,63462,8359,30534,5667,55102,814,390,424
40960,63473,8361,30537,5668,55112,814,390,424
40965,63477,8361,30538,5668,55116,814,390,424
40970,63487,8362,30543,5668,55125,814,390,424
40975,63493,8362,30547,5668,55131,814,390,424
40980,63504,8363,30554,5669,55141,814,390,424
40985,63508,8363,30556,5669,55145,814,390,424
40990,63518,8364,30564,5669,55154,814,390,424
40995,63524,8364,30566,5669,55160,814,390,424
41000,63535,8365,30567,5669,55170,814,390,424
41005,63539,8365,30570,5669,55174,814,390,424
41010,63549,8366,30573,5669,55183,814,390,424
41015,63555,8366,30577,5669,55189,814,390,424
41020,63566,8367,30583,5670,55199,814,390,424
41025,63570,8367,30585,5670,55203,814,390,424
41030,63580,8369,30590,5671,55211,814,390,424
41035,63586,8370,30593,5671,55216,814,390,424
41040,63597,8372,30597,5672,55225,815,390,425
41045,63601,8373,30599,5673,55228,815,390,425
41050,63611,8374,30607,5673,55236,815,390,425
41055,63617,8376,30610,5674,55240,815,390,425
41060,63628,8377,30613,5675,55251,815,390,425
41065,63632,8378,30615,5676,55254,815,390,425
41070,63642,8379,30619,5676,55262,815,390,425
41075,63648,8381,30620,5678,55267,815,390,425
41080,63659,8382,30623,5679,55277,815,390,425
41085,63663,8382,30624,5679,55281,815,390,425
41090,63673,8383,30630,5680,55289,815,390,425
41095,63679,8385,30634,5682,55293,815,390,425
41100,63690,8386,30639,5683,55304,815,390,425
41105,63694,8386,30640,5683,55308,815,390,425
41110,63704,8387,30645,5683,55317,815,390,425
41115,63710,8387,30647,5683,55323,815,390,425
41120,63721,8387,30651,5683,55334,815,390,425
41125,63725,8387,30652,5683,55338,815,390,425
41130,63735,8388,30661,5684,55347,815,390,425
41135,63741,8388,30662,5684,55353,815,390,425
41140,63752,8388,30667,5684,55364,815,390,425
41145,63756,8388,30670,5684,55368,815,390,425
41150,63766,8390,30677,5686,55376,815,390,425
41155,63772,8390,30680,5686,55381,815,390,425
41160,63783,8393,30686,5689,55390,816,391,425
41165,63787,8393,30688,5689,55394,816,391,425
41170,63797,8395,30693,5690,55402,816,391,425
41175,63803,8395,30694,5690,55407,816,391,425
41180,63814,8397,30699,5691,55417,816,391,425
41185,63818,8397,30702,5691,55421,816,391,425
41190,63828,8399,30707,5692,55429,816,391,425
41195,63834,8399,30712,5692,55434,816,391,425
41200,63845,8402,30718,5695,55443,816,391,425
41205,63849,8402,30721,5695,55447,816,391,425
41210,63859,8404,30724,5695,55455,816,391,425
41215,63865,8405,30725,5695,55459,816,391,425
41220,63876,8408,30732,5697,55468,816,391,425
41225,63880,8408,30735,5697,55472,816,391,425
41230,63890,8410,30738,5698,55479,816,391,425
41235,63896,8412,30741,5700,55484,816,391,425
41240,63907,8413,30747,5700,55494,816,391,425
41245,63911,8414,30749,5701,55497,816,391,425
41250,63921,8416,30754,5701,55504,816,391,425
41255,63927,8418,30756,5703,55509,816,391,425
41260,63938,8419,30763,5703,55519,816,391,425
41265,63942,8420,30765,5704,55522,816,391,425
41270,63952,8422,30771,5706,55529,816,391,425
41275,63958,8424,30773,5707,55533,816,391,425
41280,63969,8427,30780,5710,55542,816,391,425
41285,63973,8428,30782,5711,55545,816,391,425
41290,63983,8429,30787,5711,55554,816,391,425
41295,63989,8430,30789,5711,55559,816,391,425
41300,64000,8430,30792,5711,55570,817,392,425
41305,64004,8430,30796,5711,55574,817,392,425
41310,64014,8431,30802,5712,55583,817,392,425
41315,64020,8432,30804,5713,55588,817,392,425
41320,64031,8433,30812,5714,55598,817,392,425
41325,64035,8433,30815,5714,55602,817,392,425
41330,64045,8434,30820,5714,55611,817,392,425
41335,64051,8435,30821,5714,55616,817,392,425
41340,64062,8436,30825,5715,55626,817,392,425
41345,64066,8437,30827,5716,55629,817,392,425
41350,64076,8437,30834,5716,55638,817,392,425
41355,64082,8439,30837,5718,55643,817,392,425
41360,64093,8439,30844,5718,55654,818,393,425
41365,64097,8439,30846,5718,55658,818,393,425
41370,64107,8439,30851,5718,55668,818,393,425
41375,64113,8440,30853,5718,55673,818,393,425
41380,64124,8440,30859,5718,55684,819,394,425
41385,64128,8440,30862,5718,55688,819,394,425
41390,64138,8441,30869,5719,55697,819,394,425
41395,64144,8442,30871,5719,55702,819,394,425
41400,64155,8444,30879,5720,55711,819,394,425
41405,64159,8445,30880,5721,55714,819,394,425
41410,64169,8446,30884,5722,55723,819,394,425
41415,64175,8447,30887,5723,55728,819,394,425
41420,64186,8448,30894,5724,55738,819,394,425
41425,64190,8449,30897,5725,55741,819,394,425
41430,64200,8450,30901,5725,55750,819,394,425
41435,64206,8451,30904,5726,55755,819,394,425
41440,64217,8452,30909,5727,55765,819,394,425
41445,64221,8452,30911,5727,55769,819,394,425
41450,64231,8454,30915,5728,55777,819,394,425
41455,64237,8455,30916,5728,55782,819,394,425
41460,64248,8456,30922,5729,55792,819,394,425
41465,64252,8456,30924,5729,55796,819,394,425
41470,64262,8458,30928,5731,55804,819,394,425
41475,64268,8459,30929,5731,55809,819,394,425
41480,64279,8461,30934,5732,55818,820,394,426
41485,64283,8461,30935,5732,55822,820,394,426
41490,64293,8463,30940,5733,55829,820,394,426
41495,64299,8465,30944,5734,55834,820,394,426
41500,64310,8467,30951,5736,55843,821,394,427
41505,64314,8467,30953,5736,55847,821,394,427
41510,64324,8469,30958,5737,55855,821,394,427
41515,64330,8470,30961,5737,55859,821,394,427
41520,64341,8472,30964,5738,55869,822,394,428
41525,64345,8473,30967,5739,55872,822,394,428
41530,64355,8475,30973,5740,55880,822,394,428
41535,64361,8475,30975,5740,55886,822,394,428
41540,64372,8476,30981,5740,55896,822,394,428
41545,64376,8476,30983,5740,55900,822,394,428
41550,64386,8478,30988,5741,55908,822,394,428
41555,64392,8478,30990,5741,55914,822,394,428
41560,64403,8479,30995,5742,55924,822,394,428
41565,64407,8481,30998,5744,55926,822,394,428
41570,64417,8483,31003,5745,55934,822,394,428
41575,64423,8483,31006,5745,55940,822,394,428
41580,64434,8484,31013,5746,55950,822,394,428
41585,64438,8485,31014,5747,55953,822,394,428
41590,64448,8487,31019,5749,55961,822,394,428
41595,64454,8487,31023,5749,55966,822,394,428
41600,64465,8489,31029,5751,55976,822,394,428
41605,64469,8491,31032,5753,55978,822,394,428
41610,64479,8493,31037,5753,55986,822,394,428
41615,64485,8493,31040,5753,55991,822,394,428
41620,64496,8495,31045,5754,56001,822,394,428
41625,64500,8496,31047,5755,56004,822,394,428
41630,64510,8498,31053,5756,56012,822,394,428
41635,64516,8498,31056,5756,56018,822,394,428
41640,64527,8500,31060,5757,56027,823,394,429
41645,64531,8500,31064,5757,56031,823,394,429
41650,64541,8502,31071,5758,56038,823,394,429
41655,64547,8504,31074,5760,56043,823,394,429
41660,64558,8506,31078,5761,56052,824,395,429
41665,64562,8506,31081,5761,56056,824,395,429
41670,64572,8508,31086,5762,56063,824,395,429
41675,64578,8510,31090,5763,56067,824,395,429
41680,64589,8514,31097,5767,56075,825,395,430
41685,64593,8514,31098,5767,56079,825,395,430
41690,64603,8516,31100,5767,56087,825,395,430
41695,64609,8517,31102,5768,56092,825,395,430
41700,64620,8520,31106,5770,56100,826,395,431
41705,64624,8520,31108,5770,56104,826,395,431
41710,64634,8520,31114,5770,56113,826,395,431
41715,64640,8522,31116,5771,56118,826,395,431
41720,64651,8525,31123,5773,56126,826,395,431
41725,64655,8525,31125,5773,56130,826,395,431
41730,64665,8525,31130,5773,56140,826,395,431
41735,64671,8526,31132,5773,56145,826,395,431
41740,64682,8528,31138,5775,56154,826,395,431
41745,64686,8529,31141,5776,56157,826,395,431
41750,64696,8529,31149,5776,56167,826,395,431
41755,64702,8530,31150,5776,56172,826,395,431
41760,64713,8533,31159,5779,56180,826,395,431
41765,64717,8533,31160,5779,56184,826,395,431
41770,64727,8533,31166,5779,56194,826,395,431
41775,64733,8534,31171,5780,56199,826,395,431
41780,64744,8536,31179,5782,56208,826,395,431
41785,64748,8536,31181,5782,56212,826,395,431
41790,64758,8536,31185,5782,56222,826,395,431
41795,64764,8537,31188,5783,56227,826,395,431
41800,64775,8539,31194,5785,56236,826,395,431
41805,64779,8539,31195,5785,56240,826,395,431
41810,64789,8541,31198,5786,56248,826,395,431
41815,64795,8542,31200,5787,56253,826,395,431
41820,64806,8543,31204,5787,56262,827,395,432
41825,64810,8544,31207,5788,56266,827,395,432
41830,64820,8545,31213,5789,56275,827,395,432
41835,64826,8546,31218,5790,56280,827,395,432
41840,64837,8546,31222,5790,56291,827,395,432
41845,64841,8547,31224,5791,56294,827,395,432
41850,64851,8548,31231,5792,56303,827,395,432
41855,64857,8549,31233,5793,56308,827,395,432
41860,64868,8549,31239,5793,56319,827,395,432
41865,64872,8549,31240,5793,56323,827,395,432
41870,64882,8550,31245,5794,56331,827,395,432
41875,64888,8552,31247,5795,56336,827,395,432
41880,64899,8552,31254,5795,56347,827,395,432
41885,64903,8552,31257,5795,56351,827,395,432
41890,64913,8554,31264,5797,56359,827,395,432
41895,64919,8555,31268,5798,56364,827,395,432
41900,64930,8556,31274,5799,56374,827,395,432
41905,64934,8556,31275,5799,56378,827,395,432
41910,64944,8558,31279,5800,56386,827,395,432
41915,64950,8559,31282,5801,56391,827,395,432
41920,64961,8561,31286,5802,56400,827,395,432
41925,64965,8561,31287,5802,56404,827,395,432
41930,64975,8563,31291,5803,56412,827,395,432
41935,64981,8564,31295,5803,56417,827,395,432
41940,64992,8566,31300,5805,56426,828,396,432
41945,64996,8566,31302,5805,56430,828,396,432
41950,65006,8568,31308,5807,56437,828,396,432
41955,65012,8570,31311,5809,56442,828,396,432
41960,65023,8572,31316,5811,56451,828,396,432
41965,65027,8573,31318,5812,56454,828,396,432
41970,65037,8575,31322,5813,56461,828,396,432
41975,65043,8577,31325,5815,56466,828,396,432
41980,65054,8578,31330,5816,56476,828,396,432
41985,65058,8578,31331,5816,56480,828,396,432
41990,65068,8580,31335,5817,56487,828,396,432
41995,65074,8582,31337,5818,56492,828,396,432
42000,65085,8583,31339,5819,56502,828,396,432
42005,65089,8584,31340,5820,56505,828,396,432
42010,65099,8586,31345,5821,56512,828,396,432
42015,65105,8588,31348,5823,56517,828,396,432
42020,65116,8589,31350,5824,56527,828,396,432
42025,65120,8591,31354,5826,56529,828,396,432
42030,65130,8593,31360,5828,56536,828,396,432
42035,65136,8595,31362,5830,56541,828,396,432
42040,65147,8597,31368,5831,56550,828,396,432
42045,65151,8597,31369,5831,56554,828,396,432
42050,65161,8599,31375,5832,56561,828,396,432
42055,65167,8601,31378,5833,56565,828,396,432
42060,65178,8603,31382,5834,56575,829,397,432
42065,65182,8603,31383,5834,56579,829,397,432
42070,65192,8605,31388,5834,56587,829,397,432
42075,65198,8605,31391,5834,56592,829,397,432
42080,65209,8607,31396,5835,56602,829,397,432
42085,65213,8607,31399,5835,56606,829,397,432
42090,65223,8609,31403,5835,56614,829,397,432
42095,65229,8609,31407,5835,56619,829,397,432
42100,65240,8611,31412,5837,56629,829,397,432
42105,65244,8611,31415,5837,56633,829,397,432
42110,65254,8613,31422,5838,56641,829,397,432
42115,65260,8613,31422,5838,56647,829,397,432
42120,65271,8614,31426,5838,56657,829,397,432
42125,65275,8614,31427,5838,56661,829,397,432
42130,65285,8616,31434,5839,56669,829,397,432
42135,65291,8616,31440,5839,56674,829,397,432
42140,65302,8618,31445,5840,56684,829,397,432
42145,65306,8618,31448,5840,56688,829,397,432
42150,65316,8620,31453,5840,56696,829,397,432
42155,65322,8620,31457,5840,56702,829,397,432
42160,65333,8621,31462,5840,56712,829,397,432
42165,65337,8621,31462,5840,56716,829,397,432
42170,65347,8623,31466,5840,56724,829,397,432
42175,65353,8624,31468,5841,56729,829,397,432
42180,65364,8626,31472,5843,56738,829,397,432
42185,65368,8627,31474,5844,56741,829,397,432
42190,65378,8628,31479,5844,56750,829,397,432
42195,65384,8629,31483,5845,56755,829,397,432
42200,65395,8629,31490,5845,56766,829,397,432
42205,65399,8629,31491,5845,56770,829,397,432
42210,65409,8630,31498,5845,56779,829,397,432
42215,65415,8631,31503,5845,56784,829,397,432
42220,65426,8631,31509,5845,56795,829,397,432
42225,65430,8631,31511,5845,56799,829,397,432
42230,65440,8632,31518,5846,56808,829,397,432
42235,65446,8633,31522,5847,56813,829,397,432
42240,65457,8634,31526,5848,56823,829,397,432
42245,65461,8634,31526,5848,56827,829,397,432
42250,65471,8635,31533,5849,56836,829,397,432
42255,65477,8636,31536,5849,56841,829,397,432
42260,65488,8636,31540,5849,56852,829,397,432
42265,65492,8636,31542,5849,56856,829,397,432
42270,65502,8637,31545,5849,56865,829,397,432
42275,65508,8638,31548,5849,56870,829,397,432
42280,65519,8638,31552,5849,56881,829,397,432
42285,65523,8638,31555,5849,56885,829,397,432
42290,65533,8640,31560,5849,56892,829,397,432
42295,65539,8642,31562,5851,56897,829,397,432
42300,65550,8644,31567,5852,56906,830,398,432
42305,65554,8646,31570,5854,56908,830,398,432
42310,65564,8646,31575,5854,56917,830,398,432
42315,65570,8648,31579,5855,56922,830,398,432
42320,65581,8649,31583,5856,56932,830,398,432
42325,65585,8650,31585,5857,56935,830,398,432
42330,65595,8650,31591,5857,56944,830,398,432
42335,65601,8652,31595,5859,56949,830,398,432
42340,65612,8654,31603,5861,56958,830,398,432
42345,65616,8654,31604,5861,56962,830,398,432
42350,65626,8654,31608,5861,56971,830,398,432
42355,65632,8656,31611,5863,56976,830,398,432
42360,65643,8658,31618,5864,56985,830,398,432
42365,65647,8658,31620,5864,56989,830,398,432
42370,65657,8658,31625,5864,56999,830,398,432
42375,65663,8658,31627,5864,57005,830,398,432
42380,65674,8660,31633,5866,57014,830,398,432
42385,65678,8660,31635,5866,57018,830,398,432
42390,65688,8660,31641,5866,57028,830,398,432
42395,65694,8660,31645,5866,57034,830,398,432
42400,65705,8661,31650,5867,57044,830,398,432
42405,65709,8661,31653,5867,57048,830,398,432
42410,65719,8662,31659,5868,57057,830,398,432
42415,65725,8662,31661,5868,57063,830,398,432
42420,65736,8664,31663,5869,57072,831,398,433
42425,65740,8665,31665,5870,57075,831,398,433
42430,65750,8666,31667,5871,57084,831,398,433
42435,65756,8667,31671,5872,57089,831,398,433
42440,65767,8668,31676,5873,57099,831,398,433
42445,65771,8668,31679,5873,57103,831,398,433
42450,65781,8669,31683,5874,57112,831,398,433
42455,65787,8670,31687,5875,57116,831,398,433
42460,65798,8671,31692,5876,57127,831,398,433
42465,65802,8671,31695,5876,57131,831,398,433
42470,65812,8672,31702,5877,57139,831,398,433
42475,65818,8674,31705,5878,57143,831,398,433
42480,65829,8676,31708,5880,57153,831,398,433
42485,65833,8677,31710,5881,57156,831,398,433
42490,65843,8678,31716,5881,57164,831,398,433
42495,65849,8680,31717,5882,57169,831,398,433
42500,65860,8680,31723,5882,57180,831,398,433
42505,65864,8681,31727,5883,57183,831,398,433
42510,65874,8682,31733,5884,57192,831,398,433
42515,65880,8683,31738,5885,57197,831,398,433
42520,65891,8683,31744,5885,57208,831,398,433
42525,65895,8684,31746,5886,57211,831,398,433
42530,65905,8686,31752,5887,57218,831,398,433
42535,65911,8688,31752,5888,57223,831,398,433
42540,65922,8690,31756,5889,57232,832,398,434
42545,65926,8690,31757,5889,57236,832,398,434
42550,65936,8692,31757,5889,57244,832,398,434
42555,65942,8693,31758,5889,57249,832,398,434
42560,65953,8695,31767,5890,57258,832,398,434
42565,65957,8695,31770,5890,57262,832,398,434
42570,65967,8697,31773,5890,57270,832,398,434
42575,65973,8698,31779,5891,57275,832,398,434
42580,65984,8700,31785,5893,57284,832,398,434
42585,65988,8700,31787,5893,57288,832,398,434
42590,65998,8702,31792,5893,57296,832,398,434
42595,66004,8703,31793,5893,57301,832,398,434
42600,66015,8704,31799,5893,57311,832,398,434
42605,66019,8704,31800,5893,57315,832,398,434
42610,66029,8706,31805,5895,57322,832,398,434
42615,66035,8708,31808,5896,57327,832,398,434
42620,66046,8710,31813,5898,57336,832,398,434
42625,66050,8710,31816,5898,57340,832,398,434
42630,66060,8712,31821,5900,57348,832,398,434
42635,66066,8713,31824,5901,57353,832,398,434
42640,66077,8715,31827,5902,57362,832,398,434
42645,66081,8715,31828,5902,57366,832,398,434
42650,66091,8717,31833,5903,57374,832,398,434
42655,66097,8718,31837,5903,57378,832,398,434
42660,66108,8721,31844,5906,57387,833,399,434
42665,66112,8722,31847,5907,57390,833,399,434
42670,66122,8722,31850,5907,57400,833,399,434
42675,66128,8722,31852,5907,57406,833,399,434
42680,66139,8723,31859,5908,57416,833,399,434
42685,66143,8723,31860,5908,57420,833,399,434
42690,66153,8723,31866,5908,57430,833,399,434
42695,66159,8723,31869,5908,57436,833,399,434
42700,66170,8724,31871,5909,57446,833,399,434
42705,66174,8724,31873,5909,57450,833,399,434
42710,66184,8724,31876,5909,57460,833,399,434
42715,66190,8724,31878,5909,57466,833,399,434
42720,66201,8725,31882,5910,57476,833,399,434
42725,66205,8725,31883,5910,57480,833,399,434
42730,66215,8725,31887,5910,57490,833,399,434
42735,66221,8725,31890,5910,57496,833,399,434
42740,66232,8726,31895,5910,57506,833,399,434
42745,66236,8726,31897,5910,57510,833,399,434
42750,66246,8726,31903,5910,57520,833,399,434
42755,66252,8726,31905,5910,57526,833,399,434
42760,66263,8727,31912,5911,57536,833,399,434
42765,66267,8727,31913,5911,57540,833,399,434
42770,66277,8729,31920,5912,57548,833,399,434
42775,66283,8730,31924,5912,57552,833,399,434
42780,66294,8734,31929,5915,57560,834,400,434
42785,66298,8735,31932,5916,57563,834,400,434
42790,66308,8735,31937,5916,57572,834,400,434
42795,66314,8737,31941,5918,57577,834,400,434
42800,66325,8739,31946,5919,57586,834,400,434
42805,66329,8740,31948,5920,57589,834,400,434
42810,66339,8740,31951,5920,57599,834,400,434
42815,66345,8741,31953,5920,57604,834,400,434
42820,66356,8743,31956,5921,57613,834,400,434
42825,66360,8744,31957,5922,57616,834,400,434
42830,66370,8744,31963,5922,57625,834,400,434
42835,66376,8746,31966,5923,57630,834,400,434
42840,66387,8748,31970,5925,57639,834,400,434
42845,66391,8749,31972,5926,57642,834,400,434
42850,66401,8749,31977,5926,57651,834,400,434
42855,66407,8751,31978,5927,57656,834,400,434
42860,66418,8754,31983,5929,57664,834,400,434
42865,66422,8754,31985,5929,57668,834,400,434
42870,66432,8754,31989,5929,57677,834,400,434
42875,66438,8756,31992,5931,57682,834,400,434
42880,66449,8759,31999,5933,57690,834,400,434
42885,66453,8759,32000,5933,57694,834,400,434
42890,66463,8761,32004,5933,57702,834,400,434
42895,66469,8762,32007,5934,57707,834,400,434
42900,66480,8765,32014,5937,57715,835,400,435
42905,66484,8765,32017,5937,57719,835,400,435
42910,66494,8766,32021,5938,57728,835,400,435
42915,66500,8766,32021,5938,57734,835,400,435
42920,66511,8767,32029,5939,57744,835,400,435
42925,66515,8767,32032,5939,57748,835,400,435
42930,66525,8768,32036,5939,57757,835,400,435
42935,66531,8768,32038,5939,57763,835,400,435
42940,66542,8768,32042,5939,57774,835,400,435
42945,66546,8768,32042,5939,57778,835,400,435
42950,66556,8769,32046,5939,57787,835,400,435
42955,66562,8769,32048,5939,57793,835,400,435
42960,66573,8770,32053,5940,57803,835,400,435
42965,66577,8770,32056,5940,57807,835,400,435
42970,66587,8771,32061,5941,57816,835,400,435
42975,66593,8771,32064,5941,57821,835,400,435
42980,66604,8773,32069,5943,57831,835,400,435
42985,66608,8773,32071,5943,57835,835,400,435
42990,66618,8774,32076,5944,57844,835,400,435
42995,66624,8774,32079,5944,57849,835,400,435
43000,66635,8776,32084,5946,57859,835,400,435
43005,66639,8776,32087,5946,57863,835,400,435
43010,66649,8778,32091,5948,57871,835,400,435
43015,66655,8778,32095,5948,57876,835,400,435
43020,66666,8782,32100,5951,57883,836,400,436
43025,66670,8784,32101,5953,57886,836,400,436
43030,66680,8786,32106,5953,57894,836,400,436
43035,66686,8787,32111,5954,57899,836,400,436
43040,66697,8788,32119,5955,57909,836,400,436
43045,66701,8788,32120,5955,57913,836,400,436
43050,66711,8790,32127,5956,57921,836,400,436
43055,66717,8791,32129,5957,57926,836,400,436
43060,66728,8793,32135,5958,57935,836,400,436
43065,66732,8793,32135,5958,57939,836,400,436
43070,66742,8795,32140,5959,57947,836,400,436
43075,66748,8796,32144,5960,57952,836,400,436
43080,66759,8797,32146,5961,57962,836,400,436
43085,66763,8798,32148,5962,57965,836,400,436
43090,66773,8800,32153,5963,57973,836,400,436
43095,66779,8801,32157,5964,57978,836,400,436
43100,66790,8803,32161,5965,57987,836,400,436
43105,66794,8803,32163,5965,57991,836,400,436
43110,66804,8805,32170,5967,57999,836,400,436
43115,66810,8806,32173,5967,58004,836,400,436
43120,66821,8808,32178,5968,58013,836,400,436
43125,66825,8808,32179,5968,58017,836,400,436
43130,66835,8810,32184,5970,58025,836,400,436
43135,66841,8811,32189,5971,58029,836,400,436
43140,66852,8815,32195,5974,58036,837,401,436
43145,66856,8816,32197,5975,58040,837,401,436
43150,66866,8817,32203,5975,58049,837,401,436
43155,66872,8818,32206,5976,58053,837,401,436
43160,66883,8819,32210,5977,58064,837,401,436
43165,66887,8820,32212,5978,58067,837,401,436
43170,66897,8821,32217,5979,58076,837,401,436
43175,66903,8822,32221,5979,58081,837,401,436
43180,66914,8822,32222,5979,58092,837,401,436
43185,66918,8823,32224,5980,58095,837,401,436
43190,66928,8824,32230,5981,58104,837,401,436
43195,66934,8825,32232,5981,58109,837,401,436
43200,66945,8825,32240,5981,58120,837,401,436
43205,66949,8825,32241,5981,58124,837,401,436
43210,66959,8827,32243,5982,58132,837,401,436
43215,66965,8828,32246,5983,58136,837,401,436
43220,66976,8829,32255,5984,58147,837,401,436
43225,66980,8830,32257,5985,58150,837,401,436
43230,66990,8832,32261,5986,58158,837,401,436
43235,66996,8833,32263,5986,58162,837,401,436
43240,67007,8835,32272,5988,58172,837,401,436
43245,67011,8835,32273,5988,58176,837,401,436
43250,67021,8837,32277,5988,58184,837,401,436
43255,67027,8838,32280,5988,58188,837,401,436
43260,67038,8843,32288,5992,58195,838,401,437
43265,67042,8843,32290,5992,58199,838,401,437
43270,67052,8843,32296,5992,58209,838,401,437
43275,67058,8844,32300,5993,58214,838,401,437
43280,67069,8845,32305,5994,58224,838,401,437
43285,67073,8845,32308,5994,58228,838,401,437
43290,67083,8845,32312,5994,58238,838,401,437
43295,67089,8846,32315,5994,58243,838,401,437
43300,67100,8848,32322,5996,58252,838,401,437
43305,67104,8848,32323,5996,58256,838,401,437
43310,67114,8848,32328,5996,58266,838,401,437
43315,67120,8849,32329,5997,58271,838,401,437
43320,67131,8851,32332,5998,58280,838,401,437
43325,67135,8851,32333,5998,58284,838,401,437
43330,67145,8851,32342,5998,58294,838,401,437
43335,67151,8852,32345,5999,58299,838,401,437
43340,67162,8853,32351,6000,58309,838,401,437
43345,67166,8853,32354,6000,58313,838,401,437
43350,67176,8853,32361,6000,58322,838,401,437
43355,67182,8855,32364,6002,58327,838,401,437
43360,67193,8856,32370,6003,58337,838,401,437
43365,67197,8856,32372,6003,58341,838,401,437
43370,67207,8858,32377,6003,58349,838,401,437
43375,67213,8859,32378,6003,58354,838,401,437
43380,67224,8860,32383,6004,58364,839,402,437
43385,67228,8861,32384,6005,58367,839,402,437
43390,67238,8863,32389,6006,58375,839,402,437
43395,67244,8863,32391,6006,58381,839,402,437
43400,67255,8864,32394,6007,58391,839,402,437
43405,67259,8865,32398,6008,58394,839,402,437
43410,67269,8867,32405,6010,58402,839,402,437
43415,67275,8867,32406,6010,58408,839,402,437
43420,67286,8868,32408,6010,58418,839,402,437
43425,67290,8868,32410,6010,58422,839,402,437
43430,67300,8870,32418,6011,58430,839,402,437
43435,67306,8870,32422,6011,58436,839,402,437
43440,67317,8871,32427,6012,58446,839,402,437
43445,67321,8871,32429,6012,58450,839,402,437
43450,67331,8873,32434,6013,58458,839,402,437
43455,67337,8873,32437,6013,58463,839,402,437
43460,67348,8875,32444,6015,58473,839,402,437
43465,67352,8875,32447,6015,58477,839,402,437
43470,67362,8877,32449,6015,58485,839,402,437
43475,67368,8877,32453,6015,58490,839,402,437
43480,67379,8878,32457,6016,58501,839,402,437
43485,67383,8878,32457,6016,58505,839,402,437
43490,67393,8880,32463,6017,58513,839,402,437
43495,67399,8881,32466,6018,58517,839,402,437
43500,67410,8883,32471,6020,58527,839,402,437
43505,67414,8883,32472,6020,58531,839,402,437
43510,67424,8883,32477,6020,58541,839,402,437
43515,67430,8884,32479,6020,58546,839,402,437
43520,67441,8886,32486,6021,58555,840,403,437
43525,67445,8886,32487,6021,58559,840,403,437
43530,67455,8886,32492,6021,58569,840,403,437
43535,67461,8887,32495,6022,58574,840,403,437
43540,67472,8888,32500,6022,58584,841,403,438
43545,67476,8888,32502,6022,58588,841,403,438
43550,67486,8888,32507,6022,58598,841,403,438
43555,67492,8889,32511,6023,58603,841,403,438
43560,67503,8890,32514,6023,58613,841,403,438
43565,67507,8890,32515,6023,58617,841,403,438
43570,67517,8890,32520,6023,58627,841,403,438
43575,67523,8891,32523,6024,58632,841,403,438
43580,67534,8892,32528,6025,58642,841,403,438
43585,67538,8893,32530,6026,58645,841,403,438
43590,67548,8893,32534,6026,58655,841,403,438
43595,67554,8894,32537,6026,58660,841,403,438
43600,67565,8896,32544,6027,58669,841,403,438
43605,67569,8897,32546,6028,58672,841,403,438
43610,67579,8899,32552,6029,58680,841,403,438
43615,67585,8900,32556,6030,58684,841,403,438
43620,67596,8903,32564,6033,58693,841,403,438
43625,67600,8904,32565,6034,58696,841,403,438
43630,67610,8906,32572,6036,58704,841,403,438
43635,67616,8907,32576,6036,58708,841,403,438
43640,67627,8910,32582,6039,58717,842,403,439
43645,67631,8911,32586,6040,58720,842,403,439
43650,67641,8913,32589,6040,58728,842,403,439
43655,67647,8914,32593,6041,58732,842,403,439
43660,67658,8915,32596,6042,58743,843,404,439
43665,67662,8915,32597,6042,58747,843,404,439
43670,67672,8917,32601,6043,58754,843,404,439
43675,67678,8919,32605,6044,58758,843,404,439
43680,67689,8921,32610,6046,58768,844,404,440
43685,67693,8922,32612,6047,58771,844,404,440
43690,67703,8923,32612,6047,58780,844,404,440
43695,67709,8924,32615,6047,58784,844,404,440
43700,67720,8925,32618,6048,58795,845,404,441
43705,67724,8926,32620,6049,58798,845,404,441
43710,67734,8927,32627,6050,58807,845,404,441
43715,67740,8928,32632,6050,58811,845,404,441
43720,67751,8929,32636,6051,58822,846,404,442
43725,67755,8929,32638,6051,58826,846,404,442
43730,67765,8930,32642,6052,58835,846,404,442
43735,67771,8931,32645,6052,58840,846,404,442
43740,67782,8932,32649,6052,58849,847,404,443
43745,67786,8935,32651,6055,58851,847,404,443
43750,67796,8937,32656,6057,58859,847,404,443
43755,67802,8938,32659,6058,58864,847,404,443
43760,67813,8939,32664,6058,58874,847,404,443
43765,67817,8939,32665,6058,58878,847,404,443
43770,67827,8941,32668,6059,58886,847,404,443
43775,67833,8942,32672,6060,58891,847,404,443
43780,67844,8943,32675,6060,58901,847,404,443
43785,67848,8944,32678,6061,58904,847,404,443
43790,67858,8946,32681,6062,58912,847,404,443
43795,67864,8947,32684,6062,58917,847,404,443
43800,67875,8948,32687,6063,58927,847,404,443
43805,67879,8948,32690,6063,58931,847,404,443
43810,67889,8950,32696,6064,58938,847,404,443
43815,67895,8952,32698,6066,58943,847,404,443
43820,67906,8954,32707,6068,58952,847,404,443
43825,67910,8954,32709,6068,58956,847,404,443
43830,67920,8956,32715,6069,58964,847,404,443
43835,67926,8957,32718,6069,58969,847,404,443
43840,67937,8958,32725,6070,58979,847,404,443
43845,67941,8958,32726,6070,58983,847,404,443
43850,67951,8960,32727,6070,58990,847,404,443
43855,67957,8962,32730,6071,58994,847,404,443
43860,67968,8964,32735,6072,59003,848,404,444
43865,67972,8965,32736,6073,59007,848,404,444
43870,67982,8966,32742,6073,59016,848,404,444
43875,67988,8966,32745,6073,59021,848,404,444
43880,67999,8968,32752,6074,59031,848,404,444
43885,68003,8969,32754,6075,59034,848,404,444
43890,68013,8970,32759,6075,59043,848,404,444
43895,68019,8970,32764,6075,59048,848,404,444
43900,68030,8972,32768,6077,59058,848,404,444
43905,68034,8973,32770,6078,59061,848,404,444
43910,68044,8974,32775,6078,59070,848,404,444
43915,68050,8974,32777,6078,59076,848,404,444
43920,68061,8975,32782,6078,59086,848,404,444
43925,68065,8976,32784,6079,59089,848,404,444
43930,68075,8977,32790,6080,59098,848,404,444
43935,68081,8977,32792,6080,59103,848,404,444
43940,68092,8979,32795,6082,59113,848,404,444
43945,68096,8979,32797,6082,59117,848,404,444
43950,68106,8980,32799,6082,59126,848,404,444
43955,68112,8980,32802,6082,59131,848,404,444
43960,68123,8982,32808,6084,59141,848,404,444
43965,68127,8983,32811,6085,59144,848,404,444
43970,68137,8985,32815,6086,59152,848,404,444
43975,68143,8986,32817,6086,59156,848,404,444
43980,68154,8988,32820,6087,59166,849,404,445
43985,68158,8988,32822,6087,59170,849,404,445
43990,68168,8988,32827,6087,59179,849,404,445
43995,68174,8990,32832,6089,59184,849,404,445
44000,68185,8993,32841,6092,59192,849,404,445
44005,68189,8993,32842,6092,59196,849,404,445
44010,68199,8993,32845,6092,59206,849,404,445
44015,68205,8994,32846,6092,59211,849,404,445
44020,68216,8996,32850,6093,59220,849,404,445
44025,68220,8996,32852,6093,59224,849,404,445
44030,68230,8996,32859,6093,59234,849,404,445
44035,68236,8997,32860,6093,59239,849,404,445
44040,68247,9000,32865,6096,59247,849,404,445
44045,68251,9000,32868,6096,59251,849,404,445
44050,68261,9000,32875,6096,59260,849,404,445
44055,68267,9002,32877,6097,59265,849,404,445
44060,68278,9003,32883,6098,59275,849,404,445
44065,68282,9003,32884,6098,59279,849,404,445
44070,68292,9003,32887,6098,59289,849,404,445
44075,68298,9004,32888,6098,59294,849,404,445
44080,68309,9006,32894,6099,59303,849,404,445
44085,68313,9006,32896,6099,59307,849,404,445
44090,68323,9008,32901,6100,59314,849,404,445
44095,68329,9010,32903,6101,59318,849,404,445
44100,68340,9014,32907,6104,59326,850,404,446
44105,68344,9015,32909,6105,59329,850,404,446
44110,68354,9016,32914,6106,59338,850,404,446
44115,68360,9017,32916,6106,59343,850,404,446
44120,68371,9018,32918,6107,59353,850,404,446
44125,68375,9018,32920,6107,59357,850,404,446
44130,68385,9019,32925,6108,59365,850,404,446
44135,68391,9021,32927,6110,59370,850,404,446
44140,68402,9023,32933,6112,59379,850,404,446
44145,68406,9024,32936,6113,59382,850,404,446
44150,68416,9025,32940,6113,59391,850,404,446
44155,68422,9026,32941,6114,59396,850,404,446
44160,68433,9027,32947,6115,59406,850,404,446
44165,68437,9027,32951,6115,59410,850,404,446
44170,68447,9028,32957,6116,59419,850,404,446
44175,68453,9028,32961,6116,59425,850,404,446
44180,68464,9028,32966,6116,59436,850,404,446
44185,68468,9028,32968,6116,59440,850,404,446
44190,68478,9029,32975,6116,59449,850,404,446
44195,68484,9029,32978,6116,59455,850,404,446
44200,68495,9029,32983,6116,59466,850,404,446
44205,68499,9029,32984,6116,59470,850,404,446
44210,68509,9031,32990,6118,59478,850,404,446
44215,68515,9031,32994,6118,59483,850,404,446
44220,68526,9033,32999,6119,59492,851,404,447
44225,68530,9035,33001,6121,59495,851,404,447
44230,68540,9037,33003,6121,59503,851,404,447
44235,68546,9038,33006,6121,59507,851,404,447
44240,68557,9041,33011,6123,59516,851,404,447
44245,68561,9041,33012,6123,59520,851,404,447
44250,68571,9042,33018,6123,59529,851,404,447
44255,68577,9043,33019,6123,59534,851,404,447
44260,68588,9044,33024,6124,59544,851,404,447
44265,68592,9044,33024,6124,59548,851,404,447
44270,68602,9045,33027,6124,59557,851,404,447
44275,68608,9046,33031,6124,59562,851,404,447
44280,68619,9047,33037,6125,59572,851,404,447
44285,68623,9047,33039,6125,59576,851,404,447
44290,68633,9048,33043,6126,59585,851,404,447
44295,68639,9049,33047,6127,59590,851,404,447
44300,68650,9050,33052,6127,59600,851,404,447
44305,68654,9051,33055,6128,59603,851,404,447
44310,68664,9052,33058,6128,59612,851,404,447
44315,68670,9053,33063,6129,59617,851,404,447
44320,68681,9054,33066,6129,59627,851,404,447
44325,68685,9055,33068,6130,59630,851,404,447
44330,68695,9056,33073,6131,59638,851,404,447
44335,68701,9058,33077,6133,59643,851,404,447
44340,68712,9061,33084,6135,59651,851,404,447
44345,68716,9063,33088,6137,59653,851,404,447
44350,68726,9065,33092,6138,59661,851,404,447
44355,68732,9066,33097,6139,59665,851,404,447
44360,68743,9069,33100,6142,59674,851,404,447
44365,68747,9071,33103,6144,59676,851,404,447
44370,68757,9073,33109,6146,59684,851,404,447
44375,68763,9074,33112,6146,59688,851,404,447
44380,68774,9078,33117,6149,59696,851,404,447
44385,68778,9078,33119,6149,59700,851,404,447
44390,68788,9080,33121,6149,59708,851,404,447
44395,68794,9081,33123,6149,59712,851,404,447
44400,68805,9085,33129,6152,59720,851,404,447
44405,68809,9085,33131,6152,59724,851,404,447
44410,68819,9086,33136,6152,59732,851,404,447
44415,68825,9088,33138,6154,59737,851,404,447
44420,68836,9090,33144,6156,59746,851,404,447
44425,68840,9090,33146,6156,59750,851,404,447
44430,68850,9091,33150,6156,59759,851,404,447
44435,68856,9092,33152,6156,59764,851,404,447
44440,68867,9092,33157,6156,59775,852,404,448
44445,68871,9092,33159,6156,59779,852,404,448
44450,68881,9093,33162,6157,59788,852,404,448
44455,68887,9094,33165,6158,59792,852,404,448
44460,68898,9096,33170,6160,59802,853,405,448
44465,68902,9096,33172,6160,59806,853,405,448
44470,68912,9096,33178,6160,59816,853,405,448
44475,68918,9097,33180,6161,59821,853,405,448
44480,68929,9097,33185,6161,59832,854,406,448
44485,68933,9097,33187,6161,59836,854,406,448
44490,68943,9097,33191,6161,59846,854,406,448
44495,68949,9098,33193,6161,59851,854,406,448
44500,68960,9098,33198,6161,59862,855,407,448
44505,68964,9098,33199,6161,59866,855,407,448
44510,68974,9099,33201,6162,59875,855,407,448
44515,68980,9100,33202,6162,59880,855,407,448
44520,68991,9102,33210,6163,59888,856,408,448
44525,68995,9104,33212,6165,59891,856,408,448
44530,69005,9105,33216,6165,59899,856,408,448
44535,69011,9107,33217,6167,59904,856,408,448
44540,69022,9109,33221,6168,59913,856,408,448
44545,69026,9110,33223,6169,59916,856,408,448
44550,69036,9111,33224,6169,59924,856,408,448
44555,69042,9113,33227,6170,59928,856,408,448
44560,69053,9116,33232,6172,59937,856,408,448
44565,69057,9116,33235,6172,59941,856,408,448
44570,69067,9118,33238,6173,59949,856,408,448
44575,69073,9119,33240,6173,59954,856,408,448
44580,69084,9121,33243,6175,59963,856,408,448
44585,69088,9121,33245,6175,59967,856,408,448
44590,69098,9123,33249,6177,59975,856,408,448
44595,69104,9123,33251,6177,59980,856,408,448
44600,69115,9125,33256,6179,59990,856,408,448
44605,69119,9125,33258,6179,59994,856,408,448
44610,69129,9127,33261,6180,60002,856,408,448
44615,69135,9127,33264,6180,60007,856,408,448
44620,69146,9130,33273,6183,60016,856,408,448
44625,69150,9131,33276,6184,60019,856,408,448
44630,69160,9133,33282,6185,60027,856,408,448
44635,69166,9133,33286,6185,60032,856,408,448
44640,69177,9135,33290,6186,60041,857,408,449
44645,69181,9136,33290,6187,60045,857,408,449
44650,69191,9137,33294,6187,60054,857,408,449
44655,69197,9137,33297,6187,60060,857,408,449
44660,69208,9138,33302,6187,60070,857,408,449
44665,69212,9138,33304,6187,60074,857,408,449
44670,69222,9139,33309,6188,60083,857,408,449
44675,69228,9139,33314,6188,60089,857,408,449
44680,69239,9140,33321,6189,60099,857,408,449
44685,69243,9140,33324,6189,60103,857,408,449
44690,69253,9141,33327,6189,60111,857,408,449
44695,69259,9143,33329,6190,60116,857,408,449
44700,69270,9144,33335,6190,60126,857,408,449
44705,69274,9145,33336,6191,60129,857,408,449
44710,69284,9147,33339,6191,60137,857,408,449
44715,69290,9148,33340,6191,60142,857,408,449
44720,69301,9149,33346,6191,60152,857,408,449
44725,69305,9149,33346,6191,60156,857,408,449
44730,69315,9151,33351,6191,60163,857,408,449
44735,69321,9153,33353,6192,60168,857,408,449
44740,69332,9154,33359,6193,60178,857,408,449
44745,69336,9156,33362,6195,60180,857,408,449
44750,69346,9158,33368,6196,60187,857,408,449
44755,69352,9160,33371,6198,60191,857,408,449
44760,69363,9162,33376,6199,60200,858,408,450
44765,69367,9163,33379,6200,60204,858,408,450
44770,69377,9164,33383,6201,60213,858,408,450
44775,69383,9165,33384,6201,60218,858,408,450
44780,69394,9166,33388,6201,60228,858,408,450
44785,69398,9166,33391,6201,60232,858,408,450
44790,69408,9167,33396,6202,60241,858,408,450
44795,69414,9168,33399,6203,60246,858,408,450
44800,69425,9169,33401,6204,60256,858,408,450
44805,69429,9169,33402,6204,60260,858,408,450
44810,69439,9170,33407,6204,60269,858,408,450
44815,69445,9171,33411,6204,60274,858,408,450
44820,69456,9174,33417,6206,60282,858,408,450
44825,69460,9174,33417,6206,60286,858,408,450
44830,69470,9176,33421,6207,60293,858,408,450
44835,69476,9178,33423,6208,60298,858,408,450
44840,69487,9180,33428,6209,60307,858,408,450
44845,69491,9180,33430,6209,60311,858,408,450
44850,69501,9182,33436,6209,60319,858,408,450
44855,69507,9183,33441,6210,60323,858,408,450
44860,69518,9185,33448,6212,60333,858,408,450
44865,69522,9185,33450,6212,60337,858,408,450
44870,69532,9187,33454,6214,60345,858,408,450
44875,69538,9188,33456,6215,60350,858,408,450
44880,69549,9189,33458,6215,60359,859,408,451
44885,69553,9190,33459,6216,60363,859,408,451
44890,69563,9191,33467,6217,60371,859,408,451
44895,69569,9193,33470,6218,60376,859,408,451
44900,69580,9194,33475,6219,60386,859,408,451
44905,69584,9195,33476,6220,60389,859,408,451
44910,69594,9196,33481,6220,60398,859,408,451
44915,69600,9197,33483,6220,60403,859,408,451
44920,69611,9198,33484,6220,60413,859,408,451
44925,69615,9198,33486,6220,60417,859,408,451
44930,69625,9199,33490,6220,60425,859,408,451
44935,69631,9201,33493,6221,60430,859,408,451
44940,69642,9203,33498,6223,60439,859,408,451
44945,69646,9204,33502,6224,60442,859,408,451
44950,69656,9206,33505,6224,60450,859,408,451
44955,69662,9206,33508,6224,60456,859,408,451
44960,69673,9208,33513,6226,60465,859,408,451
44965,69677,9209,33516,6227,60468,859,408,451
44970,69687,9211,33521,6228,60476,859,408,451
44975,69693,9211,33524,6228,60481,859,408,451
44980,69704,9214,33528,6230,60490,859,408,451
44985,69708,9215,33531,6231,60493,859,408,451
44990,69718,9217,33536,6232,60501,859,408,451
44995,69724,9217,33538,6232,60507,859,408,451
45000,69735,9219,33545,6233,60515,860,408,452
45005,69739,9220,33546,6234,60519,860,408,452
45010,69749,9221,33550,6235,60528,860,408,452
45015,69755,9221,33553,6235,60534,860,408,452
45020,69766,9222,33559,6236,60544,860,408,452
45025,69770,9222,33559,6236,60548,860,408,452
45030,69780,9223,33566,6237,60557,860,408,452
45035,69786,9223,33570,6237,60563,860,408,452
45040,69797,9223,33574,6237,60574,860,408,452
45045,69801,9223,33576,6237,60578,860,408,452
45050,69811,9224,33581,6237,60587,860,408,452
45055,69817,9225,33584,6237,60592,860,408,452
45060,69828,9226,33589,6238,60602,860,408,452
45065,69832,9227,33590,6239,60605,860,408,452
45070,69842,9228,33592,6239,60614,860,408,452
45075,69848,9229,33596,6240,60619,860,408,452
45080,69859,9230,33603,6241,60629,860,408,452
45085,69863,9230,33604,6241,60633,860,408,452
45090,69873,9231,33607,6241,60641,860,408,452
45095,69879,9233,33612,6243,60646,860,408,452
45100,69890,9233,33614,6243,60657,860,408,452
45105,69894,9234,33617,6244,60660,860,408,452
45110,69904,9235,33625,6245,60668,860,408,452
45115,69910,9237,33629,6246,60673,860,408,452
45120,69921,9239,33634,6248,60682,861,408,453
45125,69925,9239,33636,6248,60686,861,408,453
45130,69935,9239,33640,6248,60696,861,408,453
45135,69941,9240,33644,6249,60701,861,408,453
45140,69952,9242,33651,6251,60710,861,408,453
45145,69956,9242,33653,6251,60714,861,408,453
45150,69966,9242,33656,6251,60724,861,408,453
45155,69972,9243,33661,6252,60729,861,408,453
45160,69983,9245,33667,6253,60738,861,408,453
45165,69987,9245,33671,6253,60742,861,408,453
45170,69997,9246,33677,6253,60751,861,408,453
45175,70003,9247,33681,6253,60755,861,408,453
45180,70014,9249,33686,6254,60765,861,408,453
45185,70018,9249,33687,6254,60769,861,408,453
45190,70028,9251,33690,6255,60777,861,408,453
45195,70034,9252,33693,6255,60782,861,408,453
45200,70045,9253,33698,6255,60791,862,408,454
45205,70049,9256,33702,6258,60793,862,408,454
45210,70059,9258,33707,6259,60800,862,408,454
45215,70065,9260,33711,6261,60804,862,408,454
45220,70076,9263,33717,6264,60812,863,408,455
45225,70080,9265,33718,6266,60815,863,408,455
45230,70090,9267,33722,6268,60823,863,408,455
45235,70096,9268,33725,6269,60827,863,408,455
45240,70107,9273,33733,6273,60833,864,408,456
45245,70111,9275,33735,6275,60836,864,408,456
45250,70121,9276,33738,6276,60845,864,408,456
45255,70127,9277,33739,6276,60850,864,408,456
45260,70138,9278,33746,6276,60860,864,408,456
45265,70142,9279,33748,6277,60863,864,408,456
45270,70152,9280,33753,6278,60872,864,408,456
45275,70158,9281,33756,6278,60877,864,408,456
45280,70169,9282,33763,6278,60887,864,408,456
45285,70173,9282,33765,6278,60891,864,408,456
45290,70183,9283,33770,6278,60899,864,408,456
45295,70189,9285,33771,6279,60904,864,408,456
45300,70200,9286,33775,6280,60914,864,408,456
45305,70204,9287,33777,6281,60917,864,408,456
45310,70214,9289,33781,6283,60925,864,408,456
45315,70220,9290,33783,6283,60930,864,408,456
45320,70231,9291,33790,6283,60940,864,408,456
45325,70235,9291,33791,6283,60944,864,408,456
45330,70245,9293,33797,6285,60951,864,408,456
45335,70251,9295,33799,6287,60956,864,408,456
45340,70262,9296,33805,6288,60966,864,408,456
45345,70266,9296,33805,6288,60970,864,408,456
45350,70276,9298,33807,6288,60977,864,408,456
45355,70282,9300,33810,6289,60982,864,408,456
45360,70293,9302,33814,6290,60990,865,409,456
45365,70297,9303,33815,6291,60994,865,409,456
45370,70307,9304,33819,6291,61003,865,409,456
45375,70313,9305,33821,6292,61008,865,409,456
45380,70324,9307,33827,6293,61017,865,409,456
45385,70328,9307,33829,6293,61021,865,409,456
45390,70338,9308,33834,6293,61030,865,409,456
45395,70344,9309,33835,6293,61035,865,409,456
45400,70355,9310,33839,6293,61045,865,409,456
45405,70359,9310,33841,6293,61049,865,409,456
45410,70369,9311,33846,6294,61058,865,409,456
45415,70375,9312,33851,6295,61063,865,409,456
45420,70386,9314,33856,6297,61072,865,409,456
45425,70390,9314,33858,6297,61076,865,409,456
45430,70400,9315,33862,6298,61085,865,409,456
45435,70406,9316,33865,6299,61090,865,409,456
45440,70417,9317,33869,6299,61100,865,409,456
45445,70421,9318,33872,6300,61103,865,409,456
45450,70431,9319,33875,6300,61112,865,409,456
45455,70437,9320,33877,6300,61116,865,409,456
45460,70448,9322,33884,6302,61126,865,409,456
45465,70452,9323,33887,6303,61129,865,409,456
45470,70462,9324,33891,6304,61138,865,409,456
45475,70468,9325,33892,6304,61142,865,409,456
45480,70479,9328,33899,6306,61151,866,410,456
45485,70483,9328,33899,6306,61155,866,410,456
45490,70493,9328,33906,6306,61164,866,410,456
45495,70499,9330,33909,6307,61169,866,410,456
45500,70510,9331,33912,6307,61179,866,410,456
45505,70514,9331,33914,6307,61183,866,410,456
45510,70524,9331,33918,6307,61193,866,410,456
45515,70530,9332,33921,6307,61198,866,410,456
45520,70541,9333,33929,6307,61208,866,410,456
45525,70545,9333,33931,6307,61212,866,410,456
45530,70555,9334,33936,6308,61220,866,410,456
45535,70561,9336,33940,6309,61224,866,410,456
45540,70572,9338,33945,6311,61234,866,410,456
45545,70576,9338,33946,6311,61238,866,410,456
45550,70586,9339,33951,6311,61247,866,410,456
45555,70592,9340,33954,6311,61252,866,410,456
45560,70603,9342,33961,6313,61261,866,410,456
45565,70607,9342,33962,6313,61265,866,410,456
45570,70617,9343,33968,6314,61274,866,410,456
45575,70623,9344,33971,6314,61279,866,410,456
45580,70634,9345,33975,6315,61289,866,410,456
45585,70638,9345,33975,6315,61293,866,410,456
45590,70648,9347,33980,6316,61301,866,410,456
45595,70654,9348,33981,6317,61306,866,410,456
45600,70665,9349,33986,6317,61315,867,410,457
45605,70669,9351,33987,6319,61318,867,410,457
45610,70679,9352,33991,6320,61327,867,410,457
45615,70685,9353,33993,6321,61332,867,410,457
45620,70696,9353,33998,6321,61343,867,410,457
45625,70700,9354,34000,6322,61346,867,410,457
45630,70710,9355,34006,6322,61355,867,410,457
45635,70716,9356,34008,6322,61360,867,410,457
45640,70727,9356,34011,6322,61371,867,410,457
45645,70731,9356,34014,6322,61375,867,410,457
45650,70741,9357,34017,6323,61384,867,410,457
45655,70747,9358,34019,6323,61389,867,410,457
45660,70758,9358,34023,6323,61400,867,410,457
45665,70762,9359,34026,6324,61403,867,410,457
45670,70772,9360,34031,6324,61411,867,410,457
45675,70778,9362,34035,6325,61416,867,410,457
45680,70789,9362,34041,6325,61427,867,410,457
45685,70793,9362,34043,6325,61431,867,410,457
45690,70803,9363,34044,6325,61440,867,410,457
45695,70809,9364,34048,6326,61445,867,410,457
45700,70820,9364,34054,6326,61456,867,410,457
45705,70824,9365,34057,6327,61459,867,410,457
45710,70834,9367,34063,6328,61466,867,410,457
45715,70840,9369,34066,6330,61471,867,410,457
45720,70851,9372,34073,6333,61479,868,410,458
45725,70855,9372,34076,6333,61483,868,410,458
45730,70865,9373,34082,6334,61492,868,410,458
45735,70871,9373,34085,6334,61498,868,410,458
45740,70882,9374,34090,6335,61508,868,410,458
45745,70886,9374,34094,6335,61512,868,410,458
45750,70896,9375,34098,6335,61521,868,410,458
45755,70902,9375,34101,6335,61527,868,410,458
45760,70913,9376,34104,6336,61537,868,410,458
45765,70917,9376,34106,6336,61541,868,410,458
45770,70927,9377,34110,6337,61550,868,410,458
45775,70933,9377,34114,6337,61556,868,410,458
45780,70944,9378,34122,6337,61566,868,410,458
45785,70948,9378,34123,6337,61570,868,410,458
45790,70958,9379,34128,6338,61579,868,410,458
45795,70964,9379,34129,6338,61585,868,410,458
45800,70975,9380,34136,6339,61595,868,410,458
45805,70979,9380,34139,6339,61599,868,410,458
45810,70989,9381,34144,6339,61608,868,410,458
45815,70995,9381,34147,6339,61614,868,410,458
45820,71006,9382,34153,6340,61624,868,410,458
45825,71010,9382,34154,6340,61628,868,410,458
45830,71020,9384,34157,6340,61635,868,410,458
45835,71026,9386,34160,6341,61640,868,410,458
45840,71037,9388,34164,6342,61649,869,411,458
45845,71041,9389,34167,6343,61652,869,411,458
45850,71051,9391,34173,6344,61659,869,411,458
45855,71057,9393,34176,6345,61664,869,411,458
45860,71068,9395,34180,6347,61673,869,411,458
45865,71072,9395,34182,6347,61677,869,411,458
45870,71082,9396,34187,6348,61686,869,411,458
45875,71088,9397,34188,6348,61691,869,411,458
45880,71099,9399,34192,6349,61700,869,411,458
45885,71103,9399,34194,6349,61704,869,411,458
45890,71113,9400,34198,6349,61712,869,411,458
45895,71119,9402,34201,6351,61717,869,411,458
45900,71130,9403,34206,6352,61727,869,411,458
45905,71134,9403,34209,6352,61731,869,411,458
45910,71144,9404,34217,6353,61740,869,411,458
45915,71150,9405,34221,6353,61745,869,411,458
45920,71161,9405,34228,6353,61756,870,412,458
45925,71165,9405,34231,6353,61760,870,412,458
45930,71175,9406,34236,6354,61769,870,412,458
45935,71181,9407,34238,6355,61774,870,412,458
45940,71192,9407,34242,6355,61785,871,413,458
45945,71196,9407,34244,6355,61789,871,413,458
45950,71206,9408,34250,6355,61798,871,413,458
45955,71212,9409,34255,6356,61802,871,413,458
45960,71223,9410,34261,6357,61812,872,414,458
45965,71227,9411,34262,6358,61816,872,414,458
45970,71237,9413,34265,6358,61824,872,414,458
45975,71243,9414,34266,6358,61829,872,414,458
45980,71254,9415,34273,6359,61839,872,414,458
45985,71258,9415,34277,6359,61843,872,414,458
45990,71268,9417,34283,6360,61851,872,414,458
45995,71274,9418,34286,6361,61856,872,414,458
46000,71285,9419,34293,6362,61866,872,414,458
46005,71289,9419,34296,6362,61870,872,414,458
46010,71299,9421,34300,6362,61877,872,414,458
46015,71305,9423,34302,6364,61882,872,414,458
46020,71316,9425,34308,6365,61891,872,414,458
46025,71320,9425,34308,6365,61895,872,414,458
46030,71330,9427,34313,6366,61902,872,414,458
46035,71336,9429,34317,6368,61907,872,414,458
46040,71347,9431,34321,6370,61916,873,414,459
46045,71351,9431,34324,6370,61920,873,414,459
46050,71361,9433,34331,6372,61927,873,414,459
46055,71367,9435,34334,6374,61932,873,414,459
46060,71378,9436,34339,6375,61941,874,415,459
46065,71382,9438,34341,6377,61944,874,415,459
46070,71392,9440,34344,6377,61952,874,415,459
46075,71398,9441,34348,6377,61956,874,415,459
46080,71409,9443,34351,6378,61965,875,416,459
46085,71413,9445,34352,6380,61968,875,416,459
46090,71423,9445,34354,6380,61978,875,416,459
46095,71429,9446,34355,6380,61983,875,416,459
46100,71440,9447,34361,6381,61993,875,416,459
46105,71444,9448,34363,6382,61996,875,416,459
46110,71454,9448,34367,6382,62006,875,416,459
46115,71460,9449,34371,6383,62011,875,416,459
46120,71471,9450,34376,6383,62021,875,416,459
46125,71475,9450,34377,6383,62025,875,416,459
46130,71485,9450,34382,6383,62034,875,416,459
46135,71491,9452,34385,6384,62039,875,416,459
46140,71502,9453,34391,6385,62049,875,416,459
46145,71506,9453,34393,6385,62053,875,416,459
46150,71516,9455,34398,6386,62061,875,416,459
46155,71522,9455,34402,6386,62067,875,416,459
46160,71533,9456,34409,6386,62077,875,416,459
46165,71537,9456,34411,6386,62081,875,416,459
46170,71547,9458,34413,6386,62089,875,416,459
46175,71553,9458,34414,6386,62095,875,416,459
46180,71564,9459,34424,6387,62105,875,416,459
46185,71568,9460,34426,6388,62108,875,416,459
46190,71578,9462,34430,6389,62116,875,416,459
46195,71584,9462,34431,6389,62122,875,416,459
46200,71595,9464,34435,6390,62131,876,416,460
46205,71599,9464,34437,6390,62135,876,416,460
46210,71609,9465,34445,6391,62144,876,416,460
46215,71615,9465,34450,6391,62149,876,416,460
46220,71626,9467,34456,6393,62159,876,416,460
46225,71630,9467,34457,6393,62163,876,416,460
46230,71640,9468,34460,6394,62172,876,416,460
46235,71646,9468,34461,6394,62178,876,416,460
46240,71657,9469,34467,6395,62188,876,416,460
46245,71661,9469,34470,6395,62192,876,416,460
46250,71671,9470,34473,6395,62201,876,416,460
46255,71677,9471,34475,6395,62205,876,416,460
46260,71688,9474,34481,6398,62214,876,416,460
46265,71692,9475,34483,6399,62217,876,416,460
46270,71702,9475,34486,6399,62227,876,416,460
46275,71708,9476,34489,6400,62232,876,416,460
46280,71719,9478,34494,6401,62241,876,416,460
46285,71723,9479,34497,6402,62244,876,416,460
46290,71733,9479,34500,6402,62254,876,416,460
46295,71739,9480,34501,6402,62259,876,416,460
46300,71750,9482,34506,6404,62268,876,416,460
46305,71754,9482,34507,6404,62272,876,416,460
46310,71764,9483,34510,6404,62281,876,416,460
46315,71770,9484,34513,6405,62286,876,416,460
46320,71781,9487,34519,6408,62293,877,416,461
46325,71785,9488,34522,6409,62297,877,416,461
46330,71795,9489,34527,6409,62305,877,416,461
46335,71801,9491,34529,6410,62310,877,416,461
46340,71812,9491,34532,6410,62321,878,416,462
46345,71816,9491,34534,6410,62325,878,416,462
46350,71826,9492,34540,6411,62334,878,416,462
46355,71832,9493,34542,6411,62338,878,416,462
46360,71843,9494,34549,6412,62349,879,417,462
46365,71847,9494,34550,6412,62353,879,417,462
46370,71857,9496,34554,6413,62360,879,417,462
46375,71863,9498,34556,6414,62364,879,417,462
46380,71874,9500,34562,6416,62374,880,418,462
46385,71878,9501,34565,6417,62377,880,418,462
46390,71888,9503,34569,6418,62385,880,418,462
46395,71894,9504,34573,6419,62390,880,418,462
46400,71905,9505,34579,6420,62400,880,418,462
46405,71909,9505,34580,6420,62404,880,418,462
46410,71919,9507,34585,6421,62412,880,418,462
46415,71925,9508,34587,6421,62417,880,418,462
46420,71936,9509,34594,6422,62427,880,418,462
46425,71940,9509,34595,6422,62431,880,418,462
46430,71950,9511,34599,6423,62439,880,418,462
46435,71956,9512,34602,6424,62444,880,418,462
46440,71967,9514,34608,6425,62453,880,418,462
46445,71971,9514,34611,6425,62457,880,418,462
46450,71981,9515,34618,6426,62466,880,418,462
46455,71987,9516,34621,6427,62471,880,418,462
46460,71998,9517,34623,6427,62481,881,418,463
46465,72002,9517,34624,6427,62485,881,418,463
46470,72012,9518,34628,6428,62494,881,418,463
46475,72018,9519,34630,6429,62499,881,418,463
46480,72029,9521,34634,6431,62508,882,418,464
46485,72033,9521,34635,6431,62512,882,418,464
46490,72043,9522,34641,6431,62520,882,418,464
46495,72049,9524,34643,6433,62525,882,418,464
46500,72060,9525,34647,6433,62535,883,418,465
46505,72064,9525,34649,6433,62539,883,418,465
46510,72074,9526,34652,6434,62547,883,418,465
46515,72080,9528,34655,6435,62552,883,418,465
46520,72091,9530,34663,6437,62561,884,418,466
46525,72095,9530,34664,6437,62565,884,418,466
46530,72105,9531,34670,6437,62573,884,418,466
46535,72111,9533,34671,6439,62578,884,418,466
46540,72122,9535,34677,6440,62587,885,418,467
46545,72126,9535,34680,6440,62591,885,418,467
46550,72136,9537,34684,6440,62598,885,418,467
46555,72142,9539,34685,6441,62603,885,418,467
46560,72153,9540,34689,6442,62613,886,418,468
46565,72157,9542,34693,6444,62615,886,418,468
46570,72167,9544,34698,6444,62622,886,418,468
46575,72173,9546,34700,6445,62626,886,418,468
46580,72184,9549,34707,6448,62635,886,418,468
46585,72188,9549,34708,6448,62639,886,418,468
46590,72198,9551,34714,6449,62647,886,418,468
46595,72204,9552,34717,6450,62651,886,418,468
46600,72215,9555,34722,6452,62660,886,418,468
46605,72219,9556,34723,6453,62663,886,418,468
46610,72229,9558,34728,6455,62671,886,418,468
46615,72235,9559,34730,6455,62675,886,418,468
46620,72246,9562,34736,6458,62684,886,418,468
46625,72250,9562,34738,6458,62688,886,418,468
46630,72260,9563,34744,6458,62697,886,418,468
46635,72266,9563,34747,6458,62703,886,418,468
46640,72277,9564,34752,6459,62713,886,418,468
46645,72281,9565,34755,6460,62716,886,418,468
46650,72291,9566,34758,6460,62725,886,418,468
46655,72297,9566,34763,6460,62730,886,418,468
46660,72308,9568,34770,6461,62740,886,418,468
46665,72312,9569,34774,6462,62743,886,418,468
46670,72322,9570,34782,6463,62752,886,418,468
46675,72328,9570,34783,6463,62758,886,418,468
46680,72339,9571,34788,6464,62768,886,418,468
46685,72343,9571,34788,6464,62772,886,418,468
46690,72353,9572,34793,6465,62781,886,418,468
46695,72359,9572,34794,6465,62787,886,418,468
46700,72370,9573,34799,6466,62797,886,418,468
46705,72374,9574,34803,6467,62800,886,418,468
46710,72384,9575,34810,6468,62809,886,418,468
46715,72390,9575,34813,6468,62814,886,418,468
46720,72401,9577,34818,6470,62824,886,418,468
46725,72405,9577,34820,6470,62828,886,418,468
46730,72415,9579,34825,6470,62836,886,418,468
46735,72421,9580,34828,6470,62840,886,418,468
46740,72432,9584,34834,6474,62848,887,418,469
46745,72436,9584,34835,6474,62852,887,418,469
46750,72446,9585,34840,6475,62861,887,418,469
46755,72452,9586,34842,6475,62865,887,418,469
46760,72463,9590,34849,6478,62873,888,419,469
46765,72467,9590,34851,6478,62877,888,419,469
46770,72477,9591,34858,6478,62886,888,419,469
46775,72483,9592,34862,6479,62890,888,419,469
46780,72494,9595,34867,6482,62899,889,419,470
46785,72498,9595,34869,6482,62903,889,419,470
46790,72508,9596,34874,6482,62912,889,419,470
46795,72514,9597,34878,6482,62916,889,419,470
46800,72525,9601,34886,6485,62924,890,420,470
46805,72529,9601,34888,6485,62928,890,420,470
46810,72539,9601,34894,6485,62938,890,420,470
46815,72545,9602,34896,6485,62943,890,420,470
46820,72556,9605,34902,6487,62951,891,420,471
46825,72560,9605,34904,6487,62955,891,420,471
46830,72570,9605,34907,6487,62964,891,420,471
46835,72576,9607,34911,6489,62969,891,420,471
46840,72587,9608,34914,6489,62979,891,420,471
46845,72591,9608,34915,6489,62983,891,420,471
46850,72601,9609,34919,6490,62992,891,420,471
46855,72607,9610,34923,6491,62997,891,420,471
46860,72618,9611,34927,6492,63007,891,420,471
46865,72622,9612,34928,6493,63010,891,420,471
46870,72632,9613,34931,6493,63019,891,420,471
46875,72638,9614,34935,6493,63024,891,420,471
46880,72649,9615,34942,6494,63034,891,420,471
46885,72653,9617,34944,6496,63036,891,420,471
46890,72663,9618,34949,6496,63045,891,420,471
46895,72669,9619,34953,6496,63050,891,420,471
46900,72680,9619,34955,6496,63061,891,420,471
46905,72684,9621,34958,6498,63063,891,420,471
46910,72694,9622,34965,6499,63072,891,420,471
46915,72700,9623,34969,6500,63077,891,420,471
46920,72711,9623,34976,6500,63088,891,420,471
46925,72715,9624,34978,6501,63091,891,420,471
46930,72725,9625,34985,6502,63100,891,420,471
46935,72731,9626,34988,6502,63105,891,420,471
46940,72742,9627,34996,6503,63115,892,420,472
46945,72746,9628,34999,6504,63118,892,420,472
46950,72756,9629,35004,6505,63127,892,420,472
46955,72762,9630,35006,6505,63132,892,420,472
46960,72773,9631,35012,6506,63141,893,421,472
46965,72777,9633,35015,6508,63144,893,421,472
46970,72787,9635,35024,6510,63151,893,421,472
46975,72793,9637,35027,6512,63156,893,421,472
46980,72804,9639,35034,6513,63164,894,422,472
46985,72808,9641,35037,6515,63167,894,422,472
46990,72818,9642,35040,6515,63176,894,422,472
46995,72824,9642,35042,6515,63182,894,422,472
47000,72835,9643,35048,6516,63192,894,422,472
47005,72839,9644,35051,6517,63195,894,422,472
47010,72849,9645,35056,6517,63204,894,422,472
47015,72855,9645,35058,6517,63210,894,422,472
47020,72866,9647,35063,6519,63219,894,422,472
47025,72870,9647,35065,6519,63223,894,422,472
47030,72880,9648,35070,6519,63232,894,422,472
47035,72886,9648,35071,6519,63238,894,422,472
47040,72897,9650,35077,6520,63247,894,422,472
47045,72901,9651,35079,6521,63250,894,422,472
47050,72911,9653,35084,6521,63258,894,422,472
47055,72917,9653,35088,6521,63263,894,422,472
47060,72928,9656,35096,6524,63272,894,422,472
47065,72932,9657,35098,6525,63275,894,422,472
47070,72942,9659,35101,6526,63283,894,422,472
47075,72948,9659,35103,6526,63289,894,422,472
47080,72959,9661,35107,6527,63298,894,422,472
47085,72963,9662,35109,6528,63301,894,422,472
47090,72973,9664,35111,6529,63309,894,422,472
47095,72979,9665,35116,6530,63313,894,422,472
47100,72990,9668,35122,6532,63321,895,422,473
47105,72994,9669,35123,6533,63325,895,422,473
47110,73004,9669,35129,6533,63335,895,422,473
47115,73010,9670,35129,6533,63340,895,422,473
47120,73021,9671,35135,6534,63350,895,422,473
47125,73025,9671,35136,6534,63354,895,422,473
47130,73035,9671,35140,6534,63363,895,422,473
47135,73041,9673,35144,6536,63368,895,422,473
47140,73052,9674,35152,6537,63378,895,422,473
47145,73056,9674,35155,6537,63382,895,422,473
47150,73066,9674,35159,6537,63392,895,422,473
47155,73072,9675,35162,6537,63397,895,422,473
47160,73083,9676,35165,6538,63407,895,422,473
47165,73087,9676,35165,6538,63411,895,422,473
47170,73097,9677,35172,6538,63419,895,422,473
47175,73103,9679,35174,6539,63424,895,422,473
47180,73114,9681,35179,6540,63432,896,422,474
47185,73118,9682,35180,6541,63436,896,422,474
47190,73128,9683,35186,6542,63445,896,422,474
47195,73134,9684,35189,6542,63449,896,422,474
47200,73145,9687,35194,6545,63458,897,422,475
47205,73149,9687,35196,6545,63462,897,422,475
47210,73159,9688,35200,6546,63470,897,422,475
47215,73165,9690,35204,6548,63475,897,422,475
47220,73176,9693,35211,6551,63482,898,423,475
47225,73180,9695,35213,6553,63485,898,423,475
47230,73190,9696,35216,6553,63494,898,423,475
47235,73196,9697,35219,6554,63499,898,423,475
47240,73207,9698,35226,6555,63509,898,423,475
47245,73211,9698,35227,6555,63513,898,423,475
47250,73221,9699,35231,6555,63522,898,423,475
47255,73227,9700,35234,6556,63527,898,423,475
47260,73238,9701,35239,6557,63537,898,423,475
47265,73242,9701,35241,6557,63541,898,423,475
47270,73252,9702,35247,6558,63550,898,423,475
47275,73258,9703,35248,6558,63555,898,423,475
47280,73269,9704,35254,6558,63565,898,423,475
47285,73273,9705,35256,6559,63568,898,423,475
47290,73283,9707,35262,6560,63576,898,423,475
47295,73289,9708,35265,6560,63580,898,423,475
47300,73300,9710,35268,6561,63590,898,423,475
47305,73304,9710,35270,6561,63594,898,423,475
47310,73314,9712,35276,6562,63602,898,423,475
47315,73320,9713,35279,6562,63607,898,423,475
47320,73331,9714,35283,6562,63617,898,423,475
47325,73335,9715,35286,6563,63620,898,423,475
47330,73345,9717,35292,6565,63627,898,423,475
47335,73351,9719,35294,6567,63632,898,423,475
47340,73362,9721,35301,6569,63641,899,424,475
47345,73366,9721,35303,6569,63645,899,424,475
47350,73376,9723,35307,6570,63653,899,424,475
47355,73382,9724,35308,6571,63658,899,424,475
47360,73393,9726,35316,6573,63667,899,424,475
47365,73397,9726,35318,6573,63671,899,424,475
47370,73407,9728,35321,6574,63679,899,424,475
47375,73413,9729,35324,6575,63684,899,424,475
47380,73424,9730,35328,6575,63694,899,424,475
47385,73428,9730,35329,6575,63698,899,424,475
47390,73438,9732,35333,6575,63705,899,424,475
47395,73444,9734,35338,6577,63710,899,424,475
47400,73455,9736,35343,6579,63719,899,424,475
47405,73459,9736,35345,6579,63723,899,424,475
47410,73469,9738,35350,6580,63731,899,424,475
47415,73475,9739,35354,6581,63736,899,424,475
47420,73486,9740,35359,6581,63746,899,424,475
47425,73490,9740,35362,6581,63750,899,424,475
47430,73500,9742,35367,6583,63758,899,424,475
47435,73506,9743,35371,6584,63763,899,424,475
47440,73517,9744,35376,6585,63773,899,424,475
47445,73521,9745,35378,6586,63776,899,424,475
47450,73531,9747,35382,6587,63784,899,424,475
47455,73537,9748,35386,6587,63789,899,424,475
47460,73548,9751,35396,6590,63796,900,425,475
47465,73552,9753,35399,6592,63799,900,425,475
47470,73562,9754,35404,6592,63808,900,425,475
47475,73568,9755,35405,6592,63813,900,425,475
47480,73579,9756,35412,6593,63823,900,425,475
47485,73583,9757,35414,6594,63826,900,425,475
47490,73593,9758,35419,6595,63835,900,425,475
47495,73599,9759,35422,6595,63840,900,425,475
47500,73610,9759,35428,6595,63851,900,425,475
47505,73614,9759,35430,6595,63855,900,425,475
47510,73624,9760,35436,6595,63864,900,425,475
47515,73630,9761,35438,6596,63869,900,425,475
47520,73641,9762,35446,6597,63879,900,425,475
47525,73645,9763,35449,6598,63882,900,425,475
47530,73655,9764,35452,6598,63891,900,425,475
47535,73661,9765,35457,6599,63896,900,425,475
47540,73672,9765,35463,6599,63907,900,425,475
47545,73676,9765,35465,6599,63911,900,425,475
47550,73686,9766,35471,6599,63920,900,425,475
47555,73692,9767,35471,6599,63925,900,425,475
47560,73703,9767,35475,6599,63936,900,425,475
47565,73707,9767,35476,6599,63940,900,425,475
47570,73717,9769,35480,6601,63947,900,425,475
47575,73723,9771,35482,6602,63952,900,425,475
47580,73734,9772,35487,6603,63961,901,426,475
47585,73738,9774,35490,6605,63964,901,426,475
47590,73748,9774,35493,6605,63973,901,426,475
47595,73754,9776,35498,6607,63978,901,426,475
47600,73765,9777,35501,6608,63988,901,426,475
47605,73769,9777,35502,6608,63992,901,426,475
47610,73779,9777,35505,6608,64002,901,426,475
47615,73785,9778,35508,6608,64007,901,426,475
47620,73796,9778,35514,6608,64018,901,426,475
47625,73800,9778,35517,6608,64022,901,426,475
47630,73810,9778,35523,6608,64032,901,426,475
47635,73816,9779,35526,6609,64037,901,426,475
47640,73827,9780,35531,6610,64047,901,426,475
47645,73831,9781,35535,6611,64050,901,426,475
47650,73841,9782,35539,6611,64059,901,426,475
47655,73847,9783,35542,6611,64064,901,426,475
47660,73858,9784,35546,6612,64074,901,426,475
47665,73862,9784,35546,6612,64078,901,426,475
47670,73872,9785,35548,6613,64087,901,426,475
47675,73878,9786,35553,6614,64091,901,426,475
47680,73889,9788,35561,6616,64101,901,426,475
47685,73893,9789,35563,6617,64104,901,426,475
47690,73903,9791,35566,6617,64112,901,426,475
47695,73909,9792,35570,6618,64116,901,426,475
47700,73920,9794,35575,6620,64125,902,427,475
47705,73924,9795,35577,6621,64129,902,427,475
47710,73934,9796,35583,6622,64138,902,427,475
47715,73940,9797,35585,6623,64143,902,427,475
47720,73951,9798,35589,6623,64153,903,428,475
47725,73955,9799,35590,6624,64156,903,428,475
47730,73965,9800,35594,6624,64165,903,428,475
47735,73971,9801,35596,6625,64170,903,428,475
47740,73982,9803,35601,6626,64179,904,428,476
47745,73986,9804,35604,6627,64182,904,428,476
47750,73996,9805,35610,6628,64190,904,428,476
47755,74002,9807,35614,6629,64195,904,428,476
47760,74013,9809,35617,6630,64204,904,428,476
47765,74017,9809,35619,6630,64208,904,428,476
47770,74027,9810,35625,6631,64216,904,428,476
47775,74033,9812,35629,6632,64220,904,428,476
47780,74044,9814,35636,6634,64230,904,428,476
47785,74048,9814,35638,6634,64234,904,428,476
47790,74058,9815,35641,6635,64242,904,428,476
47795,74064,9817,35644,6636,64246,904,428,476
47800,74075,9821,35651,6640,64254,904,428,476
47805,74079,9821,35653,6640,64258,904,428,476
47810,74089,9823,35660,6641,64265,904,428,476
47815,74095,9825,35660,6642,64270,904,428,476
47820,74106,9827,35665,6644,64279,904,428,476
47825,74110,9827,35666,6644,64283,904,428,476
47830,74120,9829,35671,6646,64291,904,428,476
47835,74126,9830,35674,6646,64296,904,428,476
47840,74137,9831,35677,6647,64306,904,428,476
47845,74141,9832,35678,6648,64309,904,428,476
47850,74151,9834,35683,6650,64316,904,428,476
47855,74157,9836,35686,6651,64321,904,428,476
47860,74168,9837,35693,6651,64331,904,428,476
47865,74172,9837,35695,6651,64335,904,428,476
47870,74182,9839,35700,6653,64342,904,428,476
47875,74188,9841,35704,6655,64347,904,428,476
47880,74199,9842,35709,6655,64357,904,428,476
47885,74203,9842,35710,6655,64361,904,428,476
47890,74213,9844,35712,6655,64369,904,428,476
47895,74219,9844,35716,6655,64375,904,428,476
47900,74230,9845,35719,6655,64385,904,428,476
47905,74234,9845,35721,6655,64389,904,428,476
47910,74244,9847,35726,6655,64397,904,428,476
47915,74250,9847,35726,6655,64403,904,428,476
47920,74261,9849,35732,6657,64412,904,428,476
47925,74265,9849,35733,6657,64416,904,428,476
47930,74275,9851,35738,6659,64424,904,428,476
47935,74281,9851,35740,6659,64430,904,428,476
47940,74292,9854,35746,6661,64438,905,428,477
47945,74296,9854,35748,6661,64442,905,428,477
47950,74306,9855,35749,6661,64451,905,428,477
47955,74312,9855,35750,6661,64456,905,428,477
47960,74323,9858,35756,6663,64465,905,428,477
47965,74327,9858,35757,6663,64469,905,428,477
47970,74337,9859,35761,6663,64478,905,428,477
47975,74343,9859,35764,6663,64484,905,428,477
47980,74354,9861,35771,6664,64493,905,428,477
47985,74358,9861,35774,6664,64497,905,428,477
47990,74368,9862,35780,6665,64505,905,428,477
47995,74374,9864,35784,6666,64510,905,428,477
48000,74385,9865,35791,6666,64520,905,428,477
48005,74389,9865,35793,6666,64524,905,428,477
48010,74399,9865,35796,6666,64534,905,428,477
48015,74405,9866,35800,6666,64539,905,428,477
48020,74416,9867,35805,6667,64549,905,428,477
48025,74420,9868,35807,6668,64552,905,428,477
48030,74430,9868,35812,6668,64562,905,428,477
48035,74436,9869,35816,6669,64567,905,428,477
48040,74447,9870,35822,6669,64577,905,428,477
48045,74451,9871,35825,6670,64580,905,428,477
48050,74461,9872,35833,6671,64588,905,428,477
48055,74467,9874,35835,6673,64593,905,428,477
48060,74478,9875,35840,6673,64603,905,428,477
48065,74482,9875,35844,6673,64607,905,428,477
48070,74492,9877,35851,6674,64614,905,428,477
48075,74498,9879,35852,6675,64619,905,428,477
48080,74509,9880,35857,6676,64628,905,428,477
48085,74513,9881,35859,6677,64632,905,428,477
48090,74523,9883,35867,6679,64639,905,428,477
48095,74529,9885,35869,6680,64643,905,428,477
48100,74540,9886,35874,6681,64653,905,428,477
48105,74544,9887,35877,6682,64657,905,428,477
48110,74554,9889,35880,6682,64665,905,428,477
48115,74560,9890,35882,6682,64670,905,428,477
48120,74571,9890,35886,6682,64681,905,428,477
48125,74575,9890,35888,6682,64685,905,428,477
48130,74585,9890,35893,6682,64695,905,428,477
48135,74591,9890,35896,6682,64701,905,428,477
48140,74602,9890,35900,6682,64712,905,428,477
48145,74606,9890,35900,6682,64716,905,428,477
48150,74616,9890,35906,6682,64726,905,428,477
48155,74622,9890,35908,6682,64732,905,428,477
48160,74633,9890,35913,6682,64743,905,428,477
48165,74637,9890,35916,6682,64747,905,428,477
48170,74647,9890,35919,6682,64757,905,428,477
48175,74653,9890,35922,6682,64763,905,428,477
48180,74664,9891,35929,6682,64773,905,428,477
48185,74668,9891,35932,6682,64777,905,428,477
48190,74678,9892,35937,6683,64786,905,428,477
48195,74684,9892,35941,6683,64791,905,428,477
48200,74695,9894,35945,6684,64801,906,428,478
48205,74699,9895,35949,6685,64804,906,428,478
48210,74709,9896,35954,6685,64813,906,428,478
48215,74715,9896,35958,6685,64818,906,428,478
48220,74726,9898,35964,6687,64828,907,429,478
48225,74730,9898,35965,6687,64832,907,429,478
48230,74740,9899,35971,6687,64841,907,429,478
48235,74746,9900,35973,6687,64846,907,429,478
48240,74757,9902,35977,6688,64855,908,429,479
48245,74761,9903,35979,6689,64858,908,429,479
48250,74771,9904,35984,6689,64867,908,429,479
48255,74777,9905,35987,6690,64872,908,429,479
48260,74788,9906,35991,6691,64882,908,429,479
48265,74792,9906,35993,6691,64886,908,429,479
48270,74802,9907,35999,6692,64894,908,429,479
48275,74808,9909,36002,6693,64899,908,429,479
48280,74819,9910,36008,6694,64909,908,429,479
48285,74823,9910,36010,6694,64913,908,429,479
48290,74833,9911,36015,6695,64921,908,429,479
48295,74839,9913,36018,6696,64926,908,429,479
48300,74850,9915,36021,6698,64935,908,429,479
48305,74854,9915,36022,6698,64939,908,429,479
48310,74864,9916,36028,6698,64947,908,429,479
48315,74870,9918,36031,6700,64952,908,429,479
48320,74881,9919,36037,6701,64962,908,429,479
48325,74885,9919,36040,6701,64966,908,429,479
48330,74895,9920,36042,6702,64975,908,429,479
48335,74901,9921,36043,6702,64980,908,429,479
48340,74912,9923,36047,6703,64989,908,429,479
48345,74916,9923,36050,6703,64993,908,429,479
48350,74926,9925,36057,6704,65000,908,429,479
48355,74932,9927,36061,6706,65004,908,429,479
48360,74943,9931,36065,6709,65012,909,430,479
48365,74947,9931,36068,6709,65016,909,430,479
48370,74957,9932,36074,6709,65024,909,430,479
48375,74963,9934,36077,6710,65028,909,430,479
48380,74974,9936,36083,6711,65038,909,430,479
48385,74978,9936,36085,6711,65042,909,430,479
48390,74988,9937,36090,6711,65050,909,430,479
48395,74994,9939,36091,6712,65055,909,430,479
48400,75005,9940,36096,6712,65065,909,430,479
48405,75009,9940,36098,6712,65069,909,430,479
48410,75019,9941,36104,6713,65077,909,430,479
48415,75025,9943,36107,6715,65082,909,430,479
48420,75036,9944,36112,6715,65092,909,430,479
48425,75040,9944,36114,6715,65096,909,430,479
48430,75050,9945,36119,6715,65104,909,430,479
48435,75056,9947,36123,6717,65108,909,430,479
48440,75067,9949,36130,6719,65118,909,430,479
48445,75071,9949,36130,6719,65122,909,430,479
48450,75081,9950,36134,6719,65131,909,430,479
48455,75087,9951,36137,6719,65136,909,430,479
48460,75098,9952,36144,6719,65146,909,430,479
48465,75102,9952,36146,6719,65150,909,430,479
48470,75112,9954,36151,6720,65158,909,430,479
48475,75118,9955,36153,6720,65162,909,430,479
48480,75129,9957,36157,6721,65172,909,430,479
48485,75133,9957,36158,6721,65176,909,430,479
48490,75143,9958,36163,6721,65185,909,430,479
48495,75149,9959,36167,6722,65190,909,430,479
48500,75160,9961,36173,6724,65199,910,431,479
48505,75164,9961,36175,6724,65203,910,431,479
48510,75174,9962,36177,6724,65212,910,431,479
48515,75180,9963,36180,6724,65217,910,431,479
48520,75191,9967,36187,6728,65224,911,432,479
48525,75195,9967,36189,6728,65228,911,432,479
48530,75205,9968,36194,6728,65237,911,432,479
48535,75211,9969,36197,6728,65242,911,432,479
48540,75222,9972,36203,6731,65250,912,433,479
48545,75226,9972,36205,6731,65254,912,433,479
48550,75236,9973,36208,6731,65262,912,433,479
48555,75242,9975,36212,6733,65267,912,433,479
48560,75253,9975,36217,6733,65278,913,434,479
48565,75257,9975,36218,6733,65282,913,434,479
48570,75267,9976,36222,6734,65291,913,434,479
48575,75273,9977,36227,6735,65296,913,434,479
48580,75284,9978,36236,6736,65306,913,434,479
48585,75288,9978,36240,6736,65310,913,434,479
48590,75298,9980,36246,6738,65318,913,434,479
48595,75304,9981,36249,6739,65322,913,434,479
48600,75315,9983,36252,6741,65332,913,434,479
48605,75319,9983,36255,6741,65336,913,434,479
48610,75329,9985,36261,6742,65344,913,434,479
48615,75335,9985,36266,6742,65350,913,434,479
48620,75346,9985,36271,6742,65361,913,434,479
48625,75350,9986,36274,6743,65364,913,434,479
48630,75360,9988,36279,6744,65372,913,434,479
48635,75366,9988,36283,6744,65378,913,434,479
48640,75377,9988,36290,6744,65389,913,434,479
48645,75381,9989,36291,6745,65392,913,434,479
48650,75391,9991,36297,6746,65400,913,434,479
48655,75397,9991,36299,6746,65406,913,434,479
48660,75408,9993,36304,6747,65415,913,434,479
48665,75412,9993,36306,6747,65419,913,434,479
48670,75422,9995,36310,6748,65427,913,434,479
48675,75428,9995,36312,6748,65432,913,434,479
48680,75439,9998,36318,6750,65440,913,434,479
48685,75443,10000,36321,6752,65443,913,434,479
48690,75453,10002,36325,6752,65451,913,434,479
48695,75459,10002,36327,6752,65457,913,434,479
48700,75470,10003,36332,6752,65467,913,434,479
48705,75474,10004,36334,6753,65470,913,434,479
48710,75484,10006,36337,6754,65478,913,434,479
48715,75490,10007,36338,6754,65483,913,434,479
48720,75501,10010,36347,6757,65490,914,435,479
48725,75505,10011,36347,6758,65494,914,435,479
48730,75515,10012,36351,6758,65503,914,435,479
48735,75521,10013,36353,6758,65508,914,435,479
48740,75532,10014,36357,6758,65518,914,435,479
48745,75536,10014,36358,6758,65522,914,435,479
48750,75546,10015,36365,6759,65530,914,435,479
48755,75552,10017,36368,6760,65535,914,435,479
48760,75563,10019,36373,6761,65544,914,435,479
48765,75567,10020,36377,6762,65547,914,435,479
48770,75577,10021,36383,6762,65556,914,435,479
48775,75583,10022,36386,6762,65561,914,435,479
48780,75594,10024,36390,6764,65570,914,435,479
48785,75598,10024,36393,6764,65574,914,435,479
48790,75608,10025,36398,6764,65583,914,435,479
48795,75614,10025,36399,6764,65589,914,435,479
48800,75625,10026,36406,6764,65599,914,435,479
48805,75629,10027,36407,6765,65602,914,435,479
48810,75639,10028,36412,6765,65611,914,435,479
48815,75645,10028,36415,6765,65617,914,435,479
48820,75656,10029,36420,6766,65627,914,435,479
48825,75660,10029,36421,6766,65631,914,435,479
48830,75670,10031,36424,6767,65639,914,435,479
48835,75676,10031,36428,6767,65644,914,435,479
48840,75687,10034,36434,6769,65652,915,435,480
48845,75691,10035,36436,6770,65656,915,435,480
48850,75701,10036,36440,6770,65665,915,435,480
48855,75707,10037,36440,6770,65670,915,435,480
48860,75718,10039,36443,6771,65679,915,435,480
48865,75722,10039,36447,6771,65683,915,435,480
48870,75732,10040,36452,6771,65691,915,435,480
48875,75738,10042,36456,6772,65696,915,435,480
48880,75749,10044,36461,6774,65705,915,435,480
48885,75753,10044,36464,6774,65709,915,435,480
48890,75763,10045,36468,6774,65717,915,435,480
48895,75769,10047,36470,6775,65722,915,435,480
48900,75780,10049,36477,6777,65731,915,435,480
48905,75784,10050,36480,6778,65734,915,435,480
48910,75794,10052,36486,6778,65742,915,435,480
48915,75800,10053,36489,6779,65746,915,435,480
48920,75811,10055,36496,6780,65756,915,435,480
48925,75815,10055,36498,6780,65760,915,435,480
48930,75825,10057,36503,6780,65768,915,435,480
48935,75831,10058,36506,6781,65772,915,435,480
48940,75842,10060,36508,6783,65782,915,435,480
48945,75846,10060,36509,6783,65786,915,435,480
48950,75856,10062,36514,6784,65793,915,435,480
48955,75862,10064,36516,6786,65797,915,435,480
48960,75873,10068,36523,6790,65805,916,436,480
48965,75877,10068,36524,6790,65809,916,436,480
48970,75887,10069,36527,6790,65818,916,436,480
48975,75893,10070,36529,6791,65823,916,436,480
48980,75904,10071,36533,6791,65833,916,436,480
48985,75908,10071,36535,6791,65837,916,436,480
48990,75918,10072,36539,6791,65846,916,436,480
48995,75924,10073,36541,6791,65850,916,436,480
49000,75935,10075,36544,6793,65860,916,436,480
49005,75939,10076,36547,6794,65863,916,436,480
49010,75949,10077,36552,6795,65871,916,436,480
49015,75955,10079,36555,6797,65875,916,436,480
49020,75966,10081,36558,6798,65885,916,436,480
49025,75970,10081,36560,6798,65889,916,436,480
49030,75980,10081,36565,6798,65899,916,436,480
49035,75986,10081,36568,6798,65905,916,436,480
49040,75997,10083,36575,6800,65914,916,436,480
49045,76001,10084,36578,6801,65917,916,436,480
49050,76011,10084,36583,6801,65927,916,436,480
49055,76017,10084,36584,6801,65933,916,436,480
49060,76028,10086,36588,6802,65942,916,436,480
49065,76032,10086,36589,6802,65946,916,436,480
49070,76042,10087,36591,6802,65955,916,436,480
49075,76048,10087,36592,6802,65961,916,436,480
49080,76059,10088,36596,6802,65971,917,437,480
49085,76063,10089,36597,6803,65974,917,437,480
49090,76073,10090,36601,6803,65983,917,437,480
49095,76079,10090,36604,6803,65989,917,437,480
49100,76090,10091,36608,6804,65999,917,437,480
49105,76094,10091,36610,6804,66003,917,437,480
49110,76104,10092,36615,6804,66012,917,437,480
49115,76110,10092,36619,6804,66018,917,437,480
49120,76121,10094,36625,6805,66027,917,437,480
49125,76125,10094,36628,6805,66031,917,437,480
49130,76135,10096,36630,6805,66039,917,437,480
49135,76141,10097,36633,6806,66044,917,437,480
49140,76152,10100,36640,6809,66052,917,437,480
49145,76156,10100,36642,6809,66056,917,437,480
49150,76166,10102,36647,6811,66064,917,437,480
49155,76172,10103,36649,6811,66068,917,437,480
49160,76183,10106,36656,6814,66077,917,437,480
49165,76187,10106,36658,6814,66081,917,437,480
49170,76197,10108,36663,6816,66089,917,437,480
49175,76203,10109,36665,6816,66094,917,437,480
49180,76214,10110,36670,6817,66104,917,437,480
49185,76218,10110,36670,6817,66108,917,437,480
49190,76228,10112,36675,6819,66116,917,437,480
49195,76234,10113,36680,6820,66120,917,437,480
49200,76245,10115,36687,6821,66130,918,438,480
49205,76249,10115,36689,6821,66134,918,438,480
49210,76259,10117,36694,6823,66141,918,438,480
49215,76265,10119,36698,6825,66146,918,438,480
49220,76276,10119,36703,6825,66157,919,439,480
49225,76280,10119,36705,6825,66161,919,439,480
49230,76290,10121,36709,6826,66168,919,439,480
49235,76296,10123,36710,6827,66173,919,439,480
49240,76307,10124,36714,6828,66183,920,439,481
49245,76311,10125,36715,6829,66186,920,439,481
49250,76321,10127,36717,6829,66194,920,439,481
49255,76327,10128,36721,6830,66198,920,439,481
49260,76338,10130,36726,6832,66208,921,439,482
49265,76342,10131,36728,6833,66211,921,439,482
49270,76352,10132,36735,6833,66220,921,439,482
49275,76358,10133,36737,6833,66225,921,439,482
49280,76369,10133,36744,6833,66236,922,440,482
49285,76373,10133,36747,6833,66240,922,440,482
49290,76383,10134,36752,6834,66249,922,440,482
49295,76389,10135,36755,6834,66254,922,440,482
49300,76400,10135,36759,6834,66265,923,440,483
49305,76404,10135,36761,6834,66269,923,440,483
49310,76414,10136,36764,6835,66278,923,440,483
49315,76420,10137,36764,6835,66283,923,440,483
49320,76431,10139,36768,6836,66292,924,441,483
49325,76435,10139,36769,6836,66296,924,441,483
49330,76445,10140,36776,6836,66304,924,441,483
49335,76451,10142,36778,6837,66309,924,441,483
49340,76462,10144,36781,6838,66318,924,441,483
49345,76466,10144,36783,6838,66322,924,441,483
49350,76476,10145,36788,6838,66331,924,441,483
49355,76482,10146,36792,6839,66336,924,441,483
49360,76493,10148,36799,6840,66345,924,441,483
49365,76497,10148,36800,6840,66349,924,441,483
49370,76507,10150,36806,6840,66356,924,441,483
49375,76513,10152,36809,6842,66361,924,441,483
49380,76524,10153,36816,6843,66371,924,441,483
49385,76528,10153,36819,6843,66375,924,441,483
49390,76538,10155,36824,6844,66382,924,441,483
49395,76544,10157,36827,6845,66387,924,441,483
49400,76555,10158,36833,6845,66397,924,441,483
49405,76559,10158,36834,6845,66401,924,441,483
49410,76569,10160,36838,6846,66408,924,441,483
49415,76575,10162,36842,6847,66413,924,441,483
49420,76586,10163,36848,6847,66423,924,441,483
49425,76590,10163,36851,6847,66427,924,441,483
49430,76600,10165,36854,6847,66434,924,441,483
49435,76606,10167,36856,6848,66438,924,441,483
49440,76617,10169,36857,6849,66447,925,441,484
49445,76621,10170,36859,6850,66451,925,441,484
49450,76631,10172,36861,6851,66458,925,441,484
49455,76637,10174,36863,6852,66463,925,441,484
49460,76648,10176,36870,6853,66472,926,442,484
49465,76652,10176,36871,6853,66476,926,442,484
49470,76662,10178,36878,6855,66483,926,442,484
49475,76668,10180,36881,6857,66487,926,442,484
49480,76679,10184,36884,6860,66495,927,442,485
49485,76683,10184,36888,6860,66499,927,442,485
49490,76693,10186,36894,6860,66507,927,442,485
49495,76699,10187,36896,6860,66511,927,442,485
49500,76710,10191,36900,6863,66519,928,442,486
49505,76714,10192,36902,6864,66522,928,442,486
49510,76724,10194,36906,6864,66530,928,442,486
49515,76730,10195,36910,6865,66534,928,442,486
49520,76741,10197,36916,6866,66544,928,442,486
49525,76745,10197,36919,6866,66548,928,442,486
49530,76755,10199,36924,6867,66556,928,442,486
49535,76761,10200,36927,6868,66561,928,442,486
49540,76772,10202,36931,6870,66570,928,442,486
49545,76776,10202,36934,6870,66574,928,442,486
49550,76786,10204,36938,6871,66582,928,442,486
49555,76792,10205,36943,6872,66586,928,442,486
49560,76803,10209,36951,6876,66594,928,442,486
49565,76807,10210,36953,6877,66597,928,442,486
49570,76817,10210,36959,6877,66607,928,442,486
49575,76823,10210,36963,6877,66613,928,442,486
49580,76834,10210,36967,6877,66624,928,442,486
49585,76838,10210,36970,6877,66628,928,442,486
49590,76848,10210,36975,6877,66638,928,442,486
49595,76854,10210,36980,6877,66644,928,442,486
49600,76865,10210,36986,6877,66655,928,442,486
49605,76869,10210,36986,6877,66659,928,442,486
49610,76879,10210,36993,6877,66669,928,442,486
49615,76885,10210,36996,6877,66675,928,442,486
49620,76896,10210,37001,6877,66686,928,442,486
49625,76900,10210,37003,6877,66690,928,442,486
49630,76910,10210,37009,6877,66700,928,442,486
49635,76916,10211,37011,6877,66705,928,442,486
49640,76927,10211,37012,6877,66716,928,442,486
49645,76931,10211,37015,6877,66720,928,442,486
49650,76941,10211,37020,6877,66730,928,442,486
49655,76947,10212,37024,6878,66735,928,442,486
49660,76958,10212,37029,6878,66746,928,442,486
49665,76962,10212,37031,6878,66750,928,442,486
49670,76972,10213,37035,6878,66758,928,442,486
49675,76978,10215,37037,6880,66763,928,442,486
49680,76989,10217,37043,6881,66772,929,443,486
49685,76993,10218,37047,6882,66775,929,443,486
49690,77003,10220,37050,6883,66783,929,443,486
49695,77009,10221,37052,6884,66788,929,443,486
49700,77020,10223,37058,6886,66797,930,443,487
49705,77024,10224,37060,6887,66800,930,443,487
49710,77034,10226,37066,6888,66807,930,443,487
49715,77040,10228,37068,6889,66812,930,443,487
49720,77051,10230,37073,6891,66821,931,443,488
49725,77055,10230,37073,6891,66825,931,443,488
49730,77065,10232,37076,6892,66833,931,443,488
49735,77071,10233,37077,6892,66838,931,443,488
49740,77082,10234,37083,6893,66848,932,444,488
49745,77086,10235,37084,6894,66851,932,444,488
49750,77096,10237,37090,6896,66859,932,444,488
49755,77102,10237,37094,6896,66864,932,444,488
49760,77113,10239,37099,6897,66874,932,444,488
49765,77117,10240,37101,6898,66877,932,444,488
49770,77127,10242,37106,6898,66885,932,444,488
49775,77133,10242,37108,6898,66890,932,444,488
49780,77144,10245,37113,6900,66899,932,444,488
49785,77148,10245,37115,6900,66903,932,444,488
49790,77158,10247,37120,6900,66911,932,444,488
49795,77164,10247,37122,6900,66917,932,444,488
49800,77175,10248,37128,6901,66927,932,444,488
49805,77179,10250,37132,6903,66929,932,444,488
49810,77189,10252,37135,6904,66937,932,444,488
49815,77195,10252,37137,6904,66942,932,444,488
49820,77206,10254,37141,6906,66952,932,444,488
49825,77210,10254,37143,6906,66956,932,444,488
49830,77220,10255,37145,6906,66965,932,444,488
49835,77226,10255,37146,6906,66971,932,444,488
49840,77237,10256,37151,6907,66981,932,444,488
49845,77241,10256,37152,6907,66985,932,444,488
49850,77251,10257,37157,6908,66994,932,444,488
49855,77257,10258,37158,6908,66999,932,444,488
49860,77268,10260,37161,6910,67008,933,444,489
49865,77272,10260,37162,6910,67012,933,444,489
49870,77282,10262,37166,6910,67020,933,444,489
49875,77288,10263,37169,6911,67025,933,444,489
49880,77299,10263,37173,6911,67036,933,444,489
49885,77303,10263,37173,6911,67040,933,444,489
49890,77313,10265,37179,6911,67047,933,444,489
49895,77319,10267,37182,6912,67052,933,444,489
49900,77330,10267,37190,6912,67063,933,444,489
49905,77334,10267,37191,6912,67067,933,444,489
49910,77344,10269,37196,6913,67075,933,444,489
49915,77350,10270,37198,6914,67080,933,444,489
49920,77361,10270,37203,6914,67091,933,444,489
49925,77365,10270,37206,6914,67095,933,444,489
49930,77375,10272,37209,6915,67102,933,444,489
49935,77381,10274,37213,6917,67107,933,444,489
49940,77392,10274,37215,6917,67118,933,444,489
49945,77396,10274,37218,6917,67122,933,444,489
49950,77406,10276,37223,6917,67129,933,444,489
49955,77412,10278,37228,6919,67134,933,444,489
49960,77423,10278,37234,6919,67145,933,444,489
49965,77427,10278,37236,6919,67149,933,444,489
49970,77437,10280,37241,6920,67156,933,444,489
49975,77443,10282,37243,6921,67161,933,444,489
49980,77454,10284,37248,6922,67170,934,444,490
49985,77458,10285,37250,6923,67173,934,444,490
49990,77468,10285,37257,6923,67183,934,444,490
49995,77474,10286,37258,6923,67188,934,444,490
50000,77485,10288,37263,6924,67197,934,444,490
50005,77489,10289,37264,6925,67200,934,444,490
50010,77499,10289,37265,6925,67210,934,444,490
50015,77505,10290,37269,6926,67215,934,444,490
50020,77516,10291,37271,6927,67225,934,444,490
50025,77520,10291,37273,6927,67229,934,444,490
50030,77530,10291,37279,6927,67239,934,444,490
50035,77536,10292,37285,6928,67244,934,444,490
50040,77547,10295,37294,6931,67252,934,444,490
50045,77551,10295,37296,6931,67256,934,444,490
50050,77561,10295,37300,6931,67266,934,444,490
50055,77567,10296,37303,6932,67271,934,444,490
50060,77578,10299,37309,6934,67279,934,444,490
50065,77582,10299,37311,6934,67283,934,444,490
50070,77592,10299,37316,6934,67293,934,444,490
50075,77598,10300,37318,6934,67298,934,444,490
50080,77609,10303,37327,6937,67306,934,444,490
50085,77613,10303,37331,6937,67310,934,444,490
50090,77623,10305,37339,6938,67318,934,444,490
50095,77629,10306,37341,6938,67323,934,444,490
50100,77640,10309,37350,6941,67331,934,444,490
50105,77644,10309,37354,6941,67335,934,444,490
50110,77654,10311,37359,6943,67343,934,444,490
50115,77660,10312,37362,6944,67348,934,444,490
50120,77671,10313,37367,6945,67358,934,444,490
50125,77675,10313,37367,6945,67362,934,444,490
50130,77685,10315,37371,6946,67370,934,444,490
50135,77691,10316,37375,6947,67374,934,444,490
50140,77702,10317,37381,6948,67385,934,444,490
50145,77706,10318,37382,6949,67388,934,444,490
50150,77716,10320,37388,6950,67395,934,444,490
50155,77722,10322,37392,6952,67399,934,444,490
50160,77733,10324,37395,6954,67409,934,444,490
50165,77737,10325,37399,6955,67412,934,444,490
50170,77747,10327,37404,6956,67420,934,444,490
50175,77753,10328,37410,6957,67424,934,444,490
50180,77764,10330,37414,6959,67434,934,444,490
50185,77768,10331,37417,6960,67437,934,444,490
50190,77778,10333,37423,6960,67444,934,444,490
50195,77784,10335,37427,6962,67449,934,444,490
50200,77795,10338,37436,6964,67457,934,444,490
50205,77799,10338,37439,6964,67461,934,444,490
50210,77809,10340,37443,6964,67468,934,444,490
50215,77815,10342,37445,6966,67473,934,444,490
50220,77826,10344,37449,6967,67482,935,445,490
50225,77830,10344,37450,6967,67486,935,445,490
50230,77840,10345,37457,6968,67495,935,445,490
50235,77846,10346,37461,6969,67499,935,445,490
50240,77857,10348,37463,6970,67509,935,445,490
50245,77861,10348,37463,6970,67513,935,445,490
50250,77871,10349,37468,6970,67522,935,445,490
50255,77877,10350,37471,6971,67527,935,445,490
50260,77888,10351,37475,6971,67537,935,445,490
50265,77892,10351,37476,6971,67541,935,445,490
50270,77902,10352,37477,6971,67550,935,445,490
50275,77908,10353,37480,6972,67554,935,445,490
50280,77919,10355,37485,6973,67564,935,445,490
50285,77923,10355,37487,6973,67568,935,445,490
50290,77933,10356,37488,6974,67577,935,445,490
50295,77939,10357,37489,6975,67582,935,445,490
50300,77950,10358,37492,6976,67592,935,445,490
50305,77954,10358,37493,6976,67596,935,445,490
50310,77964,10359,37500,6977,67605,935,445,490
50315,77970,10360,37502,6977,67610,935,445,490
50320,77981,10361,37506,6978,67620,935,445,490
50325,77985,10361,37506,6978,67624,935,445,490
50330,77995,10363,37511,6979,67631,935,445,490
50335,78001,10365,37514,6980,67636,935,445,490
50340,78012,10368,37519,6983,67644,936,445,491
50345,78016,10370,37521,6985,67646,936,445,491
50350,78026,10371,37526,6986,67655,936,445,491
50355,78032,10371,37528,6986,67661,936,445,491
50360,78043,10372,37533,6987,67671,936,445,491
50365,78047,10372,37535,6987,67675,936,445,491
50370,78057,10373,37539,6988,67684,936,445,491
50375,78063,10373,37541,6988,67690,936,445,491
50380,78074,10373,37546,6988,67701,936,445,491
50385,78078,10373,37547,6988,67705,936,445,491
50390,78088,10374,37549,6988,67714,936,445,491
50395,78094,10374,37554,6988,67720,936,445,491
50400,78105,10374,37559,6988,67731,936,445,491
50405,78109,10374,37560,6988,67735,936,445,491
50410,78119,10375,37567,6989,67744,936,445,491
50415,78125,10375,37568,6989,67750,936,445,491
50420,78136,10375,37571,6989,67761,936,445,491
50425,78140,10375,37575,6989,67765,936,445,491
50430,78150,10376,37579,6989,67774,936,445,491
50435,78156,10376,37583,6989,67780,936,445,491
50440,78167,10376,37587,6989,67791,936,445,491
50445,78171,10376,37589,6989,67795,936,445,491
50450,78181,10377,37596,6990,67804,936,445,491
50455,78187,10378,37601,6991,67808,936,445,491
50460,78198,10381,37606,6994,67816,937,445,492
50465,78202,10382,37608,6995,67820,937,445,492
50470,78212,10382,37611,6995,67830,937,445,492
50475,78218,10383,37614,6996,67835,937,445,492
50480,78229,10384,37620,6996,67845,937,445,492
50485,78233,10384,37623,6996,67849,937,445,492
50490,78243,10384,37629,6996,67859,937,445,492
50495,78249,10385,37634,6997,67864,937,445,492
50500,78260,10387,37640,6998,67873,937,445,492
50505,78264,10387,37642,6998,67877,937,445,492
50510,78274,10387,37646,6998,67887,937,445,492
50515,78280,10388,37647,6998,67892,937,445,492
50520,78291,10389,37649,6998,67902,937,445,492
50525,78295,10389,37651,6998,67906,937,445,492
50530,78305,10389,37656,6998,67916,937,445,492
50535,78311,10390,37659,6998,67921,937,445,492
50540,78322,10391,37668,6999,67931,937,445,492
50545,78326,10392,37672,7000,67934,937,445,492
50550,78336,10392,37679,7000,67943,937,445,492
50555,78342,10394,37682,7002,67948,937,445,492
50560,78353,10395,37689,7002,67958,937,445,492
50565,78357,10396,37692,7003,67961,937,445,492
50570,78367,10398,37698,7004,67969,937,445,492
50575,78373,10399,37702,7005,67974,937,445,492
50580,78384,10401,37707,7006,67983,937,445,492
50585,78388,10401,37709,7006,67987,937,445,492
50590,78398,10403,37715,7008,67994,937,445,492
50595,78404,10405,37716,7009,67999,937,445,492
50600,78415,10406,37719,7009,68009,937,445,492
50605,78419,10406,37719,7009,68013,937,445,492
50610,78429,10408,37724,7010,68021,937,445,492
50615,78435,10409,37727,7011,68026,937,445,492
50620,78446,10410,37731,7011,68036,937,445,492
50625,78450,10410,37732,7011,68040,937,445,492
50630,78460,10412,37737,7011,68048,937,445,492
50635,78466,10413,37739,7011,68053,937,445,492
50640,78477,10416,37743,7013,68061,937,445,492
50645,78481,10417,37746,7014,68064,937,445,492
50650,78491,10419,37749,7015,68072,937,445,492
50655,78497,10420,37753,7015,68077,937,445,492
50660,78508,10422,37759,7016,68086,937,445,492
50665,78512,10422,37761,7016,68090,937,445,492
50670,78522,10424,37765,7017,68097,937,445,492
50675,78528,10426,37767,7018,68101,937,445,492
50680,78539,10429,37770,7020,68110,937,445,492
50685,78543,10430,37772,7021,68113,937,445,492
50690,78553,10432,37776,7022,68121,937,445,492
50695,78559,10433,37778,7023,68126,937,445,492
50700,78570,10435,37783,7024,68135,938,446,492
50705,78574,10435,37784,7024,68139,938,446,492
50710,78584,10436,37789,7025,68148,938,446,492
50715,78590,10437,37791,7025,68153,938,446,492
50720,78601,10437,37795,7025,68164,939,446,493
50725,78605,10437,37797,7025,68168,939,446,493
50730,78615,10438,37803,7025,68177,939,446,493
50735,78621,10439,37806,7026,68182,939,446,493
50740,78632,10439,37811,7026,68193,940,447,493
50745,78636,10439,37814,7026,68197,940,447,493
50750,78646,10440,37819,7027,68206,940,447,493
50755,78652,10441,37821,7028,68211,940,447,493
50760,78663,10442,37826,7029,68221,940,447,493
50765,78667,10442,37828,7029,68225,940,447,493
50770,78677,10443,37834,7030,68234,940,447,493
50775,78683,10444,37837,7031,68239,940,447,493
50780,78694,10444,37840,7031,68250,940,447,493
50785,78698,10444,37842,7031,68254,940,447,493
50790,78708,10445,37845,7031,68263,940,447,493
50795,78714,10446,37847,7031,68268,940,447,493
50800,78725,10446,37851,7031,68279,940,447,493
50805,78729,10446,37853,7031,68283,940,447,493
50810,78739,10448,37857,7032,68291,940,447,493
50815,78745,10449,37860,7033,68296,940,447,493
50820,78756,10451,37867,7035,68304,940,447,493
50825,78760,10453,37870,7037,68307,940,447,493
50830,78770,10455,37876,7038,68314,940,447,493
50835,78776,10457,37878,7039,68319,940,447,493
50840,78787,10458,37885,7040,68329,940,447,493
50845,78791,10460,37888,7042,68331,940,447,493
50850,78801,10462,37893,7042,68339,940,447,493
50855,78807,10463,37896,7043,68343,940,447,493
50860,78818,10465,37902,7044,68353,940,447,493
50865,78822,10467,37905,7046,68355,940,447,493
50870,78832,10469,37908,7046,68362,940,447,493
50875,78838,10471,37910,7048,68367,940,447,493
50880,78849,10472,37915,7049,68377,941,447,494
50885,78853,10472,37916,7049,68381,941,447,494
50890,78863,10473,37920,7050,68390,941,447,494
50895,78869,10474,37921,7050,68395,941,447,494
50900,78880,10475,37926,7050,68405,941,447,494
50905,78884,10476,37928,7051,68408,941,447,494
50910,78894,10477,37934,7052,68417,941,447,494
50915,78900,10478,37938,7052,68421,941,447,494
50920,78911,10480,37943,7053,68431,941,447,494
50925,78915,10480,37945,7053,68435,941,447,494
50930,78925,10481,37948,7053,68443,941,447,494
50935,78931,10483,37949,7054,68447,941,447,494
50940,78942,10485,37953,7055,68457,941,447,494
50945,78946,10485,37955,7055,68461,941,447,494
50950,78956,10486,37960,7055,68470,941,447,494
50955,78962,10486,37965,7055,68476,941,447,494
50960,78973,10487,37971,7055,68486,941,447,494
50965,78977,10487,37974,7055,68490,941,447,494
50970,78987,10488,37979,7056,68499,941,447,494
50975,78993,10488,37983,7056,68505,941,447,494
50980,79004,10490,37990,7057,68514,941,447,494
50985,79008,10491,37993,7058,68517,941,447,494
50990,79018,10493,37999,7058,68525,941,447,494
50995,79024,10493,38001,7058,68531,941,447,494
51000,79035,10494,38006,7058,68540,942,448,494
51005,79039,10495,38008,7059,68544,942,448,494
51010,79049,10497,38011,7060,68552,942,448,494
51015,79055,10497,38016,7060,68558,942,448,494
51020,79066,10497,38020,7060,68569,942,448,494
51025,79070,10497,38022,7060,68573,942,448,494
51030,79080,10499,38027,7060,68581,942,448,494
51035,79086,10499,38032,7060,68587,942,448,494
51040,79097,10499,38036,7060,68598,942,448,494
51045,79101,10499,38036,7060,68602,942,448,494
51050,79111,10501,38044,7062,68610,942,448,494
51055,79117,10502,38047,7062,68615,942,448,494
51060,79128,10502,38051,7062,68626,942,448,494
51065,79132,10502,38055,7062,68630,942,448,494
51070,79142,10504,38059,7062,68638,942,448,494
51075,79148,10505,38062,7063,68643,942,448,494
51080,79159,10506,38065,7064,68653,942,448,494
51085,79163,10506,38067,7064,68657,942,448,494
51090,79173,10508,38073,7066,68665,942,448,494
51095,79179,10509,38077,7066,68670,942,448,494
51100,79190,10511,38082,7068,68679,942,448,494
51105,79194,10511,38086,7068,68683,942,448,494
51110,79204,10513,38091,7069,68690,942,448,494
51115,79210,10515,38094,7070,68694,942,448,494
51120,79221,10518,38097,7072,68702,943,448,495
51125,79225,10520,38099,7074,68705,943,448,495
51130,79235,10521,38105,7074,68713,943,448,495
51135,79241,10523,38108,7076,68717,943,448,495
51140,79252,10525,38110,7078,68727,943,448,495
51145,79256,10526,38113,7079,68730,943,448,495
51150,79266,10527,38119,7080,68738,943,448,495
51155,79272,10529,38122,7081,68742,943,448,495
51160,79283,10531,38126,7082,68752,943,448,495
51165,79287,10532,38129,7083,68755,943,448,495
51170,79297,10533,38134,7083,68763,943,448,495
51175,79303,10535,38134,7084,68768,943,448,495
51180,79314,10537,38141,7085,68777,943,448,495
51185,79318,10537,38142,7085,68781,943,448,495
51190,79328,10538,38145,7085,68790,943,448,495
51195,79334,10538,38148,7085,68795,943,448,495
51200,79345,10540,38152,7087,68805,943,448,495
51205,79349,10541,38154,7088,68808,943,448,495
51210,79359,10542,38161,7089,68817,943,448,495
51215,79365,10542,38163,7089,68823,943,448,495
51220,79376,10543,38169,7089,68833,943,448,495
51225,79380,10544,38173,7090,68836,943,448,495
51230,79390,10545,38179,7091,68845,943,448,495
51235,79396,10545,38183,7091,68850,943,448,495
51240,79407,10547,38186,7092,68860,944,449,495
51245,79411,10547,38188,7092,68864,944,449,495
51250,79421,10548,38192,7093,68873,944,449,495
51255,79427,10548,38197,7093,68879,944,449,495
51260,79438,10549,38202,7093,68889,944,449,495
51265,79442,10549,38205,7093,68893,944,449,495
51270,79452,10550,38210,7093,68902,944,449,495
51275,79458,10550,38212,7093,68908,944,449,495
51280,79469,10551,38216,7093,68918,944,449,495
51285,79473,10551,38219,7093,68922,944,449,495
51290,79483,10552,38223,7094,68931,944,449,495
51295,79489,10553,38226,7094,68936,944,449,495
51300,79500,10554,38231,7095,68946,944,449,495
51305,79504,10554,38232,7095,68950,944,449,495
51310,79514,10555,38237,7096,68958,944,449,495
51315,79520,10557,38239,7097,68963,944,449,495
51320,79531,10558,38242,7098,68973,944,449,495
51325,79535,10558,38243,7098,68977,944,449,495
51330,79545,10559,38248,7098,68986,944,449,495
51335,79551,10560,38252,7098,68991,944,449,495
51340,79562,10561,38259,7098,69001,944,449,495
51345,79566,10561,38259,7098,69005,944,449,495
51350,79576,10563,38262,7099,69012,944,449,495
51355,79582,10565,38266,7101,69016,944,449,495
51360,79593,10567,38270,7103,69026,945,450,495
51365,79597,10568,38271,7104,69029,945,450,495
51370,79607,10569,38276,7105,69038,945,450,495
51375,79613,10570,38276,7105,69043,945,450,495
51380,79624,10571,38283,7106,69053,945,450,495
51385,79628,10571,38284,7106,69057,945,450,495
51390,79638,10572,38288,7107,69066,945,450,495
51395,79644,10573,38290,7108,69071,945,450,495
51400,79655,10574,38298,7108,69081,945,450,495
51405,79659,10575,38300,7109,69084,945,450,495
51410,79669,10576,38305,7110,69093,945,450,495
51415,79675,10577,38308,7111,69098,945,450,495
51420,79686,10578,38312,7112,69108,945,450,495
51425,79690,10579,38314,7113,69111,945,450,495
51430,79700,10580,38318,7113,69120,945,450,495
51435,79706,10581,38319,7113,69125,945,450,495
51440,79717,10582,38326,7114,69135,945,450,495
51445,79721,10583,38327,7115,69138,945,450,495
51450,79731,10584,38333,7115,69147,945,450,495
51455,79737,10585,38336,7116,69152,945,450,495
51460,79748,10586,38341,7116,69162,945,450,495
51465,79752,10587,38344,7117,69165,945,450,495
51470,79762,10589,38352,7118,69172,945,450,495
51475,79768,10591,38356,7120,69177,945,450,495
51480,79779,10595,38362,7123,69184,946,450,496
51485,79783,10595,38365,7123,69188,946,450,496
51490,79793,10597,38372,7124,69195,946,450,496
51495,79799,10599,38375,7126,69199,946,450,496
51500,79810,10600,38382,7127,69210,946,450,496
51505,79814,10600,38383,7127,69214,946,450,496
51510,79824,10602,38387,7128,69222,946,450,496
51515,79830,10603,38389,7129,69227,946,450,496
51520,79841,10603,38392,7129,69238,946,450,496
51525,79845,10603,38394,7129,69242,946,450,496
51530,79855,10605,38398,7131,69250,946,450,496
51535,79861,10606,38400,7131,69255,946,450,496
51540,79872,10606,38405,7131,69266,946,450,496
51545,79876,10606,38407,7131,69270,946,450,496
51550,79886,10608,38412,7132,69278,946,450,496
51555,79892,10609,38416,7133,69282,946,450,496
51560,79903,10610,38419,7134,69293,946,450,496
51565,79907,10610,38421,7134,69297,946,450,496
51570,79917,10612,38425,7134,69304,946,450,496
51575,79923,10614,38428,7135,69309,946,450,496
51580,79934,10614,38434,7135,69320,946,450,496
51585,79938,10615,38437,7136,69323,946,450,496
51590,79948,10617,38441,7137,69331,946,450,496
51595,79954,10618,38443,7138,69336,946,450,496
51600,79965,10620,38447,7140,69345,947,450,497
51605,79969,10620,38449,7140,69349,947,450,497
51610,79979,10621,38452,7140,69358,947,450,497
51615,79985,10621,38455,7140,69364,947,450,497
51620,79996,10622,38460,7141,69374,947,450,497
51625,80000,10622,38462,7141,69378,947,450,497
51630,80010,10623,38467,7141,69387,947,450,497
51635,80016,10623,38470,7141,69393,947,450,497
51640,80027,10625,38476,7143,69402,947,450,497
51645,80031,10625,38477,7143,69406,947,450,497
51650,80041,10626,38481,7144,69415,947,450,497
51655,80047,10626,38482,7144,69421,947,450,497
51660,80058,10628,38487,7146,69430,947,450,497
51665,80062,10629,38488,7147,69433,947,450,497
51670,80072,10630,38492,7147,69442,947,450,497
51675,80078,10630,38496,7147,69447,947,450,497
51680,80089,10633,38502,7150,69456,947,450,497
51685,80093,10633,38502,7150,69460,947,450,497
51690,80103,10634,38510,7150,69469,947,450,497
51695,80109,10634,38512,7150,69474,947,450,497
51700,80120,10637,38516,7152,69483,947,450,497
51705,80124,10637,38516,7152,69487,947,450,497
51710,80134,10639,38521,7153,69495,947,450,497
51715,80140,10640,38525,7154,69499,947,450,497
51720,80151,10644,38529,7157,69507,948,450,498
51725,80155,10644,38531,7157,69511,948,450,498
51730,80165,10644,38536,7157,69521,948,450,498
51735,80171,10645,38540,7158,69526,948,450,498
51740,80182,10645,38545,7158,69537,948,450,498
51745,80186,10645,38548,7158,69541,948,450,498
51750,80196,10645,38552,7158,69550,948,450,498
51755,80202,10647,38555,7160,69555,948,450,498
51760,80213,10648,38561,7161,69565,948,450,498
51765,80217,10648,38565,7161,69569,948,450,498
51770,80227,10648,38568,7161,69578,948,450,498
51775,80233,10650,38572,7163,69583,948,450,498
51780,80244,10650,38579,7163,69594,948,450,498
51785,80248,10650,38580,7163,69598,948,450,498
51790,80258,10650,38584,7163,69608,948,450,498
51795,80264,10651,38589,7164,69613,948,450,498
51800,80275,10651,38596,7164,69624,948,450,498
51805,80279,10651,38598,7164,69628,948,450,498
51810,80289,10651,38602,7164,69638,948,450,498
51815,80295,10652,38603,7164,69643,948,450,498
51820,80306,10652,38610,7164,69654,948,450,498
51825,80310,10652,38612,7164,69658,948,450,498
51830,80320,10654,38619,7166,69666,948,450,498
51835,80326,10655,38621,7167,69671,948,450,498
51840,80337,10656,38627,7168,69681,949,451,498
51845,80341,10657,38628,7169,69684,949,451,498
51850,80351,10658,38631,7169,69693,949,451,498
51855,80357,10659,38635,7170,69697,949,451,498
51860,80368,10661,38641,7172,69707,949,451,498
51865,80372,10662,38644,7173,69710,949,451,498
51870,80382,10663,38648,7174,69719,949,451,498
51875,80388,10664,38652,7175,69724,949,451,498
51880,80399,10665,38658,7175,69734,949,451,498
51885,80403,10665,38660,7175,69738,949,451,498
51890,80413,10666,38667,7176,69746,949,451,498
51895,80419,10668,38669,7177,69751,949,451,498
51900,80430,10669,38671,7177,69761,949,451,498
51905,80434,10669,38674,7177,69765,949,451,498
51910,80444,10670,38679,7177,69773,949,451,498
51915,80450,10672,38682,7178,69777,949,451,498
51920,80461,10674,38688,7179,69787,949,451,498
51925,80465,10674,38690,7179,69791,949,451,498
51930,80475,10675,38695,7180,69800,949,451,498
51935,80481,10676,38698,7181,69804,949,451,498
51940,80492,10678,38701,7182,69814,949,451,498
51945,80496,10678,38703,7182,69818,949,451,498
51950,80506,10680,38712,7184,69825,949,451,498
51955,80512,10682,38714,7186,69830,949,451,498
51960,80523,10683,38717,7186,69839,950,451,499
51965,80527,10684,38718,7187,69843,950,451,499
51970,80537,10685,38724,7188,69852,950,451,499
51975,80543,10686,38726,7188,69857,950,451,499
51980,80554,10687,38730,7188,69867,950,451,499
51985,80558,10687,38732,7188,69871,950,451,499
51990,80568,10688,38737,7188,69880,950,451,499
51995,80574,10689,38741,7189,69885,950,451,499
52000,80585,10690,38743,7190,69895,950,451,499
52005,80589,10690,38745,7190,69899,950,451,499
52010,80599,10691,38750,7190,69908,950,451,499
52015,80605,10692,38754,7191,69913,950,451,499
52020,80616,10693,38758,7192,69923,950,451,499
52025,80620,10693,38759,7192,69927,950,451,499
52030,80630,10694,38761,7192,69936,950,451,499
52035,80636,10695,38764,7193,69941,950,451,499
52040,80647,10696,38770,7194,69951,950,451,499
52045,80651,10696,38772,7194,69955,950,451,499
52050,80661,10697,38778,7195,69964,950,451,499
52055,80667,10698,38781,7196,69969,950,451,499
52060,80678,10699,38787,7197,69979,950,451,499
52065,80682,10699,38790,7197,69983,950,451,499
52070,80692,10701,38795,7198,69991,950,451,499
52075,80698,10702,38799,7198,69995,950,451,499
52080,80709,10704,38805,7200,70004,951,452,499
52085,80713,10706,38806,7202,70007,951,452,499
52090,80723,10708,38810,7203,70014,951,452,499
52095,80729,10710,38813,7204,70019,951,452,499
52100,80740,10711,38819,7204,70029,951,452,499
52105,80744,10711,38821,7204,70033,951,452,499
52110,80754,10713,38828,7206,70041,951,452,499
52115,80760,10713,38831,7206,70046,951,452,499
52120,80771,10715,38835,7207,70056,951,452,499
52125,80775,10716,38837,7208,70059,951,452,499
52130,80785,10718,38842,7208,70067,951,452,499
52135,80791,10718,38847,7208,70072,951,452,499
52140,80802,10720,38854,7210,70082,951,452,499
52145,80806,10720,38855,7210,70086,951,452,499
52150,80816,10722,38858,7211,70094,951,452,499
52155,80822,10722,38861,7211,70099,951,452,499
52160,80833,10724,38867,7212,70109,951,452,499
52165,80837,10724,38870,7212,70113,951,452,499
52170,80847,10726,38877,7214,70121,951,452,499
52175,80853,10726,38880,7214,70127,951,452,499
52180,80864,10727,38885,7215,70137,951,452,499
52185,80868,10727,38887,7215,70141,951,452,499
52190,80878,10729,38890,7215,70149,951,452,499
52195,80884,10729,38892,7215,70154,951,452,499
52200,80895,10733,38899,7218,70162,952,453,499
52205,80899,10733,38900,7218,70166,952,453,499
52210,80909,10734,38906,7219,70175,952,453,499
52215,80915,10735,38912,7220,70180,952,453,499
52220,80926,10738,38917,7222,70188,952,453,499
52225,80930,10738,38919,7222,70192,952,453,499
52230,80940,10739,38925,7222,70201,952,453,499
52235,80946,10740,38927,7222,70206,952,453,499
52240,80957,10742,38934,7224,70215,952,453,499
52245,80961,10742,38936,7224,70219,952,453,499
52250,80971,10743,38943,7225,70228,952,453,499
52255,80977,10744,38945,7225,70233,952,453,499
52260,80988,10745,38949,7226,70243,952,453,499
52265,80992,10745,38950,7226,70247,952,453,499
52270,81002,10746,38954,7227,70256,952,453,499
52275,81008,10747,38958,7228,70261,952,453,499
52280,81019,10749,38963,7229,70270,952,453,499
52285,81023,10749,38965,7229,70274,952,453,499
52290,81033,10750,38970,7229,70283,952,453,499
52295,81039,10751,38973,7229,70288,952,453,499
52300,81050,10752,38978,7230,70298,952,453,499
52305,81054,10752,38981,7230,70302,952,453,499
52310,81064,10754,38986,7230,70310,952,453,499
52315,81070,10755,38990,7231,70315,952,453,499
52320,81081,10757,38993,7232,70324,953,454,499
52325,81085,10757,38994,7232,70328,953,454,499
52330,81095,10759,38997,7232,70335,953,454,499
52335,81101,10761,39001,7234,70340,953,454,499
52340,81112,10761,39001,7234,70351,953,454,499
52345,81116,10762,39004,7235,70354,953,454,499
52350,81126,10764,39011,7236,70361,953,454,499
52355,81132,10766,39013,7238,70365,953,454,499
52360,81143,10767,39020,7239,70376,953,454,499
52365,81147,10767,39021,7239,70380,953,454,499
52370,81157,10769,39027,7240,70388,953,454,499
52375,81163,10770,39028,7240,70393,953,454,499
52380,81174,10770,39033,7240,70404,953,454,499
52385,81178,10771,39035,7241,70407,953,454,499
52390,81188,10773,39039,7242,70415,953,454,499
52395,81194,10774,39044,7243,70420,953,454,499
52400,81205,10774,39049,7243,70431,953,454,499
52405,81209,10774,39050,7243,70435,953,454,499
52410,81219,10776,39056,7244,70442,953,454,499
52415,81225,10778,39062,7246,70446,953,454,499
52420,81236,10779,39067,7247,70457,953,454,499
52425,81240,10780,39070,7248,70460,953,454,499
52430,81250,10782,39072,7248,70468,953,454,499
52435,81256,10783,39077,7249,70472,953,454,499
52440,81267,10785,39080,7250,70481,954,454,500
52445,81271,10786,39082,7251,70485,954,454,500
52450,81281,10787,39088,7251,70494,954,454,500
52455,81287,10787,39091,7251,70500,954,454,500
52460,81298,10788,39094,7251,70510,955,454,501
52465,81302,10788,39094,7251,70514,955,454,501
52470,81312,10789,39097,7251,70523,955,454,501
52475,81318,10789,39099,7251,70529,955,454,501
52480,81329,10790,39104,7252,70539,956,455,501
52485,81333,10790,39105,7252,70543,956,455,501
52490,81343,10791,39111,7252,70552,956,455,501
52495,81349,10791,39113,7252,70558,956,455,501
52500,81360,10793,39121,7254,70567,957,456,501
52505,81364,10793,39124,7254,70571,957,456,501
52510,81374,10795,39127,7254,70579,957,456,501
52515,81380,10795,39129,7254,70585,957,456,501
52520,81391,10797,39137,7256,70594,958,457,501
52525,81395,10797,39138,7256,70598,958,457,501
52530,81405,10799,39144,7258,70606,958,457,501
52535,81411,10799,39147,7258,70612,958,457,501
52540,81422,10802,39154,7260,70620,959,458,501
52545,81426,10802,39156,7260,70624,959,458,501
52550,81436,10804,39161,7260,70631,959,458,501
52555,81442,10806,39163,7261,70636,959,458,501
52560,81453,10807,39167,7261,70646,960,459,501
52565,81457,10807,39168,7261,70650,960,459,501
52570,81467,10808,39175,7261,70658,960,459,501
52575,81473,10810,39179,7263,70662,960,459,501
52580,81484,10812,39182,7264,70672,960,459,501
52585,81488,10812,39184,7264,70676,960,459,501
52590,81498,10813,39187,7264,70684,960,459,501
52595,81504,10815,39189,7266,70689,960,459,501
52600,81515,10817,39194,7267,70698,960,459,501
52605,81519,10817,39195,7267,70702,960,459,501
52610,81529,10818,39200,7267,70710,960,459,501
52615,81535,10820,39202,7268,70714,960,459,501
52620,81546,10823,39210,7271,70723,960,459,501
52625,81550,10823,39213,7271,70727,960,459,501
52630,81560,10824,39218,7271,70736,960,459,501
52635,81566,10825,39223,7272,70741,960,459,501
52640,81577,10826,39229,7272,70751,960,459,501
52645,81581,10826,39230,7272,70755,960,459,501
52650,81591,10827,39238,7272,70763,960,459,501
52655,81597,10829,39241,7273,70768,960,459,501
52660,81608,10830,39247,7273,70778,960,459,501
52665,81612,10830,39249,7273,70782,960,459,501
52670,81622,10832,39254,7274,70789,960,459,501
52675,81628,10834,39255,7275,70794,960,459,501
52680,81639,10836,39261,7276,70803,961,459,502
52685,81643,10838,39265,7278,70805,961,459,502
52690,81653,10840,39268,7279,70813,961,459,502
52695,81659,10841,39272,7279,70818,961,459,502
52700,81670,10843,39275,7280,70827,961,459,502
52705,81674,10844,39279,7281,70830,961,459,502
52710,81684,10846,39285,7282,70838,961,459,502
52715,81690,10847,39285,7282,70843,961,459,502
52720,81701,10849,39292,7283,70852,961,459,502
52725,81705,10850,39294,7284,70855,961,459,502
52730,81715,10852,39300,7285,70863,961,459,502
52735,81721,10853,39304,7286,70868,961,459,502
52740,81732,10856,39312,7289,70876,961,459,502
52745,81736,10857,39316,7290,70879,961,459,502
52750,81746,10858,39322,7291,70888,961,459,502
52755,81752,10859,39325,7291,70893,961,459,502
52760,81763,10860,39332,7292,70903,961,459,502
52765,81767,10860,39333,7292,70907,961,459,502
52770,81777,10861,39336,7293,70916,961,459,502
52775,81783,10862,39340,7294,70921,961,459,502
52780,81794,10862,39342,7294,70932,961,459,502
52785,81798,10862,39344,7294,70936,961,459,502
52790,81808,10863,39350,7294,70945,961,459,502
52795,81814,10864,39351,7294,70950,961,459,502
52800,81825,10865,39358,7295,70960,961,459,502
52805,81829,10865,39359,7295,70964,961,459,502
52810,81839,10866,39364,7296,70972,961,459,502
52815,81845,10868,39367,7297,70976,961,459,502
52820,81856,10872,39374,7301,70984,961,459,502
52825,81860,10872,39376,7301,70988,961,459,502
52830,81870,10873,39382,7302,70996,961,459,502
52835,81876,10875,39384,7303,71001,961,459,502
52840,81887,10876,39387,7304,71011,961,459,502
52845,81891,10876,39387,7304,71015,961,459,502
52850,81901,10877,39394,7305,71023,961,459,502
52855,81907,10879,39396,7307,71028,961,459,502
52860,81918,10879,39402,7307,71039,962,459,503
52865,81922,10880,39405,7308,71042,962,459,503
52870,81932,10880,39411,7308,71052,962,459,503
52875,81938,10881,39413,7309,71057,962,459,503
52880,81949,10881,39420,7309,71068,963,460,503
52885,81953,10882,39423,7310,71071,963,460,503
52890,81963,10882,39430,7310,71081,963,460,503
52895,81969,10883,39432,7310,71086,963,460,503
52900,81980,10883,39435,7310,71097,964,461,503
52905,81984,10883,39436,7310,71101,964,461,503
52910,81994,10884,39443,7311,71110,964,461,503
52915,82000,10885,39444,7311,71115,964,461,503
52920,82011,10885,39449,7311,71126,965,461,504
52925,82015,10886,39451,7312,71129,965,461,504
52930,82025,10887,39456,7312,71138,965,461,504
52935,82031,10888,39460,7312,71143,965,461,504
52940,82042,10889,39465,7313,71153,965,461,504
52945,82046,10890,39467,7314,71156,965,461,504
52950,82056,10891,39473,7315,71165,965,461,504
52955,82062,10892,39478,7316,71170,965,461,504
52960,82073,10893,39483,7316,71180,965,461,504
52965,82077,10894,39486,7317,71183,965,461,504
52970,82087,10896,39492,7318,71190,965,461,504
52975,82093,10898,39498,7320,71195,965,461,504
52980,82104,10899,39499,7320,71205,965,461,504
52985,82108,10899,39503,7320,71209,965,461,504
52990,82118,10901,39508,7322,71217,965,461,504
52995,82124,10902,39513,7323,71222,965,461,504
53000,82135,10903,39518,7323,71231,966,462,504
53005,82139,10904,39519,7324,71235,966,462,504
53010,82149,10906,39522,7324,71243,966,462,504
53015,82155,10907,39528,7325,71248,966,462,504
53020,82166,10910,39535,7328,71256,967,463,504
53025,82170,10910,39536,7328,71260,967,463,504
53030,82180,10912,39541,7329,71268,967,463,504
53035,82186,10913,39543,7329,71273,967,463,504
53040,82197,10914,39547,7329,71283,968,463,505
53045,82201,10914,39550,7329,71287,968,463,505
53050,82211,10915,39554,7329,71295,968,463,505
53055,82217,10917,39557,7331,71300,968,463,505
53060,82228,10918,39561,7331,71310,968,463,505
53065,82232,10918,39563,7331,71314,968,463,505
53070,82242,10919,39569,7332,71322,968,463,505
53075,82248,10921,39570,7334,71327,968,463,505
53080,82259,10923,39578,7336,71336,968,463,505
53085,82263,10923,39580,7336,71340,968,463,505
53090,82273,10924,39584,7337,71349,968,463,505
53095,82279,10925,39587,7337,71353,968,463,505
53100,82290,10928,39595,7339,71362,968,463,505
53105,82294,10929,39597,7340,71365,968,463,505
53110,82304,10930,39604,7341,71374,968,463,505
53115,82310,10930,39609,7341,71379,968,463,505
53120,82321,10932,39615,7342,71389,968,463,505
53125,82325,10933,39618,7343,71392,968,463,505
53130,82335,10934,39621,7343,71401,968,463,505
53135,82341,10934,39625,7343,71406,968,463,505
53140,82352,10936,39629,7345,71416,968,463,505
53145,82356,10937,39631,7346,71419,968,463,505
53150,82366,10939,39636,7347,71427,968,463,505
53155,82372,10939,39639,7347,71432,968,463,505
53160,82383,10942,39645,7349,71441,969,463,506
53165,82387,10942,39646,7349,71445,969,463,506
53170,82397,10942,39652,7349,71455,969,463,506
53175,82403,10943,39653,7349,71460,969,463,506
53180,82414,10944,39660,7350,71470,969,463,506
53185,82418,10944,39661,7350,71474,969,463,506
53190,82428,10944,39664,7350,71484,969,463,506
53195,82434,10945,39665,7350,71489,969,463,506
53200,82445,10947,39672,7351,71498,969,463,506
53205,82449,10947,39675,7351,71502,969,463,506
53210,82459,10947,39681,7351,71512,969,463,506
53215,82465,10948,39686,7352,71517,969,463,506
53220,82476,10949,39691,7352,71527,969,463,506
53225,82480,10949,39693,7352,71531,969,463,506
53230,82490,10949,39699,7352,71540,969,463,506
53235,82496,10951,39700,7353,71545,969,463,506
53240,82507,10952,39705,7353,71555,969,463,506
53245,82511,10952,39707,7353,71559,969,463,506
53250,82521,10952,39713,7353,71568,969,463,506
53255,82527,10954,39715,7354,71573,969,463,506
53260,82538,10955,39719,7354,71583,969,463,506
53265,82542,10955,39719,7354,71587,969,463,506
53270,82552,10957,39726,7356,71594,969,463,506
53275,82558,10959,39729,7357,71598,969,463,506
53280,82569,10963,39736,7361,71605,970,463,507
53285,82573,10964,39738,7362,71609,970,463,507
53290,82583,10964,39743,7362,71619,970,463,507
53295,82589,10964,39747,7362,71625,970,463,507
53300,82600,10965,39750,7363,71635,970,463,507
53305,82604,10965,39753,7363,71639,970,463,507
53310,82614,10965,39755,7363,71649,970,463,507
53315,82620,10965,39759,7363,71655,970,463,507
53320,82631,10966,39763,7363,71665,970,463,507
53325,82635,10966,39765,7363,71669,970,463,507
53330,82645,10966,39770,7363,71679,970,463,507
53335,82651,10966,39773,7363,71685,970,463,507
53340,82662,10967,39778,7364,71695,970,463,507
53345,82666,10967,39782,7364,71699,970,463,507
53350,82676,10967,39788,7364,71709,970,463,507
53355,82682,10968,39790,7364,71714,970,463,507
53360,82693,10970,39797,7365,71723,970,463,507
53365,82697,10970,39797,7365,71727,970,463,507
53370,82707,10970,39802,7365,71737,970,463,507
53375,82713,10971,39805,7365,71742,970,463,507
53380,82724,10972,39810,7365,71752,970,463,507
53385,82728,10972,39812,7365,71756,970,463,507
53390,82738,10974,39818,7366,71764,970,463,507
53395,82744,10975,39820,7366,71769,970,463,507
53400,82755,10977,39822,7367,71778,971,463,508
53405,82759,10979,39825,7369,71780,971,463,508
53410,82769,10981,39830,7369,71787,971,463,508
53415,82775,10983,39833,7371,71791,971,463,508
53420,82786,10986,39840,7373,71800,971,463,508
53425,82790,10987,39843,7374,71803,971,463,508
53430,82800,10989,39845,7375,71811,971,463,508
53435,82806,10990,39849,7376,71816,971,463,508
53440,82817,10991,39854,7376,71826,971,463,508
53445,82821,10993,39858,7378,71828,971,463,508
53450,82831,10995,39864,7380,71836,971,463,508
53455,82837,10996,39867,7380,71841,971,463,508
53460,82848,10997,39871,7381,71851,971,463,508
53465,82852,10997,39873,7381,71855,971,463,508
53470,82862,10999,39878,7382,71863,971,463,508
53475,82868,10999,39883,7382,71868,971,463,508
53480,82879,11001,39888,7383,71878,971,463,508
53485,82883,11001,39891,7383,71882,971,463,508
53490,82893,11003,39897,7384,71890,971,463,508
53495,82899,11003,39900,7384,71896,971,463,508
53500,82910,11004,39905,7385,71906,971,463,508
53505,82914,11004,39905,7385,71910,971,463,508
53510,82924,11006,39912,7386,71918,971,463,508
53515,82930,11006,39914,7386,71924,971,463,508
53520,82941,11008,39918,7387,71933,972,463,509
53525,82945,11008,39921,7387,71937,972,463,509
53530,82955,11010,39927,7388,71945,972,463,509
53535,82961,11011,39931,7388,71950,972,463,509
53540,82972,11012,39936,7388,71960,972,463,509
53545,82976,11012,39937,7388,71964,972,463,509
53550,82986,11014,39944,7389,71972,972,463,509
53555,82992,11015,39945,7389,71977,972,463,509
53560,83003,11016,39949,7389,71987,972,463,509
53565,83007,11017,39953,7390,71990,972,463,509
53570,83017,11019,39956,7391,71997,972,463,509
53575,83023,11021,39958,7393,72002,972,463,509
53580,83034,11023,39965,7394,72011,972,463,509
53585,83038,11025,39968,7396,72013,972,463,509
53590,83048,11027,39970,7396,72021,972,463,509
53595,83054,11027,39974,7396,72027,972,463,509
53600,83065,11028,39982,7396,72037,972,463,509
53605,83069,11029,39984,7397,72040,972,463,509
53610,83079,11031,39988,7399,72048,972,463,509
53615,83085,11031,39992,7399,72054,972,463,509
53620,83096,11032,39998,7399,72064,972,463,509
53625,83100,11032,40000,7399,72068,972,463,509
53630,83110,11034,40007,7401,72076,972,463,509
53635,83116,11034,40010,7401,72081,972,463,509
53640,83127,11038,40015,7404,72089,973,464,509
53645,83131,11038,40016,7404,72093,973,464,509
53650,83141,11039,40018,7404,72102,973,464,509
53655,83147,11039,40019,7404,72108,973,464,509
53660,83158,11039,40022,7404,72119,973,464,509
53665,83162,11039,40024,7404,72123,973,464,509
53670,83172,11040,40028,7405,72132,973,464,509
53675,83178,11040,40032,7405,72138,973,464,509
53680,83189,11041,40038,7406,72148,973,464,509
53685,83193,11041,40041,7406,72152,973,464,509
53690,83203,11042,40047,7407,72161,973,464,509
53695,83209,11043,40050,7407,72166,973,464,509
53700,83220,11044,40055,7408,72176,973,464,509
53705,83224,11045,40058,7409,72179,973,464,509
53710,83234,11045,40063,7409,72189,973,464,509
53715,83240,11046,40065,7409,72194,973,464,509
53720,83251,11048,40072,7411,72203,973,464,509
53725,83255,11048,40073,7411,72207,973,464,509
53730,83265,11048,40079,7411,72217,973,464,509
53735,83271,11049,40082,7412,72222,973,464,509
53740,83282,11050,40087,7413,72232,973,464,509
53745,83286,11050,40088,7413,72236,973,464,509
53750,83296,11051,40092,7413,72245,973,464,509
53755,83302,11052,40097,7413,72249,973,464,509
53760,83313,11056,40104,7417,72256,973,464,509
53765,83317,11057,40107,7418,72260,973,464,509
53770,83327,11057,40109,7418,72270,973,464,509
53775,83333,11058,40112,7419,72275,973,464,509
53780,83344,11059,40117,7419,72285,973,464,509
53785,83348,11059,40119,7419,72289,973,464,509
53790,83358,11059,40125,7419,72299,973,464,509
53795,83364,11060,40129,7420,72304,973,464,509
53800,83375,11061,40131,7421,72314,973,464,509
53805,83379,11061,40134,7421,72318,973,464,509
53810,83389,11062,40139,7422,72326,973,464,509
53815,83395,11064,40142,7423,72331,973,464,509
53820,83406,11065,40148,7424,72341,973,464,509
53825,83410,11065,40151,7424,72345,973,464,509
53830,83420,11067,40154,7425,72353,973,464,509
53835,83426,11068,40157,7426,72357,973,464,509
53840,83437,11070,40162,7428,72367,973,464,509
53845,83441,11071,40165,7429,72370,973,464,509
53850,83451,11073,40168,7430,72378,973,464,509
53855,83457,11074,40171,7431,72382,973,464,509
53860,83468,11076,40174,7433,72392,973,464,509
53865,83472,11077,40176,7434,72395,973,464,509
53870,83482,11079,40181,7435,72403,973,464,509
53875,83488,11080,40184,7436,72408,973,464,509
53880,83499,11083,40187,7438,72416,974,465,509
53885,83503,11084,40188,7439,72419,974,465,509
53890,83513,11085,40193,7440,72428,974,465,509
53895,83519,11086,40196,7440,72433,974,465,509
53900,83530,11088,40203,7441,72442,974,465,509
53905,83534,11089,40204,7442,72445,974,465,509
53910,83544,11090,40211,7443,72453,974,465,509
53915,83550,11092,40213,7444,72458,974,465,509
53920,83561,11094,40220,7446,72467,974,465,509
53925,83565,11095,40223,7447,72470,974,465,509
53930,83575,11096,40227,7448,72479,974,465,509
53935,83581,11097,40228,7448,72484,974,465,509
53940,83592,11098,40232,7449,72494,974,465,509
53945,83596,11099,40234,7450,72497,974,465,509
53950,83606,11100,40240,7450,72506,974,465,509
53955,83612,11101,40243,7451,72511,974,465,509
53960,83623,11102,40249,7452,72521,974,465,509
53965,83627,11102,40252,7452,72525,974,465,509
53970,83637,11103,40258,7452,72534,974,465,509
53975,83643,11104,40260,7453,72539,974,465,509
53980,83654,11105,40264,7454,72549,974,465,509
53985,83658,11106,40266,7455,72552,974,465,509
53990,83668,11108,40271,7456,72560,974,465,509
53995,83674,11109,40275,7457,72564,974,465,509
54000,83685,11111,40282,7459,72574,975,465,510
54005,83689,11111,40283,7459,72578,975,465,510
54010,83699,11111,40288,7459,72588,975,465,510
54015,83705,11112,40292,7460,72593,975,465,510
54020,83716,11113,40298,7460,72603,975,465,510
54025,83720,11113,40301,7460,72607,975,465,510
54030,83730,11113,40305,7460,72617,975,465,510
54035,83736,11114,40309,7460,72622,975,465,510
54040,83747,11115,40311,7460,72632,975,465,510
54045,83751,11115,40314,7460,72636,975,465,510
54050,83761,11115,40317,7460,72645,975,465,510
54055,83767,11117,40319,7461,72650,975,465,510
54060,83778,11118,40321,7461,72660,975,465,510
54065,83782,11119,40325,7462,72663,975,465,510
54070,83792,11119,40327,7462,72673,975,465,510
54075,83798,11119,40329,7462,72679,975,465,510
54080,83809,11120,40333,7462,72689,975,465,510
54085,83813,11120,40334,7462,72693,975,465,510
54090,83823,11120,40341,7462,72703,975,465,510
54095,83829,11120,40343,7462,72709,975,465,510
54100,83840,11121,40347,7462,72719,975,465,510
54105,83844,11122,40349,7463,72722,975,465,510
54110,83854,11124,40353,7464,72730,975,465,510
54115,83860,11124,40354,7464,72736,975,465,510
54120,83871,11126,40359,7465,72744,976,465,511
54125,83875,11127,40362,7466,72748,976,465,511
54130,83885,11129,40368,7467,72756,976,465,511
54135,83891,11129,40373,7467,72761,976,465,511
54140,83902,11130,40376,7468,72772,976,465,511
54145,83906,11130,40377,7468,72776,976,465,511
54150,83916,11132,40383,7469,72784,976,465,511
54155,83922,11132,40386,7469,72790,976,465,511
54160,83933,11132,40389,7469,72801,976,465,511
54165,83937,11132,40391,7469,72805,976,465,511
54170,83947,11134,40395,7470,72812,976,465,511
54175,83953,11136,40400,7472,72816,976,465,511
54180,83964,11138,40408,7474,72826,976,465,511
54185,83968,11139,40410,7475,72829,976,465,511
54190,83978,11141,40413,7476,72837,976,465,511
54195,83984,11142,40416,7477,72842,976,465,511
54200,83995,11143,40424,7478,72852,976,465,511
54205,83999,11143,40426,7478,72856,976,465,511
54210,84009,11145,40430,7478,72864,976,465,511
54215,84015,11146,40433,7478,72868,976,465,511
54220,84026,11148,40440,7480,72878,976,465,511
54225,84030,11148,40441,7480,72882,976,465,511
54230,84040,11150,40448,7481,72890,976,465,511
54235,84046,11151,40449,7481,72895,976,465,511
54240,84057,11153,40453,7482,72904,977,465,512
54245,84061,11153,40453,7482,72908,977,465,512
54250,84071,11155,40460,7483,72916,977,465,512
54255,84077,11156,40463,7483,72921,977,465,512
54260,84088,11157,40470,7484,72931,977,465,512
54265,84092,11158,40473,7485,72934,977,465,512
54270,84102,11160,40477,7486,72942,977,465,512
54275,84108,11161,40478,7486,72947,977,465,512
54280,84119,11162,40482,7486,72957,977,465,512
54285,84123,11163,40484,7487,72960,977,465,512
54290,84133,11165,40490,7489,72967,977,465,512
54295,84139,11167,40493,7491,72972,977,465,512
54300,84150,11168,40495,7491,72982,977,465,512
54305,84154,11168,40498,7491,72986,977,465,512
54310,84164,11170,40504,7492,72993,977,465,512
54315,84170,11172,40509,7494,72998,977,465,512
54320,84181,11173,40516,7494,73008,977,465,512
54325,84185,11173,40518,7494,73012,977,465,512
54330,84195,11175,40525,7494,73019,977,465,512
54335,84201,11177,40527,7495,73024,977,465,512
54340,84212,11178,40533,7495,73034,977,465,512
54345,84216,11178,40537,7495,73038,977,465,512
54350,84226,11180,40540,7497,73046,977,465,512
54355,84232,11181,40542,7497,73050,977,465,512
54360,84243,11183,40545,7498,73060,978,466,512
54365,84247,11183,40547,7498,73064,978,466,512
54370,84257,11184,40554,7498,73072,978,466,512
54375,84263,11186,40558,7499,73077,978,466,512
54380,84274,11187,40563,7499,73087,978,466,512
54385,84278,11187,40564,7499,73091,978,466,512
54390,84288,11188,40571,7499,73099,978,466,512
54395,84294,11190,40575,7500,73104,978,466,512
54400,84305,11191,40581,7501,73114,978,466,512
54405,84309,11191,40583,7501,73118,978,466,512
54410,84319,11192,40587,7502,73127,978,466,512
54415,84325,11193,40591,7502,73132,978,466,512
54420,84336,11194,40594,7503,73142,978,466,512
54425,84340,11195,40596,7504,73145,978,466,512
54430,84350,11196,40601,7505,73154,978,466,512
54435,84356,11197,40604,7505,73159,978,466,512
54440,84367,11198,40608,7505,73169,978,466,512
54445,84371,11198,40609,7505,73173,978,466,512
54450,84381,11199,40614,7505,73182,978,466,512
54455,84387,11200,40616,7505,73187,978,466,512
54460,84398,11201,40621,7505,73197,978,466,512
54465,84402,11201,40621,7505,73201,978,466,512
54470,84412,11203,40627,7507,73209,978,466,512
54475,84418,11204,40631,7508,73213,978,466,512
54480,84429,11209,40638,7513,73220,979,467,512
54485,84433,11209,40640,7513,73224,979,467,512
54490,84443,11209,40643,7513,73234,979,467,512
54495,84449,11210,40646,7514,73239,979,467,512
54500,84460,11211,40653,7514,73249,979,467,512
54505,84464,11211,40657,7514,73253,979,467,512
54510,84474,11211,40664,7514,73263,979,467,512
54515,84480,11212,40667,7515,73268,979,467,512
54520,84491,11213,40671,7515,73278,979,467,512
54525,84495,11213,40672,7515,73282,979,467,512
54530,84505,11213,40677,7515,73292,979,467,512
54535,84511,11214,40678,7515,73297,979,467,512
54540,84522,11216,40684,7516,73306,979,467,512
54545,84526,11216,40684,7516,73310,979,467,512
54550,84536,11216,40686,7516,73320,979,467,512
54555,84542,11217,40690,7517,73325,979,467,512
54560,84553,11218,40696,7518,73335,979,467,512
54565,84557,11218,40698,7518,73339,979,467,512
54570,84567,11218,40701,7518,73348,979,467,512
54575,84573,11220,40706,7520,73353,979,467,512
54580,84584,11221,40712,7521,73363,979,467,512
54585,84588,11222,40713,7522,73366,979,467,512
54590,84598,11224,40720,7523,73373,979,467,512
54595,84604,11226,40722,7524,73378,979,467,512
54600,84615,11228,40728,7525,73387,980,467,513
54605,84619,11229,40731,7526,73390,980,467,513
54610,84629,11231,40737,7527,73398,980,467,513
54615,84635,11231,40739,7527,73403,980,467,513
54620,84646,11234,40742,7529,73412,980,467,513
54625,84650,11234,40743,7529,73416,980,467,513
54630,84660,11236,40746,7530,73424,980,467,513
54635,84666,11236,40749,7530,73430,980,467,513
54640,84677,11238,40754,7531,73439,980,467,513
54645,84681,11239,40757,7532,73442,980,467,513
54650,84691,11241,40762,7533,73450,980,467,513
54655,84697,11241,40767,7533,73455,980,467,513
54660,84708,11244,40777,7536,73464,980,467,513
54665,84712,11244,40778,7536,73468,980,467,513
54670,84722,11246,40785,7537,73476,980,467,513
54675,84728,11246,40787,7537,73482,980,467,513
54680,84739,11247,40791,7538,73492,980,467,513
54685,84743,11247,40794,7538,73496,980,467,513
54690,84753,11249,40800,7540,73504,980,467,513
54695,84759,11249,40803,7540,73510,980,467,513
54700,84770,11250,40808,7541,73520,980,467,513
54705,84774,11250,40811,7541,73524,980,467,513
54710,84784,11252,40818,7543,73531,980,467,513
54715,84790,11254,40820,7544,73535,980,467,513
54720,84801,11258,40828,7548,73542,981,468,513
54725,84805,11259,40829,7549,73546,981,468,513
54730,84815,11260,40834,7550,73555,981,468,513
54735,84821,11261,40836,7550,73560,981,468,513
54740,84832,11262,40842,7551,73570,982,469,513
54745,84836,11262,40844,7551,73574,982,469,513
54750,84846,11263,40848,7552,73583,982,469,513
54755,84852,11264,40850,7552,73588,982,469,513
54760,84863,11264,40854,7552,73599,983,469,514
54765,84867,11264,40855,7552,73603,983,469,514
54770,84877,11265,40857,7552,73612,983,469,514
54775,84883,11266,40859,7552,73617,983,469,514
54780,84894,11266,40864,7552,73628,984,469,515
54785,84898,11266,40866,7552,73632,984,469,515
54790,84908,11268,40869,7552,73640,984,469,515
54795,84914,11269,40872,7553,73644,984,469,515
54800,84925,11270,40877,7554,73655,984,469,515
54805,84929,11270,40878,7554,73659,984,469,515
54810,84939,11272,40882,7554,73667,984,469,515
54815,84945,11273,40885,7554,73671,984,469,515
54820,84956,11274,40889,7555,73682,984,469,515
54825,84960,11274,40890,7555,73686,984,469,515
54830,84970,11276,40894,7555,73694,984,469,515
54835,84976,11277,40896,7555,73698,984,469,515
54840,84987,11280,40902,7557,73707,984,469,515
54845,84991,11280,40903,7557,73711,984,469,515
54850,85001,11282,40906,7557,73719,984,469,515
54855,85007,11283,40910,7558,73723,984,469,515
54860,85018,11285,40915,7559,73733,984,469,515
54865,85022,11286,40918,7560,73736,984,469,515
54870,85032,11288,40923,7561,73743,984,469,515
54875,85038,11290,40925,7562,73747,984,469,515
54880,85049,11293,40931,7565,73756,984,469,515
54885,85053,11293,40933,7565,73760,984,469,515
54890,85063,11295,40937,7565,73767,984,469,515
54895,85069,11297,40941,7566,73771,984,469,515
54900,85080,11302,40950,7571,73777,985,470,515
54905,85084,11304,40953,7573,73780,985,470,515
54910,85094,11304,40958,7573,73790,985,470,515
54915,85100,11305,40960,7574,73795,985,470,515
54920,85111,11306,40964,7574,73805,986,471,515
54925,85115,11306,40966,7574,73809,986,471,515
54930,85125,11306,40968,7574,73819,986,471,515
54935,85131,11307,40971,7575,73824,986,471,515
54940,85142,11308,40977,7576,73834,987,472,515
54945,85146,11308,40979,7576,73838,987,472,515
54950,85156,11308,40982,7576,73848,987,472,515
54955,85162,11309,40984,7577,73853,987,472,515
54960,85173,11311,40991,7579,73862,988,473,515
54965,85177,11312,40994,7580,73865,988,473,515
54970,85187,11313,40999,7581,73874,988,473,515
54975,85193,11314,41002,7581,73879,988,473,515
54980,85204,11316,41008,7582,73888,988,473,515
54985,85208,11316,41009,7582,73892,988,473,515
54990,85218,11317,41015,7583,73901,988,473,515
54995,85224,11318,41019,7584,73906,988,473,515
55000,85235,11320,41027,7585,73915,988,473,515
55005,85239,11320,41029,7585,73919,988,473,515
55010,85249,11322,41035,7586,73927,988,473,515
55015,85255,11323,41037,7586,73932,988,473,515
55020,85266,11326,41043,7589,73940,988,473,515
55025,85270,11327,41045,7590,73943,988,473,515
55030,85280,11329,41047,7591,73951,988,473,515
55035,85286,11330,41049,7591,73956,988,473,515
55040,85297,11331,41056,7592,73966,988,473,515
55045,85301,11331,41057,7592,73970,988,473,515
55050,85311,11333,41063,7592,73978,988,473,515
55055,85317,11334,41066,7592,73983,988,473,515
55060,85328,11335,41075,7593,73993,988,473,515
55065,85332,11336,41077,7594,73996,988,473,515
55070,85342,11338,41083,7595,74003,988,473,515
55075,85348,11340,41087,7597,74008,988,473,515
55080,85359,11341,41094,7598,74018,988,473,515
55085,85363,11342,41097,7599,74021,988,473,515
55090,85373,11344,41101,7599,74028,988,473,515
55095,85379,11346,41106,7600,74032,988,473,515
55100,85390,11347,41111,7601,74043,988,473,515
55105,85394,11347,41112,7601,74047,988,473,515
55110,85404,11349,41119,7602,74054,988,473,515
55115,85410,11351,41119,7603,74059,988,473,515
55120,85421,11351,41124,7603,74070,988,473,515
55125,85425,11352,41125,7604,74073,988,473,515
55130,85435,11354,41128,7605,74080,988,473,515
55135,85441,11356,41131,7607,74084,988,473,515
55140,85452,11358,41135,7608,74093,989,474,515
55145,85456,11359,41138,7609,74097,989,474,515
55150,85466,11359,41142,7609,74107,989,474,515
55155,85472,11359,41144,7609,74113,989,474,515
55160,85483,11360,41149,7610,74123,989,474,515
55165,85487,11360,41152,7610,74127,989,474,515
55170,85497,11360,41155,7610,74137,989,474,515
55175,85503,11360,41159,7610,74143,989,474,515
55180,85514,11361,41162,7610,74153,989,474,515
55185,85518,11361,41164,7610,74157,989,474,515
55190,85528,11361,41167,7610,74167,989,474,515
55195,85534,11361,41169,7610,74173,989,474,515
55200,85545,11363,41173,7611,74182,989,474,515
55205,85549,11363,41174,7611,74186,989,474,515
55210,85559,11363,41178,7611,74196,989,474,515
55215,85565,11363,41181,7611,74202,989,474,515
55220,85576,11364,41182,7611,74212,989,474,515
55225,85580,11364,41185,7611,74216,989,474,515
55230,85590,11364,41189,7611,74226,989,474,515
55235,85596,11364,41192,7611,74232,989,474,515
55240,85607,11365,41195,7612,74242,989,474,515
55245,85611,11365,41196,7612,74246,989,474,515
55250,85621,11367,41199,7613,74253,989,474,515
55255,85627,11369,41202,7615,74257,989,474,515
55260,85638,11374,41207,7619,74264,990,474,516
55265,85642,11374,41209,7619,74268,990,474,516
55270,85652,11375,41213,7619,74277,990,474,516
55275,85658,11376,41217,7619,74281,990,474,516
55280,85669,11378,41223,7620,74291,990,474,516
55285,85673,11379,41226,7621,74294,990,474,516
55290,85683,11380,41231,7621,74303,990,474,516
55295,85689,11381,41235,7622,74308,990,474,516
55300,85700,11382,41240,7623,74318,990,474,516
55305,85704,11382,41242,7623,74322,990,474,516
55310,85714,11383,41247,7624,74331,990,474,516
55315,85720,11384,41248,7624,74336,990,474,516
55320,85731,11385,41253,7624,74346,990,474,516
55325,85735,11385,41254,7624,74350,990,474,516
55330,85745,11386,41262,7624,74359,990,474,516
55335,85751,11387,41265,7625,74364,990,474,516
55340,85762,11388,41268,7625,74374,990,474,516
55345,85766,11388,41268,7625,74378,990,474,516
55350,85776,11389,41275,7625,74387,990,474,516
55355,85782,11390,41279,7625,74392,990,474,516
55360,85793,11391,41284,7625,74402,990,474,516
55365,85797,11391,41285,7625,74406,990,474,516
55370,85807,11393,41289,7626,74413,990,474,516
55375,85813,11395,41293,7628,74418,990,474,516
55380,85824,11397,41297,7630,74426,990,474,516
55385,85828,11399,41299,7632,74429,990,474,516
55390,85838,11401,41302,7632,74436,990,474,516
55395,85844,11403,41304,7633,74441,990,474,516
55400,85855,11405,41309,7635,74450,990,474,516
55405,85859,11405,41311,7635,74454,990,474,516
55410,85869,11407,41314,7635,74462,990,474,516
55415,85875,11408,41317,7635,74467,990,474,516
55420,85886,11410,41321,7636,74476,991,475,516
55425,85890,11411,41325,7637,74479,991,475,516
55430,85900,11413,41327,7638,74487,991,475,516
55435,85906,11414,41330,7638,74492,991,475,516
55440,85917,11417,41333,7640,74500,992,475,517
55445,85921,11417,41335,7640,74504,992,475,517
55450,85931,11419,41339,7642,74512,992,475,517
55455,85937,11420,41342,7642,74517,992,475,517
55460,85948,11421,41350,7643,74527,992,475,517
55465,85952,11421,41350,7643,74531,992,475,517
55470,85962,11423,41354,7644,74538,992,475,517
55475,85968,11425,41357,7645,74542,992,475,517
55480,85979,11427,41360,7647,74552,992,475,517
55485,85983,11427,41362,7647,74556,992,475,517
55490,85993,11429,41366,7648,74563,992,475,517
55495,85999,11431,41370,7649,74567,992,475,517
55500,86010,11434,41377,7652,74576,992,475,517
55505,86014,11434,41379,7652,74580,992,475,517
55510,86024,11434,41383,7652,74590,992,475,517
55515,86030,11435,41388,7653,74595,992,475,517
55520,86041,11436,41392,7653,74605,993,475,518
55525,86045,11437,41395,7654,74608,993,475,518
55530,86055,11437,41400,7654,74618,993,475,518
55535,86061,11438,41405,7655,74623,993,475,518
55540,86072,11439,41412,7655,74632,994,476,518
55545,86076,11441,41415,7657,74635,994,476,518
55550,86086,11441,41419,7657,74645,994,476,518
55555,86092,11442,41422,7657,74650,994,476,518
55560,86103,11444,41429,7658,74659,995,477,518
55565,86107,11445,41431,7659,74662,995,477,518
55570,86117,11446,41435,7660,74671,995,477,518
55575,86123,11447,41439,7660,74676,995,477,518
55580,86134,11447,41443,7660,74687,995,477,518
55585,86138,11447,41444,7660,74691,995,477,518
55590,86148,11448,41448,7660,74700,995,477,518
55595,86154,11449,41450,7661,74705,995,477,518
55600,86165,11449,41452,7661,74716,995,477,518
55605,86169,11449,41453,7661,74720,995,477,518
55610,86179,11450,41457,7661,74728,995,477,518
55615,86185,11452,41460,7662,74733,995,477,518
55620,86196,11452,41466,7662,74744,995,477,518
55625,86200,11452,41467,7662,74748,995,477,518
55630,86210,11454,41470,7664,74756,995,477,518
55635,86216,11455,41475,7665,74761,995,477,518
55640,86227,11459,41484,7669,74768,996,477,519
55645,86231,11460,41488,7670,74771,996,477,519
55650,86241,11462,41493,7671,74778,996,477,519
55655,86247,11464,41495,7672,74783,996,477,519
55660,86258,11467,41501,7674,74791,997,477,520
55665,86262,11468,41503,7675,74794,997,477,520
55670,86272,11470,41507,7676,74801,997,477,520
55675,86278,11472,41510,7677,74806,997,477,520
55680,86289,11474,41514,7678,74815,998,478,520
55685,86293,11475,41518,7679,74818,998,478,520
55690,86303,11476,41523,7679,74827,998,478,520
55695,86309,11477,41527,7679,74832,998,478,520
55700,86320,11480,41532,7681,74840,998,478,520
55705,86324,11480,41534,7681,74844,998,478,520
55710,86334,11481,41537,7681,74853,998,478,520
55715,86340,11482,41543,7682,74858,998,478,520
55720,86351,11484,41548,7683,74867,998,478,520
55725,86355,11484,41548,7683,74871,998,478,520
55730,86365,11485,41555,7684,74879,998,478,520
55735,86371,11487,41558,7686,74884,998,478,520
55740,86382,11489,41562,7688,74893,998,478,520
55745,86386,11489,41563,7688,74897,998,478,520
55750,86396,11490,41569,7689,74906,998,478,520
55755,86402,11490,41572,7689,74912,998,478,520
55760,86413,11491,41577,7689,74922,998,478,520
55765,86417,11491,41580,7689,74926,998,478,520
55770,86427,11492,41585,7690,74935,998,478,520
55775,86433,11492,41589,7690,74941,998,478,520
55780,86444,11493,41595,7690,74951,998,478,520
55785,86448,11493,41596,7690,74955,998,478,520
55790,86458,11495,41599,7691,74963,998,478,520
55795,86464,11495,41600,7691,74969,998,478,520
55800,86475,11496,41604,7691,74978,999,479,520
55805,86479,11497,41606,7692,74982,999,479,520
55810,86489,11497,41607,7692,74992,999,479,520
55815,86495,11498,41609,7693,74997,999,479,520
55820,86506,11499,41613,7694,75007,999,479,520
55825,86510,11499,41614,7694,75011,999,479,520
55830,86520,11499,41621,7694,75021,999,479,520
55835,86526,11500,41622,7694,75026,999,479,520
55840,86537,11501,41627,7695,75036,999,479,520
55845,86541,11501,41630,7695,75040,999,479,520
55850,86551,11501,41633,7695,75050,999,479,520
55855,86557,11502,41637,7696,75055,999,479,520
55860,86568,11503,41643,7697,75065,999,479,520
55865,86572,11503,41646,7697,75069,999,479,520
55870,86582,11503,41649,7697,75079,999,479,520
55875,86588,11504,41651,7697,75084,999,479,520
55880,86599,11504,41655,7697,75095,999,479,520
55885,86603,11504,41657,7697,75099,999,479,520
55890,86613,11504,41663,7697,75109,999,479,520
55895,86619,11505,41667,7698,75114,999,479,520
55900,86630,11505,41675,7698,75125,999,479,520
55905,86634,11505,41678,7698,75129,999,479,520
55910,86644,11506,41683,7699,75138,999,479,520
55915,86650,11507,41687,7699,75143,999,479,520
55920,86661,11508,41689,7699,75153,1000,479,521
55925,86665,11509,41692,7700,75156,1000,479,521
55930,86675,11511,41695,7700,75164,1000,479,521
55935,86681,11511,41698,7700,75170,1000,479,521
55940,86692,11513,41702,7701,75179,1000,479,521
55945,86696,11513,41704,7701,75183,1000,479,521
55950,86706,11515,41709,7702,75191,1000,479,521
55955,86712,11515,41712,7702,75196,1000,479,521
55960,86723,11518,41720,7705,75205,1000,479,521
55965,86727,11518,41720,7705,75209,1000,479,521
55970,86737,11520,41723,7705,75217,1000,479,521
55975,86743,11520,41726,7705,75222,1000,479,521
55980,86754,11523,41733,7708,75231,1000,479,521
55985,86758,11524,41735,7709,75234,1000,479,521
55990,86768,11526,41740,7710,75242,1000,479,521
55995,86774,11526,41744,7710,75248,1000,479,521
56000,86785,11527,41751,7711,75258,1000,479,521
56005,86789,11527,41753,7711,75262,1000,479,521
56010,86799,11529,41758,7711,75270,1000,479,521
56015,86805,11529,41759,7711,75276,1000,479,521
56020,86816,11530,41762,7711,75286,1000,479,521
56025,86820,11531,41764,7712,75289,1000,479,521
56030,86830,11533,41770,7712,75296,1000,479,521
56035,86836,11535,41774,7714,75300,1000,479,521
56040,86847,11538,41780,7716,75308,1001,480,521
56045,86851,11539,41782,7717,75312,1001,480,521
56050,86861,11540,41785,7718,75321,1001,480,521
56055,86867,11541,41789,7718,75326,1001,480,521
56060,86878,11541,41793,7718,75337,1002,480,522
56065,86882,11541,41796,7718,75341,1002,480,522
56070,86892,11542,41799,7718,75350,1002,480,522
56075,86898,11543,41801,7719,75355,1002,480,522
56080,86909,11544,41807,7720,75365,1003,481,522
56085,86913,11544,41809,7720,75369,1003,481,522
56090,86923,11545,41813,7720,75378,1003,481,522
56095,86929,11546,41816,7721,75383,1003,481,522
56100,86940,11547,41825,7722,75393,1004,482,522
56105,86944,11547,41826,7722,75397,1004,482,522
56110,86954,11549,41832,7723,75405,1004,482,522
56115,86960,11550,41835,7724,75410,1004,482,522
56120,86971,11550,41837,7724,75421,1004,482,522
56125,86975,11550,41840,7724,75425,1004,482,522
56130,86985,11552,41844,7724,75433,1004,482,522
56135,86991,11553,41845,7724,75438,1004,482,522
56140,87002,11553,41852,7724,75449,1004,482,522
56145,87006,11553,41854,7724,75453,1004,482,522
56150,87016,11555,41859,7725,75460,1004,482,522
56155,87022,11557,41863,7727,75464,1004,482,522
56160,87033,11560,41870,7729,75473,1004,482,522
56165,87037,11560,41873,7729,75477,1004,482,522
56170,87047,11561,41876,7730,75486,1004,482,522
56175,87053,11561,41879,7730,75492,1004,482,522
56180,87064,11564,41884,7733,75500,1004,482,522
56185,87068,11564,41885,7733,75504,1004,482,522
56190,87078,11565,41890,7733,75513,1004,482,522
56195,87084,11565,41893,7733,75518,1004,482,522
56200,87095,11567,41896,7734,75528,1004,482,522
56205,87099,11568,41900,7735,75531,1004,482,522
56210,87109,11569,41905,7735,75540,1004,482,522
56215,87115,11569,41909,7735,75546,1004,482,522
56220,87126,11571,41914,7736,75555,1005,483,522
56225,87130,11572,41918,7737,75558,1005,483,522
56230,87140,11572,41923,7737,75568,1005,483,522
56235,87146,11572,41927,7737,75574,1005,483,522
56240,87157,11573,41930,7738,75584,1005,483,522
56245,87161,11574,41934,7739,75587,1005,483,522
56250,87171,11574,41938,7739,75597,1005,483,522
56255,87177,11574,41940,7739,75603,1005,483,522
56260,87188,11575,41947,7740,75613,1005,483,522
56265,87192,11576,41950,7741,75616,1005,483,522
56270,87202,11577,41954,7741,75625,1005,483,522
56275,87208,11578,41956,7741,75630,1005,483,522
56280,87219,11579,41960,7741,75640,1005,483,522
56285,87223,11579,41962,7741,75644,1005,483,522
56290,87233,11580,41967,7742,75652,1005,483,522
56295,87239,11582,41970,7744,75657,1005,483,522
56300,87250,11584,41977,7746,75666,1005,483,522
56305,87254,11584,41979,7746,75670,1005,483,522
56310,87264,11585,41985,7747,75678,1005,483,522
56315,87270,11587,41987,7748,75682,1005,483,522
56320,87281,11591,41993,7751,75690,1005,483,522
56325,87285,11591,41995,7751,75694,1005,483,522
56330,87295,11593,42004,7752,75701,1005,483,522
56335,87301,11595,42005,7753,75706,1005,483,522
56340,87312,11597,42010,7754,75715,1005,483,522
56345,87316,11597,42011,7754,75719,1005,483,522
56350,87326,11599,42017,7756,75727,1005,483,522
56355,87332,11600,42021,7757,75732,1005,483,522
56360,87343,11600,42028,7757,75743,1005,483,522
56365,87347,11601,42032,7758,75746,1005,483,522
56370,87357,11603,42034,7758,75754,1005,483,522
56375,87363,11604,42036,7758,75759,1005,483,522
56380,87374,11605,42045,7759,75769,1006,484,522
56385,87378,11605,42045,7759,75773,1006,484,522
56390,87388,11607,42051,7760,75780,1006,484,522
56395,87394,11609,42053,7761,75785,1006,484,522
56400,87405,11609,42057,7761,75796,1007,484,523
56405,87409,11609,42058,7761,75800,1007,484,523
56410,87419,11609,42065,7761,75809,1007,484,523
56415,87425,11611,42069,7762,75814,1007,484,523
56420,87436,11613,42076,7764,75823,1007,484,523
56425,87440,11613,42077,7764,75827,1007,484,523
56430,87450,11613,42081,7764,75837,1007,484,523
56435,87456,11614,42083,7765,75842,1007,484,523
56440,87467,11616,42089,7767,75851,1007,484,523
56445,87471,11616,42091,7767,75855,1007,484,523
56450,87481,11616,42095,7767,75864,1007,484,523
56455,87487,11618,42099,7769,75869,1007,484,523
56460,87498,11620,42105,7770,75878,1007,484,523
56465,87502,11620,42108,7770,75882,1007,484,523
56470,87512,11621,42112,7771,75891,1007,484,523
56475,87518,11622,42114,7771,75896,1007,484,523
56480,87529,11623,42119,7771,75906,1007,484,523
56485,87533,11624,42122,7772,75909,1007,484,523
56490,87543,11625,42130,7773,75918,1007,484,523
56495,87549,11626,42135,7774,75923,1007,484,523
56500,87560,11628,42140,7776,75932,1007,484,523
56505,87564,11628,42142,7776,75936,1007,484,523
56510,87574,11630,42147,7777,75944,1007,484,523
56515,87580,11631,42152,7778,75949,1007,484,523
56520,87591,11633,42157,7779,75958,1008,485,523
56525,87595,11633,42157,7779,75962,1008,485,523
56530,87605,11635,42162,7780,75970,1008,485,523
56535,87611,11636,42166,7781,75975,1008,485,523
56540,87622,11639,42170,7783,75983,1009,486,523
56545,87626,11639,42172,7783,75987,1009,486,523
56550,87636,11641,42179,7783,75995,1009,486,523
56555,87642,11642,42180,7783,76000,1009,486,523
56560,87653,11643,42183,7784,76010,1010,486,524
56565,87657,11643,42184,7784,76014,1010,486,524
56570,87667,11645,42191,7786,76022,1010,486,524
56575,87673,11646,42195,7787,76027,1010,486,524
56580,87684,11649,42201,7790,76035,1011,487,524
56585,87688,11649,42203,7790,76039,1011,487,524
56590,87698,11651,42208,7791,76047,1011,487,524
56595,87704,11651,42209,7791,76053,1011,487,524
56600,87715,11651,42214,7791,76064,1011,487,524
56605,87719,11651,42217,7791,76068,1011,487,524
56610,87729,11653,42221,7792,76076,1011,487,524
56615,87735,11653,42225,7792,76081,1011,487,524
56620,87746,11654,42229,7793,76092,1011,487,524
56625,87750,11654,42231,7793,76096,1011,487,524
56630,87760,11656,42238,7795,76104,1011,487,524
56635,87766,11656,42242,7795,76110,1011,487,524
56640,87777,11656,42250,7795,76121,1011,487,524
56645,87781,11656,42251,7795,76125,1011,487,524
56650,87791,11657,42257,7796,76134,1011,487,524
56655,87797,11657,42261,7796,76139,1011,487,524
56660,87808,11658,42267,7797,76150,1011,487,524
56665,87812,11658,42271,7797,76154,1011,487,524
56670,87822,11659,42277,7798,76163,1011,487,524
56675,87828,11659,42279,7798,76169,1011,487,524
56680,87839,11659,42287,7798,76180,1011,487,524
56685,87843,11659,42289,7798,76184,1011,487,524
56690,87853,11660,42294,7798,76193,1011,487,524
56695,87859,11661,42297,7799,76197,1011,487,524
56700,87870,11665,42301,7802,76205,1012,487,525
56705,87874,11665,42304,7802,76209,1012,487,525
56710,87884,11667,42309,7803,76217,1012,487,525
56715,87890,11668,42312,7803,76222,1012,487,525
56720,87901,11670,42317,7804,76231,1012,487,525
56725,87905,11671,42318,7805,76234,1012,487,525
56730,87915,11673,42322,7806,76242,1012,487,525
56735,87921,11674,42323,7806,76247,1012,487,525
56740,87932,11676,42328,7807,76256,1012,487,525
56745,87936,11677,42329,7808,76259,1012,487,525
56750,87946,11679,42335,7808,76267,1012,487,525
56755,87952,11680,42336,7809,76272,1012,487,525
56760,87963,11682,42341,7810,76281,1012,487,525
56765,87967,11684,42344,7812,76283,1012,487,525
56770,87977,11686,42350,7814,76290,1012,487,525
56775,87983,11688,42355,7815,76295,1012,487,525
56780,87994,11689,42361,7815,76305,1012,487,525
56785,87998,11690,42363,7816,76308,1012,487,525
56790,88008,11692,42369,7818,76316,1012,487,525
56795,88014,11693,42369,7818,76321,1012,487,525
56800,88025,11694,42373,7818,76331,1012,487,525
56805,88029,11695,42374,7819,76334,1012,487,525
56810,88039,11697,42380,7819,76341,1012,487,525
56815,88045,11699,42382,7820,76346,1012,487,525
56820,88056,11702,42388,7822,76353,1013,487,526
56825,88060,11703,42390,7823,76357,1013,487,526
56830,88070,11704,42395,7824,76365,1013,487,526
56835,88076,11706,42397,7825,76369,1013,487,526
56840,88087,11708,42401,7827,76379,1013,487,526
56845,88091,11708,42402,7827,76383,1013,487,526
56850,88101,11709,42407,7827,76392,1013,487,526
56855,88107,11710,42409,7828,76397,1013,487,526
56860,88118,11710,42416,7828,76408,1013,487,526
56865,88122,11710,42420,7828,76412,1013,487,526
56870,88132,11711,42425,7829,76420,1013,487,526
56875,88138,11713,42425,7830,76425,1013,487,526
56880,88149,11714,42426,7831,76435,1013,487,526
56885,88153,11714,42427,7831,76439,1013,487,526
56890,88163,11715,42431,7831,76447,1013,487,526
56895,88169,11717,42436,7833,76452,1013,487,526
56900,88180,11717,42442,7833,76463,1013,487,526
56905,88184,11717,42444,7833,76467,1013,487,526
56910,88194,11718,42448,7833,76476,1013,487,526
56915,88200,11719,42450,7833,76481,1013,487,526
56920,88211,11719,42456,7833,76492,1013,487,526
56925,88215,11719,42457,7833,76496,1013,487,526
56930,88225,11721,42461,7834,76504,1013,487,526
56935,88231,11722,42463,7834,76509,1013,487,526
56940,88242,11724,42467,7835,76518,1013,487,526
56945,88246,11724,42470,7835,76522,1013,487,526
56950,88256,11724,42476,7835,76532,1013,487,526
56955,88262,11724,42478,7835,76538,1013,487,526
56960,88273,11725,42483,7835,76548,1013,487,526
56965,88277,11725,42484,7835,76552,1013,487,526
56970,88287,11725,42485,7835,76562,1013,487,526
56975,88293,11725,42490,7835,76568,1013,487,526
56980,88304,11726,42496,7835,76578,1013,487,526
56985,88308,11726,42496,7835,76582,1013,487,526
56990,88318,11726,42505,7835,76592,1013,487,526
56995,88324,11726,42507,7835,76598,1013,487,526
57000,88335,11727,42513,7836,76608,1013,487,526
57005,88339,11727,42516,7836,76612,1013,487,526
57010,88349,11727,42521,7836,76622,1013,487,526
57015,88355,11727,42523,7836,76628,1013,487,526
57020,88366,11728,42531,7837,76638,1013,487,526
57025,88370,11729,42533,7838,76641,1013,487,526
57030,88380,11729,42540,7838,76651,1013,487,526
57035,88386,11729,42545,7838,76657,1013,487,526
57040,88397,11730,42548,7838,76667,1013,487,526
57045,88401,11730,42549,7838,76671,1013,487,526
57050,88411,11732,42553,7840,76679,1013,487,526
57055,88417,11733,42554,7840,76684,1013,487,526
57060,88428,11735,42560,7842,76692,1013,487,526
57065,88432,11736,42562,7843,76696,1013,487,526
57070,88442,11738,42565,7843,76704,1013,487,526
57075,88448,11739,42567,7843,76708,1013,487,526
57080,88459,11742,42571,7846,76717,1013,487,526
57085,88463,11743,42574,7847,76720,1013,487,526
57090,88473,11745,42578,7847,76728,1013,487,526
57095,88479,11746,42583,7848,76733,1013,487,526
57100,88490,11747,42588,7849,76743,1013,487,526
57105,88494,11748,42590,7850,76746,1013,487,526
57110,88504,11750,42595,7851,76754,1013,487,526
57115,88510,11751,42598,7851,76758,1013,487,526
57120,88521,11753,42603,7853,76768,1013,487,526
57125,88525,11753,42606,7853,76772,1013,487,526
57130,88535,11755,42612,7855,76780,1013,487,526
57135,88541,11756,42616,7855,76784,1013,487,526
57140,88552,11758,42620,7857,76794,1013,487,526
57145,88556,11758,42622,7857,76798,1013,487,526
57150,88566,11760,42626,7858,76806,1013,487,526
57155,88572,11761,42629,7859,76811,1013,487,526
57160,88583,11762,42635,7860,76821,1013,487,526
57165,88587,11762,42637,7860,76825,1013,487,526
57170,88597,11764,42641,7861,76833,1013,487,526
57175,88603,11765,42643,7862,76837,1013,487,526
57180,88614,11767,42649,7864,76846,1013,487,526
57185,88618,11769,42650,7866,76849,1013,487,526
57190,88628,11769,42656,7866,76859,1013,487,526
57195,88634,11770,42660,7867,76864,1013,487,526
57200,88645,11771,42665,7867,76874,1013,487,526
57205,88649,11771,42666,7867,76878,1013,487,526
57210,88659,11771,42670,7867,76888,1013,487,526
57215,88665,11772,42673,7868,76893,1013,487,526
57220,88676,11773,42677,7868,76903,1013,487,526
57225,88680,11773,42678,7868,76907,1013,487,526
57230,88690,11773,42682,7868,76916,1013,487,526
57235,88696,11775,42683,7870,76921,1013,487,526
57240,88707,11777,42690,7871,76930,1013,487,526
57245,88711,11778,42692,7872,76933,1013,487,526
57250,88721,11779,42697,7872,76941,1013,487,526
57255,88727,11781,42702,7873,76945,1013,487,526
57260,88738,11783,42708,7874,76955,1013,487,526
57265,88742,11783,42709,7874,76959,1013,487,526
57270,88752,11784,42716,7874,76967,1013,487,526
57275,88758,11786,42719,7875,76971,1013,487,526
57280,88769,11788,42725,7877,76981,1013,487,526
57285,88773,11789,42727,7878,76984,1013,487,526
57290,88783,11791,42730,7878,76992,1013,487,526
57295,88789,11792,42731,7878,76997,1013,487,526
57300,88800,11795,42735,7880,77005,1013,487,526
57305,88804,11795,42735,7880,77009,1013,487,526
57310,88814,11795,42741,7880,77019,1013,487,526
57315,88820,11795,42744,7880,77025,1013,487,526
57320,88831,11797,42752,7882,77034,1013,487,526
57325,88835,11797,42755,7882,77038,1013,487,526
57330,88845,11797,42759,7882,77048,1013,487,526
57335,88851,11797,42760,7882,77054,1013,487,526
57340,88862,11799,42762,7883,77063,1013,487,526
57345,88866,11799,42765,7883,77067,1013,487,526
57350,88876,11799,42771,7883,77077,1013,487,526
57355,88882,11799,42774,7883,77083,1013,487,526
57360,88893,11801,42780,7885,77092,1013,487,526
57365,88897,11801,42780,7885,77096,1013,487,526
57370,88907,11801,42786,7885,77106,1013,487,526
57375,88913,11801,42789,7885,77112,1013,487,526
57380,88924,11803,42794,7886,77121,1013,487,526
57385,88928,11803,42796,7886,77125,1013,487,526
57390,88938,11803,42800,7886,77135,1013,487,526
57395,88944,11803,42803,7886,77141,1013,487,526
57400,88955,11805,42808,7887,77150,1013,487,526
57405,88959,11805,42809,7887,77154,1013,487,526
57410,88969,11807,42814,7889,77162,1013,487,526
57415,88975,11808,42818,7890,77167,1013,487,526
57420,88986,11810,42820,7891,77176,1013,487,526
57425,88990,11811,42822,7892,77179,1013,487,526
57430,89000,11813,42827,7893,77187,1013,487,526
57435,89006,11814,42829,7894,77192,1013,487,526
57440,89017,11815,42834,7895,77201,1013,487,526
57445,89021,11817,42836,7897,77204,1013,487,526
57450,89031,11819,42840,7898,77211,1013,487,526
57455,89037,11821,42842,7899,77216,1013,487,526
57460,89048,11823,42851,7901,77225,1013,487,526
57465,89052,11824,42853,7902,77228,1013,487,526
57470,89062,11826,42859,7904,77235,1013,487,526
57475,89068,11828,42862,7906,77239,1013,487,526
57480,89079,11829,42866,7907,77250,1013,487,526
57485,89083,11829,42866,7907,77254,1013,487,526
57490,89093,11830,42870,7908,77263,1013,487,526
57495,89099,11830,42873,7908,77269,1013,487,526
57500,89110,11830,42878,7908,77280,1013,487,526
57505,89114,11830,42879,7908,77284,1013,487,526
57510,89124,11831,42885,7909,77293,1013,487,526
57515,89130,11831,42887,7909,77299,1013,487,526
57520,89141,11832,42892,7910,77309,1013,487,526
57525,89145,11832,42894,7910,77313,1013,487,526
57530,89155,11833,42900,7911,77322,1013,487,526
57535,89161,11833,42903,7911,77328,1013,487,526
57540,89172,11834,42906,7912,77338,1013,487,526
57545,89176,11834,42910,7912,77342,1013,487,526
57550,89186,11835,42915,7912,77351,1013,487,526
57555,89192,11835,42919,7912,77357,1013,487,526
57560,89203,11835,42925,7912,77368,1013,487,526
57565,89207,11835,42928,7912,77372,1013,487,526
57570,89217,11836,42931,7912,77381,1013,487,526
57575,89223,11836,42936,7912,77387,1013,487,526
57580,89234,11836,42942,7912,77398,1013,487,526
57585,89238,11836,42945,7912,77402,1013,487,526
57590,89248,11838,42949,7913,77410,1013,487,526
57595,89254,11839,42954,7914,77415,1013,487,526
57600,89265,11842,42959,7917,77423,1013,487,526
57605,89269,11842,42961,7917,77427,1013,487,526
57610,89279,11843,42964,7917,77436,1013,487,526
57615,89285,11844,42967,7917,77441,1013,487,526
57620,89296,11846,42972,7919,77450,1013,487,526
57625,89300,11847,42974,7920,77453,1013,487,526
57630,89310,11848,42977,7920,77462,1013,487,526
57635,89316,11849,42980,7920,77467,1013,487,526
57640,89327,11851,42984,7921,77476,1013,487,526
57645,89331,11851,42985,7921,77480,1013,487,526
57650,89341,11852,42989,7921,77489,1013,487,526
57655,89347,11853,42992,7922,77494,1013,487,526
57660,89358,11855,42995,7923,77503,1013,487,526
57665,89362,11855,42997,7923,77507,1013,487,526
57670,89372,11856,43000,7923,77516,1013,487,526
57675,89378,11857,43004,7924,77521,1013,487,526
57680,89389,11858,43009,7924,77531,1013,487,526
57685,89393,11858,43010,7924,77535,1013,487,526
57690,89403,11859,43016,7924,77543,1013,487,526
57695,89409,11861,43018,7925,77548,1013,487,526
57700,89420,11862,43023,7925,77558,1013,487,526
57705,89424,11862,43024,7925,77562,1013,487,526
57710,89434,11864,43029,7926,77570,1013,487,526
57715,89440,11865,43031,7927,77575,1013,487,526
57720,89451,11866,43035,7928,77584,1013,487,526
57725,89455,11867,43038,7929,77588,1013,487,526
57730,89465,11868,43041,7929,77597,1013,487,526
57735,89471,11869,43045,7929,77602,1013,487,526
57740,89482,11870,43050,7930,77612,1013,487,526
57745,89486,11870,43052,7930,77616,1013,487,526
57750,89496,11871,43057,7931,77624,1013,487,526
57755,89502,11873,43062,7933,77628,1013,487,526
57760,89513,11876,43071,7935,77636,1013,487,526
57765,89517,11877,43074,7936,77640,1013,487,526
57770,89527,11878,43079,7936,77649,1013,487,526
57775,89533,11879,43082,7936,77653,1013,487,526
57780,89544,11884,43090,7941,77660,1013,487,526
57785,89548,11886,43094,7943,77662,1013,487,526
57790,89558,11887,43100,7944,77671,1013,487,526
57795,89564,11887,43102,7944,77677,1013,487,526
57800,89575,11887,43108,7944,77688,1013,487,526
57805,89579,11887,43110,7944,77692,1013,487,526
57810,89589,11888,43115,7944,77701,1013,487,526
57815,89595,11888,43119,7944,77707,1013,487,526
57820,89606,11888,43126,7944,77718,1013,487,526
57825,89610,11888,43129,7944,77722,1013,487,526
57830,89620,11889,43135,7944,77731,1013,487,526
57835,89626,11889,43138,7944,77737,1013,487,526
57840,89637,11889,43142,7944,77748,1013,487,526
57845,89641,11889,43144,7944,77752,1013,487,526
57850,89651,11890,43148,7944,77761,1013,487,526
57855,89657,11890,43152,7944,77767,1013,487,526
57860,89668,11890,43158,7944,77778,1013,487,526
57865,89672,11890,43160,7944,77782,1013,487,526
57870,89682,11891,43165,7944,77791,1013,487,526
57875,89688,11891,43167,7944,77796,1013,487,526
57880,89699,11892,43172,7945,77807,1013,487,526
57885,89703,11892,43174,7945,77811,1013,487,526
57890,89713,11894,43176,7945,77819,1013,487,526
57895,89719,11895,43180,7945,77824,1013,487,526
57900,89730,11897,43186,7946,77833,1013,487,526
57905,89734,11897,43187,7946,77837,1013,487,526
57910,89744,11899,43193,7947,77844,1013,487,526
57915,89750,11901,43194,7948,77849,1013,487,526
57920,89761,11902,43201,7948,77859,1013,487,526
57925,89765,11902,43203,7948,77863,1013,487,526
57930,89775,11904,43209,7949,77870,1013,487,526
57935,89781,11906,43211,7951,77875,1013,487,526
57940,89792,11908,43221,7953,77884,1013,487,526
57945,89796,11908,43223,7953,77888,1013,487,526
57950,89806,11910,43228,7954,77895,1013,487,526
57955,89812,11912,43232,7956,77899,1013,487,526
57960,89823,11915,43237,7959,77908,1013,487,526
57965,89827,11915,43238,7959,77912,1013,487,526
57970,89837,11916,43243,7959,77921,1013,487,526
57975,89843,11917,43243,7959,77926,1013,487,526
57980,89854,11918,43247,7959,77936,1013,487,526
57985,89858,11919,43250,7960,77939,1013,487,526
57990,89868,11920,43257,7961,77948,1013,487,526
57995,89874,11921,43259,7961,77952,1013,487,526
58000,89885,11923,43266,7962,77962,1013,487,526
58005,89889,11923,43266,7962,77966,1013,487,526
58010,89899,11924,43268,7963,77975,1013,487,526
58015,89905,11925,43273,7964,77979,1013,487,526
58020,89916,11927,43279,7965,77989,1013,487,526
58025,89920,11927,43281,7965,77993,1013,487,526
58030,89930,11928,43286,7966,78002,1013,487,526
58035,89936,11928,43290,7966,78008,1013,487,526
58040,89947,11931,43298,7969,78016,1013,487,526
58045,89951,11931,43299,7969,78020,1013,487,526
58050,89961,11932,43303,7969,78029,1013,487,526
58055,89967,11932,43307,7969,78035,1013,487,526
58060,89978,11933,43310,7969,78045,1013,487,526
58065,89982,11933,43312,7969,78049,1013,487,526
58070,89992,11935,43314,7970,78057,1013,487,526
58075,89998,11935,43316,7970,78063,1013,487,526
58080,90009,11938,43325,7973,78070,1013,487,526
58085,90013,11939,43326,7974,78074,1013,487,526
58090,90023,11941,43333,7975,78082,1013,487,526
58095,90029,11941,43337,7975,78087,1013,487,526
58100,90040,11943,43340,7976,78097,1013,487,526
58105,90044,11944,43342,7977,78100,1013,487,526
58110,90054,11946,43346,7979,78108,1013,487,526
58115,90060,11946,43348,7979,78113,1013,487,526
58120,90071,11948,43353,7981,78123,1013,487,526
58125,90075,11948,43355,7981,78127,1013,487,526
58130,90085,11950,43360,7983,78135,1013,487,526
58135,90091,11951,43364,7984,78139,1013,487,526
58140,90102,11953,43370,7986,78149,1013,487,526
58145,90106,11954,43372,7987,78152,1013,487,526
58150,90116,11955,43379,7988,78161,1013,487,526
58155,90122,11956,43382,7989,78166,1013,487,526
58160,90133,11957,43387,7989,78176,1013,487,526
58165,90137,11958,43389,7990,78179,1013,487,526
58170,90147,11959,43396,7991,78188,1013,487,526
58175,90153,11960,43401,7992,78193,1013,487,526
58180,90164,11961,43406,7993,78203,1013,487,526
58185,90168,11961,43407,7993,78207,1013,487,526
58190,90178,11962,43409,7993,78216,1013,487,526
58195,90184,11963,43412,7994,78221,1013,487,526
58200,90195,11965,43417,7996,78229,1013,487,526
58205,90199,11967,43419,7998,78232,1013,487,526
58210,90209,11968,43422,7998,78241,1013,487,526
58215,90215,11969,43423,7999,78246,1013,487,526
58220,90226,11971,43427,8001,78254,1013,487,526
58225,90230,11972,43429,8002,78258,1013,487,526
58230,90240,11973,43432,8003,78267,1013,487,526
58235,90246,11974,43433,8003,78272,1013,487,526
58240,90257,11975,43435,8003,78282,1013,487,526
58245,90261,11975,43437,8003,78286,1013,487,526
58250,90271,11977,43440,8003,78294,1013,487,526
58255,90277,11978,43445,8004,78299,1013,487,526
58260,90288,11982,43450,8007,78305,1013,487,526
58265,90292,11983,43451,8008,78309,1013,487,526
58270,90302,11984,43457,8009,78318,1013,487,526
58275,90308,11984,43460,8009,78324,1013,487,526
58280,90319,11984,43464,8009,78335,1013,487,526
58285,90323,11984,43467,8009,78339,1013,487,526
58290,90333,11985,43473,8010,78348,1013,487,526
58295,90339,11985,43475,8010,78354,1013,487,526
58300,90350,11985,43482,8010,78365,1013,487,526
58305,90354,11985,43482,8010,78369,1013,487,526
58310,90364,11986,43485,8010,78378,1013,487,526
58315,90370,11986,43487,8010,78384,1013,487,526
58320,90381,11986,43490,8010,78395,1013,487,526
58325,90385,11986,43490,8010,78399,1013,487,526
58330,90395,11988,43496,8011,78407,1013,487,526
58335,90401,11988,43498,8011,78413,1013,487,526
58340,90412,11988,43502,8011,78423,1013,487,526
58345,90416,11989,43505,8012,78427,1013,487,526
58350,90426,11991,43512,8014,78435,1013,487,526
58355,90432,11991,43516,8014,78441,1013,487,526
58360,90443,11992,43521,8015,78450,1013,487,526
58365,90447,11993,43524,8016,78454,1013,487,526
58370,90457,11995,43530,8018,78462,1013,487,526
58375,90463,11996,43531,8018,78467,1013,487,526
58380,90474,12000,43538,8022,78474,1013,487,526
58385,90478,12000,43540,8022,78478,1013,487,526
58390,90488,12000,43545,8022,78488,1013,487,526
58395,90494,12001,43549,8023,78493,1013,487,526
58400,90505,12002,43555,8024,78503,1013,487,526
58405,90509,12002,43558,8024,78507,1013,487,526
58410,90519,12002,43563,8024,78517,1013,487,526
58415,90525,12003,43566,8024,78522,1013,487,526
58420,90536,12005,43571,8026,78531,1013,487,526
58425,90540,12005,43574,8026,78535,1013,487,526
58430,90550,12005,43581,8026,78545,1013,487,526
58435,90556,12006,43583,8026,78550,1013,487,526
58440,90567,12007,43587,8026,78560,1013,487,526
58445,90571,12007,43588,8026,78564,1013,487,526
58450,90581,12007,43594,8026,78574,1013,487,526
58455,90587,12008,43596,8027,78579,1013,487,526
58460,90598,12009,43600,8028,78589,1013,487,526
58465,90602,12009,43601,8028,78593,1013,487,526
58470,90612,12009,43604,8028,78603,1013,487,526
58475,90618,12010,43606,8028,78608,1013,487,526
58480,90629,12011,43612,8028,78618,1013,487,526
58485,90633,12011,43613,8028,78622,1013,487,526
58490,90643,12013,43617,8029,78630,1013,487,526
58495,90649,12014,43620,8029,78635,1013,487,526
58500,90660,12016,43627,8031,78644,1013,487,526
58505,90664,12017,43629,8032,78647,1013,487,526
58510,90674,12019,43637,8034,78655,1013,487,526
58515,90680,12020,43639,8035,78660,1013,487,526
58520,90691,12021,43643,8036,78670,1013,487,526
58525,90695,12023,43645,8038,78672,1013,487,526
58530,90705,12025,43649,8039,78680,1013,487,526
58535,90711,12026,43652,8040,78685,1013,487,526
58540,90722,12027,43659,8041,78695,1013,487,526
58545,90726,12027,43661,8041,78699,1013,487,526
58550,90736,12029,43666,8043,78707,1013,487,526
58555,90742,12030,43670,8044,78712,1013,487,526
58560,90753,12031,43673,8044,78722,1013,487,526
58565,90757,12032,43674,8045,78725,1013,487,526
58570,90767,12034,43678,8045,78733,1013,487,526
58575,90773,12035,43681,8045,78738,1013,487,526
58580,90784,12036,43686,8046,78748,1013,487,526
58585,90788,12038,43688,8048,78750,1013,487,526
58590,90798,12040,43692,8049,78757,1013,487,526
58595,90804,12042,43695,8051,78762,1013,487,526
58600,90815,12043,43700,8052,78772,1013,487,526
58605,90819,12044,43702,8053,78775,1013,487,526
58610,90829,12046,43707,8053,78782,1013,487,526
58615,90835,12048,43711,8054,78786,1013,487,526
58620,90846,12052,43716,8058,78794,1013,487,526
58625,90850,12052,43717,8058,78798,1013,487,526
58630,90860,12053,43718,8058,78807,1013,487,526
58635,90866,12053,43721,8058,78813,1013,487,526
58640,90877,12053,43725,8058,78824,1013,487,526
58645,90881,12053,43726,8058,78828,1013,487,526
58650,90891,12054,43731,8059,78837,1013,487,526
58655,90897,12054,43733,8059,78842,1013,487,526
58660,90908,12056,43740,8061,78852,1013,487,526
58665,90912,12056,43743,8061,78856,1013,487,526
58670,90922,12057,43744,8061,78865,1013,487,526
58675,90928,12057,43746,8061,78871,1013,487,526
58680,90939,12058,43755,8062,78881,1013,487,526
58685,90943,12058,43756,8062,78885,1013,487,526
58690,90953,12059,43761,8062,78894,1013,487,526
58695,90959,12059,43764,8062,78900,1013,487,526
58700,90970,12059,43770,8062,78911,1013,487,526
58705,90974,12059,43772,8062,78915,1013,487,526
58710,90984,12060,43775,8062,78924,1013,487,526
58715,90990,12060,43776,8062,78930,1013,487,526
58720,91001,12060,43783,8062,78941,1013,487,526
58725,91005,12060,43784,8062,78945,1013,487,526
58730,91015,12062,43788,8063,78953,1013,487,526
58735,91021,12063,43791,8064,78958,1013,487,526
58740,91032,12064,43795,8064,78968,1013,487,526
58745,91036,12065,43798,8065,78971,1013,487,526
58750,91046,12066,43804,8066,78980,1013,487,526
58755,91052,12067,43806,8067,78985,1013,487,526
58760,91063,12068,43813,8067,78995,1013,487,526
58765,91067,12068,43815,8067,78999,1013,487,526
58770,91077,12069,43820,8068,79008,1013,487,526
58775,91083,12070,43825,8069,79013,1013,487,526
58780,91094,12071,43831,8069,79023,1013,487,526
58785,91098,12072,43832,8070,79026,1013,487,526
58790,91108,12073,43837,8070,79034,1013,487,526
58795,91114,12075,43838,8071,79039,1013,487,526
58800,91125,12076,43844,8071,79048,1013,487,526
58805,91129,12077,43847,8072,79052,1013,487,526
58810,91139,12078,43851,8073,79060,1013,487,526
58815,91145,12080,43856,8075,79065,1013,487,526
58820,91156,12081,43862,8076,79075,1013,487,526
58825,91160,12081,43864,8076,79079,1013,487,526
58830,91170,12082,43866,8076,79088,1013,487,526
58835,91176,12083,43869,8077,79093,1013,487,526
58840,91187,12084,43873,8078,79103,1013,487,526
58845,91191,12084,43877,8078,79107,1013,487,526
58850,91201,12085,43880,8079,79115,1013,487,526
58855,91207,12087,43885,8081,79119,1013,487,526
58860,91218,12091,43892,8084,79127,1013,487,526
58865,91222,12091,43893,8084,79131,1013,487,526
58870,91232,12092,43896,8085,79140,1013,487,526
58875,91238,12093,43901,8085,79144,1013,487,526
58880,91249,12095,43907,8087,79154,1013,487,526
58885,91253,12097,43910,8089,79156,1013,487,526
58890,91263,12098,43917,8090,79165,1013,487,526
58895,91269,12099,43923,8091,79169,1013,487,526
58900,91280,12101,43931,8093,79179,1013,487,526
58905,91284,12102,43933,8094,79182,1013,487,526
58910,91294,12103,43939,8095,79191,1013,487,526
58915,91300,12104,43942,8095,79196,1013,487,526
58920,91311,12105,43946,8096,79206,1013,487,526
58925,91315,12106,43948,8097,79209,1013,487,526
58930,91325,12107,43955,8098,79218,1013,487,526
58935,91331,12108,43958,8099,79222,1013,487,526
58940,91342,12110,43965,8101,79232,1013,487,526
58945,91346,12111,43967,8102,79235,1013,487,526
58950,91356,12112,43970,8102,79244,1013,487,526
58955,91362,12113,43974,8102,79248,1013,487,526
58960,91373,12115,43979,8103,79258,1013,487,526
58965,91377,12115,43980,8103,79262,1013,487,526
58970,91387,12117,43986,8105,79269,1013,487,526
58975,91393,12119,43989,8106,79274,1013,487,526
58980,91404,12121,43995,8108,79283,1013,487,526
58985,91408,12121,43995,8108,79287,1013,487,526
58990,91418,12122,44001,8108,79296,1013,487,526
58995,91424,12122,44003,8108,79301,1013,487,526
59000,91435,12124,44007,8109,79311,1013,487,526
59005,91439,12124,44009,8109,79315,1013,487,526
59010,91449,12125,44012,8110,79324,1013,487,526
59015,91455,12125,44014,8110,79330,1013,487,526
59020,91466,12126,44019,8111,79340,1013,487,526
59025,91470,12126,44022,8111,79344,1013,487,526
59030,91480,12127,44030,8112,79353,1013,487,526
59035,91486,12127,44035,8112,79358,1013,487,526
59040,91497,12129,44041,8114,79368,1013,487,526
59045,91501,12129,44042,8114,79372,1013,487,526
59050,91511,12130,44047,8115,79381,1013,487,526
59055,91517,12130,44049,8115,79387,1013,487,526
59060,91528,12131,44054,8116,79397,1013,487,526
59065,91532,12131,44056,8116,79401,1013,487,526
59070,91542,12132,44061,8116,79410,1013,487,526
59075,91548,12132,44065,8116,79416,1013,487,526
59080,91559,12135,44072,8119,79424,1013,487,526
59085,91563,12135,44074,8119,79428,1013,487,526
59090,91573,12137,44078,8120,79436,1013,487,526
59095,91579,12138,44080,8121,79441,1013,487,526
59100,91590,12140,44084,8122,79450,1013,487,526
59105,91594,12141,44085,8123,79453,1013,487,526
59110,91604,12143,44091,8124,79461,1013,487,526
59115,91610,12144,44094,8124,79466,1013,487,526
59120,91621,12145,44100,8124,79476,1013,487,526
59125,91625,12146,44101,8125,79479,1013,487,526
59130,91635,12148,44105,8126,79487,1013,487,526
59135,91641,12149,44109,8127,79492,1013,487,526
59140,91652,12150,44114,8128,79502,1013,487,526
59145,91656,12152,44116,8130,79504,1013,487,526
59150,91666,12154,44120,8131,79512,1013,487,526
59155,91672,12155,44124,8132,79517,1013,487,526
59160,91683,12157,44128,8133,79526,1013,487,526
59165,91687,12158,44129,8134,79529,1013,487,526
59170,91697,12160,44136,8136,79537,1013,487,526
59175,91703,12161,44140,8137,79541,1013,487,526
59180,91714,12163,44141,8138,79551,1013,487,526
59185,91718,12164,44142,8139,79554,1013,487,526
59190,91728,12166,44144,8139,79562,1013,487,526
59195,91734,12167,44146,8139,79566,1013,487,526
59200,91745,12169,44154,8141,79576,1013,487,526
59205,91749,12170,44157,8142,79579,1013,487,526
59210,91759,12172,44162,8143,79586,1013,487,526
59215,91765,12174,44165,8145,79590,1013,487,526
59220,91776,12177,44172,8148,79599,1013,487,526
59225,91780,12177,44174,8148,79603,1013,487,526
59230,91790,12178,44178,8148,79611,1013,487,526
59235,91796,12180,44182,8149,79616,1013,487,526
59240,91807,12181,44188,8150,79626,1013,487,526
59245,91811,12181,44190,8150,79630,1013,487,526
59250,91821,12182,44197,8151,79639,1013,487,526
59255,91827,12183,44202,8152,79644,1013,487,526
59260,91838,12184,44205,8153,79654,1013,487,526
59265,91842,12184,44208,8153,79658,1013,487,526
59270,91852,12185,44211,8153,79667,1013,487,526
59275,91858,12186,44212,8154,79672,1013,487,526
59280,91869,12186,44215,8154,79683,1013,487,526
59285,91873,12187,44217,8155,79686,1013,487,526
59290,91883,12188,44222,8156,79695,1013,487,526
59295,91889,12189,44225,8157,79700,1013,487,526
59300,91900,12189,44229,8157,79711,1013,487,526
59305,91904,12190,44233,8158,79714,1013,487,526
59310,91914,12191,44239,8159,79723,1013,487,526
59315,91920,12192,44245,8160,79728,1013,487,526
59320,91931,12192,44247,8160,79739,1013,487,526
59325,91935,12193,44250,8161,79742,1013,487,526
59330,91945,12195,44255,8162,79750,1013,487,526
59335,91951,12196,44257,8163,79755,1013,487,526
59340,91962,12197,44262,8163,79765,1013,487,526
59345,91966,12197,44263,8163,79769,1013,487,526
59350,91976,12198,44268,8164,79778,1013,487,526
59355,91982,12199,44271,8164,79782,1013,487,526
59360,91993,12202,44275,8166,79791,1013,487,526
59365,91997,12202,44275,8166,79795,1013,487,526
59370,92007,12203,44280,8167,79803,1013,487,526
59375,92013,12205,44284,8168,79808,1013,487,526
59380,92024,12207,44288,8170,79817,1013,487,526
59385,92028,12207,44289,8170,79821,1013,487,526
59390,92038,12208,44295,8170,79829,1013,487,526
59395,92044,12210,44300,8172,79833,1013,487,526
59400,92055,12213,44304,8175,79842,1013,487,526
59405,92059,12214,44305,8176,79845,1013,487,526
59410,92069,12215,44309,8176,79853,1013,487,526
59415,92075,12217,44310,8177,79857,1013,487,526
59420,92086,12220,44315,8180,79866,1013,487,526
59425,92090,12221,44317,8181,79869,1013,487,526
59430,92100,12222,44321,8182,79878,1013,487,526
59435,92106,12223,44321,8182,79883,1013,487,526
59440,92117,12225,44327,8184,79892,1013,487,526
59445,92121,12226,44329,8185,79895,1013,487,526
59450,92131,12228,44333,8185,79902,1013,487,526
59455,92137,12230,44336,8187,79907,1013,487,526
59460,92148,12231,44340,8188,79917,1013,487,526
59465,92152,12231,44340,8188,79921,1013,487,526
59470,92162,12232,44343,8189,79930,1013,487,526
59475,92168,12232,44346,8189,79936,1013,487,526
59480,92179,12233,44352,8190,79946,1013,487,526
59485,92183,12233,44356,8190,79950,1013,487,526
59490,92193,12234,44361,8190,79959,1013,487,526
59495,92199,12234,44363,8190,79965,1013,487,526
59500,92210,12235,44369,8191,79975,1013,487,526
59505,92214,12235,44371,8191,79979,1013,487,526
59510,92224,12236,44374,8191,79988,1013,487,526
59515,92230,12236,44375,8191,79993,1013,487,526
59520,92241,12238,44380,8192,80003,1013,487,526
59525,92245,12238,44380,8192,80007,1013,487,526
59530,92255,12239,44384,8192,80016,1013,487,526
59535,92261,12239,44384,8192,80022,1013,487,526
59540,92272,12241,44390,8194,80031,1013,487,526
59545,92276,12241,44393,8194,80035,1013,487,526
59550,92286,12242,44396,8194,80044,1013,487,526
59555,92292,12242,44398,8194,80050,1013,487,526
59560,92303,12244,44405,8195,80059,1013,487,526
59565,92307,12244,44409,8195,80063,1013,487,526
59570,92317,12246,44416,8196,80071,1013,487,526
59575,92323,12247,44418,8196,80076,1013,487,526
59580,92334,12250,44423,8198,80084,1013,487,526
59585,92338,12251,44425,8199,80087,1013,487,526
59590,92348,12253,44429,8199,80094,1013,487,526
59595,92354,12255,44432,8201,80099,1013,487,526
59600,92365,12258,44436,8203,80107,1013,487,526
59605,92369,12259,44439,8204,80110,1013,487,526
59610,92379,12261,44444,8205,80118,1013,487,526
59615,92385,12262,44446,8205,80123,1013,487,526
59620,92396,12265,44452,8207,80131,1013,487,526
59625,92400,12266,44453,8208,80134,1013,487,526
59630,92410,12268,44459,8210,80142,1013,487,526
59635,92416,12269,44462,8211,80147,1013,487,526
59640,92427,12270,44465,8211,80157,1013,487,526
59645,92431,12271,44466,8212,80160,1013,487,526
59650,92441,12273,44470,8212,80168,1013,487,526
59655,92447,12273,44473,8212,80174,1013,487,526
59660,92458,12274,44477,8212,80184,1013,487,526
59665,92462,12274,44478,8212,80188,1013,487,526
59670,92472,12276,44481,8213,80196,1013,487,526
59675,92478,12276,44483,8213,80202,1013,487,526
59680,92489,12277,44488,8213,80212,1013,487,526
59685,92493,12278,44491,8214,80215,1013,487,526
59690,92503,12280,44496,8214,80223,1013,487,526
59695,92509,12280,44500,8214,80228,1013,487,526
59700,92520,12282,44507,8215,80238,1013,487,526
59705,92524,12284,44510,8217,80240,1013,487,526
59710,92534,12286,44514,8218,80248,1013,487,526
59715,92540,12287,44514,8218,80253,1013,487,526
59720,92551,12288,44520,8219,80263,1013,487,526
59725,92555,12289,44522,8220,80266,1013,487,526
59730,92565,12291,44528,8220,80273,1013,487,526
59735,92571,12293,44532,8222,80278,1013,487,526
59740,92582,12294,44538,8223,80288,1013,487,526
59745,92586,12294,44538,8223,80292,1013,487,526
59750,92596,12296,44543,8224,80299,1013,487,526
59755,92602,12298,44545,8225,80303,1013,487,526
59760,92613,12300,44550,8227,80313,1013,487,526
59765,92617,12300,44552,8227,80317,1013,487,526
59770,92627,12301,44558,8228,80326,1013,487,526
59775,92633,12301,44559,8228,80332,1013,487,526
59780,92644,12302,44561,8228,80342,1013,487,526
59785,92648,12302,44561,8228,80346,1013,487,526
59790,92658,12303,44564,8228,80355,1013,487,526
59795,92664,12303,44566,8228,80361,1013,487,526
59800,92675,12304,44574,8229,80371,1013,487,526
59805,92679,12304,44575,8229,80375,1013,487,526
59810,92689,12305,44580,8230,80384,1013,487,526
59815,92695,12305,44583,8230,80389,1013,487,526
59820,92706,12308,44587,8232,80398,1013,487,526
59825,92710,12309,44588,8233,80401,1013,487,526
59830,92720,12310,44592,8234,80410,1013,487,526
59835,92726,12310,44593,8234,80416,1013,487,526
59840,92737,12313,44597,8236,80424,1013,487,526
59845,92741,12313,44599,8236,80428,1013,487,526
59850,92751,12314,44604,8237,80437,1013,487,526
59855,92757,12314,44606,8237,80443,1013,487,526
59860,92768,12316,44611,8239,80452,1013,487,526
59865,92772,12317,44612,8240,80455,1013,487,526
59870,92782,12319,44617,8241,80463,1013,487,526
59875,92788,12320,44621,8242,80468,1013,487,526
59880,92799,12322,44625,8243,80477,1013,487,526
59885,92803,12322,44626,8243,80481,1013,487,526
59890,92813,12324,44629,8243,80489,1013,487,526
59895,92819,12325,44630,8243,80494,1013,487,526
59900,92830,12325,44637,8243,80505,1013,487,526
59905,92834,12325,44639,8243,80509,1013,487,526
59910,92844,12327,44645,8245,80517,1013,487,526
59915,92850,12328,44646,8245,80522,1013,487,526
59920,92861,12329,44650,8246,80532,1013,487,526
59925,92865,12329,44651,8246,80536,1013,487,526
59930,92875,12331,44655,8247,80543,1013,487,526
59935,92881,12333,44659,8249,80548,1013,487,526
59940,92892,12334,44663,8250,80558,1013,487,526
59945,92896,12335,44666,8251,80561,1013,487,526
59950,92906,12337,44670,8253,80569,1013,487,526
59955,92912,12338,44674,8254,80574,1013,487,526
59960,92923,12339,44678,8254,80584,1013,487,526
59965,92927,12340,44680,8255,80587,1013,487,526
59970,92937,12342,44681,8256,80595,1013,487,526
59975,92943,12343,44686,8257,80599,1013,487,526
59980,92954,12345,44691,8259,80609,1013,487,526
59985,92958,12346,44694,8260,80612,1013,487,526
59990,92968,12348,44701,8262,80620,1013,487,526
59995,92974,12349,44703,8263,80625,1013,487,526
60000,92985,12350,44705,8263,80635,1013,487,526
60005,92989,12351,44707,8264,80638,1013,487,526
60010,92999,12352,44710,8264,80647,1013,487,526
60015,93005,12353,44712,8264,80652,1013,487,526
60020,93016,12353,44716,8264,80663,1013,487,526
60025,93020,12353,44717,8264,80667,1013,487,526
60030,93030,12354,44722,8265,80676,1013,487,526
60035,93036,12355,44723,8265,80681,1013,487,526
60040,93047,12355,44728,8265,80692,1013,487,526
60045,93051,12355,44729,8265,80696,1013,487,526
60050,93061,12356,44735,8266,80705,1013,487,526
60055,93067,12357,44738,8267,80710,1013,487,526
60060,93078,12357,44744,8267,80721,1013,487,526
60065,93082,12357,44745,8267,80725,1013,487,526
60070,93092,12358,44751,8267,80734,1013,487,526
60075,93098,12359,44756,8268,80738,1013,487,526
60080,93109,12360,44762,8269,80749,1013,487,526
60085,93113,12360,44763,8269,80753,1013,487,526
60090,93123,12361,44769,8270,80762,1013,487,526
60095,93129,12362,44772,8270,80766,1013,487,526
60100,93140,12363,44777,8271,80777,1013,487,526
60105,93144,12363,44778,8271,80781,1013,487,526
60110,93154,12365,44780,8273,80789,1013,487,526
60115,93160,12366,44783,8274,80794,1013,487,526
60120,93171,12370,44791,8277,80801,1013,487,526
60125,93175,12370,44793,8277,80805,1013,487,526
60130,93185,12372,44798,8277,80812,1013,487,526
60135,93191,12374,44799,8278,80817,1013,487,526
60140,93202,12375,44805,8278,80827,1013,487,526
60145,93206,12375,44808,8278,80831,1013,487,526
60150,93216,12377,44812,8278,80838,1013,487,526
60155,93222,12379,44814,8279,80843,1013,487,526
60160,93233,12380,44819,8279,80853,1013,487,526
60165,93237,12380,44821,8279,80857,1013,487,526
60170,93247,12382,44824,8280,80865,1013,487,526
60175,93253,12383,44828,8280,80870,1013,487,526
60180,93264,12387,44835,8284,80877,1013,487,526
60185,93268,12387,44837,8284,80881,1013,487,526
60190,93278,12389,44842,8285,80889,1013,487,526
60195,93284,12390,44845,8285,80894,1013,487,526
60200,93295,12392,44851,8287,80903,1013,487,526
60205,93299,12392,44854,8287,80907,1013,487,526
60210,93309,12394,44859,8288,80915,1013,487,526
60215,93315,12395,44863,8289,80920,1013,487,526
60220,93326,12397,44868,8290,80929,1013,487,526
60225,93330,12397,44870,8290,80933,1013,487,526
60230,93340,12399,44874,8291,80941,1013,487,526
60235,93346,12400,44875,8291,80946,1013,487,526
60240,93357,12402,44883,8293,80955,1013,487,526
60245,93361,12403,44886,8294,80958,1013,487,526
60250,93371,12404,44889,8294,80967,1013,487,526
60255,93377,12404,44893,8294,80972,1013,487,526
60260,93388,12406,44899,8296,80982,1013,487,526
60265,93392,12407,44900,8297,80985,1013,487,526
60270,93402,12408,44907,8298,80994,1013,487,526
60275,93408,12408,44911,8298,80999,1013,487,526
60280,93419,12410,44918,8299,81009,1013,487,526
60285,93423,12411,44920,8300,81012,1013,487,526
60290,93433,12412,44923,8300,81021,1013,487,526
60295,93439,12412,44925,8300,81026,1013,487,526
60300,93450,12414,44929,8301,81036,1013,487,526
60305,93454,12415,44932,8302,81039,1013,487,526
60310,93464,12415,44938,8302,81049,1013,487,526
60315,93470,12415,44943,8302,81055,1013,487,526
60320,93481,12416,44950,8303,81065,1013,487,526
60325,93485,12417,44953,8304,81068,1013,487,526
60330,93495,12417,44957,8304,81078,1013,487,526
60335,93501,12417,44959,8304,81084,1013,487,526
60340,93512,12419,44967,8306,81093,1013,487,526
60345,93516,12420,44969,8307,81096,1013,487,526
60350,93526,12421,44973,8307,81105,1013,487,526
60355,93532,12422,44977,8308,81109,1013,487,526
60360,93543,12426,44985,8312,81117,1013,487,526
60365,93547,12427,44988,8313,81120,1013,487,526
60370,93557,12428,44994,8314,81129,1013,487,526
60375,93563,12428,44997,8314,81134,1013,487,526
60380,93574,12429,45002,8315,81145,1013,487,526
60385,93578,12429,45005,8315,81149,1013,487,526
60390,93588,12430,45009,8316,81158,1013,487,526
60395,93594,12430,45013,8316,81164,1013,487,526
60400,93605,12430,45019,8316,81175,1013,487,526
60405,93609,12430,45020,8316,81179,1013,487,526
60410,93619,12432,45025,8316,81187,1013,487,526
60415,93625,12432,45028,8316,81192,1013,487,526
60420,93636,12433,45033,8317,81203,1013,487,526
60425,93640,12433,45034,8317,81207,1013,487,526
60430,93650,12435,45037,8317,81215,1013,487,526
60435,93656,12435,45039,8317,81221,1013,487,526
60440,93667,12435,45045,8317,81232,1013,487,526
60445,93671,12435,45048,8317,81236,1013,487,526
60450,93681,12437,45053,8317,81244,1013,487,526
60455,93687,12437,45058,8317,81249,1013,487,526
60460,93698,12438,45063,8318,81260,1013,487,526
60465,93702,12438,45065,8318,81264,1013,487,526
60470,93712,12440,45070,8318,81271,1013,487,526
60475,93718,12442,45072,8320,81275,1013,487,526
60480,93729,12446,45078,8324,81283,1013,487,526
60485,93733,12446,45081,8324,81287,1013,487,526
60490,93743,12447,45085,8325,81296,1013,487,526
60495,93749,12448,45089,8326,81300,1013,487,526
60500,93760,12451,45095,8329,81309,1013,487,526
60505,93764,12451,45097,8329,81313,1013,487,526
60510,93774,12452,45101,8329,81322,1013,487,526
60515,93780,12453,45103,8330,81326,1013,487,526
60520,93791,12455,45107,8331,81336,1013,487,526
60525,93795,12455,45110,8331,81340,1013,487,526
60530,93805,12456,45117,8331,81349,1013,487,526
60535,93811,12457,45120,8331,81354,1013,487,526
60540,93822,12458,45126,8332,81364,1013,487,526
60545,93826,12458,45128,8332,81368,1013,487,526
60550,93836,12459,45132,8333,81377,1013,487,526
60555,93842,12460,45134,8333,81382,1013,487,526
60560,93853,12461,45136,8333,81392,1013,487,526
60565,93857,12461,45137,8333,81396,1013,487,526
60570,93867,12462,45142,8333,81405,1013,487,526
60575,93873,12463,45147,8334,81409,1013,487,526
60580,93884,12465,45155,8336,81419,1013,487,526
60585,93888,12465,45157,8336,81423,1013,487,526
60590,93898,12467,45165,8338,81431,1013,487,526
60595,93904,12468,45170,8338,81435,1013,487,526
60600,93915,12470,45173,8339,81445,1013,487,526
60605,93919,12470,45173,8339,81449,1013,487,526
60610,93929,12471,45180,8340,81457,1013,487,526
60615,93935,12473,45184,8342,81462,1013,487,526
60620,93946,12474,45189,8342,81472,1013,487,526
60625,93950,12474,45191,8342,81476,1013,487,526
60630,93960,12475,45195,8342,81484,1013,487,526
60635,93966,12477,45198,8344,81489,1013,487,526
60640,93977,12478,45204,8345,81499,1013,487,526
60645,93981,12479,45206,8346,81502,1013,487,526
60650,93991,12480,45211,8347,81510,1013,487,526
60655,93997,12482,45214,8349,81515,1013,487,526
60660,94008,12484,45221,8351,81524,1013,487,526
60665,94012,12484,45223,8351,81528,1013,487,526
60670,94022,12486,45227,8352,81536,1013,487,526
60675,94028,12487,45230,8352,81541,1013,487,526
60680,94039,12489,45237,8353,81550,1013,487,526
60685,94043,12490,45239,8354,81553,1013,487,526
60690,94053,12492,45242,8354,81561,1013,487,526
60695,94059,12493,45243,8354,81565,1013,487,526
60700,94070,12496,45250,8356,81574,1013,487,526
60705,94074,12497,45252,8357,81577,1013,487,526
60710,94084,12499,45258,8358,81585,1013,487,526
60715,94090,12500,45260,8358,81590,1013,487,526
60720,94101,12502,45267,8360,81599,1013,487,526
60725,94105,12503,45270,8361,81602,1013,487,526
60730,94115,12504,45275,8361,81611,1013,487,526
60735,94121,12504,45278,8361,81617,1013,487,526
60740,94132,12504,45283,8361,81628,1013,487,526
60745,94136,12504,45284,8361,81632,1013,487,526
60750,94146,12505,45289,8361,81641,1013,487,526
60755,94152,12505,45293,8361,81647,1013,487,526
60760,94163,12505,45297,8361,81658,1013,487,526
60765,94167,12505,45301,8361,81662,1013,487,526
60770,94177,12506,45304,8361,81671,1013,487,526
60775,94183,12506,45307,8361,81677,1013,487,526
60780,94194,12506,45314,8361,81688,1013,487,526
60785,94198,12506,45315,8361,81692,1013,487,526
60790,94208,12507,45319,8361,81701,1013,487,526
60795,94214,12507,45321,8361,81707,1013,487,526
60800,94225,12508,45327,8362,81717,1013,487,526
60805,94229,12508,45328,8362,81721,1013,487,526
60810,94239,12509,45333,8362,81730,1013,487,526
60815,94245,12509,45335,8362,81736,1013,487,526
60820,94256,12510,45341,8363,81746,1013,487,526
60825,94260,12510,45343,8363,81750,1013,487,526
60830,94270,12512,45351,8365,81758,1013,487,526
60835,94276,12513,45354,8366,81763,1013,487,526
60840,94287,12515,45357,8367,81772,1013,487,526
60845,94291,12516,45359,8368,81775,1013,487,526
60850,94301,12518,45365,8370,81783,1013,487,526
60855,94307,12519,45368,8371,81788,1013,487,526
60860,94318,12521,45376,8373,81797,1013,487,526
60865,94322,12522,45378,8374,81800,1013,487,526
60870,94332,12524,45383,8375,81808,1013,487,526
60875,94338,12525,45388,8376,81812,1013,487,526
60880,94349,12527,45393,8378,81822,1013,487,526
60885,94353,12528,45394,8379,81825,1013,487,526
60890,94363,12530,45400,8379,81832,1013,487,526
60895,94369,12532,45402,8380,81837,1013,487,526
60900,94380,12534,45406,8381,81846,1013,487,526
60905,94384,12534,45408,8381,81850,1013,487,526
60910,94394,12535,45413,8381,81859,1013,487,526
60915,94400,12536,45418,8382,81864,1013,487,526
60920,94411,12538,45422,8383,81873,1013,487,526
60925,94415,12538,45424,8383,81877,1013,487,526
60930,94425,12539,45429,8383,81885,1013,487,526
60935,94431,12541,45432,8385,81889,1013,487,526
60940,94442,12544,45436,8387,81898,1013,487,526
60945,94446,12544,45439,8387,81902,1013,487,526
60950,94456,12545,45448,8388,81910,1013,487,526
60955,94462,12547,45452,8390,81914,1013,487,526
60960,94473,12551,45457,8393,81922,1013,487,526
60965,94477,12551,45460,8393,81926,1013,487,526
60970,94487,12552,45463,8393,81935,1013,487,526
60975,94493,12553,45468,8394,81940,1013,487,526
60980,94504,12553,45469,8394,81951,1013,487,526
60985,94508,12553,45472,8394,81955,1013,487,526
60990,94518,12554,45473,8394,81964,1013,487,526
60995,94524,12555,45476,8394,81969,1013,487,526
61000,94535,12556,45484,8395,81979,1013,487,526
61005,94539,12556,45487,8395,81983,1013,487,526
61010,94549,12558,45491,8397,81991,1013,487,526
61015,94555,12559,45493,8398,81996,1013,487,526
61020,94566,12560,45500,8399,82006,1013,487,526
61025,94570,12560,45500,8399,82010,1013,487,526
61030,94580,12561,45505,8399,82018,1013,487,526
61035,94586,12563,45508,8401,82023,1013,487,526
61040,94597,12566,45516,8403,82031,1013,487,526
61045,94601,12568,45519,8405,82033,1013,487,526
61050,94611,12569,45523,8405,82041,1013,487,526
61055,94617,12571,45527,8406,82046,1013,487,526
61060,94628,12572,45528,8406,82056,1013,487,526
61065,94632,12573,45529,8407,82059,1013,487,526
61070,94642,12574,45534,8407,82068,1013,487,526
61075,94648,12575,45539,8408,82073,1013,487,526
61080,94659,12577,45544,8409,82082,1013,487,526
61085,94663,12579,45548,8411,82084,1013,487,526
61090,94673,12580,45551,8412,82093,1013,487,526
61095,94679,12580,45554,8412,82099,1013,487,526
61100,94690,12580,45560,8412,82110,1013,487,526
61105,94694,12580,45561,8412,82114,1013,487,526
61110,94704,12581,45566,8412,82123,1013,487,526
61115,94710,12581,45568,8412,82129,1013,487,526
61120,94721,12581,45572,8412,82140,1013,487,526
61125,94725,12581,45574,8412,82144,1013,487,526
61130,94735,12583,45579,8413,82152,1013,487,526
61135,94741,12583,45582,8413,82157,1013,487,526
61140,94752,12584,45589,8414,82168,1013,487,526
61145,94756,12586,45592,8416,82170,1013,487,526
61150,94766,12588,45597,8417,82178,1013,487,526
61155,94772,12589,45599,8418,82183,1013,487,526
61160,94783,12589,45604,8418,82194,1013,487,526
61165,94787,12590,45606,8419,82197,1013,487,526
61170,94797,12591,45613,8420,82206,1013,487,526
61175,94803,12592,45617,8421,82210,1013,487,526
61180,94814,12593,45621,8422,82221,1013,487,526
61185,94818,12593,45623,8422,82225,1013,487,526
61190,94828,12594,45630,8423,82233,1013,487,526
61195,94834,12596,45634,8425,82237,1013,487,526
61200,94845,12599,45641,8428,82246,1013,487,526
61205,94849,12600,45643,8429,82249,1013,487,526
61210,94859,12602,45645,8429,82257,1013,487,526
61215,94865,12603,45648,8430,82262,1013,487,526
61220,94876,12605,45653,8431,82271,1013,487,526
61225,94880,12605,45654,8431,82275,1013,487,526
61230,94890,12607,45658,8433,82283,1013,487,526
61235,94896,12608,45664,8434,82287,1013,487,526
61240,94907,12610,45669,8435,82297,1013,487,526
61245,94911,12611,45672,8436,82300,1013,487,526
61250,94921,12613,45679,8437,82307,1013,487,526
61255,94927,12615,45681,8438,82312,1013,487,526
61260,94938,12618,45687,8440,82320,1013,487,526
61265,94942,12618,45690,8440,82324,1013,487,526
61270,94952,12619,45696,8441,82333,1013,487,526
61275,94958,12619,45699,8441,82339,1013,487,526
61280,94969,12622,45706,8444,82347,1013,487,526
61285,94973,12622,45708,8444,82351,1013,487,526
61290,94983,12623,45714,8445,82360,1013,487,526
61295,94989,12623,45720,8445,82366,1013,487,526
61300,95000,12626,45726,8448,82374,1013,487,526
61305,95004,12626,45728,8448,82378,1013,487,526
61310,95014,12627,45732,8448,82387,1013,487,526
61315,95020,12627,45735,8448,82393,1013,487,526
61320,95031,12628,45737,8449,82403,1013,487,526
61325,95035,12629,45739,8450,82406,1013,487,526
61330,95045,12630,45746,8451,82415,1013,487,526
61335,95051,12630,45750,8451,82421,1013,487,526
61340,95062,12631,45757,8452,82431,1013,487,526
61345,95066,12631,45758,8452,82435,1013,487,526
61350,95076,12632,45766,8453,82444,1013,487,526
61355,95082,12632,45768,8453,82450,1013,487,526
61360,95093,12634,45774,8455,82459,1013,487,526
61365,95097,12634,45775,8455,82463,1013,487,526
61370,95107,12635,45780,8455,82472,1013,487,526
61375,95113,12636,45785,8456,82476,1013,487,526
61380,95124,12638,45789,8457,82486,1013,487,526
61385,95128,12638,45791,8457,82490,1013,487,526
61390,95138,12640,45794,8458,82498,1013,487,526
61395,95144,12641,45797,8458,82503,1013,487,526
61400,95155,12642,45802,8459,82513,1013,487,526
61405,95159,12642,45804,8459,82517,1013,487,526
61410,95169,12644,45809,8460,82524,1013,487,526
61415,95175,12646,45811,8461,82529,1013,487,526
61420,95186,12647,45815,8462,82539,1013,487,526
61425,95190,12648,45816,8463,82542,1013,487,526
61430,95200,12650,45818,8463,82550,1013,487,526
61435,95206,12651,45820,8463,82554,1013,487,526
61440,95217,12653,45826,8464,82564,1013,487,526
61445,95221,12653,45827,8464,82568,1013,487,526
61450,95231,12653,45830,8464,82578,1013,487,526
61455,95237,12653,45832,8464,82584,1013,487,526
61460,95248,12653,45837,8464,82595,1013,487,526
61465,95252,12653,45838,8464,82599,1013,487,526
61470,95262,12653,45847,8464,82609,1013,487,526
61475,95268,12653,45850,8464,82615,1013,487,526
61480,95279,12653,45854,8464,82626,1013,487,526
61485,95283,12653,45856,8464,82630,1013,487,526
61490,95293,12653,45863,8464,82640,1013,487,526
61495,95299,12653,45867,8464,82646,1013,487,526
61500,95310,12653,45875,8464,82657,1013,487,526
61505,95314,12653,45878,8464,82661,1013,487,526
61510,95324,12653,45881,8464,82671,1013,487,526
61515,95330,12653,45883,8464,82677,1013,487,526
61520,95341,12653,45888,8464,82688,1013,487,526
61525,95345,12653,45889,8464,82692,1013,487,526
61530,95355,12653,45892,8464,82702,1013,487,526
61535,95361,12653,45895,8464,82708,1013,487,526
61540,95372,12653,45898,8464,82719,1013,487,526
61545,95376,12653,45899,8464,82723,1013,487,526
61550,95386,12655,45905,8466,82731,1013,487,526
61555,95392,12656,45907,8466,82735,1013,487,526
61560,95403,12659,45914,8469,82744,1013,487,526
61565,95407,12660,45917,8470,82747,1013,487,526
61570,95417,12662,45921,8470,82755,1013,487,526
61575,95423,12663,45923,8470,82760,1013,487,526
61580,95434,12665,45930,8472,82769,1013,487,526
61585,95438,12666,45933,8473,82772,1013,487,526
61590,95448,12668,45937,8473,82780,1013,487,526
61595,95454,12669,45939,8473,82785,1013,487,526
61600,95465,12672,45948,8475,82793,1013,487,526
61605,95469,12674,45952,8477,82795,1013,487,526
61610,95479,12676,45959,8479,82803,1013,487,526
61615,95485,12677,45963,8480,82808,1013,487,526
61620,95496,12678,45967,8481,82818,1013,487,526
61625,95500,12679,45969,8482,82821,1013,487,526
61630,95510,12681,45973,8482,82828,1013,487,526
61635,95516,12683,45977,8483,82833,1013,487,526
61640,95527,12685,45981,8484,82842,1013,487,526
61645,95531,12686,45983,8485,82845,1013,487,526
61650,95541,12688,45987,8486,82852,1013,487,526
61655,95547,12690,45990,8487,82857,1013,487,526
61660,95558,12692,45995,8488,82866,1013,487,526
61665,95562,12692,45997,8488,82870,1013,487,526
61670,95572,12694,46003,8489,82877,1013,487,526
61675,95578,12696,46006,8490,82882,1013,487,526
61680,95589,12698,46011,8491,82891,1013,487,526
61685,95593,12698,46013,8491,82895,1013,487,526
61690,95603,12700,46019,8492,82903,1013,487,526
61695,95609,12701,46022,8493,82908,1013,487,526
61700,95620,12703,46028,8494,82917,1013,487,526
61705,95624,12703,46031,8494,82921,1013,487,526
61710,95634,12705,46036,8496,82929,1013,487,526
61715,95640,12706,46036,8496,82934,1013,487,526
61720,95651,12708,46043,8498,82943,1013,487,526
61725,95655,12709,46046,8499,82946,1013,487,526
61730,95665,12711,46050,8500,82954,1013,487,526
61735,95671,12712,46055,8501,82958,1013,487,526
61740,95682,12715,46063,8503,82967,1013,487,526
61745,95686,12715,46065,8503,82971,1013,487,526
61750,95696,12716,46069,8503,82980,1013,487,526
61755,95702,12717,46072,8504,82985,1013,487,526
61760,95713,12718,46078,8505,82995,1013,487,526
61765,95717,12719,46081,8506,82998,1013,487,526
61770,95727,12720,46085,8506,83007,1013,487,526
61775,95733,12721,46088,8507,83012,1013,487,526
61780,95744,12722,46093,8508,83022,1013,487,526
61785,95748,12723,46095,8509,83025,1013,487,526
61790,95758,12724,46100,8510,83034,1013,487,526
61795,95764,12725,46104,8511,83038,1013,487,526
61800,95775,12727,46112,8513,83048,1013,487,526
61805,95779,12728,46115,8514,83051,1013,487,526
61810,95789,12728,46118,8514,83061,1013,487,526
61815,95795,12729,46121,8514,83066,1013,487,526
61820,95806,12730,46128,8515,83076,1013,487,526
61825,95810,12731,46130,8516,83079,1013,487,526
61830,95820,12731,46136,8516,83089,1013,487,526
61835,95826,12732,46140,8517,83094,1013,487,526
61840,95837,12732,46146,8517,83105,1013,487,526
61845,95841,12732,46147,8517,83109,1013,487,526
61850,95851,12733,46153,8518,83117,1013,487,526
61855,95857,12735,46157,8520,83121,1013,487,526
61860,95868,12737,46160,8522,83131,1013,487,526
61865,95872,12737,46162,8522,83135,1013,487,526
61870,95882,12738,46167,8523,83144,1013,487,526
61875,95888,12738,46171,8523,83149,1013,487,526
61880,95899,12739,46176,8524,83160,1013,487,526
61885,95903,12739,46180,8524,83164,1013,487,526
61890,95913,12740,46186,8524,83173,1013,487,526
61895,95919,12740,46189,8524,83179,1013,487,526
61900,95930,12740,46193,8524,83190,1013,487,526
61905,95934,12740,46195,8524,83194,1013,487,526
61910,95944,12742,46200,8525,83202,1013,487,526
61915,95950,12742,46201,8525,83207,1013,487,526
61920,95961,12744,46206,8527,83217,1013,487,526
61925,95965,12745,46208,8528,83220,1013,487,526
61930,95975,12747,46214,8529,83228,1013,487,526
61935,95981,12747,46216,8529,83234,1013,487,526
61940,95992,12748,46219,8529,83244,1013,487,526
61945,95996,12748,46220,8529,83248,1013,487,526
61950,96006,12750,46224,8529,83256,1013,487,526
61955,96012,12750,46226,8529,83262,1013,487,526
61960,96023,12752,46232,8530,83271,1013,487,526
61965,96027,12753,46233,8531,83274,1013,487,526
61970,96037,12755,46235,8533,83282,1013,487,526
61975,96043,12756,46237,8533,83287,1013,487,526
61980,96054,12758,46245,8535,83296,1013,487,526
61985,96058,12759,46246,8536,83299,1013,487,526
61990,96068,12761,46253,8537,83307,1013,487,526
61995,96074,12762,46254,8537,83312,1013,487,526
62000,96085,12764,46259,8538,83321,1013,487,526
62005,96089,12765,46261,8539,83324,1013,487,526
62010,96099,12767,46269,8541,83331,1013,487,526
62015,96105,12769,46271,8543,83336,1013,487,526
62020,96116,12771,46278,8545,83345,1013,487,526
62025,96120,12771,46279,8545,83349,1013,487,526
62030,96130,12773,46284,8545,83357,1013,487,526
62035,96136,12774,46286,8546,83362,1013,487,526
62040,96147,12776,46291,8547,83371,1013,487,526
62045,96151,12776,46292,8547,83375,1013,487,526
62050,96161,12778,46295,8548,83383,1013,487,526
62055,96167,12778,46299,8548,83388,1013,487,526
62060,96178,12781,46305,8550,83397,1013,487,526
62065,96182,12783,46307,8552,83399,1013,487,526
62070,96192,12785,46312,8553,83407,1013,487,526
62075,96198,12785,46317,8553,83413,1013,487,526
62080,96209,12786,46320,8553,83423,1013,487,526
62085,96213,12786,46322,8553,83427,1013,487,526
62090,96223,12788,46328,8553,83435,1013,487,526
62095,96229,12788,46330,8553,83441,1013,487,526
62100,96240,12789,46332,8553,83451,1013,487,526
62105,96244,12789,46334,8553,83455,1013,487,526
62110,96254,12790,46339,8554,83464,1013,487,526
62115,96260,12790,46342,8554,83470,1013,487,526
62120,96271,12791,46347,8555,83480,1013,487,526
62125,96275,12792,46349,8556,83483,1013,487,526
62130,96285,12793,46351,8556,83492,1013,487,526
62135,96291,12793,46353,8556,83498,1013,487,526
62140,96302,12794,46358,8556,83508,1013,487,526
62145,96306,12795,46361,8557,83511,1013,487,526
62150,96316,12796,46365,8557,83520,1013,487,526
62155,96322,12797,46368,8557,83524,1013,487,526
62160,96333,12800,46374,8560,83533,1013,487,526
62165,96337,12801,46377,8561,83536,1013,487,526
62170,96347,12802,46380,8561,83545,1013,487,526
62175,96353,12803,46383,8561,83549,1013,487,526
62180,96364,12805,46388,8563,83559,1013,487,526
62185,96368,12806,46390,8564,83562,1013,487,526
62190,96378,12807,46394,8565,83571,1013,487,526
62195,96384,12808,46396,8565,83575,1013,487,526
62200,96395,12809,46401,8566,83586,1013,487,526
62205,96399,12810,46404,8567,83589,1013,487,526
62210,96409,12812,46407,8569,83597,1013,487,526
62215,96415,12813,46410,8570,83602,1013,487,526
62220,96426,12815,46417,8572,83611,1013,487,526
62225,96430,12816,46418,8573,83614,1013,487,526
62230,96440,12818,46424,8574,83622,1013,487,526
62235,96446,12819,46426,8574,83627,1013,487,526
62240,96457,12819,46435,8574,83638,1013,487,526
62245,96461,12820,46438,8575,83641,1013,487,526
62250,96471,12822,46443,8576,83649,1013,487,526
62255,96477,12823,46444,8576,83654,1013,487,526
62260,96488,12823,46449,8576,83665,1013,487,526
62265,96492,12825,46452,8578,83667,1013,487,526
62270,96502,12827,46457,8578,83674,1013,487,526
62275,96508,12829,46459,8580,83679,1013,487,526
62280,96519,12831,46465,8581,83688,1013,487,526
62285,96523,12833,46468,8583,83690,1013,487,526
62290,96533,12835,46471,8583,83698,1013,487,526
62295,96539,12835,46475,8583,83704,1013,487,526
62300,96550,12837,46481,8584,83713,1013,487,526
62305,96554,12838,46484,8585,83716,1013,487,526
62310,96564,12840,46488,8587,83724,1013,487,526
62315,96570,12840,46492,8587,83730,1013,487,526
62320,96581,12841,46498,8588,83740,1013,487,526
62325,96585,12842,46500,8589,83743,1013,487,526
62330,96595,12844,46505,8590,83751,1013,487,526
62335,96601,12844,46507,8590,83757,1013,487,526
62340,96612,12846,46516,8592,83766,1013,487,526
62345,96616,12847,46518,8593,83769,1013,487,526
62350,96626,12849,46522,8593,83777,1013,487,526
62355,96632,12849,46525,8593,83782,1013,487,526
62360,96643,12850,46532,8594,83793,1013,487,526
62365,96647,12850,46534,8594,83797,1013,487,526
62370,96657,12852,46540,8595,83805,1013,487,526
62375,96663,12852,46545,8595,83811,1013,487,526
62380,96674,12852,46550,8595,83822,1013,487,526
62385,96678,12852,46553,8595,83826,1013,487,526
62390,96688,12854,46560,8597,83834,1013,487,526
62395,96694,12855,46565,8598,83839,1013,487,526
62400,96705,12856,46571,8599,83849,1013,487,526
62405,96709,12856,46572,8599,83853,1013,487,526
62410,96719,12856,46577,8599,83862,1013,487,526
62415,96725,12858,46582,8601,83867,1013,487,526
62420,96736,12860,46586,8602,83876,1013,487,526
62425,96740,12860,46586,8602,83880,1013,487,526
62430,96750,12860,46590,8602,83889,1013,487,526
62435,96756,12862,46592,8603,83894,1013,487,526
62440,96767,12864,46595,8604,83903,1013,487,526
62445,96771,12864,46596,8604,83907,1013,487,526
62450,96781,12864,46599,8604,83917,1013,487,526
62455,96787,12865,46601,8604,83922,1013,487,526
62460,96798,12866,46605,8605,83932,1013,487,526
62465,96802,12867,46607,8606,83935,1013,487,526
62470,96812,12868,46613,8607,83943,1013,487,526
62475,96818,12870,46616,8609,83948,1013,487,526
62480,96829,12871,46620,8609,83958,1013,487,526
62485,96833,12873,46622,8611,83960,1013,487,526
62490,96843,12874,46627,8612,83969,1013,487,526
62495,96849,12875,46630,8613,83974,1013,487,526
62500,96860,12876,46633,8613,83984,1013,487,526
62505,96864,12877,46635,8614,83987,1013,487,526
62510,96874,12879,46641,8615,83994,1013,487,526
62515,96880,12881,46644,8616,83999,1013,487,526
62520,96891,12883,46651,8617,84008,1013,487,526
62525,96895,12883,46653,8617,84012,1013,487,526
62530,96905,12884,46658,8617,84021,1013,487,526
62535,96911,12884,46661,8617,84027,1013,487,526
62540,96922,12886,46670,8619,84036,1013,487,526
62545,96926,12886,46673,8619,84040,1013,487,526
62550,96936,12887,46679,8620,84049,1013,487,526
62555,96942,12887,46681,8620,84055,1013,487,526
62560,96953,12888,46687,8621,84065,1013,487,526
62565,96957,12888,46688,8621,84069,1013,487,526
62570,96967,12889,46696,8622,84078,1013,487,526
62575,96973,12889,46700,8622,84084,1013,487,526
62580,96984,12890,46705,8623,84094,1013,487,526
62585,96988,12890,46707,8623,84098,1013,487,526
62590,96998,12892,46711,8623,84106,1013,487,526
62595,97004,12892,46714,8623,84112,1013,487,526
62600,97015,12894,46718,8624,84121,1013,487,526
62605,97019,12895,46721,8625,84124,1013,487,526
62610,97029,12897,46725,8626,84132,1013,487,526
62615,97035,12897,46728,8626,84138,1013,487,526
62620,97046,12898,46732,8627,84148,1013,487,526
62625,97050,12898,46733,8627,84152,1013,487,526
62630,97060,12900,46741,8628,84159,1013,487,526
62635,97066,12902,46743,8629,84164,1013,487,526
62640,97077,12904,46750,8631,84173,1013,487,526
62645,97081,12906,46753,8633,84175,1013,487,526
62650,97091,12908,46755,8633,84183,1013,487,526
62655,97097,12909,46759,8634,84188,1013,487,526
62660,97108,12911,46765,8635,84197,1013,487,526
62665,97112,12912,46768,8636,84200,1013,487,526
62670,97122,12914,46771,8637,84207,1013,487,526
62675,97128,12916,46776,8639,84212,1013,487,526
62680,97139,12917,46780,8640,84222,1013,487,526
62685,97143,12917,46782,8640,84226,1013,487,526
62690,97153,12919,46787,8641,84234,1013,487,526
62695,97159,12920,46791,8642,84239,1013,487,526
62700,97170,12922,46795,8644,84248,1013,487,526
62705,97174,12924,46799,8646,84250,1013,487,526
62710,97184,12926,46803,8646,84258,1013,487,526
62715,97190,12926,46804,8646,84264,1013,487,526
62720,97201,12927,46809,8647,84274,1013,487,526
62725,97205,12928,46811,8648,84277,1013,487,526
62730,97215,12930,46818,8649,84285,1013,487,526
62735,97221,12930,46821,8649,84291,1013,487,526
62740,97232,12931,46826,8650,84301,1013,487,526
62745,97236,12933,46830,8652,84303,1013,487,526
62750,97246,12935,46835,8653,84311,1013,487,526
62755,97252,12935,46836,8653,84317,1013,487,526
62760,97263,12936,46842,8654,84327,1013,487,526
62765,97267,12937,46843,8655,84330,1013,487,526
62770,97277,12937,46847,8655,84340,1013,487,526
62775,97283,12938,46851,8656,84345,1013,487,526
62780,97294,12939,46856,8656,84355,1013,487,526
62785,97298,12939,46858,8656,84359,1013,487,526
62790,97308,12939,46861,8656,84369,1013,487,526
62795,97314,12940,46863,8656,84374,1013,487,526
62800,97325,12942,46869,8657,84383,1013,487,526
62805,97329,12943,46872,8658,84386,1013,487,526
62810,97339,12943,46877,8658,84396,1013,487,526
62815,97345,12944,46880,8659,84401,1013,487,526
62820,97356,12946,46886,8660,84410,1013,487,526
62825,97360,12947,46889,8661,84413,1013,487,526
62830,97370,12948,46895,8662,84422,1013,487,526
62835,97376,12948,46901,8662,84427,1013,487,526
62840,97387,12949,46907,8663,84438,1013,487,526
62845,97391,12950,46911,8664,84441,1013,487,526
62850,97401,12951,46918,8664,84450,1013,487,526
62855,97407,12951,46923,8664,84455,1013,487,526
62860,97418,12952,46928,8665,84466,1013,487,526
62865,97422,12953,46930,8666,84469,1013,487,526
62870,97432,12955,46934,8667,84477,1013,487,526
62875,97438,12955,46936,8667,84482,1013,487,526
62880,97449,12956,46942,8668,84493,1013,487,526
62885,97453,12956,46943,8668,84497,1013,487,526
62890,97463,12957,46949,8668,84506,1013,487,526
62895,97469,12957,46952,8668,84512,1013,487,526
62900,97480,12957,46958,8668,84523,1013,487,526
62905,97484,12957,46959,8668,84527,1013,487,526
62910,97494,12958,46965,8669,84536,1013,487,526
62915,97500,12958,46968,8669,84542,1013,487,526
62920,97511,12958,46976,8669,84553,1013,487,526
62925,97515,12958,46977,8669,84557,1013,487,526
62930,97525,12959,46980,8669,84565,1013,487,526
62935,97531,12961,46981,8671,84570,1013,487,526
62940,97542,12962,46985,8671,84580,1013,487,526
62945,97546,12963,46987,8672,84583,1013,487,526
62950,97556,12965,46990,8673,84591,1013,487,526
62955,97562,12966,46994,8674,84596,1013,487,526
62960,97573,12967,47000,8674,84606,1013,487,526
62965,97577,12968,47004,8675,84609,1013,487,526
62970,97587,12970,47008,8677,84617,1013,487,526
62975,97593,12971,47009,8678,84622,1013,487,526
62980,97604,12973,47014,8679,84631,1013,487,526
62985,97608,12973,47016,8679,84635,1013,487,526
62990,97618,12975,47019,8679,84643,1013,487,526
62995,97624,12976,47023,8679,84647,1013,487,526
63000,97635,12978,47027,8680,84657,1013,487,526
63005,97639,12979,47030,8681,84660,1013,487,526
63010,97649,12980,47036,8682,84668,1013,487,526
63015,97655,12982,47039,8683,84673,1013,487,526
63020,97666,12983,47044,8684,84683,1013,487,526
63025,97670,12983,47045,8684,84687,1013,487,526
63030,97680,12984,47051,8684,84695,1013,487,526
63035,97686,12986,47054,8685,84700,1013,487,526
63040,97697,12988,47060,8686,84709,1013,487,526
63045,97701,12988,47061,8686,84713,1013,487,526
63050,97711,12989,47067,8687,84722,1013,487,526
63055,97717,12990,47069,8687,84727,1013,487,526
63060,97728,12992,47072,8688,84736,1013,487,526
63065,97732,12993,47073,8689,84739,1013,487,526
63070,97742,12994,47077,8689,84748,1013,487,526
63075,97748,12994,47080,8689,84754,1013,487,526
63080,97759,12995,47083,8689,84764,1013,487,526
63085,97763,12996,47086,8690,84767,1013,487,526
63090,97773,12997,47090,8690,84776,1013,487,526
63095,97779,12997,47092,8690,84782,1013,487,526
63100,97790,12999,47096,8691,84791,1013,487,526
63105,97794,12999,47097,8691,84795,1013,487,526
63110,97804,13001,47101,8691,84803,1013,487,526
63115,97810,13001,47104,8691,84808,1013,487,526
63120,97821,13004,47109,8693,84817,1013,487,526
63125,97825,13006,47112,8695,84819,1013,487,526
63130,97835,13008,47118,8696,84827,1013,487,526
63135,97841,13008,47123,8696,84833,1013,487,526
63140,97852,13009,47127,8696,84843,1013,487,526
63145,97856,13010,47129,8697,84846,1013,487,526
63150,97866,13012,47134,8697,84854,1013,487,526
63155,97872,13012,47139,8697,84859,1013,487,526
63160,97883,13015,47144,8699,84868,1013,487,526
63165,97887,13017,47148,8701,84870,1013,487,526
63170,97897,13019,47157,8703,84878,1013,487,526
63175,97903,13020,47159,8704,84883,1013,487,526
63180,97914,13022,47164,8706,84892,1013,487,526
63185,97918,13023,47166,8707,84895,1013,487,526
63190,97928,13024,47170,8708,84903,1013,487,526
63195,97934,13026,47176,8710,84907,1013,487,526
63200,97945,13027,47179,8711,84918,1013,487,526
63205,97949,13027,47180,8711,84922,1013,487,526
63210,97959,13028,47186,8711,84930,1013,487,526
63215,97965,13030,47190,8712,84934,1013,487,526
63220,97976,13031,47197,8713,84945,1013,487,526
63225,97980,13032,47200,8714,84948,1013,487,526
63230,97990,13033,47206,8715,84957,1013,487,526
63235,97996,13034,47208,8716,84962,1013,487,526
63240,98007,13034,47212,8716,84973,1013,487,526
63245,98011,13034,47213,8716,84977,1013,487,526
63250,98021,13035,47218,8716,84986,1013,487,526
63255,98027,13036,47218,8716,84991,1013,487,526
63260,98038,13036,47224,8716,85002,1013,487,526
63265,98042,13036,47226,8716,85006,1013,487,526
63270,98052,13037,47228,8716,85015,1013,487,526
63275,98058,13038,47231,8717,85020,1013,487,526
63280,98069,13038,47238,8717,85031,1013,487,526
63285,98073,13038,47241,8717,85035,1013,487,526
63290,98083,13040,47246,8719,85042,1013,487,526
63295,98089,13042,47250,8721,85046,1013,487,526
63300,98100,13047,47257,8725,85053,1013,487,526
63305,98104,13049,47259,8727,85055,1013,487,526
63310,98114,13051,47262,8727,85063,1013,487,526
63315,98120,13052,47266,8728,85068,1013,487,526
63320,98131,13054,47272,8729,85077,1013,487,526
63325,98135,13055,47275,8730,85080,1013,487,526
63330,98145,13057,47280,8731,85087,1013,487,526
63335,98151,13059,47282,8732,85092,1013,487,526
63340,98162,13061,47290,8734,85101,1013,487,526
63345,98166,13062,47293,8735,85104,1013,487,526
63350,98176,13064,47300,8737,85111,1013,487,526
63355,98182,13066,47301,8738,85116,1013,487,526
63360,98193,13069,47309,8741,85124,1013,487,526
63365,98197,13069,47310,8741,85128,1013,487,526
63370,98207,13071,47315,8742,85136,1013,487,526
63375,98213,13071,47318,8742,85142,1013,487,526
63380,98224,13072,47325,8742,85152,1013,487,526
63385,98228,13072,47325,8742,85156,1013,487,526
63390,98238,13074,47329,8742,85164,1013,487,526
63395,98244,13074,47330,8742,85170,1013,487,526
63400,98255,13075,47335,8742,85180,1013,487,526
63405,98259,13075,47337,8742,85184,1013,487,526
63410,98269,13077,47341,8743,85192,1013,487,526
63415,98275,13077,47343,8743,85198,1013,487,526
63420,98286,13078,47348,8744,85208,1013,487,526
63425,98290,13078,47349,8744,85212,1013,487,526
63430,98300,13080,47357,8746,85220,1013,487,526
63435,98306,13080,47361,8746,85225,1013,487,526
63440,98317,13082,47365,8748,85235,1013,487,526
63445,98321,13082,47365,8748,85239,1013,487,526
63450,98331,13083,47369,8749,85248,1013,487,526
63455,98337,13083,47372,8749,85254,1013,487,526
63460,98348,13084,47378,8749,85264,1013,487,526
63465,98352,13085,47380,8750,85267,1013,487,526
63470,98362,13086,47386,8750,85276,1013,487,526
63475,98368,13087,47389,8750,85281,1013,487,526
63480,98379,13088,47394,8751,85291,1013,487,526
63485,98383,13089,47398,8752,85294,1013,487,526
63490,98393,13090,47403,8752,85302,1013,487,526
63495,98399,13092,47408,8754,85307,1013,487,526
63500,98410,13093,47415,8755,85317,1013,487,526
63505,98414,13094,47417,8756,85320,1013,487,526
63510,98424,13095,47422,8756,85328,1013,487,526
63515,98430,13097,47422,8757,85333,1013,487,526
63520,98441,13098,47427,8758,85343,1013,487,526
63525,98445,13098,47430,8758,85347,1013,487,526
63530,98455,13099,47435,8758,85355,1013,487,526
63535,98461,13101,47438,8759,85360,1013,487,526
63540,98472,13103,47445,8760,85369,1013,487,526
63545,98476,13104,47447,8761,85372,1013,487,526
63550,98486,13106,47451,8761,85380,1013,487,526
63555,98492,13107,47453,8761,85385,1013,487,526
63560,98503,13109,47458,8763,85394,1013,487,526
63565,98507,13110,47461,8764,85397,1013,487,526
63570,98517,13112,47468,8766,85405,1013,487,526
63575,98523,13113,47470,8766,85409,1013,487,526
63580,98534,13115,47476,8767,85419,1013,487,526
63585,98538,13115,47477,8767,85423,1013,487,526
63590,98548,13117,47481,8768,85431,1013,487,526
63595,98554,13118,47484,8769,85435,1013,487,526
63600,98565,13121,47491,8772,85444,1013,487,526
63605,98569,13121,47493,8772,85448,1013,487,526
63610,98579,13122,47499,8773,85457,1013,487,526
63615,98585,13122,47502,8773,85463,1013,487,526
63620,98596,13123,47505,8774,85473,1013,487,526
63625,98600,13123,47505,8774,85477,1013,487,526
63630,98610,13124,47510,8775,85486,1013,487,526
63635,98616,13124,47512,8775,85492,1013,487,526
63640,98627,13124,47518,8775,85503,1013,487,526
63645,98631,13124,47519,8775,85507,1013,487,526
63650,98641,13125,47522,8775,85516,1013,487,526
63655,98647,13125,47525,8775,85522,1013,487,526
63660,98658,13125,47529,8775,85533,1013,487,526
63665,98662,13125,47531,8775,85537,1013,487,526
63670,98672,13126,47538,8776,85546,1013,487,526
63675,98678,13126,47540,8776,85552,1013,487,526
63680,98689,13126,47545,8776,85563,1013,487,526
63685,98693,13126,47547,8776,85567,1013,487,526
63690,98703,13127,47553,8776,85576,1013,487,526
63695,98709,13127,47557,8776,85582,1013,487,526
63700,98720,13127,47564,8776,85593,1013,487,526
63705,98724,13127,47565,8776,85597,1013,487,526
63710,98734,13129,47571,8777,85604,1013,487,526
63715,98740,13131,47573,8779,85608,1013,487,526
63720,98751,13135,47580,8782,85616,1013,487,526
63725,98755,13135,47581,8782,85620,1013,487,526
63730,98765,13136,47586,8783,85629,1013,487,526
63735,98771,13137,47587,8783,85634,1013,487,526
63740,98782,13138,47593,8784,85644,1013,487,526
63745,98786,13138,47594,8784,85648,1013,487,526
63750,98796,13139,47595,8785,85657,1013,487,526
63755,98802,13140,47599,8786,85662,1013,487,526
63760,98813,13141,47603,8786,85672,1013,487,526
63765,98817,13143,47605,8788,85674,1013,487,526
63770,98827,13144,47608,8788,85683,1013,487,526
63775,98833,13145,47611,8789,85687,1013,487,526
63780,98844,13148,47613,8791,85696,1013,487,526
63785,98848,13148,47615,8791,85700,1013,487,526
63790,98858,13148,47620,8791,85710,1013,487,526
63795,98864,13149,47625,8791,85715,1013,487,526
63800,98875,13150,47630,8792,85725,1013,487,526
63805,98879,13151,47633,8793,85728,1013,487,526
63810,98889,13151,47636,8793,85737,1013,487,526
63815,98895,13153,47639,8795,85742,1013,487,526
63820,98906,13154,47645,8795,85752,1013,487,526
63825,98910,13154,47647,8795,85756,1013,487,526
63830,98920,13155,47653,8796,85765,1013,487,526
63835,98926,13156,47655,8797,85770,1013,487,526
63840,98937,13158,47659,8799,85779,1013,487,526
63845,98941,13158,47662,8799,85783,1013,487,526
63850,98951,13159,47667,8800,85792,1013,487,526
63855,98957,13159,47669,8800,85798,1013,487,526
63860,98968,13161,47674,8801,85807,1013,487,526
63865,98972,13161,47674,8801,85811,1013,487,526
63870,98982,13162,47679,8801,85820,1013,487,526
63875,98988,13162,47683,8801,85826,1013,487,526
63880,98999,13164,47686,8802,85835,1013,487,526
63885,99003,13164,47687,8802,85839,1013,487,526
63890,99013,13166,47692,8802,85847,1013,487,526
63895,99019,13166,47692,8802,85853,1013,487,526
63900,99030,13170,47700,8806,85860,1013,487,526
63905,99034,13171,47703,8807,85863,1013,487,526
63910,99044,13173,47709,8808,85871,1013,487,526
63915,99050,13173,47711,8808,85877,1013,487,526
63920,99061,13175,47717,8810,85886,1013,487,526
63925,99065,13176,47719,8811,85889,1013,487,526
63930,99075,13178,47722,8812,85897,1013,487,526
63935,99081,13178,47724,8812,85903,1013,487,526
63940,99092,13178,47729,8812,85914,1013,487,526
63945,99096,13178,47730,8812,85918,1013,487,526
63950,99106,13179,47732,8812,85927,1013,487,526
63955,99112,13180,47733,8812,85932,1013,487,526
63960,99123,13181,47740,8813,85942,1013,487,526
63965,99127,13181,47741,8813,85946,1013,487,526
63970,99137,13182,47746,8813,85954,1013,487,526
63975,99143,13184,47749,8815,85959,1013,487,526
63980,99154,13185,47755,8815,85969,1013,487,526
63985,99158,13186,47758,8816,85972,1013,487,526
63990,99168,13187,47767,8816,85980,1013,487,526
63995,99174,13189,47769,8817,85985,1013,487,526
64000,99185,13190,47773,8817,85995,1013,487,526
64005,99189,13190,47774,8817,85999,1013,487,526
64010,99199,13191,47781,8818,86007,1013,487,526
64015,99205,13193,47785,8820,86011,1013,487,526
64020,99216,13195,47788,8821,86021,1013,487,526
64025,99220,13196,47791,8822,86024,1013,487,526
64030,99230,13197,47797,8822,86033,1013,487,526
64035,99236,13198,47802,8823,86037,1013,487,526
64040,99247,13201,47809,8826,86046,1013,487,526
64045,99251,13202,47810,8827,86049,1013,487,526
64050,99261,13203,47816,8828,86058,1013,487,526
64055,99267,13204,47819,8828,86062,1013,487,526
64060,99278,13207,47822,8830,86071,1013,487,526
64065,99282,13208,47824,8831,86074,1013,487,526
64070,99292,13209,47829,8832,86083,1013,487,526
64075,99298,13210,47833,8832,86087,1013,487,526
64080,99309,13215,47840,8837,86094,1013,487,526
64085,99313,13215,47843,8837,86098,1013,487,526
64090,99323,13215,47849,8837,86108,1013,487,526
64095,99329,13215,47854,8837,86114,1013,487,526
64100,99340,13215,47862,8837,86125,1013,487,526
64105,99344,13215,47863,8837,86129,1013,487,526
64110,99354,13215,47867,8837,86139,1013,487,526
64115,99360,13215,47870,8837,86145,1013,487,526
64120,99371,13215,47875,8837,86156,1013,487,526
64125,99375,13215,47876,8837,86160,1013,487,526
64130,99385,13215,47879,8837,86170,1013,487,526
64135,99391,13215,47883,8837,86176,1013,487,526
64140,99402,13215,47888,8837,86187,1013,487,526
64145,99406,13215,47890,8837,86191,1013,487,526
64150,99416,13215,47894,8837,86201,1013,487,526
64155,99422,13215,47896,8837,86207,1013,487,526
64160,99433,13215,47902,8837,86218,1013,487,526
64165,99437,13215,47904,8837,86222,1013,487,526
64170,99447,13215,47910,8837,86232,1013,487,526
64175,99453,13215,47912,8837,86238,1013,487,526
64180,99464,13215,47918,8837,86249,1013,487,526
64185,99468,13215,47921,8837,86253,1013,487,526
64190,99478,13216,47925,8838,86262,1013,487,526
64195,99484,13217,47929,8839,86267,1013,487,526
64200,99495,13218,47933,8840,86277,1013,487,526
64205,99499,13218,47934,8840,86281,1013,487,526
64210,99509,13219,47939,8841,86290,1013,487,526
64215,99515,13220,47943,8841,86294,1013,487,526
64220,99526,13222,47947,8842,86304,1013,487,526
64225,99530,13222,47948,8842,86308,1013,487,526
64230,99540,13223,47953,8842,86316,1013,487,526
64235,99546,13225,47956,8844,86320,1013,487,526
64240,99557,13228,47960,8846,86329,1013,487,526
64245,99561,13229,47962,8847,86332,1013,487,526
64250,99571,13230,47965,8847,86341,1013,487,526
64255,99577,13231,47969,8848,86346,1013,487,526
64260,99588,13233,47973,8849,86355,1013,487,526
64265,99592,13234,47976,8850,86358,1013,487,526
64270,99602,13235,47979,8850,86367,1013,487,526
64275,99608,13236,47981,8851,86372,1013,487,526
64280,99619,13240,47985,8854,86379,1013,487,526
64285,99623,13240,47986,8854,86383,1013,487,526
64290,99633,13240,47993,8854,86392,1013,487,526
64295,99639,13242,47995,8856,86397,1013,487,526
64300,99650,13245,48001,8858,86405,1013,487,526
64305,99654,13246,48002,8859,86408,1013,487,526
64310,99664,13246,48006,8859,86417,1013,487,526
64315,99670,13248,48010,8860,86422,1013,487,526
64320,99681,13251,48017,8863,86430,1013,487,526
64325,99685,13251,48019,8863,86434,1013,487,526
64330,99695,13251,48025,8863,86443,1013,487,526
64335,99701,13253,48026,8864,86448,1013,487,526
64340,99712,13254,48034,8865,86458,1013,487,526
64345,99716,13254,48037,8865,86462,1013,487,526
64350,99726,13254,48041,8865,86472,1013,487,526
64355,99732,13255,48044,8865,86477,1013,487,526
64360,99743,13256,48049,8866,86487,1013,487,526
64365,99747,13256,48050,8866,86491,1013,487,526
64370,99757,13256,48053,8866,86500,1013,487,526
64375,99763,13258,48057,8868,86505,1013,487,526
64380,99774,13259,48065,8869,86515,1013,487,526
64385,99778,13259,48068,8869,86519,1013,487,526
64390,99788,13260,48073,8870,86528,1013,487,526
64395,99794,13260,48074,8870,86534,1013,487,526
64400,99805,13260,48078,8870,86545,1013,487,526
64405,99809,13260,48081,8870,86549,1013,487,526
64410,99819,13261,48086,8871,86558,1013,487,526
64415,99825,13261,48089,8871,86563,1013,487,526
64420,99836,13262,48095,8872,86574,1013,487,526
64425,99840,13262,48097,8872,86578,1013,487,526
64430,99850,13263,48103,8873,86587,1013,487,526
64435,99856,13263,48105,8873,86593,1013,487,526
64440,99867,13265,48112,8875,86602,1013,487,526
64445,99871,13265,48114,8875,86606,1013,487,526
64450,99881,13266,48120,8876,86615,1013,487,526
64455,99887,13267,48122,8877,86620,1013,487,526
64460,99898,13269,48125,8878,86629,1013,487,526
64465,99902,13269,48127,8878,86633,1013,487,526
64470,99912,13270,48129,8878,86642,1013,487,526
64475,99918,13271,48130,8878,86647,1013,487,526
64480,99929,13272,48133,8879,86657,1013,487,526
64485,99933,13272,48133,8879,86661,1013,487,526
64490,99943,13273,48136,8879,86670,1013,487,526
64495,99949,13274,48137,8879,86675,1013,487,526
64500,99960,13276,48143,8881,86684,1013,487,526
64505,99964,13277,48146,8882,86687,1013,487,526
64510,99974,13277,48150,8882,86697,1013,487,526
64515,99980,13278,48152,8882,86702,1013,487,526
64520,99991,13281,48157,8884,86710,1013,487,526
64525,99995,13281,48160,8884,86714,1013,487,526
64530,100005,13281,48165,8884,86724,1013,487,526
64535,100011,13282,48167,8885,86729,1013,487,526
64540,100022,13284,48171,8886,86738,1013,487,526
64545,100026,13284,48173,8886,86742,1013,487,526
64550,100036,13284,48180,8886,86751,1013,487,526
64555,100042,13286,48183,8888,86756,1013,487,526
64560,100053,13288,48186,8889,86765,1013,487,526
64565,100057,13288,48186,8889,86769,1013,487,526
64570,100067,13288,48192,8889,86779,1013,487,526
64575,100073,13288,48193,8889,86785,1013,487,526
64580,100084,13288,48198,8889,86796,1013,487,526
64585,100088,13288,48200,8889,86800,1013,487,526
64590,100098,13288,48204,8889,86810,1013,487,526
64595,100104,13288,48208,8889,86816,1013,487,526
64600,100115,13288,48216,8889,86827,1013,487,526
64605,100119,13288,48218,8889,86831,1013,487,526
64610,100129,13289,48224,8889,86840,1013,487,526
64615,100135,13289,48228,8889,86846,1013,487,526
64620,100146,13289,48235,8889,86857,1013,487,526
64625,100150,13290,48237,8890,86860,1013,487,526
64630,100160,13291,48241,8890,86869,1013,487,526
64635,100166,13291,48244,8890,86874,1013,487,526
64640,100177,13292,48249,8891,86885,1013,487,526
64645,100181,13293,48252,8892,86888,1013,487,526
64650,100191,13294,48259,8893,86897,1013,487,526
64655,100197,13294,48263,8893,86902,1013,487,526
64660,100208,13295,48267,8894,86913,1013,487,526
64665,100212,13295,48268,8894,86917,1013,487,526
64670,100222,13296,48272,8894,86925,1013,487,526
64675,100228,13298,48274,8895,86929,1013,487,526
64680,100239,13300,48278,8896,86939,1013,487,526
64685,100243,13300,48278,8896,86943,1013,487,526
64690,100253,13301,48283,8897,86952,1013,487,526
64695,100259,13302,48286,8897,86957,1013,487,526
64700,100270,13303,48290,8897,86967,1013,487,526
64705,100274,13303,48291,8897,86971,1013,487,526
64710,100284,13304,48296,8898,86980,1013,487,526
64715,100290,13305,48299,8898,86985,1013,487,526
64720,100301,13308,48305,8901,86993,1013,487,526
64725,100305,13309,48309,8902,86996,1013,487,526
64730,100315,13310,48312,8903,87005,1013,487,526
64735,100321,13311,48316,8904,87009,1013,487,526
64740,100332,13314,48321,8906,87018,1013,487,526
64745,100336,13315,48323,8907,87021,1013,487,526
64750,100346,13316,48328,8908,87030,1013,487,526
64755,100352,13317,48329,8908,87035,1013,487,526
64760,100363,13318,48332,8909,87045,1013,487,526
64765,100367,13318,48333,8909,87049,1013,487,526
64770,100377,13319,48338,8910,87058,1013,487,526
64775,100383,13320,48339,8911,87063,1013,487,526
64780,100394,13321,48344,8912,87073,1013,487,526
64785,100398,13322,48345,8913,87076,1013,487,526
64790,100408,13323,48351,8913,87084,1013,487,526
64795,100414,13325,48355,8915,87088,1013,487,526
64800,100425,13328,48362,8918,87097,1013,487,526
64805,100429,13329,48364,8919,87100,1013,487,526
64810,100439,13330,48370,8920,87108,1013,487,526
64815,100445,13332,48374,8921,87113,1013,487,526
64820,100456,13333,48380,8922,87123,1013,487,526
64825,100460,13334,48381,8923,87126,1013,487,526
64830,100470,13335,48388,8924,87134,1013,487,526
64835,100476,13337,48389,8925,87139,1013,487,526
64840,100487,13339,48396,8927,87148,1013,487,526
64845,100491,13340,48398,8928,87151,1013,487,526
64850,100501,13341,48399,8928,87160,1013,487,526
64855,100507,13342,48404,8929,87165,1013,487,526
64860,100518,13343,48407,8929,87175,1013,487,526
64865,100522,13343,48410,8929,87179,1013,487,526
64870,100532,13343,48415,8929,87188,1013,487,526
64875,100538,13345,48418,8931,87193,1013,487,526
64880,100549,13345,48425,8931,87204,1013,487,526
64885,100553,13345,48428,8931,87208,1013,487,526
64890,100563,13345,48435,8931,87217,1013,487,526
64895,100569,13347,48438,8932,87222,1013,487,526
64900,100580,13347,48444,8932,87233,1013,487,526
64905,100584,13347,48446,8932,87237,1013,487,526
64910,100594,13347,48451,8932,87247,1013,487,526
64915,100600,13348,48454,8933,87252,1013,487,526
64920,100611,13348,48458,8933,87263,1013,487,526
64925,100615,13348,48459,8933,87267,1013,487,526
64930,100625,13348,48462,8933,87277,1013,487,526
64935,100631,13349,48465,8934,87282,1013,487,526
64940,100642,13349,48468,8934,87293,1013,487,526
64945,100646,13350,48469,8935,87296,1013,487,526
64950,100656,13350,48475,8935,87306,1013,487,526
64955,100662,13351,48478,8936,87311,1013,487,526
64960,100673,13352,48485,8937,87321,1013,487,526
64965,100677,13352,48487,8937,87325,1013,487,526
64970,100687,13353,48493,8938,87334,1013,487,526
64975,100693,13354,48495,8938,87338,1013,487,526
64980,100704,13357,48499,8941,87347,1013,487,526
64985,100708,13358,48500,8942,87350,1013,487,526
64990,100718,13359,48504,8943,87359,1013,487,526
64995,100724,13360,48506,8943,87364,1013,487,526
65000,100735,13360,48509,8943,87375,1013,487,526
65005,100739,13360,48511,8943,87379,1013,487,526
65010,100749,13361,48518,8943,87388,1013,487,526
65015,100755,13362,48519,8944,87393,1013,487,526
65020,100766,13362,48523,8944,87404,1013,487,526
65025,100770,13363,48524,8945,87407,1013,487,526
65030,100780,13364,48530,8945,87415,1013,487,526
65035,100786,13366,48531,8946,87420,1013,487,526
65040,100797,13367,48535,8947,87430,1013,487,526
65045,100801,13368,48537,8948,87433,1013,487,526
65050,100811,13369,48542,8949,87442,1013,487,526
65055,100817,13369,48544,8949,87447,1013,487,526
65060,100828,13371,48547,8951,87457,1013,487,526
65065,100832,13371,48548,8951,87461,1013,487,526
65070,100842,13372,48552,8951,87470,1013,487,526
65075,100848,13372,48555,8951,87475,1013,487,526
65080,100859,13373,48559,8952,87486,1013,487,526
65085,100863,13374,48562,8953,87489,1013,487,526
65090,100873,13375,48566,8953,87498,1013,487,526
65095,100879,13375,48567,8953,87504,1013,487,526
65100,100890,13375,48571,8953,87515,1013,487,526
65105,100894,13375,48573,8953,87519,1013,487,526
65110,100904,13376,48575,8953,87527,1013,487,526
65115,100910,13378,48578,8955,87532,1013,487,526
65120,100921,13379,48586,8956,87542,1013,487,526
65125,100925,13380,48588,8957,87545,1013,487,526
65130,100935,13381,48593,8957,87554,1013,487,526
65135,100941,13382,48596,8958,87559,1013,487,526
65140,100952,13382,48603,8958,87570,1013,487,526
65145,100956,13382,48606,8958,87574,1013,487,526
65150,100966,13383,48610,8959,87583,1013,487,526
65155,100972,13383,48613,8959,87588,1013,487,526
65160,100983,13384,48617,8960,87599,1013,487,526
65165,100987,13384,48619,8960,87603,1013,487,526
65170,100997,13385,48624,8960,87612,1013,487,526
65175,101003,13385,48627,8960,87617,1013,487,526
65180,101014,13386,48633,8961,87628,1013,487,526
65185,101018,13386,48636,8961,87632,1013,487,526
65190,101028,13387,48640,8961,87641,1013,487,526
65195,101034,13387,48645,8961,87646,1013,487,526
65200,101045,13388,48649,8962,87657,1013,487,526
65205,101049,13389,48652,8963,87660,1013,487,526
65210,101059,13390,48656,8964,87669,1013,487,526
65215,101065,13390,48657,8964,87674,1013,487,526
65220,101076,13392,48665,8966,87684,1013,487,526
65225,101080,13392,48665,8966,87688,1013,487,526
65230,101090,13392,48670,8966,87698,1013,487,526
65235,101096,13392,48671,8966,87704,1013,487,526
65240,101107,13392,48675,8966,87715,1013,487,526
65245,101111,13392,48677,8966,87719,1013,487,526
65250,101121,13392,48682,8966,87729,1013,487,526
65255,101127,13392,48683,8966,87735,1013,487,526
65260,101138,13392,48687,8966,87746,1013,487,526
65265,101142,13392,48690,8966,87750,1013,487,526
65270,101152,13392,48694,8966,87760,1013,487,526
65275,101158,13392,48695,8966,87766,1013,487,526
65280,101169,13392,48699,8966,87777,1013,487,526
65285,101173,13392,48700,8966,87781,1013,487,526
65290,101183,13392,48704,8966,87791,1013,487,526
65295,101189,13392,48708,8966,87797,1013,487,526
65300,101200,13392,48714,8966,87808,1013,487,526
65305,101204,13392,48716,8966,87812,1013,487,526
65310,101214,13392,48722,8966,87822,1013,487,526
65315,101220,13392,48726,8966,87828,1013,487,526
65320,101231,13392,48733,8966,87839,1013,487,526
65325,101235,13392,48735,8966,87843,1013,487,526
65330,101245,13392,48742,8966,87853,1013,487,526
65335,101251,13392,48746,8966,87858,1013,487,526
65340,101262,13393,48750,8967,87869,1013,487,526
65345,101266,13394,48753,8968,87872,1013,487,526
65350,101276,13395,48756,8969,87881,1013,487,526
65355,101282,13395,48759,8969,87886,1013,487,526
65360,101293,13396,48764,8970,87897,1013,487,526
65365,101297,13397,48766,8971,87900,1013,487,526
65370,101307,13398,48773,8972,87909,1013,487,526
65375,101313,13398,48776,8972,87914,1013,487,526
65380,101324,13400,48782,8974,87924,1013,487,526
65385,101328,13401,48785,8975,87927,1013,487,526
65390,101338,13402,48789,8976,87936,1013,487,526
65395,101344,13402,48793,8976,87941,1013,487,526
65400,101355,13404,48797,8978,87951,1013,487,526
65405,101359,13404,48799,8978,87955,1013,487,526
65410,101369,13404,48805,8978,87965,1013,487,526
65415,101375,13404,48808,8978,87971,1013,487,526
65420,101386,13404,48810,8978,87982,1013,487,526
65425,101390,13404,48811,8978,87986,1013,487,526
65430,101400,13404,48817,8978,87996,1013,487,526
65435,101406,13404,48818,8978,88002,1013,487,526
65440,101417,13404,48825,8978,88013,1013,487,526
65445,101421,13404,48827,8978,88017,1013,487,526
65450,101431,13404,48831,8978,88027,1013,487,526
65455,101437,13404,48833,8978,88033,1013,487,526
65460,101448,13404,48840,8978,88044,1013,487,526
65465,101452,13404,48842,8978,88048,1013,487,526
65470,101462,13404,48846,8978,88058,1013,487,526
65475,101468,13404,48848,8978,88064,1013,487,526
65480,101479,13404,48853,8978,88075,1013,487,526
65485,101483,13404,48854,8978,88079,1013,487,526
65490,101493,13404,48860,8978,88089,1013,487,526
65495,101499,13404,48865,8978,88095,1013,487,526
65500,101510,13404,48870,8978,88106,1013,487,526
65505,101514,13404,48872,8978,88110,1013,487,526
65510,101524,13405,48876,8979,88119,1013,487,526
65515,101530,13405,48881,8979,88124,1013,487,526
65520,101541,13406,48888,8980,88135,1013,487,526
65525,101545,13406,48889,8980,88139,1013,487,526
65530,101555,13407,48893,8980,88148,1013,487,526
65535,101561,13407,48896,8980,88154,1013,487,526
65540,101572,13407,48906,8980,88165,1013,487,526
65545,101576,13408,48909,8981,88168,1013,487,526
65550,101586,13409,48914,8982,88177,1013,487,526
65555,101592,13409,48915,8982,88183,1013,487,526
65560,101603,13409,48919,8982,88194,1013,487,526
65565,101607,13410,48920,8983,88197,1013,487,526
65570,101617,13411,48922,8983,88206,1013,487,526
65575,101623,13411,48925,8983,88211,1013,487,526
65580,101634,13413,48931,8985,88221,1013,487,526
65585,101638,13413,48931,8985,88225,1013,487,526
65590,101648,13413,48935,8985,88235,1013,487,526
65595,101654,13413,48939,8985,88241,1013,487,526
65600,101665,13413,48946,8985,88252,1013,487,526
65605,101669,13413,48948,8985,88256,1013,487,526
65610,101679,13413,48952,8985,88266,1013,487,526
65615,101685,13413,48954,8985,88272,1013,487,526
65620,101696,13413,48958,8985,88283,1013,487,526
65625,101700,13413,48961,8985,88287,1013,487,526
65630,101710,13413,48965,8985,88297,1013,487,526
65635,101716,13413,48970,8985,88303,1013,487,526
65640,101727,13413,48976,8985,88314,1013,487,526
65645,101731,13413,48978,8985,88318,1013,487,526
65650,101741,13413,48984,8985,88328,1013,487,526
65655,101747,13413,48987,8985,88334,1013,487,526
65660,101758,13413,48994,8985,88345,1013,487,526
65665,101762,13413,48994,8985,88349,1013,487,526
65670,101772,13413,48996,8985,88359,1013,487,526
65675,101778,13413,49000,8985,88365,1013,487,526
65680,101789,13413,49007,8985,88376,1013,487,526
65685,101793,13413,49009,8985,88380,1013,487,526
65690,101803,13414,49016,8986,88389,1013,487,526
65695,101809,13414,49020,8986,88395,1013,487,526
65700,101820,13414,49026,8986,88406,1013,487,526
65705,101824,13415,49028,8987,88409,1013,487,526
65710,101834,13416,49033,8988,88418,1013,487,526
65715,101840,13416,49034,8988,88424,1013,487,526
65720,101851,13416,49040,8988,88435,1013,487,526
65725,101855,13416,49043,8988,88439,1013,487,526
65730,101865,13417,49051,8988,88448,1013,487,526
65735,101871,13417,49054,8988,88454,1013,487,526
65740,101882,13418,49061,8989,88464,1013,487,526
65745,101886,13418,49061,8989,88468,1013,487,526
65750,101896,13419,49066,8990,88477,1013,487,526
65755,101902,13419,49069,8990,88482,1013,487,526
65760,101913,13421,49074,8992,88492,1013,487,526
65765,101917,13421,49076,8992,88496,1013,487,526
65770,101927,13421,49082,8992,88506,1013,487,526
65775,101933,13421,49084,8992,88512,1013,487,526
65780,101944,13421,49091,8992,88523,1013,487,526
65785,101948,13421,49093,8992,88527,1013,487,526
65790,101958,13421,49096,8992,88537,1013,487,526
65795,101964,13421,49099,8992,88543,1013,487,526
65800,101975,13421,49105,8992,88554,1013,487,526
65805,101979,13421,49108,8992,88558,1013,487,526
65810,101989,13421,49114,8992,88568,1013,487,526
65815,101995,13421,49117,8992,88574,1013,487,526
65820,102006,13421,49126,8992,88585,1013,487,526
65825,102010,13421,49128,8992,88589,1013,487,526
65830,102020,13421,49136,8992,88599,1013,487,526
65835,102026,13421,49138,8992,88605,1013,487,526
65840,102037,13421,49145,8992,88616,1013,487,526
65845,102041,13421,49148,8992,88620,1013,487,526
65850,102051,13421,49149,8992,88630,1013,487,526
65855,102057,13421,49150,8992,88636,1013,487,526
65860,102068,13421,49153,8992,88647,1013,487,526
65865,102072,13421,49154,8992,88651,1013,487,526
65870,102082,13422,49161,8993,88660,1013,487,526
65875,102088,13422,49162,8993,88666,1013,487,526
65880,102099,13422,49165,8993,88677,1013,487,526
65885,102103,13422,49165,8993,88681,1013,487,526
65890,102113,13423,49167,8993,88690,1013,487,526
65895,102119,13423,49169,8993,88696,1013,487,526
65900,102130,13423,49173,8993,88707,1013,487,526
65905,102134,13424,49175,8994,88710,1013,487,526
65910,102144,13425,49183,8994,88719,1013,487,526
65915,102150,13425,49185,8994,88724,1013,487,526
65920,102161,13426,49189,8995,88735,1013,487,526
65925,102165,13426,49191,8995,88739,1013,487,526
65930,102175,13427,49195,8996,88748,1013,487,526
65935,102181,13427,49197,8996,88754,1013,487,526
65940,102192,13427,49203,8996,88765,1013,487,526
65945,102196,13427,49204,8996,88769,1013,487,526
65950,102206,13428,49212,8997,88778,1013,487,526
65955,102212,13428,49213,8997,88784,1013,487,526
65960,102223,13428,49219,8997,88795,1013,487,526
65965,102227,13428,49221,8997,88799,1013,487,526
65970,102237,13429,49224,8997,88808,1013,487,526
65975,102243,13429,49225,8997,88814,1013,487,526
65980,102254,13429,49231,8997,88825,1013,487,526
65985,102258,13429,49232,8997,88829,1013,487,526
65990,102268,13430,49236,8997,88838,1013,487,526
65995,102274,13430,49237,8997,88844,1013,487,526
66000,102285,13431,49239,8998,88854,1013,487,526
66005,102289,13431,49241,8998,88858,1013,487,526
66010,102299,13432,49245,8999,88867,1013,487,526
66015,102305,13432,49247,8999,88872,1013,487,526
66020,102316,13434,49251,9001,88882,1013,487,526
66025,102320,13434,49251,9001,88886,1013,487,526
66030,102330,13435,49258,9001,88895,1013,487,526
66035,102336,13435,49260,9001,88901,1013,487,526
66040,102347,13436,49267,9002,88911,1013,487,526
66045,102351,13436,49269,9002,88915,1013,487,526
66050,102361,13437,49274,9003,88924,1013,487,526
66055,102367,13437,49277,9003,88929,1013,487,526
66060,102378,13438,49282,9004,88940,1013,487,526
66065,102382,13438,49284,9004,88944,1013,487,526
66070,102392,13439,49288,9004,88953,1013,487,526
66075,102398,13439,49291,9004,88959,1013,487,526
66080,102409,13439,49294,9004,88970,1013,487,526
66085,102413,13439,49297,9004,88974,1013,487,526
66090,102423,13440,49304,9005,88983,1013,487,526
66095,102429,13440,49309,9005,88988,1013,487,526
66100,102440,13441,49314,9006,88999,1013,487,526
66105,102444,13441,49315,9006,89003,1013,487,526
66110,102454,13442,49322,9007,89012,1013,487,526
66115,102460,13442,49325,9007,89017,1013,487,526
66120,102471,13443,49331,9008,89028,1013,487,526
66125,102475,13443,49333,9008,89032,1013,487,526
66130,102485,13444,49336,9008,89041,1013,487,526
66135,102491,13444,49339,9008,89046,1013,487,526
66140,102502,13446,49347,9010,89056,1013,487,526
66145,102506,13446,49347,9010,89060,1013,487,526
66150,102516,13447,49350,9010,89069,1013,487,526
66155,102522,13447,49351,9010,89075,1013,487,526
66160,102533,13447,49359,9010,89086,1013,487,526
66165,102537,13447,49362,9010,89090,1013,487,526
66170,102547,13448,49368,9011,89099,1013,487,526
66175,102553,13448,49370,9011,89105,1013,487,526
66180,102564,13448,49374,9011,89116,1013,487,526
66185,102568,13448,49376,9011,89120,1013,487,526
66190,102578,13449,49383,9011,89129,1013,487,526
66195,102584,13449,49384,9011,89135,1013,487,526
66200,102595,13449,49390,9011,89146,1013,487,526
66205,102599,13449,49391,9011,89150,1013,487,526
66210,102609,13450,49398,9012,89159,1013,487,526
66215,102615,13450,49400,9012,89164,1013,487,526
66220,102626,13451,49402,9013,89175,1013,487,526
66225,102630,13451,49402,9013,89179,1013,487,526
66230,102640,13452,49408,9014,89188,1013,487,526
66235,102646,13452,49410,9014,89194,1013,487,526
66240,102657,13452,49417,9014,89205,1013,487,526
66245,102661,13452,49420,9014,89209,1013,487,526
66250,102671,13453,49423,9015,89218,1013,487,526
66255,102677,13453,49429,9015,89223,1013,487,526
66260,102688,13454,49436,9016,89234,1013,487,526
66265,102692,13454,49438,9016,89238,1013,487,526
66270,102702,13455,49442,9017,89247,1013,487,526
66275,102708,13455,49444,9017,89253,1013,487,526
66280,102719,13455,49448,9017,89264,1013,487,526
66285,102723,13455,49450,9017,89268,1013,487,526
66290,102733,13456,49456,9018,89277,1013,487,526
66295,102739,13456,49457,9018,89283,1013,487,526
66300,102750,13457,49463,9019,89293,1013,487,526
66305,102754,13457,49465,9019,89297,1013,487,526
66310,102764,13457,49470,9019,89307,1013,487,526
66315,102770,13457,49473,9019,89313,1013,487,526
66320,102781,13457,49481,9019,89324,1013,487,526
66325,102785,13457,49484,9019,89328,1013,487,526
66330,102795,13457,49491,9019,89338,1013,487,526
66335,102801,13457,49492,9019,89344,1013,487,526
66340,102812,13457,49498,9019,89355,1013,487,526
66345,102816,13457,49499,9019,89359,1013,487,526
66350,102826,13457,49507,9019,89369,1013,487,526
66355,102832,13457,49508,9019,89375,1013,487,526
66360,102843,13457,49514,9019,89386,1013,487,526
66365,102847,13457,49517,9019,89390,1013,487,526
66370,102857,13457,49522,9019,89400,1013,487,526
66375,102863,13457,49528,9019,89406,1013,487,526
66380,102874,13457,49535,9019,89417,1013,487,526
66385,102878,13457,49538,9019,89421,1013,487,526
66390,102888,13457,49543,9019,89431,1013,487,526
66395,102894,13457,49546,9019,89437,1013,487,526
66400,102905,13457,49550,9019,89448,1013,487,526
66405,102909,13457,49551,9019,89452,1013,487,526
66410,102919,13458,49557,9020,89461,1013,487,526
66415,102925,13458,49560,9020,89467,1013,487,526
66420,102936,13458,49565,9020,89478,1013,487,526
66425,102940,13458,49567,9020,89482,1013,487,526
66430,102950,13459,49573,9021,89491,1013,487,526
66435,102956,13459,49574,9021,89497,1013,487,526
66440,102967,13460,49580,9022,89507,1013,487,526
66445,102971,13461,49583,9023,89510,1013,487,526
66450,102981,13462,49585,9023,89519,1013,487,526
66455,102987,13462,49589,9023,89524,1013,487,526
66460,102998,13463,49593,9024,89535,1013,487,526
66465,103002,13463,49593,9024,89539,1013,487,526
66470,103012,13464,49596,9024,89548,1013,487,526
66475,103018,13464,49600,9024,89553,1013,487,526
66480,103029,13465,49604,9025,89564,1013,487,526
66485,103033,13465,49604,9025,89568,1013,487,526
66490,103043,13465,49608,9025,89578,1013,487,526
66495,103049,13465,49614,9025,89584,1013,487,526
66500,103060,13465,49619,9025,89595,1013,487,526
66505,103064,13465,49622,9025,89599,1013,487,526
66510,103074,13465,49626,9025,89609,1013,487,526
66515,103080,13465,49630,9025,89615,1013,487,526
66520,103091,13465,49635,9025,89626,1013,487,526
66525,103095,13465,49637,9025,89630,1013,487,526
66530,103105,13465,49641,9025,89640,1013,487,526
66535,103111,13465,49645,9025,89646,1013,487,526
66540,103122,13465,49649,9025,89657,1013,487,526
66545,103126,13465,49650,9025,89661,1013,487,526
66550,103136,13465,49656,9025,89671,1013,487,526
66555,103142,13465,49659,9025,89677,1013,487,526
66560,103153,13465,49665,9025,89688,1013,487,526
66565,103157,13465,49667,9025,89692,1013,487,526
66570,103167,13465,49670,9025,89702,1013,487,526
66575,103173,13465,49674,9025,89708,1013,487,526
66580,103184,13465,49680,9025,89719,1013,487,526
66585,103188,13465,49681,9025,89723,1013,487,526
66590,103198,13466,49686,9025,89732,1013,487,526
66595,103204,13466,49689,9025,89738,1013,487,526
66600,103215,13466,49693,9025,89749,1013,487,526
66605,103219,13466,49694,9025,89753,1013,487,526
66610,103229,13467,49697,9026,89762,1013,487,526
66615,103235,13467,49702,9026,89767,1013,487,526
66620,103246,13468,49708,9027,89778,1013,487,526
66625,103250,13469,49711,9028,89781,1013,487,526
66630,103260,13470,49716,9028,89790,1013,487,526
66635,103266,13470,49720,9028,89795,1013,487,526
66640,103277,13471,49725,9029,89806,1013,487,526
66645,103281,13472,49727,9030,89809,1013,487,526
66650,103291,13473,49731,9030,89818,1013,487,526
66655,103297,13473,49734,9030,89824,1013,487,526
66660,103308,13474,49742,9031,89834,1013,487,526
66665,103312,13474,49744,9031,89838,1013,487,526
66670,103322,13475,49749,9032,89847,1013,487,526
66675,103328,13475,49753,9032,89852,1013,487,526
66680,103339,13476,49757,9033,89863,1013,487,526
66685,103343,13476,49759,9033,89867,1013,487,526
66690,103353,13477,49765,9034,89876,1013,487,526
66695,103359,13477,49767,9034,89881,1013,487,526
66700,103370,13478,49775,9035,89892,1013,487,526
66705,103374,13478,49777,9035,89896,1013,487,526
66710,103384,13479,49783,9036,89905,1013,487,526
66715,103390,13479,49785,9036,89910,1013,487,526
66720,103401,13480,49790,9037,89921,1013,487,526
66725,103405,13480,49791,9037,89925,1013,487,526
66730,103415,13481,49794,9037,89934,1013,487,526
66735,103421,13481,49797,9037,89940,1013,487,526
66740,103432,13481,49803,9037,89951,1013,487,526
66745,103436,13481,49805,9037,89955,1013,487,526
66750,103446,13482,49806,9037,89964,1013,487,526
66755,103452,13482,49809,9037,89969,1013,487,526
66760,103463,13483,49818,9038,89980,1013,487,526
66765,103467,13484,49821,9039,89983,1013,487,526
66770,103477,13485,49825,9039,89992,1013,487,526
66775,103483,13485,49828,9039,89998,1013,487,526
66780,103494,13485,49831,9039,90009,1013,487,526
66785,103498,13485,49834,9039,90013,1013,487,526
66790,103508,13485,49839,9039,90023,1013,487,526
66795,103514,13485,49841,9039,90029,1013,487,526
66800,103525,13485,49847,9039,90040,1013,487,526
66805,103529,13485,49850,9039,90044,1013,487,526
66810,103539,13485,49854,9039,90054,1013,487,526
66815,103545,13485,49855,9039,90060,1013,487,526
66820,103556,13485,49861,9039,90071,1013,487,526
66825,103560,13485,49862,9039,90075,1013,487,526
66830,103570,13485,49868,9039,90085,1013,487,526
66835,103576,13485,49871,9039,90091,1013,487,526
66840,103587,13485,49876,9039,90102,1013,487,526
66845,103591,13485,49879,9039,90106,1013,487,526
66850,103601,13485,49886,9039,90116,1013,487,526
66855,103607,13485,49889,9039,90122,1013,487,526
66860,103618,13485,49894,9039,90133,1013,487,526
66865,103622,13485,49896,9039,90137,1013,487,526
66870,103632,13485,49900,9039,90147,1013,487,526
66875,103638,13485,49903,9039,90153,1013,487,526
66880,103649,13485,49906,9039,90164,1013,487,526
66885,103653,13485,49908,9039,90168,1013,487,526
66890,103663,13486,49916,9040,90177,1013,487,526
66895,103669,13486,49917,9040,90183,1013,487,526
66900,103680,13486,49922,9040,90194,1013,487,526
66905,103684,13486,49923,9040,90198,1013,487,526
66910,103694,13487,49927,9041,90207,1013,487,526
66915,103700,13487,49929,9041,90213,1013,487,526
66920,103711,13487,49934,9041,90224,1013,487,526
66925,103715,13487,49936,9041,90228,1013,487,526
66930,103725,13488,49939,9041,90237,1013,487,526
66935,103731,13488,49943,9041,90242,1013,487,526
66940,103742,13489,49948,9042,90253,1013,487,526
66945,103746,13489,49950,9042,90257,1013,487,526
66950,103756,13490,49955,9042,90266,1013,487,526
66955,103762,13490,49957,9042,90271,1013,487,526
66960,103773,13492,49964,9044,90281,1013,487,526
66965,103777,13492,49966,9044,90285,1013,487,526
66970,103787,13493,49969,9044,90294,1013,487,526
66975,103793,13493,49974,9044,90299,1013,487,526
66980,103804,13494,49978,9045,90310,1013,487,526
66985,103808,13495,49980,9046,90313,1013,487,526
66990,103818,13496,49983,9047,90322,1013,487,526
66995,103824,13496,49986,9047,90328,1013,487,526
67000,103835,13497,49993,9048,90338,1013,487,526
67005,103839,13497,49995,9048,90342,1013,487,526
67010,103849,13498,50000,9049,90351,1013,487,526
67015,103855,13498,50004,9049,90356,1013,487,526
67020,103866,13499,50009,9050,90367,1013,487,526
67025,103870,13499,50009,9050,90371,1013,487,526
67030,103880,13500,50015,9051,90380,1013,487,526
67035,103886,13500,50018,9051,90385,1013,487,526
67040,103897,13501,50022,9052,90396,1013,487,526
67045,103901,13501,50024,9052,90400,1013,487,526
67050,103911,13502,50026,9052,90409,1013,487,526
67055,103917,13502,50028,9052,90414,1013,487,526
67060,103928,13503,50031,9053,90425,1013,487,526
67065,103932,13504,50033,9054,90428,1013,487,526
67070,103942,13505,50038,9054,90437,1013,487,526
67075,103948,13505,50044,9054,90442,1013,487,526
67080,103959,13506,50053,9055,90453,1013,487,526
67085,103963,13506,50055,9055,90457,1013,487,526
67090,103973,13507,50060,9056,90466,1013,487,526
67095,103979,13507,50060,9056,90472,1013,487,526
67100,103990,13508,50066,9057,90482,1013,487,526
67105,103994,13508,50067,9057,90486,1013,487,526
67110,104004,13509,50074,9057,90495,1013,487,526
67115,104010,13509,50077,9057,90500,1013,487,526
67120,104021,13510,50085,9058,90511,1013,487,526
67125,104025,13511,50087,9059,90514,1013,487,526
67130,104035,13512,50093,9059,90523,1013,487,526
67135,104041,13512,50096,9059,90528,1013,487,526
67140,104052,13513,50102,9060,90539,1013,487,526
67145,104056,13513,50103,9060,90543,1013,487,526
67150,104066,13514,50106,9060,90552,1013,487,526
67155,104072,13514,50108,9060,90557,1013,487,526
67160,104083,13515,50114,9061,90568,1013,487,526
67165,104087,13515,50116,9061,90572,1013,487,526
67170,104097,13516,50120,9062,90581,1013,487,526
67175,104103,13516,50124,9062,90586,1013,487,526
67180,104114,13517,50129,9063,90597,1013,487,526
67185,104118,13517,50131,9063,90601,1013,487,526
67190,104128,13518,50136,9063,90610,1013,487,526
67195,104134,13518,50137,9063,90616,1013,487,526
67200,104145,13518,50140,9063,90627,1013,487,526
67205,104149,13518,50142,9063,90631,1013,487,526
67210,104159,13519,50147,9064,90640,1013,487,526
67215,104165,13519,50151,9064,90645,1013,487,526
67220,104176,13520,50158,9065,90656,1013,487,526
67225,104180,13520,50161,9065,90660,1013,487,526
67230,104190,13521,50166,9065,90669,1013,487,526
67235,104196,13521,50167,9065,90675,1013,487,526
67240,104207,13522,50173,9066,90685,1013,487,526
67245,104211,13522,50174,9066,90689,1013,487,526
67250,104221,13523,50178,9066,90698,1013,487,526
67255,104227,13523,50180,9066,90704,1013,487,526
67260,104238,13524,50183,9067,90714,1013,487,526
67265,104242,13524,50185,9067,90718,1013,487,526
67270,104252,13524,50188,9067,90728,1013,487,526
67275,104258,13524,50191,9067,90734,1013,487,526
67280,104269,13524,50194,9067,90745,1013,487,526
67285,104273,13524,50196,9067,90749,1013,487,526
67290,104283,13524,50200,9067,90759,1013,487,526
67295,104289,13524,50204,9067,90765,1013,487,526
67300,104300,13524,50210,9067,90776,1013,487,526
67305,104304,13524,50211,9067,90780,1013,487,526
67310,104314,13524,50217,9067,90790,1013,487,526
67315,104320,13524,50218,9067,90796,1013,487,526
67320,104331,13524,50224,9067,90807,1013,487,526
67325,104335,13524,50227,9067,90811,1013,487,526
67330,104345,13524,50232,9067,90821,1013,487,526
67335,104351,13524,50234,9067,90827,1013,487,526
67340,104362,13524,50240,9067,90838,1013,487,526
67345,104366,13524,50242,9067,90842,1013,487,526
67350,104376,13524,50248,9067,90852,1013,487,526
67355,104382,13524,50251,9067,90858,1013,487,526
67360,104393,13524,50256,9067,90869,1013,487,526
67365,104397,13524,50258,9067,90873,1013,487,526
67370,104407,13525,50263,9068,90882,1013,487,526
67375,104413,13525,50266,9068,90888,1013,487,526
67380,104424,13525,50268,9068,90899,1013,487,526
67385,104428,13525,50270,9068,90903,1013,487,526
67390,104438,13526,50272,9068,90912,1013,487,526
67395,104444,13526,50274,9068,90917,1013,487,526
67400,104455,13527,50277,9069,90928,1013,487,526
67405,104459,13527,50279,9069,90932,1013,487,526
67410,104469,13528,50281,9069,90941,1013,487,526
67415,104475,13528,50283,9069,90947,1013,487,526
67420,104486,13528,50291,9069,90958,1013,487,526
67425,104490,13528,50292,9069,90962,1013,487,526
67430,104500,13529,50297,9070,90971,1013,487,526
67435,104506,13529,50301,9070,90976,1013,487,526
67440,104517,13530,50305,9071,90987,1013,487,526
67445,104521,13530,50308,9071,90991,1013,487,526
67450,104531,13531,50315,9072,91000,1013,487,526
67455,104537,13531,50318,9072,91006,1013,487,526
67460,104548,13531,50325,9072,91017,1013,487,526
67465,104552,13531,50326,9072,91021,1013,487,526
67470,104562,13532,50332,9073,91030,1013,487,526
67475,104568,13532,50336,9073,91036,1013,487,526
67480,104579,13532,50338,9073,91047,1013,487,526
67485,104583,13533,50341,9074,91050,1013,487,526
67490,104593,13534,50346,9075,91059,1013,487,526
67495,104599,13534,50347,9075,91065,1013,487,526
67500,104610,13535,50352,9076,91075,1013,487,526
67505,104614,13535,50353,9076,91079,1013,487,526
67510,104624,13536,50357,9076,91088,1013,487,526
67515,104630,13536,50359,9076,91094,1013,487,526
67520,104641,13536,50362,9076,91105,1013,487,526
67525,104645,13536,50365,9076,91109,1013,487,526
67530,104655,13537,50370,9076,91118,1013,487,526
67535,104661,13537,50374,9076,91123,1013,487,526
67540,104672,13539,50379,9078,91133,1013,487,526
67545,104676,13539,50382,9078,91137,1013,487,526
67550,104686,13540,50386,9079,91146,1013,487,526
67555,104692,13540,50390,9079,91151,1013,487,526
67560,104703,13542,50395,9081,91161,1013,487,526
67565,104707,13543,50398,9082,91164,1013,487,526
67570,104717,13544,50404,9082,91173,1013,487,526
67575,104723,13544,50406,9082,91179,1013,487,526
67580,104734,13544,50412,9082,91190,1013,487,526
67585,104738,13545,50415,9083,91193,1013,487,526
67590,104748,13546,50420,9084,91202,1013,487,526
67595,104754,13546,50424,9084,91207,1013,487,526
67600,104765,13547,50426,9085,91218,1013,487,526
67605,104769,13547,50428,9085,91222,1013,487,526
67610,104779,13548,50434,9086,91231,1013,487,526
67615,104785,13548,50437,9086,91237,1013,487,526
67620,104796,13548,50444,9086,91248,1013,487,526
67625,104800,13548,50446,9086,91252,1013,487,526
67630,104810,13549,50449,9087,91261,1013,487,526
67635,104816,13549,50451,9087,91267,1013,487,526
67640,104827,13549,50454,9087,91278,1013,487,526
67645,104831,13549,50456,9087,91282,1013,487,526
67650,104841,13549,50463,9087,91292,1013,487,526
67655,104847,13549,50467,9087,91298,1013,487,526
67660,104858,13549,50471,9087,91309,1013,487,526
67665,104862,13549,50473,9087,91313,1013,487,526
67670,104872,13549,50477,9087,91323,1013,487,526
67675,104878,13549,50480,9087,91329,1013,487,526
67680,104889,13549,50485,9087,91340,1013,487,526
67685,104893,13549,50486,9087,91344,1013,487,526
67690,104903,13550,50491,9087,91353,1013,487,526
67695,104909,13550,50493,9087,91359,1013,487,526
67700,104920,13550,50497,9087,91370,1013,487,526
67705,104924,13551,50498,9088,91373,1013,487,526
67710,104934,13552,50500,9089,91382,1013,487,526
67715,104940,13552,50502,9089,91387,1013,487,526
67720,104951,13554,50506,9091,91397,1013,487,526
67725,104955,13554,50508,9091,91401,1013,487,526
67730,104965,13555,50511,9091,91410,1013,487,526
67735,104971,13555,50514,9091,91415,1013,487,526
67740,104982,13557,50517,9093,91425,1013,487,526
67745,104986,13557,50520,9093,91429,1013,487,526
67750,104996,13557,50525,9093,91439,1013,487,526
67755,105002,13557,50528,9093,91445,1013,487,526
67760,105013,13557,50534,9093,91456,1013,487,526
67765,105017,13557,50536,9093,91460,1013,487,526
67770,105027,13557,50541,9093,91470,1013,487,526
67775,105033,13557,50542,9093,91476,1013,487,526
67780,105044,13557,50547,9093,91487,1013,487,526
67785,105048,13557,50549,9093,91491,1013,487,526
67790,105058,13557,50554,9093,91501,1013,487,526
67795,105064,13557,50556,9093,91507,1013,487,526
67800,105075,13557,50558,9093,91518,1013,487,526
67805,105079,13557,50562,9093,91522,1013,487,526
67810,105089,13557,50566,9093,91532,1013,487,526
67815,105095,13557,50570,9093,91538,1013,487,526
67820,105106,13557,50574,9093,91549,1013,487,526
67825,105110,13557,50578,9093,91553,1013,487,526
67830,105120,13557,50582,9093,91563,1013,487,526
67835,105126,13557,50584,9093,91569,1013,487,526
67840,105137,13557,50588,9093,91580,1013,487,526
67845,105141,13557,50591,9093,91584,1013,487,526
67850,105151,13558,50598,9093,91593,1013,487,526
67855,105157,13558,50600,9093,91598,1013,487,526
67860,105168,13559,50602,9094,91609,1013,487,526
67865,105172,13559,50602,9094,91613,1013,487,526
67870,105182,13560,50607,9095,91622,1013,487,526
67875,105188,13560,50610,9095,91628,1013,487,526
67880,105199,13560,50613,9095,91639,1013,487,526
67885,105203,13560,50614,9095,91643,1013,487,526
67890,105213,13561,50620,9096,91652,1013,487,526
67895,105219,13561,50621,9096,91658,1013,487,526
67900,105230,13561,50625,9096,91669,1013,487,526
67905,105234,13561,50627,9096,91673,1013,487,526
67910,105244,13562,50632,9097,91682,1013,487,526
67915,105250,13562,50637,9097,91688,1013,487,526
67920,105261,13563,50644,9098,91698,1013,487,526
67925,105265,13563,50645,9098,91702,1013,487,526
67930,105275,13563,50652,9098,91712,1013,487,526
67935,105281,13563,50654,9098,91718,1013,487,526
67940,105292,13563,50658,9098,91729,1013,487,526
67945,105296,13563,50659,9098,91733,1013,487,526
67950,105306,13563,50662,9098,91743,1013,487,526
67955,105312,13563,50663,9098,91749,1013,487,526
67960,105323,13563,50668,9098,91760,1013,487,526
67965,105327,13563,50670,9098,91764,1013,487,526
67970,105337,13563,50673,9098,91774,1013,487,526
67975,105343,13563,50677,9098,91780,1013,487,526
67980,105354,13563,50681,9098,91791,1013,487,526
67985,105358,13563,50683,9098,91795,1013,487,526
67990,105368,13563,50690,9098,91805,1013,487,526
67995,105374,13563,50694,9098,91811,1013,487,526
68000,105385,13563,50699,9098,91822,1013,487,526
68005,105389,13563,50700,9098,91826,1013,487,526
68010,105399,13563,50709,9098,91836,1013,487,526
68015,105405,13563,50713,9098,91842,1013,487,526
68020,105416,13563,50718,9098,91853,1013,487,526
68025,105420,13563,50721,9098,91857,1013,487,526
68030,105430,13564,50726,9098,91866,1013,487,526
68035,105436,13564,50730,9098,91872,1013,487,526
68040,105447,13564,50737,9098,91883,1013,487,526
68045,105451,13565,50740,9099,91886,1013,487,526
68050,105461,13566,50746,9099,91895,1013,487,526
68055,105467,13566,50749,9099,91901,1013,487,526
68060,105478,13566,50755,9099,91912,1013,487,526
68065,105482,13567,50759,9100,91915,1013,487,526
68070,105492,13568,50763,9101,91924,1013,487,526
68075,105498,13568,50765,9101,91929,1013,487,526
68080,105509,13569,50772,9102,91940,1013,487,526
68085,105513,13569,50773,9102,91944,1013,487,526
68090,105523,13570,50779,9102,91953,1013,487,526
68095,105529,13570,50782,9102,91958,1013,487,526
68100,105540,13572,50790,9104,91968,1013,487,526
68105,105544,13572,50790,9104,91972,1013,487,526
68110,105554,13573,50792,9104,91981,1013,487,526
68115,105560,13573,50794,9104,91987,1013,487,526
68120,105571,13574,50800,9105,91997,1013,487,526
68125,105575,13574,50802,9105,92001,1013,487,526
68130,105585,13575,50805,9105,92010,1013,487,526
68135,105591,13575,50807,9105,92016,1013,487,526
68140,105602,13576,50813,9106,92026,1013,487,526
68145,105606,13576,50814,9106,92030,1013,487,526
68150,105616,13577,50819,9106,92039,1013,487,526
68155,105622,13577,50823,9106,92045,1013,487,526
68160,105633,13577,50826,9106,92056,1013,487,526
68165,105637,13578,50828,9107,92059,1013,487,526
68170,105647,13579,50832,9107,92068,1013,487,526
68175,105653,13579,50837,9107,92073,1013,487,526
68180,105664,13580,50844,9108,92084,1013,487,526
68185,105668,13581,50848,9109,92087,1013,487,526
68190,105678,13582,50855,9110,92096,1013,487,526
68195,105684,13582,50857,9110,92102,1013,487,526
68200,105695,13582,50862,9110,92113,1013,487,526
68205,105699,13582,50863,9110,92117,1013,487,526
68210,105709,13583,50866,9111,92126,1013,487,526
68215,105715,13583,50870,9111,92131,1013,487,526
68220,105726,13584,50878,9112,92142,1013,487,526
68225,105730,13584,50880,9112,92146,1013,487,526
68230,105740,13585,50884,9112,92155,1013,487,526
68235,105746,13585,50887,9112,92160,1013,487,526
68240,105757,13586,50891,9113,92171,1013,487,526
68245,105761,13586,50893,9113,92175,1013,487,526
68250,105771,13587,50897,9114,92184,1013,487,526
68255,105777,13587,50899,9114,92189,1013,487,526
68260,105788,13588,50904,9115,92200,1013,487,526
68265,105792,13588,50906,9115,92204,1013,487,526
68270,105802,13589,50912,9116,92213,1013,487,526
68275,105808,13589,50915,9116,92218,1013,487,526
68280,105819,13590,50923,9117,92229,1013,487,526
68285,105823,13590,50926,9117,92233,1013,487,526
68290,105833,13590,50930,9117,92243,1013,487,526
68295,105839,13590,50933,9117,92249,1013,487,526
68300,105850,13590,50938,9117,92260,1013,487,526
68305,105854,13590,50939,9117,92264,1013,487,526
68310,105864,13590,50944,9117,92274,1013,487,526
68315,105870,13590,50945,9117,92280,1013,487,526
68320,105881,13590,50950,9117,92291,1013,487,526
68325,105885,13590,50954,9117,92295,1013,487,526
68330,105895,13590,50957,9117,92305,1013,487,526
68335,105901,13590,50960,9117,92311,1013,487,526
68340,105912,13590,50966,9117,92322,1013,487,526
68345,105916,13590,50969,9117,92326,1013,487,526
68350,105926,13590,50972,9117,92336,1013,487,526
68355,105932,13590,50977,9117,92342,1013,487,526
68360,105943,13590,50983,9117,92353,1013,487,526
68365,105947,13590,50986,9117,92357,1013,487,526
68370,105957,13590,50991,9117,92367,1013,487,526
68375,105963,13590,50995,9117,92373,1013,487,526
68380,105974,13590,51001,9117,92384,1013,487,526
68385,105978,13590,51002,9117,92388,1013,487,526
68390,105988,13591,51006,9117,92397,1013,487,526
68395,105994,13591,51010,9117,92403,1013,487,526
68400,106005,13591,51015,9117,92414,1013,487,526
68405,106009,13591,51016,9117,92418,1013,487,526
68410,106019,13592,51020,9118,92427,1013,487,526
68415,106025,13592,51023,9118,92433,1013,487,526
68420,106036,13592,51026,9118,92444,1013,487,526
68425,106040,13592,51028,9118,92448,1013,487,526
68430,106050,13593,51035,9119,92457,1013,487,526
68435,106056,13593,51037,9119,92463,1013,487,526
68440,106067,13593,51042,9119,92474,1013,487,526
68445,106071,13593,51044,9119,92478,1013,487,526
68450,106081,13594,51047,9119,92487,1013,487,526
68455,106087,13594,51049,9119,92493,1013,487,526
68460,106098,13595,51057,9120,92503,1013,487,526
68465,106102,13596,51059,9121,92506,1013,487,526
68470,106112,13597,51068,9122,92515,1013,487,526
68475,106118,13597,51071,9122,92521,1013,487,526
68480,106129,13597,51076,9122,92532,1013,487,526
68485,106133,13598,51077,9123,92535,1013,487,526
68490,106143,13599,51082,9124,92544,1013,487,526
68495,106149,13599,51086,9124,92550,1013,487,526
68500,106160,13599,51090,9124,92561,1013,487,526
68505,106164,13599,51090,9124,92565,1013,487,526
68510,106174,13600,51095,9124,92574,1013,487,526
68515,106180,13600,51097,9124,92580,1013,487,526
68520,106191,13601,51104,9125,92590,1013,487,526
68525,106195,13601,51105,9125,92594,1013,487,526
68530,106205,13602,51110,9126,92603,1013,487,526
68535,106211,13602,51113,9126,92609,1013,487,526
68540,106222,13602,51116,9126,92620,1013,487,526
68545,106226,13603,51120,9127,92623,1013,487,526
68550,106236,13604,51125,9128,92632,1013,487,526
68555,106242,13604,51128,9128,92638,1013,487,526
68560,106253,13605,51134,9129,92648,1013,487,526
68565,106257,13605,51136,9129,92652,1013,487,526
68570,106267,13606,51141,9130,92661,1013,487,526
68575,106273,13606,51147,9130,92667,1013,487,526
68580,106284,13607,51152,9131,92677,1013,487,526
68585,106288,13607,51154,9131,92681,1013,487,526
68590,106298,13608,51159,9132,92690,1013,487,526
68595,106304,13608,51164,9132,92696,1013,487,526
68600,106315,13608,51169,9132,92707,1013,487,526
68605,106319,13608,51170,9132,92711,1013,487,526
68610,106329,13609,51175,9133,92720,1013,487,526
68615,106335,13609,51177,9133,92726,1013,487,526
68620,106346,13609,51178,9133,92737,1013,487,526
68625,106350,13609,51181,9133,92741,1013,487,526
68630,106360,13610,51186,9134,92750,1013,487,526
68635,106366,13610,51188,9134,92756,1013,487,526
68640,106377,13610,51193,9134,92767,1013,487,526
68645,106381,13610,51193,9134,92771,1013,487,526
68650,106391,13611,51198,9135,92780,1013,487,526
68655,106397,13611,51201,9135,92786,1013,487,526
68660,106408,13611,51207,9135,92797,1013,487,526
68665,106412,13611,51208,9135,92801,1013,487,526
68670,106422,13612,51211,9135,92810,1013,487,526
68675,106428,13612,51215,9135,92816,1013,487,526
68680,106439,13612,51220,9135,92827,1013,487,526
68685,106443,13612,51220,9135,92831,1013,487,526
68690,106453,13613,51223,9136,92840,1013,487,526
68695,106459,13613,51225,9136,92846,1013,487,526
68700,106470,13613,51229,9136,92857,1013,487,526
68705,106474,13613,51229,9136,92861,1013,487,526
68710,106484,13614,51236,9137,92870,1013,487,526
68715,106490,13614,51238,9137,92876,1013,487,526
68720,106501,13614,51240,9137,92887,1013,487,526
68725,106505,13615,51242,9138,92890,1013,487,526
68730,106515,13616,51245,9138,92899,1013,487,526
68735,106521,13616,51249,9138,92905,1013,487,526
68740,106532,13617,51256,9139,92915,1013,487,526
68745,106536,13618,51258,9140,92918,1013,487,526
68750,106546,13619,51263,9140,92927,1013,487,526
68755,106552,13619,51264,9140,92933,1013,487,526
68760,106563,13620,51269,9141,92943,1013,487,526
68765,106567,13620,51270,9141,92947,1013,487,526
68770,106577,13621,51274,9142,92956,1013,487,526
68775,106583,13621,51279,9142,92962,1013,487,526
68780,106594,13621,51284,9142,92973,1013,487,526
68785,106598,13621,51287,9142,92977,1013,487,526
68790,106608,13622,51292,9142,92986,1013,487,526
68795,106614,13622,51293,9142,92992,1013,487,526
68800,106625,13622,51297,9142,93003,1013,487,526
68805,106629,13622,51299,9142,93007,1013,487,526
68810,106639,13623,51305,9143,93016,1013,487,526
68815,106645,13623,51309,9143,93022,1013,487,526
68820,106656,13623,51314,9143,93033,1013,487,526
68825,106660,13623,51316,9143,93037,1013,487,526
68830,106670,13624,51318,9143,93046,1013,487,526
68835,106676,13624,51321,9143,93052,1013,487,526
68840,106687,13624,51328,9143,93063,1013,487,526
68845,106691,13624,51330,9143,93067,1013,487,526
68850,106701,13625,51335,9144,93076,1013,487,526
68855,106707,13625,51338,9144,93082,1013,487,526
68860,106718,13625,51342,9144,93093,1013,487,526
68865,106722,13625,51345,9144,93097,1013,487,526
68870,106732,13626,51350,9145,93106,1013,487,526
68875,106738,13626,51353,9145,93112,1013,487,526
68880,106749,13626,51356,9145,93123,1013,487,526
68885,106753,13626,51357,9145,93127,1013,487,526
68890,106763,13627,51360,9145,93136,1013,487,526
68895,106769,13627,51362,9145,93142,1013,487,526
68900,106780,13627,51364,9145,93153,1013,487,526
68905,106784,13627,51366,9145,93157,1013,487,526
68910,106794,13628,51372,9145,93166,1013,487,526
68915,106800,13628,51375,9145,93172,1013,487,526
68920,106811,13629,51381,9146,93182,1013,487,526
68925,106815,13629,51382,9146,93186,1013,487,526
68930,106825,13630,51386,9146,93195,1013,487,526
68935,106831,13630,51388,9146,93201,1013,487,526
68940,106842,13631,51396,9147,93211,1013,487,526
68945,106846,13631,51398,9147,93215,1013,487,526
68950,106856,13632,51402,9148,93224,1013,487,526
68955,106862,13632,51405,9148,93230,1013,487,526
68960,106873,13632,51412,9148,93241,1013,487,526
68965,106877,13632,51413,9148,93245,1013,487,526
68970,106887,13633,51417,9149,93254,1013,487,526
68975,106893,13633,51419,9149,93260,1013,487,526
68980,106904,13633,51423,9149,93271,1013,487,526
68985,106908,13633,51425,9149,93275,1013,487,526
68990,106918,13634,51433,9150,93284,1013,487,526
68995,106924,13634,51438,9150,93290,1013,487,526
69000,106935,13634,51444,9150,93301,1013,487,526
69005,106939,13634,51446,9150,93305,1013,487,526
69010,106949,13635,51450,9151,93314,1013,487,526
69015,106955,13635,51454,9151,93320,1013,487,526
69020,106966,13635,51459,9151,93331,1013,487,526
69025,106970,13635,51463,9151,93335,1013,487,526
69030,106980,13636,51468,9151,93344,1013,487,526
69035,106986,13636,51469,9151,93350,1013,487,526
69040,106997,13636,51473,9151,93361,1013,487,526
69045,107001,13636,51475,9151,93365,1013,487,526
69050,107011,13637,51482,9152,93374,1013,487,526
69055,107017,13637,51484,9152,93380,1013,487,526
69060,107028,13638,51490,9153,93390,1013,487,526
69065,107032,13638,51493,9153,93394,1013,487,526
69070,107042,13639,51498,9154,93403,1013,487,526
69075,107048,13639,51500,9154,93409,1013,487,526
69080,107059,13640,51506,9155,93419,1013,487,526
69085,107063,13641,51509,9156,93422,1013,487,526
69090,107073,13642,51515,9157,93431,1013,487,526
69095,107079,13642,51518,9157,93437,1013,487,526
69100,107090,13643,51525,9158,93447,1013,487,526
69105,107094,13643,51528,9158,93451,1013,487,526
69110,107104,13644,51531,9158,93460,1013,487,526
69115,107110,13644,51535,9158,93466,1013,487,526
69120,107121,13644,51540,9158,93477,1013,487,526
69125,107125,13644,51541,9158,93481,1013,487,526
69130,107135,13645,51548,9159,93490,1013,487,526
69135,107141,13645,51550,9159,93496,1013,487,526
69140,107152,13646,51555,9160,93506,1013,487,526
69145,107156,13646,51557,9160,93510,1013,487,526
69150,107166,13647,51561,9161,93519,1013,487,526
69155,107172,13647,51566,9161,93525,1013,487,526
69160,107183,13647,51574,9161,93536,1013,487,526
69165,107187,13648,51576,9162,93539,1013,487,526
69170,107197,13649,51580,9162,93548,1013,487,526
69175,107203,13649,51585,9162,93554,1013,487,526
69180,107214,13650,51589,9163,93564,1013,487,526
69185,107218,13650,51591,9163,93568,1013,487,526
69190,107228,13651,51596,9164,93577,1013,487,526
69195,107234,13651,51598,9164,93583,1013,487,526
69200,107245,13652,51604,9165,93593,1013,487,526
69205,107249,13652,51605,9165,93597,1013,487,526
69210,107259,13653,51612,9166,93606,1013,487,526
69215,107265,13653,51615,9166,93612,1013,487,526
69220,107276,13654,51620,9167,93622,1013,487,526
69225,107280,13654,51621,9167,93626,1013,487,526
69230,107290,13655,51626,9167,93635,1013,487,526
69235,107296,13655,51628,9167,93641,1013,487,526
69240,107307,13655,51633,9167,93652,1013,487,526
69245,107311,13655,51634,9167,93656,1013,487,526
69250,107321,13656,51636,9167,93665,1013,487,526
69255,107327,13656,51640,9167,93671,1013,487,526
69260,107338,13656,51646,9167,93682,1013,487,526
69265,107342,13656,51647,9167,93686,1013,487,526
69270,107352,13657,51652,9168,93695,1013,487,526
69275,107358,13657,51655,9168,93701,1013,487,526
69280,107369,13657,51662,9168,93712,1013,487,526
69285,107373,13657,51665,9168,93716,1013,487,526
69290,107383,13658,51669,9168,93725,1013,487,526
69295,107389,13658,51674,9168,93731,1013,487,526
69300,107400,13658,51682,9168,93742,1013,487,526
69305,107404,13658,51684,9168,93746,1013,487,526
69310,107414,13659,51691,9169,93755,1013,487,526
69315,107420,13659,51692,9169,93761,1013,487,526
69320,107431,13659,51697,9169,93772,1013,487,526
69325,107435,13659,51700,9169,93776,1013,487,526
69330,107445,13660,51704,9170,93785,1013,487,526
69335,107451,13660,51707,9170,93791,1013,487,526
69340,107462,13660,51711,9170,93802,1013,487,526
69345,107466,13660,51711,9170,93806,1013,487,526
69350,107476,13661,51716,9171,93815,1013,487,526
69355,107482,13661,51719,9171,93821,1013,487,526
69360,107493,13661,51721,9171,93832,1013,487,526
69365,107497,13661,51723,9171,93836,1013,487,526
69370,107507,13662,51726,9171,93845,1013,487,526
69375,107513,13662,51727,9171,93851,1013,487,526
69380,107524,13663,51732,9172,93861,1013,487,526
69385,107528,13664,51734,9173,93864,1013,487,526
69390,107538,13665,51738,9174,93873,1013,487,526
69395,107544,13665,51742,9174,93879,1013,487,526
69400,107555,13665,51748,9174,93890,1013,487,526
69405,107559,13666,51749,9175,93893,1013,487,526
69410,107569,13667,51754,9176,93902,1013,487,526
69415,107575,13667,51758,9176,93908,1013,487,526
69420,107586,13668,51767,9177,93918,1013,487,526
69425,107590,13668,51769,9177,93922,1013,487,526
69430,107600,13669,51774,9178,93931,1013,487,526
69435,107606,13669,51777,9178,93937,1013,487,526
69440,107617,13669,51782,9178,93948,1013,487,526
69445,107621,13669,51783,9178,93952,1013,487,526
69450,107631,13670,51786,9179,93961,1013,487,526
69455,107637,13670,51791,9179,93967,1013,487,526
69460,107648,13670,51797,9179,93978,1013,487,526
69465,107652,13670,51799,9179,93982,1013,487,526
69470,107662,13671,51802,9179,93991,1013,487,526
69475,107668,13671,51805,9179,93997,1013,487,526
69480,107679,13671,51812,9179,94008,1013,487,526
69485,107683,13671,51814,9179,94012,1013,487,526
69490,107693,13672,51817,9179,94021,1013,487,526
69495,107699,13672,51819,9179,94027,1013,487,526
69500,107710,13672,51824,9179,94038,1013,487,526
69505,107714,13672,51824,9179,94042,1013,487,526
69510,107724,13673,51831,9180,94051,1013,487,526
69515,107730,13673,51834,9180,94057,1013,487,526
69520,107741,13673,51840,9180,94068,1013,487,526
69525,107745,13673,51843,9180,94072,1013,487,526
69530,107755,13674,51847,9181,94081,1013,487,526
69535,107761,13674,51848,9181,94087,1013,487,526
69540,107772,13675,51852,9182,94097,1013,487,526
69545,107776,13675,51853,9182,94101,1013,487,526
69550,107786,13676,51859,9182,94110,1013,487,526
69555,107792,13676,51862,9182,94116,1013,487,526
69560,107803,13677,51866,9183,94126,1013,487,526
69565,107807,13677,51868,9183,94130,1013,487,526
69570,107817,13678,51873,9183,94139,1013,487,526
69575,107823,13678,51877,9183,94145,1013,487,526
69580,107834,13678,51883,9183,94156,1013,487,526
69585,107838,13678,51884,9183,94160,1013,487,526
69590,107848,13679,51888,9183,94169,1013,487,526
69595,107854,13679,51889,9183,94175,1013,487,526
69600,107865,13679,51895,9183,94186,1013,487,526
69605,107869,13679,51895,9183,94190,1013,487,526
69610,107879,13680,51900,9184,94199,1013,487,526
69615,107885,13680,51902,9184,94205,1013,487,526
69620,107896,13680,51908,9184,94216,1013,487,526
69625,107900,13680,51910,9184,94220,1013,487,526
69630,107910,13681,51915,9184,94229,1013,487,526
69635,107916,13681,51919,9184,94235,1013,487,526
69640,107927,13681,51923,9184,94246,1013,487,526
69645,107931,13681,51924,9184,94250,1013,487,526
69650,107941,13682,51930,9185,94259,1013,487,526
69655,107947,13682,51933,9185,94265,1013,487,526
69660,107958,13682,51939,9185,94276,1013,487,526
69665,107962,13682,51941,9185,94280,1013,487,526
69670,107972,13683,51944,9186,94289,1013,487,526
69675,107978,13683,51948,9186,94295,1013,487,526
69680,107989,13683,51955,9186,94306,1013,487,526
69685,107993,13683,51956,9186,94310,1013,487,526
69690,108003,13684,51960,9186,94319,1013,487,526
69695,108009,13684,51964,9186,94325,1013,487,526
69700,108020,13684,51968,9186,94336,1013,487,526
69705,108024,13684,51969,9186,94340,1013,487,526
69710,108034,13685,51972,9186,94349,1013,487,526
69715,108040,13685,51976,9186,94355,1013,487,526
69720,108051,13685,51979,9186,94366,1013,487,526
69725,108055,13686,51980,9187,94369,1013,487,526
69730,108065,13687,51984,9188,94378,1013,487,526
69735,108071,13687,51987,9188,94384,1013,487,526
69740,108082,13688,51992,9189,94394,1013,487,526
69745,108086,13688,51993,9189,94398,1013,487,526
69750,108096,13689,51995,9189,94407,1013,487,526
69755,108102,13689,51997,9189,94413,1013,487,526
69760,108113,13689,52003,9189,94424,1013,487,526
69765,108117,13689,52004,9189,94428,1013,487,526
69770,108127,13690,52010,9189,94437,1013,487,526
69775,108133,13690,52012,9189,94443,1013,487,526
69780,108144,13690,52020,9189,94454,1013,487,526
69785,108148,13690,52021,9189,94458,1013,487,526
69790,108158,13691,52023,9189,94467,1013,487,526
69795,108164,13691,52026,9189,94473,1013,487,526
69800,108175,13692,52034,9190,94483,1013,487,526
69805,108179,13692,52035,9190,94487,1013,487,526
69810,108189,13693,52039,9191,94496,1013,487,526
69815,108195,13693,52042,9191,94502,1013,487,526
69820,108206,13694,52049,9192,94512,1013,487,526
69825,108210,13695,52052,9193,94515,1013,487,526
69830,108220,13696,52059,9193,94524,1013,487,526
69835,108226,13696,52064,9193,94530,1013,487,526
69840,108237,13696,52071,9193,94541,1013,487,526
69845,108241,13696,52073,9193,94545,1013,487,526
69850,108251,13697,52077,9194,94554,1013,487,526
69855,108257,13697,52081,9194,94560,1013,487,526
69860,108268,13697,52088,9194,94571,1013,487,526
69865,108272,13697,52090,9194,94575,1013,487,526
69870,108282,13698,52095,9195,94584,1013,487,526
69875,108288,13698,52098,9195,94590,1013,487,526
69880,108299,13698,52101,9195,94601,1013,487,526
69885,108303,13698,52103,9195,94605,1013,487,526
69890,108313,13699,52108,9195,94614,1013,487,526
69895,108319,13699,52112,9195,94620,1013,487,526
69900,108330,13699,52115,9195,94631,1013,487,526
69905,108334,13699,52117,9195,94635,1013,487,526
69910,108344,13700,52123,9195,94644,1013,487,526
69915,108350,13700,52125,9195,94650,1013,487,526
69920,108361,13700,52128,9195,94661,1013,487,526
69925,108365,13700,52128,9195,94665,1013,487,526
69930,108375,13701,52134,9196,94674,1013,487,526
69935,108381,13701,52135,9196,94680,1013,487,526
69940,108392,13701,52141,9196,94691,1013,487,526
69945,108396,13701,52143,9196,94695,1013,487,526
69950,108406,13702,52147,9196,94704,1013,487,526
69955,108412,13702,52151,9196,94710,1013,487,526
69960,108423,13702,52155,9196,94721,1013,487,526
69965,108427,13702,52156,9196,94725,1013,487,526
69970,108437,13703,52159,9197,94734,1013,487,526
69975,108443,13703,52162,9197,94740,1013,487,526
69980,108454,13703,52168,9197,94751,1013,487,526
69985,108458,13703,52169,9197,94755,1013,487,526
69990,108468,13704,52175,9198,94764,1013,487,526
69995,108474,13704,52180,9198,94770,1013,487,526
70000,108485,13704,52188,9198,94781,1013,487,526
70005,108489,13705,52191,9199,94784,1013,487,526
70010,108499,13706,52194,9199,94793,1013,487,526
70015,108505,13706,52198,9199,94799,1013,487,526
70020,108516,13707,52204,9200,94809,1013,487,526
70025,108520,13707,52206,9200,94813,1013,487,526
70030,108530,13708,52208,9200,94822,1013,487,526
70035,108536,13708,52209,9200,94828,1013,487,526
70040,108547,13709,52211,9201,94838,1013,487,526
70045,108551,13709,52213,9201,94842,1013,487,526
70050,108561,13710,52217,9201,94851,1013,487,526
70055,108567,13710,52221,9201,94857,1013,487,526
70060,108578,13711,52227,9202,94867,1013,487,526
70065,108582,13712,52230,9203,94870,1013,487,526
70070,108592,13713,52235,9204,94879,1013,487,526
70075,108598,13713,52238,9204,94885,1013,487,526
70080,108609,13714,52242,9205,94895,1013,487,526
70085,108613,13714,52245,9205,94899,1013,487,526
70090,108623,13715,52251,9206,94908,1013,487,526
70095,108629,13715,52252,9206,94914,1013,487,526
70100,108640,13715,52259,9206,94925,1013,487,526
70105,108644,13715,52261,9206,94929,1013,487,526
70110,108654,13716,52268,9207,94938,1013,487,526
70115,108660,13716,52270,9207,94944,1013,487,526
70120,108671,13716,52275,9207,94955,1013,487,526
70125,108675,13716,52277,9207,94959,1013,487,526
70130,108685,13717,52282,9207,94968,1013,487,526
70135,108691,13717,52285,9207,94974,1013,487,526
70140,108702,13717,52292,9207,94985,1013,487,526
70145,108706,13717,52293,9207,94989,1013,487,526
70150,108716,13718,52300,9208,94998,1013,487,526
70155,108722,13718,52301,9208,95004,1013,487,526
70160,108733,13718,52307,9208,95015,1013,487,526
70165,108737,13718,52310,9208,95019,1013,487,526
70170,108747,13719,52316,9209,95028,1013,487,526
70175,108753,13719,52318,9209,95034,1013,487,526
70180,108764,13719,52324,9209,95045,1013,487,526
70185,108768,13720,52328,9210,95048,1013,487,526
70190,108778,13721,52333,9211,95057,1013,487,526
70195,108784,13721,52338,9211,95063,1013,487,526
70200,108795,13721,52343,9211,95074,1013,487,526
70205,108799,13722,52344,9212,95077,1013,487,526
70210,108809,13723,52349,9212,95086,1013,487,526
70215,108815,13723,52352,9212,95092,1013,487,526
70220,108826,13724,52361,9213,95102,1013,487,526
70225,108830,13725,52363,9214,95105,1013,487,526
70230,108840,13726,52369,9215,95114,1013,487,526
70235,108846,13726,52373,9215,95120,1013,487,526
70240,108857,13726,52377,9215,95131,1013,487,526
70245,108861,13726,52380,9215,95135,1013,487,526
70250,108871,13727,52385,9215,95144,1013,487,526
70255,108877,13727,52389,9215,95150,1013,487,526
70260,108888,13727,52393,9215,95161,1013,487,526
70265,108892,13728,52396,9216,95164,1013,487,526
70270,108902,13729,52397,9216,95173,1013,487,526
70275,108908,13729,52402,9216,95179,1013,487,526
70280,108919,13730,52408,9217,95189,1013,487,526
70285,108923,13730,52408,9217,95193,1013,487,526
70290,108933,13731,52412,9218,95202,1013,487,526
70295,108939,13731,52415,9218,95208,1013,487,526
70300,108950,13732,52421,9219,95218,1013,487,526
70305,108954,13732,52422,9219,95222,1013,487,526
70310,108964,13733,52428,9220,95231,1013,487,526
70315,108970,13733,52429,9220,95237,1013,487,526
70320,108981,13733,52435,9220,95248,1013,487,526
70325,108985,13733,52437,9220,95252,1013,487,526
70330,108995,13733,52440,9220,95262,1013,487,526
70335,109001,13733,52442,9220,95268,1013,487,526
70340,109012,13733,52448,9220,95279,1013,487,526
70345,109016,13733,52448,9220,95283,1013,487,526
70350,109026,13733,52451,9220,95293,1013,487,526
70355,109032,13733,52454,9220,95299,1013,487,526
70360,109043,13733,52462,9220,95310,1013,487,526
70365,109047,13733,52463,9220,95314,1013,487,526
70370,109057,13733,52465,9220,95324,1013,487,526
70375,109063,13733,52466,9220,95330,1013,487,526
70380,109074,13733,52472,9220,95341,1013,487,526
70385,109078,13733,52472,9220,95345,1013,487,526
70390,109088,13733,52480,9220,95355,1013,487,526
70395,109094,13733,52481,9220,95361,1013,487,526
70400,109105,13733,52487,9220,95372,1013,487,526
70405,109109,13733,52489,9220,95376,1013,487,526
70410,109119,13733,52496,9220,95386,1013,487,526
70415,109125,13733,52499,9220,95392,1013,487,526
70420,109136,13733,52503,9220,95403,1013,487,526
70425,109140,13733,52505,9220,95407,1013,487,526
70430,109150,13734,52510,9221,95416,1013,487,526
70435,109156,13734,52515,9221,95422,1013,487,526
70440,109167,13734,52521,9221,95433,1013,487,526
70445,109171,13735,52525,9222,95436,1013,487,526
70450,109181,13736,52528,9222,95445,1013,487,526
70455,109187,13736,52531,9222,95451,1013,487,526
70460,109198,13737,52538,9223,95461,1013,487,526
70465,109202,13737,52541,9223,95465,1013,487,526
70470,109212,13738,52544,9224,95474,1013,487,526
70475,109218,13738,52546,9224,95480,1013,487,526
70480,109229,13739,52554,9225,95490,1013,487,526
70485,109233,13739,52557,9225,95494,1013,487,526
70490,109243,13740,52561,9225,95503,1013,487,526
70495,109249,13740,52564,9225,95509,1013,487,526
70500,109260,13740,52568,9225,95520,1013,487,526
70505,109264,13741,52570,9226,95523,1013,487,526
70510,109274,13742,52574,9226,95532,1013,487,526
70515,109280,13742,52578,9226,95538,1013,487,526
70520,109291,13742,52580,9226,95549,1013,487,526
70525,109295,13743,52583,9227,95552,1013,487,526
70530,109305,13744,52587,9228,95561,1013,487,526
70535,109311,13744,52588,9228,95567,1013,487,526
70540,109322,13745,52594,9229,95577,1013,487,526
70545,109326,13745,52594,9229,95581,1013,487,526
70550,109336,13746,52597,9230,95590,1013,487,526
70555,109342,13746,52597,9230,95596,1013,487,526
70560,109353,13747,52601,9231,95606,1013,487,526
70565,109357,13747,52603,9231,95610,1013,487,526
70570,109367,13747,52606,9231,95620,1013,487,526
70575,109373,13747,52610,9231,95626,1013,487,526
70580,109384,13747,52617,9231,95637,1013,487,526
70585,109388,13747,52620,9231,95641,1013,487,526
70590,109398,13747,52624,9231,95651,1013,487,526
70595,109404,13747,52626,9231,95657,1013,487,526
70600,109415,13747,52630,9231,95668,1013,487,526
70605,109419,13747,52634,9231,95672,1013,487,526
70610,109429,13747,52638,9231,95682,1013,487,526
70615,109435,13747,52641,9231,95688,1013,487,526
70620,109446,13747,52646,9231,95699,1013,487,526
70625,109450,13747,52647,9231,95703,1013,487,526
70630,109460,13747,52651,9231,95713,1013,487,526
70635,109466,13747,52654,9231,95719,1013,487,526
70640,109477,13747,52658,9231,95730,1013,487,526
70645,109481,13747,52659,9231,95734,1013,487,526
70650,109491,13747,52661,9231,95744,1013,487,526
70655,109497,13747,52664,9231,95750,1013,487,526
70660,109508,13747,52671,9231,95761,1013,487,526
70665,109512,13747,52673,9231,95765,1013,487,526
70670,109522,13748,52678,9232,95774,1013,487,526
70675,109528,13748,52684,9232,95780,1013,487,526
70680,109539,13748,52689,9232,95791,1013,487,526
70685,109543,13748,52690,9232,95795,1013,487,526
70690,109553,13749,52693,9232,95804,1013,487,526
70695,109559,13749,52697,9232,95810,1013,487,526
70700,109570,13749,52704,9232,95821,1013,487,526
70705,109574,13749,52706,9232,95825,1013,487,526
70710,109584,13750,52712,9233,95834,1013,487,526
70715,109590,13750,52718,9233,95840,1013,487,526
70720,109601,13750,52725,9233,95851,1013,487,526
70725,109605,13751,52726,9234,95854,1013,487,526
70730,109615,13752,52730,9235,95863,1013,487,526
70735,109621,13752,52733,9235,95869,1013,487,526
70740,109632,13752,52737,9235,95880,1013,487,526
70745,109636,13753,52738,9236,95883,1013,487,526
70750,109646,13754,52744,9237,95892,1013,487,526
70755,109652,13754,52749,9237,95898,1013,487,526
70760,109663,13755,52756,9238,95908,1013,487,526
70765,109667,13756,52758,9239,95911,1013,487,526
70770,109677,13757,52761,9239,95920,1013,487,526
70775,109683,13757,52764,9239,95926,1013,487,526
70780,109694,13757,52769,9239,95937,1013,487,526
70785,109698,13757,52772,9239,95941,1013,487,526
70790,109708,13758,52776,9239,95950,1013,487,526
70795,109714,13758,52778,9239,95956,1013,487,526
70800,109725,13758,52783,9239,95967,1013,487,526
70805,109729,13758,52784,9239,95971,1013,487,526
70810,109739,13759,52790,9240,95980,1013,487,526
70815,109745,13759,52792,9240,95986,1013,487,526
70820,109756,13759,52798,9240,95997,1013,487,526
70825,109760,13759,52800,9240,96001,1013,487,526
70830,109770,13760,52808,9240,96010,1013,487,526
70835,109776,13760,52813,9240,96016,1013,487,526
70840,109787,13760,52821,9240,96027,1013,487,526
70845,109791,13760,52823,9240,96031,1013,487,526
70850,109801,13761,52830,9240,96040,1013,487,526
70855,109807,13761,52834,9240,96046,1013,487,526
70860,109818,13761,52841,9240,96057,1013,487,526
70865,109822,13761,52844,9240,96061,1013,487,526
70870,109832,13762,52849,9240,96070,1013,487,526
70875,109838,13762,52853,9240,96076,1013,487,526
70880,109849,13762,52859,9240,96087,1013,487,526
70885,109853,13762,52860,9240,96091,1013,487,526
70890,109863,13763,52868,9240,96100,1013,487,526
70895,109869,13763,52872,9240,96106,1013,487,526
70900,109880,13763,52877,9240,96117,1013,487,526
70905,109884,13764,52879,9241,96120,1013,487,526
70910,109894,13765,52883,9241,96129,1013,487,526
70915,109900,13765,52884,9241,96135,1013,487,526
70920,109911,13765,52885,9241,96146,1013,487,526
70925,109915,13766,52886,9242,96149,1013,487,526
70930,109925,13767,52895,9243,96158,1013,487,526
70935,109931,13767,52896,9243,96164,1013,487,526
70940,109942,13767,52901,9243,96175,1013,487,526
70945,109946,13767,52904,9243,96179,1013,487,526
70950,109956,13768,52906,9243,96188,1013,487,526
70955,109962,13768,52909,9243,96194,1013,487,526
70960,109973,13768,52916,9243,96205,1013,487,526
70965,109977,13768,52919,9243,96209,1013,487,526
70970,109987,13769,52925,9244,96218,1013,487,526
70975,109993,13769,52930,9244,96224,1013,487,526
70980,110004,13770,52936,9245,96234,1013,487,526
70985,110008,13771,52938,9246,96237,1013,487,526
70990,110018,13772,52947,9247,96246,1013,487,526
70995,110024,13772,52950,9247,96252,1013,487,526
71000,110035,13773,52955,9248,96262,1013,487,526
71005,110039,13773,52956,9248,96266,1013,487,526
71010,110049,13774,52961,9248,96275,1013,487,526
71015,110055,13774,52962,9248,96281,1013,487,526
71020,110066,13774,52967,9248,96292,1013,487,526
71025,110070,13775,52968,9249,96295,1013,487,526
71030,110080,13776,52971,9250,96304,1013,487,526
71035,110086,13776,52974,9250,96310,1013,487,526
71040,110097,13777,52981,9251,96320,1013,487,526
71045,110101,13777,52982,9251,96324,1013,487,526
71050,110111,13778,52989,9251,96333,1013,487,526
71055,110117,13778,52995,9251,96339,1013,487,526
71060,110128,13778,53003,9251,96350,1013,487,526
71065,110132,13778,53006,9251,96354,1013,487,526
71070,110142,13779,53009,9251,96363,1013,487,526
71075,110148,13779,53012,9251,96369,1013,487,526
71080,110159,13779,53016,9251,96380,1013,487,526
71085,110163,13779,53018,9251,96384,1013,487,526
71090,110173,13780,53024,9252,96393,1013,487,526
71095,110179,13780,53029,9252,96399,1013,487,526
71100,110190,13780,53035,9252,96410,1013,487,526
71105,110194,13780,53035,9252,96414,1013,487,526
71110,110204,13781,53039,9253,96423,1013,487,526
71115,110210,13781,53041,9253,96429,1013,487,526
71120,110221,13781,53048,9253,96440,1013,487,526
71125,110225,13781,53051,9253,96444,1013,487,526
71130,110235,13782,53057,9253,96453,1013,487,526
71135,110241,13782,53061,9253,96459,1013,487,526
71140,110252,13782,53070,9253,96470,1013,487,526
71145,110256,13782,53071,9253,96474,1013,487,526
71150,110266,13783,53076,9253,96483,1013,487,526
71155,110272,13783,53077,9253,96489,1013,487,526
71160,110283,13783,53082,9253,96500,1013,487,526
