source,gentime, athop, hopcount,priority, reachedTime
2,3,2,2,1, 5
1,6,1,1,0, 7
4,6,4,4,1, 10
3,7,3,3,1, 10
5,7,3,3,1, 10
6,10,2,2,1, 12
7,12,1,1,1, 13
8,16,1,1,1, 17
11,14,4,4,0, 18
9,17,2,2,0, 19
16,19,2,2,0, 21
14,19,3,3,0, 22
17,19,3,3,1, 22
13,19,4,4,0, 23
15,21,2,2,0, 23
12,20,5,5,1, 25
2,23,2,2,1, 25
1,26,1,1,0, 27
20,23,6,6,0, 29
4,26,4,4,1, 30
22,26,4,4,0, 30
3,27,3,3,0, 30
5,27,3,3,0, 30
24,29,1,1,0, 30
19,26,5,5,1, 31
23,28,3,3,1, 31
6,30,2,2,1, 32
7,32,1,1,0, 33
27,32,4,4,1, 36
30,33,3,3,1, 36
25,35,2,2,1, 37
8,36,1,1,0, 37
11,34,4,4,0, 38
31,36,2,2,1, 38
28,34,5,5,0, 39
9,37,2,2,1, 39
26,37,3,3,0, 40
16,39,2,2,1, 41
29,38,4,4,0, 42
14,39,3,3,0, 42
17,39,3,3,0, 42
13,39,4,4,0, 43
15,41,2,2,1, 43
12,40,5,5,1, 45
2,43,2,2,1, 45
1,46,1,1,0, 47
20,43,6,6,1, 49
4,46,4,4,0, 50
22,46,4,4,1, 50
3,47,3,3,0, 50
5,47,3,3,0, 50
24,49,1,1,0, 50
19,46,5,5,1, 51
23,48,3,3,0, 51
6,50,2,2,0, 52
7,52,1,1,1, 53
27,52,4,4,0, 56
30,53,3,3,1, 56
25,55,2,2,0, 57
8,56,1,1,0, 57
11,54,4,4,0, 58
31,56,2,2,1, 58
28,54,5,5,0, 59
9,57,2,2,1, 59
26,57,3,3,1, 60
16,59,2,2,0, 61
29,58,4,4,0, 62
14,59,3,3,0, 62
17,59,3,3,0, 62
13,59,4,4,1, 63
15,61,2,2,0, 63
12,60,5,5,0, 65
2,63,2,2,0, 65
18,63,4,4,1, 67
1,66,1,1,0, 67
20,63,6,6,0, 69
4,66,4,4,0, 70
22,66,4,4,1, 70
3,67,3,3,1, 70
5,67,3,3,1, 70
24,69,1,1,1, 70
19,66,5,5,1, 71
23,68,3,3,0, 71
6,70,2,2,1, 72
7,72,1,1,0, 73
27,72,4,4,1, 76
30,73,3,3,0, 76
25,75,2,2,0, 77
8,76,1,1,1, 77
11,74,4,4,0, 78
31,76,2,2,0, 78
28,74,5,5,0, 79
9,77,2,2,1, 79
26,77,3,3,0, 80
16,79,2,2,1, 81
29,78,4,4,1, 82
14,79,3,3,0, 82
17,79,3,3,0, 82
13,79,4,4,0, 83
15,81,2,2,1, 83
12,80,5,5,1, 85
2,83,2,2,1, 85
18,83,4,4,1, 87
1,86,1,1,1, 87
20,83,6,6,1, 89
4,86,4,4,1, 90
22,86,4,4,0, 90
5,87,3,3,0, 90
24,89,1,1,1, 90
23,88,3,3,1, 91
6,90,2,2,0, 92
7,92,1,1,1, 93
30,93,3,3,1, 96
25,95,2,2,1, 97
8,96,1,1,0, 97
31,96,2,2,0, 98
28,94,5,5,1, 99
9,97,2,2,1, 99
16,99,2,2,1, 101
29,98,4,4,1, 102
14,99,3,3,0, 102
13,99,4,4,1, 103
15,101,2,2,0, 103
2,103,2,2,1, 105
18,103,4,4,1, 107
1,106,1,1,1, 107
22,106,4,4,0, 110
3,107,3,3,1, 110
5,107,3,3,0, 110
24,109,1,1,1, 110
19,106,5,5,1, 111
23,108,3,3,0, 111
6,110,2,2,0, 112
7,112,1,1,1, 113
27,112,4,4,1, 116
30,113,3,3,1, 116
8,116,1,1,1, 117
31,116,2,2,0, 118
28,114,5,5,1, 119
26,117,3,3,1, 120
16,119,2,2,1, 121
29,118,4,4,1, 122
14,119,3,3,0, 122
17,119,3,3,1, 122
13,119,4,4,1, 123
15,121,2,2,0, 123
2,123,2,2,1, 125
18,123,4,4,1, 127
4,126,4,4,1, 130
22,126,4,4,1, 130
5,127,3,3,0, 130
24,129,1,1,1, 130
20,123,6,8,1, 131
19,126,5,5,0, 131
23,128,3,3,1, 131
6,130,2,2,0, 132
7,132,1,1,0, 133
27,132,4,4,0, 136
30,133,3,3,0, 136
25,135,2,2,0, 137
8,136,1,1,1, 137
31,136,2,2,0, 138
9,137,2,2,0, 139
11,134,4,6,1, 140
26,137,3,3,0, 140
16,139,2,2,1, 141
29,138,4,4,1, 142
14,139,3,3,1, 142
13,139,4,4,1, 143
15,141,2,2,1, 143
12,140,5,5,1, 145
18,143,4,4,1, 147
20,143,6,6,1, 149
22,146,4,4,1, 150
24,149,1,1,0, 150
19,146,5,5,1, 151
6,150,2,2,1, 152
7,152,1,1,0, 153
27,152,4,4,1, 156
25,155,2,2,1, 157
8,156,1,1,0, 157
11,154,4,6,1, 160
26,157,3,3,0, 160
13,159,4,4,1, 163
12,160,5,5,1, 165
18,163,4,4,1, 167
4,166,4,4,1, 170
24,169,1,1,0, 170
19,166,5,5,1, 171
23,168,3,3,1, 171
6,170,2,2,1, 172
7,172,1,1,0, 173
27,172,4,4,1, 176
25,175,2,2,0, 177
8,176,1,1,1, 177
28,174,5,5,1, 179
11,174,4,6,1, 180
26,177,3,3,1, 180
16,179,2,2,1, 181
29,178,4,4,1, 182
14,179,3,3,1, 182
17,179,3,3,1, 182
12,180,5,5,1, 185
18,183,4,4,1, 187
5,187,3,3,1, 190
24,189,1,1,1, 190
19,186,5,5,1, 191
23,188,3,3,1, 191
7,192,1,1,0, 193
25,195,2,2,1, 197
26,197,3,3,0, 200
9,197,2,4,1, 201
16,199,2,2,1, 201
14,199,3,3,1, 202
17,199,3,3,1, 202
4,206,4,4,1, 210
22,206,4,4,1, 210
24,209,1,1,0, 210
6,210,2,2,1, 212
7,212,1,1,1, 213
30,213,3,3,1, 216
25,215,2,2,1, 217
28,214,5,5,1, 219
11,214,4,6,1, 220
26,217,3,3,0, 220
16,219,2,2,1, 221
17,219,3,3,1, 222
12,220,5,5,1, 225
18,223,4,4,1, 227
4,226,4,4,1, 230
22,226,4,4,1, 230
24,229,1,1,1, 230
23,228,3,3,1, 231
6,230,2,4,1, 234
31,236,2,2,1, 238
28,234,5,5,1, 239
29,238,4,4,1, 242
14,239,3,5,1, 244
13,239,4,6,1, 245
1,246,1,1,0, 247
22,246,4,4,1, 250
24,249,1,1,0, 250
27,252,4,4,1, 256
30,253,3,3,1, 256
31,256,2,2,1, 258
9,257,2,2,1, 259
16,259,2,2,1, 261
29,258,4,4,1, 262
1,266,1,1,1, 267
22,266,4,4,1, 270
24,269,1,1,1, 270
31,276,2,2,1, 278
1,286,1,1,0, 287
22,286,4,4,1, 290
24,289,1,1,1, 290
27,292,4,4,1, 296
16,299,2,2,1, 301
23,348,3,3,1, 351
5,347,3,5,1, 352
7,352,1,1,0, 353
6,350,2,4,1, 354
8,356,1,1,0, 357
25,355,2,4,1, 359
9,357,2,2,1, 359
31,356,2,4,1, 360
1,366,1,1,0, 367
5,367,3,3,1, 370
7,372,1,1,1, 373
31,376,2,2,1, 378
2,383,2,2,1, 385
1,386,1,1,1, 387
6,390,2,2,1, 392
7,392,1,1,1, 393
25,395,2,2,1, 397
31,396,2,2,1, 398
2,403,2,2,1, 405
1,406,1,1,0, 407
24,409,1,1,0, 410
7,412,1,1,0, 413
25,415,2,2,1, 417
15,421,2,2,1, 423
24,429,1,1,1, 430
25,435,2,2,1, 437
8,436,1,1,1, 437
15,441,2,2,1, 443
24,449,1,1,0, 450
25,455,2,2,1, 457
8,456,1,1,1, 457
16,459,2,2,1, 461
18,463,4,4,1, 467
24,469,1,1,0, 470
25,475,2,2,1, 477
8,476,1,1,1, 477
9,477,2,2,1, 479
26,477,3,3,1, 480
17,479,3,3,1, 482
1,486,1,1,1, 487
24,489,1,1,1, 490
1,506,1,1,0, 507
24,509,1,1,1, 510
1,526,1,1,1, 527
24,529,1,1,0, 530
6,530,2,2,1, 532
7,532,1,1,0, 533
1,546,1,1,0, 547
24,549,1,1,0, 550
7,552,1,1,1, 553
8,556,1,1,0, 557
31,556,2,2,1, 558
16,559,2,2,1, 561
1,566,1,1,1, 567
24,569,1,1,0, 570
7,572,1,1,0, 573
30,573,3,3,1, 576
8,576,1,1,1, 577
16,579,2,2,1, 581
2,583,2,4,1, 587
1,586,1,1,0, 587
24,589,1,1,1, 590
23,588,3,3,1, 591
7,592,1,1,0, 593
30,593,3,3,1, 596
8,596,1,1,0, 597
31,596,2,2,1, 598
9,597,2,2,1, 599
29,598,4,4,1, 602
5,607,3,3,1, 610
24,609,1,1,0, 610
7,612,1,1,1, 613
30,613,3,3,1, 616
25,615,2,2,1, 617
8,616,1,1,1, 617
5,627,3,3,1, 630
24,629,1,1,0, 630
6,630,2,2,1, 632
7,632,1,1,1, 633
30,633,3,3,1, 636
8,636,1,1,0, 637
24,649,1,1,0, 650
23,648,3,3,1, 651
7,652,1,1,1, 653
25,655,2,2,1, 657
8,656,1,1,0, 657
13,659,4,4,1, 663
24,669,1,1,1, 670
25,675,2,2,1, 677
8,676,1,1,0, 677
24,689,1,1,0, 690
25,695,2,2,1, 697
8,696,1,1,1, 697
1,706,1,1,0, 707
22,706,4,4,1, 710
3,707,3,3,1, 710
24,709,1,1,0, 710
23,708,3,3,1, 711
8,716,1,1,1, 717
9,717,2,2,1, 719
26,717,3,3,1, 720
1,726,1,1,1, 727
7,732,1,1,1, 733
31,736,2,2,1, 738
14,739,3,3,1, 742
15,741,2,2,1, 743
1,746,1,1,0, 747
7,752,1,1,1, 753
14,759,3,3,1, 762
15,761,2,2,1, 763
1,766,1,1,1, 767
7,772,1,1,0, 773
1,786,1,1,1, 787
8,796,1,1,1, 797
9,797,2,2,1, 799
16,799,2,2,1, 801
1,806,1,1,1, 807
8,816,1,1,0, 817
1,826,1,1,1, 827
4,826,4,4,1, 830
24,829,1,1,0, 830
5,827,3,7,1, 834
8,836,1,1,1, 837
28,834,5,5,1, 839
26,837,3,3,1, 840
16,839,2,2,1, 841
24,849,1,1,0, 850
25,855,2,2,1, 857
8,856,1,1,1, 857
24,869,1,1,0, 870
25,875,2,2,1, 877
8,876,1,1,0, 877
24,889,1,1,1, 890
7,892,1,1,0, 893
8,896,1,1,1, 897
31,896,2,2,1, 898
24,909,1,1,1, 910
8,916,1,1,1, 917
24,929,1,1,0, 930
8,936,1,1,0, 937
1,946,1,1,0, 947
24,949,1,1,1, 950
27,952,4,4,1, 956
8,956,1,1,0, 957
28,954,5,5,1, 959
9,957,2,2,1, 959
1,966,1,1,1, 967
24,969,1,1,0, 970
23,968,3,3,1, 971
8,976,1,1,1, 977
15,981,2,2,1, 983
2,983,2,2,1, 985
18,983,4,4,1, 987
1,986,1,1,1, 987
24,989,1,1,0, 990
8,996,1,1,0, 997
26,997,3,3,1, 1000
15,1001,2,2,1, 1003
17,999,3,5,1, 1004
2,1003,2,2,1, 1005
18,1003,4,4,1, 1007
24,1009,1,1,0, 1010
6,1010,2,2,1, 1012
7,1012,1,1,1, 1013
8,1016,1,1,0, 1017
26,1017,3,7,1, 1024
24,1029,1,1,0, 1030
7,1032,1,1,0, 1033
17,1039,3,3,1, 1042
24,1049,1,1,0, 1050
7,1052,1,1,0, 1053
17,1059,3,3,1, 1062
24,1069,1,1,1, 1070
7,1072,1,1,1, 1073
16,1079,2,2,1, 1081
17,1079,3,3,1, 1082
1,1086,1,1,0, 1087
7,1092,1,1,1, 1093
25,1095,2,2,1, 1097
8,1096,1,1,0, 1097
9,1097,2,2,1, 1099
1,1106,1,1,1, 1107
7,1112,1,1,0, 1113
8,1116,1,1,1, 1117
9,1117,2,2,1, 1119
1,1126,1,1,0, 1127
6,1130,2,2,1, 1132
7,1132,1,1,0, 1133
25,1135,2,2,1, 1137
8,1136,1,1,0, 1137
9,1137,2,2,1, 1139
14,1139,3,3,1, 1142
12,1140,5,5,1, 1145
24,1149,1,1,0, 1150
7,1152,1,1,0, 1153
8,1156,1,1,0, 1157
24,1169,1,1,0, 1170
7,1172,1,1,1, 1173
25,1175,2,2,1, 1177
8,1176,1,1,1, 1177
24,1189,1,1,0, 1190
23,1188,3,3,1, 1191
7,1192,1,1,1, 1193
25,1195,2,2,1, 1197
8,1196,1,1,0, 1197
31,1196,2,2,1, 1198
17,1199,3,3,1, 1202
2,1203,2,2,1, 1205
1,1206,1,1,1, 1207
8,1216,1,1,1, 1217
1,1226,1,1,0, 1227
8,1236,1,1,1, 1237
15,1241,2,2,1, 1243
1,1246,1,1,0, 1247
8,1256,1,1,1, 1257
15,1261,2,2,1, 1263
1,1266,1,1,1, 1267
4,1266,4,4,1, 1270
5,1267,3,5,1, 1272
8,1276,1,1,0, 1277
31,1276,2,4,1, 1280
17,1279,3,3,1, 1282
29,1278,4,6,1, 1284
2,1283,2,2,1, 1285
1,1286,1,1,1, 1287
4,1286,4,4,1, 1290
22,1286,4,4,1, 1290
8,1296,1,1,0, 1297
17,1299,3,3,1, 1302
2,1303,2,2,1, 1305
1,1306,1,1,0, 1307
24,1309,1,1,0, 1310
7,1312,1,1,1, 1313
6,1310,2,6,1, 1316
27,1312,4,4,1, 1316
8,1316,1,1,1, 1317
9,1317,2,2,1, 1319
31,1316,2,4,1, 1320
26,1317,3,3,1, 1320
16,1319,2,2,1, 1321
14,1319,3,3,1, 1322
24,1329,1,1,1, 1330
7,1332,1,1,0, 1333
25,1335,2,2,1, 1337
26,1337,3,3,1, 1340
24,1349,1,1,0, 1350
7,1352,1,1,0, 1353
25,1355,2,2,1, 1357
26,1357,3,3,1, 1360
24,1369,1,1,0, 1370
7,1372,1,1,1, 1373
25,1375,2,2,1, 1377
26,1377,3,3,1, 1380
24,1389,1,1,0, 1390
7,1392,1,1,1, 1393
25,1395,2,2,1, 1397
26,1397,3,3,1, 1400
24,1409,1,1,0, 1410
7,1412,1,1,0, 1413
1,1426,1,1,1, 1427
3,1427,3,3,1, 1430
5,1427,3,3,1, 1430
24,1429,1,1,0, 1430
23,1428,3,3,1, 1431
6,1430,2,2,1, 1432
7,1432,1,1,1, 1433
25,1435,2,2,1, 1437
8,1436,1,1,1, 1437
28,1434,5,7,1, 1441
16,1439,2,2,1, 1441
14,1439,3,3,1, 1442
13,1439,4,4,1, 1443
1,1446,1,1,0, 1447
6,1450,2,2,1, 1452
7,1452,1,1,0, 1453
8,1456,1,1,0, 1457
1,1466,1,1,1, 1467
7,1472,1,1,0, 1473
8,1476,1,1,0, 1477
1,1486,1,1,0, 1487
6,1490,2,2,1, 1492
7,1492,1,1,1, 1493
8,1496,1,1,0, 1497
27,1492,4,6,1, 1498
13,1499,4,4,1, 1503
1,1506,1,1,0, 1507
7,1512,1,1,1, 1513
8,1516,1,1,1, 1517
15,1521,2,2,1, 1523
1,1526,1,1,0, 1527
7,1532,1,1,0, 1533
8,1536,1,1,1, 1537
15,1541,2,2,1, 1543
1,1546,1,1,1, 1547
3,1547,3,3,1, 1550
24,1549,1,1,1, 1550
23,1548,3,3,1, 1551
7,1552,1,1,0, 1553
25,1555,2,2,1, 1557
8,1556,1,1,1, 1557
31,1556,2,2,1, 1558
26,1557,3,3,1, 1560
16,1559,2,2,1, 1561
8,1576,1,1,1, 1577
8,1596,1,1,0, 1597
8,1616,1,1,0, 1617
8,1636,1,1,1, 1637
8,1656,1,1,0, 1657
1,1666,1,1,1, 1667
3,1667,3,3,1, 1670
24,1669,1,1,0, 1670
7,1672,1,1,0, 1673
25,1675,2,2,1, 1677
8,1676,1,1,0, 1677
31,1676,2,2,1, 1678
9,1677,2,2,1, 1679
16,1679,2,2,1, 1681
24,1689,1,1,0, 1690
16,1699,2,2,1, 1701
24,1709,1,1,1, 1710
16,1719,2,2,1, 1721
24,1729,1,1,1, 1730
7,1752,1,1,0, 1753
31,1756,2,2,1, 1758
7,1772,1,1,0, 1773
31,1776,2,2,1, 1778
1,1786,1,1,0, 1787
6,1790,2,2,1, 1792
7,1792,1,1,1, 1793
30,1793,3,3,1, 1796
25,1795,2,2,1, 1797
8,1796,1,1,0, 1797
9,1797,2,2,1, 1799
16,1799,2,2,1, 1801
17,1799,3,3,1, 1802
8,1816,1,1,1, 1817
8,1836,1,1,1, 1837
14,1839,3,3,1, 1842
15,1841,2,2,1, 1843
8,1856,1,1,0, 1857
1,1866,1,1,0, 1867
24,1869,1,1,0, 1870
23,1868,3,3,1, 1871
8,1876,1,1,0, 1877
1,1886,1,1,0, 1887
24,1889,1,1,0, 1890
8,1896,1,1,1, 1897
1,1906,1,1,0, 1907
24,1909,1,1,0, 1910
7,1912,1,1,0, 1913
8,1916,1,1,1, 1917
17,1919,3,3,1, 1922
1,1926,1,1,1, 1927
24,1929,1,1,1, 1930
6,1930,2,2,1, 1932
7,1932,1,1,0, 1933
8,1936,1,1,0, 1937
1,1946,1,1,0, 1947
24,1949,1,1,0, 1950
7,1952,1,1,1, 1953
8,1956,1,1,0, 1957
1,1966,1,1,0, 1967
24,1969,1,1,0, 1970
7,1972,1,1,0, 1973
25,1975,2,2,1, 1977
8,1976,1,1,1, 1977
26,1977,3,3,1, 1980
15,1981,2,2,1, 1983
24,1989,1,1,0, 1990
7,1992,1,1,1, 1993
8,1996,1,1,0, 1997
15,2001,2,2,1, 2003
24,2009,1,1,0, 2010
7,2012,1,1,0, 2013
8,2016,1,1,0, 2017
16,2019,2,2,1, 2021
15,2021,2,2,1, 2023
24,2029,1,1,0, 2030
7,2032,1,1,1, 2033
8,2036,1,1,0, 2037
31,2036,2,2,1, 2038
1,2046,1,1,1, 2047
7,2052,1,1,1, 2053
15,2061,2,2,1, 2063
2,2063,2,2,1, 2065
1,2066,1,1,1, 2067
7,2072,1,1,0, 2073
15,2081,2,2,1, 2083
2,2083,2,2,1, 2085
1,2086,1,1,0, 2087
7,2092,1,1,0, 2093
31,2096,2,2,1, 2098
14,2099,3,3,1, 2102
15,2101,2,2,1, 2103
1,2106,1,1,0, 2107
1,2126,1,1,0, 2127
9,2137,2,2,1, 2139
1,2146,1,1,1, 2147
24,2149,1,1,0, 2150
23,2148,3,3,1, 2151
25,2155,2,2,1, 2157
8,2156,1,1,0, 2157
31,2156,2,2,1, 2158
9,2157,2,2,1, 2159
26,2157,3,3,1, 2160
15,2161,2,2,1, 2163
24,2169,1,1,0, 2170
23,2168,3,3,1, 2171
8,2176,1,1,1, 2177
31,2176,2,2,1, 2178
15,2181,2,2,1, 2183
24,2189,1,1,1, 2190
23,2188,3,3,1, 2191
8,2196,1,1,1, 2197
15,2201,2,2,1, 2203
24,2209,1,1,0, 2210
23,2208,3,3,1, 2211
7,2212,1,1,1, 2213
8,2216,1,1,0, 2217
31,2216,2,2,1, 2218
24,2229,1,1,0, 2230
7,2232,1,1,0, 2233
8,2236,1,1,1, 2237
14,2239,3,3,1, 2242
24,2249,1,1,0, 2250
7,2252,1,1,1, 2253
8,2256,1,1,0, 2257
31,2256,2,2,1, 2258
1,2266,1,1,0, 2267
24,2269,1,1,1, 2270
19,2266,5,7,1, 2273
7,2272,1,1,1, 2273
27,2272,4,4,1, 2276
8,2276,1,1,0, 2277
31,2276,2,2,1, 2278
29,2278,4,4,1, 2282
14,2279,3,3,1, 2282
17,2279,3,3,1, 2282
13,2279,4,4,1, 2283
7,2292,1,1,0, 2293
31,2296,2,2,1, 2298
7,2312,1,1,1, 2313
7,2332,1,1,1, 2333
4,2346,4,6,1, 2352
5,2347,3,5,1, 2352
6,2350,2,2,1, 2352
7,2352,1,1,0, 2353
8,2356,1,1,1, 2357
14,2359,3,3,1, 2362
15,2361,2,2,1, 2363
8,2376,1,1,1, 2377
14,2379,3,3,1, 2382
15,2381,2,2,1, 2383
1,2386,1,1,1, 2387
24,2389,1,1,1, 2390
3,2387,3,5,1, 2392
8,2396,1,1,1, 2397
26,2397,3,3,1, 2400
15,2401,2,2,1, 2403
22,2406,4,4,1, 2410
24,2409,1,1,1, 2410
7,2412,1,1,0, 2413
25,2415,2,2,1, 2417
8,2416,1,1,0, 2417
30,2413,3,5,1, 2418
9,2417,2,2,1, 2419
26,2417,3,3,1, 2420
16,2419,2,2,1, 2421
15,2421,2,2,1, 2423
24,2429,1,1,0, 2430
7,2432,1,1,1, 2433
30,2433,3,5,1, 2438
24,2449,1,1,1, 2450
23,2448,3,3,1, 2451
7,2452,1,1,1, 2453
31,2456,2,2,1, 2458
16,2459,2,2,1, 2461
1,2506,1,1,1, 2507
27,2512,4,4,1, 2516
9,2517,2,2,1, 2519
26,2517,3,3,1, 2520
17,2519,3,3,1, 2522
15,2521,2,2,1, 2523
2,2523,2,2,1, 2525
1,2526,1,1,0, 2527
24,2529,1,1,1, 2530
7,2532,1,1,1, 2533
8,2536,1,1,0, 2537
1,2546,1,1,0, 2547
24,2549,1,1,1, 2550
23,2548,3,3,1, 2551
7,2552,1,1,1, 2553
8,2556,1,1,0, 2557
15,2561,2,2,1, 2563
2,2563,2,2,1, 2565
1,2566,1,1,1, 2567
24,2569,1,1,0, 2570
23,2568,3,3,1, 2571
7,2572,1,1,0, 2573
8,2576,1,1,0, 2577
14,2579,3,3,1, 2582
1,2586,1,1,1, 2587
24,2589,1,1,1, 2590
7,2592,1,1,0, 2593
25,2595,2,2,1, 2597
8,2596,1,1,1, 2597
1,2606,1,1,0, 2607
24,2609,1,1,1, 2610
7,2612,1,1,0, 2613
8,2616,1,1,1, 2617
1,2626,1,1,1, 2627
24,2629,1,1,1, 2630
7,2632,1,1,0, 2633
8,2636,1,1,1, 2637
31,2636,2,2,1, 2638
16,2639,2,2,1, 2641
7,2652,1,1,0, 2653
8,2656,1,1,0, 2657
16,2659,2,2,1, 2661
23,2668,3,3,1, 2671
7,2672,1,1,1, 2673
8,2676,1,1,1, 2677
31,2676,2,2,1, 2678
7,2692,1,1,1, 2693
8,2696,1,1,1, 2697
16,2699,2,2,1, 2701
15,2701,2,2,1, 2703
8,2716,1,1,1, 2717
16,2719,2,2,1, 2721
8,2736,1,1,1, 2737
16,2739,2,2,1, 2741
15,2741,2,2,1, 2743
1,2746,1,1,1, 2747
3,2747,3,3,1, 2750
24,2749,1,1,0, 2750
27,2752,4,4,1, 2756
8,2756,1,1,0, 2757
9,2757,2,2,1, 2759
26,2757,3,3,1, 2760
1,2766,1,1,0, 2767
24,2769,1,1,1, 2770
16,2779,2,2,1, 2781
1,2786,1,1,1, 2787
24,2789,1,1,0, 2790
16,2799,2,2,1, 2801
1,2806,1,1,1, 2807
24,2809,1,1,0, 2810
7,2812,1,1,1, 2813
16,2819,2,2,1, 2821
17,2819,3,3,1, 2822
1,2826,1,1,1, 2827
24,2829,1,1,0, 2830
23,2828,3,3,1, 2831
6,2830,2,2,1, 2832
7,2832,1,1,1, 2833
1,2846,1,1,0, 2847
24,2849,1,1,0, 2850
7,2852,1,1,1, 2853
15,2861,2,2,1, 2863
1,2866,1,1,0, 2867
24,2869,1,1,1, 2870
7,2872,1,1,0, 2873
27,2872,4,4,1, 2876
8,2876,1,1,1, 2877
9,2877,2,2,1, 2879
26,2877,3,3,1, 2880
17,2879,3,3,1, 2882
24,2889,1,1,0, 2890
6,2890,2,2,1, 2892
7,2892,1,1,1, 2893
8,2896,1,1,0, 2897
24,2909,1,1,1, 2910
7,2912,1,1,0, 2913
8,2916,1,1,0, 2917
24,2929,1,1,1, 2930
7,2932,1,1,1, 2933
8,2936,1,1,0, 2937
31,2936,2,2,1, 2938
29,2938,4,4,1, 2942
24,2949,1,1,0, 2950
8,2956,1,1,0, 2957
24,2969,1,1,0, 2970
8,2976,1,1,0, 2977
1,2986,1,1,1, 2987
24,2989,1,1,1, 2990
8,2996,1,1,0, 2997
9,2997,2,2,1, 2999
16,2999,2,2,1, 3001
17,2999,3,3,1, 3002
1,3006,1,1,1, 3007
7,3012,1,1,1, 3013
25,3015,2,2,1, 3017
8,3016,1,1,1, 3017
1,3026,1,1,0, 3027
7,3032,1,1,0, 3033
8,3036,1,1,1, 3037
31,3036,2,2,1, 3038
16,3039,2,2,1, 3041
1,3046,1,1,0, 3047
6,3050,2,2,1, 3052
7,3052,1,1,1, 3053
8,3056,1,1,1, 3057
31,3056,2,2,1, 3058
16,3059,2,2,1, 3061
14,3059,3,3,1, 3062
1,3066,1,1,0, 3067
25,3075,2,2,1, 3077
8,3076,1,1,0, 3077
1,3086,1,1,1, 3087
25,3095,2,2,1, 3097
8,3096,1,1,1, 3097
1,3106,1,1,0, 3107
27,3112,4,4,1, 3116
25,3115,2,2,1, 3117
8,3116,1,1,1, 3117
9,3117,2,2,1, 3119
26,3117,3,3,1, 3120
24,3129,1,1,0, 3130
8,3136,1,1,1, 3137
24,3149,1,1,0, 3150
8,3156,1,1,0, 3157
15,3161,2,2,1, 3163
24,3169,1,1,0, 3170
8,3176,1,1,0, 3177
24,3189,1,1,0, 3190
8,3196,1,1,1, 3197
24,3209,1,1,0, 3210
8,3216,1,1,1, 3217
1,3226,1,1,1, 3227
3,3227,3,3,1, 3230
24,3229,1,1,1, 3230
7,3232,1,1,1, 3233
27,3232,4,4,1, 3236
25,3235,2,2,1, 3237
8,3236,1,1,0, 3237
31,3236,2,2,1, 3238
9,3237,2,2,1, 3239
26,3237,3,3,1, 3240
28,3234,5,7,1, 3241
16,3239,2,2,1, 3241
1,3246,1,1,1, 3247
24,3249,1,1,1, 3250
6,3250,2,2,1, 3252
7,3252,1,1,0, 3253
8,3256,1,1,0, 3257
31,3256,2,2,1, 3258
1,3266,1,1,0, 3267
24,3269,1,1,0, 3270
7,3272,1,1,1, 3273
8,3276,1,1,1, 3277
1,3286,1,1,1, 3287
24,3289,1,1,0, 3290
7,3292,1,1,1, 3293
8,3296,1,1,0, 3297
1,3306,1,1,0, 3307
24,3309,1,1,0, 3310
7,3312,1,1,1, 3313
8,3316,1,1,1, 3317
31,3316,2,2,1, 3318
1,3326,1,1,0, 3327
24,3329,1,1,0, 3330
6,3330,2,2,1, 3332
7,3332,1,1,1, 3333
8,3336,1,1,0, 3337
1,3346,1,1,0, 3347
24,3349,1,1,1, 3350
23,3348,3,3,1, 3351
6,3350,2,2,1, 3352
7,3352,1,1,1, 3353
3,3347,3,7,1, 3354
5,3347,3,7,1, 3354
25,3355,2,2,1, 3357
8,3356,1,1,1, 3357
30,3353,3,5,1, 3358
9,3357,2,2,1, 3359
14,3359,3,3,1, 3362
24,3369,1,1,1, 3370
24,3389,1,1,1, 3390
24,3409,1,1,1, 3410
22,3426,4,4,1, 3430
24,3429,1,1,1, 3430
6,3430,2,4,1, 3434
8,3436,1,1,0, 3437
14,3439,3,3,1, 3442
15,3441,2,2,1, 3443
22,3446,4,4,1, 3450
24,3449,1,1,1, 3450
6,3450,2,4,1, 3454
8,3456,1,1,0, 3457
30,3453,3,5,1, 3458
14,3459,3,3,1, 3462
1,3466,1,1,0, 3467
24,3469,1,1,0, 3470
6,3470,2,2,1, 3472
7,3472,1,1,0, 3473
8,3476,1,1,1, 3477
30,3473,3,5,1, 3478
26,3477,3,3,1, 3480
1,3486,1,1,0, 3487
24,3489,1,1,0, 3490
6,3490,2,2,1, 3492
7,3492,1,1,1, 3493
1,3506,1,1,1, 3507
24,3509,1,1,1, 3510
6,3510,2,2,1, 3512
7,3512,1,1,0, 3513
1,3526,1,1,0, 3527
24,3529,1,1,0, 3530
6,3530,2,2,1, 3532
7,3532,1,1,0, 3533
1,3546,1,1,1, 3547
24,3549,1,1,1, 3550
6,3550,2,4,1, 3554
8,3556,1,1,0, 3557
9,3557,2,2,1, 3559
17,3559,3,3,1, 3562
15,3561,2,2,1, 3563
1,3566,1,1,1, 3567
24,3569,1,1,0, 3570
8,3576,1,1,1, 3577
9,3577,2,2,1, 3579
14,3579,3,3,1, 3582
17,3579,3,3,1, 3582
15,3581,2,2,1, 3583
2,3583,2,2,1, 3585
1,3586,1,1,1, 3587
22,3586,4,4,1, 3590
24,3589,1,1,0, 3590
5,3587,3,5,1, 3592
27,3592,4,4,1, 3596
8,3596,1,1,1, 3597
31,3596,2,2,1, 3598
9,3597,2,2,1, 3599
26,3597,3,3,1, 3600
17,3599,3,3,1, 3602
15,3601,2,2,1, 3603
24,3609,1,1,0, 3610
24,3629,1,1,0, 3630
31,3636,2,2,1, 3638
24,3649,1,1,0, 3650
23,3648,3,3,1, 3651
7,3652,1,1,0, 3653
1,3666,1,1,0, 3667
22,3666,4,4,1, 3670
7,3672,1,1,0, 3673
25,3675,2,2,1, 3677
8,3676,1,1,0, 3677
16,3679,2,2,1, 3681
17,3679,3,3,1, 3682
1,3686,1,1,1, 3687
23,3688,3,3,1, 3691
7,3692,1,1,0, 3693
25,3695,2,2,1, 3697
8,3696,1,1,0, 3697
9,3697,2,2,1, 3699
16,3699,2,2,1, 3701
1,3706,1,1,1, 3707
22,3706,4,4,1, 3710
23,3708,3,3,1, 3711
5,3707,3,5,1, 3712
7,3712,1,1,0, 3713
25,3715,2,2,1, 3717
8,3716,1,1,1, 3717
9,3717,2,2,1, 3719
16,3719,2,2,1, 3721
14,3719,3,3,1, 3722
6,3730,2,2,1, 3732
7,3732,1,1,0, 3733
6,3750,2,2,1, 3752
7,3752,1,1,0, 3753
24,3769,1,1,1, 3770
6,3770,2,2,1, 3772
7,3772,1,1,0, 3773
31,3776,2,2,1, 3778
15,3781,2,2,1, 3783
24,3789,1,1,0, 3790
7,3792,1,1,1, 3793
25,3795,2,2,1, 3797
8,3796,1,1,1, 3797
31,3796,2,2,1, 3798
9,3797,2,2,1, 3799
14,3799,3,3,1, 3802
24,3809,1,1,1, 3810
7,3812,1,1,1, 3813
25,3815,2,2,1, 3817
8,3816,1,1,1, 3817
15,3821,2,2,1, 3823
1,3826,1,1,0, 3827
24,3829,1,1,0, 3830
7,3832,1,1,0, 3833
8,3836,1,1,1, 3837
26,3837,3,3,1, 3840
1,3846,1,1,1, 3847
7,3852,1,1,1, 3853
1,3866,1,1,1, 3867
6,3870,2,2,1, 3872
7,3872,1,1,1, 3873
1,3886,1,1,0, 3887
6,3890,2,2,1, 3892
7,3892,1,1,1, 3893
1,3906,1,1,1, 3907
7,3912,1,1,0, 3913
31,3916,2,2,1, 3918
1,3926,1,1,0, 3927
7,3932,1,1,1, 3933
2,3943,2,2,1, 3945
1,3946,1,1,0, 3947
3,3947,3,3,1, 3950
24,3949,1,1,0, 3950
7,3952,1,1,1, 3953
25,3955,2,2,1, 3957
8,3956,1,1,0, 3957
31,3956,2,2,1, 3958
1,3966,1,1,0, 3967
24,3969,1,1,1, 3970
6,3970,2,4,1, 3974
8,3976,1,1,1, 3977
1,3986,1,1,1, 3987
24,3989,1,1,0, 3990
8,3996,1,1,0, 3997
1,4006,1,1,1, 4007
24,4009,1,1,1, 4010
8,4016,1,1,0, 4017
13,4019,4,4,1, 4023
15,4021,2,2,1, 4023
1,4026,1,1,1, 4027
24,4029,1,1,1, 4030
7,4032,1,1,0, 4033
8,4036,1,1,0, 4037
29,4038,4,4,1, 4042
1,4046,1,1,0, 4047
24,4049,1,1,0, 4050
7,4052,1,1,1, 4053
8,4056,1,1,0, 4057
15,4061,2,2,1, 4063
1,4066,1,1,0, 4067
24,4069,1,1,1, 4070
23,4068,3,3,1, 4071
7,4072,1,1,1, 4073
8,4076,1,1,1, 4077
17,4079,3,3,1, 4082
15,4081,2,2,1, 4083
1,4086,1,1,0, 4087
24,4089,1,1,0, 4090
23,4088,3,3,1, 4091
7,4092,1,1,1, 4093
15,4101,2,2,1, 4103
1,4106,1,1,0, 4107
24,4109,1,1,1, 4110
23,4108,3,3,1, 4111
7,4112,1,1,1, 4113
1,4126,1,1,1, 4127
24,4129,1,1,1, 4130
7,4132,1,1,0, 4133
31,4136,2,2,1, 4138
14,4139,3,3,1, 4142
1,4146,1,1,0, 4147
24,4149,1,1,1, 4150
31,4156,2,2,1, 4158
1,4166,1,1,0, 4167
24,4169,1,1,1, 4170
2,4183,2,2,1, 4185
1,4186,1,1,1, 4187
24,4189,1,1,1, 4190
8,4196,1,1,0, 4197
26,4197,3,3,1, 4200
16,4199,2,2,1, 4201
17,4199,3,3,1, 4202
15,4201,2,2,1, 4203
22,4206,4,4,1, 4210
6,4210,2,2,1, 4212
7,4212,1,1,1, 4213
8,4216,1,1,0, 4217
16,4219,2,2,1, 4221
7,4232,1,1,1, 4233
8,4236,1,1,1, 4237
16,4239,2,2,1, 4241
14,4239,3,3,1, 4242
7,4252,1,1,1, 4253
8,4256,1,1,0, 4257
24,4269,1,1,0, 4270
8,4276,1,1,1, 4277
16,4279,2,2,1, 4281
24,4289,1,1,0, 4290
8,4296,1,1,1, 4297
1,4306,1,1,0, 4307
24,4309,1,1,1, 4310
8,4316,1,1,0, 4317
15,4321,2,2,1, 4323
2,4323,2,2,1, 4325
1,4326,1,1,1, 4327
22,4326,4,4,1, 4330
3,4327,3,3,1, 4330
23,4328,3,3,1, 4331
7,4332,1,1,1, 4333
31,4336,2,2,1, 4338
9,4337,2,2,1, 4339
15,4341,2,2,1, 4343
1,4346,1,1,1, 4347
22,4346,4,4,1, 4350
6,4350,2,2,1, 4352
7,4352,1,1,0, 4353
17,4359,3,3,1, 4362
1,4366,1,1,1, 4367
22,4366,4,4,1, 4370
3,4367,3,3,1, 4370
23,4368,3,3,1, 4371
6,4370,2,2,1, 4372
7,4372,1,1,0, 4373
30,4373,3,3,1, 4376
1,4386,1,1,1, 4387
1,4406,1,1,0, 4407
1,4426,1,1,0, 4427
24,4429,1,1,1, 4430
8,4436,1,1,1, 4437
26,4437,3,3,1, 4440
16,4439,2,2,1, 4441
17,4439,3,3,1, 4442
15,4441,2,2,1, 4443
24,4449,1,1,0, 4450
8,4456,1,1,1, 4457
24,4469,1,1,1, 4470
8,4476,1,1,1, 4477
15,4481,2,2,1, 4483
24,4489,1,1,1, 4490
7,4492,1,1,0, 4493
6,4490,2,4,1, 4494
8,4496,1,1,0, 4497
31,4496,2,2,1, 4498
28,4494,5,5,1, 4499
9,4497,2,2,1, 4499
29,4498,4,4,1, 4502
2,4503,2,2,1, 4505
1,4506,1,1,1, 4507
24,4509,1,1,0, 4510
7,4512,1,1,0, 4513
2,4523,2,2,1, 4525
1,4526,1,1,1, 4527
24,4529,1,1,0, 4530
7,4532,1,1,0, 4533
1,4546,1,1,1, 4547
24,4549,1,1,0, 4550
7,4552,1,1,1, 4553
1,4566,1,1,0, 4567
24,4569,1,1,1, 4570
7,4572,1,1,0, 4573
8,4576,1,1,1, 4577
1,4586,1,1,0, 4587
24,4589,1,1,0, 4590
7,4592,1,1,1, 4593
8,4596,1,1,0, 4597
16,4599,2,2,1, 4601
17,4599,3,3,1, 4602
1,4606,1,1,1, 4607
5,4607,3,3,1, 4610
24,4609,1,1,0, 4610
23,4608,3,3,1, 4611
6,4610,2,2,1, 4612
7,4612,1,1,0, 4613
8,4616,1,1,1, 4617
31,4616,2,2,1, 4618
28,4614,5,5,1, 4619
11,4614,4,8,1, 4622
14,4619,3,3,1, 4622
17,4619,3,3,1, 4622
1,4626,1,1,1, 4627
24,4629,1,1,1, 4630
8,4636,1,1,0, 4637
1,4646,1,1,1, 4647
24,4649,1,1,1, 4650
8,4656,1,1,1, 4657
31,4656,2,2,1, 4658
1,4666,1,1,0, 4667
24,4669,1,1,0, 4670
25,4675,2,2,1, 4677
8,4676,1,1,1, 4677
31,4676,2,2,1, 4678
17,4679,3,3,1, 4682
15,4681,2,2,1, 4683
22,4686,4,4,1, 4690
24,4689,1,1,0, 4690
7,4692,1,1,1, 4693
30,4693,3,3,1, 4696
8,4696,1,1,0, 4697
15,4701,2,2,1, 4703
5,4707,3,3,1, 4710
6,4710,2,2,1, 4712
7,4712,1,1,1, 4713
30,4713,3,3,1, 4716
8,4716,1,1,1, 4717
31,4716,2,2,1, 4718
7,4732,1,1,1, 4733
30,4733,3,3,1, 4736
8,4736,1,1,1, 4737
11,4734,4,8,1, 4742
14,4739,3,3,1, 4742
1,4846,1,1,1, 4847
24,4849,1,1,0, 4850
7,4852,1,1,0, 4853
30,4853,3,3,1, 4856
8,4856,1,1,0, 4857
27,4852,4,6,1, 4858
29,4858,4,4,1, 4862
17,4859,3,3,1, 4862
1,4866,1,1,0, 4867
24,4869,1,1,0, 4870
25,4875,2,2,1, 4877
8,4876,1,1,0, 4877
1,4886,1,1,0, 4887
24,4889,1,1,1, 4890
8,4896,1,1,1, 4897
2,4903,2,2,1, 4905
1,4906,1,1,0, 4907
24,4909,1,1,1, 4910
25,4915,2,2,1, 4917
8,4916,1,1,1, 4917
9,4917,2,2,1, 4919
24,4929,1,1,0, 4930
7,4932,1,1,0, 4933
8,4936,1,1,0, 4937
31,4936,2,2,1, 4938
9,4937,2,2,1, 4939
22,4946,4,4,1, 4950
24,4949,1,1,1, 4950
7,4952,1,1,0, 4953
30,4953,3,3,1, 4956
8,4956,1,1,1, 4957
2,4963,2,4,1, 4967
18,4963,4,4,1, 4967
22,4966,4,4,1, 4970
24,4969,1,1,1, 4970
6,4970,2,2,1, 4972
7,4972,1,1,1, 4973
30,4973,3,3,1, 4976
8,4976,1,1,1, 4977
31,4976,2,2,1, 4978
28,4974,5,5,1, 4979
9,4977,2,2,1, 4979
26,4977,3,3,1, 4980
16,4979,2,2,1, 4981
29,4978,4,4,1, 4982
14,4979,3,3,1, 4982
17,4979,3,3,1, 4982
24,4989,1,1,1, 4990
8,4996,1,1,0, 4997
24,5009,1,1,0, 5010
8,5016,1,1,1, 5017
16,5019,2,2,1, 5021
1,5026,1,1,1, 5027
24,5029,1,1,1, 5030
8,5036,1,1,0, 5037
1,5046,1,1,0, 5047
7,5052,1,1,1, 5053
31,5056,2,2,1, 5058
1,5066,1,1,0, 5067
7,5072,1,1,1, 5073
31,5076,2,2,1, 5078
1,5086,1,1,0, 5087
6,5090,2,2,1, 5092
7,5092,1,1,0, 5093
27,5092,4,6,1, 5098
29,5098,4,4,1, 5102
1,5106,1,1,1, 5107
25,5115,2,2,1, 5117
8,5116,1,1,1, 5117
1,5126,1,1,1, 5127
25,5135,2,2,1, 5137
8,5136,1,1,0, 5137
16,5139,2,2,1, 5141
1,5146,1,1,0, 5147
25,5155,2,2,1, 5157
8,5156,1,1,0, 5157
16,5159,2,2,1, 5161
1,5166,1,1,0, 5167
22,5166,4,4,1, 5170
23,5168,3,3,1, 5171
7,5172,1,1,1, 5173
8,5176,1,1,0, 5177
1,5186,1,1,1, 5187
22,5186,4,4,1, 5190
7,5192,1,1,0, 5193
31,5196,2,2,1, 5198
15,5201,2,2,1, 5203
2,5203,2,2,1, 5205
1,5206,1,1,0, 5207
22,5206,4,4,1, 5210
24,5209,1,1,1, 5210
6,5210,2,2,1, 5212
7,5212,1,1,1, 5213
30,5213,3,3,1, 5216
26,5217,3,3,1, 5220
29,5218,4,4,1, 5222
17,5219,3,3,1, 5222
24,5229,1,1,0, 5230
24,5249,1,1,0, 5250
24,5269,1,1,1, 5270
24,5289,1,1,1, 5290
24,5309,1,1,0, 5310
24,5329,1,1,0, 5330
8,5336,1,1,1, 5337
24,5349,1,1,1, 5350
8,5356,1,1,0, 5357
31,5356,2,2,1, 5358
29,5358,4,4,1, 5362
22,5366,4,4,1, 5370
24,5369,1,1,1, 5370
8,5376,1,1,1, 5377
31,5376,2,2,1, 5378
9,5377,2,2,1, 5379
1,5386,1,1,0, 5387
22,5386,4,4,1, 5390
24,5389,1,1,0, 5390
7,5392,1,1,1, 5393
30,5393,3,3,1, 5396
8,5396,1,1,1, 5397
9,5397,2,2,1, 5399
29,5398,4,4,1, 5402
1,5406,1,1,1, 5407
24,5409,1,1,1, 5410
7,5412,1,1,1, 5413
8,5416,1,1,1, 5417
16,5419,2,2,1, 5421
1,5426,1,1,0, 5427
24,5429,1,1,0, 5430
6,5430,2,2,1, 5432
7,5432,1,1,0, 5433
25,5435,2,2,1, 5437
8,5436,1,1,1, 5437
16,5439,2,2,1, 5441
1,5446,1,1,0, 5447
24,5449,1,1,1, 5450
6,5450,2,2,1, 5452
7,5452,1,1,1, 5453
8,5456,1,1,0, 5457
16,5459,2,2,1, 5461
1,5466,1,1,1, 5467
7,5472,1,1,0, 5473
8,5476,1,1,0, 5477
1,5486,1,1,0, 5487
6,5490,2,2,1, 5492
7,5492,1,1,0, 5493
25,5495,2,2,1, 5497
8,5496,1,1,0, 5497
1,5506,1,1,0, 5507
6,5510,2,2,1, 5512
7,5512,1,1,0, 5513
30,5513,3,3,1, 5516
8,5516,1,1,0, 5517
28,5514,5,5,1, 5519
26,5517,3,3,1, 5520
14,5519,3,3,1, 5522
13,5519,4,4,1, 5523
1,5526,1,1,1, 5527
7,5532,1,1,1, 5533
8,5536,1,1,1, 5537
31,5536,2,2,1, 5538
1,5546,1,1,1, 5547
7,5552,1,1,1, 5553
8,5556,1,1,1, 5557
31,5556,2,2,1, 5558
1,5566,1,1,0, 5567
7,5572,1,1,0, 5573
8,5576,1,1,1, 5577
31,5576,2,2,1, 5578
17,5579,3,3,1, 5582
1,5586,1,1,0, 5587
1,5606,1,1,0, 5607
1,5626,1,1,1, 5627
24,5629,1,1,0, 5630
1,5646,1,1,0, 5647
24,5649,1,1,0, 5650
16,5659,2,2,1, 5661
1,5666,1,1,0, 5667
24,5669,1,1,1, 5670
1,5686,1,1,1, 5687
24,5689,1,1,0, 5690
7,5692,1,1,0, 5693
8,5696,1,1,1, 5697
31,5696,2,2,1, 5698
16,5699,2,2,1, 5701
14,5699,3,3,1, 5702
1,5706,1,1,1, 5707
22,5706,4,4,1, 5710
24,5709,1,1,0, 5710
7,5712,1,1,0, 5713
8,5716,1,1,0, 5717
9,5717,2,2,1, 5719
29,5718,4,4,1, 5722
17,5719,3,3,1, 5722
1,5726,1,1,0, 5727
24,5729,1,1,1, 5730
7,5732,1,1,0, 5733
8,5736,1,1,0, 5737
9,5737,2,2,1, 5739
1,5746,1,1,1, 5747
24,5749,1,1,0, 5750
7,5752,1,1,0, 5753
25,5755,2,2,1, 5757
8,5756,1,1,1, 5757
26,5757,3,3,1, 5760
1,5766,1,1,1, 5767
24,5769,1,1,1, 5770
8,5776,1,1,0, 5777
1,5786,1,1,1, 5787
24,5789,1,1,0, 5790
8,5796,1,1,0, 5797
1,5806,1,1,0, 5807
24,5809,1,1,1, 5810
8,5816,1,1,1, 5817
16,5819,2,2,1, 5821
1,5826,1,1,0, 5827
24,5829,1,1,1, 5830
25,5835,2,2,1, 5837
8,5836,1,1,1, 5837
1,5846,1,1,1, 5847
24,5849,1,1,1, 5850
25,5855,2,2,1, 5857
8,5856,1,1,0, 5857
17,5859,3,3,1, 5862
2,5863,2,2,1, 5865
1,5866,1,1,1, 5867
24,5869,1,1,1, 5870
23,5868,3,3,1, 5871
5,5867,3,5,1, 5872
7,5872,1,1,1, 5873
6,5870,2,4,1, 5874
25,5875,2,2,1, 5877
8,5876,1,1,1, 5877
30,5873,3,5,1, 5878
16,5879,2,2,1, 5881
17,5879,3,3,1, 5882
24,5889,1,1,1, 5890
7,5892,1,1,0, 5893
31,5896,2,2,1, 5898
24,5909,1,1,0, 5910
7,5912,1,1,0, 5913
30,5913,3,3,1, 5916
31,5916,2,2,1, 5918
24,5929,1,1,1, 5930
7,5932,1,1,0, 5933
1,5946,1,1,0, 5947
24,5949,1,1,1, 5950
7,5952,1,1,1, 5953
9,5957,2,2,1, 5959
1,5966,1,1,0, 5967
24,5969,1,1,1, 5970
7,5972,1,1,1, 5973
9,5977,2,2,1, 5979
1,5986,1,1,0, 5987
24,5989,1,1,0, 5990
6,5990,2,2,1, 5992
7,5992,1,1,1, 5993
8,5996,1,1,1, 5997
9,5997,2,2,1, 5999
17,5999,3,3,1, 6002
1,6006,1,1,0, 6007
8,6016,1,1,1, 6017
16,6019,2,2,1, 6021
1,6026,1,1,1, 6027
8,6036,1,1,0, 6037
16,6039,2,2,1, 6041
17,6039,3,3,1, 6042
2,6043,2,2,1, 6045
1,6046,1,1,1, 6047
8,6056,1,1,1, 6057
16,6059,2,2,1, 6061
8,6076,1,1,0, 6077
16,6079,2,2,1, 6081
8,6096,1,1,0, 6097
16,6099,2,2,1, 6101
23,6108,3,3,1, 6111
22,6106,4,6,1, 6112
7,6112,1,1,1, 6113
8,6116,1,1,1, 6117
31,6116,2,2,1, 6118
9,6117,2,2,1, 6119
29,6118,4,4,1, 6122
1,6126,1,1,1, 6127
24,6129,1,1,0, 6130
7,6132,1,1,1, 6133
25,6135,2,2,1, 6137
1,6146,1,1,0, 6147
24,6149,1,1,0, 6150
7,6152,1,1,1, 6153
25,6155,2,2,1, 6157
1,6166,1,1,0, 6167
24,6169,1,1,1, 6170
7,6172,1,1,0, 6173
26,6177,3,3,1, 6180
24,6189,1,1,1, 6190
7,6192,1,1,0, 6193
24,6209,1,1,1, 6210
7,6212,1,1,1, 6213
22,6226,4,4,1, 6230
24,6229,1,1,0, 6230
23,6228,3,3,1, 6231
7,6232,1,1,0, 6233
8,6236,1,1,1, 6237
29,6238,4,4,1, 6242
14,6239,3,3,1, 6242
24,6249,1,1,1, 6250
8,6256,1,1,1, 6257
16,6259,2,2,1, 6261
24,6269,1,1,1, 6270
8,6276,1,1,1, 6277
16,6279,2,2,1, 6281
1,6286,1,1,1, 6287
24,6289,1,1,1, 6290
8,6296,1,1,1, 6297
26,6297,3,3,1, 6300
16,6299,2,2,1, 6301
17,6299,3,3,1, 6302
15,6301,2,2,1, 6303
1,6306,1,1,0, 6307
5,6307,3,3,1, 6310
6,6310,2,2,1, 6312
7,6312,1,1,0, 6313
8,6316,1,1,0, 6317
9,6317,2,2,1, 6319
14,6319,3,3,1, 6322
1,6326,1,1,1, 6327
7,6332,1,1,0, 6333
8,6336,1,1,0, 6337
15,6341,2,2,1, 6343
1,6346,1,1,0, 6347
7,6352,1,1,0, 6353
8,6356,1,1,1, 6357
31,6356,2,2,1, 6358
14,6359,3,3,1, 6362
24,6369,1,1,0, 6370
8,6376,1,1,1, 6377
9,6377,2,2,1, 6379
16,6379,2,2,1, 6381
24,6389,1,1,1, 6390
8,6396,1,1,0, 6397
24,6409,1,1,0, 6410
25,6415,2,2,1, 6417
8,6416,1,1,1, 6417
9,6417,2,2,1, 6419
16,6419,2,2,1, 6421
2,6423,2,2,1, 6425
1,6426,1,1,0, 6427
7,6432,1,1,0, 6433
8,6436,1,1,0, 6437
31,6436,2,2,1, 6438
14,6439,3,3,1, 6442
15,6441,2,2,1, 6443
1,6446,1,1,1, 6447
7,6452,1,1,1, 6453
8,6456,1,1,1, 6457
16,6459,2,2,1, 6461
1,6466,1,1,1, 6467
7,6472,1,1,0, 6473
8,6476,1,1,0, 6477
31,6476,2,2,1, 6478
14,6479,3,3,1, 6482
2,6483,2,2,1, 6485
1,6486,1,1,1, 6487
8,6496,1,1,1, 6497
8,6516,1,1,1, 6517
16,6519,2,2,1, 6521
24,6529,1,1,1, 6530
8,6536,1,1,1, 6537
9,6537,2,2,1, 6539
16,6539,2,2,1, 6541
1,6546,1,1,0, 6547
24,6549,1,1,1, 6550
9,6557,2,2,1, 6559
1,6566,1,1,0, 6567
24,6569,1,1,1, 6570
1,6586,1,1,1, 6587
24,6589,1,1,0, 6590
1,6606,1,1,0, 6607
24,6609,1,1,1, 6610
1,6626,1,1,0, 6627
24,6629,1,1,0, 6630
9,6637,2,2,1, 6639
1,6646,1,1,0, 6647
24,6649,1,1,1, 6650
23,6648,3,3,1, 6651
7,6652,1,1,0, 6653
8,6656,1,1,0, 6657
31,6656,2,2,1, 6658
26,6657,3,3,1, 6660
16,6659,2,2,1, 6661
29,6658,4,4,1, 6662
24,6669,1,1,1, 6670
24,6689,1,1,0, 6690
24,6709,1,1,1, 6710
25,6715,2,2,1, 6717
24,6729,1,1,0, 6730
24,6749,1,1,0, 6750
1,6766,1,1,1, 6767
24,6769,1,1,1, 6770
23,6768,3,3,1, 6771
7,6772,1,1,1, 6773
8,6776,1,1,0, 6777
31,6776,2,2,1, 6778
9,6777,2,2,1, 6779
29,6778,4,4,1, 6782
7,6792,1,1,1, 6793
8,6796,1,1,1, 6797
7,6812,1,1,1, 6813
8,6816,1,1,1, 6817
7,6832,1,1,0, 6833
8,6836,1,1,1, 6837
7,6852,1,1,1, 6853
8,6856,1,1,0, 6857
7,6872,1,1,1, 6873
8,6876,1,1,0, 6877
1,6886,1,1,0, 6887
22,6886,4,4,1, 6890
5,6887,3,3,1, 6890
24,6889,1,1,0, 6890
23,6888,3,3,1, 6891
6,6890,2,2,1, 6892
7,6892,1,1,1, 6893
30,6893,3,3,1, 6896
25,6895,2,2,1, 6897
8,6896,1,1,0, 6897
31,6896,2,2,1, 6898
9,6897,2,2,1, 6899
17,6899,3,3,1, 6902
24,6909,1,1,0, 6910
31,6916,2,2,1, 6918
24,6929,1,1,1, 6930
24,6949,1,1,1, 6950
2,6963,2,2,1, 6965
1,6966,1,1,1, 6967
24,6969,1,1,1, 6970
31,6976,2,2,1, 6978
1,6986,1,1,1, 6987
24,6989,1,1,0, 6990
25,6995,2,2,1, 6997
2,7003,2,2,1, 7005
1,7006,1,1,1, 7007
24,7009,1,1,0, 7010
7,7012,1,1,0, 7013
30,7013,3,3,1, 7016
8,7016,1,1,0, 7017
31,7016,2,2,1, 7018
16,7019,2,2,1, 7021
29,7018,4,4,1, 7022
17,7019,3,3,1, 7022
5,7027,3,3,1, 7030
7,7032,1,1,1, 7033
8,7036,1,1,1, 7037
7,7052,1,1,0, 7053
8,7056,1,1,1, 7057
6,7070,2,2,1, 7072
7,7072,1,1,0, 7073
8,7076,1,1,1, 7077
7,7092,1,1,0, 7093
8,7096,1,1,1, 7097
7,7112,1,1,1, 7113
8,7116,1,1,1, 7117
1,7126,1,1,1, 7127
23,7128,3,3,1, 7131
7,7132,1,1,0, 7133
8,7136,1,1,0, 7137
31,7136,2,2,1, 7138
29,7138,4,4,1, 7142
17,7139,3,3,1, 7142
2,7143,2,2,1, 7145
1,7146,1,1,0, 7147
24,7149,1,1,0, 7150
25,7155,2,2,1, 7157
24,7169,1,1,1, 7170
24,7189,1,1,1, 7190
25,7195,2,2,1, 7197
24,7209,1,1,1, 7210
24,7229,1,1,1, 7230
25,7235,2,2,1, 7237
5,7247,3,3,1, 7250
24,7249,1,1,1, 7250
23,7248,3,3,1, 7251
6,7250,2,2,1, 7252
7,7252,1,1,0, 7253
30,7253,3,3,1, 7256
8,7256,1,1,1, 7257
16,7259,2,2,1, 7261
29,7258,4,4,1, 7262
14,7259,3,3,1, 7262
13,7259,4,4,1, 7263
1,7266,1,1,0, 7267
7,7272,1,1,1, 7273
8,7276,1,1,1, 7277
16,7279,2,2,1, 7281
1,7286,1,1,0, 7287
7,7292,1,1,1, 7293
8,7296,1,1,0, 7297
1,7306,1,1,0, 7307
7,7312,1,1,1, 7313
8,7316,1,1,0, 7317
16,7319,2,2,1, 7321
1,7326,1,1,0, 7327
24,7329,1,1,0, 7330
7,7332,1,1,0, 7333
25,7335,2,2,1, 7337
1,7346,1,1,0, 7347
24,7349,1,1,0, 7350
7,7352,1,1,1, 7353
16,7359,2,2,1, 7361
2,7363,2,2,1, 7365
1,7366,1,1,0, 7367
22,7366,4,4,1, 7370
24,7369,1,1,0, 7370
6,7370,2,2,1, 7372
7,7372,1,1,1, 7373
26,7377,3,3,1, 7380
16,7379,2,2,1, 7381
1,7486,1,1,0, 7487
5,7487,3,3,1, 7490
24,7489,1,1,0, 7490
6,7490,2,2,1, 7492
7,7492,1,1,1, 7493
30,7493,3,3,1, 7496
25,7495,2,2,1, 7497
8,7496,1,1,0, 7497
31,7496,2,2,1, 7498
26,7497,3,3,1, 7500
16,7499,2,2,1, 7501
15,7501,2,2,1, 7503
1,7506,1,1,0, 7507
24,7509,1,1,0, 7510
8,7516,1,1,1, 7517
9,7517,2,2,1, 7519
26,7517,3,3,1, 7520
1,7526,1,1,0, 7527
24,7529,1,1,1, 7530
8,7536,1,1,0, 7537
9,7537,2,2,1, 7539
26,7537,3,3,1, 7540
1,7546,1,1,0, 7547
24,7549,1,1,1, 7550
8,7556,1,1,0, 7557
24,7569,1,1,0, 7570
8,7576,1,1,0, 7577
24,7589,1,1,1, 7590
8,7596,1,1,1, 7597
22,7606,4,4,1, 7610
24,7609,1,1,0, 7610
23,7608,3,3,1, 7611
7,7612,1,1,1, 7613
8,7616,1,1,1, 7617
16,7619,2,2,1, 7621
7,7632,1,1,1, 7633
8,7636,1,1,0, 7637
7,7652,1,1,1, 7653
8,7656,1,1,1, 7657
1,7666,1,1,0, 7667
7,7672,1,1,0, 7673
8,7676,1,1,1, 7677
26,7677,3,3,1, 7680
1,7686,1,1,1, 7687
24,7689,1,1,1, 7690
7,7692,1,1,0, 7693
8,7696,1,1,1, 7697
9,7697,2,2,1, 7699
26,7697,3,3,1, 7700
1,7706,1,1,1, 7707
24,7709,1,1,0, 7710
7,7712,1,1,0, 7713
8,7716,1,1,0, 7717
26,7717,3,3,1, 7720
16,7719,2,2,1, 7721
1,7726,1,1,1, 7727
5,7727,3,3,1, 7730
24,7729,1,1,1, 7730
6,7730,2,2,1, 7732
7,7732,1,1,0, 7733
8,7736,1,1,0, 7737
9,7737,2,2,1, 7739
16,7739,2,2,1, 7741
29,7738,4,4,1, 7742
8,7816,1,1,1, 7817
25,7815,2,4,1, 7819
8,7836,1,1,1, 7837
1,7846,1,1,0, 7847
7,7852,1,1,1, 7853
8,7856,1,1,0, 7857
30,7853,3,5,1, 7858
16,7859,2,2,1, 7861
15,7861,2,2,1, 7863
1,7866,1,1,0, 7867
7,7872,1,1,1, 7873
8,7876,1,1,1, 7877
16,7879,2,2,1, 7881
2,7883,2,2,1, 7885
1,7886,1,1,1, 7887
22,7886,4,4,1, 7890
7,7892,1,1,1, 7893
8,7896,1,1,1, 7897
16,7899,2,2,1, 7901
14,7899,3,3,1, 7902
1,7906,1,1,1, 7907
22,7906,4,4,1, 7910
24,7909,1,1,1, 7910
6,7910,2,2,1, 7912
7,7912,1,1,0, 7913
31,7916,2,2,1, 7918
14,7919,3,3,1, 7922
1,7926,1,1,0, 7927
24,7929,1,1,1, 7930
7,7932,1,1,1, 7933
26,7937,3,3,1, 7940
14,7939,3,3,1, 7942
13,7939,4,4,1, 7943
2,7943,2,2,1, 7945
1,7946,1,1,0, 7947
24,7949,1,1,1, 7950
7,7952,1,1,0, 7953
26,7957,3,3,1, 7960
14,7959,3,3,1, 7962
15,7961,2,2,1, 7963
2,7963,2,2,1, 7965
1,7966,1,1,1, 7967
24,7969,1,1,1, 7970
7,7972,1,1,1, 7973
25,7975,2,2,1, 7977
31,7976,2,2,1, 7978
9,7977,2,2,1, 7979
24,7989,1,1,1, 7990
24,8009,1,1,0, 8010
24,8029,1,1,1, 8030
24,8049,1,1,0, 8050
24,8069,1,1,1, 8070
1,8086,1,1,0, 8087
24,8089,1,1,1, 8090
23,8088,3,3,1, 8091
6,8090,2,4,1, 8094
25,8095,2,2,1, 8097
8,8096,1,1,1, 8097
31,8096,2,2,1, 8098
16,8099,2,2,1, 8101
14,8099,3,3,1, 8102
17,8099,3,3,1, 8102
24,8109,1,1,0, 8110
7,8112,1,1,0, 8113
8,8116,1,1,1, 8117
24,8129,1,1,0, 8130
7,8132,1,1,0, 8133
8,8136,1,1,0, 8137
24,8149,1,1,1, 8150
7,8152,1,1,1, 8153
8,8156,1,1,0, 8157
24,8169,1,1,1, 8170
7,8172,1,1,0, 8173
8,8176,1,1,0, 8177
24,8189,1,1,0, 8190
7,8192,1,1,0, 8193
8,8196,1,1,1, 8197
1,8206,1,1,0, 8207
24,8209,1,1,1, 8210
7,8212,1,1,1, 8213
8,8216,1,1,0, 8217
30,8213,3,5,1, 8218
16,8219,2,2,1, 8221
1,8226,1,1,0, 8227
7,8232,1,1,0, 8233
8,8236,1,1,0, 8237
1,8246,1,1,1, 8247
7,8252,1,1,0, 8253
8,8256,1,1,0, 8257
1,8266,1,1,1, 8267
7,8272,1,1,1, 8273
8,8276,1,1,0, 8277
1,8286,1,1,0, 8287
7,8292,1,1,0, 8293
8,8296,1,1,1, 8297
1,8306,1,1,0, 8307
7,8312,1,1,1, 8313
25,8315,2,2,1, 8317
8,8316,1,1,1, 8317
1,8326,1,1,0, 8327
5,8327,3,3,1, 8330
24,8329,1,1,0, 8330
23,8328,3,3,1, 8331
7,8332,1,1,1, 8333
30,8333,3,3,1, 8336
8,8336,1,1,0, 8337
31,8336,2,2,1, 8338
17,8339,3,3,1, 8342
7,8352,1,1,0, 8353
7,8372,1,1,1, 8373
7,8392,1,1,1, 8393
1,8406,1,1,0, 8407
7,8412,1,1,0, 8413
25,8415,2,2,1, 8417
9,8417,2,2,1, 8419
1,8426,1,1,0, 8427
7,8432,1,1,1, 8433
25,8435,2,2,1, 8437
17,8439,3,3,1, 8442
1,8446,1,1,0, 8447
24,8449,1,1,0, 8450
7,8452,1,1,1, 8453
30,8453,3,3,1, 8456
25,8455,2,2,1, 8457
8,8456,1,1,0, 8457
9,8457,2,2,1, 8459
17,8459,3,3,1, 8462
24,8469,1,1,0, 8470
8,8476,1,1,0, 8477
16,8479,2,2,1, 8481
24,8489,1,1,0, 8490
8,8496,1,1,0, 8497
16,8499,2,2,1, 8501
24,8509,1,1,1, 8510
8,8516,1,1,1, 8517
2,8523,2,2,1, 8525
1,8526,1,1,0, 8527
24,8529,1,1,0, 8530
8,8536,1,1,1, 8537
1,8546,1,1,0, 8547
24,8549,1,1,1, 8550
8,8556,1,1,0, 8557
2,8563,2,2,1, 8565
1,8566,1,1,0, 8567
24,8569,1,1,0, 8570
7,8572,1,1,0, 8573
8,8576,1,1,1, 8577
7,8592,1,1,1, 8593
7,8612,1,1,0, 8613
7,8632,1,1,0, 8633
7,8652,1,1,1, 8653
7,8672,1,1,0, 8673
1,8686,1,1,0, 8687
24,8689,1,1,0, 8690
7,8692,1,1,0, 8693
8,8696,1,1,1, 8697
31,8696,2,2,1, 8698
29,8698,4,4,1, 8702
1,8706,1,1,0, 8707
24,8709,1,1,0, 8710
8,8716,1,1,0, 8717
1,8726,1,1,1, 8727
24,8729,1,1,1, 8730
8,8736,1,1,0, 8737
1,8746,1,1,1, 8747
24,8749,1,1,0, 8750
8,8756,1,1,0, 8757
1,8766,1,1,1, 8767
5,8767,3,3,1, 8770
24,8769,1,1,0, 8770
6,8770,2,2,1, 8772
8,8776,1,1,1, 8777
31,8776,2,2,1, 8778
1,8786,1,1,1, 8787
24,8789,1,1,1, 8790
8,8796,1,1,0, 8797
31,8796,2,2,1, 8798
15,8801,2,2,1, 8803
2,8803,2,2,1, 8805
1,8806,1,1,0, 8807
24,8809,1,1,0, 8810
25,8815,2,2,1, 8817
8,8816,1,1,1, 8817
31,8816,2,2,1, 8818
16,8819,2,2,1, 8821
14,8819,3,3,1, 8822
17,8819,3,3,1, 8822
24,8829,1,1,1, 8830
8,8836,1,1,0, 8837
16,8839,2,2,1, 8841
24,8849,1,1,0, 8850
8,8856,1,1,0, 8857
24,8869,1,1,0, 8870
8,8876,1,1,0, 8877
16,8879,2,2,1, 8881
1,8886,1,1,0, 8887
7,8892,1,1,1, 8893
8,8896,1,1,0, 8897
16,8899,2,2,1, 8901
1,8906,1,1,0, 8907
7,8912,1,1,0, 8913
8,8916,1,1,1, 8917
9,8917,2,2,1, 8919
2,8923,2,2,1, 8925
1,8926,1,1,1, 8927
7,8932,1,1,0, 8933
8,8936,1,1,0, 8937
14,8939,3,5,1, 8944
6,8950,2,2,1, 8952
7,8952,1,1,1, 8953
31,8956,2,2,1, 8958
7,8972,1,1,0, 8973
7,8992,1,1,0, 8993
7,9012,1,1,0, 9013
7,9032,1,1,1, 9033
24,9049,1,1,0, 9050
7,9052,1,1,0, 9053
25,9055,2,2,1, 9057
8,9056,1,1,1, 9057
24,9069,1,1,0, 9070
7,9072,1,1,0, 9073
8,9076,1,1,1, 9077
26,9077,3,3,1, 9080
24,9089,1,1,1, 9090
7,9092,1,1,0, 9093
8,9096,1,1,1, 9097
16,9099,2,2,1, 9101
24,9109,1,1,1, 9110
6,9110,2,2,1, 9112
7,9112,1,1,1, 9113
8,9116,1,1,0, 9117
14,9119,3,3,1, 9122
24,9129,1,1,0, 9130
25,9135,2,2,1, 9137
8,9136,1,1,0, 9137
24,9149,1,1,1, 9150
8,9156,1,1,0, 9157
1,9166,1,1,1, 9167
24,9169,1,1,1, 9170
25,9175,2,2,1, 9177
8,9176,1,1,0, 9177
31,9176,2,2,1, 9178
9,9177,2,2,1, 9179
1,9186,1,1,0, 9187
8,9196,1,1,0, 9197
9,9197,2,2,1, 9199
16,9199,2,2,1, 9201
17,9199,3,3,1, 9202
1,9206,1,1,0, 9207
8,9216,1,1,1, 9217
9,9217,2,2,1, 9219
17,9219,3,3,1, 9222
1,9226,1,1,1, 9227
6,9230,2,2,1, 9232
7,9232,1,1,0, 9233
8,9236,1,1,0, 9237
9,9237,2,2,1, 9239
14,9239,3,3,1, 9242
1,9246,1,1,1, 9247
7,9252,1,1,0, 9253
1,9266,1,1,1, 9267
7,9272,1,1,0, 9273
1,9286,1,1,0, 9287
24,9289,1,1,1, 9290
7,9292,1,1,1, 9293
15,9301,2,2,1, 9303
2,9303,2,2,1, 9305
1,9306,1,1,0, 9307
24,9309,1,1,0, 9310
7,9312,1,1,0, 9313
2,9323,2,2,1, 9325
1,9326,1,1,1, 9327
24,9329,1,1,1, 9330
23,9328,3,3,1, 9331
7,9332,1,1,1, 9333
31,9336,2,2,1, 9338
15,9341,2,2,1, 9343
2,9343,2,2,1, 9345
1,9346,1,1,0, 9347
5,9347,3,3,1, 9350
24,9349,1,1,0, 9350
23,9348,3,3,1, 9351
6,9350,2,2,1, 9352
7,9352,1,1,0, 9353
8,9356,1,1,0, 9357
9,9357,2,2,1, 9359
14,9359,3,3,1, 9362
24,9369,1,1,1, 9370
8,9376,1,1,1, 9377
24,9389,1,1,1, 9390
8,9396,1,1,1, 9397
17,9399,3,3,1, 9402
24,9409,1,1,0, 9410
8,9416,1,1,1, 9417
17,9419,3,3,1, 9422
24,9429,1,1,1, 9430
8,9436,1,1,0, 9437
24,9449,1,1,0, 9450
8,9456,1,1,1, 9457
1,9466,1,1,1, 9467
22,9466,4,4,1, 9470
24,9469,1,1,1, 9470
8,9476,1,1,0, 9477
30,9473,3,5,1, 9478
31,9476,2,2,1, 9478
13,9479,4,4,1, 9483
15,9481,2,2,1, 9483
2,9483,2,2,1, 9485
1,9486,1,1,1, 9487
24,9489,1,1,0, 9490
7,9492,1,1,0, 9493
25,9495,2,2,1, 9497
31,9496,2,2,1, 9498
16,9499,2,2,1, 9501
1,9506,1,1,0, 9507
24,9509,1,1,1, 9510
6,9510,2,2,1, 9512
7,9512,1,1,0, 9513
25,9515,2,2,1, 9517
31,9516,2,2,1, 9518
26,9517,3,3,1, 9520
1,9526,1,1,0, 9527
24,9529,1,1,1, 9530
6,9530,2,2,1, 9532
7,9532,1,1,1, 9533
25,9535,2,2,1, 9537
31,9536,2,2,1, 9538
15,9541,2,2,1, 9543
5,9547,3,3,1, 9550
6,9550,2,2,1, 9552
7,9552,1,1,0, 9553
31,9556,2,2,1, 9558
15,9561,2,2,1, 9563
7,9572,1,1,0, 9573
31,9576,2,2,1, 9578
23,9588,3,3,1, 9591
7,9592,1,1,1, 9593
30,9593,3,3,1, 9596
31,9596,2,2,1, 9598
14,9599,3,3,1, 9602
1,9646,1,1,1, 9647
24,9649,1,1,1, 9650
25,9655,2,2,1, 9657
8,9656,1,1,1, 9657
26,9657,3,3,1, 9660
17,9659,3,3,1, 9662
15,9661,2,2,1, 9663
24,9669,1,1,0, 9670
7,9672,1,1,1, 9673
8,9676,1,1,1, 9677
31,9676,2,2,1, 9678
24,9689,1,1,0, 9690
7,9692,1,1,0, 9693
8,9696,1,1,1, 9697
31,9696,2,2,1, 9698
15,9701,2,2,1, 9703
24,9709,1,1,0, 9710
23,9708,3,3,1, 9711
6,9710,2,2,1, 9712
7,9712,1,1,0, 9713
8,9716,1,1,0, 9717
14,9719,3,3,1, 9722
2,9723,2,2,1, 9725
1,9726,1,1,0, 9727
24,9729,1,1,1, 9730
25,9735,2,2,1, 9737
8,9736,1,1,1, 9737
17,9739,3,3,1, 9742
1,9746,1,1,0, 9747
24,9749,1,1,0, 9750
8,9756,1,1,0, 9757
17,9759,3,3,1, 9762
1,9766,1,1,0, 9767
24,9769,1,1,1, 9770
25,9775,2,2,1, 9777
8,9776,1,1,0, 9777
26,9777,3,3,1, 9780
16,9779,2,2,1, 9781
24,9789,1,1,1, 9790
8,9796,1,1,1, 9797
31,9796,2,2,1, 9798
24,9809,1,1,0, 9810
23,9808,3,3,1, 9811
8,9816,1,1,1, 9817
24,9829,1,1,1, 9830
23,9828,3,3,1, 9831
7,9832,1,1,1, 9833
8,9836,1,1,1, 9837
31,9836,2,2,1, 9838
9,9837,2,2,1, 9839
17,9839,3,3,1, 9842
1,9846,1,1,1, 9847
6,9850,2,2,1, 9852
7,9852,1,1,1, 9853
8,9856,1,1,1, 9857
2,9863,2,2,1, 9865
1,9866,1,1,1, 9867
7,9872,1,1,0, 9873
8,9876,1,1,0, 9877
15,9881,2,2,1, 9883
1,9886,1,1,0, 9887
6,9890,2,2,1, 9892
7,9892,1,1,1, 9893
25,9895,2,2,1, 9897
8,9896,1,1,0, 9897
16,9899,2,2,1, 9901
15,9901,2,2,1, 9903
6,9910,2,2,1, 9912
7,9912,1,1,1, 9913
15,9921,2,2,1, 9923
7,9932,1,1,0, 9933
5,9947,3,3,1, 9950
24,9949,1,1,1, 9950
6,9950,2,2,1, 9952
7,9952,1,1,0, 9953
14,9959,3,3,1, 9962
24,9969,1,1,0, 9970
25,9975,2,2,1, 9977
24,9989,1,1,0, 9990
31,9996,2,2,1, 9998
1,10006,1,1,1, 10007
24,10009,1,1,0, 10010
25,10015,2,2,1, 10017
8,10016,1,1,0, 10017
31,10016,2,2,1, 10018
9,10017,2,2,1, 10019
2,10023,2,2,1, 10025
1,10026,1,1,0, 10027
24,10029,1,1,1, 10030
7,10032,1,1,0, 10033
8,10036,1,1,0, 10037
1,10046,1,1,0, 10047
24,10049,1,1,1, 10050
7,10052,1,1,1, 10053
8,10056,1,1,1, 10057
1,10066,1,1,0, 10067
24,10069,1,1,0, 10070
23,10068,3,3,1, 10071
7,10072,1,1,0, 10073
30,10073,3,3,1, 10076
8,10076,1,1,1, 10077
31,10076,2,2,1, 10078
14,10079,3,3,1, 10082
2,10083,2,2,1, 10085
1,10086,1,1,0, 10087
24,10089,1,1,1, 10090
6,10090,2,2,1, 10092
7,10092,1,1,1, 10093
8,10096,1,1,0, 10097
1,10106,1,1,1, 10107
5,10107,3,3,1, 10110
24,10109,1,1,1, 10110
7,10112,1,1,1, 10113
8,10116,1,1,0, 10117
1,10126,1,1,1, 10127
24,10129,1,1,1, 10130
6,10130,2,2,1, 10132
7,10132,1,1,1, 10133
8,10136,1,1,0, 10137
16,10139,2,2,1, 10141
17,10139,3,3,1, 10142
7,10152,1,1,1, 10153
8,10156,1,1,1, 10157
9,10157,2,2,1, 10159
16,10159,2,2,1, 10161
7,10172,1,1,1, 10173
8,10176,1,1,1, 10177
23,10188,3,3,1, 10191
7,10192,1,1,1, 10193
8,10196,1,1,1, 10197
30,10193,3,5,1, 10198
16,10199,2,2,1, 10201
14,10199,3,3,1, 10202
1,10246,1,1,0, 10247
25,10255,2,2,1, 10257
9,10257,2,2,1, 10259
1,10266,1,1,1, 10267
24,10269,1,1,0, 10270
31,10276,2,2,1, 10278
1,10286,1,1,0, 10287
24,10289,1,1,1, 10290
16,10299,2,2,1, 10301
1,10306,1,1,1, 10307
24,10309,1,1,1, 10310
8,10316,1,1,1, 10317
31,10316,2,2,1, 10318
16,10319,2,2,1, 10321
15,10321,2,2,1, 10323
2,10323,2,2,1, 10325
1,10326,1,1,1, 10327
8,10336,1,1,1, 10337
9,10337,2,2,1, 10339
31,10336,2,4,1, 10340
17,10339,3,3,1, 10342
15,10341,2,2,1, 10343
1,10346,1,1,0, 10347
23,10348,3,3,1, 10351
8,10356,1,1,1, 10357
17,10359,3,3,1, 10362
15,10361,2,2,1, 10363
2,10363,2,2,1, 10365
1,10366,1,1,1, 10367
6,10370,2,2,1, 10372
7,10372,1,1,0, 10373
8,10376,1,1,1, 10377
30,10373,3,5,1, 10378
9,10377,2,2,1, 10379
31,10376,2,4,1, 10380
17,10379,3,3,1, 10382
24,10389,1,1,1, 10390
7,10392,1,1,1, 10393
8,10396,1,1,0, 10397
24,10409,1,1,1, 10410
7,10412,1,1,1, 10413
8,10416,1,1,1, 10417
24,10429,1,1,0, 10430
7,10432,1,1,1, 10433
8,10436,1,1,0, 10437
1,10446,1,1,1, 10447
24,10449,1,1,1, 10450
7,10452,1,1,0, 10453
8,10456,1,1,1, 10457
17,10459,3,3,1, 10462
2,10463,2,2,1, 10465
1,10466,1,1,1, 10467
24,10469,1,1,0, 10470
7,10472,1,1,1, 10473
25,10475,2,2,1, 10477
8,10476,1,1,0, 10477
2,10483,2,2,1, 10485
1,10486,1,1,1, 10487
24,10489,1,1,1, 10490
23,10488,3,3,1, 10491
7,10492,1,1,1, 10493
25,10495,2,2,1, 10497
8,10496,1,1,0, 10497
31,10496,2,2,1, 10498
17,10499,3,3,1, 10502
13,10499,4,4,1, 10503
7,10512,1,1,0, 10513
8,10516,1,1,0, 10517
31,10516,2,2,1, 10518
16,10519,2,2,1, 10521
7,10532,1,1,1, 10533
8,10536,1,1,1, 10537
31,10536,2,2,1, 10538
9,10537,2,2,1, 10539
16,10539,2,2,1, 10541
7,10552,1,1,1, 10553
8,10556,1,1,0, 10557
16,10559,2,2,1, 10561
1,10566,1,1,1, 10567
7,10572,1,1,1, 10573
8,10576,1,1,0, 10577
31,10576,2,2,1, 10578
16,10579,2,2,1, 10581
2,10583,2,2,1, 10585
1,10586,1,1,0, 10587
7,10592,1,1,1, 10593
8,10596,1,1,0, 10597
31,10596,2,2,1, 10598
2,10603,2,2,1, 10605
1,10606,1,1,0, 10607
22,10606,4,4,1, 10610
24,10609,1,1,1, 10610
23,10608,3,3,1, 10611
7,10612,1,1,1, 10613
8,10616,1,1,0, 10617
31,10616,2,2,1, 10618
24,10629,1,1,1, 10630
16,10639,2,2,1, 10641
24,10649,1,1,0, 10650
24,10669,1,1,1, 10670
24,10689,1,1,0, 10690
24,10709,1,1,0, 10710
1,10726,1,1,0, 10727
24,10729,1,1,0, 10730
7,10732,1,1,1, 10733
6,10730,2,4,1, 10734
8,10736,1,1,0, 10737
31,10736,2,2,1, 10738
1,10746,1,1,1, 10747
7,10752,1,1,0, 10753
8,10756,1,1,0, 10757
9,10757,2,2,1, 10759
16,10759,2,2,1, 10761
1,10766,1,1,0, 10767
23,10768,3,3,1, 10771
7,10772,1,1,0, 10773
8,10776,1,1,0, 10777
31,10776,2,2,1, 10778
9,10777,2,2,1, 10779
1,10786,1,1,1, 10787
7,10792,1,1,0, 10793
30,10793,3,3,1, 10796
8,10796,1,1,0, 10797
9,10797,2,2,1, 10799
17,10799,3,3,1, 10802
1,10806,1,1,1, 10807
7,10812,1,1,0, 10813
8,10816,1,1,0, 10817
16,10819,2,2,1, 10821
15,10821,2,2,1, 10823
1,10826,1,1,1, 10827
7,10832,1,1,0, 10833
8,10836,1,1,0, 10837
16,10839,2,2,1, 10841
1,10846,1,1,1, 10847
24,10849,1,1,1, 10850
7,10852,1,1,0, 10853
25,10855,2,2,1, 10857
8,10856,1,1,0, 10857
16,10859,2,2,1, 10861
24,10869,1,1,0, 10870
7,10872,1,1,0, 10873
8,10876,1,1,1, 10877
15,10881,2,2,1, 10883
24,10889,1,1,0, 10890
7,10892,1,1,1, 10893
8,10896,1,1,0, 10897
24,10909,1,1,1, 10910
7,10912,1,1,0, 10913
25,10915,2,2,1, 10917
8,10916,1,1,0, 10917
26,10917,3,3,1, 10920
14,10919,3,3,1, 10922
13,10919,4,4,1, 10923
24,10929,1,1,1, 10930
7,10932,1,1,1, 10933
8,10936,1,1,0, 10937
9,10937,2,2,1, 10939
24,10949,1,1,1, 10950
7,10952,1,1,0, 10953
8,10956,1,1,0, 10957
9,10957,2,2,1, 10959
24,10969,1,1,1, 10970
7,10972,1,1,1, 10973
8,10976,1,1,1, 10977
2,10983,2,2,1, 10985
1,10986,1,1,1, 10987
24,10989,1,1,0, 10990
30,10993,3,3,1, 10996
8,10996,1,1,0, 10997
31,10996,2,2,1, 10998
1,11006,1,1,1, 11007
8,11016,1,1,1, 11017
9,11017,2,2,1, 11019
1,11026,1,1,1, 11027
8,11036,1,1,1, 11037
9,11037,2,2,1, 11039
16,11039,2,2,1, 11041
8,11056,1,1,1, 11057
16,11059,2,2,1, 11061
8,11076,1,1,1, 11077
16,11079,2,2,1, 11081
5,11087,3,3,1, 11090
6,11090,2,2,1, 11092
7,11092,1,1,1, 11093
8,11096,1,1,0, 11097
14,11099,3,3,1, 11102
15,11101,2,2,1, 11103
2,11103,2,2,1, 11105
1,11106,1,1,0, 11107
24,11109,1,1,1, 11110
7,11112,1,1,1, 11113
9,11117,2,2,1, 11119
2,11123,2,2,1, 11125
1,11126,1,1,1, 11127
24,11129,1,1,1, 11130
7,11132,1,1,1, 11133
25,11135,2,2,1, 11137
9,11137,2,2,1, 11139
15,11141,2,2,1, 11143
1,11146,1,1,0, 11147
24,11149,1,1,1, 11150
7,11152,1,1,1, 11153
9,11157,2,2,1, 11159
15,11161,2,2,1, 11163
24,11169,1,1,0, 11170
7,11172,1,1,0, 11173
15,11181,2,2,1, 11183
24,11189,1,1,0, 11190
7,11192,1,1,0, 11193
16,11199,2,2,1, 11201
22,11206,4,4,1, 11210
5,11207,3,3,1, 11210
24,11209,1,1,0, 11210
7,11212,1,1,1, 11213
16,11219,2,2,1, 11221
24,11229,1,1,0, 11230
31,11236,2,2,1, 11238
24,11249,1,1,1, 11250
31,11256,2,2,1, 11258
17,11259,3,3,1, 11262
1,11266,1,1,0, 11267
24,11269,1,1,0, 11270
25,11275,2,2,1, 11277
8,11276,1,1,0, 11277
31,11276,2,2,1, 11278
17,11279,3,3,1, 11282
1,11286,1,1,1, 11287
8,11296,1,1,0, 11297
15,11301,2,2,1, 11303
1,11306,1,1,0, 11307
8,11316,1,1,0, 11317
9,11317,2,2,1, 11319
15,11321,2,2,1, 11323
1,11326,1,1,0, 11327
7,11332,1,1,1, 11333
6,11330,2,4,1, 11334
8,11336,1,1,1, 11337
14,11339,3,3,1, 11342
1,11346,1,1,1, 11347
7,11352,1,1,1, 11353
8,11356,1,1,1, 11357
1,11366,1,1,1, 11367
7,11372,1,1,1, 11373
8,11376,1,1,0, 11377
31,11376,2,2,1, 11378
1,11386,1,1,0, 11387
24,11389,1,1,1, 11390
7,11392,1,1,1, 11393
25,11395,2,2,1, 11397
8,11396,1,1,0, 11397
31,11396,2,2,1, 11398
16,11399,2,2,1, 11401
17,11399,3,3,1, 11402
24,11409,1,1,0, 11410
7,11412,1,1,0, 11413
8,11416,1,1,1, 11417
24,11429,1,1,1, 11430
7,11432,1,1,1, 11433
8,11436,1,1,0, 11437
31,11436,2,2,1, 11438
24,11449,1,1,1, 11450
22,11446,4,6,1, 11452
23,11448,3,5,1, 11453
7,11452,1,1,0, 11453
30,11453,3,3,1, 11456
8,11456,1,1,0, 11457
14,11459,3,3,1, 11462
1,11466,1,1,1, 11467
24,11469,1,1,1, 11470
25,11475,2,2,1, 11477
8,11476,1,1,0, 11477
1,11486,1,1,0, 11487
24,11489,1,1,0, 11490
8,11496,1,1,1, 11497
2,11503,2,2,1, 11505
1,11506,1,1,0, 11507
24,11509,1,1,0, 11510
8,11516,1,1,0, 11517
24,11529,1,1,0, 11530
8,11536,1,1,0, 11537
9,11537,2,2,1, 11539
24,11549,1,1,0, 11550
23,11548,3,3,1, 11551
8,11556,1,1,0, 11557
9,11557,2,2,1, 11559
17,11559,3,3,1, 11562
24,11569,1,1,0, 11570
7,11572,1,1,1, 11573
8,11576,1,1,0, 11577
31,11576,2,2,1, 11578
16,11579,2,2,1, 11581
14,11579,3,3,1, 11582
17,11579,3,3,1, 11582
24,11589,1,1,1, 11590
7,11592,1,1,1, 11593
15,11601,2,2,1, 11603
24,11609,1,1,0, 11610
7,11612,1,1,1, 11613
16,11619,2,2,1, 11621
15,11621,2,2,1, 11623
1,11626,1,1,1, 11627
24,11629,1,1,1, 11630
7,11632,1,1,1, 11633
25,11635,2,2,1, 11637
16,11639,2,2,1, 11641
2,11643,2,2,1, 11645
1,11646,1,1,1, 11647
24,11649,1,1,1, 11650
7,11652,1,1,0, 11653
25,11655,2,2,1, 11657
8,11656,1,1,1, 11657
17,11659,3,3,1, 11662
15,11661,2,2,1, 11663
2,11663,2,2,1, 11665
1,11666,1,1,1, 11667
24,11669,1,1,0, 11670
7,11672,1,1,1, 11673
8,11676,1,1,0, 11677
17,11679,3,3,1, 11682
1,11686,1,1,0, 11687
22,11686,4,4,1, 11690
24,11689,1,1,0, 11690
7,11692,1,1,1, 11693
30,11693,3,3,1, 11696
8,11696,1,1,0, 11697
31,11696,2,2,1, 11698
26,11697,3,3,1, 11700
16,11699,2,2,1, 11701
7,11712,1,1,0, 11713
31,11716,2,2,1, 11718
7,11732,1,1,0, 11733
7,11752,1,1,1, 11753
7,11772,1,1,1, 11773
7,11792,1,1,0, 11793
31,11796,2,2,1, 11798
1,11806,1,1,0, 11807
24,11809,1,1,0, 11810
7,11812,1,1,1, 11813
8,11816,1,1,0, 11817
16,11819,2,2,1, 11821
14,11819,3,3,1, 11822
17,11819,3,3,1, 11822
1,11826,1,1,1, 11827
24,11829,1,1,1, 11830
16,11839,2,2,1, 11841
1,11846,1,1,0, 11847
24,11849,1,1,1, 11850
16,11859,2,2,1, 11861
1,11866,1,1,1, 11867
24,11869,1,1,1, 11870
16,11879,2,2,1, 11881
1,11886,1,1,1, 11887
24,11889,1,1,0, 11890
16,11899,2,2,1, 11901
1,11906,1,1,0, 11907
24,11909,1,1,1, 11910
1,11926,1,1,1, 11927
24,11929,1,1,0, 11930
7,11932,1,1,1, 11933
30,11933,3,3,1, 11936
8,11936,1,1,0, 11937
31,11936,2,2,1, 11938
9,11937,2,2,1, 11939
16,11939,2,2,1, 11941
24,11949,1,1,0, 11950
7,11952,1,1,1, 11953
25,11955,2,2,1, 11957
8,11956,1,1,0, 11957
31,11956,2,2,1, 11958
24,11969,1,1,1, 11970
7,11972,1,1,0, 11973
8,11976,1,1,0, 11977
24,11989,1,1,0, 11990
7,11992,1,1,1, 11993
8,11996,1,1,1, 11997
9,11997,2,2,1, 11999
24,12009,1,1,0, 12010
7,12012,1,1,0, 12013
8,12016,1,1,1, 12017
24,12029,1,1,1, 12030
7,12032,1,1,1, 12033
8,12036,1,1,0, 12037
1,12046,1,1,1, 12047
24,12049,1,1,0, 12050
7,12052,1,1,1, 12053
25,12055,2,2,1, 12057
8,12056,1,1,1, 12057
9,12057,2,2,1, 12059
16,12059,2,2,1, 12061
14,12059,3,3,1, 12062
1,12066,1,1,0, 12067
8,12076,1,1,0, 12077
26,12077,3,3,1, 12080
1,12086,1,1,1, 12087
25,12095,2,2,1, 12097
8,12096,1,1,1, 12097
26,12097,3,3,1, 12100
16,12099,2,2,1, 12101
17,12099,3,3,1, 12102
1,12106,1,1,1, 12107
25,12115,2,2,1, 12117
8,12116,1,1,0, 12117
16,12119,2,2,1, 12121
2,12123,2,2,1, 12125
1,12126,1,1,0, 12127
8,12136,1,1,0, 12137
1,12146,1,1,0, 12147
8,12156,1,1,0, 12157
2,12163,2,2,1, 12165
1,12166,1,1,1, 12167
5,12167,3,3,1, 12170
24,12169,1,1,0, 12170
6,12170,2,2,1, 12172
7,12172,1,1,1, 12173
30,12173,3,3,1, 12176
8,12176,1,1,0, 12177
31,12176,2,2,1, 12178
9,12177,2,2,1, 12179
29,12178,4,4,1, 12182
14,12179,3,3,1, 12182
24,12189,1,1,1, 12190
24,12209,1,1,1, 12210
16,12219,2,2,1, 12221
24,12229,1,1,0, 12230
25,12235,2,2,1, 12237
15,12241,2,2,1, 12243
1,12246,1,1,0, 12247
24,12249,1,1,1, 12250
7,12252,1,1,0, 12253
31,12256,2,2,1, 12258
16,12259,2,2,1, 12261
17,12259,3,3,1, 12262
1,12266,1,1,0, 12267
24,12269,1,1,0, 12270
7,12272,1,1,0, 12273
25,12275,2,2,1, 12277
16,12279,2,2,1, 12281
15,12281,2,2,1, 12283
1,12286,1,1,0, 12287
24,12289,1,1,1, 12290
6,12290,2,2,1, 12292
7,12292,1,1,1, 12293
8,12296,1,1,1, 12297
16,12299,2,2,1, 12301
29,12298,4,4,1, 12302
14,12299,3,3,1, 12302
2,12303,2,2,1, 12305
1,12306,1,1,0, 12307
25,12315,2,2,1, 12317
8,12316,1,1,0, 12317
17,12319,3,3,1, 12322
1,12326,1,1,0, 12327
8,12336,1,1,0, 12337
1,12346,1,1,1, 12347
8,12356,1,1,1, 12357
26,12357,3,3,1, 12360
17,12359,3,3,1, 12362
7,12372,1,1,0, 12373
8,12376,1,1,0, 12377
15,12381,2,2,1, 12383
7,12392,1,1,0, 12393
8,12396,1,1,0, 12397
9,12397,2,2,1, 12399
24,12409,1,1,1, 12410
7,12412,1,1,1, 12413
8,12416,1,1,0, 12417
16,12419,2,2,1, 12421
14,12419,3,3,1, 12422
1,12426,1,1,0, 12427
24,12429,1,1,0, 12430
8,12436,1,1,0, 12437
16,12439,2,2,1, 12441
2,12443,2,2,1, 12445
1,12446,1,1,1, 12447
24,12449,1,1,0, 12450
8,12456,1,1,0, 12457
16,12459,2,2,1, 12461
2,12463,2,2,1, 12465
1,12466,1,1,0, 12467
24,12469,1,1,0, 12470
8,12476,1,1,0, 12477
2,12483,2,2,1, 12485
1,12486,1,1,1, 12487
22,12486,4,4,1, 12490
24,12489,1,1,1, 12490
8,12496,1,1,0, 12497
16,12499,2,2,1, 12501
1,12506,1,1,1, 12507
24,12509,1,1,0, 12510
8,12516,1,1,1, 12517
1,12526,1,1,0, 12527
24,12529,1,1,1, 12530
7,12532,1,1,0, 12533
8,12536,1,1,0, 12537
31,12536,2,2,1, 12538
9,12537,2,2,1, 12539
14,12539,3,3,1, 12542
17,12539,3,3,1, 12542
7,12552,1,1,1, 12553
8,12556,1,1,0, 12557
7,12572,1,1,0, 12573
8,12576,1,1,0, 12577
7,12592,1,1,0, 12593
8,12596,1,1,0, 12597
7,12612,1,1,1, 12613
8,12616,1,1,0, 12617
7,12632,1,1,0, 12633
8,12636,1,1,0, 12637
1,12646,1,1,0, 12647
5,12647,3,3,1, 12650
24,12649,1,1,0, 12650
23,12648,3,3,1, 12651
7,12652,1,1,0, 12653
8,12656,1,1,1, 12657
31,12656,2,2,1, 12658
9,12657,2,2,1, 12659
16,12659,2,2,1, 12661
7,12672,1,1,1, 12673
7,12692,1,1,0, 12693
7,12712,1,1,1, 12713
7,12732,1,1,0, 12733
7,12752,1,1,1, 12753
1,12766,1,1,1, 12767
24,12769,1,1,1, 12770
6,12770,2,2,1, 12772
7,12772,1,1,1, 12773
8,12776,1,1,0, 12777
9,12777,2,2,1, 12779
14,12779,3,3,1, 12782
17,12779,3,3,1, 12782
24,12789,1,1,1, 12790
7,12792,1,1,1, 12793
8,12796,1,1,0, 12797
24,12809,1,1,1, 12810
7,12812,1,1,0, 12813
8,12816,1,1,1, 12817
24,12829,1,1,1, 12830
7,12832,1,1,1, 12833
8,12836,1,1,1, 12837
2,12843,2,2,1, 12845
1,12846,1,1,0, 12847
24,12849,1,1,1, 12850
7,12852,1,1,0, 12853
25,12855,2,2,1, 12857
8,12856,1,1,0, 12857
1,12866,1,1,1, 12867
24,12869,1,1,0, 12870
7,12872,1,1,1, 12873
8,12876,1,1,1, 12877
1,12886,1,1,0, 12887
24,12889,1,1,0, 12890
6,12890,2,2,1, 12892
7,12892,1,1,1, 12893
25,12895,2,2,1, 12897
8,12896,1,1,1, 12897
31,12896,2,2,1, 12898
14,12899,3,3,1, 12902
8,12916,1,1,1, 12917
16,12919,2,2,1, 12921
8,12936,1,1,0, 12937
8,12956,1,1,1, 12957
8,12976,1,1,0, 12977
16,12979,2,2,1, 12981
8,12996,1,1,0, 12997
16,12999,2,2,1, 13001
1,13006,1,1,0, 13007
24,13009,1,1,0, 13010
7,13012,1,1,1, 13013
30,13013,3,3,1, 13016
8,13016,1,1,0, 13017
31,13016,2,2,1, 13018
26,13017,3,3,1, 13020
1,13026,1,1,0, 13027
24,13029,1,1,1, 13030
7,13032,1,1,1, 13033
14,13039,3,3,1, 13042
17,13039,3,3,1, 13042
15,13041,2,2,1, 13043
1,13046,1,1,0, 13047
24,13049,1,1,1, 13050
7,13052,1,1,1, 13053
25,13055,2,2,1, 13057
2,13063,2,2,1, 13065
1,13066,1,1,0, 13067
22,13066,4,4,1, 13070
24,13069,1,1,0, 13070
7,13072,1,1,0, 13073
14,13079,3,3,1, 13082
17,13079,3,3,1, 13082
1,13086,1,1,1, 13087
24,13089,1,1,0, 13090
7,13092,1,1,1, 13093
1,13106,1,1,1, 13107
24,13109,1,1,0, 13110
7,13112,1,1,1, 13113
15,13121,2,2,1, 13123
1,13126,1,1,1, 13127
24,13129,1,1,1, 13130
23,13128,3,3,1, 13131
7,13132,1,1,0, 13133
30,13133,3,3,1, 13136
8,13136,1,1,1, 13137
29,13138,4,4,1, 13142
17,13139,3,3,1, 13142
8,13156,1,1,0, 13157
16,13159,2,2,1, 13161
8,13176,1,1,0, 13177
16,13179,2,2,1, 13181
8,13196,1,1,0, 13197
1,13206,1,1,0, 13207
24,13209,1,1,0, 13210
7,13212,1,1,0, 13213
8,13216,1,1,1, 13217
31,13216,2,2,1, 13218
16,13219,2,2,1, 13221
1,13226,1,1,1, 13227
24,13229,1,1,1, 13230
7,13232,1,1,1, 13233
8,13236,1,1,0, 13237
31,13236,2,2,1, 13238
1,13246,1,1,1, 13247
24,13249,1,1,0, 13250
7,13252,1,1,1, 13253
8,13256,1,1,0, 13257
9,13257,2,2,1, 13259
1,13266,1,1,0, 13267
7,13272,1,1,0, 13273
8,13276,1,1,1, 13277
16,13279,2,2,1, 13281
14,13279,3,3,1, 13282
1,13286,1,1,0, 13287
7,13292,1,1,0, 13293
8,13296,1,1,1, 13297
31,13296,2,2,1, 13298
9,13297,2,2,1, 13299
16,13299,2,2,1, 13301
14,13299,3,3,1, 13302
1,13306,1,1,1, 13307
23,13308,3,3,1, 13311
6,13310,2,2,1, 13312
7,13312,1,1,1, 13313
30,13313,3,3,1, 13316
8,13316,1,1,1, 13317
31,13316,2,2,1, 13318
16,13319,2,2,1, 13321
29,13318,4,4,1, 13322
2,13323,2,2,1, 13325
1,13326,1,1,1, 13327
1,13346,1,1,0, 13347
1,13366,1,1,1, 13367
24,13369,1,1,0, 13370
25,13375,2,2,1, 13377
24,13389,1,1,1, 13390
7,13392,1,1,1, 13393
25,13395,2,2,1, 13397
15,13401,2,2,1, 13403
24,13409,1,1,0, 13410
7,13412,1,1,0, 13413
15,13421,2,2,1, 13423
24,13429,1,1,1, 13430
7,13432,1,1,1, 13433
25,13435,2,2,1, 13437
8,13436,1,1,1, 13437
14,13439,3,3,1, 13442
13,13439,4,4,1, 13443
24,13449,1,1,1, 13450
6,13450,2,2,1, 13452
7,13452,1,1,1, 13453
30,13453,3,3,1, 13456
8,13456,1,1,1, 13457
24,13469,1,1,1, 13470
25,13475,2,2,1, 13477
8,13476,1,1,1, 13477
24,13489,1,1,0, 13490
25,13495,2,2,1, 13497
8,13496,1,1,1, 13497
31,13496,2,2,1, 13498
9,13497,2,2,1, 13499
26,13497,3,3,1, 13500
1,13546,1,1,0, 13547
2,13563,2,2,1, 13565
1,13566,1,1,0, 13567
8,13576,1,1,0, 13577
14,13579,3,3,1, 13582
13,13579,4,4,1, 13583
15,13581,2,2,1, 13583
1,13586,1,1,1, 13587
8,13596,1,1,1, 13597
14,13599,3,3,1, 13602
13,13599,4,4,1, 13603
1,13606,1,1,1, 13607
24,13609,1,1,0, 13610
7,13612,1,1,0, 13613
8,13616,1,1,1, 13617
31,13616,2,2,1, 13618
14,13619,3,3,1, 13622
1,13626,1,1,0, 13627
24,13629,1,1,0, 13630
7,13632,1,1,1, 13633
2,13643,2,2,1, 13645
1,13646,1,1,1, 13647
24,13649,1,1,0, 13650
23,13648,3,3,1, 13651
7,13652,1,1,0, 13653
1,13666,1,1,0, 13667
24,13669,1,1,0, 13670
7,13672,1,1,0, 13673
30,13673,3,3,1, 13676
25,13675,2,2,1, 13677
31,13676,2,2,1, 13678
1,13686,1,1,0, 13687
5,13687,3,3,1, 13690
7,13692,1,1,1, 13693
15,13701,2,2,1, 13703
1,13706,1,1,1, 13707
5,13707,3,3,1, 13710
6,13710,2,2,1, 13712
7,13712,1,1,1, 13713
15,13721,2,2,1, 13723
1,13726,1,1,1, 13727
6,13730,2,2,1, 13732
7,13732,1,1,0, 13733
1,13746,1,1,0, 13747
6,13750,2,2,1, 13752
7,13752,1,1,0, 13753
1,13766,1,1,0, 13767
7,13772,1,1,1, 13773
1,13786,1,1,1, 13787
24,13789,1,1,1, 13790
7,13792,1,1,1, 13793
30,13793,3,3,1, 13796
8,13796,1,1,0, 13797
31,13796,2,2,1, 13798
16,13799,2,2,1, 13801
24,13809,1,1,0, 13810
8,13816,1,1,0, 13817
24,13829,1,1,0, 13830
8,13836,1,1,0, 13837
24,13849,1,1,1, 13850
8,13856,1,1,0, 13857
24,13869,1,1,1, 13870
8,13876,1,1,0, 13877
24,13889,1,1,0, 13890
8,13896,1,1,1, 13897
1,13906,1,1,0, 13907
24,13909,1,1,0, 13910
23,13908,3,3,1, 13911
5,13907,3,5,1, 13912
7,13912,1,1,1, 13913
25,13915,2,2,1, 13917
8,13916,1,1,0, 13917
31,13916,2,2,1, 13918
9,13917,2,2,1, 13919
16,13919,2,2,1, 13921
14,13919,3,3,1, 13922
7,13932,1,1,1, 13933
8,13936,1,1,1, 13937
31,13936,2,2,1, 13938
16,13939,2,2,1, 13941
7,13952,1,1,1, 13953
8,13956,1,1,1, 13957
31,13956,2,2,1, 13958
16,13959,2,2,1, 13961
7,13972,1,1,1, 13973
8,13976,1,1,1, 13977
31,13976,2,2,1, 13978
7,13992,1,1,1, 13993
8,13996,1,1,0, 13997
7,14012,1,1,1, 14013
8,14016,1,1,1, 14017
31,14016,2,2,1, 14018
1,14026,1,1,0, 14027
24,14029,1,1,1, 14030
23,14028,3,3,1, 14031
7,14032,1,1,0, 14033
8,14036,1,1,0, 14037
31,14036,2,2,1, 14038
29,14038,4,4,1, 14042
14,14039,3,3,1, 14042
1,14046,1,1,1, 14047
24,14049,1,1,1, 14050
26,14057,3,3,1, 14060
17,14059,3,3,1, 14062
1,14066,1,1,1, 14067
24,14069,1,1,0, 14070
26,14077,3,3,1, 14080
17,14079,3,3,1, 14082
1,14086,1,1,1, 14087
24,14089,1,1,0, 14090
25,14095,2,2,1, 14097
26,14097,3,3,1, 14100
17,14099,3,3,1, 14102
15,14101,2,2,1, 14103
22,14106,4,4,1, 14110
24,14109,1,1,1, 14110
6,14110,2,2,1, 14112
7,14112,1,1,0, 14113
8,14116,1,1,0, 14117
16,14119,2,2,1, 14121
24,14129,1,1,0, 14130
6,14130,2,2,1, 14132
7,14132,1,1,0, 14133
8,14136,1,1,1, 14137
16,14139,2,2,1, 14141
24,14149,1,1,1, 14150
6,14150,2,2,1, 14152
7,14152,1,1,1, 14153
8,14156,1,1,1, 14157
16,14159,2,2,1, 14161
24,14169,1,1,0, 14170
24,14189,1,1,1, 14190
24,14209,1,1,1, 14210
30,14213,3,3,1, 14216
31,14216,2,2,1, 14218
15,14221,2,4,1, 14225
23,14228,3,3,1, 14231
7,14232,1,1,0, 14233
8,14236,1,1,0, 14237
7,14252,1,1,0, 14253
8,14256,1,1,0, 14257
1,14266,1,1,1, 14267
7,14272,1,1,1, 14273
8,14276,1,1,0, 14277
17,14279,3,3,1, 14282
1,14286,1,1,0, 14287
24,14289,1,1,1, 14290
7,14292,1,1,0, 14293
8,14296,1,1,0, 14297
1,14306,1,1,0, 14307
24,14309,1,1,0, 14310
6,14310,2,2,1, 14312
7,14312,1,1,0, 14313
8,14316,1,1,0, 14317
9,14317,2,2,1, 14319
1,14326,1,1,0, 14327
24,14329,1,1,0, 14330
7,14332,1,1,0, 14333
8,14336,1,1,0, 14337
31,14336,2,2,1, 14338
9,14337,2,2,1, 14339
1,14346,1,1,1, 14347
24,14349,1,1,0, 14350
7,14352,1,1,1, 14353
8,14356,1,1,0, 14357
1,14366,1,1,0, 14367
22,14366,4,4,1, 14370
24,14369,1,1,1, 14370
23,14368,3,3,1, 14371
7,14372,1,1,0, 14373
8,14376,1,1,1, 14377
31,14376,2,2,1, 14378
1,14386,1,1,1, 14387
22,14386,4,4,1, 14390
24,14389,1,1,1, 14390
6,14390,2,2,1, 14392
7,14392,1,1,0, 14393
8,14396,1,1,1, 14397
16,14399,2,2,1, 14401
17,14399,3,3,1, 14402
1,14406,1,1,0, 14407
6,14410,2,2,1, 14412
7,14412,1,1,1, 14413
25,14415,2,2,1, 14417
8,14416,1,1,0, 14417
1,14426,1,1,0, 14427
7,14432,1,1,1, 14433
25,14435,2,2,1, 14437
8,14436,1,1,1, 14437
1,14446,1,1,0, 14447
22,14446,4,4,1, 14450
6,14450,2,2,1, 14452
7,14452,1,1,0, 14453
30,14453,3,3,1, 14456
8,14456,1,1,1, 14457
31,14456,2,2,1, 14458
9,14457,2,2,1, 14459
16,14459,2,2,1, 14461
14,14459,3,3,1, 14462
24,14509,1,1,0, 14510
24,14529,1,1,0, 14530
8,14536,1,1,0, 14537
9,14537,2,2,1, 14539
16,14539,2,2,1, 14541
24,14549,1,1,0, 14550
25,14555,2,2,1, 14557
8,14556,1,1,1, 14557
1,14566,1,1,0, 14567
24,14569,1,1,1, 14570
7,14572,1,1,0, 14573
25,14575,2,2,1, 14577
8,14576,1,1,1, 14577
16,14579,2,2,1, 14581
17,14579,3,3,1, 14582
1,14586,1,1,1, 14587
24,14589,1,1,0, 14590
7,14592,1,1,1, 14593
15,14601,2,2,1, 14603
1,14606,1,1,0, 14607
22,14606,4,4,1, 14610
24,14609,1,1,0, 14610
7,14612,1,1,1, 14613
31,14616,2,2,1, 14618
16,14619,2,2,1, 14621
14,14619,3,3,1, 14622
15,14621,2,2,1, 14623
1,14626,1,1,0, 14627
22,14626,4,4,1, 14630
24,14629,1,1,0, 14630
7,14632,1,1,1, 14633
16,14639,2,2,1, 14641
14,14639,3,3,1, 14642
13,14639,4,4,1, 14643
1,14646,1,1,1, 14647
24,14649,1,1,0, 14650
7,14652,1,1,0, 14653
8,14656,1,1,1, 14657
9,14657,2,4,1, 14661
17,14659,3,3,1, 14662
1,14666,1,1,1, 14667
24,14669,1,1,0, 14670
7,14672,1,1,1, 14673
8,14676,1,1,0, 14677
31,14676,2,2,1, 14678
9,14677,2,2,1, 14679
2,14683,2,2,1, 14685
1,14686,1,1,0, 14687
22,14686,4,4,1, 14690
5,14687,3,3,1, 14690
24,14689,1,1,1, 14690
6,14690,2,2,1, 14692
7,14692,1,1,1, 14693
30,14693,3,3,1, 14696
25,14695,2,2,1, 14697
8,14696,1,1,0, 14697
16,14699,2,2,1, 14701
17,14699,3,3,1, 14702
24,14709,1,1,1, 14710
30,14713,3,3,1, 14716
24,14729,1,1,0, 14730
24,14749,1,1,0, 14750
1,14766,1,1,1, 14767
24,14769,1,1,1, 14770
25,14775,2,2,1, 14777
1,14786,1,1,1, 14787
24,14789,1,1,1, 14790
26,14797,3,3,1, 14800
1,14806,1,1,1, 14807
24,14809,1,1,1, 14810
25,14815,2,2,1, 14817
8,14816,1,1,0, 14817
9,14817,2,2,1, 14819
16,14819,2,2,1, 14821
7,14832,1,1,1, 14833
7,14852,1,1,1, 14853
7,14872,1,1,1, 14873
1,14886,1,1,1, 14887
7,14892,1,1,0, 14893
31,14896,2,2,1, 14898
1,14906,1,1,0, 14907
7,14912,1,1,0, 14913
31,14916,2,2,1, 14918
9,14917,2,2,1, 14919
1,14926,1,1,0, 14927
23,14928,3,3,1, 14931
7,14932,1,1,0, 14933
8,14936,1,1,1, 14937
31,14936,2,2,1, 14938
9,14937,2,2,1, 14939
24,14949,1,1,0, 14950
8,14956,1,1,1, 14957
24,14969,1,1,0, 14970
8,14976,1,1,1, 14977
24,14989,1,1,1, 14990
25,14995,2,2,1, 14997
8,14996,1,1,1, 14997
8,15016,1,1,0, 15017
16,15019,2,2,1, 15021
8,15036,1,1,1, 15037
1,15046,1,1,0, 15047
7,15052,1,1,0, 15053
8,15056,1,1,1, 15057
9,15057,2,2,1, 15059
17,15059,3,3,1, 15062
1,15066,1,1,1, 15067
7,15072,1,1,0, 15073
8,15076,1,1,0, 15077
1,15086,1,1,1, 15087
7,15092,1,1,0, 15093
8,15096,1,1,0, 15097
31,15096,2,2,1, 15098
1,15106,1,1,0, 15107
24,15109,1,1,1, 15110
7,15112,1,1,1, 15113
8,15116,1,1,0, 15117
1,15126,1,1,1, 15127
22,15126,4,4,1, 15130
24,15129,1,1,1, 15130
6,15130,2,2,1, 15132
7,15132,1,1,0, 15133
8,15136,1,1,0, 15137
31,15136,2,2,1, 15138
1,15146,1,1,0, 15147
24,15149,1,1,0, 15150
6,15150,2,2,1, 15152
7,15152,1,1,1, 15153
8,15156,1,1,1, 15157
1,15166,1,1,0, 15167
24,15169,1,1,0, 15170
23,15168,3,3,1, 15171
6,15170,2,2,1, 15172
7,15172,1,1,1, 15173
8,15176,1,1,1, 15177
26,15177,3,3,1, 15180
17,15179,3,3,1, 15182
24,15189,1,1,0, 15190
24,15209,1,1,1, 15210
24,15229,1,1,1, 15230
1,15246,1,1,0, 15247
24,15249,1,1,0, 15250
9,15257,2,2,1, 15259
1,15266,1,1,1, 15267
24,15269,1,1,0, 15270
9,15277,2,2,1, 15279
17,15279,3,3,1, 15282
1,15286,1,1,0, 15287
24,15289,1,1,0, 15290
7,15292,1,1,1, 15293
8,15296,1,1,1, 15297
9,15297,2,2,1, 15299
16,15299,2,2,1, 15301
14,15299,3,3,1, 15302
24,15309,1,1,0, 15310
6,15310,2,2,1, 15312
7,15312,1,1,0, 15313
8,15316,1,1,1, 15317
16,15319,2,2,1, 15321
24,15329,1,1,0, 15330
7,15332,1,1,0, 15333
8,15336,1,1,1, 15337
16,15339,2,2,1, 15341
24,15349,1,1,0, 15350
7,15352,1,1,0, 15353
8,15356,1,1,1, 15357
24,15369,1,1,0, 15370
7,15372,1,1,1, 15373
8,15376,1,1,1, 15377
31,15376,2,2,1, 15378
16,15379,2,2,1, 15381
24,15389,1,1,1, 15390
6,15390,2,2,1, 15392
7,15392,1,1,1, 15393
8,15396,1,1,1, 15397
16,15399,2,2,1, 15401
1,15406,1,1,1, 15407
24,15409,1,1,1, 15410
23,15408,3,3,1, 15411
7,15412,1,1,1, 15413
30,15413,3,3,1, 15416
25,15415,2,2,1, 15417
8,15416,1,1,0, 15417
31,15416,2,2,1, 15418
9,15417,2,2,1, 15419
16,15419,2,2,1, 15421
29,15418,4,4,1, 15422
14,15419,3,3,1, 15422
17,15419,3,3,1, 15422
7,15432,1,1,1, 15433
7,15452,1,1,1, 15453
7,15472,1,1,0, 15473
2,15483,2,2,1, 15485
1,15486,1,1,1, 15487
7,15492,1,1,1, 15493
8,15496,1,1,1, 15497
1,15506,1,1,0, 15507
7,15512,1,1,0, 15513
8,15516,1,1,0, 15517
31,15516,2,2,1, 15518
9,15517,2,2,1, 15519
16,15519,2,2,1, 15521
15,15521,2,2,1, 15523
2,15523,2,2,1, 15525
1,15526,1,1,0, 15527
7,15532,1,1,1, 15533
8,15536,1,1,0, 15537
31,15536,2,2,1, 15538
8,15556,1,1,1, 15557
16,15559,2,2,1, 15561
8,15576,1,1,0, 15577
24,15589,1,1,0, 15590
8,15596,1,1,0, 15597
1,15606,1,1,1, 15607
24,15609,1,1,1, 15610
23,15608,3,3,1, 15611
6,15610,2,2,1, 15612
7,15612,1,1,0, 15613
9,15617,2,2,1, 15619
17,15619,3,3,1, 15622
1,15626,1,1,0, 15627
24,15629,1,1,1, 15630
6,15630,2,2,1, 15632
7,15632,1,1,1, 15633
9,15637,2,2,1, 15639
1,15646,1,1,0, 15647
24,15649,1,1,0, 15650
23,15648,3,3,1, 15651
7,15652,1,1,0, 15653
24,15669,1,1,0, 15670
7,15672,1,1,0, 15673
24,15689,1,1,1, 15690
6,15690,2,2,1, 15692
7,15692,1,1,0, 15693
24,15709,1,1,1, 15710
6,15710,2,2,1, 15712
7,15712,1,1,1, 15713
8,15716,1,1,1, 15717
16,15719,2,2,1, 15721
1,15726,1,1,1, 15727
24,15729,1,1,1, 15730
7,15732,1,1,1, 15733
8,15736,1,1,1, 15737
31,15736,2,2,1, 15738
17,15739,3,3,1, 15742
15,15741,2,2,1, 15743
1,15746,1,1,0, 15747
24,15749,1,1,1, 15750
6,15750,2,2,1, 15752
7,15752,1,1,1, 15753
8,15756,1,1,1, 15757
15,15761,2,2,1, 15763
1,15766,1,1,0, 15767
24,15769,1,1,0, 15770
7,15772,1,1,0, 15773
8,15776,1,1,1, 15777
24,15789,1,1,0, 15790
8,15796,1,1,1, 15797
31,15796,2,2,1, 15798
24,15809,1,1,1, 15810
8,15816,1,1,0, 15817
16,15819,2,2,1, 15821
24,15829,1,1,0, 15830
23,15828,3,3,1, 15831
30,15833,3,3,1, 15836
8,15836,1,1,0, 15837
31,15836,2,2,1, 15838
16,15839,2,2,1, 15841
8,15856,1,1,1, 15857
8,15876,1,1,1, 15877
1,15886,1,1,0, 15887
7,15892,1,1,1, 15893
8,15896,1,1,0, 15897
31,15896,2,2,1, 15898
26,15897,3,3,1, 15900
17,15899,3,3,1, 15902
22,15906,4,4,1, 15910
6,15910,2,2,1, 15912
7,15912,1,1,1, 15913
8,15916,1,1,0, 15917
31,15916,2,2,1, 15918
7,15932,1,1,0, 15933
8,15936,1,1,0, 15937
14,15939,3,3,1, 15942
15,15941,2,2,1, 15943
24,15949,1,1,0, 15950
23,15948,3,3,1, 15951
7,15952,1,1,1, 15953
8,15956,1,1,1, 15957
14,15959,3,3,1, 15962
2,15963,2,2,1, 15965
24,15969,1,1,1, 15970
8,15976,1,1,0, 15977
24,15989,1,1,0, 15990
25,15995,2,2,1, 15997
8,15996,1,1,0, 15997
24,16009,1,1,0, 16010
25,16015,2,2,1, 16017
8,16016,1,1,1, 16017
16,16019,2,2,1, 16021
17,16019,3,3,1, 16022
24,16029,1,1,1, 16030
6,16030,2,2,1, 16032
7,16032,1,1,1, 16033
25,16035,2,2,1, 16037
17,16039,3,3,1, 16042
24,16049,1,1,1, 16050
6,16050,2,2,1, 16052
7,16052,1,1,0, 16053
25,16055,2,2,1, 16057
16,16059,2,2,1, 16061
24,16069,1,1,1, 16070
7,16072,1,1,0, 16073
16,16079,2,2,1, 16081
17,16079,3,3,1, 16082
1,16086,1,1,1, 16087
7,16092,1,1,1, 16093
8,16096,1,1,1, 16097
1,16106,1,1,1, 16107
23,16108,3,3,1, 16111
7,16112,1,1,1, 16113
8,16116,1,1,1, 16117
2,16123,2,2,1, 16125
1,16126,1,1,0, 16127
7,16132,1,1,1, 16133
8,16136,1,1,0, 16137
1,16146,1,1,0, 16147
1,16166,1,1,0, 16167
1,16186,1,1,0, 16187
1,16206,1,1,0, 16207
1,16226,1,1,1, 16227
1,16246,1,1,0, 16247
24,16249,1,1,1, 16250
7,16252,1,1,0, 16253
8,16256,1,1,1, 16257
16,16259,2,2,1, 16261
1,16266,1,1,1, 16267
23,16268,3,3,1, 16271
7,16272,1,1,1, 16273
25,16275,2,2,1, 16277
8,16276,1,1,1, 16277
17,16279,3,3,1, 16282
15,16281,2,2,1, 16283
1,16286,1,1,1, 16287
7,16292,1,1,0, 16293
8,16296,1,1,1, 16297
1,16306,1,1,1, 16307
6,16310,2,2,1, 16312
7,16312,1,1,0, 16313
30,16313,3,3,1, 16316
25,16315,2,2,1, 16317
8,16316,1,1,0, 16317
31,16316,2,2,1, 16318
16,16319,2,2,1, 16321
1,16326,1,1,0, 16327
6,16330,2,2,1, 16332
7,16332,1,1,0, 16333
8,16336,1,1,1, 16337
1,16346,1,1,1, 16347
6,16350,2,2,1, 16352
7,16352,1,1,1, 16353
8,16356,1,1,0, 16357
16,16359,2,2,1, 16361
1,16366,1,1,1, 16367
24,16369,1,1,1, 16370
6,16370,2,2,1, 16372
7,16372,1,1,0, 16373
8,16376,1,1,0, 16377
26,16377,3,3,1, 16380
24,16389,1,1,0, 16390
6,16390,2,2,1, 16392
7,16392,1,1,1, 16393
8,16396,1,1,0, 16397
17,16399,3,3,1, 16402
24,16409,1,1,0, 16410
23,16408,3,3,1, 16411
7,16412,1,1,0, 16413
8,16416,1,1,0, 16417
31,16416,2,2,1, 16418
24,16429,1,1,0, 16430
23,16428,3,3,1, 16431
6,16430,2,2,1, 16432
7,16432,1,1,1, 16433
8,16436,1,1,0, 16437
31,16436,2,2,1, 16438
15,16441,2,2,1, 16443
24,16449,1,1,0, 16450
8,16456,1,1,1, 16457
15,16461,2,2,1, 16463
24,16469,1,1,0, 16470
8,16476,1,1,0, 16477
15,16481,2,2,1, 16483
1,16486,1,1,1, 16487
24,16489,1,1,0, 16490
8,16496,1,1,0, 16497
16,16499,2,2,1, 16501
2,16503,2,2,1, 16505
1,16506,1,1,0, 16507
24,16509,1,1,1, 16510
23,16508,3,3,1, 16511
8,16516,1,1,1, 16517
9,16517,2,2,1, 16519
26,16517,3,3,1, 16520
17,16519,3,3,1, 16522
15,16521,2,2,1, 16523
2,16523,2,2,1, 16525
1,16526,1,1,1, 16527
24,16529,1,1,0, 16530
8,16536,1,1,1, 16537
26,16537,3,3,1, 16540
2,16543,2,2,1, 16545
1,16546,1,1,1, 16547
24,16549,1,1,1, 16550
7,16552,1,1,1, 16553
8,16556,1,1,0, 16557
31,16556,2,2,1, 16558
16,16559,2,2,1, 16561
17,16559,3,3,1, 16562
24,16569,1,1,0, 16570
16,16579,2,2,1, 16581
24,16589,1,1,0, 16590
16,16599,2,2,1, 16601
24,16609,1,1,0, 16610
1,16626,1,1,0, 16627
24,16629,1,1,0, 16630
16,16639,2,2,1, 16641
1,16646,1,1,0, 16647
24,16649,1,1,1, 16650
16,16659,2,2,1, 16661
1,16666,1,1,0, 16667
24,16669,1,1,0, 16670
6,16670,2,2,1, 16672
7,16672,1,1,0, 16673
25,16675,2,2,1, 16677
8,16676,1,1,0, 16677
31,16676,2,2,1, 16678
9,16677,2,2,1, 16679
16,16679,2,2,1, 16681
17,16679,3,3,1, 16682
7,16692,1,1,0, 16693
8,16696,1,1,1, 16697
7,16712,1,1,0, 16713
8,16716,1,1,0, 16717
31,16716,2,2,1, 16718
7,16732,1,1,0, 16733
30,16733,3,3,1, 16736
8,16736,1,1,0, 16737
31,16736,2,2,1, 16738
7,16752,1,1,1, 16753
30,16753,3,3,1, 16756
8,16756,1,1,1, 16757
31,16756,2,2,1, 16758
7,16772,1,1,1, 16773
8,16776,1,1,0, 16777
1,16786,1,1,0, 16787
7,16792,1,1,1, 16793
30,16793,3,3,1, 16796
25,16795,2,2,1, 16797
8,16796,1,1,0, 16797
31,16796,2,2,1, 16798
9,16797,2,2,1, 16799
26,16797,3,3,1, 16800
17,16799,3,3,1, 16802
24,16809,1,1,0, 16810
6,16810,2,2,1, 16812
7,16812,1,1,1, 16813
8,16816,1,1,1, 16817
24,16829,1,1,0, 16830
6,16830,2,2,1, 16832
7,16832,1,1,1, 16833
8,16836,1,1,0, 16837
15,16841,2,2,1, 16843
24,16849,1,1,0, 16850
7,16852,1,1,1, 16853
8,16856,1,1,1, 16857
24,16869,1,1,0, 16870
7,16872,1,1,0, 16873
8,16876,1,1,0, 16877
24,16889,1,1,1, 16890
7,16892,1,1,0, 16893
8,16896,1,1,0, 16897
1,16906,1,1,0, 16907
24,16909,1,1,0, 16910
6,16910,2,2,1, 16912
7,16912,1,1,1, 16913
25,16915,2,2,1, 16917
8,16916,1,1,1, 16917
9,16917,2,2,1, 16919
16,16919,2,2,1, 16921
2,16923,2,2,1, 16925
1,16926,1,1,1, 16927
7,16932,1,1,0, 16933
1,16946,1,1,1, 16947
7,16952,1,1,1, 16953
1,16966,1,1,0, 16967
7,16972,1,1,0, 16973
7,16992,1,1,1, 16993
7,17012,1,1,1, 17013
24,17029,1,1,0, 17030
23,17028,3,3,1, 17031
7,17032,1,1,1, 17033
8,17036,1,1,1, 17037
16,17039,2,2,1, 17041
1,17046,1,1,1, 17047
24,17049,1,1,0, 17050
8,17056,1,1,0, 17057
1,17066,1,1,1, 17067
24,17069,1,1,0, 17070
8,17076,1,1,0, 17077
16,17079,2,2,1, 17081
1,17086,1,1,0, 17087
24,17089,1,1,1, 17090
8,17096,1,1,1, 17097
1,17106,1,1,1, 17107
24,17109,1,1,0, 17110
8,17116,1,1,0, 17117
16,17119,2,2,1, 17121
2,17123,2,2,1, 17125
1,17126,1,1,1, 17127
24,17129,1,1,1, 17130
8,17136,1,1,1, 17137
16,17139,2,2,1, 17141
1,17146,1,1,0, 17147
24,17149,1,1,0, 17150
23,17148,3,3,1, 17151
7,17152,1,1,1, 17153
6,17150,2,4,1, 17154
8,17156,1,1,1, 17157
16,17159,2,2,1, 17161
15,17161,2,2,1, 17163
1,17166,1,1,1, 17167
24,17169,1,1,0, 17170
7,17172,1,1,0, 17173
17,17179,3,3,1, 17182
15,17181,2,2,1, 17183
1,17186,1,1,0, 17187
24,17189,1,1,0, 17190
7,17192,1,1,1, 17193
17,17199,3,3,1, 17202
1,17206,1,1,0, 17207
24,17209,1,1,1, 17210
7,17212,1,1,0, 17213
25,17215,2,2,1, 17217
9,17217,2,2,1, 17219
17,17219,3,3,1, 17222
7,17232,1,1,0, 17233
7,17252,1,1,0, 17253
6,17270,2,2,1, 17272
7,17272,1,1,0, 17273
16,17279,2,4,1, 17283
24,17289,1,1,0, 17290
6,17290,2,2,1, 17292
7,17292,1,1,1, 17293
16,17299,2,2,1, 17301
24,17309,1,1,1, 17310
6,17310,2,2,1, 17312
7,17312,1,1,0, 17313
16,17319,2,2,1, 17321
24,17329,1,1,1, 17330
6,17330,2,2,1, 17332
7,17332,1,1,1, 17333
8,17336,1,1,1, 17337
9,17337,2,2,1, 17339
17,17339,3,3,1, 17342
22,17346,4,4,1, 17350
7,17352,1,1,0, 17353
8,17356,1,1,0, 17357
22,17366,4,4,1, 17370
7,17372,1,1,1, 17373
8,17376,1,1,0, 17377
1,17386,1,1,0, 17387
22,17386,4,4,1, 17390
23,17388,3,3,1, 17391
7,17392,1,1,1, 17393
8,17396,1,1,0, 17397
26,17397,3,3,1, 17400
24,17409,1,1,1, 17410
6,17410,2,2,1, 17412
7,17412,1,1,0, 17413
26,17417,3,3,1, 17420
24,17429,1,1,1, 17430
6,17430,2,2,1, 17432
7,17432,1,1,1, 17433
25,17435,2,2,1, 17437
26,17437,3,3,1, 17440
24,17449,1,1,0, 17450
6,17450,2,2,1, 17452
7,17452,1,1,1, 17453
26,17457,3,3,1, 17460
9,17457,2,4,1, 17461
29,17458,4,4,1, 17462
15,17461,2,2,1, 17463
8,17476,1,1,0, 17477
16,17479,2,2,1, 17481
8,17496,1,1,0, 17497
15,17501,2,2,1, 17503
1,17506,1,1,1, 17507
8,17516,1,1,1, 17517
1,17526,1,1,0, 17527
25,17535,2,2,1, 17537
8,17536,1,1,1, 17537
9,17537,2,2,1, 17539
26,17537,3,3,1, 17540
16,17539,2,2,1, 17541
15,17541,2,2,1, 17543
1,17546,1,1,0, 17547
8,17556,1,1,1, 17557
9,17557,2,2,1, 17559
15,17561,2,2,1, 17563
1,17566,1,1,1, 17567
23,17568,3,5,1, 17573
8,17576,1,1,1, 17577
31,17576,2,4,1, 17580
16,17579,2,2,1, 17581
1,17586,1,1,1, 17587
1,17606,1,1,1, 17607
1,17626,1,1,0, 17627
24,17629,1,1,1, 17630
25,17635,2,2,1, 17637
1,17646,1,1,0, 17647
24,17649,1,1,1, 17650
16,17659,2,2,1, 17661
2,17663,2,2,1, 17665
1,17666,1,1,1, 17667
24,17669,1,1,0, 17670
1,17686,1,1,1, 17687
24,17689,1,1,1, 17690
7,17692,1,1,1, 17693
8,17696,1,1,1, 17697
15,17701,2,2,1, 17703
1,17706,1,1,1, 17707
24,17709,1,1,0, 17710
7,17712,1,1,0, 17713
8,17716,1,1,0, 17717
1,17726,1,1,0, 17727
24,17729,1,1,0, 17730
7,17732,1,1,1, 17733
8,17736,1,1,0, 17737
15,17741,2,2,1, 17743
1,17746,1,1,1, 17747
24,17749,1,1,0, 17750
6,17750,2,2,1, 17752
7,17752,1,1,0, 17753
8,17756,1,1,0, 17757
31,17756,2,2,1, 17758
1,17766,1,1,1, 17767
24,17769,1,1,0, 17770
7,17772,1,1,0, 17773
8,17776,1,1,0, 17777
1,17786,1,1,0, 17787
24,17789,1,1,0, 17790
6,17790,2,2,1, 17792
7,17792,1,1,0, 17793
8,17796,1,1,1, 17797
1,17806,1,1,0, 17807
24,17809,1,1,0, 17810
7,17812,1,1,0, 17813
25,17815,2,2,1, 17817
8,17816,1,1,1, 17817
31,17816,2,2,1, 17818
26,17817,3,3,1, 17820
24,17829,1,1,1, 17830
7,17832,1,1,1, 17833
8,17836,1,1,1, 17837
24,17849,1,1,1, 17850
7,17852,1,1,1, 17853
8,17856,1,1,0, 17857
31,17856,2,2,1, 17858
24,17869,1,1,1, 17870
6,17870,2,2,1, 17872
7,17872,1,1,1, 17873
30,17873,3,3,1, 17876
25,17875,2,2,1, 17877
8,17876,1,1,0, 17877
14,17879,3,3,1, 17882
24,17889,1,1,0, 17890
23,17888,3,3,1, 17891
8,17896,1,1,0, 17897
16,17899,2,2,1, 17901
15,17901,2,2,1, 17903
24,17909,1,1,1, 17910
8,17916,1,1,0, 17917
1,17926,1,1,1, 17927
22,17926,4,4,1, 17930
24,17929,1,1,0, 17930
23,17928,3,3,1, 17931
8,17936,1,1,0, 17937
30,17933,3,5,1, 17938
2,17943,2,2,1, 17945
1,17946,1,1,0, 17947
24,17949,1,1,0, 17950
16,17959,2,2,1, 17961
1,17966,1,1,0, 17967
24,17969,1,1,1, 17970
16,17979,2,2,1, 17981
1,17986,1,1,0, 17987
24,17989,1,1,1, 17990
7,17992,1,1,1, 17993
31,17996,2,2,1, 17998
1,18006,1,1,1, 18007
6,18010,2,2,1, 18012
7,18012,1,1,0, 18013
31,18016,2,2,1, 18018
1,18026,1,1,0, 18027
7,18032,1,1,0, 18033
1,18046,1,1,1, 18047
7,18052,1,1,1, 18053
8,18056,1,1,1, 18057
9,18057,2,2,1, 18059
17,18059,3,3,1, 18062
8,18076,1,1,0, 18077
16,18079,2,2,1, 18081
14,18079,3,3,1, 18082
15,18081,2,2,1, 18083
8,18096,1,1,1, 18097
16,18099,2,2,1, 18101
15,18101,2,2,1, 18103
8,18116,1,1,1, 18117
1,18126,1,1,1, 18127
25,18135,2,2,1, 18137
8,18136,1,1,1, 18137
14,18139,3,3,1, 18142
15,18141,2,2,1, 18143
1,18146,1,1,0, 18147
8,18156,1,1,1, 18157
14,18159,3,3,1, 18162
15,18161,2,2,1, 18163
1,18166,1,1,0, 18167
22,18166,4,4,1, 18170
24,18169,1,1,1, 18170
23,18168,3,3,1, 18171
7,18172,1,1,0, 18173
25,18175,2,2,1, 18177
8,18176,1,1,0, 18177
31,18176,2,2,1, 18178
16,18179,2,2,1, 18181
22,18186,4,4,1, 18190
24,18189,1,1,1, 18190
23,18188,3,3,1, 18191
7,18192,1,1,0, 18193
24,18209,1,1,0, 18210
6,18210,2,2,1, 18212
7,18212,1,1,0, 18213
24,18229,1,1,1, 18230
7,18232,1,1,1, 18233
24,18249,1,1,0, 18250
6,18250,2,2,1, 18252
7,18252,1,1,0, 18253
24,18269,1,1,1, 18270
7,18272,1,1,1, 18273
1,18286,1,1,0, 18287
24,18289,1,1,1, 18290
6,18290,2,2,1, 18292
7,18292,1,1,0, 18293
8,18296,1,1,0, 18297
26,18297,3,3,1, 18300
16,18299,2,2,1, 18301
2,18303,2,2,1, 18305
1,18306,1,1,1, 18307
7,18312,1,1,0, 18313
8,18316,1,1,0, 18317
9,18317,2,2,1, 18319
26,18317,3,3,1, 18320
16,18319,2,2,1, 18321
1,18326,1,1,1, 18327
7,18332,1,1,0, 18333
25,18335,2,2,1, 18337
8,18336,1,1,0, 18337
9,18337,2,2,1, 18339
2,18343,2,2,1, 18345
1,18346,1,1,1, 18347
6,18350,2,2,1, 18352
7,18352,1,1,1, 18353
8,18356,1,1,0, 18357
9,18357,2,2,1, 18359
6,18370,2,2,1, 18372
7,18372,1,1,0, 18373
8,18376,1,1,0, 18377
7,18392,1,1,0, 18393
8,18396,1,1,1, 18397
9,18397,2,2,1, 18399
16,18399,2,2,1, 18401
24,18409,1,1,1, 18410
7,18412,1,1,1, 18413
8,18416,1,1,1, 18417
31,18416,2,2,1, 18418
9,18417,2,2,1, 18419
16,18419,2,2,1, 18421
14,18419,3,3,1, 18422
24,18429,1,1,0, 18430
25,18435,2,2,1, 18437
24,18449,1,1,1, 18450
24,18469,1,1,0, 18470
25,18475,2,2,1, 18477
26,18477,3,3,1, 18480
17,18479,3,3,1, 18482
2,18483,2,2,1, 18485
1,18486,1,1,1, 18487
24,18489,1,1,0, 18490
8,18496,1,1,0, 18497
15,18501,2,2,1, 18503
1,18506,1,1,1, 18507
24,18509,1,1,0, 18510
8,18516,1,1,1, 18517
15,18521,2,2,1, 18523
1,18526,1,1,1, 18527
24,18529,1,1,1, 18530
7,18532,1,1,0, 18533
30,18533,3,3,1, 18536
8,18536,1,1,1, 18537
31,18536,2,2,1, 18538
16,18539,2,2,1, 18541
2,18543,2,2,1, 18545
1,18546,1,1,1, 18547
8,18556,1,1,0, 18557
2,18563,2,2,1, 18565
1,18566,1,1,0, 18567
8,18576,1,1,0, 18577
1,18586,1,1,1, 18587
8,18596,1,1,0, 18597
17,18599,3,3,1, 18602
1,18606,1,1,1, 18607
24,18609,1,1,0, 18610
8,18616,1,1,0, 18617
24,18629,1,1,1, 18630
8,18636,1,1,0, 18637
24,18649,1,1,0, 18650
7,18652,1,1,0, 18653
8,18656,1,1,0, 18657
31,18656,2,2,1, 18658
7,18672,1,1,0, 18673
8,18676,1,1,0, 18677
31,18676,2,2,1, 18678
16,18679,2,2,1, 18681
29,18678,4,4,1, 18682
6,18690,2,2,1, 18692
7,18692,1,1,1, 18693
8,18696,1,1,1, 18697
16,18699,2,2,1, 18701
7,18712,1,1,0, 18713
8,18716,1,1,1, 18717
25,18715,2,4,1, 18719
9,18717,2,2,1, 18719
1,18726,1,1,0, 18727
7,18732,1,1,0, 18733
31,18736,2,2,1, 18738
1,18746,1,1,0, 18747
6,18750,2,2,1, 18752
7,18752,1,1,0, 18753
30,18753,3,3,1, 18756
2,18763,2,2,1, 18765
1,18766,1,1,1, 18767
24,18769,1,1,0, 18770
6,18770,2,2,1, 18772
7,18772,1,1,0, 18773
30,18773,3,3,1, 18776
31,18776,2,2,1, 18778
24,18789,1,1,0, 18790
24,18809,1,1,0, 18810
24,18829,1,1,0, 18830
24,18849,1,1,1, 18850
16,18859,2,2,1, 18861
24,18869,1,1,0, 18870
16,18879,2,2,1, 18881
1,18886,1,1,0, 18887
24,18889,1,1,0, 18890
23,18888,3,3,1, 18891
8,18896,1,1,1, 18897
31,18896,2,2,1, 18898
9,18897,2,2,1, 18899
16,18899,2,2,1, 18901
14,18899,3,3,1, 18902
24,18909,1,1,0, 18910
7,18912,1,1,1, 18913
25,18915,2,2,1, 18917
8,18916,1,1,1, 18917
16,18919,2,2,1, 18921
24,18929,1,1,1, 18930
6,18930,2,2,1, 18932
7,18932,1,1,1, 18933
25,18935,2,2,1, 18937
8,18936,1,1,0, 18937
16,18939,2,2,1, 18941
24,18949,1,1,0, 18950
6,18950,2,2,1, 18952
7,18952,1,1,0, 18953
8,18956,1,1,1, 18957
16,18959,2,2,1, 18961
7,18972,1,1,0, 18973
8,18976,1,1,0, 18977
7,18992,1,1,0, 18993
8,18996,1,1,0, 18997
16,18999,2,2,1, 19001
1,19006,1,1,1, 19007
7,19012,1,1,1, 19013
8,19016,1,1,0, 19017
9,19017,2,2,1, 19019
16,19019,2,2,1, 19021
14,19019,3,3,1, 19022
1,19026,1,1,0, 19027
24,19029,1,1,0, 19030
7,19032,1,1,1, 19033
1,19046,1,1,1, 19047
24,19049,1,1,1, 19050
7,19052,1,1,0, 19053
1,19066,1,1,0, 19067
24,19069,1,1,1, 19070
7,19072,1,1,0, 19073
1,19086,1,1,0, 19087
24,19089,1,1,1, 19090
7,19092,1,1,0, 19093
1,19106,1,1,1, 19107
24,19109,1,1,0, 19110
7,19112,1,1,0, 19113
1,19126,1,1,0, 19127
24,19129,1,1,0, 19130
7,19132,1,1,1, 19133
25,19135,2,2,1, 19137
8,19136,1,1,0, 19137
31,19136,2,2,1, 19138
9,19137,2,2,1, 19139
16,19139,2,2,1, 19141
17,19139,3,3,1, 19142
8,19156,1,1,0, 19157
9,19157,2,2,1, 19159
8,19176,1,1,0, 19177
8,19196,1,1,1, 19197
16,19199,2,2,1, 19201
1,19206,1,1,1, 19207
25,19215,2,2,1, 19217
8,19216,1,1,0, 19217
16,19219,2,2,1, 19221
1,19226,1,1,1, 19227
25,19235,2,2,1, 19237
8,19236,1,1,1, 19237
16,19239,2,2,1, 19241
1,19246,1,1,0, 19247
24,19249,1,1,1, 19250
7,19252,1,1,0, 19253
25,19255,2,2,1, 19257
8,19256,1,1,1, 19257
31,19256,2,2,1, 19258
26,19257,3,3,1, 19260
29,19258,4,4,1, 19262
14,19259,3,3,1, 19262
1,19266,1,1,0, 19267
24,19269,1,1,0, 19270
1,19286,1,1,0, 19287
24,19289,1,1,0, 19290
1,19306,1,1,1, 19307
24,19309,1,1,1, 19310
24,19329,1,1,1, 19330
24,19349,1,1,1, 19350
24,19369,1,1,0, 19370
23,19368,3,3,1, 19371
7,19372,1,1,0, 19373
30,19373,3,3,1, 19376
8,19376,1,1,0, 19377
16,19379,2,2,1, 19381
29,19378,4,4,1, 19382
14,19379,3,3,1, 19382
7,19392,1,1,0, 19393
8,19396,1,1,0, 19397
6,19410,2,2,1, 19412
7,19412,1,1,1, 19413
8,19416,1,1,0, 19417
6,19430,2,2,1, 19432
7,19432,1,1,1, 19433
8,19436,1,1,0, 19437
7,19452,1,1,1, 19453
8,19456,1,1,0, 19457
7,19472,1,1,0, 19473
8,19476,1,1,0, 19477
1,19486,1,1,1, 19487
7,19492,1,1,1, 19493
25,19495,2,2,1, 19497
8,19496,1,1,0, 19497
9,19497,2,2,1, 19499
29,19498,4,4,1, 19502
14,19499,3,3,1, 19502
8,19516,1,1,1, 19517
8,19536,1,1,1, 19537
8,19556,1,1,1, 19557
8,19576,1,1,1, 19577
16,19579,2,2,1, 19581
8,19596,1,1,1, 19597
16,19599,2,2,1, 19601
1,19606,1,1,1, 19607
24,19609,1,1,1, 19610
7,19612,1,1,0, 19613
25,19615,2,2,1, 19617
8,19616,1,1,0, 19617
31,19616,2,2,1, 19618
16,19619,2,2,1, 19621
17,19619,3,3,1, 19622
24,19629,1,1,0, 19630
6,19630,2,2,1, 19632
7,19632,1,1,1, 19633
15,19641,2,2,1, 19643
24,19649,1,1,1, 19650
7,19652,1,1,0, 19653
24,19669,1,1,1, 19670
6,19670,2,2,1, 19672
7,19672,1,1,0, 19673
24,19689,1,1,0, 19690
7,19692,1,1,1, 19693
15,19701,2,2,1, 19703
24,19709,1,1,1, 19710
7,19712,1,1,1, 19713
1,19726,1,1,1, 19727
24,19729,1,1,1, 19730
7,19732,1,1,1, 19733
30,19733,3,3,1, 19736
25,19735,2,2,1, 19737
8,19736,1,1,1, 19737
31,19736,2,2,1, 19738
9,19737,2,2,1, 19739
16,19739,2,2,1, 19741
14,19739,3,3,1, 19742
24,19749,1,1,1, 19750
8,19756,1,1,1, 19757
16,19759,2,2,1, 19761
24,19769,1,1,0, 19770
8,19776,1,1,1, 19777
16,19779,2,2,1, 19781
24,19789,1,1,0, 19790
8,19796,1,1,1, 19797
15,19801,2,2,1, 19803
24,19809,1,1,0, 19810
7,19812,1,1,1, 19813
8,19816,1,1,0, 19817
14,19819,3,3,1, 19822
24,19829,1,1,0, 19830
7,19832,1,1,1, 19833
8,19836,1,1,1, 19837
1,19846,1,1,0, 19847
24,19849,1,1,1, 19850
23,19848,3,3,1, 19851
7,19852,1,1,1, 19853
8,19856,1,1,1, 19857
31,19856,2,2,1, 19858
9,19857,2,2,1, 19859
16,19859,2,2,1, 19861
14,19859,3,3,1, 19862
17,19859,3,3,1, 19862
2,19923,2,2,1, 19925
1,19926,1,1,0, 19927
7,19932,1,1,0, 19933
25,19935,2,2,1, 19937
9,19937,2,2,1, 19939
1,19946,1,1,0, 19947
7,19952,1,1,1, 19953
31,19956,2,2,1, 19958
9,19957,2,2,1, 19959
1,19966,1,1,1, 19967
24,19969,1,1,0, 19970
6,19970,2,2,1, 19972
7,19972,1,1,1, 19973
25,19975,2,2,1, 19977
8,19976,1,1,1, 19977
24,19989,1,1,0, 19990
8,19996,1,1,0, 19997
15,20001,2,2,1, 20003
24,20009,1,1,0, 20010
8,20016,1,1,1, 20017
16,20019,2,2,1, 20021
15,20021,2,2,1, 20023
24,20029,1,1,0, 20030
8,20036,1,1,1, 20037
16,20039,2,2,1, 20041
1,20046,1,1,1, 20047
24,20049,1,1,1, 20050
1,20066,1,1,0, 20067
24,20069,1,1,1, 20070
16,20079,2,2,1, 20081
1,20086,1,1,0, 20087
24,20089,1,1,0, 20090
7,20092,1,1,1, 20093
31,20096,2,2,1, 20098
14,20099,3,3,1, 20102
24,20109,1,1,1, 20110
7,20112,1,1,1, 20113
24,20129,1,1,0, 20130
7,20132,1,1,0, 20133
24,20149,1,1,0, 20150
7,20152,1,1,0, 20153
8,20156,1,1,0, 20157
1,20166,1,1,1, 20167
24,20169,1,1,0, 20170
6,20170,2,2,1, 20172
7,20172,1,1,1, 20173
8,20176,1,1,1, 20177
16,20179,2,2,1, 20181
14,20179,3,3,1, 20182
1,20186,1,1,0, 20187
24,20189,1,1,1, 20190
6,20190,2,2,1, 20192
7,20192,1,1,0, 20193
8,20196,1,1,1, 20197
9,20197,2,2,1, 20199
14,20199,3,3,1, 20202
15,20201,2,2,1, 20203
1,20206,1,1,0, 20207
24,20209,1,1,1, 20210
6,20210,2,2,1, 20212
7,20212,1,1,1, 20213
25,20215,2,2,1, 20217
8,20216,1,1,1, 20217
16,20219,2,2,1, 20221
8,20236,1,1,0, 20237
16,20239,2,2,1, 20241
8,20256,1,1,0, 20257
8,20276,1,1,0, 20277
8,20296,1,1,1, 20297
16,20299,2,2,1, 20301
8,20316,1,1,1, 20317
16,20319,2,2,1, 20321
1,20326,1,1,0, 20327
24,20329,1,1,0, 20330
6,20330,2,2,1, 20332
7,20332,1,1,0, 20333
30,20333,3,3,1, 20336
25,20335,2,2,1, 20337
8,20336,1,1,1, 20337
31,20336,2,2,1, 20338
17,20339,3,3,1, 20342
24,20349,1,1,1, 20350
25,20355,2,2,1, 20357
8,20356,1,1,1, 20357
31,20356,2,2,1, 20358
24,20369,1,1,0, 20370
25,20375,2,2,1, 20377
8,20376,1,1,0, 20377
24,20389,1,1,1, 20390
30,20393,3,3,1, 20396
25,20395,2,2,1, 20397
8,20396,1,1,1, 20397
31,20396,2,2,1, 20398
8,20416,1,1,0, 20417
8,20436,1,1,0, 20437
1,20446,1,1,1, 20447
7,20452,1,1,1, 20453
8,20456,1,1,0, 20457
9,20457,2,2,1, 20459
15,20461,2,2,1, 20463
1,20466,1,1,0, 20467
6,20470,2,2,1, 20472
7,20472,1,1,1, 20473
8,20476,1,1,1, 20477
16,20479,2,2,1, 20481
15,20481,2,2,1, 20483
2,20483,2,2,1, 20485
1,20486,1,1,0, 20487
6,20490,2,2,1, 20492
7,20492,1,1,1, 20493
8,20496,1,1,1, 20497
16,20499,2,2,1, 20501
2,20503,2,2,1, 20505
1,20506,1,1,1, 20507
6,20510,2,2,1, 20512
7,20512,1,1,1, 20513
8,20516,1,1,1, 20517
1,20526,1,1,0, 20527
1,20546,1,1,1, 20547
1,20566,1,1,0, 20567
1,20586,1,1,1, 20587
7,20592,1,1,0, 20593
8,20596,1,1,1, 20597
9,20597,2,2,1, 20599
1,20606,1,1,0, 20607
7,20612,1,1,0, 20613
8,20616,1,1,0, 20617
9,20617,2,2,1, 20619
2,20623,2,2,1, 20625
1,20626,1,1,0, 20627
24,20629,1,1,1, 20630
7,20632,1,1,0, 20633
25,20635,2,2,1, 20637
8,20636,1,1,0, 20637
31,20636,2,2,1, 20638
9,20637,2,2,1, 20639
26,20637,3,3,1, 20640
14,20639,3,3,1, 20642
24,20649,1,1,0, 20650
24,20669,1,1,0, 20670
24,20689,1,1,0, 20690
1,20706,1,1,1, 20707
24,20709,1,1,0, 20710
30,20713,3,3,1, 20716
25,20715,2,2,1, 20717
8,20716,1,1,0, 20717
17,20719,3,3,1, 20722
1,20726,1,1,0, 20727
24,20729,1,1,0, 20730
25,20735,2,2,1, 20737
8,20736,1,1,0, 20737
15,20741,2,2,1, 20743
1,20746,1,1,1, 20747
24,20749,1,1,1, 20750
6,20750,2,2,1, 20752
7,20752,1,1,1, 20753
30,20753,3,3,1, 20756
25,20755,2,2,1, 20757
8,20756,1,1,0, 20757
16,20759,2,2,1, 20761
17,20759,3,3,1, 20762
1,20766,1,1,0, 20767
7,20772,1,1,0, 20773
8,20776,1,1,0, 20777
1,20786,1,1,0, 20787
6,20790,2,2,1, 20792
7,20792,1,1,1, 20793
8,20796,1,1,1, 20797
16,20799,2,2,1, 20801
1,20806,1,1,1, 20807
6,20810,2,2,1, 20812
7,20812,1,1,0, 20813
8,20816,1,1,0, 20817
16,20819,2,2,1, 20821
1,20826,1,1,1, 20827
6,20830,2,2,1, 20832
7,20832,1,1,0, 20833
8,20836,1,1,1, 20837
16,20839,2,2,1, 20841
1,20846,1,1,0, 20847
7,20852,1,1,1, 20853
8,20856,1,1,1, 20857
16,20859,2,2,1, 20861
1,20866,1,1,0, 20867
24,20869,1,1,0, 20870
7,20872,1,1,1, 20873
25,20875,2,2,1, 20877
8,20876,1,1,1, 20877
9,20877,2,2,1, 20879
26,20877,3,3,1, 20880
17,20879,3,3,1, 20882
24,20889,1,1,0, 20890
6,20890,2,2,1, 20892
7,20892,1,1,0, 20893
24,20909,1,1,1, 20910
6,20910,2,2,1, 20912
7,20912,1,1,0, 20913
24,20929,1,1,1, 20930
7,20932,1,1,0, 20933
24,20949,1,1,1, 20950
24,20969,1,1,0, 20970
31,20976,2,2,1, 20978
24,20989,1,1,0, 20990
31,20996,2,2,1, 20998
1,21006,1,1,0, 21007
24,21009,1,1,1, 21010
25,21015,2,2,1, 21017
17,21019,3,3,1, 21022
1,21026,1,1,0, 21027
24,21029,1,1,0, 21030
26,21037,3,3,1, 21040
17,21039,3,3,1, 21042
1,21046,1,1,0, 21047
24,21049,1,1,0, 21050
7,21052,1,1,1, 21053
25,21055,2,2,1, 21057
8,21056,1,1,0, 21057
26,21057,3,3,1, 21060
16,21059,2,2,1, 21061
15,21061,2,2,1, 21063
6,21070,2,2,1, 21072
7,21072,1,1,0, 21073
8,21076,1,1,1, 21077
7,21092,1,1,1, 21093
8,21096,1,1,1, 21097
15,21101,2,2,1, 21103
6,21110,2,2,1, 21112
7,21112,1,1,0, 21113
8,21116,1,1,1, 21117
7,21132,1,1,0, 21133
7,21152,1,1,0, 21153
2,21163,2,2,1, 21165
1,21166,1,1,0, 21167
7,21172,1,1,1, 21173
25,21175,2,2,1, 21177
17,21179,3,3,1, 21182
1,21186,1,1,0, 21187
26,21197,3,3,1, 21200
1,21206,1,1,1, 21207
1,21226,1,1,1, 21227
8,21236,1,1,0, 21237
26,21237,3,3,1, 21240
1,21246,1,1,0, 21247
24,21249,1,1,1, 21250
8,21256,1,1,0, 21257
31,21256,2,2,1, 21258
1,21266,1,1,1, 21267
24,21269,1,1,1, 21270
8,21276,1,1,1, 21277
15,21281,2,2,1, 21283
1,21286,1,1,1, 21287
24,21289,1,1,1, 21290
23,21288,3,3,1, 21291
7,21292,1,1,0, 21293
8,21296,1,1,1, 21297
31,21296,2,2,1, 21298
9,21297,2,2,1, 21299
1,21306,1,1,1, 21307
7,21312,1,1,0, 21313
8,21316,1,1,1, 21317
16,21319,2,2,1, 21321
1,21326,1,1,0, 21327
6,21330,2,2,1, 21332
7,21332,1,1,1, 21333
8,21336,1,1,1, 21337
16,21339,2,2,1, 21341
1,21346,1,1,1, 21347
7,21352,1,1,0, 21353
25,21355,2,2,1, 21357
8,21356,1,1,1, 21357
1,21366,1,1,0, 21367
7,21372,1,1,1, 21373
8,21376,1,1,0, 21377
31,21376,2,2,1, 21378
1,21386,1,1,1, 21387
6,21390,2,2,1, 21392
7,21392,1,1,1, 21393
25,21395,2,2,1, 21397
8,21396,1,1,0, 21397
26,21397,3,3,1, 21400
1,21406,1,1,1, 21407
6,21410,2,2,1, 21412
7,21412,1,1,0, 21413
8,21416,1,1,1, 21417
16,21419,2,2,1, 21421
17,21419,3,3,1, 21422
8,21436,1,1,0, 21437
15,21441,2,2,1, 21443
8,21456,1,1,0, 21457
24,21469,1,1,0, 21470
30,21473,3,3,1, 21476
8,21476,1,1,0, 21477
31,21476,2,2,1, 21478
24,21489,1,1,0, 21490
25,21495,2,2,1, 21497
8,21496,1,1,0, 21497
16,21499,2,2,1, 21501
24,21509,1,1,1, 21510
25,21515,2,2,1, 21517
8,21516,1,1,0, 21517
24,21529,1,1,1, 21530
7,21532,1,1,1, 21533
8,21536,1,1,0, 21537
24,21549,1,1,0, 21550
7,21552,1,1,1, 21553
8,21556,1,1,0, 21557
15,21561,2,2,1, 21563
24,21569,1,1,0, 21570
6,21570,2,2,1, 21572
7,21572,1,1,1, 21573
8,21576,1,1,0, 21577
1,21586,1,1,0, 21587
24,21589,1,1,1, 21590
7,21592,1,1,1, 21593
8,21596,1,1,1, 21597
9,21597,2,2,1, 21599
16,21599,2,2,1, 21601
15,21601,2,2,1, 21603
2,21603,2,2,1, 21605
1,21606,1,1,1, 21607
24,21609,1,1,1, 21610
6,21610,2,2,1, 21612
7,21612,1,1,0, 21613
16,21619,2,2,1, 21621
1,21626,1,1,0, 21627
24,21629,1,1,0, 21630
6,21630,2,2,1, 21632
7,21632,1,1,0, 21633
2,21643,2,2,1, 21645
1,21646,1,1,0, 21647
24,21649,1,1,1, 21650
6,21650,2,2,1, 21652
7,21652,1,1,1, 21653
1,21666,1,1,0, 21667
24,21669,1,1,1, 21670
16,21679,2,2,1, 21681
1,21686,1,1,1, 21687
24,21689,1,1,0, 21690
1,21706,1,1,0, 21707
24,21709,1,1,0, 21710
8,21716,1,1,0, 21717
16,21719,2,2,1, 21721
15,21721,2,2,1, 21723
1,21726,1,1,0, 21727
24,21729,1,1,0, 21730
7,21732,1,1,1, 21733
25,21735,2,2,1, 21737
8,21736,1,1,1, 21737
9,21737,2,2,1, 21739
1,21746,1,1,1, 21747
24,21749,1,1,1, 21750
7,21752,1,1,1, 21753
30,21753,3,3,1, 21756
8,21756,1,1,0, 21757
15,21761,2,2,1, 21763
1,21766,1,1,1, 21767
24,21769,1,1,0, 21770
7,21772,1,1,1, 21773
30,21773,3,3,1, 21776
8,21776,1,1,1, 21777
31,21776,2,2,1, 21778
7,21792,1,1,1, 21793
8,21796,1,1,1, 21797
16,21799,2,2,1, 21801
7,21812,1,1,0, 21813
8,21816,1,1,0, 21817
16,21819,2,2,1, 21821
6,21830,2,2,1, 21832
7,21832,1,1,1, 21833
8,21836,1,1,0, 21837
16,21839,2,2,1, 21841
6,21850,2,2,1, 21852
7,21852,1,1,1, 21853
8,21856,1,1,0, 21857
16,21859,2,2,1, 21861
7,21872,1,1,1, 21873
8,21876,1,1,0, 21877
16,21879,2,2,1, 21881
1,21886,1,1,0, 21887
24,21889,1,1,1, 21890
7,21892,1,1,0, 21893
25,21895,2,2,1, 21897
8,21896,1,1,0, 21897
31,21896,2,2,1, 21898
16,21899,2,2,1, 21901
2,21903,2,2,1, 21905
24,21909,1,1,1, 21910
24,21929,1,1,0, 21930
31,21936,2,2,1, 21938
24,21949,1,1,1, 21950
24,21969,1,1,0, 21970
30,21973,3,3,1, 21976
24,21989,1,1,0, 21990
30,21993,3,3,1, 21996
24,22009,1,1,1, 22010
23,22008,3,3,1, 22011
6,22010,2,2,1, 22012
7,22012,1,1,1, 22013
30,22013,3,3,1, 22016
8,22016,1,1,0, 22017
31,22016,2,2,1, 22018
9,22017,2,2,1, 22019
6,22030,2,2,1, 22032
7,22032,1,1,1, 22033
8,22036,1,1,1, 22037
16,22039,2,2,1, 22041
7,22052,1,1,1, 22053
8,22056,1,1,0, 22057
16,22059,2,2,1, 22061
7,22072,1,1,1, 22073
8,22076,1,1,1, 22077
16,22079,2,2,1, 22081
7,22092,1,1,0, 22093
8,22096,1,1,1, 22097
6,22110,2,2,1, 22112
7,22112,1,1,1, 22113
8,22116,1,1,1, 22117
16,22119,2,2,1, 22121
1,22126,1,1,1, 22127
24,22129,1,1,0, 22130
6,22130,2,2,1, 22132
7,22132,1,1,0, 22133
8,22136,1,1,1, 22137
16,22139,2,2,1, 22141
2,22143,2,2,1, 22145
1,22146,1,1,0, 22147
7,22152,1,1,0, 22153
9,22157,2,2,1, 22159
1,22166,1,1,0, 22167
7,22172,1,1,0, 22173
2,22183,2,2,1, 22185
1,22186,1,1,0, 22187
7,22192,1,1,1, 22193
9,22197,2,2,1, 22199
1,22206,1,1,0, 22207
7,22212,1,1,0, 22213
7,22232,1,1,0, 22233
24,22249,1,1,0, 22250
6,22250,2,2,1, 22252
7,22252,1,1,0, 22253
8,22256,1,1,1, 22257
31,22256,2,2,1, 22258
9,22257,2,2,1, 22259
15,22261,2,2,1, 22263
1,22266,1,1,1, 22267
25,22275,2,2,1, 22277
8,22276,1,1,1, 22277
17,22279,3,3,1, 22282
1,22286,1,1,0, 22287
25,22295,2,2,1, 22297
8,22296,1,1,1, 22297
1,22306,1,1,0, 22307
25,22315,2,2,1, 22317
8,22316,1,1,0, 22317
15,22321,2,2,1, 22323
8,22336,1,1,0, 22337
8,22356,1,1,0, 22357
24,22369,1,1,1, 22370
7,22372,1,1,0, 22373
25,22375,2,2,1, 22377
8,22376,1,1,0, 22377
24,22389,1,1,0, 22390
23,22388,3,3,1, 22391
7,22392,1,1,1, 22393
8,22396,1,1,0, 22397
24,22409,1,1,0, 22410
7,22412,1,1,0, 22413
8,22416,1,1,0, 22417
9,22417,2,2,1, 22419
16,22419,2,2,1, 22421
1,22426,1,1,1, 22427
24,22429,1,1,0, 22430
23,22428,3,3,1, 22431
7,22432,1,1,1, 22433
30,22433,3,3,1, 22436
8,22436,1,1,0, 22437
1,22446,1,1,1, 22447
7,22452,1,1,0, 22453
8,22456,1,1,1, 22457
1,22466,1,1,0, 22467
6,22470,2,2,1, 22472
7,22472,1,1,1, 22473
25,22475,2,2,1, 22477
8,22476,1,1,1, 22477
1,22486,1,1,0, 22487
23,22488,3,3,1, 22491
7,22492,1,1,1, 22493
8,22496,1,1,0, 22497
26,22497,3,3,1, 22500
15,22501,2,2,1, 22503
1,22506,1,1,0, 22507
24,22509,1,1,1, 22510
7,22512,1,1,0, 22513
8,22516,1,1,0, 22517
26,22517,3,3,1, 22520
17,22519,3,3,1, 22522
1,22526,1,1,1, 22527
24,22529,1,1,0, 22530
7,22532,1,1,1, 22533
8,22536,1,1,1, 22537
26,22537,3,3,1, 22540
17,22539,3,3,1, 22542
1,22546,1,1,1, 22547
24,22549,1,1,0, 22550
6,22550,2,2,1, 22552
7,22552,1,1,0, 22553
30,22553,3,3,1, 22556
8,22556,1,1,1, 22557
17,22559,3,3,1, 22562
24,22569,1,1,1, 22570
16,22579,2,2,1, 22581
24,22589,1,1,1, 22590
30,22593,3,3,1, 22596
31,22596,2,2,1, 22598
24,22609,1,1,0, 22610
31,22616,2,2,1, 22618
1,22626,1,1,1, 22627
24,22629,1,1,1, 22630
9,22637,2,2,1, 22639
16,22639,2,2,1, 22641
2,22643,2,2,1, 22645
1,22646,1,1,0, 22647
24,22649,1,1,0, 22650
1,22666,1,1,0, 22667
24,22669,1,1,1, 22670
7,22672,1,1,0, 22673
25,22675,2,2,1, 22677
8,22676,1,1,0, 22677
16,22679,2,2,1, 22681
15,22681,2,2,1, 22683
7,22692,1,1,0, 22693
8,22696,1,1,1, 22697
31,22696,2,2,1, 22698
15,22701,2,2,1, 22703
7,22712,1,1,1, 22713
8,22716,1,1,0, 22717
31,22716,2,2,1, 22718
15,22721,2,2,1, 22723
7,22732,1,1,0, 22733
8,22736,1,1,1, 22737
31,22736,2,2,1, 22738
8,22756,1,1,1, 22757
8,22776,1,1,0, 22777
1,22786,1,1,0, 22787
24,22789,1,1,0, 22790
25,22795,2,2,1, 22797
8,22796,1,1,0, 22797
9,22797,2,2,1, 22799
17,22799,3,3,1, 22802
24,22809,1,1,1, 22810
8,22816,1,1,0, 22817
24,22829,1,1,0, 22830
8,22836,1,1,1, 22837
14,22839,3,3,1, 22842
15,22841,2,2,1, 22843
24,22849,1,1,1, 22850
7,22852,1,1,1, 22853
8,22856,1,1,1, 22857
31,22856,2,2,1, 22858
14,22859,3,3,1, 22862
2,22863,2,2,1, 22865
1,22866,1,1,1, 22867
7,22872,1,1,0, 22873
25,22875,2,2,1, 22877
8,22876,1,1,0, 22877
1,22886,1,1,1, 22887
7,22892,1,1,1, 22893
25,22895,2,2,1, 22897
8,22896,1,1,1, 22897
16,22899,2,2,1, 22901
1,22906,1,1,0, 22907
6,22910,2,2,1, 22912
7,22912,1,1,0, 22913
25,22915,2,2,1, 22917
8,22916,1,1,1, 22917
9,22917,2,2,1, 22919
16,22919,2,2,1, 22921
7,22932,1,1,0, 22933
7,22952,1,1,0, 22953
24,22969,1,1,0, 22970
6,22970,2,2,1, 22972
7,22972,1,1,0, 22973
24,22989,1,1,1, 22990
6,22990,2,2,1, 22992
7,22992,1,1,0, 22993
24,23009,1,1,0, 23010
6,23010,2,2,1, 23012
7,23012,1,1,0, 23013
1,23026,1,1,1, 23027
24,23029,1,1,0, 23030
7,23032,1,1,0, 23033
8,23036,1,1,1, 23037
16,23039,2,2,1, 23041
17,23039,3,3,1, 23042
24,23049,1,1,0, 23050
24,23069,1,1,1, 23070
24,23089,1,1,1, 23090
2,23103,2,2,1, 23105
1,23106,1,1,1, 23107
24,23109,1,1,0, 23110
17,23119,3,3,1, 23122
1,23126,1,1,1, 23127
24,23129,1,1,1, 23130
17,23139,3,3,1, 23142
1,23146,1,1,1, 23147
24,23149,1,1,1, 23150
7,23152,1,1,1, 23153
8,23156,1,1,0, 23157
31,23156,2,2,1, 23158
9,23157,2,2,1, 23159
16,23159,2,2,1, 23161
17,23159,3,3,1, 23162
24,23169,1,1,1, 23170
7,23172,1,1,0, 23173
16,23179,2,2,1, 23181
24,23189,1,1,1, 23190
7,23192,1,1,0, 23193
31,23196,2,2,1, 23198
24,23209,1,1,1, 23210
7,23212,1,1,1, 23213
31,23216,2,2,1, 23218
16,23219,2,2,1, 23221
1,23226,1,1,0, 23227
6,23230,2,2,1, 23232
7,23232,1,1,0, 23233
1,23246,1,1,0, 23247
7,23252,1,1,0, 23253
30,23253,3,3,1, 23256
1,23266,1,1,1, 23267
6,23270,2,2,1, 23272
7,23272,1,1,1, 23273
30,23273,3,3,1, 23276
8,23276,1,1,1, 23277
16,23279,2,2,1, 23281
15,23281,2,2,1, 23283
2,23283,2,2,1, 23285
1,23286,1,1,0, 23287
8,23296,1,1,0, 23297
14,23299,3,3,1, 23302
1,23306,1,1,1, 23307
8,23316,1,1,0, 23317
15,23321,2,2,1, 23323
1,23326,1,1,0, 23327
23,23328,3,3,1, 23331
8,23336,1,1,1, 23337
15,23341,2,2,1, 23343
24,23349,1,1,0, 23350
8,23356,1,1,1, 23357
17,23359,3,3,1, 23362
24,23369,1,1,0, 23370
8,23376,1,1,1, 23377
16,23379,2,2,1, 23381
24,23389,1,1,0, 23390
7,23392,1,1,1, 23393
8,23396,1,1,0, 23397
16,23399,2,2,1, 23401
24,23409,1,1,1, 23410
7,23412,1,1,0, 23413
31,23416,2,2,1, 23418
16,23419,2,2,1, 23421
24,23429,1,1,0, 23430
7,23432,1,1,0, 23433
30,23433,3,3,1, 23436
1,23446,1,1,0, 23447
24,23449,1,1,0, 23450
7,23452,1,1,0, 23453
30,23453,3,3,1, 23456
15,23461,2,2,1, 23463
1,23466,1,1,0, 23467
7,23472,1,1,0, 23473
25,23475,2,2,1, 23477
9,23477,2,2,1, 23479
14,23479,3,3,1, 23482
15,23481,2,2,1, 23483
1,23486,1,1,1, 23487
6,23490,2,2,1, 23492
7,23492,1,1,0, 23493
25,23495,2,2,1, 23497
14,23499,3,3,1, 23502
15,23501,2,2,1, 23503
1,23506,1,1,1, 23507
6,23510,2,2,1, 23512
7,23512,1,1,0, 23513
30,23513,3,3,1, 23516
25,23515,2,2,1, 23517
9,23517,2,2,1, 23519
24,23569,1,1,1, 23570
25,23575,2,2,1, 23577
8,23576,1,1,0, 23577
26,23577,3,3,1, 23580
15,23581,2,2,1, 23583
2,23583,2,2,1, 23585
1,23586,1,1,1, 23587
24,23589,1,1,0, 23590
7,23592,1,1,1, 23593
25,23595,2,2,1, 23597
8,23596,1,1,0, 23597
31,23596,2,2,1, 23598
1,23606,1,1,1, 23607
24,23609,1,1,1, 23610
6,23610,2,2,1, 23612
7,23612,1,1,0, 23613
8,23616,1,1,1, 23617
9,23617,2,2,1, 23619
16,23619,2,2,1, 23621
15,23621,2,2,1, 23623
1,23626,1,1,1, 23627
24,23629,1,1,1, 23630
7,23632,1,1,1, 23633
25,23635,2,2,1, 23637
8,23636,1,1,0, 23637
26,23637,3,3,1, 23640
15,23641,2,2,1, 23643
1,23646,1,1,1, 23647
8,23656,1,1,1, 23657
1,23666,1,1,1, 23667
8,23676,1,1,0, 23677
1,23686,1,1,1, 23687
8,23696,1,1,0, 23697
1,23706,1,1,0, 23707
24,23709,1,1,1, 23710
8,23716,1,1,1, 23717
16,23719,2,2,1, 23721
1,23726,1,1,0, 23727
24,23729,1,1,0, 23730
8,23736,1,1,0, 23737
16,23739,2,2,1, 23741
2,23743,2,2,1, 23745
1,23746,1,1,1, 23747
24,23749,1,1,1, 23750
7,23752,1,1,0, 23753
25,23755,2,2,1, 23757
8,23756,1,1,0, 23757
26,23757,3,3,1, 23760
16,23759,2,2,1, 23761
15,23761,2,2,1, 23763
7,23772,1,1,0, 23773
8,23776,1,1,0, 23777
6,23790,2,2,1, 23792
7,23792,1,1,1, 23793
8,23796,1,1,0, 23797
31,23796,2,2,1, 23798
7,23812,1,1,0, 23813
8,23816,1,1,0, 23817
31,23816,2,2,1, 23818
14,23819,3,3,1, 23822
6,23830,2,2,1, 23832
7,23832,1,1,0, 23833
8,23836,1,1,0, 23837
7,23852,1,1,1, 23853
8,23856,1,1,1, 23857
1,23866,1,1,1, 23867
24,23869,1,1,1, 23870
7,23872,1,1,0, 23873
8,23876,1,1,1, 23877
9,23877,2,2,1, 23879
26,23877,3,3,1, 23880
15,23881,2,2,1, 23883
24,23889,1,1,0, 23890
7,23892,1,1,0, 23893
16,23899,2,2,1, 23901
15,23901,2,2,1, 23903
24,23909,1,1,0, 23910
7,23912,1,1,0, 23913
15,23921,2,2,1, 23923
24,23929,1,1,1, 23930
7,23932,1,1,1, 23933
24,23949,1,1,1, 23950
6,23950,2,2,1, 23952
7,23952,1,1,0, 23953
24,23969,1,1,1, 23970
6,23970,2,2,1, 23972
7,23972,1,1,1, 23973
14,23979,3,3,1, 23982
1,23986,1,1,1, 23987
24,23989,1,1,0, 23990
23,23988,3,3,1, 23991
7,23992,1,1,1, 23993
8,23996,1,1,1, 23997
14,23999,3,3,1, 24002
17,23999,3,3,1, 24002
8,24016,1,1,0, 24017
8,24036,1,1,1, 24037
8,24056,1,1,0, 24057
8,24076,1,1,1, 24077
8,24096,1,1,0, 24097
1,24106,1,1,1, 24107
24,24109,1,1,1, 24110
7,24112,1,1,1, 24113
25,24115,2,2,1, 24117
8,24116,1,1,1, 24117
31,24116,2,2,1, 24118
9,24117,2,2,1, 24119
14,24119,3,3,1, 24122
2,24123,2,2,1, 24125
1,24126,1,1,1, 24127
24,24129,1,1,1, 24130
6,24130,2,2,1, 24132
7,24132,1,1,0, 24133
8,24136,1,1,1, 24137
16,24139,2,2,1, 24141
17,24139,3,3,1, 24142
1,24146,1,1,1, 24147
24,24149,1,1,0, 24150
6,24150,2,2,1, 24152
7,24152,1,1,0, 24153
8,24156,1,1,1, 24157
16,24159,2,2,1, 24161
17,24159,3,3,1, 24162
2,24163,2,2,1, 24165
1,24166,1,1,1, 24167
24,24169,1,1,0, 24170
7,24172,1,1,1, 24173
25,24175,2,2,1, 24177
8,24176,1,1,1, 24177
7,24192,1,1,0, 24193
8,24196,1,1,0, 24197
7,24212,1,1,0, 24213
8,24216,1,1,0, 24217
16,24219,2,2,1, 24221
7,24232,1,1,1, 24233
8,24236,1,1,1, 24237
15,24241,2,2,1, 24243
2,24243,2,2,1, 24245
1,24246,1,1,0, 24247
7,24252,1,1,0, 24253
25,24255,2,2,1, 24257
8,24256,1,1,1, 24257
9,24257,2,2,1, 24259
15,24261,2,2,1, 24263
2,24263,2,2,1, 24265
1,24266,1,1,0, 24267
7,24272,1,1,0, 24273
25,24275,2,2,1, 24277
8,24276,1,1,1, 24277
15,24281,2,2,1, 24283
2,24283,2,2,1, 24285
1,24286,1,1,0, 24287
24,24289,1,1,0, 24290
7,24292,1,1,1, 24293
25,24295,2,2,1, 24297
8,24296,1,1,1, 24297
24,24309,1,1,1, 24310
16,24319,2,2,1, 24321
24,24329,1,1,0, 24330
24,24349,1,1,1, 24350
31,24356,2,2,1, 24358
16,24359,2,2,1, 24361
24,24369,1,1,0, 24370
8,24376,1,1,1, 24377
24,24389,1,1,0, 24390
8,24396,1,1,0, 24397
16,24399,2,2,1, 24401
24,24409,1,1,0, 24410
6,24410,2,2,1, 24412
7,24412,1,1,0, 24413
25,24415,2,2,1, 24417
8,24416,1,1,1, 24417
14,24419,3,3,1, 24422
7,24432,1,1,0, 24433
8,24436,1,1,0, 24437
7,24452,1,1,1, 24453
8,24456,1,1,0, 24457
7,24472,1,1,1, 24473
8,24476,1,1,0, 24477
16,24479,2,2,1, 24481
23,24488,3,3,1, 24491
7,24492,1,1,0, 24493
8,24496,1,1,0, 24497
31,24496,2,2,1, 24498
16,24499,2,2,1, 24501
7,24512,1,1,0, 24513
8,24516,1,1,0, 24517
1,24526,1,1,0, 24527
7,24532,1,1,0, 24533
8,24536,1,1,1, 24537
31,24536,2,2,1, 24538
26,24537,3,3,1, 24540
16,24539,2,2,1, 24541
2,24543,2,2,1, 24545
1,24546,1,1,1, 24547
24,24549,1,1,1, 24550
16,24559,2,2,1, 24561
1,24566,1,1,0, 24567
24,24569,1,1,0, 24570
16,24579,2,2,1, 24581
1,24586,1,1,0, 24587
24,24589,1,1,0, 24590
1,24606,1,1,0, 24607
24,24609,1,1,1, 24610
16,24619,2,2,1, 24621
1,24626,1,1,0, 24627
24,24629,1,1,1, 24630
16,24639,2,2,1, 24641
1,24646,1,1,1, 24647
24,24649,1,1,1, 24650
7,24652,1,1,0, 24653
8,24656,1,1,0, 24657
9,24657,2,2,1, 24659
14,24659,3,3,1, 24662
1,24666,1,1,1, 24667
24,24669,1,1,1, 24670
23,24668,3,3,1, 24671
7,24672,1,1,1, 24673
30,24673,3,3,1, 24676
8,24676,1,1,1, 24677
1,24686,1,1,0, 24687
24,24689,1,1,1, 24690
30,24693,3,3,1, 24696
8,24696,1,1,1, 24697
31,24696,2,2,1, 24698
2,24703,2,2,1, 24705
1,24706,1,1,1, 24707
24,24709,1,1,0, 24710
23,24708,3,3,1, 24711
30,24713,3,3,1, 24716
8,24716,1,1,0, 24717
24,24729,1,1,0, 24730
8,24736,1,1,1, 24737
24,24749,1,1,1, 24750
8,24756,1,1,0, 24757
24,24769,1,1,1, 24770
8,24776,1,1,0, 24777
14,24779,3,3,1, 24782
6,24790,2,2,1, 24792
7,24792,1,1,1, 24793
8,24796,1,1,1, 24797
16,24799,2,2,1, 24801
6,24810,2,2,1, 24812
7,24812,1,1,0, 24813
8,24816,1,1,1, 24817
16,24819,2,2,1, 24821
1,24826,1,1,0, 24827
6,24830,2,2,1, 24832
7,24832,1,1,1, 24833
8,24836,1,1,0, 24837
17,24839,3,3,1, 24842
24,24849,1,1,1, 24850
7,24852,1,1,0, 24853
8,24856,1,1,0, 24857
24,24869,1,1,0, 24870
7,24872,1,1,1, 24873
8,24876,1,1,1, 24877
24,24889,1,1,1, 24890
7,24892,1,1,0, 24893
30,24893,3,3,1, 24896
8,24896,1,1,1, 24897
1,24906,1,1,1, 24907
7,24912,1,1,1, 24913
8,24916,1,1,1, 24917
31,24916,2,2,1, 24918
1,24926,1,1,0, 24927
7,24932,1,1,0, 24933
8,24936,1,1,0, 24937
1,24946,1,1,0, 24947
6,24950,2,2,1, 24952
7,24952,1,1,1, 24953
8,24956,1,1,0, 24957
17,24959,3,3,1, 24962
7,24972,1,1,0, 24973
8,24976,1,1,1, 24977
7,24992,1,1,1, 24993
8,24996,1,1,1, 24997
7,25012,1,1,0, 25013
8,25016,1,1,1, 25017
16,25019,2,2,1, 25021
2,25023,2,2,1, 25025
1,25026,1,1,0, 25027
8,25036,1,1,1, 25037
2,25043,2,2,1, 25045
1,25046,1,1,0, 25047
8,25056,1,1,0, 25057
2,25063,2,2,1, 25065
1,25066,1,1,1, 25067
8,25076,1,1,1, 25077
17,25079,3,3,1, 25082
1,25086,1,1,1, 25087
8,25096,1,1,1, 25097
16,25099,2,2,1, 25101
1,25106,1,1,0, 25107
8,25116,1,1,0, 25117
1,25126,1,1,0, 25127
24,25129,1,1,0, 25130
7,25132,1,1,1, 25133
30,25133,3,3,1, 25136
25,25135,2,2,1, 25137
8,25136,1,1,0, 25137
31,25136,2,2,1, 25138
26,25137,3,3,1, 25140
16,25139,2,2,1, 25141
17,25139,3,3,1, 25142
24,25149,1,1,0, 25150
24,25169,1,1,1, 25170
24,25189,1,1,0, 25190
16,25199,2,2,1, 25201
1,25206,1,1,0, 25207
24,25209,1,1,1, 25210
1,25226,1,1,0, 25227
24,25229,1,1,0, 25230
1,25246,1,1,0, 25247
24,25249,1,1,0, 25250
23,25248,3,3,1, 25251
7,25252,1,1,0, 25253
8,25256,1,1,1, 25257
9,25257,2,2,1, 25259
16,25259,2,2,1, 25261
14,25259,3,3,1, 25262
7,25272,1,1,1, 25273
8,25276,1,1,0, 25277
6,25290,2,2,1, 25292
7,25292,1,1,0, 25293
8,25296,1,1,1, 25297
6,25310,2,2,1, 25312
7,25312,1,1,1, 25313
8,25316,1,1,0, 25317
6,25330,2,2,1, 25332
7,25332,1,1,1, 25333
8,25336,1,1,0, 25337
6,25350,2,2,1, 25352
7,25352,1,1,0, 25353
8,25356,1,1,0, 25357
2,25363,2,2,1, 25365
1,25366,1,1,1, 25367
6,25370,2,2,1, 25372
7,25372,1,1,1, 25373
30,25373,3,3,1, 25376
8,25376,1,1,1, 25377
31,25376,2,2,1, 25378
9,25377,2,2,1, 25379
16,25379,2,2,1, 25381
24,25389,1,1,1, 25390
17,25399,3,3,1, 25402
24,25409,1,1,0, 25410
25,25415,2,2,1, 25417
24,25429,1,1,0, 25430
25,25435,2,2,1, 25437
24,25449,1,1,0, 25450
24,25469,1,1,1, 25470
1,25486,1,1,0, 25487
24,25489,1,1,1, 25490
6,25490,2,2,1, 25492
7,25492,1,1,1, 25493
8,25496,1,1,1, 25497
9,25497,2,2,1, 25499
16,25499,2,2,1, 25501
14,25499,3,3,1, 25502
1,25506,1,1,1, 25507
24,25509,1,1,0, 25510
31,25516,2,2,1, 25518
1,25526,1,1,1, 25527
24,25529,1,1,1, 25530
30,25533,3,3,1, 25536
1,25546,1,1,0, 25547
24,25549,1,1,1, 25550
30,25553,3,3,1, 25556
15,25561,2,2,1, 25563
1,25566,1,1,0, 25567
24,25569,1,1,1, 25570
23,25568,3,3,1, 25571
7,25572,1,1,1, 25573
8,25576,1,1,1, 25577
15,25581,2,2,1, 25583
1,25586,1,1,1, 25587
24,25589,1,1,0, 25590
23,25588,3,3,1, 25591
7,25592,1,1,1, 25593
8,25596,1,1,0, 25597
16,25599,2,2,1, 25601
15,25601,2,2,1, 25603
1,25606,1,1,1, 25607
24,25609,1,1,0, 25610
23,25608,3,3,1, 25611
7,25612,1,1,0, 25613
25,25615,2,2,1, 25617
8,25616,1,1,0, 25617
9,25617,2,2,1, 25619
14,25619,3,3,1, 25622
1,25626,1,1,1, 25627
24,25629,1,1,1, 25630
6,25630,2,2,1, 25632
7,25632,1,1,1, 25633
25,25635,2,2,1, 25637
9,25637,2,2,1, 25639
1,25646,1,1,0, 25647
24,25649,1,1,1, 25650
7,25652,1,1,0, 25653
25,25655,2,2,1, 25657
1,25666,1,1,0, 25667
24,25669,1,1,1, 25670
7,25672,1,1,1, 25673
1,25786,1,1,0, 25787
24,25789,1,1,1, 25790
7,25792,1,1,0, 25793
8,25796,1,1,0, 25797
26,25797,3,3,1, 25800
17,25799,3,3,1, 25802
15,25801,2,2,1, 25803
24,25809,1,1,0, 25810
7,25812,1,1,1, 25813
8,25816,1,1,0, 25817
24,25829,1,1,0, 25830
7,25832,1,1,0, 25833
8,25836,1,1,1, 25837
24,25849,1,1,1, 25850
6,25850,2,2,1, 25852
7,25852,1,1,1, 25853
30,25853,3,3,1, 25856
8,25856,1,1,1, 25857
31,25856,2,2,1, 25858
24,25869,1,1,1, 25870
6,25870,2,2,1, 25872
7,25872,1,1,0, 25873
8,25876,1,1,0, 25877
24,25889,1,1,0, 25890
6,25890,2,2,1, 25892
7,25892,1,1,0, 25893
8,25896,1,1,0, 25897
31,25896,2,2,1, 25898
1,25906,1,1,1, 25907
24,25909,1,1,0, 25910
6,25910,2,2,1, 25912
7,25912,1,1,0, 25913
25,25915,2,2,1, 25917
8,25916,1,1,1, 25917
26,25917,3,3,1, 25920
16,25919,2,2,1, 25921
1,25926,1,1,0, 25927
8,25936,1,1,1, 25937
16,25939,2,2,1, 25941
1,25946,1,1,1, 25947
8,25956,1,1,0, 25957
16,25959,2,2,1, 25961
1,25966,1,1,0, 25967
8,25976,1,1,1, 25977
1,25986,1,1,0, 25987
8,25996,1,1,0, 25997
1,26006,1,1,0, 26007
8,26016,1,1,1, 26017
16,26019,2,2,1, 26021
2,26023,2,2,1, 26025
1,26026,1,1,1, 26027
24,26029,1,1,0, 26030
7,26032,1,1,0, 26033
25,26035,2,2,1, 26037
8,26036,1,1,0, 26037
9,26037,2,2,1, 26039
16,26039,2,2,1, 26041
14,26039,3,3,1, 26042
24,26049,1,1,1, 26050
7,26052,1,1,0, 26053
24,26069,1,1,1, 26070
7,26072,1,1,1, 26073
31,26076,2,2,1, 26078
24,26089,1,1,1, 26090
7,26092,1,1,1, 26093
15,26101,2,2,1, 26103
24,26109,1,1,1, 26110
6,26110,2,2,1, 26112
7,26112,1,1,0, 26113
14,26119,3,3,1, 26122
15,26121,2,2,1, 26123
24,26129,1,1,0, 26130
7,26132,1,1,1, 26133
14,26139,3,3,1, 26142
1,26146,1,1,1, 26147
24,26149,1,1,1, 26150
7,26152,1,1,1, 26153
8,26156,1,1,0, 26157
17,26159,3,3,1, 26162
8,26176,1,1,0, 26177
16,26179,2,2,1, 26181
8,26196,1,1,1, 26197
8,26216,1,1,0, 26217
16,26219,2,2,1, 26221
8,26236,1,1,1, 26237
16,26239,2,2,1, 26241
8,26256,1,1,0, 26257
1,26266,1,1,0, 26267
24,26269,1,1,0, 26270
7,26272,1,1,1, 26273
8,26276,1,1,0, 26277
14,26279,3,3,1, 26282
24,26289,1,1,0, 26290
7,26292,1,1,0, 26293
8,26296,1,1,1, 26297
31,26296,2,2,1, 26298
24,26309,1,1,1, 26310
7,26312,1,1,0, 26313
8,26316,1,1,1, 26317
31,26316,2,2,1, 26318
24,26329,1,1,0, 26330
6,26330,2,2,1, 26332
7,26332,1,1,0, 26333
8,26336,1,1,0, 26337
31,26336,2,2,1, 26338
24,26349,1,1,1, 26350
8,26356,1,1,1, 26357
15,26361,2,2,1, 26363
24,26369,1,1,0, 26370
8,26376,1,1,0, 26377
14,26379,3,3,1, 26382
15,26381,2,2,1, 26383
1,26386,1,1,1, 26387
24,26389,1,1,0, 26390
25,26395,2,2,1, 26397
8,26396,1,1,0, 26397
31,26396,2,2,1, 26398
17,26399,3,3,1, 26402
7,26452,1,1,0, 26453
1,26466,1,1,1, 26467
7,26472,1,1,0, 26473
25,26475,2,2,1, 26477
31,26476,2,2,1, 26478
26,26477,3,3,1, 26480
17,26479,3,3,1, 26482
15,26481,2,2,1, 26483
1,26486,1,1,1, 26487
7,26492,1,1,0, 26493
25,26495,2,2,1, 26497
26,26497,3,3,1, 26500
15,26501,2,2,1, 26503
1,26506,1,1,0, 26507
24,26509,1,1,1, 26510
7,26512,1,1,1, 26513
25,26515,2,2,1, 26517
8,26516,1,1,1, 26517
9,26517,2,2,1, 26519
16,26519,2,2,1, 26521
17,26519,3,3,1, 26522
15,26521,2,2,1, 26523
24,26529,1,1,1, 26530
7,26532,1,1,0, 26533
8,26536,1,1,1, 26537
16,26539,2,2,1, 26541
15,26541,2,2,1, 26543
24,26549,1,1,1, 26550
7,26552,1,1,0, 26553
8,26556,1,1,1, 26557
16,26559,2,2,1, 26561
24,26569,1,1,0, 26570
6,26570,2,2,1, 26572
7,26572,1,1,1, 26573
8,26576,1,1,1, 26577
16,26579,2,2,1, 26581
14,26579,3,3,1, 26582
24,26589,1,1,1, 26590
6,26590,2,2,1, 26592
7,26592,1,1,0, 26593
24,26609,1,1,1, 26610
7,26612,1,1,1, 26613
24,26629,1,1,1, 26630
6,26630,2,2,1, 26632
7,26632,1,1,1, 26633
24,26649,1,1,1, 26650
6,26650,2,2,1, 26652
7,26652,1,1,1, 26653
24,26669,1,1,0, 26670
7,26672,1,1,0, 26673
1,26686,1,1,1, 26687
24,26689,1,1,0, 26690
7,26692,1,1,1, 26693
8,26696,1,1,1, 26697
31,26696,2,2,1, 26698
26,26697,3,3,1, 26700
17,26699,3,3,1, 26702
24,26709,1,1,0, 26710
24,26729,1,1,0, 26730
24,26749,1,1,0, 26750
24,26769,1,1,0, 26770
24,26789,1,1,0, 26790
1,26806,1,1,0, 26807
24,26809,1,1,0, 26810
7,26812,1,1,1, 26813
25,26815,2,2,1, 26817
8,26816,1,1,1, 26817
17,26819,3,3,1, 26822
7,26832,1,1,1, 26833
8,26836,1,1,1, 26837
16,26839,2,2,1, 26841
6,26850,2,2,1, 26852
7,26852,1,1,1, 26853
8,26856,1,1,1, 26857
31,26856,2,2,1, 26858
7,26872,1,1,0, 26873
8,26876,1,1,1, 26877
31,26876,2,2,1, 26878
6,26890,2,2,1, 26892
7,26892,1,1,0, 26893
8,26896,1,1,0, 26897
7,26912,1,1,1, 26913
8,26916,1,1,1, 26917
16,26919,2,2,1, 26921
1,26926,1,1,0, 26927
24,26929,1,1,0, 26930
6,26930,2,2,1, 26932
7,26932,1,1,1, 26933
8,26936,1,1,1, 26937
9,26937,2,2,1, 26939
26,26937,3,3,1, 26940
16,26939,2,2,1, 26941
14,26939,3,3,1, 26942
1,26946,1,1,1, 26947
1,26966,1,1,1, 26967
1,26986,1,1,1, 26987
1,27006,1,1,0, 27007
1,27026,1,1,1, 27027
2,27043,2,2,1, 27045
1,27046,1,1,0, 27047
24,27049,1,1,1, 27050
7,27052,1,1,1, 27053
25,27055,2,2,1, 27057
8,27056,1,1,1, 27057
16,27059,2,2,1, 27061
17,27059,3,3,1, 27062
24,27069,1,1,0, 27070
7,27072,1,1,0, 27073
8,27076,1,1,1, 27077
16,27079,2,2,1, 27081
24,27089,1,1,1, 27090
7,27092,1,1,1, 27093
8,27096,1,1,1, 27097
16,27099,2,2,1, 27101
15,27101,2,2,1, 27103
24,27109,1,1,0, 27110
7,27112,1,1,1, 27113
8,27116,1,1,0, 27117
1,27126,1,1,0, 27127
24,27129,1,1,1, 27130
7,27132,1,1,0, 27133
8,27136,1,1,1, 27137
31,27136,2,2,1, 27138
1,27146,1,1,1, 27147
24,27149,1,1,1, 27150
6,27150,2,2,1, 27152
7,27152,1,1,1, 27153
8,27156,1,1,1, 27157
1,27166,1,1,1, 27167
24,27169,1,1,1, 27170
7,27172,1,1,0, 27173
25,27175,2,2,1, 27177
8,27176,1,1,1, 27177
9,27177,2,2,1, 27179
26,27177,3,3,1, 27180
16,27179,2,2,1, 27181
15,27181,2,2,1, 27183
7,27192,1,1,1, 27193
8,27196,1,1,1, 27197
6,27210,2,2,1, 27212
7,27212,1,1,1, 27213
8,27216,1,1,0, 27217
15,27221,2,2,1, 27223
6,27230,2,2,1, 27232
7,27232,1,1,1, 27233
8,27236,1,1,1, 27237
7,27252,1,1,1, 27253
8,27256,1,1,1, 27257
6,27270,2,2,1, 27272
7,27272,1,1,0, 27273
8,27276,1,1,0, 27277
1,27286,1,1,1, 27287
24,27289,1,1,0, 27290
7,27292,1,1,0, 27293
25,27295,2,2,1, 27297
8,27296,1,1,1, 27297
16,27299,2,2,1, 27301
6,27310,2,2,1, 27312
7,27312,1,1,0, 27313
8,27316,1,1,0, 27317
6,27330,2,2,1, 27332
7,27332,1,1,0, 27333
8,27336,1,1,1, 27337
7,27352,1,1,0, 27353
8,27356,1,1,0, 27357
7,27372,1,1,0, 27373
8,27376,1,1,0, 27377
7,27392,1,1,0, 27393
8,27396,1,1,0, 27397
1,27406,1,1,0, 27407
24,27409,1,1,1, 27410
7,27412,1,1,1, 27413
8,27416,1,1,1, 27417
31,27416,2,2,1, 27418
7,27432,1,1,1, 27433
8,27436,1,1,1, 27437
7,27452,1,1,1, 27453
8,27456,1,1,1, 27457
7,27472,1,1,1, 27473
8,27476,1,1,0, 27477
16,27479,2,2,1, 27481
6,27490,2,2,1, 27492
7,27492,1,1,1, 27493
8,27496,1,1,1, 27497
7,27512,1,1,0, 27513
8,27516,1,1,0, 27517
1,27526,1,1,0, 27527
24,27529,1,1,1, 27530
6,27530,2,2,1, 27532
7,27532,1,1,0, 27533
25,27535,2,2,1, 27537
8,27536,1,1,1, 27537
17,27539,3,3,1, 27542
24,27549,1,1,0, 27550
7,27552,1,1,0, 27553
24,27569,1,1,0, 27570
6,27570,2,2,1, 27572
7,27572,1,1,0, 27573
15,27581,2,2,1, 27583
24,27589,1,1,0, 27590
6,27590,2,2,1, 27592
7,27592,1,1,1, 27593
15,27601,2,2,1, 27603
24,27609,1,1,1, 27610
8,27616,1,1,1, 27617
24,27629,1,1,0, 27630
8,27636,1,1,1, 27637
1,27646,1,1,0, 27647
24,27649,1,1,0, 27650
25,27655,2,2,1, 27657
8,27656,1,1,1, 27657
9,27657,2,2,1, 27659
26,27657,3,3,1, 27660
16,27659,2,2,1, 27661
15,27661,2,2,1, 27663
1,27666,1,1,1, 27667
7,27672,1,1,1, 27673
8,27676,1,1,1, 27677
16,27679,2,2,1, 27681
1,27686,1,1,0, 27687
7,27692,1,1,1, 27693
8,27696,1,1,0, 27697
31,27696,2,2,1, 27698
1,27706,1,1,1, 27707
7,27712,1,1,0, 27713
8,27716,1,1,1, 27717
16,27719,2,2,1, 27721
15,27721,2,2,1, 27723
1,27726,1,1,1, 27727
1,27746,1,1,0, 27747
1,27766,1,1,0, 27767
24,27769,1,1,1, 27770
26,27777,3,3,1, 27780
16,27779,2,2,1, 27781
17,27779,3,3,1, 27782
24,27789,1,1,0, 27790
7,27792,1,1,0, 27793
8,27796,1,1,1, 27797
24,27809,1,1,1, 27810
6,27810,2,2,1, 27812
7,27812,1,1,1, 27813
8,27816,1,1,0, 27817
24,27829,1,1,0, 27830
7,27832,1,1,0, 27833
8,27836,1,1,0, 27837
24,27849,1,1,0, 27850
6,27850,2,2,1, 27852
7,27852,1,1,0, 27853
8,27856,1,1,1, 27857
15,27861,2,2,1, 27863
24,27869,1,1,1, 27870
6,27870,2,2,1, 27872
7,27872,1,1,0, 27873
8,27876,1,1,1, 27877
1,27886,1,1,0, 27887
24,27889,1,1,0, 27890
6,27890,2,2,1, 27892
7,27892,1,1,0, 27893
25,27895,2,2,1, 27897
8,27896,1,1,1, 27897
24,27909,1,1,0, 27910
8,27916,1,1,0, 27917
16,27919,2,2,1, 27921
15,27921,2,2,1, 27923
24,27929,1,1,1, 27930
8,27936,1,1,0, 27937
15,27941,2,2,1, 27943
24,27949,1,1,0, 27950
8,27956,1,1,0, 27957
31,27956,2,2,1, 27958
16,27959,2,2,1, 27961
1,27966,1,1,1, 27967
1,27986,1,1,0, 27987
1,28006,1,1,1, 28007
7,28012,1,1,0, 28013
9,28017,2,2,1, 28019
16,28019,2,4,1, 28023
1,28026,1,1,1, 28027
7,28032,1,1,1, 28033
25,28035,2,2,1, 28037
8,28036,1,1,0, 28037
1,28046,1,1,0, 28047
7,28052,1,1,0, 28053
8,28056,1,1,1, 28057
26,28057,3,3,1, 28060
1,28066,1,1,1, 28067
6,28070,2,2,1, 28072
7,28072,1,1,1, 28073
8,28076,1,1,1, 28077
26,28077,3,3,1, 28080
1,28086,1,1,0, 28087
23,28088,3,3,1, 28091
6,28090,2,2,1, 28092
7,28092,1,1,1, 28093
25,28095,2,2,1, 28097
8,28096,1,1,0, 28097
26,28097,3,3,1, 28100
1,28106,1,1,1, 28107
23,28108,3,3,1, 28111
7,28112,1,1,0, 28113
25,28115,2,2,1, 28117
8,28116,1,1,0, 28117
31,28116,2,2,1, 28118
26,28117,3,3,1, 28120
15,28121,2,2,1, 28123
1,28126,1,1,1, 28127
24,28129,1,1,1, 28130
6,28130,2,2,1, 28132
7,28132,1,1,1, 28133
8,28136,1,1,1, 28137
31,28136,2,2,1, 28138
17,28139,3,3,1, 28142
24,28149,1,1,0, 28150
24,28169,1,1,1, 28170
24,28189,1,1,1, 28190
1,28206,1,1,0, 28207
24,28209,1,1,0, 28210
17,28219,3,3,1, 28222
1,28226,1,1,0, 28227
24,28229,1,1,1, 28230
25,28235,2,2,1, 28237
1,28246,1,1,1, 28247
24,28249,1,1,0, 28250
7,28252,1,1,1, 28253
25,28255,2,2,1, 28257
8,28256,1,1,0, 28257
17,28259,3,3,1, 28262
1,28266,1,1,1, 28267
24,28269,1,1,0, 28270
7,28272,1,1,0, 28273
8,28276,1,1,1, 28277
16,28279,2,2,1, 28281
1,28286,1,1,0, 28287
24,28289,1,1,0, 28290
6,28290,2,2,1, 28292
7,28292,1,1,1, 28293
8,28296,1,1,0, 28297
9,28297,2,2,1, 28299
16,28299,2,2,1, 28301
2,28303,2,2,1, 28305
1,28306,1,1,0, 28307
24,28309,1,1,0, 28310
7,28312,1,1,0, 28313
8,28316,1,1,0, 28317
9,28317,2,2,1, 28319
26,28317,3,3,1, 28320
16,28319,2,2,1, 28321
24,28329,1,1,1, 28330
7,28332,1,1,0, 28333
24,28349,1,1,0, 28350
6,28350,2,2,1, 28352
7,28352,1,1,0, 28353
24,28369,1,1,1, 28370
7,28372,1,1,1, 28373
24,28389,1,1,0, 28390
23,28388,3,3,1, 28391
7,28392,1,1,0, 28393
24,28409,1,1,0, 28410
23,28408,3,3,1, 28411
7,28412,1,1,1, 28413
31,28416,2,2,1, 28418
24,28429,1,1,0, 28430
23,28428,3,3,1, 28431
7,28432,1,1,1, 28433
8,28436,1,1,0, 28437
16,28439,2,2,1, 28441
1,28446,1,1,1, 28447
24,28449,1,1,0, 28450
7,28452,1,1,1, 28453
8,28456,1,1,1, 28457
16,28459,2,2,1, 28461
15,28461,2,2,1, 28463
1,28466,1,1,1, 28467
24,28469,1,1,1, 28470
7,28472,1,1,1, 28473
8,28476,1,1,0, 28477
31,28476,2,2,1, 28478
9,28477,2,2,1, 28479
16,28479,2,2,1, 28481
1,28486,1,1,1, 28487
24,28489,1,1,0, 28490
6,28490,2,2,1, 28492
7,28492,1,1,1, 28493
8,28496,1,1,0, 28497
31,28496,2,2,1, 28498
9,28497,2,2,1, 28499
1,28506,1,1,1, 28507
24,28509,1,1,0, 28510
1,28526,1,1,1, 28527
24,28529,1,1,1, 28530
1,28546,1,1,0, 28547
24,28549,1,1,0, 28550
16,28559,2,2,1, 28561
24,28569,1,1,0, 28570
16,28579,2,2,1, 28581
17,28579,3,3,1, 28582
24,28589,1,1,0, 28590
25,28595,2,2,1, 28597
16,28599,2,2,1, 28601
17,28599,3,3,1, 28602
24,28609,1,1,1, 28610
7,28612,1,1,1, 28613
25,28615,2,2,1, 28617
8,28616,1,1,0, 28617
31,28616,2,2,1, 28618
16,28619,2,2,1, 28621
2,28623,2,2,1, 28625
1,28626,1,1,1, 28627
25,28635,2,2,1, 28637
8,28636,1,1,1, 28637
15,28641,2,2,1, 28643
1,28646,1,1,1, 28647
25,28655,2,2,1, 28657
8,28656,1,1,1, 28657
1,28666,1,1,1, 28667
8,28676,1,1,1, 28677
15,28681,2,2,1, 28683
8,28696,1,1,1, 28697
8,28716,1,1,1, 28717
15,28721,2,2,1, 28723
24,28729,1,1,0, 28730
7,28732,1,1,1, 28733
8,28736,1,1,1, 28737
1,28746,1,1,1, 28747
24,28749,1,1,1, 28750
6,28750,2,2,1, 28752
7,28752,1,1,0, 28753
8,28756,1,1,0, 28757
31,28756,2,2,1, 28758
1,28766,1,1,0, 28767
24,28769,1,1,0, 28770
23,28768,3,3,1, 28771
7,28772,1,1,1, 28773
8,28776,1,1,0, 28777
2,28783,2,2,1, 28785
1,28786,1,1,1, 28787
24,28789,1,1,0, 28790
6,28790,2,2,1, 28792
7,28792,1,1,0, 28793
8,28796,1,1,0, 28797
24,28809,1,1,0, 28810
7,28812,1,1,1, 28813
8,28816,1,1,0, 28817
24,28829,1,1,0, 28830
7,28832,1,1,1, 28833
8,28836,1,1,1, 28837
24,28849,1,1,1, 28850
7,28852,1,1,1, 28853
8,28856,1,1,0, 28857
15,28861,2,2,1, 28863
24,28869,1,1,0, 28870
7,28872,1,1,0, 28873
8,28876,1,1,0, 28877
24,28889,1,1,0, 28890
7,28892,1,1,1, 28893
8,28896,1,1,0, 28897
1,28906,1,1,1, 28907
24,28909,1,1,0, 28910
7,28912,1,1,0, 28913
8,28916,1,1,0, 28917
31,28916,2,2,1, 28918
15,28921,2,2,1, 28923
1,28926,1,1,1, 28927
24,28929,1,1,0, 28930
7,28932,1,1,1, 28933
8,28936,1,1,0, 28937
15,28941,2,2,1, 28943
1,28946,1,1,1, 28947
24,28949,1,1,0, 28950
7,28952,1,1,1, 28953
8,28956,1,1,0, 28957
15,28961,2,2,1, 28963
1,28966,1,1,1, 28967
24,28969,1,1,1, 28970
7,28972,1,1,1, 28973
8,28976,1,1,0, 28977
1,28986,1,1,1, 28987
24,28989,1,1,0, 28990
8,28996,1,1,0, 28997
16,28999,2,2,1, 29001
1,29006,1,1,0, 29007
24,29009,1,1,1, 29010
8,29016,1,1,0, 29017
16,29019,2,2,1, 29021
2,29023,2,2,1, 29025
1,29026,1,1,1, 29027
24,29029,1,1,1, 29030
25,29035,2,2,1, 29037
8,29036,1,1,0, 29037
9,29037,2,2,1, 29039
26,29037,3,3,1, 29040
16,29039,2,2,1, 29041
17,29039,3,3,1, 29042
24,29049,1,1,1, 29050
16,29059,2,2,1, 29061
24,29069,1,1,0, 29070
24,29089,1,1,0, 29090
6,29090,2,2,1, 29092
7,29092,1,1,0, 29093
31,29096,2,2,1, 29098
16,29099,2,2,1, 29101
2,29103,2,2,1, 29105
1,29106,1,1,0, 29107
24,29109,1,1,1, 29110
6,29110,2,2,1, 29112
7,29112,1,1,0, 29113
8,29116,1,1,1, 29117
17,29119,3,3,1, 29122
15,29121,2,2,1, 29123
1,29126,1,1,0, 29127
24,29129,1,1,0, 29130
23,29128,3,3,1, 29131
7,29132,1,1,1, 29133
8,29136,1,1,0, 29137
17,29139,3,3,1, 29142
1,29146,1,1,1, 29147
24,29149,1,1,1, 29150
7,29152,1,1,1, 29153
25,29155,2,2,1, 29157
8,29156,1,1,1, 29157
31,29156,2,2,1, 29158
26,29157,3,3,1, 29160
24,29169,1,1,1, 29170
8,29176,1,1,0, 29177
15,29181,2,2,1, 29183
24,29189,1,1,0, 29190
8,29196,1,1,1, 29197
24,29209,1,1,0, 29210
8,29216,1,1,0, 29217
16,29219,2,2,1, 29221
15,29221,2,2,1, 29223
24,29229,1,1,0, 29230
8,29236,1,1,0, 29237
24,29249,1,1,0, 29250
8,29256,1,1,1, 29257
16,29259,2,2,1, 29261
15,29261,2,2,1, 29263
1,29266,1,1,1, 29267
24,29269,1,1,0, 29270
6,29270,2,2,1, 29272
7,29272,1,1,1, 29273
25,29275,2,2,1, 29277
8,29276,1,1,1, 29277
31,29276,2,2,1, 29278
1,29386,1,1,0, 29387
24,29389,1,1,0, 29390
7,29392,1,1,1, 29393
25,29395,2,2,1, 29397
8,29396,1,1,1, 29397
26,29397,3,3,1, 29400
15,29401,2,2,1, 29403
24,29409,1,1,1, 29410
7,29412,1,1,1, 29413
8,29416,1,1,0, 29417
24,29429,1,1,1, 29430
7,29432,1,1,1, 29433
8,29436,1,1,1, 29437
15,29441,2,2,1, 29443
24,29449,1,1,0, 29450
7,29452,1,1,1, 29453
8,29456,1,1,0, 29457
24,29469,1,1,0, 29470
8,29476,1,1,0, 29477
24,29489,1,1,0, 29490
8,29496,1,1,0, 29497
15,29501,2,2,1, 29503
1,29506,1,1,0, 29507
24,29509,1,1,0, 29510
25,29515,2,2,1, 29517
8,29516,1,1,0, 29517
16,29519,2,2,1, 29521
17,29519,3,3,1, 29522
8,29536,1,1,0, 29537
16,29539,2,2,1, 29541
8,29556,1,1,1, 29557
16,29559,2,2,1, 29561
7,29572,1,1,1, 29573
8,29576,1,1,0, 29577
7,29592,1,1,0, 29593
8,29596,1,1,1, 29597
16,29599,2,2,1, 29601
7,29612,1,1,1, 29613
8,29616,1,1,0, 29617
16,29619,2,2,1, 29621
1,29626,1,1,1, 29627
24,29629,1,1,1, 29630
6,29630,2,2,1, 29632
7,29632,1,1,1, 29633
8,29636,1,1,1, 29637
9,29637,2,2,1, 29639
16,29639,2,2,1, 29641
15,29641,2,2,1, 29643
24,29649,1,1,0, 29650
6,29650,2,2,1, 29652
7,29652,1,1,1, 29653
25,29655,2,2,1, 29657
26,29657,3,3,1, 29660
24,29669,1,1,1, 29670
7,29672,1,1,0, 29673
25,29675,2,2,1, 29677
31,29676,2,2,1, 29678
26,29677,3,3,1, 29680
24,29689,1,1,1, 29690
7,29692,1,1,0, 29693
26,29697,3,3,1, 29700
24,29709,1,1,1, 29710
7,29712,1,1,0, 29713
31,29716,2,2,1, 29718
15,29721,2,2,1, 29723
24,29729,1,1,0, 29730
7,29732,1,1,0, 29733
1,29746,1,1,1, 29747
24,29749,1,1,0, 29750
7,29752,1,1,0, 29753
8,29756,1,1,1, 29757
31,29756,2,2,1, 29758
16,29759,2,2,1, 29761
17,29759,3,3,1, 29762
2,29763,2,2,1, 29765
1,29766,1,1,0, 29767
7,29772,1,1,1, 29773
8,29776,1,1,0, 29777
16,29779,2,2,1, 29781
2,29783,2,2,1, 29785
1,29786,1,1,1, 29787
7,29792,1,1,1, 29793
8,29796,1,1,0, 29797
2,29803,2,2,1, 29805
1,29806,1,1,1, 29807
6,29810,2,2,1, 29812
7,29812,1,1,1, 29813
8,29816,1,1,0, 29817
16,29819,2,2,1, 29821
1,29826,1,1,1, 29827
7,29832,1,1,0, 29833
8,29836,1,1,1, 29837
9,29837,2,2,1, 29839
16,29839,2,2,1, 29841
1,29846,1,1,1, 29847
7,29852,1,1,0, 29853
8,29856,1,1,0, 29857
9,29857,2,2,1, 29859
1,29866,1,1,0, 29867
24,29869,1,1,1, 29870
6,29870,2,2,1, 29872
7,29872,1,1,1, 29873
8,29876,1,1,1, 29877
31,29876,2,2,1, 29878
9,29877,2,2,1, 29879
26,29877,3,3,1, 29880
24,29889,1,1,0, 29890
24,29909,1,1,1, 29910
24,29929,1,1,0, 29930
1,29946,1,1,0, 29947
24,29949,1,1,0, 29950
9,29957,2,2,1, 29959
16,29959,2,2,1, 29961
1,29966,1,1,1, 29967
24,29969,1,1,1, 29970
25,29975,2,2,1, 29977
9,29977,2,2,1, 29979
16,29979,2,2,1, 29981
17,29979,3,3,1, 29982
1,29986,1,1,1, 29987
24,29989,1,1,0, 29990
7,29992,1,1,0, 29993
8,29996,1,1,1, 29997
16,29999,2,2,1, 30001
24,30009,1,1,1, 30010
7,30012,1,1,0, 30013
8,30016,1,1,1, 30017
31,30016,2,2,1, 30018
24,30029,1,1,0, 30030
7,30032,1,1,0, 30033
8,30036,1,1,0, 30037
24,30049,1,1,1, 30050
7,30052,1,1,0, 30053
8,30056,1,1,1, 30057
24,30069,1,1,0, 30070
7,30072,1,1,0, 30073
8,30076,1,1,1, 30077
15,30081,2,2,1, 30083
24,30089,1,1,0, 30090
7,30092,1,1,1, 30093
8,30096,1,1,0, 30097
15,30101,2,2,1, 30103
1,30106,1,1,1, 30107
24,30109,1,1,0, 30110
7,30112,1,1,0, 30113
25,30115,2,2,1, 30117
8,30116,1,1,1, 30117
9,30117,2,2,1, 30119
16,30119,2,2,1, 30121
17,30119,3,3,1, 30122
24,30129,1,1,1, 30130
6,30130,2,2,1, 30132
7,30132,1,1,0, 30133
8,30136,1,1,1, 30137
16,30139,2,2,1, 30141
15,30141,2,2,1, 30143
24,30149,1,1,1, 30150
6,30150,2,2,1, 30152
7,30152,1,1,0, 30153
8,30156,1,1,0, 30157
16,30159,2,2,1, 30161
15,30161,2,2,1, 30163
24,30169,1,1,1, 30170
6,30170,2,2,1, 30172
7,30172,1,1,0, 30173
8,30176,1,1,0, 30177
31,30176,2,2,1, 30178
16,30179,2,2,1, 30181
15,30181,2,2,1, 30183
1,30186,1,1,1, 30187
8,30196,1,1,0, 30197
17,30199,3,3,1, 30202
1,30206,1,1,0, 30207
8,30216,1,1,0, 30217
17,30219,3,3,1, 30222
1,30226,1,1,0, 30227
8,30236,1,1,1, 30237
9,30237,2,2,1, 30239
17,30239,3,3,1, 30242
1,30246,1,1,1, 30247
25,30255,2,2,1, 30257
8,30256,1,1,0, 30257
17,30259,3,3,1, 30262
1,30266,1,1,1, 30267
25,30275,2,2,1, 30277
8,30276,1,1,1, 30277
15,30281,2,2,1, 30283
1,30286,1,1,0, 30287
24,30289,1,1,0, 30290
6,30290,2,2,1, 30292
7,30292,1,1,1, 30293
8,30296,1,1,1, 30297
26,30297,3,3,1, 30300
17,30299,3,3,1, 30302
24,30309,1,1,1, 30310
6,30310,2,2,1, 30312
7,30312,1,1,1, 30313
8,30316,1,1,0, 30317
16,30319,2,2,1, 30321
24,30329,1,1,0, 30330
7,30332,1,1,1, 30333
8,30336,1,1,1, 30337
16,30339,2,2,1, 30341
24,30349,1,1,1, 30350
6,30350,2,2,1, 30352
7,30352,1,1,0, 30353
8,30356,1,1,1, 30357
1,30366,1,1,1, 30367
24,30369,1,1,1, 30370
6,30370,2,2,1, 30372
7,30372,1,1,0, 30373
25,30375,2,2,1, 30377
8,30376,1,1,0, 30377
9,30377,2,2,1, 30379
24,30389,1,1,0, 30390
6,30390,2,2,1, 30392
7,30392,1,1,1, 30393
8,30396,1,1,0, 30397
24,30409,1,1,1, 30410
6,30410,2,2,1, 30412
7,30412,1,1,0, 30413
25,30415,2,2,1, 30417
8,30416,1,1,0, 30417
31,30416,2,2,1, 30418
9,30417,2,2,1, 30419
1,30426,1,1,0, 30427
24,30429,1,1,0, 30430
8,30436,1,1,0, 30437
16,30439,2,2,1, 30441
15,30441,2,2,1, 30443
1,30446,1,1,1, 30447
24,30449,1,1,0, 30450
8,30456,1,1,0, 30457
31,30456,2,2,1, 30458
9,30457,2,2,1, 30459
16,30459,2,2,1, 30461
15,30461,2,2,1, 30463
1,30466,1,1,1, 30467
24,30469,1,1,0, 30470
8,30476,1,1,0, 30477
9,30477,2,2,1, 30479
16,30479,2,2,1, 30481
15,30481,2,2,1, 30483
1,30486,1,1,1, 30487
24,30489,1,1,1, 30490
8,30496,1,1,0, 30497
1,30506,1,1,1, 30507
24,30509,1,1,0, 30510
8,30516,1,1,0, 30517
1,30526,1,1,0, 30527
24,30529,1,1,1, 30530
7,30532,1,1,0, 30533
25,30535,2,2,1, 30537
8,30536,1,1,0, 30537
1,30546,1,1,0, 30547
6,30550,2,2,1, 30552
7,30552,1,1,1, 30553
25,30555,2,2,1, 30557
1,30566,1,1,0, 30567
7,30572,1,1,0, 30573
1,30586,1,1,1, 30587
6,30590,2,2,1, 30592
7,30592,1,1,0, 30593
1,30606,1,1,1, 30607
7,30612,1,1,0, 30613
1,30626,1,1,0, 30627
7,30632,1,1,1, 30633
25,30635,2,2,1, 30637
1,30646,1,1,0, 30647
24,30649,1,1,1, 30650
7,30652,1,1,1, 30653
25,30655,2,2,1, 30657
8,30656,1,1,1, 30657
31,30656,2,2,1, 30658
17,30659,3,3,1, 30662
24,30669,1,1,0, 30670
7,30672,1,1,0, 30673
8,30676,1,1,1, 30677
15,30681,2,2,1, 30683
24,30689,1,1,0, 30690
7,30692,1,1,1, 30693
8,30696,1,1,1, 30697
15,30701,2,2,1, 30703
24,30709,1,1,1, 30710
7,30712,1,1,0, 30713
8,30716,1,1,1, 30717
15,30721,2,2,1, 30723
2,30723,2,2,1, 30725
1,30726,1,1,0, 30727
24,30729,1,1,1, 30730
6,30730,2,2,1, 30732
7,30732,1,1,1, 30733
8,30736,1,1,0, 30737
15,30741,2,2,1, 30743
2,30743,2,2,1, 30745
1,30746,1,1,0, 30747
24,30749,1,1,1, 30750
7,30752,1,1,0, 30753
8,30756,1,1,1, 30757
15,30761,2,2,1, 30763
1,30766,1,1,0, 30767
24,30769,1,1,1, 30770
6,30770,2,2,1, 30772
7,30772,1,1,1, 30773
8,30776,1,1,1, 30777
9,30777,2,2,1, 30779
24,30789,1,1,0, 30790
6,30790,2,2,1, 30792
7,30792,1,1,0, 30793
15,30801,2,2,1, 30803
24,30809,1,1,1, 30810
7,30812,1,1,0, 30813
31,30816,2,2,1, 30818
24,30829,1,1,0, 30830
6,30830,2,2,1, 30832
7,30832,1,1,1, 30833
31,30836,2,2,1, 30838
15,30841,2,2,1, 30843
24,30849,1,1,0, 30850
31,30856,2,2,1, 30858
24,30869,1,1,0, 30870
31,30876,2,2,1, 30878
16,30879,2,2,1, 30881
1,30886,1,1,0, 30887
24,30889,1,1,0, 30890
8,30896,1,1,0, 30897
9,30897,2,2,1, 30899
8,30916,1,1,0, 30917
8,30936,1,1,1, 30937
7,30952,1,1,0, 30953
8,30956,1,1,0, 30957
24,30969,1,1,1, 30970
7,30972,1,1,0, 30973
8,30976,1,1,1, 30977
15,30981,2,2,1, 30983
24,30989,1,1,0, 30990
7,30992,1,1,1, 30993
8,30996,1,1,0, 30997
16,30999,2,2,1, 31001
15,31001,2,2,1, 31003
1,31006,1,1,1, 31007
24,31009,1,1,1, 31010
7,31012,1,1,0, 31013
25,31015,2,2,1, 31017
8,31016,1,1,1, 31017
9,31017,2,2,1, 31019
15,31021,2,2,1, 31023
1,31026,1,1,0, 31027
24,31029,1,1,1, 31030
7,31032,1,1,0, 31033
8,31036,1,1,0, 31037
1,31046,1,1,0, 31047
24,31049,1,1,1, 31050
6,31050,2,2,1, 31052
7,31052,1,1,1, 31053
8,31056,1,1,1, 31057
31,31056,2,2,1, 31058
15,31061,2,2,1, 31063
1,31066,1,1,0, 31067
24,31069,1,1,0, 31070
7,31072,1,1,1, 31073
8,31076,1,1,1, 31077
1,31086,1,1,1, 31087
24,31089,1,1,0, 31090
6,31090,2,2,1, 31092
7,31092,1,1,0, 31093
8,31096,1,1,1, 31097
1,31106,1,1,0, 31107
24,31109,1,1,0, 31110
7,31112,1,1,0, 31113
8,31116,1,1,0, 31117
1,31126,1,1,0, 31127
24,31129,1,1,0, 31130
6,31130,2,2,1, 31132
7,31132,1,1,0, 31133
25,31135,2,2,1, 31137
8,31136,1,1,1, 31137
17,31139,3,3,1, 31142
24,31149,1,1,0, 31150
7,31152,1,1,1, 31153
8,31156,1,1,0, 31157
24,31169,1,1,1, 31170
7,31172,1,1,1, 31173
8,31176,1,1,0, 31177
24,31189,1,1,1, 31190
7,31192,1,1,1, 31193
8,31196,1,1,0, 31197
24,31209,1,1,1, 31210
7,31212,1,1,0, 31213
8,31216,1,1,1, 31217
24,31229,1,1,0, 31230
6,31230,2,2,1, 31232
7,31232,1,1,0, 31233
8,31236,1,1,1, 31237
1,31246,1,1,0, 31247
24,31249,1,1,1, 31250
6,31250,2,2,1, 31252
7,31252,1,1,0, 31253
25,31255,2,2,1, 31257
8,31256,1,1,0, 31257
26,31257,3,3,1, 31260
16,31259,2,2,1, 31261
15,31261,2,2,1, 31263
24,31269,1,1,0, 31270
7,31272,1,1,0, 31273
25,31275,2,2,1, 31277
31,31276,2,2,1, 31278
16,31279,2,2,1, 31281
15,31281,2,2,1, 31283
24,31289,1,1,1, 31290
7,31292,1,1,1, 31293
31,31296,2,2,1, 31298
15,31301,2,2,1, 31303
24,31309,1,1,0, 31310
7,31312,1,1,1, 31313
31,31316,2,2,1, 31318
1,31366,1,1,1, 31367
8,31376,1,1,1, 31377
9,31377,2,2,1, 31379
16,31379,2,2,1, 31381
1,31386,1,1,1, 31387
8,31396,1,1,1, 31397
1,31406,1,1,0, 31407
8,31416,1,1,1, 31417
1,31426,1,1,1, 31427
24,31429,1,1,1, 31430
6,31430,2,2,1, 31432
7,31432,1,1,1, 31433
8,31436,1,1,0, 31437
15,31441,2,2,1, 31443
1,31446,1,1,1, 31447
24,31449,1,1,1, 31450
6,31450,2,2,1, 31452
7,31452,1,1,1, 31453
8,31456,1,1,1, 31457
31,31456,2,2,1, 31458
16,31459,2,2,1, 31461
1,31466,1,1,0, 31467
24,31469,1,1,1, 31470
6,31470,2,2,1, 31472
7,31472,1,1,0, 31473
8,31476,1,1,1, 31477
16,31479,2,2,1, 31481
15,31481,2,2,1, 31483
1,31486,1,1,0, 31487
24,31489,1,1,0, 31490
7,31492,1,1,0, 31493
8,31496,1,1,0, 31497
9,31497,2,2,1, 31499
26,31497,3,3,1, 31500
17,31499,3,3,1, 31502
15,31501,2,2,1, 31503
24,31509,1,1,1, 31510
7,31512,1,1,1, 31513
8,31516,1,1,1, 31517
9,31517,2,2,1, 31519
24,31529,1,1,0, 31530
7,31532,1,1,0, 31533
8,31536,1,1,0, 31537
24,31549,1,1,1, 31550
7,31552,1,1,0, 31553
8,31556,1,1,0, 31557
1,31566,1,1,0, 31567
7,31572,1,1,1, 31573
25,31575,2,2,1, 31577
2,31583,2,2,1, 31585
1,31586,1,1,0, 31587
7,31592,1,1,0, 31593
2,31603,2,2,1, 31605
1,31606,1,1,0, 31607
7,31612,1,1,0, 31613
25,31615,2,2,1, 31617
1,31626,1,1,0, 31627
7,31632,1,1,1, 31633
25,31635,2,2,1, 31637
1,31646,1,1,1, 31647
7,31652,1,1,1, 31653
25,31655,2,2,1, 31657
1,31666,1,1,1, 31667
24,31669,1,1,0, 31670
7,31672,1,1,0, 31673
25,31675,2,2,1, 31677
8,31676,1,1,1, 31677
31,31676,2,2,1, 31678
16,31679,2,2,1, 31681
17,31679,3,3,1, 31682
24,31689,1,1,1, 31690
7,31692,1,1,1, 31693
8,31696,1,1,0, 31697
31,31696,2,2,1, 31698
24,31709,1,1,0, 31710
7,31712,1,1,1, 31713
8,31716,1,1,0, 31717
15,31721,2,2,1, 31723
24,31729,1,1,1, 31730
6,31730,2,2,1, 31732
7,31732,1,1,1, 31733
8,31736,1,1,0, 31737
15,31741,2,2,1, 31743
24,31749,1,1,0, 31750
8,31756,1,1,1, 31757
31,31756,2,2,1, 31758
24,31769,1,1,0, 31770
8,31776,1,1,1, 31777
31,31776,2,2,1, 31778
1,31786,1,1,0, 31787
24,31789,1,1,1, 31790
25,31795,2,2,1, 31797
8,31796,1,1,1, 31797
16,31799,2,2,1, 31801
24,31809,1,1,0, 31810
24,31829,1,1,0, 31830
24,31849,1,1,1, 31850
7,31852,1,1,1, 31853
24,31869,1,1,1, 31870
7,31872,1,1,0, 31873
8,31876,1,1,1, 31877
24,31889,1,1,0, 31890
7,31892,1,1,0, 31893
8,31896,1,1,0, 31897
31,31896,2,2,1, 31898
1,31906,1,1,1, 31907
24,31909,1,1,1, 31910
7,31912,1,1,0, 31913
8,31916,1,1,0, 31917
9,31917,2,2,1, 31919
16,31919,2,2,1, 31921
15,31921,2,2,1, 31923
2,31923,2,2,1, 31925
1,31926,1,1,1, 31927
24,31929,1,1,0, 31930
6,31930,2,2,1, 31932
7,31932,1,1,0, 31933
25,31935,2,2,1, 31937
8,31936,1,1,0, 31937
9,31937,2,2,1, 31939
24,31949,1,1,1, 31950
7,31952,1,1,1, 31953
8,31956,1,1,1, 31957
24,31969,1,1,0, 31970
7,31972,1,1,1, 31973
8,31976,1,1,0, 31977
9,31977,2,2,1, 31979
24,31989,1,1,0, 31990
7,31992,1,1,1, 31993
8,31996,1,1,1, 31997
24,32009,1,1,0, 32010
6,32010,2,2,1, 32012
7,32012,1,1,1, 32013
8,32016,1,1,1, 32017
9,32017,2,2,1, 32019
24,32029,1,1,0, 32030
6,32030,2,2,1, 32032
7,32032,1,1,1, 32033
8,32036,1,1,0, 32037
16,32039,2,2,1, 32041
15,32041,2,2,1, 32043
1,32046,1,1,0, 32047
24,32049,1,1,1, 32050
7,32052,1,1,0, 32053
31,32056,2,2,1, 32058
26,32057,3,3,1, 32060
16,32059,2,2,1, 32061
17,32059,3,3,1, 32062
15,32061,2,2,1, 32063
1,32066,1,1,1, 32067
24,32069,1,1,1, 32070
7,32072,1,1,1, 32073
31,32076,2,2,1, 32078
15,32081,2,2,1, 32083
1,32086,1,1,0, 32087
24,32089,1,1,0, 32090
6,32090,2,2,1, 32092
7,32092,1,1,1, 32093
16,32099,2,2,1, 32101
17,32099,3,3,1, 32102
1,32106,1,1,1, 32107
25,32115,2,2,1, 32117
1,32126,1,1,1, 32127
17,32139,3,3,1, 32142
2,32143,2,2,1, 32145
1,32146,1,1,0, 32147
25,32155,2,2,1, 32157
8,32156,1,1,1, 32157
9,32157,2,2,1, 32159
17,32159,3,3,1, 32162
6,32170,2,2,1, 32172
7,32172,1,1,0, 32173
8,32176,1,1,0, 32177
7,32192,1,1,0, 32193
8,32196,1,1,0, 32197
16,32199,2,2,1, 32201
24,32209,1,1,0, 32210
7,32212,1,1,1, 32213
8,32216,1,1,1, 32217
31,32216,2,2,1, 32218
16,32219,2,2,1, 32221
24,32229,1,1,1, 32230
8,32236,1,1,1, 32237
24,32249,1,1,0, 32250
8,32256,1,1,0, 32257
1,32266,1,1,0, 32267
24,32269,1,1,0, 32270
25,32275,2,2,1, 32277
8,32276,1,1,0, 32277
24,32289,1,1,0, 32290
8,32296,1,1,0, 32297
24,32309,1,1,0, 32310
8,32316,1,1,0, 32317
24,32329,1,1,0, 32330
7,32332,1,1,1, 32333
8,32336,1,1,1, 32337
24,32349,1,1,1, 32350
7,32352,1,1,1, 32353
8,32356,1,1,1, 32357
31,32356,2,2,1, 32358
15,32361,2,2,1, 32363
24,32369,1,1,1, 32370
7,32372,1,1,1, 32373
8,32376,1,1,1, 32377
31,32376,2,2,1, 32378
1,32386,1,1,0, 32387
24,32389,1,1,0, 32390
7,32392,1,1,1, 32393
8,32396,1,1,1, 32397
31,32396,2,2,1, 32398
8,32416,1,1,1, 32417
8,32436,1,1,1, 32437
8,32456,1,1,0, 32457
8,32476,1,1,1, 32477
8,32496,1,1,1, 32497
1,32506,1,1,0, 32507
24,32509,1,1,0, 32510
7,32512,1,1,0, 32513
8,32516,1,1,1, 32517
9,32517,2,2,1, 32519
17,32519,3,3,1, 32522
15,32521,2,2,1, 32523
24,32529,1,1,0, 32530
7,32532,1,1,1, 32533
8,32536,1,1,1, 32537
16,32539,2,2,1, 32541
24,32549,1,1,1, 32550
7,32552,1,1,0, 32553
8,32556,1,1,0, 32557
24,32569,1,1,0, 32570
7,32572,1,1,1, 32573
8,32576,1,1,0, 32577
15,32581,2,2,1, 32583
1,32586,1,1,0, 32587
24,32589,1,1,1, 32590
7,32592,1,1,1, 32593
8,32596,1,1,1, 32597
17,32599,3,3,1, 32602
1,32606,1,1,0, 32607
24,32609,1,1,1, 32610
6,32610,2,2,1, 32612
7,32612,1,1,0, 32613
8,32616,1,1,0, 32617
31,32616,2,2,1, 32618
2,32623,2,2,1, 32625
1,32626,1,1,0, 32627
24,32629,1,1,0, 32630
6,32630,2,2,1, 32632
7,32632,1,1,1, 32633
8,32636,1,1,1, 32637
31,32636,2,2,1, 32638
17,32639,3,3,1, 32642
1,32646,1,1,0, 32647
24,32649,1,1,0, 32650
7,32652,1,1,1, 32653
1,32666,1,1,1, 32667
24,32669,1,1,1, 32670
7,32672,1,1,0, 32673
1,32686,1,1,1, 32687
24,32689,1,1,1, 32690
7,32692,1,1,0, 32693
25,32695,2,2,1, 32697
31,32696,2,2,1, 32698
1,32706,1,1,0, 32707
24,32709,1,1,1, 32710
7,32712,1,1,1, 32713
25,32715,2,2,1, 32717
15,32721,2,2,1, 32723
1,32726,1,1,0, 32727
24,32729,1,1,1, 32730
7,32732,1,1,1, 32733
25,32735,2,2,1, 32737
15,32741,2,2,1, 32743
1,32746,1,1,0, 32747
24,32749,1,1,0, 32750
6,32750,2,2,1, 32752
7,32752,1,1,1, 32753
8,32756,1,1,1, 32757
1,32766,1,1,0, 32767
7,32772,1,1,0, 32773
8,32776,1,1,1, 32777
16,32779,2,2,1, 32781
1,32786,1,1,1, 32787
7,32792,1,1,1, 32793
8,32796,1,1,0, 32797
2,32803,2,2,1, 32805
1,32806,1,1,0, 32807
7,32812,1,1,0, 32813
8,32816,1,1,0, 32817
7,32832,1,1,1, 32833
8,32836,1,1,1, 32837
9,32837,2,2,1, 32839
16,32839,2,2,1, 32841
17,32839,3,3,1, 32842
7,32852,1,1,0, 32853
8,32856,1,1,0, 32857
9,32857,2,2,1, 32859
24,32869,1,1,1, 32870
7,32872,1,1,0, 32873
8,32876,1,1,0, 32877
31,32876,2,2,1, 32878
9,32877,2,2,1, 32879
16,32879,2,2,1, 32881
24,32889,1,1,1, 32890
16,32899,2,2,1, 32901
24,32909,1,1,0, 32910
1,32926,1,1,1, 32927
24,32929,1,1,0, 32930
24,32949,1,1,1, 32950
8,32956,1,1,1, 32957
24,32969,1,1,1, 32970
8,32976,1,1,0, 32977
26,32977,3,3,1, 32980
24,32989,1,1,1, 32990
7,32992,1,1,0, 32993
25,32995,2,2,1, 32997
8,32996,1,1,0, 32997
24,33009,1,1,1, 33010
7,33012,1,1,1, 33013
8,33016,1,1,0, 33017
31,33016,2,2,1, 33018
16,33019,2,2,1, 33021
24,33029,1,1,0, 33030
7,33032,1,1,1, 33033
8,33036,1,1,1, 33037
16,33039,2,2,1, 33041
1,33046,1,1,1, 33047
24,33049,1,1,1, 33050
7,33052,1,1,0, 33053
8,33056,1,1,1, 33057
17,33059,3,3,1, 33062
1,33066,1,1,0, 33067
24,33069,1,1,1, 33070
7,33072,1,1,1, 33073
15,33081,2,2,1, 33083
2,33083,2,2,1, 33085
1,33086,1,1,1, 33087
24,33089,1,1,0, 33090
7,33092,1,1,1, 33093
1,33106,1,1,1, 33107
24,33109,1,1,1, 33110
6,33110,2,2,1, 33112
7,33112,1,1,1, 33113
15,33121,2,2,1, 33123
1,33126,1,1,0, 33127
24,33129,1,1,0, 33130
6,33130,2,2,1, 33132
7,33132,1,1,0, 33133
15,33141,2,2,1, 33143
1,33146,1,1,0, 33147
24,33149,1,1,1, 33150
6,33150,2,2,1, 33152
7,33152,1,1,0, 33153
9,33157,2,2,1, 33159
1,33166,1,1,1, 33167
24,33169,1,1,1, 33170
7,33172,1,1,1, 33173
8,33176,1,1,1, 33177
16,33179,2,2,1, 33181
24,33189,1,1,0, 33190
7,33192,1,1,1, 33193
8,33196,1,1,0, 33197
24,33209,1,1,1, 33210
7,33212,1,1,0, 33213
8,33216,1,1,1, 33217
16,33219,2,2,1, 33221
24,33229,1,1,1, 33230
7,33232,1,1,0, 33233
8,33236,1,1,0, 33237
16,33239,2,2,1, 33241
24,33249,1,1,1, 33250
7,33252,1,1,1, 33253
8,33256,1,1,1, 33257
24,33269,1,1,0, 33270
7,33272,1,1,1, 33273
8,33276,1,1,1, 33277
16,33279,2,2,1, 33281
1,33286,1,1,0, 33287
24,33289,1,1,0, 33290
7,33292,1,1,0, 33293
25,33295,2,2,1, 33297
8,33296,1,1,1, 33297
9,33297,2,2,1, 33299
16,33299,2,2,1, 33301
15,33301,2,2,1, 33303
24,33309,1,1,0, 33310
7,33312,1,1,1, 33313
25,33315,2,2,1, 33317
15,33321,2,2,1, 33323
24,33329,1,1,0, 33330
6,33330,2,2,1, 33332
7,33332,1,1,0, 33333
25,33335,2,2,1, 33337
15,33341,2,2,1, 33343
24,33349,1,1,0, 33350
7,33352,1,1,1, 33353
31,33356,2,2,1, 33358
24,33369,1,1,1, 33370
24,33389,1,1,1, 33390
1,33406,1,1,1, 33407
24,33409,1,1,1, 33410
8,33416,1,1,0, 33417
16,33419,2,2,1, 33421
1,33426,1,1,1, 33427
24,33429,1,1,1, 33430
8,33436,1,1,1, 33437
1,33446,1,1,1, 33447
24,33449,1,1,0, 33450
8,33456,1,1,0, 33457
31,33456,2,2,1, 33458
16,33459,2,2,1, 33461
1,33466,1,1,0, 33467
24,33469,1,1,1, 33470
7,33472,1,1,0, 33473
8,33476,1,1,0, 33477
31,33476,2,2,1, 33478
15,33481,2,2,1, 33483
1,33486,1,1,0, 33487
24,33489,1,1,0, 33490
7,33492,1,1,1, 33493
8,33496,1,1,0, 33497
16,33499,2,2,1, 33501
15,33501,2,2,1, 33503
1,33506,1,1,1, 33507
24,33509,1,1,1, 33510
7,33512,1,1,0, 33513
8,33516,1,1,0, 33517
16,33519,2,2,1, 33521
15,33521,2,2,1, 33523
1,33526,1,1,0, 33527
24,33529,1,1,1, 33530
6,33530,2,2,1, 33532
7,33532,1,1,1, 33533
8,33536,1,1,1, 33537
9,33537,2,2,1, 33539
24,33549,1,1,0, 33550
7,33552,1,1,0, 33553
24,33569,1,1,0, 33570
7,33572,1,1,0, 33573
25,33575,2,2,1, 33577
24,33589,1,1,1, 33590
7,33592,1,1,1, 33593
24,33609,1,1,1, 33610
7,33612,1,1,1, 33613
31,33616,2,2,1, 33618
24,33629,1,1,0, 33630
7,33632,1,1,0, 33633
31,33636,2,2,1, 33638
1,33646,1,1,0, 33647
24,33649,1,1,1, 33650
6,33650,2,2,1, 33652
7,33652,1,1,1, 33653
8,33656,1,1,0, 33657
31,33656,2,2,1, 33658
9,33657,2,2,1, 33659
1,33666,1,1,1, 33667
6,33670,2,2,1, 33672
7,33672,1,1,0, 33673
8,33676,1,1,1, 33677
9,33677,2,2,1, 33679
2,33683,2,2,1, 33685
1,33686,1,1,1, 33687
7,33692,1,1,1, 33693
8,33696,1,1,1, 33697
15,33701,2,2,1, 33703
2,33703,2,2,1, 33705
1,33706,1,1,0, 33707
6,33710,2,2,1, 33712
7,33712,1,1,0, 33713
8,33716,1,1,1, 33717
15,33721,2,2,1, 33723
1,33726,1,1,0, 33727
6,33730,2,2,1, 33732
7,33732,1,1,0, 33733
8,33736,1,1,1, 33737
15,33741,2,2,1, 33743
1,33746,1,1,0, 33747
6,33750,2,2,1, 33752
7,33752,1,1,0, 33753
8,33756,1,1,1, 33757
1,33766,1,1,0, 33767
24,33769,1,1,1, 33770
7,33772,1,1,1, 33773
25,33775,2,2,1, 33777
8,33776,1,1,0, 33777
16,33779,2,2,1, 33781
2,33783,2,2,1, 33785
1,33786,1,1,0, 33787
6,33790,2,2,1, 33792
7,33792,1,1,0, 33793
8,33796,1,1,0, 33797
9,33797,2,2,1, 33799
16,33799,2,2,1, 33801
1,33806,1,1,0, 33807
6,33810,2,2,1, 33812
7,33812,1,1,0, 33813
8,33816,1,1,0, 33817
9,33817,2,2,1, 33819
1,33826,1,1,0, 33827
7,33832,1,1,1, 33833
8,33836,1,1,1, 33837
1,33846,1,1,0, 33847
7,33852,1,1,0, 33853
8,33856,1,1,1, 33857
1,33866,1,1,1, 33867
7,33872,1,1,0, 33873
8,33876,1,1,1, 33877
16,33879,2,2,1, 33881
1,33886,1,1,1, 33887
24,33889,1,1,0, 33890
7,33892,1,1,0, 33893
8,33896,1,1,0, 33897
31,33896,2,2,1, 33898
16,33899,2,2,1, 33901
17,33899,3,3,1, 33902
15,33901,2,2,1, 33903
24,33909,1,1,0, 33910
7,33912,1,1,1, 33913
8,33916,1,1,0, 33917
24,33929,1,1,0, 33930
6,33930,2,2,1, 33932
7,33932,1,1,0, 33933
8,33936,1,1,1, 33937
15,33941,2,2,1, 33943
24,33949,1,1,1, 33950
7,33952,1,1,1, 33953
8,33956,1,1,1, 33957
15,33961,2,2,1, 33963
1,33966,1,1,1, 33967
24,33969,1,1,0, 33970
7,33972,1,1,0, 33973
8,33976,1,1,0, 33977
1,33986,1,1,0, 33987
24,33989,1,1,0, 33990
6,33990,2,2,1, 33992
7,33992,1,1,0, 33993
8,33996,1,1,1, 33997
15,34001,2,2,1, 34003
1,34006,1,1,1, 34007
24,34009,1,1,1, 34010
7,34012,1,1,0, 34013
8,34016,1,1,0, 34017
31,34016,2,2,1, 34018
16,34019,2,2,1, 34021
24,34029,1,1,0, 34030
8,34036,1,1,0, 34037
31,34036,2,2,1, 34038
24,34049,1,1,1, 34050
8,34056,1,1,0, 34057
31,34056,2,2,1, 34058
24,34069,1,1,1, 34070
8,34076,1,1,1, 34077
24,34089,1,1,0, 34090
8,34096,1,1,1, 34097
31,34096,2,2,1, 34098
24,34109,1,1,0, 34110
8,34116,1,1,1, 34117
1,34126,1,1,0, 34127
24,34129,1,1,0, 34130
6,34130,2,2,1, 34132
7,34132,1,1,1, 34133
25,34135,2,2,1, 34137
8,34136,1,1,1, 34137
31,34136,2,2,1, 34138
9,34137,2,2,1, 34139
15,34141,2,2,1, 34143
6,34150,2,2,1, 34152
7,34152,1,1,0, 34153
8,34156,1,1,0, 34157
15,34161,2,2,1, 34163
7,34172,1,1,0, 34173
8,34176,1,1,0, 34177
16,34179,2,2,1, 34181
7,34192,1,1,1, 34193
8,34196,1,1,1, 34197
16,34199,2,2,1, 34201
7,34212,1,1,0, 34213
8,34216,1,1,1, 34217
16,34219,2,2,1, 34221
7,34232,1,1,1, 34233
8,34236,1,1,1, 34237
16,34239,2,2,1, 34241
1,34246,1,1,1, 34247
7,34252,1,1,1, 34253
8,34256,1,1,1, 34257
9,34257,2,2,1, 34259
16,34259,2,2,1, 34261
17,34259,3,3,1, 34262
2,34263,2,2,1, 34265
1,34266,1,1,0, 34267
24,34269,1,1,0, 34270
7,34272,1,1,1, 34273
1,34286,1,1,1, 34287
24,34289,1,1,1, 34290
6,34290,2,2,1, 34292
7,34292,1,1,0, 34293
1,34306,1,1,1, 34307
24,34309,1,1,0, 34310
7,34312,1,1,0, 34313
9,34317,2,2,1, 34319
15,34321,2,2,1, 34323
1,34326,1,1,0, 34327
24,34329,1,1,0, 34330
7,34332,1,1,1, 34333
15,34341,2,2,1, 34343
1,34346,1,1,1, 34347
24,34349,1,1,0, 34350
6,34350,2,2,1, 34352
7,34352,1,1,1, 34353
16,34359,2,2,1, 34361
1,34366,1,1,1, 34367
24,34369,1,1,0, 34370
6,34370,2,2,1, 34372
7,34372,1,1,0, 34373
16,34379,2,2,1, 34381
1,34386,1,1,0, 34387
24,34389,1,1,1, 34390
7,34392,1,1,0, 34393
8,34396,1,1,0, 34397
15,34401,2,2,1, 34403
1,34406,1,1,1, 34407
24,34409,1,1,0, 34410
7,34412,1,1,1, 34413
8,34416,1,1,1, 34417
16,34419,2,2,1, 34421
15,34421,2,2,1, 34423
1,34426,1,1,0, 34427
24,34429,1,1,0, 34430
7,34432,1,1,1, 34433
8,34436,1,1,0, 34437
9,34437,2,2,1, 34439
16,34439,2,2,1, 34441
2,34443,2,2,1, 34445
1,34446,1,1,1, 34447
24,34449,1,1,0, 34450
8,34456,1,1,0, 34457
1,34466,1,1,0, 34467
24,34469,1,1,1, 34470
8,34476,1,1,0, 34477
1,34486,1,1,1, 34487
24,34489,1,1,1, 34490
25,34495,2,2,1, 34497
8,34496,1,1,0, 34497
1,34506,1,1,1, 34507
24,34509,1,1,0, 34510
25,34515,2,2,1, 34517
8,34516,1,1,0, 34517
1,34526,1,1,1, 34527
24,34529,1,1,1, 34530
25,34535,2,2,1, 34537
8,34536,1,1,1, 34537
1,34546,1,1,0, 34547
24,34549,1,1,1, 34550
7,34552,1,1,0, 34553
8,34556,1,1,1, 34557
9,34557,2,2,1, 34559
16,34559,2,2,1, 34561
24,34569,1,1,1, 34570
7,34572,1,1,1, 34573
8,34576,1,1,0, 34577
31,34576,2,2,1, 34578
16,34579,2,2,1, 34581
24,34589,1,1,0, 34590
7,34592,1,1,0, 34593
8,34596,1,1,1, 34597
16,34599,2,2,1, 34601
15,34601,2,2,1, 34603
24,34609,1,1,1, 34610
7,34612,1,1,0, 34613
8,34616,1,1,1, 34617
9,34617,2,2,1, 34619
16,34619,2,2,1, 34621
24,34629,1,1,0, 34630
7,34632,1,1,0, 34633
8,34636,1,1,0, 34637
24,34649,1,1,1, 34650
6,34650,2,2,1, 34652
7,34652,1,1,1, 34653
8,34656,1,1,0, 34657
9,34657,2,2,1, 34659
1,34666,1,1,1, 34667
24,34669,1,1,1, 34670
6,34670,2,2,1, 34672
7,34672,1,1,0, 34673
25,34675,2,2,1, 34677
8,34676,1,1,0, 34677
9,34677,2,2,1, 34679
17,34679,3,3,1, 34682
1,34686,1,1,1, 34687
24,34689,1,1,1, 34690
6,34690,2,2,1, 34692
7,34692,1,1,0, 34693
8,34696,1,1,1, 34697
31,34696,2,2,1, 34698
1,34706,1,1,0, 34707
24,34709,1,1,1, 34710
6,34710,2,2,1, 34712
7,34712,1,1,0, 34713
8,34716,1,1,0, 34717
1,34726,1,1,1, 34727
24,34729,1,1,0, 34730
6,34730,2,2,1, 34732
7,34732,1,1,0, 34733
8,34736,1,1,0, 34737
1,34746,1,1,0, 34747
24,34749,1,1,1, 34750
6,34750,2,2,1, 34752
7,34752,1,1,0, 34753
8,34756,1,1,0, 34757
31,34756,2,2,1, 34758
1,34766,1,1,1, 34767
24,34769,1,1,0, 34770
6,34770,2,2,1, 34772
7,34772,1,1,0, 34773
8,34776,1,1,1, 34777
31,34776,2,2,1, 34778
2,34783,2,2,1, 34785
1,34786,1,1,0, 34787
24,34789,1,1,0, 34790
7,34792,1,1,1, 34793
8,34796,1,1,0, 34797
9,34797,2,2,1, 34799
17,34799,3,3,1, 34802
24,34809,1,1,1, 34810
7,34812,1,1,0, 34813
24,34829,1,1,1, 34830
7,34832,1,1,0, 34833
24,34849,1,1,0, 34850
7,34852,1,1,1, 34853
24,34869,1,1,0, 34870
7,34872,1,1,1, 34873
25,34875,2,2,1, 34877
8,34876,1,1,0, 34877
15,34881,2,2,1, 34883
24,34889,1,1,1, 34890
7,34892,1,1,0, 34893
8,34896,1,1,1, 34897
16,34899,2,2,1, 34901
1,34906,1,1,1, 34907
24,34909,1,1,1, 34910
7,34912,1,1,1, 34913
25,34915,2,2,1, 34917
8,34916,1,1,0, 34917
31,34916,2,2,1, 34918
8,34936,1,1,1, 34937
8,34956,1,1,1, 34957
8,34976,1,1,1, 34977
8,34996,1,1,0, 34997
8,35016,1,1,1, 35017
1,35026,1,1,0, 35027
24,35029,1,1,1, 35030
6,35030,2,2,1, 35032
7,35032,1,1,1, 35033
25,35035,2,2,1, 35037
8,35036,1,1,0, 35037
15,35041,2,2,1, 35043
2,35043,2,2,1, 35045
1,35046,1,1,0, 35047
24,35049,1,1,0, 35050
7,35052,1,1,1, 35053
8,35056,1,1,0, 35057
1,35066,1,1,0, 35067
24,35069,1,1,0, 35070
7,35072,1,1,0, 35073
8,35076,1,1,1, 35077
31,35076,2,2,1, 35078
1,35086,1,1,0, 35087
24,35089,1,1,1, 35090
7,35092,1,1,1, 35093
8,35096,1,1,0, 35097
31,35096,2,2,1, 35098
1,35106,1,1,1, 35107
24,35109,1,1,1, 35110
7,35112,1,1,1, 35113
8,35116,1,1,0, 35117
15,35121,2,2,1, 35123
1,35126,1,1,0, 35127
24,35129,1,1,1, 35130
7,35132,1,1,0, 35133
8,35136,1,1,1, 35137
31,35136,2,2,1, 35138
15,35141,2,2,1, 35143
1,35146,1,1,0, 35147
24,35149,1,1,1, 35150
6,35150,2,2,1, 35152
7,35152,1,1,0, 35153
25,35155,2,2,1, 35157
8,35156,1,1,1, 35157
16,35159,2,2,1, 35161
17,35159,3,3,1, 35162
24,35169,1,1,0, 35170
8,35176,1,1,0, 35177
24,35189,1,1,1, 35190
8,35196,1,1,0, 35197
24,35209,1,1,0, 35210
8,35216,1,1,1, 35217
24,35229,1,1,1, 35230
8,35236,1,1,0, 35237
16,35239,2,2,1, 35241
24,35249,1,1,1, 35250
8,35256,1,1,1, 35257
1,35266,1,1,1, 35267
24,35269,1,1,0, 35270
7,35272,1,1,1, 35273
25,35275,2,2,1, 35277
8,35276,1,1,1, 35277
31,35276,2,2,1, 35278
17,35279,3,3,1, 35282
7,35292,1,1,1, 35293
8,35296,1,1,0, 35297
15,35301,2,2,1, 35303
7,35312,1,1,0, 35313
8,35316,1,1,1, 35317
31,35316,2,2,1, 35318
15,35321,2,2,1, 35323
6,35330,2,2,1, 35332
7,35332,1,1,0, 35333
8,35336,1,1,0, 35337
31,35336,2,2,1, 35338
8,35356,1,1,0, 35357
25,35355,2,4,1, 35359
9,35357,2,2,1, 35359
8,35376,1,1,1, 35377
17,35379,3,3,1, 35382
1,35386,1,1,0, 35387
24,35389,1,1,1, 35390
8,35396,1,1,0, 35397
17,35399,3,3,1, 35402
1,35406,1,1,1, 35407
24,35409,1,1,1, 35410
31,35416,2,2,1, 35418
16,35419,2,2,1, 35421
1,35426,1,1,1, 35427
24,35429,1,1,1, 35430
31,35436,2,2,1, 35438
1,35446,1,1,0, 35447
24,35449,1,1,0, 35450
7,35452,1,1,1, 35453
1,35466,1,1,1, 35467
24,35469,1,1,1, 35470
7,35472,1,1,1, 35473
8,35476,1,1,0, 35477
16,35479,2,2,1, 35481
1,35486,1,1,1, 35487
24,35489,1,1,1, 35490
6,35490,2,2,1, 35492
7,35492,1,1,1, 35493
8,35496,1,1,0, 35497
1,35506,1,1,1, 35507
24,35509,1,1,1, 35510
6,35510,2,2,1, 35512
7,35512,1,1,0, 35513
8,35516,1,1,1, 35517
9,35517,2,2,1, 35519
16,35519,2,2,1, 35521
17,35519,3,3,1, 35522
1,35526,1,1,0, 35527
24,35529,1,1,0, 35530
6,35530,2,2,1, 35532
7,35532,1,1,1, 35533
8,35536,1,1,1, 35537
1,35546,1,1,0, 35547
24,35549,1,1,0, 35550
6,35550,2,2,1, 35552
7,35552,1,1,0, 35553
8,35556,1,1,0, 35557
1,35566,1,1,0, 35567
24,35569,1,1,0, 35570
7,35572,1,1,0, 35573
8,35576,1,1,0, 35577
31,35576,2,2,1, 35578
1,35586,1,1,1, 35587
24,35589,1,1,1, 35590
6,35590,2,2,1, 35592
7,35592,1,1,0, 35593
8,35596,1,1,1, 35597
15,35601,2,2,1, 35603
1,35606,1,1,1, 35607
24,35609,1,1,0, 35610
6,35610,2,2,1, 35612
7,35612,1,1,0, 35613
8,35616,1,1,0, 35617
1,35626,1,1,0, 35627
24,35629,1,1,1, 35630
7,35632,1,1,0, 35633
8,35636,1,1,0, 35637
9,35637,2,2,1, 35639
26,35637,3,5,1, 35642
24,35649,1,1,1, 35650
24,35669,1,1,1, 35670
24,35689,1,1,0, 35690
24,35709,1,1,0, 35710
24,35729,1,1,0, 35730
16,35739,2,2,1, 35741
1,35746,1,1,0, 35747
24,35749,1,1,0, 35750
6,35750,2,2,1, 35752
7,35752,1,1,0, 35753
25,35755,2,2,1, 35757
8,35756,1,1,0, 35757
31,35756,2,2,1, 35758
9,35757,2,2,1, 35759
7,35772,1,1,1, 35773
8,35776,1,1,0, 35777
6,35790,2,2,1, 35792
7,35792,1,1,0, 35793
8,35796,1,1,1, 35797
7,35812,1,1,1, 35813
8,35816,1,1,1, 35817
31,35816,2,2,1, 35818
15,35821,2,2,1, 35823
6,35830,2,2,1, 35832
7,35832,1,1,0, 35833
8,35836,1,1,0, 35837
15,35841,2,2,1, 35843
6,35850,2,2,1, 35852
7,35852,1,1,0, 35853
8,35856,1,1,0, 35857
15,35861,2,2,1, 35863
1,35866,1,1,0, 35867
24,35869,1,1,0, 35870
7,35872,1,1,0, 35873
8,35876,1,1,1, 35877
16,35879,2,2,1, 35881
17,35879,3,3,1, 35882
15,35881,2,2,1, 35883
24,35889,1,1,0, 35890
7,35892,1,1,1, 35893
8,35896,1,1,1, 35897
24,35909,1,1,1, 35910
7,35912,1,1,0, 35913
8,35916,1,1,1, 35917
24,35929,1,1,1, 35930
7,35932,1,1,0, 35933
8,35936,1,1,1, 35937
15,35941,2,2,1, 35943
1,35946,1,1,0, 35947
24,35949,1,1,0, 35950
7,35952,1,1,0, 35953
8,35956,1,1,0, 35957
1,35966,1,1,0, 35967
24,35969,1,1,0, 35970
7,35972,1,1,0, 35973
8,35976,1,1,0, 35977
15,35981,2,2,1, 35983
1,35986,1,1,0, 35987
24,35989,1,1,0, 35990
7,35992,1,1,1, 35993
8,35996,1,1,1, 35997
31,35996,2,2,1, 35998
16,35999,2,2,1, 36001
24,36009,1,1,1, 36010
16,36019,2,2,1, 36021
24,36029,1,1,0, 36030
16,36039,2,2,1, 36041
24,36049,1,1,1, 36050
24,36069,1,1,1, 36070
16,36079,2,2,1, 36081
24,36089,1,1,0, 36090
16,36099,2,2,1, 36101
1,36106,1,1,1, 36107
24,36109,1,1,0, 36110
6,36110,2,2,1, 36112
7,36112,1,1,1, 36113
8,36116,1,1,0, 36117
15,36121,2,2,1, 36123
24,36129,1,1,0, 36130
6,36130,2,2,1, 36132
7,36132,1,1,0, 36133
25,36135,2,2,1, 36137
8,36136,1,1,0, 36137
15,36141,2,2,1, 36143
24,36149,1,1,0, 36150
7,36152,1,1,1, 36153
8,36156,1,1,1, 36157
24,36169,1,1,0, 36170
7,36172,1,1,0, 36173
8,36176,1,1,1, 36177
24,36189,1,1,0, 36190
7,36192,1,1,0, 36193
8,36196,1,1,0, 36197
15,36201,2,2,1, 36203
24,36209,1,1,0, 36210
7,36212,1,1,1, 36213
8,36216,1,1,0, 36217
15,36221,2,2,1, 36223
1,36226,1,1,0, 36227
24,36229,1,1,0, 36230
7,36232,1,1,1, 36233
8,36236,1,1,0, 36237
9,36237,2,2,1, 36239
16,36239,2,2,1, 36241
24,36249,1,1,0, 36250
7,36252,1,1,1, 36253
8,36256,1,1,1, 36257
24,36269,1,1,1, 36270
6,36270,2,2,1, 36272
7,36272,1,1,1, 36273
8,36276,1,1,0, 36277
16,36279,2,2,1, 36281
24,36289,1,1,0, 36290
7,36292,1,1,0, 36293
8,36296,1,1,0, 36297
16,36299,2,2,1, 36301
24,36309,1,1,1, 36310
7,36312,1,1,1, 36313
8,36316,1,1,0, 36317
24,36329,1,1,0, 36330
7,36332,1,1,1, 36333
8,36336,1,1,0, 36337
16,36339,2,2,1, 36341
1,36346,1,1,1, 36347
24,36349,1,1,0, 36350
7,36352,1,1,1, 36353
8,36356,1,1,0, 36357
31,36356,2,2,1, 36358
9,36357,2,2,1, 36359
17,36359,3,3,1, 36362
8,36376,1,1,0, 36377
8,36396,1,1,1, 36397
15,36401,2,2,1, 36403
8,36416,1,1,0, 36417
2,36423,2,2,1, 36425
1,36426,1,1,0, 36427
8,36436,1,1,1, 36437
1,36446,1,1,1, 36447
8,36456,1,1,1, 36457
2,36463,2,2,1, 36465
1,36466,1,1,0, 36467
24,36469,1,1,0, 36470
7,36472,1,1,0, 36473
25,36475,2,2,1, 36477
8,36476,1,1,1, 36477
31,36476,2,2,1, 36478
1,36486,1,1,0, 36487
24,36489,1,1,1, 36490
7,36492,1,1,1, 36493
8,36496,1,1,0, 36497
16,36499,2,2,1, 36501
1,36506,1,1,0, 36507
24,36509,1,1,1, 36510
7,36512,1,1,1, 36513
8,36516,1,1,1, 36517
16,36519,2,2,1, 36521
1,36526,1,1,1, 36527
24,36529,1,1,1, 36530
7,36532,1,1,1, 36533
8,36536,1,1,0, 36537
16,36539,2,2,1, 36541
1,36546,1,1,1, 36547
24,36549,1,1,0, 36550
7,36552,1,1,1, 36553
8,36556,1,1,0, 36557
1,36566,1,1,0, 36567
24,36569,1,1,1, 36570
6,36570,2,2,1, 36572
7,36572,1,1,1, 36573
8,36576,1,1,1, 36577
16,36579,2,2,1, 36581
1,36586,1,1,1, 36587
24,36589,1,1,1, 36590
6,36590,2,2,1, 36592
7,36592,1,1,0, 36593
8,36596,1,1,1, 36597
16,36599,2,2,1, 36601
7,36612,1,1,1, 36613
15,36621,2,2,1, 36623
7,36632,1,1,1, 36633
31,36636,2,2,1, 36638
6,36650,2,2,1, 36652
7,36652,1,1,1, 36653
31,36656,2,2,1, 36658
15,36661,2,2,1, 36663
7,36672,1,1,0, 36673
31,36676,2,2,1, 36678
7,36692,1,1,1, 36693
1,36706,1,1,0, 36707
24,36709,1,1,0, 36710
7,36712,1,1,0, 36713
8,36716,1,1,0, 36717
1,36726,1,1,1, 36727
24,36729,1,1,1, 36730
7,36732,1,1,0, 36733
8,36736,1,1,0, 36737
1,36746,1,1,0, 36747
24,36749,1,1,0, 36750
7,36752,1,1,1, 36753
8,36756,1,1,1, 36757
1,36766,1,1,1, 36767
24,36769,1,1,0, 36770
7,36772,1,1,0, 36773
8,36776,1,1,0, 36777
15,36781,2,2,1, 36783
1,36786,1,1,0, 36787
24,36789,1,1,0, 36790
7,36792,1,1,0, 36793
8,36796,1,1,1, 36797
15,36801,2,2,1, 36803
1,36806,1,1,1, 36807
24,36809,1,1,0, 36810
6,36810,2,2,1, 36812
7,36812,1,1,1, 36813
8,36816,1,1,1, 36817
15,36821,2,2,1, 36823
1,36826,1,1,0, 36827
24,36829,1,1,0, 36830
6,36830,2,2,1, 36832
7,36832,1,1,1, 36833
8,36836,1,1,1, 36837
31,36836,2,2,1, 36838
2,36843,2,2,1, 36845
1,36846,1,1,1, 36847
24,36849,1,1,0, 36850
25,36855,2,2,1, 36857
8,36856,1,1,0, 36857
2,36863,2,2,1, 36865
1,36866,1,1,0, 36867
24,36869,1,1,1, 36870
25,36875,2,2,1, 36877
8,36876,1,1,0, 36877
1,36886,1,1,1, 36887
24,36889,1,1,1, 36890
8,36896,1,1,0, 36897
1,36906,1,1,0, 36907
24,36909,1,1,1, 36910
8,36916,1,1,0, 36917
1,36926,1,1,1, 36927
24,36929,1,1,0, 36930
8,36936,1,1,1, 36937
1,36946,1,1,1, 36947
24,36949,1,1,1, 36950
7,36952,1,1,0, 36953
8,36956,1,1,1, 36957
15,36961,2,2,1, 36963
1,36966,1,1,0, 36967
24,36969,1,1,1, 36970
7,36972,1,1,0, 36973
25,36975,2,2,1, 36977
8,36976,1,1,1, 36977
1,36986,1,1,0, 36987
24,36989,1,1,0, 36990
7,36992,1,1,0, 36993
8,36996,1,1,0, 36997
15,37001,2,2,1, 37003
2,37003,2,2,1, 37005
1,37006,1,1,0, 37007
24,37009,1,1,0, 37010
7,37012,1,1,1, 37013
25,37015,2,2,1, 37017
8,37016,1,1,1, 37017
9,37017,2,2,1, 37019
16,37019,2,2,1, 37021
24,37029,1,1,0, 37030
7,37032,1,1,1, 37033
8,37036,1,1,0, 37037
24,37049,1,1,0, 37050
7,37052,1,1,0, 37053
8,37056,1,1,1, 37057
24,37069,1,1,0, 37070
6,37070,2,2,1, 37072
7,37072,1,1,0, 37073
8,37076,1,1,1, 37077
31,37076,2,2,1, 37078
16,37079,2,2,1, 37081
24,37089,1,1,1, 37090
7,37092,1,1,1, 37093
31,37096,2,2,1, 37098
24,37109,1,1,1, 37110
7,37112,1,1,1, 37113
15,37121,2,2,1, 37123
1,37126,1,1,0, 37127
24,37129,1,1,0, 37130
7,37132,1,1,1, 37133
25,37135,2,2,1, 37137
1,37146,1,1,0, 37147
24,37149,1,1,1, 37150
6,37150,2,2,1, 37152
7,37152,1,1,0, 37153
8,37156,1,1,1, 37157
15,37161,2,2,1, 37163
1,37166,1,1,0, 37167
24,37169,1,1,0, 37170
6,37170,2,2,1, 37172
7,37172,1,1,1, 37173
8,37176,1,1,0, 37177
1,37186,1,1,0, 37187
24,37189,1,1,0, 37190
7,37192,1,1,0, 37193
8,37196,1,1,0, 37197
1,37206,1,1,1, 37207
24,37209,1,1,0, 37210
7,37212,1,1,1, 37213
8,37216,1,1,1, 37217
16,37219,2,2,1, 37221
1,37226,1,1,1, 37227
24,37229,1,1,0, 37230
6,37230,2,2,1, 37232
7,37232,1,1,0, 37233
8,37236,1,1,0, 37237
1,37246,1,1,0, 37247
24,37249,1,1,0, 37250
6,37250,2,2,1, 37252
7,37252,1,1,0, 37253
8,37256,1,1,1, 37257
31,37256,2,2,1, 37258
16,37259,2,2,1, 37261
1,37266,1,1,1, 37267
24,37269,1,1,0, 37270
7,37272,1,1,1, 37273
8,37276,1,1,0, 37277
15,37281,2,2,1, 37283
1,37286,1,1,0, 37287
24,37289,1,1,1, 37290
6,37290,2,2,1, 37292
7,37292,1,1,1, 37293
25,37295,2,2,1, 37297
8,37296,1,1,1, 37297
2,37303,2,2,1, 37305
1,37306,1,1,1, 37307
24,37309,1,1,1, 37310
6,37310,2,2,1, 37312
7,37312,1,1,0, 37313
25,37315,2,2,1, 37317
8,37316,1,1,0, 37317
9,37317,2,2,1, 37319
17,37319,3,3,1, 37322
1,37326,1,1,0, 37327
24,37329,1,1,0, 37330
7,37332,1,1,1, 37333
25,37335,2,2,1, 37337
1,37346,1,1,1, 37347
24,37349,1,1,0, 37350
7,37352,1,1,0, 37353
25,37355,2,2,1, 37357
1,37366,1,1,1, 37367
24,37369,1,1,0, 37370
7,37372,1,1,1, 37373
25,37375,2,2,1, 37377
31,37376,2,2,1, 37378
1,37386,1,1,1, 37387
7,37392,1,1,1, 37393
31,37396,2,2,1, 37398
1,37406,1,1,0, 37407
7,37412,1,1,1, 37413
31,37416,2,2,1, 37418
17,37419,3,3,1, 37422
1,37426,1,1,1, 37427
6,37430,2,2,1, 37432
7,37432,1,1,1, 37433
25,37435,2,2,1, 37437
8,37436,1,1,1, 37437
31,37436,2,2,1, 37438
17,37439,3,3,1, 37442
8,37456,1,1,0, 37457
16,37459,2,2,1, 37461
8,37476,1,1,0, 37477
16,37479,2,2,1, 37481
24,37489,1,1,0, 37490
8,37496,1,1,0, 37497
15,37501,2,2,1, 37503
2,37503,2,2,1, 37505
1,37506,1,1,1, 37507
24,37509,1,1,0, 37510
6,37510,2,2,1, 37512
7,37512,1,1,1, 37513
25,37515,2,2,1, 37517
8,37516,1,1,1, 37517
1,37526,1,1,0, 37527
24,37529,1,1,0, 37530
6,37530,2,2,1, 37532
7,37532,1,1,0, 37533
8,37536,1,1,1, 37537
31,37536,2,2,1, 37538
9,37537,2,2,1, 37539
1,37546,1,1,0, 37547
24,37549,1,1,0, 37550
6,37550,2,2,1, 37552
7,37552,1,1,1, 37553
25,37555,2,2,1, 37557
8,37556,1,1,1, 37557
31,37556,2,2,1, 37558
9,37557,2,2,1, 37559
24,37569,1,1,1, 37570
25,37575,2,2,1, 37577
8,37576,1,1,0, 37577
24,37589,1,1,1, 37590
25,37595,2,2,1, 37597
8,37596,1,1,1, 37597
24,37609,1,1,1, 37610
25,37615,2,2,1, 37617
8,37616,1,1,1, 37617
24,37629,1,1,0, 37630
25,37635,2,2,1, 37637
8,37636,1,1,0, 37637
24,37649,1,1,0, 37650
25,37655,2,2,1, 37657
8,37656,1,1,1, 37657
16,37659,2,2,1, 37661
1,37666,1,1,0, 37667
24,37669,1,1,0, 37670
7,37672,1,1,0, 37673
8,37676,1,1,1, 37677
16,37679,2,2,1, 37681
1,37686,1,1,1, 37687
24,37689,1,1,0, 37690
7,37692,1,1,0, 37693
8,37696,1,1,0, 37697
31,37696,2,2,1, 37698
1,37706,1,1,1, 37707
24,37709,1,1,1, 37710
7,37712,1,1,0, 37713
8,37716,1,1,1, 37717
1,37726,1,1,1, 37727
24,37729,1,1,0, 37730
7,37732,1,1,0, 37733
8,37736,1,1,0, 37737
15,37741,2,2,1, 37743
1,37746,1,1,1, 37747
24,37749,1,1,1, 37750
6,37750,2,2,1, 37752
7,37752,1,1,0, 37753
8,37756,1,1,1, 37757
15,37761,2,2,1, 37763
1,37766,1,1,0, 37767
24,37769,1,1,0, 37770
7,37772,1,1,0, 37773
8,37776,1,1,1, 37777
31,37776,2,2,1, 37778
1,37786,1,1,1, 37787
24,37789,1,1,1, 37790
6,37790,2,2,1, 37792
7,37792,1,1,1, 37793
25,37795,2,2,1, 37797
8,37796,1,1,0, 37797
31,37796,2,2,1, 37798
9,37797,2,2,1, 37799
16,37799,2,2,1, 37801
1,37906,1,1,1, 37907
24,37909,1,1,0, 37910
7,37912,1,1,0, 37913
8,37916,1,1,1, 37917
2,37923,2,2,1, 37925
1,37926,1,1,0, 37927
24,37929,1,1,0, 37930
7,37932,1,1,1, 37933
25,37935,2,2,1, 37937
8,37936,1,1,0, 37937
31,37936,2,2,1, 37938
15,37941,2,2,1, 37943
1,37946,1,1,0, 37947
24,37949,1,1,1, 37950
7,37952,1,1,1, 37953
8,37956,1,1,1, 37957
15,37961,2,2,1, 37963
1,37966,1,1,1, 37967
24,37969,1,1,0, 37970
6,37970,2,2,1, 37972
7,37972,1,1,1, 37973
25,37975,2,2,1, 37977
8,37976,1,1,1, 37977
1,37986,1,1,0, 37987
24,37989,1,1,0, 37990
7,37992,1,1,1, 37993
8,37996,1,1,1, 37997
15,38001,2,2,1, 38003
1,38006,1,1,1, 38007
24,38009,1,1,1, 38010
6,38010,2,2,1, 38012
7,38012,1,1,1, 38013
25,38015,2,2,1, 38017
8,38016,1,1,0, 38017
15,38021,2,2,1, 38023
1,38026,1,1,0, 38027
24,38029,1,1,1, 38030
7,38032,1,1,1, 38033
25,38035,2,2,1, 38037
8,38036,1,1,1, 38037
9,38037,2,2,1, 38039
16,38039,2,2,1, 38041
17,38039,3,3,1, 38042
24,38049,1,1,0, 38050
7,38052,1,1,0, 38053
8,38056,1,1,0, 38057
15,38061,2,2,1, 38063
24,38069,1,1,0, 38070
7,38072,1,1,1, 38073
8,38076,1,1,1, 38077
9,38077,2,2,1, 38079
16,38079,2,2,1, 38081
17,38079,3,3,1, 38082
24,38089,1,1,1, 38090
7,38092,1,1,0, 38093
8,38096,1,1,1, 38097
1,38106,1,1,0, 38107
24,38109,1,1,1, 38110
7,38112,1,1,0, 38113
1,38126,1,1,1, 38127
24,38129,1,1,0, 38130
7,38132,1,1,1, 38133
31,38136,2,2,1, 38138
1,38146,1,1,0, 38147
24,38149,1,1,0, 38150
7,38152,1,1,1, 38153
25,38155,2,2,1, 38157
31,38156,2,2,1, 38158
16,38159,2,2,1, 38161
2,38163,2,2,1, 38165
1,38166,1,1,0, 38167
7,38172,1,1,1, 38173
25,38175,2,2,1, 38177
1,38186,1,1,0, 38187
7,38192,1,1,0, 38193
31,38196,2,2,1, 38198
1,38206,1,1,0, 38207
7,38212,1,1,0, 38213
8,38216,1,1,1, 38217
17,38219,3,3,1, 38222
15,38221,2,2,1, 38223
1,38226,1,1,0, 38227
24,38229,1,1,0, 38230
7,38232,1,1,0, 38233
1,38246,1,1,0, 38247
24,38249,1,1,0, 38250
6,38250,2,2,1, 38252
7,38252,1,1,0, 38253
1,38266,1,1,0, 38267
24,38269,1,1,1, 38270
7,38272,1,1,1, 38273
25,38275,2,2,1, 38277
15,38281,2,2,1, 38283
24,38289,1,1,1, 38290
24,38309,1,1,1, 38310
24,38329,1,1,1, 38330
25,38335,2,2,1, 38337
8,38336,1,1,1, 38337
31,38336,2,2,1, 38338
9,38337,2,2,1, 38339
16,38339,2,2,1, 38341
6,38350,2,2,1, 38352
7,38352,1,1,0, 38353
8,38356,1,1,0, 38357
16,38359,2,2,1, 38361
15,38361,2,2,1, 38363
7,38372,1,1,0, 38373
8,38376,1,1,1, 38377
31,38376,2,2,1, 38378
15,38381,2,2,1, 38383
7,38392,1,1,0, 38393
8,38396,1,1,0, 38397
16,38399,2,2,1, 38401
7,38412,1,1,0, 38413
8,38416,1,1,0, 38417
31,38416,2,2,1, 38418
7,38432,1,1,0, 38433
8,38436,1,1,1, 38437
31,38436,2,2,1, 38438
1,38446,1,1,1, 38447
24,38449,1,1,1, 38450
7,38452,1,1,0, 38453
8,38456,1,1,1, 38457
31,38456,2,2,1, 38458
15,38461,2,2,1, 38463
1,38466,1,1,0, 38467
24,38469,1,1,0, 38470
25,38475,2,2,1, 38477
8,38476,1,1,1, 38477
9,38477,2,2,1, 38479
16,38479,2,2,1, 38481
15,38481,2,2,1, 38483
1,38486,1,1,0, 38487
24,38489,1,1,0, 38490
8,38496,1,1,0, 38497
15,38501,2,2,1, 38503
1,38506,1,1,1, 38507
24,38509,1,1,1, 38510
25,38515,2,2,1, 38517
8,38516,1,1,1, 38517
16,38519,2,2,1, 38521
1,38526,1,1,1, 38527
24,38529,1,1,1, 38530
16,38539,2,2,1, 38541
24,38549,1,1,0, 38550
25,38555,2,2,1, 38557
16,38559,2,2,1, 38561
24,38569,1,1,0, 38570
7,38572,1,1,0, 38573
25,38575,2,2,1, 38577
16,38579,2,2,1, 38581
1,38586,1,1,1, 38587
24,38589,1,1,1, 38590
7,38592,1,1,0, 38593
8,38596,1,1,1, 38597
1,38606,1,1,0, 38607
24,38609,1,1,0, 38610
7,38612,1,1,0, 38613
8,38616,1,1,1, 38617
31,38616,2,2,1, 38618
9,38617,2,2,1, 38619
1,38626,1,1,0, 38627
24,38629,1,1,0, 38630
7,38632,1,1,1, 38633
8,38636,1,1,1, 38637
9,38637,2,2,1, 38639
24,38649,1,1,0, 38650
7,38652,1,1,1, 38653
8,38656,1,1,0, 38657
24,38669,1,1,0, 38670
7,38672,1,1,1, 38673
8,38676,1,1,1, 38677
24,38689,1,1,0, 38690
7,38692,1,1,0, 38693
8,38696,1,1,1, 38697
16,38699,2,2,1, 38701
15,38701,2,2,1, 38703
24,38709,1,1,0, 38710
6,38710,2,2,1, 38712
7,38712,1,1,1, 38713
8,38716,1,1,0, 38717
15,38721,2,2,1, 38723
24,38729,1,1,1, 38730
7,38732,1,1,1, 38733
8,38736,1,1,0, 38737
16,38739,2,2,1, 38741
15,38741,2,2,1, 38743
1,38746,1,1,1, 38747
24,38749,1,1,1, 38750
7,38752,1,1,1, 38753
25,38755,2,2,1, 38757
8,38756,1,1,1, 38757
31,38756,2,2,1, 38758
15,38761,2,2,1, 38763
7,38772,1,1,0, 38773
7,38792,1,1,0, 38793
31,38796,2,2,1, 38798
7,38812,1,1,0, 38813
31,38816,2,2,1, 38818
7,38832,1,1,0, 38833
31,38836,2,2,1, 38838
7,38852,1,1,0, 38853
31,38856,2,2,1, 38858
1,38866,1,1,1, 38867
24,38869,1,1,0, 38870
7,38872,1,1,1, 38873
25,38875,2,2,1, 38877
8,38876,1,1,1, 38877
16,38879,2,2,1, 38881
24,38889,1,1,0, 38890
8,38896,1,1,1, 38897
24,38909,1,1,0, 38910
8,38916,1,1,1, 38917
24,38929,1,1,0, 38930
25,38935,2,2,1, 38937
8,38936,1,1,1, 38937
15,38941,2,2,1, 38943
24,38949,1,1,1, 38950
8,38956,1,1,1, 38957
24,38969,1,1,0, 38970
8,38976,1,1,0, 38977
15,38981,2,2,1, 38983
1,38986,1,1,0, 38987
24,38989,1,1,0, 38990
7,38992,1,1,1, 38993
25,38995,2,2,1, 38997
8,38996,1,1,0, 38997
31,38996,2,2,1, 38998
9,38997,2,2,1, 38999
17,38999,3,3,1, 39002
24,39009,1,1,0, 39010
7,39012,1,1,1, 39013
8,39016,1,1,0, 39017
24,39029,1,1,0, 39030
6,39030,2,2,1, 39032
7,39032,1,1,0, 39033
8,39036,1,1,0, 39037
31,39036,2,2,1, 39038
24,39049,1,1,1, 39050
7,39052,1,1,0, 39053
8,39056,1,1,0, 39057
16,39059,2,2,1, 39061
24,39069,1,1,1, 39070
7,39072,1,1,0, 39073
8,39076,1,1,1, 39077
24,39089,1,1,1, 39090
7,39092,1,1,1, 39093
8,39096,1,1,1, 39097
1,39106,1,1,1, 39107
24,39109,1,1,0, 39110
6,39110,2,2,1, 39112
7,39112,1,1,1, 39113
8,39116,1,1,0, 39117
9,39117,2,2,1, 39119
15,39121,2,2,1, 39123
2,39123,2,2,1, 39125
24,39129,1,1,0, 39130
7,39132,1,1,1, 39133
15,39141,2,2,1, 39143
24,39149,1,1,0, 39150
7,39152,1,1,1, 39153
15,39161,2,2,1, 39163
24,39169,1,1,0, 39170
7,39172,1,1,0, 39173
24,39189,1,1,1, 39190
7,39192,1,1,1, 39193
24,39209,1,1,1, 39210
7,39212,1,1,1, 39213
24,39229,1,1,0, 39230
7,39232,1,1,0, 39233
8,39236,1,1,1, 39237
9,39237,2,2,1, 39239
16,39239,2,2,1, 39241
2,39243,2,2,1, 39245
1,39246,1,1,1, 39247
7,39252,1,1,1, 39253
25,39255,2,2,1, 39257
8,39256,1,1,0, 39257
31,39256,2,2,1, 39258
1,39266,1,1,1, 39267
6,39270,2,2,1, 39272
7,39272,1,1,0, 39273
25,39275,2,2,1, 39277
8,39276,1,1,1, 39277
15,39281,2,2,1, 39283
1,39286,1,1,0, 39287
7,39292,1,1,1, 39293
8,39296,1,1,1, 39297
15,39301,2,2,1, 39303
1,39306,1,1,0, 39307
7,39312,1,1,0, 39313
25,39315,2,2,1, 39317
8,39316,1,1,1, 39317
1,39326,1,1,0, 39327
6,39330,2,2,1, 39332
7,39332,1,1,0, 39333
25,39335,2,2,1, 39337
8,39336,1,1,1, 39337
15,39341,2,2,1, 39343
1,39346,1,1,1, 39347
24,39349,1,1,0, 39350
7,39352,1,1,1, 39353
8,39356,1,1,0, 39357
9,39357,2,2,1, 39359
17,39359,3,3,1, 39362
24,39369,1,1,1, 39370
7,39372,1,1,0, 39373
8,39376,1,1,0, 39377
24,39389,1,1,1, 39390
7,39392,1,1,0, 39393
8,39396,1,1,0, 39397
24,39409,1,1,1, 39410
7,39412,1,1,1, 39413
8,39416,1,1,0, 39417
2,39423,2,2,1, 39425
1,39426,1,1,0, 39427
24,39429,1,1,0, 39430
6,39430,2,2,1, 39432
7,39432,1,1,0, 39433
8,39436,1,1,1, 39437
9,39437,2,2,1, 39439
1,39446,1,1,0, 39447
24,39449,1,1,0, 39450
6,39450,2,2,1, 39452
7,39452,1,1,0, 39453
8,39456,1,1,0, 39457
17,39459,3,3,1, 39462
2,39463,2,2,1, 39465
1,39466,1,1,0, 39467
24,39469,1,1,0, 39470
6,39470,2,2,1, 39472
7,39472,1,1,1, 39473
25,39475,2,2,1, 39477
8,39476,1,1,0, 39477
31,39476,2,2,1, 39478
16,39479,2,2,1, 39481
24,39489,1,1,0, 39490
7,39492,1,1,0, 39493
8,39496,1,1,1, 39497
16,39499,2,2,1, 39501
24,39509,1,1,1, 39510
7,39512,1,1,0, 39513
8,39516,1,1,0, 39517
31,39516,2,2,1, 39518
24,39529,1,1,1, 39530
7,39532,1,1,1, 39533
8,39536,1,1,0, 39537
31,39536,2,2,1, 39538
24,39549,1,1,1, 39550
7,39552,1,1,0, 39553
8,39556,1,1,1, 39557
24,39569,1,1,0, 39570
7,39572,1,1,1, 39573
8,39576,1,1,0, 39577
1,39586,1,1,1, 39587
24,39589,1,1,1, 39590
7,39592,1,1,1, 39593
8,39596,1,1,1, 39597
24,39609,1,1,0, 39610
7,39612,1,1,1, 39613
25,39615,2,2,1, 39617
24,39629,1,1,0, 39630
7,39632,1,1,0, 39633
24,39649,1,1,0, 39650
7,39652,1,1,1, 39653
25,39655,2,2,1, 39657
15,39661,2,2,1, 39663
24,39669,1,1,1, 39670
7,39672,1,1,0, 39673
8,39676,1,1,0, 39677
24,39689,1,1,0, 39690
6,39690,2,2,1, 39692
7,39692,1,1,1, 39693
8,39696,1,1,0, 39697
16,39699,2,2,1, 39701
1,39706,1,1,1, 39707
24,39709,1,1,1, 39710
6,39710,2,2,1, 39712
7,39712,1,1,1, 39713
8,39716,1,1,0, 39717
17,39719,3,3,1, 39722
15,39721,2,2,1, 39723
2,39723,2,2,1, 39725
1,39726,1,1,1, 39727
24,39729,1,1,1, 39730
6,39730,2,2,1, 39732
7,39732,1,1,1, 39733
1,39746,1,1,1, 39747
24,39749,1,1,1, 39750
7,39752,1,1,1, 39753
9,39757,2,2,1, 39759
1,39766,1,1,1, 39767
24,39769,1,1,1, 39770
7,39772,1,1,0, 39773
31,39776,2,2,1, 39778
16,39779,2,2,1, 39781
2,39783,2,2,1, 39785
1,39786,1,1,0, 39787
24,39789,1,1,1, 39790
1,39806,1,1,1, 39807
24,39809,1,1,0, 39810
31,39816,2,2,1, 39818
1,39826,1,1,0, 39827
24,39829,1,1,1, 39830
25,39835,2,2,1, 39837
31,39836,2,2,1, 39838
7,39892,1,1,1, 39893
8,39896,1,1,0, 39897
7,39912,1,1,1, 39913
8,39916,1,1,1, 39917
7,39932,1,1,0, 39933
8,39936,1,1,0, 39937
15,39941,2,2,1, 39943
1,39946,1,1,0, 39947
24,39949,1,1,1, 39950
7,39952,1,1,0, 39953
8,39956,1,1,1, 39957
31,39956,2,2,1, 39958
24,39969,1,1,1, 39970
7,39972,1,1,1, 39973
8,39976,1,1,0, 39977
17,39979,3,3,1, 39982
24,39989,1,1,0, 39990
7,39992,1,1,1, 39993
8,39996,1,1,1, 39997
24,40009,1,1,0, 40010
7,40012,1,1,1, 40013
8,40016,1,1,1, 40017
9,40017,2,2,1, 40019
17,40019,3,3,1, 40022
24,40029,1,1,0, 40030
6,40030,2,2,1, 40032
7,40032,1,1,1, 40033
8,40036,1,1,0, 40037
16,40039,2,2,1, 40041
24,40049,1,1,0, 40050
6,40050,2,2,1, 40052
7,40052,1,1,0, 40053
8,40056,1,1,1, 40057
16,40059,2,2,1, 40061
1,40066,1,1,0, 40067
24,40069,1,1,1, 40070
7,40072,1,1,1, 40073
25,40075,2,2,1, 40077
8,40076,1,1,0, 40077
9,40077,2,2,1, 40079
16,40079,2,2,1, 40081
15,40081,2,2,1, 40083
1,40086,1,1,0, 40087
24,40089,1,1,0, 40090
7,40092,1,1,0, 40093
8,40096,1,1,1, 40097
15,40101,2,2,1, 40103
24,40109,1,1,1, 40110
7,40112,1,1,1, 40113
8,40116,1,1,1, 40117
31,40116,2,2,1, 40118
24,40129,1,1,1, 40130
6,40130,2,2,1, 40132
7,40132,1,1,0, 40133
25,40135,2,2,1, 40137
8,40136,1,1,1, 40137
31,40136,2,2,1, 40138
24,40149,1,1,0, 40150
6,40150,2,2,1, 40152
7,40152,1,1,1, 40153
25,40155,2,2,1, 40157
8,40156,1,1,0, 40157
15,40161,2,2,1, 40163
24,40169,1,1,0, 40170
6,40170,2,2,1, 40172
7,40172,1,1,0, 40173
8,40176,1,1,0, 40177
24,40189,1,1,0, 40190
7,40192,1,1,1, 40193
25,40195,2,2,1, 40197
8,40196,1,1,0, 40197
9,40197,2,2,1, 40199
16,40199,2,2,1, 40201
24,40209,1,1,0, 40210
24,40229,1,1,1, 40230
16,40239,2,2,1, 40241
24,40249,1,1,1, 40250
24,40269,1,1,1, 40270
16,40279,2,2,1, 40281
24,40289,1,1,1, 40290
16,40299,2,2,1, 40301
1,40306,1,1,0, 40307
24,40309,1,1,1, 40310
7,40312,1,1,0, 40313
8,40316,1,1,1, 40317
9,40317,2,2,1, 40319
16,40319,2,2,1, 40321
17,40319,3,3,1, 40322
15,40321,2,2,1, 40323
1,40326,1,1,0, 40327
24,40329,1,1,1, 40330
7,40332,1,1,0, 40333
8,40336,1,1,0, 40337
1,40346,1,1,1, 40347
24,40349,1,1,0, 40350
7,40352,1,1,1, 40353
8,40356,1,1,0, 40357
1,40366,1,1,1, 40367
24,40369,1,1,1, 40370
7,40372,1,1,1, 40373
8,40376,1,1,1, 40377
15,40381,2,2,1, 40383
1,40386,1,1,1, 40387
24,40389,1,1,0, 40390
7,40392,1,1,0, 40393
8,40396,1,1,1, 40397
1,40406,1,1,1, 40407
24,40409,1,1,0, 40410
7,40412,1,1,1, 40413
8,40416,1,1,0, 40417
1,40426,1,1,0, 40427
24,40429,1,1,1, 40430
7,40432,1,1,0, 40433
25,40435,2,2,1, 40437
8,40436,1,1,1, 40437
31,40436,2,2,1, 40438
9,40437,2,2,1, 40439
24,40449,1,1,0, 40450
7,40452,1,1,0, 40453
25,40455,2,2,1, 40457
16,40459,2,2,1, 40461
24,40469,1,1,1, 40470
6,40470,2,2,1, 40472
7,40472,1,1,0, 40473
24,40489,1,1,0, 40490
6,40490,2,2,1, 40492
7,40492,1,1,1, 40493
24,40509,1,1,1, 40510
6,40510,2,2,1, 40512
7,40512,1,1,1, 40513
16,40519,2,2,1, 40521
24,40529,1,1,0, 40530
7,40532,1,1,0, 40533
1,40546,1,1,1, 40547
24,40549,1,1,1, 40550
7,40552,1,1,0, 40553
8,40556,1,1,1, 40557
31,40556,2,2,1, 40558
15,40561,2,2,1, 40563
2,40563,2,2,1, 40565
1,40566,1,1,0, 40567
24,40569,1,1,0, 40570
25,40575,2,2,1, 40577
8,40576,1,1,0, 40577
1,40586,1,1,0, 40587
24,40589,1,1,1, 40590
25,40595,2,2,1, 40597
8,40596,1,1,0, 40597
15,40601,2,2,1, 40603
1,40606,1,1,0, 40607
24,40609,1,1,0, 40610
25,40615,2,2,1, 40617
8,40616,1,1,1, 40617
15,40621,2,2,1, 40623
1,40626,1,1,0, 40627
24,40629,1,1,0, 40630
6,40630,2,2,1, 40632
7,40632,1,1,0, 40633
25,40635,2,2,1, 40637
8,40636,1,1,1, 40637
31,40636,2,2,1, 40638
15,40641,2,2,1, 40643
1,40646,1,1,1, 40647
24,40649,1,1,1, 40650
6,40650,2,2,1, 40652
7,40652,1,1,0, 40653
25,40655,2,2,1, 40657
8,40656,1,1,1, 40657
1,40666,1,1,1, 40667
24,40669,1,1,0, 40670
7,40672,1,1,0, 40673
25,40675,2,2,1, 40677
8,40676,1,1,0, 40677
16,40679,2,2,1, 40681
17,40679,3,3,1, 40682
1,40746,1,1,1, 40747
9,40757,2,2,1, 40759
1,40766,1,1,1, 40767
25,40775,2,2,1, 40777
2,40783,2,2,1, 40785
1,40786,1,1,1, 40787
6,40790,2,2,1, 40792
7,40792,1,1,0, 40793
8,40796,1,1,0, 40797
31,40796,2,2,1, 40798
9,40797,2,2,1, 40799
1,40806,1,1,1, 40807
24,40809,1,1,1, 40810
7,40812,1,1,0, 40813
8,40816,1,1,1, 40817
1,40826,1,1,1, 40827
24,40829,1,1,0, 40830
7,40832,1,1,0, 40833
8,40836,1,1,0, 40837
1,40846,1,1,1, 40847
24,40849,1,1,0, 40850
7,40852,1,1,0, 40853
8,40856,1,1,0, 40857
15,40861,2,2,1, 40863
1,40866,1,1,0, 40867
24,40869,1,1,1, 40870
7,40872,1,1,1, 40873
8,40876,1,1,0, 40877
1,40886,1,1,1, 40887
24,40889,1,1,0, 40890
7,40892,1,1,0, 40893
8,40896,1,1,0, 40897
2,40903,2,2,1, 40905
1,40906,1,1,0, 40907
24,40909,1,1,1, 40910
7,40912,1,1,0, 40913
25,40915,2,2,1, 40917
8,40916,1,1,0, 40917
31,40916,2,2,1, 40918
9,40917,2,2,1, 40919
16,40919,2,2,1, 40921
24,40929,1,1,1, 40930
25,40935,2,2,1, 40937
8,40936,1,1,0, 40937
24,40949,1,1,1, 40950
25,40955,2,2,1, 40957
8,40956,1,1,0, 40957
24,40969,1,1,0, 40970
8,40976,1,1,1, 40977
24,40989,1,1,0, 40990
8,40996,1,1,0, 40997
24,41009,1,1,0, 41010
8,41016,1,1,1, 41017
1,41026,1,1,0, 41027
24,41029,1,1,1, 41030
7,41032,1,1,0, 41033
8,41036,1,1,0, 41037
31,41036,2,2,1, 41038
15,41041,2,2,1, 41043
1,41046,1,1,0, 41047
6,41050,2,2,1, 41052
7,41052,1,1,0, 41053
25,41055,2,2,1, 41057
15,41061,2,2,1, 41063
1,41066,1,1,0, 41067
6,41070,2,2,1, 41072
7,41072,1,1,1, 41073
31,41076,2,2,1, 41078
1,41086,1,1,1, 41087
6,41090,2,2,1, 41092
7,41092,1,1,1, 41093
25,41095,2,2,1, 41097
1,41106,1,1,0, 41107
1,41126,1,1,1, 41127
1,41146,1,1,1, 41147
24,41149,1,1,1, 41150
25,41155,2,2,1, 41157
8,41156,1,1,1, 41157
31,41156,2,2,1, 41158
1,41166,1,1,1, 41167
24,41169,1,1,0, 41170
25,41175,2,2,1, 41177
8,41176,1,1,0, 41177
1,41186,1,1,1, 41187
24,41189,1,1,0, 41190
25,41195,2,2,1, 41197
8,41196,1,1,1, 41197
16,41199,2,2,1, 41201
1,41206,1,1,0, 41207
24,41209,1,1,0, 41210
7,41212,1,1,0, 41213
25,41215,2,2,1, 41217
8,41216,1,1,0, 41217
16,41219,2,2,1, 41221
1,41226,1,1,1, 41227
24,41229,1,1,0, 41230
6,41230,2,2,1, 41232
7,41232,1,1,1, 41233
8,41236,1,1,0, 41237
15,41241,2,2,1, 41243
1,41246,1,1,0, 41247
24,41249,1,1,0, 41250
6,41250,2,2,1, 41252
7,41252,1,1,1, 41253
8,41256,1,1,0, 41257
15,41261,2,2,1, 41263
1,41266,1,1,1, 41267
24,41269,1,1,1, 41270
6,41270,2,2,1, 41272
7,41272,1,1,0, 41273
25,41275,2,2,1, 41277
8,41276,1,1,1, 41277
9,41277,2,2,1, 41279
15,41281,2,2,1, 41283
24,41289,1,1,0, 41290
7,41292,1,1,0, 41293
24,41309,1,1,1, 41310
7,41312,1,1,1, 41313
16,41319,2,2,1, 41321
24,41329,1,1,0, 41330
7,41332,1,1,0, 41333
16,41339,2,2,1, 41341
15,41341,2,2,1, 41343
6,41350,2,2,1, 41352
7,41352,1,1,1, 41353
7,41372,1,1,0, 41373
1,41386,1,1,1, 41387
7,41392,1,1,0, 41393
8,41396,1,1,0, 41397
16,41399,2,2,1, 41401
15,41401,2,2,1, 41403
1,41406,1,1,1, 41407
7,41412,1,1,1, 41413
8,41416,1,1,1, 41417
2,41423,2,2,1, 41425
1,41426,1,1,0, 41427
7,41432,1,1,1, 41433
8,41436,1,1,1, 41437
1,41446,1,1,0, 41447
24,41449,1,1,1, 41450
7,41452,1,1,0, 41453
8,41456,1,1,1, 41457
1,41466,1,1,1, 41467
24,41469,1,1,1, 41470
7,41472,1,1,0, 41473
8,41476,1,1,0, 41477
31,41476,2,2,1, 41478
1,41486,1,1,1, 41487
24,41489,1,1,0, 41490
6,41490,2,2,1, 41492
7,41492,1,1,0, 41493
8,41496,1,1,1, 41497
31,41496,2,2,1, 41498
1,41506,1,1,1, 41507
24,41509,1,1,0, 41510
7,41512,1,1,0, 41513
25,41515,2,2,1, 41517
8,41516,1,1,0, 41517
15,41521,2,2,1, 41523
1,41526,1,1,1, 41527
24,41529,1,1,0, 41530
8,41536,1,1,0, 41537
1,41546,1,1,1, 41547
24,41549,1,1,0, 41550
8,41556,1,1,1, 41557
15,41561,2,2,1, 41563
2,41563,2,2,1, 41565
1,41566,1,1,1, 41567
24,41569,1,1,0, 41570
8,41576,1,1,1, 41577
15,41581,2,2,1, 41583
1,41586,1,1,1, 41587
24,41589,1,1,1, 41590
25,41595,2,2,1, 41597
8,41596,1,1,1, 41597
15,41601,2,2,1, 41603
2,41603,2,2,1, 41605
1,41606,1,1,0, 41607
24,41609,1,1,0, 41610
25,41615,2,2,1, 41617
8,41616,1,1,0, 41617
15,41621,2,2,1, 41623
1,41626,1,1,0, 41627
24,41629,1,1,1, 41630
8,41636,1,1,0, 41637
16,41639,2,2,1, 41641
1,41646,1,1,1, 41647
24,41649,1,1,0, 41650
6,41650,2,2,1, 41652
7,41652,1,1,1, 41653
8,41656,1,1,0, 41657
9,41657,2,2,1, 41659
1,41666,1,1,1, 41667
24,41669,1,1,0, 41670
6,41670,2,2,1, 41672
7,41672,1,1,0, 41673
25,41675,2,2,1, 41677
8,41676,1,1,1, 41677
31,41676,2,2,1, 41678
16,41679,2,2,1, 41681
1,41686,1,1,0, 41687
24,41689,1,1,0, 41690
7,41692,1,1,1, 41693
8,41696,1,1,0, 41697
31,41696,2,2,1, 41698
9,41697,2,2,1, 41699
6,41710,2,2,1, 41712
7,41712,1,1,0, 41713
8,41716,1,1,0, 41717
31,41716,2,2,1, 41718
16,41719,2,2,1, 41721
7,41732,1,1,0, 41733
8,41736,1,1,1, 41737
31,41736,2,2,1, 41738
15,41741,2,2,1, 41743
7,41752,1,1,0, 41753
8,41756,1,1,1, 41757
31,41756,2,2,1, 41758
16,41759,2,2,1, 41761
7,41772,1,1,1, 41773
8,41776,1,1,1, 41777
16,41779,2,2,1, 41781
7,41792,1,1,1, 41793
8,41796,1,1,1, 41797
16,41799,2,2,1, 41801
1,41806,1,1,1, 41807
24,41809,1,1,0, 41810
7,41812,1,1,1, 41813
8,41816,1,1,0, 41817
17,41819,3,3,1, 41822
24,41829,1,1,1, 41830
7,41832,1,1,1, 41833
15,41841,2,2,1, 41843
24,41849,1,1,1, 41850
7,41852,1,1,1, 41853
24,41869,1,1,1, 41870
6,41870,2,2,1, 41872
7,41872,1,1,0, 41873
1,41886,1,1,1, 41887
24,41889,1,1,1, 41890
7,41892,1,1,1, 41893
8,41896,1,1,1, 41897
1,41906,1,1,1, 41907
24,41909,1,1,0, 41910
7,41912,1,1,1, 41913
8,41916,1,1,0, 41917
16,41919,2,2,1, 41921
1,41926,1,1,1, 41927
24,41929,1,1,0, 41930
7,41932,1,1,0, 41933
8,41936,1,1,1, 41937
9,41937,2,2,1, 41939
1,41946,1,1,1, 41947
24,41949,1,1,1, 41950
6,41950,2,2,1, 41952
7,41952,1,1,1, 41953
8,41956,1,1,1, 41957
31,41956,2,2,1, 41958
2,41963,2,2,1, 41965
1,41966,1,1,0, 41967
24,41969,1,1,1, 41970
6,41970,2,2,1, 41972
7,41972,1,1,1, 41973
8,41976,1,1,1, 41977
1,41986,1,1,1, 41987
24,41989,1,1,0, 41990
6,41990,2,2,1, 41992
7,41992,1,1,0, 41993
8,41996,1,1,1, 41997
2,42003,2,2,1, 42005
1,42006,1,1,0, 42007
24,42009,1,1,1, 42010
6,42010,2,2,1, 42012
7,42012,1,1,1, 42013
8,42016,1,1,1, 42017
15,42021,2,2,1, 42023
2,42023,2,2,1, 42025
1,42026,1,1,1, 42027
24,42029,1,1,1, 42030
6,42030,2,2,1, 42032
7,42032,1,1,1, 42033
8,42036,1,1,0, 42037
31,42036,2,2,1, 42038
1,42046,1,1,0, 42047
24,42049,1,1,1, 42050
6,42050,2,2,1, 42052
7,42052,1,1,0, 42053
25,42055,2,2,1, 42057
8,42056,1,1,0, 42057
1,42066,1,1,0, 42067
24,42069,1,1,0, 42070
25,42075,2,2,1, 42077
8,42076,1,1,0, 42077
1,42086,1,1,0, 42087
24,42089,1,1,0, 42090
25,42095,2,2,1, 42097
8,42096,1,1,1, 42097
1,42106,1,1,1, 42107
24,42109,1,1,0, 42110
8,42116,1,1,0, 42117
1,42126,1,1,0, 42127
24,42129,1,1,1, 42130
25,42135,2,2,1, 42137
8,42136,1,1,0, 42137
1,42146,1,1,0, 42147
24,42149,1,1,0, 42150
8,42156,1,1,0, 42157
1,42166,1,1,0, 42167
24,42169,1,1,0, 42170
7,42172,1,1,1, 42173
8,42176,1,1,1, 42177
16,42179,2,2,1, 42181
15,42181,2,2,1, 42183
24,42189,1,1,0, 42190
7,42192,1,1,1, 42193
24,42209,1,1,0, 42210
7,42212,1,1,0, 42213
24,42229,1,1,1, 42230
7,42232,1,1,1, 42233
31,42236,2,2,1, 42238
24,42249,1,1,1, 42250
7,42252,1,1,0, 42253
24,42269,1,1,0, 42270
7,42272,1,1,0, 42273
1,42286,1,1,0, 42287
24,42289,1,1,0, 42290
6,42290,2,2,1, 42292
7,42292,1,1,1, 42293
8,42296,1,1,0, 42297
16,42299,2,2,1, 42301
15,42301,2,2,1, 42303
2,42303,2,2,1, 42305
6,42310,2,2,1, 42312
7,42312,1,1,0, 42313
8,42316,1,1,1, 42317
15,42321,2,2,1, 42323
6,42330,2,2,1, 42332
7,42332,1,1,1, 42333
8,42336,1,1,1, 42337
16,42339,2,2,1, 42341
6,42350,2,2,1, 42352
7,42352,1,1,1, 42353
8,42356,1,1,0, 42357
16,42359,2,2,1, 42361
8,42376,1,1,1, 42377
16,42379,2,2,1, 42381
8,42396,1,1,1, 42397
24,42409,1,1,1, 42410
8,42416,1,1,0, 42417
9,42417,2,2,1, 42419
15,42421,2,2,1, 42423
24,42429,1,1,1, 42430
7,42432,1,1,1, 42433
31,42436,2,2,1, 42438
24,42449,1,1,1, 42450
7,42452,1,1,1, 42453
25,42455,2,2,1, 42457
24,42469,1,1,1, 42470
6,42470,2,2,1, 42472
7,42472,1,1,0, 42473
25,42475,2,2,1, 42477
31,42476,2,2,1, 42478
15,42481,2,2,1, 42483
24,42489,1,1,0, 42490
6,42490,2,2,1, 42492
7,42492,1,1,0, 42493
15,42501,2,2,1, 42503
24,42509,1,1,1, 42510
7,42512,1,1,1, 42513
15,42521,2,2,1, 42523
1,42526,1,1,1, 42527
24,42529,1,1,0, 42530
6,42530,2,2,1, 42532
7,42532,1,1,0, 42533
8,42536,1,1,0, 42537
16,42539,2,2,1, 42541
1,42546,1,1,0, 42547
24,42549,1,1,0, 42550
7,42552,1,1,0, 42553
8,42556,1,1,0, 42557
16,42559,2,2,1, 42561
1,42566,1,1,0, 42567
24,42569,1,1,0, 42570
7,42572,1,1,1, 42573
8,42576,1,1,1, 42577
16,42579,2,2,1, 42581
1,42586,1,1,0, 42587
24,42589,1,1,0, 42590
7,42592,1,1,0, 42593
8,42596,1,1,0, 42597
1,42606,1,1,1, 42607
24,42609,1,1,1, 42610
6,42610,2,2,1, 42612
7,42612,1,1,0, 42613
8,42616,1,1,1, 42617
31,42616,2,2,1, 42618
1,42626,1,1,1, 42627
24,42629,1,1,1, 42630
7,42632,1,1,1, 42633
8,42636,1,1,0, 42637
31,42636,2,2,1, 42638
1,42646,1,1,1, 42647
24,42649,1,1,0, 42650
7,42652,1,1,0, 42653
25,42655,2,2,1, 42657
8,42656,1,1,1, 42657
9,42657,2,2,1, 42659
15,42661,2,2,1, 42663
8,42676,1,1,1, 42677
8,42696,1,1,1, 42697
8,42716,1,1,1, 42717
8,42736,1,1,0, 42737
8,42756,1,1,1, 42757
1,42766,1,1,0, 42767
24,42769,1,1,1, 42770
7,42772,1,1,0, 42773
25,42775,2,2,1, 42777
8,42776,1,1,0, 42777
31,42776,2,2,1, 42778
9,42777,2,2,1, 42779
15,42781,2,2,1, 42783
6,42790,2,2,1, 42792
7,42792,1,1,1, 42793
8,42796,1,1,0, 42797
16,42799,2,2,1, 42801
15,42801,2,2,1, 42803
7,42812,1,1,0, 42813
8,42816,1,1,0, 42817
31,42816,2,2,1, 42818
15,42821,2,2,1, 42823
6,42830,2,2,1, 42832
7,42832,1,1,0, 42833
8,42836,1,1,1, 42837
16,42839,2,2,1, 42841
15,42841,2,2,1, 42843
6,42850,2,2,1, 42852
7,42852,1,1,0, 42853
8,42856,1,1,0, 42857
31,42856,2,2,1, 42858
16,42859,2,2,1, 42861
6,42870,2,2,1, 42872
7,42872,1,1,1, 42873
8,42876,1,1,0, 42877
31,42876,2,2,1, 42878
16,42879,2,2,1, 42881
1,42886,1,1,0, 42887
24,42889,1,1,0, 42890
7,42892,1,1,1, 42893
8,42896,1,1,1, 42897
9,42897,2,2,1, 42899
16,42899,2,2,1, 42901
24,42909,1,1,1, 42910
16,42919,2,2,1, 42921
24,42929,1,1,0, 42930
24,42949,1,1,0, 42950
16,42959,2,2,1, 42961
24,42969,1,1,1, 42970
25,42975,2,2,1, 42977
16,42979,2,2,1, 42981
24,42989,1,1,1, 42990
25,42995,2,2,1, 42997
16,42999,2,2,1, 43001
1,43006,1,1,1, 43007
24,43009,1,1,1, 43010
25,43015,2,2,1, 43017
8,43016,1,1,0, 43017
31,43016,2,2,1, 43018
9,43017,2,2,1, 43019
17,43019,3,3,1, 43022
15,43021,2,2,1, 43023
1,43026,1,1,0, 43027
24,43029,1,1,0, 43030
7,43032,1,1,1, 43033
8,43036,1,1,1, 43037
1,43046,1,1,1, 43047
24,43049,1,1,0, 43050
7,43052,1,1,1, 43053
8,43056,1,1,0, 43057
31,43056,2,2,1, 43058
1,43066,1,1,1, 43067
24,43069,1,1,0, 43070
7,43072,1,1,1, 43073
8,43076,1,1,1, 43077
15,43081,2,2,1, 43083
1,43086,1,1,0, 43087
24,43089,1,1,1, 43090
7,43092,1,1,1, 43093
8,43096,1,1,0, 43097
16,43099,2,2,1, 43101
1,43106,1,1,1, 43107
24,43109,1,1,1, 43110
7,43112,1,1,0, 43113
8,43116,1,1,0, 43117
16,43119,2,2,1, 43121
1,43126,1,1,1, 43127
24,43129,1,1,1, 43130
7,43132,1,1,1, 43133
25,43135,2,2,1, 43137
8,43136,1,1,0, 43137
9,43137,2,2,1, 43139
16,43139,2,2,1, 43141
17,43139,3,3,1, 43142
24,43149,1,1,0, 43150
7,43152,1,1,1, 43153
25,43155,2,2,1, 43157
15,43161,2,2,1, 43163
24,43169,1,1,1, 43170
7,43172,1,1,0, 43173
15,43181,2,2,1, 43183
24,43189,1,1,1, 43190
7,43192,1,1,0, 43193
1,43206,1,1,1, 43207
24,43209,1,1,0, 43210
7,43212,1,1,1, 43213
25,43215,2,2,1, 43217
15,43221,2,2,1, 43223
1,43226,1,1,1, 43227
24,43229,1,1,0, 43230
7,43232,1,1,0, 43233
25,43235,2,2,1, 43237
31,43236,2,2,1, 43238
1,43246,1,1,0, 43247
24,43249,1,1,0, 43250
7,43252,1,1,0, 43253
25,43255,2,2,1, 43257
8,43256,1,1,0, 43257
31,43256,2,2,1, 43258
9,43257,2,2,1, 43259
16,43259,2,2,1, 43261
7,43272,1,1,1, 43273
8,43276,1,1,1, 43277
7,43292,1,1,0, 43293
8,43296,1,1,1, 43297
16,43299,2,2,1, 43301
7,43312,1,1,1, 43313
8,43316,1,1,0, 43317
16,43319,2,2,1, 43321
7,43332,1,1,1, 43333
8,43336,1,1,1, 43337
6,43350,2,2,1, 43352
7,43352,1,1,1, 43353
8,43356,1,1,1, 43357
1,43366,1,1,0, 43367
24,43369,1,1,0, 43370
7,43372,1,1,0, 43373
8,43376,1,1,1, 43377
15,43381,2,2,1, 43383
1,43386,1,1,1, 43387
24,43389,1,1,0, 43390
8,43396,1,1,1, 43397
15,43401,2,2,1, 43403
1,43406,1,1,1, 43407
24,43409,1,1,1, 43410
8,43416,1,1,0, 43417
1,43426,1,1,1, 43427
24,43429,1,1,0, 43430
8,43436,1,1,1, 43437
1,43446,1,1,0, 43447
24,43449,1,1,1, 43450
25,43455,2,2,1, 43457
16,43459,2,2,1, 43461
1,43466,1,1,0, 43467
24,43469,1,1,0, 43470
25,43475,2,2,1, 43477
1,43486,1,1,1, 43487
24,43489,1,1,0, 43490
7,43492,1,1,1, 43493
25,43495,2,2,1, 43497
16,43499,2,2,1, 43501
7,43512,1,1,0, 43513
8,43516,1,1,0, 43517
9,43517,2,2,1, 43519
7,43532,1,1,1, 43533
8,43536,1,1,0, 43537
7,43552,1,1,1, 43553
8,43556,1,1,0, 43557
7,43572,1,1,1, 43573
8,43576,1,1,1, 43577
15,43581,2,2,1, 43583
7,43592,1,1,0, 43593
8,43596,1,1,0, 43597
16,43599,2,2,1, 43601
15,43601,2,2,1, 43603
1,43606,1,1,0, 43607
24,43609,1,1,1, 43610
7,43612,1,1,1, 43613
25,43615,2,2,1, 43617
8,43616,1,1,1, 43617
16,43619,2,2,1, 43621
15,43621,2,2,1, 43623
1,43626,1,1,1, 43627
24,43629,1,1,1, 43630
7,43632,1,1,0, 43633
25,43635,2,2,1, 43637
31,43636,2,2,1, 43638
9,43637,2,2,1, 43639
15,43641,2,2,1, 43643
1,43646,1,1,0, 43647
24,43649,1,1,0, 43650
7,43652,1,1,1, 43653
25,43655,2,2,1, 43657
1,43666,1,1,1, 43667
24,43669,1,1,0, 43670
6,43670,2,2,1, 43672
7,43672,1,1,0, 43673
25,43675,2,2,1, 43677
9,43677,2,2,1, 43679
15,43681,2,2,1, 43683
24,43689,1,1,0, 43690
7,43692,1,1,0, 43693
25,43695,2,2,1, 43697
15,43701,2,2,1, 43703
24,43709,1,1,1, 43710
7,43712,1,1,0, 43713
25,43715,2,2,1, 43717
24,43729,1,1,1, 43730
7,43732,1,1,0, 43733
8,43736,1,1,0, 43737
17,43739,3,3,1, 43742
15,43741,2,2,1, 43743
2,43743,2,2,1, 43745
1,43746,1,1,1, 43747
24,43749,1,1,1, 43750
7,43752,1,1,1, 43753
8,43756,1,1,0, 43757
1,43766,1,1,1, 43767
24,43769,1,1,0, 43770
7,43772,1,1,1, 43773
8,43776,1,1,0, 43777
2,43783,2,2,1, 43785
1,43786,1,1,1, 43787
24,43789,1,1,0, 43790
7,43792,1,1,0, 43793
8,43796,1,1,1, 43797
1,43806,1,1,1, 43807
24,43809,1,1,0, 43810
6,43810,2,2,1, 43812
7,43812,1,1,1, 43813
8,43816,1,1,1, 43817
16,43819,2,2,1, 43821
1,43826,1,1,0, 43827
24,43829,1,1,1, 43830
7,43832,1,1,0, 43833
8,43836,1,1,1, 43837
1,43846,1,1,0, 43847
24,43849,1,1,0, 43850
6,43850,2,2,1, 43852
7,43852,1,1,0, 43853
25,43855,2,2,1, 43857
8,43856,1,1,0, 43857
17,43859,3,3,1, 43862
24,43869,1,1,0, 43870
25,43875,2,2,1, 43877
8,43876,1,1,0, 43877
15,43881,2,2,1, 43883
24,43889,1,1,0, 43890
25,43895,2,2,1, 43897
8,43896,1,1,1, 43897
15,43901,2,2,1, 43903
24,43909,1,1,0, 43910
8,43916,1,1,0, 43917
15,43921,2,2,1, 43923
24,43929,1,1,1, 43930
25,43935,2,2,1, 43937
8,43936,1,1,1, 43937
24,43949,1,1,0, 43950
25,43955,2,2,1, 43957
8,43956,1,1,1, 43957
15,43961,2,2,1, 43963
1,43966,1,1,0, 43967
24,43969,1,1,1, 43970
7,43972,1,1,0, 43973
25,43975,2,2,1, 43977
8,43976,1,1,0, 43977
6,43990,2,2,1, 43992
7,43992,1,1,1, 43993
8,43996,1,1,1, 43997
31,43996,2,2,1, 43998
16,43999,2,2,1, 44001
7,44012,1,1,0, 44013
8,44016,1,1,0, 44017
16,44019,2,2,1, 44021
7,44032,1,1,0, 44033
8,44036,1,1,1, 44037
31,44036,2,2,1, 44038
16,44039,2,2,1, 44041
6,44050,2,2,1, 44052
7,44052,1,1,0, 44053
8,44056,1,1,1, 44057
7,44072,1,1,0, 44073
8,44076,1,1,0, 44077
16,44079,2,2,1, 44081
1,44086,1,1,0, 44087
24,44089,1,1,1, 44090
6,44090,2,2,1, 44092
7,44092,1,1,0, 44093
25,44095,2,2,1, 44097
8,44096,1,1,0, 44097
9,44097,2,2,1, 44099
16,44099,2,2,1, 44101
15,44101,2,2,1, 44103
24,44109,1,1,1, 44110
7,44112,1,1,0, 44113
31,44116,2,2,1, 44118
24,44129,1,1,1, 44130
6,44130,2,2,1, 44132
7,44132,1,1,1, 44133
31,44136,2,2,1, 44138
16,44139,2,2,1, 44141
15,44141,2,2,1, 44143
24,44149,1,1,0, 44150
7,44152,1,1,1, 44153
16,44159,2,2,1, 44161
24,44169,1,1,1, 44170
24,44189,1,1,0, 44190
1,44206,1,1,1, 44207
24,44209,1,1,1, 44210
25,44215,2,2,1, 44217
8,44216,1,1,0, 44217
17,44219,3,3,1, 44222
15,44221,2,2,1, 44223
1,44226,1,1,0, 44227
24,44229,1,1,0, 44230
7,44232,1,1,0, 44233
25,44235,2,2,1, 44237
8,44236,1,1,0, 44237
31,44236,2,2,1, 44238
24,44249,1,1,0, 44250
7,44252,1,1,0, 44253
8,44256,1,1,1, 44257
24,44269,1,1,0, 44270
7,44272,1,1,0, 44273
8,44276,1,1,1, 44277
24,44289,1,1,1, 44290
7,44292,1,1,1, 44293
8,44296,1,1,0, 44297
15,44301,2,2,1, 44303
24,44309,1,1,0, 44310
7,44312,1,1,1, 44313
8,44316,1,1,0, 44317
15,44321,2,2,1, 44323
24,44329,1,1,1, 44330
6,44330,2,2,1, 44332
7,44332,1,1,1, 44333
8,44336,1,1,0, 44337
9,44337,2,2,1, 44339
16,44339,2,2,1, 44341
15,44341,2,2,1, 44343
2,44343,2,2,1, 44345
1,44346,1,1,0, 44347
24,44349,1,1,1, 44350
7,44352,1,1,1, 44353
25,44355,2,2,1, 44357
8,44356,1,1,1, 44357
9,44357,2,2,1, 44359
15,44361,2,2,1, 44363
2,44363,2,2,1, 44365
1,44366,1,1,1, 44367
24,44369,1,1,1, 44370
7,44372,1,1,0, 44373
25,44375,2,2,1, 44377
8,44376,1,1,0, 44377
9,44377,2,2,1, 44379
16,44379,2,2,1, 44381
1,44386,1,1,0, 44387
24,44389,1,1,0, 44390
7,44392,1,1,0, 44393
25,44395,2,2,1, 44397
8,44396,1,1,0, 44397
31,44396,2,2,1, 44398
16,44399,2,2,1, 44401
24,44409,1,1,0, 44410
6,44410,2,2,1, 44412
7,44412,1,1,1, 44413
31,44416,2,2,1, 44418
16,44419,2,2,1, 44421
24,44429,1,1,0, 44430
7,44432,1,1,0, 44433
24,44449,1,1,1, 44450
7,44452,1,1,1, 44453
25,44455,2,2,1, 44457
16,44459,2,2,1, 44461
7,44472,1,1,1, 44473
7,44492,1,1,0, 44493
1,44506,1,1,1, 44507
7,44512,1,1,0, 44513
8,44516,1,1,0, 44517
9,44517,2,2,1, 44519
17,44519,3,3,1, 44522
2,44523,2,2,1, 44525
1,44526,1,1,0, 44527
6,44530,2,2,1, 44532
7,44532,1,1,1, 44533
8,44536,1,1,0, 44537
31,44536,2,2,1, 44538
15,44541,2,2,1, 44543
1,44546,1,1,0, 44547
6,44550,2,2,1, 44552
7,44552,1,1,0, 44553
25,44555,2,2,1, 44557
8,44556,1,1,0, 44557
16,44559,2,2,1, 44561
1,44566,1,1,1, 44567
24,44569,1,1,0, 44570
7,44572,1,1,0, 44573
8,44576,1,1,1, 44577
31,44576,2,2,1, 44578
1,44586,1,1,1, 44587
24,44589,1,1,1, 44590
25,44595,2,2,1, 44597
8,44596,1,1,1, 44597
1,44606,1,1,0, 44607
24,44609,1,1,1, 44610
25,44615,2,2,1, 44617
8,44616,1,1,1, 44617
16,44619,2,2,1, 44621
15,44621,2,2,1, 44623
1,44626,1,1,1, 44627
24,44629,1,1,0, 44630
25,44635,2,2,1, 44637
8,44636,1,1,0, 44637
17,44639,3,3,1, 44642
24,44649,1,1,0, 44650
8,44656,1,1,0, 44657
24,44669,1,1,1, 44670
8,44676,1,1,1, 44677
24,44689,1,1,0, 44690
6,44690,2,2,1, 44692
7,44692,1,1,0, 44693
8,44696,1,1,0, 44697
2,44703,2,2,1, 44705
1,44706,1,1,0, 44707
24,44709,1,1,0, 44710
7,44712,1,1,0, 44713
8,44716,1,1,0, 44717
1,44726,1,1,0, 44727
24,44729,1,1,0, 44730
6,44730,2,2,1, 44732
7,44732,1,1,0, 44733
8,44736,1,1,1, 44737
15,44741,2,2,1, 44743
2,44743,2,2,1, 44745
1,44746,1,1,0, 44747
24,44749,1,1,1, 44750
6,44750,2,2,1, 44752
7,44752,1,1,1, 44753
25,44755,2,2,1, 44757
8,44756,1,1,0, 44757
17,44759,3,3,1, 44762
24,44769,1,1,1, 44770
7,44772,1,1,0, 44773
8,44776,1,1,0, 44777
24,44789,1,1,1, 44790
7,44792,1,1,1, 44793
8,44796,1,1,1, 44797
24,44809,1,1,0, 44810
7,44812,1,1,0, 44813
8,44816,1,1,0, 44817
31,44816,2,2,1, 44818
16,44819,2,2,1, 44821
1,44826,1,1,0, 44827
24,44829,1,1,1, 44830
6,44830,2,2,1, 44832
7,44832,1,1,0, 44833
8,44836,1,1,0, 44837
31,44836,2,2,1, 44838
1,44846,1,1,0, 44847
24,44849,1,1,0, 44850
7,44852,1,1,1, 44853
25,44855,2,2,1, 44857
8,44856,1,1,1, 44857
1,44866,1,1,1, 44867
24,44869,1,1,1, 44870
7,44872,1,1,1, 44873
8,44876,1,1,0, 44877
17,44879,3,3,1, 44882
24,44889,1,1,1, 44890
6,44890,2,2,1, 44892
7,44892,1,1,0, 44893
8,44896,1,1,1, 44897
15,44901,2,2,1, 44903
24,44909,1,1,0, 44910
7,44912,1,1,0, 44913
8,44916,1,1,0, 44917
24,44929,1,1,0, 44930
6,44930,2,2,1, 44932
7,44932,1,1,0, 44933
8,44936,1,1,1, 44937
16,44939,2,2,1, 44941
15,44941,2,2,1, 44943
1,44946,1,1,0, 44947
24,44949,1,1,0, 44950
8,44956,1,1,1, 44957
16,44959,2,2,1, 44961
15,44961,2,2,1, 44963
1,44966,1,1,1, 44967
24,44969,1,1,0, 44970
25,44975,2,2,1, 44977
8,44976,1,1,0, 44977
16,44979,2,2,1, 44981
15,44981,2,2,1, 44983
1,44986,1,1,1, 44987
24,44989,1,1,0, 44990
8,44996,1,1,0, 44997
9,44997,2,2,1, 44999
17,44999,3,3,1, 45002
24,45009,1,1,1, 45010
16,45019,2,2,1, 45021
24,45029,1,1,1, 45030
24,45049,1,1,0, 45050
7,45052,1,1,0, 45053
16,45059,2,2,1, 45061
2,45063,2,2,1, 45065
1,45066,1,1,0, 45067
7,45072,1,1,1, 45073
9,45077,2,2,1, 45079
1,45086,1,1,0, 45087
6,45090,2,2,1, 45092
7,45092,1,1,1, 45093
15,45101,2,2,1, 45103
1,45106,1,1,1, 45107
6,45110,2,2,1, 45112
7,45112,1,1,0, 45113
8,45116,1,1,1, 45117
9,45117,2,2,1, 45119
7,45132,1,1,1, 45133
8,45136,1,1,1, 45137
16,45139,2,2,1, 45141
7,45152,1,1,1, 45153
8,45156,1,1,0, 45157
16,45159,2,2,1, 45161
24,45169,1,1,0, 45170
7,45172,1,1,0, 45173
25,45175,2,2,1, 45177
8,45176,1,1,0, 45177
1,45186,1,1,0, 45187
24,45189,1,1,1, 45190
7,45192,1,1,0, 45193
8,45196,1,1,0, 45197
17,45199,3,3,1, 45202
15,45201,2,2,1, 45203
2,45203,2,2,1, 45205
1,45206,1,1,1, 45207
24,45209,1,1,0, 45210
6,45210,2,2,1, 45212
7,45212,1,1,1, 45213
25,45215,2,2,1, 45217
8,45216,1,1,1, 45217
16,45219,2,2,1, 45221
17,45219,3,3,1, 45222
2,45223,2,2,1, 45225
1,45226,1,1,1, 45227
24,45229,1,1,1, 45230
7,45232,1,1,1, 45233
25,45235,2,2,1, 45237
8,45236,1,1,0, 45237
31,45236,2,2,1, 45238
9,45237,2,2,1, 45239
16,45239,2,2,1, 45241
17,45239,3,3,1, 45242
15,45241,2,2,1, 45243
24,45249,1,1,1, 45250
7,45252,1,1,0, 45253
8,45256,1,1,0, 45257
15,45261,2,2,1, 45263
24,45269,1,1,1, 45270
7,45272,1,1,0, 45273
8,45276,1,1,0, 45277
24,45289,1,1,0, 45290
6,45290,2,2,1, 45292
7,45292,1,1,0, 45293
8,45296,1,1,1, 45297
2,45303,2,2,1, 45305
1,45306,1,1,1, 45307
24,45309,1,1,1, 45310
7,45312,1,1,0, 45313
8,45316,1,1,0, 45317
1,45326,1,1,1, 45327
24,45329,1,1,1, 45330
6,45330,2,2,1, 45332
7,45332,1,1,1, 45333
8,45336,1,1,1, 45337
1,45346,1,1,0, 45347
24,45349,1,1,0, 45350
6,45350,2,2,1, 45352
7,45352,1,1,0, 45353
8,45356,1,1,0, 45357
9,45357,2,2,1, 45359
17,45359,3,3,1, 45362
24,45369,1,1,0, 45370
7,45372,1,1,1, 45373
8,45376,1,1,0, 45377
16,45379,2,2,1, 45381
24,45389,1,1,0, 45390
7,45392,1,1,0, 45393
8,45396,1,1,0, 45397
24,45409,1,1,1, 45410
7,45412,1,1,1, 45413
8,45416,1,1,1, 45417
31,45416,2,2,1, 45418
1,45426,1,1,1, 45427
7,45432,1,1,1, 45433
8,45436,1,1,0, 45437
15,45441,2,2,1, 45443
1,45446,1,1,0, 45447
7,45452,1,1,0, 45453
25,45455,2,2,1, 45457
8,45456,1,1,1, 45457
15,45461,2,2,1, 45463
1,45466,1,1,1, 45467
7,45472,1,1,0, 45473
25,45475,2,2,1, 45477
8,45476,1,1,0, 45477
9,45477,2,2,1, 45479
6,45490,2,2,1, 45492
7,45492,1,1,0, 45493
8,45496,1,1,0, 45497
7,45512,1,1,0, 45513
8,45516,1,1,0, 45517
24,45529,1,1,1, 45530
6,45530,2,2,1, 45532
7,45532,1,1,0, 45533
25,45535,2,2,1, 45537
8,45536,1,1,1, 45537
24,45549,1,1,0, 45550
7,45552,1,1,0, 45553
8,45556,1,1,1, 45557
31,45556,2,2,1, 45558
24,45569,1,1,1, 45570
7,45572,1,1,0, 45573
8,45576,1,1,1, 45577
1,45586,1,1,0, 45587
24,45589,1,1,1, 45590
7,45592,1,1,1, 45593
8,45596,1,1,0, 45597
17,45599,3,3,1, 45602
15,45601,2,2,1, 45603
24,45609,1,1,1, 45610
7,45612,1,1,1, 45613
15,45621,2,2,1, 45623
24,45629,1,1,0, 45630
7,45632,1,1,0, 45633
24,45649,1,1,1, 45650
7,45652,1,1,0, 45653
15,45661,2,2,1, 45663
24,45669,1,1,0, 45670
6,45670,2,2,1, 45672
7,45672,1,1,0, 45673
24,45689,1,1,0, 45690
7,45692,1,1,1, 45693
15,45701,2,2,1, 45703
1,45706,1,1,0, 45707
24,45709,1,1,1, 45710
6,45710,2,2,1, 45712
7,45712,1,1,1, 45713
8,45716,1,1,1, 45717
9,45717,2,2,1, 45719
16,45719,2,2,1, 45721
24,45729,1,1,1, 45730
8,45736,1,1,1, 45737
24,45749,1,1,0, 45750
8,45756,1,1,1, 45757
24,45769,1,1,1, 45770
8,45776,1,1,0, 45777
24,45789,1,1,1, 45790
8,45796,1,1,1, 45797
24,45809,1,1,0, 45810
8,45816,1,1,1, 45817
1,45826,1,1,0, 45827
24,45829,1,1,0, 45830
6,45830,2,2,1, 45832
7,45832,1,1,0, 45833
8,45836,1,1,0, 45837
31,45836,2,2,1, 45838
2,45843,2,2,1, 45845
1,45846,1,1,1, 45847
24,45849,1,1,0, 45850
6,45850,2,2,1, 45852
7,45852,1,1,0, 45853
8,45856,1,1,1, 45857
16,45859,2,2,1, 45861
24,45869,1,1,1, 45870
7,45872,1,1,0, 45873
8,45876,1,1,0, 45877
9,45877,2,2,1, 45879
24,45889,1,1,0, 45890
6,45890,2,2,1, 45892
7,45892,1,1,1, 45893
8,45896,1,1,1, 45897
24,45909,1,1,1, 45910
7,45912,1,1,0, 45913
24,45929,1,1,1, 45930
7,45932,1,1,1, 45933
24,45949,1,1,0, 45950
7,45952,1,1,1, 45953
25,45955,2,2,1, 45957
17,45959,3,3,1, 45962
1,45966,1,1,0, 45967
24,45969,1,1,0, 45970
7,45972,1,1,0, 45973
31,45976,2,2,1, 45978
1,45986,1,1,1, 45987
24,45989,1,1,0, 45990
7,45992,1,1,1, 45993
31,45996,2,2,1, 45998
1,46006,1,1,0, 46007
24,46009,1,1,0, 46010
6,46010,2,2,1, 46012
7,46012,1,1,1, 46013
8,46016,1,1,0, 46017
31,46016,2,2,1, 46018
1,46026,1,1,1, 46027
24,46029,1,1,0, 46030
6,46030,2,2,1, 46032
7,46032,1,1,1, 46033
8,46036,1,1,1, 46037
16,46039,2,2,1, 46041
1,46046,1,1,1, 46047
24,46049,1,1,1, 46050
6,46050,2,2,1, 46052
7,46052,1,1,1, 46053
8,46056,1,1,1, 46057
17,46059,3,3,1, 46062
2,46063,2,2,1, 46065
1,46066,1,1,0, 46067
24,46069,1,1,0, 46070
7,46072,1,1,0, 46073
25,46075,2,2,1, 46077
8,46076,1,1,0, 46077
17,46079,3,3,1, 46082
15,46081,2,2,1, 46083
7,46092,1,1,0, 46093
8,46096,1,1,1, 46097
15,46101,2,2,1, 46103
7,46112,1,1,1, 46113
8,46116,1,1,0, 46117
6,46130,2,2,1, 46132
7,46132,1,1,0, 46133
8,46136,1,1,1, 46137
1,46146,1,1,0, 46147
24,46149,1,1,1, 46150
8,46156,1,1,0, 46157
1,46166,1,1,0, 46167
24,46169,1,1,0, 46170
8,46176,1,1,1, 46177
15,46181,2,2,1, 46183
1,46186,1,1,0, 46187
24,46189,1,1,1, 46190
8,46196,1,1,0, 46197
9,46197,2,2,1, 46199
24,46209,1,1,1, 46210
25,46215,2,2,1, 46217
8,46216,1,1,1, 46217
24,46229,1,1,1, 46230
8,46236,1,1,1, 46237
24,46249,1,1,0, 46250
7,46252,1,1,0, 46253
25,46255,2,2,1, 46257
8,46256,1,1,1, 46257
31,46256,2,2,1, 46258
15,46261,2,2,1, 46263
7,46272,1,1,1, 46273
8,46276,1,1,0, 46277
31,46276,2,2,1, 46278
15,46281,2,2,1, 46283
7,46292,1,1,0, 46293
8,46296,1,1,1, 46297
31,46296,2,2,1, 46298
1,46306,1,1,0, 46307
7,46312,1,1,1, 46313
8,46316,1,1,1, 46317
31,46316,2,2,1, 46318
9,46317,2,2,1, 46319
17,46319,3,3,1, 46322
1,46326,1,1,0, 46327
6,46330,2,2,1, 46332
7,46332,1,1,0, 46333
1,46346,1,1,1, 46347
7,46352,1,1,0, 46353
25,46355,2,2,1, 46357
1,46366,1,1,0, 46367
24,46369,1,1,1, 46370
6,46370,2,2,1, 46372
7,46372,1,1,0, 46373
25,46375,2,2,1, 46377
16,46379,2,2,1, 46381
15,46381,2,2,1, 46383
1,46386,1,1,1, 46387
24,46389,1,1,0, 46390
7,46392,1,1,1, 46393
31,46396,2,2,1, 46398
1,46406,1,1,0, 46407
24,46409,1,1,1, 46410
7,46412,1,1,0, 46413
31,46416,2,2,1, 46418
1,46426,1,1,0, 46427
24,46429,1,1,1, 46430
7,46432,1,1,1, 46433
8,46436,1,1,0, 46437
31,46436,2,2,1, 46438
24,46449,1,1,1, 46450
7,46452,1,1,1, 46453
8,46456,1,1,0, 46457
24,46469,1,1,1, 46470
7,46472,1,1,1, 46473
8,46476,1,1,1, 46477
9,46477,2,2,1, 46479
24,46489,1,1,0, 46490
6,46490,2,2,1, 46492
7,46492,1,1,1, 46493
8,46496,1,1,0, 46497
24,46509,1,1,1, 46510
6,46510,2,2,1, 46512
7,46512,1,1,0, 46513
8,46516,1,1,1, 46517
9,46517,2,2,1, 46519
24,46529,1,1,0, 46530
6,46530,2,2,1, 46532
7,46532,1,1,1, 46533
8,46536,1,1,0, 46537
9,46537,2,2,1, 46539
1,46546,1,1,0, 46547
24,46549,1,1,0, 46550
6,46550,2,2,1, 46552
7,46552,1,1,0, 46553
8,46556,1,1,1, 46557
15,46561,2,2,1, 46563
2,46563,2,2,1, 46565
1,46566,1,1,0, 46567
24,46569,1,1,0, 46570
6,46570,2,2,1, 46572
7,46572,1,1,0, 46573
25,46575,2,2,1, 46577
8,46576,1,1,1, 46577
16,46579,2,2,1, 46581
1,46586,1,1,0, 46587
24,46589,1,1,1, 46590
7,46592,1,1,1, 46593
25,46595,2,2,1, 46597
8,46596,1,1,0, 46597
16,46599,2,2,1, 46601
15,46601,2,2,1, 46603
1,46606,1,1,1, 46607
24,46609,1,1,1, 46610
7,46612,1,1,0, 46613
25,46615,2,2,1, 46617
8,46616,1,1,1, 46617
16,46619,2,2,1, 46621
1,46626,1,1,0, 46627
8,46636,1,1,1, 46637
15,46641,2,2,1, 46643
1,46646,1,1,0, 46647
25,46655,2,2,1, 46657
8,46656,1,1,0, 46657
15,46661,2,2,1, 46663
1,46666,1,1,1, 46667
8,46676,1,1,1, 46677
1,46686,1,1,1, 46687
8,46696,1,1,1, 46697
15,46701,2,2,1, 46703
1,46706,1,1,1, 46707
25,46715,2,2,1, 46717
8,46716,1,1,1, 46717
1,46726,1,1,0, 46727
24,46729,1,1,0, 46730
7,46732,1,1,0, 46733
25,46735,2,2,1, 46737
8,46736,1,1,1, 46737
31,46736,2,2,1, 46738
9,46737,2,2,1, 46739
24,46749,1,1,1, 46750
7,46752,1,1,0, 46753
25,46755,2,2,1, 46757
8,46756,1,1,0, 46757
9,46757,2,2,1, 46759
16,46759,2,2,1, 46761
24,46769,1,1,0, 46770
7,46772,1,1,1, 46773
25,46775,2,2,1, 46777
8,46776,1,1,1, 46777
9,46777,2,2,1, 46779
24,46789,1,1,0, 46790
7,46792,1,1,0, 46793
25,46795,2,2,1, 46797
8,46796,1,1,0, 46797
9,46797,2,2,1, 46799
16,46799,2,2,1, 46801
7,46812,1,1,0, 46813
8,46816,1,1,0, 46817
9,46817,2,2,1, 46819
16,46819,2,2,1, 46821
6,46830,2,2,1, 46832
7,46832,1,1,1, 46833
8,46836,1,1,0, 46837
1,46846,1,1,1, 46847
7,46852,1,1,1, 46853
8,46856,1,1,1, 46857
15,46861,2,2,1, 46863
1,46866,1,1,0, 46867
7,46872,1,1,0, 46873
31,46876,2,2,1, 46878
15,46881,2,2,1, 46883
2,46883,2,2,1, 46885
1,46886,1,1,0, 46887
7,46892,1,1,0, 46893
15,46901,2,2,1, 46903
2,46903,2,2,1, 46905
1,46906,1,1,1, 46907
7,46912,1,1,1, 46913
2,46923,2,2,1, 46925
1,46926,1,1,1, 46927
7,46932,1,1,0, 46933
9,46937,2,2,1, 46939
15,46941,2,2,1, 46943
1,46946,1,1,1, 46947
7,46952,1,1,0, 46953
9,46957,2,2,1, 46959
17,46959,3,3,1, 46962
2,46963,2,2,1, 46965
1,46966,1,1,1, 46967
24,46969,1,1,1, 46970
6,46970,2,2,1, 46972
7,46972,1,1,1, 46973
8,46976,1,1,0, 46977
9,46977,2,2,1, 46979
17,46979,3,3,1, 46982
15,46981,2,2,1, 46983
24,46989,1,1,0, 46990
8,46996,1,1,1, 46997
15,47001,2,2,1, 47003
24,47009,1,1,0, 47010
8,47016,1,1,1, 47017
31,47016,2,2,1, 47018
24,47029,1,1,0, 47030
8,47036,1,1,0, 47037
31,47036,2,2,1, 47038
15,47041,2,2,1, 47043
1,47046,1,1,0, 47047
24,47049,1,1,0, 47050
25,47055,2,2,1, 47057
8,47056,1,1,1, 47057
31,47056,2,2,1, 47058
2,47063,2,2,1, 47065
1,47066,1,1,0, 47067
24,47069,1,1,1, 47070
8,47076,1,1,0, 47077
16,47079,2,2,1, 47081
2,47083,2,2,1, 47085
1,47086,1,1,0, 47087
24,47089,1,1,1, 47090
7,47092,1,1,1, 47093
25,47095,2,2,1, 47097
8,47096,1,1,0, 47097
9,47097,2,2,1, 47099
17,47099,3,3,1, 47102
7,47112,1,1,0, 47113
8,47116,1,1,1, 47117
6,47130,2,2,1, 47132
7,47132,1,1,1, 47133
8,47136,1,1,1, 47137
7,47152,1,1,0, 47153
8,47156,1,1,1, 47157
1,47166,1,1,0, 47167
6,47170,2,2,1, 47172
7,47172,1,1,0, 47173
8,47176,1,1,0, 47177
9,47177,2,2,1, 47179
17,47179,3,3,1, 47182
1,47186,1,1,1, 47187
7,47192,1,1,0, 47193
25,47195,2,2,1, 47197
8,47196,1,1,1, 47197
16,47199,2,2,1, 47201
1,47206,1,1,1, 47207
6,47210,2,2,1, 47212
7,47212,1,1,1, 47213
8,47216,1,1,1, 47217
9,47217,2,2,1, 47219
16,47219,2,2,1, 47221
17,47219,3,3,1, 47222
15,47221,2,2,1, 47223
24,47229,1,1,0, 47230
7,47232,1,1,1, 47233
8,47236,1,1,1, 47237
24,47249,1,1,0, 47250
7,47252,1,1,1, 47253
8,47256,1,1,1, 47257
24,47269,1,1,1, 47270
7,47272,1,1,0, 47273
8,47276,1,1,0, 47277
15,47281,2,2,1, 47283
1,47286,1,1,1, 47287
24,47289,1,1,0, 47290
7,47292,1,1,0, 47293
25,47295,2,2,1, 47297
8,47296,1,1,0, 47297
1,47306,1,1,0, 47307
24,47309,1,1,1, 47310
7,47312,1,1,0, 47313
8,47316,1,1,0, 47317
2,47323,2,2,1, 47325
1,47326,1,1,1, 47327
24,47329,1,1,1, 47330
6,47330,2,2,1, 47332
7,47332,1,1,1, 47333
8,47336,1,1,1, 47337
16,47339,2,2,1, 47341
1,47346,1,1,1, 47347
24,47349,1,1,0, 47350
7,47352,1,1,1, 47353
8,47356,1,1,1, 47357
31,47356,2,2,1, 47358
1,47366,1,1,1, 47367
24,47369,1,1,0, 47370
7,47372,1,1,1, 47373
8,47376,1,1,0, 47377
1,47386,1,1,0, 47387
24,47389,1,1,0, 47390
6,47390,2,2,1, 47392
7,47392,1,1,1, 47393
8,47396,1,1,1, 47397
31,47396,2,2,1, 47398
1,47406,1,1,0, 47407
24,47409,1,1,1, 47410
7,47412,1,1,1, 47413
8,47416,1,1,0, 47417
1,47426,1,1,1, 47427
24,47429,1,1,1, 47430
7,47432,1,1,1, 47433
8,47436,1,1,1, 47437
2,47443,2,2,1, 47445
1,47446,1,1,1, 47447
24,47449,1,1,0, 47450
7,47452,1,1,0, 47453
8,47456,1,1,1, 47457
9,47457,2,2,1, 47459
16,47459,2,2,1, 47461
17,47459,3,3,1, 47462
15,47461,2,2,1, 47463
24,47469,1,1,0, 47470
7,47472,1,1,0, 47473
16,47479,2,2,1, 47481
15,47481,2,2,1, 47483
24,47489,1,1,1, 47490
7,47492,1,1,0, 47493
24,47509,1,1,0, 47510
7,47512,1,1,1, 47513
16,47519,2,2,1, 47521
15,47521,2,2,1, 47523
24,47529,1,1,0, 47530
7,47532,1,1,1, 47533
24,47549,1,1,0, 47550
7,47552,1,1,0, 47553
1,47566,1,1,1, 47567
24,47569,1,1,1, 47570
6,47570,2,2,1, 47572
7,47572,1,1,0, 47573
16,47579,2,2,1, 47581
17,47579,3,3,1, 47582
2,47583,2,2,1, 47585
6,47590,2,2,1, 47592
7,47592,1,1,1, 47593
31,47596,2,2,1, 47598
7,47612,1,1,0, 47613
7,47632,1,1,1, 47633
8,47636,1,1,1, 47637
15,47641,2,2,1, 47643
1,47646,1,1,0, 47647
7,47652,1,1,0, 47653
8,47656,1,1,1, 47657
1,47666,1,1,1, 47667
7,47672,1,1,1, 47673
25,47675,2,2,1, 47677
8,47676,1,1,1, 47677
15,47681,2,2,1, 47683
1,47686,1,1,0, 47687
24,47689,1,1,0, 47690
7,47692,1,1,1, 47693
25,47695,2,2,1, 47697
8,47696,1,1,1, 47697
17,47699,3,3,1, 47702
24,47709,1,1,1, 47710
7,47712,1,1,1, 47713
8,47716,1,1,0, 47717
15,47721,2,2,1, 47723
24,47729,1,1,0, 47730
7,47732,1,1,1, 47733
8,47736,1,1,0, 47737
9,47737,2,2,1, 47739
15,47741,2,2,1, 47743
24,47749,1,1,1, 47750
6,47750,2,2,1, 47752
7,47752,1,1,0, 47753
8,47756,1,1,0, 47757
31,47756,2,2,1, 47758
24,47769,1,1,1, 47770
6,47770,2,2,1, 47772
7,47772,1,1,0, 47773
25,47775,2,2,1, 47777
8,47776,1,1,1, 47777
24,47789,1,1,1, 47790
6,47790,2,2,1, 47792
7,47792,1,1,0, 47793
25,47795,2,2,1, 47797
8,47796,1,1,1, 47797
31,47796,2,2,1, 47798
16,47799,2,2,1, 47801
1,47806,1,1,0, 47807
24,47809,1,1,1, 47810
6,47810,2,2,1, 47812
7,47812,1,1,0, 47813
8,47816,1,1,1, 47817
31,47816,2,2,1, 47818
1,47826,1,1,1, 47827
24,47829,1,1,1, 47830
7,47832,1,1,0, 47833
8,47836,1,1,1, 47837
15,47841,2,2,1, 47843
1,47846,1,1,1, 47847
24,47849,1,1,1, 47850
6,47850,2,2,1, 47852
7,47852,1,1,0, 47853
8,47856,1,1,0, 47857
1,47866,1,1,1, 47867
24,47869,1,1,1, 47870
6,47870,2,2,1, 47872
7,47872,1,1,1, 47873
8,47876,1,1,0, 47877
1,47886,1,1,0, 47887
24,47889,1,1,0, 47890
8,47896,1,1,0, 47897
1,47906,1,1,0, 47907
24,47909,1,1,0, 47910
8,47916,1,1,1, 47917
31,47916,2,2,1, 47918
1,47926,1,1,1, 47927
24,47929,1,1,1, 47930
8,47936,1,1,0, 47937
9,47937,2,2,1, 47939
16,47939,2,2,1, 47941
24,47949,1,1,0, 47950
25,47955,2,2,1, 47957
8,47956,1,1,0, 47957
16,47959,2,2,1, 47961
24,47969,1,1,0, 47970
8,47976,1,1,0, 47977
16,47979,2,2,1, 47981
24,47989,1,1,1, 47990
6,47990,2,2,1, 47992
7,47992,1,1,0, 47993
8,47996,1,1,0, 47997
7,48012,1,1,0, 48013
8,48016,1,1,1, 48017
15,48021,2,2,1, 48023
7,48032,1,1,1, 48033
8,48036,1,1,0, 48037
15,48041,2,2,1, 48043
1,48046,1,1,1, 48047
6,48050,2,2,1, 48052
7,48052,1,1,1, 48053
8,48056,1,1,0, 48057
1,48066,1,1,1, 48067
24,48069,1,1,0, 48070
6,48070,2,2,1, 48072
7,48072,1,1,0, 48073
16,48079,2,2,1, 48081
17,48079,3,3,1, 48082
1,48086,1,1,1, 48087
24,48089,1,1,1, 48090
6,48090,2,2,1, 48092
7,48092,1,1,0, 48093
25,48095,2,2,1, 48097
17,48099,3,3,1, 48102
1,48106,1,1,0, 48107
24,48109,1,1,0, 48110
7,48112,1,1,0, 48113
8,48176,1,1,0, 48177
1,48186,1,1,1, 48187
25,48195,2,2,1, 48197
8,48196,1,1,0, 48197
2,48203,2,2,1, 48205
1,48206,1,1,0, 48207
25,48215,2,2,1, 48217
8,48216,1,1,1, 48217
1,48226,1,1,0, 48227
7,48232,1,1,0, 48233
8,48236,1,1,0, 48237
9,48237,2,2,1, 48239
15,48241,2,2,1, 48243
24,48249,1,1,0, 48250
7,48252,1,1,1, 48253
8,48256,1,1,1, 48257
24,48269,1,1,1, 48270
6,48270,2,2,1, 48272
7,48272,1,1,0, 48273
8,48276,1,1,1, 48277
24,48289,1,1,1, 48290
6,48290,2,2,1, 48292
7,48292,1,1,0, 48293
8,48296,1,1,1, 48297
16,48299,2,2,1, 48301
24,48309,1,1,0, 48310
6,48310,2,2,1, 48312
7,48312,1,1,1, 48313
8,48316,1,1,1, 48317
24,48329,1,1,1, 48330
7,48332,1,1,0, 48333
8,48336,1,1,0, 48337
16,48339,2,2,1, 48341
1,48346,1,1,1, 48347
24,48349,1,1,0, 48350
6,48350,2,2,1, 48352
7,48352,1,1,1, 48353
25,48355,2,2,1, 48357
8,48356,1,1,0, 48357
31,48356,2,2,1, 48358
16,48359,2,2,1, 48361
1,48366,1,1,0, 48367
6,48370,2,2,1, 48372
7,48372,1,1,0, 48373
25,48375,2,2,1, 48377
8,48376,1,1,0, 48377
1,48386,1,1,0, 48387
6,48390,2,2,1, 48392
7,48392,1,1,0, 48393
8,48396,1,1,0, 48397
1,48406,1,1,1, 48407
6,48410,2,2,1, 48412
7,48412,1,1,1, 48413
8,48416,1,1,0, 48417
1,48426,1,1,0, 48427
6,48430,2,2,1, 48432
7,48432,1,1,1, 48433
25,48435,2,2,1, 48437
8,48436,1,1,1, 48437
1,48446,1,1,0, 48447
7,48452,1,1,0, 48453
8,48456,1,1,0, 48457
1,48466,1,1,1, 48467
24,48469,1,1,0, 48470
7,48472,1,1,0, 48473
25,48475,2,2,1, 48477
8,48476,1,1,0, 48477
24,48489,1,1,0, 48490
7,48492,1,1,1, 48493
8,48496,1,1,1, 48497
31,48496,2,2,1, 48498
24,48509,1,1,0, 48510
7,48512,1,1,0, 48513
8,48516,1,1,1, 48517
31,48516,2,2,1, 48518
9,48517,2,2,1, 48519
16,48519,2,2,1, 48521
24,48529,1,1,0, 48530
7,48532,1,1,0, 48533
8,48536,1,1,1, 48537
31,48536,2,2,1, 48538
9,48537,2,2,1, 48539
24,48549,1,1,0, 48550
6,48550,2,2,1, 48552
7,48552,1,1,1, 48553
24,48569,1,1,1, 48570
7,48572,1,1,1, 48573
31,48576,2,2,1, 48578
1,48586,1,1,1, 48587
24,48589,1,1,1, 48590
7,48592,1,1,1, 48593
25,48595,2,2,1, 48597
31,48596,2,2,1, 48598
1,48606,1,1,0, 48607
24,48609,1,1,1, 48610
2,48623,2,2,1, 48625
1,48626,1,1,0, 48627
24,48629,1,1,1, 48630
2,48643,2,2,1, 48645
1,48646,1,1,1, 48647
24,48649,1,1,0, 48650
8,48656,1,1,0, 48657
16,48659,2,2,1, 48661
1,48666,1,1,1, 48667
24,48669,1,1,0, 48670
25,48675,2,2,1, 48677
8,48676,1,1,0, 48677
9,48677,2,2,1, 48679
17,48679,3,3,1, 48682
2,48683,2,2,1, 48685
1,48686,1,1,0, 48687
24,48689,1,1,0, 48690
8,48696,1,1,0, 48697
2,48703,2,2,1, 48705
1,48706,1,1,0, 48707
24,48709,1,1,1, 48710
7,48712,1,1,0, 48713
8,48716,1,1,1, 48717
31,48716,2,2,1, 48718
9,48717,2,2,1, 48719
17,48719,3,3,1, 48722
24,48729,1,1,0, 48730
7,48732,1,1,0, 48733
8,48736,1,1,0, 48737
24,48749,1,1,1, 48750
6,48750,2,2,1, 48752
7,48752,1,1,0, 48753
8,48756,1,1,0, 48757
31,48756,2,2,1, 48758
15,48761,2,2,1, 48763
24,48769,1,1,0, 48770
7,48772,1,1,0, 48773
8,48776,1,1,1, 48777
31,48776,2,2,1, 48778
24,48789,1,1,0, 48790
8,48796,1,1,0, 48797
15,48801,2,2,1, 48803
24,48809,1,1,0, 48810
8,48816,1,1,1, 48817
1,48826,1,1,0, 48827
24,48829,1,1,1, 48830
25,48835,2,2,1, 48837
8,48836,1,1,0, 48837
9,48837,2,2,1, 48839
17,48839,3,3,1, 48842
24,48849,1,1,0, 48850
7,48852,1,1,0, 48853
8,48856,1,1,0, 48857
31,48856,2,2,1, 48858
24,48869,1,1,0, 48870
6,48870,2,2,1, 48872
7,48872,1,1,0, 48873
8,48876,1,1,1, 48877
31,48876,2,2,1, 48878
24,48889,1,1,0, 48890
6,48890,2,2,1, 48892
7,48892,1,1,0, 48893
8,48896,1,1,1, 48897
31,48896,2,2,1, 48898
2,48903,2,2,1, 48905
1,48906,1,1,0, 48907
24,48909,1,1,0, 48910
7,48912,1,1,1, 48913
25,48915,2,2,1, 48917
8,48916,1,1,0, 48917
1,48926,1,1,0, 48927
24,48929,1,1,0, 48930
7,48932,1,1,1, 48933
25,48935,2,2,1, 48937
8,48936,1,1,1, 48937
1,48946,1,1,1, 48947
24,48949,1,1,0, 48950
6,48950,2,2,1, 48952
7,48952,1,1,1, 48953
25,48955,2,2,1, 48957
8,48956,1,1,1, 48957
9,48957,2,2,1, 48959
16,48959,2,2,1, 48961
24,48969,1,1,0, 48970
7,48972,1,1,1, 48973
8,48976,1,1,0, 48977
24,48989,1,1,0, 48990
7,48992,1,1,0, 48993
25,48995,2,2,1, 48997
8,48996,1,1,1, 48997
15,49001,2,2,1, 49003
24,49009,1,1,1, 49010
6,49010,2,2,1, 49012
7,49012,1,1,1, 49013
25,49015,2,2,1, 49017
8,49016,1,1,0, 49017
8,49036,1,1,1, 49037
16,49039,2,2,1, 49041
15,49041,2,2,1, 49043
8,49056,1,1,0, 49057
16,49059,2,2,1, 49061
1,49066,1,1,0, 49067
8,49076,1,1,0, 49077
2,49083,2,2,1, 49085
1,49086,1,1,0, 49087
8,49096,1,1,1, 49097
1,49106,1,1,0, 49107
8,49116,1,1,0, 49117
16,49119,2,2,1, 49121
1,49126,1,1,0, 49127
24,49129,1,1,0, 49130
7,49132,1,1,1, 49133
8,49136,1,1,1, 49137
31,49136,2,2,1, 49138
16,49139,2,2,1, 49141
1,49146,1,1,1, 49147
24,49149,1,1,1, 49150
7,49152,1,1,0, 49153
25,49155,2,2,1, 49157
8,49156,1,1,1, 49157
16,49159,2,2,1, 49161
1,49166,1,1,1, 49167
24,49169,1,1,1, 49170
7,49172,1,1,0, 49173
8,49176,1,1,1, 49177
1,49186,1,1,1, 49187
24,49189,1,1,1, 49190
7,49192,1,1,1, 49193
25,49195,2,2,1, 49197
8,49196,1,1,0, 49197
1,49206,1,1,1, 49207
24,49209,1,1,1, 49210
6,49210,2,2,1, 49212
7,49212,1,1,1, 49213
1,49226,1,1,0, 49227
24,49229,1,1,1, 49230
6,49230,2,2,1, 49232
7,49232,1,1,0, 49233
9,49237,2,2,1, 49239
15,49241,2,2,1, 49243
1,49246,1,1,0, 49247
24,49249,1,1,0, 49250
7,49252,1,1,1, 49253
25,49255,2,2,1, 49257
9,49257,2,2,1, 49259
15,49261,2,2,1, 49263
24,49269,1,1,0, 49270
7,49272,1,1,0, 49273
24,49289,1,1,1, 49290
7,49292,1,1,0, 49293
24,49309,1,1,1, 49310
7,49312,1,1,0, 49313
8,49316,1,1,0, 49317
16,49319,2,2,1, 49321
24,49329,1,1,0, 49330
6,49330,2,2,1, 49332
7,49332,1,1,0, 49333
8,49336,1,1,0, 49337
31,49336,2,2,1, 49338
24,49349,1,1,0, 49350
7,49352,1,1,1, 49353
8,49356,1,1,0, 49357
31,49356,2,2,1, 49358
1,49366,1,1,0, 49367
24,49369,1,1,0, 49370
6,49370,2,2,1, 49372
7,49372,1,1,1, 49373
8,49376,1,1,1, 49377
1,49386,1,1,1, 49387
24,49389,1,1,0, 49390
6,49390,2,2,1, 49392
7,49392,1,1,0, 49393
8,49396,1,1,0, 49397
1,49406,1,1,1, 49407
24,49409,1,1,0, 49410
6,49410,2,2,1, 49412
7,49412,1,1,0, 49413
8,49416,1,1,0, 49417
1,49426,1,1,0, 49427
24,49429,1,1,0, 49430
6,49430,2,2,1, 49432
7,49432,1,1,0, 49433
25,49435,2,2,1, 49437
8,49436,1,1,0, 49437
17,49439,3,3,1, 49442
1,49446,1,1,1, 49447
24,49449,1,1,0, 49450
6,49450,2,2,1, 49452
7,49452,1,1,0, 49453
8,49456,1,1,0, 49457
16,49459,2,2,1, 49461
1,49466,1,1,1, 49467
24,49469,1,1,1, 49470
6,49470,2,2,1, 49472
7,49472,1,1,1, 49473
25,49475,2,2,1, 49477
8,49476,1,1,0, 49477
31,49476,2,2,1, 49478
16,49479,2,2,1, 49481
1,49486,1,1,0, 49487
24,49489,1,1,0, 49490
7,49492,1,1,0, 49493
25,49495,2,2,1, 49497
8,49496,1,1,0, 49497
9,49497,2,2,1, 49499
16,49499,2,2,1, 49501
15,49501,2,2,1, 49503
1,49506,1,1,0, 49507
24,49509,1,1,0, 49510
7,49512,1,1,1, 49513
25,49515,2,2,1, 49517
8,49516,1,1,0, 49517
1,49526,1,1,0, 49527
24,49529,1,1,1, 49530
7,49532,1,1,1, 49533
8,49536,1,1,1, 49537
31,49536,2,2,1, 49538
1,49546,1,1,0, 49547
24,49549,1,1,1, 49550
7,49552,1,1,1, 49553
25,49555,2,2,1, 49557
8,49556,1,1,1, 49557
31,49556,2,2,1, 49558
16,49559,2,2,1, 49561
15,49561,2,2,1, 49563
7,49632,1,1,0, 49633
7,49652,1,1,1, 49653
24,49669,1,1,0, 49670
6,49670,2,2,1, 49672
7,49672,1,1,1, 49673
8,49676,1,1,0, 49677
31,49676,2,2,1, 49678
15,49681,2,2,1, 49683
1,49686,1,1,0, 49687
24,49689,1,1,1, 49690
7,49692,1,1,1, 49693
8,49696,1,1,1, 49697
16,49699,2,2,1, 49701
15,49701,2,2,1, 49703
1,49706,1,1,0, 49707
24,49709,1,1,1, 49710
6,49710,2,2,1, 49712
7,49712,1,1,0, 49713
8,49716,1,1,1, 49717
9,49717,2,2,1, 49719
1,49726,1,1,1, 49727
24,49729,1,1,0, 49730
7,49732,1,1,0, 49733
8,49736,1,1,1, 49737
15,49741,2,2,1, 49743
1,49746,1,1,1, 49747
24,49749,1,1,1, 49750
25,49755,2,2,1, 49757
8,49756,1,1,0, 49757
15,49761,2,2,1, 49763
1,49766,1,1,0, 49767
24,49769,1,1,0, 49770
25,49775,2,2,1, 49777
8,49776,1,1,0, 49777
31,49776,2,2,1, 49778
1,49786,1,1,0, 49787
24,49789,1,1,0, 49790
8,49796,1,1,1, 49797
15,49801,2,2,1, 49803
2,49803,2,2,1, 49805
1,49806,1,1,1, 49807
24,49809,1,1,0, 49810
25,49815,2,2,1, 49817
8,49816,1,1,1, 49817
24,49829,1,1,0, 49830
8,49836,1,1,1, 49837
24,49849,1,1,1, 49850
7,49852,1,1,0, 49853
8,49856,1,1,1, 49857
16,49859,2,2,1, 49861
1,49866,1,1,0, 49867
24,49869,1,1,0, 49870
7,49872,1,1,1, 49873
1,49886,1,1,0, 49887
24,49889,1,1,0, 49890
6,49890,2,2,1, 49892
7,49892,1,1,0, 49893
1,49906,1,1,1, 49907
24,49909,1,1,0, 49910
7,49912,1,1,1, 49913
1,49926,1,1,1, 49927
24,49929,1,1,0, 49930
6,49930,2,2,1, 49932
7,49932,1,1,1, 49933
1,49946,1,1,0, 49947
24,49949,1,1,0, 49950
6,49950,2,2,1, 49952
7,49952,1,1,1, 49953
1,49966,1,1,1, 49967
24,49969,1,1,0, 49970
6,49970,2,2,1, 49972
7,49972,1,1,0, 49973
8,49976,1,1,0, 49977
16,49979,2,2,1, 49981
15,49981,2,2,1, 49983
7,49992,1,1,0, 49993
8,49996,1,1,0, 49997
16,49999,2,2,1, 50001
15,50001,2,2,1, 50003
7,50012,1,1,1, 50013
8,50016,1,1,1, 50017
7,50032,1,1,1, 50033
8,50036,1,1,1, 50037
31,50036,2,2,1, 50038
16,50039,2,2,1, 50041
7,50052,1,1,1, 50053
8,50056,1,1,0, 50057
31,50056,2,2,1, 50058
16,50059,2,2,1, 50061
7,50072,1,1,0, 50073
8,50076,1,1,1, 50077
31,50076,2,2,1, 50078
16,50079,2,2,1, 50081
1,50086,1,1,0, 50087
24,50089,1,1,1, 50090
7,50092,1,1,0, 50093
8,50096,1,1,1, 50097
9,50097,2,2,1, 50099
16,50099,2,2,1, 50101
1,50106,1,1,1, 50107
24,50109,1,1,1, 50110
7,50112,1,1,1, 50113
16,50119,2,2,1, 50121
1,50126,1,1,1, 50127
24,50129,1,1,0, 50130
7,50132,1,1,1, 50133
25,50135,2,2,1, 50137
15,50141,2,2,1, 50143
1,50146,1,1,1, 50147
24,50149,1,1,0, 50150
6,50150,2,2,1, 50152
7,50152,1,1,1, 50153
25,50155,2,2,1, 50157
16,50159,2,2,1, 50161
15,50161,2,2,1, 50163
1,50166,1,1,0, 50167
24,50169,1,1,1, 50170
7,50172,1,1,1, 50173
25,50175,2,2,1, 50177
8,50176,1,1,1, 50177
15,50181,2,2,1, 50183
1,50186,1,1,0, 50187
24,50189,1,1,0, 50190
6,50190,2,2,1, 50192
7,50192,1,1,1, 50193
8,50196,1,1,0, 50197
31,50196,2,2,1, 50198
16,50199,2,2,1, 50201
1,50206,1,1,0, 50207
24,50209,1,1,0, 50210
6,50210,2,2,1, 50212
7,50212,1,1,1, 50213
8,50216,1,1,0, 50217
9,50217,2,2,1, 50219
24,50229,1,1,1, 50230
7,50232,1,1,1, 50233
25,50235,2,2,1, 50237
8,50236,1,1,0, 50237
24,50249,1,1,0, 50250
7,50252,1,1,1, 50253
8,50256,1,1,0, 50257
24,50269,1,1,0, 50270
7,50272,1,1,1, 50273
25,50275,2,2,1, 50277
8,50276,1,1,0, 50277
24,50289,1,1,1, 50290
7,50292,1,1,1, 50293
8,50296,1,1,1, 50297
24,50309,1,1,1, 50310
7,50312,1,1,0, 50313
8,50316,1,1,1, 50317
1,50326,1,1,1, 50327
24,50329,1,1,0, 50330
6,50330,2,2,1, 50332
7,50332,1,1,0, 50333
8,50336,1,1,1, 50337
31,50336,2,2,1, 50338
16,50339,2,2,1, 50341
15,50341,2,2,1, 50343
2,50343,2,2,1, 50345
24,50349,1,1,1, 50350
31,50356,2,2,1, 50358
24,50369,1,1,1, 50370
24,50389,1,1,0, 50390
24,50409,1,1,1, 50410
24,50429,1,1,0, 50430
24,50449,1,1,1, 50450
7,50452,1,1,1, 50453
25,50455,2,2,1, 50457
8,50456,1,1,1, 50457
16,50459,2,2,1, 50461
17,50459,3,3,1, 50462
7,50472,1,1,1, 50473
8,50476,1,1,0, 50477
7,50492,1,1,1, 50493
8,50496,1,1,0, 50497
31,50496,2,2,1, 50498
7,50512,1,1,0, 50513
8,50516,1,1,0, 50517
7,50532,1,1,0, 50533
8,50536,1,1,1, 50537
15,50541,2,2,1, 50543
6,50550,2,2,1, 50552
7,50552,1,1,1, 50553
8,50556,1,1,0, 50557
15,50561,2,2,1, 50563
1,50566,1,1,0, 50567
24,50569,1,1,1, 50570
7,50572,1,1,1, 50573
8,50576,1,1,0, 50577
9,50577,2,2,1, 50579
1,50586,1,1,1, 50587
24,50589,1,1,1, 50590
6,50590,2,2,1, 50592
7,50592,1,1,0, 50593
8,50596,1,1,0, 50597
1,50606,1,1,1, 50607
24,50609,1,1,0, 50610
7,50612,1,1,1, 50613
8,50616,1,1,0, 50617
1,50626,1,1,0, 50627
24,50629,1,1,0, 50630
7,50632,1,1,0, 50633
8,50636,1,1,0, 50637
31,50636,2,2,1, 50638
16,50639,2,2,1, 50641
15,50641,2,2,1, 50643
1,50646,1,1,0, 50647
24,50649,1,1,1, 50650
7,50652,1,1,0, 50653
8,50656,1,1,0, 50657
16,50659,2,2,1, 50661
1,50666,1,1,1, 50667
24,50669,1,1,0, 50670
6,50670,2,2,1, 50672
7,50672,1,1,0, 50673
25,50675,2,2,1, 50677
8,50676,1,1,0, 50677
16,50679,2,2,1, 50681
15,50681,2,2,1, 50683
1,50686,1,1,0, 50687
24,50689,1,1,1, 50690
7,50692,1,1,1, 50693
8,50696,1,1,0, 50697
16,50699,2,2,1, 50701
24,50709,1,1,1, 50710
7,50712,1,1,0, 50713
24,50729,1,1,0, 50730
7,50732,1,1,1, 50733
24,50749,1,1,1, 50750
7,50752,1,1,1, 50753
31,50756,2,2,1, 50758
24,50769,1,1,1, 50770
7,50772,1,1,1, 50773
24,50789,1,1,0, 50790
7,50792,1,1,0, 50793
1,50806,1,1,1, 50807
24,50809,1,1,0, 50810
7,50812,1,1,1, 50813
31,50816,2,2,1, 50818
16,50819,2,2,1, 50821
17,50819,3,3,1, 50822
2,50823,2,2,1, 50825
1,50826,1,1,1, 50827
24,50829,1,1,0, 50830
6,50830,2,2,1, 50832
7,50832,1,1,0, 50833
8,50836,1,1,1, 50837
15,50841,2,2,1, 50843
2,50843,2,2,1, 50845
1,50846,1,1,0, 50847
24,50849,1,1,0, 50850
7,50852,1,1,1, 50853
25,50855,2,2,1, 50857
8,50856,1,1,0, 50857
15,50861,2,2,1, 50863
2,50863,2,2,1, 50865
1,50866,1,1,0, 50867
24,50869,1,1,0, 50870
6,50870,2,2,1, 50872
7,50872,1,1,1, 50873
8,50876,1,1,1, 50877
24,50889,1,1,1, 50890
7,50892,1,1,0, 50893
8,50896,1,1,0, 50897
15,50901,2,2,1, 50903
24,50909,1,1,1, 50910
7,50912,1,1,0, 50913
25,50915,2,2,1, 50917
8,50916,1,1,0, 50917
24,50929,1,1,0, 50930
6,50930,2,2,1, 50932
7,50932,1,1,0, 50933
25,50935,2,2,1, 50937
8,50936,1,1,0, 50937
24,50949,1,1,0, 50950
8,50956,1,1,0, 50957
24,50969,1,1,1, 50970
8,50976,1,1,0, 50977
16,50979,2,2,1, 50981
15,50981,2,2,1, 50983
1,50986,1,1,0, 50987
24,50989,1,1,0, 50990
8,50996,1,1,0, 50997
17,50999,3,3,1, 51002
1,51006,1,1,0, 51007
24,51009,1,1,1, 51010
1,51026,1,1,0, 51027
24,51029,1,1,0, 51030
1,51046,1,1,1, 51047
24,51049,1,1,1, 51050
7,51052,1,1,0, 51053
1,51066,1,1,0, 51067
24,51069,1,1,0, 51070
7,51072,1,1,1, 51073
31,51076,2,2,1, 51078
1,51086,1,1,1, 51087
24,51089,1,1,1, 51090
7,51092,1,1,0, 51093
31,51096,2,2,1, 51098
16,51099,2,2,1, 51101
1,51106,1,1,1, 51107
24,51109,1,1,0, 51110
6,51110,2,2,1, 51112
7,51112,1,1,0, 51113
25,51115,2,2,1, 51117
8,51116,1,1,0, 51117
9,51117,2,2,1, 51119
17,51119,3,3,1, 51122
15,51121,2,2,1, 51123
1,51126,1,1,0, 51127
6,51130,2,2,1, 51132
7,51132,1,1,1, 51133
25,51135,2,2,1, 51137
8,51136,1,1,1, 51137
15,51141,2,2,1, 51143
1,51146,1,1,1, 51147
6,51150,2,2,1, 51152
7,51152,1,1,0, 51153
25,51155,2,2,1, 51157
8,51156,1,1,0, 51157
15,51161,2,2,1, 51163
1,51166,1,1,0, 51167
6,51170,2,2,1, 51172
7,51172,1,1,0, 51173
8,51176,1,1,0, 51177
31,51176,2,2,1, 51178
1,51186,1,1,0, 51187
25,51195,2,2,1, 51197
8,51196,1,1,1, 51197
15,51201,2,2,1, 51203
1,51206,1,1,1, 51207
8,51216,1,1,0, 51217
15,51221,2,2,1, 51223
1,51226,1,1,1, 51227
25,51235,2,2,1, 51237
8,51236,1,1,0, 51237
24,51249,1,1,1, 51250
8,51256,1,1,0, 51257
24,51269,1,1,0, 51270
8,51276,1,1,0, 51277
24,51289,1,1,1, 51290
7,51292,1,1,0, 51293
8,51296,1,1,1, 51297
24,51309,1,1,1, 51310
6,51310,2,2,1, 51312
7,51312,1,1,0, 51313
8,51316,1,1,1, 51317
24,51329,1,1,0, 51330
7,51332,1,1,0, 51333
8,51336,1,1,0, 51337
1,51346,1,1,0, 51347
24,51349,1,1,1, 51350
6,51350,2,2,1, 51352
7,51352,1,1,1, 51353
25,51355,2,2,1, 51357
8,51356,1,1,1, 51357
15,51361,2,2,1, 51363
24,51369,1,1,1, 51370
7,51372,1,1,0, 51373
8,51376,1,1,1, 51377
24,51389,1,1,1, 51390
7,51392,1,1,1, 51393
8,51396,1,1,0, 51397
15,51401,2,2,1, 51403
24,51409,1,1,1, 51410
7,51412,1,1,1, 51413
8,51416,1,1,1, 51417
15,51421,2,2,1, 51423
24,51429,1,1,0, 51430
7,51432,1,1,0, 51433
8,51436,1,1,1, 51437
15,51441,2,2,1, 51443
24,51449,1,1,0, 51450
7,51452,1,1,1, 51453
8,51456,1,1,0, 51457
15,51461,2,2,1, 51463
1,51466,1,1,1, 51467
24,51469,1,1,0, 51470
6,51470,2,2,1, 51472
7,51472,1,1,1, 51473
8,51476,1,1,0, 51477
31,51476,2,2,1, 51478
9,51477,2,2,1, 51479
16,51479,2,2,1, 51481
1,51486,1,1,1, 51487
24,51489,1,1,0, 51490
6,51490,2,2,1, 51492
7,51492,1,1,1, 51493
25,51495,2,2,1, 51497
1,51506,1,1,1, 51507
24,51509,1,1,0, 51510
7,51512,1,1,1, 51513
1,51526,1,1,1, 51527
24,51529,1,1,1, 51530
7,51532,1,1,0, 51533
1,51546,1,1,0, 51547
24,51549,1,1,1, 51550
7,51552,1,1,1, 51553
25,51555,2,2,1, 51557
1,51566,1,1,0, 51567
24,51569,1,1,0, 51570
6,51570,2,2,1, 51572
7,51572,1,1,0, 51573
2,51583,2,2,1, 51585
1,51586,1,1,0, 51587
24,51589,1,1,1, 51590
7,51592,1,1,1, 51593
8,51596,1,1,1, 51597
9,51597,2,2,1, 51599
24,51609,1,1,0, 51610
8,51616,1,1,1, 51617
24,51629,1,1,0, 51630
8,51636,1,1,1, 51637
16,51639,2,2,1, 51641
24,51649,1,1,1, 51650
8,51656,1,1,1, 51657
16,51659,2,2,1, 51661
15,51661,2,2,1, 51663
24,51669,1,1,0, 51670
25,51675,2,2,1, 51677
8,51676,1,1,1, 51677
16,51679,2,2,1, 51681
24,51689,1,1,0, 51690
25,51695,2,2,1, 51697
8,51696,1,1,0, 51697
16,51699,2,2,1, 51701
1,51706,1,1,0, 51707
24,51709,1,1,1, 51710
7,51712,1,1,1, 51713
25,51715,2,2,1, 51717
8,51716,1,1,0, 51717
31,51716,2,2,1, 51718
9,51717,2,2,1, 51719
7,51732,1,1,1, 51733
6,51750,2,2,1, 51752
7,51752,1,1,1, 51753
31,51756,2,2,1, 51758
6,51770,2,2,1, 51772
7,51772,1,1,1, 51773
7,51792,1,1,1, 51793
7,51812,1,1,0, 51813
1,51826,1,1,1, 51827
24,51829,1,1,1, 51830
7,51832,1,1,1, 51833
8,51836,1,1,1, 51837
15,51841,2,2,1, 51843
24,51849,1,1,0, 51850
7,51852,1,1,1, 51853
25,51855,2,2,1, 51857
8,51856,1,1,1, 51857
15,51861,2,2,1, 51863
24,51869,1,1,1, 51870
7,51872,1,1,1, 51873
8,51876,1,1,0, 51877
24,51889,1,1,1, 51890
6,51890,2,2,1, 51892
7,51892,1,1,0, 51893
8,51896,1,1,0, 51897
24,51909,1,1,0, 51910
6,51910,2,2,1, 51912
7,51912,1,1,0, 51913
25,51915,2,2,1, 51917
8,51916,1,1,0, 51917
24,51929,1,1,1, 51930
7,51932,1,1,1, 51933
25,51935,2,2,1, 51937
8,51936,1,1,0, 51937
1,51946,1,1,1, 51947
24,51949,1,1,1, 51950
6,51950,2,2,1, 51952
7,51952,1,1,1, 51953
8,51956,1,1,0, 51957
17,51959,3,3,1, 51962
24,51969,1,1,1, 51970
7,51972,1,1,0, 51973
8,51976,1,1,0, 51977
24,51989,1,1,0, 51990
7,51992,1,1,1, 51993
8,51996,1,1,1, 51997
24,52009,1,1,0, 52010
7,52012,1,1,1, 52013
8,52016,1,1,1, 52017
24,52029,1,1,0, 52030
7,52032,1,1,1, 52033
8,52036,1,1,1, 52037
24,52049,1,1,1, 52050
7,52052,1,1,1, 52053
8,52056,1,1,1, 52057
1,52066,1,1,0, 52067
24,52069,1,1,1, 52070
7,52072,1,1,0, 52073
25,52075,2,2,1, 52077
8,52076,1,1,1, 52077
17,52079,3,3,1, 52082
15,52081,2,2,1, 52083
1,52086,1,1,0, 52087
24,52089,1,1,1, 52090
6,52090,2,2,1, 52092
7,52092,1,1,0, 52093
8,52096,1,1,0, 52097
1,52106,1,1,1, 52107
24,52109,1,1,1, 52110
25,52115,2,2,1, 52117
8,52116,1,1,0, 52117
15,52121,2,2,1, 52123
1,52126,1,1,0, 52127
24,52129,1,1,0, 52130
25,52135,2,2,1, 52137
8,52136,1,1,1, 52137
1,52146,1,1,0, 52147
24,52149,1,1,1, 52150
25,52155,2,2,1, 52157
8,52156,1,1,0, 52157
1,52166,1,1,1, 52167
24,52169,1,1,1, 52170
8,52176,1,1,1, 52177
1,52186,1,1,0, 52187
24,52189,1,1,0, 52190
25,52195,2,2,1, 52197
8,52196,1,1,0, 52197
9,52197,2,2,1, 52199
16,52199,2,2,1, 52201
24,52209,1,1,1, 52210
7,52212,1,1,1, 52213
8,52216,1,1,0, 52217
31,52216,2,2,1, 52218
16,52219,2,2,1, 52221
24,52229,1,1,0, 52230
7,52232,1,1,0, 52233
8,52236,1,1,1, 52237
31,52236,2,2,1, 52238
24,52249,1,1,1, 52250
7,52252,1,1,0, 52253
8,52256,1,1,1, 52257
24,52269,1,1,1, 52270
7,52272,1,1,1, 52273
8,52276,1,1,0, 52277
16,52279,2,2,1, 52281
24,52289,1,1,0, 52290
7,52292,1,1,0, 52293
8,52296,1,1,1, 52297
1,52306,1,1,0, 52307
24,52309,1,1,0, 52310
7,52312,1,1,1, 52313
8,52316,1,1,0, 52317
16,52319,2,2,1, 52321
1,52326,1,1,0, 52327
24,52329,1,1,0, 52330
6,52330,2,2,1, 52332
7,52332,1,1,1, 52333
15,52341,2,2,1, 52343
1,52346,1,1,1, 52347
24,52349,1,1,0, 52350
6,52350,2,2,1, 52352
7,52352,1,1,1, 52353
25,52355,2,2,1, 52357
1,52366,1,1,0, 52367
24,52369,1,1,1, 52370
7,52372,1,1,0, 52373
15,52381,2,2,1, 52383
1,52386,1,1,0, 52387
24,52389,1,1,1, 52390
7,52392,1,1,1, 52393
1,52406,1,1,1, 52407
24,52409,1,1,0, 52410
6,52410,2,2,1, 52412
7,52412,1,1,1, 52413
25,52415,2,2,1, 52417
15,52421,2,2,1, 52423
1,52426,1,1,0, 52427
24,52429,1,1,0, 52430
7,52432,1,1,1, 52433
25,52435,2,2,1, 52437
8,52436,1,1,0, 52437
17,52439,3,3,1, 52442
24,52449,1,1,0, 52450
8,52456,1,1,0, 52457
24,52469,1,1,0, 52470
8,52476,1,1,1, 52477
24,52489,1,1,0, 52490
8,52496,1,1,1, 52497
31,52496,2,2,1, 52498
1,52506,1,1,0, 52507
24,52509,1,1,0, 52510
8,52516,1,1,1, 52517
31,52516,2,2,1, 52518
1,52526,1,1,1, 52527
24,52529,1,1,1, 52530
8,52536,1,1,0, 52537
31,52536,2,2,1, 52538
9,52537,2,2,1, 52539
1,52546,1,1,0, 52547
24,52549,1,1,0, 52550
6,52550,2,2,1, 52552
7,52552,1,1,0, 52553
8,52556,1,1,0, 52557
24,52569,1,1,0, 52570
6,52570,2,2,1, 52572
7,52572,1,1,1, 52573
25,52575,2,2,1, 52577
8,52576,1,1,0, 52577
24,52589,1,1,0, 52590
6,52590,2,2,1, 52592
7,52592,1,1,1, 52593
8,52596,1,1,0, 52597
16,52599,2,2,1, 52601
24,52609,1,1,0, 52610
6,52610,2,2,1, 52612
7,52612,1,1,0, 52613
25,52615,2,2,1, 52617
8,52616,1,1,1, 52617
16,52619,2,2,1, 52621
24,52629,1,1,0, 52630
7,52632,1,1,1, 52633
8,52636,1,1,0, 52637
24,52649,1,1,0, 52650
6,52650,2,2,1, 52652
7,52652,1,1,0, 52653
8,52656,1,1,0, 52657
1,52666,1,1,0, 52667
24,52669,1,1,1, 52670
6,52670,2,2,1, 52672
7,52672,1,1,0, 52673
8,52676,1,1,0, 52677
9,52677,2,2,1, 52679
15,52681,2,2,1, 52683
2,52683,2,2,1, 52685
1,52686,1,1,0, 52687
24,52689,1,1,1, 52690
7,52692,1,1,0, 52693
8,52696,1,1,0, 52697
16,52699,2,2,1, 52701
15,52701,2,2,1, 52703
1,52706,1,1,0, 52707
24,52709,1,1,1, 52710
7,52712,1,1,0, 52713
8,52716,1,1,0, 52717
16,52719,2,2,1, 52721
15,52721,2,2,1, 52723
1,52726,1,1,1, 52727
24,52729,1,1,0, 52730
7,52732,1,1,1, 52733
8,52736,1,1,1, 52737
31,52736,2,2,1, 52738
16,52739,2,2,1, 52741
15,52741,2,2,1, 52743
1,52746,1,1,1, 52747
7,52752,1,1,0, 52753
31,52756,2,2,1, 52758
1,52766,1,1,1, 52767
7,52772,1,1,1, 52773
1,52786,1,1,0, 52787
7,52792,1,1,0, 52793
31,52796,2,2,1, 52798
24,52809,1,1,1, 52810
6,52810,2,2,1, 52812
7,52812,1,1,0, 52813
25,52815,2,2,1, 52817
8,52816,1,1,1, 52817
9,52817,2,2,1, 52819
16,52819,2,2,1, 52821
24,52829,1,1,1, 52830
6,52830,2,2,1, 52832
7,52832,1,1,0, 52833
16,52839,2,2,1, 52841
24,52849,1,1,1, 52850
6,52850,2,2,1, 52852
7,52852,1,1,1, 52853
15,52861,2,2,1, 52863
7,52872,1,1,1, 52873
15,52881,2,2,1, 52883
7,52892,1,1,0, 52893
1,52906,1,1,1, 52907
7,52912,1,1,0, 52913
2,52923,2,2,1, 52925
1,52926,1,1,0, 52927
7,52932,1,1,0, 52933
8,52936,1,1,1, 52937
2,52943,2,2,1, 52945
1,52946,1,1,1, 52947
7,52952,1,1,1, 52953
8,52956,1,1,0, 52957
15,52961,2,2,1, 52963
1,52966,1,1,1, 52967
24,52969,1,1,0, 52970
6,52970,2,2,1, 52972
7,52972,1,1,1, 52973
8,52976,1,1,0, 52977
1,52986,1,1,1, 52987
24,52989,1,1,1, 52990
7,52992,1,1,1, 52993
8,52996,1,1,0, 52997
17,52999,3,3,1, 53002
1,53006,1,1,0, 53007
24,53009,1,1,0, 53010
7,53012,1,1,1, 53013
8,53016,1,1,1, 53017
31,53016,2,2,1, 53018
9,53017,2,2,1, 53019
1,53026,1,1,0, 53027
24,53029,1,1,1, 53030
7,53032,1,1,0, 53033
8,53036,1,1,0, 53037
24,53049,1,1,0, 53050
6,53050,2,2,1, 53052
7,53052,1,1,1, 53053
8,53056,1,1,0, 53057
24,53069,1,1,1, 53070
6,53070,2,2,1, 53072
7,53072,1,1,1, 53073
8,53076,1,1,1, 53077
16,53079,2,2,1, 53081
24,53089,1,1,1, 53090
7,53092,1,1,0, 53093
25,53095,2,2,1, 53097
8,53096,1,1,0, 53097
16,53099,2,2,1, 53101
15,53101,2,2,1, 53103
24,53109,1,1,1, 53110
25,53115,2,2,1, 53117
8,53116,1,1,0, 53117
15,53121,2,2,1, 53123
24,53129,1,1,0, 53130
25,53135,2,2,1, 53137
8,53136,1,1,1, 53137
15,53141,2,2,1, 53143
1,53146,1,1,0, 53147
24,53149,1,1,1, 53150
25,53155,2,2,1, 53157
8,53156,1,1,0, 53157
9,53157,2,2,1, 53159
7,53172,1,1,0, 53173
8,53176,1,1,1, 53177
7,53192,1,1,0, 53193
8,53196,1,1,0, 53197
31,53196,2,2,1, 53198
7,53212,1,1,1, 53213
8,53216,1,1,0, 53217
6,53230,2,2,1, 53232
7,53232,1,1,0, 53233
8,53236,1,1,0, 53237
6,53250,2,2,1, 53252
7,53252,1,1,0, 53253
8,53256,1,1,0, 53257
1,53266,1,1,1, 53267
24,53269,1,1,1, 53270
6,53270,2,2,1, 53272
7,53272,1,1,0, 53273
25,53275,2,2,1, 53277
8,53276,1,1,1, 53277
9,53277,2,2,1, 53279
16,53279,2,2,1, 53281
17,53279,3,3,1, 53282
8,53296,1,1,1, 53297
8,53316,1,1,0, 53317
8,53336,1,1,1, 53337
7,53352,1,1,0, 53353
8,53356,1,1,0, 53357
31,53356,2,2,1, 53358
7,53372,1,1,0, 53373
8,53376,1,1,0, 53377
1,53386,1,1,0, 53387
24,53389,1,1,1, 53390
7,53392,1,1,0, 53393
8,53396,1,1,0, 53397
16,53399,2,2,1, 53401
15,53401,2,2,1, 53403
2,53403,2,2,1, 53405
1,53406,1,1,0, 53407
24,53409,1,1,0, 53410
6,53410,2,2,1, 53412
7,53412,1,1,1, 53413
25,53415,2,2,1, 53417
8,53416,1,1,0, 53417
16,53419,2,2,1, 53421
15,53421,2,2,1, 53423
1,53426,1,1,0, 53427
24,53429,1,1,1, 53430
7,53432,1,1,1, 53433
8,53436,1,1,0, 53437
15,53441,2,2,1, 53443
2,53443,2,2,1, 53445
1,53446,1,1,1, 53447
24,53449,1,1,1, 53450
7,53452,1,1,0, 53453
8,53456,1,1,1, 53457
1,53466,1,1,0, 53467
24,53469,1,1,1, 53470
25,53475,2,2,1, 53477
8,53476,1,1,0, 53477
1,53486,1,1,1, 53487
24,53489,1,1,0, 53490
8,53496,1,1,1, 53497
1,53506,1,1,0, 53507
24,53509,1,1,1, 53510
8,53516,1,1,0, 53517
31,53516,2,2,1, 53518
1,53526,1,1,0, 53527
24,53529,1,1,1, 53530
7,53532,1,1,0, 53533
8,53536,1,1,0, 53537
1,53546,1,1,0, 53547
24,53549,1,1,1, 53550
7,53552,1,1,0, 53553
8,53556,1,1,0, 53557
15,53561,2,2,1, 53563
1,53566,1,1,1, 53567
24,53569,1,1,0, 53570
6,53570,2,2,1, 53572
7,53572,1,1,1, 53573
8,53576,1,1,0, 53577
31,53576,2,2,1, 53578
15,53581,2,2,1, 53583
2,53583,2,2,1, 53585
1,53586,1,1,0, 53587
24,53589,1,1,0, 53590
8,53596,1,1,0, 53597
2,53603,2,2,1, 53605
1,53606,1,1,1, 53607
24,53609,1,1,1, 53610
8,53616,1,1,0, 53617
1,53626,1,1,1, 53627
24,53629,1,1,1, 53630
25,53635,2,2,1, 53637
8,53636,1,1,0, 53637
9,53637,2,2,1, 53639
16,53639,2,2,1, 53641
24,53649,1,1,0, 53650
24,53669,1,1,1, 53670
16,53679,2,2,1, 53681
24,53689,1,1,1, 53690
7,53692,1,1,0, 53693
31,53696,2,2,1, 53698
15,53701,2,2,1, 53703
7,53712,1,1,0, 53713
8,53716,1,1,1, 53717
16,53719,2,2,1, 53721
7,53732,1,1,1, 53733
8,53736,1,1,1, 53737
1,53746,1,1,0, 53747
7,53752,1,1,0, 53753
25,53755,2,2,1, 53757
8,53756,1,1,1, 53757
31,53756,2,2,1, 53758
9,53757,2,2,1, 53759
17,53759,3,3,1, 53762
7,53772,1,1,1, 53773
8,53776,1,1,0, 53777
7,53792,1,1,1, 53793
8,53796,1,1,1, 53797
24,53809,1,1,1, 53810
6,53810,2,2,1, 53812
7,53812,1,1,0, 53813
8,53816,1,1,1, 53817
1,53826,1,1,1, 53827
24,53829,1,1,0, 53830
7,53832,1,1,1, 53833
25,53835,2,2,1, 53837
8,53836,1,1,1, 53837
2,53843,2,2,1, 53845
1,53846,1,1,0, 53847
24,53849,1,1,1, 53850
7,53852,1,1,1, 53853
25,53855,2,2,1, 53857
8,53856,1,1,1, 53857
2,53863,2,2,1, 53865
1,53866,1,1,0, 53867
24,53869,1,1,1, 53870
7,53872,1,1,1, 53873
8,53876,1,1,0, 53877
9,53877,2,2,1, 53879
16,53879,2,2,1, 53881
15,53881,2,2,1, 53883
24,53889,1,1,1, 53890
7,53892,1,1,0, 53893
8,53896,1,1,0, 53897
16,53899,2,2,1, 53901
15,53901,2,2,1, 53903
24,53909,1,1,1, 53910
6,53910,2,2,1, 53912
7,53912,1,1,0, 53913
31,53916,2,2,1, 53918
16,53919,2,2,1, 53921
15,53921,2,2,1, 53923
24,53929,1,1,1, 53930
7,53932,1,1,0, 53933
31,53936,2,2,1, 53938
15,53941,2,2,1, 53943
24,53949,1,1,0, 53950
7,53952,1,1,1, 53953
16,53959,2,2,1, 53961
24,53969,1,1,0, 53970
7,53972,1,1,1, 53973
16,53979,2,2,1, 53981
2,53983,2,2,1, 53985
1,53986,1,1,0, 53987
24,53989,1,1,1, 53990
7,53992,1,1,1, 53993
25,53995,2,2,1, 53997
16,53999,2,2,1, 54001
7,54012,1,1,1, 54013
8,54016,1,1,0, 54017
7,54032,1,1,0, 54033
8,54036,1,1,0, 54037
6,54050,2,2,1, 54052
7,54052,1,1,0, 54053
8,54056,1,1,0, 54057
15,54061,2,2,1, 54063
8,54076,1,1,0, 54077
8,54096,1,1,0, 54097
15,54101,2,2,1, 54103
1,54106,1,1,0, 54107
24,54109,1,1,1, 54110
8,54116,1,1,0, 54117
16,54119,2,2,1, 54121
17,54119,3,3,1, 54122
1,54126,1,1,1, 54127
24,54129,1,1,0, 54130
25,54135,2,2,1, 54137
1,54146,1,1,1, 54147
24,54149,1,1,0, 54150
1,54166,1,1,0, 54167
24,54169,1,1,1, 54170
6,54170,2,2,1, 54172
7,54172,1,1,1, 54173
25,54175,2,2,1, 54177
16,54179,2,2,1, 54181
15,54181,2,2,1, 54183
1,54186,1,1,1, 54187
24,54189,1,1,0, 54190
7,54192,1,1,1, 54193
31,54196,2,2,1, 54198
1,54206,1,1,0, 54207
24,54209,1,1,0, 54210
7,54212,1,1,0, 54213
25,54215,2,2,1, 54217
31,54216,2,2,1, 54218
1,54226,1,1,0, 54227
24,54229,1,1,1, 54230
7,54232,1,1,0, 54233
8,54236,1,1,0, 54237
9,54237,2,2,1, 54239
1,54246,1,1,0, 54247
24,54249,1,1,1, 54250
7,54252,1,1,0, 54253
8,54256,1,1,1, 54257
2,54263,2,2,1, 54265
1,54266,1,1,0, 54267
24,54269,1,1,1, 54270
7,54272,1,1,0, 54273
8,54276,1,1,0, 54277
2,54283,2,2,1, 54285
1,54286,1,1,1, 54287
24,54289,1,1,1, 54290
6,54290,2,2,1, 54292
7,54292,1,1,1, 54293
8,54296,1,1,0, 54297
1,54306,1,1,1, 54307
24,54309,1,1,0, 54310
6,54310,2,2,1, 54312
7,54312,1,1,1, 54313
8,54316,1,1,0, 54317
1,54326,1,1,0, 54327
24,54329,1,1,0, 54330
6,54330,2,2,1, 54332
7,54332,1,1,0, 54333
8,54336,1,1,0, 54337
1,54346,1,1,1, 54347
24,54349,1,1,1, 54350
7,54352,1,1,0, 54353
25,54355,2,2,1, 54357
8,54356,1,1,0, 54357
24,54369,1,1,0, 54370
6,54370,2,2,1, 54372
7,54372,1,1,0, 54373
8,54376,1,1,0, 54377
24,54389,1,1,0, 54390
6,54390,2,2,1, 54392
7,54392,1,1,0, 54393
8,54396,1,1,1, 54397
24,54409,1,1,1, 54410
7,54412,1,1,0, 54413
8,54416,1,1,1, 54417
15,54421,2,2,1, 54423
24,54429,1,1,1, 54430
7,54432,1,1,0, 54433
8,54436,1,1,0, 54437
24,54449,1,1,0, 54450
7,54452,1,1,0, 54453
8,54456,1,1,0, 54457
1,54466,1,1,1, 54467
24,54469,1,1,1, 54470
7,54472,1,1,1, 54473
25,54475,2,2,1, 54477
8,54476,1,1,1, 54477
31,54476,2,2,1, 54478
9,54477,2,2,1, 54479
16,54479,2,2,1, 54481
7,54492,1,1,1, 54493
8,54496,1,1,0, 54497
7,54512,1,1,1, 54513
8,54516,1,1,0, 54517
7,54532,1,1,0, 54533
8,54536,1,1,0, 54537
31,54536,2,2,1, 54538
7,54552,1,1,1, 54553
8,54556,1,1,1, 54557
6,54570,2,2,1, 54572
7,54572,1,1,1, 54573
8,54576,1,1,1, 54577
2,54583,2,2,1, 54585
1,54586,1,1,1, 54587
24,54589,1,1,0, 54590
6,54590,2,2,1, 54592
7,54592,1,1,0, 54593
8,54596,1,1,0, 54597
9,54597,2,2,1, 54599
15,54601,2,2,1, 54603
1,54606,1,1,1, 54607
24,54609,1,1,0, 54610
25,54615,2,2,1, 54617
8,54616,1,1,0, 54617
16,54619,2,2,1, 54621
1,54626,1,1,0, 54627
24,54629,1,1,1, 54630
8,54636,1,1,0, 54637
16,54639,2,2,1, 54641
15,54641,2,2,1, 54643
1,54646,1,1,1, 54647
24,54649,1,1,0, 54650
25,54655,2,2,1, 54657
8,54656,1,1,1, 54657
16,54659,2,2,1, 54661
1,54666,1,1,1, 54667
24,54669,1,1,0, 54670
16,54679,2,2,1, 54681
1,54686,1,1,1, 54687
24,54689,1,1,1, 54690
16,54699,2,2,1, 54701
1,54706,1,1,1, 54707
24,54709,1,1,1, 54710
6,54710,2,2,1, 54712
7,54712,1,1,0, 54713
25,54715,2,2,1, 54717
31,54716,2,2,1, 54718
9,54717,2,2,1, 54719
16,54719,2,2,1, 54721
17,54719,3,3,1, 54722
24,54729,1,1,1, 54730
7,54732,1,1,0, 54733
31,54736,2,2,1, 54738
24,54749,1,1,1, 54750
7,54752,1,1,0, 54753
24,54769,1,1,0, 54770
7,54772,1,1,0, 54773
1,54786,1,1,0, 54787
24,54789,1,1,0, 54790
7,54792,1,1,1, 54793
25,54795,2,2,1, 54797
1,54806,1,1,0, 54807
24,54809,1,1,0, 54810
7,54812,1,1,0, 54813
25,54815,2,2,1, 54817
1,54826,1,1,0, 54827
24,54829,1,1,0, 54830
7,54832,1,1,0, 54833
25,54835,2,2,1, 54837
8,54836,1,1,0, 54837
16,54839,2,2,1, 54841
1,54846,1,1,0, 54847
24,54849,1,1,0, 54850
7,54852,1,1,1, 54853
25,54855,2,2,1, 54857
8,54856,1,1,0, 54857
15,54861,2,2,1, 54863
1,54866,1,1,0, 54867
24,54869,1,1,1, 54870
6,54870,2,2,1, 54872
7,54872,1,1,0, 54873
25,54875,2,2,1, 54877
8,54876,1,1,1, 54877
31,54876,2,2,1, 54878
1,54886,1,1,0, 54887
24,54889,1,1,0, 54890
6,54890,2,2,1, 54892
7,54892,1,1,0, 54893
25,54895,2,2,1, 54897
8,54896,1,1,1, 54897
31,54896,2,2,1, 54898
9,54897,2,2,1, 54899
16,54899,2,2,1, 54901
17,54899,3,3,1, 54902
15,54901,2,2,1, 54903
7,54912,1,1,1, 54913
8,54916,1,1,0, 54917
7,54932,1,1,1, 54933
8,54936,1,1,1, 54937
7,54952,1,1,1, 54953
8,54956,1,1,1, 54957
16,54959,2,2,1, 54961
2,54963,2,2,1, 54965
1,54966,1,1,1, 54967
7,54972,1,1,0, 54973
8,54976,1,1,0, 54977
16,54979,2,2,1, 54981
1,54986,1,1,1, 54987
7,54992,1,1,1, 54993
8,54996,1,1,0, 54997
16,54999,2,2,1, 55001
1,55006,1,1,1, 55007
24,55009,1,1,0, 55010
7,55012,1,1,0, 55013
8,55016,1,1,1, 55017
31,55016,2,2,1, 55018
16,55019,2,2,1, 55021
15,55021,2,2,1, 55023
1,55026,1,1,1, 55027
24,55029,1,1,0, 55030
7,55032,1,1,0, 55033
31,55036,2,2,1, 55038
1,55046,1,1,0, 55047
24,55049,1,1,0, 55050
7,55052,1,1,0, 55053
31,55056,2,2,1, 55058
15,55061,2,2,1, 55063
1,55066,1,1,0, 55067
24,55069,1,1,1, 55070
6,55070,2,2,1, 55072
7,55072,1,1,1, 55073
31,55076,2,2,1, 55078
15,55081,2,2,1, 55083
1,55086,1,1,0, 55087
24,55089,1,1,0, 55090
6,55090,2,2,1, 55092
7,55092,1,1,0, 55093
25,55095,2,2,1, 55097
1,55106,1,1,1, 55107
24,55109,1,1,0, 55110
6,55110,2,2,1, 55112
7,55112,1,1,0, 55113
2,55123,2,2,1, 55125
1,55126,1,1,0, 55127
24,55129,1,1,1, 55130
6,55130,2,2,1, 55132
7,55132,1,1,1, 55133
25,55135,2,2,1, 55137
8,55136,1,1,0, 55137
17,55139,3,3,1, 55142
8,55156,1,1,1, 55157
8,55176,1,1,0, 55177
8,55196,1,1,0, 55197
16,55199,2,2,1, 55201
8,55216,1,1,0, 55217
8,55236,1,1,1, 55237
1,55246,1,1,0, 55247
24,55249,1,1,1, 55250
6,55250,2,2,1, 55252
7,55252,1,1,1, 55253
25,55255,2,2,1, 55257
8,55256,1,1,0, 55257
31,55256,2,2,1, 55258
9,55257,2,2,1, 55259
16,55259,2,2,1, 55261
24,55269,1,1,0, 55270
7,55272,1,1,0, 55273
25,55275,2,2,1, 55277
8,55276,1,1,0, 55277
15,55281,2,2,1, 55283
24,55289,1,1,0, 55290
7,55292,1,1,1, 55293
8,55296,1,1,1, 55297
24,55309,1,1,1, 55310
7,55312,1,1,0, 55313
8,55316,1,1,0, 55317
24,55329,1,1,0, 55330
7,55332,1,1,1, 55333
8,55336,1,1,0, 55337
24,55349,1,1,0, 55350
7,55352,1,1,0, 55353
8,55356,1,1,0, 55357
1,55366,1,1,0, 55367
24,55369,1,1,1, 55370
6,55370,2,2,1, 55372
7,55372,1,1,1, 55373
8,55376,1,1,1, 55377
9,55377,2,2,1, 55379
17,55379,3,3,1, 55382
2,55383,2,2,1, 55385
1,55386,1,1,0, 55387
24,55389,1,1,0, 55390
6,55390,2,2,1, 55392
7,55392,1,1,0, 55393
8,55396,1,1,1, 55397
16,55399,2,2,1, 55401
1,55406,1,1,0, 55407
24,55409,1,1,0, 55410
7,55412,1,1,0, 55413
8,55416,1,1,0, 55417
9,55417,2,2,1, 55419
2,55423,2,2,1, 55425
1,55426,1,1,0, 55427
24,55429,1,1,1, 55430
7,55432,1,1,0, 55433
8,55436,1,1,0, 55437
9,55437,2,2,1, 55439
16,55439,2,2,1, 55441
1,55446,1,1,1, 55447
24,55449,1,1,1, 55450
7,55452,1,1,0, 55453
16,55459,2,2,1, 55461
1,55466,1,1,1, 55467
24,55469,1,1,0, 55470
6,55470,2,2,1, 55472
7,55472,1,1,0, 55473
25,55475,2,2,1, 55477
16,55479,2,2,1, 55481
1,55486,1,1,1, 55487
24,55489,1,1,0, 55490
6,55490,2,2,1, 55492
7,55492,1,1,0, 55493
25,55495,2,2,1, 55497
31,55496,2,2,1, 55498
16,55499,2,2,1, 55501
7,55512,1,1,1, 55513
8,55516,1,1,0, 55517
15,55521,2,2,1, 55523
7,55532,1,1,1, 55533
8,55536,1,1,0, 55537
17,55539,3,3,1, 55542
15,55541,2,2,1, 55543
7,55552,1,1,0, 55553
8,55556,1,1,0, 55557
9,55557,2,2,1, 55559
2,55563,2,2,1, 55565
1,55566,1,1,1, 55567
7,55572,1,1,0, 55573
1,55586,1,1,0, 55587
7,55592,1,1,1, 55593
1,55606,1,1,0, 55607
6,55610,2,2,1, 55612
7,55612,1,1,0, 55613
1,55626,1,1,1, 55627
24,55629,1,1,1, 55630
7,55632,1,1,1, 55633
8,55636,1,1,1, 55637
31,55636,2,2,1, 55638
9,55637,2,2,1, 55639
16,55639,2,2,1, 55641
15,55641,2,2,1, 55643
1,55646,1,1,0, 55647
24,55649,1,1,1, 55650
6,55650,2,2,1, 55652
7,55652,1,1,0, 55653
8,55656,1,1,0, 55657
9,55657,2,2,1, 55659
16,55659,2,2,1, 55661
15,55661,2,2,1, 55663
1,55666,1,1,0, 55667
24,55669,1,1,1, 55670
6,55670,2,2,1, 55672
7,55672,1,1,0, 55673
8,55676,1,1,0, 55677
31,55676,2,2,1, 55678
15,55681,2,2,1, 55683
24,55689,1,1,0, 55690
7,55692,1,1,0, 55693
8,55696,1,1,0, 55697
31,55696,2,2,1, 55698
16,55699,2,2,1, 55701
24,55709,1,1,0, 55710
7,55712,1,1,1, 55713
8,55716,1,1,0, 55717
31,55716,2,2,1, 55718
24,55729,1,1,1, 55730
6,55730,2,2,1, 55732
7,55732,1,1,1, 55733
8,55736,1,1,1, 55737
31,55736,2,2,1, 55738
24,55749,1,1,1, 55750
8,55756,1,1,0, 55757
24,55769,1,1,1, 55770
8,55776,1,1,0, 55777
1,55786,1,1,1, 55787
24,55789,1,1,0, 55790
8,55796,1,1,0, 55797
17,55799,3,3,1, 55802
7,55812,1,1,1, 55813
31,55816,2,2,1, 55818
7,55832,1,1,0, 55833
31,55836,2,2,1, 55838
7,55852,1,1,1, 55853
31,55856,2,2,1, 55858
7,55872,1,1,0, 55873
7,55892,1,1,1, 55893
1,55906,1,1,1, 55907
7,55912,1,1,0, 55913
8,55916,1,1,0, 55917
2,55923,2,2,1, 55925
1,55926,1,1,0, 55927
24,55929,1,1,0, 55930
8,55936,1,1,0, 55937
16,55939,2,2,1, 55941
1,55946,1,1,1, 55947
24,55949,1,1,0, 55950
25,55955,2,2,1, 55957
8,55956,1,1,1, 55957
16,55959,2,2,1, 55961
1,55966,1,1,0, 55967
24,55969,1,1,0, 55970
25,55975,2,2,1, 55977
8,55976,1,1,1, 55977
16,55979,2,2,1, 55981
15,55981,2,2,1, 55983
1,55986,1,1,1, 55987
24,55989,1,1,0, 55990
8,55996,1,1,1, 55997
1,56006,1,1,0, 56007
24,56009,1,1,0, 56010
8,56016,1,1,0, 56017
15,56021,2,2,1, 56023
1,56026,1,1,0, 56027
24,56029,1,1,0, 56030
6,56030,2,2,1, 56032
7,56032,1,1,1, 56033
25,56035,2,2,1, 56037
8,56036,1,1,0, 56037
31,56036,2,2,1, 56038
17,56039,3,3,1, 56042
24,56049,1,1,1, 56050
7,56052,1,1,0, 56053
24,56069,1,1,0, 56070
7,56072,1,1,1, 56073
31,56076,2,2,1, 56078
24,56089,1,1,0, 56090
7,56092,1,1,1, 56093
31,56096,2,2,1, 56098
1,56106,1,1,0, 56107
24,56109,1,1,1, 56110
7,56112,1,1,1, 56113
1,56126,1,1,0, 56127
24,56129,1,1,0, 56130
7,56132,1,1,0, 56133
1,56146,1,1,0, 56147
24,56149,1,1,1, 56150
6,56150,2,2,1, 56152
7,56152,1,1,1, 56153
25,56155,2,2,1, 56157
8,56156,1,1,0, 56157
16,56159,2,2,1, 56161
1,56166,1,1,1, 56167
8,56176,1,1,1, 56177
9,56177,2,2,1, 56179
16,56179,2,2,1, 56181
1,56186,1,1,0, 56187
25,56195,2,2,1, 56197
8,56196,1,1,0, 56197
15,56201,2,2,1, 56203
1,56206,1,1,0, 56207
8,56216,1,1,0, 56217
16,56219,2,2,1, 56221
15,56221,2,2,1, 56223
8,56236,1,1,1, 56237
15,56241,2,2,1, 56243
8,56256,1,1,1, 56257
15,56261,2,2,1, 56263
24,56269,1,1,0, 56270
7,56272,1,1,0, 56273
8,56276,1,1,0, 56277
24,56289,1,1,1, 56290
6,56290,2,2,1, 56292
7,56292,1,1,1, 56293
8,56296,1,1,1, 56297
16,56299,2,2,1, 56301
24,56309,1,1,1, 56310
6,56310,2,2,1, 56312
7,56312,1,1,0, 56313
25,56315,2,2,1, 56317
8,56316,1,1,0, 56317
31,56316,2,2,1, 56318
16,56319,2,2,1, 56321
1,56326,1,1,0, 56327
24,56329,1,1,1, 56330
6,56330,2,2,1, 56332
7,56332,1,1,0, 56333
8,56336,1,1,0, 56337
31,56336,2,2,1, 56338
1,56346,1,1,1, 56347
24,56349,1,1,1, 56350
7,56352,1,1,1, 56353
2,56363,2,2,1, 56365
1,56366,1,1,0, 56367
24,56369,1,1,0, 56370
7,56372,1,1,0, 56373
31,56376,2,2,1, 56378
1,56386,1,1,1, 56387
24,56389,1,1,0, 56390
6,56390,2,2,1, 56392
7,56392,1,1,0, 56393
6,56410,2,2,1, 56412
7,56412,1,1,0, 56413
8,56416,1,1,1, 56417
16,56419,2,2,1, 56421
7,56432,1,1,1, 56433
8,56436,1,1,1, 56437
16,56439,2,2,1, 56441
6,56450,2,2,1, 56452
7,56452,1,1,1, 56453
8,56456,1,1,0, 56457
16,56459,2,2,1, 56461
1,56466,1,1,1, 56467
7,56472,1,1,0, 56473
8,56476,1,1,0, 56477
2,56483,2,2,1, 56485
1,56486,1,1,1, 56487
7,56492,1,1,1, 56493
8,56496,1,1,1, 56497
16,56499,2,2,1, 56501
1,56506,1,1,0, 56507
24,56509,1,1,1, 56510
7,56512,1,1,1, 56513
8,56516,1,1,0, 56517
9,56517,2,2,1, 56519
1,56526,1,1,1, 56527
24,56529,1,1,0, 56530
7,56532,1,1,1, 56533
8,56536,1,1,0, 56537
31,56536,2,2,1, 56538
9,56537,2,2,1, 56539
1,56546,1,1,0, 56547
24,56549,1,1,0, 56550
7,56552,1,1,0, 56553
8,56556,1,1,1, 56557
1,56566,1,1,1, 56567
24,56569,1,1,1, 56570
7,56572,1,1,1, 56573
8,56576,1,1,1, 56577
9,56577,2,2,1, 56579
16,56579,2,2,1, 56581
1,56586,1,1,1, 56587
24,56589,1,1,0, 56590
1,56606,1,1,0, 56607
24,56609,1,1,1, 56610
25,56615,2,2,1, 56617
1,56626,1,1,1, 56627
24,56629,1,1,1, 56630
24,56649,1,1,1, 56650
25,56655,2,2,1, 56657
24,56669,1,1,1, 56670
24,56689,1,1,0, 56690
7,56692,1,1,1, 56693
25,56695,2,2,1, 56697
8,56696,1,1,0, 56697
31,56696,2,2,1, 56698
16,56699,2,2,1, 56701
1,56706,1,1,0, 56707
24,56709,1,1,1, 56710
7,56712,1,1,0, 56713
8,56716,1,1,0, 56717
31,56716,2,2,1, 56718
15,56721,2,2,1, 56723
1,56726,1,1,0, 56727
24,56729,1,1,1, 56730
7,56732,1,1,0, 56733
8,56736,1,1,0, 56737
31,56736,2,2,1, 56738
15,56741,2,2,1, 56743
1,56746,1,1,0, 56747
24,56749,1,1,0, 56750
7,56752,1,1,1, 56753
8,56756,1,1,0, 56757
31,56756,2,2,1, 56758
15,56761,2,2,1, 56763
2,56763,2,2,1, 56765
1,56766,1,1,1, 56767
24,56769,1,1,1, 56770
6,56770,2,2,1, 56772
7,56772,1,1,0, 56773
8,56776,1,1,0, 56777
15,56781,2,2,1, 56783
1,56786,1,1,1, 56787
24,56789,1,1,1, 56790
7,56792,1,1,0, 56793
8,56796,1,1,0, 56797
15,56801,2,2,1, 56803
1,56806,1,1,0, 56807
24,56809,1,1,0, 56810
6,56810,2,2,1, 56812
7,56812,1,1,0, 56813
8,56816,1,1,0, 56817
9,56817,2,2,1, 56819
16,56819,2,2,1, 56821
17,56819,3,3,1, 56822
24,56829,1,1,1, 56830
6,56830,2,2,1, 56832
7,56832,1,1,0, 56833
25,56835,2,2,1, 56837
16,56839,2,2,1, 56841
24,56849,1,1,0, 56850
7,56852,1,1,1, 56853
24,56869,1,1,1, 56870
6,56870,2,2,1, 56872
7,56872,1,1,0, 56873
16,56879,2,2,1, 56881
24,56889,1,1,0, 56890
6,56890,2,2,1, 56892
7,56892,1,1,1, 56893
24,56909,1,1,0, 56910
7,56912,1,1,0, 56913
1,56926,1,1,0, 56927
24,56929,1,1,1, 56930
7,56932,1,1,0, 56933
8,56936,1,1,0, 56937
16,56939,2,2,1, 56941
8,56956,1,1,0, 56957
8,56976,1,1,0, 56977
8,56996,1,1,1, 56997
8,57016,1,1,1, 57017
15,57021,2,2,1, 57023
8,57036,1,1,0, 57037
1,57046,1,1,1, 57047
24,57049,1,1,1, 57050
7,57052,1,1,0, 57053
8,57056,1,1,1, 57057
31,57056,2,2,1, 57058
17,57059,3,3,1, 57062
1,57066,1,1,0, 57067
24,57069,1,1,0, 57070
7,57072,1,1,0, 57073
25,57075,2,2,1, 57077
8,57076,1,1,1, 57077
31,57076,2,2,1, 57078
2,57083,2,2,1, 57085
1,57086,1,1,0, 57087
24,57089,1,1,0, 57090
7,57092,1,1,1, 57093
8,57096,1,1,1, 57097
2,57103,2,2,1, 57105
1,57106,1,1,1, 57107
24,57109,1,1,0, 57110
7,57112,1,1,0, 57113
25,57115,2,2,1, 57117
8,57116,1,1,1, 57117
1,57126,1,1,1, 57127
24,57129,1,1,1, 57130
7,57132,1,1,0, 57133
25,57135,2,2,1, 57137
8,57136,1,1,1, 57137
1,57146,1,1,1, 57147
24,57149,1,1,0, 57150
7,57152,1,1,1, 57153
8,57156,1,1,1, 57157
1,57166,1,1,0, 57167
24,57169,1,1,1, 57170
7,57172,1,1,1, 57173
25,57175,2,2,1, 57177
8,57176,1,1,1, 57177
17,57179,3,3,1, 57182
15,57181,2,2,1, 57183
7,57192,1,1,1, 57193
8,57196,1,1,0, 57197
7,57212,1,1,1, 57213
8,57216,1,1,0, 57217
6,57230,2,2,1, 57232
7,57232,1,1,1, 57233
8,57236,1,1,0, 57237
9,57237,2,2,1, 57239
2,57243,2,2,1, 57245
1,57246,1,1,0, 57247
6,57250,2,2,1, 57252
7,57252,1,1,0, 57253
25,57255,2,2,1, 57257
8,57256,1,1,0, 57257
1,57266,1,1,0, 57267
6,57270,2,2,1, 57272
7,57272,1,1,0, 57273
25,57275,2,2,1, 57277
8,57276,1,1,1, 57277
2,57283,2,2,1, 57285
1,57286,1,1,0, 57287
24,57289,1,1,0, 57290
7,57292,1,1,0, 57293
8,57296,1,1,0, 57297
31,57296,2,2,1, 57298
16,57299,2,2,1, 57301
8,57316,1,1,1, 57317
9,57317,2,2,1, 57319
8,57336,1,1,0, 57337
9,57337,2,2,1, 57339
8,57356,1,1,1, 57357
16,57359,2,2,1, 57361
8,57376,1,1,0, 57377
16,57379,2,2,1, 57381
8,57396,1,1,0, 57397
16,57399,2,2,1, 57401
1,57406,1,1,1, 57407
24,57409,1,1,1, 57410
7,57412,1,1,1, 57413
8,57416,1,1,0, 57417
16,57419,2,2,1, 57421
2,57423,2,2,1, 57425
1,57426,1,1,0, 57427
24,57429,1,1,1, 57430
7,57432,1,1,1, 57433
31,57436,2,2,1, 57438
17,57439,3,3,1, 57442
15,57441,2,2,1, 57443
1,57446,1,1,0, 57447
24,57449,1,1,1, 57450
6,57450,2,2,1, 57452
7,57452,1,1,0, 57453
31,57456,2,2,1, 57458
9,57457,2,2,1, 57459
15,57461,2,2,1, 57463
1,57466,1,1,1, 57467
24,57469,1,1,1, 57470
6,57470,2,2,1, 57472
7,57472,1,1,1, 57473
25,57475,2,2,1, 57477
24,57489,1,1,1, 57490
24,57509,1,1,1, 57510
16,57519,2,2,1, 57521
24,57529,1,1,1, 57530
16,57539,2,2,1, 57541
24,57549,1,1,0, 57550
24,57569,1,1,0, 57570
1,57586,1,1,1, 57587
24,57589,1,1,0, 57590
7,57592,1,1,1, 57593
8,57596,1,1,1, 57597
31,57596,2,2,1, 57598
9,57597,2,2,1, 57599
24,57609,1,1,0, 57610
7,57612,1,1,0, 57613
8,57616,1,1,1, 57617
31,57616,2,2,1, 57618
15,57621,2,2,1, 57623
24,57629,1,1,0, 57630
7,57632,1,1,0, 57633
8,57636,1,1,0, 57637
31,57636,2,2,1, 57638
24,57649,1,1,0, 57650
7,57652,1,1,1, 57653
8,57656,1,1,0, 57657
31,57656,2,2,1, 57658
24,57669,1,1,0, 57670
7,57672,1,1,1, 57673
8,57676,1,1,0, 57677
24,57689,1,1,0, 57690
6,57690,2,2,1, 57692
7,57692,1,1,0, 57693
8,57696,1,1,0, 57697
1,57706,1,1,0, 57707
24,57709,1,1,1, 57710
7,57712,1,1,1, 57713
8,57716,1,1,1, 57717
17,57719,3,3,1, 57722
24,57729,1,1,0, 57730
7,57732,1,1,0, 57733
8,57736,1,1,1, 57737
24,57749,1,1,1, 57750
6,57750,2,2,1, 57752
7,57752,1,1,1, 57753
25,57755,2,2,1, 57757
8,57756,1,1,0, 57757
9,57757,2,2,1, 57759
17,57759,3,3,1, 57762
24,57769,1,1,0, 57770
7,57772,1,1,0, 57773
25,57775,2,2,1, 57777
8,57776,1,1,1, 57777
31,57776,2,2,1, 57778
9,57777,2,2,1, 57779
16,57779,2,2,1, 57781
15,57781,2,2,1, 57783
2,57783,2,2,1, 57785
1,57786,1,1,1, 57787
1,57806,1,1,0, 57807
1,57826,1,1,0, 57827
1,57846,1,1,0, 57847
1,57866,1,1,0, 57867
25,57875,2,2,1, 57877
1,57886,1,1,0, 57887
24,57889,1,1,0, 57890
7,57892,1,1,0, 57893
8,57896,1,1,0, 57897
9,57897,2,2,1, 57899
1,57906,1,1,0, 57907
24,57909,1,1,1, 57910
6,57910,2,2,1, 57912
7,57912,1,1,0, 57913
8,57916,1,1,0, 57917
1,57926,1,1,0, 57927
24,57929,1,1,1, 57930
6,57930,2,2,1, 57932
7,57932,1,1,1, 57933
8,57936,1,1,1, 57937
31,57936,2,2,1, 57938
1,57946,1,1,1, 57947
24,57949,1,1,0, 57950
6,57950,2,2,1, 57952
7,57952,1,1,1, 57953
25,57955,2,2,1, 57957
8,57956,1,1,1, 57957
31,57956,2,2,1, 57958
24,57969,1,1,0, 57970
7,57972,1,1,0, 57973
8,57976,1,1,0, 57977
15,57981,2,2,1, 57983
24,57989,1,1,1, 57990
7,57992,1,1,0, 57993
25,57995,2,2,1, 57997
8,57996,1,1,0, 57997
24,58009,1,1,1, 58010
7,58012,1,1,1, 58013
25,58015,2,2,1, 58017
8,58016,1,1,0, 58017
24,58029,1,1,1, 58030
8,58036,1,1,1, 58037
9,58037,2,2,1, 58039
16,58039,2,2,1, 58041
24,58049,1,1,0, 58050
8,58056,1,1,0, 58057
1,58066,1,1,1, 58067
24,58069,1,1,0, 58070
8,58076,1,1,1, 58077
9,58077,2,2,1, 58079
16,58079,2,2,1, 58081
17,58079,3,3,1, 58082
1,58086,1,1,0, 58087
24,58089,1,1,1, 58090
25,58095,2,2,1, 58097
8,58096,1,1,0, 58097
2,58103,2,2,1, 58105
1,58106,1,1,1, 58107
24,58109,1,1,1, 58110
25,58115,2,2,1, 58117
8,58116,1,1,1, 58117
1,58126,1,1,1, 58127
24,58129,1,1,1, 58130
7,58132,1,1,1, 58133
25,58135,2,2,1, 58137
8,58136,1,1,1, 58137
15,58141,2,2,1, 58143
1,58146,1,1,1, 58147
7,58152,1,1,1, 58153
8,58156,1,1,0, 58157
15,58161,2,2,1, 58163
1,58166,1,1,1, 58167
7,58172,1,1,1, 58173
8,58176,1,1,1, 58177
1,58186,1,1,0, 58187
7,58192,1,1,1, 58193
8,58196,1,1,1, 58197
9,58197,2,2,1, 58199
17,58199,3,3,1, 58202
15,58201,2,2,1, 58203
1,58206,1,1,0, 58207
7,58212,1,1,1, 58213
8,58216,1,1,1, 58217
9,58217,2,2,1, 58219
17,58219,3,3,1, 58222
1,58226,1,1,1, 58227
7,58232,1,1,0, 58233
8,58236,1,1,0, 58237
1,58246,1,1,0, 58247
24,58249,1,1,0, 58250
7,58252,1,1,1, 58253
8,58256,1,1,0, 58257
31,58256,2,2,1, 58258
9,58257,2,2,1, 58259
16,58259,2,2,1, 58261
17,58259,3,3,1, 58262
24,58269,1,1,1, 58270
24,58289,1,1,1, 58290
24,58309,1,1,0, 58310
1,58326,1,1,0, 58327
24,58329,1,1,1, 58330
17,58339,3,3,1, 58342
1,58346,1,1,1, 58347
24,58349,1,1,1, 58350
9,58357,2,2,1, 58359
17,58359,3,3,1, 58362
1,58366,1,1,1, 58367
24,58369,1,1,1, 58370
7,58372,1,1,0, 58373
8,58376,1,1,1, 58377
31,58376,2,2,1, 58378
9,58377,2,2,1, 58379
16,58379,2,2,1, 58381
7,58392,1,1,1, 58393
8,58396,1,1,1, 58397
7,58412,1,1,0, 58413
8,58416,1,1,1, 58417
16,58419,2,2,1, 58421
7,58432,1,1,0, 58433
8,58436,1,1,0, 58437
7,58452,1,1,1, 58453
8,58456,1,1,1, 58457
7,58472,1,1,0, 58473
8,58476,1,1,0, 58477
1,58486,1,1,0, 58487
24,58489,1,1,1, 58490
7,58492,1,1,0, 58493
8,58496,1,1,1, 58497
16,58499,2,2,1, 58501
15,58501,2,2,1, 58503
1,58506,1,1,1, 58507
24,58509,1,1,1, 58510
7,58512,1,1,1, 58513
8,58516,1,1,1, 58517
15,58521,2,2,1, 58523
2,58523,2,2,1, 58525
1,58526,1,1,1, 58527
24,58529,1,1,0, 58530
7,58532,1,1,1, 58533
8,58536,1,1,1, 58537
1,58546,1,1,1, 58547
24,58549,1,1,1, 58550
7,58552,1,1,1, 58553
8,58556,1,1,0, 58557
15,58561,2,2,1, 58563
1,58566,1,1,0, 58567
24,58569,1,1,0, 58570
7,58572,1,1,0, 58573
8,58576,1,1,1, 58577
15,58581,2,2,1, 58583
2,58583,2,2,1, 58585
1,58586,1,1,1, 58587
24,58589,1,1,0, 58590
6,58590,2,2,1, 58592
7,58592,1,1,1, 58593
8,58596,1,1,1, 58597
15,58601,2,2,1, 58603
1,58606,1,1,0, 58607
24,58609,1,1,0, 58610
6,58610,2,2,1, 58612
7,58612,1,1,0, 58613
25,58615,2,2,1, 58617
8,58616,1,1,1, 58617
9,58617,2,2,1, 58619
16,58619,2,2,1, 58621
24,58629,1,1,0, 58630
24,58649,1,1,1, 58650
25,58655,2,2,1, 58657
16,58659,2,2,1, 58661
24,58669,1,1,0, 58670
16,58679,2,2,1, 58681
24,58689,1,1,0, 58690
24,58709,1,1,0, 58710
1,58726,1,1,0, 58727
24,58729,1,1,1, 58730
7,58732,1,1,1, 58733
8,58736,1,1,0, 58737
2,58743,2,2,1, 58745
1,58746,1,1,1, 58747
7,58752,1,1,1, 58753
8,58756,1,1,0, 58757
1,58766,1,1,1, 58767
7,58772,1,1,1, 58773
8,58776,1,1,0, 58777
15,58781,2,2,1, 58783
1,58786,1,1,0, 58787
6,58790,2,2,1, 58792
7,58792,1,1,0, 58793
8,58796,1,1,0, 58797
17,58799,3,3,1, 58802
1,58806,1,1,1, 58807
6,58810,2,2,1, 58812
7,58812,1,1,1, 58813
8,58816,1,1,1, 58817
1,58826,1,1,0, 58827
7,58832,1,1,1, 58833
8,58836,1,1,1, 58837
1,58846,1,1,1, 58847
6,58850,2,2,1, 58852
7,58852,1,1,1, 58853
25,58855,2,2,1, 58857
8,58856,1,1,0, 58857
9,58857,2,2,1, 58859
16,58859,2,2,1, 58861
1,58866,1,1,1, 58867
7,58872,1,1,0, 58873
25,58875,2,2,1, 58877
8,58876,1,1,1, 58877
15,58881,2,2,1, 58883
2,58883,2,2,1, 58885
1,58886,1,1,1, 58887
7,58892,1,1,1, 58893
25,58895,2,2,1, 58897
8,58896,1,1,1, 58897
15,58901,2,2,1, 58903
1,58906,1,1,1, 58907
7,58912,1,1,0, 58913
8,58916,1,1,1, 58917
15,58921,2,2,1, 58923
1,58926,1,1,1, 58927
7,58932,1,1,1, 58933
25,58935,2,2,1, 58937
8,58936,1,1,1, 58937
15,58941,2,2,1, 58943
1,58946,1,1,0, 58947
7,58952,1,1,0, 58953
25,58955,2,2,1, 58957
8,58956,1,1,0, 58957
1,58966,1,1,1, 58967
24,58969,1,1,1, 58970
6,58970,2,2,1, 58972
7,58972,1,1,0, 58973
8,58976,1,1,1, 58977
9,58977,2,2,1, 58979
24,58989,1,1,0, 58990
25,58995,2,2,1, 58997
8,58996,1,1,0, 58997
24,59009,1,1,1, 59010
8,59016,1,1,1, 59017
24,59029,1,1,1, 59030
25,59035,2,2,1, 59037
8,59036,1,1,1, 59037
24,59049,1,1,1, 59050
8,59056,1,1,1, 59057
24,59069,1,1,0, 59070
8,59076,1,1,1, 59077
9,59077,2,2,1, 59079
16,59079,2,2,1, 59081
1,59086,1,1,1, 59087
24,59089,1,1,0, 59090
7,59092,1,1,1, 59093
8,59096,1,1,0, 59097
31,59096,2,2,1, 59098
15,59101,2,2,1, 59103
1,59106,1,1,1, 59107
24,59109,1,1,0, 59110
7,59112,1,1,0, 59113
8,59116,1,1,0, 59117
15,59121,2,2,1, 59123
1,59126,1,1,0, 59127
24,59129,1,1,1, 59130
7,59132,1,1,1, 59133
8,59136,1,1,1, 59137
15,59141,2,2,1, 59143
2,59143,2,2,1, 59145
1,59146,1,1,1, 59147
24,59149,1,1,0, 59150
7,59152,1,1,1, 59153
8,59156,1,1,0, 59157
31,59156,2,2,1, 59158
15,59161,2,2,1, 59163
1,59166,1,1,1, 59167
24,59169,1,1,1, 59170
7,59172,1,1,1, 59173
25,59175,2,2,1, 59177
8,59176,1,1,0, 59177
15,59181,2,2,1, 59183
1,59186,1,1,0, 59187
24,59189,1,1,0, 59190
7,59192,1,1,0, 59193
25,59195,2,2,1, 59197
8,59196,1,1,1, 59197
15,59201,2,2,1, 59203
1,59206,1,1,0, 59207
24,59209,1,1,1, 59210
6,59210,2,2,1, 59212
7,59212,1,1,1, 59213
25,59215,2,2,1, 59217
8,59216,1,1,1, 59217
16,59219,2,2,1, 59221
24,59229,1,1,0, 59230
6,59230,2,2,1, 59232
7,59232,1,1,0, 59233
16,59239,2,2,1, 59241
24,59249,1,1,1, 59250
7,59252,1,1,1, 59253
16,59259,2,2,1, 59261
24,59269,1,1,0, 59270
7,59272,1,1,1, 59273
15,59281,2,2,1, 59283
24,59289,1,1,1, 59290
7,59292,1,1,1, 59293
15,59301,2,2,1, 59303
24,59309,1,1,1, 59310
7,59312,1,1,1, 59313
15,59321,2,2,1, 59323
1,59326,1,1,0, 59327
24,59329,1,1,1, 59330
7,59332,1,1,1, 59333
8,59336,1,1,0, 59337
1,59346,1,1,1, 59347
7,59352,1,1,0, 59353
25,59355,2,2,1, 59357
8,59356,1,1,0, 59357
16,59359,2,2,1, 59361
1,59366,1,1,1, 59367
6,59370,2,2,1, 59372
7,59372,1,1,0, 59373
8,59376,1,1,1, 59377
16,59379,2,2,1, 59381
1,59386,1,1,0, 59387
6,59390,2,2,1, 59392
7,59392,1,1,1, 59393
25,59395,2,2,1, 59397
8,59396,1,1,1, 59397
9,59397,2,2,1, 59399
2,59403,2,2,1, 59405
1,59406,1,1,0, 59407
6,59410,2,2,1, 59412
7,59412,1,1,0, 59413
25,59415,2,2,1, 59417
8,59416,1,1,1, 59417
31,59416,2,2,1, 59418
15,59421,2,2,1, 59423
1,59426,1,1,1, 59427
7,59432,1,1,0, 59433
8,59436,1,1,1, 59437
9,59437,2,2,1, 59439
15,59441,2,2,1, 59443
1,59446,1,1,0, 59447
24,59449,1,1,0, 59450
6,59450,2,2,1, 59452
7,59452,1,1,1, 59453
8,59456,1,1,1, 59457
24,59469,1,1,1, 59470
8,59476,1,1,1, 59477
24,59489,1,1,0, 59490
8,59496,1,1,1, 59497
24,59509,1,1,0, 59510
25,59515,2,2,1, 59517
8,59516,1,1,0, 59517
24,59529,1,1,0, 59530
8,59536,1,1,1, 59537
16,59539,2,2,1, 59541
24,59549,1,1,0, 59550
8,59556,1,1,0, 59557
16,59559,2,2,1, 59561
1,59566,1,1,0, 59567
24,59569,1,1,1, 59570
7,59572,1,1,0, 59573
8,59576,1,1,0, 59577
31,59576,2,2,1, 59578
9,59577,2,2,1, 59579
15,59581,2,2,1, 59583
1,59586,1,1,0, 59587
24,59589,1,1,0, 59590
6,59590,2,2,1, 59592
7,59592,1,1,1, 59593
8,59596,1,1,0, 59597
31,59596,2,2,1, 59598
9,59597,2,2,1, 59599
15,59601,2,2,1, 59603
1,59606,1,1,0, 59607
24,59609,1,1,1, 59610
7,59612,1,1,0, 59613
8,59616,1,1,0, 59617
31,59616,2,2,1, 59618
9,59617,2,2,1, 59619
15,59621,2,2,1, 59623
1,59626,1,1,1, 59627
24,59629,1,1,1, 59630
7,59632,1,1,1, 59633
8,59636,1,1,0, 59637
15,59641,2,2,1, 59643
1,59646,1,1,0, 59647
24,59649,1,1,0, 59650
8,59656,1,1,0, 59657
1,59666,1,1,1, 59667
24,59669,1,1,0, 59670
8,59676,1,1,0, 59677
15,59681,2,2,1, 59683
1,59686,1,1,0, 59687
24,59689,1,1,0, 59690
25,59695,2,2,1, 59697
8,59696,1,1,0, 59697
15,59701,2,2,1, 59703
2,59703,2,2,1, 59705
1,59706,1,1,1, 59707
24,59709,1,1,0, 59710
7,59712,1,1,0, 59713
31,59716,2,2,1, 59718
15,59721,2,2,1, 59723
1,59726,1,1,0, 59727
24,59729,1,1,0, 59730
6,59730,2,2,1, 59732
7,59732,1,1,1, 59733
31,59736,2,2,1, 59738
1,59746,1,1,1, 59747
24,59749,1,1,0, 59750
6,59750,2,2,1, 59752
7,59752,1,1,0, 59753
25,59755,2,2,1, 59757
9,59757,2,2,1, 59759
24,59769,1,1,1, 59770
8,59776,1,1,0, 59777
24,59789,1,1,0, 59790
8,59796,1,1,1, 59797
24,59809,1,1,1, 59810
25,59815,2,2,1, 59817
8,59816,1,1,0, 59817
16,59819,2,2,1, 59821
15,59821,2,2,1, 59823
24,59829,1,1,1, 59830
8,59836,1,1,0, 59837
31,59836,2,2,1, 59838
16,59839,2,2,1, 59841
24,59849,1,1,1, 59850
8,59856,1,1,1, 59857
31,59856,2,2,1, 59858
15,59861,2,2,1, 59863
1,59866,1,1,1, 59867
24,59869,1,1,0, 59870
7,59872,1,1,1, 59873
8,59876,1,1,0, 59877
16,59879,2,2,1, 59881
1,59886,1,1,0, 59887
24,59889,1,1,0, 59890
7,59892,1,1,0, 59893
1,59906,1,1,1, 59907
24,59909,1,1,1, 59910
7,59912,1,1,0, 59913
16,59919,2,2,1, 59921
1,59926,1,1,1, 59927
24,59929,1,1,0, 59930
6,59930,2,2,1, 59932
7,59932,1,1,1, 59933
9,59937,2,2,1, 59939
2,59943,2,2,1, 59945
1,59946,1,1,1, 59947
24,59949,1,1,1, 59950
7,59952,1,1,1, 59953
8,59956,1,1,0, 59957
2,59963,2,2,1, 59965
1,59966,1,1,1, 59967
24,59969,1,1,0, 59970
7,59972,1,1,1, 59973
25,59975,2,2,1, 59977
8,59976,1,1,1, 59977
2,59983,2,2,1, 59985
1,59986,1,1,1, 59987
24,59989,1,1,1, 59990
7,59992,1,1,1, 59993
8,59996,1,1,0, 59997
15,60001,2,2,1, 60003
24,60009,1,1,0, 60010
7,60012,1,1,0, 60013
24,60029,1,1,1, 60030
7,60032,1,1,0, 60033
24,60049,1,1,1, 60050
7,60052,1,1,1, 60053
24,60069,1,1,0, 60070
7,60072,1,1,1, 60073
25,60075,2,2,1, 60077
24,60089,1,1,1, 60090
7,60092,1,1,0, 60093
25,60095,2,2,1, 60097
1,60106,1,1,1, 60107
24,60109,1,1,1, 60110
7,60112,1,1,1, 60113
8,60116,1,1,0, 60117
31,60116,2,2,1, 60118
9,60117,2,2,1, 60119
16,60119,2,2,1, 60121
1,60126,1,1,0, 60127
24,60129,1,1,0, 60130
6,60130,2,2,1, 60132
7,60132,1,1,0, 60133
8,60136,1,1,0, 60137
1,60146,1,1,0, 60147
24,60149,1,1,0, 60150
6,60150,2,2,1, 60152
7,60152,1,1,0, 60153
8,60156,1,1,0, 60157
1,60166,1,1,1, 60167
24,60169,1,1,0, 60170
7,60172,1,1,0, 60173
8,60176,1,1,1, 60177
31,60176,2,2,1, 60178
9,60177,2,2,1, 60179
16,60179,2,2,1, 60181
1,60186,1,1,1, 60187
24,60189,1,1,0, 60190
7,60192,1,1,0, 60193
8,60196,1,1,1, 60197
16,60199,2,2,1, 60201
1,60206,1,1,0, 60207
24,60209,1,1,1, 60210
7,60212,1,1,1, 60213
8,60216,1,1,0, 60217
16,60219,2,2,1, 60221
1,60226,1,1,1, 60227
24,60229,1,1,0, 60230
7,60232,1,1,0, 60233
8,60236,1,1,1, 60237
16,60239,2,2,1, 60241
2,60243,2,2,1, 60245
1,60246,1,1,0, 60247
25,60255,2,2,1, 60257
8,60256,1,1,1, 60257
15,60261,2,2,1, 60263
1,60266,1,1,1, 60267
25,60275,2,2,1, 60277
8,60276,1,1,0, 60277
15,60281,2,2,1, 60283
1,60286,1,1,0, 60287
25,60295,2,2,1, 60297
8,60296,1,1,0, 60297
15,60301,2,2,1, 60303
8,60316,1,1,1, 60317
15,60321,2,2,1, 60323
8,60336,1,1,1, 60337
9,60337,2,2,1, 60339
15,60341,2,2,1, 60343
24,60349,1,1,0, 60350
7,60352,1,1,1, 60353
25,60355,2,2,1, 60357
8,60356,1,1,1, 60357
9,60357,2,2,1, 60359
16,60359,2,2,1, 60361
15,60361,2,2,1, 60363
24,60369,1,1,1, 60370
25,60375,2,2,1, 60377
24,60389,1,1,1, 60390
1,60406,1,1,0, 60407
24,60409,1,1,0, 60410
25,60415,2,2,1, 60417
1,60426,1,1,0, 60427
24,60429,1,1,0, 60430
1,60446,1,1,0, 60447
24,60449,1,1,0, 60450
25,60455,2,2,1, 60457
1,60466,1,1,0, 60467
24,60469,1,1,0, 60470
6,60470,2,2,1, 60472
7,60472,1,1,1, 60473
25,60475,2,2,1, 60477
8,60476,1,1,1, 60477
31,60476,2,2,1, 60478
16,60479,2,2,1, 60481
1,60486,1,1,1, 60487
7,60492,1,1,1, 60493
25,60495,2,2,1, 60497
8,60496,1,1,1, 60497
9,60497,2,2,1, 60499
1,60506,1,1,0, 60507
7,60512,1,1,1, 60513
25,60515,2,2,1, 60517
8,60516,1,1,0, 60517
1,60526,1,1,0, 60527
7,60532,1,1,0, 60533
8,60536,1,1,1, 60537
1,60546,1,1,1, 60547
7,60552,1,1,0, 60553
8,60556,1,1,0, 60557
1,60566,1,1,0, 60567
7,60572,1,1,1, 60573
25,60575,2,2,1, 60577
8,60576,1,1,1, 60577
1,60586,1,1,1, 60587
24,60589,1,1,1, 60590
7,60592,1,1,0, 60593
25,60595,2,2,1, 60597
8,60596,1,1,0, 60597
24,60609,1,1,1, 60610
6,60610,2,2,1, 60612
7,60612,1,1,1, 60613
8,60616,1,1,0, 60617
24,60629,1,1,0, 60630
6,60630,2,2,1, 60632
7,60632,1,1,1, 60633
8,60636,1,1,1, 60637
15,60641,2,2,1, 60643
24,60649,1,1,1, 60650
6,60650,2,2,1, 60652
7,60652,1,1,1, 60653
8,60656,1,1,1, 60657
9,60657,2,2,1, 60659
1,60666,1,1,1, 60667
24,60669,1,1,0, 60670
7,60672,1,1,0, 60673
8,60676,1,1,0, 60677
9,60677,2,2,1, 60679
2,60683,2,2,1, 60685
1,60686,1,1,0, 60687
24,60689,1,1,0, 60690
7,60692,1,1,0, 60693
25,60695,2,2,1, 60697
8,60696,1,1,0, 60697
9,60697,2,2,1, 60699
15,60701,2,2,1, 60703
1,60706,1,1,1, 60707
24,60709,1,1,0, 60710
7,60712,1,1,0, 60713
8,60716,1,1,1, 60717
16,60719,2,2,1, 60721
15,60721,2,2,1, 60723
24,60729,1,1,0, 60730
24,60749,1,1,0, 60750
24,60769,1,1,0, 60770
24,60789,1,1,0, 60790
31,60796,2,2,1, 60798
24,60809,1,1,0, 60810
31,60816,2,2,1, 60818
1,60826,1,1,1, 60827
24,60829,1,1,1, 60830
7,60832,1,1,1, 60833
8,60836,1,1,0, 60837
9,60837,2,2,1, 60839
15,60841,2,2,1, 60843
1,60846,1,1,1, 60847
24,60849,1,1,1, 60850
7,60852,1,1,1, 60853
8,60856,1,1,1, 60857
9,60857,2,2,1, 60859
15,60861,2,2,1, 60863
1,60866,1,1,1, 60867
24,60869,1,1,0, 60870
7,60872,1,1,1, 60873
25,60875,2,2,1, 60877
8,60876,1,1,1, 60877
2,60883,2,2,1, 60885
1,60886,1,1,0, 60887
24,60889,1,1,0, 60890
6,60890,2,2,1, 60892
7,60892,1,1,0, 60893
8,60896,1,1,0, 60897
9,60897,2,2,1, 60899
24,60909,1,1,0, 60910
7,60912,1,1,1, 60913
8,60916,1,1,0, 60917
16,60919,2,2,1, 60921
24,60929,1,1,0, 60930
6,60930,2,2,1, 60932
7,60932,1,1,1, 60933
25,60935,2,2,1, 60937
8,60936,1,1,0, 60937
16,60939,2,2,1, 60941
24,60949,1,1,1, 60950
6,60950,2,2,1, 60952
7,60952,1,1,1, 60953
25,60955,2,2,1, 60957
8,60956,1,1,0, 60957
31,60956,2,2,1, 60958
16,60959,2,2,1, 60961
24,60969,1,1,0, 60970
7,60972,1,1,1, 60973
24,60989,1,1,0, 60990
7,60992,1,1,0, 60993
31,60996,2,2,1, 60998
1,61006,1,1,1, 61007
24,61009,1,1,1, 61010
7,61012,1,1,1, 61013
31,61016,2,2,1, 61018
1,61026,1,1,0, 61027
6,61030,2,2,1, 61032
7,61032,1,1,1, 61033
8,61036,1,1,0, 61037
9,61037,2,2,1, 61039
16,61039,2,2,1, 61041
15,61041,2,2,1, 61043
2,61043,2,2,1, 61045
1,61046,1,1,0, 61047
6,61050,2,2,1, 61052
7,61052,1,1,0, 61053
8,61056,1,1,0, 61057
2,61063,2,2,1, 61065
1,61066,1,1,0, 61067
7,61072,1,1,1, 61073
8,61076,1,1,0, 61077
31,61076,2,2,1, 61078
15,61081,2,2,1, 61083
2,61083,2,2,1, 61085
1,61086,1,1,1, 61087
1,61106,1,1,0, 61107
1,61126,1,1,1, 61127
24,61129,1,1,0, 61130
25,61135,2,2,1, 61137
15,61141,2,2,1, 61143
2,61143,2,2,1, 61145
1,61146,1,1,0, 61147
24,61149,1,1,1, 61150
7,61152,1,1,1, 61153
15,61161,2,2,1, 61163
24,61169,1,1,1, 61170
7,61172,1,1,1, 61173
25,61175,2,2,1, 61177
24,61189,1,1,1, 61190
6,61190,2,2,1, 61192
7,61192,1,1,1, 61193
25,61195,2,2,1, 61197
8,61196,1,1,1, 61197
9,61197,2,2,1, 61199
2,61203,2,2,1, 61205
1,61206,1,1,0, 61207
24,61209,1,1,0, 61210
7,61212,1,1,1, 61213
8,61216,1,1,0, 61217
9,61217,2,2,1, 61219
1,61226,1,1,1, 61227
24,61229,1,1,1, 61230
7,61232,1,1,1, 61233
25,61235,2,2,1, 61237
8,61236,1,1,0, 61237
15,61241,2,2,1, 61243
1,61246,1,1,0, 61247
24,61249,1,1,1, 61250
6,61250,2,2,1, 61252
7,61252,1,1,0, 61253
8,61256,1,1,0, 61257
31,61256,2,2,1, 61258
9,61257,2,2,1, 61259
24,61269,1,1,1, 61270
8,61276,1,1,1, 61277
31,61276,2,2,1, 61278
9,61277,2,2,1, 61279
24,61289,1,1,1, 61290
8,61296,1,1,1, 61297
31,61296,2,2,1, 61298
16,61299,2,2,1, 61301
24,61309,1,1,0, 61310
8,61316,1,1,1, 61317
15,61321,2,2,1, 61323
24,61329,1,1,1, 61330
8,61336,1,1,1, 61337
24,61349,1,1,1, 61350
8,61356,1,1,1, 61357
31,61356,2,2,1, 61358
24,61369,1,1,0, 61370
7,61372,1,1,1, 61373
25,61375,2,2,1, 61377
8,61376,1,1,0, 61377
1,61386,1,1,0, 61387
24,61389,1,1,1, 61390
7,61392,1,1,0, 61393
8,61396,1,1,1, 61397
1,61406,1,1,0, 61407
24,61409,1,1,1, 61410
6,61410,2,2,1, 61412
7,61412,1,1,0, 61413
8,61416,1,1,1, 61417
15,61421,2,2,1, 61423
1,61426,1,1,0, 61427
24,61429,1,1,0, 61430
7,61432,1,1,0, 61433
25,61435,2,2,1, 61437
8,61436,1,1,0, 61437
1,61546,1,1,1, 61547
24,61549,1,1,1, 61550
7,61552,1,1,0, 61553
25,61555,2,2,1, 61557
8,61556,1,1,1, 61557
16,61559,2,2,1, 61561
2,61563,2,2,1, 61565
1,61566,1,1,0, 61567
24,61569,1,1,0, 61570
7,61572,1,1,0, 61573
8,61576,1,1,1, 61577
16,61579,2,2,1, 61581
15,61581,2,2,1, 61583
1,61586,1,1,0, 61587
24,61589,1,1,0, 61590
7,61592,1,1,0, 61593
8,61596,1,1,0, 61597
9,61597,2,2,1, 61599
16,61599,2,2,1, 61601
15,61601,2,2,1, 61603
2,61603,2,2,1, 61605
1,61606,1,1,1, 61607
24,61609,1,1,1, 61610
7,61612,1,1,1, 61613
8,61616,1,1,1, 61617
2,61623,2,2,1, 61625
1,61626,1,1,0, 61627
24,61629,1,1,0, 61630
6,61630,2,2,1, 61632
7,61632,1,1,0, 61633
8,61636,1,1,0, 61637
9,61637,2,2,1, 61639
15,61641,2,2,1, 61643
1,61646,1,1,1, 61647
24,61649,1,1,0, 61650
6,61650,2,2,1, 61652
7,61652,1,1,0, 61653
8,61656,1,1,0, 61657
9,61657,2,2,1, 61659
1,61666,1,1,0, 61667
24,61669,1,1,1, 61670
6,61670,2,2,1, 61672
7,61672,1,1,0, 61673
8,61676,1,1,0, 61677
9,61677,2,2,1, 61679
1,61686,1,1,0, 61687
24,61689,1,1,1, 61690
7,61692,1,1,1, 61693
8,61696,1,1,0, 61697
31,61696,2,2,1, 61698
1,61706,1,1,1, 61707
24,61709,1,1,1, 61710
7,61712,1,1,0, 61713
8,61716,1,1,1, 61717
31,61716,2,2,1, 61718
15,61721,2,2,1, 61723
1,61726,1,1,0, 61727
24,61729,1,1,1, 61730
7,61732,1,1,1, 61733
25,61735,2,2,1, 61737
8,61736,1,1,0, 61737
16,61739,2,2,1, 61741
1,61746,1,1,0, 61747
7,61752,1,1,1, 61753
31,61756,2,2,1, 61758
2,61763,2,2,1, 61765
1,61766,1,1,0, 61767
7,61772,1,1,1, 61773
31,61776,2,2,1, 61778
15,61781,2,2,1, 61783
1,61786,1,1,1, 61787
7,61792,1,1,1, 61793
25,61795,2,2,1, 61797
9,61797,2,2,1, 61799
15,61801,2,2,1, 61803
7,61812,1,1,0, 61813
31,61816,2,2,1, 61818
15,61821,2,2,1, 61823
7,61832,1,1,1, 61833
24,61849,1,1,1, 61850
6,61850,2,2,1, 61852
7,61852,1,1,1, 61853
25,61855,2,2,1, 61857
16,61859,2,2,1, 61861
24,61869,1,1,1, 61870
25,61875,2,2,1, 61877
24,61889,1,1,0, 61890
1,61906,1,1,1, 61907
24,61909,1,1,0, 61910
25,61915,2,2,1, 61917
8,61916,1,1,1, 61917
2,61923,2,2,1, 61925
1,61926,1,1,1, 61927
24,61929,1,1,0, 61930
8,61936,1,1,0, 61937
1,61946,1,1,0, 61947
24,61949,1,1,0, 61950
8,61956,1,1,0, 61957
9,61957,2,2,1, 61959
2,61963,2,2,1, 61965
1,61966,1,1,1, 61967
24,61969,1,1,1, 61970
7,61972,1,1,0, 61973
8,61976,1,1,1, 61977
9,61977,2,2,1, 61979
15,61981,2,2,1, 61983
1,61986,1,1,1, 61987
24,61989,1,1,0, 61990
7,61992,1,1,0, 61993
8,61996,1,1,0, 61997
31,61996,2,2,1, 61998
15,62001,2,2,1, 62003
1,62006,1,1,1, 62007
24,62009,1,1,1, 62010
6,62010,2,2,1, 62012
7,62012,1,1,1, 62013
8,62016,1,1,1, 62017
31,62016,2,2,1, 62018
1,62026,1,1,0, 62027
24,62029,1,1,0, 62030
7,62032,1,1,1, 62033
8,62036,1,1,0, 62037
31,62036,2,2,1, 62038
1,62046,1,1,0, 62047
24,62049,1,1,1, 62050
25,62055,2,2,1, 62057
8,62056,1,1,0, 62057
31,62056,2,2,1, 62058
15,62061,2,2,1, 62063
2,62063,2,2,1, 62065
1,62066,1,1,1, 62067
24,62069,1,1,0, 62070
8,62076,1,1,0, 62077
1,62086,1,1,0, 62087
24,62089,1,1,0, 62090
8,62096,1,1,0, 62097
24,62109,1,1,1, 62110
8,62116,1,1,1, 62117
15,62121,2,2,1, 62123
24,62129,1,1,0, 62130
8,62136,1,1,0, 62137
15,62141,2,2,1, 62143
24,62149,1,1,0, 62150
7,62152,1,1,0, 62153
25,62155,2,2,1, 62157
8,62156,1,1,1, 62157
9,62157,2,2,1, 62159
15,62161,2,2,1, 62163
24,62169,1,1,0, 62170
7,62172,1,1,0, 62173
25,62175,2,2,1, 62177
31,62176,2,2,1, 62178
15,62181,2,2,1, 62183
24,62189,1,1,1, 62190
7,62192,1,1,0, 62193
25,62195,2,2,1, 62197
15,62201,2,2,1, 62203
1,62206,1,1,1, 62207
24,62209,1,1,1, 62210
7,62212,1,1,1, 62213
31,62216,2,2,1, 62218
9,62217,2,2,1, 62219
2,62223,2,2,1, 62225
1,62226,1,1,0, 62227
24,62229,1,1,1, 62230
7,62232,1,1,0, 62233
2,62243,2,2,1, 62245
1,62246,1,1,1, 62247
24,62249,1,1,0, 62250
7,62252,1,1,0, 62253
15,62261,2,2,1, 62263
2,62263,2,2,1, 62265
1,62266,1,1,0, 62267
24,62269,1,1,0, 62270
6,62270,2,2,1, 62272
7,62272,1,1,1, 62273
8,62276,1,1,0, 62277
16,62279,2,2,1, 62281
15,62281,2,2,1, 62283
2,62283,2,2,1, 62285
1,62286,1,1,0, 62287
24,62289,1,1,0, 62290
8,62296,1,1,0, 62297
16,62299,2,2,1, 62301
2,62303,2,2,1, 62305
1,62306,1,1,1, 62307
24,62309,1,1,1, 62310
8,62316,1,1,1, 62317
2,62323,2,2,1, 62325
1,62326,1,1,1, 62327
24,62329,1,1,0, 62330
8,62336,1,1,1, 62337
16,62339,2,2,1, 62341
15,62341,2,2,1, 62343
1,62346,1,1,0, 62347
24,62349,1,1,0, 62350
25,62355,2,2,1, 62357
1,62366,1,1,0, 62367
24,62369,1,1,1, 62370
1,62386,1,1,1, 62387
24,62389,1,1,1, 62390
7,62392,1,1,1, 62393
9,62397,2,2,1, 62399
6,62410,2,2,1, 62412
7,62412,1,1,1, 62413
8,62416,1,1,0, 62417
16,62419,2,2,1, 62421
6,62430,2,2,1, 62432
7,62432,1,1,0, 62433
8,62436,1,1,0, 62437
16,62439,2,2,1, 62441
7,62452,1,1,0, 62453
8,62456,1,1,1, 62457
15,62461,2,2,1, 62463
1,62466,1,1,1, 62467
6,62470,2,2,1, 62472
7,62472,1,1,1, 62473
8,62476,1,1,0, 62477
15,62481,2,2,1, 62483
2,62483,2,2,1, 62485
1,62486,1,1,1, 62487
7,62492,1,1,1, 62493
8,62496,1,1,0, 62497
2,62503,2,2,1, 62505
1,62506,1,1,1, 62507
24,62509,1,1,0, 62510
6,62510,2,2,1, 62512
7,62512,1,1,0, 62513
8,62516,1,1,0, 62517
9,62517,2,2,1, 62519
24,62529,1,1,0, 62530
31,62536,2,2,1, 62538
16,62539,2,2,1, 62541
24,62549,1,1,1, 62550
31,62556,2,2,1, 62558
24,62569,1,1,1, 62570
31,62576,2,2,1, 62578
1,62586,1,1,0, 62587
24,62589,1,1,0, 62590
8,62596,1,1,0, 62597
16,62599,2,2,1, 62601
2,62603,2,2,1, 62605
1,62606,1,1,0, 62607
24,62609,1,1,1, 62610
8,62616,1,1,1, 62617
1,62626,1,1,1, 62627
24,62629,1,1,0, 62630
6,62630,2,2,1, 62632
7,62632,1,1,0, 62633
8,62636,1,1,1, 62637
16,62639,2,2,1, 62641
15,62641,2,2,1, 62643
2,62643,2,2,1, 62645
1,62646,1,1,0, 62647
24,62649,1,1,0, 62650
7,62652,1,1,1, 62653
8,62656,1,1,0, 62657
9,62657,2,2,1, 62659
15,62661,2,2,1, 62663
1,62666,1,1,0, 62667
24,62669,1,1,1, 62670
6,62670,2,2,1, 62672
7,62672,1,1,1, 62673
8,62676,1,1,1, 62677
1,62686,1,1,0, 62687
24,62689,1,1,1, 62690
7,62692,1,1,1, 62693
8,62696,1,1,1, 62697
31,62696,2,2,1, 62698
15,62701,2,2,1, 62703
2,62703,2,2,1, 62705
1,62706,1,1,0, 62707
24,62709,1,1,0, 62710
8,62716,1,1,1, 62717
2,62723,2,2,1, 62725
1,62726,1,1,0, 62727
24,62729,1,1,1, 62730
8,62736,1,1,1, 62737
15,62741,2,2,1, 62743
2,62743,2,2,1, 62745
1,62746,1,1,0, 62747
24,62749,1,1,1, 62750
8,62756,1,1,1, 62757
15,62761,2,2,1, 62763
7,62772,1,1,1, 62773
8,62776,1,1,0, 62777
7,62792,1,1,0, 62793
8,62796,1,1,0, 62797
16,62799,2,2,1, 62801
15,62801,2,2,1, 62803
7,62812,1,1,1, 62813
8,62816,1,1,0, 62817
16,62819,2,2,1, 62821
2,62823,2,2,1, 62825
1,62826,1,1,1, 62827
25,62835,2,2,1, 62837
2,62843,2,2,1, 62845
1,62846,1,1,0, 62847
25,62855,2,2,1, 62857
2,62863,2,2,1, 62865
1,62866,1,1,1, 62867
24,62869,1,1,0, 62870
25,62875,2,2,1, 62877
24,62889,1,1,0, 62890
24,62909,1,1,1, 62910
24,62929,1,1,0, 62930
6,62930,2,2,1, 62932
7,62932,1,1,1, 62933
8,62936,1,1,0, 62937
15,62941,2,2,1, 62943
1,62946,1,1,0, 62947
24,62949,1,1,1, 62950
7,62952,1,1,1, 62953
8,62956,1,1,0, 62957
15,62961,2,2,1, 62963
1,62966,1,1,1, 62967
24,62969,1,1,1, 62970
7,62972,1,1,1, 62973
8,62976,1,1,0, 62977
9,62977,2,2,1, 62979
1,62986,1,1,0, 62987
24,62989,1,1,0, 62990
7,62992,1,1,0, 62993
25,62995,2,2,1, 62997
8,62996,1,1,0, 62997
15,63001,2,2,1, 63003
24,63009,1,1,1, 63010
6,63010,2,2,1, 63012
7,63012,1,1,0, 63013
8,63016,1,1,1, 63017
24,63029,1,1,0, 63030
6,63030,2,2,1, 63032
7,63032,1,1,0, 63033
8,63036,1,1,0, 63037
9,63037,2,2,1, 63039
24,63049,1,1,1, 63050
7,63052,1,1,0, 63053
8,63056,1,1,0, 63057
31,63056,2,2,1, 63058
15,63061,2,2,1, 63063
24,63069,1,1,0, 63070
8,63076,1,1,0, 63077
15,63081,2,2,1, 63083
24,63089,1,1,0, 63090
8,63096,1,1,0, 63097
16,63099,2,2,1, 63101
1,63106,1,1,0, 63107
24,63109,1,1,0, 63110
25,63115,2,2,1, 63117
8,63116,1,1,0, 63117
16,63119,2,2,1, 63121
15,63121,2,2,1, 63123
2,63123,2,2,1, 63125
1,63126,1,1,1, 63127
24,63129,1,1,0, 63130
8,63136,1,1,0, 63137
2,63143,2,2,1, 63145
1,63146,1,1,0, 63147
24,63149,1,1,0, 63150
25,63155,2,2,1, 63157
8,63156,1,1,0, 63157
31,63156,2,2,1, 63158
15,63161,2,2,1, 63163
2,63163,2,2,1, 63165
1,63166,1,1,1, 63167
24,63169,1,1,1, 63170
7,63172,1,1,1, 63173
8,63176,1,1,1, 63177
31,63176,2,2,1, 63178
15,63181,2,2,1, 63183
24,63189,1,1,1, 63190
6,63190,2,2,1, 63192
7,63192,1,1,1, 63193
25,63195,2,2,1, 63197
24,63209,1,1,0, 63210
6,63210,2,2,1, 63212
7,63212,1,1,0, 63213
25,63215,2,2,1, 63217
15,63221,2,2,1, 63223
24,63229,1,1,1, 63230
7,63232,1,1,1, 63233
24,63249,1,1,0, 63250
7,63252,1,1,0, 63253
24,63269,1,1,0, 63270
7,63272,1,1,1, 63273
1,63286,1,1,1, 63287
24,63289,1,1,1, 63290
6,63290,2,2,1, 63292
7,63292,1,1,1, 63293
25,63295,2,2,1, 63297
8,63296,1,1,0, 63297
31,63296,2,2,1, 63298
9,63297,2,2,1, 63299
16,63299,2,2,1, 63301
15,63301,2,2,1, 63303
2,63303,2,2,1, 63305
1,63306,1,1,0, 63307
24,63309,1,1,0, 63310
7,63312,1,1,1, 63313
8,63316,1,1,0, 63317
31,63316,2,2,1, 63318
2,63323,2,2,1, 63325
1,63326,1,1,0, 63327
24,63329,1,1,1, 63330
6,63330,2,2,1, 63332
7,63332,1,1,0, 63333
8,63336,1,1,1, 63337
16,63339,2,2,1, 63341
2,63343,2,2,1, 63345
1,63346,1,1,1, 63347
24,63349,1,1,1, 63350
6,63350,2,2,1, 63352
7,63352,1,1,0, 63353
8,63356,1,1,1, 63357
31,63356,2,2,1, 63358
16,63359,2,2,1, 63361
1,63366,1,1,0, 63367
24,63369,1,1,1, 63370
8,63376,1,1,0, 63377
1,63386,1,1,0, 63387
24,63389,1,1,0, 63390
8,63396,1,1,0, 63397
1,63406,1,1,0, 63407
24,63409,1,1,1, 63410
8,63416,1,1,1, 63417
1,63426,1,1,1, 63427
24,63429,1,1,1, 63430
25,63435,2,2,1, 63437
8,63436,1,1,1, 63437
24,63449,1,1,1, 63450
8,63456,1,1,0, 63457
15,63461,2,2,1, 63463
24,63469,1,1,0, 63470
7,63472,1,1,0, 63473
8,63476,1,1,1, 63477
15,63481,2,2,1, 63483
24,63489,1,1,0, 63490
6,63490,2,2,1, 63492
7,63492,1,1,1, 63493
8,63496,1,1,1, 63497
15,63501,2,2,1, 63503
24,63509,1,1,0, 63510
6,63510,2,2,1, 63512
7,63512,1,1,0, 63513
8,63516,1,1,1, 63517
24,63529,1,1,0, 63530
6,63530,2,2,1, 63532
7,63532,1,1,0, 63533
8,63536,1,1,0, 63537
9,63537,2,2,1, 63539
2,63543,2,2,1, 63545
1,63546,1,1,0, 63547
24,63549,1,1,0, 63550
7,63552,1,1,0, 63553
8,63556,1,1,1, 63557
9,63557,2,2,1, 63559
2,63563,2,2,1, 63565
1,63566,1,1,1, 63567
24,63569,1,1,1, 63570
7,63572,1,1,0, 63573
25,63575,2,2,1, 63577
8,63576,1,1,0, 63577
1,63586,1,1,0, 63587
24,63589,1,1,1, 63590
7,63592,1,1,1, 63593
25,63595,2,2,1, 63597
8,63596,1,1,1, 63597
16,63599,2,2,1, 63601
24,63609,1,1,1, 63610
31,63616,2,2,1, 63618
24,63629,1,1,1, 63630
24,63649,1,1,0, 63650
24,63669,1,1,1, 63670
24,63689,1,1,0, 63690
1,63706,1,1,1, 63707
24,63709,1,1,0, 63710
6,63710,2,2,1, 63712
7,63712,1,1,1, 63713
25,63715,2,2,1, 63717
8,63716,1,1,0, 63717
9,63717,2,2,1, 63719
16,63719,2,2,1, 63721
1,63726,1,1,1, 63727
7,63732,1,1,0, 63733
8,63736,1,1,1, 63737
1,63746,1,1,1, 63747
7,63752,1,1,1, 63753
8,63756,1,1,0, 63757
15,63761,2,2,1, 63763
2,63763,2,2,1, 63765
1,63766,1,1,0, 63767
7,63772,1,1,1, 63773
25,63775,2,2,1, 63777
8,63776,1,1,0, 63777
9,63777,2,2,1, 63779
7,63792,1,1,0, 63793
8,63796,1,1,1, 63797
15,63801,2,2,1, 63803
6,63810,2,2,1, 63812
7,63812,1,1,1, 63813
8,63816,1,1,0, 63817
24,63829,1,1,1, 63830
7,63832,1,1,1, 63833
8,63836,1,1,1, 63837
16,63839,2,2,1, 63841
24,63849,1,1,1, 63850
8,63856,1,1,0, 63857
31,63856,2,2,1, 63858
24,63869,1,1,0, 63870
8,63876,1,1,0, 63877
16,63879,2,2,1, 63881
1,63886,1,1,0, 63887
24,63889,1,1,0, 63890
8,63896,1,1,1, 63897
31,63896,2,2,1, 63898
9,63897,2,2,1, 63899
16,63899,2,2,1, 63901
2,63903,2,2,1, 63905
1,63906,1,1,0, 63907
24,63909,1,1,1, 63910
31,63916,2,2,1, 63918
9,63917,2,2,1, 63919
2,63923,2,2,1, 63925
1,63926,1,1,1, 63927
24,63929,1,1,0, 63930
1,63946,1,1,0, 63947
7,63952,1,1,0, 63953
9,63957,2,2,1, 63959
1,63966,1,1,0, 63967
6,63970,2,2,1, 63972
7,63972,1,1,1, 63973
8,63976,1,1,0, 63977
15,63981,2,2,1, 63983
1,63986,1,1,0, 63987
6,63990,2,2,1, 63992
7,63992,1,1,0, 63993
8,63996,1,1,0, 63997
1,64006,1,1,1, 64007
6,64010,2,2,1, 64012
7,64012,1,1,1, 64013
25,64015,2,2,1, 64017
8,64016,1,1,0, 64017
15,64021,2,2,1, 64023
1,64026,1,1,0, 64027
7,64032,1,1,1, 64033
25,64035,2,2,1, 64037
8,64036,1,1,1, 64037
16,64039,2,2,1, 64041
15,64041,2,2,1, 64043
1,64046,1,1,1, 64047
7,64052,1,1,0, 64053
25,64055,2,2,1, 64057
8,64056,1,1,0, 64057
16,64059,2,2,1, 64061
2,64063,2,2,1, 64065
1,64066,1,1,1, 64067
7,64072,1,1,0, 64073
25,64075,2,2,1, 64077
8,64076,1,1,1, 64077
31,64076,2,2,1, 64078
9,64077,2,2,1, 64079
16,64079,2,2,1, 64081
1,64186,1,1,1, 64187
7,64192,1,1,1, 64193
8,64196,1,1,1, 64197
1,64206,1,1,1, 64207
7,64212,1,1,0, 64213
25,64215,2,2,1, 64217
8,64216,1,1,0, 64217
1,64226,1,1,0, 64227
6,64230,2,2,1, 64232
7,64232,1,1,1, 64233
25,64235,2,2,1, 64237
8,64236,1,1,0, 64237
9,64237,2,2,1, 64239
2,64243,2,2,1, 64245
1,64246,1,1,0, 64247
7,64252,1,1,1, 64253
8,64256,1,1,0, 64257
16,64259,2,2,1, 64261
2,64263,2,2,1, 64265
1,64266,1,1,0, 64267
7,64272,1,1,1, 64273
8,64276,1,1,0, 64277
31,64276,2,2,1, 64278
9,64277,2,2,1, 64279
16,64279,2,2,1, 64281
6,64290,2,2,1, 64292
7,64292,1,1,1, 64293
8,64296,1,1,0, 64297
31,64296,2,2,1, 64298
9,64297,2,2,1, 64299
15,64301,2,2,1, 64303
6,64310,2,2,1, 64312
7,64312,1,1,0, 64313
8,64316,1,1,1, 64317
9,64317,2,2,1, 64319
16,64319,2,2,1, 64321
6,64330,2,2,1, 64332
7,64332,1,1,0, 64333
31,64336,2,2,1, 64338
7,64352,1,1,0, 64353
31,64356,2,2,1, 64358
6,64370,2,2,1, 64372
7,64372,1,1,1, 64373
31,64376,2,2,1, 64378
1,64386,1,1,1, 64387
1,64406,1,1,1, 64407
25,64415,2,2,1, 64417
1,64426,1,1,1, 64427
8,64436,1,1,1, 64437
16,64439,2,2,1, 64441
1,64446,1,1,1, 64447
7,64452,1,1,1, 64453
8,64456,1,1,0, 64457
16,64459,2,2,1, 64461
1,64466,1,1,0, 64467
7,64472,1,1,0, 64473
8,64476,1,1,1, 64477
1,64486,1,1,0, 64487
7,64492,1,1,0, 64493
8,64496,1,1,1, 64497
9,64497,2,2,1, 64499
15,64501,2,2,1, 64503
7,64512,1,1,0, 64513
8,64516,1,1,0, 64517
9,64517,2,2,1, 64519
16,64519,2,2,1, 64521
7,64532,1,1,1, 64533
8,64536,1,1,0, 64537
16,64539,2,2,1, 64541
6,64550,2,2,1, 64552
7,64552,1,1,1, 64553
8,64556,1,1,0, 64557
16,64559,2,2,1, 64561
1,64606,1,1,0, 64607
2,64623,2,2,1, 64625
1,64626,1,1,0, 64627
25,64635,2,2,1, 64637
2,64643,2,2,1, 64645
1,64646,1,1,1, 64647
25,64655,2,2,1, 64657
1,64666,1,1,0, 64667
6,64670,2,2,1, 64672
7,64672,1,1,0, 64673
25,64675,2,2,1, 64677
8,64676,1,1,0, 64677
1,64686,1,1,1, 64687
7,64692,1,1,0, 64693
8,64696,1,1,0, 64697
1,64706,1,1,1, 64707
7,64712,1,1,0, 64713
8,64716,1,1,1, 64717
31,64716,2,2,1, 64718
16,64719,2,2,1, 64721
15,64721,2,2,1, 64723
1,64726,1,1,1, 64727
7,64732,1,1,1, 64733
25,64735,2,2,1, 64737
8,64736,1,1,0, 64737
31,64736,2,2,1, 64738
15,64741,2,2,1, 64743
1,64746,1,1,1, 64747
7,64752,1,1,0, 64753
8,64756,1,1,1, 64757
1,64766,1,1,1, 64767
7,64772,1,1,1, 64773
8,64776,1,1,1, 64777
15,64781,2,2,1, 64783
1,64786,1,1,0, 64787
6,64790,2,2,1, 64792
7,64792,1,1,1, 64793
25,64795,2,2,1, 64797
8,64796,1,1,1, 64797
31,64796,2,2,1, 64798
2,64803,2,2,1, 64805
1,64806,1,1,1, 64807
6,64810,2,2,1, 64812
7,64812,1,1,0, 64813
8,64816,1,1,1, 64817
2,64823,2,2,1, 64825
1,64826,1,1,1, 64827
6,64830,2,2,1, 64832
7,64832,1,1,0, 64833
8,64836,1,1,1, 64837
16,64839,2,2,1, 64841
15,64841,2,2,1, 64843
1,64846,1,1,0, 64847
7,64852,1,1,1, 64853
8,64856,1,1,0, 64857
6,64870,2,2,1, 64872
7,64872,1,1,1, 64873
6,64890,2,2,1, 64892
7,64892,1,1,0, 64893
7,64912,1,1,1, 64913
7,64932,1,1,1, 64933
15,64941,2,2,1, 64943
7,64952,1,1,1, 64953
31,64956,2,2,1, 64958
1,64966,1,1,1, 64967
7,64972,1,1,0, 64973
25,64975,2,2,1, 64977
8,64976,1,1,1, 64977
31,64976,2,2,1, 64978
15,64981,2,2,1, 64983
1,64986,1,1,1, 64987
7,64992,1,1,0, 64993
1,65006,1,1,0, 65007
7,65012,1,1,1, 65013
2,65023,2,2,1, 65025
1,65026,1,1,0, 65027
6,65030,2,2,1, 65032
7,65032,1,1,0, 65033
9,65037,2,2,1, 65039
15,65041,2,2,1, 65043
1,65046,1,1,1, 65047
25,65055,2,2,1, 65057
9,65057,2,2,1, 65059
1,65066,1,1,0, 65067
25,65075,2,2,1, 65077
2,65083,2,2,1, 65085
1,65086,1,1,0, 65087
1,65106,1,1,0, 65107
6,65110,2,2,1, 65112
7,65112,1,1,1, 65113
31,65116,2,2,1, 65118
2,65123,2,2,1, 65125
1,65126,1,1,0, 65127
7,65132,1,1,1, 65133
1,65146,1,1,1, 65147
25,65155,2,2,1, 65157
1,65166,1,1,0, 65167
25,65175,2,2,1, 65177
1,65186,1,1,0, 65187
25,65195,2,2,1, 65197
2,65203,2,2,1, 65205
1,65206,1,1,1, 65207
25,65215,2,2,1, 65217
9,65217,2,2,1, 65219
25,65335,2,2,1, 65337
2,65343,2,2,1, 65345
1,65346,1,1,1, 65347
25,65355,2,2,1, 65357
2,65363,2,2,1, 65365
1,65366,1,1,1, 65367
25,65375,2,2,1, 65377
9,65377,2,2,1, 65379
2,65383,2,2,1, 65385
1,65386,1,1,1, 65387
25,65395,2,2,1, 65397
9,65397,2,2,1, 65399
1,65506,1,1,1, 65507
25,65515,2,2,1, 65517
1,65526,1,1,0, 65527
2,65543,2,2,1, 65545
1,65546,1,1,1, 65547
2,65563,2,2,1, 65565
1,65566,1,1,0, 65567
25,65575,2,2,1, 65577
9,65577,2,2,1, 65579
1,65686,1,1,1, 65687
2,65703,2,2,1, 65705
1,65706,1,1,1, 65707
1,65726,1,1,0, 65727
9,65737,2,2,1, 65739
1,65746,1,1,1, 65747
25,65755,2,2,1, 65757
9,65757,2,2,1, 65759
1,65866,1,1,1, 65867
1,65886,1,1,0, 65887
2,65903,2,2,1, 65905
1,65906,1,1,0, 65907
25,65915,2,2,1, 65917
1,65926,1,1,1, 65927
1,65946,1,1,1, 65947
1,65966,1,1,0, 65967
1,65986,1,1,0, 65987
9,65997,2,2,1, 65999
1,66006,1,1,1, 66007
25,66015,2,2,1, 66017
9,66017,2,2,1, 66019
1,66026,1,1,0, 66027
9,66037,2,2,1, 66039
1,66046,1,1,1, 66047
25,66055,2,2,1, 66057
1,66066,1,1,0, 66067
1,66086,1,1,1, 66087
25,66095,2,2,1, 66097
1,66106,1,1,1, 66107
25,66115,2,2,1, 66117
1,66126,1,1,0, 66127
25,66135,2,2,1, 66137
9,66137,2,2,1, 66139
1,66146,1,1,0, 66147
1,66166,1,1,1, 66167
1,66186,1,1,0, 66187
1,66206,1,1,1, 66207
25,66215,2,2,1, 66217
1,66226,1,1,1, 66227
1,66246,1,1,1, 66247
25,66255,2,2,1, 66257
1,66266,1,1,1, 66267
1,66286,1,1,1, 66287
9,66297,2,2,1, 66299
1,66406,1,1,1, 66407
1,66426,1,1,1, 66427
9,66437,2,2,1, 66439
2,66443,2,2,1, 66445
1,66446,1,1,0, 66447
25,66455,2,2,1, 66457
1,66466,1,1,0, 66467
25,66475,2,2,1, 66477
1,66586,1,1,0, 66587
1,66606,1,1,1, 66607
25,66615,2,2,1, 66617
2,66623,2,2,1, 66625
1,66626,1,1,0, 66627
25,66635,2,2,1, 66637
2,66643,2,2,1, 66645
1,66646,1,1,0, 66647
9,66657,2,2,1, 66659
1,66666,1,1,1, 66667
25,66675,2,2,1, 66677
1,66686,1,1,1, 66687
25,66695,2,2,1, 66697
1,66706,1,1,1, 66707
25,66715,2,2,1, 66717
1,66726,1,1,0, 66727
1,66746,1,1,0, 66747
25,66755,2,2,1, 66757
2,66763,2,2,1, 66765
1,66766,1,1,0, 66767
1,66886,1,1,1, 66887
1,66906,1,1,1, 66907
1,66926,1,1,0, 66927
25,66935,2,2,1, 66937
1,66946,1,1,0, 66947
25,66955,2,2,1, 66957
9,66957,2,2,1, 66959
1,66966,1,1,0, 66967
25,66975,2,2,1, 66977
2,66983,2,2,1, 66985
1,66986,1,1,1, 66987
9,66997,2,2,1, 66999
1,67006,1,1,1, 67007
25,67015,2,2,1, 67017
1,67026,1,1,1, 67027
25,67035,2,2,1, 67037
1,67046,1,1,0, 67047
25,67055,2,2,1, 67057
2,67063,2,2,1, 67065
1,67066,1,1,0, 67067
25,67075,2,2,1, 67077
1,67086,1,1,1, 67087
9,67097,2,2,1, 67099
1,67106,1,1,0, 67107
25,67115,2,2,1, 67117
2,67123,2,2,1, 67125
1,67126,1,1,0, 67127
25,67135,2,2,1, 67137
1,67146,1,1,0, 67147
25,67155,2,2,1, 67157
1,67166,1,1,1, 67167
25,67175,2,2,1, 67177
1,67186,1,1,0, 67187
1,67206,1,1,1, 67207
25,67215,2,2,1, 67217
1,67226,1,1,0, 67227
9,67237,2,2,1, 67239
1,67246,1,1,0, 67247
9,67257,2,2,1, 67259
1,67366,1,1,1, 67367
1,67386,1,1,0, 67387
25,67395,2,2,1, 67397
1,67406,1,1,0, 67407
1,67426,1,1,1, 67427
25,67435,2,2,1, 67437
1,67446,1,1,1, 67447
1,67466,1,1,1, 67467
2,67483,2,2,1, 67485
1,67486,1,1,1, 67487
9,67497,2,2,1, 67499
1,67506,1,1,0, 67507
1,67526,1,1,0, 67527
25,67535,2,2,1, 67537
9,67537,2,2,1, 67539
1,67546,1,1,1, 67547
25,67555,2,2,1, 67557
9,67557,2,2,1, 67559
2,67563,2,2,1, 67565
1,67566,1,1,0, 67567
2,67583,2,2,1, 67585
1,67586,1,1,1, 67587
25,67595,2,2,1, 67597
1,67606,1,1,1, 67607
1,67626,1,1,1, 67627
1,67686,1,1,0, 67687
2,67703,2,2,1, 67705
1,67706,1,1,1, 67707
25,67715,2,2,1, 67717
9,67717,2,2,1, 67719
1,67726,1,1,0, 67727
25,67735,2,2,1, 67737
9,67737,2,2,1, 67739
1,67846,1,1,0, 67847
25,67855,2,2,1, 67857
1,67866,1,1,1, 67867
1,67886,1,1,1, 67887
1,67906,1,1,1, 67907
9,67917,2,2,1, 67919
1,68026,1,1,0, 68027
2,68043,2,2,1, 68045
1,68046,1,1,0, 68047
2,68063,2,2,1, 68065
1,68066,1,1,1, 68067
25,68075,2,2,1, 68077
1,68086,1,1,0, 68087
25,68095,2,2,1, 68097
9,68097,2,2,1, 68099
1,68106,1,1,0, 68107
9,68117,2,2,1, 68119
1,68126,1,1,0, 68127
9,68137,2,2,1, 68139
1,68146,1,1,0, 68147
2,68163,2,2,1, 68165
1,68166,1,1,0, 68167
25,68175,2,2,1, 68177
2,68183,2,2,1, 68185
1,68186,1,1,1, 68187
1,68206,1,1,1, 68207
25,68215,2,2,1, 68217
1,68226,1,1,0, 68227
25,68235,2,2,1, 68237
1,68246,1,1,1, 68247
25,68255,2,2,1, 68257
1,68266,1,1,1, 68267
25,68275,2,2,1, 68277
1,68386,1,1,0, 68387
1,68406,1,1,1, 68407
1,68426,1,1,1, 68427
1,68446,1,1,0, 68447
9,68457,2,2,1, 68459
2,68463,2,2,1, 68465
1,68466,1,1,1, 68467
2,68483,2,2,1, 68485
1,68486,1,1,1, 68487
1,68506,1,1,0, 68507
9,68517,2,2,1, 68519
1,68526,1,1,1, 68527
2,68543,2,2,1, 68545
1,68546,1,1,1, 68547
9,68557,2,2,1, 68559
1,68566,1,1,1, 68567
9,68577,2,2,1, 68579
1,68586,1,1,1, 68587
1,68606,1,1,1, 68607
1,68626,1,1,1, 68627
1,68646,1,1,1, 68647
1,68666,1,1,0, 68667
1,68686,1,1,1, 68687
1,68706,1,1,1, 68707
2,68723,2,2,1, 68725
1,68726,1,1,0, 68727
9,68737,2,2,1, 68739
2,68743,2,2,1, 68745
1,68746,1,1,0, 68747
9,68757,2,2,1, 68759
1,68766,1,1,1, 68767
1,68786,1,1,0, 68787
1,68806,1,1,1, 68807
1,68826,1,1,0, 68827
1,68846,1,1,1, 68847
1,68866,1,1,1, 68867
1,68886,1,1,0, 68887
1,68906,1,1,0, 68907
9,68917,2,2,1, 68919
1,68926,1,1,0, 68927
9,68937,2,2,1, 68939
1,68946,1,1,1, 68947
1,68966,1,1,1, 68967
1,68986,1,1,1, 68987
1,69006,1,1,1, 69007
1,69026,1,1,0, 69027
1,69046,1,1,1, 69047
9,69057,2,2,1, 69059
1,69066,1,1,1, 69067
9,69077,2,2,1, 69079
2,69083,2,2,1, 69085
1,69086,1,1,1, 69087
9,69097,2,2,1, 69099
1,69106,1,1,0, 69107
1,69126,1,1,1, 69127
9,69137,2,2,1, 69139
1,69146,1,1,1, 69147
2,69163,2,2,1, 69165
1,69166,1,1,0, 69167
9,69177,2,2,1, 69179
1,69186,1,1,1, 69187
9,69197,2,2,1, 69199
1,69206,1,1,1, 69207
9,69217,2,2,1, 69219
1,69226,1,1,0, 69227
1,69246,1,1,0, 69247
1,69266,1,1,1, 69267
1,69286,1,1,0, 69287
1,69306,1,1,1, 69307
1,69326,1,1,1, 69327
1,69346,1,1,1, 69347
1,69366,1,1,0, 69367
9,69377,2,2,1, 69379
2,69383,2,2,1, 69385
1,69386,1,1,1, 69387
2,69403,2,2,1, 69405
1,69406,1,1,1, 69407
9,69417,2,2,1, 69419
1,69426,1,1,1, 69427
1,69446,1,1,1, 69447
1,69466,1,1,0, 69467
1,69486,1,1,0, 69487
1,69506,1,1,1, 69507
1,69526,1,1,1, 69527
9,69537,2,2,1, 69539
1,69546,1,1,0, 69547
9,69557,2,2,1, 69559
1,69566,1,1,0, 69567
1,69586,1,1,0, 69587
1,69606,1,1,1, 69607
1,69626,1,1,0, 69627
1,69646,1,1,1, 69647
1,69666,1,1,1, 69667
1,69686,1,1,0, 69687
1,69706,1,1,0, 69707
2,69723,2,2,1, 69725
1,69726,1,1,1, 69727
9,69737,2,2,1, 69739
1,69746,1,1,0, 69747
1,69766,1,1,0, 69767
1,69786,1,1,0, 69787
9,69797,2,2,1, 69799
1,69806,1,1,1, 69807
9,69817,2,2,1, 69819
2,69823,2,2,1, 69825
1,69826,1,1,0, 69827
1,69846,1,1,1, 69847
1,69866,1,1,1, 69867
1,69886,1,1,0, 69887
1,69906,1,1,0, 69907
1,69926,1,1,1, 69927
1,69946,1,1,0, 69947
1,69966,1,1,1, 69967
1,69986,1,1,1, 69987
2,70003,2,2,1, 70005
1,70006,1,1,0, 70007
9,70017,2,2,1, 70019
1,70026,1,1,0, 70027
9,70037,2,2,1, 70039
1,70046,1,1,0, 70047
9,70057,2,2,1, 70059
2,70063,2,2,1, 70065
1,70066,1,1,1, 70067
9,70077,2,2,1, 70079
1,70086,1,1,1, 70087
1,70106,1,1,1, 70107
1,70126,1,1,0, 70127
1,70146,1,1,1, 70147
1,70166,1,1,1, 70167
2,70183,2,2,1, 70185
1,70186,1,1,1, 70187
2,70203,2,2,1, 70205
1,70206,1,1,0, 70207
9,70217,2,2,1, 70219
2,70223,2,2,1, 70225
1,70226,1,1,1, 70227
1,70246,1,1,0, 70247
2,70263,2,2,1, 70265
1,70266,1,1,0, 70267
9,70277,2,2,1, 70279
1,70286,1,1,1, 70287
9,70297,2,2,1, 70299
1,70306,1,1,1, 70307
1,70426,1,1,1, 70427
2,70443,2,2,1, 70445
1,70446,1,1,0, 70447
9,70457,2,2,1, 70459
1,70466,1,1,1, 70467
9,70477,2,2,1, 70479
1,70486,1,1,0, 70487
2,70503,2,2,1, 70505
1,70506,1,1,0, 70507
2,70523,2,2,1, 70525
1,70526,1,1,1, 70527
9,70537,2,2,1, 70539
1,70546,1,1,1, 70547
9,70557,2,2,1, 70559
1,70666,1,1,1, 70667
1,70686,1,1,0, 70687
1,70706,1,1,1, 70707
2,70723,2,2,1, 70725
1,70726,1,1,1, 70727
2,70743,2,2,1, 70745
1,70746,1,1,1, 70747
9,70757,2,2,1, 70759
2,70763,2,2,1, 70765
1,70766,1,1,0, 70767
1,70786,1,1,0, 70787
1,70806,1,1,1, 70807
1,70826,1,1,0, 70827
1,70846,1,1,0, 70847
1,70866,1,1,0, 70867
1,70886,1,1,0, 70887
2,70903,2,2,1, 70905
1,70906,1,1,0, 70907
2,70923,2,2,1, 70925
1,70926,1,1,1, 70927
1,70946,1,1,0, 70947
1,70966,1,1,1, 70967
9,70977,2,2,1, 70979
2,70983,2,2,1, 70985
1,70986,1,1,1, 70987
9,70997,2,2,1, 70999
1,71006,1,1,0, 71007
2,71023,2,2,1, 71025
1,71026,1,1,1, 71027
9,71037,2,2,1, 71039
1,71046,1,1,0, 71047
1,71066,1,1,0, 71067
1,71086,1,1,1, 71087
1,71106,1,1,1, 71107
1,71126,1,1,0, 71127
1,71146,1,1,0, 71147
