source,gentime, athop, hopcount,priority, reachedTime
2,3,2,2,1, 5
1,6,1,1,0, 7
4,6,4,4,1, 10
3,7,3,3,1, 10
8,16,1,1,1, 17
11,14,4,4,0, 18
9,17,2,2,0, 19
16,19,2,2,0, 21
14,19,3,3,0, 22
17,19,3,3,1, 22
13,19,4,4,0, 23
15,21,2,2,0, 23
12,20,5,5,1, 25
2,23,2,2,1, 25
1,26,1,1,0, 27
20,23,6,6,0, 29
4,26,4,4,1, 30
22,26,4,4,0, 30
3,27,3,3,0, 30
24,29,1,1,0, 30
19,26,5,5,1, 31
23,28,3,3,1, 31
25,35,2,2,1, 37
8,36,1,1,0, 37
11,34,4,4,0, 38
28,34,5,5,0, 39
9,37,2,2,1, 39
26,37,3,3,0, 40
16,39,2,2,1, 41
14,39,3,3,0, 42
17,39,3,3,0, 42
13,39,4,4,0, 43
15,41,2,2,1, 43
12,40,5,5,1, 45
2,43,2,2,1, 45
1,46,1,1,0, 47
20,43,6,6,1, 49
4,46,4,4,0, 50
22,46,4,4,1, 50
3,47,3,3,0, 50
24,49,1,1,0, 50
19,46,5,5,1, 51
23,48,3,3,0, 51
25,55,2,2,0, 57
8,56,1,1,0, 57
11,54,4,4,0, 58
28,54,5,5,0, 59
9,57,2,2,1, 59
26,57,3,3,1, 60
16,59,2,2,0, 61
14,59,3,3,0, 62
17,59,3,3,0, 62
13,59,4,4,1, 63
15,61,2,2,0, 63
12,60,5,5,0, 65
2,63,2,2,0, 65
18,63,4,4,1, 67
1,66,1,1,0, 67
20,63,6,6,0, 69
4,66,4,4,0, 70
22,66,4,4,1, 70
3,67,3,3,1, 70
24,69,1,1,1, 70
19,66,5,5,1, 71
23,68,3,3,0, 71
5,67,3,5,1, 72
6,70,2,4,1, 74
30,73,3,3,0, 76
25,75,2,2,0, 77
8,76,1,1,1, 77
11,74,4,4,0, 78
31,76,2,2,0, 78
28,74,5,5,0, 79
9,77,2,2,1, 79
26,77,3,3,0, 80
16,79,2,2,1, 81
29,78,4,4,1, 82
14,79,3,3,0, 82
17,79,3,3,0, 82
13,79,4,4,0, 83
15,81,2,2,1, 83
12,80,5,5,1, 85
2,83,2,2,1, 85
18,83,4,4,1, 87
1,86,1,1,1, 87
20,83,6,6,1, 89
4,86,4,4,1, 90
22,86,4,4,0, 90
3,87,3,3,0, 90
24,89,1,1,1, 90
19,86,5,5,0, 91
23,88,3,3,1, 91
6,90,2,4,0, 94
30,93,3,3,1, 96
25,95,2,2,1, 97
8,96,1,1,0, 97
31,96,2,2,0, 98
28,94,5,5,1, 99
9,97,2,2,1, 99
16,99,2,2,1, 101
29,98,4,4,1, 102
14,99,3,3,0, 102
13,99,4,4,1, 103
15,101,2,2,0, 103
2,103,2,2,1, 105
18,103,4,4,1, 107
1,106,1,1,1, 107
22,106,4,4,0, 110
3,107,3,3,1, 110
24,109,1,1,1, 110
19,106,5,5,1, 111
23,108,3,3,0, 111
6,110,2,4,0, 114
30,113,3,3,1, 116
8,116,1,1,1, 117
31,116,2,2,0, 118
28,114,5,5,1, 119
26,117,3,3,1, 120
16,119,2,2,1, 121
29,118,4,4,1, 122
14,119,3,3,0, 122
17,119,3,3,1, 122
13,119,4,4,1, 123
2,123,2,2,1, 125
18,123,4,4,1, 127
1,126,1,1,1, 127
20,123,6,6,1, 129
22,126,4,4,1, 130
24,129,1,1,1, 130
23,128,3,3,1, 131
30,133,3,3,0, 136
25,135,2,2,0, 137
8,136,1,1,1, 137
31,136,2,2,0, 138
26,137,3,3,0, 140
16,139,2,2,1, 141
29,138,4,4,1, 142
14,139,3,3,1, 142
13,139,4,4,1, 143
15,141,2,2,1, 143
12,140,5,5,1, 145
18,143,4,4,1, 147
20,143,6,6,1, 149
22,146,4,4,1, 150
24,149,1,1,0, 150
19,146,5,5,1, 151
6,150,2,4,1, 154
30,153,3,3,0, 156
25,155,2,2,1, 157
8,156,1,1,0, 157
31,156,2,2,0, 158
11,154,4,6,1, 160
26,157,3,3,0, 160
29,158,4,4,0, 162
13,159,4,4,1, 163
12,160,5,5,1, 165
18,163,4,4,1, 167
24,169,1,1,0, 170
19,166,5,5,1, 171
23,168,3,3,1, 171
4,166,4,6,1, 172
6,170,2,4,1, 174
30,173,3,3,0, 176
25,175,2,2,0, 177
8,176,1,1,1, 177
31,176,2,2,0, 178
11,174,4,6,1, 180
26,177,3,3,1, 180
16,179,2,2,1, 181
29,178,4,4,1, 182
14,179,3,3,1, 182
17,179,3,3,1, 182
18,183,4,4,1, 187
24,189,1,1,1, 190
19,186,5,5,1, 191
23,188,3,3,1, 191
5,187,3,5,1, 192
25,195,2,2,1, 197
9,197,2,4,1, 201
16,199,2,2,1, 201
17,199,3,3,1, 202
20,203,6,6,1, 209
22,206,4,4,1, 210
24,209,1,1,0, 210
4,206,4,6,1, 212
6,210,2,4,1, 214
30,213,3,3,1, 216
25,215,2,2,1, 217
28,214,5,5,1, 219
11,214,4,6,1, 220
16,219,2,2,1, 221
17,219,3,3,1, 222
12,220,5,7,1, 227
18,223,4,4,1, 227
22,226,4,4,1, 230
24,229,1,1,1, 230
23,228,3,3,1, 231
4,226,4,6,1, 232
6,230,2,4,1, 234
28,234,5,9,1, 243
1,246,1,1,0, 247
9,257,2,2,1, 259
1,266,1,1,1, 267
1,286,1,1,0, 287
1,306,1,1,0, 307
25,315,2,2,1, 317
9,317,2,2,1, 319
24,349,1,1,0, 350
25,355,2,2,1, 357
8,356,1,1,0, 357
31,356,2,2,1, 358
9,357,2,2,1, 359
26,357,3,3,1, 360
15,361,2,2,1, 363
8,376,1,1,0, 377
9,377,2,2,1, 379
8,396,1,1,1, 397
9,397,2,2,1, 399
16,399,2,2,1, 401
8,416,1,1,1, 417
1,466,1,1,0, 467
24,469,1,1,0, 470
23,468,3,3,1, 471
5,467,3,7,1, 474
30,473,3,3,1, 476
25,475,2,2,1, 477
6,470,2,8,1, 478
9,477,2,2,1, 479
26,477,3,3,1, 480
17,479,3,3,1, 482
1,486,1,1,1, 487
26,497,3,3,1, 500
17,499,3,3,1, 502
1,506,1,1,0, 507
25,515,2,2,1, 517
26,517,3,3,1, 520
17,519,3,3,1, 522
1,526,1,1,1, 527
8,536,1,1,0, 537
24,549,1,1,0, 550
8,556,1,1,0, 557
31,556,2,2,1, 558
24,569,1,1,0, 570
8,576,1,1,1, 577
24,589,1,1,1, 590
23,588,3,3,1, 591
22,586,4,6,1, 592
5,587,3,5,1, 592
30,593,3,3,1, 596
8,596,1,1,0, 597
31,596,2,2,1, 598
9,597,2,4,1, 601
11,594,4,8,1, 602
29,598,4,4,1, 602
1,606,1,1,1, 607
25,615,2,2,1, 617
8,616,1,1,1, 617
1,626,1,1,1, 627
8,636,1,1,0, 637
1,646,1,1,1, 647
25,655,2,2,1, 657
8,656,1,1,0, 657
1,666,1,1,1, 667
24,669,1,1,1, 670
25,675,2,2,1, 677
8,676,1,1,0, 677
1,686,1,1,0, 687
24,689,1,1,0, 690
25,695,2,2,1, 697
8,696,1,1,1, 697
1,706,1,1,0, 707
24,709,1,1,0, 710
3,707,3,5,1, 712
5,707,3,5,1, 712
8,716,1,1,1, 717
9,717,2,2,1, 719
8,796,1,1,1, 797
15,801,2,2,1, 803
8,816,1,1,0, 817
15,821,2,2,1, 823
1,826,1,1,1, 827
24,829,1,1,0, 830
8,836,1,1,1, 837
16,839,2,2,1, 841
1,846,1,1,0, 847
24,849,1,1,0, 850
31,856,2,2,1, 858
1,866,1,1,1, 867
24,869,1,1,0, 870
31,876,2,2,1, 878
1,886,1,1,1, 887
24,889,1,1,1, 890
31,896,2,2,1, 898
2,903,2,4,1, 907
1,906,1,1,0, 907
3,907,3,3,1, 910
24,909,1,1,1, 910
8,916,1,1,1, 917
1,926,1,1,1, 927
24,929,1,1,0, 930
8,936,1,1,0, 937
1,946,1,1,0, 947
24,949,1,1,1, 950
25,955,2,2,1, 957
8,956,1,1,0, 957
9,957,2,2,1, 959
1,966,1,1,1, 967
25,975,2,2,1, 977
8,976,1,1,1, 977
1,986,1,1,1, 987
25,995,2,2,1, 997
8,996,1,1,0, 997
1,1006,1,1,1, 1007
8,1016,1,1,0, 1017
15,1021,2,2,1, 1023
2,1023,2,2,1, 1025
1,1026,1,1,0, 1027
25,1035,2,2,1, 1037
8,1036,1,1,1, 1037
13,1039,4,4,1, 1043
15,1041,2,2,1, 1043
1,1046,1,1,0, 1047
4,1046,4,6,1, 1052
5,1047,3,5,1, 1052
25,1055,2,2,1, 1057
8,1056,1,1,1, 1057
15,1061,2,2,1, 1063
1,1066,1,1,0, 1067
5,1067,3,5,1, 1072
25,1075,2,2,1, 1077
8,1076,1,1,0, 1077
9,1077,2,2,1, 1079
17,1079,3,3,1, 1082
24,1089,1,1,1, 1090
24,1109,1,1,0, 1110
24,1129,1,1,1, 1130
1,1146,1,1,0, 1147
3,1147,3,3,1, 1150
24,1149,1,1,0, 1150
26,1157,3,3,1, 1160
24,1169,1,1,0, 1170
3,1167,3,5,1, 1172
25,1175,2,2,1, 1177
26,1177,3,3,1, 1180
9,1177,2,4,1, 1181
2,1183,2,4,1, 1187
18,1183,4,4,1, 1187
24,1189,1,1,0, 1190
3,1187,3,5,1, 1192
25,1195,2,2,1, 1197
8,1196,1,1,0, 1197
31,1196,2,2,1, 1198
22,1186,4,14,1, 1200
5,1187,3,13,1, 1200
19,1186,5,15,1, 1201
17,1199,3,3,1, 1202
8,1216,1,1,1, 1217
16,1219,2,2,1, 1221
8,1236,1,1,1, 1237
9,1237,2,2,1, 1239
16,1239,2,2,1, 1241
15,1241,2,2,1, 1243
8,1256,1,1,1, 1257
1,1266,1,1,1, 1267
2,1283,2,2,1, 1285
1,1286,1,1,1, 1287
2,1303,2,2,1, 1305
1,1306,1,1,0, 1307
1,1326,1,1,0, 1327
1,1346,1,1,1, 1347
1,1366,1,1,1, 1367
24,1369,1,1,0, 1370
23,1368,3,3,1, 1371
25,1375,2,2,1, 1377
8,1376,1,1,0, 1377
26,1377,3,3,1, 1380
16,1379,2,2,1, 1381
14,1379,3,3,1, 1382
1,1386,1,1,0, 1387
24,1389,1,1,0, 1390
8,1396,1,1,0, 1397
1,1406,1,1,1, 1407
24,1409,1,1,0, 1410
8,1416,1,1,1, 1417
1,1426,1,1,1, 1427
24,1429,1,1,0, 1430
8,1436,1,1,1, 1437
28,1434,5,5,1, 1439
6,1430,2,10,1, 1440
29,1438,4,4,1, 1442
15,1441,2,2,1, 1443
1,1446,1,1,0, 1447
24,1449,1,1,1, 1450
8,1456,1,1,0, 1457
31,1456,2,2,1, 1458
15,1461,2,2,1, 1463
1,1466,1,1,1, 1467
24,1469,1,1,1, 1470
8,1476,1,1,0, 1477
31,1476,2,2,1, 1478
15,1481,2,2,1, 1483
1,1486,1,1,0, 1487
24,1489,1,1,1, 1490
8,1496,1,1,0, 1497
31,1496,2,2,1, 1498
16,1499,2,2,1, 1501
8,1576,1,1,1, 1577
16,1579,2,2,1, 1581
8,1596,1,1,0, 1597
1,1606,1,1,1, 1607
24,1609,1,1,0, 1610
25,1615,2,2,1, 1617
8,1616,1,1,0, 1617
17,1619,3,3,1, 1622
15,1621,2,2,1, 1623
2,1623,2,2,1, 1625
18,1623,4,4,1, 1627
1,1626,1,1,0, 1627
24,1629,1,1,1, 1630
5,1627,3,5,1, 1632
6,1630,2,4,1, 1634
8,1636,1,1,1, 1637
18,1643,4,4,1, 1647
1,1646,1,1,1, 1647
24,1649,1,1,0, 1650
8,1656,1,1,0, 1657
2,1663,2,2,1, 1665
18,1663,4,4,1, 1667
1,1666,1,1,1, 1667
24,1669,1,1,0, 1670
8,1676,1,1,0, 1677
9,1677,2,2,1, 1679
1,1686,1,1,0, 1687
24,1689,1,1,0, 1690
8,1696,1,1,0, 1697
2,1703,2,2,1, 1705
1,1706,1,1,1, 1707
3,1707,3,3,1, 1710
24,1709,1,1,1, 1710
8,1716,1,1,0, 1717
1,1726,1,1,0, 1727
24,1729,1,1,1, 1730
30,1733,3,3,1, 1736
8,1736,1,1,1, 1737
11,1734,4,4,1, 1738
31,1736,2,2,1, 1738
15,1741,2,2,1, 1743
2,1743,2,2,1, 1745
1,1746,1,1,0, 1747
1,1766,1,1,1, 1767
25,1775,2,2,1, 1777
1,1786,1,1,0, 1787
25,1795,2,2,1, 1797
24,1849,1,1,1, 1850
24,1869,1,1,0, 1870
24,1889,1,1,0, 1890
16,1899,2,2,1, 1901
1,1906,1,1,0, 1907
24,1909,1,1,0, 1910
25,1915,2,2,1, 1917
8,1916,1,1,1, 1917
1,1926,1,1,1, 1927
24,1929,1,1,1, 1930
25,1935,2,2,1, 1937
8,1936,1,1,0, 1937
17,1939,3,3,1, 1942
1,1946,1,1,0, 1947
24,1949,1,1,0, 1950
8,1956,1,1,0, 1957
17,1959,3,3,1, 1962
1,1966,1,1,0, 1967
24,1969,1,1,0, 1970
25,1975,2,2,1, 1977
8,1976,1,1,1, 1977
1,1986,1,1,0, 1987
24,1989,1,1,0, 1990
8,1996,1,1,0, 1997
1,2006,1,1,1, 2007
24,2009,1,1,0, 2010
8,2016,1,1,0, 2017
2,2023,2,2,1, 2025
1,2026,1,1,0, 2027
24,2029,1,1,0, 2030
19,2026,5,5,1, 2031
8,2036,1,1,0, 2037
31,2036,2,2,1, 2038
9,2037,2,2,1, 2039
14,2039,3,5,1, 2044
1,2046,1,1,1, 2047
24,2049,1,1,0, 2050
8,2056,1,1,0, 2057
1,2066,1,1,1, 2067
24,2069,1,1,1, 2070
8,2076,1,1,0, 2077
1,2086,1,1,0, 2087
24,2089,1,1,0, 2090
25,2095,2,2,1, 2097
8,2096,1,1,1, 2097
31,2096,2,2,1, 2098
16,2099,2,2,1, 2101
1,2106,1,1,0, 2107
8,2116,1,1,1, 2117
1,2126,1,1,0, 2127
8,2136,1,1,0, 2137
2,2143,2,2,1, 2145
1,2146,1,1,1, 2147
3,2147,3,3,1, 2150
5,2147,3,5,1, 2152
25,2155,2,2,1, 2157
8,2156,1,1,0, 2157
11,2154,4,4,1, 2158
28,2154,5,5,1, 2159
30,2153,3,7,1, 2160
26,2157,3,3,1, 2160
31,2156,2,6,1, 2162
14,2159,3,3,1, 2162
15,2161,2,2,1, 2163
8,2176,1,1,1, 2177
15,2181,2,2,1, 2183
23,2188,3,3,1, 2191
8,2196,1,1,1, 2197
15,2201,2,2,1, 2203
24,2209,1,1,0, 2210
23,2208,3,3,1, 2211
25,2215,2,2,1, 2217
8,2216,1,1,0, 2217
26,2217,3,3,1, 2220
17,2219,3,3,1, 2222
24,2229,1,1,0, 2230
9,2237,2,4,1, 2241
24,2249,1,1,0, 2250
9,2257,2,4,1, 2261
17,2259,3,3,1, 2262
24,2269,1,1,1, 2270
17,2279,3,3,1, 2282
1,2326,1,1,0, 2327
8,2336,1,1,1, 2337
9,2337,2,2,1, 2339
8,2356,1,1,1, 2357
15,2361,2,2,1, 2363
8,2376,1,1,1, 2377
16,2379,2,2,1, 2381
15,2381,2,2,1, 2383
8,2396,1,1,1, 2397
30,2393,3,5,1, 2398
16,2399,2,2,1, 2401
15,2401,2,2,1, 2403
8,2416,1,1,0, 2417
16,2419,2,2,1, 2421
15,2421,2,2,1, 2423
8,2436,1,1,0, 2437
1,2446,1,1,0, 2447
3,2447,3,3,1, 2450
24,2449,1,1,1, 2450
23,2448,3,3,1, 2451
8,2456,1,1,1, 2457
31,2456,2,4,1, 2460
26,2457,3,3,1, 2460
16,2459,2,2,1, 2461
17,2459,3,3,1, 2462
2,2463,2,2,1, 2465
1,2466,1,1,1, 2467
3,2467,3,3,1, 2470
24,2469,1,1,0, 2470
24,2489,1,1,1, 2490
24,2509,1,1,1, 2510
24,2529,1,1,1, 2530
24,2549,1,1,1, 2550
24,2569,1,1,0, 2570
23,2568,3,3,1, 2571
8,2576,1,1,0, 2577
31,2576,2,2,1, 2578
9,2577,2,2,1, 2579
15,2581,2,2,1, 2583
1,2586,1,1,1, 2587
25,2595,2,2,1, 2597
8,2596,1,1,1, 2597
1,2606,1,1,0, 2607
8,2616,1,1,1, 2617
16,2619,2,2,1, 2621
15,2621,2,2,1, 2623
1,2626,1,1,1, 2627
8,2636,1,1,1, 2637
16,2639,2,2,1, 2641
13,2639,4,4,1, 2643
1,2646,1,1,1, 2647
25,2655,2,2,1, 2657
8,2656,1,1,0, 2657
16,2659,2,2,1, 2661
1,2666,1,1,1, 2667
25,2675,2,2,1, 2677
8,2676,1,1,1, 2677
2,2683,2,2,1, 2685
1,2686,1,1,0, 2687
24,2689,1,1,1, 2690
25,2695,2,2,1, 2697
8,2696,1,1,1, 2697
16,2699,2,2,1, 2701
24,2709,1,1,1, 2710
16,2719,2,2,1, 2721
24,2729,1,1,1, 2730
16,2739,2,2,1, 2741
24,2749,1,1,0, 2750
24,2769,1,1,1, 2770
16,2779,2,2,1, 2781
24,2789,1,1,0, 2790
16,2799,2,2,1, 2801
1,2806,1,1,1, 2807
24,2809,1,1,0, 2810
8,2816,1,1,1, 2817
16,2819,2,2,1, 2821
17,2819,3,3,1, 2822
1,2826,1,1,1, 2827
24,2829,1,1,0, 2830
25,2835,2,2,1, 2837
8,2836,1,1,1, 2837
1,2846,1,1,0, 2847
24,2849,1,1,0, 2850
25,2855,2,2,1, 2857
8,2856,1,1,0, 2857
1,2866,1,1,0, 2867
24,2869,1,1,1, 2870
8,2876,1,1,1, 2877
17,2879,3,3,1, 2882
15,2881,2,2,1, 2883
18,2883,4,4,1, 2887
1,2886,1,1,0, 2887
8,2896,1,1,0, 2897
1,2906,1,1,1, 2907
8,2916,1,1,0, 2917
17,2919,3,3,1, 2922
15,2921,2,2,1, 2923
1,2926,1,1,0, 2927
25,2935,2,2,1, 2937
8,2936,1,1,0, 2937
26,2937,3,3,1, 2940
15,2941,2,2,1, 2943
24,2949,1,1,0, 2950
8,2956,1,1,0, 2957
9,2957,2,2,1, 2959
24,2969,1,1,0, 2970
8,2976,1,1,0, 2977
9,2977,2,2,1, 2979
24,2989,1,1,1, 2990
8,2996,1,1,0, 2997
9,2997,2,2,1, 2999
16,2999,2,2,1, 3001
1,3046,1,1,0, 3047
1,3066,1,1,0, 3067
25,3075,2,2,1, 3077
1,3086,1,1,1, 3087
25,3095,2,2,1, 3097
1,3106,1,1,0, 3107
24,3109,1,1,0, 3110
25,3115,2,2,1, 3117
8,3116,1,1,1, 3117
31,3116,2,2,1, 3118
9,3117,2,2,1, 3119
1,3126,1,1,0, 3127
24,3129,1,1,0, 3130
8,3136,1,1,1, 3137
2,3143,2,2,1, 3145
1,3146,1,1,0, 3147
24,3149,1,1,0, 3150
8,3156,1,1,0, 3157
15,3161,2,2,1, 3163
2,3163,2,2,1, 3165
1,3166,1,1,0, 3167
24,3169,1,1,0, 3170
8,3176,1,1,0, 3177
26,3177,3,3,1, 3180
24,3189,1,1,0, 3190
8,3196,1,1,1, 3197
31,3196,2,2,1, 3198
24,3209,1,1,0, 3210
8,3216,1,1,1, 3217
24,3229,1,1,1, 3230
8,3236,1,1,0, 3237
31,3236,2,2,1, 3238
11,3234,4,8,1, 3242
15,3241,2,2,1, 3243
1,3246,1,1,1, 3247
24,3249,1,1,1, 3250
1,3266,1,1,0, 3267
24,3269,1,1,0, 3270
1,3286,1,1,1, 3287
24,3289,1,1,0, 3290
25,3295,2,2,1, 3297
16,3299,2,2,1, 3301
24,3309,1,1,0, 3310
8,3316,1,1,1, 3317
24,3329,1,1,0, 3330
25,3335,2,2,1, 3337
8,3336,1,1,0, 3337
9,3337,2,2,1, 3339
15,3341,2,2,1, 3343
24,3349,1,1,1, 3350
25,3355,2,2,1, 3357
8,3356,1,1,1, 3357
9,3357,2,2,1, 3359
1,3406,1,1,1, 3407
2,3423,2,2,1, 3425
1,3426,1,1,1, 3427
1,3446,1,1,0, 3447
1,3466,1,1,0, 3467
24,3469,1,1,0, 3470
8,3476,1,1,1, 3477
15,3481,2,2,1, 3483
1,3486,1,1,0, 3487
24,3489,1,1,0, 3490
8,3496,1,1,0, 3497
9,3497,2,2,1, 3499
1,3506,1,1,1, 3507
22,3506,4,4,1, 3510
24,3509,1,1,1, 3510
8,3516,1,1,0, 3517
15,3521,2,2,1, 3523
1,3526,1,1,0, 3527
22,3526,4,4,1, 3530
24,3529,1,1,0, 3530
6,3530,2,4,1, 3534
4,3526,4,10,1, 3536
30,3533,3,3,1, 3536
8,3536,1,1,0, 3537
1,3546,1,1,1, 3547
24,3549,1,1,1, 3550
25,3555,2,2,1, 3557
8,3556,1,1,0, 3557
17,3559,3,3,1, 3562
1,3566,1,1,1, 3567
24,3569,1,1,0, 3570
25,3575,2,2,1, 3577
8,3576,1,1,1, 3577
17,3579,3,3,1, 3582
2,3583,2,2,1, 3585
1,3586,1,1,1, 3587
22,3586,4,4,1, 3590
24,3589,1,1,0, 3590
8,3596,1,1,1, 3597
17,3599,3,3,1, 3602
22,3606,4,4,1, 3610
24,3609,1,1,0, 3610
23,3608,3,3,1, 3611
8,3616,1,1,0, 3617
22,3626,4,4,1, 3630
24,3629,1,1,0, 3630
8,3636,1,1,1, 3637
16,3639,2,2,1, 3641
24,3649,1,1,0, 3650
23,3648,3,3,1, 3651
8,3656,1,1,1, 3657
1,3666,1,1,0, 3667
24,3669,1,1,1, 3670
1,3686,1,1,1, 3687
24,3689,1,1,0, 3690
31,3696,2,2,1, 3698
9,3697,2,2,1, 3699
1,3706,1,1,1, 3707
24,3709,1,1,0, 3710
9,3717,2,2,1, 3719
1,3726,1,1,0, 3727
24,3729,1,1,0, 3730
1,3746,1,1,0, 3747
24,3749,1,1,0, 3750
1,3766,1,1,0, 3767
24,3769,1,1,1, 3770
23,3768,3,3,1, 3771
8,3776,1,1,0, 3777
26,3777,3,3,1, 3780
16,3779,2,2,1, 3781
24,3789,1,1,0, 3790
8,3796,1,1,1, 3797
9,3797,2,2,1, 3799
24,3809,1,1,1, 3810
8,3816,1,1,1, 3817
24,3829,1,1,0, 3830
8,3836,1,1,1, 3837
24,3849,1,1,0, 3850
8,3856,1,1,0, 3857
9,3857,2,2,1, 3859
24,3869,1,1,1, 3870
8,3876,1,1,1, 3877
9,3877,2,2,1, 3879
1,3886,1,1,0, 3887
24,3889,1,1,0, 3890
6,3890,2,6,1, 3896
25,3895,2,2,1, 3897
8,3896,1,1,1, 3897
9,3897,2,2,1, 3899
1,4006,1,1,1, 4007
24,4009,1,1,1, 4010
8,4016,1,1,0, 4017
9,4017,2,2,1, 4019
17,4019,3,3,1, 4022
1,4026,1,1,1, 4027
24,4029,1,1,1, 4030
8,4036,1,1,0, 4037
31,4036,2,2,1, 4038
9,4037,2,2,1, 4039
16,4039,2,2,1, 4041
1,4046,1,1,0, 4047
24,4049,1,1,0, 4050
30,4053,3,3,1, 4056
25,4055,2,2,1, 4057
8,4056,1,1,0, 4057
1,4066,1,1,0, 4067
24,4069,1,1,1, 4070
23,4068,3,3,1, 4071
8,4076,1,1,1, 4077
31,4076,2,2,1, 4078
16,4079,2,2,1, 4081
24,4089,1,1,0, 4090
24,4109,1,1,1, 4110
24,4129,1,1,1, 4130
24,4149,1,1,1, 4150
24,4169,1,1,1, 4170
1,4186,1,1,1, 4187
24,4189,1,1,1, 4190
8,4196,1,1,0, 4197
26,4197,3,3,1, 4200
16,4199,2,2,1, 4201
17,4199,3,3,1, 4202
14,4199,3,5,1, 4204
2,4203,2,2,1, 4205
1,4206,1,1,0, 4207
8,4216,1,1,0, 4217
16,4219,2,2,1, 4221
1,4226,1,1,0, 4227
8,4236,1,1,1, 4237
16,4239,2,2,1, 4241
2,4243,2,2,1, 4245
1,4246,1,1,1, 4247
8,4256,1,1,0, 4257
1,4266,1,1,0, 4267
24,4269,1,1,0, 4270
8,4276,1,1,1, 4277
9,4277,2,2,1, 4279
1,4286,1,1,0, 4287
24,4289,1,1,0, 4290
8,4296,1,1,1, 4297
31,4296,2,2,1, 4298
1,4306,1,1,0, 4307
24,4309,1,1,1, 4310
8,4316,1,1,0, 4317
15,4321,2,2,1, 4323
1,4326,1,1,1, 4327
24,4329,1,1,1, 4330
8,4336,1,1,0, 4337
9,4337,2,2,1, 4339
15,4341,2,2,1, 4343
1,4346,1,1,1, 4347
24,4349,1,1,0, 4350
8,4356,1,1,1, 4357
1,4366,1,1,1, 4367
24,4369,1,1,1, 4370
25,4375,2,2,1, 4377
8,4376,1,1,1, 4377
16,4379,2,2,1, 4381
1,4486,1,1,1, 4487
24,4489,1,1,1, 4490
8,4496,1,1,0, 4497
31,4496,2,2,1, 4498
9,4497,2,2,1, 4499
1,4506,1,1,1, 4507
24,4509,1,1,0, 4510
25,4515,2,2,1, 4517
8,4516,1,1,1, 4517
26,4517,3,3,1, 4520
1,4526,1,1,1, 4527
24,4529,1,1,0, 4530
8,4536,1,1,1, 4537
17,4539,3,3,1, 4542
1,4546,1,1,1, 4547
24,4549,1,1,0, 4550
25,4555,2,2,1, 4557
8,4556,1,1,0, 4557
15,4561,2,2,1, 4563
1,4566,1,1,0, 4567
24,4569,1,1,1, 4570
8,4576,1,1,1, 4577
1,4586,1,1,0, 4587
24,4589,1,1,0, 4590
8,4596,1,1,0, 4597
1,4606,1,1,1, 4607
24,4609,1,1,0, 4610
23,4608,3,3,1, 4611
8,4616,1,1,1, 4617
31,4616,2,2,1, 4618
17,4619,3,3,1, 4622
24,4629,1,1,1, 4630
30,4633,3,3,1, 4636
24,4649,1,1,1, 4650
30,4653,3,3,1, 4656
31,4656,2,2,1, 4658
24,4669,1,1,0, 4670
25,4675,2,2,1, 4677
31,4676,2,2,1, 4678
15,4681,2,2,1, 4683
24,4689,1,1,0, 4690
30,4693,3,3,1, 4696
8,4696,1,1,0, 4697
15,4701,2,2,1, 4703
24,4709,1,1,0, 4710
30,4713,3,3,1, 4716
25,4715,2,2,1, 4717
8,4716,1,1,1, 4717
31,4716,2,2,1, 4718
24,4729,1,1,0, 4730
30,4733,3,3,1, 4736
25,4735,2,2,1, 4737
8,4736,1,1,1, 4737
1,4786,1,1,0, 4787
25,4795,2,2,1, 4797
9,4797,2,2,1, 4799
26,4797,3,3,1, 4800
17,4799,3,3,1, 4802
8,4816,1,1,1, 4817
16,4819,2,2,1, 4821
23,4828,3,3,1, 4831
8,4836,1,1,1, 4837
16,4839,2,2,1, 4841
22,4846,4,4,1, 4850
24,4849,1,1,0, 4850
8,4856,1,1,0, 4857
30,4853,3,5,1, 4858
1,4866,1,1,0, 4867
24,4869,1,1,0, 4870
1,4886,1,1,0, 4887
24,4889,1,1,1, 4890
1,4906,1,1,0, 4907
24,4909,1,1,1, 4910
9,4917,2,2,1, 4919
1,4926,1,1,1, 4927
24,4929,1,1,0, 4930
9,4937,2,2,1, 4939
1,4946,1,1,0, 4947
24,4949,1,1,1, 4950
1,4966,1,1,0, 4967
24,4969,1,1,1, 4970
9,4977,2,2,1, 4979
26,4977,3,3,1, 4980
17,4979,3,3,1, 4982
24,4989,1,1,1, 4990
24,5009,1,1,0, 5010
24,5029,1,1,1, 5030
8,5036,1,1,0, 5037
24,5049,1,1,0, 5050
8,5056,1,1,1, 5057
15,5061,2,2,1, 5063
24,5069,1,1,0, 5070
8,5076,1,1,1, 5077
15,5081,2,2,1, 5083
24,5089,1,1,0, 5090
8,5096,1,1,0, 5097
15,5101,2,2,1, 5103
24,5109,1,1,0, 5110
8,5116,1,1,1, 5117
24,5129,1,1,1, 5130
8,5136,1,1,0, 5137
15,5141,2,2,1, 5143
1,5146,1,1,0, 5147
24,5149,1,1,0, 5150
25,5155,2,2,1, 5157
8,5156,1,1,0, 5157
31,5156,2,2,1, 5158
9,5157,2,2,1, 5159
16,5159,2,2,1, 5161
17,5159,3,3,1, 5162
24,5169,1,1,0, 5170
24,5189,1,1,1, 5190
24,5209,1,1,1, 5210
1,5226,1,1,1, 5227
24,5229,1,1,0, 5230
1,5246,1,1,0, 5247
24,5249,1,1,0, 5250
1,5266,1,1,1, 5267
24,5269,1,1,1, 5270
23,5268,3,3,1, 5271
30,5273,3,3,1, 5276
8,5276,1,1,0, 5277
31,5276,2,2,1, 5278
16,5279,2,2,1, 5281
1,5286,1,1,1, 5287
24,5289,1,1,1, 5290
8,5296,1,1,1, 5297
9,5297,2,2,1, 5299
17,5299,3,3,1, 5302
1,5306,1,1,0, 5307
24,5309,1,1,0, 5310
8,5316,1,1,0, 5317
31,5316,2,2,1, 5318
9,5317,2,2,1, 5319
17,5319,3,3,1, 5322
1,5326,1,1,1, 5327
24,5329,1,1,0, 5330
8,5336,1,1,1, 5337
9,5337,2,2,1, 5339
26,5337,3,3,1, 5340
17,5339,3,3,1, 5342
8,5356,1,1,0, 5357
8,5376,1,1,1, 5377
9,5377,2,2,1, 5379
8,5396,1,1,1, 5397
9,5397,2,2,1, 5399
24,5409,1,1,1, 5410
24,5429,1,1,0, 5430
1,5446,1,1,0, 5447
24,5449,1,1,1, 5450
1,5466,1,1,1, 5467
8,5476,1,1,0, 5477
9,5477,2,2,1, 5479
1,5486,1,1,0, 5487
8,5496,1,1,0, 5497
1,5506,1,1,0, 5507
8,5516,1,1,0, 5517
9,5517,2,2,1, 5519
1,5526,1,1,1, 5527
8,5536,1,1,1, 5537
1,5546,1,1,1, 5547
8,5556,1,1,1, 5557
2,5563,2,2,1, 5565
1,5566,1,1,0, 5567
24,5569,1,1,1, 5570
8,5576,1,1,1, 5577
31,5576,2,2,1, 5578
16,5579,2,2,1, 5581
15,5581,2,2,1, 5583
1,5586,1,1,0, 5587
24,5589,1,1,0, 5590
8,5596,1,1,1, 5597
2,5603,2,2,1, 5605
1,5606,1,1,0, 5607
24,5609,1,1,1, 5610
8,5616,1,1,0, 5617
2,5623,2,2,1, 5625
1,5626,1,1,1, 5627
24,5629,1,1,0, 5630
8,5636,1,1,0, 5637
9,5637,2,2,1, 5639
15,5641,2,2,1, 5643
1,5646,1,1,0, 5647
24,5649,1,1,0, 5650
9,5657,2,2,1, 5659
1,5666,1,1,0, 5667
24,5669,1,1,1, 5670
9,5677,2,2,1, 5679
1,5686,1,1,1, 5687
24,5689,1,1,0, 5690
31,5696,2,2,1, 5698
9,5697,2,2,1, 5699
24,5709,1,1,0, 5710
8,5716,1,1,0, 5717
9,5717,2,2,1, 5719
26,5717,3,3,1, 5720
24,5729,1,1,1, 5730
25,5735,2,2,1, 5737
8,5736,1,1,0, 5737
9,5737,2,2,1, 5739
26,5737,3,3,1, 5740
16,5739,2,2,1, 5741
24,5749,1,1,0, 5750
25,5755,2,2,1, 5757
8,5756,1,1,1, 5757
26,5757,3,3,1, 5760
15,5761,2,2,1, 5763
1,5806,1,1,0, 5807
9,5817,2,2,1, 5819
26,5817,3,3,1, 5820
17,5819,3,3,1, 5822
16,5819,2,4,1, 5823
1,5826,1,1,0, 5827
1,5846,1,1,1, 5847
1,5866,1,1,1, 5867
24,5869,1,1,1, 5870
8,5876,1,1,1, 5877
16,5879,2,2,1, 5881
2,5883,2,2,1, 5885
1,5886,1,1,1, 5887
24,5889,1,1,1, 5890
25,5895,2,2,1, 5897
8,5896,1,1,1, 5897
2,5903,2,2,1, 5905
1,5906,1,1,0, 5907
24,5909,1,1,0, 5910
8,5916,1,1,0, 5917
1,5926,1,1,0, 5927
24,5929,1,1,1, 5930
25,5935,2,2,1, 5937
8,5936,1,1,0, 5937
22,5946,4,4,1, 5950
24,5949,1,1,1, 5950
8,5956,1,1,1, 5957
16,5959,2,2,1, 5961
17,5959,3,3,1, 5962
15,5961,2,2,1, 5963
22,5966,4,4,1, 5970
24,5969,1,1,1, 5970
8,5976,1,1,1, 5977
16,5979,2,2,1, 5981
24,5989,1,1,0, 5990
8,5996,1,1,1, 5997
24,6009,1,1,0, 6010
8,6016,1,1,1, 6017
24,6029,1,1,0, 6030
8,6036,1,1,0, 6037
24,6049,1,1,0, 6050
8,6056,1,1,1, 6057
24,6069,1,1,1, 6070
8,6076,1,1,0, 6077
15,6081,2,2,1, 6083
24,6089,1,1,1, 6090
23,6088,3,3,1, 6091
8,6096,1,1,0, 6097
16,6099,2,2,1, 6101
15,6101,2,2,1, 6103
18,6103,4,4,1, 6107
1,6106,1,1,0, 6107
24,6109,1,1,0, 6110
23,6108,3,3,1, 6111
25,6115,2,2,1, 6117
8,6116,1,1,1, 6117
31,6116,2,2,1, 6118
9,6117,2,2,1, 6119
15,6121,2,2,1, 6123
24,6129,1,1,0, 6130
25,6135,2,2,1, 6137
8,6136,1,1,0, 6137
31,6136,2,2,1, 6138
24,6149,1,1,0, 6150
25,6155,2,2,1, 6157
8,6156,1,1,1, 6157
24,6169,1,1,1, 6170
8,6176,1,1,1, 6177
15,6181,2,2,1, 6183
24,6189,1,1,1, 6190
25,6195,2,2,1, 6197
8,6196,1,1,1, 6197
24,6209,1,1,1, 6210
25,6215,2,2,1, 6217
8,6216,1,1,0, 6217
26,6217,3,3,1, 6220
1,6226,1,1,1, 6227
24,6229,1,1,0, 6230
23,6228,3,3,1, 6231
8,6236,1,1,1, 6237
26,6237,3,3,1, 6240
17,6239,3,3,1, 6242
2,6243,2,2,1, 6245
1,6246,1,1,1, 6247
24,6249,1,1,1, 6250
9,6257,2,2,1, 6259
1,6266,1,1,1, 6267
24,6269,1,1,1, 6270
9,6277,2,2,1, 6279
1,6286,1,1,1, 6287
24,6289,1,1,1, 6290
1,6306,1,1,0, 6307
24,6309,1,1,1, 6310
9,6317,2,2,1, 6319
16,6319,2,2,1, 6321
1,6326,1,1,1, 6327
24,6329,1,1,0, 6330
1,6346,1,1,0, 6347
24,6349,1,1,0, 6350
25,6355,2,2,1, 6357
16,6359,2,2,1, 6361
24,6369,1,1,0, 6370
16,6379,2,2,1, 6381
24,6389,1,1,1, 6390
25,6395,2,2,1, 6397
26,6397,3,3,1, 6400
24,6409,1,1,0, 6410
25,6415,2,2,1, 6417
8,6416,1,1,1, 6417
26,6417,3,3,1, 6420
16,6419,2,2,1, 6421
8,6436,1,1,0, 6437
15,6441,2,2,1, 6443
8,6456,1,1,1, 6457
1,6466,1,1,1, 6467
8,6476,1,1,0, 6477
9,6477,2,2,1, 6479
26,6477,3,3,1, 6480
1,6486,1,1,1, 6487
8,6496,1,1,1, 6497
9,6497,2,2,1, 6499
1,6506,1,1,1, 6507
8,6516,1,1,1, 6517
9,6517,2,2,1, 6519
1,6526,1,1,0, 6527
24,6529,1,1,1, 6530
8,6536,1,1,1, 6537
9,6537,2,2,1, 6539
1,6546,1,1,0, 6547
24,6549,1,1,1, 6550
8,6556,1,1,0, 6557
9,6557,2,2,1, 6559
2,6563,2,2,1, 6565
1,6566,1,1,0, 6567
24,6569,1,1,1, 6570
8,6576,1,1,1, 6577
16,6579,2,2,1, 6581
1,6586,1,1,1, 6587
24,6589,1,1,0, 6590
25,6595,2,2,1, 6597
8,6596,1,1,1, 6597
24,6609,1,1,1, 6610
8,6616,1,1,1, 6617
15,6621,2,2,1, 6623
24,6629,1,1,0, 6630
8,6636,1,1,1, 6637
24,6649,1,1,1, 6650
8,6656,1,1,0, 6657
31,6656,2,2,1, 6658
24,6669,1,1,1, 6670
8,6676,1,1,1, 6677
31,6676,2,2,1, 6678
24,6689,1,1,0, 6690
8,6696,1,1,1, 6697
31,6696,2,2,1, 6698
1,6706,1,1,1, 6707
24,6709,1,1,1, 6710
25,6715,2,2,1, 6717
8,6716,1,1,1, 6717
31,6716,2,2,1, 6718
26,6717,3,3,1, 6720
17,6719,3,3,1, 6722
1,6726,1,1,0, 6727
24,6729,1,1,0, 6730
8,6736,1,1,1, 6737
9,6737,2,2,1, 6739
1,6746,1,1,1, 6747
24,6749,1,1,0, 6750
8,6756,1,1,1, 6757
9,6757,2,2,1, 6759
2,6763,2,2,1, 6765
1,6766,1,1,1, 6767
24,6769,1,1,1, 6770
8,6776,1,1,0, 6777
9,6777,2,2,1, 6779
1,6846,1,1,0, 6847
2,6863,2,2,1, 6865
1,6866,1,1,0, 6867
1,6886,1,1,0, 6887
24,6889,1,1,0, 6890
23,6888,3,5,1, 6893
25,6895,2,2,1, 6897
8,6896,1,1,0, 6897
31,6896,2,6,1, 6902
17,6899,3,3,1, 6902
24,6909,1,1,0, 6910
8,6916,1,1,1, 6917
31,6916,2,2,1, 6918
24,6929,1,1,1, 6930
8,6936,1,1,0, 6937
24,6949,1,1,1, 6950
8,6956,1,1,0, 6957
24,6969,1,1,1, 6970
8,6976,1,1,1, 6977
31,6976,2,2,1, 6978
9,6977,2,2,1, 6979
24,6989,1,1,0, 6990
8,6996,1,1,0, 6997
9,6997,2,2,1, 6999
24,7009,1,1,0, 7010
8,7016,1,1,0, 7017
31,7016,2,2,1, 7018
16,7019,2,2,1, 7021
24,7029,1,1,0, 7030
8,7036,1,1,1, 7037
24,7049,1,1,0, 7050
8,7056,1,1,1, 7057
1,7066,1,1,1, 7067
24,7069,1,1,1, 7070
25,7075,2,2,1, 7077
8,7076,1,1,1, 7077
1,7086,1,1,0, 7087
24,7089,1,1,1, 7090
23,7088,3,3,1, 7091
8,7096,1,1,1, 7097
1,7106,1,1,0, 7107
24,7109,1,1,1, 7110
8,7116,1,1,1, 7117
1,7126,1,1,1, 7127
24,7129,1,1,0, 7130
23,7128,3,3,1, 7131
8,7136,1,1,0, 7137
31,7136,2,2,1, 7138
1,7146,1,1,0, 7147
24,7149,1,1,0, 7150
25,7155,2,2,1, 7157
8,7156,1,1,0, 7157
9,7157,2,2,1, 7159
15,7161,2,2,1, 7163
1,7166,1,1,0, 7167
24,7169,1,1,1, 7170
8,7176,1,1,1, 7177
15,7181,2,2,1, 7183
1,7186,1,1,1, 7187
24,7189,1,1,1, 7190
25,7195,2,2,1, 7197
8,7196,1,1,1, 7197
1,7306,1,1,0, 7307
24,7309,1,1,1, 7310
25,7315,2,2,1, 7317
8,7316,1,1,0, 7317
26,7317,3,3,1, 7320
16,7319,2,2,1, 7321
24,7329,1,1,0, 7330
25,7335,2,2,1, 7337
8,7336,1,1,1, 7337
9,7337,2,2,1, 7339
15,7341,2,2,1, 7343
24,7349,1,1,0, 7350
8,7356,1,1,0, 7357
9,7357,2,2,1, 7359
24,7369,1,1,0, 7370
8,7376,1,1,1, 7377
9,7377,2,2,1, 7379
26,7377,3,3,1, 7380
24,7389,1,1,1, 7390
25,7395,2,2,1, 7397
26,7397,3,3,1, 7400
24,7409,1,1,1, 7410
26,7417,3,3,1, 7420
1,7426,1,1,1, 7427
24,7429,1,1,1, 7430
9,7437,2,2,1, 7439
16,7439,2,2,1, 7441
1,7446,1,1,1, 7447
8,7456,1,1,0, 7457
31,7456,2,4,1, 7460
1,7466,1,1,0, 7467
22,7466,4,4,1, 7470
23,7468,3,3,1, 7471
8,7476,1,1,0, 7477
1,7486,1,1,0, 7487
8,7496,1,1,0, 7497
16,7499,2,2,1, 7501
15,7501,2,2,1, 7503
1,7506,1,1,0, 7507
8,7516,1,1,1, 7517
9,7517,2,2,1, 7519
1,7526,1,1,0, 7527
8,7536,1,1,0, 7537
9,7537,2,2,1, 7539
1,7546,1,1,0, 7547
8,7556,1,1,0, 7557
24,7569,1,1,0, 7570
23,7568,3,3,1, 7571
26,7577,3,3,1, 7580
16,7579,2,2,1, 7581
15,7581,2,4,1, 7585
24,7589,1,1,1, 7590
26,7597,3,3,1, 7600
24,7609,1,1,0, 7610
25,7615,2,2,1, 7617
26,7617,3,3,1, 7620
15,7621,2,2,1, 7623
24,7629,1,1,0, 7630
8,7636,1,1,0, 7637
9,7637,2,2,1, 7639
26,7637,3,3,1, 7640
15,7641,2,2,1, 7643
24,7649,1,1,0, 7650
25,7655,2,2,1, 7657
8,7656,1,1,1, 7657
9,7657,2,2,1, 7659
15,7661,2,2,1, 7663
1,7666,1,1,0, 7667
24,7669,1,1,0, 7670
25,7675,2,2,1, 7677
8,7676,1,1,1, 7677
26,7677,3,3,1, 7680
2,7683,2,2,1, 7685
1,7686,1,1,1, 7687
22,7686,4,4,1, 7690
8,7696,1,1,1, 7697
9,7697,2,2,1, 7699
2,7703,2,2,1, 7705
1,7706,1,1,1, 7707
8,7716,1,1,0, 7717
16,7719,2,2,1, 7721
2,7723,2,2,1, 7725
1,7726,1,1,1, 7727
8,7736,1,1,0, 7737
9,7737,2,2,1, 7739
16,7739,2,2,1, 7741
24,7749,1,1,0, 7750
31,7756,2,2,1, 7758
16,7759,2,2,1, 7761
1,7846,1,1,0, 7847
8,7856,1,1,0, 7857
16,7859,2,2,1, 7861
15,7861,2,2,1, 7863
24,7869,1,1,0, 7870
8,7876,1,1,1, 7877
24,7889,1,1,0, 7890
8,7896,1,1,1, 7897
24,7909,1,1,1, 7910
8,7916,1,1,0, 7917
31,7916,2,2,1, 7918
24,7929,1,1,1, 7930
8,7936,1,1,0, 7937
24,7949,1,1,1, 7950
8,7956,1,1,1, 7957
1,7966,1,1,1, 7967
24,7969,1,1,1, 7970
25,7975,2,2,1, 7977
8,7976,1,1,0, 7977
31,7976,2,2,1, 7978
9,7977,2,2,1, 7979
16,7979,2,2,1, 7981
1,7986,1,1,0, 7987
8,7996,1,1,0, 7997
1,8006,1,1,0, 8007
8,8016,1,1,1, 8017
9,8017,2,2,1, 8019
2,8023,2,2,1, 8025
1,8026,1,1,0, 8027
8,8036,1,1,1, 8037
8,8056,1,1,0, 8057
15,8061,2,2,1, 8063
8,8076,1,1,0, 8077
9,8077,2,2,1, 8079
8,8096,1,1,1, 8097
25,8095,2,4,1, 8099
31,8096,2,4,1, 8100
16,8099,2,2,1, 8101
17,8099,3,3,1, 8102
2,8103,2,2,1, 8105
1,8106,1,1,1, 8107
24,8109,1,1,0, 8110
1,8126,1,1,1, 8127
24,8129,1,1,0, 8130
1,8146,1,1,0, 8147
24,8149,1,1,1, 8150
24,8169,1,1,1, 8170
24,8189,1,1,0, 8190
31,8196,2,2,1, 8198
24,8209,1,1,1, 8210
2,8223,2,2,1, 8225
1,8226,1,1,0, 8227
2,8243,2,2,1, 8245
1,8246,1,1,1, 8247
9,8257,2,2,1, 8259
26,8257,3,3,1, 8260
2,8263,2,2,1, 8265
1,8266,1,1,1, 8267
8,8276,1,1,0, 8277
9,8277,2,2,1, 8279
26,8277,3,3,1, 8280
15,8281,2,2,1, 8283
8,8296,1,1,1, 8297
9,8297,2,2,1, 8299
16,8299,2,2,1, 8301
15,8301,2,2,1, 8303
8,8316,1,1,1, 8317
9,8317,2,2,1, 8319
16,8319,2,2,1, 8321
24,8329,1,1,0, 8330
23,8328,3,3,1, 8331
8,8336,1,1,0, 8337
31,8336,2,2,1, 8338
17,8339,3,3,1, 8342
24,8349,1,1,0, 8350
31,8356,2,2,1, 8358
24,8369,1,1,1, 8370
31,8376,2,2,1, 8378
24,8389,1,1,0, 8390
31,8396,2,2,1, 8398
2,8403,2,2,1, 8405
1,8406,1,1,0, 8407
24,8409,1,1,0, 8410
8,8416,1,1,1, 8417
1,8426,1,1,0, 8427
24,8429,1,1,0, 8430
8,8436,1,1,1, 8437
1,8446,1,1,0, 8447
24,8449,1,1,0, 8450
25,8455,2,2,1, 8457
8,8456,1,1,0, 8457
17,8459,3,3,1, 8462
1,8466,1,1,1, 8467
24,8469,1,1,0, 8470
25,8475,2,2,1, 8477
8,8476,1,1,0, 8477
15,8481,2,2,1, 8483
2,8483,2,2,1, 8485
1,8486,1,1,0, 8487
24,8489,1,1,0, 8490
8,8496,1,1,0, 8497
15,8501,2,2,1, 8503
1,8506,1,1,0, 8507
24,8509,1,1,1, 8510
8,8516,1,1,1, 8517
31,8516,2,2,1, 8518
9,8517,2,2,1, 8519
1,8626,1,1,0, 8627
24,8629,1,1,1, 8630
25,8635,2,2,1, 8637
8,8636,1,1,0, 8637
9,8637,2,2,1, 8639
16,8639,2,2,1, 8641
17,8639,3,3,1, 8642
1,8646,1,1,0, 8647
24,8649,1,1,1, 8650
25,8655,2,2,1, 8657
8,8656,1,1,0, 8657
31,8656,2,2,1, 8658
17,8659,3,3,1, 8662
1,8666,1,1,1, 8667
24,8669,1,1,1, 8670
25,8675,2,2,1, 8677
8,8676,1,1,0, 8677
31,8676,2,2,1, 8678
17,8679,3,3,1, 8682
1,8686,1,1,0, 8687
24,8689,1,1,0, 8690
8,8696,1,1,1, 8697
31,8696,2,2,1, 8698
2,8703,2,2,1, 8705
1,8706,1,1,0, 8707
24,8709,1,1,0, 8710
8,8716,1,1,0, 8717
31,8716,2,2,1, 8718
2,8723,2,2,1, 8725
1,8726,1,1,1, 8727
24,8729,1,1,1, 8730
8,8736,1,1,0, 8737
31,8736,2,2,1, 8738
2,8743,2,2,1, 8745
1,8746,1,1,1, 8747
24,8749,1,1,0, 8750
8,8756,1,1,0, 8757
31,8756,2,2,1, 8758
9,8757,2,2,1, 8759
8,8776,1,1,1, 8777
8,8796,1,1,0, 8797
9,8797,2,2,1, 8799
15,8801,2,2,1, 8803
8,8816,1,1,1, 8817
16,8819,2,2,1, 8821
1,8866,1,1,1, 8867
24,8869,1,1,0, 8870
16,8879,2,2,1, 8881
17,8879,3,3,1, 8882
1,8886,1,1,0, 8887
24,8889,1,1,0, 8890
16,8899,2,2,1, 8901
1,8906,1,1,0, 8907
24,8909,1,1,1, 8910
25,8915,2,2,1, 8917
31,8916,2,2,1, 8918
9,8917,2,2,1, 8919
1,8926,1,1,1, 8927
24,8929,1,1,0, 8930
8,8936,1,1,0, 8937
31,8936,2,2,1, 8938
1,8946,1,1,0, 8947
8,8956,1,1,1, 8957
16,8959,2,2,1, 8961
1,8966,1,1,0, 8967
8,8976,1,1,0, 8977
16,8979,2,2,1, 8981
15,8981,2,2,1, 8983
1,8986,1,1,1, 8987
8,8996,1,1,0, 8997
1,9006,1,1,0, 9007
8,9016,1,1,0, 9017
9,9017,2,2,1, 9019
1,9026,1,1,0, 9027
8,9036,1,1,1, 9037
1,9046,1,1,0, 9047
24,9049,1,1,0, 9050
8,9056,1,1,1, 9057
31,9056,2,2,1, 9058
1,9066,1,1,0, 9067
24,9069,1,1,0, 9070
23,9068,3,3,1, 9071
8,9076,1,1,1, 9077
1,9086,1,1,1, 9087
24,9089,1,1,1, 9090
23,9088,3,3,1, 9091
8,9096,1,1,1, 9097
16,9099,2,2,1, 9101
2,9103,2,2,1, 9105
1,9106,1,1,1, 9107
24,9109,1,1,1, 9110
8,9116,1,1,0, 9117
24,9129,1,1,0, 9130
24,9149,1,1,1, 9150
24,9169,1,1,1, 9170
31,9176,2,2,1, 9178
2,9183,2,2,1, 9185
24,9189,1,1,0, 9190
31,9196,2,2,1, 9198
24,9209,1,1,1, 9210
25,9215,2,2,1, 9217
31,9216,2,2,1, 9218
24,9229,1,1,1, 9230
25,9235,2,2,1, 9237
8,9236,1,1,0, 9237
24,9249,1,1,1, 9250
8,9256,1,1,1, 9257
16,9259,2,2,1, 9261
24,9269,1,1,0, 9270
8,9276,1,1,0, 9277
16,9279,2,2,1, 9281
24,9289,1,1,1, 9290
8,9296,1,1,0, 9297
1,9306,1,1,0, 9307
24,9309,1,1,0, 9310
8,9316,1,1,1, 9317
16,9319,2,2,1, 9321
1,9326,1,1,1, 9327
24,9329,1,1,1, 9330
8,9336,1,1,1, 9337
1,9346,1,1,0, 9347
24,9349,1,1,0, 9350
25,9355,2,2,1, 9357
8,9356,1,1,0, 9357
9,9357,2,2,1, 9359
16,9359,2,2,1, 9361
15,9361,2,2,1, 9363
1,9366,1,1,1, 9367
1,9386,1,1,0, 9387
2,9403,2,2,1, 9405
1,9406,1,1,0, 9407
1,9426,1,1,1, 9427
1,9446,1,1,0, 9447
1,9466,1,1,1, 9467
24,9469,1,1,1, 9470
8,9476,1,1,0, 9477
9,9477,2,2,1, 9479
1,9486,1,1,1, 9487
24,9489,1,1,0, 9490
31,9496,2,2,1, 9498
9,9497,2,2,1, 9499
1,9506,1,1,0, 9507
24,9509,1,1,1, 9510
31,9516,2,2,1, 9518
1,9526,1,1,0, 9527
24,9529,1,1,1, 9530
31,9536,2,2,1, 9538
1,9546,1,1,0, 9547
24,9549,1,1,1, 9550
31,9556,2,2,1, 9558
9,9557,2,2,1, 9559
1,9566,1,1,0, 9567
24,9569,1,1,1, 9570
31,9576,2,2,1, 9578
1,9586,1,1,0, 9587
24,9589,1,1,1, 9590
23,9588,3,3,1, 9591
25,9595,2,2,1, 9597
8,9596,1,1,0, 9597
31,9596,2,2,1, 9598
9,9597,2,2,1, 9599
17,9599,3,3,1, 9602
15,9601,2,2,1, 9603
8,9616,1,1,1, 9617
8,9636,1,1,0, 9637
15,9641,2,2,1, 9643
8,9656,1,1,1, 9657
15,9661,2,2,1, 9663
8,9676,1,1,1, 9677
8,9696,1,1,1, 9697
1,9706,1,1,0, 9707
24,9709,1,1,0, 9710
23,9708,3,3,1, 9711
25,9715,2,2,1, 9717
8,9716,1,1,0, 9717
16,9719,2,2,1, 9721
1,9726,1,1,0, 9727
24,9729,1,1,1, 9730
8,9736,1,1,1, 9737
31,9736,2,2,1, 9738
9,9737,2,2,1, 9739
1,9746,1,1,0, 9747
24,9749,1,1,0, 9750
8,9756,1,1,0, 9757
31,9756,2,2,1, 9758
1,9766,1,1,0, 9767
24,9769,1,1,1, 9770
8,9776,1,1,0, 9777
15,9781,2,2,1, 9783
1,9786,1,1,1, 9787
24,9789,1,1,1, 9790
8,9796,1,1,1, 9797
31,9796,2,2,1, 9798
9,9797,2,2,1, 9799
1,9806,1,1,1, 9807
24,9809,1,1,0, 9810
8,9816,1,1,1, 9817
15,9821,2,2,1, 9823
1,9826,1,1,1, 9827
24,9829,1,1,1, 9830
25,9835,2,2,1, 9837
8,9836,1,1,1, 9837
31,9836,2,2,1, 9838
9,9837,2,2,1, 9839
1,9846,1,1,1, 9847
1,9866,1,1,1, 9867
1,9886,1,1,0, 9887
1,9906,1,1,0, 9907
1,9926,1,1,1, 9927
1,9946,1,1,1, 9947
24,9949,1,1,1, 9950
2,9963,2,2,1, 9965
1,9966,1,1,0, 9967
24,9969,1,1,0, 9970
25,9975,2,2,1, 9977
8,9976,1,1,0, 9977
9,9977,2,2,1, 9979
2,9983,2,2,1, 9985
1,9986,1,1,1, 9987
24,9989,1,1,0, 9990
8,9996,1,1,0, 9997
9,9997,2,2,1, 9999
24,10009,1,1,0, 10010
8,10016,1,1,0, 10017
9,10017,2,2,1, 10019
24,10029,1,1,1, 10030
8,10036,1,1,0, 10037
9,10037,2,2,1, 10039
24,10049,1,1,1, 10050
8,10056,1,1,1, 10057
9,10057,2,2,1, 10059
24,10069,1,1,0, 10070
8,10076,1,1,1, 10077
31,10076,2,2,1, 10078
9,10077,2,2,1, 10079
16,10079,2,2,1, 10081
24,10089,1,1,1, 10090
31,10096,2,2,1, 10098
1,10106,1,1,1, 10107
24,10109,1,1,1, 10110
25,10115,2,2,1, 10117
31,10116,2,2,1, 10118
9,10117,2,2,1, 10119
2,10123,2,2,1, 10125
1,10126,1,1,1, 10127
24,10129,1,1,1, 10130
1,10146,1,1,0, 10147
24,10149,1,1,1, 10150
16,10159,2,2,1, 10161
17,10159,3,3,1, 10162
15,10161,2,4,1, 10165
1,10166,1,1,1, 10167
24,10169,1,1,0, 10170
23,10168,3,3,1, 10171
1,10186,1,1,0, 10187
24,10189,1,1,0, 10190
23,10188,3,3,1, 10191
8,10196,1,1,1, 10197
16,10199,2,2,1, 10201
15,10201,2,2,1, 10203
1,10206,1,1,1, 10207
24,10209,1,1,0, 10210
8,10216,1,1,1, 10217
2,10223,2,2,1, 10225
1,10226,1,1,1, 10227
24,10229,1,1,1, 10230
8,10236,1,1,1, 10237
15,10241,2,2,1, 10243
2,10243,2,2,1, 10245
1,10246,1,1,0, 10247
24,10249,1,1,1, 10250
25,10255,2,2,1, 10257
8,10256,1,1,0, 10257
9,10257,2,2,1, 10259
8,10276,1,1,0, 10277
8,10296,1,1,0, 10297
8,10316,1,1,1, 10317
9,10317,2,2,1, 10319
16,10319,2,2,1, 10321
1,10366,1,1,1, 10367
9,10377,2,2,1, 10379
1,10386,1,1,0, 10387
1,10406,1,1,0, 10407
25,10415,2,2,1, 10417
9,10417,2,2,1, 10419
1,10426,1,1,1, 10427
24,10429,1,1,0, 10430
23,10428,3,3,1, 10431
25,10435,2,2,1, 10437
8,10436,1,1,0, 10437
24,10449,1,1,1, 10450
8,10456,1,1,1, 10457
15,10461,2,2,1, 10463
24,10469,1,1,0, 10470
8,10476,1,1,0, 10477
31,10476,2,2,1, 10478
24,10489,1,1,1, 10490
8,10496,1,1,0, 10497
31,10496,2,2,1, 10498
24,10509,1,1,0, 10510
8,10516,1,1,0, 10517
15,10521,2,2,1, 10523
24,10529,1,1,0, 10530
8,10536,1,1,1, 10537
15,10541,2,2,1, 10543
1,10546,1,1,0, 10547
24,10549,1,1,0, 10550
25,10555,2,2,1, 10557
8,10556,1,1,0, 10557
16,10559,2,2,1, 10561
17,10559,3,3,1, 10562
2,10623,2,2,1, 10625
1,10626,1,1,0, 10627
26,10637,3,3,1, 10640
16,10639,2,4,1, 10643
1,10646,1,1,0, 10647
26,10657,3,3,1, 10660
17,10659,3,3,1, 10662
1,10666,1,1,0, 10667
24,10669,1,1,1, 10670
8,10676,1,1,0, 10677
16,10679,2,4,1, 10683
24,10689,1,1,0, 10690
8,10696,1,1,0, 10697
9,10697,2,2,1, 10699
24,10709,1,1,0, 10710
8,10716,1,1,0, 10717
24,10729,1,1,0, 10730
8,10736,1,1,0, 10737
9,10737,2,2,1, 10739
1,10746,1,1,1, 10747
24,10749,1,1,1, 10750
8,10756,1,1,0, 10757
9,10757,2,2,1, 10759
2,10763,2,2,1, 10765
1,10766,1,1,0, 10767
24,10769,1,1,1, 10770
8,10776,1,1,0, 10777
9,10777,2,2,1, 10779
1,10786,1,1,1, 10787
24,10789,1,1,0, 10790
8,10796,1,1,0, 10797
9,10797,2,2,1, 10799
24,10809,1,1,0, 10810
16,10819,2,2,1, 10821
24,10829,1,1,0, 10830
31,10836,2,2,1, 10838
16,10839,2,2,1, 10841
24,10849,1,1,1, 10850
23,10848,3,3,1, 10851
25,10855,2,2,1, 10857
31,10856,2,2,1, 10858
16,10859,2,2,1, 10861
2,10863,2,2,1, 10865
1,10866,1,1,1, 10867
24,10869,1,1,0, 10870
9,10877,2,2,1, 10879
2,10883,2,2,1, 10885
1,10886,1,1,0, 10887
24,10889,1,1,0, 10890
31,10896,2,2,1, 10898
2,10903,2,2,1, 10905
1,10906,1,1,0, 10907
24,10909,1,1,1, 10910
25,10915,2,2,1, 10917
8,10916,1,1,0, 10917
31,10916,2,2,1, 10918
9,10917,2,2,1, 10919
26,10917,3,3,1, 10920
8,10936,1,1,0, 10937
8,10956,1,1,0, 10957
8,10976,1,1,1, 10977
8,10996,1,1,0, 10997
8,11016,1,1,1, 11017
1,11026,1,1,1, 11027
24,11029,1,1,1, 11030
25,11035,2,2,1, 11037
8,11036,1,1,1, 11037
31,11036,2,2,1, 11038
9,11037,2,2,1, 11039
16,11039,2,2,1, 11041
15,11041,2,2,1, 11043
1,11046,1,1,0, 11047
24,11049,1,1,1, 11050
8,11056,1,1,1, 11057
9,11057,2,2,1, 11059
2,11063,2,2,1, 11065
1,11066,1,1,1, 11067
24,11069,1,1,0, 11070
8,11076,1,1,1, 11077
15,11081,2,2,1, 11083
2,11083,2,2,1, 11085
1,11086,1,1,1, 11087
24,11089,1,1,0, 11090
8,11096,1,1,0, 11097
9,11097,2,2,1, 11099
15,11101,2,2,1, 11103
2,11103,2,2,1, 11105
1,11106,1,1,0, 11107
24,11109,1,1,1, 11110
9,11117,2,2,1, 11119
2,11123,2,2,1, 11125
1,11126,1,1,1, 11127
24,11129,1,1,1, 11130
9,11137,2,2,1, 11139
1,11146,1,1,0, 11147
24,11149,1,1,1, 11150
9,11157,2,2,1, 11159
15,11161,2,2,1, 11163
24,11169,1,1,0, 11170
23,11168,3,3,1, 11171
8,11176,1,1,0, 11177
15,11181,2,2,1, 11183
24,11189,1,1,0, 11190
23,11188,3,3,1, 11191
8,11196,1,1,0, 11197
16,11199,2,2,1, 11201
24,11209,1,1,0, 11210
8,11216,1,1,0, 11217
16,11219,2,2,1, 11221
24,11229,1,1,0, 11230
16,11239,2,2,1, 11241
24,11249,1,1,1, 11250
23,11248,3,3,1, 11251
24,11269,1,1,0, 11270
25,11275,2,2,1, 11277
31,11276,2,2,1, 11278
17,11279,3,3,1, 11282
2,11283,2,2,1, 11285
1,11286,1,1,1, 11287
8,11296,1,1,0, 11297
2,11303,2,2,1, 11305
1,11306,1,1,0, 11307
8,11316,1,1,0, 11317
9,11317,2,2,1, 11319
2,11323,2,2,1, 11325
1,11326,1,1,0, 11327
8,11336,1,1,1, 11337
15,11341,2,2,1, 11343
24,11349,1,1,1, 11350
25,11355,2,2,1, 11357
8,11356,1,1,1, 11357
9,11357,2,2,1, 11359
15,11361,2,2,1, 11363
24,11369,1,1,1, 11370
8,11376,1,1,0, 11377
31,11376,2,2,1, 11378
24,11389,1,1,1, 11390
25,11395,2,2,1, 11397
8,11396,1,1,0, 11397
31,11396,2,2,1, 11398
9,11397,2,2,1, 11399
16,11399,2,2,1, 11401
17,11399,3,3,1, 11402
1,11446,1,1,1, 11447
9,11457,2,2,1, 11459
1,11466,1,1,1, 11467
24,11469,1,1,1, 11470
25,11475,2,2,1, 11477
1,11486,1,1,0, 11487
24,11489,1,1,0, 11490
16,11499,2,2,1, 11501
2,11503,2,2,1, 11505
1,11506,1,1,0, 11507
24,11509,1,1,0, 11510
8,11516,1,1,0, 11517
31,11516,2,2,1, 11518
16,11519,2,2,1, 11521
15,11521,2,2,1, 11523
2,11523,2,2,1, 11525
1,11526,1,1,0, 11527
25,11535,2,2,1, 11537
8,11536,1,1,0, 11537
9,11537,2,2,1, 11539
1,11546,1,1,1, 11547
25,11555,2,2,1, 11557
8,11556,1,1,0, 11557
9,11557,2,2,1, 11559
1,11566,1,1,1, 11567
8,11576,1,1,0, 11577
26,11577,3,3,1, 11580
8,11596,1,1,1, 11597
8,11616,1,1,0, 11617
24,11629,1,1,1, 11630
25,11635,2,2,1, 11637
8,11636,1,1,0, 11637
26,11637,3,3,1, 11640
24,11649,1,1,1, 11650
8,11656,1,1,1, 11657
24,11669,1,1,0, 11670
8,11676,1,1,0, 11677
1,11686,1,1,0, 11687
24,11689,1,1,0, 11690
8,11696,1,1,0, 11697
16,11699,2,2,1, 11701
1,11706,1,1,0, 11707
24,11709,1,1,0, 11710
9,11717,2,2,1, 11719
2,11723,2,2,1, 11725
1,11726,1,1,0, 11727
24,11729,1,1,0, 11730
9,11737,2,2,1, 11739
1,11746,1,1,0, 11747
24,11749,1,1,0, 11750
9,11757,2,2,1, 11759
2,11763,2,2,1, 11765
1,11766,1,1,0, 11767
24,11769,1,1,0, 11770
2,11783,2,2,1, 11785
1,11786,1,1,0, 11787
24,11789,1,1,0, 11790
1,11806,1,1,0, 11807
24,11809,1,1,0, 11810
8,11816,1,1,0, 11817
26,11817,3,3,1, 11820
16,11819,2,2,1, 11821
17,11819,3,3,1, 11822
24,11829,1,1,1, 11830
8,11836,1,1,0, 11837
31,11836,2,2,1, 11838
24,11849,1,1,1, 11850
8,11856,1,1,0, 11857
31,11856,2,2,1, 11858
24,11869,1,1,1, 11870
8,11876,1,1,0, 11877
31,11876,2,2,1, 11878
24,11889,1,1,0, 11890
8,11896,1,1,1, 11897
24,11909,1,1,1, 11910
8,11916,1,1,1, 11917
1,11926,1,1,1, 11927
24,11929,1,1,0, 11930
8,11936,1,1,0, 11937
31,11936,2,2,1, 11938
9,11937,2,2,1, 11939
16,11939,2,2,1, 11941
1,11946,1,1,0, 11947
1,11966,1,1,1, 11967
1,11986,1,1,1, 11987
9,11997,2,2,1, 11999
1,12006,1,1,1, 12007
1,12026,1,1,0, 12027
1,12046,1,1,1, 12047
24,12049,1,1,0, 12050
25,12055,2,2,1, 12057
8,12056,1,1,1, 12057
9,12057,2,2,1, 12059
16,12059,2,2,1, 12061
1,12066,1,1,0, 12067
24,12069,1,1,0, 12070
8,12076,1,1,0, 12077
1,12086,1,1,1, 12087
24,12089,1,1,0, 12090
8,12096,1,1,1, 12097
2,12103,2,2,1, 12105
1,12106,1,1,1, 12107
24,12109,1,1,0, 12110
8,12116,1,1,0, 12117
24,12129,1,1,0, 12130
8,12136,1,1,0, 12137
24,12149,1,1,1, 12150
8,12156,1,1,0, 12157
24,12169,1,1,0, 12170
8,12176,1,1,0, 12177
31,12176,2,2,1, 12178
15,12181,2,2,1, 12183
2,12183,2,2,1, 12185
1,12186,1,1,0, 12187
24,12189,1,1,1, 12190
25,12195,2,2,1, 12197
8,12196,1,1,0, 12197
31,12196,2,2,1, 12198
2,12203,2,2,1, 12205
1,12206,1,1,1, 12207
23,12208,3,3,1, 12211
25,12215,2,2,1, 12217
8,12216,1,1,0, 12217
16,12219,2,2,1, 12221
15,12221,2,2,1, 12223
1,12226,1,1,0, 12227
23,12228,3,3,1, 12231
25,12235,2,2,1, 12237
8,12236,1,1,0, 12237
9,12237,2,2,1, 12239
26,12237,3,3,1, 12240
24,12309,1,1,0, 12310
24,12329,1,1,1, 12330
24,12349,1,1,1, 12350
8,12356,1,1,1, 12357
31,12356,2,2,1, 12358
26,12357,3,3,1, 12360
17,12359,3,3,1, 12362
1,12366,1,1,0, 12367
24,12369,1,1,0, 12370
8,12376,1,1,0, 12377
31,12376,2,2,1, 12378
15,12381,2,2,1, 12383
2,12383,2,2,1, 12385
1,12386,1,1,1, 12387
24,12389,1,1,1, 12390
8,12396,1,1,0, 12397
31,12396,2,2,1, 12398
9,12397,2,2,1, 12399
2,12403,2,2,1, 12405
1,12406,1,1,1, 12407
24,12409,1,1,1, 12410
8,12416,1,1,0, 12417
24,12429,1,1,0, 12430
8,12436,1,1,0, 12437
9,12437,2,2,1, 12439
24,12449,1,1,0, 12450
8,12456,1,1,0, 12457
15,12461,2,2,1, 12463
24,12469,1,1,0, 12470
25,12475,2,2,1, 12477
8,12476,1,1,0, 12477
9,12477,2,2,1, 12479
26,12477,3,3,1, 12480
17,12479,3,3,1, 12482
1,12586,1,1,1, 12587
25,12595,2,2,1, 12597
8,12596,1,1,0, 12597
9,12597,2,2,1, 12599
16,12599,2,2,1, 12601
17,12599,3,3,1, 12602
2,12603,2,2,1, 12605
1,12606,1,1,1, 12607
8,12616,1,1,0, 12617
26,12617,3,3,1, 12620
17,12619,3,3,1, 12622
2,12623,2,2,1, 12625
1,12626,1,1,0, 12627
25,12635,2,2,1, 12637
8,12636,1,1,0, 12637
26,12637,3,3,1, 12640
17,12639,3,3,1, 12642
1,12646,1,1,0, 12647
8,12656,1,1,1, 12657
8,12676,1,1,0, 12677
15,12681,2,2,1, 12683
8,12696,1,1,1, 12697
15,12701,2,2,1, 12703
24,12709,1,1,0, 12710
8,12716,1,1,1, 12717
16,12719,2,2,1, 12721
1,12726,1,1,0, 12727
24,12729,1,1,1, 12730
9,12737,2,2,1, 12739
1,12746,1,1,1, 12747
24,12749,1,1,1, 12750
31,12756,2,2,1, 12758
1,12766,1,1,1, 12767
24,12769,1,1,1, 12770
9,12777,2,2,1, 12779
2,12783,2,2,1, 12785
1,12786,1,1,0, 12787
24,12789,1,1,1, 12790
23,12788,3,3,1, 12791
16,12799,2,2,1, 12801
17,12799,3,3,1, 12802
2,12803,2,2,1, 12805
1,12806,1,1,0, 12807
24,12809,1,1,1, 12810
23,12808,3,3,1, 12811
25,12815,2,2,1, 12817
16,12819,2,2,1, 12821
2,12823,2,2,1, 12825
1,12826,1,1,1, 12827
24,12829,1,1,1, 12830
23,12828,3,3,1, 12831
8,12836,1,1,1, 12837
17,12839,3,3,1, 12842
15,12841,2,2,1, 12843
24,12849,1,1,1, 12850
25,12855,2,2,1, 12857
8,12856,1,1,0, 12857
15,12861,2,2,1, 12863
24,12869,1,1,0, 12870
8,12876,1,1,1, 12877
26,12877,3,3,1, 12880
15,12881,2,2,1, 12883
24,12889,1,1,0, 12890
25,12895,2,2,1, 12897
8,12896,1,1,1, 12897
24,12909,1,1,0, 12910
25,12915,2,2,1, 12917
8,12916,1,1,1, 12917
31,12916,2,2,1, 12918
15,12921,2,2,1, 12923
24,12929,1,1,0, 12930
8,12936,1,1,0, 12937
31,12936,2,2,1, 12938
26,12937,3,3,1, 12940
1,12946,1,1,1, 12947
24,12949,1,1,1, 12950
25,12955,2,2,1, 12957
8,12956,1,1,1, 12957
26,12957,3,3,1, 12960
1,12966,1,1,0, 12967
9,12977,2,2,1, 12979
1,12986,1,1,0, 12987
1,13006,1,1,0, 13007
1,13026,1,1,0, 13027
1,13046,1,1,0, 13047
1,13066,1,1,0, 13067
24,13069,1,1,0, 13070
8,13076,1,1,0, 13077
9,13077,2,2,1, 13079
1,13086,1,1,1, 13087
24,13089,1,1,0, 13090
8,13096,1,1,1, 13097
1,13106,1,1,1, 13107
24,13109,1,1,0, 13110
8,13116,1,1,0, 13117
9,13117,2,2,1, 13119
15,13121,2,2,1, 13123
1,13126,1,1,1, 13127
24,13129,1,1,1, 13130
8,13136,1,1,1, 13137
24,13149,1,1,0, 13150
8,13156,1,1,0, 13157
31,13156,2,2,1, 13158
26,13157,3,3,1, 13160
15,13161,2,2,1, 13163
24,13169,1,1,1, 13170
8,13176,1,1,0, 13177
26,13177,3,3,1, 13180
15,13181,2,2,1, 13183
24,13189,1,1,1, 13190
8,13196,1,1,0, 13197
26,13197,3,3,1, 13200
17,13199,3,3,1, 13202
2,13203,2,2,1, 13205
1,13206,1,1,0, 13207
8,13216,1,1,1, 13217
9,13217,2,2,1, 13219
16,13219,2,2,1, 13221
2,13223,2,2,1, 13225
1,13226,1,1,1, 13227
8,13236,1,1,0, 13237
2,13243,2,2,1, 13245
1,13246,1,1,1, 13247
23,13248,3,3,1, 13251
8,13256,1,1,0, 13257
9,13257,2,2,1, 13259
8,13336,1,1,1, 13337
8,13356,1,1,0, 13357
1,13366,1,1,1, 13367
24,13369,1,1,0, 13370
25,13375,2,2,1, 13377
8,13376,1,1,1, 13377
26,13377,3,3,1, 13380
1,13386,1,1,1, 13387
24,13389,1,1,1, 13390
23,13388,3,3,1, 13391
8,13396,1,1,1, 13397
16,13399,2,2,1, 13401
1,13406,1,1,1, 13407
24,13409,1,1,0, 13410
8,13416,1,1,0, 13417
9,13417,2,2,1, 13419
1,13426,1,1,0, 13427
24,13429,1,1,1, 13430
23,13428,3,3,1, 13431
8,13436,1,1,1, 13437
9,13437,2,2,1, 13439
16,13439,2,2,1, 13441
1,13446,1,1,0, 13447
24,13449,1,1,1, 13450
1,13466,1,1,0, 13467
24,13469,1,1,1, 13470
1,13486,1,1,1, 13487
24,13489,1,1,0, 13490
25,13495,2,2,1, 13497
31,13496,2,2,1, 13498
9,13497,2,2,1, 13499
26,13497,3,3,1, 13500
15,13501,2,2,1, 13503
1,13606,1,1,1, 13607
24,13609,1,1,0, 13610
8,13616,1,1,1, 13617
1,13626,1,1,0, 13627
24,13629,1,1,0, 13630
8,13636,1,1,0, 13637
1,13646,1,1,1, 13647
24,13649,1,1,0, 13650
8,13656,1,1,1, 13657
9,13657,2,2,1, 13659
1,13666,1,1,0, 13667
24,13669,1,1,0, 13670
8,13676,1,1,1, 13677
31,13676,2,2,1, 13678
1,13686,1,1,0, 13687
24,13689,1,1,0, 13690
8,13696,1,1,0, 13697
31,13696,2,2,1, 13698
9,13697,2,2,1, 13699
1,13706,1,1,1, 13707
24,13709,1,1,1, 13710
8,13716,1,1,1, 13717
31,13716,2,2,1, 13718
1,13726,1,1,1, 13727
24,13729,1,1,1, 13730
8,13736,1,1,0, 13737
2,13743,2,2,1, 13745
1,13746,1,1,0, 13747
24,13749,1,1,1, 13750
8,13756,1,1,1, 13757
31,13756,2,2,1, 13758
1,13766,1,1,0, 13767
24,13769,1,1,0, 13770
25,13775,2,2,1, 13777
8,13776,1,1,0, 13777
31,13776,2,2,1, 13778
2,13783,2,2,1, 13785
1,13786,1,1,1, 13787
24,13789,1,1,1, 13790
8,13796,1,1,0, 13797
31,13796,2,2,1, 13798
2,13803,2,2,1, 13805
1,13806,1,1,1, 13807
24,13809,1,1,0, 13810
8,13816,1,1,0, 13817
1,13826,1,1,1, 13827
24,13829,1,1,0, 13830
8,13836,1,1,0, 13837
1,13846,1,1,1, 13847
24,13849,1,1,1, 13850
8,13856,1,1,0, 13857
9,13857,2,2,1, 13859
16,13859,2,2,1, 13861
24,13869,1,1,1, 13870
8,13876,1,1,0, 13877
24,13889,1,1,0, 13890
8,13896,1,1,1, 13897
9,13897,2,2,1, 13899
16,13899,2,2,1, 13901
24,13909,1,1,0, 13910
8,13916,1,1,0, 13917
31,13916,2,2,1, 13918
9,13917,2,2,1, 13919
16,13919,2,2,1, 13921
24,13929,1,1,1, 13930
31,13936,2,2,1, 13938
16,13939,2,2,1, 13941
24,13949,1,1,1, 13950
31,13956,2,2,1, 13958
16,13959,2,2,1, 13961
24,13969,1,1,0, 13970
25,13975,2,2,1, 13977
31,13976,2,2,1, 13978
1,13986,1,1,1, 13987
9,13997,2,2,1, 13999
1,14006,1,1,0, 14007
2,14023,2,2,1, 14025
1,14026,1,1,0, 14027
8,14036,1,1,0, 14037
24,14049,1,1,1, 14050
8,14056,1,1,1, 14057
24,14069,1,1,0, 14070
8,14076,1,1,0, 14077
24,14089,1,1,0, 14090
25,14095,2,2,1, 14097
8,14096,1,1,1, 14097
15,14101,2,2,1, 14103
2,14103,2,2,1, 14105
1,14106,1,1,1, 14107
24,14109,1,1,1, 14110
25,14115,2,2,1, 14117
8,14116,1,1,0, 14117
9,14117,2,2,1, 14119
1,14126,1,1,0, 14127
24,14129,1,1,0, 14130
25,14135,2,2,1, 14137
8,14136,1,1,1, 14137
31,14136,2,2,1, 14138
1,14146,1,1,0, 14147
24,14149,1,1,1, 14150
8,14156,1,1,1, 14157
16,14159,2,2,1, 14161
1,14266,1,1,1, 14267
24,14269,1,1,0, 14270
8,14276,1,1,0, 14277
16,14279,2,2,1, 14281
15,14281,2,2,1, 14283
1,14286,1,1,0, 14287
24,14289,1,1,1, 14290
8,14296,1,1,0, 14297
15,14301,2,2,1, 14303
1,14306,1,1,0, 14307
24,14309,1,1,0, 14310
8,14316,1,1,0, 14317
15,14321,2,2,1, 14323
1,14326,1,1,0, 14327
24,14329,1,1,0, 14330
8,14336,1,1,0, 14337
31,14336,2,2,1, 14338
1,14346,1,1,1, 14347
24,14349,1,1,0, 14350
8,14356,1,1,0, 14357
15,14361,2,2,1, 14363
1,14366,1,1,0, 14367
24,14369,1,1,1, 14370
8,14376,1,1,1, 14377
2,14383,2,2,1, 14385
1,14386,1,1,1, 14387
24,14389,1,1,1, 14390
8,14396,1,1,1, 14397
16,14399,2,2,1, 14401
24,14409,1,1,0, 14410
24,14429,1,1,0, 14430
24,14449,1,1,1, 14450
24,14469,1,1,0, 14470
24,14489,1,1,0, 14490
1,14506,1,1,1, 14507
24,14509,1,1,0, 14510
8,14516,1,1,0, 14517
2,14523,2,2,1, 14525
1,14526,1,1,0, 14527
24,14529,1,1,0, 14530
8,14536,1,1,0, 14537
16,14539,2,2,1, 14541
1,14546,1,1,1, 14547
24,14549,1,1,0, 14550
8,14556,1,1,1, 14557
1,14566,1,1,0, 14567
24,14569,1,1,1, 14570
8,14576,1,1,1, 14577
16,14579,2,2,1, 14581
2,14583,2,2,1, 14585
1,14586,1,1,1, 14587
8,14596,1,1,0, 14597
2,14603,2,2,1, 14605
1,14606,1,1,0, 14607
8,14616,1,1,0, 14617
16,14619,2,2,1, 14621
1,14626,1,1,0, 14627
8,14636,1,1,1, 14637
16,14639,2,2,1, 14641
24,14649,1,1,0, 14650
8,14656,1,1,1, 14657
24,14669,1,1,0, 14670
8,14676,1,1,0, 14677
15,14681,2,2,1, 14683
24,14689,1,1,1, 14690
8,14696,1,1,0, 14697
24,14709,1,1,1, 14710
8,14716,1,1,1, 14717
15,14721,2,2,1, 14723
24,14729,1,1,0, 14730
8,14736,1,1,0, 14737
15,14741,2,2,1, 14743
1,14746,1,1,1, 14747
24,14749,1,1,0, 14750
25,14755,2,2,1, 14757
8,14756,1,1,1, 14757
9,14757,2,2,1, 14759
2,14763,2,2,1, 14765
1,14766,1,1,1, 14767
8,14776,1,1,1, 14777
9,14777,2,2,1, 14779
8,14796,1,1,1, 14797
16,14799,2,2,1, 14801
8,14816,1,1,0, 14817
9,14817,2,2,1, 14819
16,14819,2,2,1, 14821
24,14869,1,1,0, 14870
25,14875,2,2,1, 14877
31,14876,2,2,1, 14878
1,14886,1,1,1, 14887
24,14889,1,1,0, 14890
31,14896,2,2,1, 14898
1,14906,1,1,0, 14907
24,14909,1,1,0, 14910
31,14916,2,2,1, 14918
1,14926,1,1,0, 14927
24,14929,1,1,0, 14930
8,14936,1,1,1, 14937
31,14936,2,2,1, 14938
2,14943,2,2,1, 14945
1,14946,1,1,1, 14947
24,14949,1,1,0, 14950
8,14956,1,1,1, 14957
2,14963,2,2,1, 14965
1,14966,1,1,1, 14967
24,14969,1,1,0, 14970
8,14976,1,1,1, 14977
15,14981,2,2,1, 14983
1,14986,1,1,1, 14987
24,14989,1,1,1, 14990
8,14996,1,1,1, 14997
1,15006,1,1,0, 15007
24,15009,1,1,0, 15010
8,15016,1,1,0, 15017
16,15019,2,2,1, 15021
2,15023,2,2,1, 15025
1,15026,1,1,1, 15027
24,15029,1,1,1, 15030
8,15036,1,1,1, 15037
2,15043,2,2,1, 15045
1,15046,1,1,0, 15047
24,15049,1,1,0, 15050
8,15056,1,1,1, 15057
9,15057,2,2,1, 15059
24,15069,1,1,0, 15070
8,15076,1,1,0, 15077
24,15089,1,1,0, 15090
8,15096,1,1,0, 15097
16,15099,2,2,1, 15101
24,15109,1,1,1, 15110
8,15116,1,1,0, 15117
24,15129,1,1,1, 15130
8,15136,1,1,0, 15137
31,15136,2,2,1, 15138
24,15149,1,1,0, 15150
8,15156,1,1,1, 15157
1,15166,1,1,0, 15167
24,15169,1,1,0, 15170
8,15176,1,1,1, 15177
1,15186,1,1,0, 15187
1,15206,1,1,0, 15207
25,15215,2,2,1, 15217
1,15226,1,1,0, 15227
25,15235,2,2,1, 15237
1,15246,1,1,0, 15247
2,15263,2,2,1, 15265
1,15266,1,1,1, 15267
2,15283,2,2,1, 15285
1,15286,1,1,0, 15287
24,15289,1,1,0, 15290
8,15296,1,1,1, 15297
9,15297,2,2,1, 15299
16,15299,2,2,1, 15301
24,15309,1,1,0, 15310
24,15329,1,1,0, 15330
24,15349,1,1,0, 15350
24,15369,1,1,0, 15370
24,15389,1,1,1, 15390
1,15406,1,1,1, 15407
24,15409,1,1,1, 15410
25,15415,2,2,1, 15417
8,15416,1,1,0, 15417
16,15419,2,2,1, 15421
1,15426,1,1,1, 15427
24,15429,1,1,0, 15430
8,15436,1,1,1, 15437
1,15446,1,1,0, 15447
24,15449,1,1,1, 15450
25,15455,2,2,1, 15457
8,15456,1,1,1, 15457
1,15466,1,1,0, 15467
24,15469,1,1,0, 15470
25,15475,2,2,1, 15477
8,15476,1,1,1, 15477
2,15483,2,2,1, 15485
1,15486,1,1,1, 15487
24,15489,1,1,0, 15490
25,15495,2,2,1, 15497
8,15496,1,1,1, 15497
1,15506,1,1,0, 15507
24,15509,1,1,1, 15510
25,15515,2,2,1, 15517
8,15516,1,1,0, 15517
2,15523,2,2,1, 15525
1,15526,1,1,0, 15527
24,15529,1,1,0, 15530
8,15536,1,1,0, 15537
31,15536,2,2,1, 15538
24,15549,1,1,0, 15550
8,15556,1,1,1, 15557
31,15556,2,2,1, 15558
9,15557,2,2,1, 15559
24,15569,1,1,1, 15570
8,15576,1,1,0, 15577
31,15576,2,2,1, 15578
24,15589,1,1,0, 15590
8,15596,1,1,0, 15597
31,15596,2,2,1, 15598
24,15609,1,1,1, 15610
8,15616,1,1,1, 15617
9,15617,2,2,1, 15619
24,15629,1,1,1, 15630
8,15636,1,1,1, 15637
9,15637,2,2,1, 15639
1,15646,1,1,0, 15647
24,15649,1,1,0, 15650
8,15656,1,1,1, 15657
1,15666,1,1,0, 15667
24,15669,1,1,0, 15670
8,15676,1,1,1, 15677
1,15686,1,1,1, 15687
24,15689,1,1,1, 15690
8,15696,1,1,0, 15697
16,15699,2,2,1, 15701
1,15706,1,1,0, 15707
24,15709,1,1,1, 15710
8,15716,1,1,1, 15717
16,15719,2,2,1, 15721
1,15726,1,1,1, 15727
24,15729,1,1,1, 15730
31,15736,2,2,1, 15738
1,15746,1,1,0, 15747
24,15749,1,1,1, 15750
1,15766,1,1,0, 15767
24,15769,1,1,0, 15770
24,15789,1,1,0, 15790
24,15809,1,1,1, 15810
24,15829,1,1,0, 15830
24,15849,1,1,0, 15850
24,15869,1,1,1, 15870
1,15886,1,1,0, 15887
24,15889,1,1,1, 15890
8,15896,1,1,0, 15897
31,15896,2,2,1, 15898
1,15906,1,1,0, 15907
24,15909,1,1,0, 15910
8,15916,1,1,0, 15917
31,15916,2,2,1, 15918
1,15926,1,1,0, 15927
24,15929,1,1,0, 15930
8,15936,1,1,0, 15937
9,15937,2,2,1, 15939
15,15941,2,2,1, 15943
1,15946,1,1,1, 15947
24,15949,1,1,0, 15950
8,15956,1,1,1, 15957
9,15957,2,2,1, 15959
2,15963,2,2,1, 15965
1,15966,1,1,0, 15967
24,15969,1,1,1, 15970
8,15976,1,1,0, 15977
15,15981,2,2,1, 15983
1,15986,1,1,1, 15987
24,15989,1,1,0, 15990
8,15996,1,1,0, 15997
15,16001,2,2,1, 16003
2,16003,2,2,1, 16005
1,16006,1,1,1, 16007
24,16009,1,1,0, 16010
25,16015,2,2,1, 16017
8,16016,1,1,1, 16017
16,16019,2,2,1, 16021
1,16026,1,1,0, 16027
24,16029,1,1,1, 16030
1,16046,1,1,0, 16047
24,16049,1,1,1, 16050
16,16059,2,2,1, 16061
1,16066,1,1,0, 16067
24,16069,1,1,1, 16070
9,16077,2,2,1, 16079
16,16079,2,2,1, 16081
1,16086,1,1,1, 16087
24,16089,1,1,0, 16090
1,16106,1,1,1, 16107
24,16109,1,1,1, 16110
16,16119,2,2,1, 16121
1,16126,1,1,0, 16127
24,16129,1,1,0, 16130
8,16136,1,1,0, 16137
16,16139,2,2,1, 16141
15,16141,2,2,1, 16143
8,16156,1,1,1, 16157
8,16176,1,1,1, 16177
8,16196,1,1,0, 16197
8,16216,1,1,1, 16217
8,16236,1,1,0, 16237
15,16241,2,2,1, 16243
1,16246,1,1,0, 16247
8,16256,1,1,1, 16257
16,16259,2,2,1, 16261
1,16266,1,1,1, 16267
24,16269,1,1,1, 16270
8,16276,1,1,1, 16277
15,16281,2,2,1, 16283
2,16283,2,2,1, 16285
1,16286,1,1,1, 16287
24,16289,1,1,1, 16290
8,16296,1,1,1, 16297
2,16303,2,2,1, 16305
1,16306,1,1,1, 16307
24,16309,1,1,1, 16310
8,16316,1,1,0, 16317
31,16316,2,2,1, 16318
1,16326,1,1,0, 16327
24,16329,1,1,0, 16330
8,16336,1,1,1, 16337
15,16341,2,2,1, 16343
2,16343,2,2,1, 16345
1,16346,1,1,1, 16347
24,16349,1,1,0, 16350
8,16356,1,1,0, 16357
1,16366,1,1,1, 16367
24,16369,1,1,1, 16370
8,16376,1,1,0, 16377
24,16389,1,1,0, 16390
24,16409,1,1,0, 16410
24,16429,1,1,0, 16430
24,16449,1,1,0, 16450
24,16469,1,1,0, 16470
1,16486,1,1,1, 16487
24,16489,1,1,0, 16490
8,16496,1,1,0, 16497
9,16497,2,2,1, 16499
16,16499,2,2,1, 16501
24,16509,1,1,1, 16510
8,16516,1,1,1, 16517
31,16516,2,2,1, 16518
9,16517,2,2,1, 16519
24,16529,1,1,0, 16530
8,16536,1,1,1, 16537
31,16536,2,2,1, 16538
24,16549,1,1,1, 16550
8,16556,1,1,0, 16557
31,16556,2,2,1, 16558
24,16569,1,1,0, 16570
8,16576,1,1,1, 16577
24,16589,1,1,0, 16590
8,16596,1,1,1, 16597
1,16606,1,1,0, 16607
24,16609,1,1,0, 16610
8,16616,1,1,0, 16617
1,16626,1,1,0, 16627
24,16629,1,1,0, 16630
16,16639,2,2,1, 16641
2,16643,2,2,1, 16645
1,16646,1,1,0, 16647
24,16649,1,1,1, 16650
16,16659,2,2,1, 16661
2,16663,2,2,1, 16665
1,16666,1,1,0, 16667
24,16669,1,1,0, 16670
25,16675,2,2,1, 16677
31,16676,2,2,1, 16678
16,16679,2,2,1, 16681
1,16686,1,1,0, 16687
25,16695,2,2,1, 16697
1,16706,1,1,0, 16707
25,16715,2,2,1, 16717
1,16726,1,1,0, 16727
25,16735,2,2,1, 16737
8,16736,1,1,0, 16737
9,16737,2,2,1, 16739
16,16739,2,2,1, 16741
8,16756,1,1,1, 16757
9,16757,2,2,1, 16759
15,16761,2,2,1, 16763
8,16776,1,1,0, 16777
24,16789,1,1,1, 16790
8,16796,1,1,0, 16797
31,16796,2,2,1, 16798
9,16797,2,2,1, 16799
24,16809,1,1,0, 16810
8,16816,1,1,1, 16817
31,16816,2,2,1, 16818
9,16817,2,2,1, 16819
16,16819,2,2,1, 16821
24,16829,1,1,0, 16830
8,16836,1,1,0, 16837
31,16836,2,2,1, 16838
1,16846,1,1,0, 16847
24,16849,1,1,0, 16850
25,16855,2,2,1, 16857
8,16856,1,1,1, 16857
31,16856,2,2,1, 16858
1,16866,1,1,0, 16867
24,16869,1,1,0, 16870
8,16876,1,1,0, 16877
1,16886,1,1,0, 16887
24,16889,1,1,1, 16890
8,16896,1,1,0, 16897
1,16906,1,1,0, 16907
24,16909,1,1,0, 16910
8,16916,1,1,1, 16917
15,16921,2,2,1, 16923
1,16926,1,1,1, 16927
24,16929,1,1,0, 16930
8,16936,1,1,0, 16937
1,16946,1,1,1, 16947
24,16949,1,1,1, 16950
8,16956,1,1,1, 16957
15,16961,2,2,1, 16963
1,16966,1,1,0, 16967
24,16969,1,1,0, 16970
8,16976,1,1,1, 16977
31,16976,2,2,1, 16978
9,16977,2,2,1, 16979
16,16979,2,2,1, 16981
1,16986,1,1,1, 16987
2,17003,2,2,1, 17005
1,17006,1,1,0, 17007
1,17026,1,1,1, 17027
1,17046,1,1,1, 17047
1,17066,1,1,1, 17067
1,17086,1,1,0, 17087
24,17089,1,1,1, 17090
25,17095,2,2,1, 17097
8,17096,1,1,1, 17097
15,17101,2,2,1, 17103
1,17106,1,1,1, 17107
24,17109,1,1,0, 17110
25,17115,2,2,1, 17117
8,17116,1,1,0, 17117
31,17116,2,2,1, 17118
16,17119,2,2,1, 17121
15,17121,2,2,1, 17123
2,17123,2,2,1, 17125
1,17126,1,1,1, 17127
24,17129,1,1,1, 17130
8,17136,1,1,1, 17137
31,17136,2,2,1, 17138
9,17137,2,2,1, 17139
16,17139,2,2,1, 17141
1,17146,1,1,0, 17147
24,17149,1,1,0, 17150
8,17156,1,1,1, 17157
16,17159,2,2,1, 17161
24,17169,1,1,0, 17170
24,17189,1,1,0, 17190
24,17209,1,1,1, 17210
16,17219,2,2,1, 17221
24,17229,1,1,0, 17230
24,17249,1,1,1, 17250
1,17266,1,1,0, 17267
24,17269,1,1,0, 17270
8,17276,1,1,1, 17277
9,17277,2,2,1, 17279
15,17281,2,2,1, 17283
2,17283,2,2,1, 17285
1,17286,1,1,0, 17287
24,17289,1,1,0, 17290
8,17296,1,1,0, 17297
15,17301,2,2,1, 17303
2,17303,2,2,1, 17305
1,17306,1,1,1, 17307
24,17309,1,1,1, 17310
8,17316,1,1,1, 17317
15,17321,2,2,1, 17323
1,17326,1,1,0, 17327
24,17329,1,1,1, 17330
8,17336,1,1,1, 17337
31,17336,2,2,1, 17338
1,17346,1,1,1, 17347
8,17356,1,1,0, 17357
16,17359,2,2,1, 17361
1,17366,1,1,0, 17367
25,17375,2,2,1, 17377
8,17376,1,1,0, 17377
16,17379,2,2,1, 17381
2,17383,2,2,1, 17385
1,17386,1,1,0, 17387
8,17396,1,1,0, 17397
9,17397,2,2,1, 17399
1,17406,1,1,0, 17407
24,17409,1,1,1, 17410
24,17429,1,1,1, 17430
25,17435,2,2,1, 17437
24,17449,1,1,0, 17450
24,17469,1,1,0, 17470
8,17476,1,1,0, 17477
9,17477,2,2,1, 17479
16,17479,2,2,1, 17481
24,17489,1,1,0, 17490
8,17496,1,1,0, 17497
9,17497,2,2,1, 17499
24,17509,1,1,0, 17510
8,17516,1,1,1, 17517
31,17516,2,2,1, 17518
1,17526,1,1,0, 17527
25,17535,2,2,1, 17537
2,17543,2,2,1, 17545
1,17546,1,1,0, 17547
2,17563,2,2,1, 17565
1,17566,1,1,1, 17567
8,17596,1,1,1, 17597
15,17601,2,2,1, 17603
8,17616,1,1,1, 17617
15,17621,2,2,1, 17623
24,17629,1,1,1, 17630
25,17635,2,2,1, 17637
8,17636,1,1,1, 17637
15,17641,2,2,1, 17643
1,17646,1,1,0, 17647
24,17649,1,1,1, 17650
8,17656,1,1,0, 17657
2,17663,2,2,1, 17665
1,17666,1,1,1, 17667
24,17669,1,1,0, 17670
25,17675,2,2,1, 17677
8,17676,1,1,1, 17677
9,17677,2,2,1, 17679
15,17681,2,2,1, 17683
1,17686,1,1,1, 17687
24,17689,1,1,1, 17690
8,17696,1,1,1, 17697
1,17706,1,1,1, 17707
24,17709,1,1,0, 17710
9,17717,2,2,1, 17719
1,17726,1,1,0, 17727
24,17729,1,1,0, 17730
9,17737,2,2,1, 17739
1,17746,1,1,1, 17747
24,17749,1,1,0, 17750
31,17756,2,2,1, 17758
2,17763,2,2,1, 17765
1,17766,1,1,1, 17767
24,17769,1,1,0, 17770
8,17776,1,1,0, 17777
16,17779,2,2,1, 17781
15,17781,2,2,1, 17783
1,17786,1,1,0, 17787
24,17789,1,1,0, 17790
8,17796,1,1,1, 17797
1,17806,1,1,0, 17807
24,17809,1,1,0, 17810
25,17815,2,2,1, 17817
8,17816,1,1,1, 17817
24,17829,1,1,1, 17830
24,17849,1,1,1, 17850
24,17869,1,1,1, 17870
24,17889,1,1,0, 17890
24,17909,1,1,1, 17910
1,17926,1,1,1, 17927
24,17929,1,1,0, 17930
25,17935,2,2,1, 17937
8,17936,1,1,0, 17937
31,17936,2,2,1, 17938
2,17943,2,2,1, 17945
1,17946,1,1,0, 17947
24,17949,1,1,0, 17950
25,17955,2,2,1, 17957
8,17956,1,1,0, 17957
31,17956,2,2,1, 17958
16,17959,2,2,1, 17961
1,17966,1,1,0, 17967
24,17969,1,1,1, 17970
8,17976,1,1,1, 17977
16,17979,2,2,1, 17981
1,17986,1,1,0, 17987
24,17989,1,1,1, 17990
8,17996,1,1,0, 17997
31,17996,2,2,1, 17998
2,18003,2,2,1, 18005
1,18006,1,1,1, 18007
24,18009,1,1,0, 18010
8,18016,1,1,0, 18017
31,18016,2,2,1, 18018
16,18019,2,2,1, 18021
2,18023,2,2,1, 18025
1,18026,1,1,0, 18027
24,18029,1,1,0, 18030
8,18036,1,1,1, 18037
16,18039,2,2,1, 18041
15,18041,2,2,1, 18043
1,18046,1,1,1, 18047
24,18049,1,1,1, 18050
8,18056,1,1,1, 18057
9,18057,2,2,1, 18059
1,18166,1,1,0, 18167
24,18169,1,1,1, 18170
25,18175,2,2,1, 18177
8,18176,1,1,0, 18177
31,18176,2,2,1, 18178
16,18179,2,2,1, 18181
1,18186,1,1,0, 18187
24,18189,1,1,1, 18190
25,18195,2,2,1, 18197
8,18196,1,1,1, 18197
31,18196,2,2,1, 18198
15,18201,2,2,1, 18203
2,18203,2,2,1, 18205
1,18206,1,1,0, 18207
24,18209,1,1,0, 18210
8,18216,1,1,1, 18217
2,18223,2,2,1, 18225
1,18226,1,1,1, 18227
24,18229,1,1,1, 18230
25,18235,2,2,1, 18237
8,18236,1,1,1, 18237
8,18256,1,1,1, 18257
8,18276,1,1,0, 18277
15,18281,2,2,1, 18283
8,18296,1,1,0, 18297
16,18299,2,2,1, 18301
24,18309,1,1,0, 18310
16,18319,2,2,1, 18321
24,18329,1,1,0, 18330
1,18346,1,1,1, 18347
24,18349,1,1,1, 18350
9,18357,2,2,1, 18359
24,18369,1,1,1, 18370
8,18376,1,1,0, 18377
24,18389,1,1,1, 18390
8,18396,1,1,1, 18397
9,18397,2,2,1, 18399
16,18399,2,2,1, 18401
24,18409,1,1,1, 18410
8,18416,1,1,1, 18417
31,18416,2,2,1, 18418
9,18417,2,2,1, 18419
16,18419,2,2,1, 18421
24,18429,1,1,0, 18430
24,18449,1,1,1, 18450
1,18466,1,1,0, 18467
24,18469,1,1,0, 18470
9,18477,2,2,1, 18479
1,18486,1,1,1, 18487
25,18495,2,2,1, 18497
1,18506,1,1,1, 18507
25,18515,2,2,1, 18517
1,18526,1,1,1, 18527
8,18536,1,1,1, 18537
1,18546,1,1,1, 18547
8,18556,1,1,0, 18557
1,18566,1,1,0, 18567
8,18576,1,1,0, 18577
9,18577,2,2,1, 18579
1,18586,1,1,1, 18587
24,18589,1,1,1, 18590
8,18596,1,1,0, 18597
1,18606,1,1,1, 18607
24,18609,1,1,0, 18610
8,18616,1,1,0, 18617
1,18626,1,1,1, 18627
24,18629,1,1,1, 18630
8,18636,1,1,0, 18637
31,18636,2,2,1, 18638
16,18639,2,2,1, 18641
1,18646,1,1,0, 18647
24,18649,1,1,0, 18650
25,18655,2,2,1, 18657
8,18656,1,1,0, 18657
31,18656,2,2,1, 18658
2,18663,2,2,1, 18665
1,18666,1,1,0, 18667
24,18669,1,1,1, 18670
8,18676,1,1,0, 18677
1,18686,1,1,1, 18687
24,18689,1,1,1, 18690
8,18696,1,1,1, 18697
2,18703,2,2,1, 18705
1,18706,1,1,0, 18707
24,18709,1,1,0, 18710
8,18716,1,1,1, 18717
9,18717,2,2,1, 18719
24,18729,1,1,0, 18730
8,18736,1,1,0, 18737
24,18749,1,1,0, 18750
8,18756,1,1,1, 18757
15,18761,2,2,1, 18763
24,18769,1,1,0, 18770
8,18776,1,1,1, 18777
31,18776,2,2,1, 18778
24,18789,1,1,0, 18790
8,18796,1,1,1, 18797
31,18796,2,2,1, 18798
15,18801,2,2,1, 18803
24,18809,1,1,0, 18810
8,18816,1,1,0, 18817
31,18816,2,2,1, 18818
15,18821,2,2,1, 18823
1,18826,1,1,1, 18827
24,18829,1,1,0, 18830
25,18835,2,2,1, 18837
8,18836,1,1,0, 18837
31,18836,2,2,1, 18838
9,18837,2,2,1, 18839
8,18856,1,1,1, 18857
16,18859,2,2,1, 18861
8,18876,1,1,0, 18877
16,18879,2,2,1, 18881
8,18896,1,1,1, 18897
16,18899,2,2,1, 18901
1,18946,1,1,1, 18947
9,18957,2,2,1, 18959
16,18959,2,2,1, 18961
1,18966,1,1,0, 18967
24,18969,1,1,1, 18970
8,18976,1,1,0, 18977
1,18986,1,1,0, 18987
24,18989,1,1,1, 18990
8,18996,1,1,0, 18997
31,18996,2,2,1, 18998
2,19003,2,2,1, 19005
1,19006,1,1,1, 19007
24,19009,1,1,1, 19010
8,19016,1,1,0, 19017
31,19016,2,2,1, 19018
9,19017,2,2,1, 19019
1,19026,1,1,0, 19027
24,19029,1,1,0, 19030
31,19036,2,2,1, 19038
1,19046,1,1,1, 19047
24,19049,1,1,1, 19050
31,19056,2,2,1, 19058
9,19057,2,2,1, 19059
2,19063,2,2,1, 19065
1,19066,1,1,0, 19067
24,19069,1,1,1, 19070
31,19076,2,2,1, 19078
9,19077,2,2,1, 19079
24,19089,1,1,1, 19090
31,19096,2,2,1, 19098
24,19109,1,1,0, 19110
25,19115,2,2,1, 19117
24,19129,1,1,0, 19130
25,19135,2,2,1, 19137
8,19136,1,1,0, 19137
31,19136,2,2,1, 19138
9,19137,2,2,1, 19139
16,19139,2,2,1, 19141
8,19156,1,1,0, 19157
8,19176,1,1,0, 19177
1,19186,1,1,0, 19187
8,19196,1,1,1, 19197
16,19199,2,2,1, 19201
1,19206,1,1,1, 19207
8,19216,1,1,0, 19217
2,19223,2,2,1, 19225
1,19226,1,1,1, 19227
8,19236,1,1,1, 19237
1,19246,1,1,0, 19247
24,19249,1,1,1, 19250
8,19256,1,1,1, 19257
31,19256,2,2,1, 19258
15,19261,2,2,1, 19263
2,19263,2,2,1, 19265
1,19266,1,1,0, 19267
24,19269,1,1,0, 19270
31,19276,2,2,1, 19278
1,19286,1,1,0, 19287
24,19289,1,1,0, 19290
31,19296,2,2,1, 19298
2,19303,2,2,1, 19305
1,19306,1,1,1, 19307
24,19309,1,1,1, 19310
1,19326,1,1,0, 19327
24,19329,1,1,1, 19330
1,19346,1,1,0, 19347
24,19349,1,1,1, 19350
1,19366,1,1,0, 19367
24,19369,1,1,0, 19370
25,19375,2,2,1, 19377
8,19376,1,1,0, 19377
16,19379,2,2,1, 19381
1,19386,1,1,1, 19387
24,19389,1,1,0, 19390
1,19406,1,1,1, 19407
24,19409,1,1,0, 19410
1,19426,1,1,1, 19427
24,19429,1,1,1, 19430
31,19436,2,2,1, 19438
9,19437,2,2,1, 19439
1,19446,1,1,0, 19447
24,19449,1,1,0, 19450
9,19457,2,2,1, 19459
2,19463,2,2,1, 19465
1,19466,1,1,0, 19467
24,19469,1,1,0, 19470
31,19476,2,2,1, 19478
2,19483,2,2,1, 19485
1,19486,1,1,1, 19487
24,19489,1,1,0, 19490
8,19496,1,1,0, 19497
9,19497,2,2,1, 19499
8,19516,1,1,1, 19517
8,19536,1,1,1, 19537
15,19541,2,2,1, 19543
8,19556,1,1,1, 19557
8,19576,1,1,1, 19577
8,19596,1,1,1, 19597
1,19606,1,1,1, 19607
24,19609,1,1,1, 19610
8,19616,1,1,0, 19617
16,19619,2,2,1, 19621
1,19626,1,1,0, 19627
24,19629,1,1,0, 19630
8,19636,1,1,1, 19637
1,19646,1,1,0, 19647
24,19649,1,1,1, 19650
8,19656,1,1,0, 19657
31,19656,2,2,1, 19658
16,19659,2,2,1, 19661
1,19666,1,1,0, 19667
24,19669,1,1,1, 19670
8,19676,1,1,1, 19677
16,19679,2,2,1, 19681
2,19683,2,2,1, 19685
1,19686,1,1,0, 19687
24,19689,1,1,0, 19690
8,19696,1,1,0, 19697
15,19701,2,2,1, 19703
2,19703,2,2,1, 19705
1,19706,1,1,1, 19707
24,19709,1,1,1, 19710
8,19716,1,1,0, 19717
31,19716,2,2,1, 19718
1,19726,1,1,1, 19727
24,19729,1,1,1, 19730
25,19735,2,2,1, 19737
8,19736,1,1,1, 19737
31,19736,2,2,1, 19738
9,19737,2,2,1, 19739
15,19741,2,2,1, 19743
1,19846,1,1,0, 19847
24,19849,1,1,1, 19850
8,19856,1,1,1, 19857
31,19856,2,2,1, 19858
9,19857,2,2,1, 19859
16,19859,2,2,1, 19861
15,19861,2,2,1, 19863
24,19869,1,1,1, 19870
8,19876,1,1,0, 19877
31,19876,2,2,1, 19878
24,19889,1,1,1, 19890
8,19896,1,1,0, 19897
24,19909,1,1,0, 19910
8,19916,1,1,0, 19917
24,19929,1,1,1, 19930
8,19936,1,1,1, 19937
24,19949,1,1,1, 19950
8,19956,1,1,1, 19957
31,19956,2,2,1, 19958
1,19966,1,1,1, 19967
24,19969,1,1,0, 19970
25,19975,2,2,1, 19977
8,19976,1,1,1, 19977
24,19989,1,1,0, 19990
25,19995,2,2,1, 19997
8,19996,1,1,0, 19997
15,20001,2,2,1, 20003
24,20009,1,1,0, 20010
25,20015,2,2,1, 20017
8,20016,1,1,1, 20017
15,20021,2,2,1, 20023
24,20029,1,1,0, 20030
25,20035,2,2,1, 20037
8,20036,1,1,1, 20037
24,20049,1,1,1, 20050
8,20056,1,1,1, 20057
15,20061,2,2,1, 20063
24,20069,1,1,1, 20070
8,20076,1,1,0, 20077
15,20081,2,2,1, 20083
1,20086,1,1,0, 20087
24,20089,1,1,0, 20090
8,20096,1,1,1, 20097
31,20096,2,2,1, 20098
2,20103,2,2,1, 20105
1,20106,1,1,0, 20107
1,20126,1,1,0, 20127
9,20137,2,2,1, 20139
1,20146,1,1,0, 20147
1,20166,1,1,1, 20167
1,20186,1,1,0, 20187
9,20197,2,2,1, 20199
1,20206,1,1,0, 20207
24,20209,1,1,1, 20210
25,20215,2,2,1, 20217
8,20216,1,1,1, 20217
16,20219,2,2,1, 20221
1,20226,1,1,0, 20227
24,20229,1,1,1, 20230
8,20236,1,1,0, 20237
1,20246,1,1,0, 20247
24,20249,1,1,0, 20250
25,20255,2,2,1, 20257
8,20256,1,1,0, 20257
1,20266,1,1,1, 20267
24,20269,1,1,1, 20270
25,20275,2,2,1, 20277
8,20276,1,1,0, 20277
24,20289,1,1,0, 20290
8,20296,1,1,1, 20297
31,20296,2,2,1, 20298
24,20309,1,1,1, 20310
8,20316,1,1,1, 20317
31,20316,2,2,1, 20318
24,20329,1,1,0, 20330
8,20336,1,1,1, 20337
31,20336,2,2,1, 20338
15,20341,2,2,1, 20343
24,20349,1,1,1, 20350
8,20356,1,1,1, 20357
16,20359,2,2,1, 20361
24,20369,1,1,0, 20370
8,20376,1,1,0, 20377
16,20379,2,2,1, 20381
15,20381,2,2,1, 20383
1,20386,1,1,1, 20387
24,20389,1,1,1, 20390
25,20395,2,2,1, 20397
8,20396,1,1,1, 20397
9,20397,2,2,1, 20399
16,20399,2,2,1, 20401
2,20403,2,2,1, 20405
1,20406,1,1,0, 20407
24,20409,1,1,1, 20410
25,20415,2,2,1, 20417
1,20426,1,1,1, 20427
24,20429,1,1,1, 20430
9,20437,2,2,1, 20439
1,20446,1,1,1, 20447
24,20449,1,1,1, 20450
9,20457,2,2,1, 20459
24,20469,1,1,1, 20470
31,20476,2,2,1, 20478
24,20489,1,1,1, 20490
24,20509,1,1,0, 20510
8,20516,1,1,1, 20517
9,20517,2,2,1, 20519
1,20526,1,1,0, 20527
24,20529,1,1,0, 20530
25,20535,2,2,1, 20537
8,20536,1,1,0, 20537
1,20546,1,1,1, 20547
24,20549,1,1,1, 20550
25,20555,2,2,1, 20557
8,20556,1,1,0, 20557
1,20566,1,1,0, 20567
24,20569,1,1,0, 20570
25,20575,2,2,1, 20577
8,20576,1,1,0, 20577
9,20577,2,2,1, 20579
16,20579,2,2,1, 20581
1,20586,1,1,1, 20587
24,20589,1,1,0, 20590
8,20596,1,1,1, 20597
1,20606,1,1,0, 20607
24,20609,1,1,1, 20610
8,20616,1,1,0, 20617
15,20621,2,2,1, 20623
1,20626,1,1,0, 20627
24,20629,1,1,1, 20630
25,20635,2,2,1, 20637
8,20636,1,1,0, 20637
31,20636,2,2,1, 20638
15,20641,2,2,1, 20643
2,20643,2,2,1, 20645
1,20646,1,1,0, 20647
24,20649,1,1,0, 20650
8,20656,1,1,0, 20657
9,20657,2,2,1, 20659
1,20666,1,1,0, 20667
24,20669,1,1,0, 20670
8,20676,1,1,0, 20677
9,20677,2,2,1, 20679
16,20679,2,2,1, 20681
15,20681,2,2,1, 20683
1,20686,1,1,1, 20687
24,20689,1,1,0, 20690
8,20696,1,1,0, 20697
31,20696,2,2,1, 20698
9,20697,2,2,1, 20699
16,20699,2,2,1, 20701
1,20766,1,1,0, 20767
1,20786,1,1,0, 20787
1,20806,1,1,1, 20807
24,20809,1,1,0, 20810
25,20815,2,2,1, 20817
8,20816,1,1,0, 20817
16,20819,2,2,1, 20821
2,20823,2,2,1, 20825
1,20826,1,1,1, 20827
24,20829,1,1,0, 20830
8,20836,1,1,1, 20837
9,20837,2,2,1, 20839
1,20846,1,1,0, 20847
24,20849,1,1,1, 20850
8,20856,1,1,1, 20857
1,20866,1,1,0, 20867
24,20869,1,1,0, 20870
8,20876,1,1,1, 20877
9,20877,2,2,1, 20879
24,20889,1,1,0, 20890
8,20896,1,1,1, 20897
24,20909,1,1,1, 20910
8,20916,1,1,1, 20917
24,20929,1,1,1, 20930
8,20936,1,1,0, 20937
16,20939,2,2,1, 20941
15,20941,2,2,1, 20943
1,20946,1,1,0, 20947
24,20949,1,1,1, 20950
25,20955,2,2,1, 20957
8,20956,1,1,0, 20957
9,20957,2,2,1, 20959
2,20963,2,2,1, 20965
1,20966,1,1,1, 20967
24,20969,1,1,0, 20970
8,20976,1,1,1, 20977
31,20976,2,2,1, 20978
9,20977,2,2,1, 20979
15,20981,2,2,1, 20983
1,20986,1,1,1, 20987
24,20989,1,1,0, 20990
8,20996,1,1,1, 20997
31,20996,2,2,1, 20998
9,20997,2,2,1, 20999
24,21009,1,1,1, 21010
24,21029,1,1,0, 21030
24,21049,1,1,0, 21050
15,21061,2,2,1, 21063
2,21063,2,2,1, 21065
1,21066,1,1,1, 21067
24,21069,1,1,0, 21070
8,21076,1,1,1, 21077
2,21083,2,2,1, 21085
1,21086,1,1,1, 21087
24,21089,1,1,1, 21090
8,21096,1,1,1, 21097
15,21101,2,2,1, 21103
1,21106,1,1,1, 21107
24,21109,1,1,0, 21110
8,21116,1,1,1, 21117
24,21129,1,1,0, 21130
31,21136,2,2,1, 21138
24,21149,1,1,0, 21150
31,21156,2,2,1, 21158
24,21169,1,1,0, 21170
24,21189,1,1,1, 21190
24,21209,1,1,0, 21210
1,21226,1,1,1, 21227
24,21229,1,1,1, 21230
8,21236,1,1,0, 21237
1,21246,1,1,0, 21247
24,21249,1,1,1, 21250
8,21256,1,1,0, 21257
9,21257,2,2,1, 21259
1,21266,1,1,1, 21267
24,21269,1,1,1, 21270
8,21276,1,1,1, 21277
1,21286,1,1,1, 21287
24,21289,1,1,1, 21290
8,21296,1,1,1, 21297
9,21297,2,2,1, 21299
1,21306,1,1,1, 21307
24,21309,1,1,0, 21310
8,21316,1,1,1, 21317
1,21326,1,1,0, 21327
24,21329,1,1,1, 21330
8,21336,1,1,1, 21337
9,21337,2,2,1, 21339
1,21346,1,1,1, 21347
24,21349,1,1,1, 21350
25,21355,2,2,1, 21357
8,21356,1,1,1, 21357
15,21361,2,2,1, 21363
1,21366,1,1,0, 21367
24,21369,1,1,0, 21370
31,21376,2,2,1, 21378
1,21386,1,1,1, 21387
24,21389,1,1,0, 21390
1,21406,1,1,1, 21407
24,21409,1,1,1, 21410
2,21423,2,2,1, 21425
1,21426,1,1,1, 21427
24,21429,1,1,1, 21430
1,21446,1,1,0, 21447
24,21449,1,1,1, 21450
2,21463,2,2,1, 21465
1,21466,1,1,0, 21467
24,21469,1,1,0, 21470
8,21476,1,1,0, 21477
16,21479,2,2,1, 21481
24,21489,1,1,0, 21490
25,21495,2,2,1, 21497
24,21509,1,1,1, 21510
25,21515,2,2,1, 21517
31,21516,2,2,1, 21518
24,21529,1,1,1, 21530
31,21536,2,2,1, 21538
24,21549,1,1,0, 21550
31,21556,2,2,1, 21558
24,21569,1,1,0, 21570
31,21576,2,2,1, 21578
1,21586,1,1,0, 21587
24,21589,1,1,1, 21590
8,21596,1,1,1, 21597
9,21597,2,2,1, 21599
16,21599,2,2,1, 21601
1,21606,1,1,1, 21607
25,21615,2,2,1, 21617
8,21616,1,1,1, 21617
1,21626,1,1,0, 21627
8,21636,1,1,1, 21637
1,21646,1,1,0, 21647
8,21656,1,1,1, 21657
1,21666,1,1,0, 21667
24,21669,1,1,1, 21670
8,21676,1,1,0, 21677
16,21679,2,2,1, 21681
1,21686,1,1,1, 21687
24,21689,1,1,0, 21690
8,21696,1,1,1, 21697
31,21696,2,2,1, 21698
1,21706,1,1,0, 21707
24,21709,1,1,0, 21710
8,21716,1,1,0, 21717
31,21716,2,2,1, 21718
16,21719,2,2,1, 21721
15,21721,2,2,1, 21723
2,21723,2,2,1, 21725
1,21726,1,1,0, 21727
24,21729,1,1,0, 21730
8,21736,1,1,1, 21737
9,21737,2,2,1, 21739
2,21743,2,2,1, 21745
1,21746,1,1,1, 21747
24,21749,1,1,1, 21750
8,21756,1,1,0, 21757
15,21761,2,2,1, 21763
1,21766,1,1,1, 21767
24,21769,1,1,0, 21770
8,21776,1,1,1, 21777
15,21781,2,2,1, 21783
1,21786,1,1,0, 21787
24,21789,1,1,1, 21790
8,21796,1,1,1, 21797
1,21806,1,1,0, 21807
24,21809,1,1,0, 21810
25,21815,2,2,1, 21817
8,21816,1,1,0, 21817
9,21817,2,2,1, 21819
15,21821,2,2,1, 21823
1,21826,1,1,0, 21827
24,21829,1,1,1, 21830
8,21836,1,1,0, 21837
16,21839,2,2,1, 21841
24,21849,1,1,1, 21850
31,21856,2,2,1, 21858
16,21859,2,2,1, 21861
24,21869,1,1,0, 21870
16,21879,2,2,1, 21881
24,21889,1,1,1, 21890
31,21896,2,2,1, 21898
16,21899,2,2,1, 21901
24,21909,1,1,1, 21910
16,21919,2,2,1, 21921
24,21929,1,1,0, 21930
1,21946,1,1,0, 21947
24,21949,1,1,1, 21950
25,21955,2,2,1, 21957
8,21956,1,1,1, 21957
9,21957,2,2,1, 21959
1,21966,1,1,0, 21967
24,21969,1,1,0, 21970
8,21976,1,1,0, 21977
1,21986,1,1,1, 21987
24,21989,1,1,0, 21990
8,21996,1,1,0, 21997
1,22006,1,1,0, 22007
24,22009,1,1,1, 22010
8,22016,1,1,0, 22017
31,22016,2,2,1, 22018
9,22017,2,2,1, 22019
1,22026,1,1,0, 22027
24,22029,1,1,1, 22030
25,22035,2,2,1, 22037
8,22036,1,1,1, 22037
31,22036,2,2,1, 22038
9,22037,2,2,1, 22039
1,22046,1,1,0, 22047
24,22049,1,1,1, 22050
25,22055,2,2,1, 22057
8,22056,1,1,0, 22057
9,22057,2,2,1, 22059
15,22061,2,2,1, 22063
2,22063,2,2,1, 22065
1,22066,1,1,1, 22067
24,22069,1,1,0, 22070
25,22075,2,2,1, 22077
8,22076,1,1,1, 22077
9,22077,2,2,1, 22079
16,22079,2,2,1, 22081
8,22096,1,1,1, 22097
15,22101,2,2,1, 22103
8,22116,1,1,1, 22117
9,22117,2,2,1, 22119
16,22119,2,2,1, 22121
8,22136,1,1,1, 22137
16,22139,2,2,1, 22141
8,22156,1,1,0, 22157
8,22176,1,1,1, 22177
1,22186,1,1,0, 22187
24,22189,1,1,0, 22190
8,22196,1,1,1, 22197
31,22196,2,2,1, 22198
1,22206,1,1,0, 22207
24,22209,1,1,1, 22210
8,22216,1,1,1, 22217
9,22217,2,2,1, 22219
16,22219,2,2,1, 22221
1,22226,1,1,0, 22227
24,22229,1,1,1, 22230
8,22236,1,1,0, 22237
1,22246,1,1,1, 22247
24,22249,1,1,0, 22250
25,22255,2,2,1, 22257
8,22256,1,1,1, 22257
9,22257,2,2,1, 22259
15,22261,2,2,1, 22263
1,22266,1,1,1, 22267
24,22269,1,1,0, 22270
8,22276,1,1,1, 22277
1,22286,1,1,0, 22287
24,22289,1,1,1, 22290
8,22296,1,1,1, 22297
2,22303,2,2,1, 22305
1,22306,1,1,0, 22307
24,22309,1,1,0, 22310
8,22316,1,1,0, 22317
9,22317,2,2,1, 22319
24,22329,1,1,1, 22330
31,22336,2,2,1, 22338
24,22349,1,1,1, 22350
31,22356,2,2,1, 22358
24,22369,1,1,1, 22370
24,22389,1,1,0, 22390
25,22395,2,2,1, 22397
8,22396,1,1,0, 22397
24,22409,1,1,0, 22410
25,22415,2,2,1, 22417
8,22416,1,1,0, 22417
16,22419,2,2,1, 22421
1,22426,1,1,1, 22427
24,22429,1,1,0, 22430
8,22436,1,1,0, 22437
1,22446,1,1,1, 22447
24,22449,1,1,0, 22450
1,22466,1,1,0, 22467
24,22469,1,1,1, 22470
9,22477,2,2,1, 22479
1,22486,1,1,0, 22487
24,22489,1,1,1, 22490
9,22497,2,2,1, 22499
1,22506,1,1,0, 22507
24,22509,1,1,1, 22510
1,22526,1,1,1, 22527
24,22529,1,1,0, 22530
2,22543,2,2,1, 22545
1,22546,1,1,1, 22547
24,22549,1,1,0, 22550
8,22556,1,1,1, 22557
8,22576,1,1,0, 22577
8,22596,1,1,0, 22597
8,22616,1,1,1, 22617
8,22636,1,1,1, 22637
8,22656,1,1,1, 22657
1,22666,1,1,0, 22667
24,22669,1,1,1, 22670
25,22675,2,2,1, 22677
8,22676,1,1,0, 22677
16,22679,2,2,1, 22681
15,22681,2,2,1, 22683
2,22683,2,2,1, 22685
24,22689,1,1,1, 22690
8,22696,1,1,1, 22697
31,22696,2,2,1, 22698
15,22701,2,2,1, 22703
24,22709,1,1,0, 22710
8,22716,1,1,0, 22717
31,22716,2,2,1, 22718
15,22721,2,2,1, 22723
24,22729,1,1,0, 22730
8,22736,1,1,1, 22737
31,22736,2,2,1, 22738
24,22749,1,1,0, 22750
8,22756,1,1,1, 22757
24,22769,1,1,1, 22770
8,22776,1,1,0, 22777
31,22776,2,2,1, 22778
24,22789,1,1,0, 22790
25,22795,2,2,1, 22797
8,22796,1,1,0, 22797
31,22796,2,2,1, 22798
9,22797,2,2,1, 22799
1,22806,1,1,1, 22807
2,22823,2,2,1, 22825
1,22826,1,1,1, 22827
25,22835,2,2,1, 22837
9,22837,2,2,1, 22839
1,22846,1,1,1, 22847
8,22916,1,1,1, 22917
9,22917,2,2,1, 22919
2,22923,2,2,1, 22925
1,22926,1,1,0, 22927
24,22929,1,1,0, 22930
25,22935,2,2,1, 22937
8,22936,1,1,1, 22937
31,22936,2,2,1, 22938
1,22946,1,1,0, 22947
24,22949,1,1,1, 22950
8,22956,1,1,1, 22957
31,22956,2,2,1, 22958
1,22966,1,1,1, 22967
24,22969,1,1,0, 22970
8,22976,1,1,0, 22977
31,22976,2,2,1, 22978
2,22983,2,2,1, 22985
1,22986,1,1,1, 22987
24,22989,1,1,1, 22990
8,22996,1,1,0, 22997
2,23003,2,2,1, 23005
1,23006,1,1,0, 23007
24,23009,1,1,0, 23010
8,23016,1,1,0, 23017
1,23026,1,1,1, 23027
24,23029,1,1,0, 23030
8,23036,1,1,1, 23037
16,23039,2,2,1, 23041
1,23046,1,1,0, 23047
24,23049,1,1,0, 23050
1,23066,1,1,0, 23067
24,23069,1,1,1, 23070
25,23075,2,2,1, 23077
1,23086,1,1,0, 23087
24,23089,1,1,1, 23090
25,23095,2,2,1, 23097
31,23096,2,2,1, 23098
16,23099,2,2,1, 23101
1,23106,1,1,1, 23107
24,23109,1,1,0, 23110
24,23129,1,1,1, 23130
24,23149,1,1,1, 23150
8,23156,1,1,0, 23157
9,23157,2,2,1, 23159
24,23169,1,1,1, 23170
25,23175,2,2,1, 23177
8,23176,1,1,0, 23177
24,23189,1,1,1, 23190
8,23196,1,1,0, 23197
9,23197,2,2,1, 23199
24,23209,1,1,1, 23210
8,23216,1,1,1, 23217
31,23216,2,2,1, 23218
15,23221,2,2,1, 23223
8,23236,1,1,1, 23237
9,23237,2,2,1, 23239
16,23239,2,2,1, 23241
8,23256,1,1,1, 23257
1,23266,1,1,1, 23267
8,23276,1,1,1, 23277
16,23279,2,2,1, 23281
1,23286,1,1,0, 23287
1,23306,1,1,1, 23307
1,23326,1,1,0, 23327
24,23329,1,1,0, 23330
1,23346,1,1,0, 23347
24,23349,1,1,0, 23350
9,23357,2,2,1, 23359
1,23366,1,1,0, 23367
24,23369,1,1,0, 23370
9,23377,2,2,1, 23379
16,23379,2,2,1, 23381
1,23386,1,1,0, 23387
24,23389,1,1,0, 23390
8,23396,1,1,0, 23397
9,23397,2,2,1, 23399
16,23399,2,2,1, 23401
15,23401,2,2,1, 23403
1,23406,1,1,1, 23407
24,23409,1,1,1, 23410
8,23416,1,1,1, 23417
31,23416,2,2,1, 23418
9,23417,2,2,1, 23419
2,23423,2,2,1, 23425
1,23426,1,1,0, 23427
24,23429,1,1,0, 23430
8,23436,1,1,1, 23437
2,23443,2,2,1, 23445
1,23446,1,1,0, 23447
24,23449,1,1,0, 23450
8,23456,1,1,0, 23457
15,23461,2,2,1, 23463
2,23463,2,2,1, 23465
1,23466,1,1,0, 23467
24,23469,1,1,0, 23470
8,23476,1,1,1, 23477
15,23481,2,2,1, 23483
2,23483,2,2,1, 23485
1,23486,1,1,1, 23487
24,23489,1,1,0, 23490
8,23496,1,1,0, 23497
15,23501,2,2,1, 23503
1,23506,1,1,1, 23507
24,23509,1,1,0, 23510
25,23515,2,2,1, 23517
8,23516,1,1,0, 23517
24,23529,1,1,1, 23530
24,23549,1,1,1, 23550
24,23569,1,1,1, 23570
25,23575,2,2,1, 23577
24,23589,1,1,0, 23590
25,23595,2,2,1, 23597
24,23609,1,1,1, 23610
1,23626,1,1,1, 23627
24,23629,1,1,1, 23630
25,23635,2,2,1, 23637
8,23636,1,1,0, 23637
15,23641,2,2,1, 23643
1,23646,1,1,1, 23647
24,23649,1,1,0, 23650
8,23656,1,1,1, 23657
16,23659,2,2,1, 23661
1,23666,1,1,1, 23667
24,23669,1,1,0, 23670
8,23676,1,1,0, 23677
31,23676,2,2,1, 23678
1,23686,1,1,1, 23687
24,23689,1,1,0, 23690
8,23696,1,1,0, 23697
16,23699,2,2,1, 23701
1,23706,1,1,0, 23707
24,23709,1,1,1, 23710
8,23716,1,1,1, 23717
31,23716,2,2,1, 23718
16,23719,2,2,1, 23721
1,23726,1,1,0, 23727
24,23729,1,1,0, 23730
8,23736,1,1,0, 23737
16,23739,2,2,1, 23741
15,23741,2,2,1, 23743
2,23743,2,2,1, 23745
1,23746,1,1,1, 23747
24,23749,1,1,1, 23750
25,23755,2,2,1, 23757
8,23756,1,1,0, 23757
16,23759,2,2,1, 23761
1,23766,1,1,1, 23767
25,23775,2,2,1, 23777
1,23786,1,1,1, 23787
2,23803,2,2,1, 23805
1,23806,1,1,1, 23807
25,23815,2,2,1, 23817
1,23826,1,1,1, 23827
1,23846,1,1,1, 23847
1,23866,1,1,1, 23867
24,23869,1,1,1, 23870
8,23876,1,1,1, 23877
15,23881,2,2,1, 23883
1,23886,1,1,1, 23887
24,23889,1,1,0, 23890
8,23896,1,1,1, 23897
15,23901,2,2,1, 23903
2,23903,2,2,1, 23905
1,23906,1,1,1, 23907
24,23909,1,1,0, 23910
8,23916,1,1,0, 23917
9,23917,2,2,1, 23919
15,23921,2,2,1, 23923
2,23923,2,2,1, 23925
1,23926,1,1,1, 23927
24,23929,1,1,1, 23930
8,23936,1,1,0, 23937
9,23937,2,2,1, 23939
24,23949,1,1,1, 23950
24,23969,1,1,1, 23970
24,23989,1,1,0, 23990
15,24001,2,2,1, 24003
1,24006,1,1,1, 24007
24,24009,1,1,1, 24010
8,24016,1,1,0, 24017
1,24026,1,1,1, 24027
24,24029,1,1,1, 24030
8,24036,1,1,1, 24037
1,24046,1,1,0, 24047
24,24049,1,1,0, 24050
25,24055,2,2,1, 24057
8,24056,1,1,0, 24057
31,24056,2,2,1, 24058
9,24057,2,2,1, 24059
24,24069,1,1,1, 24070
8,24076,1,1,1, 24077
9,24077,2,2,1, 24079
24,24089,1,1,1, 24090
8,24096,1,1,0, 24097
31,24096,2,2,1, 24098
24,24109,1,1,1, 24110
8,24116,1,1,1, 24117
31,24116,2,2,1, 24118
9,24117,2,2,1, 24119
1,24166,1,1,1, 24167
25,24175,2,2,1, 24177
1,24186,1,1,0, 24187
24,24189,1,1,0, 24190
8,24196,1,1,0, 24197
1,24206,1,1,1, 24207
24,24209,1,1,1, 24210
8,24216,1,1,0, 24217
9,24217,2,2,1, 24219
16,24219,2,2,1, 24221
1,24226,1,1,0, 24227
24,24229,1,1,0, 24230
8,24236,1,1,1, 24237
31,24236,2,2,1, 24238
15,24241,2,2,1, 24243
2,24243,2,2,1, 24245
1,24246,1,1,0, 24247
24,24249,1,1,1, 24250
31,24256,2,2,1, 24258
1,24266,1,1,0, 24267
24,24269,1,1,0, 24270
1,24286,1,1,0, 24287
24,24289,1,1,0, 24290
2,24303,2,2,1, 24305
1,24306,1,1,1, 24307
24,24309,1,1,1, 24310
1,24326,1,1,1, 24327
24,24329,1,1,0, 24330
1,24346,1,1,0, 24347
24,24349,1,1,1, 24350
25,24355,2,2,1, 24357
8,24356,1,1,0, 24357
31,24356,2,2,1, 24358
9,24357,2,2,1, 24359
16,24359,2,2,1, 24361
15,24361,2,2,1, 24363
24,24369,1,1,0, 24370
8,24376,1,1,1, 24377
9,24377,2,2,1, 24379
15,24381,2,2,1, 24383
24,24389,1,1,0, 24390
8,24396,1,1,0, 24397
15,24401,2,2,1, 24403
24,24409,1,1,0, 24410
25,24415,2,2,1, 24417
8,24416,1,1,1, 24417
15,24421,2,2,1, 24423
24,24429,1,1,1, 24430
25,24435,2,2,1, 24437
24,24449,1,1,1, 24450
2,24463,2,2,1, 24465
1,24466,1,1,0, 24467
24,24469,1,1,0, 24470
16,24479,2,2,1, 24481
1,24486,1,1,0, 24487
24,24489,1,1,1, 24490
8,24496,1,1,0, 24497
31,24496,2,2,1, 24498
16,24499,2,2,1, 24501
15,24501,2,2,1, 24503
1,24506,1,1,0, 24507
24,24509,1,1,1, 24510
8,24516,1,1,0, 24517
1,24526,1,1,0, 24527
24,24529,1,1,1, 24530
8,24536,1,1,1, 24537
31,24536,2,2,1, 24538
16,24539,2,2,1, 24541
2,24543,2,2,1, 24545
1,24546,1,1,1, 24547
2,24563,2,2,1, 24565
1,24566,1,1,0, 24567
9,24577,2,2,1, 24579
2,24583,2,2,1, 24585
1,24586,1,1,0, 24587
9,24597,2,2,1, 24599
24,24609,1,1,1, 24610
31,24616,2,2,1, 24618
16,24619,2,2,1, 24621
24,24629,1,1,1, 24630
25,24635,2,2,1, 24637
31,24636,2,2,1, 24638
24,24649,1,1,1, 24650
8,24656,1,1,0, 24657
24,24669,1,1,1, 24670
8,24676,1,1,1, 24677
24,24689,1,1,1, 24690
8,24696,1,1,1, 24697
1,24706,1,1,1, 24707
24,24709,1,1,0, 24710
8,24716,1,1,0, 24717
1,24726,1,1,0, 24727
8,24736,1,1,1, 24737
16,24739,2,2,1, 24741
15,24741,2,2,1, 24743
1,24746,1,1,0, 24747
8,24756,1,1,0, 24757
9,24757,2,2,1, 24759
16,24759,2,2,1, 24761
15,24761,2,2,1, 24763
1,24766,1,1,0, 24767
8,24776,1,1,0, 24777
9,24777,2,2,1, 24779
1,24786,1,1,1, 24787
24,24789,1,1,1, 24790
1,24806,1,1,0, 24807
24,24809,1,1,1, 24810
31,24816,2,2,1, 24818
1,24826,1,1,0, 24827
24,24829,1,1,0, 24830
31,24836,2,2,1, 24838
24,24849,1,1,1, 24850
16,24859,2,2,1, 24861
24,24869,1,1,0, 24870
16,24879,2,2,1, 24881
24,24889,1,1,1, 24890
8,24896,1,1,1, 24897
9,24897,2,2,1, 24899
24,24909,1,1,1, 24910
8,24916,1,1,1, 24917
31,24916,2,2,1, 24918
15,24921,2,2,1, 24923
24,24929,1,1,1, 24930
8,24936,1,1,0, 24937
9,24937,2,2,1, 24939
1,24946,1,1,0, 24947
24,24949,1,1,0, 24950
8,24956,1,1,0, 24957
2,24963,2,2,1, 24965
1,24966,1,1,1, 24967
25,24975,2,2,1, 24977
2,24983,2,2,1, 24985
1,24986,1,1,0, 24987
1,25006,1,1,1, 25007
25,25015,2,2,1, 25017
2,25023,2,2,1, 25025
8,25076,1,1,1, 25077
24,25089,1,1,0, 25090
8,25096,1,1,1, 25097
24,25109,1,1,0, 25110
8,25116,1,1,0, 25117
24,25129,1,1,0, 25130
8,25136,1,1,0, 25137
31,25136,2,2,1, 25138
24,25149,1,1,0, 25150
8,25156,1,1,1, 25157
24,25169,1,1,1, 25170
8,25176,1,1,1, 25177
1,25186,1,1,1, 25187
24,25189,1,1,0, 25190
8,25196,1,1,1, 25197
9,25197,2,2,1, 25199
16,25199,2,2,1, 25201
1,25206,1,1,0, 25207
1,25226,1,1,0, 25227
1,25246,1,1,0, 25247
1,25266,1,1,0, 25267
1,25286,1,1,0, 25287
1,25306,1,1,1, 25307
24,25309,1,1,1, 25310
25,25315,2,2,1, 25317
8,25316,1,1,0, 25317
16,25319,2,2,1, 25321
2,25323,2,2,1, 25325
1,25326,1,1,0, 25327
24,25329,1,1,0, 25330
25,25335,2,2,1, 25337
8,25336,1,1,0, 25337
1,25346,1,1,1, 25347
24,25349,1,1,0, 25350
8,25356,1,1,0, 25357
31,25356,2,2,1, 25358
15,25361,2,2,1, 25363
2,25363,2,2,1, 25365
1,25366,1,1,1, 25367
24,25369,1,1,0, 25370
8,25376,1,1,1, 25377
31,25376,2,2,1, 25378
9,25377,2,2,1, 25379
24,25389,1,1,1, 25390
31,25396,2,2,1, 25398
24,25409,1,1,0, 25410
25,25415,2,2,1, 25417
24,25429,1,1,0, 25430
25,25435,2,2,1, 25437
31,25436,2,2,1, 25438
15,25441,2,2,1, 25443
24,25449,1,1,0, 25450
8,25456,1,1,1, 25457
16,25459,2,2,1, 25461
15,25461,2,2,1, 25463
24,25469,1,1,1, 25470
8,25476,1,1,1, 25477
9,25477,2,2,1, 25479
16,25479,2,2,1, 25481
1,25486,1,1,0, 25487
24,25489,1,1,1, 25490
8,25496,1,1,1, 25497
9,25497,2,2,1, 25499
16,25499,2,2,1, 25501
1,25506,1,1,1, 25507
25,25515,2,2,1, 25517
1,25526,1,1,1, 25527
25,25535,2,2,1, 25537
1,25546,1,1,0, 25547
24,25609,1,1,0, 25610
8,25616,1,1,0, 25617
31,25616,2,2,1, 25618
9,25617,2,2,1, 25619
15,25621,2,2,1, 25623
1,25626,1,1,1, 25627
24,25629,1,1,1, 25630
25,25635,2,2,1, 25637
8,25636,1,1,0, 25637
31,25636,2,2,1, 25638
2,25643,2,2,1, 25645
1,25646,1,1,0, 25647
24,25649,1,1,1, 25650
25,25655,2,2,1, 25657
8,25656,1,1,0, 25657
1,25666,1,1,0, 25667
24,25669,1,1,1, 25670
8,25676,1,1,1, 25677
2,25683,2,2,1, 25685
1,25686,1,1,0, 25687
24,25689,1,1,1, 25690
8,25696,1,1,1, 25697
1,25706,1,1,1, 25707
24,25709,1,1,0, 25710
8,25716,1,1,0, 25717
15,25721,2,2,1, 25723
1,25726,1,1,0, 25727
24,25729,1,1,1, 25730
8,25736,1,1,1, 25737
1,25746,1,1,0, 25747
24,25749,1,1,1, 25750
1,25766,1,1,0, 25767
24,25769,1,1,1, 25770
16,25779,2,2,1, 25781
2,25783,2,2,1, 25785
1,25786,1,1,0, 25787
24,25789,1,1,1, 25790
8,25856,1,1,1, 25857
8,25876,1,1,0, 25877
8,25896,1,1,0, 25897
9,25897,2,2,1, 25899
1,25906,1,1,1, 25907
24,25909,1,1,0, 25910
8,25916,1,1,1, 25917
1,25926,1,1,0, 25927
24,25929,1,1,0, 25930
25,25935,2,2,1, 25937
8,25936,1,1,1, 25937
16,25939,2,2,1, 25941
1,25946,1,1,1, 25947
24,25949,1,1,1, 25950
25,25955,2,2,1, 25957
8,25956,1,1,0, 25957
16,25959,2,2,1, 25961
15,25961,2,2,1, 25963
2,25963,2,2,1, 25965
1,25966,1,1,0, 25967
24,25969,1,1,0, 25970
25,25975,2,2,1, 25977
8,25976,1,1,1, 25977
2,25983,2,2,1, 25985
1,25986,1,1,0, 25987
24,25989,1,1,0, 25990
25,25995,2,2,1, 25997
8,25996,1,1,0, 25997
24,26009,1,1,1, 26010
8,26016,1,1,1, 26017
24,26029,1,1,0, 26030
25,26035,2,2,1, 26037
8,26036,1,1,0, 26037
9,26037,2,2,1, 26039
2,26043,2,2,1, 26045
1,26046,1,1,1, 26047
24,26049,1,1,1, 26050
8,26056,1,1,0, 26057
1,26066,1,1,1, 26067
24,26069,1,1,1, 26070
8,26076,1,1,0, 26077
31,26076,2,2,1, 26078
9,26077,2,2,1, 26079
1,26086,1,1,0, 26087
24,26089,1,1,1, 26090
8,26096,1,1,0, 26097
9,26097,2,2,1, 26099
24,26109,1,1,1, 26110
8,26116,1,1,1, 26117
9,26117,2,2,1, 26119
24,26129,1,1,0, 26130
8,26136,1,1,0, 26137
9,26137,2,2,1, 26139
24,26149,1,1,1, 26150
8,26156,1,1,0, 26157
31,26156,2,2,1, 26158
24,26169,1,1,0, 26170
25,26175,2,2,1, 26177
16,26179,2,2,1, 26181
24,26189,1,1,1, 26190
1,26206,1,1,0, 26207
24,26209,1,1,1, 26210
25,26215,2,2,1, 26217
9,26217,2,2,1, 26219
16,26219,2,2,1, 26221
1,26226,1,1,0, 26227
24,26229,1,1,0, 26230
16,26239,2,2,1, 26241
1,26246,1,1,0, 26247
24,26249,1,1,0, 26250
1,26266,1,1,0, 26267
24,26269,1,1,0, 26270
8,26276,1,1,0, 26277
15,26281,2,2,1, 26283
1,26286,1,1,0, 26287
24,26289,1,1,0, 26290
25,26295,2,2,1, 26297
8,26296,1,1,1, 26297
31,26296,2,2,1, 26298
9,26297,2,2,1, 26299
1,26306,1,1,1, 26307
24,26309,1,1,1, 26310
25,26315,2,2,1, 26317
8,26316,1,1,1, 26317
31,26316,2,2,1, 26318
9,26317,2,2,1, 26319
15,26321,2,2,1, 26323
1,26326,1,1,1, 26327
24,26329,1,1,0, 26330
8,26336,1,1,0, 26337
31,26336,2,2,1, 26338
9,26337,2,2,1, 26339
24,26349,1,1,1, 26350
8,26356,1,1,1, 26357
15,26361,2,2,1, 26363
24,26369,1,1,0, 26370
8,26376,1,1,0, 26377
15,26381,2,2,1, 26383
24,26389,1,1,0, 26390
8,26396,1,1,0, 26397
31,26396,2,2,1, 26398
8,26416,1,1,0, 26417
8,26436,1,1,0, 26437
1,26446,1,1,1, 26447
25,26455,2,2,1, 26457
8,26456,1,1,1, 26457
9,26457,2,2,1, 26459
2,26463,2,2,1, 26465
1,26466,1,1,1, 26467
8,26476,1,1,0, 26477
2,26483,2,2,1, 26485
1,26486,1,1,1, 26487
8,26496,1,1,1, 26497
2,26503,2,2,1, 26505
1,26506,1,1,0, 26507
24,26509,1,1,1, 26510
8,26516,1,1,1, 26517
16,26519,2,2,1, 26521
15,26521,2,2,1, 26523
1,26526,1,1,0, 26527
24,26529,1,1,1, 26530
31,26536,2,2,1, 26538
16,26539,2,2,1, 26541
2,26543,2,2,1, 26545
1,26546,1,1,0, 26547
24,26549,1,1,1, 26550
31,26556,2,2,1, 26558
16,26559,2,2,1, 26561
2,26563,2,2,1, 26565
1,26566,1,1,1, 26567
24,26569,1,1,0, 26570
25,26575,2,2,1, 26577
31,26576,2,2,1, 26578
16,26579,2,2,1, 26581
1,26586,1,1,1, 26587
24,26589,1,1,1, 26590
1,26606,1,1,0, 26607
24,26609,1,1,1, 26610
1,26626,1,1,1, 26627
24,26629,1,1,1, 26630
8,26636,1,1,0, 26637
24,26649,1,1,1, 26650
8,26656,1,1,0, 26657
9,26657,2,2,1, 26659
24,26669,1,1,0, 26670
8,26676,1,1,1, 26677
9,26677,2,2,1, 26679
24,26689,1,1,0, 26690
8,26696,1,1,1, 26697
31,26696,2,2,1, 26698
1,26706,1,1,0, 26707
24,26709,1,1,0, 26710
2,26723,2,2,1, 26725
1,26726,1,1,1, 26727
24,26729,1,1,0, 26730
25,26735,2,2,1, 26737
31,26736,2,2,1, 26738
1,26746,1,1,0, 26747
24,26749,1,1,0, 26750
1,26766,1,1,0, 26767
24,26769,1,1,0, 26770
2,26783,2,2,1, 26785
1,26786,1,1,0, 26787
24,26789,1,1,0, 26790
1,26806,1,1,0, 26807
24,26809,1,1,0, 26810
8,26816,1,1,1, 26817
24,26829,1,1,1, 26830
8,26836,1,1,1, 26837
15,26841,2,2,1, 26843
24,26849,1,1,1, 26850
8,26856,1,1,1, 26857
24,26869,1,1,1, 26870
8,26876,1,1,1, 26877
31,26876,2,2,1, 26878
9,26877,2,2,1, 26879
15,26881,2,2,1, 26883
24,26889,1,1,1, 26890
31,26896,2,2,1, 26898
24,26909,1,1,0, 26910
31,26916,2,2,1, 26918
1,26926,1,1,0, 26927
24,26929,1,1,0, 26930
9,26937,2,2,1, 26939
16,26939,2,2,1, 26941
15,26941,2,2,1, 26943
8,26956,1,1,0, 26957
8,26976,1,1,0, 26977
15,26981,2,2,1, 26983
8,26996,1,1,0, 26997
8,27016,1,1,1, 27017
16,27019,2,2,1, 27021
8,27036,1,1,1, 27037
16,27039,2,2,1, 27041
1,27046,1,1,0, 27047
25,27055,2,2,1, 27057
8,27056,1,1,1, 27057
16,27059,2,2,1, 27061
1,27066,1,1,0, 27067
24,27069,1,1,0, 27070
8,27076,1,1,1, 27077
1,27086,1,1,0, 27087
24,27089,1,1,1, 27090
8,27096,1,1,1, 27097
15,27101,2,2,1, 27103
1,27106,1,1,1, 27107
24,27109,1,1,0, 27110
8,27116,1,1,0, 27117
15,27121,2,2,1, 27123
1,27126,1,1,0, 27127
24,27129,1,1,1, 27130
8,27136,1,1,1, 27137
31,27136,2,2,1, 27138
1,27146,1,1,1, 27147
24,27149,1,1,1, 27150
8,27156,1,1,1, 27157
1,27166,1,1,1, 27167
24,27169,1,1,1, 27170
25,27175,2,2,1, 27177
8,27176,1,1,1, 27177
9,27177,2,2,1, 27179
16,27179,2,2,1, 27181
24,27189,1,1,0, 27190
24,27209,1,1,0, 27210
24,27229,1,1,1, 27230
24,27249,1,1,1, 27250
24,27269,1,1,0, 27270
1,27286,1,1,1, 27287
24,27289,1,1,0, 27290
25,27295,2,2,1, 27297
8,27296,1,1,1, 27297
31,27296,2,2,1, 27298
16,27299,2,2,1, 27301
24,27309,1,1,0, 27310
8,27316,1,1,0, 27317
31,27316,2,2,1, 27318
15,27321,2,2,1, 27323
24,27329,1,1,0, 27330
8,27336,1,1,1, 27337
24,27349,1,1,1, 27350
8,27356,1,1,0, 27357
31,27356,2,2,1, 27358
24,27369,1,1,1, 27370
8,27376,1,1,0, 27377
24,27389,1,1,0, 27390
8,27396,1,1,0, 27397
1,27406,1,1,0, 27407
24,27409,1,1,1, 27410
8,27416,1,1,1, 27417
24,27429,1,1,0, 27430
8,27436,1,1,1, 27437
15,27441,2,2,1, 27443
24,27449,1,1,1, 27450
8,27456,1,1,1, 27457
24,27469,1,1,0, 27470
8,27476,1,1,0, 27477
16,27479,2,2,1, 27481
24,27489,1,1,1, 27490
24,27509,1,1,0, 27510
1,27526,1,1,0, 27527
24,27529,1,1,1, 27530
25,27535,2,2,1, 27537
31,27536,2,2,1, 27538
2,27543,2,2,1, 27545
1,27546,1,1,0, 27547
2,27563,2,2,1, 27565
1,27566,1,1,1, 27567
9,27577,2,2,1, 27579
2,27583,2,2,1, 27585
1,27586,1,1,1, 27587
25,27655,2,2,1, 27657
8,27656,1,1,1, 27657
9,27657,2,2,1, 27659
16,27659,2,2,1, 27661
15,27661,2,2,1, 27663
24,27669,1,1,1, 27670
8,27676,1,1,1, 27677
24,27689,1,1,0, 27690
8,27696,1,1,0, 27697
31,27696,2,2,1, 27698
1,27706,1,1,1, 27707
24,27709,1,1,0, 27710
8,27716,1,1,1, 27717
1,27726,1,1,1, 27727
24,27729,1,1,0, 27730
8,27736,1,1,0, 27737
1,27746,1,1,0, 27747
24,27749,1,1,1, 27750
8,27756,1,1,0, 27757
1,27766,1,1,0, 27767
24,27769,1,1,1, 27770
8,27776,1,1,0, 27777
16,27779,2,2,1, 27781
1,27786,1,1,0, 27787
24,27789,1,1,0, 27790
1,27806,1,1,1, 27807
24,27809,1,1,1, 27810
1,27826,1,1,0, 27827
24,27829,1,1,0, 27830
1,27846,1,1,0, 27847
24,27849,1,1,0, 27850
1,27866,1,1,1, 27867
24,27869,1,1,1, 27870
2,27883,2,2,1, 27885
1,27886,1,1,0, 27887
24,27889,1,1,0, 27890
25,27895,2,2,1, 27897
8,27896,1,1,1, 27897
8,27916,1,1,0, 27917
15,27921,2,2,1, 27923
8,27936,1,1,0, 27937
15,27941,2,2,1, 27943
8,27956,1,1,0, 27957
8,27976,1,1,0, 27977
8,27996,1,1,0, 27997
1,28006,1,1,1, 28007
24,28009,1,1,0, 28010
8,28016,1,1,0, 28017
16,28019,2,2,1, 28021
15,28021,2,2,1, 28023
1,28026,1,1,1, 28027
24,28029,1,1,0, 28030
25,28035,2,2,1, 28037
1,28046,1,1,0, 28047
24,28049,1,1,0, 28050
9,28057,2,2,1, 28059
2,28063,2,2,1, 28065
1,28066,1,1,1, 28067
24,28069,1,1,0, 28070
9,28077,2,2,1, 28079
1,28086,1,1,0, 28087
24,28089,1,1,1, 28090
1,28106,1,1,1, 28107
24,28109,1,1,1, 28110
9,28117,2,2,1, 28119
1,28126,1,1,1, 28127
24,28129,1,1,1, 28130
8,28136,1,1,1, 28137
31,28136,2,2,1, 28138
15,28141,2,2,1, 28143
1,28146,1,1,1, 28147
24,28149,1,1,0, 28150
8,28156,1,1,0, 28157
31,28156,2,2,1, 28158
9,28157,2,2,1, 28159
15,28161,2,2,1, 28163
1,28166,1,1,1, 28167
24,28169,1,1,1, 28170
25,28175,2,2,1, 28177
8,28176,1,1,1, 28177
31,28176,2,2,1, 28178
2,28183,2,2,1, 28185
1,28186,1,1,0, 28187
24,28189,1,1,1, 28190
25,28195,2,2,1, 28197
8,28196,1,1,1, 28197
9,28197,2,2,1, 28199
24,28209,1,1,0, 28210
24,28229,1,1,1, 28230
24,28249,1,1,0, 28250
15,28261,2,2,1, 28263
24,28269,1,1,0, 28270
8,28276,1,1,1, 28277
16,28279,2,2,1, 28281
15,28281,2,2,1, 28283
24,28289,1,1,0, 28290
8,28296,1,1,0, 28297
9,28297,2,2,1, 28299
16,28299,2,2,1, 28301
15,28301,2,2,1, 28303
1,28306,1,1,0, 28307
24,28309,1,1,0, 28310
8,28316,1,1,0, 28317
9,28317,2,2,1, 28319
16,28319,2,2,1, 28321
1,28326,1,1,0, 28327
24,28329,1,1,1, 28330
1,28346,1,1,0, 28347
24,28349,1,1,0, 28350
2,28363,2,2,1, 28365
1,28366,1,1,1, 28367
24,28369,1,1,1, 28370
2,28383,2,2,1, 28385
1,28386,1,1,1, 28387
24,28389,1,1,0, 28390
1,28406,1,1,0, 28407
24,28409,1,1,0, 28410
1,28426,1,1,0, 28427
24,28429,1,1,0, 28430
16,28439,2,2,1, 28441
1,28446,1,1,1, 28447
24,28449,1,1,0, 28450
8,28456,1,1,1, 28457
1,28466,1,1,1, 28467
24,28469,1,1,1, 28470
25,28475,2,2,1, 28477
8,28476,1,1,0, 28477
31,28476,2,2,1, 28478
1,28486,1,1,1, 28487
24,28489,1,1,0, 28490
8,28496,1,1,0, 28497
31,28496,2,2,1, 28498
2,28503,2,2,1, 28505
1,28506,1,1,1, 28507
24,28509,1,1,0, 28510
8,28516,1,1,1, 28517
2,28523,2,2,1, 28525
1,28526,1,1,1, 28527
24,28529,1,1,1, 28530
25,28535,2,2,1, 28537
8,28536,1,1,1, 28537
1,28546,1,1,0, 28547
24,28549,1,1,0, 28550
8,28556,1,1,0, 28557
16,28559,2,2,1, 28561
15,28561,2,2,1, 28563
24,28569,1,1,0, 28570
16,28579,2,2,1, 28581
24,28589,1,1,0, 28590
24,28609,1,1,1, 28610
31,28616,2,2,1, 28618
24,28629,1,1,0, 28630
31,28636,2,2,1, 28638
24,28649,1,1,0, 28650
31,28656,2,2,1, 28658
1,28666,1,1,1, 28667
24,28669,1,1,0, 28670
8,28676,1,1,1, 28677
2,28683,2,2,1, 28685
1,28686,1,1,0, 28687
25,28695,2,2,1, 28697
8,28696,1,1,1, 28697
2,28703,2,2,1, 28705
1,28706,1,1,0, 28707
8,28716,1,1,1, 28717
9,28717,2,2,1, 28719
2,28723,2,2,1, 28725
1,28726,1,1,1, 28727
25,28735,2,2,1, 28737
8,28736,1,1,1, 28737
9,28737,2,2,1, 28739
8,28756,1,1,0, 28757
8,28776,1,1,0, 28777
24,28789,1,1,0, 28790
8,28796,1,1,0, 28797
15,28801,2,2,1, 28803
24,28809,1,1,0, 28810
8,28816,1,1,0, 28817
15,28821,2,2,1, 28823
24,28829,1,1,0, 28830
8,28836,1,1,1, 28837
15,28841,2,2,1, 28843
1,28846,1,1,1, 28847
24,28849,1,1,1, 28850
8,28856,1,1,0, 28857
15,28861,2,2,1, 28863
1,28866,1,1,0, 28867
24,28869,1,1,0, 28870
8,28876,1,1,0, 28877
2,28883,2,2,1, 28885
1,28886,1,1,0, 28887
24,28889,1,1,0, 28890
8,28896,1,1,0, 28897
2,28903,2,2,1, 28905
1,28906,1,1,1, 28907
24,28909,1,1,0, 28910
8,28916,1,1,0, 28917
31,28916,2,2,1, 28918
16,28919,2,2,1, 28921
1,28926,1,1,1, 28927
24,28929,1,1,0, 28930
9,28937,2,2,1, 28939
1,28946,1,1,1, 28947
24,28949,1,1,0, 28950
9,28957,2,2,1, 28959
16,28959,2,2,1, 28961
1,28966,1,1,1, 28967
24,28969,1,1,1, 28970
24,28989,1,1,0, 28990
25,28995,2,2,1, 28997
16,28999,2,2,1, 29001
24,29009,1,1,1, 29010
16,29019,2,2,1, 29021
24,29029,1,1,1, 29030
25,29035,2,2,1, 29037
8,29036,1,1,0, 29037
9,29037,2,2,1, 29039
16,29039,2,2,1, 29041
24,29049,1,1,1, 29050
25,29055,2,2,1, 29057
8,29056,1,1,0, 29057
24,29069,1,1,0, 29070
25,29075,2,2,1, 29077
8,29076,1,1,0, 29077
2,29083,2,2,1, 29085
1,29086,1,1,0, 29087
24,29089,1,1,0, 29090
8,29096,1,1,1, 29097
31,29096,2,2,1, 29098
9,29097,2,2,1, 29099
2,29103,2,2,1, 29105
1,29106,1,1,0, 29107
8,29116,1,1,1, 29117
1,29126,1,1,0, 29127
8,29136,1,1,0, 29137
1,29146,1,1,1, 29147
8,29156,1,1,1, 29157
2,29163,2,2,1, 29165
1,29166,1,1,0, 29167
8,29176,1,1,0, 29177
15,29181,2,2,1, 29183
2,29183,2,2,1, 29185
1,29186,1,1,0, 29187
8,29196,1,1,1, 29197
2,29203,2,2,1, 29205
1,29206,1,1,1, 29207
24,29209,1,1,0, 29210
8,29216,1,1,0, 29217
31,29216,2,2,1, 29218
16,29219,2,2,1, 29221
24,29229,1,1,0, 29230
31,29236,2,2,1, 29238
24,29249,1,1,0, 29250
24,29269,1,1,0, 29270
24,29289,1,1,0, 29290
24,29309,1,1,1, 29310
1,29326,1,1,1, 29327
24,29329,1,1,1, 29330
8,29336,1,1,0, 29337
9,29337,2,2,1, 29339
16,29339,2,2,1, 29341
1,29346,1,1,0, 29347
24,29349,1,1,0, 29350
8,29356,1,1,0, 29357
31,29356,2,2,1, 29358
2,29363,2,2,1, 29365
1,29366,1,1,1, 29367
24,29369,1,1,1, 29370
8,29376,1,1,0, 29377
31,29376,2,2,1, 29378
2,29383,2,2,1, 29385
1,29386,1,1,0, 29387
24,29389,1,1,0, 29390
25,29395,2,2,1, 29397
8,29396,1,1,1, 29397
15,29401,2,2,1, 29403
2,29403,2,2,1, 29405
1,29406,1,1,0, 29407
25,29415,2,2,1, 29417
8,29416,1,1,0, 29417
1,29426,1,1,0, 29427
8,29436,1,1,1, 29437
15,29441,2,2,1, 29443
1,29446,1,1,1, 29447
8,29456,1,1,0, 29457
9,29457,2,2,1, 29459
1,29466,1,1,1, 29467
8,29476,1,1,0, 29477
9,29477,2,2,1, 29479
1,29486,1,1,1, 29487
8,29496,1,1,0, 29497
9,29497,2,2,1, 29499
16,29499,2,2,1, 29501
15,29501,2,2,1, 29503
1,29506,1,1,0, 29507
8,29516,1,1,0, 29517
16,29519,2,2,1, 29521
24,29569,1,1,0, 29570
24,29589,1,1,0, 29590
16,29599,2,2,1, 29601
24,29609,1,1,0, 29610
16,29619,2,2,1, 29621
24,29629,1,1,1, 29630
8,29636,1,1,1, 29637
9,29637,2,2,1, 29639
16,29639,2,2,1, 29641
15,29641,2,2,1, 29643
2,29643,2,2,1, 29645
1,29646,1,1,1, 29647
24,29649,1,1,0, 29650
8,29656,1,1,1, 29657
9,29657,2,2,1, 29659
1,29666,1,1,0, 29667
24,29669,1,1,1, 29670
8,29676,1,1,0, 29677
2,29683,2,2,1, 29685
1,29686,1,1,0, 29687
24,29689,1,1,1, 29690
8,29696,1,1,1, 29697
9,29697,2,2,1, 29699
24,29709,1,1,1, 29710
8,29716,1,1,0, 29717
31,29716,2,2,1, 29718
24,29729,1,1,0, 29730
8,29736,1,1,0, 29737
24,29749,1,1,0, 29750
8,29756,1,1,1, 29757
31,29756,2,2,1, 29758
16,29759,2,2,1, 29761
1,29766,1,1,0, 29767
24,29769,1,1,0, 29770
25,29775,2,2,1, 29777
8,29776,1,1,0, 29777
16,29779,2,2,1, 29781
1,29786,1,1,1, 29787
24,29789,1,1,1, 29790
25,29795,2,2,1, 29797
8,29796,1,1,0, 29797
1,29806,1,1,1, 29807
24,29809,1,1,1, 29810
25,29815,2,2,1, 29817
8,29816,1,1,0, 29817
16,29819,2,2,1, 29821
1,29826,1,1,1, 29827
24,29829,1,1,0, 29830
8,29836,1,1,1, 29837
15,29841,2,2,1, 29843
1,29846,1,1,1, 29847
24,29849,1,1,1, 29850
8,29856,1,1,0, 29857
15,29861,2,2,1, 29863
1,29866,1,1,0, 29867
24,29869,1,1,1, 29870
8,29876,1,1,1, 29877
31,29876,2,2,1, 29878
9,29877,2,2,1, 29879
1,29986,1,1,1, 29987
24,29989,1,1,0, 29990
8,29996,1,1,1, 29997
16,29999,2,2,1, 30001
2,30003,2,2,1, 30005
1,30006,1,1,1, 30007
24,30009,1,1,1, 30010
25,30015,2,2,1, 30017
8,30016,1,1,1, 30017
2,30023,2,2,1, 30025
1,30026,1,1,1, 30027
24,30029,1,1,0, 30030
25,30035,2,2,1, 30037
8,30036,1,1,0, 30037
9,30037,2,2,1, 30039
1,30046,1,1,0, 30047
24,30049,1,1,1, 30050
25,30055,2,2,1, 30057
8,30056,1,1,1, 30057
24,30069,1,1,0, 30070
25,30075,2,2,1, 30077
24,30089,1,1,0, 30090
25,30095,2,2,1, 30097
24,30109,1,1,0, 30110
25,30115,2,2,1, 30117
8,30136,1,1,1, 30137
9,30137,2,2,1, 30139
16,30139,2,2,1, 30141
8,30156,1,1,0, 30157
9,30157,2,2,1, 30159
16,30159,2,2,1, 30161
1,30166,1,1,0, 30167
8,30176,1,1,0, 30177
9,30177,2,2,1, 30179
16,30179,2,2,1, 30181
1,30186,1,1,1, 30187
1,30206,1,1,0, 30207
1,30226,1,1,0, 30227
24,30229,1,1,1, 30230
1,30246,1,1,1, 30247
24,30249,1,1,0, 30250
25,30255,2,2,1, 30257
16,30259,2,2,1, 30261
1,30266,1,1,1, 30267
24,30269,1,1,1, 30270
25,30275,2,2,1, 30277
1,30286,1,1,0, 30287
24,30289,1,1,0, 30290
8,30296,1,1,1, 30297
15,30301,2,2,1, 30303
2,30303,2,2,1, 30305
1,30306,1,1,0, 30307
24,30309,1,1,1, 30310
8,30316,1,1,0, 30317
31,30316,2,2,1, 30318
15,30321,2,2,1, 30323
2,30323,2,2,1, 30325
1,30326,1,1,0, 30327
24,30329,1,1,0, 30330
8,30336,1,1,1, 30337
1,30346,1,1,0, 30347
24,30349,1,1,1, 30350
8,30356,1,1,1, 30357
24,30369,1,1,1, 30370
24,30389,1,1,0, 30390
24,30409,1,1,1, 30410
24,30429,1,1,0, 30430
24,30449,1,1,0, 30450
1,30466,1,1,1, 30467
24,30469,1,1,0, 30470
25,30475,2,2,1, 30477
8,30476,1,1,0, 30477
9,30477,2,2,1, 30479
16,30479,2,2,1, 30481
1,30486,1,1,1, 30487
8,30496,1,1,0, 30497
16,30499,2,2,1, 30501
1,30506,1,1,1, 30507
25,30515,2,2,1, 30517
8,30516,1,1,0, 30517
1,30526,1,1,0, 30527
25,30535,2,2,1, 30537
8,30536,1,1,0, 30537
2,30543,2,2,1, 30545
1,30546,1,1,0, 30547
25,30555,2,2,1, 30557
8,30556,1,1,0, 30557
16,30559,2,2,1, 30561
15,30561,2,2,1, 30563
1,30566,1,1,0, 30567
8,30576,1,1,1, 30577
15,30581,2,2,1, 30583
1,30586,1,1,1, 30587
24,30589,1,1,0, 30590
8,30596,1,1,0, 30597
31,30596,2,2,1, 30598
24,30609,1,1,0, 30610
8,30616,1,1,0, 30617
31,30616,2,2,1, 30618
24,30629,1,1,0, 30630
8,30636,1,1,1, 30637
9,30637,2,2,1, 30639
24,30649,1,1,1, 30650
8,30656,1,1,1, 30657
31,30656,2,2,1, 30658
24,30669,1,1,0, 30670
8,30676,1,1,1, 30677
9,30677,2,2,1, 30679
24,30689,1,1,0, 30690
8,30696,1,1,1, 30697
1,30706,1,1,1, 30707
24,30709,1,1,1, 30710
25,30715,2,2,1, 30717
8,30716,1,1,1, 30717
9,30717,2,2,1, 30719
24,30729,1,1,1, 30730
24,30749,1,1,1, 30750
24,30769,1,1,1, 30770
24,30789,1,1,0, 30790
24,30809,1,1,1, 30810
1,30826,1,1,1, 30827
24,30829,1,1,0, 30830
8,30836,1,1,1, 30837
31,30836,2,2,1, 30838
1,30846,1,1,1, 30847
24,30849,1,1,0, 30850
8,30856,1,1,1, 30857
31,30856,2,2,1, 30858
2,30863,2,2,1, 30865
1,30866,1,1,1, 30867
24,30869,1,1,0, 30870
8,30876,1,1,1, 30877
31,30876,2,2,1, 30878
1,30886,1,1,0, 30887
24,30889,1,1,0, 30890
8,30896,1,1,0, 30897
9,30897,2,2,1, 30899
8,30916,1,1,0, 30917
8,30936,1,1,1, 30937
8,30956,1,1,0, 30957
15,30961,2,2,1, 30963
8,30976,1,1,1, 30977
15,30981,2,2,1, 30983
8,30996,1,1,0, 30997
15,31001,2,2,1, 31003
1,31006,1,1,1, 31007
8,31016,1,1,1, 31017
9,31017,2,2,1, 31019
24,31029,1,1,1, 31030
24,31049,1,1,1, 31050
31,31056,2,2,1, 31058
24,31069,1,1,0, 31070
24,31089,1,1,0, 31090
31,31096,2,2,1, 31098
24,31109,1,1,0, 31110
31,31116,2,2,1, 31118
1,31126,1,1,0, 31127
24,31129,1,1,0, 31130
8,31136,1,1,1, 31137
31,31136,2,2,1, 31138
2,31143,2,2,1, 31145
1,31146,1,1,0, 31147
25,31155,2,2,1, 31157
8,31156,1,1,0, 31157
2,31163,2,2,1, 31165
1,31166,1,1,0, 31167
8,31176,1,1,0, 31177
1,31186,1,1,0, 31187
8,31196,1,1,0, 31197
8,31216,1,1,1, 31217
8,31236,1,1,1, 31237
25,31255,2,2,1, 31257
8,31256,1,1,0, 31257
16,31259,2,2,1, 31261
1,31266,1,1,1, 31267
24,31269,1,1,0, 31270
8,31276,1,1,0, 31277
31,31276,2,2,1, 31278
1,31286,1,1,0, 31287
24,31289,1,1,1, 31290
8,31296,1,1,1, 31297
31,31296,2,2,1, 31298
1,31306,1,1,1, 31307
24,31309,1,1,0, 31310
8,31316,1,1,1, 31317
31,31316,2,2,1, 31318
15,31321,2,2,1, 31323
8,31336,1,1,1, 31337
9,31337,2,2,1, 31339
15,31341,2,2,1, 31343
8,31356,1,1,0, 31357
9,31357,2,2,1, 31359
8,31376,1,1,1, 31377
9,31377,2,2,1, 31379
16,31379,2,2,1, 31381
1,31486,1,1,0, 31487
24,31489,1,1,0, 31490
8,31496,1,1,0, 31497
9,31497,2,2,1, 31499
24,31509,1,1,1, 31510
8,31516,1,1,1, 31517
24,31529,1,1,0, 31530
8,31536,1,1,0, 31537
24,31549,1,1,1, 31550
8,31556,1,1,0, 31557
24,31569,1,1,0, 31570
8,31576,1,1,1, 31577
24,31589,1,1,0, 31590
8,31596,1,1,1, 31597
1,31606,1,1,0, 31607
24,31609,1,1,0, 31610
25,31615,2,2,1, 31617
8,31616,1,1,0, 31617
24,31629,1,1,1, 31630
8,31636,1,1,1, 31637
9,31637,2,2,1, 31639
24,31649,1,1,1, 31650
8,31656,1,1,1, 31657
9,31657,2,2,1, 31659
24,31669,1,1,0, 31670
8,31676,1,1,1, 31677
31,31676,2,2,1, 31678
24,31689,1,1,1, 31690
31,31696,2,2,1, 31698
24,31709,1,1,0, 31710
1,31726,1,1,1, 31727
24,31729,1,1,1, 31730
25,31735,2,2,1, 31737
15,31741,2,2,1, 31743
1,31746,1,1,1, 31747
24,31749,1,1,0, 31750
8,31756,1,1,1, 31757
1,31766,1,1,1, 31767
24,31769,1,1,0, 31770
8,31776,1,1,1, 31777
16,31779,2,2,1, 31781
1,31786,1,1,0, 31787
24,31789,1,1,1, 31790
8,31796,1,1,1, 31797
16,31799,2,2,1, 31801
2,31803,2,2,1, 31805
1,31806,1,1,1, 31807
24,31809,1,1,0, 31810
8,31816,1,1,0, 31817
15,31821,2,2,1, 31823
1,31826,1,1,1, 31827
24,31829,1,1,0, 31830
8,31836,1,1,0, 31837
2,31843,2,2,1, 31845
1,31846,1,1,0, 31847
24,31849,1,1,1, 31850
25,31855,2,2,1, 31857
8,31856,1,1,0, 31857
31,31856,2,2,1, 31858
9,31857,2,2,1, 31859
24,31869,1,1,1, 31870
25,31875,2,2,1, 31877
24,31889,1,1,0, 31890
25,31895,2,2,1, 31897
31,31896,2,2,1, 31898
24,31909,1,1,1, 31910
25,31915,2,2,1, 31917
24,31929,1,1,0, 31930
24,31949,1,1,1, 31950
1,31966,1,1,0, 31967
24,31969,1,1,0, 31970
8,31976,1,1,0, 31977
31,31976,2,2,1, 31978
9,31977,2,2,1, 31979
8,31996,1,1,1, 31997
8,32016,1,1,1, 32017
8,32036,1,1,0, 32037
8,32056,1,1,1, 32057
8,32076,1,1,1, 32077
1,32086,1,1,0, 32087
24,32089,1,1,0, 32090
8,32096,1,1,0, 32097
9,32097,2,2,1, 32099
16,32099,2,2,1, 32101
2,32103,2,2,1, 32105
24,32109,1,1,0, 32110
31,32116,2,2,1, 32118
24,32129,1,1,0, 32130
31,32136,2,2,1, 32138
24,32149,1,1,0, 32150
31,32156,2,2,1, 32158
24,32169,1,1,0, 32170
24,32189,1,1,0, 32190
31,32196,2,2,1, 32198
24,32209,1,1,0, 32210
8,32216,1,1,1, 32217
31,32216,2,2,1, 32218
9,32217,2,2,1, 32219
16,32219,2,2,1, 32221
8,32236,1,1,1, 32237
15,32241,2,2,1, 32243
8,32256,1,1,0, 32257
8,32276,1,1,0, 32277
8,32296,1,1,0, 32297
8,32316,1,1,0, 32317
1,32326,1,1,0, 32327
24,32329,1,1,0, 32330
8,32336,1,1,1, 32337
9,32337,2,2,1, 32339
24,32349,1,1,1, 32350
31,32356,2,2,1, 32358
24,32369,1,1,1, 32370
31,32376,2,2,1, 32378
24,32389,1,1,0, 32390
31,32396,2,2,1, 32398
24,32409,1,1,1, 32410
31,32416,2,2,1, 32418
24,32429,1,1,1, 32430
31,32436,2,2,1, 32438
1,32446,1,1,0, 32447
24,32449,1,1,0, 32450
8,32456,1,1,0, 32457
31,32456,2,2,1, 32458
9,32457,2,2,1, 32459
15,32461,2,2,1, 32463
8,32476,1,1,1, 32477
8,32496,1,1,1, 32497
9,32497,2,2,1, 32499
15,32501,2,2,1, 32503
8,32516,1,1,1, 32517
9,32517,2,2,1, 32519
1,32566,1,1,0, 32567
31,32576,2,2,1, 32578
15,32581,2,2,1, 32583
1,32586,1,1,0, 32587
24,32589,1,1,1, 32590
8,32596,1,1,1, 32597
1,32606,1,1,0, 32607
24,32609,1,1,1, 32610
8,32616,1,1,0, 32617
31,32616,2,2,1, 32618
16,32619,2,2,1, 32621
1,32626,1,1,0, 32627
24,32629,1,1,0, 32630
8,32636,1,1,1, 32637
31,32636,2,2,1, 32638
1,32646,1,1,0, 32647
8,32656,1,1,0, 32657
16,32659,2,2,1, 32661
15,32661,2,2,1, 32663
1,32666,1,1,1, 32667
8,32676,1,1,0, 32677
2,32683,2,2,1, 32685
1,32686,1,1,1, 32687
25,32695,2,2,1, 32697
8,32696,1,1,1, 32697
9,32697,2,2,1, 32699
1,32806,1,1,0, 32807
24,32809,1,1,0, 32810
8,32816,1,1,0, 32817
9,32817,2,2,1, 32819
15,32821,2,2,1, 32823
24,32829,1,1,1, 32830
8,32836,1,1,1, 32837
15,32841,2,2,1, 32843
24,32849,1,1,0, 32850
8,32856,1,1,0, 32857
24,32869,1,1,1, 32870
8,32876,1,1,0, 32877
31,32876,2,2,1, 32878
24,32889,1,1,1, 32890
8,32896,1,1,1, 32897
24,32909,1,1,0, 32910
8,32916,1,1,1, 32917
1,32926,1,1,1, 32927
24,32929,1,1,0, 32930
8,32936,1,1,0, 32937
15,32941,2,2,1, 32943
2,32943,2,2,1, 32945
1,32946,1,1,1, 32947
24,32949,1,1,1, 32950
16,32959,2,2,1, 32961
24,32969,1,1,1, 32970
24,32989,1,1,1, 32990
24,33009,1,1,1, 33010
31,33016,2,2,1, 33018
24,33029,1,1,0, 33030
31,33036,2,2,1, 33038
24,33049,1,1,1, 33050
25,33055,2,2,1, 33057
8,33056,1,1,1, 33057
1,33066,1,1,0, 33067
8,33076,1,1,0, 33077
15,33081,2,2,1, 33083
2,33083,2,2,1, 33085
1,33086,1,1,1, 33087
8,33096,1,1,0, 33097
1,33106,1,1,1, 33107
8,33116,1,1,1, 33117
15,33121,2,2,1, 33123
2,33123,2,2,1, 33125
1,33126,1,1,0, 33127
8,33136,1,1,1, 33137
15,33141,2,2,1, 33143
2,33143,2,2,1, 33145
1,33146,1,1,0, 33147
8,33156,1,1,0, 33157
1,33166,1,1,1, 33167
24,33169,1,1,1, 33170
8,33176,1,1,1, 33177
16,33179,2,2,1, 33181
24,33189,1,1,0, 33190
31,33196,2,2,1, 33198
24,33209,1,1,1, 33210
16,33219,2,2,1, 33221
24,33229,1,1,1, 33230
31,33236,2,2,1, 33238
16,33239,2,2,1, 33241
24,33249,1,1,1, 33250
24,33269,1,1,0, 33270
16,33279,2,2,1, 33281
1,33286,1,1,0, 33287
24,33289,1,1,0, 33290
8,33296,1,1,1, 33297
9,33297,2,2,1, 33299
16,33299,2,2,1, 33301
15,33301,2,2,1, 33303
1,33306,1,1,0, 33307
24,33309,1,1,0, 33310
8,33316,1,1,0, 33317
9,33317,2,2,1, 33319
15,33321,2,2,1, 33323
1,33326,1,1,0, 33327
24,33329,1,1,0, 33330
8,33336,1,1,1, 33337
15,33341,2,2,1, 33343
1,33346,1,1,0, 33347
24,33349,1,1,0, 33350
8,33356,1,1,0, 33357
9,33357,2,2,1, 33359
1,33366,1,1,0, 33367
24,33369,1,1,1, 33370
2,33383,2,2,1, 33385
1,33386,1,1,0, 33387
24,33389,1,1,1, 33390
2,33403,2,2,1, 33405
1,33406,1,1,1, 33407
24,33409,1,1,1, 33410
25,33415,2,2,1, 33417
16,33419,2,2,1, 33421
24,33429,1,1,1, 33430
25,33435,2,2,1, 33437
8,33436,1,1,1, 33437
24,33449,1,1,0, 33450
8,33456,1,1,0, 33457
31,33456,2,2,1, 33458
16,33459,2,2,1, 33461
24,33469,1,1,1, 33470
8,33476,1,1,0, 33477
31,33476,2,2,1, 33478
15,33481,2,2,1, 33483
8,33496,1,1,0, 33497
16,33499,2,2,1, 33501
8,33516,1,1,0, 33517
16,33519,2,2,1, 33521
1,33526,1,1,0, 33527
8,33536,1,1,1, 33537
9,33537,2,2,1, 33539
1,33546,1,1,0, 33547
1,33566,1,1,1, 33567
25,33575,2,2,1, 33577
9,33577,2,2,1, 33579
1,33586,1,1,1, 33587
24,33649,1,1,1, 33650
8,33656,1,1,0, 33657
31,33656,2,2,1, 33658
9,33657,2,2,1, 33659
24,33669,1,1,1, 33670
8,33676,1,1,1, 33677
31,33676,2,2,1, 33678
9,33677,2,2,1, 33679
24,33689,1,1,0, 33690
8,33696,1,1,1, 33697
31,33696,2,2,1, 33698
16,33699,2,2,1, 33701
1,33706,1,1,0, 33707
24,33709,1,1,1, 33710
8,33716,1,1,1, 33717
1,33726,1,1,0, 33727
8,33736,1,1,1, 33737
1,33746,1,1,0, 33747
25,33755,2,2,1, 33757
8,33756,1,1,1, 33757
1,33766,1,1,0, 33767
25,33775,2,2,1, 33777
8,33776,1,1,0, 33777
15,33781,2,2,1, 33783
2,33783,2,2,1, 33785
1,33786,1,1,0, 33787
8,33796,1,1,0, 33797
16,33799,2,2,1, 33801
15,33801,2,2,1, 33803
2,33803,2,2,1, 33805
1,33806,1,1,0, 33807
8,33816,1,1,0, 33817
2,33823,2,2,1, 33825
1,33826,1,1,0, 33827
24,33829,1,1,0, 33830
8,33836,1,1,1, 33837
24,33849,1,1,0, 33850
24,33869,1,1,1, 33870
24,33889,1,1,0, 33890
24,33909,1,1,0, 33910
24,33929,1,1,0, 33930
1,33946,1,1,0, 33947
24,33949,1,1,1, 33950
8,33956,1,1,1, 33957
31,33956,2,2,1, 33958
16,33959,2,2,1, 33961
1,33966,1,1,1, 33967
24,33969,1,1,0, 33970
8,33976,1,1,0, 33977
1,33986,1,1,0, 33987
24,33989,1,1,0, 33990
8,33996,1,1,1, 33997
31,33996,2,2,1, 33998
1,34006,1,1,1, 34007
24,34009,1,1,1, 34010
8,34016,1,1,0, 34017
31,34016,2,2,1, 34018
1,34026,1,1,1, 34027
24,34029,1,1,0, 34030
8,34036,1,1,0, 34037
31,34036,2,2,1, 34038
15,34041,2,2,1, 34043
1,34046,1,1,1, 34047
24,34049,1,1,1, 34050
8,34056,1,1,0, 34057
31,34056,2,2,1, 34058
1,34066,1,1,0, 34067
24,34069,1,1,1, 34070
8,34076,1,1,1, 34077
16,34079,2,2,1, 34081
2,34083,2,2,1, 34085
1,34086,1,1,0, 34087
24,34089,1,1,0, 34090
16,34099,2,2,1, 34101
2,34103,2,2,1, 34105
1,34106,1,1,1, 34107
24,34109,1,1,0, 34110
16,34119,2,2,1, 34121
1,34126,1,1,0, 34127
24,34129,1,1,0, 34130
25,34135,2,2,1, 34137
2,34143,2,2,1, 34145
1,34146,1,1,0, 34147
24,34149,1,1,0, 34150
9,34157,2,2,1, 34159
1,34166,1,1,0, 34167
24,34169,1,1,0, 34170
16,34179,2,2,1, 34181
1,34186,1,1,0, 34187
24,34189,1,1,1, 34190
8,34196,1,1,1, 34197
16,34199,2,2,1, 34201
15,34201,2,2,1, 34203
8,34216,1,1,1, 34217
15,34221,2,2,1, 34223
8,34236,1,1,1, 34237
8,34256,1,1,1, 34257
8,34276,1,1,1, 34277
8,34296,1,1,0, 34297
1,34306,1,1,1, 34307
24,34309,1,1,0, 34310
8,34316,1,1,1, 34317
9,34317,2,2,1, 34319
16,34319,2,2,1, 34321
15,34321,2,2,1, 34323
1,34326,1,1,0, 34327
24,34329,1,1,0, 34330
8,34336,1,1,1, 34337
15,34341,2,2,1, 34343
1,34346,1,1,1, 34347
24,34349,1,1,0, 34350
8,34356,1,1,1, 34357
9,34357,2,2,1, 34359
16,34359,2,2,1, 34361
1,34366,1,1,1, 34367
24,34369,1,1,0, 34370
8,34376,1,1,0, 34377
9,34377,2,2,1, 34379
16,34379,2,2,1, 34381
24,34389,1,1,1, 34390
24,34409,1,1,0, 34410
16,34419,2,2,1, 34421
24,34429,1,1,0, 34430
16,34439,2,2,1, 34441
1,34486,1,1,1, 34487
8,34496,1,1,0, 34497
2,34503,2,2,1, 34505
1,34506,1,1,1, 34507
24,34509,1,1,0, 34510
8,34516,1,1,0, 34517
31,34516,2,2,1, 34518
2,34523,2,2,1, 34525
1,34526,1,1,1, 34527
24,34529,1,1,1, 34530
8,34536,1,1,1, 34537
2,34543,2,2,1, 34545
1,34546,1,1,0, 34547
24,34549,1,1,1, 34550
8,34556,1,1,1, 34557
16,34559,2,2,1, 34561
1,34566,1,1,1, 34567
8,34576,1,1,0, 34577
16,34579,2,2,1, 34581
2,34583,2,2,1, 34585
1,34586,1,1,1, 34587
8,34596,1,1,1, 34597
16,34599,2,2,1, 34601
15,34601,2,2,1, 34603
1,34606,1,1,0, 34607
8,34616,1,1,1, 34617
9,34617,2,2,1, 34619
16,34619,2,2,1, 34621
15,34621,2,2,1, 34623
24,34669,1,1,1, 34670
2,34683,2,2,1, 34685
1,34686,1,1,1, 34687
24,34689,1,1,1, 34690
8,34696,1,1,1, 34697
31,34696,2,2,1, 34698
15,34701,2,2,1, 34703
1,34706,1,1,0, 34707
24,34709,1,1,1, 34710
8,34716,1,1,0, 34717
9,34717,2,2,1, 34719
15,34721,2,2,1, 34723
2,34723,2,2,1, 34725
1,34726,1,1,1, 34727
24,34729,1,1,0, 34730
25,34735,2,2,1, 34737
8,34736,1,1,0, 34737
9,34737,2,2,1, 34739
16,34739,2,2,1, 34741
24,34749,1,1,1, 34750
31,34756,2,2,1, 34758
24,34769,1,1,0, 34770
31,34776,2,2,1, 34778
16,34779,2,2,1, 34781
24,34789,1,1,0, 34790
1,34846,1,1,0, 34847
8,34856,1,1,0, 34857
1,34866,1,1,0, 34867
8,34876,1,1,0, 34877
1,34886,1,1,0, 34887
8,34896,1,1,1, 34897
1,34906,1,1,1, 34907
24,34909,1,1,1, 34910
8,34916,1,1,0, 34917
1,34926,1,1,0, 34927
24,34929,1,1,1, 34930
8,34936,1,1,1, 34937
31,34936,2,2,1, 34938
1,34946,1,1,0, 34947
24,34949,1,1,0, 34950
8,34956,1,1,1, 34957
16,34959,2,2,1, 34961
1,34966,1,1,0, 34967
24,34969,1,1,0, 34970
25,34975,2,2,1, 34977
8,34976,1,1,1, 34977
31,34976,2,2,1, 34978
16,34979,2,2,1, 34981
15,34981,2,2,1, 34983
2,34983,2,2,1, 34985
1,34986,1,1,1, 34987
24,34989,1,1,0, 34990
25,34995,2,2,1, 34997
8,34996,1,1,0, 34997
1,35006,1,1,1, 35007
24,35009,1,1,1, 35010
8,35016,1,1,1, 35017
1,35026,1,1,0, 35027
24,35029,1,1,1, 35030
25,35035,2,2,1, 35037
8,35036,1,1,0, 35037
15,35041,2,2,1, 35043
24,35049,1,1,0, 35050
8,35056,1,1,0, 35057
24,35069,1,1,0, 35070
8,35076,1,1,1, 35077
24,35089,1,1,1, 35090
8,35096,1,1,0, 35097
31,35096,2,2,1, 35098
8,35116,1,1,0, 35117
8,35136,1,1,1, 35137
9,35137,2,2,1, 35139
1,35146,1,1,0, 35147
25,35155,2,2,1, 35157
8,35156,1,1,1, 35157
16,35159,2,2,1, 35161
2,35163,2,2,1, 35165
1,35166,1,1,0, 35167
25,35175,2,2,1, 35177
8,35176,1,1,0, 35177
2,35183,2,2,1, 35185
1,35186,1,1,1, 35187
8,35196,1,1,0, 35197
2,35203,2,2,1, 35205
1,35206,1,1,1, 35207
24,35209,1,1,0, 35210
25,35215,2,2,1, 35217
8,35216,1,1,1, 35217
15,35221,2,2,1, 35223
1,35226,1,1,1, 35227
24,35229,1,1,1, 35230
8,35236,1,1,0, 35237
31,35236,2,2,1, 35238
1,35246,1,1,1, 35247
24,35249,1,1,1, 35250
8,35256,1,1,1, 35257
31,35256,2,2,1, 35258
15,35261,2,2,1, 35263
1,35266,1,1,1, 35267
24,35269,1,1,0, 35270
8,35276,1,1,1, 35277
31,35276,2,2,1, 35278
1,35286,1,1,0, 35287
24,35289,1,1,0, 35290
8,35296,1,1,0, 35297
9,35297,2,2,1, 35299
15,35301,2,2,1, 35303
1,35306,1,1,1, 35307
24,35309,1,1,0, 35310
8,35316,1,1,1, 35317
15,35321,2,2,1, 35323
1,35326,1,1,0, 35327
24,35329,1,1,1, 35330
8,35336,1,1,0, 35337
9,35337,2,2,1, 35339
16,35339,2,2,1, 35341
24,35349,1,1,1, 35350
25,35355,2,2,1, 35357
16,35359,2,2,1, 35361
24,35369,1,1,0, 35370
16,35379,2,2,1, 35381
24,35389,1,1,1, 35390
31,35396,2,2,1, 35398
1,35446,1,1,0, 35447
8,35456,1,1,0, 35457
15,35461,2,2,1, 35463
2,35463,2,2,1, 35465
1,35466,1,1,1, 35467
25,35475,2,2,1, 35477
8,35476,1,1,0, 35477
9,35477,2,2,1, 35479
1,35486,1,1,1, 35487
8,35496,1,1,0, 35497
9,35497,2,2,1, 35499
2,35503,2,2,1, 35505
1,35506,1,1,1, 35507
8,35516,1,1,1, 35517
9,35517,2,2,1, 35519
15,35521,2,2,1, 35523
8,35536,1,1,1, 35537
8,35556,1,1,0, 35557
24,35569,1,1,0, 35570
8,35576,1,1,0, 35577
31,35576,2,2,1, 35578
16,35579,2,2,1, 35581
24,35589,1,1,1, 35590
8,35596,1,1,1, 35597
24,35609,1,1,0, 35610
8,35616,1,1,0, 35617
1,35626,1,1,0, 35627
24,35629,1,1,1, 35630
8,35636,1,1,0, 35637
31,35636,2,2,1, 35638
2,35643,2,2,1, 35645
1,35646,1,1,0, 35647
24,35649,1,1,1, 35650
8,35656,1,1,0, 35657
31,35656,2,2,1, 35658
9,35657,2,2,1, 35659
1,35666,1,1,1, 35667
24,35669,1,1,1, 35670
8,35676,1,1,1, 35677
31,35676,2,2,1, 35678
9,35677,2,2,1, 35679
1,35686,1,1,1, 35687
24,35689,1,1,0, 35690
8,35696,1,1,1, 35697
9,35697,2,2,1, 35699
2,35703,2,2,1, 35705
1,35706,1,1,0, 35707
24,35709,1,1,0, 35710
9,35717,2,2,1, 35719
1,35726,1,1,0, 35727
24,35729,1,1,0, 35730
9,35737,2,2,1, 35739
16,35739,2,2,1, 35741
2,35743,2,2,1, 35745
1,35746,1,1,0, 35747
24,35749,1,1,0, 35750
25,35755,2,2,1, 35757
9,35757,2,2,1, 35759
24,35769,1,1,0, 35770
25,35775,2,2,1, 35777
24,35789,1,1,0, 35790
24,35809,1,1,1, 35810
8,35816,1,1,1, 35817
31,35816,2,2,1, 35818
2,35823,2,2,1, 35825
1,35826,1,1,0, 35827
25,35835,2,2,1, 35837
8,35836,1,1,0, 35837
2,35843,2,2,1, 35845
1,35846,1,1,0, 35847
8,35856,1,1,0, 35857
2,35863,2,2,1, 35865
1,35866,1,1,0, 35867
8,35876,1,1,1, 35877
1,35886,1,1,1, 35887
25,35895,2,2,1, 35897
8,35896,1,1,1, 35897
1,35906,1,1,0, 35907
8,35916,1,1,1, 35917
1,35926,1,1,0, 35927
8,35936,1,1,1, 35937
31,35936,2,2,1, 35938
15,35941,2,2,1, 35943
1,35946,1,1,0, 35947
24,35949,1,1,0, 35950
8,35956,1,1,0, 35957
31,35956,2,2,1, 35958
9,35957,2,2,1, 35959
1,35966,1,1,0, 35967
24,35969,1,1,0, 35970
8,35976,1,1,0, 35977
31,35976,2,2,1, 35978
15,35981,2,2,1, 35983
2,35983,2,2,1, 35985
1,35986,1,1,0, 35987
24,35989,1,1,0, 35990
8,35996,1,1,1, 35997
31,35996,2,2,1, 35998
2,36003,2,2,1, 36005
24,36009,1,1,1, 36010
24,36029,1,1,0, 36030
24,36049,1,1,1, 36050
1,36066,1,1,1, 36067
24,36069,1,1,1, 36070
25,36075,2,2,1, 36077
8,36076,1,1,1, 36077
16,36079,2,2,1, 36081
1,36086,1,1,0, 36087
24,36089,1,1,0, 36090
8,36096,1,1,0, 36097
16,36099,2,2,1, 36101
1,36106,1,1,1, 36107
24,36109,1,1,0, 36110
8,36116,1,1,0, 36117
1,36126,1,1,0, 36127
24,36129,1,1,0, 36130
8,36136,1,1,0, 36137
16,36139,2,2,1, 36141
1,36146,1,1,0, 36147
24,36149,1,1,0, 36150
8,36156,1,1,1, 36157
1,36166,1,1,0, 36167
24,36169,1,1,0, 36170
8,36176,1,1,1, 36177
1,36286,1,1,0, 36287
24,36289,1,1,0, 36290
25,36295,2,2,1, 36297
8,36296,1,1,0, 36297
9,36297,2,2,1, 36299
16,36299,2,2,1, 36301
2,36303,2,2,1, 36305
1,36306,1,1,0, 36307
24,36309,1,1,1, 36310
8,36316,1,1,0, 36317
9,36317,2,2,1, 36319
24,36329,1,1,0, 36330
8,36336,1,1,0, 36337
24,36349,1,1,0, 36350
8,36356,1,1,0, 36357
31,36356,2,2,1, 36358
9,36357,2,2,1, 36359
24,36369,1,1,0, 36370
8,36376,1,1,0, 36377
24,36389,1,1,1, 36390
8,36396,1,1,1, 36397
9,36397,2,2,1, 36399
24,36409,1,1,0, 36410
25,36415,2,2,1, 36417
8,36416,1,1,0, 36417
9,36417,2,2,1, 36419
16,36419,2,2,1, 36421
1,36526,1,1,1, 36527
24,36529,1,1,1, 36530
8,36536,1,1,0, 36537
16,36539,2,2,1, 36541
1,36546,1,1,1, 36547
24,36549,1,1,0, 36550
8,36556,1,1,0, 36557
1,36566,1,1,0, 36567
24,36569,1,1,1, 36570
8,36576,1,1,1, 36577
31,36576,2,2,1, 36578
9,36577,2,2,1, 36579
2,36583,2,2,1, 36585
1,36586,1,1,1, 36587
24,36589,1,1,1, 36590
8,36596,1,1,1, 36597
31,36596,2,2,1, 36598
1,36606,1,1,1, 36607
24,36609,1,1,0, 36610
8,36616,1,1,0, 36617
15,36621,2,2,1, 36623
2,36623,2,2,1, 36625
1,36626,1,1,0, 36627
24,36629,1,1,1, 36630
8,36636,1,1,0, 36637
31,36636,2,2,1, 36638
2,36643,2,2,1, 36645
1,36646,1,1,1, 36647
24,36649,1,1,1, 36650
8,36656,1,1,1, 36657
31,36656,2,2,1, 36658
15,36661,2,2,1, 36663
1,36666,1,1,0, 36667
24,36669,1,1,0, 36670
8,36676,1,1,1, 36677
31,36676,2,2,1, 36678
2,36683,2,2,1, 36685
1,36686,1,1,1, 36687
24,36689,1,1,0, 36690
8,36696,1,1,1, 36697
9,36697,2,2,1, 36699
16,36699,2,2,1, 36701
15,36701,2,2,1, 36703
1,36706,1,1,0, 36707
24,36709,1,1,0, 36710
8,36716,1,1,0, 36717
24,36729,1,1,1, 36730
24,36749,1,1,0, 36750
24,36769,1,1,0, 36770
1,36786,1,1,0, 36787
24,36789,1,1,0, 36790
31,36796,2,2,1, 36798
1,36806,1,1,1, 36807
24,36809,1,1,0, 36810
31,36816,2,2,1, 36818
9,36817,2,2,1, 36819
16,36819,2,2,1, 36821
1,36826,1,1,0, 36827
24,36829,1,1,0, 36830
8,36836,1,1,1, 36837
31,36836,2,2,1, 36838
8,36856,1,1,0, 36857
8,36876,1,1,0, 36877
8,36896,1,1,0, 36897
8,36916,1,1,0, 36917
15,36921,2,2,1, 36923
8,36936,1,1,1, 36937
1,36946,1,1,1, 36947
24,36949,1,1,1, 36950
8,36956,1,1,1, 36957
15,36961,2,2,1, 36963
24,36969,1,1,1, 36970
8,36976,1,1,1, 36977
24,36989,1,1,0, 36990
8,36996,1,1,0, 36997
31,36996,2,2,1, 36998
24,37009,1,1,0, 37010
8,37016,1,1,1, 37017
15,37021,2,2,1, 37023
24,37029,1,1,0, 37030
8,37036,1,1,0, 37037
24,37049,1,1,0, 37050
8,37056,1,1,1, 37057
1,37066,1,1,0, 37067
24,37069,1,1,0, 37070
8,37076,1,1,1, 37077
16,37079,2,2,1, 37081
24,37089,1,1,1, 37090
24,37109,1,1,1, 37110
24,37129,1,1,0, 37130
24,37149,1,1,1, 37150
24,37169,1,1,0, 37170
31,37176,2,2,1, 37178
1,37186,1,1,0, 37187
24,37189,1,1,0, 37190
25,37195,2,2,1, 37197
8,37196,1,1,0, 37197
1,37206,1,1,1, 37207
8,37216,1,1,1, 37217
2,37223,2,2,1, 37225
1,37226,1,1,1, 37227
8,37236,1,1,0, 37237
9,37237,2,2,1, 37239
1,37246,1,1,0, 37247
8,37256,1,1,1, 37257
2,37263,2,2,1, 37265
8,37276,1,1,0, 37277
15,37281,2,2,1, 37283
8,37296,1,1,1, 37297
24,37309,1,1,1, 37310
8,37316,1,1,0, 37317
9,37317,2,2,1, 37319
24,37329,1,1,0, 37330
25,37335,2,2,1, 37337
8,37336,1,1,0, 37337
31,37336,2,2,1, 37338
24,37349,1,1,0, 37350
25,37355,2,2,1, 37357
8,37356,1,1,1, 37357
31,37356,2,2,1, 37358
24,37369,1,1,0, 37370
25,37375,2,2,1, 37377
8,37376,1,1,0, 37377
31,37376,2,2,1, 37378
1,37386,1,1,1, 37387
8,37396,1,1,0, 37397
1,37406,1,1,0, 37407
8,37416,1,1,0, 37417
2,37423,2,2,1, 37425
1,37426,1,1,1, 37427
8,37436,1,1,1, 37437
15,37441,2,2,1, 37443
24,37449,1,1,1, 37450
24,37469,1,1,1, 37470
24,37489,1,1,0, 37490
24,37509,1,1,0, 37510
24,37529,1,1,0, 37530
1,37546,1,1,0, 37547
24,37549,1,1,0, 37550
25,37555,2,2,1, 37557
8,37556,1,1,1, 37557
31,37556,2,2,1, 37558
9,37557,2,2,1, 37559
15,37561,2,2,1, 37563
2,37563,2,2,1, 37565
1,37566,1,1,0, 37567
25,37575,2,2,1, 37577
8,37576,1,1,0, 37577
1,37586,1,1,0, 37587
25,37595,2,2,1, 37597
8,37596,1,1,1, 37597
1,37606,1,1,1, 37607
25,37615,2,2,1, 37617
8,37616,1,1,1, 37617
1,37626,1,1,1, 37627
25,37635,2,2,1, 37637
8,37636,1,1,0, 37637
1,37646,1,1,0, 37647
25,37655,2,2,1, 37657
8,37656,1,1,1, 37657
1,37666,1,1,0, 37667
24,37669,1,1,0, 37670
8,37676,1,1,1, 37677
16,37679,2,2,1, 37681
1,37686,1,1,1, 37687
24,37689,1,1,0, 37690
9,37697,2,2,1, 37699
1,37706,1,1,1, 37707
24,37709,1,1,1, 37710
9,37717,2,2,1, 37719
2,37723,2,2,1, 37725
1,37726,1,1,1, 37727
24,37729,1,1,0, 37730
9,37737,2,2,1, 37739
24,37749,1,1,1, 37750
24,37769,1,1,0, 37770
24,37789,1,1,1, 37790
8,37796,1,1,0, 37797
31,37796,2,2,1, 37798
16,37799,2,2,1, 37801
15,37801,2,2,1, 37803
1,37806,1,1,1, 37807
24,37809,1,1,0, 37810
8,37816,1,1,0, 37817
31,37816,2,2,1, 37818
9,37817,2,2,1, 37819
15,37821,2,2,1, 37823
1,37826,1,1,0, 37827
24,37829,1,1,1, 37830
8,37836,1,1,0, 37837
31,37836,2,2,1, 37838
1,37846,1,1,1, 37847
24,37849,1,1,1, 37850
8,37856,1,1,0, 37857
31,37856,2,2,1, 37858
9,37857,2,2,1, 37859
24,37869,1,1,1, 37870
8,37876,1,1,1, 37877
24,37889,1,1,1, 37890
25,37895,2,2,1, 37897
8,37896,1,1,0, 37897
24,37909,1,1,0, 37910
8,37916,1,1,1, 37917
1,37926,1,1,0, 37927
24,37929,1,1,0, 37930
25,37935,2,2,1, 37937
8,37936,1,1,0, 37937
16,37939,2,2,1, 37941
1,37946,1,1,0, 37947
24,37949,1,1,1, 37950
8,37956,1,1,1, 37957
16,37959,2,2,1, 37961
1,37966,1,1,1, 37967
24,37969,1,1,0, 37970
8,37976,1,1,1, 37977
9,37977,2,2,1, 37979
16,37979,2,2,1, 37981
1,37986,1,1,0, 37987
9,37997,2,2,1, 37999
2,38003,2,2,1, 38005
1,38006,1,1,1, 38007
9,38017,2,2,1, 38019
1,38026,1,1,0, 38027
9,38037,2,2,1, 38039
24,38049,1,1,0, 38050
8,38056,1,1,0, 38057
15,38061,2,2,1, 38063
24,38069,1,1,0, 38070
25,38075,2,2,1, 38077
8,38076,1,1,1, 38077
24,38089,1,1,1, 38090
8,38096,1,1,1, 38097
15,38101,2,2,1, 38103
24,38109,1,1,1, 38110
25,38115,2,2,1, 38117
8,38116,1,1,0, 38117
9,38117,2,2,1, 38119
24,38129,1,1,0, 38130
25,38135,2,2,1, 38137
8,38136,1,1,1, 38137
31,38136,2,2,1, 38138
9,38137,2,2,1, 38139
24,38149,1,1,0, 38150
25,38155,2,2,1, 38157
8,38156,1,1,1, 38157
31,38156,2,2,1, 38158
16,38159,2,2,1, 38161
8,38176,1,1,1, 38177
9,38177,2,2,1, 38179
8,38196,1,1,0, 38197
9,38197,2,2,1, 38199
16,38199,2,2,1, 38201
1,38206,1,1,0, 38207
8,38216,1,1,1, 38217
1,38226,1,1,0, 38227
1,38246,1,1,0, 38247
2,38263,2,2,1, 38265
1,38266,1,1,0, 38267
25,38275,2,2,1, 38277
1,38286,1,1,1, 38287
24,38289,1,1,1, 38290
1,38306,1,1,0, 38307
24,38309,1,1,1, 38310
1,38326,1,1,0, 38327
24,38329,1,1,1, 38330
8,38336,1,1,1, 38337
9,38337,2,2,1, 38339
2,38343,2,2,1, 38345
1,38346,1,1,0, 38347
24,38349,1,1,1, 38350
8,38356,1,1,0, 38357
9,38357,2,2,1, 38359
2,38363,2,2,1, 38365
1,38366,1,1,0, 38367
24,38369,1,1,0, 38370
8,38376,1,1,1, 38377
2,38383,2,2,1, 38385
1,38386,1,1,1, 38387
24,38389,1,1,0, 38390
25,38395,2,2,1, 38397
8,38396,1,1,0, 38397
9,38397,2,2,1, 38399
24,38409,1,1,0, 38410
8,38416,1,1,0, 38417
31,38416,2,2,1, 38418
24,38429,1,1,1, 38430
25,38435,2,2,1, 38437
8,38436,1,1,1, 38437
31,38436,2,2,1, 38438
24,38449,1,1,1, 38450
8,38456,1,1,1, 38457
31,38456,2,2,1, 38458
16,38459,2,2,1, 38461
15,38461,2,2,1, 38463
8,38476,1,1,1, 38477
16,38479,2,2,1, 38481
15,38481,2,2,1, 38483
8,38496,1,1,0, 38497
15,38501,2,2,1, 38503
1,38506,1,1,1, 38507
8,38516,1,1,1, 38517
16,38519,2,2,1, 38521
1,38526,1,1,1, 38527
9,38537,2,2,1, 38539
1,38546,1,1,0, 38547
25,38555,2,2,1, 38557
1,38566,1,1,1, 38567
24,38569,1,1,0, 38570
25,38575,2,2,1, 38577
2,38583,2,2,1, 38585
1,38586,1,1,1, 38587
24,38589,1,1,1, 38590
8,38596,1,1,1, 38597
2,38603,2,2,1, 38605
1,38606,1,1,0, 38607
24,38609,1,1,0, 38610
25,38615,2,2,1, 38617
8,38616,1,1,1, 38617
31,38616,2,2,1, 38618
9,38617,2,2,1, 38619
16,38619,2,2,1, 38621
1,38626,1,1,0, 38627
24,38629,1,1,0, 38630
25,38635,2,2,1, 38637
8,38636,1,1,1, 38637
9,38637,2,2,1, 38639
24,38649,1,1,0, 38650
24,38669,1,1,0, 38670
24,38689,1,1,0, 38690
31,38696,2,2,1, 38698
24,38709,1,1,0, 38710
24,38729,1,1,1, 38730
1,38746,1,1,1, 38747
24,38749,1,1,1, 38750
25,38755,2,2,1, 38757
8,38756,1,1,1, 38757
15,38761,2,2,1, 38763
1,38766,1,1,1, 38767
24,38769,1,1,1, 38770
8,38776,1,1,1, 38777
1,38786,1,1,1, 38787
24,38789,1,1,1, 38790
8,38796,1,1,0, 38797
1,38806,1,1,1, 38807
24,38809,1,1,0, 38810
8,38816,1,1,0, 38817
31,38816,2,2,1, 38818
16,38819,2,2,1, 38821
15,38821,2,2,1, 38823
2,38823,2,2,1, 38825
1,38826,1,1,0, 38827
24,38829,1,1,1, 38830
8,38836,1,1,0, 38837
31,38836,2,2,1, 38838
15,38841,2,2,1, 38843
1,38846,1,1,1, 38847
24,38849,1,1,1, 38850
8,38856,1,1,1, 38857
31,38856,2,2,1, 38858
15,38861,2,2,1, 38863
1,38866,1,1,1, 38867
24,38869,1,1,0, 38870
8,38876,1,1,1, 38877
2,38883,2,2,1, 38885
24,38989,1,1,0, 38990
25,38995,2,2,1, 38997
8,38996,1,1,0, 38997
31,38996,2,2,1, 38998
9,38997,2,2,1, 38999
15,39001,2,2,1, 39003
1,39006,1,1,0, 39007
24,39009,1,1,0, 39010
8,39016,1,1,0, 39017
15,39021,2,2,1, 39023
2,39023,2,2,1, 39025
1,39026,1,1,0, 39027
24,39029,1,1,0, 39030
8,39036,1,1,0, 39037
31,39036,2,2,1, 39038
1,39046,1,1,0, 39047
24,39049,1,1,1, 39050
8,39056,1,1,0, 39057
2,39063,2,2,1, 39065
1,39066,1,1,1, 39067
24,39069,1,1,1, 39070
8,39076,1,1,1, 39077
2,39083,2,2,1, 39085
1,39086,1,1,0, 39087
24,39089,1,1,1, 39090
8,39096,1,1,1, 39097
15,39101,2,2,1, 39103
1,39106,1,1,1, 39107
24,39109,1,1,0, 39110
8,39116,1,1,0, 39117
9,39117,2,2,1, 39119
1,39226,1,1,0, 39227
24,39229,1,1,0, 39230
8,39236,1,1,1, 39237
9,39237,2,2,1, 39239
16,39239,2,2,1, 39241
24,39249,1,1,1, 39250
8,39256,1,1,0, 39257
31,39256,2,2,1, 39258
24,39269,1,1,0, 39270
8,39276,1,1,1, 39277
15,39281,2,2,1, 39283
24,39289,1,1,1, 39290
8,39296,1,1,1, 39297
9,39297,2,2,1, 39299
15,39301,2,2,1, 39303
24,39309,1,1,0, 39310
31,39316,2,2,1, 39318
24,39329,1,1,0, 39330
1,39346,1,1,1, 39347
24,39349,1,1,0, 39350
9,39357,2,2,1, 39359
16,39359,2,2,1, 39361
1,39366,1,1,1, 39367
24,39369,1,1,1, 39370
8,39376,1,1,0, 39377
16,39379,2,2,1, 39381
1,39386,1,1,1, 39387
24,39389,1,1,1, 39390
8,39396,1,1,0, 39397
1,39406,1,1,0, 39407
24,39409,1,1,1, 39410
8,39416,1,1,0, 39417
1,39426,1,1,0, 39427
24,39429,1,1,0, 39430
8,39436,1,1,1, 39437
1,39446,1,1,0, 39447
24,39449,1,1,0, 39450
8,39456,1,1,0, 39457
2,39463,2,2,1, 39465
1,39466,1,1,0, 39467
24,39469,1,1,0, 39470
25,39475,2,2,1, 39477
8,39476,1,1,0, 39477
31,39476,2,2,1, 39478
24,39489,1,1,0, 39490
8,39496,1,1,1, 39497
9,39497,2,2,1, 39499
24,39509,1,1,1, 39510
8,39516,1,1,0, 39517
31,39516,2,2,1, 39518
24,39529,1,1,1, 39530
25,39535,2,2,1, 39537
8,39536,1,1,0, 39537
31,39536,2,2,1, 39538
24,39549,1,1,1, 39550
8,39556,1,1,1, 39557
24,39569,1,1,0, 39570
8,39576,1,1,0, 39577
16,39579,2,2,1, 39581
1,39586,1,1,1, 39587
24,39589,1,1,1, 39590
8,39596,1,1,1, 39597
1,39606,1,1,1, 39607
24,39609,1,1,0, 39610
2,39623,2,2,1, 39625
1,39626,1,1,1, 39627
24,39629,1,1,0, 39630
1,39646,1,1,1, 39647
24,39649,1,1,0, 39650
25,39655,2,2,1, 39657
9,39657,2,2,1, 39659
1,39666,1,1,1, 39667
24,39669,1,1,1, 39670
25,39675,2,2,1, 39677
24,39689,1,1,0, 39690
24,39709,1,1,1, 39710
24,39729,1,1,1, 39730
31,39736,2,2,1, 39738
24,39749,1,1,1, 39750
31,39756,2,2,1, 39758
24,39769,1,1,1, 39770
8,39776,1,1,1, 39777
31,39776,2,2,1, 39778
16,39779,2,2,1, 39781
8,39796,1,1,0, 39797
8,39816,1,1,1, 39817
8,39836,1,1,1, 39837
15,39841,2,2,1, 39843
8,39856,1,1,0, 39857
8,39876,1,1,1, 39877
1,39886,1,1,0, 39887
25,39895,2,2,1, 39897
8,39896,1,1,0, 39897
24,39909,1,1,1, 39910
8,39916,1,1,1, 39917
24,39929,1,1,1, 39930
8,39936,1,1,0, 39937
24,39949,1,1,1, 39950
8,39956,1,1,1, 39957
31,39956,2,2,1, 39958
24,39969,1,1,1, 39970
8,39976,1,1,0, 39977
15,39981,2,2,1, 39983
24,39989,1,1,0, 39990
8,39996,1,1,1, 39997
15,40001,2,2,1, 40003
1,40006,1,1,1, 40007
24,40009,1,1,0, 40010
25,40015,2,2,1, 40017
8,40016,1,1,1, 40017
9,40017,2,2,1, 40019
24,40029,1,1,0, 40030
24,40049,1,1,0, 40050
24,40069,1,1,1, 40070
24,40089,1,1,0, 40090
24,40109,1,1,1, 40110
1,40126,1,1,0, 40127
24,40129,1,1,1, 40130
8,40136,1,1,1, 40137
31,40136,2,2,1, 40138
16,40139,2,2,1, 40141
2,40143,2,2,1, 40145
1,40146,1,1,0, 40147
25,40155,2,2,1, 40157
8,40156,1,1,0, 40157
15,40161,2,2,1, 40163
2,40163,2,2,1, 40165
1,40166,1,1,1, 40167
8,40176,1,1,0, 40177
1,40186,1,1,1, 40187
25,40195,2,2,1, 40197
8,40196,1,1,0, 40197
16,40199,2,2,1, 40201
2,40203,2,2,1, 40205
1,40206,1,1,0, 40207
8,40216,1,1,1, 40217
1,40226,1,1,0, 40227
25,40235,2,2,1, 40237
8,40236,1,1,0, 40237
16,40239,2,2,1, 40241
1,40246,1,1,0, 40247
24,40249,1,1,1, 40250
25,40255,2,2,1, 40257
8,40256,1,1,0, 40257
24,40269,1,1,1, 40270
8,40276,1,1,0, 40277
24,40289,1,1,1, 40290
8,40296,1,1,0, 40297
9,40297,2,2,1, 40299
15,40301,2,2,1, 40303
24,40309,1,1,1, 40310
8,40316,1,1,1, 40317
9,40317,2,2,1, 40319
24,40329,1,1,1, 40330
8,40336,1,1,0, 40337
9,40337,2,2,1, 40339
24,40349,1,1,0, 40350
8,40356,1,1,0, 40357
9,40357,2,2,1, 40359
24,40369,1,1,1, 40370
8,40376,1,1,1, 40377
9,40377,2,2,1, 40379
2,40383,2,2,1, 40385
1,40386,1,1,1, 40387
24,40389,1,1,0, 40390
2,40403,2,2,1, 40405
1,40406,1,1,1, 40407
24,40409,1,1,0, 40410
2,40423,2,2,1, 40425
1,40426,1,1,0, 40427
24,40429,1,1,1, 40430
1,40446,1,1,0, 40447
24,40449,1,1,0, 40450
1,40466,1,1,1, 40467
24,40469,1,1,1, 40470
1,40486,1,1,0, 40487
24,40489,1,1,0, 40490
8,40496,1,1,1, 40497
31,40496,2,2,1, 40498
9,40497,2,2,1, 40499
2,40503,2,2,1, 40505
1,40506,1,1,0, 40507
24,40509,1,1,1, 40510
8,40516,1,1,1, 40517
2,40523,2,2,1, 40525
1,40526,1,1,0, 40527
24,40529,1,1,0, 40530
8,40536,1,1,0, 40537
31,40536,2,2,1, 40538
1,40546,1,1,1, 40547
24,40549,1,1,1, 40550
25,40555,2,2,1, 40557
8,40556,1,1,1, 40557
31,40556,2,2,1, 40558
24,40569,1,1,0, 40570
25,40575,2,2,1, 40577
8,40576,1,1,0, 40577
24,40589,1,1,1, 40590
25,40595,2,2,1, 40597
8,40596,1,1,0, 40597
9,40597,2,2,1, 40599
24,40609,1,1,0, 40610
25,40615,2,2,1, 40617
8,40616,1,1,1, 40617
24,40629,1,1,0, 40630
24,40649,1,1,1, 40650
1,40666,1,1,1, 40667
24,40669,1,1,0, 40670
2,40683,2,2,1, 40685
1,40686,1,1,0, 40687
24,40689,1,1,1, 40690
8,40696,1,1,1, 40697
15,40701,2,2,1, 40703
1,40706,1,1,1, 40707
24,40709,1,1,0, 40710
8,40716,1,1,1, 40717
31,40716,2,2,1, 40718
2,40723,2,2,1, 40725
1,40726,1,1,0, 40727
24,40729,1,1,1, 40730
25,40735,2,2,1, 40737
8,40736,1,1,1, 40737
16,40739,2,2,1, 40741
1,40746,1,1,1, 40747
9,40757,2,2,1, 40759
1,40766,1,1,1, 40767
1,40786,1,1,1, 40787
9,40797,2,2,1, 40799
2,40803,2,2,1, 40805
1,40806,1,1,1, 40807
9,40817,2,2,1, 40819
1,40826,1,1,1, 40827
1,40846,1,1,1, 40847
8,40856,1,1,0, 40857
24,40869,1,1,1, 40870
25,40875,2,2,1, 40877
8,40876,1,1,0, 40877
24,40889,1,1,0, 40890
8,40896,1,1,0, 40897
24,40909,1,1,1, 40910
25,40915,2,2,1, 40917
8,40916,1,1,0, 40917
31,40916,2,2,1, 40918
2,40923,2,2,1, 40925
1,40926,1,1,0, 40927
24,40929,1,1,1, 40930
8,40936,1,1,0, 40937
15,40941,2,2,1, 40943
1,40946,1,1,0, 40947
24,40949,1,1,1, 40950
8,40956,1,1,0, 40957
31,40956,2,2,1, 40958
2,40963,2,2,1, 40965
1,40966,1,1,1, 40967
24,40969,1,1,0, 40970
8,40976,1,1,1, 40977
31,40976,2,2,1, 40978
15,40981,2,2,1, 40983
8,40996,1,1,0, 40997
8,41016,1,1,1, 41017
16,41019,2,2,1, 41021
8,41036,1,1,0, 41037
15,41041,2,2,1, 41043
8,41056,1,1,0, 41057
8,41076,1,1,0, 41077
1,41086,1,1,1, 41087
24,41089,1,1,0, 41090
25,41095,2,2,1, 41097
8,41096,1,1,1, 41097
1,41106,1,1,0, 41107
24,41109,1,1,1, 41110
1,41126,1,1,1, 41127
24,41129,1,1,1, 41130
1,41146,1,1,1, 41147
24,41149,1,1,1, 41150
1,41166,1,1,1, 41167
24,41169,1,1,0, 41170
1,41186,1,1,1, 41187
24,41189,1,1,0, 41190
1,41206,1,1,0, 41207
24,41209,1,1,0, 41210
25,41215,2,2,1, 41217
8,41216,1,1,0, 41217
9,41217,2,2,1, 41219
16,41219,2,2,1, 41221
24,41229,1,1,0, 41230
8,41236,1,1,0, 41237
24,41249,1,1,0, 41250
8,41256,1,1,0, 41257
24,41269,1,1,1, 41270
8,41276,1,1,1, 41277
15,41281,2,2,1, 41283
24,41289,1,1,0, 41290
8,41296,1,1,0, 41297
15,41301,2,2,1, 41303
24,41309,1,1,1, 41310
8,41316,1,1,1, 41317
15,41321,2,2,1, 41323
1,41326,1,1,1, 41327
24,41329,1,1,0, 41330
8,41336,1,1,0, 41337
9,41337,2,2,1, 41339
16,41339,2,2,1, 41341
24,41349,1,1,1, 41350
24,41369,1,1,1, 41370
24,41389,1,1,0, 41390
24,41409,1,1,1, 41410
24,41429,1,1,0, 41430
1,41446,1,1,0, 41447
24,41449,1,1,1, 41450
8,41456,1,1,1, 41457
31,41456,2,2,1, 41458
9,41457,2,2,1, 41459
8,41476,1,1,0, 41477
8,41496,1,1,1, 41497
8,41516,1,1,0, 41517
8,41536,1,1,0, 41537
8,41556,1,1,1, 41557
15,41561,2,2,1, 41563
1,41566,1,1,1, 41567
24,41569,1,1,0, 41570
8,41576,1,1,1, 41577
9,41577,2,2,1, 41579
15,41581,2,2,1, 41583
1,41586,1,1,1, 41587
24,41589,1,1,1, 41590
8,41596,1,1,1, 41597
9,41597,2,2,1, 41599
15,41601,2,2,1, 41603
2,41603,2,2,1, 41605
1,41606,1,1,0, 41607
24,41609,1,1,0, 41610
8,41616,1,1,0, 41617
9,41617,2,2,1, 41619
15,41621,2,2,1, 41623
1,41626,1,1,0, 41627
24,41629,1,1,1, 41630
8,41636,1,1,0, 41637
15,41641,2,2,1, 41643
2,41643,2,2,1, 41645
1,41646,1,1,1, 41647
24,41649,1,1,0, 41650
8,41656,1,1,0, 41657
1,41666,1,1,1, 41667
24,41669,1,1,0, 41670
8,41676,1,1,1, 41677
1,41686,1,1,0, 41687
24,41689,1,1,0, 41690
8,41696,1,1,0, 41697
31,41696,2,2,1, 41698
24,41709,1,1,1, 41710
25,41715,2,2,1, 41717
8,41716,1,1,0, 41717
31,41716,2,2,1, 41718
24,41729,1,1,1, 41730
8,41736,1,1,1, 41737
31,41736,2,2,1, 41738
15,41741,2,2,1, 41743
24,41749,1,1,0, 41750
8,41756,1,1,1, 41757
31,41756,2,2,1, 41758
1,41766,1,1,1, 41767
24,41769,1,1,1, 41770
8,41776,1,1,1, 41777
9,41777,2,2,1, 41779
1,41786,1,1,0, 41787
24,41789,1,1,1, 41790
8,41796,1,1,1, 41797
1,41806,1,1,1, 41807
24,41809,1,1,0, 41810
8,41816,1,1,0, 41817
24,41829,1,1,1, 41830
31,41836,2,2,1, 41838
16,41839,2,2,1, 41841
1,41926,1,1,1, 41927
8,41936,1,1,1, 41937
9,41937,2,2,1, 41939
24,41949,1,1,1, 41950
8,41956,1,1,1, 41957
31,41956,2,2,1, 41958
24,41969,1,1,1, 41970
8,41976,1,1,1, 41977
15,41981,2,2,1, 41983
24,41989,1,1,0, 41990
8,41996,1,1,1, 41997
24,42009,1,1,1, 42010
8,42016,1,1,1, 42017
15,42021,2,2,1, 42023
24,42029,1,1,1, 42030
8,42036,1,1,0, 42037
31,42036,2,2,1, 42038
9,42037,2,2,1, 42039
1,42046,1,1,0, 42047
24,42049,1,1,1, 42050
25,42055,2,2,1, 42057
8,42056,1,1,0, 42057
24,42069,1,1,0, 42070
8,42076,1,1,0, 42077
24,42089,1,1,0, 42090
8,42096,1,1,1, 42097
24,42109,1,1,0, 42110
8,42116,1,1,0, 42117
24,42129,1,1,1, 42130
8,42136,1,1,0, 42137
24,42149,1,1,0, 42150
8,42156,1,1,0, 42157
1,42166,1,1,0, 42167
24,42169,1,1,0, 42170
8,42176,1,1,1, 42177
16,42179,2,2,1, 42181
1,42186,1,1,1, 42187
24,42189,1,1,0, 42190
9,42197,2,2,1, 42199
1,42206,1,1,1, 42207
24,42209,1,1,0, 42210
2,42223,2,2,1, 42225
1,42226,1,1,0, 42227
24,42229,1,1,1, 42230
31,42236,2,2,1, 42238
24,42249,1,1,1, 42250
24,42269,1,1,0, 42270
24,42289,1,1,0, 42290
8,42296,1,1,0, 42297
16,42299,2,2,1, 42301
15,42301,2,2,1, 42303
2,42303,2,2,1, 42305
1,42306,1,1,0, 42307
24,42309,1,1,0, 42310
25,42315,2,2,1, 42317
8,42316,1,1,1, 42317
15,42321,2,2,1, 42323
1,42326,1,1,1, 42327
24,42329,1,1,0, 42330
25,42335,2,2,1, 42337
8,42336,1,1,1, 42337
1,42346,1,1,0, 42347
24,42349,1,1,0, 42350
25,42355,2,2,1, 42357
8,42356,1,1,0, 42357
15,42361,2,2,1, 42363
1,42366,1,1,1, 42367
24,42369,1,1,1, 42370
25,42375,2,2,1, 42377
8,42376,1,1,1, 42377
1,42386,1,1,1, 42387
24,42389,1,1,0, 42390
25,42395,2,2,1, 42397
8,42396,1,1,1, 42397
15,42401,2,2,1, 42403
2,42403,2,2,1, 42405
1,42406,1,1,1, 42407
24,42409,1,1,1, 42410
8,42416,1,1,0, 42417
9,42417,2,2,1, 42419
24,42429,1,1,1, 42430
31,42436,2,2,1, 42438
24,42449,1,1,1, 42450
24,42469,1,1,1, 42470
31,42476,2,2,1, 42478
16,42479,2,2,1, 42481
24,42489,1,1,0, 42490
24,42509,1,1,1, 42510
1,42526,1,1,1, 42527
24,42529,1,1,0, 42530
8,42536,1,1,0, 42537
16,42539,2,2,1, 42541
8,42556,1,1,0, 42557
9,42557,2,2,1, 42559
15,42561,2,2,1, 42563
8,42576,1,1,1, 42577
8,42596,1,1,0, 42597
9,42597,2,2,1, 42599
8,42616,1,1,1, 42617
8,42636,1,1,0, 42637
1,42646,1,1,1, 42647
24,42649,1,1,0, 42650
25,42655,2,2,1, 42657
8,42656,1,1,1, 42657
15,42661,2,2,1, 42663
1,42666,1,1,0, 42667
24,42669,1,1,0, 42670
9,42677,2,2,1, 42679
1,42686,1,1,0, 42687
24,42689,1,1,1, 42690
2,42703,2,2,1, 42705
1,42706,1,1,1, 42707
24,42709,1,1,0, 42710
25,42715,2,2,1, 42717
1,42726,1,1,1, 42727
24,42729,1,1,0, 42730
1,42746,1,1,1, 42747
24,42749,1,1,1, 42750
1,42766,1,1,0, 42767
24,42769,1,1,1, 42770
8,42776,1,1,0, 42777
31,42776,2,2,1, 42778
9,42777,2,2,1, 42779
1,42786,1,1,0, 42787
24,42789,1,1,1, 42790
8,42796,1,1,0, 42797
16,42799,2,2,1, 42801
1,42806,1,1,0, 42807
24,42809,1,1,1, 42810
8,42816,1,1,0, 42817
31,42816,2,2,1, 42818
1,42826,1,1,0, 42827
24,42829,1,1,0, 42830
25,42835,2,2,1, 42837
8,42836,1,1,1, 42837
16,42839,2,2,1, 42841
2,42843,2,2,1, 42845
1,42846,1,1,1, 42847
8,42856,1,1,0, 42857
2,42863,2,2,1, 42865
1,42866,1,1,0, 42867
8,42876,1,1,0, 42877
1,42886,1,1,0, 42887
8,42896,1,1,1, 42897
9,42897,2,2,1, 42899
15,42901,2,2,1, 42903
8,42916,1,1,1, 42917
9,42917,2,2,1, 42919
15,42921,2,2,1, 42923
8,42936,1,1,0, 42937
24,42949,1,1,0, 42950
8,42956,1,1,0, 42957
31,42956,2,2,1, 42958
16,42959,2,2,1, 42961
24,42969,1,1,1, 42970
8,42976,1,1,0, 42977
16,42979,2,2,1, 42981
24,42989,1,1,1, 42990
8,42996,1,1,1, 42997
16,42999,2,2,1, 43001
1,43006,1,1,1, 43007
24,43009,1,1,1, 43010
8,43016,1,1,0, 43017
1,43026,1,1,0, 43027
24,43029,1,1,0, 43030
8,43036,1,1,1, 43037
16,43039,2,2,1, 43041
1,43046,1,1,1, 43047
24,43049,1,1,0, 43050
8,43056,1,1,0, 43057
16,43059,2,2,1, 43061
1,43066,1,1,1, 43067
24,43069,1,1,0, 43070
25,43075,2,2,1, 43077
8,43076,1,1,1, 43077
2,43083,2,2,1, 43085
1,43086,1,1,0, 43087
1,43106,1,1,1, 43107
1,43126,1,1,1, 43127
1,43146,1,1,1, 43147
1,43166,1,1,1, 43167
1,43186,1,1,1, 43187
24,43189,1,1,1, 43190
8,43196,1,1,1, 43197
9,43197,2,2,1, 43199
16,43199,2,2,1, 43201
1,43206,1,1,1, 43207
24,43209,1,1,0, 43210
8,43216,1,1,0, 43217
31,43216,2,2,1, 43218
1,43226,1,1,1, 43227
24,43229,1,1,0, 43230
8,43236,1,1,1, 43237
31,43236,2,2,1, 43238
9,43237,2,2,1, 43239
1,43246,1,1,0, 43247
24,43249,1,1,0, 43250
8,43256,1,1,0, 43257
31,43256,2,2,1, 43258
9,43257,2,2,1, 43259
1,43266,1,1,1, 43267
24,43269,1,1,0, 43270
8,43276,1,1,1, 43277
31,43276,2,2,1, 43278
2,43283,2,2,1, 43285
1,43286,1,1,1, 43287
24,43289,1,1,0, 43290
8,43296,1,1,1, 43297
1,43306,1,1,1, 43307
24,43309,1,1,0, 43310
8,43316,1,1,0, 43317
16,43319,2,2,1, 43321
1,43426,1,1,1, 43427
8,43436,1,1,1, 43437
9,43437,2,2,1, 43439
24,43449,1,1,1, 43450
8,43456,1,1,1, 43457
31,43456,2,2,1, 43458
24,43469,1,1,0, 43470
8,43476,1,1,0, 43477
24,43489,1,1,0, 43490
8,43496,1,1,0, 43497
24,43509,1,1,1, 43510
8,43516,1,1,0, 43517
31,43516,2,2,1, 43518
24,43529,1,1,1, 43530
8,43536,1,1,0, 43537
1,43546,1,1,0, 43547
24,43549,1,1,1, 43550
25,43555,2,2,1, 43557
8,43556,1,1,0, 43557
15,43561,2,2,1, 43563
1,43566,1,1,0, 43567
24,43569,1,1,1, 43570
8,43576,1,1,1, 43577
15,43581,2,2,1, 43583
1,43586,1,1,0, 43587
24,43589,1,1,0, 43590
25,43595,2,2,1, 43597
8,43596,1,1,0, 43597
31,43596,2,2,1, 43598
15,43601,2,2,1, 43603
2,43603,2,2,1, 43605
1,43606,1,1,0, 43607
24,43609,1,1,1, 43610
25,43615,2,2,1, 43617
8,43616,1,1,1, 43617
31,43616,2,2,1, 43618
9,43617,2,2,1, 43619
15,43621,2,2,1, 43623
24,43629,1,1,1, 43630
8,43636,1,1,1, 43637
31,43636,2,2,1, 43638
9,43637,2,2,1, 43639
15,43641,2,2,1, 43643
24,43649,1,1,0, 43650
8,43656,1,1,0, 43657
24,43669,1,1,0, 43670
8,43676,1,1,1, 43677
9,43677,2,2,1, 43679
16,43679,2,2,1, 43681
1,43686,1,1,0, 43687
25,43695,2,2,1, 43697
9,43697,2,2,1, 43699
1,43706,1,1,1, 43707
25,43715,2,2,1, 43717
9,43717,2,2,1, 43719
1,43726,1,1,0, 43727
25,43795,2,2,1, 43797
9,43797,2,2,1, 43799
24,43809,1,1,0, 43810
8,43816,1,1,1, 43817
31,43816,2,2,1, 43818
9,43817,2,2,1, 43819
15,43821,2,2,1, 43823
24,43829,1,1,1, 43830
8,43836,1,1,1, 43837
31,43836,2,2,1, 43838
1,43846,1,1,0, 43847
24,43849,1,1,0, 43850
8,43856,1,1,0, 43857
2,43863,2,2,1, 43865
1,43866,1,1,1, 43867
24,43869,1,1,0, 43870
8,43876,1,1,0, 43877
15,43881,2,2,1, 43883
1,43886,1,1,1, 43887
24,43889,1,1,0, 43890
8,43896,1,1,1, 43897
15,43901,2,2,1, 43903
2,43903,2,2,1, 43905
1,43906,1,1,1, 43907
24,43909,1,1,0, 43910
8,43916,1,1,0, 43917
16,43919,2,2,1, 43921
15,43921,2,2,1, 43923
2,43923,2,2,1, 43925
1,43926,1,1,0, 43927
24,43929,1,1,1, 43930
25,43935,2,2,1, 43937
8,43936,1,1,1, 43937
2,43943,2,2,1, 43945
1,43946,1,1,0, 43947
24,43949,1,1,0, 43950
25,43955,2,2,1, 43957
8,43956,1,1,1, 43957
16,43959,2,2,1, 43961
15,43961,2,2,1, 43963
1,43966,1,1,0, 43967
24,43969,1,1,1, 43970
8,43976,1,1,0, 43977
2,43983,2,2,1, 43985
1,43986,1,1,0, 43987
24,43989,1,1,0, 43990
9,43997,2,2,1, 43999
1,44006,1,1,0, 44007
24,44009,1,1,1, 44010
1,44026,1,1,1, 44027
24,44029,1,1,1, 44030
31,44036,2,2,1, 44038
24,44049,1,1,1, 44050
24,44069,1,1,0, 44070
24,44089,1,1,1, 44090
25,44095,2,2,1, 44097
8,44096,1,1,0, 44097
9,44097,2,2,1, 44099
16,44099,2,2,1, 44101
1,44106,1,1,1, 44107
24,44109,1,1,1, 44110
25,44115,2,2,1, 44117
8,44116,1,1,0, 44117
31,44116,2,2,1, 44118
2,44123,2,2,1, 44125
1,44126,1,1,0, 44127
24,44129,1,1,1, 44130
25,44135,2,2,1, 44137
8,44136,1,1,1, 44137
31,44136,2,2,1, 44138
16,44139,2,2,1, 44141
1,44146,1,1,0, 44147
24,44149,1,1,0, 44150
8,44156,1,1,1, 44157
16,44159,2,2,1, 44161
1,44266,1,1,0, 44267
24,44269,1,1,0, 44270
25,44275,2,2,1, 44277
8,44276,1,1,1, 44277
16,44279,2,2,1, 44281
1,44286,1,1,0, 44287
24,44289,1,1,1, 44290
8,44296,1,1,0, 44297
31,44296,2,2,1, 44298
1,44306,1,1,0, 44307
24,44309,1,1,0, 44310
8,44316,1,1,0, 44317
31,44316,2,2,1, 44318
1,44326,1,1,1, 44327
24,44329,1,1,1, 44330
8,44336,1,1,0, 44337
9,44337,2,2,1, 44339
1,44346,1,1,0, 44347
24,44349,1,1,1, 44350
8,44356,1,1,1, 44357
9,44357,2,2,1, 44359
1,44366,1,1,1, 44367
24,44369,1,1,1, 44370
8,44376,1,1,0, 44377
9,44377,2,2,1, 44379
1,44386,1,1,0, 44387
24,44389,1,1,0, 44390
8,44396,1,1,0, 44397
16,44399,2,2,1, 44401
24,44409,1,1,0, 44410
24,44429,1,1,0, 44430
24,44449,1,1,1, 44450
24,44469,1,1,1, 44470
24,44489,1,1,0, 44490
16,44499,2,2,1, 44501
1,44506,1,1,1, 44507
24,44509,1,1,0, 44510
8,44516,1,1,0, 44517
9,44517,2,2,1, 44519
1,44526,1,1,0, 44527
24,44529,1,1,0, 44530
8,44536,1,1,0, 44537
9,44537,2,2,1, 44539
1,44546,1,1,0, 44547
24,44549,1,1,0, 44550
8,44556,1,1,0, 44557
9,44557,2,2,1, 44559
1,44566,1,1,1, 44567
24,44569,1,1,0, 44570
8,44576,1,1,1, 44577
1,44586,1,1,1, 44587
24,44589,1,1,1, 44590
8,44596,1,1,1, 44597
2,44603,2,2,1, 44605
1,44606,1,1,0, 44607
24,44609,1,1,1, 44610
8,44616,1,1,1, 44617
9,44617,2,2,1, 44619
16,44619,2,2,1, 44621
15,44621,2,2,1, 44623
2,44623,2,2,1, 44625
1,44626,1,1,1, 44627
24,44629,1,1,0, 44630
25,44635,2,2,1, 44637
8,44636,1,1,0, 44637
31,44636,2,2,1, 44638
24,44649,1,1,0, 44650
25,44655,2,2,1, 44657
8,44656,1,1,0, 44657
24,44669,1,1,1, 44670
8,44676,1,1,1, 44677
15,44681,2,2,1, 44683
24,44689,1,1,0, 44690
8,44696,1,1,0, 44697
24,44709,1,1,0, 44710
8,44716,1,1,0, 44717
31,44716,2,2,1, 44718
24,44729,1,1,0, 44730
8,44736,1,1,1, 44737
31,44736,2,2,1, 44738
15,44741,2,2,1, 44743
1,44746,1,1,0, 44747
24,44749,1,1,1, 44750
8,44756,1,1,0, 44757
31,44756,2,2,1, 44758
2,44763,2,2,1, 44765
1,44766,1,1,1, 44767
25,44775,2,2,1, 44777
8,44776,1,1,0, 44777
1,44786,1,1,1, 44787
8,44796,1,1,1, 44797
1,44806,1,1,1, 44807
8,44816,1,1,0, 44817
9,44817,2,2,1, 44819
8,44836,1,1,0, 44837
8,44856,1,1,1, 44857
24,44869,1,1,1, 44870
8,44876,1,1,0, 44877
1,44886,1,1,1, 44887
24,44889,1,1,1, 44890
25,44895,2,2,1, 44897
1,44906,1,1,1, 44907
24,44909,1,1,0, 44910
25,44915,2,2,1, 44917
1,44926,1,1,0, 44927
24,44929,1,1,0, 44930
1,44946,1,1,0, 44947
24,44949,1,1,0, 44950
1,44966,1,1,1, 44967
24,44969,1,1,0, 44970
2,44983,2,2,1, 44985
1,44986,1,1,1, 44987
24,44989,1,1,0, 44990
8,44996,1,1,0, 44997
9,44997,2,2,1, 44999
24,45009,1,1,1, 45010
8,45016,1,1,1, 45017
9,45017,2,2,1, 45019
16,45019,2,2,1, 45021
24,45029,1,1,1, 45030
8,45036,1,1,1, 45037
24,45049,1,1,0, 45050
8,45056,1,1,1, 45057
16,45059,2,2,1, 45061
24,45069,1,1,1, 45070
31,45076,2,2,1, 45078
24,45089,1,1,1, 45090
31,45096,2,2,1, 45098
1,45106,1,1,1, 45107
24,45109,1,1,1, 45110
9,45117,2,2,1, 45119
2,45123,2,2,1, 45125
1,45126,1,1,0, 45127
24,45129,1,1,1, 45130
1,45146,1,1,1, 45147
24,45149,1,1,0, 45150
9,45157,2,2,1, 45159
2,45163,2,2,1, 45165
1,45166,1,1,0, 45167
24,45169,1,1,0, 45170
9,45177,2,2,1, 45179
24,45189,1,1,1, 45190
24,45209,1,1,0, 45210
24,45229,1,1,1, 45230
25,45235,2,2,1, 45237
8,45236,1,1,0, 45237
31,45236,2,2,1, 45238
9,45237,2,2,1, 45239
16,45239,2,2,1, 45241
1,45246,1,1,0, 45247
8,45256,1,1,0, 45257
16,45259,2,2,1, 45261
1,45266,1,1,1, 45267
25,45275,2,2,1, 45277
8,45276,1,1,0, 45277
1,45286,1,1,1, 45287
8,45296,1,1,1, 45297
1,45306,1,1,1, 45307
25,45315,2,2,1, 45317
8,45316,1,1,0, 45317
16,45319,2,2,1, 45321
1,45326,1,1,1, 45327
8,45336,1,1,1, 45337
16,45339,2,2,1, 45341
1,45346,1,1,0, 45347
24,45349,1,1,0, 45350
8,45356,1,1,0, 45357
9,45357,2,2,1, 45359
1,45366,1,1,1, 45367
24,45369,1,1,0, 45370
8,45376,1,1,0, 45377
9,45377,2,2,1, 45379
15,45381,2,2,1, 45383
1,45386,1,1,1, 45387
24,45389,1,1,0, 45390
8,45396,1,1,0, 45397
15,45401,2,2,1, 45403
1,45406,1,1,1, 45407
24,45409,1,1,1, 45410
8,45416,1,1,1, 45417
31,45416,2,2,1, 45418
1,45426,1,1,1, 45427
24,45429,1,1,0, 45430
1,45446,1,1,0, 45447
24,45449,1,1,0, 45450
31,45456,2,2,1, 45458
1,45466,1,1,1, 45467
24,45469,1,1,0, 45470
25,45475,2,2,1, 45477
31,45476,2,2,1, 45478
24,45489,1,1,1, 45490
8,45496,1,1,0, 45497
15,45501,2,2,1, 45503
24,45509,1,1,0, 45510
25,45515,2,2,1, 45517
8,45516,1,1,0, 45517
16,45519,2,2,1, 45521
15,45521,2,2,1, 45523
24,45529,1,1,1, 45530
25,45535,2,2,1, 45537
8,45536,1,1,1, 45537
9,45537,2,2,1, 45539
16,45539,2,2,1, 45541
24,45549,1,1,0, 45550
24,45569,1,1,1, 45570
1,45586,1,1,0, 45587
24,45589,1,1,1, 45590
31,45596,2,2,1, 45598
1,45606,1,1,0, 45607
24,45609,1,1,1, 45610
1,45626,1,1,0, 45627
24,45629,1,1,0, 45630
1,45646,1,1,0, 45647
24,45649,1,1,1, 45650
25,45655,2,2,1, 45657
8,45656,1,1,0, 45657
31,45656,2,2,1, 45658
1,45666,1,1,1, 45667
24,45669,1,1,0, 45670
8,45676,1,1,0, 45677
1,45686,1,1,0, 45687
24,45689,1,1,0, 45690
8,45696,1,1,1, 45697
2,45703,2,2,1, 45705
1,45706,1,1,0, 45707
24,45709,1,1,1, 45710
8,45716,1,1,1, 45717
9,45717,2,2,1, 45719
16,45719,2,2,1, 45721
15,45721,2,2,1, 45723
2,45723,2,2,1, 45725
1,45726,1,1,0, 45727
24,45729,1,1,1, 45730
8,45736,1,1,1, 45737
9,45737,2,2,1, 45739
16,45739,2,2,1, 45741
15,45741,2,2,1, 45743
2,45743,2,2,1, 45745
1,45746,1,1,0, 45747
24,45749,1,1,0, 45750
8,45756,1,1,1, 45757
15,45761,2,2,1, 45763
2,45763,2,2,1, 45765
1,45766,1,1,1, 45767
24,45769,1,1,1, 45770
25,45775,2,2,1, 45777
8,45776,1,1,0, 45777
31,45776,2,2,1, 45778
9,45777,2,2,1, 45779
16,45779,2,2,1, 45781
1,45886,1,1,0, 45887
24,45889,1,1,0, 45890
8,45896,1,1,1, 45897
1,45906,1,1,1, 45907
24,45909,1,1,1, 45910
25,45915,2,2,1, 45917
8,45916,1,1,0, 45917
31,45916,2,2,1, 45918
1,45926,1,1,0, 45927
24,45929,1,1,1, 45930
8,45936,1,1,0, 45937
31,45936,2,2,1, 45938
1,45946,1,1,0, 45947
24,45949,1,1,0, 45950
25,45955,2,2,1, 45957
8,45956,1,1,1, 45957
1,45966,1,1,0, 45967
8,45976,1,1,0, 45977
1,45986,1,1,1, 45987
25,45995,2,2,1, 45997
8,45996,1,1,0, 45997
16,45999,2,2,1, 46001
1,46006,1,1,0, 46007
8,46016,1,1,0, 46017
1,46026,1,1,1, 46027
8,46036,1,1,1, 46037
2,46043,2,2,1, 46045
1,46046,1,1,1, 46047
8,46056,1,1,1, 46057
2,46063,2,2,1, 46065
1,46066,1,1,0, 46067
24,46069,1,1,0, 46070
8,46076,1,1,0, 46077
31,46076,2,2,1, 46078
15,46081,2,2,1, 46083
1,46086,1,1,0, 46087
24,46089,1,1,1, 46090
8,46096,1,1,1, 46097
15,46101,2,2,1, 46103
1,46106,1,1,1, 46107
24,46109,1,1,1, 46110
8,46116,1,1,0, 46117
1,46126,1,1,0, 46127
24,46129,1,1,1, 46130
25,46135,2,2,1, 46137
8,46136,1,1,1, 46137
24,46149,1,1,1, 46150
24,46169,1,1,0, 46170
24,46189,1,1,1, 46190
24,46209,1,1,1, 46210
16,46219,2,2,1, 46221
24,46229,1,1,1, 46230
31,46236,2,2,1, 46238
16,46239,2,2,1, 46241
1,46246,1,1,0, 46247
24,46249,1,1,0, 46250
8,46256,1,1,1, 46257
31,46256,2,2,1, 46258
9,46257,2,2,1, 46259
1,46266,1,1,1, 46267
24,46269,1,1,0, 46270
8,46276,1,1,0, 46277
15,46281,2,2,1, 46283
2,46283,2,2,1, 46285
1,46286,1,1,0, 46287
24,46289,1,1,0, 46290
8,46296,1,1,1, 46297
9,46297,2,2,1, 46299
2,46303,2,2,1, 46305
1,46306,1,1,0, 46307
24,46309,1,1,0, 46310
8,46316,1,1,1, 46317
9,46317,2,2,1, 46319
15,46321,2,2,1, 46323
2,46323,2,2,1, 46325
1,46326,1,1,0, 46327
24,46329,1,1,0, 46330
8,46336,1,1,0, 46337
1,46346,1,1,1, 46347
24,46349,1,1,1, 46350
8,46356,1,1,0, 46357
2,46363,2,2,1, 46365
1,46366,1,1,0, 46367
24,46369,1,1,1, 46370
25,46375,2,2,1, 46377
8,46376,1,1,1, 46377
31,46376,2,2,1, 46378
16,46379,2,2,1, 46381
1,46486,1,1,1, 46487
24,46489,1,1,0, 46490
8,46496,1,1,0, 46497
16,46499,2,2,1, 46501
15,46501,2,2,1, 46503
1,46506,1,1,0, 46507
24,46509,1,1,1, 46510
8,46516,1,1,1, 46517
31,46516,2,2,1, 46518
9,46517,2,2,1, 46519
1,46526,1,1,1, 46527
24,46529,1,1,0, 46530
8,46536,1,1,0, 46537
9,46537,2,2,1, 46539
2,46543,2,2,1, 46545
1,46546,1,1,0, 46547
24,46549,1,1,0, 46550
8,46556,1,1,1, 46557
31,46556,2,2,1, 46558
15,46561,2,2,1, 46563
24,46569,1,1,0, 46570
8,46576,1,1,1, 46577
24,46589,1,1,1, 46590
8,46596,1,1,0, 46597
15,46601,2,2,1, 46603
24,46609,1,1,1, 46610
25,46615,2,2,1, 46617
8,46616,1,1,1, 46617
16,46619,2,2,1, 46621
1,46626,1,1,0, 46627
24,46629,1,1,0, 46630
9,46637,2,2,1, 46639
2,46643,2,2,1, 46645
1,46646,1,1,0, 46647
24,46649,1,1,1, 46650
25,46655,2,2,1, 46657
9,46657,2,2,1, 46659
2,46663,2,2,1, 46665
1,46666,1,1,1, 46667
24,46669,1,1,1, 46670
24,46689,1,1,1, 46690
24,46709,1,1,0, 46710
24,46729,1,1,0, 46730
8,46736,1,1,1, 46737
31,46736,2,2,1, 46738
9,46737,2,2,1, 46739
8,46756,1,1,0, 46757
16,46759,2,2,1, 46761
8,46776,1,1,1, 46777
1,46786,1,1,0, 46787
25,46795,2,2,1, 46797
8,46796,1,1,0, 46797
16,46799,2,2,1, 46801
1,46806,1,1,0, 46807
25,46815,2,2,1, 46817
8,46816,1,1,0, 46817
9,46817,2,2,1, 46819
16,46819,2,2,1, 46821
1,46826,1,1,1, 46827
25,46835,2,2,1, 46837
8,46836,1,1,0, 46837
1,46846,1,1,1, 46847
24,46849,1,1,0, 46850
8,46856,1,1,1, 46857
31,46856,2,2,1, 46858
15,46861,2,2,1, 46863
1,46866,1,1,0, 46867
24,46869,1,1,0, 46870
8,46876,1,1,1, 46877
9,46877,2,2,1, 46879
15,46881,2,2,1, 46883
2,46883,2,2,1, 46885
1,46886,1,1,0, 46887
24,46889,1,1,0, 46890
8,46896,1,1,0, 46897
15,46901,2,2,1, 46903
2,46903,2,2,1, 46905
1,46906,1,1,1, 46907
24,46909,1,1,1, 46910
8,46916,1,1,0, 46917
9,46917,2,2,1, 46919
24,46929,1,1,0, 46930
24,46949,1,1,0, 46950
24,46969,1,1,1, 46970
31,46976,2,2,1, 46978
24,46989,1,1,0, 46990
24,47009,1,1,0, 47010
31,47016,2,2,1, 47018
1,47026,1,1,1, 47027
24,47029,1,1,0, 47030
25,47035,2,2,1, 47037
8,47036,1,1,0, 47037
31,47036,2,2,1, 47038
16,47039,2,2,1, 47041
15,47041,2,2,1, 47043
24,47049,1,1,0, 47050
31,47056,2,2,1, 47058
24,47069,1,1,1, 47070
16,47079,2,2,1, 47081
24,47089,1,1,1, 47090
31,47096,2,2,1, 47098
24,47109,1,1,1, 47110
24,47129,1,1,0, 47130
1,47146,1,1,1, 47147
24,47149,1,1,0, 47150
8,47156,1,1,1, 47157
1,47166,1,1,0, 47167
8,47176,1,1,0, 47177
1,47186,1,1,1, 47187
8,47196,1,1,1, 47197
1,47206,1,1,1, 47207
8,47216,1,1,1, 47217
1,47226,1,1,0, 47227
8,47236,1,1,1, 47237
1,47246,1,1,0, 47247
8,47256,1,1,1, 47257
2,47263,2,2,1, 47265
1,47266,1,1,1, 47267
24,47269,1,1,1, 47270
8,47276,1,1,0, 47277
31,47276,2,2,1, 47278
16,47279,2,2,1, 47281
15,47281,2,2,1, 47283
24,47289,1,1,0, 47290
8,47296,1,1,0, 47297
24,47309,1,1,1, 47310
8,47316,1,1,0, 47317
24,47329,1,1,1, 47330
8,47336,1,1,1, 47337
15,47341,2,2,1, 47343
24,47349,1,1,0, 47350
8,47356,1,1,1, 47357
24,47369,1,1,0, 47370
8,47376,1,1,0, 47377
1,47386,1,1,0, 47387
24,47389,1,1,0, 47390
8,47396,1,1,1, 47397
1,47406,1,1,0, 47407
24,47409,1,1,1, 47410
8,47416,1,1,0, 47417
2,47423,2,2,1, 47425
1,47426,1,1,1, 47427
24,47429,1,1,1, 47430
8,47436,1,1,1, 47437
9,47437,2,2,1, 47439
2,47443,2,2,1, 47445
1,47446,1,1,1, 47447
24,47449,1,1,0, 47450
8,47456,1,1,1, 47457
31,47456,2,2,1, 47458
9,47457,2,2,1, 47459
24,47469,1,1,0, 47470
8,47476,1,1,1, 47477
9,47477,2,2,1, 47479
24,47489,1,1,1, 47490
8,47496,1,1,1, 47497
31,47496,2,2,1, 47498
24,47509,1,1,0, 47510
8,47516,1,1,1, 47517
31,47516,2,2,1, 47518
9,47517,2,2,1, 47519
16,47519,2,2,1, 47521
1,47626,1,1,1, 47627
24,47629,1,1,1, 47630
8,47636,1,1,1, 47637
15,47641,2,2,1, 47643
24,47649,1,1,0, 47650
8,47656,1,1,1, 47657
24,47669,1,1,0, 47670
25,47675,2,2,1, 47677
8,47676,1,1,1, 47677
31,47676,2,2,1, 47678
9,47677,2,2,1, 47679
24,47689,1,1,0, 47690
25,47695,2,2,1, 47697
8,47696,1,1,1, 47697
24,47709,1,1,1, 47710
8,47716,1,1,0, 47717
31,47716,2,2,1, 47718
24,47729,1,1,0, 47730
8,47736,1,1,0, 47737
31,47736,2,2,1, 47738
9,47737,2,2,1, 47739
1,47746,1,1,1, 47747
24,47749,1,1,1, 47750
8,47756,1,1,0, 47757
31,47756,2,2,1, 47758
1,47766,1,1,0, 47767
1,47786,1,1,0, 47787
1,47806,1,1,0, 47807
1,47826,1,1,1, 47827
1,47846,1,1,1, 47847
2,47863,2,2,1, 47865
1,47866,1,1,1, 47867
25,47875,2,2,1, 47877
8,47876,1,1,0, 47877
16,47879,2,2,1, 47881
15,47881,2,2,1, 47883
24,47889,1,1,0, 47890
8,47896,1,1,0, 47897
16,47899,2,2,1, 47901
24,47909,1,1,0, 47910
8,47916,1,1,1, 47917
31,47916,2,2,1, 47918
16,47919,2,2,1, 47921
24,47929,1,1,1, 47930
8,47936,1,1,0, 47937
16,47939,2,2,1, 47941
24,47949,1,1,0, 47950
25,47955,2,2,1, 47957
31,47956,2,2,1, 47958
24,47969,1,1,0, 47970
25,47975,2,2,1, 47977
31,47976,2,2,1, 47978
1,47986,1,1,0, 47987
24,47989,1,1,1, 47990
25,47995,2,2,1, 47997
31,47996,2,2,1, 47998
2,48003,2,2,1, 48005
1,48006,1,1,1, 48007
8,48016,1,1,1, 48017
9,48017,2,2,1, 48019
15,48021,2,2,1, 48023
2,48023,2,2,1, 48025
1,48026,1,1,0, 48027
8,48036,1,1,0, 48037
9,48037,2,2,1, 48039
15,48041,2,2,1, 48043
1,48046,1,1,1, 48047
8,48056,1,1,0, 48057
24,48109,1,1,0, 48110
31,48116,2,2,1, 48118
15,48121,2,2,1, 48123
1,48126,1,1,1, 48127
24,48129,1,1,1, 48130
8,48136,1,1,0, 48137
1,48146,1,1,0, 48147
24,48149,1,1,0, 48150
8,48156,1,1,0, 48157
9,48157,2,2,1, 48159
15,48161,2,2,1, 48163
1,48166,1,1,0, 48167
24,48169,1,1,0, 48170
8,48176,1,1,0, 48177
16,48179,2,2,1, 48181
1,48186,1,1,1, 48187
24,48189,1,1,1, 48190
2,48203,2,2,1, 48205
1,48206,1,1,0, 48207
24,48209,1,1,0, 48210
1,48226,1,1,0, 48227
24,48229,1,1,0, 48230
9,48237,2,2,1, 48239
24,48249,1,1,0, 48250
31,48256,2,2,1, 48258
24,48269,1,1,1, 48270
31,48276,2,2,1, 48278
24,48289,1,1,1, 48290
8,48296,1,1,1, 48297
24,48309,1,1,0, 48310
8,48316,1,1,1, 48317
24,48329,1,1,1, 48330
8,48336,1,1,0, 48337
1,48346,1,1,1, 48347
24,48349,1,1,0, 48350
25,48355,2,2,1, 48357
8,48356,1,1,0, 48357
2,48363,2,2,1, 48365
1,48366,1,1,0, 48367
24,48369,1,1,0, 48370
25,48375,2,2,1, 48377
8,48376,1,1,0, 48377
16,48379,2,2,1, 48381
1,48386,1,1,0, 48387
24,48389,1,1,0, 48390
8,48396,1,1,0, 48397
2,48403,2,2,1, 48405
1,48406,1,1,1, 48407
24,48409,1,1,1, 48410
8,48416,1,1,0, 48417
9,48417,2,2,1, 48419
16,48419,2,2,1, 48421
15,48421,2,2,1, 48423
24,48429,1,1,1, 48430
8,48436,1,1,1, 48437
31,48436,2,2,1, 48438
9,48437,2,2,1, 48439
24,48449,1,1,0, 48450
8,48456,1,1,0, 48457
9,48457,2,2,1, 48459
24,48469,1,1,0, 48470
8,48476,1,1,0, 48477
24,48489,1,1,0, 48490
8,48496,1,1,1, 48497
31,48496,2,2,1, 48498
24,48509,1,1,0, 48510
8,48516,1,1,1, 48517
31,48516,2,2,1, 48518
9,48517,2,2,1, 48519
1,48526,1,1,1, 48527
24,48529,1,1,0, 48530
8,48536,1,1,1, 48537
31,48536,2,2,1, 48538
9,48537,2,2,1, 48539
1,48646,1,1,1, 48647
8,48656,1,1,0, 48657
31,48656,2,2,1, 48658
16,48659,2,2,1, 48661
1,48666,1,1,1, 48667
24,48669,1,1,0, 48670
8,48676,1,1,0, 48677
1,48686,1,1,0, 48687
24,48689,1,1,0, 48690
8,48696,1,1,0, 48697
31,48696,2,2,1, 48698
2,48703,2,2,1, 48705
1,48706,1,1,0, 48707
24,48709,1,1,1, 48710
8,48716,1,1,1, 48717
31,48716,2,2,1, 48718
1,48726,1,1,0, 48727
24,48729,1,1,0, 48730
8,48736,1,1,0, 48737
2,48743,2,2,1, 48745
1,48746,1,1,1, 48747
24,48749,1,1,1, 48750
8,48756,1,1,0, 48757
2,48763,2,2,1, 48765
1,48766,1,1,1, 48767
24,48769,1,1,0, 48770
25,48775,2,2,1, 48777
8,48776,1,1,1, 48777
9,48777,2,2,1, 48779
24,48789,1,1,0, 48790
24,48809,1,1,0, 48810
24,48829,1,1,1, 48830
25,48835,2,2,1, 48837
31,48836,2,2,1, 48838
24,48849,1,1,0, 48850
31,48856,2,2,1, 48858
24,48869,1,1,0, 48870
25,48875,2,2,1, 48877
31,48876,2,2,1, 48878
1,48886,1,1,0, 48887
24,48889,1,1,0, 48890
8,48896,1,1,1, 48897
31,48896,2,2,1, 48898
9,48897,2,2,1, 48899
2,48903,2,2,1, 48905
1,48906,1,1,0, 48907
8,48916,1,1,0, 48917
9,48917,2,2,1, 48919
16,48919,2,2,1, 48921
1,48926,1,1,0, 48927
8,48936,1,1,1, 48937
1,48946,1,1,1, 48947
8,48956,1,1,1, 48957
9,48957,2,2,1, 48959
16,48959,2,2,1, 48961
8,48976,1,1,0, 48977
8,48996,1,1,1, 48997
8,49016,1,1,0, 49017
1,49026,1,1,1, 49027
24,49029,1,1,0, 49030
8,49036,1,1,1, 49037
31,49036,2,2,1, 49038
9,49037,2,2,1, 49039
16,49039,2,2,1, 49041
15,49041,2,2,1, 49043
2,49043,2,2,1, 49045
1,49046,1,1,1, 49047
24,49049,1,1,0, 49050
8,49056,1,1,0, 49057
16,49059,2,2,1, 49061
2,49063,2,2,1, 49065
1,49066,1,1,0, 49067
24,49069,1,1,0, 49070
8,49076,1,1,0, 49077
31,49076,2,2,1, 49078
2,49083,2,2,1, 49085
1,49086,1,1,0, 49087
24,49089,1,1,0, 49090
1,49106,1,1,0, 49107
24,49109,1,1,1, 49110
1,49126,1,1,0, 49127
24,49129,1,1,0, 49130
31,49136,2,2,1, 49138
8,49196,1,1,0, 49197
8,49216,1,1,1, 49217
8,49236,1,1,1, 49237
16,49239,2,2,1, 49241
1,49246,1,1,0, 49247
24,49249,1,1,0, 49250
25,49255,2,2,1, 49257
8,49256,1,1,0, 49257
1,49266,1,1,1, 49267
24,49269,1,1,0, 49270
8,49276,1,1,0, 49277
31,49276,2,2,1, 49278
9,49277,2,2,1, 49279
2,49283,2,2,1, 49285
1,49286,1,1,1, 49287
24,49289,1,1,1, 49290
25,49295,2,2,1, 49297
8,49296,1,1,1, 49297
9,49297,2,2,1, 49299
2,49303,2,2,1, 49305
1,49306,1,1,1, 49307
24,49309,1,1,1, 49310
8,49316,1,1,0, 49317
1,49326,1,1,1, 49327
24,49329,1,1,0, 49330
8,49336,1,1,0, 49337
31,49336,2,2,1, 49338
2,49343,2,2,1, 49345
1,49346,1,1,0, 49347
24,49349,1,1,0, 49350
8,49356,1,1,0, 49357
31,49356,2,2,1, 49358
2,49363,2,2,1, 49365
1,49366,1,1,0, 49367
24,49369,1,1,0, 49370
8,49376,1,1,1, 49377
16,49379,2,2,1, 49381
15,49381,2,2,1, 49383
8,49396,1,1,0, 49397
16,49399,2,2,1, 49401
15,49401,2,2,1, 49403
8,49416,1,1,0, 49417
15,49421,2,2,1, 49423
8,49436,1,1,0, 49437
1,49486,1,1,0, 49487
15,49501,2,2,1, 49503
2,49503,2,2,1, 49505
1,49506,1,1,0, 49507
24,49509,1,1,0, 49510
25,49515,2,2,1, 49517
8,49516,1,1,0, 49517
9,49517,2,2,1, 49519
2,49523,2,2,1, 49525
1,49526,1,1,0, 49527
24,49529,1,1,1, 49530
8,49536,1,1,1, 49537
2,49543,2,2,1, 49545
1,49546,1,1,0, 49547
24,49549,1,1,1, 49550
25,49555,2,2,1, 49557
8,49556,1,1,1, 49557
9,49557,2,2,1, 49559
15,49561,2,2,1, 49563
24,49569,1,1,0, 49570
25,49575,2,2,1, 49577
8,49576,1,1,0, 49577
15,49581,2,2,1, 49583
24,49589,1,1,0, 49590
25,49595,2,2,1, 49597
8,49596,1,1,0, 49597
31,49596,2,2,1, 49598
24,49609,1,1,1, 49610
8,49616,1,1,1, 49617
24,49629,1,1,1, 49630
24,49649,1,1,0, 49650
1,49666,1,1,1, 49667
24,49669,1,1,0, 49670
2,49683,2,2,1, 49685
1,49686,1,1,0, 49687
24,49689,1,1,1, 49690
8,49696,1,1,1, 49697
1,49706,1,1,0, 49707
24,49709,1,1,1, 49710
8,49716,1,1,1, 49717
1,49726,1,1,1, 49727
24,49729,1,1,0, 49730
8,49736,1,1,1, 49737
15,49741,2,2,1, 49743
1,49746,1,1,1, 49747
24,49749,1,1,1, 49750
8,49756,1,1,0, 49757
15,49761,2,2,1, 49763
1,49766,1,1,0, 49767
24,49769,1,1,0, 49770
8,49776,1,1,0, 49777
31,49776,2,2,1, 49778
1,49786,1,1,0, 49787
24,49789,1,1,0, 49790
8,49796,1,1,1, 49797
9,49797,2,2,1, 49799
15,49801,2,2,1, 49803
1,49806,1,1,1, 49807
24,49809,1,1,0, 49810
8,49816,1,1,1, 49817
9,49817,2,2,1, 49819
1,49826,1,1,0, 49827
24,49829,1,1,0, 49830
8,49836,1,1,1, 49837
9,49837,2,2,1, 49839
1,49846,1,1,0, 49847
24,49849,1,1,1, 49850
8,49856,1,1,1, 49857
16,49859,2,2,1, 49861
1,49866,1,1,0, 49867
24,49869,1,1,0, 49870
16,49879,2,2,1, 49881
1,49886,1,1,0, 49887
24,49889,1,1,0, 49890
31,49896,2,2,1, 49898
16,49899,2,2,1, 49901
1,49906,1,1,1, 49907
24,49909,1,1,0, 49910
16,49919,2,2,1, 49921
8,49976,1,1,0, 49977
16,49979,2,2,1, 49981
8,49996,1,1,0, 49997
16,49999,2,2,1, 50001
8,50016,1,1,1, 50017
1,50026,1,1,1, 50027
24,50029,1,1,1, 50030
25,50035,2,2,1, 50037
8,50036,1,1,1, 50037
31,50036,2,2,1, 50038
16,50039,2,2,1, 50041
24,50049,1,1,1, 50050
8,50056,1,1,0, 50057
31,50056,2,2,1, 50058
24,50069,1,1,1, 50070
8,50076,1,1,1, 50077
31,50076,2,2,1, 50078
24,50089,1,1,1, 50090
8,50096,1,1,1, 50097
31,50096,2,2,1, 50098
15,50101,2,2,1, 50103
24,50109,1,1,1, 50110
8,50116,1,1,0, 50117
24,50129,1,1,0, 50130
8,50136,1,1,1, 50137
15,50141,2,2,1, 50143
1,50146,1,1,1, 50147
24,50149,1,1,0, 50150
25,50155,2,2,1, 50157
8,50156,1,1,0, 50157
16,50159,2,2,1, 50161
2,50163,2,2,1, 50165
1,50166,1,1,0, 50167
24,50169,1,1,1, 50170
9,50177,2,2,1, 50179
2,50183,2,2,1, 50185
1,50186,1,1,0, 50187
24,50189,1,1,0, 50190
24,50209,1,1,0, 50210
8,50276,1,1,0, 50277
15,50281,2,2,1, 50283
8,50296,1,1,1, 50297
15,50301,2,2,1, 50303
8,50316,1,1,1, 50317
1,50326,1,1,1, 50327
24,50329,1,1,0, 50330
8,50336,1,1,1, 50337
31,50336,2,2,1, 50338
15,50341,2,2,1, 50343
2,50343,2,2,1, 50345
1,50346,1,1,0, 50347
24,50349,1,1,1, 50350
8,50356,1,1,0, 50357
15,50361,2,2,1, 50363
1,50366,1,1,0, 50367
24,50369,1,1,1, 50370
8,50376,1,1,0, 50377
1,50386,1,1,1, 50387
24,50389,1,1,0, 50390
25,50395,2,2,1, 50397
8,50396,1,1,1, 50397
24,50409,1,1,1, 50410
8,50416,1,1,0, 50417
24,50429,1,1,0, 50430
25,50435,2,2,1, 50437
8,50436,1,1,0, 50437
24,50449,1,1,1, 50450
25,50455,2,2,1, 50457
8,50456,1,1,1, 50457
1,50466,1,1,1, 50467
24,50469,1,1,0, 50470
8,50476,1,1,0, 50477
9,50477,2,2,1, 50479
15,50481,2,2,1, 50483
2,50483,2,2,1, 50485
1,50486,1,1,1, 50487
24,50489,1,1,1, 50490
8,50496,1,1,0, 50497
31,50496,2,2,1, 50498
9,50497,2,2,1, 50499
2,50503,2,2,1, 50505
1,50506,1,1,1, 50507
24,50509,1,1,0, 50510
8,50516,1,1,0, 50517
1,50626,1,1,0, 50627
24,50629,1,1,0, 50630
8,50636,1,1,0, 50637
31,50636,2,2,1, 50638
16,50639,2,2,1, 50641
15,50641,2,2,1, 50643
2,50643,2,2,1, 50645
1,50646,1,1,0, 50647
24,50649,1,1,1, 50650
9,50657,2,2,1, 50659
1,50666,1,1,1, 50667
24,50669,1,1,0, 50670
9,50677,2,2,1, 50679
1,50686,1,1,0, 50687
24,50689,1,1,1, 50690
1,50706,1,1,1, 50707
24,50709,1,1,1, 50710
9,50717,2,2,1, 50719
1,50726,1,1,1, 50727
24,50729,1,1,0, 50730
9,50737,2,2,1, 50739
1,50746,1,1,1, 50747
24,50749,1,1,1, 50750
8,50756,1,1,1, 50757
9,50757,2,2,1, 50759
24,50769,1,1,1, 50770
8,50776,1,1,1, 50777
15,50781,2,2,1, 50783
24,50789,1,1,0, 50790
25,50795,2,2,1, 50797
8,50796,1,1,0, 50797
24,50809,1,1,0, 50810
8,50816,1,1,0, 50817
31,50816,2,2,1, 50818
8,50836,1,1,1, 50837
8,50856,1,1,0, 50857
1,50866,1,1,0, 50867
8,50876,1,1,1, 50877
16,50879,2,2,1, 50881
1,50886,1,1,1, 50887
24,50889,1,1,1, 50890
8,50896,1,1,0, 50897
1,50906,1,1,0, 50907
24,50909,1,1,1, 50910
8,50916,1,1,0, 50917
1,50926,1,1,0, 50927
24,50929,1,1,0, 50930
8,50936,1,1,0, 50937
1,50946,1,1,1, 50947
24,50949,1,1,0, 50950
8,50956,1,1,0, 50957
31,50956,2,2,1, 50958
1,50966,1,1,0, 50967
24,50969,1,1,1, 50970
8,50976,1,1,0, 50977
15,50981,2,2,1, 50983
2,50983,2,2,1, 50985
1,50986,1,1,0, 50987
24,50989,1,1,0, 50990
8,50996,1,1,0, 50997
31,50996,2,2,1, 50998
1,51106,1,1,1, 51107
24,51109,1,1,0, 51110
25,51115,2,2,1, 51117
8,51116,1,1,0, 51117
9,51117,2,2,1, 51119
1,51126,1,1,0, 51127
24,51129,1,1,0, 51130
25,51135,2,2,1, 51137
8,51136,1,1,1, 51137
1,51146,1,1,1, 51147
24,51149,1,1,0, 51150
25,51155,2,2,1, 51157
8,51156,1,1,0, 51157
1,51166,1,1,0, 51167
24,51169,1,1,0, 51170
8,51176,1,1,0, 51177
31,51176,2,2,1, 51178
24,51189,1,1,0, 51190
25,51195,2,2,1, 51197
8,51196,1,1,1, 51197
24,51209,1,1,1, 51210
8,51216,1,1,0, 51217
31,51216,2,2,1, 51218
24,51229,1,1,1, 51230
25,51235,2,2,1, 51237
8,51236,1,1,0, 51237
15,51241,2,2,1, 51243
8,51256,1,1,0, 51257
15,51261,2,2,1, 51263
8,51276,1,1,0, 51277
9,51277,2,2,1, 51279
1,51286,1,1,0, 51287
8,51296,1,1,1, 51297
1,51306,1,1,0, 51307
8,51316,1,1,1, 51317
1,51326,1,1,0, 51327
25,51335,2,2,1, 51337
8,51336,1,1,0, 51337
1,51346,1,1,0, 51347
25,51355,2,2,1, 51357
8,51356,1,1,1, 51357
1,51366,1,1,0, 51367
24,51369,1,1,1, 51370
8,51376,1,1,1, 51377
16,51379,2,2,1, 51381
1,51386,1,1,0, 51387
24,51389,1,1,1, 51390
8,51396,1,1,0, 51397
16,51399,2,2,1, 51401
1,51406,1,1,0, 51407
24,51409,1,1,1, 51410
8,51416,1,1,1, 51417
9,51417,2,2,1, 51419
1,51426,1,1,0, 51427
24,51429,1,1,0, 51430
8,51436,1,1,1, 51437
9,51437,2,2,1, 51439
1,51446,1,1,1, 51447
24,51449,1,1,0, 51450
8,51456,1,1,0, 51457
9,51457,2,2,1, 51459
2,51463,2,2,1, 51465
1,51466,1,1,1, 51467
24,51469,1,1,0, 51470
25,51475,2,2,1, 51477
8,51476,1,1,0, 51477
31,51476,2,2,1, 51478
9,51477,2,2,1, 51479
24,51489,1,1,0, 51490
25,51495,2,2,1, 51497
31,51496,2,2,1, 51498
24,51509,1,1,0, 51510
24,51529,1,1,1, 51530
24,51549,1,1,1, 51550
24,51569,1,1,0, 51570
1,51586,1,1,0, 51587
24,51589,1,1,1, 51590
8,51596,1,1,1, 51597
9,51597,2,2,1, 51599
2,51603,2,2,1, 51605
1,51606,1,1,1, 51607
24,51609,1,1,0, 51610
8,51616,1,1,1, 51617
31,51616,2,2,1, 51618
2,51623,2,2,1, 51625
1,51626,1,1,0, 51627
24,51629,1,1,0, 51630
8,51636,1,1,1, 51637
1,51646,1,1,1, 51647
24,51649,1,1,1, 51650
8,51656,1,1,1, 51657
15,51661,2,2,1, 51663
1,51666,1,1,0, 51667
24,51669,1,1,0, 51670
8,51676,1,1,1, 51677
1,51686,1,1,1, 51687
24,51689,1,1,0, 51690
8,51696,1,1,0, 51697
1,51706,1,1,0, 51707
24,51709,1,1,1, 51710
8,51716,1,1,0, 51717
31,51716,2,2,1, 51718
9,51717,2,2,1, 51719
1,51826,1,1,1, 51827
24,51829,1,1,1, 51830
8,51836,1,1,1, 51837
1,51846,1,1,0, 51847
24,51849,1,1,0, 51850
25,51855,2,2,1, 51857
8,51856,1,1,1, 51857
9,51857,2,2,1, 51859
15,51861,2,2,1, 51863
2,51863,2,2,1, 51865
1,51866,1,1,0, 51867
24,51869,1,1,1, 51870
8,51876,1,1,0, 51877
16,51879,2,2,1, 51881
2,51883,2,2,1, 51885
1,51886,1,1,1, 51887
24,51889,1,1,1, 51890
8,51896,1,1,0, 51897
16,51899,2,2,1, 51901
24,51909,1,1,0, 51910
25,51915,2,2,1, 51917
24,51929,1,1,1, 51930
25,51935,2,2,1, 51937
24,51949,1,1,1, 51950
24,51969,1,1,1, 51970
24,51989,1,1,0, 51990
1,52006,1,1,0, 52007
24,52009,1,1,0, 52010
8,52016,1,1,1, 52017
9,52017,2,2,1, 52019
2,52023,2,2,1, 52025
1,52026,1,1,0, 52027
24,52029,1,1,0, 52030
8,52036,1,1,1, 52037
31,52036,2,2,1, 52038
9,52037,2,2,1, 52039
1,52046,1,1,1, 52047
24,52049,1,1,1, 52050
8,52056,1,1,1, 52057
9,52057,2,2,1, 52059
1,52066,1,1,0, 52067
24,52069,1,1,1, 52070
25,52075,2,2,1, 52077
8,52076,1,1,1, 52077
8,52096,1,1,0, 52097
8,52116,1,1,0, 52117
8,52136,1,1,1, 52137
8,52156,1,1,0, 52157
8,52176,1,1,1, 52177
1,52186,1,1,0, 52187
25,52195,2,2,1, 52197
8,52196,1,1,0, 52197
9,52197,2,2,1, 52199
16,52199,2,2,1, 52201
24,52209,1,1,1, 52210
8,52216,1,1,0, 52217
16,52219,2,2,1, 52221
24,52229,1,1,0, 52230
8,52236,1,1,1, 52237
24,52249,1,1,1, 52250
8,52256,1,1,1, 52257
24,52269,1,1,1, 52270
8,52276,1,1,0, 52277
15,52281,2,2,1, 52283
24,52289,1,1,0, 52290
8,52296,1,1,1, 52297
15,52301,2,2,1, 52303
1,52306,1,1,0, 52307
24,52309,1,1,0, 52310
8,52316,1,1,0, 52317
24,52329,1,1,0, 52330
24,52349,1,1,0, 52350
31,52356,2,2,1, 52358
24,52369,1,1,1, 52370
24,52389,1,1,1, 52390
24,52409,1,1,0, 52410
1,52426,1,1,0, 52427
24,52429,1,1,0, 52430
25,52435,2,2,1, 52437
8,52436,1,1,0, 52437
1,52446,1,1,1, 52447
8,52456,1,1,0, 52457
1,52466,1,1,0, 52467
8,52476,1,1,1, 52477
1,52486,1,1,1, 52487
8,52496,1,1,1, 52497
2,52503,2,2,1, 52505
1,52506,1,1,0, 52507
8,52516,1,1,1, 52517
2,52523,2,2,1, 52525
1,52526,1,1,1, 52527
8,52536,1,1,0, 52537
1,52546,1,1,0, 52547
24,52549,1,1,0, 52550
8,52556,1,1,0, 52557
31,52556,2,2,1, 52558
1,52566,1,1,1, 52567
24,52569,1,1,0, 52570
8,52576,1,1,0, 52577
1,52586,1,1,0, 52587
24,52589,1,1,0, 52590
8,52596,1,1,0, 52597
1,52606,1,1,1, 52607
24,52609,1,1,0, 52610
8,52616,1,1,1, 52617
15,52621,2,2,1, 52623
2,52623,2,2,1, 52625
1,52626,1,1,1, 52627
24,52629,1,1,0, 52630
8,52636,1,1,0, 52637
15,52641,2,2,1, 52643
1,52646,1,1,1, 52647
24,52649,1,1,0, 52650
8,52656,1,1,0, 52657
1,52666,1,1,0, 52667
24,52669,1,1,1, 52670
8,52676,1,1,0, 52677
9,52677,2,2,1, 52679
16,52679,2,2,1, 52681
1,52786,1,1,0, 52787
24,52789,1,1,0, 52790
8,52796,1,1,0, 52797
16,52799,2,2,1, 52801
1,52806,1,1,0, 52807
24,52809,1,1,1, 52810
25,52815,2,2,1, 52817
8,52816,1,1,1, 52817
9,52817,2,2,1, 52819
1,52826,1,1,0, 52827
24,52829,1,1,1, 52830
8,52836,1,1,0, 52837
1,52846,1,1,0, 52847
24,52849,1,1,1, 52850
8,52856,1,1,0, 52857
9,52857,2,2,1, 52859
2,52863,2,2,1, 52865
1,52866,1,1,0, 52867
24,52869,1,1,1, 52870
2,52883,2,2,1, 52885
1,52886,1,1,1, 52887
24,52889,1,1,0, 52890
1,52906,1,1,1, 52907
24,52909,1,1,0, 52910
2,52923,2,2,1, 52925
1,52926,1,1,0, 52927
24,52929,1,1,1, 52930
2,52943,2,2,1, 52945
1,52946,1,1,1, 52947
24,52949,1,1,1, 52950
1,52966,1,1,1, 52967
24,52969,1,1,0, 52970
25,52975,2,2,1, 52977
8,52976,1,1,0, 52977
15,52981,2,2,1, 52983
24,52989,1,1,1, 52990
8,52996,1,1,0, 52997
24,53009,1,1,0, 53010
8,53016,1,1,1, 53017
9,53017,2,2,1, 53019
24,53029,1,1,1, 53030
8,53036,1,1,0, 53037
24,53049,1,1,0, 53050
8,53056,1,1,0, 53057
9,53057,2,2,1, 53059
24,53069,1,1,1, 53070
8,53076,1,1,1, 53077
1,53086,1,1,1, 53087
24,53089,1,1,1, 53090
25,53095,2,2,1, 53097
8,53096,1,1,0, 53097
31,53096,2,2,1, 53098
9,53097,2,2,1, 53099
16,53099,2,2,1, 53101
24,53109,1,1,1, 53110
31,53116,2,2,1, 53118
24,53129,1,1,0, 53130
24,53149,1,1,1, 53150
31,53156,2,2,1, 53158
2,53163,2,2,1, 53165
1,53166,1,1,1, 53167
24,53169,1,1,1, 53170
8,53176,1,1,1, 53177
1,53186,1,1,0, 53187
24,53189,1,1,1, 53190
8,53196,1,1,0, 53197
9,53197,2,2,1, 53199
15,53201,2,2,1, 53203
2,53203,2,2,1, 53205
1,53206,1,1,1, 53207
24,53209,1,1,1, 53210
8,53216,1,1,0, 53217
9,53217,2,2,1, 53219
24,53229,1,1,1, 53230
24,53249,1,1,1, 53250
24,53269,1,1,1, 53270
31,53276,2,2,1, 53278
16,53279,2,2,1, 53281
24,53289,1,1,1, 53290
8,53296,1,1,1, 53297
9,53297,2,2,1, 53299
24,53309,1,1,0, 53310
8,53316,1,1,0, 53317
31,53316,2,2,1, 53318
16,53319,2,2,1, 53321
1,53326,1,1,0, 53327
24,53329,1,1,1, 53330
8,53336,1,1,1, 53337
9,53337,2,2,1, 53339
1,53346,1,1,1, 53347
24,53349,1,1,1, 53350
31,53356,2,2,1, 53358
1,53366,1,1,1, 53367
24,53369,1,1,0, 53370
1,53386,1,1,0, 53387
24,53389,1,1,1, 53390
16,53399,2,2,1, 53401
15,53401,2,2,1, 53403
1,53406,1,1,0, 53407
24,53409,1,1,0, 53410
25,53415,2,2,1, 53417
8,53416,1,1,0, 53417
16,53419,2,2,1, 53421
15,53421,2,2,1, 53423
1,53426,1,1,0, 53427
24,53429,1,1,1, 53430
8,53436,1,1,0, 53437
15,53441,2,2,1, 53443
2,53443,2,2,1, 53445
1,53446,1,1,1, 53447
24,53449,1,1,1, 53450
8,53456,1,1,1, 53457
9,53457,2,2,1, 53459
24,53469,1,1,1, 53470
24,53489,1,1,0, 53490
24,53509,1,1,1, 53510
31,53516,2,2,1, 53518
24,53529,1,1,1, 53530
24,53549,1,1,1, 53550
1,53566,1,1,1, 53567
24,53569,1,1,0, 53570
8,53576,1,1,0, 53577
31,53576,2,2,1, 53578
15,53581,2,2,1, 53583
1,53586,1,1,0, 53587
8,53596,1,1,0, 53597
9,53597,2,2,1, 53599
16,53599,2,2,1, 53601
1,53606,1,1,1, 53607
8,53616,1,1,0, 53617
9,53617,2,2,1, 53619
1,53626,1,1,1, 53627
8,53636,1,1,0, 53637
9,53637,2,2,1, 53639
16,53639,2,2,1, 53641
1,53646,1,1,0, 53647
8,53656,1,1,0, 53657
15,53661,2,2,1, 53663
1,53666,1,1,0, 53667
8,53676,1,1,1, 53677
16,53679,2,2,1, 53681
15,53681,2,2,1, 53683
2,53683,2,2,1, 53685
1,53686,1,1,0, 53687
24,53689,1,1,1, 53690
8,53696,1,1,0, 53697
31,53696,2,2,1, 53698
2,53703,2,2,1, 53705
1,53706,1,1,0, 53707
24,53709,1,1,1, 53710
9,53717,2,2,1, 53719
1,53726,1,1,0, 53727
24,53729,1,1,1, 53730
9,53737,2,2,1, 53739
1,53746,1,1,0, 53747
24,53749,1,1,0, 53750
25,53755,2,2,1, 53757
31,53756,2,2,1, 53758
9,53757,2,2,1, 53759
24,53769,1,1,1, 53770
24,53789,1,1,1, 53790
24,53809,1,1,1, 53810
8,53816,1,1,1, 53817
16,53819,2,2,1, 53821
15,53821,2,2,1, 53823
24,53829,1,1,0, 53830
8,53836,1,1,1, 53837
24,53849,1,1,1, 53850
8,53856,1,1,1, 53857
1,53866,1,1,0, 53867
24,53869,1,1,1, 53870
8,53876,1,1,0, 53877
16,53879,2,2,1, 53881
1,53886,1,1,0, 53887
24,53889,1,1,1, 53890
25,53895,2,2,1, 53897
8,53896,1,1,0, 53897
9,53897,2,2,1, 53899
1,53906,1,1,0, 53907
24,53909,1,1,1, 53910
25,53915,2,2,1, 53917
8,53916,1,1,1, 53917
9,53917,2,2,1, 53919
1,53926,1,1,1, 53927
24,53929,1,1,1, 53930
8,53936,1,1,1, 53937
31,53936,2,2,1, 53938
1,53946,1,1,1, 53947
24,53949,1,1,0, 53950
8,53956,1,1,1, 53957
31,53956,2,2,1, 53958
1,53966,1,1,1, 53967
24,53969,1,1,0, 53970
8,53976,1,1,1, 53977
9,53977,2,2,1, 53979
1,53986,1,1,0, 53987
24,53989,1,1,1, 53990
8,53996,1,1,0, 53997
31,53996,2,2,1, 53998
16,53999,2,2,1, 54001
1,54006,1,1,0, 54007
24,54009,1,1,1, 54010
1,54026,1,1,0, 54027
24,54029,1,1,0, 54030
2,54043,2,2,1, 54045
1,54046,1,1,0, 54047
24,54049,1,1,0, 54050
2,54063,2,2,1, 54065
1,54066,1,1,0, 54067
24,54069,1,1,0, 54070
2,54083,2,2,1, 54085
1,54086,1,1,1, 54087
24,54089,1,1,1, 54090
2,54103,2,2,1, 54105
1,54106,1,1,0, 54107
24,54109,1,1,1, 54110
8,54116,1,1,0, 54117
16,54119,2,2,1, 54121
8,54136,1,1,1, 54137
15,54141,2,2,1, 54143
8,54156,1,1,0, 54157
8,54176,1,1,1, 54177
16,54179,2,2,1, 54181
8,54196,1,1,1, 54197
8,54216,1,1,1, 54217
1,54226,1,1,0, 54227
24,54229,1,1,1, 54230
8,54236,1,1,0, 54237
9,54237,2,2,1, 54239
1,54246,1,1,0, 54247
24,54249,1,1,1, 54250
8,54256,1,1,1, 54257
31,54256,2,2,1, 54258
9,54257,2,2,1, 54259
2,54263,2,2,1, 54265
1,54266,1,1,0, 54267
24,54269,1,1,1, 54270
8,54276,1,1,0, 54277
2,54283,2,2,1, 54285
1,54286,1,1,1, 54287
24,54289,1,1,1, 54290
25,54295,2,2,1, 54297
8,54296,1,1,0, 54297
15,54301,2,2,1, 54303
24,54309,1,1,0, 54310
24,54329,1,1,0, 54330
24,54349,1,1,1, 54350
24,54369,1,1,0, 54370
8,54376,1,1,0, 54377
31,54376,2,2,1, 54378
24,54389,1,1,0, 54390
8,54396,1,1,1, 54397
31,54396,2,2,1, 54398
1,54406,1,1,1, 54407
24,54409,1,1,1, 54410
25,54415,2,2,1, 54417
8,54416,1,1,1, 54417
1,54426,1,1,0, 54427
24,54429,1,1,1, 54430
25,54435,2,2,1, 54437
8,54436,1,1,0, 54437
1,54446,1,1,1, 54447
24,54449,1,1,0, 54450
8,54456,1,1,0, 54457
1,54466,1,1,1, 54467
24,54469,1,1,1, 54470
25,54475,2,2,1, 54477
8,54476,1,1,1, 54477
16,54479,2,2,1, 54481
1,54486,1,1,1, 54487
25,54495,2,2,1, 54497
8,54496,1,1,0, 54497
1,54506,1,1,1, 54507
25,54515,2,2,1, 54517
8,54516,1,1,0, 54517
1,54526,1,1,0, 54527
8,54536,1,1,0, 54537
1,54546,1,1,0, 54547
24,54549,1,1,0, 54550
8,54556,1,1,1, 54557
31,54556,2,2,1, 54558
15,54561,2,2,1, 54563
1,54566,1,1,0, 54567
24,54569,1,1,1, 54570
8,54576,1,1,1, 54577
2,54583,2,2,1, 54585
1,54586,1,1,1, 54587
24,54589,1,1,0, 54590
8,54596,1,1,0, 54597
31,54596,2,2,1, 54598
9,54597,2,2,1, 54599
1,54706,1,1,1, 54707
24,54709,1,1,1, 54710
25,54715,2,2,1, 54717
8,54716,1,1,0, 54717
31,54716,2,2,1, 54718
9,54717,2,2,1, 54719
16,54719,2,2,1, 54721
1,54726,1,1,1, 54727
24,54729,1,1,1, 54730
25,54735,2,2,1, 54737
8,54736,1,1,1, 54737
16,54739,2,2,1, 54741
2,54743,2,2,1, 54745
1,54746,1,1,0, 54747
24,54749,1,1,1, 54750
8,54756,1,1,0, 54757
1,54766,1,1,0, 54767
24,54769,1,1,0, 54770
8,54776,1,1,0, 54777
16,54779,2,2,1, 54781
15,54781,2,2,1, 54783
1,54786,1,1,0, 54787
24,54789,1,1,0, 54790
8,54796,1,1,0, 54797
1,54806,1,1,0, 54807
24,54809,1,1,0, 54810
8,54816,1,1,0, 54817
1,54826,1,1,0, 54827
24,54829,1,1,0, 54830
8,54836,1,1,0, 54837
1,54846,1,1,0, 54847
24,54849,1,1,0, 54850
1,54866,1,1,0, 54867
24,54869,1,1,1, 54870
2,54883,2,2,1, 54885
1,54886,1,1,0, 54887
24,54889,1,1,0, 54890
31,54896,2,2,1, 54898
9,54897,2,2,1, 54899
2,54903,2,2,1, 54905
1,54906,1,1,0, 54907
24,54909,1,1,1, 54910
1,54926,1,1,1, 54927
24,54929,1,1,1, 54930
1,54946,1,1,0, 54947
24,54949,1,1,0, 54950
25,54955,2,2,1, 54957
8,54956,1,1,1, 54957
31,54956,2,2,1, 54958
16,54959,2,2,1, 54961
8,54976,1,1,0, 54977
16,54979,2,2,1, 54981
8,54996,1,1,0, 54997
16,54999,2,2,1, 55001
8,55016,1,1,1, 55017
16,55019,2,2,1, 55021
15,55021,2,2,1, 55023
8,55036,1,1,1, 55037
8,55056,1,1,1, 55057
15,55061,2,2,1, 55063
1,55066,1,1,0, 55067
24,55069,1,1,1, 55070
8,55076,1,1,0, 55077
31,55076,2,2,1, 55078
1,55086,1,1,0, 55087
24,55089,1,1,0, 55090
1,55106,1,1,1, 55107
24,55109,1,1,0, 55110
2,55123,2,2,1, 55125
1,55126,1,1,0, 55127
24,55129,1,1,1, 55130
1,55146,1,1,1, 55147
24,55149,1,1,0, 55150
9,55157,2,2,1, 55159
1,55166,1,1,0, 55167
24,55169,1,1,1, 55170
1,55186,1,1,0, 55187
24,55189,1,1,0, 55190
8,55196,1,1,0, 55197
31,55196,2,2,1, 55198
16,55199,2,2,1, 55201
15,55201,2,2,1, 55203
24,55209,1,1,1, 55210
8,55216,1,1,0, 55217
15,55221,2,2,1, 55223
24,55229,1,1,0, 55230
25,55235,2,2,1, 55237
8,55236,1,1,1, 55237
31,55236,2,2,1, 55238
24,55249,1,1,1, 55250
25,55255,2,2,1, 55257
8,55256,1,1,0, 55257
31,55256,2,2,1, 55258
16,55259,2,2,1, 55261
8,55276,1,1,0, 55277
16,55279,2,2,1, 55281
15,55281,2,2,1, 55283
8,55296,1,1,1, 55297
1,55306,1,1,0, 55307
8,55316,1,1,0, 55317
9,55317,2,2,1, 55319
16,55319,2,2,1, 55321
2,55323,2,2,1, 55325
1,55326,1,1,1, 55327
1,55346,1,1,0, 55347
9,55357,2,2,1, 55359
2,55363,2,2,1, 55365
1,55366,1,1,0, 55367
24,55369,1,1,1, 55370
9,55377,2,2,1, 55379
24,55389,1,1,0, 55390
24,55409,1,1,0, 55410
24,55429,1,1,1, 55430
8,55436,1,1,0, 55437
31,55436,2,2,1, 55438
9,55437,2,2,1, 55439
1,55446,1,1,1, 55447
24,55449,1,1,1, 55450
8,55456,1,1,1, 55457
31,55456,2,2,1, 55458
9,55457,2,2,1, 55459
1,55466,1,1,1, 55467
24,55469,1,1,0, 55470
25,55475,2,2,1, 55477
8,55476,1,1,0, 55477
2,55483,2,2,1, 55485
1,55486,1,1,1, 55487
24,55489,1,1,0, 55490
25,55495,2,2,1, 55497
8,55496,1,1,1, 55497
31,55496,2,2,1, 55498
9,55497,2,2,1, 55499
24,55509,1,1,0, 55510
25,55515,2,2,1, 55517
8,55516,1,1,0, 55517
24,55529,1,1,0, 55530
8,55536,1,1,0, 55537
24,55549,1,1,1, 55550
8,55556,1,1,0, 55557
16,55559,2,2,1, 55561
24,55569,1,1,0, 55570
25,55575,2,2,1, 55577
8,55576,1,1,0, 55577
9,55577,2,2,1, 55579
24,55589,1,1,0, 55590
8,55596,1,1,0, 55597
1,55606,1,1,0, 55607
24,55609,1,1,0, 55610
8,55616,1,1,1, 55617
16,55619,2,2,1, 55621
1,55626,1,1,1, 55627
24,55629,1,1,1, 55630
31,55636,2,2,1, 55638
2,55643,2,2,1, 55645
1,55646,1,1,0, 55647
24,55649,1,1,1, 55650
1,55666,1,1,0, 55667
24,55669,1,1,1, 55670
31,55676,2,2,1, 55678
1,55686,1,1,0, 55687
24,55689,1,1,0, 55690
1,55706,1,1,0, 55707
24,55709,1,1,0, 55710
1,55726,1,1,1, 55727
24,55729,1,1,1, 55730
8,55736,1,1,1, 55737
1,55746,1,1,1, 55747
24,55749,1,1,1, 55750
8,55756,1,1,0, 55757
1,55766,1,1,1, 55767
24,55769,1,1,1, 55770
8,55776,1,1,0, 55777
9,55777,2,2,1, 55779
1,55786,1,1,1, 55787
24,55789,1,1,0, 55790
8,55796,1,1,0, 55797
1,55806,1,1,0, 55807
24,55809,1,1,0, 55810
1,55826,1,1,1, 55827
24,55829,1,1,1, 55830
1,55846,1,1,1, 55847
24,55849,1,1,1, 55850
25,55855,2,2,1, 55857
15,55861,2,2,1, 55863
24,55869,1,1,0, 55870
8,55876,1,1,0, 55877
9,55877,2,2,1, 55879
16,55879,2,2,1, 55881
24,55889,1,1,0, 55890
25,55895,2,2,1, 55897
8,55896,1,1,1, 55897
9,55897,2,2,1, 55899
15,55901,2,2,1, 55903
24,55909,1,1,0, 55910
8,55916,1,1,0, 55917
1,55966,1,1,0, 55967
25,55975,2,2,1, 55977
1,55986,1,1,1, 55987
1,56006,1,1,0, 56007
1,56026,1,1,0, 56027
24,56029,1,1,0, 56030
8,56036,1,1,0, 56037
31,56036,2,2,1, 56038
16,56039,2,2,1, 56041
1,56046,1,1,0, 56047
24,56049,1,1,1, 56050
25,56055,2,2,1, 56057
8,56056,1,1,0, 56057
9,56057,2,2,1, 56059
15,56061,2,2,1, 56063
1,56066,1,1,1, 56067
24,56069,1,1,0, 56070
8,56076,1,1,1, 56077
9,56077,2,2,1, 56079
15,56081,2,2,1, 56083
1,56086,1,1,0, 56087
24,56089,1,1,0, 56090
8,56096,1,1,0, 56097
9,56097,2,2,1, 56099
1,56106,1,1,0, 56107
24,56109,1,1,1, 56110
2,56123,2,2,1, 56125
1,56126,1,1,0, 56127
24,56129,1,1,0, 56130
2,56143,2,2,1, 56145
1,56146,1,1,0, 56147
24,56149,1,1,1, 56150
31,56156,2,2,1, 56158
1,56166,1,1,1, 56167
24,56169,1,1,1, 56170
1,56186,1,1,0, 56187
24,56189,1,1,1, 56190
31,56196,2,2,1, 56198
1,56206,1,1,0, 56207
24,56209,1,1,1, 56210
8,56216,1,1,0, 56217
16,56219,2,2,1, 56221
15,56221,2,2,1, 56223
1,56226,1,1,1, 56227
24,56229,1,1,1, 56230
25,56235,2,2,1, 56237
1,56246,1,1,1, 56247
24,56249,1,1,0, 56250
25,56255,2,2,1, 56257
1,56266,1,1,0, 56267
24,56269,1,1,0, 56270
2,56283,2,2,1, 56285
1,56286,1,1,0, 56287
24,56289,1,1,1, 56290
16,56299,2,2,1, 56301
2,56303,2,2,1, 56305
1,56306,1,1,0, 56307
24,56309,1,1,1, 56310
16,56319,2,2,1, 56321
2,56323,2,2,1, 56325
1,56326,1,1,0, 56327
24,56329,1,1,1, 56330
8,56336,1,1,0, 56337
31,56336,2,2,1, 56338
24,56349,1,1,1, 56350
8,56356,1,1,1, 56357
15,56361,2,2,1, 56363
24,56369,1,1,0, 56370
8,56376,1,1,0, 56377
31,56376,2,2,1, 56378
24,56389,1,1,0, 56390
8,56396,1,1,1, 56397
24,56409,1,1,1, 56410
8,56416,1,1,1, 56417
24,56429,1,1,1, 56430
8,56436,1,1,1, 56437
9,56437,2,2,1, 56439
1,56446,1,1,1, 56447
24,56449,1,1,1, 56450
25,56455,2,2,1, 56457
8,56456,1,1,0, 56457
9,56457,2,2,1, 56459
16,56459,2,2,1, 56461
15,56461,2,2,1, 56463
24,56469,1,1,1, 56470
25,56475,2,2,1, 56477
8,56476,1,1,0, 56477
24,56489,1,1,1, 56490
8,56496,1,1,1, 56497
15,56501,2,2,1, 56503
24,56509,1,1,1, 56510
8,56516,1,1,0, 56517
24,56529,1,1,0, 56530
8,56536,1,1,0, 56537
31,56536,2,2,1, 56538
24,56549,1,1,0, 56550
8,56556,1,1,1, 56557
1,56566,1,1,1, 56567
24,56569,1,1,1, 56570
8,56576,1,1,1, 56577
9,56577,2,2,1, 56579
16,56579,2,2,1, 56581
2,56583,2,2,1, 56585
1,56586,1,1,1, 56587
1,56606,1,1,0, 56607
1,56626,1,1,1, 56627
1,56646,1,1,1, 56647
2,56663,2,2,1, 56665
1,56666,1,1,1, 56667
1,56686,1,1,1, 56687
24,56689,1,1,0, 56690
25,56695,2,2,1, 56697
8,56696,1,1,0, 56697
31,56696,2,2,1, 56698
9,56697,2,2,1, 56699
16,56699,2,2,1, 56701
8,56716,1,1,0, 56717
9,56717,2,2,1, 56719
8,56736,1,1,0, 56737
9,56737,2,2,1, 56739
8,56756,1,1,0, 56757
9,56757,2,2,1, 56759
8,56776,1,1,0, 56777
8,56796,1,1,0, 56797
1,56806,1,1,0, 56807
24,56809,1,1,0, 56810
8,56816,1,1,0, 56817
9,56817,2,2,1, 56819
16,56819,2,2,1, 56821
1,56826,1,1,0, 56827
24,56829,1,1,1, 56830
1,56846,1,1,1, 56847
24,56849,1,1,0, 56850
2,56863,2,2,1, 56865
1,56866,1,1,1, 56867
24,56869,1,1,1, 56870
1,56886,1,1,0, 56887
24,56889,1,1,0, 56890
9,56897,2,2,1, 56899
1,56906,1,1,0, 56907
24,56909,1,1,0, 56910
9,56917,2,2,1, 56919
1,56926,1,1,0, 56927
24,56929,1,1,1, 56930
25,56935,2,2,1, 56937
8,56936,1,1,0, 56937
16,56939,2,2,1, 56941
24,56949,1,1,0, 56950
8,56956,1,1,0, 56957
24,56969,1,1,0, 56970
8,56976,1,1,0, 56977
31,56976,2,2,1, 56978
24,56989,1,1,1, 56990
8,56996,1,1,1, 56997
24,57009,1,1,0, 57010
8,57016,1,1,1, 57017
15,57021,2,2,1, 57023
24,57029,1,1,1, 57030
8,57036,1,1,0, 57037
1,57046,1,1,1, 57047
24,57049,1,1,1, 57050
8,57056,1,1,1, 57057
31,57056,2,2,1, 57058
1,57066,1,1,0, 57067
1,57086,1,1,0, 57087
1,57106,1,1,1, 57107
1,57126,1,1,1, 57127
1,57146,1,1,1, 57147
1,57166,1,1,0, 57167
24,57169,1,1,1, 57170
25,57175,2,2,1, 57177
8,57176,1,1,1, 57177
24,57189,1,1,1, 57190
8,57196,1,1,0, 57197
24,57209,1,1,0, 57210
8,57216,1,1,0, 57217
24,57229,1,1,0, 57230
8,57236,1,1,0, 57237
31,57236,2,2,1, 57238
24,57249,1,1,0, 57250
8,57256,1,1,0, 57257
31,57256,2,2,1, 57258
24,57269,1,1,1, 57270
8,57276,1,1,1, 57277
1,57286,1,1,0, 57287
24,57289,1,1,0, 57290
8,57296,1,1,0, 57297
31,57296,2,2,1, 57298
9,57297,2,2,1, 57299
16,57299,2,2,1, 57301
1,57306,1,1,0, 57307
24,57309,1,1,0, 57310
8,57316,1,1,1, 57317
9,57317,2,2,1, 57319
2,57323,2,2,1, 57325
1,57326,1,1,0, 57327
24,57329,1,1,1, 57330
8,57336,1,1,0, 57337
9,57337,2,2,1, 57339
2,57343,2,2,1, 57345
1,57346,1,1,0, 57347
24,57349,1,1,1, 57350
8,57356,1,1,1, 57357
24,57369,1,1,0, 57370
8,57376,1,1,0, 57377
24,57389,1,1,0, 57390
25,57395,2,2,1, 57397
8,57396,1,1,0, 57397
24,57409,1,1,1, 57410
8,57416,1,1,0, 57417
16,57419,2,2,1, 57421
1,57426,1,1,0, 57427
24,57429,1,1,1, 57430
31,57436,2,2,1, 57438
1,57446,1,1,0, 57447
24,57449,1,1,1, 57450
31,57456,2,2,1, 57458
1,57466,1,1,1, 57467
24,57469,1,1,1, 57470
1,57486,1,1,1, 57487
24,57489,1,1,1, 57490
1,57506,1,1,1, 57507
24,57509,1,1,1, 57510
1,57526,1,1,1, 57527
24,57529,1,1,1, 57530
25,57535,2,2,1, 57537
8,57536,1,1,0, 57537
16,57539,2,2,1, 57541
15,57541,2,2,1, 57543
2,57543,2,2,1, 57545
1,57546,1,1,1, 57547
8,57556,1,1,1, 57557
15,57561,2,2,1, 57563
1,57566,1,1,0, 57567
8,57576,1,1,1, 57577
9,57577,2,2,1, 57579
15,57581,2,2,1, 57583
1,57586,1,1,1, 57587
8,57596,1,1,1, 57597
9,57597,2,2,1, 57599
24,57649,1,1,0, 57650
25,57655,2,2,1, 57657
31,57656,2,2,1, 57658
15,57661,2,2,1, 57663
24,57669,1,1,0, 57670
8,57676,1,1,0, 57677
9,57677,2,2,1, 57679
16,57679,2,2,1, 57681
24,57689,1,1,0, 57690
8,57696,1,1,0, 57697
16,57699,2,2,1, 57701
1,57706,1,1,0, 57707
24,57709,1,1,1, 57710
8,57716,1,1,1, 57717
1,57726,1,1,0, 57727
24,57729,1,1,0, 57730
16,57739,2,2,1, 57741
1,57746,1,1,1, 57747
24,57749,1,1,1, 57750
9,57757,2,2,1, 57759
16,57759,2,2,1, 57761
1,57766,1,1,1, 57767
24,57769,1,1,0, 57770
25,57775,2,2,1, 57777
31,57776,2,2,1, 57778
9,57777,2,2,1, 57779
16,57779,2,2,1, 57781
1,57786,1,1,1, 57787
1,57806,1,1,0, 57807
1,57826,1,1,0, 57827
8,57836,1,1,1, 57837
1,57846,1,1,0, 57847
8,57856,1,1,0, 57857
1,57866,1,1,0, 57867
8,57876,1,1,0, 57877
16,57879,2,2,1, 57881
2,57883,2,2,1, 57885
1,57886,1,1,0, 57887
24,57889,1,1,0, 57890
8,57896,1,1,0, 57897
31,57896,2,2,1, 57898
9,57897,2,2,1, 57899
24,57909,1,1,1, 57910
8,57916,1,1,0, 57917
24,57929,1,1,1, 57930
8,57936,1,1,1, 57937
24,57949,1,1,0, 57950
25,57955,2,2,1, 57957
8,57956,1,1,1, 57957
24,57969,1,1,0, 57970
8,57976,1,1,0, 57977
24,57989,1,1,1, 57990
25,57995,2,2,1, 57997
8,57996,1,1,0, 57997
1,58006,1,1,0, 58007
24,58009,1,1,1, 58010
25,58015,2,2,1, 58017
8,58016,1,1,0, 58017
31,58016,2,2,1, 58018
9,58017,2,2,1, 58019
15,58021,2,2,1, 58023
1,58026,1,1,1, 58027
24,58029,1,1,1, 58030
8,58036,1,1,1, 58037
31,58036,2,2,1, 58038
9,58037,2,2,1, 58039
1,58046,1,1,1, 58047
24,58049,1,1,0, 58050
8,58056,1,1,0, 58057
31,58056,2,2,1, 58058
2,58063,2,2,1, 58065
1,58066,1,1,1, 58067
24,58069,1,1,0, 58070
8,58076,1,1,1, 58077
31,58076,2,2,1, 58078
9,58077,2,2,1, 58079
24,58089,1,1,1, 58090
8,58096,1,1,0, 58097
24,58109,1,1,1, 58110
8,58116,1,1,1, 58117
15,58121,2,2,1, 58123
24,58129,1,1,1, 58130
25,58135,2,2,1, 58137
8,58136,1,1,1, 58137
16,58139,2,2,1, 58141
1,58246,1,1,0, 58247
24,58249,1,1,0, 58250
8,58256,1,1,0, 58257
9,58257,2,2,1, 58259
16,58259,2,2,1, 58261
1,58266,1,1,0, 58267
24,58269,1,1,1, 58270
1,58286,1,1,0, 58287
24,58289,1,1,1, 58290
1,58306,1,1,0, 58307
24,58309,1,1,0, 58310
1,58326,1,1,0, 58327
24,58329,1,1,1, 58330
2,58343,2,2,1, 58345
1,58346,1,1,1, 58347
24,58349,1,1,1, 58350
1,58366,1,1,1, 58367
24,58369,1,1,1, 58370
8,58376,1,1,1, 58377
9,58377,2,2,1, 58379
16,58379,2,2,1, 58381
24,58389,1,1,0, 58390
31,58396,2,2,1, 58398
24,58409,1,1,0, 58410
16,58419,2,2,1, 58421
24,58429,1,1,0, 58430
31,58436,2,2,1, 58438
24,58449,1,1,1, 58450
24,58469,1,1,1, 58470
1,58486,1,1,0, 58487
24,58489,1,1,1, 58490
8,58496,1,1,1, 58497
16,58499,2,2,1, 58501
1,58506,1,1,1, 58507
24,58509,1,1,1, 58510
8,58516,1,1,1, 58517
2,58523,2,2,1, 58525
1,58526,1,1,1, 58527
24,58529,1,1,0, 58530
8,58536,1,1,1, 58537
9,58537,2,2,1, 58539
2,58543,2,2,1, 58545
1,58546,1,1,1, 58547
24,58549,1,1,1, 58550
8,58556,1,1,0, 58557
9,58557,2,2,1, 58559
1,58566,1,1,0, 58567
24,58569,1,1,0, 58570
8,58576,1,1,1, 58577
31,58576,2,2,1, 58578
2,58583,2,2,1, 58585
1,58586,1,1,1, 58587
24,58589,1,1,0, 58590
8,58596,1,1,1, 58597
2,58603,2,2,1, 58605
1,58606,1,1,0, 58607
24,58609,1,1,0, 58610
8,58616,1,1,1, 58617
9,58617,2,2,1, 58619
16,58619,2,2,1, 58621
24,58629,1,1,0, 58630
8,58636,1,1,0, 58637
24,58649,1,1,1, 58650
25,58655,2,2,1, 58657
8,58656,1,1,1, 58657
15,58661,2,2,1, 58663
24,58669,1,1,0, 58670
8,58676,1,1,1, 58677
24,58689,1,1,0, 58690
8,58696,1,1,1, 58697
15,58701,2,2,1, 58703
24,58709,1,1,0, 58710
8,58716,1,1,1, 58717
1,58726,1,1,0, 58727
24,58729,1,1,1, 58730
8,58736,1,1,0, 58737
2,58743,2,2,1, 58745
1,58746,1,1,1, 58747
24,58749,1,1,1, 58750
8,58756,1,1,0, 58757
31,58756,2,2,1, 58758
9,58757,2,2,1, 58759
1,58766,1,1,1, 58767
24,58769,1,1,0, 58770
8,58776,1,1,0, 58777
31,58776,2,2,1, 58778
1,58786,1,1,0, 58787
24,58789,1,1,1, 58790
8,58796,1,1,0, 58797
1,58806,1,1,1, 58807
24,58809,1,1,0, 58810
8,58816,1,1,1, 58817
1,58826,1,1,0, 58827
24,58829,1,1,0, 58830
8,58836,1,1,1, 58837
2,58843,2,2,1, 58845
1,58846,1,1,1, 58847
24,58849,1,1,0, 58850
25,58855,2,2,1, 58857
8,58856,1,1,0, 58857
9,58857,2,2,1, 58859
16,58859,2,2,1, 58861
1,58966,1,1,1, 58967
24,58969,1,1,1, 58970
8,58976,1,1,1, 58977
9,58977,2,2,1, 58979
1,58986,1,1,1, 58987
24,58989,1,1,0, 58990
25,58995,2,2,1, 58997
8,58996,1,1,0, 58997
1,59006,1,1,0, 59007
24,59009,1,1,1, 59010
8,59016,1,1,1, 59017
31,59016,2,2,1, 59018
2,59023,2,2,1, 59025
1,59026,1,1,1, 59027
24,59029,1,1,1, 59030
25,59035,2,2,1, 59037
8,59036,1,1,1, 59037
31,59036,2,2,1, 59038
2,59043,2,2,1, 59045
24,59049,1,1,1, 59050
8,59056,1,1,1, 59057
15,59061,2,2,1, 59063
24,59069,1,1,0, 59070
8,59076,1,1,1, 59077
31,59076,2,2,1, 59078
24,59089,1,1,0, 59090
8,59096,1,1,0, 59097
31,59096,2,2,1, 59098
1,59206,1,1,0, 59207
25,59215,2,2,1, 59217
8,59216,1,1,1, 59217
31,59216,2,2,1, 59218
1,59226,1,1,1, 59227
24,59229,1,1,0, 59230
25,59235,2,2,1, 59237
8,59236,1,1,1, 59237
31,59236,2,2,1, 59238
16,59239,2,2,1, 59241
15,59241,2,2,1, 59243
2,59243,2,2,1, 59245
1,59246,1,1,0, 59247
24,59249,1,1,1, 59250
8,59256,1,1,0, 59257
16,59259,2,2,1, 59261
15,59261,2,2,1, 59263
2,59263,2,2,1, 59265
1,59266,1,1,1, 59267
24,59269,1,1,0, 59270
8,59276,1,1,0, 59277
15,59281,2,2,1, 59283
1,59286,1,1,0, 59287
24,59289,1,1,1, 59290
8,59296,1,1,0, 59297
15,59301,2,2,1, 59303
2,59303,2,2,1, 59305
1,59306,1,1,1, 59307
24,59309,1,1,1, 59310
8,59316,1,1,0, 59317
15,59321,2,2,1, 59323
2,59323,2,2,1, 59325
1,59326,1,1,0, 59327
24,59329,1,1,1, 59330
8,59336,1,1,0, 59337
24,59349,1,1,0, 59350
24,59369,1,1,0, 59370
24,59389,1,1,1, 59390
2,59403,2,2,1, 59405
1,59406,1,1,0, 59407
24,59409,1,1,0, 59410
25,59415,2,2,1, 59417
8,59416,1,1,1, 59417
15,59421,2,2,1, 59423
1,59426,1,1,1, 59427
24,59429,1,1,0, 59430
8,59436,1,1,1, 59437
9,59437,2,2,1, 59439
15,59441,2,2,1, 59443
1,59446,1,1,0, 59447
24,59449,1,1,0, 59450
8,59456,1,1,1, 59457
24,59469,1,1,1, 59470
24,59489,1,1,0, 59490
24,59509,1,1,0, 59510
25,59515,2,2,1, 59517
31,59516,2,2,1, 59518
8,59536,1,1,1, 59537
16,59539,2,2,1, 59541
8,59556,1,1,0, 59557
9,59557,2,2,1, 59559
16,59559,2,2,1, 59561
1,59566,1,1,0, 59567
8,59576,1,1,0, 59577
9,59577,2,2,1, 59579
15,59581,2,2,1, 59583
1,59586,1,1,0, 59587
25,59595,2,2,1, 59597
8,59596,1,1,0, 59597
15,59601,2,2,1, 59603
1,59606,1,1,0, 59607
8,59616,1,1,0, 59617
15,59621,2,2,1, 59623
1,59626,1,1,1, 59627
24,59629,1,1,1, 59630
8,59636,1,1,0, 59637
15,59641,2,2,1, 59643
1,59646,1,1,0, 59647
24,59649,1,1,0, 59650
25,59655,2,2,1, 59657
8,59656,1,1,0, 59657
1,59666,1,1,1, 59667
24,59669,1,1,0, 59670
8,59676,1,1,0, 59677
15,59681,2,2,1, 59683
2,59683,2,2,1, 59685
1,59686,1,1,0, 59687
24,59689,1,1,0, 59690
25,59695,2,2,1, 59697
8,59696,1,1,0, 59697
31,59696,2,2,1, 59698
9,59697,2,2,1, 59699
2,59703,2,2,1, 59705
1,59706,1,1,1, 59707
24,59709,1,1,0, 59710
31,59716,2,2,1, 59718
9,59717,2,2,1, 59719
16,59719,2,2,1, 59721
1,59726,1,1,0, 59727
24,59729,1,1,0, 59730
31,59736,2,2,1, 59738
9,59737,2,2,1, 59739
16,59739,2,2,1, 59741
1,59746,1,1,1, 59747
24,59749,1,1,0, 59750
9,59757,2,2,1, 59759
16,59759,2,2,1, 59761
24,59769,1,1,1, 59770
24,59789,1,1,0, 59790
31,59796,2,2,1, 59798
16,59799,2,2,1, 59801
24,59809,1,1,1, 59810
8,59816,1,1,0, 59817
16,59819,2,2,1, 59821
1,59826,1,1,1, 59827
24,59829,1,1,1, 59830
8,59836,1,1,0, 59837
31,59836,2,2,1, 59838
1,59846,1,1,0, 59847
24,59849,1,1,1, 59850
25,59855,2,2,1, 59857
8,59856,1,1,1, 59857
31,59856,2,2,1, 59858
1,59866,1,1,1, 59867
24,59869,1,1,0, 59870
25,59875,2,2,1, 59877
8,59876,1,1,0, 59877
2,59883,2,2,1, 59885
1,59886,1,1,0, 59887
8,59896,1,1,1, 59897
9,59897,2,2,1, 59899
1,59906,1,1,1, 59907
8,59916,1,1,0, 59917
1,59926,1,1,1, 59927
8,59936,1,1,1, 59937
9,59937,2,2,1, 59939
8,59956,1,1,0, 59957
15,59961,2,2,1, 59963
8,59976,1,1,1, 59977
8,59996,1,1,0, 59997
8,60016,1,1,0, 60017
8,60036,1,1,0, 60037
1,60046,1,1,0, 60047
24,60049,1,1,1, 60050
8,60056,1,1,1, 60057
9,60057,2,2,1, 60059
16,60059,2,2,1, 60061
1,60066,1,1,1, 60067
24,60069,1,1,0, 60070
25,60075,2,2,1, 60077
8,60076,1,1,1, 60077
31,60076,2,2,1, 60078
9,60077,2,2,1, 60079
1,60086,1,1,1, 60087
24,60089,1,1,1, 60090
25,60095,2,2,1, 60097
8,60096,1,1,0, 60097
1,60106,1,1,1, 60107
24,60109,1,1,1, 60110
8,60116,1,1,0, 60117
31,60116,2,2,1, 60118
9,60117,2,2,1, 60119
24,60129,1,1,0, 60130
25,60135,2,2,1, 60137
8,60136,1,1,0, 60137
15,60141,2,2,1, 60143
24,60149,1,1,0, 60150
25,60155,2,2,1, 60157
8,60156,1,1,0, 60157
15,60161,2,2,1, 60163
24,60169,1,1,0, 60170
8,60176,1,1,1, 60177
31,60176,2,2,1, 60178
9,60177,2,2,1, 60179
16,60179,2,2,1, 60181
8,60196,1,1,1, 60197
16,60199,2,2,1, 60201
8,60216,1,1,0, 60217
16,60219,2,2,1, 60221
1,60226,1,1,1, 60227
8,60236,1,1,1, 60237
16,60239,2,2,1, 60241
1,60246,1,1,0, 60247
8,60256,1,1,1, 60257
16,60259,2,2,1, 60261
1,60266,1,1,1, 60267
8,60276,1,1,0, 60277
16,60279,2,2,1, 60281
1,60286,1,1,0, 60287
24,60289,1,1,0, 60290
8,60296,1,1,0, 60297
31,60296,2,2,1, 60298
1,60306,1,1,1, 60307
24,60309,1,1,1, 60310
25,60315,2,2,1, 60317
31,60316,2,2,1, 60318
1,60326,1,1,1, 60327
24,60329,1,1,1, 60330
25,60335,2,2,1, 60337
9,60337,2,2,1, 60339
1,60346,1,1,1, 60347
24,60349,1,1,0, 60350
25,60355,2,2,1, 60357
9,60357,2,2,1, 60359
24,60369,1,1,1, 60370
25,60375,2,2,1, 60377
24,60389,1,1,1, 60390
31,60396,2,2,1, 60398
24,60409,1,1,0, 60410
25,60415,2,2,1, 60417
8,60416,1,1,0, 60417
31,60416,2,2,1, 60418
9,60417,2,2,1, 60419
24,60429,1,1,0, 60430
8,60436,1,1,1, 60437
24,60449,1,1,0, 60450
25,60455,2,2,1, 60457
8,60456,1,1,1, 60457
1,60466,1,1,0, 60467
24,60469,1,1,0, 60470
25,60475,2,2,1, 60477
8,60476,1,1,1, 60477
31,60476,2,2,1, 60478
1,60486,1,1,1, 60487
8,60496,1,1,1, 60497
1,60506,1,1,0, 60507
8,60516,1,1,0, 60517
1,60526,1,1,0, 60527
8,60536,1,1,1, 60537
9,60537,2,2,1, 60539
16,60539,2,2,1, 60541
15,60541,2,2,1, 60543
1,60546,1,1,1, 60547
24,60549,1,1,0, 60550
8,60556,1,1,0, 60557
16,60559,2,2,1, 60561
15,60561,2,2,1, 60563
1,60566,1,1,0, 60567
24,60569,1,1,1, 60570
8,60576,1,1,1, 60577
31,60576,2,2,1, 60578
16,60579,2,2,1, 60581
1,60586,1,1,1, 60587
24,60589,1,1,1, 60590
25,60595,2,2,1, 60597
8,60596,1,1,0, 60597
31,60596,2,2,1, 60598
1,60606,1,1,1, 60607
1,60626,1,1,1, 60627
1,60646,1,1,0, 60647
1,60666,1,1,1, 60667
1,60686,1,1,0, 60687
25,60695,2,2,1, 60697
1,60706,1,1,1, 60707
24,60709,1,1,0, 60710
8,60716,1,1,1, 60717
16,60719,2,2,1, 60721
24,60729,1,1,0, 60730
8,60736,1,1,1, 60737
24,60749,1,1,0, 60750
25,60755,2,2,1, 60757
8,60756,1,1,1, 60757
9,60757,2,2,1, 60759
24,60769,1,1,0, 60770
25,60775,2,2,1, 60777
8,60776,1,1,0, 60777
9,60777,2,2,1, 60779
24,60789,1,1,0, 60790
8,60796,1,1,0, 60797
31,60796,2,2,1, 60798
9,60797,2,2,1, 60799
15,60801,2,2,1, 60803
24,60809,1,1,0, 60810
8,60816,1,1,1, 60817
31,60816,2,2,1, 60818
15,60821,2,2,1, 60823
1,60826,1,1,1, 60827
24,60829,1,1,1, 60830
8,60836,1,1,0, 60837
9,60837,2,2,1, 60839
15,60841,2,2,1, 60843
1,60846,1,1,1, 60847
24,60849,1,1,1, 60850
8,60856,1,1,1, 60857
31,60856,2,2,1, 60858
15,60861,2,2,1, 60863
1,60866,1,1,1, 60867
24,60869,1,1,0, 60870
8,60876,1,1,1, 60877
31,60876,2,2,1, 60878
2,60883,2,2,1, 60885
1,60886,1,1,0, 60887
24,60889,1,1,0, 60890
8,60896,1,1,0, 60897
1,60906,1,1,0, 60907
24,60909,1,1,0, 60910
31,60916,2,2,1, 60918
16,60919,2,2,1, 60921
1,60926,1,1,0, 60927
25,60935,2,2,1, 60937
2,60943,2,2,1, 60945
1,60946,1,1,1, 60947
25,60955,2,2,1, 60957
9,60957,2,2,1, 60959
8,60976,1,1,0, 60977
8,60996,1,1,1, 60997
8,61016,1,1,0, 61017
24,61029,1,1,1, 61030
8,61036,1,1,0, 61037
24,61049,1,1,1, 61050
25,61055,2,2,1, 61057
8,61056,1,1,0, 61057
1,61066,1,1,0, 61067
24,61069,1,1,1, 61070
8,61076,1,1,0, 61077
31,61076,2,2,1, 61078
2,61083,2,2,1, 61085
1,61086,1,1,1, 61087
24,61089,1,1,1, 61090
8,61096,1,1,1, 61097
1,61106,1,1,0, 61107
24,61109,1,1,0, 61110
8,61116,1,1,0, 61117
2,61123,2,2,1, 61125
1,61126,1,1,1, 61127
24,61129,1,1,0, 61130
8,61136,1,1,0, 61137
31,61136,2,2,1, 61138
9,61137,2,2,1, 61139
2,61143,2,2,1, 61145
1,61146,1,1,0, 61147
24,61149,1,1,1, 61150
1,61166,1,1,1, 61167
24,61169,1,1,1, 61170
1,61186,1,1,1, 61187
24,61189,1,1,1, 61190
25,61195,2,2,1, 61197
16,61199,2,2,1, 61201
2,61203,2,2,1, 61205
1,61206,1,1,0, 61207
24,61209,1,1,0, 61210
2,61223,2,2,1, 61225
1,61226,1,1,1, 61227
24,61229,1,1,1, 61230
25,61235,2,2,1, 61237
31,61236,2,2,1, 61238
16,61239,2,2,1, 61241
1,61246,1,1,0, 61247
24,61249,1,1,1, 61250
8,61256,1,1,0, 61257
31,61256,2,2,1, 61258
9,61257,2,2,1, 61259
16,61259,2,2,1, 61261
15,61261,2,2,1, 61263
8,61276,1,1,1, 61277
9,61277,2,2,1, 61279
8,61296,1,1,1, 61297
8,61316,1,1,1, 61317
8,61336,1,1,1, 61337
9,61337,2,2,1, 61339
8,61356,1,1,1, 61357
1,61366,1,1,1, 61367
24,61369,1,1,0, 61370
25,61375,2,2,1, 61377
8,61376,1,1,0, 61377
16,61379,2,2,1, 61381
1,61386,1,1,0, 61387
24,61389,1,1,1, 61390
8,61396,1,1,1, 61397
31,61396,2,2,1, 61398
1,61406,1,1,0, 61407
24,61409,1,1,1, 61410
8,61416,1,1,1, 61417
1,61426,1,1,0, 61427
24,61429,1,1,0, 61430
8,61436,1,1,0, 61437
31,61436,2,2,1, 61438
15,61441,2,2,1, 61443
1,61446,1,1,0, 61447
24,61449,1,1,0, 61450
8,61456,1,1,1, 61457
31,61456,2,2,1, 61458
15,61461,2,2,1, 61463
1,61466,1,1,1, 61467
24,61469,1,1,1, 61470
8,61476,1,1,1, 61477
15,61481,2,2,1, 61483
1,61486,1,1,1, 61487
24,61489,1,1,0, 61490
8,61496,1,1,1, 61497
31,61496,2,2,1, 61498
16,61499,2,2,1, 61501
1,61606,1,1,1, 61607
24,61609,1,1,1, 61610
8,61616,1,1,1, 61617
31,61616,2,2,1, 61618
1,61626,1,1,0, 61627
24,61629,1,1,0, 61630
8,61636,1,1,0, 61637
9,61637,2,2,1, 61639
1,61646,1,1,1, 61647
24,61649,1,1,0, 61650
8,61656,1,1,0, 61657
9,61657,2,2,1, 61659
2,61663,2,2,1, 61665
1,61666,1,1,0, 61667
24,61669,1,1,1, 61670
8,61676,1,1,0, 61677
9,61677,2,2,1, 61679
1,61686,1,1,0, 61687
24,61689,1,1,1, 61690
8,61696,1,1,0, 61697
31,61696,2,2,1, 61698
2,61703,2,2,1, 61705
1,61706,1,1,1, 61707
24,61709,1,1,1, 61710
8,61716,1,1,1, 61717
31,61716,2,2,1, 61718
9,61717,2,2,1, 61719
2,61723,2,2,1, 61725
1,61726,1,1,0, 61727
24,61729,1,1,1, 61730
25,61735,2,2,1, 61737
8,61736,1,1,0, 61737
9,61737,2,2,1, 61739
16,61739,2,2,1, 61741
24,61749,1,1,0, 61750
31,61756,2,2,1, 61758
24,61769,1,1,1, 61770
31,61776,2,2,1, 61778
24,61789,1,1,1, 61790
16,61799,2,2,1, 61801
1,61846,1,1,1, 61847
8,61856,1,1,0, 61857
16,61859,2,2,1, 61861
1,61866,1,1,0, 61867
24,61869,1,1,1, 61870
25,61875,2,2,1, 61877
8,61876,1,1,1, 61877
9,61877,2,2,1, 61879
1,61886,1,1,1, 61887
24,61889,1,1,0, 61890
8,61896,1,1,0, 61897
9,61897,2,2,1, 61899
1,61906,1,1,1, 61907
24,61909,1,1,0, 61910
25,61915,2,2,1, 61917
8,61916,1,1,1, 61917
31,61916,2,2,1, 61918
9,61917,2,2,1, 61919
1,61926,1,1,1, 61927
24,61929,1,1,0, 61930
8,61936,1,1,0, 61937
1,61946,1,1,0, 61947
24,61949,1,1,0, 61950
8,61956,1,1,0, 61957
31,61956,2,2,1, 61958
9,61957,2,2,1, 61959
1,61966,1,1,1, 61967
24,61969,1,1,1, 61970
25,61975,2,2,1, 61977
8,61976,1,1,1, 61977
9,61977,2,2,1, 61979
16,61979,2,2,1, 61981
15,61981,2,2,1, 61983
8,61996,1,1,0, 61997
15,62001,2,2,1, 62003
8,62016,1,1,1, 62017
8,62036,1,1,0, 62037
8,62056,1,1,0, 62057
8,62076,1,1,0, 62077
1,62086,1,1,0, 62087
8,62096,1,1,0, 62097
1,62106,1,1,1, 62107
24,62109,1,1,1, 62110
1,62126,1,1,0, 62127
24,62129,1,1,0, 62130
31,62136,2,2,1, 62138
1,62146,1,1,0, 62147
24,62149,1,1,0, 62150
25,62155,2,2,1, 62157
31,62156,2,2,1, 62158
1,62166,1,1,0, 62167
24,62169,1,1,0, 62170
25,62175,2,2,1, 62177
31,62176,2,2,1, 62178
1,62186,1,1,0, 62187
24,62189,1,1,1, 62190
25,62195,2,2,1, 62197
1,62206,1,1,1, 62207
24,62209,1,1,1, 62210
8,62216,1,1,1, 62217
31,62216,2,2,1, 62218
9,62217,2,2,1, 62219
1,62226,1,1,0, 62227
8,62236,1,1,1, 62237
9,62237,2,2,1, 62239
1,62246,1,1,1, 62247
8,62256,1,1,0, 62257
15,62261,2,2,1, 62263
1,62266,1,1,0, 62267
8,62276,1,1,0, 62277
16,62279,2,2,1, 62281
1,62286,1,1,0, 62287
1,62306,1,1,1, 62307
1,62326,1,1,1, 62327
24,62329,1,1,0, 62330
31,62336,2,2,1, 62338
16,62339,2,2,1, 62341
1,62346,1,1,0, 62347
24,62349,1,1,0, 62350
25,62355,2,2,1, 62357
31,62356,2,2,1, 62358
1,62366,1,1,0, 62367
24,62369,1,1,1, 62370
1,62386,1,1,1, 62387
24,62389,1,1,1, 62390
8,62396,1,1,1, 62397
9,62397,2,2,1, 62399
1,62406,1,1,0, 62407
24,62409,1,1,0, 62410
8,62416,1,1,0, 62417
1,62426,1,1,0, 62427
24,62429,1,1,0, 62430
25,62435,2,2,1, 62437
8,62436,1,1,0, 62437
31,62436,2,2,1, 62438
1,62446,1,1,1, 62447
24,62449,1,1,0, 62450
8,62456,1,1,1, 62457
15,62461,2,2,1, 62463
1,62466,1,1,1, 62467
24,62469,1,1,0, 62470
8,62476,1,1,0, 62477
15,62481,2,2,1, 62483
1,62486,1,1,1, 62487
24,62489,1,1,1, 62490
8,62496,1,1,0, 62497
31,62496,2,2,1, 62498
1,62506,1,1,1, 62507
24,62509,1,1,0, 62510
8,62516,1,1,0, 62517
31,62516,2,2,1, 62518
9,62517,2,2,1, 62519
16,62519,2,2,1, 62521
1,62526,1,1,0, 62527
9,62537,2,2,1, 62539
1,62546,1,1,1, 62547
25,62555,2,2,1, 62557
1,62566,1,1,1, 62567
1,62586,1,1,0, 62587
1,62606,1,1,0, 62607
25,62615,2,2,1, 62617
1,62626,1,1,1, 62627
24,62629,1,1,0, 62630
8,62636,1,1,1, 62637
31,62636,2,2,1, 62638
16,62639,2,2,1, 62641
1,62646,1,1,0, 62647
24,62649,1,1,0, 62650
8,62656,1,1,0, 62657
9,62657,2,2,1, 62659
1,62666,1,1,0, 62667
24,62669,1,1,1, 62670
25,62675,2,2,1, 62677
8,62676,1,1,1, 62677
1,62686,1,1,0, 62687
24,62689,1,1,1, 62690
25,62695,2,2,1, 62697
8,62696,1,1,1, 62697
31,62696,2,2,1, 62698
1,62706,1,1,0, 62707
24,62709,1,1,0, 62710
8,62716,1,1,1, 62717
1,62726,1,1,0, 62727
24,62729,1,1,1, 62730
8,62736,1,1,1, 62737
1,62746,1,1,0, 62747
24,62749,1,1,1, 62750
8,62756,1,1,1, 62757
15,62761,2,2,1, 62763
1,62766,1,1,0, 62767
24,62769,1,1,0, 62770
8,62776,1,1,0, 62777
1,62786,1,1,1, 62787
24,62789,1,1,0, 62790
8,62796,1,1,0, 62797
31,62796,2,2,1, 62798
16,62799,2,2,1, 62801
15,62801,2,2,1, 62803
1,62806,1,1,0, 62807
24,62809,1,1,0, 62810
25,62815,2,2,1, 62817
8,62816,1,1,0, 62817
16,62819,2,2,1, 62821
15,62821,2,2,1, 62823
1,62826,1,1,1, 62827
24,62829,1,1,1, 62830
25,62835,2,2,1, 62837
8,62836,1,1,0, 62837
15,62841,2,2,1, 62843
1,62846,1,1,0, 62847
24,62849,1,1,1, 62850
25,62855,2,2,1, 62857
8,62856,1,1,0, 62857
1,62866,1,1,1, 62867
24,62869,1,1,0, 62870
25,62875,2,2,1, 62877
8,62876,1,1,0, 62877
31,62876,2,2,1, 62878
9,62877,2,2,1, 62879
1,62886,1,1,1, 62887
24,62889,1,1,0, 62890
1,62906,1,1,1, 62907
24,62909,1,1,1, 62910
31,62916,2,2,1, 62918
1,62926,1,1,0, 62927
24,62929,1,1,0, 62930
15,62941,2,2,1, 62943
1,62946,1,1,0, 62947
8,62956,1,1,0, 62957
9,62957,2,2,1, 62959
15,62961,2,2,1, 62963
1,62966,1,1,1, 62967
8,62976,1,1,0, 62977
9,62977,2,2,1, 62979
16,62979,2,2,1, 62981
1,62986,1,1,0, 62987
25,62995,2,2,1, 62997
8,62996,1,1,0, 62997
1,63006,1,1,1, 63007
25,63015,2,2,1, 63017
1,63026,1,1,1, 63027
25,63035,2,2,1, 63037
1,63046,1,1,1, 63047
25,63055,2,2,1, 63057
31,63056,2,2,1, 63058
1,63066,1,1,0, 63067
24,63069,1,1,0, 63070
8,63076,1,1,0, 63077
1,63086,1,1,1, 63087
24,63089,1,1,0, 63090
8,63096,1,1,0, 63097
16,63099,2,2,1, 63101
1,63106,1,1,0, 63107
24,63109,1,1,0, 63110
8,63116,1,1,0, 63117
9,63117,2,2,1, 63119
16,63119,2,2,1, 63121
1,63126,1,1,1, 63127
24,63129,1,1,0, 63130
1,63146,1,1,0, 63147
24,63149,1,1,0, 63150
31,63156,2,2,1, 63158
1,63166,1,1,1, 63167
24,63169,1,1,1, 63170
31,63176,2,2,1, 63178
1,63186,1,1,1, 63187
24,63189,1,1,1, 63190
25,63195,2,2,1, 63197
1,63206,1,1,1, 63207
24,63209,1,1,0, 63210
25,63215,2,2,1, 63217
1,63226,1,1,0, 63227
24,63229,1,1,1, 63230
8,63236,1,1,0, 63237
1,63246,1,1,0, 63247
24,63249,1,1,0, 63250
8,63256,1,1,0, 63257
31,63256,2,2,1, 63258
15,63261,2,2,1, 63263
1,63266,1,1,1, 63267
24,63269,1,1,0, 63270
8,63276,1,1,0, 63277
31,63276,2,2,1, 63278
15,63281,2,2,1, 63283
1,63286,1,1,1, 63287
24,63289,1,1,1, 63290
25,63295,2,2,1, 63297
8,63296,1,1,0, 63297
31,63296,2,2,1, 63298
15,63301,2,2,1, 63303
1,63306,1,1,0, 63307
8,63316,1,1,0, 63317
1,63326,1,1,0, 63327
8,63336,1,1,1, 63337
1,63346,1,1,1, 63347
8,63356,1,1,1, 63357
9,63357,2,2,1, 63359
16,63359,2,2,1, 63361
1,63366,1,1,0, 63367
24,63369,1,1,1, 63370
8,63376,1,1,0, 63377
31,63376,2,2,1, 63378
9,63377,2,2,1, 63379
1,63386,1,1,0, 63387
24,63389,1,1,0, 63390
8,63396,1,1,0, 63397
31,63396,2,2,1, 63398
9,63397,2,2,1, 63399
1,63406,1,1,0, 63407
24,63409,1,1,1, 63410
8,63416,1,1,1, 63417
31,63416,2,2,1, 63418
1,63426,1,1,1, 63427
25,63435,2,2,1, 63437
8,63436,1,1,1, 63437
16,63439,2,2,1, 63441
1,63446,1,1,0, 63447
8,63456,1,1,0, 63457
16,63459,2,2,1, 63461
1,63466,1,1,1, 63467
8,63476,1,1,1, 63477
1,63486,1,1,1, 63487
25,63495,2,2,1, 63497
1,63506,1,1,0, 63507
1,63526,1,1,0, 63527
25,63535,2,2,1, 63537
31,63536,2,2,1, 63538
9,63537,2,2,1, 63539
16,63539,2,2,1, 63541
1,63546,1,1,0, 63547
24,63549,1,1,0, 63550
8,63556,1,1,1, 63557
31,63556,2,2,1, 63558
9,63557,2,2,1, 63559
1,63566,1,1,1, 63567
24,63569,1,1,1, 63570
25,63575,2,2,1, 63577
8,63576,1,1,0, 63577
31,63576,2,2,1, 63578
1,63586,1,1,0, 63587
24,63589,1,1,1, 63590
25,63595,2,2,1, 63597
8,63596,1,1,1, 63597
31,63596,2,2,1, 63598
1,63606,1,1,1, 63607
24,63609,1,1,1, 63610
25,63615,2,2,1, 63617
8,63616,1,1,0, 63617
31,63616,2,2,1, 63618
9,63617,2,2,1, 63619
1,63626,1,1,0, 63627
24,63629,1,1,1, 63630
8,63636,1,1,1, 63637
9,63637,2,2,1, 63639
1,63646,1,1,1, 63647
24,63649,1,1,0, 63650
8,63656,1,1,0, 63657
9,63657,2,2,1, 63659
1,63666,1,1,1, 63667
1,63686,1,1,1, 63687
25,63695,2,2,1, 63697
1,63706,1,1,1, 63707
25,63715,2,2,1, 63717
1,63726,1,1,1, 63727
1,63746,1,1,1, 63747
1,63766,1,1,0, 63767
24,63769,1,1,0, 63770
25,63775,2,2,1, 63777
8,63776,1,1,0, 63777
9,63777,2,2,1, 63779
1,63786,1,1,1, 63787
24,63789,1,1,1, 63790
25,63795,2,2,1, 63797
8,63796,1,1,1, 63797
31,63796,2,2,1, 63798
16,63799,2,2,1, 63801
1,63806,1,1,0, 63807
24,63809,1,1,1, 63810
25,63815,2,2,1, 63817
8,63816,1,1,0, 63817
31,63816,2,2,1, 63818
1,63826,1,1,0, 63827
24,63829,1,1,1, 63830
8,63836,1,1,1, 63837
16,63839,2,2,1, 63841
1,63846,1,1,1, 63847
24,63849,1,1,1, 63850
8,63856,1,1,0, 63857
31,63856,2,2,1, 63858
9,63857,2,2,1, 63859
1,63866,1,1,1, 63867
24,63869,1,1,0, 63870
8,63876,1,1,0, 63877
1,63886,1,1,0, 63887
24,63889,1,1,0, 63890
8,63896,1,1,1, 63897
31,63896,2,2,1, 63898
9,63897,2,2,1, 63899
15,63901,2,2,1, 63903
1,63906,1,1,0, 63907
24,63909,1,1,1, 63910
8,63916,1,1,0, 63917
31,63916,2,2,1, 63918
9,63917,2,2,1, 63919
1,63926,1,1,1, 63927
24,63929,1,1,0, 63930
8,63936,1,1,0, 63937
15,63941,2,2,1, 63943
1,63946,1,1,0, 63947
24,63949,1,1,0, 63950
8,63956,1,1,1, 63957
31,63956,2,2,1, 63958
9,63957,2,2,1, 63959
1,63966,1,1,0, 63967
8,63976,1,1,0, 63977
15,63981,2,2,1, 63983
1,63986,1,1,0, 63987
8,63996,1,1,0, 63997
1,64006,1,1,1, 64007
25,64015,2,2,1, 64017
8,64016,1,1,0, 64017
9,64017,2,2,1, 64019
15,64021,2,2,1, 64023
1,64026,1,1,0, 64027
25,64035,2,2,1, 64037
1,64046,1,1,1, 64047
25,64055,2,2,1, 64057
1,64066,1,1,1, 64067
25,64075,2,2,1, 64077
1,64086,1,1,0, 64087
25,64095,2,2,1, 64097
1,64106,1,1,1, 64107
1,64126,1,1,0, 64127
8,64136,1,1,0, 64137
9,64137,2,2,1, 64139
1,64146,1,1,0, 64147
8,64156,1,1,0, 64157
1,64166,1,1,1, 64167
8,64176,1,1,0, 64177
1,64186,1,1,1, 64187
8,64196,1,1,1, 64197
1,64206,1,1,1, 64207
25,64215,2,2,1, 64217
8,64216,1,1,0, 64217
1,64226,1,1,0, 64227
25,64235,2,2,1, 64237
8,64236,1,1,0, 64237
1,64246,1,1,0, 64247
8,64256,1,1,0, 64257
16,64259,2,2,1, 64261
1,64266,1,1,0, 64267
25,64275,2,2,1, 64277
8,64276,1,1,0, 64277
16,64279,2,2,1, 64281
1,64286,1,1,0, 64287
8,64296,1,1,0, 64297
1,64306,1,1,0, 64307
25,64315,2,2,1, 64317
8,64316,1,1,1, 64317
9,64317,2,2,1, 64319
16,64319,2,2,1, 64321
1,64326,1,1,1, 64327
25,64335,2,2,1, 64337
8,64336,1,1,1, 64337
9,64337,2,2,1, 64339
1,64346,1,1,1, 64347
25,64355,2,2,1, 64357
8,64356,1,1,0, 64357
9,64357,2,2,1, 64359
1,64366,1,1,0, 64367
25,64375,2,2,1, 64377
8,64376,1,1,0, 64377
1,64386,1,1,1, 64387
8,64396,1,1,1, 64397
1,64406,1,1,1, 64407
25,64415,2,2,1, 64417
8,64416,1,1,0, 64417
9,64417,2,2,1, 64419
1,64426,1,1,1, 64427
8,64436,1,1,1, 64437
16,64439,2,2,1, 64441
1,64446,1,1,1, 64447
8,64456,1,1,0, 64457
16,64459,2,2,1, 64461
1,64466,1,1,0, 64467
8,64476,1,1,1, 64477
1,64486,1,1,0, 64487
8,64496,1,1,1, 64497
1,64506,1,1,0, 64507
8,64516,1,1,0, 64517
16,64519,2,2,1, 64521
1,64526,1,1,0, 64527
25,64535,2,2,1, 64537
8,64536,1,1,0, 64537
16,64539,2,2,1, 64541
1,64546,1,1,1, 64547
25,64555,2,2,1, 64557
8,64556,1,1,0, 64557
16,64559,2,2,1, 64561
1,64566,1,1,0, 64567
8,64576,1,1,1, 64577
9,64577,2,2,1, 64579
1,64586,1,1,0, 64587
25,64595,2,2,1, 64597
8,64596,1,1,1, 64597
1,64606,1,1,0, 64607
8,64616,1,1,0, 64617
9,64617,2,2,1, 64619
16,64619,2,2,1, 64621
1,64626,1,1,0, 64627
25,64635,2,2,1, 64637
8,64636,1,1,0, 64637
9,64637,2,2,1, 64639
1,64646,1,1,1, 64647
25,64655,2,2,1, 64657
8,64656,1,1,1, 64657
9,64657,2,2,1, 64659
1,64666,1,1,0, 64667
25,64675,2,2,1, 64677
8,64676,1,1,0, 64677
9,64677,2,2,1, 64679
1,64686,1,1,1, 64687
8,64696,1,1,0, 64697
1,64706,1,1,1, 64707
8,64716,1,1,1, 64717
1,64726,1,1,1, 64727
25,64735,2,2,1, 64737
8,64736,1,1,0, 64737
1,64746,1,1,1, 64747
8,64756,1,1,1, 64757
1,64766,1,1,1, 64767
8,64776,1,1,1, 64777
9,64777,2,2,1, 64779
1,64786,1,1,0, 64787
25,64795,2,2,1, 64797
8,64796,1,1,1, 64797
9,64797,2,2,1, 64799
1,64806,1,1,1, 64807
8,64816,1,1,1, 64817
1,64826,1,1,1, 64827
8,64836,1,1,1, 64837
9,64837,2,2,1, 64839
16,64839,2,2,1, 64841
1,64846,1,1,0, 64847
8,64856,1,1,0, 64857
1,64866,1,1,0, 64867
25,64875,2,2,1, 64877
8,64876,1,1,0, 64877
16,64879,2,2,1, 64881
1,64886,1,1,1, 64887
25,64895,2,2,1, 64897
8,64896,1,1,1, 64897
16,64899,2,2,1, 64901
1,64906,1,1,1, 64907
8,64916,1,1,1, 64917
1,64926,1,1,1, 64927
8,64936,1,1,1, 64937
16,64939,2,2,1, 64941
1,64946,1,1,0, 64947
25,64955,2,2,1, 64957
8,64956,1,1,1, 64957
16,64959,2,2,1, 64961
1,64966,1,1,1, 64967
25,64975,2,2,1, 64977
8,64976,1,1,1, 64977
1,64986,1,1,1, 64987
8,64996,1,1,0, 64997
9,64997,2,2,1, 64999
1,65006,1,1,0, 65007
8,65016,1,1,0, 65017
16,65019,2,2,1, 65021
1,65026,1,1,0, 65027
8,65036,1,1,0, 65037
9,65037,2,2,1, 65039
1,65046,1,1,1, 65047
25,65055,2,2,1, 65057
8,65056,1,1,0, 65057
1,65066,1,1,0, 65067
25,65075,2,2,1, 65077
8,65076,1,1,0, 65077
1,65086,1,1,0, 65087
8,65096,1,1,0, 65097
16,65099,2,2,1, 65101
1,65106,1,1,0, 65107
8,65116,1,1,0, 65117
1,65126,1,1,0, 65127
8,65136,1,1,0, 65137
9,65137,2,2,1, 65139
1,65146,1,1,1, 65147
25,65155,2,2,1, 65157
8,65156,1,1,0, 65157
9,65157,2,2,1, 65159
1,65166,1,1,0, 65167
25,65175,2,2,1, 65177
8,65176,1,1,1, 65177
1,65186,1,1,0, 65187
25,65195,2,2,1, 65197
8,65196,1,1,1, 65197
1,65206,1,1,1, 65207
25,65215,2,2,1, 65217
8,65216,1,1,1, 65217
16,65219,2,2,1, 65221
1,65226,1,1,0, 65227
8,65236,1,1,0, 65237
16,65239,2,2,1, 65241
1,65246,1,1,0, 65247
8,65256,1,1,0, 65257
16,65259,2,2,1, 65261
1,65266,1,1,0, 65267
8,65276,1,1,0, 65277
9,65277,2,2,1, 65279
16,65279,2,2,1, 65281
1,65286,1,1,0, 65287
8,65296,1,1,0, 65297
9,65297,2,2,1, 65299
1,65306,1,1,0, 65307
8,65316,1,1,1, 65317
9,65317,2,2,1, 65319
1,65326,1,1,1, 65327
8,65336,1,1,1, 65337
9,65337,2,2,1, 65339
1,65346,1,1,1, 65347
8,65356,1,1,1, 65357
16,65359,2,2,1, 65361
1,65366,1,1,1, 65367
8,65376,1,1,1, 65377
9,65377,2,2,1, 65379
1,65386,1,1,1, 65387
25,65395,2,2,1, 65397
8,65396,1,1,0, 65397
9,65397,2,2,1, 65399
1,65406,1,1,0, 65407
25,65415,2,2,1, 65417
8,65416,1,1,0, 65417
1,65426,1,1,1, 65427
8,65436,1,1,0, 65437
16,65439,2,2,1, 65441
1,65446,1,1,0, 65447
8,65456,1,1,1, 65457
16,65459,2,2,1, 65461
1,65466,1,1,1, 65467
8,65476,1,1,0, 65477
16,65479,2,2,1, 65481
1,65486,1,1,0, 65487
8,65496,1,1,1, 65497
16,65499,2,2,1, 65501
1,65506,1,1,1, 65507
25,65515,2,2,1, 65517
8,65516,1,1,1, 65517
9,65517,2,2,1, 65519
1,65526,1,1,0, 65527
8,65536,1,1,1, 65537
16,65539,2,2,1, 65541
1,65546,1,1,1, 65547
8,65556,1,1,0, 65557
9,65557,2,2,1, 65559
1,65566,1,1,0, 65567
25,65575,2,2,1, 65577
8,65576,1,1,0, 65577
9,65577,2,2,1, 65579
16,65579,2,2,1, 65581
1,65586,1,1,0, 65587
8,65596,1,1,0, 65597
9,65597,2,2,1, 65599
16,65599,2,2,1, 65601
1,65606,1,1,1, 65607
8,65616,1,1,1, 65617
16,65619,2,2,1, 65621
1,65626,1,1,0, 65627
25,65635,2,2,1, 65637
8,65636,1,1,0, 65637
9,65637,2,2,1, 65639
1,65646,1,1,1, 65647
8,65656,1,1,1, 65657
16,65659,2,2,1, 65661
1,65666,1,1,1, 65667
8,65676,1,1,0, 65677
16,65679,2,2,1, 65681
1,65686,1,1,1, 65687
8,65696,1,1,1, 65697
1,65706,1,1,1, 65707
8,65716,1,1,1, 65717
16,65719,2,2,1, 65721
1,65726,1,1,0, 65727
8,65736,1,1,1, 65737
16,65739,2,2,1, 65741
1,65746,1,1,1, 65747
25,65755,2,2,1, 65757
8,65756,1,1,0, 65757
9,65757,2,2,1, 65759
16,65759,2,2,1, 65761
1,65766,1,1,1, 65767
25,65775,2,2,1, 65777
8,65776,1,1,0, 65777
9,65777,2,2,1, 65779
16,65779,2,2,1, 65781
1,65786,1,1,0, 65787
8,65796,1,1,0, 65797
16,65799,2,2,1, 65801
1,65806,1,1,1, 65807
8,65816,1,1,1, 65817
9,65817,2,2,1, 65819
16,65819,2,2,1, 65821
1,65826,1,1,1, 65827
25,65835,2,2,1, 65837
8,65836,1,1,1, 65837
9,65837,2,2,1, 65839
1,65846,1,1,0, 65847
8,65856,1,1,0, 65857
1,65866,1,1,1, 65867
8,65876,1,1,1, 65877
9,65877,2,2,1, 65879
1,65886,1,1,0, 65887
8,65896,1,1,0, 65897
16,65899,2,2,1, 65901
1,65906,1,1,0, 65907
25,65915,2,2,1, 65917
8,65916,1,1,1, 65917
16,65919,2,2,1, 65921
1,65926,1,1,1, 65927
8,65936,1,1,1, 65937
1,65946,1,1,1, 65947
8,65956,1,1,1, 65957
1,65966,1,1,0, 65967
8,65976,1,1,0, 65977
16,65979,2,2,1, 65981
1,65986,1,1,0, 65987
8,65996,1,1,1, 65997
9,65997,2,2,1, 65999
1,66006,1,1,1, 66007
25,66015,2,2,1, 66017
8,66016,1,1,0, 66017
9,66017,2,2,1, 66019
1,66026,1,1,0, 66027
8,66036,1,1,0, 66037
9,66037,2,2,1, 66039
1,66046,1,1,1, 66047
25,66055,2,2,1, 66057
8,66056,1,1,1, 66057
1,66066,1,1,0, 66067
8,66076,1,1,0, 66077
9,66077,2,2,1, 66079
1,66086,1,1,1, 66087
25,66095,2,2,1, 66097
8,66096,1,1,0, 66097
9,66097,2,2,1, 66099
1,66106,1,1,1, 66107
25,66115,2,2,1, 66117
8,66116,1,1,0, 66117
9,66117,2,2,1, 66119
1,66126,1,1,0, 66127
25,66135,2,2,1, 66137
8,66136,1,1,1, 66137
16,66139,2,2,1, 66141
1,66146,1,1,0, 66147
8,66156,1,1,1, 66157
16,66159,2,2,1, 66161
1,66166,1,1,1, 66167
8,66176,1,1,1, 66177
1,66186,1,1,0, 66187
8,66196,1,1,1, 66197
1,66206,1,1,1, 66207
8,66216,1,1,0, 66217
1,66226,1,1,1, 66227
8,66236,1,1,1, 66237
9,66237,2,2,1, 66239
16,66239,2,2,1, 66241
1,66246,1,1,1, 66247
25,66255,2,2,1, 66257
8,66256,1,1,1, 66257
16,66259,2,2,1, 66261
1,66266,1,1,1, 66267
8,66276,1,1,0, 66277
9,66277,2,2,1, 66279
1,66286,1,1,1, 66287
8,66296,1,1,1, 66297
9,66297,2,2,1, 66299
16,66299,2,2,1, 66301
1,66306,1,1,0, 66307
8,66316,1,1,1, 66317
9,66317,2,2,1, 66319
1,66326,1,1,1, 66327
8,66336,1,1,1, 66337
9,66337,2,2,1, 66339
16,66339,2,2,1, 66341
1,66346,1,1,1, 66347
8,66356,1,1,1, 66357
16,66359,2,2,1, 66361
1,66366,1,1,1, 66367
25,66375,2,2,1, 66377
8,66376,1,1,1, 66377
1,66386,1,1,0, 66387
25,66395,2,2,1, 66397
8,66396,1,1,0, 66397
1,66406,1,1,1, 66407
8,66416,1,1,1, 66417
1,66426,1,1,1, 66427
8,66436,1,1,0, 66437
1,66446,1,1,0, 66447
25,66455,2,2,1, 66457
8,66456,1,1,0, 66457
1,66466,1,1,0, 66467
25,66475,2,2,1, 66477
8,66476,1,1,0, 66477
16,66479,2,2,1, 66481
1,66486,1,1,1, 66487
25,66495,2,2,1, 66497
8,66496,1,1,1, 66497
1,66506,1,1,0, 66507
25,66515,2,2,1, 66517
8,66516,1,1,1, 66517
9,66517,2,2,1, 66519
16,66519,2,2,1, 66521
1,66526,1,1,1, 66527
25,66535,2,2,1, 66537
8,66536,1,1,0, 66537
9,66537,2,2,1, 66539
1,66546,1,1,1, 66547
25,66555,2,2,1, 66557
8,66556,1,1,0, 66557
16,66559,2,2,1, 66561
1,66566,1,1,1, 66567
25,66575,2,2,1, 66577
8,66576,1,1,1, 66577
1,66586,1,1,0, 66587
8,66596,1,1,1, 66597
9,66597,2,2,1, 66599
1,66606,1,1,1, 66607
25,66615,2,2,1, 66617
8,66616,1,1,1, 66617
1,66626,1,1,0, 66627
25,66635,2,2,1, 66637
8,66636,1,1,1, 66637
1,66646,1,1,0, 66647
8,66656,1,1,0, 66657
16,66659,2,2,1, 66661
1,66666,1,1,1, 66667
8,66676,1,1,0, 66677
1,66686,1,1,1, 66687
8,66696,1,1,0, 66697
16,66699,2,2,1, 66701
1,66706,1,1,1, 66707
8,66716,1,1,0, 66717
9,66717,2,2,1, 66719
16,66719,2,2,1, 66721
1,66726,1,1,0, 66727
8,66736,1,1,1, 66737
9,66737,2,2,1, 66739
16,66739,2,2,1, 66741
1,66746,1,1,0, 66747
25,66755,2,2,1, 66757
8,66756,1,1,1, 66757
16,66759,2,2,1, 66761
1,66766,1,1,0, 66767
8,66776,1,1,0, 66777
9,66777,2,2,1, 66779
1,66786,1,1,1, 66787
8,66796,1,1,1, 66797
9,66797,2,2,1, 66799
1,66806,1,1,1, 66807
8,66816,1,1,0, 66817
9,66817,2,2,1, 66819
1,66826,1,1,0, 66827
8,66836,1,1,1, 66837
9,66837,2,2,1, 66839
16,66839,2,2,1, 66841
1,66846,1,1,0, 66847
25,66855,2,2,1, 66857
8,66856,1,1,1, 66857
1,66866,1,1,1, 66867
8,66876,1,1,0, 66877
16,66879,2,2,1, 66881
1,66886,1,1,1, 66887
8,66896,1,1,1, 66897
16,66899,2,2,1, 66901
1,66906,1,1,1, 66907
8,66916,1,1,1, 66917
1,66926,1,1,0, 66927
25,66935,2,2,1, 66937
8,66936,1,1,0, 66937
16,66939,2,2,1, 66941
1,66946,1,1,0, 66947
25,66955,2,2,1, 66957
8,66956,1,1,1, 66957
9,66957,2,2,1, 66959
1,66966,1,1,0, 66967
25,66975,2,2,1, 66977
8,66976,1,1,1, 66977
1,66986,1,1,1, 66987
8,66996,1,1,1, 66997
9,66997,2,2,1, 66999
16,66999,2,2,1, 67001
1,67006,1,1,1, 67007
25,67015,2,2,1, 67017
8,67016,1,1,1, 67017
1,67026,1,1,1, 67027
25,67035,2,2,1, 67037
9,67037,2,2,1, 67039
1,67046,1,1,0, 67047
25,67055,2,2,1, 67057
9,67057,2,2,1, 67059
1,67066,1,1,0, 67067
25,67075,2,2,1, 67077
9,67077,2,2,1, 67079
1,67086,1,1,1, 67087
1,67106,1,1,0, 67107
25,67115,2,2,1, 67117
1,67126,1,1,0, 67127
25,67135,2,2,1, 67137
1,67146,1,1,0, 67147
1,67166,1,1,1, 67167
1,67186,1,1,0, 67187
9,67197,2,2,1, 67199
1,67206,1,1,1, 67207
1,67226,1,1,0, 67227
9,67237,2,2,1, 67239
1,67246,1,1,0, 67247
9,67257,2,2,1, 67259
1,67266,1,1,0, 67267
1,67286,1,1,0, 67287
25,67295,2,2,1, 67297
1,67306,1,1,0, 67307
1,67326,1,1,1, 67327
25,67335,2,2,1, 67337
1,67346,1,1,0, 67347
25,67355,2,2,1, 67357
1,67366,1,1,1, 67367
1,67386,1,1,0, 67387
25,67395,2,2,1, 67397
1,67406,1,1,0, 67407
1,67426,1,1,1, 67427
25,67435,2,2,1, 67437
1,67446,1,1,1, 67447
1,67466,1,1,1, 67467
1,67486,1,1,1, 67487
9,67497,2,2,1, 67499
1,67506,1,1,0, 67507
1,67526,1,1,0, 67527
9,67537,2,2,1, 67539
1,67546,1,1,1, 67547
9,67557,2,2,1, 67559
1,67566,1,1,0, 67567
1,67586,1,1,1, 67587
1,67606,1,1,1, 67607
9,67617,2,2,1, 67619
1,67626,1,1,1, 67627
25,67635,2,2,1, 67637
1,67646,1,1,1, 67647
25,67655,2,2,1, 67657
1,67666,1,1,0, 67667
9,67677,2,2,1, 67679
1,67686,1,1,0, 67687
1,67706,1,1,1, 67707
25,67715,2,2,1, 67717
9,67717,2,2,1, 67719
1,67726,1,1,0, 67727
25,67735,2,2,1, 67737
9,67737,2,2,1, 67739
1,67746,1,1,1, 67747
9,67757,2,2,1, 67759
1,67766,1,1,1, 67767
9,67777,2,2,1, 67779
1,67786,1,1,1, 67787
1,67806,1,1,1, 67807
9,67817,2,2,1, 67819
1,67826,1,1,0, 67827
1,67846,1,1,0, 67847
25,67855,2,2,1, 67857
1,67866,1,1,1, 67867
1,67886,1,1,1, 67887
1,67906,1,1,1, 67907
9,67917,2,2,1, 67919
1,67926,1,1,0, 67927
1,67946,1,1,1, 67947
9,67957,2,2,1, 67959
1,67966,1,1,0, 67967
1,67986,1,1,0, 67987
25,67995,2,2,1, 67997
9,67997,2,2,1, 67999
1,68006,1,1,1, 68007
25,68015,2,2,1, 68017
1,68026,1,1,0, 68027
1,68046,1,1,0, 68047
1,68066,1,1,1, 68067
25,68075,2,2,1, 68077
9,68077,2,2,1, 68079
1,68086,1,1,0, 68087
25,68095,2,2,1, 68097
9,68097,2,2,1, 68099
1,68106,1,1,0, 68107
9,68117,2,2,1, 68119
1,68126,1,1,0, 68127
9,68137,2,2,1, 68139
1,68146,1,1,0, 68147
1,68166,1,1,0, 68167
25,68175,2,2,1, 68177
9,68177,2,2,1, 68179
1,68186,1,1,1, 68187
1,68206,1,1,1, 68207
25,68215,2,2,1, 68217
1,68226,1,1,0, 68227
25,68235,2,2,1, 68237
1,68246,1,1,1, 68247
25,68255,2,2,1, 68257
1,68266,1,1,1, 68267
25,68275,2,2,1, 68277
1,68286,1,1,1, 68287
1,68306,1,1,0, 68307
1,68326,1,1,1, 68327
1,68346,1,1,0, 68347
1,68366,1,1,0, 68367
1,68386,1,1,0, 68387
1,68406,1,1,1, 68407
1,68426,1,1,1, 68427
1,68446,1,1,0, 68447
25,68455,2,2,1, 68457
1,68466,1,1,1, 68467
1,68486,1,1,1, 68487
1,68506,1,1,0, 68507
1,68526,1,1,1, 68527
25,68535,2,2,1, 68537
1,68546,1,1,1, 68547
25,68555,2,2,1, 68557
1,68566,1,1,1, 68567
25,68575,2,2,1, 68577
1,68586,1,1,1, 68587
25,68595,2,2,1, 68597
1,68606,1,1,1, 68607
25,68615,2,2,0, 68617
1,68626,1,1,1, 68627
25,68635,2,2,0, 68637
1,68646,1,1,1, 68647
25,68655,2,2,1, 68657
1,68666,1,1,0, 68667
25,68675,2,2,1, 68677
1,68686,1,1,1, 68687
25,68695,2,2,0, 68697
1,68706,1,1,1, 68707
25,68715,2,2,1, 68717
1,68726,1,1,0, 68727
25,68735,2,2,1, 68737
1,68746,1,1,0, 68747
25,68755,2,2,0, 68757
1,68766,1,1,1, 68767
25,68775,2,2,1, 68777
1,68786,1,1,0, 68787
25,68795,2,2,0, 68797
1,68806,1,1,1, 68807
25,68815,2,2,1, 68817
1,68826,1,1,0, 68827
25,68835,2,2,1, 68837
1,68846,1,1,1, 68847
25,68855,2,2,1, 68857
1,68866,1,1,1, 68867
25,68875,2,2,1, 68877
1,68886,1,1,0, 68887
25,68895,2,2,0, 68897
1,68906,1,1,0, 68907
25,68915,2,2,0, 68917
1,68926,1,1,0, 68927
25,68935,2,2,1, 68937
1,68946,1,1,1, 68947
1,68966,1,1,1, 68967
1,68986,1,1,1, 68987
1,69006,1,1,1, 69007
1,69026,1,1,0, 69027
1,69046,1,1,1, 69047
25,69055,2,2,0, 69057
1,69066,1,1,1, 69067
25,69075,2,2,1, 69077
1,69086,1,1,1, 69087
25,69095,2,2,0, 69097
1,69106,1,1,0, 69107
25,69115,2,2,0, 69117
1,69126,1,1,1, 69127
