source,gentime, athop, hopcount,priority, reachedTime
2,3,2,2,1, 5
1,6,1,1,0, 7
3,7,3,3,1, 10
8,16,1,1,1, 17
11,14,4,4,0, 18
9,17,2,2,0, 19
16,19,2,2,0, 21
17,19,3,3,1, 22
15,21,2,2,0, 23
22,26,4,4,0, 30
24,29,1,1,0, 30
19,26,5,5,0, 31
23,28,3,3,1, 31
25,35,2,2,1, 37
26,37,3,3,1, 40
2,43,2,2,1, 45
1,46,1,1,1, 47
3,47,3,3,0, 50
8,56,1,1,0, 57
11,54,4,4,1, 58
9,57,2,2,0, 59
16,59,2,2,1, 61
17,59,3,3,0, 62
15,61,2,2,1, 63
18,63,4,4,1, 67
20,63,6,6,1, 69
22,66,4,4,0, 70
24,69,1,1,1, 70
19,66,5,5,1, 71
23,68,3,3,1, 71
25,75,2,2,0, 77
30,73,3,5,0, 78
31,76,2,2,0, 78
26,77,3,3,0, 80
29,78,4,4,1, 82
2,83,2,2,0, 85
1,86,1,1,1, 87
3,87,3,3,0, 90
5,87,3,5,0, 92
6,90,2,4,0, 94
8,96,1,1,1, 97
11,94,4,4,1, 98
9,97,2,2,0, 99
16,99,2,2,0, 101
17,99,3,3,0, 102
15,101,2,2,0, 103
13,99,4,6,1, 105
12,100,5,5,0, 105
18,103,4,4,0, 107
20,103,6,6,1, 109
22,106,4,4,0, 110
24,109,1,1,1, 110
19,106,5,5,0, 111
23,108,3,3,1, 111
30,113,3,3,1, 116
25,115,2,2,0, 117
31,116,2,2,1, 118
26,117,3,3,1, 120
29,118,4,4,0, 122
2,123,2,2,1, 125
1,126,1,1,0, 127
3,127,3,3,0, 130
5,127,3,5,0, 132
6,130,2,4,1, 134
8,136,1,1,0, 137
11,134,4,4,1, 138
9,137,2,2,1, 139
16,139,2,2,1, 141
17,139,3,3,0, 142
15,141,2,2,1, 143
13,139,4,6,0, 145
12,140,5,5,1, 145
18,143,4,4,1, 147
20,143,6,6,1, 149
22,146,4,4,1, 150
24,149,1,1,0, 150
19,146,5,5,1, 151
23,148,3,3,0, 151
30,153,3,3,0, 156
25,155,2,2,1, 157
31,156,2,2,1, 158
28,154,5,5,1, 159
29,158,4,4,1, 162
1,166,1,1,1, 167
3,167,3,3,1, 170
5,167,3,5,1, 172
8,176,1,1,0, 177
11,174,4,4,1, 178
9,177,2,2,1, 179
16,179,2,2,1, 181
15,181,2,2,0, 183
13,179,4,6,1, 185
18,183,4,4,1, 187
20,183,6,6,1, 189
22,186,4,4,1, 190
24,189,1,1,0, 190
23,188,3,3,1, 191
31,196,2,2,1, 198
28,194,5,5,1, 199
29,198,4,4,1, 202
1,206,1,1,1, 207
3,207,3,7,1, 214
6,210,2,4,1, 214
8,216,1,1,1, 217
16,219,2,2,1, 221
17,219,3,3,1, 222
15,221,2,2,0, 223
18,223,4,4,1, 227
20,223,6,6,1, 229
22,226,4,4,1, 230
24,229,1,1,1, 230
19,226,5,5,1, 231
25,235,2,2,1, 237
31,236,2,2,1, 238
28,234,5,5,1, 239
8,256,1,1,0, 257
16,259,2,2,1, 261
15,261,2,2,1, 263
24,269,1,1,1, 270
26,277,3,3,1, 280
8,296,1,1,0, 297
9,297,2,2,1, 299
24,309,1,1,0, 310
25,315,2,2,1, 317
26,317,3,3,1, 320
8,336,1,1,1, 337
16,339,2,2,1, 341
24,349,1,1,0, 350
23,348,3,3,1, 351
30,353,3,3,1, 356
25,355,2,2,1, 357
31,356,2,2,1, 358
8,376,1,1,0, 377
9,377,2,2,1, 379
24,389,1,1,1, 390
26,397,3,3,1, 400
1,406,1,1,1, 407
8,416,1,1,0, 417
9,417,2,2,1, 419
24,429,1,1,1, 430
25,435,2,2,1, 437
31,436,2,2,1, 438
26,437,3,3,1, 440
8,456,1,1,0, 457
9,457,2,2,1, 459
26,477,3,5,1, 482
1,526,1,1,0, 527
25,555,2,2,1, 557
2,563,2,2,1, 565
1,566,1,1,0, 567
8,576,1,1,0, 577
9,577,2,2,1, 579
16,579,2,2,1, 581
15,581,2,2,1, 583
24,589,1,1,1, 590
1,606,1,1,0, 607
16,619,2,2,1, 621
24,629,1,1,1, 630
1,646,1,1,1, 647
24,669,1,1,0, 670
25,675,2,2,1, 677
1,686,1,1,0, 687
24,709,1,1,0, 710
30,713,3,3,1, 716
29,718,4,4,1, 722
8,736,1,1,0, 737
24,749,1,1,1, 750
8,776,1,1,1, 777
24,789,1,1,0, 790
8,816,1,1,1, 817
15,821,2,2,1, 823
24,829,1,1,1, 830
31,836,2,2,1, 838
26,837,3,3,1, 840
24,869,1,1,1, 870
16,899,2,2,1, 901
24,909,1,1,0, 910
22,946,4,4,1, 950
24,949,1,1,0, 950
31,956,2,2,1, 958
1,966,1,1,1, 967
8,976,1,1,1, 977
24,989,1,1,1, 990
1,1006,1,1,0, 1007
8,1016,1,1,1, 1017
24,1029,1,1,0, 1030
1,1046,1,1,0, 1047
8,1056,1,1,0, 1057
24,1069,1,1,1, 1070
29,1078,4,6,1, 1084
1,1086,1,1,0, 1087
8,1096,1,1,1, 1097
24,1109,1,1,1, 1110
1,1126,1,1,1, 1127
8,1136,1,1,1, 1137
24,1149,1,1,1, 1150
31,1156,2,2,1, 1158
1,1166,1,1,1, 1167
8,1176,1,1,0, 1177
24,1189,1,1,0, 1190
1,1206,1,1,1, 1207
8,1216,1,1,0, 1217
17,1219,3,3,1, 1222
15,1221,2,2,1, 1223
25,1235,2,2,1, 1237
1,1246,1,1,1, 1247
8,1256,1,1,0, 1257
22,1266,4,4,1, 1270
24,1269,1,1,0, 1270
25,1275,2,2,1, 1277
1,1286,1,1,0, 1287
5,1287,3,5,1, 1292
8,1296,1,1,1, 1297
16,1299,2,2,1, 1301
13,1299,4,6,1, 1305
22,1306,4,4,1, 1310
24,1309,1,1,0, 1310
31,1316,2,2,1, 1318
8,1336,1,1,0, 1337
16,1339,2,2,1, 1341
8,1376,1,1,1, 1377
8,1416,1,1,1, 1417
15,1421,2,2,1, 1423
24,1429,1,1,0, 1430
26,1437,3,3,1, 1440
29,1438,4,6,1, 1444
1,1446,1,1,1, 1447
24,1469,1,1,1, 1470
25,1475,2,2,1, 1477
1,1486,1,1,0, 1487
24,1509,1,1,0, 1510
25,1515,2,2,1, 1517
1,1526,1,1,1, 1527
24,1549,1,1,0, 1550
25,1555,2,2,1, 1557
26,1557,3,3,1, 1560
8,1576,1,1,0, 1577
16,1579,2,2,1, 1581
23,1588,3,3,1, 1591
8,1616,1,1,1, 1617
22,1626,4,4,1, 1630
23,1628,3,3,1, 1631
30,1633,3,5,1, 1638
8,1656,1,1,1, 1657
16,1659,2,2,1, 1661
24,1669,1,1,1, 1670
19,1666,5,5,1, 1671
25,1675,2,2,1, 1677
26,1677,3,5,1, 1682
1,1686,1,1,1, 1687
24,1709,1,1,0, 1710
1,1726,1,1,1, 1727
24,1749,1,1,1, 1750
31,1756,2,2,1, 1758
1,1766,1,1,0, 1767
24,1789,1,1,0, 1790
19,1786,5,5,1, 1791
30,1793,3,3,1, 1796
31,1796,2,2,1, 1798
24,1829,1,1,0, 1830
24,1869,1,1,0, 1870
24,1909,1,1,0, 1910
25,1915,2,2,1, 1917
26,1917,3,3,1, 1920
28,1914,5,7,1, 1921
1,1926,1,1,1, 1927
1,1966,1,1,0, 1967
1,2006,1,1,0, 2007
24,2029,1,1,0, 2030
1,2046,1,1,1, 2047
8,2056,1,1,0, 2057
24,2069,1,1,0, 2070
1,2086,1,1,1, 2087
8,2096,1,1,1, 2097
24,2109,1,1,0, 2110
1,2126,1,1,1, 2127
8,2136,1,1,0, 2137
24,2149,1,1,0, 2150
23,2148,3,3,1, 2151
31,2156,2,2,1, 2158
26,2157,3,3,1, 2160
2,2163,2,2,1, 2165
24,2269,1,1,1, 2270
1,2286,1,1,1, 2287
8,2296,1,1,1, 2297
24,2309,1,1,1, 2310
25,2315,2,2,1, 2317
1,2326,1,1,0, 2327
8,2336,1,1,1, 2337
24,2349,1,1,1, 2350
1,2366,1,1,0, 2367
8,2376,1,1,0, 2377
24,2389,1,1,0, 2390
26,2397,3,3,1, 2400
1,2406,1,1,0, 2407
3,2407,3,3,1, 2410
16,2419,2,2,1, 2421
24,2429,1,1,1, 2430
1,2446,1,1,0, 2447
3,2447,3,3,1, 2450
11,2454,4,6,1, 2460
16,2459,2,2,1, 2461
24,2469,1,1,1, 2470
30,2473,3,3,1, 2476
31,2476,2,2,1, 2478
1,2486,1,1,1, 2487
24,2509,1,1,0, 2510
30,2513,3,3,1, 2516
31,2516,2,2,1, 2518
1,2526,1,1,1, 2527
8,2536,1,1,1, 2537
24,2549,1,1,1, 2550
1,2566,1,1,1, 2567
8,2576,1,1,1, 2577
24,2589,1,1,0, 2590
23,2588,3,3,1, 2591
1,2606,1,1,0, 2607
8,2616,1,1,1, 2617
16,2619,2,2,1, 2621
24,2629,1,1,1, 2630
23,2628,3,3,1, 2631
31,2636,2,4,1, 2640
1,2646,1,1,1, 2647
8,2656,1,1,1, 2657
1,2686,1,1,0, 2687
8,2696,1,1,1, 2697
24,2709,1,1,0, 2710
25,2715,2,2,1, 2717
1,2726,1,1,0, 2727
8,2736,1,1,1, 2737
24,2749,1,1,0, 2750
1,2766,1,1,0, 2767
8,2776,1,1,1, 2777
25,2795,2,2,1, 2797
1,2806,1,1,1, 2807
8,2816,1,1,0, 2817
25,2835,2,2,1, 2837
26,2837,3,3,1, 2840
1,2846,1,1,1, 2847
8,2856,1,1,0, 2857
15,2861,2,2,1, 2863
25,2875,2,2,1, 2877
26,2877,3,3,1, 2880
1,2966,1,1,0, 2967
24,2989,1,1,1, 2990
1,3006,1,1,1, 3007
8,3016,1,1,0, 3017
16,3019,2,2,1, 3021
15,3021,2,2,1, 3023
24,3029,1,1,0, 3030
31,3036,2,2,1, 3038
1,3046,1,1,0, 3047
3,3047,3,3,1, 3050
8,3056,1,1,0, 3057
16,3059,2,2,1, 3061
15,3061,2,2,1, 3063
1,3126,1,1,1, 3127
8,3136,1,1,1, 3137
16,3139,2,2,1, 3141
1,3166,1,1,1, 3167
8,3176,1,1,1, 3177
24,3189,1,1,0, 3190
1,3206,1,1,1, 3207
8,3216,1,1,1, 3217
15,3221,2,2,1, 3223
24,3229,1,1,0, 3230
23,3228,3,3,1, 3231
31,3236,2,2,1, 3238
1,3246,1,1,1, 3247
8,3256,1,1,0, 3257
24,3269,1,1,0, 3270
2,3283,2,2,1, 3285
1,3286,1,1,1, 3287
3,3287,3,3,1, 3290
8,3296,1,1,1, 3297
16,3299,2,2,1, 3301
24,3309,1,1,0, 3310
1,3326,1,1,1, 3327
8,3336,1,1,1, 3337
24,3349,1,1,1, 3350
25,3355,2,2,1, 3357
1,3366,1,1,1, 3367
8,3376,1,1,1, 3377
24,3389,1,1,0, 3390
23,3388,3,3,1, 3391
25,3395,2,2,1, 3397
1,3406,1,1,0, 3407
8,3416,1,1,1, 3417
11,3414,4,4,1, 3418
16,3419,2,2,1, 3421
17,3419,3,3,1, 3422
24,3429,1,1,0, 3430
31,3436,2,2,1, 3438
24,3469,1,1,0, 3470
31,3476,2,2,1, 3478
1,3486,1,1,1, 3487
24,3509,1,1,1, 3510
1,3526,1,1,1, 3527
3,3527,3,3,1, 3530
8,3536,1,1,1, 3537
15,3541,2,2,1, 3543
1,3566,1,1,1, 3567
8,3576,1,1,0, 3577
9,3577,2,2,1, 3579
17,3579,3,3,1, 3582
25,3595,2,2,1, 3597
1,3606,1,1,1, 3607
8,3616,1,1,1, 3617
25,3635,2,2,1, 3637
1,3646,1,1,0, 3647
8,3656,1,1,0, 3657
17,3659,3,3,1, 3662
24,3669,1,1,0, 3670
25,3675,2,2,1, 3677
31,3676,2,2,1, 3678
1,3686,1,1,0, 3687
8,3696,1,1,0, 3697
24,3709,1,1,1, 3710
25,3715,2,2,1, 3717
8,3736,1,1,0, 3737
9,3737,2,2,1, 3739
8,3776,1,1,1, 3777
24,3829,1,1,0, 3830
25,3835,2,2,1, 3837
31,3836,2,2,1, 3838
1,3846,1,1,1, 3847
24,3869,1,1,1, 3870
1,3886,1,1,1, 3887
8,3896,1,1,0, 3897
24,3909,1,1,0, 3910
1,3926,1,1,0, 3927
8,3936,1,1,1, 3937
24,3949,1,1,1, 3950
1,3966,1,1,1, 3967
8,3976,1,1,1, 3977
24,3989,1,1,1, 3990
1,4006,1,1,0, 4007
8,4016,1,1,1, 4017
16,4019,2,2,1, 4021
15,4021,2,2,1, 4023
1,4046,1,1,1, 4047
8,4056,1,1,0, 4057
26,4077,3,3,1, 4080
1,4086,1,1,1, 4087
8,4096,1,1,0, 4097
1,4126,1,1,0, 4127
8,4136,1,1,0, 4137
25,4155,2,2,1, 4157
1,4166,1,1,1, 4167
8,4176,1,1,0, 4177
24,4189,1,1,1, 4190
31,4196,2,2,1, 4198
1,4206,1,1,1, 4207
8,4216,1,1,0, 4217
24,4229,1,1,0, 4230
1,4246,1,1,1, 4247
8,4256,1,1,0, 4257
16,4259,2,2,1, 4261
15,4261,2,2,1, 4263
24,4269,1,1,0, 4270
1,4286,1,1,1, 4287
8,4296,1,1,1, 4297
15,4301,2,2,1, 4303
24,4309,1,1,1, 4310
26,4317,3,3,1, 4320
1,4326,1,1,0, 4327
9,4337,2,2,1, 4339
16,4339,2,2,1, 4341
17,4339,3,3,1, 4342
24,4349,1,1,1, 4350
31,4356,2,2,1, 4358
1,4366,1,1,1, 4367
16,4379,2,2,1, 4381
17,4379,3,3,1, 4382
25,4395,2,2,1, 4397
1,4406,1,1,1, 4407
25,4435,2,2,1, 4437
1,4446,1,1,1, 4447
8,4456,1,1,0, 4457
24,4469,1,1,0, 4470
1,4486,1,1,1, 4487
8,4496,1,1,1, 4497
9,4497,2,2,1, 4499
17,4499,3,3,1, 4502
8,4536,1,1,0, 4537
8,4576,1,1,1, 4577
8,4616,1,1,0, 4617
24,4629,1,1,0, 4630
25,4635,2,2,1, 4637
8,4656,1,1,0, 4657
24,4669,1,1,0, 4670
25,4675,2,2,1, 4677
1,4686,1,1,0, 4687
8,4696,1,1,1, 4697
9,4697,2,2,1, 4699
17,4699,3,3,1, 4702
24,4709,1,1,0, 4710
1,4726,1,1,0, 4727
8,4736,1,1,0, 4737
9,4737,2,2,1, 4739
16,4739,2,2,1, 4741
24,4749,1,1,0, 4750
31,4756,2,2,1, 4758
1,4766,1,1,1, 4767
24,4789,1,1,1, 4790
31,4796,2,2,1, 4798
1,4806,1,1,1, 4807
1,4846,1,1,1, 4847
8,4856,1,1,1, 4857
17,4859,3,3,1, 4862
25,4875,2,2,1, 4877
1,4886,1,1,0, 4887
24,4909,1,1,1, 4910
25,4915,2,2,1, 4917
1,4926,1,1,1, 4927
8,4936,1,1,0, 4937
24,4949,1,1,0, 4950
23,4948,3,3,1, 4951
25,4955,2,2,1, 4957
31,4956,2,2,1, 4958
1,4966,1,1,1, 4967
3,4967,3,3,1, 4970
8,4976,1,1,0, 4977
9,4977,2,2,1, 4979
24,4989,1,1,1, 4990
31,4996,2,2,1, 4998
1,5006,1,1,1, 5007
8,5016,1,1,1, 5017
24,5029,1,1,0, 5030
31,5036,2,2,1, 5038
1,5046,1,1,1, 5047
8,5056,1,1,0, 5057
9,5057,2,2,1, 5059
24,5069,1,1,0, 5070
1,5086,1,1,1, 5087
8,5096,1,1,1, 5097
9,5097,2,2,1, 5099
17,5099,3,3,1, 5102
24,5109,1,1,0, 5110
25,5115,2,2,1, 5117
2,5123,2,2,1, 5125
1,5126,1,1,0, 5127
24,5149,1,1,0, 5150
31,5156,2,2,1, 5158
26,5157,3,3,1, 5160
1,5166,1,1,1, 5167
8,5176,1,1,1, 5177
24,5189,1,1,1, 5190
25,5195,2,2,1, 5197
31,5196,2,2,1, 5198
1,5206,1,1,1, 5207
8,5216,1,1,1, 5217
9,5217,2,2,1, 5219
16,5219,2,2,1, 5221
1,5246,1,1,0, 5247
1,5286,1,1,1, 5287
8,5296,1,1,0, 5297
15,5301,2,2,1, 5303
25,5315,2,2,1, 5317
1,5326,1,1,0, 5327
8,5336,1,1,1, 5337
24,5349,1,1,0, 5350
31,5356,2,2,1, 5358
1,5366,1,1,0, 5367
16,5379,2,2,1, 5381
24,5389,1,1,1, 5390
31,5396,2,2,1, 5398
1,5406,1,1,1, 5407
16,5419,2,2,1, 5421
24,5429,1,1,0, 5430
31,5436,2,2,1, 5438
1,5446,1,1,0, 5447
8,5456,1,1,0, 5457
16,5459,2,2,1, 5461
17,5459,3,3,1, 5462
25,5475,2,2,1, 5477
1,5486,1,1,0, 5487
8,5496,1,1,1, 5497
25,5515,2,2,1, 5517
8,5536,1,1,0, 5537
24,5549,1,1,1, 5550
25,5555,2,2,1, 5557
8,5576,1,1,0, 5577
16,5579,2,2,1, 5581
15,5581,2,2,1, 5583
8,5616,1,1,0, 5617
16,5619,2,2,1, 5621
25,5635,2,2,1, 5637
26,5637,3,3,1, 5640
1,5646,1,1,0, 5647
8,5656,1,1,0, 5657
1,5686,1,1,1, 5687
8,5696,1,1,1, 5697
24,5709,1,1,0, 5710
31,5716,2,2,1, 5718
1,5726,1,1,0, 5727
8,5736,1,1,1, 5737
24,5749,1,1,1, 5750
25,5755,2,2,1, 5757
26,5757,3,3,1, 5760
8,5776,1,1,1, 5777
24,5789,1,1,0, 5790
31,5796,2,2,1, 5798
8,5816,1,1,0, 5817
15,5821,2,2,1, 5823
24,5829,1,1,1, 5830
31,5836,2,2,1, 5838
8,5856,1,1,1, 5857
15,5861,2,2,1, 5863
24,5869,1,1,1, 5870
25,5875,2,2,1, 5877
26,5877,3,3,1, 5880
31,5996,2,2,1, 5998
1,6006,1,1,0, 6007
8,6016,1,1,1, 6017
24,6029,1,1,1, 6030
1,6046,1,1,1, 6047
8,6056,1,1,0, 6057
16,6059,2,2,1, 6061
15,6061,2,2,1, 6063
24,6069,1,1,0, 6070
1,6086,1,1,0, 6087
16,6099,2,2,1, 6101
24,6109,1,1,0, 6110
25,6115,2,2,1, 6117
31,6116,2,2,1, 6118
26,6117,3,3,1, 6120
24,6149,1,1,1, 6150
31,6156,2,2,1, 6158
25,6235,2,2,1, 6237
26,6237,3,3,1, 6240
8,6256,1,1,0, 6257
8,6296,1,1,0, 6297
24,6309,1,1,1, 6310
8,6336,1,1,1, 6337
9,6337,2,2,1, 6339
24,6349,1,1,1, 6350
25,6355,2,2,1, 6357
26,6357,3,3,1, 6360
1,6366,1,1,1, 6367
8,6376,1,1,1, 6377
24,6389,1,1,0, 6390
1,6406,1,1,0, 6407
8,6416,1,1,0, 6417
24,6429,1,1,0, 6430
1,6446,1,1,0, 6447
8,6456,1,1,1, 6457
15,6461,2,2,1, 6463
24,6469,1,1,1, 6470
25,6475,2,2,1, 6477
31,6476,2,2,1, 6478
26,6477,3,3,1, 6480
1,6486,1,1,1, 6487
8,6496,1,1,0, 6497
16,6499,2,2,1, 6501
24,6509,1,1,0, 6510
1,6526,1,1,1, 6527
8,6536,1,1,1, 6537
24,6549,1,1,1, 6550
1,6566,1,1,0, 6567
8,6576,1,1,0, 6577
16,6579,2,2,1, 6581
24,6589,1,1,1, 6590
25,6595,2,2,1, 6597
2,6603,2,2,1, 6605
1,6606,1,1,1, 6607
24,6629,1,1,0, 6630
25,6635,2,2,1, 6637
26,6637,3,3,1, 6640
1,6646,1,1,1, 6647
24,6669,1,1,1, 6670
31,6676,2,2,1, 6678
1,6686,1,1,1, 6687
24,6709,1,1,1, 6710
31,6716,2,2,1, 6718
1,6726,1,1,1, 6727
8,6736,1,1,0, 6737
16,6739,2,2,1, 6741
24,6749,1,1,0, 6750
1,6766,1,1,0, 6767
8,6776,1,1,0, 6777
16,6779,2,2,1, 6781
24,6789,1,1,1, 6790
25,6795,2,2,1, 6797
1,6806,1,1,1, 6807
8,6816,1,1,0, 6817
24,6829,1,1,1, 6830
31,6836,2,2,1, 6838
1,6846,1,1,0, 6847
1,6886,1,1,1, 6887
25,6915,2,2,1, 6917
1,6926,1,1,1, 6927
24,6949,1,1,0, 6950
1,6966,1,1,0, 6967
8,6976,1,1,1, 6977
24,6989,1,1,1, 6990
31,6996,2,2,1, 6998
2,7003,2,2,1, 7005
1,7006,1,1,1, 7007
8,7016,1,1,0, 7017
16,7019,2,2,1, 7021
1,7046,1,1,1, 7047
8,7056,1,1,1, 7057
31,7076,2,4,1, 7080
1,7086,1,1,1, 7087
8,7096,1,1,0, 7097
17,7099,3,3,1, 7102
15,7101,2,2,1, 7103
2,7123,2,2,1, 7125
1,7126,1,1,0, 7127
8,7136,1,1,0, 7137
17,7139,3,3,1, 7142
24,7149,1,1,1, 7150
1,7166,1,1,0, 7167
24,7189,1,1,1, 7190
25,7195,2,2,1, 7197
1,7206,1,1,1, 7207
8,7216,1,1,1, 7217
15,7221,2,2,1, 7223
24,7229,1,1,1, 7230
1,7246,1,1,1, 7247
8,7256,1,1,0, 7257
9,7257,2,2,1, 7259
16,7259,2,2,1, 7261
17,7259,3,3,1, 7262
24,7269,1,1,0, 7270
24,7309,1,1,1, 7310
31,7316,2,2,1, 7318
8,7336,1,1,0, 7337
9,7337,2,2,1, 7339
16,7339,2,2,1, 7341
17,7339,3,3,1, 7342
24,7349,1,1,0, 7350
1,7366,1,1,0, 7367
8,7376,1,1,0, 7377
9,7377,2,2,1, 7379
16,7379,2,2,1, 7381
25,7395,2,2,1, 7397
1,7406,1,1,0, 7407
25,7435,2,2,1, 7437
1,7446,1,1,1, 7447
1,7486,1,1,1, 7487
8,7496,1,1,1, 7497
9,7497,2,2,1, 7499
16,7499,2,2,1, 7501
17,7499,3,3,1, 7502
24,7509,1,1,0, 7510
2,7523,2,2,1, 7525
1,7526,1,1,0, 7527
8,7536,1,1,1, 7537
24,7549,1,1,0, 7550
2,7563,2,2,1, 7565
1,7566,1,1,0, 7567
8,7576,1,1,1, 7577
24,7589,1,1,0, 7590
1,7606,1,1,0, 7607
8,7616,1,1,1, 7617
16,7619,2,2,1, 7621
24,7629,1,1,0, 7630
1,7646,1,1,1, 7647
24,7669,1,1,1, 7670
25,7675,2,2,1, 7677
1,7686,1,1,0, 7687
24,7709,1,1,1, 7710
31,7716,2,2,1, 7718
1,7726,1,1,1, 7727
8,7736,1,1,1, 7737
9,7737,2,2,1, 7739
16,7739,2,2,1, 7741
24,7749,1,1,0, 7750
2,7763,2,2,1, 7765
1,7766,1,1,0, 7767
8,7776,1,1,0, 7777
15,7781,2,2,1, 7783
24,7789,1,1,0, 7790
31,7796,2,2,1, 7798
2,7803,2,2,1, 7805
1,7806,1,1,0, 7807
8,7816,1,1,0, 7817
16,7819,2,2,1, 7821
24,7829,1,1,1, 7830
2,7843,2,2,1, 7845
1,7846,1,1,0, 7847
8,7856,1,1,0, 7857
1,7886,1,1,0, 7887
25,7915,2,2,1, 7917
1,7926,1,1,1, 7927
25,7955,2,2,1, 7957
1,7966,1,1,0, 7967
8,7976,1,1,1, 7977
17,7979,3,3,1, 7982
24,7989,1,1,1, 7990
25,7995,2,2,1, 7997
8,8016,1,1,0, 8017
24,8029,1,1,1, 8030
8,8056,1,1,1, 8057
16,8059,2,2,1, 8061
24,8069,1,1,1, 8070
1,8086,1,1,1, 8087
8,8096,1,1,1, 8097
9,8097,2,2,1, 8099
17,8099,3,3,1, 8102
15,8101,2,2,1, 8103
24,8109,1,1,0, 8110
31,8116,2,2,1, 8118
2,8123,2,2,1, 8125
1,8126,1,1,0, 8127
16,8139,2,2,1, 8141
24,8149,1,1,1, 8150
1,8166,1,1,1, 8167
24,8189,1,1,1, 8190
31,8196,2,2,1, 8198
1,8206,1,1,1, 8207
8,8216,1,1,1, 8217
1,8246,1,1,1, 8247
8,8256,1,1,0, 8257
2,8283,2,2,1, 8285
1,8286,1,1,0, 8287
8,8296,1,1,0, 8297
1,8326,1,1,0, 8327
8,8336,1,1,0, 8337
24,8349,1,1,1, 8350
31,8356,2,2,1, 8358
1,8366,1,1,1, 8367
8,8376,1,1,1, 8377
16,8379,2,2,1, 8381
24,8389,1,1,1, 8390
1,8406,1,1,0, 8407
8,8416,1,1,1, 8417
16,8419,2,2,1, 8421
1,8446,1,1,0, 8447
8,8456,1,1,0, 8457
9,8457,2,2,1, 8459
16,8459,2,2,1, 8461
2,8483,2,2,1, 8485
1,8486,1,1,1, 8487
24,8509,1,1,1, 8510
1,8526,1,1,0, 8527
16,8539,2,2,1, 8541
24,8549,1,1,0, 8550
1,8566,1,1,0, 8567
8,8576,1,1,0, 8577
24,8589,1,1,1, 8590
31,8596,2,2,1, 8598
1,8606,1,1,0, 8607
8,8616,1,1,1, 8617
24,8629,1,1,1, 8630
25,8635,2,2,1, 8637
31,8636,2,2,1, 8638
1,8646,1,1,1, 8647
8,8656,1,1,0, 8657
24,8669,1,1,1, 8670
2,8683,2,2,1, 8685
1,8686,1,1,0, 8687
8,8696,1,1,0, 8697
24,8709,1,1,1, 8710
31,8716,2,2,1, 8718
1,8726,1,1,1, 8727
8,8736,1,1,0, 8737
24,8749,1,1,0, 8750
25,8755,2,2,1, 8757
31,8756,2,2,1, 8758
1,8766,1,1,0, 8767
8,8776,1,1,0, 8777
9,8777,2,2,1, 8779
17,8779,3,3,1, 8782
24,8789,1,1,1, 8790
25,8795,2,2,1, 8797
31,8796,2,2,1, 8798
1,8806,1,1,1, 8807
8,8816,1,1,1, 8817
9,8817,2,2,1, 8819
17,8819,3,3,1, 8822
2,8843,2,2,1, 8845
1,8846,1,1,0, 8847
1,8886,1,1,0, 8887
25,8915,2,2,1, 8917
1,8926,1,1,0, 8927
8,8936,1,1,1, 8937
9,8937,2,2,1, 8939
17,8939,3,3,1, 8942
24,8949,1,1,0, 8950
25,8955,2,2,1, 8957
31,8956,2,2,1, 8958
1,8966,1,1,0, 8967
24,8989,1,1,1, 8990
25,8995,2,2,1, 8997
2,9003,2,2,1, 9005
1,9006,1,1,1, 9007
8,9016,1,1,1, 9017
9,9017,2,2,1, 9019
24,9029,1,1,1, 9030
2,9043,2,2,1, 9045
1,9046,1,1,0, 9047
8,9056,1,1,0, 9057
9,9057,2,2,1, 9059
16,9059,2,2,1, 9061
17,9059,3,3,1, 9062
24,9069,1,1,1, 9070
2,9083,2,2,1, 9085
1,9086,1,1,0, 9087
16,9099,2,2,1, 9101
24,9109,1,1,0, 9110
31,9116,2,2,1, 9118
2,9123,2,2,1, 9125
1,9126,1,1,0, 9127
8,9136,1,1,1, 9137
25,9155,2,2,1, 9157
1,9166,1,1,1, 9167
8,9176,1,1,0, 9177
9,9177,2,2,1, 9179
17,9179,3,3,1, 9182
25,9195,2,2,1, 9197
1,9206,1,1,0, 9207
8,9216,1,1,1, 9217
25,9235,2,2,1, 9237
31,9236,2,2,1, 9238
8,9256,1,1,0, 9257
15,9261,2,2,1, 9263
24,9269,1,1,1, 9270
31,9276,2,2,1, 9278
8,9296,1,1,0, 9297
8,9336,1,1,0, 9337
25,9355,2,2,1, 9357
1,9366,1,1,1, 9367
8,9376,1,1,1, 9377
9,9377,2,2,1, 9379
25,9395,2,2,1, 9397
1,9406,1,1,1, 9407
8,9416,1,1,0, 9417
17,9419,3,3,1, 9422
24,9429,1,1,0, 9430
1,9446,1,1,1, 9447
8,9456,1,1,0, 9457
24,9469,1,1,0, 9470
31,9476,2,2,1, 9478
2,9483,2,2,1, 9485
1,9486,1,1,1, 9487
8,9496,1,1,1, 9497
16,9499,2,2,1, 9501
24,9509,1,1,0, 9510
31,9516,2,2,1, 9518
2,9523,2,2,1, 9525
1,9526,1,1,1, 9527
8,9536,1,1,0, 9537
9,9537,2,2,1, 9539
17,9539,3,3,1, 9542
25,9555,2,2,1, 9557
1,9566,1,1,0, 9567
1,9606,1,1,1, 9607
25,9635,2,2,1, 9637
1,9646,1,1,1, 9647
8,9656,1,1,1, 9657
9,9657,2,2,1, 9659
16,9659,2,2,1, 9661
24,9669,1,1,1, 9670
1,9686,1,1,1, 9687
24,9709,1,1,0, 9710
1,9726,1,1,0, 9727
16,9739,2,2,1, 9741
24,9749,1,1,0, 9750
31,9756,2,2,1, 9758
2,9763,2,2,1, 9765
1,9766,1,1,1, 9767
8,9776,1,1,0, 9777
17,9779,3,3,1, 9782
24,9789,1,1,0, 9790
25,9795,2,2,1, 9797
31,9796,2,2,1, 9798
2,9803,2,2,1, 9805
1,9806,1,1,1, 9807
8,9816,1,1,1, 9817
24,9829,1,1,0, 9830
25,9835,2,2,1, 9837
1,9846,1,1,0, 9847
8,9856,1,1,1, 9857
24,9869,1,1,1, 9870
31,9876,2,2,1, 9878
1,9886,1,1,1, 9887
8,9896,1,1,0, 9897
9,9897,2,2,1, 9899
17,9899,3,3,1, 9902
1,9926,1,1,1, 9927
25,9955,2,2,1, 9957
1,9966,1,1,1, 9967
8,9976,1,1,1, 9977
25,9995,2,2,1, 9997
2,10003,2,2,1, 10005
1,10006,1,1,0, 10007
8,10016,1,1,1, 10017
25,10035,2,2,1, 10037
1,10046,1,1,0, 10047
8,10056,1,1,1, 10057
24,10069,1,1,0, 10070
25,10075,2,2,1, 10077
1,10086,1,1,1, 10087
8,10096,1,1,0, 10097
16,10099,2,2,1, 10101
24,10109,1,1,0, 10110
25,10115,2,2,1, 10117
2,10123,2,2,1, 10125
1,10126,1,1,0, 10127
8,10136,1,1,1, 10137
2,10163,2,2,1, 10165
1,10166,1,1,0, 10167
8,10176,1,1,1, 10177
8,10216,1,1,0, 10217
9,10217,2,2,1, 10219
8,10256,1,1,0, 10257
16,10259,2,2,1, 10261
24,10269,1,1,0, 10270
25,10275,2,2,1, 10277
8,10296,1,1,0, 10297
16,10299,2,2,1, 10301
24,10309,1,1,1, 10310
25,10315,2,2,1, 10317
2,10323,2,2,1, 10325
1,10326,1,1,0, 10327
8,10336,1,1,0, 10337
1,10366,1,1,0, 10367
8,10376,1,1,0, 10377
1,10406,1,1,1, 10407
8,10416,1,1,1, 10417
24,10429,1,1,1, 10430
1,10446,1,1,0, 10447
8,10456,1,1,1, 10457
16,10459,2,2,1, 10461
24,10469,1,1,1, 10470
25,10475,2,2,1, 10477
2,10483,2,2,1, 10485
1,10486,1,1,0, 10487
8,10496,1,1,0, 10497
16,10499,2,2,1, 10501
1,10526,1,1,1, 10527
1,10566,1,1,0, 10567
8,10576,1,1,0, 10577
1,10606,1,1,0, 10607
8,10616,1,1,0, 10617
2,10643,2,2,1, 10645
1,10646,1,1,0, 10647
24,10669,1,1,0, 10670
25,10675,2,2,1, 10677
31,10676,2,2,1, 10678
1,10686,1,1,0, 10687
8,10696,1,1,1, 10697
15,10701,2,2,1, 10703
24,10709,1,1,1, 10710
25,10715,2,2,1, 10717
31,10716,2,2,1, 10718
1,10726,1,1,0, 10727
8,10736,1,1,0, 10737
9,10737,2,2,1, 10739
1,10766,1,1,1, 10767
2,10803,2,2,1, 10805
1,10806,1,1,0, 10807
1,10846,1,1,0, 10847
8,10856,1,1,0, 10857
16,10859,2,2,1, 10861
17,10859,3,3,1, 10862
15,10861,2,2,1, 10863
24,10869,1,1,0, 10870
23,10868,3,3,1, 10871
25,10875,2,2,1, 10877
31,10876,2,2,1, 10878
1,10886,1,1,1, 10887
8,10896,1,1,1, 10897
16,10899,2,2,1, 10901
24,10909,1,1,1, 10910
25,10915,2,2,1, 10917
31,10916,2,2,1, 10918
1,10926,1,1,0, 10927
8,10936,1,1,1, 10937
25,10955,2,2,1, 10957
1,10966,1,1,0, 10967
8,10976,1,1,1, 10977
16,10979,2,2,1, 10981
2,11003,2,2,1, 11005
1,11006,1,1,1, 11007
8,11016,1,1,1, 11017
24,11029,1,1,0, 11030
31,11036,2,2,1, 11038
1,11046,1,1,1, 11047
8,11056,1,1,1, 11057
24,11069,1,1,1, 11070
1,11086,1,1,1, 11087
8,11096,1,1,1, 11097
9,11097,2,2,1, 11099
17,11099,3,3,1, 11102
24,11109,1,1,1, 11110
31,11116,2,2,1, 11118
1,11126,1,1,0, 11127
8,11136,1,1,1, 11137
24,11149,1,1,1, 11150
1,11166,1,1,1, 11167
8,11176,1,1,1, 11177
16,11179,2,2,1, 11181
24,11189,1,1,1, 11190
31,11196,2,2,1, 11198
1,11206,1,1,0, 11207
8,11216,1,1,1, 11217
9,11217,2,2,1, 11219
16,11219,2,2,1, 11221
24,11229,1,1,0, 11230
1,11246,1,1,0, 11247
24,11269,1,1,1, 11270
25,11275,2,2,1, 11277
1,11286,1,1,1, 11287
8,11296,1,1,0, 11297
1,11326,1,1,1, 11327
8,11336,1,1,0, 11337
15,11341,2,2,1, 11343
25,11355,2,2,1, 11357
2,11363,2,2,1, 11365
1,11366,1,1,0, 11367
24,11389,1,1,1, 11390
25,11395,2,2,1, 11397
1,11406,1,1,0, 11407
8,11416,1,1,1, 11417
17,11419,3,3,1, 11422
24,11429,1,1,0, 11430
31,11436,2,2,1, 11438
1,11446,1,1,0, 11447
8,11456,1,1,1, 11457
16,11459,2,2,1, 11461
1,11486,1,1,0, 11487
8,11496,1,1,1, 11497
15,11501,2,2,1, 11503
1,11526,1,1,1, 11527
8,11536,1,1,0, 11537
25,11555,2,2,1, 11557
1,11566,1,1,0, 11567
8,11576,1,1,0, 11577
16,11579,2,2,1, 11581
24,11589,1,1,1, 11590
31,11596,2,2,1, 11598
1,11606,1,1,0, 11607
8,11616,1,1,1, 11617
16,11619,2,2,1, 11621
24,11629,1,1,0, 11630
31,11636,2,2,1, 11638
2,11643,2,2,1, 11645
1,11646,1,1,0, 11647
8,11656,1,1,1, 11657
24,11669,1,1,0, 11670
31,11676,2,2,1, 11678
2,11683,2,2,1, 11685
1,11686,1,1,1, 11687
8,11696,1,1,1, 11697
9,11697,2,2,1, 11699
17,11699,3,3,1, 11702
25,11715,2,2,1, 11717
1,11726,1,1,1, 11727
25,11755,2,2,1, 11757
1,11766,1,1,0, 11767
8,11776,1,1,1, 11777
17,11779,3,3,1, 11782
15,11781,2,2,1, 11783
1,11806,1,1,1, 11807
8,11816,1,1,1, 11817
16,11819,2,2,1, 11821
17,11819,3,3,1, 11822
24,11829,1,1,0, 11830
25,11835,2,2,1, 11837
31,11836,2,2,1, 11838
2,11843,2,2,1, 11845
1,11846,1,1,0, 11847
8,11856,1,1,0, 11857
16,11859,2,2,1, 11861
24,11869,1,1,1, 11870
31,11876,2,2,1, 11878
1,11886,1,1,1, 11887
8,11896,1,1,0, 11897
16,11899,2,2,1, 11901
1,11926,1,1,1, 11927
8,11936,1,1,0, 11937
16,11939,2,2,1, 11941
1,11966,1,1,0, 11967
24,11989,1,1,0, 11990
2,12003,2,2,1, 12005
1,12006,1,1,1, 12007
16,12019,2,2,1, 12021
24,12029,1,1,1, 12030
1,12046,1,1,1, 12047
8,12056,1,1,1, 12057
16,12059,2,2,1, 12061
17,12059,3,3,1, 12062
24,12069,1,1,0, 12070
1,12086,1,1,0, 12087
8,12096,1,1,1, 12097
16,12099,2,2,1, 12101
24,12109,1,1,1, 12110
31,12116,2,2,1, 12118
1,12126,1,1,1, 12127
8,12136,1,1,0, 12137
16,12139,2,2,1, 12141
24,12149,1,1,0, 12150
31,12156,2,2,1, 12158
1,12166,1,1,1, 12167
8,12176,1,1,1, 12177
9,12177,2,2,1, 12179
16,12179,2,2,1, 12181
17,12179,3,3,1, 12182
25,12195,2,2,1, 12197
1,12206,1,1,0, 12207
25,12235,2,2,1, 12237
1,12246,1,1,1, 12247
8,12256,1,1,1, 12257
25,12275,2,2,1, 12277
1,12286,1,1,1, 12287
8,12296,1,1,1, 12297
9,12297,2,2,1, 12299
17,12299,3,3,1, 12302
24,12309,1,1,0, 12310
31,12316,2,2,1, 12318
1,12326,1,1,0, 12327
24,12349,1,1,0, 12350
31,12356,2,2,1, 12358
1,12366,1,1,0, 12367
16,12379,2,2,1, 12381
24,12389,1,1,1, 12390
31,12396,2,2,1, 12398
2,12403,2,2,1, 12405
1,12406,1,1,1, 12407
8,12416,1,1,1, 12417
16,12419,2,2,1, 12421
2,12443,2,2,1, 12445
1,12446,1,1,0, 12447
8,12456,1,1,1, 12457
25,12475,2,2,1, 12477
1,12486,1,1,0, 12487
8,12496,1,1,0, 12497
1,12526,1,1,0, 12527
8,12536,1,1,1, 12537
25,12555,2,2,1, 12557
1,12566,1,1,1, 12567
8,12576,1,1,1, 12577
31,12596,2,2,1, 12598
2,12603,2,2,1, 12605
1,12606,1,1,0, 12607
8,12616,1,1,0, 12617
16,12619,2,2,1, 12621
24,12629,1,1,0, 12630
2,12643,2,2,1, 12645
1,12646,1,1,0, 12647
8,12656,1,1,1, 12657
1,12686,1,1,0, 12687
8,12696,1,1,0, 12697
16,12699,2,2,1, 12701
25,12715,2,2,1, 12717
1,12726,1,1,1, 12727
8,12736,1,1,0, 12737
16,12739,2,2,1, 12741
25,12755,2,2,1, 12757
2,12763,2,2,1, 12765
1,12766,1,1,0, 12767
8,12776,1,1,1, 12777
24,12789,1,1,1, 12790
1,12806,1,1,0, 12807
8,12816,1,1,1, 12817
16,12819,2,2,1, 12821
24,12829,1,1,0, 12830
31,12836,2,2,1, 12838
8,12856,1,1,0, 12857
24,12869,1,1,0, 12870
31,12876,2,2,1, 12878
8,12896,1,1,0, 12897
24,12909,1,1,0, 12910
31,12916,2,2,1, 12918
8,12936,1,1,1, 12937
24,12949,1,1,0, 12950
25,12955,2,2,1, 12957
1,12966,1,1,0, 12967
8,12976,1,1,0, 12977
15,12981,2,2,1, 12983
24,12989,1,1,0, 12990
2,13003,2,2,1, 13005
1,13006,1,1,0, 13007
8,13016,1,1,0, 13017
16,13019,2,2,1, 13021
1,13046,1,1,1, 13047
8,13056,1,1,0, 13057
16,13059,2,2,1, 13061
1,13086,1,1,0, 13087
1,13126,1,1,1, 13127
16,13139,2,2,1, 13141
24,13149,1,1,0, 13150
24,13189,1,1,1, 13190
31,13196,2,2,1, 13198
1,13206,1,1,0, 13207
8,13216,1,1,1, 13217
16,13219,2,2,1, 13221
24,13229,1,1,1, 13230
1,13246,1,1,0, 13247
8,13256,1,1,0, 13257
25,13275,2,2,1, 13277
1,13286,1,1,0, 13287
8,13296,1,1,1, 13297
16,13299,2,2,1, 13301
25,13315,2,2,1, 13317
1,13326,1,1,0, 13327
8,13336,1,1,0, 13337
1,13366,1,1,0, 13367
8,13376,1,1,1, 13377
24,13389,1,1,1, 13390
31,13396,2,2,1, 13398
2,13403,2,2,1, 13405
1,13406,1,1,1, 13407
8,13416,1,1,1, 13417
24,13429,1,1,1, 13430
8,13456,1,1,1, 13457
24,13469,1,1,0, 13470
8,13496,1,1,0, 13497
24,13509,1,1,0, 13510
31,13516,2,2,1, 13518
8,13536,1,1,0, 13537
24,13549,1,1,0, 13550
25,13555,2,2,1, 13557
31,13556,2,2,1, 13558
2,13563,2,2,1, 13565
1,13566,1,1,0, 13567
8,13576,1,1,0, 13577
16,13579,2,2,1, 13581
15,13581,2,2,1, 13583
24,13589,1,1,1, 13590
31,13596,2,2,1, 13598
2,13603,2,2,1, 13605
1,13606,1,1,1, 13607
8,13616,1,1,1, 13617
1,13646,1,1,0, 13647
8,13656,1,1,0, 13657
16,13659,2,2,1, 13661
1,13686,1,1,1, 13687
8,13696,1,1,1, 13697
9,13697,2,2,1, 13699
16,13699,2,2,1, 13701
1,13726,1,1,0, 13727
8,13736,1,1,1, 13737
24,13749,1,1,1, 13750
25,13755,2,2,1, 13757
24,13789,1,1,1, 13790
24,13829,1,1,0, 13830
25,13835,2,2,1, 13837
31,13836,2,2,1, 13838
1,13846,1,1,1, 13847
8,13856,1,1,1, 13857
17,13859,3,3,1, 13862
1,13886,1,1,1, 13887
8,13896,1,1,1, 13897
16,13899,2,2,1, 13901
1,13926,1,1,0, 13927
8,13936,1,1,0, 13937
16,13939,2,2,1, 13941
1,13966,1,1,1, 13967
8,13976,1,1,0, 13977
9,13977,2,2,1, 13979
16,13979,2,2,1, 13981
24,13989,1,1,0, 13990
1,14006,1,1,1, 14007
16,14019,2,2,1, 14021
24,14029,1,1,0, 14030
1,14046,1,1,1, 14047
16,14059,2,2,1, 14061
24,14069,1,1,0, 14070
25,14075,2,2,1, 14077
1,14086,1,1,0, 14087
8,14096,1,1,1, 14097
9,14097,2,2,1, 14099
16,14099,2,2,1, 14101
17,14099,3,3,1, 14102
1,14126,1,1,0, 14127
8,14136,1,1,0, 14137
16,14139,2,2,1, 14141
2,14163,2,2,1, 14165
1,14166,1,1,1, 14167
8,14176,1,1,0, 14177
1,14206,1,1,1, 14207
8,14216,1,1,1, 14217
24,14229,1,1,0, 14230
25,14235,2,2,1, 14237
2,14243,2,2,1, 14245
1,14246,1,1,0, 14247
24,14269,1,1,0, 14270
1,14286,1,1,0, 14287
24,14309,1,1,0, 14310
31,14316,2,2,1, 14318
1,14326,1,1,1, 14327
8,14336,1,1,0, 14337
9,14337,2,2,1, 14339
17,14339,3,3,1, 14342
1,14366,1,1,0, 14367
2,14403,2,2,1, 14405
1,14406,1,1,1, 14407
8,14416,1,1,1, 14417
16,14419,2,2,1, 14421
2,14443,2,2,1, 14445
1,14446,1,1,0, 14447
8,14456,1,1,0, 14457
9,14457,2,2,1, 14459
16,14459,2,2,1, 14461
17,14459,3,3,1, 14462
24,14469,1,1,1, 14470
25,14475,2,2,1, 14477
31,14476,2,2,1, 14478
1,14486,1,1,1, 14487
16,14499,2,2,1, 14501
24,14509,1,1,0, 14510
31,14516,2,2,1, 14518
1,14526,1,1,0, 14527
8,14536,1,1,0, 14537
16,14539,2,2,1, 14541
2,14563,2,2,1, 14565
1,14566,1,1,0, 14567
8,14576,1,1,1, 14577
2,14603,2,2,1, 14605
1,14606,1,1,0, 14607
8,14616,1,1,1, 14617
16,14619,2,2,1, 14621
24,14629,1,1,0, 14630
1,14646,1,1,0, 14647
8,14656,1,1,0, 14657
24,14669,1,1,1, 14670
1,14686,1,1,1, 14687
8,14696,1,1,0, 14697
9,14697,2,2,1, 14699
16,14699,2,2,1, 14701
24,14709,1,1,1, 14710
1,14726,1,1,0, 14727
24,14749,1,1,0, 14750
31,14756,2,2,1, 14758
2,14763,2,2,1, 14765
1,14766,1,1,1, 14767
24,14789,1,1,1, 14790
31,14796,2,2,1, 14798
1,14806,1,1,1, 14807
8,14816,1,1,1, 14817
16,14819,2,2,1, 14821
1,14846,1,1,1, 14847
8,14856,1,1,0, 14857
16,14859,2,2,1, 14861
1,14886,1,1,0, 14887
8,14896,1,1,0, 14897
25,14915,2,2,1, 14917
1,14926,1,1,0, 14927
8,14936,1,1,0, 14937
9,14937,2,2,1, 14939
17,14939,3,3,1, 14942
24,14949,1,1,0, 14950
1,14966,1,1,1, 14967
8,14976,1,1,1, 14977
24,14989,1,1,0, 14990
2,15003,2,2,1, 15005
1,15006,1,1,0, 15007
8,15016,1,1,1, 15017
24,15029,1,1,1, 15030
31,15036,2,2,1, 15038
1,15046,1,1,0, 15047
8,15056,1,1,1, 15057
9,15057,2,2,1, 15059
16,15059,2,2,1, 15061
24,15069,1,1,1, 15070
25,15075,2,2,1, 15077
31,15076,2,2,1, 15078
1,15086,1,1,0, 15087
24,15109,1,1,0, 15110
25,15115,2,2,1, 15117
1,15126,1,1,0, 15127
1,15166,1,1,1, 15167
8,15176,1,1,1, 15177
9,15177,2,2,1, 15179
16,15179,2,2,1, 15181
1,15206,1,1,0, 15207
8,15216,1,1,1, 15217
24,15229,1,1,0, 15230
1,15246,1,1,1, 15247
8,15256,1,1,1, 15257
24,15269,1,1,1, 15270
1,15286,1,1,0, 15287
8,15296,1,1,0, 15297
9,15297,2,2,1, 15299
17,15299,3,3,1, 15302
15,15301,2,2,1, 15303
24,15309,1,1,1, 15310
1,15326,1,1,0, 15327
8,15336,1,1,1, 15337
24,15349,1,1,1, 15350
31,15356,2,2,1, 15358
1,15366,1,1,0, 15367
8,15376,1,1,1, 15377
24,15389,1,1,0, 15390
1,15406,1,1,1, 15407
8,15416,1,1,1, 15417
9,15417,2,2,1, 15419
16,15419,2,2,1, 15421
25,15435,2,2,1, 15437
2,15443,2,2,1, 15445
1,15446,1,1,0, 15447
8,15456,1,1,0, 15457
1,15486,1,1,1, 15487
8,15496,1,1,0, 15497
16,15499,2,2,1, 15501
24,15509,1,1,1, 15510
25,15515,2,2,1, 15517
1,15526,1,1,0, 15527
8,15536,1,1,1, 15537
24,15549,1,1,0, 15550
31,15556,2,2,1, 15558
1,15566,1,1,1, 15567
8,15576,1,1,0, 15577
24,15589,1,1,1, 15590
31,15596,2,2,1, 15598
2,15603,2,2,1, 15605
1,15606,1,1,1, 15607
8,15616,1,1,0, 15617
15,15621,2,2,1, 15623
24,15629,1,1,0, 15630
31,15636,2,2,1, 15638
2,15643,2,2,1, 15645
1,15646,1,1,1, 15647
8,15656,1,1,0, 15657
9,15657,2,2,1, 15659
17,15659,3,3,1, 15662
24,15669,1,1,1, 15670
31,15676,2,2,1, 15678
1,15686,1,1,1, 15687
16,15699,2,2,1, 15701
24,15709,1,1,1, 15710
1,15726,1,1,0, 15727
2,15763,2,2,1, 15765
1,15766,1,1,1, 15767
8,15776,1,1,1, 15777
9,15777,2,2,1, 15779
16,15779,2,2,1, 15781
8,15816,1,1,0, 15817
24,15829,1,1,0, 15830
31,15836,2,2,1, 15838
8,15856,1,1,1, 15857
24,15869,1,1,0, 15870
31,15876,2,2,1, 15878
1,15886,1,1,0, 15887
8,15896,1,1,1, 15897
9,15897,2,2,1, 15899
1,15926,1,1,0, 15927
8,15936,1,1,0, 15937
1,15966,1,1,1, 15967
8,15976,1,1,0, 15977
1,16006,1,1,0, 16007
8,16016,1,1,0, 16017
9,16017,2,2,1, 16019
24,16029,1,1,0, 16030
25,16035,2,2,1, 16037
31,16036,2,2,1, 16038
1,16046,1,1,1, 16047
16,16059,2,2,1, 16061
24,16069,1,1,1, 16070
25,16075,2,2,1, 16077
1,16086,1,1,0, 16087
1,16126,1,1,0, 16127
8,16136,1,1,0, 16137
9,16137,2,2,1, 16139
16,16139,2,2,1, 16141
25,16155,2,2,1, 16157
1,16166,1,1,0, 16167
8,16176,1,1,0, 16177
24,16189,1,1,1, 16190
25,16195,2,2,1, 16197
1,16206,1,1,0, 16207
8,16216,1,1,0, 16217
16,16219,2,2,1, 16221
24,16229,1,1,1, 16230
2,16243,2,2,1, 16245
1,16246,1,1,0, 16247
8,16256,1,1,1, 16257
15,16261,2,2,1, 16263
24,16269,1,1,1, 16270
31,16276,2,2,1, 16278
1,16286,1,1,0, 16287
8,16296,1,1,0, 16297
16,16299,2,2,1, 16301
15,16301,2,2,1, 16303
24,16309,1,1,1, 16310
31,16316,2,2,1, 16318
1,16326,1,1,1, 16327
24,16349,1,1,0, 16350
25,16355,2,2,1, 16357
1,16366,1,1,1, 16367
24,16389,1,1,0, 16390
31,16396,2,2,1, 16398
1,16406,1,1,1, 16407
16,16419,2,2,1, 16421
24,16429,1,1,1, 16430
2,16443,2,2,1, 16445
1,16446,1,1,0, 16447
8,16456,1,1,0, 16457
24,16469,1,1,1, 16470
31,16476,2,2,1, 16478
2,16483,2,2,1, 16485
1,16486,1,1,0, 16487
8,16496,1,1,1, 16497
24,16509,1,1,0, 16510
25,16515,2,2,1, 16517
1,16526,1,1,1, 16527
8,16536,1,1,1, 16537
24,16549,1,1,1, 16550
25,16555,2,2,1, 16557
31,16556,2,2,1, 16558
1,16566,1,1,1, 16567
8,16576,1,1,0, 16577
16,16579,2,2,1, 16581
15,16581,2,2,1, 16583
1,16606,1,1,0, 16607
8,16616,1,1,1, 16617
16,16619,2,2,1, 16621
25,16635,2,2,1, 16637
1,16646,1,1,1, 16647
8,16656,1,1,0, 16657
24,16669,1,1,0, 16670
25,16675,2,2,1, 16677
24,16709,1,1,0, 16710
31,16716,2,2,1, 16718
24,16749,1,1,1, 16750
24,16789,1,1,0, 16790
25,16795,2,2,1, 16797
1,16806,1,1,1, 16807
8,16816,1,1,0, 16817
16,16819,2,2,1, 16821
2,16843,2,2,1, 16845
1,16846,1,1,1, 16847
8,16856,1,1,1, 16857
1,16886,1,1,1, 16887
8,16896,1,1,0, 16897
24,16909,1,1,0, 16910
23,16908,3,3,1, 16911
25,16915,2,2,1, 16917
1,16926,1,1,0, 16927
16,16939,2,2,1, 16941
24,16949,1,1,1, 16950
1,16966,1,1,1, 16967
16,16979,2,2,1, 16981
24,16989,1,1,1, 16990
31,16996,2,2,1, 16998
1,17006,1,1,0, 17007
24,17029,1,1,1, 17030
1,17046,1,1,1, 17047
8,17056,1,1,0, 17057
25,17075,2,2,1, 17077
1,17086,1,1,0, 17087
8,17096,1,1,1, 17097
1,17126,1,1,0, 17127
8,17136,1,1,0, 17137
24,17149,1,1,0, 17150
31,17156,2,2,1, 17158
2,17163,2,2,1, 17165
1,17166,1,1,1, 17167
8,17176,1,1,1, 17177
15,17181,2,2,1, 17183
24,17189,1,1,0, 17190
31,17196,2,2,1, 17198
2,17203,2,2,1, 17205
1,17206,1,1,1, 17207
8,17216,1,1,1, 17217
16,17219,2,2,1, 17221
15,17221,2,2,1, 17223
24,17229,1,1,1, 17230
31,17236,2,2,1, 17238
2,17243,2,2,1, 17245
1,17246,1,1,1, 17247
8,17256,1,1,1, 17257
16,17259,2,2,1, 17261
24,17269,1,1,0, 17270
31,17276,2,2,1, 17278
1,17286,1,1,1, 17287
25,17315,2,2,1, 17317
1,17326,1,1,0, 17327
1,17366,1,1,0, 17367
1,17406,1,1,0, 17407
8,17416,1,1,0, 17417
24,17429,1,1,0, 17430
31,17436,2,2,1, 17438
2,17443,2,2,1, 17445
1,17446,1,1,0, 17447
8,17456,1,1,0, 17457
24,17469,1,1,0, 17470
1,17486,1,1,1, 17487
8,17496,1,1,0, 17497
24,17509,1,1,0, 17510
2,17523,2,2,1, 17525
1,17526,1,1,1, 17527
24,17549,1,1,0, 17550
31,17556,2,2,1, 17558
1,17566,1,1,1, 17567
1,17606,1,1,0, 17607
23,17628,3,3,1, 17631
1,17646,1,1,0, 17647
8,17656,1,1,0, 17657
2,17683,2,2,1, 17685
1,17686,1,1,1, 17687
8,17696,1,1,1, 17697
24,17709,1,1,0, 17710
1,17726,1,1,1, 17727
8,17736,1,1,0, 17737
16,17739,2,2,1, 17741
24,17749,1,1,0, 17750
25,17755,2,2,1, 17757
1,17766,1,1,0, 17767
8,17776,1,1,0, 17777
16,17779,2,2,1, 17781
24,17789,1,1,1, 17790
31,17796,2,2,1, 17798
1,17806,1,1,1, 17807
8,17816,1,1,1, 17817
24,17829,1,1,1, 17830
1,17846,1,1,1, 17847
8,17856,1,1,1, 17857
24,17869,1,1,0, 17870
1,17886,1,1,0, 17887
8,17896,1,1,0, 17897
24,17909,1,1,1, 17910
1,17926,1,1,0, 17927
8,17936,1,1,0, 17937
24,17949,1,1,1, 17950
1,17966,1,1,0, 17967
8,17976,1,1,1, 17977
24,17989,1,1,1, 17990
25,17995,2,2,1, 17997
31,17996,2,2,1, 17998
1,18006,1,1,0, 18007
24,18029,1,1,0, 18030
1,18046,1,1,0, 18047
24,18069,1,1,0, 18070
1,18086,1,1,1, 18087
24,18109,1,1,1, 18110
25,18115,2,2,1, 18117
1,18126,1,1,1, 18127
8,18136,1,1,1, 18137
17,18139,3,3,1, 18142
25,18155,2,2,1, 18157
1,18166,1,1,0, 18167
8,18176,1,1,0, 18177
9,18177,2,2,1, 18179
16,18179,2,2,1, 18181
17,18179,3,3,1, 18182
1,18206,1,1,0, 18207
8,18216,1,1,0, 18217
24,18229,1,1,1, 18230
1,18246,1,1,1, 18247
8,18256,1,1,1, 18257
24,18269,1,1,1, 18270
31,18276,2,2,1, 18278
1,18286,1,1,0, 18287
8,18296,1,1,1, 18297
9,18297,2,2,1, 18299
17,18299,3,3,1, 18302
24,18309,1,1,0, 18310
31,18316,2,2,1, 18318
1,18326,1,1,0, 18327
8,18336,1,1,1, 18337
24,18349,1,1,1, 18350
1,18366,1,1,1, 18367
8,18376,1,1,1, 18377
16,18379,2,2,1, 18381
24,18389,1,1,1, 18390
25,18395,2,2,1, 18397
31,18396,2,2,1, 18398
1,18406,1,1,1, 18407
8,18416,1,1,0, 18417
17,18419,3,3,1, 18422
1,18446,1,1,0, 18447
25,18475,2,2,1, 18477
2,18483,2,2,1, 18485
1,18486,1,1,1, 18487
8,18496,1,1,0, 18497
16,18499,2,2,1, 18501
15,18501,2,2,1, 18503
1,18526,1,1,0, 18527
8,18536,1,1,0, 18537
16,18539,2,2,1, 18541
24,18549,1,1,0, 18550
31,18556,2,2,1, 18558
1,18566,1,1,0, 18567
24,18589,1,1,0, 18590
1,18606,1,1,0, 18607
16,18619,2,2,1, 18621
24,18629,1,1,0, 18630
31,18636,2,2,1, 18638
2,18643,2,2,1, 18645
1,18646,1,1,1, 18647
8,18656,1,1,1, 18657
17,18659,3,3,1, 18662
15,18661,2,2,1, 18663
25,18675,2,2,1, 18677
2,18683,2,2,1, 18685
1,18686,1,1,0, 18687
8,18696,1,1,0, 18697
16,18699,2,2,1, 18701
15,18701,2,2,1, 18703
1,18726,1,1,0, 18727
8,18736,1,1,1, 18737
1,18766,1,1,0, 18767
8,18776,1,1,1, 18777
16,18779,2,2,1, 18781
17,18779,3,3,1, 18782
24,18789,1,1,1, 18790
25,18795,2,2,1, 18797
1,18806,1,1,0, 18807
24,18829,1,1,1, 18830
31,18836,2,2,1, 18838
2,18843,2,2,1, 18845
1,18846,1,1,0, 18847
8,18856,1,1,0, 18857
16,18859,2,2,1, 18861
24,18869,1,1,0, 18870
2,18883,2,2,1, 18885
1,18886,1,1,0, 18887
8,18896,1,1,0, 18897
24,18909,1,1,1, 18910
31,18916,2,2,1, 18918
1,18926,1,1,1, 18927
8,18936,1,1,0, 18937
24,18949,1,1,1, 18950
1,18966,1,1,0, 18967
8,18976,1,1,0, 18977
16,18979,2,2,1, 18981
25,18995,2,2,1, 18997
1,19006,1,1,1, 19007
8,19016,1,1,1, 19017
1,19046,1,1,1, 19047
8,19056,1,1,0, 19057
15,19061,2,2,1, 19063
24,19069,1,1,1, 19070
31,19076,2,2,1, 19078
2,19083,2,2,1, 19085
1,19086,1,1,0, 19087
8,19096,1,1,1, 19097
24,19109,1,1,0, 19110
31,19116,2,2,1, 19118
1,19126,1,1,0, 19127
8,19136,1,1,0, 19137
24,19149,1,1,0, 19150
31,19156,2,2,1, 19158
1,19166,1,1,1, 19167
8,19176,1,1,1, 19177
24,19189,1,1,0, 19190
1,19206,1,1,1, 19207
8,19216,1,1,1, 19217
25,19235,2,2,1, 19237
1,19246,1,1,0, 19247
8,19256,1,1,1, 19257
25,19275,2,2,1, 19277
2,19283,2,2,1, 19285
1,19286,1,1,0, 19287
8,19296,1,1,1, 19297
24,19309,1,1,0, 19310
1,19326,1,1,1, 19327
8,19336,1,1,0, 19337
24,19349,1,1,1, 19350
1,19366,1,1,0, 19367
8,19376,1,1,1, 19377
15,19381,2,2,1, 19383
25,19395,2,2,1, 19397
1,19406,1,1,0, 19407
8,19416,1,1,1, 19417
16,19419,2,2,1, 19421
15,19421,2,2,1, 19423
25,19435,2,2,1, 19437
2,19443,2,2,1, 19445
1,19446,1,1,0, 19447
1,19486,1,1,1, 19487
16,19499,2,2,1, 19501
24,19509,1,1,0, 19510
25,19515,2,2,1, 19517
31,19516,2,2,1, 19518
1,19526,1,1,1, 19527
16,19539,2,2,1, 19541
24,19549,1,1,1, 19550
31,19556,2,2,1, 19558
2,19563,2,2,1, 19565
1,19566,1,1,1, 19567
8,19576,1,1,1, 19577
2,19603,2,2,1, 19605
1,19606,1,1,0, 19607
8,19616,1,1,0, 19617
1,19646,1,1,0, 19647
8,19656,1,1,0, 19657
24,19669,1,1,0, 19670
25,19675,2,2,1, 19677
31,19676,2,2,1, 19678
1,19686,1,1,0, 19687
8,19696,1,1,0, 19697
24,19709,1,1,0, 19710
25,19715,2,2,1, 19717
1,19726,1,1,0, 19727
8,19736,1,1,1, 19737
1,19766,1,1,0, 19767
8,19776,1,1,0, 19777
16,19779,2,2,1, 19781
1,19806,1,1,1, 19807
8,19816,1,1,0, 19817
16,19819,2,2,1, 19821
1,19846,1,1,0, 19847
8,19856,1,1,1, 19857
16,19859,2,2,1, 19861
24,19869,1,1,1, 19870
31,19876,2,2,1, 19878
1,19886,1,1,1, 19887
8,19896,1,1,0, 19897
15,19901,2,2,1, 19903
24,19909,1,1,0, 19910
1,19926,1,1,1, 19927
24,19949,1,1,0, 19950
2,19963,2,2,1, 19965
1,19966,1,1,1, 19967
9,19977,2,2,1, 19979
17,19979,3,3,1, 19982
24,19989,1,1,0, 19990
1,20006,1,1,0, 20007
8,20016,1,1,0, 20017
16,20019,2,2,1, 20021
24,20029,1,1,0, 20030
31,20036,2,2,1, 20038
1,20046,1,1,0, 20047
8,20056,1,1,0, 20057
9,20057,2,2,1, 20059
16,20059,2,2,1, 20061
1,20086,1,1,0, 20087
8,20096,1,1,0, 20097
16,20099,2,2,1, 20101
25,20115,2,2,1, 20117
2,20123,2,2,1, 20125
1,20126,1,1,1, 20127
24,20149,1,1,1, 20150
31,20156,2,2,1, 20158
1,20166,1,1,1, 20167
8,20176,1,1,1, 20177
9,20177,2,2,1, 20179
16,20179,2,2,1, 20181
17,20179,3,3,1, 20182
24,20189,1,1,1, 20190
31,20196,2,2,1, 20198
1,20206,1,1,1, 20207
8,20216,1,1,1, 20217
9,20217,2,2,1, 20219
16,20219,2,2,1, 20221
17,20219,3,3,1, 20222
24,20229,1,1,1, 20230
31,20236,2,2,1, 20238
1,20246,1,1,1, 20247
8,20256,1,1,1, 20257
24,20269,1,1,1, 20270
31,20276,2,2,1, 20278
2,20283,2,2,1, 20285
1,20286,1,1,0, 20287
8,20296,1,1,0, 20297
24,20309,1,1,0, 20310
25,20315,2,2,1, 20317
2,20323,2,2,1, 20325
1,20326,1,1,1, 20327
8,20336,1,1,0, 20337
8,20376,1,1,0, 20377
16,20379,2,2,1, 20381
15,20381,2,2,1, 20383
8,20416,1,1,1, 20417
16,20419,2,2,1, 20421
1,20446,1,1,1, 20447
8,20456,1,1,1, 20457
16,20459,2,2,1, 20461
24,20469,1,1,1, 20470
31,20476,2,2,1, 20478
1,20486,1,1,0, 20487
16,20499,2,2,1, 20501
24,20509,1,1,0, 20510
1,20526,1,1,1, 20527
24,20549,1,1,0, 20550
31,20556,2,2,1, 20558
1,20566,1,1,1, 20567
8,20576,1,1,0, 20577
9,20577,2,2,1, 20579
16,20579,2,2,1, 20581
17,20579,3,3,1, 20582
1,20606,1,1,1, 20607
1,20646,1,1,0, 20647
25,20675,2,2,1, 20677
1,20686,1,1,0, 20687
8,20696,1,1,1, 20697
17,20699,3,3,1, 20702
24,20709,1,1,1, 20710
1,20726,1,1,1, 20727
8,20736,1,1,0, 20737
24,20749,1,1,1, 20750
31,20756,2,2,1, 20758
1,20766,1,1,1, 20767
8,20776,1,1,1, 20777
24,20789,1,1,1, 20790
31,20796,2,2,1, 20798
1,20806,1,1,0, 20807
8,20816,1,1,1, 20817
9,20817,2,2,1, 20819
16,20819,2,2,1, 20821
17,20819,3,3,1, 20822
24,20829,1,1,1, 20830
25,20835,2,2,1, 20837
2,20843,2,2,1, 20845
1,20846,1,1,0, 20847
8,20856,1,1,0, 20857
24,20869,1,1,0, 20870
31,20876,2,2,1, 20878
1,20886,1,1,1, 20887
8,20896,1,1,0, 20897
1,20926,1,1,1, 20927
8,20936,1,1,0, 20937
9,20937,2,2,1, 20939
1,20966,1,1,1, 20967
24,20989,1,1,0, 20990
2,21003,2,2,1, 21005
1,21006,1,1,0, 21007
16,21019,2,2,1, 21021
24,21029,1,1,1, 21030
25,21035,2,2,1, 21037
2,21043,2,2,1, 21045
1,21046,1,1,0, 21047
8,21056,1,1,0, 21057
9,21057,2,2,1, 21059
16,21059,2,2,1, 21061
24,21069,1,1,1, 21070
1,21086,1,1,0, 21087
8,21096,1,1,0, 21097
24,21109,1,1,0, 21110
1,21126,1,1,0, 21127
8,21136,1,1,1, 21137
24,21149,1,1,0, 21150
31,21156,2,2,1, 21158
1,21166,1,1,1, 21167
8,21176,1,1,1, 21177
9,21177,2,2,1, 21179
24,21189,1,1,1, 21190
25,21195,2,2,1, 21197
31,21196,2,2,1, 21198
1,21206,1,1,0, 21207
8,21216,1,1,0, 21217
15,21221,2,2,1, 21223
24,21229,1,1,0, 21230
25,21235,2,2,1, 21237
31,21236,2,2,1, 21238
1,21246,1,1,1, 21247
8,21256,1,1,1, 21257
16,21259,2,2,1, 21261
1,21286,1,1,0, 21287
8,21296,1,1,1, 21297
1,21326,1,1,1, 21327
8,21336,1,1,0, 21337
16,21339,2,2,1, 21341
8,21376,1,1,0, 21377
24,21389,1,1,1, 21390
8,21416,1,1,0, 21417
24,21429,1,1,0, 21430
25,21435,2,2,1, 21437
8,21456,1,1,0, 21457
24,21469,1,1,0, 21470
31,21476,2,2,1, 21478
1,21486,1,1,0, 21487
8,21496,1,1,1, 21497
16,21499,2,2,1, 21501
1,21526,1,1,0, 21527
8,21536,1,1,1, 21537
1,21566,1,1,1, 21567
8,21576,1,1,0, 21577
24,21589,1,1,1, 21590
1,21606,1,1,1, 21607
16,21619,2,2,1, 21621
24,21629,1,1,0, 21630
2,21643,2,2,1, 21645
1,21646,1,1,1, 21647
16,21659,2,2,1, 21661
25,21675,2,2,1, 21677
1,21686,1,1,0, 21687
1,21726,1,1,0, 21727
8,21736,1,1,0, 21737
15,21741,2,2,1, 21743
1,21766,1,1,0, 21767
8,21776,1,1,0, 21777
16,21779,2,2,1, 21781
24,21789,1,1,1, 21790
25,21795,2,2,1, 21797
31,21796,2,2,1, 21798
1,21806,1,1,1, 21807
8,21816,1,1,1, 21817
24,21829,1,1,0, 21830
31,21836,2,2,1, 21838
1,21846,1,1,0, 21847
8,21856,1,1,0, 21857
24,21869,1,1,0, 21870
31,21876,2,2,1, 21878
2,21883,2,2,1, 21885
1,21886,1,1,1, 21887
8,21896,1,1,0, 21897
16,21899,2,2,1, 21901
24,21909,1,1,1, 21910
31,21916,2,2,1, 21918
2,21923,2,2,1, 21925
1,21926,1,1,0, 21927
8,21936,1,1,1, 21937
24,21949,1,1,1, 21950
1,21966,1,1,1, 21967
8,21976,1,1,1, 21977
24,21989,1,1,0, 21990
25,21995,2,2,1, 21997
1,22006,1,1,1, 22007
8,22016,1,1,0, 22017
1,22046,1,1,0, 22047
8,22056,1,1,1, 22057
16,22059,2,2,1, 22061
1,22086,1,1,1, 22087
8,22096,1,1,1, 22097
16,22099,2,2,1, 22101
25,22115,2,2,1, 22117
1,22126,1,1,1, 22127
8,22136,1,1,0, 22137
16,22139,2,2,1, 22141
24,22149,1,1,0, 22150
25,22155,2,2,1, 22157
1,22166,1,1,1, 22167
24,22189,1,1,0, 22190
31,22196,2,2,1, 22198
1,22206,1,1,0, 22207
8,22216,1,1,1, 22217
9,22217,2,2,1, 22219
24,22229,1,1,1, 22230
31,22236,2,2,1, 22238
1,22246,1,1,0, 22247
8,22256,1,1,1, 22257
16,22259,2,2,1, 22261
1,22366,1,1,1, 22367
8,22376,1,1,0, 22377
16,22379,2,2,1, 22381
24,22389,1,1,1, 22390
1,22406,1,1,0, 22407
8,22416,1,1,1, 22417
9,22417,2,2,1, 22419
16,22419,2,2,1, 22421
24,22429,1,1,0, 22430
1,22446,1,1,1, 22447
8,22456,1,1,0, 22457
16,22459,2,2,1, 22461
24,22469,1,1,0, 22470
31,22476,2,2,1, 22478
1,22486,1,1,0, 22487
8,22496,1,1,0, 22497
25,22515,2,2,1, 22517
1,22526,1,1,0, 22527
2,22563,2,2,1, 22565
1,22566,1,1,1, 22567
25,22595,2,2,1, 22597
1,22606,1,1,0, 22607
8,22616,1,1,1, 22617
15,22621,2,2,1, 22623
24,22629,1,1,0, 22630
1,22646,1,1,0, 22647
8,22656,1,1,0, 22657
15,22661,2,2,1, 22663
24,22669,1,1,1, 22670
31,22676,2,2,1, 22678
1,22686,1,1,0, 22687
8,22696,1,1,1, 22697
15,22701,2,2,1, 22703
24,22709,1,1,0, 22710
31,22716,2,2,1, 22718
1,22726,1,1,1, 22727
8,22736,1,1,0, 22737
17,22739,3,3,1, 22742
2,22763,2,2,1, 22765
1,22766,1,1,0, 22767
1,22806,1,1,1, 22807
25,22835,2,2,1, 22837
1,22846,1,1,0, 22847
8,22856,1,1,1, 22857
17,22859,3,3,1, 22862
24,22869,1,1,1, 22870
31,22876,2,2,1, 22878
1,22886,1,1,1, 22887
8,22896,1,1,0, 22897
24,22909,1,1,1, 22910
31,22916,2,2,1, 22918
1,22926,1,1,0, 22927
8,22936,1,1,0, 22937
24,22949,1,1,1, 22950
1,22966,1,1,0, 22967
8,22976,1,1,1, 22977
9,22977,2,2,1, 22979
16,22979,2,2,1, 22981
24,22989,1,1,0, 22990
1,23006,1,1,0, 23007
24,23029,1,1,0, 23030
1,23046,1,1,1, 23047
8,23056,1,1,1, 23057
16,23059,2,2,1, 23061
25,23075,2,2,1, 23077
1,23086,1,1,0, 23087
8,23096,1,1,1, 23097
9,23097,2,2,1, 23099
17,23099,3,3,1, 23102
1,23126,1,1,0, 23127
8,23136,1,1,1, 23137
16,23139,2,2,1, 23141
24,23149,1,1,1, 23150
31,23156,2,2,1, 23158
1,23166,1,1,0, 23167
8,23176,1,1,1, 23177
15,23181,2,2,1, 23183
24,23189,1,1,0, 23190
1,23206,1,1,1, 23207
8,23216,1,1,1, 23217
16,23219,2,2,1, 23221
17,23219,3,3,1, 23222
24,23229,1,1,1, 23230
31,23236,2,2,1, 23238
1,23246,1,1,0, 23247
9,23257,2,2,1, 23259
16,23259,2,2,1, 23261
17,23259,3,3,1, 23262
24,23269,1,1,0, 23270
31,23276,2,2,1, 23278
1,23286,1,1,1, 23287
25,23315,2,2,1, 23317
2,23323,2,2,1, 23325
1,23326,1,1,0, 23327
8,23336,1,1,0, 23337
1,23366,1,1,1, 23367
8,23376,1,1,1, 23377
16,23379,2,2,1, 23381
24,23389,1,1,1, 23390
1,23406,1,1,1, 23407
8,23416,1,1,0, 23417
24,23429,1,1,1, 23430
1,23446,1,1,0, 23447
8,23456,1,1,0, 23457
16,23459,2,2,1, 23461
24,23469,1,1,1, 23470
2,23483,2,2,1, 23485
1,23486,1,1,1, 23487
8,23496,1,1,0, 23497
24,23509,1,1,1, 23510
2,23523,2,2,1, 23525
1,23526,1,1,1, 23527
8,23536,1,1,1, 23537
24,23549,1,1,1, 23550
2,23563,2,2,1, 23565
1,23566,1,1,0, 23567
8,23576,1,1,0, 23577
24,23589,1,1,1, 23590
1,23606,1,1,0, 23607
8,23616,1,1,1, 23617
16,23619,2,2,1, 23621
24,23629,1,1,1, 23630
25,23635,2,2,1, 23637
31,23636,2,2,1, 23638
8,23656,1,1,0, 23657
16,23659,2,2,1, 23661
8,23696,1,1,0, 23697
16,23699,2,2,1, 23701
8,23736,1,1,0, 23737
16,23739,2,2,1, 23741
25,23755,2,2,1, 23757
2,23763,2,2,1, 23765
1,23766,1,1,0, 23767
8,23776,1,1,1, 23777
16,23779,2,2,1, 23781
24,23789,1,1,0, 23790
25,23795,2,2,1, 23797
31,23796,2,2,1, 23798
1,23806,1,1,1, 23807
8,23816,1,1,1, 23817
1,23846,1,1,1, 23847
8,23856,1,1,0, 23857
16,23859,2,2,1, 23861
1,23886,1,1,0, 23887
1,23926,1,1,1, 23927
25,23955,2,2,1, 23957
2,23963,2,2,1, 23965
1,23966,1,1,1, 23967
8,23976,1,1,1, 23977
9,23977,2,2,1, 23979
24,23989,1,1,1, 23990
8,24016,1,1,1, 24017
24,24029,1,1,1, 24030
31,24036,2,2,1, 24038
8,24056,1,1,1, 24057
16,24059,2,2,1, 24061
24,24069,1,1,0, 24070
24,24109,1,1,1, 24110
1,24126,1,1,1, 24127
24,24149,1,1,0, 24150
1,24166,1,1,1, 24167
8,24176,1,1,1, 24177
16,24179,2,2,1, 24181
17,24179,3,3,1, 24182
25,24195,2,2,1, 24197
1,24206,1,1,1, 24207
8,24216,1,1,0, 24217
16,24219,2,2,1, 24221
1,24246,1,1,0, 24247
8,24256,1,1,1, 24257
1,24286,1,1,0, 24287
8,24296,1,1,1, 24297
17,24299,3,3,1, 24302
24,24309,1,1,1, 24310
2,24323,2,2,1, 24325
1,24326,1,1,1, 24327
8,24336,1,1,0, 24337
24,24349,1,1,1, 24350
31,24356,2,2,1, 24358
1,24366,1,1,1, 24367
8,24376,1,1,0, 24377
24,24389,1,1,1, 24390
31,24396,2,2,1, 24398
1,24406,1,1,0, 24407
8,24416,1,1,0, 24417
16,24419,2,2,1, 24421
24,24429,1,1,0, 24430
25,24435,2,2,1, 24437
1,24446,1,1,1, 24447
24,24469,1,1,1, 24470
25,24475,2,2,1, 24477
31,24476,2,2,1, 24478
1,24486,1,1,1, 24487
1,24526,1,1,0, 24527
8,24536,1,1,0, 24537
9,24537,2,2,1, 24539
16,24539,2,2,1, 24541
1,24566,1,1,0, 24567
8,24576,1,1,0, 24577
16,24579,2,2,1, 24581
24,24589,1,1,0, 24590
1,24606,1,1,0, 24607
8,24616,1,1,0, 24617
24,24629,1,1,1, 24630
25,24635,2,2,1, 24637
31,24636,2,2,1, 24638
2,24643,2,2,1, 24645
1,24646,1,1,1, 24647
8,24656,1,1,0, 24657
24,24669,1,1,1, 24670
31,24676,2,2,1, 24678
2,24683,2,2,1, 24685
1,24686,1,1,1, 24687
8,24696,1,1,1, 24697
24,24709,1,1,1, 24710
1,24726,1,1,0, 24727
8,24736,1,1,0, 24737
24,24749,1,1,1, 24750
31,24756,2,2,1, 24758
2,24763,2,2,1, 24765
1,24766,1,1,1, 24767
8,24776,1,1,1, 24777
17,24779,3,3,1, 24782
24,24789,1,1,0, 24790
31,24796,2,2,1, 24798
1,24806,1,1,1, 24807
8,24816,1,1,0, 24817
24,24829,1,1,0, 24830
1,24846,1,1,0, 24847
8,24856,1,1,1, 24857
24,24869,1,1,0, 24870
1,24886,1,1,0, 24887
8,24896,1,1,1, 24897
16,24899,2,2,1, 24901
17,24899,3,3,1, 24902
24,24909,1,1,1, 24910
1,24926,1,1,1, 24927
8,24936,1,1,1, 24937
24,24949,1,1,1, 24950
31,24956,2,2,1, 24958
1,24966,1,1,1, 24967
8,24976,1,1,1, 24977
16,24979,2,2,1, 24981
25,24995,2,2,1, 24997
1,25006,1,1,0, 25007
8,25016,1,1,1, 25017
25,25035,2,2,1, 25037
1,25046,1,1,0, 25047
25,25075,2,2,1, 25077
1,25086,1,1,1, 25087
24,25109,1,1,0, 25110
25,25115,2,2,1, 25117
2,25123,2,2,1, 25125
1,25126,1,1,1, 25127
8,25136,1,1,0, 25137
9,25137,2,2,1, 25139
16,25139,2,2,1, 25141
24,25149,1,1,0, 25150
31,25156,2,2,1, 25158
1,25166,1,1,0, 25167
24,25189,1,1,0, 25190
25,25195,2,2,1, 25197
1,25206,1,1,1, 25207
24,25229,1,1,0, 25230
31,25236,2,2,1, 25238
1,25246,1,1,0, 25247
8,25256,1,1,1, 25257
9,25257,2,2,1, 25259
17,25259,3,3,1, 25262
2,25283,2,2,1, 25285
1,25286,1,1,0, 25287
8,25296,1,1,0, 25297
16,25299,2,2,1, 25301
1,25326,1,1,1, 25327
8,25336,1,1,1, 25337
16,25339,2,2,1, 25341
1,25366,1,1,1, 25367
8,25376,1,1,1, 25377
16,25379,2,2,1, 25381
17,25379,3,3,1, 25382
24,25389,1,1,0, 25390
1,25406,1,1,0, 25407
16,25419,2,2,1, 25421
24,25429,1,1,0, 25430
31,25436,2,2,1, 25438
1,25446,1,1,1, 25447
25,25475,2,2,1, 25477
2,25483,2,2,1, 25485
1,25486,1,1,1, 25487
8,25496,1,1,0, 25497
9,25497,2,2,1, 25499
16,25499,2,2,1, 25501
17,25499,3,3,1, 25502
8,25536,1,1,0, 25537
24,25549,1,1,1, 25550
31,25556,2,2,1, 25558
1,25566,1,1,1, 25567
8,25576,1,1,0, 25577
16,25579,2,2,1, 25581
24,25589,1,1,0, 25590
25,25595,2,2,1, 25597
31,25596,2,2,1, 25598
2,25603,2,2,1, 25605
1,25606,1,1,1, 25607
8,25616,1,1,0, 25617
9,25617,2,2,1, 25619
16,25619,2,2,1, 25621
8,25656,1,1,0, 25657
8,25696,1,1,0, 25697
2,25723,2,2,1, 25725
1,25726,1,1,0, 25727
8,25736,1,1,1, 25737
24,25749,1,1,0, 25750
1,25766,1,1,0, 25767
8,25776,1,1,0, 25777
24,25789,1,1,0, 25790
1,25806,1,1,0, 25807
8,25816,1,1,0, 25817
16,25819,2,2,1, 25821
15,25821,2,2,1, 25823
1,25846,1,1,0, 25847
8,25856,1,1,1, 25857
17,25859,3,3,1, 25862
1,25886,1,1,1, 25887
24,25909,1,1,1, 25910
31,25916,2,2,1, 25918
1,25926,1,1,0, 25927
8,25936,1,1,1, 25937
16,25939,2,2,1, 25941
24,25949,1,1,0, 25950
2,25963,2,2,1, 25965
1,25966,1,1,0, 25967
8,25976,1,1,0, 25977
16,25979,2,2,1, 25981
1,26006,1,1,1, 26007
8,26016,1,1,1, 26017
1,26046,1,1,1, 26047
8,26056,1,1,0, 26057
2,26083,2,2,1, 26085
1,26086,1,1,0, 26087
8,26096,1,1,1, 26097
16,26099,2,2,1, 26101
24,26109,1,1,1, 26110
2,26123,2,2,1, 26125
1,26126,1,1,0, 26127
8,26136,1,1,0, 26137
24,26149,1,1,1, 26150
25,26155,2,2,1, 26157
1,26166,1,1,0, 26167
8,26176,1,1,0, 26177
1,26206,1,1,1, 26207
8,26216,1,1,0, 26217
16,26219,2,2,1, 26221
1,26246,1,1,1, 26247
8,26256,1,1,0, 26257
24,26269,1,1,0, 26270
25,26275,2,2,1, 26277
2,26283,2,2,1, 26285
1,26286,1,1,1, 26287
8,26296,1,1,1, 26297
24,26309,1,1,1, 26310
25,26315,2,2,1, 26317
31,26316,2,2,1, 26318
1,26326,1,1,1, 26327
8,26336,1,1,1, 26337
15,26341,2,2,1, 26343
24,26349,1,1,0, 26350
25,26355,2,2,1, 26357
31,26356,2,2,1, 26358
1,26366,1,1,1, 26367
8,26376,1,1,1, 26377
24,26389,1,1,1, 26390
1,26406,1,1,1, 26407
2,26443,2,2,1, 26445
1,26446,1,1,1, 26447
2,26483,2,2,1, 26485
1,26486,1,1,1, 26487
24,26509,1,1,0, 26510
25,26515,2,2,1, 26517
31,26516,2,2,1, 26518
8,26536,1,1,1, 26537
9,26537,2,2,1, 26539
16,26539,2,2,1, 26541
24,26549,1,1,0, 26550
25,26555,2,2,1, 26557
8,26576,1,1,0, 26577
16,26579,2,2,1, 26581
1,26646,1,1,1, 26647
25,26675,2,2,1, 26677
1,26686,1,1,0, 26687
24,26709,1,1,1, 26710
1,26726,1,1,0, 26727
24,26749,1,1,1, 26750
25,26755,2,2,1, 26757
31,26756,2,2,1, 26758
2,26763,2,2,1, 26765
1,26766,1,1,1, 26767
8,26776,1,1,0, 26777
16,26779,2,2,1, 26781
24,26789,1,1,1, 26790
1,26806,1,1,1, 26807
8,26816,1,1,0, 26817
24,26829,1,1,1, 26830
31,26836,2,2,1, 26838
1,26846,1,1,0, 26847
8,26856,1,1,0, 26857
24,26869,1,1,1, 26870
31,26876,2,2,1, 26878
1,26886,1,1,1, 26887
8,26896,1,1,0, 26897
9,26897,2,2,1, 26899
17,26899,3,3,1, 26902
24,26909,1,1,1, 26910
31,26916,2,2,1, 26918
1,26926,1,1,0, 26927
8,26936,1,1,0, 26937
17,26939,3,3,1, 26942
25,26955,2,2,1, 26957
2,26963,2,2,1, 26965
1,26966,1,1,0, 26967
8,26976,1,1,1, 26977
25,26995,2,2,1, 26997
2,27003,2,2,1, 27005
1,27006,1,1,0, 27007
8,27016,1,1,1, 27017
25,27035,2,2,1, 27037
1,27046,1,1,0, 27047
8,27056,1,1,1, 27057
9,27057,2,2,1, 27059
16,27059,2,2,1, 27061
24,27069,1,1,0, 27070
8,27096,1,1,1, 27097
24,27109,1,1,0, 27110
8,27136,1,1,0, 27137
16,27139,2,2,1, 27141
24,27149,1,1,0, 27150
31,27156,2,2,1, 27158
1,27166,1,1,1, 27167
8,27176,1,1,0, 27177
16,27179,2,2,1, 27181
1,27206,1,1,1, 27207
8,27216,1,1,1, 27217
2,27243,2,2,1, 27245
1,27246,1,1,1, 27247
8,27256,1,1,1, 27257
15,27261,2,2,1, 27263
25,27275,2,2,1, 27277
1,27286,1,1,0, 27287
8,27296,1,1,1, 27297
24,27309,1,1,0, 27310
8,27336,1,1,0, 27337
24,27349,1,1,0, 27350
25,27355,2,2,1, 27357
8,27376,1,1,1, 27377
24,27389,1,1,1, 27390
31,27396,2,2,1, 27398
1,27406,1,1,0, 27407
8,27416,1,1,0, 27417
9,27417,2,2,1, 27419
16,27419,2,2,1, 27421
17,27419,3,3,1, 27422
1,27446,1,1,1, 27447
8,27456,1,1,0, 27457
1,27486,1,1,0, 27487
8,27496,1,1,1, 27497
1,27526,1,1,0, 27527
8,27536,1,1,1, 27537
9,27537,2,2,1, 27539
16,27539,2,2,1, 27541
17,27539,3,3,1, 27542
24,27549,1,1,1, 27550
31,27556,2,2,1, 27558
1,27566,1,1,1, 27567
8,27576,1,1,0, 27577
16,27579,2,2,1, 27581
24,27589,1,1,1, 27590
25,27595,2,2,1, 27597
1,27606,1,1,0, 27607
8,27616,1,1,1, 27617
1,27646,1,1,0, 27647
8,27656,1,1,1, 27657
16,27659,2,2,1, 27661
17,27659,3,3,1, 27662
1,27686,1,1,1, 27687
24,27709,1,1,1, 27710
31,27716,2,2,1, 27718
1,27726,1,1,0, 27727
24,27749,1,1,0, 27750
25,27755,2,2,1, 27757
1,27766,1,1,0, 27767
8,27776,1,1,0, 27777
9,27777,2,2,1, 27779
16,27779,2,2,1, 27781
24,27789,1,1,0, 27790
1,27806,1,1,0, 27807
8,27816,1,1,0, 27817
24,27829,1,1,1, 27830
31,27836,2,2,1, 27838
1,27846,1,1,0, 27847
8,27856,1,1,1, 27857
24,27869,1,1,1, 27870
31,27876,2,2,1, 27878
1,27886,1,1,1, 27887
8,27896,1,1,1, 27897
16,27899,2,2,1, 27901
1,27926,1,1,1, 27927
25,27955,2,2,1, 27957
2,27963,2,2,1, 27965
1,27966,1,1,0, 27967
2,28003,2,2,1, 28005
1,28006,1,1,1, 28007
8,28016,1,1,0, 28017
24,28029,1,1,0, 28030
25,28035,2,2,1, 28037
31,28036,2,2,1, 28038
1,28046,1,1,0, 28047
8,28056,1,1,1, 28057
24,28069,1,1,1, 28070
25,28075,2,2,1, 28077
31,28076,2,2,1, 28078
1,28086,1,1,0, 28087
8,28096,1,1,1, 28097
24,28109,1,1,0, 28110
1,28126,1,1,0, 28127
8,28136,1,1,1, 28137
9,28137,2,2,1, 28139
1,28166,1,1,1, 28167
1,28206,1,1,0, 28207
1,28246,1,1,1, 28247
8,28256,1,1,1, 28257
16,28259,2,2,1, 28261
24,28269,1,1,0, 28270
25,28275,2,2,1, 28277
31,28276,2,2,1, 28278
1,28286,1,1,0, 28287
8,28296,1,1,1, 28297
24,28309,1,1,1, 28310
25,28315,2,2,1, 28317
1,28326,1,1,1, 28327
8,28336,1,1,1, 28337
24,28349,1,1,0, 28350
31,28356,2,2,1, 28358
2,28363,2,2,1, 28365
1,28366,1,1,0, 28367
8,28376,1,1,0, 28377
24,28389,1,1,1, 28390
31,28396,2,2,1, 28398
1,28406,1,1,1, 28407
8,28416,1,1,0, 28417
15,28421,2,2,1, 28423
24,28429,1,1,1, 28430
1,28446,1,1,0, 28447
8,28456,1,1,0, 28457
16,28459,2,2,1, 28461
24,28469,1,1,1, 28470
1,28486,1,1,0, 28487
8,28496,1,1,1, 28497
9,28497,2,2,1, 28499
25,28515,2,2,1, 28517
1,28526,1,1,0, 28527
2,28563,2,2,1, 28565
1,28566,1,1,0, 28567
1,28606,1,1,1, 28607
8,28616,1,1,0, 28617
9,28617,2,2,1, 28619
16,28619,2,2,1, 28621
17,28619,3,3,1, 28622
24,28629,1,1,1, 28630
25,28635,2,2,1, 28637
1,28646,1,1,0, 28647
24,28669,1,1,0, 28670
1,28686,1,1,1, 28687
24,28709,1,1,1, 28710
25,28715,2,2,1, 28717
31,28716,2,2,1, 28718
1,28726,1,1,0, 28727
8,28736,1,1,0, 28737
17,28739,3,3,1, 28742
8,28776,1,1,1, 28777
16,28779,2,2,1, 28781
8,28816,1,1,1, 28817
1,28846,1,1,0, 28847
8,28856,1,1,0, 28857
9,28857,2,2,1, 28859
24,28869,1,1,1, 28870
25,28875,2,2,1, 28877
31,28876,2,2,1, 28878
1,28886,1,1,1, 28887
8,28896,1,1,0, 28897
24,28909,1,1,0, 28910
2,28923,2,2,1, 28925
1,28926,1,1,0, 28927
8,28936,1,1,1, 28937
24,28949,1,1,1, 28950
1,28966,1,1,1, 28967
8,28976,1,1,1, 28977
16,28979,2,2,1, 28981
17,28979,3,3,1, 28982
1,29006,1,1,0, 29007
8,29016,1,1,0, 29017
2,29043,2,2,1, 29045
1,29046,1,1,1, 29047
8,29056,1,1,0, 29057
16,29059,2,2,1, 29061
24,29069,1,1,0, 29070
2,29083,2,2,1, 29085
1,29086,1,1,1, 29087
8,29096,1,1,1, 29097
9,29097,2,2,1, 29099
1,29206,1,1,0, 29207
8,29216,1,1,0, 29217
9,29217,2,2,1, 29219
16,29219,2,2,1, 29221
17,29219,3,3,1, 29222
24,29229,1,1,1, 29230
1,29246,1,1,1, 29247
8,29256,1,1,1, 29257
24,29269,1,1,1, 29270
1,29286,1,1,0, 29287
8,29296,1,1,1, 29297
24,29309,1,1,1, 29310
25,29315,2,2,1, 29317
1,29326,1,1,0, 29327
8,29336,1,1,0, 29337
9,29337,2,2,1, 29339
24,29349,1,1,1, 29350
31,29356,2,2,1, 29358
1,29366,1,1,1, 29367
16,29379,2,2,1, 29381
24,29389,1,1,1, 29390
31,29396,2,2,1, 29398
1,29406,1,1,1, 29407
16,29419,2,2,1, 29421
24,29429,1,1,0, 29430
1,29446,1,1,1, 29447
8,29456,1,1,0, 29457
9,29457,2,2,1, 29459
16,29459,2,2,1, 29461
2,29483,2,2,1, 29485
1,29486,1,1,1, 29487
8,29496,1,1,1, 29497
9,29497,2,2,1, 29499
8,29536,1,1,0, 29537
8,29576,1,1,1, 29577
16,29579,2,2,1, 29581
24,29589,1,1,0, 29590
31,29596,2,2,1, 29598
8,29616,1,1,0, 29617
16,29619,2,2,1, 29621
24,29629,1,1,0, 29630
31,29636,2,2,1, 29638
1,29646,1,1,1, 29647
8,29656,1,1,0, 29657
15,29661,2,2,1, 29663
24,29669,1,1,1, 29670
1,29686,1,1,0, 29687
8,29696,1,1,1, 29697
24,29709,1,1,1, 29710
1,29726,1,1,0, 29727
8,29736,1,1,0, 29737
24,29749,1,1,1, 29750
25,29755,2,2,1, 29757
1,29766,1,1,1, 29767
8,29776,1,1,1, 29777
24,29789,1,1,1, 29790
1,29806,1,1,0, 29807
8,29816,1,1,1, 29817
16,29819,2,2,1, 29821
25,29835,2,2,1, 29837
1,29846,1,1,1, 29847
8,29856,1,1,0, 29857
2,29883,2,2,1, 29885
1,29886,1,1,1, 29887
1,29926,1,1,0, 29927
24,29949,1,1,1, 29950
25,29955,2,2,1, 29957
31,29956,2,2,1, 29958
1,29966,1,1,1, 29967
8,29976,1,1,1, 29977
24,29989,1,1,0, 29990
25,29995,2,2,1, 29997
1,30006,1,1,1, 30007
8,30016,1,1,1, 30017
16,30019,2,2,1, 30021
1,30046,1,1,1, 30047
8,30056,1,1,1, 30057
15,30061,2,2,1, 30063
1,30086,1,1,0, 30087
8,30096,1,1,1, 30097
15,30101,2,2,1, 30103
24,30109,1,1,1, 30110
25,30115,2,2,1, 30117
2,30123,2,2,1, 30125
1,30126,1,1,1, 30127
24,30149,1,1,0, 30150
1,30166,1,1,0, 30167
16,30179,2,2,1, 30181
24,30189,1,1,0, 30190
25,30195,2,2,1, 30197
31,30196,2,2,1, 30198
1,30206,1,1,1, 30207
24,30229,1,1,1, 30230
31,30236,2,2,1, 30238
8,30256,1,1,1, 30257
24,30269,1,1,0, 30270
8,30296,1,1,0, 30297
16,30299,2,2,1, 30301
24,30309,1,1,1, 30310
8,30336,1,1,1, 30337
15,30341,2,2,1, 30343
24,30349,1,1,1, 30350
25,30355,2,2,1, 30357
2,30363,2,2,1, 30365
1,30366,1,1,1, 30367
8,30376,1,1,0, 30377
16,30379,2,2,1, 30381
25,30395,2,2,1, 30397
1,30406,1,1,0, 30407
8,30416,1,1,0, 30417
16,30419,2,2,1, 30421
1,30446,1,1,1, 30447
8,30456,1,1,0, 30457
16,30459,2,2,1, 30461
24,30469,1,1,0, 30470
25,30475,2,2,1, 30477
8,30496,1,1,0, 30497
24,30509,1,1,0, 30510
8,30536,1,1,0, 30537
16,30539,2,2,1, 30541
24,30549,1,1,1, 30550
8,30576,1,1,0, 30577
16,30579,2,2,1, 30581
24,30589,1,1,1, 30590
25,30595,2,2,1, 30597
1,30606,1,1,1, 30607
8,30616,1,1,0, 30617
16,30619,2,2,1, 30621
1,30646,1,1,1, 30647
8,30656,1,1,0, 30657
16,30659,2,2,1, 30661
1,30686,1,1,1, 30687
8,30696,1,1,1, 30697
24,30709,1,1,0, 30710
25,30715,2,2,1, 30717
2,30723,2,2,1, 30725
1,30726,1,1,0, 30727
8,30736,1,1,0, 30737
24,30749,1,1,1, 30750
31,30756,2,2,1, 30758
1,30766,1,1,0, 30767
8,30776,1,1,1, 30777
24,30789,1,1,1, 30790
31,30796,2,2,1, 30798
1,30806,1,1,1, 30807
8,30816,1,1,0, 30817
24,30829,1,1,0, 30830
1,30846,1,1,1, 30847
1,30886,1,1,1, 30887
1,30926,1,1,0, 30927
24,30949,1,1,1, 30950
25,30955,2,2,1, 30957
1,30966,1,1,1, 30967
8,30976,1,1,1, 30977
24,30989,1,1,0, 30990
31,30996,2,2,1, 30998
2,31003,2,2,1, 31005
1,31006,1,1,1, 31007
8,31016,1,1,1, 31017
16,31019,2,2,1, 31021
15,31021,2,2,1, 31023
24,31029,1,1,0, 31030
1,31046,1,1,0, 31047
8,31056,1,1,1, 31057
24,31069,1,1,1, 31070
25,31075,2,2,1, 31077
1,31086,1,1,0, 31087
1,31126,1,1,0, 31127
1,31166,1,1,0, 31167
24,31189,1,1,1, 31190
25,31195,2,2,1, 31197
31,31196,2,2,1, 31198
1,31206,1,1,0, 31207
8,31216,1,1,0, 31217
16,31219,2,2,1, 31221
24,31229,1,1,0, 31230
31,31236,2,2,1, 31238
1,31246,1,1,0, 31247
8,31256,1,1,0, 31257
24,31269,1,1,0, 31270
2,31283,2,2,1, 31285
1,31286,1,1,1, 31287
8,31296,1,1,1, 31297
24,31309,1,1,1, 31310
25,31315,2,2,1, 31317
1,31326,1,1,1, 31327
8,31336,1,1,0, 31337
1,31366,1,1,1, 31367
8,31376,1,1,0, 31377
24,31389,1,1,0, 31390
31,31396,2,2,1, 31398
1,31406,1,1,0, 31407
8,31416,1,1,0, 31417
16,31419,2,2,1, 31421
24,31429,1,1,0, 31430
31,31436,2,2,1, 31438
2,31443,2,2,1, 31445
1,31446,1,1,1, 31447
8,31456,1,1,1, 31457
24,31469,1,1,1, 31470
31,31476,2,2,1, 31478
2,31483,2,2,1, 31485
1,31486,1,1,0, 31487
8,31496,1,1,0, 31497
24,31509,1,1,0, 31510
1,31526,1,1,1, 31527
8,31536,1,1,1, 31537
24,31549,1,1,0, 31550
25,31555,2,2,1, 31557
1,31566,1,1,0, 31567
8,31576,1,1,1, 31577
2,31603,2,2,1, 31605
1,31606,1,1,1, 31607
8,31616,1,1,1, 31617
16,31619,2,2,1, 31621
1,31646,1,1,1, 31647
8,31656,1,1,0, 31657
16,31659,2,2,1, 31661
24,31669,1,1,1, 31670
25,31675,2,2,1, 31677
24,31709,1,1,1, 31710
25,31715,2,2,1, 31717
31,31716,2,2,1, 31718
1,31806,1,1,1, 31807
8,31816,1,1,1, 31817
1,31846,1,1,0, 31847
8,31856,1,1,0, 31857
16,31859,2,2,1, 31861
24,31869,1,1,1, 31870
2,31883,2,2,1, 31885
1,31886,1,1,0, 31887
24,31909,1,1,1, 31910
31,31916,2,2,1, 31918
1,31926,1,1,1, 31927
8,31936,1,1,1, 31937
9,31937,2,2,1, 31939
17,31939,3,3,1, 31942
24,31949,1,1,0, 31950
1,31966,1,1,0, 31967
9,31977,2,2,1, 31979
24,31989,1,1,0, 31990
25,31995,2,2,1, 31997
1,32006,1,1,0, 32007
16,32019,2,2,1, 32021
24,32029,1,1,0, 32030
31,32036,2,2,1, 32038
1,32046,1,1,0, 32047
8,32056,1,1,0, 32057
2,32083,2,2,1, 32085
1,32086,1,1,0, 32087
8,32096,1,1,0, 32097
16,32099,2,2,1, 32101
25,32115,2,2,1, 32117
1,32126,1,1,0, 32127
8,32136,1,1,1, 32137
16,32139,2,2,1, 32141
24,32149,1,1,0, 32150
1,32166,1,1,0, 32167
8,32176,1,1,1, 32177
24,32189,1,1,0, 32190
31,32196,2,2,1, 32198
1,32206,1,1,1, 32207
8,32216,1,1,0, 32217
16,32219,2,2,1, 32221
24,32229,1,1,1, 32230
1,32246,1,1,0, 32247
8,32256,1,1,0, 32257
24,32269,1,1,0, 32270
1,32286,1,1,1, 32287
8,32296,1,1,0, 32297
24,32309,1,1,0, 32310
31,32316,2,2,1, 32318
1,32326,1,1,0, 32327
8,32336,1,1,0, 32337
1,32366,1,1,1, 32367
8,32376,1,1,1, 32377
16,32379,2,2,1, 32381
1,32406,1,1,0, 32407
8,32416,1,1,1, 32417
16,32419,2,2,1, 32421
1,32446,1,1,1, 32447
8,32456,1,1,0, 32457
9,32457,2,2,1, 32459
16,32459,2,2,1, 32461
17,32459,3,3,1, 32462
24,32469,1,1,1, 32470
31,32476,2,2,1, 32478
1,32486,1,1,1, 32487
16,32499,2,2,1, 32501
24,32509,1,1,0, 32510
31,32516,2,2,1, 32518
2,32523,2,2,1, 32525
1,32526,1,1,0, 32527
24,32549,1,1,0, 32550
31,32556,2,2,1, 32558
1,32566,1,1,0, 32567
8,32576,1,1,1, 32577
17,32579,3,3,1, 32582
24,32589,1,1,0, 32590
31,32596,2,2,1, 32598
1,32606,1,1,1, 32607
8,32616,1,1,1, 32617
24,32629,1,1,0, 32630
1,32646,1,1,0, 32647
8,32656,1,1,0, 32657
24,32669,1,1,0, 32670
25,32675,2,2,1, 32677
1,32686,1,1,0, 32687
8,32696,1,1,1, 32697
16,32699,2,2,1, 32701
17,32699,3,3,1, 32702
2,32723,2,2,1, 32725
1,32726,1,1,1, 32727
8,32736,1,1,1, 32737
1,32766,1,1,0, 32767
8,32776,1,1,0, 32777
16,32779,2,2,1, 32781
1,32806,1,1,1, 32807
8,32816,1,1,1, 32817
17,32819,3,3,1, 32822
24,32829,1,1,0, 32830
25,32835,2,2,1, 32837
1,32846,1,1,1, 32847
8,32856,1,1,0, 32857
24,32869,1,1,0, 32870
25,32875,2,2,1, 32877
1,32886,1,1,0, 32887
8,32896,1,1,1, 32897
16,32899,2,2,1, 32901
1,32926,1,1,0, 32927
8,32936,1,1,0, 32937
9,32937,2,2,1, 32939
16,32939,2,2,1, 32941
25,32955,2,2,1, 32957
2,32963,2,2,1, 32965
1,32966,1,1,1, 32967
8,32976,1,1,1, 32977
16,32979,2,2,1, 32981
24,32989,1,1,1, 32990
25,32995,2,2,1, 32997
31,32996,2,2,1, 32998
1,33006,1,1,0, 33007
8,33016,1,1,1, 33017
24,33029,1,1,0, 33030
1,33046,1,1,1, 33047
8,33056,1,1,1, 33057
24,33069,1,1,1, 33070
31,33076,2,2,1, 33078
24,33109,1,1,1, 33110
24,33149,1,1,1, 33150
2,33163,2,2,1, 33165
1,33166,1,1,0, 33167
8,33176,1,1,1, 33177
16,33179,2,2,1, 33181
24,33189,1,1,0, 33190
25,33195,2,2,1, 33197
1,33206,1,1,0, 33207
8,33216,1,1,0, 33217
24,33229,1,1,1, 33230
1,33246,1,1,1, 33247
8,33256,1,1,1, 33257
16,33259,2,2,1, 33261
25,33275,2,2,1, 33277
1,33286,1,1,0, 33287
8,33296,1,1,1, 33297
9,33297,2,2,1, 33299
16,33299,2,2,1, 33301
17,33299,3,3,1, 33302
1,33326,1,1,0, 33327
24,33349,1,1,1, 33350
2,33363,2,2,1, 33365
1,33366,1,1,0, 33367
16,33379,2,2,1, 33381
24,33389,1,1,1, 33390
2,33403,2,2,1, 33405
1,33406,1,1,0, 33407
8,33416,1,1,0, 33417
9,33417,2,2,1, 33419
24,33429,1,1,1, 33430
24,33469,1,1,0, 33470
24,33509,1,1,0, 33510
31,33516,2,2,1, 33518
1,33526,1,1,0, 33527
8,33536,1,1,1, 33537
16,33539,2,2,1, 33541
17,33539,3,3,1, 33542
24,33549,1,1,0, 33550
31,33556,2,2,1, 33558
1,33566,1,1,1, 33567
8,33576,1,1,1, 33577
24,33589,1,1,1, 33590
1,33606,1,1,0, 33607
8,33616,1,1,0, 33617
24,33629,1,1,0, 33630
1,33646,1,1,1, 33647
8,33656,1,1,1, 33657
17,33659,3,3,1, 33662
1,33686,1,1,0, 33687
8,33696,1,1,0, 33697
1,33726,1,1,0, 33727
8,33736,1,1,1, 33737
16,33739,2,2,1, 33741
1,33766,1,1,0, 33767
8,33776,1,1,0, 33777
9,33777,2,2,1, 33779
16,33779,2,2,1, 33781
17,33779,3,3,1, 33782
24,33789,1,1,1, 33790
25,33795,2,2,1, 33797
1,33806,1,1,0, 33807
16,33819,2,2,1, 33821
24,33829,1,1,1, 33830
2,33843,2,2,1, 33845
1,33846,1,1,0, 33847
25,33875,2,2,1, 33877
1,33886,1,1,0, 33887
8,33896,1,1,1, 33897
9,33897,2,2,1, 33899
17,33899,3,3,1, 33902
25,33915,2,2,1, 33917
1,33926,1,1,0, 33927
8,33936,1,1,1, 33937
16,33939,2,2,1, 33941
24,33949,1,1,1, 33950
2,33963,2,2,1, 33965
1,33966,1,1,0, 33967
8,33976,1,1,1, 33977
24,33989,1,1,1, 33990
2,34003,2,2,1, 34005
1,34006,1,1,1, 34007
8,34016,1,1,1, 34017
9,34017,2,2,1, 34019
15,34021,2,2,1, 34023
24,34029,1,1,0, 34030
8,34056,1,1,0, 34057
15,34061,2,2,1, 34063
24,34069,1,1,0, 34070
8,34096,1,1,1, 34097
24,34109,1,1,0, 34110
1,34126,1,1,0, 34127
8,34136,1,1,1, 34137
16,34139,2,2,1, 34141
17,34139,3,3,1, 34142
24,34149,1,1,1, 34150
25,34155,2,2,1, 34157
31,34156,2,2,1, 34158
2,34163,2,2,1, 34165
1,34166,1,1,1, 34167
8,34176,1,1,0, 34177
24,34189,1,1,1, 34190
1,34206,1,1,1, 34207
8,34216,1,1,1, 34217
16,34219,2,2,1, 34221
25,34235,2,2,1, 34237
1,34246,1,1,1, 34247
8,34256,1,1,1, 34257
9,34257,2,2,1, 34259
16,34259,2,2,1, 34261
25,34275,2,2,1, 34277
1,34286,1,1,0, 34287
24,34309,1,1,1, 34310
1,34326,1,1,1, 34327
24,34349,1,1,1, 34350
1,34366,1,1,0, 34367
8,34376,1,1,1, 34377
9,34377,2,2,1, 34379
24,34389,1,1,1, 34390
31,34396,2,2,1, 34398
24,34429,1,1,0, 34430
24,34469,1,1,0, 34470
31,34476,2,2,1, 34478
1,34486,1,1,0, 34487
8,34496,1,1,1, 34497
9,34497,2,2,1, 34499
16,34499,2,2,1, 34501
15,34501,2,2,1, 34503
24,34509,1,1,0, 34510
25,34515,2,2,1, 34517
1,34526,1,1,1, 34527
8,34536,1,1,1, 34537
16,34539,2,2,1, 34541
15,34541,2,2,1, 34543
24,34549,1,1,0, 34550
25,34555,2,2,1, 34557
1,34566,1,1,0, 34567
8,34576,1,1,1, 34577
16,34579,2,2,1, 34581
15,34581,2,2,1, 34583
1,34606,1,1,0, 34607
8,34616,1,1,0, 34617
9,34617,2,2,1, 34619
16,34619,2,2,1, 34621
17,34619,3,3,1, 34622
25,34635,2,2,1, 34637
1,34646,1,1,1, 34647
24,34669,1,1,1, 34670
31,34676,2,2,1, 34678
1,34686,1,1,0, 34687
16,34699,2,2,1, 34701
24,34709,1,1,1, 34710
1,34726,1,1,0, 34727
8,34736,1,1,1, 34737
16,34739,2,2,1, 34741
24,34749,1,1,1, 34750
31,34756,2,2,1, 34758
1,34766,1,1,0, 34767
8,34776,1,1,1, 34777
15,34781,2,2,1, 34783
24,34789,1,1,0, 34790
31,34796,2,2,1, 34798
1,34806,1,1,1, 34807
8,34816,1,1,1, 34817
16,34819,2,2,1, 34821
1,34846,1,1,0, 34847
8,34856,1,1,1, 34857
16,34859,2,2,1, 34861
2,34883,2,2,1, 34885
1,34886,1,1,1, 34887
1,34926,1,1,1, 34927
8,34936,1,1,1, 34937
16,34939,2,2,1, 34941
25,34955,2,2,1, 34957
1,34966,1,1,1, 34967
8,34976,1,1,0, 34977
9,34977,2,2,1, 34979
24,34989,1,1,0, 34990
25,34995,2,2,1, 34997
1,35006,1,1,1, 35007
24,35029,1,1,1, 35030
25,35035,2,2,1, 35037
31,35036,2,2,1, 35038
2,35043,2,2,1, 35045
1,35046,1,1,0, 35047
8,35056,1,1,1, 35057
16,35059,2,2,1, 35061
15,35061,2,2,1, 35063
1,35086,1,1,0, 35087
8,35096,1,1,0, 35097
24,35149,1,1,1, 35150
24,35189,1,1,0, 35190
25,35195,2,2,1, 35197
1,35206,1,1,1, 35207
8,35216,1,1,0, 35217
15,35221,2,2,1, 35223
24,35229,1,1,1, 35230
23,35228,3,3,1, 35231
31,35236,2,2,1, 35238
2,35243,2,2,1, 35245
1,35246,1,1,0, 35247
8,35256,1,1,1, 35257
15,35261,2,2,1, 35263
24,35269,1,1,0, 35270
31,35276,2,2,1, 35278
1,35286,1,1,0, 35287
8,35296,1,1,1, 35297
24,35309,1,1,0, 35310
1,35326,1,1,1, 35327
8,35336,1,1,1, 35337
1,35366,1,1,0, 35367
8,35376,1,1,1, 35377
1,35406,1,1,1, 35407
8,35416,1,1,0, 35417
2,35443,2,2,1, 35445
1,35446,1,1,0, 35447
8,35456,1,1,0, 35457
16,35459,2,2,1, 35461
24,35469,1,1,0, 35470
2,35483,2,2,1, 35485
1,35486,1,1,1, 35487
24,35509,1,1,0, 35510
2,35523,2,2,1, 35525
1,35526,1,1,0, 35527
24,35549,1,1,1, 35550
1,35566,1,1,1, 35567
8,35576,1,1,0, 35577
24,35589,1,1,0, 35590
25,35595,2,2,1, 35597
1,35606,1,1,0, 35607
8,35616,1,1,1, 35617
24,35629,1,1,0, 35630
31,35636,2,2,1, 35638
1,35646,1,1,0, 35647
8,35656,1,1,1, 35657
24,35669,1,1,0, 35670
31,35676,2,2,1, 35678
1,35686,1,1,0, 35687
8,35696,1,1,1, 35697
9,35697,2,2,1, 35699
16,35699,2,2,1, 35701
2,35723,2,2,1, 35725
1,35726,1,1,1, 35727
2,35763,2,2,1, 35765
1,35766,1,1,1, 35767
2,35803,2,2,1, 35805
1,35806,1,1,0, 35807
8,35816,1,1,0, 35817
24,35829,1,1,1, 35830
25,35835,2,2,1, 35837
1,35846,1,1,1, 35847
8,35856,1,1,1, 35857
24,35869,1,1,0, 35870
1,35886,1,1,0, 35887
8,35896,1,1,0, 35897
16,35899,2,2,1, 35901
24,35909,1,1,0, 35910
25,35915,2,2,1, 35917
31,35916,2,2,1, 35918
1,35926,1,1,1, 35927
8,35936,1,1,1, 35937
16,35939,2,2,1, 35941
17,35939,3,3,1, 35942
2,36003,2,2,1, 36005
1,36006,1,1,0, 36007
25,36035,2,2,1, 36037
2,36043,2,2,1, 36045
1,36046,1,1,1, 36047
8,36056,1,1,0, 36057
9,36057,2,2,1, 36059
16,36059,2,2,1, 36061
17,36059,3,3,1, 36062
24,36069,1,1,1, 36070
31,36076,2,2,1, 36078
24,36109,1,1,0, 36110
16,36139,2,2,1, 36141
24,36149,1,1,1, 36150
1,36166,1,1,0, 36167
8,36176,1,1,0, 36177
16,36179,2,2,1, 36181
17,36179,3,3,1, 36182
15,36181,2,2,1, 36183
24,36189,1,1,1, 36190
23,36188,3,3,1, 36191
25,36195,2,2,1, 36197
31,36196,2,2,1, 36198
1,36206,1,1,1, 36207
8,36216,1,1,0, 36217
24,36229,1,1,0, 36230
31,36236,2,2,1, 36238
1,36246,1,1,1, 36247
8,36256,1,1,0, 36257
1,36286,1,1,0, 36287
8,36296,1,1,0, 36297
9,36297,2,2,1, 36299
1,36326,1,1,0, 36327
8,36336,1,1,0, 36337
16,36339,2,2,1, 36341
1,36366,1,1,0, 36367
8,36376,1,1,1, 36377
16,36379,2,2,1, 36381
1,36406,1,1,0, 36407
8,36416,1,1,0, 36417
17,36419,3,3,1, 36422
24,36429,1,1,1, 36430
25,36435,2,2,1, 36437
31,36436,2,2,1, 36438
1,36446,1,1,0, 36447
8,36456,1,1,0, 36457
16,36459,2,2,1, 36461
24,36469,1,1,1, 36470
25,36475,2,2,1, 36477
1,36486,1,1,1, 36487
8,36496,1,1,1, 36497
16,36499,2,2,1, 36501
1,36526,1,1,1, 36527
8,36536,1,1,1, 36537
9,36537,2,2,1, 36539
8,36576,1,1,1, 36577
16,36579,2,2,1, 36581
24,36589,1,1,0, 36590
8,36616,1,1,1, 36617
16,36619,2,2,1, 36621
24,36629,1,1,0, 36630
1,36646,1,1,1, 36647
8,36656,1,1,0, 36657
9,36657,2,2,1, 36659
24,36669,1,1,0, 36670
31,36676,2,2,1, 36678
1,36686,1,1,1, 36687
8,36696,1,1,0, 36697
24,36709,1,1,0, 36710
31,36716,2,2,1, 36718
2,36723,2,2,1, 36725
1,36726,1,1,1, 36727
8,36736,1,1,1, 36737
24,36749,1,1,0, 36750
31,36756,2,2,1, 36758
2,36763,2,2,1, 36765
1,36766,1,1,1, 36767
8,36776,1,1,0, 36777
16,36779,2,2,1, 36781
25,36795,2,2,1, 36797
1,36806,1,1,0, 36807
8,36816,1,1,1, 36817
16,36819,2,2,1, 36821
1,36846,1,1,0, 36847
8,36856,1,1,0, 36857
16,36859,2,2,1, 36861
1,36886,1,1,0, 36887
8,36896,1,1,1, 36897
24,36909,1,1,1, 36910
24,36949,1,1,1, 36950
8,36976,1,1,1, 36977
15,36981,2,2,1, 36983
1,37006,1,1,1, 37007
8,37016,1,1,1, 37017
9,37017,2,2,1, 37019
1,37046,1,1,1, 37047
24,37069,1,1,0, 37070
31,37076,2,2,1, 37078
1,37086,1,1,1, 37087
8,37096,1,1,1, 37097
9,37097,2,2,1, 37099
24,37109,1,1,1, 37110
1,37126,1,1,1, 37127
8,37136,1,1,0, 37137
24,37149,1,1,1, 37150
31,37156,2,2,1, 37158
2,37163,2,2,1, 37165
1,37166,1,1,0, 37167
8,37176,1,1,0, 37177
24,37189,1,1,1, 37190
1,37206,1,1,1, 37207
8,37216,1,1,0, 37217
24,37229,1,1,0, 37230
31,37236,2,2,1, 37238
1,37246,1,1,1, 37247
8,37256,1,1,1, 37257
16,37259,2,2,1, 37261
25,37275,2,2,1, 37277
1,37286,1,1,0, 37287
8,37296,1,1,0, 37297
2,37323,2,2,1, 37325
1,37326,1,1,0, 37327
8,37336,1,1,1, 37337
16,37339,2,2,1, 37341
1,37366,1,1,0, 37367
8,37376,1,1,1, 37377
16,37379,2,2,1, 37381
24,37389,1,1,0, 37390
2,37403,2,2,1, 37405
1,37406,1,1,0, 37407
8,37416,1,1,0, 37417
24,37429,1,1,0, 37430
25,37435,2,2,1, 37437
1,37446,1,1,0, 37447
24,37469,1,1,0, 37470
1,37486,1,1,1, 37487
16,37499,2,2,1, 37501
24,37509,1,1,0, 37510
25,37515,2,2,1, 37517
1,37526,1,1,1, 37527
8,37536,1,1,0, 37537
24,37549,1,1,0, 37550
2,37563,2,2,1, 37565
1,37566,1,1,0, 37567
8,37576,1,1,1, 37577
1,37606,1,1,0, 37607
8,37616,1,1,1, 37617
15,37621,2,2,1, 37623
2,37643,2,2,1, 37645
1,37646,1,1,1, 37647
8,37656,1,1,0, 37657
24,37669,1,1,1, 37670
25,37675,2,2,1, 37677
31,37676,2,2,1, 37678
1,37686,1,1,0, 37687
8,37696,1,1,1, 37697
24,37709,1,1,0, 37710
1,37726,1,1,1, 37727
8,37736,1,1,1, 37737
24,37749,1,1,0, 37750
1,37766,1,1,0, 37767
8,37776,1,1,1, 37777
24,37789,1,1,1, 37790
2,37803,2,2,1, 37805
1,37806,1,1,0, 37807
8,37816,1,1,0, 37817
24,37829,1,1,0, 37830
31,37836,2,2,1, 37838
1,37846,1,1,1, 37847
8,37856,1,1,0, 37857
16,37859,2,2,1, 37861
25,37875,2,2,1, 37877
1,37886,1,1,0, 37887
8,37896,1,1,0, 37897
16,37899,2,2,1, 37901
1,37926,1,1,0, 37927
8,37936,1,1,1, 37937
1,37966,1,1,0, 37967
8,37976,1,1,1, 37977
16,37979,2,2,1, 37981
24,37989,1,1,0, 37990
31,37996,2,2,1, 37998
1,38006,1,1,1, 38007
8,38016,1,1,1, 38017
16,38019,2,2,1, 38021
24,38029,1,1,1, 38030
1,38046,1,1,0, 38047
1,38086,1,1,0, 38087
15,38101,2,2,1, 38103
1,38126,1,1,0, 38127
8,38136,1,1,0, 38137
24,38149,1,1,1, 38150
31,38156,2,2,1, 38158
2,38163,2,2,1, 38165
1,38166,1,1,1, 38167
16,38179,2,2,1, 38181
24,38189,1,1,0, 38190
25,38195,2,2,1, 38197
2,38203,2,2,1, 38205
1,38206,1,1,1, 38207
16,38219,2,2,1, 38221
25,38235,2,2,1, 38237
2,38243,2,2,1, 38245
1,38246,1,1,0, 38247
25,38275,2,2,1, 38277
8,38296,1,1,0, 38297
8,38336,1,1,1, 38337
24,38349,1,1,0, 38350
31,38356,2,2,1, 38358
8,38376,1,1,1, 38377
16,38379,2,2,1, 38381
24,38389,1,1,1, 38390
25,38395,2,2,1, 38397
31,38396,2,2,1, 38398
2,38403,2,2,1, 38405
1,38406,1,1,0, 38407
8,38416,1,1,0, 38417
1,38446,1,1,0, 38447
8,38456,1,1,1, 38457
1,38486,1,1,1, 38487
8,38496,1,1,1, 38497
24,38509,1,1,0, 38510
1,38526,1,1,1, 38527
8,38536,1,1,0, 38537
16,38539,2,2,1, 38541
17,38539,3,3,1, 38542
24,38549,1,1,0, 38550
1,38566,1,1,1, 38567
8,38576,1,1,1, 38577
9,38577,2,2,1, 38579
16,38579,2,2,1, 38581
24,38589,1,1,1, 38590
31,38596,2,2,1, 38598
1,38606,1,1,1, 38607
8,38616,1,1,0, 38617
16,38619,2,2,1, 38621
24,38629,1,1,0, 38630
23,38628,3,3,1, 38631
31,38636,2,2,1, 38638
2,38643,2,2,1, 38645
1,38646,1,1,0, 38647
16,38659,2,2,1, 38661
24,38669,1,1,0, 38670
31,38676,2,2,1, 38678
2,38683,2,2,1, 38685
1,38686,1,1,1, 38687
16,38699,2,2,1, 38701
25,38715,2,2,1, 38717
1,38726,1,1,1, 38727
8,38736,1,1,0, 38737
9,38737,2,2,1, 38739
25,38755,2,2,1, 38757
1,38766,1,1,0, 38767
1,38806,1,1,0, 38807
17,38819,3,3,1, 38822
24,38829,1,1,1, 38830
31,38836,2,2,1, 38838
24,38869,1,1,0, 38870
2,38883,2,2,1, 38885
8,38896,1,1,1, 38897
24,38909,1,1,0, 38910
8,38936,1,1,1, 38937
24,38949,1,1,0, 38950
8,38976,1,1,1, 38977
24,38989,1,1,1, 38990
1,39006,1,1,0, 39007
8,39016,1,1,0, 39017
16,39019,2,2,1, 39021
24,39029,1,1,0, 39030
25,39035,2,2,1, 39037
31,39036,2,2,1, 39038
2,39043,2,2,1, 39045
1,39046,1,1,1, 39047
8,39056,1,1,0, 39057
1,39086,1,1,0, 39087
8,39096,1,1,0, 39097
16,39099,2,2,1, 39101
25,39115,2,2,1, 39117
1,39126,1,1,1, 39127
8,39136,1,1,1, 39137
16,39139,2,2,1, 39141
2,39163,2,2,1, 39165
1,39166,1,1,0, 39167
8,39176,1,1,0, 39177
16,39179,2,2,1, 39181
24,39189,1,1,0, 39190
31,39196,2,2,1, 39198
1,39206,1,1,1, 39207
8,39216,1,1,0, 39217
16,39219,2,2,1, 39221
24,39229,1,1,0, 39230
25,39235,2,2,1, 39237
1,39246,1,1,0, 39247
8,39256,1,1,0, 39257
24,39269,1,1,1, 39270
31,39276,2,2,1, 39278
1,39286,1,1,0, 39287
8,39296,1,1,0, 39297
16,39299,2,2,1, 39301
24,39309,1,1,0, 39310
31,39316,2,2,1, 39318
1,39326,1,1,1, 39327
8,39336,1,1,1, 39337
24,39349,1,1,1, 39350
25,39355,2,2,1, 39357
1,39366,1,1,0, 39367
8,39376,1,1,0, 39377
24,39389,1,1,1, 39390
31,39396,2,2,1, 39398
2,39403,2,2,1, 39405
1,39406,1,1,0, 39407
8,39416,1,1,1, 39417
1,39446,1,1,1, 39447
8,39456,1,1,0, 39457
16,39459,2,2,1, 39461
25,39475,2,2,1, 39477
1,39486,1,1,1, 39487
8,39496,1,1,1, 39497
16,39499,2,2,1, 39501
25,39515,2,2,1, 39517
1,39526,1,1,1, 39527
8,39536,1,1,0, 39537
16,39539,2,2,1, 39541
8,39576,1,1,1, 39577
8,39616,1,1,0, 39617
1,39646,1,1,1, 39647
8,39656,1,1,0, 39657
9,39657,2,2,1, 39659
17,39659,3,3,1, 39662
24,39669,1,1,0, 39670
31,39676,2,2,1, 39678
1,39686,1,1,0, 39687
8,39696,1,1,0, 39697
16,39699,2,2,1, 39701
24,39709,1,1,0, 39710
31,39716,2,2,1, 39718
2,39723,2,2,1, 39725
1,39726,1,1,1, 39727
8,39736,1,1,1, 39737
16,39739,2,2,1, 39741
24,39749,1,1,1, 39750
31,39756,2,2,1, 39758
2,39763,2,2,1, 39765
1,39766,1,1,1, 39767
8,39776,1,1,1, 39777
16,39779,2,2,1, 39781
25,39795,2,2,1, 39797
1,39806,1,1,1, 39807
1,39846,1,1,0, 39847
25,39875,2,2,1, 39877
1,39886,1,1,0, 39887
8,39896,1,1,1, 39897
9,39897,2,2,1, 39899
24,39909,1,1,0, 39910
25,39915,2,2,1, 39917
1,39926,1,1,0, 39927
8,39936,1,1,0, 39937
24,39949,1,1,0, 39950
25,39955,2,2,1, 39957
2,39963,2,2,1, 39965
1,39966,1,1,1, 39967
8,39976,1,1,1, 39977
25,39995,2,2,1, 39997
2,40003,2,2,1, 40005
1,40006,1,1,0, 40007
8,40016,1,1,1, 40017
16,40019,2,2,1, 40021
17,40019,3,3,1, 40022
24,40069,1,1,0, 40070
31,40076,2,2,1, 40078
1,40086,1,1,1, 40087
8,40096,1,1,0, 40097
15,40101,2,2,1, 40103
24,40109,1,1,0, 40110
25,40115,2,2,1, 40117
31,40116,2,2,1, 40118
1,40126,1,1,0, 40127
8,40136,1,1,0, 40137
16,40139,2,2,1, 40141
15,40141,2,2,1, 40143
1,40166,1,1,0, 40167
8,40176,1,1,0, 40177
23,40188,3,3,1, 40191
25,40195,2,2,1, 40197
24,40269,1,1,0, 40270
24,40309,1,1,1, 40310
23,40308,3,3,1, 40311
25,40315,2,2,1, 40317
1,40326,1,1,0, 40327
8,40336,1,1,0, 40337
16,40339,2,2,1, 40341
24,40349,1,1,0, 40350
31,40356,2,2,1, 40358
1,40366,1,1,0, 40367
8,40376,1,1,0, 40377
24,40389,1,1,1, 40390
31,40396,2,2,1, 40398
1,40406,1,1,0, 40407
8,40416,1,1,0, 40417
16,40419,2,2,1, 40421
24,40429,1,1,1, 40430
31,40436,2,2,1, 40438
2,40443,2,2,1, 40445
1,40446,1,1,0, 40447
8,40456,1,1,1, 40457
16,40459,2,2,1, 40461
25,40475,2,2,1, 40477
1,40486,1,1,1, 40487
8,40496,1,1,0, 40497
25,40515,2,2,1, 40517
1,40526,1,1,1, 40527
8,40536,1,1,0, 40537
1,40566,1,1,1, 40567
8,40576,1,1,0, 40577
24,40589,1,1,0, 40590
25,40595,2,2,1, 40597
31,40596,2,2,1, 40598
1,40606,1,1,1, 40607
8,40616,1,1,0, 40617
24,40629,1,1,0, 40630
1,40646,1,1,1, 40647
8,40656,1,1,0, 40657
24,40669,1,1,1, 40670
25,40675,2,2,1, 40677
31,40676,2,2,1, 40678
2,40683,2,2,1, 40685
1,40686,1,1,0, 40687
8,40696,1,1,0, 40697
16,40699,2,2,1, 40701
1,40726,1,1,0, 40727
8,40736,1,1,1, 40737
16,40739,2,2,1, 40741
1,40766,1,1,1, 40767
8,40776,1,1,1, 40777
16,40779,2,2,1, 40781
24,40789,1,1,1, 40790
25,40795,2,2,1, 40797
31,40796,2,2,1, 40798
24,40829,1,1,1, 40830
25,40835,2,2,1, 40837
31,40836,2,2,1, 40838
16,40859,2,2,1, 40861
25,40915,2,2,1, 40917
1,40926,1,1,1, 40927
8,40936,1,1,1, 40937
16,40939,2,2,1, 40941
25,40955,2,2,1, 40957
1,40966,1,1,0, 40967
8,40976,1,1,1, 40977
16,40979,2,2,1, 40981
24,40989,1,1,1, 40990
2,41003,2,2,1, 41005
1,41006,1,1,1, 41007
8,41016,1,1,1, 41017
24,41029,1,1,0, 41030
1,41046,1,1,0, 41047
24,41069,1,1,1, 41070
31,41076,2,2,1, 41078
1,41086,1,1,1, 41087
24,41109,1,1,0, 41110
1,41126,1,1,1, 41127
16,41139,2,2,1, 41141
24,41149,1,1,0, 41150
25,41155,2,2,1, 41157
2,41163,2,2,1, 41165
1,41166,1,1,0, 41167
8,41176,1,1,1, 41177
25,41195,2,2,1, 41197
1,41206,1,1,1, 41207
8,41216,1,1,1, 41217
1,41246,1,1,0, 41247
8,41256,1,1,1, 41257
24,41269,1,1,1, 41270
25,41275,2,2,1, 41277
1,41286,1,1,1, 41287
8,41296,1,1,1, 41297
24,41309,1,1,0, 41310
25,41315,2,2,1, 41317
1,41326,1,1,0, 41327
8,41336,1,1,1, 41337
16,41339,2,2,1, 41341
2,41363,2,2,1, 41365
1,41366,1,1,0, 41367
8,41376,1,1,0, 41377
1,41406,1,1,1, 41407
8,41416,1,1,0, 41417
1,41446,1,1,0, 41447
8,41456,1,1,1, 41457
24,41469,1,1,0, 41470
31,41476,2,2,1, 41478
1,41486,1,1,1, 41487
8,41496,1,1,0, 41497
16,41499,2,2,1, 41501
24,41509,1,1,0, 41510
2,41523,2,2,1, 41525
1,41526,1,1,1, 41527
8,41536,1,1,0, 41537
24,41549,1,1,1, 41550
1,41566,1,1,1, 41567
8,41576,1,1,1, 41577
9,41577,2,2,1, 41579
16,41579,2,2,1, 41581
1,41686,1,1,1, 41687
8,41696,1,1,0, 41697
9,41697,2,2,1, 41699
16,41699,2,2,1, 41701
24,41709,1,1,1, 41710
1,41726,1,1,0, 41727
8,41736,1,1,1, 41737
24,41749,1,1,0, 41750
1,41766,1,1,0, 41767
8,41776,1,1,0, 41777
16,41779,2,2,1, 41781
25,41795,2,2,1, 41797
1,41806,1,1,0, 41807
8,41816,1,1,1, 41817
9,41817,2,2,1, 41819
25,41835,2,2,1, 41837
1,41846,1,1,0, 41847
24,41869,1,1,1, 41870
25,41875,2,2,1, 41877
31,41876,2,2,1, 41878
1,41886,1,1,0, 41887
24,41909,1,1,1, 41910
1,41926,1,1,1, 41927
8,41936,1,1,1, 41937
24,41949,1,1,1, 41950
25,41955,2,2,1, 41957
8,41976,1,1,1, 41977
24,41989,1,1,1, 41990
25,41995,2,2,1, 41997
31,41996,2,2,1, 41998
8,42016,1,1,0, 42017
24,42029,1,1,0, 42030
1,42046,1,1,0, 42047
8,42056,1,1,1, 42057
16,42059,2,2,1, 42061
17,42059,3,3,1, 42062
1,42086,1,1,0, 42087
8,42096,1,1,1, 42097
16,42099,2,2,1, 42101
2,42123,2,2,1, 42125
1,42126,1,1,1, 42127
8,42136,1,1,0, 42137
2,42163,2,2,1, 42165
1,42166,1,1,0, 42167
8,42176,1,1,0, 42177
9,42177,2,2,1, 42179
15,42181,2,2,1, 42183
24,42189,1,1,0, 42190
8,42216,1,1,1, 42217
15,42221,2,2,1, 42223
24,42229,1,1,1, 42230
8,42256,1,1,1, 42257
2,42283,2,2,1, 42285
1,42286,1,1,1, 42287
8,42296,1,1,0, 42297
9,42297,2,2,1, 42299
16,42299,2,2,1, 42301
25,42315,2,2,1, 42317
2,42323,2,2,1, 42325
1,42326,1,1,0, 42327
8,42336,1,1,1, 42337
24,42349,1,1,0, 42350
25,42355,2,2,1, 42357
31,42356,2,2,1, 42358
2,42363,2,2,1, 42365
8,42376,1,1,1, 42377
24,42389,1,1,0, 42390
25,42395,2,2,1, 42397
8,42416,1,1,0, 42417
9,42417,2,2,1, 42419
16,42419,2,2,1, 42421
24,42429,1,1,0, 42430
31,42436,2,2,1, 42438
1,42446,1,1,1, 42447
8,42456,1,1,1, 42457
24,42469,1,1,0, 42470
31,42476,2,2,1, 42478
1,42486,1,1,0, 42487
8,42496,1,1,1, 42497
1,42526,1,1,0, 42527
8,42536,1,1,1, 42537
25,42555,2,2,1, 42557
1,42566,1,1,0, 42567
8,42576,1,1,0, 42577
1,42606,1,1,0, 42607
8,42616,1,1,0, 42617
16,42619,2,2,1, 42621
25,42635,2,2,1, 42637
1,42646,1,1,1, 42647
8,42656,1,1,1, 42657
16,42659,2,2,1, 42661
24,42669,1,1,1, 42670
31,42676,2,2,1, 42678
1,42686,1,1,0, 42687
8,42696,1,1,0, 42697
24,42709,1,1,1, 42710
25,42715,2,2,1, 42717
1,42726,1,1,1, 42727
8,42736,1,1,0, 42737
24,42749,1,1,0, 42750
1,42766,1,1,1, 42767
8,42776,1,1,1, 42777
1,42806,1,1,0, 42807
2,42843,2,2,1, 42845
1,42846,1,1,1, 42847
2,42883,2,2,1, 42885
1,42886,1,1,1, 42887
8,42896,1,1,1, 42897
9,42897,2,2,1, 42899
16,42899,2,2,1, 42901
24,42909,1,1,1, 42910
1,42926,1,1,1, 42927
8,42936,1,1,1, 42937
16,42939,2,2,1, 42941
24,42949,1,1,0, 42950
25,42955,2,2,1, 42957
1,42966,1,1,1, 42967
8,42976,1,1,1, 42977
16,42979,2,2,1, 42981
25,42995,2,2,1, 42997
1,43006,1,1,1, 43007
8,43016,1,1,1, 43017
24,43069,1,1,1, 43070
25,43075,2,2,1, 43077
24,43109,1,1,1, 43110
25,43115,2,2,1, 43117
1,43126,1,1,1, 43127
8,43136,1,1,1, 43137
1,43166,1,1,0, 43167
1,43206,1,1,1, 43207
1,43246,1,1,1, 43247
8,43256,1,1,1, 43257
9,43257,2,2,1, 43259
17,43259,3,3,1, 43262
24,43269,1,1,1, 43270
31,43276,2,2,1, 43278
1,43286,1,1,0, 43287
24,43309,1,1,1, 43310
31,43316,2,2,1, 43318
1,43326,1,1,0, 43327
24,43349,1,1,1, 43350
25,43355,2,2,1, 43357
1,43366,1,1,1, 43367
8,43376,1,1,1, 43377
1,43406,1,1,1, 43407
8,43416,1,1,1, 43417
16,43419,2,2,1, 43421
1,43446,1,1,0, 43447
8,43456,1,1,0, 43457
16,43459,2,2,1, 43461
1,43486,1,1,1, 43487
8,43496,1,1,0, 43497
9,43497,2,2,1, 43499
16,43499,2,2,1, 43501
17,43499,3,3,1, 43502
24,43509,1,1,1, 43510
1,43526,1,1,1, 43527
16,43539,2,2,1, 43541
24,43549,1,1,0, 43550
31,43556,2,2,1, 43558
1,43566,1,1,0, 43567
9,43577,2,2,1, 43579
16,43579,2,2,1, 43581
17,43579,3,3,1, 43582
24,43589,1,1,0, 43590
1,43606,1,1,0, 43607
9,43617,2,2,1, 43619
16,43619,2,2,1, 43621
17,43619,3,3,1, 43622
1,43646,1,1,0, 43647
8,43656,1,1,1, 43657
16,43659,2,2,1, 43661
1,43686,1,1,1, 43687
8,43696,1,1,1, 43697
16,43699,2,2,1, 43701
25,43715,2,2,1, 43717
1,43726,1,1,0, 43727
8,43736,1,1,1, 43737
16,43739,2,2,1, 43741
15,43741,2,2,1, 43743
24,43749,1,1,0, 43750
25,43755,2,2,1, 43757
31,43756,2,2,1, 43758
2,43763,2,2,1, 43765
1,43766,1,1,1, 43767
8,43776,1,1,0, 43777
16,43779,2,2,1, 43781
15,43781,2,2,1, 43783
24,43789,1,1,0, 43790
31,43796,2,2,1, 43798
1,43806,1,1,1, 43807
2,43843,2,2,1, 43845
1,43846,1,1,0, 43847
1,43886,1,1,0, 43887
24,43909,1,1,0, 43910
1,43926,1,1,1, 43927
8,43936,1,1,0, 43937
9,43937,2,2,1, 43939
15,43941,2,2,1, 43943
24,43949,1,1,0, 43950
25,43955,2,2,1, 43957
2,43963,2,2,1, 43965
1,43966,1,1,1, 43967
8,43976,1,1,0, 43977
16,43979,2,2,1, 43981
8,44016,1,1,1, 44017
8,44056,1,1,0, 44057
16,44059,2,2,1, 44061
1,44086,1,1,0, 44087
8,44096,1,1,1, 44097
16,44099,2,2,1, 44101
24,44109,1,1,0, 44110
1,44126,1,1,1, 44127
16,44139,2,2,1, 44141
24,44149,1,1,1, 44150
31,44156,2,2,1, 44158
1,44166,1,1,1, 44167
24,44189,1,1,0, 44190
1,44206,1,1,0, 44207
8,44216,1,1,1, 44217
9,44217,2,2,1, 44219
16,44219,2,2,1, 44221
25,44235,2,2,1, 44237
2,44243,2,2,1, 44245
1,44246,1,1,0, 44247
8,44256,1,1,0, 44257
25,44275,2,2,1, 44277
1,44286,1,1,0, 44287
8,44296,1,1,0, 44297
25,44315,2,2,1, 44317
1,44326,1,1,1, 44327
8,44336,1,1,0, 44337
16,44339,2,2,1, 44341
17,44339,3,3,1, 44342
24,44349,1,1,0, 44350
25,44355,2,2,1, 44357
1,44366,1,1,1, 44367
8,44376,1,1,0, 44377
24,44389,1,1,0, 44390
31,44396,2,2,1, 44398
2,44403,2,2,1, 44405
1,44406,1,1,1, 44407
8,44416,1,1,1, 44417
16,44419,2,2,1, 44421
2,44443,2,2,1, 44445
1,44446,1,1,0, 44447
8,44456,1,1,1, 44457
9,44457,2,2,1, 44459
1,44526,1,1,1, 44527
16,44539,2,2,1, 44541
24,44549,1,1,1, 44550
25,44555,2,2,1, 44557
31,44556,2,2,1, 44558
2,44563,2,2,1, 44565
1,44566,1,1,1, 44567
8,44576,1,1,0, 44577
9,44577,2,2,1, 44579
16,44579,2,2,1, 44581
8,44616,1,1,0, 44617
8,44656,1,1,1, 44657
1,44686,1,1,0, 44687
8,44696,1,1,0, 44697
16,44699,2,2,1, 44701
17,44699,3,3,1, 44702
24,44709,1,1,1, 44710
31,44716,2,2,1, 44718
2,44723,2,2,1, 44725
1,44726,1,1,1, 44727
8,44736,1,1,1, 44737
24,44749,1,1,0, 44750
1,44766,1,1,0, 44767
8,44776,1,1,0, 44777
24,44789,1,1,0, 44790
1,44806,1,1,1, 44807
8,44816,1,1,1, 44817
9,44817,2,2,1, 44819
16,44819,2,2,1, 44821
24,44829,1,1,0, 44830
25,44835,2,2,1, 44837
1,44846,1,1,1, 44847
9,44857,2,2,1, 44859
24,44869,1,1,1, 44870
1,44886,1,1,1, 44887
2,44923,2,2,1, 44925
1,44926,1,1,1, 44927
8,44936,1,1,0, 44937
25,44955,2,2,1, 44957
1,44966,1,1,0, 44967
8,44976,1,1,1, 44977
16,44979,2,2,1, 44981
24,44989,1,1,0, 44990
31,44996,2,2,1, 44998
1,45006,1,1,0, 45007
8,45016,1,1,1, 45017
24,45029,1,1,1, 45030
2,45043,2,2,1, 45045
1,45046,1,1,1, 45047
8,45056,1,1,1, 45057
17,45059,3,3,1, 45062
8,45096,1,1,0, 45097
8,45136,1,1,0, 45137
1,45166,1,1,1, 45167
8,45176,1,1,0, 45177
17,45179,3,3,1, 45182
24,45189,1,1,1, 45190
1,45206,1,1,0, 45207
8,45216,1,1,1, 45217
24,45229,1,1,0, 45230
25,45235,2,2,1, 45237
31,45236,2,2,1, 45238
1,45246,1,1,0, 45247
8,45256,1,1,1, 45257
16,45259,2,2,1, 45261
1,45286,1,1,1, 45287
8,45296,1,1,1, 45297
9,45297,2,2,1, 45299
1,45326,1,1,0, 45327
8,45336,1,1,0, 45337
9,45337,2,2,1, 45339
16,45339,2,2,1, 45341
24,45349,1,1,0, 45350
25,45355,2,2,1, 45357
31,45356,2,2,1, 45358
8,45376,1,1,0, 45377
16,45379,2,2,1, 45381
24,45389,1,1,0, 45390
25,45395,2,2,1, 45397
8,45416,1,1,1, 45417
16,45419,2,2,1, 45421
25,45475,2,2,1, 45477
2,45483,2,2,1, 45485
1,45486,1,1,0, 45487
1,45526,1,1,0, 45527
8,45536,1,1,1, 45537
24,45549,1,1,0, 45550
1,45566,1,1,1, 45567
8,45576,1,1,1, 45577
24,45589,1,1,1, 45590
31,45596,2,2,1, 45598
1,45606,1,1,0, 45607
8,45616,1,1,0, 45617
24,45629,1,1,1, 45630
25,45635,2,2,1, 45637
1,45646,1,1,0, 45647
8,45656,1,1,0, 45657
9,45657,2,2,1, 45659
1,45686,1,1,1, 45687
1,45726,1,1,1, 45727
1,45766,1,1,1, 45767
8,45776,1,1,1, 45777
16,45779,2,2,1, 45781
24,45789,1,1,1, 45790
1,45806,1,1,1, 45807
8,45816,1,1,0, 45817
16,45819,2,2,1, 45821
24,45829,1,1,0, 45830
25,45835,2,2,1, 45837
1,45846,1,1,1, 45847
8,45856,1,1,1, 45857
1,45886,1,1,1, 45887
8,45896,1,1,0, 45897
9,45897,2,2,1, 45899
17,45899,3,3,1, 45902
1,45926,1,1,1, 45927
8,45936,1,1,1, 45937
25,45955,2,2,1, 45957
31,45956,2,2,1, 45958
1,45966,1,1,0, 45967
8,45976,1,1,0, 45977
24,45989,1,1,1, 45990
1,46006,1,1,0, 46007
8,46016,1,1,1, 46017
9,46017,2,2,1, 46019
16,46019,2,2,1, 46021
1,46046,1,1,0, 46047
2,46083,2,2,1, 46085
1,46086,1,1,1, 46087
2,46123,2,2,1, 46125
1,46126,1,1,0, 46127
8,46136,1,1,1, 46137
9,46137,2,2,1, 46139
24,46149,1,1,1, 46150
31,46156,2,2,1, 46158
8,46176,1,1,0, 46177
16,46179,2,2,1, 46181
24,46189,1,1,1, 46190
8,46216,1,1,0, 46217
1,46246,1,1,0, 46247
8,46256,1,1,0, 46257
16,46259,2,2,1, 46261
17,46259,3,3,1, 46262
2,46283,2,2,1, 46285
1,46286,1,1,1, 46287
8,46296,1,1,0, 46297
16,46299,2,2,1, 46301
25,46315,2,2,1, 46317
31,46316,2,2,1, 46318
8,46336,1,1,0, 46337
16,46339,2,2,1, 46341
24,46349,1,1,0, 46350
31,46356,2,2,1, 46358
8,46376,1,1,0, 46377
24,46389,1,1,1, 46390
31,46396,2,2,1, 46398
24,46429,1,1,0, 46430
25,46435,2,2,1, 46437
2,46443,2,2,1, 46445
1,46446,1,1,0, 46447
1,46486,1,1,1, 46487
8,46496,1,1,0, 46497
9,46497,2,2,1, 46499
17,46499,3,3,1, 46502
25,46515,2,2,1, 46517
1,46526,1,1,1, 46527
8,46536,1,1,1, 46537
16,46539,2,2,1, 46541
24,46549,1,1,1, 46550
31,46556,2,2,1, 46558
1,46566,1,1,0, 46567
8,46576,1,1,1, 46577
16,46579,2,2,1, 46581
24,46589,1,1,1, 46590
31,46596,2,2,1, 46598
1,46606,1,1,1, 46607
8,46616,1,1,0, 46617
9,46617,2,2,1, 46619
16,46619,2,2,1, 46621
25,46635,2,2,1, 46637
1,46646,1,1,0, 46647
1,46686,1,1,0, 46687
25,46715,2,2,1, 46717
1,46726,1,1,1, 46727
8,46736,1,1,0, 46737
9,46737,2,2,1, 46739
16,46739,2,2,1, 46741
24,46749,1,1,1, 46750
1,46766,1,1,1, 46767
16,46779,2,2,1, 46781
24,46789,1,1,0, 46790
25,46795,2,2,1, 46797
31,46796,2,2,1, 46798
2,46803,2,2,1, 46805
1,46806,1,1,0, 46807
2,46843,2,2,1, 46845
1,46846,1,1,1, 46847
8,46856,1,1,0, 46857
1,46886,1,1,1, 46887
8,46896,1,1,0, 46897
24,46909,1,1,1, 46910
1,46926,1,1,0, 46927
8,46936,1,1,0, 46937
24,46949,1,1,0, 46950
25,46955,2,2,1, 46957
1,46966,1,1,0, 46967
8,46976,1,1,1, 46977
16,46979,2,2,1, 46981
24,46989,1,1,1, 46990
25,46995,2,2,1, 46997
1,47006,1,1,1, 47007
8,47016,1,1,0, 47017
24,47029,1,1,0, 47030
25,47035,2,2,1, 47037
31,47036,2,2,1, 47038
1,47046,1,1,0, 47047
8,47056,1,1,1, 47057
24,47069,1,1,0, 47070
25,47075,2,2,1, 47077
31,47076,2,2,1, 47078
2,47083,2,2,1, 47085
1,47086,1,1,1, 47087
8,47096,1,1,0, 47097
9,47097,2,2,1, 47099
16,47099,2,2,1, 47101
15,47101,2,2,1, 47103
1,47206,1,1,0, 47207
8,47216,1,1,0, 47217
16,47219,2,2,1, 47221
24,47229,1,1,1, 47230
31,47236,2,2,1, 47238
2,47243,2,2,1, 47245
1,47246,1,1,0, 47247
8,47256,1,1,1, 47257
24,47269,1,1,0, 47270
2,47283,2,2,1, 47285
1,47286,1,1,0, 47287
8,47296,1,1,1, 47297
16,47299,2,2,1, 47301
2,47323,2,2,1, 47325
1,47326,1,1,1, 47327
8,47336,1,1,0, 47337
17,47339,3,3,1, 47342
8,47376,1,1,1, 47377
16,47379,2,2,1, 47381
1,47406,1,1,1, 47407
8,47416,1,1,0, 47417
16,47419,2,2,1, 47421
24,47429,1,1,0, 47430
25,47435,2,2,1, 47437
1,47446,1,1,0, 47447
8,47456,1,1,1, 47457
9,47457,2,2,1, 47459
16,47459,2,2,1, 47461
1,47566,1,1,1, 47567
8,47576,1,1,0, 47577
9,47577,2,2,1, 47579
16,47579,2,2,1, 47581
24,47589,1,1,1, 47590
25,47595,2,2,1, 47597
1,47606,1,1,0, 47607
8,47616,1,1,1, 47617
16,47619,2,2,1, 47621
24,47629,1,1,1, 47630
31,47636,2,2,1, 47638
1,47646,1,1,0, 47647
8,47656,1,1,0, 47657
1,47686,1,1,0, 47687
8,47696,1,1,1, 47697
9,47697,2,2,1, 47699
15,47701,2,2,1, 47703
8,47736,1,1,1, 47737
15,47741,2,2,1, 47743
24,47749,1,1,1, 47750
8,47776,1,1,1, 47777
16,47779,2,2,1, 47781
24,47789,1,1,0, 47790
1,47806,1,1,0, 47807
8,47816,1,1,1, 47817
9,47817,2,2,1, 47819
25,47835,2,2,1, 47837
1,47846,1,1,0, 47847
9,47857,2,2,1, 47859
8,47936,1,1,1, 47937
24,47949,1,1,1, 47950
1,47966,1,1,0, 47967
8,47976,1,1,0, 47977
9,47977,2,2,1, 47979
24,47989,1,1,0, 47990
31,47996,2,2,1, 47998
1,48006,1,1,0, 48007
8,48016,1,1,0, 48017
24,48029,1,1,1, 48030
31,48036,2,2,1, 48038
2,48043,2,2,1, 48045
1,48046,1,1,0, 48047
8,48056,1,1,1, 48057
16,48059,2,2,1, 48061
17,48059,3,3,1, 48062
8,48096,1,1,0, 48097
16,48099,2,2,1, 48101
8,48136,1,1,0, 48137
16,48139,2,2,1, 48141
1,48166,1,1,0, 48167
8,48176,1,1,0, 48177
9,48177,2,2,1, 48179
16,48179,2,2,1, 48181
17,48179,3,3,1, 48182
24,48189,1,1,0, 48190
25,48195,2,2,1, 48197
31,48196,2,2,1, 48198
1,48206,1,1,0, 48207
24,48229,1,1,0, 48230
25,48235,2,2,1, 48237
31,48236,2,2,1, 48238
1,48246,1,1,0, 48247
25,48275,2,2,1, 48277
1,48286,1,1,0, 48287
8,48296,1,1,0, 48297
9,48297,2,2,1, 48299
16,48299,2,2,1, 48301
17,48299,3,3,1, 48302
1,48326,1,1,1, 48327
8,48336,1,1,0, 48337
24,48349,1,1,1, 48350
1,48366,1,1,0, 48367
8,48376,1,1,1, 48377
24,48389,1,1,0, 48390
31,48396,2,2,1, 48398
1,48406,1,1,1, 48407
8,48416,1,1,0, 48417
9,48417,2,2,1, 48419
16,48419,2,2,1, 48421
1,48526,1,1,0, 48527
8,48536,1,1,0, 48537
16,48539,2,2,1, 48541
24,48549,1,1,0, 48550
2,48563,2,2,1, 48565
1,48566,1,1,0, 48567
24,48589,1,1,0, 48590
25,48595,2,2,1, 48597
31,48596,2,2,1, 48598
1,48606,1,1,0, 48607
1,48646,1,1,0, 48647
8,48656,1,1,0, 48657
9,48657,2,2,1, 48659
8,48696,1,1,1, 48697
16,48699,2,2,1, 48701
24,48709,1,1,1, 48710
25,48715,2,2,1, 48717
8,48736,1,1,1, 48737
24,48749,1,1,0, 48750
1,48766,1,1,1, 48767
8,48776,1,1,0, 48777
17,48779,3,3,1, 48782
24,48789,1,1,1, 48790
2,48803,2,2,1, 48805
1,48806,1,1,0, 48807
24,48829,1,1,1, 48830
31,48836,2,2,1, 48838
1,48846,1,1,0, 48847
24,48869,1,1,1, 48870
31,48876,2,2,1, 48878
1,48886,1,1,0, 48887
8,48896,1,1,1, 48897
17,48899,3,3,1, 48902
25,48915,2,2,1, 48917
1,48926,1,1,1, 48927
8,48936,1,1,1, 48937
16,48939,2,2,1, 48941
25,48955,2,2,1, 48957
1,48966,1,1,0, 48967
8,48976,1,1,0, 48977
16,48979,2,2,1, 48981
2,49003,2,2,1, 49005
1,49006,1,1,0, 49007
8,49016,1,1,1, 49017
9,49017,2,2,1, 49019
24,49029,1,1,1, 49030
31,49036,2,2,1, 49038
2,49043,2,2,1, 49045
1,49046,1,1,0, 49047
8,49056,1,1,1, 49057
24,49069,1,1,1, 49070
31,49076,2,2,1, 49078
8,49096,1,1,0, 49097
24,49109,1,1,1, 49110
8,49136,1,1,1, 49137
9,49137,2,2,1, 49139
16,49139,2,2,1, 49141
17,49139,3,3,1, 49142
24,49149,1,1,1, 49150
8,49176,1,1,1, 49177
24,49189,1,1,1, 49190
31,49196,2,2,1, 49198
1,49206,1,1,0, 49207
8,49216,1,1,1, 49217
16,49219,2,2,1, 49221
2,49243,2,2,1, 49245
1,49246,1,1,1, 49247
8,49256,1,1,1, 49257
16,49259,2,2,1, 49261
1,49286,1,1,0, 49287
24,49309,1,1,0, 49310
25,49315,2,2,1, 49317
31,49316,2,2,1, 49318
1,49326,1,1,1, 49327
16,49339,2,2,1, 49341
24,49349,1,1,0, 49350
31,49356,2,2,1, 49358
2,49363,2,2,1, 49365
1,49366,1,1,1, 49367
8,49376,1,1,0, 49377
9,49377,2,2,1, 49379
25,49395,2,2,1, 49397
2,49403,2,2,1, 49405
1,49406,1,1,1, 49407
8,49416,1,1,0, 49417
16,49419,2,2,1, 49421
25,49435,2,2,1, 49437
1,49446,1,1,0, 49447
8,49456,1,1,0, 49457
16,49459,2,2,1, 49461
1,49486,1,1,1, 49487
8,49496,1,1,0, 49497
9,49497,2,2,1, 49499
16,49499,2,2,1, 49501
24,49509,1,1,0, 49510
31,49516,2,2,1, 49518
1,49526,1,1,1, 49527
24,49549,1,1,1, 49550
31,49556,2,2,1, 49558
1,49566,1,1,1, 49567
2,49603,2,2,1, 49605
1,49606,1,1,1, 49607
8,49616,1,1,1, 49617
9,49617,2,2,1, 49619
16,49619,2,2,1, 49621
25,49675,2,2,1, 49677
31,49676,2,2,1, 49678
8,49696,1,1,0, 49697
16,49699,2,2,1, 49701
24,49709,1,1,0, 49710
1,49726,1,1,0, 49727
8,49736,1,1,0, 49737
9,49737,2,2,1, 49739
16,49739,2,2,1, 49741
17,49739,3,3,1, 49742
24,49749,1,1,1, 49750
31,49756,2,2,1, 49758
2,49763,2,2,1, 49765
1,49766,1,1,1, 49767
24,49789,1,1,1, 49790
25,49795,2,2,1, 49797
31,49796,2,2,1, 49798
2,49803,2,2,1, 49805
1,49806,1,1,0, 49807
8,49816,1,1,0, 49817
1,49846,1,1,1, 49847
8,49856,1,1,0, 49857
16,49859,2,2,1, 49861
25,49875,2,2,1, 49877
1,49886,1,1,1, 49887
8,49896,1,1,0, 49897
16,49899,2,2,1, 49901
1,49926,1,1,0, 49927
8,49936,1,1,1, 49937
25,49955,2,2,1, 49957
2,49963,2,2,1, 49965
1,49966,1,1,1, 49967
8,49976,1,1,1, 49977
9,49977,2,2,1, 49979
16,49979,2,2,1, 49981
17,49979,3,3,1, 49982
24,49989,1,1,1, 49990
1,50006,1,1,1, 50007
24,50029,1,1,0, 50030
1,50046,1,1,0, 50047
8,50056,1,1,0, 50057
24,50069,1,1,1, 50070
31,50076,2,2,1, 50078
1,50086,1,1,1, 50087
8,50096,1,1,0, 50097
25,50115,2,2,1, 50117
1,50126,1,1,0, 50127
8,50136,1,1,1, 50137
25,50155,2,2,1, 50157
1,50166,1,1,0, 50167
8,50176,1,1,0, 50177
16,50179,2,2,1, 50181
25,50195,2,2,1, 50197
1,50206,1,1,0, 50207
8,50216,1,1,1, 50217
9,50217,2,2,1, 50219
17,50219,3,3,1, 50222
24,50229,1,1,1, 50230
25,50235,2,2,1, 50237
1,50246,1,1,1, 50247
16,50259,2,2,1, 50261
24,50269,1,1,1, 50270
25,50275,2,2,1, 50277
2,50283,2,2,1, 50285
1,50286,1,1,0, 50287
8,50296,1,1,0, 50297
1,50326,1,1,1, 50327
8,50336,1,1,0, 50337
8,50376,1,1,1, 50377
9,50377,2,2,1, 50379
16,50379,2,2,1, 50381
24,50389,1,1,0, 50390
25,50395,2,2,1, 50397
31,50396,2,2,1, 50398
1,50446,1,1,1, 50447
25,50475,2,2,1, 50477
2,50483,2,2,1, 50485
1,50486,1,1,0, 50487
24,50509,1,1,1, 50510
1,50526,1,1,1, 50527
8,50536,1,1,1, 50537
9,50537,2,2,1, 50539
15,50541,2,2,1, 50543
24,50549,1,1,0, 50550
1,50566,1,1,0, 50567
8,50576,1,1,0, 50577
9,50577,2,2,1, 50579
16,50579,2,2,1, 50581
1,50606,1,1,0, 50607
1,50646,1,1,0, 50647
24,50669,1,1,1, 50670
25,50675,2,2,1, 50677
2,50683,2,2,1, 50685
1,50686,1,1,0, 50687
8,50696,1,1,1, 50697
9,50697,2,2,1, 50699
16,50699,2,2,1, 50701
1,50726,1,1,1, 50727
8,50736,1,1,0, 50737
16,50739,2,2,1, 50741
1,50766,1,1,1, 50767
8,50776,1,1,0, 50777
1,50806,1,1,1, 50807
8,50816,1,1,1, 50817
9,50817,2,2,1, 50819
16,50819,2,2,1, 50821
24,50829,1,1,1, 50830
25,50835,2,2,1, 50837
2,50843,2,2,1, 50845
1,50846,1,1,1, 50847
24,50869,1,1,0, 50870
25,50875,2,2,1, 50877
1,50886,1,1,0, 50887
24,50909,1,1,1, 50910
31,50916,2,2,1, 50918
1,50926,1,1,1, 50927
8,50936,1,1,0, 50937
9,50937,2,2,1, 50939
16,50939,2,2,1, 50941
1,50966,1,1,1, 50967
25,50995,2,2,1, 50997
1,51006,1,1,1, 51007
2,51043,2,2,1, 51045
1,51046,1,1,1, 51047
8,51056,1,1,0, 51057
9,51057,2,2,1, 51059
16,51059,2,2,1, 51061
24,51069,1,1,0, 51070
31,51076,2,2,1, 51078
8,51096,1,1,0, 51097
24,51109,1,1,1, 51110
25,51115,2,2,1, 51117
31,51116,2,2,1, 51118
8,51136,1,1,0, 51137
1,51166,1,1,0, 51167
8,51176,1,1,1, 51177
16,51179,2,2,1, 51181
17,51179,3,3,1, 51182
2,51203,2,2,1, 51205
1,51206,1,1,0, 51207
24,51229,1,1,0, 51230
31,51236,2,2,1, 51238
1,51246,1,1,0, 51247
16,51259,2,2,1, 51261
24,51269,1,1,0, 51270
31,51276,2,2,1, 51278
2,51283,2,2,1, 51285
1,51286,1,1,0, 51287
8,51296,1,1,0, 51297
8,51336,1,1,0, 51337
16,51339,2,2,1, 51341
8,51376,1,1,1, 51377
16,51379,2,2,1, 51381
1,51406,1,1,1, 51407
8,51416,1,1,0, 51417
16,51419,2,2,1, 51421
24,51429,1,1,1, 51430
25,51435,2,2,1, 51437
31,51436,2,2,1, 51438
1,51446,1,1,0, 51447
24,51469,1,1,0, 51470
31,51476,2,2,1, 51478
1,51486,1,1,1, 51487
25,51515,2,2,1, 51517
1,51526,1,1,0, 51527
8,51536,1,1,1, 51537
16,51539,2,2,1, 51541
15,51541,2,2,1, 51543
1,51566,1,1,1, 51567
9,51577,2,2,1, 51579
8,51616,1,1,1, 51617
17,51619,3,3,1, 51622
15,51621,2,2,1, 51623
24,51629,1,1,0, 51630
23,51628,3,3,1, 51631
8,51656,1,1,0, 51657
24,51669,1,1,0, 51670
31,51676,2,2,1, 51678
8,51696,1,1,1, 51697
17,51699,3,3,1, 51702
24,51709,1,1,0, 51710
31,51716,2,2,1, 51718
1,51726,1,1,0, 51727
25,51755,2,2,1, 51757
2,51763,2,2,1, 51765
1,51766,1,1,0, 51767
1,51806,1,1,1, 51807
24,51829,1,1,1, 51830
1,51846,1,1,0, 51847
9,51857,2,2,1, 51859
16,51859,2,2,1, 51861
24,51869,1,1,0, 51870
25,51875,2,2,1, 51877
31,51876,2,2,1, 51878
1,51886,1,1,0, 51887
8,51896,1,1,0, 51897
16,51899,2,2,1, 51901
15,51901,2,2,1, 51903
24,51909,1,1,0, 51910
24,51949,1,1,1, 51950
8,51976,1,1,1, 51977
24,51989,1,1,0, 51990
31,51996,2,2,1, 51998
1,52006,1,1,1, 52007
8,52016,1,1,0, 52017
9,52017,2,2,1, 52019
17,52019,3,3,1, 52022
24,52029,1,1,0, 52030
1,52046,1,1,0, 52047
8,52056,1,1,0, 52057
9,52057,2,2,1, 52059
24,52069,1,1,1, 52070
31,52076,2,2,1, 52078
1,52086,1,1,0, 52087
2,52123,2,2,1, 52125
1,52126,1,1,0, 52127
2,52163,2,2,1, 52165
1,52166,1,1,0, 52167
23,52188,3,3,1, 52191
31,52196,2,2,1, 52198
2,52203,2,2,1, 52205
1,52206,1,1,1, 52207
8,52216,1,1,0, 52217
9,52217,2,2,1, 52219
16,52219,2,2,1, 52221
17,52219,3,3,1, 52222
1,52246,1,1,1, 52247
8,52256,1,1,0, 52257
16,52259,2,2,1, 52261
17,52259,3,3,1, 52262
24,52309,1,1,0, 52310
24,52349,1,1,1, 52350
31,52356,2,2,1, 52358
1,52366,1,1,1, 52367
9,52377,2,2,1, 52379
17,52379,3,3,1, 52382
24,52389,1,1,1, 52390
31,52396,2,2,1, 52398
1,52406,1,1,1, 52407
9,52417,2,2,1, 52419
24,52429,1,1,0, 52430
1,52446,1,1,0, 52447
8,52456,1,1,0, 52457
16,52459,2,2,1, 52461
24,52469,1,1,0, 52470
1,52486,1,1,1, 52487
8,52496,1,1,0, 52497
24,52509,1,1,1, 52510
1,52526,1,1,0, 52527
8,52536,1,1,0, 52537
15,52541,2,2,1, 52543
24,52549,1,1,1, 52550
1,52566,1,1,0, 52567
8,52576,1,1,0, 52577
16,52579,2,2,1, 52581
1,52606,1,1,0, 52607
8,52616,1,1,1, 52617
9,52617,2,2,1, 52619
25,52635,2,2,1, 52637
2,52643,2,2,1, 52645
1,52646,1,1,1, 52647
8,52656,1,1,0, 52657
24,52669,1,1,0, 52670
25,52675,2,2,1, 52677
31,52676,2,2,1, 52678
1,52686,1,1,0, 52687
8,52696,1,1,0, 52697
24,52709,1,1,1, 52710
25,52715,2,2,1, 52717
1,52726,1,1,0, 52727
8,52736,1,1,0, 52737
9,52737,2,2,1, 52739
2,52803,2,2,1, 52805
1,52806,1,1,0, 52807
1,52846,1,1,1, 52847
8,52856,1,1,0, 52857
16,52859,2,2,1, 52861
24,52869,1,1,1, 52870
1,52886,1,1,0, 52887
8,52896,1,1,0, 52897
16,52899,2,2,1, 52901
24,52909,1,1,1, 52910
1,52926,1,1,0, 52927
8,52936,1,1,1, 52937
16,52939,2,2,1, 52941
15,52941,2,2,1, 52943
24,52949,1,1,1, 52950
31,52956,2,2,1, 52958
1,52966,1,1,1, 52967
8,52976,1,1,1, 52977
16,52979,2,2,1, 52981
25,52995,2,2,1, 52997
1,53006,1,1,1, 53007
1,53046,1,1,1, 53047
25,53075,2,2,1, 53077
1,53086,1,1,1, 53087
8,53096,1,1,0, 53097
9,53097,2,2,1, 53099
16,53099,2,2,1, 53101
24,53109,1,1,1, 53110
1,53126,1,1,1, 53127
8,53136,1,1,1, 53137
16,53139,2,2,1, 53141
24,53149,1,1,1, 53150
31,53156,2,2,1, 53158
1,53166,1,1,1, 53167
8,53176,1,1,0, 53177
24,53189,1,1,1, 53190
31,53196,2,2,1, 53198
2,53203,2,2,1, 53205
1,53206,1,1,1, 53207
8,53216,1,1,1, 53217
15,53221,2,2,1, 53223
24,53229,1,1,0, 53230
31,53236,2,2,1, 53238
8,53256,1,1,1, 53257
24,53269,1,1,1, 53270
25,53275,2,2,1, 53277
31,53276,2,2,1, 53278
8,53296,1,1,0, 53297
8,53336,1,1,1, 53337
16,53339,2,2,1, 53341
8,53376,1,1,1, 53377
25,53395,2,2,1, 53397
1,53406,1,1,0, 53407
8,53416,1,1,0, 53417
24,53429,1,1,0, 53430
1,53446,1,1,1, 53447
8,53456,1,1,0, 53457
16,53459,2,2,1, 53461
24,53469,1,1,0, 53470
2,53483,2,2,1, 53485
1,53486,1,1,1, 53487
8,53496,1,1,1, 53497
24,53509,1,1,1, 53510
23,53508,3,3,1, 53511
25,53515,2,2,1, 53517
1,53526,1,1,1, 53527
16,53539,2,2,1, 53541
24,53549,1,1,1, 53550
25,53555,2,2,1, 53557
1,53566,1,1,1, 53567
16,53579,2,2,1, 53581
25,53595,2,2,1, 53597
1,53606,1,1,0, 53607
1,53646,1,1,0, 53647
8,53656,1,1,1, 53657
16,53659,2,2,1, 53661
25,53675,2,2,1, 53677
1,53686,1,1,1, 53687
8,53696,1,1,0, 53697
9,53697,2,2,1, 53699
24,53709,1,1,0, 53710
31,53716,2,2,1, 53718
1,53726,1,1,0, 53727
8,53736,1,1,1, 53737
24,53749,1,1,1, 53750
31,53756,2,2,1, 53758
1,53766,1,1,0, 53767
8,53776,1,1,1, 53777
24,53789,1,1,1, 53790
1,53806,1,1,0, 53807
8,53816,1,1,1, 53817
9,53817,2,2,1, 53819
16,53819,2,2,1, 53821
2,53843,2,2,1, 53845
1,53846,1,1,1, 53847
9,53857,2,2,1, 53859
2,53883,2,2,1, 53885
1,53886,1,1,1, 53887
9,53897,2,2,1, 53899
2,53923,2,2,1, 53925
1,53926,1,1,0, 53927
8,53936,1,1,0, 53937
24,53949,1,1,0, 53950
1,53966,1,1,0, 53967
8,53976,1,1,1, 53977
24,53989,1,1,0, 53990
1,54006,1,1,0, 54007
8,54016,1,1,0, 54017
16,54019,2,2,1, 54021
24,54029,1,1,0, 54030
1,54046,1,1,0, 54047
8,54056,1,1,1, 54057
16,54059,2,2,1, 54061
1,54086,1,1,0, 54087
2,54123,2,2,1, 54125
1,54126,1,1,0, 54127
1,54166,1,1,0, 54167
8,54176,1,1,0, 54177
16,54179,2,2,1, 54181
24,54189,1,1,1, 54190
1,54206,1,1,0, 54207
8,54216,1,1,0, 54217
24,54229,1,1,0, 54230
25,54235,2,2,1, 54237
31,54236,2,2,1, 54238
1,54246,1,1,0, 54247
8,54256,1,1,0, 54257
25,54275,2,2,1, 54277
1,54286,1,1,0, 54287
8,54296,1,1,1, 54297
9,54297,2,2,1, 54299
1,54326,1,1,0, 54327
8,54336,1,1,1, 54337
15,54341,2,2,1, 54343
24,54349,1,1,0, 54350
1,54366,1,1,1, 54367
8,54376,1,1,0, 54377
9,54377,2,2,1, 54379
24,54389,1,1,0, 54390
25,54395,2,2,1, 54397
1,54406,1,1,0, 54407
8,54416,1,1,0, 54417
16,54419,2,2,1, 54421
24,54429,1,1,1, 54430
25,54435,2,2,1, 54437
31,54436,2,2,1, 54438
24,54469,1,1,1, 54470
25,54475,2,2,1, 54477
31,54476,2,2,1, 54478
1,54526,1,1,0, 54527
8,54536,1,1,0, 54537
16,54539,2,2,1, 54541
15,54541,2,2,1, 54543
1,54566,1,1,0, 54567
8,54576,1,1,0, 54577
16,54579,2,2,1, 54581
24,54589,1,1,0, 54590
2,54603,2,2,1, 54605
1,54606,1,1,0, 54607
8,54616,1,1,1, 54617
24,54629,1,1,0, 54630
25,54635,2,2,1, 54637
1,54646,1,1,1, 54647
8,54656,1,1,1, 54657
9,54657,2,2,1, 54659
24,54669,1,1,0, 54670
25,54675,2,2,1, 54677
31,54676,2,2,1, 54678
2,54683,2,2,1, 54685
1,54686,1,1,0, 54687
8,54696,1,1,1, 54697
24,54709,1,1,0, 54710
31,54716,2,2,1, 54718
8,54736,1,1,1, 54737
24,54749,1,1,1, 54750
8,54776,1,1,1, 54777
9,54777,2,2,1, 54779
16,54779,2,2,1, 54781
24,54789,1,1,0, 54790
31,54796,2,2,1, 54798
8,54816,1,1,0, 54817
9,54817,2,2,1, 54819
24,54829,1,1,0, 54830
25,54835,2,2,1, 54837
2,54843,2,2,1, 54845
1,54846,1,1,0, 54847
9,54857,2,2,1, 54859
25,54875,2,2,1, 54877
1,54886,1,1,1, 54887
24,54949,1,1,0, 54950
31,54956,2,2,1, 54958
8,54976,1,1,0, 54977
24,54989,1,1,0, 54990
1,55006,1,1,0, 55007
8,55016,1,1,1, 55017
15,55021,2,2,1, 55023
24,55029,1,1,0, 55030
31,55036,2,2,1, 55038
2,55043,2,2,1, 55045
1,55046,1,1,0, 55047
8,55056,1,1,0, 55057
24,55069,1,1,0, 55070
25,55075,2,2,1, 55077
2,55083,2,2,1, 55085
1,55086,1,1,0, 55087
8,55096,1,1,0, 55097
9,55097,2,2,1, 55099
1,55126,1,1,0, 55127
8,55136,1,1,1, 55137
9,55137,2,2,1, 55139
16,55139,2,2,1, 55141
8,55176,1,1,0, 55177
24,55189,1,1,0, 55190
25,55195,2,2,1, 55197
31,55196,2,2,1, 55198
8,55216,1,1,1, 55217
24,55229,1,1,0, 55230
1,55246,1,1,1, 55247
8,55256,1,1,1, 55257
9,55257,2,2,1, 55259
24,55269,1,1,1, 55270
2,55283,2,2,1, 55285
1,55286,1,1,0, 55287
8,55296,1,1,1, 55297
15,55301,2,2,1, 55303
24,55309,1,1,1, 55310
31,55316,2,2,1, 55318
1,55326,1,1,0, 55327
2,55363,2,2,1, 55365
1,55366,1,1,0, 55367
25,55395,2,2,1, 55397
2,55403,2,2,1, 55405
1,55406,1,1,0, 55407
24,55429,1,1,1, 55430
25,55435,2,2,1, 55437
8,55456,1,1,0, 55457
16,55459,2,2,1, 55461
24,55469,1,1,0, 55470
31,55476,2,2,1, 55478
8,55496,1,1,0, 55497
9,55497,2,2,1, 55499
16,55499,2,2,1, 55501
8,55536,1,1,1, 55537
9,55537,2,2,1, 55539
16,55539,2,2,1, 55541
1,55566,1,1,1, 55567
2,55603,2,2,1, 55605
1,55606,1,1,1, 55607
24,55629,1,1,0, 55630
1,55646,1,1,0, 55647
24,55669,1,1,0, 55670
25,55675,2,2,1, 55677
8,55696,1,1,0, 55697
15,55701,2,2,1, 55703
24,55709,1,1,1, 55710
31,55716,2,2,1, 55718
8,55736,1,1,1, 55737
24,55749,1,1,1, 55750
8,55776,1,1,0, 55777
24,55789,1,1,0, 55790
1,55806,1,1,0, 55807
8,55816,1,1,1, 55817
16,55819,2,2,1, 55821
24,55829,1,1,0, 55830
25,55835,2,2,1, 55837
31,55836,2,2,1, 55838
1,55846,1,1,1, 55847
8,55856,1,1,1, 55857
25,55875,2,2,1, 55877
1,55886,1,1,1, 55887
8,55896,1,1,0, 55897
9,55897,2,2,1, 55899
16,55899,2,2,1, 55901
25,55915,2,2,1, 55917
24,55989,1,1,0, 55990
24,56029,1,1,0, 56030
25,56035,2,2,1, 56037
2,56043,2,2,1, 56045
1,56046,1,1,1, 56047
8,56056,1,1,0, 56057
24,56069,1,1,1, 56070
2,56083,2,2,1, 56085
1,56086,1,1,1, 56087
8,56096,1,1,1, 56097
1,56126,1,1,0, 56127
8,56136,1,1,1, 56137
25,56155,2,2,1, 56157
2,56163,2,2,1, 56165
1,56166,1,1,1, 56167
8,56176,1,1,1, 56177
9,56177,2,2,1, 56179
1,56206,1,1,1, 56207
8,56216,1,1,1, 56217
16,56219,2,2,1, 56221
15,56221,2,2,1, 56223
24,56229,1,1,0, 56230
31,56236,2,2,1, 56238
8,56256,1,1,0, 56257
15,56261,2,2,1, 56263
24,56269,1,1,0, 56270
25,56275,2,2,1, 56277
8,56296,1,1,1, 56297
24,56309,1,1,1, 56310
1,56326,1,1,1, 56327
8,56336,1,1,1, 56337
24,56349,1,1,0, 56350
1,56366,1,1,0, 56367
8,56376,1,1,1, 56377
9,56377,2,2,1, 56379
24,56389,1,1,1, 56390
1,56406,1,1,0, 56407
8,56416,1,1,0, 56417
24,56429,1,1,1, 56430
2,56443,2,2,1, 56445
1,56446,1,1,1, 56447
8,56456,1,1,1, 56457
9,56457,2,2,1, 56459
15,56461,2,2,1, 56463
24,56469,1,1,1, 56470
2,56483,2,2,1, 56485
1,56486,1,1,0, 56487
8,56496,1,1,1, 56497
15,56501,2,2,1, 56503
24,56509,1,1,0, 56510
25,56515,2,2,1, 56517
2,56523,2,2,1, 56525
1,56526,1,1,0, 56527
8,56536,1,1,0, 56537
15,56541,2,2,1, 56543
24,56549,1,1,0, 56550
25,56555,2,2,1, 56557
2,56563,2,2,1, 56565
1,56566,1,1,0, 56567
8,56576,1,1,0, 56577
9,56577,2,2,1, 56579
15,56581,2,2,1, 56583
24,56589,1,1,1, 56590
8,56616,1,1,1, 56617
9,56617,2,2,1, 56619
24,56629,1,1,1, 56630
25,56635,2,2,1, 56637
24,56669,1,1,0, 56670
25,56675,2,2,1, 56677
1,56686,1,1,0, 56687
24,56709,1,1,0, 56710
25,56715,2,2,1, 56717
1,56726,1,1,0, 56727
9,56737,2,2,1, 56739
24,56749,1,1,0, 56750
25,56755,2,2,1, 56757
2,56763,2,2,1, 56765
1,56766,1,1,0, 56767
8,56776,1,1,0, 56777
9,56777,2,2,1, 56779
16,56779,2,2,1, 56781
24,56789,1,1,0, 56790
25,56795,2,2,1, 56797
8,56816,1,1,1, 56817
16,56819,2,2,1, 56821
15,56821,2,2,1, 56823
2,56883,2,2,1, 56885
1,56886,1,1,0, 56887
8,56896,1,1,1, 56897
15,56901,2,2,1, 56903
25,56915,2,2,1, 56917
1,56926,1,1,1, 56927
8,56936,1,1,0, 56937
16,56939,2,2,1, 56941
24,56949,1,1,1, 56950
25,56955,2,2,1, 56957
2,56963,2,2,1, 56965
1,56966,1,1,1, 56967
9,56977,2,2,1, 56979
24,56989,1,1,0, 56990
24,57029,1,1,1, 57030
8,57056,1,1,1, 57057
9,57057,2,2,1, 57059
15,57061,2,2,1, 57063
24,57069,1,1,0, 57070
25,57075,2,2,1, 57077
8,57096,1,1,0, 57097
9,57097,2,2,1, 57099
16,57099,2,2,1, 57101
15,57101,2,2,1, 57103
24,57109,1,1,0, 57110
2,57123,2,2,1, 57125
1,57126,1,1,0, 57127
16,57139,2,2,1, 57141
24,57149,1,1,0, 57150
2,57163,2,2,1, 57165
1,57166,1,1,0, 57167
16,57179,2,2,1, 57181
24,57189,1,1,1, 57190
1,57206,1,1,0, 57207
24,57229,1,1,1, 57230
1,57246,1,1,1, 57247
8,57256,1,1,0, 57257
9,57257,2,2,1, 57259
15,57261,2,2,1, 57263
24,57269,1,1,0, 57270
2,57283,2,2,1, 57285
1,57286,1,1,0, 57287
8,57296,1,1,1, 57297
24,57309,1,1,1, 57310
2,57323,2,2,1, 57325
1,57326,1,1,0, 57327
8,57336,1,1,0, 57337
15,57341,2,2,1, 57343
24,57349,1,1,1, 57350
25,57355,2,2,1, 57357
24,57389,1,1,1, 57390
25,57395,2,2,1, 57397
24,57429,1,1,0, 57430
24,57469,1,1,0, 57470
2,57483,2,2,1, 57485
1,57486,1,1,0, 57487
8,57496,1,1,1, 57497
15,57501,2,2,1, 57503
24,57509,1,1,0, 57510
25,57515,2,2,1, 57517
2,57523,2,2,1, 57525
1,57526,1,1,0, 57527
8,57536,1,1,1, 57537
15,57541,2,2,1, 57543
24,57549,1,1,1, 57550
2,57563,2,2,1, 57565
1,57566,1,1,1, 57567
8,57576,1,1,0, 57577
15,57581,2,2,1, 57583
24,57589,1,1,1, 57590
25,57595,2,2,1, 57597
8,57616,1,1,0, 57617
15,57621,2,2,1, 57623
24,57629,1,1,1, 57630
25,57635,2,2,1, 57637
8,57656,1,1,0, 57657
15,57661,2,2,1, 57663
24,57669,1,1,0, 57670
8,57696,1,1,0, 57697
15,57701,2,2,1, 57703
24,57709,1,1,1, 57710
1,57726,1,1,1, 57727
9,57737,2,2,1, 57739
24,57749,1,1,0, 57750
2,57763,2,2,1, 57765
1,57766,1,1,0, 57767
16,57779,2,2,1, 57781
24,57789,1,1,0, 57790
25,57795,2,2,1, 57797
16,57819,2,2,1, 57821
24,57829,1,1,0, 57830
25,57835,2,2,1, 57837
8,57856,1,1,1, 57857
9,57857,2,2,1, 57859
15,57861,2,2,1, 57863
24,57869,1,1,0, 57870
8,57896,1,1,0, 57897
9,57897,2,2,1, 57899
16,57899,2,2,1, 57901
24,57909,1,1,0, 57910
25,57915,2,2,1, 57917
24,57949,1,1,1, 57950
24,57989,1,1,1, 57990
25,57995,2,2,1, 57997
8,58016,1,1,0, 58017
16,58019,2,2,1, 58021
24,58029,1,1,0, 58030
8,58056,1,1,1, 58057
9,58057,2,2,1, 58059
16,58059,2,2,1, 58061
24,58069,1,1,1, 58070
25,58075,2,2,1, 58077
8,58096,1,1,1, 58097
16,58099,2,2,1, 58101
24,58109,1,1,1, 58110
25,58115,2,2,1, 58117
8,58136,1,1,1, 58137
24,58149,1,1,0, 58150
8,58176,1,1,0, 58177
16,58179,2,2,1, 58181
24,58189,1,1,0, 58190
24,58309,1,1,0, 58310
8,58336,1,1,0, 58337
9,58337,2,2,1, 58339
15,58341,2,2,1, 58343
24,58349,1,1,0, 58350
25,58355,2,2,1, 58357
8,58376,1,1,0, 58377
24,58389,1,1,0, 58390
8,58416,1,1,1, 58417
15,58421,2,2,1, 58423
24,58429,1,1,0, 58430
25,58435,2,2,1, 58437
8,58456,1,1,1, 58457
24,58469,1,1,0, 58470
8,58496,1,1,1, 58497
16,58499,2,2,1, 58501
15,58501,2,2,1, 58503
24,58509,1,1,1, 58510
25,58515,2,2,1, 58517
8,58536,1,1,0, 58537
9,58537,2,2,1, 58539
24,58549,1,1,1, 58550
25,58555,2,2,1, 58557
8,58576,1,1,0, 58577
24,58589,1,1,1, 58590
8,58616,1,1,1, 58617
9,58617,2,2,1, 58619
24,58629,1,1,0, 58630
25,58635,2,2,1, 58637
24,58669,1,1,0, 58670
16,58699,2,2,1, 58701
24,58709,1,1,0, 58710
8,58736,1,1,0, 58737
16,58739,2,2,1, 58741
24,58749,1,1,1, 58750
8,58776,1,1,1, 58777
9,58777,2,2,1, 58779
15,58781,2,2,1, 58783
24,58789,1,1,0, 58790
25,58795,2,2,1, 58797
8,58816,1,1,1, 58817
9,58817,2,2,1, 58819
24,58829,1,1,1, 58830
25,58835,2,2,1, 58837
8,58856,1,1,1, 58857
9,58857,2,2,1, 58859
24,58869,1,1,1, 58870
25,58875,2,2,1, 58877
24,58909,1,1,1, 58910
25,58915,2,2,1, 58917
24,58949,1,1,0, 58950
8,58976,1,1,0, 58977
9,58977,2,2,1, 58979
16,58979,2,2,1, 58981
15,58981,2,2,1, 58983
24,58989,1,1,1, 58990
25,58995,2,2,1, 58997
8,59016,1,1,0, 59017
15,59021,2,2,1, 59023
24,59029,1,1,0, 59030
8,59056,1,1,1, 59057
9,59057,2,2,1, 59059
15,59061,2,2,1, 59063
24,59069,1,1,0, 59070
8,59096,1,1,0, 59097
16,59099,2,2,1, 59101
24,59109,1,1,0, 59110
25,59115,2,2,1, 59117
24,59149,1,1,0, 59150
25,59155,2,2,1, 59157
16,59179,2,2,1, 59181
24,59189,1,1,1, 59190
8,59216,1,1,1, 59217
16,59219,2,2,1, 59221
24,59229,1,1,0, 59230
8,59256,1,1,0, 59257
9,59257,2,2,1, 59259
15,59261,2,2,1, 59263
24,59269,1,1,1, 59270
8,59296,1,1,1, 59297
9,59297,2,2,1, 59299
24,59309,1,1,0, 59310
8,59336,1,1,1, 59337
24,59349,1,1,1, 59350
25,59355,2,2,1, 59357
24,59389,1,1,1, 59390
24,59429,1,1,1, 59430
8,59456,1,1,0, 59457
24,59469,1,1,0, 59470
8,59496,1,1,0, 59497
9,59497,2,2,1, 59499
24,59509,1,1,0, 59510
25,59515,2,2,1, 59517
8,59536,1,1,0, 59537
9,59537,2,2,1, 59539
15,59541,2,2,1, 59543
24,59549,1,1,0, 59550
25,59555,2,2,1, 59557
8,59576,1,1,0, 59577
9,59577,2,2,1, 59579
24,59589,1,1,0, 59590
25,59595,2,2,1, 59597
16,59619,2,2,1, 59621
24,59629,1,1,1, 59630
25,59635,2,2,1, 59637
16,59659,2,2,1, 59661
24,59669,1,1,0, 59670
25,59675,2,2,1, 59677
8,59696,1,1,0, 59697
9,59697,2,2,1, 59699
15,59701,2,2,1, 59703
24,59709,1,1,1, 59710
8,59736,1,1,1, 59737
9,59737,2,2,1, 59739
24,59749,1,1,0, 59750
25,59755,2,2,1, 59757
8,59776,1,1,1, 59777
24,59789,1,1,1, 59790
25,59795,2,2,1, 59797
8,59816,1,1,1, 59817
9,59817,2,2,1, 59819
15,59821,2,2,1, 59823
24,59829,1,1,0, 59830
25,59835,2,2,1, 59837
8,59856,1,1,1, 59857
24,59869,1,1,1, 59870
8,59896,1,1,1, 59897
9,59897,2,2,1, 59899
24,59909,1,1,1, 59910
8,59936,1,1,1, 59937
24,59949,1,1,0, 59950
25,59955,2,2,1, 59957
8,59976,1,1,0, 59977
24,59989,1,1,1, 59990
25,59995,2,2,1, 59997
8,60016,1,1,0, 60017
9,60017,2,2,1, 60019
24,60029,1,1,1, 60030
25,60035,2,2,1, 60037
8,60056,1,1,1, 60057
9,60057,2,2,1, 60059
24,60069,1,1,1, 60070
25,60075,2,2,1, 60077
8,60096,1,1,1, 60097
24,60109,1,1,1, 60110
25,60115,2,2,1, 60117
8,60136,1,1,1, 60137
15,60141,2,2,1, 60143
24,60149,1,1,0, 60150
8,60176,1,1,0, 60177
9,60177,2,2,1, 60179
24,60189,1,1,1, 60190
8,60216,1,1,1, 60217
9,60217,2,2,1, 60219
24,60229,1,1,0, 60230
8,60256,1,1,1, 60257
24,60269,1,1,0, 60270
25,60275,2,2,1, 60277
8,60296,1,1,1, 60297
15,60301,2,2,1, 60303
24,60309,1,1,0, 60310
8,60336,1,1,0, 60337
9,60337,2,2,1, 60339
15,60341,2,2,1, 60343
24,60349,1,1,1, 60350
25,60355,2,2,1, 60357
8,60376,1,1,1, 60377
24,60389,1,1,1, 60390
8,60416,1,1,0, 60417
24,60429,1,1,0, 60430
25,60435,2,2,1, 60437
8,60456,1,1,1, 60457
9,60457,2,2,1, 60459
24,60469,1,1,1, 60470
25,60475,2,2,1, 60477
8,60496,1,1,0, 60497
24,60509,1,1,1, 60510
25,60515,2,2,1, 60517
8,60536,1,1,1, 60537
15,60541,2,2,1, 60543
24,60549,1,1,0, 60550
25,60555,2,2,1, 60557
8,60576,1,1,1, 60577
15,60581,2,2,1, 60583
24,60589,1,1,0, 60590
8,60616,1,1,0, 60617
24,60629,1,1,0, 60630
25,60635,2,2,1, 60637
8,60656,1,1,1, 60657
24,60669,1,1,0, 60670
25,60675,2,2,0, 60677
8,60696,1,1,0, 60697
24,60709,1,1,0, 60710
25,60715,2,2,0, 60717
8,60736,1,1,1, 60737
15,60741,2,2,1, 60743
24,60749,1,1,0, 60750
25,60755,2,2,1, 60757
8,60776,1,1,1, 60777
9,60777,2,2,1, 60779
15,60781,2,2,1, 60783
24,60789,1,1,0, 60790
25,60795,2,2,1, 60797
8,60816,1,1,0, 60817
24,60829,1,1,1, 60830
25,60835,2,2,1, 60837
8,60856,1,1,0, 60857
15,60861,2,2,1, 60863
24,60869,1,1,0, 60870
25,60875,2,2,0, 60877
8,60896,1,1,0, 60897
9,60897,2,2,1, 60899
24,60909,1,1,1, 60910
25,60915,2,2,1, 60917
8,60936,1,1,0, 60937
9,60937,2,2,1, 60939
24,60949,1,1,1, 60950
25,60955,2,2,1, 60957
8,60976,1,1,0, 60977
9,60977,2,2,1, 60979
24,60989,1,1,0, 60990
25,60995,2,2,1, 60997
8,61016,1,1,0, 61017
9,61017,2,2,1, 61019
24,61029,1,1,1, 61030
25,61035,2,2,0, 61037
8,61056,1,1,0, 61057
24,61069,1,1,0, 61070
25,61075,2,2,0, 61077
8,61096,1,1,0, 61097
9,61097,2,2,1, 61099
15,61101,2,2,1, 61103
24,61109,1,1,1, 61110
25,61115,2,2,1, 61117
8,61136,1,1,0, 61137
9,61137,2,2,1, 61139
15,61141,2,2,1, 61143
24,61149,1,1,1, 61150
25,61155,2,2,1, 61157
8,61176,1,1,0, 61177
9,61177,2,2,1, 61179
24,61189,1,1,1, 61190
25,61195,2,2,1, 61197
8,61216,1,1,1, 61217
9,61217,2,2,1, 61219
24,61229,1,1,0, 61230
25,61235,2,2,1, 61237
8,61256,1,1,0, 61257
9,61257,2,2,1, 61259
24,61269,1,1,1, 61270
25,61275,2,2,0, 61277
8,61296,1,1,0, 61297
9,61297,2,2,1, 61299
24,61309,1,1,0, 61310
25,61315,2,2,0, 61317
8,61336,1,1,1, 61337
15,61341,2,2,1, 61343
24,61349,1,1,0, 61350
25,61355,2,2,1, 61357
8,61376,1,1,1, 61377
15,61381,2,2,1, 61383
24,61389,1,1,1, 61390
25,61395,2,2,0, 61397
8,61416,1,1,1, 61417
9,61417,2,2,1, 61419
15,61421,2,2,1, 61423
24,61429,1,1,1, 61430
25,61435,2,2,0, 61437
24,61469,1,1,1, 61470
25,61475,2,2,1, 61477
24,61509,1,1,0, 61510
25,61515,2,2,1, 61517
24,61549,1,1,0, 61550
25,61555,2,2,1, 61557
24,61589,1,1,0, 61590
25,61595,2,2,0, 61597
24,61629,1,1,0, 61630
25,61635,2,2,0, 61637
24,61669,1,1,1, 61670
25,61675,2,2,1, 61677
24,61709,1,1,1, 61710
24,61749,1,1,0, 61750
24,61789,1,1,1, 61790
24,61829,1,1,1, 61830
24,61869,1,1,1, 61870
24,61909,1,1,0, 61910
24,61949,1,1,0, 61950
24,61989,1,1,1, 61990
24,62029,1,1,0, 62030
24,62069,1,1,1, 62070
24,62109,1,1,1, 62110
24,62149,1,1,1, 62150
24,62189,1,1,1, 62190
24,62229,1,1,1, 62230
24,62269,1,1,1, 62270
24,62309,1,1,1, 62310
24,62349,1,1,1, 62350
24,62389,1,1,1, 62390
24,62429,1,1,1, 62430
24,62469,1,1,0, 62470
24,62509,1,1,1, 62510
24,62549,1,1,1, 62550
24,62589,1,1,0, 62590
24,62629,1,1,0, 62630
24,62669,1,1,1, 62670
24,62709,1,1,0, 62710
24,62749,1,1,0, 62750
24,62789,1,1,0, 62790
24,62829,1,1,0, 62830
24,62869,1,1,1, 62870
24,62909,1,1,1, 62910
24,62949,1,1,0, 62950
24,62989,1,1,0, 62990
24,63029,1,1,0, 63030
24,63069,1,1,0, 63070
24,63109,1,1,0, 63110
24,63149,1,1,0, 63150
24,63189,1,1,1, 63190
24,63229,1,1,1, 63230
24,63269,1,1,0, 63270
24,63309,1,1,0, 63310
24,63349,1,1,0, 63350
24,63389,1,1,0, 63390
24,63429,1,1,1, 63430
24,63469,1,1,0, 63470
24,63509,1,1,1, 63510
24,63549,1,1,0, 63550
24,63589,1,1,0, 63590
24,63629,1,1,0, 63630
24,63669,1,1,0, 63670
24,63709,1,1,0, 63710
24,63749,1,1,1, 63750
24,63789,1,1,1, 63790
24,63829,1,1,0, 63830
24,63869,1,1,1, 63870
24,63909,1,1,0, 63910
24,63949,1,1,0, 63950
24,63989,1,1,1, 63990
24,64029,1,1,1, 64030
24,64069,1,1,1, 64070
24,64109,1,1,0, 64110
24,64149,1,1,0, 64150
24,64189,1,1,0, 64190
24,64229,1,1,0, 64230
24,64269,1,1,0, 64270
24,64309,1,1,0, 64310
24,64349,1,1,1, 64350
24,64389,1,1,0, 64390
24,64429,1,1,0, 64430
24,64469,1,1,1, 64470
24,64509,1,1,0, 64510
24,64549,1,1,0, 64550
24,64589,1,1,1, 64590
24,64629,1,1,0, 64630
24,64669,1,1,0, 64670
24,64709,1,1,0, 64710
24,64749,1,1,0, 64750
24,64789,1,1,0, 64790
24,64829,1,1,1, 64830
