Time,  Packets Generated,  Packets Reached,High Priority Packets Generated, High Priority Packets reached, Packet Dropped, Packet Dropped due to Faulty Node, High Prio Packet Dropped due to Faulty Node, Low Prio Packet Dropped due to Faulty Node 
5,1,1,1,1,0,0,0,0
10,6,3,5,2,3,3,3,0
15,8,3,6,2,4,4,4,0
20,16,7,10,3,8,8,6,2
25,19,9,11,4,10,10,7,3
30,24,12,13,5,12,12,8,4
35,28,12,15,5,15,15,9,6
40,31,13,16,6,18,18,10,8
45,32,14,17,7,18,18,10,8
50,37,16,19,8,21,21,11,10
55,39,16,21,8,22,22,12,10
60,47,20,23,10,26,26,13,13
65,50,22,26,11,27,27,14,13
70,55,26,29,14,29,29,15,14
75,59,26,30,14,32,32,16,16
80,62,27,31,14,35,35,17,18
85,63,28,31,14,35,35,17,18
90,68,30,32,15,38,38,17,21
95,70,30,34,15,39,39,18,21
100,78,34,36,17,41,41,18,23
105,81,38,37,18,42,42,18,24
110,86,42,39,20,44,44,19,25
115,90,42,41,20,47,47,21,26
120,93,43,43,20,50,50,23,27
125,94,44,44,21,50,50,23,27
130,99,46,45,21,51,51,23,28
135,101,47,46,21,52,52,23,29
140,109,52,50,25,54,54,24,30
145,112,56,53,27,55,55,25,30
150,117,60,56,30,57,57,26,31
155,121,60,58,30,59,59,26,33
160,124,63,60,33,61,61,27,34
165,125,64,60,33,61,61,27,34
170,130,66,63,35,62,62,27,35
175,132,67,64,36,64,63,27,36
180,140,71,68,39,67,65,28,37
185,143,74,70,40,69,66,29,37
190,148,76,72,42,72,68,29,39
195,152,76,74,42,75,70,30,40
200,155,77,76,43,77,71,30,41
205,156,78,77,44,78,71,30,41
210,161,80,80,46,80,72,30,42
215,163,80,80,46,83,73,30,43
220,171,82,85,48,88,75,31,44
225,174,84,87,49,90,76,32,44
230,179,85,91,50,94,78,34,44
235,183,85,93,50,96,80,34,46
240,186,87,94,52,99,81,34,47
245,187,87,94,52,100,81,34,47
250,192,88,96,52,104,82,35,47
255,194,88,96,52,106,83,35,48
260,202,90,101,53,112,85,37,48
265,205,91,103,54,114,87,38,49
270,210,91,106,54,119,90,40,50
275,214,91,106,54,123,92,40,52
280,217,91,107,54,126,93,41,52
285,218,91,108,54,127,93,41,52
290,223,92,110,54,131,94,42,52
295,225,92,110,54,133,95,42,53
300,233,94,113,55,139,97,42,55
305,236,94,115,55,142,97,42,55
310,241,94,117,55,147,98,42,56
315,245,94,119,55,150,100,42,58
320,248,95,120,56,153,101,43,58
325,249,95,121,56,154,101,43,58
330,254,96,124,56,158,102,44,58
335,256,96,124,56,160,103,44,59
340,264,98,131,58,166,105,46,59
345,267,98,132,58,169,105,46,59
350,272,99,133,59,173,107,46,61
355,276,99,136,59,176,109,48,61
360,279,101,137,61,178,110,48,62
365,280,101,137,61,179,110,48,62
370,285,101,139,61,184,111,48,63
375,287,101,140,61,186,112,48,64
380,295,103,144,62,192,113,49,64
385,298,103,144,62,195,113,49,64
390,303,103,148,62,200,115,51,64
395,307,103,150,62,204,117,52,65
400,310,103,152,62,207,118,53,65
405,311,103,152,62,208,118,53,65
410,316,103,157,62,213,119,54,65
415,318,103,157,62,215,120,54,66
420,326,105,161,63,220,121,54,67
425,329,106,163,64,223,122,55,67
430,334,106,165,64,228,124,57,67
435,338,106,168,64,231,126,58,68
440,341,107,171,65,234,127,59,68
445,342,107,171,65,235,127,59,68
450,347,108,172,65,239,128,59,69
455,349,108,173,65,241,129,60,69
460,357,108,177,65,249,130,61,69
465,360,108,178,65,252,131,61,70
470,365,108,181,65,257,133,63,70
475,369,108,182,65,261,134,63,71
480,372,108,184,65,264,135,64,71
485,373,108,185,65,265,135,64,71
490,378,109,186,66,269,135,64,71
495,380,109,188,66,271,136,65,71
500,388,110,193,66,278,137,66,71
505,391,110,194,66,281,137,66,71
510,396,110,197,66,286,138,67,71
515,400,110,199,66,289,139,67,72
520,403,111,200,67,292,140,67,73
525,404,111,200,67,293,140,67,73
530,409,112,201,67,297,140,67,73
535,411,112,202,67,299,141,68,73
540,419,114,205,68,305,143,68,75
545,422,114,206,68,308,143,68,75
550,427,114,207,68,313,144,69,75
555,431,114,209,68,316,144,69,75
560,434,115,210,69,319,144,69,75
565,435,115,211,69,320,144,69,75
570,440,116,213,69,324,144,69,75
575,442,116,213,69,326,145,69,76
580,450,116,218,69,334,146,69,77
585,453,116,221,69,337,146,69,77
590,458,116,222,69,342,148,70,78
595,462,116,223,69,346,150,70,80
600,465,116,223,69,349,150,70,80
605,466,117,224,70,349,150,70,80
610,471,118,225,70,353,151,70,81
615,473,118,226,70,355,152,70,82
620,481,118,227,70,363,154,70,84
625,484,118,228,70,366,155,70,85
630,489,118,230,70,371,157,72,85
635,493,118,231,70,375,159,72,87
640,496,118,231,70,378,159,72,87
645,497,118,231,70,379,159,72,87
650,502,119,235,71,383,160,73,87
655,504,119,236,71,385,161,74,87
660,512,121,241,73,391,163,75,88
665,515,121,242,73,394,163,75,88
670,520,121,242,73,399,164,75,89
675,524,121,244,73,403,164,75,89
680,527,121,245,73,406,164,75,89
685,528,121,245,73,407,164,75,89
690,533,121,247,73,412,164,75,89
695,535,121,249,73,414,165,76,89
700,543,122,252,74,421,166,76,90
705,546,123,253,75,423,166,76,90
710,551,123,254,75,428,167,76,91
715,555,123,255,75,432,167,76,91
720,558,123,256,75,435,168,76,92
725,559,123,256,75,436,168,76,92
730,564,124,257,75,440,168,76,92
735,566,124,259,75,442,170,78,92
740,574,125,261,75,449,172,79,93
745,577,125,263,75,452,173,80,93
750,582,125,267,75,457,175,82,93
755,586,125,269,75,461,176,83,93
760,589,125,271,75,464,177,84,93
765,590,125,271,75,465,177,84,93
770,595,126,275,76,469,177,84,93
775,597,126,277,76,471,179,86,93
780,605,128,281,78,477,181,88,93
785,608,128,282,78,480,181,88,93
790,613,128,283,78,485,183,88,95
795,617,128,286,78,489,184,88,96
800,620,128,286,78,492,184,88,96
805,621,128,287,78,493,184,88,96
810,626,129,291,79,497,184,88,96
815,628,129,291,79,499,185,88,97
820,636,129,296,79,507,186,89,97
825,639,129,297,79,510,186,89,97
830,644,129,299,79,515,188,90,98
835,648,129,300,79,519,190,91,99
840,651,129,302,79,522,191,92,99
845,652,130,303,80,522,191,92,99
850,657,132,307,81,525,192,93,99
855,659,132,309,81,527,193,94,99
860,667,132,312,81,535,194,94,100
865,670,132,314,81,538,195,94,101
870,675,132,318,81,543,196,95,101
875,679,132,321,81,547,198,97,101
880,682,132,322,81,550,199,98,101
885,683,133,323,82,550,199,98,101
890,688,134,326,82,554,200,99,101
895,690,134,328,82,556,201,100,101
900,698,136,333,84,562,202,100,102
905,701,136,334,84,565,202,100,102
910,706,136,336,84,570,203,100,103
915,710,136,339,84,573,203,100,103
920,713,137,341,85,576,203,100,103
925,714,137,342,85,577,203,100,103
930,719,138,345,86,581,204,100,104
935,721,138,346,86,583,205,100,105
940,729,139,350,87,590,206,100,106
945,732,140,353,88,592,206,100,106
950,737,140,356,88,597,208,101,107
955,741,140,356,88,601,208,101,107
960,744,140,357,88,604,208,101,107
965,745,140,358,88,605,208,101,107
970,750,141,361,89,609,208,101,107
975,752,141,362,89,611,209,102,107
980,760,142,365,90,618,210,102,108
985,763,142,367,90,621,210,102,108
990,768,142,371,90,626,212,104,108
995,772,142,373,90,630,212,104,108
1000,775,142,374,90,633,212,104,108
1005,776,142,374,90,634,212,104,108
1010,781,143,376,90,638,212,104,108
1015,783,143,376,90,640,213,104,109
1020,791,145,380,92,645,215,105,110
1025,794,146,381,93,648,215,105,110
1030,799,146,382,93,653,216,105,111
1035,803,146,383,93,657,216,105,111
1040,806,146,384,93,660,216,105,111
1045,807,147,385,94,660,216,105,111
1050,812,148,385,94,664,216,105,111
1055,814,148,385,94,666,217,105,112
1060,822,148,389,94,674,218,106,112
1065,825,148,390,94,677,218,106,112
1070,830,148,391,94,682,219,107,112
1075,834,148,392,94,686,220,107,113
1080,837,148,393,94,689,220,107,113
1085,838,149,394,95,689,220,107,113
1090,843,151,396,96,692,220,107,113
1095,845,151,397,96,694,221,108,113
1100,853,151,401,96,701,222,109,113
1105,856,152,402,97,704,223,109,114
1110,861,152,406,97,709,224,110,114
1115,865,152,407,97,713,226,111,115
1120,868,152,407,97,716,226,111,115
1125,869,152,407,97,717,226,111,115
1130,874,154,411,99,720,226,111,115
1135,876,154,411,99,722,227,111,116
1140,884,155,417,100,728,229,112,117
1145,887,156,418,101,731,229,112,117
1150,892,156,419,101,736,230,113,117
1155,896,156,421,101,740,231,113,118
1160,899,156,422,101,743,231,113,118
1165,900,156,423,101,744,231,113,118
1170,905,156,425,101,749,231,113,118
1175,907,156,427,101,751,232,114,118
1180,915,156,431,101,759,233,115,118
1185,918,156,432,101,762,233,115,118
1190,923,156,435,101,767,234,115,119
1195,927,156,437,101,771,235,116,119
1200,930,156,438,101,774,235,116,119
1205,931,156,438,101,775,235,116,119
1210,936,157,441,102,779,235,116,119
1215,938,157,442,102,781,236,117,119
1220,946,158,446,102,788,236,117,119
1225,949,158,447,102,791,236,117,119
1230,954,158,450,102,796,237,117,120
1235,958,158,453,102,799,237,117,120
1240,961,159,455,103,802,237,117,120
1245,962,160,456,104,802,237,117,120
1250,967,161,458,105,806,237,117,120
1255,969,161,460,105,808,238,118,120
1260,977,162,461,105,815,240,118,122
1265,980,162,461,105,818,241,118,123
1270,985,162,464,105,823,242,118,124
1275,989,162,467,105,827,242,118,124
1280,992,162,468,105,830,242,118,124
1285,993,162,469,105,831,242,118,124
1290,998,162,471,105,836,242,118,124
1295,1000,162,472,105,838,243,119,124
1300,1008,164,478,107,844,245,120,125
1305,1011,164,478,107,847,246,120,126
1310,1016,164,481,107,852,248,121,127
1315,1020,164,482,107,856,249,122,127
1320,1023,165,484,108,858,249,122,127
1325,1024,165,484,108,859,249,122,127
1330,1029,166,486,108,863,250,123,127
1335,1031,166,488,108,865,251,124,127
1340,1039,167,492,108,872,252,125,127
1345,1042,167,493,108,875,252,125,127
1350,1047,167,495,108,880,254,126,128
1355,1051,167,497,108,884,255,127,128
1360,1054,167,498,108,887,255,127,128
1365,1055,167,498,108,888,255,127,128
1370,1060,168,502,108,892,256,128,128
1375,1062,168,504,108,894,257,129,128
1380,1070,170,509,110,900,258,129,129
1385,1073,170,510,110,903,258,129,129
1390,1078,170,512,110,908,260,130,130
1395,1082,170,515,110,912,260,130,130
1400,1085,170,515,110,915,260,130,130
1405,1086,170,515,110,916,260,130,130
1410,1091,170,516,110,921,260,130,130
1415,1093,170,517,110,923,261,130,131
1420,1101,172,520,112,929,262,131,131
1425,1104,172,523,112,932,262,131,131
1430,1109,173,524,113,936,264,131,133
1435,1113,173,526,113,940,266,132,134
1440,1116,173,528,113,943,267,133,134
1445,1117,173,529,113,944,267,133,134
1450,1122,173,533,113,949,267,133,134
1455,1124,173,535,113,951,268,134,134
1460,1132,174,539,114,958,269,135,134
1465,1135,175,542,115,960,270,136,134
1470,1140,175,545,115,965,271,137,134
1475,1144,175,548,115,969,271,137,134
1480,1147,175,549,115,972,271,137,134
1485,1148,175,549,115,973,271,137,134
1490,1153,176,551,115,977,271,137,134
1495,1155,176,551,115,979,272,137,135
1500,1163,177,556,116,986,274,139,135
1505,1166,178,559,117,988,274,139,135
1510,1171,178,562,117,993,276,139,137
1515,1175,178,565,117,997,276,139,137
1520,1178,178,565,117,1000,276,139,137
1525,1179,179,566,118,1000,276,139,137
1530,1184,180,568,119,1004,277,139,138
1535,1186,180,569,119,1006,278,139,139
1540,1194,181,571,119,1013,279,139,140
1545,1197,182,573,120,1015,279,139,140
1550,1202,183,575,121,1019,281,140,141
1555,1206,183,578,121,1023,281,140,141
1560,1209,183,579,121,1026,281,140,141
1565,1210,183,579,121,1027,281,140,141
1570,1215,185,582,122,1030,282,141,141
1575,1217,185,583,122,1032,283,141,142
1580,1225,187,585,123,1038,283,141,142
1585,1228,187,587,123,1041,284,142,142
1590,1233,187,591,123,1046,285,143,142
1595,1237,187,591,123,1050,286,143,143
1600,1240,187,593,123,1053,286,143,143
1605,1241,187,593,123,1054,286,143,143
1610,1246,189,594,124,1057,287,143,144
1615,1248,189,595,124,1059,288,144,144
1620,1256,191,598,126,1065,289,144,145
1625,1259,191,600,126,1068,289,144,145
1630,1264,191,604,126,1073,290,145,145
1635,1268,191,606,126,1077,292,146,146
1640,1271,191,607,126,1080,292,146,146
1645,1272,191,607,126,1081,292,146,146
1650,1277,192,610,127,1085,292,146,146
1655,1279,192,611,127,1087,293,147,146
1660,1287,192,615,127,1095,294,148,146
1665,1290,192,615,127,1098,294,148,146
1670,1295,192,617,127,1103,295,149,146
1675,1299,192,618,127,1107,297,149,148
1680,1302,192,619,127,1110,297,149,148
1685,1303,192,619,127,1111,297,149,148
1690,1308,193,623,128,1115,298,150,148
1695,1310,193,624,128,1117,299,151,148
1700,1318,193,627,128,1125,300,151,149
1705,1321,193,628,128,1128,300,151,149
1710,1326,193,629,128,1133,302,151,151
1715,1330,193,630,128,1137,302,151,151
1720,1333,193,631,128,1140,302,151,151
1725,1334,194,632,129,1140,302,151,151
1730,1339,195,634,130,1144,303,151,152
1735,1341,195,635,130,1146,304,152,152
1740,1349,195,639,130,1154,306,154,152
1745,1352,195,639,130,1157,306,154,152
1750,1357,195,644,130,1162,307,155,152
1755,1361,195,646,130,1166,307,155,152
1760,1364,195,648,130,1169,307,155,152
1765,1365,196,649,131,1169,307,155,152
1770,1370,197,651,131,1173,307,155,152
1775,1372,197,653,131,1175,308,156,152
1780,1380,198,656,131,1182,310,157,153
1785,1383,198,658,131,1185,310,157,153
1790,1388,198,659,131,1190,311,157,154
1795,1392,198,661,131,1194,311,157,154
1800,1395,199,663,132,1196,311,157,154
1805,1396,199,664,132,1197,311,157,154
1810,1401,200,666,132,1201,311,157,154
1815,1403,200,667,132,1203,312,157,155
1820,1411,201,671,133,1210,313,157,156
1825,1414,201,673,133,1213,313,157,156
1830,1419,201,676,133,1218,314,157,157
1835,1423,201,677,133,1222,315,158,157
1840,1426,201,678,133,1225,315,158,157
1845,1427,201,679,133,1226,315,158,157
1850,1432,202,682,134,1230,315,158,157
1855,1434,202,683,134,1232,316,158,158
1860,1442,203,687,135,1239,318,159,159
1865,1445,203,688,135,1242,318,159,159
1870,1450,203,690,135,1247,319,159,160
1875,1454,203,691,135,1251,320,159,161
1880,1457,203,693,135,1254,320,159,161
1885,1458,203,694,135,1255,320,159,161
1890,1463,204,697,136,1259,320,159,161
1895,1465,204,698,136,1261,321,159,162
1900,1473,204,701,136,1269,321,159,162
1905,1476,204,701,136,1272,321,159,162
1910,1481,204,702,136,1277,322,159,163
1915,1485,204,705,136,1281,324,160,164
1920,1488,204,707,136,1284,324,160,164
1925,1489,204,707,136,1285,324,160,164
1930,1494,205,711,137,1289,324,160,164
1935,1496,205,713,137,1291,325,161,164
1940,1504,205,717,137,1299,325,161,164
1945,1507,205,720,137,1302,325,161,164
1950,1512,205,724,137,1307,326,162,164
1955,1516,205,726,137,1311,327,163,164
1960,1519,205,726,137,1314,328,163,165
1965,1520,205,726,137,1315,328,163,165
1970,1525,206,727,137,1319,328,163,165
1975,1527,206,729,137,1321,329,164,165
1980,1535,208,732,139,1326,330,164,166
1985,1538,210,735,141,1328,330,164,166
1990,1543,210,737,141,1333,331,164,167
1995,1547,210,739,141,1337,332,165,167
2000,1550,210,741,141,1340,332,165,167
2005,1551,210,742,141,1341,332,165,167
2010,1556,211,743,141,1345,332,165,167
2015,1558,211,743,141,1347,333,165,168
2020,1566,214,747,144,1352,334,165,169
2025,1569,215,750,145,1354,334,165,169
2030,1574,215,751,145,1359,336,165,171
2035,1578,215,752,145,1363,338,165,173
2040,1581,215,752,145,1366,339,165,174
2045,1582,215,752,145,1367,339,165,174
2050,1587,216,755,146,1371,340,165,175
2055,1589,216,756,146,1373,341,165,176
2060,1597,217,760,146,1380,342,165,177
2065,1600,218,762,147,1382,342,165,177
2070,1605,218,765,147,1387,344,166,178
2075,1609,218,766,147,1391,344,166,178
2080,1612,218,766,147,1394,344,166,178
2085,1613,218,766,147,1395,344,166,178
2090,1618,219,770,148,1399,344,166,178
2095,1620,219,771,148,1401,345,166,179
2100,1628,220,774,149,1408,346,166,180
2105,1631,221,777,150,1410,346,166,180
2110,1636,221,777,150,1415,348,166,182
2115,1640,221,780,150,1419,348,166,182
2120,1643,221,782,150,1422,348,166,182
2125,1644,221,783,150,1423,348,166,182
2130,1649,222,785,151,1427,348,166,182
2135,1651,222,786,151,1429,349,166,183
2140,1659,223,792,151,1436,350,167,183
2145,1662,224,793,152,1438,350,167,183
2150,1667,225,796,153,1442,352,168,184
2155,1671,225,797,153,1446,354,169,185
2160,1674,226,800,154,1448,355,170,185
2165,1675,226,801,154,1449,355,170,185
2170,1680,227,803,154,1453,356,170,186
2175,1682,227,805,154,1455,357,171,186
2180,1690,227,809,154,1463,358,171,187
2185,1693,227,809,154,1466,358,171,187
2190,1698,227,811,154,1471,359,172,187
2195,1702,227,813,154,1475,360,173,187
2200,1705,227,813,154,1478,360,173,187
2205,1706,227,813,154,1479,360,173,187
2210,1711,228,817,155,1483,361,174,187
2215,1713,228,818,155,1485,362,174,188
2220,1721,228,822,155,1493,363,174,189
2225,1724,228,824,155,1496,363,174,189
2230,1729,228,826,155,1501,364,174,190
2235,1733,228,827,155,1505,364,174,190
2240,1736,228,829,155,1508,364,174,190
2245,1737,228,830,155,1509,364,174,190
2250,1742,229,832,155,1513,365,174,191
2255,1744,229,833,155,1515,366,174,192
2260,1752,229,838,155,1523,367,175,192
2265,1755,229,838,155,1526,367,175,192
2270,1760,229,840,155,1531,369,176,193
2275,1764,229,843,155,1535,370,177,193
2280,1767,229,843,155,1538,371,177,194
2285,1768,229,843,155,1539,371,177,194
2290,1773,230,844,156,1543,371,177,194
2295,1775,230,844,156,1545,372,177,195
2300,1783,231,846,157,1552,372,177,195
2305,1786,231,846,157,1555,373,177,196
2310,1791,231,849,157,1560,375,178,197
2315,1795,231,853,157,1564,375,178,197
2320,1798,231,854,157,1567,375,178,197
2325,1799,231,854,157,1568,375,178,197
2330,1804,232,857,157,1572,375,178,197
2335,1806,232,858,157,1574,376,178,198
2340,1814,233,860,158,1581,376,178,198
2345,1817,233,863,158,1584,377,179,198
2350,1822,233,867,158,1589,379,181,198
2355,1826,233,870,158,1593,379,181,198
2360,1829,233,871,158,1596,379,181,198
2365,1830,233,872,158,1597,379,181,198
2370,1835,234,874,158,1601,379,181,198
2375,1837,234,875,158,1603,380,182,198
2380,1845,235,876,158,1610,380,182,198
2385,1848,235,878,158,1613,381,183,198
2390,1853,235,881,158,1618,383,184,199
2395,1857,235,884,158,1622,384,185,199
2400,1860,236,886,159,1624,385,186,199
2405,1861,236,886,159,1625,385,186,199
2410,1866,237,889,159,1629,386,187,199
2415,1868,237,890,159,1631,387,188,199
2420,1876,238,895,160,1638,387,188,199
2425,1879,238,895,160,1641,387,188,199
2430,1884,238,897,160,1646,389,190,199
2435,1888,238,899,160,1650,390,190,200
2440,1891,238,900,160,1653,390,190,200
2445,1892,238,900,160,1654,390,190,200
2450,1897,239,903,160,1658,391,191,200
2455,1899,239,904,160,1660,392,191,201
2460,1907,240,911,161,1667,392,191,201
2465,1910,240,913,161,1670,392,191,201
2470,1915,240,915,161,1675,394,192,202
2475,1919,240,918,161,1679,394,192,202
2480,1922,240,921,161,1682,394,192,202
2485,1923,240,922,161,1683,394,192,202
2490,1928,241,926,162,1687,395,192,203
2495,1930,241,926,162,1689,396,192,204
2500,1938,242,929,163,1696,396,192,204
2505,1941,242,931,163,1699,396,192,204
2510,1946,242,935,163,1704,398,193,205
2515,1950,242,936,163,1708,399,193,206
2520,1953,242,937,163,1711,400,193,207
2525,1954,242,937,163,1712,400,193,207
2530,1959,243,940,164,1716,400,193,207
2535,1961,243,941,164,1718,401,194,207
2540,1969,244,946,165,1725,402,195,207
2545,1972,244,947,165,1728,402,195,207
2550,1977,244,951,165,1733,403,196,207
2555,1981,244,951,165,1737,405,196,209
2560,1984,244,951,165,1740,405,196,209
2565,1985,244,951,165,1741,405,196,209
2570,1990,245,953,166,1745,405,196,209
2575,1992,245,953,166,1747,406,196,210
2580,2000,246,956,167,1754,407,196,211
2585,2003,246,957,167,1757,407,196,211
2590,2008,246,959,167,1762,408,196,212
2595,2012,246,959,167,1766,410,196,214
2600,2015,246,961,167,1769,410,196,214
2605,2016,246,962,167,1770,410,196,214
2610,2021,247,964,167,1774,410,196,214
2615,2023,247,966,167,1776,411,197,214
2620,2031,248,972,168,1783,412,198,214
2625,2034,248,972,168,1786,413,198,215
2630,2039,249,975,169,1790,415,200,215
2635,2043,249,978,169,1793,417,201,216
2640,2046,251,980,171,1795,418,202,216
2645,2047,251,981,171,1796,418,202,216
2650,2052,252,983,172,1800,419,202,217
2655,2054,252,985,172,1802,420,203,217
2660,2062,252,989,172,1810,420,203,217
2665,2065,252,991,172,1813,420,203,217
2670,2070,252,994,172,1818,422,204,218
2675,2074,252,994,172,1822,422,204,218
2680,2077,252,994,172,1825,422,204,218
2685,2078,252,995,172,1826,422,204,218
2690,2083,253,999,172,1830,423,205,218
2695,2085,253,1000,172,1832,424,206,218
2700,2093,253,1006,172,1840,424,206,218
2705,2096,253,1009,172,1843,424,206,218
2710,2101,253,1012,172,1848,426,207,219
2715,2105,253,1014,172,1852,426,207,219
2720,2108,253,1015,172,1855,426,207,219
2725,2109,253,1015,172,1856,426,207,219
2730,2114,254,1016,172,1860,426,207,219
2735,2116,254,1016,172,1862,427,207,220
2740,2124,254,1022,172,1870,427,207,220
2745,2127,254,1024,172,1873,427,207,220
2750,2132,255,1026,173,1877,429,208,221
2755,2136,255,1026,173,1881,431,208,223
2760,2139,255,1028,173,1884,432,209,223
2765,2140,255,1028,173,1885,432,209,223
2770,2145,256,1030,173,1889,432,209,223
2775,2147,256,1032,173,1891,433,210,223
2780,2155,257,1034,174,1898,434,210,224
2785,2158,258,1036,175,1900,434,210,224
2790,2163,258,1038,175,1905,435,210,225
2795,2167,258,1042,175,1909,435,210,225
2800,2170,258,1043,175,1912,435,210,225
2805,2171,258,1044,175,1913,435,210,225
2810,2176,259,1048,176,1917,435,210,225
2815,2178,259,1049,176,1919,436,211,225
2820,2186,260,1051,176,1926,437,211,226
2825,2189,260,1051,176,1929,437,211,226
2830,2194,260,1055,176,1934,438,212,226
2835,2198,260,1059,176,1938,438,212,226
2840,2201,260,1061,176,1941,438,212,226
2845,2202,260,1061,176,1942,438,212,226
2850,2207,261,1065,177,1946,438,212,226
2855,2209,261,1065,177,1948,439,212,227
2860,2217,262,1069,177,1955,440,213,227
2865,2220,263,1071,178,1957,440,213,227
2870,2225,263,1073,178,1962,442,214,228
2875,2229,263,1075,178,1965,444,214,230
2880,2232,265,1077,180,1967,445,215,230
2885,2233,265,1077,180,1968,445,215,230
2890,2238,266,1077,180,1972,445,215,230
2895,2240,266,1079,180,1974,446,216,230
2900,2248,266,1086,180,1982,446,216,230
2905,2251,266,1089,180,1985,446,216,230
2910,2256,266,1092,180,1990,448,216,232
2915,2260,266,1092,180,1994,449,216,233
2920,2263,266,1093,180,1997,449,216,233
2925,2264,266,1094,180,1998,449,216,233
2930,2269,267,1096,181,2002,449,216,233
2935,2271,267,1097,181,2004,450,217,233
2940,2279,267,1100,181,2012,450,217,233
2945,2282,267,1102,181,2015,450,217,233
2950,2287,267,1104,181,2020,452,218,234
2955,2291,267,1105,181,2024,452,218,234
2960,2294,267,1108,181,2027,452,218,234
2965,2295,267,1109,181,2028,452,218,234
2970,2300,268,1110,181,2032,452,218,234
2975,2302,268,1111,181,2034,453,219,234
2980,2310,268,1114,181,2042,453,219,234
2985,2313,268,1115,181,2045,453,219,234
2990,2318,268,1117,181,2050,455,221,234
2995,2322,268,1118,181,2054,456,221,235
3000,2325,268,1119,181,2057,457,221,236
3005,2326,268,1119,181,2058,457,221,236
3010,2331,269,1122,182,2062,457,221,236
3015,2333,269,1123,182,2064,458,221,237
3020,2341,270,1128,182,2071,458,221,237
3025,2344,270,1131,182,2074,458,221,237
3030,2349,270,1133,182,2079,459,221,238
3035,2353,270,1133,182,2083,459,221,238
3040,2356,270,1134,182,2086,459,221,238
3045,2357,270,1134,182,2087,459,221,238
3050,2362,271,1138,182,2091,459,221,238
3055,2364,271,1139,182,2093,460,222,238
3060,2372,272,1143,182,2100,460,222,238
3065,2375,272,1145,182,2103,460,222,238
3070,2380,272,1148,182,2108,461,222,239
3075,2384,272,1151,182,2112,461,222,239
3080,2387,272,1153,182,2115,461,222,239
3085,2388,272,1153,182,2116,461,222,239
3090,2393,273,1155,182,2120,461,222,239
3095,2395,273,1156,182,2122,462,223,239
3100,2403,274,1161,183,2129,462,223,239
3105,2406,274,1162,183,2132,462,223,239
3110,2411,276,1165,185,2135,464,223,241
3115,2415,276,1168,185,2139,466,225,241
3120,2418,276,1169,185,2142,467,226,241
3125,2419,276,1169,185,2143,467,226,241
3130,2424,277,1174,186,2147,467,226,241
3135,2426,277,1174,186,2149,468,226,242
3140,2434,278,1179,187,2156,469,227,242
3145,2437,279,1180,188,2158,469,227,242
3150,2442,279,1181,188,2163,471,228,243
3155,2446,279,1181,188,2167,472,228,244
3160,2449,279,1181,188,2170,472,228,244
3165,2450,279,1181,188,2171,472,228,244
3170,2455,280,1184,189,2175,472,228,244
3175,2457,280,1185,189,2177,473,228,245
3180,2465,281,1188,190,2184,474,229,245
3185,2468,282,1190,191,2186,474,229,245
3190,2473,282,1191,191,2191,476,229,247
3195,2477,282,1191,191,2195,476,229,247
3200,2480,282,1193,191,2198,476,229,247
3205,2481,282,1193,191,2199,476,229,247
3210,2486,283,1195,192,2203,476,229,247
3215,2488,283,1196,192,2205,477,229,248
3220,2496,284,1200,193,2212,478,229,249
3225,2499,285,1203,194,2214,478,229,249
3230,2504,286,1205,195,2218,480,230,250
3235,2508,286,1208,195,2221,481,230,251
3240,2511,288,1210,197,2223,482,231,251
3245,2512,288,1210,197,2224,482,231,251
3250,2517,289,1214,198,2228,482,231,251
3255,2519,289,1215,198,2230,483,232,251
3260,2527,289,1216,198,2238,483,232,251
3265,2530,289,1217,198,2241,483,232,251
3270,2535,289,1220,198,2246,484,232,252
3275,2539,289,1221,198,2250,485,233,252
3280,2542,289,1221,198,2253,485,233,252
3285,2543,289,1222,198,2254,485,233,252
3290,2548,290,1224,199,2258,485,233,252
3295,2550,290,1225,199,2260,486,234,252
3300,2558,290,1230,199,2268,486,234,252
3305,2561,290,1232,199,2271,486,234,252
3310,2566,290,1236,199,2276,487,234,253
3315,2570,290,1239,199,2280,487,234,253
3320,2573,290,1239,199,2283,487,234,253
3325,2574,290,1239,199,2284,487,234,253
3330,2579,291,1242,200,2288,487,234,253
3335,2581,291,1244,200,2290,488,235,253
3340,2589,291,1248,200,2298,488,235,253
3345,2592,291,1248,200,2301,488,235,253
3350,2597,291,1251,200,2305,490,236,254
3355,2601,292,1253,201,2308,491,236,255
3360,2604,293,1253,202,2311,492,236,256
3365,2605,293,1253,202,2312,492,236,256
3370,2610,294,1256,203,2316,492,236,256
3375,2612,294,1257,203,2318,493,236,257
3380,2620,295,1263,204,2325,493,236,257
3385,2623,295,1264,204,2328,493,236,257
3390,2628,295,1267,204,2333,494,236,258
3395,2632,295,1270,204,2337,495,237,258
3400,2635,295,1272,204,2340,495,237,258
3405,2636,295,1272,204,2341,495,237,258
3410,2641,296,1273,204,2345,495,237,258
3415,2643,296,1275,204,2347,496,238,258
3420,2651,297,1280,205,2354,496,238,258
3425,2654,297,1282,205,2357,496,238,258
3430,2659,297,1282,205,2362,497,238,259
3435,2663,297,1282,205,2366,498,238,260
3440,2666,297,1284,205,2369,498,238,260
3445,2667,297,1284,205,2370,498,238,260
3450,2672,298,1287,206,2374,498,238,260
3455,2674,298,1289,206,2376,499,239,260
3460,2682,299,1290,206,2383,499,239,260
3465,2685,299,1293,206,2386,499,239,260
3470,2690,299,1293,206,2391,501,239,262
3475,2694,299,1296,206,2394,503,240,263
3480,2697,301,1297,208,2396,504,240,264
3485,2698,301,1297,208,2397,504,240,264
3490,2703,302,1300,209,2401,504,240,264
3495,2705,302,1302,209,2403,505,241,264
3500,2713,304,1303,210,2409,506,241,265
3505,2716,304,1304,210,2412,506,241,265
3510,2721,304,1308,210,2417,507,242,265
3515,2725,304,1310,210,2421,507,242,265
3520,2728,304,1310,210,2424,507,242,265
3525,2729,304,1310,210,2425,507,242,265
3530,2734,305,1313,211,2429,507,242,265
3535,2736,305,1315,211,2431,508,243,265
3540,2744,306,1319,212,2438,509,243,266
3545,2747,306,1322,212,2441,509,243,266
3550,2752,306,1323,212,2446,510,244,266
3555,2756,306,1323,212,2450,510,244,266
3560,2759,306,1326,212,2453,510,244,266
3565,2760,306,1326,212,2454,510,244,266
3570,2765,307,1328,213,2458,510,244,266
3575,2767,307,1329,213,2460,511,244,267
3580,2775,309,1334,214,2466,511,244,267
3585,2778,309,1336,214,2469,511,244,267
3590,2783,310,1339,215,2473,513,244,269
3595,2787,310,1342,215,2476,515,246,269
3600,2790,312,1344,217,2478,516,246,270
3605,2791,312,1344,217,2479,516,246,270
3610,2796,313,1348,218,2483,516,246,270
3615,2798,313,1349,218,2485,517,247,270
3620,2806,313,1352,218,2493,518,247,271
3625,2809,313,1353,218,2496,518,247,271
3630,2814,313,1355,218,2501,519,248,271
3635,2818,313,1357,218,2505,519,248,271
3640,2821,313,1359,218,2508,519,248,271
3645,2822,313,1359,218,2509,519,248,271
3650,2827,314,1362,218,2513,519,248,271
3655,2829,314,1363,218,2515,520,249,271
3660,2837,314,1367,218,2523,521,250,271
3665,2840,314,1368,218,2526,522,250,272
3670,2845,314,1371,218,2531,523,250,273
3675,2849,314,1375,218,2535,523,250,273
3680,2852,314,1377,218,2538,523,250,273
3685,2853,314,1377,218,2539,523,250,273
3690,2858,315,1378,218,2543,523,250,273
3695,2860,315,1380,218,2545,524,251,273
3700,2868,317,1382,219,2551,525,251,274
3705,2871,317,1383,219,2554,525,251,274
3710,2876,317,1387,219,2559,527,253,274
3715,2880,317,1391,219,2562,529,255,274
3720,2883,318,1391,220,2565,530,255,275
3725,2884,318,1391,220,2566,530,255,275
3730,2889,319,1393,221,2570,530,255,275
3735,2891,319,1395,221,2572,531,256,275
3740,2899,320,1399,221,2579,531,256,275
3745,2902,320,1401,221,2582,532,257,275
3750,2907,320,1402,221,2587,533,257,276
3755,2911,320,1404,221,2591,535,258,277
3760,2914,320,1405,221,2594,535,258,277
3765,2915,320,1405,221,2595,535,258,277
3770,2920,321,1408,222,2599,535,258,277
3775,2922,321,1408,222,2601,536,258,278
3780,2930,323,1413,224,2606,537,258,279
3785,2933,325,1414,226,2608,537,258,279
3790,2938,325,1415,226,2613,538,258,280
3795,2942,325,1415,226,2617,539,258,281
3800,2945,325,1416,226,2620,539,258,281
3805,2946,325,1417,226,2621,539,258,281
3810,2951,326,1421,227,2625,539,258,281
3815,2953,326,1421,227,2627,540,258,282
3820,2961,327,1424,227,2634,541,258,283
3825,2964,328,1426,228,2636,541,258,283
3830,2969,328,1429,228,2641,543,258,285
3835,2973,328,1432,228,2644,544,259,285
3840,2976,329,1434,229,2647,545,260,285
3845,2977,329,1434,229,2648,545,260,285
3850,2982,330,1437,230,2652,545,260,285
3855,2984,330,1437,230,2654,546,260,286
3860,2992,330,1443,230,2662,547,261,286
3865,2995,330,1444,230,2665,547,261,286
3870,3000,330,1447,230,2670,549,263,286
3875,3004,330,1450,230,2673,550,264,286
3880,3007,331,1451,231,2676,551,264,287
3885,3008,331,1451,231,2677,551,264,287
3890,3013,332,1454,232,2681,551,264,287
3895,3015,332,1454,232,2683,552,264,288
3900,3023,332,1458,232,2691,553,264,289
3905,3026,332,1458,232,2694,553,264,289
3910,3031,332,1458,232,2699,555,264,291
3915,3035,332,1461,232,2703,556,264,292
3920,3038,332,1461,232,2706,556,264,292
3925,3039,332,1461,232,2707,556,264,292
3930,3044,333,1463,232,2711,556,264,292
3935,3046,333,1463,232,2713,557,264,293
3940,3054,333,1466,232,2721,557,264,293
3945,3057,333,1468,232,2724,557,264,293
3950,3062,333,1471,232,2729,559,266,293
3955,3066,333,1472,232,2733,560,266,294
3960,3069,333,1473,232,2736,560,266,294
3965,3070,333,1473,232,2737,560,266,294
3970,3075,334,1475,233,2741,560,266,294
3975,3077,334,1476,233,2743,561,266,295
3980,3085,335,1478,234,2750,561,266,295
3985,3088,335,1480,234,2753,562,267,295
3990,3093,335,1484,234,2758,564,269,295
3995,3097,335,1486,234,2762,564,269,295
4000,3100,335,1487,234,2765,564,269,295
4005,3101,335,1488,234,2766,564,269,295
4010,3106,336,1490,234,2770,564,269,295
4015,3108,336,1490,234,2772,565,269,296
4020,3116,337,1497,235,2779,566,270,296
4025,3119,338,1499,236,2781,567,271,296
4030,3124,339,1501,237,2785,568,271,297
4035,3128,339,1501,237,2789,569,271,298
4040,3131,339,1503,237,2792,569,271,298
4045,3132,339,1504,237,2793,569,271,298
4050,3137,340,1505,238,2797,569,271,298
4055,3139,340,1507,238,2799,570,272,298
4060,3147,341,1510,238,2806,571,273,298
4065,3150,341,1510,238,2809,572,273,299
4070,3155,341,1511,238,2814,573,273,300
4075,3159,341,1512,238,2818,575,273,302
4080,3162,341,1514,238,2821,576,274,302
4085,3163,341,1514,238,2822,576,274,302
4090,3168,342,1517,239,2826,576,274,302
4095,3170,342,1517,239,2828,577,274,303
4100,3178,343,1518,239,2835,578,274,304
4105,3181,343,1521,239,2838,578,274,304
4110,3186,343,1524,239,2843,579,275,304
4115,3190,343,1526,239,2847,579,275,304
4120,3193,343,1527,239,2850,579,275,304
4125,3194,344,1528,240,2850,579,275,304
4130,3199,345,1530,240,2854,579,275,304
4135,3201,345,1530,240,2856,580,275,305
4140,3209,346,1532,240,2863,582,275,307
4145,3212,346,1535,240,2866,582,275,307
4150,3217,346,1537,240,2871,584,276,308
4155,3221,346,1540,240,2874,584,276,308
4160,3224,347,1541,241,2877,584,276,308
4165,3225,348,1542,242,2877,584,276,308
4170,3230,349,1546,243,2881,584,276,308
4175,3232,349,1547,243,2883,585,277,308
4180,3240,351,1551,244,2889,587,278,309
4185,3243,351,1553,244,2892,587,278,309
4190,3248,351,1557,244,2897,589,280,309
4195,3252,351,1559,244,2901,589,280,309
4200,3255,351,1561,244,2904,589,280,309
4205,3256,351,1562,244,2905,589,280,309
4210,3261,351,1565,244,2910,589,280,309
4215,3263,351,1565,244,2912,590,280,310
4220,3271,353,1570,245,2918,591,281,310
4225,3274,353,1572,245,2921,591,281,310
4230,3279,353,1573,245,2926,593,281,312
4235,3283,353,1576,245,2930,593,281,312
4240,3286,353,1577,245,2933,593,281,312
4245,3287,353,1577,245,2934,593,281,312
4250,3292,353,1579,245,2939,593,281,312
4255,3294,353,1581,245,2941,594,282,312
4260,3302,355,1584,246,2947,595,282,313
4265,3305,355,1587,246,2950,596,283,313
4270,3310,355,1590,246,2955,597,283,314
4275,3314,355,1594,246,2959,599,285,314
4280,3317,355,1595,246,2962,599,285,314
4285,3318,355,1595,246,2963,599,285,314
4290,3323,356,1599,247,2967,599,285,314
4295,3325,356,1601,247,2969,600,286,314
4300,3333,356,1605,247,2977,600,286,314
4305,3336,356,1607,247,2980,601,287,314
4310,3341,356,1609,247,2985,602,288,314
4315,3345,356,1612,247,2989,603,289,314
4320,3348,356,1613,247,2992,603,289,314
4325,3349,356,1613,247,2993,603,289,314
4330,3354,357,1616,247,2997,603,289,314
4335,3356,357,1618,247,2999,604,290,314
4340,3364,359,1623,248,3004,605,291,314
4345,3367,361,1624,250,3006,606,291,315
4350,3372,363,1628,252,3009,607,292,315
4355,3376,363,1632,252,3013,608,293,315
4360,3379,363,1635,252,3016,608,293,315
4365,3380,364,1636,253,3016,608,293,315
4370,3385,366,1641,255,3019,608,293,315
4375,3387,366,1642,255,3021,609,293,316
4380,3395,367,1646,255,3027,611,295,316
4385,3398,368,1648,256,3030,611,295,316
4390,3403,368,1651,256,3035,612,296,316
4395,3407,368,1654,256,3039,613,296,317
4400,3410,368,1655,256,3042,613,296,317
4405,3411,368,1655,256,3043,613,296,317
4410,3416,369,1658,257,3047,613,296,317
4415,3418,369,1659,257,3049,614,297,317
4420,3426,370,1663,258,3056,614,297,317
4425,3429,370,1665,258,3059,614,297,317
4430,3434,370,1667,258,3064,615,297,318
4435,3438,370,1669,258,3067,616,298,318
4440,3441,371,1669,259,3070,617,298,319
4445,3442,371,1669,259,3071,617,298,319
4450,3447,372,1672,260,3075,617,298,319
4455,3449,372,1673,260,3077,618,298,320
4460,3457,373,1676,260,3084,618,298,320
4465,3460,373,1677,260,3087,619,299,320
4470,3465,374,1678,261,3091,620,299,321
4475,3469,374,1679,261,3095,620,299,321
4480,3472,374,1680,261,3098,620,299,321
4485,3473,375,1681,262,3098,620,299,321
4490,3478,376,1683,263,3102,620,299,321
4495,3480,376,1685,263,3104,621,300,321
4500,3488,378,1689,265,3109,623,300,323
4505,3491,379,1689,266,3112,623,300,323
4510,3496,379,1691,266,3117,625,301,324
4515,3500,379,1692,266,3121,625,301,324
4520,3503,379,1694,266,3124,625,301,324
4525,3504,379,1695,266,3125,625,301,324
4530,3509,379,1695,266,3130,625,301,324
4535,3511,379,1696,266,3132,626,302,324
4540,3519,380,1701,266,3139,627,303,324
4545,3522,381,1703,267,3141,627,303,324
4550,3527,381,1705,267,3146,629,305,324
4555,3531,381,1705,267,3150,629,305,324
4560,3534,381,1705,267,3153,629,305,324
4565,3535,381,1705,267,3154,629,305,324
4570,3540,381,1708,267,3159,629,305,324
4575,3542,381,1710,267,3161,630,306,324
4580,3550,382,1713,268,3168,631,306,325
4585,3553,383,1714,269,3170,632,306,326
4590,3558,383,1714,269,3175,633,306,327
4595,3562,383,1715,269,3179,633,306,327
4600,3565,383,1717,269,3182,633,306,327
4605,3566,383,1717,269,3183,633,306,327
4610,3571,383,1719,269,3188,633,306,327
4615,3573,383,1720,269,3190,634,306,328
4620,3581,384,1723,269,3197,636,307,329
4625,3584,384,1725,269,3200,636,307,329
4630,3589,384,1727,269,3205,637,307,330
4635,3593,384,1728,269,3209,638,307,331
4640,3596,384,1729,269,3212,638,307,331
4645,3597,384,1729,269,3213,638,307,331
4650,3602,384,1732,269,3218,638,307,331
4655,3604,384,1733,269,3220,639,307,332
4660,3612,385,1737,269,3227,639,307,332
4665,3615,385,1738,269,3230,639,307,332
4670,3620,385,1739,269,3235,641,308,333
4675,3624,385,1742,269,3239,643,309,334
4680,3627,385,1743,269,3242,643,309,334
4685,3628,385,1744,269,3243,643,309,334
4690,3633,386,1746,269,3247,643,309,334
4695,3635,386,1747,269,3249,644,310,334
4700,3643,388,1751,271,3254,644,310,334
4705,3646,389,1753,272,3257,645,310,335
4710,3651,389,1755,272,3262,647,311,336
4715,3655,389,1757,272,3266,649,313,336
4720,3658,389,1759,272,3269,649,313,336
4725,3659,389,1760,272,3270,650,314,336
4730,3664,390,1762,272,3274,651,315,336
4735,3666,390,1763,272,3276,652,315,337
4740,3674,392,1767,273,3282,654,316,338
4745,3677,393,1770,274,3284,654,316,338
4750,3682,393,1772,274,3289,656,316,340
4755,3686,393,1774,274,3292,657,316,341
4760,3689,394,1775,275,3295,658,316,342
4765,3690,394,1775,275,3296,658,316,342
4770,3695,395,1777,276,3300,658,316,342
4775,3697,395,1778,276,3302,659,317,342
4780,3705,396,1781,277,3309,659,317,342
4785,3708,397,1782,278,3311,659,317,342
4790,3713,397,1786,278,3316,661,319,342
4795,3717,397,1787,278,3320,662,320,342
4800,3720,397,1788,278,3323,663,320,343
4805,3721,397,1789,278,3324,663,320,343
4810,3726,398,1792,279,3328,663,320,343
4815,3728,398,1793,279,3330,664,320,344
4820,3736,398,1797,279,3338,664,320,344
4825,3739,398,1799,279,3341,664,320,344
4830,3744,398,1800,279,3346,665,320,345
4835,3748,398,1801,279,3350,665,320,345
4840,3751,398,1802,279,3353,666,320,346
4845,3752,398,1802,279,3354,666,320,346
4850,3757,399,1805,280,3358,666,320,346
4855,3759,399,1805,280,3360,667,320,347
4860,3767,399,1809,280,3368,668,320,348
4865,3770,399,1811,280,3371,668,320,348
4870,3775,399,1812,280,3376,669,320,349
4875,3779,399,1815,280,3380,669,320,349
4880,3782,399,1817,280,3383,669,320,349
4885,3783,399,1817,280,3384,669,320,349
4890,3788,400,1818,280,3388,669,320,349
4895,3790,400,1819,280,3390,670,321,349
4900,3798,400,1823,280,3398,670,321,349
4905,3801,400,1824,280,3401,670,321,349
4910,3806,400,1828,280,3406,672,322,350
4915,3810,400,1832,280,3410,673,323,350
4920,3813,400,1833,280,3413,673,323,350
4925,3814,400,1833,280,3414,673,323,350
4930,3819,401,1835,281,3418,673,323,350
4935,3821,401,1836,281,3420,674,323,351
4940,3829,402,1842,281,3427,675,324,351
4945,3832,402,1843,281,3430,675,324,351
4950,3837,402,1846,281,3435,677,324,353
4955,3841,402,1849,281,3439,678,325,353
4960,3844,402,1851,281,3442,678,325,353
4965,3845,402,1851,281,3443,678,325,353
4970,3850,404,1856,283,3446,678,325,353
4975,3852,404,1856,283,3448,679,325,354
4980,3860,405,1862,283,3455,681,327,354
4985,3863,405,1864,283,3458,681,327,354
4990,3868,405,1867,283,3463,683,329,354
4995,3872,405,1868,283,3467,684,329,355
5000,3875,405,1871,283,3470,684,329,355
5005,3876,405,1872,283,3471,684,329,355
5010,3881,406,1875,284,3475,684,329,355
5015,3883,406,1877,284,3477,685,330,355
5020,3891,407,1880,285,3484,686,331,355
5025,3894,408,1883,286,3486,686,331,355
5030,3899,408,1883,286,3491,688,331,357
5035,3903,408,1884,286,3495,689,332,357
5040,3906,408,1886,286,3498,690,332,358
5045,3907,408,1886,286,3499,690,332,358
5050,3912,409,1889,287,3503,690,332,358
5055,3914,409,1890,287,3505,691,333,358
5060,3922,410,1894,287,3512,691,333,358
5065,3925,410,1894,287,3515,691,333,358
5070,3930,410,1894,287,3520,692,333,359
5075,3934,410,1895,287,3523,692,333,359
5080,3937,411,1897,288,3526,693,333,360
5085,3938,411,1898,288,3527,693,333,360
5090,3943,412,1899,289,3531,693,333,360
5095,3945,412,1900,289,3533,694,333,361
5100,3953,413,1906,290,3540,695,333,362
5105,3956,413,1908,290,3543,695,333,362
5110,3961,413,1911,290,3548,696,333,363
5115,3965,413,1914,290,3551,696,333,363
5120,3968,414,1914,291,3554,696,333,363
5125,3969,415,1915,292,3554,696,333,363
5130,3974,416,1916,292,3558,696,333,363
5135,3976,416,1918,292,3560,697,334,363
5140,3984,417,1921,293,3567,697,334,363
5145,3987,417,1923,293,3570,697,334,363
5150,3992,417,1925,293,3575,699,334,365
5155,3996,417,1926,293,3579,700,335,365
5160,3999,417,1928,293,3582,700,335,365
5165,4000,417,1929,293,3583,700,335,365
5170,4005,417,1934,293,3588,700,335,365
5175,4007,417,1935,293,3590,701,336,365
5180,4015,419,1938,295,3596,702,336,366
5185,4018,419,1940,295,3599,702,336,366
5190,4023,419,1943,295,3604,704,337,367
5195,4027,419,1946,295,3608,704,337,367
5200,4030,419,1948,295,3611,704,337,367
5205,4031,419,1948,295,3612,704,337,367
5210,4036,419,1951,295,3617,704,337,367
5215,4038,419,1953,295,3619,705,338,367
5220,4046,421,1956,297,3625,706,338,368
5225,4049,421,1959,297,3628,706,338,368
5230,4054,421,1961,297,3633,707,338,369
5235,4058,421,1961,297,3637,707,338,369
5240,4061,421,1962,297,3640,708,338,370
5245,4062,421,1963,297,3641,708,338,370
5250,4067,421,1965,297,3646,708,338,370
5255,4069,421,1966,297,3648,709,339,370
5260,4077,421,1971,297,3656,709,339,370
5265,4080,421,1973,297,3659,709,339,370
5270,4085,421,1976,297,3664,710,339,371
5275,4089,421,1976,297,3668,711,339,372
5280,4092,421,1976,297,3671,712,339,373
5285,4093,421,1976,297,3672,712,339,373
5290,4098,422,1979,298,3676,712,339,373
5295,4100,422,1980,298,3678,713,339,374
5300,4108,424,1982,299,3684,713,339,374
5305,4111,424,1984,299,3687,713,339,374
5310,4116,424,1988,299,3692,715,340,375
5315,4120,424,1990,299,3695,715,340,375
5320,4123,425,1992,300,3698,716,341,375
5325,4124,425,1992,300,3699,716,341,375
5330,4129,426,1995,300,3703,716,341,375
5335,4131,426,1996,300,3705,717,342,375
5340,4139,427,2001,301,3712,717,342,375
5345,4142,427,2003,301,3715,717,342,375
5350,4147,427,2004,301,3720,718,342,376
5355,4151,427,2005,301,3724,718,342,376
5360,4154,427,2007,301,3727,719,342,377
5365,4155,427,2007,301,3728,719,342,377
5370,4160,428,2009,301,3732,719,342,377
5375,4162,428,2009,301,3734,720,342,378
5380,4170,430,2012,302,3740,721,343,378
5385,4173,431,2015,303,3742,721,343,378
5390,4178,431,2017,303,3747,722,344,378
5395,4182,431,2019,303,3750,722,344,378
5400,4185,432,2021,304,3753,723,344,379
5405,4186,432,2021,304,3754,723,344,379
5410,4191,433,2025,305,3758,723,344,379
5415,4193,433,2026,305,3760,724,345,379
5420,4201,434,2031,305,3767,724,345,379
5425,4204,434,2032,305,3770,724,345,379
5430,4209,434,2035,305,3775,726,345,381
5435,4213,434,2036,305,3779,727,345,382
5440,4216,434,2037,305,3782,727,345,382
5445,4217,434,2038,305,3783,727,345,382
5450,4222,435,2039,305,3787,727,345,382
5455,4224,435,2040,305,3789,728,346,382
5460,4232,436,2043,305,3796,728,346,382
5465,4235,436,2045,305,3799,728,346,382
5470,4240,436,2047,305,3804,729,346,383
5475,4244,436,2050,305,3808,729,346,383
5480,4247,436,2052,305,3811,729,346,383
5485,4248,436,2053,305,3812,729,346,383
5490,4253,437,2055,305,3816,729,346,383
5495,4255,437,2056,305,3818,730,346,384
5500,4263,438,2059,306,3825,730,346,384
5505,4266,438,2061,306,3828,730,346,384
5510,4271,438,2062,306,3833,731,346,385
5515,4275,438,2066,306,3836,731,346,385
5520,4278,439,2067,307,3839,732,346,386
5525,4279,439,2067,307,3840,732,346,386
5530,4284,439,2070,307,3845,732,346,386
5535,4286,439,2071,307,3847,733,346,387
5540,4294,440,2073,307,3854,734,346,388
5545,4297,440,2074,307,3857,734,346,388
5550,4302,441,2078,308,3861,735,347,388
5555,4306,441,2082,308,3865,735,347,388
5560,4309,441,2083,308,3868,736,348,388
5565,4310,441,2084,308,3869,736,348,388
5570,4315,441,2086,308,3874,736,348,388
5575,4317,441,2087,308,3876,737,348,389
5580,4325,442,2092,308,3883,738,349,389
5585,4328,442,2095,308,3886,738,349,389
5590,4333,442,2099,308,3891,739,349,390
5595,4337,442,2100,308,3895,739,349,390
5600,4340,442,2101,308,3898,740,349,391
5605,4341,442,2102,308,3899,740,349,391
5610,4346,442,2105,308,3904,740,349,391
5615,4348,442,2105,308,3906,741,349,392
5620,4356,443,2110,308,3913,741,349,392
5625,4359,443,2111,308,3916,741,349,392
5630,4364,443,2113,308,3921,742,349,393
5635,4368,443,2115,308,3924,742,349,393
5640,4371,444,2117,309,3927,743,350,393
5645,4372,444,2118,309,3928,743,350,393
5650,4377,444,2121,309,3933,743,350,393
5655,4379,444,2123,309,3935,744,351,393
5660,4387,445,2125,309,3942,744,351,393
5665,4390,445,2126,309,3945,744,351,393
5670,4395,445,2128,309,3950,745,351,394
5675,4399,445,2130,309,3954,745,351,394
5680,4402,445,2131,309,3957,746,351,395
5685,4403,445,2132,309,3958,746,351,395
5690,4408,445,2136,309,3963,746,351,395
5695,4410,445,2137,309,3965,747,351,396
5700,4418,446,2142,310,3972,748,352,396
5705,4421,447,2143,311,3974,748,352,396
5710,4426,447,2144,311,3979,750,352,398
5715,4430,447,2144,311,3983,751,352,399
5720,4433,447,2145,311,3986,752,352,400
5725,4434,447,2146,311,3987,752,352,400
5730,4439,447,2148,311,3992,752,352,400
5735,4441,447,2149,311,3994,753,352,401
5740,4449,448,2154,312,4001,753,352,401
5745,4452,449,2157,313,4003,753,352,401
5750,4457,449,2160,313,4008,755,354,401
5755,4461,449,2162,313,4011,756,355,401
5760,4464,450,2164,314,4014,757,356,401
5765,4465,450,2164,314,4015,757,356,401
5770,4470,451,2166,315,4019,757,356,401
5775,4472,451,2166,315,4021,758,356,402
5780,4480,452,2170,316,4028,759,356,403
5785,4483,452,2170,316,4031,759,356,403
5790,4488,452,2173,316,4036,760,356,404
5795,4492,452,2177,316,4039,760,356,404
5800,4495,453,2178,317,4042,760,356,404
5805,4496,453,2179,317,4043,760,356,404
5810,4501,454,2181,318,4047,760,356,404
5815,4503,454,2182,318,4049,761,356,405
5820,4511,455,2188,319,4056,762,357,405
5825,4514,455,2189,319,4059,762,357,405
5830,4519,455,2191,319,4064,763,358,405
5835,4523,455,2194,319,4068,763,358,405
5840,4526,455,2196,319,4071,763,358,405
5845,4527,455,2196,319,4072,763,358,405
5850,4532,456,2198,319,4076,763,358,405
5855,4534,456,2199,319,4078,764,359,405
5860,4542,457,2203,320,4085,765,360,405
5865,4545,457,2204,320,4088,765,360,405
5870,4550,457,2207,320,4093,767,362,405
5875,4554,457,2211,320,4096,768,363,405
5880,4557,458,2213,321,4099,769,364,405
5885,4558,458,2214,321,4100,769,364,405
5890,4563,458,2216,321,4105,769,364,405
5895,4565,458,2217,321,4107,770,364,406
5900,4573,460,2222,322,4113,771,365,406
5905,4576,460,2223,322,4116,771,365,406
5910,4581,460,2225,322,4121,772,366,406
5915,4585,460,2227,322,4125,772,366,406
5920,4588,460,2228,322,4128,772,366,406
5925,4589,460,2229,322,4129,772,366,406
5930,4594,460,2230,322,4134,772,366,406
5935,4596,460,2231,322,4136,773,366,407
5940,4604,462,2235,324,4142,774,367,407
5945,4607,462,2236,324,4145,774,367,407
5950,4612,462,2238,324,4150,775,368,407
5955,4616,462,2238,324,4154,775,368,407
5960,4619,462,2241,324,4157,775,368,407
5965,4620,462,2242,324,4158,775,368,407
5970,4625,462,2243,324,4163,775,368,407
5975,4627,462,2244,324,4165,776,368,408
5980,4635,464,2249,325,4171,776,368,408
5985,4638,464,2249,325,4174,776,368,408
5990,4643,465,2254,326,4178,778,370,408
5995,4647,465,2255,326,4182,778,370,408
6000,4650,465,2257,326,4185,779,370,409
6005,4651,465,2257,326,4186,779,370,409
6010,4656,466,2260,326,4190,779,370,409
6015,4658,466,2261,326,4192,780,370,410
6020,4666,466,2263,326,4200,781,370,411
6025,4669,466,2264,326,4203,781,370,411
6030,4674,466,2266,326,4208,782,371,411
6035,4678,466,2268,326,4212,783,372,411
6040,4681,466,2269,326,4215,784,373,411
6045,4682,466,2269,326,4216,784,373,411
6050,4687,467,2272,327,4220,784,373,411
6055,4689,467,2274,327,4222,785,374,411
6060,4697,467,2278,327,4230,786,375,411
6065,4700,467,2280,327,4233,786,375,411
6070,4705,467,2280,327,4238,787,375,412
6075,4709,467,2282,327,4241,787,375,412
6080,4712,468,2285,328,4244,788,376,412
6085,4713,468,2285,328,4245,788,376,412
6090,4718,469,2288,328,4249,788,376,412
6095,4720,469,2289,328,4251,789,377,412
6100,4728,469,2295,328,4259,790,378,412
6105,4731,469,2296,328,4262,790,378,412
6110,4736,469,2297,328,4267,792,378,414
6115,4740,469,2300,328,4270,792,378,414
6120,4743,470,2302,329,4273,793,379,414
6125,4744,470,2303,329,4274,793,379,414
6130,4749,471,2305,329,4278,793,379,414
6135,4751,471,2307,329,4280,794,380,414
6140,4759,472,2309,329,4287,794,380,414
6145,4762,472,2310,329,4290,794,380,414
6150,4767,472,2312,329,4295,795,381,414
6155,4771,472,2313,329,4299,795,381,414
6160,4774,472,2315,329,4302,795,381,414
6165,4775,472,2315,329,4303,795,381,414
6170,4780,473,2320,330,4307,795,381,414
6175,4782,473,2321,330,4309,796,382,414
6180,4790,474,2325,330,4316,797,383,414
6185,4793,474,2326,330,4319,797,383,414
6190,4798,474,2328,330,4324,798,383,415
6195,4802,474,2329,330,4328,798,383,415
6200,4805,474,2329,330,4331,798,383,415
6205,4806,475,2330,331,4331,798,383,415
6210,4811,476,2334,331,4335,798,383,415
6215,4813,476,2336,331,4337,799,384,415
6220,4821,477,2339,332,4344,800,385,415
6225,4824,477,2339,332,4347,801,385,416
6230,4829,477,2342,332,4352,803,387,416
6235,4833,477,2345,332,4355,804,387,417
6240,4836,478,2346,333,4358,805,388,417
6245,4837,478,2347,333,4359,805,388,417
6250,4842,478,2350,333,4364,805,388,417
6255,4844,478,2350,333,4366,806,388,418
6260,4852,480,2355,334,4372,807,389,418
6265,4855,480,2356,334,4375,807,389,418
6270,4860,480,2357,334,4380,809,390,419
6275,4864,480,2360,334,4384,809,390,419
6280,4867,480,2361,334,4387,810,390,420
6285,4868,480,2361,334,4388,810,390,420
6290,4873,480,2362,334,4393,810,390,420
6295,4875,480,2362,334,4395,811,390,421
6300,4883,481,2364,334,4402,812,390,422
6305,4886,481,2367,334,4405,812,390,422
6310,4891,481,2371,334,4410,813,391,422
6315,4895,481,2372,334,4414,813,391,422
6320,4898,481,2373,334,4417,814,392,422
6325,4899,481,2374,334,4418,814,392,422
6330,4904,481,2377,334,4423,814,392,422
6335,4906,481,2377,334,4425,815,392,423
6340,4914,482,2382,335,4432,815,392,423
6345,4917,482,2384,335,4435,815,392,423
6350,4922,482,2387,335,4440,816,393,423
6355,4926,482,2389,335,4443,817,394,423
6360,4929,483,2390,336,4446,818,395,423
6365,4930,483,2391,336,4447,818,395,423
6370,4935,483,2395,336,4452,818,395,423
6375,4937,483,2397,336,4454,819,396,423
6380,4945,485,2402,338,4460,819,396,423
6385,4948,485,2402,338,4463,819,396,423
6390,4953,485,2403,338,4468,821,397,424
6395,4957,485,2404,338,4472,822,398,424
6400,4960,485,2404,338,4475,823,398,425
6405,4961,485,2405,338,4476,823,398,425
6410,4966,485,2408,338,4481,823,398,425
6415,4968,485,2409,338,4483,824,398,426
6420,4976,487,2412,339,4489,824,398,426
6425,4979,487,2412,339,4492,824,398,426
6430,4984,487,2415,339,4497,825,398,427
6435,4988,487,2417,339,4501,825,398,427
6440,4991,487,2419,339,4504,826,398,428
6445,4992,487,2420,339,4505,826,398,428
6450,4997,487,2423,339,4510,826,398,428
6455,4999,487,2425,339,4512,827,399,428
6460,5007,488,2429,340,4519,827,399,428
6465,5010,488,2432,340,4522,827,399,428
6470,5015,488,2435,340,4527,828,400,428
6475,5019,488,2438,340,4530,828,400,428
6480,5022,489,2440,341,4533,829,401,428
6485,5023,489,2440,341,4534,829,401,428
6490,5028,490,2442,342,4538,829,401,428
6495,5030,490,2443,342,4540,830,402,428
6500,5038,492,2448,343,4546,830,402,428
6505,5041,492,2449,343,4549,830,402,428
6510,5046,492,2450,343,4554,831,402,429
6515,5050,492,2452,343,4558,831,402,429
6520,5053,492,2454,343,4561,831,402,429
6525,5054,492,2455,343,4562,831,402,429
6530,5059,493,2459,344,4566,831,402,429
6535,5061,493,2459,344,4568,832,402,430
6540,5069,494,2463,345,4575,833,403,430
6545,5072,494,2465,345,4578,833,403,430
6550,5077,494,2468,345,4583,835,404,431
6555,5081,494,2469,345,4587,835,404,431
6560,5084,494,2470,345,4590,835,404,431
6565,5085,494,2471,345,4591,835,404,431
6570,5090,495,2473,345,4595,835,404,431
6575,5092,495,2473,345,4597,836,404,432
6580,5100,497,2476,346,4603,836,404,432
6585,5103,497,2478,346,4606,836,404,432
6590,5108,497,2481,346,4611,838,405,433
6595,5112,497,2483,346,4614,838,405,433
6600,5115,498,2484,347,4617,839,405,434
6605,5116,499,2485,348,4617,839,405,434
6610,5121,500,2488,349,4621,839,405,434
6615,5123,500,2489,349,4623,840,406,434
6620,5131,500,2492,349,4631,842,406,436
6625,5134,500,2494,349,4634,842,406,436
6630,5139,500,2497,349,4639,843,406,437
6635,5143,500,2500,349,4643,843,406,437
6640,5146,500,2502,349,4646,844,407,437
6645,5147,500,2502,349,4647,844,407,437
6650,5152,501,2505,350,4651,844,407,437
6655,5154,501,2506,350,4653,845,407,438
6660,5162,501,2509,350,4661,845,407,438
6665,5165,501,2512,350,4664,845,407,438
6670,5170,501,2514,350,4669,846,408,438
6675,5174,501,2518,350,4673,846,408,438
6680,5177,501,2521,350,4676,846,408,438
6685,5178,501,2521,350,4677,846,408,438
6690,5183,502,2524,351,4681,846,408,438
6695,5185,502,2525,351,4683,847,408,439
6700,5193,502,2528,351,4691,847,408,439
6705,5196,502,2530,351,4694,847,408,439
6710,5201,502,2534,351,4699,848,409,439
6715,5205,502,2534,351,4703,848,409,439
6720,5208,502,2535,351,4706,848,409,439
6725,5209,502,2536,351,4707,848,409,439
6730,5214,503,2539,352,4711,848,409,439
6735,5216,503,2540,352,4713,849,409,440
6740,5224,504,2543,352,4720,850,409,441
6745,5227,504,2544,352,4723,850,409,441
6750,5232,504,2545,352,4728,851,409,442
6755,5236,504,2548,352,4732,851,409,442
6760,5239,504,2549,352,4735,851,409,442
6765,5240,504,2549,352,4736,851,409,442
6770,5245,505,2551,352,4740,851,409,442
6775,5247,505,2553,352,4742,852,410,442
6780,5255,506,2558,352,4749,853,411,442
6785,5258,506,2559,352,4752,853,411,442
6790,5263,506,2562,352,4757,855,412,443
6795,5267,506,2565,352,4761,855,412,443
6800,5270,506,2566,352,4764,855,412,443
6805,5271,506,2567,352,4765,855,412,443
6810,5276,507,2570,353,4769,855,412,443
6815,5278,507,2572,353,4771,856,413,443
6820,5286,508,2573,353,4778,856,413,443
6825,5289,508,2575,353,4781,856,413,443
6830,5294,508,2578,353,4786,858,414,444
6835,5298,508,2580,353,4790,858,414,444
6840,5301,508,2582,353,4793,859,415,444
6845,5302,508,2583,353,4794,859,415,444
6850,5307,509,2584,353,4798,859,415,444
6855,5309,509,2585,353,4800,860,416,444
6860,5317,510,2589,354,4807,860,416,444
6865,5320,510,2590,354,4810,860,416,444
6870,5325,511,2594,355,4814,862,418,444
6875,5329,511,2596,355,4818,863,419,444
6880,5332,511,2599,355,4821,864,420,444
6885,5333,511,2599,355,4822,864,420,444
6890,5338,512,2602,356,4826,864,420,444
6895,5340,512,2603,356,4828,865,420,445
6900,5348,513,2606,357,4835,866,421,445
6905,5351,513,2607,357,4838,866,421,445
6910,5356,513,2609,357,4843,867,421,446
6915,5360,513,2611,357,4846,867,421,446
6920,5363,514,2612,358,4849,868,422,446
6925,5364,514,2612,358,4850,868,422,446
6930,5369,515,2614,359,4854,868,422,446
6935,5371,515,2614,359,4856,869,422,447
6940,5379,516,2616,360,4863,870,422,448
6945,5382,517,2618,361,4865,870,422,448
6950,5387,517,2619,361,4870,871,422,449
6955,5391,517,2621,361,4874,871,422,449
6960,5394,517,2623,361,4877,872,423,449
6965,5395,517,2623,361,4878,872,423,449
6970,5400,517,2625,361,4883,872,423,449
6975,5402,517,2626,361,4885,873,423,450
6980,5410,518,2629,362,4892,873,423,450
6985,5413,518,2629,362,4895,873,423,450
6990,5418,518,2633,362,4900,874,424,450
6995,5422,518,2635,362,4904,875,424,451
7000,5425,518,2637,362,4907,876,425,451
7005,5426,518,2638,362,4908,876,425,451
7010,5431,518,2640,362,4913,876,425,451
7015,5433,518,2640,362,4915,877,425,452
7020,5441,519,2644,362,4922,877,425,452
7025,5444,519,2647,362,4925,877,425,452
7030,5449,519,2650,362,4930,878,426,452
7035,5453,519,2650,362,4934,878,426,452
7040,5456,519,2651,362,4937,879,427,452
7045,5457,519,2652,362,4938,879,427,452
7050,5462,519,2654,362,4943,879,427,452
7055,5464,519,2654,362,4945,880,427,453
7060,5472,520,2657,363,4952,880,427,453
7065,5475,520,2657,363,4955,880,427,453
7070,5480,520,2660,363,4960,881,427,454
7075,5484,520,2662,363,4963,881,427,454
7080,5487,521,2664,364,4966,882,428,454
7085,5488,521,2664,364,4967,882,428,454
7090,5493,521,2667,364,4972,882,428,454
7095,5495,521,2668,364,4974,883,428,455
7100,5503,523,2672,365,4980,883,428,455
7105,5506,523,2673,365,4983,883,428,455
7110,5511,523,2675,365,4988,884,428,456
7115,5515,523,2676,365,4992,884,428,456
7120,5518,523,2676,365,4995,884,428,456
7125,5519,523,2677,365,4996,884,428,456
7130,5524,523,2680,365,5001,884,428,456
7135,5526,523,2681,365,5003,885,428,457
7140,5534,524,2683,365,5010,885,428,457
7145,5537,524,2686,365,5013,885,428,457
7150,5542,525,2689,366,5017,886,429,457
7155,5546,525,2691,366,5021,887,430,457
7160,5549,525,2691,366,5024,887,430,457
7165,5550,525,2692,366,5025,887,430,457
7170,5555,525,2693,366,5030,887,430,457
7175,5557,525,2695,366,5032,888,431,457
7180,5565,526,2697,367,5039,888,431,457
7185,5568,526,2699,367,5042,888,431,457
7190,5573,526,2702,367,5047,889,432,457
7195,5577,526,2706,367,5050,890,433,457
7200,5580,527,2708,368,5053,891,434,457
7205,5581,527,2708,368,5054,891,434,457
7210,5586,528,2709,369,5058,891,434,457
7215,5588,528,2709,369,5060,892,434,458
7220,5596,528,2711,369,5068,893,434,459
7225,5599,528,2714,369,5071,893,434,459
7230,5604,528,2716,369,5076,894,435,459
7235,5608,528,2717,369,5080,894,435,459
7240,5611,528,2718,369,5083,894,435,459
7245,5612,528,2718,369,5084,894,435,459
7250,5617,529,2722,370,5088,894,435,459
7255,5619,529,2723,370,5090,895,436,459
7260,5627,529,2729,370,5098,896,437,459
7265,5630,529,2731,370,5101,896,437,459
7270,5635,529,2733,370,5106,897,437,460
7275,5639,529,2734,370,5110,897,437,460
7280,5642,529,2734,370,5113,897,437,460
7285,5643,529,2734,370,5114,897,437,460
7290,5648,530,2736,370,5118,897,437,460
7295,5650,530,2737,370,5120,898,437,461
7300,5658,530,2741,370,5128,898,437,461
7305,5661,530,2742,370,5131,898,437,461
7310,5666,530,2745,370,5136,899,438,461
7315,5670,530,2746,370,5140,899,438,461
7320,5673,530,2748,370,5143,900,439,461
7325,5674,530,2749,370,5144,900,439,461
7330,5679,530,2751,370,5149,900,439,461
7335,5681,530,2751,370,5151,901,439,462
7340,5689,532,2756,371,5157,902,440,462
7345,5692,532,2756,371,5160,902,440,462
7350,5697,532,2757,371,5165,903,440,463
7355,5701,532,2759,371,5169,904,440,464
7360,5704,532,2760,371,5172,905,441,464
7365,5705,532,2760,371,5173,905,441,464
7370,5710,532,2762,371,5178,905,441,464
7375,5712,532,2764,371,5180,906,442,464
7380,5720,534,2768,372,5186,907,442,465
7385,5723,534,2768,372,5189,907,442,465
7390,5728,534,2770,372,5194,908,443,465
7395,5732,534,2774,372,5198,909,444,465
7400,5735,534,2774,372,5201,910,444,466
7405,5736,534,2775,372,5202,910,444,466
7410,5741,534,2777,372,5207,910,444,466
7415,5743,534,2778,372,5209,911,444,467
7420,5751,536,2781,373,5215,912,445,467
7425,5754,536,2782,373,5218,912,445,467
7430,5759,537,2783,374,5222,914,445,469
7435,5763,537,2786,374,5225,915,446,469
7440,5766,538,2787,375,5228,916,447,469
7445,5767,538,2788,375,5229,916,447,469
7450,5772,538,2792,375,5234,916,447,469
7455,5774,538,2792,375,5236,917,447,470
7460,5782,538,2796,375,5244,917,447,470
7465,5785,538,2799,375,5247,917,447,470
7470,5790,538,2801,375,5252,918,447,471
7475,5794,538,2802,375,5256,918,447,471
7480,5797,538,2803,375,5259,919,448,471
7485,5798,538,2803,375,5260,919,448,471
7490,5803,538,2808,375,5265,919,448,471
7495,5805,538,2808,375,5267,920,448,472
7500,5813,538,2812,375,5275,920,448,472
7505,5816,538,2814,375,5278,920,448,472
7510,5821,538,2816,375,5283,921,448,473
7515,5825,538,2819,375,5287,921,448,473
7520,5828,538,2821,375,5290,922,449,473
7525,5829,538,2822,375,5291,922,449,473
7530,5834,538,2823,375,5296,922,449,473
7535,5836,538,2824,375,5298,923,450,473
7540,5844,538,2829,375,5306,923,450,473
7545,5847,538,2831,375,5309,923,450,473
7550,5852,538,2833,375,5313,924,450,474
7555,5856,539,2836,376,5316,925,450,475
7560,5859,540,2837,377,5319,926,450,476
7565,5860,540,2838,377,5320,926,450,476
7570,5865,541,2840,377,5324,926,450,476
7575,5867,541,2842,377,5326,927,451,476
7580,5875,542,2850,378,5333,928,452,476
7585,5878,542,2851,378,5336,928,452,476
7590,5883,542,2854,378,5341,929,452,477
7595,5887,542,2856,378,5345,929,452,477
7600,5890,542,2858,378,5348,929,452,477
7605,5891,542,2858,378,5349,929,452,477
7610,5896,543,2860,378,5353,929,452,477
7615,5898,543,2860,378,5355,930,452,478
7620,5906,544,2864,379,5362,931,452,479
7625,5909,545,2867,380,5364,931,452,479
7630,5914,545,2870,380,5369,932,452,480
7635,5918,545,2870,380,5373,932,452,480
7640,5921,545,2870,380,5376,932,452,480
7645,5922,545,2870,380,5377,932,452,480
7650,5927,546,2874,381,5381,932,452,480
7655,5929,546,2874,381,5383,933,452,481
7660,5937,547,2879,382,5390,934,452,482
7665,5940,547,2879,382,5393,934,452,482
7670,5945,547,2882,382,5398,936,453,483
7675,5949,547,2885,382,5401,937,454,483
7680,5952,548,2886,383,5404,938,454,484
7685,5953,548,2886,383,5405,938,454,484
7690,5958,548,2888,383,5410,938,454,484
7695,5960,548,2890,383,5412,939,455,484
7700,5968,548,2897,383,5420,939,455,484
7705,5971,548,2897,383,5423,939,455,484
7710,5976,548,2901,383,5428,940,456,484
7715,5980,548,2901,383,5432,940,456,484
7720,5983,548,2904,383,5435,940,456,484
7725,5984,548,2905,383,5436,940,456,484
7730,5989,548,2909,383,5441,940,456,484
7735,5991,548,2910,383,5443,941,456,485
7740,5999,548,2916,383,5451,941,456,485
7745,6002,548,2917,383,5454,941,456,485
7750,6007,548,2918,383,5459,942,456,486
7755,6011,548,2920,383,5463,942,456,486
7760,6014,548,2922,383,5466,942,456,486
7765,6015,548,2923,383,5467,942,456,486
7770,6020,548,2925,383,5472,942,456,486
7775,6022,548,2926,383,5474,943,456,487
7780,6030,548,2928,383,5482,943,456,487
7785,6033,548,2930,383,5485,943,456,487
7790,6038,548,2932,383,5490,944,456,488
7795,6042,548,2933,383,5494,944,456,488
7800,6045,548,2934,383,5497,945,456,489
7805,6046,548,2935,383,5498,945,456,489
7810,6051,549,2937,383,5502,945,456,489
7815,6053,549,2939,383,5504,946,457,489
7820,6061,550,2944,383,5511,946,457,489
7825,6064,550,2944,383,5514,946,457,489
7830,6069,550,2946,383,5519,947,458,489
7835,6073,550,2949,383,5522,947,458,489
7840,6076,551,2951,384,5525,947,458,489
7845,6077,551,2952,384,5526,947,458,489
7850,6082,552,2953,384,5530,947,458,489
7855,6084,552,2953,384,5532,948,458,490
7860,6092,553,2955,384,5539,948,458,490
7865,6095,553,2957,384,5542,948,458,490
7870,6100,553,2957,384,5547,949,458,491
7875,6104,553,2959,384,5551,949,458,491
7880,6107,553,2961,384,5554,949,458,491
7885,6108,553,2961,384,5555,949,458,491
7890,6113,554,2964,384,5559,949,458,491
7895,6115,554,2965,384,5561,950,459,491
7900,6123,555,2968,384,5568,950,459,491
7905,6126,555,2970,384,5571,951,459,492
7910,6131,555,2972,384,5576,953,461,492
7915,6135,555,2976,384,5579,954,462,492
7920,6138,556,2979,385,5582,955,463,492
7925,6139,556,2979,385,5583,955,463,492
7930,6144,556,2984,385,5588,955,463,492
7935,6146,556,2985,385,5590,956,464,492
7940,6154,557,2988,386,5597,957,464,493
7945,6157,557,2989,386,5600,957,464,493
7950,6162,557,2993,386,5605,958,465,493
7955,6166,557,2995,386,5609,958,465,493
7960,6169,557,2997,386,5612,958,465,493
7965,6170,557,2997,386,5613,958,465,493
7970,6175,557,2999,386,5618,958,465,493
7975,6177,557,3001,386,5620,959,466,493
7980,6185,558,3004,387,5627,960,466,494
7985,6188,558,3004,387,5630,960,466,494
7990,6193,558,3008,387,5635,961,467,494
7995,6197,558,3011,387,5639,961,467,494
8000,6200,558,3014,387,5642,961,467,494
8005,6201,558,3014,387,5643,961,467,494
8010,6206,558,3015,387,5648,961,467,494
8015,6208,558,3017,387,5650,962,468,494
8020,6216,559,3021,387,5657,963,468,495
8025,6219,560,3023,388,5659,963,468,495
8030,6224,561,3027,389,5663,964,469,495
8035,6228,561,3028,389,5667,965,469,496
8040,6231,561,3029,389,5670,966,469,497
8045,6232,561,3029,389,5671,966,469,497
8050,6237,561,3029,389,5676,966,469,497
8055,6239,561,3031,389,5678,967,470,497
8060,6247,561,3037,389,5686,967,470,497
8065,6250,561,3038,389,5689,967,470,497
8070,6255,561,3039,389,5694,968,471,497
8075,6259,561,3040,389,5698,968,471,497
8080,6262,561,3041,389,5701,969,471,498
8085,6263,561,3042,389,5702,969,471,498
8090,6268,561,3046,389,5707,969,471,498
8095,6270,561,3046,389,5709,970,471,499
8100,6278,561,3051,389,5717,970,471,499
8105,6281,561,3053,389,5720,970,471,499
8110,6286,561,3053,389,5725,971,471,500
8115,6290,561,3054,389,5728,971,471,500
8120,6293,562,3056,390,5731,971,471,500
8125,6294,562,3057,390,5732,972,472,500
8130,6299,563,3059,390,5736,972,472,500
8135,6301,563,3060,390,5738,973,473,500
8140,6309,563,3066,390,5746,974,474,500
8145,6312,563,3068,390,5749,974,474,500
8150,6317,563,3071,390,5754,976,476,500
8155,6321,563,3074,390,5757,977,477,500
8160,6324,564,3076,391,5760,977,477,500
8165,6325,564,3076,391,5761,977,477,500
8170,6330,564,3080,391,5766,977,477,500
8175,6332,564,3080,391,5768,978,477,501
8180,6340,565,3083,392,5775,979,477,502
8185,6343,565,3085,392,5778,980,478,502
8190,6348,565,3086,392,5783,981,479,502
8195,6352,565,3089,392,5787,981,479,502
8200,6355,565,3092,392,5790,981,479,502
8205,6356,565,3093,392,5791,981,479,502
8210,6361,565,3097,392,5796,981,479,502
8215,6363,565,3099,392,5798,982,480,502
8220,6371,566,3102,393,5805,983,480,503
8225,6374,566,3103,393,5808,983,480,503
8230,6379,566,3106,393,5813,984,480,504
8235,6383,566,3107,393,5817,984,480,504
8240,6386,566,3108,393,5820,985,480,505
8245,6387,566,3108,393,5821,985,480,505
8250,6392,566,3112,393,5826,985,480,505
8255,6394,566,3114,393,5828,986,481,505
8260,6402,567,3117,393,5835,986,481,505
8265,6405,567,3119,393,5838,986,481,505
8270,6410,567,3120,393,5843,988,481,507
8275,6414,567,3122,393,5847,989,481,508
8280,6417,567,3123,393,5850,990,481,509
8285,6418,568,3124,394,5850,990,481,509
8290,6423,569,3127,394,5854,990,481,509
8295,6425,569,3128,394,5856,991,482,509
8300,6433,571,3130,395,5862,992,482,510
8305,6436,572,3132,396,5864,992,482,510
8310,6441,572,3134,396,5869,993,483,510
8315,6445,572,3136,396,5873,993,483,510
8320,6448,572,3137,396,5876,993,483,510
8325,6449,572,3137,396,5877,993,483,510
8330,6454,573,3139,396,5881,993,483,510
8335,6456,573,3139,396,5883,994,483,511
8340,6464,574,3141,396,5890,995,484,511
8345,6467,574,3142,396,5893,995,484,511
8350,6472,574,3146,396,5898,996,485,511
8355,6476,574,3147,396,5902,996,485,511
8360,6479,574,3149,396,5905,996,485,511
8365,6480,574,3149,396,5906,996,485,511
8370,6485,575,3151,397,5910,996,485,511
8375,6487,575,3151,397,5912,997,485,512
8380,6495,575,3155,397,5920,997,485,512
8385,6498,575,3158,397,5923,997,485,512
8390,6503,575,3162,397,5928,998,486,512
8395,6507,575,3165,397,5932,999,487,512
8400,6510,575,3167,397,5935,1000,488,512
8405,6511,575,3167,397,5936,1000,488,512
8410,6516,576,3169,397,5940,1000,488,512
8415,6518,576,3170,397,5942,1001,489,512
8420,6526,577,3175,398,5948,1002,489,513
8425,6529,578,3176,399,5951,1003,489,514
8430,6534,578,3176,399,5956,1004,489,515
8435,6538,578,3178,399,5960,1004,489,515
8440,6541,578,3180,399,5963,1005,489,516
8445,6542,578,3180,399,5964,1005,489,516
8450,6547,579,3182,399,5968,1005,489,516
8455,6549,579,3182,399,5970,1006,489,517
8460,6557,581,3187,400,5976,1008,491,517
8465,6560,581,3189,400,5979,1008,491,517
8470,6565,581,3190,400,5984,1010,491,519
8475,6569,581,3191,400,5988,1010,491,519
8480,6572,581,3192,400,5991,1011,491,520
8485,6573,581,3193,400,5992,1011,491,520
8490,6578,581,3196,400,5997,1011,491,520
8495,6580,581,3198,400,5999,1012,492,520
8500,6588,582,3202,401,6006,1012,492,520
8505,6591,582,3203,401,6009,1012,492,520
8510,6596,583,3206,402,6013,1014,494,520
8515,6600,583,3207,402,6017,1014,494,520
8520,6603,583,3208,402,6020,1015,495,520
8525,6604,583,3208,402,6021,1015,495,520
8530,6609,583,3210,402,6026,1015,495,520
8535,6611,583,3211,402,6028,1016,495,521
8540,6619,585,3216,403,6034,1017,496,521
8545,6622,586,3219,404,6036,1017,496,521
8550,6627,586,3219,404,6041,1018,496,522
8555,6631,586,3220,404,6044,1018,496,522
8560,6634,587,3221,405,6047,1018,496,522
8565,6635,587,3222,405,6048,1018,496,522
8570,6640,588,3225,405,6052,1018,496,522
8575,6642,588,3226,405,6054,1019,497,522
8580,6650,589,3228,405,6061,1021,499,522
8585,6653,589,3229,405,6064,1021,499,522
8590,6658,589,3231,405,6069,1022,500,522
8595,6662,589,3232,405,6073,1023,500,523
8600,6665,589,3235,405,6076,1023,500,523
8605,6666,589,3235,405,6077,1023,500,523
8610,6671,590,3236,405,6081,1023,500,523
8615,6673,590,3236,405,6083,1024,500,524
8620,6681,590,3239,405,6091,1025,500,525
8625,6684,590,3241,405,6094,1026,501,525
8630,6689,590,3245,405,6099,1028,503,525
8635,6693,590,3248,405,6103,1029,504,525
8640,6696,590,3250,405,6106,1029,504,525
8645,6697,590,3250,405,6107,1029,504,525
8650,6702,591,3252,406,6111,1029,504,525
8655,6704,591,3254,406,6113,1030,505,525
8660,6712,591,3256,406,6121,1031,505,526
8665,6715,591,3257,406,6124,1032,505,527
8670,6720,591,3260,406,6129,1033,506,527
8675,6724,591,3260,406,6133,1034,506,528
8680,6727,591,3261,406,6136,1034,506,528
8685,6728,591,3262,406,6137,1034,506,528
8690,6733,592,3265,406,6141,1034,506,528
8695,6735,592,3265,406,6143,1035,506,529
8700,6743,595,3270,408,6147,1036,506,530
8705,6746,596,3271,409,6150,1036,506,530
8710,6751,596,3274,409,6155,1037,507,530
8715,6755,596,3277,409,6158,1038,508,530
8720,6758,597,3279,410,6161,1039,509,530
8725,6759,597,3279,410,6162,1039,509,530
8730,6764,598,3282,411,6166,1039,509,530
8735,6766,598,3282,411,6168,1040,509,531
8740,6774,600,3285,412,6174,1041,509,532
8745,6777,601,3287,413,6176,1041,509,532
8750,6782,601,3290,413,6181,1042,509,533
8755,6786,601,3293,413,6184,1043,510,533
8760,6789,602,3296,414,6187,1044,511,533
8765,6790,602,3297,414,6188,1044,511,533
8770,6795,602,3300,414,6193,1044,511,533
8775,6797,602,3301,414,6195,1045,512,533
8780,6805,603,3305,414,6202,1045,512,533
8785,6808,603,3305,414,6205,1045,512,533
8790,6813,603,3308,414,6210,1046,513,533
8795,6817,603,3310,414,6214,1046,513,533
8800,6820,603,3312,414,6217,1046,513,533
8805,6821,603,3312,414,6218,1046,513,533
8810,6826,603,3315,414,6223,1046,513,533
8815,6828,603,3317,414,6225,1047,514,533
8820,6836,604,3322,415,6232,1048,514,534
8825,6839,604,3323,415,6235,1048,514,534
8830,6844,604,3325,415,6240,1049,514,535
8835,6848,604,3326,415,6244,1049,514,535
8840,6851,604,3329,415,6247,1049,514,535
8845,6852,604,3330,415,6248,1049,514,535
8850,6857,604,3332,415,6253,1049,514,535
8855,6859,604,3332,415,6255,1050,514,536
8860,6867,605,3338,416,6262,1050,514,536
8865,6870,605,3339,416,6265,1050,514,536
8870,6875,605,3341,416,6270,1051,514,537
8875,6879,605,3343,416,6274,1051,514,537
8880,6882,605,3343,416,6277,1052,514,538
8885,6883,605,3343,416,6278,1052,514,538
8890,6888,606,3346,416,6282,1052,514,538
8895,6890,606,3346,416,6284,1053,514,539
8900,6898,607,3350,417,6290,1055,515,540
8905,6901,608,3352,418,6293,1055,515,540
8910,6906,609,3353,419,6297,1057,515,542
8915,6910,609,3355,419,6300,1058,515,543
8920,6913,610,3357,420,6303,1059,515,544
8925,6914,610,3357,420,6304,1059,515,544
8930,6919,611,3358,420,6308,1059,515,544
8935,6921,611,3358,420,6310,1060,515,545
8940,6929,613,3363,422,6315,1062,516,546
8945,6932,614,3366,423,6318,1062,516,546
8950,6937,614,3369,423,6323,1063,516,547
8955,6941,614,3370,423,6327,1063,516,547
8960,6944,614,3372,423,6330,1064,517,547
8965,6945,614,3372,423,6331,1064,517,547
8970,6950,614,3373,423,6336,1064,517,547
8975,6952,614,3375,423,6338,1065,518,547
8980,6960,614,3378,423,6346,1065,518,547
8985,6963,614,3379,423,6349,1065,518,547
8990,6968,614,3382,423,6354,1066,519,547
8995,6972,614,3384,423,6358,1066,519,547
9000,6975,614,3384,423,6361,1067,519,548
9005,6976,614,3385,423,6362,1067,519,548
9010,6981,615,3389,424,6366,1067,519,548
9015,6983,615,3389,424,6368,1068,519,549
9020,6991,616,3393,425,6375,1069,520,549
9025,6994,616,3395,425,6378,1070,521,549
9030,6999,616,3399,425,6383,1072,523,549
9035,7003,616,3401,425,6387,1072,523,549
9040,7006,616,3401,425,6390,1072,523,549
9045,7007,616,3402,425,6391,1072,523,549
9050,7012,617,3403,425,6395,1072,523,549
9055,7014,617,3403,425,6397,1073,523,550
9060,7022,619,3409,426,6401,1074,524,550
9065,7025,621,3410,428,6404,1074,524,550
9070,7030,621,3414,428,6409,1075,525,550
9075,7034,621,3415,428,6413,1075,525,550
9080,7037,621,3416,428,6416,1075,525,550
9085,7038,622,3417,429,6416,1075,525,550
9090,7043,623,3419,429,6420,1075,525,550
9095,7045,623,3419,429,6422,1076,525,551
9100,7053,625,3422,430,6428,1077,526,551
9105,7056,626,3424,431,6430,1077,526,551
9110,7061,626,3425,431,6435,1078,526,552
9115,7065,626,3426,431,6439,1079,526,553
9120,7068,626,3427,431,6442,1080,526,554
9125,7069,626,3428,431,6443,1080,526,554
9130,7074,626,3430,431,6448,1080,526,554
9135,7076,626,3430,431,6450,1081,526,555
9140,7084,627,3432,432,6457,1082,526,556
9145,7087,627,3433,432,6460,1082,526,556
9150,7092,627,3436,432,6465,1084,528,556
9155,7096,627,3438,432,6469,1084,528,556
9160,7099,627,3440,432,6472,1085,529,556
9165,7100,627,3441,432,6473,1085,529,556
9170,7105,627,3444,432,6478,1085,529,556
9175,7107,627,3444,432,6480,1086,529,557
9180,7115,628,3449,432,6487,1087,530,557
9185,7118,628,3450,432,6490,1087,530,557
9190,7123,628,3453,432,6495,1088,530,558
9195,7127,628,3455,432,6499,1088,530,558
9200,7130,628,3456,432,6502,1089,531,558
9205,7131,628,3457,432,6503,1089,531,558
9210,7136,628,3460,432,6508,1089,531,558
9215,7138,628,3461,432,6510,1090,532,558
9220,7146,629,3464,433,6517,1091,533,558
9225,7149,630,3466,434,6519,1091,533,558
9230,7154,630,3468,434,6524,1092,533,559
9235,7158,630,3471,434,6527,1092,533,559
9240,7161,631,3472,435,6530,1093,533,560
9245,7162,631,3473,435,6531,1093,533,560
9250,7167,631,3477,435,6536,1093,533,560
9255,7169,631,3477,435,6538,1094,533,561
9260,7177,632,3480,435,6545,1094,533,561
9265,7180,632,3482,435,6548,1094,533,561
9270,7185,632,3486,435,6553,1095,534,561
9275,7189,632,3487,435,6557,1095,534,561
9280,7192,632,3489,435,6560,1096,534,562
9285,7193,632,3490,435,6561,1096,534,562
9290,7198,632,3495,435,6566,1096,534,562
9295,7200,632,3497,435,6568,1097,535,562
9300,7208,633,3499,435,6575,1097,535,562
9305,7211,633,3500,435,6578,1097,535,562
9310,7216,633,3501,435,6583,1099,535,564
9315,7220,633,3503,435,6587,1099,535,564
9320,7223,633,3504,435,6590,1100,535,565
9325,7224,633,3504,435,6591,1100,535,565
9330,7229,633,3507,435,6596,1100,535,565
9335,7231,633,3508,435,6598,1101,536,565
9340,7239,634,3511,435,6605,1101,536,565
9345,7242,634,3513,435,6608,1101,536,565
9350,7247,635,3517,436,6612,1103,538,565
9355,7251,635,3519,436,6615,1103,538,565
9360,7254,636,3520,437,6618,1104,538,566
9365,7255,636,3520,437,6619,1104,538,566
9370,7260,637,3522,438,6623,1104,538,566
9375,7262,637,3522,438,6625,1105,538,567
9380,7270,638,3527,439,6632,1107,539,568
9385,7273,639,3528,440,6634,1107,539,568
9390,7278,639,3532,440,6639,1108,539,569
9395,7282,639,3535,440,6642,1109,540,569
9400,7285,640,3537,441,6645,1110,541,569
9405,7286,641,3538,442,6645,1110,541,569
9410,7291,642,3542,443,6649,1110,541,569
9415,7293,642,3543,443,6651,1111,542,569
9420,7301,643,3546,443,6658,1113,543,570
9425,7304,643,3546,443,6661,1113,543,570
9430,7309,643,3549,443,6666,1114,543,571
9435,7313,643,3552,443,6669,1114,543,571
9440,7316,644,3553,444,6672,1115,543,572
9445,7317,644,3553,444,6673,1115,543,572
9450,7322,645,3558,445,6677,1115,543,572
9455,7324,645,3558,445,6679,1116,543,573
9460,7332,646,3561,445,6686,1117,544,573
9465,7335,647,3564,446,6688,1117,544,573
9470,7340,648,3566,447,6692,1119,544,575
9475,7344,648,3568,447,6696,1119,544,575
9480,7347,648,3571,447,6699,1120,545,575
9485,7348,648,3572,447,6700,1120,545,575
9490,7353,648,3576,447,6705,1120,545,575
9495,7355,648,3577,447,6707,1121,546,575
9500,7363,648,3584,447,6715,1121,546,575
9505,7366,648,3586,447,6718,1121,546,575
9510,7371,648,3589,447,6723,1122,546,576
9515,7375,648,3592,447,6727,1122,546,576
9520,7378,648,3594,447,6730,1123,546,577
9525,7379,648,3595,447,6731,1123,546,577
9530,7384,648,3600,447,6736,1123,546,577
9535,7386,648,3602,447,6738,1124,547,577
9540,7394,648,3605,447,6746,1125,547,578
9545,7397,648,3606,447,6749,1125,547,578
9550,7402,648,3608,447,6754,1126,547,579
9555,7406,648,3611,447,6758,1126,547,579
9560,7409,648,3612,447,6761,1126,547,579
9565,7410,648,3612,447,6762,1126,547,579
9570,7415,648,3614,447,6767,1126,547,579
9575,7417,648,3615,447,6769,1127,547,580
9580,7425,648,3621,447,6777,1128,548,580
9585,7428,648,3622,447,6780,1128,548,580
9590,7433,649,3627,448,6784,1129,549,580
9595,7437,649,3630,448,6788,1130,550,580
9600,7440,649,3632,448,6791,1130,550,580
9605,7441,649,3632,448,6792,1130,550,580
9610,7446,649,3635,448,6797,1130,550,580
9615,7448,649,3636,448,6799,1131,550,581
9620,7456,650,3640,448,6806,1132,550,582
9625,7459,650,3642,448,6809,1133,551,582
9630,7464,650,3644,448,6814,1134,552,582
9635,7468,650,3646,448,6818,1134,552,582
9640,7471,650,3648,448,6821,1134,552,582
9645,7472,650,3649,448,6822,1134,552,582
9650,7477,651,3654,449,6826,1134,552,582
9655,7479,651,3655,449,6828,1135,553,582
9660,7487,652,3660,450,6835,1136,553,583
9665,7490,653,3661,451,6837,1136,553,583
9670,7495,653,3664,451,6842,1137,554,583
9675,7499,653,3665,451,6846,1137,554,583
9680,7502,653,3665,451,6849,1138,554,584
9685,7503,653,3666,451,6850,1138,554,584
9690,7508,654,3667,452,6854,1138,554,584
9695,7510,654,3668,452,6856,1139,554,585
9700,7518,655,3672,452,6862,1140,555,585
9705,7521,657,3674,454,6864,1140,555,585
9710,7526,657,3675,454,6869,1142,555,587
9715,7530,657,3677,454,6872,1143,556,587
9720,7533,658,3678,455,6875,1144,556,588
9725,7534,658,3678,455,6876,1144,556,588
9730,7539,659,3679,455,6880,1144,556,588
9735,7541,659,3679,455,6882,1145,556,589
9740,7549,661,3681,456,6888,1146,556,590
9745,7552,661,3681,456,6891,1146,556,590
9750,7557,661,3681,456,6896,1147,556,591
9755,7561,661,3682,456,6900,1148,556,592
9760,7564,661,3685,456,6903,1149,557,592
9765,7565,661,3686,456,6904,1149,557,592
9770,7570,662,3689,457,6908,1149,557,592
9775,7572,662,3690,457,6910,1150,558,592
9780,7580,663,3692,457,6917,1152,559,593
9785,7583,663,3694,457,6920,1153,560,593
9790,7588,663,3695,457,6925,1154,560,594
9795,7592,663,3696,457,6929,1155,560,595
9800,7595,663,3698,457,6932,1155,560,595
9805,7596,663,3699,457,6933,1155,560,595
9810,7601,664,3703,458,6937,1155,560,595
9815,7603,664,3704,458,6939,1156,560,596
9820,7611,665,3708,459,6946,1157,560,597
9825,7614,666,3710,460,6948,1158,560,598
9830,7619,667,3712,461,6952,1160,560,600
9835,7623,667,3715,461,6956,1161,561,600
9840,7626,667,3715,461,6959,1161,561,600
9845,7627,667,3716,461,6960,1161,561,600
9850,7632,668,3716,461,6964,1161,561,600
9855,7634,668,3718,461,6966,1162,562,600
9860,7642,669,3723,462,6973,1163,562,601
9865,7645,669,3725,462,6976,1163,562,601
9870,7650,669,3726,462,6981,1164,563,601
9875,7654,669,3727,462,6985,1164,563,601
9880,7657,669,3728,462,6988,1164,563,601
9885,7658,669,3729,462,6989,1164,563,601
9890,7663,670,3732,463,6993,1164,563,601
9895,7665,670,3732,463,6995,1165,563,602
9900,7673,671,3736,464,7002,1166,564,602
9905,7676,671,3739,464,7005,1166,564,602
9910,7681,671,3743,464,7010,1167,565,602
9915,7685,671,3744,464,7014,1167,565,602
9920,7688,671,3747,464,7017,1168,566,602
9925,7689,671,3748,464,7018,1168,566,602
9930,7694,671,3751,464,7023,1168,566,602
9935,7696,671,3753,464,7025,1169,567,602
9940,7704,671,3760,464,7033,1169,567,602
9945,7707,671,3762,464,7036,1169,567,602
9950,7712,672,3765,465,7040,1171,568,603
9955,7716,672,3768,465,7044,1172,568,604
9960,7719,672,3770,465,7047,1173,569,604
9965,7720,672,3770,465,7048,1173,569,604
9970,7725,673,3772,466,7052,1173,569,604
9975,7727,673,3774,466,7054,1174,570,604
9980,7735,674,3778,467,7061,1174,570,604
9985,7738,674,3778,467,7064,1175,570,605
9990,7743,674,3780,467,7069,1176,570,606
9995,7747,674,3784,467,7072,1177,571,606
10000,7750,675,3784,468,7075,1178,571,607
10005,7751,675,3785,468,7076,1178,571,607
10010,7756,676,3787,468,7080,1178,571,607
10015,7758,676,3788,468,7082,1179,571,608
10020,7766,678,3793,470,7088,1180,572,608
10025,7769,678,3793,470,7091,1180,572,608
10030,7774,678,3794,470,7096,1181,572,609
10035,7778,678,3797,470,7099,1182,572,610
10040,7781,679,3798,471,7102,1183,572,611
10045,7782,679,3798,471,7103,1183,572,611
10050,7787,680,3798,471,7107,1183,572,611
10055,7789,680,3799,471,7109,1184,572,612
10060,7797,682,3802,473,7115,1185,572,613
10065,7800,682,3802,473,7118,1185,572,613
10070,7805,682,3803,473,7123,1187,572,615
10075,7809,682,3807,473,7126,1188,573,615
10080,7812,683,3808,474,7129,1189,573,616
10085,7813,683,3808,474,7130,1189,573,616
10090,7818,683,3811,474,7135,1189,573,616
10095,7820,683,3813,474,7137,1190,574,616
10100,7828,685,3818,475,7143,1191,575,616
10105,7831,686,3820,476,7145,1191,575,616
10110,7836,686,3822,476,7150,1193,576,617
10115,7840,686,3824,476,7154,1193,576,617
10120,7843,686,3825,476,7157,1193,576,617
10125,7844,686,3826,476,7158,1193,576,617
10130,7849,686,3830,476,7163,1193,576,617
10135,7851,686,3832,476,7165,1194,577,617
10140,7859,687,3837,477,7172,1195,578,617
10145,7862,688,3839,478,7174,1195,578,617
10150,7867,688,3841,478,7179,1196,578,618
10155,7871,688,3841,478,7183,1196,578,618
10160,7874,688,3842,478,7186,1196,578,618
10165,7875,688,3843,478,7187,1196,578,618
10170,7880,688,3844,478,7192,1196,578,618
10175,7882,688,3844,478,7194,1197,578,619
10180,7890,689,3849,479,7201,1198,579,619
10185,7893,690,3852,480,7203,1198,579,619
10190,7898,691,3855,481,7207,1199,580,619
10195,7902,691,3856,481,7211,1199,580,619
10200,7905,691,3858,481,7214,1200,581,619
10205,7906,691,3859,481,7215,1200,581,619
10210,7911,691,3863,481,7220,1200,581,619
10215,7913,691,3864,481,7222,1201,581,620
10220,7921,691,3866,481,7230,1202,581,621
10225,7924,691,3867,481,7233,1202,581,621
10230,7929,691,3870,481,7238,1203,581,622
10235,7933,691,3871,481,7242,1203,581,622
10240,7936,691,3872,481,7245,1204,581,623
10245,7937,691,3873,481,7246,1204,581,623
10250,7942,691,3877,481,7251,1204,581,623
10255,7944,691,3879,481,7253,1205,582,623
10260,7952,691,3881,481,7261,1206,582,624
10265,7955,691,3883,481,7264,1206,582,624
10270,7960,691,3884,481,7269,1207,582,625
10275,7964,691,3886,481,7273,1207,582,625
10280,7967,691,3886,481,7276,1208,582,626
10285,7968,691,3887,481,7277,1208,582,626
10290,7973,691,3889,481,7282,1208,582,626
10295,7975,691,3891,481,7284,1209,583,626
10300,7983,691,3895,481,7292,1210,583,627
10305,7986,691,3895,481,7295,1210,583,627
10310,7991,691,3897,481,7300,1211,584,627
10315,7995,691,3900,481,7303,1211,584,627
10320,7998,692,3901,482,7306,1212,584,628
10325,7999,693,3902,483,7306,1212,584,628
10330,8004,694,3902,483,7310,1212,584,628
10335,8006,694,3902,483,7312,1213,584,629
10340,8014,695,3904,483,7319,1215,584,631
10345,8017,695,3906,483,7322,1215,584,631
10350,8022,695,3908,483,7327,1216,585,631
10355,8026,695,3909,483,7331,1217,586,631
10360,8029,695,3911,483,7334,1217,586,631
10365,8030,696,3912,484,7334,1217,586,631
10370,8035,697,3913,484,7338,1217,586,631
10375,8037,697,3914,484,7340,1218,587,631
10380,8045,698,3917,484,7347,1220,588,632
10385,8048,699,3919,485,7349,1220,588,632
10390,8053,699,3920,485,7354,1222,589,633
10395,8057,699,3920,485,7358,1223,589,634
10400,8060,699,3923,485,7361,1223,589,634
10405,8061,699,3923,485,7362,1223,589,634
10410,8066,700,3924,486,7366,1223,589,634
10415,8068,700,3925,486,7368,1224,589,635
10420,8076,701,3931,487,7375,1226,590,636
10425,8079,701,3932,487,7378,1226,590,636
10430,8084,701,3934,487,7383,1228,591,637
10435,8088,701,3935,487,7387,1229,591,638
10440,8091,701,3935,487,7390,1230,591,639
10445,8092,701,3935,487,7391,1230,591,639
10450,8097,701,3937,487,7396,1230,591,639
10455,8099,701,3938,487,7398,1231,591,640
10460,8107,701,3945,487,7406,1232,592,640
10465,8110,701,3946,487,7409,1232,592,640
10470,8115,701,3950,487,7414,1233,593,640
10475,8119,701,3953,487,7418,1234,593,641
10480,8122,701,3954,487,7421,1235,593,642
10485,8123,701,3955,487,7422,1235,593,642
10490,8128,701,3957,487,7427,1235,593,642
10495,8130,701,3958,487,7429,1236,594,642
10500,8138,701,3963,487,7437,1237,594,643
10505,8141,701,3963,487,7440,1237,594,643
10510,8146,701,3966,487,7445,1238,594,644
10515,8150,701,3969,487,7449,1238,594,644
10520,8153,701,3971,487,7452,1239,594,645
10525,8154,701,3972,487,7453,1239,594,645
10530,8159,701,3975,487,7458,1239,594,645
10535,8161,701,3976,487,7460,1240,595,645
10540,8169,701,3981,487,7468,1240,595,645
10545,8172,701,3982,487,7471,1240,595,645
10550,8177,701,3986,487,7476,1242,596,646
10555,8181,701,3987,487,7479,1242,596,646
10560,8184,702,3988,488,7482,1243,596,647
10565,8185,702,3988,488,7483,1243,596,647
10570,8190,703,3990,488,7487,1243,596,647
10575,8192,703,3991,488,7489,1244,596,648
10580,8200,704,3994,488,7496,1246,597,649
10585,8203,704,3996,488,7499,1247,598,649
10590,8208,705,4000,489,7503,1249,600,649
10595,8212,705,4003,489,7507,1250,600,650
10600,8215,705,4003,489,7510,1250,600,650
10605,8216,705,4003,489,7511,1250,600,650
10610,8221,706,4005,489,7515,1250,600,650
10615,8223,706,4007,489,7517,1251,601,650
10620,8231,707,4009,489,7524,1253,602,651
10625,8234,708,4010,490,7526,1254,602,652
10630,8239,708,4013,490,7531,1255,602,653
10635,8243,708,4013,490,7535,1255,602,653
10640,8246,708,4014,490,7538,1255,602,653
10645,8247,708,4015,490,7539,1255,602,653
10650,8252,709,4016,490,7543,1255,602,653
10655,8254,709,4017,490,7545,1256,602,654
10660,8262,710,4022,491,7552,1257,602,655
10665,8265,710,4023,491,7555,1258,602,656
10670,8270,710,4023,491,7560,1259,602,657
10675,8274,710,4026,491,7563,1259,602,657
10680,8277,711,4029,492,7566,1260,603,657
10685,8278,711,4030,492,7567,1260,603,657
10690,8283,712,4031,492,7571,1260,603,657
10695,8285,712,4032,492,7573,1261,604,657
10700,8293,713,4035,493,7580,1261,604,657
10705,8296,713,4037,493,7583,1261,604,657
10710,8301,713,4041,493,7588,1262,605,657
10715,8305,713,4043,493,7591,1262,605,657
10720,8308,714,4045,494,7594,1263,605,658
10725,8309,714,4046,494,7595,1263,605,658
10730,8314,715,4049,494,7599,1263,605,658
10735,8316,715,4051,494,7601,1264,606,658
10740,8324,716,4052,494,7608,1265,606,659
10745,8327,716,4053,494,7611,1265,606,659
10750,8332,716,4055,494,7616,1266,607,659
10755,8336,716,4055,494,7620,1266,607,659
10760,8339,716,4057,494,7623,1267,608,659
10765,8340,716,4057,494,7624,1267,608,659
10770,8345,716,4061,494,7629,1267,608,659
10775,8347,716,4062,494,7631,1268,608,660
10780,8355,717,4065,494,7638,1269,609,660
10785,8358,717,4067,494,7641,1269,609,660
10790,8363,718,4069,495,7645,1271,609,662
10795,8367,718,4069,495,7649,1272,609,663
10800,8370,718,4071,495,7652,1273,609,664
10805,8371,718,4072,495,7653,1273,609,664
10810,8376,718,4074,495,7658,1273,609,664
10815,8378,718,4075,495,7660,1274,610,664
10820,8386,719,4079,496,7667,1275,611,664
10825,8389,720,4082,497,7669,1275,611,664
10830,8394,720,4084,497,7674,1276,611,665
10835,8398,720,4086,497,7678,1276,611,665
10840,8401,720,4087,497,7681,1276,611,665
10845,8402,720,4087,497,7682,1276,611,665
10850,8407,720,4090,497,7687,1276,611,665
10855,8409,720,4091,497,7689,1277,612,665
10860,8417,721,4094,497,7696,1278,612,666
10865,8420,722,4097,498,7698,1278,612,666
10870,8425,722,4100,498,7703,1279,612,667
10875,8429,722,4102,498,7707,1279,612,667
10880,8432,722,4105,498,7710,1279,612,667
10885,8433,722,4105,498,7711,1279,612,667
10890,8438,722,4107,498,7716,1279,612,667
10895,8440,722,4107,498,7718,1280,612,668
10900,8448,723,4112,499,7725,1281,612,669
10905,8451,723,4113,499,7728,1281,612,669
10910,8456,723,4117,499,7733,1283,614,669
10915,8460,723,4118,499,7736,1284,614,670
10920,8463,724,4119,500,7739,1285,614,671
10925,8464,724,4119,500,7740,1285,614,671
10930,8469,725,4119,500,7744,1285,614,671
10935,8471,725,4120,500,7746,1286,614,672
10940,8479,725,4124,500,7754,1287,615,672
10945,8482,725,4127,500,7757,1287,615,672
10950,8487,725,4130,500,7762,1288,616,672
10955,8491,725,4133,500,7765,1288,616,672
10960,8494,726,4134,501,7768,1288,616,672
10965,8495,727,4135,502,7768,1288,616,672
10970,8500,728,4138,502,7772,1288,616,672
10975,8502,728,4139,502,7774,1289,617,672
10980,8510,728,4143,502,7782,1290,618,672
10985,8513,728,4146,502,7785,1290,618,672
10990,8518,728,4147,502,7790,1291,619,672
10995,8522,728,4149,502,7793,1291,619,672
11000,8525,729,4150,503,7796,1291,619,672
11005,8526,729,4151,503,7797,1291,619,672
11010,8531,730,4153,504,7801,1291,619,672
11015,8533,730,4154,504,7803,1292,619,673
11020,8541,730,4159,504,7811,1292,619,673
11025,8544,730,4160,504,7814,1292,619,673
11030,8549,730,4161,504,7819,1293,619,674
11035,8553,730,4163,504,7822,1294,619,675
11040,8556,731,4166,505,7825,1295,620,675
11045,8557,731,4167,505,7826,1295,620,675
11050,8562,731,4170,505,7831,1295,620,675
11055,8564,731,4171,505,7833,1296,621,675
11060,8572,733,4175,507,7839,1297,622,675
11065,8575,733,4176,507,7842,1297,622,675
11070,8580,733,4179,507,7847,1299,623,676
11075,8584,733,4181,507,7851,1300,623,677
11080,8587,733,4183,507,7854,1300,623,677
11085,8588,733,4183,507,7855,1300,623,677
11090,8593,733,4187,507,7860,1300,623,677
11095,8595,733,4188,507,7862,1301,624,677
11100,8603,735,4194,509,7867,1302,625,677
11105,8606,736,4196,510,7870,1303,626,677
11110,8611,736,4198,510,7875,1305,628,677
11115,8615,736,4200,510,7879,1306,629,677
11120,8618,736,4201,510,7882,1306,629,677
11125,8619,736,4202,510,7883,1306,629,677
11130,8624,736,4204,510,7888,1306,629,677
11135,8626,736,4205,510,7890,1307,630,677
11140,8634,737,4212,511,7897,1307,630,677
11145,8637,737,4214,511,7900,1308,630,678
11150,8642,738,4216,512,7904,1310,631,679
11155,8646,738,4217,512,7908,1311,631,680
11160,8649,738,4219,512,7911,1312,632,680
11165,8650,738,4219,512,7912,1312,632,680
11170,8655,739,4221,513,7916,1312,632,680
11175,8657,739,4222,513,7918,1313,632,681
11180,8665,741,4226,515,7924,1314,632,682
11185,8668,741,4227,515,7927,1314,632,682
11190,8673,741,4231,515,7932,1315,633,682
11195,8677,741,4233,515,7935,1315,633,682
11200,8680,742,4235,516,7938,1316,634,682
11205,8681,742,4235,516,7939,1316,634,682
11210,8686,743,4236,516,7943,1316,634,682
11215,8688,743,4238,516,7945,1317,635,682
11220,8696,746,4242,519,7950,1318,635,683
11225,8699,746,4244,519,7953,1318,635,683
11230,8704,746,4247,519,7958,1319,635,684
11235,8708,746,4249,519,7961,1319,635,684
11240,8711,747,4250,520,7964,1320,635,685
11245,8712,747,4250,520,7965,1320,635,685
11250,8717,748,4250,520,7969,1320,635,685
11255,8719,748,4251,520,7971,1321,635,686
11260,8727,748,4252,520,7979,1322,635,687
11265,8730,748,4253,520,7982,1322,635,687
11270,8735,748,4256,520,7986,1324,637,687
11275,8739,749,4257,521,7989,1324,637,687
11280,8742,750,4258,522,7992,1325,638,687
11285,8743,750,4258,522,7993,1325,638,687
11290,8748,751,4260,523,7997,1325,638,687
11295,8750,751,4261,523,7999,1326,638,688
11300,8758,751,4266,523,8007,1326,638,688
11305,8761,751,4267,523,8010,1326,638,688
11310,8766,751,4269,523,8015,1327,638,689
11315,8770,751,4270,523,8019,1327,638,689
11320,8773,751,4273,523,8022,1327,638,689
11325,8774,751,4273,523,8023,1327,638,689
11330,8779,752,4278,524,8027,1327,638,689
11335,8781,752,4280,524,8029,1328,639,689
11340,8789,753,4282,524,8036,1328,639,689
11345,8792,753,4283,524,8039,1328,639,689
11350,8797,753,4286,524,8044,1329,640,689
11355,8801,753,4288,524,8048,1329,640,689
11360,8804,753,4288,524,8051,1329,640,689
11365,8805,753,4289,524,8052,1329,640,689
11370,8810,754,4292,524,8056,1329,640,689
11375,8812,754,4294,524,8058,1330,641,689
11380,8820,755,4298,524,8065,1331,641,690
11385,8823,755,4299,524,8068,1331,641,690
11390,8828,755,4302,524,8073,1333,642,691
11395,8832,755,4304,524,8076,1334,643,691
11400,8835,756,4305,525,8079,1335,644,691
11405,8836,756,4305,525,8080,1335,644,691
11410,8841,756,4305,525,8085,1335,644,691
11415,8843,756,4306,525,8087,1336,644,692
11420,8851,757,4311,526,8094,1337,645,692
11425,8854,757,4312,526,8097,1337,645,692
11430,8859,757,4313,526,8102,1338,645,693
11435,8863,757,4313,526,8106,1338,645,693
11440,8866,757,4314,526,8109,1339,645,694
11445,8867,757,4314,526,8110,1339,645,694
11450,8872,757,4316,526,8115,1339,645,694
11455,8874,757,4317,526,8117,1340,645,695
11460,8882,758,4322,527,8124,1341,646,695
11465,8885,758,4323,527,8127,1341,646,695
11470,8890,758,4326,527,8132,1343,646,697
11475,8894,758,4326,527,8136,1343,646,697
11480,8897,758,4327,527,8139,1344,647,697
11485,8898,758,4328,527,8140,1344,647,697
11490,8903,758,4331,527,8145,1344,647,697
11495,8905,758,4331,527,8147,1345,647,698
11500,8913,759,4335,528,8154,1346,648,698
11505,8916,759,4338,528,8157,1346,648,698
11510,8921,759,4342,528,8162,1347,649,698
11515,8925,759,4344,528,8166,1347,649,698
11520,8928,759,4346,528,8169,1348,649,699
11525,8929,759,4347,528,8170,1348,649,699
11530,8934,760,4350,529,8174,1348,649,699
11535,8936,760,4351,529,8176,1349,649,700
11540,8944,761,4353,529,8183,1349,649,700
11545,8947,761,4353,529,8186,1349,649,700
11550,8952,762,4356,530,8190,1350,649,701
11555,8956,762,4359,530,8193,1350,649,701
11560,8959,763,4360,531,8196,1351,649,702
11565,8960,763,4360,531,8197,1351,649,702
11570,8965,764,4361,531,8201,1351,649,702
11575,8967,764,4362,531,8203,1352,650,702
11580,8975,766,4365,532,8209,1352,650,702
11585,8978,766,4365,532,8212,1352,650,702
11590,8983,766,4367,532,8217,1353,651,702
11595,8987,766,4368,532,8221,1354,651,703
11600,8990,766,4369,532,8224,1355,651,704
11605,8991,766,4369,532,8225,1355,651,704
11610,8996,767,4371,532,8229,1355,651,704
11615,8998,767,4372,532,8231,1356,651,705
11620,9006,768,4377,533,8238,1356,651,705
11625,9009,768,4378,533,8241,1356,651,705
11630,9014,768,4379,533,8246,1358,652,706
11635,9018,768,4381,533,8249,1359,652,707
11640,9021,769,4384,534,8252,1360,653,707
11645,9022,769,4385,534,8253,1360,653,707
11650,9027,769,4388,534,8258,1360,653,707
11655,9029,769,4388,534,8260,1361,653,708
11660,9037,770,4391,535,8267,1362,653,709
11665,9040,770,4394,535,8270,1362,653,709
11670,9045,770,4397,535,8275,1363,653,710
11675,9049,770,4399,535,8279,1363,653,710
11680,9052,770,4401,535,8282,1363,653,710
11685,9053,770,4402,535,8283,1363,653,710
11690,9058,770,4405,535,8288,1363,653,710
11695,9060,770,4406,535,8290,1364,654,710
11700,9068,771,4410,536,8297,1365,655,710
11705,9071,771,4412,536,8300,1365,655,710
11710,9076,771,4415,536,8305,1366,655,711
11715,9080,771,4418,536,8309,1366,655,711
11720,9083,771,4421,536,8312,1366,655,711
11725,9084,771,4422,536,8313,1366,655,711
11730,9089,771,4427,536,8318,1366,655,711
11735,9091,771,4427,536,8320,1367,655,712
11740,9099,772,4430,536,8327,1368,655,713
11745,9102,772,4432,536,8330,1368,655,713
11750,9107,773,4435,537,8334,1370,656,714
11755,9111,773,4437,537,8337,1371,656,715
11760,9114,774,4439,538,8340,1372,657,715
11765,9115,774,4440,538,8341,1372,657,715
11770,9120,774,4443,538,8346,1372,657,715
11775,9122,774,4445,538,8348,1373,658,715
11780,9130,775,4450,539,8355,1374,659,715
11785,9133,776,4453,540,8357,1374,659,715
11790,9138,776,4453,540,8362,1376,659,717
11795,9142,776,4455,540,8366,1376,659,717
11800,9145,776,4456,540,8369,1376,659,717
11805,9146,776,4456,540,8370,1376,659,717
11810,9151,776,4457,540,8375,1376,659,717
11815,9153,776,4458,540,8377,1377,660,717
11820,9161,778,4463,542,8383,1378,660,718
11825,9164,778,4464,542,8386,1378,660,718
11830,9169,778,4465,542,8391,1379,660,719
11835,9173,778,4467,542,8395,1380,660,720
11840,9176,778,4469,542,8398,1380,660,720
11845,9177,778,4470,542,8399,1380,660,720
11850,9182,778,4473,542,8404,1380,660,720
11855,9184,778,4474,542,8406,1381,660,721
11860,9192,780,4477,543,8412,1381,660,721
11865,9195,780,4479,543,8415,1381,660,721
11870,9200,780,4481,543,8420,1382,661,721
11875,9204,780,4481,543,8424,1383,661,722
11880,9207,780,4484,543,8427,1383,661,722
11885,9208,780,4484,543,8428,1383,661,722
11890,9213,781,4488,544,8432,1383,661,722
11895,9215,781,4489,544,8434,1384,661,723
11900,9223,781,4491,544,8441,1386,661,725
11905,9226,782,4494,545,8444,1387,662,725
11910,9231,782,4497,545,8449,1388,663,725
11915,9235,782,4498,545,8453,1388,663,725
11920,9238,782,4501,545,8456,1389,664,725
11925,9239,783,4502,546,8456,1389,664,725
11930,9244,784,4505,547,8460,1389,664,725
11935,9246,784,4506,547,8462,1390,664,726
11940,9254,784,4511,547,8470,1392,665,727
11945,9257,784,4513,547,8473,1393,666,727
11950,9262,784,4515,547,8478,1395,668,727
11955,9266,784,4516,547,8482,1395,668,727
11960,9269,784,4518,547,8485,1395,668,727
11965,9270,784,4518,547,8486,1395,668,727
11970,9275,785,4520,547,8490,1395,668,727
11975,9277,785,4522,547,8492,1396,669,727
11980,9285,785,4525,547,8500,1396,669,727
11985,9288,785,4525,547,8503,1397,669,728
11990,9293,785,4525,547,8508,1399,669,730
11995,9297,785,4527,547,8512,1399,669,730
12000,9300,785,4529,547,8515,1399,669,730
12005,9301,785,4530,547,8516,1399,669,730
12010,9306,786,4532,548,8520,1399,669,730
12015,9308,786,4532,548,8522,1400,669,731
12020,9316,789,4537,551,8527,1401,670,731
12025,9319,789,4537,551,8530,1401,670,731
12030,9324,789,4541,551,8535,1402,671,731
12035,9328,789,4542,551,8539,1402,671,731
12040,9331,789,4543,551,8542,1402,671,731
12045,9332,789,4543,551,8543,1402,671,731
12050,9337,790,4545,552,8547,1402,671,731
12055,9339,790,4545,552,8549,1403,671,732
12060,9347,792,4550,554,8555,1404,672,732
12065,9350,792,4551,554,8558,1404,672,732
12070,9355,792,4553,554,8563,1405,672,733
12075,9359,792,4555,554,8567,1406,672,734
12080,9362,792,4556,554,8570,1407,673,734
12085,9363,792,4557,554,8571,1407,673,734
12090,9368,792,4559,554,8576,1407,673,734
12095,9370,792,4559,554,8578,1408,673,735
12100,9378,794,4562,556,8584,1408,673,735
12105,9381,794,4564,556,8587,1408,673,735
12110,9386,795,4568,557,8591,1409,674,735
12115,9390,795,4569,557,8595,1410,674,736
12120,9393,795,4570,557,8598,1411,674,737
12125,9394,795,4570,557,8599,1411,674,737
12130,9399,795,4574,557,8604,1411,674,737
12135,9401,795,4574,557,8606,1412,674,738
12140,9409,797,4578,558,8612,1413,675,738
12145,9412,798,4580,559,8614,1413,675,738
12150,9417,798,4581,559,8619,1414,675,739
12155,9421,798,4582,559,8623,1414,675,739
12160,9424,798,4585,559,8626,1415,676,739
12165,9425,798,4586,559,8627,1415,676,739
12170,9430,799,4588,560,8631,1415,676,739
12175,9432,799,4588,560,8633,1416,676,740
12180,9440,802,4595,563,8637,1418,678,740
12185,9443,803,4597,564,8640,1418,678,740
12190,9448,803,4600,564,8645,1419,679,740
12195,9452,803,4604,564,8648,1419,679,740
12200,9455,804,4605,565,8651,1420,679,741
12205,9456,804,4605,565,8652,1420,679,741
12210,9461,805,4609,565,8656,1420,679,741
12215,9463,805,4611,565,8658,1421,680,741
12220,9471,805,4615,565,8666,1422,681,741
12225,9474,805,4616,565,8669,1422,681,741
12230,9479,805,4621,565,8674,1424,683,741
12235,9483,805,4622,565,8677,1425,683,742
12240,9486,806,4623,566,8680,1426,683,743
12245,9487,806,4624,566,8681,1426,683,743
12250,9492,806,4628,566,8686,1426,683,743
12255,9494,806,4629,566,8688,1427,684,743
12260,9502,807,4634,567,8694,1427,684,743
12265,9505,808,4635,568,8697,1427,684,743
12270,9510,808,4637,568,8702,1428,684,744
12275,9514,808,4639,568,8705,1428,684,744
12280,9517,809,4641,569,8708,1429,685,744
12285,9518,809,4642,569,8709,1429,685,744
12290,9523,809,4646,569,8714,1429,685,744
12295,9525,809,4647,569,8716,1430,686,744
12300,9533,811,4652,571,8721,1431,686,745
12305,9536,812,4653,572,8724,1431,686,745
12310,9541,812,4654,572,8729,1432,686,746
12315,9545,812,4656,572,8733,1432,686,746
12320,9548,812,4657,572,8736,1433,686,747
12325,9549,812,4658,572,8737,1433,686,747
12330,9554,813,4660,572,8741,1433,686,747
12335,9556,813,4661,572,8743,1434,686,748
12340,9564,815,4666,574,8749,1436,687,749
12345,9567,816,4667,575,8751,1436,687,749
12350,9572,816,4669,575,8756,1438,687,751
12355,9576,816,4670,575,8760,1439,687,752
12360,9579,816,4672,575,8763,1440,688,752
12365,9580,816,4672,575,8764,1440,688,752
12370,9585,816,4676,575,8769,1440,688,752
12375,9587,816,4678,575,8771,1441,689,752
12380,9595,816,4684,575,8779,1441,689,752
12385,9598,816,4685,575,8782,1441,689,752
12390,9603,816,4690,575,8787,1442,690,752
12395,9607,816,4691,575,8791,1442,690,752
12400,9610,816,4694,575,8794,1443,691,752
12405,9611,816,4695,575,8795,1443,691,752
12410,9616,816,4697,575,8800,1443,691,752
12415,9618,816,4698,575,8802,1444,691,753
12420,9626,816,4702,575,8810,1444,691,753
12425,9629,816,4704,575,8813,1444,691,753
12430,9634,817,4708,576,8817,1445,692,753
12435,9638,817,4710,576,8821,1445,692,753
12440,9641,817,4710,576,8824,1446,692,754
12445,9642,817,4711,576,8825,1446,692,754
12450,9647,817,4714,576,8830,1446,692,754
12455,9649,817,4714,576,8832,1447,692,755
12460,9657,819,4721,578,8838,1448,693,755
12465,9660,820,4723,579,8840,1448,693,755
12470,9665,821,4726,580,8844,1450,694,756
12475,9669,821,4728,580,8847,1450,694,756
12480,9672,822,4730,581,8850,1451,695,756
12485,9673,822,4730,581,8851,1451,695,756
12490,9678,823,4732,581,8855,1451,695,756
12495,9680,823,4733,581,8857,1452,695,757
12500,9688,823,4736,581,8865,1452,695,757
12505,9691,823,4737,581,8868,1452,695,757
12510,9696,823,4740,581,8873,1454,695,759
12515,9700,823,4742,581,8877,1454,695,759
12520,9703,823,4743,581,8880,1454,695,759
12525,9704,823,4744,581,8881,1454,695,759
12530,9709,824,4745,581,8885,1454,695,759
12535,9711,824,4746,581,8887,1455,695,760
12540,9719,824,4751,581,8895,1455,695,760
12545,9722,824,4752,581,8898,1456,695,761
12550,9727,824,4754,581,8903,1457,695,762
12555,9731,824,4756,581,8907,1457,695,762
12560,9734,824,4759,581,8910,1457,695,762
12565,9735,824,4759,581,8911,1457,695,762
12570,9740,825,4762,582,8915,1457,695,762
12575,9742,825,4762,582,8917,1458,695,763
12580,9750,826,4769,583,8923,1459,695,764
12585,9753,827,4771,584,8926,1460,695,765
12590,9758,827,4772,584,8931,1461,695,766
12595,9762,827,4774,584,8935,1461,695,766
12600,9765,827,4776,584,8938,1461,695,766
12605,9766,827,4777,584,8939,1461,695,766
12610,9771,827,4779,584,8944,1461,695,766
12615,9773,827,4780,584,8946,1462,695,767
12620,9781,828,4783,584,8953,1463,696,767
12625,9784,828,4784,584,8956,1463,696,767
12630,9789,828,4787,584,8961,1465,697,768
12635,9793,828,4789,584,8965,1465,697,768
12640,9796,828,4790,584,8968,1466,698,768
12645,9797,828,4791,584,8969,1466,698,768
12650,9802,828,4793,584,8974,1466,698,768
12655,9804,828,4793,584,8976,1467,698,769
12660,9812,829,4795,585,8983,1468,698,770
12665,9815,830,4796,586,8985,1468,698,770
12670,9820,830,4796,586,8990,1470,698,772
12675,9824,830,4798,586,8994,1470,698,772
12680,9827,830,4799,586,8997,1471,699,772
12685,9828,830,4800,586,8998,1471,699,772
12690,9833,830,4804,586,9003,1471,699,772
12695,9835,830,4805,586,9005,1472,700,772
12700,9843,831,4809,586,9012,1472,700,772
12705,9846,831,4810,586,9015,1472,700,772
12710,9851,831,4811,586,9020,1474,701,773
12715,9855,831,4814,586,9023,1475,702,773
12720,9858,832,4816,587,9026,1476,703,773
12725,9859,832,4817,587,9027,1476,703,773
12730,9864,832,4819,587,9032,1476,703,773
12735,9866,832,4821,587,9034,1477,704,773
12740,9874,834,4825,588,9040,1478,704,774
12745,9877,834,4827,588,9043,1478,704,774
12750,9882,834,4830,588,9048,1479,705,774
12755,9886,834,4833,588,9052,1479,705,774
12760,9889,834,4834,588,9055,1480,705,775
12765,9890,834,4835,588,9056,1480,705,775
12770,9895,834,4837,588,9061,1480,705,775
12775,9897,834,4838,588,9063,1481,706,775
12780,9905,835,4843,589,9070,1482,707,775
12785,9908,835,4845,589,9073,1482,707,775
12790,9913,835,4848,589,9078,1483,708,775
12795,9917,835,4850,589,9082,1483,708,775
12800,9920,835,4852,589,9085,1484,709,775
12805,9921,835,4852,589,9086,1484,709,775
12810,9926,835,4854,589,9091,1484,709,775
12815,9928,835,4855,589,9093,1485,709,776
12820,9936,837,4859,591,9099,1485,709,776
12825,9939,837,4861,591,9102,1485,709,776
12830,9944,837,4862,591,9107,1487,710,777
12835,9948,837,4863,591,9111,1488,710,778
12840,9951,837,4865,591,9114,1489,711,778
12845,9952,837,4865,591,9115,1489,711,778
12850,9957,838,4867,592,9119,1489,711,778
12855,9959,838,4868,592,9121,1490,712,778
12860,9967,840,4871,593,9127,1492,713,779
12865,9970,841,4872,594,9129,1492,713,779
12870,9975,841,4873,594,9134,1494,713,781
12875,9979,841,4874,594,9138,1494,713,781
12880,9982,841,4876,594,9141,1494,713,781
12885,9983,841,4876,594,9142,1494,713,781
12890,9988,842,4878,594,9146,1494,713,781
12895,9990,842,4878,594,9148,1495,713,782
12900,9998,843,4879,594,9155,1497,713,784
12905,10001,843,4880,594,9158,1497,713,784
12910,10006,843,4882,594,9163,1499,714,785
12915,10010,843,4884,594,9167,1499,714,785
12920,10013,843,4885,594,9170,1499,714,785
12925,10014,843,4886,594,9171,1499,714,785
12930,10019,843,4889,594,9176,1499,714,785
12935,10021,843,4891,594,9178,1500,715,785
12940,10029,844,4896,595,9185,1501,716,785
12945,10032,845,4898,596,9187,1501,716,785
12950,10037,845,4900,596,9192,1502,716,786
12955,10041,845,4901,596,9196,1503,716,787
12960,10044,845,4901,596,9199,1504,716,788
12965,10045,845,4901,596,9200,1504,716,788
12970,10050,846,4904,596,9204,1504,716,788
12975,10052,846,4906,596,9206,1505,717,788
12980,10060,847,4909,596,9213,1506,717,789
12985,10063,847,4911,596,9216,1506,717,789
12990,10068,848,4915,597,9220,1508,718,790
12995,10072,848,4916,597,9224,1508,718,790
13000,10075,848,4916,597,9227,1509,718,791
13005,10076,849,4917,598,9227,1509,718,791
13010,10081,850,4920,598,9231,1509,718,791
13015,10083,850,4922,598,9233,1510,719,791
13020,10091,852,4926,599,9239,1511,720,791
13025,10094,852,4926,599,9242,1511,720,791
13030,10099,853,4927,600,9246,1512,720,792
13035,10103,853,4928,600,9250,1513,720,793
13040,10106,853,4929,600,9253,1514,720,794
13045,10107,853,4929,600,9254,1514,720,794
13050,10112,854,4932,601,9258,1514,720,794
13055,10114,854,4934,601,9260,1515,721,794
13060,10122,856,4940,602,9266,1516,722,794
13065,10125,856,4942,602,9269,1516,722,794
13070,10130,857,4946,603,9273,1517,723,794
13075,10134,857,4948,603,9277,1518,723,795
13080,10137,857,4951,603,9280,1519,724,795
13085,10138,857,4951,603,9281,1519,724,795
13090,10143,857,4952,603,9286,1519,724,795
13095,10145,857,4953,603,9288,1520,724,796
13100,10153,857,4957,603,9296,1521,725,796
13105,10156,857,4959,603,9299,1521,725,796
13110,10161,857,4960,603,9304,1523,725,798
13115,10165,857,4962,603,9308,1523,725,798
13120,10168,857,4964,603,9311,1523,725,798
13125,10169,857,4965,603,9312,1523,725,798
13130,10174,857,4969,603,9317,1523,725,798
13135,10176,857,4970,603,9319,1524,726,798
13140,10184,857,4971,603,9327,1526,726,800
13145,10187,857,4973,603,9330,1526,726,800
13150,10192,857,4976,603,9335,1527,726,801
13155,10196,857,4978,603,9339,1527,726,801
13160,10199,857,4979,603,9342,1528,726,802
13165,10200,857,4979,603,9343,1528,726,802
13170,10205,858,4981,603,9347,1528,726,802
13175,10207,858,4981,603,9349,1529,726,803
13180,10215,859,4985,604,9356,1530,726,804
13185,10218,859,4986,604,9359,1530,726,804
13190,10223,859,4989,604,9364,1531,727,804
13195,10227,859,4990,604,9368,1531,727,804
13200,10230,859,4992,604,9371,1532,727,805
13205,10231,859,4992,604,9372,1532,727,805
13210,10236,859,4994,604,9377,1532,727,805
13215,10238,859,4995,604,9379,1533,728,805
13220,10246,860,5001,605,9386,1534,728,806
13225,10249,861,5003,606,9388,1534,728,806
13230,10254,861,5005,606,9393,1535,729,806
13235,10258,861,5006,606,9397,1536,729,807
13240,10261,861,5007,606,9400,1536,729,807
13245,10262,861,5007,606,9401,1536,729,807
13250,10267,861,5008,606,9406,1536,729,807
13255,10269,861,5010,606,9408,1537,730,807
13260,10277,862,5013,606,9415,1538,730,808
13265,10280,862,5013,606,9418,1538,730,808
13270,10285,862,5015,606,9423,1539,730,809
13275,10289,862,5018,606,9427,1539,730,809
13280,10292,862,5019,606,9430,1539,730,809
13285,10293,862,5020,606,9431,1539,730,809
13290,10298,862,5021,606,9436,1539,730,809
13295,10300,862,5022,606,9438,1540,731,809
13300,10308,863,5026,607,9445,1540,731,809
13305,10311,863,5027,607,9448,1540,731,809
13310,10316,864,5032,608,9452,1541,732,809
13315,10320,864,5035,608,9455,1541,732,809
13320,10323,865,5038,609,9458,1542,733,809
13325,10324,865,5039,609,9459,1542,733,809
13330,10329,865,5041,609,9464,1542,733,809
13335,10331,865,5043,609,9466,1543,734,809
13340,10339,866,5045,609,9473,1544,734,810
13345,10342,866,5047,609,9476,1544,734,810
13350,10347,866,5051,609,9481,1545,735,810
13355,10351,866,5053,609,9485,1545,735,810
13360,10354,866,5054,609,9488,1545,735,810
13365,10355,866,5054,609,9489,1545,735,810
13370,10360,866,5056,609,9494,1545,735,810
13375,10362,866,5057,609,9496,1546,736,810
13380,10370,867,5060,610,9503,1548,737,811
13385,10373,867,5062,610,9506,1548,737,811
13390,10378,867,5067,610,9511,1550,739,811
13395,10382,867,5070,610,9515,1551,740,811
13400,10385,867,5073,610,9518,1551,740,811
13405,10386,867,5074,610,9519,1551,740,811
13410,10391,867,5078,610,9524,1551,740,811
13415,10393,867,5079,610,9526,1552,741,811
13420,10401,868,5085,611,9533,1554,743,811
13425,10404,868,5085,611,9536,1554,743,811
13430,10409,869,5089,612,9540,1556,745,811
13435,10413,869,5091,612,9544,1557,746,811
13440,10416,869,5092,612,9547,1558,746,812
13445,10417,869,5093,612,9548,1558,746,812
13450,10422,870,5096,613,9552,1558,746,812
13455,10424,870,5098,613,9554,1559,747,812
13460,10432,871,5102,614,9561,1560,748,812
13465,10435,872,5103,615,9563,1560,748,812
13470,10440,872,5105,615,9568,1561,748,813
13475,10444,872,5105,615,9572,1562,748,814
13480,10447,872,5106,615,9575,1563,749,814
13485,10448,872,5107,615,9576,1563,749,814
13490,10453,873,5108,615,9580,1563,749,814
13495,10455,873,5109,615,9582,1564,749,815
13500,10463,875,5113,616,9588,1565,749,816
13505,10466,875,5114,616,9591,1565,749,816
13510,10471,875,5115,616,9596,1566,749,817
13515,10475,875,5118,616,9599,1566,749,817
13520,10478,876,5120,617,9602,1567,749,818
13525,10479,876,5121,617,9603,1567,749,818
13530,10484,877,5121,617,9607,1567,749,818
13535,10486,877,5123,617,9609,1568,750,818
13540,10494,878,5126,617,9616,1568,750,818
13545,10497,879,5127,618,9618,1568,750,818
13550,10502,879,5129,618,9623,1570,751,819
13555,10506,879,5131,618,9626,1570,751,819
13560,10509,880,5134,619,9629,1571,752,819
13565,10510,880,5135,619,9630,1571,752,819
13570,10515,880,5137,619,9635,1571,752,819
13575,10517,880,5137,619,9637,1572,752,820
13580,10525,880,5140,619,9645,1573,752,821
13585,10528,880,5143,619,9648,1573,752,821
13590,10533,880,5145,619,9653,1574,753,821
13595,10537,880,5148,619,9657,1574,753,821
13600,10540,880,5150,619,9660,1574,753,821
13605,10541,880,5151,619,9661,1574,753,821
13610,10546,880,5155,619,9666,1574,753,821
13615,10548,880,5156,619,9668,1575,753,822
13620,10556,880,5161,619,9676,1576,753,823
13625,10559,880,5164,619,9679,1576,753,823
13630,10564,880,5166,619,9684,1577,753,824
13635,10568,880,5168,619,9688,1578,753,825
13640,10571,880,5168,619,9691,1578,753,825
13645,10572,880,5168,619,9692,1578,753,825
13650,10577,880,5172,619,9697,1578,753,825
13655,10579,880,5173,619,9699,1579,753,826
13660,10587,880,5176,619,9707,1581,754,827
13665,10590,880,5176,619,9710,1581,754,827
13670,10595,880,5177,619,9715,1582,755,827
13675,10599,880,5177,619,9719,1583,755,828
13680,10602,880,5179,619,9722,1583,755,828
13685,10603,880,5180,619,9723,1583,755,828
13690,10608,880,5182,619,9728,1583,755,828
13695,10610,880,5184,619,9730,1584,756,828
13700,10618,881,5188,620,9737,1584,756,828
13705,10621,881,5191,620,9740,1584,756,828
13710,10626,881,5194,620,9745,1585,757,828
13715,10630,881,5197,620,9749,1585,757,828
13720,10633,881,5200,620,9752,1586,758,828
13725,10634,881,5200,620,9753,1586,758,828
13730,10639,881,5202,620,9758,1586,758,828
13735,10641,881,5202,620,9760,1587,758,829
13740,10649,882,5204,621,9767,1587,758,829
13745,10652,882,5205,621,9770,1588,758,830
13750,10657,882,5206,621,9775,1589,759,830
13755,10661,882,5208,621,9779,1589,759,830
13760,10664,882,5210,621,9782,1589,759,830
13765,10665,882,5210,621,9783,1589,759,830
13770,10670,882,5213,621,9788,1589,759,830
13775,10672,882,5215,621,9790,1590,760,830
13780,10680,883,5218,621,9797,1590,760,830
13785,10683,883,5219,621,9800,1591,760,831
13790,10688,883,5222,621,9805,1592,761,831
13795,10692,883,5223,621,9809,1593,761,832
13800,10695,883,5224,621,9812,1593,761,832
13805,10696,884,5225,622,9812,1593,761,832
13810,10701,885,5228,623,9816,1593,761,832
13815,10703,885,5230,623,9818,1594,762,832
13820,10711,886,5234,624,9825,1596,764,832
13825,10714,886,5234,624,9828,1596,764,832
13830,10719,886,5236,624,9833,1597,764,833
13835,10723,886,5238,624,9836,1597,764,833
13840,10726,887,5241,625,9839,1597,764,833
13845,10727,888,5242,626,9839,1597,764,833
13850,10732,889,5245,627,9843,1597,764,833
13855,10734,889,5246,627,9845,1598,764,834
13860,10742,890,5250,628,9852,1600,765,835
13865,10745,890,5252,628,9855,1600,765,835
13870,10750,890,5253,628,9860,1601,766,835
13875,10754,890,5254,628,9864,1601,766,835
13880,10757,890,5256,628,9867,1602,766,836
13885,10758,890,5256,628,9868,1602,766,836
13890,10763,890,5259,628,9873,1602,766,836
13895,10765,890,5260,628,9875,1603,766,837
13900,10773,892,5264,630,9881,1605,767,838
13905,10776,892,5265,630,9884,1605,767,838
13910,10781,892,5267,630,9889,1606,768,838
13915,10785,892,5271,630,9893,1606,768,838
13920,10788,892,5273,630,9896,1607,768,839
13925,10789,892,5274,630,9897,1607,768,839
13930,10794,892,5276,630,9902,1607,768,839
13935,10796,892,5278,630,9904,1608,769,839
13940,10804,893,5282,630,9911,1608,769,839
13945,10807,893,5284,630,9914,1608,769,839
13950,10812,893,5287,630,9919,1609,770,839
13955,10816,893,5290,630,9923,1610,771,839
13960,10819,893,5291,630,9926,1610,771,839
13965,10820,893,5292,630,9927,1610,771,839
13970,10825,893,5294,630,9932,1610,771,839
13975,10827,893,5295,630,9934,1611,771,840
13980,10835,894,5300,630,9941,1611,771,840
13985,10838,894,5301,630,9944,1611,771,840
13990,10843,894,5303,630,9949,1613,771,842
13995,10847,894,5303,630,9953,1613,771,842
14000,10850,894,5303,630,9956,1613,771,842
14005,10851,894,5303,630,9957,1613,771,842
14010,10856,894,5304,630,9962,1613,771,842
14015,10858,894,5305,630,9964,1614,772,842
14020,10866,895,5311,630,9971,1614,772,842
14025,10869,895,5312,630,9974,1614,772,842
14030,10874,896,5315,631,9978,1615,772,843
14035,10878,896,5317,631,9982,1615,772,843
14040,10881,896,5318,631,9985,1616,772,844
14045,10882,896,5319,631,9986,1616,772,844
14050,10887,896,5322,631,9991,1616,772,844
14055,10889,896,5323,631,9993,1617,772,845
14060,10897,898,5328,632,9999,1618,773,845
14065,10900,899,5331,633,10001,1618,773,845
14070,10905,899,5334,633,10006,1620,773,847
14075,10909,899,5336,633,10010,1621,773,848
14080,10912,899,5336,633,10013,1621,773,848
14085,10913,899,5337,633,10014,1621,773,848
14090,10918,899,5340,633,10019,1621,773,848
14095,10920,899,5341,633,10021,1622,773,849
14100,10928,901,5346,635,10027,1623,773,850
14105,10931,901,5347,635,10030,1623,773,850
14110,10936,901,5351,635,10035,1624,774,850
14115,10940,901,5352,635,10039,1624,774,850
14120,10943,901,5354,635,10042,1624,774,850
14125,10944,901,5355,635,10043,1624,774,850
14130,10949,901,5359,635,10048,1624,774,850
14135,10951,901,5361,635,10050,1625,775,850
14140,10959,903,5367,636,10056,1625,775,850
14145,10962,903,5368,636,10059,1625,775,850
14150,10967,903,5369,636,10064,1626,776,850
14155,10971,903,5372,636,10067,1626,776,850
14160,10974,904,5373,637,10070,1627,776,851
14165,10975,904,5374,637,10071,1627,776,851
14170,10980,904,5377,637,10076,1627,776,851
14175,10982,904,5378,637,10078,1628,777,851
14180,10990,905,5381,637,10085,1628,777,851
14185,10993,906,5384,638,10087,1628,777,851
14190,10998,906,5387,638,10092,1629,778,851
14195,11002,906,5390,638,10096,1629,778,851
14200,11005,906,5393,638,10099,1630,779,851
14205,11006,906,5393,638,10100,1630,779,851
14210,11011,906,5396,638,10105,1630,779,851
14215,11013,906,5397,638,10107,1631,780,851
14220,11021,907,5401,639,10114,1632,781,851
14225,11024,907,5402,639,10117,1632,781,851
14230,11029,907,5405,639,10122,1633,781,852
14235,11033,907,5409,639,10126,1633,781,852
14240,11036,907,5409,639,10129,1634,781,853
14245,11037,907,5410,639,10130,1634,781,853
14250,11042,907,5410,639,10135,1634,781,853
14255,11044,907,5411,639,10137,1635,782,853
14260,11052,908,5415,640,10144,1635,782,853
14265,11055,908,5416,640,10147,1635,782,853
14270,11060,908,5419,640,10152,1636,782,854
14275,11064,908,5421,640,10156,1636,782,854
14280,11067,908,5422,640,10159,1637,783,854
14285,11068,908,5422,640,10160,1637,783,854
14290,11073,908,5425,640,10165,1637,783,854
14295,11075,908,5426,640,10167,1638,783,855
14300,11083,909,5429,640,10174,1638,783,855
14305,11086,909,5431,640,10177,1638,783,855
14310,11091,909,5432,640,10182,1639,783,856
14315,11095,909,5434,640,10186,1639,783,856
14320,11098,909,5437,640,10189,1640,784,856
14325,11099,909,5438,640,10190,1640,784,856
14330,11104,909,5440,640,10195,1640,784,856
14335,11106,909,5440,640,10197,1641,784,857
14340,11114,910,5444,640,10204,1642,785,857
14345,11117,911,5446,641,10206,1642,785,857
14350,11122,911,5449,641,10211,1644,787,857
14355,11126,911,5450,641,10215,1644,787,857
14360,11129,911,5453,641,10218,1645,788,857
14365,11130,911,5454,641,10219,1645,788,857
14370,11135,911,5456,641,10224,1645,788,857
14375,11137,911,5456,641,10226,1646,788,858
14380,11145,912,5461,641,10233,1646,788,858
14385,11148,913,5462,642,10235,1646,788,858
14390,11153,913,5466,642,10240,1647,788,859
14395,11157,913,5466,642,10244,1647,788,859
14400,11160,913,5468,642,10247,1648,788,860
14405,11161,914,5469,643,10247,1648,788,860
14410,11166,914,5471,643,10252,1648,788,860
14415,11168,914,5472,643,10254,1649,788,861
14420,11176,914,5474,643,10262,1649,788,861
14425,11179,914,5475,643,10265,1649,788,861
14430,11184,914,5477,643,10270,1650,788,862
14435,11188,914,5479,643,10274,1650,788,862
14440,11191,914,5480,643,10277,1650,788,862
14445,11192,914,5481,643,10278,1650,788,862
14450,11197,914,5485,643,10283,1650,788,862
14455,11199,914,5486,643,10285,1651,788,863
14460,11207,914,5489,643,10293,1652,788,864
14465,11210,914,5492,643,10296,1652,788,864
14470,11215,914,5494,643,10301,1653,789,864
14475,11219,914,5497,643,10305,1653,789,864
14480,11222,914,5499,643,10308,1653,789,864
14485,11223,914,5499,643,10309,1653,789,864
14490,11228,914,5503,643,10314,1653,789,864
14495,11230,914,5503,643,10316,1654,789,865
14500,11238,914,5509,643,10324,1655,790,865
14505,11241,914,5511,643,10327,1655,790,865
14510,11246,914,5513,643,10332,1656,790,866
14515,11250,914,5515,643,10336,1656,790,866
14520,11253,914,5518,643,10339,1657,791,866
14525,11254,915,5519,644,10339,1657,791,866
14530,11259,916,5523,644,10343,1657,791,866
14535,11261,916,5524,644,10345,1658,791,867
14540,11269,917,5529,644,10352,1658,791,867
14545,11272,917,5530,644,10355,1659,791,868
14550,11277,917,5532,644,10360,1660,792,868
14555,11281,917,5533,644,10364,1660,792,868
14560,11284,917,5536,644,10367,1660,792,868
14565,11285,918,5537,645,10367,1660,792,868
14570,11290,919,5538,645,10371,1660,792,868
14575,11292,919,5539,645,10373,1661,793,868
14580,11300,920,5542,646,10380,1662,794,868
14585,11303,920,5543,646,10383,1663,795,868
14590,11308,920,5544,646,10388,1664,795,869
14595,11312,920,5547,646,10391,1664,795,869
14600,11315,921,5550,647,10394,1664,795,869
14605,11316,921,5551,647,10395,1664,795,869
14610,11321,922,5553,647,10399,1664,795,869
14615,11323,922,5553,647,10401,1665,795,870
14620,11331,923,5557,648,10408,1665,795,870
14625,11334,923,5559,648,10411,1666,796,870
14630,11339,923,5561,648,10416,1667,796,871
14635,11343,923,5563,648,10419,1667,796,871
14640,11346,924,5563,649,10422,1668,796,872
14645,11347,924,5563,649,10423,1668,796,872
14650,11352,924,5565,649,10428,1668,796,872
14655,11354,924,5566,649,10430,1669,796,873
14660,11362,925,5567,649,10437,1670,796,874
14665,11365,926,5569,650,10439,1670,796,874
14670,11370,926,5571,650,10444,1671,797,874
14675,11374,926,5573,650,10448,1671,797,874
14680,11377,926,5574,650,10451,1672,797,875
14685,11378,926,5574,650,10452,1672,797,875
14690,11383,926,5576,650,10457,1672,797,875
14695,11385,926,5577,650,10459,1673,797,876
14700,11393,929,5581,652,10464,1674,798,876
14705,11396,929,5583,652,10467,1674,798,876
14710,11401,929,5584,652,10472,1675,799,876
14715,11405,929,5585,652,10476,1675,799,876
14720,11408,929,5587,652,10479,1676,800,876
14725,11409,929,5588,652,10480,1676,800,876
14730,11414,929,5590,652,10485,1676,800,876
14735,11416,929,5591,652,10487,1677,800,877
14740,11424,931,5593,654,10493,1678,800,878
14745,11427,931,5594,654,10496,1678,800,878
14750,11432,931,5596,654,10501,1680,800,880
14755,11436,931,5597,654,10504,1681,800,881
14760,11439,932,5599,655,10507,1682,801,881
14765,11440,933,5600,656,10507,1682,801,881
14770,11445,934,5604,657,10511,1682,801,881
14775,11447,934,5605,657,10513,1683,802,881
14780,11455,934,5607,657,10521,1684,802,882
14785,11458,934,5608,657,10524,1684,802,882
14790,11463,934,5611,657,10529,1685,803,882
14795,11467,934,5614,657,10533,1685,803,882
14800,11470,934,5616,657,10536,1685,803,882
14805,11471,934,5616,657,10537,1685,803,882
14810,11476,935,5619,658,10541,1685,803,882
14815,11478,935,5620,658,10543,1686,804,882
14820,11486,935,5623,658,10551,1687,804,883
14825,11489,935,5626,658,10554,1687,804,883
14830,11494,935,5629,658,10559,1688,805,883
14835,11498,935,5629,658,10563,1688,805,883
14840,11501,935,5631,658,10566,1688,805,883
14845,11502,935,5631,658,10567,1688,805,883
14850,11507,936,5633,659,10571,1688,805,883
14855,11509,936,5635,659,10573,1689,806,883
14860,11517,936,5636,659,10581,1689,806,883
14865,11520,936,5637,659,10584,1689,806,883
14870,11525,936,5639,659,10589,1690,806,884
14875,11529,936,5641,659,10593,1690,806,884
14880,11532,936,5641,659,10596,1691,806,885
14885,11533,936,5641,659,10597,1691,806,885
14890,11538,937,5643,659,10601,1691,806,885
14895,11540,937,5644,659,10603,1692,807,885
14900,11548,938,5644,659,10610,1692,807,885
14905,11551,939,5645,660,10612,1692,807,885
14910,11556,939,5649,660,10617,1693,808,885
14915,11560,939,5650,660,10620,1694,808,886
14920,11563,940,5652,661,10623,1695,809,886
14925,11564,940,5652,661,10624,1695,809,886
14930,11569,941,5653,661,10628,1695,809,886
14935,11571,941,5653,661,10630,1696,809,887
14940,11579,942,5656,661,10637,1696,809,887
14945,11582,942,5656,661,10640,1696,809,887
14950,11587,942,5658,661,10645,1697,809,888
14955,11591,942,5659,661,10649,1697,809,888
14960,11594,942,5661,661,10652,1698,810,888
14965,11595,942,5661,661,10653,1698,810,888
14970,11600,943,5663,662,10657,1698,810,888
14975,11602,943,5665,662,10659,1699,811,888
14980,11610,944,5668,663,10666,1699,811,888
14985,11613,945,5670,664,10668,1699,811,888
14990,11618,945,5673,664,10673,1700,811,889
14995,11622,945,5675,664,10676,1700,811,889
15000,11625,946,5675,665,10679,1701,811,890
15005,11626,946,5676,665,10680,1701,811,890
15010,11631,946,5678,665,10685,1701,811,890
15015,11633,946,5679,665,10687,1702,811,891
15020,11641,947,5683,666,10694,1703,812,891
15025,11644,947,5684,666,10697,1703,812,891
15030,11649,947,5687,666,10702,1704,813,891
15035,11653,947,5689,666,10706,1704,813,891
15040,11656,947,5691,666,10709,1705,813,892
15045,11657,947,5691,666,10710,1705,813,892
15050,11662,947,5691,666,10715,1705,813,892
15055,11664,947,5692,666,10717,1706,813,893
15060,11672,948,5697,667,10724,1707,813,894
15065,11675,948,5698,667,10727,1707,813,894
15070,11680,948,5700,667,10732,1708,814,894
15075,11684,948,5703,667,10736,1708,814,894
15080,11687,948,5704,667,10739,1709,814,895
15085,11688,948,5704,667,10740,1709,814,895
15090,11693,948,5705,667,10745,1709,814,895
15095,11695,948,5705,667,10747,1710,814,896
15100,11703,949,5707,667,10754,1711,815,896
15105,11706,949,5709,667,10757,1711,815,896
15110,11711,949,5713,667,10762,1712,815,897
15115,11715,949,5717,667,10765,1713,816,897
15120,11718,950,5718,668,10768,1714,817,897
15125,11719,950,5719,668,10769,1714,817,897
15130,11724,951,5720,668,10773,1714,817,897
15135,11726,951,5720,668,10775,1715,817,898
15140,11734,952,5725,669,10782,1715,817,898
15145,11737,953,5728,670,10784,1716,818,898
15150,11742,953,5731,670,10789,1717,818,899
15155,11746,953,5733,670,10793,1717,818,899
15160,11749,953,5735,670,10796,1717,818,899
15165,11750,953,5736,670,10797,1717,818,899
15170,11755,954,5739,671,10801,1717,818,899
15175,11757,954,5740,671,10803,1718,819,899
15180,11765,955,5744,672,10810,1718,819,899
15185,11768,955,5745,672,10813,1719,819,900
15190,11773,955,5747,672,10818,1721,821,900
15195,11777,955,5749,672,10822,1722,821,901
15200,11780,955,5750,672,10825,1722,821,901
15205,11781,955,5750,672,10826,1722,821,901
15210,11786,956,5753,672,10830,1722,821,901
15215,11788,956,5753,672,10832,1723,821,902
15220,11796,957,5756,673,10839,1723,821,902
15225,11799,958,5758,674,10841,1724,822,902
15230,11804,958,5759,674,10846,1726,822,904
15235,11808,958,5759,674,10850,1727,822,905
15240,11811,958,5760,674,10853,1728,822,906
15245,11812,958,5760,674,10854,1728,822,906
15250,11817,958,5762,674,10859,1728,822,906
15255,11819,958,5764,674,10861,1729,823,906
15260,11827,959,5768,675,10868,1729,823,906
15265,11830,960,5771,676,10870,1729,823,906
15270,11835,960,5775,676,10875,1730,824,906
15275,11839,960,5775,676,10879,1730,824,906
15280,11842,960,5777,676,10882,1731,825,906
15285,11843,960,5777,676,10883,1731,825,906
15290,11848,960,5779,676,10888,1731,825,906
15295,11850,960,5780,676,10890,1732,825,907
15300,11858,961,5783,676,10897,1732,825,907
15305,11861,962,5786,677,10899,1732,825,907
15310,11866,962,5790,677,10904,1733,826,907
15315,11870,962,5793,677,10908,1733,826,907
15320,11873,962,5793,677,10911,1734,826,908
15325,11874,962,5793,677,10912,1734,826,908
15330,11879,962,5797,677,10917,1734,826,908
15335,11881,962,5798,677,10919,1735,827,908
15340,11889,963,5803,678,10926,1735,827,908
15345,11892,963,5805,678,10929,1735,827,908
15350,11897,963,5808,678,10934,1737,828,909
15355,11901,963,5811,678,10937,1738,829,909
15360,11904,964,5813,679,10940,1739,830,909
15365,11905,964,5813,679,10941,1739,830,909
15370,11910,964,5815,679,10946,1739,830,909
15375,11912,964,5816,679,10948,1740,830,910
15380,11920,964,5823,679,10956,1741,831,910
15385,11923,964,5825,679,10959,1741,831,910
15390,11928,964,5827,679,10964,1742,831,911
15395,11932,964,5829,679,10968,1742,831,911
15400,11935,964,5830,679,10971,1742,831,911
15405,11936,964,5831,679,10972,1742,831,911
15410,11941,964,5832,679,10977,1742,831,911
15415,11943,964,5832,679,10979,1743,831,912
15420,11951,964,5837,679,10987,1744,831,913
15425,11954,964,5838,679,10990,1744,831,913
15430,11959,964,5841,679,10995,1745,832,913
15435,11963,964,5843,679,10999,1745,832,913
15440,11966,964,5845,679,11002,1745,832,913
15445,11967,964,5846,679,11003,1745,832,913
15450,11972,964,5846,679,11008,1745,832,913
15455,11974,964,5847,679,11010,1746,832,914
15460,11982,964,5851,679,11018,1747,833,914
15465,11985,964,5853,679,11021,1747,833,914
15470,11990,964,5856,679,11026,1748,834,914
15475,11994,964,5857,679,11030,1748,834,914
15480,11997,964,5857,679,11033,1749,834,915
15485,11998,964,5857,679,11034,1749,834,915
15490,12003,965,5860,680,11038,1749,834,915
15495,12005,965,5862,680,11040,1750,835,915
15500,12013,966,5866,680,11047,1750,835,915
15505,12016,966,5868,680,11050,1750,835,915
15510,12021,966,5870,680,11055,1751,836,915
15515,12025,966,5873,680,11058,1751,836,915
15520,12028,967,5875,681,11061,1752,837,915
15525,12029,967,5876,681,11062,1752,837,915
15530,12034,968,5878,681,11066,1752,837,915
15535,12036,968,5879,681,11068,1753,838,915
15540,12044,969,5883,682,11075,1753,838,915
15545,12047,970,5885,683,11077,1753,838,915
15550,12052,970,5885,683,11082,1754,838,916
15555,12056,970,5887,683,11086,1754,838,916
15560,12059,970,5890,683,11089,1755,839,916
15565,12060,970,5891,683,11090,1755,839,916
15570,12065,971,5894,684,11094,1755,839,916
15575,12067,971,5895,684,11096,1756,840,916
15580,12075,972,5899,684,11103,1756,840,916
15585,12078,972,5901,684,11106,1756,840,916
15590,12083,973,5904,685,11110,1758,842,916
15595,12087,973,5905,685,11114,1759,842,917
15600,12090,973,5908,685,11117,1760,843,917
15605,12091,973,5909,685,11118,1760,843,917
15610,12096,973,5914,685,11123,1760,843,917
15615,12098,973,5914,685,11125,1761,843,918
15620,12106,974,5917,685,11132,1761,843,918
15625,12109,975,5918,686,11134,1761,843,918
15630,12114,975,5919,686,11139,1762,843,919
15635,12118,975,5921,686,11143,1762,843,919
15640,12121,975,5924,686,11146,1762,843,919
15645,12122,975,5925,686,11147,1762,843,919
15650,12127,975,5929,686,11152,1762,843,919
15655,12129,975,5930,686,11154,1763,843,920
15660,12137,976,5936,686,11161,1763,843,920
15665,12140,976,5937,686,11164,1763,843,920
15670,12145,976,5939,686,11169,1764,844,920
15675,12149,976,5939,686,11173,1764,844,920
15680,12152,976,5941,686,11176,1764,844,920
15685,12153,976,5941,686,11177,1764,844,920
15690,12158,976,5944,686,11182,1764,844,920
15695,12160,976,5944,686,11184,1765,844,921
15700,12168,977,5949,686,11191,1765,844,921
15705,12171,978,5951,687,11193,1765,844,921
15710,12176,978,5953,687,11198,1767,845,922
15715,12180,978,5955,687,11202,1768,846,922
15720,12183,978,5956,687,11205,1769,846,923
15725,12184,978,5957,687,11206,1769,846,923
15730,12189,979,5959,687,11210,1769,846,923
15735,12191,979,5959,687,11212,1770,846,924
15740,12199,981,5960,688,11218,1770,846,924
15745,12202,981,5961,688,11221,1771,847,924
15750,12207,981,5966,688,11226,1772,848,924
15755,12211,981,5966,688,11230,1773,848,925
15760,12214,981,5967,688,11233,1774,848,926
15765,12215,981,5968,688,11234,1774,848,926
15770,12220,982,5972,689,11238,1774,848,926
15775,12222,982,5973,689,11240,1775,848,927
15780,12230,984,5978,691,11246,1775,848,927
15785,12233,984,5978,691,11249,1775,848,927
15790,12238,984,5981,691,11254,1776,849,927
15795,12242,984,5984,691,11257,1776,849,927
15800,12245,985,5986,692,11260,1777,850,927
15805,12246,985,5987,692,11261,1777,850,927
15810,12251,986,5987,692,11265,1777,850,927
15815,12253,986,5989,692,11267,1778,851,927
15820,12261,986,5992,692,11275,1778,851,927
15825,12264,986,5992,692,11278,1778,851,927
15830,12269,986,5992,692,11283,1780,851,929
15835,12273,986,5993,692,11287,1780,851,929
15840,12276,986,5995,692,11290,1781,851,930
15845,12277,986,5995,692,11291,1781,851,930
15850,12282,986,5996,692,11296,1781,851,930
15855,12284,986,5996,692,11298,1782,851,931
15860,12292,986,6001,692,11306,1783,852,931
15865,12295,986,6002,692,11309,1783,852,931
15870,12300,986,6003,692,11314,1784,852,932
15875,12304,986,6004,692,11318,1784,852,932
15880,12307,986,6005,692,11321,1784,852,932
15885,12308,986,6005,692,11322,1784,852,932
15890,12313,986,6006,692,11327,1784,852,932
15895,12315,986,6006,692,11329,1785,852,933
15900,12323,986,6010,692,11337,1786,853,933
15905,12326,986,6012,692,11340,1786,853,933
15910,12331,986,6015,692,11345,1787,853,934
15915,12335,986,6016,692,11349,1787,853,934
15920,12338,986,6018,692,11352,1787,853,934
15925,12339,986,6018,692,11353,1787,853,934
15930,12344,986,6020,692,11358,1787,853,934
15935,12346,986,6022,692,11360,1788,854,934
15940,12354,986,6024,692,11368,1789,854,935
15945,12357,986,6024,692,11371,1789,854,935
15950,12362,986,6025,692,11376,1790,855,935
15955,12366,986,6026,692,11380,1790,855,935
15960,12369,986,6028,692,11383,1790,855,935
15965,12370,986,6028,692,11384,1790,855,935
15970,12375,987,6031,693,11388,1790,855,935
15975,12377,987,6031,693,11390,1791,855,936
15980,12385,988,6032,693,11397,1791,855,936
15985,12388,988,6032,693,11400,1791,855,936
15990,12393,988,6033,693,11405,1792,856,936
15995,12397,988,6036,693,11409,1793,857,936
16000,12400,988,6036,693,11412,1794,857,937
16005,12401,988,6036,693,11413,1794,857,937
16010,12406,989,6038,693,11417,1794,857,937
16015,12408,989,6040,693,11419,1795,858,937
16020,12416,990,6042,693,11426,1795,858,937
16025,12419,991,6044,694,11428,1795,858,937
16030,12424,991,6045,694,11433,1797,858,939
16035,12428,991,6046,694,11436,1798,858,940
16040,12431,992,6048,695,11439,1799,859,940
16045,12432,992,6048,695,11440,1799,859,940
16050,12437,993,6050,696,11444,1799,859,940
16055,12439,993,6051,696,11446,1800,860,940
16060,12447,994,6054,696,11453,1800,860,940
16065,12450,994,6055,696,11456,1800,860,940
16070,12455,994,6060,696,11461,1802,862,940
16075,12459,994,6063,696,11464,1803,862,941
16080,12462,995,6065,697,11467,1804,863,941
16085,12463,995,6065,697,11468,1804,863,941
16090,12468,995,6065,697,11473,1804,863,941
16095,12470,995,6065,697,11475,1805,863,942
16100,12478,996,6066,697,11482,1805,863,942
16105,12481,997,6068,698,11484,1805,863,942
16110,12486,997,6072,698,11489,1806,864,942
16115,12490,997,6074,698,11493,1806,864,942
16120,12493,997,6076,698,11496,1806,864,942
16125,12494,997,6076,698,11497,1806,864,942
16130,12499,997,6078,698,11502,1806,864,942
16135,12501,997,6080,698,11504,1807,865,942
16140,12509,998,6083,698,11511,1807,865,942
16145,12512,998,6084,698,11514,1807,865,942
16150,12517,998,6084,698,11519,1808,865,943
16155,12521,998,6085,698,11523,1808,865,943
16160,12524,998,6088,698,11526,1808,865,943
16165,12525,998,6088,698,11527,1808,865,943
16170,12530,998,6091,698,11532,1808,865,943
16175,12532,998,6092,698,11534,1809,866,943
16180,12540,999,6096,698,11541,1809,866,943
16185,12543,999,6097,698,11544,1809,866,943
16190,12548,999,6101,698,11549,1811,867,944
16195,12552,999,6102,698,11553,1812,867,945
16200,12555,999,6102,698,11556,1813,867,946
16205,12556,999,6102,698,11557,1813,867,946
16210,12561,1000,6104,698,11561,1813,867,946
16215,12563,1000,6106,698,11563,1814,868,946
16220,12571,1001,6109,698,11570,1814,868,946
16225,12574,1001,6110,698,11573,1814,868,946
16230,12579,1001,6113,698,11578,1815,869,946
16235,12583,1001,6116,698,11581,1815,869,946
16240,12586,1002,6117,699,11584,1816,870,946
16245,12587,1002,6118,699,11585,1816,870,946
16250,12592,1003,6119,699,11589,1816,870,946
16255,12594,1003,6120,699,11591,1817,870,947
16260,12602,1004,6125,700,11598,1817,870,947
16265,12605,1005,6127,701,11600,1817,870,947
16270,12610,1005,6130,701,11605,1818,871,947
16275,12614,1005,6132,701,11608,1818,871,947
16280,12617,1006,6134,702,11611,1819,871,948
16285,12618,1006,6134,702,11612,1819,871,948
16290,12623,1007,6136,702,11616,1819,871,948
16295,12625,1007,6138,702,11618,1820,872,948
16300,12633,1008,6143,702,11625,1820,872,948
16305,12636,1009,6144,703,11627,1820,872,948
16310,12641,1009,6147,703,11632,1821,873,948
16315,12645,1009,6148,703,11636,1822,874,948
16320,12648,1009,6149,703,11639,1823,874,949
16325,12649,1009,6149,703,11640,1823,874,949
16330,12654,1009,6152,703,11645,1823,874,949
16335,12656,1009,6152,703,11647,1824,874,950
16340,12664,1010,6155,704,11654,1824,874,950
16345,12667,1011,6158,705,11656,1824,874,950
16350,12672,1011,6159,705,11661,1826,875,951
16355,12676,1011,6162,705,11665,1826,875,951
16360,12679,1011,6163,705,11668,1827,876,951
16365,12680,1011,6164,705,11669,1827,876,951
16370,12685,1011,6167,705,11674,1827,876,951
16375,12687,1011,6168,705,11676,1828,877,951
16380,12695,1012,6171,705,11683,1828,877,951
16385,12698,1013,6174,706,11685,1828,877,951
16390,12703,1013,6175,706,11690,1829,877,952
16395,12707,1013,6175,706,11694,1829,877,952
16400,12710,1013,6177,706,11697,1829,877,952
16405,12711,1013,6177,706,11698,1829,877,952
16410,12716,1013,6179,706,11703,1829,877,952
16415,12718,1013,6179,706,11705,1830,877,953
16420,12726,1014,6181,706,11712,1830,877,953
16425,12729,1015,6183,707,11714,1830,877,953
16430,12734,1015,6186,707,11719,1831,878,953
16435,12738,1015,6188,707,11722,1832,879,953
16440,12741,1016,6188,708,11725,1832,879,953
16445,12742,1016,6189,708,11726,1832,879,953
16450,12747,1017,6189,708,11730,1832,879,953
16455,12749,1017,6189,708,11732,1833,879,954
16460,12757,1017,6190,708,11740,1833,879,954
16465,12760,1017,6192,708,11743,1833,879,954
16470,12765,1017,6195,708,11748,1834,880,954
16475,12769,1017,6197,708,11752,1834,880,954
16480,12772,1017,6198,708,11755,1834,880,954
16485,12773,1017,6199,708,11756,1834,880,954
16490,12778,1018,6200,708,11760,1834,880,954
16495,12780,1018,6201,708,11762,1835,880,955
16500,12788,1018,6206,708,11770,1835,880,955
16505,12791,1018,6207,708,11773,1835,880,955
16510,12796,1018,6210,708,11778,1836,880,956
16515,12800,1018,6213,708,11782,1836,880,956
16520,12803,1018,6214,708,11785,1836,880,956
16525,12804,1018,6214,708,11786,1836,880,956
16530,12809,1019,6216,709,11790,1836,880,956
16535,12811,1019,6217,709,11792,1837,880,957
16540,12819,1019,6220,709,11800,1837,880,957
16545,12822,1019,6222,709,11803,1837,880,957
16550,12827,1020,6226,710,11807,1838,881,957
16555,12831,1020,6228,710,11811,1838,881,957
16560,12834,1020,6230,710,11814,1838,881,957
16565,12835,1020,6230,710,11815,1838,881,957
16570,12840,1021,6232,711,11819,1838,881,957
16575,12842,1021,6234,711,11821,1839,882,957
16580,12850,1022,6239,711,11828,1839,882,957
16585,12853,1023,6241,712,11830,1839,882,957
16590,12858,1023,6243,712,11835,1840,883,957
16595,12862,1023,6244,712,11839,1841,883,958
16600,12865,1023,6247,712,11842,1841,883,958
16605,12866,1023,6247,712,11843,1841,883,958
16610,12871,1024,6251,712,11847,1841,883,958
16615,12873,1024,6252,712,11849,1842,883,959
16620,12881,1025,6256,713,11856,1843,883,960
16625,12884,1026,6258,714,11858,1843,883,960
16630,12889,1026,6260,714,11863,1844,883,961
16635,12893,1026,6262,714,11867,1844,883,961
16640,12896,1026,6263,714,11870,1844,883,961
16645,12897,1027,6264,715,11870,1844,883,961
16650,12902,1028,6266,716,11874,1844,883,961
16655,12904,1028,6267,716,11876,1845,884,961
16660,12912,1029,6271,716,11883,1846,884,962
16665,12915,1030,6272,717,11885,1846,884,962
16670,12920,1030,6273,717,11890,1847,884,963
16675,12924,1030,6275,717,11893,1847,884,963
16680,12927,1031,6275,718,11896,1848,884,964
16685,12928,1031,6275,718,11897,1848,884,964
16690,12933,1031,6278,718,11902,1848,884,964
16695,12935,1031,6280,718,11904,1849,885,964
16700,12943,1032,6283,718,11911,1850,886,964
16705,12946,1033,6285,719,11913,1850,886,964
16710,12951,1033,6287,719,11918,1851,886,965
16715,12955,1033,6290,719,11922,1851,886,965
16720,12958,1033,6292,719,11925,1852,886,966
16725,12959,1033,6292,719,11926,1852,886,966
16730,12964,1033,6294,719,11931,1852,886,966
16735,12966,1033,6296,719,11933,1853,887,966
16740,12974,1034,6301,719,11940,1854,888,966
16745,12977,1035,6303,720,11942,1854,888,966
16750,12982,1035,6307,720,11947,1856,890,966
16755,12986,1035,6310,720,11951,1857,890,967
16760,12989,1035,6311,720,11954,1858,890,968
16765,12990,1035,6312,720,11955,1858,890,968
16770,12995,1035,6315,720,11960,1858,890,968
16775,12997,1035,6317,720,11962,1859,891,968
16780,13005,1036,6321,720,11969,1860,892,968
16785,13008,1037,6323,721,11971,1860,892,968
16790,13013,1037,6325,721,11976,1861,892,969
16795,13017,1037,6328,721,11979,1861,892,969
16800,13020,1038,6328,722,11982,1862,892,970
16805,13021,1038,6329,722,11983,1862,892,970
16810,13026,1039,6332,723,11987,1862,892,970
16815,13028,1039,6334,723,11989,1863,893,970
16820,13036,1039,6339,723,11997,1863,893,970
16825,13039,1039,6341,723,12000,1863,893,970
16830,13044,1039,6344,723,12005,1864,894,970
16835,13048,1039,6346,723,12009,1864,894,970
16840,13051,1039,6348,723,12012,1864,894,970
16845,13052,1039,6349,723,12013,1864,894,970
16850,13057,1040,6352,724,12017,1864,894,970
16855,13059,1040,6353,724,12019,1865,895,970
16860,13067,1040,6358,724,12027,1865,895,970
16865,13070,1040,6358,724,12030,1865,895,970
16870,13075,1040,6361,724,12035,1867,896,971
16875,13079,1040,6363,724,12039,1868,897,971
16880,13082,1040,6364,724,12042,1868,897,971
16885,13083,1040,6364,724,12043,1868,897,971
16890,13088,1041,6366,725,12047,1868,897,971
16895,13090,1041,6367,725,12049,1869,897,972
16900,13098,1041,6368,725,12057,1869,897,972
16905,13101,1041,6368,725,12060,1869,897,972
16910,13106,1041,6371,725,12065,1871,898,973
16915,13110,1041,6373,725,12068,1872,898,974
16920,13113,1042,6373,726,12071,1873,898,975
16925,13114,1042,6373,726,12072,1873,898,975
16930,13119,1042,6376,726,12077,1873,898,975
16935,13121,1042,6377,726,12079,1874,899,975
16940,13129,1043,6382,727,12086,1875,899,976
16945,13132,1044,6384,728,12088,1875,899,976
16950,13137,1044,6386,728,12093,1876,900,976
16955,13141,1044,6387,728,12097,1876,900,976
16960,13144,1044,6387,728,12100,1876,900,976
16965,13145,1044,6387,728,12101,1876,900,976
16970,13150,1044,6389,728,12106,1876,900,976
16975,13152,1044,6390,728,12108,1877,901,976
16980,13160,1045,6394,729,12115,1878,902,976
16985,13163,1046,6395,730,12117,1878,902,976
16990,13168,1046,6398,730,12122,1879,903,976
16995,13172,1046,6399,730,12126,1879,903,976
17000,13175,1046,6402,730,12129,1879,903,976
17005,13176,1046,6402,730,12130,1879,903,976
17010,13181,1046,6405,730,12135,1879,903,976
17015,13183,1046,6407,730,12137,1880,904,976
17020,13191,1047,6410,731,12144,1881,904,977
17025,13194,1048,6413,732,12146,1881,904,977
17030,13199,1048,6414,732,12151,1883,905,978
17035,13203,1048,6416,732,12155,1884,905,979
17040,13206,1048,6417,732,12158,1885,905,980
17045,13207,1048,6417,732,12159,1885,905,980
17050,13212,1049,6420,733,12163,1885,905,980
17055,13214,1049,6421,733,12165,1886,906,980
17060,13222,1050,6423,733,12172,1886,906,980
17065,13225,1051,6424,734,12174,1886,906,980
17070,13230,1051,6427,734,12179,1888,908,980
17075,13234,1051,6430,734,12183,1889,909,980
17080,13237,1051,6432,734,12186,1889,909,980
17085,13238,1051,6432,734,12187,1889,909,980
17090,13243,1052,6433,734,12191,1889,909,980
17095,13245,1052,6434,734,12193,1890,910,980
17100,13253,1053,6440,735,12200,1890,910,980
17105,13256,1053,6442,735,12203,1890,910,980
17110,13261,1053,6443,735,12208,1891,911,980
17115,13265,1053,6445,735,12212,1891,911,980
17120,13268,1053,6445,735,12215,1891,911,980
17125,13269,1053,6445,735,12216,1891,911,980
17130,13274,1054,6446,735,12220,1891,911,980
17135,13276,1054,6446,735,12222,1892,911,981
17140,13284,1055,6449,735,12229,1892,911,981
17145,13287,1056,6451,736,12231,1892,911,981
17150,13292,1056,6453,736,12236,1893,911,982
17155,13296,1056,6455,736,12240,1893,911,982
17160,13299,1056,6457,736,12243,1894,911,983
17165,13300,1056,6458,736,12244,1894,911,983
17170,13305,1056,6462,736,12249,1894,911,983
17175,13307,1056,6463,736,12251,1895,911,984
17180,13315,1057,6465,737,12258,1896,911,985
17185,13318,1058,6466,738,12260,1896,911,985
17190,13323,1058,6468,738,12265,1897,911,986
17195,13327,1058,6472,738,12269,1897,911,986
17200,13330,1058,6474,738,12272,1898,912,986
17205,13331,1058,6475,738,12273,1898,912,986
17210,13336,1058,6479,738,12278,1898,912,986
17215,13338,1058,6480,738,12280,1899,912,987
17220,13346,1059,6486,739,12287,1900,913,987
17225,13349,1060,6488,740,12289,1900,913,987
17230,13354,1060,6490,740,12294,1901,914,987
17235,13358,1060,6490,740,12298,1901,914,987
17240,13361,1060,6491,740,12301,1902,914,988
17245,13362,1060,6492,740,12302,1902,914,988
17250,13367,1060,6495,740,12307,1902,914,988
17255,13369,1060,6496,740,12309,1903,914,989
17260,13377,1061,6501,741,12316,1904,915,989
17265,13380,1061,6502,741,12319,1904,915,989
17270,13385,1061,6503,741,12324,1906,915,991
17275,13389,1061,6504,741,12328,1907,915,992
17280,13392,1061,6507,741,12331,1908,916,992
17285,13393,1061,6507,741,12332,1908,916,992
17290,13398,1062,6511,742,12336,1908,916,992
17295,13400,1062,6513,742,12338,1909,917,992
17300,13408,1062,6517,742,12346,1909,917,992
17305,13411,1062,6519,742,12349,1909,917,992
17310,13416,1062,6523,742,12354,1911,918,993
17315,13420,1062,6526,742,12358,1911,918,993
17320,13423,1062,6528,742,12361,1911,918,993
17325,13424,1062,6529,742,12362,1911,918,993
17330,13429,1063,6530,742,12366,1911,918,993
17335,13431,1063,6531,742,12368,1912,919,993
17340,13439,1063,6536,742,12376,1912,919,993
17345,13442,1063,6538,742,12379,1912,919,993
17350,13447,1063,6538,742,12384,1913,919,994
17355,13451,1063,6541,742,12388,1913,919,994
17360,13454,1063,6541,742,12391,1913,919,994
17365,13455,1063,6541,742,12392,1913,919,994
17370,13460,1064,6544,742,12396,1913,919,994
17375,13462,1064,6545,742,12398,1914,920,994
17380,13470,1064,6550,742,12406,1915,921,994
17385,13473,1064,6553,742,12409,1915,921,994
17390,13478,1064,6555,742,12414,1916,922,994
17395,13482,1064,6556,742,12418,1917,922,995
17400,13485,1064,6556,742,12421,1918,922,996
17405,13486,1064,6556,742,12422,1918,922,996
17410,13491,1065,6558,742,12426,1918,922,996
17415,13493,1065,6560,742,12428,1919,923,996
17420,13501,1066,6563,742,12435,1919,923,996
17425,13504,1067,6566,743,12437,1919,923,996
17430,13509,1067,6568,743,12442,1921,924,997
17435,13513,1067,6570,743,12445,1922,924,998
17440,13516,1068,6572,744,12448,1923,924,999
17445,13517,1068,6573,744,12449,1923,924,999
17450,13522,1069,6575,744,12453,1923,924,999
17455,13524,1069,6577,744,12455,1924,925,999
17460,13532,1070,6582,744,12462,1924,925,999
17465,13535,1071,6585,745,12464,1924,925,999
17470,13540,1071,6589,745,12469,1925,925,1000
17475,13544,1071,6590,745,12473,1925,925,1000
17480,13547,1071,6590,745,12476,1926,925,1001
17485,13548,1071,6591,745,12477,1926,925,1001
17490,13553,1072,6592,746,12481,1926,925,1001
17495,13555,1072,6594,746,12483,1927,926,1001
17500,13563,1073,6598,746,12490,1927,926,1001
17505,13566,1073,6600,746,12493,1927,926,1001
17510,13571,1074,6603,747,12497,1928,926,1002
17515,13575,1074,6605,747,12501,1928,926,1002
17520,13578,1074,6607,747,12504,1929,927,1002
17525,13579,1074,6608,747,12505,1929,927,1002
17530,13584,1074,6612,747,12510,1929,927,1002
17535,13586,1074,6613,747,12512,1930,928,1002
17540,13594,1075,6616,748,12519,1931,928,1003
17545,13597,1075,6618,748,12522,1931,928,1003
17550,13602,1075,6621,748,12527,1932,928,1004
17555,13606,1075,6622,748,12531,1932,928,1004
17560,13609,1075,6623,748,12534,1932,928,1004
17565,13610,1075,6623,748,12535,1932,928,1004
17570,13615,1075,6624,748,12540,1932,928,1004
17575,13617,1075,6626,748,12542,1933,929,1004
17580,13625,1076,6628,748,12549,1934,929,1005
17585,13628,1077,6631,749,12551,1934,929,1005
17590,13633,1077,6634,749,12556,1936,930,1006
17595,13637,1077,6634,749,12560,1936,930,1006
17600,13640,1077,6635,749,12563,1936,930,1006
17605,13641,1077,6635,749,12564,1936,930,1006
17610,13646,1077,6638,749,12569,1936,930,1006
17615,13648,1077,6639,749,12571,1937,931,1006
17620,13656,1079,6642,750,12577,1938,931,1007
17625,13659,1080,6643,751,12579,1938,931,1007
17630,13664,1080,6647,751,12584,1940,932,1008
17635,13668,1080,6647,751,12588,1940,932,1008
17640,13671,1080,6649,751,12591,1941,933,1008
17645,13672,1080,6650,751,12592,1941,933,1008
17650,13677,1080,6652,751,12597,1941,933,1008
17655,13679,1080,6653,751,12599,1942,933,1009
17660,13687,1080,6658,751,12607,1943,934,1009
17665,13690,1080,6659,751,12610,1943,934,1009
17670,13695,1080,6661,751,12615,1945,934,1011
17675,13699,1080,6664,751,12619,1945,934,1011
17680,13702,1080,6664,751,12622,1945,934,1011
17685,13703,1080,6665,751,12623,1945,934,1011
17690,13708,1080,6667,751,12628,1945,934,1011
17695,13710,1080,6667,751,12630,1946,934,1012
17700,13718,1080,6669,751,12638,1947,934,1013
17705,13721,1080,6671,751,12641,1947,934,1013
17710,13726,1080,6673,751,12646,1948,934,1014
17715,13730,1080,6673,751,12650,1949,934,1015
17720,13733,1080,6674,751,12653,1949,934,1015
17725,13734,1080,6674,751,12654,1949,934,1015
17730,13739,1081,6677,752,12658,1949,934,1015
17735,13741,1081,6677,752,12660,1950,934,1016
17740,13749,1082,6683,753,12667,1951,935,1016
17745,13752,1082,6683,753,12670,1951,935,1016
17750,13757,1082,6684,753,12675,1952,935,1017
17755,13761,1082,6685,753,12678,1953,935,1018
17760,13764,1083,6687,754,12681,1954,936,1018
17765,13765,1083,6687,754,12682,1954,936,1018
17770,13770,1083,6688,754,12687,1954,936,1018
17775,13772,1083,6688,754,12689,1955,936,1019
17780,13780,1084,6693,754,12696,1955,936,1019
17785,13783,1085,6695,755,12698,1955,936,1019
17790,13788,1085,6698,755,12703,1957,938,1019
17795,13792,1085,6700,755,12707,1957,938,1019
17800,13795,1085,6701,755,12710,1957,938,1019
17805,13796,1085,6701,755,12711,1957,938,1019
17810,13801,1085,6705,755,12716,1957,938,1019
17815,13803,1085,6707,755,12718,1958,939,1019
17820,13811,1086,6710,756,12725,1958,939,1019
17825,13814,1087,6713,757,12727,1958,939,1019
17830,13819,1087,6715,757,12732,1960,940,1020
17835,13823,1087,6718,757,12736,1960,940,1020
17840,13826,1087,6719,757,12739,1960,940,1020
17845,13827,1087,6720,757,12740,1960,940,1020
17850,13832,1087,6721,757,12745,1960,940,1020
17855,13834,1087,6722,757,12747,1961,941,1020
17860,13842,1088,6727,758,12753,1961,941,1020
17865,13845,1089,6728,759,12756,1961,941,1020
17870,13850,1089,6729,759,12761,1963,942,1021
17875,13854,1089,6730,759,12765,1963,942,1021
17880,13857,1089,6732,759,12768,1964,943,1021
17885,13858,1089,6732,759,12769,1964,943,1021
17890,13863,1089,6733,759,12774,1964,943,1021
17895,13865,1089,6734,759,12776,1965,944,1021
17900,13873,1090,6736,759,12783,1965,944,1021
17905,13876,1090,6737,759,12786,1965,944,1021
17910,13881,1090,6739,759,12791,1966,945,1021
17915,13885,1090,6741,759,12795,1966,945,1021
17920,13888,1090,6741,759,12798,1967,945,1022
17925,13889,1090,6741,759,12799,1967,945,1022
17930,13894,1090,6743,759,12804,1967,945,1022
17935,13896,1090,6744,759,12806,1968,945,1023
17940,13904,1091,6746,759,12813,1968,945,1023
17945,13907,1092,6747,760,12815,1968,945,1023
17950,13912,1092,6751,760,12820,1970,947,1023
17955,13916,1092,6753,760,12824,1970,947,1023
17960,13919,1092,6753,760,12827,1971,947,1024
17965,13920,1092,6754,760,12828,1971,947,1024
17970,13925,1092,6754,760,12833,1971,947,1024
17975,13927,1092,6755,760,12835,1972,947,1025
17980,13935,1093,6758,761,12842,1972,947,1025
17985,13938,1094,6759,762,12844,1972,947,1025
17990,13943,1094,6762,762,12849,1974,949,1025
17995,13947,1094,6765,762,12852,1974,949,1025
18000,13950,1095,6766,763,12855,1975,949,1026
18005,13951,1095,6767,763,12856,1975,949,1026
18010,13956,1095,6769,763,12861,1975,949,1026
18015,13958,1095,6770,763,12863,1976,949,1027
18020,13966,1095,6772,763,12871,1976,949,1027
18025,13969,1095,6773,763,12874,1976,949,1027
18030,13974,1095,6774,763,12879,1978,950,1028
18035,13978,1095,6777,763,12883,1978,950,1028
18040,13981,1095,6778,763,12886,1979,950,1029
18045,13982,1095,6778,763,12887,1979,950,1029
18050,13987,1095,6782,763,12892,1979,950,1029
18055,13989,1095,6783,763,12894,1980,951,1029
18060,13997,1095,6787,763,12902,1980,951,1029
18065,14000,1095,6787,763,12905,1980,951,1029
18070,14005,1095,6789,763,12910,1981,951,1030
18075,14009,1095,6790,763,12914,1981,951,1030
18080,14012,1095,6791,763,12917,1982,952,1030
18085,14013,1095,6791,763,12918,1982,952,1030
18090,14018,1095,6795,763,12923,1982,952,1030
18095,14020,1095,6796,763,12925,1983,953,1030
18100,14028,1095,6799,763,12933,1983,953,1030
18105,14031,1095,6799,763,12936,1983,953,1030
18110,14036,1095,6801,763,12941,1984,954,1030
18115,14040,1095,6802,763,12944,1984,954,1030
18120,14043,1096,6802,764,12947,1985,954,1031
18125,14044,1096,6802,764,12948,1985,954,1031
18130,14049,1097,6805,765,12952,1985,954,1031
18135,14051,1097,6806,765,12954,1986,955,1031
18140,14059,1098,6810,766,12960,1987,955,1032
18145,14062,1100,6812,768,12962,1987,955,1032
18150,14067,1100,6815,768,12967,1989,957,1032
18155,14071,1100,6818,768,12971,1989,957,1032
18160,14074,1100,6820,768,12974,1989,957,1032
18165,14075,1100,6820,768,12975,1989,957,1032
18170,14080,1101,6822,768,12979,1989,957,1032
18175,14082,1101,6823,768,12981,1990,958,1032
18180,14090,1103,6829,769,12986,1991,959,1032
18185,14093,1105,6832,771,12988,1992,960,1032
18190,14098,1105,6834,771,12993,1993,960,1033
18195,14102,1105,6834,771,12997,1993,960,1033
18200,14105,1105,6837,771,13000,1993,960,1033
18205,14106,1106,6838,772,13000,1993,960,1033
18210,14111,1107,6838,772,13004,1993,960,1033
18215,14113,1107,6838,772,13006,1994,960,1034
18220,14121,1108,6843,772,13013,1995,961,1034
18225,14124,1108,6843,772,13016,1996,961,1035
18230,14129,1108,6845,772,13021,1997,962,1035
18235,14133,1108,6847,772,13025,1997,962,1035
18240,14136,1108,6849,772,13028,1998,963,1035
18245,14137,1108,6850,772,13029,1998,963,1035
18250,14142,1109,6853,773,13033,1998,963,1035
18255,14144,1109,6853,773,13035,1999,963,1036
18260,14152,1110,6856,774,13042,1999,963,1036
18265,14155,1110,6856,774,13045,2000,963,1037
18270,14160,1110,6858,774,13050,2002,964,1038
18275,14164,1110,6860,774,13053,2002,964,1038
18280,14167,1111,6863,775,13056,2003,965,1038
18285,14168,1111,6863,775,13057,2003,965,1038
18290,14173,1112,6864,775,13061,2003,965,1038
18295,14175,1112,6864,775,13063,2004,965,1039
18300,14183,1114,6868,777,13068,2005,966,1039
18305,14186,1115,6868,778,13071,2005,966,1039
18310,14191,1115,6870,778,13076,2006,966,1040
18315,14195,1115,6872,778,13080,2006,966,1040
18320,14198,1115,6873,778,13083,2007,966,1041
18325,14199,1115,6873,778,13084,2007,966,1041
18330,14204,1115,6874,778,13089,2007,966,1041
18335,14206,1115,6876,778,13091,2008,967,1041
18340,14214,1115,6878,778,13099,2008,967,1041
18345,14217,1115,6880,778,13102,2008,967,1041
18350,14222,1115,6883,778,13107,2009,968,1041
18355,14226,1115,6886,778,13111,2009,968,1041
18360,14229,1115,6886,778,13114,2009,968,1041
18365,14230,1115,6886,778,13115,2009,968,1041
18370,14235,1116,6887,779,13119,2009,968,1041
18375,14237,1116,6889,779,13121,2010,969,1041
18380,14245,1118,6895,781,13127,2010,969,1041
18385,14248,1119,6897,782,13129,2010,969,1041
18390,14253,1119,6899,782,13134,2011,970,1041
18395,14257,1119,6901,782,13137,2011,970,1041
18400,14260,1120,6903,783,13140,2011,970,1041
18405,14261,1120,6904,783,13141,2011,970,1041
18410,14266,1121,6909,784,13145,2011,970,1041
18415,14268,1121,6911,784,13147,2012,971,1041
18420,14276,1122,6914,784,13153,2013,971,1042
18425,14279,1123,6916,785,13156,2013,971,1042
18430,14284,1123,6920,785,13161,2015,972,1043
18435,14288,1123,6922,785,13165,2015,972,1043
18440,14291,1123,6924,785,13168,2016,973,1043
18445,14292,1123,6924,785,13169,2016,973,1043
18450,14297,1124,6926,785,13173,2016,973,1043
18455,14299,1124,6927,785,13175,2017,973,1044
18460,14307,1124,6930,785,13183,2018,973,1045
18465,14310,1124,6931,785,13186,2018,973,1045
18470,14315,1124,6933,785,13191,2020,973,1047
18475,14319,1124,6935,785,13194,2020,973,1047
18480,14322,1125,6937,786,13197,2021,974,1047
18485,14323,1125,6938,786,13198,2021,974,1047
18490,14328,1125,6942,786,13203,2021,974,1047
18495,14330,1125,6944,786,13205,2022,975,1047
18500,14338,1125,6947,786,13213,2022,975,1047
18505,14341,1125,6948,786,13216,2022,975,1047
18510,14346,1125,6950,786,13221,2023,975,1048
18515,14350,1125,6953,786,13225,2023,975,1048
18520,14353,1125,6953,786,13228,2024,975,1049
18525,14354,1125,6953,786,13229,2024,975,1049
18530,14359,1125,6955,786,13234,2024,975,1049
18535,14361,1125,6955,786,13236,2025,975,1050
18540,14369,1125,6956,786,13244,2025,975,1050
18545,14372,1126,6958,787,13246,2026,975,1051
18550,14377,1126,6958,787,13251,2027,975,1052
18555,14381,1126,6962,787,13255,2028,976,1052
18560,14384,1126,6965,787,13258,2029,977,1052
18565,14385,1126,6966,787,13259,2029,977,1052
18570,14390,1126,6967,787,13264,2029,977,1052
18575,14392,1126,6967,787,13266,2030,977,1053
18580,14400,1128,6972,789,13272,2031,977,1054
18585,14403,1129,6974,790,13274,2032,978,1054
18590,14408,1130,6976,791,13278,2033,978,1055
18595,14412,1130,6976,791,13282,2034,978,1056
18600,14415,1130,6977,791,13285,2035,979,1056
18605,14416,1130,6978,791,13286,2035,979,1056
18610,14421,1131,6979,791,13290,2035,979,1056
18615,14423,1131,6980,791,13292,2036,979,1057
18620,14431,1132,6985,791,13299,2036,979,1057
18625,14434,1132,6986,791,13302,2037,980,1057
18630,14439,1132,6988,791,13307,2039,981,1058
18635,14443,1132,6991,791,13311,2040,981,1059
18640,14446,1132,6993,791,13314,2040,981,1059
18645,14447,1132,6994,791,13315,2040,981,1059
18650,14452,1133,6996,792,13319,2040,981,1059
18655,14454,1133,6998,792,13321,2041,982,1059
18660,14462,1134,7001,793,13328,2041,982,1059
18665,14465,1135,7003,794,13330,2042,983,1059
18670,14470,1135,7006,794,13335,2044,984,1060
18675,14474,1135,7009,794,13339,2044,984,1060
18680,14477,1135,7010,794,13342,2044,984,1060
18685,14478,1135,7011,794,13343,2044,984,1060
18690,14483,1136,7012,794,13347,2044,984,1060
18695,14485,1136,7013,794,13349,2045,984,1061
18700,14493,1137,7015,794,13356,2045,984,1061
18705,14496,1138,7016,795,13358,2046,984,1062
18710,14501,1138,7019,795,13363,2047,985,1062
18715,14505,1138,7020,795,13367,2047,985,1062
18720,14508,1138,7021,795,13370,2048,985,1063
18725,14509,1138,7021,795,13371,2048,985,1063
18730,14514,1139,7024,795,13375,2048,985,1063
18735,14516,1139,7024,795,13377,2049,985,1064
18740,14524,1140,7028,796,13384,2050,986,1064
18745,14527,1141,7029,797,13386,2050,986,1064
18750,14532,1141,7031,797,13391,2051,986,1065
18755,14536,1141,7033,797,13395,2052,986,1066
18760,14539,1141,7035,797,13398,2053,986,1067
18765,14540,1141,7035,797,13399,2053,986,1067
18770,14545,1142,7038,797,13403,2053,986,1067
18775,14547,1142,7039,797,13405,2054,987,1067
18780,14555,1144,7044,799,13411,2055,988,1067
18785,14558,1144,7046,799,13414,2055,988,1067
18790,14563,1144,7049,799,13419,2056,989,1067
18795,14567,1144,7050,799,13422,2056,989,1067
18800,14570,1145,7052,800,13425,2057,990,1067
18805,14571,1145,7052,800,13426,2057,990,1067
18810,14576,1146,7056,800,13430,2057,990,1067
18815,14578,1146,7057,800,13432,2058,991,1067
18820,14586,1146,7062,800,13440,2058,991,1067
18825,14589,1146,7065,800,13443,2058,991,1067
18830,14594,1146,7070,800,13448,2059,992,1067
18835,14598,1146,7070,800,13452,2059,992,1067
18840,14601,1146,7072,800,13455,2060,992,1068
18845,14602,1146,7073,800,13456,2060,992,1068
18850,14607,1146,7076,800,13461,2060,992,1068
18855,14609,1146,7076,800,13463,2061,992,1069
18860,14617,1146,7079,800,13471,2062,992,1070
18865,14620,1146,7079,800,13474,2062,992,1070
18870,14625,1146,7081,800,13479,2064,992,1072
18875,14629,1146,7082,800,13483,2064,992,1072
18880,14632,1146,7083,800,13486,2064,992,1072
18885,14633,1146,7084,800,13487,2064,992,1072
18890,14638,1146,7086,800,13492,2064,992,1072
18895,14640,1146,7087,800,13494,2065,992,1073
18900,14648,1146,7090,800,13502,2065,992,1073
18905,14651,1146,7091,800,13505,2066,993,1073
18910,14656,1146,7095,800,13510,2067,994,1073
18915,14660,1146,7096,800,13514,2067,994,1073
18920,14663,1146,7097,800,13517,2067,994,1073
18925,14664,1146,7097,800,13518,2067,994,1073
18930,14669,1146,7099,800,13523,2067,994,1073
18935,14671,1146,7101,800,13525,2068,995,1073
18940,14679,1146,7103,800,13533,2068,995,1073
18945,14682,1146,7105,800,13536,2069,996,1073
18950,14687,1146,7107,800,13541,2070,997,1073
18955,14691,1146,7109,800,13545,2070,997,1073
18960,14694,1146,7109,800,13548,2070,997,1073
18965,14695,1146,7110,800,13549,2070,997,1073
18970,14700,1147,7111,800,13553,2070,997,1073
18975,14702,1147,7113,800,13555,2071,998,1073
18980,14710,1149,7119,801,13561,2072,999,1073
18985,14713,1149,7120,801,13564,2072,999,1073
18990,14718,1149,7121,801,13569,2074,1000,1074
18995,14722,1149,7122,801,13572,2074,1000,1074
19000,14725,1150,7124,802,13575,2075,1001,1074
19005,14726,1150,7124,802,13576,2075,1001,1074
19010,14731,1151,7128,803,13580,2075,1001,1074
19015,14733,1151,7129,803,13582,2076,1002,1074
19020,14741,1152,7134,804,13589,2077,1003,1074
19025,14744,1152,7134,804,13592,2077,1003,1074
19030,14749,1152,7136,804,13597,2079,1003,1076
19035,14753,1152,7138,804,13601,2080,1003,1077
19040,14756,1152,7141,804,13604,2081,1004,1077
19045,14757,1152,7141,804,13605,2081,1004,1077
19050,14762,1153,7145,805,13609,2081,1004,1077
19055,14764,1153,7146,805,13611,2082,1005,1077
19060,14772,1154,7150,805,13618,2083,1006,1077
19065,14775,1155,7153,806,13620,2083,1006,1077
19070,14780,1156,7157,807,13624,2085,1008,1077
19075,14784,1156,7159,807,13628,2086,1009,1077
19080,14787,1156,7161,807,13631,2087,1010,1077
19085,14788,1156,7162,807,13632,2087,1010,1077
19090,14793,1156,7164,807,13637,2087,1010,1077
19095,14795,1156,7166,807,13639,2088,1011,1077
19100,14803,1158,7170,809,13645,2088,1011,1077
19105,14806,1159,7172,810,13647,2088,1011,1077
19110,14811,1159,7173,810,13652,2089,1011,1078
19115,14815,1159,7176,810,13656,2089,1011,1078
19120,14818,1159,7177,810,13659,2090,1011,1079
19125,14819,1159,7177,810,13660,2090,1011,1079
19130,14824,1159,7181,810,13665,2090,1011,1079
19135,14826,1159,7182,810,13667,2091,1012,1079
19140,14834,1160,7185,810,13674,2091,1012,1079
19145,14837,1160,7186,810,13677,2091,1012,1079
19150,14842,1160,7186,810,13682,2092,1012,1080
19155,14846,1160,7187,810,13686,2092,1012,1080
19160,14849,1160,7189,810,13689,2093,1012,1081
19165,14850,1160,7189,810,13690,2093,1012,1081
19170,14855,1160,7192,810,13695,2093,1012,1081
19175,14857,1160,7194,810,13697,2094,1013,1081
19180,14865,1161,7198,811,13704,2094,1013,1081
19185,14868,1162,7200,812,13706,2094,1013,1081
19190,14873,1162,7200,812,13711,2096,1013,1083
19195,14877,1162,7201,812,13715,2096,1013,1083
19200,14880,1162,7201,812,13718,2097,1013,1084
19205,14881,1162,7201,812,13719,2097,1013,1084
19210,14886,1162,7203,812,13724,2097,1013,1084
19215,14888,1162,7205,812,13726,2098,1014,1084
19220,14896,1162,7209,812,13734,2098,1014,1084
19225,14899,1162,7211,812,13737,2098,1014,1084
19230,14904,1162,7214,812,13742,2099,1015,1084
19235,14908,1162,7216,812,13746,2100,1016,1084
19240,14911,1162,7217,812,13749,2101,1016,1085
19245,14912,1162,7217,812,13750,2101,1016,1085
19250,14917,1162,7218,812,13755,2101,1016,1085
19255,14919,1162,7219,812,13757,2102,1016,1086
19260,14927,1162,7220,812,13765,2102,1016,1086
19265,14930,1162,7222,812,13768,2102,1016,1086
19270,14935,1162,7225,812,13773,2103,1016,1087
19275,14939,1162,7227,812,13777,2103,1016,1087
19280,14942,1162,7229,812,13780,2104,1016,1088
19285,14943,1162,7230,812,13781,2104,1016,1088
19290,14948,1162,7233,812,13786,2104,1016,1088
19295,14950,1162,7233,812,13788,2105,1016,1089
19300,14958,1162,7237,812,13796,2105,1016,1089
19305,14961,1162,7239,812,13799,2105,1016,1089
19310,14966,1163,7240,813,13803,2107,1016,1091
19315,14970,1163,7242,813,13807,2107,1016,1091
19320,14973,1163,7244,813,13810,2108,1017,1091
19325,14974,1164,7245,814,13810,2108,1017,1091
19330,14979,1165,7248,815,13814,2108,1017,1091
19335,14981,1165,7250,815,13816,2109,1018,1091
19340,14989,1167,7253,816,13822,2110,1018,1092
19345,14992,1167,7254,816,13825,2111,1019,1092
19350,14997,1167,7255,816,13830,2112,1020,1092
19355,15001,1167,7256,816,13834,2112,1020,1092
19360,15004,1167,7256,816,13837,2112,1020,1092
19365,15005,1168,7257,817,13837,2112,1020,1092
19370,15010,1169,7259,817,13841,2112,1020,1092
19375,15012,1169,7260,817,13843,2113,1021,1092
19380,15020,1170,7263,818,13850,2114,1021,1093
19385,15023,1171,7265,819,13852,2115,1021,1094
19390,15028,1171,7268,819,13857,2116,1021,1095
19395,15032,1171,7270,819,13861,2116,1021,1095
19400,15035,1171,7271,819,13864,2116,1021,1095
19405,15036,1171,7272,819,13865,2116,1021,1095
19410,15041,1172,7274,819,13869,2116,1021,1095
19415,15043,1172,7274,819,13871,2117,1021,1096
19420,15051,1173,7280,820,13878,2117,1021,1096
19425,15054,1174,7283,821,13880,2118,1022,1096
19430,15059,1174,7285,821,13885,2120,1023,1097
19435,15063,1174,7286,821,13888,2121,1023,1098
19440,15066,1175,7289,822,13891,2122,1024,1098
19445,15067,1175,7290,822,13892,2122,1024,1098
19450,15072,1176,7293,822,13896,2122,1024,1098
19455,15074,1176,7295,822,13898,2123,1025,1098
19460,15082,1178,7298,823,13903,2123,1025,1098
19465,15085,1179,7299,824,13906,2124,1026,1098
19470,15090,1179,7300,824,13911,2125,1026,1099
19475,15094,1179,7303,824,13914,2126,1026,1100
19480,15097,1180,7304,825,13917,2127,1026,1101
19485,15098,1180,7304,825,13918,2127,1026,1101
19490,15103,1181,7306,826,13922,2127,1026,1101
19495,15105,1181,7307,826,13924,2128,1027,1101
19500,15113,1183,7313,828,13929,2129,1028,1101
19505,15116,1184,7314,829,13932,2129,1028,1101
19510,15121,1184,7317,829,13937,2130,1028,1102
19515,15125,1184,7319,829,13941,2130,1028,1102
19520,15128,1184,7321,829,13944,2131,1029,1102
19525,15129,1184,7322,829,13945,2131,1029,1102
19530,15134,1184,7324,829,13950,2131,1029,1102
19535,15136,1184,7324,829,13952,2132,1029,1103
19540,15144,1184,7331,829,13960,2133,1030,1103
19545,15147,1184,7333,829,13963,2133,1030,1103
19550,15152,1184,7336,829,13968,2134,1031,1103
19555,15156,1184,7338,829,13972,2134,1031,1103
19560,15159,1184,7340,829,13975,2135,1031,1104
19565,15160,1184,7341,829,13976,2135,1031,1104
19570,15165,1184,7344,829,13981,2135,1031,1104
19575,15167,1184,7346,829,13983,2136,1032,1104
19580,15175,1184,7349,829,13991,2137,1032,1105
19585,15178,1184,7349,829,13994,2137,1032,1105
19590,15183,1184,7351,829,13999,2138,1032,1106
19595,15187,1184,7353,829,14003,2138,1032,1106
19600,15190,1184,7354,829,14006,2138,1032,1106
19605,15191,1184,7355,829,14007,2138,1032,1106
19610,15196,1185,7356,829,14011,2138,1032,1106
19615,15198,1185,7356,829,14013,2139,1032,1107
19620,15206,1185,7356,829,14021,2139,1032,1107
19625,15209,1185,7358,829,14024,2139,1032,1107
19630,15214,1185,7362,829,14029,2140,1033,1107
19635,15218,1185,7365,829,14033,2140,1033,1107
19640,15221,1185,7367,829,14036,2140,1033,1107
19645,15222,1186,7368,830,14036,2140,1033,1107
19650,15227,1187,7370,830,14040,2140,1033,1107
19655,15229,1187,7372,830,14042,2141,1034,1107
19660,15237,1187,7373,830,14050,2142,1034,1108
19665,15240,1187,7373,830,14053,2142,1034,1108
19670,15245,1187,7375,830,14058,2144,1035,1109
19675,15249,1187,7378,830,14062,2144,1035,1109
19680,15252,1187,7381,830,14065,2144,1035,1109
19685,15253,1187,7382,830,14066,2144,1035,1109
19690,15258,1188,7384,830,14070,2144,1035,1109
19695,15260,1188,7384,830,14072,2145,1035,1110
19700,15268,1189,7386,830,14079,2145,1035,1110
19705,15271,1189,7387,830,14082,2145,1035,1110
19710,15276,1189,7389,830,14087,2146,1035,1111
19715,15280,1189,7391,830,14091,2146,1035,1111
19720,15283,1189,7391,830,14094,2146,1035,1111
19725,15284,1189,7391,830,14095,2146,1035,1111
19730,15289,1190,7392,830,14099,2146,1035,1111
19735,15291,1190,7392,830,14101,2147,1035,1112
19740,15299,1191,7395,831,14108,2147,1035,1112
19745,15302,1192,7396,832,14110,2148,1035,1113
19750,15307,1192,7399,832,14115,2149,1035,1114
19755,15311,1192,7402,832,14119,2149,1035,1114
19760,15314,1192,7405,832,14122,2150,1036,1114
19765,15315,1192,7405,832,14123,2150,1036,1114
19770,15320,1193,7407,832,14127,2150,1036,1114
19775,15322,1193,7409,832,14129,2151,1037,1114
19780,15330,1194,7413,832,14136,2151,1037,1114
19785,15333,1195,7415,833,14138,2152,1038,1114
19790,15338,1196,7417,834,14142,2154,1039,1115
19795,15342,1196,7418,834,14146,2154,1039,1115
19800,15345,1196,7421,834,14149,2155,1040,1115
19805,15346,1196,7421,834,14150,2155,1040,1115
19810,15351,1197,7425,835,14154,2155,1040,1115
19815,15353,1197,7425,835,14156,2156,1040,1116
19820,15361,1200,7431,837,14161,2157,1041,1116
19825,15364,1201,7434,838,14163,2157,1041,1116
19830,15369,1201,7436,838,14168,2158,1041,1117
19835,15373,1201,7438,838,14172,2159,1041,1118
19840,15376,1201,7439,838,14175,2160,1041,1119
19845,15377,1202,7440,839,14175,2160,1041,1119
19850,15382,1203,7443,839,14179,2160,1041,1119
19855,15384,1203,7443,839,14181,2161,1041,1120
19860,15392,1205,7448,841,14187,2162,1041,1121
19865,15395,1205,7448,841,14190,2162,1041,1121
19870,15400,1205,7451,841,14195,2163,1042,1121
19875,15404,1205,7452,841,14199,2164,1043,1121
19880,15407,1205,7454,841,14202,2165,1044,1121
19885,15408,1205,7455,841,14203,2165,1044,1121
19890,15413,1205,7457,841,14208,2165,1044,1121
19895,15415,1205,7457,841,14210,2166,1044,1122
19900,15423,1205,7459,841,14218,2166,1044,1122
19905,15426,1205,7461,841,14221,2166,1044,1122
19910,15431,1205,7462,841,14226,2167,1044,1123
19915,15435,1205,7463,841,14230,2167,1044,1123
19920,15438,1205,7465,841,14233,2168,1045,1123
19925,15439,1205,7465,841,14234,2168,1045,1123
19930,15444,1205,7469,841,14239,2168,1045,1123
19935,15446,1205,7470,841,14241,2169,1045,1124
19940,15454,1206,7473,842,14248,2169,1045,1124
19945,15457,1206,7474,842,14251,2170,1046,1124
19950,15462,1206,7476,842,14256,2171,1046,1125
19955,15466,1206,7478,842,14260,2171,1046,1125
19960,15469,1206,7478,842,14263,2171,1046,1125
19965,15470,1206,7479,842,14264,2171,1046,1125
19970,15475,1207,7481,843,14268,2171,1046,1125
19975,15477,1207,7483,843,14270,2172,1047,1125
19980,15485,1209,7488,845,14276,2173,1047,1126
19985,15488,1210,7489,846,14278,2173,1047,1126
19990,15493,1210,7493,846,14283,2174,1047,1127
19995,15497,1210,7495,846,14287,2174,1047,1127
20000,15500,1210,7496,846,14290,2175,1047,1128
20005,15501,1210,7496,846,14291,2175,1047,1128
20010,15506,1211,7498,846,14295,2175,1047,1128
20015,15508,1211,7500,846,14297,2176,1048,1128
20020,15516,1211,7504,846,14305,2177,1049,1128
20025,15519,1211,7506,846,14308,2177,1049,1128
20030,15524,1211,7508,846,14313,2178,1049,1129
20035,15528,1211,7510,846,14317,2179,1050,1129
20040,15531,1211,7511,846,14320,2180,1050,1130
20045,15532,1211,7512,846,14321,2180,1050,1130
20050,15537,1212,7514,846,14325,2180,1050,1130
20055,15539,1212,7515,846,14327,2181,1050,1131
20060,15547,1212,7520,846,14335,2181,1050,1131
20065,15550,1212,7522,846,14338,2181,1050,1131
20070,15555,1212,7524,846,14343,2182,1051,1131
20075,15559,1212,7526,846,14347,2182,1051,1131
20080,15562,1212,7528,846,14350,2183,1051,1132
20085,15563,1212,7529,846,14351,2183,1051,1132
20090,15568,1213,7531,846,14355,2183,1051,1132
20095,15570,1213,7532,846,14357,2184,1051,1133
20100,15578,1215,7537,847,14362,2184,1051,1133
20105,15581,1216,7538,848,14365,2185,1052,1133
20110,15586,1216,7541,848,14370,2186,1052,1134
20115,15590,1216,7544,848,14374,2186,1052,1134
20120,15593,1216,7544,848,14377,2186,1052,1134
20125,15594,1216,7545,848,14378,2186,1052,1134
20130,15599,1217,7548,849,14382,2186,1052,1134
20135,15601,1217,7550,849,14384,2187,1053,1134
20140,15609,1219,7554,850,14390,2187,1053,1134
20145,15612,1220,7556,851,14392,2188,1054,1134
20150,15617,1220,7560,851,14397,2189,1055,1134
20155,15621,1220,7561,851,14401,2189,1055,1134
20160,15624,1220,7564,851,14404,2189,1055,1134
20165,15625,1220,7564,851,14405,2189,1055,1134
20170,15630,1221,7568,852,14409,2189,1055,1134
20175,15632,1221,7569,852,14411,2190,1056,1134
20180,15640,1222,7576,853,14418,2191,1057,1134
20185,15643,1222,7577,853,14421,2192,1057,1135
20190,15648,1222,7580,853,14426,2193,1058,1135
20195,15652,1222,7582,853,14430,2193,1058,1135
20200,15655,1222,7584,853,14433,2193,1058,1135
20205,15656,1222,7584,853,14434,2193,1058,1135
20210,15661,1223,7586,854,14438,2193,1058,1135
20215,15663,1223,7588,854,14440,2194,1059,1135
20220,15671,1225,7594,856,14445,2195,1059,1136
20225,15674,1226,7597,857,14448,2195,1059,1136
20230,15679,1226,7601,857,14453,2196,1060,1136
20235,15683,1226,7601,857,14457,2197,1060,1137
20240,15686,1226,7604,857,14460,2198,1061,1137
20245,15687,1226,7605,857,14461,2198,1061,1137
20250,15692,1227,7607,858,14465,2198,1061,1137
20255,15694,1227,7607,858,14467,2199,1061,1138
20260,15702,1227,7610,858,14475,2199,1061,1138
20265,15705,1227,7611,858,14478,2199,1061,1138
20270,15710,1227,7614,858,14483,2201,1063,1138
20275,15714,1227,7615,858,14487,2202,1064,1138
20280,15717,1227,7617,858,14490,2203,1064,1139
20285,15718,1227,7618,858,14491,2203,1064,1139
20290,15723,1228,7621,858,14495,2203,1064,1139
20295,15725,1228,7623,858,14497,2204,1065,1139
20300,15733,1230,7626,859,14503,2204,1065,1139
20305,15736,1231,7627,860,14505,2204,1065,1139
20310,15741,1231,7631,860,14510,2205,1065,1140
20315,15745,1231,7632,860,14513,2205,1065,1140
20320,15748,1232,7634,861,14516,2206,1066,1140
20325,15749,1233,7635,862,14516,2206,1066,1140
20330,15754,1234,7639,863,14520,2206,1066,1140
20335,15756,1234,7639,863,14522,2207,1066,1141
20340,15764,1235,7643,863,14529,2208,1067,1141
20345,15767,1235,7643,863,14532,2208,1067,1141
20350,15772,1235,7646,863,14537,2209,1068,1141
20355,15776,1235,7648,863,14541,2209,1068,1141
20360,15779,1235,7650,863,14544,2209,1068,1141
20365,15780,1235,7650,863,14545,2209,1068,1141
20370,15785,1235,7654,863,14550,2209,1068,1141
20375,15787,1235,7654,863,14552,2210,1068,1142
20380,15795,1235,7658,863,14560,2211,1068,1143
20385,15798,1235,7659,863,14563,2211,1068,1143
20390,15803,1235,7661,863,14568,2212,1068,1144
20395,15807,1235,7661,863,14572,2212,1068,1144
20400,15810,1235,7661,863,14575,2212,1068,1144
20405,15811,1235,7662,863,14576,2212,1068,1144
20410,15816,1235,7665,863,14581,2212,1068,1144
20415,15818,1235,7666,863,14583,2213,1069,1144
20420,15826,1235,7673,863,14591,2214,1070,1144
20425,15829,1235,7675,863,14594,2215,1071,1144
20430,15834,1235,7677,863,14599,2216,1072,1144
20435,15838,1235,7679,863,14603,2216,1072,1144
20440,15841,1235,7680,863,14606,2216,1072,1144
20445,15842,1235,7680,863,14607,2216,1072,1144
20450,15847,1236,7684,864,14611,2216,1072,1144
20455,15849,1236,7685,864,14613,2217,1073,1144
20460,15857,1238,7689,866,14619,2217,1073,1144
20465,15860,1239,7692,867,14621,2217,1073,1144
20470,15865,1239,7693,867,14626,2218,1074,1144
20475,15869,1239,7697,867,14630,2218,1074,1144
20480,15872,1239,7699,867,14633,2218,1074,1144
20485,15873,1239,7699,867,14634,2218,1074,1144
20490,15878,1240,7702,867,14638,2218,1074,1144
20495,15880,1240,7703,867,14640,2219,1074,1145
20500,15888,1241,7705,867,14647,2219,1074,1145
20505,15891,1241,7706,867,14650,2219,1074,1145
20510,15896,1241,7708,867,14655,2220,1074,1146
20515,15900,1241,7709,867,14659,2221,1075,1146
20520,15903,1241,7711,867,14662,2221,1075,1146
20525,15904,1241,7711,867,14663,2221,1075,1146
20530,15909,1242,7714,868,14667,2221,1075,1146
20535,15911,1242,7715,868,14669,2222,1076,1146
20540,15919,1243,7718,868,14676,2223,1076,1147
20545,15922,1243,7719,868,14679,2223,1076,1147
20550,15927,1243,7720,868,14684,2224,1076,1148
20555,15931,1243,7720,868,14688,2224,1076,1148
20560,15934,1243,7722,868,14691,2225,1077,1148
20565,15935,1243,7722,868,14692,2225,1077,1148
20570,15940,1244,7725,869,14696,2225,1077,1148
20575,15942,1244,7725,869,14698,2226,1077,1149
20580,15950,1247,7730,871,14702,2227,1078,1149
20585,15953,1248,7730,872,14705,2227,1078,1149
20590,15958,1248,7732,872,14710,2228,1078,1150
20595,15962,1248,7735,872,14714,2228,1078,1150
20600,15965,1248,7736,872,14717,2228,1078,1150
20605,15966,1248,7737,872,14718,2228,1078,1150
20610,15971,1249,7740,873,14722,2228,1078,1150
20615,15973,1249,7742,873,14724,2229,1079,1150
20620,15981,1251,7747,874,14730,2229,1079,1150
20625,15984,1252,7749,875,14732,2229,1079,1150
20630,15989,1253,7754,876,14736,2231,1081,1150
20635,15993,1253,7757,876,14740,2232,1082,1150
20640,15996,1253,7758,876,14743,2232,1082,1150
20645,15997,1253,7758,876,14744,2232,1082,1150
20650,16002,1254,7760,876,14748,2232,1082,1150
20655,16004,1254,7762,876,14750,2233,1083,1150
20660,16012,1256,7767,877,14756,2234,1083,1151
20665,16015,1257,7768,878,14758,2234,1083,1151
20670,16020,1257,7771,878,14763,2235,1084,1151
20675,16024,1257,7775,878,14767,2236,1085,1151
20680,16027,1257,7777,878,14770,2236,1085,1151
20685,16028,1257,7777,878,14771,2236,1085,1151
20690,16033,1258,7780,878,14775,2236,1085,1151
20695,16035,1258,7780,878,14777,2237,1085,1152
20700,16043,1259,7783,879,14784,2238,1085,1153
20705,16046,1259,7785,879,14787,2238,1085,1153
20710,16051,1259,7790,879,14792,2239,1086,1153
20715,16055,1259,7792,879,14796,2239,1086,1153
20720,16058,1259,7793,879,14799,2240,1087,1153
20725,16059,1259,7794,879,14800,2240,1087,1153
20730,16064,1260,7796,880,14804,2240,1087,1153
20735,16066,1260,7798,880,14806,2241,1088,1153
20740,16074,1260,7800,880,14814,2241,1088,1153
20745,16077,1260,7801,880,14817,2241,1088,1153
20750,16082,1260,7803,880,14822,2242,1089,1153
20755,16086,1260,7806,880,14825,2242,1089,1153
20760,16089,1261,7809,881,14828,2243,1090,1153
20765,16090,1261,7809,881,14829,2243,1090,1153
20770,16095,1262,7812,882,14833,2243,1090,1153
20775,16097,1262,7812,882,14835,2244,1090,1154
20780,16105,1263,7818,883,14842,2244,1090,1154
20785,16108,1263,7820,883,14845,2244,1090,1154
20790,16113,1263,7823,883,14850,2245,1091,1154
20795,16117,1263,7824,883,14854,2245,1091,1154
20800,16120,1263,7826,883,14857,2246,1091,1155
20805,16121,1264,7827,884,14857,2246,1091,1155
20810,16126,1265,7830,884,14861,2246,1091,1155
20815,16128,1265,7832,884,14863,2247,1092,1155
20820,16136,1268,7839,887,14868,2248,1093,1155
20825,16139,1269,7841,888,14870,2248,1093,1155
20830,16144,1269,7843,888,14875,2249,1094,1155
20835,16148,1269,7847,888,14879,2249,1094,1155
20840,16151,1269,7848,888,14882,2249,1094,1155
20845,16152,1269,7849,888,14883,2249,1094,1155
20850,16157,1269,7852,888,14888,2249,1094,1155
20855,16159,1269,7853,888,14890,2250,1095,1155
20860,16167,1271,7857,889,14896,2251,1096,1155
20865,16170,1271,7857,889,14899,2251,1096,1155
20870,16175,1271,7859,889,14904,2253,1097,1156
20875,16179,1271,7860,889,14908,2253,1097,1156
20880,16182,1271,7861,889,14911,2253,1097,1156
20885,16183,1271,7861,889,14912,2253,1097,1156
20890,16188,1271,7864,889,14917,2253,1097,1156
20895,16190,1271,7864,889,14919,2254,1097,1157
20900,16198,1272,7866,889,14926,2255,1097,1158
20905,16201,1273,7868,890,14928,2255,1097,1158
20910,16206,1273,7870,890,14933,2256,1097,1159
20915,16210,1273,7873,890,14937,2257,1098,1159
20920,16213,1273,7874,890,14940,2257,1098,1159
20925,16214,1273,7875,890,14941,2257,1098,1159
20930,16219,1274,7879,891,14945,2257,1098,1159
20935,16221,1274,7881,891,14947,2258,1099,1159
20940,16229,1276,7884,892,14953,2259,1099,1160
20945,16232,1276,7886,892,14956,2259,1099,1160
20950,16237,1276,7887,892,14961,2260,1099,1161
20955,16241,1276,7889,892,14965,2260,1099,1161
20960,16244,1276,7891,892,14968,2261,1099,1162
20965,16245,1276,7891,892,14969,2261,1099,1162
20970,16250,1276,7893,892,14974,2261,1099,1162
20975,16252,1276,7894,892,14976,2262,1100,1162
20980,16260,1276,7899,892,14984,2262,1100,1162
20985,16263,1276,7901,892,14987,2262,1100,1162
20990,16268,1276,7902,892,14992,2263,1100,1163
20995,16272,1276,7904,892,14996,2263,1100,1163
21000,16275,1276,7904,892,14999,2264,1100,1164
21005,16276,1276,7905,892,15000,2264,1100,1164
21010,16281,1276,7907,892,15005,2264,1100,1164
21015,16283,1276,7908,892,15007,2265,1101,1164
21020,16291,1276,7912,892,15015,2265,1101,1164
21025,16294,1276,7915,892,15018,2265,1101,1164
21030,16299,1276,7918,892,15023,2266,1102,1164
21035,16303,1276,7919,892,15027,2266,1102,1164
21040,16306,1276,7921,892,15030,2267,1103,1164
21045,16307,1277,7922,893,15030,2267,1103,1164
21050,16312,1278,7924,893,15034,2267,1103,1164
21055,16314,1278,7926,893,15036,2268,1104,1164
21060,16322,1281,7930,895,15041,2269,1104,1165
21065,16325,1282,7931,896,15043,2269,1104,1165
21070,16330,1282,7934,896,15048,2271,1106,1165
21075,16334,1282,7937,896,15052,2271,1106,1165
21080,16337,1282,7938,896,15055,2271,1106,1165
21085,16338,1283,7939,897,15055,2271,1106,1165
21090,16343,1284,7941,897,15059,2271,1106,1165
21095,16345,1284,7941,897,15061,2272,1106,1166
21100,16353,1286,7944,898,15067,2273,1106,1167
21105,16356,1286,7945,898,15070,2273,1106,1167
21110,16361,1286,7947,898,15075,2275,1106,1169
21115,16365,1286,7950,898,15079,2275,1106,1169
21120,16368,1286,7952,898,15082,2275,1106,1169
21125,16369,1286,7952,898,15083,2275,1106,1169
21130,16374,1287,7954,898,15087,2275,1106,1169
21135,16376,1287,7956,898,15089,2276,1107,1169
21140,16384,1288,7959,899,15096,2276,1107,1169
21145,16387,1289,7961,900,15098,2276,1107,1169
21150,16392,1289,7963,900,15103,2278,1107,1171
21155,16396,1289,7966,900,15107,2278,1107,1171
21160,16399,1289,7968,900,15110,2278,1107,1171
21165,16400,1289,7969,900,15111,2278,1107,1171
21170,16405,1290,7971,901,15115,2278,1107,1171
21175,16407,1290,7972,901,15117,2279,1108,1171
21180,16415,1291,7977,902,15124,2279,1108,1171
21185,16418,1291,7978,902,15127,2279,1108,1171
21190,16423,1291,7980,902,15132,2280,1109,1171
21195,16427,1291,7984,902,15135,2280,1109,1171
21200,16430,1292,7986,903,15138,2281,1109,1172
21205,16431,1292,7986,903,15139,2281,1109,1172
21210,16436,1293,7986,903,15143,2281,1109,1172
21215,16438,1293,7987,903,15145,2282,1110,1172
21220,16446,1293,7990,903,15153,2282,1110,1172
21225,16449,1293,7993,903,15156,2282,1110,1172
21230,16454,1293,7996,903,15161,2283,1110,1173
21235,16458,1293,7997,903,15164,2283,1110,1173
21240,16461,1294,7998,904,15167,2284,1110,1174
21245,16462,1294,7999,904,15168,2284,1110,1174
21250,16467,1294,8001,904,15173,2284,1110,1174
21255,16469,1294,8002,904,15175,2285,1111,1174
21260,16477,1294,8007,904,15183,2286,1112,1174
21265,16480,1294,8009,904,15186,2286,1112,1174
21270,16485,1294,8012,904,15191,2288,1113,1175
21275,16489,1294,8012,904,15195,2289,1113,1176
21280,16492,1294,8013,904,15198,2290,1114,1176
21285,16493,1294,8013,904,15199,2290,1114,1176
21290,16498,1294,8015,904,15204,2290,1114,1176
21295,16500,1294,8015,904,15206,2291,1114,1177
21300,16508,1295,8019,905,15213,2292,1114,1178
21305,16511,1295,8020,905,15216,2293,1115,1178
21310,16516,1296,8023,906,15220,2294,1116,1178
21315,16520,1296,8025,906,15224,2294,1116,1178
21320,16523,1296,8027,906,15227,2294,1116,1178
21325,16524,1296,8027,906,15228,2294,1116,1178
21330,16529,1296,8028,906,15233,2294,1116,1178
21335,16531,1296,8028,906,15235,2295,1116,1179
21340,16539,1298,8032,907,15241,2296,1117,1179
21345,16542,1298,8032,907,15244,2297,1117,1180
21350,16547,1299,8037,908,15248,2298,1118,1180
21355,16551,1299,8040,908,15252,2298,1118,1180
21360,16554,1299,8041,908,15255,2298,1118,1180
21365,16555,1299,8041,908,15256,2298,1118,1180
21370,16560,1300,8044,909,15260,2298,1118,1180
21375,16562,1300,8046,909,15262,2299,1119,1180
21380,16570,1301,8048,909,15269,2299,1119,1180
21385,16573,1302,8051,910,15271,2299,1119,1180
21390,16578,1302,8053,910,15276,2301,1120,1181
21395,16582,1302,8054,910,15280,2302,1121,1181
21400,16585,1302,8054,910,15283,2302,1121,1181
21405,16586,1302,8055,910,15284,2302,1121,1181
21410,16591,1303,8058,911,15288,2302,1121,1181
21415,16593,1303,8058,911,15290,2303,1121,1182
21420,16601,1304,8060,911,15297,2303,1121,1182
21425,16604,1304,8062,911,15300,2303,1121,1182
21430,16609,1304,8064,911,15305,2304,1121,1183
21435,16613,1304,8067,911,15308,2304,1121,1183
21440,16616,1305,8069,912,15311,2305,1122,1183
21445,16617,1305,8069,912,15312,2305,1122,1183
21450,16622,1306,8070,912,15316,2305,1122,1183
21455,16624,1306,8072,912,15318,2306,1123,1183
21460,16632,1307,8075,912,15325,2306,1123,1183
21465,16635,1308,8076,913,15327,2306,1123,1183
21470,16640,1308,8078,913,15332,2307,1123,1184
21475,16644,1308,8080,913,15336,2307,1123,1184
21480,16647,1308,8082,913,15339,2308,1124,1184
21485,16648,1308,8082,913,15340,2308,1124,1184
21490,16653,1309,8084,913,15344,2308,1124,1184
21495,16655,1309,8085,913,15346,2309,1124,1185
21500,16663,1310,8090,914,15353,2310,1125,1185
21505,16666,1310,8091,914,15356,2310,1125,1185
21510,16671,1310,8092,914,15361,2311,1125,1186
21515,16675,1310,8095,914,15365,2311,1125,1186
21520,16678,1310,8096,914,15368,2311,1125,1186
21525,16679,1311,8097,915,15368,2311,1125,1186
21530,16684,1312,8100,915,15372,2311,1125,1186
21535,16686,1312,8102,915,15374,2312,1126,1186
21540,16694,1313,8105,916,15381,2313,1127,1186
21545,16697,1313,8105,916,15384,2313,1127,1186
21550,16702,1313,8107,916,15389,2315,1127,1188
21555,16706,1313,8108,916,15393,2315,1127,1188
21560,16709,1313,8108,916,15396,2315,1127,1188
21565,16710,1313,8109,916,15397,2315,1127,1188
21570,16715,1314,8111,917,15401,2315,1127,1188
21575,16717,1314,8112,917,15403,2316,1127,1189
21580,16725,1315,8114,917,15410,2316,1127,1189
21585,16728,1315,8114,917,15413,2316,1127,1189
21590,16733,1315,8117,917,15418,2318,1128,1190
21595,16737,1315,8118,917,15422,2318,1128,1190
21600,16740,1315,8118,917,15425,2319,1128,1191
21605,16741,1315,8118,917,15426,2319,1128,1191
21610,16746,1316,8120,918,15430,2319,1128,1191
21615,16748,1316,8120,918,15432,2320,1128,1192
21620,16756,1318,8125,920,15438,2320,1128,1192
21625,16759,1319,8128,921,15440,2320,1128,1192
21630,16764,1319,8130,921,15445,2321,1128,1193
21635,16768,1319,8131,921,15449,2321,1128,1193
21640,16771,1319,8131,921,15452,2322,1128,1194
21645,16772,1320,8132,922,15452,2322,1128,1194
21650,16777,1321,8134,923,15456,2322,1128,1194
21655,16779,1321,8136,923,15458,2323,1129,1194
21660,16787,1322,8139,923,15465,2324,1129,1195
21665,16790,1322,8140,923,15468,2324,1129,1195
21670,16795,1323,8142,924,15472,2325,1129,1196
21675,16799,1323,8143,924,15476,2325,1129,1196
21680,16802,1323,8145,924,15479,2326,1130,1196
21685,16803,1323,8146,924,15480,2326,1130,1196
21690,16808,1323,8148,924,15485,2326,1130,1196
21695,16810,1323,8150,924,15487,2327,1131,1196
21700,16818,1326,8154,926,15492,2328,1131,1197
21705,16821,1326,8156,926,15495,2328,1131,1197
21710,16826,1326,8159,926,15500,2329,1132,1197
21715,16830,1326,8162,926,15504,2330,1133,1197
21720,16833,1326,8162,926,15507,2331,1133,1198
21725,16834,1326,8163,926,15508,2331,1133,1198
21730,16839,1326,8166,926,15513,2331,1133,1198
21735,16841,1326,8167,926,15515,2332,1133,1199
21740,16849,1326,8169,926,15523,2333,1133,1200
21745,16852,1326,8172,926,15526,2333,1133,1200
21750,16857,1326,8174,926,15531,2334,1134,1200
21755,16861,1326,8175,926,15535,2334,1134,1200
21760,16864,1326,8176,926,15538,2334,1134,1200
21765,16865,1326,8177,926,15539,2334,1134,1200
21770,16870,1327,8178,926,15543,2334,1134,1200
21775,16872,1327,8179,926,15545,2335,1135,1200
21780,16880,1327,8183,926,15553,2336,1136,1200
21785,16883,1327,8184,926,15556,2336,1136,1200
21790,16888,1327,8187,926,15561,2337,1137,1200
21795,16892,1327,8190,926,15565,2338,1137,1201
21800,16895,1327,8191,926,15568,2338,1137,1201
21805,16896,1327,8191,926,15569,2338,1137,1201
21810,16901,1328,8193,927,15573,2338,1137,1201
21815,16903,1328,8195,927,15575,2339,1138,1201
21820,16911,1328,8200,927,15583,2339,1138,1201
21825,16914,1328,8202,927,15586,2339,1138,1201
21830,16919,1328,8205,927,15591,2340,1138,1202
21835,16923,1328,8206,927,15595,2341,1138,1203
21840,16926,1328,8209,927,15598,2342,1139,1203
21845,16927,1328,8209,927,15599,2342,1139,1203
21850,16932,1329,8211,927,15603,2342,1139,1203
21855,16934,1329,8212,927,15605,2343,1139,1204
21860,16942,1330,8215,927,15612,2344,1140,1204
21865,16945,1330,8216,927,15615,2344,1140,1204
21870,16950,1330,8217,927,15620,2346,1140,1206
21875,16954,1330,8220,927,15623,2346,1140,1206
21880,16957,1331,8221,928,15626,2347,1140,1207
21885,16958,1332,8222,929,15626,2347,1140,1207
21890,16963,1333,8225,930,15630,2347,1140,1207
21895,16965,1333,8226,930,15632,2348,1140,1208
21900,16973,1335,8229,931,15638,2349,1140,1209
21905,16976,1335,8231,931,15641,2349,1140,1209
21910,16981,1335,8233,931,15646,2350,1141,1209
21915,16985,1335,8235,931,15650,2350,1141,1209
21920,16988,1335,8237,931,15653,2351,1141,1210
21925,16989,1335,8238,931,15654,2351,1141,1210
21930,16994,1336,8240,931,15658,2351,1141,1210
21935,16996,1336,8240,931,15660,2352,1141,1211
21940,17004,1337,8244,932,15667,2352,1141,1211
21945,17007,1337,8246,932,15670,2352,1141,1211
21950,17012,1337,8249,932,15675,2353,1142,1211
21955,17016,1337,8251,932,15679,2353,1142,1211
21960,17019,1337,8251,932,15682,2354,1142,1212
21965,17020,1337,8251,932,15683,2354,1142,1212
21970,17025,1338,8253,933,15687,2354,1142,1212
21975,17027,1338,8254,933,15689,2355,1143,1212
21980,17035,1339,8258,934,15696,2355,1143,1212
21985,17038,1339,8259,934,15699,2355,1143,1212
21990,17043,1339,8262,934,15704,2356,1143,1213
21995,17047,1339,8266,934,15708,2356,1143,1213
22000,17050,1339,8267,934,15711,2356,1143,1213
22005,17051,1339,8267,934,15712,2356,1143,1213
22010,17056,1340,8270,935,15716,2356,1143,1213
22015,17058,1340,8272,935,15718,2357,1144,1213
22020,17066,1341,8276,935,15725,2358,1145,1213
22025,17069,1341,8277,935,15728,2358,1145,1213
22030,17074,1341,8281,935,15733,2359,1145,1214
22035,17078,1341,8282,935,15737,2359,1145,1214
22040,17081,1341,8285,935,15740,2359,1145,1214
22045,17082,1341,8285,935,15741,2359,1145,1214
22050,17087,1342,8288,935,15745,2359,1145,1214
22055,17089,1342,8290,935,15747,2360,1146,1214
22060,17097,1343,8293,936,15754,2361,1146,1215
22065,17100,1344,8295,937,15756,2361,1146,1215
22070,17105,1344,8298,937,15761,2362,1147,1215
22075,17109,1344,8300,937,15765,2362,1147,1215
22080,17112,1344,8303,937,15768,2363,1148,1215
22085,17113,1344,8303,937,15769,2363,1148,1215
22090,17118,1344,8306,937,15774,2363,1148,1215
22095,17120,1344,8307,937,15776,2364,1148,1216
22100,17128,1345,8310,938,15783,2364,1148,1216
22105,17131,1345,8311,938,15786,2364,1148,1216
22110,17136,1345,8312,938,15791,2366,1148,1218
22115,17140,1345,8315,938,15795,2367,1149,1218
22120,17143,1345,8315,938,15798,2368,1149,1219
22125,17144,1345,8315,938,15799,2368,1149,1219
22130,17149,1345,8319,938,15804,2368,1149,1219
22135,17151,1345,8319,938,15806,2369,1149,1220
22140,17159,1346,8322,938,15813,2369,1149,1220
22145,17162,1347,8325,939,15815,2369,1149,1220
22150,17167,1347,8329,939,15820,2370,1149,1221
22155,17171,1347,8332,939,15824,2370,1149,1221
22160,17174,1347,8334,939,15827,2371,1150,1221
22165,17175,1347,8335,939,15828,2371,1150,1221
22170,17180,1347,8338,939,15833,2371,1150,1221
22175,17182,1347,8339,939,15835,2372,1150,1222
22180,17190,1348,8343,940,15842,2372,1150,1222
22185,17193,1349,8346,941,15844,2372,1150,1222
22190,17198,1349,8347,941,15849,2373,1150,1223
22195,17202,1349,8349,941,15853,2373,1150,1223
22200,17205,1349,8351,941,15856,2374,1150,1224
22205,17206,1350,8352,942,15856,2374,1150,1224
22210,17211,1350,8353,942,15861,2374,1150,1224
22215,17213,1350,8354,942,15863,2375,1150,1225
22220,17221,1351,8356,943,15870,2376,1150,1226
22225,17224,1351,8357,943,15873,2377,1151,1226
22230,17229,1351,8359,943,15878,2378,1152,1226
22235,17233,1351,8361,943,15882,2378,1152,1226
22240,17236,1351,8363,943,15885,2378,1152,1226
22245,17237,1351,8363,943,15886,2378,1152,1226
22250,17242,1351,8364,943,15891,2378,1152,1226
22255,17244,1351,8365,943,15893,2379,1152,1227
22260,17252,1352,8369,944,15900,2380,1152,1228
22265,17255,1353,8370,945,15902,2381,1152,1229
22270,17260,1353,8371,945,15907,2382,1152,1230
22275,17264,1353,8371,945,15911,2382,1152,1230
22280,17267,1353,8373,945,15914,2382,1152,1230
22285,17268,1353,8374,945,15915,2382,1152,1230
22290,17273,1353,8377,945,15920,2382,1152,1230
22295,17275,1353,8379,945,15922,2383,1153,1230
22300,17283,1354,8380,945,15929,2384,1153,1231
22305,17286,1355,8381,946,15931,2385,1153,1232
22310,17291,1355,8382,946,15936,2387,1153,1234
22315,17295,1355,8385,946,15939,2388,1153,1235
22320,17298,1356,8386,947,15942,2389,1154,1235
22325,17299,1356,8386,947,15943,2389,1154,1235
22330,17304,1356,8389,947,15948,2389,1154,1235
22335,17306,1356,8390,947,15950,2390,1154,1236
22340,17314,1356,8394,947,15958,2390,1154,1236
22345,17317,1356,8397,947,15961,2390,1154,1236
22350,17322,1356,8401,947,15966,2391,1154,1237
22355,17326,1356,8403,947,15970,2391,1154,1237
22360,17329,1356,8404,947,15973,2392,1155,1237
22365,17330,1356,8405,947,15974,2392,1155,1237
22370,17335,1356,8407,947,15979,2392,1155,1237
22375,17337,1356,8409,947,15981,2393,1156,1237
22380,17345,1356,8411,947,15989,2393,1156,1237
22385,17348,1356,8412,947,15992,2393,1156,1237
22390,17353,1356,8416,947,15997,2394,1157,1237
22395,17357,1356,8417,947,16001,2394,1157,1237
22400,17360,1356,8418,947,16004,2395,1157,1238
22405,17361,1356,8418,947,16005,2395,1157,1238
22410,17366,1357,8418,947,16009,2395,1157,1238
22415,17368,1357,8418,947,16011,2396,1157,1239
22420,17376,1358,8421,948,16018,2397,1157,1240
22425,17379,1358,8421,948,16021,2397,1157,1240
22430,17384,1358,8424,948,16026,2398,1157,1241
22435,17388,1358,8425,948,16030,2399,1158,1241
22440,17391,1358,8425,948,16033,2400,1158,1242
22445,17392,1358,8425,948,16034,2400,1158,1242
22450,17397,1359,8427,949,16038,2400,1158,1242
22455,17399,1359,8429,949,16040,2401,1159,1242
22460,17407,1361,8432,950,16046,2401,1159,1242
22465,17410,1361,8433,950,16049,2401,1159,1242
22470,17415,1361,8436,950,16054,2403,1160,1243
22475,17419,1361,8439,950,16058,2403,1160,1243
22480,17422,1361,8441,950,16061,2403,1160,1243
22485,17423,1361,8441,950,16062,2403,1160,1243
22490,17428,1362,8443,950,16066,2403,1160,1243
22495,17430,1362,8444,950,16068,2404,1161,1243
22500,17438,1363,8448,950,16074,2404,1161,1243
22505,17441,1365,8450,952,16076,2405,1161,1244
22510,17446,1365,8452,952,16081,2407,1162,1245
22515,17450,1365,8455,952,16085,2407,1162,1245
22520,17453,1365,8455,952,16088,2407,1162,1245
22525,17454,1365,8455,952,16089,2407,1162,1245
22530,17459,1366,8457,952,16093,2407,1162,1245
22535,17461,1366,8458,952,16095,2408,1163,1245
22540,17469,1367,8461,952,16102,2409,1163,1246
22545,17472,1367,8462,952,16105,2410,1164,1246
22550,17477,1367,8464,952,16110,2412,1165,1247
22555,17481,1367,8467,952,16114,2412,1165,1247
22560,17484,1367,8470,952,16117,2413,1166,1247
22565,17485,1367,8471,952,16118,2413,1166,1247
22570,17490,1367,8473,952,16123,2413,1166,1247
22575,17492,1367,8474,952,16125,2414,1167,1247
22580,17500,1368,8476,953,16132,2414,1167,1247
22585,17503,1369,8479,954,16134,2415,1168,1247
22590,17508,1369,8481,954,16139,2416,1169,1247
22595,17512,1369,8483,954,16143,2416,1169,1247
22600,17515,1369,8486,954,16146,2417,1170,1247
22605,17516,1369,8486,954,16147,2417,1170,1247
22610,17521,1369,8487,954,16152,2417,1170,1247
22615,17523,1369,8488,954,16154,2418,1170,1248
22620,17531,1370,8490,955,16161,2418,1170,1248
22625,17534,1371,8493,956,16163,2418,1170,1248
22630,17539,1371,8496,956,16168,2420,1171,1249
22635,17543,1371,8498,956,16172,2420,1171,1249
22640,17546,1371,8500,956,16175,2421,1172,1249
22645,17547,1371,8501,956,16176,2421,1172,1249
22650,17552,1371,8503,956,16181,2421,1172,1249
22655,17554,1371,8503,956,16183,2422,1172,1250
22660,17562,1372,8506,956,16190,2422,1172,1250
22665,17565,1373,8509,957,16192,2422,1172,1250
22670,17570,1374,8512,958,16196,2424,1173,1251
22675,17574,1374,8513,958,16200,2425,1174,1251
22680,17577,1374,8516,958,16203,2426,1175,1251
22685,17578,1374,8516,958,16204,2426,1175,1251
22690,17583,1375,8520,958,16208,2426,1175,1251
22695,17585,1375,8521,958,16210,2427,1175,1252
22700,17593,1375,8523,958,16218,2428,1175,1253
22705,17596,1375,8524,958,16221,2428,1175,1253
22710,17601,1375,8527,958,16226,2429,1175,1254
22715,17605,1375,8530,958,16230,2430,1176,1254
22720,17608,1375,8533,958,16233,2430,1176,1254
22725,17609,1376,8534,959,16233,2430,1176,1254
22730,17614,1377,8536,960,16237,2430,1176,1254
22735,17616,1377,8537,960,16239,2431,1177,1254
22740,17624,1377,8539,960,16247,2432,1177,1255
22745,17627,1377,8540,960,16250,2432,1177,1255
22750,17632,1377,8541,960,16255,2433,1178,1255
22755,17636,1377,8543,960,16259,2433,1178,1255
22760,17639,1377,8546,960,16262,2433,1178,1255
22765,17640,1377,8547,960,16263,2433,1178,1255
22770,17645,1378,8548,960,16267,2433,1178,1255
22775,17647,1378,8550,960,16269,2434,1179,1255
22780,17655,1378,8556,960,16277,2434,1179,1255
22785,17658,1378,8557,960,16280,2434,1179,1255
22790,17663,1378,8561,960,16285,2436,1181,1255
22795,17667,1378,8562,960,16289,2436,1181,1255
22800,17670,1378,8562,960,16292,2437,1181,1256
22805,17671,1378,8563,960,16293,2437,1181,1256
22810,17676,1379,8566,961,16297,2437,1181,1256
22815,17678,1379,8567,961,16299,2438,1181,1257
22820,17686,1381,8571,963,16305,2438,1181,1257
22825,17689,1381,8571,963,16308,2438,1181,1257
22830,17694,1381,8571,963,16313,2439,1181,1258
22835,17698,1381,8573,963,16316,2439,1181,1258
22840,17701,1382,8575,964,16319,2439,1181,1258
22845,17702,1382,8575,964,16320,2439,1181,1258
22850,17707,1383,8578,964,16324,2439,1181,1258
22855,17709,1383,8579,964,16326,2440,1182,1258
22860,17717,1384,8583,965,16333,2441,1182,1259
22865,17720,1384,8584,965,16336,2441,1182,1259
22870,17725,1384,8587,965,16341,2442,1183,1259
22875,17729,1384,8589,965,16345,2442,1183,1259
22880,17732,1384,8590,965,16348,2443,1183,1260
22885,17733,1384,8591,965,16349,2443,1183,1260
22890,17738,1384,8593,965,16354,2443,1183,1260
22895,17740,1384,8594,965,16356,2444,1183,1261
22900,17748,1385,8597,965,16363,2445,1183,1262
22905,17751,1385,8597,965,16366,2445,1183,1262
22910,17756,1386,8602,966,16370,2447,1185,1262
22915,17760,1386,8602,966,16374,2448,1185,1263
22920,17763,1386,8603,966,16377,2448,1185,1263
22925,17764,1386,8603,966,16378,2448,1185,1263
22930,17769,1386,8606,966,16383,2448,1185,1263
22935,17771,1386,8607,966,16385,2449,1186,1263
22940,17779,1387,8611,966,16392,2450,1187,1263
22945,17782,1387,8611,966,16395,2451,1187,1264
22950,17787,1387,8614,966,16400,2452,1188,1264
22955,17791,1387,8616,966,16404,2452,1188,1264
22960,17794,1387,8617,966,16407,2452,1188,1264
22965,17795,1387,8617,966,16408,2452,1188,1264
22970,17800,1388,8619,966,16412,2452,1188,1264
22975,17802,1388,8619,966,16414,2453,1188,1265
22980,17810,1389,8624,967,16421,2454,1188,1266
22985,17813,1389,8626,967,16424,2455,1189,1266
22990,17818,1389,8628,967,16429,2456,1189,1267
22995,17822,1389,8630,967,16433,2456,1189,1267
23000,17825,1389,8631,967,16436,2457,1190,1267
23005,17826,1390,8632,968,16436,2457,1190,1267
23010,17831,1391,8633,968,16440,2457,1190,1267
23015,17833,1391,8634,968,16442,2458,1191,1267
23020,17841,1392,8638,968,16449,2459,1192,1267
23025,17844,1392,8641,968,16452,2460,1193,1267
23030,17849,1392,8643,968,16457,2462,1193,1269
23035,17853,1392,8645,968,16461,2463,1194,1269
23040,17856,1392,8646,968,16464,2464,1195,1269
23045,17857,1392,8647,968,16465,2464,1195,1269
23050,17862,1393,8650,969,16469,2464,1195,1269
23055,17864,1393,8651,969,16471,2465,1195,1270
23060,17872,1394,8655,970,16478,2465,1195,1270
23065,17875,1394,8656,970,16481,2465,1195,1270
23070,17880,1394,8659,970,16486,2466,1196,1270
23075,17884,1394,8662,970,16490,2466,1196,1270
23080,17887,1394,8664,970,16493,2466,1196,1270
23085,17888,1394,8665,970,16494,2466,1196,1270
23090,17893,1395,8667,970,16498,2466,1196,1270
23095,17895,1395,8668,970,16500,2467,1196,1271
23100,17903,1397,8674,972,16506,2467,1196,1271
23105,17906,1397,8674,972,16509,2467,1196,1271
23110,17911,1397,8677,972,16514,2468,1197,1271
23115,17915,1397,8678,972,16518,2468,1197,1271
23120,17918,1397,8679,972,16521,2468,1197,1271
23125,17919,1397,8679,972,16522,2468,1197,1271
23130,17924,1398,8681,972,16526,2468,1197,1271
23135,17926,1398,8682,972,16528,2469,1198,1271
23140,17934,1399,8688,973,16535,2469,1198,1271
23145,17937,1399,8690,973,16538,2469,1198,1271
23150,17942,1399,8692,973,16543,2471,1199,1272
23155,17946,1399,8693,973,16547,2472,1199,1273
23160,17949,1399,8696,973,16550,2473,1200,1273
23165,17950,1399,8697,973,16551,2473,1200,1273
23170,17955,1399,8699,973,16556,2473,1200,1273
23175,17957,1399,8699,973,16558,2474,1200,1274
23180,17965,1399,8705,973,16566,2475,1201,1274
23185,17968,1399,8707,973,16569,2475,1201,1274
23190,17973,1399,8710,973,16574,2476,1201,1275
23195,17977,1399,8712,973,16578,2476,1201,1275
23200,17980,1399,8714,973,16581,2477,1202,1275
23205,17981,1399,8714,973,16582,2477,1202,1275
23210,17986,1399,8716,973,16587,2477,1202,1275
23215,17988,1399,8718,973,16589,2478,1203,1275
23220,17996,1399,8723,973,16597,2479,1204,1275
23225,17999,1399,8724,973,16600,2479,1204,1275
23230,18004,1399,8727,973,16605,2480,1205,1275
23235,18008,1399,8729,973,16609,2480,1205,1275
23240,18011,1399,8731,973,16612,2481,1205,1276
23245,18012,1399,8732,973,16613,2481,1205,1276
23250,18017,1399,8735,973,16618,2481,1205,1276
23255,18019,1399,8736,973,16620,2482,1205,1277
23260,18027,1399,8743,973,16628,2482,1205,1277
23265,18030,1399,8744,973,16631,2482,1205,1277
23270,18035,1399,8747,973,16636,2483,1205,1278
23275,18039,1399,8748,973,16640,2483,1205,1278
23280,18042,1399,8750,973,16643,2484,1206,1278
23285,18043,1399,8750,973,16644,2484,1206,1278
23290,18048,1400,8755,974,16648,2484,1206,1278
23295,18050,1400,8755,974,16650,2485,1206,1279
23300,18058,1401,8759,975,16657,2486,1206,1280
23305,18061,1402,8762,976,16659,2487,1207,1280
23310,18066,1402,8764,976,16664,2488,1207,1281
23315,18070,1402,8768,976,16668,2488,1207,1281
23320,18073,1402,8770,976,16671,2488,1207,1281
23325,18074,1403,8771,977,16671,2488,1207,1281
23330,18079,1404,8772,977,16675,2488,1207,1281
23335,18081,1404,8772,977,16677,2489,1207,1282
23340,18089,1405,8774,977,16684,2490,1208,1282
23345,18092,1405,8774,977,16687,2491,1208,1283
23350,18097,1405,8776,977,16692,2492,1209,1283
23355,18101,1405,8777,977,16696,2492,1209,1283
23360,18104,1405,8778,977,16699,2492,1209,1283
23365,18105,1406,8779,978,16699,2492,1209,1283
23370,18110,1407,8782,979,16703,2492,1209,1283
23375,18112,1407,8783,979,16705,2493,1210,1283
23380,18120,1409,8786,981,16711,2494,1210,1284
23385,18123,1410,8788,982,16713,2494,1210,1284
23390,18128,1410,8791,982,16718,2495,1211,1284
23395,18132,1410,8792,982,16722,2495,1211,1284
23400,18135,1410,8793,982,16725,2496,1212,1284
23405,18136,1410,8794,982,16726,2496,1212,1284
23410,18141,1411,8797,983,16730,2496,1212,1284
23415,18143,1411,8799,983,16732,2497,1213,1284
23420,18151,1411,8802,983,16740,2497,1213,1284
23425,18154,1411,8805,983,16743,2497,1213,1284
23430,18159,1411,8808,983,16748,2499,1215,1284
23435,18163,1411,8809,983,16751,2499,1215,1284
23440,18166,1412,8809,984,16754,2499,1215,1284
23445,18167,1412,8809,984,16755,2499,1215,1284
23450,18172,1413,8810,984,16759,2499,1215,1284
23455,18174,1413,8811,984,16761,2500,1215,1285
23460,18182,1414,8815,985,16768,2500,1215,1285
23465,18185,1414,8816,985,16771,2500,1215,1285
23470,18190,1414,8820,985,16776,2501,1216,1285
23475,18194,1414,8823,985,16780,2501,1216,1285
23480,18197,1414,8824,985,16783,2501,1216,1285
23485,18198,1414,8825,985,16784,2501,1216,1285
23490,18203,1415,8829,986,16788,2501,1216,1285
23495,18205,1415,8830,986,16790,2502,1216,1286
23500,18213,1415,8832,986,16798,2502,1216,1286
23505,18216,1415,8833,986,16801,2502,1216,1286
23510,18221,1415,8836,986,16806,2503,1217,1286
23515,18225,1415,8839,986,16810,2503,1217,1286
23520,18228,1415,8841,986,16813,2503,1217,1286
23525,18229,1415,8842,986,16814,2503,1217,1286
23530,18234,1415,8845,986,16819,2503,1217,1286
23535,18236,1415,8845,986,16821,2504,1217,1287
23540,18244,1416,8850,987,16828,2505,1217,1288
23545,18247,1416,8853,987,16831,2505,1217,1288
23550,18252,1416,8855,987,16836,2506,1218,1288
23555,18256,1416,8857,987,16840,2506,1218,1288
23560,18259,1416,8858,987,16843,2506,1218,1288
23565,18260,1416,8859,987,16844,2506,1218,1288
23570,18265,1416,8860,987,16849,2506,1218,1288
23575,18267,1416,8861,987,16851,2507,1219,1288
23580,18275,1417,8867,987,16858,2508,1220,1288
23585,18278,1418,8868,988,16860,2508,1220,1288
23590,18283,1418,8871,988,16865,2510,1222,1288
23595,18287,1418,8872,988,16869,2510,1222,1288
23600,18290,1418,8873,988,16872,2510,1222,1288
23605,18291,1418,8873,988,16873,2510,1222,1288
23610,18296,1418,8873,988,16878,2510,1222,1288
23615,18298,1418,8873,988,16880,2511,1222,1289
23620,18306,1420,8878,990,16886,2512,1222,1290
23625,18309,1420,8878,990,16889,2512,1222,1290
23630,18314,1420,8881,990,16894,2514,1224,1290
23635,18318,1420,8883,990,16898,2514,1224,1290
23640,18321,1420,8885,990,16901,2515,1224,1291
23645,18322,1420,8885,990,16902,2515,1224,1291
23650,18327,1421,8888,990,16906,2515,1224,1291
23655,18329,1421,8889,990,16908,2516,1225,1291
23660,18337,1423,8893,991,16914,2516,1225,1291
23665,18340,1424,8895,992,16916,2516,1225,1291
23670,18345,1424,8898,992,16921,2518,1226,1292
23675,18349,1424,8899,992,16924,2518,1226,1292
23680,18352,1425,8901,993,16927,2519,1226,1293
23685,18353,1425,8901,993,16928,2519,1226,1293
23690,18358,1426,8904,993,16932,2519,1226,1293
23695,18360,1426,8905,993,16934,2520,1227,1293
23700,18368,1428,8910,994,16940,2520,1227,1293
23705,18371,1429,8912,995,16942,2520,1227,1293
23710,18376,1429,8914,995,16947,2521,1227,1294
23715,18380,1429,8917,995,16950,2521,1227,1294
23720,18383,1430,8919,996,16953,2522,1227,1295
23725,18384,1430,8920,996,16954,2522,1227,1295
23730,18389,1431,8923,996,16958,2522,1227,1295
23735,18391,1431,8925,996,16960,2523,1228,1295
23740,18399,1433,8930,997,16966,2523,1228,1295
23745,18402,1434,8931,998,16968,2523,1228,1295
23750,18407,1434,8934,998,16973,2524,1228,1296
23755,18411,1434,8937,998,16976,2524,1228,1296
23760,18414,1435,8939,999,16979,2525,1229,1296
23765,18415,1435,8940,999,16980,2525,1229,1296
23770,18420,1435,8944,999,16985,2525,1229,1296
23775,18422,1435,8944,999,16987,2526,1229,1297
23780,18430,1438,8950,1002,16992,2527,1230,1297
23785,18433,1438,8951,1002,16995,2527,1230,1297
23790,18438,1438,8953,1002,17000,2528,1230,1298
23795,18442,1438,8955,1002,17004,2528,1230,1298
23800,18445,1438,8956,1002,17007,2528,1230,1298
23805,18446,1438,8956,1002,17008,2528,1230,1298
23810,18451,1438,8961,1002,17013,2528,1230,1298
23815,18453,1438,8962,1002,17015,2529,1230,1299
23820,18461,1438,8967,1002,17023,2530,1231,1299
23825,18464,1438,8968,1002,17026,2530,1231,1299
23830,18469,1438,8971,1002,17031,2531,1232,1299
23835,18473,1438,8971,1002,17035,2531,1232,1299
23840,18476,1438,8972,1002,17038,2531,1232,1299
23845,18477,1438,8972,1002,17039,2531,1232,1299
23850,18482,1438,8974,1002,17044,2531,1232,1299
23855,18484,1438,8976,1002,17046,2532,1233,1299
23860,18492,1438,8978,1002,17054,2532,1233,1299
23865,18495,1438,8980,1002,17057,2532,1233,1299
23870,18500,1438,8980,1002,17062,2533,1233,1300
23875,18504,1438,8984,1002,17066,2533,1233,1300
23880,18507,1438,8986,1002,17069,2533,1233,1300
23885,18508,1439,8987,1003,17069,2533,1233,1300
23890,18513,1440,8989,1003,17073,2533,1233,1300
23895,18515,1440,8990,1003,17075,2534,1234,1300
23900,18523,1442,8993,1004,17081,2535,1234,1301
23905,18526,1442,8994,1004,17084,2536,1234,1302
23910,18531,1442,8997,1004,17089,2537,1235,1302
23915,18535,1442,8998,1004,17093,2538,1235,1303
23920,18538,1442,8999,1004,17096,2538,1235,1303
23925,18539,1443,9000,1005,17096,2538,1235,1303
23930,18544,1444,9001,1006,17100,2538,1235,1303
23935,18546,1444,9001,1006,17102,2539,1235,1304
23940,18554,1446,9005,1008,17108,2540,1236,1304
23945,18557,1446,9006,1008,17111,2540,1236,1304
23950,18562,1446,9011,1008,17116,2541,1237,1304
23955,18566,1446,9013,1008,17120,2541,1237,1304
23960,18569,1446,9015,1008,17123,2541,1237,1304
23965,18570,1446,9016,1008,17124,2541,1237,1304
23970,18575,1446,9020,1008,17129,2541,1237,1304
23975,18577,1446,9021,1008,17131,2542,1237,1305
23980,18585,1447,9025,1009,17138,2542,1237,1305
23985,18588,1448,9026,1010,17140,2542,1237,1305
23990,18593,1448,9029,1010,17145,2544,1238,1306
23995,18597,1448,9032,1010,17149,2544,1238,1306
24000,18600,1448,9032,1010,17152,2544,1238,1306
24005,18601,1448,9033,1010,17153,2544,1238,1306
24010,18606,1448,9035,1010,17158,2544,1238,1306
24015,18608,1448,9035,1010,17160,2545,1238,1307
24020,18616,1449,9038,1011,17167,2545,1238,1307
24025,18619,1449,9040,1011,17170,2545,1238,1307
24030,18624,1449,9042,1011,17175,2546,1239,1307
24035,18628,1449,9043,1011,17179,2546,1239,1307
24040,18631,1449,9045,1011,17182,2546,1239,1307
24045,18632,1449,9046,1011,17183,2546,1239,1307
24050,18637,1450,9046,1011,17187,2546,1239,1307
24055,18639,1450,9046,1011,17189,2547,1239,1308
24060,18647,1452,9053,1013,17195,2548,1240,1308
24065,18650,1453,9055,1014,17197,2549,1240,1309
24070,18655,1453,9059,1014,17202,2550,1240,1310
24075,18659,1453,9060,1014,17206,2550,1240,1310
24080,18662,1453,9061,1014,17209,2551,1240,1311
24085,18663,1453,9061,1014,17210,2551,1240,1311
24090,18668,1453,9065,1014,17215,2551,1240,1311
24095,18670,1453,9066,1014,17217,2552,1240,1312
24100,18678,1454,9072,1015,17224,2552,1240,1312
24105,18681,1454,9072,1015,17227,2553,1240,1313
24110,18686,1454,9074,1015,17232,2554,1241,1313
24115,18690,1454,9076,1015,17236,2555,1241,1314
24120,18693,1454,9076,1015,17239,2556,1241,1315
24125,18694,1454,9076,1015,17240,2556,1241,1315
24130,18699,1454,9078,1015,17245,2556,1241,1315
24135,18701,1454,9078,1015,17247,2557,1241,1316
24140,18709,1455,9082,1016,17254,2557,1241,1316
24145,18712,1455,9082,1016,17257,2557,1241,1316
24150,18717,1455,9085,1016,17262,2559,1241,1318
24155,18721,1455,9087,1016,17266,2560,1241,1319
24160,18724,1455,9089,1016,17269,2560,1241,1319
24165,18725,1455,9089,1016,17270,2560,1241,1319
24170,18730,1456,9094,1017,17274,2560,1241,1319
24175,18732,1456,9096,1017,17276,2561,1242,1319
24180,18740,1458,9101,1019,17282,2561,1242,1319
24185,18743,1459,9104,1020,17284,2561,1242,1319
24190,18748,1459,9106,1020,17289,2562,1242,1320
24195,18752,1459,9109,1020,17293,2562,1242,1320
24200,18755,1459,9109,1020,17296,2562,1242,1320
24205,18756,1459,9109,1020,17297,2562,1242,1320
24210,18761,1460,9113,1021,17301,2562,1242,1320
24215,18763,1460,9113,1021,17303,2563,1242,1321
24220,18771,1462,9115,1022,17309,2564,1242,1322
24225,18774,1463,9117,1023,17311,2564,1242,1322
24230,18779,1463,9118,1023,17316,2565,1243,1322
24235,18783,1463,9118,1023,17320,2565,1243,1322
24240,18786,1463,9120,1023,17323,2565,1243,1322
24245,18787,1463,9121,1023,17324,2565,1243,1322
24250,18792,1463,9123,1023,17329,2565,1243,1322
24255,18794,1463,9125,1023,17331,2566,1244,1322
24260,18802,1464,9132,1024,17338,2567,1245,1322
24265,18805,1464,9132,1024,17341,2567,1245,1322
24270,18810,1464,9135,1024,17346,2569,1246,1323
24275,18814,1464,9136,1024,17350,2569,1246,1323
24280,18817,1464,9137,1024,17353,2569,1246,1323
24285,18818,1464,9137,1024,17354,2569,1246,1323
24290,18823,1464,9139,1024,17359,2569,1246,1323
24295,18825,1464,9139,1024,17361,2570,1246,1324
24300,18833,1465,9142,1025,17368,2571,1246,1325
24305,18836,1465,9144,1025,17371,2571,1246,1325
24310,18841,1465,9148,1025,17376,2572,1247,1325
24315,18845,1465,9151,1025,17380,2572,1247,1325
24320,18848,1465,9153,1025,17383,2572,1247,1325
24325,18849,1465,9154,1025,17384,2572,1247,1325
24330,18854,1465,9156,1025,17389,2572,1247,1325
24335,18856,1465,9158,1025,17391,2573,1248,1325
24340,18864,1466,9162,1025,17398,2574,1249,1325
24345,18867,1466,9164,1025,17401,2574,1249,1325
24350,18872,1466,9167,1025,17406,2575,1250,1325
24355,18876,1466,9170,1025,17410,2575,1250,1325
24360,18879,1466,9173,1025,17413,2576,1251,1325
24365,18880,1466,9173,1025,17414,2576,1251,1325
24370,18885,1466,9176,1025,17419,2576,1251,1325
24375,18887,1466,9178,1025,17421,2577,1252,1325
24380,18895,1467,9179,1025,17428,2577,1252,1325
24385,18898,1467,9180,1025,17431,2577,1252,1325
24390,18903,1467,9185,1025,17436,2578,1253,1325
24395,18907,1467,9188,1025,17440,2578,1253,1325
24400,18910,1467,9189,1025,17443,2579,1253,1326
24405,18911,1467,9189,1025,17444,2579,1253,1326
24410,18916,1467,9191,1025,17449,2579,1253,1326
24415,18918,1467,9192,1025,17451,2580,1254,1326
24420,18926,1469,9195,1026,17457,2580,1254,1326
24425,18929,1470,9197,1027,17459,2580,1254,1326
24430,18934,1470,9199,1027,17464,2581,1254,1327
24435,18938,1470,9201,1027,17468,2581,1254,1327
24440,18941,1470,9201,1027,17471,2582,1254,1328
24445,18942,1470,9202,1027,17472,2582,1254,1328
24450,18947,1470,9206,1027,17477,2582,1254,1328
24455,18949,1470,9207,1027,17479,2583,1254,1329
24460,18957,1471,9209,1028,17486,2583,1254,1329
24465,18960,1472,9210,1029,17488,2583,1254,1329
24470,18965,1472,9211,1029,17493,2584,1255,1329
24475,18969,1472,9215,1029,17496,2584,1255,1329
24480,18972,1473,9217,1030,17499,2585,1256,1329
24485,18973,1473,9217,1030,17500,2585,1256,1329
24490,18978,1473,9221,1030,17505,2585,1256,1329
24495,18980,1473,9222,1030,17507,2586,1257,1329
24500,18988,1473,9226,1030,17515,2586,1257,1329
24505,18991,1473,9227,1030,17518,2587,1257,1330
24510,18996,1473,9228,1030,17523,2588,1257,1331
24515,19000,1473,9229,1030,17527,2588,1257,1331
24520,19003,1473,9230,1030,17530,2588,1257,1331
24525,19004,1473,9230,1030,17531,2588,1257,1331
24530,19009,1473,9232,1030,17536,2588,1257,1331
24535,19011,1473,9232,1030,17538,2589,1257,1332
24540,19019,1473,9236,1030,17546,2589,1257,1332
24545,19022,1473,9238,1030,17549,2589,1257,1332
24550,19027,1473,9240,1030,17554,2590,1257,1333
24555,19031,1473,9241,1030,17558,2590,1257,1333
24560,19034,1473,9244,1030,17561,2590,1257,1333
24565,19035,1473,9245,1030,17562,2590,1257,1333
24570,19040,1473,9247,1030,17567,2590,1257,1333
24575,19042,1473,9248,1030,17569,2591,1257,1334
24580,19050,1473,9252,1030,17577,2591,1257,1334
24585,19053,1473,9254,1030,17580,2591,1257,1334
24590,19058,1473,9254,1030,17585,2592,1257,1335
24595,19062,1473,9256,1030,17589,2592,1257,1335
24600,19065,1473,9256,1030,17592,2592,1257,1335
24605,19066,1474,9257,1031,17592,2592,1257,1335
24610,19071,1475,9259,1031,17596,2592,1257,1335
24615,19073,1475,9261,1031,17598,2593,1258,1335
24620,19081,1477,9266,1032,17604,2594,1259,1335
24625,19084,1477,9266,1032,17607,2594,1259,1335
24630,19089,1477,9270,1032,17612,2595,1260,1335
24635,19093,1477,9274,1032,17616,2595,1260,1335
24640,19096,1477,9276,1032,17619,2596,1261,1335
24645,19097,1478,9277,1033,17619,2596,1261,1335
24650,19102,1479,9279,1034,17623,2596,1261,1335
24655,19104,1479,9280,1034,17625,2597,1262,1335
24660,19112,1480,9283,1034,17632,2598,1263,1335
24665,19115,1480,9283,1034,17635,2598,1263,1335
24670,19120,1480,9287,1034,17640,2599,1264,1335
24675,19124,1480,9290,1034,17644,2599,1264,1335
24680,19127,1480,9292,1034,17647,2600,1265,1335
24685,19128,1480,9293,1034,17648,2600,1265,1335
24690,19133,1480,9296,1034,17653,2600,1265,1335
24695,19135,1480,9297,1034,17655,2601,1266,1335
24700,19143,1482,9302,1036,17661,2601,1266,1335
24705,19146,1482,9303,1036,17664,2601,1266,1335
24710,19151,1482,9304,1036,17669,2603,1267,1336
24715,19155,1482,9305,1036,17673,2604,1267,1337
24720,19158,1482,9306,1036,17676,2605,1268,1337
24725,19159,1482,9306,1036,17677,2605,1268,1337
24730,19164,1482,9309,1036,17682,2605,1268,1337
24735,19166,1482,9310,1036,17684,2606,1269,1337
24740,19174,1483,9312,1036,17691,2606,1269,1337
24745,19177,1483,9314,1036,17694,2606,1269,1337
24750,19182,1483,9317,1036,17699,2607,1270,1337
24755,19186,1483,9319,1036,17703,2607,1270,1337
24760,19189,1483,9321,1036,17706,2608,1271,1337
24765,19190,1483,9322,1036,17707,2608,1271,1337
24770,19195,1483,9326,1036,17712,2608,1271,1337
24775,19197,1483,9328,1036,17714,2609,1272,1337
24780,19205,1484,9333,1037,17721,2610,1273,1337
24785,19208,1484,9334,1037,17724,2610,1273,1337
24790,19213,1484,9336,1037,17729,2611,1273,1338
24795,19217,1484,9337,1037,17733,2611,1273,1338
24800,19220,1484,9340,1037,17736,2612,1274,1338
24805,19221,1484,9340,1037,17737,2612,1274,1338
24810,19226,1485,9342,1038,17741,2612,1274,1338
24815,19228,1485,9342,1038,17743,2613,1274,1339
24820,19236,1487,9346,1039,17749,2613,1274,1339
24825,19239,1487,9346,1039,17752,2613,1274,1339
24830,19244,1487,9348,1039,17757,2614,1274,1340
24835,19248,1487,9350,1039,17761,2615,1275,1340
24840,19251,1487,9350,1039,17764,2616,1275,1341
24845,19252,1487,9351,1039,17765,2616,1275,1341
24850,19257,1488,9353,1039,17769,2616,1275,1341
24855,19259,1488,9355,1039,17771,2617,1276,1341
24860,19267,1490,9358,1041,17777,2617,1276,1341
24865,19270,1490,9360,1041,17780,2618,1277,1341
24870,19275,1490,9363,1041,17785,2620,1278,1342
24875,19279,1490,9365,1041,17788,2620,1278,1342
24880,19282,1491,9366,1042,17791,2621,1278,1343
24885,19283,1491,9366,1042,17792,2621,1278,1343
24890,19288,1492,9368,1042,17796,2621,1278,1343
24895,19290,1492,9368,1042,17798,2622,1278,1344
24900,19298,1494,9371,1044,17804,2623,1278,1345
24905,19301,1495,9373,1045,17806,2623,1278,1345
24910,19306,1495,9374,1045,17811,2624,1279,1345
24915,19310,1495,9376,1045,17815,2624,1279,1345
24920,19313,1495,9377,1045,17818,2624,1279,1345
24925,19314,1495,9377,1045,17819,2624,1279,1345
24930,19319,1496,9380,1046,17823,2624,1279,1345
24935,19321,1496,9381,1046,17825,2625,1279,1346
24940,19329,1497,9385,1047,17832,2626,1279,1347
24945,19332,1497,9387,1047,17835,2626,1279,1347
24950,19337,1497,9391,1047,17840,2627,1280,1347
24955,19341,1497,9392,1047,17844,2627,1280,1347
24960,19344,1497,9394,1047,17847,2627,1280,1347
24965,19345,1497,9394,1047,17848,2627,1280,1347
24970,19350,1497,9397,1047,17853,2627,1280,1347
24975,19352,1497,9398,1047,17855,2628,1281,1347
24980,19360,1499,9402,1049,17861,2628,1281,1347
24985,19363,1499,9402,1049,17864,2628,1281,1347
24990,19368,1499,9406,1049,17869,2629,1282,1347
24995,19372,1499,9409,1049,17873,2629,1282,1347
25000,19375,1499,9409,1049,17876,2630,1282,1348
25005,19376,1499,9409,1049,17877,2630,1282,1348
25010,19381,1499,9413,1049,17882,2630,1282,1348
25015,19383,1499,9414,1049,17884,2631,1283,1348
25020,19391,1500,9417,1050,17891,2631,1283,1348
25025,19394,1500,9417,1050,17894,2631,1283,1348
25030,19399,1500,9420,1050,17899,2632,1283,1349
25035,19403,1500,9422,1050,17903,2632,1283,1349
25040,19406,1500,9423,1050,17906,2633,1283,1350
25045,19407,1500,9424,1050,17907,2633,1283,1350
25050,19412,1500,9426,1050,17912,2633,1283,1350
25055,19414,1500,9428,1050,17914,2634,1284,1350
25060,19422,1500,9433,1050,17922,2634,1284,1350
25065,19425,1500,9434,1050,17925,2634,1284,1350
25070,19430,1500,9435,1050,17930,2635,1285,1350
25075,19434,1500,9439,1050,17933,2635,1285,1350
25080,19437,1501,9440,1051,17936,2636,1285,1351
25085,19438,1501,9440,1051,17937,2636,1285,1351
25090,19443,1502,9443,1052,17941,2636,1285,1351
25095,19445,1502,9444,1052,17943,2637,1286,1351
25100,19453,1503,9449,1053,17950,2638,1286,1352
25105,19456,1503,9451,1053,17953,2638,1286,1352
25110,19461,1503,9454,1053,17958,2639,1286,1353
25115,19465,1503,9455,1053,17962,2639,1286,1353
25120,19468,1503,9456,1053,17965,2639,1286,1353
25125,19469,1504,9457,1054,17965,2639,1286,1353
25130,19474,1505,9460,1055,17969,2639,1286,1353
25135,19476,1505,9460,1055,17971,2640,1286,1354
25140,19484,1508,9464,1057,17976,2641,1286,1355
25145,19487,1509,9466,1058,17978,2641,1286,1355
25150,19492,1509,9470,1058,17983,2642,1286,1356
25155,19496,1509,9471,1058,17987,2642,1286,1356
25160,19499,1509,9472,1058,17990,2642,1286,1356
25165,19500,1509,9472,1058,17991,2642,1286,1356
25170,19505,1510,9473,1058,17995,2642,1286,1356
25175,19507,1510,9475,1058,17997,2643,1287,1356
25180,19515,1512,9478,1059,18003,2644,1288,1356
25185,19518,1513,9480,1060,18005,2645,1289,1356
25190,19523,1513,9484,1060,18010,2646,1289,1357
25195,19527,1513,9486,1060,18013,2646,1289,1357
25200,19530,1514,9488,1061,18016,2647,1290,1357
25205,19531,1514,9489,1061,18017,2647,1290,1357
25210,19536,1514,9490,1061,18022,2647,1290,1357
25215,19538,1514,9490,1061,18024,2648,1290,1358
25220,19546,1516,9496,1063,18030,2648,1290,1358
25225,19549,1517,9499,1064,18032,2649,1291,1358
25230,19554,1517,9500,1064,18037,2651,1291,1360
25235,19558,1517,9501,1064,18041,2651,1291,1360
25240,19561,1517,9502,1064,18044,2652,1291,1361
25245,19562,1517,9503,1064,18045,2652,1291,1361
25250,19567,1517,9505,1064,18050,2652,1291,1361
25255,19569,1517,9506,1064,18052,2653,1292,1361
25260,19577,1518,9510,1065,18059,2653,1292,1361
25265,19580,1519,9512,1066,18061,2653,1292,1361
25270,19585,1519,9514,1066,18066,2654,1292,1362
25275,19589,1519,9517,1066,18070,2654,1292,1362
25280,19592,1519,9517,1066,18073,2655,1292,1363
25285,19593,1519,9518,1066,18074,2655,1292,1363
25290,19598,1519,9521,1066,18079,2655,1292,1363
25295,19600,1519,9523,1066,18081,2656,1293,1363
25300,19608,1521,9525,1067,18087,2657,1293,1364
25305,19611,1521,9526,1067,18090,2657,1293,1364
25310,19616,1521,9528,1067,18095,2658,1293,1365
25315,19620,1521,9529,1067,18099,2659,1293,1366
25320,19623,1521,9530,1067,18102,2660,1293,1367
25325,19624,1521,9531,1067,18103,2660,1293,1367
25330,19629,1521,9533,1067,18108,2660,1293,1367
25335,19631,1521,9534,1067,18110,2661,1293,1368
25340,19639,1523,9540,1069,18116,2661,1293,1368
25345,19642,1523,9541,1069,18119,2661,1293,1368
25350,19647,1523,9542,1069,18124,2662,1294,1368
25355,19651,1523,9543,1069,18128,2663,1294,1369
25360,19654,1523,9544,1069,18131,2663,1294,1369
25365,19655,1523,9545,1069,18132,2663,1294,1369
25370,19660,1524,9549,1070,18136,2663,1294,1369
25375,19662,1524,9549,1070,18138,2664,1294,1370
25380,19670,1526,9554,1072,18144,2664,1294,1370
25385,19673,1526,9555,1072,18147,2665,1294,1371
25390,19678,1526,9557,1072,18152,2666,1294,1372
25395,19682,1526,9559,1072,18156,2667,1295,1372
25400,19685,1526,9560,1072,18159,2667,1295,1372
25405,19686,1527,9561,1073,18159,2667,1295,1372
25410,19691,1528,9564,1073,18163,2667,1295,1372
25415,19693,1528,9565,1073,18165,2668,1295,1373
25420,19701,1529,9570,1074,18172,2669,1295,1374
25425,19704,1529,9571,1074,18175,2670,1295,1375
25430,19709,1529,9573,1074,18180,2672,1296,1376
25435,19713,1529,9575,1074,18184,2673,1297,1376
25440,19716,1529,9577,1074,18187,2674,1298,1376
25445,19717,1529,9577,1074,18188,2674,1298,1376
25450,19722,1530,9578,1075,18192,2674,1298,1376
25455,19724,1530,9579,1075,18194,2675,1298,1377
25460,19732,1531,9585,1075,18201,2675,1298,1377
25465,19735,1532,9587,1076,18203,2676,1298,1378
25470,19740,1532,9590,1076,18208,2678,1299,1379
25475,19744,1532,9594,1076,18211,2678,1299,1379
25480,19747,1533,9596,1077,18214,2679,1299,1380
25485,19748,1533,9597,1077,18215,2679,1299,1380
25490,19753,1534,9599,1078,18219,2679,1299,1380
25495,19755,1534,9600,1078,18221,2680,1300,1380
25500,19763,1537,9604,1080,18226,2680,1300,1380
25505,19766,1537,9604,1080,18229,2680,1300,1380
25510,19771,1537,9607,1080,18234,2681,1300,1381
25515,19775,1537,9608,1080,18238,2681,1300,1381
25520,19778,1537,9611,1080,18241,2681,1300,1381
25525,19779,1537,9612,1080,18242,2681,1300,1381
25530,19784,1538,9613,1080,18246,2681,1300,1381
25535,19786,1538,9614,1080,18248,2682,1300,1382
25540,19794,1538,9617,1080,18256,2682,1300,1382
25545,19797,1538,9619,1080,18259,2682,1300,1382
25550,19802,1538,9621,1080,18264,2683,1301,1382
25555,19806,1538,9625,1080,18268,2684,1302,1382
25560,19809,1538,9628,1080,18271,2684,1302,1382
25565,19810,1538,9628,1080,18272,2684,1302,1382
25570,19815,1539,9630,1081,18276,2684,1302,1382
25575,19817,1539,9631,1081,18278,2685,1303,1382
25580,19825,1539,9634,1081,18286,2686,1303,1383
25585,19828,1539,9636,1081,18289,2687,1304,1383
25590,19833,1539,9637,1081,18294,2688,1304,1384
25595,19837,1539,9640,1081,18298,2689,1305,1384
25600,19840,1539,9641,1081,18301,2689,1305,1384
25605,19841,1540,9642,1082,18301,2689,1305,1384
25610,19846,1541,9646,1083,18305,2689,1305,1384
25615,19848,1541,9646,1083,18307,2690,1305,1385
25620,19856,1544,9651,1085,18312,2691,1306,1385
25625,19859,1544,9652,1085,18315,2692,1307,1385
25630,19864,1544,9657,1085,18320,2693,1308,1385
25635,19868,1544,9658,1085,18324,2693,1308,1385
25640,19871,1544,9660,1085,18327,2694,1308,1386
25645,19872,1544,9661,1085,18328,2694,1308,1386
25650,19877,1544,9663,1085,18333,2694,1308,1386
25655,19879,1544,9663,1085,18335,2695,1308,1387
25660,19887,1545,9666,1085,18342,2695,1308,1387
25665,19890,1546,9668,1086,18344,2696,1309,1387
25670,19895,1546,9670,1086,18349,2698,1310,1388
25675,19899,1546,9673,1086,18353,2698,1310,1388
25680,19902,1546,9674,1086,18356,2699,1310,1389
25685,19903,1546,9674,1086,18357,2699,1310,1389
25690,19908,1546,9676,1086,18362,2699,1310,1389
25695,19910,1546,9677,1086,18364,2700,1311,1389
25700,19918,1547,9680,1086,18371,2700,1311,1389
25705,19921,1548,9682,1087,18373,2700,1311,1389
25710,19926,1548,9684,1087,18378,2701,1311,1390
25715,19930,1548,9686,1087,18382,2701,1311,1390
25720,19933,1548,9687,1087,18385,2702,1311,1391
25725,19934,1548,9688,1087,18386,2702,1311,1391
25730,19939,1549,9690,1087,18390,2702,1311,1391
25735,19941,1549,9691,1087,18392,2703,1312,1391
25740,19949,1550,9693,1088,18399,2704,1312,1392
25745,19952,1551,9695,1089,18401,2704,1312,1392
25750,19957,1551,9697,1089,18406,2705,1312,1393
25755,19961,1551,9697,1089,18410,2705,1312,1393
25760,19964,1551,9699,1089,18413,2705,1312,1393
25765,19965,1551,9699,1089,18414,2705,1312,1393
25770,19970,1551,9702,1089,18419,2705,1312,1393
25775,19972,1551,9703,1089,18421,2706,1313,1393
25780,19980,1553,9707,1090,18427,2707,1313,1394
25785,19983,1553,9708,1090,18430,2707,1313,1394
25790,19988,1553,9709,1090,18435,2708,1313,1395
25795,19992,1553,9710,1090,18439,2709,1314,1395
25800,19995,1553,9712,1090,18442,2709,1314,1395
25805,19996,1553,9713,1090,18443,2709,1314,1395
25810,20001,1553,9715,1090,18448,2709,1314,1395
25815,20003,1553,9716,1090,18450,2710,1315,1395
25820,20011,1553,9720,1090,18458,2711,1315,1396
25825,20014,1553,9721,1090,18461,2711,1315,1396
25830,20019,1553,9725,1090,18466,2712,1316,1396
25835,20023,1553,9728,1090,18470,2712,1316,1396
25840,20026,1553,9729,1090,18473,2712,1316,1396
25845,20027,1553,9729,1090,18474,2712,1316,1396
25850,20032,1554,9730,1090,18478,2712,1316,1396
25855,20034,1554,9731,1090,18480,2713,1317,1396
25860,20042,1554,9735,1090,18488,2714,1318,1396
25865,20045,1554,9736,1090,18491,2714,1318,1396
25870,20050,1554,9738,1090,18496,2716,1318,1398
25875,20054,1554,9741,1090,18500,2716,1318,1398
25880,20057,1554,9743,1090,18503,2716,1318,1398
25885,20058,1554,9744,1090,18504,2716,1318,1398
25890,20063,1555,9749,1091,18508,2716,1318,1398
25895,20065,1555,9749,1091,18510,2717,1318,1399
25900,20073,1555,9754,1091,18518,2717,1318,1399
25905,20076,1555,9756,1091,18521,2717,1318,1399
25910,20081,1555,9758,1091,18526,2718,1319,1399
25915,20085,1555,9760,1091,18530,2718,1319,1399
25920,20088,1555,9762,1091,18533,2718,1319,1399
25925,20089,1555,9762,1091,18534,2718,1319,1399
25930,20094,1556,9765,1091,18538,2718,1319,1399
25935,20096,1556,9767,1091,18540,2719,1320,1399
25940,20104,1558,9772,1093,18546,2719,1320,1399
25945,20107,1559,9773,1094,18548,2720,1320,1400
25950,20112,1559,9774,1094,18553,2721,1320,1401
25955,20116,1559,9774,1094,18557,2722,1320,1402
25960,20119,1559,9775,1094,18560,2722,1320,1402
25965,20120,1559,9776,1094,18561,2722,1320,1402
25970,20125,1560,9777,1094,18565,2722,1320,1402
25975,20127,1560,9777,1094,18567,2723,1320,1403
25980,20135,1562,9781,1095,18573,2724,1320,1404
25985,20138,1563,9783,1096,18575,2724,1320,1404
25990,20143,1563,9786,1096,18580,2725,1321,1404
25995,20147,1563,9787,1096,18584,2725,1321,1404
26000,20150,1563,9788,1096,18587,2726,1321,1405
26005,20151,1563,9788,1096,18588,2726,1321,1405
26010,20156,1564,9790,1097,18592,2726,1321,1405
26015,20158,1564,9791,1097,18594,2727,1322,1405
26020,20166,1565,9794,1098,18601,2728,1322,1406
26025,20169,1565,9794,1098,18604,2728,1322,1406
26030,20174,1565,9795,1098,18609,2729,1322,1407
26035,20178,1565,9798,1098,18612,2729,1322,1407
26040,20181,1566,9800,1099,18615,2730,1322,1408
26045,20182,1566,9801,1099,18616,2730,1322,1408
26050,20187,1567,9802,1100,18620,2730,1322,1408
26055,20189,1567,9803,1100,18622,2731,1323,1408
26060,20197,1568,9808,1100,18629,2731,1323,1408
26065,20200,1569,9810,1101,18631,2731,1323,1408
26070,20205,1569,9811,1101,18636,2732,1323,1409
26075,20209,1569,9813,1101,18639,2732,1323,1409
26080,20212,1570,9815,1102,18642,2733,1323,1410
26085,20213,1570,9816,1102,18643,2733,1323,1410
26090,20218,1571,9819,1102,18647,2733,1323,1410
26095,20220,1571,9820,1102,18649,2734,1324,1410
26100,20228,1573,9822,1104,18655,2734,1324,1410
26105,20231,1573,9823,1104,18658,2734,1324,1410
26110,20236,1573,9827,1104,18663,2735,1325,1410
26115,20240,1573,9829,1104,18667,2735,1325,1410
26120,20243,1573,9829,1104,18670,2736,1325,1411
26125,20244,1573,9830,1104,18671,2736,1325,1411
26130,20249,1573,9831,1104,18676,2736,1325,1411
26135,20251,1573,9833,1104,18678,2737,1326,1411
26140,20259,1575,9836,1105,18684,2737,1326,1411
26145,20262,1575,9836,1105,18687,2737,1326,1411
26150,20267,1575,9839,1105,18692,2738,1327,1411
26155,20271,1575,9841,1105,18696,2738,1327,1411
26160,20274,1575,9842,1105,18699,2739,1327,1412
26165,20275,1575,9843,1105,18700,2739,1327,1412
26170,20280,1575,9845,1105,18705,2739,1327,1412
26175,20282,1575,9845,1105,18707,2740,1327,1413
26180,20290,1576,9846,1105,18714,2741,1327,1414
26185,20293,1576,9846,1105,18717,2741,1327,1414
26190,20298,1576,9848,1105,18722,2742,1327,1415
26195,20302,1576,9850,1105,18726,2742,1327,1415
26200,20305,1576,9852,1105,18729,2743,1328,1415
26205,20306,1576,9853,1105,18730,2743,1328,1415
26210,20311,1576,9855,1105,18735,2743,1328,1415
26215,20313,1576,9856,1105,18737,2744,1328,1416
26220,20321,1578,9858,1106,18743,2745,1329,1416
26225,20324,1578,9860,1106,18746,2746,1329,1417
26230,20329,1578,9863,1106,18751,2747,1329,1418
26235,20333,1578,9866,1106,18755,2747,1329,1418
26240,20336,1578,9867,1106,18758,2747,1329,1418
26245,20337,1578,9868,1106,18759,2747,1329,1418
26250,20342,1578,9870,1106,18764,2747,1329,1418
26255,20344,1578,9870,1106,18766,2748,1329,1419
26260,20352,1578,9873,1106,18774,2749,1330,1419
26265,20355,1578,9874,1106,18777,2750,1331,1419
26270,20360,1578,9875,1106,18782,2751,1331,1420
26275,20364,1578,9878,1106,18786,2751,1331,1420
26280,20367,1578,9880,1106,18789,2751,1331,1420
26285,20368,1578,9881,1106,18790,2751,1331,1420
26290,20373,1579,9883,1107,18794,2751,1331,1420
26295,20375,1579,9884,1107,18796,2752,1332,1420
26300,20383,1581,9890,1109,18802,2752,1332,1420
26305,20386,1581,9892,1109,18805,2753,1333,1420
26310,20391,1581,9894,1109,18810,2754,1334,1420
26315,20395,1581,9897,1109,18814,2754,1334,1420
26320,20398,1581,9899,1109,18817,2754,1334,1420
26325,20399,1581,9899,1109,18818,2754,1334,1420
26330,20404,1582,9900,1110,18822,2754,1334,1420
26335,20406,1582,9900,1110,18824,2755,1334,1421
26340,20414,1585,9906,1113,18829,2755,1334,1421
26345,20417,1585,9907,1113,18832,2755,1334,1421
26350,20422,1585,9909,1113,18837,2757,1335,1422
26355,20426,1585,9911,1113,18840,2757,1335,1422
26360,20429,1586,9912,1114,18843,2758,1335,1423
26365,20430,1586,9912,1114,18844,2758,1335,1423
26370,20435,1587,9915,1115,18848,2758,1335,1423
26375,20437,1587,9915,1115,18850,2759,1335,1424
26380,20445,1588,9920,1116,18857,2759,1335,1424
26385,20448,1588,9922,1116,18860,2759,1335,1424
26390,20453,1588,9924,1116,18865,2761,1337,1424
26395,20457,1588,9924,1116,18869,2761,1337,1424
26400,20460,1588,9924,1116,18872,2762,1337,1425
26405,20461,1589,9925,1117,18872,2762,1337,1425
26410,20466,1590,9930,1118,18876,2762,1337,1425
26415,20468,1590,9932,1118,18878,2763,1338,1425
26420,20476,1590,9934,1118,18886,2764,1338,1426
26425,20479,1590,9936,1118,18889,2764,1338,1426
26430,20484,1590,9939,1118,18894,2765,1339,1426
26435,20488,1590,9940,1118,18898,2765,1339,1426
26440,20491,1590,9942,1118,18901,2766,1339,1427
26445,20492,1590,9943,1118,18902,2766,1339,1427
26450,20497,1590,9946,1118,18907,2766,1339,1427
26455,20499,1590,9947,1118,18909,2767,1340,1427
26460,20507,1592,9951,1119,18915,2767,1340,1427
26465,20510,1592,9952,1119,18918,2768,1341,1427
26470,20515,1592,9956,1119,18923,2769,1342,1427
26475,20519,1592,9958,1119,18927,2769,1342,1427
26480,20522,1592,9959,1119,18930,2769,1342,1427
26485,20523,1592,9960,1119,18931,2769,1342,1427
26490,20528,1592,9962,1119,18936,2769,1342,1427
26495,20530,1592,9963,1119,18938,2770,1342,1428
26500,20538,1593,9964,1119,18945,2770,1342,1428
26505,20541,1594,9966,1120,18947,2771,1342,1429
26510,20546,1594,9968,1120,18952,2773,1343,1430
26515,20550,1594,9970,1120,18956,2773,1343,1430
26520,20553,1594,9972,1120,18959,2773,1343,1430
26525,20554,1594,9972,1120,18960,2773,1343,1430
26530,20559,1595,9974,1121,18964,2773,1343,1430
26535,20561,1595,9974,1121,18966,2774,1343,1431
26540,20569,1597,9978,1123,18972,2774,1343,1431
26545,20572,1598,9979,1124,18974,2775,1343,1432
26550,20577,1598,9982,1124,18979,2777,1344,1433
26555,20581,1598,9984,1124,18983,2777,1344,1433
26560,20584,1598,9984,1124,18986,2778,1344,1434
26565,20585,1598,9985,1124,18987,2778,1344,1434
26570,20590,1599,9986,1124,18991,2778,1344,1434
26575,20592,1599,9988,1124,18993,2779,1345,1434
26580,20600,1601,9992,1125,18999,2780,1346,1434
26585,20603,1602,9994,1126,19001,2780,1346,1434
26590,20608,1602,9999,1126,19006,2781,1347,1434
26595,20612,1602,10003,1126,19009,2782,1348,1434
26600,20615,1603,10006,1127,19012,2783,1349,1434
26605,20616,1603,10006,1127,19013,2783,1349,1434
26610,20621,1604,10010,1128,19017,2783,1349,1434
26615,20623,1604,10011,1128,19019,2784,1350,1434
26620,20631,1604,10016,1128,19027,2784,1350,1434
26625,20634,1604,10017,1128,19030,2784,1350,1434
26630,20639,1604,10019,1128,19035,2785,1350,1435
26635,20643,1604,10021,1128,19039,2786,1351,1435
26640,20646,1604,10022,1128,19042,2787,1351,1436
26645,20647,1604,10022,1128,19043,2787,1351,1436
26650,20652,1605,10024,1129,19047,2787,1351,1436
26655,20654,1605,10025,1129,19049,2788,1351,1437
26660,20662,1605,10029,1129,19057,2788,1351,1437
26665,20665,1605,10030,1129,19060,2788,1351,1437
26670,20670,1605,10033,1129,19065,2789,1352,1437
26675,20674,1605,10036,1129,19069,2789,1352,1437
26680,20677,1605,10036,1129,19072,2789,1352,1437
26685,20678,1606,10037,1130,19072,2789,1352,1437
26690,20683,1607,10039,1130,19076,2789,1352,1437
26695,20685,1607,10040,1130,19078,2790,1353,1437
26700,20693,1608,10043,1131,19085,2791,1354,1437
26705,20696,1608,10044,1131,19088,2792,1355,1437
26710,20701,1608,10047,1131,19093,2793,1356,1437
26715,20705,1608,10049,1131,19097,2793,1356,1437
26720,20708,1608,10049,1131,19100,2793,1356,1437
26725,20709,1608,10049,1131,19101,2793,1356,1437
26730,20714,1608,10051,1131,19106,2793,1356,1437
26735,20716,1608,10051,1131,19108,2794,1356,1438
26740,20724,1609,10054,1132,19115,2795,1356,1439
26745,20727,1609,10055,1132,19118,2795,1356,1439
26750,20732,1609,10058,1132,19123,2796,1357,1439
26755,20736,1609,10061,1132,19127,2796,1357,1439
26760,20739,1609,10063,1132,19130,2796,1357,1439
26765,20740,1609,10064,1132,19131,2796,1357,1439
26770,20745,1609,10068,1132,19136,2796,1357,1439
26775,20747,1609,10068,1132,19138,2797,1357,1440
26780,20755,1611,10070,1133,19144,2798,1357,1441
26785,20758,1612,10072,1134,19146,2798,1357,1441
26790,20763,1612,10076,1134,19151,2800,1359,1441
26795,20767,1612,10077,1134,19155,2800,1359,1441
26800,20770,1612,10078,1134,19158,2800,1359,1441
26805,20771,1612,10078,1134,19159,2800,1359,1441
26810,20776,1613,10079,1135,19163,2800,1359,1441
26815,20778,1613,10080,1135,19165,2801,1359,1442
26820,20786,1615,10083,1136,19171,2802,1360,1442
26825,20789,1615,10084,1136,19174,2803,1360,1443
26830,20794,1615,10087,1136,19179,2804,1361,1443
26835,20798,1615,10089,1136,19182,2805,1361,1444
26840,20801,1616,10092,1137,19185,2806,1362,1444
26845,20802,1616,10092,1137,19186,2806,1362,1444
26850,20807,1617,10095,1137,19190,2806,1362,1444
26855,20809,1617,10096,1137,19192,2807,1362,1445
26860,20817,1617,10101,1137,19200,2807,1362,1445
26865,20820,1617,10102,1137,19203,2808,1362,1446
26870,20825,1617,10105,1137,19208,2809,1363,1446
26875,20829,1617,10106,1137,19212,2810,1363,1447
26880,20832,1617,10109,1137,19215,2811,1364,1447
26885,20833,1617,10109,1137,19216,2811,1364,1447
26890,20838,1618,10113,1138,19220,2811,1364,1447
26895,20840,1618,10113,1138,19222,2812,1364,1448
26900,20848,1618,10119,1138,19230,2812,1364,1448
26905,20851,1618,10120,1138,19233,2813,1364,1449
26910,20856,1618,10124,1138,19238,2815,1366,1449
26915,20860,1618,10124,1138,19242,2816,1366,1450
26920,20863,1618,10127,1138,19245,2817,1367,1450
26925,20864,1619,10128,1139,19245,2817,1367,1450
26930,20869,1620,10130,1139,19249,2817,1367,1450
26935,20871,1620,10130,1139,19251,2818,1367,1451
26940,20879,1621,10133,1139,19258,2819,1368,1451
26945,20882,1622,10134,1140,19260,2819,1368,1451
26950,20887,1622,10136,1140,19265,2820,1368,1452
26955,20891,1622,10138,1140,19269,2820,1368,1452
26960,20894,1622,10138,1140,19272,2820,1368,1452
26965,20895,1622,10139,1140,19273,2820,1368,1452
26970,20900,1622,10142,1140,19278,2820,1368,1452
26975,20902,1622,10144,1140,19280,2821,1369,1452
26980,20910,1624,10149,1142,19286,2822,1370,1452
26985,20913,1625,10151,1143,19288,2822,1370,1452
26990,20918,1625,10152,1143,19293,2823,1370,1453
26995,20922,1625,10154,1143,19297,2823,1370,1453
27000,20925,1625,10155,1143,19300,2823,1370,1453
27005,20926,1625,10156,1143,19301,2823,1370,1453
27010,20931,1625,10158,1143,19306,2823,1370,1453
27015,20933,1625,10160,1143,19308,2824,1371,1453
27020,20941,1625,10163,1143,19316,2825,1371,1454
27025,20944,1625,10163,1143,19319,2825,1371,1454
27030,20949,1625,10164,1143,19324,2826,1371,1455
27035,20953,1625,10166,1143,19328,2826,1371,1455
27040,20956,1625,10168,1143,19331,2826,1371,1455
27045,20957,1625,10168,1143,19332,2826,1371,1455
27050,20962,1626,10169,1143,19336,2826,1371,1455
27055,20964,1626,10169,1143,19338,2827,1371,1456
27060,20972,1627,10175,1144,19345,2828,1371,1457
27065,20975,1627,10176,1144,19348,2828,1371,1457
27070,20980,1627,10178,1144,19353,2829,1371,1458
27075,20984,1627,10181,1144,19357,2830,1372,1458
27080,20987,1627,10181,1144,19360,2830,1372,1458
27085,20988,1627,10182,1144,19361,2830,1372,1458
27090,20993,1628,10185,1144,19365,2830,1372,1458
27095,20995,1628,10186,1144,19367,2831,1372,1459
27100,21003,1628,10189,1144,19375,2831,1372,1459
27105,21006,1628,10192,1144,19378,2831,1372,1459
27110,21011,1628,10193,1144,19383,2832,1372,1460
27115,21015,1628,10193,1144,19387,2833,1372,1461
27120,21018,1628,10193,1144,19390,2833,1372,1461
27125,21019,1628,10193,1144,19391,2833,1372,1461
27130,21024,1629,10196,1145,19395,2833,1372,1461
27135,21026,1629,10197,1145,19397,2834,1372,1462
27140,21034,1631,10200,1146,19403,2835,1372,1463
27145,21037,1632,10201,1147,19405,2835,1372,1463
27150,21042,1632,10203,1147,19410,2837,1372,1465
27155,21046,1632,10205,1147,19414,2838,1372,1466
27160,21049,1632,10208,1147,19417,2838,1372,1466
27165,21050,1632,10208,1147,19418,2838,1372,1466
27170,21055,1633,10212,1148,19422,2838,1372,1466
27175,21057,1633,10212,1148,19424,2839,1372,1467
27180,21065,1635,10216,1149,19430,2840,1372,1468
27185,21068,1635,10216,1149,19433,2840,1372,1468
27190,21073,1635,10218,1149,19438,2841,1373,1468
27195,21077,1635,10220,1149,19442,2841,1373,1468
27200,21080,1635,10221,1149,19445,2842,1374,1468
27205,21081,1635,10221,1149,19446,2842,1374,1468
27210,21086,1636,10226,1150,19450,2842,1374,1468
27215,21088,1636,10227,1150,19452,2843,1375,1468
27220,21096,1637,10230,1151,19459,2843,1375,1468
27225,21099,1637,10230,1151,19462,2843,1375,1468
27230,21104,1637,10234,1151,19467,2844,1376,1468
27235,21108,1637,10234,1151,19471,2844,1376,1468
27240,21111,1637,10236,1151,19474,2845,1377,1468
27245,21112,1638,10237,1152,19474,2845,1377,1468
27250,21117,1639,10239,1153,19478,2845,1377,1468
27255,21119,1639,10239,1153,19480,2846,1377,1469
27260,21127,1641,10244,1155,19486,2847,1377,1470
27265,21130,1642,10247,1156,19488,2847,1377,1470
27270,21135,1642,10250,1156,19493,2848,1377,1471
27275,21139,1642,10252,1156,19496,2848,1377,1471
27280,21142,1643,10252,1157,19499,2849,1377,1472
27285,21143,1643,10252,1157,19500,2849,1377,1472
27290,21148,1644,10254,1157,19504,2849,1377,1472
27295,21150,1644,10255,1157,19506,2850,1377,1473
27300,21158,1645,10259,1158,19513,2851,1377,1474
27305,21161,1646,10260,1159,19515,2851,1377,1474
27310,21166,1646,10262,1159,19520,2852,1377,1475
27315,21170,1646,10263,1159,19524,2852,1377,1475
27320,21173,1646,10263,1159,19527,2853,1377,1476
27325,21174,1646,10263,1159,19528,2853,1377,1476
27330,21179,1646,10267,1159,19533,2853,1377,1476
27335,21181,1646,10268,1159,19535,2854,1378,1476
27340,21189,1647,10272,1159,19542,2854,1378,1476
27345,21192,1647,10272,1159,19545,2854,1378,1476
27350,21197,1647,10273,1159,19550,2855,1378,1477
27355,21201,1647,10276,1159,19554,2855,1378,1477
27360,21204,1647,10277,1159,19557,2856,1378,1478
27365,21205,1647,10277,1159,19558,2856,1378,1478
27370,21210,1647,10279,1159,19563,2856,1378,1478
27375,21212,1647,10281,1159,19565,2857,1379,1478
27380,21220,1647,10286,1159,19573,2857,1379,1478
27385,21223,1647,10288,1159,19576,2857,1379,1478
27390,21228,1647,10292,1159,19581,2858,1380,1478
27395,21232,1647,10294,1159,19585,2858,1380,1478
27400,21235,1647,10297,1159,19588,2859,1381,1478
27405,21236,1647,10298,1159,19589,2859,1381,1478
27410,21241,1648,10300,1159,19593,2859,1381,1478
27415,21243,1648,10301,1159,19595,2860,1382,1478
27420,21251,1649,10306,1160,19602,2861,1383,1478
27425,21254,1649,10308,1160,19605,2861,1383,1478
27430,21259,1649,10312,1160,19610,2862,1384,1478
27435,21263,1649,10312,1160,19614,2862,1384,1478
27440,21266,1649,10314,1160,19617,2862,1384,1478
27445,21267,1649,10314,1160,19618,2862,1384,1478
27450,21272,1650,10316,1161,19622,2862,1384,1478
27455,21274,1650,10316,1161,19624,2863,1384,1479
27460,21282,1650,10317,1161,19632,2864,1384,1480
27465,21285,1650,10319,1161,19635,2864,1384,1480
27470,21290,1650,10323,1161,19640,2865,1385,1480
27475,21294,1650,10325,1161,19644,2865,1385,1480
27480,21297,1650,10327,1161,19647,2865,1385,1480
27485,21298,1650,10327,1161,19648,2865,1385,1480
27490,21303,1651,10328,1161,19652,2865,1385,1480
27495,21305,1651,10329,1161,19654,2866,1386,1480
27500,21313,1652,10333,1162,19661,2867,1387,1480
27505,21316,1652,10333,1162,19664,2867,1387,1480
27510,21321,1652,10333,1162,19669,2869,1387,1482
27515,21325,1652,10335,1162,19673,2870,1388,1482
27520,21328,1652,10336,1162,19676,2870,1388,1482
27525,21329,1652,10336,1162,19677,2870,1388,1482
27530,21334,1653,10339,1162,19681,2870,1388,1482
27535,21336,1653,10341,1162,19683,2871,1389,1482
27540,21344,1656,10346,1165,19688,2872,1389,1483
27545,21347,1656,10348,1165,19691,2873,1390,1483
27550,21352,1656,10350,1165,19696,2874,1391,1483
27555,21356,1656,10350,1165,19700,2874,1391,1483
27560,21359,1656,10352,1165,19703,2875,1391,1484
27565,21360,1656,10353,1165,19704,2875,1391,1484
27570,21365,1657,10355,1166,19708,2875,1391,1484
27575,21367,1657,10356,1166,19710,2876,1392,1484
27580,21375,1659,10360,1167,19716,2876,1392,1484
27585,21378,1659,10361,1167,19719,2877,1393,1484
27590,21383,1659,10365,1167,19724,2878,1394,1484
27595,21387,1659,10367,1167,19727,2878,1394,1484
27600,21390,1660,10368,1168,19730,2879,1394,1485
27605,21391,1661,10369,1169,19730,2879,1394,1485
27610,21396,1662,10371,1169,19734,2879,1394,1485
27615,21398,1662,10373,1169,19736,2880,1395,1485
27620,21406,1663,10377,1170,19743,2881,1396,1485
27625,21409,1663,10377,1170,19746,2882,1396,1486
27630,21414,1663,10380,1170,19751,2883,1396,1487
27635,21418,1663,10381,1170,19755,2883,1396,1487
27640,21421,1663,10382,1170,19758,2883,1396,1487
27645,21422,1663,10382,1170,19759,2883,1396,1487
27650,21427,1664,10383,1170,19763,2883,1396,1487
27655,21429,1664,10385,1170,19765,2884,1397,1487
27660,21437,1666,10391,1172,19771,2885,1397,1488
27665,21440,1666,10391,1172,19774,2885,1397,1488
27670,21445,1666,10393,1172,19779,2887,1397,1490
27675,21449,1666,10396,1172,19783,2888,1398,1490
27680,21452,1666,10399,1172,19786,2888,1398,1490
27685,21453,1666,10400,1172,19787,2888,1398,1490
27690,21458,1667,10401,1173,19791,2888,1398,1490
27695,21460,1667,10403,1173,19793,2889,1399,1490
27700,21468,1670,10409,1176,19798,2889,1399,1490
27705,21471,1670,10411,1176,19801,2889,1399,1490
27710,21476,1670,10416,1176,19806,2891,1401,1490
27715,21480,1670,10418,1176,19809,2892,1401,1491
27720,21483,1671,10420,1177,19812,2893,1401,1492
27725,21484,1671,10421,1177,19813,2893,1401,1492
27730,21489,1672,10421,1177,19817,2893,1401,1492
27735,21491,1672,10422,1177,19819,2894,1402,1492
27740,21499,1673,10424,1178,19826,2894,1402,1492
27745,21502,1673,10426,1178,19829,2894,1402,1492
27750,21507,1673,10427,1178,19834,2895,1402,1493
27755,21511,1673,10429,1178,19837,2896,1402,1494
27760,21514,1674,10429,1179,19840,2897,1402,1495
27765,21515,1674,10429,1179,19841,2897,1402,1495
27770,21520,1675,10432,1179,19845,2897,1402,1495
27775,21522,1675,10433,1179,19847,2898,1402,1496
27780,21530,1677,10438,1180,19853,2899,1403,1496
27785,21533,1677,10439,1180,19856,2899,1403,1496
27790,21538,1677,10440,1180,19861,2900,1403,1497
27795,21542,1677,10443,1180,19865,2900,1403,1497
27800,21545,1677,10444,1180,19868,2901,1403,1498
27805,21546,1677,10444,1180,19869,2901,1403,1498
27810,21551,1677,10447,1180,19874,2901,1403,1498
27815,21553,1677,10449,1180,19876,2902,1404,1498
27820,21561,1679,10452,1181,19882,2903,1405,1498
27825,21564,1679,10453,1181,19885,2903,1405,1498
27830,21569,1679,10458,1181,19890,2904,1406,1498
27835,21573,1679,10461,1181,19894,2904,1406,1498
27840,21576,1679,10463,1181,19897,2905,1406,1499
27845,21577,1679,10463,1181,19898,2905,1406,1499
27850,21582,1679,10466,1181,19903,2905,1406,1499
27855,21584,1679,10468,1181,19905,2906,1407,1499
27860,21592,1679,10472,1181,19913,2906,1407,1499
27865,21595,1679,10472,1181,19916,2906,1407,1499
27870,21600,1679,10475,1181,19921,2907,1408,1499
27875,21604,1679,10477,1181,19925,2907,1408,1499
27880,21607,1679,10480,1181,19928,2907,1408,1499
27885,21608,1679,10481,1181,19929,2907,1408,1499
27890,21613,1679,10485,1181,19934,2907,1408,1499
27895,21615,1679,10487,1181,19936,2908,1409,1499
27900,21623,1679,10490,1181,19944,2908,1409,1499
27905,21626,1679,10490,1181,19947,2908,1409,1499
27910,21631,1679,10494,1181,19952,2909,1409,1500
27915,21635,1679,10494,1181,19956,2909,1409,1500
27920,21638,1679,10495,1181,19959,2909,1409,1500
27925,21639,1679,10496,1181,19960,2909,1409,1500
27930,21644,1679,10500,1181,19965,2909,1409,1500
27935,21646,1679,10501,1181,19967,2910,1410,1500
27940,21654,1679,10506,1181,19975,2910,1410,1500
27945,21657,1679,10507,1181,19978,2910,1410,1500
27950,21662,1679,10511,1181,19983,2911,1411,1500
27955,21666,1679,10513,1181,19987,2911,1411,1500
27960,21669,1679,10515,1181,19990,2911,1411,1500
27965,21670,1680,10516,1182,19990,2911,1411,1500
27970,21675,1681,10516,1182,19994,2911,1411,1500
27975,21677,1681,10517,1182,19996,2912,1411,1501
27980,21685,1682,10521,1182,20003,2913,1411,1502
27985,21688,1683,10523,1183,20005,2913,1411,1502
27990,21693,1683,10526,1183,20010,2915,1413,1502
27995,21697,1683,10527,1183,20014,2916,1413,1503
28000,21700,1683,10529,1183,20017,2917,1413,1504
28005,21701,1684,10530,1184,20017,2917,1413,1504
28010,21706,1685,10534,1185,20021,2917,1413,1504
28015,21708,1685,10535,1185,20023,2918,1414,1504
28020,21716,1686,10537,1185,20030,2919,1414,1505
28025,21719,1687,10539,1186,20032,2919,1414,1505
28030,21724,1687,10541,1186,20037,2920,1414,1506
28035,21728,1687,10542,1186,20041,2920,1414,1506
28040,21731,1687,10543,1186,20044,2921,1414,1507
28045,21732,1687,10543,1186,20045,2921,1414,1507
28050,21737,1687,10545,1186,20050,2921,1414,1507
28055,21739,1687,10546,1186,20052,2922,1415,1507
28060,21747,1688,10550,1187,20059,2922,1415,1507
28065,21750,1688,10550,1187,20062,2922,1415,1507
28070,21755,1688,10553,1187,20067,2923,1416,1507
28075,21759,1688,10555,1187,20071,2923,1416,1507
28080,21762,1688,10557,1187,20074,2924,1416,1508
28085,21763,1688,10558,1187,20075,2924,1416,1508
28090,21768,1688,10560,1187,20080,2924,1416,1508
28095,21770,1688,10561,1187,20082,2925,1417,1508
28100,21778,1690,10565,1189,20088,2925,1417,1508
28105,21781,1690,10566,1189,20091,2925,1417,1508
28110,21786,1690,10568,1189,20096,2926,1417,1509
28115,21790,1690,10570,1189,20100,2926,1417,1509
28120,21793,1690,10571,1189,20103,2927,1417,1510
28125,21794,1690,10571,1189,20104,2927,1417,1510
28130,21799,1691,10572,1189,20108,2927,1417,1510
28135,21801,1691,10572,1189,20110,2928,1417,1511
28140,21809,1692,10575,1190,20117,2929,1417,1512
28145,21812,1692,10575,1190,20120,2929,1417,1512
28150,21817,1692,10578,1190,20125,2931,1418,1513
28155,21821,1692,10581,1190,20128,2931,1418,1513
28160,21824,1693,10582,1191,20131,2932,1418,1514
28165,21825,1693,10582,1191,20132,2932,1418,1514
28170,21830,1694,10586,1192,20136,2932,1418,1514
28175,21832,1694,10587,1192,20138,2933,1418,1515
28180,21840,1696,10593,1194,20144,2934,1419,1515
28185,21843,1696,10596,1194,20147,2934,1419,1515
28190,21848,1696,10600,1194,20152,2936,1420,1516
28195,21852,1696,10601,1194,20156,2936,1420,1516
28200,21855,1696,10603,1194,20159,2937,1421,1516
28205,21856,1696,10603,1194,20160,2937,1421,1516
28210,21861,1696,10606,1194,20165,2937,1421,1516
28215,21863,1696,10607,1194,20167,2938,1421,1517
28220,21871,1699,10612,1197,20172,2938,1421,1517
28225,21874,1699,10612,1197,20175,2938,1421,1517
28230,21879,1699,10615,1197,20180,2939,1422,1517
28235,21883,1699,10618,1197,20184,2939,1422,1517
28240,21886,1699,10619,1197,20187,2939,1422,1517
28245,21887,1699,10619,1197,20188,2939,1422,1517
28250,21892,1699,10624,1197,20193,2939,1422,1517
28255,21894,1699,10625,1197,20195,2940,1423,1517
28260,21902,1701,10629,1199,20201,2940,1423,1517
28265,21905,1701,10629,1199,20204,2940,1423,1517
28270,21910,1701,10630,1199,20209,2941,1423,1518
28275,21914,1701,10633,1199,20213,2942,1423,1519
28280,21917,1701,10636,1199,20216,2942,1423,1519
28285,21918,1701,10637,1199,20217,2942,1423,1519
28290,21923,1701,10640,1199,20222,2942,1423,1519
28295,21925,1701,10640,1199,20224,2943,1423,1520
28300,21933,1701,10645,1199,20232,2944,1423,1521
28305,21936,1701,10648,1199,20235,2944,1423,1521
28310,21941,1701,10650,1199,20240,2945,1424,1521
28315,21945,1701,10653,1199,20244,2946,1424,1522
28320,21948,1701,10654,1199,20247,2946,1424,1522
28325,21949,1701,10654,1199,20248,2946,1424,1522
28330,21954,1702,10657,1200,20252,2946,1424,1522
28335,21956,1702,10658,1200,20254,2947,1424,1523
28340,21964,1702,10661,1200,20262,2947,1424,1523
28345,21967,1702,10663,1200,20265,2947,1424,1523
28350,21972,1702,10665,1200,20270,2948,1424,1524
28355,21976,1702,10666,1200,20274,2948,1424,1524
28360,21979,1702,10668,1200,20277,2949,1424,1525
28365,21980,1702,10669,1200,20278,2949,1424,1525
28370,21985,1703,10672,1200,20282,2949,1424,1525
28375,21987,1703,10673,1200,20284,2950,1424,1526
28380,21995,1704,10675,1200,20291,2950,1424,1526
28385,21998,1704,10675,1200,20294,2950,1424,1526
28390,22003,1704,10678,1200,20299,2951,1425,1526
28395,22007,1704,10680,1200,20303,2951,1425,1526
28400,22010,1704,10681,1200,20306,2951,1425,1526
28405,22011,1704,10681,1200,20307,2951,1425,1526
28410,22016,1705,10685,1201,20311,2951,1425,1526
28415,22018,1705,10686,1201,20313,2952,1426,1526
28420,22026,1707,10689,1202,20319,2952,1426,1526
28425,22029,1708,10691,1203,20321,2952,1426,1526
28430,22034,1708,10693,1203,20326,2953,1427,1526
28435,22038,1708,10694,1203,20330,2953,1427,1526
28440,22041,1708,10695,1203,20333,2953,1427,1526
28445,22042,1708,10695,1203,20334,2953,1427,1526
28450,22047,1709,10697,1203,20338,2953,1427,1526
28455,22049,1709,10699,1203,20340,2954,1428,1526
28460,22057,1712,10703,1205,20345,2955,1428,1527
28465,22060,1713,10705,1206,20347,2955,1428,1527
28470,22065,1713,10707,1206,20352,2956,1429,1527
28475,22069,1713,10708,1206,20356,2956,1429,1527
28480,22072,1713,10709,1206,20359,2956,1429,1527
28485,22073,1713,10709,1206,20360,2956,1429,1527
28490,22078,1714,10710,1206,20364,2956,1429,1527
28495,22080,1714,10711,1206,20366,2957,1430,1527
28500,22088,1716,10715,1208,20372,2958,1430,1528
28505,22091,1716,10717,1208,20375,2958,1430,1528
28510,22096,1716,10720,1208,20380,2960,1431,1529
28515,22100,1716,10721,1208,20384,2960,1431,1529
28520,22103,1716,10722,1208,20387,2961,1431,1530
28525,22104,1716,10723,1208,20388,2961,1431,1530
28530,22109,1716,10724,1208,20393,2961,1431,1530
28535,22111,1716,10726,1208,20395,2962,1432,1530
28540,22119,1716,10731,1208,20403,2962,1432,1530
28545,22122,1716,10732,1208,20406,2962,1432,1530
28550,22127,1716,10733,1208,20411,2963,1432,1531
28555,22131,1716,10735,1208,20415,2964,1432,1532
28560,22134,1716,10736,1208,20418,2964,1432,1532
28565,22135,1716,10737,1208,20419,2964,1432,1532
28570,22140,1716,10738,1208,20424,2964,1432,1532
28575,22142,1716,10738,1208,20426,2965,1432,1533
28580,22150,1716,10741,1208,20434,2966,1432,1534
28585,22153,1716,10742,1208,20437,2966,1432,1534
28590,22158,1716,10745,1208,20442,2967,1433,1534
28595,22162,1716,10746,1208,20446,2967,1433,1534
28600,22165,1716,10747,1208,20449,2967,1433,1534
28605,22166,1716,10747,1208,20450,2967,1433,1534
28610,22171,1717,10749,1209,20454,2967,1433,1534
28615,22173,1717,10750,1209,20456,2968,1433,1535
28620,22181,1720,10754,1211,20461,2969,1433,1536
28625,22184,1720,10756,1211,20464,2969,1433,1536
28630,22189,1720,10757,1211,20469,2970,1434,1536
28635,22193,1720,10759,1211,20473,2970,1434,1536
28640,22196,1720,10759,1211,20476,2970,1434,1536
28645,22197,1720,10759,1211,20477,2970,1434,1536
28650,22202,1721,10761,1211,20481,2970,1434,1536
28655,22204,1721,10763,1211,20483,2971,1435,1536
28660,22212,1723,10768,1213,20489,2971,1435,1536
28665,22215,1723,10768,1213,20492,2971,1435,1536
28670,22220,1723,10770,1213,20497,2972,1435,1537
28675,22224,1723,10772,1213,20501,2973,1435,1538
28680,22227,1723,10773,1213,20504,2973,1435,1538
28685,22228,1723,10773,1213,20505,2973,1435,1538
28690,22233,1724,10776,1214,20509,2973,1435,1538
28695,22235,1724,10777,1214,20511,2974,1435,1539
28700,22243,1725,10779,1214,20518,2974,1435,1539
28705,22246,1725,10781,1214,20521,2975,1436,1539
28710,22251,1725,10782,1214,20526,2977,1437,1540
28715,22255,1725,10784,1214,20530,2977,1437,1540
28720,22258,1725,10785,1214,20533,2977,1437,1540
28725,22259,1725,10785,1214,20534,2977,1437,1540
28730,22264,1726,10788,1214,20538,2977,1437,1540
28735,22266,1726,10789,1214,20540,2978,1438,1540
28740,22274,1727,10793,1214,20547,2979,1439,1540
28745,22277,1727,10795,1214,20550,2980,1440,1540
28750,22282,1727,10798,1214,20555,2982,1441,1541
28755,22286,1727,10799,1214,20559,2982,1441,1541
28760,22289,1727,10801,1214,20562,2983,1442,1541
28765,22290,1727,10801,1214,20563,2983,1442,1541
28770,22295,1727,10802,1214,20568,2983,1442,1541
28775,22297,1727,10802,1214,20570,2984,1442,1542
28780,22305,1729,10805,1216,20576,2985,1442,1543
28785,22308,1730,10807,1217,20578,2986,1443,1543
28790,22313,1730,10808,1217,20583,2988,1444,1544
28795,22317,1730,10811,1217,20587,2988,1444,1544
28800,22320,1730,10813,1217,20590,2989,1445,1544
28805,22321,1730,10814,1217,20591,2989,1445,1544
28810,22326,1730,10816,1217,20596,2989,1445,1544
28815,22328,1730,10817,1217,20598,2990,1445,1545
28820,22336,1731,10821,1218,20605,2990,1445,1545
28825,22339,1731,10821,1218,20608,2991,1445,1546
28830,22344,1731,10824,1218,20613,2992,1445,1547
28835,22348,1731,10826,1218,20617,2992,1445,1547
28840,22351,1731,10827,1218,20620,2992,1445,1547
28845,22352,1731,10827,1218,20621,2992,1445,1547
28850,22357,1732,10829,1218,20625,2992,1445,1547
28855,22359,1732,10829,1218,20627,2993,1445,1548
28860,22367,1733,10832,1218,20634,2993,1445,1548
28865,22370,1733,10834,1218,20637,2993,1445,1548
28870,22375,1733,10837,1218,20642,2994,1446,1548
28875,22379,1733,10839,1218,20645,2994,1446,1548
28880,22382,1734,10841,1219,20648,2995,1447,1548
28885,22383,1734,10841,1219,20649,2995,1447,1548
28890,22388,1735,10845,1220,20653,2995,1447,1548
28895,22390,1735,10847,1220,20655,2996,1448,1548
28900,22398,1737,10852,1221,20661,2997,1448,1549
28905,22401,1738,10854,1222,20663,2997,1448,1549
28910,22406,1738,10855,1222,20668,2999,1449,1550
28915,22410,1738,10858,1222,20672,2999,1449,1550
28920,22413,1738,10859,1222,20675,3000,1450,1550
28925,22414,1738,10860,1222,20676,3000,1450,1550
28930,22419,1739,10862,1222,20680,3000,1450,1550
28935,22421,1739,10863,1222,20682,3001,1451,1550
28940,22429,1741,10867,1224,20688,3001,1451,1550
28945,22432,1741,10868,1224,20691,3001,1451,1550
28950,22437,1741,10871,1224,20696,3002,1452,1550
28955,22441,1741,10872,1224,20700,3002,1452,1550
28960,22444,1741,10874,1224,20703,3003,1453,1550
28965,22445,1741,10875,1224,20704,3003,1453,1550
28970,22450,1742,10877,1225,20708,3003,1453,1550
28975,22452,1742,10878,1225,20710,3004,1454,1550
28980,22460,1744,10882,1227,20716,3004,1454,1550
28985,22463,1744,10883,1227,20719,3004,1454,1550
28990,22468,1744,10886,1227,20724,3005,1455,1550
28995,22472,1744,10887,1227,20728,3005,1455,1550
29000,22475,1744,10888,1227,20731,3005,1455,1550
29005,22476,1744,10889,1227,20732,3005,1455,1550
29010,22481,1745,10890,1227,20736,3005,1455,1550
29015,22483,1745,10890,1227,20738,3006,1455,1551
29020,22491,1746,10894,1228,20745,3006,1455,1551
29025,22494,1746,10895,1228,20748,3006,1455,1551
29030,22499,1746,10897,1228,20753,3008,1456,1552
29035,22503,1746,10899,1228,20757,3008,1456,1552
29040,22506,1746,10899,1228,20760,3008,1456,1552
29045,22507,1747,10900,1229,20760,3008,1456,1552
29050,22512,1748,10903,1230,20764,3008,1456,1552
29055,22514,1748,10904,1230,20766,3009,1456,1553
29060,22522,1749,10908,1231,20773,3010,1456,1554
29065,22525,1749,10908,1231,20776,3010,1456,1554
29070,22530,1749,10909,1231,20781,3011,1456,1555
29075,22534,1749,10911,1231,20785,3011,1456,1555
29080,22537,1749,10913,1231,20788,3011,1456,1555
29085,22538,1750,10914,1232,20788,3011,1456,1555
29090,22543,1751,10918,1233,20792,3011,1456,1555
29095,22545,1751,10919,1233,20794,3012,1456,1556
29100,22553,1753,10923,1235,20800,3013,1456,1557
29105,22556,1753,10923,1235,20803,3013,1456,1557
29110,22561,1753,10926,1235,20808,3014,1457,1557
29115,22565,1753,10929,1235,20812,3014,1457,1557
29120,22568,1753,10930,1235,20815,3015,1457,1558
29125,22569,1753,10930,1235,20816,3015,1457,1558
29130,22574,1753,10935,1235,20821,3015,1457,1558
29135,22576,1753,10935,1235,20823,3016,1457,1559
29140,22584,1755,10940,1236,20829,3017,1458,1559
29145,22587,1756,10943,1237,20831,3017,1458,1559
29150,22592,1756,10945,1237,20836,3019,1458,1561
29155,22596,1756,10947,1237,20840,3019,1458,1561
29160,22599,1756,10948,1237,20843,3020,1458,1562
29165,22600,1756,10948,1237,20844,3020,1458,1562
29170,22605,1756,10950,1237,20849,3020,1458,1562
29175,22607,1756,10951,1237,20851,3021,1458,1563
29180,22615,1757,10953,1237,20858,3022,1458,1564
29185,22618,1758,10955,1238,20860,3022,1458,1564
29190,22623,1758,10958,1238,20865,3023,1459,1564
29195,22627,1758,10961,1238,20869,3023,1459,1564
29200,22630,1758,10963,1238,20872,3023,1459,1564
29205,22631,1758,10963,1238,20873,3023,1459,1564
29210,22636,1759,10966,1238,20877,3023,1459,1564
29215,22638,1759,10968,1238,20879,3024,1460,1564
29220,22646,1762,10972,1240,20884,3025,1460,1565
29225,22649,1762,10974,1240,20887,3025,1460,1565
29230,22654,1762,10975,1240,20892,3026,1461,1565
29235,22658,1762,10976,1240,20896,3026,1461,1565
29240,22661,1762,10977,1240,20899,3026,1461,1565
29245,22662,1762,10977,1240,20900,3026,1461,1565
29250,22667,1763,10982,1241,20904,3026,1461,1565
29255,22669,1763,10982,1241,20906,3027,1461,1566
29260,22677,1763,10987,1241,20914,3027,1461,1566
29265,22680,1763,10987,1241,20917,3027,1461,1566
29270,22685,1763,10992,1241,20922,3029,1463,1566
29275,22689,1763,10992,1241,20926,3030,1463,1567
29280,22692,1763,10993,1241,20929,3030,1463,1567
29285,22693,1763,10993,1241,20930,3030,1463,1567
29290,22698,1764,10996,1241,20934,3030,1463,1567
29295,22700,1764,10997,1241,20936,3031,1463,1568
29300,22708,1764,11001,1241,20944,3031,1463,1568
29305,22711,1764,11002,1241,20947,3031,1463,1568
29310,22716,1764,11005,1241,20952,3032,1464,1568
29315,22720,1764,11007,1241,20956,3032,1464,1568
29320,22723,1764,11008,1241,20959,3032,1464,1568
29325,22724,1764,11008,1241,20960,3032,1464,1568
29330,22729,1765,11009,1241,20964,3032,1464,1568
29335,22731,1765,11011,1241,20966,3033,1465,1568
29340,22739,1767,11015,1242,20972,3034,1466,1568
29345,22742,1768,11017,1243,20974,3034,1466,1568
29350,22747,1768,11019,1243,20979,3035,1467,1568
29355,22751,1768,11020,1243,20983,3035,1467,1568
29360,22754,1768,11023,1243,20986,3036,1468,1568
29365,22755,1768,11023,1243,20987,3036,1468,1568
29370,22760,1768,11026,1243,20992,3036,1468,1568
29375,22762,1768,11026,1243,20994,3037,1468,1569
29380,22770,1769,11032,1243,21001,3037,1468,1569
29385,22773,1769,11033,1243,21004,3037,1468,1569
29390,22778,1769,11036,1243,21009,3039,1469,1570
29395,22782,1769,11036,1243,21013,3040,1469,1571
29400,22785,1769,11038,1243,21016,3041,1469,1572
29405,22786,1769,11038,1243,21017,3041,1469,1572
29410,22791,1769,11041,1243,21022,3041,1469,1572
29415,22793,1769,11041,1243,21024,3042,1469,1573
29420,22801,1771,11046,1245,21030,3042,1469,1573
29425,22804,1771,11047,1245,21033,3042,1469,1573
29430,22809,1771,11049,1245,21038,3044,1470,1574
29435,22813,1771,11053,1245,21042,3045,1471,1574
29440,22816,1771,11053,1245,21045,3046,1471,1575
29445,22817,1771,11053,1245,21046,3046,1471,1575
29450,22822,1772,11056,1246,21050,3046,1471,1575
29455,22824,1772,11057,1246,21052,3047,1471,1576
29460,22832,1775,11062,1248,21057,3048,1471,1577
29465,22835,1775,11065,1248,21060,3048,1471,1577
29470,22840,1775,11066,1248,21065,3049,1471,1578
29475,22844,1775,11067,1248,21069,3049,1471,1578
29480,22847,1775,11067,1248,21072,3050,1471,1579
29485,22848,1775,11068,1248,21073,3050,1471,1579
29490,22853,1775,11072,1248,21078,3050,1471,1579
29495,22855,1775,11073,1248,21080,3051,1471,1580
29500,22863,1777,11078,1250,21086,3051,1471,1580
29505,22866,1777,11079,1250,21089,3051,1471,1580
29510,22871,1777,11083,1250,21094,3052,1471,1581
29515,22875,1777,11085,1250,21098,3052,1471,1581
29520,22878,1777,11087,1250,21101,3053,1471,1582
29525,22879,1777,11088,1250,21102,3053,1471,1582
29530,22884,1777,11092,1250,21107,3053,1471,1582
29535,22886,1777,11093,1250,21109,3054,1471,1583
29540,22894,1778,11096,1250,21116,3054,1471,1583
29545,22897,1779,11098,1251,21118,3054,1471,1583
29550,22902,1779,11101,1251,21123,3056,1472,1584
29555,22906,1779,11102,1251,21127,3056,1472,1584
29560,22909,1779,11104,1251,21130,3056,1472,1584
29565,22910,1779,11105,1251,21131,3056,1472,1584
29570,22915,1780,11107,1252,21135,3056,1472,1584
29575,22917,1780,11107,1252,21137,3057,1472,1585
29580,22925,1783,11112,1255,21142,3058,1473,1585
29585,22928,1783,11114,1255,21145,3059,1473,1586
29590,22933,1783,11115,1255,21150,3060,1473,1587
29595,22937,1783,11118,1255,21154,3060,1473,1587
29600,22940,1783,11121,1255,21157,3060,1473,1587
29605,22941,1784,11122,1256,21157,3060,1473,1587
29610,22946,1785,11124,1256,21161,3060,1473,1587
29615,22948,1785,11126,1256,21163,3061,1474,1587
29620,22956,1785,11131,1256,21171,3062,1475,1587
29625,22959,1785,11133,1256,21174,3062,1475,1587
29630,22964,1785,11133,1256,21179,3063,1475,1588
29635,22968,1785,11133,1256,21183,3063,1475,1588
29640,22971,1785,11136,1256,21186,3063,1475,1588
29645,22972,1785,11136,1256,21187,3063,1475,1588
29650,22977,1786,11139,1257,21191,3063,1475,1588
29655,22979,1786,11140,1257,21193,3064,1476,1588
29660,22987,1786,11145,1257,21201,3064,1476,1588
29665,22990,1786,11147,1257,21204,3064,1476,1588
29670,22995,1786,11151,1257,21209,3065,1477,1588
29675,22999,1786,11151,1257,21213,3065,1477,1588
29680,23002,1786,11152,1257,21216,3065,1477,1588
29685,23003,1786,11152,1257,21217,3065,1477,1588
29690,23008,1787,11154,1257,21221,3065,1477,1588
29695,23010,1787,11156,1257,21223,3066,1478,1588
29700,23018,1789,11161,1259,21229,3066,1478,1588
29705,23021,1790,11163,1260,21231,3066,1478,1588
29710,23026,1790,11167,1260,21236,3067,1479,1588
29715,23030,1790,11168,1260,21240,3067,1479,1588
29720,23033,1790,11169,1260,21243,3067,1479,1588
29725,23034,1790,11169,1260,21244,3067,1479,1588
29730,23039,1791,11172,1260,21248,3067,1479,1588
29735,23041,1791,11173,1260,21250,3068,1480,1588
29740,23049,1792,11175,1260,21257,3069,1481,1588
29745,23052,1793,11177,1261,21259,3069,1481,1588
29750,23057,1793,11180,1261,21264,3071,1482,1589
29755,23061,1793,11182,1261,21267,3072,1482,1590
29760,23064,1794,11182,1262,21270,3073,1482,1591
29765,23065,1794,11182,1262,21271,3073,1482,1591
29770,23070,1794,11185,1262,21276,3073,1482,1591
29775,23072,1794,11186,1262,21278,3074,1483,1591
29780,23080,1796,11190,1264,21284,3075,1484,1591
29785,23083,1796,11190,1264,21287,3075,1484,1591
29790,23088,1796,11192,1264,21292,3076,1485,1591
29795,23092,1796,11195,1264,21296,3076,1485,1591
29800,23095,1796,11196,1264,21299,3077,1486,1591
29805,23096,1796,11197,1264,21300,3077,1486,1591
29810,23101,1796,11199,1264,21305,3077,1486,1591
29815,23103,1796,11201,1264,21307,3078,1487,1591
29820,23111,1799,11207,1267,21312,3079,1488,1591
29825,23114,1799,11208,1267,21315,3079,1488,1591
29830,23119,1799,11209,1267,21320,3080,1488,1592
29835,23123,1799,11212,1267,21324,3080,1488,1592
29840,23126,1799,11213,1267,21327,3081,1489,1592
29845,23127,1799,11213,1267,21328,3081,1489,1592
29850,23132,1799,11215,1267,21333,3081,1489,1592
29855,23134,1799,11217,1267,21335,3082,1490,1592
29860,23142,1799,11219,1267,21343,3083,1490,1593
29865,23145,1799,11220,1267,21346,3083,1490,1593
29870,23150,1799,11223,1267,21351,3085,1491,1594
29875,23154,1799,11225,1267,21355,3086,1491,1595
29880,23157,1799,11226,1267,21358,3087,1492,1595
29885,23158,1799,11227,1267,21359,3087,1492,1595
29890,23163,1800,11231,1268,21363,3087,1492,1595
29895,23165,1800,11232,1268,21365,3088,1493,1595
29900,23173,1800,11234,1268,21373,3088,1493,1595
29905,23176,1800,11235,1268,21376,3088,1493,1595
29910,23181,1800,11238,1268,21381,3090,1495,1595
29915,23185,1800,11238,1268,21385,3090,1495,1595
29920,23188,1800,11239,1268,21388,3090,1495,1595
29925,23189,1800,11239,1268,21389,3090,1495,1595
29930,23194,1801,11241,1268,21393,3090,1495,1595
29935,23196,1801,11241,1268,21395,3091,1495,1596
29940,23204,1802,11243,1268,21402,3091,1495,1596
29945,23207,1803,11245,1269,21404,3091,1495,1596
29950,23212,1803,11248,1269,21409,3093,1496,1597
29955,23216,1803,11251,1269,21413,3093,1496,1597
29960,23219,1803,11252,1269,21416,3093,1496,1597
29965,23220,1803,11253,1269,21417,3093,1496,1597
29970,23225,1804,11257,1270,21421,3093,1496,1597
29975,23227,1804,11257,1270,21423,3094,1496,1598
29980,23235,1805,11259,1271,21430,3094,1496,1598
29985,23238,1805,11259,1271,21433,3094,1496,1598
29990,23243,1805,11259,1271,21438,3096,1496,1600
29995,23247,1805,11261,1271,21442,3097,1496,1601
30000,23250,1805,11262,1271,21445,3098,1496,1602
30005,23251,1806,11263,1272,21445,3098,1496,1602
30010,23256,1807,11265,1273,21449,3098,1496,1602
30015,23258,1807,11266,1273,21451,3099,1497,1602
30020,23266,1809,11273,1275,21457,3100,1498,1602
30025,23269,1809,11275,1275,21460,3100,1498,1602
30030,23274,1809,11278,1275,21465,3101,1499,1602
30035,23278,1809,11280,1275,21469,3101,1499,1602
30040,23281,1809,11282,1275,21472,3102,1500,1602
30045,23282,1810,11283,1276,21472,3102,1500,1602
30050,23287,1811,11287,1277,21476,3102,1500,1602
30055,23289,1811,11287,1277,21478,3103,1500,1603
30060,23297,1812,11291,1278,21485,3104,1501,1603
30065,23300,1813,11294,1279,21487,3104,1501,1603
30070,23305,1813,11296,1279,21492,3105,1502,1603
30075,23309,1813,11296,1279,21496,3105,1502,1603
30080,23312,1813,11296,1279,21499,3106,1502,1604
30085,23313,1813,11296,1279,21500,3106,1502,1604
30090,23318,1814,11298,1279,21504,3106,1502,1604
30095,23320,1814,11299,1279,21506,3107,1502,1605
30100,23328,1815,11304,1280,21513,3108,1503,1605
30105,23331,1816,11306,1281,21515,3108,1503,1605
30110,23336,1816,11310,1281,21520,3110,1504,1606
30115,23340,1816,11311,1281,21523,3111,1504,1607
30120,23343,1817,11312,1282,21526,3112,1505,1607
30125,23344,1817,11313,1282,21527,3112,1505,1607
30130,23349,1817,11315,1282,21532,3112,1505,1607
30135,23351,1817,11315,1282,21534,3113,1505,1608
30140,23359,1817,11319,1282,21542,3113,1505,1608
30145,23362,1817,11320,1282,21545,3113,1505,1608
30150,23367,1817,11322,1282,21550,3114,1505,1609
30155,23371,1817,11323,1282,21554,3114,1505,1609
30160,23374,1817,11324,1282,21557,3114,1505,1609
30165,23375,1817,11324,1282,21558,3114,1505,1609
30170,23380,1817,11325,1282,21563,3114,1505,1609
30175,23382,1817,11326,1282,21565,3115,1506,1609
30180,23390,1817,11331,1282,21573,3115,1506,1609
30185,23393,1817,11332,1282,21576,3115,1506,1609
30190,23398,1817,11333,1282,21581,3116,1506,1610
30195,23402,1817,11334,1282,21585,3116,1506,1610
30200,23405,1817,11336,1282,21588,3116,1506,1610
30205,23406,1818,11337,1283,21588,3116,1506,1610
30210,23411,1819,11338,1284,21592,3116,1506,1610
30215,23413,1819,11339,1284,21594,3117,1506,1611
30220,23421,1819,11345,1284,21602,3118,1507,1611
30225,23424,1819,11346,1284,21605,3118,1507,1611
30230,23429,1819,11350,1284,21610,3119,1508,1611
30235,23433,1819,11351,1284,21614,3120,1509,1611
30240,23436,1819,11353,1284,21617,3120,1509,1611
30245,23437,1819,11354,1284,21618,3120,1509,1611
30250,23442,1819,11357,1284,21623,3120,1509,1611
30255,23444,1819,11358,1284,21625,3121,1510,1611
30260,23452,1821,11363,1286,21631,3122,1510,1612
30265,23455,1821,11364,1286,21634,3122,1510,1612
30270,23460,1821,11365,1286,21639,3124,1511,1613
30275,23464,1821,11366,1286,21643,3125,1511,1614
30280,23467,1821,11368,1286,21646,3125,1511,1614
30285,23468,1821,11368,1286,21647,3125,1511,1614
30290,23473,1821,11371,1286,21652,3125,1511,1614
30295,23475,1821,11371,1286,21654,3126,1511,1615
30300,23483,1824,11376,1288,21659,3127,1512,1615
30305,23486,1824,11377,1288,21662,3128,1513,1615
30310,23491,1824,11380,1288,21667,3130,1514,1616
30315,23495,1824,11383,1288,21671,3131,1515,1616
30320,23498,1824,11385,1288,21674,3132,1516,1616
30325,23499,1824,11385,1288,21675,3132,1516,1616
30330,23504,1824,11387,1288,21680,3132,1516,1616
30335,23506,1824,11387,1288,21682,3133,1516,1617
30340,23514,1825,11392,1289,21689,3134,1517,1617
30345,23517,1826,11395,1290,21691,3135,1518,1617
30350,23522,1826,11396,1290,21696,3137,1519,1618
30355,23526,1826,11400,1290,21700,3138,1520,1618
30360,23529,1826,11400,1290,21703,3139,1520,1619
30365,23530,1826,11401,1290,21704,3139,1520,1619
30370,23535,1827,11404,1291,21708,3139,1520,1619
30375,23537,1827,11404,1291,21710,3140,1520,1620
30380,23545,1829,11409,1292,21716,3140,1520,1620
30385,23548,1830,11411,1293,21718,3141,1521,1620
30390,23553,1830,11413,1293,21723,3142,1522,1620
30395,23557,1830,11416,1293,21727,3142,1522,1620
30400,23560,1830,11418,1293,21730,3142,1522,1620
30405,23561,1830,11418,1293,21731,3142,1522,1620
30410,23566,1831,11421,1293,21735,3142,1522,1620
30415,23568,1831,11421,1293,21737,3143,1522,1621
30420,23576,1833,11424,1294,21743,3143,1522,1621
30425,23579,1833,11425,1294,21746,3143,1522,1621
30430,23584,1833,11427,1294,21751,3145,1524,1621
30435,23588,1833,11428,1294,21755,3145,1524,1621
30440,23591,1833,11431,1294,21758,3145,1524,1621
30445,23592,1833,11432,1294,21759,3145,1524,1621
30450,23597,1834,11436,1295,21763,3145,1524,1621
30455,23599,1834,11436,1295,21765,3146,1524,1622
30460,23607,1835,11439,1296,21772,3146,1524,1622
30465,23610,1835,11440,1296,21775,3146,1524,1622
30470,23615,1835,11442,1296,21780,3148,1524,1624
30475,23619,1835,11445,1296,21783,3148,1524,1624
30480,23622,1836,11446,1297,21786,3149,1525,1624
30485,23623,1837,11447,1298,21786,3149,1525,1624
30490,23628,1838,11448,1299,21790,3149,1525,1624
30495,23630,1838,11450,1299,21792,3150,1526,1624
30500,23638,1839,11454,1300,21799,3151,1527,1624
30505,23641,1839,11457,1300,21802,3151,1527,1624
30510,23646,1839,11459,1300,21807,3152,1527,1625
30515,23650,1839,11461,1300,21810,3152,1527,1625
30520,23653,1840,11463,1301,21813,3153,1528,1625
30525,23654,1840,11463,1301,21814,3153,1528,1625
30530,23659,1841,11463,1301,21818,3153,1528,1625
30535,23661,1841,11464,1301,21820,3154,1528,1626
30540,23669,1844,11468,1303,21825,3155,1528,1627
30545,23672,1845,11470,1304,21827,3155,1528,1627
30550,23677,1845,11472,1304,21832,3157,1530,1627
30555,23681,1845,11473,1304,21836,3158,1530,1628
30560,23684,1845,11474,1304,21839,3159,1530,1629
30565,23685,1845,11475,1304,21840,3159,1530,1629
30570,23690,1845,11476,1304,21845,3159,1530,1629
30575,23692,1845,11477,1304,21847,3160,1530,1630
30580,23700,1847,11481,1305,21853,3161,1531,1630
30585,23703,1847,11482,1305,21856,3161,1531,1630
30590,23708,1847,11485,1305,21861,3163,1533,1630
30595,23712,1847,11487,1305,21865,3164,1534,1630
30600,23715,1847,11488,1305,21868,3165,1535,1630
30605,23716,1847,11489,1305,21869,3165,1535,1630
30610,23721,1847,11492,1305,21874,3165,1535,1630
30615,23723,1847,11493,1305,21876,3166,1535,1631
30620,23731,1849,11495,1306,21882,3167,1535,1632
30625,23734,1849,11495,1306,21885,3167,1535,1632
30630,23739,1849,11498,1306,21890,3168,1536,1632
30635,23743,1849,11500,1306,21894,3168,1536,1632
30640,23746,1849,11500,1306,21897,3168,1536,1632
30645,23747,1849,11500,1306,21898,3168,1536,1632
30650,23752,1850,11503,1307,21902,3168,1536,1632
30655,23754,1850,11503,1307,21904,3169,1536,1633
30660,23762,1852,11506,1308,21910,3170,1536,1634
30665,23765,1852,11507,1308,21913,3171,1536,1635
30670,23770,1852,11507,1308,21918,3172,1536,1636
30675,23774,1852,11508,1308,21922,3172,1536,1636
30680,23777,1852,11508,1308,21925,3172,1536,1636
30685,23778,1852,11508,1308,21926,3172,1536,1636
30690,23783,1853,11511,1309,21930,3172,1536,1636
30695,23785,1853,11511,1309,21932,3173,1536,1637
30700,23793,1853,11514,1309,21940,3173,1536,1637
30705,23796,1853,11516,1309,21943,3174,1537,1637
30710,23801,1853,11518,1309,21948,3176,1537,1639
30715,23805,1853,11521,1309,21951,3177,1538,1639
30720,23808,1854,11522,1310,21954,3178,1538,1640
30725,23809,1855,11523,1311,21954,3178,1538,1640
30730,23814,1856,11527,1311,21958,3178,1538,1640
30735,23816,1856,11529,1311,21960,3179,1539,1640
30740,23824,1856,11534,1311,21968,3180,1539,1641
30745,23827,1856,11535,1311,21971,3180,1539,1641
30750,23832,1856,11537,1311,21976,3181,1540,1641
30755,23836,1856,11541,1311,21980,3181,1540,1641
30760,23839,1856,11544,1311,21983,3181,1540,1641
30765,23840,1856,11544,1311,21984,3181,1540,1641
30770,23845,1857,11546,1311,21988,3181,1540,1641
30775,23847,1857,11546,1311,21990,3182,1540,1642
30780,23855,1859,11551,1313,21996,3183,1540,1643
30785,23858,1859,11552,1313,21999,3183,1540,1643
30790,23863,1859,11556,1313,22004,3184,1541,1643
30795,23867,1859,11558,1313,22008,3185,1541,1644
30800,23870,1859,11560,1313,22011,3186,1541,1645
30805,23871,1859,11560,1313,22012,3186,1541,1645
30810,23876,1859,11564,1313,22017,3186,1541,1645
30815,23878,1859,11566,1313,22019,3187,1542,1645
30820,23886,1862,11571,1315,22024,3187,1542,1645
30825,23889,1862,11571,1315,22027,3187,1542,1645
30830,23894,1862,11572,1315,22032,3188,1542,1646
30835,23898,1862,11574,1315,22036,3188,1542,1646
30840,23901,1862,11576,1315,22039,3189,1543,1646
30845,23902,1862,11577,1315,22040,3189,1543,1646
30850,23907,1862,11581,1315,22045,3189,1543,1646
30855,23909,1862,11583,1315,22047,3190,1544,1646
30860,23917,1862,11586,1315,22055,3190,1544,1646
30865,23920,1862,11588,1315,22058,3190,1544,1646
30870,23925,1862,11592,1315,22063,3192,1546,1646
30875,23929,1862,11593,1315,22067,3192,1546,1646
30880,23932,1862,11595,1315,22070,3193,1546,1647
30885,23933,1862,11595,1315,22071,3193,1546,1647
30890,23938,1863,11599,1316,22075,3193,1546,1647
30895,23940,1863,11600,1316,22077,3194,1547,1647
30900,23948,1864,11604,1317,22084,3194,1547,1647
30905,23951,1864,11605,1317,22087,3195,1547,1648
30910,23956,1864,11607,1317,22092,3196,1548,1648
30915,23960,1864,11609,1317,22096,3196,1548,1648
30920,23963,1864,11609,1317,22099,3196,1548,1648
30925,23964,1864,11610,1317,22100,3196,1548,1648
30930,23969,1865,11612,1317,22104,3196,1548,1648
30935,23971,1865,11612,1317,22106,3197,1548,1649
30940,23979,1865,11615,1317,22114,3198,1548,1650
30945,23982,1865,11617,1317,22117,3198,1548,1650
30950,23987,1865,11622,1317,22122,3199,1549,1650
30955,23991,1865,11625,1317,22126,3199,1549,1650
30960,23994,1865,11627,1317,22129,3199,1549,1650
30965,23995,1865,11627,1317,22130,3199,1549,1650
30970,24000,1866,11631,1318,22134,3199,1549,1650
30975,24002,1866,11631,1318,22136,3200,1549,1651
30980,24010,1867,11634,1319,22143,3201,1549,1652
30985,24013,1867,11634,1319,22146,3201,1549,1652
30990,24018,1867,11637,1319,22151,3202,1549,1653
30995,24022,1867,11640,1319,22155,3202,1549,1653
31000,24025,1867,11641,1319,22158,3202,1549,1653
31005,24026,1868,11642,1320,22158,3202,1549,1653
31010,24031,1869,11645,1321,22162,3202,1549,1653
31015,24033,1869,11647,1321,22164,3203,1550,1653
31020,24041,1871,11653,1323,22170,3204,1550,1654
31025,24044,1872,11656,1324,22172,3205,1551,1654
31030,24049,1872,11657,1324,22177,3207,1552,1655
31035,24053,1872,11659,1324,22181,3208,1553,1655
31040,24056,1872,11660,1324,22184,3208,1553,1655
31045,24057,1872,11660,1324,22185,3208,1553,1655
31050,24062,1873,11660,1324,22189,3208,1553,1655
31055,24064,1873,11661,1324,22191,3209,1554,1655
31060,24072,1874,11664,1325,22198,3210,1554,1656
31065,24075,1874,11665,1325,22201,3211,1555,1656
31070,24080,1874,11666,1325,22206,3212,1556,1656
31075,24084,1874,11669,1325,22209,3213,1556,1657
31080,24087,1875,11670,1326,22212,3214,1557,1657
31085,24088,1875,11670,1326,22213,3214,1557,1657
31090,24093,1875,11672,1326,22218,3214,1557,1657
31095,24095,1875,11674,1326,22220,3215,1558,1657
31100,24103,1878,11677,1329,22225,3215,1558,1657
31105,24106,1878,11678,1329,22228,3215,1558,1657
31110,24111,1878,11681,1329,22233,3216,1559,1657
31115,24115,1878,11682,1329,22237,3216,1559,1657
31120,24118,1878,11684,1329,22240,3217,1560,1657
31125,24119,1878,11684,1329,22241,3217,1560,1657
31130,24124,1878,11685,1329,22246,3217,1560,1657
31135,24126,1878,11686,1329,22248,3218,1561,1657
31140,24134,1880,11690,1331,22254,3218,1561,1657
31145,24137,1880,11690,1331,22257,3218,1561,1657
31150,24142,1880,11693,1331,22262,3219,1561,1658
31155,24146,1880,11694,1331,22266,3219,1561,1658
31160,24149,1880,11696,1331,22269,3220,1562,1658
31165,24150,1880,11696,1331,22270,3220,1562,1658
31170,24155,1880,11697,1331,22275,3220,1562,1658
31175,24157,1880,11698,1331,22277,3221,1563,1658
31180,24165,1881,11700,1331,22284,3221,1563,1658
31185,24168,1881,11700,1331,22287,3221,1563,1658
31190,24173,1881,11702,1331,22292,3222,1564,1658
31195,24177,1881,11705,1331,22295,3223,1564,1659
31200,24180,1882,11707,1332,22298,3224,1565,1659
31205,24181,1882,11707,1332,22299,3224,1565,1659
31210,24186,1882,11708,1332,22304,3224,1565,1659
31215,24188,1882,11710,1332,22306,3225,1566,1659
31220,24196,1884,11715,1333,22312,3226,1566,1660
31225,24199,1884,11716,1333,22315,3227,1567,1660
31230,24204,1884,11716,1333,22320,3228,1567,1661
31235,24208,1884,11718,1333,22324,3229,1568,1661
31240,24211,1884,11721,1333,22327,3229,1568,1661
31245,24212,1884,11721,1333,22328,3229,1568,1661
31250,24217,1884,11724,1333,22333,3229,1568,1661
31255,24219,1884,11725,1333,22335,3230,1568,1662
31260,24227,1885,11728,1333,22342,3231,1568,1663
31265,24230,1885,11729,1333,22345,3232,1569,1663
31270,24235,1885,11729,1333,22350,3233,1569,1664
31275,24239,1885,11732,1333,22354,3233,1569,1664
31280,24242,1885,11732,1333,22357,3233,1569,1664
31285,24243,1885,11733,1333,22358,3233,1569,1664
31290,24248,1885,11736,1333,22363,3233,1569,1664
31295,24250,1885,11737,1333,22365,3234,1570,1664
31300,24258,1886,11741,1334,22372,3235,1570,1665
31305,24261,1886,11742,1334,22375,3236,1570,1666
31310,24266,1886,11744,1334,22380,3237,1571,1666
31315,24270,1886,11748,1334,22384,3237,1571,1666
31320,24273,1886,11748,1334,22387,3238,1571,1667
31325,24274,1886,11748,1334,22388,3238,1571,1667
31330,24279,1886,11751,1334,22393,3238,1571,1667
31335,24281,1886,11751,1334,22395,3239,1571,1668
31340,24289,1887,11754,1334,22402,3240,1572,1668
31345,24292,1887,11754,1334,22405,3240,1572,1668
31350,24297,1887,11758,1334,22410,3241,1573,1668
31355,24301,1887,11761,1334,22414,3241,1573,1668
31360,24304,1887,11763,1334,22417,3242,1574,1668
31365,24305,1887,11764,1334,22418,3242,1574,1668
31370,24310,1887,11767,1334,22423,3242,1574,1668
31375,24312,1887,11767,1334,22425,3243,1574,1669
31380,24320,1889,11771,1335,22431,3244,1574,1670
31385,24323,1890,11773,1336,22433,3244,1574,1670
31390,24328,1890,11776,1336,22438,3246,1575,1671
31395,24332,1890,11779,1336,22442,3247,1576,1671
31400,24335,1890,11782,1336,22445,3248,1577,1671
31405,24336,1890,11782,1336,22446,3248,1577,1671
31410,24341,1890,11784,1336,22451,3248,1577,1671
31415,24343,1890,11785,1336,22453,3249,1577,1672
31420,24351,1892,11788,1337,22459,3249,1577,1672
31425,24354,1892,11788,1337,22462,3250,1577,1673
31430,24359,1892,11791,1337,22467,3252,1578,1674
31435,24363,1892,11793,1337,22471,3253,1579,1674
31440,24366,1892,11795,1337,22474,3254,1579,1675
31445,24367,1893,11796,1338,22474,3254,1579,1675
31450,24372,1894,11799,1339,22478,3254,1579,1675
31455,24374,1894,11800,1339,22480,3255,1580,1675
31460,24382,1894,11806,1339,22488,3256,1581,1675
31465,24385,1894,11808,1339,22491,3257,1581,1676
31470,24390,1894,11810,1339,22496,3258,1582,1676
31475,24394,1894,11812,1339,22500,3258,1582,1676
31480,24397,1894,11815,1339,22503,3258,1582,1676
31485,24398,1895,11816,1340,22503,3258,1582,1676
31490,24403,1896,11818,1340,22507,3258,1582,1676
31495,24405,1896,11818,1340,22509,3259,1582,1677
31500,24413,1896,11819,1340,22517,3260,1582,1678
31505,24416,1896,11821,1340,22520,3261,1582,1679
31510,24421,1896,11822,1340,22525,3262,1582,1680
31515,24425,1896,11824,1340,22529,3262,1582,1680
31520,24428,1896,11824,1340,22532,3262,1582,1680
31525,24429,1896,11824,1340,22533,3262,1582,1680
31530,24434,1897,11827,1341,22537,3262,1582,1680
31535,24436,1897,11827,1341,22539,3263,1582,1681
31540,24444,1897,11831,1341,22547,3263,1582,1681
31545,24447,1897,11832,1341,22550,3264,1583,1681
31550,24452,1897,11834,1341,22555,3265,1583,1682
31555,24456,1897,11836,1341,22558,3265,1583,1682
31560,24459,1898,11837,1342,22561,3265,1583,1682
31565,24460,1898,11838,1342,22562,3265,1583,1682
31570,24465,1899,11840,1342,22566,3265,1583,1682
31575,24467,1899,11841,1342,22568,3266,1584,1682
31580,24475,1901,11846,1344,22574,3266,1584,1682
31585,24478,1901,11846,1344,22577,3266,1584,1682
31590,24483,1901,11847,1344,22582,3267,1584,1683
31595,24487,1901,11848,1344,22585,3267,1584,1683
31600,24490,1902,11851,1345,22588,3267,1584,1683
31605,24491,1903,11852,1346,22588,3267,1584,1683
31610,24496,1904,11855,1347,22592,3267,1584,1683
31615,24498,1904,11856,1347,22594,3268,1584,1684
31620,24506,1907,11863,1350,22599,3269,1585,1684
31625,24509,1907,11864,1350,22602,3269,1585,1684
31630,24514,1907,11866,1350,22607,3271,1586,1685
31635,24518,1907,11869,1350,22611,3272,1587,1685
31640,24521,1907,11869,1350,22614,3273,1587,1686
31645,24522,1907,11869,1350,22615,3273,1587,1686
31650,24527,1907,11873,1350,22620,3273,1587,1686
31655,24529,1907,11874,1350,22622,3274,1588,1686
31660,24537,1909,11878,1351,22628,3275,1589,1686
31665,24540,1910,11880,1352,22630,3275,1589,1686
31670,24545,1910,11883,1352,22635,3277,1591,1686
31675,24549,1910,11886,1352,22639,3278,1591,1687
31680,24552,1910,11886,1352,22642,3279,1591,1688
31685,24553,1910,11886,1352,22643,3279,1591,1688
31690,24558,1910,11890,1352,22648,3279,1591,1688
31695,24560,1910,11891,1352,22650,3280,1591,1689
31700,24568,1910,11892,1352,22658,3281,1591,1690
31705,24571,1910,11894,1352,22661,3281,1591,1690
31710,24576,1910,11896,1352,22666,3282,1592,1690
31715,24580,1910,11898,1352,22670,3282,1592,1690
31720,24583,1910,11899,1352,22673,3282,1592,1690
31725,24584,1910,11900,1352,22674,3282,1592,1690
31730,24589,1911,11902,1353,22678,3282,1592,1690
31735,24591,1911,11903,1353,22680,3283,1592,1691
31740,24599,1911,11905,1353,22688,3283,1592,1691
31745,24602,1911,11907,1353,22691,3283,1592,1691
31750,24607,1911,11907,1353,22696,3284,1592,1692
31755,24611,1911,11910,1353,22699,3284,1592,1692
31760,24614,1912,11912,1354,22702,3284,1592,1692
31765,24615,1912,11912,1354,22703,3284,1592,1692
31770,24620,1913,11914,1354,22707,3284,1592,1692
31775,24622,1913,11915,1354,22709,3285,1593,1692
31780,24630,1913,11918,1354,22717,3286,1593,1693
31785,24633,1913,11918,1354,22720,3286,1593,1693
31790,24638,1913,11919,1354,22725,3288,1594,1694
31795,24642,1913,11921,1354,22729,3288,1594,1694
31800,24645,1913,11923,1354,22732,3288,1594,1694
31805,24646,1913,11923,1354,22733,3288,1594,1694
31810,24651,1914,11927,1355,22737,3288,1594,1694
31815,24653,1914,11928,1355,22739,3289,1595,1694
31820,24661,1916,11931,1357,22745,3289,1595,1694
31825,24664,1916,11931,1357,22748,3289,1595,1694
31830,24669,1916,11932,1357,22753,3290,1596,1694
31835,24673,1916,11935,1357,22757,3290,1596,1694
31840,24676,1916,11935,1357,22760,3290,1596,1694
31845,24677,1916,11935,1357,22761,3290,1596,1694
31850,24682,1917,11937,1357,22765,3290,1596,1694
31855,24684,1917,11938,1357,22767,3291,1596,1695
31860,24692,1919,11941,1358,22773,3291,1596,1695
31865,24695,1920,11943,1359,22775,3291,1596,1695
31870,24700,1920,11948,1359,22780,3292,1597,1695
31875,24704,1920,11951,1359,22784,3292,1597,1695
31880,24707,1920,11952,1359,22787,3293,1597,1696
31885,24708,1920,11953,1359,22788,3293,1597,1696
31890,24713,1920,11955,1359,22793,3293,1597,1696
31895,24715,1920,11956,1359,22795,3294,1597,1697
31900,24723,1921,11961,1360,22802,3295,1597,1698
31905,24726,1921,11962,1360,22805,3295,1597,1698
31910,24731,1921,11965,1360,22810,3296,1598,1698
31915,24735,1921,11967,1360,22814,3297,1598,1699
31920,24738,1921,11969,1360,22817,3298,1598,1700
31925,24739,1921,11969,1360,22818,3298,1598,1700
31930,24744,1922,11970,1361,22822,3298,1598,1700
31935,24746,1922,11971,1361,22824,3299,1599,1700
31940,24754,1923,11977,1362,22831,3299,1599,1700
31945,24757,1924,11979,1363,22833,3299,1599,1700
31950,24762,1924,11981,1363,22838,3301,1600,1701
31955,24766,1924,11982,1363,22842,3302,1601,1701
31960,24769,1924,11982,1363,22845,3302,1601,1701
31965,24770,1924,11982,1363,22846,3302,1601,1701
31970,24775,1925,11984,1363,22850,3302,1601,1701
31975,24777,1925,11986,1363,22852,3303,1602,1701
31980,24785,1926,11991,1364,22859,3303,1602,1701
31985,24788,1927,11994,1365,22861,3303,1602,1701
31990,24793,1927,11997,1365,22866,3305,1602,1703
31995,24797,1927,11999,1365,22870,3305,1602,1703
32000,24800,1927,12000,1365,22873,3305,1602,1703
32005,24801,1927,12001,1365,22874,3305,1602,1703
32010,24806,1928,12003,1365,22878,3305,1602,1703
32015,24808,1928,12004,1365,22880,3306,1603,1703
32020,24816,1930,12009,1367,22886,3306,1603,1703
32025,24819,1930,12011,1367,22889,3306,1603,1703
32030,24824,1930,12013,1367,22894,3308,1603,1705
32035,24828,1930,12015,1367,22898,3308,1603,1705
32040,24831,1930,12018,1367,22901,3309,1604,1705
32045,24832,1930,12018,1367,22902,3309,1604,1705
32050,24837,1931,12021,1367,22906,3309,1604,1705
32055,24839,1931,12022,1367,22908,3310,1605,1705
32060,24847,1932,12026,1367,22915,3311,1606,1705
32065,24850,1933,12029,1368,22917,3311,1606,1705
32070,24855,1933,12031,1368,22922,3312,1606,1706
32075,24859,1933,12031,1368,22926,3312,1606,1706
32080,24862,1933,12033,1368,22929,3313,1607,1706
32085,24863,1934,12034,1369,22929,3313,1607,1706
32090,24868,1935,12038,1369,22933,3313,1607,1706
32095,24870,1935,12039,1369,22935,3314,1608,1706
32100,24878,1937,12041,1370,22941,3315,1609,1706
32105,24881,1937,12041,1370,22944,3315,1609,1706
32110,24886,1937,12042,1370,22949,3316,1609,1707
32115,24890,1937,12045,1370,22953,3316,1609,1707
32120,24893,1937,12046,1370,22956,3317,1609,1708
32125,24894,1937,12046,1370,22957,3317,1609,1708
32130,24899,1937,12047,1370,22962,3317,1609,1708
32135,24901,1937,12048,1370,22964,3318,1609,1709
32140,24909,1939,12054,1372,22970,3319,1610,1709
32145,24912,1939,12055,1372,22973,3319,1610,1709
32150,24917,1939,12057,1372,22978,3320,1610,1710
32155,24921,1939,12059,1372,22982,3320,1610,1710
32160,24924,1939,12060,1372,22985,3321,1610,1711
32165,24925,1939,12060,1372,22986,3321,1610,1711
32170,24930,1939,12062,1372,22991,3321,1610,1711
32175,24932,1939,12062,1372,22993,3322,1610,1712
32180,24940,1939,12066,1372,23001,3322,1610,1712
32185,24943,1939,12067,1372,23004,3322,1610,1712
32190,24948,1939,12069,1372,23009,3324,1611,1713
32195,24952,1939,12071,1372,23013,3324,1611,1713
32200,24955,1939,12074,1372,23016,3324,1611,1713
32205,24956,1939,12074,1372,23017,3324,1611,1713
32210,24961,1939,12077,1372,23022,3324,1611,1713
32215,24963,1939,12077,1372,23024,3325,1611,1714
32220,24971,1939,12081,1372,23032,3325,1611,1714
32225,24974,1939,12082,1372,23035,3325,1611,1714
32230,24979,1939,12083,1372,23040,3326,1612,1714
32235,24983,1939,12084,1372,23044,3326,1612,1714
32240,24986,1939,12085,1372,23047,3326,1612,1714
32245,24987,1939,12086,1372,23048,3326,1612,1714
32250,24992,1939,12087,1372,23053,3326,1612,1714
32255,24994,1939,12087,1372,23055,3327,1612,1715
32260,25002,1939,12089,1372,23063,3327,1612,1715
32265,25005,1939,12090,1372,23066,3327,1612,1715
32270,25010,1939,12090,1372,23071,3328,1612,1716
32275,25014,1939,12091,1372,23075,3328,1612,1716
32280,25017,1939,12092,1372,23078,3329,1612,1717
32285,25018,1939,12092,1372,23079,3329,1612,1717
32290,25023,1939,12094,1372,23084,3329,1612,1717
32295,25025,1939,12095,1372,23086,3330,1613,1717
32300,25033,1941,12098,1373,23092,3331,1613,1718
32305,25036,1942,12099,1374,23094,3332,1613,1719
32310,25041,1942,12102,1374,23099,3333,1613,1720
32315,25045,1942,12104,1374,23103,3333,1613,1720
32320,25048,1942,12107,1374,23106,3333,1613,1720
32325,25049,1942,12107,1374,23107,3333,1613,1720
32330,25054,1942,12109,1374,23112,3333,1613,1720
32335,25056,1942,12111,1374,23114,3334,1614,1720
32340,25064,1943,12113,1374,23121,3335,1614,1721
32345,25067,1943,12114,1374,23124,3335,1614,1721
32350,25072,1943,12116,1374,23129,3336,1615,1721
32355,25076,1943,12117,1374,23133,3336,1615,1721
32360,25079,1943,12120,1374,23136,3337,1616,1721
32365,25080,1943,12120,1374,23137,3337,1616,1721
32370,25085,1943,12123,1374,23142,3337,1616,1721
32375,25087,1943,12123,1374,23144,3338,1616,1722
32380,25095,1945,12128,1376,23150,3339,1617,1722
32385,25098,1945,12129,1376,23153,3339,1617,1722
32390,25103,1945,12131,1376,23158,3340,1618,1722
32395,25107,1945,12133,1376,23162,3340,1618,1722
32400,25110,1945,12136,1376,23165,3341,1619,1722
32405,25111,1945,12137,1376,23166,3341,1619,1722
32410,25116,1946,12139,1376,23170,3341,1619,1722
32415,25118,1946,12141,1376,23172,3342,1620,1722
32420,25126,1948,12146,1378,23178,3342,1620,1722
32425,25129,1948,12147,1378,23181,3343,1621,1722
32430,25134,1948,12149,1378,23186,3344,1621,1723
32435,25138,1948,12150,1378,23190,3344,1621,1723
32440,25141,1948,12151,1378,23193,3344,1621,1723
32445,25142,1948,12151,1378,23194,3344,1621,1723
32450,25147,1949,12154,1379,23198,3344,1621,1723
32455,25149,1949,12155,1379,23200,3345,1622,1723
32460,25157,1952,12159,1381,23205,3345,1622,1723
32465,25160,1953,12161,1382,23207,3345,1622,1723
32470,25165,1953,12165,1382,23212,3346,1623,1723
32475,25169,1953,12167,1382,23216,3346,1623,1723
32480,25172,1953,12168,1382,23219,3346,1623,1723
32485,25173,1953,12169,1382,23220,3346,1623,1723
32490,25178,1954,12173,1383,23224,3346,1623,1723
32495,25180,1954,12173,1383,23226,3347,1623,1724
32500,25188,1954,12176,1383,23234,3347,1623,1724
32505,25191,1954,12177,1383,23237,3347,1623,1724
32510,25196,1954,12178,1383,23242,3348,1623,1725
32515,25200,1954,12180,1383,23245,3348,1623,1725
32520,25203,1955,12182,1384,23248,3349,1623,1726
32525,25204,1956,12183,1385,23248,3349,1623,1726
32530,25209,1957,12185,1385,23252,3349,1623,1726
32535,25211,1957,12185,1385,23254,3350,1623,1727
32540,25219,1958,12189,1386,23261,3351,1624,1727
32545,25222,1958,12191,1386,23264,3351,1624,1727
32550,25227,1958,12194,1386,23269,3352,1624,1728
32555,25231,1958,12196,1386,23273,3352,1624,1728
32560,25234,1958,12197,1386,23276,3353,1624,1729
32565,25235,1958,12197,1386,23277,3353,1624,1729
32570,25240,1959,12199,1386,23281,3353,1624,1729
32575,25242,1959,12200,1386,23283,3354,1624,1730
32580,25250,1960,12205,1387,23290,3355,1624,1731
32585,25253,1960,12206,1387,23293,3355,1624,1731
32590,25258,1960,12208,1387,23298,3357,1625,1732
32595,25262,1960,12209,1387,23302,3358,1625,1733
32600,25265,1960,12211,1387,23305,3359,1626,1733
32605,25266,1960,12211,1387,23306,3359,1626,1733
32610,25271,1960,12213,1387,23311,3359,1626,1733
32615,25273,1960,12214,1387,23313,3360,1627,1733
32620,25281,1962,12219,1389,23319,3361,1628,1733
32625,25284,1962,12219,1389,23322,3361,1628,1733
32630,25289,1962,12219,1389,23327,3363,1628,1735
32635,25293,1962,12221,1389,23331,3364,1628,1736
32640,25296,1962,12222,1389,23334,3365,1629,1736
32645,25297,1962,12223,1389,23335,3365,1629,1736
32650,25302,1963,12224,1389,23339,3365,1629,1736
32655,25304,1963,12225,1389,23341,3366,1630,1736
32660,25312,1964,12227,1389,23348,3366,1630,1736
32665,25315,1965,12230,1390,23350,3367,1631,1736
32670,25320,1965,12232,1390,23355,3368,1631,1737
32675,25324,1965,12233,1390,23359,3369,1631,1738
32680,25327,1965,12235,1390,23362,3369,1631,1738
32685,25328,1965,12235,1390,23363,3369,1631,1738
32690,25333,1966,12236,1390,23367,3369,1631,1738
32695,25335,1966,12237,1390,23369,3370,1631,1739
32700,25343,1968,12243,1392,23375,3370,1631,1739
32705,25346,1968,12243,1392,23378,3371,1631,1740
32710,25351,1968,12245,1392,23383,3372,1631,1741
32715,25355,1968,12247,1392,23387,3373,1631,1742
32720,25358,1968,12249,1392,23390,3373,1631,1742
32725,25359,1968,12250,1392,23391,3373,1631,1742
32730,25364,1969,12251,1393,23395,3373,1631,1742
32735,25366,1969,12252,1393,23397,3374,1632,1742
32740,25374,1970,12256,1394,23404,3374,1632,1742
32745,25377,1970,12256,1394,23407,3375,1632,1743
32750,25382,1970,12259,1394,23412,3377,1634,1743
32755,25386,1970,12260,1394,23416,3378,1634,1744
32760,25389,1970,12262,1394,23419,3379,1635,1744
32765,25390,1970,12262,1394,23420,3379,1635,1744
32770,25395,1971,12263,1394,23424,3379,1635,1744
32775,25397,1971,12263,1394,23426,3380,1635,1745
32780,25405,1973,12268,1395,23432,3381,1635,1746
32785,25408,1974,12270,1396,23434,3382,1635,1747
32790,25413,1974,12273,1396,23439,3384,1636,1748
32795,25417,1974,12274,1396,23443,3385,1636,1749
32800,25420,1974,12274,1396,23446,3385,1636,1749
32805,25421,1974,12274,1396,23447,3385,1636,1749
32810,25426,1975,12275,1397,23451,3385,1636,1749
32815,25428,1975,12277,1397,23453,3386,1637,1749
32820,25436,1976,12280,1398,23460,3387,1637,1750
32825,25439,1976,12280,1398,23463,3388,1637,1751
32830,25444,1976,12282,1398,23468,3389,1637,1752
32835,25448,1976,12283,1398,23472,3389,1637,1752
32840,25451,1976,12285,1398,23475,3389,1637,1752
32845,25452,1976,12285,1398,23476,3389,1637,1752
32850,25457,1977,12287,1399,23480,3389,1637,1752
32855,25459,1977,12288,1399,23482,3390,1638,1752
32860,25467,1978,12290,1399,23489,3391,1639,1752
32865,25470,1979,12293,1400,23491,3392,1640,1752
32870,25475,1979,12296,1400,23496,3393,1640,1753
32875,25479,1979,12300,1400,23499,3393,1640,1753
32880,25482,1980,12300,1401,23502,3394,1640,1754
32885,25483,1980,12300,1401,23503,3394,1640,1754
32890,25488,1980,12301,1401,23508,3394,1640,1754
32895,25490,1980,12301,1401,23510,3395,1640,1755
32900,25498,1981,12305,1402,23517,3395,1640,1755
32905,25501,1982,12306,1403,23519,3395,1640,1755
32910,25506,1982,12308,1403,23524,3396,1641,1755
32915,25510,1982,12311,1403,23528,3396,1641,1755
32920,25513,1982,12312,1403,23531,3397,1642,1755
32925,25514,1982,12313,1403,23532,3397,1642,1755
32930,25519,1982,12314,1403,23537,3397,1642,1755
32935,25521,1982,12315,1403,23539,3398,1642,1756
32940,25529,1985,12319,1405,23544,3398,1642,1756
32945,25532,1985,12321,1405,23547,3398,1642,1756
32950,25537,1985,12323,1405,23552,3399,1642,1757
32955,25541,1985,12326,1405,23556,3399,1642,1757
32960,25544,1985,12326,1405,23559,3399,1642,1757
32965,25545,1985,12327,1405,23560,3399,1642,1757
32970,25550,1985,12328,1405,23565,3399,1642,1757
32975,25552,1985,12329,1405,23567,3400,1642,1758
32980,25560,1985,12333,1405,23575,3400,1642,1758
32985,25563,1985,12334,1405,23578,3400,1642,1758
32990,25568,1985,12336,1405,23583,3401,1643,1758
32995,25572,1985,12337,1405,23586,3401,1643,1758
33000,25575,1986,12338,1406,23589,3401,1643,1758
33005,25576,1987,12339,1407,23589,3401,1643,1758
33010,25581,1988,12340,1407,23593,3401,1643,1758
33015,25583,1988,12342,1407,23595,3402,1644,1758
33020,25591,1988,12347,1407,23603,3403,1645,1758
33025,25594,1988,12349,1407,23606,3403,1645,1758
33030,25599,1988,12351,1407,23611,3404,1645,1759
33035,25603,1988,12352,1407,23615,3404,1645,1759
33040,25606,1988,12354,1407,23618,3404,1645,1759
33045,25607,1989,12355,1408,23618,3404,1645,1759
33050,25612,1990,12358,1409,23622,3404,1645,1759
33055,25614,1990,12359,1409,23624,3405,1646,1759
33060,25622,1991,12362,1410,23631,3406,1647,1759
33065,25625,1991,12363,1410,23634,3407,1648,1759
33070,25630,1991,12368,1410,23639,3408,1649,1759
33075,25634,1991,12370,1410,23643,3408,1649,1759
33080,25637,1991,12372,1410,23646,3408,1649,1759
33085,25638,1991,12373,1410,23647,3408,1649,1759
33090,25643,1991,12375,1410,23652,3408,1649,1759
33095,25645,1991,12376,1410,23654,3409,1650,1759
33100,25653,1993,12381,1411,23660,3409,1650,1759
33105,25656,1993,12383,1411,23663,3410,1651,1759
33110,25661,1993,12386,1411,23668,3411,1652,1759
33115,25665,1993,12388,1411,23672,3411,1652,1759
33120,25668,1993,12390,1411,23675,3411,1652,1759
33125,25669,1993,12391,1411,23676,3411,1652,1759
33130,25674,1993,12393,1411,23681,3411,1652,1759
33135,25676,1993,12394,1411,23683,3412,1653,1759
33140,25684,1995,12400,1412,23689,3412,1653,1759
33145,25687,1995,12402,1412,23692,3413,1654,1759
33150,25692,1995,12404,1412,23697,3414,1655,1759
33155,25696,1995,12407,1412,23701,3414,1655,1759
33160,25699,1995,12408,1412,23704,3414,1655,1759
33165,25700,1995,12409,1412,23705,3414,1655,1759
33170,25705,1996,12412,1412,23709,3414,1655,1759
33175,25707,1996,12413,1412,23711,3415,1656,1759
33180,25715,1998,12418,1414,23717,3416,1657,1759
33185,25718,1998,12418,1414,23720,3416,1657,1759
33190,25723,1998,12420,1414,23725,3417,1657,1760
33195,25727,1998,12423,1414,23729,3417,1657,1760
33200,25730,1998,12425,1414,23732,3418,1658,1760
33205,25731,1998,12425,1414,23733,3418,1658,1760
33210,25736,1998,12427,1414,23738,3418,1658,1760
33215,25738,1998,12427,1414,23740,3419,1658,1761
33220,25746,1999,12428,1414,23747,3420,1658,1762
33225,25749,1999,12429,1414,23750,3420,1658,1762
33230,25754,1999,12431,1414,23755,3421,1659,1762
33235,25758,1999,12433,1414,23759,3421,1659,1762
33240,25761,1999,12434,1414,23762,3422,1659,1763
33245,25762,1999,12435,1414,23763,3422,1659,1763
33250,25767,1999,12437,1414,23768,3422,1659,1763
33255,25769,1999,12438,1414,23770,3423,1660,1763
33260,25777,2001,12441,1416,23776,3424,1660,1764
33265,25780,2001,12443,1416,23779,3424,1660,1764
33270,25785,2001,12447,1416,23784,3425,1661,1764
33275,25789,2001,12449,1416,23788,3425,1661,1764
33280,25792,2001,12451,1416,23791,3426,1662,1764
33285,25793,2001,12451,1416,23792,3426,1662,1764
33290,25798,2002,12455,1416,23796,3426,1662,1764
33295,25800,2002,12455,1416,23798,3427,1662,1765
33300,25808,2005,12462,1419,23803,3428,1663,1765
33305,25811,2005,12464,1419,23806,3429,1664,1765
33310,25816,2005,12466,1419,23811,3431,1665,1766
33315,25820,2005,12467,1419,23815,3432,1665,1767
33320,25823,2005,12468,1419,23818,3432,1665,1767
33325,25824,2005,12468,1419,23819,3432,1665,1767
33330,25829,2006,12470,1419,23823,3432,1665,1767
33335,25831,2006,12472,1419,23825,3433,1666,1767
33340,25839,2006,12477,1419,23833,3433,1666,1767
33345,25842,2006,12477,1419,23836,3434,1666,1768
33350,25847,2006,12480,1419,23841,3436,1667,1769
33355,25851,2006,12482,1419,23845,3436,1667,1769
33360,25854,2006,12483,1419,23848,3436,1667,1769
33365,25855,2007,12484,1420,23848,3436,1667,1769
33370,25860,2008,12487,1420,23852,3436,1667,1769
33375,25862,2008,12487,1420,23854,3437,1667,1770
33380,25870,2008,12490,1420,23862,3438,1667,1771
33385,25873,2008,12491,1420,23865,3438,1667,1771
33390,25878,2008,12494,1420,23870,3439,1668,1771
33395,25882,2008,12494,1420,23874,3439,1668,1771
33400,25885,2008,12494,1420,23877,3439,1668,1771
33405,25886,2009,12495,1421,23877,3439,1668,1771
33410,25891,2010,12497,1421,23881,3439,1668,1771
33415,25893,2010,12498,1421,23883,3440,1669,1771
33420,25901,2012,12502,1422,23889,3441,1670,1771
33425,25904,2013,12503,1423,23891,3441,1670,1771
33430,25909,2013,12505,1423,23896,3442,1671,1771
33435,25913,2013,12507,1423,23899,3442,1671,1771
33440,25916,2014,12508,1424,23902,3443,1672,1771
33445,25917,2014,12509,1424,23903,3443,1672,1771
33450,25922,2015,12512,1425,23907,3443,1672,1771
33455,25924,2015,12514,1425,23909,3444,1673,1771
33460,25932,2017,12518,1426,23915,3444,1673,1771
33465,25935,2017,12519,1426,23918,3445,1673,1772
33470,25940,2017,12520,1426,23923,3447,1674,1773
33475,25944,2017,12523,1426,23927,3447,1674,1773
33480,25947,2017,12524,1426,23930,3448,1674,1774
33485,25948,2017,12525,1426,23931,3448,1674,1774
33490,25953,2017,12527,1426,23936,3448,1674,1774
33495,25955,2017,12529,1426,23938,3449,1675,1774
33500,25963,2017,12532,1426,23946,3449,1675,1774
33505,25966,2017,12533,1426,23949,3449,1675,1774
33510,25971,2017,12536,1426,23954,3450,1675,1775
33515,25975,2017,12537,1426,23958,3450,1675,1775
33520,25978,2017,12539,1426,23961,3451,1675,1776
33525,25979,2017,12540,1426,23962,3451,1675,1776
33530,25984,2017,12542,1426,23967,3451,1675,1776
33535,25986,2017,12542,1426,23969,3452,1675,1777
33540,25994,2017,12546,1426,23977,3453,1675,1778
33545,25997,2017,12549,1426,23980,3453,1675,1778
33550,26002,2017,12551,1426,23985,3454,1675,1779
33555,26006,2017,12552,1426,23989,3454,1675,1779
33560,26009,2017,12554,1426,23992,3454,1675,1779
33565,26010,2018,12555,1427,23992,3454,1675,1779
33570,26015,2019,12558,1428,23996,3454,1675,1779
33575,26017,2019,12560,1428,23998,3455,1676,1779
33580,26025,2019,12564,1428,24006,3456,1676,1780
33585,26028,2019,12565,1428,24009,3456,1676,1780
33590,26033,2019,12569,1428,24014,3457,1677,1780
33595,26037,2019,12570,1428,24018,3457,1677,1780
33600,26040,2019,12572,1428,24021,3457,1677,1780
33605,26041,2019,12573,1428,24022,3457,1677,1780
33610,26046,2019,12576,1428,24027,3457,1677,1780
33615,26048,2019,12578,1428,24029,3458,1678,1780
33620,26056,2022,12582,1430,24034,3459,1678,1781
33625,26059,2022,12582,1430,24037,3459,1678,1781
33630,26064,2022,12584,1430,24042,3460,1678,1782
33635,26068,2022,12586,1430,24046,3461,1679,1782
33640,26071,2022,12588,1430,24049,3461,1679,1782
33645,26072,2022,12589,1430,24050,3461,1679,1782
33650,26077,2022,12590,1430,24055,3461,1679,1782
33655,26079,2022,12591,1430,24057,3462,1680,1782
33660,26087,2023,12594,1431,24064,3463,1681,1782
33665,26090,2023,12596,1431,24067,3464,1682,1782
33670,26095,2023,12599,1431,24072,3465,1683,1782
33675,26099,2023,12601,1431,24076,3466,1683,1783
33680,26102,2023,12602,1431,24079,3466,1683,1783
33685,26103,2023,12602,1431,24080,3466,1683,1783
33690,26108,2023,12605,1431,24085,3466,1683,1783
33695,26110,2023,12606,1431,24087,3467,1684,1783
33700,26118,2024,12608,1431,24094,3468,1685,1783
33705,26121,2024,12609,1431,24097,3469,1686,1783
33710,26126,2024,12611,1431,24102,3471,1688,1783
33715,26130,2024,12613,1431,24106,3472,1688,1784
33720,26133,2024,12613,1431,24109,3473,1688,1785
33725,26134,2024,12613,1431,24110,3473,1688,1785
33730,26139,2025,12614,1431,24114,3473,1688,1785
33735,26141,2025,12615,1431,24116,3474,1688,1786
33740,26149,2027,12619,1433,24122,3474,1688,1786
33745,26152,2028,12620,1434,24124,3474,1688,1786
33750,26157,2028,12624,1434,24129,3475,1689,1786
33755,26161,2028,12624,1434,24133,3475,1689,1786
33760,26164,2028,12625,1434,24136,3476,1689,1787
33765,26165,2028,12625,1434,24137,3476,1689,1787
33770,26170,2029,12627,1434,24141,3476,1689,1787
33775,26172,2029,12627,1434,24143,3477,1689,1788
33780,26180,2031,12633,1435,24149,3477,1689,1788
33785,26183,2031,12634,1435,24152,3477,1689,1788
33790,26188,2031,12638,1435,24157,3478,1690,1788
33795,26192,2031,12640,1435,24160,3478,1690,1788
33800,26195,2032,12642,1436,24163,3479,1691,1788
33805,26196,2032,12643,1436,24164,3479,1691,1788
33810,26201,2033,12647,1436,24168,3479,1691,1788
33815,26203,2033,12648,1436,24170,3480,1691,1789
33820,26211,2035,12652,1437,24176,3480,1691,1789
33825,26214,2036,12655,1438,24178,3480,1691,1789
33830,26219,2036,12658,1438,24183,3482,1692,1790
33835,26223,2036,12660,1438,24187,3483,1693,1790
33840,26226,2036,12661,1438,24190,3484,1694,1790
33845,26227,2036,12662,1438,24191,3484,1694,1790
33850,26232,2036,12664,1438,24196,3484,1694,1790
33855,26234,2036,12666,1438,24198,3485,1695,1790
33860,26242,2036,12671,1438,24206,3486,1696,1790
33865,26245,2036,12672,1438,24209,3486,1696,1790
33870,26250,2036,12674,1438,24214,3487,1696,1791
33875,26254,2036,12676,1438,24218,3487,1696,1791
33880,26257,2036,12678,1438,24221,3487,1696,1791
33885,26258,2036,12678,1438,24222,3487,1696,1791
33890,26263,2036,12681,1438,24227,3487,1696,1791
33895,26265,2036,12683,1438,24229,3488,1697,1791
33900,26273,2036,12687,1438,24237,3488,1697,1791
33905,26276,2036,12688,1438,24240,3488,1697,1791
33910,26281,2036,12691,1438,24245,3489,1698,1791
33915,26285,2036,12693,1438,24249,3489,1698,1791
33920,26288,2036,12693,1438,24252,3489,1698,1791
33925,26289,2036,12694,1438,24253,3489,1698,1791
33930,26294,2036,12697,1438,24258,3489,1698,1791
33935,26296,2036,12699,1438,24260,3490,1699,1791
33940,26304,2036,12703,1438,24268,3490,1699,1791
33945,26307,2036,12704,1438,24271,3490,1699,1791
33950,26312,2036,12707,1438,24276,3491,1700,1791
33955,26316,2036,12709,1438,24280,3492,1701,1791
33960,26319,2036,12710,1438,24283,3493,1701,1792
33965,26320,2037,12711,1439,24283,3493,1701,1792
33970,26325,2038,12712,1439,24287,3493,1701,1792
33975,26327,2038,12713,1439,24289,3494,1702,1792
33980,26335,2040,12718,1441,24295,3495,1703,1792
33985,26338,2040,12720,1441,24298,3496,1704,1792
33990,26343,2040,12723,1441,24303,3498,1706,1792
33995,26347,2040,12724,1441,24307,3498,1706,1792
34000,26350,2040,12726,1441,24310,3499,1707,1792
34005,26351,2041,12727,1442,24310,3499,1707,1792
34010,26356,2042,12729,1443,24314,3499,1707,1792
34015,26358,2042,12730,1443,24316,3500,1708,1792
34020,26366,2044,12733,1445,24322,3501,1708,1793
34025,26369,2045,12735,1446,24324,3501,1708,1793
34030,26374,2045,12736,1446,24329,3502,1708,1794
34035,26378,2045,12738,1446,24333,3502,1708,1794
34040,26381,2045,12740,1446,24336,3503,1709,1794
34045,26382,2045,12740,1446,24337,3503,1709,1794
34050,26387,2045,12742,1446,24342,3503,1709,1794
34055,26389,2045,12742,1446,24344,3504,1709,1795
34060,26397,2046,12746,1446,24351,3505,1709,1796
34065,26400,2047,12749,1447,24353,3505,1709,1796
34070,26405,2047,12752,1447,24358,3506,1709,1797
34075,26409,2047,12755,1447,24362,3507,1710,1797
34080,26412,2047,12755,1447,24365,3508,1710,1798
34085,26413,2047,12756,1447,24366,3508,1710,1798
34090,26418,2047,12758,1447,24371,3508,1710,1798
34095,26420,2047,12760,1447,24373,3509,1711,1798
34100,26428,2048,12765,1448,24380,3510,1712,1798
34105,26431,2049,12767,1449,24382,3510,1712,1798
34110,26436,2049,12770,1449,24387,3511,1712,1799
34115,26440,2049,12771,1449,24391,3512,1712,1800
34120,26443,2049,12771,1449,24394,3513,1712,1801
34125,26444,2049,12772,1449,24395,3513,1712,1801
34130,26449,2050,12774,1449,24399,3513,1712,1801
34135,26451,2050,12775,1449,24401,3514,1713,1801
34140,26459,2052,12781,1451,24407,3515,1713,1802
34145,26462,2052,12781,1451,24410,3515,1713,1802
34150,26467,2052,12782,1451,24415,3516,1714,1802
34155,26471,2052,12784,1451,24419,3516,1714,1802
34160,26474,2052,12785,1451,24422,3516,1714,1802
34165,26475,2052,12786,1451,24423,3516,1714,1802
34170,26480,2053,12790,1452,24427,3516,1714,1802
34175,26482,2053,12791,1452,24429,3517,1714,1803
34180,26490,2053,12795,1452,24437,3517,1714,1803
34185,26493,2053,12797,1452,24440,3517,1714,1803
34190,26498,2053,12801,1452,24445,3518,1715,1803
34195,26502,2053,12802,1452,24449,3518,1715,1803
34200,26505,2053,12803,1452,24452,3518,1715,1803
34205,26506,2054,12804,1453,24452,3518,1715,1803
34210,26511,2055,12806,1454,24456,3518,1715,1803
34215,26513,2055,12807,1454,24458,3519,1716,1803
34220,26521,2055,12809,1454,24466,3520,1716,1804
34225,26524,2055,12811,1454,24469,3520,1716,1804
34230,26529,2055,12815,1454,24474,3522,1718,1804
34235,26533,2055,12818,1454,24478,3522,1718,1804
34240,26536,2055,12819,1454,24481,3522,1718,1804
34245,26537,2055,12819,1454,24482,3522,1718,1804
34250,26542,2056,12821,1455,24486,3522,1718,1804
34255,26544,2056,12823,1455,24488,3523,1719,1804
34260,26552,2059,12828,1458,24493,3524,1719,1805
34265,26555,2059,12828,1458,24496,3524,1719,1805
34270,26560,2059,12830,1458,24501,3525,1719,1806
34275,26564,2059,12831,1458,24505,3525,1719,1806
34280,26567,2059,12833,1458,24508,3526,1720,1806
34285,26568,2059,12834,1458,24509,3526,1720,1806
34290,26573,2059,12836,1458,24514,3526,1720,1806
34295,26575,2059,12836,1458,24516,3527,1720,1807
34300,26583,2061,12839,1459,24522,3527,1720,1807
34305,26586,2062,12841,1460,24524,3527,1720,1807
34310,26591,2062,12845,1460,24529,3528,1721,1807
34315,26595,2062,12846,1460,24533,3528,1721,1807
34320,26598,2062,12847,1460,24536,3529,1722,1807
34325,26599,2062,12847,1460,24537,3529,1722,1807
34330,26604,2062,12850,1460,24542,3529,1722,1807
34335,26606,2062,12851,1460,24544,3530,1723,1807
34340,26614,2062,12854,1460,24552,3530,1723,1807
34345,26617,2062,12856,1460,24555,3530,1723,1807
34350,26622,2062,12859,1460,24560,3531,1724,1807
34355,26626,2062,12862,1460,24564,3532,1725,1807
34360,26629,2062,12864,1460,24567,3533,1726,1807
34365,26630,2062,12864,1460,24568,3533,1726,1807
34370,26635,2063,12865,1460,24572,3533,1726,1807
34375,26637,2063,12866,1460,24574,3534,1727,1807
34380,26645,2064,12870,1461,24581,3535,1727,1808
34385,26648,2064,12871,1461,24584,3535,1727,1808
34390,26653,2064,12875,1461,24589,3537,1729,1808
34395,26657,2064,12875,1461,24593,3537,1729,1808
34400,26660,2064,12876,1461,24596,3537,1729,1808
34405,26661,2064,12877,1461,24597,3537,1729,1808
34410,26666,2065,12879,1462,24601,3537,1729,1808
34415,26668,2065,12880,1462,24603,3538,1729,1809
34420,26676,2065,12885,1462,24611,3538,1729,1809
34425,26679,2065,12887,1462,24614,3538,1729,1809
34430,26684,2065,12890,1462,24619,3539,1729,1810
34435,26688,2065,12891,1462,24623,3539,1729,1810
34440,26691,2065,12892,1462,24626,3539,1729,1810
34445,26692,2065,12893,1462,24627,3539,1729,1810
34450,26697,2066,12895,1463,24631,3539,1729,1810
34455,26699,2066,12897,1463,24633,3540,1730,1810
34460,26707,2068,12900,1465,24639,3540,1730,1810
34465,26710,2068,12901,1465,24642,3540,1730,1810
34470,26715,2068,12904,1465,24647,3541,1730,1811
34475,26719,2068,12905,1465,24651,3542,1731,1811
34480,26722,2068,12907,1465,24654,3542,1731,1811
34485,26723,2068,12907,1465,24655,3542,1731,1811
34490,26728,2069,12910,1465,24659,3542,1731,1811
34495,26730,2069,12911,1465,24661,3543,1731,1812
34500,26738,2072,12915,1468,24666,3544,1731,1813
34505,26741,2073,12917,1469,24668,3544,1731,1813
34510,26746,2073,12919,1469,24673,3545,1731,1814
34515,26750,2073,12922,1469,24677,3545,1731,1814
34520,26753,2073,12923,1469,24680,3546,1732,1814
34525,26754,2073,12923,1469,24681,3546,1732,1814
34530,26759,2073,12926,1469,24686,3546,1732,1814
34535,26761,2073,12928,1469,24688,3547,1733,1814
34540,26769,2075,12934,1471,24694,3547,1733,1814
34545,26772,2076,12936,1472,24696,3547,1733,1814
34550,26777,2076,12938,1472,24701,3549,1734,1815
34555,26781,2076,12941,1472,24705,3549,1734,1815
34560,26784,2076,12943,1472,24708,3550,1735,1815
34565,26785,2076,12943,1472,24709,3550,1735,1815
34570,26790,2076,12944,1472,24714,3550,1735,1815
34575,26792,2076,12945,1472,24716,3551,1736,1815
34580,26800,2078,12952,1474,24722,3551,1736,1815
34585,26803,2079,12954,1475,24724,3551,1736,1815
34590,26808,2079,12957,1475,24729,3552,1736,1816
34595,26812,2079,12958,1475,24733,3552,1736,1816
34600,26815,2079,12960,1475,24736,3553,1737,1816
34605,26816,2079,12960,1475,24737,3553,1737,1816
34610,26821,2080,12961,1475,24741,3553,1737,1816
34615,26823,2080,12962,1475,24743,3554,1738,1816
34620,26831,2083,12967,1477,24748,3555,1739,1816
34625,26834,2083,12969,1477,24751,3555,1739,1816
34630,26839,2083,12973,1477,24756,3556,1740,1816
34635,26843,2083,12977,1477,24760,3557,1741,1816
34640,26846,2083,12980,1477,24763,3558,1742,1816
34645,26847,2083,12981,1477,24764,3558,1742,1816
34650,26852,2083,12985,1477,24769,3558,1742,1816
34655,26854,2083,12987,1477,24771,3559,1743,1816
34660,26862,2083,12991,1477,24779,3560,1743,1817
34665,26865,2083,12992,1477,24782,3560,1743,1817
34670,26870,2083,12995,1477,24787,3561,1744,1817
34675,26874,2083,12996,1477,24791,3562,1744,1818
34680,26877,2083,12997,1477,24794,3563,1744,1819
34685,26878,2083,12997,1477,24795,3563,1744,1819
34690,26883,2083,12999,1477,24800,3563,1744,1819
34695,26885,2083,12999,1477,24802,3564,1744,1820
34700,26893,2083,13002,1477,24810,3564,1744,1820
34705,26896,2083,13002,1477,24813,3564,1744,1820
34710,26901,2083,13006,1477,24818,3566,1746,1820
34715,26905,2083,13008,1477,24822,3567,1746,1821
34720,26908,2083,13010,1477,24825,3567,1746,1821
34725,26909,2083,13010,1477,24826,3567,1746,1821
34730,26914,2084,13012,1477,24830,3567,1746,1821
34735,26916,2084,13012,1477,24832,3568,1746,1822
34740,26924,2086,13017,1479,24838,3568,1746,1822
34745,26927,2086,13018,1479,24841,3569,1747,1822
34750,26932,2086,13021,1479,24846,3570,1748,1822
34755,26936,2086,13023,1479,24850,3570,1748,1822
34760,26939,2086,13025,1479,24853,3570,1748,1822
34765,26940,2086,13025,1479,24854,3570,1748,1822
34770,26945,2087,13026,1479,24858,3570,1748,1822
34775,26947,2087,13028,1479,24860,3571,1749,1822
34780,26955,2088,13034,1480,24867,3572,1750,1822
34785,26958,2089,13036,1481,24869,3573,1750,1823
34790,26963,2089,13037,1481,24874,3574,1750,1824
34795,26967,2089,13039,1481,24878,3574,1750,1824
34800,26970,2089,13041,1481,24881,3574,1750,1824
34805,26971,2089,13041,1481,24882,3574,1750,1824
34810,26976,2090,13044,1482,24886,3574,1750,1824
34815,26978,2090,13045,1482,24888,3575,1750,1825
34820,26986,2092,13049,1484,24894,3576,1751,1825
34825,26989,2093,13051,1485,24896,3577,1751,1826
34830,26994,2093,13052,1485,24901,3579,1752,1827
34835,26998,2093,13054,1485,24905,3579,1752,1827
34840,27001,2093,13057,1485,24908,3579,1752,1827
34845,27002,2094,13058,1486,24908,3579,1752,1827
34850,27007,2095,13060,1486,24912,3579,1752,1827
34855,27009,2095,13061,1486,24914,3580,1752,1828
34860,27017,2097,13065,1488,24920,3581,1753,1828
34865,27020,2097,13067,1488,24923,3582,1753,1829
34870,27025,2097,13069,1488,24928,3583,1753,1830
34875,27029,2097,13070,1488,24932,3583,1753,1830
34880,27032,2097,13072,1488,24935,3583,1753,1830
34885,27033,2098,13073,1489,24935,3583,1753,1830
34890,27038,2099,13077,1490,24939,3583,1753,1830
34895,27040,2099,13078,1490,24941,3584,1753,1831
34900,27048,2100,13084,1491,24948,3585,1754,1831
34905,27051,2100,13085,1491,24951,3586,1754,1832
34910,27056,2100,13089,1491,24956,3587,1755,1832
34915,27060,2100,13092,1491,24960,3587,1755,1832
34920,27063,2100,13093,1491,24963,3588,1756,1832
34925,27064,2100,13094,1491,24964,3588,1756,1832
34930,27069,2101,13096,1492,24968,3588,1756,1832
34935,27071,2101,13098,1492,24970,3589,1757,1832
34940,27079,2103,13103,1494,24976,3589,1757,1832
34945,27082,2103,13104,1494,24979,3589,1757,1832
34950,27087,2103,13106,1494,24984,3590,1757,1833
34955,27091,2103,13108,1494,24987,3590,1757,1833
34960,27094,2104,13109,1495,24990,3591,1757,1834
34965,27095,2104,13110,1495,24991,3591,1757,1834
34970,27100,2105,13113,1496,24995,3591,1757,1834
34975,27102,2105,13115,1496,24997,3592,1758,1834
34980,27110,2107,13120,1497,25003,3592,1758,1834
34985,27113,2108,13123,1498,25005,3592,1758,1834
34990,27118,2108,13124,1498,25010,3594,1758,1836
34995,27122,2108,13127,1498,25014,3595,1758,1837
35000,27125,2108,13129,1498,25017,3595,1758,1837
35005,27126,2108,13129,1498,25018,3595,1758,1837
35010,27131,2109,13132,1499,25022,3595,1758,1837
35015,27133,2109,13133,1499,25024,3596,1759,1837
35020,27141,2111,13138,1500,25030,3596,1759,1837
35025,27144,2111,13138,1500,25033,3596,1759,1837
35030,27149,2111,13140,1500,25038,3598,1760,1838
35035,27153,2111,13143,1500,25042,3599,1761,1838
35040,27156,2111,13144,1500,25045,3599,1761,1838
35045,27157,2111,13145,1500,25046,3599,1761,1838
35050,27162,2111,13147,1500,25051,3599,1761,1838
35055,27164,2111,13149,1500,25053,3600,1762,1838
35060,27172,2113,13154,1502,25059,3601,1763,1838
35065,27175,2114,13157,1503,25061,3601,1763,1838
35070,27180,2114,13158,1503,25066,3602,1763,1839
35075,27184,2114,13158,1503,25070,3603,1763,1840
35080,27187,2114,13159,1503,25073,3604,1763,1841
35085,27188,2114,13159,1503,25074,3604,1763,1841
35090,27193,2114,13161,1503,25079,3604,1763,1841
35095,27195,2114,13162,1503,25081,3605,1763,1842
35100,27203,2115,13163,1503,25088,3606,1763,1843
35105,27206,2115,13166,1503,25091,3606,1763,1843
35110,27211,2115,13169,1503,25096,3608,1764,1844
35115,27215,2115,13171,1503,25100,3608,1764,1844
35120,27218,2115,13172,1503,25103,3609,1765,1844
35125,27219,2115,13172,1503,25104,3609,1765,1844
35130,27224,2115,13174,1503,25109,3609,1765,1844
35135,27226,2115,13175,1503,25111,3610,1766,1844
35140,27234,2115,13182,1503,25119,3610,1766,1844
35145,27237,2115,13183,1503,25122,3610,1766,1844
35150,27242,2115,13186,1503,25127,3612,1767,1845
35155,27246,2115,13188,1503,25131,3612,1767,1845
35160,27249,2115,13189,1503,25134,3613,1768,1845
35165,27250,2115,13189,1503,25135,3613,1768,1845
35170,27255,2116,13193,1504,25139,3613,1768,1845
35175,27257,2116,13194,1504,25141,3614,1769,1845
35180,27265,2116,13199,1504,25149,3615,1770,1845
35185,27268,2116,13201,1504,25152,3616,1770,1846
35190,27273,2116,13202,1504,25157,3617,1770,1847
35195,27277,2116,13206,1504,25161,3617,1770,1847
35200,27280,2116,13208,1504,25164,3617,1770,1847
35205,27281,2117,13209,1505,25164,3617,1770,1847
35210,27286,2118,13213,1506,25168,3617,1770,1847
35215,27288,2118,13213,1506,25170,3618,1770,1848
35220,27296,2118,13215,1506,25178,3619,1771,1848
35225,27299,2118,13217,1506,25181,3619,1771,1848
35230,27304,2118,13220,1506,25186,3620,1772,1848
35235,27308,2118,13221,1506,25190,3620,1772,1848
35240,27311,2118,13223,1506,25193,3620,1772,1848
35245,27312,2118,13224,1506,25194,3620,1772,1848
35250,27317,2119,13226,1506,25198,3620,1772,1848
35255,27319,2119,13228,1506,25200,3621,1773,1848
35260,27327,2119,13229,1506,25208,3621,1773,1848
35265,27330,2119,13230,1506,25211,3621,1773,1848
35270,27335,2119,13231,1506,25216,3623,1773,1850
35275,27339,2119,13234,1506,25219,3623,1773,1850
35280,27342,2120,13236,1507,25222,3624,1773,1851
35285,27343,2120,13236,1507,25223,3624,1773,1851
35290,27348,2121,13237,1507,25227,3624,1773,1851
35295,27350,2121,13238,1507,25229,3625,1774,1851
35300,27358,2123,13242,1509,25235,3625,1774,1851
35305,27361,2123,13244,1509,25238,3625,1774,1851
35310,27366,2123,13247,1509,25243,3626,1774,1852
35315,27370,2123,13249,1509,25246,3627,1774,1853
35320,27373,2124,13250,1510,25249,3628,1774,1854
35325,27374,2124,13250,1510,25250,3628,1774,1854
35330,27379,2125,13255,1511,25254,3628,1774,1854
35335,27381,2125,13256,1511,25256,3629,1774,1855
35340,27389,2126,13258,1512,25263,3630,1774,1856
35345,27392,2126,13259,1512,25266,3630,1774,1856
35350,27397,2126,13262,1512,25271,3631,1775,1856
35355,27401,2126,13263,1512,25275,3632,1775,1857
35360,27404,2126,13265,1512,25278,3633,1775,1858
35365,27405,2126,13265,1512,25279,3633,1775,1858
35370,27410,2127,13268,1512,25283,3633,1775,1858
35375,27412,2127,13268,1512,25285,3634,1775,1859
35380,27420,2128,13269,1513,25292,3634,1775,1859
35385,27423,2128,13270,1513,25295,3634,1775,1859
35390,27428,2128,13272,1513,25300,3635,1775,1860
35395,27432,2128,13275,1513,25304,3636,1776,1860
35400,27435,2128,13275,1513,25307,3637,1776,1861
35405,27436,2128,13276,1513,25308,3637,1776,1861
35410,27441,2129,13279,1514,25312,3637,1776,1861
35415,27443,2129,13280,1514,25314,3638,1776,1862
35420,27451,2131,13283,1515,25320,3638,1776,1862
35425,27454,2131,13284,1515,25323,3638,1776,1862
35430,27459,2131,13286,1515,25328,3639,1777,1862
35435,27463,2131,13286,1515,25332,3639,1777,1862
35440,27466,2131,13287,1515,25335,3639,1777,1862
35445,27467,2131,13288,1515,25336,3639,1777,1862
35450,27472,2132,13290,1515,25340,3639,1777,1862
35455,27474,2132,13291,1515,25342,3640,1777,1863
35460,27482,2134,13294,1516,25348,3641,1777,1864
35465,27485,2135,13295,1517,25350,3641,1777,1864
35470,27490,2135,13298,1517,25355,3643,1778,1865
35475,27494,2135,13300,1517,25359,3643,1778,1865
35480,27497,2135,13301,1517,25362,3643,1778,1865
35485,27498,2135,13302,1517,25363,3643,1778,1865
35490,27503,2135,13304,1517,25368,3643,1778,1865
35495,27505,2135,13305,1517,25370,3644,1779,1865
35500,27513,2137,13310,1518,25376,3645,1780,1865
35505,27516,2137,13312,1518,25379,3645,1780,1865
35510,27521,2137,13314,1518,25384,3647,1780,1867
35515,27525,2137,13316,1518,25388,3648,1780,1868
35520,27528,2137,13316,1518,25391,3649,1780,1869
35525,27529,2137,13317,1518,25392,3649,1780,1869
35530,27534,2137,13318,1518,25397,3649,1780,1869
35535,27536,2137,13318,1518,25399,3650,1780,1870
35540,27544,2139,13322,1519,25405,3651,1781,1870
35545,27547,2140,13323,1520,25407,3651,1781,1870
35550,27552,2140,13326,1520,25412,3652,1782,1870
35555,27556,2140,13328,1520,25416,3652,1782,1870
35560,27559,2140,13329,1520,25419,3653,1783,1870
35565,27560,2140,13329,1520,25420,3653,1783,1870
35570,27565,2140,13333,1520,25425,3653,1783,1870
35575,27567,2140,13333,1520,25427,3654,1783,1871
35580,27575,2141,13334,1520,25434,3655,1783,1872
35585,27578,2141,13334,1520,25437,3655,1783,1872
35590,27583,2141,13336,1520,25442,3656,1783,1873
35595,27587,2141,13340,1520,25446,3656,1783,1873
35600,27590,2141,13340,1520,25449,3657,1783,1874
35605,27591,2141,13341,1520,25450,3657,1783,1874
35610,27596,2141,13343,1520,25455,3657,1783,1874
35615,27598,2141,13344,1520,25457,3658,1784,1874
35620,27606,2142,13347,1521,25464,3659,1785,1874
35625,27609,2142,13347,1521,25467,3660,1785,1875
35630,27614,2142,13348,1521,25472,3661,1785,1876
35635,27618,2142,13350,1521,25476,3662,1786,1876
35640,27621,2142,13352,1521,25479,3663,1786,1877
35645,27622,2142,13353,1521,25480,3663,1786,1877
35650,27627,2143,13354,1521,25484,3663,1786,1877
35655,27629,2143,13354,1521,25486,3664,1786,1878
35660,27637,2143,13355,1521,25494,3664,1786,1878
35665,27640,2143,13356,1521,25497,3664,1786,1878
35670,27645,2143,13358,1521,25502,3665,1786,1879
35675,27649,2143,13361,1521,25506,3665,1786,1879
35680,27652,2143,13363,1521,25509,3665,1786,1879
35685,27653,2143,13363,1521,25510,3665,1786,1879
35690,27658,2144,13365,1521,25514,3665,1786,1879
35695,27660,2144,13366,1521,25516,3666,1787,1879
35700,27668,2145,13370,1522,25523,3666,1787,1879
35705,27671,2145,13373,1522,25526,3666,1787,1879
35710,27676,2145,13375,1522,25531,3667,1788,1879
35715,27680,2145,13376,1522,25535,3667,1788,1879
35720,27683,2145,13379,1522,25538,3667,1788,1879
35725,27684,2145,13380,1522,25539,3667,1788,1879
35730,27689,2146,13384,1523,25543,3667,1788,1879
35735,27691,2146,13384,1523,25545,3668,1788,1880
35740,27699,2147,13387,1524,25552,3668,1788,1880
35745,27702,2147,13388,1524,25555,3668,1788,1880
35750,27707,2147,13390,1524,25560,3669,1788,1881
35755,27711,2147,13391,1524,25563,3669,1788,1881
35760,27714,2148,13392,1525,25566,3670,1789,1881
35765,27715,2148,13393,1525,25567,3670,1789,1881
35770,27720,2148,13394,1525,25572,3670,1789,1881
35775,27722,2148,13395,1525,25574,3671,1789,1882
35780,27730,2150,13396,1526,25580,3672,1789,1883
35785,27733,2151,13398,1527,25582,3673,1789,1884
35790,27738,2151,13399,1527,25587,3675,1789,1886
35795,27742,2151,13401,1527,25591,3676,1789,1887
35800,27745,2151,13402,1527,25594,3677,1789,1888
35805,27746,2151,13403,1527,25595,3677,1789,1888
35810,27751,2151,13406,1527,25600,3677,1789,1888
35815,27753,2151,13406,1527,25602,3678,1789,1889
35820,27761,2152,13408,1527,25609,3679,1790,1889
35825,27764,2152,13410,1527,25612,3679,1790,1889
35830,27769,2152,13415,1527,25617,3680,1791,1889
35835,27773,2152,13419,1527,25621,3680,1791,1889
35840,27776,2152,13421,1527,25624,3681,1792,1889
35845,27777,2152,13422,1527,25625,3681,1792,1889
35850,27782,2152,13425,1527,25630,3681,1792,1889
35855,27784,2152,13426,1527,25632,3682,1793,1889
35860,27792,2153,13427,1528,25639,3683,1793,1890
35865,27795,2153,13429,1528,25642,3683,1793,1890
35870,27800,2153,13430,1528,25647,3684,1793,1891
35875,27804,2153,13430,1528,25651,3684,1793,1891
35880,27807,2153,13432,1528,25654,3685,1794,1891
35885,27808,2153,13432,1528,25655,3685,1794,1891
35890,27813,2154,13434,1528,25659,3685,1794,1891
35895,27815,2154,13436,1528,25661,3686,1795,1891
35900,27823,2156,13439,1529,25667,3686,1795,1891
35905,27826,2156,13440,1529,25670,3686,1795,1891
35910,27831,2156,13442,1529,25675,3688,1796,1892
35915,27835,2156,13445,1529,25679,3689,1797,1892
35920,27838,2156,13447,1529,25682,3689,1797,1892
35925,27839,2157,13448,1530,25682,3689,1797,1892
35930,27844,2158,13450,1531,25686,3689,1797,1892
35935,27846,2158,13450,1531,25688,3690,1797,1893
35940,27854,2160,13454,1533,25694,3691,1798,1893
35945,27857,2160,13455,1533,25697,3691,1798,1893
35950,27862,2160,13457,1533,25702,3692,1798,1894
35955,27866,2160,13459,1533,25706,3692,1798,1894
35960,27869,2160,13461,1533,25709,3692,1798,1894
35965,27870,2160,13461,1533,25710,3692,1798,1894
35970,27875,2161,13462,1533,25714,3692,1798,1894
35975,27877,2161,13464,1533,25716,3693,1799,1894
35980,27885,2162,13469,1534,25723,3693,1799,1894
35985,27888,2162,13471,1534,25726,3693,1799,1894
35990,27893,2162,13474,1534,25731,3694,1800,1894
35995,27897,2162,13478,1534,25734,3694,1800,1894
36000,27900,2163,13479,1535,25737,3695,1801,1894
36005,27901,2163,13480,1535,25738,3695,1801,1894
36010,27906,2164,13481,1535,25742,3695,1801,1894
36015,27908,2164,13483,1535,25744,3696,1802,1894
36020,27916,2166,13488,1537,25750,3696,1802,1894
36025,27919,2166,13489,1537,25753,3697,1803,1894
36030,27924,2166,13490,1537,25758,3698,1803,1895
36035,27928,2166,13494,1537,25761,3698,1803,1895
36040,27931,2167,13494,1538,25764,3699,1803,1896
36045,27932,2167,13495,1538,25765,3699,1803,1896
36050,27937,2168,13499,1539,25769,3699,1803,1896
36055,27939,2168,13500,1539,25771,3700,1803,1897
36060,27947,2171,13503,1541,25776,3700,1803,1897
36065,27950,2172,13505,1542,25778,3700,1803,1897
36070,27955,2172,13508,1542,25783,3701,1804,1897
36075,27959,2172,13509,1542,25786,3701,1804,1897
36080,27962,2173,13511,1543,25789,3702,1804,1898
36085,27963,2173,13512,1543,25790,3702,1804,1898
36090,27968,2174,13514,1543,25794,3702,1804,1898
36095,27970,2174,13515,1543,25796,3703,1804,1899
36100,27978,2174,13520,1543,25804,3703,1804,1899
36105,27981,2174,13521,1543,25807,3703,1804,1899
36110,27986,2174,13522,1543,25812,3704,1804,1900
36115,27990,2174,13524,1543,25816,3704,1804,1900
36120,27993,2174,13525,1543,25819,3705,1805,1900
36125,27994,2174,13525,1543,25820,3705,1805,1900
36130,27999,2174,13526,1543,25825,3705,1805,1900
36135,28001,2174,13527,1543,25827,3706,1806,1900
36140,28009,2174,13531,1543,25835,3707,1807,1900
36145,28012,2174,13532,1543,25838,3707,1807,1900
36150,28017,2174,13536,1543,25843,3708,1808,1900
36155,28021,2174,13537,1543,25847,3708,1808,1900
36160,28024,2174,13538,1543,25850,3708,1808,1900
36165,28025,2174,13539,1543,25851,3708,1808,1900
36170,28030,2174,13541,1543,25856,3708,1808,1900
36175,28032,2174,13542,1543,25858,3709,1809,1900
36180,28040,2176,13545,1544,25864,3710,1809,1901
36185,28043,2176,13548,1544,25867,3710,1809,1901
36190,28048,2176,13551,1544,25872,3712,1810,1902
36195,28052,2176,13554,1544,25876,3713,1811,1902
36200,28055,2176,13556,1544,25879,3713,1811,1902
36205,28056,2176,13556,1544,25880,3713,1811,1902
36210,28061,2176,13558,1544,25885,3713,1811,1902
36215,28063,2176,13559,1544,25887,3714,1812,1902
36220,28071,2177,13561,1544,25894,3715,1813,1902
36225,28074,2177,13562,1544,25897,3715,1813,1902
36230,28079,2177,13564,1544,25902,3717,1814,1903
36235,28083,2177,13564,1544,25906,3718,1814,1904
36240,28086,2177,13565,1544,25909,3718,1814,1904
36245,28087,2178,13566,1545,25909,3718,1814,1904
36250,28092,2179,13569,1546,25913,3718,1814,1904
36255,28094,2179,13570,1546,25915,3719,1815,1904
36260,28102,2180,13574,1546,25922,3720,1816,1904
36265,28105,2180,13576,1546,25925,3721,1816,1905
36270,28110,2180,13577,1546,25930,3722,1816,1906
36275,28114,2180,13578,1546,25934,3723,1816,1907
36280,28117,2180,13578,1546,25937,3724,1816,1908
36285,28118,2181,13579,1547,25937,3724,1816,1908
36290,28123,2182,13580,1547,25941,3724,1816,1908
36295,28125,2182,13580,1547,25943,3725,1816,1909
36300,28133,2184,13584,1548,25949,3726,1817,1909
36305,28136,2185,13586,1549,25951,3727,1818,1909
36310,28141,2185,13588,1549,25956,3728,1819,1909
36315,28145,2185,13589,1549,25960,3728,1819,1909
36320,28148,2185,13591,1549,25963,3728,1819,1909
36325,28149,2185,13592,1549,25964,3728,1819,1909
36330,28154,2186,13594,1549,25968,3728,1819,1909
36335,28156,2186,13595,1549,25970,3729,1820,1909
36340,28164,2188,13599,1550,25976,3729,1820,1909
36345,28167,2188,13599,1550,25979,3730,1820,1910
36350,28172,2188,13602,1550,25984,3732,1821,1911
36355,28176,2188,13603,1550,25988,3732,1821,1911
36360,28179,2188,13604,1550,25991,3732,1821,1911
36365,28180,2188,13604,1550,25992,3732,1821,1911
36370,28185,2189,13607,1550,25996,3732,1821,1911
36375,28187,2189,13609,1550,25998,3733,1822,1911
36380,28195,2191,13617,1552,26004,3733,1822,1911
36385,28198,2192,13619,1553,26006,3734,1823,1911
36390,28203,2192,13621,1553,26011,3736,1824,1912
36395,28207,2192,13623,1553,26015,3737,1825,1912
36400,28210,2192,13624,1553,26018,3737,1825,1912
36405,28211,2192,13624,1553,26019,3737,1825,1912
36410,28216,2193,13626,1553,26023,3737,1825,1912
36415,28218,2193,13626,1553,26025,3738,1825,1913
36420,28226,2194,13628,1553,26032,3739,1825,1914
36425,28229,2194,13629,1553,26035,3739,1825,1914
36430,28234,2194,13633,1553,26040,3740,1826,1914
36435,28238,2194,13635,1553,26043,3740,1826,1914
36440,28241,2195,13637,1554,26046,3741,1826,1915
36445,28242,2196,13638,1555,26046,3741,1826,1915
36450,28247,2197,13642,1555,26050,3741,1826,1915
36455,28249,2197,13643,1555,26052,3742,1826,1916
36460,28257,2198,13645,1555,26059,3743,1826,1917
36465,28260,2198,13645,1555,26062,3743,1826,1917
36470,28265,2198,13647,1555,26067,3744,1827,1917
36475,28269,2198,13648,1555,26070,3744,1827,1917
36480,28272,2199,13649,1556,26073,3745,1828,1917
36485,28273,2199,13650,1556,26074,3745,1828,1917
36490,28278,2199,13654,1556,26079,3745,1828,1917
36495,28280,2199,13654,1556,26081,3746,1828,1918
36500,28288,2201,13660,1558,26087,3746,1828,1918
36505,28291,2201,13661,1558,26090,3746,1828,1918
36510,28296,2201,13665,1558,26095,3747,1829,1918
36515,28300,2201,13667,1558,26099,3747,1829,1918
36520,28303,2201,13669,1558,26102,3748,1829,1919
36525,28304,2201,13669,1558,26103,3748,1829,1919
36530,28309,2201,13671,1558,26108,3748,1829,1919
36535,28311,2201,13672,1558,26110,3749,1830,1919
36540,28319,2203,13674,1560,26116,3749,1830,1919
36545,28322,2203,13676,1560,26119,3749,1830,1919
36550,28327,2203,13677,1560,26124,3750,1831,1919
36555,28331,2203,13677,1560,26128,3750,1831,1919
36560,28334,2203,13679,1560,26131,3751,1832,1919
36565,28335,2203,13679,1560,26132,3751,1832,1919
36570,28340,2203,13679,1560,26137,3751,1832,1919
36575,28342,2203,13679,1560,26139,3752,1832,1920
36580,28350,2203,13683,1560,26147,3752,1832,1920
36585,28353,2203,13684,1560,26150,3752,1832,1920
36590,28358,2203,13687,1560,26155,3753,1832,1921
36595,28362,2203,13688,1560,26159,3753,1832,1921
36600,28365,2203,13688,1560,26162,3754,1832,1922
36605,28366,2203,13688,1560,26163,3754,1832,1922
36610,28371,2204,13690,1561,26167,3754,1832,1922
36615,28373,2204,13692,1561,26169,3755,1833,1922
36620,28381,2206,13696,1563,26175,3756,1833,1923
36625,28384,2206,13697,1563,26178,3756,1833,1923
36630,28389,2206,13700,1563,26183,3757,1833,1924
36635,28393,2206,13700,1563,26187,3758,1833,1925
36640,28396,2206,13700,1563,26190,3758,1833,1925
36645,28397,2206,13700,1563,26191,3758,1833,1925
36650,28402,2207,13703,1564,26195,3758,1833,1925
36655,28404,2207,13705,1564,26197,3759,1834,1925
36660,28412,2209,13708,1565,26203,3760,1834,1926
36665,28415,2209,13710,1565,26206,3760,1834,1926
36670,28420,2209,13711,1565,26211,3761,1834,1927
36675,28424,2209,13712,1565,26215,3761,1834,1927
36680,28427,2209,13715,1565,26218,3761,1834,1927
36685,28428,2209,13715,1565,26219,3761,1834,1927
36690,28433,2210,13717,1566,26223,3761,1834,1927
36695,28435,2210,13719,1566,26225,3762,1835,1927
36700,28443,2210,13723,1566,26233,3762,1835,1927
36705,28446,2210,13725,1566,26236,3763,1836,1927
36710,28451,2210,13726,1566,26241,3764,1836,1928
36715,28455,2210,13729,1566,26245,3764,1836,1928
36720,28458,2210,13731,1566,26248,3765,1837,1928
36725,28459,2211,13732,1567,26248,3765,1837,1928
36730,28464,2212,13734,1568,26252,3765,1837,1928
36735,28466,2212,13735,1568,26254,3766,1838,1928
36740,28474,2213,13740,1569,26261,3767,1839,1928
36745,28477,2213,13741,1569,26264,3767,1839,1928
36750,28482,2213,13743,1569,26269,3768,1839,1929
36755,28486,2213,13744,1569,26273,3768,1839,1929
36760,28489,2213,13745,1569,26276,3769,1839,1930
36765,28490,2214,13746,1570,26276,3769,1839,1930
36770,28495,2215,13749,1571,26280,3769,1839,1930
36775,28497,2215,13751,1571,26282,3770,1840,1930
36780,28505,2217,13754,1572,26288,3771,1840,1931
36785,28508,2218,13756,1573,26290,3771,1840,1931
36790,28513,2218,13759,1573,26295,3772,1841,1931
36795,28517,2218,13762,1573,26299,3772,1841,1931
36800,28520,2218,13764,1573,26302,3773,1841,1932
36805,28521,2218,13765,1573,26303,3773,1841,1932
36810,28526,2218,13767,1573,26308,3773,1841,1932
36815,28528,2218,13769,1573,26310,3774,1842,1932
36820,28536,2220,13773,1575,26316,3774,1842,1932
36825,28539,2221,13775,1576,26318,3774,1842,1932
36830,28544,2221,13778,1576,26323,3775,1843,1932
36835,28548,2221,13779,1576,26327,3775,1843,1932
36840,28551,2221,13780,1576,26330,3776,1843,1933
36845,28552,2221,13780,1576,26331,3776,1843,1933
36850,28557,2221,13783,1576,26336,3776,1843,1933
36855,28559,2221,13784,1576,26338,3777,1843,1934
36860,28567,2223,13787,1577,26344,3777,1843,1934
36865,28570,2223,13787,1577,26347,3777,1843,1934
36870,28575,2223,13789,1577,26352,3778,1843,1935
36875,28579,2223,13790,1577,26356,3778,1843,1935
36880,28582,2223,13792,1577,26359,3779,1843,1936
36885,28583,2223,13792,1577,26360,3779,1843,1936
36890,28588,2224,13794,1577,26364,3779,1843,1936
36895,28590,2224,13795,1577,26366,3780,1843,1937
36900,28598,2225,13798,1578,26373,3781,1843,1938
36905,28601,2225,13800,1578,26376,3781,1843,1938
36910,28606,2225,13804,1578,26381,3783,1845,1938
36915,28610,2225,13806,1578,26385,3784,1846,1938
36920,28613,2225,13808,1578,26388,3785,1847,1938
36925,28614,2226,13809,1579,26388,3785,1847,1938
36930,28619,2227,13812,1579,26392,3785,1847,1938
36935,28621,2227,13814,1579,26394,3786,1848,1938
36940,28629,2228,13816,1580,26401,3787,1848,1939
36945,28632,2228,13817,1580,26404,3787,1848,1939
36950,28637,2228,13819,1580,26409,3789,1849,1940
36955,28641,2228,13820,1580,26413,3790,1850,1940
36960,28644,2228,13820,1580,26416,3791,1850,1941
36965,28645,2228,13820,1580,26417,3791,1850,1941
36970,28650,2229,13823,1581,26421,3791,1850,1941
36975,28652,2229,13823,1581,26423,3792,1850,1942
36980,28660,2229,13825,1581,26431,3792,1850,1942
36985,28663,2229,13827,1581,26434,3792,1850,1942
36990,28668,2229,13829,1581,26439,3793,1850,1943
36995,28672,2229,13831,1581,26443,3793,1850,1943
37000,28675,2229,13831,1581,26446,3793,1850,1943
37005,28676,2229,13831,1581,26447,3793,1850,1943
37010,28681,2230,13836,1582,26451,3793,1850,1943
37015,28683,2230,13836,1582,26453,3794,1850,1944
37020,28691,2231,13840,1583,26460,3794,1850,1944
37025,28694,2231,13841,1583,26463,3794,1850,1944
37030,28699,2231,13845,1583,26468,3795,1851,1944
37035,28703,2231,13846,1583,26472,3795,1851,1944
37040,28706,2231,13847,1583,26475,3795,1851,1944
37045,28707,2231,13848,1583,26476,3795,1851,1944
37050,28712,2232,13852,1584,26480,3795,1851,1944
37055,28714,2232,13853,1584,26482,3796,1852,1944
37060,28722,2233,13857,1585,26489,3796,1852,1944
37065,28725,2233,13860,1585,26492,3796,1852,1944
37070,28730,2233,13863,1585,26497,3798,1852,1946
37075,28734,2233,13865,1585,26501,3798,1852,1946
37080,28737,2233,13868,1585,26504,3799,1853,1946
37085,28738,2233,13868,1585,26505,3799,1853,1946
37090,28743,2233,13870,1585,26510,3799,1853,1946
37095,28745,2233,13871,1585,26512,3800,1854,1946
37100,28753,2234,13874,1586,26519,3801,1854,1947
37105,28756,2235,13877,1587,26521,3801,1854,1947
37110,28761,2235,13879,1587,26526,3803,1856,1947
37115,28765,2235,13881,1587,26530,3804,1857,1947
37120,28768,2235,13883,1587,26533,3805,1858,1947
37125,28769,2235,13883,1587,26534,3805,1858,1947
37130,28774,2235,13885,1587,26539,3805,1858,1947
37135,28776,2235,13887,1587,26541,3806,1859,1947
37140,28784,2236,13890,1587,26548,3807,1860,1947
37145,28787,2237,13892,1588,26550,3808,1861,1947
37150,28792,2237,13896,1588,26555,3809,1862,1947
37155,28796,2237,13898,1588,26559,3810,1863,1947
37160,28799,2237,13900,1588,26562,3810,1863,1947
37165,28800,2237,13901,1588,26563,3810,1863,1947
37170,28805,2237,13902,1588,26568,3810,1863,1947
37175,28807,2237,13902,1588,26570,3811,1863,1948
37180,28815,2239,13906,1589,26576,3812,1863,1949
37185,28818,2239,13907,1589,26579,3813,1863,1950
37190,28823,2239,13909,1589,26584,3814,1864,1950
37195,28827,2239,13912,1589,26587,3815,1865,1950
37200,28830,2240,13913,1590,26590,3815,1865,1950
37205,28831,2241,13914,1591,26590,3815,1865,1950
37210,28836,2242,13915,1592,26594,3815,1865,1950
37215,28838,2242,13915,1592,26596,3816,1865,1951
37220,28846,2243,13918,1592,26603,3817,1865,1952
37225,28849,2243,13920,1592,26606,3817,1865,1952
37230,28854,2243,13922,1592,26611,3819,1866,1953
37235,28858,2243,13922,1592,26615,3820,1866,1954
37240,28861,2243,13924,1592,26618,3820,1866,1954
37245,28862,2243,13925,1592,26619,3820,1866,1954
37250,28867,2243,13928,1592,26624,3820,1866,1954
37255,28869,2243,13929,1592,26626,3821,1867,1954
37260,28877,2245,13935,1594,26632,3822,1868,1954
37265,28880,2245,13935,1594,26635,3822,1868,1954
37270,28885,2245,13937,1594,26640,3823,1869,1954
37275,28889,2245,13938,1594,26643,3823,1869,1954
37280,28892,2246,13939,1595,26646,3824,1870,1954
37285,28893,2246,13939,1595,26647,3824,1870,1954
37290,28898,2247,13940,1595,26651,3824,1870,1954
37295,28900,2247,13941,1595,26653,3825,1871,1954
37300,28908,2248,13945,1595,26660,3825,1871,1954
37305,28911,2248,13947,1595,26663,3825,1871,1954
37310,28916,2248,13948,1595,26668,3826,1871,1955
37315,28920,2248,13950,1595,26672,3826,1871,1955
37320,28923,2248,13951,1595,26675,3827,1871,1956
37325,28924,2248,13952,1595,26676,3827,1871,1956
37330,28929,2249,13954,1595,26680,3827,1871,1956
37335,28931,2249,13955,1595,26682,3828,1872,1956
37340,28939,2251,13960,1597,26688,3828,1872,1956
37345,28942,2251,13961,1597,26691,3829,1872,1957
37350,28947,2251,13963,1597,26696,3830,1872,1958
37355,28951,2251,13966,1597,26700,3830,1872,1958
37360,28954,2251,13969,1597,26703,3830,1872,1958
37365,28955,2251,13969,1597,26704,3830,1872,1958
37370,28960,2252,13972,1597,26708,3830,1872,1958
37375,28962,2252,13972,1597,26710,3831,1872,1959
37380,28970,2254,13976,1599,26716,3832,1872,1960
37385,28973,2254,13977,1599,26719,3833,1873,1960
37390,28978,2254,13977,1599,26724,3834,1873,1961
37395,28982,2254,13979,1599,26728,3834,1873,1961
37400,28985,2254,13979,1599,26731,3834,1873,1961
37405,28986,2255,13980,1600,26731,3834,1873,1961
37410,28991,2256,13984,1600,26735,3834,1873,1961
37415,28993,2256,13985,1600,26737,3835,1873,1962
37420,29001,2257,13986,1600,26744,3836,1873,1963
37425,29004,2257,13986,1600,26747,3837,1873,1964
37430,29009,2257,13989,1600,26752,3838,1873,1965
37435,29013,2257,13990,1600,26755,3838,1873,1965
37440,29016,2258,13990,1601,26758,3839,1873,1966
37445,29017,2258,13990,1601,26759,3839,1873,1966
37450,29022,2258,13992,1601,26764,3839,1873,1966
37455,29024,2258,13993,1601,26766,3840,1874,1966
37460,29032,2258,13995,1601,26774,3841,1874,1967
37465,29035,2258,13995,1601,26777,3841,1874,1967
37470,29040,2258,13996,1601,26782,3843,1875,1968
37475,29044,2258,13997,1601,26786,3843,1875,1968
37480,29047,2258,13998,1601,26789,3844,1876,1968
37485,29048,2258,13999,1601,26790,3844,1876,1968
37490,29053,2258,14004,1601,26795,3844,1876,1968
37495,29055,2258,14005,1601,26797,3845,1876,1969
37500,29063,2258,14010,1601,26805,3845,1876,1969
37505,29066,2258,14012,1601,26808,3845,1876,1969
37510,29071,2258,14014,1601,26813,3846,1876,1970
37515,29075,2258,14016,1601,26817,3846,1876,1970
37520,29078,2258,14017,1601,26820,3847,1877,1970
37525,29079,2258,14017,1601,26821,3847,1877,1970
37530,29084,2258,14020,1601,26826,3847,1877,1970
37535,29086,2258,14022,1601,26828,3848,1878,1970
37540,29094,2258,14024,1601,26836,3848,1878,1970
37545,29097,2258,14024,1601,26839,3848,1878,1970
37550,29102,2258,14027,1601,26844,3849,1878,1971
37555,29106,2258,14029,1601,26848,3849,1878,1971
37560,29109,2258,14031,1601,26851,3850,1879,1971
37565,29110,2259,14032,1602,26851,3850,1879,1971
37570,29115,2260,14036,1602,26855,3850,1879,1971
37575,29117,2260,14037,1602,26857,3851,1880,1971
37580,29125,2261,14041,1603,26864,3852,1881,1971
37585,29128,2262,14043,1604,26866,3852,1881,1971
37590,29133,2262,14047,1604,26871,3853,1882,1971
37595,29137,2262,14048,1604,26875,3853,1882,1971
37600,29140,2262,14049,1604,26878,3853,1882,1971
37605,29141,2262,14049,1604,26879,3853,1882,1971
37610,29146,2263,14051,1604,26883,3853,1882,1971
37615,29148,2263,14052,1604,26885,3854,1883,1971
37620,29156,2265,14054,1606,26891,3855,1883,1972
37625,29159,2266,14057,1607,26893,3856,1884,1972
37630,29164,2266,14060,1607,26898,3858,1885,1973
37635,29168,2266,14062,1607,26902,3859,1886,1973
37640,29171,2266,14063,1607,26905,3859,1886,1973
37645,29172,2267,14064,1608,26905,3859,1886,1973
37650,29177,2268,14067,1609,26909,3859,1886,1973
37655,29179,2268,14069,1609,26911,3860,1887,1973
37660,29187,2269,14072,1609,26918,3861,1888,1973
37665,29190,2269,14072,1609,26921,3862,1888,1974
37670,29195,2269,14075,1609,26926,3864,1889,1975
37675,29199,2269,14078,1609,26929,3865,1890,1975
37680,29202,2270,14080,1610,26932,3866,1891,1975
37685,29203,2270,14080,1610,26933,3866,1891,1975
37690,29208,2271,14082,1610,26937,3866,1891,1975
37695,29210,2271,14084,1610,26939,3867,1892,1975
37700,29218,2272,14091,1611,26946,3867,1892,1975
37705,29221,2273,14092,1612,26948,3868,1892,1976
37710,29226,2273,14096,1612,26953,3869,1892,1977
37715,29230,2273,14099,1612,26957,3869,1892,1977
37720,29233,2273,14100,1612,26960,3870,1893,1977
37725,29234,2273,14101,1612,26961,3870,1893,1977
37730,29239,2274,14103,1613,26965,3870,1893,1977
37735,29241,2274,14105,1613,26967,3871,1894,1977
37740,29249,2277,14108,1616,26972,3871,1894,1977
37745,29252,2278,14111,1617,26974,3871,1894,1977
37750,29257,2278,14113,1617,26979,3872,1894,1978
37755,29261,2278,14115,1617,26982,3872,1894,1978
37760,29264,2279,14116,1618,26985,3873,1894,1979
37765,29265,2279,14117,1618,26986,3873,1894,1979
37770,29270,2280,14119,1618,26990,3873,1894,1979
37775,29272,2280,14121,1618,26992,3874,1895,1979
37780,29280,2283,14125,1621,26997,3874,1895,1979
37785,29283,2283,14127,1621,27000,3874,1895,1979
37790,29288,2283,14130,1621,27005,3875,1896,1979
37795,29292,2283,14131,1621,27008,3875,1896,1979
37800,29295,2284,14132,1622,27011,3876,1896,1980
37805,29296,2284,14133,1622,27012,3876,1896,1980
37810,29301,2284,14136,1622,27017,3876,1896,1980
37815,29303,2284,14136,1622,27019,3877,1896,1981
37820,29311,2284,14139,1622,27027,3878,1897,1981
37825,29314,2284,14140,1622,27030,3878,1897,1981
37830,29319,2284,14141,1622,27035,3879,1897,1982
37835,29323,2284,14143,1622,27039,3879,1897,1982
37840,29326,2284,14146,1622,27042,3879,1897,1982
37845,29327,2284,14146,1622,27043,3879,1897,1982
37850,29332,2284,14148,1622,27048,3879,1897,1982
37855,29334,2284,14148,1622,27050,3880,1897,1983
37860,29342,2284,14152,1622,27058,3881,1897,1984
37865,29345,2284,14153,1622,27061,3881,1897,1984
37870,29350,2284,14155,1622,27066,3883,1897,1986
37875,29354,2284,14156,1622,27070,3884,1897,1987
37880,29357,2284,14157,1622,27073,3884,1897,1987
37885,29358,2284,14158,1622,27074,3884,1897,1987
37890,29363,2284,14160,1622,27079,3884,1897,1987
37895,29365,2284,14161,1622,27081,3885,1897,1988
37900,29373,2284,14167,1622,27089,3886,1898,1988
37905,29376,2284,14167,1622,27092,3886,1898,1988
37910,29381,2284,14168,1622,27097,3888,1899,1989
37915,29385,2284,14170,1622,27101,3889,1900,1989
37920,29388,2284,14171,1622,27104,3889,1900,1989
37925,29389,2285,14172,1623,27104,3889,1900,1989
37930,29394,2286,14174,1623,27108,3889,1900,1989
37935,29396,2286,14174,1623,27110,3890,1900,1990
37940,29404,2287,14179,1624,27117,3890,1900,1990
37945,29407,2287,14179,1624,27120,3891,1900,1991
37950,29412,2287,14181,1624,27125,3892,1900,1992
37955,29416,2287,14182,1624,27129,3892,1900,1992
37960,29419,2287,14184,1624,27132,3893,1901,1992
37965,29420,2288,14185,1625,27132,3893,1901,1992
37970,29425,2289,14187,1625,27136,3893,1901,1992
37975,29427,2289,14188,1625,27138,3894,1902,1992
37980,29435,2291,14194,1627,27144,3895,1902,1993
37985,29438,2291,14196,1627,27147,3896,1903,1993
37990,29443,2291,14199,1627,27152,3897,1903,1994
37995,29447,2291,14200,1627,27156,3897,1903,1994
38000,29450,2291,14203,1627,27159,3898,1904,1994
38005,29451,2291,14203,1627,27160,3898,1904,1994
38010,29456,2292,14206,1628,27164,3898,1904,1994
38015,29458,2292,14208,1628,27166,3899,1905,1994
38020,29466,2294,14213,1630,27172,3899,1905,1994
38025,29469,2294,14214,1630,27175,3900,1905,1995
38030,29474,2294,14216,1630,27180,3902,1907,1995
38035,29478,2294,14218,1630,27184,3903,1908,1995
38040,29481,2294,14220,1630,27187,3904,1909,1995
38045,29482,2294,14220,1630,27188,3904,1909,1995
38050,29487,2295,14222,1630,27192,3904,1909,1995
38055,29489,2295,14223,1630,27194,3905,1910,1995
38060,29497,2296,14227,1630,27201,3905,1910,1995
38065,29500,2297,14229,1631,27203,3905,1910,1995
38070,29505,2297,14232,1631,27208,3906,1910,1996
38075,29509,2297,14235,1631,27212,3906,1910,1996
38080,29512,2297,14236,1631,27215,3906,1910,1996
38085,29513,2297,14236,1631,27216,3906,1910,1996
38090,29518,2298,14239,1631,27220,3906,1910,1996
38095,29520,2298,14241,1631,27222,3907,1911,1996
38100,29528,2300,14248,1633,27228,3908,1912,1996
38105,29531,2301,14250,1634,27230,3908,1912,1996
38110,29536,2301,14254,1634,27235,3909,1913,1996
38115,29540,2301,14256,1634,27239,3909,1913,1996
38120,29543,2301,14257,1634,27242,3909,1913,1996
38125,29544,2301,14257,1634,27243,3909,1913,1996
38130,29549,2302,14258,1634,27247,3909,1913,1996
38135,29551,2302,14260,1634,27249,3910,1914,1996
38140,29559,2304,14265,1635,27255,3911,1915,1996
38145,29562,2304,14266,1635,27258,3911,1915,1996
38150,29567,2304,14268,1635,27263,3913,1916,1997
38155,29571,2304,14268,1635,27267,3914,1916,1998
38160,29574,2304,14270,1635,27270,3915,1917,1998
38165,29575,2304,14271,1635,27271,3915,1917,1998
38170,29580,2304,14274,1635,27276,3915,1917,1998
38175,29582,2304,14275,1635,27278,3916,1918,1998
38180,29590,2306,14277,1636,27284,3917,1918,1999
38185,29593,2306,14278,1636,27287,3917,1918,1999
38190,29598,2306,14281,1636,27292,3918,1918,2000
38195,29602,2306,14283,1636,27296,3918,1918,2000
38200,29605,2306,14284,1636,27299,3919,1919,2000
38205,29606,2306,14285,1636,27300,3919,1919,2000
38210,29611,2306,14288,1636,27305,3919,1919,2000
38215,29613,2306,14288,1636,27307,3920,1919,2001
38220,29621,2308,14292,1637,27313,3921,1920,2001
38225,29624,2309,14293,1638,27315,3921,1920,2001
38230,29629,2309,14296,1638,27320,3922,1921,2001
38235,29633,2309,14299,1638,27324,3922,1921,2001
38240,29636,2309,14300,1638,27327,3923,1921,2002
38245,29637,2309,14301,1638,27328,3923,1921,2002
38250,29642,2309,14303,1638,27333,3923,1921,2002
38255,29644,2309,14305,1638,27335,3924,1922,2002
38260,29652,2311,14309,1640,27341,3925,1922,2003
38265,29655,2312,14312,1641,27343,3926,1923,2003
38270,29660,2312,14315,1641,27348,3928,1924,2004
38275,29664,2312,14318,1641,27351,3929,1924,2005
38280,29667,2313,14321,1642,27354,3930,1925,2005
38285,29668,2313,14322,1642,27355,3930,1925,2005
38290,29673,2314,14324,1642,27359,3930,1925,2005
38295,29675,2314,14326,1642,27361,3931,1926,2005
38300,29683,2314,14330,1642,27369,3931,1926,2005
38305,29686,2314,14330,1642,27372,3931,1926,2005
38310,29691,2314,14331,1642,27377,3932,1926,2006
38315,29695,2314,14334,1642,27381,3932,1926,2006
38320,29698,2314,14337,1642,27384,3932,1926,2006
38325,29699,2314,14337,1642,27385,3932,1926,2006
38330,29704,2315,14339,1643,27389,3932,1926,2006
38335,29706,2315,14340,1643,27391,3933,1927,2006
38340,29714,2315,14343,1643,27399,3933,1927,2006
38345,29717,2315,14345,1643,27402,3933,1927,2006
38350,29722,2315,14346,1643,27407,3934,1927,2007
38355,29726,2315,14349,1643,27411,3934,1927,2007
38360,29729,2315,14350,1643,27414,3934,1927,2007
38365,29730,2315,14350,1643,27415,3934,1927,2007
38370,29735,2316,14353,1643,27419,3934,1927,2007
38375,29737,2316,14354,1643,27421,3935,1928,2007
38380,29745,2316,14359,1643,27429,3935,1928,2007
38385,29748,2316,14359,1643,27432,3935,1928,2007
38390,29753,2316,14362,1643,27437,3936,1929,2007
38395,29757,2316,14365,1643,27440,3937,1930,2007
38400,29760,2317,14367,1644,27443,3938,1931,2007
38405,29761,2317,14368,1644,27444,3938,1931,2007
38410,29766,2317,14370,1644,27449,3938,1931,2007
38415,29768,2317,14371,1644,27451,3939,1931,2008
38420,29776,2319,14376,1645,27457,3939,1931,2008
38425,29779,2320,14379,1646,27459,3939,1931,2008
38430,29784,2320,14382,1646,27464,3941,1932,2009
38435,29788,2320,14385,1646,27468,3941,1932,2009
38440,29791,2320,14387,1646,27471,3942,1932,2010
38445,29792,2320,14387,1646,27472,3942,1932,2010
38450,29797,2320,14390,1646,27477,3942,1932,2010
38455,29799,2320,14391,1646,27479,3943,1933,2010
38460,29807,2322,14396,1648,27485,3943,1933,2010
38465,29810,2322,14396,1648,27488,3943,1933,2010
38470,29815,2322,14398,1648,27493,3944,1934,2010
38475,29819,2322,14400,1648,27497,3944,1934,2010
38480,29822,2322,14401,1648,27500,3945,1934,2011
38485,29823,2322,14401,1648,27501,3945,1934,2011
38490,29828,2322,14405,1648,27506,3945,1934,2011
38495,29830,2322,14406,1648,27508,3946,1935,2011
38500,29838,2323,14411,1649,27515,3946,1935,2011
38505,29841,2324,14414,1650,27517,3946,1935,2011
38510,29846,2324,14417,1650,27522,3947,1935,2012
38515,29850,2324,14419,1650,27526,3948,1935,2013
38520,29853,2324,14419,1650,27529,3949,1935,2014
38525,29854,2325,14420,1651,27529,3949,1935,2014
38530,29859,2325,14421,1651,27534,3949,1935,2014
38535,29861,2325,14423,1651,27536,3950,1936,2014
38540,29869,2327,14426,1652,27542,3951,1936,2015
38545,29872,2328,14428,1653,27544,3951,1936,2015
38550,29877,2328,14429,1653,27549,3952,1936,2016
38555,29881,2328,14430,1653,27553,3953,1937,2016
38560,29884,2328,14430,1653,27556,3953,1937,2016
38565,29885,2328,14430,1653,27557,3953,1937,2016
38570,29890,2328,14434,1653,27562,3953,1937,2016
38575,29892,2328,14435,1653,27564,3954,1938,2016
38580,29900,2330,14440,1655,27570,3955,1939,2016
38585,29903,2330,14441,1655,27573,3955,1939,2016
38590,29908,2330,14444,1655,27578,3957,1940,2017
38595,29912,2330,14446,1655,27582,3958,1941,2017
38600,29915,2330,14448,1655,27585,3958,1941,2017
38605,29916,2330,14448,1655,27586,3958,1941,2017
38610,29921,2330,14451,1655,27591,3958,1941,2017
38615,29923,2330,14453,1655,27593,3959,1942,2017
38620,29931,2330,14456,1655,27601,3960,1942,2018
38625,29934,2330,14457,1655,27604,3960,1942,2018
38630,29939,2330,14459,1655,27609,3962,1943,2019
38635,29943,2330,14460,1655,27612,3962,1943,2019
38640,29946,2331,14461,1656,27615,3963,1943,2020
38645,29947,2331,14462,1656,27616,3963,1943,2020
38650,29952,2332,14465,1656,27620,3963,1943,2020
38655,29954,2332,14466,1656,27622,3964,1944,2020
38660,29962,2332,14472,1656,27630,3964,1944,2020
38665,29965,2332,14474,1656,27633,3964,1944,2020
38670,29970,2332,14475,1656,27638,3965,1944,2021
38675,29974,2332,14476,1656,27642,3965,1944,2021
38680,29977,2332,14479,1656,27645,3966,1945,2021
38685,29978,2332,14480,1656,27646,3966,1945,2021
38690,29983,2333,14483,1657,27650,3966,1945,2021
38695,29985,2333,14484,1657,27652,3967,1945,2022
38700,29993,2333,14487,1657,27660,3967,1945,2022
38705,29996,2333,14490,1657,27663,3967,1945,2022
38710,30001,2333,14492,1657,27668,3968,1946,2022
38715,30005,2333,14495,1657,27672,3968,1946,2022
38720,30008,2333,14496,1657,27675,3968,1946,2022
38725,30009,2334,14497,1658,27675,3968,1946,2022
38730,30014,2335,14500,1659,27679,3968,1946,2022
38735,30016,2335,14500,1659,27681,3969,1946,2023
38740,30024,2335,14506,1659,27689,3970,1947,2023
38745,30027,2335,14508,1659,27692,3970,1947,2023
38750,30032,2335,14512,1659,27697,3972,1949,2023
38755,30036,2335,14515,1659,27701,3973,1950,2023
38760,30039,2335,14515,1659,27704,3973,1950,2023
38765,30040,2335,14516,1659,27705,3973,1950,2023
38770,30045,2335,14516,1659,27710,3973,1950,2023
38775,30047,2335,14517,1659,27712,3974,1951,2023
38780,30055,2336,14518,1659,27719,3974,1951,2023
38785,30058,2337,14520,1660,27721,3975,1952,2023
38790,30063,2337,14524,1660,27726,3977,1953,2024
38795,30067,2337,14526,1660,27730,3978,1954,2024
38800,30070,2337,14528,1660,27733,3979,1955,2024
38805,30071,2337,14528,1660,27734,3979,1955,2024
38810,30076,2337,14529,1660,27739,3979,1955,2024
38815,30078,2337,14529,1660,27741,3980,1955,2025
38820,30086,2339,14533,1661,27747,3980,1955,2025
38825,30089,2339,14533,1661,27750,3981,1955,2026
38830,30094,2339,14537,1661,27755,3982,1956,2026
38835,30098,2339,14539,1661,27759,3983,1957,2026
38840,30101,2339,14542,1661,27762,3984,1958,2026
38845,30102,2339,14543,1661,27763,3984,1958,2026
38850,30107,2339,14545,1661,27768,3984,1958,2026
38855,30109,2339,14547,1661,27770,3985,1959,2026
38860,30117,2341,14552,1663,27776,3985,1959,2026
38865,30120,2341,14552,1663,27779,3986,1959,2027
38870,30125,2341,14552,1663,27784,3987,1959,2028
38875,30129,2341,14555,1663,27787,3988,1959,2029
38880,30132,2342,14556,1664,27790,3989,1959,2030
38885,30133,2343,14557,1665,27790,3989,1959,2030
38890,30138,2344,14558,1665,27794,3989,1959,2030
38895,30140,2344,14559,1665,27796,3990,1959,2031
38900,30148,2344,14563,1665,27804,3991,1959,2032
38905,30151,2344,14564,1665,27807,3991,1959,2032
38910,30156,2344,14565,1665,27812,3993,1959,2034
38915,30160,2344,14567,1665,27816,3993,1959,2034
38920,30163,2344,14567,1665,27819,3993,1959,2034
38925,30164,2344,14567,1665,27820,3993,1959,2034
38930,30169,2345,14569,1665,27824,3993,1959,2034
38935,30171,2345,14570,1665,27826,3994,1960,2034
38940,30179,2345,14574,1665,27834,3995,1961,2034
38945,30182,2345,14577,1665,27837,3995,1961,2034
38950,30187,2345,14579,1665,27842,3996,1961,2035
38955,30191,2345,14582,1665,27846,3996,1961,2035
38960,30194,2345,14583,1665,27849,3996,1961,2035
38965,30195,2345,14583,1665,27850,3996,1961,2035
38970,30200,2346,14586,1666,27854,3996,1961,2035
38975,30202,2346,14587,1666,27856,3997,1961,2036
38980,30210,2346,14591,1666,27864,3997,1961,2036
38985,30213,2346,14592,1666,27867,3997,1961,2036
38990,30218,2346,14593,1666,27872,3998,1962,2036
38995,30222,2346,14594,1666,27876,3998,1962,2036
39000,30225,2346,14595,1666,27879,3998,1962,2036
39005,30226,2346,14595,1666,27880,3998,1962,2036
39010,30231,2347,14598,1666,27884,3998,1962,2036
39015,30233,2347,14599,1666,27886,3999,1963,2036
39020,30241,2350,14604,1668,27891,4000,1963,2037
39025,30244,2350,14605,1668,27894,4000,1963,2037
39030,30249,2350,14606,1668,27899,4001,1963,2038
39035,30253,2350,14609,1668,27902,4001,1963,2038
39040,30256,2351,14611,1669,27905,4001,1963,2038
39045,30257,2352,14612,1670,27905,4001,1963,2038
39050,30262,2353,14615,1671,27909,4001,1963,2038
39055,30264,2353,14616,1671,27911,4002,1964,2038
39060,30272,2354,14617,1671,27918,4003,1964,2039
39065,30275,2355,14620,1672,27920,4003,1964,2039
39070,30280,2355,14620,1672,27925,4004,1964,2040
39075,30284,2355,14622,1672,27929,4004,1964,2040
39080,30287,2355,14624,1672,27932,4005,1965,2040
39085,30288,2355,14625,1672,27933,4005,1965,2040
39090,30293,2355,14628,1672,27938,4005,1965,2040
39095,30295,2355,14629,1672,27940,4006,1965,2041
39100,30303,2356,14631,1672,27947,4006,1965,2041
39105,30306,2356,14632,1672,27950,4006,1965,2041
39110,30311,2356,14634,1672,27955,4007,1966,2041
39115,30315,2356,14636,1672,27959,4007,1966,2041
39120,30318,2356,14637,1672,27962,4008,1966,2042
39125,30319,2356,14638,1672,27963,4008,1966,2042
39130,30324,2356,14641,1672,27968,4008,1966,2042
39135,30326,2356,14642,1672,27970,4009,1966,2043
39140,30334,2357,14647,1673,27977,4009,1966,2043
39145,30337,2358,14649,1674,27979,4009,1966,2043
39150,30342,2358,14650,1674,27984,4010,1966,2044
39155,30346,2358,14652,1674,27988,4010,1966,2044
39160,30349,2358,14652,1674,27991,4011,1966,2045
39165,30350,2358,14653,1674,27992,4011,1966,2045
39170,30355,2359,14656,1674,27996,4011,1966,2045
39175,30357,2359,14657,1674,27998,4012,1967,2045
39180,30365,2362,14662,1676,28003,4013,1967,2046
39185,30368,2362,14662,1676,28006,4014,1967,2047
39190,30373,2362,14664,1676,28011,4015,1967,2048
39195,30377,2362,14666,1676,28015,4015,1967,2048
39200,30380,2362,14667,1676,28018,4015,1967,2048
39205,30381,2362,14667,1676,28019,4015,1967,2048
39210,30386,2362,14670,1676,28024,4015,1967,2048
39215,30388,2362,14671,1676,28026,4016,1968,2048
39220,30396,2364,14676,1677,28032,4017,1968,2049
39225,30399,2364,14676,1677,28035,4018,1968,2050
39230,30404,2364,14679,1677,28040,4019,1968,2051
39235,30408,2364,14682,1677,28044,4019,1968,2051
39240,30411,2364,14684,1677,28047,4019,1968,2051
39245,30412,2364,14684,1677,28048,4019,1968,2051
39250,30417,2364,14687,1677,28053,4019,1968,2051
39255,30419,2364,14688,1677,28055,4020,1968,2052
39260,30427,2365,14693,1677,28062,4020,1968,2052
39265,30430,2365,14695,1677,28065,4021,1968,2053
39270,30435,2365,14698,1677,28070,4022,1969,2053
39275,30439,2365,14699,1677,28074,4022,1969,2053
39280,30442,2365,14700,1677,28077,4022,1969,2053
39285,30443,2365,14700,1677,28078,4022,1969,2053
39290,30448,2366,14702,1677,28082,4022,1969,2053
39295,30450,2366,14703,1677,28084,4023,1970,2053
39300,30458,2368,14707,1678,28090,4023,1970,2053
39305,30461,2368,14707,1678,28093,4023,1970,2053
39310,30466,2368,14707,1678,28098,4024,1970,2054
39315,30470,2368,14709,1678,28102,4024,1970,2054
39320,30473,2368,14711,1678,28105,4025,1971,2054
39325,30474,2368,14711,1678,28106,4025,1971,2054
39330,30479,2369,14715,1679,28110,4025,1971,2054
39335,30481,2369,14715,1679,28112,4026,1971,2055
39340,30489,2371,14720,1681,28118,4027,1972,2055
39345,30492,2371,14722,1681,28121,4027,1972,2055
39350,30497,2371,14724,1681,28126,4029,1974,2055
39355,30501,2371,14727,1681,28129,4029,1974,2055
39360,30504,2372,14728,1682,28132,4030,1974,2056
39365,30505,2372,14728,1682,28133,4030,1974,2056
39370,30510,2372,14730,1682,28138,4030,1974,2056
39375,30512,2372,14730,1682,28140,4031,1974,2057
39380,30520,2372,14733,1682,28148,4031,1974,2057
39385,30523,2372,14735,1682,28151,4031,1974,2057
39390,30528,2372,14740,1682,28156,4032,1975,2057
39395,30532,2372,14741,1682,28160,4032,1975,2057
39400,30535,2372,14743,1682,28163,4032,1975,2057
39405,30536,2372,14744,1682,28164,4032,1975,2057
39410,30541,2372,14744,1682,28169,4032,1975,2057
39415,30543,2372,14746,1682,28171,4033,1976,2057
39420,30551,2372,14748,1682,28179,4033,1976,2057
39425,30554,2372,14749,1682,28182,4034,1976,2058
39430,30559,2372,14752,1682,28187,4035,1976,2059
39435,30563,2372,14754,1682,28191,4036,1977,2059
39440,30566,2372,14756,1682,28194,4036,1977,2059
39445,30567,2372,14756,1682,28195,4036,1977,2059
39450,30572,2372,14761,1682,28200,4036,1977,2059
39455,30574,2372,14763,1682,28202,4037,1978,2059
39460,30582,2372,14768,1682,28210,4037,1978,2059
39465,30585,2372,14771,1682,28213,4038,1979,2059
39470,30590,2372,14774,1682,28218,4040,1980,2060
39475,30594,2372,14777,1682,28222,4040,1980,2060
39480,30597,2372,14779,1682,28225,4040,1980,2060
39485,30598,2373,14780,1683,28225,4040,1980,2060
39490,30603,2374,14784,1684,28229,4040,1980,2060
39495,30605,2374,14785,1684,28231,4041,1980,2061
39500,30613,2376,14789,1686,28237,4041,1980,2061
39505,30616,2376,14790,1686,28240,4041,1980,2061
39510,30621,2376,14792,1686,28245,4042,1980,2062
39515,30625,2376,14795,1686,28248,4042,1980,2062
39520,30628,2377,14796,1687,28251,4043,1981,2062
39525,30629,2377,14796,1687,28252,4043,1981,2062
39530,30634,2378,14800,1688,28256,4043,1981,2062
39535,30636,2378,14801,1688,28258,4044,1982,2062
39540,30644,2380,14805,1689,28264,4044,1982,2062
39545,30647,2380,14806,1689,28267,4044,1982,2062
39550,30652,2380,14808,1689,28272,4045,1983,2062
39555,30656,2380,14812,1689,28275,4046,1984,2062
39560,30659,2381,14812,1690,28278,4047,1984,2063
39565,30660,2381,14813,1690,28279,4047,1984,2063
39570,30665,2382,14817,1690,28283,4047,1984,2063
39575,30667,2382,14818,1690,28285,4048,1985,2063
39580,30675,2383,14823,1691,28292,4048,1985,2063
39585,30678,2384,14825,1692,28294,4048,1985,2063
39590,30683,2384,14828,1692,28299,4049,1985,2064
39595,30687,2384,14831,1692,28302,4050,1985,2065
39600,30690,2385,14832,1693,28305,4051,1985,2066
39605,30691,2385,14832,1693,28306,4051,1985,2066
39610,30696,2385,14835,1693,28311,4051,1985,2066
39615,30698,2385,14836,1693,28313,4052,1986,2066
39620,30706,2385,14840,1693,28321,4053,1987,2066
39625,30709,2385,14842,1693,28324,4054,1988,2066
39630,30714,2385,14843,1693,28329,4055,1989,2066
39635,30718,2385,14843,1693,28333,4055,1989,2066
39640,30721,2385,14844,1693,28336,4055,1989,2066
39645,30722,2385,14844,1693,28337,4055,1989,2066
39650,30727,2385,14846,1693,28342,4055,1989,2066
39655,30729,2385,14847,1693,28344,4056,1990,2066
39660,30737,2385,14850,1693,28352,4057,1990,2067
39665,30740,2385,14850,1693,28355,4057,1990,2067
39670,30745,2385,14851,1693,28360,4058,1990,2068
39675,30749,2385,14852,1693,28364,4058,1990,2068
39680,30752,2385,14854,1693,28367,4058,1990,2068
39685,30753,2385,14854,1693,28368,4058,1990,2068
39690,30758,2385,14857,1693,28373,4058,1990,2068
39695,30760,2385,14859,1693,28375,4059,1991,2068
39700,30768,2385,14866,1693,28383,4060,1992,2068
39705,30771,2385,14868,1693,28386,4060,1992,2068
39710,30776,2385,14869,1693,28391,4061,1992,2069
39715,30780,2385,14870,1693,28395,4061,1992,2069
39720,30783,2385,14872,1693,28398,4062,1992,2070
39725,30784,2385,14873,1693,28399,4062,1992,2070
39730,30789,2386,14876,1694,28403,4062,1992,2070
39735,30791,2386,14878,1694,28405,4063,1993,2070
39740,30799,2388,14882,1696,28411,4063,1993,2070
39745,30802,2388,14884,1696,28414,4063,1993,2070
39750,30807,2388,14887,1696,28419,4065,1995,2070
39755,30811,2388,14888,1696,28422,4066,1995,2071
39760,30814,2389,14889,1697,28425,4067,1995,2072
39765,30815,2389,14890,1697,28426,4067,1995,2072
39770,30820,2390,14893,1698,28430,4067,1995,2072
39775,30822,2390,14894,1698,28432,4068,1995,2073
39780,30830,2392,14898,1700,28438,4068,1995,2073
39785,30833,2392,14898,1700,28441,4068,1995,2073
39790,30838,2392,14902,1700,28446,4069,1995,2074
39795,30842,2392,14903,1700,28449,4069,1995,2074
39800,30845,2393,14905,1701,28452,4070,1996,2074
39805,30846,2393,14906,1701,28453,4070,1996,2074
39810,30851,2394,14907,1702,28457,4070,1996,2074
39815,30853,2394,14908,1702,28459,4071,1996,2075
39820,30861,2395,14911,1703,28466,4071,1996,2075
39825,30864,2396,14913,1704,28468,4071,1996,2075
39830,30869,2396,14916,1704,28473,4072,1997,2075
39835,30873,2396,14917,1704,28477,4072,1997,2075
39840,30876,2396,14918,1704,28480,4073,1997,2076
39845,30877,2396,14918,1704,28481,4073,1997,2076
39850,30882,2396,14921,1704,28486,4073,1997,2076
39855,30884,2396,14922,1704,28488,4074,1997,2077
39860,30892,2397,14924,1705,28495,4075,1997,2078
39865,30895,2398,14926,1706,28497,4075,1997,2078
39870,30900,2398,14928,1706,28502,4076,1998,2078
39875,30904,2398,14931,1706,28506,4076,1998,2078
39880,30907,2398,14933,1706,28509,4077,1998,2079
39885,30908,2398,14933,1706,28510,4077,1998,2079
39890,30913,2398,14935,1706,28515,4077,1998,2079
39895,30915,2398,14937,1706,28517,4078,1999,2079
39900,30923,2400,14942,1708,28523,4079,2000,2079
39905,30926,2400,14942,1708,28526,4080,2000,2080
39910,30931,2400,14946,1708,28531,4081,2000,2081
39915,30935,2400,14949,1708,28535,4081,2000,2081
39920,30938,2400,14951,1708,28538,4081,2000,2081
39925,30939,2400,14951,1708,28539,4081,2000,2081
39930,30944,2400,14954,1708,28544,4081,2000,2081
39935,30946,2400,14954,1708,28546,4082,2000,2082
39940,30954,2401,14956,1708,28553,4083,2001,2082
39945,30957,2401,14958,1708,28556,4084,2002,2082
39950,30962,2401,14961,1708,28561,4086,2003,2083
39955,30966,2401,14962,1708,28565,4087,2003,2084
39960,30969,2401,14962,1708,28568,4087,2003,2084
39965,30970,2401,14963,1708,28569,4087,2003,2084
39970,30975,2401,14966,1708,28574,4087,2003,2084
39975,30977,2401,14968,1708,28576,4088,2004,2084
39980,30985,2401,14971,1708,28584,4089,2004,2085
39985,30988,2401,14974,1708,28587,4089,2004,2085
39990,30993,2401,14978,1708,28592,4090,2005,2085
39995,30997,2401,14981,1708,28596,4090,2005,2085
40000,31000,2401,14983,1708,28599,4090,2005,2085
40005,31001,2401,14984,1708,28600,4090,2005,2085
40010,31006,2402,14986,1708,28604,4090,2005,2085
40015,31008,2402,14988,1708,28606,4091,2006,2085
40020,31016,2402,14993,1708,28614,4092,2007,2085
40025,31019,2402,14996,1708,28617,4092,2007,2085
40030,31024,2402,14997,1708,28622,4093,2008,2085
40035,31028,2402,15000,1708,28625,4093,2008,2085
40040,31031,2403,15001,1709,28628,4094,2008,2086
40045,31032,2403,15001,1709,28629,4094,2008,2086
40050,31037,2404,15003,1709,28633,4094,2008,2086
40055,31039,2404,15003,1709,28635,4095,2008,2087
40060,31047,2404,15007,1709,28643,4095,2008,2087
40065,31050,2404,15007,1709,28646,4095,2008,2087
40070,31055,2404,15010,1709,28651,4096,2008,2088
40075,31059,2404,15012,1709,28655,4097,2009,2088
40080,31062,2404,15013,1709,28658,4098,2009,2089
40085,31063,2404,15014,1709,28659,4098,2009,2089
40090,31068,2405,15018,1710,28663,4098,2009,2089
40095,31070,2405,15019,1710,28665,4099,2010,2089
40100,31078,2406,15020,1710,28672,4099,2010,2089
40105,31081,2407,15022,1711,28674,4099,2010,2089
40110,31086,2407,15024,1711,28679,4101,2011,2090
40115,31090,2407,15026,1711,28683,4102,2011,2091
40120,31093,2407,15028,1711,28686,4102,2011,2091
40125,31094,2407,15028,1711,28687,4102,2011,2091
40130,31099,2408,15029,1711,28691,4102,2011,2091
40135,31101,2408,15030,1711,28693,4103,2012,2091
40140,31109,2411,15034,1713,28698,4104,2012,2092
40145,31112,2412,15036,1714,28700,4105,2013,2092
40150,31117,2412,15038,1714,28705,4107,2013,2094
40155,31121,2412,15040,1714,28709,4108,2014,2094
40160,31124,2412,15041,1714,28712,4108,2014,2094
40165,31125,2413,15042,1715,28712,4108,2014,2094
40170,31130,2414,15045,1715,28716,4108,2014,2094
40175,31132,2414,15046,1715,28718,4109,2015,2094
40180,31140,2415,15048,1715,28725,4110,2015,2095
40185,31143,2415,15049,1715,28728,4111,2016,2095
40190,31148,2415,15051,1715,28733,4113,2017,2096
40195,31152,2415,15053,1715,28736,4114,2017,2097
40200,31155,2416,15055,1716,28739,4115,2017,2098
40205,31156,2416,15056,1716,28740,4115,2017,2098
40210,31161,2416,15058,1716,28745,4115,2017,2098
40215,31163,2416,15058,1716,28747,4116,2017,2099
40220,31171,2417,15060,1716,28754,4116,2017,2099
40225,31174,2417,15060,1716,28757,4116,2017,2099
40230,31179,2417,15062,1716,28762,4117,2017,2100
40235,31183,2417,15064,1716,28766,4117,2017,2100
40240,31186,2417,15064,1716,28769,4118,2017,2101
40245,31187,2417,15064,1716,28770,4118,2017,2101
40250,31192,2417,15066,1716,28775,4118,2017,2101
40255,31194,2417,15068,1716,28777,4119,2018,2101
40260,31202,2418,15071,1717,28784,4119,2018,2101
40265,31205,2418,15071,1717,28787,4120,2018,2102
40270,31210,2418,15073,1717,28792,4121,2018,2103
40275,31214,2418,15073,1717,28796,4121,2018,2103
40280,31217,2418,15073,1717,28799,4122,2018,2104
40285,31218,2418,15074,1717,28800,4122,2018,2104
40290,31223,2419,15074,1717,28804,4122,2018,2104
40295,31225,2419,15075,1717,28806,4123,2019,2104
40300,31233,2421,15079,1718,28812,4123,2019,2104
40305,31236,2421,15079,1718,28815,4124,2019,2105
40310,31241,2421,15083,1718,28820,4126,2020,2106
40315,31245,2421,15086,1718,28823,4127,2020,2107
40320,31248,2422,15088,1719,28826,4128,2021,2107
40325,31249,2422,15089,1719,28827,4128,2021,2107
40330,31254,2422,15092,1719,28832,4128,2021,2107
40335,31256,2422,15092,1719,28834,4129,2021,2108
40340,31264,2425,15098,1721,28839,4130,2021,2109
40345,31267,2425,15100,1721,28842,4130,2021,2109
40350,31272,2425,15101,1721,28847,4131,2021,2110
40355,31276,2425,15104,1721,28851,4132,2022,2110
40360,31279,2425,15106,1721,28854,4132,2022,2110
40365,31280,2425,15107,1721,28855,4132,2022,2110
40370,31285,2425,15110,1721,28860,4132,2022,2110
40375,31287,2425,15112,1721,28862,4133,2023,2110
40380,31295,2427,15117,1722,28868,4134,2024,2110
40385,31298,2427,15118,1722,28871,4134,2024,2110
40390,31303,2427,15120,1722,28876,4135,2025,2110
40395,31307,2427,15121,1722,28880,4136,2025,2111
40400,31310,2427,15124,1722,28883,4136,2025,2111
40405,31311,2427,15124,1722,28884,4136,2025,2111
40410,31316,2427,15126,1722,28889,4136,2025,2111
40415,31318,2427,15126,1722,28891,4137,2025,2112
40420,31326,2427,15131,1722,28899,4138,2025,2113
40425,31329,2427,15132,1722,28902,4138,2025,2113
40430,31334,2427,15135,1722,28907,4139,2026,2113
40435,31338,2427,15136,1722,28911,4139,2026,2113
40440,31341,2427,15138,1722,28914,4140,2027,2113
40445,31342,2427,15139,1722,28915,4140,2027,2113
40450,31347,2428,15139,1722,28919,4140,2027,2113
40455,31349,2428,15140,1722,28921,4141,2027,2114
40460,31357,2428,15145,1722,28929,4141,2027,2114
40465,31360,2428,15147,1722,28932,4141,2027,2114
40470,31365,2428,15149,1722,28937,4142,2027,2115
40475,31369,2428,15151,1722,28940,4142,2027,2115
40480,31372,2429,15152,1723,28943,4142,2027,2115
40485,31373,2429,15152,1723,28944,4142,2027,2115
40490,31378,2430,15155,1724,28948,4142,2027,2115
40495,31380,2430,15155,1724,28950,4143,2027,2116
40500,31388,2431,15157,1724,28957,4143,2027,2116
40505,31391,2431,15158,1724,28960,4143,2027,2116
40510,31396,2431,15163,1724,28965,4144,2028,2116
40515,31400,2431,15165,1724,28968,4144,2028,2116
40520,31403,2432,15167,1725,28971,4144,2028,2116
40525,31404,2432,15167,1725,28972,4144,2028,2116
40530,31409,2433,15170,1726,28976,4144,2028,2116
40535,31411,2433,15170,1726,28978,4145,2028,2117
40540,31419,2434,15173,1726,28985,4146,2029,2117
40545,31422,2434,15173,1726,28988,4147,2029,2118
40550,31427,2434,15175,1726,28993,4148,2029,2119
40555,31431,2434,15176,1726,28997,4149,2030,2119
40560,31434,2434,15178,1726,29000,4150,2031,2119
40565,31435,2434,15178,1726,29001,4150,2031,2119
40570,31440,2434,15181,1726,29006,4150,2031,2119
40575,31442,2434,15183,1726,29008,4151,2032,2119
40580,31450,2435,15186,1726,29015,4151,2032,2119
40585,31453,2435,15187,1726,29018,4151,2032,2119
40590,31458,2435,15188,1726,29023,4153,2033,2120
40595,31462,2435,15191,1726,29027,4154,2034,2120
40600,31465,2435,15194,1726,29030,4155,2035,2120
40605,31466,2435,15195,1726,29031,4155,2035,2120
40610,31471,2435,15200,1726,29036,4155,2035,2120
40615,31473,2435,15202,1726,29038,4156,2036,2120
40620,31481,2436,15206,1726,29045,4156,2036,2120
40625,31484,2436,15206,1726,29048,4156,2036,2120
40630,31489,2436,15207,1726,29053,4157,2036,2121
40635,31493,2436,15209,1726,29057,4157,2036,2121
40640,31496,2436,15210,1726,29060,4158,2037,2121
40645,31497,2436,15210,1726,29061,4158,2037,2121
40650,31502,2436,15215,1726,29066,4158,2037,2121
40655,31504,2436,15216,1726,29068,4159,2038,2121
40660,31512,2437,15218,1726,29075,4159,2038,2121
40665,31515,2438,15220,1727,29077,4159,2038,2121
40670,31520,2438,15221,1727,29082,4160,2039,2121
40675,31524,2438,15224,1727,29085,4160,2039,2121
40680,31527,2439,15225,1728,29088,4161,2039,2122
40685,31528,2439,15226,1728,29089,4161,2039,2122
40690,31533,2439,15228,1728,29094,4161,2039,2122
40695,31535,2439,15229,1728,29096,4162,2040,2122
40700,31543,2441,15232,1729,29102,4163,2040,2123
40705,31546,2441,15232,1729,29105,4163,2040,2123
40710,31551,2441,15235,1729,29110,4165,2041,2124
40715,31555,2441,15238,1729,29114,4165,2041,2124
40720,31558,2441,15238,1729,29117,4166,2041,2125
40725,31559,2441,15238,1729,29118,4166,2041,2125
40730,31564,2441,15240,1729,29123,4166,2041,2125
40735,31566,2441,15241,1729,29125,4167,2041,2126
40740,31574,2443,15244,1731,29131,4168,2041,2127
40745,31577,2443,15245,1731,29134,4168,2041,2127
40750,31582,2443,15248,1731,29139,4169,2042,2127
40755,31586,2443,15248,1731,29143,4169,2042,2127
40760,31589,2443,15250,1731,29146,4170,2043,2127
40765,31590,2443,15250,1731,29147,4170,2043,2127
40770,31595,2443,15254,1731,29152,4170,2043,2127
40775,31597,2443,15256,1731,29154,4171,2044,2127
40780,31605,2446,15262,1734,29159,4172,2045,2127
40785,31608,2446,15264,1734,29162,4172,2045,2127
40790,31613,2446,15266,1734,29167,4173,2046,2127
40795,31617,2446,15268,1734,29170,4173,2046,2127
40800,31620,2447,15269,1735,29173,4174,2046,2128
40805,31621,2447,15269,1735,29174,4174,2046,2128
40810,31626,2448,15271,1735,29178,4174,2046,2128
40815,31628,2448,15272,1735,29180,4175,2047,2128
40820,31636,2449,15274,1736,29187,4175,2047,2128
40825,31639,2449,15274,1736,29190,4176,2047,2129
40830,31644,2449,15277,1736,29195,4178,2048,2130
40835,31648,2449,15278,1736,29199,4178,2048,2130
40840,31651,2449,15279,1736,29202,4178,2048,2130
40845,31652,2449,15279,1736,29203,4178,2048,2130
40850,31657,2450,15281,1736,29207,4178,2048,2130
40855,31659,2450,15283,1736,29209,4179,2049,2130
40860,31667,2452,15287,1738,29215,4179,2049,2130
40865,31670,2453,15289,1739,29217,4180,2049,2131
40870,31675,2453,15292,1739,29222,4181,2050,2131
40875,31679,2453,15294,1739,29226,4181,2050,2131
40880,31682,2453,15296,1739,29229,4181,2050,2131
40885,31683,2453,15296,1739,29230,4181,2050,2131
40890,31688,2454,15296,1739,29234,4181,2050,2131
40895,31690,2454,15297,1739,29236,4182,2050,2132
40900,31698,2455,15300,1740,29243,4183,2050,2133
40905,31701,2456,15301,1741,29245,4183,2050,2133
40910,31706,2456,15303,1741,29250,4184,2050,2134
40915,31710,2456,15306,1741,29253,4184,2050,2134
40920,31713,2457,15309,1742,29256,4185,2051,2134
40925,31714,2457,15309,1742,29257,4185,2051,2134
40930,31719,2457,15313,1742,29262,4185,2051,2134
40935,31721,2457,15315,1742,29264,4186,2052,2134
40940,31729,2459,15320,1744,29270,4186,2052,2134
40945,31732,2460,15322,1745,29272,4186,2052,2134
40950,31737,2460,15324,1745,29277,4187,2053,2134
40955,31741,2460,15326,1745,29281,4187,2053,2134
40960,31744,2460,15329,1745,29284,4188,2054,2134
40965,31745,2460,15330,1745,29285,4188,2054,2134
40970,31750,2460,15333,1745,29290,4188,2054,2134
40975,31752,2460,15333,1745,29292,4189,2054,2135
40980,31760,2462,15336,1747,29298,4189,2054,2135
40985,31763,2462,15337,1747,29301,4189,2054,2135
40990,31768,2462,15341,1747,29306,4190,2055,2135
40995,31772,2462,15343,1747,29310,4190,2055,2135
41000,31775,2462,15345,1747,29313,4191,2056,2135
41005,31776,2462,15346,1747,29314,4191,2056,2135
41010,31781,2462,15349,1747,29319,4191,2056,2135
41015,31783,2462,15350,1747,29321,4192,2056,2136
41020,31791,2462,15351,1747,29329,4192,2056,2136
41025,31794,2462,15352,1747,29332,4192,2056,2136
41030,31799,2462,15353,1747,29337,4193,2056,2137
41035,31803,2462,15355,1747,29341,4193,2056,2137
41040,31806,2462,15356,1747,29344,4194,2056,2138
41045,31807,2462,15356,1747,29345,4194,2056,2138
41050,31812,2463,15358,1747,29349,4194,2056,2138
41055,31814,2463,15359,1747,29351,4195,2057,2138
41060,31822,2463,15363,1747,29359,4196,2057,2139
41065,31825,2463,15364,1747,29362,4197,2058,2139
41070,31830,2463,15368,1747,29367,4198,2059,2139
41075,31834,2463,15370,1747,29371,4198,2059,2139
41080,31837,2463,15372,1747,29374,4198,2059,2139
41085,31838,2463,15372,1747,29375,4198,2059,2139
41090,31843,2464,15374,1748,29379,4198,2059,2139
41095,31845,2464,15375,1748,29381,4199,2060,2139
41100,31853,2465,15380,1749,29388,4200,2061,2139
41105,31856,2465,15380,1749,29391,4201,2061,2140
41110,31861,2465,15381,1749,29396,4202,2061,2141
41115,31865,2465,15382,1749,29400,4203,2062,2141
41120,31868,2465,15383,1749,29403,4203,2062,2141
41125,31869,2465,15383,1749,29404,4203,2062,2141
41130,31874,2465,15387,1749,29409,4203,2062,2141
41135,31876,2465,15389,1749,29411,4204,2063,2141
41140,31884,2467,15391,1750,29417,4205,2063,2142
41145,31887,2467,15392,1750,29420,4206,2063,2143
41150,31892,2467,15395,1750,29425,4207,2063,2144
41155,31896,2467,15398,1750,29429,4208,2064,2144
41160,31899,2467,15399,1750,29432,4209,2065,2144
41165,31900,2468,15400,1751,29432,4209,2065,2144
41170,31905,2469,15403,1751,29436,4209,2065,2144
41175,31907,2469,15405,1751,29438,4210,2066,2144
41180,31915,2470,15409,1752,29445,4210,2066,2144
41185,31918,2470,15410,1752,29448,4211,2066,2145
41190,31923,2470,15412,1752,29453,4212,2066,2146
41195,31927,2470,15415,1752,29456,4213,2067,2146
41200,31930,2471,15416,1753,29459,4214,2067,2147
41205,31931,2471,15416,1753,29460,4214,2067,2147
41210,31936,2472,15418,1754,29464,4214,2067,2147
41215,31938,2472,15419,1754,29466,4215,2067,2148
41220,31946,2473,15424,1755,29473,4215,2067,2148
41225,31949,2474,15427,1756,29475,4215,2067,2148
41230,31954,2474,15429,1756,29480,4216,2067,2149
41235,31958,2474,15431,1756,29484,4216,2067,2149
41240,31961,2474,15433,1756,29487,4217,2068,2149
41245,31962,2474,15433,1756,29488,4217,2068,2149
41250,31967,2474,15434,1756,29493,4217,2068,2149
41255,31969,2474,15436,1756,29495,4218,2069,2149
41260,31977,2476,15442,1758,29501,4218,2069,2149
41265,31980,2477,15444,1759,29503,4218,2069,2149
41270,31985,2477,15445,1759,29508,4220,2070,2150
41275,31989,2477,15447,1759,29512,4220,2070,2150
41280,31992,2477,15448,1759,29515,4221,2071,2150
41285,31993,2478,15449,1760,29515,4221,2071,2150
41290,31998,2478,15452,1760,29520,4221,2071,2150
41295,32000,2478,15453,1760,29522,4222,2071,2151
41300,32008,2478,15457,1760,29530,4223,2071,2152
41305,32011,2478,15458,1760,29533,4223,2071,2152
41310,32016,2478,15458,1760,29538,4224,2071,2153
41315,32020,2478,15461,1760,29542,4224,2071,2153
41320,32023,2478,15462,1760,29545,4225,2071,2154
41325,32024,2478,15462,1760,29546,4225,2071,2154
41330,32029,2478,15465,1760,29551,4225,2071,2154
41335,32031,2478,15466,1760,29553,4226,2071,2155
41340,32039,2478,15471,1760,29561,4227,2071,2156
41345,32042,2478,15472,1760,29564,4227,2071,2156
41350,32047,2478,15475,1760,29569,4228,2071,2157
41355,32051,2478,15476,1760,29573,4228,2071,2157
41360,32054,2478,15478,1760,29576,4228,2071,2157
41365,32055,2478,15479,1760,29577,4228,2071,2157
41370,32060,2478,15481,1760,29582,4228,2071,2157
41375,32062,2478,15483,1760,29584,4229,2072,2157
41380,32070,2478,15489,1760,29592,4230,2072,2158
41385,32073,2478,15491,1760,29595,4230,2072,2158
41390,32078,2478,15494,1760,29600,4231,2072,2159
41395,32082,2478,15495,1760,29604,4231,2072,2159
41400,32085,2478,15496,1760,29607,4231,2072,2159
41405,32086,2478,15497,1760,29608,4231,2072,2159
41410,32091,2479,15500,1761,29612,4231,2072,2159
41415,32093,2479,15500,1761,29614,4232,2072,2160
41420,32101,2480,15504,1761,29621,4232,2072,2160
41425,32104,2480,15505,1761,29624,4232,2072,2160
41430,32109,2480,15508,1761,29629,4234,2073,2161
41435,32113,2480,15511,1761,29633,4234,2073,2161
41440,32116,2480,15511,1761,29636,4234,2073,2161
41445,32117,2480,15511,1761,29637,4234,2073,2161
41450,32122,2481,15512,1761,29641,4234,2073,2161
41455,32124,2481,15512,1761,29643,4235,2073,2162
41460,32132,2482,15515,1762,29650,4235,2073,2162
41465,32135,2483,15517,1763,29652,4236,2074,2162
41470,32140,2483,15519,1763,29657,4238,2074,2164
41475,32144,2483,15522,1763,29660,4238,2074,2164
41480,32147,2484,15525,1764,29663,4239,2075,2164
41485,32148,2485,15526,1765,29663,4239,2075,2164
41490,32153,2486,15529,1766,29667,4239,2075,2164
41495,32155,2486,15529,1766,29669,4240,2075,2165
41500,32163,2487,15533,1766,29676,4241,2075,2166
41505,32166,2487,15533,1766,29679,4242,2075,2167
41510,32171,2487,15535,1766,29684,4244,2076,2168
41515,32175,2487,15538,1766,29688,4244,2076,2168
41520,32178,2487,15538,1766,29691,4245,2076,2169
41525,32179,2487,15539,1766,29692,4245,2076,2169
41530,32184,2488,15541,1767,29696,4245,2076,2169
41535,32186,2488,15542,1767,29698,4246,2077,2169
41540,32194,2489,15545,1767,29705,4246,2077,2169
41545,32197,2489,15547,1767,29708,4246,2077,2169
41550,32202,2489,15549,1767,29713,4247,2078,2169
41555,32206,2489,15551,1767,29717,4247,2078,2169
41560,32209,2489,15553,1767,29720,4247,2078,2169
41565,32210,2489,15553,1767,29721,4247,2078,2169
41570,32215,2490,15556,1768,29725,4247,2078,2169
41575,32217,2490,15556,1768,29727,4248,2078,2170
41580,32225,2493,15561,1771,29732,4248,2078,2170
41585,32228,2493,15561,1771,29735,4248,2078,2170
41590,32233,2493,15563,1771,29740,4249,2078,2171
41595,32237,2493,15565,1771,29743,4249,2078,2171
41600,32240,2494,15566,1772,29746,4250,2079,2171
41605,32241,2494,15567,1772,29747,4250,2079,2171
41610,32246,2495,15570,1773,29751,4250,2079,2171
41615,32248,2495,15572,1773,29753,4251,2080,2171
41620,32256,2497,15576,1775,29759,4251,2080,2171
41625,32259,2497,15578,1775,29762,4251,2080,2171
41630,32264,2497,15582,1775,29767,4252,2081,2171
41635,32268,2497,15585,1775,29770,4252,2081,2171
41640,32271,2498,15586,1776,29773,4253,2082,2171
41645,32272,2498,15586,1776,29774,4253,2082,2171
41650,32277,2498,15589,1776,29779,4253,2082,2171
41655,32279,2498,15591,1776,29781,4254,2083,2171
41660,32287,2500,15596,1778,29787,4255,2083,2172
41665,32290,2500,15596,1778,29790,4255,2083,2172
41670,32295,2500,15599,1778,29795,4256,2083,2173
41675,32299,2500,15600,1778,29799,4256,2083,2173
41680,32302,2500,15603,1778,29802,4256,2083,2173
41685,32303,2500,15603,1778,29803,4256,2083,2173
41690,32308,2500,15605,1778,29808,4256,2083,2173
41695,32310,2500,15605,1778,29810,4257,2083,2174
41700,32318,2503,15609,1780,29815,4258,2083,2175
41705,32321,2503,15609,1780,29818,4258,2083,2175
41710,32326,2503,15611,1780,29823,4260,2084,2176
41715,32330,2503,15613,1780,29827,4261,2084,2177
41720,32333,2503,15614,1780,29830,4261,2084,2177
41725,32334,2503,15614,1780,29831,4261,2084,2177
41730,32339,2504,15616,1780,29835,4261,2084,2177
41735,32341,2504,15617,1780,29837,4262,2084,2178
41740,32349,2506,15620,1782,29843,4262,2084,2178
41745,32352,2506,15622,1782,29846,4262,2084,2178
41750,32357,2506,15623,1782,29851,4264,2084,2180
41755,32361,2506,15625,1782,29855,4265,2084,2181
41760,32364,2506,15626,1782,29858,4266,2085,2181
41765,32365,2506,15626,1782,29859,4266,2085,2181
41770,32370,2506,15629,1782,29864,4266,2085,2181
41775,32372,2506,15630,1782,29866,4267,2085,2182
41780,32380,2508,15633,1783,29872,4268,2086,2182
41785,32383,2508,15634,1783,29875,4268,2086,2182
41790,32388,2508,15636,1783,29880,4269,2087,2182
41795,32392,2508,15639,1783,29884,4269,2087,2182
41800,32395,2508,15641,1783,29887,4270,2088,2182
41805,32396,2508,15642,1783,29888,4270,2088,2182
41810,32401,2508,15645,1783,29893,4270,2088,2182
41815,32403,2508,15646,1783,29895,4271,2088,2183
41820,32411,2509,15652,1784,29902,4272,2089,2183
41825,32414,2509,15653,1784,29905,4273,2089,2184
41830,32419,2509,15657,1784,29910,4274,2090,2184
41835,32423,2509,15660,1784,29914,4274,2090,2184
41840,32426,2509,15661,1784,29917,4275,2090,2185
41845,32427,2509,15662,1784,29918,4275,2090,2185
41850,32432,2509,15664,1784,29923,4275,2090,2185
41855,32434,2509,15665,1784,29925,4276,2090,2186
41860,32442,2510,15668,1785,29932,4276,2090,2186
41865,32445,2510,15670,1785,29935,4276,2090,2186
41870,32450,2510,15673,1785,29940,4278,2091,2187
41875,32454,2510,15675,1785,29943,4278,2091,2187
41880,32457,2511,15677,1786,29946,4279,2092,2187
41885,32458,2511,15677,1786,29947,4279,2092,2187
41890,32463,2512,15680,1786,29951,4279,2092,2187
41895,32465,2512,15681,1786,29953,4280,2092,2188
41900,32473,2513,15687,1787,29960,4281,2093,2188
41905,32476,2513,15689,1787,29963,4281,2093,2188
41910,32481,2513,15692,1787,29968,4282,2094,2188
41915,32485,2513,15693,1787,29972,4282,2094,2188
41920,32488,2513,15695,1787,29975,4282,2094,2188
41925,32489,2513,15695,1787,29976,4282,2094,2188
41930,32494,2514,15699,1788,29980,4282,2094,2188
41935,32496,2514,15701,1788,29982,4283,2095,2188
41940,32504,2515,15705,1789,29989,4284,2096,2188
41945,32507,2516,15707,1790,29991,4284,2096,2188
41950,32512,2516,15711,1790,29996,4285,2097,2188
41955,32516,2516,15714,1790,30000,4285,2097,2188
41960,32519,2516,15716,1790,30003,4285,2097,2188
41965,32520,2516,15716,1790,30004,4285,2097,2188
41970,32525,2517,15719,1790,30008,4285,2097,2188
41975,32527,2517,15721,1790,30010,4286,2098,2188
41980,32535,2519,15727,1792,30016,4286,2098,2188
41985,32538,2519,15728,1792,30019,4286,2098,2188
41990,32543,2519,15731,1792,30024,4288,2100,2188
41995,32547,2519,15733,1792,30027,4288,2100,2188
42000,32550,2520,15736,1793,30030,4289,2101,2188
42005,32551,2520,15736,1793,30031,4289,2101,2188
42010,32556,2521,15740,1794,30035,4289,2101,2188
42015,32558,2521,15741,1794,30037,4290,2101,2189
42020,32566,2523,15744,1795,30043,4290,2101,2189
42025,32569,2523,15745,1795,30046,4291,2101,2190
42030,32574,2523,15746,1795,30051,4292,2101,2191
42035,32578,2523,15746,1795,30055,4292,2101,2191
42040,32581,2523,15746,1795,30058,4293,2101,2192
42045,32582,2523,15746,1795,30059,4293,2101,2192
42050,32587,2524,15747,1795,30063,4293,2101,2192
42055,32589,2524,15747,1795,30065,4294,2101,2193
42060,32597,2526,15751,1797,30071,4295,2101,2194
42065,32600,2526,15753,1797,30074,4295,2101,2194
42070,32605,2526,15755,1797,30079,4296,2102,2194
42075,32609,2526,15756,1797,30083,4296,2102,2194
42080,32612,2526,15757,1797,30086,4297,2102,2195
42085,32613,2526,15757,1797,30087,4297,2102,2195
42090,32618,2526,15760,1797,30092,4297,2102,2195
42095,32620,2526,15760,1797,30094,4298,2102,2196
42100,32628,2526,15764,1797,30102,4299,2103,2196
42105,32631,2526,15766,1797,30105,4299,2103,2196
42110,32636,2526,15767,1797,30110,4301,2103,2198
42115,32640,2526,15770,1797,30114,4301,2103,2198
42120,32643,2526,15771,1797,30117,4301,2103,2198
42125,32644,2526,15772,1797,30118,4301,2103,2198
42130,32649,2526,15774,1797,30123,4301,2103,2198
42135,32651,2526,15774,1797,30125,4302,2103,2199
42140,32659,2526,15777,1797,30133,4302,2103,2199
42145,32662,2526,15779,1797,30136,4302,2103,2199
42150,32667,2526,15781,1797,30141,4304,2104,2200
42155,32671,2526,15782,1797,30145,4305,2104,2201
42160,32674,2526,15784,1797,30148,4305,2104,2201
42165,32675,2526,15785,1797,30149,4305,2104,2201
42170,32680,2527,15787,1797,30153,4305,2104,2201
42175,32682,2527,15787,1797,30155,4306,2104,2202
42180,32690,2529,15791,1798,30161,4306,2104,2202
42185,32693,2529,15792,1798,30164,4306,2104,2202
42190,32698,2529,15794,1798,30169,4307,2104,2203
42195,32702,2529,15794,1798,30173,4307,2104,2203
42200,32705,2529,15795,1798,30176,4307,2104,2203
42205,32706,2529,15796,1798,30177,4307,2104,2203
42210,32711,2530,15797,1798,30181,4307,2104,2203
42215,32713,2530,15797,1798,30183,4308,2104,2204
42220,32721,2531,15802,1799,30190,4309,2105,2204
42225,32724,2531,15804,1799,30193,4309,2105,2204
42230,32729,2531,15809,1799,30198,4310,2106,2204
42235,32733,2531,15811,1799,30202,4310,2106,2204
42240,32736,2531,15811,1799,30205,4310,2106,2204
42245,32737,2532,15812,1800,30205,4310,2106,2204
42250,32742,2533,15812,1800,30209,4310,2106,2204
42255,32744,2533,15813,1800,30211,4311,2107,2204
42260,32752,2534,15816,1801,30218,4312,2107,2205
42265,32755,2534,15817,1801,30221,4312,2107,2205
42270,32760,2534,15820,1801,30226,4313,2107,2206
42275,32764,2534,15824,1801,30230,4313,2107,2206
42280,32767,2534,15824,1801,30233,4313,2107,2206
42285,32768,2535,15825,1802,30233,4313,2107,2206
42290,32773,2536,15827,1803,30237,4313,2107,2206
42295,32775,2536,15829,1803,30239,4314,2108,2206
42300,32783,2539,15832,1805,30244,4315,2108,2207
42305,32786,2540,15834,1806,30246,4316,2109,2207
42310,32791,2540,15836,1806,30251,4317,2109,2208
42315,32795,2540,15839,1806,30254,4317,2109,2208
42320,32798,2541,15840,1807,30257,4318,2109,2209
42325,32799,2541,15841,1807,30258,4318,2109,2209
42330,32804,2542,15845,1807,30262,4318,2109,2209
42335,32806,2542,15845,1807,30264,4319,2109,2210
42340,32814,2543,15850,1808,30271,4319,2109,2210
42345,32817,2544,15852,1809,30273,4320,2110,2210
42350,32822,2544,15853,1809,30278,4321,2110,2211
42355,32826,2544,15856,1809,30281,4321,2110,2211
42360,32829,2545,15858,1810,30284,4322,2110,2212
42365,32830,2545,15859,1810,30285,4322,2110,2212
42370,32835,2546,15863,1811,30289,4322,2110,2212
42375,32837,2546,15864,1811,30291,4323,2111,2212
42380,32845,2547,15867,1812,30298,4323,2111,2212
42385,32848,2547,15868,1812,30301,4324,2111,2213
42390,32853,2547,15871,1812,30306,4325,2111,2214
42395,32857,2547,15872,1812,30310,4325,2111,2214
42400,32860,2547,15873,1812,30313,4325,2111,2214
42405,32861,2547,15874,1812,30314,4325,2111,2214
42410,32866,2548,15876,1812,30318,4325,2111,2214
42415,32868,2548,15877,1812,30320,4326,2112,2214
42420,32876,2551,15882,1814,30325,4327,2113,2214
42425,32879,2551,15883,1814,30328,4327,2113,2214
42430,32884,2551,15886,1814,30333,4328,2113,2215
42435,32888,2551,15887,1814,30337,4328,2113,2215
42440,32891,2551,15890,1814,30340,4328,2113,2215
42445,32892,2552,15891,1815,30340,4328,2113,2215
42450,32897,2553,15892,1816,30344,4328,2113,2215
42455,32899,2553,15892,1816,30346,4329,2113,2216
42460,32907,2555,15896,1818,30352,4330,2114,2216
42465,32910,2555,15897,1818,30355,4330,2114,2216
42470,32915,2555,15897,1818,30360,4331,2114,2217
42475,32919,2555,15900,1818,30364,4331,2114,2217
42480,32922,2555,15901,1818,30367,4332,2114,2218
42485,32923,2555,15901,1818,30368,4332,2114,2218
42490,32928,2555,15902,1818,30373,4332,2114,2218
42495,32930,2555,15904,1818,30375,4333,2115,2218
42500,32938,2556,15909,1819,30382,4334,2115,2219
42505,32941,2556,15909,1819,30385,4334,2115,2219
42510,32946,2556,15913,1819,30390,4336,2116,2220
42515,32950,2556,15916,1819,30394,4336,2116,2220
42520,32953,2556,15918,1819,30397,4336,2116,2220
42525,32954,2556,15919,1819,30398,4336,2116,2220
42530,32959,2556,15922,1819,30403,4336,2116,2220
42535,32961,2556,15922,1819,30405,4337,2116,2221
42540,32969,2557,15925,1820,30412,4338,2116,2222
42545,32972,2558,15928,1821,30414,4338,2116,2222
42550,32977,2558,15932,1821,30419,4339,2116,2223
42555,32981,2558,15936,1821,30423,4339,2116,2223
42560,32984,2558,15938,1821,30426,4339,2116,2223
42565,32985,2558,15938,1821,30427,4339,2116,2223
42570,32990,2558,15940,1821,30432,4339,2116,2223
42575,32992,2558,15942,1821,30434,4340,2117,2223
42580,33000,2559,15945,1821,30441,4341,2118,2223
42585,33003,2560,15947,1822,30443,4341,2118,2223
42590,33008,2560,15949,1822,30448,4342,2119,2223
42595,33012,2560,15949,1822,30452,4342,2119,2223
42600,33015,2560,15949,1822,30455,4343,2119,2224
42605,33016,2560,15950,1822,30456,4343,2119,2224
42610,33021,2561,15951,1822,30460,4343,2119,2224
42615,33023,2561,15951,1822,30462,4344,2119,2225
42620,33031,2561,15955,1822,30470,4344,2119,2225
42625,33034,2561,15957,1822,30473,4344,2119,2225
42630,33039,2561,15959,1822,30478,4346,2120,2226
42635,33043,2561,15960,1822,30481,4346,2120,2226
42640,33046,2562,15963,1823,30484,4347,2121,2226
42645,33047,2562,15963,1823,30485,4347,2121,2226
42650,33052,2563,15966,1824,30489,4347,2121,2226
42655,33054,2563,15968,1824,30491,4348,2122,2226
42660,33062,2563,15973,1824,30499,4348,2122,2226
42665,33065,2563,15974,1824,30502,4348,2122,2226
42670,33070,2563,15977,1824,30507,4349,2123,2226
42675,33074,2563,15979,1824,30511,4349,2123,2226
42680,33077,2563,15980,1824,30514,4349,2123,2226
42685,33078,2563,15980,1824,30515,4349,2123,2226
42690,33083,2564,15983,1824,30519,4349,2123,2226
42695,33085,2564,15983,1824,30521,4350,2123,2227
42700,33093,2565,15987,1825,30528,4351,2124,2227
42705,33096,2565,15989,1825,30531,4351,2124,2227
42710,33101,2565,15991,1825,30536,4352,2125,2227
42715,33105,2565,15994,1825,30540,4352,2125,2227
42720,33108,2565,15995,1825,30543,4352,2125,2227
42725,33109,2565,15996,1825,30544,4352,2125,2227
42730,33114,2565,15999,1825,30549,4352,2125,2227
42735,33116,2565,16000,1825,30551,4353,2126,2227
42740,33124,2566,16003,1825,30558,4353,2126,2227
42745,33127,2566,16004,1825,30561,4354,2127,2227
42750,33132,2566,16007,1825,30566,4355,2127,2228
42755,33136,2566,16008,1825,30570,4355,2127,2228
42760,33139,2566,16010,1825,30573,4355,2127,2228
42765,33140,2566,16011,1825,30574,4355,2127,2228
42770,33145,2566,16015,1825,30579,4355,2127,2228
42775,33147,2566,16015,1825,30581,4356,2127,2229
42780,33155,2567,16017,1826,30588,4356,2127,2229
42785,33158,2567,16018,1826,30591,4357,2127,2230
42790,33163,2567,16020,1826,30596,4358,2127,2231
42795,33167,2567,16022,1826,30600,4358,2127,2231
42800,33170,2567,16024,1826,30603,4358,2127,2231
42805,33171,2567,16025,1826,30604,4358,2127,2231
42810,33176,2567,16026,1826,30609,4358,2127,2231
42815,33178,2567,16026,1826,30611,4359,2127,2232
42820,33186,2569,16028,1827,30617,4359,2127,2232
42825,33189,2569,16030,1827,30620,4360,2128,2232
42830,33194,2569,16033,1827,30625,4361,2129,2232
42835,33198,2569,16036,1827,30629,4361,2129,2232
42840,33201,2569,16038,1827,30632,4362,2129,2233
42845,33202,2569,16039,1827,30633,4362,2129,2233
42850,33207,2569,16041,1827,30638,4362,2129,2233
42855,33209,2569,16041,1827,30640,4363,2129,2234
42860,33217,2570,16045,1827,30647,4363,2129,2234
42865,33220,2570,16047,1827,30650,4364,2129,2235
42870,33225,2570,16049,1827,30655,4365,2130,2235
42875,33229,2570,16050,1827,30659,4365,2130,2235
42880,33232,2570,16052,1827,30662,4366,2130,2236
42885,33233,2570,16053,1827,30663,4366,2130,2236
42890,33238,2570,16056,1827,30668,4366,2130,2236
42895,33240,2570,16057,1827,30670,4367,2131,2236
42900,33248,2572,16061,1829,30676,4367,2131,2236
42905,33251,2572,16062,1829,30679,4367,2131,2236
42910,33256,2572,16063,1829,30684,4369,2132,2237
42915,33260,2572,16063,1829,30688,4369,2132,2237
42920,33263,2572,16064,1829,30691,4370,2133,2237
42925,33264,2572,16065,1829,30692,4370,2133,2237
42930,33269,2572,16066,1829,30697,4370,2133,2237
42935,33271,2572,16067,1829,30699,4371,2134,2237
42940,33279,2574,16073,1831,30705,4371,2134,2237
42945,33282,2574,16075,1831,30708,4371,2134,2237
42950,33287,2574,16078,1831,30713,4373,2134,2239
42955,33291,2574,16080,1831,30716,4373,2134,2239
42960,33294,2575,16081,1832,30719,4374,2134,2240
42965,33295,2575,16081,1832,30720,4374,2134,2240
42970,33300,2576,16085,1833,30724,4374,2134,2240
42975,33302,2576,16085,1833,30726,4375,2134,2241
42980,33310,2578,16090,1835,30732,4376,2134,2242
42985,33313,2578,16091,1835,30735,4376,2134,2242
42990,33318,2578,16094,1835,30740,4377,2135,2242
42995,33322,2578,16096,1835,30744,4377,2135,2242
43000,33325,2578,16097,1835,30747,4377,2135,2242
43005,33326,2578,16097,1835,30748,4377,2135,2242
43010,33331,2579,16100,1836,30752,4377,2135,2242
43015,33333,2579,16101,1836,30754,4378,2136,2242
43020,33341,2580,16103,1837,30761,4379,2136,2243
43025,33344,2580,16105,1837,30764,4379,2136,2243
43030,33349,2580,16110,1837,30769,4380,2137,2243
43035,33353,2580,16112,1837,30773,4380,2137,2243
43040,33356,2580,16114,1837,30776,4380,2137,2243
43045,33357,2580,16114,1837,30777,4380,2137,2243
43050,33362,2581,16115,1837,30781,4380,2137,2243
43055,33364,2581,16117,1837,30783,4381,2138,2243
43060,33372,2581,16119,1837,30791,4382,2138,2244
43065,33375,2581,16120,1837,30794,4382,2138,2244
43070,33380,2581,16123,1837,30799,4384,2140,2244
43075,33384,2581,16127,1837,30802,4384,2140,2244
43080,33387,2582,16128,1838,30805,4385,2140,2245
43085,33388,2582,16129,1838,30806,4385,2140,2245
43090,33393,2582,16131,1838,30811,4385,2140,2245
43095,33395,2582,16133,1838,30813,4386,2141,2245
43100,33403,2583,16136,1838,30820,4386,2141,2245
43105,33406,2584,16139,1839,30822,4387,2142,2245
43110,33411,2584,16143,1839,30827,4389,2143,2246
43115,33415,2584,16145,1839,30831,4389,2143,2246
43120,33418,2584,16147,1839,30834,4390,2144,2246
43125,33419,2584,16147,1839,30835,4390,2144,2246
43130,33424,2584,16149,1839,30840,4390,2144,2246
43135,33426,2584,16151,1839,30842,4391,2145,2246
43140,33434,2585,16155,1840,30849,4391,2145,2246
43145,33437,2585,16156,1840,30852,4391,2145,2246
43150,33442,2585,16158,1840,30857,4392,2145,2247
43155,33446,2585,16161,1840,30861,4392,2145,2247
43160,33449,2585,16163,1840,30864,4393,2145,2248
43165,33450,2585,16164,1840,30865,4393,2145,2248
43170,33455,2585,16167,1840,30870,4393,2145,2248
43175,33457,2585,16168,1840,30872,4394,2145,2249
43180,33465,2587,16175,1841,30878,4394,2145,2249
43185,33468,2588,16178,1842,30880,4394,2145,2249
43190,33473,2588,16182,1842,30885,4395,2146,2249
43195,33477,2588,16184,1842,30889,4395,2146,2249
43200,33480,2588,16186,1842,30892,4396,2147,2249
43205,33481,2588,16186,1842,30893,4396,2147,2249
43210,33486,2589,16190,1843,30897,4396,2147,2249
43215,33488,2589,16191,1843,30899,4397,2148,2249
43220,33496,2590,16195,1844,30906,4398,2148,2250
43225,33499,2590,16195,1844,30909,4398,2148,2250
43230,33504,2590,16198,1844,30914,4400,2149,2251
43235,33508,2590,16200,1844,30917,4400,2149,2251
43240,33511,2591,16201,1845,30920,4401,2150,2251
43245,33512,2592,16202,1846,30920,4401,2150,2251
43250,33517,2593,16205,1847,30924,4401,2150,2251
43255,33519,2593,16207,1847,30926,4402,2151,2251
43260,33527,2595,16212,1849,30932,4403,2151,2252
43265,33530,2595,16214,1849,30935,4403,2151,2252
43270,33535,2595,16218,1849,30940,4404,2152,2252
43275,33539,2595,16218,1849,30944,4404,2152,2252
43280,33542,2595,16221,1849,30947,4404,2152,2252
43285,33543,2595,16221,1849,30948,4404,2152,2252
43290,33548,2595,16223,1849,30953,4404,2152,2252
43295,33550,2595,16223,1849,30955,4405,2152,2253
43300,33558,2595,16224,1849,30963,4406,2152,2254
43305,33561,2595,16224,1849,30966,4406,2152,2254
43310,33566,2595,16228,1849,30971,4407,2153,2254
43315,33570,2595,16230,1849,30975,4408,2154,2254
43320,33573,2595,16233,1849,30978,4408,2154,2254
43325,33574,2595,16234,1849,30979,4408,2154,2254
43330,33579,2595,16235,1849,30984,4408,2154,2254
43335,33581,2595,16236,1849,30986,4409,2154,2255
43340,33589,2595,16240,1849,30994,4410,2154,2256
43345,33592,2595,16240,1849,30997,4410,2154,2256
43350,33597,2595,16245,1849,31002,4411,2155,2256
43355,33601,2595,16249,1849,31006,4412,2156,2256
43360,33604,2595,16250,1849,31009,4412,2156,2256
43365,33605,2595,16250,1849,31010,4412,2156,2256
43370,33610,2596,16253,1850,31014,4412,2156,2256
43375,33612,2596,16254,1850,31016,4413,2157,2256
43380,33620,2597,16257,1851,31023,4414,2158,2256
43385,33623,2597,16258,1851,31026,4414,2158,2256
43390,33628,2597,16261,1851,31031,4416,2159,2257
43395,33632,2597,16262,1851,31035,4417,2159,2258
43400,33635,2597,16264,1851,31038,4418,2160,2258
43405,33636,2597,16264,1851,31039,4418,2160,2258
43410,33641,2598,16266,1852,31043,4418,2160,2258
43415,33643,2598,16267,1852,31045,4419,2161,2258
43420,33651,2600,16271,1854,31051,4419,2161,2258
43425,33654,2600,16273,1854,31054,4419,2161,2258
43430,33659,2600,16277,1854,31059,4421,2163,2258
43435,33663,2600,16278,1854,31063,4422,2163,2259
43440,33666,2600,16280,1854,31066,4423,2164,2259
43445,33667,2600,16280,1854,31067,4423,2164,2259
43450,33672,2601,16282,1854,31071,4423,2164,2259
43455,33674,2601,16283,1854,31073,4424,2164,2260
43460,33682,2603,16287,1855,31079,4424,2164,2260
43465,33685,2603,16289,1855,31082,4425,2165,2260
43470,33690,2603,16293,1855,31087,4426,2166,2260
43475,33694,2603,16294,1855,31091,4426,2166,2260
43480,33697,2603,16297,1855,31094,4426,2166,2260
43485,33698,2603,16297,1855,31095,4426,2166,2260
43490,33703,2604,16299,1856,31099,4426,2166,2260
43495,33705,2604,16299,1856,31101,4427,2166,2261
43500,33713,2607,16304,1858,31106,4428,2166,2262
43505,33716,2608,16305,1859,31108,4428,2166,2262
43510,33721,2608,16308,1859,31113,4430,2167,2263
43515,33725,2608,16308,1859,31117,4430,2167,2263
43520,33728,2608,16309,1859,31120,4430,2167,2263
43525,33729,2609,16310,1860,31120,4430,2167,2263
43530,33734,2610,16313,1861,31124,4430,2167,2263
43535,33736,2610,16314,1861,31126,4431,2168,2263
43540,33744,2612,16319,1862,31132,4432,2168,2264
43545,33747,2613,16321,1863,31134,4432,2168,2264
43550,33752,2613,16322,1863,31139,4434,2168,2266
43555,33756,2613,16323,1863,31143,4435,2168,2267
43560,33759,2613,16326,1863,31146,4436,2169,2267
43565,33760,2613,16326,1863,31147,4436,2169,2267
43570,33765,2613,16328,1863,31152,4436,2169,2267
43575,33767,2613,16329,1863,31154,4437,2170,2267
43580,33775,2615,16335,1864,31160,4438,2171,2267
43585,33778,2615,16336,1864,31163,4438,2171,2267
43590,33783,2615,16336,1864,31168,4439,2171,2268
43595,33787,2615,16338,1864,31172,4439,2171,2268
43600,33790,2615,16339,1864,31175,4440,2172,2268
43605,33791,2615,16339,1864,31176,4440,2172,2268
43610,33796,2615,16341,1864,31181,4440,2172,2268
43615,33798,2615,16342,1864,31183,4441,2172,2269
43620,33806,2617,16348,1866,31189,4442,2172,2270
43625,33809,2618,16350,1867,31191,4442,2172,2270
43630,33814,2618,16352,1867,31196,4443,2172,2271
43635,33818,2618,16355,1867,31200,4443,2172,2271
43640,33821,2618,16358,1867,31203,4443,2172,2271
43645,33822,2618,16358,1867,31204,4443,2172,2271
43650,33827,2618,16358,1867,31209,4443,2172,2271
43655,33829,2618,16358,1867,31211,4444,2172,2272
43660,33837,2620,16364,1869,31217,4445,2173,2272
43665,33840,2621,16366,1870,31219,4445,2173,2272
43670,33845,2621,16370,1870,31224,4447,2174,2273
43675,33849,2621,16371,1870,31228,4448,2175,2273
43680,33852,2621,16374,1870,31231,4448,2175,2273
43685,33853,2621,16374,1870,31232,4448,2175,2273
43690,33858,2622,16376,1871,31236,4448,2175,2273
43695,33860,2622,16378,1871,31238,4449,2176,2273
43700,33868,2622,16383,1871,31246,4449,2176,2273
43705,33871,2622,16384,1871,31249,4449,2176,2273
43710,33876,2622,16387,1871,31254,4450,2177,2273
43715,33880,2622,16388,1871,31257,4450,2177,2273
43720,33883,2623,16389,1872,31260,4450,2177,2273
43725,33884,2623,16390,1872,31261,4450,2177,2273
43730,33889,2624,16391,1872,31265,4450,2177,2273
43735,33891,2624,16391,1872,31267,4451,2177,2274
43740,33899,2625,16396,1873,31274,4451,2177,2274
43745,33902,2625,16397,1873,31277,4451,2177,2274
43750,33907,2625,16398,1873,31282,4452,2177,2275
43755,33911,2625,16401,1873,31286,4452,2177,2275
43760,33914,2625,16402,1873,31289,4453,2177,2276
43765,33915,2625,16403,1873,31290,4453,2177,2276
43770,33920,2625,16406,1873,31295,4453,2177,2276
43775,33922,2625,16407,1873,31297,4454,2178,2276
43780,33930,2625,16411,1873,31305,4454,2178,2276
43785,33933,2625,16413,1873,31308,4454,2178,2276
43790,33938,2625,16416,1873,31313,4455,2178,2277
43795,33942,2625,16417,1873,31317,4455,2178,2277
43800,33945,2625,16419,1873,31320,4456,2179,2277
43805,33946,2625,16419,1873,31321,4456,2179,2277
43810,33951,2625,16422,1873,31326,4456,2179,2277
43815,33953,2625,16423,1873,31328,4457,2179,2278
43820,33961,2627,16429,1874,31334,4457,2179,2278
43825,33964,2627,16430,1874,31337,4458,2179,2279
43830,33969,2627,16433,1874,31342,4460,2180,2280
43835,33973,2627,16434,1874,31346,4461,2180,2281
43840,33976,2627,16434,1874,31349,4461,2180,2281
43845,33977,2627,16435,1874,31350,4461,2180,2281
43850,33982,2628,16437,1874,31354,4461,2180,2281
43855,33984,2628,16438,1874,31356,4462,2181,2281
43860,33992,2629,16442,1874,31363,4463,2181,2282
43865,33995,2629,16444,1874,31366,4464,2182,2282
43870,34000,2629,16447,1874,31371,4466,2184,2282
43875,34004,2629,16448,1874,31375,4467,2184,2283
43880,34007,2629,16450,1874,31378,4467,2184,2283
43885,34008,2629,16450,1874,31379,4467,2184,2283
43890,34013,2630,16454,1874,31383,4467,2184,2283
43895,34015,2630,16455,1874,31385,4468,2184,2284
43900,34023,2631,16457,1875,31392,4469,2184,2285
43905,34026,2631,16457,1875,31395,4470,2184,2286
43910,34031,2631,16459,1875,31400,4472,2184,2288
43915,34035,2631,16460,1875,31404,4473,2184,2289
43920,34038,2631,16461,1875,31407,4473,2184,2289
43925,34039,2631,16462,1875,31408,4473,2184,2289
43930,34044,2632,16464,1876,31412,4473,2184,2289
43935,34046,2632,16464,1876,31414,4474,2184,2290
43940,34054,2633,16468,1876,31421,4474,2184,2290
43945,34057,2634,16470,1877,31423,4475,2185,2290
43950,34062,2634,16472,1877,31428,4476,2185,2291
43955,34066,2634,16475,1877,31431,4476,2185,2291
43960,34069,2635,16477,1878,31434,4476,2185,2291
43965,34070,2635,16478,1878,31435,4476,2185,2291
43970,34075,2636,16479,1879,31439,4476,2185,2291
43975,34077,2636,16479,1879,31441,4477,2185,2292
43980,34085,2637,16482,1879,31448,4477,2185,2292
43985,34088,2637,16484,1879,31451,4478,2186,2292
43990,34093,2637,16484,1879,31456,4479,2186,2293
43995,34097,2637,16487,1879,31460,4480,2187,2293
44000,34100,2637,16490,1879,31463,4480,2187,2293
44005,34101,2637,16491,1879,31464,4480,2187,2293
44010,34106,2637,16494,1879,31469,4480,2187,2293
44015,34108,2637,16496,1879,31471,4481,2188,2293
44020,34116,2638,16499,1880,31478,4482,2189,2293
44025,34119,2639,16501,1881,31480,4483,2189,2294
44030,34124,2639,16502,1881,31485,4484,2190,2294
44035,34128,2639,16503,1881,31489,4485,2190,2295
44040,34131,2639,16506,1881,31492,4485,2190,2295
44045,34132,2639,16507,1881,31493,4485,2190,2295
44050,34137,2640,16511,1882,31497,4485,2190,2295
44055,34139,2640,16513,1882,31499,4486,2191,2295
44060,34147,2643,16518,1884,31504,4486,2191,2295
44065,34150,2643,16520,1884,31507,4486,2191,2295
44070,34155,2643,16524,1884,31512,4487,2192,2295
44075,34159,2643,16525,1884,31516,4487,2192,2295
44080,34162,2643,16527,1884,31519,4488,2192,2296
44085,34163,2643,16527,1884,31520,4488,2192,2296
44090,34168,2644,16529,1884,31524,4488,2192,2296
44095,34170,2644,16530,1884,31526,4489,2192,2297
44100,34178,2646,16535,1886,31532,4489,2192,2297
44105,34181,2646,16537,1886,31535,4489,2192,2297
44110,34186,2646,16540,1886,31540,4491,2193,2298
44115,34190,2646,16543,1886,31544,4491,2193,2298
44120,34193,2646,16544,1886,31547,4492,2193,2299
44125,34194,2646,16544,1886,31548,4492,2193,2299
44130,34199,2647,16547,1887,31552,4492,2193,2299
44135,34201,2647,16548,1887,31554,4493,2193,2300
44140,34209,2649,16551,1888,31560,4493,2193,2300
44145,34212,2649,16551,1888,31563,4493,2193,2300
44150,34217,2649,16555,1888,31568,4495,2194,2301
44155,34221,2649,16559,1888,31571,4495,2194,2301
44160,34224,2650,16560,1889,31574,4496,2194,2302
44165,34225,2650,16560,1889,31575,4496,2194,2302
44170,34230,2650,16564,1889,31580,4496,2194,2302
44175,34232,2650,16564,1889,31582,4497,2194,2303
44180,34240,2651,16570,1890,31589,4498,2195,2303
44185,34243,2652,16571,1891,31591,4498,2195,2303
44190,34248,2652,16574,1891,31596,4499,2195,2304
44195,34252,2652,16576,1891,31600,4499,2195,2304
44200,34255,2652,16578,1891,31603,4499,2195,2304
44205,34256,2652,16578,1891,31604,4499,2195,2304
44210,34261,2652,16581,1891,31609,4499,2195,2304
44215,34263,2652,16582,1891,31611,4500,2195,2305
44220,34271,2654,16588,1893,31617,4501,2196,2305
44225,34274,2654,16589,1893,31620,4501,2196,2305
44230,34279,2654,16591,1893,31625,4502,2196,2306
44235,34283,2654,16593,1893,31629,4502,2196,2306
44240,34286,2654,16594,1893,31632,4502,2196,2306
44245,34287,2654,16595,1893,31633,4502,2196,2306
44250,34292,2654,16596,1893,31638,4502,2196,2306
44255,34294,2654,16596,1893,31640,4503,2196,2307
44260,34302,2656,16601,1894,31646,4504,2197,2307
44265,34305,2657,16604,1895,31648,4504,2197,2307
44270,34310,2657,16605,1895,31653,4505,2197,2308
44275,34314,2657,16606,1895,31657,4505,2197,2308
44280,34317,2657,16606,1895,31660,4506,2197,2309
44285,34318,2657,16607,1895,31661,4506,2197,2309
44290,34323,2657,16608,1895,31666,4506,2197,2309
44295,34325,2657,16609,1895,31668,4507,2197,2310
44300,34333,2657,16613,1895,31676,4508,2197,2311
44305,34336,2657,16614,1895,31679,4508,2197,2311
44310,34341,2657,16617,1895,31684,4509,2198,2311
44315,34345,2657,16621,1895,31688,4509,2198,2311
44320,34348,2657,16623,1895,31691,4509,2198,2311
44325,34349,2657,16623,1895,31692,4509,2198,2311
44330,34354,2657,16626,1895,31697,4509,2198,2311
44335,34356,2657,16626,1895,31699,4510,2198,2312
44340,34364,2657,16629,1895,31707,4510,2198,2312
44345,34367,2657,16631,1895,31710,4510,2198,2312
44350,34372,2657,16632,1895,31715,4512,2199,2313
44355,34376,2657,16635,1895,31719,4512,2199,2313
44360,34379,2657,16636,1895,31722,4512,2199,2313
44365,34380,2657,16636,1895,31723,4512,2199,2313
44370,34385,2657,16640,1895,31728,4512,2199,2313
44375,34387,2657,16642,1895,31730,4513,2200,2313
44380,34395,2657,16645,1895,31738,4513,2200,2313
44385,34398,2657,16648,1895,31741,4513,2200,2313
44390,34403,2657,16648,1895,31746,4514,2200,2314
44395,34407,2657,16648,1895,31750,4514,2200,2314
44400,34410,2657,16650,1895,31753,4514,2200,2314
44405,34411,2657,16651,1895,31754,4514,2200,2314
44410,34416,2658,16655,1896,31758,4514,2200,2314
44415,34418,2658,16656,1896,31760,4515,2200,2315
44420,34426,2660,16660,1898,31766,4516,2200,2316
44425,34429,2661,16662,1899,31768,4517,2201,2316
44430,34434,2661,16665,1899,31773,4518,2202,2316
44435,34438,2661,16668,1899,31777,4518,2202,2316
44440,34441,2661,16670,1899,31780,4518,2202,2316
44445,34442,2662,16671,1900,31780,4518,2202,2316
44450,34447,2663,16671,1900,31784,4518,2202,2316
44455,34449,2663,16672,1900,31786,4519,2203,2316
44460,34457,2664,16677,1901,31793,4520,2204,2316
44465,34460,2664,16679,1901,31796,4520,2204,2316
44470,34465,2664,16682,1901,31801,4521,2204,2317
44475,34469,2664,16683,1901,31805,4521,2204,2317
44480,34472,2664,16684,1901,31808,4521,2204,2317
44485,34473,2665,16685,1902,31808,4521,2204,2317
44490,34478,2666,16689,1902,31812,4521,2204,2317
44495,34480,2666,16691,1902,31814,4522,2205,2317
44500,34488,2667,16695,1902,31821,4523,2206,2317
44505,34491,2668,16697,1903,31823,4523,2206,2317
44510,34496,2668,16700,1903,31828,4524,2206,2318
44515,34500,2668,16701,1903,31832,4524,2206,2318
44520,34503,2668,16701,1903,31835,4525,2206,2319
44525,34504,2668,16701,1903,31836,4525,2206,2319
44530,34509,2668,16705,1903,31841,4525,2206,2319
44535,34511,2668,16705,1903,31843,4526,2206,2320
44540,34519,2669,16710,1903,31850,4527,2206,2321
44545,34522,2669,16711,1903,31853,4527,2206,2321
44550,34527,2669,16713,1903,31858,4528,2207,2321
44555,34531,2669,16714,1903,31862,4528,2207,2321
44560,34534,2669,16717,1903,31865,4529,2208,2321
44565,34535,2669,16718,1903,31866,4529,2208,2321
44570,34540,2669,16721,1903,31871,4529,2208,2321
44575,34542,2669,16722,1903,31873,4530,2209,2321
44580,34550,2672,16726,1905,31878,4531,2209,2322
44585,34553,2672,16727,1905,31881,4531,2209,2322
44590,34558,2672,16728,1905,31886,4533,2209,2324
44595,34562,2672,16730,1905,31890,4533,2209,2324
44600,34565,2672,16732,1905,31893,4533,2209,2324
44605,34566,2672,16732,1905,31894,4533,2209,2324
44610,34571,2672,16733,1905,31899,4533,2209,2324
44615,34573,2672,16734,1905,31901,4534,2209,2325
44620,34581,2674,16738,1906,31907,4535,2209,2326
44625,34584,2675,16739,1907,31909,4535,2209,2326
44630,34589,2675,16743,1907,31914,4536,2209,2327
44635,34593,2675,16744,1907,31918,4536,2209,2327
44640,34596,2675,16745,1907,31921,4536,2209,2327
44645,34597,2675,16745,1907,31922,4536,2209,2327
44650,34602,2676,16746,1907,31926,4536,2209,2327
44655,34604,2676,16747,1907,31928,4537,2210,2327
44660,34612,2677,16750,1908,31935,4537,2210,2327
44665,34615,2677,16751,1908,31938,4538,2210,2328
44670,34620,2677,16754,1908,31943,4539,2210,2329
44675,34624,2677,16756,1908,31947,4539,2210,2329
44680,34627,2677,16758,1908,31950,4539,2210,2329
44685,34628,2677,16758,1908,31951,4539,2210,2329
44690,34633,2678,16760,1908,31955,4539,2210,2329
44695,34635,2678,16761,1908,31957,4540,2211,2329
44700,34643,2680,16765,1909,31963,4540,2211,2329
44705,34646,2680,16767,1909,31966,4540,2211,2329
44710,34651,2680,16771,1909,31971,4541,2212,2329
44715,34655,2680,16773,1909,31975,4541,2212,2329
44720,34658,2680,16775,1909,31978,4541,2212,2329
44725,34659,2680,16776,1909,31979,4541,2212,2329
44730,34664,2681,16778,1910,31983,4541,2212,2329
44735,34666,2681,16779,1910,31985,4542,2212,2330
44740,34674,2683,16784,1912,31991,4542,2212,2330
44745,34677,2683,16784,1912,31994,4542,2212,2330
44750,34682,2683,16786,1912,31999,4543,2212,2331
44755,34686,2683,16788,1912,32002,4543,2212,2331
44760,34689,2684,16790,1913,32005,4544,2213,2331
44765,34690,2684,16790,1913,32006,4544,2213,2331
44770,34695,2685,16792,1913,32010,4544,2213,2331
44775,34697,2685,16792,1913,32012,4545,2213,2332
44780,34705,2686,16797,1913,32019,4546,2214,2332
44785,34708,2686,16798,1913,32022,4546,2214,2332
44790,34713,2686,16801,1913,32027,4548,2215,2333
44795,34717,2686,16802,1913,32031,4548,2215,2333
44800,34720,2686,16803,1913,32034,4549,2216,2333
44805,34721,2686,16803,1913,32035,4549,2216,2333
44810,34726,2687,16805,1914,32039,4549,2216,2333
44815,34728,2687,16806,1914,32041,4550,2216,2334
44820,34736,2689,16811,1916,32047,4551,2217,2334
44825,34739,2689,16812,1916,32050,4551,2217,2334
44830,34744,2689,16813,1916,32055,4553,2217,2336
44835,34748,2689,16816,1916,32058,4553,2217,2336
44840,34751,2690,16817,1917,32061,4554,2217,2337
44845,34752,2690,16817,1917,32062,4554,2217,2337
44850,34757,2691,16819,1918,32066,4554,2217,2337
44855,34759,2691,16819,1918,32068,4555,2217,2338
44860,34767,2692,16823,1918,32075,4555,2217,2338
44865,34770,2692,16823,1918,32078,4555,2217,2338
44870,34775,2692,16828,1918,32083,4557,2219,2338
44875,34779,2692,16830,1918,32087,4558,2219,2339
44880,34782,2692,16830,1918,32090,4559,2219,2340
44885,34783,2692,16830,1918,32091,4559,2219,2340
44890,34788,2693,16832,1919,32095,4559,2219,2340
44895,34790,2693,16833,1919,32097,4560,2220,2340
44900,34798,2695,16836,1921,32103,4560,2220,2340
44905,34801,2695,16838,1921,32106,4560,2220,2340
44910,34806,2695,16839,1921,32111,4561,2220,2341
44915,34810,2695,16841,1921,32115,4561,2220,2341
44920,34813,2695,16844,1921,32118,4562,2221,2341
44925,34814,2696,16845,1922,32118,4562,2221,2341
44930,34819,2697,16849,1923,32122,4562,2221,2341
44935,34821,2697,16851,1923,32124,4563,2222,2341
44940,34829,2698,16853,1923,32131,4564,2222,2342
44945,34832,2698,16856,1923,32134,4564,2222,2342
44950,34837,2698,16859,1923,32139,4566,2223,2343
44955,34841,2698,16862,1923,32143,4566,2223,2343
44960,34844,2698,16864,1923,32146,4567,2223,2344
44965,34845,2698,16865,1923,32147,4567,2223,2344
44970,34850,2698,16866,1923,32152,4567,2223,2344
44975,34852,2698,16867,1923,32154,4568,2223,2345
44980,34860,2698,16872,1923,32162,4569,2223,2346
44985,34863,2698,16874,1923,32165,4569,2223,2346
44990,34868,2698,16876,1923,32170,4570,2223,2347
44995,34872,2698,16877,1923,32174,4571,2223,2348
45000,34875,2698,16878,1923,32177,4571,2223,2348
45005,34876,2698,16878,1923,32178,4571,2223,2348
45010,34881,2698,16879,1923,32183,4571,2223,2348
45015,34883,2698,16879,1923,32185,4572,2223,2349
45020,34891,2698,16882,1923,32193,4572,2223,2349
45025,34894,2698,16883,1923,32196,4572,2223,2349
45030,34899,2698,16885,1923,32201,4573,2224,2349
45035,34903,2698,16888,1923,32205,4573,2224,2349
45040,34906,2698,16889,1923,32208,4573,2224,2349
45045,34907,2698,16890,1923,32209,4573,2224,2349
45050,34912,2699,16893,1924,32213,4573,2224,2349
45055,34914,2699,16893,1924,32215,4574,2224,2350
45060,34922,2700,16896,1925,32222,4574,2224,2350
45065,34925,2700,16897,1925,32225,4574,2224,2350
45070,34930,2700,16900,1925,32230,4576,2226,2350
45075,34934,2700,16903,1925,32234,4576,2226,2350
45080,34937,2700,16904,1925,32237,4576,2226,2350
45085,34938,2700,16904,1925,32238,4576,2226,2350
45090,34943,2701,16908,1926,32242,4576,2226,2350
45095,34945,2701,16908,1926,32244,4577,2226,2351
45100,34953,2702,16911,1926,32251,4578,2226,2352
45105,34956,2703,16913,1927,32253,4579,2227,2352
45110,34961,2703,16916,1927,32258,4581,2228,2353
45115,34965,2703,16917,1927,32262,4581,2228,2353
45120,34968,2703,16918,1927,32265,4582,2228,2354
45125,34969,2704,16919,1928,32265,4582,2228,2354
45130,34974,2705,16920,1928,32269,4582,2228,2354
45135,34976,2705,16920,1928,32271,4583,2228,2355
45140,34984,2706,16923,1928,32278,4584,2229,2355
45145,34987,2706,16925,1928,32281,4585,2230,2355
45150,34992,2706,16929,1928,32286,4587,2232,2355
45155,34996,2706,16930,1928,32289,4588,2232,2356
45160,34999,2707,16931,1929,32292,4589,2232,2357
45165,35000,2707,16931,1929,32293,4589,2232,2357
45170,35005,2708,16934,1930,32297,4589,2232,2357
45175,35007,2708,16936,1930,32299,4590,2233,2357
45180,35015,2709,16939,1930,32306,4591,2233,2358
45185,35018,2709,16939,1930,32309,4591,2233,2358
45190,35023,2709,16943,1930,32314,4592,2234,2358
45195,35027,2709,16945,1930,32318,4592,2234,2358
45200,35030,2709,16946,1930,32321,4593,2235,2358
45205,35031,2709,16946,1930,32322,4593,2235,2358
45210,35036,2709,16950,1930,32327,4593,2235,2358
45215,35038,2709,16951,1930,32329,4594,2236,2358
45220,35046,2710,16953,1931,32336,4594,2236,2358
45225,35049,2710,16954,1931,32339,4594,2236,2358
45230,35054,2710,16955,1931,32344,4595,2236,2359
45235,35058,2710,16957,1931,32348,4595,2236,2359
45240,35061,2710,16959,1931,32351,4596,2236,2360
45245,35062,2710,16959,1931,32352,4596,2236,2360
45250,35067,2710,16962,1931,32357,4596,2236,2360
45255,35069,2710,16964,1931,32359,4597,2237,2360
45260,35077,2713,16972,1934,32364,4597,2237,2360
45265,35080,2713,16974,1934,32367,4597,2237,2360
45270,35085,2713,16977,1934,32372,4598,2237,2361
45275,35089,2713,16978,1934,32376,4598,2237,2361
45280,35092,2713,16978,1934,32379,4599,2237,2362
45285,35093,2713,16979,1934,32380,4599,2237,2362
45290,35098,2714,16983,1935,32384,4599,2237,2362
45295,35100,2714,16984,1935,32386,4600,2238,2362
45300,35108,2716,16987,1937,32392,4601,2238,2363
45305,35111,2716,16987,1937,32395,4601,2238,2363
45310,35116,2716,16989,1937,32400,4603,2238,2365
45315,35120,2716,16990,1937,32404,4604,2238,2366
45320,35123,2716,16991,1937,32407,4605,2238,2367
45325,35124,2716,16992,1937,32408,4605,2238,2367
45330,35129,2716,16994,1937,32413,4605,2238,2367
45335,35131,2716,16994,1937,32415,4606,2238,2368
45340,35139,2719,16998,1939,32420,4606,2238,2368
45345,35142,2719,17001,1939,32423,4606,2238,2368
45350,35147,2719,17003,1939,32428,4608,2238,2370
45355,35151,2719,17005,1939,32432,4609,2239,2370
45360,35154,2719,17006,1939,32435,4610,2239,2371
45365,35155,2719,17006,1939,32436,4610,2239,2371
45370,35160,2719,17011,1939,32441,4610,2239,2371
45375,35162,2719,17013,1939,32443,4611,2240,2371
45380,35170,2721,17017,1940,32449,4611,2240,2371
45385,35173,2722,17019,1941,32451,4612,2240,2372
45390,35178,2722,17021,1941,32456,4614,2240,2374
45395,35182,2722,17024,1941,32460,4615,2240,2375
45400,35185,2722,17025,1941,32463,4615,2240,2375
45405,35186,2722,17026,1941,32464,4615,2240,2375
45410,35191,2723,17027,1941,32468,4615,2240,2375
45415,35193,2723,17028,1941,32470,4616,2241,2375
45420,35201,2725,17035,1943,32476,4617,2242,2375
45425,35204,2726,17037,1944,32478,4617,2242,2375
45430,35209,2726,17038,1944,32483,4618,2242,2376
45435,35213,2726,17040,1944,32487,4618,2242,2376
45440,35216,2726,17040,1944,32490,4618,2242,2376
45445,35217,2727,17041,1945,32490,4618,2242,2376
45450,35222,2728,17042,1945,32494,4618,2242,2376
45455,35224,2728,17043,1945,32496,4619,2243,2376
45460,35232,2729,17047,1945,32503,4620,2244,2376
45465,35235,2729,17048,1945,32506,4620,2244,2376
45470,35240,2729,17051,1945,32511,4621,2245,2376
45475,35244,2729,17053,1945,32514,4621,2245,2376
45480,35247,2730,17055,1946,32517,4621,2245,2376
45485,35248,2730,17056,1946,32518,4621,2245,2376
45490,35253,2730,17060,1946,32523,4621,2245,2376
45495,35255,2730,17060,1946,32525,4622,2245,2377
45500,35263,2730,17062,1946,32533,4623,2245,2378
45505,35266,2730,17064,1946,32536,4623,2245,2378
45510,35271,2730,17068,1946,32541,4624,2246,2378
45515,35275,2730,17068,1946,32545,4624,2246,2378
45520,35278,2730,17069,1946,32548,4624,2246,2378
45525,35279,2730,17069,1946,32549,4624,2246,2378
45530,35284,2730,17070,1946,32554,4624,2246,2378
45535,35286,2730,17072,1946,32556,4625,2247,2378
45540,35294,2730,17076,1946,32564,4625,2247,2378
45545,35297,2730,17076,1946,32567,4626,2247,2379
45550,35302,2730,17078,1946,32572,4628,2247,2381
45555,35306,2730,17080,1946,32576,4628,2247,2381
45560,35309,2730,17082,1946,32579,4629,2248,2381
45565,35310,2730,17082,1946,32580,4629,2248,2381
45570,35315,2730,17085,1946,32585,4629,2248,2381
45575,35317,2730,17087,1946,32587,4630,2249,2381
45580,35325,2730,17091,1946,32595,4631,2250,2381
45585,35328,2730,17091,1946,32598,4632,2250,2382
45590,35333,2730,17093,1946,32603,4633,2251,2382
45595,35337,2730,17095,1946,32607,4633,2251,2382
45600,35340,2730,17097,1946,32610,4634,2251,2383
45605,35341,2730,17098,1946,32611,4634,2251,2383
45610,35346,2731,17098,1946,32615,4634,2251,2383
45615,35348,2731,17098,1946,32617,4635,2251,2384
45620,35356,2732,17099,1946,32624,4635,2251,2384
45625,35359,2732,17100,1946,32627,4636,2252,2384
45630,35364,2732,17104,1946,32632,4637,2253,2384
45635,35368,2732,17108,1946,32636,4637,2253,2384
45640,35371,2732,17110,1946,32639,4637,2253,2384
45645,35372,2732,17111,1946,32640,4637,2253,2384
45650,35377,2733,17113,1946,32644,4637,2253,2384
45655,35379,2733,17114,1946,32646,4638,2253,2385
45660,35387,2735,17117,1947,32652,4638,2253,2385
45665,35390,2736,17118,1948,32654,4638,2253,2385
45670,35395,2736,17122,1948,32659,4639,2253,2386
45675,35399,2736,17124,1948,32663,4639,2253,2386
45680,35402,2736,17126,1948,32666,4639,2253,2386
45685,35403,2736,17127,1948,32667,4639,2253,2386
45690,35408,2737,17130,1949,32671,4639,2253,2386
45695,35410,2737,17131,1949,32673,4640,2254,2386
45700,35418,2739,17134,1950,32679,4640,2254,2386
45705,35421,2740,17137,1951,32681,4640,2254,2386
45710,35426,2740,17139,1951,32686,4641,2254,2387
45715,35430,2740,17140,1951,32690,4641,2254,2387
45720,35433,2740,17141,1951,32693,4642,2254,2388
45725,35434,2740,17141,1951,32694,4642,2254,2388
45730,35439,2741,17144,1952,32698,4642,2254,2388
45735,35441,2741,17145,1952,32700,4643,2255,2388
45740,35449,2742,17148,1952,32707,4644,2256,2388
45745,35452,2742,17148,1952,32710,4644,2256,2388
45750,35457,2742,17152,1952,32715,4645,2257,2388
45755,35461,2742,17153,1952,32718,4645,2257,2388
45760,35464,2743,17154,1953,32721,4646,2257,2389
45765,35465,2743,17154,1953,32722,4646,2257,2389
45770,35470,2744,17157,1954,32726,4646,2257,2389
45775,35472,2744,17159,1954,32728,4647,2258,2389
45780,35480,2746,17164,1956,32734,4648,2259,2389
45785,35483,2747,17165,1957,32736,4648,2259,2389
45790,35488,2747,17167,1957,32741,4650,2260,2390
45795,35492,2747,17168,1957,32745,4650,2260,2390
45800,35495,2747,17169,1957,32748,4651,2261,2390
45805,35496,2747,17170,1957,32749,4651,2261,2390
45810,35501,2748,17175,1958,32753,4651,2261,2390
45815,35503,2748,17177,1958,32755,4652,2262,2390
45820,35511,2750,17182,1959,32761,4652,2262,2390
45825,35514,2750,17183,1959,32764,4652,2262,2390
45830,35519,2750,17185,1959,32769,4654,2263,2391
45835,35523,2750,17187,1959,32772,4654,2263,2391
45840,35526,2751,17187,1960,32775,4655,2263,2392
45845,35527,2751,17187,1960,32776,4655,2263,2392
45850,35532,2752,17191,1961,32780,4655,2263,2392
45855,35534,2752,17192,1961,32782,4656,2264,2392
45860,35542,2753,17195,1962,32789,4656,2264,2392
45865,35545,2753,17196,1962,32792,4656,2264,2392
45870,35550,2753,17199,1962,32797,4657,2264,2393
45875,35554,2753,17201,1962,32801,4657,2264,2393
45880,35557,2753,17202,1962,32804,4657,2264,2393
45885,35558,2753,17202,1962,32805,4657,2264,2393
45890,35563,2754,17206,1963,32809,4657,2264,2393
45895,35565,2754,17207,1963,32811,4658,2265,2393
45900,35573,2755,17211,1964,32818,4659,2265,2394
45905,35576,2755,17211,1964,32821,4659,2265,2394
45910,35581,2755,17213,1964,32826,4661,2266,2395
45915,35585,2755,17216,1964,32830,4661,2266,2395
45920,35588,2755,17217,1964,32833,4661,2266,2395
45925,35589,2755,17217,1964,32834,4661,2266,2395
45930,35594,2755,17221,1964,32839,4661,2266,2395
45935,35596,2755,17223,1964,32841,4662,2267,2395
45940,35604,2755,17227,1964,32849,4663,2268,2395
45945,35607,2755,17229,1964,32852,4663,2268,2395
45950,35612,2755,17230,1964,32857,4665,2268,2397
45955,35616,2755,17233,1964,32861,4665,2268,2397
45960,35619,2755,17235,1964,32864,4665,2268,2397
45965,35620,2756,17236,1965,32864,4665,2268,2397
45970,35625,2757,17238,1965,32868,4665,2268,2397
45975,35627,2757,17238,1965,32870,4666,2268,2398
45980,35635,2758,17240,1965,32877,4667,2269,2398
45985,35638,2758,17242,1965,32880,4667,2269,2398
45990,35643,2758,17244,1965,32885,4668,2270,2398
45995,35647,2758,17246,1965,32889,4669,2270,2399
46000,35650,2758,17247,1965,32892,4669,2270,2399
46005,35651,2758,17247,1965,32893,4669,2270,2399
46010,35656,2759,17249,1965,32897,4669,2270,2399
46015,35658,2759,17250,1965,32899,4670,2270,2400
46020,35666,2761,17256,1967,32905,4671,2270,2401
46025,35669,2761,17257,1967,32908,4672,2270,2402
46030,35674,2761,17259,1967,32913,4673,2270,2403
46035,35678,2761,17262,1967,32917,4673,2270,2403
46040,35681,2761,17262,1967,32920,4674,2270,2404
46045,35682,2761,17262,1967,32921,4674,2270,2404
46050,35687,2761,17264,1967,32926,4674,2270,2404
46055,35689,2761,17264,1967,32928,4675,2270,2405
46060,35697,2763,17270,1968,32934,4675,2270,2405
46065,35700,2763,17270,1968,32937,4676,2270,2406
46070,35705,2763,17271,1968,32942,4677,2270,2407
46075,35709,2763,17274,1968,32946,4677,2270,2407
46080,35712,2763,17274,1968,32949,4678,2270,2408
46085,35713,2763,17275,1968,32950,4678,2270,2408
46090,35718,2764,17278,1969,32954,4678,2270,2408
46095,35720,2764,17278,1969,32956,4679,2270,2409
46100,35728,2765,17282,1970,32963,4679,2270,2409
46105,35731,2766,17283,1971,32965,4679,2270,2409
46110,35736,2766,17286,1971,32970,4680,2271,2409
46115,35740,2766,17288,1971,32974,4680,2271,2409
46120,35743,2766,17291,1971,32977,4681,2272,2409
46125,35744,2767,17292,1972,32977,4681,2272,2409
46130,35749,2768,17296,1972,32981,4681,2272,2409
46135,35751,2768,17296,1972,32983,4682,2272,2410
46140,35759,2770,17301,1974,32989,4683,2273,2410
46145,35762,2770,17302,1974,32992,4683,2273,2410
46150,35767,2770,17303,1974,32997,4684,2274,2410
46155,35771,2770,17304,1974,33001,4684,2274,2410
46160,35774,2770,17305,1974,33004,4685,2274,2411
46165,35775,2770,17306,1974,33005,4685,2274,2411
46170,35780,2770,17311,1974,33010,4685,2274,2411
46175,35782,2770,17312,1974,33012,4686,2275,2411
46180,35790,2773,17317,1976,33017,4687,2276,2411
46185,35793,2773,17319,1976,33020,4687,2276,2411
46190,35798,2773,17323,1976,33025,4688,2277,2411
46195,35802,2773,17326,1976,33029,4688,2277,2411
46200,35805,2773,17326,1976,33032,4689,2277,2412
46205,35806,2773,17326,1976,33033,4689,2277,2412
46210,35811,2773,17326,1976,33038,4689,2277,2412
46215,35813,2773,17327,1976,33040,4690,2278,2412
46220,35821,2773,17330,1976,33048,4691,2278,2413
46225,35824,2773,17331,1976,33051,4691,2278,2413
46230,35829,2773,17335,1976,33056,4692,2279,2413
46235,35833,2773,17336,1976,33060,4692,2279,2413
46240,35836,2773,17339,1976,33063,4692,2279,2413
46245,35837,2773,17339,1976,33064,4692,2279,2413
46250,35842,2774,17341,1976,33068,4692,2279,2413
46255,35844,2774,17341,1976,33070,4693,2279,2414
46260,35852,2774,17346,1976,33078,4694,2280,2414
46265,35855,2774,17347,1976,33081,4694,2280,2414
46270,35860,2774,17350,1976,33086,4695,2281,2414
46275,35864,2774,17352,1976,33090,4695,2281,2414
46280,35867,2774,17354,1976,33093,4695,2281,2414
46285,35868,2774,17355,1976,33094,4695,2281,2414
46290,35873,2775,17358,1977,33098,4695,2281,2414
46295,35875,2775,17360,1977,33100,4696,2282,2414
46300,35883,2775,17363,1977,33108,4696,2282,2414
46305,35886,2775,17365,1977,33111,4696,2282,2414
46310,35891,2775,17369,1977,33116,4697,2283,2414
46315,35895,2775,17370,1977,33120,4697,2283,2414
46320,35898,2775,17372,1977,33123,4698,2284,2414
46325,35899,2775,17373,1977,33124,4698,2284,2414
46330,35904,2776,17376,1978,33128,4698,2284,2414
46335,35906,2776,17376,1978,33130,4699,2284,2415
46340,35914,2778,17380,1979,33136,4699,2284,2415
46345,35917,2779,17381,1980,33138,4699,2284,2415
46350,35922,2779,17382,1980,33143,4701,2285,2416
46355,35926,2779,17383,1980,33147,4702,2286,2416
46360,35929,2779,17384,1980,33150,4702,2286,2416
46365,35930,2779,17385,1980,33151,4702,2286,2416
46370,35935,2780,17388,1981,33155,4702,2286,2416
46375,35937,2780,17390,1981,33157,4703,2287,2416
46380,35945,2782,17395,1982,33163,4704,2288,2416
46385,35948,2782,17395,1982,33166,4704,2288,2416
46390,35953,2782,17400,1982,33171,4705,2289,2416
46395,35957,2782,17401,1982,33175,4705,2289,2416
46400,35960,2782,17404,1982,33178,4705,2289,2416
46405,35961,2782,17405,1982,33179,4705,2289,2416
46410,35966,2782,17408,1982,33184,4705,2289,2416
46415,35968,2782,17409,1982,33186,4706,2290,2416
46420,35976,2784,17413,1984,33192,4707,2291,2416
46425,35979,2785,17416,1985,33194,4707,2291,2416
46430,35984,2785,17417,1985,33199,4708,2291,2417
46435,35988,2785,17420,1985,33203,4708,2291,2417
46440,35991,2785,17421,1985,33206,4708,2291,2417
46445,35992,2785,17422,1985,33207,4708,2291,2417
46450,35997,2785,17425,1985,33212,4708,2291,2417
46455,35999,2785,17426,1985,33214,4709,2291,2418
46460,36007,2787,17430,1987,33220,4710,2292,2418
46465,36010,2787,17432,1987,33223,4711,2293,2418
46470,36015,2787,17434,1987,33228,4712,2293,2419
46475,36019,2787,17435,1987,33232,4712,2293,2419
46480,36022,2787,17436,1987,33235,4712,2293,2419
46485,36023,2787,17436,1987,33236,4712,2293,2419
46490,36028,2788,17440,1988,33240,4712,2293,2419
46495,36030,2788,17440,1988,33242,4713,2293,2420
46500,36038,2790,17444,1989,33248,4714,2294,2420
46505,36041,2790,17446,1989,33251,4714,2294,2420
46510,36046,2790,17448,1989,33256,4715,2294,2421
46515,36050,2790,17450,1989,33260,4716,2295,2421
46520,36053,2790,17452,1989,33263,4717,2296,2421
46525,36054,2790,17452,1989,33264,4717,2296,2421
46530,36059,2790,17456,1989,33269,4717,2296,2421
46535,36061,2790,17456,1989,33271,4718,2296,2422
46540,36069,2790,17460,1989,33279,4718,2296,2422
46545,36072,2790,17463,1989,33282,4718,2296,2422
46550,36077,2790,17465,1989,33287,4720,2297,2423
46555,36081,2790,17467,1989,33291,4721,2298,2423
46560,36084,2790,17470,1989,33294,4722,2299,2423
46565,36085,2790,17471,1989,33295,4722,2299,2423
46570,36090,2790,17473,1989,33300,4722,2299,2423
46575,36092,2790,17475,1989,33302,4723,2300,2423
46580,36100,2790,17479,1989,33310,4723,2300,2423
46585,36103,2790,17480,1989,33313,4723,2300,2423
46590,36108,2790,17484,1989,33318,4724,2301,2423
46595,36112,2790,17487,1989,33322,4724,2301,2423
46600,36115,2790,17488,1989,33325,4725,2301,2424
46605,36116,2790,17488,1989,33326,4725,2301,2424
46610,36121,2791,17491,1990,33330,4725,2301,2424
46615,36123,2791,17493,1990,33332,4726,2302,2424
46620,36131,2794,17496,1992,33337,4727,2302,2425
46625,36134,2795,17498,1993,33339,4727,2302,2425
46630,36139,2795,17501,1993,33344,4728,2303,2425
46635,36143,2795,17504,1993,33348,4728,2303,2425
46640,36146,2795,17506,1993,33351,4728,2303,2425
46645,36147,2795,17506,1993,33352,4728,2303,2425
46650,36152,2795,17509,1993,33357,4728,2303,2425
46655,36154,2795,17511,1993,33359,4729,2304,2425
46660,36162,2797,17514,1994,33365,4729,2304,2425
46665,36165,2798,17515,1995,33367,4729,2304,2425
46670,36170,2798,17516,1995,33372,4731,2305,2426
46675,36174,2798,17517,1995,33376,4731,2305,2426
46680,36177,2798,17517,1995,33379,4731,2305,2426
46685,36178,2798,17517,1995,33380,4731,2305,2426
46690,36183,2798,17518,1995,33385,4731,2305,2426
46695,36185,2798,17520,1995,33387,4732,2306,2426
46700,36193,2799,17523,1995,33394,4732,2306,2426
46705,36196,2800,17526,1996,33396,4732,2306,2426
46710,36201,2800,17527,1996,33401,4734,2307,2427
46715,36205,2800,17529,1996,33405,4735,2308,2427
46720,36208,2800,17531,1996,33408,4735,2308,2427
46725,36209,2801,17532,1997,33408,4735,2308,2427
46730,36214,2802,17535,1998,33412,4735,2308,2427
46735,36216,2802,17536,1998,33414,4736,2308,2428
46740,36224,2805,17541,2000,33419,4737,2309,2428
46745,36227,2805,17542,2000,33422,4737,2309,2428
46750,36232,2805,17545,2000,33427,4738,2310,2428
46755,36236,2805,17548,2000,33431,4738,2310,2428
46760,36239,2805,17549,2000,33434,4739,2310,2429
46765,36240,2805,17550,2000,33435,4739,2310,2429
46770,36245,2805,17552,2000,33440,4739,2310,2429
46775,36247,2805,17553,2000,33442,4740,2310,2430
46780,36255,2805,17557,2000,33450,4740,2310,2430
46785,36258,2805,17558,2000,33453,4740,2310,2430
46790,36263,2805,17561,2000,33458,4741,2310,2431
46795,36267,2805,17565,2000,33462,4741,2310,2431
46800,36270,2805,17566,2000,33465,4742,2310,2432
46805,36271,2805,17567,2000,33466,4742,2310,2432
46810,36276,2805,17570,2000,33471,4742,2310,2432
46815,36278,2805,17572,2000,33473,4743,2311,2432
46820,36286,2805,17577,2000,33481,4744,2311,2433
46825,36289,2805,17579,2000,33484,4744,2311,2433
46830,36294,2805,17581,2000,33489,4745,2311,2434
46835,36298,2805,17582,2000,33493,4745,2311,2434
46840,36301,2805,17583,2000,33496,4745,2311,2434
46845,36302,2805,17584,2000,33497,4745,2311,2434
46850,36307,2806,17589,2001,33501,4745,2311,2434
46855,36309,2806,17589,2001,33503,4746,2311,2435
46860,36317,2807,17590,2001,33510,4747,2312,2435
46865,36320,2807,17592,2001,33513,4747,2312,2435
46870,36325,2807,17593,2001,33518,4749,2313,2436
46875,36329,2807,17596,2001,33522,4749,2313,2436
46880,36332,2807,17597,2001,33525,4749,2313,2436
46885,36333,2807,17598,2001,33526,4749,2313,2436
46890,36338,2808,17600,2002,33530,4749,2313,2436
46895,36340,2808,17600,2002,33532,4750,2313,2437
46900,36348,2809,17602,2002,33539,4750,2313,2437
46905,36351,2810,17604,2003,33541,4750,2313,2437
46910,36356,2810,17606,2003,33546,4752,2314,2438
46915,36360,2810,17608,2003,33550,4752,2314,2438
46920,36363,2810,17609,2003,33553,4752,2314,2438
46925,36364,2810,17609,2003,33554,4752,2314,2438
46930,36369,2811,17613,2003,33558,4752,2314,2438
46935,36371,2811,17614,2003,33560,4753,2314,2439
46940,36379,2812,17618,2003,33567,4753,2314,2439
46945,36382,2813,17620,2004,33569,4753,2314,2439
46950,36387,2813,17624,2004,33574,4754,2314,2440
46955,36391,2813,17627,2004,33578,4754,2314,2440
46960,36394,2813,17628,2004,33581,4755,2315,2440
46965,36395,2813,17628,2004,33582,4755,2315,2440
46970,36400,2814,17629,2004,33586,4755,2315,2440
46975,36402,2814,17629,2004,33588,4756,2315,2441
46980,36410,2815,17634,2005,33595,4757,2315,2442
46985,36413,2816,17635,2006,33597,4758,2315,2443
46990,36418,2816,17639,2006,33602,4760,2317,2443
46995,36422,2816,17641,2006,33605,4761,2317,2444
47000,36425,2817,17642,2007,33608,4762,2318,2444
47005,36426,2818,17643,2008,33608,4762,2318,2444
47010,36431,2819,17646,2009,33612,4762,2318,2444
47015,36433,2819,17647,2009,33614,4763,2318,2445
47020,36441,2820,17650,2009,33621,4764,2319,2445
47025,36444,2820,17651,2009,33624,4765,2319,2446
47030,36449,2820,17651,2009,33629,4767,2319,2448
47035,36453,2820,17652,2009,33632,4768,2319,2449
47040,36456,2821,17653,2010,33635,4769,2319,2450
47045,36457,2821,17653,2010,33636,4769,2319,2450
47050,36462,2821,17655,2010,33641,4769,2319,2450
47055,36464,2821,17657,2010,33643,4770,2320,2450
47060,36472,2822,17660,2011,33650,4770,2320,2450
47065,36475,2822,17662,2011,33653,4770,2320,2450
47070,36480,2822,17663,2011,33658,4771,2320,2451
47075,36484,2822,17665,2011,33662,4771,2320,2451
47080,36487,2822,17666,2011,33665,4772,2320,2452
47085,36488,2822,17667,2011,33666,4772,2320,2452
47090,36493,2822,17670,2011,33671,4772,2320,2452
47095,36495,2822,17671,2011,33673,4773,2321,2452
47100,36503,2825,17674,2013,33678,4773,2321,2452
47105,36506,2825,17676,2013,33681,4773,2321,2452
47110,36511,2825,17678,2013,33686,4774,2321,2453
47115,36515,2825,17680,2013,33690,4774,2321,2453
47120,36518,2825,17683,2013,33693,4775,2322,2453
47125,36519,2825,17684,2013,33694,4775,2322,2453
47130,36524,2825,17686,2013,33699,4775,2322,2453
47135,36526,2825,17686,2013,33701,4776,2322,2454
47140,36534,2825,17691,2013,33709,4776,2322,2454
47145,36537,2825,17693,2013,33712,4776,2322,2454
47150,36542,2825,17695,2013,33717,4778,2323,2455
47155,36546,2825,17696,2013,33720,4778,2323,2455
47160,36549,2826,17697,2014,33723,4779,2323,2456
47165,36550,2826,17697,2014,33724,4779,2323,2456
47170,36555,2827,17699,2015,33728,4779,2323,2456
47175,36557,2827,17700,2015,33730,4780,2324,2456
47180,36565,2827,17704,2015,33738,4781,2325,2456
47185,36568,2827,17704,2015,33741,4781,2325,2456
47190,36573,2827,17707,2015,33746,4782,2326,2456
47195,36577,2827,17707,2015,33750,4782,2326,2456
47200,36580,2827,17709,2015,33753,4782,2326,2456
47205,36581,2828,17710,2016,33753,4782,2326,2456
47210,36586,2829,17712,2016,33757,4782,2326,2456
47215,36588,2829,17713,2016,33759,4783,2326,2457
47220,36596,2831,17717,2017,33765,4784,2327,2457
47225,36599,2831,17719,2017,33768,4784,2327,2457
47230,36604,2831,17722,2017,33773,4785,2328,2457
47235,36608,2831,17723,2017,33777,4785,2328,2457
47240,36611,2831,17725,2017,33780,4785,2328,2457
47245,36612,2831,17726,2017,33781,4785,2328,2457
47250,36617,2832,17727,2017,33785,4785,2328,2457
47255,36619,2832,17727,2017,33787,4786,2328,2458
47260,36627,2833,17730,2018,33794,4786,2328,2458
47265,36630,2834,17731,2019,33796,4786,2328,2458
47270,36635,2834,17732,2019,33801,4787,2328,2459
47275,36639,2834,17733,2019,33805,4787,2328,2459
47280,36642,2834,17734,2019,33808,4788,2328,2460
47285,36643,2834,17735,2019,33809,4788,2328,2460
47290,36648,2835,17738,2019,33813,4788,2328,2460
47295,36650,2835,17739,2019,33815,4789,2328,2461
47300,36658,2837,17743,2021,33821,4789,2328,2461
47305,36661,2837,17744,2021,33824,4789,2328,2461
47310,36666,2837,17748,2021,33829,4790,2329,2461
47315,36670,2837,17748,2021,33833,4790,2329,2461
47320,36673,2837,17749,2021,33836,4791,2329,2462
47325,36674,2838,17750,2022,33836,4791,2329,2462
47330,36679,2839,17751,2023,33840,4791,2329,2462
47335,36681,2839,17753,2023,33842,4792,2330,2462
47340,36689,2840,17758,2023,33849,4793,2331,2462
47345,36692,2840,17758,2023,33852,4793,2331,2462
47350,36697,2840,17762,2023,33857,4794,2332,2462
47355,36701,2840,17765,2023,33861,4795,2333,2462
47360,36704,2840,17766,2023,33864,4796,2333,2463
47365,36705,2840,17766,2023,33865,4796,2333,2463
47370,36710,2840,17768,2023,33870,4796,2333,2463
47375,36712,2840,17768,2023,33872,4797,2333,2464
47380,36720,2842,17771,2025,33878,4798,2333,2465
47385,36723,2842,17771,2025,33881,4798,2333,2465
47390,36728,2842,17773,2025,33886,4799,2333,2466
47395,36732,2842,17776,2025,33890,4800,2334,2466
47400,36735,2842,17778,2025,33893,4801,2334,2467
47405,36736,2842,17778,2025,33894,4801,2334,2467
47410,36741,2843,17780,2026,33898,4801,2334,2467
47415,36743,2843,17782,2026,33900,4802,2335,2467
47420,36751,2845,17786,2027,33906,4802,2335,2467
47425,36754,2845,17787,2027,33909,4803,2335,2468
47430,36759,2845,17789,2027,33914,4805,2335,2470
47435,36763,2845,17791,2027,33918,4806,2335,2471
47440,36766,2845,17793,2027,33921,4806,2335,2471
47445,36767,2845,17793,2027,33922,4806,2335,2471
47450,36772,2846,17795,2027,33926,4806,2335,2471
47455,36774,2846,17796,2027,33928,4807,2335,2472
47460,36782,2848,17799,2029,33934,4807,2335,2472
47465,36785,2849,17802,2030,33936,4807,2335,2472
47470,36790,2849,17806,2030,33941,4808,2335,2473
47475,36794,2849,17809,2030,33945,4808,2335,2473
47480,36797,2849,17810,2030,33948,4808,2335,2473
47485,36798,2849,17810,2030,33949,4808,2335,2473
47490,36803,2850,17814,2031,33953,4808,2335,2473
47495,36805,2850,17814,2031,33955,4809,2335,2474
47500,36813,2850,17817,2031,33963,4809,2335,2474
47505,36816,2850,17819,2031,33966,4809,2335,2474
47510,36821,2850,17822,2031,33971,4810,2335,2475
47515,36825,2850,17823,2031,33975,4810,2335,2475
47520,36828,2850,17824,2031,33978,4811,2335,2476
47525,36829,2850,17824,2031,33979,4811,2335,2476
47530,36834,2851,17826,2031,33983,4811,2335,2476
47535,36836,2851,17826,2031,33985,4812,2335,2477
47540,36844,2851,17829,2031,33993,4813,2335,2478
47545,36847,2851,17830,2031,33996,4813,2335,2478
47550,36852,2851,17832,2031,34001,4814,2335,2479
47555,36856,2851,17835,2031,34004,4814,2335,2479
47560,36859,2852,17838,2032,34007,4814,2335,2479
47565,36860,2852,17838,2032,34008,4814,2335,2479
47570,36865,2853,17839,2033,34012,4814,2335,2479
47575,36867,2853,17840,2033,34014,4815,2336,2479
47580,36875,2854,17844,2034,34021,4816,2336,2480
47585,36878,2854,17845,2034,34024,4816,2336,2480
47590,36883,2854,17848,2034,34029,4818,2337,2481
47595,36887,2854,17849,2034,34033,4818,2337,2481
47600,36890,2854,17849,2034,34036,4818,2337,2481
47605,36891,2854,17850,2034,34037,4818,2337,2481
47610,36896,2854,17853,2034,34042,4818,2337,2481
47615,36898,2854,17854,2034,34044,4819,2338,2481
47620,36906,2854,17859,2034,34052,4819,2338,2481
47625,36909,2854,17859,2034,34055,4819,2338,2481
47630,36914,2854,17863,2034,34060,4820,2339,2481
47635,36918,2854,17864,2034,34064,4820,2339,2481
47640,36921,2854,17866,2034,34067,4820,2339,2481
47645,36922,2854,17866,2034,34068,4820,2339,2481
47650,36927,2855,17869,2034,34072,4820,2339,2481
47655,36929,2855,17869,2034,34074,4821,2339,2482
47660,36937,2856,17871,2034,34081,4822,2339,2483
47665,36940,2856,17871,2034,34084,4822,2339,2483
47670,36945,2856,17874,2034,34089,4823,2340,2483
47675,36949,2856,17875,2034,34093,4824,2340,2484
47680,36952,2856,17877,2034,34096,4825,2340,2485
47685,36953,2857,17878,2035,34096,4825,2340,2485
47690,36958,2858,17880,2035,34100,4825,2340,2485
47695,36960,2858,17882,2035,34102,4826,2341,2485
47700,36968,2860,17885,2037,34108,4827,2341,2486
47705,36971,2861,17887,2038,34110,4827,2341,2486
47710,36976,2861,17889,2038,34115,4828,2341,2487
47715,36980,2861,17889,2038,34119,4828,2341,2487
47720,36983,2861,17890,2038,34122,4829,2341,2488
47725,36984,2861,17891,2038,34123,4829,2341,2488
47730,36989,2861,17893,2038,34128,4829,2341,2488
47735,36991,2861,17894,2038,34130,4830,2341,2489
47740,36999,2862,17897,2039,34137,4831,2341,2490
47745,37002,2863,17898,2040,34139,4831,2341,2490
47750,37007,2863,17902,2040,34144,4832,2342,2490
47755,37011,2863,17904,2040,34148,4832,2342,2490
47760,37014,2863,17905,2040,34151,4832,2342,2490
47765,37015,2863,17905,2040,34152,4832,2342,2490
47770,37020,2863,17908,2040,34157,4832,2342,2490
47775,37022,2863,17908,2040,34159,4833,2342,2491
47780,37030,2865,17914,2042,34165,4834,2342,2492
47785,37033,2866,17917,2043,34167,4834,2342,2492
47790,37038,2866,17919,2043,34172,4835,2342,2493
47795,37042,2866,17920,2043,34176,4836,2342,2494
47800,37045,2866,17920,2043,34179,4836,2342,2494
47805,37046,2866,17920,2043,34180,4836,2342,2494
47810,37051,2867,17923,2043,34184,4836,2342,2494
47815,37053,2867,17925,2043,34186,4837,2343,2494
47820,37061,2869,17930,2045,34192,4838,2344,2494
47825,37064,2869,17933,2045,34195,4839,2345,2494
47830,37069,2869,17935,2045,34200,4841,2346,2495
47835,37073,2869,17938,2045,34204,4842,2346,2496
47840,37076,2869,17941,2045,34207,4842,2346,2496
47845,37077,2869,17941,2045,34208,4842,2346,2496
47850,37082,2870,17942,2045,34212,4842,2346,2496
47855,37084,2870,17944,2045,34214,4843,2347,2496
47860,37092,2871,17947,2045,34221,4843,2347,2496
47865,37095,2871,17948,2045,34224,4844,2348,2496
47870,37100,2871,17951,2045,34229,4846,2349,2497
47875,37104,2871,17952,2045,34233,4847,2350,2497
47880,37107,2871,17954,2045,34236,4847,2350,2497
47885,37108,2871,17955,2045,34237,4847,2350,2497
47890,37113,2872,17956,2045,34241,4847,2350,2497
47895,37115,2872,17958,2045,34243,4848,2351,2497
47900,37123,2873,17962,2046,34250,4848,2351,2497
47905,37126,2873,17962,2046,34253,4849,2351,2498
47910,37131,2873,17963,2046,34258,4850,2352,2498
47915,37135,2873,17964,2046,34262,4850,2352,2498
47920,37138,2873,17967,2046,34265,4850,2352,2498
47925,37139,2873,17967,2046,34266,4850,2352,2498
47930,37144,2874,17969,2047,34270,4850,2352,2498
47935,37146,2874,17970,2047,34272,4851,2352,2499
47940,37154,2876,17976,2049,34278,4852,2353,2499
47945,37157,2876,17977,2049,34281,4852,2353,2499
47950,37162,2876,17979,2049,34286,4853,2354,2499
47955,37166,2876,17980,2049,34290,4853,2354,2499
47960,37169,2876,17981,2049,34293,4854,2354,2500
47965,37170,2876,17981,2049,34294,4854,2354,2500
47970,37175,2876,17983,2049,34299,4854,2354,2500
47975,37177,2876,17983,2049,34301,4855,2354,2501
47980,37185,2878,17986,2050,34307,4856,2354,2502
47985,37188,2879,17988,2051,34309,4856,2354,2502
47990,37193,2879,17989,2051,34314,4857,2354,2503
47995,37197,2879,17990,2051,34318,4857,2354,2503
48000,37200,2879,17992,2051,34321,4858,2354,2504
48005,37201,2879,17992,2051,34322,4858,2354,2504
48010,37206,2879,17993,2051,34327,4858,2354,2504
48015,37208,2879,17993,2051,34329,4859,2354,2505
48020,37216,2879,17996,2051,34337,4860,2354,2506
48025,37219,2879,17996,2051,34340,4860,2354,2506
48030,37224,2879,17999,2051,34345,4861,2355,2506
48035,37228,2879,18000,2051,34349,4861,2355,2506
48040,37231,2879,18002,2051,34352,4862,2355,2507
48045,37232,2879,18003,2051,34353,4862,2355,2507
48050,37237,2880,18006,2051,34357,4862,2355,2507
48055,37239,2880,18006,2051,34359,4863,2355,2508
48060,37247,2880,18011,2051,34367,4863,2355,2508
48065,37250,2880,18012,2051,34370,4863,2355,2508
48070,37255,2880,18013,2051,34375,4864,2355,2509
48075,37259,2880,18016,2051,34379,4864,2355,2509
48080,37262,2880,18016,2051,34382,4864,2355,2509
48085,37263,2881,18017,2052,34382,4864,2355,2509
48090,37268,2882,18020,2053,34386,4864,2355,2509
48095,37270,2882,18022,2053,34388,4865,2356,2509
48100,37278,2882,18025,2053,34396,4866,2356,2510
48105,37281,2882,18027,2053,34399,4866,2356,2510
48110,37286,2882,18031,2053,34404,4867,2357,2510
48115,37290,2882,18032,2053,34408,4867,2357,2510
48120,37293,2882,18034,2053,34411,4867,2357,2510
48125,37294,2882,18035,2053,34412,4867,2357,2510
48130,37299,2883,18038,2054,34416,4867,2357,2510
48135,37301,2883,18039,2054,34418,4868,2357,2511
48140,37309,2886,18045,2056,34423,4868,2357,2511
48145,37312,2886,18046,2056,34426,4868,2357,2511
48150,37317,2886,18049,2056,34431,4870,2358,2512
48155,37321,2886,18051,2056,34435,4870,2358,2512
48160,37324,2886,18054,2056,34438,4870,2358,2512
48165,37325,2886,18054,2056,34439,4870,2358,2512
48170,37330,2887,18055,2056,34443,4870,2358,2512
48175,37332,2887,18056,2056,34445,4871,2359,2512
48180,37340,2890,18061,2058,34450,4871,2359,2512
48185,37343,2891,18064,2059,34452,4871,2359,2512
48190,37348,2891,18067,2059,34457,4872,2359,2513
48195,37352,2891,18070,2059,34460,4872,2359,2513
48200,37355,2892,18072,2060,34463,4873,2359,2514
48205,37356,2892,18072,2060,34464,4873,2359,2514
48210,37361,2893,18075,2060,34468,4873,2359,2514
48215,37363,2893,18077,2060,34470,4874,2360,2514
48220,37371,2895,18081,2062,34476,4874,2360,2514
48225,37374,2896,18083,2063,34478,4874,2360,2514
48230,37379,2896,18086,2063,34483,4875,2360,2515
48235,37383,2896,18089,2063,34486,4875,2360,2515
48240,37386,2897,18091,2064,34489,4876,2361,2515
48245,37387,2897,18091,2064,34490,4876,2361,2515
48250,37392,2897,18092,2064,34495,4876,2361,2515
48255,37394,2897,18093,2064,34497,4877,2362,2515
48260,37402,2899,18099,2065,34503,4878,2362,2516
48265,37405,2900,18100,2066,34505,4878,2362,2516
48270,37410,2900,18102,2066,34510,4879,2362,2517
48275,37414,2900,18105,2066,34514,4879,2362,2517
48280,37417,2900,18106,2066,34517,4880,2363,2517
48285,37418,2900,18106,2066,34518,4880,2363,2517
48290,37423,2900,18108,2066,34523,4880,2363,2517
48295,37425,2900,18109,2066,34525,4881,2363,2518
48300,37433,2902,18114,2067,34531,4882,2364,2518
48305,37436,2902,18116,2067,34534,4882,2364,2518
48310,37441,2902,18118,2067,34539,4883,2365,2518
48315,37445,2902,18120,2067,34543,4883,2365,2518
48320,37448,2902,18121,2067,34546,4883,2365,2518
48325,37449,2902,18121,2067,34547,4883,2365,2518
48330,37454,2903,18125,2068,34551,4883,2365,2518
48335,37456,2903,18126,2068,34553,4884,2365,2519
48340,37464,2903,18129,2068,34561,4884,2365,2519
48345,37467,2903,18129,2068,34564,4884,2365,2519
48350,37472,2903,18131,2068,34569,4885,2366,2519
48355,37476,2903,18132,2068,34573,4885,2366,2519
48360,37479,2903,18133,2068,34576,4885,2366,2519
48365,37480,2903,18133,2068,34577,4885,2366,2519
48370,37485,2904,18135,2068,34581,4885,2366,2519
48375,37487,2904,18135,2068,34583,4886,2366,2520
48380,37495,2904,18137,2068,34591,4886,2366,2520
48385,37498,2904,18138,2068,34594,4886,2366,2520
48390,37503,2904,18139,2068,34599,4888,2366,2522
48395,37507,2904,18139,2068,34603,4888,2366,2522
48400,37510,2904,18140,2068,34606,4888,2366,2522
48405,37511,2904,18140,2068,34607,4888,2366,2522
48410,37516,2905,18142,2069,34611,4888,2366,2522
48415,37518,2905,18143,2069,34613,4889,2366,2523
48420,37526,2908,18147,2071,34618,4890,2367,2523
48425,37529,2908,18147,2071,34621,4890,2367,2523
48430,37534,2908,18151,2071,34626,4891,2368,2523
48435,37538,2908,18153,2071,34630,4891,2368,2523
48440,37541,2908,18155,2071,34633,4892,2369,2523
48445,37542,2908,18155,2071,34634,4892,2369,2523
48450,37547,2908,18159,2071,34639,4892,2369,2523
48455,37549,2908,18160,2071,34641,4893,2370,2523
48460,37557,2909,18165,2072,34648,4893,2370,2523
48465,37560,2910,18168,2073,34650,4893,2370,2523
48470,37565,2910,18170,2073,34655,4894,2370,2524
48475,37569,2910,18170,2073,34659,4894,2370,2524
48480,37572,2910,18172,2073,34662,4895,2371,2524
48485,37573,2910,18173,2073,34663,4895,2371,2524
48490,37578,2910,18176,2073,34668,4895,2371,2524
48495,37580,2910,18178,2073,34670,4896,2372,2524
48500,37588,2912,18182,2075,34676,4896,2372,2524
48505,37591,2913,18185,2076,34678,4897,2373,2524
48510,37596,2913,18188,2076,34683,4898,2374,2524
48515,37600,2913,18189,2076,34687,4898,2374,2524
48520,37603,2913,18190,2076,34690,4899,2375,2524
48525,37604,2913,18191,2076,34691,4899,2375,2524
48530,37609,2914,18194,2076,34695,4899,2375,2524
48535,37611,2914,18194,2076,34697,4900,2375,2525
48540,37619,2916,18197,2077,34703,4900,2375,2525
48545,37622,2916,18199,2077,34706,4900,2375,2525
48550,37627,2916,18200,2077,34711,4901,2375,2526
48555,37631,2916,18203,2077,34715,4901,2375,2526
48560,37634,2916,18204,2077,34718,4901,2375,2526
48565,37635,2917,18205,2078,34718,4901,2375,2526
48570,37640,2918,18207,2078,34722,4901,2375,2526
48575,37642,2918,18207,2078,34724,4902,2375,2527
48580,37650,2918,18209,2078,34732,4903,2375,2528
48585,37653,2918,18211,2078,34735,4903,2375,2528
48590,37658,2918,18214,2078,34740,4904,2375,2529
48595,37662,2918,18217,2078,34744,4904,2375,2529
48600,37665,2918,18220,2078,34747,4904,2375,2529
48605,37666,2918,18220,2078,34748,4904,2375,2529
48610,37671,2919,18221,2078,34752,4904,2375,2529
48615,37673,2919,18222,2078,34754,4905,2375,2530
48620,37681,2920,18227,2079,34761,4906,2376,2530
48625,37684,2920,18227,2079,34764,4906,2376,2530
48630,37689,2920,18231,2079,34769,4907,2377,2530
48635,37693,2920,18233,2079,34773,4907,2377,2530
48640,37696,2920,18233,2079,34776,4907,2377,2530
48645,37697,2921,18234,2080,34776,4907,2377,2530
48650,37702,2922,18236,2080,34780,4907,2377,2530
48655,37704,2922,18236,2080,34782,4908,2377,2531
48660,37712,2924,18239,2081,34788,4909,2377,2532
48665,37715,2925,18240,2082,34790,4909,2377,2532
48670,37720,2925,18242,2082,34795,4910,2378,2532
48675,37724,2925,18245,2082,34799,4910,2378,2532
48680,37727,2925,18247,2082,34802,4910,2378,2532
48685,37728,2925,18248,2082,34803,4910,2378,2532
48690,37733,2925,18250,2082,34808,4910,2378,2532
48695,37735,2925,18252,2082,34810,4911,2379,2532
48700,37743,2927,18257,2084,34816,4912,2379,2533
48705,37746,2928,18258,2085,34818,4912,2379,2533
48710,37751,2928,18261,2085,34823,4913,2380,2533
48715,37755,2928,18263,2085,34827,4913,2380,2533
48720,37758,2928,18264,2085,34830,4913,2380,2533
48725,37759,2928,18265,2085,34831,4913,2380,2533
48730,37764,2928,18266,2085,34836,4913,2380,2533
48735,37766,2928,18267,2085,34838,4914,2380,2534
48740,37774,2929,18272,2086,34845,4915,2380,2535
48745,37777,2930,18275,2087,34847,4915,2380,2535
48750,37782,2930,18278,2087,34852,4916,2380,2536
48755,37786,2930,18280,2087,34856,4916,2380,2536
48760,37789,2930,18280,2087,34859,4916,2380,2536
48765,37790,2930,18281,2087,34860,4916,2380,2536
48770,37795,2931,18284,2088,34864,4916,2380,2536
48775,37797,2931,18284,2088,34866,4917,2380,2537
48780,37805,2933,18288,2089,34872,4918,2381,2537
48785,37808,2934,18289,2090,34874,4919,2381,2538
48790,37813,2934,18292,2090,34879,4921,2382,2539
48795,37817,2934,18292,2090,34883,4922,2382,2540
48800,37820,2934,18293,2090,34886,4922,2382,2540
48805,37821,2934,18294,2090,34887,4922,2382,2540
48810,37826,2935,18297,2090,34891,4922,2382,2540
48815,37828,2935,18298,2090,34893,4923,2383,2540
48820,37836,2935,18304,2090,34901,4923,2383,2540
48825,37839,2935,18305,2090,34904,4924,2383,2541
48830,37844,2935,18307,2090,34909,4926,2384,2542
48835,37848,2935,18308,2090,34913,4926,2384,2542
48840,37851,2935,18310,2090,34916,4926,2384,2542
48845,37852,2935,18310,2090,34917,4926,2384,2542
48850,37857,2936,18313,2090,34921,4926,2384,2542
48855,37859,2936,18314,2090,34923,4927,2384,2543
48860,37867,2936,18316,2090,34931,4927,2384,2543
48865,37870,2936,18318,2090,34934,4927,2384,2543
48870,37875,2936,18321,2090,34939,4928,2385,2543
48875,37879,2936,18322,2090,34943,4928,2385,2543
48880,37882,2936,18325,2090,34946,4928,2385,2543
48885,37883,2936,18325,2090,34947,4928,2385,2543
48890,37888,2937,18327,2090,34951,4928,2385,2543
48895,37890,2937,18327,2090,34953,4929,2385,2544
48900,37898,2938,18331,2091,34960,4930,2386,2544
48905,37901,2938,18333,2091,34963,4930,2386,2544
48910,37906,2938,18334,2091,34968,4931,2386,2545
48915,37910,2938,18337,2091,34972,4932,2387,2545
48920,37913,2938,18339,2091,34975,4933,2388,2545
48925,37914,2938,18340,2091,34976,4933,2388,2545
48930,37919,2938,18342,2091,34981,4933,2388,2545
48935,37921,2938,18342,2091,34983,4934,2388,2546
48940,37929,2941,18348,2094,34988,4935,2388,2547
48945,37932,2941,18348,2094,34991,4935,2388,2547
48950,37937,2941,18350,2094,34996,4937,2389,2548
48955,37941,2941,18353,2094,35000,4938,2389,2549
48960,37944,2941,18354,2094,35003,4939,2389,2550
48965,37945,2941,18355,2094,35004,4939,2389,2550
48970,37950,2941,18356,2094,35009,4939,2389,2550
48975,37952,2941,18357,2094,35011,4940,2390,2550
48980,37960,2943,18361,2095,35017,4941,2391,2550
48985,37963,2943,18363,2095,35020,4942,2391,2551
48990,37968,2943,18365,2095,35025,4944,2392,2552
48995,37972,2943,18367,2095,35029,4945,2392,2553
49000,37975,2943,18368,2095,35032,4946,2392,2554
49005,37976,2943,18369,2095,35033,4946,2392,2554
49010,37981,2944,18371,2095,35037,4946,2392,2554
49015,37983,2944,18371,2095,35039,4947,2392,2555
49020,37991,2946,18378,2097,35045,4948,2393,2555
49025,37994,2946,18378,2097,35048,4949,2393,2556
49030,37999,2946,18381,2097,35053,4950,2394,2556
49035,38003,2946,18383,2097,35057,4950,2394,2556
49040,38006,2946,18384,2097,35060,4950,2394,2556
49045,38007,2946,18385,2097,35061,4950,2394,2556
49050,38012,2947,18387,2097,35065,4950,2394,2556
49055,38014,2947,18388,2097,35067,4951,2395,2556
49060,38022,2949,18392,2099,35073,4951,2395,2556
49065,38025,2950,18395,2100,35075,4951,2395,2556
49070,38030,2950,18400,2100,35080,4952,2396,2556
49075,38034,2950,18401,2100,35084,4952,2396,2556
49080,38037,2950,18404,2100,35087,4952,2396,2556
49085,38038,2950,18404,2100,35088,4952,2396,2556
49090,38043,2951,18408,2101,35092,4952,2396,2556
49095,38045,2951,18409,2101,35094,4953,2397,2556
49100,38053,2953,18411,2102,35100,4953,2397,2556
49105,38056,2954,18414,2103,35102,4953,2397,2556
49110,38061,2954,18417,2103,35107,4955,2399,2556
49115,38065,2954,18419,2103,35111,4955,2399,2556
49120,38068,2954,18419,2103,35114,4955,2399,2556
49125,38069,2954,18419,2103,35115,4955,2399,2556
49130,38074,2955,18421,2103,35119,4955,2399,2556
49135,38076,2955,18423,2103,35121,4956,2400,2556
49140,38084,2958,18429,2106,35126,4957,2400,2557
49145,38087,2958,18432,2106,35129,4957,2400,2557
49150,38092,2958,18433,2106,35134,4958,2401,2557
49155,38096,2958,18435,2106,35138,4958,2401,2557
49160,38099,2958,18436,2106,35141,4959,2402,2557
49165,38100,2958,18436,2106,35142,4959,2402,2557
49170,38105,2958,18439,2106,35147,4959,2402,2557
49175,38107,2958,18440,2106,35149,4960,2402,2558
49180,38115,2958,18446,2106,35157,4961,2403,2558
49185,38118,2958,18447,2106,35160,4961,2403,2558
49190,38123,2958,18450,2106,35165,4962,2404,2558
49195,38127,2958,18452,2106,35169,4962,2404,2558
49200,38130,2958,18453,2106,35172,4963,2404,2559
49205,38131,2958,18453,2106,35173,4963,2404,2559
49210,38136,2958,18455,2106,35178,4963,2404,2559
49215,38138,2958,18456,2106,35180,4964,2405,2559
49220,38146,2958,18460,2106,35188,4964,2405,2559
49225,38149,2958,18462,2106,35191,4964,2405,2559
49230,38154,2958,18463,2106,35196,4965,2405,2560
49235,38158,2958,18465,2106,35200,4966,2406,2560
49240,38161,2958,18467,2106,35203,4966,2406,2560
49245,38162,2958,18468,2106,35204,4966,2406,2560
49250,38167,2959,18472,2107,35208,4966,2406,2560
49255,38169,2959,18473,2107,35210,4967,2407,2560
49260,38177,2961,18477,2109,35216,4967,2407,2560
49265,38180,2961,18477,2109,35219,4967,2407,2560
49270,38185,2961,18481,2109,35224,4968,2408,2560
49275,38189,2961,18481,2109,35228,4969,2408,2561
49280,38192,2961,18482,2109,35231,4969,2408,2561
49285,38193,2961,18483,2109,35232,4969,2408,2561
49290,38198,2962,18484,2109,35236,4969,2408,2561
49295,38200,2962,18485,2109,35238,4970,2408,2562
49300,38208,2964,18489,2111,35244,4971,2409,2562
49305,38211,2964,18490,2111,35247,4971,2409,2562
49310,38216,2964,18492,2111,35252,4973,2409,2564
49315,38220,2964,18493,2111,35256,4974,2409,2565
49320,38223,2964,18495,2111,35259,4974,2409,2565
49325,38224,2964,18495,2111,35260,4974,2409,2565
49330,38229,2965,18498,2112,35264,4974,2409,2565
49335,38231,2965,18498,2112,35266,4975,2409,2566
49340,38239,2967,18503,2114,35272,4976,2409,2567
49345,38242,2968,18505,2115,35274,4976,2409,2567
49350,38247,2968,18507,2115,35279,4977,2409,2568
49355,38251,2968,18508,2115,35283,4977,2409,2568
49360,38254,2968,18511,2115,35286,4977,2409,2568
49365,38255,2969,18512,2116,35286,4977,2409,2568
49370,38260,2970,18515,2117,35290,4977,2409,2568
49375,38262,2970,18516,2117,35292,4978,2410,2568
49380,38270,2971,18518,2117,35299,4979,2410,2569
49385,38273,2971,18519,2117,35302,4979,2410,2569
49390,38278,2971,18523,2117,35307,4980,2411,2569
49395,38282,2971,18526,2117,35310,4980,2411,2569
49400,38285,2972,18526,2118,35313,4981,2411,2570
49405,38286,2972,18527,2118,35314,4981,2411,2570
49410,38291,2973,18528,2119,35318,4981,2411,2570
49415,38293,2973,18528,2119,35320,4982,2411,2571
49420,38301,2974,18533,2119,35327,4982,2411,2571
49425,38304,2974,18533,2119,35330,4982,2411,2571
49430,38309,2974,18535,2119,35335,4984,2412,2572
49435,38313,2974,18539,2119,35338,4984,2412,2572
49440,38316,2975,18539,2120,35341,4985,2412,2573
49445,38317,2975,18539,2120,35342,4985,2412,2573
49450,38322,2976,18543,2120,35346,4985,2412,2573
49455,38324,2976,18544,2120,35348,4986,2413,2573
49460,38332,2977,18547,2120,35355,4986,2413,2573
49465,38335,2978,18548,2121,35357,4986,2413,2573
49470,38340,2978,18551,2121,35362,4987,2414,2573
49475,38344,2978,18553,2121,35366,4988,2415,2573
49480,38347,2978,18555,2121,35369,4989,2415,2574
49485,38348,2978,18555,2121,35370,4989,2415,2574
49490,38353,2979,18557,2122,35374,4989,2415,2574
49495,38355,2979,18558,2122,35376,4990,2415,2575
49500,38363,2982,18561,2124,35381,4991,2415,2576
49505,38366,2982,18563,2124,35384,4991,2415,2576
49510,38371,2982,18565,2124,35389,4992,2415,2577
49515,38375,2982,18567,2124,35393,4992,2415,2577
49520,38378,2982,18569,2124,35396,4993,2415,2578
49525,38379,2982,18570,2124,35397,4993,2415,2578
49530,38384,2982,18572,2124,35402,4993,2415,2578
49535,38386,2982,18573,2124,35404,4994,2415,2579
49540,38394,2982,18577,2124,35412,4995,2416,2579
49545,38397,2982,18578,2124,35415,4995,2416,2579
49550,38402,2982,18581,2124,35420,4996,2417,2579
49555,38406,2982,18581,2124,35424,4996,2417,2579
49560,38409,2982,18584,2124,35427,4996,2417,2579
49565,38410,2982,18584,2124,35428,4996,2417,2579
49570,38415,2982,18586,2124,35433,4996,2417,2579
49575,38417,2982,18587,2124,35435,4997,2417,2580
49580,38425,2982,18591,2124,35443,4998,2418,2580
49585,38428,2982,18592,2124,35446,4998,2418,2580
49590,38433,2982,18594,2124,35451,5000,2420,2580
49595,38437,2982,18595,2124,35455,5000,2420,2580
49600,38440,2982,18597,2124,35458,5000,2420,2580
49605,38441,2982,18598,2124,35459,5000,2420,2580
49610,38446,2983,18602,2125,35463,5000,2420,2580
49615,38448,2983,18604,2125,35465,5001,2421,2580
49620,38456,2986,18608,2128,35470,5002,2422,2580
49625,38459,2986,18608,2128,35473,5003,2422,2581
49630,38464,2986,18609,2128,35478,5004,2423,2581
49635,38468,2986,18610,2128,35482,5004,2423,2581
49640,38471,2986,18612,2128,35485,5004,2423,2581
49645,38472,2986,18612,2128,35486,5004,2423,2581
49650,38477,2987,18612,2128,35490,5004,2423,2581
49655,38479,2987,18613,2128,35492,5005,2424,2581
49660,38487,2988,18614,2128,35499,5005,2424,2581
49665,38490,2988,18614,2128,35502,5005,2424,2581
49670,38495,2988,18616,2128,35507,5006,2425,2581
49675,38499,2988,18620,2128,35511,5006,2425,2581
49680,38502,2988,18621,2128,35514,5007,2425,2582
49685,38503,2988,18621,2128,35515,5007,2425,2582
49690,38508,2989,18623,2129,35519,5007,2425,2582
49695,38510,2989,18625,2129,35521,5008,2426,2582
49700,38518,2991,18629,2130,35527,5008,2426,2582
49705,38521,2992,18631,2131,35529,5008,2426,2582
49710,38526,2992,18634,2131,35534,5009,2426,2583
49715,38530,2992,18635,2131,35538,5009,2426,2583
49720,38533,2992,18637,2131,35541,5010,2427,2583
49725,38534,2992,18637,2131,35542,5010,2427,2583
49730,38539,2993,18639,2131,35546,5010,2427,2583
49735,38541,2993,18639,2131,35548,5011,2427,2584
49740,38549,2995,18642,2132,35554,5012,2427,2585
49745,38552,2995,18644,2132,35557,5013,2428,2585
49750,38557,2995,18646,2132,35562,5014,2429,2585
49755,38561,2995,18648,2132,35566,5014,2429,2585
49760,38564,2995,18650,2132,35569,5015,2430,2585
49765,38565,2996,18651,2133,35569,5015,2430,2585
49770,38570,2997,18654,2134,35573,5015,2430,2585
49775,38572,2997,18655,2134,35575,5016,2430,2586
49780,38580,2998,18658,2134,35582,5017,2431,2586
49785,38583,2998,18659,2134,35585,5018,2432,2586
49790,38588,2998,18662,2134,35590,5020,2433,2587
49795,38592,2998,18663,2134,35593,5020,2433,2587
49800,38595,2999,18665,2135,35596,5021,2433,2588
49805,38596,2999,18666,2135,35597,5021,2433,2588
49810,38601,2999,18669,2135,35602,5021,2433,2588
49815,38603,2999,18670,2135,35604,5022,2434,2588
49820,38611,2999,18671,2135,35612,5023,2434,2589
49825,38614,2999,18673,2135,35615,5023,2434,2589
49830,38619,2999,18675,2135,35620,5024,2435,2589
49835,38623,2999,18679,2135,35624,5024,2435,2589
49840,38626,2999,18680,2135,35627,5024,2435,2589
49845,38627,2999,18680,2135,35628,5024,2435,2589
49850,38632,2999,18682,2135,35633,5024,2435,2589
49855,38634,2999,18683,2135,35635,5025,2435,2590
49860,38642,2999,18687,2135,35643,5025,2435,2590
49865,38645,2999,18687,2135,35646,5025,2435,2590
49870,38650,2999,18689,2135,35651,5026,2436,2590
49875,38654,2999,18692,2135,35655,5026,2436,2590
49880,38657,2999,18694,2135,35658,5026,2436,2590
49885,38658,2999,18695,2135,35659,5026,2436,2590
49890,38663,2999,18697,2135,35664,5026,2436,2590
49895,38665,2999,18697,2135,35666,5027,2436,2591
49900,38673,2999,18700,2135,35674,5027,2436,2591
49905,38676,2999,18702,2135,35677,5027,2436,2591
49910,38681,2999,18704,2135,35682,5028,2436,2592
49915,38685,2999,18705,2135,35686,5029,2436,2593
49920,38688,2999,18705,2135,35689,5029,2436,2593
49925,38689,2999,18705,2135,35690,5029,2436,2593
49930,38694,3000,18708,2135,35694,5029,2436,2593
49935,38696,3000,18709,2135,35696,5030,2437,2593
49940,38704,3001,18711,2136,35703,5031,2437,2594
49945,38707,3001,18712,2136,35706,5032,2438,2594
49950,38712,3001,18714,2136,35711,5034,2440,2594
49955,38716,3001,18716,2136,35714,5035,2440,2595
49960,38719,3002,18718,2137,35717,5036,2440,2596
49965,38720,3003,18719,2138,35717,5036,2440,2596
49970,38725,3004,18723,2139,35721,5036,2440,2596
49975,38727,3004,18724,2139,35723,5037,2441,2596
49980,38735,3007,18730,2142,35728,5038,2442,2596
49985,38738,3007,18731,2142,35731,5039,2442,2597
49990,38743,3007,18736,2142,35736,5041,2444,2597
49995,38747,3007,18738,2142,35740,5042,2445,2597
50000,38750,3007,18738,2142,35743,5043,2445,2598
50005,38751,3007,18738,2142,35744,5043,2445,2598
50010,38756,3007,18742,2142,35749,5043,2445,2598
50015,38758,3007,18744,2142,35751,5044,2446,2598
50020,38766,3008,18749,2143,35758,5045,2447,2598
50025,38769,3008,18751,2143,35761,5046,2448,2598
50030,38774,3008,18753,2143,35766,5048,2449,2599
50035,38778,3008,18755,2143,35770,5049,2449,2600
50040,38781,3008,18756,2143,35773,5050,2450,2600
50045,38782,3008,18756,2143,35774,5050,2450,2600
50050,38787,3008,18759,2143,35779,5050,2450,2600
50055,38789,3008,18759,2143,35781,5051,2450,2601
50060,38797,3009,18760,2143,35788,5051,2450,2601
50065,38800,3009,18761,2143,35791,5051,2450,2601
50070,38805,3009,18763,2143,35796,5052,2451,2601
50075,38809,3009,18765,2143,35800,5052,2451,2601
50080,38812,3009,18767,2143,35803,5053,2451,2602
50085,38813,3009,18767,2143,35804,5053,2451,2602
50090,38818,3010,18770,2144,35808,5053,2451,2602
50095,38820,3010,18771,2144,35810,5054,2452,2602
50100,38828,3011,18774,2144,35817,5054,2452,2602
50105,38831,3012,18777,2145,35819,5054,2452,2602
50110,38836,3012,18779,2145,35824,5056,2453,2603
50115,38840,3012,18783,2145,35828,5056,2453,2603
50120,38843,3012,18783,2145,35831,5056,2453,2603
50125,38844,3012,18783,2145,35832,5056,2453,2603
50130,38849,3013,18787,2145,35836,5056,2453,2603
50135,38851,3013,18788,2145,35838,5057,2454,2603
50140,38859,3015,18794,2147,35844,5058,2455,2603
50145,38862,3016,18795,2148,35846,5058,2455,2603
50150,38867,3016,18800,2148,35851,5060,2457,2603
50155,38871,3016,18803,2148,35855,5060,2457,2603
50160,38874,3016,18804,2148,35858,5060,2457,2603
50165,38875,3017,18805,2149,35858,5060,2457,2603
50170,38880,3018,18808,2149,35862,5060,2457,2603
50175,38882,3018,18809,2149,35864,5061,2457,2604
50180,38890,3018,18813,2149,35872,5062,2458,2604
50185,38893,3018,18815,2149,35875,5062,2458,2604
50190,38898,3018,18819,2149,35880,5063,2459,2604
50195,38902,3018,18821,2149,35884,5063,2459,2604
50200,38905,3018,18822,2149,35887,5063,2459,2604
50205,38906,3018,18822,2149,35888,5063,2459,2604
50210,38911,3019,18822,2149,35892,5063,2459,2604
50215,38913,3019,18822,2149,35894,5064,2459,2605
50220,38921,3019,18827,2149,35902,5065,2460,2605
50225,38924,3020,18828,2150,35904,5066,2460,2606
50230,38929,3020,18831,2150,35909,5067,2461,2606
50235,38933,3020,18834,2150,35912,5067,2461,2606
50240,38936,3021,18835,2151,35915,5067,2461,2606
50245,38937,3021,18835,2151,35916,5067,2461,2606
50250,38942,3022,18837,2152,35920,5067,2461,2606
50255,38944,3022,18839,2152,35922,5068,2462,2606
50260,38952,3025,18845,2155,35927,5068,2462,2606
50265,38955,3025,18846,2155,35930,5069,2463,2606
50270,38960,3025,18848,2155,35935,5071,2464,2607
50275,38964,3025,18850,2155,35938,5072,2464,2608
50280,38967,3026,18852,2156,35941,5072,2464,2608
50285,38968,3026,18853,2156,35942,5072,2464,2608
50290,38973,3027,18856,2156,35946,5072,2464,2608
50295,38975,3027,18856,2156,35948,5073,2464,2609
50300,38983,3027,18859,2156,35956,5073,2464,2609
50305,38986,3027,18860,2156,35959,5073,2464,2609
50310,38991,3027,18864,2156,35964,5074,2465,2609
50315,38995,3027,18867,2156,35967,5074,2465,2609
50320,38998,3028,18868,2157,35970,5074,2465,2609
50325,38999,3028,18868,2157,35971,5074,2465,2609
50330,39004,3029,18871,2158,35975,5074,2465,2609
50335,39006,3029,18871,2158,35977,5075,2465,2610
50340,39014,3029,18872,2158,35985,5076,2465,2611
50345,39017,3029,18875,2158,35988,5076,2465,2611
50350,39022,3029,18878,2158,35993,5077,2466,2611
50355,39026,3029,18880,2158,35997,5077,2466,2611
50360,39029,3029,18882,2158,36000,5077,2466,2611
50365,39030,3029,18883,2158,36001,5077,2466,2611
50370,39035,3029,18887,2158,36006,5077,2466,2611
50375,39037,3029,18888,2158,36008,5078,2466,2612
50380,39045,3029,18895,2158,36016,5079,2467,2612
50385,39048,3029,18896,2158,36019,5079,2467,2612
50390,39053,3029,18896,2158,36024,5080,2467,2613
50395,39057,3029,18899,2158,36028,5081,2468,2613
50400,39060,3029,18901,2158,36031,5081,2468,2613
50405,39061,3029,18901,2158,36032,5081,2468,2613
50410,39066,3030,18903,2159,36036,5081,2468,2613
50415,39068,3030,18904,2159,36038,5082,2469,2613
50420,39076,3031,18908,2159,36045,5082,2469,2613
50425,39079,3032,18910,2160,36047,5082,2469,2613
50430,39084,3032,18913,2160,36052,5084,2471,2613
50435,39088,3032,18914,2160,36056,5084,2471,2613
50440,39091,3032,18915,2160,36059,5085,2472,2613
50445,39092,3033,18916,2161,36059,5085,2472,2613
50450,39097,3034,18920,2162,36063,5085,2472,2613
50455,39099,3034,18920,2162,36065,5086,2472,2614
50460,39107,3035,18923,2162,36072,5087,2473,2614
50465,39110,3035,18924,2162,36075,5087,2473,2614
50470,39115,3035,18926,2162,36080,5088,2473,2615
50475,39119,3035,18929,2162,36084,5088,2473,2615
50480,39122,3035,18929,2162,36087,5089,2473,2616
50485,39123,3035,18930,2162,36088,5089,2473,2616
50490,39128,3035,18932,2162,36093,5089,2473,2616
50495,39130,3035,18933,2162,36095,5090,2473,2617
50500,39138,3037,18938,2163,36101,5090,2473,2617
50505,39141,3038,18939,2164,36103,5091,2473,2618
50510,39146,3038,18942,2164,36108,5092,2474,2618
50515,39150,3038,18942,2164,36112,5092,2474,2618
50520,39153,3038,18943,2164,36115,5093,2474,2619
50525,39154,3038,18944,2164,36116,5093,2474,2619
50530,39159,3038,18947,2164,36121,5093,2474,2619
50535,39161,3038,18948,2164,36123,5094,2475,2619
50540,39169,3038,18953,2164,36131,5094,2475,2619
50545,39172,3038,18954,2164,36134,5094,2475,2619
50550,39177,3038,18957,2164,36139,5095,2475,2620
50555,39181,3038,18960,2164,36143,5095,2475,2620
50560,39184,3038,18961,2164,36146,5096,2476,2620
50565,39185,3038,18962,2164,36147,5096,2476,2620
50570,39190,3039,18965,2164,36151,5096,2476,2620
50575,39192,3039,18966,2164,36153,5097,2476,2621
50580,39200,3039,18971,2164,36161,5098,2477,2621
50585,39203,3039,18973,2164,36164,5098,2477,2621
50590,39208,3039,18975,2164,36169,5100,2477,2623
50595,39212,3039,18977,2164,36173,5101,2478,2623
50600,39215,3039,18980,2164,36176,5101,2478,2623
50605,39216,3040,18981,2165,36176,5101,2478,2623
50610,39221,3041,18983,2165,36180,5101,2478,2623
50615,39223,3041,18984,2165,36182,5102,2479,2623
50620,39231,3041,18988,2165,36190,5103,2480,2623
50625,39234,3041,18989,2165,36193,5103,2480,2623
50630,39239,3041,18991,2165,36198,5105,2480,2625
50635,39243,3041,18993,2165,36202,5106,2480,2626
50640,39246,3041,18995,2165,36205,5106,2480,2626
50645,39247,3041,18995,2165,36206,5106,2480,2626
50650,39252,3042,18996,2165,36210,5106,2480,2626
50655,39254,3042,18996,2165,36212,5107,2480,2627
50660,39262,3044,19000,2166,36218,5108,2480,2628
50665,39265,3044,19000,2166,36221,5109,2480,2629
50670,39270,3044,19004,2166,36226,5110,2481,2629
50675,39274,3044,19006,2166,36230,5110,2481,2629
50680,39277,3044,19007,2166,36233,5110,2481,2629
50685,39278,3045,19008,2167,36233,5110,2481,2629
50690,39283,3046,19009,2167,36237,5110,2481,2629
50695,39285,3046,19010,2167,36239,5111,2482,2629
50700,39293,3049,19015,2170,36244,5112,2483,2629
50705,39296,3050,19018,2171,36246,5112,2483,2629
50710,39301,3050,19020,2171,36251,5113,2483,2630
50715,39305,3050,19022,2171,36255,5114,2484,2630
50720,39308,3050,19024,2171,36258,5115,2485,2630
50725,39309,3050,19024,2171,36259,5115,2485,2630
50730,39314,3050,19027,2171,36264,5115,2485,2630
50735,39316,3050,19029,2171,36266,5116,2486,2630
50740,39324,3053,19033,2173,36271,5116,2486,2630
50745,39327,3054,19035,2174,36273,5116,2486,2630
50750,39332,3054,19038,2174,36278,5118,2486,2632
50755,39336,3054,19040,2174,36282,5119,2486,2633
50760,39339,3054,19043,2174,36285,5120,2487,2633
50765,39340,3054,19043,2174,36286,5120,2487,2633
50770,39345,3054,19047,2174,36291,5120,2487,2633
50775,39347,3054,19049,2174,36293,5121,2488,2633
50780,39355,3055,19054,2174,36300,5121,2488,2633
50785,39358,3056,19057,2175,36302,5121,2488,2633
50790,39363,3056,19061,2175,36307,5123,2489,2634
50795,39367,3056,19063,2175,36311,5123,2489,2634
50800,39370,3056,19064,2175,36314,5124,2489,2635
50805,39371,3056,19064,2175,36315,5124,2489,2635
50810,39376,3057,19066,2176,36319,5124,2489,2635
50815,39378,3057,19066,2176,36321,5125,2489,2636
50820,39386,3060,19070,2179,36326,5126,2489,2637
50825,39389,3060,19072,2179,36329,5126,2489,2637
50830,39394,3060,19074,2179,36334,5127,2490,2637
50835,39398,3060,19075,2179,36338,5127,2490,2637
50840,39401,3060,19075,2179,36341,5127,2490,2637
50845,39402,3060,19076,2179,36342,5127,2490,2637
50850,39407,3060,19079,2179,36347,5127,2490,2637
50855,39409,3060,19080,2179,36349,5128,2491,2637
50860,39417,3060,19083,2179,36357,5129,2492,2637
50865,39420,3060,19085,2179,36360,5129,2492,2637
50870,39425,3060,19086,2179,36365,5130,2492,2638
50875,39429,3060,19089,2179,36369,5130,2492,2638
50880,39432,3060,19090,2179,36372,5130,2492,2638
50885,39433,3060,19091,2179,36373,5130,2492,2638
50890,39438,3060,19093,2179,36378,5130,2492,2638
50895,39440,3060,19094,2179,36380,5131,2493,2638
50900,39448,3060,19096,2179,36388,5132,2493,2639
50905,39451,3060,19098,2179,36391,5132,2493,2639
50910,39456,3060,19099,2179,36396,5134,2494,2640
50915,39460,3060,19100,2179,36400,5134,2494,2640
50920,39463,3060,19103,2179,36403,5134,2494,2640
50925,39464,3060,19104,2179,36404,5134,2494,2640
50930,39469,3061,19109,2180,36408,5134,2494,2640
50935,39471,3061,19110,2180,36410,5135,2494,2641
50940,39479,3064,19113,2182,36415,5135,2494,2641
50945,39482,3064,19114,2182,36418,5135,2494,2641
50950,39487,3064,19117,2182,36423,5137,2496,2641
50955,39491,3064,19118,2182,36427,5137,2496,2641
50960,39494,3064,19121,2182,36430,5138,2497,2641
50965,39495,3064,19122,2182,36431,5138,2497,2641
50970,39500,3065,19126,2183,36435,5138,2497,2641
50975,39502,3065,19127,2183,36437,5139,2497,2642
50980,39510,3067,19133,2185,36443,5139,2497,2642
50985,39513,3067,19134,2185,36446,5139,2497,2642
50990,39518,3067,19136,2185,36451,5140,2497,2643
50995,39522,3067,19139,2185,36454,5140,2497,2643
51000,39525,3068,19140,2186,36457,5141,2497,2644
51005,39526,3068,19140,2186,36458,5141,2497,2644
51010,39531,3069,19145,2187,36462,5141,2497,2644
51015,39533,3069,19146,2187,36464,5142,2498,2644
51020,39541,3071,19150,2189,36470,5142,2498,2644
51025,39544,3071,19151,2189,36473,5142,2498,2644
51030,39549,3071,19154,2189,36478,5144,2498,2646
51035,39553,3071,19157,2189,36482,5145,2499,2646
51040,39556,3071,19159,2189,36485,5146,2499,2647
51045,39557,3072,19160,2190,36485,5146,2499,2647
51050,39562,3073,19163,2191,36489,5146,2499,2647
51055,39564,3073,19163,2191,36491,5147,2499,2648
51060,39572,3076,19165,2193,36496,5148,2499,2649
51065,39575,3076,19166,2193,36499,5148,2499,2649
51070,39580,3076,19169,2193,36504,5149,2499,2650
51075,39584,3076,19169,2193,36508,5149,2499,2650
51080,39587,3076,19171,2193,36511,5149,2499,2650
51085,39588,3076,19171,2193,36512,5149,2499,2650
51090,39593,3076,19173,2193,36517,5149,2499,2650
51095,39595,3076,19174,2193,36519,5150,2499,2651
51100,39603,3076,19177,2193,36527,5151,2499,2652
51105,39606,3076,19179,2193,36530,5151,2499,2652
51110,39611,3076,19182,2193,36535,5152,2500,2652
51115,39615,3076,19184,2193,36539,5152,2500,2652
51120,39618,3076,19187,2193,36542,5152,2500,2652
51125,39619,3076,19188,2193,36543,5152,2500,2652
51130,39624,3076,19192,2193,36548,5152,2500,2652
51135,39626,3076,19192,2193,36550,5153,2500,2653
51140,39634,3076,19194,2193,36558,5154,2500,2654
51145,39637,3076,19196,2193,36561,5154,2500,2654
51150,39642,3076,19200,2193,36566,5155,2501,2654
51155,39646,3076,19203,2193,36570,5155,2501,2654
51160,39649,3076,19204,2193,36573,5155,2501,2654
51165,39650,3076,19204,2193,36574,5155,2501,2654
51170,39655,3077,19206,2193,36578,5155,2501,2654
51175,39657,3077,19207,2193,36580,5156,2501,2655
51180,39665,3079,19213,2195,36586,5157,2502,2655
51185,39668,3079,19214,2195,36589,5157,2502,2655
51190,39673,3079,19216,2195,36594,5158,2502,2656
51195,39677,3079,19217,2195,36597,5159,2502,2657
51200,39680,3080,19217,2196,36600,5160,2502,2658
51205,39681,3080,19218,2196,36601,5160,2502,2658
51210,39686,3081,19221,2196,36605,5160,2502,2658
51215,39688,3081,19223,2196,36607,5161,2503,2658
51220,39696,3082,19227,2197,36614,5161,2503,2658
51225,39699,3083,19228,2198,36616,5161,2503,2658
51230,39704,3083,19231,2198,36621,5162,2503,2659
51235,39708,3083,19233,2198,36625,5163,2504,2659
51240,39711,3083,19236,2198,36628,5164,2505,2659
51245,39712,3083,19236,2198,36629,5164,2505,2659
51250,39717,3084,19237,2198,36633,5164,2505,2659
51255,39719,3084,19239,2198,36635,5165,2506,2659
51260,39727,3086,19243,2199,36641,5165,2506,2659
51265,39730,3086,19245,2199,36644,5165,2506,2659
51270,39735,3086,19248,2199,36649,5167,2507,2660
51275,39739,3086,19251,2199,36653,5168,2508,2660
51280,39742,3086,19252,2199,36656,5169,2508,2661
51285,39743,3087,19253,2200,36656,5169,2508,2661
51290,39748,3088,19255,2200,36660,5169,2508,2661
51295,39750,3088,19255,2200,36662,5170,2508,2662
51300,39758,3089,19259,2200,36669,5171,2509,2662
51305,39761,3089,19259,2200,36672,5171,2509,2662
51310,39766,3089,19260,2200,36677,5172,2509,2663
51315,39770,3089,19262,2200,36681,5172,2509,2663
51320,39773,3089,19264,2200,36684,5173,2509,2664
51325,39774,3089,19264,2200,36685,5173,2509,2664
51330,39779,3089,19266,2200,36690,5173,2509,2664
51335,39781,3089,19266,2200,36692,5174,2509,2665
51340,39789,3091,19267,2201,36698,5175,2509,2666
51345,39792,3091,19268,2201,36701,5175,2509,2666
51350,39797,3091,19271,2201,36706,5176,2510,2666
51355,39801,3091,19273,2201,36710,5176,2510,2666
51360,39804,3091,19275,2201,36713,5177,2511,2666
51365,39805,3091,19275,2201,36714,5177,2511,2666
51370,39810,3091,19278,2201,36719,5177,2511,2666
51375,39812,3091,19278,2201,36721,5178,2511,2667
51380,39820,3094,19286,2204,36726,5178,2511,2667
51385,39823,3094,19286,2204,36729,5178,2511,2667
51390,39828,3094,19290,2204,36734,5179,2512,2667
51395,39832,3094,19294,2204,36738,5179,2512,2667
51400,39835,3094,19295,2204,36741,5180,2513,2667
51405,39836,3094,19296,2204,36742,5180,2513,2667
51410,39841,3095,19297,2205,36746,5180,2513,2667
51415,39843,3095,19298,2205,36748,5181,2514,2667
51420,39851,3095,19300,2205,36756,5181,2514,2667
51425,39854,3095,19302,2205,36759,5181,2514,2667
51430,39859,3095,19303,2205,36764,5182,2515,2667
51435,39863,3095,19306,2205,36768,5182,2515,2667
51440,39866,3095,19307,2205,36771,5182,2515,2667
51445,39867,3095,19307,2205,36772,5182,2515,2667
51450,39872,3096,19308,2205,36776,5182,2515,2667
51455,39874,3096,19308,2205,36778,5183,2515,2668
51460,39882,3096,19311,2205,36786,5184,2516,2668
51465,39885,3096,19313,2205,36789,5184,2516,2668
51470,39890,3096,19315,2205,36794,5185,2516,2669
51475,39894,3096,19318,2205,36798,5185,2516,2669
51480,39897,3096,19321,2205,36801,5185,2516,2669
51485,39898,3097,19322,2206,36801,5185,2516,2669
51490,39903,3098,19325,2207,36805,5185,2516,2669
51495,39905,3098,19325,2207,36807,5186,2516,2670
51500,39913,3099,19327,2207,36814,5186,2516,2670
51505,39916,3100,19329,2208,36816,5186,2516,2670
51510,39921,3100,19329,2208,36821,5188,2516,2672
51515,39925,3100,19331,2208,36825,5188,2516,2672
51520,39928,3100,19333,2208,36828,5188,2516,2672
51525,39929,3100,19333,2208,36829,5188,2516,2672
51530,39934,3101,19335,2208,36833,5188,2516,2672
51535,39936,3101,19335,2208,36835,5189,2516,2673
51540,39944,3103,19338,2210,36841,5189,2516,2673
51545,39947,3104,19340,2211,36843,5189,2516,2673
51550,39952,3104,19342,2211,36848,5190,2517,2673
51555,39956,3104,19342,2211,36852,5190,2517,2673
51560,39959,3104,19343,2211,36855,5191,2517,2674
51565,39960,3104,19343,2211,36856,5191,2517,2674
51570,39965,3105,19346,2212,36860,5191,2517,2674
51575,39967,3105,19346,2212,36862,5192,2517,2675
51580,39975,3106,19350,2213,36869,5192,2517,2675
51585,39978,3107,19351,2214,36871,5192,2517,2675
51590,39983,3107,19354,2214,36876,5193,2517,2676
51595,39987,3107,19354,2214,36880,5193,2517,2676
51600,39990,3107,19355,2214,36883,5194,2517,2677
51605,39991,3107,19355,2214,36884,5194,2517,2677
51610,39996,3108,19357,2214,36888,5194,2517,2677
51615,39998,3108,19357,2214,36890,5195,2517,2678
51620,40006,3110,19361,2216,36896,5195,2517,2678
51625,40009,3111,19363,2217,36898,5195,2517,2678
51630,40014,3111,19365,2217,36903,5196,2517,2679
51635,40018,3111,19368,2217,36906,5196,2517,2679
51640,40021,3112,19368,2218,36909,5197,2517,2680
51645,40022,3112,19368,2218,36910,5197,2517,2680
51650,40027,3113,19370,2218,36914,5197,2517,2680
51655,40029,3113,19371,2218,36916,5198,2517,2681
51660,40037,3114,19375,2218,36923,5199,2518,2681
51665,40040,3115,19378,2219,36925,5199,2518,2681
51670,40045,3115,19380,2219,36930,5200,2518,2682
51675,40049,3115,19383,2219,36934,5200,2518,2682
51680,40052,3115,19386,2219,36937,5200,2518,2682
51685,40053,3115,19387,2219,36938,5200,2518,2682
51690,40058,3115,19392,2219,36943,5200,2518,2682
51695,40060,3115,19394,2219,36945,5201,2519,2682
51700,40068,3116,19399,2220,36952,5202,2520,2682
51705,40071,3116,19401,2220,36955,5202,2520,2682
51710,40076,3116,19402,2220,36960,5203,2520,2683
51715,40080,3116,19404,2220,36964,5203,2520,2683
51720,40083,3116,19406,2220,36967,5203,2520,2683
51725,40084,3116,19406,2220,36968,5203,2520,2683
51730,40089,3116,19407,2220,36973,5203,2520,2683
51735,40091,3116,19407,2220,36975,5204,2520,2684
51740,40099,3117,19409,2220,36982,5205,2520,2685
51745,40102,3117,19410,2220,36985,5205,2520,2685
51750,40107,3117,19413,2220,36990,5206,2520,2686
51755,40111,3117,19414,2220,36994,5206,2520,2686
51760,40114,3117,19415,2220,36997,5206,2520,2686
51765,40115,3117,19416,2220,36998,5206,2520,2686
51770,40120,3118,19418,2220,37002,5206,2520,2686
51775,40122,3118,19420,2220,37004,5207,2521,2686
51780,40130,3120,19425,2221,37010,5208,2522,2686
51785,40133,3120,19428,2221,37013,5208,2522,2686
51790,40138,3120,19432,2221,37018,5209,2523,2686
51795,40142,3120,19432,2221,37022,5209,2523,2686
51800,40145,3120,19433,2221,37025,5210,2524,2686
51805,40146,3120,19433,2221,37026,5210,2524,2686
51810,40151,3120,19436,2221,37031,5210,2524,2686
51815,40153,3120,19436,2221,37033,5211,2524,2687
51820,40161,3120,19441,2221,37041,5211,2524,2687
51825,40164,3120,19442,2221,37044,5211,2524,2687
51830,40169,3120,19444,2221,37049,5212,2525,2687
51835,40173,3120,19445,2221,37053,5212,2525,2687
51840,40176,3120,19446,2221,37056,5213,2526,2687
51845,40177,3120,19446,2221,37057,5213,2526,2687
51850,40182,3120,19450,2221,37062,5213,2526,2687
51855,40184,3120,19451,2221,37064,5214,2526,2688
51860,40192,3120,19456,2221,37072,5214,2526,2688
51865,40195,3120,19456,2221,37075,5214,2526,2688
51870,40200,3120,19457,2221,37080,5215,2526,2689
51875,40204,3120,19458,2221,37084,5215,2526,2689
51880,40207,3120,19460,2221,37087,5216,2526,2690
51885,40208,3120,19460,2221,37088,5216,2526,2690
51890,40213,3121,19462,2221,37092,5216,2526,2690
51895,40215,3121,19462,2221,37094,5217,2526,2691
51900,40223,3123,19464,2222,37100,5218,2526,2692
51905,40226,3124,19467,2223,37102,5219,2527,2692
51910,40231,3124,19468,2223,37107,5221,2527,2694
51915,40235,3124,19470,2223,37111,5221,2527,2694
51920,40238,3124,19470,2223,37114,5221,2527,2694
51925,40239,3125,19471,2224,37114,5221,2527,2694
51930,40244,3126,19475,2225,37118,5221,2527,2694
51935,40246,3126,19476,2225,37120,5222,2528,2694
51940,40254,3127,19481,2226,37127,5223,2529,2694
51945,40257,3127,19482,2226,37130,5224,2530,2694
51950,40262,3127,19484,2226,37135,5226,2532,2694
51955,40266,3127,19487,2226,37139,5226,2532,2694
51960,40269,3127,19487,2226,37142,5226,2532,2694
51965,40270,3127,19487,2226,37143,5226,2532,2694
51970,40275,3128,19490,2226,37147,5226,2532,2694
51975,40277,3128,19490,2226,37149,5227,2532,2695
51980,40285,3129,19494,2227,37156,5228,2533,2695
51985,40288,3129,19495,2227,37159,5228,2533,2695
51990,40293,3129,19496,2227,37164,5229,2533,2696
51995,40297,3129,19497,2227,37168,5230,2533,2697
52000,40300,3129,19500,2227,37171,5230,2533,2697
52005,40301,3130,19501,2228,37171,5230,2533,2697
52010,40306,3131,19505,2229,37175,5230,2533,2697
52015,40308,3131,19506,2229,37177,5231,2534,2697
52020,40316,3134,19511,2231,37182,5232,2534,2698
52025,40319,3134,19512,2231,37185,5232,2534,2698
52030,40324,3134,19514,2231,37190,5233,2534,2699
52035,40328,3134,19516,2231,37194,5233,2534,2699
52040,40331,3134,19517,2231,37197,5234,2535,2699
52045,40332,3134,19517,2231,37198,5234,2535,2699
52050,40337,3134,19519,2231,37203,5234,2535,2699
52055,40339,3134,19520,2231,37205,5235,2535,2700
52060,40347,3134,19524,2231,37213,5236,2536,2700
52065,40350,3134,19527,2231,37216,5236,2536,2700
52070,40355,3134,19531,2231,37221,5238,2538,2700
52075,40359,3134,19533,2231,37225,5238,2538,2700
52080,40362,3134,19535,2231,37228,5239,2539,2700
52085,40363,3134,19535,2231,37229,5239,2539,2700
52090,40368,3134,19537,2231,37234,5239,2539,2700
52095,40370,3134,19537,2231,37236,5240,2539,2701
52100,40378,3134,19538,2231,37244,5240,2539,2701
52105,40381,3134,19538,2231,37247,5240,2539,2701
52110,40386,3134,19541,2231,37252,5241,2540,2701
52115,40390,3134,19543,2231,37256,5241,2540,2701
52120,40393,3134,19545,2231,37259,5241,2540,2701
52125,40394,3134,19546,2231,37260,5241,2540,2701
52130,40399,3135,19547,2231,37264,5241,2540,2701
52135,40401,3135,19549,2231,37266,5242,2541,2701
52140,40409,3136,19553,2232,37273,5242,2541,2701
52145,40412,3136,19554,2232,37276,5243,2541,2702
52150,40417,3136,19556,2232,37281,5244,2542,2702
52155,40421,3136,19556,2232,37285,5244,2542,2702
52160,40424,3136,19558,2232,37288,5244,2542,2702
52165,40425,3136,19559,2232,37289,5244,2542,2702
52170,40430,3137,19560,2232,37293,5244,2542,2702
52175,40432,3137,19561,2232,37295,5245,2542,2703
52180,40440,3139,19563,2233,37301,5245,2542,2703
52185,40443,3140,19564,2234,37303,5246,2542,2704
52190,40448,3140,19566,2234,37308,5247,2542,2705
52195,40452,3140,19568,2234,37312,5248,2542,2706
52200,40455,3140,19570,2234,37315,5249,2543,2706
52205,40456,3141,19571,2235,37315,5249,2543,2706
52210,40461,3142,19574,2236,37319,5249,2543,2706
52215,40463,3142,19575,2236,37321,5250,2543,2707
52220,40471,3143,19582,2236,37328,5250,2543,2707
52225,40474,3144,19583,2237,37330,5250,2543,2707
52230,40479,3144,19586,2237,37335,5251,2543,2708
52235,40483,3144,19587,2237,37339,5252,2543,2709
52240,40486,3144,19588,2237,37342,5253,2543,2710
52245,40487,3145,19589,2238,37342,5253,2543,2710
52250,40492,3146,19592,2239,37346,5253,2543,2710
52255,40494,3146,19593,2239,37348,5254,2543,2711
52260,40502,3147,19598,2239,37355,5254,2543,2711
52265,40505,3147,19598,2239,37358,5254,2543,2711
52270,40510,3147,19601,2239,37363,5256,2544,2712
52275,40514,3147,19602,2239,37367,5257,2545,2712
52280,40517,3147,19604,2239,37370,5258,2545,2713
52285,40518,3147,19604,2239,37371,5258,2545,2713
52290,40523,3148,19605,2239,37375,5258,2545,2713
52295,40525,3148,19606,2239,37377,5259,2546,2713
52300,40533,3149,19609,2239,37384,5259,2546,2713
52305,40536,3149,19610,2239,37387,5259,2546,2713
52310,40541,3149,19610,2239,37392,5261,2546,2715
52315,40545,3149,19611,2239,37396,5262,2546,2716
52320,40548,3149,19612,2239,37399,5263,2546,2717
52325,40549,3149,19613,2239,37400,5263,2546,2717
52330,40554,3150,19615,2239,37404,5263,2546,2717
52335,40556,3150,19615,2239,37406,5264,2546,2718
52340,40564,3152,19619,2240,37412,5264,2546,2718
52345,40567,3153,19621,2241,37414,5264,2546,2718
52350,40572,3153,19625,2241,37419,5265,2547,2718
52355,40576,3153,19626,2241,37423,5265,2547,2718
52360,40579,3153,19628,2241,37426,5265,2547,2718
52365,40580,3153,19629,2241,37427,5265,2547,2718
52370,40585,3154,19632,2242,37431,5265,2547,2718
52375,40587,3154,19632,2242,37433,5266,2547,2719
52380,40595,3155,19635,2242,37440,5266,2547,2719
52385,40598,3155,19637,2242,37443,5266,2547,2719
52390,40603,3155,19638,2242,37448,5267,2548,2719
52395,40607,3155,19641,2242,37452,5267,2548,2719
52400,40610,3155,19642,2242,37455,5267,2548,2719
52405,40611,3155,19642,2242,37456,5267,2548,2719
52410,40616,3156,19644,2243,37460,5267,2548,2719
52415,40618,3156,19646,2243,37462,5268,2549,2719
52420,40626,3158,19650,2245,37468,5268,2549,2719
52425,40629,3159,19653,2246,37470,5268,2549,2719
52430,40634,3159,19654,2246,37475,5270,2549,2721
52435,40638,3159,19654,2246,37479,5271,2549,2722
52440,40641,3159,19655,2246,37482,5272,2550,2722
52445,40642,3159,19656,2246,37483,5272,2550,2722
52450,40647,3159,19658,2246,37488,5272,2550,2722
52455,40649,3159,19659,2246,37490,5273,2551,2722
52460,40657,3159,19664,2246,37498,5273,2551,2722
52465,40660,3159,19664,2246,37501,5273,2551,2722
52470,40665,3159,19665,2246,37506,5274,2551,2723
52475,40669,3159,19667,2246,37510,5274,2551,2723
52480,40672,3159,19667,2246,37513,5274,2551,2723
52485,40673,3159,19667,2246,37514,5274,2551,2723
52490,40678,3159,19669,2246,37519,5274,2551,2723
52495,40680,3159,19670,2246,37521,5275,2551,2724
52500,40688,3159,19672,2246,37529,5275,2551,2724
52505,40691,3159,19674,2246,37532,5275,2551,2724
52510,40696,3159,19677,2246,37537,5276,2552,2724
52515,40700,3159,19678,2246,37541,5276,2552,2724
52520,40703,3159,19680,2246,37544,5276,2552,2724
52525,40704,3159,19680,2246,37545,5276,2552,2724
52530,40709,3159,19681,2246,37550,5276,2552,2724
52535,40711,3159,19681,2246,37552,5277,2552,2725
52540,40719,3159,19683,2246,37560,5277,2552,2725
52545,40722,3159,19686,2246,37563,5277,2552,2725
52550,40727,3159,19688,2246,37568,5278,2553,2725
52555,40731,3159,19691,2246,37572,5279,2554,2725
52560,40734,3159,19691,2246,37575,5279,2554,2725
52565,40735,3159,19691,2246,37576,5279,2554,2725
52570,40740,3160,19694,2246,37580,5279,2554,2725
52575,40742,3160,19696,2246,37582,5280,2555,2725
52580,40750,3162,19699,2247,37588,5280,2555,2725
52585,40753,3162,19699,2247,37591,5281,2555,2726
52590,40758,3162,19702,2247,37596,5283,2555,2728
52595,40762,3162,19704,2247,37600,5284,2556,2728
52600,40765,3162,19705,2247,37603,5285,2556,2729
52605,40766,3162,19705,2247,37604,5285,2556,2729
52610,40771,3163,19709,2247,37608,5285,2556,2729
52615,40773,3163,19711,2247,37610,5286,2557,2729
52620,40781,3164,19714,2248,37617,5286,2557,2729
52625,40784,3164,19716,2248,37620,5287,2557,2730
52630,40789,3164,19720,2248,37625,5288,2558,2730
52635,40793,3164,19724,2248,37629,5288,2558,2730
52640,40796,3164,19725,2248,37632,5288,2558,2730
52645,40797,3164,19726,2248,37633,5288,2558,2730
52650,40802,3165,19727,2249,37637,5288,2558,2730
52655,40804,3165,19729,2249,37639,5289,2559,2730
52660,40812,3166,19730,2249,37646,5289,2559,2730
52665,40815,3166,19732,2249,37649,5290,2560,2730
52670,40820,3166,19733,2249,37654,5291,2560,2731
52675,40824,3166,19734,2249,37658,5291,2560,2731
52680,40827,3166,19736,2249,37661,5291,2560,2731
52685,40828,3167,19737,2250,37661,5291,2560,2731
52690,40833,3168,19738,2250,37665,5291,2560,2731
52695,40835,3168,19739,2250,37667,5292,2560,2732
52700,40843,3169,19742,2250,37674,5292,2560,2732
52705,40846,3170,19745,2251,37676,5293,2561,2732
52710,40851,3170,19748,2251,37681,5294,2562,2732
52715,40855,3170,19751,2251,37685,5294,2562,2732
52720,40858,3170,19753,2251,37688,5294,2562,2732
52725,40859,3171,19754,2252,37688,5294,2562,2732
52730,40864,3172,19757,2252,37692,5294,2562,2732
52735,40866,3172,19757,2252,37694,5295,2562,2733
52740,40874,3174,19761,2253,37700,5295,2562,2733
52745,40877,3175,19763,2254,37702,5295,2562,2733
52750,40882,3175,19765,2254,37707,5296,2562,2734
52755,40886,3175,19767,2254,37710,5297,2562,2735
52760,40889,3176,19768,2255,37713,5298,2563,2735
52765,40890,3177,19769,2256,37713,5298,2563,2735
52770,40895,3178,19772,2257,37717,5298,2563,2735
52775,40897,3178,19773,2257,37719,5299,2564,2735
52780,40905,3179,19776,2257,37726,5299,2564,2735
52785,40908,3179,19778,2257,37729,5299,2564,2735
52790,40913,3179,19781,2257,37734,5300,2564,2736
52795,40917,3179,19783,2257,37737,5301,2565,2736
52800,40920,3180,19784,2258,37740,5302,2565,2737
52805,40921,3180,19785,2258,37741,5302,2565,2737
52810,40926,3180,19788,2258,37746,5302,2565,2737
52815,40928,3180,19789,2258,37748,5303,2566,2737
52820,40936,3181,19792,2259,37755,5303,2566,2737
52825,40939,3182,19795,2260,37757,5303,2566,2737
52830,40944,3182,19799,2260,37762,5304,2567,2737
52835,40948,3182,19801,2260,37766,5305,2567,2738
52840,40951,3182,19802,2260,37769,5306,2568,2738
52845,40952,3182,19802,2260,37770,5306,2568,2738
52850,40957,3182,19804,2260,37775,5306,2568,2738
52855,40959,3182,19804,2260,37777,5307,2568,2739
52860,40967,3184,19807,2261,37783,5307,2568,2739
52865,40970,3184,19808,2261,37786,5308,2569,2739
52870,40975,3184,19811,2261,37791,5309,2570,2739
52875,40979,3184,19812,2261,37795,5309,2570,2739
52880,40982,3184,19812,2261,37798,5310,2570,2740
52885,40983,3184,19813,2261,37799,5310,2570,2740
52890,40988,3184,19816,2261,37804,5310,2570,2740
52895,40990,3184,19818,2261,37806,5311,2571,2740
52900,40998,3186,19822,2262,37812,5311,2571,2740
52905,41001,3186,19823,2262,37815,5312,2572,2740
52910,41006,3186,19827,2262,37820,5313,2573,2740
52915,41010,3186,19829,2262,37824,5313,2573,2740
52920,41013,3186,19829,2262,37827,5314,2573,2741
52925,41014,3186,19830,2262,37828,5314,2573,2741
52930,41019,3186,19831,2262,37833,5314,2573,2741
52935,41021,3186,19833,2262,37835,5315,2574,2741
52940,41029,3189,19839,2265,37840,5315,2574,2741
52945,41032,3190,19841,2266,37842,5315,2574,2741
52950,41037,3190,19846,2266,37847,5316,2575,2741
52955,41041,3190,19847,2266,37851,5316,2575,2741
52960,41044,3190,19849,2266,37854,5316,2575,2741
52965,41045,3190,19850,2266,37855,5316,2575,2741
52970,41050,3191,19853,2267,37859,5316,2575,2741
52975,41052,3191,19854,2267,37861,5317,2575,2742
52980,41060,3193,19859,2269,37867,5317,2575,2742
52985,41063,3193,19862,2269,37870,5317,2575,2742
52990,41068,3193,19864,2269,37875,5318,2575,2743
52995,41072,3193,19865,2269,37878,5318,2575,2743
53000,41075,3194,19868,2270,37881,5318,2575,2743
53005,41076,3194,19868,2270,37882,5318,2575,2743
53010,41081,3195,19871,2271,37886,5318,2575,2743
53015,41083,3195,19872,2271,37888,5319,2575,2744
53020,41091,3195,19877,2271,37896,5319,2575,2744
53025,41094,3195,19879,2271,37899,5319,2575,2744
53030,41099,3195,19881,2271,37904,5321,2575,2746
53035,41103,3195,19882,2271,37908,5321,2575,2746
53040,41106,3195,19883,2271,37911,5322,2575,2747
53045,41107,3196,19884,2272,37911,5322,2575,2747
53050,41112,3197,19887,2273,37915,5322,2575,2747
53055,41114,3197,19889,2273,37917,5323,2576,2747
53060,41122,3197,19894,2273,37925,5323,2576,2747
53065,41125,3197,19896,2273,37928,5324,2577,2747
53070,41130,3197,19899,2273,37933,5325,2578,2747
53075,41134,3197,19901,2273,37937,5325,2578,2747
53080,41137,3197,19902,2273,37940,5325,2578,2747
53085,41138,3197,19902,2273,37941,5325,2578,2747
53090,41143,3198,19906,2274,37945,5325,2578,2747
53095,41145,3198,19908,2274,37947,5326,2579,2747
53100,41153,3201,19911,2276,37952,5326,2579,2747
53105,41156,3201,19912,2276,37955,5326,2579,2747
53110,41161,3201,19915,2276,37960,5327,2580,2747
53115,41165,3201,19917,2276,37964,5328,2581,2747
53120,41168,3201,19919,2276,37967,5328,2581,2747
53125,41169,3201,19919,2276,37968,5328,2581,2747
53130,41174,3202,19924,2277,37972,5328,2581,2747
53135,41176,3202,19925,2277,37974,5329,2582,2747
53140,41184,3204,19932,2279,37980,5329,2582,2747
53145,41187,3205,19934,2280,37982,5329,2582,2747
53150,41192,3205,19938,2280,37987,5331,2583,2748
53155,41196,3205,19941,2280,37991,5332,2584,2748
53160,41199,3205,19943,2280,37994,5333,2585,2748
53165,41200,3205,19943,2280,37995,5333,2585,2748
53170,41205,3206,19945,2281,37999,5333,2585,2748
53175,41207,3206,19946,2281,38001,5334,2586,2748
53180,41215,3207,19948,2281,38008,5334,2586,2748
53185,41218,3208,19950,2282,38010,5335,2587,2748
53190,41223,3208,19954,2282,38015,5336,2588,2748
53195,41227,3208,19954,2282,38019,5336,2588,2748
53200,41230,3208,19957,2282,38022,5337,2589,2748
53205,41231,3208,19958,2282,38023,5337,2589,2748
53210,41236,3209,19961,2283,38027,5337,2589,2748
53215,41238,3209,19961,2283,38029,5338,2589,2749
53220,41246,3210,19963,2284,38036,5338,2589,2749
53225,41249,3211,19964,2285,38038,5338,2589,2749
53230,41254,3211,19967,2285,38043,5339,2589,2750
53235,41258,3211,19968,2285,38047,5339,2589,2750
53240,41261,3211,19971,2285,38050,5340,2590,2750
53245,41262,3211,19972,2285,38051,5340,2590,2750
53250,41267,3211,19973,2285,38056,5340,2590,2750
53255,41269,3211,19974,2285,38058,5341,2591,2750
53260,41277,3213,19979,2287,38064,5341,2591,2750
53265,41280,3213,19980,2287,38067,5341,2591,2750
53270,41285,3213,19982,2287,38072,5342,2592,2750
53275,41289,3213,19985,2287,38076,5342,2592,2750
53280,41292,3213,19988,2287,38079,5343,2593,2750
53285,41293,3213,19988,2287,38080,5343,2593,2750
53290,41298,3213,19989,2287,38085,5343,2593,2750
53295,41300,3213,19990,2287,38087,5344,2593,2751
53300,41308,3213,19993,2287,38095,5344,2593,2751
53305,41311,3213,19994,2287,38098,5344,2593,2751
53310,41316,3213,19996,2287,38103,5345,2593,2752
53315,41320,3213,19998,2287,38107,5345,2593,2752
53320,41323,3213,19998,2287,38110,5346,2593,2753
53325,41324,3213,19998,2287,38111,5346,2593,2753
53330,41329,3214,20001,2288,38115,5346,2593,2753
53335,41331,3214,20003,2288,38117,5347,2594,2753
53340,41339,3215,20009,2289,38124,5347,2594,2753
53345,41342,3215,20010,2289,38127,5348,2594,2754
53350,41347,3215,20014,2289,38132,5349,2594,2755
53355,41351,3215,20015,2289,38136,5349,2594,2755
53360,41354,3215,20016,2289,38139,5349,2594,2755
53365,41355,3216,20017,2290,38139,5349,2594,2755
53370,41360,3217,20019,2291,38143,5349,2594,2755
53375,41362,3217,20020,2291,38145,5350,2595,2755
53380,41370,3217,20024,2291,38153,5350,2595,2755
53385,41373,3217,20025,2291,38156,5351,2595,2756
53390,41378,3217,20027,2291,38161,5352,2596,2756
53395,41382,3217,20031,2291,38165,5352,2596,2756
53400,41385,3217,20032,2291,38168,5352,2596,2756
53405,41386,3217,20032,2291,38169,5352,2596,2756
53410,41391,3218,20034,2291,38173,5352,2596,2756
53415,41393,3218,20035,2291,38175,5353,2596,2757
53420,41401,3219,20036,2291,38182,5353,2596,2757
53425,41404,3219,20037,2291,38185,5354,2597,2757
53430,41409,3219,20038,2291,38190,5355,2597,2758
53435,41413,3219,20040,2291,38194,5355,2597,2758
53440,41416,3219,20041,2291,38197,5355,2597,2758
53445,41417,3219,20041,2291,38198,5355,2597,2758
53450,41422,3220,20045,2292,38202,5355,2597,2758
53455,41424,3220,20046,2292,38204,5356,2598,2758
53460,41432,3222,20048,2293,38210,5356,2598,2758
53465,41435,3223,20050,2294,38212,5356,2598,2758
53470,41440,3223,20051,2294,38217,5357,2598,2759
53475,41444,3223,20052,2294,38220,5357,2598,2759
53480,41447,3224,20053,2295,38223,5358,2598,2760
53485,41448,3225,20054,2296,38223,5358,2598,2760
53490,41453,3226,20056,2297,38227,5358,2598,2760
53495,41455,3226,20056,2297,38229,5359,2598,2761
53500,41463,3227,20058,2298,38236,5359,2598,2761
53505,41466,3227,20058,2298,38239,5359,2598,2761
53510,41471,3227,20060,2298,38244,5360,2599,2761
53515,41475,3227,20061,2298,38247,5360,2599,2761
53520,41478,3228,20061,2299,38250,5361,2599,2762
53525,41479,3228,20062,2299,38251,5361,2599,2762
53530,41484,3228,20065,2299,38256,5361,2599,2762
53535,41486,3228,20065,2299,38258,5362,2599,2763
53540,41494,3229,20067,2299,38265,5362,2599,2763
53545,41497,3230,20069,2300,38267,5362,2599,2763
53550,41502,3230,20072,2300,38272,5363,2600,2763
53555,41506,3230,20075,2300,38276,5363,2600,2763
53560,41509,3230,20076,2300,38279,5364,2601,2763
53565,41510,3230,20076,2300,38280,5364,2601,2763
53570,41515,3230,20078,2300,38285,5364,2601,2763
53575,41517,3230,20080,2300,38287,5365,2602,2763
53580,41525,3232,20084,2301,38293,5365,2602,2763
53585,41528,3233,20085,2302,38295,5366,2602,2764
53590,41533,3233,20089,2302,38300,5368,2604,2764
53595,41537,3233,20091,2302,38304,5369,2605,2764
53600,41540,3233,20092,2302,38307,5369,2605,2764
53605,41541,3233,20092,2302,38308,5369,2605,2764
53610,41546,3234,20095,2302,38312,5369,2605,2764
53615,41548,3234,20095,2302,38314,5370,2605,2765
53620,41556,3236,20099,2303,38320,5370,2605,2765
53625,41559,3236,20101,2303,38323,5371,2606,2765
53630,41564,3236,20105,2303,38328,5373,2608,2765
53635,41568,3236,20106,2303,38332,5374,2608,2766
53640,41571,3236,20108,2303,38335,5374,2608,2766
53645,41572,3236,20108,2303,38336,5374,2608,2766
53650,41577,3237,20110,2303,38340,5374,2608,2766
53655,41579,3237,20110,2303,38342,5375,2608,2767
53660,41587,3239,20116,2305,38348,5375,2608,2767
53665,41590,3240,20119,2306,38350,5375,2608,2767
53670,41595,3240,20122,2306,38355,5376,2608,2768
53675,41599,3240,20125,2306,38359,5376,2608,2768
53680,41602,3240,20128,2306,38362,5376,2608,2768
53685,41603,3240,20128,2306,38363,5376,2608,2768
53690,41608,3241,20132,2307,38367,5376,2608,2768
53695,41610,3241,20133,2307,38369,5377,2609,2768
53700,41618,3242,20137,2307,38376,5377,2609,2768
53705,41621,3242,20139,2307,38379,5378,2610,2768
53710,41626,3242,20142,2307,38384,5379,2610,2769
53715,41630,3242,20143,2307,38388,5379,2610,2769
53720,41633,3242,20144,2307,38391,5380,2610,2770
53725,41634,3242,20144,2307,38392,5380,2610,2770
53730,41639,3243,20147,2307,38396,5380,2610,2770
53735,41641,3243,20149,2307,38398,5381,2611,2770
53740,41649,3244,20151,2308,38405,5381,2611,2770
53745,41652,3245,20153,2309,38407,5382,2612,2770
53750,41657,3245,20154,2309,38412,5383,2613,2770
53755,41661,3245,20156,2309,38415,5383,2613,2770
53760,41664,3246,20158,2310,38418,5384,2614,2770
53765,41665,3246,20158,2310,38419,5384,2614,2770
53770,41670,3246,20160,2310,38424,5384,2614,2770
53775,41672,3246,20161,2310,38426,5385,2615,2770
53780,41680,3246,20167,2310,38434,5385,2615,2770
53785,41683,3246,20168,2310,38437,5385,2615,2770
53790,41688,3246,20171,2310,38442,5386,2616,2770
53795,41692,3246,20173,2310,38446,5386,2616,2770
53800,41695,3246,20174,2310,38449,5386,2616,2770
53805,41696,3246,20174,2310,38450,5386,2616,2770
53810,41701,3246,20177,2310,38455,5386,2616,2770
53815,41703,3246,20178,2310,38457,5387,2617,2770
53820,41711,3246,20184,2310,38465,5387,2617,2770
53825,41714,3246,20186,2310,38468,5387,2617,2770
53830,41719,3246,20188,2310,38473,5389,2619,2770
53835,41723,3246,20190,2310,38477,5389,2619,2770
53840,41726,3246,20192,2310,38480,5389,2619,2770
53845,41727,3246,20193,2310,38481,5389,2619,2770
53850,41732,3246,20196,2310,38486,5389,2619,2770
53855,41734,3246,20197,2310,38488,5390,2619,2771
53860,41742,3246,20202,2310,38496,5390,2619,2771
53865,41745,3246,20203,2310,38499,5390,2619,2771
53870,41750,3246,20206,2310,38504,5391,2620,2771
53875,41754,3246,20208,2310,38508,5391,2620,2771
53880,41757,3246,20209,2310,38511,5391,2620,2771
53885,41758,3246,20210,2310,38512,5391,2620,2771
53890,41763,3247,20213,2311,38516,5391,2620,2771
53895,41765,3247,20215,2311,38518,5392,2621,2771
53900,41773,3248,20218,2311,38525,5392,2621,2771
53905,41776,3248,20219,2311,38528,5392,2621,2771
53910,41781,3248,20221,2311,38533,5393,2622,2771
53915,41785,3248,20222,2311,38537,5393,2622,2771
53920,41788,3248,20224,2311,38540,5393,2622,2771
53925,41789,3248,20225,2311,38541,5393,2622,2771
53930,41794,3249,20226,2311,38545,5393,2622,2771
53935,41796,3249,20226,2311,38547,5394,2622,2772
53940,41804,3250,20228,2311,38554,5394,2622,2772
53945,41807,3251,20231,2312,38556,5394,2622,2772
53950,41812,3251,20234,2312,38561,5395,2622,2773
53955,41816,3251,20235,2312,38565,5395,2622,2773
53960,41819,3251,20236,2312,38568,5395,2622,2773
53965,41820,3251,20236,2312,38569,5395,2622,2773
53970,41825,3252,20238,2312,38573,5395,2622,2773
53975,41827,3252,20239,2312,38575,5396,2623,2773
53980,41835,3253,20243,2313,38582,5396,2623,2773
53985,41838,3254,20245,2314,38584,5396,2623,2773
53990,41843,3254,20248,2314,38589,5397,2623,2774
53995,41847,3254,20250,2314,38593,5397,2623,2774
54000,41850,3254,20251,2314,38596,5398,2623,2775
54005,41851,3255,20252,2315,38596,5398,2623,2775
54010,41856,3256,20254,2315,38600,5398,2623,2775
54015,41858,3256,20255,2315,38602,5399,2623,2776
54020,41866,3259,20259,2317,38607,5399,2623,2776
54025,41869,3259,20260,2317,38610,5399,2623,2776
54030,41874,3259,20263,2317,38615,5400,2623,2777
54035,41878,3259,20265,2317,38619,5400,2623,2777
54040,41881,3259,20265,2317,38622,5401,2623,2778
54045,41882,3260,20266,2318,38622,5401,2623,2778
54050,41887,3261,20268,2318,38626,5401,2623,2778
54055,41889,3261,20269,2318,38628,5402,2623,2779
54060,41897,3263,20274,2320,38634,5402,2623,2779
54065,41900,3263,20275,2320,38637,5402,2623,2779
54070,41905,3263,20276,2320,38642,5403,2623,2780
54075,41909,3263,20278,2320,38646,5403,2623,2780
54080,41912,3263,20281,2320,38649,5404,2624,2780
54085,41913,3263,20281,2320,38650,5404,2624,2780
54090,41918,3263,20284,2320,38655,5404,2624,2780
54095,41920,3263,20285,2320,38657,5405,2625,2780
54100,41928,3265,20289,2321,38663,5405,2625,2780
54105,41931,3265,20290,2321,38666,5406,2625,2781
54110,41936,3265,20291,2321,38671,5407,2625,2782
54115,41940,3265,20294,2321,38675,5407,2625,2782
54120,41943,3265,20295,2321,38678,5408,2626,2782
54125,41944,3265,20296,2321,38679,5408,2626,2782
54130,41949,3265,20298,2321,38684,5408,2626,2782
54135,41951,3265,20298,2321,38686,5409,2626,2783
54140,41959,3267,20301,2323,38692,5409,2626,2783
54145,41962,3267,20301,2323,38695,5410,2626,2784
54150,41967,3267,20303,2323,38700,5411,2626,2785
54155,41971,3267,20304,2323,38704,5411,2626,2785
54160,41974,3267,20307,2323,38707,5412,2627,2785
54165,41975,3267,20307,2323,38708,5412,2627,2785
54170,41980,3268,20310,2323,38712,5412,2627,2785
54175,41982,3268,20311,2323,38714,5413,2627,2786
54180,41990,3270,20316,2324,38720,5413,2627,2786
54185,41993,3270,20317,2324,38723,5413,2627,2786
54190,41998,3270,20321,2324,38728,5414,2628,2786
54195,42002,3270,20322,2324,38732,5414,2628,2786
54200,42005,3270,20324,2324,38735,5414,2628,2786
54205,42006,3271,20325,2325,38735,5414,2628,2786
54210,42011,3272,20327,2325,38739,5414,2628,2786
54215,42013,3272,20328,2325,38741,5415,2628,2787
54220,42021,3273,20330,2325,38748,5415,2628,2787
54225,42024,3273,20332,2325,38751,5415,2628,2787
54230,42029,3273,20333,2325,38756,5416,2628,2788
54235,42033,3273,20335,2325,38760,5417,2628,2789
54240,42036,3273,20336,2325,38763,5417,2628,2789
54245,42037,3273,20336,2325,38764,5417,2628,2789
54250,42042,3274,20339,2325,38768,5417,2628,2789
54255,42044,3274,20340,2325,38770,5418,2629,2789
54260,42052,3275,20343,2325,38777,5418,2629,2789
54265,42055,3275,20344,2325,38780,5418,2629,2789
54270,42060,3275,20346,2325,38785,5419,2629,2790
54275,42064,3275,20349,2325,38789,5419,2629,2790
54280,42067,3275,20352,2325,38792,5419,2629,2790
54285,42068,3276,20353,2326,38792,5419,2629,2790
54290,42073,3277,20355,2326,38796,5419,2629,2790
54295,42075,3277,20356,2326,38798,5420,2629,2791
54300,42083,3279,20358,2328,38804,5420,2629,2791
54305,42086,3279,20359,2328,38807,5420,2629,2791
54310,42091,3279,20361,2328,38812,5421,2629,2792
54315,42095,3279,20363,2328,38816,5421,2629,2792
54320,42098,3279,20364,2328,38819,5422,2629,2793
54325,42099,3279,20364,2328,38820,5422,2629,2793
54330,42104,3279,20367,2328,38825,5422,2629,2793
54335,42106,3279,20368,2328,38827,5423,2629,2794
54340,42114,3281,20372,2330,38833,5423,2629,2794
54345,42117,3282,20373,2331,38835,5423,2629,2794
54350,42122,3282,20376,2331,38840,5424,2629,2795
54355,42126,3282,20377,2331,38844,5425,2629,2796
54360,42129,3282,20378,2331,38847,5426,2629,2797
54365,42130,3282,20378,2331,38848,5426,2629,2797
54370,42135,3282,20382,2331,38853,5426,2629,2797
54375,42137,3282,20383,2331,38855,5427,2630,2797
54380,42145,3283,20387,2331,38862,5427,2630,2797
54385,42148,3283,20387,2331,38865,5427,2630,2797
54390,42153,3283,20390,2331,38870,5429,2631,2798
54395,42157,3283,20392,2331,38874,5430,2632,2798
54400,42160,3283,20394,2331,38877,5431,2633,2798
54405,42161,3283,20394,2331,38878,5431,2633,2798
54410,42166,3284,20396,2331,38882,5431,2633,2798
54415,42168,3284,20397,2331,38884,5432,2634,2798
54420,42176,3286,20402,2332,38890,5432,2634,2798
54425,42179,3286,20405,2332,38893,5432,2634,2798
54430,42184,3286,20408,2332,38898,5433,2635,2798
54435,42188,3286,20411,2332,38902,5434,2635,2799
54440,42191,3286,20414,2332,38905,5434,2635,2799
54445,42192,3286,20414,2332,38906,5434,2635,2799
54450,42197,3286,20416,2332,38911,5434,2635,2799
54455,42199,3286,20417,2332,38913,5435,2635,2800
54460,42207,3286,20420,2332,38921,5435,2635,2800
54465,42210,3286,20423,2332,38924,5435,2635,2800
54470,42215,3286,20427,2332,38929,5436,2636,2800
54475,42219,3286,20429,2332,38933,5436,2636,2800
54480,42222,3286,20431,2332,38936,5436,2636,2800
54485,42223,3286,20432,2332,38937,5436,2636,2800
54490,42228,3286,20433,2332,38942,5436,2636,2800
54495,42230,3286,20435,2332,38944,5437,2637,2800
54500,42238,3286,20440,2332,38952,5437,2637,2800
54505,42241,3286,20442,2332,38955,5437,2637,2800
54510,42246,3286,20445,2332,38960,5438,2638,2800
54515,42250,3286,20446,2332,38964,5438,2638,2800
54520,42253,3286,20447,2332,38967,5438,2638,2800
54525,42254,3286,20448,2332,38968,5438,2638,2800
54530,42259,3287,20450,2332,38972,5438,2638,2800
54535,42261,3287,20450,2332,38974,5439,2638,2801
54540,42269,3289,20452,2333,38980,5439,2638,2801
54545,42272,3290,20455,2334,38982,5439,2638,2801
54550,42277,3290,20458,2334,38987,5440,2639,2801
54555,42281,3290,20461,2334,38990,5440,2639,2801
54560,42284,3291,20461,2335,38993,5441,2639,2802
54565,42285,3291,20462,2335,38994,5441,2639,2802
54570,42290,3292,20465,2335,38998,5441,2639,2802
54575,42292,3292,20466,2335,39000,5442,2640,2802
54580,42300,3294,20470,2336,39006,5442,2640,2802
54585,42303,3294,20471,2336,39009,5442,2640,2802
54590,42308,3294,20471,2336,39014,5443,2640,2803
54595,42312,3294,20474,2336,39018,5443,2640,2803
54600,42315,3294,20475,2336,39021,5444,2641,2803
54605,42316,3294,20476,2336,39022,5444,2641,2803
54610,42321,3295,20478,2336,39026,5444,2641,2803
54615,42323,3295,20479,2336,39028,5445,2642,2803
54620,42331,3295,20484,2336,39036,5445,2642,2803
54625,42334,3295,20486,2336,39039,5445,2642,2803
54630,42339,3295,20489,2336,39044,5446,2642,2804
54635,42343,3295,20492,2336,39047,5446,2642,2804
54640,42346,3296,20493,2337,39050,5447,2643,2804
54645,42347,3296,20493,2337,39051,5447,2643,2804
54650,42352,3297,20495,2338,39055,5447,2643,2804
54655,42354,3297,20496,2338,39057,5448,2643,2805
54660,42362,3298,20499,2339,39064,5448,2643,2805
54665,42365,3298,20500,2339,39067,5449,2644,2805
54670,42370,3298,20503,2339,39072,5451,2645,2806
54675,42374,3298,20504,2339,39076,5451,2645,2806
54680,42377,3298,20505,2339,39079,5451,2645,2806
54685,42378,3299,20506,2340,39079,5451,2645,2806
54690,42383,3300,20508,2340,39083,5451,2645,2806
54695,42385,3300,20509,2340,39085,5452,2646,2806
54700,42393,3300,20512,2340,39093,5452,2646,2806
54705,42396,3300,20512,2340,39096,5453,2646,2807
54710,42401,3300,20515,2340,39101,5455,2647,2808
54715,42405,3300,20517,2340,39105,5455,2647,2808
54720,42408,3300,20519,2340,39108,5455,2647,2808
54725,42409,3301,20520,2341,39108,5455,2647,2808
54730,42414,3302,20522,2342,39112,5455,2647,2808
54735,42416,3302,20523,2342,39114,5456,2647,2809
54740,42424,3303,20527,2343,39121,5456,2647,2809
54745,42427,3303,20527,2343,39124,5456,2647,2809
54750,42432,3303,20530,2343,39129,5457,2648,2809
54755,42436,3303,20530,2343,39133,5458,2648,2810
54760,42439,3303,20531,2343,39136,5458,2648,2810
54765,42440,3303,20531,2343,39137,5458,2648,2810
54770,42445,3304,20534,2343,39141,5458,2648,2810
54775,42447,3304,20536,2343,39143,5459,2649,2810
54780,42455,3306,20543,2345,39149,5459,2649,2810
54785,42458,3306,20544,2345,39152,5460,2649,2811
54790,42463,3306,20545,2345,39157,5461,2649,2812
54795,42467,3306,20548,2345,39160,5462,2649,2813
54800,42470,3307,20551,2346,39163,5463,2650,2813
54805,42471,3307,20551,2346,39164,5463,2650,2813
54810,42476,3308,20553,2346,39168,5463,2650,2813
54815,42478,3308,20554,2346,39170,5464,2651,2813
54820,42486,3309,20556,2346,39177,5464,2651,2813
54825,42489,3309,20557,2346,39180,5465,2652,2813
54830,42494,3309,20559,2346,39185,5467,2653,2814
54835,42498,3309,20561,2346,39188,5468,2654,2814
54840,42501,3310,20563,2347,39191,5469,2655,2814
54845,42502,3310,20564,2347,39192,5469,2655,2814
54850,42507,3310,20566,2347,39197,5469,2655,2814
54855,42509,3310,20566,2347,39199,5470,2655,2815
54860,42517,3312,20570,2349,39205,5470,2655,2815
54865,42520,3313,20572,2350,39207,5470,2655,2815
54870,42525,3313,20574,2350,39212,5471,2655,2816
54875,42529,3313,20577,2350,39216,5471,2655,2816
54880,42532,3313,20580,2350,39219,5472,2656,2816
54885,42533,3313,20580,2350,39220,5472,2656,2816
54890,42538,3313,20584,2350,39225,5472,2656,2816
54895,42540,3313,20584,2350,39227,5473,2656,2817
54900,42548,3314,20589,2351,39234,5473,2656,2817
54905,42551,3314,20590,2351,39237,5473,2656,2817
54910,42556,3314,20594,2351,39242,5474,2657,2817
54915,42560,3314,20594,2351,39246,5474,2657,2817
54920,42563,3314,20595,2351,39249,5475,2657,2818
54925,42564,3314,20595,2351,39250,5475,2657,2818
54930,42569,3314,20598,2351,39255,5475,2657,2818
54935,42571,3314,20599,2351,39257,5476,2657,2819
54940,42579,3317,20605,2353,39262,5476,2657,2819
54945,42582,3318,20607,2354,39264,5476,2657,2819
54950,42587,3318,20610,2354,39269,5477,2657,2820
54955,42591,3318,20612,2354,39273,5477,2657,2820
54960,42594,3318,20615,2354,39276,5478,2658,2820
54965,42595,3318,20615,2354,39277,5478,2658,2820
54970,42600,3319,20619,2355,39281,5478,2658,2820
54975,42602,3319,20620,2355,39283,5479,2658,2821
54980,42610,3319,20620,2355,39291,5479,2658,2821
54985,42613,3319,20620,2355,39294,5479,2658,2821
54990,42618,3319,20622,2355,39299,5480,2658,2822
54995,42622,3319,20623,2355,39303,5480,2658,2822
55000,42625,3319,20623,2355,39306,5480,2658,2822
55005,42626,3320,20624,2356,39306,5480,2658,2822
55010,42631,3321,20625,2356,39310,5480,2658,2822
55015,42633,3321,20625,2356,39312,5481,2658,2823
55020,42641,3321,20632,2356,39320,5481,2658,2823
55025,42644,3321,20635,2356,39323,5481,2658,2823
55030,42649,3321,20635,2356,39328,5483,2658,2825
55035,42653,3321,20637,2356,39332,5483,2658,2825
55040,42656,3321,20639,2356,39335,5483,2658,2825
55045,42657,3322,20640,2357,39335,5483,2658,2825
55050,42662,3323,20644,2357,39339,5483,2658,2825
55055,42664,3323,20645,2357,39341,5484,2659,2825
55060,42672,3323,20649,2357,39349,5484,2659,2825
55065,42675,3323,20651,2357,39352,5484,2659,2825
55070,42680,3323,20651,2357,39357,5486,2659,2827
55075,42684,3323,20653,2357,39360,5486,2659,2827
55080,42687,3324,20653,2358,39363,5487,2659,2828
55085,42688,3324,20654,2358,39364,5487,2659,2828
55090,42693,3324,20656,2358,39369,5487,2659,2828
55095,42695,3324,20657,2358,39371,5488,2660,2828
55100,42703,3326,20659,2359,39377,5488,2660,2828
55105,42706,3326,20661,2359,39380,5489,2661,2828
55110,42711,3326,20665,2359,39385,5490,2662,2828
55115,42715,3326,20667,2359,39389,5491,2663,2828
55120,42718,3326,20668,2359,39392,5492,2664,2828
55125,42719,3326,20668,2359,39393,5492,2664,2828
55130,42724,3326,20669,2359,39398,5492,2664,2828
55135,42726,3326,20671,2359,39400,5493,2665,2828
55140,42734,3329,20676,2362,39405,5493,2665,2828
55145,42737,3330,20678,2363,39407,5493,2665,2828
55150,42742,3330,20681,2363,39412,5494,2666,2828
55155,42746,3330,20684,2363,39416,5494,2666,2828
55160,42749,3330,20686,2363,39419,5495,2667,2828
55165,42750,3330,20687,2363,39420,5495,2667,2828
55170,42755,3330,20687,2363,39425,5495,2667,2828
55175,42757,3330,20687,2363,39427,5496,2667,2829
55180,42765,3332,20691,2364,39433,5496,2667,2829
55185,42768,3333,20693,2365,39435,5496,2667,2829
55190,42773,3333,20694,2365,39440,5498,2668,2830
55195,42777,3333,20697,2365,39443,5498,2668,2830
55200,42780,3334,20699,2366,39446,5499,2668,2831
55205,42781,3334,20699,2366,39447,5499,2668,2831
55210,42786,3335,20701,2366,39451,5499,2668,2831
55215,42788,3335,20702,2366,39453,5500,2669,2831
55220,42796,3336,20707,2367,39460,5500,2669,2831
55225,42799,3336,20708,2367,39463,5500,2669,2831
55230,42804,3336,20709,2367,39468,5501,2669,2832
55235,42808,3336,20712,2367,39471,5501,2669,2832
55240,42811,3337,20713,2368,39474,5502,2669,2833
55245,42812,3338,20714,2369,39474,5502,2669,2833
55250,42817,3339,20718,2370,39478,5502,2669,2833
55255,42819,3339,20718,2370,39480,5503,2669,2834
55260,42827,3340,20723,2371,39487,5503,2669,2834
55265,42830,3340,20724,2371,39490,5504,2670,2834
55270,42835,3340,20726,2371,39495,5505,2671,2834
55275,42839,3340,20729,2371,39499,5505,2671,2834
55280,42842,3340,20730,2371,39502,5505,2671,2834
55285,42843,3340,20731,2371,39503,5505,2671,2834
55290,42848,3340,20734,2371,39508,5505,2671,2834
55295,42850,3340,20736,2371,39510,5506,2672,2834
55300,42858,3340,20741,2371,39518,5506,2672,2834
55305,42861,3340,20742,2371,39521,5507,2672,2835
55310,42866,3340,20745,2371,39526,5509,2674,2835
55315,42870,3340,20748,2371,39530,5509,2674,2835
55320,42873,3340,20751,2371,39533,5509,2674,2835
55325,42874,3340,20751,2371,39534,5509,2674,2835
55330,42879,3340,20753,2371,39539,5509,2674,2835
55335,42881,3340,20754,2371,39541,5510,2674,2836
55340,42889,3342,20757,2372,39547,5510,2674,2836
55345,42892,3342,20757,2372,39550,5510,2674,2836
55350,42897,3342,20759,2372,39555,5512,2676,2836
55355,42901,3342,20760,2372,39559,5512,2676,2836
55360,42904,3342,20761,2372,39562,5512,2676,2836
55365,42905,3342,20762,2372,39563,5512,2676,2836
55370,42910,3343,20762,2372,39567,5512,2676,2836
55375,42912,3343,20763,2372,39569,5513,2677,2836
55380,42920,3345,20767,2373,39575,5513,2677,2836
55385,42923,3345,20768,2373,39578,5513,2677,2836
55390,42928,3345,20771,2373,39583,5514,2678,2836
55395,42932,3345,20774,2373,39586,5515,2679,2836
55400,42935,3346,20774,2374,39589,5516,2679,2837
55405,42936,3346,20775,2374,39590,5516,2679,2837
55410,42941,3347,20777,2374,39594,5516,2679,2837
55415,42943,3347,20778,2374,39596,5517,2679,2838
55420,42951,3348,20782,2375,39603,5517,2679,2838
55425,42954,3349,20784,2376,39605,5518,2679,2839
55430,42959,3349,20787,2376,39610,5519,2680,2839
55435,42963,3349,20790,2376,39613,5520,2680,2840
55440,42966,3350,20791,2377,39616,5521,2680,2841
55445,42967,3350,20791,2377,39617,5521,2680,2841
55450,42972,3351,20792,2377,39621,5521,2680,2841
55455,42974,3351,20792,2377,39623,5522,2680,2842
55460,42982,3353,20794,2378,39629,5522,2680,2842
55465,42985,3353,20794,2378,39632,5522,2680,2842
55470,42990,3353,20794,2378,39637,5523,2680,2843
55475,42994,3353,20796,2378,39641,5523,2680,2843
55480,42997,3353,20797,2378,39644,5523,2680,2843
55485,42998,3354,20798,2379,39644,5523,2680,2843
55490,43003,3355,20800,2380,39648,5523,2680,2843
55495,43005,3355,20800,2380,39650,5524,2680,2844
55500,43013,3357,20805,2381,39656,5524,2680,2844
55505,43016,3358,20807,2382,39658,5524,2680,2844
55510,43021,3358,20809,2382,39663,5525,2681,2844
55515,43025,3358,20812,2382,39667,5525,2681,2844
55520,43028,3358,20814,2382,39670,5525,2681,2844
55525,43029,3359,20815,2383,39670,5525,2681,2844
55530,43034,3360,20817,2383,39674,5525,2681,2844
55535,43036,3360,20817,2383,39676,5526,2681,2845
55540,43044,3362,20823,2385,39682,5526,2681,2845
55545,43047,3362,20824,2385,39685,5526,2681,2845
55550,43052,3362,20825,2385,39690,5528,2682,2846
55555,43056,3362,20827,2385,39694,5529,2683,2846
55560,43059,3362,20827,2385,39697,5530,2683,2847
55565,43060,3362,20827,2385,39698,5530,2683,2847
55570,43065,3362,20830,2385,39703,5530,2683,2847
55575,43067,3362,20831,2385,39705,5531,2684,2847
55580,43075,3362,20833,2385,39713,5531,2684,2847
55585,43078,3362,20835,2385,39716,5531,2684,2847
55590,43083,3362,20838,2385,39721,5532,2685,2847
55595,43087,3362,20839,2385,39725,5532,2685,2847
55600,43090,3362,20842,2385,39728,5533,2686,2847
55605,43091,3362,20843,2385,39729,5533,2686,2847
55610,43096,3362,20845,2385,39734,5533,2686,2847
55615,43098,3362,20845,2385,39736,5534,2686,2848
55620,43106,3362,20848,2385,39744,5534,2686,2848
55625,43109,3362,20851,2385,39747,5534,2686,2848
55630,43114,3362,20853,2385,39752,5535,2686,2849
55635,43118,3362,20853,2385,39756,5535,2686,2849
55640,43121,3362,20853,2385,39759,5535,2686,2849
55645,43122,3362,20853,2385,39760,5535,2686,2849
55650,43127,3362,20854,2385,39765,5535,2686,2849
55655,43129,3362,20855,2385,39767,5536,2686,2850
55660,43137,3362,20858,2385,39775,5536,2686,2850
55665,43140,3362,20859,2385,39778,5536,2686,2850
55670,43145,3362,20861,2385,39783,5537,2686,2851
55675,43149,3362,20863,2385,39787,5538,2686,2852
55680,43152,3362,20864,2385,39790,5538,2686,2852
55685,43153,3362,20864,2385,39791,5538,2686,2852
55690,43158,3363,20868,2386,39795,5538,2686,2852
55695,43160,3363,20868,2386,39797,5539,2686,2853
55700,43168,3364,20869,2386,39804,5539,2686,2853
55705,43171,3364,20871,2386,39807,5539,2686,2853
55710,43176,3364,20874,2386,39812,5541,2687,2854
55715,43180,3364,20877,2386,39816,5542,2688,2854
55720,43183,3364,20879,2386,39819,5542,2688,2854
55725,43184,3364,20879,2386,39820,5542,2688,2854
55730,43189,3365,20882,2387,39824,5542,2688,2854
55735,43191,3365,20883,2387,39826,5543,2688,2855
55740,43199,3366,20887,2388,39833,5543,2688,2855
55745,43202,3366,20889,2388,39836,5543,2688,2855
55750,43207,3366,20891,2388,39841,5544,2689,2855
55755,43211,3366,20893,2388,39845,5544,2689,2855
55760,43214,3366,20894,2388,39848,5544,2689,2855
55765,43215,3366,20895,2388,39849,5544,2689,2855
55770,43220,3367,20899,2389,39853,5544,2689,2855
55775,43222,3367,20899,2389,39855,5545,2689,2856
55780,43230,3368,20900,2389,39862,5545,2689,2856
55785,43233,3368,20900,2389,39865,5545,2689,2856
55790,43238,3368,20902,2389,39870,5546,2689,2857
55795,43242,3368,20903,2389,39874,5546,2689,2857
55800,43245,3368,20904,2389,39877,5547,2689,2858
55805,43246,3368,20904,2389,39878,5547,2689,2858
55810,43251,3369,20905,2389,39882,5547,2689,2858
55815,43253,3369,20905,2389,39884,5548,2689,2859
55820,43261,3370,20911,2390,39891,5548,2689,2859
55825,43264,3371,20913,2391,39893,5548,2689,2859
55830,43269,3371,20914,2391,39898,5549,2689,2860
55835,43273,3371,20918,2391,39902,5549,2689,2860
55840,43276,3371,20920,2391,39905,5549,2689,2860
55845,43277,3371,20920,2391,39906,5549,2689,2860
55850,43282,3372,20924,2392,39910,5549,2689,2860
55855,43284,3372,20925,2392,39912,5550,2689,2861
55860,43292,3373,20928,2393,39919,5550,2689,2861
55865,43295,3374,20930,2394,39921,5550,2689,2861
55870,43300,3374,20934,2394,39926,5551,2690,2861
55875,43304,3374,20937,2394,39930,5552,2691,2861
55880,43307,3374,20938,2394,39933,5552,2691,2861
55885,43308,3374,20938,2394,39934,5552,2691,2861
55890,43313,3375,20939,2395,39938,5552,2691,2861
55895,43315,3375,20941,2395,39940,5553,2692,2861
55900,43323,3377,20945,2396,39946,5553,2692,2861
55905,43326,3378,20946,2397,39948,5553,2692,2861
55910,43331,3378,20948,2397,39953,5554,2692,2862
55915,43335,3378,20949,2397,39956,5555,2692,2863
55920,43338,3379,20952,2398,39959,5556,2693,2863
55925,43339,3379,20953,2398,39960,5556,2693,2863
55930,43344,3379,20955,2398,39965,5556,2693,2863
55935,43346,3379,20956,2398,39967,5557,2693,2864
55940,43354,3380,20960,2398,39974,5557,2693,2864
55945,43357,3380,20961,2398,39977,5558,2693,2865
55950,43362,3380,20963,2398,39982,5559,2693,2866
55955,43366,3380,20964,2398,39986,5559,2693,2866
55960,43369,3380,20964,2398,39989,5560,2693,2867
55965,43370,3380,20964,2398,39990,5560,2693,2867
55970,43375,3380,20966,2398,39995,5560,2693,2867
55975,43377,3380,20967,2398,39997,5561,2694,2867
55980,43385,3381,20972,2399,40004,5561,2694,2867
55985,43388,3381,20972,2399,40007,5561,2694,2867
55990,43393,3381,20973,2399,40012,5563,2694,2869
55995,43397,3381,20974,2399,40016,5563,2694,2869
56000,43400,3381,20975,2399,40019,5563,2694,2869
56005,43401,3381,20975,2399,40020,5563,2694,2869
56010,43406,3381,20976,2399,40025,5563,2694,2869
56015,43408,3381,20977,2399,40027,5564,2694,2870
56020,43416,3383,20982,2400,40033,5564,2694,2870
56025,43419,3384,20983,2401,40035,5564,2694,2870
56030,43424,3384,20986,2401,40040,5566,2695,2871
56035,43428,3384,20988,2401,40044,5566,2695,2871
56040,43431,3384,20990,2401,40047,5566,2695,2871
56045,43432,3385,20991,2402,40047,5566,2695,2871
56050,43437,3386,20995,2403,40051,5566,2695,2871
56055,43439,3386,20995,2403,40053,5567,2695,2872
56060,43447,3387,21000,2404,40060,5567,2695,2872
56065,43450,3387,21001,2404,40063,5567,2695,2872
56070,43455,3387,21005,2404,40068,5568,2696,2872
56075,43459,3387,21006,2404,40072,5568,2696,2872
56080,43462,3387,21007,2404,40075,5569,2697,2872
56085,43463,3388,21008,2405,40075,5569,2697,2872
56090,43468,3389,21010,2406,40079,5569,2697,2872
56095,43470,3389,21012,2406,40081,5570,2698,2872
56100,43478,3389,21014,2406,40089,5570,2698,2872
56105,43481,3389,21015,2406,40092,5570,2698,2872
56110,43486,3389,21016,2406,40097,5571,2698,2873
56115,43490,3389,21017,2406,40101,5571,2698,2873
56120,43493,3389,21019,2406,40104,5571,2698,2873
56125,43494,3389,21019,2406,40105,5571,2698,2873
56130,43499,3390,21021,2406,40109,5571,2698,2873
56135,43501,3390,21022,2406,40111,5572,2698,2874
56140,43509,3391,21028,2407,40118,5572,2698,2874
56145,43512,3391,21030,2407,40121,5572,2698,2874
56150,43517,3391,21033,2407,40126,5573,2699,2874
56155,43521,3391,21035,2407,40130,5574,2699,2875
56160,43524,3391,21038,2407,40133,5574,2699,2875
56165,43525,3391,21039,2407,40134,5574,2699,2875
56170,43530,3392,21041,2408,40138,5574,2699,2875
56175,43532,3392,21041,2408,40140,5575,2699,2876
56180,43540,3394,21045,2410,40146,5575,2699,2876
56185,43543,3394,21046,2410,40149,5575,2699,2876
56190,43548,3394,21048,2410,40154,5577,2699,2878
56195,43552,3394,21050,2410,40158,5577,2699,2878
56200,43555,3394,21051,2410,40161,5577,2699,2878
56205,43556,3394,21051,2410,40162,5577,2699,2878
56210,43561,3395,21055,2411,40166,5577,2699,2878
56215,43563,3395,21057,2411,40168,5578,2700,2878
56220,43571,3397,21062,2413,40174,5578,2700,2878
56225,43574,3398,21064,2414,40176,5578,2700,2878
56230,43579,3398,21066,2414,40181,5579,2700,2879
56235,43583,3398,21068,2414,40185,5579,2700,2879
56240,43586,3398,21071,2414,40188,5580,2701,2879
56245,43587,3398,21071,2414,40189,5580,2701,2879
56250,43592,3398,21072,2414,40194,5580,2701,2879
56255,43594,3398,21073,2414,40196,5581,2702,2879
56260,43602,3399,21074,2414,40203,5581,2702,2879
56265,43605,3400,21077,2415,40205,5581,2702,2879
56270,43610,3400,21079,2415,40210,5582,2702,2880
56275,43614,3400,21081,2415,40214,5582,2702,2880
56280,43617,3400,21083,2415,40217,5583,2703,2880
56285,43618,3400,21084,2415,40218,5583,2703,2880
56290,43623,3400,21086,2415,40223,5583,2703,2880
56295,43625,3400,21088,2415,40225,5584,2704,2880
56300,43633,3400,21094,2415,40233,5584,2704,2880
56305,43636,3400,21096,2415,40236,5584,2704,2880
56310,43641,3400,21100,2415,40241,5585,2705,2880
56315,43645,3400,21101,2415,40245,5585,2705,2880
56320,43648,3400,21102,2415,40248,5586,2705,2881
56325,43649,3400,21103,2415,40249,5586,2705,2881
56330,43654,3401,21107,2416,40253,5586,2705,2881
56335,43656,3401,21108,2416,40255,5587,2706,2881
56340,43664,3401,21113,2416,40263,5587,2706,2881
56345,43667,3401,21115,2416,40266,5587,2706,2881
56350,43672,3401,21116,2416,40271,5589,2706,2883
56355,43676,3401,21117,2416,40275,5589,2706,2883
56360,43679,3401,21119,2416,40278,5589,2706,2883
56365,43680,3401,21119,2416,40279,5589,2706,2883
56370,43685,3402,21122,2416,40283,5589,2706,2883
56375,43687,3402,21123,2416,40285,5590,2706,2884
56380,43695,3403,21129,2417,40292,5590,2706,2884
56385,43698,3403,21130,2417,40295,5590,2706,2884
56390,43703,3403,21132,2417,40300,5592,2707,2885
56395,43707,3403,21134,2417,40304,5592,2707,2885
56400,43710,3403,21135,2417,40307,5592,2707,2885
56405,43711,3403,21135,2417,40308,5592,2707,2885
56410,43716,3404,21136,2417,40312,5592,2707,2885
56415,43718,3404,21136,2417,40314,5593,2707,2886
56420,43726,3405,21140,2417,40321,5593,2707,2886
56425,43729,3405,21141,2417,40324,5593,2707,2886
56430,43734,3405,21143,2417,40329,5594,2708,2886
56435,43738,3405,21144,2417,40333,5594,2708,2886
56440,43741,3405,21146,2417,40336,5594,2708,2886
56445,43742,3405,21147,2417,40337,5594,2708,2886
56450,43747,3406,21149,2418,40341,5594,2708,2886
56455,43749,3406,21150,2418,40343,5595,2709,2886
56460,43757,3408,21154,2420,40349,5595,2709,2886
56465,43760,3409,21156,2421,40351,5595,2709,2886
56470,43765,3409,21161,2421,40356,5596,2710,2886
56475,43769,3409,21161,2421,40360,5596,2710,2886
56480,43772,3409,21162,2421,40363,5597,2710,2887
56485,43773,3410,21163,2422,40363,5597,2710,2887
56490,43778,3411,21165,2422,40367,5597,2710,2887
56495,43780,3411,21165,2422,40369,5598,2710,2888
56500,43788,3412,21169,2423,40376,5598,2710,2888
56505,43791,3413,21171,2424,40378,5598,2710,2888
56510,43796,3413,21174,2424,40383,5600,2710,2890
56515,43800,3413,21178,2424,40386,5601,2711,2890
56520,43803,3414,21178,2425,40389,5602,2711,2891
56525,43804,3415,21179,2426,40389,5602,2711,2891
56530,43809,3416,21182,2426,40393,5602,2711,2891
56535,43811,3416,21183,2426,40395,5603,2712,2891
56540,43819,3418,21188,2427,40401,5603,2712,2891
56545,43822,3419,21190,2428,40403,5603,2712,2891
56550,43827,3419,21192,2428,40408,5604,2712,2892
56555,43831,3419,21194,2428,40411,5604,2712,2892
56560,43834,3420,21196,2429,40414,5605,2713,2892
56565,43835,3421,21197,2430,40414,5605,2713,2892
56570,43840,3422,21197,2430,40418,5605,2713,2892
56575,43842,3422,21199,2430,40420,5606,2714,2892
56580,43850,3425,21203,2432,40425,5606,2714,2892
56585,43853,3426,21205,2433,40427,5607,2715,2892
56590,43858,3426,21207,2433,40432,5608,2716,2892
56595,43862,3426,21208,2433,40436,5608,2716,2892
56600,43865,3426,21208,2433,40439,5608,2716,2892
56605,43866,3426,21208,2433,40440,5608,2716,2892
56610,43871,3426,21209,2433,40445,5608,2716,2892
56615,43873,3426,21210,2433,40447,5609,2716,2893
56620,43881,3428,21216,2435,40453,5609,2716,2893
56625,43884,3428,21217,2435,40456,5610,2716,2894
56630,43889,3428,21219,2435,40461,5611,2717,2894
56635,43893,3428,21222,2435,40465,5612,2718,2894
56640,43896,3428,21223,2435,40468,5612,2718,2894
56645,43897,3428,21223,2435,40469,5612,2718,2894
56650,43902,3428,21225,2435,40474,5612,2718,2894
56655,43904,3428,21225,2435,40476,5613,2718,2895
56660,43912,3429,21227,2435,40483,5613,2718,2895
56665,43915,3429,21227,2435,40486,5613,2718,2895
56670,43920,3429,21229,2435,40491,5614,2718,2896
56675,43924,3429,21230,2435,40495,5614,2718,2896
56680,43927,3429,21231,2435,40498,5614,2718,2896
56685,43928,3429,21231,2435,40499,5614,2718,2896
56690,43933,3430,21233,2435,40503,5614,2718,2896
56695,43935,3430,21234,2435,40505,5615,2718,2897
56700,43943,3431,21235,2435,40512,5615,2718,2897
56705,43946,3431,21236,2435,40515,5615,2718,2897
56710,43951,3431,21238,2435,40520,5616,2718,2898
56715,43955,3431,21240,2435,40524,5616,2718,2898
56720,43958,3431,21242,2435,40527,5617,2718,2899
56725,43959,3431,21242,2435,40528,5617,2718,2899
56730,43964,3431,21245,2435,40533,5617,2718,2899
56735,43966,3431,21245,2435,40535,5618,2718,2900
56740,43974,3433,21249,2436,40541,5618,2718,2900
56745,43977,3433,21250,2436,40544,5618,2718,2900
56750,43982,3433,21252,2436,40549,5620,2718,2902
56755,43986,3433,21256,2436,40553,5621,2719,2902
56760,43989,3433,21257,2436,40556,5622,2720,2902
56765,43990,3433,21258,2436,40557,5622,2720,2902
56770,43995,3433,21261,2436,40562,5622,2720,2902
56775,43997,3433,21262,2436,40564,5623,2720,2903
56780,44005,3433,21266,2436,40572,5623,2720,2903
56785,44008,3433,21266,2436,40575,5623,2720,2903
56790,44013,3433,21268,2436,40580,5624,2720,2904
56795,44017,3433,21270,2436,40584,5624,2720,2904
56800,44020,3433,21272,2436,40587,5625,2721,2904
56805,44021,3433,21272,2436,40588,5625,2721,2904
56810,44026,3434,21275,2437,40592,5625,2721,2904
56815,44028,3434,21276,2437,40594,5626,2722,2904
56820,44036,3434,21280,2437,40602,5626,2722,2904
56825,44039,3434,21281,2437,40605,5626,2722,2904
56830,44044,3434,21285,2437,40610,5627,2723,2904
56835,44048,3434,21286,2437,40614,5627,2723,2904
56840,44051,3434,21288,2437,40617,5627,2723,2904
56845,44052,3434,21289,2437,40618,5627,2723,2904
56850,44057,3435,21290,2437,40622,5627,2723,2904
56855,44059,3435,21290,2437,40624,5628,2723,2905
56860,44067,3436,21294,2438,40631,5628,2723,2905
56865,44070,3436,21296,2438,40634,5628,2723,2905
56870,44075,3436,21300,2438,40639,5629,2724,2905
56875,44079,3436,21301,2438,40643,5630,2724,2906
56880,44082,3436,21302,2438,40646,5630,2724,2906
56885,44083,3436,21303,2438,40647,5630,2724,2906
56890,44088,3437,21304,2438,40651,5630,2724,2906
56895,44090,3437,21304,2438,40653,5631,2724,2907
56900,44098,3439,21307,2440,40659,5631,2724,2907
56905,44101,3440,21310,2441,40661,5632,2725,2907
56910,44106,3440,21313,2441,40666,5634,2726,2908
56915,44110,3440,21315,2441,40670,5634,2726,2908
56920,44113,3440,21317,2441,40673,5634,2726,2908
56925,44114,3440,21317,2441,40674,5634,2726,2908
56930,44119,3441,21320,2442,40678,5634,2726,2908
56935,44121,3441,21322,2442,40680,5635,2727,2908
56940,44129,3443,21325,2443,40686,5635,2727,2908
56945,44132,3443,21326,2443,40689,5635,2727,2908
56950,44137,3443,21329,2443,40694,5636,2728,2908
56955,44141,3443,21332,2443,40698,5636,2728,2908
56960,44144,3443,21334,2443,40701,5636,2728,2908
56965,44145,3444,21335,2444,40701,5636,2728,2908
56970,44150,3445,21337,2445,40705,5636,2728,2908
56975,44152,3445,21339,2445,40707,5637,2729,2908
56980,44160,3446,21343,2445,40714,5637,2729,2908
56985,44163,3447,21346,2446,40716,5637,2729,2908
56990,44168,3447,21350,2446,40721,5638,2729,2909
56995,44172,3447,21352,2446,40725,5639,2730,2909
57000,44175,3447,21354,2446,40728,5640,2731,2909
57005,44176,3448,21355,2447,40728,5640,2731,2909
57010,44181,3449,21356,2447,40732,5640,2731,2909
57015,44183,3449,21357,2447,40734,5641,2732,2909
57020,44191,3450,21362,2448,40741,5641,2732,2909
57025,44194,3450,21364,2448,40744,5642,2733,2909
57030,44199,3450,21367,2448,40749,5643,2734,2909
57035,44203,3450,21369,2448,40753,5643,2734,2909
57040,44206,3450,21371,2448,40756,5644,2734,2910
57045,44207,3450,21371,2448,40757,5644,2734,2910
57050,44212,3451,21375,2449,40761,5644,2734,2910
57055,44214,3451,21375,2449,40763,5645,2734,2911
57060,44222,3453,21379,2451,40769,5645,2734,2911
57065,44225,3453,21380,2451,40772,5645,2734,2911
57070,44230,3453,21382,2451,40777,5646,2734,2912
57075,44234,3453,21383,2451,40781,5646,2734,2912
57080,44237,3453,21383,2451,40784,5646,2734,2912
57085,44238,3453,21384,2451,40785,5646,2734,2912
57090,44243,3453,21386,2451,40790,5646,2734,2912
57095,44245,3453,21386,2451,40792,5647,2734,2913
57100,44253,3453,21390,2451,40800,5647,2734,2913
57105,44256,3453,21393,2451,40803,5647,2734,2913
57110,44261,3453,21397,2451,40808,5648,2734,2914
57115,44265,3453,21399,2451,40812,5648,2734,2914
57120,44268,3453,21400,2451,40815,5648,2734,2914
57125,44269,3453,21401,2451,40816,5648,2734,2914
57130,44274,3453,21402,2451,40821,5648,2734,2914
57135,44276,3453,21404,2451,40823,5649,2735,2914
57140,44284,3453,21409,2451,40831,5649,2735,2914
57145,44287,3453,21412,2451,40834,5649,2735,2914
57150,44292,3453,21414,2451,40839,5650,2735,2915
57155,44296,3453,21414,2451,40843,5650,2735,2915
57160,44299,3453,21415,2451,40846,5650,2735,2915
57165,44300,3453,21416,2451,40847,5650,2735,2915
57170,44305,3454,21418,2451,40851,5650,2735,2915
57175,44307,3454,21419,2451,40853,5651,2736,2915
57180,44315,3456,21421,2452,40859,5651,2736,2915
57185,44318,3456,21423,2452,40862,5651,2736,2915
57190,44323,3456,21426,2452,40867,5653,2738,2915
57195,44327,3456,21427,2452,40871,5653,2738,2915
57200,44330,3456,21430,2452,40874,5654,2739,2915
57205,44331,3456,21430,2452,40875,5654,2739,2915
57210,44336,3457,21431,2452,40879,5654,2739,2915
57215,44338,3457,21432,2452,40881,5655,2740,2915
57220,44346,3459,21436,2453,40887,5655,2740,2915
57225,44349,3459,21438,2453,40890,5655,2740,2915
57230,44354,3459,21442,2453,40895,5657,2742,2915
57235,44358,3459,21444,2453,40899,5658,2743,2915
57240,44361,3459,21444,2453,40902,5659,2743,2916
57245,44362,3459,21444,2453,40903,5659,2743,2916
57250,44367,3460,21449,2454,40907,5659,2743,2916
57255,44369,3460,21450,2454,40909,5660,2744,2916
57260,44377,3461,21455,2454,40916,5660,2744,2916
57265,44380,3461,21457,2454,40919,5660,2744,2916
57270,44385,3461,21461,2454,40924,5661,2744,2917
57275,44389,3461,21464,2454,40928,5661,2744,2917
57280,44392,3461,21466,2454,40931,5661,2744,2917
57285,44393,3462,21467,2455,40931,5661,2744,2917
57290,44398,3463,21471,2455,40935,5661,2744,2917
57295,44400,3463,21472,2455,40937,5662,2745,2917
57300,44408,3464,21477,2456,40944,5662,2745,2917
57305,44411,3464,21478,2456,40947,5663,2745,2918
57310,44416,3464,21481,2456,40952,5664,2746,2918
57315,44420,3464,21483,2456,40956,5664,2746,2918
57320,44423,3464,21485,2456,40959,5664,2746,2918
57325,44424,3465,21486,2457,40959,5664,2746,2918
57330,44429,3466,21487,2457,40963,5664,2746,2918
57335,44431,3466,21487,2457,40965,5665,2746,2919
57340,44439,3468,21490,2458,40971,5665,2746,2919
57345,44442,3468,21493,2458,40974,5666,2747,2919
57350,44447,3468,21496,2458,40979,5668,2749,2919
57355,44451,3468,21498,2458,40982,5669,2749,2920
57360,44454,3469,21501,2459,40985,5670,2750,2920
57365,44455,3469,21501,2459,40986,5670,2750,2920
57370,44460,3469,21504,2459,40991,5670,2750,2920
57375,44462,3469,21504,2459,40993,5671,2750,2921
57380,44470,3471,21508,2461,40999,5671,2750,2921
57385,44473,3471,21509,2461,41002,5671,2750,2921
57390,44478,3471,21512,2461,41007,5672,2751,2921
57395,44482,3471,21513,2461,41011,5672,2751,2921
57400,44485,3471,21515,2461,41014,5673,2751,2922
57405,44486,3471,21516,2461,41015,5673,2751,2922
57410,44491,3471,21518,2461,41020,5673,2751,2922
57415,44493,3471,21519,2461,41022,5674,2751,2923
57420,44501,3472,21521,2461,41029,5674,2751,2923
57425,44504,3473,21523,2462,41031,5674,2751,2923
57430,44509,3473,21527,2462,41036,5675,2751,2924
57435,44513,3473,21529,2462,41040,5675,2751,2924
57440,44516,3473,21530,2462,41043,5675,2751,2924
57445,44517,3473,21530,2462,41044,5675,2751,2924
57450,44522,3473,21534,2462,41049,5675,2751,2924
57455,44524,3473,21535,2462,41051,5676,2751,2925
57460,44532,3475,21540,2464,41057,5676,2751,2925
57465,44535,3475,21541,2464,41060,5676,2751,2925
57470,44540,3475,21543,2464,41065,5678,2752,2926
57475,44544,3475,21543,2464,41069,5679,2752,2927
57480,44547,3475,21545,2464,41072,5679,2752,2927
57485,44548,3476,21546,2465,41072,5679,2752,2927
57490,44553,3477,21548,2465,41076,5679,2752,2927
57495,44555,3477,21549,2465,41078,5680,2753,2927
57500,44563,3478,21552,2466,41085,5680,2753,2927
57505,44566,3478,21553,2466,41088,5680,2753,2927
57510,44571,3478,21553,2466,41093,5681,2753,2928
57515,44575,3478,21557,2466,41097,5681,2753,2928
57520,44578,3478,21558,2466,41100,5681,2753,2928
57525,44579,3479,21559,2467,41100,5681,2753,2928
57530,44584,3480,21560,2467,41104,5681,2753,2928
57535,44586,3480,21561,2467,41106,5682,2753,2929
57540,44594,3480,21565,2467,41114,5682,2753,2929
57545,44597,3480,21568,2467,41117,5682,2753,2929
57550,44602,3480,21571,2467,41122,5683,2754,2929
57555,44606,3480,21574,2467,41126,5683,2754,2929
57560,44609,3480,21575,2467,41129,5683,2754,2929
57565,44610,3481,21576,2468,41129,5683,2754,2929
57570,44615,3482,21577,2469,41133,5683,2754,2929
57575,44617,3482,21577,2469,41135,5684,2754,2930
57580,44625,3482,21577,2469,41143,5684,2754,2930
57585,44628,3482,21580,2469,41146,5684,2754,2930
57590,44633,3482,21584,2469,41151,5686,2756,2930
57595,44637,3482,21587,2469,41154,5686,2756,2930
57600,44640,3483,21588,2470,41157,5686,2756,2930
57605,44641,3483,21588,2470,41158,5686,2756,2930
57610,44646,3483,21590,2470,41163,5686,2756,2930
57615,44648,3483,21591,2470,41165,5687,2757,2930
57620,44656,3484,21593,2470,41172,5687,2757,2930
57625,44659,3485,21594,2471,41174,5687,2757,2930
57630,44664,3485,21597,2471,41179,5688,2758,2930
57635,44668,3485,21599,2471,41183,5689,2758,2931
57640,44671,3485,21600,2471,41186,5689,2758,2931
57645,44672,3485,21600,2471,41187,5689,2758,2931
57650,44677,3485,21603,2471,41192,5689,2758,2931
57655,44679,3485,21604,2471,41194,5690,2758,2932
57660,44687,3487,21605,2472,41200,5690,2758,2932
57665,44690,3488,21607,2473,41202,5690,2758,2932
57670,44695,3488,21610,2473,41207,5691,2758,2933
57675,44699,3488,21611,2473,41211,5691,2758,2933
57680,44702,3488,21613,2473,41214,5691,2758,2933
57685,44703,3488,21613,2473,41215,5691,2758,2933
57690,44708,3488,21615,2473,41220,5691,2758,2933
57695,44710,3488,21617,2473,41222,5692,2759,2933
57700,44718,3490,21620,2474,41228,5692,2759,2933
57705,44721,3490,21621,2474,41231,5692,2759,2933
57710,44726,3490,21623,2474,41236,5694,2760,2934
57715,44730,3490,21625,2474,41240,5694,2760,2934
57720,44733,3490,21626,2474,41243,5694,2760,2934
57725,44734,3490,21626,2474,41244,5694,2760,2934
57730,44739,3491,21629,2475,41248,5694,2760,2934
57735,44741,3491,21629,2475,41250,5695,2760,2935
57740,44749,3493,21632,2476,41256,5695,2760,2935
57745,44752,3493,21633,2476,41259,5696,2761,2935
57750,44757,3493,21634,2476,41264,5698,2761,2937
57755,44761,3493,21635,2476,41268,5698,2761,2937
57760,44764,3493,21636,2476,41271,5698,2761,2937
57765,44765,3494,21637,2477,41271,5698,2761,2937
57770,44770,3495,21640,2477,41275,5698,2761,2937
57775,44772,3495,21641,2477,41277,5699,2761,2938
57780,44780,3497,21644,2478,41283,5699,2761,2938
57785,44783,3497,21645,2478,41286,5699,2761,2938
57790,44788,3497,21647,2478,41291,5701,2761,2940
57795,44792,3497,21649,2478,41295,5701,2761,2940
57800,44795,3497,21649,2478,41298,5701,2761,2940
57805,44796,3497,21649,2478,41299,5701,2761,2940
57810,44801,3497,21650,2478,41304,5701,2761,2940
57815,44803,3497,21651,2478,41306,5702,2762,2940
57820,44811,3500,21656,2480,41311,5702,2762,2940
57825,44814,3500,21657,2480,41314,5702,2762,2940
57830,44819,3500,21658,2480,41319,5703,2762,2941
57835,44823,3500,21661,2480,41323,5704,2763,2941
57840,44826,3500,21662,2480,41326,5704,2763,2941
57845,44827,3500,21662,2480,41327,5704,2763,2941
57850,44832,3500,21664,2480,41332,5704,2763,2941
57855,44834,3500,21665,2480,41334,5705,2763,2942
57860,44842,3502,21669,2482,41340,5705,2763,2942
57865,44845,3502,21671,2482,41343,5705,2763,2942
57870,44850,3502,21673,2482,41348,5706,2763,2943
57875,44854,3502,21673,2482,41352,5706,2763,2943
57880,44857,3502,21674,2482,41355,5706,2763,2943
57885,44858,3502,21674,2482,41356,5706,2763,2943
57890,44863,3503,21674,2482,41360,5706,2763,2943
57895,44865,3503,21675,2482,41362,5707,2763,2944
57900,44873,3506,21680,2484,41367,5707,2763,2944
57905,44876,3506,21682,2484,41370,5708,2763,2945
57910,44881,3506,21685,2484,41375,5709,2763,2946
57915,44885,3506,21688,2484,41379,5709,2763,2946
57920,44888,3506,21690,2484,41382,5709,2763,2946
57925,44889,3507,21691,2485,41382,5709,2763,2946
57930,44894,3508,21692,2485,41386,5709,2763,2946
57935,44896,3508,21692,2485,41388,5710,2763,2947
57940,44904,3509,21696,2486,41395,5710,2763,2947
57945,44907,3509,21697,2486,41398,5710,2763,2947
57950,44912,3509,21699,2486,41403,5712,2764,2948
57955,44916,3509,21700,2486,41407,5713,2765,2948
57960,44919,3509,21702,2486,41410,5713,2765,2948
57965,44920,3510,21703,2487,41410,5713,2765,2948
57970,44925,3511,21706,2487,41414,5713,2765,2948
57975,44927,3511,21707,2487,41416,5714,2766,2948
57980,44935,3513,21711,2488,41422,5714,2766,2948
57985,44938,3513,21714,2488,41425,5714,2766,2948
57990,44943,3513,21717,2488,41430,5715,2767,2948
57995,44947,3513,21720,2488,41434,5715,2767,2948
58000,44950,3513,21722,2488,41437,5715,2767,2948
58005,44951,3514,21723,2489,41437,5715,2767,2948
58010,44956,3515,21726,2490,41441,5715,2767,2948
58015,44958,3515,21728,2490,41443,5716,2768,2948
58020,44966,3517,21730,2491,41449,5716,2768,2948
58025,44969,3517,21732,2491,41452,5716,2768,2948
58030,44974,3517,21735,2491,41457,5717,2768,2949
58035,44978,3517,21738,2491,41461,5717,2768,2949
58040,44981,3517,21740,2491,41464,5717,2768,2949
58045,44982,3517,21740,2491,41465,5717,2768,2949
58050,44987,3517,21742,2491,41470,5717,2768,2949
58055,44989,3517,21744,2491,41472,5718,2769,2949
58060,44997,3520,21750,2494,41477,5718,2769,2949
58065,45000,3520,21751,2494,41480,5718,2769,2949
58070,45005,3520,21755,2494,41485,5719,2770,2949
58075,45009,3520,21758,2494,41489,5720,2771,2949
58080,45012,3520,21759,2494,41492,5720,2771,2949
58085,45013,3520,21760,2494,41493,5720,2771,2949
58090,45018,3520,21763,2494,41498,5720,2771,2949
58095,45020,3520,21763,2494,41500,5721,2771,2950
58100,45028,3522,21766,2496,41506,5721,2771,2950
58105,45031,3522,21767,2496,41509,5721,2771,2950
58110,45036,3522,21768,2496,41514,5722,2772,2950
58115,45040,3522,21770,2496,41518,5723,2772,2951
58120,45043,3522,21771,2496,41521,5723,2772,2951
58125,45044,3522,21772,2496,41522,5723,2772,2951
58130,45049,3523,21774,2496,41526,5723,2772,2951
58135,45051,3523,21774,2496,41528,5724,2772,2952
58140,45059,3524,21777,2497,41535,5724,2772,2952
58145,45062,3524,21778,2497,41538,5725,2773,2952
58150,45067,3524,21778,2497,41543,5726,2773,2953
58155,45071,3524,21780,2497,41547,5727,2774,2953
58160,45074,3524,21781,2497,41550,5727,2774,2953
58165,45075,3525,21782,2498,41550,5727,2774,2953
58170,45080,3526,21784,2499,41554,5727,2774,2953
58175,45082,3526,21786,2499,41556,5728,2775,2953
58180,45090,3528,21789,2500,41562,5728,2775,2953
58185,45093,3528,21790,2500,41565,5729,2776,2953
58190,45098,3528,21792,2500,41570,5731,2776,2955
58195,45102,3528,21794,2500,41574,5732,2777,2955
58200,45105,3528,21796,2500,41577,5732,2777,2955
58205,45106,3528,21796,2500,41578,5732,2777,2955
58210,45111,3528,21800,2500,41583,5732,2777,2955
58215,45113,3528,21800,2500,41585,5733,2777,2956
58220,45121,3531,21804,2502,41590,5733,2777,2956
58225,45124,3531,21805,2502,41593,5733,2777,2956
58230,45129,3531,21809,2502,41598,5734,2778,2956
58235,45133,3531,21811,2502,41602,5734,2778,2956
58240,45136,3531,21812,2502,41605,5734,2778,2956
58245,45137,3531,21812,2502,41606,5734,2778,2956
58250,45142,3531,21812,2502,41611,5734,2778,2956
58255,45144,3531,21812,2502,41613,5735,2778,2957
58260,45152,3534,21817,2505,41618,5735,2778,2957
58265,45155,3534,21817,2505,41621,5735,2778,2957
58270,45160,3534,21819,2505,41626,5736,2779,2957
58275,45164,3534,21821,2505,41630,5736,2779,2957
58280,45167,3534,21823,2505,41633,5736,2779,2957
58285,45168,3534,21823,2505,41634,5736,2779,2957
58290,45173,3534,21826,2505,41639,5736,2779,2957
58295,45175,3534,21827,2505,41641,5737,2780,2957
58300,45183,3537,21832,2508,41646,5737,2780,2957
58305,45186,3537,21834,2508,41649,5737,2780,2957
58310,45191,3537,21836,2508,41654,5739,2781,2958
58315,45195,3537,21836,2508,41658,5740,2781,2959
58320,45198,3537,21837,2508,41661,5740,2781,2959
58325,45199,3538,21838,2509,41661,5740,2781,2959
58330,45204,3539,21839,2510,41665,5740,2781,2959
58335,45206,3539,21841,2510,41667,5741,2782,2959
58340,45214,3541,21846,2511,41673,5741,2782,2959
58345,45217,3541,21848,2511,41676,5741,2782,2959
58350,45222,3541,21851,2511,41681,5742,2782,2960
58355,45226,3541,21854,2511,41685,5742,2782,2960
58360,45229,3541,21855,2511,41688,5742,2782,2960
58365,45230,3542,21856,2512,41688,5742,2782,2960
58370,45235,3543,21858,2512,41692,5742,2782,2960
58375,45237,3543,21860,2512,41694,5743,2783,2960
58380,45245,3545,21864,2513,41700,5743,2783,2960
58385,45248,3545,21865,2513,41703,5743,2783,2960
58390,45253,3545,21867,2513,41708,5744,2783,2961
58395,45257,3545,21868,2513,41712,5744,2783,2961
58400,45260,3545,21868,2513,41715,5744,2783,2961
58405,45261,3546,21869,2514,41715,5744,2783,2961
58410,45266,3547,21870,2515,41719,5744,2783,2961
58415,45268,3547,21871,2515,41721,5745,2784,2961
58420,45276,3549,21877,2517,41727,5745,2784,2961
58425,45279,3549,21880,2517,41730,5745,2784,2961
58430,45284,3549,21880,2517,41735,5747,2784,2963
58435,45288,3549,21883,2517,41738,5747,2784,2963
58440,45291,3550,21883,2518,41741,5747,2784,2963
58445,45292,3550,21884,2518,41742,5747,2784,2963
58450,45297,3550,21884,2518,41747,5747,2784,2963
58455,45299,3550,21885,2518,41749,5748,2785,2963
58460,45307,3551,21889,2519,41756,5748,2785,2963
58465,45310,3551,21889,2519,41759,5748,2785,2963
58470,45315,3551,21890,2519,41764,5749,2785,2964
58475,45319,3551,21893,2519,41768,5749,2785,2964
58480,45322,3551,21893,2519,41771,5749,2785,2964
58485,45323,3551,21894,2519,41772,5749,2785,2964
58490,45328,3551,21897,2519,41777,5749,2785,2964
58495,45330,3551,21897,2519,41779,5750,2785,2965
58500,45338,3553,21903,2521,41785,5750,2785,2965
58505,45341,3553,21905,2521,41788,5750,2785,2965
58510,45346,3553,21909,2521,41793,5751,2786,2965
58515,45350,3553,21913,2521,41797,5751,2786,2965
58520,45353,3553,21915,2521,41800,5751,2786,2965
58525,45354,3553,21915,2521,41801,5751,2786,2965
58530,45359,3553,21919,2521,41806,5751,2786,2965
58535,45361,3553,21920,2521,41808,5752,2787,2965
58540,45369,3554,21921,2521,41815,5752,2787,2965
58545,45372,3554,21923,2521,41818,5752,2787,2965
58550,45377,3554,21927,2521,41823,5753,2788,2965
58555,45381,3554,21929,2521,41826,5754,2788,2966
58560,45384,3555,21930,2522,41829,5754,2788,2966
58565,45385,3556,21931,2523,41829,5754,2788,2966
58570,45390,3557,21932,2523,41833,5754,2788,2966
58575,45392,3557,21934,2523,41835,5755,2789,2966
58580,45400,3558,21937,2523,41842,5755,2789,2966
58585,45403,3558,21939,2523,41845,5755,2789,2966
58590,45408,3558,21942,2523,41850,5757,2790,2967
58595,45412,3558,21944,2523,41854,5758,2790,2968
58600,45415,3558,21946,2523,41857,5758,2790,2968
58605,45416,3558,21946,2523,41858,5758,2790,2968
58610,45421,3559,21949,2523,41862,5758,2790,2968
58615,45423,3559,21950,2523,41864,5759,2791,2968
58620,45431,3561,21955,2525,41870,5759,2791,2968
58625,45434,3561,21957,2525,41873,5759,2791,2968
58630,45439,3561,21959,2525,41878,5760,2791,2969
58635,45443,3561,21960,2525,41882,5760,2791,2969
58640,45446,3561,21961,2525,41885,5760,2791,2969
58645,45447,3561,21961,2525,41886,5760,2791,2969
58650,45452,3561,21963,2525,41891,5760,2791,2969
58655,45454,3561,21964,2525,41893,5761,2791,2970
58660,45462,3563,21967,2527,41899,5761,2791,2970
58665,45465,3563,21968,2527,41902,5761,2791,2970
58670,45470,3563,21971,2527,41907,5762,2791,2971
58675,45474,3563,21972,2527,41911,5762,2791,2971
58680,45477,3563,21973,2527,41914,5762,2791,2971
58685,45478,3563,21973,2527,41915,5762,2791,2971
58690,45483,3563,21974,2527,41920,5762,2791,2971
58695,45485,3563,21976,2527,41922,5763,2792,2971
58700,45493,3565,21980,2528,41928,5763,2792,2971
58705,45496,3565,21982,2528,41931,5763,2792,2971
58710,45501,3565,21985,2528,41936,5764,2792,2972
58715,45505,3565,21987,2528,41940,5764,2792,2972
58720,45508,3565,21988,2528,41943,5764,2792,2972
58725,45509,3565,21988,2528,41944,5764,2792,2972
58730,45514,3566,21990,2528,41948,5764,2792,2972
58735,45516,3566,21992,2528,41950,5765,2793,2972
58740,45524,3568,21996,2529,41956,5765,2793,2972
58745,45527,3568,21997,2529,41959,5765,2793,2972
58750,45532,3568,21998,2529,41964,5766,2794,2972
58755,45536,3568,22000,2529,41968,5766,2794,2972
58760,45539,3568,22002,2529,41971,5766,2794,2972
58765,45540,3569,22003,2530,41971,5766,2794,2972
58770,45545,3570,22007,2531,41975,5766,2794,2972
58775,45547,3570,22007,2531,41977,5767,2794,2973
58780,45555,3572,22011,2533,41983,5767,2794,2973
58785,45558,3572,22014,2533,41986,5767,2794,2973
58790,45563,3572,22014,2533,41991,5769,2794,2975
58795,45567,3572,22018,2533,41995,5770,2795,2975
58800,45570,3572,22020,2533,41998,5770,2795,2975
58805,45571,3572,22020,2533,41999,5770,2795,2975
58810,45576,3572,22023,2533,42004,5770,2795,2975
58815,45578,3572,22024,2533,42006,5771,2795,2976
58820,45586,3575,22030,2536,42011,5771,2795,2976
58825,45589,3575,22031,2536,42014,5771,2795,2976
58830,45594,3575,22034,2536,42019,5772,2796,2976
58835,45598,3575,22037,2536,42023,5772,2796,2976
58840,45601,3575,22039,2536,42026,5772,2796,2976
58845,45602,3575,22040,2536,42027,5772,2796,2976
58850,45607,3575,22043,2536,42032,5772,2796,2976
58855,45609,3575,22043,2536,42034,5773,2796,2977
58860,45617,3577,22048,2538,42040,5773,2796,2977
58865,45620,3577,22050,2538,42043,5773,2796,2977
58870,45625,3577,22054,2538,42048,5774,2797,2977
58875,45629,3577,22056,2538,42052,5774,2797,2977
58880,45632,3577,22057,2538,42055,5774,2797,2977
58885,45633,3577,22058,2538,42056,5774,2797,2977
58890,45638,3577,22060,2538,42061,5774,2797,2977
58895,45640,3577,22061,2538,42063,5775,2797,2978
58900,45648,3578,22065,2539,42070,5775,2797,2978
58905,45651,3578,22065,2539,42073,5775,2797,2978
58910,45656,3578,22067,2539,42078,5777,2798,2979
58915,45660,3578,22069,2539,42082,5777,2798,2979
58920,45663,3578,22070,2539,42085,5777,2798,2979
58925,45664,3579,22071,2540,42085,5777,2798,2979
58930,45669,3580,22073,2541,42089,5777,2798,2979
58935,45671,3580,22074,2541,42091,5778,2798,2980
58940,45679,3581,22076,2541,42098,5778,2798,2980
58945,45682,3581,22077,2541,42101,5778,2798,2980
58950,45687,3581,22079,2541,42106,5779,2798,2981
58955,45691,3581,22081,2541,42110,5779,2798,2981
58960,45694,3581,22081,2541,42113,5779,2798,2981
58965,45695,3582,22082,2542,42113,5779,2798,2981
58970,45700,3583,22084,2543,42117,5779,2798,2981
58975,45702,3583,22085,2543,42119,5780,2798,2982
58980,45710,3585,22088,2544,42125,5780,2798,2982
58985,45713,3585,22091,2544,42128,5780,2798,2982
58990,45718,3585,22094,2544,42133,5781,2799,2982
58995,45722,3585,22096,2544,42137,5781,2799,2982
59000,45725,3585,22097,2544,42140,5781,2799,2982
59005,45726,3585,22098,2544,42141,5781,2799,2982
59010,45731,3585,22100,2544,42146,5781,2799,2982
59015,45733,3585,22100,2544,42148,5782,2799,2983
59020,45741,3587,22103,2545,42154,5782,2799,2983
59025,45744,3587,22105,2545,42157,5782,2799,2983
59030,45749,3587,22107,2545,42162,5784,2800,2984
59035,45753,3587,22108,2545,42166,5785,2800,2985
59040,45756,3587,22109,2545,42169,5785,2800,2985
59045,45757,3587,22109,2545,42170,5785,2800,2985
59050,45762,3587,22110,2545,42175,5785,2800,2985
59055,45764,3587,22111,2545,42177,5786,2801,2985
59060,45772,3590,22117,2548,42182,5786,2801,2985
59065,45775,3590,22120,2548,42185,5786,2801,2985
59070,45780,3590,22122,2548,42190,5787,2801,2986
59075,45784,3590,22124,2548,42194,5788,2801,2987
59080,45787,3590,22126,2548,42197,5788,2801,2987
59085,45788,3590,22127,2548,42198,5788,2801,2987
59090,45793,3590,22131,2548,42203,5788,2801,2987
59095,45795,3590,22132,2548,42205,5789,2801,2988
59100,45803,3592,22135,2549,42211,5789,2801,2988
59105,45806,3592,22137,2549,42214,5789,2801,2988
59110,45811,3592,22138,2549,42219,5790,2801,2989
59115,45815,3592,22141,2549,42223,5791,2801,2990
59120,45818,3592,22143,2549,42226,5791,2801,2990
59125,45819,3592,22144,2549,42227,5791,2801,2990
59130,45824,3592,22146,2549,42232,5791,2801,2990
59135,45826,3592,22146,2549,42234,5792,2801,2991
59140,45834,3593,22149,2550,42241,5792,2801,2991
59145,45837,3593,22152,2550,42244,5792,2801,2991
59150,45842,3593,22154,2550,42249,5794,2801,2993
59155,45846,3593,22158,2550,42252,5795,2802,2993
59160,45849,3594,22159,2551,42255,5795,2802,2993
59165,45850,3594,22159,2551,42256,5795,2802,2993
59170,45855,3595,22163,2552,42260,5795,2802,2993
59175,45857,3595,22164,2552,42262,5796,2803,2993
59180,45865,3598,22169,2554,42267,5796,2803,2993
59185,45868,3598,22171,2554,42270,5796,2803,2993
59190,45873,3598,22175,2554,42275,5797,2804,2993
59195,45877,3598,22178,2554,42279,5797,2804,2993
59200,45880,3598,22179,2554,42282,5797,2804,2993
59205,45881,3598,22179,2554,42283,5797,2804,2993
59210,45886,3599,22181,2555,42287,5797,2804,2993
59215,45888,3599,22182,2555,42289,5798,2805,2993
59220,45896,3601,22188,2557,42295,5798,2805,2993
59225,45899,3601,22189,2557,42298,5798,2805,2993
59230,45904,3601,22192,2557,42303,5799,2805,2994
59235,45908,3601,22195,2557,42307,5800,2806,2994
59240,45911,3601,22198,2557,42310,5800,2806,2994
59245,45912,3601,22198,2557,42311,5800,2806,2994
59250,45917,3602,22200,2557,42315,5800,2806,2994
59255,45919,3602,22201,2557,42317,5801,2806,2995
59260,45927,3605,22206,2559,42322,5801,2806,2995
59265,45930,3605,22208,2559,42325,5801,2806,2995
59270,45935,3605,22210,2559,42330,5802,2807,2995
59275,45939,3605,22211,2559,42334,5803,2807,2996
59280,45942,3605,22213,2559,42337,5803,2807,2996
59285,45943,3606,22214,2560,42337,5803,2807,2996
59290,45948,3607,22218,2561,42341,5803,2807,2996
59295,45950,3607,22219,2561,42343,5804,2807,2997
59300,45958,3609,22225,2563,42349,5804,2807,2997
59305,45961,3609,22225,2563,42352,5804,2807,2997
59310,45966,3609,22226,2563,42357,5805,2807,2998
59315,45970,3609,22228,2563,42361,5806,2808,2998
59320,45973,3609,22229,2563,42364,5806,2808,2998
59325,45974,3610,22230,2564,42364,5806,2808,2998
59330,45979,3611,22232,2564,42368,5806,2808,2998
59335,45981,3611,22233,2564,42370,5807,2809,2998
59340,45989,3612,22236,2565,42377,5807,2809,2998
59345,45992,3612,22238,2565,42380,5807,2809,2998
59350,45997,3612,22240,2565,42385,5809,2810,2999
59355,46001,3612,22244,2565,42388,5809,2810,2999
59360,46004,3613,22245,2566,42391,5809,2810,2999
59365,46005,3613,22245,2566,42392,5809,2810,2999
59370,46010,3614,22247,2566,42396,5809,2810,2999
59375,46012,3614,22248,2566,42398,5810,2810,3000
59380,46020,3615,22251,2567,42405,5810,2810,3000
59385,46023,3615,22253,2567,42408,5810,2810,3000
59390,46028,3615,22257,2567,42413,5811,2811,3000
59395,46032,3615,22259,2567,42417,5811,2811,3000
59400,46035,3615,22260,2567,42420,5811,2811,3000
59405,46036,3615,22260,2567,42421,5811,2811,3000
59410,46041,3615,22261,2567,42426,5811,2811,3000
59415,46043,3615,22262,2567,42428,5812,2812,3000
59420,46051,3616,22266,2568,42435,5812,2812,3000
59425,46054,3616,22267,2568,42438,5812,2812,3000
59430,46059,3616,22269,2568,42443,5813,2813,3000
59435,46063,3616,22270,2568,42447,5814,2813,3001
59440,46066,3616,22271,2568,42450,5814,2813,3001
59445,46067,3616,22271,2568,42451,5814,2813,3001
59450,46072,3616,22274,2568,42456,5814,2813,3001
59455,46074,3616,22274,2568,42458,5815,2813,3002
59460,46082,3617,22276,2568,42465,5815,2813,3002
59465,46085,3617,22277,2568,42468,5815,2813,3002
59470,46090,3617,22280,2568,42473,5816,2813,3003
59475,46094,3617,22282,2568,42477,5817,2814,3003
59480,46097,3617,22283,2568,42480,5817,2814,3003
59485,46098,3617,22283,2568,42481,5817,2814,3003
59490,46103,3617,22287,2568,42486,5817,2814,3003
59495,46105,3617,22288,2568,42488,5818,2815,3003
59500,46113,3620,22294,2570,42493,5818,2815,3003
59505,46116,3620,22296,2570,42496,5818,2815,3003
59510,46121,3620,22298,2570,42501,5820,2816,3004
59515,46125,3620,22299,2570,42504,5821,2816,3005
59520,46128,3621,22300,2571,42507,5821,2816,3005
59525,46129,3621,22300,2571,42508,5821,2816,3005
59530,46134,3622,22304,2572,42512,5821,2816,3005
59535,46136,3622,22305,2572,42514,5822,2816,3006
59540,46144,3625,22308,2574,42519,5822,2816,3006
59545,46147,3625,22310,2574,42522,5822,2816,3006
59550,46152,3625,22312,2574,42527,5823,2816,3007
59555,46156,3625,22314,2574,42530,5824,2816,3008
59560,46159,3626,22316,2575,42533,5824,2816,3008
59565,46160,3626,22316,2575,42534,5824,2816,3008
59570,46165,3627,22318,2575,42538,5824,2816,3008
59575,46167,3627,22320,2575,42540,5825,2817,3008
59580,46175,3629,22321,2576,42546,5825,2817,3008
59585,46178,3629,22323,2576,42549,5825,2817,3008
59590,46183,3629,22327,2576,42554,5826,2817,3009
59595,46187,3629,22328,2576,42558,5827,2817,3010
59600,46190,3629,22331,2576,42561,5827,2817,3010
59605,46191,3629,22332,2576,42562,5827,2817,3010
59610,46196,3629,22335,2576,42567,5827,2817,3010
59615,46198,3629,22337,2576,42569,5828,2818,3010
59620,46206,3632,22343,2579,42574,5828,2818,3010
59625,46209,3632,22344,2579,42577,5828,2818,3010
59630,46214,3632,22347,2579,42582,5830,2820,3010
59635,46218,3632,22349,2579,42586,5831,2820,3011
59640,46221,3632,22349,2579,42589,5831,2820,3011
59645,46222,3632,22349,2579,42590,5831,2820,3011
59650,46227,3632,22351,2579,42595,5831,2820,3011
59655,46229,3632,22353,2579,42597,5832,2821,3011
59660,46237,3635,22357,2581,42602,5832,2821,3011
59665,46240,3635,22360,2581,42605,5832,2821,3011
59670,46245,3635,22363,2581,42610,5833,2821,3012
59675,46249,3635,22365,2581,42614,5833,2821,3012
59680,46252,3635,22366,2581,42617,5833,2821,3012
59685,46253,3635,22367,2581,42618,5833,2821,3012
59690,46258,3636,22369,2582,42622,5833,2821,3012
59695,46260,3636,22370,2582,42624,5834,2821,3013
59700,46268,3638,22374,2583,42630,5834,2821,3013
59705,46271,3638,22376,2583,42633,5834,2821,3013
59710,46276,3638,22378,2583,42638,5835,2822,3013
59715,46280,3638,22379,2583,42642,5836,2823,3013
59720,46283,3638,22382,2583,42645,5836,2823,3013
59725,46284,3638,22382,2583,42646,5836,2823,3013
59730,46289,3639,22385,2584,42650,5836,2823,3013
59735,46291,3639,22387,2584,42652,5837,2824,3013
59740,46299,3641,22391,2586,42658,5837,2824,3013
59745,46302,3641,22392,2586,42661,5837,2824,3013
59750,46307,3641,22395,2586,42666,5838,2824,3014
59755,46311,3641,22398,2586,42669,5839,2824,3015
59760,46314,3642,22399,2587,42672,5839,2824,3015
59765,46315,3642,22400,2587,42673,5839,2824,3015
59770,46320,3642,22401,2587,42678,5839,2824,3015
59775,46322,3642,22402,2587,42680,5840,2825,3015
59780,46330,3643,22408,2588,42687,5840,2825,3015
59785,46333,3643,22410,2588,42690,5840,2825,3015
59790,46338,3643,22412,2588,42695,5842,2827,3015
59795,46342,3643,22416,2588,42699,5842,2827,3015
59800,46345,3643,22417,2588,42702,5842,2827,3015
59805,46346,3643,22418,2588,42703,5842,2827,3015
59810,46351,3643,22419,2588,42708,5842,2827,3015
59815,46353,3643,22420,2588,42710,5843,2828,3015
59820,46361,3645,22424,2590,42716,5843,2828,3015
59825,46364,3645,22426,2590,42719,5843,2828,3015
59830,46369,3645,22428,2590,42724,5844,2828,3016
59835,46373,3645,22430,2590,42728,5845,2828,3017
59840,46376,3645,22430,2590,42731,5845,2828,3017
59845,46377,3645,22431,2590,42732,5845,2828,3017
59850,46382,3645,22434,2590,42737,5845,2828,3017
59855,46384,3645,22434,2590,42739,5846,2828,3018
59860,46392,3647,22437,2592,42745,5846,2828,3018
59865,46395,3647,22439,2592,42748,5846,2828,3018
59870,46400,3647,22443,2592,42753,5847,2829,3018
59875,46404,3647,22444,2592,42757,5848,2829,3019
59880,46407,3647,22445,2592,42760,5848,2829,3019
59885,46408,3648,22446,2593,42760,5848,2829,3019
59890,46413,3649,22446,2593,42764,5848,2829,3019
59895,46415,3649,22447,2593,42766,5849,2829,3020
59900,46423,3652,22451,2596,42771,5849,2829,3020
59905,46426,3652,22452,2596,42774,5849,2829,3020
59910,46431,3652,22457,2596,42779,5851,2831,3020
59915,46435,3652,22458,2596,42783,5852,2832,3020
59920,46438,3652,22460,2596,42786,5852,2832,3020
59925,46439,3653,22461,2597,42786,5852,2832,3020
59930,46444,3654,22464,2598,42790,5852,2832,3020
59935,46446,3654,22466,2598,42792,5853,2833,3020
59940,46454,3656,22472,2600,42798,5853,2833,3020
59945,46457,3656,22472,2600,42801,5853,2833,3020
59950,46462,3656,22474,2600,42806,5854,2833,3021
59955,46466,3656,22476,2600,42810,5854,2833,3021
59960,46469,3656,22476,2600,42813,5854,2833,3021
59965,46470,3656,22476,2600,42814,5854,2833,3021
59970,46475,3656,22479,2600,42819,5854,2833,3021
59975,46477,3656,22479,2600,42821,5855,2833,3022
59980,46485,3658,22480,2601,42827,5855,2833,3022
59985,46488,3658,22482,2601,42830,5855,2833,3022
59990,46493,3658,22486,2601,42835,5856,2834,3022
59995,46497,3658,22488,2601,42839,5856,2834,3022
60000,46500,3658,22489,2601,42842,5856,2834,3022
60005,46501,3658,22489,2601,42843,5856,2834,3022
60010,46506,3658,22491,2601,42848,5856,2834,3022
60015,46508,3658,22492,2601,42850,5857,2835,3022
60020,46516,3661,22496,2603,42855,5857,2835,3022
60025,46519,3661,22497,2603,42858,5857,2835,3022
60030,46524,3661,22501,2603,42863,5858,2836,3022
60035,46528,3661,22503,2603,42867,5858,2836,3022
60040,46531,3661,22503,2603,42870,5858,2836,3022
60045,46532,3661,22504,2603,42871,5858,2836,3022
60050,46537,3662,22505,2603,42875,5858,2836,3022
60055,46539,3662,22506,2603,42877,5859,2836,3023
60060,46547,3664,22509,2605,42883,5859,2836,3023
60065,46550,3664,22510,2605,42886,5859,2836,3023
60070,46555,3664,22511,2605,42891,5860,2837,3023
60075,46559,3664,22515,2605,42895,5860,2837,3023
60080,46562,3664,22517,2605,42898,5860,2837,3023
60085,46563,3664,22517,2605,42899,5860,2837,3023
60090,46568,3665,22520,2605,42903,5860,2837,3023
60095,46570,3665,22520,2605,42905,5861,2837,3024
60100,46578,3666,22524,2606,42912,5861,2837,3024
60105,46581,3666,22525,2606,42915,5861,2837,3024
60110,46586,3666,22528,2606,42920,5862,2838,3024
60115,46590,3666,22532,2606,42924,5862,2838,3024
60120,46593,3666,22533,2606,42927,5862,2838,3024
60125,46594,3667,22534,2607,42927,5862,2838,3024
60130,46599,3668,22537,2607,42931,5862,2838,3024
60135,46601,3668,22538,2607,42933,5862,2838,3024
60140,46609,3669,22540,2608,42940,5862,2838,3024
60145,46612,3669,22542,2608,42943,5862,2838,3024
60150,46617,3669,22544,2608,42948,5863,2838,3025
60155,46621,3669,22545,2608,42952,5863,2838,3025
60160,46624,3669,22546,2608,42955,5863,2838,3025
60165,46625,3669,22546,2608,42956,5863,2838,3025
60170,46630,3670,22549,2609,42960,5863,2838,3025
60175,46632,3670,22551,2609,42962,5863,2838,3025
60180,46640,3671,22553,2609,42969,5863,2838,3025
60185,46643,3671,22554,2609,42972,5863,2838,3025
60190,46648,3671,22558,2609,42977,5864,2839,3025
60195,46652,3671,22560,2609,42981,5864,2839,3025
60200,46655,3671,22561,2609,42984,5864,2839,3025
60205,46656,3671,22561,2609,42985,5864,2839,3025
60210,46661,3672,22564,2609,42989,5864,2839,3025
60215,46663,3672,22565,2609,42991,5864,2839,3025
60220,46671,3674,22571,2611,42997,5864,2839,3025
60225,46674,3674,22571,2611,43000,5864,2839,3025
60230,46679,3674,22573,2611,43005,5866,2840,3026
60235,46683,3674,22575,2611,43009,5866,2840,3026
60240,46686,3674,22577,2611,43012,5866,2840,3026
60245,46687,3674,22577,2611,43013,5866,2840,3026
60250,46692,3674,22581,2611,43018,5866,2840,3026
60255,46694,3674,22582,2611,43020,5866,2840,3026
60260,46702,3676,22587,2613,43026,5866,2840,3026
60265,46705,3676,22588,2613,43029,5866,2840,3026
60270,46710,3676,22590,2613,43034,5868,2841,3027
60275,46714,3676,22593,2613,43038,5868,2841,3027
60280,46717,3676,22595,2613,43041,5868,2841,3027
60285,46718,3676,22595,2613,43042,5868,2841,3027
60290,46723,3676,22597,2613,43047,5868,2841,3027
60295,46725,3676,22598,2613,43049,5868,2841,3027
60300,46733,3678,22602,2615,43055,5868,2841,3027
60305,46736,3678,22605,2615,43058,5868,2841,3027
60310,46741,3678,22606,2615,43063,5869,2841,3028
60315,46745,3678,22608,2615,43067,5870,2842,3028
60320,46748,3678,22610,2615,43070,5870,2842,3028
60325,46749,3678,22610,2615,43071,5870,2842,3028
60330,46754,3678,22612,2615,43076,5870,2842,3028
60335,46756,3678,22614,2615,43078,5870,2842,3028
60340,46764,3681,22617,2617,43083,5870,2842,3028
60345,46767,3681,22618,2617,43086,5870,2842,3028
60350,46772,3681,22623,2617,43091,5871,2843,3028
60355,46776,3681,22627,2617,43094,5872,2844,3028
60360,46779,3682,22629,2618,43097,5872,2844,3028
60365,46780,3682,22629,2618,43098,5872,2844,3028
60370,46785,3683,22630,2618,43102,5872,2844,3028
60375,46787,3683,22631,2618,43104,5872,2844,3028
60380,46795,3685,22636,2620,43110,5872,2844,3028
60385,46798,3685,22637,2620,43113,5872,2844,3028
60390,46803,3685,22639,2620,43118,5874,2845,3029
60395,46807,3685,22639,2620,43122,5875,2845,3030
60400,46810,3685,22640,2620,43125,5875,2845,3030
60405,46811,3686,22641,2621,43125,5875,2845,3030
60410,46816,3687,22641,2621,43129,5875,2845,3030
60415,46818,3687,22641,2621,43131,5875,2845,3030
60420,46826,3688,22644,2621,43138,5875,2845,3030
60425,46829,3688,22645,2621,43141,5875,2845,3030
60430,46834,3688,22647,2621,43146,5876,2845,3031
60435,46838,3688,22649,2621,43150,5877,2845,3032
60440,46841,3688,22651,2621,43153,5877,2845,3032
60445,46842,3688,22651,2621,43154,5877,2845,3032
60450,46847,3688,22653,2621,43159,5877,2845,3032
60455,46849,3688,22654,2621,43161,5877,2845,3032
60460,46857,3690,22659,2623,43167,5877,2845,3032
60465,46860,3690,22661,2623,43170,5877,2845,3032
60470,46865,3690,22664,2623,43175,5878,2846,3032
60475,46869,3690,22665,2623,43179,5879,2846,3033
60480,46872,3690,22666,2623,43182,5879,2846,3033
60485,46873,3690,22666,2623,43183,5879,2846,3033
60490,46878,3690,22668,2623,43188,5879,2846,3033
60495,46880,3690,22669,2623,43190,5879,2846,3033
60500,46888,3692,22673,2624,43196,5879,2846,3033
60505,46891,3692,22674,2624,43199,5879,2846,3033
60510,46896,3692,22677,2624,43204,5880,2847,3033
60515,46900,3692,22678,2624,43208,5880,2847,3033
60520,46903,3692,22680,2624,43211,5880,2847,3033
60525,46904,3692,22681,2624,43212,5880,2847,3033
60530,46909,3693,22685,2625,43216,5880,2847,3033
60535,46911,3693,22685,2625,43218,5880,2847,3033
60540,46919,3694,22688,2626,43225,5880,2847,3033
60545,46922,3694,22690,2626,43228,5880,2847,3033
60550,46927,3694,22693,2626,43233,5881,2847,3034
60555,46931,3694,22696,2626,43237,5881,2847,3034
60560,46934,3694,22698,2626,43240,5881,2847,3034
60565,46935,3695,22699,2627,43240,5881,2847,3034
60570,46940,3696,22703,2628,43244,5881,2847,3034
60575,46942,3696,22703,2628,43246,5881,2847,3034
60580,46950,3697,22706,2629,43253,5881,2847,3034
60585,46953,3697,22709,2629,43256,5881,2847,3034
60590,46958,3697,22711,2629,43261,5883,2847,3036
60595,46962,3697,22713,2629,43265,5883,2847,3036
60600,46965,3697,22716,2629,43268,5883,2847,3036
60605,46966,3698,22717,2630,43268,5883,2847,3036
60610,46971,3699,22720,2630,43272,5883,2847,3036
60615,46973,3699,22722,2630,43274,5883,2847,3036
60620,46981,3700,22725,2630,43281,5883,2847,3036
60625,46984,3700,22728,2630,43284,5883,2847,3036
60630,46989,3700,22729,2630,43289,5885,2848,3037
60635,46993,3700,22732,2630,43293,5885,2848,3037
60640,46996,3700,22733,2630,43296,5885,2848,3037
60645,46997,3700,22733,2630,43297,5885,2848,3037
60650,47002,3701,22737,2631,43301,5885,2848,3037
60655,47004,3701,22738,2631,43303,5885,2848,3037
60660,47012,3703,22742,2633,43309,5885,2848,3037
60665,47015,3703,22742,2633,43312,5885,2848,3037
60670,47020,3703,22743,2633,43317,5885,2848,3037
60675,47024,3703,22745,2633,43321,5885,2848,3037
60680,47027,3703,22747,2633,43324,5885,2848,3037
60685,47028,3703,22747,2633,43325,5885,2848,3037
60690,47033,3704,22749,2633,43329,5885,2848,3037
60695,47035,3704,22749,2633,43331,5885,2848,3037
60700,47043,3705,22751,2633,43338,5885,2848,3037
60705,47046,3705,22751,2633,43341,5885,2848,3037
60710,47051,3705,22755,2633,43346,5885,2848,3037
60715,47055,3705,22756,2633,43350,5885,2848,3037
60720,47058,3705,22758,2633,43353,5885,2848,3037
60725,47059,3706,22759,2634,43353,5885,2848,3037
60730,47064,3707,22762,2635,43357,5885,2848,3037
60735,47066,3707,22763,2635,43359,5885,2848,3037
60740,47074,3709,22767,2637,43365,5885,2848,3037
60745,47077,3709,22768,2637,43368,5885,2848,3037
60750,47082,3709,22769,2637,43373,5885,2848,3037
60755,47086,3709,22772,2637,43376,5885,2848,3037
60760,47089,3710,22774,2638,43379,5885,2848,3037
60765,47090,3711,22775,2639,43379,5885,2848,3037
60770,47095,3712,22777,2640,43383,5885,2848,3037
60775,47097,3712,22778,2640,43385,5885,2848,3037
60780,47105,3715,22781,2642,43390,5885,2848,3037
60785,47108,3715,22784,2642,43393,5885,2848,3037
60790,47113,3715,22787,2642,43398,5886,2849,3037
60795,47117,3715,22788,2642,43402,5887,2849,3038
60800,47120,3715,22790,2642,43405,5887,2849,3038
60805,47121,3715,22790,2642,43406,5887,2849,3038
60810,47126,3715,22792,2642,43411,5887,2849,3038
60815,47128,3715,22794,2642,43413,5887,2849,3038
60820,47136,3718,22797,2643,43418,5887,2849,3038
60825,47139,3718,22797,2643,43421,5887,2849,3038
60830,47144,3718,22799,2643,43426,5888,2849,3039
60835,47148,3718,22801,2643,43430,5889,2850,3039
60840,47151,3718,22802,2643,43433,5889,2850,3039
60845,47152,3718,22803,2643,43434,5889,2850,3039
60850,47157,3718,22805,2643,43439,5889,2850,3039
60855,47159,3718,22805,2643,43441,5889,2850,3039
60860,47167,3721,22807,2644,43446,5889,2850,3039
60865,47170,3721,22808,2644,43449,5889,2850,3039
60870,47175,3721,22811,2644,43454,5889,2850,3039
60875,47179,3721,22812,2644,43458,5890,2850,3040
60880,47182,3721,22813,2644,43461,5890,2850,3040
60885,47183,3721,22813,2644,43462,5890,2850,3040
60890,47188,3722,22814,2644,43466,5890,2850,3040
60895,47190,3722,22816,2644,43468,5890,2850,3040
60900,47198,3725,22820,2646,43473,5890,2850,3040
60905,47201,3725,22821,2646,43476,5890,2850,3040
60910,47206,3725,22825,2646,43481,5891,2851,3040
60915,47210,3725,22828,2646,43484,5892,2852,3040
60920,47213,3726,22829,2647,43487,5892,2852,3040
60925,47214,3727,22830,2648,43487,5892,2852,3040
60930,47219,3728,22834,2649,43491,5892,2852,3040
60935,47221,3728,22835,2649,43493,5892,2852,3040
60940,47229,3730,22839,2650,43499,5892,2852,3040
60945,47232,3730,22841,2650,43502,5892,2852,3040
60950,47237,3730,22843,2650,43507,5893,2852,3041
60955,47241,3730,22847,2650,43510,5894,2853,3041
60960,47244,3731,22849,2651,43513,5894,2853,3041
60965,47245,3731,22849,2651,43514,5894,2853,3041
60970,47250,3731,22850,2651,43519,5894,2853,3041
60975,47252,3731,22851,2651,43521,5894,2853,3041
60980,47260,3733,22855,2652,43527,5894,2853,3041
60985,47263,3733,22855,2652,43530,5894,2853,3041
60990,47268,3733,22857,2652,43535,5894,2853,3041
60995,47272,3733,22858,2652,43539,5894,2853,3041
61000,47275,3733,22859,2652,43542,5894,2853,3041
61005,47276,3733,22859,2652,43543,5894,2853,3041
61010,47281,3733,22860,2652,43548,5894,2853,3041
61015,47283,3733,22862,2652,43550,5894,2853,3041
61020,47291,3735,22866,2653,43556,5894,2853,3041
61025,47294,3735,22867,2653,43559,5894,2853,3041
61030,47299,3735,22870,2653,43564,5894,2853,3041
61035,47303,3735,22871,2653,43568,5895,2853,3042
61040,47306,3735,22872,2653,43571,5895,2853,3042
61045,47307,3735,22872,2653,43572,5895,2853,3042
61050,47312,3735,22874,2653,43577,5895,2853,3042
61055,47314,3735,22876,2653,43579,5895,2853,3042
61060,47322,3737,22879,2653,43585,5895,2853,3042
61065,47325,3737,22881,2653,43588,5895,2853,3042
61070,47330,3737,22882,2653,43593,5896,2854,3042
61075,47334,3737,22884,2653,43597,5897,2855,3042
61080,47337,3737,22887,2653,43600,5897,2855,3042
61085,47338,3738,22888,2654,43600,5897,2855,3042
61090,47343,3739,22889,2654,43604,5897,2855,3042
61095,47345,3739,22890,2654,43606,5897,2855,3042
61100,47353,3741,22894,2655,43612,5897,2855,3042
61105,47356,3741,22895,2655,43615,5897,2855,3042
61110,47361,3741,22897,2655,43620,5897,2855,3042
61115,47365,3741,22900,2655,43623,5897,2855,3042
61120,47368,3742,22901,2656,43626,5897,2855,3042
61125,47369,3742,22901,2656,43627,5897,2855,3042
61130,47374,3743,22903,2656,43631,5897,2855,3042
61135,47376,3743,22904,2656,43633,5897,2855,3042
61140,47384,3745,22907,2657,43639,5897,2855,3042
61145,47387,3745,22908,2657,43642,5897,2855,3042
61150,47392,3745,22911,2657,43647,5897,2855,3042
61155,47396,3745,22914,2657,43651,5897,2855,3042
61160,47399,3745,22915,2657,43654,5897,2855,3042
61165,47400,3745,22915,2657,43655,5897,2855,3042
61170,47405,3745,22916,2657,43660,5897,2855,3042
61175,47407,3745,22917,2657,43662,5897,2855,3042
61180,47415,3745,22920,2657,43670,5897,2855,3042
61185,47418,3745,22921,2657,43673,5897,2855,3042
61190,47423,3745,22923,2657,43678,5898,2855,3043
61195,47427,3745,22925,2657,43682,5899,2856,3043
61200,47430,3745,22925,2657,43685,5899,2856,3043
61205,47431,3745,22925,2657,43686,5899,2856,3043
61210,47436,3745,22925,2657,43691,5899,2856,3043
61215,47438,3745,22926,2657,43693,5899,2856,3043
61220,47446,3745,22929,2657,43701,5899,2856,3043
61225,47449,3745,22929,2657,43704,5899,2856,3043
61230,47454,3745,22931,2657,43709,5899,2856,3043
61235,47458,3745,22933,2657,43713,5900,2856,3044
61240,47461,3745,22935,2657,43716,5900,2856,3044
61245,47462,3745,22936,2657,43717,5900,2856,3044
61250,47467,3746,22939,2657,43721,5900,2856,3044
61255,47469,3746,22940,2657,43723,5900,2856,3044
61260,47477,3747,22942,2658,43730,5900,2856,3044
61265,47480,3747,22943,2658,43733,5900,2856,3044
61270,47485,3747,22946,2658,43738,5900,2856,3044
61275,47489,3747,22947,2658,43742,5901,2857,3044
61280,47492,3747,22950,2658,43745,5901,2857,3044
61285,47493,3748,22951,2659,43745,5901,2857,3044
61290,47498,3749,22955,2659,43749,5901,2857,3044
61295,47500,3749,22956,2659,43751,5901,2857,3044
61300,47508,3750,22959,2660,43758,5901,2857,3044
61305,47511,3750,22960,2660,43761,5901,2857,3044
61310,47516,3750,22961,2660,43766,5902,2858,3044
61315,47520,3750,22961,2660,43770,5903,2858,3045
61320,47523,3750,22961,2660,43773,5903,2858,3045
61325,47524,3751,22962,2661,43773,5903,2858,3045
61330,47529,3752,22963,2661,43777,5903,2858,3045
61335,47531,3752,22964,2661,43779,5903,2858,3045
61340,47539,3752,22965,2661,43787,5903,2858,3045
61345,47542,3752,22968,2661,43790,5903,2858,3045
61350,47547,3752,22968,2661,43795,5904,2858,3046
61355,47551,3752,22970,2661,43799,5904,2858,3046
61360,47554,3752,22971,2661,43802,5904,2858,3046
61365,47555,3753,22972,2662,43802,5904,2858,3046
61370,47560,3754,22974,2662,43806,5904,2858,3046
61375,47562,3754,22974,2662,43808,5904,2858,3046
61380,47570,3754,22976,2662,43816,5904,2858,3046
61385,47573,3754,22978,2662,43819,5904,2858,3046
61390,47578,3754,22982,2662,43824,5905,2859,3046
61395,47582,3754,22983,2662,43828,5905,2859,3046
61400,47585,3754,22985,2662,43831,5905,2859,3046
61405,47586,3754,22986,2662,43832,5905,2859,3046
61410,47591,3754,22988,2662,43837,5905,2859,3046
61415,47593,3754,22989,2662,43839,5905,2859,3046
61420,47601,3754,22994,2662,43847,5905,2859,3046
61425,47604,3754,22997,2662,43850,5905,2859,3046
61430,47609,3754,22999,2662,43855,5905,2859,3046
61435,47613,3754,23001,2662,43859,5905,2859,3046
61440,47616,3754,23004,2662,43862,5905,2859,3046
61445,47617,3754,23004,2662,43863,5905,2859,3046
61450,47622,3754,23005,2662,43868,5905,2859,3046
61455,47624,3754,23007,2662,43870,5905,2859,3046
61460,47632,3754,23011,2662,43878,5905,2859,3046
61465,47635,3754,23014,2662,43881,5905,2859,3046
61470,47640,3754,23017,2662,43886,5905,2859,3046
61475,47644,3754,23018,2662,43890,5905,2859,3046
61480,47647,3754,23019,2662,43893,5905,2859,3046
61485,47648,3754,23019,2662,43894,5905,2859,3046
61490,47653,3755,23022,2663,43898,5905,2859,3046
61495,47655,3755,23023,2663,43900,5905,2859,3046
61500,47663,3756,23026,2664,43907,5905,2859,3046
61505,47666,3756,23028,2664,43910,5905,2859,3046
61510,47671,3756,23029,2664,43915,5906,2859,3047
61515,47675,3756,23032,2664,43918,5907,2860,3047
61520,47678,3757,23035,2665,43921,5907,2860,3047
61525,47679,3758,23036,2666,43921,5907,2860,3047
61530,47684,3759,23039,2667,43925,5907,2860,3047
61535,47686,3759,23040,2667,43927,5907,2860,3047
61540,47694,3760,23044,2668,43934,5907,2860,3047
61545,47697,3760,23045,2668,43937,5907,2860,3047
61550,47702,3760,23048,2668,43942,5908,2860,3048
61555,47706,3760,23051,2668,43945,5909,2860,3049
61560,47709,3761,23052,2669,43948,5909,2860,3049
61565,47710,3761,23053,2669,43949,5909,2860,3049
61570,47715,3761,23057,2669,43954,5909,2860,3049
61575,47717,3761,23058,2669,43956,5909,2860,3049
61580,47725,3761,23062,2669,43964,5909,2860,3049
61585,47728,3761,23065,2669,43967,5909,2860,3049
61590,47733,3761,23068,2669,43972,5909,2860,3049
61595,47737,3761,23070,2669,43976,5909,2860,3049
61600,47740,3761,23071,2669,43979,5909,2860,3049
61605,47741,3761,23072,2669,43980,5909,2860,3049
61610,47746,3761,23076,2669,43985,5909,2860,3049
61615,47748,3761,23077,2669,43987,5909,2860,3049
61620,47756,3761,23081,2669,43995,5909,2860,3049
61625,47759,3761,23083,2669,43998,5909,2860,3049
61630,47764,3761,23086,2669,44003,5910,2861,3049
61635,47768,3761,23087,2669,44007,5910,2861,3049
61640,47771,3761,23089,2669,44010,5910,2861,3049
61645,47772,3761,23089,2669,44011,5910,2861,3049
61650,47777,3761,23092,2669,44016,5910,2861,3049
61655,47779,3761,23093,2669,44018,5910,2861,3049
61660,47787,3761,23096,2669,44026,5910,2861,3049
61665,47790,3761,23097,2669,44029,5910,2861,3049
61670,47795,3761,23101,2669,44034,5911,2862,3049
61675,47799,3761,23104,2669,44037,5912,2863,3049
61680,47802,3762,23105,2670,44040,5912,2863,3049
61685,47803,3763,23106,2671,44040,5912,2863,3049
61690,47808,3764,23108,2672,44044,5912,2863,3049
61695,47810,3764,23109,2672,44046,5912,2863,3049
61700,47818,3765,23112,2673,44053,5912,2863,3049
61705,47821,3765,23114,2673,44056,5912,2863,3049
61710,47826,3765,23117,2673,44061,5912,2863,3049
61715,47830,3765,23120,2673,44065,5913,2863,3050
61720,47833,3765,23122,2673,44068,5913,2863,3050
61725,47834,3766,23123,2674,44068,5913,2863,3050
61730,47839,3767,23125,2674,44072,5913,2863,3050
61735,47841,3767,23126,2674,44074,5913,2863,3050
61740,47849,3768,23130,2675,44081,5913,2863,3050
61745,47852,3768,23131,2675,44084,5913,2863,3050
61750,47857,3768,23133,2675,44089,5913,2863,3050
61755,47861,3768,23135,2675,44093,5914,2863,3051
61760,47864,3768,23137,2675,44096,5914,2863,3051
61765,47865,3769,23138,2676,44096,5914,2863,3051
61770,47870,3770,23139,2676,44100,5914,2863,3051
61775,47872,3770,23140,2676,44102,5914,2863,3051
61780,47880,3770,23143,2676,44110,5914,2863,3051
61785,47883,3770,23143,2676,44113,5914,2863,3051
61790,47888,3770,23144,2676,44118,5915,2863,3052
61795,47892,3770,23145,2676,44122,5915,2863,3052
61800,47895,3770,23146,2676,44125,5915,2863,3052
61805,47896,3770,23146,2676,44126,5915,2863,3052
61810,47901,3770,23148,2676,44131,5915,2863,3052
61815,47903,3770,23149,2676,44133,5915,2863,3052
61820,47911,3770,23149,2676,44141,5915,2863,3052
61825,47914,3770,23150,2676,44144,5915,2863,3052
61830,47919,3770,23153,2676,44149,5916,2864,3052
61835,47923,3770,23156,2676,44153,5916,2864,3052
61840,47926,3770,23157,2676,44156,5916,2864,3052
61845,47927,3770,23157,2676,44157,5916,2864,3052
61850,47932,3770,23159,2676,44162,5916,2864,3052
61855,47934,3770,23160,2676,44164,5916,2864,3052
61860,47942,3770,23166,2676,44172,5916,2864,3052
61865,47945,3770,23167,2676,44175,5916,2864,3052
61870,47950,3770,23170,2676,44180,5917,2865,3052
61875,47954,3770,23172,2676,44184,5918,2865,3053
61880,47957,3770,23174,2676,44187,5918,2865,3053
61885,47958,3770,23174,2676,44188,5918,2865,3053
61890,47963,3770,23177,2676,44193,5918,2865,3053
61895,47965,3770,23178,2676,44195,5918,2865,3053
61900,47973,3770,23180,2676,44203,5918,2865,3053
61905,47976,3770,23181,2676,44206,5918,2865,3053
61910,47981,3770,23184,2676,44211,5918,2865,3053
61915,47985,3770,23186,2676,44214,5919,2866,3053
61920,47988,3771,23188,2677,44217,5919,2866,3053
61925,47989,3772,23189,2678,44217,5919,2866,3053
61930,47994,3773,23192,2679,44221,5919,2866,3053
61935,47996,3773,23192,2679,44223,5919,2866,3053
61940,48004,3774,23195,2680,44230,5919,2866,3053
61945,48007,3774,23196,2680,44233,5919,2866,3053
61950,48012,3774,23200,2680,44238,5919,2866,3053
61955,48016,3774,23202,2680,44241,5920,2867,3053
61960,48019,3775,23203,2681,44244,5920,2867,3053
61965,48020,3776,23204,2682,44244,5920,2867,3053
61970,48025,3777,23206,2683,44248,5920,2867,3053
61975,48027,3777,23206,2683,44250,5920,2867,3053
61980,48035,3777,23209,2683,44258,5920,2867,3053
61985,48038,3777,23212,2683,44261,5920,2867,3053
61990,48043,3777,23216,2683,44266,5920,2867,3053
61995,48047,3777,23217,2683,44270,5920,2867,3053
62000,48050,3777,23219,2683,44273,5920,2867,3053
62005,48051,3777,23219,2683,44274,5920,2867,3053
62010,48056,3777,23222,2683,44279,5920,2867,3053
62015,48058,3777,23224,2683,44281,5920,2867,3053
62020,48066,3777,23226,2683,44289,5920,2867,3053
62025,48069,3777,23228,2683,44292,5920,2867,3053
62030,48074,3777,23231,2683,44297,5920,2867,3053
62035,48078,3777,23232,2683,44301,5920,2867,3053
62040,48081,3777,23234,2683,44304,5920,2867,3053
62045,48082,3777,23235,2683,44305,5920,2867,3053
62050,48087,3777,23235,2683,44310,5920,2867,3053
62055,48089,3777,23235,2683,44312,5920,2867,3053
62060,48097,3777,23241,2683,44320,5920,2867,3053
62065,48100,3777,23243,2683,44323,5920,2867,3053
62070,48105,3777,23246,2683,44328,5920,2867,3053
62075,48109,3777,23246,2683,44332,5920,2867,3053
62080,48112,3777,23249,2683,44335,5920,2867,3053
62085,48113,3777,23249,2683,44336,5920,2867,3053
62090,48118,3778,23252,2684,44340,5920,2867,3053
62095,48120,3778,23253,2684,44342,5920,2867,3053
62100,48128,3778,23256,2684,44350,5920,2867,3053
62105,48131,3778,23259,2684,44353,5920,2867,3053
62110,48136,3778,23262,2684,44358,5921,2868,3053
62115,48140,3778,23265,2684,44362,5922,2869,3053
62120,48143,3778,23266,2684,44365,5922,2869,3053
62125,48144,3779,23267,2685,44365,5922,2869,3053
62130,48149,3780,23271,2686,44369,5922,2869,3053
62135,48151,3780,23272,2686,44371,5922,2869,3053
62140,48159,3780,23277,2686,44379,5922,2869,3053
62145,48162,3780,23277,2686,44382,5922,2869,3053
62150,48167,3780,23281,2686,44387,5923,2869,3054
62155,48171,3780,23285,2686,44391,5924,2870,3054
62160,48174,3780,23286,2686,44394,5924,2870,3054
62165,48175,3781,23287,2687,44394,5924,2870,3054
62170,48180,3782,23289,2687,44398,5924,2870,3054
62175,48182,3782,23290,2687,44400,5924,2870,3054
62180,48190,3783,23291,2688,44407,5924,2870,3054
62185,48193,3783,23293,2688,44410,5924,2870,3054
62190,48198,3783,23295,2688,44415,5924,2870,3054
62195,48202,3783,23296,2688,44419,5924,2870,3054
62200,48205,3783,23296,2688,44422,5924,2870,3054
62205,48206,3784,23297,2689,44422,5924,2870,3054
62210,48211,3785,23297,2689,44426,5924,2870,3054
62215,48213,3785,23299,2689,44428,5924,2870,3054
62220,48221,3785,23302,2689,44436,5924,2870,3054
62225,48224,3785,23302,2689,44439,5924,2870,3054
62230,48229,3785,23304,2689,44444,5924,2870,3054
62235,48233,3785,23306,2689,44448,5924,2870,3054
62240,48236,3785,23307,2689,44451,5924,2870,3054
62245,48237,3785,23308,2689,44452,5924,2870,3054
62250,48242,3785,23313,2689,44457,5924,2870,3054
62255,48244,3785,23314,2689,44459,5924,2870,3054
62260,48252,3785,23317,2689,44467,5924,2870,3054
62265,48255,3785,23318,2689,44470,5924,2870,3054
62270,48260,3785,23322,2689,44475,5925,2871,3054
62275,48264,3785,23323,2689,44479,5925,2871,3054
62280,48267,3785,23324,2689,44482,5925,2871,3054
62285,48268,3785,23325,2689,44483,5925,2871,3054
62290,48273,3785,23329,2689,44488,5925,2871,3054
62295,48275,3785,23330,2689,44490,5925,2871,3054
62300,48283,3785,23333,2689,44498,5925,2871,3054
62305,48286,3785,23335,2689,44501,5925,2871,3054
62310,48291,3785,23337,2689,44506,5925,2871,3054
62315,48295,3785,23338,2689,44510,5925,2871,3054
62320,48298,3785,23340,2689,44513,5925,2871,3054
62325,48299,3785,23341,2689,44514,5925,2871,3054
62330,48304,3786,23342,2689,44518,5925,2871,3054
62335,48306,3786,23343,2689,44520,5925,2871,3054
62340,48314,3787,23348,2690,44527,5925,2871,3054
62345,48317,3787,23350,2690,44530,5925,2871,3054
62350,48322,3787,23352,2690,44535,5925,2871,3054
62355,48326,3787,23353,2690,44539,5925,2871,3054
62360,48329,3787,23355,2690,44542,5925,2871,3054
62365,48330,3788,23356,2691,44542,5925,2871,3054
62370,48335,3789,23357,2691,44546,5925,2871,3054
62375,48337,3789,23358,2691,44548,5925,2871,3054
62380,48345,3790,23364,2692,44555,5925,2871,3054
62385,48348,3790,23365,2692,44558,5925,2871,3054
62390,48353,3790,23369,2692,44563,5925,2871,3054
62395,48357,3790,23371,2692,44567,5926,2872,3054
62400,48360,3790,23372,2692,44570,5926,2872,3054
62405,48361,3790,23373,2692,44571,5926,2872,3054
62410,48366,3790,23374,2692,44576,5926,2872,3054
62415,48368,3790,23374,2692,44578,5926,2872,3054
62420,48376,3790,23376,2692,44586,5926,2872,3054
62425,48379,3790,23377,2692,44589,5926,2872,3054
62430,48384,3790,23380,2692,44594,5927,2873,3054
62435,48388,3790,23381,2692,44598,5928,2874,3054
62440,48391,3790,23382,2692,44601,5928,2874,3054
62445,48392,3790,23382,2692,44602,5928,2874,3054
62450,48397,3790,23385,2692,44607,5928,2874,3054
62455,48399,3790,23385,2692,44609,5928,2874,3054
62460,48407,3790,23389,2692,44617,5928,2874,3054
62465,48410,3790,23389,2692,44620,5928,2874,3054
62470,48415,3790,23390,2692,44625,5929,2875,3054
62475,48419,3790,23394,2692,44629,5929,2875,3054
62480,48422,3790,23396,2692,44632,5929,2875,3054
62485,48423,3790,23397,2692,44633,5929,2875,3054
62490,48428,3790,23399,2692,44638,5929,2875,3054
62495,48430,3790,23399,2692,44640,5929,2875,3054
62500,48438,3790,23404,2692,44648,5929,2875,3054
62505,48441,3790,23405,2692,44651,5929,2875,3054
62510,48446,3790,23408,2692,44656,5929,2875,3054
62515,48450,3790,23411,2692,44660,5929,2875,3054
62520,48453,3790,23411,2692,44663,5929,2875,3054
62525,48454,3791,23412,2693,44663,5929,2875,3054
62530,48459,3792,23415,2694,44667,5929,2875,3054
62535,48461,3792,23416,2694,44669,5929,2875,3054
62540,48469,3792,23420,2694,44677,5929,2875,3054
62545,48472,3792,23422,2694,44680,5929,2875,3054
62550,48477,3792,23424,2694,44685,5930,2875,3055
62555,48481,3792,23426,2694,44689,5930,2875,3055
62560,48484,3792,23428,2694,44692,5930,2875,3055
62565,48485,3792,23428,2694,44693,5930,2875,3055
62570,48490,3793,23431,2695,44697,5930,2875,3055
62575,48492,3793,23432,2695,44699,5930,2875,3055
62580,48500,3794,23436,2696,44706,5930,2875,3055
62585,48503,3794,23437,2696,44709,5930,2875,3055
62590,48508,3794,23439,2696,44714,5930,2875,3055
62595,48512,3794,23442,2696,44718,5930,2875,3055
62600,48515,3794,23443,2696,44721,5930,2875,3055
62605,48516,3794,23443,2696,44722,5930,2875,3055
62610,48521,3794,23446,2696,44727,5930,2875,3055
62615,48523,3794,23447,2696,44729,5930,2875,3055
62620,48531,3794,23451,2696,44737,5930,2875,3055
62625,48534,3794,23453,2696,44740,5930,2875,3055
62630,48539,3794,23456,2696,44745,5930,2875,3055
62635,48543,3794,23458,2696,44749,5930,2875,3055
62640,48546,3794,23460,2696,44752,5930,2875,3055
62645,48547,3794,23460,2696,44753,5930,2875,3055
62650,48552,3794,23462,2696,44758,5930,2875,3055
62655,48554,3794,23464,2696,44760,5930,2875,3055
62660,48562,3794,23467,2696,44768,5930,2875,3055
62665,48565,3794,23470,2696,44771,5930,2875,3055
62670,48570,3794,23471,2696,44776,5931,2875,3056
62675,48574,3794,23471,2696,44780,5931,2875,3056
62680,48577,3794,23472,2696,44783,5931,2875,3056
62685,48578,3794,23473,2696,44784,5931,2875,3056
62690,48583,3795,23473,2696,44788,5931,2875,3056
62695,48585,3795,23474,2696,44790,5931,2875,3056
62700,48593,3796,23477,2697,44797,5931,2875,3056
62705,48596,3796,23479,2697,44800,5931,2875,3056
62710,48601,3796,23482,2697,44805,5932,2876,3056
62715,48605,3796,23482,2697,44809,5933,2876,3057
62720,48608,3796,23483,2697,44812,5933,2876,3057
62725,48609,3796,23483,2697,44813,5933,2876,3057
62730,48614,3797,23487,2698,44817,5933,2876,3057
62735,48616,3797,23489,2698,44819,5933,2876,3057
62740,48624,3797,23493,2698,44827,5933,2876,3057
62745,48627,3797,23494,2698,44830,5933,2876,3057
62750,48632,3797,23496,2698,44835,5933,2876,3057
62755,48636,3797,23500,2698,44839,5934,2877,3057
62760,48639,3797,23501,2698,44842,5934,2877,3057
62765,48640,3797,23501,2698,44843,5934,2877,3057
62770,48645,3798,23505,2698,44847,5934,2877,3057
62775,48647,3798,23505,2698,44849,5934,2877,3057
62780,48655,3799,23509,2699,44856,5934,2877,3057
62785,48658,3799,23511,2699,44859,5934,2877,3057
62790,48663,3799,23513,2699,44864,5934,2877,3057
62795,48667,3799,23514,2699,44868,5935,2877,3058
62800,48670,3799,23516,2699,44871,5935,2877,3058
62805,48671,3799,23516,2699,44872,5935,2877,3058
62810,48676,3800,23520,2700,44876,5935,2877,3058
62815,48678,3800,23522,2700,44878,5935,2877,3058
62820,48686,3801,23527,2701,44885,5935,2877,3058
62825,48689,3801,23527,2701,44888,5935,2877,3058
62830,48694,3801,23530,2701,44893,5936,2878,3058
62835,48698,3801,23531,2701,44897,5936,2878,3058
62840,48701,3801,23534,2701,44900,5936,2878,3058
62845,48702,3801,23534,2701,44901,5936,2878,3058
62850,48707,3802,23536,2702,44905,5936,2878,3058
62855,48709,3802,23537,2702,44907,5936,2878,3058
62860,48717,3802,23541,2702,44915,5936,2878,3058
62865,48720,3802,23542,2702,44918,5936,2878,3058
62870,48725,3802,23545,2702,44923,5937,2878,3059
62875,48729,3802,23547,2702,44927,5937,2878,3059
62880,48732,3802,23550,2702,44930,5937,2878,3059
62885,48733,3803,23551,2703,44930,5937,2878,3059
62890,48738,3804,23554,2703,44934,5937,2878,3059
62895,48740,3804,23555,2703,44936,5937,2878,3059
62900,48748,3805,23560,2704,44943,5937,2878,3059
62905,48751,3805,23561,2704,44946,5937,2878,3059
62910,48756,3805,23563,2704,44951,5937,2878,3059
62915,48760,3805,23564,2704,44955,5938,2878,3060
62920,48763,3805,23566,2704,44958,5938,2878,3060
62925,48764,3805,23566,2704,44959,5938,2878,3060
62930,48769,3806,23570,2705,44963,5938,2878,3060
62935,48771,3806,23570,2705,44965,5938,2878,3060
62940,48779,3806,23574,2705,44973,5938,2878,3060
62945,48782,3806,23576,2705,44976,5938,2878,3060
62950,48787,3806,23577,2705,44981,5938,2878,3060
62955,48791,3806,23579,2705,44985,5938,2878,3060
62960,48794,3806,23579,2705,44988,5938,2878,3060
62965,48795,3807,23580,2706,44988,5938,2878,3060
62970,48800,3808,23580,2706,44992,5938,2878,3060
62975,48802,3808,23581,2706,44994,5938,2878,3060
62980,48810,3808,23584,2706,45002,5938,2878,3060
62985,48813,3808,23586,2706,45005,5938,2878,3060
62990,48818,3808,23589,2706,45010,5939,2879,3060
62995,48822,3808,23591,2706,45014,5939,2879,3060
63000,48825,3808,23594,2706,45017,5939,2879,3060
63005,48826,3808,23594,2706,45018,5939,2879,3060
63010,48831,3809,23598,2706,45022,5939,2879,3060
63015,48833,3809,23599,2706,45024,5939,2879,3060
63020,48841,3809,23602,2706,45032,5939,2879,3060
63025,48844,3809,23604,2706,45035,5939,2879,3060
63030,48849,3809,23605,2706,45040,5940,2880,3060
63035,48853,3809,23607,2706,45044,5941,2881,3060
63040,48856,3809,23607,2706,45047,5941,2881,3060
63045,48857,3809,23607,2706,45048,5941,2881,3060
63050,48862,3810,23608,2706,45052,5941,2881,3060
63055,48864,3810,23608,2706,45054,5941,2881,3060
63060,48872,3810,23610,2706,45062,5941,2881,3060
63065,48875,3810,23611,2706,45065,5941,2881,3060
63070,48880,3810,23613,2706,45070,5941,2881,3060
63075,48884,3810,23616,2706,45074,5942,2881,3061
63080,48887,3810,23617,2706,45077,5942,2881,3061
63085,48888,3810,23617,2706,45078,5942,2881,3061
63090,48893,3811,23619,2706,45082,5942,2881,3061
63095,48895,3811,23619,2706,45084,5942,2881,3061
63100,48903,3811,23623,2706,45092,5942,2881,3061
63105,48906,3811,23623,2706,45095,5942,2881,3061
63110,48911,3811,23624,2706,45100,5942,2881,3061
63115,48915,3811,23627,2706,45104,5943,2882,3061
63120,48918,3811,23628,2706,45107,5943,2882,3061
63125,48919,3811,23628,2706,45108,5943,2882,3061
63130,48924,3812,23630,2706,45112,5943,2882,3061
63135,48926,3812,23631,2706,45114,5943,2882,3061
63140,48934,3813,23638,2707,45121,5943,2882,3061
63145,48937,3813,23640,2707,45124,5943,2882,3061
63150,48942,3813,23641,2707,45129,5944,2882,3062
63155,48946,3813,23642,2707,45133,5944,2882,3062
63160,48949,3813,23642,2707,45136,5944,2882,3062
63165,48950,3814,23643,2708,45136,5944,2882,3062
63170,48955,3815,23647,2709,45140,5944,2882,3062
63175,48957,3815,23649,2709,45142,5944,2882,3062
63180,48965,3816,23651,2710,45149,5944,2882,3062
63185,48968,3816,23653,2710,45152,5944,2882,3062
63190,48973,3816,23654,2710,45157,5944,2882,3062
63195,48977,3816,23656,2710,45161,5945,2882,3063
63200,48980,3816,23656,2710,45164,5945,2882,3063
63205,48981,3816,23656,2710,45165,5945,2882,3063
63210,48986,3816,23657,2710,45170,5945,2882,3063
63215,48988,3816,23657,2710,45172,5945,2882,3063
63220,48996,3816,23661,2710,45180,5945,2882,3063
63225,48999,3816,23662,2710,45183,5945,2882,3063
63230,49004,3816,23665,2710,45188,5945,2882,3063
63235,49008,3816,23669,2710,45192,5946,2883,3063
63240,49011,3816,23672,2710,45195,5946,2883,3063
63245,49012,3816,23673,2710,45196,5946,2883,3063
63250,49017,3816,23677,2710,45201,5946,2883,3063
63255,49019,3816,23679,2710,45203,5946,2883,3063
63260,49027,3816,23681,2710,45211,5946,2883,3063
63265,49030,3816,23683,2710,45214,5946,2883,3063
63270,49035,3816,23685,2710,45219,5946,2883,3063
63275,49039,3816,23686,2710,45223,5947,2883,3064
63280,49042,3816,23688,2710,45226,5947,2883,3064
63285,49043,3816,23688,2710,45227,5947,2883,3064
63290,49048,3817,23693,2711,45231,5947,2883,3064
63295,49050,3817,23694,2711,45233,5947,2883,3064
63300,49058,3817,23700,2711,45241,5947,2883,3064
63305,49061,3817,23702,2711,45244,5947,2883,3064
63310,49066,3817,23704,2711,45249,5948,2884,3064
63315,49070,3817,23705,2711,45253,5948,2884,3064
63320,49073,3817,23706,2711,45256,5948,2884,3064
63325,49074,3817,23706,2711,45257,5948,2884,3064
63330,49079,3818,23709,2711,45261,5948,2884,3064
63335,49081,3818,23710,2711,45263,5948,2884,3064
63340,49089,3819,23715,2712,45270,5948,2884,3064
63345,49092,3819,23716,2712,45273,5948,2884,3064
63350,49097,3819,23720,2712,45278,5948,2884,3064
63355,49101,3819,23723,2712,45282,5948,2884,3064
63360,49104,3819,23725,2712,45285,5948,2884,3064
63365,49105,3819,23725,2712,45286,5948,2884,3064
63370,49110,3820,23727,2713,45290,5948,2884,3064
63375,49112,3820,23729,2713,45292,5948,2884,3064
63380,49120,3820,23733,2713,45300,5948,2884,3064
63385,49123,3820,23734,2713,45303,5948,2884,3064
63390,49128,3820,23737,2713,45308,5948,2884,3064
63395,49132,3820,23739,2713,45312,5949,2884,3065
63400,49135,3820,23740,2713,45315,5949,2884,3065
63405,49136,3821,23741,2714,45315,5949,2884,3065
63410,49141,3822,23743,2714,45319,5949,2884,3065
63415,49143,3822,23743,2714,45321,5949,2884,3065
63420,49151,3823,23748,2715,45328,5949,2884,3065
63425,49154,3823,23749,2715,45331,5949,2884,3065
63430,49159,3823,23753,2715,45336,5950,2885,3065
63435,49163,3823,23757,2715,45340,5950,2885,3065
63440,49166,3823,23760,2715,45343,5950,2885,3065
63445,49167,3824,23761,2716,45343,5950,2885,3065
63450,49172,3825,23762,2716,45347,5950,2885,3065
63455,49174,3825,23762,2716,45349,5950,2885,3065
63460,49182,3825,23764,2716,45357,5950,2885,3065
63465,49185,3825,23766,2716,45360,5950,2885,3065
63470,49190,3825,23769,2716,45365,5951,2885,3066
63475,49194,3825,23770,2716,45369,5951,2885,3066
63480,49197,3825,23770,2716,45372,5951,2885,3066
63485,49198,3825,23770,2716,45373,5951,2885,3066
63490,49203,3826,23772,2716,45377,5951,2885,3066
63495,49205,3826,23774,2716,45379,5951,2885,3066
63500,49213,3826,23776,2716,45387,5951,2885,3066
63505,49216,3826,23777,2716,45390,5951,2885,3066
63510,49221,3826,23781,2716,45395,5951,2885,3066
63515,49225,3826,23784,2716,45399,5952,2886,3066
63520,49228,3826,23786,2716,45402,5952,2886,3066
63525,49229,3826,23786,2716,45403,5952,2886,3066
63530,49234,3827,23790,2717,45407,5952,2886,3066
63535,49236,3827,23792,2717,45409,5952,2886,3066
63540,49244,3827,23796,2717,45417,5952,2886,3066
63545,49247,3827,23796,2717,45420,5952,2886,3066
63550,49252,3827,23797,2717,45425,5952,2886,3066
63555,49256,3827,23799,2717,45429,5953,2887,3066
63560,49259,3827,23802,2717,45432,5953,2887,3066
63565,49260,3828,23803,2718,45432,5953,2887,3066
63570,49265,3829,23806,2719,45436,5953,2887,3066
63575,49267,3829,23806,2719,45438,5953,2887,3066
63580,49275,3830,23811,2720,45445,5953,2887,3066
63585,49278,3830,23812,2720,45448,5953,2887,3066
63590,49283,3830,23815,2720,45453,5954,2888,3066
63595,49287,3830,23816,2720,45457,5954,2888,3066
63600,49290,3830,23817,2720,45460,5954,2888,3066
63605,49291,3830,23817,2720,45461,5954,2888,3066
63610,49296,3831,23820,2721,45465,5954,2888,3066
63615,49298,3831,23820,2721,45467,5954,2888,3066
63620,49306,3831,23823,2721,45475,5954,2888,3066
63625,49309,3831,23825,2721,45478,5954,2888,3066
63630,49314,3831,23827,2721,45483,5955,2889,3066
63635,49318,3831,23828,2721,45487,5956,2889,3067
63640,49321,3831,23830,2721,45490,5956,2889,3067
63645,49322,3832,23831,2722,45490,5956,2889,3067
63650,49327,3833,23833,2722,45494,5956,2889,3067
63655,49329,3833,23833,2722,45496,5956,2889,3067
63660,49337,3834,23835,2723,45503,5956,2889,3067
63665,49340,3834,23837,2723,45506,5956,2889,3067
63670,49345,3834,23839,2723,45511,5956,2889,3067
63675,49349,3834,23840,2723,45515,5956,2889,3067
63680,49352,3834,23842,2723,45518,5956,2889,3067
63685,49353,3834,23842,2723,45519,5956,2889,3067
63690,49358,3835,23845,2724,45523,5956,2889,3067
63695,49360,3835,23847,2724,45525,5956,2889,3067
63700,49368,3835,23850,2724,45533,5956,2889,3067
63705,49371,3835,23852,2724,45536,5956,2889,3067
63710,49376,3835,23855,2724,45541,5956,2889,3067
63715,49380,3835,23858,2724,45545,5956,2889,3067
63720,49383,3835,23860,2724,45548,5956,2889,3067
63725,49384,3835,23860,2724,45549,5956,2889,3067
63730,49389,3836,23864,2725,45553,5956,2889,3067
63735,49391,3836,23864,2725,45555,5956,2889,3067
63740,49399,3837,23869,2726,45562,5956,2889,3067
63745,49402,3837,23869,2726,45565,5956,2889,3067
63750,49407,3837,23873,2726,45570,5956,2889,3067
63755,49411,3837,23876,2726,45574,5956,2889,3067
63760,49414,3837,23876,2726,45577,5956,2889,3067
63765,49415,3838,23877,2727,45577,5956,2889,3067
63770,49420,3839,23881,2728,45581,5956,2889,3067
63775,49422,3839,23883,2728,45583,5956,2889,3067
63780,49430,3839,23884,2728,45591,5956,2889,3067
63785,49433,3839,23886,2728,45594,5956,2889,3067
63790,49438,3839,23888,2728,45599,5956,2889,3067
63795,49442,3839,23890,2728,45603,5956,2889,3067
63800,49445,3839,23892,2728,45606,5956,2889,3067
63805,49446,3840,23893,2729,45606,5956,2889,3067
63810,49451,3841,23894,2729,45610,5956,2889,3067
63815,49453,3841,23895,2729,45612,5956,2889,3067
63820,49461,3841,23899,2729,45620,5956,2889,3067
63825,49464,3841,23901,2729,45623,5956,2889,3067
63830,49469,3841,23902,2729,45628,5956,2889,3067
63835,49473,3841,23903,2729,45632,5956,2889,3067
63840,49476,3841,23904,2729,45635,5956,2889,3067
63845,49477,3841,23904,2729,45636,5956,2889,3067
63850,49482,3842,23908,2730,45640,5956,2889,3067
63855,49484,3842,23909,2730,45642,5956,2889,3067
63860,49492,3843,23912,2731,45649,5956,2889,3067
63865,49495,3843,23913,2731,45652,5956,2889,3067
63870,49500,3843,23916,2731,45657,5956,2889,3067
63875,49504,3843,23918,2731,45661,5956,2889,3067
63880,49507,3843,23920,2731,45664,5956,2889,3067
63885,49508,3844,23921,2732,45664,5956,2889,3067
63890,49513,3845,23923,2732,45668,5956,2889,3067
63895,49515,3845,23923,2732,45670,5956,2889,3067
63900,49523,3845,23928,2732,45678,5956,2889,3067
63905,49526,3845,23930,2732,45681,5956,2889,3067
63910,49531,3845,23930,2732,45686,5957,2889,3068
63915,49535,3845,23931,2732,45690,5958,2889,3069
63920,49538,3845,23932,2732,45693,5958,2889,3069
63925,49539,3846,23933,2733,45693,5958,2889,3069
63930,49544,3847,23937,2734,45697,5958,2889,3069
63935,49546,3847,23939,2734,45699,5958,2889,3069
63940,49554,3848,23942,2735,45706,5958,2889,3069
63945,49557,3848,23944,2735,45709,5958,2889,3069
63950,49562,3848,23945,2735,45714,5959,2890,3069
63955,49566,3848,23947,2735,45718,5960,2890,3070
63960,49569,3848,23948,2735,45721,5960,2890,3070
63965,49570,3848,23948,2735,45722,5960,2890,3070
63970,49575,3849,23950,2735,45726,5960,2890,3070
63975,49577,3849,23950,2735,45728,5960,2890,3070
63980,49585,3849,23954,2735,45736,5960,2890,3070
63985,49588,3849,23955,2735,45739,5960,2890,3070
63990,49593,3849,23959,2735,45744,5960,2890,3070
63995,49597,3849,23963,2735,45748,5960,2890,3070
64000,49600,3849,23965,2735,45751,5960,2890,3070
64005,49601,3849,23965,2735,45752,5960,2890,3070
64010,49606,3850,23968,2735,45756,5960,2890,3070
64015,49608,3850,23969,2735,45758,5960,2890,3070
64020,49616,3851,23971,2736,45765,5960,2890,3070
64025,49619,3851,23972,2736,45768,5960,2890,3070
64030,49624,3851,23976,2736,45773,5960,2890,3070
64035,49628,3851,23977,2736,45777,5961,2891,3070
64040,49631,3851,23979,2736,45780,5961,2891,3070
64045,49632,3852,23980,2737,45780,5961,2891,3070
64050,49637,3853,23982,2738,45784,5961,2891,3070
64055,49639,3853,23982,2738,45786,5961,2891,3070
64060,49647,3854,23985,2739,45793,5961,2891,3070
64065,49650,3854,23987,2739,45796,5961,2891,3070
64070,49655,3854,23991,2739,45801,5962,2892,3070
64075,49659,3854,23992,2739,45805,5963,2893,3070
64080,49662,3854,23993,2739,45808,5963,2893,3070
64085,49663,3855,23994,2740,45808,5963,2893,3070
64090,49668,3856,23998,2741,45812,5963,2893,3070
64095,49670,3856,23999,2741,45814,5963,2893,3070
64100,49678,3856,24004,2741,45822,5963,2893,3070
64105,49681,3856,24006,2741,45825,5963,2893,3070
64110,49686,3856,24008,2741,45830,5964,2893,3071
64115,49690,3856,24010,2741,45834,5964,2893,3071
64120,49693,3856,24012,2741,45837,5964,2893,3071
64125,49694,3857,24013,2742,45837,5964,2893,3071
64130,49699,3858,24015,2742,45841,5964,2893,3071
64135,49701,3858,24017,2742,45843,5964,2893,3071
64140,49709,3859,24022,2743,45850,5964,2893,3071
64145,49712,3859,24023,2743,45853,5964,2893,3071
64150,49717,3859,24024,2743,45858,5964,2893,3071
64155,49721,3859,24026,2743,45862,5964,2893,3071
64160,49724,3859,24028,2743,45865,5964,2893,3071
64165,49725,3859,24028,2743,45866,5964,2893,3071
64170,49730,3860,24030,2743,45870,5964,2893,3071
64175,49732,3860,24031,2743,45872,5964,2893,3071
64180,49740,3861,24035,2744,45879,5964,2893,3071
64185,49743,3861,24036,2744,45882,5964,2893,3071
64190,49748,3861,24038,2744,45887,5964,2893,3071
64195,49752,3861,24040,2744,45891,5965,2893,3072
64200,49755,3861,24040,2744,45894,5965,2893,3072
64205,49756,3861,24040,2744,45895,5965,2893,3072
64210,49761,3862,24042,2744,45899,5965,2893,3072
64215,49763,3862,24044,2744,45901,5965,2893,3072
64220,49771,3862,24045,2744,45909,5965,2893,3072
64225,49774,3862,24048,2744,45912,5965,2893,3072
64230,49779,3862,24050,2744,45917,5966,2893,3073
64235,49783,3862,24053,2744,45921,5967,2893,3074
64240,49786,3862,24054,2744,45924,5967,2893,3074
64245,49787,3863,24055,2745,45924,5967,2893,3074
64250,49792,3864,24058,2746,45928,5967,2893,3074
64255,49794,3864,24059,2746,45930,5967,2893,3074
64260,49802,3865,24063,2747,45937,5967,2893,3074
64265,49805,3865,24065,2747,45940,5967,2893,3074
64270,49810,3865,24067,2747,45945,5967,2893,3074
64275,49814,3865,24067,2747,45949,5967,2893,3074
64280,49817,3865,24069,2747,45952,5967,2893,3074
64285,49818,3865,24069,2747,45953,5967,2893,3074
64290,49823,3866,24072,2747,45957,5967,2893,3074
64295,49825,3866,24074,2747,45959,5967,2893,3074
64300,49833,3866,24076,2747,45967,5967,2893,3074
64305,49836,3866,24078,2747,45970,5967,2893,3074
64310,49841,3866,24081,2747,45975,5967,2893,3074
64315,49845,3866,24082,2747,45979,5967,2893,3074
64320,49848,3866,24083,2747,45982,5967,2893,3074
64325,49849,3866,24083,2747,45983,5967,2893,3074
64330,49854,3867,24086,2748,45987,5967,2893,3074
64335,49856,3867,24086,2748,45989,5967,2893,3074
64340,49864,3867,24087,2748,45997,5967,2893,3074
64345,49867,3867,24088,2748,46000,5967,2893,3074
64350,49872,3867,24091,2748,46005,5967,2893,3074
64355,49876,3867,24092,2748,46009,5967,2893,3074
64360,49879,3867,24092,2748,46012,5967,2893,3074
64365,49880,3867,24092,2748,46013,5967,2893,3074
64370,49885,3868,24096,2749,46017,5967,2893,3074
64375,49887,3868,24097,2749,46019,5967,2893,3074
64380,49895,3868,24102,2749,46027,5967,2893,3074
64385,49898,3868,24103,2749,46030,5967,2893,3074
64390,49903,3868,24104,2749,46035,5968,2894,3074
64395,49907,3868,24107,2749,46039,5969,2895,3074
64400,49910,3868,24108,2749,46042,5969,2895,3074
64405,49911,3868,24108,2749,46043,5969,2895,3074
64410,49916,3869,24110,2749,46047,5969,2895,3074
64415,49918,3869,24112,2749,46049,5969,2895,3074
64420,49926,3869,24117,2749,46057,5969,2895,3074
64425,49929,3869,24118,2749,46060,5969,2895,3074
64430,49934,3869,24120,2749,46065,5970,2896,3074
64435,49938,3869,24123,2749,46069,5971,2897,3074
64440,49941,3869,24125,2749,46072,5971,2897,3074
64445,49942,3869,24125,2749,46073,5971,2897,3074
64450,49947,3870,24128,2750,46077,5971,2897,3074
64455,49949,3870,24129,2750,46079,5971,2897,3074
64460,49957,3871,24134,2751,46086,5971,2897,3074
64465,49960,3871,24137,2751,46089,5971,2897,3074
64470,49965,3871,24140,2751,46094,5971,2897,3074
64475,49969,3871,24141,2751,46098,5971,2897,3074
64480,49972,3871,24142,2751,46101,5971,2897,3074
64485,49973,3871,24142,2751,46102,5971,2897,3074
64490,49978,3872,24145,2752,46106,5971,2897,3074
64495,49980,3872,24147,2752,46108,5971,2897,3074
64500,49988,3873,24150,2753,46115,5971,2897,3074
64505,49991,3873,24151,2753,46118,5971,2897,3074
64510,49996,3873,24152,2753,46123,5972,2898,3074
64515,50000,3873,24152,2753,46127,5973,2898,3075
64520,50003,3873,24154,2753,46130,5973,2898,3075
64525,50004,3874,24155,2754,46130,5973,2898,3075
64530,50009,3875,24159,2755,46134,5973,2898,3075
64535,50011,3875,24159,2755,46136,5973,2898,3075
64540,50019,3876,24163,2756,46143,5973,2898,3075
64545,50022,3876,24164,2756,46146,5973,2898,3075
64550,50027,3876,24166,2756,46151,5974,2899,3075
64555,50031,3876,24168,2756,46155,5974,2899,3075
64560,50034,3876,24168,2756,46158,5974,2899,3075
64565,50035,3877,24169,2757,46158,5974,2899,3075
64570,50040,3878,24169,2757,46162,5974,2899,3075
64575,50042,3878,24169,2757,46164,5974,2899,3075
64580,50050,3878,24173,2757,46172,5974,2899,3075
64585,50053,3878,24174,2757,46175,5974,2899,3075
64590,50058,3878,24177,2757,46180,5974,2899,3075
64595,50062,3878,24179,2757,46184,5974,2899,3075
64600,50065,3878,24179,2757,46187,5974,2899,3075
64605,50066,3879,24180,2758,46187,5974,2899,3075
64610,50071,3880,24181,2758,46191,5974,2899,3075
64615,50073,3880,24183,2758,46193,5974,2899,3075
64620,50081,3880,24185,2758,46201,5974,2899,3075
64625,50084,3880,24187,2758,46204,5974,2899,3075
64630,50089,3880,24187,2758,46209,5974,2899,3075
64635,50093,3880,24190,2758,46213,5975,2900,3075
64640,50096,3880,24191,2758,46216,5975,2900,3075
64645,50097,3880,24191,2758,46217,5975,2900,3075
64650,50102,3881,24193,2758,46221,5975,2900,3075
64655,50104,3881,24194,2758,46223,5975,2900,3075
64660,50112,3881,24196,2758,46231,5975,2900,3075
64665,50115,3881,24197,2758,46234,5975,2900,3075
64670,50120,3881,24199,2758,46239,5976,2901,3075
64675,50124,3881,24201,2758,46243,5977,2901,3076
64680,50127,3881,24203,2758,46246,5977,2901,3076
64685,50128,3882,24204,2759,46246,5977,2901,3076
64690,50133,3883,24207,2759,46250,5977,2901,3076
64695,50135,3883,24208,2759,46252,5977,2901,3076
64700,50143,3884,24213,2760,46259,5977,2901,3076
64705,50146,3884,24215,2760,46262,5977,2901,3076
64710,50151,3884,24216,2760,46267,5977,2901,3076
64715,50155,3884,24218,2760,46271,5977,2901,3076
64720,50158,3884,24220,2760,46274,5977,2901,3076
64725,50159,3885,24221,2761,46274,5977,2901,3076
64730,50164,3886,24224,2761,46278,5977,2901,3076
64735,50166,3886,24225,2761,46280,5977,2901,3076
64740,50174,3886,24227,2761,46288,5977,2901,3076
64745,50177,3886,24228,2761,46291,5977,2901,3076
64750,50182,3886,24229,2761,46296,5977,2901,3076
64755,50186,3886,24231,2761,46300,5977,2901,3076
64760,50189,3886,24232,2761,46303,5977,2901,3076
64765,50190,3886,24232,2761,46304,5977,2901,3076
64770,50195,3887,24235,2761,46308,5977,2901,3076
64775,50197,3887,24236,2761,46310,5977,2901,3076
64780,50205,3888,24239,2762,46317,5977,2901,3076
64785,50208,3888,24241,2762,46320,5977,2901,3076
64790,50213,3888,24241,2762,46325,5977,2901,3076
64795,50217,3888,24242,2762,46329,5978,2901,3077
64800,50220,3888,24244,2762,46332,5978,2901,3077
64805,50221,3888,24245,2762,46333,5978,2901,3077
64810,50226,3889,24249,2763,46337,5978,2901,3077
64815,50228,3889,24250,2763,46339,5978,2901,3077
64820,50236,3889,24254,2763,46347,5978,2901,3077
64825,50239,3889,24256,2763,46350,5978,2901,3077
64830,50244,3889,24259,2763,46355,5978,2901,3077
64835,50248,3889,24262,2763,46359,5979,2902,3077
64840,50251,3889,24265,2763,46362,5979,2902,3077
64845,50252,3889,24265,2763,46363,5979,2902,3077
64850,50257,3890,24269,2764,46367,5979,2902,3077
64855,50259,3890,24270,2764,46369,5979,2902,3077
64860,50267,3891,24274,2765,46376,5979,2902,3077
64865,50270,3891,24275,2765,46379,5979,2902,3077
64870,50275,3891,24279,2765,46384,5980,2903,3077
64875,50279,3891,24281,2765,46388,5981,2903,3078
64880,50282,3891,24282,2765,46391,5981,2903,3078
64885,50283,3891,24283,2765,46392,5981,2903,3078
64890,50288,3892,24285,2766,46396,5981,2903,3078
64895,50290,3892,24287,2766,46398,5981,2903,3078
64900,50298,3892,24289,2766,46406,5981,2903,3078
64905,50301,3892,24290,2766,46409,5981,2903,3078
64910,50306,3892,24292,2766,46414,5982,2903,3079
64915,50310,3892,24296,2766,46418,5983,2904,3079
64920,50313,3892,24297,2766,46421,5983,2904,3079
64925,50314,3892,24298,2766,46422,5983,2904,3079
64930,50319,3892,24301,2766,46427,5983,2904,3079
64935,50321,3892,24302,2766,46429,5983,2904,3079
64940,50329,3892,24304,2766,46437,5983,2904,3079
64945,50332,3892,24306,2766,46440,5983,2904,3079
64950,50337,3892,24310,2766,46445,5983,2904,3079
64955,50341,3892,24311,2766,46449,5983,2904,3079
64960,50344,3892,24312,2766,46452,5983,2904,3079
64965,50345,3892,24312,2766,46453,5983,2904,3079
64970,50350,3892,24314,2766,46458,5983,2904,3079
64975,50352,3892,24316,2766,46460,5983,2904,3079
64980,50360,3892,24320,2766,46468,5983,2904,3079
64985,50363,3892,24322,2766,46471,5983,2904,3079
64990,50368,3892,24324,2766,46476,5983,2904,3079
64995,50372,3892,24327,2766,46480,5983,2904,3079
65000,50375,3892,24328,2766,46483,5983,2904,3079
65005,50376,3892,24329,2766,46484,5983,2904,3079
65010,50381,3892,24332,2766,46489,5983,2904,3079
65015,50383,3892,24333,2766,46491,5983,2904,3079
65020,50391,3892,24336,2766,46499,5983,2904,3079
65025,50394,3892,24338,2766,46502,5983,2904,3079
65030,50399,3892,24340,2766,46507,5983,2904,3079
65035,50403,3892,24342,2766,46511,5984,2905,3079
65040,50406,3892,24343,2766,46514,5984,2905,3079
65045,50407,3892,24343,2766,46515,5984,2905,3079
65050,50412,3892,24347,2766,46520,5984,2905,3079
65055,50414,3892,24349,2766,46522,5984,2905,3079
65060,50422,3892,24352,2766,46530,5984,2905,3079
65065,50425,3892,24353,2766,46533,5984,2905,3079
65070,50430,3892,24357,2766,46538,5985,2906,3079
65075,50434,3892,24358,2766,46542,5985,2906,3079
65080,50437,3892,24360,2766,46545,5985,2906,3079
65085,50438,3892,24361,2766,46546,5985,2906,3079
65090,50443,3892,24363,2766,46551,5985,2906,3079
65095,50445,3892,24364,2766,46553,5985,2906,3079
65100,50453,3892,24369,2766,46561,5985,2906,3079
65105,50456,3892,24370,2766,46564,5985,2906,3079
65110,50461,3892,24373,2766,46569,5985,2906,3079
65115,50465,3892,24375,2766,46573,5985,2906,3079
65120,50468,3892,24377,2766,46576,5985,2906,3079
65125,50469,3892,24378,2766,46577,5985,2906,3079
65130,50474,3892,24380,2766,46582,5985,2906,3079
65135,50476,3892,24381,2766,46584,5985,2906,3079
65140,50484,3892,24384,2766,46592,5985,2906,3079
65145,50487,3892,24386,2766,46595,5985,2906,3079
65150,50492,3892,24386,2766,46600,5985,2906,3079
65155,50496,3892,24389,2766,46604,5985,2906,3079
65160,50499,3892,24391,2766,46607,5985,2906,3079
65165,50500,3892,24391,2766,46608,5985,2906,3079
65170,50505,3892,24395,2766,46613,5985,2906,3079
65175,50507,3892,24395,2766,46615,5985,2906,3079
65180,50515,3892,24397,2766,46623,5985,2906,3079
65185,50518,3892,24397,2766,46626,5985,2906,3079
65190,50523,3892,24399,2766,46631,5986,2906,3080
65195,50527,3892,24400,2766,46635,5987,2907,3080
65200,50530,3892,24402,2766,46638,5987,2907,3080
65205,50531,3892,24402,2766,46639,5987,2907,3080
65210,50536,3892,24403,2766,46644,5987,2907,3080
65215,50538,3892,24404,2766,46646,5987,2907,3080
65220,50546,3892,24408,2766,46654,5987,2907,3080
65225,50549,3892,24409,2766,46657,5987,2907,3080
65230,50554,3892,24411,2766,46662,5988,2907,3081
65235,50558,3892,24412,2766,46666,5988,2907,3081
65240,50561,3892,24414,2766,46669,5988,2907,3081
65245,50562,3892,24414,2766,46670,5988,2907,3081
65250,50567,3892,24417,2766,46675,5988,2907,3081
65255,50569,3892,24418,2766,46677,5988,2907,3081
65260,50577,3892,24419,2766,46685,5988,2907,3081
65265,50580,3892,24421,2766,46688,5988,2907,3081
65270,50585,3892,24423,2766,46693,5988,2907,3081
65275,50589,3892,24425,2766,46697,5988,2907,3081
65280,50592,3892,24426,2766,46700,5988,2907,3081
65285,50593,3892,24427,2766,46701,5988,2907,3081
65290,50598,3892,24429,2766,46706,5988,2907,3081
65295,50600,3892,24430,2766,46708,5988,2907,3081
65300,50608,3892,24436,2766,46716,5988,2907,3081
65305,50611,3892,24439,2766,46719,5988,2907,3081
65310,50616,3892,24443,2766,46724,5988,2907,3081
65315,50620,3892,24444,2766,46728,5988,2907,3081
65320,50623,3892,24445,2766,46731,5988,2907,3081
65325,50624,3892,24446,2766,46732,5988,2907,3081
65329,50628,3892,24447,2766,46736,5988,2907,3081
