source,gentime, athop, hopcount,priority, reachedTime
2,3,2,2,1, 5
1,6,1,1,0, 7
3,7,3,3,1, 10
8,16,1,1,1, 17
11,14,4,4,0, 18
9,17,2,2,0, 19
16,19,2,2,0, 21
17,19,3,3,1, 22
15,21,2,2,0, 23
22,26,4,4,0, 30
19,26,5,5,0, 31
23,28,3,3,1, 31
25,35,2,2,1, 37
2,43,2,2,1, 45
1,46,1,1,1, 47
3,47,3,3,0, 50
8,56,1,1,0, 57
11,54,4,4,1, 58
9,57,2,2,0, 59
16,59,2,2,1, 61
17,59,3,3,0, 62
15,61,2,2,1, 63
20,63,6,6,1, 69
22,66,4,4,0, 70
19,66,5,5,1, 71
23,68,3,3,1, 71
25,75,2,2,0, 77
2,83,2,2,0, 85
1,86,1,1,1, 87
3,87,3,3,0, 90
8,96,1,1,1, 97
11,94,4,4,1, 98
9,97,2,2,0, 99
16,99,2,2,0, 101
17,99,3,3,0, 102
15,101,2,2,0, 103
13,99,4,6,1, 105
12,100,5,5,0, 105
20,103,6,6,1, 109
22,106,4,4,0, 110
19,106,5,5,0, 111
23,108,3,3,1, 111
25,115,2,2,0, 117
2,123,2,2,1, 125
1,126,1,1,0, 127
3,127,3,3,0, 130
5,127,3,9,0, 136
8,136,1,1,0, 137
6,130,2,8,1, 138
11,134,4,4,1, 138
9,137,2,2,1, 139
16,139,2,2,1, 141
17,139,3,3,0, 142
15,141,2,2,1, 143
13,139,4,6,0, 145
12,140,5,5,1, 145
20,143,6,6,1, 149
22,146,4,4,1, 150
19,146,5,5,1, 151
23,148,3,3,0, 151
25,155,2,2,1, 157
31,156,2,4,1, 160
28,154,5,7,1, 161
2,163,2,2,0, 165
1,166,1,1,1, 167
3,167,3,3,1, 170
5,167,3,7,1, 174
8,176,1,1,0, 177
11,174,4,4,1, 178
9,177,2,2,1, 179
16,179,2,2,1, 181
17,179,3,3,0, 182
15,181,2,2,0, 183
13,179,4,6,1, 185
22,186,4,4,1, 190
23,188,3,3,1, 191
31,196,2,4,1, 200
2,203,2,2,1, 205
1,206,1,1,1, 207
3,207,3,3,1, 210
8,216,1,1,1, 217
16,219,2,2,1, 221
17,219,3,3,1, 222
15,221,2,2,0, 223
22,226,4,4,1, 230
25,235,2,2,1, 237
31,236,2,4,1, 240
1,246,1,1,0, 247
8,256,1,1,0, 257
16,259,2,2,1, 261
15,261,2,2,1, 263
1,286,1,1,0, 287
8,296,1,1,0, 297
9,297,2,2,1, 299
25,315,2,2,1, 317
1,326,1,1,0, 327
8,336,1,1,1, 337
16,339,2,2,1, 341
23,348,3,3,1, 351
25,355,2,2,1, 357
31,356,2,4,1, 360
8,376,1,1,0, 377
16,379,2,2,1, 381
8,416,1,1,0, 417
16,419,2,2,1, 421
17,419,3,3,1, 422
25,435,2,2,1, 437
1,446,1,1,0, 447
1,486,1,1,1, 487
8,496,1,1,0, 497
25,515,2,2,1, 517
1,526,1,1,0, 527
8,536,1,1,0, 537
9,537,2,2,1, 539
25,555,2,2,1, 557
1,566,1,1,0, 567
2,603,2,2,1, 605
1,606,1,1,0, 607
1,646,1,1,1, 647
8,656,1,1,1, 657
9,657,2,2,1, 659
8,696,1,1,1, 697
15,701,2,2,1, 703
1,726,1,1,0, 727
8,736,1,1,0, 737
1,766,1,1,1, 767
8,776,1,1,1, 777
16,779,2,2,1, 781
1,806,1,1,1, 807
2,843,2,2,1, 845
1,846,1,1,0, 847
3,847,3,3,1, 850
2,883,2,2,1, 885
1,886,1,1,0, 887
8,896,1,1,1, 897
16,899,2,2,1, 901
25,915,2,2,1, 917
1,926,1,1,1, 927
8,936,1,1,1, 937
15,941,2,2,1, 943
1,966,1,1,1, 967
8,976,1,1,1, 977
1,1006,1,1,0, 1007
8,1016,1,1,1, 1017
9,1017,2,2,1, 1019
17,1019,3,3,1, 1022
2,1043,2,2,1, 1045
1,1046,1,1,0, 1047
2,1083,2,2,1, 1085
1,1086,1,1,0, 1087
3,1087,3,3,1, 1090
16,1099,2,4,1, 1103
1,1126,1,1,1, 1127
3,1127,3,3,1, 1130
9,1137,2,2,1, 1139
16,1139,2,4,1, 1143
1,1206,1,1,1, 1207
8,1216,1,1,0, 1217
25,1235,2,2,1, 1237
2,1243,2,2,1, 1245
1,1246,1,1,1, 1247
8,1256,1,1,0, 1257
8,1296,1,1,1, 1297
16,1299,2,2,1, 1301
31,1316,2,4,1, 1320
1,1326,1,1,0, 1327
8,1336,1,1,0, 1337
1,1366,1,1,0, 1367
8,1376,1,1,1, 1377
9,1377,2,2,1, 1379
8,1416,1,1,1, 1417
9,1417,2,2,1, 1419
22,1426,4,4,1, 1430
8,1456,1,1,1, 1457
15,1461,2,2,1, 1463
1,1486,1,1,0, 1487
8,1496,1,1,1, 1497
15,1501,2,2,1, 1503
2,1523,2,2,1, 1525
1,1526,1,1,1, 1527
8,1536,1,1,0, 1537
15,1541,2,2,1, 1543
22,1546,4,4,1, 1550
1,1566,1,1,0, 1567
3,1567,3,3,1, 1570
8,1576,1,1,0, 1577
16,1579,2,2,1, 1581
1,1606,1,1,0, 1607
3,1607,3,3,1, 1610
8,1616,1,1,1, 1617
9,1617,2,2,1, 1619
1,1646,1,1,1, 1647
1,1686,1,1,1, 1687
2,1723,2,2,1, 1725
1,1726,1,1,1, 1727
2,1763,2,2,1, 1765
1,1766,1,1,0, 1767
8,1776,1,1,0, 1777
31,1796,2,4,1, 1800
1,1806,1,1,0, 1807
8,1816,1,1,1, 1817
1,1846,1,1,1, 1847
8,1856,1,1,1, 1857
1,1886,1,1,1, 1887
1,1926,1,1,1, 1927
1,1966,1,1,0, 1967
8,1976,1,1,1, 1977
9,1977,2,2,1, 1979
17,1979,3,3,1, 1982
15,1981,2,2,1, 1983
1,2006,1,1,0, 2007
8,2016,1,1,1, 2017
9,2017,2,2,1, 2019
16,2019,2,2,1, 2021
15,2021,2,2,1, 2023
1,2046,1,1,1, 2047
8,2056,1,1,0, 2057
15,2061,2,2,1, 2063
1,2086,1,1,1, 2087
8,2096,1,1,1, 2097
15,2101,2,2,1, 2103
1,2126,1,1,1, 2127
8,2136,1,1,0, 2137
15,2141,2,2,1, 2143
23,2148,3,3,1, 2151
31,2156,2,4,1, 2160
1,2166,1,1,0, 2167
1,2206,1,1,1, 2207
1,2246,1,1,0, 2247
1,2286,1,1,1, 2287
8,2296,1,1,1, 2297
1,2326,1,1,0, 2327
8,2336,1,1,1, 2337
1,2366,1,1,0, 2367
8,2376,1,1,0, 2377
31,2396,2,4,1, 2400
1,2406,1,1,0, 2407
8,2416,1,1,1, 2417
1,2446,1,1,0, 2447
8,2456,1,1,1, 2457
1,2486,1,1,1, 2487
8,2496,1,1,1, 2497
1,2526,1,1,1, 2527
8,2536,1,1,1, 2537
1,2566,1,1,1, 2567
8,2576,1,1,1, 2577
1,2606,1,1,0, 2607
8,2616,1,1,1, 2617
23,2628,3,3,1, 2631
25,2635,2,2,1, 2637
31,2636,2,4,1, 2640
1,2646,1,1,1, 2647
1,2686,1,1,0, 2687
1,2726,1,1,0, 2727
23,2748,3,3,1, 2751
1,2766,1,1,0, 2767
8,2776,1,1,1, 2777
15,2781,2,2,1, 2783
1,2806,1,1,1, 2807
8,2816,1,1,0, 2817
1,2846,1,1,1, 2847
8,2856,1,1,0, 2857
15,2861,2,2,1, 2863
25,2875,2,2,1, 2877
31,2876,2,4,1, 2880
1,2886,1,1,0, 2887
1,2926,1,1,1, 2927
1,2966,1,1,0, 2967
1,3006,1,1,1, 3007
8,3016,1,1,0, 3017
1,3046,1,1,0, 3047
8,3056,1,1,0, 3057
1,3086,1,1,0, 3087
8,3096,1,1,1, 3097
22,3106,4,4,1, 3110
23,3108,3,3,1, 3111
1,3126,1,1,1, 3127
8,3136,1,1,1, 3137
15,3141,2,2,1, 3143
1,3166,1,1,1, 3167
8,3176,1,1,1, 3177
15,3181,2,2,1, 3183
1,3206,1,1,1, 3207
8,3216,1,1,1, 3217
15,3221,2,2,1, 3223
23,3228,3,3,1, 3231
25,3235,2,2,1, 3237
31,3236,2,4,1, 3240
1,3246,1,1,1, 3247
1,3286,1,1,1, 3287
1,3326,1,1,1, 3327
23,3348,3,5,1, 3353
25,3355,2,2,1, 3357
1,3366,1,1,1, 3367
8,3376,1,1,1, 3377
1,3406,1,1,0, 3407
8,3416,1,1,1, 3417
1,3446,1,1,1, 3447
8,3456,1,1,0, 3457
25,3475,2,2,1, 3477
31,3476,2,4,1, 3480
1,3486,1,1,1, 3487
8,3496,1,1,0, 3497
16,3499,2,2,1, 3501
1,3526,1,1,1, 3527
8,3536,1,1,1, 3537
1,3566,1,1,1, 3567
8,3576,1,1,0, 3577
16,3579,2,2,1, 3581
23,3588,3,3,1, 3591
25,3595,2,2,1, 3597
31,3596,2,4,1, 3600
1,3606,1,1,1, 3607
1,3646,1,1,0, 3647
1,3686,1,1,0, 3687
8,3696,1,1,0, 3697
9,3697,2,2,1, 3699
25,3715,2,2,1, 3717
1,3726,1,1,1, 3727
8,3736,1,1,0, 3737
1,3766,1,1,1, 3767
8,3776,1,1,1, 3777
16,3779,2,2,1, 3781
17,3779,3,3,1, 3782
15,3781,2,2,1, 3783
1,3806,1,1,1, 3807
8,3816,1,1,0, 3817
15,3821,2,2,1, 3823
25,3835,2,2,1, 3837
1,3846,1,1,1, 3847
25,3875,2,2,1, 3877
1,3886,1,1,1, 3887
1,3926,1,1,0, 3927
1,3966,1,1,1, 3967
8,3976,1,1,1, 3977
1,4006,1,1,0, 4007
8,4016,1,1,1, 4017
15,4021,2,2,1, 4023
23,4028,3,3,1, 4031
1,4046,1,1,1, 4047
8,4056,1,1,0, 4057
1,4086,1,1,1, 4087
8,4096,1,1,0, 4097
2,4123,2,2,1, 4125
1,4126,1,1,0, 4127
8,4136,1,1,0, 4137
25,4155,2,2,1, 4157
2,4163,2,2,1, 4165
1,4166,1,1,1, 4167
8,4176,1,1,0, 4177
16,4179,2,2,1, 4181
8,4216,1,1,0, 4217
16,4219,2,2,1, 4221
8,4256,1,1,0, 4257
16,4259,2,2,1, 4261
1,4286,1,1,1, 4287
1,4326,1,1,0, 4327
8,4336,1,1,0, 4337
9,4337,2,2,1, 4339
17,4339,3,3,1, 4342
15,4341,2,2,1, 4343
22,4346,4,4,1, 4350
23,4348,3,3,1, 4351
2,4363,2,2,1, 4365
1,4366,1,1,1, 4367
3,4367,3,3,1, 4370
8,4376,1,1,0, 4377
17,4379,3,3,1, 4382
1,4406,1,1,1, 4407
8,4416,1,1,1, 4417
25,4435,2,2,1, 4437
1,4446,1,1,1, 4447
8,4456,1,1,0, 4457
23,4468,3,3,1, 4471
2,4483,2,2,1, 4485
1,4486,1,1,1, 4487
8,4496,1,1,1, 4497
9,4497,2,2,1, 4499
17,4499,3,3,1, 4502
8,4536,1,1,0, 4537
15,4541,2,2,1, 4543
8,4576,1,1,1, 4577
15,4581,2,2,1, 4583
8,4616,1,1,0, 4617
8,4656,1,1,0, 4657
1,4686,1,1,0, 4687
8,4696,1,1,1, 4697
9,4697,2,2,1, 4699
17,4699,3,3,1, 4702
1,4726,1,1,0, 4727
8,4736,1,1,0, 4737
9,4737,2,2,1, 4739
15,4741,2,2,1, 4743
25,4755,2,2,1, 4757
1,4766,1,1,1, 4767
8,4776,1,1,1, 4777
15,4781,2,2,1, 4783
1,4806,1,1,1, 4807
1,4846,1,1,1, 4847
1,4886,1,1,0, 4887
1,4926,1,1,1, 4927
8,4936,1,1,0, 4937
1,4966,1,1,1, 4967
3,4967,3,3,1, 4970
8,4976,1,1,0, 4977
1,5006,1,1,1, 5007
8,5016,1,1,1, 5017
15,5021,2,2,1, 5023
1,5046,1,1,1, 5047
8,5056,1,1,0, 5057
25,5075,2,2,1, 5077
1,5086,1,1,1, 5087
8,5096,1,1,1, 5097
25,5115,2,2,1, 5117
2,5123,2,2,1, 5125
1,5126,1,1,0, 5127
8,5136,1,1,1, 5137
8,5176,1,1,1, 5177
9,5177,2,2,1, 5179
8,5216,1,1,1, 5217
9,5217,2,2,1, 5219
1,5286,1,1,1, 5287
8,5296,1,1,0, 5297
16,5299,2,2,1, 5301
25,5315,2,2,1, 5317
1,5326,1,1,0, 5327
8,5336,1,1,1, 5337
1,5366,1,1,0, 5367
8,5376,1,1,0, 5377
16,5379,2,2,1, 5381
15,5381,2,2,1, 5383
25,5395,2,2,1, 5397
1,5406,1,1,1, 5407
8,5416,1,1,0, 5417
1,5446,1,1,0, 5447
8,5456,1,1,0, 5457
1,5486,1,1,0, 5487
8,5496,1,1,1, 5497
25,5515,2,2,1, 5517
8,5536,1,1,0, 5537
23,5548,3,3,1, 5551
8,5576,1,1,0, 5577
8,5616,1,1,0, 5617
25,5635,2,2,1, 5637
8,5656,1,1,0, 5657
8,5696,1,1,1, 5697
15,5701,2,2,1, 5703
8,5736,1,1,1, 5737
15,5741,2,2,1, 5743
25,5755,2,2,1, 5757
1,5766,1,1,1, 5767
9,5777,2,2,1, 5779
25,5795,2,2,1, 5797
1,5806,1,1,1, 5807
9,5817,2,2,1, 5819
1,5846,1,1,0, 5847
9,5857,2,2,1, 5859
25,5875,2,2,1, 5877
8,5896,1,1,0, 5897
16,5899,2,2,1, 5901
8,5936,1,1,1, 5937
16,5939,2,2,1, 5941
8,5976,1,1,0, 5977
16,5979,2,2,1, 5981
23,5988,3,3,1, 5991
1,6006,1,1,0, 6007
1,6046,1,1,1, 6047
25,6075,2,2,1, 6077
1,6086,1,1,0, 6087
25,6115,2,2,1, 6117
1,6126,1,1,0, 6127
8,6136,1,1,0, 6137
1,6166,1,1,1, 6167
8,6176,1,1,0, 6177
2,6203,2,2,1, 6205
1,6206,1,1,0, 6207
8,6216,1,1,1, 6217
25,6235,2,2,1, 6237
8,6256,1,1,0, 6257
16,6259,2,2,1, 6261
8,6296,1,1,0, 6297
8,6336,1,1,1, 6337
25,6355,2,2,1, 6357
8,6376,1,1,1, 6377
9,6377,2,2,1, 6379
8,6416,1,1,0, 6417
9,6417,2,2,1, 6419
8,6456,1,1,1, 6457
25,6475,2,2,1, 6477
1,6486,1,1,1, 6487
8,6496,1,1,0, 6497
16,6499,2,2,1, 6501
1,6526,1,1,1, 6527
8,6536,1,1,1, 6537
1,6566,1,1,0, 6567
8,6576,1,1,0, 6577
16,6579,2,2,1, 6581
25,6595,2,2,1, 6597
2,6603,2,2,1, 6605
1,6606,1,1,1, 6607
1,6646,1,1,1, 6647
1,6686,1,1,1, 6687
1,6726,1,1,1, 6727
8,6736,1,1,0, 6737
1,6766,1,1,0, 6767
8,6776,1,1,0, 6777
1,6806,1,1,1, 6807
8,6816,1,1,0, 6817
1,6846,1,1,0, 6847
8,6856,1,1,1, 6857
23,6868,3,3,1, 6871
1,6886,1,1,1, 6887
8,6896,1,1,1, 6897
25,6915,2,2,1, 6917
1,6926,1,1,1, 6927
8,6936,1,1,1, 6937
15,6941,2,2,1, 6943
8,6976,1,1,1, 6977
8,7016,1,1,0, 7017
8,7056,1,1,1, 7057
25,7075,2,2,1, 7077
8,7096,1,1,0, 7097
16,7099,2,2,1, 7101
8,7136,1,1,0, 7137
23,7148,3,3,1, 7151
8,7176,1,1,1, 7177
25,7195,2,4,1, 7199
1,7206,1,1,1, 7207
1,7246,1,1,1, 7247
1,7286,1,1,0, 7287
8,7336,1,1,0, 7337
16,7339,2,2,1, 7341
8,7376,1,1,0, 7377
16,7379,2,2,1, 7381
8,7416,1,1,0, 7417
16,7419,2,2,1, 7421
23,7428,3,3,1, 7431
25,7435,2,2,1, 7437
23,7548,3,5,1, 7553
25,7555,2,2,1, 7557
1,7566,1,1,0, 7567
8,7576,1,1,1, 7577
1,7606,1,1,0, 7607
8,7616,1,1,1, 7617
15,7621,2,2,1, 7623
1,7646,1,1,1, 7647
8,7656,1,1,1, 7657
25,7675,2,2,1, 7677
1,7806,1,1,0, 7807
8,7816,1,1,0, 7817
25,7835,2,2,1, 7837
1,7846,1,1,0, 7847
8,7856,1,1,0, 7857
1,7886,1,1,0, 7887
8,7896,1,1,0, 7897
25,7915,2,2,1, 7917
8,7936,1,1,1, 7937
8,7976,1,1,1, 7977
8,8016,1,1,0, 8017
15,8021,2,2,1, 8023
23,8028,3,3,1, 8031
25,8115,2,2,1, 8117
1,8126,1,1,0, 8127
25,8155,2,2,1, 8157
8,8176,1,1,1, 8177
8,8216,1,1,1, 8217
8,8256,1,1,0, 8257
2,8283,2,2,1, 8285
1,8286,1,1,0, 8287
8,8296,1,1,0, 8297
16,8299,2,2,1, 8301
15,8301,2,2,1, 8303
1,8326,1,1,0, 8327
8,8336,1,1,0, 8337
1,8366,1,1,1, 8367
1,8406,1,1,0, 8407
8,8416,1,1,1, 8417
17,8419,3,3,1, 8422
1,8446,1,1,0, 8447
8,8456,1,1,0, 8457
9,8457,2,2,1, 8459
8,8496,1,1,1, 8497
23,8508,3,3,1, 8511
8,8536,1,1,0, 8537
16,8539,2,2,1, 8541
15,8541,2,4,1, 8545
25,8555,2,4,1, 8559
1,8566,1,1,0, 8567
8,8576,1,1,0, 8577
1,8606,1,1,0, 8607
1,8646,1,1,1, 8647
1,8686,1,1,0, 8687
8,8696,1,1,0, 8697
9,8697,2,2,1, 8699
16,8699,2,2,1, 8701
17,8699,3,3,1, 8702
25,8715,2,2,1, 8717
1,8726,1,1,1, 8727
8,8736,1,1,0, 8737
16,8739,2,2,1, 8741
15,8741,2,2,1, 8743
25,8755,2,2,1, 8757
8,8776,1,1,0, 8777
8,8816,1,1,1, 8817
8,8856,1,1,1, 8857
1,8886,1,1,0, 8887
8,8896,1,1,1, 8897
17,8899,3,3,1, 8902
23,8908,3,3,1, 8911
25,8915,2,2,1, 8917
1,8926,1,1,0, 8927
8,8936,1,1,1, 8937
9,8937,2,2,1, 8939
17,8939,3,3,1, 8942
1,9006,1,1,1, 9007
9,9017,2,2,1, 9019
1,9046,1,1,0, 9047
8,9056,1,1,0, 9057
9,9057,2,2,1, 9059
17,9059,3,3,1, 9062
16,9059,2,4,1, 9063
2,9083,2,2,1, 9085
1,9086,1,1,0, 9087
8,9096,1,1,0, 9097
16,9099,2,2,1, 9101
15,9101,2,2,1, 9103
8,9136,1,1,1, 9137
8,9176,1,1,0, 9177
8,9216,1,1,1, 9217
15,9221,2,2,1, 9223
25,9235,2,2,1, 9237
8,9256,1,1,0, 9257
8,9296,1,1,0, 9297
8,9336,1,1,0, 9337
23,9348,3,3,1, 9351
25,9355,2,2,1, 9357
1,9366,1,1,1, 9367
8,9376,1,1,1, 9377
15,9381,2,2,1, 9383
25,9395,2,2,1, 9397
2,9403,2,2,1, 9405
1,9406,1,1,1, 9407
8,9416,1,1,0, 9417
25,9435,2,2,1, 9437
1,9446,1,1,1, 9447
8,9456,1,1,0, 9457
15,9461,2,2,1, 9463
23,9468,3,3,1, 9471
23,9588,3,3,1, 9591
8,9616,1,1,0, 9617
1,9646,1,1,1, 9647
8,9656,1,1,1, 9657
15,9661,2,2,1, 9663
1,9686,1,1,1, 9687
8,9696,1,1,0, 9697
17,9699,3,3,1, 9702
15,9701,2,2,1, 9703
25,9715,2,2,1, 9717
1,9726,1,1,0, 9727
8,9736,1,1,0, 9737
16,9739,2,2,1, 9741
1,9766,1,1,1, 9767
8,9776,1,1,0, 9777
1,9806,1,1,1, 9807
8,9816,1,1,1, 9817
15,9821,2,2,1, 9823
23,9828,3,3,1, 9831
1,9846,1,1,0, 9847
9,9857,2,2,1, 9859
1,9886,1,1,1, 9887
9,9897,2,2,1, 9899
23,9948,3,3,1, 9951
1,9966,1,1,1, 9967
8,9976,1,1,1, 9977
25,9995,2,2,1, 9997
1,10006,1,1,0, 10007
8,10016,1,1,1, 10017
9,10017,2,2,1, 10019
25,10035,2,2,1, 10037
1,10046,1,1,0, 10047
8,10056,1,1,1, 10057
9,10057,2,2,1, 10059
25,10075,2,2,1, 10077
8,10096,1,1,0, 10097
16,10099,2,2,1, 10101
15,10101,2,2,1, 10103
8,10136,1,1,1, 10137
15,10141,2,2,1, 10143
8,10176,1,1,1, 10177
15,10181,2,2,1, 10183
23,10188,3,3,1, 10191
25,10315,2,4,1, 10319
2,10323,2,2,1, 10325
1,10326,1,1,0, 10327
8,10336,1,1,0, 10337
2,10363,2,2,1, 10365
1,10366,1,1,0, 10367
8,10376,1,1,0, 10377
15,10381,2,2,1, 10383
1,10406,1,1,1, 10407
8,10416,1,1,1, 10417
25,10555,2,2,1, 10557
1,10566,1,1,0, 10567
8,10576,1,1,0, 10577
23,10588,3,3,1, 10591
1,10606,1,1,0, 10607
8,10616,1,1,0, 10617
15,10621,2,2,1, 10623
1,10646,1,1,0, 10647
8,10656,1,1,1, 10657
25,10675,2,2,1, 10677
1,10686,1,1,0, 10687
8,10696,1,1,1, 10697
25,10715,2,2,1, 10717
1,10726,1,1,0, 10727
8,10736,1,1,0, 10737
8,10776,1,1,0, 10777
23,10788,3,3,1, 10791
8,10816,1,1,1, 10817
15,10821,2,2,1, 10823
8,10856,1,1,0, 10857
15,10861,2,2,1, 10863
8,10896,1,1,1, 10897
25,10915,2,4,1, 10919
1,10926,1,1,0, 10927
25,10955,2,2,1, 10957
2,10963,2,2,1, 10965
1,10966,1,1,0, 10967
25,10995,2,2,1, 10997
1,11006,1,1,1, 11007
25,11035,2,2,1, 11037
8,11056,1,1,1, 11057
9,11057,2,2,1, 11059
8,11096,1,1,1, 11097
9,11097,2,2,1, 11099
17,11099,3,3,1, 11102
8,11136,1,1,1, 11137
23,11148,3,3,1, 11151
1,11166,1,1,1, 11167
8,11176,1,1,1, 11177
16,11179,2,2,1, 11181
25,11195,2,2,1, 11197
1,11206,1,1,0, 11207
8,11216,1,1,1, 11217
9,11217,2,2,1, 11219
16,11219,2,2,1, 11221
25,11235,2,2,1, 11237
1,11246,1,1,0, 11247
23,11268,3,5,1, 11273
25,11275,2,2,1, 11277
1,11286,1,1,1, 11287
1,11326,1,1,1, 11327
8,11336,1,1,0, 11337
1,11366,1,1,0, 11367
8,11376,1,1,0, 11377
25,11395,2,2,1, 11397
8,11416,1,1,1, 11417
8,11456,1,1,1, 11457
8,11496,1,1,1, 11497
1,11526,1,1,1, 11527
8,11536,1,1,0, 11537
23,11548,3,3,1, 11551
25,11555,2,2,1, 11557
1,11566,1,1,0, 11567
8,11576,1,1,0, 11577
16,11579,2,2,1, 11581
1,11606,1,1,0, 11607
8,11616,1,1,1, 11617
25,11635,2,2,1, 11637
8,11656,1,1,1, 11657
8,11696,1,1,1, 11697
8,11736,1,1,0, 11737
23,11748,3,3,1, 11751
25,11755,2,4,1, 11759
8,11776,1,1,1, 11777
15,11781,2,2,1, 11783
8,11816,1,1,1, 11817
16,11819,2,2,1, 11821
8,11856,1,1,0, 11857
16,11859,2,2,1, 11861
1,11886,1,1,1, 11887
17,11899,3,3,1, 11902
2,11923,2,2,1, 11925
1,11926,1,1,1, 11927
1,11966,1,1,0, 11967
1,12006,1,1,1, 12007
8,12016,1,1,1, 12017
9,12017,2,2,1, 12019
16,12019,2,2,1, 12021
1,12046,1,1,1, 12047
8,12056,1,1,1, 12057
16,12059,2,2,1, 12061
8,12096,1,1,1, 12097
16,12099,2,2,1, 12101
23,12108,3,3,1, 12111
8,12136,1,1,0, 12137
16,12139,2,2,1, 12141
15,12141,2,2,1, 12143
1,12166,1,1,1, 12167
8,12176,1,1,1, 12177
9,12177,2,2,1, 12179
16,12179,2,2,1, 12181
17,12179,3,3,1, 12182
25,12195,2,2,1, 12197
1,12206,1,1,0, 12207
25,12235,2,2,1, 12237
8,12256,1,1,1, 12257
17,12259,3,3,1, 12262
25,12275,2,4,1, 12279
8,12296,1,1,1, 12297
9,12297,2,2,1, 12299
17,12299,3,3,1, 12302
1,12326,1,1,0, 12327
8,12336,1,1,1, 12337
9,12337,2,2,1, 12339
15,12341,2,2,1, 12343
23,12428,3,3,1, 12431
8,12456,1,1,1, 12457
9,12457,2,2,1, 12459
15,12461,2,2,1, 12463
23,12468,3,3,1, 12471
25,12475,2,2,1, 12477
1,12486,1,1,0, 12487
1,12526,1,1,0, 12527
1,12566,1,1,1, 12567
9,12577,2,2,1, 12579
17,12579,3,3,1, 12582
8,12616,1,1,0, 12617
8,12656,1,1,1, 12657
15,12661,2,2,1, 12663
8,12696,1,1,0, 12697
25,12715,2,2,1, 12717
8,12736,1,1,0, 12737
16,12739,2,2,1, 12741
8,12776,1,1,1, 12777
8,12816,1,1,1, 12817
16,12819,2,2,1, 12821
1,12846,1,1,1, 12847
8,12856,1,1,0, 12857
9,12857,2,2,1, 12859
15,12861,2,2,1, 12863
1,12886,1,1,0, 12887
8,12896,1,1,0, 12897
8,12936,1,1,1, 12937
15,12941,2,2,1, 12943
1,12966,1,1,0, 12967
8,12976,1,1,0, 12977
23,12988,3,3,1, 12991
2,13003,2,2,1, 13005
1,13006,1,1,0, 13007
8,13016,1,1,0, 13017
16,13019,2,2,1, 13021
23,13028,3,3,1, 13031
1,13046,1,1,1, 13047
8,13056,1,1,0, 13057
16,13059,2,2,1, 13061
23,13068,3,3,1, 13071
1,13166,1,1,0, 13167
9,13177,2,2,1, 13179
8,13216,1,1,1, 13217
15,13221,2,2,1, 13223
8,13256,1,1,0, 13257
8,13296,1,1,1, 13297
23,13308,3,3,1, 13311
25,13315,2,2,1, 13317
8,13336,1,1,0, 13337
8,13376,1,1,1, 13377
8,13416,1,1,1, 13417
23,13428,3,3,1, 13431
1,13446,1,1,1, 13447
8,13456,1,1,1, 13457
15,13461,2,2,1, 13463
1,13486,1,1,0, 13487
8,13496,1,1,0, 13497
16,13499,2,2,1, 13501
25,13515,2,2,1, 13517
1,13526,1,1,0, 13527
8,13536,1,1,0, 13537
15,13541,2,2,1, 13543
25,13555,2,2,1, 13557
8,13696,1,1,1, 13697
8,13736,1,1,1, 13737
8,13776,1,1,0, 13777
2,13803,2,2,1, 13805
1,13806,1,1,1, 13807
8,13816,1,1,1, 13817
25,13835,2,2,1, 13837
2,13843,2,2,1, 13845
1,13846,1,1,1, 13847
8,13856,1,1,1, 13857
8,13896,1,1,1, 13897
16,13899,2,2,1, 13901
8,13936,1,1,0, 13937
8,13976,1,1,0, 13977
8,14016,1,1,0, 14017
23,14028,3,3,1, 14031
8,14056,1,1,0, 14057
16,14059,2,2,1, 14061
15,14061,2,2,1, 14063
8,14096,1,1,1, 14097
16,14099,2,2,1, 14101
8,14136,1,1,0, 14137
16,14139,2,2,1, 14141
25,14155,2,2,1, 14157
8,14176,1,1,0, 14177
15,14181,2,2,1, 14183
8,14216,1,1,1, 14217
8,14256,1,1,1, 14257
8,14296,1,1,0, 14297
8,14336,1,1,0, 14337
15,14341,2,2,1, 14343
8,14376,1,1,0, 14377
15,14381,2,2,1, 14383
2,14403,2,2,1, 14405
2,14523,2,2,1, 14525
1,14526,1,1,0, 14527
8,14536,1,1,0, 14537
2,14563,2,2,1, 14565
1,14566,1,1,0, 14567
8,14576,1,1,1, 14577
25,14595,2,2,1, 14597
1,14606,1,1,0, 14607
8,14616,1,1,1, 14617
25,14635,2,2,1, 14637
8,14656,1,1,0, 14657
15,14661,2,2,1, 14663
8,14696,1,1,0, 14697
9,14697,2,2,1, 14699
16,14699,2,2,1, 14701
8,14736,1,1,1, 14737
16,14739,2,2,1, 14741
25,14755,2,2,1, 14757
2,14763,2,2,1, 14765
1,14766,1,1,1, 14767
1,14806,1,1,1, 14807
1,14846,1,1,1, 14847
1,14886,1,1,0, 14887
8,14896,1,1,0, 14897
15,14901,2,2,1, 14903
25,14915,2,2,1, 14917
1,14926,1,1,0, 14927
8,14936,1,1,0, 14937
1,14966,1,1,1, 14967
8,14976,1,1,1, 14977
15,14981,2,2,1, 14983
25,14995,2,2,1, 14997
8,15016,1,1,1, 15017
8,15056,1,1,1, 15057
8,15096,1,1,0, 15097
25,15115,2,2,1, 15117
1,15126,1,1,0, 15127
8,15136,1,1,1, 15137
15,15141,2,2,1, 15143
1,15166,1,1,1, 15167
8,15176,1,1,1, 15177
1,15206,1,1,0, 15207
8,15216,1,1,1, 15217
15,15221,2,2,1, 15223
8,15256,1,1,1, 15257
15,15261,2,2,1, 15263
8,15296,1,1,0, 15297
15,15301,2,2,1, 15303
8,15336,1,1,1, 15337
25,15355,2,2,1, 15357
1,15486,1,1,1, 15487
8,15496,1,1,0, 15497
25,15515,2,2,1, 15517
1,15526,1,1,0, 15527
8,15536,1,1,1, 15537
15,15541,2,2,1, 15543
1,15566,1,1,1, 15567
8,15576,1,1,0, 15577
23,15588,3,3,1, 15591
8,15616,1,1,0, 15617
15,15621,2,2,1, 15623
8,15656,1,1,0, 15657
8,15696,1,1,0, 15697
15,15701,2,2,1, 15703
1,15726,1,1,0, 15727
8,15736,1,1,0, 15737
16,15739,2,2,1, 15741
1,15766,1,1,1, 15767
8,15776,1,1,1, 15777
16,15779,2,2,1, 15781
25,15795,2,2,1, 15797
1,15806,1,1,0, 15807
1,15966,1,1,1, 15967
8,15976,1,1,0, 15977
1,16006,1,1,0, 16007
8,16016,1,1,0, 16017
15,16021,2,2,1, 16023
25,16035,2,2,1, 16037
1,16046,1,1,1, 16047
8,16056,1,1,0, 16057
25,16075,2,2,1, 16077
8,16096,1,1,0, 16097
15,16101,2,2,1, 16103
8,16136,1,1,0, 16137
8,16176,1,1,0, 16177
1,16206,1,1,0, 16207
8,16216,1,1,0, 16217
25,16235,2,2,1, 16237
1,16246,1,1,0, 16247
8,16256,1,1,1, 16257
15,16261,2,2,1, 16263
25,16275,2,2,1, 16277
1,16286,1,1,0, 16287
8,16296,1,1,0, 16297
15,16301,2,2,1, 16303
8,16336,1,1,1, 16337
15,16341,2,2,1, 16343
8,16376,1,1,0, 16377
15,16381,2,2,1, 16383
8,16416,1,1,0, 16417
15,16421,2,2,1, 16423
25,16435,2,2,1, 16437
1,16446,1,1,0, 16447
1,16486,1,1,0, 16487
1,16526,1,1,1, 16527
23,16548,3,3,1, 16551
1,16566,1,1,1, 16567
8,16576,1,1,0, 16577
15,16581,2,2,1, 16583
1,16606,1,1,0, 16607
8,16616,1,1,1, 16617
15,16621,2,2,1, 16623
2,16643,2,2,1, 16645
1,16646,1,1,1, 16647
8,16656,1,1,0, 16657
15,16661,2,2,1, 16663
25,16675,2,2,1, 16677
8,16696,1,1,0, 16697
15,16701,2,2,1, 16703
8,16736,1,1,0, 16737
15,16741,2,2,1, 16743
8,16776,1,1,0, 16777
15,16781,2,2,1, 16783
25,16795,2,2,1, 16797
1,16806,1,1,1, 16807
1,16846,1,1,1, 16847
1,16886,1,1,1, 16887
25,16915,2,2,1, 16917
8,16936,1,1,1, 16937
15,16941,2,2,1, 16943
8,16976,1,1,1, 16977
15,16981,2,2,1, 16983
8,17016,1,1,1, 17017
15,17021,2,2,1, 17023
1,17046,1,1,1, 17047
8,17056,1,1,0, 17057
15,17061,2,2,1, 17063
1,17086,1,1,0, 17087
8,17096,1,1,1, 17097
1,17126,1,1,0, 17127
8,17136,1,1,0, 17137
15,17141,2,2,1, 17143
8,17176,1,1,1, 17177
15,17181,2,2,1, 17183
8,17216,1,1,1, 17217
15,17221,2,2,1, 17223
8,17256,1,1,1, 17257
1,17286,1,1,1, 17287
1,17326,1,1,0, 17327
1,17366,1,1,0, 17367
1,17406,1,1,0, 17407
8,17416,1,1,0, 17417
15,17421,2,2,1, 17423
25,17435,2,2,1, 17437
1,17446,1,1,0, 17447
8,17456,1,1,0, 17457
15,17461,2,2,1, 17463
1,17486,1,1,1, 17487
8,17496,1,1,0, 17497
23,17508,3,3,1, 17511
8,17536,1,1,1, 17537
8,17576,1,1,0, 17577
15,17581,2,2,1, 17583
8,17616,1,1,0, 17617
16,17619,2,2,1, 17621
15,17621,2,2,1, 17623
1,17726,1,1,1, 17727
9,17737,2,2,1, 17739
25,17755,2,2,1, 17757
8,17776,1,1,0, 17777
15,17781,2,2,1, 17783
8,17816,1,1,1, 17817
15,17821,2,2,1, 17823
8,17856,1,1,1, 17857
17,17859,3,3,1, 17862
8,17896,1,1,0, 17897
8,17936,1,1,0, 17937
15,17941,2,2,1, 17943
8,17976,1,1,1, 17977
15,17981,2,2,1, 17983
25,17995,2,2,1, 17997
25,18115,2,2,1, 18117
1,18126,1,1,1, 18127
8,18136,1,1,1, 18137
17,18139,3,3,1, 18142
15,18141,2,2,1, 18143
1,18166,1,1,0, 18167
8,18176,1,1,0, 18177
9,18177,2,2,1, 18179
17,18179,3,3,1, 18182
15,18181,2,2,1, 18183
2,18203,2,2,1, 18205
1,18206,1,1,0, 18207
8,18216,1,1,0, 18217
1,18246,1,1,1, 18247
8,18256,1,1,1, 18257
25,18275,2,2,1, 18277
1,18286,1,1,0, 18287
8,18296,1,1,1, 18297
9,18297,2,2,1, 18299
17,18299,3,3,1, 18302
1,18366,1,1,1, 18367
8,18376,1,1,1, 18377
16,18379,2,2,1, 18381
15,18381,2,2,1, 18383
25,18395,2,2,1, 18397
1,18406,1,1,1, 18407
8,18416,1,1,0, 18417
17,18419,3,3,1, 18422
1,18446,1,1,0, 18447
25,18475,2,2,1, 18477
15,18541,2,2,1, 18543
8,18576,1,1,1, 18577
9,18577,2,2,1, 18579
15,18581,2,2,1, 18583
23,18588,3,3,1, 18591
1,18606,1,1,0, 18607
8,18616,1,1,0, 18617
1,18646,1,1,1, 18647
8,18656,1,1,1, 18657
15,18661,2,2,1, 18663
1,18686,1,1,0, 18687
8,18696,1,1,0, 18697
15,18701,2,2,1, 18703
1,18726,1,1,0, 18727
8,18736,1,1,1, 18737
15,18741,2,2,1, 18743
1,18766,1,1,0, 18767
8,18776,1,1,1, 18777
16,18779,2,2,1, 18781
25,18795,2,2,1, 18797
1,18806,1,1,0, 18807
1,18966,1,1,0, 18967
8,18976,1,1,0, 18977
16,18979,2,2,1, 18981
25,18995,2,2,1, 18997
1,19006,1,1,1, 19007
8,19016,1,1,1, 19017
1,19046,1,1,1, 19047
8,19056,1,1,0, 19057
15,19061,2,2,1, 19063
23,19068,3,3,1, 19071
8,19096,1,1,1, 19097
9,19097,2,2,1, 19099
15,19101,2,2,1, 19103
8,19136,1,1,0, 19137
8,19176,1,1,1, 19177
15,19181,2,2,1, 19183
23,19308,3,3,1, 19311
2,19323,2,2,1, 19325
1,19326,1,1,1, 19327
8,19336,1,1,0, 19337
9,19337,2,2,1, 19339
2,19363,2,2,1, 19365
1,19366,1,1,0, 19367
8,19376,1,1,1, 19377
15,19381,2,2,1, 19383
1,19406,1,1,0, 19407
8,19416,1,1,1, 19417
15,19421,2,2,1, 19423
25,19435,2,2,1, 19437
1,19446,1,1,0, 19447
8,19456,1,1,0, 19457
16,19459,2,2,1, 19461
17,19459,3,3,1, 19462
25,19475,2,2,1, 19477
1,19486,1,1,1, 19487
8,19496,1,1,1, 19497
16,19499,2,2,1, 19501
17,19499,3,3,1, 19502
1,19606,1,1,0, 19607
2,19643,2,2,1, 19645
1,19646,1,1,0, 19647
1,19686,1,1,0, 19687
8,19696,1,1,0, 19697
1,19726,1,1,0, 19727
8,19736,1,1,1, 19737
15,19741,2,2,1, 19743
1,19766,1,1,0, 19767
8,19776,1,1,0, 19777
15,19781,2,2,1, 19783
23,19788,3,3,1, 19791
1,19806,1,1,1, 19807
8,19816,1,1,0, 19817
9,19817,2,2,1, 19819
16,19819,2,2,1, 19821
15,19821,2,2,1, 19823
2,19843,2,2,1, 19845
1,19846,1,1,0, 19847
8,19856,1,1,1, 19857
16,19859,2,2,1, 19861
8,19936,1,1,1, 19937
1,19966,1,1,1, 19967
8,19976,1,1,1, 19977
9,19977,2,2,1, 19979
15,19981,2,2,1, 19983
1,20006,1,1,0, 20007
1,20046,1,1,0, 20047
1,20086,1,1,0, 20087
8,20096,1,1,0, 20097
16,20099,2,2,1, 20101
17,20099,3,3,1, 20102
1,20126,1,1,1, 20127
8,20136,1,1,0, 20137
9,20137,2,2,1, 20139
15,20141,2,2,1, 20143
1,20166,1,1,1, 20167
8,20176,1,1,1, 20177
1,20206,1,1,1, 20207
8,20216,1,1,1, 20217
16,20219,2,2,1, 20221
17,20219,3,3,1, 20222
1,20246,1,1,1, 20247
1,20286,1,1,0, 20287
8,20296,1,1,0, 20297
16,20299,2,2,1, 20301
15,20301,2,2,1, 20303
25,20315,2,2,1, 20317
2,20323,2,2,1, 20325
1,20326,1,1,1, 20327
8,20336,1,1,0, 20337
1,20446,1,1,1, 20447
8,20456,1,1,1, 20457
16,20459,2,2,1, 20461
15,20461,2,2,1, 20463
1,20486,1,1,0, 20487
8,20496,1,1,0, 20497
1,20526,1,1,1, 20527
8,20536,1,1,0, 20537
1,20566,1,1,1, 20567
8,20576,1,1,0, 20577
9,20577,2,2,1, 20579
16,20579,2,2,1, 20581
17,20579,3,3,1, 20582
1,20606,1,1,1, 20607
8,20616,1,1,0, 20617
16,20619,2,2,1, 20621
15,20621,2,2,1, 20623
23,20628,3,3,1, 20631
1,20646,1,1,0, 20647
8,20656,1,1,0, 20657
16,20659,2,2,1, 20661
15,20661,2,2,1, 20663
1,20686,1,1,0, 20687
8,20696,1,1,1, 20697
1,20726,1,1,1, 20727
25,20755,2,2,1, 20757
1,20766,1,1,1, 20767
9,20777,2,2,1, 20779
2,20803,2,2,1, 20805
1,20806,1,1,0, 20807
8,20816,1,1,1, 20817
9,20817,2,2,1, 20819
16,20819,2,2,1, 20821
15,20821,2,2,1, 20823
8,20856,1,1,0, 20857
9,20857,2,2,1, 20859
8,20896,1,1,0, 20897
15,20901,2,2,1, 20903
1,20926,1,1,1, 20927
8,20936,1,1,0, 20937
9,20937,2,2,1, 20939
2,21043,2,2,1, 21045
1,21046,1,1,0, 21047
8,21056,1,1,0, 21057
9,21057,2,2,1, 21059
16,21059,2,2,1, 21061
15,21061,2,2,1, 21063
2,21083,2,2,1, 21085
1,21086,1,1,0, 21087
8,21096,1,1,0, 21097
9,21097,2,2,1, 21099
1,21126,1,1,0, 21127
8,21136,1,1,1, 21137
15,21141,2,2,1, 21143
1,21166,1,1,1, 21167
8,21176,1,1,1, 21177
25,21195,2,2,1, 21197
1,21206,1,1,0, 21207
25,21235,2,2,1, 21237
8,21296,1,1,1, 21297
23,21308,3,3,1, 21311
8,21336,1,1,0, 21337
16,21339,2,2,1, 21341
23,21348,3,3,1, 21351
1,21366,1,1,1, 21367
8,21376,1,1,0, 21377
15,21381,2,2,1, 21383
1,21406,1,1,1, 21407
8,21416,1,1,0, 21417
25,21435,2,2,1, 21437
1,21446,1,1,0, 21447
8,21456,1,1,0, 21457
15,21461,2,2,1, 21463
1,21486,1,1,0, 21487
8,21496,1,1,1, 21497
2,21523,2,2,1, 21525
1,21526,1,1,0, 21527
8,21536,1,1,1, 21537
1,21566,1,1,1, 21567
8,21576,1,1,0, 21577
1,21606,1,1,1, 21607
8,21616,1,1,1, 21617
9,21617,2,2,1, 21619
15,21621,2,2,1, 21623
2,21643,2,2,1, 21645
1,21646,1,1,1, 21647
8,21656,1,1,0, 21657
23,21668,3,3,1, 21671
8,21696,1,1,0, 21697
9,21697,2,2,1, 21699
16,21699,2,2,1, 21701
1,21766,1,1,0, 21767
1,21806,1,1,1, 21807
1,21846,1,1,0, 21847
8,21856,1,1,0, 21857
25,21875,2,2,1, 21877
2,21883,2,2,1, 21885
1,21886,1,1,1, 21887
8,21896,1,1,0, 21897
9,21897,2,2,1, 21899
1,21926,1,1,0, 21927
8,21936,1,1,1, 21937
1,21966,1,1,1, 21967
8,21976,1,1,1, 21977
1,22006,1,1,1, 22007
8,22016,1,1,0, 22017
1,22046,1,1,0, 22047
8,22056,1,1,1, 22057
15,22061,2,2,1, 22063
8,22096,1,1,1, 22097
8,22136,1,1,0, 22137
15,22141,2,2,1, 22143
8,22176,1,1,1, 22177
15,22181,2,2,1, 22183
2,22203,2,2,1, 22205
8,22216,1,1,1, 22217
8,22256,1,1,1, 22257
15,22261,2,2,1, 22263
8,22296,1,1,0, 22297
15,22301,2,2,1, 22303
25,22315,2,2,1, 22317
1,22406,1,1,0, 22407
9,22417,2,2,1, 22419
1,22446,1,1,1, 22447
8,22456,1,1,0, 22457
16,22459,2,2,1, 22461
1,22486,1,1,0, 22487
8,22496,1,1,0, 22497
17,22499,3,3,1, 22502
15,22501,2,2,1, 22503
1,22526,1,1,0, 22527
8,22536,1,1,0, 22537
8,22576,1,1,1, 22577
15,22581,2,2,1, 22583
8,22616,1,1,1, 22617
15,22621,2,2,1, 22623
8,22656,1,1,0, 22657
15,22661,2,2,1, 22663
23,22668,3,3,1, 22671
1,22686,1,1,0, 22687
2,22723,2,2,1, 22725
1,22726,1,1,1, 22727
1,22766,1,1,0, 22767
1,22806,1,1,1, 22807
8,22816,1,1,1, 22817
9,22817,2,2,1, 22819
25,22835,2,2,1, 22837
1,22846,1,1,0, 22847
8,22856,1,1,1, 22857
8,22896,1,1,0, 22897
23,22908,3,3,1, 22911
8,22936,1,1,0, 22937
1,22966,1,1,0, 22967
8,22976,1,1,1, 22977
2,23003,2,2,1, 23005
1,23006,1,1,0, 23007
8,23016,1,1,0, 23017
1,23046,1,1,1, 23047
8,23056,1,1,1, 23057
1,23086,1,1,0, 23087
8,23096,1,1,1, 23097
9,23097,2,2,1, 23099
1,23126,1,1,0, 23127
8,23136,1,1,1, 23137
1,23286,1,1,1, 23287
8,23296,1,1,1, 23297
15,23301,2,2,1, 23303
2,23323,2,2,1, 23325
1,23326,1,1,0, 23327
8,23336,1,1,0, 23337
2,23363,2,2,1, 23365
1,23366,1,1,1, 23367
8,23376,1,1,1, 23377
16,23379,2,2,1, 23381
15,23381,2,2,1, 23383
1,23406,1,1,1, 23407
25,23435,2,2,1, 23437
1,23446,1,1,0, 23447
9,23457,2,2,1, 23459
1,23486,1,1,1, 23487
8,23536,1,1,1, 23537
8,23576,1,1,0, 23577
15,23581,2,2,1, 23583
8,23616,1,1,1, 23617
16,23619,2,2,1, 23621
1,23646,1,1,0, 23647
8,23656,1,1,0, 23657
16,23659,2,2,1, 23661
15,23661,2,2,1, 23663
25,23675,2,2,1, 23677
1,23686,1,1,0, 23687
8,23696,1,1,0, 23697
16,23699,2,2,1, 23701
15,23701,2,2,1, 23703
25,23715,2,2,1, 23717
1,23726,1,1,0, 23727
8,23736,1,1,0, 23737
16,23739,2,2,1, 23741
15,23741,2,2,1, 23743
25,23755,2,2,1, 23757
8,23776,1,1,1, 23777
9,23777,2,2,1, 23779
16,23779,2,2,1, 23781
2,23883,2,2,1, 23885
1,23886,1,1,0, 23887
8,23896,1,1,0, 23897
16,23899,2,2,1, 23901
2,23923,2,2,1, 23925
1,23926,1,1,1, 23927
8,23936,1,1,1, 23937
9,23937,2,2,1, 23939
8,23976,1,1,1, 23977
15,23981,2,2,1, 23983
8,24016,1,1,1, 24017
1,24046,1,1,0, 24047
8,24056,1,1,1, 24057
16,24059,2,2,1, 24061
15,24061,2,2,1, 24063
8,24096,1,1,1, 24097
8,24136,1,1,1, 24137
1,24166,1,1,1, 24167
8,24176,1,1,1, 24177
16,24179,2,2,1, 24181
15,24181,2,2,1, 24183
1,24206,1,1,1, 24207
8,24216,1,1,0, 24217
16,24219,2,2,1, 24221
15,24221,2,2,1, 24223
8,24256,1,1,1, 24257
8,24296,1,1,1, 24297
8,24336,1,1,0, 24337
8,24376,1,1,0, 24377
8,24416,1,1,0, 24417
16,24419,2,2,1, 24421
15,24421,2,2,1, 24423
8,24456,1,1,1, 24457
15,24461,2,2,1, 24463
25,24475,2,2,1, 24477
2,24603,2,2,1, 24605
1,24606,1,1,0, 24607
8,24616,1,1,0, 24617
9,24617,2,2,1, 24619
2,24643,2,2,1, 24645
1,24646,1,1,1, 24647
8,24656,1,1,0, 24657
8,24696,1,1,1, 24697
9,24697,2,2,1, 24699
8,24736,1,1,0, 24737
8,24776,1,1,1, 24777
1,24806,1,1,1, 24807
8,24816,1,1,0, 24817
16,24819,2,2,1, 24821
1,24846,1,1,0, 24847
8,24856,1,1,1, 24857
16,24859,2,2,1, 24861
25,24875,2,2,1, 24877
1,24886,1,1,0, 24887
8,24896,1,1,1, 24897
16,24899,2,2,1, 24901
15,24901,2,2,1, 24903
1,24926,1,1,1, 24927
8,24936,1,1,1, 24937
8,24976,1,1,1, 24977
16,24979,2,2,1, 24981
8,25016,1,1,1, 25017
25,25075,2,2,1, 25077
1,25086,1,1,1, 25087
9,25097,2,2,1, 25099
2,25123,2,2,1, 25125
1,25126,1,1,1, 25127
8,25136,1,1,0, 25137
9,25137,2,2,1, 25139
16,25139,2,2,1, 25141
15,25141,2,2,1, 25143
1,25166,1,1,0, 25167
8,25176,1,1,0, 25177
16,25179,2,2,1, 25181
15,25181,2,2,1, 25183
25,25195,2,2,1, 25197
8,25216,1,1,1, 25217
16,25219,2,2,1, 25221
15,25221,2,2,1, 25223
8,25256,1,1,1, 25257
15,25261,2,2,1, 25263
8,25296,1,1,0, 25297
16,25299,2,2,1, 25301
8,25336,1,1,1, 25337
16,25339,2,2,1, 25341
1,25366,1,1,1, 25367
8,25376,1,1,1, 25377
16,25379,2,2,1, 25381
2,25403,2,2,1, 25405
1,25406,1,1,0, 25407
8,25416,1,1,1, 25417
1,25446,1,1,1, 25447
8,25456,1,1,0, 25457
15,25461,2,2,1, 25463
25,25475,2,2,1, 25477
1,25486,1,1,1, 25487
8,25496,1,1,0, 25497
9,25497,2,2,1, 25499
16,25499,2,2,1, 25501
1,25526,1,1,0, 25527
1,25566,1,1,1, 25567
2,25603,2,2,1, 25605
1,25606,1,1,1, 25607
8,25616,1,1,0, 25617
9,25617,2,2,1, 25619
16,25619,2,2,1, 25621
8,25656,1,1,0, 25657
15,25661,2,2,1, 25663
8,25696,1,1,0, 25697
15,25701,2,2,1, 25703
1,25726,1,1,0, 25727
8,25736,1,1,1, 25737
15,25741,2,2,1, 25743
8,25776,1,1,0, 25777
9,25777,2,2,1, 25779
1,25846,1,1,0, 25847
1,25886,1,1,1, 25887
1,25926,1,1,0, 25927
8,25936,1,1,1, 25937
16,25939,2,2,1, 25941
15,25941,2,2,1, 25943
1,25966,1,1,0, 25967
8,25976,1,1,0, 25977
16,25979,2,2,1, 25981
15,25981,2,2,1, 25983
1,26006,1,1,1, 26007
8,26016,1,1,1, 26017
25,26035,2,2,1, 26037
1,26046,1,1,1, 26047
8,26056,1,1,0, 26057
15,26061,2,2,1, 26063
25,26075,2,2,1, 26077
1,26086,1,1,0, 26087
8,26096,1,1,1, 26097
16,26099,2,2,1, 26101
8,26136,1,1,0, 26137
9,26137,2,2,1, 26139
8,26176,1,1,0, 26177
8,26216,1,1,0, 26217
16,26219,2,2,1, 26221
1,26286,1,1,1, 26287
8,26296,1,1,1, 26297
16,26299,2,2,1, 26301
1,26326,1,1,1, 26327
8,26336,1,1,1, 26337
9,26337,2,2,1, 26339
16,26339,2,2,1, 26341
25,26355,2,2,1, 26357
1,26366,1,1,1, 26367
9,26377,2,2,1, 26379
2,26403,2,2,1, 26405
1,26406,1,1,1, 26407
8,26456,1,1,0, 26457
9,26457,2,2,1, 26459
8,26496,1,1,0, 26497
15,26501,2,2,1, 26503
1,26526,1,1,1, 26527
8,26536,1,1,1, 26537
16,26539,2,2,1, 26541
15,26541,2,2,1, 26543
1,26566,1,1,0, 26567
8,26576,1,1,0, 26577
16,26579,2,2,1, 26581
15,26581,2,2,1, 26583
25,26595,2,2,1, 26597
1,26606,1,1,1, 26607
1,26646,1,1,1, 26647
2,26683,2,2,1, 26685
1,26686,1,1,0, 26687
8,26696,1,1,1, 26697
8,26736,1,1,1, 26737
8,26776,1,1,0, 26777
16,26779,2,2,1, 26781
15,26781,2,2,1, 26783
1,26806,1,1,1, 26807
8,26816,1,1,0, 26817
9,26817,2,2,1, 26819
25,26835,2,2,1, 26837
1,26846,1,1,0, 26847
1,26886,1,1,1, 26887
2,26923,2,2,1, 26925
1,26926,1,1,0, 26927
8,26936,1,1,0, 26937
15,26941,2,2,1, 26943
8,26976,1,1,1, 26977
9,26977,2,2,1, 26979
15,26981,2,2,1, 26983
1,27046,1,1,0, 27047
9,27057,2,2,1, 27059
1,27086,1,1,0, 27087
1,27126,1,1,1, 27127
8,27136,1,1,0, 27137
16,27139,2,2,1, 27141
15,27141,2,2,1, 27143
1,27166,1,1,1, 27167
8,27176,1,1,0, 27177
16,27179,2,2,1, 27181
1,27206,1,1,1, 27207
8,27216,1,1,1, 27217
2,27243,2,2,1, 27245
1,27246,1,1,1, 27247
8,27256,1,1,1, 27257
16,27259,2,2,1, 27261
15,27261,2,2,1, 27263
25,27275,2,2,1, 27277
1,27286,1,1,0, 27287
8,27296,1,1,1, 27297
15,27301,2,2,1, 27303
8,27336,1,1,0, 27337
1,27406,1,1,0, 27407
9,27417,2,2,1, 27419
1,27446,1,1,1, 27447
1,27486,1,1,0, 27487
8,27496,1,1,1, 27497
1,27526,1,1,0, 27527
8,27536,1,1,1, 27537
9,27537,2,2,1, 27539
16,27539,2,2,1, 27541
1,27566,1,1,1, 27567
8,27576,1,1,0, 27577
16,27579,2,2,1, 27581
25,27595,2,2,1, 27597
2,27603,2,2,1, 27605
1,27606,1,1,0, 27607
8,27616,1,1,1, 27617
1,27646,1,1,0, 27647
8,27656,1,1,1, 27657
16,27659,2,2,1, 27661
1,27686,1,1,1, 27687
8,27696,1,1,1, 27697
9,27697,2,2,1, 27699
16,27699,2,2,1, 27701
25,27715,2,2,1, 27717
1,27726,1,1,0, 27727
8,27736,1,1,1, 27737
25,27755,2,2,1, 27757
1,27766,1,1,0, 27767
8,27776,1,1,0, 27777
16,27779,2,2,1, 27781
8,27816,1,1,0, 27817
16,27819,2,2,1, 27821
2,27963,2,2,1, 27965
1,27966,1,1,0, 27967
8,27976,1,1,0, 27977
15,27981,2,2,1, 27983
2,28003,2,2,1, 28005
1,28006,1,1,1, 28007
8,28016,1,1,0, 28017
15,28021,2,2,1, 28023
8,28056,1,1,1, 28057
8,28096,1,1,1, 28097
16,28099,2,2,1, 28101
1,28126,1,1,0, 28127
8,28136,1,1,1, 28137
25,28155,2,2,1, 28157
1,28166,1,1,1, 28167
8,28176,1,1,1, 28177
16,28179,2,2,1, 28181
8,28216,1,1,1, 28217
9,28217,2,2,1, 28219
16,28219,2,2,1, 28221
8,28256,1,1,1, 28257
16,28259,2,2,1, 28261
1,28326,1,1,1, 28327
1,28366,1,1,0, 28367
8,28376,1,1,0, 28377
1,28406,1,1,1, 28407
8,28416,1,1,0, 28417
9,28417,2,2,1, 28419
15,28421,2,2,1, 28423
1,28446,1,1,0, 28447
8,28456,1,1,0, 28457
9,28457,2,2,1, 28459
16,28459,2,2,1, 28461
15,28461,2,2,1, 28463
1,28486,1,1,0, 28487
8,28496,1,1,1, 28497
9,28497,2,2,1, 28499
1,28606,1,1,1, 28607
8,28616,1,1,0, 28617
9,28617,2,2,1, 28619
16,28619,2,2,1, 28621
1,28646,1,1,0, 28647
8,28656,1,1,1, 28657
9,28657,2,2,1, 28659
1,28686,1,1,1, 28687
8,28696,1,1,0, 28697
1,28726,1,1,0, 28727
8,28736,1,1,0, 28737
8,28776,1,1,1, 28777
16,28779,2,2,1, 28781
15,28781,2,2,1, 28783
8,28816,1,1,1, 28817
1,28846,1,1,0, 28847
8,28856,1,1,0, 28857
25,28875,2,2,1, 28877
1,28886,1,1,1, 28887
8,28896,1,1,0, 28897
16,28899,2,2,1, 28901
15,28901,2,2,1, 28903
1,28926,1,1,0, 28927
8,28936,1,1,1, 28937
16,28939,2,2,1, 28941
1,28966,1,1,1, 28967
8,28976,1,1,1, 28977
16,28979,2,2,1, 28981
1,29006,1,1,0, 29007
9,29017,2,2,1, 29019
2,29043,2,2,1, 29045
1,29046,1,1,1, 29047
9,29057,2,2,1, 29059
2,29083,2,2,1, 29085
1,29086,1,1,1, 29087
8,29096,1,1,1, 29097
9,29097,2,2,1, 29099
8,29136,1,1,0, 29137
16,29139,2,2,1, 29141
15,29141,2,2,1, 29143
8,29176,1,1,0, 29177
15,29181,2,2,1, 29183
1,29206,1,1,0, 29207
8,29216,1,1,0, 29217
9,29217,2,2,1, 29219
16,29219,2,2,1, 29221
1,29246,1,1,1, 29247
1,29286,1,1,0, 29287
1,29326,1,1,0, 29327
8,29336,1,1,0, 29337
9,29337,2,2,1, 29339
15,29341,2,2,1, 29343
8,29376,1,1,0, 29377
8,29416,1,1,1, 29417
16,29419,2,2,1, 29421
1,29446,1,1,1, 29447
8,29456,1,1,0, 29457
9,29457,2,2,1, 29459
16,29459,2,2,1, 29461
8,29496,1,1,1, 29497
9,29497,2,2,1, 29499
8,29536,1,1,0, 29537
15,29541,2,2,1, 29543
1,29566,1,1,1, 29567
8,29576,1,1,1, 29577
9,29577,2,2,1, 29579
16,29579,2,2,1, 29581
2,29603,2,2,1, 29605
1,29606,1,1,0, 29607
1,29646,1,1,1, 29647
1,29686,1,1,0, 29687
8,29696,1,1,1, 29697
9,29697,2,2,1, 29699
15,29701,2,2,1, 29703
1,29726,1,1,0, 29727
8,29736,1,1,0, 29737
15,29741,2,2,1, 29743
25,29755,2,2,1, 29757
8,29776,1,1,1, 29777
9,29777,2,2,1, 29779
8,29816,1,1,1, 29817
9,29817,2,2,1, 29819
16,29819,2,2,1, 29821
1,29886,1,1,1, 29887
1,29926,1,1,0, 29927
8,29936,1,1,0, 29937
15,29941,2,2,1, 29943
1,29966,1,1,1, 29967
8,29976,1,1,1, 29977
2,30003,2,2,1, 30005
1,30006,1,1,1, 30007
8,30016,1,1,1, 30017
16,30019,2,2,1, 30021
2,30043,2,2,1, 30045
1,30046,1,1,1, 30047
8,30056,1,1,1, 30057
15,30061,2,2,1, 30063
1,30086,1,1,0, 30087
8,30096,1,1,1, 30097
15,30101,2,2,1, 30103
25,30115,2,2,1, 30117
2,30203,2,2,1, 30205
1,30206,1,1,1, 30207
8,30256,1,1,1, 30257
16,30259,2,2,1, 30261
8,30296,1,1,0, 30297
9,30297,2,2,1, 30299
16,30299,2,2,1, 30301
8,30336,1,1,1, 30337
15,30341,2,2,1, 30343
1,30366,1,1,1, 30367
8,30376,1,1,0, 30377
16,30379,2,2,1, 30381
15,30381,2,2,1, 30383
1,30406,1,1,0, 30407
8,30416,1,1,0, 30417
16,30419,2,2,1, 30421
1,30446,1,1,1, 30447
9,30457,2,2,1, 30459
25,30475,2,2,1, 30477
2,30483,2,2,1, 30485
1,30486,1,1,1, 30487
9,30497,2,2,1, 30499
25,30515,2,2,1, 30517
1,30526,1,1,0, 30527
8,30536,1,1,0, 30537
9,30537,2,2,1, 30539
16,30539,2,2,1, 30541
15,30541,2,2,1, 30543
8,30576,1,1,0, 30577
16,30579,2,2,1, 30581
8,30616,1,1,0, 30617
16,30619,2,2,1, 30621
1,30646,1,1,1, 30647
8,30656,1,1,0, 30657
16,30659,2,2,1, 30661
1,30686,1,1,1, 30687
25,30715,2,2,1, 30717
2,30723,2,2,1, 30725
1,30726,1,1,0, 30727
1,30766,1,1,0, 30767
8,30776,1,1,1, 30777
16,30779,2,2,1, 30781
8,30816,1,1,0, 30817
9,30817,2,2,1, 30819
16,30819,2,2,1, 30821
1,30886,1,1,1, 30887
9,30897,2,2,1, 30899
1,30926,1,1,0, 30927
1,30966,1,1,1, 30967
8,30976,1,1,1, 30977
2,31003,2,2,1, 31005
1,31006,1,1,1, 31007
8,31016,1,1,1, 31017
16,31019,2,2,1, 31021
15,31021,2,2,1, 31023
1,31046,1,1,0, 31047
8,31056,1,1,1, 31057
25,31075,2,2,1, 31077
8,31096,1,1,1, 31097
9,31097,2,2,1, 31099
16,31099,2,2,1, 31101
8,31136,1,1,1, 31137
9,31137,2,2,1, 31139
8,31176,1,1,0, 31177
25,31195,2,2,1, 31197
8,31216,1,1,0, 31217
16,31219,2,2,1, 31221
8,31256,1,1,0, 31257
8,31296,1,1,1, 31297
8,31336,1,1,0, 31337
8,31376,1,1,0, 31377
16,31379,2,2,1, 31381
15,31381,2,2,1, 31383
8,31416,1,1,0, 31417
16,31419,2,2,1, 31421
2,31443,2,2,1, 31445
1,31446,1,1,1, 31447
2,31483,2,2,1, 31485
1,31486,1,1,0, 31487
1,31526,1,1,1, 31527
25,31555,2,2,1, 31557
1,31566,1,1,0, 31567
8,31576,1,1,1, 31577
9,31577,2,2,1, 31579
25,31595,2,2,1, 31597
2,31603,2,2,1, 31605
1,31606,1,1,1, 31607
8,31616,1,1,1, 31617
9,31617,2,2,1, 31619
16,31619,2,2,1, 31621
8,31656,1,1,0, 31657
16,31659,2,2,1, 31661
15,31661,2,2,1, 31663
1,31726,1,1,1, 31727
25,31755,2,2,1, 31757
1,31766,1,1,0, 31767
1,31806,1,1,1, 31807
8,31816,1,1,1, 31817
9,31817,2,2,1, 31819
1,31846,1,1,0, 31847
8,31856,1,1,0, 31857
9,31857,2,2,1, 31859
15,31861,2,2,1, 31863
8,31896,1,1,1, 31897
1,31926,1,1,1, 31927
8,31936,1,1,1, 31937
15,31941,2,2,1, 31943
1,31966,1,1,0, 31967
8,31976,1,1,1, 31977
15,31981,2,2,1, 31983
1,32006,1,1,0, 32007
8,32016,1,1,1, 32017
16,32019,2,2,1, 32021
1,32046,1,1,0, 32047
8,32056,1,1,0, 32057
15,32061,2,2,1, 32063
2,32083,2,2,1, 32085
1,32086,1,1,0, 32087
8,32096,1,1,0, 32097
16,32099,2,2,1, 32101
8,32136,1,1,1, 32137
16,32139,2,2,1, 32141
8,32296,1,1,0, 32297
9,32297,2,2,1, 32299
15,32301,2,2,1, 32303
8,32336,1,1,0, 32337
8,32376,1,1,1, 32377
16,32379,2,2,1, 32381
1,32406,1,1,0, 32407
8,32416,1,1,1, 32417
16,32419,2,2,1, 32421
1,32446,1,1,1, 32447
8,32456,1,1,0, 32457
9,32457,2,2,1, 32459
16,32459,2,2,1, 32461
15,32461,2,2,1, 32463
1,32486,1,1,1, 32487
25,32515,2,2,1, 32517
2,32523,2,2,1, 32525
1,32526,1,1,0, 32527
9,32537,2,2,1, 32539
1,32566,1,1,0, 32567
8,32576,1,1,1, 32577
8,32616,1,1,1, 32617
16,32619,2,2,1, 32621
1,32646,1,1,0, 32647
8,32656,1,1,0, 32657
15,32661,2,2,1, 32663
1,32686,1,1,0, 32687
8,32696,1,1,1, 32697
16,32699,2,2,1, 32701
1,32726,1,1,1, 32727
8,32736,1,1,1, 32737
1,32766,1,1,0, 32767
8,32776,1,1,0, 32777
16,32779,2,2,1, 32781
15,32781,2,2,1, 32783
1,32806,1,1,1, 32807
8,32816,1,1,1, 32817
1,32846,1,1,1, 32847
8,32856,1,1,0, 32857
15,32861,2,2,1, 32863
25,32875,2,2,1, 32877
8,32896,1,1,1, 32897
15,32901,2,2,1, 32903
8,32936,1,1,0, 32937
9,32937,2,2,1, 32939
16,32939,2,2,1, 32941
25,32995,2,2,1, 32997
2,33003,2,2,1, 33005
1,33006,1,1,0, 33007
2,33043,2,2,1, 33045
1,33046,1,1,1, 33047
8,33056,1,1,1, 33057
8,33096,1,1,0, 33097
16,33099,2,2,1, 33101
8,33136,1,1,0, 33137
16,33139,2,2,1, 33141
1,33166,1,1,0, 33167
8,33176,1,1,1, 33177
16,33179,2,2,1, 33181
8,33216,1,1,0, 33217
8,33256,1,1,1, 33257
16,33259,2,2,1, 33261
1,33286,1,1,0, 33287
8,33296,1,1,1, 33297
9,33297,2,2,1, 33299
16,33299,2,2,1, 33301
1,33326,1,1,0, 33327
2,33363,2,2,1, 33365
1,33366,1,1,0, 33367
2,33403,2,2,1, 33405
1,33406,1,1,0, 33407
8,33416,1,1,0, 33417
9,33417,2,2,1, 33419
15,33421,2,2,1, 33423
25,33435,2,2,1, 33437
1,33446,1,1,1, 33447
8,33456,1,1,0, 33457
16,33459,2,2,1, 33461
2,33563,2,2,1, 33565
1,33566,1,1,1, 33567
8,33616,1,1,0, 33617
9,33617,2,2,1, 33619
16,33619,2,2,1, 33621
8,33656,1,1,1, 33657
8,33696,1,1,0, 33697
1,33726,1,1,0, 33727
8,33736,1,1,1, 33737
16,33739,2,2,1, 33741
15,33741,2,2,1, 33743
1,33766,1,1,0, 33767
8,33776,1,1,0, 33777
16,33779,2,2,1, 33781
25,33795,2,2,1, 33797
1,33806,1,1,0, 33807
8,33816,1,1,0, 33817
16,33819,2,2,1, 33821
15,33821,2,2,1, 33823
2,33963,2,2,1, 33965
1,33966,1,1,0, 33967
8,33976,1,1,1, 33977
9,33977,2,2,1, 33979
2,34003,2,2,1, 34005
1,34006,1,1,1, 34007
8,34016,1,1,1, 34017
9,34017,2,2,1, 34019
15,34021,2,2,1, 34023
8,34056,1,1,0, 34057
15,34061,2,2,1, 34063
8,34096,1,1,1, 34097
15,34101,2,2,1, 34103
1,34126,1,1,0, 34127
8,34136,1,1,1, 34137
16,34139,2,2,1, 34141
1,34166,1,1,1, 34167
2,34203,2,2,1, 34205
1,34206,1,1,1, 34207
1,34246,1,1,1, 34247
8,34256,1,1,1, 34257
9,34257,2,2,1, 34259
16,34259,2,2,1, 34261
8,34296,1,1,0, 34297
16,34299,2,2,1, 34301
15,34301,2,2,1, 34303
1,34366,1,1,0, 34367
9,34377,2,2,1, 34379
1,34406,1,1,1, 34407
1,34446,1,1,1, 34447
8,34456,1,1,1, 34457
16,34459,2,2,1, 34461
1,34486,1,1,0, 34487
8,34496,1,1,1, 34497
9,34497,2,2,1, 34499
16,34499,2,2,1, 34501
15,34501,2,2,1, 34503
8,34536,1,1,1, 34537
16,34539,2,2,1, 34541
15,34541,2,2,1, 34543
8,34576,1,1,1, 34577
16,34579,2,2,1, 34581
15,34581,2,2,1, 34583
1,34606,1,1,0, 34607
8,34616,1,1,0, 34617
9,34617,2,2,1, 34619
16,34619,2,2,1, 34621
1,34726,1,1,0, 34727
8,34736,1,1,1, 34737
16,34739,2,2,1, 34741
1,34766,1,1,0, 34767
8,34776,1,1,1, 34777
15,34781,2,2,1, 34783
1,34806,1,1,1, 34807
8,34816,1,1,1, 34817
16,34819,2,2,1, 34821
15,34821,2,2,1, 34823
2,34843,2,2,1, 34845
1,34846,1,1,0, 34847
8,34856,1,1,1, 34857
16,34859,2,2,1, 34861
2,34883,2,2,1, 34885
1,34886,1,1,1, 34887
8,34896,1,1,1, 34897
1,34926,1,1,1, 34927
8,34936,1,1,1, 34937
16,34939,2,2,1, 34941
25,34955,2,2,1, 34957
1,34966,1,1,1, 34967
8,34976,1,1,0, 34977
9,34977,2,2,1, 34979
15,34981,2,2,1, 34983
1,35006,1,1,1, 35007
8,35016,1,1,0, 35017
9,35017,2,2,1, 35019
8,35056,1,1,1, 35057
16,35059,2,2,1, 35061
15,35061,2,2,1, 35063
8,35096,1,1,0, 35097
1,35166,1,1,1, 35167
2,35203,2,2,1, 35205
1,35206,1,1,1, 35207
1,35246,1,1,0, 35247
25,35275,2,2,1, 35277
1,35286,1,1,0, 35287
8,35296,1,1,1, 35297
16,35299,2,2,1, 35301
25,35315,2,2,1, 35317
1,35326,1,1,1, 35327
8,35336,1,1,1, 35337
1,35366,1,1,0, 35367
8,35376,1,1,1, 35377
1,35406,1,1,1, 35407
8,35416,1,1,0, 35417
9,35417,2,2,1, 35419
1,35446,1,1,0, 35447
8,35456,1,1,0, 35457
16,35459,2,2,1, 35461
15,35461,2,2,1, 35463
8,35496,1,1,0, 35497
9,35497,2,2,1, 35499
8,35536,1,1,0, 35537
16,35539,2,2,1, 35541
15,35541,2,2,1, 35543
8,35576,1,1,0, 35577
8,35616,1,1,1, 35617
1,35646,1,1,0, 35647
1,35686,1,1,0, 35687
9,35697,2,2,1, 35699
1,35726,1,1,1, 35727
9,35737,2,2,1, 35739
25,35755,2,2,1, 35757
8,35776,1,1,0, 35777
16,35779,2,2,1, 35781
15,35781,2,2,1, 35783
8,35816,1,1,0, 35817
8,35856,1,1,1, 35857
1,35886,1,1,0, 35887
8,35896,1,1,0, 35897
16,35899,2,2,1, 35901
2,35923,2,2,1, 35925
1,35926,1,1,1, 35927
8,35936,1,1,1, 35937
16,35939,2,2,1, 35941
1,35966,1,1,0, 35967
8,35976,1,1,1, 35977
25,35995,2,2,1, 35997
1,36006,1,1,0, 36007
8,36016,1,1,1, 36017
16,36019,2,2,1, 36021
25,36035,2,2,1, 36037
1,36046,1,1,1, 36047
8,36056,1,1,0, 36057
9,36057,2,2,1, 36059
16,36059,2,2,1, 36061
15,36061,2,2,1, 36063
25,36075,2,2,1, 36077
1,36086,1,1,0, 36087
8,36176,1,1,0, 36177
16,36179,2,2,1, 36181
8,36216,1,1,0, 36217
2,36243,2,2,1, 36245
1,36246,1,1,1, 36247
8,36256,1,1,0, 36257
2,36283,2,2,1, 36285
1,36286,1,1,0, 36287
8,36296,1,1,0, 36297
9,36297,2,2,1, 36299
15,36301,2,2,1, 36303
1,36326,1,1,0, 36327
8,36336,1,1,0, 36337
16,36339,2,2,1, 36341
1,36366,1,1,0, 36367
8,36376,1,1,1, 36377
16,36379,2,2,1, 36381
15,36381,2,2,1, 36383
1,36406,1,1,0, 36407
8,36416,1,1,0, 36417
25,36435,2,2,1, 36437
2,36443,2,2,1, 36445
1,36446,1,1,0, 36447
8,36456,1,1,0, 36457
25,36475,2,2,1, 36477
8,36496,1,1,1, 36497
9,36497,2,2,1, 36499
8,36536,1,1,1, 36537
9,36537,2,2,1, 36539
1,36606,1,1,1, 36607
8,36616,1,1,1, 36617
16,36619,2,2,1, 36621
1,36646,1,1,1, 36647
8,36656,1,1,0, 36657
9,36657,2,2,1, 36659
1,36686,1,1,1, 36687
2,36723,2,2,1, 36725
1,36726,1,1,1, 36727
9,36737,2,2,1, 36739
2,36763,2,2,1, 36765
1,36766,1,1,1, 36767
8,36776,1,1,0, 36777
16,36779,2,2,1, 36781
15,36781,2,2,1, 36783
8,36816,1,1,1, 36817
16,36819,2,2,1, 36821
15,36821,2,2,1, 36823
8,36856,1,1,0, 36857
16,36859,2,2,1, 36861
1,36886,1,1,0, 36887
8,36896,1,1,1, 36897
2,36923,2,2,1, 36925
1,36926,1,1,0, 36927
8,36936,1,1,1, 36937
1,36966,1,1,1, 36967
1,37006,1,1,1, 37007
9,37017,2,2,1, 37019
1,37046,1,1,1, 37047
9,37057,2,2,1, 37059
8,37096,1,1,1, 37097
15,37101,2,2,1, 37103
8,37136,1,1,0, 37137
15,37141,2,2,1, 37143
8,37176,1,1,0, 37177
16,37179,2,2,1, 37181
25,37195,2,2,1, 37197
2,37203,2,2,1, 37205
1,37206,1,1,1, 37207
8,37216,1,1,0, 37217
8,37256,1,1,1, 37257
16,37259,2,2,1, 37261
25,37275,2,2,1, 37277
1,37286,1,1,0, 37287
8,37296,1,1,0, 37297
1,37326,1,1,0, 37327
8,37336,1,1,1, 37337
16,37339,2,2,1, 37341
1,37366,1,1,0, 37367
8,37376,1,1,1, 37377
16,37379,2,2,1, 37381
2,37403,2,2,1, 37405
1,37406,1,1,0, 37407
8,37416,1,1,0, 37417
25,37435,2,2,1, 37437
2,37563,2,2,1, 37565
1,37566,1,1,0, 37567
8,37576,1,1,1, 37577
15,37581,2,2,1, 37583
1,37606,1,1,0, 37607
8,37616,1,1,1, 37617
9,37617,2,2,1, 37619
15,37621,2,2,1, 37623
2,37643,2,2,1, 37645
1,37646,1,1,1, 37647
8,37656,1,1,0, 37657
25,37675,2,2,1, 37677
1,37686,1,1,0, 37687
8,37696,1,1,1, 37697
15,37701,2,2,1, 37703
1,37726,1,1,1, 37727
8,37736,1,1,1, 37737
9,37737,2,2,1, 37739
16,37739,2,2,1, 37741
15,37741,2,2,1, 37743
25,37755,2,2,1, 37757
1,37766,1,1,0, 37767
8,37776,1,1,1, 37777
9,37777,2,2,1, 37779
16,37779,2,2,1, 37781
25,37795,2,2,1, 37797
2,37923,2,2,1, 37925
1,37926,1,1,0, 37927
8,37936,1,1,1, 37937
2,37963,2,2,1, 37965
1,37966,1,1,0, 37967
8,37976,1,1,1, 37977
16,37979,2,2,1, 37981
1,38006,1,1,1, 38007
8,38016,1,1,1, 38017
16,38019,2,2,1, 38021
1,38046,1,1,0, 38047
8,38056,1,1,0, 38057
15,38061,2,2,1, 38063
1,38086,1,1,0, 38087
8,38096,1,1,1, 38097
9,38097,2,2,1, 38099
15,38101,2,2,1, 38103
1,38126,1,1,0, 38127
8,38136,1,1,0, 38137
9,38137,2,2,1, 38139
8,38176,1,1,0, 38177
16,38179,2,2,1, 38181
8,38216,1,1,0, 38217
16,38219,2,2,1, 38221
15,38221,2,2,1, 38223
8,38256,1,1,1, 38257
16,38259,2,2,1, 38261
15,38261,2,2,1, 38263
25,38275,2,2,1, 38277
1,38286,1,1,0, 38287
1,38326,1,1,1, 38327
1,38366,1,1,0, 38367
25,38395,2,2,1, 38397
8,38416,1,1,0, 38417
16,38419,2,2,1, 38421
15,38421,2,2,1, 38423
8,38456,1,1,1, 38457
16,38459,2,2,1, 38461
8,38496,1,1,1, 38497
15,38501,2,2,1, 38503
2,38523,2,2,1, 38525
8,38536,1,1,0, 38537
16,38539,2,2,1, 38541
15,38541,2,2,1, 38543
8,38576,1,1,1, 38577
16,38579,2,2,1, 38581
25,38635,2,2,1, 38637
1,38646,1,1,0, 38647
1,38686,1,1,1, 38687
2,38723,2,2,1, 38725
1,38726,1,1,1, 38727
8,38776,1,1,0, 38777
15,38781,2,2,1, 38783
8,38816,1,1,0, 38817
16,38819,2,2,1, 38821
8,38856,1,1,1, 38857
9,38857,2,2,1, 38859
25,38875,2,2,1, 38877
2,38883,2,2,1, 38885
1,38886,1,1,0, 38887
1,38926,1,1,0, 38927
1,38966,1,1,1, 38967
1,39006,1,1,0, 39007
8,39016,1,1,0, 39017
9,39017,2,2,1, 39019
16,39019,2,2,1, 39021
25,39035,2,2,1, 39037
2,39043,2,2,1, 39045
1,39046,1,1,1, 39047
8,39056,1,1,0, 39057
15,39061,2,2,1, 39063
8,39096,1,1,0, 39097
8,39136,1,1,1, 39137
15,39141,2,2,1, 39143
1,39166,1,1,0, 39167
8,39176,1,1,0, 39177
9,39177,2,2,1, 39179
16,39179,2,2,1, 39181
8,39216,1,1,0, 39217
16,39219,2,2,1, 39221
8,39256,1,1,0, 39257
1,39286,1,1,0, 39287
8,39296,1,1,0, 39297
16,39299,2,2,1, 39301
1,39326,1,1,1, 39327
8,39336,1,1,1, 39337
16,39339,2,2,1, 39341
25,39355,2,2,1, 39357
2,39483,2,2,1, 39485
1,39486,1,1,1, 39487
8,39496,1,1,1, 39497
16,39499,2,2,1, 39501
25,39515,2,2,1, 39517
1,39526,1,1,1, 39527
8,39536,1,1,0, 39537
16,39539,2,2,1, 39541
25,39555,2,2,1, 39557
1,39566,1,1,0, 39567
8,39576,1,1,1, 39577
15,39581,2,2,1, 39583
25,39595,2,2,1, 39597
1,39726,1,1,1, 39727
8,39736,1,1,1, 39737
16,39739,2,2,1, 39741
25,39755,2,2,1, 39757
1,39766,1,1,1, 39767
8,39776,1,1,1, 39777
16,39779,2,2,1, 39781
25,39795,2,2,1, 39797
1,39806,1,1,1, 39807
8,39816,1,1,1, 39817
15,39821,2,2,1, 39823
8,39856,1,1,1, 39857
15,39861,2,2,1, 39863
8,39896,1,1,1, 39897
9,39897,2,2,1, 39899
8,39936,1,1,0, 39937
1,40006,1,1,0, 40007
25,40035,2,2,1, 40037
1,40046,1,1,0, 40047
1,40086,1,1,1, 40087
8,40096,1,1,0, 40097
15,40101,2,2,1, 40103
1,40126,1,1,0, 40127
8,40136,1,1,0, 40137
9,40137,2,2,1, 40139
16,40139,2,2,1, 40141
15,40141,2,2,1, 40143
2,40163,2,2,1, 40165
1,40166,1,1,0, 40167
8,40176,1,1,0, 40177
25,40195,2,2,1, 40197
8,40216,1,1,0, 40217
8,40256,1,1,1, 40257
1,40286,1,1,0, 40287
8,40296,1,1,0, 40297
9,40297,2,2,1, 40299
25,40315,2,2,1, 40317
8,40336,1,1,0, 40337
9,40337,2,2,1, 40339
16,40339,2,2,1, 40341
8,40376,1,1,0, 40377
9,40377,2,2,1, 40379
1,40446,1,1,0, 40447
25,40475,2,2,1, 40477
1,40486,1,1,1, 40487
8,40496,1,1,0, 40497
25,40515,2,2,1, 40517
1,40526,1,1,1, 40527
8,40536,1,1,0, 40537
8,40576,1,1,0, 40577
8,40616,1,1,0, 40617
8,40656,1,1,0, 40657
15,40661,2,2,1, 40663
25,40675,2,2,1, 40677
8,40696,1,1,0, 40697
16,40699,2,2,1, 40701
8,40736,1,1,1, 40737
16,40739,2,2,1, 40741
8,40776,1,1,1, 40777
9,40777,2,2,1, 40779
16,40779,2,2,1, 40781
25,40795,2,2,1, 40797
1,40806,1,1,0, 40807
8,40816,1,1,1, 40817
1,40846,1,1,0, 40847
8,40856,1,1,1, 40857
16,40859,2,2,1, 40861
15,40861,2,2,1, 40863
1,40886,1,1,0, 40887
8,40896,1,1,1, 40897
15,40901,2,2,1, 40903
25,40915,2,2,1, 40917
8,40936,1,1,1, 40937
16,40939,2,2,1, 40941
15,40941,2,2,1, 40943
8,40976,1,1,1, 40977
16,40979,2,2,1, 40981
1,41046,1,1,0, 41047
1,41086,1,1,1, 41087
8,41096,1,1,1, 41097
8,41136,1,1,0, 41137
16,41139,2,2,1, 41141
2,41163,2,2,1, 41165
1,41166,1,1,0, 41167
8,41176,1,1,1, 41177
25,41195,2,2,1, 41197
1,41206,1,1,1, 41207
8,41216,1,1,1, 41217
15,41221,2,2,1, 41223
8,41256,1,1,1, 41257
9,41257,2,2,1, 41259
15,41261,2,2,1, 41263
2,41283,2,2,1, 41285
1,41406,1,1,1, 41407
8,41416,1,1,0, 41417
1,41446,1,1,0, 41447
8,41456,1,1,1, 41457
15,41461,2,2,1, 41463
25,41475,2,2,1, 41477
2,41483,2,2,1, 41485
1,41486,1,1,1, 41487
8,41496,1,1,0, 41497
1,41526,1,1,1, 41527
8,41536,1,1,0, 41537
1,41566,1,1,1, 41567
8,41576,1,1,1, 41577
9,41577,2,2,1, 41579
16,41579,2,2,1, 41581
25,41595,2,2,1, 41597
1,41606,1,1,1, 41607
8,41616,1,1,1, 41617
16,41619,2,2,1, 41621
25,41635,2,2,1, 41637
8,41656,1,1,1, 41657
16,41659,2,2,1, 41661
8,41696,1,1,0, 41697
9,41697,2,2,1, 41699
16,41699,2,2,1, 41701
1,41726,1,1,0, 41727
8,41736,1,1,1, 41737
9,41737,2,2,1, 41739
8,41776,1,1,0, 41777
16,41779,2,2,1, 41781
8,41816,1,1,1, 41817
8,41856,1,1,1, 41857
25,41875,2,2,1, 41877
1,41886,1,1,0, 41887
8,41896,1,1,1, 41897
1,41926,1,1,1, 41927
8,41936,1,1,1, 41937
15,41941,2,2,1, 41943
1,41966,1,1,0, 41967
8,41976,1,1,1, 41977
16,41979,2,2,1, 41981
25,41995,2,2,1, 41997
1,42006,1,1,1, 42007
8,42016,1,1,0, 42017
16,42019,2,2,1, 42021
1,42046,1,1,0, 42047
8,42056,1,1,1, 42057
16,42059,2,2,1, 42061
1,42166,1,1,0, 42167
8,42176,1,1,0, 42177
9,42177,2,2,1, 42179
1,42206,1,1,0, 42207
8,42216,1,1,1, 42217
2,42243,2,2,1, 42245
1,42246,1,1,0, 42247
8,42256,1,1,1, 42257
2,42283,2,2,1, 42285
1,42286,1,1,1, 42287
8,42296,1,1,0, 42297
9,42297,2,2,1, 42299
16,42299,2,2,1, 42301
15,42301,2,2,1, 42303
25,42315,2,2,1, 42317
1,42326,1,1,0, 42327
8,42336,1,1,1, 42337
15,42341,2,2,1, 42343
25,42355,2,2,1, 42357
1,42366,1,1,1, 42367
8,42376,1,1,1, 42377
1,42406,1,1,0, 42407
8,42416,1,1,0, 42417
9,42417,2,2,1, 42419
16,42419,2,2,1, 42421
2,42443,2,2,1, 42445
1,42446,1,1,1, 42447
8,42456,1,1,1, 42457
9,42457,2,2,1, 42459
8,42496,1,1,1, 42497
8,42536,1,1,1, 42537
15,42541,2,2,1, 42543
8,42576,1,1,0, 42577
15,42581,2,2,1, 42583
1,42606,1,1,0, 42607
25,42635,2,2,1, 42637
1,42646,1,1,1, 42647
1,42686,1,1,0, 42687
9,42697,2,2,1, 42699
8,42736,1,1,0, 42737
8,42776,1,1,1, 42777
8,42816,1,1,0, 42817
16,42819,2,2,1, 42821
8,42856,1,1,0, 42857
8,42896,1,1,1, 42897
16,42899,2,2,1, 42901
8,42936,1,1,1, 42937
16,42939,2,2,1, 42941
25,42955,2,2,1, 42957
1,42966,1,1,1, 42967
8,42976,1,1,1, 42977
16,42979,2,2,1, 42981
1,43006,1,1,1, 43007
8,43016,1,1,1, 43017
1,43046,1,1,0, 43047
25,43075,2,2,1, 43077
8,43096,1,1,0, 43097
15,43101,2,2,1, 43103
8,43136,1,1,1, 43137
8,43176,1,1,0, 43177
9,43177,2,2,1, 43179
15,43181,2,2,1, 43183
1,43206,1,1,1, 43207
8,43216,1,1,1, 43217
25,43235,2,2,1, 43237
2,43243,2,2,1, 43245
1,43246,1,1,1, 43247
8,43256,1,1,1, 43257
9,43257,2,2,1, 43259
1,43366,1,1,1, 43367
8,43376,1,1,1, 43377
1,43406,1,1,1, 43407
8,43416,1,1,1, 43417
16,43419,2,2,1, 43421
1,43446,1,1,0, 43447
8,43456,1,1,0, 43457
16,43459,2,2,1, 43461
1,43486,1,1,1, 43487
8,43496,1,1,0, 43497
9,43497,2,2,1, 43499
16,43499,2,2,1, 43501
15,43501,2,2,1, 43503
2,43523,2,2,1, 43525
1,43526,1,1,1, 43527
8,43536,1,1,0, 43537
16,43539,2,2,1, 43541
15,43541,2,2,1, 43543
8,43576,1,1,0, 43577
16,43579,2,2,1, 43581
8,43616,1,1,1, 43617
16,43619,2,2,1, 43621
15,43621,2,2,1, 43623
8,43656,1,1,1, 43657
16,43659,2,2,1, 43661
15,43661,2,2,1, 43663
1,43686,1,1,1, 43687
25,43715,2,2,1, 43717
1,43726,1,1,0, 43727
9,43737,2,2,1, 43739
8,43816,1,1,0, 43817
16,43819,2,2,1, 43821
1,43846,1,1,0, 43847
8,43856,1,1,0, 43857
1,43886,1,1,0, 43887
8,43896,1,1,1, 43897
1,43926,1,1,1, 43927
8,43936,1,1,0, 43937
15,43941,2,2,1, 43943
25,43955,2,2,1, 43957
1,43966,1,1,1, 43967
8,43976,1,1,0, 43977
8,44016,1,1,1, 44017
15,44021,2,2,1, 44023
1,44046,1,1,1, 44047
8,44056,1,1,0, 44057
9,44057,2,2,1, 44059
16,44059,2,2,1, 44061
1,44086,1,1,0, 44087
8,44096,1,1,1, 44097
16,44099,2,2,1, 44101
1,44126,1,1,1, 44127
8,44136,1,1,0, 44137
16,44139,2,2,1, 44141
25,44155,2,2,1, 44157
8,44176,1,1,1, 44177
15,44181,2,2,1, 44183
8,44216,1,1,1, 44217
16,44219,2,2,1, 44221
8,44256,1,1,0, 44257
16,44259,2,2,1, 44261
15,44261,2,2,1, 44263
1,44406,1,1,1, 44407
8,44416,1,1,1, 44417
16,44419,2,2,1, 44421
15,44421,2,2,1, 44423
2,44443,2,2,1, 44445
1,44446,1,1,0, 44447
8,44456,1,1,1, 44457
2,44483,2,2,1, 44485
1,44486,1,1,0, 44487
8,44496,1,1,0, 44497
15,44501,2,2,1, 44503
8,44536,1,1,0, 44537
8,44576,1,1,0, 44577
9,44577,2,2,1, 44579
16,44579,2,2,1, 44581
8,44616,1,1,0, 44617
16,44619,2,2,1, 44621
15,44621,2,2,1, 44623
1,44646,1,1,0, 44647
8,44656,1,1,1, 44657
1,44686,1,1,0, 44687
8,44696,1,1,0, 44697
16,44699,2,2,1, 44701
1,44726,1,1,1, 44727
8,44736,1,1,1, 44737
9,44737,2,2,1, 44739
25,44755,2,2,1, 44757
1,44766,1,1,0, 44767
8,44776,1,1,0, 44777
1,44806,1,1,1, 44807
8,44816,1,1,1, 44817
16,44819,2,2,1, 44821
25,44835,2,2,1, 44837
1,44846,1,1,1, 44847
8,44856,1,1,0, 44857
1,44886,1,1,1, 44887
8,44896,1,1,1, 44897
16,44899,2,2,1, 44901
2,44923,2,2,1, 44925
1,44926,1,1,1, 44927
8,44936,1,1,0, 44937
1,45046,1,1,1, 45047
8,45056,1,1,1, 45057
1,45086,1,1,1, 45087
8,45096,1,1,0, 45097
15,45101,2,2,1, 45103
2,45123,2,2,1, 45125
1,45126,1,1,0, 45127
8,45136,1,1,0, 45137
25,45155,2,2,1, 45157
1,45166,1,1,1, 45167
8,45176,1,1,0, 45177
8,45216,1,1,1, 45217
8,45256,1,1,1, 45257
9,45257,2,2,1, 45259
16,45259,2,2,1, 45261
1,45286,1,1,1, 45287
8,45296,1,1,1, 45297
9,45297,2,2,1, 45299
8,45336,1,1,0, 45337
9,45337,2,2,1, 45339
16,45339,2,2,1, 45341
8,45376,1,1,0, 45377
16,45379,2,2,1, 45381
15,45381,2,2,1, 45383
1,45406,1,1,0, 45407
8,45416,1,1,1, 45417
16,45419,2,2,1, 45421
15,45421,2,2,1, 45423
2,45443,2,2,1, 45445
1,45446,1,1,0, 45447
8,45456,1,1,0, 45457
25,45475,2,2,1, 45477
1,45606,1,1,0, 45607
8,45616,1,1,0, 45617
1,45646,1,1,0, 45647
8,45656,1,1,0, 45657
9,45657,2,2,1, 45659
15,45661,2,2,1, 45663
1,45686,1,1,1, 45687
8,45696,1,1,0, 45697
9,45697,2,2,1, 45699
15,45701,2,2,1, 45703
1,45726,1,1,1, 45727
8,45736,1,1,0, 45737
25,45755,2,2,1, 45757
1,45766,1,1,1, 45767
8,45776,1,1,1, 45777
16,45779,2,2,1, 45781
15,45781,2,2,1, 45783
1,45806,1,1,1, 45807
8,45816,1,1,0, 45817
16,45819,2,2,1, 45821
25,45835,2,2,1, 45837
1,45846,1,1,1, 45847
9,45857,2,2,1, 45859
1,45886,1,1,1, 45887
9,45897,2,2,1, 45899
2,45963,2,2,1, 45965
1,45966,1,1,0, 45967
8,45976,1,1,0, 45977
1,46006,1,1,0, 46007
8,46016,1,1,1, 46017
16,46019,2,2,1, 46021
8,46056,1,1,0, 46057
16,46059,2,2,1, 46061
1,46086,1,1,1, 46087
8,46096,1,1,1, 46097
15,46101,2,2,1, 46103
2,46123,2,2,1, 46125
1,46126,1,1,0, 46127
8,46136,1,1,1, 46137
9,46137,2,2,1, 46139
8,46176,1,1,0, 46177
9,46177,2,2,1, 46179
16,46179,2,2,1, 46181
1,46246,1,1,0, 46247
1,46286,1,1,1, 46287
1,46326,1,1,1, 46327
8,46336,1,1,0, 46337
16,46339,2,2,1, 46341
15,46341,2,2,1, 46343
1,46366,1,1,1, 46367
8,46376,1,1,0, 46377
9,46377,2,2,1, 46379
8,46416,1,1,1, 46417
16,46419,2,2,1, 46421
15,46421,2,2,1, 46423
8,46456,1,1,1, 46457
16,46459,2,2,1, 46461
1,46486,1,1,1, 46487
8,46496,1,1,0, 46497
9,46497,2,2,1, 46499
1,46606,1,1,1, 46607
8,46616,1,1,0, 46617
9,46617,2,2,1, 46619
16,46619,2,2,1, 46621
15,46621,2,2,1, 46623
8,46656,1,1,0, 46657
16,46659,2,2,1, 46661
15,46661,2,2,1, 46663
8,46696,1,1,0, 46697
15,46701,2,2,1, 46703
2,46723,2,2,1, 46725
1,46726,1,1,1, 46727
8,46736,1,1,0, 46737
9,46737,2,2,1, 46739
16,46739,2,2,1, 46741
1,46846,1,1,1, 46847
8,46856,1,1,0, 46857
1,46886,1,1,1, 46887
8,46896,1,1,0, 46897
15,46901,2,2,1, 46903
1,46926,1,1,0, 46927
8,46936,1,1,0, 46937
15,46941,2,2,1, 46943
1,46966,1,1,0, 46967
8,46976,1,1,1, 46977
15,46981,2,2,1, 46983
25,46995,2,2,1, 46997
2,47003,2,2,1, 47005
1,47006,1,1,1, 47007
8,47016,1,1,0, 47017
25,47035,2,2,1, 47037
8,47056,1,1,1, 47057
8,47096,1,1,0, 47097
9,47097,2,2,1, 47099
16,47099,2,2,1, 47101
25,47155,2,2,1, 47157
1,47166,1,1,1, 47167
2,47203,2,2,1, 47205
1,47206,1,1,0, 47207
8,47216,1,1,0, 47217
16,47219,2,2,1, 47221
1,47246,1,1,0, 47247
8,47256,1,1,1, 47257
15,47261,2,2,1, 47263
1,47286,1,1,0, 47287
8,47296,1,1,1, 47297
16,47299,2,2,1, 47301
2,47323,2,2,1, 47325
1,47326,1,1,1, 47327
8,47336,1,1,0, 47337
8,47376,1,1,1, 47377
16,47379,2,2,1, 47381
1,47406,1,1,1, 47407
8,47416,1,1,0, 47417
16,47419,2,2,1, 47421
1,47446,1,1,0, 47447
8,47456,1,1,1, 47457
16,47459,2,2,1, 47461
15,47461,2,2,1, 47463
1,47486,1,1,1, 47487
1,47526,1,1,0, 47527
25,47555,2,2,1, 47557
1,47566,1,1,1, 47567
9,47577,2,2,1, 47579
1,47646,1,1,0, 47647
8,47656,1,1,0, 47657
2,47683,2,2,1, 47685
1,47686,1,1,0, 47687
8,47696,1,1,1, 47697
9,47697,2,2,1, 47699
15,47701,2,2,1, 47703
8,47736,1,1,1, 47737
15,47741,2,2,1, 47743
8,47776,1,1,1, 47777
16,47779,2,2,1, 47781
15,47781,2,2,1, 47783
1,47806,1,1,0, 47807
8,47816,1,1,1, 47817
9,47817,2,2,1, 47819
1,47846,1,1,0, 47847
8,47856,1,1,0, 47857
1,47886,1,1,0, 47887
8,47896,1,1,1, 47897
1,47926,1,1,1, 47927
8,47936,1,1,1, 47937
9,47937,2,2,1, 47939
8,47976,1,1,0, 47977
9,47977,2,2,1, 47979
15,47981,2,2,1, 47983
1,48046,1,1,0, 48047
2,48083,2,2,1, 48085
1,48086,1,1,1, 48087
1,48126,1,1,1, 48127
8,48136,1,1,0, 48137
9,48137,2,2,1, 48139
16,48139,2,2,1, 48141
1,48166,1,1,0, 48167
8,48176,1,1,0, 48177
9,48177,2,2,1, 48179
16,48179,2,2,1, 48181
15,48181,2,2,1, 48183
25,48195,2,2,1, 48197
1,48206,1,1,0, 48207
8,48216,1,1,1, 48217
9,48217,2,2,1, 48219
15,48221,2,2,1, 48223
25,48235,2,2,1, 48237
8,48256,1,1,0, 48257
16,48259,2,2,1, 48261
15,48261,2,2,1, 48263
8,48296,1,1,0, 48297
16,48299,2,2,1, 48301
1,48326,1,1,1, 48327
1,48366,1,1,0, 48367
1,48406,1,1,1, 48407
8,48416,1,1,0, 48417
9,48417,2,2,1, 48419
16,48419,2,2,1, 48421
8,48456,1,1,1, 48457
15,48461,2,2,1, 48463
8,48496,1,1,1, 48497
16,48499,2,2,1, 48501
15,48501,2,2,1, 48503
1,48526,1,1,0, 48527
8,48536,1,1,0, 48537
16,48539,2,2,1, 48541
2,48563,2,2,1, 48565
1,48566,1,1,0, 48567
1,48606,1,1,0, 48607
9,48617,2,2,1, 48619
2,48643,2,2,1, 48645
1,48646,1,1,0, 48647
8,48656,1,1,0, 48657
9,48657,2,2,1, 48659
15,48661,2,2,1, 48663
8,48696,1,1,1, 48697
16,48699,2,2,1, 48701
15,48701,2,2,1, 48703
8,48736,1,1,1, 48737
15,48741,2,2,1, 48743
1,48766,1,1,1, 48767
8,48776,1,1,0, 48777
16,48779,2,2,1, 48781
15,48781,2,2,1, 48783
1,48806,1,1,0, 48807
1,48846,1,1,0, 48847
1,48886,1,1,0, 48887
8,48896,1,1,1, 48897
8,48936,1,1,1, 48937
9,48937,2,2,1, 48939
16,48939,2,2,1, 48941
8,48976,1,1,0, 48977
16,48979,2,2,1, 48981
1,49006,1,1,0, 49007
8,49016,1,1,1, 49017
9,49017,2,2,1, 49019
1,49046,1,1,0, 49047
8,49056,1,1,1, 49057
16,49059,2,2,1, 49061
15,49061,2,2,1, 49063
1,49086,1,1,1, 49087
8,49096,1,1,0, 49097
16,49099,2,2,1, 49101
15,49101,2,2,1, 49103
1,49126,1,1,0, 49127
8,49136,1,1,1, 49137
9,49137,2,2,1, 49139
16,49139,2,2,1, 49141
1,49246,1,1,1, 49247
8,49256,1,1,1, 49257
16,49259,2,2,1, 49261
1,49286,1,1,0, 49287
8,49296,1,1,1, 49297
9,49297,2,2,1, 49299
1,49326,1,1,1, 49327
8,49336,1,1,1, 49337
16,49339,2,2,1, 49341
15,49341,2,2,1, 49343
2,49363,2,2,1, 49365
1,49366,1,1,1, 49367
8,49376,1,1,0, 49377
25,49395,2,2,1, 49397
1,49406,1,1,1, 49407
8,49416,1,1,0, 49417
25,49435,2,2,1, 49437
1,49446,1,1,0, 49447
8,49456,1,1,0, 49457
15,49461,2,2,1, 49463
1,49486,1,1,1, 49487
8,49496,1,1,0, 49497
9,49497,2,2,1, 49499
16,49499,2,2,1, 49501
1,49606,1,1,1, 49607
8,49616,1,1,1, 49617
9,49617,2,2,1, 49619
16,49619,2,2,1, 49621
1,49646,1,1,0, 49647
8,49656,1,1,0, 49657
1,49686,1,1,1, 49687
8,49696,1,1,0, 49697
16,49699,2,2,1, 49701
15,49701,2,2,1, 49703
1,49726,1,1,0, 49727
8,49736,1,1,0, 49737
16,49739,2,2,1, 49741
2,49763,2,2,1, 49765
1,49766,1,1,1, 49767
8,49776,1,1,0, 49777
25,49795,2,2,1, 49797
1,49926,1,1,0, 49927
8,49936,1,1,1, 49937
25,49955,2,2,1, 49957
2,49963,2,2,1, 49965
1,49966,1,1,1, 49967
8,49976,1,1,1, 49977
9,49977,2,2,1, 49979
16,49979,2,2,1, 49981
8,50016,1,1,1, 50017
8,50056,1,1,0, 50057
1,50086,1,1,1, 50087
8,50096,1,1,0, 50097
15,50101,2,2,1, 50103
1,50126,1,1,0, 50127
8,50136,1,1,1, 50137
9,50137,2,2,1, 50139
15,50141,2,2,1, 50143
2,50163,2,2,1, 50165
1,50166,1,1,0, 50167
1,50206,1,1,0, 50207
15,50221,2,2,1, 50223
25,50235,2,2,1, 50237
1,50246,1,1,1, 50247
8,50256,1,1,1, 50257
9,50257,2,2,1, 50259
16,50259,2,2,1, 50261
25,50275,2,2,1, 50277
1,50286,1,1,0, 50287
25,50315,2,2,1, 50317
1,50326,1,1,1, 50327
1,50406,1,1,1, 50407
8,50416,1,1,0, 50417
15,50421,2,2,1, 50423
2,50443,2,2,1, 50445
1,50446,1,1,1, 50447
8,50456,1,1,0, 50457
8,50496,1,1,0, 50497
16,50499,2,2,1, 50501
15,50501,2,2,1, 50503
1,50566,1,1,0, 50567
2,50603,2,2,1, 50605
1,50606,1,1,0, 50607
1,50646,1,1,0, 50647
8,50656,1,1,0, 50657
9,50657,2,2,1, 50659
2,50683,2,2,1, 50685
1,50686,1,1,0, 50687
8,50696,1,1,1, 50697
9,50697,2,2,1, 50699
16,50699,2,2,1, 50701
15,50701,2,2,1, 50703
8,50736,1,1,0, 50737
9,50737,2,2,1, 50739
16,50739,2,2,1, 50741
15,50741,2,2,1, 50743
8,50776,1,1,0, 50777
15,50781,2,2,1, 50783
1,50806,1,1,1, 50807
8,50816,1,1,1, 50817
9,50817,2,2,1, 50819
16,50819,2,2,1, 50821
1,50926,1,1,1, 50927
8,50936,1,1,0, 50937
9,50937,2,2,1, 50939
16,50939,2,2,1, 50941
1,50966,1,1,1, 50967
8,50976,1,1,1, 50977
16,50979,2,2,1, 50981
25,50995,2,2,1, 50997
1,51006,1,1,1, 51007
8,51016,1,1,1, 51017
16,51019,2,2,1, 51021
2,51043,2,2,1, 51045
1,51046,1,1,1, 51047
8,51056,1,1,0, 51057
9,51057,2,2,1, 51059
16,51059,2,2,1, 51061
1,51166,1,1,0, 51167
8,51176,1,1,1, 51177
16,51179,2,2,1, 51181
25,51195,2,2,1, 51197
1,51206,1,1,0, 51207
8,51216,1,1,1, 51217
15,51221,2,2,1, 51223
1,51246,1,1,0, 51247
8,51256,1,1,0, 51257
16,51259,2,2,1, 51261
2,51283,2,2,1, 51285
1,51286,1,1,0, 51287
8,51296,1,1,0, 51297
8,51336,1,1,0, 51337
16,51339,2,2,1, 51341
8,51376,1,1,1, 51377
9,51377,2,2,1, 51379
16,51379,2,2,1, 51381
1,51406,1,1,1, 51407
1,51446,1,1,0, 51447
2,51483,2,2,1, 51485
1,51486,1,1,1, 51487
8,51496,1,1,0, 51497
15,51501,2,2,1, 51503
1,51526,1,1,0, 51527
8,51536,1,1,1, 51537
16,51539,2,2,1, 51541
15,51541,2,2,1, 51543
1,51566,1,1,1, 51567
8,51576,1,1,1, 51577
15,51581,2,2,1, 51583
1,51606,1,1,0, 51607
8,51616,1,1,1, 51617
16,51619,2,2,1, 51621
15,51621,2,2,1, 51623
25,51635,2,2,1, 51637
1,51646,1,1,0, 51647
8,51656,1,1,0, 51657
15,51661,2,2,1, 51663
8,51696,1,1,1, 51697
8,51736,1,1,0, 51737
1,51766,1,1,0, 51767
8,51776,1,1,0, 51777
9,51777,2,2,1, 51779
1,51886,1,1,0, 51887
8,51896,1,1,0, 51897
16,51899,2,2,1, 51901
15,51901,2,2,1, 51903
2,51923,2,2,1, 51925
1,51926,1,1,1, 51927
8,51936,1,1,1, 51937
1,51966,1,1,0, 51967
8,51976,1,1,1, 51977
2,52003,2,2,1, 52005
1,52006,1,1,1, 52007
8,52016,1,1,0, 52017
9,52017,2,2,1, 52019
16,52019,2,2,1, 52021
1,52126,1,1,0, 52127
8,52136,1,1,1, 52137
1,52166,1,1,0, 52167
8,52176,1,1,0, 52177
16,52179,2,2,1, 52181
15,52181,2,2,1, 52183
2,52203,2,2,1, 52205
1,52206,1,1,1, 52207
8,52216,1,1,0, 52217
15,52221,2,2,1, 52223
2,52243,2,2,1, 52245
1,52246,1,1,1, 52247
8,52256,1,1,0, 52257
1,52286,1,1,0, 52287
8,52296,1,1,0, 52297
1,52326,1,1,0, 52327
8,52336,1,1,0, 52337
16,52339,2,2,1, 52341
15,52341,2,2,1, 52343
1,52366,1,1,1, 52367
8,52376,1,1,0, 52377
1,52406,1,1,1, 52407
8,52416,1,1,1, 52417
16,52419,2,2,1, 52421
15,52421,2,2,1, 52423
1,52566,1,1,0, 52567
8,52576,1,1,0, 52577
16,52579,2,2,1, 52581
1,52606,1,1,0, 52607
8,52616,1,1,1, 52617
1,52646,1,1,1, 52647
8,52656,1,1,0, 52657
2,52683,2,2,1, 52685
1,52686,1,1,0, 52687
8,52696,1,1,0, 52697
15,52701,2,2,1, 52703
2,52723,2,2,1, 52725
1,52726,1,1,0, 52727
8,52736,1,1,0, 52737
9,52737,2,2,1, 52739
15,52741,2,2,1, 52743
25,52755,2,2,1, 52757
2,52763,2,2,1, 52765
1,52766,1,1,1, 52767
8,52776,1,1,0, 52777
25,52795,2,2,1, 52797
8,52816,1,1,1, 52817
15,52821,2,2,1, 52823
8,52856,1,1,0, 52857
16,52859,2,2,1, 52861
8,52896,1,1,0, 52897
16,52899,2,2,1, 52901
8,52936,1,1,1, 52937
9,52937,2,2,1, 52939
16,52939,2,2,1, 52941
15,52941,2,2,1, 52943
1,52966,1,1,1, 52967
8,52976,1,1,1, 52977
16,52979,2,2,1, 52981
25,52995,2,2,1, 52997
1,53006,1,1,1, 53007
2,53043,2,2,1, 53045
1,53046,1,1,1, 53047
1,53086,1,1,1, 53087
8,53096,1,1,0, 53097
9,53097,2,2,1, 53099
16,53099,2,2,1, 53101
1,53126,1,1,1, 53127
8,53136,1,1,1, 53137
16,53139,2,2,1, 53141
15,53141,2,2,1, 53143
1,53166,1,1,1, 53167
8,53176,1,1,0, 53177
15,53181,2,2,1, 53183
1,53206,1,1,1, 53207
8,53216,1,1,1, 53217
15,53221,2,2,1, 53223
8,53256,1,1,1, 53257
9,53257,2,2,1, 53259
1,53326,1,1,1, 53327
9,53337,2,2,1, 53339
2,53363,2,2,1, 53365
1,53366,1,1,1, 53367
1,53406,1,1,0, 53407
8,53416,1,1,0, 53417
1,53446,1,1,1, 53447
8,53456,1,1,0, 53457
16,53459,2,2,1, 53461
15,53461,2,2,1, 53463
25,53475,2,2,1, 53477
2,53483,2,2,1, 53485
1,53486,1,1,1, 53487
8,53496,1,1,1, 53497
25,53515,2,2,1, 53517
8,53536,1,1,0, 53537
15,53541,2,2,1, 53543
8,53576,1,1,0, 53577
16,53579,2,2,1, 53581
15,53581,2,2,1, 53583
1,53606,1,1,0, 53607
8,53616,1,1,0, 53617
9,53617,2,2,1, 53619
1,53646,1,1,0, 53647
8,53656,1,1,1, 53657
16,53659,2,2,1, 53661
15,53661,2,2,1, 53663
1,53686,1,1,1, 53687
8,53696,1,1,0, 53697
1,53726,1,1,0, 53727
8,53736,1,1,1, 53737
15,53741,2,2,1, 53743
25,53755,2,2,1, 53757
1,53886,1,1,1, 53887
8,53896,1,1,0, 53897
1,53926,1,1,0, 53927
8,53936,1,1,0, 53937
15,53941,2,2,1, 53943
1,53966,1,1,0, 53967
8,53976,1,1,1, 53977
15,53981,2,2,1, 53983
2,54003,2,2,1, 54005
1,54006,1,1,0, 54007
8,54016,1,1,0, 54017
9,54017,2,2,1, 54019
16,54019,2,2,1, 54021
2,54043,2,2,1, 54045
1,54046,1,1,0, 54047
8,54056,1,1,1, 54057
16,54059,2,2,1, 54061
8,54096,1,1,0, 54097
16,54099,2,2,1, 54101
8,54136,1,1,1, 54137
16,54139,2,2,1, 54141
1,54166,1,1,0, 54167
8,54176,1,1,0, 54177
16,54179,2,2,1, 54181
2,54203,2,2,1, 54205
1,54206,1,1,0, 54207
8,54216,1,1,0, 54217
1,54246,1,1,0, 54247
8,54256,1,1,0, 54257
2,54283,2,2,1, 54285
1,54286,1,1,0, 54287
8,54296,1,1,1, 54297
9,54297,2,2,1, 54299
8,54336,1,1,1, 54337
16,54339,2,2,1, 54341
15,54341,2,2,1, 54343
8,54376,1,1,0, 54377
1,54406,1,1,0, 54407
8,54416,1,1,0, 54417
16,54419,2,2,1, 54421
1,54526,1,1,0, 54527
8,54536,1,1,0, 54537
16,54539,2,2,1, 54541
15,54541,2,2,1, 54543
25,54555,2,2,1, 54557
1,54566,1,1,0, 54567
8,54576,1,1,0, 54577
16,54579,2,2,1, 54581
1,54606,1,1,0, 54607
25,54635,2,2,1, 54637
1,54646,1,1,1, 54647
9,54657,2,2,1, 54659
2,54683,2,2,1, 54685
1,54686,1,1,0, 54687
2,54723,2,2,1, 54725
1,54726,1,1,1, 54727
8,54736,1,1,1, 54737
1,54766,1,1,0, 54767
8,54776,1,1,1, 54777
16,54779,2,2,1, 54781
25,54795,2,2,1, 54797
1,54806,1,1,0, 54807
8,54816,1,1,0, 54817
25,54835,2,2,1, 54837
8,54856,1,1,1, 54857
9,54857,2,2,1, 54859
15,54861,2,2,1, 54863
8,54896,1,1,1, 54897
8,54936,1,1,0, 54937
9,54937,2,2,1, 54939
16,54939,2,2,1, 54941
15,54941,2,2,1, 54943
1,54966,1,1,1, 54967
2,55003,2,2,1, 55005
1,55006,1,1,0, 55007
2,55043,2,2,1, 55045
1,55046,1,1,0, 55047
25,55075,2,2,1, 55077
8,55096,1,1,0, 55097
9,55097,2,2,1, 55099
8,55136,1,1,1, 55137
9,55137,2,2,1, 55139
16,55139,2,2,1, 55141
15,55141,2,2,1, 55143
8,55176,1,1,0, 55177
9,55177,2,2,1, 55179
15,55181,2,2,1, 55183
25,55195,2,2,1, 55197
1,55206,1,1,0, 55207
9,55217,2,2,1, 55219
25,55235,2,2,1, 55237
2,55243,2,2,1, 55245
1,55246,1,1,1, 55247
9,55257,2,2,1, 55259
8,55336,1,1,0, 55337
16,55339,2,2,1, 55341
1,55366,1,1,0, 55367
8,55376,1,1,0, 55377
9,55377,2,2,1, 55379
25,55395,2,2,1, 55397
1,55406,1,1,0, 55407
8,55416,1,1,1, 55417
15,55421,2,2,1, 55423
25,55435,2,2,1, 55437
1,55446,1,1,0, 55447
8,55456,1,1,0, 55457
16,55459,2,2,1, 55461
2,55483,2,2,1, 55485
1,55486,1,1,1, 55487
8,55496,1,1,0, 55497
16,55499,2,2,1, 55501
15,55501,2,2,1, 55503
2,55523,2,2,1, 55525
1,55526,1,1,0, 55527
8,55536,1,1,1, 55537
16,55539,2,2,1, 55541
1,55686,1,1,1, 55687
8,55696,1,1,0, 55697
1,55726,1,1,1, 55727
8,55736,1,1,1, 55737
1,55766,1,1,1, 55767
8,55776,1,1,0, 55777
1,55806,1,1,0, 55807
8,55816,1,1,1, 55817
15,55821,2,2,1, 55823
1,55846,1,1,1, 55847
8,55856,1,1,1, 55857
15,55861,2,2,1, 55863
1,55886,1,1,1, 55887
8,55896,1,1,0, 55897
9,55897,2,2,1, 55899
15,55901,2,2,1, 55903
25,55915,2,2,1, 55917
8,55936,1,1,0, 55937
8,55976,1,1,1, 55977
8,56016,1,1,0, 56017
16,56019,2,2,1, 56021
15,56021,2,2,1, 56023
2,56043,2,2,1, 56045
1,56046,1,1,1, 56047
9,56057,2,2,1, 56059
2,56083,2,2,1, 56085
1,56086,1,1,1, 56087
1,56126,1,1,0, 56127
9,56137,2,2,1, 56139
1,56166,1,1,1, 56167
8,56176,1,1,1, 56177
9,56177,2,2,1, 56179
1,56206,1,1,1, 56207
8,56216,1,1,1, 56217
16,56219,2,2,1, 56221
15,56221,2,2,1, 56223
8,56256,1,1,0, 56257
15,56261,2,2,1, 56263
1,56326,1,1,1, 56327
1,56366,1,1,0, 56367
9,56377,2,2,1, 56379
1,56406,1,1,0, 56407
8,56416,1,1,0, 56417
1,56446,1,1,1, 56447
8,56456,1,1,1, 56457
9,56457,2,2,1, 56459
15,56461,2,2,1, 56463
2,56483,2,2,1, 56485
1,56486,1,1,0, 56487
8,56496,1,1,1, 56497
15,56501,2,2,1, 56503
25,56515,2,2,1, 56517
2,56523,2,2,1, 56525
1,56526,1,1,0, 56527
8,56536,1,1,0, 56537
16,56539,2,2,1, 56541
15,56541,2,2,1, 56543
25,56555,2,2,1, 56557
2,56563,2,2,1, 56565
1,56566,1,1,0, 56567
8,56576,1,1,0, 56577
9,56577,2,2,1, 56579
16,56579,2,2,1, 56581
15,56581,2,2,1, 56583
8,56616,1,1,1, 56617
9,56617,2,2,1, 56619
8,56656,1,1,0, 56657
1,56686,1,1,0, 56687
8,56696,1,1,0, 56697
8,56736,1,1,0, 56737
9,56737,2,2,1, 56739
1,56806,1,1,1, 56807
1,56846,1,1,0, 56847
9,56857,2,2,1, 56859
1,56886,1,1,0, 56887
8,56896,1,1,1, 56897
16,56899,2,2,1, 56901
15,56901,2,2,1, 56903
1,56926,1,1,1, 56927
8,56936,1,1,0, 56937
16,56939,2,2,1, 56941
2,56963,2,2,1, 56965
1,56966,1,1,1, 56967
8,56976,1,1,0, 56977
15,56981,2,2,1, 56983
2,57003,2,2,1, 57005
1,57006,1,1,0, 57007
8,57016,1,1,1, 57017
1,57046,1,1,1, 57047
8,57056,1,1,1, 57057
9,57057,2,2,1, 57059
1,57166,1,1,0, 57167
8,57176,1,1,0, 57177
16,57179,2,2,1, 57181
1,57206,1,1,0, 57207
8,57216,1,1,0, 57217
9,57217,2,2,1, 57219
1,57246,1,1,1, 57247
8,57256,1,1,0, 57257
2,57283,2,2,1, 57285
1,57286,1,1,0, 57287
8,57296,1,1,1, 57297
2,57323,2,2,1, 57325
1,57326,1,1,0, 57327
8,57336,1,1,0, 57337
16,57339,2,2,1, 57341
25,57355,2,2,1, 57357
8,57376,1,1,1, 57377
9,57377,2,2,1, 57379
8,57416,1,1,0, 57417
15,57421,2,2,1, 57423
8,57456,1,1,1, 57457
9,57457,2,2,1, 57459
2,57483,2,2,1, 57485
1,57486,1,1,0, 57487
9,57497,2,2,1, 57499
2,57523,2,2,1, 57525
1,57526,1,1,0, 57527
2,57563,2,2,1, 57565
1,57566,1,1,1, 57567
25,57595,2,2,1, 57597
8,57616,1,1,0, 57617
15,57621,2,2,1, 57623
8,57656,1,1,0, 57657
16,57659,2,2,1, 57661
15,57661,2,2,1, 57663
8,57696,1,1,0, 57697
16,57699,2,2,1, 57701
1,57726,1,1,1, 57727
8,57736,1,1,0, 57737
9,57737,2,2,1, 57739
2,57763,2,2,1, 57765
1,57766,1,1,0, 57767
8,57776,1,1,0, 57777
16,57779,2,2,1, 57781
8,57816,1,1,0, 57817
9,57817,2,2,1, 57819
16,57819,2,2,1, 57821
8,57856,1,1,1, 57857
9,57857,2,2,1, 57859
1,57886,1,1,0, 57887
8,57896,1,1,0, 57897
9,57897,2,2,1, 57899
16,57899,2,2,1, 57901
2,57923,2,2,1, 57925
1,57926,1,1,0, 57927
8,57936,1,1,1, 57937
2,57963,2,2,1, 57965
1,57966,1,1,0, 57967
8,57976,1,1,0, 57977
16,57979,2,2,1, 57981
2,58003,2,2,1, 58005
1,58006,1,1,1, 58007
8,58016,1,1,0, 58017
16,58019,2,2,1, 58021
8,58056,1,1,1, 58057
9,58057,2,2,1, 58059
16,58059,2,2,1, 58061
8,58096,1,1,1, 58097
16,58099,2,2,1, 58101
1,58126,1,1,0, 58127
8,58136,1,1,1, 58137
2,58163,2,2,1, 58165
1,58166,1,1,1, 58167
8,58176,1,1,0, 58177
16,58179,2,2,1, 58181
8,58216,1,1,0, 58217
9,58217,2,2,1, 58219
16,58219,2,2,1, 58221
8,58256,1,1,1, 58257
9,58257,2,2,1, 58259
16,58259,2,2,1, 58261
8,58296,1,1,1, 58297
9,58297,2,2,1, 58299
16,58299,2,2,1, 58301
2,58323,2,2,1, 58325
1,58326,1,1,1, 58327
8,58336,1,1,0, 58337
9,58337,2,2,1, 58339
2,58363,2,2,1, 58365
1,58366,1,1,0, 58367
8,58376,1,1,0, 58377
16,58379,2,2,1, 58381
2,58403,2,2,1, 58405
1,58406,1,1,1, 58407
8,58416,1,1,1, 58417
16,58419,2,2,1, 58421
25,58435,2,2,1, 58437
8,58456,1,1,1, 58457
8,58496,1,1,1, 58497
16,58499,2,2,1, 58501
8,58536,1,1,0, 58537
25,58555,2,2,1, 58557
2,58563,2,2,1, 58565
1,58566,1,1,0, 58567
8,58576,1,1,0, 58577
1,58606,1,1,0, 58607
8,58616,1,1,1, 58617
9,58617,2,2,1, 58619
8,58656,1,1,1, 58657
16,58659,2,2,1, 58661
8,58696,1,1,0, 58697
16,58699,2,2,1, 58701
1,58726,1,1,0, 58727
8,58736,1,1,0, 58737
16,58739,2,2,1, 58741
2,58763,2,2,1, 58765
1,58766,1,1,1, 58767
8,58776,1,1,1, 58777
9,58777,2,2,1, 58779
8,58816,1,1,1, 58817
9,58817,2,2,1, 58819
16,58819,2,2,1, 58821
8,58856,1,1,1, 58857
9,58857,2,2,1, 58859
8,58896,1,1,1, 58897
2,58923,2,2,1, 58925
1,58926,1,1,1, 58927
8,58936,1,1,0, 58937
2,58963,2,2,1, 58965
1,58966,1,1,1, 58967
8,58976,1,1,0, 58977
16,58979,2,2,1, 58981
8,59016,1,1,0, 59017
16,59019,2,2,1, 59021
8,59056,1,1,1, 59057
9,59057,2,2,1, 59059
16,59059,2,2,1, 59061
8,59096,1,1,0, 59097
16,59099,2,2,1, 59101
8,59136,1,1,1, 59137
25,59155,2,2,1, 59157
1,59166,1,1,1, 59167
8,59176,1,1,0, 59177
9,59177,2,2,1, 59179
16,59179,2,2,1, 59181
1,59206,1,1,1, 59207
8,59216,1,1,1, 59217
16,59219,2,2,1, 59221
1,59246,1,1,0, 59247
8,59256,1,1,0, 59257
9,59257,2,2,1, 59259
16,59259,2,2,1, 59261
2,59283,2,2,1, 59285
1,59286,1,1,1, 59287
8,59296,1,1,1, 59297
16,59299,2,2,1, 59301
2,59323,2,2,1, 59325
1,59326,1,1,0, 59327
8,59336,1,1,1, 59337
25,59355,2,2,1, 59357
1,59366,1,1,0, 59367
8,59376,1,1,1, 59377
8,59416,1,1,1, 59417
8,59456,1,1,0, 59457
8,59496,1,1,0, 59497
9,59497,2,2,1, 59499
16,59499,2,2,1, 59501
25,59515,2,2,1, 59517
1,59526,1,1,1, 59527
8,59536,1,1,0, 59537
9,59537,2,2,1, 59539
16,59539,2,2,1, 59541
25,59555,2,2,1, 59557
1,59566,1,1,0, 59567
8,59576,1,1,0, 59577
9,59577,2,2,1, 59579
8,59616,1,1,1, 59617
9,59617,2,2,1, 59619
16,59619,2,2,1, 59621
8,59656,1,1,0, 59657
9,59657,2,2,1, 59659
16,59659,2,2,1, 59661
1,59686,1,1,1, 59687
8,59696,1,1,0, 59697
9,59697,2,2,1, 59699
1,59726,1,1,1, 59727
8,59736,1,1,1, 59737
9,59737,2,2,1, 59739
25,59755,2,2,1, 59757
8,59776,1,1,1, 59777
8,59816,1,1,1, 59817
9,59817,2,2,1, 59819
8,59856,1,1,1, 59857
16,59859,2,2,1, 59861
2,59883,2,2,1, 59885
1,59886,1,1,0, 59887
8,59896,1,1,1, 59897
9,59897,2,2,1, 59899
16,59899,2,2,1, 59901
2,59923,2,2,1, 59925
1,59926,1,1,1, 59927
8,59936,1,1,1, 59937
16,59939,2,2,1, 59941
8,59976,1,1,0, 59977
16,59979,2,2,1, 59981
8,60016,1,1,0, 60017
9,60017,2,2,1, 60019
16,60019,2,2,1, 60021
1,60046,1,1,0, 60047
8,60056,1,1,1, 60057
9,60057,2,2,1, 60059
1,60086,1,1,0, 60087
8,60096,1,1,1, 60097
2,60123,2,2,1, 60125
1,60126,1,1,0, 60127
8,60136,1,1,1, 60137
1,60166,1,1,1, 60167
8,60176,1,1,0, 60177
1,60206,1,1,0, 60207
8,60216,1,1,1, 60217
16,60219,2,2,1, 60221
8,60256,1,1,1, 60257
16,60259,2,2,1, 60261
8,60296,1,1,1, 60297
16,60299,2,2,1, 60301
8,60336,1,1,0, 60337
9,60337,2,2,1, 60339
16,60339,2,2,1, 60341
25,60355,2,2,1, 60357
1,60366,1,1,0, 60367
8,60376,1,1,1, 60377
16,60379,2,2,1, 60381
2,60403,2,2,1, 60405
1,60406,1,1,0, 60407
8,60416,1,1,0, 60417
8,60456,1,1,1, 60457
9,60457,2,2,1, 60459
8,60496,1,1,0, 60497
16,60499,2,2,1, 60501
1,60526,1,1,1, 60527
8,60536,1,1,1, 60537
2,60563,2,2,1, 60565
1,60566,1,1,1, 60567
8,60576,1,1,1, 60577
2,60603,2,2,1, 60605
1,60606,1,1,0, 60607
8,60616,1,1,0, 60617
1,60646,1,1,1, 60647
8,60656,1,1,1, 60657
16,60659,2,2,1, 60661
1,60686,1,1,0, 60687
8,60696,1,1,0, 60697
2,60723,2,2,1, 60725
1,60726,1,1,1, 60727
8,60736,1,1,1, 60737
16,60739,2,2,1, 60741
25,60755,2,2,1, 60757
2,60763,2,2,1, 60765
1,60766,1,1,1, 60767
8,60776,1,1,1, 60777
9,60777,2,2,1, 60779
16,60779,2,2,0, 60781
8,60816,1,1,0, 60817
9,60817,2,2,0, 60819
16,60819,2,2,1, 60821
8,60856,1,1,0, 60857
9,60857,2,2,0, 60859
16,60859,2,2,1, 60861
1,60886,1,1,0, 60887
8,60896,1,1,0, 60897
9,60897,2,2,1, 60899
16,60899,2,2,1, 60901
25,60915,2,2,1, 60917
2,60923,2,2,1, 60925
1,60926,1,1,1, 60927
8,60936,1,1,0, 60937
9,60937,2,2,1, 60939
25,60955,2,2,1, 60957
8,60976,1,1,0, 60977
9,60977,2,2,1, 60979
8,61016,1,1,0, 61017
9,61017,2,2,1, 61019
8,61056,1,1,0, 61057
9,61057,2,2,0, 61059
2,61083,2,2,1, 61085
1,61086,1,1,0, 61087
8,61096,1,1,0, 61097
9,61097,2,2,1, 61099
25,61115,2,2,1, 61117
1,61126,1,1,0, 61127
8,61136,1,1,0, 61137
9,61137,2,2,1, 61139
1,61246,1,1,0, 61247
9,61257,2,2,1, 61259
2,61283,2,2,1, 61285
1,61286,1,1,0, 61287
9,61297,2,2,1, 61299
2,61323,2,2,1, 61325
1,61326,1,1,0, 61327
2,61363,2,2,1, 61365
1,61366,1,1,0, 61367
1,61486,1,1,1, 61487
9,61497,2,2,1, 61499
25,61515,2,2,1, 61517
2,61523,2,2,1, 61525
1,61526,1,1,1, 61527
9,61537,2,2,1, 61539
25,61555,2,2,1, 61557
25,61675,2,2,1, 61677
2,61683,2,2,1, 61685
1,61686,1,1,1, 61687
9,61697,2,2,1, 61699
2,61723,2,2,1, 61725
1,61726,1,1,0, 61727
9,61737,2,2,1, 61739
2,61763,2,2,1, 61765
1,61766,1,1,0, 61767
25,61915,2,2,1, 61917
2,61923,2,2,1, 61925
1,61926,1,1,1, 61927
9,61937,2,2,1, 61939
25,61955,2,2,1, 61957
2,61963,2,2,1, 61965
1,61966,1,1,1, 61967
1,62086,1,1,1, 62087
2,62123,2,2,1, 62125
1,62126,1,1,1, 62127
2,62163,2,2,1, 62165
1,62166,1,1,0, 62167
9,62177,2,2,1, 62179
2,62203,2,2,1, 62205
1,62206,1,1,0, 62207
1,62326,1,1,0, 62327
9,62337,2,2,1, 62339
2,62363,2,2,1, 62365
1,62366,1,1,0, 62367
9,62377,2,2,1, 62379
2,62523,2,2,1, 62525
1,62526,1,1,1, 62527
1,62566,1,1,1, 62567
9,62577,2,2,1, 62579
1,62686,1,1,0, 62687
9,62697,2,2,1, 62699
1,62726,1,1,1, 62727
1,62766,1,1,0, 62767
9,62777,2,2,1, 62779
1,62806,1,1,1, 62807
9,62817,2,2,1, 62819
1,62846,1,1,1, 62847
2,62883,2,2,1, 62885
1,62886,1,1,0, 62887
9,62897,2,2,1, 62899
1,62926,1,1,1, 62927
2,62963,2,2,1, 62965
1,62966,1,1,0, 62967
1,63006,1,1,0, 63007
1,63046,1,1,0, 63047
1,63086,1,1,0, 63087
1,63126,1,1,0, 63127
9,63137,2,2,1, 63139
2,63163,2,2,1, 63165
1,63166,1,1,1, 63167
9,63177,2,2,1, 63179
1,63286,1,1,1, 63287
1,63326,1,1,0, 63327
9,63337,2,2,1, 63339
1,63366,1,1,1, 63367
2,63403,2,2,1, 63405
1,63406,1,1,0, 63407
9,63417,2,2,1, 63419
2,63443,2,2,1, 63445
1,63446,1,1,0, 63447
1,63486,1,1,0, 63487
1,63526,1,1,1, 63527
2,63563,2,2,1, 63565
1,63566,1,1,1, 63567
9,63577,2,2,1, 63579
1,63606,1,1,1, 63607
2,63643,2,2,1, 63645
1,63646,1,1,0, 63647
9,63657,2,2,1, 63659
1,63686,1,1,1, 63687
1,63726,1,1,1, 63727
9,63737,2,2,1, 63739
2,63763,2,2,1, 63765
1,63766,1,1,1, 63767
2,63803,2,2,1, 63805
1,63806,1,1,0, 63807
1,63846,1,1,1, 63847
9,63857,2,2,1, 63859
2,63883,2,2,1, 63885
1,63886,1,1,0, 63887
2,63923,2,2,1, 63925
1,63926,1,1,1, 63927
9,63937,2,2,1, 63939
1,63966,1,1,0, 63967
1,64006,1,1,0, 64007
9,64017,2,2,1, 64019
2,64043,2,2,1, 64045
1,64046,1,1,1, 64047
9,64057,2,2,1, 64059
2,64083,2,2,1, 64085
1,64086,1,1,1, 64087
2,64123,2,2,1, 64125
1,64126,1,1,0, 64127
9,64137,2,2,1, 64139
1,64166,1,1,0, 64167
9,64177,2,2,1, 64179
1,64206,1,1,0, 64207
2,64243,2,2,1, 64245
1,64246,1,1,1, 64247
9,64257,2,2,1, 64259
1,64286,1,1,0, 64287
1,64326,1,1,1, 64327
1,64366,1,1,1, 64367
1,64406,1,1,0, 64407
1,64446,1,1,1, 64447
9,64457,2,2,1, 64459
1,64486,1,1,1, 64487
9,64497,2,2,1, 64499
2,64523,2,2,1, 64525
1,64526,1,1,1, 64527
9,64537,2,2,1, 64539
2,64563,2,2,1, 64565
1,64566,1,1,0, 64567
2,64603,2,2,1, 64605
1,64606,1,1,0, 64607
1,64646,1,1,0, 64647
2,64683,2,2,1, 64685
1,64686,1,1,0, 64687
9,64697,2,2,1, 64699
2,64723,2,2,1, 64725
1,64726,1,1,0, 64727
1,64766,1,1,0, 64767
9,64777,2,2,1, 64779
1,64806,1,1,1, 64807
1,64846,1,1,1, 64847
9,64857,2,2,1, 64859
1,64886,1,1,1, 64887
