source,gentime, athop, hopcount,priority, reachedTime
2,3,2,2,1, 5
1,6,1,1,0, 7
4,6,4,4,1, 10
3,7,3,3,1, 10
5,7,3,3,1, 10
6,10,2,2,1, 12
7,12,1,1,1, 13
2,13,2,2,0, 15
1,16,1,1,0, 17
8,16,1,1,0, 17
11,14,4,4,1, 18
9,17,2,2,1, 19
4,16,4,4,1, 20
3,17,3,3,0, 20
5,17,3,3,0, 20
16,19,2,2,0, 21
14,19,3,3,1, 22
17,19,3,3,0, 22
6,20,2,2,0, 22
13,19,4,4,0, 23
15,21,2,2,1, 23
7,22,1,1,0, 23
12,20,5,5,1, 25
2,23,2,2,0, 25
1,26,1,1,0, 27
8,26,1,1,0, 27
11,24,4,4,1, 28
20,23,6,6,1, 29
9,27,2,2,1, 29
4,26,4,4,1, 30
22,26,4,4,1, 30
3,27,3,3,0, 30
5,27,3,3,0, 30
24,29,1,1,0, 30
19,26,5,5,1, 31
23,28,3,3,1, 31
16,29,2,2,0, 31
21,27,5,5,0, 32
14,29,3,3,0, 32
17,29,3,3,0, 32
6,30,2,2,1, 32
13,29,4,4,0, 33
15,31,2,2,1, 33
7,32,1,1,1, 33
12,30,5,5,0, 35
2,33,2,2,1, 35
27,32,4,4,1, 36
30,33,3,3,0, 36
25,35,2,2,0, 37
1,36,1,1,0, 37
8,36,1,1,0, 37
11,34,4,4,1, 38
31,36,2,2,1, 38
20,33,6,6,0, 39
28,34,5,5,1, 39
9,37,2,2,0, 39
4,36,4,4,1, 40
22,36,4,4,0, 40
3,37,3,3,0, 40
5,37,3,3,1, 40
26,37,3,3,0, 40
24,39,1,1,0, 40
19,36,5,5,0, 41
23,38,3,3,1, 41
16,39,2,2,0, 41
21,37,5,5,0, 42
29,38,4,4,1, 42
14,39,3,3,0, 42
17,39,3,3,1, 42
6,40,2,2,0, 42
13,39,4,4,1, 43
15,41,2,2,0, 43
7,42,1,1,0, 43
12,40,5,5,0, 45
2,43,2,2,1, 45
27,42,4,4,0, 46
30,43,3,3,0, 46
25,45,2,2,1, 47
1,46,1,1,1, 47
8,46,1,1,0, 47
11,44,4,4,1, 48
31,46,2,2,0, 48
20,43,6,6,0, 49
28,44,5,5,1, 49
9,47,2,2,0, 49
4,46,4,4,0, 50
22,46,4,4,1, 50
3,47,3,3,1, 50
5,47,3,3,0, 50
26,47,3,3,0, 50
24,49,1,1,0, 50
19,46,5,5,1, 51
23,48,3,3,0, 51
16,49,2,2,1, 51
21,47,5,5,0, 52
29,48,4,4,1, 52
14,49,3,3,1, 52
17,49,3,3,0, 52
6,50,2,2,1, 52
13,49,4,4,0, 53
15,51,2,2,1, 53
7,52,1,1,1, 53
12,50,5,5,0, 55
2,53,2,2,1, 55
27,52,4,4,1, 56
30,53,3,3,1, 56
25,55,2,2,0, 57
1,56,1,1,0, 57
8,56,1,1,1, 57
11,54,4,4,0, 58
31,56,2,2,1, 58
20,53,6,6,1, 59
28,54,5,5,0, 59
9,57,2,2,0, 59
4,56,4,4,1, 60
22,56,4,4,0, 60
3,57,3,3,0, 60
5,57,3,3,1, 60
26,57,3,3,1, 60
24,59,1,1,0, 60
19,56,5,5,1, 61
23,58,3,3,0, 61
16,59,2,2,1, 61
21,57,5,5,1, 62
29,58,4,4,1, 62
14,59,3,3,1, 62
17,59,3,3,1, 62
6,60,2,2,1, 62
13,59,4,4,0, 63
15,61,2,2,0, 63
7,62,1,1,0, 63
12,60,5,5,0, 65
2,63,2,2,1, 65
27,62,4,4,1, 66
30,63,3,3,0, 66
18,63,4,4,0, 67
25,65,2,2,1, 67
1,66,1,1,0, 67
8,66,1,1,0, 67
11,64,4,4,1, 68
31,66,2,2,1, 68
20,63,6,6,1, 69
28,64,5,5,0, 69
9,67,2,2,0, 69
4,66,4,4,1, 70
22,66,4,4,0, 70
3,67,3,3,1, 70
5,67,3,3,1, 70
24,69,1,1,0, 70
19,66,5,5,1, 71
23,68,3,3,0, 71
16,69,2,2,1, 71
21,67,5,5,1, 72
29,68,4,4,0, 72
14,69,3,3,0, 72
17,69,3,3,1, 72
6,70,2,2,1, 72
13,69,4,4,1, 73
15,71,2,2,0, 73
7,72,1,1,0, 73
12,70,5,5,1, 75
2,73,2,2,1, 75
27,72,4,4,1, 76
30,73,3,3,1, 76
18,73,4,4,1, 77
1,76,1,1,0, 77
8,76,1,1,1, 77
31,76,2,2,0, 78
20,73,6,6,1, 79
28,74,5,5,1, 79
9,77,2,2,1, 79
4,76,4,4,1, 80
22,76,4,4,0, 80
5,77,3,3,0, 80
24,79,1,1,1, 80
19,76,5,5,1, 81
23,78,3,3,0, 81
16,79,2,2,1, 81
21,77,5,5,0, 82
29,78,4,4,0, 82
14,79,3,3,0, 82
17,79,3,3,1, 82
6,80,2,2,1, 82
13,79,4,4,0, 83
15,81,2,2,1, 83
7,82,1,1,1, 83
2,83,2,2,1, 85
30,83,3,3,0, 86
18,83,4,4,1, 87
1,86,1,1,0, 87
8,86,1,1,0, 87
11,84,4,4,1, 88
31,86,2,2,0, 88
28,84,5,5,1, 89
9,87,2,2,1, 89
22,86,4,4,1, 90
3,87,3,3,1, 90
5,87,3,3,0, 90
26,87,3,3,1, 90
24,89,1,1,0, 90
23,88,3,3,0, 91
16,89,2,2,0, 91
21,87,5,5,0, 92
29,88,4,4,0, 92
14,89,3,3,1, 92
17,89,3,3,1, 92
6,90,2,2,0, 92
13,89,4,4,0, 93
15,91,2,2,1, 93
7,92,1,1,0, 93
2,93,2,2,1, 95
27,92,4,4,1, 96
30,93,3,3,1, 96
1,96,1,1,0, 97
8,96,1,1,1, 97
11,94,4,4,1, 98
31,96,2,2,0, 98
9,97,2,2,1, 99
4,96,4,4,1, 100
22,96,4,4,1, 100
3,97,3,3,1, 100
5,97,3,3,0, 100
24,99,1,1,1, 100
23,98,3,3,0, 101
16,99,2,2,1, 101
21,97,5,5,1, 102
29,98,4,4,0, 102
14,99,3,3,0, 102
17,99,3,3,1, 102
6,100,2,2,1, 102
13,99,4,4,1, 103
15,101,2,2,1, 103
7,102,1,1,0, 103
12,100,5,5,1, 105
2,103,2,2,1, 105
30,103,3,3,0, 106
25,105,2,2,1, 107
1,106,1,1,1, 107
8,106,1,1,1, 107
11,104,4,4,1, 108
31,106,2,2,0, 108
22,106,4,4,0, 110
5,107,3,3,0, 110
24,109,1,1,1, 110
23,108,3,3,0, 111
16,109,2,2,0, 111
21,107,5,5,0, 112
29,108,4,4,1, 112
14,109,3,3,1, 112
6,110,2,2,1, 112
13,109,4,4,0, 113
15,111,2,2,0, 113
7,112,1,1,0, 113
30,113,3,3,1, 116
8,116,1,1,0, 117
31,116,2,2,1, 118
22,116,4,4,1, 120
5,117,3,3,1, 120
24,119,1,1,0, 120
21,117,5,5,1, 122
29,118,4,4,0, 122
14,119,3,3,1, 122
6,120,2,2,1, 122
15,121,2,2,1, 123
7,122,1,1,0, 123
30,123,3,3,1, 126
8,126,1,1,1, 127
31,126,2,2,1, 128
22,126,4,4,1, 130
5,127,3,3,0, 130
24,129,1,1,1, 130
23,128,3,3,1, 131
16,129,2,2,1, 131
21,127,5,5,1, 132
29,128,4,4,0, 132
14,129,3,3,1, 132
6,130,2,2,0, 132
7,132,1,1,0, 133
30,133,3,3,1, 136
8,136,1,1,0, 137
31,136,2,2,1, 138
22,136,4,4,1, 140
5,137,3,3,1, 140
24,139,1,1,1, 140
23,138,3,3,1, 141
16,139,2,2,1, 141
29,138,4,4,1, 142
6,140,2,2,1, 142
7,142,1,1,0, 143
30,143,3,3,1, 146
8,146,1,1,1, 147
31,146,2,2,0, 148
5,147,3,3,0, 150
24,149,1,1,0, 150
23,148,3,3,1, 151
14,149,3,3,1, 152
15,151,2,2,1, 153
7,152,1,1,0, 153
8,156,1,1,1, 157
24,159,1,1,0, 160
14,159,3,3,1, 162
6,160,2,2,1, 162
15,161,2,2,1, 163
7,162,1,1,1, 163
8,166,1,1,0, 167
24,169,1,1,0, 170
29,168,4,4,1, 172
6,170,2,2,1, 172
7,172,1,1,1, 173
30,173,3,3,1, 176
8,176,1,1,0, 177
5,177,3,3,1, 180
24,179,1,1,1, 180
23,178,3,3,1, 181
14,179,3,3,1, 182
13,179,4,4,1, 183
15,181,2,2,1, 183
7,182,1,1,0, 183
8,186,1,1,1, 187
22,186,4,4,1, 190
24,189,1,1,0, 190
23,188,3,3,1, 191
21,187,5,5,1, 192
29,188,4,4,1, 192
13,189,4,4,1, 193
15,191,2,2,1, 193
7,192,1,1,1, 193
8,196,1,1,0, 197
31,196,2,2,1, 198
24,199,1,1,0, 200
23,198,3,3,1, 201
16,199,2,2,1, 201
21,197,5,5,1, 202
29,198,4,4,1, 202
7,202,1,1,0, 203
30,203,3,3,1, 206
8,206,1,1,0, 207
31,206,2,2,1, 208
22,206,4,4,1, 210
5,207,3,3,1, 210
24,209,1,1,1, 210
23,208,3,3,1, 211
16,209,2,2,1, 211
29,208,4,4,1, 212
6,210,2,2,1, 212
13,209,4,4,1, 213
7,212,1,1,0, 213
1,216,1,1,1, 217
5,217,3,3,1, 220
24,219,1,1,1, 220
17,219,3,3,1, 222
7,222,1,1,1, 223
1,226,1,1,1, 227
9,227,2,2,1, 229
24,229,1,1,0, 230
29,228,4,4,1, 232
17,229,3,3,1, 232
7,232,1,1,1, 233
25,235,2,2,1, 237
1,236,1,1,1, 237
9,237,2,2,1, 239
24,239,1,1,0, 240
29,238,4,4,1, 242
17,239,3,3,1, 242
6,240,2,2,1, 242
7,242,1,1,0, 243
1,246,1,1,1, 247
31,246,2,2,1, 248
5,247,3,3,1, 250
24,249,1,1,0, 250
29,248,4,4,1, 252
17,249,3,3,1, 252
7,252,1,1,1, 253
30,253,3,3,1, 256
1,256,1,1,0, 257
9,257,2,2,1, 259
5,257,3,3,1, 260
24,259,1,1,0, 260
7,262,1,1,0, 263
30,263,3,3,1, 266
25,265,2,2,1, 267
1,266,1,1,1, 267
24,269,1,1,0, 270
7,272,1,1,0, 273
1,276,1,1,1, 277
24,279,1,1,1, 280
17,279,3,3,1, 282
6,280,2,2,1, 282
7,282,1,1,0, 283
2,283,2,2,1, 285
1,286,1,1,0, 287
31,286,2,2,1, 288
26,287,3,3,1, 290
24,289,1,1,1, 290
6,290,2,2,1, 292
7,292,1,1,0, 293
2,293,2,2,1, 295
30,293,3,3,1, 296
25,295,2,2,1, 297
1,296,1,1,0, 297
9,297,2,2,1, 299
5,297,3,3,1, 300
24,299,1,1,0, 300
17,299,3,3,1, 302
6,300,2,2,1, 302
7,302,1,1,0, 303
1,306,1,1,1, 307
9,307,2,2,1, 309
5,307,3,3,1, 310
24,309,1,1,1, 310
29,308,4,4,1, 312
7,312,1,1,0, 313
31,316,2,2,1, 318
5,317,3,3,1, 320
24,319,1,1,0, 320
23,318,3,3,1, 321
16,319,2,2,1, 321
14,319,3,3,1, 322
6,320,2,2,1, 322
8,326,1,1,1, 327
22,326,4,4,1, 330
24,329,1,1,0, 330
23,328,3,3,1, 331
21,327,5,5,1, 332
15,331,2,2,1, 333
8,336,1,1,1, 337
24,339,1,1,0, 340
23,338,3,3,1, 341
16,339,2,2,1, 341
14,339,3,3,1, 342
13,339,4,4,1, 343
15,341,2,2,1, 343
8,346,1,1,0, 347
24,349,1,1,1, 350
23,348,3,3,1, 351
16,349,2,2,1, 351
8,356,1,1,0, 357
24,359,1,1,1, 360
23,358,3,3,1, 361
21,357,5,5,1, 362
14,359,3,3,1, 362
24,369,1,1,0, 370
24,379,1,1,1, 380
24,389,1,1,1, 390
24,399,1,1,0, 400
24,409,1,1,0, 410
1,416,1,1,0, 417
24,419,1,1,0, 420
1,426,1,1,1, 427
5,427,3,3,1, 430
24,429,1,1,0, 430
17,429,3,3,1, 432
6,430,2,2,1, 432
7,432,1,1,0, 433
1,436,1,1,0, 437
9,437,2,2,1, 439
5,437,3,3,1, 440
24,439,1,1,0, 440
17,439,3,3,1, 442
7,442,1,1,0, 443
1,446,1,1,0, 447
5,447,3,3,1, 450
24,449,1,1,1, 450
17,449,3,3,1, 452
7,452,1,1,0, 453
30,453,3,3,1, 456
25,455,2,2,1, 457
1,456,1,1,1, 457
9,457,2,2,1, 459
24,459,1,1,1, 460
29,458,4,4,1, 462
17,459,3,3,1, 462
7,462,1,1,0, 463
25,465,2,2,1, 467
1,466,1,1,1, 467
8,466,1,1,0, 467
31,466,2,2,1, 468
9,467,2,2,1, 469
24,469,1,1,0, 470
16,469,2,2,1, 471
29,468,4,4,1, 472
14,469,3,3,1, 472
13,469,4,4,1, 473
7,472,1,1,0, 473
2,473,2,2,1, 475
1,476,1,1,1, 477
8,476,1,1,0, 477
9,477,2,2,1, 479
22,476,4,4,1, 480
26,477,3,3,1, 480
24,479,1,1,0, 480
16,479,2,2,1, 481
13,479,4,4,1, 483
15,481,2,2,1, 483
7,482,1,1,0, 483
18,483,4,4,1, 487
25,485,2,2,1, 487
1,486,1,1,0, 487
8,486,1,1,0, 487
22,486,4,4,1, 490
26,487,3,3,1, 490
24,489,1,1,0, 490
16,489,2,2,1, 491
21,487,5,5,1, 492
14,489,3,3,1, 492
13,489,4,4,1, 493
7,492,1,1,0, 493
25,495,2,2,1, 497
1,496,1,1,0, 497
8,496,1,1,1, 497
31,496,2,2,1, 498
9,497,2,2,1, 499
22,496,4,4,1, 500
24,499,1,1,0, 500
23,498,3,3,1, 501
16,499,2,2,1, 501
7,502,1,1,1, 503
24,509,1,1,0, 510
7,512,1,1,1, 513
31,516,2,2,1, 518
24,519,1,1,0, 520
7,522,1,1,1, 523
24,529,1,1,0, 530
7,532,1,1,1, 533
24,539,1,1,0, 540
7,542,1,1,1, 543
31,546,2,2,1, 548
24,549,1,1,1, 550
7,552,1,1,1, 553
31,556,2,2,1, 558
24,559,1,1,0, 560
7,562,1,1,0, 563
24,569,1,1,0, 570
7,572,1,1,0, 573
30,573,3,3,1, 576
24,579,1,1,1, 580
29,578,4,4,1, 582
7,582,1,1,0, 583
5,587,3,3,1, 590
24,589,1,1,0, 590
7,592,1,1,0, 593
31,596,2,2,1, 598
24,599,1,1,0, 600
29,598,4,4,1, 602
7,602,1,1,1, 603
30,603,3,3,1, 606
25,605,2,2,1, 607
1,606,1,1,1, 607
8,606,1,1,1, 607
31,606,2,2,1, 608
9,607,2,2,1, 609
24,609,1,1,0, 610
7,612,1,1,0, 613
30,613,3,3,1, 616
25,615,2,2,1, 617
1,616,1,1,1, 617
8,616,1,1,0, 617
9,617,2,2,1, 619
24,619,1,1,0, 620
14,619,3,3,1, 622
17,619,3,3,1, 622
6,620,2,2,1, 622
13,619,4,4,1, 623
7,622,1,1,0, 623
30,623,3,3,1, 626
1,626,1,1,0, 627
8,626,1,1,1, 627
9,627,2,2,1, 629
22,626,4,4,1, 630
24,629,1,1,1, 630
16,629,2,2,1, 631
21,627,5,5,1, 632
29,628,4,4,1, 632
14,629,3,3,1, 632
17,629,3,3,1, 632
6,630,2,2,1, 632
13,629,4,4,1, 633
25,635,2,2,1, 637
1,636,1,1,1, 637
8,636,1,1,0, 637
22,636,4,4,1, 640
24,639,1,1,0, 640
16,639,2,2,1, 641
21,637,5,5,1, 642
17,639,3,3,1, 642
13,639,4,4,1, 643
2,643,2,2,1, 645
18,643,4,4,1, 647
1,646,1,1,1, 647
8,646,1,1,0, 647
9,647,2,2,1, 649
26,647,3,3,1, 650
24,649,1,1,1, 650
23,648,3,3,1, 651
16,649,2,2,1, 651
17,649,3,3,1, 652
13,649,4,4,1, 653
1,656,1,1,0, 657
8,656,1,1,0, 657
9,657,2,2,1, 659
24,659,1,1,0, 660
17,659,3,3,1, 662
13,659,4,4,1, 663
8,666,1,1,0, 667
22,666,4,4,1, 670
24,669,1,1,1, 670
24,679,1,1,0, 680
24,689,1,1,1, 690
24,699,1,1,1, 700
24,709,1,1,0, 710
24,719,1,1,0, 720
24,729,1,1,1, 730
24,739,1,1,1, 740
7,742,1,1,1, 743
24,749,1,1,1, 750
7,752,1,1,1, 753
31,756,2,2,1, 758
24,759,1,1,0, 760
7,762,1,1,0, 763
1,766,1,1,0, 767
31,766,2,2,1, 768
24,769,1,1,1, 770
17,769,3,3,1, 772
15,771,2,2,1, 773
7,772,1,1,1, 773
1,776,1,1,0, 777
8,776,1,1,0, 777
9,777,2,2,1, 779
24,779,1,1,1, 780
6,780,2,2,1, 782
15,781,2,2,1, 783
7,782,1,1,1, 783
25,785,2,2,1, 787
1,786,1,1,1, 787
8,786,1,1,1, 787
24,789,1,1,0, 790
17,789,3,3,1, 792
6,790,2,2,1, 792
13,789,4,4,1, 793
15,791,2,2,1, 793
7,792,1,1,1, 793
25,795,2,2,1, 797
1,796,1,1,1, 797
8,796,1,1,0, 797
9,797,2,2,1, 799
5,797,3,3,1, 800
24,799,1,1,1, 800
6,800,2,2,1, 802
13,799,4,4,1, 803
15,801,2,2,1, 803
7,802,1,1,1, 803
1,806,1,1,0, 807
8,806,1,1,0, 807
9,807,2,2,1, 809
5,807,3,3,1, 810
24,809,1,1,1, 810
29,808,4,4,1, 812
13,809,4,4,1, 813
7,812,1,1,1, 813
1,816,1,1,0, 817
8,816,1,1,0, 817
31,816,2,2,1, 818
5,817,3,3,1, 820
24,819,1,1,0, 820
29,818,4,4,1, 822
17,819,3,3,1, 822
13,819,4,4,1, 823
15,821,2,2,1, 823
7,822,1,1,1, 823
30,823,3,3,1, 826
1,826,1,1,1, 827
8,826,1,1,1, 827
9,827,2,2,1, 829
22,826,4,4,1, 830
5,827,3,3,1, 830
24,829,1,1,0, 830
23,828,3,3,1, 831
15,831,2,2,1, 833
7,832,1,1,0, 833
2,833,2,2,1, 835
18,833,4,4,1, 837
1,836,1,1,1, 837
8,836,1,1,0, 837
5,837,3,3,1, 840
24,839,1,1,1, 840
23,838,3,3,1, 841
16,839,2,2,1, 841
21,837,5,5,1, 842
6,840,2,2,1, 842
7,842,1,1,0, 843
2,843,2,2,1, 845
30,843,3,3,1, 846
18,843,4,4,1, 847
25,845,2,2,1, 847
1,846,1,1,1, 847
9,847,2,2,1, 849
5,847,3,3,1, 850
26,847,3,3,1, 850
24,849,1,1,1, 850
29,848,4,4,1, 852
6,850,2,2,1, 852
24,859,1,1,1, 860
24,869,1,1,1, 870
24,879,1,1,0, 880
24,889,1,1,0, 890
24,899,1,1,0, 900
24,909,1,1,1, 910
24,919,1,1,0, 920
24,929,1,1,1, 930
24,939,1,1,0, 940
8,946,1,1,1, 947
24,949,1,1,1, 950
25,955,2,2,1, 957
1,956,1,1,0, 957
8,956,1,1,0, 957
31,956,2,2,1, 958
24,959,1,1,0, 960
13,959,4,4,1, 963
15,961,2,2,1, 963
7,962,1,1,1, 963
1,966,1,1,0, 967
8,966,1,1,0, 967
5,967,3,3,1, 970
24,969,1,1,0, 970
14,969,3,3,1, 972
15,971,2,2,1, 973
7,972,1,1,1, 973
25,975,2,2,1, 977
1,976,1,1,0, 977
8,976,1,1,1, 977
9,977,2,2,1, 979
5,977,3,3,1, 980
24,979,1,1,1, 980
14,979,3,3,1, 982
17,979,3,3,1, 982
6,980,2,2,1, 982
13,979,4,4,1, 983
7,982,1,1,1, 983
30,983,3,3,1, 986
25,985,2,2,1, 987
1,986,1,1,1, 987
8,986,1,1,1, 987
31,986,2,2,1, 988
9,987,2,2,1, 989
5,987,3,3,1, 990
24,989,1,1,0, 990
14,989,3,3,1, 992
6,990,2,2,1, 992
15,991,2,2,1, 993
7,992,1,1,0, 993
25,995,2,2,1, 997
1,996,1,1,0, 997
8,996,1,1,1, 997
24,999,1,1,1, 1000
17,999,3,3,1, 1002
13,999,4,4,1, 1003
7,1002,1,1,1, 1003
30,1003,3,3,1, 1006
25,1005,2,2,1, 1007
1,1006,1,1,0, 1007
8,1006,1,1,0, 1007
31,1006,2,2,1, 1008
5,1007,3,3,1, 1010
24,1009,1,1,0, 1010
29,1008,4,4,1, 1012
13,1009,4,4,1, 1013
7,1012,1,1,1, 1013
30,1013,3,3,1, 1016
18,1013,4,4,1, 1017
25,1015,2,2,1, 1017
1,1016,1,1,0, 1017
8,1016,1,1,0, 1017
9,1017,2,2,1, 1019
24,1019,1,1,1, 1020
14,1019,3,3,1, 1022
17,1019,3,3,1, 1022
6,1020,2,2,1, 1022
13,1019,4,4,1, 1023
15,1021,2,2,1, 1023
7,1022,1,1,1, 1023
30,1023,3,3,1, 1026
1,1026,1,1,0, 1027
8,1026,1,1,0, 1027
24,1029,1,1,1, 1030
17,1029,3,3,1, 1032
15,1031,2,2,1, 1033
1,1036,1,1,0, 1037
8,1036,1,1,0, 1037
9,1037,2,2,1, 1039
26,1037,3,3,1, 1040
24,1039,1,1,0, 1040
14,1039,3,3,1, 1042
2,1043,2,2,1, 1045
27,1042,4,4,1, 1046
8,1046,1,1,0, 1047
24,1049,1,1,0, 1050
15,1051,2,2,1, 1053
8,1056,1,1,1, 1057
24,1059,1,1,1, 1060
8,1066,1,1,0, 1067
24,1069,1,1,1, 1070
15,1071,2,2,1, 1073
8,1076,1,1,1, 1077
24,1079,1,1,0, 1080
16,1079,2,2,1, 1081
24,1089,1,1,1, 1090
24,1099,1,1,1, 1100
24,1109,1,1,1, 1110
24,1119,1,1,0, 1120
24,1129,1,1,1, 1130
7,1132,1,1,0, 1133
31,1136,2,2,1, 1138
24,1139,1,1,0, 1140
7,1142,1,1,0, 1143
31,1146,2,2,1, 1148
24,1149,1,1,1, 1150
17,1149,3,3,1, 1152
7,1152,1,1,1, 1153
1,1156,1,1,0, 1157
9,1157,2,2,1, 1159
24,1159,1,1,0, 1160
7,1162,1,1,1, 1163
1,1166,1,1,1, 1167
31,1166,2,2,1, 1168
24,1169,1,1,0, 1170
17,1169,3,3,1, 1172
7,1172,1,1,0, 1173
2,1173,2,2,1, 1175
18,1173,4,4,1, 1177
1,1176,1,1,0, 1177
31,1176,2,2,1, 1178
9,1177,2,2,1, 1179
24,1179,1,1,1, 1180
7,1182,1,1,0, 1183
2,1183,2,2,1, 1185
30,1183,3,3,1, 1186
1,1186,1,1,1, 1187
8,1186,1,1,1, 1187
9,1187,2,2,1, 1189
22,1186,4,4,1, 1190
24,1189,1,1,1, 1190
23,1188,3,3,1, 1191
14,1189,3,3,1, 1192
13,1189,4,4,1, 1193
7,1192,1,1,1, 1193
12,1190,5,5,1, 1195
2,1193,2,2,1, 1195
30,1193,3,3,1, 1196
25,1195,2,2,1, 1197
1,1196,1,1,1, 1197
8,1196,1,1,0, 1197
31,1196,2,2,1, 1198
20,1193,6,6,1, 1199
22,1196,4,4,1, 1200
3,1197,3,3,1, 1200
24,1199,1,1,1, 1200
21,1197,5,5,1, 1202
29,1198,4,4,1, 1202
14,1199,3,3,1, 1202
17,1199,3,3,1, 1202
6,1200,2,2,1, 1202
7,1202,1,1,1, 1203
2,1203,2,2,1, 1205
27,1202,4,4,1, 1206
18,1203,4,4,1, 1207
8,1206,1,1,1, 1207
5,1207,3,3,1, 1210
24,1209,1,1,0, 1210
23,1208,3,3,1, 1211
6,1210,2,2,1, 1212
13,1209,4,4,1, 1213
7,1212,1,1,1, 1213
30,1213,3,3,1, 1216
8,1216,1,1,0, 1217
5,1217,3,3,1, 1220
24,1219,1,1,0, 1220
16,1219,2,2,1, 1221
21,1217,5,5,1, 1222
29,1218,4,4,1, 1222
14,1219,3,3,1, 1222
6,1220,2,2,1, 1222
13,1219,4,4,1, 1223
7,1222,1,1,1, 1223
8,1226,1,1,0, 1227
31,1226,2,2,1, 1228
5,1227,3,3,1, 1230
24,1229,1,1,1, 1230
13,1229,4,4,1, 1233
7,1232,1,1,0, 1233
30,1233,3,3,1, 1236
8,1236,1,1,1, 1237
24,1239,1,1,0, 1240
23,1238,3,3,1, 1241
8,1246,1,1,1, 1247
24,1249,1,1,1, 1250
16,1249,2,2,1, 1251
24,1259,1,1,1, 1260
24,1269,1,1,1, 1270
24,1279,1,1,1, 1280
24,1289,1,1,1, 1290
24,1299,1,1,1, 1300
24,1309,1,1,0, 1310
1,1316,1,1,1, 1317
24,1319,1,1,0, 1320
1,1326,1,1,0, 1327
9,1327,2,2,1, 1329
24,1329,1,1,0, 1330
17,1329,3,3,1, 1332
1,1336,1,1,0, 1337
9,1337,2,2,1, 1339
24,1339,1,1,0, 1340
7,1342,1,1,1, 1343
1,1346,1,1,1, 1347
31,1346,2,2,1, 1348
24,1349,1,1,1, 1350
7,1352,1,1,0, 1353
2,1353,2,2,1, 1355
25,1355,2,2,1, 1357
1,1356,1,1,0, 1357
8,1356,1,1,0, 1357
31,1356,2,2,1, 1358
26,1357,3,3,1, 1360
24,1359,1,1,1, 1360
17,1359,3,3,1, 1362
7,1362,1,1,1, 1363
2,1363,2,2,1, 1365
1,1366,1,1,0, 1367
8,1366,1,1,1, 1367
31,1366,2,2,1, 1368
9,1367,2,2,1, 1369
26,1367,3,3,1, 1370
24,1369,1,1,0, 1370
14,1369,3,3,1, 1372
17,1369,3,3,1, 1372
15,1371,2,2,1, 1373
7,1372,1,1,0, 1373
18,1373,4,4,1, 1377
1,1376,1,1,0, 1377
8,1376,1,1,1, 1377
24,1379,1,1,0, 1380
14,1379,3,3,1, 1382
6,1380,2,2,1, 1382
7,1382,1,1,1, 1383
18,1383,4,4,1, 1387
25,1385,2,2,1, 1387
1,1386,1,1,1, 1387
8,1386,1,1,1, 1387
31,1386,2,2,1, 1388
9,1387,2,2,1, 1389
24,1389,1,1,1, 1390
29,1388,4,4,1, 1392
13,1389,4,4,1, 1393
7,1392,1,1,1, 1393
30,1393,3,3,1, 1396
8,1396,1,1,1, 1397
5,1397,3,3,1, 1400
24,1399,1,1,0, 1400
29,1398,4,4,1, 1402
14,1399,3,3,1, 1402
6,1400,2,2,1, 1402
7,1402,1,1,0, 1403
30,1403,3,3,1, 1406
8,1406,1,1,1, 1407
24,1409,1,1,1, 1410
29,1408,4,4,1, 1412
14,1409,3,3,1, 1412
6,1410,2,2,1, 1412
7,1412,1,1,1, 1413
30,1413,3,3,1, 1416
8,1416,1,1,0, 1417
31,1416,2,2,1, 1418
5,1417,3,3,1, 1420
24,1419,1,1,0, 1420
14,1419,3,3,1, 1422
6,1420,2,2,1, 1422
15,1421,2,2,1, 1423
7,1422,1,1,0, 1423
8,1426,1,1,1, 1427
31,1426,2,2,1, 1428
22,1426,4,4,1, 1430
24,1429,1,1,1, 1430
23,1428,3,3,1, 1431
29,1428,4,4,1, 1432
14,1429,3,3,1, 1432
7,1432,1,1,0, 1433
30,1433,3,3,1, 1436
8,1436,1,1,0, 1437
24,1439,1,1,1, 1440
16,1439,2,2,1, 1441
21,1437,5,5,1, 1442
13,1439,4,4,1, 1443
15,1441,2,2,1, 1443
8,1446,1,1,0, 1447
24,1449,1,1,1, 1450
16,1449,2,2,1, 1451
21,1447,5,5,1, 1452
24,1459,1,1,0, 1460
24,1469,1,1,1, 1470
24,1479,1,1,0, 1480
24,1489,1,1,1, 1490
1,1496,1,1,1, 1497
24,1499,1,1,1, 1500
1,1506,1,1,0, 1507
9,1507,2,2,1, 1509
24,1509,1,1,1, 1510
17,1509,3,3,1, 1512
25,1515,2,2,1, 1517
1,1516,1,1,0, 1517
24,1519,1,1,1, 1520
2,1523,2,2,1, 1525
1,1526,1,1,1, 1527
24,1529,1,1,0, 1530
17,1529,3,3,1, 1532
2,1533,2,2,1, 1535
1,1536,1,1,0, 1537
9,1537,2,2,1, 1539
24,1539,1,1,1, 1540
17,1539,3,3,1, 1542
18,1543,4,4,1, 1547
1,1546,1,1,1, 1547
3,1547,3,3,1, 1550
26,1547,3,3,1, 1550
24,1549,1,1,0, 1550
19,1546,5,5,1, 1551
7,1552,1,1,0, 1553
2,1553,2,2,1, 1555
1,1556,1,1,1, 1557
8,1556,1,1,0, 1557
9,1557,2,2,1, 1559
26,1557,3,3,1, 1560
24,1559,1,1,0, 1560
19,1556,5,5,1, 1561
16,1559,2,2,1, 1561
14,1559,3,3,1, 1562
15,1561,2,2,1, 1563
7,1562,1,1,1, 1563
8,1566,1,1,0, 1567
24,1569,1,1,0, 1570
16,1569,2,2,1, 1571
13,1569,4,4,1, 1573
15,1571,2,2,1, 1573
7,1572,1,1,0, 1573
8,1576,1,1,1, 1577
24,1579,1,1,1, 1580
16,1579,2,2,1, 1581
14,1579,3,3,1, 1582
6,1580,2,2,1, 1582
7,1582,1,1,0, 1583
30,1583,3,3,1, 1586
8,1586,1,1,0, 1587
31,1586,2,2,1, 1588
24,1589,1,1,0, 1590
16,1589,2,2,1, 1591
7,1592,1,1,1, 1593
30,1593,3,3,1, 1596
8,1596,1,1,0, 1597
5,1597,3,3,1, 1600
24,1599,1,1,1, 1600
16,1599,2,2,1, 1601
14,1599,3,3,1, 1602
13,1599,4,4,1, 1603
7,1602,1,1,0, 1603
8,1606,1,1,1, 1607
5,1607,3,3,1, 1610
24,1609,1,1,0, 1610
29,1608,4,4,1, 1612
14,1609,3,3,1, 1612
6,1610,2,2,1, 1612
7,1612,1,1,0, 1613
30,1613,3,3,1, 1616
8,1616,1,1,0, 1617
24,1619,1,1,0, 1620
29,1618,4,4,1, 1622
6,1620,2,2,1, 1622
7,1622,1,1,0, 1623
30,1623,3,3,1, 1626
8,1626,1,1,0, 1627
31,1626,2,2,1, 1628
24,1629,1,1,0, 1630
29,1628,4,4,1, 1632
6,1630,2,2,1, 1632
7,1632,1,1,1, 1633
30,1633,3,3,1, 1636
8,1636,1,1,1, 1637
5,1637,3,3,1, 1640
24,1639,1,1,1, 1640
23,1638,3,3,1, 1641
16,1639,2,2,1, 1641
6,1640,2,2,1, 1642
7,1642,1,1,1, 1643
8,1646,1,1,0, 1647
31,1646,2,2,1, 1648
24,1649,1,1,1, 1650
8,1656,1,1,0, 1657
24,1659,1,1,0, 1660
16,1659,2,2,1, 1661
1,1666,1,1,1, 1667
8,1666,1,1,1, 1667
24,1669,1,1,0, 1670
23,1668,3,3,1, 1671
17,1669,3,3,1, 1672
25,1675,2,2,1, 1677
1,1676,1,1,1, 1677
8,1676,1,1,1, 1677
24,1679,1,1,1, 1680
16,1679,2,2,1, 1681
25,1685,2,2,1, 1687
1,1686,1,1,1, 1687
24,1689,1,1,1, 1690
17,1689,3,3,1, 1692
1,1696,1,1,0, 1697
9,1697,2,2,1, 1699
24,1699,1,1,0, 1700
25,1705,2,2,1, 1707
1,1706,1,1,1, 1707
9,1707,2,2,1, 1709
24,1709,1,1,0, 1710
17,1709,3,3,1, 1712
25,1715,2,2,1, 1717
1,1716,1,1,0, 1717
9,1717,2,2,1, 1719
24,1719,1,1,0, 1720
2,1723,2,2,1, 1725
18,1723,4,4,1, 1727
25,1725,2,2,1, 1727
1,1726,1,1,1, 1727
26,1727,3,3,1, 1730
24,1729,1,1,1, 1730
18,1733,4,4,1, 1737
25,1735,2,2,1, 1737
1,1736,1,1,1, 1737
9,1737,2,2,1, 1739
26,1737,3,3,1, 1740
24,1739,1,1,1, 1740
24,1749,1,1,0, 1750
31,1756,2,2,1, 1758
24,1759,1,1,0, 1760
7,1762,1,1,0, 1763
24,1769,1,1,0, 1770
7,1772,1,1,1, 1773
24,1779,1,1,0, 1780
7,1782,1,1,0, 1783
8,1786,1,1,1, 1787
5,1787,3,3,1, 1790
24,1789,1,1,0, 1790
29,1788,4,4,1, 1792
6,1790,2,2,1, 1792
15,1791,2,2,1, 1793
7,1792,1,1,1, 1793
8,1796,1,1,0, 1797
24,1799,1,1,1, 1800
29,1798,4,4,1, 1802
7,1802,1,1,1, 1803
8,1806,1,1,0, 1807
24,1809,1,1,0, 1810
29,1808,4,4,1, 1812
13,1809,4,4,1, 1813
7,1812,1,1,1, 1813
30,1813,3,3,1, 1816
8,1816,1,1,1, 1817
31,1816,2,2,1, 1818
5,1817,3,3,1, 1820
24,1819,1,1,0, 1820
13,1819,4,4,1, 1823
7,1822,1,1,1, 1823
8,1826,1,1,0, 1827
31,1826,2,2,1, 1828
5,1827,3,3,1, 1830
24,1829,1,1,1, 1830
14,1829,3,3,1, 1832
6,1830,2,2,1, 1832
15,1831,2,2,1, 1833
7,1832,1,1,1, 1833
8,1836,1,1,1, 1837
24,1839,1,1,0, 1840
29,1838,4,4,1, 1842
15,1841,2,2,1, 1843
7,1842,1,1,0, 1843
30,1843,3,3,1, 1846
1,1846,1,1,0, 1847
8,1846,1,1,0, 1847
9,1847,2,2,1, 1849
24,1849,1,1,1, 1850
14,1849,3,3,1, 1852
17,1849,3,3,1, 1852
6,1850,2,2,1, 1852
7,1852,1,1,0, 1853
1,1856,1,1,0, 1857
8,1856,1,1,1, 1857
9,1857,2,2,1, 1859
24,1859,1,1,0, 1860
29,1858,4,4,1, 1862
14,1859,3,3,1, 1862
17,1859,3,3,1, 1862
6,1860,2,2,1, 1862
15,1861,2,2,1, 1863
7,1862,1,1,0, 1863
25,1865,2,2,1, 1867
1,1866,1,1,1, 1867
8,1866,1,1,1, 1867
24,1869,1,1,1, 1870
29,1868,4,4,1, 1872
6,1870,2,2,1, 1872
15,1871,2,2,1, 1873
25,1875,2,2,1, 1877
1,1876,1,1,1, 1877
8,1876,1,1,1, 1877
9,1877,2,2,1, 1879
22,1876,4,4,1, 1880
24,1879,1,1,1, 1880
16,1879,2,2,1, 1881
15,1881,2,2,1, 1883
1,1886,1,1,1, 1887
8,1886,1,1,0, 1887
9,1887,2,2,1, 1889
22,1886,4,4,1, 1890
24,1889,1,1,0, 1890
21,1887,5,5,1, 1892
14,1889,3,3,1, 1892
13,1889,4,4,1, 1893
25,1895,2,2,1, 1897
1,1896,1,1,1, 1897
24,1899,1,1,1, 1900
2,1903,2,2,1, 1905
25,1905,2,2,1, 1907
1,1906,1,1,0, 1907
26,1907,3,3,1, 1910
24,1909,1,1,1, 1910
17,1909,3,3,1, 1912
2,1913,2,2,1, 1915
18,1913,4,4,1, 1917
25,1915,2,2,1, 1917
1,1916,1,1,0, 1917
26,1917,3,3,1, 1920
24,1919,1,1,0, 1920
24,1929,1,1,0, 1930
24,1939,1,1,1, 1940
24,1949,1,1,1, 1950
24,1959,1,1,0, 1960
24,1969,1,1,1, 1970
7,1972,1,1,0, 1973
31,1976,2,2,1, 1978
24,1979,1,1,0, 1980
7,1982,1,1,0, 1983
31,1986,2,2,1, 1988
24,1989,1,1,1, 1990
7,1992,1,1,1, 1993
31,1996,2,2,1, 1998
24,1999,1,1,0, 2000
7,2002,1,1,0, 2003
8,2006,1,1,1, 2007
31,2006,2,2,1, 2008
24,2009,1,1,0, 2010
16,2009,2,2,1, 2011
7,2012,1,1,0, 2013
8,2016,1,1,1, 2017
31,2016,2,2,1, 2018
24,2019,1,1,0, 2020
16,2019,2,2,1, 2021
17,2019,3,3,1, 2022
7,2022,1,1,1, 2023
1,2026,1,1,0, 2027
8,2026,1,1,0, 2027
24,2029,1,1,0, 2030
16,2029,2,2,1, 2031
17,2029,3,3,1, 2032
6,2030,2,2,1, 2032
7,2032,1,1,0, 2033
1,2036,1,1,0, 2037
8,2036,1,1,0, 2037
31,2036,2,2,1, 2038
9,2037,2,2,1, 2039
24,2039,1,1,1, 2040
16,2039,2,2,1, 2041
7,2042,1,1,1, 2043
1,2046,1,1,0, 2047
8,2046,1,1,1, 2047
31,2046,2,2,1, 2048
24,2049,1,1,0, 2050
16,2049,2,2,1, 2051
14,2049,3,3,1, 2052
17,2049,3,3,1, 2052
6,2050,2,2,1, 2052
15,2051,2,2,1, 2053
7,2052,1,1,1, 2053
30,2053,3,3,1, 2056
25,2055,2,2,1, 2057
1,2056,1,1,1, 2057
8,2056,1,1,1, 2057
31,2056,2,2,1, 2058
9,2057,2,2,1, 2059
5,2057,3,3,1, 2060
24,2059,1,1,0, 2060
17,2059,3,3,1, 2062
13,2059,4,4,1, 2063
15,2061,2,2,1, 2063
7,2062,1,1,1, 2063
25,2065,2,2,1, 2067
1,2066,1,1,1, 2067
8,2066,1,1,1, 2067
31,2066,2,2,1, 2068
9,2067,2,2,1, 2069
5,2067,3,3,1, 2070
24,2069,1,1,1, 2070
29,2068,4,4,1, 2072
17,2069,3,3,1, 2072
13,2069,4,4,1, 2073
7,2072,1,1,0, 2073
30,2073,3,3,1, 2076
1,2076,1,1,0, 2077
8,2076,1,1,0, 2077
9,2077,2,2,1, 2079
5,2077,3,3,1, 2080
24,2079,1,1,1, 2080
29,2078,4,4,1, 2082
17,2079,3,3,1, 2082
25,2085,2,2,1, 2087
1,2086,1,1,0, 2087
8,2086,1,1,0, 2087
9,2087,2,2,1, 2089
26,2087,3,3,1, 2090
24,2089,1,1,1, 2090
23,2088,3,3,1, 2091
1,2096,1,1,1, 2097
8,2096,1,1,0, 2097
9,2097,2,2,1, 2099
24,2099,1,1,0, 2100
16,2099,2,2,1, 2101
17,2099,3,3,1, 2102
8,2106,1,1,0, 2107
22,2106,4,4,1, 2110
24,2109,1,1,1, 2110
13,2109,4,4,1, 2113
8,2116,1,1,0, 2117
22,2116,4,4,1, 2120
24,2119,1,1,0, 2120
23,2118,3,3,1, 2121
16,2119,2,2,1, 2121
21,2117,5,5,1, 2122
24,2129,1,1,1, 2130
24,2139,1,1,0, 2140
24,2149,1,1,1, 2150
24,2159,1,1,1, 2160
24,2169,1,1,1, 2170
24,2179,1,1,0, 2180
24,2189,1,1,0, 2190
7,2192,1,1,0, 2193
24,2199,1,1,0, 2200
7,2202,1,1,1, 2203
25,2205,2,2,1, 2207
1,2206,1,1,1, 2207
31,2206,2,2,1, 2208
24,2209,1,1,1, 2210
7,2212,1,1,0, 2213
1,2216,1,1,0, 2217
24,2219,1,1,0, 2220
17,2219,3,3,1, 2222
7,2222,1,1,1, 2223
1,2226,1,1,0, 2227
31,2226,2,2,1, 2228
9,2227,2,2,1, 2229
24,2229,1,1,0, 2230
14,2229,3,3,1, 2232
17,2229,3,3,1, 2232
13,2229,4,4,1, 2233
7,2232,1,1,1, 2233
25,2235,2,2,1, 2237
1,2236,1,1,1, 2237
8,2236,1,1,0, 2237
24,2239,1,1,1, 2240
13,2239,4,4,1, 2243
15,2241,2,2,1, 2243
7,2242,1,1,0, 2243
1,2246,1,1,0, 2247
8,2246,1,1,1, 2247
31,2246,2,2,1, 2248
24,2249,1,1,0, 2250
14,2249,3,3,1, 2252
13,2249,4,4,1, 2253
15,2251,2,2,1, 2253
7,2252,1,1,1, 2253
1,2256,1,1,0, 2257
8,2256,1,1,1, 2257
24,2259,1,1,0, 2260
14,2259,3,3,1, 2262
17,2259,3,3,1, 2262
7,2262,1,1,0, 2263
1,2266,1,1,0, 2267
8,2266,1,1,1, 2267
9,2267,2,2,1, 2269
24,2269,1,1,1, 2270
14,2269,3,3,1, 2272
13,2269,4,4,1, 2273
7,2272,1,1,0, 2273
1,2276,1,1,1, 2277
8,2276,1,1,1, 2277
24,2279,1,1,1, 2280
16,2279,2,2,1, 2281
14,2279,3,3,1, 2282
7,2282,1,1,0, 2283
2,2283,2,2,1, 2285
30,2283,3,3,1, 2286
18,2283,4,4,1, 2287
1,2286,1,1,0, 2287
8,2286,1,1,1, 2287
31,2286,2,2,1, 2288
26,2287,3,3,1, 2290
24,2289,1,1,0, 2290
16,2289,2,2,1, 2291
17,2289,3,3,1, 2292
6,2290,2,2,1, 2292
7,2292,1,1,1, 2293
25,2295,2,2,1, 2297
1,2296,1,1,0, 2297
8,2296,1,1,0, 2297
26,2297,3,3,1, 2300
24,2299,1,1,0, 2300
7,2302,1,1,0, 2303
2,2303,2,2,1, 2305
30,2303,3,3,1, 2306
18,2303,4,4,1, 2307
25,2305,2,2,1, 2307
1,2306,1,1,0, 2307
8,2306,1,1,1, 2307
31,2306,2,2,1, 2308
9,2307,2,2,1, 2309
5,2307,3,3,1, 2310
24,2309,1,1,1, 2310
16,2309,2,2,1, 2311
6,2310,2,2,1, 2312
7,2312,1,1,0, 2313
2,2313,2,2,1, 2315
18,2313,4,4,1, 2317
8,2316,1,1,1, 2317
24,2319,1,1,1, 2320
23,2318,3,3,1, 2321
7,2322,1,1,1, 2323
30,2323,3,3,1, 2326
8,2326,1,1,1, 2327
5,2327,3,3,1, 2330
24,2329,1,1,1, 2330
7,2332,1,1,1, 2333
30,2333,3,3,1, 2336
8,2336,1,1,0, 2337
31,2336,2,2,1, 2338
5,2337,3,3,1, 2340
24,2339,1,1,0, 2340
23,2338,3,3,1, 2341
16,2339,2,2,1, 2341
29,2338,4,4,1, 2342
7,2342,1,1,0, 2343
8,2346,1,1,0, 2347
31,2346,2,2,1, 2348
24,2349,1,1,0, 2350
23,2348,3,3,1, 2351
7,2352,1,1,1, 2353
30,2353,3,3,1, 2356
8,2356,1,1,1, 2357
31,2356,2,2,1, 2358
5,2357,3,3,1, 2360
24,2359,1,1,0, 2360
16,2359,2,2,1, 2361
7,2362,1,1,1, 2363
30,2363,3,3,1, 2366
24,2369,1,1,0, 2370
24,2379,1,1,1, 2380
24,2389,1,1,1, 2390
24,2399,1,1,1, 2400
24,2409,1,1,1, 2410
24,2419,1,1,1, 2420
1,2426,1,1,0, 2427
9,2427,2,2,1, 2429
24,2429,1,1,1, 2430
1,2436,1,1,0, 2437
24,2439,1,1,1, 2440
1,2446,1,1,1, 2447
24,2449,1,1,0, 2450
1,2456,1,1,0, 2457
9,2457,2,2,1, 2459
24,2459,1,1,0, 2460
2,2463,2,2,1, 2465
1,2466,1,1,0, 2467
8,2466,1,1,1, 2467
9,2467,2,2,1, 2469
24,2469,1,1,0, 2470
14,2469,3,3,1, 2472
13,2469,4,4,1, 2473
15,2471,2,2,1, 2473
7,2472,1,1,1, 2473
2,2473,2,2,1, 2475
25,2475,2,2,1, 2477
1,2476,1,1,1, 2477
8,2476,1,1,1, 2477
24,2479,1,1,1, 2480
14,2479,3,3,1, 2482
13,2479,4,4,1, 2483
15,2481,2,2,1, 2483
7,2482,1,1,1, 2483
2,2483,2,2,1, 2485
25,2485,2,2,1, 2487
1,2486,1,1,0, 2487
8,2486,1,1,0, 2487
9,2487,2,2,1, 2489
24,2489,1,1,0, 2490
14,2489,3,3,1, 2492
17,2489,3,3,1, 2492
7,2492,1,1,1, 2493
2,2493,2,2,1, 2495
30,2493,3,3,1, 2496
1,2496,1,1,0, 2497
8,2496,1,1,0, 2497
31,2496,2,2,1, 2498
5,2497,3,3,1, 2500
24,2499,1,1,1, 2500
29,2498,4,4,1, 2502
14,2499,3,3,1, 2502
17,2499,3,3,1, 2502
6,2500,2,2,1, 2502
13,2499,4,4,1, 2503
7,2502,1,1,0, 2503
2,2503,2,2,1, 2505
27,2502,4,4,1, 2506
30,2503,3,3,1, 2506
25,2505,2,2,1, 2507
1,2506,1,1,0, 2507
8,2506,1,1,1, 2507
11,2504,4,4,1, 2508
4,2506,4,4,1, 2510
5,2507,3,3,1, 2510
24,2509,1,1,1, 2510
29,2508,4,4,1, 2512
14,2509,3,3,1, 2512
13,2509,4,4,1, 2513
15,2511,2,2,1, 2513
7,2512,1,1,0, 2513
8,2516,1,1,1, 2517
24,2519,1,1,0, 2520
29,2518,4,4,1, 2522
14,2519,3,3,1, 2522
6,2520,2,2,1, 2522
13,2519,4,4,1, 2523
7,2522,1,1,0, 2523
8,2526,1,1,1, 2527
24,2529,1,1,0, 2530
29,2528,4,4,1, 2532
14,2529,3,3,1, 2532
13,2529,4,4,1, 2533
7,2532,1,1,0, 2533
8,2536,1,1,1, 2537
31,2536,2,2,1, 2538
5,2537,3,3,1, 2540
24,2539,1,1,1, 2540
29,2538,4,4,1, 2542
14,2539,3,3,1, 2542
6,2540,2,2,1, 2542
7,2542,1,1,1, 2543
30,2543,3,3,1, 2546
8,2546,1,1,1, 2547
31,2546,2,2,1, 2548
24,2549,1,1,1, 2550
8,2556,1,1,0, 2557
24,2559,1,1,1, 2560
8,2566,1,1,0, 2567
24,2569,1,1,0, 2570
8,2576,1,1,0, 2577
24,2579,1,1,0, 2580
8,2586,1,1,1, 2587
24,2589,1,1,1, 2590
8,2596,1,1,1, 2597
24,2599,1,1,0, 2600
8,2606,1,1,0, 2607
24,2609,1,1,0, 2610
16,2609,2,2,1, 2611
1,2616,1,1,0, 2617
8,2616,1,1,0, 2617
24,2619,1,1,0, 2620
16,2619,2,2,1, 2621
17,2619,3,3,1, 2622
1,2626,1,1,0, 2627
8,2626,1,1,0, 2627
24,2629,1,1,1, 2630
21,2627,5,5,1, 2632
17,2629,3,3,1, 2632
25,2635,2,2,1, 2637
1,2636,1,1,0, 2637
8,2636,1,1,1, 2637
24,2639,1,1,0, 2640
23,2638,3,3,1, 2641
21,2637,5,5,1, 2642
17,2639,3,3,1, 2642
25,2645,2,2,1, 2647
1,2646,1,1,1, 2647
9,2647,2,2,1, 2649
24,2649,1,1,1, 2650
7,2652,1,1,1, 2653
18,2653,4,4,1, 2657
1,2656,1,1,0, 2657
24,2659,1,1,1, 2660
17,2659,3,3,1, 2662
7,2662,1,1,0, 2663
2,2663,2,2,1, 2665
18,2663,4,4,1, 2667
25,2665,2,2,1, 2667
1,2666,1,1,0, 2667
9,2667,2,2,1, 2669
26,2667,3,3,1, 2670
24,2669,1,1,0, 2670
7,2672,1,1,1, 2673
18,2673,4,4,1, 2677
1,2676,1,1,0, 2677
24,2679,1,1,0, 2680
7,2682,1,1,0, 2683
2,2683,2,2,1, 2685
25,2685,2,2,1, 2687
1,2686,1,1,0, 2687
31,2686,2,2,1, 2688
3,2687,3,3,1, 2690
24,2689,1,1,0, 2690
19,2686,5,5,1, 2691
7,2692,1,1,1, 2693
2,2693,2,2,1, 2695
30,2693,3,3,1, 2696
31,2696,2,2,1, 2698
24,2699,1,1,0, 2700
29,2698,4,4,1, 2702
7,2702,1,1,1, 2703
31,2706,2,2,1, 2708
5,2707,3,3,1, 2710
24,2709,1,1,0, 2710
29,2708,4,4,1, 2712
7,2712,1,1,0, 2713
31,2716,2,2,1, 2718
24,2719,1,1,1, 2720
6,2720,2,2,1, 2722
7,2722,1,1,1, 2723
30,2723,3,3,1, 2726
24,2729,1,1,0, 2730
6,2730,2,2,1, 2732
7,2732,1,1,1, 2733
30,2733,3,3,1, 2736
31,2736,2,2,1, 2738
5,2737,3,3,1, 2740
24,2739,1,1,0, 2740
6,2740,2,2,1, 2742
7,2742,1,1,0, 2743
30,2743,3,3,1, 2746
8,2746,1,1,1, 2747
24,2749,1,1,1, 2750
16,2749,2,2,1, 2751
29,2748,4,4,1, 2752
13,2749,4,4,1, 2753
15,2751,2,2,1, 2753
7,2752,1,1,1, 2753
30,2753,3,3,1, 2756
8,2756,1,1,1, 2757
24,2759,1,1,0, 2760
23,2758,3,3,1, 2761
16,2759,2,2,1, 2761
13,2759,4,4,1, 2763
15,2761,2,2,1, 2763
8,2766,1,1,1, 2767
24,2769,1,1,1, 2770
14,2769,3,3,1, 2772
13,2769,4,4,1, 2773
15,2771,2,2,1, 2773
8,2776,1,1,1, 2777
24,2779,1,1,1, 2780
23,2778,3,3,1, 2781
16,2779,2,2,1, 2781
8,2786,1,1,0, 2787
24,2789,1,1,1, 2790
23,2788,3,3,1, 2791
16,2789,2,2,1, 2791
15,2791,2,2,1, 2793
8,2796,1,1,0, 2797
24,2799,1,1,1, 2800
23,2798,3,3,1, 2801
17,2799,3,3,1, 2802
1,2806,1,1,0, 2807
24,2809,1,1,1, 2810
17,2809,3,3,1, 2812
1,2816,1,1,0, 2817
9,2817,2,2,1, 2819
24,2819,1,1,0, 2820
17,2819,3,3,1, 2822
1,2826,1,1,1, 2827
24,2829,1,1,1, 2830
1,2836,1,1,0, 2837
24,2839,1,1,1, 2840
17,2839,3,3,1, 2842
2,2843,2,2,1, 2845
1,2846,1,1,0, 2847
11,2844,4,4,1, 2848
9,2847,2,2,1, 2849
4,2846,4,4,1, 2850
26,2847,3,3,1, 2850
24,2849,1,1,1, 2850
19,2846,5,5,1, 2851
18,2853,4,4,1, 2857
25,2855,2,2,1, 2857
1,2856,1,1,0, 2857
20,2853,6,6,1, 2859
28,2854,5,5,1, 2859
9,2857,2,2,1, 2859
3,2857,3,3,1, 2860
24,2859,1,1,1, 2860
17,2859,3,3,1, 2862
7,2862,1,1,0, 2863
24,2869,1,1,1, 2870
7,2872,1,1,0, 2873
24,2879,1,1,1, 2880
7,2882,1,1,0, 2883
24,2889,1,1,1, 2890
7,2892,1,1,1, 2893
31,2896,2,2,1, 2898
24,2899,1,1,0, 2900
7,2902,1,1,0, 2903
31,2906,2,2,1, 2908
24,2909,1,1,0, 2910
15,2911,2,2,1, 2913
7,2912,1,1,0, 2913
8,2916,1,1,0, 2917
24,2919,1,1,1, 2920
29,2918,4,4,1, 2922
6,2920,2,2,1, 2922
13,2919,4,4,1, 2923
7,2922,1,1,0, 2923
30,2923,3,3,1, 2926
8,2926,1,1,1, 2927
31,2926,2,2,1, 2928
22,2926,4,4,1, 2930
24,2929,1,1,1, 2930
13,2929,4,4,1, 2933
15,2931,2,2,1, 2933
7,2932,1,1,1, 2933
30,2933,3,3,1, 2936
8,2936,1,1,0, 2937
22,2936,4,4,1, 2940
5,2937,3,3,1, 2940
24,2939,1,1,0, 2940
23,2938,3,3,1, 2941
16,2939,2,2,1, 2941
14,2939,3,3,1, 2942
13,2939,4,4,1, 2943
7,2942,1,1,0, 2943
8,2946,1,1,1, 2947
31,2946,2,2,1, 2948
22,2946,4,4,1, 2950
5,2947,3,3,1, 2950
24,2949,1,1,0, 2950
6,2950,2,2,1, 2952
15,2951,2,2,1, 2953
7,2952,1,1,1, 2953
30,2953,3,3,1, 2956
8,2956,1,1,1, 2957
24,2959,1,1,1, 2960
16,2959,2,2,1, 2961
29,2958,4,4,1, 2962
13,2959,4,4,1, 2963
15,2961,2,2,1, 2963
7,2962,1,1,1, 2963
1,2966,1,1,1, 2967
8,2966,1,1,0, 2967
5,2967,3,3,1, 2970
24,2969,1,1,0, 2970
16,2969,2,2,1, 2971
6,2970,2,2,1, 2972
13,2969,4,4,1, 2973
7,2972,1,1,1, 2973
30,2973,3,3,1, 2976
1,2976,1,1,0, 2977
9,2977,2,2,1, 2979
24,2979,1,1,1, 2980
29,2978,4,4,1, 2982
6,2980,2,2,1, 2982
7,2982,1,1,0, 2983
2,2983,2,2,1, 2985
18,2983,4,4,1, 2987
1,2986,1,1,0, 2987
31,2986,2,2,1, 2988
9,2987,2,2,1, 2989
5,2987,3,3,1, 2990
26,2987,3,3,1, 2990
24,2989,1,1,0, 2990
2,2993,2,2,1, 2995
18,2993,4,4,1, 2997
1,2996,1,1,0, 2997
24,2999,1,1,1, 3000
17,2999,3,3,1, 3002
25,3005,2,2,1, 3007
1,3006,1,1,0, 3007
9,3007,2,2,1, 3009
24,3009,1,1,0, 3010
25,3015,2,2,1, 3017
1,3016,1,1,1, 3017
24,3019,1,1,0, 3020
18,3023,4,4,1, 3027
25,3025,2,2,1, 3027
1,3026,1,1,0, 3027
20,3023,6,6,1, 3029
28,3024,5,5,1, 3029
24,3029,1,1,0, 3030
17,3029,3,3,1, 3032
12,3030,5,5,1, 3035
24,3039,1,1,0, 3040
24,3049,1,1,1, 3050
24,3059,1,1,1, 3060
24,3069,1,1,0, 3070
24,3079,1,1,1, 3080
23,3078,3,3,1, 3081
16,3079,2,2,1, 3081
21,3077,5,5,1, 3082
8,3086,1,1,1, 3087
22,3086,4,4,1, 3090
24,3089,1,1,1, 3090
23,3088,3,3,1, 3091
21,3087,5,5,1, 3092
8,3096,1,1,0, 3097
24,3099,1,1,1, 3100
21,3097,5,5,1, 3102
7,3102,1,1,1, 3103
8,3106,1,1,0, 3107
22,3106,4,4,1, 3110
24,3109,1,1,1, 3110
23,3108,3,3,1, 3111
16,3109,2,2,1, 3111
21,3107,5,5,1, 3112
29,3108,4,4,1, 3112
6,3110,2,2,1, 3112
7,3112,1,1,1, 3113
30,3113,3,3,1, 3116
8,3116,1,1,1, 3117
31,3116,2,2,1, 3118
22,3116,4,4,1, 3120
5,3117,3,3,1, 3120
24,3119,1,1,1, 3120
16,3119,2,2,1, 3121
29,3118,4,4,1, 3122
6,3120,2,2,1, 3122
7,3122,1,1,0, 3123
30,3123,3,3,1, 3126
8,3126,1,1,1, 3127
24,3129,1,1,1, 3130
7,3132,1,1,1, 3133
30,3133,3,3,1, 3136
1,3136,1,1,0, 3137
8,3136,1,1,1, 3137
9,3137,2,2,1, 3139
24,3139,1,1,0, 3140
29,3138,4,4,1, 3142
6,3140,2,2,1, 3142
7,3142,1,1,1, 3143
1,3146,1,1,1, 3147
8,3146,1,1,0, 3147
24,3149,1,1,1, 3150
29,3148,4,4,1, 3152
6,3150,2,2,1, 3152
7,3152,1,1,0, 3153
2,3153,2,2,1, 3155
1,3156,1,1,1, 3157
8,3156,1,1,1, 3157
31,3156,2,2,1, 3158
9,3157,2,2,1, 3159
5,3157,3,3,1, 3160
24,3159,1,1,1, 3160
17,3159,3,3,1, 3162
6,3160,2,2,1, 3162
7,3162,1,1,1, 3163
2,3163,2,2,1, 3165
30,3163,3,3,1, 3166
1,3166,1,1,1, 3167
8,3166,1,1,0, 3167
9,3167,2,2,1, 3169
24,3169,1,1,1, 3170
29,3168,4,4,1, 3172
17,3169,3,3,1, 3172
6,3170,2,2,1, 3172
2,3173,2,2,1, 3175
1,3176,1,1,1, 3177
8,3176,1,1,0, 3177
24,3179,1,1,0, 3180
13,3179,4,4,1, 3183
25,3185,2,2,1, 3187
1,3186,1,1,1, 3187
8,3186,1,1,0, 3187
3,3187,3,3,1, 3190
24,3189,1,1,1, 3190
15,3191,2,2,1, 3193
2,3193,2,2,1, 3195
25,3195,2,2,1, 3197
1,3196,1,1,1, 3197
8,3196,1,1,1, 3197
3,3197,3,3,1, 3200
24,3199,1,1,0, 3200
15,3201,2,2,1, 3203
2,3203,2,2,1, 3205
27,3202,4,4,1, 3206
1,3206,1,1,1, 3207
8,3206,1,1,1, 3207
3,3207,3,3,1, 3210
24,3209,1,1,0, 3210
14,3209,3,3,1, 3212
13,3209,4,4,1, 3213
2,3213,2,2,1, 3215
8,3216,1,1,0, 3217
24,3219,1,1,1, 3220
13,3219,4,4,1, 3223
15,3221,2,2,1, 3223
8,3226,1,1,0, 3227
24,3229,1,1,1, 3230
23,3228,3,3,1, 3231
24,3239,1,1,0, 3240
24,3249,1,1,1, 3250
24,3259,1,1,0, 3260
24,3269,1,1,0, 3270
24,3279,1,1,1, 3280
7,3282,1,1,1, 3283
31,3286,2,2,1, 3288
24,3289,1,1,1, 3290
7,3292,1,1,0, 3293
24,3299,1,1,0, 3300
7,3302,1,1,1, 3303
31,3306,2,2,1, 3308
24,3309,1,1,1, 3310
7,3312,1,1,0, 3313
1,3316,1,1,1, 3317
31,3316,2,2,1, 3318
24,3319,1,1,0, 3320
17,3319,3,3,1, 3322
7,3322,1,1,1, 3323
25,3325,2,2,1, 3327
1,3326,1,1,0, 3327
24,3329,1,1,0, 3330
17,3329,3,3,1, 3332
7,3332,1,1,0, 3333
25,3335,2,2,1, 3337
1,3336,1,1,0, 3337
8,3336,1,1,1, 3337
24,3339,1,1,0, 3340
23,3338,3,3,1, 3341
16,3339,2,2,1, 3341
21,3337,5,5,1, 3342
6,3340,2,2,1, 3342
13,3339,4,4,1, 3343
15,3341,2,2,1, 3343
7,3342,1,1,0, 3343
30,3343,3,3,1, 3346
25,3345,2,2,1, 3347
1,3346,1,1,0, 3347
8,3346,1,1,1, 3347
31,3346,2,2,1, 3348
24,3349,1,1,0, 3350
29,3348,4,4,1, 3352
14,3349,3,3,1, 3352
15,3351,2,2,1, 3353
7,3352,1,1,1, 3353
30,3353,3,3,1, 3356
25,3355,2,2,1, 3357
1,3356,1,1,0, 3357
8,3356,1,1,1, 3357
31,3356,2,2,1, 3358
9,3357,2,2,1, 3359
24,3359,1,1,0, 3360
13,3359,4,4,1, 3363
7,3362,1,1,1, 3363
30,3363,3,3,1, 3366
25,3365,2,2,1, 3367
1,3366,1,1,1, 3367
8,3366,1,1,0, 3367
31,3366,2,2,1, 3368
9,3367,2,2,1, 3369
5,3367,3,3,1, 3370
24,3369,1,1,1, 3370
17,3369,3,3,1, 3372
7,3372,1,1,0, 3373
30,3373,3,3,1, 3376
18,3373,4,4,1, 3377
1,3376,1,1,1, 3377
8,3376,1,1,0, 3377
31,3376,2,2,1, 3378
9,3377,2,2,1, 3379
5,3377,3,3,1, 3380
24,3379,1,1,1, 3380
29,3378,4,4,1, 3382
17,3379,3,3,1, 3382
7,3382,1,1,1, 3383
18,3383,4,4,1, 3387
1,3386,1,1,0, 3387
8,3386,1,1,0, 3387
24,3389,1,1,0, 3390
29,3388,4,4,1, 3392
17,3389,3,3,1, 3392
6,3390,2,2,1, 3392
7,3392,1,1,0, 3393
25,3395,2,2,1, 3397
1,3396,1,1,1, 3397
8,3396,1,1,1, 3397
31,3396,2,2,1, 3398
24,3399,1,1,0, 3400
17,3399,3,3,1, 3402
25,3405,2,2,1, 3407
1,3406,1,1,0, 3407
8,3406,1,1,1, 3407
3,3407,3,3,1, 3410
24,3409,1,1,1, 3410
19,3406,5,5,1, 3411
8,3416,1,1,0, 3417
24,3419,1,1,1, 3420
15,3421,2,2,1, 3423
8,3426,1,1,0, 3427
24,3429,1,1,0, 3430
15,3431,2,2,1, 3433
8,3436,1,1,0, 3437
24,3439,1,1,0, 3440
8,3446,1,1,1, 3447
24,3449,1,1,1, 3450
8,3456,1,1,1, 3457
24,3459,1,1,0, 3460
8,3466,1,1,0, 3467
22,3466,4,4,1, 3470
24,3469,1,1,1, 3470
23,3468,3,3,1, 3471
16,3469,2,2,1, 3471
21,3467,5,5,1, 3472
13,3469,4,4,1, 3473
8,3476,1,1,1, 3477
22,3476,4,4,1, 3480
24,3479,1,1,1, 3480
21,3477,5,5,1, 3482
13,3479,4,4,1, 3483
15,3481,2,2,1, 3483
24,3489,1,1,0, 3490
24,3499,1,1,1, 3500
7,3502,1,1,1, 3503
24,3509,1,1,1, 3510
7,3512,1,1,0, 3513
1,3516,1,1,0, 3517
24,3519,1,1,0, 3520
17,3519,3,3,1, 3522
7,3522,1,1,0, 3523
25,3525,2,2,1, 3527
1,3526,1,1,1, 3527
31,3526,2,2,1, 3528
24,3529,1,1,1, 3530
7,3532,1,1,1, 3533
1,3536,1,1,0, 3537
9,3537,2,2,1, 3539
24,3539,1,1,0, 3540
7,3542,1,1,0, 3543
1,3546,1,1,0, 3547
9,3547,2,2,1, 3549
24,3549,1,1,0, 3550
17,3549,3,3,1, 3552
7,3552,1,1,1, 3553
25,3555,2,2,1, 3557
1,3556,1,1,1, 3557
9,3557,2,2,1, 3559
24,3559,1,1,0, 3560
7,3562,1,1,1, 3563
2,3563,2,2,1, 3565
18,3563,4,4,1, 3567
25,3565,2,2,1, 3567
1,3566,1,1,1, 3567
31,3566,2,2,1, 3568
9,3567,2,2,1, 3569
24,3569,1,1,1, 3570
17,3569,3,3,1, 3572
7,3572,1,1,0, 3573
25,3575,2,2,1, 3577
1,3576,1,1,1, 3577
24,3579,1,1,0, 3580
7,3582,1,1,0, 3583
30,3583,3,3,1, 3586
18,3583,4,4,1, 3587
1,3586,1,1,1, 3587
8,3586,1,1,0, 3587
9,3587,2,2,1, 3589
26,3587,3,3,1, 3590
24,3589,1,1,0, 3590
29,3588,4,4,1, 3592
14,3589,3,3,1, 3592
17,3589,3,3,1, 3592
6,3590,2,2,1, 3592
7,3592,1,1,1, 3593
27,3592,4,4,1, 3596
8,3596,1,1,0, 3597
31,3596,2,2,1, 3598
5,3597,3,3,1, 3600
24,3599,1,1,1, 3600
16,3599,2,2,1, 3601
7,3602,1,1,1, 3603
30,3603,3,3,1, 3606
8,3606,1,1,1, 3607
31,3606,2,2,1, 3608
22,3606,4,4,1, 3610
24,3609,1,1,1, 3610
16,3609,2,2,1, 3611
7,3612,1,1,1, 3613
30,3613,3,3,1, 3616
8,3616,1,1,0, 3617
31,3616,2,2,1, 3618
5,3617,3,3,1, 3620
24,3619,1,1,0, 3620
29,3618,4,4,1, 3622
6,3620,2,2,1, 3622
7,3622,1,1,0, 3623
8,3626,1,1,1, 3627
24,3629,1,1,0, 3630
21,3627,5,5,1, 3632
29,3628,4,4,1, 3632
6,3630,2,2,1, 3632
7,3632,1,1,1, 3633
8,3636,1,1,1, 3637
22,3636,4,4,1, 3640
5,3637,3,3,1, 3640
24,3639,1,1,1, 3640
16,3639,2,2,1, 3641
21,3637,5,5,1, 3642
6,3640,2,2,1, 3642
7,3642,1,1,0, 3643
30,3643,3,3,1, 3646
8,3646,1,1,0, 3647
31,3646,2,2,1, 3648
22,3646,4,4,1, 3650
24,3649,1,1,1, 3650
16,3649,2,2,1, 3651
21,3647,5,5,1, 3652
29,3648,4,4,1, 3652
8,3656,1,1,0, 3657
22,3656,4,4,1, 3660
24,3659,1,1,0, 3660
23,3658,3,3,1, 3661
16,3659,2,2,1, 3661
8,3666,1,1,1, 3667
24,3669,1,1,0, 3670
8,3676,1,1,1, 3677
24,3679,1,1,0, 3680
8,3686,1,1,0, 3687
24,3689,1,1,0, 3690
8,3696,1,1,0, 3697
24,3699,1,1,0, 3700
13,3699,4,4,1, 3703
1,3706,1,1,0, 3707
8,3706,1,1,1, 3707
9,3707,2,2,1, 3709
24,3709,1,1,0, 3710
17,3709,3,3,1, 3712
13,3709,4,4,1, 3713
25,3715,2,2,1, 3717
1,3716,1,1,1, 3717
8,3716,1,1,1, 3717
24,3719,1,1,0, 3720
17,3719,3,3,1, 3722
13,3719,4,4,1, 3723
1,3726,1,1,0, 3727
8,3726,1,1,0, 3727
24,3729,1,1,0, 3730
25,3735,2,2,1, 3737
1,3736,1,1,0, 3737
8,3736,1,1,0, 3737
26,3737,3,3,1, 3740
24,3739,1,1,0, 3740
18,3743,4,4,1, 3747
1,3746,1,1,0, 3747
8,3746,1,1,1, 3747
9,3747,2,2,1, 3749
24,3749,1,1,0, 3750
14,3749,3,3,1, 3752
15,3751,2,2,1, 3753
12,3750,5,5,1, 3755
1,3756,1,1,1, 3757
8,3756,1,1,0, 3757
31,3756,2,2,1, 3758
26,3757,3,3,1, 3760
24,3759,1,1,0, 3760
13,3759,4,4,1, 3763
15,3761,2,2,1, 3763
7,3762,1,1,1, 3763
2,3763,2,2,1, 3765
18,3763,4,4,1, 3767
1,3766,1,1,0, 3767
8,3766,1,1,1, 3767
4,3766,4,4,1, 3770
3,3767,3,3,1, 3770
24,3769,1,1,1, 3770
16,3769,2,2,1, 3771
7,3772,1,1,0, 3773
12,3770,5,5,1, 3775
2,3773,2,2,1, 3775
18,3773,4,4,1, 3777
1,3776,1,1,0, 3777
31,3776,2,2,1, 3778
28,3774,5,5,1, 3779
4,3776,4,4,1, 3780
24,3779,1,1,0, 3780
7,3782,1,1,0, 3783
24,3789,1,1,1, 3790
7,3792,1,1,0, 3793
24,3799,1,1,0, 3800
7,3802,1,1,1, 3803
31,3806,2,2,1, 3808
24,3809,1,1,0, 3810
7,3812,1,1,0, 3813
31,3816,2,2,1, 3818
24,3819,1,1,0, 3820
7,3822,1,1,1, 3823
31,3826,2,2,1, 3828
5,3827,3,3,1, 3830
24,3829,1,1,1, 3830
29,3828,4,4,1, 3832
7,3832,1,1,1, 3833
31,3836,2,2,1, 3838
24,3839,1,1,1, 3840
29,3838,4,4,1, 3842
7,3842,1,1,1, 3843
30,3843,3,3,1, 3846
24,3849,1,1,0, 3850
7,3852,1,1,0, 3853
24,3859,1,1,1, 3860
29,3858,4,4,1, 3862
7,3862,1,1,0, 3863
5,3867,3,3,1, 3870
24,3869,1,1,1, 3870
6,3870,2,2,1, 3872
7,3872,1,1,0, 3873
24,3879,1,1,0, 3880
16,3879,2,2,1, 3881
29,3878,4,4,1, 3882
6,3880,2,2,1, 3882
15,3881,2,2,1, 3883
7,3882,1,1,0, 3883
1,3886,1,1,0, 3887
8,3886,1,1,0, 3887
9,3887,2,2,1, 3889
5,3887,3,3,1, 3890
24,3889,1,1,0, 3890
23,3888,3,3,1, 3891
16,3889,2,2,1, 3891
29,3888,4,4,1, 3892
14,3889,3,3,1, 3892
6,3890,2,2,1, 3892
7,3892,1,1,0, 3893
1,3896,1,1,1, 3897
8,3896,1,1,1, 3897
31,3896,2,2,1, 3898
9,3897,2,2,1, 3899
22,3896,4,4,1, 3900
24,3899,1,1,0, 3900
23,3898,3,3,1, 3901
16,3899,2,2,1, 3901
17,3899,3,3,1, 3902
13,3899,4,4,1, 3903
15,3901,2,2,1, 3903
25,3905,2,2,1, 3907
1,3906,1,1,0, 3907
8,3906,1,1,0, 3907
9,3907,2,2,1, 3909
22,3906,4,4,1, 3910
24,3909,1,1,0, 3910
23,3908,3,3,1, 3911
16,3909,2,2,1, 3911
17,3909,3,3,1, 3912
15,3911,2,2,1, 3913
2,3913,2,2,1, 3915
1,3916,1,1,0, 3917
8,3916,1,1,0, 3917
9,3917,2,2,1, 3919
22,3916,4,4,1, 3920
26,3917,3,3,1, 3920
24,3919,1,1,0, 3920
21,3917,5,5,1, 3922
17,3919,3,3,1, 3922
1,3926,1,1,0, 3927
9,3927,2,2,1, 3929
24,3929,1,1,1, 3930
17,3929,3,3,1, 3932
1,3936,1,1,0, 3937
26,3937,3,3,1, 3940
24,3939,1,1,1, 3940
2,3943,2,2,1, 3945
18,3943,4,4,1, 3947
1,3946,1,1,1, 3947
3,3947,3,3,1, 3950
24,3949,1,1,0, 3950
24,3959,1,1,1, 3960
24,3969,1,1,1, 3970
24,3979,1,1,1, 3980
24,3989,1,1,1, 3990
24,3999,1,1,0, 4000
7,4002,1,1,0, 4003
24,4009,1,1,0, 4010
7,4012,1,1,0, 4013
24,4019,1,1,0, 4020
7,4022,1,1,1, 4023
8,4026,1,1,1, 4027
24,4029,1,1,0, 4030
23,4028,3,3,1, 4031
7,4032,1,1,0, 4033
8,4036,1,1,1, 4037
31,4036,2,2,1, 4038
24,4039,1,1,0, 4040
7,4042,1,1,1, 4043
8,4046,1,1,0, 4047
31,4046,2,2,1, 4048
24,4049,1,1,0, 4050
23,4048,3,3,1, 4051
7,4052,1,1,0, 4053
1,4056,1,1,0, 4057
8,4056,1,1,1, 4057
31,4056,2,2,1, 4058
24,4059,1,1,1, 4060
23,4058,3,3,1, 4061
7,4062,1,1,0, 4063
1,4066,1,1,0, 4067
8,4066,1,1,1, 4067
9,4067,2,2,1, 4069
24,4069,1,1,0, 4070
23,4068,3,3,1, 4071
16,4069,2,2,1, 4071
29,4068,4,4,1, 4072
6,4070,2,2,1, 4072
15,4071,2,2,1, 4073
7,4072,1,1,0, 4073
1,4076,1,1,1, 4077
8,4076,1,1,1, 4077
9,4077,2,2,1, 4079
24,4079,1,1,0, 4080
16,4079,2,2,1, 4081
29,4078,4,4,1, 4082
17,4079,3,3,1, 4082
13,4079,4,4,1, 4083
15,4081,2,2,1, 4083
7,4082,1,1,1, 4083
30,4083,3,3,1, 4086
1,4086,1,1,1, 4087
8,4086,1,1,1, 4087
31,4086,2,2,1, 4088
9,4087,2,2,1, 4089
24,4089,1,1,1, 4090
29,4088,4,4,1, 4092
17,4089,3,3,1, 4092
6,4090,2,2,1, 4092
15,4091,2,2,1, 4093
7,4092,1,1,1, 4093
30,4093,3,3,1, 4096
18,4093,4,4,1, 4097
1,4096,1,1,1, 4097
8,4096,1,1,0, 4097
9,4097,2,2,1, 4099
5,4097,3,3,1, 4100
24,4099,1,1,0, 4100
13,4099,4,4,1, 4103
15,4101,2,2,1, 4103
7,4102,1,1,1, 4103
2,4103,2,2,1, 4105
30,4103,3,3,1, 4106
25,4105,2,2,1, 4107
1,4106,1,1,0, 4107
8,4106,1,1,1, 4107
9,4107,2,2,1, 4109
5,4107,3,3,1, 4110
24,4109,1,1,1, 4110
15,4111,2,2,1, 4113
7,4112,1,1,1, 4113
2,4113,2,2,1, 4115
18,4113,4,4,1, 4117
1,4116,1,1,0, 4117
8,4116,1,1,0, 4117
31,4116,2,2,1, 4118
9,4117,2,2,1, 4119
5,4117,3,3,1, 4120
24,4119,1,1,0, 4120
6,4120,2,2,1, 4122
15,4121,2,2,1, 4123
7,4122,1,1,1, 4123
27,4122,4,4,1, 4126
30,4123,3,3,1, 4126
18,4123,4,4,1, 4127
1,4126,1,1,1, 4127
8,4126,1,1,1, 4127
3,4127,3,3,1, 4130
24,4129,1,1,0, 4130
6,4130,2,2,1, 4132
7,4132,1,1,0, 4133
2,4133,2,2,1, 4135
27,4132,4,4,1, 4136
8,4136,1,1,0, 4137
24,4139,1,1,0, 4140
29,4138,4,4,1, 4142
14,4139,3,3,1, 4142
13,4139,4,4,1, 4143
15,4141,2,2,1, 4143
8,4146,1,1,1, 4147
24,4149,1,1,0, 4150
13,4149,4,4,1, 4153
24,4159,1,1,1, 4160
24,4169,1,1,0, 4170
24,4179,1,1,0, 4180
24,4189,1,1,1, 4190
24,4199,1,1,1, 4200
24,4209,1,1,0, 4210
24,4219,1,1,0, 4220
24,4229,1,1,0, 4230
24,4239,1,1,0, 4240
1,4246,1,1,0, 4247
9,4247,2,2,1, 4249
24,4249,1,1,1, 4250
7,4252,1,1,1, 4253
1,4256,1,1,0, 4257
9,4257,2,2,1, 4259
5,4257,3,3,1, 4260
24,4259,1,1,0, 4260
23,4258,3,3,1, 4261
16,4259,2,2,1, 4261
6,4260,2,2,1, 4262
13,4259,4,4,1, 4263
15,4261,2,2,1, 4263
7,4262,1,1,1, 4263
1,4266,1,1,0, 4267
8,4266,1,1,1, 4267
31,4266,2,2,1, 4268
9,4267,2,2,1, 4269
22,4266,4,4,1, 4270
24,4269,1,1,0, 4270
23,4268,3,3,1, 4271
21,4267,5,5,1, 4272
29,4268,4,4,1, 4272
14,4269,3,3,1, 4272
13,4269,4,4,1, 4273
7,4272,1,1,1, 4273
25,4275,2,2,1, 4277
1,4276,1,1,0, 4277
8,4276,1,1,0, 4277
31,4276,2,2,1, 4278
5,4277,3,3,1, 4280
24,4279,1,1,0, 4280
23,4278,3,3,1, 4281
16,4279,2,2,1, 4281
21,4277,5,5,1, 4282
15,4281,2,2,1, 4283
7,4282,1,1,1, 4283
30,4283,3,3,1, 4286
18,4283,4,4,1, 4287
25,4285,2,2,1, 4287
1,4286,1,1,1, 4287
8,4286,1,1,1, 4287
22,4286,4,4,1, 4290
24,4289,1,1,1, 4290
23,4288,3,3,1, 4291
16,4289,2,2,1, 4291
7,4292,1,1,0, 4293
2,4293,2,2,1, 4295
25,4295,2,2,1, 4297
1,4296,1,1,1, 4297
24,4299,1,1,0, 4300
17,4299,3,3,1, 4302
7,4302,1,1,1, 4303
30,4303,3,3,1, 4306
18,4303,4,4,1, 4307
1,4306,1,1,1, 4307
31,4306,2,2,1, 4308
9,4307,2,2,1, 4309
5,4307,3,3,1, 4310
24,4309,1,1,0, 4310
29,4308,4,4,1, 4312
7,4312,1,1,1, 4313
30,4313,3,3,1, 4316
25,4315,2,2,1, 4317
1,4316,1,1,1, 4317
20,4313,6,6,1, 4319
4,4316,4,4,1, 4320
3,4317,3,3,1, 4320
5,4317,3,3,1, 4320
26,4317,3,3,1, 4320
24,4319,1,1,1, 4320
19,4316,5,5,1, 4321
29,4318,4,4,1, 4322
17,4319,3,3,1, 4322
6,4320,2,2,1, 4322
7,4322,1,1,1, 4323
30,4323,3,3,1, 4326
24,4329,1,1,0, 4330
24,4339,1,1,0, 4340
24,4349,1,1,1, 4350
24,4359,1,1,0, 4360
24,4369,1,1,1, 4370
24,4379,1,1,1, 4380
24,4389,1,1,1, 4390
24,4399,1,1,1, 4400
8,4406,1,1,0, 4407
24,4409,1,1,0, 4410
8,4416,1,1,0, 4417
24,4419,1,1,1, 4420
1,4426,1,1,0, 4427
8,4426,1,1,0, 4427
24,4429,1,1,0, 4430
16,4429,2,2,1, 4431
15,4431,2,2,1, 4433
7,4432,1,1,0, 4433
25,4435,2,2,1, 4437
1,4436,1,1,1, 4437
8,4436,1,1,0, 4437
24,4439,1,1,1, 4440
13,4439,4,4,1, 4443
7,4442,1,1,0, 4443
30,4443,3,3,1, 4446
1,4446,1,1,0, 4447
8,4446,1,1,0, 4447
31,4446,2,2,1, 4448
24,4449,1,1,0, 4450
16,4449,2,2,1, 4451
14,4449,3,3,1, 4452
6,4450,2,2,1, 4452
15,4451,2,2,1, 4453
7,4452,1,1,0, 4453
1,4456,1,1,0, 4457
8,4456,1,1,1, 4457
31,4456,2,2,1, 4458
22,4456,4,4,1, 4460
24,4459,1,1,0, 4460
16,4459,2,2,1, 4461
6,4460,2,2,1, 4462
15,4461,2,2,1, 4463
7,4462,1,1,1, 4463
2,4463,2,2,1, 4465
30,4463,3,3,1, 4466
25,4465,2,2,1, 4467
1,4466,1,1,0, 4467
8,4466,1,1,0, 4467
24,4469,1,1,0, 4470
23,4468,3,3,1, 4471
21,4467,5,5,1, 4472
14,4469,3,3,1, 4472
13,4469,4,4,1, 4473
15,4471,2,2,1, 4473
7,4472,1,1,1, 4473
2,4473,2,2,1, 4475
25,4475,2,2,1, 4477
1,4476,1,1,1, 4477
8,4476,1,1,0, 4477
22,4476,4,4,1, 4480
24,4479,1,1,1, 4480
23,4478,3,3,1, 4481
16,4479,2,2,1, 4481
13,4479,4,4,1, 4483
7,4482,1,1,0, 4483
30,4483,3,3,1, 4486
1,4486,1,1,0, 4487
31,4486,2,2,1, 4488
24,4489,1,1,0, 4490
6,4490,2,2,1, 4492
7,4492,1,1,0, 4493
30,4493,3,3,1, 4496
25,4495,2,2,1, 4497
1,4496,1,1,0, 4497
9,4497,2,2,1, 4499
24,4499,1,1,0, 4500
29,4498,4,4,1, 4502
17,4499,3,3,1, 4502
6,4500,2,2,1, 4502
7,4502,1,1,1, 4503
30,4503,3,3,1, 4506
1,4506,1,1,1, 4507
24,4509,1,1,1, 4510
29,4508,4,4,1, 4512
7,4512,1,1,1, 4513
30,4513,3,3,1, 4516
25,4515,2,2,1, 4517
1,4516,1,1,1, 4517
28,4514,5,5,1, 4519
9,4517,2,2,1, 4519
3,4517,3,3,1, 4520
24,4519,1,1,0, 4520
29,4518,4,4,1, 4522
7,4522,1,1,1, 4523
12,4520,5,5,1, 4525
30,4523,3,3,1, 4526
25,4525,2,2,1, 4527
1,4526,1,1,1, 4527
9,4527,2,2,1, 4529
4,4526,4,4,1, 4530
24,4529,1,1,0, 4530
25,4535,2,2,1, 4537
1,4536,1,1,0, 4537
9,4537,2,2,1, 4539
24,4539,1,1,1, 4540
24,4549,1,1,1, 4550
24,4559,1,1,0, 4560
24,4569,1,1,1, 4570
24,4579,1,1,0, 4580
24,4589,1,1,0, 4590
8,4596,1,1,1, 4597
24,4599,1,1,0, 4600
8,4606,1,1,0, 4607
24,4609,1,1,1, 4610
8,4616,1,1,1, 4617
24,4619,1,1,1, 4620
8,4626,1,1,0, 4627
24,4629,1,1,1, 4630
15,4631,2,2,1, 4633
7,4632,1,1,1, 4633
8,4636,1,1,1, 4637
24,4639,1,1,1, 4640
15,4641,2,2,1, 4643
7,4642,1,1,1, 4643
25,4645,2,2,1, 4647
1,4646,1,1,1, 4647
8,4646,1,1,0, 4647
24,4649,1,1,0, 4650
7,4652,1,1,1, 4653
25,4655,2,2,1, 4657
1,4656,1,1,1, 4657
8,4656,1,1,1, 4657
31,4656,2,2,1, 4658
9,4657,2,2,1, 4659
24,4659,1,1,1, 4660
17,4659,3,3,1, 4662
15,4661,2,2,1, 4663
7,4662,1,1,1, 4663
1,4666,1,1,0, 4667
8,4666,1,1,0, 4667
22,4666,4,4,1, 4670
24,4669,1,1,1, 4670
16,4669,2,2,1, 4671
17,4669,3,3,1, 4672
15,4671,2,2,1, 4673
7,4672,1,1,0, 4673
25,4675,2,2,1, 4677
1,4676,1,1,0, 4677
8,4676,1,1,1, 4677
31,4676,2,2,1, 4678
24,4679,1,1,0, 4680
23,4678,3,3,1, 4681
17,4679,3,3,1, 4682
13,4679,4,4,1, 4683
7,4682,1,1,1, 4683
25,4685,2,2,1, 4687
1,4686,1,1,1, 4687
8,4686,1,1,1, 4687
22,4686,4,4,1, 4690
24,4689,1,1,1, 4690
7,4692,1,1,1, 4693
1,4696,1,1,0, 4697
8,4696,1,1,0, 4697
9,4697,2,2,1, 4699
24,4699,1,1,1, 4700
16,4699,2,2,1, 4701
21,4697,5,5,1, 4702
14,4699,3,3,1, 4702
13,4699,4,4,1, 4703
7,4702,1,1,1, 4703
18,4703,4,4,1, 4707
25,4705,2,2,1, 4707
1,4706,1,1,0, 4707
8,4706,1,1,0, 4707
31,4706,2,2,1, 4708
26,4707,3,3,1, 4710
24,4709,1,1,1, 4710
23,4708,3,3,1, 4711
16,4709,2,2,1, 4711
21,4707,5,5,1, 4712
6,4710,2,2,1, 4712
13,4709,4,4,1, 4713
7,4712,1,1,1, 4713
30,4713,3,3,1, 4716
18,4713,4,4,1, 4717
1,4716,1,1,0, 4717
8,4716,1,1,1, 4717
31,4716,2,2,1, 4718
9,4717,2,2,1, 4719
22,4716,4,4,1, 4720
26,4717,3,3,1, 4720
24,4719,1,1,1, 4720
6,4720,2,2,1, 4722
7,4722,1,1,1, 4723
2,4723,2,2,1, 4725
30,4723,3,3,1, 4726
18,4723,4,4,1, 4727
1,4726,1,1,0, 4727
31,4726,2,2,1, 4728
9,4727,2,2,1, 4729
3,4727,3,3,1, 4730
24,4729,1,1,0, 4730
6,4730,2,2,1, 4732
7,4732,1,1,0, 4733
24,4739,1,1,0, 4740
29,4738,4,4,1, 4742
7,4742,1,1,0, 4743
30,4743,3,3,1, 4746
5,4747,3,3,1, 4750
24,4749,1,1,0, 4750
29,4748,4,4,1, 4752
7,4752,1,1,1, 4753
24,4759,1,1,1, 4760
29,4758,4,4,1, 4762
6,4760,2,2,1, 4762
7,4762,1,1,0, 4763
30,4763,3,3,1, 4766
5,4767,3,3,1, 4770
24,4769,1,1,0, 4770
7,4772,1,1,0, 4773
31,4776,2,2,1, 4778
5,4777,3,3,1, 4780
24,4779,1,1,0, 4780
24,4789,1,1,0, 4790
24,4799,1,1,0, 4800
24,4809,1,1,1, 4810
24,4819,1,1,1, 4820
14,4819,3,3,1, 4822
13,4819,4,4,1, 4823
8,4826,1,1,1, 4827
24,4829,1,1,0, 4830
25,4835,2,2,1, 4837
1,4836,1,1,0, 4837
8,4836,1,1,1, 4837
24,4839,1,1,0, 4840
25,4845,2,2,1, 4847
1,4846,1,1,1, 4847
8,4846,1,1,0, 4847
24,4849,1,1,1, 4850
17,4849,3,3,1, 4852
1,4856,1,1,0, 4857
8,4856,1,1,0, 4857
26,4857,3,3,1, 4860
24,4859,1,1,1, 4860
2,4863,2,2,1, 4865
18,4863,4,4,1, 4867
1,4866,1,1,1, 4867
8,4866,1,1,1, 4867
9,4867,2,2,1, 4869
26,4867,3,3,1, 4870
24,4869,1,1,1, 4870
17,4869,3,3,1, 4872
2,4873,2,2,1, 4875
18,4873,4,4,1, 4877
1,4876,1,1,0, 4877
8,4876,1,1,1, 4877
26,4877,3,3,1, 4880
24,4879,1,1,0, 4880
7,4882,1,1,0, 4883
27,4882,4,4,1, 4886
25,4885,2,2,1, 4887
1,4886,1,1,0, 4887
8,4886,1,1,1, 4887
11,4884,4,4,1, 4888
31,4886,2,2,1, 4888
24,4889,1,1,1, 4890
16,4889,2,2,1, 4891
17,4889,3,3,1, 4892
7,4892,1,1,1, 4893
18,4893,4,4,1, 4897
1,4896,1,1,0, 4897
8,4896,1,1,1, 4897
11,4894,4,4,1, 4898
24,4899,1,1,1, 4900
16,4899,2,2,1, 4901
7,4902,1,1,1, 4903
8,4906,1,1,0, 4907
31,4906,2,2,1, 4908
24,4909,1,1,0, 4910
23,4908,3,3,1, 4911
7,4912,1,1,0, 4913
30,4913,3,3,1, 4916
8,4916,1,1,1, 4917
31,4916,2,2,1, 4918
24,4919,1,1,0, 4920
7,4922,1,1,1, 4923
8,4926,1,1,1, 4927
31,4926,2,2,1, 4928
24,4929,1,1,0, 4930
23,4928,3,3,1, 4931
7,4932,1,1,0, 4933
30,4933,3,3,1, 4936
8,4936,1,1,1, 4937
31,4936,2,2,1, 4938
22,4936,4,4,1, 4940
24,4939,1,1,1, 4940
7,4942,1,1,0, 4943
30,4943,3,3,1, 4946
8,4946,1,1,1, 4947
24,4949,1,1,0, 4950
14,4949,3,3,1, 4952
13,4949,4,4,1, 4953
7,4952,1,1,1, 4953
30,4953,3,3,1, 4956
8,4956,1,1,0, 4957
31,4956,2,2,1, 4958
22,4956,4,4,1, 4960
24,4959,1,1,0, 4960
23,4958,3,3,1, 4961
21,4957,5,5,1, 4962
14,4959,3,3,1, 4962
6,4960,2,2,1, 4962
7,4962,1,1,1, 4963
8,4966,1,1,0, 4967
31,4966,2,2,1, 4968
22,4966,4,4,1, 4970
5,4967,3,3,1, 4970
24,4969,1,1,1, 4970
16,4969,2,2,1, 4971
21,4967,5,5,1, 4972
14,4969,3,3,1, 4972
6,4970,2,2,1, 4972
15,4971,2,2,1, 4973
7,4972,1,1,1, 4973
8,4976,1,1,0, 4977
24,4979,1,1,1, 4980
6,4980,2,2,1, 4982
13,4979,4,4,1, 4983
7,4982,1,1,0, 4983
8,4986,1,1,0, 4987
22,4986,4,4,1, 4990
5,4987,3,3,1, 4990
24,4989,1,1,1, 4990
7,4992,1,1,1, 4993
31,4996,2,2,1, 4998
5,4997,3,3,1, 5000
24,4999,1,1,0, 5000
29,4998,4,4,1, 5002
1,5006,1,1,0, 5007
24,5009,1,1,0, 5010
17,5009,3,3,1, 5012
18,5013,4,4,1, 5017
25,5015,2,2,1, 5017
1,5016,1,1,0, 5017
9,5017,2,2,1, 5019
26,5017,3,3,1, 5020
24,5019,1,1,1, 5020
2,5023,2,2,1, 5025
18,5023,4,4,1, 5027
25,5025,2,2,1, 5027
1,5026,1,1,1, 5027
26,5027,3,3,1, 5030
24,5029,1,1,0, 5030
17,5029,3,3,1, 5032
2,5033,2,2,1, 5035
18,5033,4,4,1, 5037
25,5035,2,2,1, 5037
1,5036,1,1,0, 5037
26,5037,3,3,1, 5040
24,5039,1,1,0, 5040
17,5039,3,3,1, 5042
18,5043,4,4,1, 5047
24,5049,1,1,1, 5050
24,5059,1,1,1, 5060
24,5069,1,1,1, 5070
24,5079,1,1,0, 5080
24,5089,1,1,1, 5090
8,5096,1,1,1, 5097
24,5099,1,1,1, 5100
15,5101,2,2,1, 5103
8,5106,1,1,1, 5107
24,5109,1,1,1, 5110
7,5112,1,1,1, 5113
8,5116,1,1,0, 5117
24,5119,1,1,1, 5120
14,5119,3,3,1, 5122
13,5119,4,4,1, 5123
15,5121,2,2,1, 5123
7,5122,1,1,0, 5123
8,5126,1,1,1, 5127
24,5129,1,1,0, 5130
13,5129,4,4,1, 5133
7,5132,1,1,1, 5133
8,5136,1,1,1, 5137
24,5139,1,1,1, 5140
7,5142,1,1,0, 5143
8,5146,1,1,0, 5147
31,5146,2,2,1, 5148
5,5147,3,3,1, 5150
24,5149,1,1,0, 5150
14,5149,3,3,1, 5152
15,5151,2,2,1, 5153
7,5152,1,1,0, 5153
30,5153,3,3,1, 5156
1,5156,1,1,0, 5157
8,5156,1,1,0, 5157
5,5157,3,3,1, 5160
24,5159,1,1,0, 5160
14,5159,3,3,1, 5162
6,5160,2,2,1, 5162
15,5161,2,2,1, 5163
7,5162,1,1,0, 5163
25,5165,2,2,1, 5167
1,5166,1,1,1, 5167
8,5166,1,1,0, 5167
5,5167,3,3,1, 5170
24,5169,1,1,1, 5170
29,5168,4,4,1, 5172
6,5170,2,2,1, 5172
15,5171,2,2,1, 5173
7,5172,1,1,1, 5173
30,5173,3,3,1, 5176
25,5175,2,2,1, 5177
1,5176,1,1,1, 5177
8,5176,1,1,0, 5177
24,5179,1,1,1, 5180
29,5178,4,4,1, 5182
14,5179,3,3,1, 5182
6,5180,2,2,1, 5182
15,5181,2,2,1, 5183
7,5182,1,1,1, 5183
30,5183,3,3,1, 5186
25,5185,2,2,1, 5187
1,5186,1,1,1, 5187
8,5186,1,1,1, 5187
31,5186,2,2,1, 5188
24,5189,1,1,0, 5190
13,5189,4,4,1, 5193
7,5192,1,1,1, 5193
30,5193,3,3,1, 5196
25,5195,2,2,1, 5197
1,5196,1,1,0, 5197
8,5196,1,1,0, 5197
22,5196,4,4,1, 5200
5,5197,3,3,1, 5200
24,5199,1,1,0, 5200
23,5198,3,3,1, 5201
29,5198,4,4,1, 5202
15,5201,2,2,1, 5203
7,5202,1,1,1, 5203
25,5205,2,2,1, 5207
1,5206,1,1,1, 5207
8,5206,1,1,1, 5207
31,5206,2,2,1, 5208
22,5206,4,4,1, 5210
5,5207,3,3,1, 5210
24,5209,1,1,0, 5210
16,5209,2,2,1, 5211
6,5210,2,2,1, 5212
2,5213,2,2,1, 5215
18,5213,4,4,1, 5217
25,5215,2,2,1, 5217
1,5216,1,1,0, 5217
26,5217,3,3,1, 5220
24,5219,1,1,1, 5220
2,5223,2,2,1, 5225
25,5225,2,2,1, 5227
1,5226,1,1,1, 5227
9,5227,2,2,1, 5229
24,5229,1,1,1, 5230
17,5229,3,3,1, 5232
25,5235,2,2,1, 5237
1,5236,1,1,0, 5237
9,5237,2,2,1, 5239
24,5239,1,1,1, 5240
25,5245,2,2,1, 5247
1,5246,1,1,1, 5247
9,5247,2,2,1, 5249
24,5249,1,1,1, 5250
17,5249,3,3,1, 5252
24,5259,1,1,0, 5260
24,5269,1,1,1, 5270
24,5279,1,1,1, 5280
24,5289,1,1,0, 5290
24,5299,1,1,0, 5300
24,5309,1,1,1, 5310
8,5316,1,1,1, 5317
31,5316,2,2,1, 5318
24,5319,1,1,1, 5320
23,5318,3,3,1, 5321
16,5319,2,2,1, 5321
7,5322,1,1,1, 5323
8,5326,1,1,1, 5327
5,5327,3,3,1, 5330
24,5329,1,1,1, 5330
23,5328,3,3,1, 5331
16,5329,2,2,1, 5331
21,5327,5,5,1, 5332
6,5330,2,2,1, 5332
13,5329,4,4,1, 5333
7,5332,1,1,0, 5333
8,5336,1,1,0, 5337
24,5339,1,1,1, 5340
13,5339,4,4,1, 5343
15,5341,2,2,1, 5343
7,5342,1,1,0, 5343
30,5343,3,3,1, 5346
8,5346,1,1,0, 5347
5,5347,3,3,1, 5350
24,5349,1,1,1, 5350
6,5350,2,2,1, 5352
7,5352,1,1,0, 5353
30,5353,3,3,1, 5356
25,5355,2,2,1, 5357
1,5356,1,1,1, 5357
8,5356,1,1,0, 5357
31,5356,2,2,1, 5358
9,5357,2,2,1, 5359
5,5357,3,3,1, 5360
24,5359,1,1,0, 5360
29,5358,4,4,1, 5362
17,5359,3,3,1, 5362
15,5361,2,2,1, 5363
7,5362,1,1,1, 5363
1,5366,1,1,1, 5367
8,5366,1,1,0, 5367
9,5367,2,2,1, 5369
5,5367,3,3,1, 5370
24,5369,1,1,1, 5370
15,5371,2,2,1, 5373
7,5372,1,1,0, 5373
30,5373,3,3,1, 5376
25,5375,2,2,1, 5377
1,5376,1,1,1, 5377
8,5376,1,1,1, 5377
31,5376,2,2,1, 5378
24,5379,1,1,1, 5380
29,5378,4,4,1, 5382
6,5380,2,2,1, 5382
7,5382,1,1,1, 5383
25,5385,2,2,1, 5387
1,5386,1,1,1, 5387
8,5386,1,1,0, 5387
9,5387,2,2,1, 5389
24,5389,1,1,1, 5390
29,5388,4,4,1, 5392
14,5389,3,3,1, 5392
6,5390,2,2,1, 5392
13,5389,4,4,1, 5393
7,5392,1,1,0, 5393
30,5393,3,3,1, 5396
1,5396,1,1,1, 5397
8,5396,1,1,1, 5397
9,5397,2,2,1, 5399
24,5399,1,1,1, 5400
13,5399,4,4,1, 5403
1,5406,1,1,0, 5407
8,5406,1,1,0, 5407
24,5409,1,1,1, 5410
1,5416,1,1,1, 5417
8,5416,1,1,0, 5417
9,5417,2,2,1, 5419
24,5419,1,1,0, 5420
14,5419,3,3,1, 5422
13,5419,4,4,1, 5423
1,5426,1,1,1, 5427
8,5426,1,1,0, 5427
24,5429,1,1,1, 5430
2,5433,2,2,1, 5435
1,5436,1,1,0, 5437
8,5436,1,1,1, 5437
9,5437,2,2,1, 5439
3,5437,3,3,1, 5440
26,5437,3,3,1, 5440
24,5439,1,1,1, 5440
19,5436,5,5,1, 5441
14,5439,3,3,1, 5442
15,5441,2,2,1, 5443
2,5443,2,2,1, 5445
27,5442,4,4,1, 5446
18,5443,4,4,1, 5447
25,5445,2,2,1, 5447
1,5446,1,1,1, 5447
8,5446,1,1,0, 5447
9,5447,2,2,1, 5449
24,5449,1,1,1, 5450
21,5447,5,5,1, 5452
14,5449,3,3,1, 5452
8,5456,1,1,0, 5457
24,5459,1,1,1, 5460
23,5458,3,3,1, 5461
16,5459,2,2,1, 5461
24,5469,1,1,1, 5470
24,5479,1,1,1, 5480
24,5489,1,1,0, 5490
24,5499,1,1,1, 5500
7,5502,1,1,0, 5503
5,5507,3,3,1, 5510
24,5509,1,1,1, 5510
7,5512,1,1,0, 5513
30,5513,3,3,1, 5516
31,5516,2,2,1, 5518
5,5517,3,3,1, 5520
24,5519,1,1,1, 5520
29,5518,4,4,1, 5522
7,5522,1,1,0, 5523
31,5526,2,2,1, 5528
24,5529,1,1,0, 5530
7,5532,1,1,1, 5533
31,5536,2,2,1, 5538
24,5539,1,1,0, 5540
7,5542,1,1,0, 5543
24,5549,1,1,1, 5550
7,5552,1,1,1, 5553
31,5556,2,2,1, 5558
9,5557,2,2,1, 5559
24,5559,1,1,1, 5560
7,5562,1,1,1, 5563
25,5565,2,2,1, 5567
1,5566,1,1,1, 5567
31,5566,2,2,1, 5568
9,5567,2,2,1, 5569
24,5569,1,1,0, 5570
14,5569,3,3,1, 5572
13,5569,4,4,1, 5573
7,5572,1,1,0, 5573
25,5575,2,2,1, 5577
1,5576,1,1,0, 5577
8,5576,1,1,0, 5577
31,5576,2,2,1, 5578
24,5579,1,1,1, 5580
13,5579,4,4,1, 5583
15,5581,2,2,1, 5583
7,5582,1,1,1, 5583
18,5583,4,4,1, 5587
1,5586,1,1,0, 5587
8,5586,1,1,0, 5587
31,5586,2,2,1, 5588
9,5587,2,2,1, 5589
24,5589,1,1,0, 5590
23,5588,3,3,1, 5591
17,5589,3,3,1, 5592
7,5592,1,1,1, 5593
25,5595,2,2,1, 5597
1,5596,1,1,0, 5597
8,5596,1,1,1, 5597
9,5597,2,2,1, 5599
24,5599,1,1,1, 5600
16,5599,2,2,1, 5601
15,5601,2,2,1, 5603
7,5602,1,1,1, 5603
2,5603,2,2,1, 5605
18,5603,4,4,1, 5607
1,5606,1,1,0, 5607
8,5606,1,1,1, 5607
26,5607,3,3,1, 5610
24,5609,1,1,0, 5610
23,5608,3,3,1, 5611
16,5609,2,2,1, 5611
7,5612,1,1,0, 5613
18,5613,4,4,1, 5617
1,5616,1,1,1, 5617
8,5616,1,1,0, 5617
31,5616,2,2,1, 5618
24,5619,1,1,0, 5620
7,5622,1,1,0, 5623
30,5623,3,3,1, 5626
18,5623,4,4,1, 5627
1,5626,1,1,1, 5627
8,5626,1,1,0, 5627
11,5624,4,4,1, 5628
5,5627,3,3,1, 5630
24,5629,1,1,1, 5630
23,5628,3,3,1, 5631
16,5629,2,2,1, 5631
29,5628,4,4,1, 5632
6,5630,2,2,1, 5632
7,5632,1,1,0, 5633
2,5633,2,2,1, 5635
30,5633,3,3,1, 5636
18,5633,4,4,1, 5637
25,5635,2,2,1, 5637
1,5636,1,1,0, 5637
8,5636,1,1,1, 5637
11,5634,4,4,1, 5638
22,5636,4,4,1, 5640
24,5639,1,1,0, 5640
23,5638,3,3,1, 5641
16,5639,2,2,1, 5641
21,5637,5,5,1, 5642
15,5641,2,2,1, 5643
7,5642,1,1,1, 5643
30,5643,3,3,1, 5646
24,5649,1,1,0, 5650
7,5652,1,1,0, 5653
31,5656,2,2,1, 5658
5,5657,3,3,1, 5660
24,5659,1,1,0, 5660
7,5662,1,1,1, 5663
31,5666,2,2,1, 5668
24,5669,1,1,0, 5670
24,5679,1,1,1, 5680
24,5689,1,1,0, 5690
24,5699,1,1,0, 5700
24,5709,1,1,1, 5710
24,5719,1,1,0, 5720
24,5729,1,1,1, 5730
24,5739,1,1,1, 5740
1,5746,1,1,0, 5747
9,5747,2,2,1, 5749
24,5749,1,1,0, 5750
14,5749,3,3,1, 5752
17,5749,3,3,1, 5752
15,5751,2,2,1, 5753
25,5755,2,2,1, 5757
1,5756,1,1,0, 5757
8,5756,1,1,0, 5757
9,5757,2,2,1, 5759
24,5759,1,1,1, 5760
14,5759,3,3,1, 5762
13,5759,4,4,1, 5763
15,5761,2,2,1, 5763
2,5763,2,2,1, 5765
18,5763,4,4,1, 5767
25,5765,2,2,1, 5767
1,5766,1,1,1, 5767
8,5766,1,1,0, 5767
9,5767,2,2,1, 5769
24,5769,1,1,0, 5770
14,5769,3,3,1, 5772
15,5771,2,2,1, 5773
7,5772,1,1,1, 5773
2,5773,2,2,1, 5775
25,5775,2,2,1, 5777
1,5776,1,1,1, 5777
8,5776,1,1,0, 5777
22,5776,4,4,1, 5780
24,5779,1,1,1, 5780
13,5779,4,4,1, 5783
15,5781,2,2,1, 5783
7,5782,1,1,0, 5783
2,5783,2,2,1, 5785
25,5785,2,2,1, 5787
1,5786,1,1,1, 5787
8,5786,1,1,1, 5787
31,5786,2,2,1, 5788
9,5787,2,2,1, 5789
3,5787,3,3,1, 5790
24,5789,1,1,0, 5790
16,5789,2,2,1, 5791
14,5789,3,3,1, 5792
17,5789,3,3,1, 5792
13,5789,4,4,1, 5793
15,5791,2,2,1, 5793
7,5792,1,1,0, 5793
25,5795,2,2,1, 5797
8,5796,1,1,0, 5797
31,5796,2,2,1, 5798
24,5799,1,1,1, 5800
16,5799,2,2,1, 5801
13,5799,4,4,1, 5803
15,5801,2,2,1, 5803
7,5802,1,1,0, 5803
31,5806,2,2,1, 5808
24,5809,1,1,0, 5810
7,5812,1,1,1, 5813
31,5816,2,2,1, 5818
24,5819,1,1,0, 5820
7,5822,1,1,1, 5823
31,5826,2,2,1, 5828
24,5829,1,1,1, 5830
7,5832,1,1,0, 5833
24,5839,1,1,1, 5840
7,5842,1,1,1, 5843
31,5846,2,2,1, 5848
24,5849,1,1,0, 5850
7,5852,1,1,0, 5853
30,5853,3,3,1, 5856
31,5856,2,2,1, 5858
24,5859,1,1,0, 5860
6,5860,2,2,1, 5862
7,5862,1,1,1, 5863
24,5869,1,1,1, 5870
7,5872,1,1,1, 5873
30,5873,3,3,1, 5876
24,5879,1,1,0, 5880
6,5880,2,2,1, 5882
7,5882,1,1,1, 5883
30,5883,3,3,1, 5886
31,5886,2,2,1, 5888
24,5889,1,1,0, 5890
6,5890,2,2,1, 5892
7,5892,1,1,0, 5893
30,5893,3,3,1, 5896
31,5896,2,2,1, 5898
24,5899,1,1,1, 5900
17,5899,3,3,1, 5902
7,5902,1,1,1, 5903
25,5905,2,2,1, 5907
1,5906,1,1,1, 5907
24,5909,1,1,1, 5910
23,5908,3,3,1, 5911
16,5909,2,2,1, 5911
17,5909,3,3,1, 5912
15,5911,2,2,1, 5913
7,5912,1,1,1, 5913
30,5913,3,3,1, 5916
1,5916,1,1,0, 5917
8,5916,1,1,0, 5917
31,5916,2,2,1, 5918
24,5919,1,1,1, 5920
17,5919,3,3,1, 5922
6,5920,2,2,1, 5922
13,5919,4,4,1, 5923
7,5922,1,1,0, 5923
30,5923,3,3,1, 5926
1,5926,1,1,0, 5927
8,5926,1,1,1, 5927
31,5926,2,2,1, 5928
9,5927,2,2,1, 5929
24,5929,1,1,0, 5930
23,5928,3,3,1, 5931
16,5929,2,2,1, 5931
14,5929,3,3,1, 5932
6,5930,2,2,1, 5932
15,5931,2,2,1, 5933
7,5932,1,1,1, 5933
30,5933,3,3,1, 5936
1,5936,1,1,0, 5937
8,5936,1,1,1, 5937
9,5937,2,2,1, 5939
24,5939,1,1,1, 5940
23,5938,3,3,1, 5941
16,5939,2,2,1, 5941
17,5939,3,3,1, 5942
25,5945,2,2,1, 5947
1,5946,1,1,0, 5947
8,5946,1,1,1, 5947
9,5947,2,2,1, 5949
24,5949,1,1,1, 5950
23,5948,3,3,1, 5951
14,5949,3,3,1, 5952
15,5951,2,2,1, 5953
25,5955,2,2,1, 5957
1,5956,1,1,0, 5957
8,5956,1,1,1, 5957
9,5957,2,2,1, 5959
24,5959,1,1,1, 5960
16,5959,2,2,1, 5961
14,5959,3,3,1, 5962
13,5959,4,4,1, 5963
25,5965,2,2,1, 5967
1,5966,1,1,0, 5967
9,5967,2,2,1, 5969
24,5969,1,1,1, 5970
1,5976,1,1,0, 5977
24,5979,1,1,0, 5980
2,5983,2,2,1, 5985
25,5985,2,2,1, 5987
1,5986,1,1,1, 5987
9,5987,2,2,1, 5989
3,5987,3,3,1, 5990
26,5987,3,3,1, 5990
24,5989,1,1,1, 5990
2,5993,2,2,1, 5995
24,5999,1,1,0, 6000
24,6009,1,1,0, 6010
24,6019,1,1,0, 6020
24,6029,1,1,1, 6030
24,6039,1,1,1, 6040
24,6049,1,1,1, 6050
7,6052,1,1,0, 6053
31,6056,2,2,1, 6058
24,6059,1,1,1, 6060
7,6062,1,1,1, 6063
8,6066,1,1,1, 6067
24,6069,1,1,1, 6070
21,6067,5,5,1, 6072
7,6072,1,1,1, 6073
8,6076,1,1,0, 6077
31,6076,2,2,1, 6078
22,6076,4,4,1, 6080
24,6079,1,1,1, 6080
23,6078,3,3,1, 6081
16,6079,2,2,1, 6081
14,6079,3,3,1, 6082
13,6079,4,4,1, 6083
15,6081,2,2,1, 6083
7,6082,1,1,0, 6083
8,6086,1,1,0, 6087
24,6089,1,1,1, 6090
21,6087,5,5,1, 6092
13,6089,4,4,1, 6093
7,6092,1,1,0, 6093
25,6095,2,2,1, 6097
1,6096,1,1,1, 6097
8,6096,1,1,0, 6097
31,6096,2,2,1, 6098
22,6096,4,4,1, 6100
24,6099,1,1,1, 6100
23,6098,3,3,1, 6101
16,6099,2,2,1, 6101
21,6097,5,5,1, 6102
14,6099,3,3,1, 6102
15,6101,2,2,1, 6103
7,6102,1,1,1, 6103
25,6105,2,2,1, 6107
1,6106,1,1,0, 6107
8,6106,1,1,1, 6107
31,6106,2,2,1, 6108
22,6106,4,4,1, 6110
24,6109,1,1,1, 6110
23,6108,3,3,1, 6111
21,6107,5,5,1, 6112
7,6112,1,1,0, 6113
25,6115,2,2,1, 6117
1,6116,1,1,0, 6117
9,6117,2,2,1, 6119
24,6119,1,1,1, 6120
6,6120,2,2,1, 6122
7,6122,1,1,1, 6123
30,6123,3,3,1, 6126
1,6126,1,1,0, 6127
9,6127,2,2,1, 6129
5,6127,3,3,1, 6130
24,6129,1,1,0, 6130
29,6128,4,4,1, 6132
17,6129,3,3,1, 6132
7,6132,1,1,1, 6133
25,6135,2,2,1, 6137
1,6136,1,1,1, 6137
9,6137,2,2,1, 6139
5,6137,3,3,1, 6140
24,6139,1,1,0, 6140
6,6140,2,2,1, 6142
7,6142,1,1,0, 6143
2,6143,2,2,1, 6145
18,6143,4,4,1, 6147
25,6145,2,2,1, 6147
1,6146,1,1,0, 6147
26,6147,3,3,1, 6150
24,6149,1,1,0, 6150
17,6149,3,3,1, 6152
6,6150,2,2,1, 6152
7,6152,1,1,1, 6153
2,6153,2,2,1, 6155
30,6153,3,3,1, 6156
1,6156,1,1,1, 6157
31,6156,2,2,1, 6158
9,6157,2,2,1, 6159
24,6159,1,1,1, 6160
29,6158,4,4,1, 6162
6,6160,2,2,1, 6162
7,6162,1,1,0, 6163
2,6163,2,2,1, 6165
1,6166,1,1,1, 6167
26,6167,3,3,1, 6170
24,6169,1,1,1, 6170
29,6168,4,4,1, 6172
7,6172,1,1,0, 6173
30,6173,3,3,1, 6176
5,6177,3,3,1, 6180
24,6179,1,1,1, 6180
7,6182,1,1,0, 6183
5,6187,3,3,1, 6190
24,6189,1,1,1, 6190
7,6192,1,1,0, 6193
24,6199,1,1,1, 6200
7,6202,1,1,1, 6203
5,6207,3,3,1, 6210
24,6209,1,1,1, 6210
29,6208,4,4,1, 6212
7,6212,1,1,0, 6213
8,6216,1,1,0, 6217
31,6216,2,2,1, 6218
24,6219,1,1,1, 6220
8,6226,1,1,0, 6227
24,6229,1,1,0, 6230
8,6236,1,1,1, 6237
24,6239,1,1,0, 6240
8,6246,1,1,0, 6247
24,6249,1,1,0, 6250
15,6251,2,2,1, 6253
8,6256,1,1,0, 6257
24,6259,1,1,0, 6260
15,6261,2,2,1, 6263
8,6266,1,1,1, 6267
24,6269,1,1,0, 6270
15,6271,2,2,1, 6273
25,6275,2,2,1, 6277
1,6276,1,1,0, 6277
8,6276,1,1,1, 6277
9,6277,2,2,1, 6279
24,6279,1,1,1, 6280
16,6279,2,2,1, 6281
25,6285,2,2,1, 6287
1,6286,1,1,1, 6287
8,6286,1,1,1, 6287
9,6287,2,2,1, 6289
24,6289,1,1,0, 6290
23,6288,3,3,1, 6291
21,6287,5,5,1, 6292
17,6289,3,3,1, 6292
1,6296,1,1,0, 6297
8,6296,1,1,1, 6297
9,6297,2,2,1, 6299
24,6299,1,1,0, 6300
17,6299,3,3,1, 6302
15,6301,2,2,1, 6303
25,6305,2,2,1, 6307
1,6306,1,1,0, 6307
8,6306,1,1,0, 6307
24,6309,1,1,0, 6310
23,6308,3,3,1, 6311
16,6309,2,2,1, 6311
25,6315,2,2,1, 6317
1,6316,1,1,0, 6317
8,6316,1,1,1, 6317
24,6319,1,1,0, 6320
16,6319,2,2,1, 6321
17,6319,3,3,1, 6322
2,6323,2,2,1, 6325
1,6326,1,1,0, 6327
8,6326,1,1,0, 6327
26,6327,3,3,1, 6330
24,6329,1,1,0, 6330
23,6328,3,3,1, 6331
15,6331,2,2,1, 6333
7,6332,1,1,1, 6333
2,6333,2,2,1, 6335
18,6333,4,4,1, 6337
25,6335,2,2,1, 6337
1,6336,1,1,1, 6337
8,6336,1,1,1, 6337
9,6337,2,2,1, 6339
24,6339,1,1,0, 6340
23,6338,3,3,1, 6341
29,6338,4,4,1, 6342
6,6340,2,2,1, 6342
15,6341,2,2,1, 6343
7,6342,1,1,0, 6343
2,6343,2,2,1, 6345
30,6343,3,3,1, 6346
1,6346,1,1,0, 6347
8,6346,1,1,0, 6347
11,6344,4,4,1, 6348
31,6346,2,2,1, 6348
5,6347,3,3,1, 6350
24,6349,1,1,1, 6350
16,6349,2,2,1, 6351
29,6348,4,4,1, 6352
6,6350,2,2,1, 6352
13,6349,4,4,1, 6353
15,6351,2,2,1, 6353
7,6352,1,1,1, 6353
8,6356,1,1,1, 6357
5,6357,3,3,1, 6360
24,6359,1,1,0, 6360
16,6359,2,2,1, 6361
6,6360,2,2,1, 6362
7,6362,1,1,1, 6363
30,6363,3,3,1, 6366
31,6366,2,2,1, 6368
24,6369,1,1,0, 6370
29,6368,4,4,1, 6372
6,6370,2,2,1, 6372
7,6372,1,1,0, 6373
30,6373,3,3,1, 6376
5,6377,3,3,1, 6380
24,6379,1,1,0, 6380
29,6378,4,4,1, 6382
6,6380,2,2,1, 6382
24,6389,1,1,0, 6390
24,6399,1,1,1, 6400
24,6409,1,1,1, 6410
24,6419,1,1,0, 6420
24,6429,1,1,1, 6430
24,6439,1,1,1, 6440
24,6449,1,1,1, 6450
1,6456,1,1,0, 6457
9,6457,2,2,1, 6459
24,6459,1,1,1, 6460
17,6459,3,3,1, 6462
1,6466,1,1,1, 6467
22,6466,4,4,1, 6470
24,6469,1,1,0, 6470
23,6468,3,3,1, 6471
14,6469,3,3,1, 6472
15,6471,2,2,1, 6473
25,6475,2,2,1, 6477
1,6476,1,1,1, 6477
8,6476,1,1,0, 6477
24,6479,1,1,1, 6480
23,6478,3,3,1, 6481
16,6479,2,2,1, 6481
21,6477,5,5,1, 6482
13,6479,4,4,1, 6483
1,6486,1,1,1, 6487
8,6486,1,1,1, 6487
9,6487,2,2,1, 6489
22,6486,4,4,1, 6490
24,6489,1,1,1, 6490
21,6487,5,5,1, 6492
14,6489,3,3,1, 6492
17,6489,3,3,1, 6492
13,6489,4,4,1, 6493
15,6491,2,2,1, 6493
7,6492,1,1,1, 6493
2,6493,2,2,1, 6495
25,6495,2,2,1, 6497
1,6496,1,1,1, 6497
8,6496,1,1,0, 6497
24,6499,1,1,1, 6500
13,6499,4,4,1, 6503
7,6502,1,1,1, 6503
1,6506,1,1,0, 6507
8,6506,1,1,0, 6507
11,6504,4,4,1, 6508
31,6506,2,2,1, 6508
3,6507,3,3,1, 6510
24,6509,1,1,1, 6510
7,6512,1,1,1, 6513
27,6512,4,4,1, 6516
1,6516,1,1,0, 6517
8,6516,1,1,0, 6517
31,6516,2,2,1, 6518
24,6519,1,1,1, 6520
13,6519,4,4,1, 6523
15,6521,2,2,1, 6523
7,6522,1,1,0, 6523
30,6523,3,3,1, 6526
25,6525,2,2,1, 6527
1,6526,1,1,1, 6527
8,6526,1,1,1, 6527
31,6526,2,2,1, 6528
3,6527,3,3,1, 6530
5,6527,3,3,1, 6530
24,6529,1,1,1, 6530
19,6526,5,5,1, 6531
6,6530,2,2,1, 6532
15,6531,2,2,1, 6533
7,6532,1,1,1, 6533
2,6533,2,2,1, 6535
1,6536,1,1,0, 6537
11,6534,4,4,1, 6538
31,6536,2,2,1, 6538
3,6537,3,3,1, 6540
26,6537,3,3,1, 6540
24,6539,1,1,0, 6540
19,6536,5,5,1, 6541
6,6540,2,2,1, 6542
7,6542,1,1,0, 6543
30,6543,3,3,1, 6546
24,6549,1,1,1, 6550
29,6548,4,4,1, 6552
7,6552,1,1,0, 6553
30,6553,3,3,1, 6556
31,6556,2,2,1, 6558
24,6559,1,1,1, 6560
7,6562,1,1,0, 6563
30,6563,3,3,1, 6566
31,6566,2,2,1, 6568
5,6567,3,3,1, 6570
24,6569,1,1,0, 6570
29,6568,4,4,1, 6572
6,6570,2,2,1, 6572
7,6572,1,1,1, 6573
5,6577,3,3,1, 6580
24,6579,1,1,1, 6580
7,6582,1,1,0, 6583
31,6586,2,2,1, 6588
24,6589,1,1,1, 6590
24,6599,1,1,1, 6600
24,6609,1,1,0, 6610
24,6619,1,1,0, 6620
24,6629,1,1,1, 6630
8,6636,1,1,1, 6637
24,6639,1,1,0, 6640
8,6646,1,1,1, 6647
22,6646,4,4,1, 6650
24,6649,1,1,1, 6650
14,6649,3,3,1, 6652
13,6649,4,4,1, 6653
1,6656,1,1,0, 6657
8,6656,1,1,1, 6657
24,6659,1,1,1, 6660
23,6658,3,3,1, 6661
16,6659,2,2,1, 6661
15,6661,2,2,1, 6663
25,6665,2,2,1, 6667
1,6666,1,1,1, 6667
8,6666,1,1,1, 6667
9,6667,2,2,1, 6669
22,6666,4,4,1, 6670
24,6669,1,1,1, 6670
23,6668,3,3,1, 6671
16,6669,2,2,1, 6671
21,6667,5,5,1, 6672
17,6669,3,3,1, 6672
13,6669,4,4,1, 6673
1,6676,1,1,1, 6677
8,6676,1,1,0, 6677
24,6679,1,1,1, 6680
13,6679,4,4,1, 6683
15,6681,2,2,1, 6683
25,6685,2,2,1, 6687
1,6686,1,1,1, 6687
8,6686,1,1,1, 6687
9,6687,2,2,1, 6689
24,6689,1,1,0, 6690
16,6689,2,2,1, 6691
13,6689,4,4,1, 6693
7,6692,1,1,0, 6693
1,6696,1,1,1, 6697
8,6696,1,1,0, 6697
26,6697,3,3,1, 6700
24,6699,1,1,1, 6700
13,6699,4,4,1, 6703
7,6702,1,1,0, 6703
2,6703,2,2,1, 6705
25,6705,2,2,1, 6707
1,6706,1,1,1, 6707
31,6706,2,2,1, 6708
9,6707,2,2,1, 6709
26,6707,3,3,1, 6710
24,6709,1,1,0, 6710
7,6712,1,1,1, 6713
2,6713,2,2,1, 6715
30,6713,3,3,1, 6716
1,6716,1,1,1, 6717
5,6717,3,3,1, 6720
24,6719,1,1,0, 6720
29,6718,4,4,1, 6722
7,6722,1,1,1, 6723
18,6723,4,4,1, 6727
25,6725,2,2,1, 6727
1,6726,1,1,0, 6727
31,6726,2,2,1, 6728
9,6727,2,2,1, 6729
26,6727,3,3,1, 6730
24,6729,1,1,1, 6730
19,6726,5,5,1, 6731
29,6728,4,4,1, 6732
17,6729,3,3,1, 6732
6,6730,2,2,1, 6732
7,6732,1,1,0, 6733
30,6733,3,3,1, 6736
31,6736,2,2,1, 6738
5,6737,3,3,1, 6740
24,6739,1,1,0, 6740
6,6740,2,2,1, 6742
7,6742,1,1,1, 6743
30,6743,3,3,1, 6746
31,6746,2,2,1, 6748
24,6749,1,1,0, 6750
7,6752,1,1,1, 6753
24,6759,1,1,1, 6760
29,6758,4,4,1, 6762
7,6762,1,1,1, 6763
24,6769,1,1,0, 6770
29,6768,4,4,1, 6772
7,6772,1,1,0, 6773
24,6779,1,1,1, 6780
6,6780,2,2,1, 6782
7,6782,1,1,0, 6783
30,6783,3,3,1, 6786
24,6789,1,1,0, 6790
29,6788,4,4,1, 6792
7,6792,1,1,1, 6793
5,6797,3,3,1, 6800
24,6799,1,1,1, 6800
8,6806,1,1,0, 6807
22,6806,4,4,1, 6810
24,6809,1,1,1, 6810
8,6816,1,1,0, 6817
22,6816,4,4,1, 6820
24,6819,1,1,1, 6820
23,6818,3,3,1, 6821
21,6817,5,5,1, 6822
8,6826,1,1,0, 6827
22,6826,4,4,1, 6830
24,6829,1,1,1, 6830
1,6836,1,1,1, 6837
8,6836,1,1,1, 6837
9,6837,2,2,1, 6839
24,6839,1,1,1, 6840
17,6839,3,3,1, 6842
13,6839,4,4,1, 6843
1,6846,1,1,0, 6847
8,6846,1,1,0, 6847
9,6847,2,2,1, 6849
24,6849,1,1,1, 6850
23,6848,3,3,1, 6851
16,6849,2,2,1, 6851
17,6849,3,3,1, 6852
15,6851,2,2,1, 6853
1,6856,1,1,1, 6857
8,6856,1,1,1, 6857
24,6859,1,1,1, 6860
23,6858,3,3,1, 6861
16,6859,2,2,1, 6861
17,6859,3,3,1, 6862
13,6859,4,4,1, 6863
2,6863,2,2,1, 6865
18,6863,4,4,1, 6867
25,6865,2,2,1, 6867
1,6866,1,1,1, 6867
8,6866,1,1,0, 6867
9,6867,2,2,1, 6869
22,6866,4,4,1, 6870
24,6869,1,1,0, 6870
23,6868,3,3,1, 6871
14,6869,3,3,1, 6872
17,6869,3,3,1, 6872
2,6873,2,2,1, 6875
1,6876,1,1,0, 6877
8,6876,1,1,0, 6877
24,6879,1,1,1, 6880
2,6883,2,2,1, 6885
18,6883,4,4,1, 6887
25,6885,2,2,1, 6887
1,6886,1,1,1, 6887
8,6886,1,1,0, 6887
24,6889,1,1,1, 6890
14,6889,3,3,1, 6892
13,6889,4,4,1, 6893
25,6895,2,2,1, 6897
1,6896,1,1,1, 6897
8,6896,1,1,0, 6897
9,6897,2,2,1, 6899
26,6897,3,3,1, 6900
24,6899,1,1,0, 6900
14,6899,3,3,1, 6902
31,6906,2,2,1, 6908
24,6909,1,1,0, 6910
7,6912,1,1,0, 6913
31,6916,2,2,1, 6918
24,6919,1,1,0, 6920
7,6922,1,1,0, 6923
24,6929,1,1,1, 6930
7,6932,1,1,0, 6933
31,6936,2,2,1, 6938
5,6937,3,3,1, 6940
24,6939,1,1,0, 6940
29,6938,4,4,1, 6942
6,6940,2,2,1, 6942
7,6942,1,1,0, 6943
30,6943,3,3,1, 6946
31,6946,2,2,1, 6948
24,6949,1,1,0, 6950
7,6952,1,1,0, 6953
24,6959,1,1,1, 6960
29,6958,4,4,1, 6962
6,6960,2,2,1, 6962
7,6962,1,1,0, 6963
31,6966,2,2,1, 6968
24,6969,1,1,1, 6970
29,6968,4,4,1, 6972
6,6970,2,2,1, 6972
7,6972,1,1,0, 6973
30,6973,3,3,1, 6976
31,6976,2,2,1, 6978
24,6979,1,1,0, 6980
29,6978,4,4,1, 6982
6,6980,2,2,1, 6982
7,6982,1,1,0, 6983
30,6983,3,3,1, 6986
24,6989,1,1,0, 6990
24,6999,1,1,1, 7000
1,7006,1,1,0, 7007
8,7006,1,1,1, 7007
24,7009,1,1,1, 7010
17,7009,3,3,1, 7012
15,7011,2,2,1, 7013
25,7015,2,2,1, 7017
1,7016,1,1,0, 7017
8,7016,1,1,0, 7017
9,7017,2,2,1, 7019
24,7019,1,1,1, 7020
23,7018,3,3,1, 7021
15,7021,2,2,1, 7023
1,7026,1,1,0, 7027
8,7026,1,1,1, 7027
9,7027,2,2,1, 7029
24,7029,1,1,1, 7030
23,7028,3,3,1, 7031
16,7029,2,2,1, 7031
21,7027,5,5,1, 7032
17,7029,3,3,1, 7032
1,7036,1,1,0, 7037
8,7036,1,1,1, 7037
24,7039,1,1,1, 7040
23,7038,3,3,1, 7041
21,7037,5,5,1, 7042
25,7045,2,2,1, 7047
1,7046,1,1,1, 7047
8,7046,1,1,0, 7047
9,7047,2,2,1, 7049
24,7049,1,1,0, 7050
25,7055,2,2,1, 7057
1,7056,1,1,1, 7057
8,7056,1,1,1, 7057
11,7054,4,4,1, 7058
26,7057,3,3,1, 7060
24,7059,1,1,0, 7060
16,7059,2,2,1, 7061
21,7057,5,5,1, 7062
17,7059,3,3,1, 7062
2,7063,2,2,1, 7065
27,7062,4,4,1, 7066
18,7063,4,4,1, 7067
1,7066,1,1,1, 7067
8,7066,1,1,0, 7067
11,7064,4,4,1, 7068
9,7067,2,2,1, 7069
22,7066,4,4,1, 7070
26,7067,3,3,1, 7070
24,7069,1,1,0, 7070
16,7069,2,2,1, 7071
21,7067,5,5,1, 7072
15,7071,2,2,1, 7073
8,7076,1,1,1, 7077
22,7076,4,4,1, 7080
24,7079,1,1,0, 7080
23,7078,3,3,1, 7081
21,7077,5,5,1, 7082
31,7086,2,2,1, 7088
24,7089,1,1,0, 7090
6,7090,2,2,1, 7092
7,7092,1,1,1, 7093
30,7093,3,3,1, 7096
31,7096,2,2,1, 7098
5,7097,3,3,1, 7100
24,7099,1,1,1, 7100
29,7098,4,4,1, 7102
7,7102,1,1,1, 7103
31,7106,2,2,1, 7108
24,7109,1,1,0, 7110
29,7108,4,4,1, 7112
7,7112,1,1,0, 7113
24,7119,1,1,1, 7120
7,7122,1,1,1, 7123
24,7129,1,1,0, 7130
7,7132,1,1,1, 7133
24,7139,1,1,0, 7140
7,7142,1,1,1, 7143
31,7146,2,2,1, 7148
24,7149,1,1,1, 7150
7,7152,1,1,1, 7153
24,7159,1,1,1, 7160
7,7162,1,1,1, 7163
24,7169,1,1,0, 7170
7,7172,1,1,1, 7173
1,7176,1,1,1, 7177
9,7177,2,2,1, 7179
24,7179,1,1,0, 7180
17,7179,3,3,1, 7182
7,7182,1,1,0, 7183
25,7185,2,2,1, 7187
1,7186,1,1,0, 7187
8,7186,1,1,0, 7187
31,7186,2,2,1, 7188
9,7187,2,2,1, 7189
24,7189,1,1,1, 7190
16,7189,2,2,1, 7191
7,7192,1,1,1, 7193
25,7195,2,2,1, 7197
1,7196,1,1,0, 7197
8,7196,1,1,1, 7197
9,7197,2,2,1, 7199
24,7199,1,1,1, 7200
16,7199,2,2,1, 7201
17,7199,3,3,1, 7202
7,7202,1,1,0, 7203
1,7206,1,1,0, 7207
8,7206,1,1,0, 7207
22,7206,4,4,1, 7210
24,7209,1,1,0, 7210
13,7209,4,4,1, 7213
7,7212,1,1,1, 7213
30,7213,3,3,1, 7216
25,7215,2,2,1, 7217
1,7216,1,1,1, 7217
8,7216,1,1,0, 7217
31,7216,2,2,1, 7218
22,7216,4,4,1, 7220
5,7217,3,3,1, 7220
26,7217,3,3,1, 7220
24,7219,1,1,1, 7220
16,7219,2,2,1, 7221
29,7218,4,4,1, 7222
14,7219,3,3,1, 7222
13,7219,4,4,1, 7223
7,7222,1,1,0, 7223
30,7223,3,3,1, 7226
18,7223,4,4,1, 7227
25,7225,2,2,1, 7227
1,7226,1,1,1, 7227
8,7226,1,1,0, 7227
31,7226,2,2,1, 7228
26,7227,3,3,1, 7230
24,7229,1,1,0, 7230
16,7229,2,2,1, 7231
14,7229,3,3,1, 7232
15,7231,2,2,1, 7233
7,7232,1,1,0, 7233
2,7233,2,2,1, 7235
30,7233,3,3,1, 7236
25,7235,2,2,1, 7237
1,7236,1,1,0, 7237
8,7236,1,1,1, 7237
9,7237,2,2,1, 7239
22,7236,4,4,1, 7240
5,7237,3,3,1, 7240
24,7239,1,1,1, 7240
23,7238,3,3,1, 7241
21,7237,5,5,1, 7242
29,7238,4,4,1, 7242
14,7239,3,3,1, 7242
6,7240,2,2,1, 7242
15,7241,2,2,1, 7243
7,7242,1,1,1, 7243
2,7243,2,2,1, 7245
30,7243,3,3,1, 7246
25,7245,2,2,1, 7247
1,7246,1,1,1, 7247
9,7247,2,2,1, 7249
24,7249,1,1,0, 7250
24,7259,1,1,1, 7260
24,7269,1,1,0, 7270
24,7279,1,1,1, 7280
24,7289,1,1,1, 7290
24,7299,1,1,0, 7300
24,7309,1,1,0, 7310
24,7319,1,1,1, 7320
24,7329,1,1,1, 7330
24,7339,1,1,0, 7340
24,7349,1,1,0, 7350
7,7352,1,1,1, 7353
8,7356,1,1,0, 7357
31,7356,2,2,1, 7358
9,7357,2,2,1, 7359
24,7359,1,1,1, 7360
17,7359,3,3,1, 7362
7,7362,1,1,0, 7363
1,7366,1,1,0, 7367
8,7366,1,1,0, 7367
31,7366,2,2,1, 7368
24,7369,1,1,0, 7370
16,7369,2,2,1, 7371
21,7367,5,5,1, 7372
14,7369,3,3,1, 7372
17,7369,3,3,1, 7372
13,7369,4,4,1, 7373
7,7372,1,1,1, 7373
25,7375,2,2,1, 7377
1,7376,1,1,1, 7377
8,7376,1,1,1, 7377
9,7377,2,2,1, 7379
24,7379,1,1,0, 7380
14,7379,3,3,1, 7382
17,7379,3,3,1, 7382
15,7381,2,2,1, 7383
7,7382,1,1,1, 7383
1,7386,1,1,0, 7387
8,7386,1,1,0, 7387
24,7389,1,1,1, 7390
16,7389,2,2,1, 7391
14,7389,3,3,1, 7392
13,7389,4,4,1, 7393
7,7392,1,1,0, 7393
1,7396,1,1,1, 7397
8,7396,1,1,0, 7397
31,7396,2,2,1, 7398
24,7399,1,1,1, 7400
15,7401,2,2,1, 7403
7,7402,1,1,1, 7403
1,7406,1,1,0, 7407
8,7406,1,1,0, 7407
24,7409,1,1,0, 7410
16,7409,2,2,1, 7411
14,7409,3,3,1, 7412
13,7409,4,4,1, 7413
7,7412,1,1,1, 7413
2,7413,2,2,1, 7415
25,7415,2,2,1, 7417
1,7416,1,1,1, 7417
8,7416,1,1,0, 7417
31,7416,2,2,1, 7418
24,7419,1,1,1, 7420
23,7418,3,3,1, 7421
16,7419,2,2,1, 7421
29,7418,4,4,1, 7422
14,7419,3,3,1, 7422
6,7420,2,2,1, 7422
7,7422,1,1,1, 7423
1,7426,1,1,0, 7427
8,7426,1,1,0, 7427
31,7426,2,2,1, 7428
5,7427,3,3,1, 7430
26,7427,3,3,1, 7430
24,7429,1,1,1, 7430
23,7428,3,3,1, 7431
16,7429,2,2,1, 7431
7,7432,1,1,1, 7433
30,7433,3,3,1, 7436
1,7436,1,1,0, 7437
31,7436,2,2,1, 7438
24,7439,1,1,0, 7440
29,7438,4,4,1, 7442
7,7442,1,1,1, 7443
18,7443,4,4,1, 7447
1,7446,1,1,1, 7447
31,7446,2,2,1, 7448
26,7447,3,3,1, 7450
24,7449,1,1,0, 7450
7,7452,1,1,1, 7453
2,7453,2,2,1, 7455
1,7456,1,1,0, 7457
26,7457,3,3,1, 7460
24,7459,1,1,0, 7460
7,7462,1,1,0, 7463
30,7463,3,3,1, 7466
25,7465,2,2,1, 7467
1,7466,1,1,1, 7467
28,7464,5,5,1, 7469
4,7466,4,4,1, 7470
3,7467,3,3,1, 7470
26,7467,3,3,1, 7470
24,7469,1,1,0, 7470
6,7470,2,2,1, 7472
7,7472,1,1,0, 7473
2,7473,2,2,1, 7475
30,7473,3,3,1, 7476
25,7475,2,2,1, 7477
1,7476,1,1,1, 7477
24,7479,1,1,1, 7480
7,7482,1,1,0, 7483
12,7480,5,5,1, 7485
30,7483,3,3,1, 7486
24,7489,1,1,0, 7490
7,7492,1,1,0, 7493
30,7493,3,3,1, 7496
31,7496,2,2,1, 7498
24,7499,1,1,1, 7500
7,7502,1,1,1, 7503
24,7509,1,1,0, 7510
7,7512,1,1,0, 7513
31,7516,2,2,1, 7518
24,7519,1,1,1, 7520
6,7520,2,2,1, 7522
7,7522,1,1,0, 7523
24,7529,1,1,0, 7530
7,7532,1,1,1, 7533
30,7533,3,3,1, 7536
8,7536,1,1,0, 7537
24,7539,1,1,0, 7540
16,7539,2,2,1, 7541
14,7539,3,3,1, 7542
8,7546,1,1,1, 7547
24,7549,1,1,1, 7550
16,7549,2,2,1, 7551
8,7556,1,1,0, 7557
24,7559,1,1,1, 7560
16,7559,2,2,1, 7561
8,7566,1,1,1, 7567
24,7569,1,1,1, 7570
16,7569,2,2,1, 7571
8,7576,1,1,0, 7577
24,7579,1,1,1, 7580
8,7586,1,1,0, 7587
24,7589,1,1,1, 7590
16,7589,2,2,1, 7591
17,7589,3,3,1, 7592
1,7596,1,1,1, 7597
8,7596,1,1,1, 7597
24,7599,1,1,0, 7600
16,7599,2,2,1, 7601
17,7599,3,3,1, 7602
25,7605,2,2,1, 7607
1,7606,1,1,1, 7607
8,7606,1,1,1, 7607
24,7609,1,1,1, 7610
1,7616,1,1,1, 7617
8,7616,1,1,1, 7617
9,7617,2,2,1, 7619
26,7617,3,3,1, 7620
24,7619,1,1,1, 7620
1,7626,1,1,0, 7627
8,7626,1,1,0, 7627
26,7627,3,3,1, 7630
24,7629,1,1,0, 7630
16,7629,2,2,1, 7631
2,7633,2,2,1, 7635
18,7633,4,4,1, 7637
25,7635,2,2,1, 7637
1,7636,1,1,0, 7637
8,7636,1,1,1, 7637
22,7636,4,4,1, 7640
24,7639,1,1,0, 7640
23,7638,3,3,1, 7641
16,7639,2,2,1, 7641
17,7639,3,3,1, 7642
7,7642,1,1,1, 7643
2,7643,2,2,1, 7645
25,7645,2,2,1, 7647
1,7646,1,1,0, 7647
8,7646,1,1,1, 7647
31,7646,2,2,1, 7648
22,7646,4,4,1, 7650
24,7649,1,1,1, 7650
14,7649,3,3,1, 7652
7,7652,1,1,1, 7653
25,7655,2,2,1, 7657
1,7656,1,1,0, 7657
8,7656,1,1,0, 7657
31,7656,2,2,1, 7658
24,7659,1,1,1, 7660
16,7659,2,2,1, 7661
17,7659,3,3,1, 7662
7,7662,1,1,0, 7663
2,7663,2,2,1, 7665
1,7666,1,1,1, 7667
8,7666,1,1,1, 7667
22,7666,4,4,1, 7670
26,7667,3,3,1, 7670
24,7669,1,1,0, 7670
17,7669,3,3,1, 7672
7,7672,1,1,0, 7673
25,7675,2,2,1, 7677
1,7676,1,1,0, 7677
8,7676,1,1,0, 7677
4,7676,4,4,1, 7680
24,7679,1,1,0, 7680
21,7677,5,5,1, 7682
15,7681,2,2,1, 7683
7,7682,1,1,0, 7683
8,7686,1,1,0, 7687
24,7689,1,1,1, 7690
13,7689,4,4,1, 7693
15,7691,2,2,1, 7693
7,7692,1,1,1, 7693
31,7696,2,2,1, 7698
24,7699,1,1,1, 7700
7,7702,1,1,1, 7703
31,7706,2,2,1, 7708
24,7709,1,1,1, 7710
7,7712,1,1,0, 7713
31,7716,2,2,1, 7718
5,7717,3,3,1, 7720
24,7719,1,1,1, 7720
29,7718,4,4,1, 7722
6,7720,2,2,1, 7722
7,7722,1,1,0, 7723
31,7726,2,2,1, 7728
5,7727,3,3,1, 7730
24,7729,1,1,1, 7730
29,7728,4,4,1, 7732
6,7730,2,2,1, 7732
7,7732,1,1,1, 7733
30,7733,3,3,1, 7736
31,7736,2,2,1, 7738
5,7737,3,3,1, 7740
24,7739,1,1,1, 7740
7,7742,1,1,0, 7743
30,7743,3,3,1, 7746
24,7749,1,1,1, 7750
6,7750,2,2,1, 7752
7,7752,1,1,0, 7753
30,7753,3,3,1, 7756
24,7759,1,1,0, 7760
24,7769,1,1,0, 7770
24,7779,1,1,1, 7780
17,7779,3,3,1, 7782
25,7785,2,2,1, 7787
1,7786,1,1,0, 7787
24,7789,1,1,0, 7790
1,7796,1,1,1, 7797
9,7797,2,2,1, 7799
24,7799,1,1,1, 7800
14,7799,3,3,1, 7802
13,7799,4,4,1, 7803
15,7801,2,2,1, 7803
1,7806,1,1,0, 7807
8,7806,1,1,0, 7807
24,7809,1,1,0, 7810
17,7809,3,3,1, 7812
25,7815,2,2,1, 7817
1,7816,1,1,0, 7817
8,7816,1,1,1, 7817
24,7819,1,1,1, 7820
14,7819,3,3,1, 7822
17,7819,3,3,1, 7822
25,7825,2,2,1, 7827
1,7826,1,1,1, 7827
8,7826,1,1,0, 7827
9,7827,2,2,1, 7829
24,7829,1,1,1, 7830
17,7829,3,3,1, 7832
15,7831,2,2,1, 7833
1,7836,1,1,1, 7837
8,7836,1,1,1, 7837
24,7839,1,1,1, 7840
23,7838,3,3,1, 7841
17,7839,3,3,1, 7842
13,7839,4,4,1, 7843
15,7841,2,2,1, 7843
2,7843,2,2,1, 7845
25,7845,2,2,1, 7847
1,7846,1,1,1, 7847
8,7846,1,1,1, 7847
26,7847,3,3,1, 7850
24,7849,1,1,1, 7850
16,7849,2,2,1, 7851
18,7853,4,4,1, 7857
25,7855,2,2,1, 7857
1,7856,1,1,1, 7857
8,7856,1,1,0, 7857
22,7856,4,4,1, 7860
3,7857,3,3,1, 7860
26,7857,3,3,1, 7860
24,7859,1,1,1, 7860
19,7856,5,5,1, 7861
21,7857,5,5,1, 7862
17,7859,3,3,1, 7862
7,7862,1,1,1, 7863
8,7866,1,1,1, 7867
31,7866,2,2,1, 7868
22,7866,4,4,1, 7870
24,7869,1,1,0, 7870
15,7871,2,2,1, 7873
7,7872,1,1,0, 7873
8,7876,1,1,0, 7877
31,7876,2,2,1, 7878
24,7879,1,1,0, 7880
23,7878,3,3,1, 7881
16,7879,2,2,1, 7881
21,7877,5,5,1, 7882
14,7879,3,3,1, 7882
7,7882,1,1,1, 7883
31,7886,2,2,1, 7888
24,7889,1,1,0, 7890
7,7892,1,1,1, 7893
24,7899,1,1,1, 7900
7,7902,1,1,0, 7903
30,7903,3,3,1, 7906
31,7906,2,2,1, 7908
24,7909,1,1,0, 7910
7,7912,1,1,0, 7913
30,7913,3,3,1, 7916
31,7916,2,2,1, 7918
5,7917,3,3,1, 7920
24,7919,1,1,0, 7920
29,7918,4,4,1, 7922
6,7920,2,2,1, 7922
7,7922,1,1,0, 7923
30,7923,3,3,1, 7926
5,7927,3,3,1, 7930
24,7929,1,1,0, 7930
6,7930,2,2,1, 7932
7,7932,1,1,1, 7933
30,7933,3,3,1, 7936
5,7937,3,3,1, 7940
24,7939,1,1,0, 7940
29,7938,4,4,1, 7942
7,7942,1,1,1, 7943
5,7947,3,3,1, 7950
24,7949,1,1,0, 7950
29,7948,4,4,1, 7952
24,7959,1,1,0, 7960
25,7965,2,2,1, 7967
1,7966,1,1,1, 7967
9,7967,2,2,1, 7969
24,7969,1,1,0, 7970
25,7975,2,2,1, 7977
1,7976,1,1,1, 7977
24,7979,1,1,1, 7980
25,7985,2,2,1, 7987
1,7986,1,1,1, 7987
24,7989,1,1,1, 7990
25,7995,2,2,1, 7997
1,7996,1,1,0, 7997
8,7996,1,1,0, 7997
24,7999,1,1,1, 8000
17,7999,3,3,1, 8002
2,8003,2,2,1, 8005
1,8006,1,1,1, 8007
8,8006,1,1,0, 8007
26,8007,3,3,1, 8010
24,8009,1,1,1, 8010
2,8013,2,2,1, 8015
18,8013,4,4,1, 8017
25,8015,2,2,1, 8017
1,8016,1,1,0, 8017
8,8016,1,1,1, 8017
26,8017,3,3,1, 8020
24,8019,1,1,0, 8020
17,8019,3,3,1, 8022
2,8023,2,2,1, 8025
18,8023,4,4,1, 8027
25,8025,2,2,1, 8027
1,8026,1,1,1, 8027
8,8026,1,1,0, 8027
9,8027,2,2,1, 8029
24,8029,1,1,0, 8030
8,8036,1,1,0, 8037
24,8039,1,1,0, 8040
8,8046,1,1,1, 8047
24,8049,1,1,0, 8050
15,8051,2,2,1, 8053
8,8056,1,1,0, 8057
31,8056,2,2,1, 8058
24,8059,1,1,1, 8060
7,8062,1,1,0, 8063
8,8066,1,1,1, 8067
31,8066,2,2,1, 8068
24,8069,1,1,1, 8070
7,8072,1,1,0, 8073
8,8076,1,1,0, 8077
31,8076,2,2,1, 8078
24,8079,1,1,0, 8080
15,8081,2,2,1, 8083
7,8082,1,1,1, 8083
8,8086,1,1,0, 8087
31,8086,2,2,1, 8088
5,8087,3,3,1, 8090
24,8089,1,1,0, 8090
14,8089,3,3,1, 8092
15,8091,2,2,1, 8093
7,8092,1,1,1, 8093
30,8093,3,3,1, 8096
8,8096,1,1,1, 8097
31,8096,2,2,1, 8098
24,8099,1,1,0, 8100
29,8098,4,4,1, 8102
15,8101,2,2,1, 8103
7,8102,1,1,0, 8103
8,8106,1,1,0, 8107
31,8106,2,2,1, 8108
5,8107,3,3,1, 8110
24,8109,1,1,1, 8110
16,8109,2,2,1, 8111
14,8109,3,3,1, 8112
6,8110,2,2,1, 8112
13,8109,4,4,1, 8113
7,8112,1,1,0, 8113
8,8116,1,1,0, 8117
31,8116,2,2,1, 8118
24,8119,1,1,1, 8120
29,8118,4,4,1, 8122
6,8120,2,2,1, 8122
13,8119,4,4,1, 8123
15,8121,2,2,1, 8123
7,8122,1,1,0, 8123
30,8123,3,3,1, 8126
8,8126,1,1,0, 8127
5,8127,3,3,1, 8130
24,8129,1,1,1, 8130
14,8129,3,3,1, 8132
6,8130,2,2,1, 8132
7,8132,1,1,1, 8133
30,8133,3,3,1, 8136
25,8135,2,2,1, 8137
1,8136,1,1,0, 8137
8,8136,1,1,0, 8137
9,8137,2,2,1, 8139
24,8139,1,1,0, 8140
17,8139,3,3,1, 8142
15,8141,2,2,1, 8143
1,8146,1,1,0, 8147
8,8146,1,1,1, 8147
24,8149,1,1,0, 8150
16,8149,2,2,1, 8151
14,8149,3,3,1, 8152
13,8149,4,4,1, 8153
25,8155,2,2,1, 8157
1,8156,1,1,1, 8157
8,8156,1,1,0, 8157
24,8159,1,1,1, 8160
21,8157,5,5,1, 8162
17,8159,3,3,1, 8162
13,8159,4,4,1, 8163
15,8161,2,2,1, 8163
1,8166,1,1,0, 8167
8,8166,1,1,0, 8167
22,8166,4,4,1, 8170
24,8169,1,1,1, 8170
23,8168,3,3,1, 8171
17,8169,3,3,1, 8172
25,8175,2,2,1, 8177
1,8176,1,1,0, 8177
24,8179,1,1,0, 8180
1,8186,1,1,0, 8187
24,8189,1,1,1, 8190
25,8195,2,2,1, 8197
1,8196,1,1,0, 8197
24,8199,1,1,1, 8200
1,8206,1,1,0, 8207
24,8209,1,1,1, 8210
2,8213,2,2,1, 8215
18,8213,4,4,1, 8217
1,8216,1,1,0, 8217
24,8219,1,1,1, 8220
18,8223,4,4,1, 8227
1,8226,1,1,0, 8227
26,8227,3,3,1, 8230
24,8229,1,1,1, 8230
2,8233,2,2,1, 8235
27,8232,4,4,1, 8236
25,8235,2,2,1, 8237
1,8236,1,1,1, 8237
11,8234,4,4,1, 8238
4,8236,4,4,1, 8240
24,8239,1,1,1, 8240
7,8242,1,1,1, 8243
25,8245,2,2,1, 8247
1,8246,1,1,1, 8247
11,8244,4,4,1, 8248
28,8244,5,5,1, 8249
24,8249,1,1,0, 8250
7,8252,1,1,1, 8253
24,8259,1,1,0, 8260
7,8262,1,1,0, 8263
24,8269,1,1,0, 8270
7,8272,1,1,1, 8273
8,8276,1,1,0, 8277
31,8276,2,2,1, 8278
22,8276,4,4,1, 8280
24,8279,1,1,1, 8280
23,8278,3,3,1, 8281
16,8279,2,2,1, 8281
21,8277,5,5,1, 8282
13,8279,4,4,1, 8283
7,8282,1,1,0, 8283
8,8286,1,1,0, 8287
31,8286,2,2,1, 8288
24,8289,1,1,1, 8290
23,8288,3,3,1, 8291
16,8289,2,2,1, 8291
21,8287,5,5,1, 8292
14,8289,3,3,1, 8292
7,8292,1,1,0, 8293
8,8296,1,1,0, 8297
31,8296,2,2,1, 8298
22,8296,4,4,1, 8300
24,8299,1,1,1, 8300
23,8298,3,3,1, 8301
14,8299,3,3,1, 8302
15,8301,2,2,1, 8303
7,8302,1,1,0, 8303
8,8306,1,1,1, 8307
31,8306,2,2,1, 8308
24,8309,1,1,1, 8310
13,8309,4,4,1, 8313
7,8312,1,1,0, 8313
8,8316,1,1,1, 8317
31,8316,2,2,1, 8318
24,8319,1,1,0, 8320
15,8321,2,2,1, 8323
7,8322,1,1,0, 8323
30,8323,3,3,1, 8326
8,8326,1,1,0, 8327
31,8326,2,2,1, 8328
24,8329,1,1,0, 8330
6,8330,2,2,1, 8332
13,8329,4,4,1, 8333
7,8332,1,1,0, 8333
30,8333,3,3,1, 8336
24,8339,1,1,1, 8340
6,8340,2,2,1, 8342
7,8342,1,1,0, 8343
24,8349,1,1,0, 8350
6,8350,2,2,1, 8352
7,8352,1,1,0, 8353
25,8355,2,2,1, 8357
1,8356,1,1,0, 8357
24,8359,1,1,0, 8360
6,8360,2,2,1, 8362
7,8362,1,1,1, 8363
1,8366,1,1,0, 8367
9,8367,2,2,1, 8369
24,8369,1,1,1, 8370
7,8372,1,1,1, 8373
25,8375,2,2,1, 8377
1,8376,1,1,0, 8377
9,8377,2,2,1, 8379
5,8377,3,3,1, 8380
24,8379,1,1,1, 8380
29,8378,4,4,1, 8382
17,8379,3,3,1, 8382
6,8380,2,2,1, 8382
7,8382,1,1,0, 8383
2,8383,2,2,1, 8385
30,8383,3,3,1, 8386
25,8385,2,2,1, 8387
1,8386,1,1,1, 8387
31,8386,2,2,1, 8388
5,8387,3,3,1, 8390
24,8389,1,1,0, 8390
29,8388,4,4,1, 8392
17,8389,3,3,1, 8392
7,8392,1,1,1, 8393
30,8393,3,3,1, 8396
1,8396,1,1,0, 8397
9,8397,2,2,1, 8399
3,8397,3,3,1, 8400
24,8399,1,1,0, 8400
19,8396,5,5,1, 8401
17,8399,3,3,1, 8402
2,8403,2,2,1, 8405
27,8402,4,4,1, 8406
25,8405,2,2,1, 8407
1,8406,1,1,0, 8407
9,8407,2,2,1, 8409
24,8409,1,1,1, 8410
24,8419,1,1,1, 8420
24,8429,1,1,0, 8430
8,8436,1,1,1, 8437
24,8439,1,1,0, 8440
23,8438,3,3,1, 8441
16,8439,2,2,1, 8441
8,8446,1,1,1, 8447
24,8449,1,1,0, 8450
14,8449,3,3,1, 8452
13,8449,4,4,1, 8453
8,8456,1,1,0, 8457
24,8459,1,1,1, 8460
21,8457,5,5,1, 8462
14,8459,3,3,1, 8462
15,8461,2,2,1, 8463
8,8466,1,1,1, 8467
22,8466,4,4,1, 8470
24,8469,1,1,0, 8470
21,8467,5,5,1, 8472
14,8469,3,3,1, 8472
15,8471,2,2,1, 8473
8,8476,1,1,0, 8477
22,8476,4,4,1, 8480
24,8479,1,1,1, 8480
23,8478,3,3,1, 8481
16,8479,2,2,1, 8481
14,8479,3,3,1, 8482
15,8481,2,2,1, 8483
24,8489,1,1,0, 8490
24,8499,1,1,0, 8500
7,8502,1,1,0, 8503
31,8506,2,2,1, 8508
24,8509,1,1,1, 8510
7,8512,1,1,0, 8513
25,8515,2,2,1, 8517
1,8516,1,1,0, 8517
31,8516,2,2,1, 8518
24,8519,1,1,0, 8520
7,8522,1,1,1, 8523
1,8526,1,1,1, 8527
31,8526,2,2,1, 8528
24,8529,1,1,0, 8530
17,8529,3,3,1, 8532
7,8532,1,1,1, 8533
1,8536,1,1,1, 8537
9,8537,2,2,1, 8539
24,8539,1,1,1, 8540
7,8542,1,1,1, 8543
2,8543,2,2,1, 8545
18,8543,4,4,1, 8547
25,8545,2,2,1, 8547
1,8546,1,1,0, 8547
26,8547,3,3,1, 8550
24,8549,1,1,1, 8550
17,8549,3,3,1, 8552
7,8552,1,1,0, 8553
25,8555,2,2,1, 8557
1,8556,1,1,0, 8557
26,8557,3,3,1, 8560
24,8559,1,1,0, 8560
17,8559,3,3,1, 8562
7,8562,1,1,1, 8563
2,8563,2,2,1, 8565
18,8563,4,4,1, 8567
1,8566,1,1,1, 8567
11,8564,4,4,1, 8568
31,8566,2,2,1, 8568
3,8567,3,3,1, 8570
5,8567,3,3,1, 8570
26,8567,3,3,1, 8570
24,8569,1,1,0, 8570
6,8570,2,2,1, 8572
7,8572,1,1,1, 8573
27,8572,4,4,1, 8576
30,8573,3,3,1, 8576
25,8575,2,2,1, 8577
5,8577,3,3,1, 8580
24,8579,1,1,1, 8580
29,8578,4,4,1, 8582
6,8580,2,2,1, 8582
7,8582,1,1,0, 8583
31,8586,2,2,1, 8588
24,8589,1,1,0, 8590
16,8589,2,2,1, 8591
6,8590,2,2,1, 8592
7,8592,1,1,1, 8593
30,8593,3,3,1, 8596
8,8596,1,1,0, 8597
22,8596,4,4,1, 8600
5,8597,3,3,1, 8600
24,8599,1,1,0, 8600
23,8598,3,3,1, 8601
21,8597,5,5,1, 8602
7,8602,1,1,1, 8603
8,8606,1,1,1, 8607
31,8606,2,2,1, 8608
22,8606,4,4,1, 8610
24,8609,1,1,0, 8610
23,8608,3,3,1, 8611
7,8612,1,1,0, 8613
30,8613,3,3,1, 8616
8,8616,1,1,0, 8617
5,8617,3,3,1, 8620
24,8619,1,1,0, 8620
16,8619,2,2,1, 8621
29,8618,4,4,1, 8622
6,8620,2,2,1, 8622
7,8622,1,1,1, 8623
30,8623,3,3,1, 8626
8,8626,1,1,0, 8627
22,8626,4,4,1, 8630
24,8629,1,1,0, 8630
23,8628,3,3,1, 8631
8,8636,1,1,0, 8637
22,8636,4,4,1, 8640
24,8639,1,1,1, 8640
8,8646,1,1,1, 8647
22,8646,4,4,1, 8650
24,8649,1,1,1, 8650
23,8648,3,3,1, 8651
8,8656,1,1,1, 8657
22,8656,4,4,1, 8660
24,8659,1,1,1, 8660
23,8658,3,3,1, 8661
16,8659,2,2,1, 8661
8,8666,1,1,0, 8667
22,8666,4,4,1, 8670
24,8669,1,1,1, 8670
23,8668,3,3,1, 8671
8,8676,1,1,1, 8677
24,8679,1,1,1, 8680
25,8685,2,2,1, 8687
1,8686,1,1,0, 8687
8,8686,1,1,0, 8687
9,8687,2,2,1, 8689
24,8689,1,1,0, 8690
25,8695,2,2,1, 8697
1,8696,1,1,0, 8697
8,8696,1,1,0, 8697
24,8699,1,1,1, 8700
17,8699,3,3,1, 8702
15,8701,2,2,1, 8703
25,8705,2,2,1, 8707
1,8706,1,1,0, 8707
8,8706,1,1,1, 8707
24,8709,1,1,0, 8710
17,8709,3,3,1, 8712
15,8711,2,2,1, 8713
2,8713,2,2,1, 8715
25,8715,2,2,1, 8717
1,8716,1,1,0, 8717
8,8716,1,1,1, 8717
24,8719,1,1,0, 8720
17,8719,3,3,1, 8722
2,8723,2,2,1, 8725
25,8725,2,2,1, 8727
1,8726,1,1,0, 8727
8,8726,1,1,0, 8727
9,8727,2,2,1, 8729
26,8727,3,3,1, 8730
24,8729,1,1,0, 8730
13,8729,4,4,1, 8733
15,8731,2,2,1, 8733
2,8733,2,2,1, 8735
18,8733,4,4,1, 8737
1,8736,1,1,1, 8737
31,8736,2,2,1, 8738
9,8737,2,2,1, 8739
24,8739,1,1,1, 8740
7,8742,1,1,1, 8743
12,8740,5,5,1, 8745
24,8749,1,1,0, 8750
7,8752,1,1,0, 8753
31,8756,2,2,1, 8758
24,8759,1,1,1, 8760
7,8762,1,1,1, 8763
31,8766,2,2,1, 8768
24,8769,1,1,1, 8770
7,8772,1,1,0, 8773
24,8779,1,1,0, 8780
6,8780,2,2,1, 8782
7,8782,1,1,1, 8783
30,8783,3,3,1, 8786
31,8786,2,2,1, 8788
24,8789,1,1,1, 8790
7,8792,1,1,1, 8793
24,8799,1,1,1, 8800
6,8800,2,2,1, 8802
7,8802,1,1,0, 8803
24,8809,1,1,1, 8810
7,8812,1,1,1, 8813
31,8816,2,2,1, 8818
24,8819,1,1,0, 8820
7,8822,1,1,1, 8823
24,8829,1,1,0, 8830
7,8832,1,1,1, 8833
31,8836,2,2,1, 8838
24,8839,1,1,0, 8840
16,8839,2,2,1, 8841
6,8840,2,2,1, 8842
13,8839,4,4,1, 8843
15,8841,2,2,1, 8843
7,8842,1,1,0, 8843
30,8843,3,3,1, 8846
8,8846,1,1,1, 8847
31,8846,2,2,1, 8848
9,8847,2,2,1, 8849
5,8847,3,3,1, 8850
24,8849,1,1,0, 8850
29,8848,4,4,1, 8852
17,8849,3,3,1, 8852
13,8849,4,4,1, 8853
7,8852,1,1,1, 8853
30,8853,3,3,1, 8856
25,8855,2,2,1, 8857
1,8856,1,1,0, 8857
8,8856,1,1,0, 8857
31,8856,2,2,1, 8858
24,8859,1,1,0, 8860
13,8859,4,4,1, 8863
7,8862,1,1,1, 8863
25,8865,2,2,1, 8867
1,8866,1,1,1, 8867
8,8866,1,1,0, 8867
5,8867,3,3,1, 8870
24,8869,1,1,0, 8870
16,8869,2,2,1, 8871
29,8868,4,4,1, 8872
14,8869,3,3,1, 8872
7,8872,1,1,0, 8873
1,8876,1,1,0, 8877
8,8876,1,1,0, 8877
31,8876,2,2,1, 8878
9,8877,2,2,1, 8879
24,8879,1,1,1, 8880
29,8878,4,4,1, 8882
6,8880,2,2,1, 8882
15,8881,2,2,1, 8883
1,8886,1,1,1, 8887
8,8886,1,1,0, 8887
24,8889,1,1,1, 8890
23,8888,3,3,1, 8891
16,8889,2,2,1, 8891
14,8889,3,3,1, 8892
15,8891,2,2,1, 8893
25,8895,2,2,1, 8897
1,8896,1,1,0, 8897
8,8896,1,1,0, 8897
9,8897,2,2,1, 8899
24,8899,1,1,0, 8900
16,8899,2,2,1, 8901
14,8899,3,3,1, 8902
18,8903,4,4,1, 8907
25,8905,2,2,1, 8907
1,8906,1,1,1, 8907
8,8906,1,1,0, 8907
9,8907,2,2,1, 8909
24,8909,1,1,0, 8910
15,8911,2,2,1, 8913
18,8913,4,4,1, 8917
25,8915,2,2,1, 8917
1,8916,1,1,1, 8917
8,8916,1,1,1, 8917
26,8917,3,3,1, 8920
24,8919,1,1,1, 8920
23,8918,3,3,1, 8921
16,8919,2,2,1, 8921
1,8926,1,1,1, 8927
24,8929,1,1,0, 8930
25,8935,2,2,1, 8937
1,8936,1,1,1, 8937
9,8937,2,2,1, 8939
24,8939,1,1,0, 8940
17,8939,3,3,1, 8942
2,8943,2,2,1, 8945
27,8942,4,4,1, 8946
18,8943,4,4,1, 8947
24,8949,1,1,1, 8950
24,8959,1,1,0, 8960
24,8969,1,1,0, 8970
24,8979,1,1,0, 8980
31,8986,2,2,1, 8988
24,8989,1,1,0, 8990
7,8992,1,1,0, 8993
24,8999,1,1,0, 9000
7,9002,1,1,0, 9003
31,9006,2,2,1, 9008
24,9009,1,1,0, 9010
7,9012,1,1,0, 9013
24,9019,1,1,1, 9020
7,9022,1,1,0, 9023
8,9026,1,1,1, 9027
24,9029,1,1,0, 9030
21,9027,5,5,1, 9032
7,9032,1,1,1, 9033
8,9036,1,1,1, 9037
31,9036,2,2,1, 9038
24,9039,1,1,1, 9040
16,9039,2,2,1, 9041
21,9037,5,5,1, 9042
7,9042,1,1,0, 9043
8,9046,1,1,0, 9047
22,9046,4,4,1, 9050
24,9049,1,1,1, 9050
23,9048,3,3,1, 9051
7,9052,1,1,1, 9053
1,9056,1,1,0, 9057
8,9056,1,1,0, 9057
24,9059,1,1,0, 9060
7,9062,1,1,1, 9063
25,9065,2,2,1, 9067
1,9066,1,1,1, 9067
8,9066,1,1,1, 9067
31,9066,2,2,1, 9068
5,9067,3,3,1, 9070
24,9069,1,1,0, 9070
7,9072,1,1,0, 9073
30,9073,3,3,1, 9076
1,9076,1,1,0, 9077
8,9076,1,1,0, 9077
5,9077,3,3,1, 9080
24,9079,1,1,1, 9080
7,9082,1,1,1, 9083
2,9083,2,2,1, 9085
1,9086,1,1,0, 9087
8,9086,1,1,0, 9087
24,9089,1,1,1, 9090
7,9092,1,1,1, 9093
30,9093,3,3,1, 9096
1,9096,1,1,0, 9097
8,9096,1,1,1, 9097
9,9097,2,2,1, 9099
24,9099,1,1,0, 9100
17,9099,3,3,1, 9102
6,9100,2,2,1, 9102
7,9102,1,1,0, 9103
18,9103,4,4,1, 9107
1,9106,1,1,0, 9107
8,9106,1,1,1, 9107
26,9107,3,3,1, 9110
24,9109,1,1,1, 9110
19,9106,5,5,1, 9111
29,9108,4,4,1, 9112
17,9109,3,3,1, 9112
6,9110,2,2,1, 9112
7,9112,1,1,1, 9113
27,9112,4,4,1, 9116
1,9116,1,1,1, 9117
8,9116,1,1,0, 9117
11,9114,4,4,1, 9118
24,9119,1,1,1, 9120
7,9122,1,1,0, 9123
27,9122,4,4,1, 9126
18,9123,4,4,1, 9127
25,9125,2,2,1, 9127
1,9126,1,1,0, 9127
8,9126,1,1,1, 9127
11,9124,4,4,1, 9128
31,9126,2,2,1, 9128
9,9127,2,2,1, 9129
3,9127,3,3,1, 9130
24,9129,1,1,0, 9130
29,9128,4,4,1, 9132
6,9130,2,2,1, 9132
7,9132,1,1,0, 9133
8,9136,1,1,1, 9137
5,9137,3,3,1, 9140
24,9139,1,1,1, 9140
14,9139,3,3,1, 9142
6,9140,2,2,1, 9142
13,9139,4,4,1, 9143
7,9142,1,1,0, 9143
30,9143,3,3,1, 9146
8,9146,1,1,0, 9147
31,9146,2,2,1, 9148
5,9147,3,3,1, 9150
24,9149,1,1,0, 9150
14,9149,3,3,1, 9152
13,9149,4,4,1, 9153
7,9152,1,1,1, 9153
8,9156,1,1,0, 9157
24,9159,1,1,0, 9160
14,9159,3,3,1, 9162
6,9160,2,2,1, 9162
13,9159,4,4,1, 9163
15,9161,2,2,1, 9163
7,9162,1,1,0, 9163
30,9163,3,3,1, 9166
8,9166,1,1,0, 9167
24,9169,1,1,0, 9170
14,9169,3,3,1, 9172
13,9169,4,4,1, 9173
15,9171,2,2,1, 9173
8,9176,1,1,0, 9177
24,9179,1,1,0, 9180
14,9179,3,3,1, 9182
8,9186,1,1,0, 9187
24,9189,1,1,1, 9190
16,9189,2,2,1, 9191
8,9196,1,1,0, 9197
24,9199,1,1,0, 9200
16,9199,2,2,1, 9201
14,9199,3,3,1, 9202
13,9199,4,4,1, 9203
15,9201,2,2,1, 9203
8,9206,1,1,0, 9207
24,9209,1,1,1, 9210
15,9211,2,2,1, 9213
24,9219,1,1,1, 9220
24,9229,1,1,0, 9230
25,9235,2,2,1, 9237
1,9236,1,1,0, 9237
24,9239,1,1,1, 9240
1,9246,1,1,1, 9247
24,9249,1,1,0, 9250
1,9256,1,1,1, 9257
9,9257,2,2,1, 9259
26,9257,3,3,1, 9260
24,9259,1,1,0, 9260
2,9263,2,2,1, 9265
25,9265,2,2,1, 9267
1,9266,1,1,0, 9267
9,9267,2,2,1, 9269
26,9267,3,3,1, 9270
24,9269,1,1,1, 9270
17,9269,3,3,1, 9272
7,9272,1,1,1, 9273
18,9273,4,4,1, 9277
1,9276,1,1,0, 9277
9,9277,2,2,1, 9279
24,9279,1,1,0, 9280
17,9279,3,3,1, 9282
7,9282,1,1,1, 9283
2,9283,2,2,1, 9285
18,9283,4,4,1, 9287
25,9285,2,2,1, 9287
1,9286,1,1,1, 9287
11,9284,4,4,1, 9288
31,9286,2,2,1, 9288
20,9283,6,6,1, 9289
24,9289,1,1,1, 9290
7,9292,1,1,1, 9293
30,9293,3,3,1, 9296
31,9296,2,2,1, 9298
5,9297,3,3,1, 9300
24,9299,1,1,1, 9300
29,9298,4,4,1, 9302
7,9302,1,1,1, 9303
30,9303,3,3,1, 9306
31,9306,2,2,1, 9308
24,9309,1,1,0, 9310
6,9310,2,2,1, 9312
7,9312,1,1,1, 9313
5,9317,3,3,1, 9320
24,9319,1,1,1, 9320
15,9321,2,2,1, 9323
7,9322,1,1,0, 9323
30,9323,3,3,1, 9326
8,9326,1,1,0, 9327
31,9326,2,2,1, 9328
5,9327,3,3,1, 9330
24,9329,1,1,1, 9330
23,9328,3,3,1, 9331
16,9329,2,2,1, 9331
6,9330,2,2,1, 9332
13,9329,4,4,1, 9333
7,9332,1,1,0, 9333
30,9333,3,3,1, 9336
8,9336,1,1,1, 9337
24,9339,1,1,0, 9340
23,9338,3,3,1, 9341
16,9339,2,2,1, 9341
15,9341,2,2,1, 9343
7,9342,1,1,0, 9343
30,9343,3,3,1, 9346
8,9346,1,1,0, 9347
24,9349,1,1,0, 9350
23,9348,3,3,1, 9351
16,9349,2,2,1, 9351
21,9347,5,5,1, 9352
14,9349,3,3,1, 9352
6,9350,2,2,1, 9352
13,9349,4,4,1, 9353
15,9351,2,2,1, 9353
7,9352,1,1,0, 9353
30,9353,3,3,1, 9356
8,9356,1,1,1, 9357
31,9356,2,2,1, 9358
22,9356,4,4,1, 9360
24,9359,1,1,1, 9360
14,9359,3,3,1, 9362
13,9359,4,4,1, 9363
8,9366,1,1,1, 9367
24,9369,1,1,1, 9370
21,9367,5,5,1, 9372
24,9379,1,1,0, 9380
24,9389,1,1,1, 9390
1,9396,1,1,1, 9397
24,9399,1,1,0, 9400
1,9406,1,1,1, 9407
9,9407,2,2,1, 9409
24,9409,1,1,0, 9410
17,9409,3,3,1, 9412
25,9415,2,2,1, 9417
1,9416,1,1,0, 9417
24,9419,1,1,0, 9420
25,9425,2,2,1, 9427
1,9426,1,1,1, 9427
9,9427,2,2,1, 9429
24,9429,1,1,1, 9430
17,9429,3,3,1, 9432
18,9433,4,4,1, 9437
25,9435,2,2,1, 9437
1,9436,1,1,1, 9437
26,9437,3,3,1, 9440
24,9439,1,1,1, 9440
17,9439,3,3,1, 9442
18,9443,4,4,1, 9447
25,9445,2,2,1, 9447
1,9446,1,1,1, 9447
9,9447,2,2,1, 9449
24,9449,1,1,0, 9450
2,9453,2,2,1, 9455
1,9456,1,1,1, 9457
24,9459,1,1,1, 9460
7,9462,1,1,0, 9463
2,9463,2,2,1, 9465
18,9463,4,4,1, 9467
1,9466,1,1,0, 9467
31,9466,2,2,1, 9468
9,9467,2,2,1, 9469
26,9467,3,3,1, 9470
24,9469,1,1,0, 9470
7,9472,1,1,1, 9473
8,9476,1,1,1, 9477
31,9476,2,2,1, 9478
24,9479,1,1,0, 9480
15,9481,2,2,1, 9483
7,9482,1,1,1, 9483
8,9486,1,1,1, 9487
24,9489,1,1,1, 9490
14,9489,3,3,1, 9492
15,9491,2,2,1, 9493
7,9492,1,1,0, 9493
8,9496,1,1,0, 9497
24,9499,1,1,0, 9500
14,9499,3,3,1, 9502
13,9499,4,4,1, 9503
15,9501,2,2,1, 9503
7,9502,1,1,0, 9503
8,9506,1,1,0, 9507
24,9509,1,1,1, 9510
6,9510,2,2,1, 9512
13,9509,4,4,1, 9513
15,9511,2,2,1, 9513
7,9512,1,1,0, 9513
8,9516,1,1,0, 9517
31,9516,2,2,1, 9518
22,9516,4,4,1, 9520
24,9519,1,1,1, 9520
23,9518,3,3,1, 9521
16,9519,2,2,1, 9521
21,9517,5,5,1, 9522
6,9520,2,2,1, 9522
13,9519,4,4,1, 9523
15,9521,2,2,1, 9523
7,9522,1,1,0, 9523
30,9523,3,3,1, 9526
8,9526,1,1,0, 9527
31,9526,2,2,1, 9528
22,9526,4,4,1, 9530
24,9529,1,1,1, 9530
23,9528,3,3,1, 9531
16,9529,2,2,1, 9531
6,9530,2,2,1, 9532
7,9532,1,1,1, 9533
30,9533,3,3,1, 9536
24,9539,1,1,1, 9540
29,9538,4,4,1, 9542
6,9540,2,2,1, 9542
7,9542,1,1,1, 9543
30,9543,3,3,1, 9546
24,9549,1,1,1, 9550
29,9548,4,4,1, 9552
7,9552,1,1,0, 9553
5,9557,3,3,1, 9560
24,9559,1,1,0, 9560
6,9560,2,2,1, 9562
7,9562,1,1,0, 9563
30,9563,3,3,1, 9566
5,9567,3,3,1, 9570
24,9569,1,1,0, 9570
6,9570,2,2,1, 9572
25,9575,2,2,1, 9577
1,9576,1,1,0, 9577
24,9579,1,1,0, 9580
25,9585,2,2,1, 9587
1,9586,1,1,0, 9587
24,9589,1,1,1, 9590
17,9589,3,3,1, 9592
25,9595,2,2,1, 9597
1,9596,1,1,1, 9597
24,9599,1,1,0, 9600
17,9599,3,3,1, 9602
25,9605,2,2,1, 9607
1,9606,1,1,1, 9607
9,9607,2,2,1, 9609
24,9609,1,1,0, 9610
17,9609,3,3,1, 9612
1,9616,1,1,1, 9617
24,9619,1,1,1, 9620
17,9619,3,3,1, 9622
25,9625,2,2,1, 9627
1,9626,1,1,1, 9627
24,9629,1,1,1, 9630
17,9629,3,3,1, 9632
1,9636,1,1,1, 9637
8,9636,1,1,0, 9637
9,9637,2,2,1, 9639
26,9637,3,3,1, 9640
24,9639,1,1,1, 9640
16,9639,2,2,1, 9641
17,9639,3,3,1, 9642
15,9641,2,2,1, 9643
2,9643,2,2,1, 9645
27,9642,4,4,1, 9646
18,9643,4,4,1, 9647
25,9645,2,2,1, 9647
1,9646,1,1,0, 9647
8,9646,1,1,0, 9647
4,9646,4,4,1, 9650
24,9649,1,1,0, 9650
23,9648,3,3,1, 9651
15,9651,2,2,1, 9653
8,9656,1,1,0, 9657
24,9659,1,1,0, 9660
23,9658,3,3,1, 9661
16,9659,2,2,1, 9661
21,9657,5,5,1, 9662
14,9659,3,3,1, 9662
13,9659,4,4,1, 9663
8,9666,1,1,0, 9667
24,9669,1,1,0, 9670
23,9668,3,3,1, 9671
14,9669,3,3,1, 9672
8,9676,1,1,1, 9677
24,9679,1,1,1, 9680
23,9678,3,3,1, 9681
16,9679,2,2,1, 9681
13,9679,4,4,1, 9683
15,9681,2,2,1, 9683
7,9682,1,1,1, 9683
31,9686,2,2,1, 9688
24,9689,1,1,0, 9690
7,9692,1,1,1, 9693
24,9699,1,1,1, 9700
7,9702,1,1,1, 9703
24,9709,1,1,0, 9710
7,9712,1,1,1, 9713
31,9716,2,2,1, 9718
24,9719,1,1,0, 9720
7,9722,1,1,0, 9723
31,9726,2,2,1, 9728
24,9729,1,1,0, 9730
29,9728,4,4,1, 9732
6,9730,2,2,1, 9732
7,9732,1,1,0, 9733
31,9736,2,2,1, 9738
24,9739,1,1,0, 9740
29,9738,4,4,1, 9742
7,9742,1,1,0, 9743
24,9749,1,1,1, 9750
7,9752,1,1,1, 9753
1,9756,1,1,1, 9757
31,9756,2,2,1, 9758
5,9757,3,3,1, 9760
26,9757,3,3,1, 9760
24,9759,1,1,1, 9760
29,9758,4,4,1, 9762
7,9762,1,1,0, 9763
27,9762,4,4,1, 9766
1,9766,1,1,0, 9767
28,9764,5,5,1, 9769
9,9767,2,2,1, 9769
4,9766,4,4,1, 9770
24,9769,1,1,1, 9770
17,9769,3,3,1, 9772
6,9770,2,2,1, 9772
7,9772,1,1,0, 9773
12,9770,5,5,1, 9775
2,9773,2,2,1, 9775
25,9775,2,2,1, 9777
1,9776,1,1,1, 9777
11,9774,4,4,1, 9778
5,9777,3,3,1, 9780
24,9779,1,1,0, 9780
7,9782,1,1,1, 9783
25,9785,2,2,1, 9787
1,9786,1,1,0, 9787
8,9786,1,1,0, 9787
9,9787,2,2,1, 9789
22,9786,4,4,1, 9790
24,9789,1,1,0, 9790
29,9788,4,4,1, 9792
17,9789,3,3,1, 9792
6,9790,2,2,1, 9792
7,9792,1,1,0, 9793
25,9795,2,2,1, 9797
1,9796,1,1,0, 9797
8,9796,1,1,1, 9797
9,9797,2,2,1, 9799
5,9797,3,3,1, 9800
24,9799,1,1,0, 9800
16,9799,2,2,1, 9801
29,9798,4,4,1, 9802
6,9800,2,2,1, 9802
13,9799,4,4,1, 9803
15,9801,2,2,1, 9803
7,9802,1,1,1, 9803
25,9805,2,2,1, 9807
1,9806,1,1,1, 9807
8,9806,1,1,0, 9807
9,9807,2,2,1, 9809
24,9809,1,1,1, 9810
23,9808,3,3,1, 9811
21,9807,5,5,1, 9812
14,9809,3,3,1, 9812
6,9810,2,2,1, 9812
15,9811,2,2,1, 9813
7,9812,1,1,0, 9813
8,9816,1,1,0, 9817
5,9817,3,3,1, 9820
24,9819,1,1,1, 9820
23,9818,3,3,1, 9821
21,9817,5,5,1, 9822
14,9819,3,3,1, 9822
6,9820,2,2,1, 9822
15,9821,2,2,1, 9823
7,9822,1,1,0, 9823
30,9823,3,3,1, 9826
8,9826,1,1,1, 9827
24,9829,1,1,1, 9830
14,9829,3,3,1, 9832
15,9831,2,2,1, 9833
8,9836,1,1,0, 9837
24,9839,1,1,1, 9840
15,9841,2,2,1, 9843
8,9846,1,1,0, 9847
24,9849,1,1,0, 9850
13,9849,4,4,1, 9853
8,9856,1,1,1, 9857
24,9859,1,1,0, 9860
15,9861,2,2,1, 9863
8,9866,1,1,0, 9867
24,9869,1,1,0, 9870
13,9869,4,4,1, 9873
24,9879,1,1,1, 9880
24,9889,1,1,0, 9890
24,9899,1,1,1, 9900
24,9909,1,1,0, 9910
18,9913,4,4,1, 9917
25,9915,2,2,1, 9917
1,9916,1,1,0, 9917
24,9919,1,1,1, 9920
2,9923,2,2,1, 9925
1,9926,1,1,0, 9927
24,9929,1,1,0, 9930
7,9932,1,1,0, 9933
18,9933,4,4,1, 9937
1,9936,1,1,0, 9937
31,9936,2,2,1, 9938
24,9939,1,1,1, 9940
7,9942,1,1,1, 9943
2,9943,2,2,1, 9945
25,9945,2,2,1, 9947
1,9946,1,1,0, 9947
31,9946,2,2,1, 9948
3,9947,3,3,1, 9950
26,9947,3,3,1, 9950
24,9949,1,1,1, 9950
19,9946,5,5,1, 9951
7,9952,1,1,0, 9953
2,9953,2,2,1, 9955
27,9952,4,4,1, 9956
1,9956,1,1,0, 9957
11,9954,4,4,1, 9958
9,9957,2,2,1, 9959
3,9957,3,3,1, 9960
24,9959,1,1,0, 9960
19,9956,5,5,1, 9961
17,9959,3,3,1, 9962
7,9962,1,1,0, 9963
31,9966,2,2,1, 9968
24,9969,1,1,1, 9970
7,9972,1,1,1, 9973
24,9979,1,1,1, 9980
7,9982,1,1,1, 9983
8,9986,1,1,1, 9987
31,9986,2,2,1, 9988
24,9989,1,1,1, 9990
23,9988,3,3,1, 9991
16,9989,2,2,1, 9991
21,9987,5,5,1, 9992
7,9992,1,1,0, 9993
30,9993,3,3,1, 9996
8,9996,1,1,1, 9997
31,9996,2,2,1, 9998
22,9996,4,4,1, 10000
24,9999,1,1,0, 10000
16,9999,2,2,1, 10001
7,10002,1,1,0, 10003
30,10003,3,3,1, 10006
8,10006,1,1,1, 10007
24,10009,1,1,1, 10010
23,10008,3,3,1, 10011
21,10007,5,5,1, 10012
7,10012,1,1,1, 10013
30,10013,3,3,1, 10016
8,10016,1,1,1, 10017
31,10016,2,2,1, 10018
22,10016,4,4,1, 10020
24,10019,1,1,0, 10020
23,10018,3,3,1, 10021
16,10019,2,2,1, 10021
6,10020,2,2,1, 10022
13,10019,4,4,1, 10023
15,10021,2,2,1, 10023
7,10022,1,1,1, 10023
8,10026,1,1,1, 10027
31,10026,2,2,1, 10028
24,10029,1,1,0, 10030
16,10029,2,2,1, 10031
14,10029,3,3,1, 10032
6,10030,2,2,1, 10032
7,10032,1,1,0, 10033
8,10036,1,1,0, 10037
24,10039,1,1,0, 10040
7,10042,1,1,1, 10043
30,10043,3,3,1, 10046
8,10046,1,1,1, 10047
31,10046,2,2,1, 10048
24,10049,1,1,1, 10050
14,10049,3,3,1, 10052
6,10050,2,2,1, 10052
15,10051,2,2,1, 10053
7,10052,1,1,1, 10053
8,10056,1,1,0, 10057
31,10056,2,2,1, 10058
24,10059,1,1,1, 10060
15,10061,2,2,1, 10063
7,10062,1,1,0, 10063
30,10063,3,3,1, 10066
1,10066,1,1,0, 10067
8,10066,1,1,1, 10067
31,10066,2,2,1, 10068
9,10067,2,2,1, 10069
24,10069,1,1,1, 10070
7,10072,1,1,0, 10073
30,10073,3,3,1, 10076
25,10075,2,2,1, 10077
1,10076,1,1,0, 10077
8,10076,1,1,0, 10077
24,10079,1,1,0, 10080
29,10078,4,4,1, 10082
13,10079,4,4,1, 10083
1,10086,1,1,0, 10087
24,10089,1,1,1, 10090
18,10093,4,4,1, 10097
25,10095,2,2,1, 10097
1,10096,1,1,0, 10097
9,10097,2,2,1, 10099
26,10097,3,3,1, 10100
24,10099,1,1,1, 10100
17,10099,3,3,1, 10102
2,10103,2,2,1, 10105
25,10105,2,2,1, 10107
1,10106,1,1,1, 10107
26,10107,3,3,1, 10110
24,10109,1,1,1, 10110
17,10109,3,3,1, 10112
1,10116,1,1,0, 10117
26,10117,3,3,1, 10120
24,10119,1,1,0, 10120
17,10119,3,3,1, 10122
1,10126,1,1,0, 10127
24,10129,1,1,1, 10130
17,10129,3,3,1, 10132
12,10130,5,5,1, 10135
27,10132,4,4,1, 10136
18,10133,4,4,1, 10137
1,10136,1,1,1, 10137
11,10134,4,4,1, 10138
24,10139,1,1,1, 10140
24,10149,1,1,1, 10150
24,10159,1,1,1, 10160
24,10169,1,1,0, 10170
24,10179,1,1,0, 10180
24,10189,1,1,1, 10190
23,10188,3,3,1, 10191
15,10191,2,2,1, 10193
7,10192,1,1,0, 10193
8,10196,1,1,1, 10197
24,10199,1,1,0, 10200
21,10197,5,5,1, 10202
13,10199,4,4,1, 10203
7,10202,1,1,1, 10203
8,10206,1,1,0, 10207
22,10206,4,4,1, 10210
24,10209,1,1,0, 10210
23,10208,3,3,1, 10211
16,10209,2,2,1, 10211
21,10207,5,5,1, 10212
14,10209,3,3,1, 10212
13,10209,4,4,1, 10213
7,10212,1,1,0, 10213
8,10216,1,1,1, 10217
24,10219,1,1,0, 10220
23,10218,3,3,1, 10221
21,10217,5,5,1, 10222
13,10219,4,4,1, 10223
7,10222,1,1,0, 10223
8,10226,1,1,1, 10227
24,10229,1,1,0, 10230
13,10229,4,4,1, 10233
7,10232,1,1,1, 10233
8,10236,1,1,1, 10237
31,10236,2,2,1, 10238
24,10239,1,1,1, 10240
14,10239,3,3,1, 10242
13,10239,4,4,1, 10243
7,10242,1,1,1, 10243
8,10246,1,1,1, 10247
31,10246,2,2,1, 10248
24,10249,1,1,1, 10250
13,10249,4,4,1, 10253
7,10252,1,1,1, 10253
25,10255,2,2,1, 10257
1,10256,1,1,0, 10257
31,10256,2,2,1, 10258
9,10257,2,2,1, 10259
24,10259,1,1,0, 10260
7,10262,1,1,0, 10263
25,10265,2,2,1, 10267
1,10266,1,1,1, 10267
31,10266,2,2,1, 10268
5,10267,3,3,1, 10270
24,10269,1,1,0, 10270
29,10268,4,4,1, 10272
7,10272,1,1,1, 10273
30,10273,3,3,1, 10276
25,10275,2,2,1, 10277
1,10276,1,1,1, 10277
31,10276,2,2,1, 10278
26,10277,3,3,1, 10280
24,10279,1,1,0, 10280
17,10279,3,3,1, 10282
7,10282,1,1,0, 10283
18,10283,4,4,1, 10287
25,10285,2,2,1, 10287
1,10286,1,1,1, 10287
31,10286,2,2,1, 10288
5,10287,3,3,1, 10290
26,10287,3,3,1, 10290
24,10289,1,1,1, 10290
17,10289,3,3,1, 10292
7,10292,1,1,0, 10293
1,10296,1,1,1, 10297
31,10296,2,2,1, 10298
9,10297,2,2,1, 10299
5,10297,3,3,1, 10300
26,10297,3,3,1, 10300
24,10299,1,1,0, 10300
29,10298,4,4,1, 10302
6,10300,2,2,1, 10302
7,10302,1,1,0, 10303
2,10303,2,2,1, 10305
30,10303,3,3,1, 10306
18,10303,4,4,1, 10307
25,10305,2,2,1, 10307
1,10306,1,1,1, 10307
9,10307,2,2,1, 10309
24,10309,1,1,1, 10310
29,10308,4,4,1, 10312
7,10312,1,1,0, 10313
2,10313,2,2,1, 10315
18,10313,4,4,1, 10317
5,10317,3,3,1, 10320
24,10319,1,1,1, 10320
29,10318,4,4,1, 10322
24,10329,1,1,1, 10330
24,10339,1,1,1, 10340
24,10349,1,1,0, 10350
24,10359,1,1,1, 10360
8,10366,1,1,0, 10367
24,10369,1,1,0, 10370
16,10369,2,2,1, 10371
8,10376,1,1,1, 10377
24,10379,1,1,0, 10380
8,10386,1,1,1, 10387
24,10389,1,1,0, 10390
8,10396,1,1,0, 10397
24,10399,1,1,1, 10400
8,10406,1,1,0, 10407
24,10409,1,1,0, 10410
16,10409,2,2,1, 10411
8,10416,1,1,1, 10417
24,10419,1,1,1, 10420
16,10419,2,2,1, 10421
1,10426,1,1,1, 10427
8,10426,1,1,1, 10427
9,10427,2,2,1, 10429
24,10429,1,1,0, 10430
14,10429,3,3,1, 10432
17,10429,3,3,1, 10432
13,10429,4,4,1, 10433
15,10431,2,2,1, 10433
7,10432,1,1,0, 10433
1,10436,1,1,0, 10437
8,10436,1,1,0, 10437
31,10436,2,2,1, 10438
24,10439,1,1,0, 10440
14,10439,3,3,1, 10442
17,10439,3,3,1, 10442
15,10441,2,2,1, 10443
7,10442,1,1,0, 10443
25,10445,2,2,1, 10447
1,10446,1,1,0, 10447
8,10446,1,1,0, 10447
31,10446,2,2,1, 10448
24,10449,1,1,0, 10450
14,10449,3,3,1, 10452
13,10449,4,4,1, 10453
7,10452,1,1,0, 10453
25,10455,2,2,1, 10457
1,10456,1,1,0, 10457
8,10456,1,1,0, 10457
9,10457,2,2,1, 10459
24,10459,1,1,0, 10460
16,10459,2,2,1, 10461
17,10459,3,3,1, 10462
7,10462,1,1,0, 10463
25,10465,2,2,1, 10467
1,10466,1,1,0, 10467
8,10466,1,1,1, 10467
24,10469,1,1,1, 10470
16,10469,2,2,1, 10471
29,10468,4,4,1, 10472
17,10469,3,3,1, 10472
15,10471,2,2,1, 10473
7,10472,1,1,0, 10473
30,10473,3,3,1, 10476
1,10476,1,1,1, 10477
8,10476,1,1,1, 10477
9,10477,2,2,1, 10479
24,10479,1,1,0, 10480
29,10478,4,4,1, 10482
17,10479,3,3,1, 10482
6,10480,2,2,1, 10482
7,10482,1,1,1, 10483
18,10483,4,4,1, 10487
1,10486,1,1,1, 10487
8,10486,1,1,1, 10487
9,10487,2,2,1, 10489
26,10487,3,3,1, 10490
24,10489,1,1,1, 10490
16,10489,2,2,1, 10491
29,10488,4,4,1, 10492
17,10489,3,3,1, 10492
15,10491,2,2,1, 10493
7,10492,1,1,0, 10493
2,10493,2,2,1, 10495
18,10493,4,4,1, 10497
25,10495,2,2,1, 10497
1,10496,1,1,0, 10497
8,10496,1,1,0, 10497
31,10496,2,2,1, 10498
9,10497,2,2,1, 10499
22,10496,4,4,1, 10500
5,10497,3,3,1, 10500
24,10499,1,1,1, 10500
23,10498,3,3,1, 10501
16,10499,2,2,1, 10501
21,10497,5,5,1, 10502
29,10498,4,4,1, 10502
7,10502,1,1,1, 10503
31,10506,2,2,1, 10508
24,10509,1,1,1, 10510
29,10508,4,4,1, 10512
6,10510,2,2,1, 10512
7,10512,1,1,0, 10513
30,10513,3,3,1, 10516
31,10516,2,2,1, 10518
5,10517,3,3,1, 10520
24,10519,1,1,1, 10520
29,10518,4,4,1, 10522
6,10520,2,2,1, 10522
24,10529,1,1,1, 10530
24,10539,1,1,0, 10540
24,10549,1,1,1, 10550
24,10559,1,1,1, 10560
24,10569,1,1,1, 10570
24,10579,1,1,0, 10580
24,10589,1,1,0, 10590
24,10599,1,1,1, 10600
8,10606,1,1,1, 10607
9,10607,2,2,1, 10609
24,10609,1,1,1, 10610
23,10608,3,3,1, 10611
21,10607,5,5,1, 10612
14,10609,3,3,1, 10612
13,10609,4,4,1, 10613
1,10616,1,1,0, 10617
8,10616,1,1,1, 10617
9,10617,2,2,1, 10619
24,10619,1,1,0, 10620
23,10618,3,3,1, 10621
16,10619,2,2,1, 10621
21,10617,5,5,1, 10622
14,10619,3,3,1, 10622
17,10619,3,3,1, 10622
15,10621,2,2,1, 10623
1,10626,1,1,1, 10627
8,10626,1,1,0, 10627
31,10626,2,2,1, 10628
24,10629,1,1,0, 10630
14,10629,3,3,1, 10632
13,10629,4,4,1, 10633
15,10631,2,2,1, 10633
7,10632,1,1,0, 10633
25,10635,2,2,1, 10637
1,10636,1,1,1, 10637
8,10636,1,1,0, 10637
24,10639,1,1,1, 10640
14,10639,3,3,1, 10642
13,10639,4,4,1, 10643
15,10641,2,2,1, 10643
7,10642,1,1,0, 10643
1,10646,1,1,1, 10647
8,10646,1,1,1, 10647
24,10649,1,1,1, 10650
13,10649,4,4,1, 10653
7,10652,1,1,1, 10653
25,10655,2,2,1, 10657
1,10656,1,1,1, 10657
9,10657,2,2,1, 10659
24,10659,1,1,0, 10660
17,10659,3,3,1, 10662
7,10662,1,1,1, 10663
2,10663,2,2,1, 10665
1,10666,1,1,0, 10667
24,10669,1,1,1, 10670
7,10672,1,1,1, 10673
2,10673,2,2,1, 10675
18,10673,4,4,1, 10677
1,10676,1,1,0, 10677
31,10676,2,2,1, 10678
26,10677,3,3,1, 10680
24,10679,1,1,1, 10680
7,10682,1,1,0, 10683
27,10682,4,4,1, 10686
1,10686,1,1,1, 10687
11,10684,4,4,1, 10688
28,10684,5,5,1, 10689
4,10686,4,4,1, 10690
26,10687,3,3,1, 10690
24,10689,1,1,0, 10690
19,10686,5,5,1, 10691
7,10692,1,1,1, 10693
31,10696,2,2,1, 10698
24,10699,1,1,1, 10700
7,10702,1,1,0, 10703
31,10706,2,2,1, 10708
5,10707,3,3,1, 10710
24,10709,1,1,1, 10710
7,10712,1,1,0, 10713
24,10719,1,1,0, 10720
6,10720,2,2,1, 10722
7,10722,1,1,0, 10723
31,10726,2,2,1, 10728
5,10727,3,3,1, 10730
24,10729,1,1,1, 10730
7,10732,1,1,1, 10733
31,10736,2,2,1, 10738
5,10737,3,3,1, 10740
24,10739,1,1,0, 10740
6,10740,2,2,1, 10742
7,10742,1,1,0, 10743
5,10747,3,3,1, 10750
24,10749,1,1,0, 10750
6,10750,2,2,1, 10752
7,10752,1,1,0, 10753
8,10756,1,1,1, 10757
31,10756,2,2,1, 10758
5,10757,3,3,1, 10760
24,10759,1,1,1, 10760
6,10760,2,2,1, 10762
7,10762,1,1,0, 10763
30,10763,3,3,1, 10766
8,10766,1,1,1, 10767
5,10767,3,3,1, 10770
24,10769,1,1,1, 10770
7,10772,1,1,1, 10773
30,10773,3,3,1, 10776
8,10776,1,1,0, 10777
31,10776,2,2,1, 10778
24,10779,1,1,0, 10780
29,10778,4,4,1, 10782
8,10786,1,1,1, 10787
24,10789,1,1,0, 10790
16,10789,2,2,1, 10791
8,10796,1,1,1, 10797
9,10797,2,2,1, 10799
24,10799,1,1,1, 10800
17,10799,3,3,1, 10802
25,10805,2,2,1, 10807
1,10806,1,1,1, 10807
8,10806,1,1,0, 10807
9,10807,2,2,1, 10809
24,10809,1,1,1, 10810
16,10809,2,2,1, 10811
17,10809,3,3,1, 10812
2,10813,2,2,1, 10815
25,10815,2,2,1, 10817
1,10816,1,1,1, 10817
8,10816,1,1,0, 10817
9,10817,2,2,1, 10819
24,10819,1,1,1, 10820
23,10818,3,3,1, 10821
1,10826,1,1,1, 10827
8,10826,1,1,1, 10827
9,10827,2,2,1, 10829
24,10829,1,1,1, 10830
23,10828,3,3,1, 10831
2,10833,2,2,1, 10835
27,10832,4,4,1, 10836
1,10836,1,1,0, 10837
8,10836,1,1,0, 10837
11,10834,4,4,1, 10838
24,10839,1,1,0, 10840
19,10836,5,5,1, 10841
25,10845,2,2,1, 10847
1,10846,1,1,1, 10847
8,10846,1,1,0, 10847
11,10844,4,4,1, 10848
3,10847,3,3,1, 10850
24,10849,1,1,0, 10850
14,10849,3,3,1, 10852
15,10851,2,2,1, 10853
8,10856,1,1,1, 10857
24,10859,1,1,0, 10860
23,10858,3,3,1, 10861
16,10859,2,2,1, 10861
13,10859,4,4,1, 10863
8,10866,1,1,0, 10867
24,10869,1,1,0, 10870
23,10868,3,3,1, 10871
14,10869,3,3,1, 10872
13,10869,4,4,1, 10873
8,10876,1,1,0, 10877
24,10879,1,1,1, 10880
8,10886,1,1,0, 10887
31,10886,2,2,1, 10888
24,10889,1,1,1, 10890
14,10889,3,3,1, 10892
15,10891,2,2,1, 10893
7,10892,1,1,1, 10893
8,10896,1,1,0, 10897
31,10896,2,2,1, 10898
24,10899,1,1,1, 10900
23,10898,3,3,1, 10901
15,10901,2,2,1, 10903
7,10902,1,1,1, 10903
8,10906,1,1,0, 10907
31,10906,2,2,1, 10908
22,10906,4,4,1, 10910
24,10909,1,1,0, 10910
23,10908,3,3,1, 10911
16,10909,2,2,1, 10911
7,10912,1,1,0, 10913
24,10919,1,1,1, 10920
29,10918,4,4,1, 10922
6,10920,2,2,1, 10922
7,10922,1,1,1, 10923
30,10923,3,3,1, 10926
31,10926,2,2,1, 10928
24,10929,1,1,1, 10930
6,10930,2,2,1, 10932
7,10932,1,1,1, 10933
30,10933,3,3,1, 10936
31,10936,2,2,1, 10938
5,10937,3,3,1, 10940
24,10939,1,1,1, 10940
29,10938,4,4,1, 10942
6,10940,2,2,1, 10942
7,10942,1,1,0, 10943
31,10946,2,2,1, 10948
24,10949,1,1,1, 10950
6,10950,2,2,1, 10952
7,10952,1,1,1, 10953
30,10953,3,3,1, 10956
1,10956,1,1,1, 10957
9,10957,2,2,1, 10959
5,10957,3,3,1, 10960
24,10959,1,1,0, 10960
6,10960,2,2,1, 10962
1,10966,1,1,0, 10967
9,10967,2,2,1, 10969
24,10969,1,1,1, 10970
17,10969,3,3,1, 10972
1,10976,1,1,0, 10977
9,10977,2,2,1, 10979
24,10979,1,1,1, 10980
17,10979,3,3,1, 10982
1,10986,1,1,0, 10987
24,10989,1,1,0, 10990
1,10996,1,1,0, 10997
24,10999,1,1,1, 11000
1,11006,1,1,1, 11007
24,11009,1,1,1, 11010
1,11016,1,1,1, 11017
8,11016,1,1,1, 11017
22,11016,4,4,1, 11020
24,11019,1,1,0, 11020
23,11018,3,3,1, 11021
16,11019,2,2,1, 11021
21,11017,5,5,1, 11022
13,11019,4,4,1, 11023
25,11025,2,2,1, 11027
1,11026,1,1,0, 11027
8,11026,1,1,0, 11027
22,11026,4,4,1, 11030
24,11029,1,1,1, 11030
19,11026,5,5,1, 11031
23,11028,3,3,1, 11031
16,11029,2,2,1, 11031
21,11027,5,5,1, 11032
14,11029,3,3,1, 11032
15,11031,2,2,1, 11033
2,11033,2,2,1, 11035
27,11032,4,4,1, 11036
18,11033,4,4,1, 11037
25,11035,2,2,1, 11037
1,11036,1,1,0, 11037
8,11036,1,1,0, 11037
11,11034,4,4,1, 11038
28,11034,5,5,1, 11039
26,11037,3,3,1, 11040
24,11039,1,1,1, 11040
19,11036,5,5,1, 11041
13,11039,4,4,1, 11043
27,11042,4,4,1, 11046
18,11043,4,4,1, 11047
25,11045,2,2,1, 11047
8,11046,1,1,0, 11047
24,11049,1,1,0, 11050
8,11056,1,1,1, 11057
24,11059,1,1,1, 11060
14,11059,3,3,1, 11062
13,11059,4,4,1, 11063
15,11061,2,2,1, 11063
8,11066,1,1,0, 11067
31,11066,2,2,1, 11068
24,11069,1,1,1, 11070
14,11069,3,3,1, 11072
13,11069,4,4,1, 11073
7,11072,1,1,0, 11073
24,11079,1,1,1, 11080
7,11082,1,1,1, 11083
24,11089,1,1,1, 11090
7,11092,1,1,0, 11093
24,11099,1,1,1, 11100
7,11102,1,1,1, 11103
31,11106,2,2,1, 11108
24,11109,1,1,1, 11110
7,11112,1,1,1, 11113
24,11119,1,1,0, 11120
6,11120,2,2,1, 11122
7,11122,1,1,1, 11123
24,11129,1,1,1, 11130
7,11132,1,1,0, 11133
24,11139,1,1,0, 11140
7,11142,1,1,1, 11143
30,11143,3,3,1, 11146
5,11147,3,3,1, 11150
24,11149,1,1,1, 11150
17,11149,3,3,1, 11152
6,11150,2,2,1, 11152
7,11152,1,1,0, 11153
1,11156,1,1,0, 11157
31,11156,2,2,1, 11158
5,11157,3,3,1, 11160
24,11159,1,1,0, 11160
17,11159,3,3,1, 11162
6,11160,2,2,1, 11162
7,11162,1,1,0, 11163
25,11165,2,2,1, 11167
1,11166,1,1,0, 11167
31,11166,2,2,1, 11168
24,11169,1,1,1, 11170
29,11168,4,4,1, 11172
6,11170,2,2,1, 11172
7,11172,1,1,1, 11173
30,11173,3,3,1, 11176
1,11176,1,1,1, 11177
8,11176,1,1,0, 11177
24,11179,1,1,1, 11180
13,11179,4,4,1, 11183
15,11181,2,2,1, 11183
7,11182,1,1,0, 11183
30,11183,3,3,1, 11186
25,11185,2,2,1, 11187
1,11186,1,1,1, 11187
8,11186,1,1,0, 11187
24,11189,1,1,1, 11190
6,11190,2,2,1, 11192
15,11191,2,2,1, 11193
7,11192,1,1,1, 11193
2,11193,2,2,1, 11195
30,11193,3,3,1, 11196
18,11193,4,4,1, 11197
1,11196,1,1,0, 11197
8,11196,1,1,1, 11197
5,11197,3,3,1, 11200
26,11197,3,3,1, 11200
24,11199,1,1,1, 11200
29,11198,4,4,1, 11202
14,11199,3,3,1, 11202
17,11199,3,3,1, 11202
13,11199,4,4,1, 11203
7,11202,1,1,0, 11203
30,11203,3,3,1, 11206
18,11203,4,4,1, 11207
1,11206,1,1,0, 11207
8,11206,1,1,1, 11207
31,11206,2,2,1, 11208
9,11207,2,2,1, 11209
26,11207,3,3,1, 11210
24,11209,1,1,0, 11210
16,11209,2,2,1, 11211
14,11209,3,3,1, 11212
17,11209,3,3,1, 11212
15,11211,2,2,1, 11213
7,11212,1,1,0, 11213
2,11213,2,2,1, 11215
30,11213,3,3,1, 11216
18,11213,4,4,1, 11217
1,11216,1,1,0, 11217
8,11216,1,1,0, 11217
26,11217,3,3,1, 11220
24,11219,1,1,0, 11220
16,11219,2,2,1, 11221
14,11219,3,3,1, 11222
17,11219,3,3,1, 11222
13,11219,4,4,1, 11223
8,11226,1,1,1, 11227
24,11229,1,1,1, 11230
16,11229,2,2,1, 11231
14,11229,3,3,1, 11232
8,11236,1,1,0, 11237
24,11239,1,1,0, 11240
23,11238,3,3,1, 11241
13,11239,4,4,1, 11243
8,11246,1,1,0, 11247
22,11246,4,4,1, 11250
24,11249,1,1,1, 11250
24,11259,1,1,1, 11260
24,11269,1,1,0, 11270
24,11279,1,1,0, 11280
24,11289,1,1,0, 11290
24,11299,1,1,0, 11300
24,11309,1,1,0, 11310
24,11319,1,1,1, 11320
7,11322,1,1,0, 11323
1,11326,1,1,0, 11327
31,11326,2,2,1, 11328
9,11327,2,2,1, 11329
24,11329,1,1,1, 11330
17,11329,3,3,1, 11332
7,11332,1,1,0, 11333
25,11335,2,2,1, 11337
1,11336,1,1,0, 11337
9,11337,2,2,1, 11339
24,11339,1,1,1, 11340
7,11342,1,1,0, 11343
25,11345,2,2,1, 11347
1,11346,1,1,0, 11347
24,11349,1,1,1, 11350
7,11352,1,1,1, 11353
1,11356,1,1,1, 11357
8,11356,1,1,1, 11357
9,11357,2,2,1, 11359
5,11357,3,3,1, 11360
24,11359,1,1,0, 11360
23,11358,3,3,1, 11361
16,11359,2,2,1, 11361
21,11357,5,5,1, 11362
29,11358,4,4,1, 11362
6,11360,2,2,1, 11362
15,11361,2,2,1, 11363
7,11362,1,1,1, 11363
25,11365,2,2,1, 11367
1,11366,1,1,0, 11367
8,11366,1,1,1, 11367
31,11366,2,2,1, 11368
24,11369,1,1,0, 11370
23,11368,3,3,1, 11371
16,11369,2,2,1, 11371
17,11369,3,3,1, 11372
6,11370,2,2,1, 11372
15,11371,2,2,1, 11373
7,11372,1,1,1, 11373
1,11376,1,1,1, 11377
8,11376,1,1,1, 11377
24,11379,1,1,1, 11380
23,11378,3,3,1, 11381
16,11379,2,2,1, 11381
17,11379,3,3,1, 11382
7,11382,1,1,0, 11383
18,11383,4,4,1, 11387
1,11386,1,1,0, 11387
8,11386,1,1,1, 11387
31,11386,2,2,1, 11388
9,11387,2,2,1, 11389
22,11386,4,4,1, 11390
26,11387,3,3,1, 11390
24,11389,1,1,0, 11390
21,11387,5,5,1, 11392
17,11389,3,3,1, 11392
13,11389,4,4,1, 11393
7,11392,1,1,0, 11393
2,11393,2,2,1, 11395
30,11393,3,3,1, 11396
18,11393,4,4,1, 11397
1,11396,1,1,0, 11397
8,11396,1,1,0, 11397
9,11397,2,2,1, 11399
24,11399,1,1,0, 11400
23,11398,3,3,1, 11401
16,11399,2,2,1, 11401
29,11398,4,4,1, 11402
17,11399,3,3,1, 11402
13,11399,4,4,1, 11403
15,11401,2,2,1, 11403
7,11402,1,1,0, 11403
31,11406,2,2,1, 11408
5,11407,3,3,1, 11410
24,11409,1,1,0, 11410
29,11408,4,4,1, 11412
7,11412,1,1,0, 11413
31,11416,2,2,1, 11418
24,11419,1,1,0, 11420
7,11422,1,1,0, 11423
30,11423,3,3,1, 11426
31,11426,2,2,1, 11428
24,11429,1,1,1, 11430
29,11428,4,4,1, 11432
7,11432,1,1,1, 11433
30,11433,3,3,1, 11436
31,11436,2,2,1, 11438
5,11437,3,3,1, 11440
24,11439,1,1,1, 11440
24,11449,1,1,0, 11450
24,11459,1,1,1, 11460
24,11469,1,1,1, 11470
24,11479,1,1,1, 11480
24,11489,1,1,0, 11490
24,11499,1,1,0, 11500
27,11502,4,4,1, 11506
1,11506,1,1,1, 11507
9,11507,2,2,1, 11509
3,11507,3,3,1, 11510
26,11507,3,3,1, 11510
24,11509,1,1,1, 11510
16,11509,2,2,1, 11511
25,11515,2,2,1, 11517
1,11516,1,1,0, 11517
8,11516,1,1,0, 11517
9,11517,2,2,1, 11519
22,11516,4,4,1, 11520
24,11519,1,1,1, 11520
21,11517,5,5,1, 11522
14,11519,3,3,1, 11522
17,11519,3,3,1, 11522
13,11519,4,4,1, 11523
15,11521,2,2,1, 11523
25,11525,2,2,1, 11527
1,11526,1,1,0, 11527
8,11526,1,1,1, 11527
9,11527,2,2,1, 11529
24,11529,1,1,0, 11530
16,11529,2,2,1, 11531
14,11529,3,3,1, 11532
17,11529,3,3,1, 11532
15,11531,2,2,1, 11533
25,11535,2,2,1, 11537
1,11536,1,1,1, 11537
8,11536,1,1,1, 11537
9,11537,2,2,1, 11539
24,11539,1,1,0, 11540
16,11539,2,2,1, 11541
13,11539,4,4,1, 11543
15,11541,2,2,1, 11543
25,11545,2,2,1, 11547
1,11546,1,1,1, 11547
8,11546,1,1,0, 11547
31,11546,2,2,1, 11548
9,11547,2,2,1, 11549
22,11546,4,4,1, 11550
24,11549,1,1,1, 11550
16,11549,2,2,1, 11551
21,11547,5,5,1, 11552
14,11549,3,3,1, 11552
7,11552,1,1,0, 11553
1,11556,1,1,1, 11557
9,11557,2,2,1, 11559
24,11559,1,1,1, 11560
7,11562,1,1,0, 11563
25,11565,2,2,1, 11567
1,11566,1,1,1, 11567
24,11569,1,1,0, 11570
17,11569,3,3,1, 11572
7,11572,1,1,1, 11573
1,11576,1,1,1, 11577
31,11576,2,2,1, 11578
9,11577,2,2,1, 11579
24,11579,1,1,1, 11580
6,11580,2,2,1, 11582
7,11582,1,1,0, 11583
30,11583,3,3,1, 11586
31,11586,2,2,1, 11588
5,11587,3,3,1, 11590
24,11589,1,1,0, 11590
29,11588,4,4,1, 11592
6,11590,2,2,1, 11592
7,11592,1,1,0, 11593
5,11597,3,3,1, 11600
24,11599,1,1,0, 11600
6,11600,2,2,1, 11602
7,11602,1,1,1, 11603
30,11603,3,3,1, 11606
5,11607,3,3,1, 11610
24,11609,1,1,1, 11610
29,11608,4,4,1, 11612
7,11612,1,1,0, 11613
30,11613,3,3,1, 11616
31,11616,2,2,1, 11618
5,11617,3,3,1, 11620
24,11619,1,1,0, 11620
6,11620,2,2,1, 11622
24,11629,1,1,0, 11630
24,11639,1,1,0, 11640
24,11649,1,1,0, 11650
8,11656,1,1,0, 11657
24,11659,1,1,1, 11660
8,11666,1,1,0, 11667
24,11669,1,1,0, 11670
8,11676,1,1,1, 11677
24,11679,1,1,0, 11680
1,11686,1,1,1, 11687
8,11686,1,1,0, 11687
24,11689,1,1,0, 11690
15,11691,2,2,1, 11693
1,11696,1,1,1, 11697
8,11696,1,1,1, 11697
9,11697,2,2,1, 11699
24,11699,1,1,0, 11700
14,11699,3,3,1, 11702
17,11699,3,3,1, 11702
15,11701,2,2,1, 11703
25,11705,2,2,1, 11707
1,11706,1,1,1, 11707
8,11706,1,1,0, 11707
24,11709,1,1,1, 11710
14,11709,3,3,1, 11712
15,11711,2,2,1, 11713
25,11715,2,2,1, 11717
1,11716,1,1,1, 11717
8,11716,1,1,1, 11717
9,11717,2,2,1, 11719
24,11719,1,1,0, 11720
14,11719,3,3,1, 11722
17,11719,3,3,1, 11722
13,11719,4,4,1, 11723
15,11721,2,2,1, 11723
1,11726,1,1,0, 11727
8,11726,1,1,1, 11727
9,11727,2,2,1, 11729
24,11729,1,1,0, 11730
7,11732,1,1,0, 11733
25,11735,2,2,1, 11737
1,11736,1,1,1, 11737
8,11736,1,1,1, 11737
24,11739,1,1,1, 11740
15,11741,2,2,1, 11743
7,11742,1,1,1, 11743
1,11746,1,1,1, 11747
8,11746,1,1,0, 11747
9,11747,2,2,1, 11749
22,11746,4,4,1, 11750
24,11749,1,1,1, 11750
21,11747,5,5,1, 11752
14,11749,3,3,1, 11752
17,11749,3,3,1, 11752
15,11751,2,2,1, 11753
7,11752,1,1,1, 11753
1,11756,1,1,1, 11757
8,11756,1,1,1, 11757
22,11756,4,4,1, 11760
24,11759,1,1,1, 11760
17,11759,3,3,1, 11762
13,11759,4,4,1, 11763
15,11761,2,2,1, 11763
7,11762,1,1,1, 11763
1,11766,1,1,0, 11767
8,11766,1,1,1, 11767
9,11767,2,2,1, 11769
26,11767,3,3,1, 11770
24,11769,1,1,0, 11770
16,11769,2,2,1, 11771
14,11769,3,3,1, 11772
7,11772,1,1,0, 11773
2,11773,2,2,1, 11775
1,11776,1,1,0, 11777
24,11779,1,1,1, 11780
19,11776,5,5,1, 11781
17,11779,3,3,1, 11782
7,11782,1,1,0, 11783
2,11783,2,2,1, 11785
27,11782,4,4,1, 11786
24,11789,1,1,0, 11790
6,11790,2,2,1, 11792
7,11792,1,1,1, 11793
31,11796,2,2,1, 11798
24,11799,1,1,1, 11800
7,11802,1,1,1, 11803
31,11806,2,2,1, 11808
5,11807,3,3,1, 11810
24,11809,1,1,1, 11810
7,11812,1,1,0, 11813
24,11819,1,1,0, 11820
29,11818,4,4,1, 11822
6,11820,2,2,1, 11822
7,11822,1,1,1, 11823
31,11826,2,2,1, 11828
24,11829,1,1,0, 11830
7,11832,1,1,1, 11833
31,11836,2,2,1, 11838
24,11839,1,1,0, 11840
29,11838,4,4,1, 11842
6,11840,2,2,1, 11842
7,11842,1,1,0, 11843
31,11846,2,2,1, 11848
5,11847,3,3,1, 11850
24,11849,1,1,1, 11850
29,11848,4,4,1, 11852
7,11852,1,1,0, 11853
31,11856,2,2,1, 11858
5,11857,3,3,1, 11860
24,11859,1,1,0, 11860
6,11860,2,2,1, 11862
7,11862,1,1,0, 11863
31,11866,2,2,1, 11868
5,11867,3,3,1, 11870
24,11869,1,1,0, 11870
29,11868,4,4,1, 11872
6,11870,2,2,1, 11872
7,11872,1,1,0, 11873
31,11876,2,2,1, 11878
22,11876,4,4,1, 11880
24,11879,1,1,0, 11880
21,11877,5,5,1, 11882
14,11879,3,3,1, 11882
13,11879,4,4,1, 11883
8,11886,1,1,0, 11887
24,11889,1,1,0, 11890
21,11887,5,5,1, 11892
14,11889,3,3,1, 11892
13,11889,4,4,1, 11893
1,11896,1,1,1, 11897
8,11896,1,1,0, 11897
24,11899,1,1,1, 11900
21,11897,5,5,1, 11902
25,11905,2,2,1, 11907
1,11906,1,1,1, 11907
8,11906,1,1,1, 11907
22,11906,4,4,1, 11910
24,11909,1,1,1, 11910
23,11908,3,3,1, 11911
14,11909,3,3,1, 11912
17,11909,3,3,1, 11912
1,11916,1,1,0, 11917
8,11916,1,1,1, 11917
9,11917,2,2,1, 11919
24,11919,1,1,1, 11920
23,11918,3,3,1, 11921
21,11917,5,5,1, 11922
13,11919,4,4,1, 11923
15,11921,2,2,1, 11923
18,11923,4,4,1, 11927
1,11926,1,1,1, 11927
8,11926,1,1,0, 11927
9,11927,2,2,1, 11929
22,11926,4,4,1, 11930
26,11927,3,3,1, 11930
24,11929,1,1,0, 11930
25,11935,2,2,1, 11937
1,11936,1,1,0, 11937
26,11937,3,3,1, 11940
24,11939,1,1,1, 11940
2,11943,2,2,1, 11945
1,11946,1,1,0, 11947
24,11949,1,1,1, 11950
25,11955,2,2,1, 11957
1,11956,1,1,1, 11957
9,11957,2,2,1, 11959
24,11959,1,1,1, 11960
2,11963,2,2,1, 11965
18,11963,4,4,1, 11967
1,11966,1,1,0, 11967
9,11967,2,2,1, 11969
26,11967,3,3,1, 11970
24,11969,1,1,1, 11970
17,11969,3,3,1, 11972
2,11973,2,2,1, 11975
25,11975,2,2,1, 11977
1,11976,1,1,0, 11977
24,11979,1,1,1, 11980
7,11982,1,1,0, 11983
18,11983,4,4,1, 11987
1,11986,1,1,1, 11987
24,11989,1,1,0, 11990
7,11992,1,1,0, 11993
25,11995,2,2,1, 11997
1,11996,1,1,0, 11997
31,11996,2,2,1, 11998
9,11997,2,2,1, 11999
24,11999,1,1,1, 12000
7,12002,1,1,0, 12003
31,12006,2,2,1, 12008
24,12009,1,1,1, 12010
7,12012,1,1,1, 12013
31,12016,2,2,1, 12018
24,12019,1,1,0, 12020
7,12022,1,1,0, 12023
31,12026,2,2,1, 12028
24,12029,1,1,0, 12030
7,12032,1,1,0, 12033
8,12036,1,1,1, 12037
24,12039,1,1,0, 12040
7,12042,1,1,1, 12043
8,12046,1,1,0, 12047
31,12046,2,2,1, 12048
24,12049,1,1,1, 12050
16,12049,2,2,1, 12051
7,12052,1,1,0, 12053
8,12056,1,1,0, 12057
31,12056,2,2,1, 12058
22,12056,4,4,1, 12060
24,12059,1,1,1, 12060
23,12058,3,3,1, 12061
14,12059,3,3,1, 12062
7,12062,1,1,1, 12063
30,12063,3,3,1, 12066
8,12066,1,1,1, 12067
31,12066,2,2,1, 12068
24,12069,1,1,1, 12070
23,12068,3,3,1, 12071
29,12068,4,4,1, 12072
14,12069,3,3,1, 12072
13,12069,4,4,1, 12073
7,12072,1,1,1, 12073
30,12073,3,3,1, 12076
8,12076,1,1,1, 12077
22,12076,4,4,1, 12080
24,12079,1,1,1, 12080
23,12078,3,3,1, 12081
14,12079,3,3,1, 12082
6,12080,2,2,1, 12082
15,12081,2,2,1, 12083
7,12082,1,1,1, 12083
8,12086,1,1,1, 12087
22,12086,4,4,1, 12090
24,12089,1,1,0, 12090
16,12089,2,2,1, 12091
21,12087,5,5,1, 12092
29,12088,4,4,1, 12092
14,12089,3,3,1, 12092
6,12090,2,2,1, 12092
7,12092,1,1,0, 12093
8,12096,1,1,0, 12097
31,12096,2,2,1, 12098
5,12097,3,3,1, 12100
24,12099,1,1,0, 12100
16,12099,2,2,1, 12101
29,12098,4,4,1, 12102
14,12099,3,3,1, 12102
7,12102,1,1,0, 12103
30,12103,3,3,1, 12106
8,12106,1,1,0, 12107
24,12109,1,1,1, 12110
13,12109,4,4,1, 12113
7,12112,1,1,0, 12113
1,12116,1,1,0, 12117
9,12117,2,2,1, 12119
5,12117,3,3,1, 12120
24,12119,1,1,0, 12120
29,12118,4,4,1, 12122
6,12120,2,2,1, 12122
1,12126,1,1,1, 12127
24,12129,1,1,1, 12130
17,12129,3,3,1, 12132
1,12136,1,1,0, 12137
24,12139,1,1,1, 12140
1,12146,1,1,0, 12147
24,12149,1,1,0, 12150
25,12155,2,2,1, 12157
1,12156,1,1,1, 12157
24,12159,1,1,1, 12160
2,12163,2,2,1, 12165
25,12165,2,2,1, 12167
1,12166,1,1,0, 12167
24,12169,1,1,0, 12170
25,12175,2,2,1, 12177
1,12176,1,1,1, 12177
24,12179,1,1,1, 12180
25,12185,2,2,1, 12187
1,12186,1,1,1, 12187
24,12189,1,1,1, 12190
25,12195,2,2,1, 12197
1,12196,1,1,0, 12197
24,12199,1,1,1, 12200
2,12203,2,2,1, 12205
25,12205,2,2,1, 12207
1,12206,1,1,1, 12207
24,12209,1,1,0, 12210
1,12216,1,1,0, 12217
8,12216,1,1,0, 12217
24,12219,1,1,1, 12220
23,12218,3,3,1, 12221
16,12219,2,2,1, 12221
14,12219,3,3,1, 12222
13,12219,4,4,1, 12223
15,12221,2,2,1, 12223
1,12226,1,1,1, 12227
8,12226,1,1,0, 12227
26,12227,3,3,1, 12230
24,12229,1,1,0, 12230
16,12229,2,2,1, 12231
15,12231,2,2,1, 12233
7,12232,1,1,1, 12233
2,12233,2,2,1, 12235
30,12233,3,3,1, 12236
25,12235,2,2,1, 12237
1,12236,1,1,0, 12237
8,12236,1,1,0, 12237
31,12236,2,2,1, 12238
20,12233,6,6,1, 12239
28,12234,5,5,1, 12239
9,12237,2,2,1, 12239
24,12239,1,1,0, 12240
19,12236,5,5,1, 12241
16,12239,2,2,1, 12241
13,12239,4,4,1, 12243
15,12241,2,2,1, 12243
7,12242,1,1,0, 12243
12,12240,5,5,1, 12245
2,12243,2,2,1, 12245
8,12246,1,1,1, 12247
31,12246,2,2,1, 12248
24,12249,1,1,1, 12250
14,12249,3,3,1, 12252
7,12252,1,1,0, 12253
8,12256,1,1,1, 12257
24,12259,1,1,1, 12260
23,12258,3,3,1, 12261
16,12259,2,2,1, 12261
7,12262,1,1,1, 12263
8,12266,1,1,0, 12267
24,12269,1,1,1, 12270
16,12269,2,2,1, 12271
7,12272,1,1,0, 12273
8,12276,1,1,0, 12277
24,12279,1,1,1, 12280
23,12278,3,3,1, 12281
7,12282,1,1,1, 12283
8,12286,1,1,0, 12287
31,12286,2,2,1, 12288
22,12286,4,4,1, 12290
24,12289,1,1,0, 12290
7,12292,1,1,1, 12293
24,12299,1,1,1, 12300
7,12302,1,1,1, 12303
24,12309,1,1,0, 12310
7,12312,1,1,1, 12313
24,12319,1,1,0, 12320
7,12322,1,1,0, 12323
31,12326,2,2,1, 12328
24,12329,1,1,1, 12330
7,12332,1,1,0, 12333
24,12339,1,1,1, 12340
7,12342,1,1,0, 12343
31,12346,2,2,1, 12348
9,12347,2,2,1, 12349
5,12347,3,3,1, 12350
24,12349,1,1,1, 12350
17,12349,3,3,1, 12352
6,12350,2,2,1, 12352
7,12352,1,1,1, 12353
1,12356,1,1,1, 12357
31,12356,2,2,1, 12358
9,12357,2,2,1, 12359
5,12357,3,3,1, 12360
24,12359,1,1,1, 12360
7,12362,1,1,0, 12363
25,12365,2,2,1, 12367
1,12366,1,1,1, 12367
5,12367,3,3,1, 12370
24,12369,1,1,0, 12370
17,12369,3,3,1, 12372
6,12370,2,2,1, 12372
7,12372,1,1,0, 12373
25,12375,2,2,1, 12377
1,12376,1,1,1, 12377
9,12377,2,2,1, 12379
24,12379,1,1,0, 12380
17,12379,3,3,1, 12382
6,12380,2,2,1, 12382
7,12382,1,1,1, 12383
30,12383,3,3,1, 12386
25,12385,2,2,1, 12387
1,12386,1,1,1, 12387
31,12386,2,2,1, 12388
5,12387,3,3,1, 12390
26,12387,3,3,1, 12390
24,12389,1,1,1, 12390
29,12388,4,4,1, 12392
6,12390,2,2,1, 12392
7,12392,1,1,1, 12393
2,12393,2,2,1, 12395
30,12393,3,3,1, 12396
25,12395,2,2,1, 12397
1,12396,1,1,0, 12397
8,12396,1,1,0, 12397
31,12396,2,2,1, 12398
4,12396,4,4,1, 12400
3,12397,3,3,1, 12400
5,12397,3,3,1, 12400
26,12397,3,3,1, 12400
24,12399,1,1,1, 12400
29,12398,4,4,1, 12402
15,12401,2,2,1, 12403
2,12403,2,2,1, 12405
1,12406,1,1,0, 12407
8,12406,1,1,0, 12407
20,12403,6,6,1, 12409
28,12404,5,5,1, 12409
24,12409,1,1,0, 12410
15,12411,2,2,1, 12413
8,12416,1,1,0, 12417
24,12419,1,1,0, 12420
14,12419,3,3,1, 12422
13,12419,4,4,1, 12423
8,12426,1,1,0, 12427
24,12429,1,1,0, 12430
8,12436,1,1,1, 12437
24,12439,1,1,0, 12440
8,12446,1,1,0, 12447
24,12449,1,1,0, 12450
14,12449,3,3,1, 12452
8,12456,1,1,0, 12457
24,12459,1,1,0, 12460
14,12459,3,3,1, 12462
8,12466,1,1,1, 12467
24,12469,1,1,0, 12470
15,12471,2,2,1, 12473
8,12476,1,1,1, 12477
24,12479,1,1,1, 12480
15,12481,2,2,1, 12483
8,12486,1,1,1, 12487
22,12486,4,4,1, 12490
24,12489,1,1,0, 12490
15,12491,2,2,1, 12493
8,12496,1,1,0, 12497
24,12499,1,1,1, 12500
23,12498,3,3,1, 12501
21,12497,5,5,1, 12502
13,12499,4,4,1, 12503
8,12506,1,1,1, 12507
31,12506,2,2,1, 12508
24,12509,1,1,0, 12510
23,12508,3,3,1, 12511
16,12509,2,2,1, 12511
21,12507,5,5,1, 12512
14,12509,3,3,1, 12512
13,12509,4,4,1, 12513
15,12511,2,2,1, 12513
7,12512,1,1,0, 12513
1,12516,1,1,1, 12517
9,12517,2,2,1, 12519
24,12519,1,1,1, 12520
7,12522,1,1,0, 12523
30,12523,3,3,1, 12526
25,12525,2,2,1, 12527
1,12526,1,1,0, 12527
24,12529,1,1,0, 12530
17,12529,3,3,1, 12532
7,12532,1,1,0, 12533
1,12536,1,1,0, 12537
31,12536,2,2,1, 12538
9,12537,2,2,1, 12539
5,12537,3,3,1, 12540
24,12539,1,1,1, 12540
17,12539,3,3,1, 12542
7,12542,1,1,1, 12543
30,12543,3,3,1, 12546
25,12545,2,2,1, 12547
1,12546,1,1,1, 12547
9,12547,2,2,1, 12549
24,12549,1,1,1, 12550
17,12549,3,3,1, 12552
7,12552,1,1,1, 12553
30,12553,3,3,1, 12556
18,12553,4,4,1, 12557
25,12555,2,2,1, 12557
1,12556,1,1,1, 12557
9,12557,2,2,1, 12559
24,12559,1,1,0, 12560
29,12558,4,4,1, 12562
6,12560,2,2,1, 12562
7,12562,1,1,0, 12563
2,12563,2,2,1, 12565
30,12563,3,3,1, 12566
18,12563,4,4,1, 12567
25,12565,2,2,1, 12567
1,12566,1,1,0, 12567
28,12564,5,5,1, 12569
24,12569,1,1,0, 12570
17,12569,3,3,1, 12572
7,12572,1,1,1, 12573
30,12573,3,3,1, 12576
31,12576,2,2,1, 12578
5,12577,3,3,1, 12580
24,12579,1,1,0, 12580
29,12578,4,4,1, 12582
6,12580,2,2,1, 12582
7,12582,1,1,0, 12583
31,12586,2,2,1, 12588
24,12589,1,1,0, 12590
7,12592,1,1,1, 12593
30,12593,3,3,1, 12596
5,12597,3,3,1, 12600
24,12599,1,1,0, 12600
7,12602,1,1,1, 12603
30,12603,3,3,1, 12606
24,12609,1,1,1, 12610
24,12619,1,1,1, 12620
16,12619,2,2,1, 12621
15,12621,2,2,1, 12623
8,12626,1,1,0, 12627
24,12629,1,1,1, 12630
16,12629,2,2,1, 12631
15,12631,2,2,1, 12633
8,12636,1,1,1, 12637
24,12639,1,1,1, 12640
16,12639,2,2,1, 12641
15,12641,2,2,1, 12643
8,12646,1,1,0, 12647
24,12649,1,1,1, 12650
14,12649,3,3,1, 12652
13,12649,4,4,1, 12653
15,12651,2,2,1, 12653
8,12656,1,1,0, 12657
24,12659,1,1,0, 12660
16,12659,2,2,1, 12661
14,12659,3,3,1, 12662
15,12661,2,2,1, 12663
8,12666,1,1,0, 12667
22,12666,4,4,1, 12670
24,12669,1,1,0, 12670
23,12668,3,3,1, 12671
16,12669,2,2,1, 12671
21,12667,5,5,1, 12672
25,12675,2,2,1, 12677
1,12676,1,1,0, 12677
24,12679,1,1,1, 12680
17,12679,3,3,1, 12682
1,12686,1,1,0, 12687
24,12689,1,1,0, 12690
25,12695,2,2,1, 12697
1,12696,1,1,1, 12697
24,12699,1,1,0, 12700
17,12699,3,3,1, 12702
2,12703,2,2,1, 12705
18,12703,4,4,1, 12707
1,12706,1,1,0, 12707
9,12707,2,2,1, 12709
24,12709,1,1,1, 12710
17,12709,3,3,1, 12712
7,12712,1,1,1, 12713
12,12710,5,5,1, 12715
2,12713,2,2,1, 12715
27,12712,4,4,1, 12716
18,12713,4,4,1, 12717
1,12716,1,1,1, 12717
11,12714,4,4,1, 12718
31,12716,2,2,1, 12718
26,12717,3,3,1, 12720
24,12719,1,1,0, 12720
7,12722,1,1,0, 12723
2,12723,2,2,1, 12725
27,12722,4,4,1, 12726
1,12726,1,1,0, 12727
11,12724,4,4,1, 12728
24,12729,1,1,1, 12730
7,12732,1,1,1, 12733
30,12733,3,3,1, 12736
24,12739,1,1,0, 12740
6,12740,2,2,1, 12742
7,12742,1,1,1, 12743
31,12746,2,2,1, 12748
5,12747,3,3,1, 12750
24,12749,1,1,0, 12750
29,12748,4,4,1, 12752
6,12750,2,2,1, 12752
7,12752,1,1,0, 12753
30,12753,3,3,1, 12756
31,12756,2,2,1, 12758
5,12757,3,3,1, 12760
24,12759,1,1,1, 12760
29,12758,4,4,1, 12762
6,12760,2,2,1, 12762
7,12762,1,1,0, 12763
31,12766,2,2,1, 12768
5,12767,3,3,1, 12770
24,12769,1,1,1, 12770
6,12770,2,2,1, 12772
7,12772,1,1,0, 12773
31,12776,2,2,1, 12778
5,12777,3,3,1, 12780
24,12779,1,1,0, 12780
8,12786,1,1,0, 12787
24,12789,1,1,1, 12790
8,12796,1,1,1, 12797
24,12799,1,1,0, 12800
8,12806,1,1,1, 12807
24,12809,1,1,0, 12810
16,12809,2,2,1, 12811
8,12816,1,1,1, 12817
24,12819,1,1,1, 12820
23,12818,3,3,1, 12821
8,12826,1,1,0, 12827
22,12826,4,4,1, 12830
24,12829,1,1,1, 12830
23,12828,3,3,1, 12831
15,12831,2,2,1, 12833
25,12835,2,2,1, 12837
1,12836,1,1,1, 12837
8,12836,1,1,0, 12837
9,12837,2,2,1, 12839
24,12839,1,1,1, 12840
16,12839,2,2,1, 12841
17,12839,3,3,1, 12842
25,12845,2,2,1, 12847
1,12846,1,1,0, 12847
8,12846,1,1,1, 12847
9,12847,2,2,1, 12849
24,12849,1,1,0, 12850
1,12856,1,1,1, 12857
8,12856,1,1,1, 12857
22,12856,4,4,1, 12860
24,12859,1,1,1, 12860
16,12859,2,2,1, 12861
21,12857,5,5,1, 12862
14,12859,3,3,1, 12862
17,12859,3,3,1, 12862
13,12859,4,4,1, 12863
15,12861,2,2,1, 12863
18,12863,4,4,1, 12867
25,12865,2,2,1, 12867
1,12866,1,1,1, 12867
8,12866,1,1,1, 12867
22,12866,4,4,1, 12870
24,12869,1,1,0, 12870
23,12868,3,3,1, 12871
16,12869,2,2,1, 12871
2,12873,2,2,1, 12875
25,12875,2,2,1, 12877
1,12876,1,1,1, 12877
8,12876,1,1,1, 12877
24,12879,1,1,0, 12880
16,12879,2,2,1, 12881
13,12879,4,4,1, 12883
2,12883,2,2,1, 12885
18,12883,4,4,1, 12887
25,12885,2,2,1, 12887
1,12886,1,1,1, 12887
8,12886,1,1,0, 12887
31,12886,2,2,1, 12888
9,12887,2,2,1, 12889
22,12886,4,4,1, 12890
26,12887,3,3,1, 12890
24,12889,1,1,1, 12890
7,12892,1,1,1, 12893
2,12893,2,2,1, 12895
1,12896,1,1,1, 12897
31,12896,2,2,1, 12898
26,12897,3,3,1, 12900
24,12899,1,1,0, 12900
7,12902,1,1,1, 12903
24,12909,1,1,0, 12910
7,12912,1,1,1, 12913
31,12916,2,2,1, 12918
24,12919,1,1,0, 12920
7,12922,1,1,1, 12923
24,12929,1,1,1, 12930
7,12932,1,1,1, 12933
30,12933,3,3,1, 12936
31,12936,2,2,1, 12938
5,12937,3,3,1, 12940
24,12939,1,1,0, 12940
29,12938,4,4,1, 12942
7,12942,1,1,0, 12943
24,12949,1,1,0, 12950
7,12952,1,1,0, 12953
30,12953,3,3,1, 12956
24,12959,1,1,1, 12960
29,12958,4,4,1, 12962
7,12962,1,1,1, 12963
30,12963,3,3,1, 12966
5,12967,3,3,1, 12970
24,12969,1,1,1, 12970
6,12970,2,2,1, 12972
7,12972,1,1,0, 12973
24,12979,1,1,0, 12980
29,12978,4,4,1, 12982
6,12980,2,2,1, 12982
7,12982,1,1,0, 12983
31,12986,2,2,1, 12988
24,12989,1,1,0, 12990
6,12990,2,2,1, 12992
7,12992,1,1,1, 12993
8,12996,1,1,1, 12997
5,12997,3,3,1, 13000
24,12999,1,1,1, 13000
14,12999,3,3,1, 13002
17,12999,3,3,1, 13002
13,12999,4,4,1, 13003
7,13002,1,1,0, 13003
30,13003,3,3,1, 13006
1,13006,1,1,1, 13007
8,13006,1,1,1, 13007
9,13007,2,2,1, 13009
24,13009,1,1,1, 13010
14,13009,3,3,1, 13012
13,13009,4,4,1, 13013
7,13012,1,1,0, 13013
1,13016,1,1,0, 13017
8,13016,1,1,1, 13017
31,13016,2,2,1, 13018
9,13017,2,2,1, 13019
5,13017,3,3,1, 13020
24,13019,1,1,1, 13020
14,13019,3,3,1, 13022
17,13019,3,3,1, 13022
1,13026,1,1,1, 13027
8,13026,1,1,0, 13027
24,13029,1,1,1, 13030
14,13029,3,3,1, 13032
1,13036,1,1,1, 13037
8,13036,1,1,0, 13037
24,13039,1,1,0, 13040
1,13046,1,1,1, 13047
8,13046,1,1,1, 13047
24,13049,1,1,0, 13050
13,13049,4,4,1, 13053
15,13051,2,2,1, 13053
2,13053,2,2,1, 13055
1,13056,1,1,0, 13057
8,13056,1,1,0, 13057
9,13057,2,2,1, 13059
24,13059,1,1,0, 13060
25,13065,2,2,1, 13067
1,13066,1,1,0, 13067
8,13066,1,1,0, 13067
11,13064,4,4,1, 13068
20,13063,6,6,1, 13069
9,13067,2,2,1, 13069
4,13066,4,4,1, 13070
3,13067,3,3,1, 13070
24,13069,1,1,1, 13070
19,13066,5,5,1, 13071
14,13069,3,3,1, 13072
17,13069,3,3,1, 13072
15,13071,2,2,1, 13073
12,13070,5,5,1, 13075
25,13075,2,2,1, 13077
1,13076,1,1,0, 13077
8,13076,1,1,0, 13077
11,13074,4,4,1, 13078
3,13077,3,3,1, 13080
24,13079,1,1,1, 13080
8,13086,1,1,0, 13087
24,13089,1,1,0, 13090
16,13089,2,2,1, 13091
8,13096,1,1,0, 13097
24,13099,1,1,0, 13100
16,13099,2,2,1, 13101
21,13097,5,5,1, 13102
8,13106,1,1,0, 13107
22,13106,4,4,1, 13110
24,13109,1,1,0, 13110
21,13107,5,5,1, 13112
14,13109,3,3,1, 13112
8,13116,1,1,1, 13117
24,13119,1,1,0, 13120
23,13118,3,3,1, 13121
16,13119,2,2,1, 13121
14,13119,3,3,1, 13122
24,13129,1,1,1, 13130
7,13132,1,1,0, 13133
24,13139,1,1,1, 13140
7,13142,1,1,0, 13143
31,13146,2,2,1, 13148
24,13149,1,1,1, 13150
7,13152,1,1,1, 13153
24,13159,1,1,0, 13160
7,13162,1,1,0, 13163
24,13169,1,1,0, 13170
7,13172,1,1,1, 13173
30,13173,3,3,1, 13176
5,13177,3,3,1, 13180
24,13179,1,1,0, 13180
29,13178,4,4,1, 13182
7,13182,1,1,0, 13183
30,13183,3,3,1, 13186
1,13186,1,1,0, 13187
24,13189,1,1,1, 13190
29,13188,4,4,1, 13192
7,13192,1,1,1, 13193
30,13193,3,3,1, 13196
25,13195,2,2,1, 13197
1,13196,1,1,1, 13197
31,13196,2,2,1, 13198
24,13199,1,1,1, 13200
7,13202,1,1,1, 13203
1,13206,1,1,0, 13207
9,13207,2,2,1, 13209
5,13207,3,3,1, 13210
24,13209,1,1,0, 13210
7,13212,1,1,0, 13213
30,13213,3,3,1, 13216
1,13216,1,1,1, 13217
9,13217,2,2,1, 13219
24,13219,1,1,0, 13220
7,13222,1,1,1, 13223
25,13225,2,2,1, 13227
1,13226,1,1,0, 13227
5,13227,3,3,1, 13230
24,13229,1,1,0, 13230
16,13229,2,2,1, 13231
6,13230,2,2,1, 13232
15,13231,2,2,1, 13233
7,13232,1,1,0, 13233
1,13236,1,1,0, 13237
8,13236,1,1,0, 13237
26,13237,3,3,1, 13240
24,13239,1,1,0, 13240
23,13238,3,3,1, 13241
16,13239,2,2,1, 13241
29,13238,4,4,1, 13242
17,13239,3,3,1, 13242
6,13240,2,2,1, 13242
15,13241,2,2,1, 13243
7,13242,1,1,0, 13243
18,13243,4,4,1, 13247
25,13245,2,2,1, 13247
1,13246,1,1,0, 13247
8,13246,1,1,0, 13247
26,13247,3,3,1, 13250
24,13249,1,1,0, 13250
23,13248,3,3,1, 13251
16,13249,2,2,1, 13251
29,13248,4,4,1, 13252
14,13249,3,3,1, 13252
6,13250,2,2,1, 13252
13,13249,4,4,1, 13253
15,13251,2,2,1, 13253
7,13252,1,1,1, 13253
30,13253,3,3,1, 13256
18,13253,4,4,1, 13257
25,13255,2,2,1, 13257
1,13256,1,1,0, 13257
8,13256,1,1,0, 13257
5,13257,3,3,1, 13260
26,13257,3,3,1, 13260
24,13259,1,1,1, 13260
29,13258,4,4,1, 13262
17,13259,3,3,1, 13262
6,13260,2,2,1, 13262
13,13259,4,4,1, 13263
2,13263,2,2,1, 13265
18,13263,4,4,1, 13267
1,13266,1,1,0, 13267
8,13266,1,1,1, 13267
26,13267,3,3,1, 13270
24,13269,1,1,1, 13270
8,13276,1,1,0, 13277
24,13279,1,1,1, 13280
23,13278,3,3,1, 13281
16,13279,2,2,1, 13281
8,13286,1,1,1, 13287
24,13289,1,1,0, 13290
23,13288,3,3,1, 13291
8,13296,1,1,0, 13297
24,13299,1,1,1, 13300
23,13298,3,3,1, 13301
8,13306,1,1,0, 13307
22,13306,4,4,1, 13310
24,13309,1,1,1, 13310
23,13308,3,3,1, 13311
8,13316,1,1,0, 13317
22,13316,4,4,1, 13320
24,13319,1,1,0, 13320
24,13329,1,1,0, 13330
24,13339,1,1,0, 13340
24,13349,1,1,0, 13350
24,13359,1,1,0, 13360
24,13369,1,1,1, 13370
7,13372,1,1,0, 13373
25,13375,2,2,1, 13377
1,13376,1,1,0, 13377
31,13376,2,2,1, 13378
9,13377,2,2,1, 13379
24,13379,1,1,1, 13380
6,13380,2,2,1, 13382
7,13382,1,1,1, 13383
1,13386,1,1,0, 13387
31,13386,2,2,1, 13388
24,13389,1,1,1, 13390
7,13392,1,1,0, 13393
1,13396,1,1,0, 13397
24,13399,1,1,0, 13400
6,13400,2,2,1, 13402
7,13402,1,1,1, 13403
30,13403,3,3,1, 13406
1,13406,1,1,1, 13407
9,13407,2,2,1, 13409
24,13409,1,1,0, 13410
17,13409,3,3,1, 13412
6,13410,2,2,1, 13412
7,13412,1,1,1, 13413
30,13413,3,3,1, 13416
1,13416,1,1,1, 13417
31,13416,2,2,1, 13418
9,13417,2,2,1, 13419
24,13419,1,1,0, 13420
17,13419,3,3,1, 13422
7,13422,1,1,0, 13423
30,13423,3,3,1, 13426
25,13425,2,2,1, 13427
1,13426,1,1,0, 13427
8,13426,1,1,0, 13427
31,13426,2,2,1, 13428
9,13427,2,2,1, 13429
24,13429,1,1,1, 13430
16,13429,2,2,1, 13431
6,13430,2,2,1, 13432
13,13429,4,4,1, 13433
15,13431,2,2,1, 13433
7,13432,1,1,1, 13433
2,13433,2,2,1, 13435
30,13433,3,3,1, 13436
18,13433,4,4,1, 13437
25,13435,2,2,1, 13437
1,13436,1,1,0, 13437
8,13436,1,1,1, 13437
31,13436,2,2,1, 13438
9,13437,2,2,1, 13439
22,13436,4,4,1, 13440
24,13439,1,1,0, 13440
23,13438,3,3,1, 13441
16,13439,2,2,1, 13441
21,13437,5,5,1, 13442
14,13439,3,3,1, 13442
15,13441,2,2,1, 13443
7,13442,1,1,0, 13443
2,13443,2,2,1, 13445
30,13443,3,3,1, 13446
1,13446,1,1,1, 13447
8,13446,1,1,0, 13447
9,13447,2,2,1, 13449
24,13449,1,1,0, 13450
23,13448,3,3,1, 13451
21,13447,5,5,1, 13452
13,13449,4,4,1, 13453
15,13451,2,2,1, 13453
7,13452,1,1,1, 13453
1,13456,1,1,0, 13457
8,13456,1,1,1, 13457
9,13457,2,2,1, 13459
22,13456,4,4,1, 13460
24,13459,1,1,0, 13460
23,13458,3,3,1, 13461
17,13459,3,3,1, 13462
7,13462,1,1,0, 13463
31,13466,2,2,1, 13468
24,13469,1,1,0, 13470
6,13470,2,2,1, 13472
7,13472,1,1,1, 13473
30,13473,3,3,1, 13476
31,13476,2,2,1, 13478
5,13477,3,3,1, 13480
24,13479,1,1,1, 13480
24,13489,1,1,0, 13490
24,13499,1,1,0, 13500
24,13509,1,1,0, 13510
24,13519,1,1,1, 13520
24,13529,1,1,1, 13530
24,13539,1,1,0, 13540
24,13549,1,1,0, 13550
24,13559,1,1,0, 13560
25,13565,2,2,1, 13567
1,13566,1,1,0, 13567
8,13566,1,1,0, 13567
9,13567,2,2,1, 13569
24,13569,1,1,1, 13570
16,13569,2,2,1, 13571
25,13575,2,2,1, 13577
1,13576,1,1,0, 13577
8,13576,1,1,1, 13577
9,13577,2,2,1, 13579
24,13579,1,1,0, 13580
16,13579,2,2,1, 13581
15,13581,2,2,1, 13583
25,13585,2,2,1, 13587
1,13586,1,1,0, 13587
8,13586,1,1,1, 13587
31,13586,2,2,1, 13588
24,13589,1,1,0, 13590
14,13589,3,3,1, 13592
13,13589,4,4,1, 13593
7,13592,1,1,0, 13593
25,13595,2,2,1, 13597
1,13596,1,1,0, 13597
8,13596,1,1,0, 13597
24,13599,1,1,0, 13600
17,13599,3,3,1, 13602
13,13599,4,4,1, 13603
15,13601,2,2,1, 13603
7,13602,1,1,1, 13603
1,13606,1,1,0, 13607
8,13606,1,1,1, 13607
31,13606,2,2,1, 13608
9,13607,2,2,1, 13609
24,13609,1,1,1, 13610
23,13608,3,3,1, 13611
21,13607,5,5,1, 13612
14,13609,3,3,1, 13612
17,13609,3,3,1, 13612
7,13612,1,1,0, 13613
1,13616,1,1,1, 13617
8,13616,1,1,1, 13617
31,13616,2,2,1, 13618
9,13617,2,2,1, 13619
22,13616,4,4,1, 13620
24,13619,1,1,1, 13620
23,13618,3,3,1, 13621
21,13617,5,5,1, 13622
17,13619,3,3,1, 13622
15,13621,2,2,1, 13623
7,13622,1,1,1, 13623
25,13625,2,2,1, 13627
1,13626,1,1,0, 13627
8,13626,1,1,1, 13627
31,13626,2,2,1, 13628
22,13626,4,4,1, 13630
24,13629,1,1,1, 13630
16,13629,2,2,1, 13631
7,13632,1,1,1, 13633
2,13633,2,2,1, 13635
18,13633,4,4,1, 13637
1,13636,1,1,0, 13637
8,13636,1,1,1, 13637
31,13636,2,2,1, 13638
24,13639,1,1,1, 13640
23,13638,3,3,1, 13641
17,13639,3,3,1, 13642
7,13642,1,1,0, 13643
2,13643,2,2,1, 13645
18,13643,4,4,1, 13647
1,13646,1,1,0, 13647
9,13647,2,2,1, 13649
26,13647,3,3,1, 13650
24,13649,1,1,0, 13650
7,13652,1,1,1, 13653
24,13659,1,1,1, 13660
7,13662,1,1,0, 13663
24,13669,1,1,0, 13670
6,13670,2,2,1, 13672
7,13672,1,1,1, 13673
30,13673,3,3,1, 13676
5,13677,3,3,1, 13680
24,13679,1,1,0, 13680
29,13678,4,4,1, 13682
7,13682,1,1,0, 13683
30,13683,3,3,1, 13686
24,13689,1,1,0, 13690
7,13692,1,1,0, 13693
30,13693,3,3,1, 13696
5,13697,3,3,1, 13700
24,13699,1,1,0, 13700
29,13698,4,4,1, 13702
7,13702,1,1,0, 13703
24,13709,1,1,1, 13710
29,13708,4,4,1, 13712
6,13710,2,2,1, 13712
7,13712,1,1,0, 13713
30,13713,3,3,1, 13716
31,13716,2,2,1, 13718
24,13719,1,1,0, 13720
7,13722,1,1,0, 13723
30,13723,3,3,1, 13726
31,13726,2,2,1, 13728
24,13729,1,1,1, 13730
7,13732,1,1,1, 13733
30,13733,3,3,1, 13736
31,13736,2,2,1, 13738
24,13739,1,1,1, 13740
8,13746,1,1,0, 13747
24,13749,1,1,0, 13750
15,13751,2,2,1, 13753
1,13756,1,1,1, 13757
8,13756,1,1,0, 13757
24,13759,1,1,0, 13760
1,13766,1,1,0, 13767
8,13766,1,1,0, 13767
24,13769,1,1,1, 13770
17,13769,3,3,1, 13772
15,13771,2,2,1, 13773
25,13775,2,2,1, 13777
1,13776,1,1,0, 13777
8,13776,1,1,0, 13777
9,13777,2,2,1, 13779
24,13779,1,1,1, 13780
23,13778,3,3,1, 13781
17,13779,3,3,1, 13782
1,13786,1,1,0, 13787
8,13786,1,1,1, 13787
9,13787,2,2,1, 13789
24,13789,1,1,0, 13790
23,13788,3,3,1, 13791
14,13789,3,3,1, 13792
15,13791,2,2,1, 13793
1,13796,1,1,1, 13797
8,13796,1,1,0, 13797
9,13797,2,2,1, 13799
22,13796,4,4,1, 13800
24,13799,1,1,0, 13800
23,13798,3,3,1, 13801
16,13799,2,2,1, 13801
14,13799,3,3,1, 13802
13,13799,4,4,1, 13803
15,13801,2,2,1, 13803
25,13805,2,2,1, 13807
1,13806,1,1,0, 13807
8,13806,1,1,1, 13807
22,13806,4,4,1, 13810
24,13809,1,1,1, 13810
14,13809,3,3,1, 13812
17,13809,3,3,1, 13812
1,13816,1,1,1, 13817
8,13816,1,1,1, 13817
24,13819,1,1,1, 13820
23,13818,3,3,1, 13821
14,13819,3,3,1, 13822
17,13819,3,3,1, 13822
13,13819,4,4,1, 13823
25,13825,2,2,1, 13827
1,13826,1,1,0, 13827
24,13829,1,1,0, 13830
25,13835,2,2,1, 13837
1,13836,1,1,0, 13837
9,13837,2,2,1, 13839
24,13839,1,1,1, 13840
7,13842,1,1,1, 13843
25,13845,2,2,1, 13847
1,13846,1,1,1, 13847
31,13846,2,2,1, 13848
24,13849,1,1,0, 13850
7,13852,1,1,0, 13853
1,13856,1,1,1, 13857
31,13856,2,2,1, 13858
24,13859,1,1,0, 13860
17,13859,3,3,1, 13862
7,13862,1,1,0, 13863
1,13866,1,1,1, 13867
9,13867,2,2,1, 13869
24,13869,1,1,1, 13870
29,13868,4,4,1, 13872
17,13869,3,3,1, 13872
6,13870,2,2,1, 13872
7,13872,1,1,1, 13873
2,13873,2,2,1, 13875
25,13875,2,2,1, 13877
1,13876,1,1,0, 13877
31,13876,2,2,1, 13878
24,13879,1,1,0, 13880
6,13880,2,2,1, 13882
7,13882,1,1,0, 13883
25,13885,2,2,1, 13887
1,13886,1,1,0, 13887
5,13887,3,3,1, 13890
26,13887,3,3,1, 13890
24,13889,1,1,1, 13890
6,13890,2,2,1, 13892
7,13892,1,1,1, 13893
24,13899,1,1,0, 13900
6,13900,2,2,1, 13902
7,13902,1,1,0, 13903
30,13903,3,3,1, 13906
5,13907,3,3,1, 13910
24,13909,1,1,0, 13910
7,13912,1,1,0, 13913
31,13916,2,2,1, 13918
5,13917,3,3,1, 13920
24,13919,1,1,1, 13920
7,13922,1,1,1, 13923
30,13923,3,3,1, 13926
24,13929,1,1,0, 13930
16,13929,2,2,1, 13931
29,13928,4,4,1, 13932
7,13932,1,1,0, 13933
8,13936,1,1,1, 13937
22,13936,4,4,1, 13940
5,13937,3,3,1, 13940
24,13939,1,1,0, 13940
14,13939,3,3,1, 13942
7,13942,1,1,1, 13943
8,13946,1,1,0, 13947
22,13946,4,4,1, 13950
5,13947,3,3,1, 13950
24,13949,1,1,1, 13950
29,13948,4,4,1, 13952
13,13949,4,4,1, 13953
15,13951,2,2,1, 13953
7,13952,1,1,0, 13953
8,13956,1,1,0, 13957
22,13956,4,4,1, 13960
5,13957,3,3,1, 13960
24,13959,1,1,0, 13960
21,13957,5,5,1, 13962
8,13966,1,1,0, 13967
24,13969,1,1,1, 13970
16,13969,2,2,1, 13971
13,13969,4,4,1, 13973
15,13971,2,2,1, 13973
8,13976,1,1,1, 13977
24,13979,1,1,1, 13980
21,13977,5,5,1, 13982
13,13979,4,4,1, 13983
15,13981,2,2,1, 13983
8,13986,1,1,1, 13987
22,13986,4,4,1, 13990
24,13989,1,1,1, 13990
23,13988,3,3,1, 13991
14,13989,3,3,1, 13992
1,13996,1,1,0, 13997
9,13997,2,2,1, 13999
24,13999,1,1,1, 14000
17,13999,3,3,1, 14002
25,14005,2,2,1, 14007
1,14006,1,1,0, 14007
9,14007,2,2,1, 14009
24,14009,1,1,1, 14010
25,14015,2,2,1, 14017
1,14016,1,1,0, 14017
24,14019,1,1,1, 14020
1,14026,1,1,1, 14027
9,14027,2,2,1, 14029
24,14029,1,1,1, 14030
17,14029,3,3,1, 14032
25,14035,2,2,1, 14037
1,14036,1,1,0, 14037
24,14039,1,1,1, 14040
1,14046,1,1,1, 14047
9,14047,2,2,1, 14049
24,14049,1,1,1, 14050
25,14055,2,2,1, 14057
1,14056,1,1,0, 14057
24,14059,1,1,0, 14060
2,14063,2,2,1, 14065
18,14063,4,4,1, 14067
1,14066,1,1,0, 14067
9,14067,2,2,1, 14069
26,14067,3,3,1, 14070
24,14069,1,1,1, 14070
7,14072,1,1,1, 14073
2,14073,2,2,1, 14075
18,14073,4,4,1, 14077
1,14076,1,1,1, 14077
31,14076,2,2,1, 14078
24,14079,1,1,0, 14080
7,14082,1,1,1, 14083
2,14083,2,2,1, 14085
1,14086,1,1,1, 14087
31,14086,2,2,1, 14088
9,14087,2,2,1, 14089
24,14089,1,1,1, 14090
7,14092,1,1,1, 14093
8,14096,1,1,0, 14097
24,14099,1,1,1, 14100
6,14100,2,2,1, 14102
13,14099,4,4,1, 14103
15,14101,2,2,1, 14103
7,14102,1,1,0, 14103
8,14106,1,1,0, 14107
24,14109,1,1,1, 14110
16,14109,2,2,1, 14111
14,14109,3,3,1, 14112
6,14110,2,2,1, 14112
13,14109,4,4,1, 14113
7,14112,1,1,0, 14113
8,14116,1,1,1, 14117
24,14119,1,1,0, 14120
16,14119,2,2,1, 14121
15,14121,2,2,1, 14123
7,14122,1,1,0, 14123
8,14126,1,1,1, 14127
31,14126,2,2,1, 14128
24,14129,1,1,0, 14130
16,14129,2,2,1, 14131
14,14129,3,3,1, 14132
13,14129,4,4,1, 14133
15,14131,2,2,1, 14133
7,14132,1,1,1, 14133
30,14133,3,3,1, 14136
8,14136,1,1,0, 14137
31,14136,2,2,1, 14138
24,14139,1,1,0, 14140
14,14139,3,3,1, 14142
13,14139,4,4,1, 14143
15,14141,2,2,1, 14143
7,14142,1,1,1, 14143
8,14146,1,1,1, 14147
24,14149,1,1,0, 14150
23,14148,3,3,1, 14151
16,14149,2,2,1, 14151
6,14150,2,2,1, 14152
7,14152,1,1,1, 14153
31,14156,2,2,1, 14158
24,14159,1,1,1, 14160
29,14158,4,4,1, 14162
6,14160,2,2,1, 14162
7,14162,1,1,1, 14163
5,14167,3,3,1, 14170
24,14169,1,1,0, 14170
29,14168,4,4,1, 14172
6,14170,2,2,1, 14172
7,14172,1,1,0, 14173
30,14173,3,3,1, 14176
5,14177,3,3,1, 14180
24,14179,1,1,1, 14180
7,14182,1,1,0, 14183
24,14189,1,1,0, 14190
29,14188,4,4,1, 14192
7,14192,1,1,0, 14193
30,14193,3,3,1, 14196
1,14196,1,1,0, 14197
31,14196,2,2,1, 14198
9,14197,2,2,1, 14199
24,14199,1,1,0, 14200
17,14199,3,3,1, 14202
7,14202,1,1,0, 14203
25,14205,2,2,1, 14207
1,14206,1,1,1, 14207
24,14209,1,1,0, 14210
29,14208,4,4,1, 14212
17,14209,3,3,1, 14212
6,14210,2,2,1, 14212
7,14212,1,1,0, 14213
1,14216,1,1,1, 14217
31,14216,2,2,1, 14218
9,14217,2,2,1, 14219
24,14219,1,1,1, 14220
1,14226,1,1,0, 14227
24,14229,1,1,0, 14230
1,14236,1,1,0, 14237
24,14239,1,1,0, 14240
17,14239,3,3,1, 14242
1,14246,1,1,1, 14247
9,14247,2,2,1, 14249
24,14249,1,1,1, 14250
25,14255,2,2,1, 14257
1,14256,1,1,0, 14257
8,14256,1,1,1, 14257
9,14257,2,2,1, 14259
22,14256,4,4,1, 14260
24,14259,1,1,0, 14260
23,14258,3,3,1, 14261
17,14259,3,3,1, 14262
2,14263,2,2,1, 14265
18,14263,4,4,1, 14267
1,14266,1,1,1, 14267
8,14266,1,1,0, 14267
22,14266,4,4,1, 14270
24,14269,1,1,1, 14270
23,14268,3,3,1, 14271
16,14269,2,2,1, 14271
17,14269,3,3,1, 14272
13,14269,4,4,1, 14273
2,14273,2,2,1, 14275
25,14275,2,2,1, 14277
1,14276,1,1,0, 14277
8,14276,1,1,0, 14277
9,14277,2,2,1, 14279
26,14277,3,3,1, 14280
24,14279,1,1,0, 14280
16,14279,2,2,1, 14281
14,14279,3,3,1, 14282
13,14279,4,4,1, 14283
8,14286,1,1,1, 14287
24,14289,1,1,1, 14290
14,14289,3,3,1, 14292
15,14291,2,2,1, 14293
8,14296,1,1,0, 14297
24,14299,1,1,0, 14300
13,14299,4,4,1, 14303
15,14301,2,2,1, 14303
8,14306,1,1,0, 14307
24,14309,1,1,0, 14310
8,14316,1,1,0, 14317
24,14319,1,1,0, 14320
14,14319,3,3,1, 14322
15,14321,2,2,1, 14323
7,14322,1,1,0, 14323
8,14326,1,1,0, 14327
24,14329,1,1,0, 14330
14,14329,3,3,1, 14332
15,14331,2,2,1, 14333
7,14332,1,1,1, 14333
31,14336,2,2,1, 14338
24,14339,1,1,1, 14340
7,14342,1,1,0, 14343
31,14346,2,2,1, 14348
24,14349,1,1,0, 14350
7,14352,1,1,1, 14353
31,14356,2,2,1, 14358
24,14359,1,1,0, 14360
7,14362,1,1,0, 14363
31,14366,2,2,1, 14368
24,14369,1,1,0, 14370
7,14372,1,1,1, 14373
31,14376,2,2,1, 14378
24,14379,1,1,1, 14380
7,14382,1,1,0, 14383
1,14386,1,1,0, 14387
9,14387,2,2,1, 14389
24,14389,1,1,0, 14390
17,14389,3,3,1, 14392
7,14392,1,1,1, 14393
25,14395,2,2,1, 14397
1,14396,1,1,1, 14397
31,14396,2,2,1, 14398
9,14397,2,2,1, 14399
24,14399,1,1,1, 14400
29,14398,4,4,1, 14402
7,14402,1,1,1, 14403
30,14403,3,3,1, 14406
25,14405,2,2,1, 14407
1,14406,1,1,1, 14407
5,14407,3,3,1, 14410
24,14409,1,1,0, 14410
7,14412,1,1,1, 14413
30,14413,3,3,1, 14416
25,14415,2,2,1, 14417
1,14416,1,1,1, 14417
31,14416,2,2,1, 14418
9,14417,2,2,1, 14419
5,14417,3,3,1, 14420
24,14419,1,1,1, 14420
7,14422,1,1,1, 14423
30,14423,3,3,1, 14426
25,14425,2,2,1, 14427
1,14426,1,1,0, 14427
31,14426,2,2,1, 14428
9,14427,2,2,1, 14429
24,14429,1,1,0, 14430
29,14428,4,4,1, 14432
6,14430,2,2,1, 14432
7,14432,1,1,1, 14433
30,14433,3,3,1, 14436
1,14436,1,1,1, 14437
8,14436,1,1,0, 14437
31,14436,2,2,1, 14438
5,14437,3,3,1, 14440
24,14439,1,1,1, 14440
15,14441,2,2,1, 14443
25,14445,2,2,1, 14447
1,14446,1,1,0, 14447
8,14446,1,1,0, 14447
24,14449,1,1,1, 14450
16,14449,2,2,1, 14451
1,14456,1,1,1, 14457
8,14456,1,1,0, 14457
9,14457,2,2,1, 14459
26,14457,3,3,1, 14460
24,14459,1,1,0, 14460
17,14459,3,3,1, 14462
15,14461,2,2,1, 14463
18,14463,4,4,1, 14467
25,14465,2,2,1, 14467
1,14466,1,1,0, 14467
8,14466,1,1,1, 14467
24,14469,1,1,0, 14470
23,14468,3,3,1, 14471
16,14469,2,2,1, 14471
17,14469,3,3,1, 14472
15,14471,2,2,1, 14473
25,14475,2,2,1, 14477
8,14476,1,1,1, 14477
24,14479,1,1,1, 14480
8,14486,1,1,0, 14487
24,14489,1,1,1, 14490
16,14489,2,2,1, 14491
8,14496,1,1,1, 14497
24,14499,1,1,1, 14500
16,14499,2,2,1, 14501
15,14501,2,2,1, 14503
8,14506,1,1,0, 14507
24,14509,1,1,0, 14510
23,14508,3,3,1, 14511
16,14509,2,2,1, 14511
14,14509,3,3,1, 14512
8,14516,1,1,1, 14517
24,14519,1,1,1, 14520
23,14518,3,3,1, 14521
8,14526,1,1,0, 14527
24,14529,1,1,0, 14530
23,14528,3,3,1, 14531
16,14529,2,2,1, 14531
14,14529,3,3,1, 14532
24,14539,1,1,1, 14540
24,14549,1,1,0, 14550
7,14552,1,1,0, 14553
24,14559,1,1,1, 14560
7,14562,1,1,0, 14563
24,14569,1,1,0, 14570
7,14572,1,1,1, 14573
31,14576,2,2,1, 14578
24,14579,1,1,0, 14580
17,14579,3,3,1, 14582
7,14582,1,1,0, 14583
25,14585,2,2,1, 14587
1,14586,1,1,0, 14587
31,14586,2,2,1, 14588
9,14587,2,2,1, 14589
24,14589,1,1,1, 14590
7,14592,1,1,0, 14593
1,14596,1,1,0, 14597
24,14599,1,1,1, 14600
29,14598,4,4,1, 14602
17,14599,3,3,1, 14602
7,14602,1,1,1, 14603
30,14603,3,3,1, 14606
25,14605,2,2,1, 14607
1,14606,1,1,0, 14607
31,14606,2,2,1, 14608
24,14609,1,1,1, 14610
29,14608,4,4,1, 14612
17,14609,3,3,1, 14612
6,14610,2,2,1, 14612
7,14612,1,1,0, 14613
30,14613,3,3,1, 14616
25,14615,2,2,1, 14617
1,14616,1,1,0, 14617
5,14617,3,3,1, 14620
24,14619,1,1,0, 14620
17,14619,3,3,1, 14622
6,14620,2,2,1, 14622
7,14622,1,1,1, 14623
25,14625,2,2,1, 14627
1,14626,1,1,0, 14627
24,14629,1,1,1, 14630
17,14629,3,3,1, 14632
7,14632,1,1,0, 14633
18,14633,4,4,1, 14637
25,14635,2,2,1, 14637
1,14636,1,1,1, 14637
26,14637,3,3,1, 14640
24,14639,1,1,1, 14640
16,14639,2,2,1, 14641
21,14637,5,5,1, 14642
17,14639,3,3,1, 14642
6,14640,2,2,1, 14642
13,14639,4,4,1, 14643
7,14642,1,1,1, 14643
27,14642,4,4,1, 14646
30,14643,3,3,1, 14646
25,14645,2,2,1, 14647
1,14646,1,1,1, 14647
8,14646,1,1,1, 14647
11,14644,4,4,1, 14648
31,14646,2,2,1, 14648
22,14646,4,4,1, 14650
5,14647,3,3,1, 14650
24,14649,1,1,0, 14650
23,14648,3,3,1, 14651
21,14647,5,5,1, 14652
7,14652,1,1,1, 14653
30,14653,3,3,1, 14656
8,14656,1,1,1, 14657
31,14656,2,2,1, 14658
24,14659,1,1,1, 14660
23,14658,3,3,1, 14661
29,14658,4,4,1, 14662
7,14662,1,1,1, 14663
8,14666,1,1,0, 14667
22,14666,4,4,1, 14670
24,14669,1,1,0, 14670
7,14672,1,1,0, 14673
8,14676,1,1,1, 14677
5,14677,3,3,1, 14680
24,14679,1,1,0, 14680
29,14678,4,4,1, 14682
6,14680,2,2,1, 14682
8,14686,1,1,0, 14687
24,14689,1,1,1, 14690
8,14696,1,1,0, 14697
24,14699,1,1,1, 14700
8,14706,1,1,0, 14707
24,14709,1,1,0, 14710
8,14716,1,1,1, 14717
24,14719,1,1,1, 14720
8,14726,1,1,1, 14727
24,14729,1,1,0, 14730
8,14736,1,1,1, 14737
24,14739,1,1,1, 14740
8,14746,1,1,1, 14747
24,14749,1,1,0, 14750
15,14751,2,2,1, 14753
25,14755,2,2,1, 14757
1,14756,1,1,0, 14757
8,14756,1,1,0, 14757
24,14759,1,1,0, 14760
14,14759,3,3,1, 14762
15,14761,2,2,1, 14763
1,14766,1,1,1, 14767
8,14766,1,1,1, 14767
9,14767,2,2,1, 14769
24,14769,1,1,0, 14770
16,14769,2,2,1, 14771
2,14773,2,2,1, 14775
18,14773,4,4,1, 14777
25,14775,2,2,1, 14777
1,14776,1,1,0, 14777
8,14776,1,1,0, 14777
24,14779,1,1,0, 14780
23,14778,3,3,1, 14781
14,14779,3,3,1, 14782
17,14779,3,3,1, 14782
13,14779,4,4,1, 14783
15,14781,2,2,1, 14783
2,14783,2,2,1, 14785
18,14783,4,4,1, 14787
25,14785,2,2,1, 14787
1,14786,1,1,0, 14787
8,14786,1,1,0, 14787
22,14786,4,4,1, 14790
26,14787,3,3,1, 14790
24,14789,1,1,0, 14790
21,14787,5,5,1, 14792
6,14790,2,2,1, 14792
15,14791,2,2,1, 14793
7,14792,1,1,1, 14793
2,14793,2,2,1, 14795
18,14793,4,4,1, 14797
25,14795,2,2,1, 14797
1,14796,1,1,0, 14797
8,14796,1,1,1, 14797
31,14796,2,2,1, 14798
22,14796,4,4,1, 14800
5,14797,3,3,1, 14800
24,14799,1,1,0, 14800
7,14802,1,1,1, 14803
12,14800,5,5,1, 14805
2,14803,2,2,1, 14805
27,14802,4,4,1, 14806
18,14803,4,4,1, 14807
25,14805,2,2,1, 14807
5,14807,3,3,1, 14810
24,14809,1,1,0, 14810
6,14810,2,2,1, 14812
7,14812,1,1,1, 14813
30,14813,3,3,1, 14816
31,14816,2,2,1, 14818
5,14817,3,3,1, 14820
24,14819,1,1,1, 14820
7,14822,1,1,0, 14823
31,14826,2,2,1, 14828
24,14829,1,1,0, 14830
7,14832,1,1,1, 14833
31,14836,2,2,1, 14838
24,14839,1,1,0, 14840
7,14842,1,1,0, 14843
24,14849,1,1,1, 14850
7,14852,1,1,0, 14853
24,14859,1,1,0, 14860
7,14862,1,1,0, 14863
24,14869,1,1,0, 14870
7,14872,1,1,1, 14873
24,14879,1,1,1, 14880
7,14882,1,1,0, 14883
24,14889,1,1,1, 14890
7,14892,1,1,0, 14893
31,14896,2,2,1, 14898
24,14899,1,1,1, 14900
7,14902,1,1,1, 14903
8,14906,1,1,1, 14907
31,14906,2,2,1, 14908
24,14909,1,1,0, 14910
14,14909,3,3,1, 14912
7,14912,1,1,0, 14913
1,14916,1,1,0, 14917
8,14916,1,1,1, 14917
31,14916,2,2,1, 14918
9,14917,2,2,1, 14919
24,14919,1,1,0, 14920
16,14919,2,2,1, 14921
14,14919,3,3,1, 14922
17,14919,3,3,1, 14922
13,14919,4,4,1, 14923
15,14921,2,2,1, 14923
7,14922,1,1,0, 14923
30,14923,3,3,1, 14926
1,14926,1,1,0, 14927
8,14926,1,1,1, 14927
5,14927,3,3,1, 14930
24,14929,1,1,0, 14930
23,14928,3,3,1, 14931
16,14929,2,2,1, 14931
29,14928,4,4,1, 14932
14,14929,3,3,1, 14932
6,14930,2,2,1, 14932
15,14931,2,2,1, 14933
7,14932,1,1,1, 14933
2,14933,2,2,1, 14935
18,14933,4,4,1, 14937
1,14936,1,1,1, 14937
8,14936,1,1,1, 14937
9,14937,2,2,1, 14939
5,14937,3,3,1, 14940
24,14939,1,1,0, 14940
16,14939,2,2,1, 14941
29,14938,4,4,1, 14942
14,14939,3,3,1, 14942
17,14939,3,3,1, 14942
15,14941,2,2,1, 14943
7,14942,1,1,1, 14943
2,14943,2,2,1, 14945
30,14943,3,3,1, 14946
1,14946,1,1,1, 14947
8,14946,1,1,0, 14947
24,14949,1,1,0, 14950
19,14946,5,5,1, 14951
23,14948,3,3,1, 14951
14,14949,3,3,1, 14952
17,14949,3,3,1, 14952
13,14949,4,4,1, 14953
15,14951,2,2,1, 14953
2,14953,2,2,1, 14955
18,14953,4,4,1, 14957
25,14955,2,2,1, 14957
1,14956,1,1,0, 14957
11,14954,4,4,1, 14958
3,14957,3,3,1, 14960
24,14959,1,1,1, 14960
2,14963,2,2,1, 14965
27,14962,4,4,1, 14966
24,14969,1,1,0, 14970
24,14979,1,1,0, 14980
24,14989,1,1,0, 14990
24,14999,1,1,1, 15000
24,15009,1,1,0, 15010
24,15019,1,1,0, 15020
24,15029,1,1,1, 15030
24,15039,1,1,1, 15040
24,15049,1,1,0, 15050
7,15052,1,1,1, 15053
31,15056,2,2,1, 15058
24,15059,1,1,0, 15060
23,15058,3,3,1, 15061
7,15062,1,1,1, 15063
8,15066,1,1,0, 15067
22,15066,4,4,1, 15070
24,15069,1,1,1, 15070
16,15069,2,2,1, 15071
7,15072,1,1,0, 15073
25,15075,2,2,1, 15077
1,15076,1,1,0, 15077
8,15076,1,1,0, 15077
9,15077,2,2,1, 15079
22,15076,4,4,1, 15080
24,15079,1,1,1, 15080
21,15077,5,5,1, 15082
17,15079,3,3,1, 15082
7,15082,1,1,1, 15083
25,15085,2,2,1, 15087
1,15086,1,1,0, 15087
8,15086,1,1,1, 15087
22,15086,4,4,1, 15090
24,15089,1,1,1, 15090
21,15087,5,5,1, 15092
7,15092,1,1,1, 15093
2,15093,2,2,1, 15095
25,15095,2,2,1, 15097
1,15096,1,1,1, 15097
8,15096,1,1,0, 15097
24,15099,1,1,0, 15100
7,15102,1,1,1, 15103
30,15103,3,3,1, 15106
18,15103,4,4,1, 15107
25,15105,2,2,1, 15107
1,15106,1,1,1, 15107
8,15106,1,1,1, 15107
31,15106,2,2,1, 15108
20,15103,6,6,1, 15109
28,15104,5,5,1, 15109
24,15109,1,1,0, 15110
19,15106,5,5,1, 15111
6,15110,2,2,1, 15112
15,15111,2,2,1, 15113
7,15112,1,1,0, 15113
27,15112,4,4,1, 15116
1,15116,1,1,0, 15117
8,15116,1,1,0, 15117
11,15114,4,4,1, 15118
3,15117,3,3,1, 15120
24,15119,1,1,0, 15120
19,15116,5,5,1, 15121
17,15119,3,3,1, 15122
15,15121,2,2,1, 15123
7,15122,1,1,0, 15123
27,15122,4,4,1, 15126
18,15123,4,4,1, 15127
8,15126,1,1,1, 15127
5,15127,3,3,1, 15130
24,15129,1,1,0, 15130
29,15128,4,4,1, 15132
15,15131,2,2,1, 15133
7,15132,1,1,0, 15133
8,15136,1,1,1, 15137
5,15137,3,3,1, 15140
24,15139,1,1,1, 15140
6,15140,2,2,1, 15142
7,15142,1,1,0, 15143
8,15146,1,1,1, 15147
5,15147,3,3,1, 15150
24,15149,1,1,0, 15150
15,15151,2,2,1, 15153
7,15152,1,1,1, 15153
30,15153,3,3,1, 15156
8,15156,1,1,1, 15157
31,15156,2,2,1, 15158
5,15157,3,3,1, 15160
24,15159,1,1,0, 15160
7,15162,1,1,1, 15163
8,15166,1,1,0, 15167
31,15166,2,2,1, 15168
24,15169,1,1,1, 15170
29,15168,4,4,1, 15172
6,15170,2,2,1, 15172
15,15171,2,2,1, 15173
7,15172,1,1,1, 15173
30,15173,3,3,1, 15176
8,15176,1,1,1, 15177
31,15176,2,2,1, 15178
5,15177,3,3,1, 15180
24,15179,1,1,0, 15180
29,15178,4,4,1, 15182
6,15180,2,2,1, 15182
13,15179,4,4,1, 15183
15,15181,2,2,1, 15183
8,15186,1,1,0, 15187
24,15189,1,1,0, 15190
8,15196,1,1,0, 15197
24,15199,1,1,1, 15200
13,15199,4,4,1, 15203
15,15201,2,2,1, 15203
8,15206,1,1,1, 15207
24,15209,1,1,1, 15210
14,15209,3,3,1, 15212
13,15209,4,4,1, 15213
8,15216,1,1,1, 15217
24,15219,1,1,0, 15220
8,15226,1,1,1, 15227
24,15229,1,1,1, 15230
25,15235,2,2,1, 15237
1,15236,1,1,0, 15237
8,15236,1,1,0, 15237
9,15237,2,2,1, 15239
24,15239,1,1,0, 15240
14,15239,3,3,1, 15242
17,15239,3,3,1, 15242
15,15241,2,2,1, 15243
25,15245,2,2,1, 15247
1,15246,1,1,1, 15247
9,15247,2,2,1, 15249
26,15247,3,3,1, 15250
24,15249,1,1,1, 15250
25,15255,2,2,1, 15257
1,15256,1,1,1, 15257
24,15259,1,1,0, 15260
17,15259,3,3,1, 15262
1,15266,1,1,0, 15267
26,15267,3,3,1, 15270
24,15269,1,1,0, 15270
2,15273,2,2,1, 15275
1,15276,1,1,0, 15277
11,15274,4,4,1, 15278
28,15274,5,5,1, 15279
4,15276,4,4,1, 15280
26,15277,3,3,1, 15280
24,15279,1,1,1, 15280
19,15276,5,5,1, 15281
17,15279,3,3,1, 15282
2,15283,2,2,1, 15285
24,15289,1,1,0, 15290
6,15290,2,2,1, 15292
7,15292,1,1,1, 15293
24,15299,1,1,0, 15300
29,15298,4,4,1, 15302
7,15302,1,1,1, 15303
24,15309,1,1,1, 15310
7,15312,1,1,0, 15313
24,15319,1,1,1, 15320
7,15322,1,1,0, 15323
31,15326,2,2,1, 15328
24,15329,1,1,0, 15330
7,15332,1,1,0, 15333
31,15336,2,2,1, 15338
24,15339,1,1,1, 15340
7,15342,1,1,0, 15343
24,15349,1,1,0, 15350
13,15349,4,4,1, 15353
7,15352,1,1,1, 15353
8,15356,1,1,1, 15357
31,15356,2,2,1, 15358
24,15359,1,1,0, 15360
21,15357,5,5,1, 15362
13,15359,4,4,1, 15363
15,15361,2,2,1, 15363
7,15362,1,1,1, 15363
8,15366,1,1,0, 15367
22,15366,4,4,1, 15370
24,15369,1,1,1, 15370
14,15369,3,3,1, 15372
13,15369,4,4,1, 15373
7,15372,1,1,1, 15373
8,15376,1,1,0, 15377
31,15376,2,2,1, 15378
22,15376,4,4,1, 15380
24,15379,1,1,1, 15380
23,15378,3,3,1, 15381
14,15379,3,3,1, 15382
13,15379,4,4,1, 15383
7,15382,1,1,1, 15383
8,15386,1,1,1, 15387
24,15389,1,1,0, 15390
23,15388,3,3,1, 15391
16,15389,2,2,1, 15391
14,15389,3,3,1, 15392
15,15391,2,2,1, 15393
7,15392,1,1,1, 15393
25,15395,2,2,1, 15397
1,15396,1,1,1, 15397
8,15396,1,1,1, 15397
31,15396,2,2,1, 15398
22,15396,4,4,1, 15400
24,15399,1,1,1, 15400
7,15402,1,1,0, 15403
18,15403,4,4,1, 15407
25,15405,2,2,1, 15407
1,15406,1,1,0, 15407
9,15407,2,2,1, 15409
5,15407,3,3,1, 15410
26,15407,3,3,1, 15410
24,15409,1,1,0, 15410
29,15408,4,4,1, 15412
17,15409,3,3,1, 15412
7,15412,1,1,1, 15413
2,15413,2,2,1, 15415
30,15413,3,3,1, 15416
18,15413,4,4,1, 15417
25,15415,2,2,1, 15417
1,15416,1,1,1, 15417
9,15417,2,2,1, 15419
26,15417,3,3,1, 15420
24,15419,1,1,0, 15420
17,15419,3,3,1, 15422
7,15422,1,1,0, 15423
2,15423,2,2,1, 15425
30,15423,3,3,1, 15426
25,15425,2,2,1, 15427
1,15426,1,1,0, 15427
31,15426,2,2,1, 15428
9,15427,2,2,1, 15429
5,15427,3,3,1, 15430
24,15429,1,1,0, 15430
17,15429,3,3,1, 15432
7,15432,1,1,1, 15433
30,15433,3,3,1, 15436
31,15436,2,2,1, 15438
5,15437,3,3,1, 15440
24,15439,1,1,0, 15440
7,15442,1,1,0, 15443
30,15443,3,3,1, 15446
31,15446,2,2,1, 15448
24,15449,1,1,0, 15450
6,15450,2,2,1, 15452
7,15452,1,1,1, 15453
30,15453,3,3,1, 15456
31,15456,2,2,1, 15458
24,15459,1,1,1, 15460
24,15469,1,1,0, 15470
24,15479,1,1,1, 15480
24,15489,1,1,1, 15490
24,15499,1,1,0, 15500
8,15506,1,1,1, 15507
24,15509,1,1,0, 15510
8,15516,1,1,0, 15517
24,15519,1,1,0, 15520
8,15526,1,1,0, 15527
22,15526,4,4,1, 15530
24,15529,1,1,0, 15530
16,15529,2,2,1, 15531
1,15536,1,1,0, 15537
8,15536,1,1,0, 15537
22,15536,4,4,1, 15540
24,15539,1,1,1, 15540
23,15538,3,3,1, 15541
21,15537,5,5,1, 15542
25,15545,2,2,1, 15547
1,15546,1,1,1, 15547
8,15546,1,1,1, 15547
24,15549,1,1,0, 15550
16,15549,2,2,1, 15551
21,15547,5,5,1, 15552
17,15549,3,3,1, 15552
15,15551,2,2,1, 15553
25,15555,2,2,1, 15557
1,15556,1,1,1, 15557
8,15556,1,1,1, 15557
9,15557,2,2,1, 15559
22,15556,4,4,1, 15560
24,15559,1,1,0, 15560
23,15558,3,3,1, 15561
14,15559,3,3,1, 15562
7,15562,1,1,0, 15563
1,15566,1,1,1, 15567
8,15566,1,1,0, 15567
24,15569,1,1,0, 15570
23,15568,3,3,1, 15571
13,15569,4,4,1, 15573
7,15572,1,1,0, 15573
25,15575,2,2,1, 15577
1,15576,1,1,0, 15577
8,15576,1,1,0, 15577
9,15577,2,2,1, 15579
22,15576,4,4,1, 15580
24,15579,1,1,0, 15580
23,15578,3,3,1, 15581
16,15579,2,2,1, 15581
21,15577,5,5,1, 15582
15,15581,2,2,1, 15583
7,15582,1,1,0, 15583
25,15585,2,2,1, 15587
1,15586,1,1,0, 15587
31,15586,2,2,1, 15588
9,15587,2,2,1, 15589
24,15589,1,1,0, 15590
29,15588,4,4,1, 15592
6,15590,2,2,1, 15592
7,15592,1,1,0, 15593
1,15596,1,1,0, 15597
31,15596,2,2,1, 15598
24,15599,1,1,0, 15600
17,15599,3,3,1, 15602
6,15600,2,2,1, 15602
7,15602,1,1,0, 15603
2,15603,2,2,1, 15605
1,15606,1,1,0, 15607
31,15606,2,2,1, 15608
24,15609,1,1,1, 15610
29,15608,4,4,1, 15612
6,15610,2,2,1, 15612
7,15612,1,1,0, 15613
30,15613,3,3,1, 15616
25,15615,2,2,1, 15617
1,15616,1,1,1, 15617
24,15619,1,1,1, 15620
7,15622,1,1,0, 15623
30,15623,3,3,1, 15626
1,15626,1,1,1, 15627
9,15627,2,2,1, 15629
24,15629,1,1,1, 15630
6,15630,2,2,1, 15632
7,15632,1,1,0, 15633
30,15633,3,3,1, 15636
25,15635,2,2,1, 15637
1,15636,1,1,1, 15637
9,15637,2,2,1, 15639
26,15637,3,3,1, 15640
24,15639,1,1,1, 15640
6,15640,2,2,1, 15642
7,15642,1,1,1, 15643
25,15645,2,2,1, 15647
1,15646,1,1,1, 15647
9,15647,2,2,1, 15649
3,15647,3,3,1, 15650
5,15647,3,3,1, 15650
24,15649,1,1,0, 15650
6,15650,2,2,1, 15652
7,15652,1,1,1, 15653
31,15656,2,2,1, 15658
5,15657,3,3,1, 15660
24,15659,1,1,0, 15660
24,15669,1,1,0, 15670
24,15679,1,1,0, 15680
24,15689,1,1,0, 15690
14,15689,3,3,1, 15692
13,15689,4,4,1, 15693
8,15696,1,1,0, 15697
24,15699,1,1,0, 15700
13,15699,4,4,1, 15703
8,15706,1,1,1, 15707
24,15709,1,1,1, 15710
16,15709,2,2,1, 15711
14,15709,3,3,1, 15712
8,15716,1,1,0, 15717
24,15719,1,1,1, 15720
23,15718,3,3,1, 15721
21,15717,5,5,1, 15722
14,15719,3,3,1, 15722
13,15719,4,4,1, 15723
8,15726,1,1,0, 15727
22,15726,4,4,1, 15730
24,15729,1,1,1, 15730
23,15728,3,3,1, 15731
13,15729,4,4,1, 15733
15,15731,2,2,1, 15733
8,15736,1,1,1, 15737
22,15736,4,4,1, 15740
24,15739,1,1,0, 15740
23,15738,3,3,1, 15741
14,15739,3,3,1, 15742
13,15739,4,4,1, 15743
24,15749,1,1,0, 15750
25,15755,2,2,1, 15757
1,15756,1,1,0, 15757
24,15759,1,1,0, 15760
7,15762,1,1,1, 15763
25,15765,2,2,1, 15767
1,15766,1,1,1, 15767
31,15766,2,2,1, 15768
9,15767,2,2,1, 15769
24,15769,1,1,1, 15770
7,15772,1,1,0, 15773
1,15776,1,1,1, 15777
9,15777,2,2,1, 15779
24,15779,1,1,1, 15780
7,15782,1,1,0, 15783
25,15785,2,2,1, 15787
1,15786,1,1,0, 15787
9,15787,2,2,1, 15789
24,15789,1,1,0, 15790
7,15792,1,1,0, 15793
1,15796,1,1,1, 15797
31,15796,2,2,1, 15798
24,15799,1,1,0, 15800
17,15799,3,3,1, 15802
7,15802,1,1,0, 15803
25,15805,2,2,1, 15807
1,15806,1,1,0, 15807
9,15807,2,2,1, 15809
24,15809,1,1,0, 15810
7,15812,1,1,1, 15813
25,15815,2,2,1, 15817
1,15816,1,1,0, 15817
24,15819,1,1,0, 15820
17,15819,3,3,1, 15822
7,15822,1,1,0, 15823
25,15825,2,2,1, 15827
1,15826,1,1,1, 15827
31,15826,2,2,1, 15828
9,15827,2,2,1, 15829
26,15827,3,3,1, 15830
24,15829,1,1,1, 15830
7,15832,1,1,0, 15833
12,15830,5,5,1, 15835
2,15833,2,2,1, 15835
27,15832,4,4,1, 15836
30,15833,3,3,1, 15836
1,15836,1,1,0, 15837
31,15836,2,2,1, 15838
9,15837,2,2,1, 15839
24,15839,1,1,1, 15840
6,15840,2,2,1, 15842
7,15842,1,1,0, 15843
30,15843,3,3,1, 15846
24,15849,1,1,1, 15850
6,15850,2,2,1, 15852
7,15852,1,1,0, 15853
30,15853,3,3,1, 15856
8,15856,1,1,0, 15857
31,15856,2,2,1, 15858
24,15859,1,1,1, 15860
6,15860,2,2,1, 15862
7,15862,1,1,0, 15863
30,15863,3,3,1, 15866
8,15866,1,1,0, 15867
31,15866,2,2,1, 15868
24,15869,1,1,0, 15870
14,15869,3,3,1, 15872
6,15870,2,2,1, 15872
15,15871,2,2,1, 15873
7,15872,1,1,1, 15873
30,15873,3,3,1, 15876
8,15876,1,1,1, 15877
31,15876,2,2,1, 15878
22,15876,4,4,1, 15880
24,15879,1,1,0, 15880
13,15879,4,4,1, 15883
7,15882,1,1,1, 15883
8,15886,1,1,0, 15887
24,15889,1,1,0, 15890
23,15888,3,3,1, 15891
29,15888,4,4,1, 15892
13,15889,4,4,1, 15893
15,15891,2,2,1, 15893
7,15892,1,1,0, 15893
30,15893,3,3,1, 15896
8,15896,1,1,1, 15897
31,15896,2,2,1, 15898
22,15896,4,4,1, 15900
24,15899,1,1,0, 15900
23,15898,3,3,1, 15901
21,15897,5,5,1, 15902
13,15899,4,4,1, 15903
15,15901,2,2,1, 15903
8,15906,1,1,0, 15907
22,15906,4,4,1, 15910
24,15909,1,1,1, 15910
14,15909,3,3,1, 15912
13,15909,4,4,1, 15913
8,15916,1,1,0, 15917
24,15919,1,1,1, 15920
21,15917,5,5,1, 15922
13,15919,4,4,1, 15923
8,15926,1,1,0, 15927
22,15926,4,4,1, 15930
24,15929,1,1,0, 15930
24,15939,1,1,0, 15940
25,15945,2,2,1, 15947
1,15946,1,1,1, 15947
24,15949,1,1,1, 15950
17,15949,3,3,1, 15952
1,15956,1,1,1, 15957
9,15957,2,2,1, 15959
24,15959,1,1,0, 15960
1,15966,1,1,1, 15967
24,15969,1,1,1, 15970
17,15969,3,3,1, 15972
1,15976,1,1,1, 15977
9,15977,2,2,1, 15979
24,15979,1,1,0, 15980
17,15979,3,3,1, 15982
25,15985,2,2,1, 15987
1,15986,1,1,1, 15987
24,15989,1,1,1, 15990
17,15989,3,3,1, 15992
2,15993,2,2,1, 15995
1,15996,1,1,0, 15997
9,15997,2,2,1, 15999
26,15997,3,3,1, 16000
24,15999,1,1,0, 16000
7,16002,1,1,0, 16003
2,16003,2,2,1, 16005
25,16005,2,2,1, 16007
1,16006,1,1,0, 16007
31,16006,2,2,1, 16008
26,16007,3,3,1, 16010
24,16009,1,1,1, 16010
7,16012,1,1,0, 16013
2,16013,2,2,1, 16015
18,16013,4,4,1, 16017
25,16015,2,2,1, 16017
1,16016,1,1,1, 16017
31,16016,2,2,1, 16018
9,16017,2,2,1, 16019
24,16019,1,1,0, 16020
7,16022,1,1,0, 16023
31,16026,2,2,1, 16028
24,16029,1,1,0, 16030
7,16032,1,1,1, 16033
8,16036,1,1,0, 16037
24,16039,1,1,0, 16040
16,16039,2,2,1, 16041
7,16042,1,1,1, 16043
8,16046,1,1,1, 16047
31,16046,2,2,1, 16048
24,16049,1,1,1, 16050
16,16049,2,2,1, 16051
29,16048,4,4,1, 16052
15,16051,2,2,1, 16053
7,16052,1,1,1, 16053
8,16056,1,1,0, 16057
31,16056,2,2,1, 16058
24,16059,1,1,0, 16060
16,16059,2,2,1, 16061
29,16058,4,4,1, 16062
6,16060,2,2,1, 16062
7,16062,1,1,0, 16063
30,16063,3,3,1, 16066
8,16066,1,1,1, 16067
24,16069,1,1,0, 16070
23,16068,3,3,1, 16071
16,16069,2,2,1, 16071
29,16068,4,4,1, 16072
7,16072,1,1,1, 16073
8,16076,1,1,1, 16077
31,16076,2,2,1, 16078
5,16077,3,3,1, 16080
24,16079,1,1,0, 16080
23,16078,3,3,1, 16081
16,16079,2,2,1, 16081
14,16079,3,3,1, 16082
13,16079,4,4,1, 16083
7,16082,1,1,0, 16083
30,16083,3,3,1, 16086
8,16086,1,1,0, 16087
31,16086,2,2,1, 16088
24,16089,1,1,0, 16090
23,16088,3,3,1, 16091
16,16089,2,2,1, 16091
29,16088,4,4,1, 16092
7,16092,1,1,0, 16093
8,16096,1,1,0, 16097
5,16097,3,3,1, 16100
24,16099,1,1,0, 16100
15,16101,2,2,1, 16103
7,16102,1,1,0, 16103
8,16106,1,1,0, 16107
5,16107,3,3,1, 16110
24,16109,1,1,0, 16110
23,16108,3,3,1, 16111
16,16109,2,2,1, 16111
6,16110,2,2,1, 16112
15,16111,2,2,1, 16113
8,16116,1,1,1, 16117
24,16119,1,1,0, 16120
23,16118,3,3,1, 16121
25,16125,2,2,1, 16127
1,16126,1,1,1, 16127
9,16127,2,2,1, 16129
24,16129,1,1,1, 16130
1,16136,1,1,0, 16137
9,16137,2,2,1, 16139
24,16139,1,1,0, 16140
1,16146,1,1,0, 16147
9,16147,2,2,1, 16149
24,16149,1,1,0, 16150
17,16149,3,3,1, 16152
1,16156,1,1,1, 16157
24,16159,1,1,1, 16160
1,16166,1,1,0, 16167
9,16167,2,2,1, 16169
24,16169,1,1,0, 16170
25,16175,2,2,1, 16177
1,16176,1,1,1, 16177
24,16179,1,1,0, 16180
1,16186,1,1,0, 16187
9,16187,2,2,1, 16189
26,16187,3,3,1, 16190
24,16189,1,1,1, 16190
17,16189,3,3,1, 16192
2,16193,2,2,1, 16195
1,16196,1,1,1, 16197
9,16197,2,2,1, 16199
24,16199,1,1,0, 16200
12,16200,5,5,1, 16205
2,16203,2,2,1, 16205
1,16206,1,1,1, 16207
9,16207,2,2,1, 16209
24,16209,1,1,0, 16210
31,16216,2,2,1, 16218
24,16219,1,1,0, 16220
7,16222,1,1,1, 16223
31,16226,2,2,1, 16228
24,16229,1,1,0, 16230
14,16229,3,3,1, 16232
15,16231,2,2,1, 16233
7,16232,1,1,1, 16233
8,16236,1,1,0, 16237
24,16239,1,1,0, 16240
13,16239,4,4,1, 16243
7,16242,1,1,1, 16243
8,16246,1,1,1, 16247
24,16249,1,1,1, 16250
23,16248,3,3,1, 16251
21,16247,5,5,1, 16252
13,16249,4,4,1, 16253
7,16252,1,1,0, 16253
30,16253,3,3,1, 16256
8,16256,1,1,0, 16257
24,16259,1,1,0, 16260
23,16258,3,3,1, 16261
29,16258,4,4,1, 16262
14,16259,3,3,1, 16262
13,16259,4,4,1, 16263
15,16261,2,2,1, 16263
7,16262,1,1,1, 16263
8,16266,1,1,0, 16267
22,16266,4,4,1, 16270
24,16269,1,1,0, 16270
15,16271,2,2,1, 16273
7,16272,1,1,1, 16273
30,16273,3,3,1, 16276
8,16276,1,1,0, 16277
31,16276,2,2,1, 16278
24,16279,1,1,0, 16280
23,16278,3,3,1, 16281
21,16277,5,5,1, 16282
14,16279,3,3,1, 16282
6,16280,2,2,1, 16282
13,16279,4,4,1, 16283
7,16282,1,1,0, 16283
30,16283,3,3,1, 16286
8,16286,1,1,0, 16287
22,16286,4,4,1, 16290
24,16289,1,1,0, 16290
7,16292,1,1,0, 16293
30,16293,3,3,1, 16296
31,16296,2,2,1, 16298
24,16299,1,1,0, 16300
7,16302,1,1,1, 16303
31,16306,2,2,1, 16308
24,16309,1,1,0, 16310
7,16312,1,1,0, 16313
1,16316,1,1,1, 16317
24,16319,1,1,1, 16320
6,16320,2,2,1, 16322
7,16322,1,1,0, 16323
1,16326,1,1,0, 16327
31,16326,2,2,1, 16328
9,16327,2,2,1, 16329
24,16329,1,1,0, 16330
7,16332,1,1,0, 16333
30,16333,3,3,1, 16336
25,16335,2,2,1, 16337
1,16336,1,1,0, 16337
31,16336,2,2,1, 16338
9,16337,2,2,1, 16339
24,16339,1,1,1, 16340
17,16339,3,3,1, 16342
6,16340,2,2,1, 16342
7,16342,1,1,1, 16343
2,16343,2,2,1, 16345
18,16343,4,4,1, 16347
1,16346,1,1,0, 16347
9,16347,2,2,1, 16349
24,16349,1,1,1, 16350
7,16352,1,1,0, 16353
18,16353,4,4,1, 16357
25,16355,2,2,1, 16357
1,16356,1,1,0, 16357
9,16357,2,2,1, 16359
26,16357,3,3,1, 16360
24,16359,1,1,1, 16360
17,16359,3,3,1, 16362
7,16362,1,1,0, 16363
30,16363,3,3,1, 16366
18,16363,4,4,1, 16367
25,16365,2,2,1, 16367
1,16366,1,1,1, 16367
31,16366,2,2,1, 16368
3,16367,3,3,1, 16370
26,16367,3,3,1, 16370
24,16369,1,1,1, 16370
19,16366,5,5,1, 16371
7,16372,1,1,1, 16373
30,16373,3,3,1, 16376
31,16376,2,2,1, 16378
5,16377,3,3,1, 16380
24,16379,1,1,1, 16380
29,16378,4,4,1, 16382
24,16389,1,1,1, 16390
8,16396,1,1,1, 16397
24,16399,1,1,0, 16400
8,16406,1,1,0, 16407
24,16409,1,1,0, 16410
16,16409,2,2,1, 16411
8,16416,1,1,0, 16417
24,16419,1,1,1, 16420
16,16419,2,2,1, 16421
8,16426,1,1,0, 16427
24,16429,1,1,0, 16430
14,16429,3,3,1, 16432
13,16429,4,4,1, 16433
8,16436,1,1,1, 16437
24,16439,1,1,1, 16440
8,16446,1,1,1, 16447
24,16449,1,1,0, 16450
23,16448,3,3,1, 16451
14,16449,3,3,1, 16452
8,16456,1,1,0, 16457
24,16459,1,1,0, 16460
14,16459,3,3,1, 16462
8,16466,1,1,1, 16467
24,16469,1,1,0, 16470
14,16469,3,3,1, 16472
25,16475,2,2,1, 16477
1,16476,1,1,0, 16477
8,16476,1,1,0, 16477
24,16479,1,1,1, 16480
23,16478,3,3,1, 16481
14,16479,3,3,1, 16482
25,16485,2,2,1, 16487
1,16486,1,1,0, 16487
8,16486,1,1,0, 16487
24,16489,1,1,1, 16490
23,16488,3,3,1, 16491
15,16491,2,2,1, 16493
7,16492,1,1,1, 16493
25,16495,2,2,1, 16497
1,16496,1,1,1, 16497
8,16496,1,1,1, 16497
24,16499,1,1,0, 16500
13,16499,4,4,1, 16503
15,16501,2,2,1, 16503
7,16502,1,1,1, 16503
1,16506,1,1,1, 16507
8,16506,1,1,1, 16507
24,16509,1,1,0, 16510
16,16509,2,2,1, 16511
7,16512,1,1,0, 16513
25,16515,2,2,1, 16517
1,16516,1,1,1, 16517
8,16516,1,1,0, 16517
31,16516,2,2,1, 16518
22,16516,4,4,1, 16520
24,16519,1,1,1, 16520
23,16518,3,3,1, 16521
16,16519,2,2,1, 16521
15,16521,2,2,1, 16523
7,16522,1,1,1, 16523
2,16523,2,2,1, 16525
25,16525,2,2,1, 16527
1,16526,1,1,0, 16527
31,16526,2,2,1, 16528
24,16529,1,1,1, 16530
7,16532,1,1,0, 16533
2,16533,2,2,1, 16535
25,16535,2,2,1, 16537
1,16536,1,1,1, 16537
24,16539,1,1,1, 16540
7,16542,1,1,0, 16543
30,16543,3,3,1, 16546
18,16543,4,4,1, 16547
1,16546,1,1,1, 16547
31,16546,2,2,1, 16548
5,16547,3,3,1, 16550
24,16549,1,1,0, 16550
7,16552,1,1,1, 16553
2,16553,2,2,1, 16555
30,16553,3,3,1, 16556
18,16553,4,4,1, 16557
1,16556,1,1,0, 16557
31,16556,2,2,1, 16558
9,16557,2,2,1, 16559
26,16557,3,3,1, 16560
24,16559,1,1,0, 16560
6,16560,2,2,1, 16562
7,16562,1,1,0, 16563
30,16563,3,3,1, 16566
18,16563,4,4,1, 16567
25,16565,2,2,1, 16567
1,16566,1,1,1, 16567
31,16566,2,2,1, 16568
9,16567,2,2,1, 16569
24,16569,1,1,0, 16570
17,16569,3,3,1, 16572
6,16570,2,2,1, 16572
7,16572,1,1,1, 16573
5,16577,3,3,1, 16580
24,16579,1,1,0, 16580
7,16582,1,1,1, 16583
5,16587,3,3,1, 16590
24,16589,1,1,1, 16590
29,16588,4,4,1, 16592
7,16592,1,1,0, 16593
31,16596,2,2,1, 16598
24,16599,1,1,1, 16600
6,16600,2,2,1, 16602
7,16602,1,1,1, 16603
30,16603,3,3,1, 16606
31,16606,2,2,1, 16608
5,16607,3,3,1, 16610
24,16609,1,1,1, 16610
24,16619,1,1,0, 16620
24,16629,1,1,0, 16630
13,16629,4,4,1, 16633
15,16631,2,2,1, 16633
8,16636,1,1,0, 16637
24,16639,1,1,0, 16640
15,16641,2,2,1, 16643
8,16646,1,1,0, 16647
24,16649,1,1,1, 16650
13,16649,4,4,1, 16653
15,16651,2,2,1, 16653
8,16656,1,1,1, 16657
24,16659,1,1,1, 16660
15,16661,2,2,1, 16663
8,16666,1,1,1, 16667
24,16669,1,1,0, 16670
16,16669,2,2,1, 16671
25,16675,2,2,1, 16677
1,16676,1,1,1, 16677
8,16676,1,1,0, 16677
22,16676,4,4,1, 16680
24,16679,1,1,0, 16680
17,16679,3,3,1, 16682
13,16679,4,4,1, 16683
15,16681,2,2,1, 16683
25,16685,2,2,1, 16687
1,16686,1,1,0, 16687
8,16686,1,1,1, 16687
9,16687,2,2,1, 16689
24,16689,1,1,0, 16690
23,16688,3,3,1, 16691
21,16687,5,5,1, 16692
14,16689,3,3,1, 16692
13,16689,4,4,1, 16693
1,16696,1,1,0, 16697
8,16696,1,1,1, 16697
9,16697,2,2,1, 16699
24,16699,1,1,0, 16700
23,16698,3,3,1, 16701
16,16699,2,2,1, 16701
14,16699,3,3,1, 16702
17,16699,3,3,1, 16702
1,16706,1,1,0, 16707
9,16707,2,2,1, 16709
24,16709,1,1,0, 16710
25,16715,2,2,1, 16717
1,16716,1,1,0, 16717
31,16716,2,2,1, 16718
24,16719,1,1,0, 16720
17,16719,3,3,1, 16722
7,16722,1,1,0, 16723
18,16723,4,4,1, 16727
25,16725,2,2,1, 16727
1,16726,1,1,0, 16727
26,16727,3,3,1, 16730
24,16729,1,1,0, 16730
17,16729,3,3,1, 16732
7,16732,1,1,0, 16733
18,16733,4,4,1, 16737
25,16735,2,2,1, 16737
1,16736,1,1,1, 16737
31,16736,2,2,1, 16738
9,16737,2,2,1, 16739
24,16739,1,1,1, 16740
17,16739,3,3,1, 16742
7,16742,1,1,0, 16743
24,16749,1,1,1, 16750
7,16752,1,1,1, 16753
31,16756,2,2,1, 16758
24,16759,1,1,0, 16760
7,16762,1,1,1, 16763
24,16769,1,1,0, 16770
7,16772,1,1,1, 16773
31,16776,2,2,1, 16778
24,16779,1,1,0, 16780
7,16782,1,1,0, 16783
24,16789,1,1,1, 16790
7,16792,1,1,0, 16793
30,16793,3,3,1, 16796
5,16797,3,3,1, 16800
24,16799,1,1,0, 16800
29,16798,4,4,1, 16802
6,16800,2,2,1, 16802
7,16802,1,1,0, 16803
30,16803,3,3,1, 16806
8,16806,1,1,0, 16807
31,16806,2,2,1, 16808
5,16807,3,3,1, 16810
24,16809,1,1,0, 16810
7,16812,1,1,1, 16813
30,16813,3,3,1, 16816
8,16816,1,1,1, 16817
31,16816,2,2,1, 16818
24,16819,1,1,1, 16820
7,16822,1,1,0, 16823
8,16826,1,1,1, 16827
24,16829,1,1,0, 16830
7,16832,1,1,0, 16833
30,16833,3,3,1, 16836
8,16836,1,1,0, 16837
31,16836,2,2,1, 16838
24,16839,1,1,0, 16840
29,16838,4,4,1, 16842
7,16842,1,1,0, 16843
1,16846,1,1,0, 16847
8,16846,1,1,1, 16847
9,16847,2,2,1, 16849
24,16849,1,1,0, 16850
29,16848,4,4,1, 16852
14,16849,3,3,1, 16852
15,16851,2,2,1, 16853
7,16852,1,1,0, 16853
25,16855,2,2,1, 16857
1,16856,1,1,1, 16857
8,16856,1,1,0, 16857
31,16856,2,2,1, 16858
5,16857,3,3,1, 16860
24,16859,1,1,1, 16860
6,16860,2,2,1, 16862
15,16861,2,2,1, 16863
25,16865,2,2,1, 16867
1,16866,1,1,1, 16867
8,16866,1,1,1, 16867
24,16869,1,1,0, 16870
14,16869,3,3,1, 16872
13,16869,4,4,1, 16873
25,16875,2,2,1, 16877
1,16876,1,1,1, 16877
8,16876,1,1,1, 16877
24,16879,1,1,1, 16880
14,16879,3,3,1, 16882
17,16879,3,3,1, 16882
13,16879,4,4,1, 16883
15,16881,2,2,1, 16883
25,16885,2,2,1, 16887
1,16886,1,1,1, 16887
8,16886,1,1,1, 16887
9,16887,2,2,1, 16889
24,16889,1,1,0, 16890
14,16889,3,3,1, 16892
17,16889,3,3,1, 16892
13,16889,4,4,1, 16893
1,16896,1,1,0, 16897
8,16896,1,1,1, 16897
24,16899,1,1,1, 16900
15,16901,2,2,1, 16903
25,16905,2,2,1, 16907
1,16906,1,1,1, 16907
8,16906,1,1,1, 16907
24,16909,1,1,0, 16910
16,16909,2,2,1, 16911
14,16909,3,3,1, 16912
25,16915,2,2,1, 16917
1,16916,1,1,0, 16917
8,16916,1,1,1, 16917
24,16919,1,1,0, 16920
23,16918,3,3,1, 16921
21,16917,5,5,1, 16922
14,16919,3,3,1, 16922
17,16919,3,3,1, 16922
15,16921,2,2,1, 16923
18,16923,4,4,1, 16927
25,16925,2,2,1, 16927
1,16926,1,1,1, 16927
8,16926,1,1,0, 16927
24,16929,1,1,1, 16930
23,16928,3,3,1, 16931
25,16935,2,2,1, 16937
1,16936,1,1,0, 16937
26,16937,3,3,1, 16940
24,16939,1,1,1, 16940
1,16946,1,1,0, 16947
9,16947,2,2,1, 16949
24,16949,1,1,0, 16950
1,16956,1,1,1, 16957
9,16957,2,2,1, 16959
3,16957,3,3,1, 16960
24,16959,1,1,1, 16960
17,16959,3,3,1, 16962
31,16966,2,2,1, 16968
24,16969,1,1,1, 16970
7,16972,1,1,0, 16973
24,16979,1,1,1, 16980
7,16982,1,1,1, 16983
31,16986,2,2,1, 16988
24,16989,1,1,0, 16990
6,16990,2,2,1, 16992
7,16992,1,1,1, 16993
30,16993,3,3,1, 16996
24,16999,1,1,0, 17000
6,17000,2,2,1, 17002
7,17002,1,1,0, 17003
30,17003,3,3,1, 17006
24,17009,1,1,0, 17010
6,17010,2,2,1, 17012
7,17012,1,1,1, 17013
24,17019,1,1,0, 17020
6,17020,2,2,1, 17022
7,17022,1,1,0, 17023
31,17026,2,2,1, 17028
24,17029,1,1,1, 17030
6,17030,2,2,1, 17032
7,17032,1,1,1, 17033
30,17033,3,3,1, 17036
8,17036,1,1,1, 17037
31,17036,2,2,1, 17038
24,17039,1,1,0, 17040
23,17038,3,3,1, 17041
29,17038,4,4,1, 17042
14,17039,3,3,1, 17042
6,17040,2,2,1, 17042
7,17042,1,1,0, 17043
30,17043,3,3,1, 17046
8,17046,1,1,1, 17047
31,17046,2,2,1, 17048
24,17049,1,1,1, 17050
16,17049,2,2,1, 17051
8,17056,1,1,0, 17057
24,17059,1,1,1, 17060
23,17058,3,3,1, 17061
21,17057,5,5,1, 17062
14,17059,3,3,1, 17062
13,17059,4,4,1, 17063
1,17066,1,1,0, 17067
8,17066,1,1,0, 17067
24,17069,1,1,0, 17070
17,17069,3,3,1, 17072
1,17076,1,1,1, 17077
8,17076,1,1,1, 17077
9,17077,2,2,1, 17079
22,17076,4,4,1, 17080
24,17079,1,1,0, 17080
23,17078,3,3,1, 17081
16,17079,2,2,1, 17081
21,17077,5,5,1, 17082
14,17079,3,3,1, 17082
15,17081,2,2,1, 17083
1,17086,1,1,0, 17087
8,17086,1,1,0, 17087
9,17087,2,2,1, 17089
24,17089,1,1,1, 17090
25,17095,2,2,1, 17097
1,17096,1,1,1, 17097
8,17096,1,1,0, 17097
9,17097,2,2,1, 17099
24,17099,1,1,0, 17100
15,17101,2,2,1, 17103
1,17106,1,1,0, 17107
8,17106,1,1,0, 17107
24,17109,1,1,1, 17110
17,17109,3,3,1, 17112
13,17109,4,4,1, 17113
25,17115,2,2,1, 17117
1,17116,1,1,0, 17117
8,17116,1,1,1, 17117
24,17119,1,1,0, 17120
17,17119,3,3,1, 17122
13,17119,4,4,1, 17123
15,17121,2,2,1, 17123
1,17126,1,1,1, 17127
24,17129,1,1,0, 17130
17,17129,3,3,1, 17132
1,17136,1,1,1, 17137
24,17139,1,1,1, 17140
18,17143,4,4,1, 17147
25,17145,2,2,1, 17147
1,17146,1,1,0, 17147
9,17147,2,2,1, 17149
26,17147,3,3,1, 17150
24,17149,1,1,1, 17150
7,17152,1,1,1, 17153
25,17155,2,2,1, 17157
1,17156,1,1,0, 17157
9,17157,2,2,1, 17159
24,17159,1,1,1, 17160
17,17159,3,3,1, 17162
7,17162,1,1,0, 17163
25,17165,2,2,1, 17167
1,17166,1,1,1, 17167
24,17169,1,1,0, 17170
7,17172,1,1,1, 17173
1,17176,1,1,1, 17177
31,17176,2,2,1, 17178
24,17179,1,1,1, 17180
7,17182,1,1,1, 17183
2,17183,2,2,1, 17185
18,17183,4,4,1, 17187
31,17186,2,2,1, 17188
24,17189,1,1,0, 17190
7,17192,1,1,0, 17193
24,17199,1,1,1, 17200
7,17202,1,1,0, 17203
24,17209,1,1,1, 17210
7,17212,1,1,1, 17213
30,17213,3,3,1, 17216
31,17216,2,2,1, 17218
24,17219,1,1,1, 17220
6,17220,2,2,1, 17222
7,17222,1,1,1, 17223
30,17223,3,3,1, 17226
31,17226,2,2,1, 17228
5,17227,3,3,1, 17230
24,17229,1,1,1, 17230
29,17228,4,4,1, 17232
6,17230,2,2,1, 17232
7,17232,1,1,0, 17233
8,17236,1,1,0, 17237
5,17237,3,3,1, 17240
24,17239,1,1,0, 17240
6,17240,2,2,1, 17242
7,17242,1,1,1, 17243
8,17246,1,1,1, 17247
5,17247,3,3,1, 17250
24,17249,1,1,0, 17250
7,17252,1,1,0, 17253
8,17256,1,1,1, 17257
5,17257,3,3,1, 17260
24,17259,1,1,0, 17260
7,17262,1,1,0, 17263
30,17263,3,3,1, 17266
8,17266,1,1,0, 17267
5,17267,3,3,1, 17270
24,17269,1,1,1, 17270
16,17269,2,2,1, 17271
6,17270,2,2,1, 17272
7,17272,1,1,1, 17273
30,17273,3,3,1, 17276
8,17276,1,1,0, 17277
31,17276,2,2,1, 17278
24,17279,1,1,1, 17280
16,17279,2,2,1, 17281
8,17286,1,1,0, 17287
24,17289,1,1,1, 17290
17,17289,3,3,1, 17292
1,17296,1,1,0, 17297
8,17296,1,1,1, 17297
9,17297,2,2,1, 17299
24,17299,1,1,0, 17300
23,17298,3,3,1, 17301
21,17297,5,5,1, 17302
17,17299,3,3,1, 17302
15,17301,2,2,1, 17303
1,17306,1,1,0, 17307
8,17306,1,1,1, 17307
24,17309,1,1,0, 17310
23,17308,3,3,1, 17311
14,17309,3,3,1, 17312
17,17309,3,3,1, 17312
13,17309,4,4,1, 17313
1,17316,1,1,0, 17317
8,17316,1,1,0, 17317
24,17319,1,1,1, 17320
23,17318,3,3,1, 17321
16,17319,2,2,1, 17321
21,17317,5,5,1, 17322
14,17319,3,3,1, 17322
17,17319,3,3,1, 17322
13,17319,4,4,1, 17323
15,17321,2,2,1, 17323
25,17325,2,2,1, 17327
1,17326,1,1,0, 17327
8,17326,1,1,0, 17327
9,17327,2,2,1, 17329
24,17329,1,1,0, 17330
23,17328,3,3,1, 17331
21,17327,5,5,1, 17332
14,17329,3,3,1, 17332
17,17329,3,3,1, 17332
13,17329,4,4,1, 17333
15,17331,2,2,1, 17333
1,17336,1,1,1, 17337
8,17336,1,1,1, 17337
9,17337,2,2,1, 17339
22,17336,4,4,1, 17340
26,17337,3,3,1, 17340
24,17339,1,1,0, 17340
17,17339,3,3,1, 17342
2,17343,2,2,1, 17345
25,17345,2,2,1, 17347
1,17346,1,1,1, 17347
26,17347,3,3,1, 17350
24,17349,1,1,0, 17350
2,17353,2,2,1, 17355
18,17353,4,4,1, 17357
25,17355,2,2,1, 17357
1,17356,1,1,1, 17357
9,17357,2,2,1, 17359
24,17359,1,1,0, 17360
24,17369,1,1,0, 17370
24,17379,1,1,0, 17380
7,17382,1,1,0, 17383
24,17389,1,1,1, 17390
7,17392,1,1,0, 17393
24,17399,1,1,1, 17400
7,17402,1,1,0, 17403
31,17406,2,2,1, 17408
24,17409,1,1,1, 17410
7,17412,1,1,0, 17413
24,17419,1,1,1, 17420
7,17422,1,1,1, 17423
24,17429,1,1,1, 17430
7,17432,1,1,0, 17433
31,17436,2,2,1, 17438
24,17439,1,1,1, 17440
7,17442,1,1,0, 17443
8,17446,1,1,0, 17447
31,17446,2,2,1, 17448
24,17449,1,1,0, 17450
23,17448,3,3,1, 17451
13,17449,4,4,1, 17453
7,17452,1,1,1, 17453
30,17453,3,3,1, 17456
8,17456,1,1,0, 17457
22,17456,4,4,1, 17460
24,17459,1,1,1, 17460
23,17458,3,3,1, 17461
16,17459,2,2,1, 17461
21,17457,5,5,1, 17462
6,17460,2,2,1, 17462
15,17461,2,2,1, 17463
7,17462,1,1,0, 17463
30,17463,3,3,1, 17466
25,17465,2,2,1, 17467
1,17466,1,1,1, 17467
8,17466,1,1,0, 17467
31,17466,2,2,1, 17468
24,17469,1,1,1, 17470
23,17468,3,3,1, 17471
16,17469,2,2,1, 17471
21,17467,5,5,1, 17472
7,17472,1,1,0, 17473
30,17473,3,3,1, 17476
25,17475,2,2,1, 17477
1,17476,1,1,1, 17477
8,17476,1,1,1, 17477
24,17479,1,1,0, 17480
23,17478,3,3,1, 17481
16,17479,2,2,1, 17481
17,17479,3,3,1, 17482
15,17481,2,2,1, 17483
7,17482,1,1,0, 17483
30,17483,3,3,1, 17486
1,17486,1,1,1, 17487
8,17486,1,1,1, 17487
31,17486,2,2,1, 17488
9,17487,2,2,1, 17489
22,17486,4,4,1, 17490
24,17489,1,1,1, 17490
6,17490,2,2,1, 17492
7,17492,1,1,0, 17493
1,17496,1,1,1, 17497
8,17496,1,1,0, 17497
9,17497,2,2,1, 17499
24,17499,1,1,1, 17500
6,17500,2,2,1, 17502
7,17502,1,1,1, 17503
30,17503,3,3,1, 17506
1,17506,1,1,1, 17507
8,17506,1,1,0, 17507
31,17506,2,2,1, 17508
26,17507,3,3,1, 17510
24,17509,1,1,0, 17510
17,17509,3,3,1, 17512
6,17510,2,2,1, 17512
7,17512,1,1,0, 17513
2,17513,2,2,1, 17515
1,17516,1,1,1, 17517
8,17516,1,1,1, 17517
24,17519,1,1,0, 17520
6,17520,2,2,1, 17522
15,17521,2,2,1, 17523
7,17522,1,1,0, 17523
2,17523,2,2,1, 17525
25,17525,2,2,1, 17527
1,17526,1,1,0, 17527
8,17526,1,1,1, 17527
31,17526,2,2,1, 17528
3,17527,3,3,1, 17530
26,17527,3,3,1, 17530
24,17529,1,1,0, 17530
19,17526,5,5,1, 17531
17,17529,3,3,1, 17532
7,17532,1,1,1, 17533
27,17532,4,4,1, 17536
18,17533,4,4,1, 17537
1,17536,1,1,1, 17537
8,17536,1,1,0, 17537
11,17534,4,4,1, 17538
31,17536,2,2,1, 17538
24,17539,1,1,0, 17540
29,17538,4,4,1, 17542
6,17540,2,2,1, 17542
15,17541,2,2,1, 17543
8,17546,1,1,1, 17547
24,17549,1,1,1, 17550
8,17556,1,1,0, 17557
24,17559,1,1,1, 17560
14,17559,3,3,1, 17562
8,17566,1,1,1, 17567
24,17569,1,1,1, 17570
8,17576,1,1,0, 17577
24,17579,1,1,1, 17580
14,17579,3,3,1, 17582
24,17589,1,1,1, 17590
24,17599,1,1,0, 17600
24,17609,1,1,1, 17610
24,17619,1,1,1, 17620
24,17629,1,1,0, 17630
24,17639,1,1,0, 17640
1,17646,1,1,1, 17647
31,17646,2,2,1, 17648
9,17647,2,2,1, 17649
5,17647,3,3,1, 17650
24,17649,1,1,0, 17650
17,17649,3,3,1, 17652
7,17652,1,1,0, 17653
30,17653,3,3,1, 17656
1,17656,1,1,1, 17657
31,17656,2,2,1, 17658
9,17657,2,2,1, 17659
5,17657,3,3,1, 17660
24,17659,1,1,1, 17660
29,17658,4,4,1, 17662
7,17662,1,1,1, 17663
25,17665,2,2,1, 17667
1,17666,1,1,1, 17667
24,17669,1,1,0, 17670
7,17672,1,1,1, 17673
25,17675,2,2,1, 17677
1,17676,1,1,0, 17677
9,17677,2,2,1, 17679
24,17679,1,1,1, 17680
7,17682,1,1,0, 17683
2,17683,2,2,1, 17685
18,17683,4,4,1, 17687
1,17686,1,1,0, 17687
8,17686,1,1,0, 17687
26,17687,3,3,1, 17690
24,17689,1,1,1, 17690
23,17688,3,3,1, 17691
16,17689,2,2,1, 17691
7,17692,1,1,0, 17693
1,17696,1,1,0, 17697
8,17696,1,1,0, 17697
22,17696,4,4,1, 17700
24,17699,1,1,1, 17700
16,17699,2,2,1, 17701
21,17697,5,5,1, 17702
17,17699,3,3,1, 17702
13,17699,4,4,1, 17703
7,17702,1,1,0, 17703
18,17703,4,4,1, 17707
25,17705,2,2,1, 17707
1,17706,1,1,1, 17707
8,17706,1,1,0, 17707
22,17706,4,4,1, 17710
24,17709,1,1,1, 17710
23,17708,3,3,1, 17711
16,17709,2,2,1, 17711
21,17707,5,5,1, 17712
17,17709,3,3,1, 17712
13,17709,4,4,1, 17713
7,17712,1,1,0, 17713
2,17713,2,2,1, 17715
18,17713,4,4,1, 17717
1,17716,1,1,1, 17717
8,17716,1,1,0, 17717
31,17716,2,2,1, 17718
26,17717,3,3,1, 17720
24,17719,1,1,0, 17720
23,17718,3,3,1, 17721
16,17719,2,2,1, 17721
21,17717,5,5,1, 17722
7,17722,1,1,1, 17723
2,17723,2,2,1, 17725
1,17726,1,1,0, 17727
8,17726,1,1,0, 17727
31,17726,2,2,1, 17728
9,17727,2,2,1, 17729
22,17726,4,4,1, 17730
24,17729,1,1,1, 17730
23,17728,3,3,1, 17731
7,17732,1,1,0, 17733
1,17736,1,1,0, 17737
31,17736,2,2,1, 17738
24,17739,1,1,1, 17740
7,17742,1,1,1, 17743
2,17743,2,2,1, 17745
18,17743,4,4,1, 17747
31,17746,2,2,1, 17748
24,17749,1,1,0, 17750
7,17752,1,1,0, 17753
31,17756,2,2,1, 17758
24,17759,1,1,0, 17760
7,17762,1,1,0, 17763
24,17769,1,1,0, 17770
29,17768,4,4,1, 17772
6,17770,2,2,1, 17772
7,17772,1,1,1, 17773
30,17773,3,3,1, 17776
31,17776,2,2,1, 17778
5,17777,3,3,1, 17780
24,17779,1,1,1, 17780
6,17780,2,2,1, 17782
7,17782,1,1,0, 17783
30,17783,3,3,1, 17786
5,17787,3,3,1, 17790
24,17789,1,1,1, 17790
6,17790,2,2,1, 17792
7,17792,1,1,0, 17793
30,17793,3,3,1, 17796
24,17799,1,1,0, 17800
6,17800,2,2,1, 17802
7,17802,1,1,0, 17803
5,17807,3,3,1, 17810
24,17809,1,1,0, 17810
24,17819,1,1,1, 17820
24,17829,1,1,0, 17830
8,17836,1,1,0, 17837
24,17839,1,1,1, 17840
8,17846,1,1,1, 17847
24,17849,1,1,1, 17850
25,17855,2,2,1, 17857
1,17856,1,1,0, 17857
8,17856,1,1,0, 17857
9,17857,2,2,1, 17859
24,17859,1,1,1, 17860
25,17865,2,2,1, 17867
1,17866,1,1,0, 17867
8,17866,1,1,1, 17867
9,17867,2,2,1, 17869
24,17869,1,1,0, 17870
25,17875,2,2,1, 17877
1,17876,1,1,0, 17877
8,17876,1,1,1, 17877
24,17879,1,1,1, 17880
1,17886,1,1,1, 17887
8,17886,1,1,0, 17887
9,17887,2,2,1, 17889
26,17887,3,3,1, 17890
24,17889,1,1,0, 17890
2,17893,2,2,1, 17895
18,17893,4,4,1, 17897
25,17895,2,2,1, 17897
1,17896,1,1,1, 17897
8,17896,1,1,1, 17897
26,17897,3,3,1, 17900
24,17899,1,1,1, 17900
17,17899,3,3,1, 17902
2,17903,2,2,1, 17905
1,17906,1,1,0, 17907
8,17906,1,1,0, 17907
26,17907,3,3,1, 17910
24,17909,1,1,0, 17910
2,17913,2,2,1, 17915
25,17915,2,2,1, 17917
1,17916,1,1,1, 17917
8,17916,1,1,1, 17917
31,17916,2,2,1, 17918
24,17919,1,1,0, 17920
23,17918,3,3,1, 17921
7,17922,1,1,1, 17923
15,17921,2,4,1, 17925
1,17926,1,1,0, 17927
8,17926,1,1,1, 17927
9,17927,2,2,1, 17929
26,17927,3,3,1, 17930
24,17929,1,1,0, 17930
23,17928,3,3,1, 17931
16,17929,2,2,1, 17931
7,17932,1,1,1, 17933
15,17931,2,4,1, 17935
8,17936,1,1,1, 17937
24,17939,1,1,0, 17940
23,17938,3,3,1, 17941
16,17939,2,2,0, 17941
7,17942,1,1,1, 17943
8,17946,1,1,1, 17947
24,17949,1,1,0, 17950
16,17949,2,2,0, 17951
7,17952,1,1,1, 17953
8,17956,1,1,1, 17957
31,17956,2,2,1, 17958
24,17959,1,1,0, 17960
23,17958,3,3,1, 17961
16,17959,2,2,0, 17961
6,17960,2,2,1, 17962
13,17959,4,4,1, 17963
7,17962,1,1,0, 17963
8,17966,1,1,0, 17967
22,17966,4,4,1, 17970
24,17969,1,1,0, 17970
16,17969,2,2,1, 17971
13,17969,4,4,1, 17973
7,17972,1,1,0, 17973
8,17976,1,1,0, 17977
22,17976,4,4,1, 17980
24,17979,1,1,1, 17980
23,17978,3,3,1, 17981
16,17979,2,2,0, 17981
7,17982,1,1,1, 17983
30,17983,3,3,1, 17986
8,17986,1,1,0, 17987
22,17986,4,4,1, 17990
24,17989,1,1,0, 17990
23,17988,3,3,1, 17991
16,17989,2,2,1, 17991
29,17988,4,4,1, 17992
8,17996,1,1,0, 17997
24,17999,1,1,0, 18000
16,17999,2,2,1, 18001
8,18006,1,1,0, 18007
24,18009,1,1,0, 18010
16,18009,2,2,1, 18011
8,18016,1,1,1, 18017
24,18019,1,1,1, 18020
16,18019,2,2,0, 18021
8,18026,1,1,1, 18027
24,18029,1,1,0, 18030
16,18029,2,2,1, 18031
1,18036,1,1,1, 18037
8,18036,1,1,1, 18037
24,18039,1,1,1, 18040
16,18039,2,2,1, 18041
1,18046,1,1,1, 18047
8,18046,1,1,0, 18047
24,18049,1,1,1, 18050
16,18049,2,2,0, 18051
17,18049,3,3,1, 18052
25,18055,2,2,1, 18057
1,18056,1,1,0, 18057
8,18056,1,1,0, 18057
24,18059,1,1,1, 18060
16,18059,2,2,0, 18061
17,18059,3,3,1, 18062
25,18065,2,2,1, 18067
1,18066,1,1,0, 18067
8,18066,1,1,1, 18067
9,18067,2,2,1, 18069
24,18069,1,1,1, 18070
16,18069,2,2,1, 18071
17,18069,3,3,1, 18072
25,18075,2,2,1, 18077
1,18076,1,1,1, 18077
8,18076,1,1,1, 18077
9,18077,2,2,1, 18079
24,18079,1,1,1, 18080
16,18079,2,2,0, 18081
1,18086,1,1,1, 18087
8,18086,1,1,0, 18087
24,18089,1,1,0, 18090
16,18089,2,2,0, 18091
1,18096,1,1,1, 18097
8,18096,1,1,0, 18097
24,18099,1,1,0, 18100
16,18099,2,2,0, 18101
7,18102,1,1,0, 18103
1,18106,1,1,0, 18107
8,18106,1,1,0, 18107
9,18107,2,2,1, 18109
24,18109,1,1,1, 18110
23,18108,3,3,1, 18111
16,18109,2,2,0, 18111
17,18109,3,3,1, 18112
7,18112,1,1,1, 18113
15,18111,2,4,1, 18115
1,18116,1,1,1, 18117
8,18116,1,1,1, 18117
31,18116,2,2,1, 18118
9,18117,2,2,1, 18119
24,18119,1,1,0, 18120
23,18118,3,3,1, 18121
16,18119,2,2,1, 18121
17,18119,3,3,1, 18122
7,18122,1,1,1, 18123
18,18123,4,4,1, 18127
1,18126,1,1,0, 18127
8,18126,1,1,0, 18127
31,18126,2,2,1, 18128
24,18129,1,1,1, 18130
16,18129,2,2,0, 18131
29,18128,4,4,1, 18132
6,18130,2,2,1, 18132
13,18129,4,4,1, 18133
7,18132,1,1,1, 18133
2,18133,2,2,1, 18135
27,18132,4,4,1, 18136
1,18136,1,1,1, 18137
8,18136,1,1,1, 18137
11,18134,4,4,1, 18138
31,18136,2,2,1, 18138
26,18137,3,3,1, 18140
24,18139,1,1,0, 18140
16,18139,2,2,1, 18141
14,18139,3,3,1, 18142
17,18139,3,3,1, 18142
7,18142,1,1,1, 18143
8,18146,1,1,0, 18147
31,18146,2,2,1, 18148
22,18146,4,4,1, 18150
24,18149,1,1,0, 18150
16,18149,2,2,0, 18151
14,18149,3,3,1, 18152
6,18150,2,2,1, 18152
13,18149,4,4,1, 18153
7,18152,1,1,0, 18153
30,18153,3,3,1, 18156
8,18156,1,1,1, 18157
24,18159,1,1,1, 18160
16,18159,2,2,1, 18161
6,18160,2,2,1, 18162
7,18162,1,1,1, 18163
30,18163,3,3,1, 18166
8,18166,1,1,1, 18167
24,18169,1,1,1, 18170
16,18169,2,2,0, 18171
8,18176,1,1,0, 18177
24,18179,1,1,0, 18180
16,18179,2,2,1, 18181
8,18186,1,1,1, 18187
24,18189,1,1,0, 18190
16,18189,2,2,1, 18191
8,18196,1,1,1, 18197
24,18199,1,1,1, 18200
16,18199,2,2,0, 18201
8,18206,1,1,1, 18207
24,18209,1,1,1, 18210
16,18209,2,2,0, 18211
8,18216,1,1,1, 18217
24,18219,1,1,1, 18220
16,18219,2,2,1, 18221
8,18226,1,1,0, 18227
24,18229,1,1,1, 18230
16,18229,2,2,1, 18231
8,18236,1,1,1, 18237
24,18239,1,1,0, 18240
16,18239,2,2,0, 18241
8,18246,1,1,1, 18247
24,18249,1,1,1, 18250
16,18249,2,2,0, 18251
25,18255,2,2,1, 18257
1,18256,1,1,0, 18257
8,18256,1,1,1, 18257
24,18259,1,1,1, 18260
16,18259,2,2,0, 18261
1,18266,1,1,0, 18267
8,18266,1,1,1, 18267
24,18269,1,1,1, 18270
16,18269,2,2,0, 18271
18,18273,4,4,1, 18277
1,18276,1,1,1, 18277
8,18276,1,1,1, 18277
31,18276,2,2,1, 18278
24,18279,1,1,1, 18280
16,18279,2,2,0, 18281
7,18282,1,1,0, 18283
15,18281,2,4,1, 18285
18,18283,4,4,1, 18287
25,18285,2,2,1, 18287
1,18286,1,1,1, 18287
8,18286,1,1,1, 18287
31,18286,2,2,1, 18288
9,18287,2,2,1, 18289
24,18289,1,1,0, 18290
16,18289,2,2,1, 18291
17,18289,3,3,1, 18292
7,18292,1,1,0, 18293
2,18293,2,2,1, 18295
18,18293,4,4,1, 18297
25,18295,2,2,1, 18297
1,18296,1,1,1, 18297
8,18296,1,1,1, 18297
31,18296,2,2,1, 18298
9,18297,2,2,1, 18299
26,18297,3,3,1, 18300
24,18299,1,1,1, 18300
23,18298,3,3,1, 18301
16,18299,2,2,1, 18301
7,18302,1,1,0, 18303
15,18301,2,4,1, 18305
25,18305,2,2,1, 18307
1,18306,1,1,1, 18307
8,18306,1,1,1, 18307
26,18307,3,3,1, 18310
24,18309,1,1,1, 18310
19,18306,5,5,1, 18311
23,18308,3,3,1, 18311
16,18309,2,2,0, 18311
17,18309,3,3,1, 18312
7,18312,1,1,0, 18313
2,18313,2,2,1, 18315
1,18316,1,1,1, 18317
8,18316,1,1,0, 18317
11,18314,4,4,1, 18318
31,18316,2,2,1, 18318
24,18319,1,1,1, 18320
16,18319,2,2,1, 18321
17,18319,3,3,1, 18322
7,18322,1,1,1, 18323
27,18322,4,4,1, 18326
8,18326,1,1,0, 18327
31,18326,2,2,1, 18328
24,18329,1,1,0, 18330
23,18328,3,3,1, 18331
16,18329,2,2,1, 18331
7,18332,1,1,0, 18333
8,18336,1,1,1, 18337
31,18336,2,2,1, 18338
24,18339,1,1,0, 18340
23,18338,3,3,1, 18341
16,18339,2,2,0, 18341
7,18342,1,1,1, 18343
30,18343,3,3,1, 18346
8,18346,1,1,1, 18347
22,18346,4,4,1, 18350
24,18349,1,1,0, 18350
23,18348,3,3,1, 18351
16,18349,2,2,1, 18351
14,18349,3,3,1, 18352
13,18349,4,4,1, 18353
7,18352,1,1,0, 18353
15,18351,2,4,1, 18355
8,18356,1,1,0, 18357
24,18359,1,1,1, 18360
16,18359,2,2,0, 18361
8,18366,1,1,1, 18367
24,18369,1,1,1, 18370
16,18369,2,2,0, 18371
8,18376,1,1,0, 18377
24,18379,1,1,0, 18380
16,18379,2,2,1, 18381
8,18386,1,1,0, 18387
24,18389,1,1,0, 18390
16,18389,2,2,1, 18391
8,18396,1,1,0, 18397
24,18399,1,1,0, 18400
16,18399,2,2,0, 18401
8,18406,1,1,0, 18407
24,18409,1,1,0, 18410
16,18409,2,2,1, 18411
8,18416,1,1,1, 18417
24,18419,1,1,0, 18420
16,18419,2,2,1, 18421
8,18426,1,1,0, 18427
24,18429,1,1,1, 18430
16,18429,2,2,0, 18431
17,18429,3,3,1, 18432
25,18435,2,2,1, 18437
1,18436,1,1,0, 18437
8,18436,1,1,0, 18437
9,18437,2,2,1, 18439
24,18439,1,1,0, 18440
16,18439,2,2,1, 18441
17,18439,3,3,1, 18442
25,18445,2,2,1, 18447
1,18446,1,1,1, 18447
8,18446,1,1,1, 18447
24,18449,1,1,1, 18450
16,18449,2,2,0, 18451
17,18449,3,3,1, 18452
25,18455,2,2,1, 18457
1,18456,1,1,1, 18457
8,18456,1,1,0, 18457
24,18459,1,1,0, 18460
16,18459,2,2,0, 18461
17,18459,3,3,1, 18462
7,18462,1,1,0, 18463
18,18463,4,4,1, 18467
1,18466,1,1,0, 18467
8,18466,1,1,1, 18467
31,18466,2,2,1, 18468
9,18467,2,2,1, 18469
24,18469,1,1,1, 18470
23,18468,3,3,1, 18471
16,18469,2,2,0, 18471
7,18472,1,1,1, 18473
15,18471,2,4,1, 18475
18,18473,4,4,1, 18477
25,18475,2,2,1, 18477
1,18476,1,1,1, 18477
8,18476,1,1,0, 18477
31,18476,2,2,1, 18478
24,18479,1,1,1, 18480
16,18479,2,2,1, 18481
21,18477,5,5,1, 18482
29,18478,4,4,1, 18482
17,18479,3,3,1, 18482
6,18480,2,2,1, 18482
7,18482,1,1,0, 18483
15,18481,2,4,1, 18485
2,18483,2,2,1, 18485
18,18483,4,4,1, 18487
25,18485,2,2,1, 18487
1,18486,1,1,0, 18487
8,18486,1,1,0, 18487
9,18487,2,2,1, 18489
24,18489,1,1,1, 18490
16,18489,2,2,0, 18491
17,18489,3,3,1, 18492
7,18492,1,1,1, 18493
15,18491,2,4,1, 18495
8,18496,1,1,1, 18497
24,18499,1,1,1, 18500
16,18499,2,2,1, 18501
7,18502,1,1,0, 18503
8,18506,1,1,1, 18507
24,18509,1,1,1, 18510
23,18508,3,3,1, 18511
16,18509,2,2,0, 18511
7,18512,1,1,1, 18513
8,18516,1,1,1, 18517
31,18516,2,2,1, 18518
22,18516,4,4,1, 18520
24,18519,1,1,0, 18520
16,18519,2,2,0, 18521
6,18520,2,2,1, 18522
7,18522,1,1,1, 18523
15,18521,2,4,1, 18525
8,18526,1,1,1, 18527
31,18526,2,2,1, 18528
24,18529,1,1,0, 18530
23,18528,3,3,1, 18531
16,18529,2,2,0, 18531
8,18536,1,1,1, 18537
24,18539,1,1,1, 18540
16,18539,2,2,1, 18541
8,18546,1,1,0, 18547
24,18549,1,1,1, 18550
16,18549,2,2,1, 18551
8,18556,1,1,1, 18557
24,18559,1,1,0, 18560
16,18559,2,2,0, 18561
8,18566,1,1,1, 18567
24,18569,1,1,0, 18570
16,18569,2,2,0, 18571
8,18576,1,1,1, 18577
24,18579,1,1,0, 18580
16,18579,2,2,1, 18581
8,18586,1,1,0, 18587
24,18589,1,1,0, 18590
16,18589,2,2,1, 18591
1,18596,1,1,1, 18597
8,18596,1,1,0, 18597
24,18599,1,1,0, 18600
16,18599,2,2,1, 18601
17,18599,3,3,1, 18602
1,18606,1,1,0, 18607
8,18606,1,1,0, 18607
24,18609,1,1,1, 18610
16,18609,2,2,0, 18611
1,18616,1,1,0, 18617
8,18616,1,1,0, 18617
24,18619,1,1,0, 18620
16,18619,2,2,1, 18621
25,18625,2,2,1, 18627
1,18626,1,1,1, 18627
8,18626,1,1,1, 18627
24,18629,1,1,0, 18630
16,18629,2,2,1, 18631
7,18632,1,1,1, 18633
18,18633,4,4,1, 18637
25,18635,2,2,1, 18637
1,18636,1,1,0, 18637
8,18636,1,1,1, 18637
24,18639,1,1,0, 18640
16,18639,2,2,1, 18641
7,18642,1,1,0, 18643
18,18643,4,4,1, 18647
1,18646,1,1,0, 18647
8,18646,1,1,0, 18647
31,18646,2,2,1, 18648
24,18649,1,1,0, 18650
16,18649,2,2,0, 18651
7,18652,1,1,1, 18653
1,18656,1,1,1, 18657
8,18656,1,1,0, 18657
31,18656,2,2,1, 18658
26,18657,3,3,1, 18660
24,18659,1,1,0, 18660
16,18659,2,2,1, 18661
7,18662,1,1,0, 18663
27,18662,4,4,1, 18666
1,18666,1,1,1, 18667
8,18666,1,1,0, 18667
11,18664,4,4,1, 18668
26,18667,3,3,1, 18670
24,18669,1,1,0, 18670
19,18666,5,5,1, 18671
16,18669,2,2,1, 18671
7,18672,1,1,1, 18673
25,18675,2,2,1, 18677
1,18676,1,1,1, 18677
8,18676,1,1,1, 18677
31,18676,2,2,1, 18678
26,18677,3,3,1, 18680
24,18679,1,1,1, 18680
16,18679,2,2,0, 18681
7,18682,1,1,0, 18683
27,18682,4,4,1, 18686
18,18683,4,4,1, 18687
25,18685,2,2,1, 18687
1,18686,1,1,0, 18687
8,18686,1,1,1, 18687
11,18684,4,4,1, 18688
3,18687,3,3,1, 18690
26,18687,3,3,1, 18690
24,18689,1,1,0, 18690
16,18689,2,2,1, 18691
7,18692,1,1,1, 18693
18,18693,4,4,1, 18697
8,18696,1,1,1, 18697
31,18696,2,2,1, 18698
24,18699,1,1,0, 18700
16,18699,2,2,0, 18701
7,18702,1,1,0, 18703
8,18706,1,1,1, 18707
31,18706,2,2,1, 18708
24,18709,1,1,0, 18710
23,18708,3,3,1, 18711
16,18709,2,2,0, 18711
13,18709,4,4,1, 18713
7,18712,1,1,0, 18713
15,18711,2,4,1, 18715
30,18713,3,3,1, 18716
8,18716,1,1,1, 18717
31,18716,2,2,1, 18718
22,18716,4,4,1, 18720
24,18719,1,1,0, 18720
23,18718,3,3,1, 18721
16,18719,2,2,0, 18721
14,18719,3,3,1, 18722
7,18722,1,1,0, 18723
15,18721,2,4,1, 18725
8,18726,1,1,0, 18727
31,18726,2,2,1, 18728
22,18726,4,4,1, 18730
24,18729,1,1,0, 18730
23,18728,3,3,1, 18731
16,18729,2,2,1, 18731
8,18736,1,1,1, 18737
24,18739,1,1,0, 18740
16,18739,2,2,0, 18741
8,18746,1,1,1, 18747
24,18749,1,1,1, 18750
16,18749,2,2,0, 18751
8,18756,1,1,0, 18757
24,18759,1,1,0, 18760
16,18759,2,2,1, 18761
8,18766,1,1,0, 18767
24,18769,1,1,1, 18770
16,18769,2,2,1, 18771
8,18776,1,1,0, 18777
24,18779,1,1,1, 18780
16,18779,2,2,0, 18781
8,18786,1,1,1, 18787
24,18789,1,1,0, 18790
16,18789,2,2,1, 18791
8,18796,1,1,1, 18797
24,18799,1,1,0, 18800
16,18799,2,2,0, 18801
17,18799,3,3,1, 18802
1,18806,1,1,0, 18807
8,18806,1,1,0, 18807
9,18807,2,2,1, 18809
24,18809,1,1,0, 18810
16,18809,2,2,1, 18811
17,18809,3,3,1, 18812
25,18815,2,2,1, 18817
1,18816,1,1,1, 18817
8,18816,1,1,0, 18817
24,18819,1,1,1, 18820
16,18819,2,2,1, 18821
17,18819,3,3,1, 18822
2,18823,2,2,1, 18825
25,18825,2,2,1, 18827
1,18826,1,1,0, 18827
8,18826,1,1,0, 18827
24,18829,1,1,0, 18830
16,18829,2,2,1, 18831
2,18833,2,2,1, 18835
25,18835,2,2,1, 18837
1,18836,1,1,0, 18837
8,18836,1,1,1, 18837
31,18836,2,2,1, 18838
9,18837,2,2,1, 18839
24,18839,1,1,0, 18840
23,18838,3,3,1, 18841
16,18839,2,2,1, 18841
17,18839,3,3,1, 18842
7,18842,1,1,0, 18843
15,18841,2,4,1, 18845
2,18843,2,2,1, 18845
1,18846,1,1,0, 18847
8,18846,1,1,1, 18847
11,18844,4,4,1, 18848
28,18844,5,5,1, 18849
9,18847,2,2,1, 18849
4,18846,4,4,1, 18850
3,18847,3,3,1, 18850
24,18849,1,1,1, 18850
16,18849,2,2,0, 18851
7,18852,1,1,0, 18853
15,18851,2,4,1, 18855
8,18856,1,1,0, 18857
24,18859,1,1,0, 18860
23,18858,3,3,1, 18861
16,18859,2,2,1, 18861
7,18862,1,1,0, 18863
8,18866,1,1,1, 18867
24,18869,1,1,1, 18870
16,18869,2,2,0, 18871
7,18872,1,1,0, 18873
8,18876,1,1,0, 18877
24,18879,1,1,0, 18880
16,18879,2,2,1, 18881
7,18882,1,1,1, 18883
8,18886,1,1,1, 18887
22,18886,4,4,1, 18890
5,18887,3,3,1, 18890
24,18889,1,1,1, 18890
16,18889,2,2,1, 18891
29,18888,4,4,1, 18892
7,18892,1,1,1, 18893
15,18891,2,4,1, 18895
30,18893,3,3,1, 18896
8,18896,1,1,0, 18897
24,18899,1,1,1, 18900
23,18898,3,3,1, 18901
16,18899,2,2,0, 18901
29,18898,4,4,1, 18902
6,18900,2,2,1, 18902
13,18899,4,4,1, 18903
7,18902,1,1,0, 18903
8,18906,1,1,1, 18907
31,18906,2,2,1, 18908
22,18906,4,4,1, 18910
24,18909,1,1,0, 18910
16,18909,2,2,1, 18911
8,18916,1,1,0, 18917
24,18919,1,1,0, 18920
16,18919,2,2,0, 18921
8,18926,1,1,0, 18927
24,18929,1,1,0, 18930
16,18929,2,2,0, 18931
8,18936,1,1,0, 18937
24,18939,1,1,0, 18940
16,18939,2,2,0, 18941
8,18946,1,1,0, 18947
24,18949,1,1,1, 18950
16,18949,2,2,0, 18951
1,18956,1,1,0, 18957
8,18956,1,1,1, 18957
9,18957,2,2,1, 18959
24,18959,1,1,1, 18960
16,18959,2,2,1, 18961
1,18966,1,1,0, 18967
8,18966,1,1,1, 18967
24,18969,1,1,0, 18970
1,18976,1,1,0, 18977
8,18976,1,1,0, 18977
9,18977,2,2,1, 18979
24,18979,1,1,1, 18980
25,18985,2,2,1, 18987
1,18986,1,1,1, 18987
8,18986,1,1,0, 18987
9,18987,2,2,1, 18989
24,18989,1,1,0, 18990
16,18989,2,2,1, 18991
1,18996,1,1,0, 18997
8,18996,1,1,1, 18997
26,18997,3,3,1, 19000
24,18999,1,1,0, 19000
18,19003,4,4,1, 19007
25,19005,2,2,1, 19007
1,19006,1,1,1, 19007
8,19006,1,1,1, 19007
24,19009,1,1,1, 19010
16,19009,2,2,1, 19011
7,19012,1,1,1, 19013
2,19013,2,2,1, 19015
18,19013,4,4,1, 19017
1,19016,1,1,0, 19017
8,19016,1,1,0, 19017
26,19017,3,3,1, 19020
24,19019,1,1,0, 19020
16,19019,2,2,1, 19021
7,19022,1,1,1, 19023
25,19025,2,2,1, 19027
1,19026,1,1,0, 19027
8,19026,1,1,0, 19027
31,19026,2,2,1, 19028
26,19027,3,3,1, 19030
24,19029,1,1,0, 19030
16,19029,2,2,1, 19031
17,19029,3,3,1, 19032
7,19032,1,1,0, 19033
18,19033,4,4,1, 19037
1,19036,1,1,1, 19037
8,19036,1,1,0, 19037
24,19039,1,1,1, 19040
16,19039,2,2,1, 19041
17,19039,3,3,1, 19042
7,19042,1,1,1, 19043
2,19043,2,2,1, 19045
1,19046,1,1,1, 19047
8,19046,1,1,0, 19047
11,19044,4,4,1, 19048
31,19046,2,2,1, 19048
24,19049,1,1,0, 19050
6,19050,2,2,1, 19052
7,19052,1,1,0, 19053
30,19053,3,3,1, 19056
8,19056,1,1,1, 19057
24,19059,1,1,1, 19060
16,19059,2,2,1, 19061
7,19062,1,1,1, 19063
8,19066,1,1,1, 19067
24,19069,1,1,1, 19070
16,19069,2,2,1, 19071
21,19067,5,5,1, 19072
29,19068,4,4,1, 19072
7,19072,1,1,1, 19073
15,19071,2,4,1, 19075
8,19076,1,1,0, 19077
31,19076,2,2,1, 19078
5,19077,3,3,1, 19080
24,19079,1,1,0, 19080
23,19078,3,3,1, 19081
16,19079,2,2,1, 19081
21,19077,5,5,1, 19082
29,19078,4,4,1, 19082
14,19079,3,3,1, 19082
13,19079,4,4,1, 19083
7,19082,1,1,0, 19083
15,19081,2,4,1, 19085
8,19086,1,1,0, 19087
31,19086,2,2,1, 19088
24,19089,1,1,1, 19090
16,19089,2,2,1, 19091
8,19096,1,1,0, 19097
24,19099,1,1,0, 19100
8,19106,1,1,1, 19107
24,19109,1,1,1, 19110
8,19116,1,1,0, 19117
24,19119,1,1,0, 19120
16,19119,2,2,1, 19121
8,19126,1,1,0, 19127
24,19129,1,1,1, 19130
8,19136,1,1,1, 19137
24,19139,1,1,1, 19140
8,19146,1,1,1, 19147
24,19149,1,1,0, 19150
16,19149,2,2,1, 19151
25,19155,2,2,1, 19157
1,19156,1,1,0, 19157
8,19156,1,1,0, 19157
9,19157,2,2,1, 19159
24,19159,1,1,0, 19160
16,19159,2,2,1, 19161
17,19159,3,3,1, 19162
1,19166,1,1,0, 19167
8,19166,1,1,0, 19167
9,19167,2,2,1, 19169
24,19169,1,1,0, 19170
25,19175,2,2,1, 19177
1,19176,1,1,0, 19177
8,19176,1,1,0, 19177
9,19177,2,2,1, 19179
26,19177,3,3,1, 19180
24,19179,1,1,1, 19180
16,19179,2,2,1, 19181
25,19185,2,2,1, 19187
1,19186,1,1,0, 19187
8,19186,1,1,0, 19187
9,19187,2,2,1, 19189
26,19187,3,3,1, 19190
24,19189,1,1,0, 19190
16,19189,2,2,1, 19191
7,19192,1,1,1, 19193
15,19191,2,4,1, 19195
2,19193,2,2,1, 19195
18,19193,4,4,1, 19197
1,19196,1,1,1, 19197
8,19196,1,1,0, 19197
24,19199,1,1,0, 19200
23,19198,3,3,1, 19201
17,19199,3,3,1, 19202
7,19202,1,1,1, 19203
2,19203,2,2,1, 19205
18,19203,4,4,1, 19207
25,19205,2,2,1, 19207
1,19206,1,1,1, 19207
8,19206,1,1,1, 19207
9,19207,2,2,1, 19209
24,19209,1,1,1, 19210
7,19212,1,1,0, 19213
8,19216,1,1,1, 19217
24,19219,1,1,1, 19220
23,19218,3,3,1, 19221
16,19219,2,2,1, 19221
6,19220,2,2,1, 19222
7,19222,1,1,1, 19223
8,19226,1,1,0, 19227
24,19229,1,1,1, 19230
23,19228,3,3,1, 19231
7,19232,1,1,1, 19233
15,19231,2,4,1, 19235
8,19236,1,1,0, 19237
24,19239,1,1,1, 19240
23,19238,3,3,1, 19241
6,19240,2,2,1, 19242
7,19242,1,1,1, 19243
30,19243,3,3,1, 19246
8,19246,1,1,1, 19247
22,19246,4,4,1, 19250
24,19249,1,1,0, 19250
23,19248,3,3,1, 19251
16,19249,2,2,1, 19251
6,19250,2,2,1, 19252
7,19252,1,1,1, 19253
8,19256,1,1,0, 19257
24,19259,1,1,1, 19260
23,19258,3,3,1, 19261
16,19259,2,2,1, 19261
7,19262,1,1,1, 19263
30,19263,3,3,1, 19266
8,19266,1,1,0, 19267
22,19266,4,4,1, 19270
24,19269,1,1,1, 19270
8,19276,1,1,0, 19277
24,19279,1,1,1, 19280
16,19279,2,2,1, 19281
8,19286,1,1,0, 19287
24,19289,1,1,0, 19290
8,19296,1,1,1, 19297
24,19299,1,1,0, 19300
8,19306,1,1,1, 19307
24,19309,1,1,1, 19310
25,19315,2,2,1, 19317
1,19316,1,1,1, 19317
8,19316,1,1,0, 19317
24,19319,1,1,0, 19320
17,19319,3,3,1, 19322
1,19326,1,1,1, 19327
8,19326,1,1,0, 19327
24,19329,1,1,0, 19330
1,19336,1,1,0, 19337
8,19336,1,1,0, 19337
24,19339,1,1,0, 19340
1,19346,1,1,0, 19347
8,19346,1,1,1, 19347
9,19347,2,2,1, 19349
26,19347,3,3,1, 19350
24,19349,1,1,0, 19350
18,19353,4,4,1, 19357
1,19356,1,1,0, 19357
8,19356,1,1,0, 19357
9,19357,2,2,1, 19359
24,19359,1,1,0, 19360
18,19363,4,4,1, 19367
1,19366,1,1,1, 19367
8,19366,1,1,1, 19367
9,19367,2,2,1, 19369
26,19367,3,3,1, 19370
24,19369,1,1,1, 19370
16,19369,2,2,1, 19371
7,19372,1,1,1, 19373
2,19373,2,2,1, 19375
1,19376,1,1,1, 19377
8,19376,1,1,1, 19377
31,19376,2,2,1, 19378
26,19377,3,3,1, 19380
24,19379,1,1,1, 19380
17,19379,3,3,1, 19382
7,19382,1,1,1, 19383
2,19383,2,2,1, 19385
18,19383,4,4,1, 19387
1,19386,1,1,1, 19387
8,19386,1,1,1, 19387
31,19386,2,2,1, 19388
26,19387,3,3,1, 19390
24,19389,1,1,1, 19390
23,19388,3,3,1, 19391
16,19389,2,2,1, 19391
7,19392,1,1,1, 19393
15,19391,2,4,1, 19395
8,19396,1,1,0, 19397
24,19399,1,1,0, 19400
16,19399,2,2,1, 19401
7,19402,1,1,0, 19403
8,19406,1,1,1, 19407
24,19409,1,1,1, 19410
23,19408,3,3,1, 19411
16,19409,2,2,1, 19411
7,19412,1,1,0, 19413
8,19416,1,1,1, 19417
24,19419,1,1,1, 19420
23,19418,3,3,1, 19421
16,19419,2,2,1, 19421
7,19422,1,1,1, 19423
8,19426,1,1,0, 19427
24,19429,1,1,1, 19430
23,19428,3,3,1, 19431
6,19430,2,2,1, 19432
13,19429,4,4,1, 19433
7,19432,1,1,1, 19433
8,19436,1,1,1, 19437
22,19436,4,4,1, 19440
24,19439,1,1,0, 19440
23,19438,3,3,1, 19441
21,19437,5,5,1, 19442
14,19439,3,3,1, 19442
13,19439,4,4,1, 19443
7,19442,1,1,1, 19443
15,19441,2,4,1, 19445
8,19446,1,1,0, 19447
24,19449,1,1,0, 19450
8,19456,1,1,0, 19457
24,19459,1,1,0, 19460
8,19466,1,1,0, 19467
24,19469,1,1,1, 19470
16,19469,2,2,1, 19471
8,19476,1,1,0, 19477
24,19479,1,1,1, 19480
8,19486,1,1,0, 19487
24,19489,1,1,1, 19490
16,19489,2,2,1, 19491
17,19489,3,3,1, 19492
1,19496,1,1,1, 19497
8,19496,1,1,0, 19497
24,19499,1,1,1, 19500
16,19499,2,2,1, 19501
17,19499,3,3,1, 19502
1,19506,1,1,1, 19507
8,19506,1,1,1, 19507
24,19509,1,1,0, 19510
25,19515,2,2,1, 19517
1,19516,1,1,1, 19517
8,19516,1,1,1, 19517
9,19517,2,2,1, 19519
24,19519,1,1,0, 19520
25,19525,2,2,1, 19527
1,19526,1,1,1, 19527
8,19526,1,1,0, 19527
9,19527,2,2,1, 19529
24,19529,1,1,0, 19530
16,19529,2,2,1, 19531
17,19529,3,3,1, 19532
2,19533,2,2,1, 19535
25,19535,2,2,1, 19537
1,19536,1,1,0, 19537
8,19536,1,1,1, 19537
9,19537,2,2,1, 19539
24,19539,1,1,1, 19540
16,19539,2,2,1, 19541
17,19539,3,3,1, 19542
2,19543,2,2,1, 19545
1,19546,1,1,0, 19547
8,19546,1,1,0, 19547
9,19547,2,2,1, 19549
24,19549,1,1,1, 19550
17,19549,3,3,1, 19552
7,19552,1,1,0, 19553
2,19553,2,2,1, 19555
1,19556,1,1,1, 19557
8,19556,1,1,1, 19557
31,19556,2,2,1, 19558
24,19559,1,1,1, 19560
7,19562,1,1,1, 19563
1,19566,1,1,0, 19567
8,19566,1,1,1, 19567
31,19566,2,2,1, 19568
9,19567,2,2,1, 19569
24,19569,1,1,0, 19570
16,19569,2,2,1, 19571
7,19572,1,1,1, 19573
8,19576,1,1,1, 19577
31,19576,2,2,1, 19578
24,19579,1,1,0, 19580
14,19579,3,3,1, 19582
13,19579,4,4,1, 19583
7,19582,1,1,1, 19583
8,19586,1,1,1, 19587
31,19586,2,2,1, 19588
24,19589,1,1,0, 19590
16,19589,2,2,1, 19591
13,19589,4,4,1, 19593
7,19592,1,1,1, 19593
8,19596,1,1,1, 19597
22,19596,4,4,1, 19600
24,19599,1,1,0, 19600
16,19599,2,2,1, 19601
6,19600,2,2,1, 19602
13,19599,4,4,1, 19603
7,19602,1,1,1, 19603
30,19603,3,3,1, 19606
8,19606,1,1,1, 19607
31,19606,2,2,1, 19608
22,19606,4,4,1, 19610
5,19607,3,3,1, 19610
24,19609,1,1,0, 19610
23,19608,3,3,1, 19611
21,19607,5,5,1, 19612
14,19609,3,3,1, 19612
6,19610,2,2,1, 19612
8,19616,1,1,1, 19617
24,19619,1,1,0, 19620
8,19626,1,1,1, 19627
24,19629,1,1,1, 19630
16,19629,2,2,1, 19631
8,19636,1,1,0, 19637
24,19639,1,1,0, 19640
8,19646,1,1,1, 19647
24,19649,1,1,0, 19650
8,19656,1,1,1, 19657
24,19659,1,1,1, 19660
8,19666,1,1,0, 19667
24,19669,1,1,0, 19670
16,19669,2,2,1, 19671
1,19676,1,1,0, 19677
8,19676,1,1,1, 19677
9,19677,2,2,1, 19679
24,19679,1,1,0, 19680
1,19686,1,1,1, 19687
8,19686,1,1,1, 19687
24,19689,1,1,1, 19690
16,19689,2,2,1, 19691
17,19689,3,3,1, 19692
1,19696,1,1,0, 19697
8,19696,1,1,0, 19697
24,19699,1,1,0, 19700
16,19699,2,2,1, 19701
17,19699,3,3,1, 19702
1,19706,1,1,0, 19707
8,19706,1,1,1, 19707
24,19709,1,1,0, 19710
16,19709,2,2,1, 19711
25,19715,2,2,1, 19717
1,19716,1,1,0, 19717
8,19716,1,1,1, 19717
31,19716,2,2,1, 19718
24,19719,1,1,0, 19720
7,19722,1,1,0, 19723
15,19721,2,4,1, 19725
25,19725,2,2,1, 19727
1,19726,1,1,0, 19727
8,19726,1,1,1, 19727
24,19729,1,1,1, 19730
29,19728,4,4,1, 19732
7,19732,1,1,0, 19733
15,19731,2,4,1, 19735
30,19733,3,3,1, 19736
25,19735,2,2,1, 19737
1,19736,1,1,0, 19737
8,19736,1,1,0, 19737
22,19736,4,4,1, 19740
5,19737,3,3,1, 19740
24,19739,1,1,0, 19740
16,19739,2,2,1, 19741
6,19740,2,2,1, 19742
7,19742,1,1,1, 19743
25,19745,2,2,1, 19747
1,19746,1,1,0, 19747
8,19746,1,1,1, 19747
31,19746,2,2,1, 19748
22,19746,4,4,1, 19750
24,19749,1,1,1, 19750
23,19748,3,3,1, 19751
16,19749,2,2,1, 19751
6,19750,2,2,1, 19752
7,19752,1,1,0, 19753
30,19753,3,3,1, 19756
1,19756,1,1,0, 19757
8,19756,1,1,0, 19757
22,19756,4,4,1, 19760
24,19759,1,1,0, 19760
16,19759,2,2,1, 19761
21,19757,5,5,1, 19762
29,19758,4,4,1, 19762
25,19765,2,2,1, 19767
1,19766,1,1,1, 19767
8,19766,1,1,1, 19767
24,19769,1,1,0, 19770
2,19773,2,2,1, 19775
27,19772,4,4,1, 19776
1,19776,1,1,0, 19777
8,19776,1,1,0, 19777
11,19774,4,4,1, 19778
3,19777,3,3,1, 19780
26,19777,3,3,1, 19780
24,19779,1,1,0, 19780
19,19776,5,5,1, 19781
1,19786,1,1,1, 19787
8,19786,1,1,1, 19787
11,19784,4,4,1, 19788
28,19784,5,5,1, 19789
4,19786,4,4,1, 19790
3,19787,3,3,1, 19790
26,19787,3,3,1, 19790
24,19789,1,1,0, 19790
16,19789,2,2,1, 19791
8,19796,1,1,0, 19797
24,19799,1,1,0, 19800
16,19799,2,2,1, 19801
8,19806,1,1,0, 19807
24,19809,1,1,0, 19810
8,19816,1,1,0, 19817
24,19819,1,1,1, 19820
16,19819,2,2,1, 19821
8,19826,1,1,1, 19827
24,19829,1,1,0, 19830
16,19829,2,2,1, 19831
8,19836,1,1,0, 19837
24,19839,1,1,0, 19840
16,19839,2,2,1, 19841
8,19846,1,1,1, 19847
24,19849,1,1,1, 19850
8,19856,1,1,0, 19857
24,19859,1,1,1, 19860
8,19866,1,1,1, 19867
31,19866,2,2,1, 19868
24,19869,1,1,1, 19870
7,19872,1,1,1, 19873
15,19871,2,4,1, 19875
8,19876,1,1,1, 19877
31,19876,2,2,1, 19878
24,19879,1,1,1, 19880
23,19878,3,3,1, 19881
7,19882,1,1,0, 19883
15,19881,2,4,1, 19885
30,19883,3,3,1, 19886
8,19886,1,1,0, 19887
31,19886,2,2,1, 19888
24,19889,1,1,0, 19890
23,19888,3,3,1, 19891
13,19889,4,4,1, 19893
7,19892,1,1,0, 19893
15,19891,2,4,1, 19895
30,19893,3,3,1, 19896
25,19895,2,2,1, 19897
1,19896,1,1,0, 19897
8,19896,1,1,0, 19897
9,19897,2,2,1, 19899
24,19899,1,1,0, 19900
23,19898,3,3,1, 19901
21,19897,5,5,1, 19902
17,19899,3,3,1, 19902
6,19900,2,2,1, 19902
13,19899,4,4,1, 19903
7,19902,1,1,0, 19903
30,19903,3,3,1, 19906
25,19905,2,2,1, 19907
1,19906,1,1,0, 19907
8,19906,1,1,1, 19907
31,19906,2,2,1, 19908
22,19906,4,4,1, 19910
24,19909,1,1,1, 19910
18,19913,4,4,1, 19917
25,19915,2,2,1, 19917
1,19916,1,1,1, 19917
8,19916,1,1,0, 19917
9,19917,2,2,1, 19919
26,19917,3,3,1, 19920
24,19919,1,1,0, 19920
16,19919,2,2,1, 19921
25,19925,2,2,1, 19927
1,19926,1,1,0, 19927
8,19926,1,1,0, 19927
11,19924,4,4,1, 19928
9,19927,2,2,1, 19929
26,19927,3,3,1, 19930
24,19929,1,1,0, 19930
19,19926,5,5,1, 19931
16,19929,2,2,1, 19931
2,19933,2,2,1, 19935
18,19933,4,4,1, 19937
1,19936,1,1,0, 19937
8,19936,1,1,0, 19937
11,19934,4,4,1, 19938
24,19939,1,1,1, 19940
16,19939,2,2,1, 19941
8,19946,1,1,0, 19947
24,19949,1,1,1, 19950
8,19956,1,1,0, 19957
24,19959,1,1,0, 19960
8,19966,1,1,1, 19967
24,19969,1,1,1, 19970
8,19976,1,1,0, 19977
24,19979,1,1,0, 19980
16,19979,2,2,1, 19981
8,19986,1,1,1, 19987
24,19989,1,1,1, 19990
8,19996,1,1,0, 19997
24,19999,1,1,1, 20000
8,20006,1,1,1, 20007
24,20009,1,1,1, 20010
8,20016,1,1,0, 20017
31,20016,2,2,1, 20018
24,20019,1,1,0, 20020
16,20019,2,2,1, 20021
7,20022,1,1,1, 20023
15,20021,2,4,1, 20025
8,20026,1,1,0, 20027
31,20026,2,2,1, 20028
24,20029,1,1,0, 20030
23,20028,3,3,1, 20031
16,20029,2,2,1, 20031
7,20032,1,1,0, 20033
15,20031,2,4,1, 20035
8,20036,1,1,1, 20037
24,20039,1,1,0, 20040
23,20038,3,3,1, 20041
16,20039,2,2,1, 20041
7,20042,1,1,0, 20043
25,20045,2,2,1, 20047
1,20046,1,1,0, 20047
8,20046,1,1,1, 20047
9,20047,2,2,1, 20049
24,20049,1,1,1, 20050
16,20049,2,2,1, 20051
29,20048,4,4,1, 20052
14,20049,3,3,1, 20052
6,20050,2,2,1, 20052
7,20052,1,1,1, 20053
30,20053,3,3,1, 20056
25,20055,2,2,1, 20057
1,20056,1,1,0, 20057
8,20056,1,1,1, 20057
9,20057,2,2,1, 20059
5,20057,3,3,1, 20060
24,20059,1,1,1, 20060
16,20059,2,2,1, 20061
21,20057,5,5,1, 20062
14,20059,3,3,1, 20062
6,20060,2,2,1, 20062
13,20059,4,4,1, 20063
7,20062,1,1,1, 20063
25,20065,2,2,1, 20067
1,20066,1,1,0, 20067
8,20066,1,1,1, 20067
24,20069,1,1,0, 20070
16,20069,2,2,1, 20071
17,20069,3,3,1, 20072
7,20072,1,1,0, 20073
1,20076,1,1,0, 20077
8,20076,1,1,0, 20077
9,20077,2,2,1, 20079
22,20076,4,4,1, 20080
26,20077,3,3,1, 20080
24,20079,1,1,0, 20080
14,20079,3,3,1, 20082
6,20080,2,2,1, 20082
2,20083,2,2,1, 20085
25,20085,2,2,1, 20087
1,20086,1,1,1, 20087
8,20086,1,1,1, 20087
26,20087,3,3,1, 20090
24,20089,1,1,0, 20090
17,20089,3,3,1, 20092
18,20093,4,4,1, 20097
1,20096,1,1,0, 20097
8,20096,1,1,1, 20097
9,20097,2,2,1, 20099
24,20099,1,1,1, 20100
16,20099,2,2,1, 20101
17,20099,3,3,1, 20102
1,20106,1,1,0, 20107
8,20106,1,1,0, 20107
11,20104,4,4,1, 20108
24,20109,1,1,0, 20110
8,20116,1,1,0, 20117
24,20119,1,1,0, 20120
16,20119,2,2,1, 20121
8,20126,1,1,0, 20127
24,20129,1,1,1, 20130
16,20129,2,2,1, 20131
8,20136,1,1,0, 20137
24,20139,1,1,1, 20140
8,20146,1,1,1, 20147
24,20149,1,1,0, 20150
8,20156,1,1,0, 20157
24,20159,1,1,1, 20160
16,20159,2,2,1, 20161
8,20166,1,1,0, 20167
24,20169,1,1,0, 20170
8,20176,1,1,1, 20177
24,20179,1,1,0, 20180
16,20179,2,2,1, 20181
8,20186,1,1,0, 20187
31,20186,2,2,1, 20188
24,20189,1,1,0, 20190
16,20189,2,2,1, 20191
7,20192,1,1,0, 20193
8,20196,1,1,1, 20197
31,20196,2,2,1, 20198
24,20199,1,1,0, 20200
16,20199,2,2,1, 20201
7,20202,1,1,1, 20203
8,20206,1,1,0, 20207
5,20207,3,3,1, 20210
24,20209,1,1,0, 20210
29,20208,4,4,1, 20212
14,20209,3,3,1, 20212
13,20209,4,4,1, 20213
7,20212,1,1,0, 20213
15,20211,2,4,1, 20215
1,20216,1,1,0, 20217
8,20216,1,1,0, 20217
31,20216,2,2,1, 20218
24,20219,1,1,1, 20220
21,20217,5,5,1, 20222
29,20218,4,4,1, 20222
14,20219,3,3,1, 20222
7,20222,1,1,0, 20223
25,20225,2,2,1, 20227
1,20226,1,1,0, 20227
8,20226,1,1,1, 20227
24,20229,1,1,0, 20230
23,20228,3,3,1, 20231
29,20228,4,4,1, 20232
6,20230,2,2,1, 20232
13,20229,4,4,1, 20233
7,20232,1,1,1, 20233
25,20235,2,2,1, 20237
1,20236,1,1,0, 20237
8,20236,1,1,0, 20237
9,20237,2,2,1, 20239
26,20237,3,3,1, 20240
24,20239,1,1,0, 20240
16,20239,2,2,1, 20241
14,20239,3,3,1, 20242
17,20239,3,3,1, 20242
6,20240,2,2,1, 20242
7,20242,1,1,1, 20243
2,20243,2,2,1, 20245
25,20245,2,2,1, 20247
1,20246,1,1,1, 20247
8,20246,1,1,1, 20247
3,20247,3,3,1, 20250
24,20249,1,1,0, 20250
16,20249,2,2,1, 20251
14,20249,3,3,1, 20252
17,20249,3,3,1, 20252
7,20252,1,1,1, 20253
15,20251,2,4,1, 20255
18,20253,4,4,1, 20257
25,20255,2,2,1, 20257
1,20256,1,1,0, 20257
8,20256,1,1,1, 20257
9,20257,2,2,1, 20259
24,20259,1,1,1, 20260
16,20259,2,2,1, 20261
27,20262,4,4,1, 20266
1,20266,1,1,0, 20267
8,20266,1,1,1, 20267
24,20269,1,1,1, 20270
16,20269,2,2,1, 20271
27,20272,4,4,1, 20276
18,20273,4,4,1, 20277
1,20276,1,1,1, 20277
8,20276,1,1,1, 20277
28,20274,5,5,1, 20279
4,20276,4,4,1, 20280
24,20279,1,1,1, 20280
16,20279,2,2,1, 20281
8,20286,1,1,1, 20287
24,20289,1,1,0, 20290
16,20289,2,2,1, 20291
8,20296,1,1,1, 20297
24,20299,1,1,0, 20300
16,20299,2,2,1, 20301
8,20306,1,1,1, 20307
24,20309,1,1,0, 20310
16,20309,2,2,1, 20311
8,20316,1,1,1, 20317
24,20319,1,1,0, 20320
16,20319,2,2,1, 20321
8,20326,1,1,0, 20327
24,20329,1,1,0, 20330
16,20329,2,2,1, 20331
8,20336,1,1,0, 20337
24,20339,1,1,0, 20340
8,20346,1,1,0, 20347
24,20349,1,1,1, 20350
16,20349,2,2,1, 20351
8,20356,1,1,0, 20357
24,20359,1,1,0, 20360
15,20361,2,4,1, 20365
8,20366,1,1,0, 20367
31,20366,2,2,1, 20368
24,20369,1,1,1, 20370
23,20368,3,3,1, 20371
7,20372,1,1,0, 20373
15,20371,2,4,1, 20375
8,20376,1,1,0, 20377
24,20379,1,1,1, 20380
7,20382,1,1,0, 20383
1,20386,1,1,0, 20387
8,20386,1,1,1, 20387
9,20387,2,2,1, 20389
24,20389,1,1,1, 20390
23,20388,3,3,1, 20391
16,20389,2,2,1, 20391
17,20389,3,3,1, 20392
7,20392,1,1,1, 20393
15,20391,2,4,1, 20395
1,20396,1,1,1, 20397
8,20396,1,1,0, 20397
24,20399,1,1,1, 20400
23,20398,3,3,1, 20401
16,20399,2,2,1, 20401
7,20402,1,1,0, 20403
25,20405,2,2,1, 20407
1,20406,1,1,0, 20407
8,20406,1,1,0, 20407
22,20406,4,4,1, 20410
24,20409,1,1,0, 20410
23,20408,3,3,1, 20411
16,20409,2,2,1, 20411
29,20408,4,4,1, 20412
7,20412,1,1,0, 20413
30,20413,3,3,1, 20416
18,20413,4,4,1, 20417
1,20416,1,1,0, 20417
8,20416,1,1,1, 20417
5,20417,3,3,1, 20420
24,20419,1,1,1, 20420
29,20418,4,4,1, 20422
17,20419,3,3,1, 20422
6,20420,2,2,1, 20422
7,20422,1,1,0, 20423
2,20423,2,2,1, 20425
1,20426,1,1,0, 20427
8,20426,1,1,1, 20427
5,20427,3,3,1, 20430
26,20427,3,3,1, 20430
24,20429,1,1,0, 20430
23,20428,3,3,1, 20431
7,20432,1,1,0, 20433
2,20433,2,2,1, 20435
30,20433,3,3,1, 20436
18,20433,4,4,1, 20437
1,20436,1,1,1, 20437
8,20436,1,1,0, 20437
24,20439,1,1,0, 20440
16,20439,2,2,1, 20441
17,20439,3,3,1, 20442
2,20443,2,2,1, 20445
1,20446,1,1,0, 20447
8,20446,1,1,0, 20447
11,20444,4,4,1, 20448
26,20447,3,3,1, 20450
24,20449,1,1,1, 20450
19,20446,5,5,1, 20451
17,20449,3,3,1, 20452
2,20453,2,2,1, 20455
27,20452,4,4,1, 20456
25,20455,2,2,1, 20457
8,20456,1,1,0, 20457
24,20459,1,1,0, 20460
16,20459,2,2,1, 20461
8,20466,1,1,1, 20467
24,20469,1,1,1, 20470
16,20469,2,2,1, 20471
8,20476,1,1,0, 20477
24,20479,1,1,0, 20480
8,20486,1,1,1, 20487
24,20489,1,1,1, 20490
8,20496,1,1,1, 20497
24,20499,1,1,1, 20500
16,20499,2,2,1, 20501
8,20506,1,1,1, 20507
24,20509,1,1,1, 20510
8,20516,1,1,0, 20517
24,20519,1,1,1, 20520
8,20526,1,1,1, 20527
24,20529,1,1,0, 20530
16,20529,2,2,1, 20531
8,20536,1,1,1, 20537
24,20539,1,1,0, 20540
7,20542,1,1,1, 20543
8,20546,1,1,0, 20547
24,20549,1,1,0, 20550
7,20552,1,1,0, 20553
8,20556,1,1,0, 20557
24,20559,1,1,0, 20560
16,20559,2,2,1, 20561
7,20562,1,1,1, 20563
30,20563,3,3,1, 20566
1,20566,1,1,0, 20567
8,20566,1,1,1, 20567
22,20566,4,4,1, 20570
24,20569,1,1,1, 20570
17,20569,3,3,1, 20572
7,20572,1,1,0, 20573
30,20573,3,3,1, 20576
25,20575,2,2,1, 20577
1,20576,1,1,0, 20577
8,20576,1,1,1, 20577
31,20576,2,2,1, 20578
22,20576,4,4,1, 20580
24,20579,1,1,0, 20580
23,20578,3,3,1, 20581
14,20579,3,3,1, 20582
13,20579,4,4,1, 20583
7,20582,1,1,0, 20583
30,20583,3,3,1, 20586
1,20586,1,1,0, 20587
8,20586,1,1,1, 20587
9,20587,2,2,1, 20589
22,20586,4,4,1, 20590
24,20589,1,1,1, 20590
23,20588,3,3,1, 20591
21,20587,5,5,1, 20592
14,20589,3,3,1, 20592
13,20589,4,4,1, 20593
7,20592,1,1,0, 20593
25,20595,2,2,1, 20597
1,20596,1,1,0, 20597
8,20596,1,1,0, 20597
26,20597,3,3,1, 20600
24,20599,1,1,0, 20600
29,20598,4,4,1, 20602
14,20599,3,3,1, 20602
13,20599,4,4,1, 20603
7,20602,1,1,1, 20603
15,20601,2,4,1, 20605
2,20603,2,2,1, 20605
18,20603,4,4,1, 20607
25,20605,2,2,1, 20607
1,20606,1,1,0, 20607
8,20606,1,1,1, 20607
3,20607,3,3,1, 20610
26,20607,3,3,1, 20610
24,20609,1,1,0, 20610
16,20609,2,2,1, 20611
17,20609,3,3,1, 20612
2,20613,2,2,1, 20615
18,20613,4,4,1, 20617
1,20616,1,1,0, 20617
8,20616,1,1,0, 20617
11,20614,4,4,1, 20618
4,20616,4,4,1, 20620
26,20617,3,3,1, 20620
24,20619,1,1,0, 20620
16,20619,2,2,1, 20621
17,20619,3,3,1, 20622
2,20623,2,2,1, 20625
8,20626,1,1,0, 20627
24,20629,1,1,1, 20630
8,20636,1,1,0, 20637
24,20639,1,1,1, 20640
8,20646,1,1,0, 20647
24,20649,1,1,1, 20650
16,20649,2,2,1, 20651
8,20656,1,1,1, 20657
24,20659,1,1,0, 20660
8,20666,1,1,0, 20667
24,20669,1,1,1, 20670
16,20669,2,2,1, 20671
8,20676,1,1,0, 20677
24,20679,1,1,0, 20680
16,20679,2,2,1, 20681
8,20686,1,1,0, 20687
24,20689,1,1,1, 20690
8,20696,1,1,1, 20697
24,20699,1,1,0, 20700
16,20699,2,2,1, 20701
8,20706,1,1,1, 20707
24,20709,1,1,1, 20710
16,20709,2,2,1, 20711
8,20716,1,1,0, 20717
31,20716,2,2,1, 20718
24,20719,1,1,1, 20720
16,20719,2,2,1, 20721
14,20719,3,3,1, 20722
7,20722,1,1,0, 20723
30,20723,3,3,1, 20726
8,20726,1,1,1, 20727
31,20726,2,2,1, 20728
24,20729,1,1,1, 20730
14,20729,3,3,1, 20732
17,20729,3,3,1, 20732
6,20730,2,2,1, 20732
7,20732,1,1,1, 20733
1,20736,1,1,0, 20737
8,20736,1,1,0, 20737
9,20737,2,2,1, 20739
22,20736,4,4,1, 20740
24,20739,1,1,0, 20740
23,20738,3,3,1, 20741
14,20739,3,3,1, 20742
17,20739,3,3,1, 20742
6,20740,2,2,1, 20742
7,20742,1,1,1, 20743
30,20743,3,3,1, 20746
1,20746,1,1,0, 20747
8,20746,1,1,0, 20747
22,20746,4,4,1, 20750
24,20749,1,1,1, 20750
23,20748,3,3,1, 20751
17,20749,3,3,1, 20752
6,20750,2,2,1, 20752
7,20752,1,1,0, 20753
30,20753,3,3,1, 20756
1,20756,1,1,1, 20757
8,20756,1,1,0, 20757
9,20757,2,2,1, 20759
22,20756,4,4,1, 20760
26,20757,3,3,1, 20760
24,20759,1,1,0, 20760
23,20758,3,3,1, 20761
17,20759,3,3,1, 20762
6,20760,2,2,1, 20762
2,20763,2,2,1, 20765
18,20763,4,4,1, 20767
1,20766,1,1,0, 20767
8,20766,1,1,0, 20767
9,20767,2,2,1, 20769
26,20767,3,3,1, 20770
24,20769,1,1,1, 20770
16,20769,2,2,1, 20771
17,20769,3,3,1, 20772
2,20773,2,2,1, 20775
18,20773,4,4,1, 20777
1,20776,1,1,1, 20777
8,20776,1,1,0, 20777
20,20773,6,6,1, 20779
28,20774,5,5,1, 20779
24,20779,1,1,0, 20780
16,20779,2,2,1, 20781
8,20786,1,1,1, 20787
24,20789,1,1,0, 20790
8,20796,1,1,0, 20797
24,20799,1,1,0, 20800
16,20799,2,2,1, 20801
8,20806,1,1,1, 20807
24,20809,1,1,1, 20810
8,20816,1,1,1, 20817
24,20819,1,1,0, 20820
8,20826,1,1,1, 20827
24,20829,1,1,1, 20830
16,20829,2,2,1, 20831
8,20836,1,1,1, 20837
24,20839,1,1,1, 20840
8,20846,1,1,1, 20847
24,20849,1,1,1, 20850
8,20856,1,1,0, 20857
24,20859,1,1,0, 20860
16,20859,2,2,1, 20861
8,20866,1,1,1, 20867
24,20869,1,1,1, 20870
23,20868,3,3,1, 20871
16,20869,2,2,1, 20871
7,20872,1,1,0, 20873
15,20871,2,4,1, 20875
8,20876,1,1,1, 20877
24,20879,1,1,1, 20880
23,20878,3,3,1, 20881
7,20882,1,1,1, 20883
25,20885,2,2,1, 20887
1,20886,1,1,1, 20887
8,20886,1,1,1, 20887
24,20889,1,1,1, 20890
16,20889,2,2,1, 20891
7,20892,1,1,0, 20893
25,20895,2,2,1, 20897
1,20896,1,1,0, 20897
8,20896,1,1,1, 20897
9,20897,2,2,1, 20899
24,20899,1,1,1, 20900
16,20899,2,2,1, 20901
17,20899,3,3,1, 20902
7,20902,1,1,0, 20903
1,20906,1,1,0, 20907
8,20906,1,1,0, 20907
9,20907,2,2,1, 20909
22,20906,4,4,1, 20910
5,20907,3,3,1, 20910
24,20909,1,1,1, 20910
16,20909,2,2,1, 20911
14,20909,3,3,1, 20912
17,20909,3,3,1, 20912
6,20910,2,2,1, 20912
7,20912,1,1,0, 20913
30,20913,3,3,1, 20916
25,20915,2,2,1, 20917
1,20916,1,1,0, 20917
8,20916,1,1,0, 20917
5,20917,3,3,1, 20920
24,20919,1,1,0, 20920
17,20919,3,3,1, 20922
13,20919,4,4,1, 20923
7,20922,1,1,1, 20923
2,20923,2,2,1, 20925
1,20926,1,1,1, 20927
8,20926,1,1,1, 20927
9,20927,2,2,1, 20929
22,20926,4,4,1, 20930
3,20927,3,3,1, 20930
5,20927,3,3,1, 20930
24,20929,1,1,0, 20930
19,20926,5,5,1, 20931
21,20927,5,5,1, 20932
29,20928,4,4,1, 20932
6,20930,2,2,1, 20932
13,20929,4,4,1, 20933
7,20932,1,1,1, 20933
2,20933,2,2,1, 20935
30,20933,3,3,1, 20936
25,20935,2,2,1, 20937
1,20936,1,1,0, 20937
8,20936,1,1,0, 20937
11,20934,4,4,1, 20938
22,20936,4,4,1, 20940
24,20939,1,1,0, 20940
19,20936,5,5,1, 20941
21,20937,5,5,1, 20942
17,20939,3,3,1, 20942
8,20946,1,1,0, 20947
24,20949,1,1,1, 20950
16,20949,2,2,1, 20951
8,20956,1,1,0, 20957
24,20959,1,1,0, 20960
16,20959,2,2,1, 20961
8,20966,1,1,0, 20967
24,20969,1,1,0, 20970
8,20976,1,1,1, 20977
24,20979,1,1,0, 20980
8,20986,1,1,0, 20987
24,20989,1,1,1, 20990
8,20996,1,1,0, 20997
24,20999,1,1,1, 21000
8,21006,1,1,0, 21007
24,21009,1,1,0, 21010
8,21016,1,1,0, 21017
24,21019,1,1,0, 21020
8,21026,1,1,0, 21027
24,21029,1,1,1, 21030
16,21029,2,2,1, 21031
8,21036,1,1,0, 21037
24,21039,1,1,0, 21040
16,21039,2,2,1, 21041
1,21046,1,1,1, 21047
8,21046,1,1,1, 21047
9,21047,2,2,1, 21049
22,21046,4,4,1, 21050
24,21049,1,1,0, 21050
16,21049,2,2,1, 21051
29,21048,4,4,1, 21052
6,21050,2,2,1, 21052
7,21052,1,1,1, 21053
30,21053,3,3,1, 21056
25,21055,2,2,1, 21057
1,21056,1,1,0, 21057
8,21056,1,1,0, 21057
31,21056,2,2,1, 21058
24,21059,1,1,1, 21060
21,21057,5,5,1, 21062
29,21058,4,4,1, 21062
7,21062,1,1,1, 21063
25,21065,2,2,1, 21067
1,21066,1,1,0, 21067
8,21066,1,1,1, 21067
24,21069,1,1,0, 21070
16,21069,2,2,1, 21071
14,21069,3,3,1, 21072
7,21072,1,1,0, 21073
1,21076,1,1,1, 21077
8,21076,1,1,1, 21077
31,21076,2,2,1, 21078
9,21077,2,2,1, 21079
5,21077,3,3,1, 21080
24,21079,1,1,0, 21080
23,21078,3,3,1, 21081
21,21077,5,5,1, 21082
29,21078,4,4,1, 21082
17,21079,3,3,1, 21082
6,21080,2,2,1, 21082
7,21082,1,1,1, 21083
25,21085,2,2,1, 21087
1,21086,1,1,0, 21087
8,21086,1,1,0, 21087
31,21086,2,2,1, 21088
5,21087,3,3,1, 21090
24,21089,1,1,1, 21090
23,21088,3,3,1, 21091
1,21096,1,1,1, 21097
8,21096,1,1,0, 21097
24,21099,1,1,0, 21100
16,21099,2,2,1, 21101
1,21106,1,1,0, 21107
8,21106,1,1,0, 21107
9,21107,2,2,1, 21109
24,21109,1,1,0, 21110
17,21109,3,3,1, 21112
18,21113,4,4,1, 21117
25,21115,2,2,1, 21117
1,21116,1,1,0, 21117
8,21116,1,1,0, 21117
11,21114,4,4,1, 21118
9,21117,2,2,1, 21119
3,21117,3,3,1, 21120
26,21117,3,3,1, 21120
24,21119,1,1,0, 21120
16,21119,2,2,1, 21121
17,21119,3,3,1, 21122
27,21122,4,4,1, 21126
18,21123,4,4,1, 21127
8,21126,1,1,1, 21127
24,21129,1,1,0, 21130
8,21136,1,1,1, 21137
24,21139,1,1,0, 21140
16,21139,2,2,1, 21141
8,21146,1,1,0, 21147
24,21149,1,1,0, 21150
16,21149,2,2,1, 21151
8,21156,1,1,0, 21157
24,21159,1,1,1, 21160
8,21166,1,1,0, 21167
24,21169,1,1,0, 21170
8,21176,1,1,1, 21177
24,21179,1,1,1, 21180
16,21179,2,2,1, 21181
8,21186,1,1,1, 21187
24,21189,1,1,1, 21190
8,21196,1,1,1, 21197
24,21199,1,1,0, 21200
23,21198,3,3,1, 21201
16,21199,2,2,1, 21201
7,21202,1,1,0, 21203
8,21206,1,1,1, 21207
31,21206,2,2,1, 21208
24,21209,1,1,0, 21210
16,21209,2,2,1, 21211
7,21212,1,1,1, 21213
8,21216,1,1,0, 21217
31,21216,2,2,1, 21218
24,21219,1,1,0, 21220
16,21219,2,2,1, 21221
7,21222,1,1,1, 21223
8,21226,1,1,0, 21227
31,21226,2,2,1, 21228
5,21227,3,3,1, 21230
24,21229,1,1,0, 21230
23,21228,3,3,1, 21231
16,21229,2,2,1, 21231
29,21228,4,4,1, 21232
14,21229,3,3,1, 21232
7,21232,1,1,0, 21233
25,21235,2,2,1, 21237
1,21236,1,1,0, 21237
8,21236,1,1,1, 21237
31,21236,2,2,1, 21238
9,21237,2,2,1, 21239
24,21239,1,1,0, 21240
16,21239,2,2,1, 21241
29,21238,4,4,1, 21242
14,21239,3,3,1, 21242
7,21242,1,1,0, 21243
15,21241,2,4,1, 21245
2,21243,2,2,1, 21245
18,21243,4,4,1, 21247
25,21245,2,2,1, 21247
1,21246,1,1,1, 21247
8,21246,1,1,1, 21247
9,21247,2,2,1, 21249
22,21246,4,4,1, 21250
26,21247,3,3,1, 21250
23,21248,3,3,1, 21251
21,21247,5,5,1, 21252
6,21250,2,2,1, 21252
7,21252,1,1,1, 21253
2,21253,2,2,1, 21255
25,21255,2,2,1, 21257
1,21256,1,1,0, 21257
8,21256,1,1,1, 21257
22,21256,4,4,1, 21260
26,21257,3,3,1, 21260
17,21259,3,3,1, 21262
2,21263,2,2,1, 21265
18,21263,4,4,1, 21267
1,21266,1,1,1, 21267
8,21266,1,1,1, 21267
26,21267,3,3,1, 21270
17,21269,3,3,1, 21272
2,21273,2,2,1, 21275
8,21276,1,1,1, 21277
8,21286,1,1,0, 21287
8,21296,1,1,0, 21297
8,21306,1,1,1, 21307
8,21316,1,1,0, 21317
8,21326,1,1,0, 21327
8,21336,1,1,0, 21337
8,21346,1,1,1, 21347
24,21349,1,1,1, 21350
16,21349,2,2,1, 21351
8,21356,1,1,1, 21357
24,21359,1,1,1, 21360
7,21362,1,1,0, 21363
8,21366,1,1,0, 21367
24,21369,1,1,0, 21370
7,21372,1,1,1, 21373
8,21376,1,1,0, 21377
24,21379,1,1,1, 21380
7,21382,1,1,1, 21383
1,21386,1,1,1, 21387
8,21386,1,1,0, 21387
9,21387,2,2,1, 21389
24,21389,1,1,1, 21390
16,21389,2,2,1, 21391
7,21392,1,1,1, 21393
1,21396,1,1,1, 21397
8,21396,1,1,1, 21397
9,21397,2,2,1, 21399
22,21396,4,4,1, 21400
5,21397,3,3,1, 21400
24,21399,1,1,0, 21400
16,21399,2,2,1, 21401
21,21397,5,5,1, 21402
29,21398,4,4,1, 21402
14,21399,3,3,1, 21402
17,21399,3,3,1, 21402
7,21402,1,1,1, 21403
30,21403,3,3,1, 21406
25,21405,2,2,1, 21407
1,21406,1,1,0, 21407
8,21406,1,1,0, 21407
31,21406,2,2,1, 21408
9,21407,2,2,1, 21409
22,21406,4,4,1, 21410
24,21409,1,1,0, 21410
16,21409,2,2,1, 21411
21,21407,5,5,1, 21412
17,21409,3,3,1, 21412
6,21410,2,2,1, 21412
13,21409,4,4,1, 21413
7,21412,1,1,1, 21413
1,21416,1,1,0, 21417
8,21416,1,1,1, 21417
24,21419,1,1,0, 21420
23,21418,3,3,1, 21421
14,21419,3,3,1, 21422
13,21419,4,4,1, 21423
7,21422,1,1,1, 21423
30,21423,3,3,1, 21426
25,21425,2,2,1, 21427
1,21426,1,1,1, 21427
8,21426,1,1,1, 21427
24,21429,1,1,1, 21430
17,21429,3,3,1, 21432
1,21436,1,1,0, 21437
8,21436,1,1,1, 21437
24,21439,1,1,1, 21440
25,21445,2,2,1, 21447
1,21446,1,1,0, 21447
8,21446,1,1,1, 21447
9,21447,2,2,1, 21449
24,21449,1,1,0, 21450
17,21449,3,3,1, 21452
2,21453,2,2,1, 21455
25,21455,2,2,1, 21457
1,21456,1,1,0, 21457
8,21456,1,1,0, 21457
9,21457,2,2,1, 21459
24,21459,1,1,1, 21460
2,21463,2,2,1, 21465
25,21465,2,2,1, 21467
1,21466,1,1,1, 21467
8,21466,1,1,0, 21467
24,21469,1,1,0, 21470
2,21473,2,2,1, 21475
1,21476,1,1,1, 21477
8,21476,1,1,0, 21477
9,21477,2,2,1, 21479
24,21479,1,1,0, 21480
8,21486,1,1,1, 21487
24,21489,1,1,0, 21490
8,21496,1,1,1, 21497
24,21499,1,1,0, 21500
16,21499,2,2,1, 21501
8,21506,1,1,1, 21507
24,21509,1,1,1, 21510
8,21516,1,1,0, 21517
24,21519,1,1,0, 21520
16,21519,2,2,1, 21521
8,21526,1,1,1, 21527
31,21526,2,2,1, 21528
24,21529,1,1,0, 21530
16,21529,2,2,1, 21531
7,21532,1,1,0, 21533
8,21536,1,1,0, 21537
31,21536,2,2,1, 21538
24,21539,1,1,0, 21540
29,21538,4,4,1, 21542
14,21539,3,3,1, 21542
6,21540,2,2,1, 21542
7,21542,1,1,0, 21543
30,21543,3,3,1, 21546
8,21546,1,1,0, 21547
31,21546,2,2,1, 21548
22,21546,4,4,1, 21550
24,21549,1,1,0, 21550
13,21549,4,4,1, 21553
7,21552,1,1,1, 21553
30,21553,3,3,1, 21556
8,21556,1,1,1, 21557
31,21556,2,2,1, 21558
24,21559,1,1,1, 21560
16,21559,2,2,1, 21561
6,21560,2,2,1, 21562
13,21559,4,4,1, 21563
7,21562,1,1,0, 21563
30,21563,3,3,1, 21566
8,21566,1,1,0, 21567
24,21569,1,1,1, 21570
14,21569,3,3,1, 21572
6,21570,2,2,1, 21572
7,21572,1,1,0, 21573
30,21573,3,3,1, 21576
8,21576,1,1,0, 21577
24,21579,1,1,0, 21580
25,21585,2,2,1, 21587
1,21586,1,1,1, 21587
8,21586,1,1,1, 21587
24,21589,1,1,1, 21590
25,21595,2,2,1, 21597
1,21596,1,1,1, 21597
8,21596,1,1,0, 21597
9,21597,2,2,1, 21599
24,21599,1,1,1, 21600
1,21606,1,1,1, 21607
8,21606,1,1,1, 21607
24,21609,1,1,0, 21610
17,21609,3,3,1, 21612
1,21616,1,1,0, 21617
8,21616,1,1,0, 21617
9,21617,2,2,1, 21619
24,21619,1,1,1, 21620
16,21619,2,2,1, 21621
17,21619,3,3,1, 21622
1,21626,1,1,0, 21627
8,21626,1,1,1, 21627
24,21629,1,1,1, 21630
16,21629,2,2,1, 21631
1,21636,1,1,0, 21637
8,21636,1,1,1, 21637
24,21639,1,1,1, 21640
16,21639,2,2,1, 21641
17,21639,3,3,1, 21642
2,21643,2,2,1, 21645
18,21643,4,4,1, 21647
25,21645,2,2,1, 21647
1,21646,1,1,0, 21647
8,21646,1,1,1, 21647
9,21647,2,2,1, 21649
3,21647,3,3,1, 21650
24,21649,1,1,1, 21650
27,21652,4,4,1, 21656
18,21653,4,4,1, 21657
25,21655,2,2,1, 21657
1,21656,1,1,0, 21657
8,21656,1,1,0, 21657
11,21654,4,4,1, 21658
9,21657,2,2,1, 21659
26,21657,3,3,1, 21660
24,21659,1,1,0, 21660
16,21659,2,2,1, 21661
8,21666,1,1,0, 21667
24,21669,1,1,0, 21670
16,21669,2,2,1, 21671
8,21676,1,1,1, 21677
24,21679,1,1,0, 21680
16,21679,2,2,1, 21681
8,21686,1,1,1, 21687
31,21686,2,2,1, 21688
24,21689,1,1,1, 21690
23,21688,3,3,1, 21691
7,21692,1,1,0, 21693
8,21696,1,1,0, 21697
24,21699,1,1,1, 21700
14,21699,3,3,1, 21702
7,21702,1,1,1, 21703
15,21701,2,4,1, 21705
8,21706,1,1,1, 21707
22,21706,4,4,1, 21710
5,21707,3,3,1, 21710
24,21709,1,1,0, 21710
23,21708,3,3,1, 21711
13,21709,4,4,1, 21713
7,21712,1,1,1, 21713
8,21716,1,1,1, 21717
24,21719,1,1,0, 21720
21,21717,5,5,1, 21722
13,21719,4,4,1, 21723
7,21722,1,1,0, 21723
30,21723,3,3,1, 21726
8,21726,1,1,1, 21727
31,21726,2,2,1, 21728
22,21726,4,4,1, 21730
5,21727,3,3,1, 21730
24,21729,1,1,1, 21730
21,21727,5,5,1, 21732
29,21728,4,4,1, 21732
7,21732,1,1,1, 21733
15,21731,2,4,1, 21735
8,21736,1,1,1, 21737
24,21739,1,1,0, 21740
16,21739,2,2,1, 21741
8,21746,1,1,0, 21747
24,21749,1,1,1, 21750
8,21756,1,1,0, 21757
24,21759,1,1,0, 21760
16,21759,2,2,1, 21761
1,21766,1,1,0, 21767
8,21766,1,1,0, 21767
9,21767,2,2,1, 21769
24,21769,1,1,0, 21770
25,21775,2,2,1, 21777
1,21776,1,1,1, 21777
8,21776,1,1,1, 21777
9,21777,2,2,1, 21779
24,21779,1,1,1, 21780
16,21779,2,2,1, 21781
17,21779,3,3,1, 21782
25,21785,2,2,1, 21787
1,21786,1,1,0, 21787
8,21786,1,1,1, 21787
24,21789,1,1,0, 21790
16,21789,2,2,1, 21791
25,21795,2,2,1, 21797
1,21796,1,1,1, 21797
8,21796,1,1,1, 21797
24,21799,1,1,1, 21800
17,21799,3,3,1, 21802
18,21803,4,4,1, 21807
25,21805,2,2,1, 21807
1,21806,1,1,1, 21807
8,21806,1,1,0, 21807
9,21807,2,2,1, 21809
26,21807,3,3,1, 21810
24,21809,1,1,1, 21810
16,21809,2,2,1, 21811
25,21815,2,2,1, 21817
1,21816,1,1,0, 21817
8,21816,1,1,0, 21817
26,21817,3,3,1, 21820
24,21819,1,1,1, 21820
12,21820,5,5,1, 21825
1,21826,1,1,1, 21827
8,21826,1,1,1, 21827
11,21824,4,4,1, 21828
20,21823,6,6,1, 21829
4,21826,4,4,1, 21830
24,21829,1,1,0, 21830
16,21829,2,2,1, 21831
8,21836,1,1,0, 21837
24,21839,1,1,1, 21840
8,21846,1,1,0, 21847
24,21849,1,1,1, 21850
7,21852,1,1,1, 21853
8,21856,1,1,0, 21857
24,21859,1,1,0, 21860
7,21862,1,1,1, 21863
30,21863,3,3,1, 21866
8,21866,1,1,1, 21867
5,21867,3,3,1, 21870
24,21869,1,1,0, 21870
16,21869,2,2,1, 21871
7,21872,1,1,0, 21873
8,21876,1,1,0, 21877
24,21879,1,1,0, 21880
16,21879,2,2,1, 21881
13,21879,4,4,1, 21883
7,21882,1,1,1, 21883
15,21881,2,4,1, 21885
8,21886,1,1,0, 21887
31,21886,2,2,1, 21888
22,21886,4,4,1, 21890
24,21889,1,1,1, 21890
23,21888,3,3,1, 21891
7,21892,1,1,0, 21893
15,21891,2,4,1, 21895
8,21896,1,1,0, 21897
31,21896,2,2,1, 21898
5,21897,3,3,1, 21900
24,21899,1,1,1, 21900
16,21899,2,2,1, 21901
14,21899,3,3,1, 21902
7,21902,1,1,0, 21903
30,21903,3,3,1, 21906
8,21906,1,1,0, 21907
24,21909,1,1,0, 21910
21,21907,5,5,1, 21912
29,21908,4,4,1, 21912
7,21912,1,1,0, 21913
30,21913,3,3,1, 21916
8,21916,1,1,1, 21917
31,21916,2,2,1, 21918
22,21916,4,4,1, 21920
24,21919,1,1,1, 21920
23,21918,3,3,1, 21921
16,21919,2,2,1, 21921
8,21926,1,1,1, 21927
24,21929,1,1,1, 21930
1,21936,1,1,0, 21937
8,21936,1,1,0, 21937
9,21937,2,2,1, 21939
24,21939,1,1,1, 21940
17,21939,3,3,1, 21942
25,21945,2,2,1, 21947
1,21946,1,1,1, 21947
8,21946,1,1,1, 21947
24,21949,1,1,1, 21950
16,21949,2,2,1, 21951
2,21953,2,2,1, 21955
1,21956,1,1,1, 21957
8,21956,1,1,0, 21957
9,21957,2,2,1, 21959
26,21957,3,3,1, 21960
24,21959,1,1,0, 21960
25,21965,2,2,1, 21967
1,21966,1,1,1, 21967
8,21966,1,1,1, 21967
24,21969,1,1,0, 21970
1,21976,1,1,1, 21977
8,21976,1,1,1, 21977
26,21977,3,3,1, 21980
24,21979,1,1,0, 21980
17,21979,3,3,1, 21982
18,21983,4,4,1, 21987
1,21986,1,1,1, 21987
8,21986,1,1,0, 21987
3,21987,3,3,1, 21990
26,21987,3,3,1, 21990
24,21989,1,1,0, 21990
16,21989,2,2,1, 21991
2,21993,2,2,1, 21995
18,21993,4,4,1, 21997
1,21996,1,1,0, 21997
8,21996,1,1,1, 21997
26,21997,3,3,1, 22000
24,21999,1,1,0, 22000
16,21999,2,2,1, 22001
2,22003,2,2,1, 22005
27,22002,4,4,1, 22006
25,22005,2,2,1, 22007
1,22006,1,1,0, 22007
8,22006,1,1,0, 22007
11,22004,4,4,1, 22008
24,22009,1,1,1, 22010
16,22009,2,2,1, 22011
8,22016,1,1,1, 22017
24,22019,1,1,0, 22020
8,22026,1,1,0, 22027
24,22029,1,1,1, 22030
7,22032,1,1,0, 22033
8,22036,1,1,0, 22037
24,22039,1,1,1, 22040
7,22042,1,1,0, 22043
8,22046,1,1,0, 22047
24,22049,1,1,1, 22050
16,22049,2,2,1, 22051
7,22052,1,1,0, 22053
15,22051,2,4,1, 22055
30,22053,3,3,1, 22056
8,22056,1,1,1, 22057
22,22056,4,4,1, 22060
24,22059,1,1,0, 22060
16,22059,2,2,1, 22061
29,22058,4,4,1, 22062
6,22060,2,2,1, 22062
13,22059,4,4,1, 22063
7,22062,1,1,1, 22063
30,22063,3,3,1, 22066
8,22066,1,1,0, 22067
24,22069,1,1,0, 22070
23,22068,3,3,1, 22071
7,22072,1,1,0, 22073
30,22073,3,3,1, 22076
8,22076,1,1,0, 22077
31,22076,2,2,1, 22078
22,22076,4,4,1, 22080
24,22079,1,1,0, 22080
23,22078,3,3,1, 22081
16,22079,2,2,1, 22081
6,22080,2,2,1, 22082
13,22079,4,4,1, 22083
7,22082,1,1,1, 22083
8,22086,1,1,1, 22087
31,22086,2,2,1, 22088
24,22089,1,1,1, 22090
16,22089,2,2,1, 22091
14,22089,3,3,1, 22092
6,22090,2,2,1, 22092
8,22096,1,1,0, 22097
24,22099,1,1,1, 22100
8,22106,1,1,1, 22107
24,22109,1,1,0, 22110
8,22116,1,1,1, 22117
24,22119,1,1,1, 22120
16,22119,2,2,1, 22121
1,22126,1,1,0, 22127
8,22126,1,1,0, 22127
24,22129,1,1,0, 22130
16,22129,2,2,1, 22131
25,22135,2,2,1, 22137
1,22136,1,1,1, 22137
8,22136,1,1,0, 22137
24,22139,1,1,1, 22140
25,22145,2,2,1, 22147
1,22146,1,1,1, 22147
8,22146,1,1,0, 22147
9,22147,2,2,1, 22149
26,22147,3,3,1, 22150
24,22149,1,1,1, 22150
16,22149,2,2,1, 22151
2,22153,2,2,1, 22155
18,22153,4,4,1, 22157
1,22156,1,1,0, 22157
8,22156,1,1,1, 22157
11,22154,4,4,1, 22158
3,22157,3,3,1, 22160
24,22159,1,1,0, 22160
19,22156,5,5,1, 22161
16,22159,2,2,1, 22161
17,22159,3,3,1, 22162
2,22163,2,2,1, 22165
27,22162,4,4,1, 22166
25,22165,2,2,1, 22167
1,22166,1,1,0, 22167
8,22166,1,1,1, 22167
9,22167,2,2,1, 22169
3,22167,3,3,1, 22170
24,22169,1,1,0, 22170
16,22169,2,2,1, 22171
18,22173,4,4,1, 22177
25,22175,2,2,1, 22177
1,22176,1,1,0, 22177
8,22176,1,1,0, 22177
9,22177,2,2,1, 22179
24,22179,1,1,1, 22180
16,22179,2,2,1, 22181
8,22186,1,1,0, 22187
24,22189,1,1,0, 22190
16,22189,2,2,1, 22191
8,22196,1,1,1, 22197
24,22199,1,1,0, 22200
16,22199,2,2,1, 22201
7,22202,1,1,0, 22203
15,22201,2,4,1, 22205
8,22206,1,1,0, 22207
24,22209,1,1,1, 22210
23,22208,3,3,1, 22211
16,22209,2,2,1, 22211
7,22212,1,1,1, 22213
8,22216,1,1,1, 22217
31,22216,2,2,1, 22218
24,22219,1,1,1, 22220
23,22218,3,3,1, 22221
16,22219,2,2,1, 22221
7,22222,1,1,1, 22223
8,22226,1,1,1, 22227
24,22229,1,1,0, 22230
7,22232,1,1,1, 22233
15,22231,2,4,1, 22235
8,22236,1,1,0, 22237
31,22236,2,2,1, 22238
24,22239,1,1,0, 22240
7,22242,1,1,1, 22243
8,22246,1,1,0, 22247
31,22246,2,2,1, 22248
24,22249,1,1,0, 22250
16,22249,2,2,1, 22251
14,22249,3,3,1, 22252
7,22252,1,1,1, 22253
8,22256,1,1,0, 22257
22,22256,4,4,1, 22260
24,22259,1,1,0, 22260
16,22259,2,2,1, 22261
14,22259,3,3,1, 22262
6,22260,2,2,1, 22262
13,22259,4,4,1, 22263
7,22262,1,1,0, 22263
8,22266,1,1,0, 22267
24,22269,1,1,1, 22270
16,22269,2,2,1, 22271
14,22269,3,3,1, 22272
13,22269,4,4,1, 22273
7,22272,1,1,0, 22273
15,22271,2,4,1, 22275
8,22276,1,1,1, 22277
31,22276,2,2,1, 22278
22,22276,4,4,1, 22280
24,22279,1,1,0, 22280
16,22279,2,2,1, 22281
8,22286,1,1,0, 22287
24,22289,1,1,1, 22290
16,22289,2,2,1, 22291
1,22296,1,1,0, 22297
8,22296,1,1,1, 22297
9,22297,2,2,1, 22299
24,22299,1,1,0, 22300
2,22303,2,2,1, 22305
1,22306,1,1,1, 22307
8,22306,1,1,0, 22307
24,22309,1,1,0, 22310
17,22309,3,3,1, 22312
2,22313,2,2,1, 22315
1,22316,1,1,0, 22317
8,22316,1,1,0, 22317
24,22319,1,1,0, 22320
16,22319,2,2,1, 22321
17,22319,3,3,1, 22322
25,22325,2,2,1, 22327
1,22326,1,1,1, 22327
8,22326,1,1,0, 22327
9,22327,2,2,1, 22329
24,22329,1,1,1, 22330
25,22335,2,2,1, 22337
1,22336,1,1,0, 22337
8,22336,1,1,1, 22337
24,22339,1,1,0, 22340
25,22345,2,2,1, 22347
1,22346,1,1,0, 22347
8,22346,1,1,1, 22347
9,22347,2,2,1, 22349
24,22349,1,1,0, 22350
17,22349,3,3,1, 22352
2,22353,2,2,1, 22355
1,22356,1,1,0, 22357
8,22356,1,1,1, 22357
9,22357,2,2,1, 22359
24,22359,1,1,1, 22360
16,22359,2,2,1, 22361
17,22359,3,3,1, 22362
27,22362,4,4,1, 22366
25,22365,2,2,1, 22367
1,22366,1,1,0, 22367
8,22366,1,1,0, 22367
11,22364,4,4,1, 22368
28,22364,5,5,1, 22369
24,22369,1,1,0, 22370
16,22369,2,2,1, 22371
8,22376,1,1,1, 22377
24,22379,1,1,1, 22380
8,22386,1,1,1, 22387
24,22389,1,1,1, 22390
7,22392,1,1,1, 22393
8,22396,1,1,0, 22397
24,22399,1,1,0, 22400
7,22402,1,1,1, 22403
8,22406,1,1,0, 22407
24,22409,1,1,0, 22410
7,22412,1,1,1, 22413
8,22416,1,1,0, 22417
24,22419,1,1,0, 22420
7,22422,1,1,0, 22423
8,22426,1,1,1, 22427
22,22426,4,4,1, 22430
5,22427,3,3,1, 22430
24,22429,1,1,1, 22430
16,22429,2,2,1, 22431
7,22432,1,1,0, 22433
30,22433,3,3,1, 22436
8,22436,1,1,1, 22437
24,22439,1,1,1, 22440
16,22439,2,2,1, 22441
21,22437,5,5,1, 22442
14,22439,3,3,1, 22442
6,22440,2,2,1, 22442
13,22439,4,4,1, 22443
7,22442,1,1,0, 22443
8,22446,1,1,0, 22447
24,22449,1,1,0, 22450
7,22452,1,1,0, 22453
30,22453,3,3,1, 22456
8,22456,1,1,1, 22457
22,22456,4,4,1, 22460
5,22457,3,3,1, 22460
24,22459,1,1,1, 22460
14,22459,3,3,1, 22462
7,22462,1,1,1, 22463
15,22461,2,4,1, 22465
8,22466,1,1,1, 22467
5,22467,3,3,1, 22470
24,22469,1,1,1, 22470
7,22472,1,1,0, 22473
30,22473,3,3,1, 22476
1,22476,1,1,1, 22477
8,22476,1,1,0, 22477
9,22477,2,2,1, 22479
22,22476,4,4,1, 22480
5,22477,3,3,1, 22480
24,22479,1,1,0, 22480
16,22479,2,2,1, 22481
21,22477,5,5,1, 22482
14,22479,3,3,1, 22482
17,22479,3,3,1, 22482
7,22482,1,1,1, 22483
25,22485,2,2,1, 22487
1,22486,1,1,1, 22487
8,22486,1,1,0, 22487
31,22486,2,2,1, 22488
9,22487,2,2,1, 22489
24,22489,1,1,1, 22490
17,22489,3,3,1, 22492
7,22492,1,1,1, 22493
15,22491,2,4,1, 22495
25,22495,2,2,1, 22497
1,22496,1,1,1, 22497
8,22496,1,1,0, 22497
24,22499,1,1,0, 22500
16,22499,2,2,1, 22501
17,22499,3,3,1, 22502
18,22503,4,4,1, 22507
25,22505,2,2,1, 22507
1,22506,1,1,0, 22507
8,22506,1,1,1, 22507
3,22507,3,3,1, 22510
24,22509,1,1,1, 22510
16,22509,2,2,1, 22511
2,22513,2,2,1, 22515
1,22516,1,1,1, 22517
8,22516,1,1,1, 22517
3,22517,3,3,1, 22520
24,22519,1,1,1, 22520
19,22516,5,5,1, 22521
17,22519,3,3,1, 22522
25,22525,2,2,1, 22527
1,22526,1,1,1, 22527
8,22526,1,1,1, 22527
20,22523,6,6,1, 22529
4,22526,4,4,1, 22530
24,22529,1,1,1, 22530
8,22536,1,1,1, 22537
24,22539,1,1,1, 22540
8,22546,1,1,0, 22547
24,22549,1,1,0, 22550
16,22549,2,2,1, 22551
8,22556,1,1,1, 22557
24,22559,1,1,0, 22560
8,22566,1,1,1, 22567
24,22569,1,1,0, 22570
16,22569,2,2,1, 22571
8,22576,1,1,0, 22577
24,22579,1,1,1, 22580
8,22586,1,1,0, 22587
24,22589,1,1,0, 22590
8,22596,1,1,1, 22597
24,22599,1,1,1, 22600
30,22603,3,3,1, 22606
8,22606,1,1,0, 22607
24,22609,1,1,1, 22610
16,22609,2,2,1, 22611
7,22612,1,1,1, 22613
15,22611,2,4,1, 22615
8,22616,1,1,1, 22617
31,22616,2,2,1, 22618
22,22616,4,4,1, 22620
24,22619,1,1,1, 22620
6,22620,2,2,1, 22622
7,22622,1,1,0, 22623
15,22621,2,4,1, 22625
8,22626,1,1,0, 22627
31,22626,2,2,1, 22628
24,22629,1,1,1, 22630
23,22628,3,3,1, 22631
16,22629,2,2,1, 22631
6,22630,2,2,1, 22632
13,22629,4,4,1, 22633
7,22632,1,1,1, 22633
15,22631,2,4,1, 22635
1,22636,1,1,0, 22637
8,22636,1,1,0, 22637
24,22639,1,1,0, 22640
23,22638,3,3,1, 22641
17,22639,3,3,1, 22642
6,22640,2,2,1, 22642
13,22639,4,4,1, 22643
7,22642,1,1,1, 22643
15,22641,2,4,1, 22645
25,22645,2,2,1, 22647
1,22646,1,1,0, 22647
8,22646,1,1,1, 22647
9,22647,2,2,1, 22649
24,22649,1,1,1, 22650
16,22649,2,2,1, 22651
14,22649,3,3,1, 22652
17,22649,3,3,1, 22652
1,22656,1,1,1, 22657
8,22656,1,1,0, 22657
24,22659,1,1,1, 22660
18,22663,4,4,1, 22667
1,22666,1,1,1, 22667
8,22666,1,1,0, 22667
9,22667,2,2,1, 22669
26,22667,3,3,1, 22670
24,22669,1,1,1, 22670
17,22669,3,3,1, 22672
2,22673,2,2,1, 22675
25,22675,2,2,1, 22677
1,22676,1,1,1, 22677
8,22676,1,1,0, 22677
24,22679,1,1,0, 22680
17,22679,3,3,1, 22682
1,22686,1,1,0, 22687
8,22686,1,1,0, 22687
24,22689,1,1,1, 22690
1,22696,1,1,0, 22697
8,22696,1,1,0, 22697
3,22697,3,3,1, 22700
24,22699,1,1,1, 22700
27,22702,4,4,1, 22706
1,22706,1,1,1, 22707
8,22706,1,1,1, 22707
26,22707,3,3,1, 22710
24,22709,1,1,1, 22710
2,22713,2,2,1, 22715
25,22715,2,2,1, 22717
1,22716,1,1,0, 22717
8,22716,1,1,0, 22717
11,22714,4,4,1, 22718
3,22717,3,3,1, 22720
24,22719,1,1,0, 22720
16,22719,2,2,1, 22721
8,22726,1,1,1, 22727
24,22729,1,1,0, 22730
16,22729,2,2,1, 22731
8,22736,1,1,0, 22737
24,22739,1,1,0, 22740
8,22746,1,1,0, 22747
24,22749,1,1,1, 22750
16,22749,2,2,1, 22751
7,22752,1,1,0, 22753
8,22756,1,1,1, 22757
24,22759,1,1,1, 22760
7,22762,1,1,1, 22763
15,22761,2,4,1, 22765
8,22766,1,1,0, 22767
24,22769,1,1,1, 22770
23,22768,3,3,1, 22771
16,22769,2,2,1, 22771
7,22772,1,1,1, 22773
15,22771,2,4,1, 22775
8,22776,1,1,0, 22777
24,22779,1,1,0, 22780
16,22779,2,2,1, 22781
7,22782,1,1,1, 22783
8,22786,1,1,0, 22787
24,22789,1,1,1, 22790
23,22788,3,3,1, 22791
16,22789,2,2,1, 22791
21,22787,5,5,1, 22792
29,22788,4,4,1, 22792
14,22789,3,3,1, 22792
7,22792,1,1,0, 22793
15,22791,2,4,1, 22795
8,22796,1,1,1, 22797
5,22797,3,3,1, 22800
24,22799,1,1,0, 22800
21,22797,5,5,1, 22802
29,22798,4,4,1, 22802
14,22799,3,3,1, 22802
7,22802,1,1,0, 22803
8,22806,1,1,0, 22807
31,22806,2,2,1, 22808
24,22809,1,1,1, 22810
23,22808,3,3,1, 22811
13,22809,4,4,1, 22813
7,22812,1,1,1, 22813
8,22816,1,1,0, 22817
24,22819,1,1,0, 22820
29,22818,4,4,1, 22822
13,22819,4,4,1, 22823
7,22822,1,1,1, 22823
30,22823,3,3,1, 22826
25,22825,2,2,1, 22827
1,22826,1,1,1, 22827
8,22826,1,1,0, 22827
9,22827,2,2,1, 22829
24,22829,1,1,0, 22830
1,22836,1,1,0, 22837
8,22836,1,1,1, 22837
24,22839,1,1,1, 22840
1,22846,1,1,0, 22847
8,22846,1,1,1, 22847
9,22847,2,2,1, 22849
24,22849,1,1,1, 22850
16,22849,2,2,1, 22851
2,22853,2,2,1, 22855
18,22853,4,4,1, 22857
1,22856,1,1,0, 22857
8,22856,1,1,1, 22857
26,22857,3,3,1, 22860
24,22859,1,1,0, 22860
17,22859,3,3,1, 22862
18,22863,4,4,1, 22867
25,22865,2,2,1, 22867
1,22866,1,1,1, 22867
8,22866,1,1,0, 22867
26,22867,3,3,1, 22870
24,22869,1,1,1, 22870
16,22869,2,2,1, 22871
17,22869,3,3,1, 22872
2,22873,2,2,1, 22875
1,22876,1,1,0, 22877
8,22876,1,1,1, 22877
9,22877,2,2,1, 22879
24,22879,1,1,1, 22880
2,22883,2,2,1, 22885
18,22883,4,4,1, 22887
25,22885,2,2,1, 22887
1,22886,1,1,1, 22887
8,22886,1,1,0, 22887
9,22887,2,2,1, 22889
24,22889,1,1,0, 22890
8,22896,1,1,0, 22897
24,22899,1,1,0, 22900
16,22899,2,2,1, 22901
8,22906,1,1,0, 22907
24,22909,1,1,0, 22910
8,22916,1,1,0, 22917
24,22919,1,1,1, 22920
8,22926,1,1,0, 22927
24,22929,1,1,1, 22930
8,22936,1,1,1, 22937
24,22939,1,1,0, 22940
16,22939,2,2,1, 22941
7,22942,1,1,0, 22943
8,22946,1,1,0, 22947
24,22949,1,1,1, 22950
13,22949,4,4,1, 22953
7,22952,1,1,0, 22953
8,22956,1,1,0, 22957
31,22956,2,2,1, 22958
22,22956,4,4,1, 22960
24,22959,1,1,0, 22960
14,22959,3,3,1, 22962
13,22959,4,4,1, 22963
7,22962,1,1,1, 22963
8,22966,1,1,0, 22967
22,22966,4,4,1, 22970
24,22969,1,1,1, 22970
23,22968,3,3,1, 22971
16,22969,2,2,1, 22971
14,22969,3,3,1, 22972
13,22969,4,4,1, 22973
7,22972,1,1,1, 22973
8,22976,1,1,1, 22977
31,22976,2,2,1, 22978
22,22976,4,4,1, 22980
24,22979,1,1,0, 22980
23,22978,3,3,1, 22981
16,22979,2,2,1, 22981
14,22979,3,3,1, 22982
7,22982,1,1,0, 22983
30,22983,3,3,1, 22986
8,22986,1,1,1, 22987
31,22986,2,2,1, 22988
22,22986,4,4,1, 22990
24,22989,1,1,0, 22990
14,22989,3,3,1, 22992
25,22995,2,2,1, 22997
1,22996,1,1,0, 22997
8,22996,1,1,0, 22997
24,22999,1,1,1, 23000
16,22999,2,2,1, 23001
17,22999,3,3,1, 23002
25,23005,2,2,1, 23007
1,23006,1,1,1, 23007
8,23006,1,1,1, 23007
9,23007,2,2,1, 23009
24,23009,1,1,0, 23010
16,23009,2,2,1, 23011
17,23009,3,3,1, 23012
1,23016,1,1,1, 23017
8,23016,1,1,0, 23017
24,23019,1,1,1, 23020
25,23025,2,2,1, 23027
1,23026,1,1,0, 23027
8,23026,1,1,1, 23027
9,23027,2,2,1, 23029
24,23029,1,1,0, 23030
1,23036,1,1,1, 23037
8,23036,1,1,1, 23037
9,23037,2,2,1, 23039
24,23039,1,1,1, 23040
16,23039,2,2,1, 23041
25,23045,2,2,1, 23047
1,23046,1,1,1, 23047
8,23046,1,1,0, 23047
9,23047,2,2,1, 23049
1,23056,1,1,0, 23057
8,23056,1,1,0, 23057
9,23057,2,2,1, 23059
17,23059,3,3,1, 23062
18,23063,4,4,1, 23067
1,23066,1,1,1, 23067
8,23066,1,1,1, 23067
18,23073,4,4,1, 23077
1,23076,1,1,0, 23077
8,23076,1,1,1, 23077
9,23077,2,2,1, 23079
26,23077,3,3,1, 23080
27,23082,4,4,1, 23086
18,23083,4,4,1, 23087
1,23086,1,1,1, 23087
8,23086,1,1,0, 23087
28,23084,5,5,1, 23089
8,23096,1,1,0, 23097
23,23098,3,3,1, 23101
7,23102,1,1,1, 23103
15,23101,2,4,1, 23105
8,23106,1,1,0, 23107
7,23112,1,1,0, 23113
15,23111,2,4,1, 23115
8,23116,1,1,1, 23117
31,23116,2,2,1, 23118
29,23118,4,4,1, 23122
6,23120,2,2,1, 23122
7,23122,1,1,0, 23123
15,23121,2,4,1, 23125
8,23126,1,1,0, 23127
23,23128,3,3,1, 23131
6,23130,2,2,1, 23132
7,23132,1,1,1, 23133
8,23136,1,1,0, 23137
5,23137,3,3,1, 23140
29,23138,4,4,1, 23142
13,23139,4,4,1, 23143
7,23142,1,1,1, 23143
8,23146,1,1,1, 23147
5,23147,3,3,1, 23150
24,23149,1,1,0, 23150
14,23149,3,3,1, 23152
13,23149,4,4,1, 23153
7,23152,1,1,1, 23153
8,23156,1,1,1, 23157
24,23159,1,1,1, 23160
29,23158,4,4,1, 23162
14,23159,3,3,1, 23162
8,23166,1,1,1, 23167
24,23169,1,1,0, 23170
16,23169,2,2,1, 23171
8,23176,1,1,1, 23177
24,23179,1,1,1, 23180
8,23186,1,1,1, 23187
24,23189,1,1,1, 23190
16,23189,2,2,1, 23191
8,23196,1,1,0, 23197
9,23197,2,2,1, 23199
24,23199,1,1,0, 23200
17,23199,3,3,1, 23202
25,23205,2,2,1, 23207
1,23206,1,1,0, 23207
8,23206,1,1,0, 23207
9,23207,2,2,1, 23209
24,23209,1,1,0, 23210
16,23209,2,2,1, 23211
17,23209,3,3,1, 23212
25,23215,2,2,1, 23217
1,23216,1,1,0, 23217
8,23216,1,1,0, 23217
24,23219,1,1,0, 23220
17,23219,3,3,1, 23222
18,23223,4,4,1, 23227
1,23226,1,1,0, 23227
8,23226,1,1,0, 23227
9,23227,2,2,1, 23229
24,23229,1,1,0, 23230
16,23229,2,2,1, 23231
2,23233,2,2,1, 23235
18,23233,4,4,1, 23237
1,23236,1,1,1, 23237
8,23236,1,1,1, 23237
11,23234,4,4,1, 23238
20,23233,6,6,1, 23239
26,23237,3,3,1, 23240
24,23239,1,1,0, 23240
19,23236,5,5,1, 23241
17,23239,3,3,1, 23242
12,23240,5,5,1, 23245
8,23246,1,1,1, 23247
24,23249,1,1,0, 23250
16,23249,2,2,1, 23251
8,23256,1,1,1, 23257
24,23259,1,1,1, 23260
8,23266,1,1,0, 23267
24,23269,1,1,1, 23270
16,23269,2,2,1, 23271
7,23272,1,1,0, 23273
8,23276,1,1,1, 23277
31,23276,2,2,1, 23278
24,23279,1,1,1, 23280
16,23279,2,2,1, 23281
7,23282,1,1,0, 23283
8,23286,1,1,0, 23287
24,23289,1,1,0, 23290
16,23289,2,2,1, 23291
7,23292,1,1,1, 23293
8,23296,1,1,0, 23297
24,23299,1,1,1, 23300
7,23302,1,1,0, 23303
8,23306,1,1,1, 23307
31,23306,2,2,1, 23308
24,23309,1,1,0, 23310
6,23310,2,2,1, 23312
7,23312,1,1,1, 23313
30,23313,3,3,1, 23316
8,23316,1,1,1, 23317
24,23319,1,1,1, 23320
6,23320,2,2,1, 23322
7,23322,1,1,0, 23323
30,23323,3,3,1, 23326
8,23326,1,1,1, 23327
31,23326,2,2,1, 23328
22,23326,4,4,1, 23330
24,23329,1,1,0, 23330
16,23329,2,2,1, 23331
7,23332,1,1,1, 23333
8,23336,1,1,0, 23337
31,23336,2,2,1, 23338
24,23339,1,1,1, 23340
23,23338,3,3,1, 23341
16,23339,2,2,1, 23341
7,23342,1,1,1, 23343
30,23343,3,3,1, 23346
8,23346,1,1,0, 23347
22,23346,4,4,1, 23350
24,23349,1,1,1, 23350
23,23348,3,3,1, 23351
16,23349,2,2,1, 23351
17,23349,3,3,1, 23352
7,23352,1,1,0, 23353
30,23353,3,3,1, 23356
25,23355,2,2,1, 23357
1,23356,1,1,0, 23357
8,23356,1,1,0, 23357
24,23359,1,1,0, 23360
16,23359,2,2,1, 23361
17,23359,3,3,1, 23362
7,23362,1,1,1, 23363
30,23363,3,3,1, 23366
25,23365,2,2,1, 23367
1,23366,1,1,0, 23367
8,23366,1,1,1, 23367
31,23366,2,2,1, 23368
22,23366,4,4,1, 23370
24,23369,1,1,0, 23370
23,23368,3,3,1, 23371
16,23369,2,2,1, 23371
2,23373,2,2,1, 23375
18,23373,4,4,1, 23377
25,23375,2,2,1, 23377
1,23376,1,1,1, 23377
8,23376,1,1,1, 23377
26,23377,3,3,1, 23380
24,23379,1,1,0, 23380
16,23379,2,2,1, 23381
17,23379,3,3,1, 23382
2,23383,2,2,1, 23385
25,23385,2,2,1, 23387
1,23386,1,1,1, 23387
8,23386,1,1,0, 23387
26,23387,3,3,1, 23390
24,23389,1,1,1, 23390
16,23389,2,2,1, 23391
17,23389,3,3,1, 23392
2,23393,2,2,1, 23395
25,23395,2,2,1, 23397
1,23396,1,1,1, 23397
8,23396,1,1,1, 23397
26,23397,3,3,1, 23400
24,23399,1,1,0, 23400
17,23399,3,3,1, 23402
8,23406,1,1,1, 23407
24,23409,1,1,1, 23410
16,23409,2,2,1, 23411
8,23416,1,1,0, 23417
24,23419,1,1,1, 23420
8,23426,1,1,0, 23427
24,23429,1,1,0, 23430
16,23429,2,2,1, 23431
8,23436,1,1,0, 23437
24,23439,1,1,0, 23440
8,23446,1,1,1, 23447
24,23449,1,1,0, 23450
8,23456,1,1,1, 23457
24,23459,1,1,0, 23460
8,23466,1,1,1, 23467
24,23469,1,1,1, 23470
16,23469,2,2,1, 23471
8,23476,1,1,1, 23477
24,23479,1,1,1, 23480
23,23478,3,3,1, 23481
16,23479,2,2,1, 23481
7,23482,1,1,1, 23483
15,23481,2,4,1, 23485
8,23486,1,1,1, 23487
24,23489,1,1,0, 23490
7,23492,1,1,0, 23493
15,23491,2,4,1, 23495
8,23496,1,1,1, 23497
31,23496,2,2,1, 23498
24,23499,1,1,0, 23500
23,23498,3,3,1, 23501
16,23499,2,2,1, 23501
7,23502,1,1,1, 23503
15,23501,2,4,1, 23505
1,23506,1,1,1, 23507
8,23506,1,1,1, 23507
24,23509,1,1,0, 23510
29,23508,4,4,1, 23512
14,23509,3,3,1, 23512
6,23510,2,2,1, 23512
7,23512,1,1,1, 23513
15,23511,2,4,1, 23515
30,23513,3,3,1, 23516
1,23516,1,1,0, 23517
8,23516,1,1,1, 23517
31,23516,2,2,1, 23518
22,23516,4,4,1, 23520
24,23519,1,1,0, 23520
23,23518,3,3,1, 23521
16,23519,2,2,1, 23521
21,23517,5,5,1, 23522
29,23518,4,4,1, 23522
25,23525,2,2,1, 23527
1,23526,1,1,0, 23527
8,23526,1,1,1, 23527
24,23529,1,1,1, 23530
16,23529,2,2,1, 23531
1,23536,1,1,0, 23537
8,23536,1,1,1, 23537
9,23537,2,2,1, 23539
24,23539,1,1,0, 23540
17,23539,3,3,1, 23542
1,23546,1,1,0, 23547
8,23546,1,1,0, 23547
9,23547,2,2,1, 23549
24,23549,1,1,0, 23550
16,23549,2,2,1, 23551
17,23549,3,3,1, 23552
2,23553,2,2,1, 23555
1,23556,1,1,0, 23557
8,23556,1,1,0, 23557
9,23557,2,2,1, 23559
24,23559,1,1,1, 23560
16,23559,2,2,1, 23561
25,23565,2,2,1, 23567
1,23566,1,1,1, 23567
8,23566,1,1,0, 23567
24,23569,1,1,1, 23570
16,23569,2,2,1, 23571
1,23576,1,1,1, 23577
8,23576,1,1,1, 23577
9,23577,2,2,1, 23579
4,23576,4,4,1, 23580
24,23579,1,1,1, 23580
16,23579,2,2,1, 23581
17,23579,3,3,1, 23582
2,23583,2,2,1, 23585
1,23586,1,1,0, 23587
8,23586,1,1,1, 23587
28,23584,5,5,1, 23589
9,23587,2,2,1, 23589
3,23587,3,3,1, 23590
24,23589,1,1,0, 23590
17,23589,3,3,1, 23592
8,23596,1,1,1, 23597
24,23599,1,1,0, 23600
8,23606,1,1,1, 23607
24,23609,1,1,0, 23610
16,23609,2,2,1, 23611
8,23616,1,1,0, 23617
24,23619,1,1,1, 23620
8,23626,1,1,0, 23627
22,23626,4,4,1, 23630
5,23627,3,3,1, 23630
24,23629,1,1,1, 23630
16,23629,2,2,1, 23631
21,23627,5,5,1, 23632
29,23628,4,4,1, 23632
7,23632,1,1,0, 23633
8,23636,1,1,1, 23637
31,23636,2,2,1, 23638
24,23639,1,1,1, 23640
21,23637,5,5,1, 23642
14,23639,3,3,1, 23642
7,23642,1,1,0, 23643
8,23646,1,1,1, 23647
24,23649,1,1,0, 23650
16,23649,2,2,1, 23651
7,23652,1,1,1, 23653
8,23656,1,1,1, 23657
24,23659,1,1,0, 23660
16,23659,2,2,1, 23661
7,23662,1,1,0, 23663
8,23666,1,1,1, 23667
24,23669,1,1,0, 23670
7,23672,1,1,0, 23673
8,23676,1,1,0, 23677
31,23676,2,2,1, 23678
24,23679,1,1,0, 23680
16,23679,2,2,1, 23681
7,23682,1,1,1, 23683
8,23686,1,1,0, 23687
31,23686,2,2,1, 23688
24,23689,1,1,1, 23690
23,23688,3,3,1, 23691
7,23692,1,1,0, 23693
8,23696,1,1,1, 23697
31,23696,2,2,1, 23698
24,23699,1,1,1, 23700
16,23699,2,2,1, 23701
7,23702,1,1,0, 23703
15,23701,2,4,1, 23705
1,23706,1,1,1, 23707
8,23706,1,1,0, 23707
31,23706,2,2,1, 23708
9,23707,2,2,1, 23709
24,23709,1,1,1, 23710
23,23708,3,3,1, 23711
16,23709,2,2,1, 23711
7,23712,1,1,0, 23713
15,23711,2,4,1, 23715
1,23716,1,1,0, 23717
8,23716,1,1,1, 23717
31,23716,2,2,1, 23718
9,23717,2,2,1, 23719
24,23719,1,1,1, 23720
16,23719,2,2,1, 23721
17,23719,3,3,1, 23722
7,23722,1,1,1, 23723
25,23725,2,2,1, 23727
1,23726,1,1,1, 23727
8,23726,1,1,0, 23727
31,23726,2,2,1, 23728
24,23729,1,1,0, 23730
17,23729,3,3,1, 23732
7,23732,1,1,0, 23733
2,23733,2,2,1, 23735
25,23735,2,2,1, 23737
1,23736,1,1,0, 23737
8,23736,1,1,1, 23737
9,23737,2,2,1, 23739
24,23739,1,1,1, 23740
23,23738,3,3,1, 23741
17,23739,3,3,1, 23742
7,23742,1,1,1, 23743
15,23741,2,4,1, 23745
2,23743,2,2,1, 23745
27,23742,4,4,1, 23746
1,23746,1,1,1, 23747
8,23746,1,1,1, 23747
5,23747,3,3,1, 23750
24,23749,1,1,0, 23750
17,23749,3,3,1, 23752
27,23752,4,4,1, 23756
25,23755,2,2,1, 23757
1,23756,1,1,0, 23757
8,23756,1,1,1, 23757
3,23757,3,3,1, 23760
24,23759,1,1,0, 23760
19,23756,5,5,1, 23761
17,23759,3,3,1, 23762
8,23766,1,1,0, 23767
24,23769,1,1,1, 23770
8,23776,1,1,1, 23777
24,23779,1,1,0, 23780
8,23786,1,1,0, 23787
24,23789,1,1,1, 23790
16,23789,2,2,1, 23791
8,23796,1,1,0, 23797
24,23799,1,1,0, 23800
8,23806,1,1,0, 23807
24,23809,1,1,0, 23810
8,23816,1,1,0, 23817
24,23819,1,1,1, 23820
8,23826,1,1,0, 23827
24,23829,1,1,0, 23830
8,23836,1,1,1, 23837
24,23839,1,1,1, 23840
8,23846,1,1,0, 23847
24,23849,1,1,0, 23850
16,23849,2,2,1, 23851
7,23852,1,1,1, 23853
15,23851,2,4,1, 23855
8,23856,1,1,0, 23857
31,23856,2,2,1, 23858
24,23859,1,1,0, 23860
7,23862,1,1,0, 23863
15,23861,2,4,1, 23865
1,23866,1,1,0, 23867
8,23866,1,1,1, 23867
31,23866,2,2,1, 23868
24,23869,1,1,0, 23870
23,23868,3,3,1, 23871
7,23872,1,1,1, 23873
15,23871,2,4,1, 23875
25,23875,2,2,1, 23877
1,23876,1,1,1, 23877
8,23876,1,1,0, 23877
31,23876,2,2,1, 23878
24,23879,1,1,1, 23880
23,23878,3,3,1, 23881
16,23879,2,2,1, 23881
7,23882,1,1,1, 23883
1,23886,1,1,1, 23887
8,23886,1,1,1, 23887
9,23887,2,2,1, 23889
22,23886,4,4,1, 23890
5,23887,3,3,1, 23890
24,23889,1,1,0, 23890
17,23889,3,3,1, 23892
7,23892,1,1,1, 23893
25,23895,2,2,1, 23897
1,23896,1,1,0, 23897
8,23896,1,1,1, 23897
22,23896,4,4,1, 23900
5,23897,3,3,1, 23900
24,23899,1,1,1, 23900
16,23899,2,2,1, 23901
21,23897,5,5,1, 23902
29,23898,4,4,1, 23902
14,23899,3,3,1, 23902
13,23899,4,4,1, 23903
7,23902,1,1,1, 23903
1,23906,1,1,1, 23907
8,23906,1,1,0, 23907
22,23906,4,4,1, 23910
24,23909,1,1,1, 23910
27,23912,4,4,1, 23916
25,23915,2,2,1, 23917
1,23916,1,1,0, 23917
8,23916,1,1,1, 23917
11,23914,4,4,1, 23918
24,23919,1,1,1, 23920
19,23916,5,5,1, 23921
27,23922,4,4,1, 23926
1,23926,1,1,1, 23927
8,23926,1,1,0, 23927
9,23927,2,2,1, 23929
26,23927,3,3,1, 23930
24,23929,1,1,1, 23930
19,23926,5,5,1, 23931
1,23936,1,1,1, 23937
8,23936,1,1,1, 23937
9,23937,2,2,1, 23939
24,23939,1,1,1, 23940
19,23936,5,5,1, 23941
16,23939,2,2,1, 23941
17,23939,3,3,1, 23942
27,23942,4,4,1, 23946
8,23946,1,1,0, 23947
24,23949,1,1,0, 23950
8,23956,1,1,0, 23957
24,23959,1,1,0, 23960
16,23959,2,2,1, 23961
8,23966,1,1,1, 23967
24,23969,1,1,0, 23970
16,23969,2,2,1, 23971
8,23976,1,1,0, 23977
24,23979,1,1,1, 23980
16,23979,2,2,1, 23981
8,23986,1,1,0, 23987
24,23989,1,1,0, 23990
16,23989,2,2,1, 23991
8,23996,1,1,1, 23997
24,23999,1,1,0, 24000
8,24006,1,1,1, 24007
24,24009,1,1,1, 24010
16,24009,2,2,1, 24011
7,24012,1,1,0, 24013
15,24011,2,4,1, 24015
8,24016,1,1,0, 24017
24,24019,1,1,0, 24020
23,24018,3,3,1, 24021
7,24022,1,1,1, 24023
8,24026,1,1,0, 24027
31,24026,2,2,1, 24028
24,24029,1,1,0, 24030
23,24028,3,3,1, 24031
7,24032,1,1,1, 24033
15,24031,2,4,1, 24035
8,24036,1,1,0, 24037
31,24036,2,2,1, 24038
24,24039,1,1,1, 24040
23,24038,3,3,1, 24041
7,24042,1,1,1, 24043
8,24046,1,1,1, 24047
22,24046,4,4,1, 24050
24,24049,1,1,1, 24050
6,24050,2,2,1, 24052
13,24049,4,4,1, 24053
7,24052,1,1,1, 24053
30,24053,3,3,1, 24056
25,24055,2,2,1, 24057
1,24056,1,1,0, 24057
8,24056,1,1,1, 24057
9,24057,2,2,1, 24059
22,24056,4,4,1, 24060
24,24059,1,1,1, 24060
17,24059,3,3,1, 24062
7,24062,1,1,1, 24063
15,24061,2,4,1, 24065
25,24065,2,2,1, 24067
1,24066,1,1,1, 24067
8,24066,1,1,0, 24067
5,24067,3,3,1, 24070
24,24069,1,1,0, 24070
23,24068,3,3,1, 24071
17,24069,3,3,1, 24072
13,24069,4,4,1, 24073
7,24072,1,1,1, 24073
2,24073,2,2,1, 24075
25,24075,2,2,1, 24077
1,24076,1,1,0, 24077
8,24076,1,1,1, 24077
31,24076,2,2,1, 24078
24,24079,1,1,1, 24080
16,24079,2,2,1, 24081
25,24085,2,2,1, 24087
1,24086,1,1,1, 24087
8,24086,1,1,1, 24087
24,24089,1,1,0, 24090
16,24089,2,2,1, 24091
2,24093,2,2,1, 24095
18,24093,4,4,1, 24097
1,24096,1,1,1, 24097
8,24096,1,1,0, 24097
24,24099,1,1,1, 24100
2,24103,2,2,1, 24105
18,24103,4,4,1, 24107
1,24106,1,1,1, 24107
8,24106,1,1,0, 24107
26,24107,3,3,1, 24110
24,24109,1,1,1, 24110
2,24113,2,2,1, 24115
18,24113,4,4,1, 24117
25,24115,2,2,1, 24117
1,24116,1,1,1, 24117
8,24116,1,1,0, 24117
3,24117,3,3,1, 24120
26,24117,3,3,1, 24120
24,24119,1,1,1, 24120
8,24126,1,1,1, 24127
24,24129,1,1,1, 24130
8,24136,1,1,0, 24137
24,24139,1,1,0, 24140
8,24146,1,1,1, 24147
24,24149,1,1,1, 24150
8,24156,1,1,1, 24157
24,24159,1,1,0, 24160
8,24166,1,1,0, 24167
24,24169,1,1,1, 24170
16,24169,2,2,1, 24171
8,24176,1,1,0, 24177
24,24179,1,1,0, 24180
8,24186,1,1,0, 24187
31,24186,2,2,1, 24188
24,24189,1,1,1, 24190
7,24192,1,1,1, 24193
8,24196,1,1,1, 24197
24,24199,1,1,1, 24200
7,24202,1,1,0, 24203
8,24206,1,1,1, 24207
24,24209,1,1,1, 24210
16,24209,2,2,1, 24211
7,24212,1,1,1, 24213
8,24216,1,1,1, 24217
31,24216,2,2,1, 24218
24,24219,1,1,1, 24220
16,24219,2,2,1, 24221
7,24222,1,1,1, 24223
25,24225,2,2,1, 24227
1,24226,1,1,1, 24227
8,24226,1,1,0, 24227
31,24226,2,2,1, 24228
9,24227,2,2,1, 24229
24,24229,1,1,1, 24230
23,24228,3,3,1, 24231
17,24229,3,3,1, 24232
7,24232,1,1,0, 24233
15,24231,2,4,1, 24235
30,24233,3,3,1, 24236
1,24236,1,1,1, 24237
8,24236,1,1,1, 24237
9,24237,2,2,1, 24239
24,24239,1,1,0, 24240
16,24239,2,2,1, 24241
21,24237,5,5,1, 24242
17,24239,3,3,1, 24242
7,24242,1,1,1, 24243
15,24241,2,4,1, 24245
30,24243,3,3,1, 24246
25,24245,2,2,1, 24247
1,24246,1,1,0, 24247
8,24246,1,1,1, 24247
9,24247,2,2,1, 24249
24,24249,1,1,0, 24250
16,24249,2,2,1, 24251
14,24249,3,3,1, 24252
17,24249,3,3,1, 24252
13,24249,4,4,1, 24253
7,24252,1,1,0, 24253
25,24255,2,2,1, 24257
1,24256,1,1,1, 24257
8,24256,1,1,0, 24257
31,24256,2,2,1, 24258
9,24257,2,2,1, 24259
22,24256,4,4,1, 24260
24,24259,1,1,0, 24260
23,24258,3,3,1, 24261
16,24259,2,2,1, 24261
14,24259,3,3,1, 24262
17,24259,3,3,1, 24262
7,24262,1,1,0, 24263
1,24266,1,1,0, 24267
8,24266,1,1,0, 24267
24,24269,1,1,0, 24270
23,24268,3,3,1, 24271
14,24269,3,3,1, 24272
6,24270,2,2,1, 24272
13,24269,4,4,1, 24273
25,24275,2,2,1, 24277
1,24276,1,1,0, 24277
8,24276,1,1,1, 24277
11,24274,4,4,1, 24278
3,24277,3,3,1, 24280
24,24279,1,1,0, 24280
1,24286,1,1,0, 24287
8,24286,1,1,0, 24287
11,24284,4,4,1, 24288
9,24287,2,2,1, 24289
24,24289,1,1,0, 24290
16,24289,2,2,1, 24291
2,24293,2,2,1, 24295
25,24295,2,2,1, 24297
1,24296,1,1,1, 24297
8,24296,1,1,0, 24297
28,24294,5,5,1, 24299
24,24299,1,1,1, 24300
16,24299,2,2,1, 24301
8,24306,1,1,1, 24307
24,24309,1,1,1, 24310
8,24316,1,1,1, 24317
24,24319,1,1,1, 24320
8,24326,1,1,1, 24327
24,24329,1,1,1, 24330
16,24329,2,2,1, 24331
8,24336,1,1,1, 24337
24,24339,1,1,0, 24340
16,24339,2,2,1, 24341
8,24346,1,1,1, 24347
24,24349,1,1,1, 24350
16,24349,2,2,1, 24351
8,24356,1,1,0, 24357
24,24359,1,1,0, 24360
8,24366,1,1,0, 24367
24,24369,1,1,1, 24370
16,24369,2,2,1, 24371
8,24376,1,1,0, 24377
24,24379,1,1,0, 24380
7,24382,1,1,0, 24383
8,24386,1,1,1, 24387
24,24389,1,1,0, 24390
16,24389,2,2,1, 24391
7,24392,1,1,1, 24393
8,24396,1,1,1, 24397
24,24399,1,1,0, 24400
23,24398,3,3,1, 24401
7,24402,1,1,0, 24403
15,24401,2,4,1, 24405
30,24403,3,3,1, 24406
8,24406,1,1,1, 24407
24,24409,1,1,1, 24410
23,24408,3,3,1, 24411
16,24409,2,2,1, 24411
14,24409,3,3,1, 24412
17,24409,3,3,1, 24412
7,24412,1,1,1, 24413
15,24411,2,4,1, 24415
30,24413,3,3,1, 24416
1,24416,1,1,0, 24417
8,24416,1,1,1, 24417
31,24416,2,2,1, 24418
9,24417,2,2,1, 24419
22,24416,4,4,1, 24420
5,24417,3,3,1, 24420
24,24419,1,1,1, 24420
16,24419,2,2,1, 24421
7,24422,1,1,0, 24423
15,24421,2,4,1, 24425
2,24423,2,2,1, 24425
25,24425,2,2,1, 24427
1,24426,1,1,0, 24427
8,24426,1,1,0, 24427
31,24426,2,2,1, 24428
5,24427,3,3,1, 24430
26,24427,3,3,1, 24430
24,24429,1,1,1, 24430
23,24428,3,3,1, 24431
16,24429,2,2,1, 24431
21,24427,5,5,1, 24432
29,24428,4,4,1, 24432
25,24435,2,2,1, 24437
1,24436,1,1,1, 24437
8,24436,1,1,0, 24437
2,24443,2,2,1, 24445
27,24442,4,4,1, 24446
18,24443,4,4,1, 24447
1,24446,1,1,1, 24447
8,24446,1,1,0, 24447
11,24444,4,4,1, 24448
3,24447,3,3,1, 24450
26,24447,3,3,1, 24450
27,24452,4,4,1, 24456
18,24453,4,4,1, 24457
1,24456,1,1,0, 24457
8,24456,1,1,1, 24457
11,24454,4,4,1, 24458
27,24462,4,4,1, 24466
18,24463,4,4,1, 24467
25,24465,2,2,1, 24467
8,24466,1,1,1, 24467
8,24476,1,1,1, 24477
8,24486,1,1,1, 24487
8,24496,1,1,1, 24497
8,24506,1,1,0, 24507
8,24516,1,1,1, 24517
8,24526,1,1,1, 24527
8,24536,1,1,1, 24537
24,24539,1,1,0, 24540
16,24539,2,2,1, 24541
7,24542,1,1,0, 24543
8,24546,1,1,0, 24547
24,24549,1,1,1, 24550
23,24548,3,3,1, 24551
7,24552,1,1,0, 24553
15,24551,2,4,1, 24555
30,24553,3,3,1, 24556
8,24556,1,1,1, 24557
24,24559,1,1,1, 24560
7,24562,1,1,0, 24563
8,24566,1,1,0, 24567
31,24566,2,2,1, 24568
22,24566,4,4,1, 24570
24,24569,1,1,1, 24570
16,24569,2,2,1, 24571
14,24569,3,3,1, 24572
6,24570,2,2,1, 24572
7,24572,1,1,1, 24573
30,24573,3,3,1, 24576
25,24575,2,2,1, 24577
1,24576,1,1,0, 24577
8,24576,1,1,0, 24577
31,24576,2,2,1, 24578
9,24577,2,2,1, 24579
24,24579,1,1,0, 24580
23,24578,3,3,1, 24581
14,24579,3,3,1, 24582
17,24579,3,3,1, 24582
6,24580,2,2,1, 24582
7,24582,1,1,0, 24583
15,24581,2,4,1, 24585
2,24583,2,2,1, 24585
1,24586,1,1,1, 24587
8,24586,1,1,0, 24587
22,24586,4,4,1, 24590
26,24587,3,3,1, 24590
24,24589,1,1,0, 24590
14,24589,3,3,1, 24592
17,24589,3,3,1, 24592
6,24590,2,2,1, 24592
13,24589,4,4,1, 24593
18,24593,4,4,1, 24597
25,24595,2,2,1, 24597
1,24596,1,1,1, 24597
8,24596,1,1,0, 24597
24,24599,1,1,1, 24600
16,24599,2,2,1, 24601
1,24606,1,1,0, 24607
8,24606,1,1,0, 24607
9,24607,2,2,1, 24609
26,24607,3,3,1, 24610
24,24609,1,1,1, 24610
16,24609,2,2,1, 24611
17,24609,3,3,1, 24612
18,24613,4,4,1, 24617
1,24616,1,1,0, 24617
8,24616,1,1,1, 24617
9,24617,2,2,1, 24619
24,24619,1,1,0, 24620
16,24619,2,2,1, 24621
17,24619,3,3,1, 24622
2,24623,2,2,1, 24625
1,24626,1,1,0, 24627
8,24626,1,1,0, 24627
9,24627,2,2,1, 24629
24,24629,1,1,0, 24630
8,24636,1,1,1, 24637
24,24639,1,1,1, 24640
8,24646,1,1,1, 24647
24,24649,1,1,1, 24650
16,24649,2,2,1, 24651
8,24656,1,1,0, 24657
24,24659,1,1,0, 24660
8,24666,1,1,0, 24667
24,24669,1,1,0, 24670
16,24669,2,2,1, 24671
8,24676,1,1,1, 24677
24,24679,1,1,0, 24680
16,24679,2,2,1, 24681
8,24686,1,1,1, 24687
24,24689,1,1,0, 24690
8,24696,1,1,1, 24697
24,24699,1,1,0, 24700
16,24699,2,2,1, 24701
7,24702,1,1,1, 24703
8,24706,1,1,1, 24707
24,24709,1,1,0, 24710
16,24709,2,2,1, 24711
7,24712,1,1,1, 24713
15,24711,2,4,1, 24715
8,24716,1,1,0, 24717
24,24719,1,1,1, 24720
16,24719,2,2,1, 24721
7,24722,1,1,1, 24723
15,24721,2,4,1, 24725
8,24726,1,1,1, 24727
24,24729,1,1,0, 24730
7,24732,1,1,0, 24733
1,24736,1,1,0, 24737
8,24736,1,1,0, 24737
9,24737,2,2,1, 24739
24,24739,1,1,1, 24740
23,24738,3,3,1, 24741
16,24739,2,2,1, 24741
14,24739,3,3,1, 24742
17,24739,3,3,1, 24742
6,24740,2,2,1, 24742
7,24742,1,1,1, 24743
15,24741,2,4,1, 24745
25,24745,2,2,1, 24747
1,24746,1,1,1, 24747
8,24746,1,1,0, 24747
31,24746,2,2,1, 24748
5,24747,3,3,1, 24750
24,24749,1,1,1, 24750
23,24748,3,3,1, 24751
6,24750,2,2,1, 24752
7,24752,1,1,1, 24753
25,24755,2,2,1, 24757
1,24756,1,1,1, 24757
8,24756,1,1,1, 24757
24,24759,1,1,0, 24760
16,24759,2,2,1, 24761
21,24757,5,5,1, 24762
29,24758,4,4,1, 24762
17,24759,3,3,1, 24762
6,24760,2,2,1, 24762
7,24762,1,1,1, 24763
25,24765,2,2,1, 24767
1,24766,1,1,1, 24767
8,24766,1,1,0, 24767
31,24766,2,2,1, 24768
9,24767,2,2,1, 24769
22,24766,4,4,1, 24770
26,24767,3,3,1, 24770
24,24769,1,1,0, 24770
16,24769,2,2,1, 24771
21,24767,5,5,1, 24772
29,24768,4,4,1, 24772
17,24769,3,3,1, 24772
13,24769,4,4,1, 24773
2,24773,2,2,1, 24775
18,24773,4,4,1, 24777
1,24776,1,1,0, 24777
8,24776,1,1,1, 24777
9,24777,2,2,1, 24779
24,24779,1,1,0, 24780
17,24779,3,3,1, 24782
2,24783,2,2,1, 24785
18,24783,4,4,1, 24787
1,24786,1,1,0, 24787
8,24786,1,1,1, 24787
26,24787,3,3,1, 24790
24,24789,1,1,0, 24790
16,24789,2,2,1, 24791
8,24796,1,1,1, 24797
24,24799,1,1,0, 24800
8,24806,1,1,1, 24807
24,24809,1,1,1, 24810
16,24809,2,2,1, 24811
8,24816,1,1,1, 24817
24,24819,1,1,1, 24820
16,24819,2,2,1, 24821
8,24826,1,1,0, 24827
24,24829,1,1,1, 24830
8,24836,1,1,1, 24837
24,24839,1,1,0, 24840
8,24846,1,1,1, 24847
24,24849,1,1,1, 24850
8,24856,1,1,0, 24857
24,24859,1,1,0, 24860
16,24859,2,2,1, 24861
8,24866,1,1,1, 24867
24,24869,1,1,1, 24870
8,24876,1,1,0, 24877
24,24879,1,1,1, 24880
7,24882,1,1,1, 24883
8,24886,1,1,0, 24887
24,24889,1,1,0, 24890
17,24889,3,3,1, 24892
7,24892,1,1,1, 24893
15,24891,2,4,1, 24895
25,24895,2,2,1, 24897
1,24896,1,1,0, 24897
8,24896,1,1,0, 24897
24,24899,1,1,0, 24900
23,24898,3,3,1, 24901
17,24899,3,3,1, 24902
7,24902,1,1,0, 24903
25,24905,2,2,1, 24907
1,24906,1,1,1, 24907
8,24906,1,1,0, 24907
9,24907,2,2,1, 24909
24,24909,1,1,0, 24910
16,24909,2,2,1, 24911
17,24909,3,3,1, 24912
6,24910,2,2,1, 24912
13,24909,4,4,1, 24913
7,24912,1,1,1, 24913
1,24916,1,1,0, 24917
8,24916,1,1,0, 24917
22,24916,4,4,1, 24920
24,24919,1,1,1, 24920
7,24922,1,1,0, 24923
1,24926,1,1,0, 24927
8,24926,1,1,1, 24927
22,24926,4,4,1, 24930
24,24929,1,1,0, 24930
16,24929,2,2,1, 24931
14,24929,3,3,1, 24932
7,24932,1,1,0, 24933
25,24935,2,2,1, 24937
1,24936,1,1,1, 24937
8,24936,1,1,1, 24937
24,24939,1,1,0, 24940
17,24939,3,3,1, 24942
6,24940,2,2,1, 24942
7,24942,1,1,0, 24943
2,24943,2,2,1, 24945
30,24943,3,3,1, 24946
25,24945,2,2,1, 24947
1,24946,1,1,1, 24947
8,24946,1,1,0, 24947
22,24946,4,4,1, 24950
5,24947,3,3,1, 24950
24,24949,1,1,0, 24950
21,24947,5,5,1, 24952
6,24950,2,2,1, 24952
7,24952,1,1,0, 24953
30,24953,3,3,1, 24956
1,24956,1,1,1, 24957
8,24956,1,1,1, 24957
9,24957,2,2,1, 24959
22,24956,4,4,1, 24960
5,24957,3,3,1, 24960
24,24959,1,1,1, 24960
21,24957,5,5,1, 24962
29,24958,4,4,1, 24962
17,24959,3,3,1, 24962
6,24960,2,2,1, 24962
2,24963,2,2,1, 24965
25,24965,2,2,1, 24967
1,24966,1,1,0, 24967
8,24966,1,1,1, 24967
24,24969,1,1,1, 24970
18,24973,4,4,1, 24977
1,24976,1,1,0, 24977
8,24976,1,1,0, 24977
26,24977,3,3,1, 24980
24,24979,1,1,0, 24980
2,24983,2,2,1, 24985
18,24983,4,4,1, 24987
8,24986,1,1,1, 24987
24,24989,1,1,1, 24990
16,24989,2,2,1, 24991
8,24996,1,1,1, 24997
24,24999,1,1,0, 25000
8,25006,1,1,1, 25007
24,25009,1,1,0, 25010
8,25016,1,1,0, 25017
24,25019,1,1,0, 25020
8,25026,1,1,1, 25027
24,25029,1,1,1, 25030
16,25029,2,2,1, 25031
8,25036,1,1,1, 25037
24,25039,1,1,1, 25040
16,25039,2,2,1, 25041
8,25046,1,1,1, 25047
24,25049,1,1,1, 25050
16,25049,2,2,1, 25051
8,25056,1,1,1, 25057
24,25059,1,1,0, 25060
16,25059,2,2,1, 25061
8,25066,1,1,0, 25067
31,25066,2,2,1, 25068
24,25069,1,1,1, 25070
16,25069,2,2,1, 25071
7,25072,1,1,0, 25073
8,25076,1,1,0, 25077
31,25076,2,2,1, 25078
24,25079,1,1,1, 25080
16,25079,2,2,1, 25081
7,25082,1,1,1, 25083
8,25086,1,1,1, 25087
31,25086,2,2,1, 25088
24,25089,1,1,0, 25090
6,25090,2,2,1, 25092
7,25092,1,1,1, 25093
25,25095,2,2,1, 25097
1,25096,1,1,1, 25097
8,25096,1,1,1, 25097
31,25096,2,2,1, 25098
9,25097,2,2,1, 25099
5,25097,3,3,1, 25100
24,25099,1,1,1, 25100
21,25097,5,5,1, 25102
29,25098,4,4,1, 25102
7,25102,1,1,1, 25103
25,25105,2,2,1, 25107
1,25106,1,1,1, 25107
8,25106,1,1,1, 25107
31,25106,2,2,1, 25108
9,25107,2,2,1, 25109
24,25109,1,1,1, 25110
16,25109,2,2,1, 25111
21,25107,5,5,1, 25112
29,25108,4,4,1, 25112
17,25109,3,3,1, 25112
6,25110,2,2,1, 25112
7,25112,1,1,0, 25113
25,25115,2,2,1, 25117
1,25116,1,1,0, 25117
8,25116,1,1,0, 25117
31,25116,2,2,1, 25118
9,25117,2,2,1, 25119
24,25119,1,1,0, 25120
17,25119,3,3,1, 25122
7,25122,1,1,0, 25123
25,25125,2,2,1, 25127
1,25126,1,1,1, 25127
8,25126,1,1,0, 25127
31,25126,2,2,1, 25128
9,25127,2,2,1, 25129
24,25129,1,1,0, 25130
13,25129,4,4,1, 25133
7,25132,1,1,0, 25133
1,25136,1,1,0, 25137
8,25136,1,1,0, 25137
31,25136,2,2,1, 25138
24,25139,1,1,1, 25140
17,25139,3,3,1, 25142
7,25142,1,1,0, 25143
18,25143,4,4,1, 25147
25,25145,2,2,1, 25147
1,25146,1,1,0, 25147
8,25146,1,1,0, 25147
31,25146,2,2,1, 25148
9,25147,2,2,1, 25149
26,25147,3,3,1, 25150
24,25149,1,1,1, 25150
16,25149,2,2,1, 25151
17,25149,3,3,1, 25152
18,25153,4,4,1, 25157
1,25156,1,1,0, 25157
8,25156,1,1,0, 25157
24,25159,1,1,0, 25160
25,25165,2,2,1, 25167
1,25166,1,1,0, 25167
8,25166,1,1,1, 25167
24,25169,1,1,1, 25170
25,25175,2,2,1, 25177
1,25176,1,1,0, 25177
8,25176,1,1,0, 25177
9,25177,2,2,1, 25179
24,25179,1,1,0, 25180
8,25186,1,1,1, 25187
24,25189,1,1,0, 25190
16,25189,2,2,1, 25191
8,25196,1,1,1, 25197
24,25199,1,1,0, 25200
8,25206,1,1,0, 25207
24,25209,1,1,0, 25210
16,25209,2,2,1, 25211
8,25216,1,1,1, 25217
24,25219,1,1,0, 25220
16,25219,2,2,1, 25221
8,25226,1,1,0, 25227
24,25229,1,1,1, 25230
8,25236,1,1,1, 25237
24,25239,1,1,0, 25240
8,25246,1,1,1, 25247
24,25249,1,1,0, 25250
16,25249,2,2,1, 25251
7,25252,1,1,1, 25253
8,25256,1,1,0, 25257
31,25256,2,2,1, 25258
24,25259,1,1,1, 25260
23,25258,3,3,1, 25261
7,25262,1,1,0, 25263
15,25261,2,4,1, 25265
8,25266,1,1,1, 25267
24,25269,1,1,0, 25270
7,25272,1,1,0, 25273
15,25271,2,4,1, 25275
8,25276,1,1,0, 25277
24,25279,1,1,1, 25280
23,25278,3,3,1, 25281
7,25282,1,1,1, 25283
15,25281,2,4,1, 25285
8,25286,1,1,1, 25287
31,25286,2,2,1, 25288
24,25289,1,1,1, 25290
16,25289,2,2,1, 25291
7,25292,1,1,1, 25293
15,25291,2,4,1, 25295
25,25295,2,2,1, 25297
1,25296,1,1,1, 25297
8,25296,1,1,0, 25297
31,25296,2,2,1, 25298
24,25299,1,1,0, 25300
16,25299,2,2,1, 25301
7,25302,1,1,1, 25303
15,25301,2,4,1, 25305
1,25306,1,1,0, 25307
8,25306,1,1,0, 25307
22,25306,4,4,1, 25310
5,25307,3,3,1, 25310
24,25309,1,1,1, 25310
17,25309,3,3,1, 25312
7,25312,1,1,0, 25313
30,25313,3,3,1, 25316
1,25316,1,1,1, 25317
8,25316,1,1,1, 25317
31,25316,2,2,1, 25318
9,25317,2,2,1, 25319
24,25319,1,1,1, 25320
16,25319,2,2,1, 25321
7,25322,1,1,1, 25323
30,25323,3,3,1, 25326
1,25326,1,1,1, 25327
8,25326,1,1,1, 25327
24,25329,1,1,1, 25330
2,25333,2,2,1, 25335
25,25335,2,2,1, 25337
1,25336,1,1,0, 25337
8,25336,1,1,0, 25337
9,25337,2,2,1, 25339
24,25339,1,1,0, 25340
17,25339,3,3,1, 25342
2,25343,2,2,1, 25345
18,25343,4,4,1, 25347
1,25346,1,1,0, 25347
8,25346,1,1,0, 25347
3,25347,3,3,1, 25350
26,25347,3,3,1, 25350
24,25349,1,1,0, 25350
18,25353,4,4,1, 25357
1,25356,1,1,0, 25357
8,25356,1,1,1, 25357
11,25354,4,4,1, 25358
3,25357,3,3,1, 25360
24,25359,1,1,0, 25360
19,25356,5,5,1, 25361
12,25360,5,5,1, 25365
18,25363,4,4,1, 25367
1,25366,1,1,1, 25367
8,25366,1,1,0, 25367
20,25363,6,6,1, 25369
24,25369,1,1,1, 25370
8,25376,1,1,1, 25377
24,25379,1,1,1, 25380
16,25379,2,2,1, 25381
8,25386,1,1,1, 25387
24,25389,1,1,0, 25390
8,25396,1,1,0, 25397
24,25399,1,1,1, 25400
8,25406,1,1,0, 25407
24,25409,1,1,0, 25410
16,25409,2,2,1, 25411
8,25416,1,1,1, 25417
24,25419,1,1,0, 25420
16,25419,2,2,1, 25421
8,25426,1,1,0, 25427
24,25429,1,1,0, 25430
16,25429,2,2,1, 25431
7,25432,1,1,1, 25433
8,25436,1,1,0, 25437
31,25436,2,2,1, 25438
24,25439,1,1,0, 25440
23,25438,3,3,1, 25441
7,25442,1,1,1, 25443
15,25441,2,4,1, 25445
8,25446,1,1,0, 25447
31,25446,2,2,1, 25448
24,25449,1,1,0, 25450
23,25448,3,3,1, 25451
7,25452,1,1,0, 25453
8,25456,1,1,0, 25457
24,25459,1,1,1, 25460
23,25458,3,3,1, 25461
7,25462,1,1,1, 25463
8,25466,1,1,0, 25467
24,25469,1,1,0, 25470
23,25468,3,3,1, 25471
16,25469,2,2,1, 25471
7,25472,1,1,0, 25473
15,25471,2,4,1, 25475
1,25476,1,1,0, 25477
8,25476,1,1,1, 25477
24,25479,1,1,0, 25480
16,25479,2,2,1, 25481
17,25479,3,3,1, 25482
7,25482,1,1,0, 25483
2,25483,2,2,1, 25485
18,25483,4,4,1, 25487
25,25485,2,2,1, 25487
1,25486,1,1,0, 25487
8,25486,1,1,1, 25487
31,25486,2,2,1, 25488
9,25487,2,2,1, 25489
5,25487,3,3,1, 25490
26,25487,3,3,1, 25490
24,25489,1,1,0, 25490
23,25488,3,3,1, 25491
16,25489,2,2,1, 25491
14,25489,3,3,1, 25492
17,25489,3,3,1, 25492
13,25489,4,4,1, 25493
7,25492,1,1,0, 25493
2,25493,2,2,1, 25495
18,25493,4,4,1, 25497
25,25495,2,2,1, 25497
1,25496,1,1,0, 25497
8,25496,1,1,1, 25497
31,25496,2,2,1, 25498
9,25497,2,2,1, 25499
5,25497,3,3,1, 25500
26,25497,3,3,1, 25500
24,25499,1,1,1, 25500
16,25499,2,2,1, 25501
14,25499,3,3,1, 25502
17,25499,3,3,1, 25502
6,25500,2,2,1, 25502
18,25503,4,4,1, 25507
1,25506,1,1,1, 25507
8,25506,1,1,1, 25507
24,25509,1,1,0, 25510
2,25513,2,2,1, 25515
18,25513,4,4,1, 25517
8,25516,1,1,0, 25517
24,25519,1,1,0, 25520
8,25526,1,1,1, 25527
24,25529,1,1,0, 25530
8,25536,1,1,1, 25537
24,25539,1,1,0, 25540
16,25539,2,2,1, 25541
8,25546,1,1,1, 25547
24,25549,1,1,1, 25550
8,25556,1,1,0, 25557
24,25559,1,1,0, 25560
16,25559,2,2,1, 25561
8,25566,1,1,0, 25567
24,25569,1,1,0, 25570
8,25576,1,1,0, 25577
24,25579,1,1,0, 25580
8,25586,1,1,1, 25587
24,25589,1,1,1, 25590
16,25589,2,2,1, 25591
8,25596,1,1,0, 25597
24,25599,1,1,1, 25600
16,25599,2,2,1, 25601
8,25606,1,1,0, 25607
24,25609,1,1,1, 25610
7,25612,1,1,1, 25613
8,25616,1,1,1, 25617
24,25619,1,1,1, 25620
7,25622,1,1,1, 25623
25,25625,2,2,1, 25627
1,25626,1,1,0, 25627
8,25626,1,1,0, 25627
24,25629,1,1,0, 25630
16,25629,2,2,1, 25631
7,25632,1,1,1, 25633
1,25636,1,1,0, 25637
8,25636,1,1,0, 25637
9,25637,2,2,1, 25639
22,25636,4,4,1, 25640
5,25637,3,3,1, 25640
24,25639,1,1,1, 25640
21,25637,5,5,1, 25642
14,25639,3,3,1, 25642
17,25639,3,3,1, 25642
13,25639,4,4,1, 25643
7,25642,1,1,1, 25643
30,25643,3,3,1, 25646
1,25646,1,1,1, 25647
8,25646,1,1,1, 25647
24,25649,1,1,1, 25650
29,25648,4,4,1, 25652
13,25649,4,4,1, 25653
7,25652,1,1,0, 25653
2,25653,2,2,1, 25655
30,25653,3,3,1, 25656
18,25653,4,4,1, 25657
1,25656,1,1,1, 25657
8,25656,1,1,0, 25657
5,25657,3,3,1, 25660
26,25657,3,3,1, 25660
24,25659,1,1,1, 25660
16,25659,2,2,1, 25661
14,25659,3,3,1, 25662
7,25662,1,1,0, 25663
2,25663,2,2,1, 25665
30,25663,3,3,1, 25666
25,25665,2,2,1, 25667
1,25666,1,1,0, 25667
8,25666,1,1,0, 25667
9,25667,2,2,1, 25669
22,25666,4,4,1, 25670
5,25667,3,3,1, 25670
24,25669,1,1,0, 25670
13,25669,4,4,1, 25673
7,25672,1,1,0, 25673
30,25673,3,3,1, 25676
18,25673,4,4,1, 25677
25,25675,2,2,1, 25677
1,25676,1,1,1, 25677
8,25676,1,1,0, 25677
11,25674,4,4,1, 25678
28,25674,5,5,1, 25679
9,25677,2,2,1, 25679
3,25677,3,3,1, 25680
5,25677,3,3,1, 25680
26,25677,3,3,1, 25680
24,25679,1,1,1, 25680
16,25679,2,2,1, 25681
29,25678,4,4,1, 25682
8,25686,1,1,1, 25687
24,25689,1,1,0, 25690
8,25696,1,1,0, 25697
24,25699,1,1,1, 25700
16,25699,2,2,1, 25701
8,25706,1,1,1, 25707
24,25709,1,1,0, 25710
16,25709,2,2,1, 25711
8,25716,1,1,1, 25717
24,25719,1,1,0, 25720
8,25726,1,1,1, 25727
24,25729,1,1,0, 25730
16,25729,2,2,1, 25731
8,25736,1,1,1, 25737
24,25739,1,1,0, 25740
16,25739,2,2,1, 25741
8,25746,1,1,0, 25747
24,25749,1,1,1, 25750
8,25756,1,1,0, 25757
24,25759,1,1,0, 25760
16,25759,2,2,1, 25761
8,25766,1,1,1, 25767
24,25769,1,1,0, 25770
16,25769,2,2,1, 25771
8,25776,1,1,0, 25777
24,25779,1,1,0, 25780
25,25785,2,2,1, 25787
1,25786,1,1,0, 25787
8,25786,1,1,1, 25787
31,25786,2,2,1, 25788
9,25787,2,2,1, 25789
5,25787,3,3,1, 25790
24,25789,1,1,0, 25790
29,25788,4,4,1, 25792
17,25789,3,3,1, 25792
7,25792,1,1,1, 25793
15,25791,2,4,1, 25795
1,25796,1,1,0, 25797
8,25796,1,1,1, 25797
9,25797,2,2,1, 25799
5,25797,3,3,1, 25800
24,25799,1,1,0, 25800
23,25798,3,3,1, 25801
29,25798,4,4,1, 25802
14,25799,3,3,1, 25802
6,25800,2,2,1, 25802
7,25802,1,1,0, 25803
15,25801,2,4,1, 25805
1,25806,1,1,1, 25807
8,25806,1,1,0, 25807
31,25806,2,2,1, 25808
24,25809,1,1,0, 25810
29,25808,4,4,1, 25812
17,25809,3,3,1, 25812
7,25812,1,1,0, 25813
15,25811,2,4,1, 25815
1,25816,1,1,0, 25817
8,25816,1,1,0, 25817
9,25817,2,2,1, 25819
22,25816,4,4,1, 25820
5,25817,3,3,1, 25820
24,25819,1,1,0, 25820
16,25819,2,2,1, 25821
2,25823,2,2,1, 25825
25,25825,2,2,1, 25827
1,25826,1,1,1, 25827
8,25826,1,1,0, 25827
9,25827,2,2,1, 25829
24,25829,1,1,0, 25830
17,25829,3,3,1, 25832
18,25833,4,4,1, 25837
1,25836,1,1,0, 25837
8,25836,1,1,1, 25837
24,25839,1,1,1, 25840
25,25845,2,2,1, 25847
1,25846,1,1,0, 25847
8,25846,1,1,1, 25847
3,25847,3,3,1, 25850
26,25847,3,3,1, 25850
24,25849,1,1,0, 25850
16,25849,2,2,1, 25851
25,25855,2,2,1, 25857
1,25856,1,1,0, 25857
8,25856,1,1,1, 25857
11,25854,4,4,1, 25858
26,25857,3,3,1, 25860
24,25859,1,1,0, 25860
17,25859,3,3,1, 25862
8,25866,1,1,0, 25867
24,25869,1,1,1, 25870
8,25876,1,1,1, 25877
24,25879,1,1,1, 25880
8,25886,1,1,0, 25887
24,25889,1,1,0, 25890
16,25889,2,2,1, 25891
8,25896,1,1,0, 25897
24,25899,1,1,0, 25900
16,25899,2,2,1, 25901
8,25906,1,1,0, 25907
24,25909,1,1,1, 25910
16,25909,2,2,1, 25911
8,25916,1,1,1, 25917
24,25919,1,1,0, 25920
16,25919,2,2,1, 25921
7,25922,1,1,1, 25923
8,25926,1,1,1, 25927
24,25929,1,1,1, 25930
16,25929,2,2,1, 25931
7,25932,1,1,1, 25933
8,25936,1,1,0, 25937
24,25939,1,1,0, 25940
16,25939,2,2,1, 25941
7,25942,1,1,1, 25943
8,25946,1,1,0, 25947
24,25949,1,1,0, 25950
16,25949,2,2,1, 25951
6,25950,2,2,1, 25952
13,25949,4,4,1, 25953
7,25952,1,1,0, 25953
30,25953,3,3,1, 25956
8,25956,1,1,1, 25957
22,25956,4,4,1, 25960
24,25959,1,1,0, 25960
16,25959,2,2,1, 25961
6,25960,2,2,1, 25962
7,25962,1,1,0, 25963
1,25966,1,1,1, 25967
8,25966,1,1,1, 25967
22,25966,4,4,1, 25970
24,25969,1,1,0, 25970
14,25969,3,3,1, 25972
17,25969,3,3,1, 25972
6,25970,2,2,1, 25972
7,25972,1,1,0, 25973
25,25975,2,2,1, 25977
1,25976,1,1,0, 25977
8,25976,1,1,1, 25977
24,25979,1,1,1, 25980
16,25979,2,2,1, 25981
7,25982,1,1,0, 25983
30,25983,3,3,1, 25986
25,25985,2,2,1, 25987
1,25986,1,1,1, 25987
8,25986,1,1,1, 25987
22,25986,4,4,1, 25990
21,25987,5,5,1, 25992
17,25989,3,3,1, 25992
7,25992,1,1,0, 25993
30,25993,3,3,1, 25996
1,25996,1,1,1, 25997
8,25996,1,1,0, 25997
22,25996,4,4,1, 26000
21,25997,5,5,1, 26002
17,25999,3,3,1, 26002
6,26000,2,2,1, 26002
7,26002,1,1,1, 26003
2,26003,2,2,1, 26005
30,26003,3,3,1, 26006
25,26005,2,2,1, 26007
1,26006,1,1,0, 26007
8,26006,1,1,0, 26007
26,26007,3,3,1, 26010
21,26007,5,5,1, 26012
6,26010,2,2,1, 26012
7,26012,1,1,1, 26013
30,26013,3,3,1, 26016
25,26015,2,2,1, 26017
1,26016,1,1,1, 26017
8,26016,1,1,1, 26017
9,26017,2,2,1, 26019
26,26017,3,3,1, 26020
1,26026,1,1,0, 26027
8,26026,1,1,1, 26027
2,26033,2,2,1, 26035
25,26035,2,2,1, 26037
1,26036,1,1,1, 26037
8,26036,1,1,0, 26037
20,26033,6,6,1, 26039
3,26037,3,3,1, 26040
17,26039,3,3,1, 26042
8,26046,1,1,0, 26047
8,26056,1,1,0, 26057
8,26066,1,1,0, 26067
8,26076,1,1,0, 26077
8,26086,1,1,0, 26087
24,26089,1,1,0, 26090
16,26089,2,2,1, 26091
8,26096,1,1,1, 26097
24,26099,1,1,0, 26100
8,26106,1,1,0, 26107
24,26109,1,1,1, 26110
16,26109,2,2,1, 26111
8,26116,1,1,0, 26117
24,26119,1,1,0, 26120
30,26123,3,3,1, 26126
8,26126,1,1,1, 26127
22,26126,4,4,1, 26130
24,26129,1,1,0, 26130
23,26128,3,3,1, 26131
16,26129,2,2,1, 26131
14,26129,3,3,1, 26132
13,26129,4,4,1, 26133
7,26132,1,1,1, 26133
15,26131,2,4,1, 26135
8,26136,1,1,0, 26137
24,26139,1,1,1, 26140
16,26139,2,2,1, 26141
7,26142,1,1,0, 26143
15,26141,2,4,1, 26145
1,26146,1,1,0, 26147
8,26146,1,1,0, 26147
31,26146,2,2,1, 26148
9,26147,2,2,1, 26149
24,26149,1,1,0, 26150
6,26150,2,2,1, 26152
13,26149,4,4,1, 26153
7,26152,1,1,1, 26153
15,26151,2,4,1, 26155
1,26156,1,1,0, 26157
8,26156,1,1,1, 26157
9,26157,2,2,1, 26159
24,26159,1,1,1, 26160
16,26159,2,2,1, 26161
14,26159,3,3,1, 26162
7,26162,1,1,1, 26163
15,26161,2,4,1, 26165
25,26165,2,2,1, 26167
1,26166,1,1,1, 26167
8,26166,1,1,1, 26167
31,26166,2,2,1, 26168
9,26167,2,2,1, 26169
24,26169,1,1,0, 26170
16,26169,2,2,1, 26171
14,26169,3,3,1, 26172
6,26170,2,2,1, 26172
1,26176,1,1,0, 26177
8,26176,1,1,0, 26177
9,26177,2,2,1, 26179
24,26179,1,1,0, 26180
18,26183,4,4,1, 26187
25,26185,2,2,1, 26187
1,26186,1,1,1, 26187
8,26186,1,1,0, 26187
26,26187,3,3,1, 26190
24,26189,1,1,0, 26190
16,26189,2,2,1, 26191
17,26189,3,3,1, 26192
25,26195,2,2,1, 26197
1,26196,1,1,0, 26197
8,26196,1,1,1, 26197
24,26199,1,1,1, 26200
17,26199,3,3,1, 26202
1,26206,1,1,0, 26207
8,26206,1,1,1, 26207
9,26207,2,2,1, 26209
3,26207,3,3,1, 26210
24,26209,1,1,1, 26210
19,26206,5,5,1, 26211
2,26213,2,2,1, 26215
25,26215,2,2,1, 26217
1,26216,1,1,0, 26217
8,26216,1,1,0, 26217
9,26217,2,2,1, 26219
24,26219,1,1,1, 26220
8,26226,1,1,0, 26227
24,26229,1,1,1, 26230
8,26236,1,1,0, 26237
24,26239,1,1,0, 26240
8,26246,1,1,0, 26247
24,26249,1,1,0, 26250
16,26249,2,2,1, 26251
8,26256,1,1,0, 26257
24,26259,1,1,0, 26260
16,26259,2,2,1, 26261
8,26266,1,1,1, 26267
24,26269,1,1,1, 26270
8,26276,1,1,1, 26277
24,26279,1,1,0, 26280
23,26278,3,3,1, 26281
7,26282,1,1,1, 26283
8,26286,1,1,1, 26287
24,26289,1,1,0, 26290
16,26289,2,2,1, 26291
7,26292,1,1,0, 26293
8,26296,1,1,1, 26297
31,26296,2,2,1, 26298
24,26299,1,1,1, 26300
7,26302,1,1,0, 26303
8,26306,1,1,0, 26307
31,26306,2,2,1, 26308
24,26309,1,1,0, 26310
7,26312,1,1,0, 26313
8,26316,1,1,1, 26317
24,26319,1,1,1, 26320
7,26322,1,1,1, 26323
25,26325,2,2,1, 26327
1,26326,1,1,1, 26327
8,26326,1,1,1, 26327
31,26326,2,2,1, 26328
5,26327,3,3,1, 26330
24,26329,1,1,1, 26330
14,26329,3,3,1, 26332
6,26330,2,2,1, 26332
7,26332,1,1,1, 26333
30,26333,3,3,1, 26336
25,26335,2,2,1, 26337
1,26336,1,1,1, 26337
8,26336,1,1,1, 26337
22,26336,4,4,1, 26340
5,26337,3,3,1, 26340
24,26339,1,1,1, 26340
16,26339,2,2,1, 26341
14,26339,3,3,1, 26342
7,26342,1,1,0, 26343
30,26343,3,3,1, 26346
25,26345,2,2,1, 26347
1,26346,1,1,1, 26347
8,26346,1,1,0, 26347
22,26346,4,4,1, 26350
24,26349,1,1,1, 26350
16,26349,2,2,1, 26351
21,26347,5,5,1, 26352
29,26348,4,4,1, 26352
6,26350,2,2,1, 26352
7,26352,1,1,1, 26353
25,26355,2,2,1, 26357
1,26356,1,1,0, 26357
8,26356,1,1,0, 26357
5,26357,3,3,1, 26360
24,26359,1,1,0, 26360
18,26363,4,4,1, 26367
25,26365,2,2,1, 26367
1,26366,1,1,1, 26367
8,26366,1,1,1, 26367
24,26369,1,1,0, 26370
16,26369,2,2,1, 26371
18,26373,4,4,1, 26377
25,26375,2,2,1, 26377
1,26376,1,1,1, 26377
8,26376,1,1,1, 26377
26,26377,3,3,1, 26380
24,26379,1,1,0, 26380
16,26379,2,2,1, 26381
2,26383,2,2,1, 26385
18,26383,4,4,1, 26387
25,26385,2,2,1, 26387
1,26386,1,1,0, 26387
8,26386,1,1,1, 26387
26,26387,3,3,1, 26390
24,26389,1,1,1, 26390
16,26389,2,2,1, 26391
27,26392,4,4,1, 26396
25,26395,2,2,1, 26397
1,26396,1,1,0, 26397
8,26396,1,1,0, 26397
9,26397,2,2,1, 26399
3,26397,3,3,1, 26400
26,26397,3,3,1, 26400
24,26399,1,1,0, 26400
8,26406,1,1,1, 26407
24,26409,1,1,1, 26410
8,26416,1,1,1, 26417
24,26419,1,1,0, 26420
8,26426,1,1,1, 26427
24,26429,1,1,0, 26430
8,26436,1,1,1, 26437
24,26439,1,1,1, 26440
8,26446,1,1,1, 26447
24,26449,1,1,1, 26450
16,26449,2,2,1, 26451
8,26456,1,1,1, 26457
24,26459,1,1,1, 26460
7,26462,1,1,0, 26463
8,26466,1,1,1, 26467
24,26469,1,1,1, 26470
16,26469,2,2,1, 26471
7,26472,1,1,0, 26473
8,26476,1,1,1, 26477
24,26479,1,1,0, 26480
14,26479,3,3,1, 26482
6,26480,2,2,1, 26482
7,26482,1,1,0, 26483
30,26483,3,3,1, 26486
8,26486,1,1,1, 26487
22,26486,4,4,1, 26490
24,26489,1,1,0, 26490
16,26489,2,2,1, 26491
13,26489,4,4,1, 26493
7,26492,1,1,1, 26493
30,26493,3,3,1, 26496
8,26496,1,1,1, 26497
22,26496,4,4,1, 26500
24,26499,1,1,0, 26500
7,26502,1,1,1, 26503
30,26503,3,3,1, 26506
1,26506,1,1,1, 26507
8,26506,1,1,0, 26507
9,26507,2,2,1, 26509
24,26509,1,1,0, 26510
16,26509,2,2,1, 26511
14,26509,3,3,1, 26512
17,26509,3,3,1, 26512
7,26512,1,1,0, 26513
30,26513,3,3,1, 26516
1,26516,1,1,0, 26517
8,26516,1,1,0, 26517
9,26517,2,2,1, 26519
24,26519,1,1,0, 26520
16,26519,2,2,1, 26521
14,26519,3,3,1, 26522
17,26519,3,3,1, 26522
7,26522,1,1,0, 26523
30,26523,3,3,1, 26526
25,26525,2,2,1, 26527
1,26526,1,1,1, 26527
8,26526,1,1,1, 26527
24,26529,1,1,1, 26530
17,26529,3,3,1, 26532
13,26529,4,4,1, 26533
7,26532,1,1,0, 26533
15,26531,2,4,1, 26535
25,26535,2,2,1, 26537
1,26536,1,1,0, 26537
8,26536,1,1,1, 26537
31,26536,2,2,1, 26538
22,26536,4,4,1, 26540
24,26539,1,1,0, 26540
16,26539,2,2,1, 26541
7,26542,1,1,0, 26543
15,26541,2,4,1, 26545
30,26543,3,3,1, 26546
1,26546,1,1,0, 26547
8,26546,1,1,1, 26547
24,26549,1,1,1, 26550
17,26549,3,3,1, 26552
1,26556,1,1,1, 26557
8,26556,1,1,0, 26557
26,26557,3,3,1, 26560
24,26559,1,1,1, 26560
16,26559,2,2,1, 26561
2,26563,2,2,1, 26565
1,26566,1,1,0, 26567
8,26566,1,1,1, 26567
9,26567,2,2,1, 26569
26,26567,3,3,1, 26570
24,26569,1,1,0, 26570
16,26569,2,2,1, 26571
17,26569,3,3,1, 26572
2,26573,2,2,1, 26575
18,26573,4,4,1, 26577
25,26575,2,2,1, 26577
1,26576,1,1,0, 26577
8,26576,1,1,0, 26577
9,26577,2,2,1, 26579
4,26576,4,4,1, 26580
24,26579,1,1,1, 26580
8,26586,1,1,1, 26587
24,26589,1,1,1, 26590
8,26596,1,1,1, 26597
24,26599,1,1,0, 26600
8,26606,1,1,1, 26607
24,26609,1,1,0, 26610
16,26609,2,2,1, 26611
8,26616,1,1,1, 26617
24,26619,1,1,0, 26620
16,26619,2,2,1, 26621
8,26626,1,1,1, 26627
24,26629,1,1,0, 26630
8,26636,1,1,1, 26637
24,26639,1,1,0, 26640
8,26646,1,1,1, 26647
24,26649,1,1,0, 26650
7,26652,1,1,0, 26653
8,26656,1,1,0, 26657
31,26656,2,2,1, 26658
24,26659,1,1,0, 26660
7,26662,1,1,0, 26663
8,26666,1,1,0, 26667
31,26666,2,2,1, 26668
24,26669,1,1,0, 26670
16,26669,2,2,1, 26671
7,26672,1,1,0, 26673
8,26676,1,1,0, 26677
31,26676,2,2,1, 26678
24,26679,1,1,0, 26680
13,26679,4,4,1, 26683
7,26682,1,1,1, 26683
25,26685,2,2,1, 26687
1,26686,1,1,1, 26687
8,26686,1,1,0, 26687
9,26687,2,2,1, 26689
24,26689,1,1,0, 26690
14,26689,3,3,1, 26692
17,26689,3,3,1, 26692
13,26689,4,4,1, 26693
7,26692,1,1,0, 26693
1,26696,1,1,1, 26697
8,26696,1,1,0, 26697
9,26697,2,2,1, 26699
24,26699,1,1,1, 26700
16,26699,2,2,1, 26701
14,26699,3,3,1, 26702
17,26699,3,3,1, 26702
13,26699,4,4,1, 26703
7,26702,1,1,0, 26703
18,26703,4,4,1, 26707
25,26705,2,2,1, 26707
1,26706,1,1,1, 26707
8,26706,1,1,1, 26707
9,26707,2,2,1, 26709
24,26709,1,1,1, 26710
6,26710,2,2,1, 26712
7,26712,1,1,1, 26713
18,26713,4,4,1, 26717
1,26716,1,1,1, 26717
8,26716,1,1,0, 26717
31,26716,2,2,1, 26718
26,26717,3,3,1, 26720
24,26719,1,1,1, 26720
14,26719,3,3,1, 26722
17,26719,3,3,1, 26722
6,26720,2,2,1, 26722
7,26722,1,1,1, 26723
2,26723,2,2,1, 26725
18,26723,4,4,1, 26727
1,26726,1,1,0, 26727
8,26726,1,1,1, 26727
31,26726,2,2,1, 26728
3,26727,3,3,1, 26730
24,26729,1,1,0, 26730
16,26729,2,2,1, 26731
17,26729,3,3,1, 26732
13,26729,4,4,1, 26733
7,26732,1,1,1, 26733
2,26733,2,2,1, 26735
8,26736,1,1,1, 26737
24,26739,1,1,0, 26740
14,26739,3,3,1, 26742
13,26739,4,4,1, 26743
7,26742,1,1,1, 26743
8,26746,1,1,1, 26747
31,26746,2,2,1, 26748
24,26749,1,1,0, 26750
16,26749,2,2,1, 26751
14,26749,3,3,1, 26752
6,26750,2,2,1, 26752
7,26752,1,1,1, 26753
15,26751,2,4,1, 26755
8,26756,1,1,1, 26757
22,26756,4,4,1, 26760
24,26759,1,1,1, 26760
16,26759,2,2,1, 26761
8,26766,1,1,1, 26767
24,26769,1,1,0, 26770
8,26776,1,1,1, 26777
24,26779,1,1,1, 26780
16,26779,2,2,1, 26781
8,26786,1,1,1, 26787
24,26789,1,1,0, 26790
16,26789,2,2,1, 26791
8,26796,1,1,0, 26797
24,26799,1,1,1, 26800
16,26799,2,2,1, 26801
8,26806,1,1,0, 26807
24,26809,1,1,1, 26810
16,26809,2,2,1, 26811
8,26816,1,1,1, 26817
24,26819,1,1,0, 26820
16,26819,2,2,1, 26821
8,26826,1,1,1, 26827
24,26829,1,1,0, 26830
16,26829,2,2,1, 26831
1,26836,1,1,0, 26837
8,26836,1,1,1, 26837
9,26837,2,2,1, 26839
24,26839,1,1,1, 26840
17,26839,3,3,1, 26842
25,26845,2,2,1, 26847
1,26846,1,1,1, 26847
8,26846,1,1,0, 26847
9,26847,2,2,1, 26849
24,26849,1,1,0, 26850
17,26849,3,3,1, 26852
25,26855,2,2,1, 26857
1,26856,1,1,1, 26857
8,26856,1,1,1, 26857
24,26859,1,1,1, 26860
7,26862,1,1,1, 26863
1,26866,1,1,1, 26867
8,26866,1,1,0, 26867
24,26869,1,1,1, 26870
16,26869,2,2,1, 26871
7,26872,1,1,0, 26873
25,26875,2,2,1, 26877
1,26876,1,1,1, 26877
8,26876,1,1,0, 26877
31,26876,2,2,1, 26878
24,26879,1,1,0, 26880
16,26879,2,2,1, 26881
7,26882,1,1,0, 26883
2,26883,2,2,1, 26885
1,26886,1,1,1, 26887
8,26886,1,1,1, 26887
24,26889,1,1,0, 26890
23,26888,3,3,1, 26891
16,26889,2,2,1, 26891
7,26892,1,1,1, 26893
15,26891,2,4,1, 26895
2,26893,2,2,1, 26895
25,26895,2,2,1, 26897
1,26896,1,1,0, 26897
8,26896,1,1,0, 26897
24,26899,1,1,1, 26900
16,26899,2,2,1, 26901
7,26902,1,1,1, 26903
2,26903,2,2,1, 26905
25,26905,2,2,1, 26907
1,26906,1,1,0, 26907
8,26906,1,1,0, 26907
24,26909,1,1,1, 26910
7,26912,1,1,1, 26913
2,26913,2,2,1, 26915
30,26913,3,3,1, 26916
1,26916,1,1,1, 26917
8,26916,1,1,1, 26917
22,26916,4,4,1, 26920
5,26917,3,3,1, 26920
24,26919,1,1,1, 26920
6,26920,2,2,1, 26922
13,26919,4,4,1, 26923
7,26922,1,1,1, 26923
12,26920,5,5,1, 26925
2,26923,2,2,1, 26925
30,26923,3,3,1, 26926
1,26926,1,1,0, 26927
8,26926,1,1,0, 26927
20,26923,6,6,1, 26929
4,26926,4,4,1, 26930
3,26927,3,3,1, 26930
24,26929,1,1,0, 26930
16,26929,2,2,1, 26931
14,26929,3,3,1, 26932
7,26932,1,1,0, 26933
2,26933,2,2,1, 26935
30,26933,3,3,1, 26936
8,26936,1,1,0, 26937
24,26939,1,1,0, 26940
13,26939,4,4,1, 26943
7,26942,1,1,0, 26943
30,26943,3,3,1, 26946
8,26946,1,1,0, 26947
24,26949,1,1,0, 26950
29,26948,4,4,1, 26952
14,26949,3,3,1, 26952
6,26950,2,2,1, 26952
7,26952,1,1,1, 26953
30,26953,3,3,1, 26956
8,26956,1,1,0, 26957
24,26959,1,1,0, 26960
16,26959,2,2,1, 26961
21,26957,5,5,1, 26962
29,26958,4,4,1, 26962
8,26966,1,1,1, 26967
24,26969,1,1,0, 26970
16,26969,2,2,1, 26971
8,26976,1,1,0, 26977
24,26979,1,1,0, 26980
8,26986,1,1,0, 26987
24,26989,1,1,0, 26990
16,26989,2,2,1, 26991
8,26996,1,1,0, 26997
24,26999,1,1,0, 27000
8,27006,1,1,1, 27007
24,27009,1,1,1, 27010
16,27009,2,2,1, 27011
8,27016,1,1,0, 27017
24,27019,1,1,0, 27020
16,27019,2,2,1, 27021
8,27026,1,1,1, 27027
24,27029,1,1,0, 27030
16,27029,2,2,1, 27031
1,27036,1,1,0, 27037
8,27036,1,1,1, 27037
9,27037,2,2,1, 27039
24,27039,1,1,0, 27040
25,27045,2,2,1, 27047
1,27046,1,1,1, 27047
8,27046,1,1,0, 27047
9,27047,2,2,1, 27049
24,27049,1,1,0, 27050
16,27049,2,2,1, 27051
25,27055,2,2,1, 27057
1,27056,1,1,1, 27057
8,27056,1,1,0, 27057
9,27057,2,2,1, 27059
24,27059,1,1,0, 27060
1,27066,1,1,1, 27067
8,27066,1,1,0, 27067
22,27066,4,4,1, 27070
24,27069,1,1,1, 27070
23,27068,3,3,1, 27071
6,27070,2,2,1, 27072
7,27072,1,1,0, 27073
15,27071,2,4,1, 27075
30,27073,3,3,1, 27076
1,27076,1,1,1, 27077
8,27076,1,1,1, 27077
31,27076,2,2,1, 27078
9,27077,2,2,1, 27079
5,27077,3,3,1, 27080
24,27079,1,1,0, 27080
16,27079,2,2,1, 27081
21,27077,5,5,1, 27082
7,27082,1,1,1, 27083
15,27081,2,4,1, 27085
1,27086,1,1,1, 27087
8,27086,1,1,0, 27087
31,27086,2,2,1, 27088
9,27087,2,2,1, 27089
22,27086,4,4,1, 27090
24,27089,1,1,1, 27090
16,27089,2,2,1, 27091
21,27087,5,5,1, 27092
7,27092,1,1,0, 27093
25,27095,2,2,1, 27097
1,27096,1,1,0, 27097
8,27096,1,1,0, 27097
31,27096,2,2,1, 27098
9,27097,2,2,1, 27099
22,27096,4,4,1, 27100
5,27097,3,3,1, 27100
24,27099,1,1,0, 27100
16,27099,2,2,1, 27101
29,27098,4,4,1, 27102
17,27099,3,3,1, 27102
18,27103,4,4,1, 27107
1,27106,1,1,0, 27107
8,27106,1,1,0, 27107
24,27109,1,1,0, 27110
16,27109,2,2,1, 27111
17,27109,3,3,1, 27112
12,27110,5,5,1, 27115
27,27112,4,4,1, 27116
18,27113,4,4,1, 27117
25,27115,2,2,1, 27117
1,27116,1,1,1, 27117
8,27116,1,1,0, 27117
9,27117,2,2,1, 27119
26,27117,3,3,1, 27120
24,27119,1,1,1, 27120
8,27126,1,1,1, 27127
8,27136,1,1,1, 27137
8,27146,1,1,0, 27147
8,27156,1,1,0, 27157
8,27166,1,1,1, 27167
8,27176,1,1,1, 27177
8,27186,1,1,0, 27187
8,27196,1,1,0, 27197
8,27206,1,1,1, 27207
23,27208,3,3,1, 27211
7,27212,1,1,0, 27213
8,27216,1,1,1, 27217
7,27222,1,1,1, 27223
1,27226,1,1,0, 27227
8,27226,1,1,1, 27227
24,27229,1,1,0, 27230
16,27229,2,2,1, 27231
21,27227,5,5,1, 27232
7,27232,1,1,0, 27233
1,27236,1,1,1, 27237
8,27236,1,1,0, 27237
9,27237,2,2,1, 27239
24,27239,1,1,0, 27240
14,27239,3,3,1, 27242
6,27240,2,2,1, 27242
13,27239,4,4,1, 27243
7,27242,1,1,0, 27243
1,27246,1,1,0, 27247
8,27246,1,1,1, 27247
9,27247,2,2,1, 27249
5,27247,3,3,1, 27250
24,27249,1,1,0, 27250
29,27248,4,4,1, 27252
14,27249,3,3,1, 27252
17,27249,3,3,1, 27252
6,27250,2,2,1, 27252
7,27252,1,1,0, 27253
18,27253,4,4,1, 27257
25,27255,2,2,1, 27257
1,27256,1,1,0, 27257
8,27256,1,1,0, 27257
26,27257,3,3,1, 27260
24,27259,1,1,1, 27260
16,27259,2,2,1, 27261
21,27257,5,5,1, 27262
29,27258,4,4,1, 27262
14,27259,3,3,1, 27262
17,27259,3,3,1, 27262
7,27262,1,1,1, 27263
2,27263,2,2,1, 27265
18,27263,4,4,1, 27267
1,27266,1,1,1, 27267
8,27266,1,1,1, 27267
5,27267,3,3,1, 27270
26,27267,3,3,1, 27270
24,27269,1,1,1, 27270
14,27269,3,3,1, 27272
7,27272,1,1,1, 27273
25,27275,2,2,1, 27277
1,27276,1,1,1, 27277
8,27276,1,1,0, 27277
5,27277,3,3,1, 27280
24,27279,1,1,0, 27280
29,27278,4,4,1, 27282
14,27279,3,3,1, 27282
13,27279,4,4,1, 27283
7,27282,1,1,0, 27283
1,27286,1,1,1, 27287
8,27286,1,1,0, 27287
9,27287,2,2,1, 27289
5,27287,3,3,1, 27290
24,27289,1,1,0, 27290
21,27287,5,5,1, 27292
17,27289,3,3,1, 27292
7,27292,1,1,1, 27293
18,27293,4,4,1, 27297
1,27296,1,1,0, 27297
8,27296,1,1,0, 27297
9,27297,2,2,1, 27299
26,27297,3,3,1, 27300
24,27299,1,1,0, 27300
16,27299,2,2,1, 27301
7,27302,1,1,0, 27303
8,27306,1,1,1, 27307
24,27309,1,1,1, 27310
16,27309,2,2,1, 27311
7,27312,1,1,1, 27313
8,27316,1,1,1, 27317
31,27316,2,2,1, 27318
24,27319,1,1,0, 27320
8,27326,1,1,1, 27327
24,27329,1,1,1, 27330
8,27336,1,1,1, 27337
24,27339,1,1,1, 27340
16,27339,2,2,1, 27341
8,27346,1,1,1, 27347
24,27349,1,1,0, 27350
16,27349,2,2,1, 27351
8,27356,1,1,1, 27357
24,27359,1,1,0, 27360
16,27359,2,2,1, 27361
8,27366,1,1,0, 27367
24,27369,1,1,0, 27370
16,27369,2,2,1, 27371
8,27376,1,1,0, 27377
24,27379,1,1,1, 27380
8,27386,1,1,0, 27387
24,27389,1,1,0, 27390
8,27396,1,1,1, 27397
24,27399,1,1,0, 27400
25,27405,2,2,1, 27407
1,27406,1,1,1, 27407
8,27406,1,1,0, 27407
24,27409,1,1,1, 27410
25,27415,2,2,1, 27417
1,27416,1,1,1, 27417
8,27416,1,1,0, 27417
9,27417,2,2,1, 27419
24,27419,1,1,1, 27420
23,27418,3,3,1, 27421
6,27420,2,2,1, 27422
7,27422,1,1,0, 27423
15,27421,2,4,1, 27425
30,27423,3,3,1, 27426
1,27426,1,1,1, 27427
8,27426,1,1,0, 27427
24,27429,1,1,1, 27430
16,27429,2,2,1, 27431
14,27429,3,3,1, 27432
6,27430,2,2,1, 27432
13,27429,4,4,1, 27433
7,27432,1,1,0, 27433
15,27431,2,4,1, 27435
30,27433,3,3,1, 27436
1,27436,1,1,0, 27437
8,27436,1,1,0, 27437
31,27436,2,2,1, 27438
24,27439,1,1,1, 27440
16,27439,2,2,1, 27441
13,27439,4,4,1, 27443
7,27442,1,1,1, 27443
15,27441,2,4,1, 27445
25,27445,2,2,1, 27447
1,27446,1,1,0, 27447
8,27446,1,1,0, 27447
22,27446,4,4,1, 27450
24,27449,1,1,1, 27450
23,27448,3,3,1, 27451
16,27449,2,2,1, 27451
14,27449,3,3,1, 27452
13,27449,4,4,1, 27453
18,27453,4,4,1, 27457
1,27456,1,1,0, 27457
8,27456,1,1,0, 27457
9,27457,2,2,1, 27459
26,27457,3,3,1, 27460
24,27459,1,1,1, 27460
16,27459,2,2,1, 27461
18,27463,4,4,1, 27467
1,27466,1,1,1, 27467
8,27466,1,1,0, 27467
24,27469,1,1,1, 27470
16,27469,2,2,1, 27471
17,27469,3,3,1, 27472
2,27473,2,2,1, 27475
18,27473,4,4,1, 27477
1,27476,1,1,0, 27477
8,27476,1,1,0, 27477
20,27473,6,6,1, 27479
9,27477,2,2,1, 27479
24,27479,1,1,0, 27480
19,27476,5,5,1, 27481
16,27479,2,2,1, 27481
12,27480,5,5,1, 27485
2,27483,2,2,1, 27485
25,27485,2,2,1, 27487
8,27486,1,1,0, 27487
24,27489,1,1,0, 27490
8,27496,1,1,0, 27497
24,27499,1,1,1, 27500
16,27499,2,2,1, 27501
8,27506,1,1,0, 27507
24,27509,1,1,1, 27510
16,27509,2,2,1, 27511
8,27516,1,1,1, 27517
24,27519,1,1,0, 27520
16,27519,2,2,1, 27521
8,27526,1,1,0, 27527
24,27529,1,1,1, 27530
8,27536,1,1,1, 27537
24,27539,1,1,1, 27540
8,27546,1,1,1, 27547
24,27549,1,1,1, 27550
8,27556,1,1,1, 27557
24,27559,1,1,0, 27560
7,27562,1,1,0, 27563
8,27566,1,1,0, 27567
24,27569,1,1,0, 27570
16,27569,2,2,1, 27571
7,27572,1,1,0, 27573
8,27576,1,1,0, 27577
24,27579,1,1,1, 27580
7,27582,1,1,1, 27583
8,27586,1,1,1, 27587
24,27589,1,1,1, 27590
16,27589,2,2,1, 27591
7,27592,1,1,1, 27593
30,27593,3,3,1, 27596
1,27596,1,1,0, 27597
8,27596,1,1,0, 27597
22,27596,4,4,1, 27600
5,27597,3,3,1, 27600
24,27599,1,1,0, 27600
21,27597,5,5,1, 27602
7,27602,1,1,1, 27603
30,27603,3,3,1, 27606
1,27606,1,1,0, 27607
8,27606,1,1,1, 27607
24,27609,1,1,0, 27610
21,27607,5,5,1, 27612
17,27609,3,3,1, 27612
6,27610,2,2,1, 27612
13,27609,4,4,1, 27613
7,27612,1,1,1, 27613
30,27613,3,3,1, 27616
1,27616,1,1,1, 27617
8,27616,1,1,0, 27617
24,27619,1,1,0, 27620
21,27617,5,5,1, 27622
14,27619,3,3,1, 27622
7,27622,1,1,1, 27623
30,27623,3,3,1, 27626
18,27623,4,4,1, 27627
1,27626,1,1,1, 27627
8,27626,1,1,1, 27627
5,27627,3,3,1, 27630
26,27627,3,3,1, 27630
24,27629,1,1,0, 27630
23,27628,3,3,1, 27631
16,27629,2,2,1, 27631
7,27632,1,1,0, 27633
1,27636,1,1,0, 27637
8,27636,1,1,0, 27637
31,27636,2,2,1, 27638
22,27636,4,4,1, 27640
26,27637,3,3,1, 27640
24,27639,1,1,1, 27640
23,27638,3,3,1, 27641
29,27638,4,4,1, 27642
18,27643,4,4,1, 27647
25,27645,2,2,1, 27647
1,27646,1,1,0, 27647
8,27646,1,1,1, 27647
9,27647,2,2,1, 27649
26,27647,3,3,1, 27650
24,27649,1,1,0, 27650
16,27649,2,2,1, 27651
17,27649,3,3,1, 27652
2,27653,2,2,1, 27655
25,27655,2,2,1, 27657
1,27656,1,1,0, 27657
8,27656,1,1,1, 27657
24,27659,1,1,0, 27660
18,27663,4,4,1, 27667
25,27665,2,2,1, 27667
1,27666,1,1,1, 27667
8,27666,1,1,1, 27667
24,27669,1,1,1, 27670
16,27669,2,2,1, 27671
25,27675,2,2,1, 27677
1,27676,1,1,1, 27677
8,27676,1,1,1, 27677
9,27677,2,2,1, 27679
4,27676,4,4,1, 27680
26,27677,3,3,1, 27680
24,27679,1,1,0, 27680
17,27679,3,3,1, 27682
8,27686,1,1,1, 27687
24,27689,1,1,1, 27690
16,27689,2,2,1, 27691
8,27696,1,1,0, 27697
24,27699,1,1,0, 27700
8,27706,1,1,0, 27707
24,27709,1,1,0, 27710
16,27709,2,2,1, 27711
8,27716,1,1,0, 27717
24,27719,1,1,1, 27720
8,27726,1,1,0, 27727
24,27729,1,1,0, 27730
8,27736,1,1,0, 27737
24,27739,1,1,0, 27740
16,27739,2,2,1, 27741
8,27746,1,1,0, 27747
24,27749,1,1,0, 27750
14,27749,3,3,1, 27752
6,27750,2,2,1, 27752
7,27752,1,1,0, 27753
8,27756,1,1,0, 27757
22,27756,4,4,1, 27760
5,27757,3,3,1, 27760
24,27759,1,1,0, 27760
23,27758,3,3,1, 27761
16,27759,2,2,1, 27761
14,27759,3,3,1, 27762
6,27760,2,2,1, 27762
7,27762,1,1,0, 27763
15,27761,2,4,1, 27765
30,27763,3,3,1, 27766
8,27766,1,1,0, 27767
31,27766,2,2,1, 27768
24,27769,1,1,0, 27770
23,27768,3,3,1, 27771
16,27769,2,2,1, 27771
21,27767,5,5,1, 27772
13,27769,4,4,1, 27773
7,27772,1,1,1, 27773
8,27776,1,1,0, 27777
31,27776,2,2,1, 27778
22,27776,4,4,1, 27780
24,27779,1,1,1, 27780
23,27778,3,3,1, 27781
16,27779,2,2,1, 27781
21,27777,5,5,1, 27782
14,27779,3,3,1, 27782
1,27786,1,1,0, 27787
8,27786,1,1,0, 27787
24,27789,1,1,0, 27790
1,27796,1,1,0, 27797
8,27796,1,1,1, 27797
24,27799,1,1,0, 27800
18,27803,4,4,1, 27807
25,27805,2,2,1, 27807
1,27806,1,1,1, 27807
8,27806,1,1,0, 27807
24,27809,1,1,1, 27810
25,27815,2,2,1, 27817
1,27816,1,1,0, 27817
8,27816,1,1,1, 27817
24,27819,1,1,1, 27820
2,27823,2,2,1, 27825
1,27826,1,1,0, 27827
8,27826,1,1,0, 27827
26,27827,3,3,1, 27830
24,27829,1,1,0, 27830
16,27829,2,2,1, 27831
2,27833,2,2,1, 27835
18,27833,4,4,1, 27837
25,27835,2,2,1, 27837
1,27836,1,1,1, 27837
8,27836,1,1,0, 27837
24,27839,1,1,0, 27840
16,27839,2,2,1, 27841
18,27843,4,4,1, 27847
25,27845,2,2,1, 27847
1,27846,1,1,0, 27847
8,27846,1,1,0, 27847
3,27847,3,3,1, 27850
24,27849,1,1,0, 27850
19,27846,5,5,1, 27851
16,27849,2,2,1, 27851
2,27853,2,2,1, 27855
27,27852,4,4,1, 27856
18,27853,4,4,1, 27857
1,27856,1,1,0, 27857
8,27856,1,1,1, 27857
11,27854,4,4,1, 27858
28,27854,5,5,1, 27859
4,27856,4,4,1, 27860
24,27859,1,1,1, 27860
8,27866,1,1,0, 27867
24,27869,1,1,1, 27870
8,27876,1,1,1, 27877
24,27879,1,1,1, 27880
8,27886,1,1,0, 27887
31,27886,2,2,1, 27888
24,27889,1,1,0, 27890
16,27889,2,2,1, 27891
7,27892,1,1,0, 27893
8,27896,1,1,1, 27897
31,27896,2,2,1, 27898
24,27899,1,1,0, 27900
16,27899,2,2,1, 27901
6,27900,2,2,1, 27902
7,27902,1,1,0, 27903
30,27903,3,3,1, 27906
8,27906,1,1,1, 27907
24,27909,1,1,0, 27910
6,27910,2,2,1, 27912
7,27912,1,1,1, 27913
8,27916,1,1,0, 27917
31,27916,2,2,1, 27918
24,27919,1,1,0, 27920
7,27922,1,1,1, 27923
30,27923,3,3,1, 27926
8,27926,1,1,1, 27927
22,27926,4,4,1, 27930
24,27929,1,1,0, 27930
16,27929,2,2,1, 27931
6,27930,2,2,1, 27932
7,27932,1,1,1, 27933
8,27936,1,1,0, 27937
31,27936,2,2,1, 27938
24,27939,1,1,0, 27940
6,27940,2,2,1, 27942
7,27942,1,1,1, 27943
8,27946,1,1,0, 27947
24,27949,1,1,0, 27950
23,27948,3,3,1, 27951
29,27948,4,4,1, 27952
6,27950,2,2,1, 27952
13,27949,4,4,1, 27953
7,27952,1,1,0, 27953
30,27953,3,3,1, 27956
8,27956,1,1,0, 27957
31,27956,2,2,1, 27958
24,27959,1,1,1, 27960
21,27957,5,5,1, 27962
1,27966,1,1,0, 27967
8,27966,1,1,1, 27967
9,27967,2,2,1, 27969
24,27969,1,1,0, 27970
17,27969,3,3,1, 27972
2,27973,2,2,1, 27975
18,27973,4,4,1, 27977
25,27975,2,2,1, 27977
1,27976,1,1,1, 27977
8,27976,1,1,0, 27977
24,27979,1,1,0, 27980
17,27979,3,3,1, 27982
18,27983,4,4,1, 27987
1,27986,1,1,1, 27987
8,27986,1,1,0, 27987
9,27987,2,2,1, 27989
26,27987,3,3,1, 27990
24,27989,1,1,1, 27990
16,27989,2,2,1, 27991
17,27989,3,3,1, 27992
1,27996,1,1,1, 27997
8,27996,1,1,1, 27997
26,27997,3,3,1, 28000
24,27999,1,1,0, 28000
16,27999,2,2,1, 28001
17,27999,3,3,1, 28002
27,28002,4,4,1, 28006
25,28005,2,2,1, 28007
1,28006,1,1,1, 28007
8,28006,1,1,0, 28007
9,28007,2,2,1, 28009
3,28007,3,3,1, 28010
24,28009,1,1,1, 28010
16,28009,2,2,1, 28011
2,28013,2,2,1, 28015
18,28013,4,4,1, 28017
8,28016,1,1,1, 28017
24,28019,1,1,0, 28020
16,28019,2,2,1, 28021
8,28026,1,1,1, 28027
24,28029,1,1,0, 28030
16,28029,2,2,1, 28031
8,28036,1,1,0, 28037
24,28039,1,1,1, 28040
16,28039,2,2,1, 28041
8,28046,1,1,0, 28047
24,28049,1,1,0, 28050
16,28049,2,2,1, 28051
8,28056,1,1,1, 28057
24,28059,1,1,1, 28060
16,28059,2,2,1, 28061
8,28066,1,1,1, 28067
31,28066,2,2,1, 28068
24,28069,1,1,1, 28070
7,28072,1,1,1, 28073
8,28076,1,1,1, 28077
24,28079,1,1,0, 28080
23,28078,3,3,1, 28081
16,28079,2,2,1, 28081
7,28082,1,1,1, 28083
8,28086,1,1,0, 28087
24,28089,1,1,0, 28090
6,28090,2,2,1, 28092
7,28092,1,1,0, 28093
8,28096,1,1,0, 28097
24,28099,1,1,0, 28100
16,28099,2,2,1, 28101
6,28100,2,2,1, 28102
7,28102,1,1,0, 28103
30,28103,3,3,1, 28106
8,28106,1,1,0, 28107
22,28106,4,4,1, 28110
24,28109,1,1,0, 28110
13,28109,4,4,1, 28113
7,28112,1,1,1, 28113
30,28113,3,3,1, 28116
8,28116,1,1,1, 28117
24,28119,1,1,1, 28120
14,28119,3,3,1, 28122
17,28119,3,3,1, 28122
6,28120,2,2,1, 28122
13,28119,4,4,1, 28123
7,28122,1,1,1, 28123
1,28126,1,1,0, 28127
8,28126,1,1,1, 28127
9,28127,2,2,1, 28129
22,28126,4,4,1, 28130
24,28129,1,1,0, 28130
14,28129,3,3,1, 28132
13,28129,4,4,1, 28133
7,28132,1,1,1, 28133
1,28136,1,1,0, 28137
8,28136,1,1,1, 28137
24,28139,1,1,0, 28140
16,28139,2,2,1, 28141
14,28139,3,3,1, 28142
17,28139,3,3,1, 28142
7,28142,1,1,1, 28143
25,28145,2,2,1, 28147
1,28146,1,1,1, 28147
8,28146,1,1,0, 28147
9,28147,2,2,1, 28149
22,28146,4,4,1, 28150
24,28149,1,1,1, 28150
14,28149,3,3,1, 28152
13,28149,4,4,1, 28153
7,28152,1,1,0, 28153
1,28156,1,1,1, 28157
8,28156,1,1,0, 28157
22,28156,4,4,1, 28160
24,28159,1,1,0, 28160
16,28159,2,2,1, 28161
17,28159,3,3,1, 28162
2,28163,2,2,1, 28165
25,28165,2,2,1, 28167
1,28166,1,1,0, 28167
8,28166,1,1,1, 28167
9,28167,2,2,1, 28169
24,28169,1,1,0, 28170
16,28169,2,2,1, 28171
17,28169,3,3,1, 28172
25,28175,2,2,1, 28177
1,28176,1,1,1, 28177
8,28176,1,1,1, 28177
24,28179,1,1,0, 28180
17,28179,3,3,1, 28182
25,28185,2,2,1, 28187
1,28186,1,1,1, 28187
8,28186,1,1,0, 28187
9,28187,2,2,1, 28189
24,28189,1,1,0, 28190
16,28189,2,2,1, 28191
17,28189,3,3,1, 28192
2,28193,2,2,1, 28195
1,28196,1,1,1, 28197
8,28196,1,1,1, 28197
9,28197,2,2,1, 28199
24,28199,1,1,1, 28200
16,28199,2,2,1, 28201
17,28199,3,3,1, 28202
8,28206,1,1,1, 28207
24,28209,1,1,1, 28210
8,28216,1,1,1, 28217
24,28219,1,1,1, 28220
16,28219,2,2,1, 28221
8,28226,1,1,0, 28227
24,28229,1,1,0, 28230
16,28229,2,2,1, 28231
8,28236,1,1,0, 28237
24,28239,1,1,1, 28240
8,28246,1,1,0, 28247
24,28249,1,1,0, 28250
16,28249,2,2,1, 28251
8,28256,1,1,1, 28257
24,28259,1,1,0, 28260
7,28262,1,1,1, 28263
8,28266,1,1,0, 28267
31,28266,2,2,1, 28268
24,28269,1,1,0, 28270
21,28267,5,5,1, 28272
29,28268,4,4,1, 28272
14,28269,3,3,1, 28272
13,28269,4,4,1, 28273
7,28272,1,1,0, 28273
15,28271,2,4,1, 28275
30,28273,3,3,1, 28276
8,28276,1,1,0, 28277
31,28276,2,2,1, 28278
22,28276,4,4,1, 28280
24,28279,1,1,1, 28280
23,28278,3,3,1, 28281
21,28277,5,5,1, 28282
29,28278,4,4,1, 28282
14,28279,3,3,1, 28282
7,28282,1,1,0, 28283
30,28283,3,3,1, 28286
8,28286,1,1,1, 28287
24,28289,1,1,0, 28290
13,28289,4,4,1, 28293
7,28292,1,1,0, 28293
30,28293,3,3,1, 28296
8,28296,1,1,1, 28297
24,28299,1,1,1, 28300
1,28306,1,1,0, 28307
8,28306,1,1,1, 28307
24,28309,1,1,0, 28310
16,28309,2,2,1, 28311
17,28309,3,3,1, 28312
1,28316,1,1,0, 28317
8,28316,1,1,1, 28317
24,28319,1,1,0, 28320
17,28319,3,3,1, 28322
1,28326,1,1,0, 28327
8,28326,1,1,1, 28327
9,28327,2,2,1, 28329
24,28329,1,1,1, 28330
16,28329,2,2,1, 28331
1,28336,1,1,1, 28337
8,28336,1,1,1, 28337
9,28337,2,2,1, 28339
24,28339,1,1,1, 28340
16,28339,2,2,1, 28341
1,28346,1,1,1, 28347
8,28346,1,1,1, 28347
24,28349,1,1,1, 28350
16,28349,2,2,1, 28351
25,28355,2,2,1, 28357
1,28356,1,1,1, 28357
8,28356,1,1,1, 28357
24,28359,1,1,0, 28360
1,28366,1,1,0, 28367
8,28366,1,1,1, 28367
9,28367,2,2,1, 28369
24,28369,1,1,0, 28370
16,28369,2,2,1, 28371
25,28375,2,2,1, 28377
1,28376,1,1,1, 28377
8,28376,1,1,0, 28377
9,28377,2,2,1, 28379
24,28379,1,1,0, 28380
17,28379,3,3,1, 28382
25,28385,2,2,1, 28387
1,28386,1,1,1, 28387
8,28386,1,1,1, 28387
24,28389,1,1,0, 28390
2,28393,2,2,1, 28395
25,28395,2,2,1, 28397
1,28396,1,1,0, 28397
8,28396,1,1,1, 28397
9,28397,2,2,1, 28399
26,28397,3,3,1, 28400
24,28399,1,1,0, 28400
16,28399,2,2,1, 28401
17,28399,3,3,1, 28402
7,28402,1,1,1, 28403
18,28403,4,4,1, 28407
1,28406,1,1,1, 28407
8,28406,1,1,1, 28407
24,28409,1,1,1, 28410
7,28412,1,1,1, 28413
25,28415,2,2,1, 28417
1,28416,1,1,1, 28417
8,28416,1,1,0, 28417
22,28416,4,4,1, 28420
24,28419,1,1,1, 28420
16,28419,2,2,1, 28421
17,28419,3,3,1, 28422
6,28420,2,2,1, 28422
7,28422,1,1,1, 28423
18,28423,4,4,1, 28427
8,28426,1,1,1, 28427
22,28426,4,4,1, 28430
5,28427,3,3,1, 28430
24,28429,1,1,1, 28430
6,28430,2,2,1, 28432
7,28432,1,1,0, 28433
30,28433,3,3,1, 28436
8,28436,1,1,1, 28437
24,28439,1,1,1, 28440
7,28442,1,1,1, 28443
8,28446,1,1,0, 28447
22,28446,4,4,1, 28450
24,28449,1,1,0, 28450
6,28450,2,2,1, 28452
7,28452,1,1,0, 28453
8,28456,1,1,0, 28457
22,28456,4,4,1, 28460
5,28457,3,3,1, 28460
24,28459,1,1,1, 28460
7,28462,1,1,0, 28463
30,28463,3,3,1, 28466
8,28466,1,1,1, 28467
24,28469,1,1,0, 28470
16,28469,2,2,1, 28471
7,28472,1,1,0, 28473
8,28476,1,1,1, 28477
24,28479,1,1,0, 28480
16,28479,2,2,1, 28481
6,28480,2,2,1, 28482
7,28482,1,1,0, 28483
30,28483,3,3,1, 28486
8,28486,1,1,1, 28487
22,28486,4,4,1, 28490
24,28489,1,1,0, 28490
21,28487,5,5,1, 28492
29,28488,4,4,1, 28492
14,28489,3,3,1, 28492
6,28490,2,2,1, 28492
13,28489,4,4,1, 28493
7,28492,1,1,0, 28493
8,28496,1,1,0, 28497
31,28496,2,2,1, 28498
24,28499,1,1,0, 28500
8,28506,1,1,1, 28507
24,28509,1,1,1, 28510
16,28509,2,2,1, 28511
8,28516,1,1,1, 28517
24,28519,1,1,1, 28520
8,28526,1,1,1, 28527
24,28529,1,1,1, 28530
1,28536,1,1,0, 28537
8,28536,1,1,0, 28537
24,28539,1,1,1, 28540
1,28546,1,1,0, 28547
8,28546,1,1,0, 28547
24,28549,1,1,0, 28550
17,28549,3,3,1, 28552
18,28553,4,4,1, 28557
25,28555,2,2,1, 28557
1,28556,1,1,1, 28557
8,28556,1,1,1, 28557
9,28557,2,2,1, 28559
24,28559,1,1,0, 28560
17,28559,3,3,1, 28562
18,28563,4,4,1, 28567
1,28566,1,1,1, 28567
8,28566,1,1,1, 28567
9,28567,2,2,1, 28569
26,28567,3,3,1, 28570
24,28569,1,1,0, 28570
17,28569,3,3,1, 28572
2,28573,2,2,1, 28575
18,28573,4,4,1, 28577
25,28575,2,2,1, 28577
1,28576,1,1,1, 28577
8,28576,1,1,0, 28577
26,28577,3,3,1, 28580
24,28579,1,1,0, 28580
18,28583,4,4,1, 28587
25,28585,2,2,1, 28587
1,28586,1,1,0, 28587
8,28586,1,1,1, 28587
24,28589,1,1,0, 28590
16,28589,2,2,1, 28591
2,28593,2,2,1, 28595
27,28592,4,4,1, 28596
1,28596,1,1,1, 28597
8,28596,1,1,1, 28597
26,28597,3,3,1, 28600
24,28599,1,1,1, 28600
7,28602,1,1,1, 28603
15,28601,2,4,1, 28605
8,28606,1,1,1, 28607
31,28606,2,2,1, 28608
5,28607,3,3,1, 28610
24,28609,1,1,0, 28610
23,28608,3,3,1, 28611
16,28609,2,2,1, 28611
14,28609,3,3,1, 28612
7,28612,1,1,0, 28613
8,28616,1,1,0, 28617
31,28616,2,2,1, 28618
22,28616,4,4,1, 28620
5,28617,3,3,1, 28620
24,28619,1,1,0, 28620
16,28619,2,2,1, 28621
6,28620,2,2,1, 28622
13,28619,4,4,1, 28623
7,28622,1,1,0, 28623
8,28626,1,1,1, 28627
31,28626,2,2,1, 28628
22,28626,4,4,1, 28630
24,28629,1,1,1, 28630
23,28628,3,3,1, 28631
16,28629,2,2,1, 28631
29,28628,4,4,1, 28632
14,28629,3,3,1, 28632
8,28636,1,1,0, 28637
24,28639,1,1,1, 28640
16,28639,2,2,1, 28641
8,28646,1,1,1, 28647
24,28649,1,1,0, 28650
8,28656,1,1,1, 28657
24,28659,1,1,0, 28660
8,28666,1,1,1, 28667
24,28669,1,1,1, 28670
8,28676,1,1,0, 28677
24,28679,1,1,1, 28680
8,28686,1,1,0, 28687
24,28689,1,1,0, 28690
8,28696,1,1,0, 28697
24,28699,1,1,0, 28700
17,28699,3,3,1, 28702
1,28706,1,1,1, 28707
8,28706,1,1,1, 28707
9,28707,2,2,1, 28709
24,28709,1,1,1, 28710
1,28716,1,1,1, 28717
8,28716,1,1,1, 28717
24,28719,1,1,0, 28720
25,28725,2,2,1, 28727
1,28726,1,1,0, 28727
8,28726,1,1,1, 28727
24,28729,1,1,0, 28730
16,28729,2,2,1, 28731
2,28733,2,2,1, 28735
1,28736,1,1,0, 28737
8,28736,1,1,0, 28737
9,28737,2,2,1, 28739
24,28739,1,1,0, 28740
23,28738,3,3,1, 28741
16,28739,2,2,1, 28741
17,28739,3,3,1, 28742
7,28742,1,1,1, 28743
15,28741,2,4,1, 28745
25,28745,2,2,1, 28747
1,28746,1,1,0, 28747
8,28746,1,1,1, 28747
31,28746,2,2,1, 28748
24,28749,1,1,0, 28750
17,28749,3,3,1, 28752
7,28752,1,1,0, 28753
25,28755,2,2,1, 28757
1,28756,1,1,0, 28757
8,28756,1,1,0, 28757
24,28759,1,1,1, 28760
7,28762,1,1,0, 28763
15,28761,2,4,1, 28765
1,28766,1,1,0, 28767
8,28766,1,1,1, 28767
9,28767,2,2,1, 28769
24,28769,1,1,1, 28770
7,28772,1,1,1, 28773
15,28771,2,4,1, 28775
1,28776,1,1,0, 28777
8,28776,1,1,1, 28777
24,28779,1,1,0, 28780
7,28782,1,1,1, 28783
2,28783,2,2,1, 28785
18,28783,4,4,1, 28787
1,28786,1,1,1, 28787
8,28786,1,1,0, 28787
31,28786,2,2,1, 28788
20,28783,6,6,1, 28789
28,28784,5,5,1, 28789
9,28787,2,2,1, 28789
22,28786,4,4,1, 28790
26,28787,3,3,1, 28790
24,28789,1,1,0, 28790
23,28788,3,3,1, 28791
21,28787,5,5,1, 28792
14,28789,3,3,1, 28792
13,28789,4,4,1, 28793
7,28792,1,1,1, 28793
12,28790,5,5,1, 28795
15,28791,2,4,1, 28795
27,28792,4,4,1, 28796
18,28793,4,4,1, 28797
1,28796,1,1,0, 28797
8,28796,1,1,0, 28797
11,28794,4,4,1, 28798
22,28796,4,4,1, 28800
5,28797,3,3,1, 28800
24,28799,1,1,1, 28800
16,28799,2,2,1, 28801
21,28797,5,5,1, 28802
29,28798,4,4,1, 28802
13,28799,4,4,1, 28803
8,28806,1,1,0, 28807
24,28809,1,1,0, 28810
8,28816,1,1,0, 28817
24,28819,1,1,0, 28820
8,28826,1,1,0, 28827
24,28829,1,1,0, 28830
16,28829,2,2,1, 28831
8,28836,1,1,0, 28837
24,28839,1,1,0, 28840
8,28846,1,1,0, 28847
24,28849,1,1,0, 28850
8,28856,1,1,1, 28857
24,28859,1,1,0, 28860
16,28859,2,2,1, 28861
8,28866,1,1,1, 28867
24,28869,1,1,0, 28870
16,28869,2,2,1, 28871
8,28876,1,1,0, 28877
24,28879,1,1,0, 28880
16,28879,2,2,1, 28881
8,28886,1,1,1, 28887
24,28889,1,1,1, 28890
16,28889,2,2,1, 28891
8,28896,1,1,0, 28897
24,28899,1,1,1, 28900
16,28899,2,2,1, 28901
8,28906,1,1,0, 28907
24,28909,1,1,1, 28910
23,28908,3,3,1, 28911
7,28912,1,1,1, 28913
15,28911,2,4,1, 28915
1,28916,1,1,1, 28917
8,28916,1,1,0, 28917
31,28916,2,2,1, 28918
9,28917,2,2,1, 28919
24,28919,1,1,0, 28920
23,28918,3,3,1, 28921
16,28919,2,2,1, 28921
17,28919,3,3,1, 28922
7,28922,1,1,1, 28923
2,28923,2,2,1, 28925
18,28923,4,4,1, 28927
1,28926,1,1,1, 28927
8,28926,1,1,1, 28927
31,28926,2,2,1, 28928
9,28927,2,2,1, 28929
24,28929,1,1,0, 28930
17,28929,3,3,1, 28932
7,28932,1,1,1, 28933
18,28933,4,4,1, 28937
1,28936,1,1,0, 28937
8,28936,1,1,0, 28937
9,28937,2,2,1, 28939
22,28936,4,4,1, 28940
24,28939,1,1,1, 28940
16,28939,2,2,1, 28941
14,28939,3,3,1, 28942
17,28939,3,3,1, 28942
7,28942,1,1,1, 28943
15,28941,2,4,1, 28945
30,28943,3,3,1, 28946
1,28946,1,1,1, 28947
8,28946,1,1,0, 28947
26,28947,3,3,1, 28950
24,28949,1,1,1, 28950
23,28948,3,3,1, 28951
6,28950,2,2,1, 28952
13,28949,4,4,1, 28953
7,28952,1,1,0, 28953
18,28953,4,4,1, 28957
1,28956,1,1,0, 28957
8,28956,1,1,1, 28957
24,28959,1,1,1, 28960
23,28958,3,3,1, 28961
16,28959,2,2,1, 28961
14,28959,3,3,1, 28962
13,28959,4,4,1, 28963
7,28962,1,1,0, 28963
30,28963,3,3,1, 28966
18,28963,4,4,1, 28967
1,28966,1,1,0, 28967
8,28966,1,1,1, 28967
24,28969,1,1,1, 28970
2,28973,2,2,1, 28975
18,28973,4,4,1, 28977
25,28975,2,2,1, 28977
1,28976,1,1,0, 28977
8,28976,1,1,1, 28977
24,28979,1,1,1, 28980
16,28979,2,2,1, 28981
2,28983,2,2,1, 28985
18,28983,4,4,1, 28987
1,28986,1,1,1, 28987
8,28986,1,1,0, 28987
26,28987,3,3,1, 28990
8,28996,1,1,0, 28997
8,29006,1,1,1, 29007
8,29016,1,1,0, 29017
8,29026,1,1,1, 29027
8,29036,1,1,0, 29037
8,29046,1,1,0, 29047
8,29056,1,1,1, 29057
8,29066,1,1,0, 29067
7,29072,1,1,1, 29073
8,29076,1,1,1, 29077
31,29076,2,2,1, 29078
7,29082,1,1,1, 29083
8,29086,1,1,0, 29087
31,29086,2,2,1, 29088
24,29089,1,1,1, 29090
7,29092,1,1,1, 29093
1,29096,1,1,1, 29097
8,29096,1,1,1, 29097
31,29096,2,2,1, 29098
24,29099,1,1,0, 29100
7,29102,1,1,0, 29103
25,29105,2,2,1, 29107
1,29106,1,1,0, 29107
8,29106,1,1,0, 29107
31,29106,2,2,1, 29108
24,29109,1,1,0, 29110
16,29109,2,2,1, 29111
7,29112,1,1,1, 29113
1,29116,1,1,0, 29117
8,29116,1,1,1, 29117
31,29116,2,2,1, 29118
24,29119,1,1,0, 29120
7,29122,1,1,0, 29123
1,29126,1,1,0, 29127
8,29126,1,1,0, 29127
24,29129,1,1,0, 29130
17,29129,3,3,1, 29132
7,29132,1,1,0, 29133
15,29131,2,4,1, 29135
25,29135,2,2,1, 29137
1,29136,1,1,0, 29137
8,29136,1,1,1, 29137
31,29136,2,2,1, 29138
9,29137,2,2,1, 29139
5,29137,3,3,1, 29140
24,29139,1,1,0, 29140
23,29138,3,3,1, 29141
17,29139,3,3,1, 29142
6,29140,2,2,1, 29142
7,29142,1,1,0, 29143
30,29143,3,3,1, 29146
18,29143,4,4,1, 29147
1,29146,1,1,1, 29147
8,29146,1,1,0, 29147
31,29146,2,2,1, 29148
5,29147,3,3,1, 29150
24,29149,1,1,1, 29150
16,29149,2,2,1, 29151
17,29149,3,3,1, 29152
6,29150,2,2,1, 29152
7,29152,1,1,1, 29153
2,29153,2,2,1, 29155
18,29153,4,4,1, 29157
25,29155,2,2,1, 29157
1,29156,1,1,1, 29157
8,29156,1,1,0, 29157
5,29157,3,3,1, 29160
24,29159,1,1,0, 29160
16,29159,2,2,1, 29161
17,29159,3,3,1, 29162
6,29160,2,2,1, 29162
13,29159,4,4,1, 29163
7,29162,1,1,0, 29163
15,29161,2,4,1, 29165
1,29166,1,1,0, 29167
8,29166,1,1,1, 29167
26,29167,3,3,1, 29170
24,29169,1,1,0, 29170
17,29169,3,3,1, 29172
1,29176,1,1,1, 29177
8,29176,1,1,1, 29177
24,29179,1,1,0, 29180
19,29176,5,5,1, 29181
16,29179,2,2,1, 29181
2,29183,2,2,1, 29185
27,29182,4,4,1, 29186
18,29183,4,4,1, 29187
1,29186,1,1,1, 29187
8,29186,1,1,1, 29187
11,29184,4,4,1, 29188
24,29189,1,1,0, 29190
8,29196,1,1,1, 29197
24,29199,1,1,0, 29200
16,29199,2,2,1, 29201
8,29206,1,1,0, 29207
24,29209,1,1,1, 29210
8,29216,1,1,1, 29217
24,29219,1,1,0, 29220
8,29226,1,1,1, 29227
24,29229,1,1,0, 29230
8,29236,1,1,0, 29237
24,29239,1,1,1, 29240
8,29246,1,1,1, 29247
24,29249,1,1,1, 29250
8,29256,1,1,1, 29257
24,29259,1,1,0, 29260
16,29259,2,2,1, 29261
8,29266,1,1,1, 29267
24,29269,1,1,0, 29270
16,29269,2,2,1, 29271
8,29276,1,1,1, 29277
24,29279,1,1,0, 29280
16,29279,2,2,1, 29281
7,29282,1,1,0, 29283
8,29286,1,1,1, 29287
24,29289,1,1,0, 29290
16,29289,2,2,1, 29291
7,29292,1,1,1, 29293
8,29296,1,1,0, 29297
24,29299,1,1,0, 29300
7,29302,1,1,1, 29303
1,29306,1,1,0, 29307
8,29306,1,1,1, 29307
31,29306,2,2,1, 29308
24,29309,1,1,0, 29310
16,29309,2,2,1, 29311
17,29309,3,3,1, 29312
7,29312,1,1,1, 29313
15,29311,2,4,1, 29315
25,29315,2,2,1, 29317
1,29316,1,1,1, 29317
8,29316,1,1,1, 29317
9,29317,2,2,1, 29319
22,29316,4,4,1, 29320
24,29319,1,1,1, 29320
17,29319,3,3,1, 29322
6,29320,2,2,1, 29322
7,29322,1,1,0, 29323
1,29326,1,1,0, 29327
8,29326,1,1,0, 29327
31,29326,2,2,1, 29328
9,29327,2,2,1, 29329
24,29329,1,1,0, 29330
23,29328,3,3,1, 29331
14,29329,3,3,1, 29332
7,29332,1,1,0, 29333
15,29331,2,4,1, 29335
18,29333,4,4,1, 29337
25,29335,2,2,1, 29337
1,29336,1,1,0, 29337
8,29336,1,1,1, 29337
26,29337,3,3,1, 29340
24,29339,1,1,1, 29340
19,29336,5,5,1, 29341
23,29338,3,3,1, 29341
16,29339,2,2,1, 29341
14,29339,3,3,1, 29342
6,29340,2,2,1, 29342
7,29342,1,1,1, 29343
2,29343,2,2,1, 29345
27,29342,4,4,1, 29346
1,29346,1,1,0, 29347
8,29346,1,1,1, 29347
31,29346,2,2,1, 29348
3,29347,3,3,1, 29350
24,29349,1,1,1, 29350
23,29348,3,3,1, 29351
16,29349,2,2,1, 29351
14,29349,3,3,1, 29352
17,29349,3,3,1, 29352
6,29350,2,2,1, 29352
7,29352,1,1,0, 29353
27,29352,4,4,1, 29356
1,29356,1,1,0, 29357
8,29356,1,1,1, 29357
11,29354,4,4,1, 29358
31,29356,2,2,1, 29358
3,29357,3,3,1, 29360
24,29359,1,1,0, 29360
23,29358,3,3,1, 29361
16,29359,2,2,1, 29361
17,29359,3,3,1, 29362
8,29366,1,1,0, 29367
24,29369,1,1,1, 29370
16,29369,2,2,1, 29371
8,29376,1,1,0, 29377
24,29379,1,1,1, 29380
8,29386,1,1,1, 29387
24,29389,1,1,1, 29390
8,29396,1,1,0, 29397
24,29399,1,1,0, 29400
8,29406,1,1,0, 29407
24,29409,1,1,1, 29410
16,29409,2,2,1, 29411
8,29416,1,1,0, 29417
24,29419,1,1,0, 29420
8,29426,1,1,0, 29427
24,29429,1,1,0, 29430
16,29429,2,2,1, 29431
8,29436,1,1,0, 29437
24,29439,1,1,1, 29440
16,29439,2,2,1, 29441
8,29446,1,1,0, 29447
24,29449,1,1,0, 29450
16,29449,2,2,1, 29451
8,29456,1,1,0, 29457
24,29459,1,1,0, 29460
15,29461,2,4,1, 29465
25,29465,2,2,1, 29467
1,29466,1,1,1, 29467
8,29466,1,1,1, 29467
24,29469,1,1,0, 29470
16,29469,2,2,1, 29471
7,29472,1,1,1, 29473
1,29476,1,1,1, 29477
8,29476,1,1,1, 29477
31,29476,2,2,1, 29478
24,29479,1,1,0, 29480
23,29478,3,3,1, 29481
16,29479,2,2,1, 29481
7,29482,1,1,1, 29483
1,29486,1,1,1, 29487
8,29486,1,1,0, 29487
24,29489,1,1,1, 29490
23,29488,3,3,1, 29491
16,29489,2,2,1, 29491
7,29492,1,1,0, 29493
15,29491,2,4,1, 29495
18,29493,4,4,1, 29497
1,29496,1,1,1, 29497
8,29496,1,1,0, 29497
9,29497,2,2,1, 29499
24,29499,1,1,1, 29500
16,29499,2,2,1, 29501
7,29502,1,1,0, 29503
15,29501,2,4,1, 29505
1,29506,1,1,1, 29507
8,29506,1,1,1, 29507
26,29507,3,3,1, 29510
24,29509,1,1,0, 29510
16,29509,2,2,1, 29511
7,29512,1,1,1, 29513
2,29513,2,2,1, 29515
25,29515,2,2,1, 29517
1,29516,1,1,0, 29517
8,29516,1,1,0, 29517
9,29517,2,2,1, 29519
24,29519,1,1,1, 29520
7,29522,1,1,1, 29523
18,29523,4,4,1, 29527
1,29526,1,1,1, 29527
8,29526,1,1,1, 29527
9,29527,2,2,1, 29529
26,29527,3,3,1, 29530
24,29529,1,1,0, 29530
16,29529,2,2,1, 29531
7,29532,1,1,0, 29533
1,29536,1,1,0, 29537
8,29536,1,1,1, 29537
24,29539,1,1,0, 29540
16,29539,2,2,1, 29541
17,29539,3,3,1, 29542
7,29542,1,1,1, 29543
2,29543,2,2,1, 29545
25,29545,2,2,1, 29547
1,29546,1,1,1, 29547
8,29546,1,1,0, 29547
9,29547,2,2,1, 29549
3,29547,3,3,1, 29550
24,29549,1,1,0, 29550
17,29549,3,3,1, 29552
6,29550,2,2,1, 29552
7,29552,1,1,0, 29553
2,29553,2,2,1, 29555
27,29552,4,4,1, 29556
1,29556,1,1,1, 29557
8,29556,1,1,0, 29557
9,29557,2,2,1, 29559
24,29559,1,1,1, 29560
7,29562,1,1,1, 29563
8,29566,1,1,0, 29567
22,29566,4,4,1, 29570
24,29569,1,1,1, 29570
16,29569,2,2,1, 29571
7,29572,1,1,1, 29573
30,29573,3,3,1, 29576
8,29576,1,1,1, 29577
24,29579,1,1,1, 29580
16,29579,2,2,1, 29581
7,29582,1,1,1, 29583
8,29586,1,1,0, 29587
22,29586,4,4,1, 29590
24,29589,1,1,1, 29590
7,29592,1,1,1, 29593
30,29593,3,3,1, 29596
8,29596,1,1,1, 29597
24,29599,1,1,0, 29600
7,29602,1,1,1, 29603
8,29606,1,1,0, 29607
24,29609,1,1,1, 29610
16,29609,2,2,1, 29611
7,29612,1,1,1, 29613
8,29616,1,1,0, 29617
31,29616,2,2,1, 29618
22,29616,4,4,1, 29620
24,29619,1,1,0, 29620
6,29620,2,2,1, 29622
7,29622,1,1,0, 29623
8,29626,1,1,0, 29627
22,29626,4,4,1, 29630
5,29627,3,3,1, 29630
24,29629,1,1,1, 29630
23,29628,3,3,1, 29631
6,29630,2,2,1, 29632
7,29632,1,1,1, 29633
30,29633,3,3,1, 29636
8,29636,1,1,1, 29637
31,29636,2,2,1, 29638
22,29636,4,4,1, 29640
5,29637,3,3,1, 29640
24,29639,1,1,1, 29640
6,29640,2,2,1, 29642
8,29646,1,1,0, 29647
24,29649,1,1,1, 29650
16,29649,2,2,1, 29651
8,29656,1,1,0, 29657
24,29659,1,1,1, 29660
8,29666,1,1,0, 29667
9,29667,2,2,1, 29669
24,29669,1,1,1, 29670
17,29669,3,3,1, 29672
1,29676,1,1,1, 29677
8,29676,1,1,1, 29677
9,29677,2,2,1, 29679
24,29679,1,1,0, 29680
16,29679,2,2,1, 29681
17,29679,3,3,1, 29682
25,29685,2,2,1, 29687
1,29686,1,1,1, 29687
8,29686,1,1,0, 29687
24,29689,1,1,0, 29690
16,29689,2,2,1, 29691
1,29696,1,1,0, 29697
8,29696,1,1,0, 29697
24,29699,1,1,1, 29700
1,29706,1,1,1, 29707
8,29706,1,1,0, 29707
24,29709,1,1,0, 29710
1,29716,1,1,0, 29717
8,29716,1,1,0, 29717
26,29717,3,3,1, 29720
24,29719,1,1,0, 29720
2,29723,2,2,1, 29725
25,29725,2,2,1, 29727
1,29726,1,1,0, 29727
8,29726,1,1,0, 29727
24,29729,1,1,1, 29730
16,29729,2,2,1, 29731
2,29733,2,2,1, 29735
1,29736,1,1,0, 29737
8,29736,1,1,0, 29737
24,29739,1,1,0, 29740
16,29739,2,2,1, 29741
25,29745,2,2,1, 29747
1,29746,1,1,0, 29747
8,29746,1,1,0, 29747
31,29746,2,2,1, 29748
24,29749,1,1,1, 29750
16,29749,2,2,1, 29751
7,29752,1,1,1, 29753
15,29751,2,4,1, 29755
2,29753,2,2,1, 29755
18,29753,4,4,1, 29757
1,29756,1,1,1, 29757
8,29756,1,1,1, 29757
31,29756,2,2,1, 29758
24,29759,1,1,0, 29760
16,29759,2,2,1, 29761
7,29762,1,1,0, 29763
2,29763,2,2,1, 29765
18,29763,4,4,1, 29767
1,29766,1,1,0, 29767
8,29766,1,1,0, 29767
26,29767,3,3,1, 29770
24,29769,1,1,1, 29770
23,29768,3,3,1, 29771
29,29768,4,4,1, 29772
7,29772,1,1,0, 29773
15,29771,2,4,1, 29775
25,29775,2,2,1, 29777
1,29776,1,1,0, 29777
8,29776,1,1,1, 29777
4,29776,4,4,1, 29780
24,29779,1,1,0, 29780
16,29779,2,2,1, 29781
14,29779,3,3,1, 29782
6,29780,2,2,1, 29782
13,29779,4,4,1, 29783
7,29782,1,1,0, 29783
2,29783,2,2,1, 29785
27,29782,4,4,1, 29786
18,29783,4,4,1, 29787
25,29785,2,2,1, 29787
8,29786,1,1,0, 29787
31,29786,2,2,1, 29788
5,29787,3,3,1, 29790
24,29789,1,1,1, 29790
23,29788,3,3,1, 29791
29,29788,4,4,1, 29792
14,29789,3,3,1, 29792
6,29790,2,2,1, 29792
13,29789,4,4,1, 29793
7,29792,1,1,1, 29793
8,29796,1,1,1, 29797
5,29797,3,3,1, 29800
24,29799,1,1,1, 29800
16,29799,2,2,1, 29801
8,29806,1,1,0, 29807
24,29809,1,1,0, 29810
8,29816,1,1,1, 29817
24,29819,1,1,0, 29820
8,29826,1,1,0, 29827
24,29829,1,1,0, 29830
16,29829,2,2,1, 29831
8,29836,1,1,1, 29837
24,29839,1,1,0, 29840
16,29839,2,2,1, 29841
8,29846,1,1,1, 29847
24,29849,1,1,1, 29850
16,29849,2,2,1, 29851
8,29856,1,1,0, 29857
24,29859,1,1,1, 29860
16,29859,2,2,1, 29861
8,29866,1,1,0, 29867
24,29869,1,1,0, 29870
16,29869,2,2,1, 29871
8,29876,1,1,0, 29877
24,29879,1,1,0, 29880
16,29879,2,2,1, 29881
8,29886,1,1,0, 29887
24,29889,1,1,1, 29890
25,29895,2,2,1, 29897
1,29896,1,1,0, 29897
8,29896,1,1,1, 29897
24,29899,1,1,1, 29900
7,29902,1,1,0, 29903
25,29905,2,2,1, 29907
1,29906,1,1,0, 29907
8,29906,1,1,0, 29907
31,29906,2,2,1, 29908
24,29909,1,1,0, 29910
23,29908,3,3,1, 29911
16,29909,2,2,1, 29911
17,29909,3,3,1, 29912
7,29912,1,1,0, 29913
15,29911,2,4,1, 29915
1,29916,1,1,0, 29917
8,29916,1,1,1, 29917
9,29917,2,2,1, 29919
24,29919,1,1,0, 29920
7,29922,1,1,1, 29923
15,29921,2,4,1, 29925
1,29926,1,1,0, 29927
8,29926,1,1,0, 29927
24,29929,1,1,0, 29930
23,29928,3,3,1, 29931
7,29932,1,1,0, 29933
2,29933,2,2,1, 29935
27,29932,4,4,1, 29936
25,29935,2,2,1, 29937
1,29936,1,1,0, 29937
8,29936,1,1,0, 29937
11,29934,4,4,1, 29938
9,29937,2,2,1, 29939
26,29937,3,3,1, 29940
24,29939,1,1,0, 29940
19,29936,5,5,1, 29941
16,29939,2,2,1, 29941
7,29942,1,1,1, 29943
1,29946,1,1,1, 29947
8,29946,1,1,1, 29947
3,29947,3,3,1, 29950
26,29947,3,3,1, 29950
24,29949,1,1,1, 29950
16,29949,2,2,1, 29951
7,29952,1,1,0, 29953
27,29952,4,4,1, 29956
1,29956,1,1,0, 29957
8,29956,1,1,1, 29957
9,29957,2,2,1, 29959
24,29959,1,1,1, 29960
16,29959,2,2,1, 29961
17,29959,3,3,1, 29962
7,29962,1,1,1, 29963
2,29963,2,2,1, 29965
25,29965,2,2,1, 29967
8,29966,1,1,1, 29967
24,29969,1,1,0, 29970
16,29969,2,2,1, 29971
7,29972,1,1,1, 29973
8,29976,1,1,1, 29977
22,29976,4,4,1, 29980
5,29977,3,3,1, 29980
24,29979,1,1,0, 29980
21,29977,5,5,1, 29982
29,29978,4,4,1, 29982
13,29979,4,4,1, 29983
7,29982,1,1,0, 29983
8,29986,1,1,0, 29987
5,29987,3,3,1, 29990
24,29989,1,1,0, 29990
16,29989,2,2,1, 29991
21,29987,5,5,1, 29992
14,29989,3,3,1, 29992
6,29990,2,2,1, 29992
7,29992,1,1,1, 29993
8,29996,1,1,0, 29997
5,29997,3,3,1, 30000
24,29999,1,1,1, 30000
16,29999,2,2,1, 30001
14,29999,3,3,1, 30002
7,30002,1,1,0, 30003
30,30003,3,3,1, 30006
8,30006,1,1,1, 30007
7,30012,1,1,1, 30013
30,30013,3,3,1, 30016
8,30016,1,1,0, 30017
14,30019,3,3,1, 30022
6,30020,2,2,1, 30022
8,30026,1,1,0, 30027
8,30036,1,1,1, 30037
8,30046,1,1,0, 30047
8,30056,1,1,1, 30057
8,30066,1,1,0, 30067
17,30069,3,3,1, 30072
1,30076,1,1,0, 30077
8,30076,1,1,1, 30077
25,30085,2,2,1, 30087
1,30086,1,1,0, 30087
8,30086,1,1,0, 30087
17,30089,3,3,1, 30092
25,30095,2,2,1, 30097
1,30096,1,1,1, 30097
8,30096,1,1,0, 30097
9,30097,2,2,1, 30099
1,30106,1,1,0, 30107
8,30106,1,1,0, 30107
9,30107,2,2,1, 30109
24,30109,1,1,1, 30110
16,30109,2,2,1, 30111
2,30113,2,2,1, 30115
18,30113,4,4,1, 30117
1,30116,1,1,0, 30117
8,30116,1,1,0, 30117
11,30114,4,4,1, 30118
3,30117,3,3,1, 30120
24,30119,1,1,1, 30120
19,30116,5,5,1, 30121
16,30119,2,2,1, 30121
2,30123,2,2,1, 30125
1,30126,1,1,0, 30127
8,30126,1,1,1, 30127
24,30129,1,1,1, 30130
16,30129,2,2,1, 30131
7,30132,1,1,0, 30133
2,30133,2,2,1, 30135
27,30132,4,4,1, 30136
25,30135,2,2,1, 30137
1,30136,1,1,0, 30137
8,30136,1,1,1, 30137
31,30136,2,2,1, 30138
9,30137,2,2,1, 30139
24,30139,1,1,0, 30140
16,30139,2,2,1, 30141
17,30139,3,3,1, 30142
7,30142,1,1,1, 30143
30,30143,3,3,1, 30146
8,30146,1,1,0, 30147
31,30146,2,2,1, 30148
24,30149,1,1,0, 30150
21,30147,5,5,1, 30152
29,30148,4,4,1, 30152
14,30149,3,3,1, 30152
6,30150,2,2,1, 30152
13,30149,4,4,1, 30153
7,30152,1,1,1, 30153
8,30156,1,1,1, 30157
31,30156,2,2,1, 30158
24,30159,1,1,0, 30160
16,30159,2,2,1, 30161
14,30159,3,3,1, 30162
7,30162,1,1,1, 30163
30,30163,3,3,1, 30166
8,30166,1,1,1, 30167
31,30166,2,2,1, 30168
24,30169,1,1,0, 30170
14,30169,3,3,1, 30172
6,30170,2,2,1, 30172
13,30169,4,4,1, 30173
7,30172,1,1,1, 30173
8,30176,1,1,0, 30177
22,30176,4,4,1, 30180
24,30179,1,1,1, 30180
16,30179,2,2,1, 30181
6,30180,2,2,1, 30182
13,30179,4,4,1, 30183
8,30186,1,1,0, 30187
24,30189,1,1,1, 30190
8,30196,1,1,1, 30197
24,30199,1,1,1, 30200
8,30206,1,1,0, 30207
24,30209,1,1,0, 30210
16,30209,2,2,1, 30211
8,30216,1,1,0, 30217
24,30219,1,1,0, 30220
8,30226,1,1,1, 30227
24,30229,1,1,0, 30230
16,30229,2,2,1, 30231
8,30236,1,1,1, 30237
24,30239,1,1,0, 30240
25,30245,2,2,1, 30247
1,30246,1,1,1, 30247
8,30246,1,1,0, 30247
24,30249,1,1,0, 30250
17,30249,3,3,1, 30252
1,30256,1,1,0, 30257
8,30256,1,1,0, 30257
24,30259,1,1,0, 30260
17,30259,3,3,1, 30262
25,30265,2,2,1, 30267
1,30266,1,1,0, 30267
8,30266,1,1,1, 30267
24,30269,1,1,0, 30270
17,30269,3,3,1, 30272
25,30275,2,2,1, 30277
1,30276,1,1,0, 30277
8,30276,1,1,1, 30277
9,30277,2,2,1, 30279
24,30279,1,1,0, 30280
16,30279,2,2,1, 30281
17,30279,3,3,1, 30282
25,30285,2,2,1, 30287
1,30286,1,1,0, 30287
8,30286,1,1,0, 30287
24,30289,1,1,0, 30290
7,30292,1,1,1, 30293
15,30291,2,4,1, 30295
1,30296,1,1,0, 30297
8,30296,1,1,0, 30297
31,30296,2,2,1, 30298
9,30297,2,2,1, 30299
26,30297,3,3,1, 30300
24,30299,1,1,1, 30300
23,30298,3,3,1, 30301
16,30299,2,2,1, 30301
17,30299,3,3,1, 30302
7,30302,1,1,0, 30303
2,30303,2,2,1, 30305
18,30303,4,4,1, 30307
1,30306,1,1,1, 30307
8,30306,1,1,1, 30307
9,30307,2,2,1, 30309
26,30307,3,3,1, 30310
24,30309,1,1,0, 30310
23,30308,3,3,1, 30311
17,30309,3,3,1, 30312
7,30312,1,1,0, 30313
25,30315,2,2,1, 30317
8,30316,1,1,0, 30317
31,30316,2,2,1, 30318
24,30319,1,1,0, 30320
23,30318,3,3,1, 30321
16,30319,2,2,1, 30321
21,30317,5,5,1, 30322
14,30319,3,3,1, 30322
6,30320,2,2,1, 30322
7,30322,1,1,0, 30323
8,30326,1,1,0, 30327
31,30326,2,2,1, 30328
5,30327,3,3,1, 30330
24,30329,1,1,0, 30330
23,30328,3,3,1, 30331
16,30329,2,2,1, 30331
6,30330,2,2,1, 30332
13,30329,4,4,1, 30333
7,30332,1,1,1, 30333
8,30336,1,1,1, 30337
31,30336,2,2,1, 30338
5,30337,3,3,1, 30340
24,30339,1,1,1, 30340
8,30346,1,1,0, 30347
24,30349,1,1,1, 30350
8,30356,1,1,1, 30357
24,30359,1,1,1, 30360
16,30359,2,2,1, 30361
8,30366,1,1,1, 30367
24,30369,1,1,1, 30370
8,30376,1,1,0, 30377
24,30379,1,1,1, 30380
8,30386,1,1,1, 30387
24,30389,1,1,0, 30390
8,30396,1,1,0, 30397
24,30399,1,1,1, 30400
16,30399,2,2,1, 30401
8,30406,1,1,0, 30407
24,30409,1,1,0, 30410
8,30416,1,1,1, 30417
24,30419,1,1,0, 30420
1,30426,1,1,1, 30427
8,30426,1,1,1, 30427
24,30429,1,1,0, 30430
1,30436,1,1,0, 30437
8,30436,1,1,1, 30437
24,30439,1,1,0, 30440
16,30439,2,2,1, 30441
7,30442,1,1,1, 30443
25,30445,2,2,1, 30447
1,30446,1,1,1, 30447
8,30446,1,1,0, 30447
24,30449,1,1,1, 30450
16,30449,2,2,1, 30451
7,30452,1,1,0, 30453
25,30455,2,2,1, 30457
1,30456,1,1,1, 30457
8,30456,1,1,0, 30457
24,30459,1,1,0, 30460
7,30462,1,1,0, 30463
2,30463,2,2,1, 30465
18,30463,4,4,1, 30467
1,30466,1,1,1, 30467
8,30466,1,1,1, 30467
31,30466,2,2,1, 30468
9,30467,2,2,1, 30469
24,30469,1,1,1, 30470
23,30468,3,3,1, 30471
17,30469,3,3,1, 30472
7,30472,1,1,0, 30473
2,30473,2,2,1, 30475
18,30473,4,4,1, 30477
25,30475,2,2,1, 30477
1,30476,1,1,1, 30477
8,30476,1,1,0, 30477
31,30476,2,2,1, 30478
26,30477,3,3,1, 30480
24,30479,1,1,0, 30480
7,30482,1,1,0, 30483
15,30481,2,4,1, 30485
2,30483,2,2,1, 30485
18,30483,4,4,1, 30487
1,30486,1,1,1, 30487
8,30486,1,1,1, 30487
31,30486,2,2,1, 30488
9,30487,2,2,1, 30489
26,30487,3,3,1, 30490
24,30489,1,1,0, 30490
23,30488,3,3,1, 30491
7,30492,1,1,1, 30493
15,30491,2,4,1, 30495
2,30493,2,2,1, 30495
18,30493,4,4,1, 30497
1,30496,1,1,1, 30497
8,30496,1,1,0, 30497
31,30496,2,2,1, 30498
9,30497,2,2,1, 30499
24,30499,1,1,0, 30500
7,30502,1,1,0, 30503
15,30501,2,4,1, 30505
8,30506,1,1,0, 30507
22,30506,4,4,1, 30510
24,30509,1,1,1, 30510
16,30509,2,2,1, 30511
14,30509,3,3,1, 30512
13,30509,4,4,1, 30513
7,30512,1,1,0, 30513
30,30513,3,3,1, 30516
8,30516,1,1,0, 30517
31,30516,2,2,1, 30518
24,30519,1,1,1, 30520
16,30519,2,2,1, 30521
6,30520,2,2,1, 30522
13,30519,4,4,1, 30523
7,30522,1,1,0, 30523
8,30526,1,1,1, 30527
31,30526,2,2,1, 30528
22,30526,4,4,1, 30530
24,30529,1,1,1, 30530
16,30529,2,2,1, 30531
8,30536,1,1,0, 30537
24,30539,1,1,0, 30540
8,30546,1,1,1, 30547
24,30549,1,1,0, 30550
16,30549,2,2,1, 30551
8,30556,1,1,0, 30557
24,30559,1,1,1, 30560
16,30559,2,2,1, 30561
8,30566,1,1,1, 30567
24,30569,1,1,1, 30570
8,30576,1,1,1, 30577
24,30579,1,1,0, 30580
16,30579,2,2,1, 30581
8,30586,1,1,0, 30587
24,30589,1,1,1, 30590
8,30596,1,1,1, 30597
24,30599,1,1,0, 30600
16,30599,2,2,1, 30601
1,30606,1,1,1, 30607
8,30606,1,1,1, 30607
9,30607,2,2,1, 30609
24,30609,1,1,0, 30610
17,30609,3,3,1, 30612
1,30616,1,1,1, 30617
8,30616,1,1,0, 30617
9,30617,2,2,1, 30619
24,30619,1,1,1, 30620
16,30619,2,2,1, 30621
1,30626,1,1,0, 30627
8,30626,1,1,1, 30627
9,30627,2,2,1, 30629
24,30629,1,1,0, 30630
25,30635,2,2,1, 30637
1,30636,1,1,1, 30637
8,30636,1,1,1, 30637
9,30637,2,2,1, 30639
24,30639,1,1,0, 30640
23,30638,3,3,1, 30641
16,30639,2,2,1, 30641
7,30642,1,1,1, 30643
15,30641,2,4,1, 30645
18,30643,4,4,1, 30647
25,30645,2,2,1, 30647
1,30646,1,1,0, 30647
8,30646,1,1,0, 30647
31,30646,2,2,1, 30648
9,30647,2,2,1, 30649
24,30649,1,1,0, 30650
23,30648,3,3,1, 30651
16,30649,2,2,1, 30651
17,30649,3,3,1, 30652
7,30652,1,1,0, 30653
15,30651,2,4,1, 30655
2,30653,2,2,1, 30655
1,30656,1,1,0, 30657
8,30656,1,1,1, 30657
31,30656,2,2,1, 30658
9,30657,2,2,1, 30659
26,30657,3,3,1, 30660
24,30659,1,1,0, 30660
23,30658,3,3,1, 30661
16,30659,2,2,1, 30661
17,30659,3,3,1, 30662
7,30662,1,1,0, 30663
18,30663,4,4,1, 30667
1,30666,1,1,1, 30667
8,30666,1,1,1, 30667
9,30667,2,2,1, 30669
24,30669,1,1,0, 30670
7,30672,1,1,1, 30673
8,30676,1,1,1, 30677
31,30676,2,2,1, 30678
24,30679,1,1,1, 30680
16,30679,2,2,1, 30681
29,30678,4,4,1, 30682
6,30680,2,2,1, 30682
13,30679,4,4,1, 30683
7,30682,1,1,0, 30683
30,30683,3,3,1, 30686
8,30686,1,1,1, 30687
22,30686,4,4,1, 30690
5,30687,3,3,1, 30690
24,30689,1,1,1, 30690
23,30688,3,3,1, 30691
16,30689,2,2,1, 30691
7,30692,1,1,0, 30693
15,30691,2,4,1, 30695
30,30693,3,3,1, 30696
8,30696,1,1,0, 30697
24,30699,1,1,0, 30700
16,30699,2,2,1, 30701
8,30706,1,1,0, 30707
24,30709,1,1,0, 30710
8,30716,1,1,0, 30717
24,30719,1,1,0, 30720
16,30719,2,2,1, 30721
8,30726,1,1,1, 30727
24,30729,1,1,1, 30730
8,30736,1,1,1, 30737
24,30739,1,1,0, 30740
16,30739,2,2,1, 30741
8,30746,1,1,1, 30747
24,30749,1,1,1, 30750
16,30749,2,2,1, 30751
8,30756,1,1,0, 30757
24,30759,1,1,1, 30760
8,30766,1,1,0, 30767
24,30769,1,1,0, 30770
1,30776,1,1,0, 30777
8,30776,1,1,1, 30777
9,30777,2,2,1, 30779
24,30779,1,1,0, 30780
17,30779,3,3,1, 30782
25,30785,2,2,1, 30787
1,30786,1,1,0, 30787
8,30786,1,1,1, 30787
24,30789,1,1,1, 30790
1,30796,1,1,0, 30797
8,30796,1,1,1, 30797
9,30797,2,2,1, 30799
24,30799,1,1,0, 30800
17,30799,3,3,1, 30802
7,30802,1,1,1, 30803
1,30806,1,1,1, 30807
8,30806,1,1,0, 30807
9,30807,2,2,1, 30809
24,30809,1,1,1, 30810
16,30809,2,2,1, 30811
17,30809,3,3,1, 30812
7,30812,1,1,1, 30813
25,30815,2,2,1, 30817
1,30816,1,1,0, 30817
8,30816,1,1,1, 30817
9,30817,2,2,1, 30819
24,30819,1,1,1, 30820
7,30822,1,1,0, 30823
25,30825,2,2,1, 30827
1,30826,1,1,0, 30827
8,30826,1,1,1, 30827
9,30827,2,2,1, 30829
24,30829,1,1,0, 30830
16,30829,2,2,1, 30831
14,30829,3,3,1, 30832
7,30832,1,1,1, 30833
1,30836,1,1,0, 30837
8,30836,1,1,1, 30837
22,30836,4,4,1, 30840
24,30839,1,1,1, 30840
16,30839,2,2,1, 30841
13,30839,4,4,1, 30843
7,30842,1,1,0, 30843
1,30846,1,1,1, 30847
8,30846,1,1,1, 30847
9,30847,2,2,1, 30849
24,30849,1,1,1, 30850
16,30849,2,2,1, 30851
6,30850,2,2,1, 30852
7,30852,1,1,0, 30853
25,30855,2,2,1, 30857
1,30856,1,1,1, 30857
8,30856,1,1,1, 30857
31,30856,2,2,1, 30858
24,30859,1,1,1, 30860
23,30858,3,3,1, 30861
14,30859,3,3,1, 30862
6,30860,2,2,1, 30862
13,30859,4,4,1, 30863
7,30862,1,1,0, 30863
2,30863,2,2,1, 30865
1,30866,1,1,1, 30867
8,30866,1,1,1, 30867
24,30869,1,1,1, 30870
23,30868,3,3,1, 30871
29,30868,4,4,1, 30872
17,30869,3,3,1, 30872
7,30872,1,1,1, 30873
15,30871,2,4,1, 30875
2,30873,2,2,1, 30875
25,30875,2,2,1, 30877
1,30876,1,1,1, 30877
8,30876,1,1,0, 30877
31,30876,2,2,1, 30878
5,30877,3,3,1, 30880
24,30879,1,1,1, 30880
16,30879,2,2,1, 30881
21,30877,5,5,1, 30882
29,30878,4,4,1, 30882
17,30879,3,3,1, 30882
6,30880,2,2,1, 30882
13,30879,4,4,1, 30883
7,30882,1,1,0, 30883
15,30881,2,4,1, 30885
8,30886,1,1,0, 30887
24,30889,1,1,0, 30890
8,30896,1,1,1, 30897
24,30899,1,1,1, 30900
16,30899,2,2,1, 30901
8,30906,1,1,0, 30907
24,30909,1,1,1, 30910
16,30909,2,2,1, 30911
8,30916,1,1,0, 30917
24,30919,1,1,0, 30920
16,30919,2,2,1, 30921
8,30926,1,1,1, 30927
24,30929,1,1,1, 30930
16,30929,2,2,1, 30931
8,30936,1,1,0, 30937
24,30939,1,1,0, 30940
8,30946,1,1,1, 30947
24,30949,1,1,1, 30950
16,30949,2,2,1, 30951
8,30956,1,1,1, 30957
24,30959,1,1,0, 30960
16,30959,2,2,1, 30961
8,30966,1,1,1, 30967
24,30969,1,1,0, 30970
8,30976,1,1,0, 30977
24,30979,1,1,0, 30980
8,30986,1,1,1, 30987
3,30987,3,3,1, 30990
24,30989,1,1,1, 30990
17,30989,3,3,1, 30992
27,30992,4,4,1, 30996
1,30996,1,1,0, 30997
8,30996,1,1,0, 30997
9,30997,2,2,1, 30999
26,30997,3,3,1, 31000
24,30999,1,1,1, 31000
17,30999,3,3,1, 31002
7,31002,1,1,1, 31003
25,31005,2,2,1, 31007
1,31006,1,1,1, 31007
8,31006,1,1,0, 31007
11,31004,4,4,1, 31008
24,31009,1,1,1, 31010
23,31008,3,3,1, 31011
16,31009,2,2,1, 31011
7,31012,1,1,1, 31013
2,31013,2,2,1, 31015
30,31013,3,3,1, 31016
1,31016,1,1,1, 31017
8,31016,1,1,1, 31017
31,31016,2,2,1, 31018
22,31016,4,4,1, 31020
26,31017,3,3,1, 31020
24,31019,1,1,0, 31020
19,31016,5,5,1, 31021
23,31018,3,3,1, 31021
14,31019,3,3,1, 31022
17,31019,3,3,1, 31022
6,31020,2,2,1, 31022
7,31022,1,1,0, 31023
15,31021,2,4,1, 31025
2,31023,2,2,1, 31025
30,31023,3,3,1, 31026
25,31025,2,2,1, 31027
1,31026,1,1,0, 31027
8,31026,1,1,1, 31027
11,31024,4,4,1, 31028
31,31026,2,2,1, 31028
24,31029,1,1,0, 31030
23,31028,3,3,1, 31031
16,31029,2,2,1, 31031
21,31027,5,5,1, 31032
14,31029,3,3,1, 31032
13,31029,4,4,1, 31033
7,31032,1,1,0, 31033
8,31036,1,1,0, 31037
5,31037,3,3,1, 31040
24,31039,1,1,0, 31040
23,31038,3,3,1, 31041
16,31039,2,2,1, 31041
21,31037,5,5,1, 31042
8,31046,1,1,1, 31047
24,31049,1,1,1, 31050
8,31056,1,1,0, 31057
24,31059,1,1,0, 31060
16,31059,2,2,1, 31061
8,31066,1,1,1, 31067
24,31069,1,1,0, 31070
16,31069,2,2,1, 31071
8,31076,1,1,0, 31077
24,31079,1,1,1, 31080
16,31079,2,2,1, 31081
8,31086,1,1,1, 31087
8,31096,1,1,1, 31097
8,31106,1,1,1, 31107
8,31116,1,1,0, 31117
8,31126,1,1,0, 31127
17,31129,3,3,1, 31132
1,31136,1,1,0, 31137
8,31136,1,1,1, 31137
9,31137,2,2,1, 31139
17,31139,3,3,1, 31142
1,31146,1,1,1, 31147
8,31146,1,1,0, 31147
7,31152,1,1,1, 31153
2,31153,2,2,1, 31155
1,31156,1,1,0, 31157
8,31156,1,1,0, 31157
26,31157,3,3,1, 31160
23,31158,3,3,1, 31161
7,31162,1,1,0, 31163
2,31163,2,2,1, 31165
18,31163,4,4,1, 31167
1,31166,1,1,0, 31167
8,31166,1,1,0, 31167
26,31167,3,3,1, 31170
23,31168,3,3,1, 31171
7,31172,1,1,0, 31173
2,31173,2,2,1, 31175
25,31175,2,2,1, 31177
1,31176,1,1,0, 31177
8,31176,1,1,1, 31177
31,31176,2,2,1, 31178
22,31176,4,4,1, 31180
23,31178,3,3,1, 31181
14,31179,3,3,1, 31182
6,31180,2,2,1, 31182
13,31179,4,4,1, 31183
7,31182,1,1,1, 31183
15,31181,2,4,1, 31185
30,31183,3,3,1, 31186
18,31183,4,4,1, 31187
1,31186,1,1,1, 31187
8,31186,1,1,0, 31187
31,31186,2,2,1, 31188
28,31184,5,5,1, 31189
22,31186,4,4,1, 31190
26,31187,3,3,1, 31190
24,31189,1,1,1, 31190
23,31188,3,3,1, 31191
16,31189,2,2,1, 31191
13,31189,4,4,1, 31193
7,31192,1,1,1, 31193
12,31190,5,5,1, 31195
27,31192,4,4,1, 31196
30,31193,3,3,1, 31196
25,31195,2,2,1, 31197
1,31196,1,1,0, 31197
8,31196,1,1,1, 31197
11,31194,4,4,1, 31198
5,31197,3,3,1, 31200
24,31199,1,1,1, 31200
16,31199,2,2,1, 31201
13,31199,4,4,1, 31203
8,31206,1,1,0, 31207
24,31209,1,1,0, 31210
8,31216,1,1,1, 31217
24,31219,1,1,1, 31220
16,31219,2,2,1, 31221
8,31226,1,1,1, 31227
24,31229,1,1,0, 31230
8,31236,1,1,0, 31237
24,31239,1,1,0, 31240
16,31239,2,2,1, 31241
8,31246,1,1,1, 31247
24,31249,1,1,1, 31250
8,31256,1,1,0, 31257
24,31259,1,1,0, 31260
8,31266,1,1,0, 31267
24,31269,1,1,0, 31270
8,31276,1,1,1, 31277
24,31279,1,1,1, 31280
16,31279,2,2,1, 31281
8,31286,1,1,0, 31287
24,31289,1,1,0, 31290
8,31296,1,1,1, 31297
24,31299,1,1,1, 31300
17,31299,3,3,1, 31302
25,31305,2,2,1, 31307
1,31306,1,1,1, 31307
8,31306,1,1,0, 31307
24,31309,1,1,1, 31310
7,31312,1,1,1, 31313
2,31313,2,2,1, 31315
1,31316,1,1,0, 31317
8,31316,1,1,0, 31317
26,31317,3,3,1, 31320
24,31319,1,1,1, 31320
23,31318,3,3,1, 31321
7,31322,1,1,1, 31323
25,31325,2,2,1, 31327
1,31326,1,1,1, 31327
8,31326,1,1,1, 31327
11,31324,4,4,1, 31328
9,31327,2,2,1, 31329
3,31327,3,3,1, 31330
24,31329,1,1,1, 31330
23,31328,3,3,1, 31331
17,31329,3,3,1, 31332
7,31332,1,1,1, 31333
2,31333,2,2,1, 31335
27,31332,4,4,1, 31336
25,31335,2,2,1, 31337
1,31336,1,1,0, 31337
8,31336,1,1,0, 31337
31,31336,2,2,1, 31338
9,31337,2,2,1, 31339
24,31339,1,1,1, 31340
16,31339,2,2,1, 31341
17,31339,3,3,1, 31342
7,31342,1,1,1, 31343
2,31343,2,2,1, 31345
18,31343,4,4,1, 31347
1,31346,1,1,0, 31347
8,31346,1,1,0, 31347
31,31346,2,2,1, 31348
3,31347,3,3,1, 31350
24,31349,1,1,0, 31350
16,31349,2,2,1, 31351
7,31352,1,1,0, 31353
15,31351,2,4,1, 31355
8,31356,1,1,0, 31357
31,31356,2,2,1, 31358
5,31357,3,3,1, 31360
24,31359,1,1,1, 31360
23,31358,3,3,1, 31361
16,31359,2,2,1, 31361
21,31357,5,5,1, 31362
7,31362,1,1,1, 31363
30,31363,3,3,1, 31366
8,31366,1,1,1, 31367
22,31366,4,4,1, 31370
5,31367,3,3,1, 31370
24,31369,1,1,0, 31370
16,31369,2,2,1, 31371
29,31368,4,4,1, 31372
6,31370,2,2,1, 31372
7,31372,1,1,0, 31373
30,31373,3,3,1, 31376
8,31376,1,1,1, 31377
22,31376,4,4,1, 31380
5,31377,3,3,1, 31380
24,31379,1,1,0, 31380
21,31377,5,5,1, 31382
8,31386,1,1,0, 31387
24,31389,1,1,1, 31390
8,31396,1,1,0, 31397
24,31399,1,1,1, 31400
16,31399,2,2,1, 31401
8,31406,1,1,1, 31407
24,31409,1,1,1, 31410
8,31416,1,1,1, 31417
24,31419,1,1,1, 31420
8,31426,1,1,1, 31427
24,31429,1,1,1, 31430
16,31429,2,2,1, 31431
8,31436,1,1,1, 31437
24,31439,1,1,0, 31440
16,31439,2,2,1, 31441
8,31446,1,1,0, 31447
24,31449,1,1,1, 31450
16,31449,2,2,1, 31451
8,31456,1,1,1, 31457
24,31459,1,1,1, 31460
16,31459,2,2,1, 31461
1,31466,1,1,1, 31467
8,31466,1,1,1, 31467
9,31467,2,2,1, 31469
24,31469,1,1,1, 31470
16,31469,2,2,1, 31471
17,31469,3,3,1, 31472
1,31476,1,1,1, 31477
8,31476,1,1,0, 31477
24,31479,1,1,0, 31480
17,31479,3,3,1, 31482
1,31486,1,1,1, 31487
8,31486,1,1,1, 31487
9,31487,2,2,1, 31489
24,31489,1,1,0, 31490
23,31488,3,3,1, 31491
16,31489,2,2,1, 31491
17,31489,3,3,1, 31492
7,31492,1,1,1, 31493
15,31491,2,4,1, 31495
2,31493,2,2,1, 31495
18,31493,4,4,1, 31497
1,31496,1,1,0, 31497
8,31496,1,1,1, 31497
31,31496,2,2,1, 31498
24,31499,1,1,1, 31500
23,31498,3,3,1, 31501
7,31502,1,1,0, 31503
18,31503,4,4,1, 31507
1,31506,1,1,0, 31507
8,31506,1,1,0, 31507
9,31507,2,2,1, 31509
26,31507,3,3,1, 31510
24,31509,1,1,0, 31510
17,31509,3,3,1, 31512
7,31512,1,1,1, 31513
18,31513,4,4,1, 31517
1,31516,1,1,0, 31517
8,31516,1,1,0, 31517
5,31517,3,3,1, 31520
26,31517,3,3,1, 31520
24,31519,1,1,0, 31520
19,31516,5,5,1, 31521
16,31519,2,2,1, 31521
21,31517,5,5,1, 31522
17,31519,3,3,1, 31522
13,31519,4,4,1, 31523
7,31522,1,1,0, 31523
18,31523,4,4,1, 31527
25,31525,2,2,1, 31527
1,31526,1,1,1, 31527
8,31526,1,1,1, 31527
3,31527,3,3,1, 31530
5,31527,3,3,1, 31530
24,31529,1,1,0, 31530
16,31529,2,2,1, 31531
29,31528,4,4,1, 31532
14,31529,3,3,1, 31532
6,31530,2,2,1, 31532
13,31529,4,4,1, 31533
7,31532,1,1,0, 31533
8,31536,1,1,1, 31537
5,31537,3,3,1, 31540
24,31539,1,1,0, 31540
14,31539,3,3,1, 31542
13,31539,4,4,1, 31543
7,31542,1,1,1, 31543
8,31546,1,1,1, 31547
24,31549,1,1,1, 31550
29,31548,4,4,1, 31552
13,31549,4,4,1, 31553
7,31552,1,1,1, 31553
30,31553,3,3,1, 31556
8,31556,1,1,0, 31557
24,31559,1,1,0, 31560
16,31559,2,2,1, 31561
8,31566,1,1,1, 31567
24,31569,1,1,0, 31570
8,31576,1,1,1, 31577
24,31579,1,1,1, 31580
8,31586,1,1,1, 31587
24,31589,1,1,1, 31590
8,31596,1,1,1, 31597
24,31599,1,1,0, 31600
8,31606,1,1,0, 31607
24,31609,1,1,0, 31610
8,31616,1,1,1, 31617
24,31619,1,1,1, 31620
16,31619,2,2,1, 31621
8,31626,1,1,0, 31627
24,31629,1,1,0, 31630
16,31629,2,2,1, 31631
25,31635,2,2,1, 31637
1,31636,1,1,1, 31637
8,31636,1,1,0, 31637
24,31639,1,1,1, 31640
1,31646,1,1,0, 31647
8,31646,1,1,0, 31647
9,31647,2,2,1, 31649
24,31649,1,1,1, 31650
16,31649,2,2,1, 31651
17,31649,3,3,1, 31652
1,31656,1,1,0, 31657
8,31656,1,1,0, 31657
9,31657,2,2,1, 31659
24,31659,1,1,0, 31660
16,31659,2,2,1, 31661
17,31659,3,3,1, 31662
7,31662,1,1,1, 31663
15,31661,2,4,1, 31665
1,31666,1,1,0, 31667
8,31666,1,1,1, 31667
31,31666,2,2,1, 31668
9,31667,2,2,1, 31669
26,31667,3,3,1, 31670
24,31669,1,1,0, 31670
23,31668,3,3,1, 31671
16,31669,2,2,1, 31671
17,31669,3,3,1, 31672
7,31672,1,1,0, 31673
15,31671,2,4,1, 31675
2,31673,2,2,1, 31675
18,31673,4,4,1, 31677
25,31675,2,2,1, 31677
1,31676,1,1,1, 31677
8,31676,1,1,0, 31677
24,31679,1,1,1, 31680
16,31679,2,2,1, 31681
14,31679,3,3,1, 31682
17,31679,3,3,1, 31682
6,31680,2,2,1, 31682
13,31679,4,4,1, 31683
7,31682,1,1,0, 31683
2,31683,2,2,1, 31685
30,31683,3,3,1, 31686
18,31683,4,4,1, 31687
25,31685,2,2,1, 31687
1,31686,1,1,1, 31687
8,31686,1,1,1, 31687
22,31686,4,4,1, 31690
24,31689,1,1,1, 31690
16,31689,2,2,1, 31691
6,31690,2,2,1, 31692
7,31692,1,1,0, 31693
30,31693,3,3,1, 31696
18,31693,4,4,1, 31697
25,31695,2,2,1, 31697
1,31696,1,1,0, 31697
8,31696,1,1,0, 31697
9,31697,2,2,1, 31699
24,31699,1,1,1, 31700
7,31702,1,1,0, 31703
30,31703,3,3,1, 31706
8,31706,1,1,0, 31707
22,31706,4,4,1, 31710
24,31709,1,1,1, 31710
16,31709,2,2,1, 31711
7,31712,1,1,0, 31713
8,31716,1,1,0, 31717
5,31717,3,3,1, 31720
24,31719,1,1,0, 31720
7,31722,1,1,0, 31723
30,31723,3,3,1, 31726
8,31726,1,1,1, 31727
22,31726,4,4,1, 31730
5,31727,3,3,1, 31730
24,31729,1,1,0, 31730
16,31729,2,2,1, 31731
8,31736,1,1,0, 31737
24,31739,1,1,1, 31740
16,31739,2,2,1, 31741
8,31746,1,1,1, 31747
24,31749,1,1,0, 31750
8,31756,1,1,0, 31757
24,31759,1,1,0, 31760
8,31766,1,1,0, 31767
24,31769,1,1,1, 31770
16,31769,2,2,1, 31771
8,31776,1,1,1, 31777
24,31779,1,1,1, 31780
8,31786,1,1,1, 31787
24,31789,1,1,0, 31790
16,31789,2,2,1, 31791
8,31796,1,1,1, 31797
24,31799,1,1,0, 31800
16,31799,2,2,1, 31801
8,31806,1,1,1, 31807
24,31809,1,1,1, 31810
25,31815,2,2,1, 31817
1,31816,1,1,0, 31817
8,31816,1,1,1, 31817
24,31819,1,1,0, 31820
25,31825,2,2,1, 31827
1,31826,1,1,0, 31827
8,31826,1,1,0, 31827
24,31829,1,1,0, 31830
16,31829,2,2,1, 31831
7,31832,1,1,0, 31833
1,31836,1,1,0, 31837
8,31836,1,1,0, 31837
31,31836,2,2,1, 31838
9,31837,2,2,1, 31839
24,31839,1,1,1, 31840
16,31839,2,2,1, 31841
7,31842,1,1,1, 31843
1,31846,1,1,1, 31847
8,31846,1,1,1, 31847
22,31846,4,4,1, 31850
24,31849,1,1,0, 31850
23,31848,3,3,1, 31851
17,31849,3,3,1, 31852
6,31850,2,2,1, 31852
7,31852,1,1,0, 31853
15,31851,2,4,1, 31855
30,31853,3,3,1, 31856
18,31853,4,4,1, 31857
25,31855,2,2,1, 31857
1,31856,1,1,1, 31857
8,31856,1,1,0, 31857
31,31856,2,2,1, 31858
26,31857,3,3,1, 31860
24,31859,1,1,0, 31860
23,31858,3,3,1, 31861
14,31859,3,3,1, 31862
6,31860,2,2,1, 31862
13,31859,4,4,1, 31863
7,31862,1,1,0, 31863
15,31861,2,4,1, 31865
2,31863,2,2,1, 31865
30,31863,3,3,1, 31866
1,31866,1,1,0, 31867
8,31866,1,1,1, 31867
31,31866,2,2,1, 31868
22,31866,4,4,1, 31870
26,31867,3,3,1, 31870
24,31869,1,1,1, 31870
17,31869,3,3,1, 31872
18,31873,4,4,1, 31877
1,31876,1,1,0, 31877
8,31876,1,1,1, 31877
24,31879,1,1,1, 31880
16,31879,2,2,1, 31881
18,31883,4,4,1, 31887
1,31886,1,1,0, 31887
8,31886,1,1,0, 31887
3,31887,3,3,1, 31890
24,31889,1,1,1, 31890
16,31889,2,2,1, 31891
27,31892,4,4,1, 31896
25,31895,2,2,1, 31897
1,31896,1,1,0, 31897
8,31896,1,1,0, 31897
9,31897,2,2,1, 31899
26,31897,3,3,1, 31900
24,31899,1,1,1, 31900
2,31903,2,2,1, 31905
27,31902,4,4,1, 31906
1,31906,1,1,0, 31907
8,31906,1,1,0, 31907
20,31903,6,6,1, 31909
24,31909,1,1,1, 31910
8,31916,1,1,0, 31917
24,31919,1,1,1, 31920
8,31926,1,1,1, 31927
24,31929,1,1,0, 31930
8,31936,1,1,0, 31937
24,31939,1,1,1, 31940
16,31939,2,2,1, 31941
8,31946,1,1,0, 31947
24,31949,1,1,0, 31950
8,31956,1,1,1, 31957
24,31959,1,1,1, 31960
16,31959,2,2,1, 31961
8,31966,1,1,0, 31967
24,31969,1,1,0, 31970
16,31969,2,2,1, 31971
7,31972,1,1,0, 31973
8,31976,1,1,1, 31977
31,31976,2,2,1, 31978
24,31979,1,1,1, 31980
16,31979,2,2,1, 31981
7,31982,1,1,1, 31983
8,31986,1,1,0, 31987
24,31989,1,1,1, 31990
23,31988,3,3,1, 31991
16,31989,2,2,1, 31991
7,31992,1,1,0, 31993
15,31991,2,4,1, 31995
8,31996,1,1,0, 31997
31,31996,2,2,1, 31998
24,31999,1,1,1, 32000
23,31998,3,3,1, 32001
7,32002,1,1,1, 32003
8,32006,1,1,1, 32007
24,32009,1,1,0, 32010
16,32009,2,2,1, 32011
7,32012,1,1,0, 32013
25,32015,2,2,1, 32017
1,32016,1,1,1, 32017
8,32016,1,1,0, 32017
31,32016,2,2,1, 32018
24,32019,1,1,0, 32020
23,32018,3,3,1, 32021
7,32022,1,1,1, 32023
18,32023,4,4,1, 32027
25,32025,2,2,1, 32027
1,32026,1,1,1, 32027
8,32026,1,1,1, 32027
31,32026,2,2,1, 32028
5,32027,3,3,1, 32030
26,32027,3,3,1, 32030
24,32029,1,1,1, 32030
23,32028,3,3,1, 32031
16,32029,2,2,1, 32031
21,32027,5,5,1, 32032
29,32028,4,4,1, 32032
17,32029,3,3,1, 32032
6,32030,2,2,1, 32032
7,32032,1,1,1, 32033
1,32036,1,1,1, 32037
8,32036,1,1,0, 32037
5,32037,3,3,1, 32040
26,32037,3,3,1, 32040
24,32039,1,1,0, 32040
23,32038,3,3,1, 32041
6,32040,2,2,1, 32042
18,32043,4,4,1, 32047
25,32045,2,2,1, 32047
1,32046,1,1,0, 32047
8,32046,1,1,0, 32047
9,32047,2,2,1, 32049
3,32047,3,3,1, 32050
26,32047,3,3,1, 32050
24,32049,1,1,0, 32050
17,32049,3,3,1, 32052
27,32052,4,4,1, 32056
18,32053,4,4,1, 32057
25,32055,2,2,1, 32057
1,32056,1,1,0, 32057
8,32056,1,1,1, 32057
28,32054,5,5,1, 32059
24,32059,1,1,1, 32060
16,32059,2,2,1, 32061
8,32066,1,1,0, 32067
24,32069,1,1,0, 32070
16,32069,2,2,1, 32071
8,32076,1,1,0, 32077
24,32079,1,1,1, 32080
16,32079,2,2,1, 32081
8,32086,1,1,1, 32087
24,32089,1,1,1, 32090
16,32089,2,2,1, 32091
8,32096,1,1,1, 32097
24,32099,1,1,1, 32100
16,32099,2,2,1, 32101
8,32106,1,1,0, 32107
24,32109,1,1,0, 32110
16,32109,2,2,1, 32111
8,32116,1,1,1, 32117
24,32119,1,1,0, 32120
8,32126,1,1,0, 32127
24,32129,1,1,1, 32130
8,32136,1,1,1, 32137
24,32139,1,1,0, 32140
16,32139,2,2,1, 32141
30,32143,3,3,1, 32146
8,32146,1,1,0, 32147
24,32149,1,1,1, 32150
29,32148,4,4,1, 32152
6,32150,2,2,1, 32152
7,32152,1,1,0, 32153
8,32156,1,1,1, 32157
22,32156,4,4,1, 32160
24,32159,1,1,1, 32160
16,32159,2,2,1, 32161
29,32158,4,4,1, 32162
7,32162,1,1,1, 32163
1,32166,1,1,0, 32167
8,32166,1,1,1, 32167
24,32169,1,1,0, 32170
16,32169,2,2,1, 32171
7,32172,1,1,0, 32173
18,32173,4,4,1, 32177
1,32176,1,1,0, 32177
8,32176,1,1,0, 32177
26,32177,3,3,1, 32180
17,32179,3,3,1, 32182
7,32182,1,1,1, 32183
2,32183,2,2,1, 32185
18,32183,4,4,1, 32187
25,32185,2,2,1, 32187
1,32186,1,1,1, 32187
8,32186,1,1,0, 32187
26,32187,3,3,1, 32190
7,32192,1,1,0, 32193
18,32193,4,4,1, 32197
1,32196,1,1,0, 32197
8,32196,1,1,0, 32197
31,32196,2,2,1, 32198
26,32197,3,3,1, 32200
23,32198,3,3,1, 32201
17,32199,3,3,1, 32202
7,32202,1,1,1, 32203
15,32201,2,4,1, 32205
2,32203,2,2,1, 32205
18,32203,4,4,1, 32207
1,32206,1,1,1, 32207
8,32206,1,1,1, 32207
23,32208,3,3,1, 32211
7,32212,1,1,1, 32213
2,32213,2,2,1, 32215
25,32215,2,2,1, 32217
1,32216,1,1,0, 32217
8,32216,1,1,1, 32217
9,32217,2,2,1, 32219
26,32217,3,3,1, 32220
7,32222,1,1,1, 32223
8,32226,1,1,1, 32227
31,32226,2,2,1, 32228
7,32232,1,1,0, 32233
15,32231,2,4,1, 32235
8,32236,1,1,1, 32237
31,32236,2,2,1, 32238
7,32242,1,1,0, 32243
15,32241,2,4,1, 32245
8,32246,1,1,0, 32247
23,32248,3,3,1, 32251
7,32252,1,1,0, 32253
8,32256,1,1,0, 32257
7,32262,1,1,1, 32263
15,32261,2,4,1, 32265
8,32266,1,1,0, 32267
21,32267,5,5,1, 32272
29,32268,4,4,1, 32272
14,32269,3,3,1, 32272
6,32270,2,2,1, 32272
7,32272,1,1,0, 32273
8,32276,1,1,1, 32277
31,32276,2,2,1, 32278
24,32279,1,1,0, 32280
8,32286,1,1,1, 32287
24,32289,1,1,1, 32290
8,32296,1,1,1, 32297
24,32299,1,1,1, 32300
8,32306,1,1,0, 32307
24,32309,1,1,1, 32310
16,32309,2,2,1, 32311
8,32316,1,1,0, 32317
24,32319,1,1,1, 32320
16,32319,2,2,1, 32321
1,32326,1,1,1, 32327
8,32326,1,1,1, 32327
9,32327,2,2,1, 32329
24,32329,1,1,1, 32330
16,32329,2,2,1, 32331
25,32335,2,2,1, 32337
1,32336,1,1,0, 32337
8,32336,1,1,1, 32337
9,32337,2,2,1, 32339
24,32339,1,1,0, 32340
16,32339,2,2,1, 32341
17,32339,3,3,1, 32342
1,32346,1,1,0, 32347
8,32346,1,1,0, 32347
24,32349,1,1,0, 32350
17,32349,3,3,1, 32352
25,32355,2,2,1, 32357
1,32356,1,1,0, 32357
8,32356,1,1,1, 32357
9,32357,2,2,1, 32359
24,32359,1,1,0, 32360
16,32359,2,2,1, 32361
25,32365,2,2,1, 32367
1,32366,1,1,0, 32367
8,32366,1,1,0, 32367
9,32367,2,2,1, 32369
24,32369,1,1,1, 32370
1,32376,1,1,1, 32377
8,32376,1,1,0, 32377
9,32377,2,2,1, 32379
24,32379,1,1,1, 32380
23,32378,3,3,1, 32381
16,32379,2,2,1, 32381
7,32382,1,1,1, 32383
25,32385,2,2,1, 32387
1,32386,1,1,0, 32387
8,32386,1,1,0, 32387
24,32389,1,1,1, 32390
7,32392,1,1,0, 32393
25,32395,2,2,1, 32397
1,32396,1,1,0, 32397
8,32396,1,1,1, 32397
11,32394,4,4,1, 32398
31,32396,2,2,1, 32398
24,32399,1,1,0, 32400
16,32399,2,2,1, 32401
7,32402,1,1,1, 32403
15,32401,2,4,1, 32405
1,32406,1,1,0, 32407
8,32406,1,1,1, 32407
31,32406,2,2,1, 32408
3,32407,3,3,1, 32410
24,32409,1,1,1, 32410
19,32406,5,5,1, 32411
23,32408,3,3,1, 32411
16,32409,2,2,1, 32411
7,32412,1,1,0, 32413
2,32413,2,2,1, 32415
27,32412,4,4,1, 32416
25,32415,2,2,1, 32417
8,32416,1,1,1, 32417
22,32416,4,4,1, 32420
24,32419,1,1,1, 32420
14,32419,3,3,1, 32422
13,32419,4,4,1, 32423
7,32422,1,1,0, 32423
30,32423,3,3,1, 32426
8,32426,1,1,1, 32427
22,32426,4,4,1, 32430
24,32429,1,1,0, 32430
16,32429,2,2,1, 32431
29,32428,4,4,1, 32432
6,32430,2,2,1, 32432
7,32432,1,1,1, 32433
15,32431,2,4,1, 32435
8,32436,1,1,0, 32437
31,32436,2,2,1, 32438
5,32437,3,3,1, 32440
24,32439,1,1,0, 32440
23,32438,3,3,1, 32441
16,32439,2,2,1, 32441
21,32437,5,5,1, 32442
8,32446,1,1,1, 32447
24,32449,1,1,1, 32450
16,32449,2,2,1, 32451
8,32456,1,1,0, 32457
24,32459,1,1,0, 32460
8,32466,1,1,0, 32467
24,32469,1,1,0, 32470
8,32476,1,1,0, 32477
24,32479,1,1,1, 32480
8,32486,1,1,0, 32487
24,32489,1,1,0, 32490
16,32489,2,2,1, 32491
8,32496,1,1,0, 32497
24,32499,1,1,0, 32500
16,32499,2,2,1, 32501
8,32506,1,1,1, 32507
24,32509,1,1,0, 32510
8,32516,1,1,1, 32517
24,32519,1,1,0, 32520
16,32519,2,2,1, 32521
25,32525,2,2,1, 32527
1,32526,1,1,1, 32527
8,32526,1,1,0, 32527
24,32529,1,1,0, 32530
16,32529,2,2,1, 32531
1,32536,1,1,1, 32537
8,32536,1,1,0, 32537
24,32539,1,1,0, 32540
1,32546,1,1,0, 32547
8,32546,1,1,1, 32547
24,32549,1,1,0, 32550
16,32549,2,2,1, 32551
7,32552,1,1,1, 32553
1,32556,1,1,0, 32557
8,32556,1,1,0, 32557
24,32559,1,1,1, 32560
7,32562,1,1,1, 32563
1,32566,1,1,0, 32567
8,32566,1,1,0, 32567
22,32566,4,4,1, 32570
24,32569,1,1,1, 32570
16,32569,2,2,1, 32571
21,32567,5,5,1, 32572
14,32569,3,3,1, 32572
17,32569,3,3,1, 32572
6,32570,2,2,1, 32572
13,32569,4,4,1, 32573
7,32572,1,1,1, 32573
25,32575,2,2,1, 32577
1,32576,1,1,1, 32577
8,32576,1,1,1, 32577
24,32579,1,1,1, 32580
16,32579,2,2,1, 32581
21,32577,5,5,1, 32582
29,32578,4,4,1, 32582
14,32579,3,3,1, 32582
17,32579,3,3,1, 32582
13,32579,4,4,1, 32583
7,32582,1,1,1, 32583
2,32583,2,2,1, 32585
18,32583,4,4,1, 32587
1,32586,1,1,0, 32587
8,32586,1,1,0, 32587
26,32587,3,3,1, 32590
24,32589,1,1,1, 32590
13,32589,4,4,1, 32593
7,32592,1,1,0, 32593
2,32593,2,2,1, 32595
18,32593,4,4,1, 32597
25,32595,2,2,1, 32597
1,32596,1,1,1, 32597
8,32596,1,1,1, 32597
9,32597,2,2,1, 32599
22,32596,4,4,1, 32600
26,32597,3,3,1, 32600
24,32599,1,1,0, 32600
16,32599,2,2,1, 32601
14,32599,3,3,1, 32602
17,32599,3,3,1, 32602
7,32602,1,1,1, 32603
2,32603,2,2,1, 32605
30,32603,3,3,1, 32606
18,32603,4,4,1, 32607
1,32606,1,1,0, 32607
8,32606,1,1,1, 32607
9,32607,2,2,1, 32609
22,32606,4,4,1, 32610
3,32607,3,3,1, 32610
5,32607,3,3,1, 32610
26,32607,3,3,1, 32610
24,32609,1,1,0, 32610
19,32606,5,5,1, 32611
14,32609,3,3,1, 32612
13,32609,4,4,1, 32613
7,32612,1,1,0, 32613
8,32616,1,1,1, 32617
24,32619,1,1,0, 32620
16,32619,2,2,1, 32621
7,32622,1,1,0, 32623
8,32626,1,1,0, 32627
24,32629,1,1,1, 32630
16,32629,2,2,1, 32631
7,32632,1,1,0, 32633
8,32636,1,1,1, 32637
31,32636,2,2,1, 32638
24,32639,1,1,0, 32640
7,32642,1,1,0, 32643
15,32641,2,4,1, 32645
8,32646,1,1,0, 32647
24,32649,1,1,1, 32650
8,32656,1,1,0, 32657
24,32659,1,1,1, 32660
16,32659,2,2,1, 32661
8,32666,1,1,1, 32667
24,32669,1,1,1, 32670
8,32676,1,1,1, 32677
24,32679,1,1,0, 32680
8,32686,1,1,1, 32687
24,32689,1,1,0, 32690
8,32696,1,1,1, 32697
24,32699,1,1,0, 32700
16,32699,2,2,1, 32701
8,32706,1,1,0, 32707
24,32709,1,1,0, 32710
16,32709,2,2,1, 32711
8,32716,1,1,1, 32717
24,32719,1,1,0, 32720
1,32726,1,1,0, 32727
8,32726,1,1,1, 32727
9,32727,2,2,1, 32729
24,32729,1,1,1, 32730
16,32729,2,2,1, 32731
17,32729,3,3,1, 32732
1,32736,1,1,1, 32737
8,32736,1,1,1, 32737
24,32739,1,1,1, 32740
17,32739,3,3,1, 32742
18,32743,4,4,1, 32747
1,32746,1,1,1, 32747
8,32746,1,1,0, 32747
9,32747,2,2,1, 32749
24,32749,1,1,0, 32750
29,32748,4,4,1, 32752
14,32749,3,3,1, 32752
17,32749,3,3,1, 32752
6,32750,2,2,1, 32752
7,32752,1,1,1, 32753
15,32751,2,4,1, 32755
25,32755,2,2,1, 32757
1,32756,1,1,1, 32757
8,32756,1,1,0, 32757
31,32756,2,2,1, 32758
9,32757,2,2,1, 32759
24,32759,1,1,0, 32760
6,32760,2,2,1, 32762
7,32762,1,1,0, 32763
15,32761,2,4,1, 32765
2,32763,2,2,1, 32765
25,32765,2,2,1, 32767
1,32766,1,1,1, 32767
8,32766,1,1,0, 32767
31,32766,2,2,1, 32768
9,32767,2,2,1, 32769
26,32767,3,3,1, 32770
24,32769,1,1,1, 32770
16,32769,2,2,1, 32771
14,32769,3,3,1, 32772
17,32769,3,3,1, 32772
7,32772,1,1,1, 32773
15,32771,2,4,1, 32775
25,32775,2,2,1, 32777
1,32776,1,1,0, 32777
8,32776,1,1,0, 32777
31,32776,2,2,1, 32778
3,32777,3,3,1, 32780
24,32779,1,1,1, 32780
23,32778,3,3,1, 32781
16,32779,2,2,1, 32781
14,32779,3,3,1, 32782
17,32779,3,3,1, 32782
6,32780,2,2,1, 32782
13,32779,4,4,1, 32783
7,32782,1,1,1, 32783
15,32781,2,4,1, 32785
27,32782,4,4,1, 32786
18,32783,4,4,1, 32787
8,32786,1,1,1, 32787
24,32789,1,1,1, 32790
8,32796,1,1,0, 32797
24,32799,1,1,1, 32800
8,32806,1,1,1, 32807
24,32809,1,1,1, 32810
16,32809,2,2,1, 32811
8,32816,1,1,0, 32817
24,32819,1,1,0, 32820
8,32826,1,1,0, 32827
24,32829,1,1,1, 32830
16,32829,2,2,1, 32831
8,32836,1,1,0, 32837
24,32839,1,1,1, 32840
8,32846,1,1,1, 32847
24,32849,1,1,1, 32850
16,32849,2,2,1, 32851
8,32856,1,1,1, 32857
24,32859,1,1,1, 32860
16,32859,2,2,1, 32861
8,32866,1,1,0, 32867
24,32869,1,1,1, 32870
8,32876,1,1,1, 32877
24,32879,1,1,0, 32880
8,32886,1,1,0, 32887
24,32889,1,1,0, 32890
25,32895,2,2,1, 32897
1,32896,1,1,1, 32897
8,32896,1,1,1, 32897
22,32896,4,4,1, 32900
24,32899,1,1,1, 32900
16,32899,2,2,1, 32901
21,32897,5,5,1, 32902
29,32898,4,4,1, 32902
14,32899,3,3,1, 32902
6,32900,2,2,1, 32902
7,32902,1,1,0, 32903
1,32906,1,1,0, 32907
8,32906,1,1,1, 32907
24,32909,1,1,1, 32910
16,32909,2,2,1, 32911
21,32907,5,5,1, 32912
14,32909,3,3,1, 32912
6,32910,2,2,1, 32912
7,32912,1,1,0, 32913
25,32915,2,2,1, 32917
1,32916,1,1,1, 32917
8,32916,1,1,1, 32917
5,32917,3,3,1, 32920
24,32919,1,1,1, 32920
16,32919,2,2,1, 32921
29,32918,4,4,1, 32922
14,32919,3,3,1, 32922
6,32920,2,2,1, 32922
13,32919,4,4,1, 32923
7,32922,1,1,1, 32923
1,32926,1,1,1, 32927
8,32926,1,1,1, 32927
24,32929,1,1,1, 32930
29,32928,4,4,1, 32932
14,32929,3,3,1, 32932
7,32932,1,1,0, 32933
2,32933,2,2,1, 32935
1,32936,1,1,0, 32937
8,32936,1,1,0, 32937
24,32939,1,1,0, 32940
21,32937,5,5,1, 32942
14,32939,3,3,1, 32942
7,32942,1,1,0, 32943
2,32943,2,2,1, 32945
1,32946,1,1,1, 32947
8,32946,1,1,0, 32947
24,32949,1,1,0, 32950
7,32952,1,1,0, 32953
1,32956,1,1,0, 32957
8,32956,1,1,0, 32957
31,32956,2,2,1, 32958
24,32959,1,1,0, 32960
16,32959,2,2,1, 32961
7,32962,1,1,1, 32963
27,32962,4,4,1, 32966
25,32965,2,2,1, 32967
1,32966,1,1,0, 32967
8,32966,1,1,1, 32967
11,32964,4,4,1, 32968
24,32969,1,1,0, 32970
19,32966,5,5,1, 32971
16,32969,2,2,1, 32971
7,32972,1,1,0, 32973
2,32973,2,2,1, 32975
1,32976,1,1,0, 32977
8,32976,1,1,0, 32977
24,32979,1,1,1, 32980
19,32976,5,5,1, 32981
7,32982,1,1,0, 32983
27,32982,4,4,1, 32986
25,32985,2,2,1, 32987
1,32986,1,1,1, 32987
8,32986,1,1,1, 32987
11,32984,4,4,1, 32988
24,32989,1,1,1, 32990
19,32986,5,5,1, 32991
23,32988,3,3,1, 32991
17,32989,3,3,1, 32992
7,32992,1,1,1, 32993
1,32996,1,1,0, 32997
8,32996,1,1,0, 32997
3,32997,3,3,1, 33000
24,32999,1,1,1, 33000
19,32996,5,5,1, 33001
23,32998,3,3,1, 33001
16,32999,2,2,1, 33001
7,33002,1,1,0, 33003
25,33005,2,2,1, 33007
1,33006,1,1,0, 33007
8,33006,1,1,0, 33007
3,33007,3,3,1, 33010
24,33009,1,1,0, 33010
7,33012,1,1,1, 33013
8,33016,1,1,0, 33017
24,33019,1,1,0, 33020
7,33022,1,1,0, 33023
15,33021,2,4,1, 33025
8,33026,1,1,1, 33027
31,33026,2,2,1, 33028
24,33029,1,1,1, 33030
16,33029,2,2,1, 33031
8,33036,1,1,1, 33037
24,33039,1,1,0, 33040
8,33046,1,1,1, 33047
24,33049,1,1,0, 33050
8,33056,1,1,0, 33057
24,33059,1,1,1, 33060
8,33066,1,1,1, 33067
24,33069,1,1,1, 33070
8,33076,1,1,1, 33077
24,33079,1,1,1, 33080
16,33079,2,2,1, 33081
8,33086,1,1,0, 33087
24,33089,1,1,1, 33090
16,33089,2,2,1, 33091
8,33096,1,1,0, 33097
24,33099,1,1,0, 33100
8,33106,1,1,1, 33107
24,33109,1,1,1, 33110
1,33116,1,1,0, 33117
8,33116,1,1,1, 33117
24,33119,1,1,1, 33120
25,33125,2,2,1, 33127
1,33126,1,1,0, 33127
8,33126,1,1,0, 33127
24,33129,1,1,0, 33130
17,33129,3,3,1, 33132
7,33132,1,1,0, 33133
15,33131,2,4,1, 33135
2,33133,2,2,1, 33135
18,33133,4,4,1, 33137
1,33136,1,1,1, 33137
8,33136,1,1,0, 33137
31,33136,2,2,1, 33138
9,33137,2,2,1, 33139
26,33137,3,3,1, 33140
24,33139,1,1,1, 33140
17,33139,3,3,1, 33142
7,33142,1,1,1, 33143
15,33141,2,4,1, 33145
18,33143,4,4,1, 33147
1,33146,1,1,0, 33147
8,33146,1,1,1, 33147
24,33149,1,1,0, 33150
7,33152,1,1,1, 33153
15,33151,2,4,1, 33155
2,33153,2,2,1, 33155
1,33156,1,1,1, 33157
8,33156,1,1,1, 33157
31,33156,2,2,1, 33158
24,33159,1,1,1, 33160
19,33156,5,5,1, 33161
16,33159,2,2,1, 33161
17,33159,3,3,1, 33162
7,33162,1,1,0, 33163
27,33162,4,4,1, 33166
18,33163,4,4,1, 33167
25,33165,2,2,1, 33167
1,33166,1,1,0, 33167
8,33166,1,1,0, 33167
11,33164,4,4,1, 33168
31,33166,2,2,1, 33168
9,33167,2,2,1, 33169
24,33169,1,1,0, 33170
23,33168,3,3,1, 33171
16,33169,2,2,1, 33171
7,33172,1,1,0, 33173
15,33171,2,4,1, 33175
8,33176,1,1,1, 33177
31,33176,2,2,1, 33178
24,33179,1,1,1, 33180
23,33178,3,3,1, 33181
16,33179,2,2,1, 33181
7,33182,1,1,0, 33183
8,33186,1,1,0, 33187
24,33189,1,1,1, 33190
16,33189,2,2,1, 33191
7,33192,1,1,1, 33193
8,33196,1,1,0, 33197
24,33199,1,1,1, 33200
16,33199,2,2,1, 33201
7,33202,1,1,1, 33203
8,33206,1,1,0, 33207
24,33209,1,1,0, 33210
7,33212,1,1,0, 33213
8,33216,1,1,1, 33217
24,33219,1,1,1, 33220
7,33222,1,1,1, 33223
8,33226,1,1,0, 33227
22,33226,4,4,1, 33230
24,33229,1,1,1, 33230
16,33229,2,2,1, 33231
21,33227,5,5,1, 33232
29,33228,4,4,1, 33232
7,33232,1,1,0, 33233
8,33236,1,1,0, 33237
24,33239,1,1,1, 33240
21,33237,5,5,1, 33242
14,33239,3,3,1, 33242
7,33242,1,1,0, 33243
30,33243,3,3,1, 33246
8,33246,1,1,0, 33247
5,33247,3,3,1, 33250
24,33249,1,1,1, 33250
21,33247,5,5,1, 33252
14,33249,3,3,1, 33252
8,33256,1,1,1, 33257
24,33259,1,1,0, 33260
16,33259,2,2,1, 33261
8,33266,1,1,0, 33267
24,33269,1,1,1, 33270
1,33276,1,1,1, 33277
8,33276,1,1,0, 33277
24,33279,1,1,0, 33280
1,33286,1,1,1, 33287
8,33286,1,1,0, 33287
24,33289,1,1,0, 33290
16,33289,2,2,1, 33291
17,33289,3,3,1, 33292
1,33296,1,1,0, 33297
8,33296,1,1,0, 33297
9,33297,2,2,1, 33299
24,33299,1,1,1, 33300
16,33299,2,2,1, 33301
25,33305,2,2,1, 33307
1,33306,1,1,0, 33307
8,33306,1,1,1, 33307
9,33307,2,2,1, 33309
24,33309,1,1,0, 33310
16,33309,2,2,1, 33311
2,33313,2,2,1, 33315
1,33316,1,1,0, 33317
8,33316,1,1,0, 33317
9,33317,2,2,1, 33319
26,33317,3,3,1, 33320
24,33319,1,1,1, 33320
17,33319,3,3,1, 33322
2,33323,2,2,1, 33325
1,33326,1,1,0, 33327
8,33326,1,1,1, 33327
9,33327,2,2,1, 33329
26,33327,3,3,1, 33330
24,33329,1,1,0, 33330
17,33329,3,3,1, 33332
25,33335,2,2,1, 33337
1,33336,1,1,0, 33337
8,33336,1,1,0, 33337
9,33337,2,2,1, 33339
24,33339,1,1,1, 33340
17,33339,3,3,1, 33342
27,33342,4,4,1, 33346
18,33343,4,4,1, 33347
8,33346,1,1,0, 33347
24,33349,1,1,0, 33350
8,33356,1,1,1, 33357
24,33359,1,1,1, 33360
23,33358,3,3,1, 33361
16,33359,2,2,1, 33361
7,33362,1,1,0, 33363
8,33366,1,1,1, 33367
24,33369,1,1,0, 33370
16,33369,2,2,1, 33371
7,33372,1,1,0, 33373
15,33371,2,4,1, 33375
8,33376,1,1,0, 33377
5,33377,3,3,1, 33380
24,33379,1,1,1, 33380
23,33378,3,3,1, 33381
6,33380,2,2,1, 33382
7,33382,1,1,1, 33383
8,33386,1,1,0, 33387
31,33386,2,2,1, 33388
24,33389,1,1,1, 33390
23,33388,3,3,1, 33391
16,33389,2,2,1, 33391
14,33389,3,3,1, 33392
6,33390,2,2,1, 33392
13,33389,4,4,1, 33393
7,33392,1,1,0, 33393
15,33391,2,4,1, 33395
30,33393,3,3,1, 33396
8,33396,1,1,0, 33397
22,33396,4,4,1, 33400
5,33397,3,3,1, 33400
24,33399,1,1,0, 33400
16,33399,2,2,1, 33401
7,33402,1,1,0, 33403
8,33406,1,1,0, 33407
31,33406,2,2,1, 33408
24,33409,1,1,1, 33410
16,33409,2,2,1, 33411
29,33408,4,4,1, 33412
14,33409,3,3,1, 33412
8,33416,1,1,0, 33417
24,33419,1,1,0, 33420
8,33426,1,1,1, 33427
24,33429,1,1,0, 33430
16,33429,2,2,1, 33431
8,33436,1,1,1, 33437
24,33439,1,1,0, 33440
16,33439,2,2,1, 33441
8,33446,1,1,0, 33447
24,33449,1,1,0, 33450
1,33456,1,1,0, 33457
8,33456,1,1,1, 33457
24,33459,1,1,0, 33460
16,33459,2,2,1, 33461
1,33466,1,1,1, 33467
8,33466,1,1,0, 33467
24,33469,1,1,0, 33470
16,33469,2,2,1, 33471
1,33476,1,1,1, 33477
8,33476,1,1,0, 33477
24,33479,1,1,1, 33480
25,33485,2,2,1, 33487
1,33486,1,1,0, 33487
8,33486,1,1,1, 33487
17,33489,3,3,1, 33492
2,33493,2,2,1, 33495
1,33496,1,1,1, 33497
8,33496,1,1,0, 33497
9,33497,2,2,1, 33499
2,33503,2,2,1, 33505
1,33506,1,1,0, 33507
8,33506,1,1,0, 33507
17,33509,3,3,1, 33512
2,33513,2,2,1, 33515
1,33516,1,1,1, 33517
8,33516,1,1,1, 33517
31,33516,2,2,1, 33518
9,33517,2,2,1, 33519
7,33522,1,1,0, 33523
25,33525,2,2,1, 33527
1,33526,1,1,0, 33527
8,33526,1,1,1, 33527
23,33528,3,3,1, 33531
7,33532,1,1,1, 33533
1,33536,1,1,0, 33537
8,33536,1,1,0, 33537
9,33537,2,2,1, 33539
23,33538,3,3,1, 33541
7,33542,1,1,0, 33543
2,33543,2,2,1, 33545
27,33542,4,4,1, 33546
1,33546,1,1,0, 33547
8,33546,1,1,1, 33547
11,33544,4,4,1, 33548
31,33546,2,2,1, 33548
9,33547,2,2,1, 33549
3,33547,3,3,1, 33550
19,33546,5,5,1, 33551
21,33547,5,5,1, 33552
29,33548,4,4,1, 33552
14,33549,3,3,1, 33552
17,33549,3,3,1, 33552
6,33550,2,2,1, 33552
13,33549,4,4,1, 33553
7,33552,1,1,1, 33553
8,33556,1,1,1, 33557
13,33559,4,4,1, 33563
7,33562,1,1,0, 33563
15,33561,2,4,1, 33565
8,33566,1,1,1, 33567
23,33568,3,3,1, 33571
14,33569,3,3,1, 33572
13,33569,4,4,1, 33573
7,33572,1,1,0, 33573
15,33571,2,4,1, 33575
8,33576,1,1,1, 33577
14,33579,3,3,1, 33582
6,33580,2,2,1, 33582
13,33579,4,4,1, 33583
8,33586,1,1,0, 33587
24,33589,1,1,0, 33590
16,33589,2,2,1, 33591
8,33596,1,1,0, 33597
24,33599,1,1,0, 33600
16,33599,2,2,1, 33601
8,33606,1,1,0, 33607
24,33609,1,1,1, 33610
16,33609,2,2,1, 33611
8,33616,1,1,1, 33617
24,33619,1,1,1, 33620
8,33626,1,1,1, 33627
24,33629,1,1,0, 33630
8,33636,1,1,0, 33637
24,33639,1,1,0, 33640
8,33646,1,1,0, 33647
24,33649,1,1,0, 33650
1,33656,1,1,0, 33657
8,33656,1,1,1, 33657
24,33659,1,1,1, 33660
1,33666,1,1,1, 33667
8,33666,1,1,1, 33667
24,33669,1,1,1, 33670
16,33669,2,2,1, 33671
1,33676,1,1,0, 33677
8,33676,1,1,0, 33677
24,33679,1,1,1, 33680
16,33679,2,2,1, 33681
25,33685,2,2,1, 33687
1,33686,1,1,0, 33687
8,33686,1,1,0, 33687
24,33689,1,1,1, 33690
16,33689,2,2,1, 33691
7,33692,1,1,0, 33693
25,33695,2,2,1, 33697
1,33696,1,1,0, 33697
8,33696,1,1,0, 33697
31,33696,2,2,1, 33698
24,33699,1,1,0, 33700
7,33702,1,1,0, 33703
15,33701,2,4,1, 33705
2,33703,2,2,1, 33705
18,33703,4,4,1, 33707
25,33705,2,2,1, 33707
1,33706,1,1,0, 33707
8,33706,1,1,0, 33707
3,33707,3,3,1, 33710
26,33707,3,3,1, 33710
24,33709,1,1,1, 33710
7,33712,1,1,1, 33713
18,33713,4,4,1, 33717
25,33715,2,2,1, 33717
1,33716,1,1,0, 33717
8,33716,1,1,0, 33717
3,33717,3,3,1, 33720
24,33719,1,1,1, 33720
16,33719,2,2,1, 33721
17,33719,3,3,1, 33722
7,33722,1,1,0, 33723
15,33721,2,4,1, 33725
27,33722,4,4,1, 33726
25,33725,2,2,1, 33727
1,33726,1,1,1, 33727
8,33726,1,1,0, 33727
26,33727,3,3,1, 33730
24,33729,1,1,1, 33730
19,33726,5,5,1, 33731
7,33732,1,1,1, 33733
2,33733,2,2,1, 33735
18,33733,4,4,1, 33737
8,33736,1,1,1, 33737
24,33739,1,1,0, 33740
16,33739,2,2,1, 33741
7,33742,1,1,1, 33743
8,33746,1,1,1, 33747
24,33749,1,1,0, 33750
7,33752,1,1,1, 33753
8,33756,1,1,1, 33757
24,33759,1,1,0, 33760
7,33762,1,1,0, 33763
8,33766,1,1,0, 33767
24,33769,1,1,1, 33770
7,33772,1,1,1, 33773
8,33776,1,1,0, 33777
24,33779,1,1,1, 33780
16,33779,2,2,1, 33781
21,33777,5,5,1, 33782
29,33778,4,4,1, 33782
13,33779,4,4,1, 33783
7,33782,1,1,1, 33783
30,33783,3,3,1, 33786
8,33786,1,1,0, 33787
22,33786,4,4,1, 33790
24,33789,1,1,0, 33790
29,33788,4,4,1, 33792
6,33790,2,2,1, 33792
13,33789,4,4,1, 33793
7,33792,1,1,1, 33793
30,33793,3,3,1, 33796
8,33796,1,1,1, 33797
22,33796,4,4,1, 33800
5,33797,3,3,1, 33800
24,33799,1,1,1, 33800
21,33797,5,5,1, 33802
14,33799,3,3,1, 33802
7,33802,1,1,1, 33803
8,33806,1,1,1, 33807
5,33807,3,3,1, 33810
24,33809,1,1,0, 33810
16,33809,2,2,1, 33811
21,33807,5,5,1, 33812
7,33812,1,1,1, 33813
30,33813,3,3,1, 33816
8,33816,1,1,0, 33817
24,33819,1,1,0, 33820
16,33819,2,2,1, 33821
7,33822,1,1,0, 33823
8,33826,1,1,0, 33827
24,33829,1,1,0, 33830
7,33832,1,1,0, 33833
15,33831,2,4,1, 33835
8,33836,1,1,1, 33837
24,33839,1,1,1, 33840
23,33838,3,3,1, 33841
1,33846,1,1,1, 33847
8,33846,1,1,0, 33847
9,33847,2,2,1, 33849
24,33849,1,1,1, 33850
1,33856,1,1,0, 33857
8,33856,1,1,1, 33857
24,33859,1,1,0, 33860
17,33859,3,3,1, 33862
1,33866,1,1,0, 33867
8,33866,1,1,0, 33867
24,33869,1,1,1, 33870
2,33873,2,2,1, 33875
18,33873,4,4,1, 33877
1,33876,1,1,0, 33877
8,33876,1,1,1, 33877
26,33877,3,3,1, 33880
24,33879,1,1,0, 33880
2,33883,2,2,1, 33885
18,33883,4,4,1, 33887
1,33886,1,1,0, 33887
8,33886,1,1,0, 33887
24,33889,1,1,1, 33890
18,33893,4,4,1, 33897
1,33896,1,1,1, 33897
8,33896,1,1,1, 33897
24,33899,1,1,0, 33900
17,33899,3,3,1, 33902
2,33903,2,2,1, 33905
18,33903,4,4,1, 33907
1,33906,1,1,1, 33907
8,33906,1,1,1, 33907
4,33906,4,4,1, 33910
24,33909,1,1,0, 33910
16,33909,2,2,1, 33911
2,33913,2,2,1, 33915
27,33912,4,4,1, 33916
18,33913,4,4,1, 33917
1,33916,1,1,0, 33917
8,33916,1,1,1, 33917
4,33916,4,4,1, 33920
24,33919,1,1,0, 33920
16,33919,2,2,1, 33921
8,33926,1,1,1, 33927
24,33929,1,1,0, 33930
8,33936,1,1,1, 33937
24,33939,1,1,0, 33940
8,33946,1,1,0, 33947
31,33946,2,2,1, 33948
22,33946,4,4,1, 33950
24,33949,1,1,1, 33950
13,33949,4,4,1, 33953
7,33952,1,1,0, 33953
8,33956,1,1,1, 33957
22,33956,4,4,1, 33960
24,33959,1,1,0, 33960
6,33960,2,2,1, 33962
13,33959,4,4,1, 33963
7,33962,1,1,0, 33963
30,33963,3,3,1, 33966
8,33966,1,1,0, 33967
31,33966,2,2,1, 33968
24,33969,1,1,1, 33970
16,33969,2,2,1, 33971
14,33969,3,3,1, 33972
6,33970,2,2,1, 33972
7,33972,1,1,1, 33973
15,33971,2,4,1, 33975
30,33973,3,3,1, 33976
8,33976,1,1,1, 33977
22,33976,4,4,1, 33980
24,33979,1,1,1, 33980
7,33982,1,1,0, 33983
15,33981,2,4,1, 33985
8,33986,1,1,0, 33987
24,33989,1,1,1, 33990
16,33989,2,2,1, 33991
6,33990,2,2,1, 33992
7,33992,1,1,0, 33993
15,33991,2,4,1, 33995
8,33996,1,1,0, 33997
24,33999,1,1,1, 34000
16,33999,2,2,1, 34001
8,34006,1,1,0, 34007
24,34009,1,1,1, 34010
8,34016,1,1,1, 34017
24,34019,1,1,1, 34020
1,34026,1,1,1, 34027
8,34026,1,1,0, 34027
24,34029,1,1,1, 34030
16,34029,2,2,1, 34031
1,34036,1,1,0, 34037
8,34036,1,1,1, 34037
24,34039,1,1,0, 34040
2,34043,2,2,1, 34045
18,34043,4,4,1, 34047
1,34046,1,1,1, 34047
8,34046,1,1,1, 34047
26,34047,3,3,1, 34050
24,34049,1,1,1, 34050
16,34049,2,2,1, 34051
2,34053,2,2,1, 34055
25,34055,2,2,1, 34057
1,34056,1,1,0, 34057
8,34056,1,1,1, 34057
26,34057,3,3,1, 34060
24,34059,1,1,1, 34060
16,34059,2,2,1, 34061
25,34065,2,2,1, 34067
1,34066,1,1,0, 34067
8,34066,1,1,0, 34067
24,34069,1,1,1, 34070
16,34069,2,2,1, 34071
17,34069,3,3,1, 34072
2,34073,2,2,1, 34075
27,34072,4,4,1, 34076
25,34075,2,2,1, 34077
1,34076,1,1,0, 34077
8,34076,1,1,0, 34077
24,34079,1,1,1, 34080
19,34076,5,5,1, 34081
27,34082,4,4,1, 34086
25,34085,2,2,1, 34087
1,34086,1,1,1, 34087
8,34086,1,1,1, 34087
9,34087,2,2,1, 34089
24,34089,1,1,0, 34090
19,34086,5,5,1, 34091
16,34089,2,2,1, 34091
8,34096,1,1,1, 34097
24,34099,1,1,1, 34100
16,34099,2,2,1, 34101
7,34102,1,1,1, 34103
8,34106,1,1,1, 34107
24,34109,1,1,1, 34110
7,34112,1,1,0, 34113
8,34116,1,1,0, 34117
31,34116,2,2,1, 34118
24,34119,1,1,1, 34120
7,34122,1,1,0, 34123
8,34126,1,1,1, 34127
24,34129,1,1,1, 34130
16,34129,2,2,1, 34131
7,34132,1,1,1, 34133
8,34136,1,1,0, 34137
22,34136,4,4,1, 34140
5,34137,3,3,1, 34140
24,34139,1,1,0, 34140
14,34139,3,3,1, 34142
13,34139,4,4,1, 34143
7,34142,1,1,0, 34143
30,34143,3,3,1, 34146
8,34146,1,1,0, 34147
22,34146,4,4,1, 34150
5,34147,3,3,1, 34150
24,34149,1,1,0, 34150
23,34148,3,3,1, 34151
16,34149,2,2,1, 34151
14,34149,3,3,1, 34152
6,34150,2,2,1, 34152
7,34152,1,1,0, 34153
15,34151,2,4,1, 34155
8,34156,1,1,1, 34157
22,34156,4,4,1, 34160
5,34157,3,3,1, 34160
24,34159,1,1,1, 34160
21,34157,5,5,1, 34162
29,34158,4,4,1, 34162
13,34159,4,4,1, 34163
7,34162,1,1,0, 34163
15,34161,2,4,1, 34165
8,34166,1,1,1, 34167
24,34169,1,1,1, 34170
16,34169,2,2,1, 34171
8,34176,1,1,0, 34177
24,34179,1,1,1, 34180
8,34186,1,1,0, 34187
24,34189,1,1,1, 34190
1,34196,1,1,0, 34197
8,34196,1,1,1, 34197
24,34199,1,1,0, 34200
1,34206,1,1,1, 34207
8,34206,1,1,1, 34207
24,34209,1,1,1, 34210
1,34216,1,1,1, 34217
8,34216,1,1,0, 34217
9,34217,2,2,1, 34219
24,34219,1,1,1, 34220
16,34219,2,2,1, 34221
1,34226,1,1,1, 34227
8,34226,1,1,1, 34227
24,34229,1,1,0, 34230
16,34229,2,2,1, 34231
17,34229,3,3,1, 34232
25,34235,2,2,1, 34237
1,34236,1,1,1, 34237
8,34236,1,1,0, 34237
24,34239,1,1,0, 34240
16,34239,2,2,1, 34241
17,34239,3,3,1, 34242
2,34243,2,2,1, 34245
25,34245,2,2,1, 34247
1,34246,1,1,1, 34247
8,34246,1,1,1, 34247
20,34243,6,6,1, 34249
28,34244,5,5,1, 34249
4,34246,4,4,1, 34250
3,34247,3,3,1, 34250
24,34249,1,1,0, 34250
19,34246,5,5,1, 34251
17,34249,3,3,1, 34252
12,34250,5,5,1, 34255
27,34252,4,4,1, 34256
1,34256,1,1,1, 34257
8,34256,1,1,0, 34257
20,34253,6,6,1, 34259
28,34254,5,5,1, 34259
9,34257,2,2,1, 34259
24,34259,1,1,1, 34260
16,34259,2,2,1, 34261
8,34266,1,1,1, 34267
24,34269,1,1,0, 34270
16,34269,2,2,1, 34271
7,34272,1,1,0, 34273
8,34276,1,1,0, 34277
5,34277,3,3,1, 34280
24,34279,1,1,1, 34280
16,34279,2,2,1, 34281
13,34279,4,4,1, 34283
7,34282,1,1,1, 34283
30,34283,3,3,1, 34286
8,34286,1,1,1, 34287
22,34286,4,4,1, 34290
5,34287,3,3,1, 34290
24,34289,1,1,1, 34290
16,34289,2,2,1, 34291
14,34289,3,3,1, 34292
6,34290,2,2,1, 34292
7,34292,1,1,1, 34293
8,34296,1,1,1, 34297
5,34297,3,3,1, 34300
24,34299,1,1,1, 34300
13,34299,4,4,1, 34303
7,34302,1,1,1, 34303
8,34306,1,1,0, 34307
22,34306,4,4,1, 34310
5,34307,3,3,1, 34310
24,34309,1,1,0, 34310
21,34307,5,5,1, 34312
29,34308,4,4,1, 34312
14,34309,3,3,1, 34312
7,34312,1,1,0, 34313
15,34311,2,4,1, 34315
8,34316,1,1,0, 34317
5,34317,3,3,1, 34320
24,34319,1,1,0, 34320
7,34322,1,1,1, 34323
8,34326,1,1,0, 34327
31,34326,2,2,1, 34328
24,34329,1,1,0, 34330
16,34329,2,2,1, 34331
8,34336,1,1,1, 34337
24,34339,1,1,1, 34340
8,34346,1,1,0, 34347
24,34349,1,1,1, 34350
16,34349,2,2,1, 34351
8,34356,1,1,0, 34357
24,34359,1,1,1, 34360
25,34365,2,2,1, 34367
1,34366,1,1,0, 34367
8,34366,1,1,0, 34367
24,34369,1,1,0, 34370
1,34376,1,1,1, 34377
8,34376,1,1,0, 34377
9,34377,2,2,1, 34379
24,34379,1,1,0, 34380
16,34379,2,2,1, 34381
25,34385,2,2,1, 34387
1,34386,1,1,0, 34387
8,34386,1,1,1, 34387
24,34389,1,1,0, 34390
17,34389,3,3,1, 34392
1,34396,1,1,1, 34397
8,34396,1,1,0, 34397
9,34397,2,2,1, 34399
26,34397,3,3,1, 34400
24,34399,1,1,0, 34400
17,34399,3,3,1, 34402
2,34403,2,2,1, 34405
18,34403,4,4,1, 34407
1,34406,1,1,0, 34407
8,34406,1,1,0, 34407
24,34409,1,1,0, 34410
18,34413,4,4,1, 34417
25,34415,2,2,1, 34417
1,34416,1,1,0, 34417
8,34416,1,1,1, 34417
9,34417,2,2,1, 34419
26,34417,3,3,1, 34420
24,34419,1,1,0, 34420
18,34423,4,4,1, 34427
1,34426,1,1,0, 34427
8,34426,1,1,0, 34427
26,34427,3,3,1, 34430
24,34429,1,1,1, 34430
16,34429,2,2,1, 34431
7,34432,1,1,1, 34433
15,34431,2,4,1, 34435
30,34433,3,3,1, 34436
1,34436,1,1,0, 34437
8,34436,1,1,1, 34437
22,34436,4,4,1, 34440
26,34437,3,3,1, 34440
24,34439,1,1,0, 34440
16,34439,2,2,1, 34441
21,34437,5,5,1, 34442
29,34438,4,4,1, 34442
7,34442,1,1,1, 34443
15,34441,2,4,1, 34445
18,34443,4,4,1, 34447
8,34446,1,1,1, 34447
5,34447,3,3,1, 34450
24,34449,1,1,0, 34450
21,34447,5,5,1, 34452
7,34452,1,1,0, 34453
15,34451,2,4,1, 34455
8,34456,1,1,1, 34457
31,34456,2,2,1, 34458
24,34459,1,1,1, 34460
14,34459,3,3,1, 34462
7,34462,1,1,1, 34463
8,34466,1,1,0, 34467
31,34466,2,2,1, 34468
5,34467,3,3,1, 34470
24,34469,1,1,1, 34470
29,34468,4,4,1, 34472
13,34469,4,4,1, 34473
8,34476,1,1,1, 34477
24,34479,1,1,1, 34480
16,34479,2,2,1, 34481
8,34486,1,1,0, 34487
24,34489,1,1,1, 34490
16,34489,2,2,1, 34491
8,34496,1,1,0, 34497
24,34499,1,1,0, 34500
8,34506,1,1,1, 34507
24,34509,1,1,1, 34510
16,34509,2,2,1, 34511
8,34516,1,1,1, 34517
24,34519,1,1,0, 34520
16,34519,2,2,1, 34521
8,34526,1,1,0, 34527
24,34529,1,1,1, 34530
16,34529,2,2,1, 34531
8,34536,1,1,1, 34537
24,34539,1,1,0, 34540
16,34539,2,2,1, 34541
8,34546,1,1,0, 34547
24,34549,1,1,1, 34550
25,34555,2,2,1, 34557
1,34556,1,1,1, 34557
8,34556,1,1,0, 34557
9,34557,2,2,1, 34559
24,34559,1,1,1, 34560
25,34565,2,2,1, 34567
1,34566,1,1,0, 34567
8,34566,1,1,1, 34567
9,34567,2,2,1, 34569
24,34569,1,1,0, 34570
16,34569,2,2,1, 34571
25,34575,2,2,1, 34577
1,34576,1,1,1, 34577
8,34576,1,1,1, 34577
9,34577,2,2,1, 34579
24,34579,1,1,0, 34580
17,34579,3,3,1, 34582
7,34582,1,1,1, 34583
2,34583,2,2,1, 34585
25,34585,2,2,1, 34587
1,34586,1,1,0, 34587
8,34586,1,1,0, 34587
9,34587,2,2,1, 34589
5,34587,3,3,1, 34590
26,34587,3,3,1, 34590
24,34589,1,1,1, 34590
16,34589,2,2,1, 34591
17,34589,3,3,1, 34592
6,34590,2,2,1, 34592
7,34592,1,1,0, 34593
2,34593,2,2,1, 34595
30,34593,3,3,1, 34596
1,34596,1,1,0, 34597
8,34596,1,1,1, 34597
9,34597,2,2,1, 34599
22,34596,4,4,1, 34600
5,34597,3,3,1, 34600
26,34597,3,3,1, 34600
24,34599,1,1,1, 34600
29,34598,4,4,1, 34602
6,34600,2,2,1, 34602
7,34602,1,1,1, 34603
18,34603,4,4,1, 34607
25,34605,2,2,1, 34607
8,34606,1,1,0, 34607
5,34607,3,3,1, 34610
24,34609,1,1,1, 34610
7,34612,1,1,1, 34613
8,34616,1,1,0, 34617
24,34619,1,1,0, 34620
16,34619,2,2,1, 34621
7,34622,1,1,1, 34623
8,34626,1,1,0, 34627
24,34629,1,1,0, 34630
7,34632,1,1,0, 34633
8,34636,1,1,1, 34637
24,34639,1,1,0, 34640
16,34639,2,2,1, 34641
7,34642,1,1,0, 34643
15,34641,2,4,1, 34645
8,34646,1,1,1, 34647
31,34646,2,2,1, 34648
24,34649,1,1,1, 34650
16,34649,2,2,1, 34651
7,34652,1,1,0, 34653
15,34651,2,4,1, 34655
8,34656,1,1,1, 34657
31,34656,2,2,1, 34658
24,34659,1,1,1, 34660
23,34658,3,3,1, 34661
16,34659,2,2,1, 34661
7,34662,1,1,1, 34663
8,34666,1,1,0, 34667
24,34669,1,1,1, 34670
16,34669,2,2,1, 34671
7,34672,1,1,1, 34673
8,34676,1,1,0, 34677
24,34679,1,1,0, 34680
16,34679,2,2,1, 34681
7,34682,1,1,0, 34683
8,34686,1,1,0, 34687
31,34686,2,2,1, 34688
24,34689,1,1,1, 34690
16,34689,2,2,1, 34691
7,34692,1,1,0, 34693
8,34696,1,1,0, 34697
24,34699,1,1,1, 34700
7,34702,1,1,1, 34703
8,34706,1,1,1, 34707
24,34709,1,1,0, 34710
16,34709,2,2,1, 34711
7,34712,1,1,0, 34713
30,34713,3,3,1, 34716
25,34715,2,2,1, 34717
1,34716,1,1,0, 34717
8,34716,1,1,0, 34717
31,34716,2,2,1, 34718
9,34717,2,2,1, 34719
22,34716,4,4,1, 34720
24,34719,1,1,1, 34720
16,34719,2,2,1, 34721
29,34718,4,4,1, 34722
14,34719,3,3,1, 34722
6,34720,2,2,1, 34722
13,34719,4,4,1, 34723
7,34722,1,1,1, 34723
30,34723,3,3,1, 34726
25,34725,2,2,1, 34727
1,34726,1,1,1, 34727
8,34726,1,1,0, 34727
24,34729,1,1,1, 34730
25,34735,2,2,1, 34737
1,34736,1,1,0, 34737
8,34736,1,1,1, 34737
9,34737,2,2,1, 34739
24,34739,1,1,1, 34740
16,34739,2,2,1, 34741
17,34739,3,3,1, 34742
1,34746,1,1,1, 34747
8,34746,1,1,0, 34747
9,34747,2,2,1, 34749
24,34749,1,1,1, 34750
17,34749,3,3,1, 34752
1,34756,1,1,0, 34757
8,34756,1,1,1, 34757
24,34759,1,1,1, 34760
17,34759,3,3,1, 34762
25,34765,2,2,1, 34767
1,34766,1,1,1, 34767
8,34766,1,1,1, 34767
9,34767,2,2,1, 34769
24,34769,1,1,1, 34770
2,34773,2,2,1, 34775
18,34773,4,4,1, 34777
25,34775,2,2,1, 34777
1,34776,1,1,1, 34777
8,34776,1,1,0, 34777
9,34777,2,2,1, 34779
24,34779,1,1,0, 34780
16,34779,2,2,1, 34781
25,34785,2,2,1, 34787
1,34786,1,1,1, 34787
8,34786,1,1,0, 34787
11,34784,4,4,1, 34788
4,34786,4,4,1, 34790
24,34789,1,1,1, 34790
8,34796,1,1,1, 34797
24,34799,1,1,1, 34800
8,34806,1,1,0, 34807
24,34809,1,1,0, 34810
16,34809,2,2,1, 34811
8,34816,1,1,0, 34817
24,34819,1,1,1, 34820
16,34819,2,2,1, 34821
8,34826,1,1,0, 34827
24,34829,1,1,1, 34830
7,34832,1,1,0, 34833
8,34836,1,1,0, 34837
31,34836,2,2,1, 34838
24,34839,1,1,1, 34840
16,34839,2,2,1, 34841
7,34842,1,1,0, 34843
8,34846,1,1,0, 34847
31,34846,2,2,1, 34848
24,34849,1,1,0, 34850
23,34848,3,3,1, 34851
16,34849,2,2,1, 34851
7,34852,1,1,0, 34853
8,34856,1,1,1, 34857
24,34859,1,1,0, 34860
7,34862,1,1,0, 34863
8,34866,1,1,0, 34867
31,34866,2,2,1, 34868
24,34869,1,1,0, 34870
7,34872,1,1,0, 34873
8,34876,1,1,0, 34877
22,34876,4,4,1, 34880
24,34879,1,1,0, 34880
23,34878,3,3,1, 34881
16,34879,2,2,1, 34881
29,34878,4,4,1, 34882
7,34882,1,1,0, 34883
8,34886,1,1,1, 34887
5,34887,3,3,1, 34890
24,34889,1,1,0, 34890
23,34888,3,3,1, 34891
14,34889,3,3,1, 34892
6,34890,2,2,1, 34892
7,34892,1,1,0, 34893
15,34891,2,4,1, 34895
30,34893,3,3,1, 34896
1,34896,1,1,1, 34897
8,34896,1,1,0, 34897
31,34896,2,2,1, 34898
22,34896,4,4,1, 34900
5,34897,3,3,1, 34900
24,34899,1,1,1, 34900
23,34898,3,3,1, 34901
16,34899,2,2,1, 34901
14,34899,3,3,1, 34902
1,34906,1,1,0, 34907
8,34906,1,1,0, 34907
24,34909,1,1,1, 34910
1,34916,1,1,1, 34917
8,34916,1,1,1, 34917
24,34919,1,1,1, 34920
16,34919,2,2,1, 34921
1,34926,1,1,1, 34927
8,34926,1,1,1, 34927
9,34927,2,2,1, 34929
2,34933,2,2,1, 34935
1,34936,1,1,0, 34937
8,34936,1,1,0, 34937
9,34937,2,2,1, 34939
3,34937,3,3,1, 34940
19,34936,5,5,1, 34941
17,34939,3,3,1, 34942
2,34943,2,2,1, 34945
27,34942,4,4,1, 34946
25,34945,2,2,1, 34947
1,34946,1,1,1, 34947
8,34946,1,1,0, 34947
11,34944,4,4,1, 34948
3,34947,3,3,1, 34950
17,34949,3,3,1, 34952
2,34953,2,2,1, 34955
1,34956,1,1,0, 34957
8,34956,1,1,1, 34957
11,34954,4,4,1, 34958
9,34957,2,2,1, 34959
3,34957,3,3,1, 34960
19,34956,5,5,1, 34961
8,34966,1,1,0, 34967
8,34976,1,1,0, 34977
8,34986,1,1,0, 34987
8,34996,1,1,0, 34997
8,35006,1,1,0, 35007
23,35008,3,3,1, 35011
7,35012,1,1,1, 35013
15,35011,2,4,1, 35015
8,35016,1,1,1, 35017
7,35022,1,1,1, 35023
15,35021,2,4,1, 35025
8,35026,1,1,0, 35027
24,35029,1,1,0, 35030
7,35032,1,1,0, 35033
8,35036,1,1,1, 35037
31,35036,2,2,1, 35038
24,35039,1,1,0, 35040
23,35038,3,3,1, 35041
16,35039,2,2,1, 35041
6,35040,2,2,1, 35042
7,35042,1,1,1, 35043
8,35046,1,1,0, 35047
31,35046,2,2,1, 35048
24,35049,1,1,0, 35050
6,35050,2,2,1, 35052
7,35052,1,1,1, 35053
15,35051,2,4,1, 35055
8,35056,1,1,1, 35057
24,35059,1,1,1, 35060
14,35059,3,3,1, 35062
6,35060,2,2,1, 35062
13,35059,4,4,1, 35063
7,35062,1,1,0, 35063
15,35061,2,4,1, 35065
8,35066,1,1,0, 35067
31,35066,2,2,1, 35068
9,35067,2,2,1, 35069
24,35069,1,1,0, 35070
16,35069,2,2,1, 35071
14,35069,3,3,1, 35072
17,35069,3,3,1, 35072
7,35072,1,1,0, 35073
25,35075,2,2,1, 35077
1,35076,1,1,0, 35077
8,35076,1,1,1, 35077
9,35077,2,2,1, 35079
24,35079,1,1,1, 35080
23,35078,3,3,1, 35081
16,35079,2,2,1, 35081
17,35079,3,3,1, 35082
6,35080,2,2,1, 35082
13,35079,4,4,1, 35083
1,35086,1,1,0, 35087
8,35086,1,1,1, 35087
9,35087,2,2,1, 35089
24,35089,1,1,1, 35090
16,35089,2,2,1, 35091
17,35089,3,3,1, 35092
2,35093,2,2,1, 35095
25,35095,2,2,1, 35097
1,35096,1,1,0, 35097
8,35096,1,1,1, 35097
3,35097,3,3,1, 35100
24,35099,1,1,1, 35100
16,35099,2,2,1, 35101
17,35099,3,3,1, 35102
2,35103,2,2,1, 35105
27,35102,4,4,1, 35106
18,35103,4,4,1, 35107
25,35105,2,2,1, 35107
1,35106,1,1,1, 35107
8,35106,1,1,0, 35107
3,35107,3,3,1, 35110
24,35109,1,1,0, 35110
16,35109,2,2,1, 35111
8,35116,1,1,0, 35117
24,35119,1,1,1, 35120
8,35126,1,1,0, 35127
24,35129,1,1,0, 35130
8,35136,1,1,0, 35137
24,35139,1,1,0, 35140
8,35146,1,1,0, 35147
24,35149,1,1,1, 35150
8,35156,1,1,0, 35157
24,35159,1,1,0, 35160
8,35166,1,1,0, 35167
24,35169,1,1,1, 35170
8,35176,1,1,1, 35177
24,35179,1,1,0, 35180
16,35179,2,2,1, 35181
8,35186,1,1,1, 35187
24,35189,1,1,1, 35190
16,35189,2,2,1, 35191
7,35192,1,1,0, 35193
8,35196,1,1,0, 35197
24,35199,1,1,0, 35200
16,35199,2,2,1, 35201
7,35202,1,1,0, 35203
8,35206,1,1,0, 35207
24,35209,1,1,0, 35210
7,35212,1,1,1, 35213
25,35215,2,2,1, 35217
1,35216,1,1,1, 35217
8,35216,1,1,0, 35217
9,35217,2,2,1, 35219
24,35219,1,1,0, 35220
16,35219,2,2,1, 35221
7,35222,1,1,1, 35223
1,35226,1,1,0, 35227
8,35226,1,1,1, 35227
9,35227,2,2,1, 35229
24,35229,1,1,0, 35230
23,35228,3,3,1, 35231
16,35229,2,2,1, 35231
17,35229,3,3,1, 35232
6,35230,2,2,1, 35232
7,35232,1,1,1, 35233
15,35231,2,4,1, 35235
1,35236,1,1,0, 35237
8,35236,1,1,0, 35237
22,35236,4,4,1, 35240
5,35237,3,3,1, 35240
24,35239,1,1,0, 35240
23,35238,3,3,1, 35241
29,35238,4,4,1, 35242
17,35239,3,3,1, 35242
6,35240,2,2,1, 35242
7,35242,1,1,1, 35243
30,35243,3,3,1, 35246
1,35246,1,1,0, 35247
8,35246,1,1,0, 35247
31,35246,2,2,1, 35248
9,35247,2,2,1, 35249
24,35249,1,1,0, 35250
23,35248,3,3,1, 35251
16,35249,2,2,1, 35251
29,35248,4,4,1, 35252
17,35249,3,3,1, 35252
6,35250,2,2,1, 35252
7,35252,1,1,1, 35253
25,35255,2,2,1, 35257
1,35256,1,1,1, 35257
8,35256,1,1,0, 35257
31,35256,2,2,1, 35258
5,35257,3,3,1, 35260
24,35259,1,1,1, 35260
21,35257,5,5,1, 35262
7,35262,1,1,0, 35263
15,35261,2,4,1, 35265
18,35263,4,4,1, 35267
1,35266,1,1,1, 35267
8,35266,1,1,0, 35267
9,35267,2,2,1, 35269
24,35269,1,1,0, 35270
2,35273,2,2,1, 35275
18,35273,4,4,1, 35277
25,35275,2,2,1, 35277
1,35276,1,1,0, 35277
8,35276,1,1,1, 35277
9,35277,2,2,1, 35279
24,35279,1,1,1, 35280
1,35286,1,1,1, 35287
8,35286,1,1,0, 35287
24,35289,1,1,0, 35290
16,35289,2,2,1, 35291
17,35289,3,3,1, 35292
2,35293,2,2,1, 35295
25,35295,2,2,1, 35297
8,35296,1,1,0, 35297
24,35299,1,1,0, 35300
16,35299,2,2,1, 35301
8,35306,1,1,1, 35307
24,35309,1,1,0, 35310
8,35316,1,1,0, 35317
24,35319,1,1,1, 35320
8,35326,1,1,1, 35327
24,35329,1,1,0, 35330
16,35329,2,2,1, 35331
8,35336,1,1,0, 35337
24,35339,1,1,0, 35340
8,35346,1,1,0, 35347
24,35349,1,1,1, 35350
16,35349,2,2,1, 35351
8,35356,1,1,0, 35357
24,35359,1,1,1, 35360
8,35366,1,1,0, 35367
24,35369,1,1,1, 35370
16,35369,2,2,1, 35371
7,35372,1,1,0, 35373
8,35376,1,1,0, 35377
24,35379,1,1,1, 35380
7,35382,1,1,0, 35383
8,35386,1,1,1, 35387
31,35386,2,2,1, 35388
24,35389,1,1,1, 35390
7,35392,1,1,1, 35393
8,35396,1,1,0, 35397
31,35396,2,2,1, 35398
24,35399,1,1,1, 35400
7,35402,1,1,0, 35403
1,35406,1,1,0, 35407
8,35406,1,1,0, 35407
24,35409,1,1,0, 35410
14,35409,3,3,1, 35412
6,35410,2,2,1, 35412
7,35412,1,1,1, 35413
30,35413,3,3,1, 35416
1,35416,1,1,0, 35417
8,35416,1,1,1, 35417
22,35416,4,4,1, 35420
24,35419,1,1,0, 35420
13,35419,4,4,1, 35423
7,35422,1,1,1, 35423
30,35423,3,3,1, 35426
1,35426,1,1,1, 35427
8,35426,1,1,1, 35427
31,35426,2,2,1, 35428
22,35426,4,4,1, 35430
24,35429,1,1,1, 35430
14,35429,3,3,1, 35432
6,35430,2,2,1, 35432
13,35429,4,4,1, 35433
7,35432,1,1,1, 35433
30,35433,3,3,1, 35436
25,35435,2,2,1, 35437
1,35436,1,1,1, 35437
8,35436,1,1,1, 35437
31,35436,2,2,1, 35438
5,35437,3,3,1, 35440
24,35439,1,1,1, 35440
16,35439,2,2,1, 35441
29,35438,4,4,1, 35442
13,35439,4,4,1, 35443
25,35445,2,2,1, 35447
1,35446,1,1,1, 35447
8,35446,1,1,0, 35447
24,35449,1,1,1, 35450
16,35449,2,2,1, 35451
1,35456,1,1,1, 35457
8,35456,1,1,1, 35457
24,35459,1,1,1, 35460
16,35459,2,2,1, 35461
1,35466,1,1,0, 35467
8,35466,1,1,1, 35467
24,35469,1,1,0, 35470
25,35475,2,2,1, 35477
1,35476,1,1,1, 35477
8,35476,1,1,1, 35477
24,35479,1,1,0, 35480
2,35483,2,2,1, 35485
18,35483,4,4,1, 35487
1,35486,1,1,0, 35487
8,35486,1,1,0, 35487
24,35489,1,1,1, 35490
16,35489,2,2,1, 35491
2,35493,2,2,1, 35495
18,35493,4,4,1, 35497
25,35495,2,2,1, 35497
1,35496,1,1,0, 35497
8,35496,1,1,1, 35497
20,35493,6,6,1, 35499
28,35494,5,5,1, 35499
4,35496,4,4,1, 35500
26,35497,3,3,1, 35500
24,35499,1,1,1, 35500
27,35502,4,4,1, 35506
25,35505,2,2,1, 35507
1,35506,1,1,0, 35507
8,35506,1,1,1, 35507
11,35504,4,4,1, 35508
20,35503,6,6,1, 35509
28,35504,5,5,1, 35509
9,35507,2,2,1, 35509
4,35506,4,4,1, 35510
24,35509,1,1,1, 35510
8,35516,1,1,1, 35517
24,35519,1,1,1, 35520
8,35526,1,1,0, 35527
24,35529,1,1,1, 35530
16,35529,2,2,1, 35531
8,35536,1,1,1, 35537
24,35539,1,1,0, 35540
16,35539,2,2,1, 35541
8,35546,1,1,0, 35547
31,35546,2,2,1, 35548
24,35549,1,1,0, 35550
16,35549,2,2,1, 35551
7,35552,1,1,0, 35553
8,35556,1,1,0, 35557
31,35556,2,2,1, 35558
22,35556,4,4,1, 35560
24,35559,1,1,0, 35560
23,35558,3,3,1, 35561
16,35559,2,2,1, 35561
21,35557,5,5,1, 35562
14,35559,3,3,1, 35562
13,35559,4,4,1, 35563
7,35562,1,1,0, 35563
15,35561,2,4,1, 35565
8,35566,1,1,0, 35567
24,35569,1,1,1, 35570
23,35568,3,3,1, 35571
21,35567,5,5,1, 35572
14,35569,3,3,1, 35572
13,35569,4,4,1, 35573
7,35572,1,1,1, 35573
30,35573,3,3,1, 35576
8,35576,1,1,1, 35577
22,35576,4,4,1, 35580
5,35577,3,3,1, 35580
24,35579,1,1,1, 35580
23,35578,3,3,1, 35581
16,35579,2,2,1, 35581
21,35577,5,5,1, 35582
14,35579,3,3,1, 35582
8,35586,1,1,1, 35587
24,35589,1,1,0, 35590
16,35589,2,2,1, 35591
8,35596,1,1,0, 35597
24,35599,1,1,0, 35600
16,35599,2,2,1, 35601
8,35606,1,1,0, 35607
24,35609,1,1,1, 35610
25,35615,2,2,1, 35617
1,35616,1,1,1, 35617
8,35616,1,1,0, 35617
24,35619,1,1,0, 35620
25,35625,2,2,1, 35627
1,35626,1,1,0, 35627
8,35626,1,1,1, 35627
24,35629,1,1,0, 35630
2,35633,2,2,1, 35635
18,35633,4,4,1, 35637
25,35635,2,2,1, 35637
1,35636,1,1,1, 35637
8,35636,1,1,0, 35637
9,35637,2,2,1, 35639
26,35637,3,3,1, 35640
24,35639,1,1,1, 35640
17,35639,3,3,1, 35642
25,35645,2,2,1, 35647
1,35646,1,1,0, 35647
8,35646,1,1,0, 35647
9,35647,2,2,1, 35649
3,35647,3,3,1, 35650
24,35649,1,1,1, 35650
16,35649,2,2,1, 35651
17,35649,3,3,1, 35652
27,35652,4,4,1, 35656
1,35656,1,1,1, 35657
8,35656,1,1,0, 35657
11,35654,4,4,1, 35658
9,35657,2,2,1, 35659
26,35657,3,3,1, 35660
24,35659,1,1,0, 35660
8,35666,1,1,1, 35667
24,35669,1,1,1, 35670
8,35676,1,1,0, 35677
24,35679,1,1,1, 35680
8,35686,1,1,1, 35687
24,35689,1,1,1, 35690
7,35692,1,1,0, 35693
8,35696,1,1,0, 35697
24,35699,1,1,1, 35700
7,35702,1,1,0, 35703
30,35703,3,3,1, 35706
8,35706,1,1,1, 35707
24,35709,1,1,1, 35710
16,35709,2,2,1, 35711
14,35709,3,3,1, 35712
6,35710,2,2,1, 35712
7,35712,1,1,0, 35713
15,35711,2,4,1, 35715
8,35716,1,1,1, 35717
22,35716,4,4,1, 35720
24,35719,1,1,1, 35720
23,35718,3,3,1, 35721
6,35720,2,2,1, 35722
7,35722,1,1,0, 35723
15,35721,2,4,1, 35725
30,35723,3,3,1, 35726
8,35726,1,1,0, 35727
31,35726,2,2,1, 35728
22,35726,4,4,1, 35730
24,35729,1,1,1, 35730
23,35728,3,3,1, 35731
14,35729,3,3,1, 35732
13,35729,4,4,1, 35733
7,35732,1,1,1, 35733
8,35736,1,1,1, 35737
24,35739,1,1,0, 35740
6,35740,2,2,1, 35742
13,35739,4,4,1, 35743
7,35742,1,1,1, 35743
30,35743,3,3,1, 35746
8,35746,1,1,0, 35747
24,35749,1,1,1, 35750
8,35756,1,1,0, 35757
24,35759,1,1,1, 35760
16,35759,2,2,1, 35761
1,35766,1,1,1, 35767
8,35766,1,1,1, 35767
24,35769,1,1,1, 35770
25,35775,2,2,1, 35777
1,35776,1,1,0, 35777
8,35776,1,1,0, 35777
9,35777,2,2,1, 35779
24,35779,1,1,0, 35780
25,35785,2,2,1, 35787
1,35786,1,1,1, 35787
8,35786,1,1,0, 35787
9,35787,2,2,1, 35789
24,35789,1,1,0, 35790
17,35789,3,3,1, 35792
25,35795,2,2,1, 35797
1,35796,1,1,0, 35797
8,35796,1,1,1, 35797
24,35799,1,1,1, 35800
17,35799,3,3,1, 35802
1,35806,1,1,1, 35807
8,35806,1,1,1, 35807
9,35807,2,2,1, 35809
24,35809,1,1,0, 35810
16,35809,2,2,1, 35811
2,35813,2,2,1, 35815
25,35815,2,2,1, 35817
1,35816,1,1,1, 35817
8,35816,1,1,1, 35817
26,35817,3,3,1, 35820
24,35819,1,1,1, 35820
1,35826,1,1,0, 35827
8,35826,1,1,1, 35827
26,35827,3,3,1, 35830
24,35829,1,1,0, 35830
16,35829,2,2,1, 35831
17,35829,3,3,1, 35832
1,35836,1,1,0, 35837
8,35836,1,1,0, 35837
28,35834,5,5,1, 35839
9,35837,2,2,1, 35839
26,35837,3,3,1, 35840
24,35839,1,1,0, 35840
19,35836,5,5,1, 35841
16,35839,2,2,1, 35841
12,35840,5,5,1, 35845
8,35846,1,1,0, 35847
24,35849,1,1,0, 35850
7,35852,1,1,1, 35853
15,35851,2,4,1, 35855
8,35856,1,1,1, 35857
31,35856,2,2,1, 35858
24,35859,1,1,0, 35860
7,35862,1,1,1, 35863
8,35866,1,1,1, 35867
31,35866,2,2,1, 35868
24,35869,1,1,1, 35870
21,35867,5,5,1, 35872
29,35868,4,4,1, 35872
6,35870,2,2,1, 35872
7,35872,1,1,0, 35873
15,35871,2,4,1, 35875
8,35876,1,1,1, 35877
31,35876,2,2,1, 35878
24,35879,1,1,1, 35880
23,35878,3,3,1, 35881
16,35879,2,2,1, 35881
7,35882,1,1,1, 35883
8,35886,1,1,1, 35887
22,35886,4,4,1, 35890
5,35887,3,3,1, 35890
24,35889,1,1,1, 35890
7,35892,1,1,0, 35893
30,35893,3,3,1, 35896
8,35896,1,1,1, 35897
22,35896,4,4,1, 35900
5,35897,3,3,1, 35900
24,35899,1,1,0, 35900
16,35899,2,2,1, 35901
21,35897,5,5,1, 35902
7,35902,1,1,1, 35903
30,35903,3,3,1, 35906
8,35906,1,1,0, 35907
22,35906,4,4,1, 35910
24,35909,1,1,0, 35910
8,35916,1,1,0, 35917
24,35919,1,1,1, 35920
8,35926,1,1,1, 35927
24,35929,1,1,1, 35930
16,35929,2,2,1, 35931
8,35936,1,1,1, 35937
24,35939,1,1,0, 35940
16,35939,2,2,1, 35941
8,35946,1,1,0, 35947
9,35947,2,2,1, 35949
24,35949,1,1,1, 35950
1,35956,1,1,0, 35957
8,35956,1,1,1, 35957
9,35957,2,2,1, 35959
24,35959,1,1,0, 35960
17,35959,3,3,1, 35962
25,35965,2,2,1, 35967
1,35966,1,1,1, 35967
8,35966,1,1,0, 35967
9,35967,2,2,1, 35969
24,35969,1,1,0, 35970
16,35969,2,2,1, 35971
1,35976,1,1,1, 35977
8,35976,1,1,0, 35977
24,35979,1,1,0, 35980
16,35979,2,2,1, 35981
17,35979,3,3,1, 35982
12,35980,5,5,1, 35985
2,35983,2,2,1, 35985
1,35986,1,1,1, 35987
8,35986,1,1,1, 35987
11,35984,4,4,1, 35988
3,35987,3,3,1, 35990
24,35989,1,1,0, 35990
19,35986,5,5,1, 35991
17,35989,3,3,1, 35992
1,35996,1,1,0, 35997
8,35996,1,1,1, 35997
9,35997,2,2,1, 35999
4,35996,4,4,1, 36000
3,35997,3,3,1, 36000
24,35999,1,1,0, 36000
19,35996,5,5,1, 36001
17,35999,3,3,1, 36002
8,36006,1,1,0, 36007
24,36009,1,1,0, 36010
16,36009,2,2,1, 36011
7,36012,1,1,0, 36013
15,36011,2,4,1, 36015
8,36016,1,1,0, 36017
24,36019,1,1,0, 36020
16,36019,2,2,1, 36021
7,36022,1,1,1, 36023
8,36026,1,1,1, 36027
31,36026,2,2,1, 36028
24,36029,1,1,0, 36030
16,36029,2,2,1, 36031
7,36032,1,1,0, 36033
15,36031,2,4,1, 36035
30,36033,3,3,1, 36036
8,36036,1,1,1, 36037
22,36036,4,4,1, 36040
24,36039,1,1,1, 36040
14,36039,3,3,1, 36042
6,36040,2,2,1, 36042
13,36039,4,4,1, 36043
7,36042,1,1,1, 36043
15,36041,2,4,1, 36045
30,36043,3,3,1, 36046
8,36046,1,1,0, 36047
31,36046,2,2,1, 36048
22,36046,4,4,1, 36050
5,36047,3,3,1, 36050
24,36049,1,1,0, 36050
23,36048,3,3,1, 36051
21,36047,5,5,1, 36052
29,36048,4,4,1, 36052
6,36050,2,2,1, 36052
8,36056,1,1,1, 36057
24,36059,1,1,1, 36060
16,36059,2,2,1, 36061
8,36066,1,1,1, 36067
24,36069,1,1,1, 36070
8,36076,1,1,1, 36077
24,36079,1,1,0, 36080
8,36086,1,1,1, 36087
24,36089,1,1,1, 36090
8,36096,1,1,1, 36097
24,36099,1,1,1, 36100
16,36099,2,2,1, 36101
18,36103,4,4,1, 36107
25,36105,2,2,1, 36107
1,36106,1,1,0, 36107
8,36106,1,1,1, 36107
20,36103,6,6,1, 36109
28,36104,5,5,1, 36109
24,36109,1,1,0, 36110
16,36109,2,2,1, 36111
25,36115,2,2,1, 36117
1,36116,1,1,1, 36117
8,36116,1,1,0, 36117
24,36119,1,1,0, 36120
25,36125,2,2,1, 36127
1,36126,1,1,0, 36127
8,36126,1,1,0, 36127
24,36129,1,1,1, 36130
25,36135,2,2,1, 36137
1,36136,1,1,0, 36137
8,36136,1,1,0, 36137
24,36139,1,1,1, 36140
1,36146,1,1,1, 36147
8,36146,1,1,1, 36147
24,36149,1,1,1, 36150
16,36149,2,2,1, 36151
1,36156,1,1,0, 36157
8,36156,1,1,0, 36157
24,36159,1,1,1, 36160
23,36158,3,3,1, 36161
7,36162,1,1,1, 36163
15,36161,2,4,1, 36165
1,36166,1,1,0, 36167
8,36166,1,1,0, 36167
31,36166,2,2,1, 36168
24,36169,1,1,1, 36170
23,36168,3,3,1, 36171
7,36172,1,1,0, 36173
1,36176,1,1,0, 36177
8,36176,1,1,1, 36177
31,36176,2,2,1, 36178
9,36177,2,2,1, 36179
24,36179,1,1,1, 36180
23,36178,3,3,1, 36181
16,36179,2,2,1, 36181
7,36182,1,1,1, 36183
25,36185,2,2,1, 36187
1,36186,1,1,1, 36187
8,36186,1,1,1, 36187
5,36187,3,3,1, 36190
24,36189,1,1,0, 36190
14,36189,3,3,1, 36192
7,36192,1,1,0, 36193
1,36196,1,1,1, 36197
8,36196,1,1,0, 36197
5,36197,3,3,1, 36200
24,36199,1,1,1, 36200
16,36199,2,2,1, 36201
13,36199,4,4,1, 36203
7,36202,1,1,1, 36203
30,36203,3,3,1, 36206
1,36206,1,1,1, 36207
8,36206,1,1,1, 36207
9,36207,2,2,1, 36209
24,36209,1,1,0, 36210
21,36207,5,5,1, 36212
6,36210,2,2,1, 36212
7,36212,1,1,1, 36213
12,36210,5,5,1, 36215
2,36213,2,2,1, 36215
27,36212,4,4,1, 36216
18,36213,4,4,1, 36217
25,36215,2,2,1, 36217
1,36216,1,1,1, 36217
8,36216,1,1,1, 36217
11,36214,4,4,1, 36218
28,36214,5,5,1, 36219
9,36217,2,2,1, 36219
22,36216,4,4,1, 36220
26,36217,3,3,1, 36220
24,36219,1,1,1, 36220
16,36219,2,2,1, 36221
29,36218,4,4,1, 36222
17,36219,3,3,1, 36222
7,36222,1,1,1, 36223
30,36223,3,3,1, 36226
8,36226,1,1,0, 36227
5,36227,3,3,1, 36230
24,36229,1,1,0, 36230
13,36229,4,4,1, 36233
8,36236,1,1,0, 36237
24,36239,1,1,0, 36240
16,36239,2,2,1, 36241
8,36246,1,1,1, 36247
24,36249,1,1,1, 36250
16,36249,2,2,1, 36251
8,36256,1,1,0, 36257
24,36259,1,1,1, 36260
16,36259,2,2,1, 36261
8,36266,1,1,1, 36267
24,36269,1,1,0, 36270
8,36276,1,1,0, 36277
24,36279,1,1,1, 36280
8,36286,1,1,1, 36287
24,36289,1,1,0, 36290
16,36289,2,2,1, 36291
8,36296,1,1,1, 36297
24,36299,1,1,0, 36300
16,36299,2,2,1, 36301
8,36306,1,1,0, 36307
24,36309,1,1,0, 36310
8,36316,1,1,0, 36317
24,36319,1,1,1, 36320
1,36326,1,1,0, 36327
8,36326,1,1,0, 36327
24,36329,1,1,1, 36330
17,36329,3,3,1, 36332
1,36336,1,1,0, 36337
8,36336,1,1,0, 36337
31,36336,2,2,1, 36338
9,36337,2,2,1, 36339
24,36339,1,1,1, 36340
16,36339,2,2,1, 36341
7,36342,1,1,0, 36343
15,36341,2,4,1, 36345
25,36345,2,2,1, 36347
1,36346,1,1,0, 36347
8,36346,1,1,1, 36347
31,36346,2,2,1, 36348
22,36346,4,4,1, 36350
24,36349,1,1,0, 36350
17,36349,3,3,1, 36352
6,36350,2,2,1, 36352
13,36349,4,4,1, 36353
7,36352,1,1,0, 36353
15,36351,2,4,1, 36355
30,36353,3,3,1, 36356
1,36356,1,1,1, 36357
8,36356,1,1,1, 36357
22,36356,4,4,1, 36360
24,36359,1,1,0, 36360
23,36358,3,3,1, 36361
14,36359,3,3,1, 36362
6,36360,2,2,1, 36362
7,36362,1,1,1, 36363
1,36366,1,1,1, 36367
8,36366,1,1,0, 36367
9,36367,2,2,1, 36369
22,36366,4,4,1, 36370
5,36367,3,3,1, 36370
24,36369,1,1,0, 36370
16,36369,2,2,1, 36371
29,36368,4,4,1, 36372
14,36369,3,3,1, 36372
17,36369,3,3,1, 36372
25,36375,2,2,1, 36377
1,36376,1,1,1, 36377
8,36376,1,1,1, 36377
24,36379,1,1,1, 36380
16,36379,2,2,1, 36381
17,36379,3,3,1, 36382
25,36385,2,2,1, 36387
1,36386,1,1,0, 36387
8,36386,1,1,0, 36387
9,36387,2,2,1, 36389
24,36389,1,1,1, 36390
16,36389,2,2,1, 36391
17,36389,3,3,1, 36392
1,36396,1,1,0, 36397
8,36396,1,1,1, 36397
24,36399,1,1,0, 36400
16,36399,2,2,1, 36401
1,36406,1,1,1, 36407
8,36406,1,1,1, 36407
24,36409,1,1,0, 36410
16,36409,2,2,1, 36411
1,36416,1,1,1, 36417
8,36416,1,1,0, 36417
9,36417,2,2,1, 36419
24,36419,1,1,1, 36420
16,36419,2,2,1, 36421
25,36425,2,2,1, 36427
1,36426,1,1,1, 36427
8,36426,1,1,0, 36427
9,36427,2,2,1, 36429
26,36427,3,3,1, 36430
24,36429,1,1,0, 36430
18,36433,4,4,1, 36437
1,36436,1,1,1, 36437
8,36436,1,1,1, 36437
9,36437,2,2,1, 36439
24,36439,1,1,0, 36440
17,36439,3,3,1, 36442
2,36443,2,2,1, 36445
8,36446,1,1,1, 36447
24,36449,1,1,0, 36450
16,36449,2,2,1, 36451
8,36456,1,1,1, 36457
24,36459,1,1,0, 36460
16,36459,2,2,1, 36461
8,36466,1,1,1, 36467
24,36469,1,1,0, 36470
8,36476,1,1,0, 36477
24,36479,1,1,0, 36480
23,36478,3,3,1, 36481
7,36482,1,1,0, 36483
8,36486,1,1,1, 36487
24,36489,1,1,0, 36490
23,36488,3,3,1, 36491
29,36488,4,4,1, 36492
6,36490,2,2,1, 36492
7,36492,1,1,0, 36493
15,36491,2,4,1, 36495
8,36496,1,1,1, 36497
24,36499,1,1,1, 36500
23,36498,3,3,1, 36501
6,36500,2,2,1, 36502
7,36502,1,1,0, 36503
15,36501,2,4,1, 36505
30,36503,3,3,1, 36506
8,36506,1,1,1, 36507
22,36506,4,4,1, 36510
24,36509,1,1,0, 36510
23,36508,3,3,1, 36511
7,36512,1,1,0, 36513
8,36516,1,1,0, 36517
31,36516,2,2,1, 36518
22,36516,4,4,1, 36520
5,36517,3,3,1, 36520
24,36519,1,1,0, 36520
23,36518,3,3,1, 36521
16,36519,2,2,1, 36521
29,36518,4,4,1, 36522
8,36526,1,1,0, 36527
24,36529,1,1,0, 36530
16,36529,2,2,1, 36531
8,36536,1,1,0, 36537
24,36539,1,1,0, 36540
8,36546,1,1,1, 36547
9,36547,2,2,1, 36549
24,36549,1,1,1, 36550
25,36555,2,2,1, 36557
1,36556,1,1,0, 36557
8,36556,1,1,1, 36557
9,36557,2,2,1, 36559
24,36559,1,1,0, 36560
16,36559,2,2,1, 36561
17,36559,3,3,1, 36562
25,36565,2,2,1, 36567
1,36566,1,1,0, 36567
8,36566,1,1,0, 36567
24,36569,1,1,0, 36570
16,36569,2,2,1, 36571
1,36576,1,1,1, 36577
8,36576,1,1,0, 36577
9,36577,2,2,1, 36579
24,36579,1,1,0, 36580
16,36579,2,2,1, 36581
25,36585,2,2,1, 36587
1,36586,1,1,0, 36587
8,36586,1,1,1, 36587
24,36589,1,1,0, 36590
16,36589,2,2,1, 36591
1,36596,1,1,0, 36597
8,36596,1,1,1, 36597
24,36599,1,1,0, 36600
16,36599,2,2,1, 36601
17,36599,3,3,1, 36602
25,36605,2,2,1, 36607
1,36606,1,1,0, 36607
8,36606,1,1,0, 36607
9,36607,2,2,1, 36609
24,36609,1,1,0, 36610
17,36609,3,3,1, 36612
25,36615,2,2,1, 36617
1,36616,1,1,1, 36617
8,36616,1,1,1, 36617
26,36617,3,3,1, 36620
24,36619,1,1,0, 36620
16,36619,2,2,1, 36621
17,36619,3,3,1, 36622
2,36623,2,2,1, 36625
18,36623,4,4,1, 36627
25,36625,2,2,1, 36627
1,36626,1,1,1, 36627
8,36626,1,1,1, 36627
24,36629,1,1,0, 36630
16,36629,2,2,1, 36631
7,36632,1,1,0, 36633
25,36635,2,2,1, 36637
1,36636,1,1,1, 36637
8,36636,1,1,0, 36637
9,36637,2,2,1, 36639
24,36639,1,1,1, 36640
16,36639,2,2,1, 36641
7,36642,1,1,1, 36643
8,36646,1,1,1, 36647
24,36649,1,1,0, 36650
7,36652,1,1,0, 36653
8,36656,1,1,0, 36657
24,36659,1,1,0, 36660
16,36659,2,2,1, 36661
7,36662,1,1,1, 36663
8,36666,1,1,1, 36667
22,36666,4,4,1, 36670
14,36669,3,3,1, 36672
13,36669,4,4,1, 36673
7,36672,1,1,0, 36673
8,36676,1,1,0, 36677
14,36679,3,3,1, 36682
7,36682,1,1,1, 36683
8,36686,1,1,1, 36687
14,36689,3,3,1, 36692
6,36690,2,2,1, 36692
7,36692,1,1,1, 36693
8,36696,1,1,1, 36697
21,36697,5,5,1, 36702
29,36698,4,4,1, 36702
14,36699,3,3,1, 36702
13,36699,4,4,1, 36703
7,36702,1,1,1, 36703
8,36706,1,1,1, 36707
21,36707,5,5,1, 36712
13,36709,4,4,1, 36713
7,36712,1,1,0, 36713
15,36711,2,4,1, 36715
8,36716,1,1,0, 36717
21,36717,5,5,1, 36722
6,36720,2,2,1, 36722
7,36722,1,1,1, 36723
15,36721,2,4,1, 36725
8,36726,1,1,0, 36727
31,36726,2,2,1, 36728
5,36727,3,3,1, 36730
21,36727,5,5,1, 36732
13,36729,4,4,1, 36733
8,36736,1,1,0, 36737
25,36745,2,2,1, 36747
1,36746,1,1,1, 36747
8,36746,1,1,0, 36747
9,36747,2,2,1, 36749
25,36755,2,2,1, 36757
1,36756,1,1,1, 36757
8,36756,1,1,0, 36757
17,36759,3,3,1, 36762
1,36766,1,1,0, 36767
8,36766,1,1,1, 36767
9,36767,2,2,1, 36769
24,36769,1,1,0, 36770
16,36769,2,2,1, 36771
1,36776,1,1,1, 36777
8,36776,1,1,1, 36777
9,36777,2,2,1, 36779
24,36779,1,1,1, 36780
25,36785,2,2,1, 36787
1,36786,1,1,1, 36787
8,36786,1,1,0, 36787
24,36789,1,1,1, 36790
17,36789,3,3,1, 36792
1,36796,1,1,0, 36797
8,36796,1,1,1, 36797
24,36799,1,1,1, 36800
16,36799,2,2,1, 36801
25,36805,2,2,1, 36807
1,36806,1,1,1, 36807
8,36806,1,1,1, 36807
9,36807,2,2,1, 36809
24,36809,1,1,1, 36810
16,36809,2,2,1, 36811
1,36816,1,1,0, 36817
8,36816,1,1,1, 36817
9,36817,2,2,1, 36819
24,36819,1,1,0, 36820
16,36819,2,2,1, 36821
1,36826,1,1,1, 36827
8,36826,1,1,1, 36827
24,36829,1,1,0, 36830
2,36833,2,2,1, 36835
1,36836,1,1,1, 36837
8,36836,1,1,0, 36837
9,36837,2,2,1, 36839
24,36839,1,1,0, 36840
17,36839,3,3,1, 36842
7,36842,1,1,0, 36843
25,36845,2,2,1, 36847
1,36846,1,1,0, 36847
8,36846,1,1,1, 36847
9,36847,2,2,1, 36849
24,36849,1,1,1, 36850
7,36852,1,1,1, 36853
2,36853,2,2,1, 36855
18,36853,4,4,1, 36857
8,36856,1,1,0, 36857
5,36857,3,3,1, 36860
24,36859,1,1,1, 36860
16,36859,2,2,1, 36861
7,36862,1,1,1, 36863
30,36863,3,3,1, 36866
8,36866,1,1,1, 36867
22,36866,4,4,1, 36870
24,36869,1,1,1, 36870
16,36869,2,2,1, 36871
6,36870,2,2,1, 36872
7,36872,1,1,0, 36873
8,36876,1,1,1, 36877
22,36876,4,4,1, 36880
5,36877,3,3,1, 36880
24,36879,1,1,1, 36880
16,36879,2,2,1, 36881
14,36879,3,3,1, 36882
6,36880,2,2,1, 36882
7,36882,1,1,0, 36883
30,36883,3,3,1, 36886
8,36886,1,1,0, 36887
24,36889,1,1,1, 36890
29,36888,4,4,1, 36892
7,36892,1,1,0, 36893
8,36896,1,1,0, 36897
31,36896,2,2,1, 36898
22,36896,4,4,1, 36900
24,36899,1,1,1, 36900
7,36902,1,1,0, 36903
15,36901,2,4,1, 36905
30,36903,3,3,1, 36906
8,36906,1,1,1, 36907
22,36906,4,4,1, 36910
5,36907,3,3,1, 36910
24,36909,1,1,0, 36910
16,36909,2,2,1, 36911
8,36916,1,1,0, 36917
24,36919,1,1,0, 36920
8,36926,1,1,0, 36927
24,36929,1,1,0, 36930
16,36929,2,2,1, 36931
8,36936,1,1,0, 36937
24,36939,1,1,0, 36940
8,36946,1,1,1, 36947
24,36949,1,1,0, 36950
16,36949,2,2,1, 36951
8,36956,1,1,1, 36957
24,36959,1,1,1, 36960
16,36959,2,2,1, 36961
17,36959,3,3,1, 36962
1,36966,1,1,1, 36967
8,36966,1,1,0, 36967
24,36969,1,1,0, 36970
16,36969,2,2,1, 36971
25,36975,2,2,1, 36977
1,36976,1,1,0, 36977
8,36976,1,1,1, 36977
24,36979,1,1,1, 36980
16,36979,2,2,1, 36981
25,36985,2,2,1, 36987
1,36986,1,1,1, 36987
8,36986,1,1,0, 36987
24,36989,1,1,0, 36990
25,36995,2,2,1, 36997
1,36996,1,1,0, 36997
8,36996,1,1,0, 36997
24,36999,1,1,0, 37000
18,37003,4,4,1, 37007
1,37006,1,1,0, 37007
8,37006,1,1,1, 37007
24,37009,1,1,1, 37010
16,37009,2,2,1, 37011
25,37015,2,2,1, 37017
1,37016,1,1,0, 37017
8,37016,1,1,1, 37017
31,37016,2,2,1, 37018
26,37017,3,3,1, 37020
24,37019,1,1,1, 37020
16,37019,2,2,1, 37021
13,37019,4,4,1, 37023
7,37022,1,1,0, 37023
18,37023,4,4,1, 37027
1,37026,1,1,1, 37027
8,37026,1,1,0, 37027
22,37026,4,4,1, 37030
24,37029,1,1,1, 37030
23,37028,3,3,1, 37031
16,37029,2,2,1, 37031
13,37029,4,4,1, 37033
7,37032,1,1,0, 37033
15,37031,2,4,1, 37035
2,37033,2,2,1, 37035
27,37032,4,4,1, 37036
30,37033,3,3,1, 37036
18,37033,4,4,1, 37037
1,37036,1,1,1, 37037
8,37036,1,1,1, 37037
22,37036,4,4,1, 37040
24,37039,1,1,1, 37040
16,37039,2,2,1, 37041
14,37039,3,3,1, 37042
13,37039,4,4,1, 37043
7,37042,1,1,1, 37043
2,37043,2,2,1, 37045
18,37043,4,4,1, 37047
1,37046,1,1,0, 37047
8,37046,1,1,1, 37047
11,37044,4,4,1, 37048
3,37047,3,3,1, 37050
24,37049,1,1,0, 37050
19,37046,5,5,1, 37051
23,37048,3,3,1, 37051
16,37049,2,2,1, 37051
6,37050,2,2,1, 37052
13,37049,4,4,1, 37053
7,37052,1,1,0, 37053
2,37053,2,2,1, 37055
27,37052,4,4,1, 37056
18,37053,4,4,1, 37057
8,37056,1,1,0, 37057
31,37056,2,2,1, 37058
24,37059,1,1,0, 37060
16,37059,2,2,1, 37061
14,37059,3,3,1, 37062
6,37060,2,2,1, 37062
13,37059,4,4,1, 37063
8,37066,1,1,0, 37067
24,37069,1,1,1, 37070
8,37076,1,1,1, 37077
24,37079,1,1,0, 37080
8,37086,1,1,1, 37087
24,37089,1,1,1, 37090
16,37089,2,2,1, 37091
8,37096,1,1,0, 37097
24,37099,1,1,1, 37100
16,37099,2,2,1, 37101
8,37106,1,1,0, 37107
24,37109,1,1,1, 37110
8,37116,1,1,0, 37117
24,37119,1,1,1, 37120
16,37119,2,2,1, 37121
8,37126,1,1,0, 37127
24,37129,1,1,0, 37130
8,37136,1,1,1, 37137
24,37139,1,1,1, 37140
8,37146,1,1,0, 37147
24,37149,1,1,1, 37150
8,37156,1,1,1, 37157
24,37159,1,1,0, 37160
16,37159,2,2,1, 37161
17,37159,3,3,1, 37162
25,37165,2,2,1, 37167
1,37166,1,1,0, 37167
8,37166,1,1,0, 37167
24,37169,1,1,1, 37170
16,37169,2,2,1, 37171
17,37169,3,3,1, 37172
7,37172,1,1,0, 37173
18,37173,4,4,1, 37177
25,37175,2,2,1, 37177
1,37176,1,1,1, 37177
8,37176,1,1,0, 37177
9,37177,2,2,1, 37179
26,37177,3,3,1, 37180
24,37179,1,1,1, 37180
16,37179,2,2,1, 37181
7,37182,1,1,0, 37183
1,37186,1,1,1, 37187
8,37186,1,1,0, 37187
26,37187,3,3,1, 37190
24,37189,1,1,1, 37190
16,37189,2,2,1, 37191
7,37192,1,1,0, 37193
18,37193,4,4,1, 37197
25,37195,2,2,1, 37197
1,37196,1,1,0, 37197
8,37196,1,1,1, 37197
9,37197,2,2,1, 37199
24,37199,1,1,0, 37200
16,37199,2,2,1, 37201
7,37202,1,1,0, 37203
1,37206,1,1,1, 37207
8,37206,1,1,0, 37207
31,37206,2,2,1, 37208
9,37207,2,2,1, 37209
22,37206,4,4,1, 37210
26,37207,3,3,1, 37210
24,37209,1,1,1, 37210
14,37209,3,3,1, 37212
6,37210,2,2,1, 37212
7,37212,1,1,0, 37213
2,37213,2,2,1, 37215
18,37213,4,4,1, 37217
1,37216,1,1,0, 37217
8,37216,1,1,1, 37217
31,37216,2,2,1, 37218
26,37217,3,3,1, 37220
24,37219,1,1,1, 37220
16,37219,2,2,1, 37221
14,37219,3,3,1, 37222
13,37219,4,4,1, 37223
7,37222,1,1,0, 37223
18,37223,4,4,1, 37227
25,37225,2,2,1, 37227
1,37226,1,1,1, 37227
8,37226,1,1,0, 37227
31,37226,2,2,1, 37228
9,37227,2,2,1, 37229
24,37229,1,1,0, 37230
14,37229,3,3,1, 37232
13,37229,4,4,1, 37233
7,37232,1,1,1, 37233
8,37236,1,1,0, 37237
31,37236,2,2,1, 37238
24,37239,1,1,0, 37240
16,37239,2,2,1, 37241
6,37240,2,2,1, 37242
13,37239,4,4,1, 37243
7,37242,1,1,1, 37243
8,37246,1,1,0, 37247
31,37246,2,2,1, 37248
22,37246,4,4,1, 37250
24,37249,1,1,0, 37250
13,37249,4,4,1, 37253
7,37252,1,1,1, 37253
8,37256,1,1,1, 37257
31,37256,2,2,1, 37258
24,37259,1,1,1, 37260
16,37259,2,2,1, 37261
6,37260,2,2,1, 37262
8,37266,1,1,1, 37267
24,37269,1,1,0, 37270
16,37269,2,2,1, 37271
8,37276,1,1,1, 37277
24,37279,1,1,1, 37280
8,37286,1,1,1, 37287
24,37289,1,1,0, 37290
8,37296,1,1,0, 37297
24,37299,1,1,1, 37300
8,37306,1,1,0, 37307
24,37309,1,1,0, 37310
16,37309,2,2,1, 37311
8,37316,1,1,1, 37317
24,37319,1,1,1, 37320
16,37319,2,2,1, 37321
8,37326,1,1,0, 37327
24,37329,1,1,1, 37330
8,37336,1,1,0, 37337
9,37337,2,2,1, 37339
24,37339,1,1,0, 37340
16,37339,2,2,1, 37341
25,37345,2,2,1, 37347
1,37346,1,1,0, 37347
8,37346,1,1,0, 37347
9,37347,2,2,1, 37349
24,37349,1,1,0, 37350
16,37349,2,2,1, 37351
17,37349,3,3,1, 37352
1,37356,1,1,1, 37357
8,37356,1,1,1, 37357
9,37357,2,2,1, 37359
24,37359,1,1,0, 37360
16,37359,2,2,1, 37361
17,37359,3,3,1, 37362
25,37365,2,2,1, 37367
1,37366,1,1,0, 37367
8,37366,1,1,1, 37367
9,37367,2,2,1, 37369
24,37369,1,1,0, 37370
7,37372,1,1,0, 37373
15,37371,2,4,1, 37375
2,37373,2,2,1, 37375
1,37376,1,1,0, 37377
8,37376,1,1,0, 37377
31,37376,2,2,1, 37378
9,37377,2,2,1, 37379
26,37377,3,3,1, 37380
24,37379,1,1,1, 37380
23,37378,3,3,1, 37381
17,37379,3,3,1, 37382
7,37382,1,1,1, 37383
15,37381,2,4,1, 37385
2,37383,2,2,1, 37385
18,37383,4,4,1, 37387
1,37386,1,1,0, 37387
8,37386,1,1,1, 37387
9,37387,2,2,1, 37389
24,37389,1,1,0, 37390
23,37388,3,3,1, 37391
7,37392,1,1,1, 37393
15,37391,2,4,1, 37395
1,37396,1,1,0, 37397
8,37396,1,1,1, 37397
31,37396,2,2,1, 37398
9,37397,2,2,1, 37399
24,37399,1,1,1, 37400
16,37399,2,2,1, 37401
7,37402,1,1,0, 37403
15,37401,2,4,1, 37405
8,37406,1,1,1, 37407
5,37407,3,3,1, 37410
24,37409,1,1,0, 37410
16,37409,2,2,1, 37411
7,37412,1,1,1, 37413
30,37413,3,3,1, 37416
8,37416,1,1,0, 37417
22,37416,4,4,1, 37420
24,37419,1,1,1, 37420
23,37418,3,3,1, 37421
6,37420,2,2,1, 37422
7,37422,1,1,1, 37423
15,37421,2,4,1, 37425
30,37423,3,3,1, 37426
8,37426,1,1,1, 37427
31,37426,2,2,1, 37428
24,37429,1,1,0, 37430
16,37429,2,2,1, 37431
8,37436,1,1,0, 37437
24,37439,1,1,0, 37440
16,37439,2,2,1, 37441
8,37446,1,1,0, 37447
8,37456,1,1,1, 37457
8,37466,1,1,1, 37467
8,37476,1,1,0, 37477
8,37486,1,1,0, 37487
8,37496,1,1,1, 37497
25,37505,2,2,1, 37507
1,37506,1,1,1, 37507
8,37506,1,1,0, 37507
9,37507,2,2,1, 37509
25,37515,2,2,1, 37517
1,37516,1,1,1, 37517
8,37516,1,1,1, 37517
9,37517,2,2,1, 37519
1,37526,1,1,0, 37527
8,37526,1,1,1, 37527
9,37527,2,2,1, 37529
7,37532,1,1,1, 37533
15,37531,2,4,1, 37535
1,37536,1,1,1, 37537
8,37536,1,1,1, 37537
7,37542,1,1,0, 37543
2,37543,2,2,1, 37545
18,37543,4,4,1, 37547
25,37545,2,2,1, 37547
1,37546,1,1,1, 37547
8,37546,1,1,1, 37547
26,37547,3,3,1, 37550
24,37549,1,1,0, 37550
7,37552,1,1,1, 37553
15,37551,2,4,1, 37555
18,37553,4,4,1, 37557
1,37556,1,1,1, 37557
8,37556,1,1,1, 37557
28,37554,5,5,1, 37559
4,37556,4,4,1, 37560
3,37557,3,3,1, 37560
26,37557,3,3,1, 37560
24,37559,1,1,0, 37560
19,37556,5,5,1, 37561
17,37559,3,3,1, 37562
7,37562,1,1,1, 37563
15,37561,2,4,1, 37565
8,37566,1,1,0, 37567
31,37566,2,2,1, 37568
24,37569,1,1,0, 37570
23,37568,3,3,1, 37571
16,37569,2,2,1, 37571
6,37570,2,2,1, 37572
7,37572,1,1,0, 37573
30,37573,3,3,1, 37576
8,37576,1,1,0, 37577
22,37576,4,4,1, 37580
24,37579,1,1,1, 37580
14,37579,3,3,1, 37582
13,37579,4,4,1, 37583
7,37582,1,1,0, 37583
8,37586,1,1,0, 37587
24,37589,1,1,0, 37590
14,37589,3,3,1, 37592
6,37590,2,2,1, 37592
7,37592,1,1,1, 37593
8,37596,1,1,0, 37597
24,37599,1,1,0, 37600
16,37599,2,2,1, 37601
13,37599,4,4,1, 37603
7,37602,1,1,0, 37603
8,37606,1,1,0, 37607
5,37607,3,3,1, 37610
24,37609,1,1,0, 37610
16,37609,2,2,1, 37611
21,37607,5,5,1, 37612
29,37608,4,4,1, 37612
7,37612,1,1,0, 37613
30,37613,3,3,1, 37616
8,37616,1,1,1, 37617
22,37616,4,4,1, 37620
24,37619,1,1,0, 37620
16,37619,2,2,1, 37621
14,37619,3,3,1, 37622
8,37626,1,1,0, 37627
24,37629,1,1,0, 37630
16,37629,2,2,1, 37631
8,37636,1,1,0, 37637
24,37639,1,1,0, 37640
16,37639,2,2,1, 37641
8,37646,1,1,1, 37647
24,37649,1,1,1, 37650
8,37656,1,1,0, 37657
24,37659,1,1,1, 37660
1,37666,1,1,0, 37667
8,37666,1,1,0, 37667
24,37669,1,1,0, 37670
17,37669,3,3,1, 37672
2,37673,2,2,1, 37675
1,37676,1,1,0, 37677
8,37676,1,1,0, 37677
26,37677,3,3,1, 37680
24,37679,1,1,1, 37680
16,37679,2,2,1, 37681
1,37686,1,1,0, 37687
8,37686,1,1,1, 37687
24,37689,1,1,1, 37690
27,37692,4,4,1, 37696
18,37693,4,4,1, 37697
25,37695,2,2,1, 37697
1,37696,1,1,1, 37697
8,37696,1,1,1, 37697
26,37697,3,3,1, 37700
24,37699,1,1,1, 37700
19,37696,5,5,1, 37701
18,37703,4,4,1, 37707
25,37705,2,2,1, 37707
1,37706,1,1,1, 37707
8,37706,1,1,0, 37707
11,37704,4,4,1, 37708
9,37707,2,2,1, 37709
3,37707,3,3,1, 37710
24,37709,1,1,1, 37710
19,37706,5,5,1, 37711
17,37709,3,3,1, 37712
2,37713,2,2,1, 37715
27,37712,4,4,1, 37716
8,37716,1,1,1, 37717
24,37719,1,1,0, 37720
8,37726,1,1,1, 37727
24,37729,1,1,1, 37730
23,37728,3,3,1, 37731
16,37729,2,2,1, 37731
7,37732,1,1,0, 37733
8,37736,1,1,0, 37737
31,37736,2,2,1, 37738
24,37739,1,1,0, 37740
16,37739,2,2,1, 37741
7,37742,1,1,0, 37743
8,37746,1,1,0, 37747
24,37749,1,1,1, 37750
23,37748,3,3,1, 37751
16,37749,2,2,1, 37751
29,37748,4,4,1, 37752
6,37750,2,2,1, 37752
7,37752,1,1,1, 37753
8,37756,1,1,1, 37757
24,37759,1,1,1, 37760
16,37759,2,2,1, 37761
29,37758,4,4,1, 37762
6,37760,2,2,1, 37762
7,37762,1,1,0, 37763
15,37761,2,4,1, 37765
8,37766,1,1,0, 37767
31,37766,2,2,1, 37768
24,37769,1,1,0, 37770
6,37770,2,2,1, 37772
7,37772,1,1,0, 37773
30,37773,3,3,1, 37776
8,37776,1,1,1, 37777
31,37776,2,2,1, 37778
22,37776,4,4,1, 37780
24,37779,1,1,0, 37780
16,37779,2,2,1, 37781
7,37782,1,1,0, 37783
15,37781,2,4,1, 37785
30,37783,3,3,1, 37786
8,37786,1,1,0, 37787
31,37786,2,2,1, 37788
24,37789,1,1,1, 37790
6,37790,2,2,1, 37792
8,37796,1,1,0, 37797
24,37799,1,1,1, 37800
16,37799,2,2,1, 37801
8,37806,1,1,0, 37807
24,37809,1,1,1, 37810
8,37816,1,1,1, 37817
24,37819,1,1,1, 37820
16,37819,2,2,1, 37821
1,37826,1,1,0, 37827
8,37826,1,1,0, 37827
24,37829,1,1,1, 37830
16,37829,2,2,1, 37831
1,37836,1,1,0, 37837
8,37836,1,1,1, 37837
24,37839,1,1,0, 37840
1,37846,1,1,1, 37847
8,37846,1,1,0, 37847
24,37849,1,1,1, 37850
16,37849,2,2,1, 37851
18,37853,4,4,1, 37857
1,37856,1,1,1, 37857
8,37856,1,1,0, 37857
24,37859,1,1,1, 37860
2,37863,2,2,1, 37865
1,37866,1,1,1, 37867
8,37866,1,1,1, 37867
24,37869,1,1,1, 37870
16,37869,2,2,1, 37871
2,37873,2,2,1, 37875
25,37875,2,2,1, 37877
1,37876,1,1,1, 37877
8,37876,1,1,0, 37877
9,37877,2,2,1, 37879
3,37877,3,3,1, 37880
24,37879,1,1,1, 37880
27,37882,4,4,1, 37886
25,37885,2,2,1, 37887
1,37886,1,1,0, 37887
8,37886,1,1,1, 37887
9,37887,2,2,1, 37889
3,37887,3,3,1, 37890
24,37889,1,1,1, 37890
16,37889,2,2,1, 37891
2,37893,2,2,1, 37895
27,37892,4,4,1, 37896
25,37895,2,2,1, 37897
1,37896,1,1,0, 37897
8,37896,1,1,1, 37897
31,37896,2,2,1, 37898
3,37897,3,3,1, 37900
24,37899,1,1,1, 37900
23,37898,3,3,1, 37901
7,37902,1,1,1, 37903
15,37901,2,4,1, 37905
2,37903,2,2,1, 37905
25,37905,2,2,1, 37907
1,37906,1,1,0, 37907
8,37906,1,1,1, 37907
24,37909,1,1,1, 37910
16,37909,2,2,1, 37911
17,37909,3,3,1, 37912
7,37912,1,1,0, 37913
15,37911,2,4,1, 37915
1,37916,1,1,0, 37917
8,37916,1,1,1, 37917
31,37916,2,2,1, 37918
9,37917,2,2,1, 37919
24,37919,1,1,1, 37920
16,37919,2,2,1, 37921
7,37922,1,1,0, 37923
8,37926,1,1,1, 37927
24,37929,1,1,1, 37930
16,37929,2,2,1, 37931
7,37932,1,1,1, 37933
8,37936,1,1,0, 37937
24,37939,1,1,0, 37940
16,37939,2,2,1, 37941
7,37942,1,1,0, 37943
8,37946,1,1,0, 37947
24,37949,1,1,1, 37950
7,37952,1,1,1, 37953
8,37956,1,1,1, 37957
24,37959,1,1,0, 37960
16,37959,2,2,1, 37961
7,37962,1,1,1, 37963
8,37966,1,1,0, 37967
5,37967,3,3,1, 37970
24,37969,1,1,0, 37970
21,37967,5,5,1, 37972
14,37969,3,3,1, 37972
6,37970,2,2,1, 37972
7,37972,1,1,1, 37973
8,37976,1,1,1, 37977
5,37977,3,3,1, 37980
24,37979,1,1,0, 37980
16,37979,2,2,1, 37981
21,37977,5,5,1, 37982
29,37978,4,4,1, 37982
14,37979,3,3,1, 37982
13,37979,4,4,1, 37983
7,37982,1,1,1, 37983
8,37986,1,1,1, 37987
24,37989,1,1,0, 37990
16,37989,2,2,1, 37991
29,37988,4,4,1, 37992
6,37990,2,2,1, 37992
13,37989,4,4,1, 37993
7,37992,1,1,0, 37993
8,37996,1,1,1, 37997
22,37996,4,4,1, 38000
24,37999,1,1,0, 38000
16,37999,2,2,1, 38001
29,37998,4,4,1, 38002
8,38006,1,1,0, 38007
24,38009,1,1,1, 38010
16,38009,2,2,1, 38011
8,38016,1,1,1, 38017
24,38019,1,1,0, 38020
1,38026,1,1,0, 38027
8,38026,1,1,0, 38027
24,38029,1,1,0, 38030
17,38029,3,3,1, 38032
25,38035,2,2,1, 38037
1,38036,1,1,0, 38037
8,38036,1,1,0, 38037
24,38039,1,1,0, 38040
16,38039,2,2,1, 38041
25,38045,2,2,1, 38047
1,38046,1,1,1, 38047
8,38046,1,1,0, 38047
9,38047,2,2,1, 38049
24,38049,1,1,0, 38050
16,38049,2,2,1, 38051
1,38056,1,1,0, 38057
8,38056,1,1,1, 38057
24,38059,1,1,0, 38060
16,38059,2,2,1, 38061
18,38063,4,4,1, 38067
1,38066,1,1,0, 38067
8,38066,1,1,0, 38067
9,38067,2,2,1, 38069
24,38069,1,1,0, 38070
17,38069,3,3,1, 38072
2,38073,2,2,1, 38075
18,38073,4,4,1, 38077
25,38075,2,2,1, 38077
1,38076,1,1,1, 38077
8,38076,1,1,1, 38077
9,38077,2,2,1, 38079
24,38079,1,1,1, 38080
18,38083,4,4,1, 38087
1,38086,1,1,1, 38087
8,38086,1,1,0, 38087
9,38087,2,2,1, 38089
4,38086,4,4,1, 38090
24,38089,1,1,0, 38090
1,38096,1,1,1, 38097
8,38096,1,1,1, 38097
11,38094,4,4,1, 38098
9,38097,2,2,1, 38099
4,38096,4,4,1, 38100
24,38099,1,1,1, 38100
19,38096,5,5,1, 38101
16,38099,2,2,1, 38101
8,38106,1,1,0, 38107
24,38109,1,1,1, 38110
7,38112,1,1,1, 38113
8,38116,1,1,1, 38117
24,38119,1,1,0, 38120
16,38119,2,2,1, 38121
7,38122,1,1,0, 38123
8,38126,1,1,0, 38127
24,38129,1,1,0, 38130
23,38128,3,3,1, 38131
16,38129,2,2,1, 38131
29,38128,4,4,1, 38132
6,38130,2,2,1, 38132
7,38132,1,1,0, 38133
30,38133,3,3,1, 38136
8,38136,1,1,1, 38137
31,38136,2,2,1, 38138
5,38137,3,3,1, 38140
24,38139,1,1,1, 38140
16,38139,2,2,1, 38141
29,38138,4,4,1, 38142
14,38139,3,3,1, 38142
6,38140,2,2,1, 38142
7,38142,1,1,0, 38143
8,38146,1,1,1, 38147
22,38146,4,4,1, 38150
5,38147,3,3,1, 38150
24,38149,1,1,0, 38150
21,38147,5,5,1, 38152
14,38149,3,3,1, 38152
7,38152,1,1,0, 38153
15,38151,2,4,1, 38155
8,38156,1,1,0, 38157
31,38156,2,2,1, 38158
5,38157,3,3,1, 38160
24,38159,1,1,0, 38160
23,38158,3,3,1, 38161
21,38157,5,5,1, 38162
14,38159,3,3,1, 38162
8,38166,1,1,1, 38167
24,38169,1,1,1, 38170
8,38176,1,1,1, 38177
24,38179,1,1,0, 38180
8,38186,1,1,0, 38187
24,38189,1,1,0, 38190
8,38196,1,1,1, 38197
24,38199,1,1,1, 38200
25,38205,2,2,1, 38207
1,38206,1,1,0, 38207
8,38206,1,1,1, 38207
9,38207,2,2,1, 38209
24,38209,1,1,1, 38210
16,38209,2,2,1, 38211
17,38209,3,3,1, 38212
1,38216,1,1,0, 38217
8,38216,1,1,0, 38217
24,38219,1,1,0, 38220
1,38226,1,1,0, 38227
8,38226,1,1,0, 38227
9,38227,2,2,1, 38229
26,38227,3,3,1, 38230
24,38229,1,1,1, 38230
16,38229,2,2,1, 38231
17,38229,3,3,1, 38232
2,38233,2,2,1, 38235
18,38233,4,4,1, 38237
1,38236,1,1,1, 38237
8,38236,1,1,0, 38237
11,38234,4,4,1, 38238
9,38237,2,2,1, 38239
3,38237,3,3,1, 38240
26,38237,3,3,1, 38240
24,38239,1,1,1, 38240
19,38236,5,5,1, 38241
16,38239,2,2,1, 38241
17,38239,3,3,1, 38242
2,38243,2,2,1, 38245
8,38246,1,1,0, 38247
24,38249,1,1,1, 38250
8,38256,1,1,0, 38257
24,38259,1,1,1, 38260
8,38266,1,1,1, 38267
24,38269,1,1,1, 38270
23,38268,3,3,1, 38271
7,38272,1,1,1, 38273
15,38271,2,4,1, 38275
8,38276,1,1,1, 38277
31,38276,2,2,1, 38278
24,38279,1,1,1, 38280
16,38279,2,2,1, 38281
7,38282,1,1,1, 38283
8,38286,1,1,0, 38287
24,38289,1,1,1, 38290
7,38292,1,1,0, 38293
8,38296,1,1,0, 38297
31,38296,2,2,1, 38298
24,38299,1,1,0, 38300
16,38299,2,2,1, 38301
7,38302,1,1,0, 38303
8,38306,1,1,0, 38307
24,38309,1,1,1, 38310
7,38312,1,1,0, 38313
8,38316,1,1,0, 38317
31,38316,2,2,1, 38318
24,38319,1,1,0, 38320
16,38319,2,2,1, 38321
7,38322,1,1,0, 38323
8,38326,1,1,0, 38327
22,38326,4,4,1, 38330
24,38329,1,1,1, 38330
16,38329,2,2,1, 38331
29,38328,4,4,1, 38332
14,38329,3,3,1, 38332
6,38330,2,2,1, 38332
13,38329,4,4,1, 38333
7,38332,1,1,0, 38333
8,38336,1,1,1, 38337
22,38336,4,4,1, 38340
5,38337,3,3,1, 38340
24,38339,1,1,1, 38340
21,38337,5,5,1, 38342
14,38339,3,3,1, 38342
6,38340,2,2,1, 38342
13,38339,4,4,1, 38343
7,38342,1,1,0, 38343
1,38346,1,1,1, 38347
8,38346,1,1,1, 38347
22,38346,4,4,1, 38350
5,38347,3,3,1, 38350
24,38349,1,1,1, 38350
17,38349,3,3,1, 38352
25,38355,2,2,1, 38357
1,38356,1,1,1, 38357
8,38356,1,1,1, 38357
24,38359,1,1,0, 38360
1,38366,1,1,1, 38367
8,38366,1,1,1, 38367
9,38367,2,2,1, 38369
24,38369,1,1,1, 38370
16,38369,2,2,1, 38371
17,38369,3,3,1, 38372
2,38373,2,2,1, 38375
25,38375,2,2,1, 38377
1,38376,1,1,1, 38377
8,38376,1,1,0, 38377
26,38377,3,3,1, 38380
24,38379,1,1,0, 38380
16,38379,2,2,1, 38381
17,38379,3,3,1, 38382
2,38383,2,2,1, 38385
18,38383,4,4,1, 38387
1,38386,1,1,0, 38387
8,38386,1,1,0, 38387
9,38387,2,2,1, 38389
26,38387,3,3,1, 38390
24,38389,1,1,1, 38390
16,38389,2,2,1, 38391
25,38395,2,2,1, 38397
1,38396,1,1,0, 38397
8,38396,1,1,1, 38397
9,38397,2,2,1, 38399
24,38399,1,1,0, 38400
16,38399,2,2,1, 38401
17,38399,3,3,1, 38402
25,38405,2,2,1, 38407
1,38406,1,1,0, 38407
8,38406,1,1,0, 38407
19,38406,5,5,1, 38411
8,38416,1,1,1, 38417
8,38426,1,1,1, 38427
8,38436,1,1,0, 38437
8,38446,1,1,0, 38447
7,38452,1,1,0, 38453
8,38456,1,1,0, 38457
7,38462,1,1,1, 38463
15,38461,2,4,1, 38465
8,38466,1,1,0, 38467
7,38472,1,1,0, 38473
8,38476,1,1,1, 38477
13,38479,4,4,1, 38483
7,38482,1,1,1, 38483
8,38486,1,1,1, 38487
6,38490,2,2,1, 38492
13,38489,4,4,1, 38493
7,38492,1,1,1, 38493
8,38496,1,1,0, 38497
13,38499,4,4,1, 38503
7,38502,1,1,1, 38503
8,38506,1,1,0, 38507
5,38507,3,3,1, 38510
24,38509,1,1,0, 38510
7,38512,1,1,1, 38513
1,38516,1,1,0, 38517
8,38516,1,1,0, 38517
24,38519,1,1,0, 38520
16,38519,2,2,1, 38521
6,38520,2,2,1, 38522
7,38522,1,1,0, 38523
25,38525,2,2,1, 38527
1,38526,1,1,1, 38527
8,38526,1,1,1, 38527
5,38527,3,3,1, 38530
24,38529,1,1,1, 38530
14,38529,3,3,1, 38532
13,38529,4,4,1, 38533
7,38532,1,1,0, 38533
1,38536,1,1,0, 38537
8,38536,1,1,0, 38537
5,38537,3,3,1, 38540
24,38539,1,1,1, 38540
16,38539,2,2,1, 38541
7,38542,1,1,1, 38543
2,38543,2,2,1, 38545
25,38545,2,2,1, 38547
1,38546,1,1,0, 38547
8,38546,1,1,1, 38547
5,38547,3,3,1, 38550
24,38549,1,1,0, 38550
16,38549,2,2,1, 38551
7,38552,1,1,1, 38553
2,38553,2,2,1, 38555
25,38555,2,2,1, 38557
1,38556,1,1,1, 38557
8,38556,1,1,0, 38557
24,38559,1,1,0, 38560
14,38559,3,3,1, 38562
7,38562,1,1,1, 38563
2,38563,2,2,1, 38565
1,38566,1,1,1, 38567
8,38566,1,1,1, 38567
11,38564,4,4,1, 38568
31,38566,2,2,1, 38568
9,38567,2,2,1, 38569
4,38566,4,4,1, 38570
24,38569,1,1,1, 38570
23,38568,3,3,1, 38571
29,38568,4,4,1, 38572
17,38569,3,3,1, 38572
6,38570,2,2,1, 38572
13,38569,4,4,1, 38573
7,38572,1,1,0, 38573
12,38570,5,5,1, 38575
18,38573,4,4,1, 38577
1,38576,1,1,0, 38577
8,38576,1,1,0, 38577
20,38573,6,6,1, 38579
28,38574,5,5,1, 38579
22,38576,4,4,1, 38580
3,38577,3,3,1, 38580
26,38577,3,3,1, 38580
24,38579,1,1,0, 38580
19,38576,5,5,1, 38581
23,38578,3,3,1, 38581
16,38579,2,2,1, 38581
14,38579,3,3,1, 38582
8,38586,1,1,0, 38587
24,38589,1,1,0, 38590
16,38589,2,2,1, 38591
8,38596,1,1,0, 38597
24,38599,1,1,1, 38600
8,38606,1,1,0, 38607
24,38609,1,1,0, 38610
8,38616,1,1,1, 38617
24,38619,1,1,0, 38620
16,38619,2,2,1, 38621
8,38626,1,1,1, 38627
24,38629,1,1,0, 38630
8,38636,1,1,0, 38637
24,38639,1,1,1, 38640
16,38639,2,2,1, 38641
8,38646,1,1,1, 38647
24,38649,1,1,1, 38650
8,38656,1,1,0, 38657
24,38659,1,1,0, 38660
8,38666,1,1,1, 38667
24,38669,1,1,0, 38670
16,38669,2,2,1, 38671
8,38676,1,1,0, 38677
24,38679,1,1,1, 38680
16,38679,2,2,1, 38681
8,38686,1,1,1, 38687
24,38689,1,1,1, 38690
16,38689,2,2,1, 38691
7,38692,1,1,1, 38693
15,38691,2,4,1, 38695
30,38693,3,3,1, 38696
1,38696,1,1,0, 38697
8,38696,1,1,1, 38697
24,38699,1,1,0, 38700
16,38699,2,2,1, 38701
21,38697,5,5,1, 38702
29,38698,4,4,1, 38702
13,38699,4,4,1, 38703
7,38702,1,1,0, 38703
15,38701,2,4,1, 38705
30,38703,3,3,1, 38706
25,38705,2,2,1, 38707
1,38706,1,1,1, 38707
8,38706,1,1,1, 38707
22,38706,4,4,1, 38710
24,38709,1,1,1, 38710
23,38708,3,3,1, 38711
16,38709,2,2,1, 38711
14,38709,3,3,1, 38712
6,38710,2,2,1, 38712
7,38712,1,1,0, 38713
18,38713,4,4,1, 38717
1,38716,1,1,1, 38717
8,38716,1,1,1, 38717
31,38716,2,2,1, 38718
9,38717,2,2,1, 38719
22,38716,4,4,1, 38720
5,38717,3,3,1, 38720
26,38717,3,3,1, 38720
24,38719,1,1,0, 38720
23,38718,3,3,1, 38721
21,38717,5,5,1, 38722
17,38719,3,3,1, 38722
2,38723,2,2,1, 38725
1,38726,1,1,1, 38727
8,38726,1,1,0, 38727
24,38729,1,1,1, 38730
16,38729,2,2,1, 38731
2,38733,2,2,1, 38735
27,38732,4,4,1, 38736
25,38735,2,2,1, 38737
1,38736,1,1,1, 38737
8,38736,1,1,1, 38737
24,38739,1,1,1, 38740
16,38739,2,2,1, 38741
2,38743,2,2,1, 38745
27,38742,4,4,1, 38746
18,38743,4,4,1, 38747
1,38746,1,1,1, 38747
8,38746,1,1,1, 38747
9,38747,2,2,1, 38749
26,38747,3,3,1, 38750
24,38749,1,1,1, 38750
16,38749,2,2,1, 38751
17,38749,3,3,1, 38752
27,38752,4,4,1, 38756
18,38753,4,4,1, 38757
1,38756,1,1,0, 38757
8,38756,1,1,0, 38757
9,38757,2,2,1, 38759
24,38759,1,1,0, 38760
8,38766,1,1,1, 38767
24,38769,1,1,0, 38770
8,38776,1,1,0, 38777
24,38779,1,1,0, 38780
8,38786,1,1,0, 38787
24,38789,1,1,0, 38790
16,38789,2,2,1, 38791
8,38796,1,1,0, 38797
24,38799,1,1,1, 38800
8,38806,1,1,0, 38807
24,38809,1,1,1, 38810
16,38809,2,2,1, 38811
8,38816,1,1,0, 38817
24,38819,1,1,1, 38820
16,38819,2,2,1, 38821
8,38826,1,1,0, 38827
24,38829,1,1,0, 38830
7,38832,1,1,0, 38833
8,38836,1,1,1, 38837
24,38839,1,1,0, 38840
7,38842,1,1,0, 38843
8,38846,1,1,1, 38847
31,38846,2,2,1, 38848
24,38849,1,1,1, 38850
21,38847,5,5,1, 38852
29,38848,4,4,1, 38852
14,38849,3,3,1, 38852
7,38852,1,1,0, 38853
8,38856,1,1,1, 38857
22,38856,4,4,1, 38860
24,38859,1,1,0, 38860
7,38862,1,1,0, 38863
30,38863,3,3,1, 38866
8,38866,1,1,1, 38867
31,38866,2,2,1, 38868
22,38866,4,4,1, 38870
5,38867,3,3,1, 38870
24,38869,1,1,0, 38870
16,38869,2,2,1, 38871
29,38868,4,4,1, 38872
7,38872,1,1,0, 38873
30,38873,3,3,1, 38876
25,38875,2,2,1, 38877
1,38876,1,1,0, 38877
8,38876,1,1,0, 38877
31,38876,2,2,1, 38878
9,38877,2,2,1, 38879
22,38876,4,4,1, 38880
5,38877,3,3,1, 38880
24,38879,1,1,1, 38880
21,38877,5,5,1, 38882
14,38879,3,3,1, 38882
17,38879,3,3,1, 38882
6,38880,2,2,1, 38882
13,38879,4,4,1, 38883
25,38885,2,2,1, 38887
1,38886,1,1,0, 38887
8,38886,1,1,1, 38887
9,38887,2,2,1, 38889
24,38889,1,1,0, 38890
16,38889,2,2,1, 38891
17,38889,3,3,1, 38892
1,38896,1,1,0, 38897
8,38896,1,1,0, 38897
24,38899,1,1,0, 38900
16,38899,2,2,1, 38901
1,38906,1,1,1, 38907
8,38906,1,1,1, 38907
26,38907,3,3,1, 38910
24,38909,1,1,0, 38910
16,38909,2,2,1, 38911
17,38909,3,3,1, 38912
18,38913,4,4,1, 38917
1,38916,1,1,1, 38917
8,38916,1,1,0, 38917
9,38917,2,2,1, 38919
26,38917,3,3,1, 38920
24,38919,1,1,0, 38920
1,38926,1,1,0, 38927
8,38926,1,1,0, 38927
9,38927,2,2,1, 38929
24,38929,1,1,0, 38930
18,38933,4,4,1, 38937
1,38936,1,1,0, 38937
8,38936,1,1,0, 38937
9,38937,2,2,1, 38939
26,38937,3,3,1, 38940
24,38939,1,1,0, 38940
19,38936,5,5,1, 38941
17,38939,3,3,1, 38942
8,38946,1,1,0, 38947
24,38949,1,1,1, 38950
16,38949,2,2,1, 38951
8,38956,1,1,0, 38957
24,38959,1,1,1, 38960
8,38966,1,1,0, 38967
24,38969,1,1,1, 38970
8,38976,1,1,1, 38977
24,38979,1,1,1, 38980
8,38986,1,1,1, 38987
24,38989,1,1,1, 38990
16,38989,2,2,1, 38991
7,38992,1,1,0, 38993
8,38996,1,1,0, 38997
31,38996,2,2,1, 38998
24,38999,1,1,1, 39000
23,38998,3,3,1, 39001
16,38999,2,2,1, 39001
21,38997,5,5,1, 39002
14,38999,3,3,1, 39002
13,38999,4,4,1, 39003
7,39002,1,1,0, 39003
30,39003,3,3,1, 39006
8,39006,1,1,0, 39007
31,39006,2,2,1, 39008
22,39006,4,4,1, 39010
24,39009,1,1,1, 39010
6,39010,2,2,1, 39012
7,39012,1,1,0, 39013
30,39013,3,3,1, 39016
8,39016,1,1,0, 39017
24,39019,1,1,0, 39020
16,39019,2,2,1, 39021
6,39020,2,2,1, 39022
7,39022,1,1,1, 39023
15,39021,2,4,1, 39025
8,39026,1,1,1, 39027
22,39026,4,4,1, 39030
24,39029,1,1,0, 39030
6,39030,2,2,1, 39032
7,39032,1,1,0, 39033
15,39031,2,4,1, 39035
8,39036,1,1,0, 39037
24,39039,1,1,1, 39040
1,39046,1,1,1, 39047
8,39046,1,1,1, 39047
9,39047,2,2,1, 39049
24,39049,1,1,1, 39050
16,39049,2,2,1, 39051
17,39049,3,3,1, 39052
1,39056,1,1,0, 39057
8,39056,1,1,1, 39057
24,39059,1,1,1, 39060
25,39065,2,2,1, 39067
1,39066,1,1,1, 39067
8,39066,1,1,1, 39067
24,39069,1,1,1, 39070
17,39069,3,3,1, 39072
25,39075,2,2,1, 39077
1,39076,1,1,0, 39077
8,39076,1,1,0, 39077
9,39077,2,2,1, 39079
24,39079,1,1,0, 39080
17,39079,3,3,1, 39082
25,39085,2,2,1, 39087
1,39086,1,1,0, 39087
8,39086,1,1,0, 39087
9,39087,2,2,1, 39089
24,39089,1,1,0, 39090
1,39096,1,1,1, 39097
8,39096,1,1,1, 39097
24,39099,1,1,0, 39100
16,39099,2,2,1, 39101
18,39103,4,4,1, 39107
25,39105,2,2,1, 39107
1,39106,1,1,0, 39107
8,39106,1,1,1, 39107
9,39107,2,2,1, 39109
26,39107,3,3,1, 39110
24,39109,1,1,1, 39110
25,39115,2,2,1, 39117
1,39116,1,1,0, 39117
8,39116,1,1,0, 39117
9,39117,2,2,1, 39119
24,39119,1,1,0, 39120
17,39119,3,3,1, 39122
8,39126,1,1,0, 39127
24,39129,1,1,0, 39130
16,39129,2,2,1, 39131
8,39136,1,1,0, 39137
24,39139,1,1,1, 39140
16,39139,2,2,1, 39141
7,39142,1,1,1, 39143
8,39146,1,1,1, 39147
24,39149,1,1,1, 39150
16,39149,2,2,1, 39151
7,39152,1,1,0, 39153
8,39156,1,1,0, 39157
24,39159,1,1,0, 39160
16,39159,2,2,1, 39161
7,39162,1,1,0, 39163
8,39166,1,1,1, 39167
24,39169,1,1,0, 39170
16,39169,2,2,1, 39171
7,39172,1,1,0, 39173
8,39176,1,1,0, 39177
24,39179,1,1,0, 39180
16,39179,2,2,1, 39181
7,39182,1,1,0, 39183
8,39186,1,1,0, 39187
24,39189,1,1,1, 39190
7,39192,1,1,0, 39193
8,39196,1,1,0, 39197
24,39199,1,1,0, 39200
16,39199,2,2,1, 39201
7,39202,1,1,0, 39203
15,39201,2,4,1, 39205
8,39206,1,1,0, 39207
24,39209,1,1,1, 39210
7,39212,1,1,0, 39213
15,39211,2,4,1, 39215
8,39216,1,1,1, 39217
31,39216,2,2,1, 39218
24,39219,1,1,0, 39220
23,39218,3,3,1, 39221
7,39222,1,1,0, 39223
15,39221,2,4,1, 39225
25,39225,2,2,1, 39227
1,39226,1,1,0, 39227
8,39226,1,1,1, 39227
22,39226,4,4,1, 39230
24,39229,1,1,0, 39230
23,39228,3,3,1, 39231
21,39227,5,5,1, 39232
29,39228,4,4,1, 39232
14,39229,3,3,1, 39232
6,39230,2,2,1, 39232
13,39229,4,4,1, 39233
7,39232,1,1,0, 39233
1,39236,1,1,0, 39237
8,39236,1,1,0, 39237
31,39236,2,2,1, 39238
22,39236,4,4,1, 39240
24,39239,1,1,1, 39240
23,39238,3,3,1, 39241
21,39237,5,5,1, 39242
14,39239,3,3,1, 39242
17,39239,3,3,1, 39242
7,39242,1,1,1, 39243
25,39245,2,2,1, 39247
1,39246,1,1,0, 39247
8,39246,1,1,1, 39247
9,39247,2,2,1, 39249
22,39246,4,4,1, 39250
24,39249,1,1,1, 39250
16,39249,2,2,1, 39251
17,39249,3,3,1, 39252
25,39255,2,2,1, 39257
1,39256,1,1,0, 39257
8,39256,1,1,1, 39257
24,39259,1,1,1, 39260
16,39259,2,2,1, 39261
17,39259,3,3,1, 39262
1,39266,1,1,1, 39267
8,39266,1,1,0, 39267
9,39267,2,2,1, 39269
24,39269,1,1,0, 39270
25,39275,2,2,1, 39277
1,39276,1,1,1, 39277
8,39276,1,1,1, 39277
24,39279,1,1,0, 39280
18,39283,4,4,1, 39287
25,39285,2,2,1, 39287
1,39286,1,1,0, 39287
8,39286,1,1,1, 39287
26,39287,3,3,1, 39290
24,39289,1,1,0, 39290
16,39289,2,2,1, 39291
2,39293,2,2,1, 39295
1,39296,1,1,1, 39297
8,39296,1,1,0, 39297
9,39297,2,2,1, 39299
24,39299,1,1,0, 39300
16,39299,2,2,1, 39301
17,39299,3,3,1, 39302
1,39306,1,1,0, 39307
8,39306,1,1,1, 39307
9,39307,2,2,1, 39309
24,39309,1,1,0, 39310
2,39313,2,2,1, 39315
25,39315,2,2,1, 39317
8,39316,1,1,0, 39317
24,39319,1,1,0, 39320
8,39326,1,1,1, 39327
24,39329,1,1,0, 39330
8,39336,1,1,0, 39337
24,39339,1,1,1, 39340
8,39346,1,1,0, 39347
24,39349,1,1,0, 39350
7,39352,1,1,0, 39353
15,39351,2,4,1, 39355
8,39356,1,1,1, 39357
31,39356,2,2,1, 39358
24,39359,1,1,1, 39360
23,39358,3,3,1, 39361
16,39359,2,2,1, 39361
7,39362,1,1,1, 39363
8,39366,1,1,0, 39367
24,39369,1,1,0, 39370
16,39369,2,2,1, 39371
7,39372,1,1,1, 39373
15,39371,2,4,1, 39375
8,39376,1,1,0, 39377
31,39376,2,2,1, 39378
24,39379,1,1,1, 39380
23,39378,3,3,1, 39381
7,39382,1,1,0, 39383
8,39386,1,1,0, 39387
24,39389,1,1,1, 39390
23,39388,3,3,1, 39391
14,39389,3,3,1, 39392
6,39390,2,2,1, 39392
7,39392,1,1,0, 39393
15,39391,2,4,1, 39395
8,39396,1,1,0, 39397
31,39396,2,2,1, 39398
24,39399,1,1,1, 39400
16,39399,2,2,1, 39401
6,39400,2,2,1, 39402
13,39399,4,4,1, 39403
7,39402,1,1,0, 39403
15,39401,2,4,1, 39405
8,39406,1,1,0, 39407
31,39406,2,2,1, 39408
24,39409,1,1,1, 39410
6,39410,2,2,1, 39412
7,39412,1,1,0, 39413
15,39411,2,4,1, 39415
8,39416,1,1,1, 39417
24,39419,1,1,0, 39420
16,39419,2,2,1, 39421
1,39426,1,1,1, 39427
8,39426,1,1,0, 39427
24,39429,1,1,1, 39430
16,39429,2,2,1, 39431
1,39436,1,1,1, 39437
8,39436,1,1,0, 39437
9,39437,2,2,1, 39439
24,39439,1,1,0, 39440
17,39439,3,3,1, 39442
25,39445,2,2,1, 39447
1,39446,1,1,0, 39447
8,39446,1,1,0, 39447
9,39447,2,2,1, 39449
24,39449,1,1,0, 39450
17,39449,3,3,1, 39452
25,39455,2,2,1, 39457
1,39456,1,1,0, 39457
8,39456,1,1,0, 39457
24,39459,1,1,0, 39460
16,39459,2,2,1, 39461
17,39459,3,3,1, 39462
25,39465,2,2,1, 39467
1,39466,1,1,0, 39467
8,39466,1,1,1, 39467
9,39467,2,2,1, 39469
24,39469,1,1,1, 39470
17,39469,3,3,1, 39472
25,39475,2,2,1, 39477
1,39476,1,1,1, 39477
8,39476,1,1,0, 39477
24,39479,1,1,1, 39480
16,39479,2,2,1, 39481
17,39479,3,3,1, 39482
1,39486,1,1,1, 39487
8,39486,1,1,0, 39487
24,39489,1,1,0, 39490
17,39489,3,3,1, 39492
18,39493,4,4,1, 39497
25,39495,2,2,1, 39497
1,39496,1,1,1, 39497
8,39496,1,1,1, 39497
9,39497,2,2,1, 39499
24,39499,1,1,0, 39500
17,39499,3,3,1, 39502
2,39503,2,2,1, 39505
27,39502,4,4,1, 39506
8,39506,1,1,1, 39507
24,39509,1,1,0, 39510
8,39516,1,1,0, 39517
24,39519,1,1,0, 39520
8,39526,1,1,1, 39527
31,39526,2,2,1, 39528
22,39526,4,4,1, 39530
5,39527,3,3,1, 39530
24,39529,1,1,0, 39530
21,39527,5,5,1, 39532
7,39532,1,1,1, 39533
8,39536,1,1,0, 39537
31,39536,2,2,1, 39538
22,39536,4,4,1, 39540
24,39539,1,1,0, 39540
7,39542,1,1,1, 39543
15,39541,2,4,1, 39545
8,39546,1,1,1, 39547
24,39549,1,1,0, 39550
23,39548,3,3,1, 39551
7,39552,1,1,0, 39553
15,39551,2,4,1, 39555
8,39556,1,1,1, 39557
24,39559,1,1,0, 39560
7,39562,1,1,0, 39563
8,39566,1,1,1, 39567
31,39566,2,2,1, 39568
24,39569,1,1,1, 39570
23,39568,3,3,1, 39571
16,39569,2,2,1, 39571
7,39572,1,1,0, 39573
8,39576,1,1,1, 39577
31,39576,2,2,1, 39578
24,39579,1,1,1, 39580
23,39578,3,3,1, 39581
7,39582,1,1,0, 39583
8,39586,1,1,0, 39587
31,39586,2,2,1, 39588
24,39589,1,1,1, 39590
23,39588,3,3,1, 39591
7,39592,1,1,0, 39593
8,39596,1,1,1, 39597
24,39599,1,1,0, 39600
16,39599,2,2,1, 39601
7,39602,1,1,0, 39603
8,39606,1,1,0, 39607
24,39609,1,1,0, 39610
7,39612,1,1,1, 39613
25,39615,2,2,1, 39617
1,39616,1,1,1, 39617
8,39616,1,1,0, 39617
9,39617,2,2,1, 39619
24,39619,1,1,1, 39620
17,39619,3,3,1, 39622
7,39622,1,1,0, 39623
25,39625,2,2,1, 39627
1,39626,1,1,1, 39627
8,39626,1,1,0, 39627
9,39627,2,2,1, 39629
24,39629,1,1,0, 39630
16,39629,2,2,1, 39631
7,39632,1,1,1, 39633
25,39635,2,2,1, 39637
1,39636,1,1,1, 39637
8,39636,1,1,1, 39637
24,39639,1,1,0, 39640
16,39639,2,2,1, 39641
7,39642,1,1,1, 39643
2,39643,2,2,1, 39645
30,39643,3,3,1, 39646
18,39643,4,4,1, 39647
1,39646,1,1,0, 39647
8,39646,1,1,0, 39647
9,39647,2,2,1, 39649
22,39646,4,4,1, 39650
5,39647,3,3,1, 39650
24,39649,1,1,1, 39650
16,39649,2,2,1, 39651
21,39647,5,5,1, 39652
17,39649,3,3,1, 39652
6,39650,2,2,1, 39652
7,39652,1,1,1, 39653
2,39653,2,2,1, 39655
30,39653,3,3,1, 39656
18,39653,4,4,1, 39657
1,39656,1,1,0, 39657
8,39656,1,1,0, 39657
9,39657,2,2,1, 39659
26,39657,3,3,1, 39660
24,39659,1,1,1, 39660
16,39659,2,2,1, 39661
18,39663,4,4,1, 39667
1,39666,1,1,1, 39667
8,39666,1,1,1, 39667
9,39667,2,2,1, 39669
26,39667,3,3,1, 39670
24,39669,1,1,1, 39670
16,39669,2,2,1, 39671
8,39676,1,1,1, 39677
24,39679,1,1,0, 39680
16,39679,2,2,1, 39681
8,39686,1,1,1, 39687
24,39689,1,1,1, 39690
8,39696,1,1,0, 39697
24,39699,1,1,0, 39700
8,39706,1,1,0, 39707
24,39709,1,1,0, 39710
16,39709,2,2,1, 39711
8,39716,1,1,0, 39717
24,39719,1,1,1, 39720
16,39719,2,2,1, 39721
8,39726,1,1,1, 39727
24,39729,1,1,1, 39730
16,39729,2,2,1, 39731
8,39736,1,1,0, 39737
24,39739,1,1,1, 39740
8,39746,1,1,1, 39747
24,39749,1,1,1, 39750
16,39749,2,2,1, 39751
8,39756,1,1,0, 39757
24,39759,1,1,0, 39760
8,39766,1,1,1, 39767
24,39769,1,1,0, 39770
16,39769,2,2,1, 39771
7,39772,1,1,1, 39773
25,39775,2,2,1, 39777
1,39776,1,1,1, 39777
8,39776,1,1,0, 39777
24,39779,1,1,1, 39780
16,39779,2,2,1, 39781
7,39782,1,1,0, 39783
1,39786,1,1,0, 39787
8,39786,1,1,1, 39787
24,39789,1,1,1, 39790
7,39792,1,1,0, 39793
30,39793,3,3,1, 39796
25,39795,2,2,1, 39797
1,39796,1,1,1, 39797
8,39796,1,1,1, 39797
22,39796,4,4,1, 39800
24,39799,1,1,0, 39800
21,39797,5,5,1, 39802
6,39800,2,2,1, 39802
7,39802,1,1,1, 39803
30,39803,3,3,1, 39806
25,39805,2,2,1, 39807
1,39806,1,1,0, 39807
8,39806,1,1,0, 39807
31,39806,2,2,1, 39808
22,39806,4,4,1, 39810
5,39807,3,3,1, 39810
24,39809,1,1,1, 39810
16,39809,2,2,1, 39811
21,39807,5,5,1, 39812
6,39810,2,2,1, 39812
7,39812,1,1,1, 39813
30,39813,3,3,1, 39816
25,39815,2,2,1, 39817
1,39816,1,1,1, 39817
8,39816,1,1,1, 39817
31,39816,2,2,1, 39818
22,39816,4,4,1, 39820
24,39819,1,1,1, 39820
21,39817,5,5,1, 39822
29,39818,4,4,1, 39822
6,39820,2,2,1, 39822
7,39822,1,1,1, 39823
1,39826,1,1,0, 39827
8,39826,1,1,0, 39827
9,39827,2,2,1, 39829
22,39826,4,4,1, 39830
24,39829,1,1,0, 39830
25,39835,2,2,1, 39837
1,39836,1,1,0, 39837
8,39836,1,1,0, 39837
24,39839,1,1,1, 39840
16,39839,2,2,1, 39841
2,39843,2,2,1, 39845
25,39845,2,2,1, 39847
1,39846,1,1,0, 39847
8,39846,1,1,1, 39847
9,39847,2,2,1, 39849
24,39849,1,1,1, 39850
17,39849,3,3,1, 39852
2,39853,2,2,1, 39855
25,39855,2,2,1, 39857
1,39856,1,1,1, 39857
8,39856,1,1,0, 39857
24,39859,1,1,1, 39860
16,39859,2,2,1, 39861
17,39859,3,3,1, 39862
25,39865,2,2,1, 39867
1,39866,1,1,1, 39867
8,39866,1,1,0, 39867
24,39869,1,1,0, 39870
25,39875,2,2,1, 39877
1,39876,1,1,1, 39877
8,39876,1,1,0, 39877
24,39879,1,1,1, 39880
16,39879,2,2,1, 39881
17,39879,3,3,1, 39882
2,39883,2,2,1, 39885
18,39883,4,4,1, 39887
25,39885,2,2,1, 39887
1,39886,1,1,0, 39887
8,39886,1,1,0, 39887
9,39887,2,2,1, 39889
24,39889,1,1,0, 39890
8,39896,1,1,1, 39897
24,39899,1,1,0, 39900
8,39906,1,1,1, 39907
24,39909,1,1,1, 39910
8,39916,1,1,1, 39917
24,39919,1,1,0, 39920
8,39926,1,1,0, 39927
24,39929,1,1,1, 39930
16,39929,2,2,1, 39931
7,39932,1,1,1, 39933
15,39931,2,4,1, 39935
8,39936,1,1,1, 39937
24,39939,1,1,0, 39940
16,39939,2,2,1, 39941
7,39942,1,1,0, 39943
15,39941,2,4,1, 39945
8,39946,1,1,1, 39947
31,39946,2,2,1, 39948
24,39949,1,1,1, 39950
23,39948,3,3,1, 39951
13,39949,4,4,1, 39953
7,39952,1,1,0, 39953
8,39956,1,1,0, 39957
22,39956,4,4,1, 39960
24,39959,1,1,1, 39960
23,39958,3,3,1, 39961
16,39959,2,2,1, 39961
14,39959,3,3,1, 39962
6,39960,2,2,1, 39962
7,39962,1,1,0, 39963
30,39963,3,3,1, 39966
8,39966,1,1,0, 39967
22,39966,4,4,1, 39970
24,39969,1,1,0, 39970
23,39968,3,3,1, 39971
6,39970,2,2,1, 39972
13,39969,4,4,1, 39973
7,39972,1,1,1, 39973
15,39971,2,4,1, 39975
30,39973,3,3,1, 39976
8,39976,1,1,1, 39977
24,39979,1,1,1, 39980
16,39979,2,2,1, 39981
8,39986,1,1,1, 39987
24,39989,1,1,1, 39990
8,39996,1,1,1, 39997
24,39999,1,1,0, 40000
16,39999,2,2,1, 40001
25,40005,2,2,1, 40007
1,40006,1,1,1, 40007
8,40006,1,1,0, 40007
24,40009,1,1,1, 40010
25,40015,2,2,1, 40017
1,40016,1,1,0, 40017
8,40016,1,1,0, 40017
9,40017,2,2,1, 40019
24,40019,1,1,0, 40020
16,40019,2,2,1, 40021
17,40019,3,3,1, 40022
25,40025,2,2,1, 40027
1,40026,1,1,1, 40027
8,40026,1,1,0, 40027
9,40027,2,2,1, 40029
25,40035,2,2,1, 40037
1,40036,1,1,0, 40037
8,40036,1,1,0, 40037
9,40037,2,2,1, 40039
1,40046,1,1,0, 40047
8,40046,1,1,0, 40047
17,40049,3,3,1, 40052
2,40053,2,2,1, 40055
18,40053,4,4,1, 40057
1,40056,1,1,1, 40057
8,40056,1,1,1, 40057
11,40054,4,4,1, 40058
26,40057,3,3,1, 40060
2,40063,2,2,1, 40065
27,40062,4,4,1, 40066
25,40065,2,2,1, 40067
1,40066,1,1,0, 40067
8,40066,1,1,1, 40067
9,40067,2,2,1, 40069
3,40067,3,3,1, 40070
8,40076,1,1,1, 40077
7,40082,1,1,0, 40083
8,40086,1,1,1, 40087
7,40092,1,1,0, 40093
8,40096,1,1,1, 40097
7,40102,1,1,0, 40103
8,40106,1,1,0, 40107
7,40112,1,1,0, 40113
8,40116,1,1,0, 40117
7,40122,1,1,1, 40123
8,40126,1,1,1, 40127
24,40129,1,1,0, 40130
16,40129,2,2,1, 40131
7,40132,1,1,0, 40133
30,40133,3,3,1, 40136
8,40136,1,1,0, 40137
31,40136,2,2,1, 40138
22,40136,4,4,1, 40140
5,40137,3,3,1, 40140
24,40139,1,1,0, 40140
16,40139,2,2,1, 40141
29,40138,4,4,1, 40142
14,40139,3,3,1, 40142
13,40139,4,4,1, 40143
7,40142,1,1,1, 40143
30,40143,3,3,1, 40146
8,40146,1,1,1, 40147
31,40146,2,2,1, 40148
22,40146,4,4,1, 40150
5,40147,3,3,1, 40150
24,40149,1,1,0, 40150
16,40149,2,2,1, 40151
14,40149,3,3,1, 40152
7,40152,1,1,0, 40153
8,40156,1,1,0, 40157
31,40156,2,2,1, 40158
22,40156,4,4,1, 40160
24,40159,1,1,1, 40160
7,40162,1,1,0, 40163
30,40163,3,3,1, 40166
8,40166,1,1,1, 40167
24,40169,1,1,0, 40170
21,40167,5,5,1, 40172
14,40169,3,3,1, 40172
7,40172,1,1,0, 40173
1,40176,1,1,0, 40177
8,40176,1,1,0, 40177
9,40177,2,2,1, 40179
22,40176,4,4,1, 40180
5,40177,3,3,1, 40180
24,40179,1,1,0, 40180
16,40179,2,2,1, 40181
17,40179,3,3,1, 40182
1,40186,1,1,0, 40187
8,40186,1,1,0, 40187
9,40187,2,2,1, 40189
24,40189,1,1,0, 40190
16,40189,2,2,1, 40191
25,40195,2,2,1, 40197
1,40196,1,1,0, 40197
8,40196,1,1,1, 40197
24,40199,1,1,0, 40200
16,40199,2,2,1, 40201
17,40199,3,3,1, 40202
2,40203,2,2,1, 40205
18,40203,4,4,1, 40207
25,40205,2,2,1, 40207
1,40206,1,1,0, 40207
8,40206,1,1,1, 40207
26,40207,3,3,1, 40210
24,40209,1,1,0, 40210
19,40206,5,5,1, 40211
16,40209,2,2,1, 40211
25,40215,2,2,1, 40217
1,40216,1,1,1, 40217
8,40216,1,1,0, 40217
11,40214,4,4,1, 40218
9,40217,2,2,1, 40219
26,40217,3,3,1, 40220
24,40219,1,1,0, 40220
16,40219,2,2,1, 40221
17,40219,3,3,1, 40222
2,40223,2,2,1, 40225
8,40226,1,1,0, 40227
24,40229,1,1,1, 40230
8,40236,1,1,0, 40237
24,40239,1,1,0, 40240
8,40246,1,1,1, 40247
24,40249,1,1,0, 40250
8,40256,1,1,1, 40257
24,40259,1,1,0, 40260
8,40266,1,1,0, 40267
24,40269,1,1,0, 40270
16,40269,2,2,1, 40271
8,40276,1,1,0, 40277
24,40279,1,1,0, 40280
30,40283,3,3,1, 40286
8,40286,1,1,1, 40287
31,40286,2,2,1, 40288
5,40287,3,3,1, 40290
24,40289,1,1,0, 40290
23,40288,3,3,1, 40291
16,40289,2,2,1, 40291
29,40288,4,4,1, 40292
6,40290,2,2,1, 40292
7,40292,1,1,1, 40293
8,40296,1,1,0, 40297
22,40296,4,4,1, 40300
5,40297,3,3,1, 40300
24,40299,1,1,0, 40300
16,40299,2,2,1, 40301
21,40297,5,5,1, 40302
29,40298,4,4,1, 40302
14,40299,3,3,1, 40302
7,40302,1,1,1, 40303
15,40301,2,4,1, 40305
30,40303,3,3,1, 40306
8,40306,1,1,0, 40307
24,40309,1,1,0, 40310
21,40307,5,5,1, 40312
7,40312,1,1,0, 40313
15,40311,2,4,1, 40315
30,40313,3,3,1, 40316
8,40316,1,1,1, 40317
22,40316,4,4,1, 40320
24,40319,1,1,1, 40320
16,40319,2,2,1, 40321
8,40326,1,1,0, 40327
9,40327,2,2,1, 40329
24,40329,1,1,1, 40330
25,40335,2,2,1, 40337
1,40336,1,1,1, 40337
8,40336,1,1,1, 40337
9,40337,2,2,1, 40339
24,40339,1,1,0, 40340
25,40345,2,2,1, 40347
1,40346,1,1,1, 40347
8,40346,1,1,1, 40347
24,40349,1,1,0, 40350
16,40349,2,2,1, 40351
17,40349,3,3,1, 40352
1,40356,1,1,1, 40357
8,40356,1,1,0, 40357
24,40359,1,1,0, 40360
17,40359,3,3,1, 40362
2,40363,2,2,1, 40365
18,40363,4,4,1, 40367
25,40365,2,2,1, 40367
1,40366,1,1,0, 40367
8,40366,1,1,1, 40367
26,40367,3,3,1, 40370
24,40369,1,1,1, 40370
17,40369,3,3,1, 40372
2,40373,2,2,1, 40375
1,40376,1,1,1, 40377
8,40376,1,1,0, 40377
9,40377,2,2,1, 40379
24,40379,1,1,0, 40380
16,40379,2,2,1, 40381
17,40379,3,3,1, 40382
18,40383,4,4,1, 40387
25,40385,2,2,1, 40387
1,40386,1,1,0, 40387
8,40386,1,1,0, 40387
26,40387,3,3,1, 40390
24,40389,1,1,1, 40390
16,40389,2,2,1, 40391
8,40396,1,1,0, 40397
24,40399,1,1,0, 40400
8,40406,1,1,1, 40407
24,40409,1,1,1, 40410
16,40409,2,2,1, 40411
8,40416,1,1,0, 40417
24,40419,1,1,0, 40420
7,40422,1,1,1, 40423
15,40421,2,4,1, 40425
8,40426,1,1,1, 40427
31,40426,2,2,1, 40428
24,40429,1,1,0, 40430
16,40429,2,2,1, 40431
7,40432,1,1,1, 40433
8,40436,1,1,1, 40437
24,40439,1,1,1, 40440
23,40438,3,3,1, 40441
7,40442,1,1,1, 40443
8,40446,1,1,0, 40447
24,40449,1,1,1, 40450
16,40449,2,2,1, 40451
14,40449,3,3,1, 40452
7,40452,1,1,0, 40453
30,40453,3,3,1, 40456
8,40456,1,1,0, 40457
22,40456,4,4,1, 40460
24,40459,1,1,1, 40460
16,40459,2,2,1, 40461
21,40457,5,5,1, 40462
29,40458,4,4,1, 40462
6,40460,2,2,1, 40462
7,40462,1,1,1, 40463
8,40466,1,1,1, 40467
22,40466,4,4,1, 40470
5,40467,3,3,1, 40470
24,40469,1,1,1, 40470
16,40469,2,2,1, 40471
21,40467,5,5,1, 40472
13,40469,4,4,1, 40473
7,40472,1,1,0, 40473
30,40473,3,3,1, 40476
8,40476,1,1,0, 40477
5,40477,3,3,1, 40480
24,40479,1,1,0, 40480
14,40479,3,3,1, 40482
13,40479,4,4,1, 40483
7,40482,1,1,1, 40483
8,40486,1,1,0, 40487
22,40486,4,4,1, 40490
24,40489,1,1,1, 40490
16,40489,2,2,1, 40491
17,40489,3,3,1, 40492
25,40495,2,2,1, 40497
1,40496,1,1,1, 40497
8,40496,1,1,0, 40497
24,40499,1,1,1, 40500
16,40499,2,2,1, 40501
25,40505,2,2,1, 40507
1,40506,1,1,1, 40507
8,40506,1,1,1, 40507
9,40507,2,2,1, 40509
24,40509,1,1,0, 40510
16,40509,2,2,1, 40511
17,40509,3,3,1, 40512
25,40515,2,2,1, 40517
1,40516,1,1,0, 40517
8,40516,1,1,1, 40517
24,40519,1,1,1, 40520
16,40519,2,2,1, 40521
17,40519,3,3,1, 40522
1,40526,1,1,1, 40527
8,40526,1,1,0, 40527
9,40527,2,2,1, 40529
24,40529,1,1,0, 40530
16,40529,2,2,1, 40531
1,40536,1,1,0, 40537
8,40536,1,1,0, 40537
9,40537,2,2,1, 40539
24,40539,1,1,0, 40540
25,40545,2,2,1, 40547
1,40546,1,1,0, 40547
8,40546,1,1,1, 40547
24,40549,1,1,1, 40550
16,40549,2,2,1, 40551
2,40553,2,2,1, 40555
25,40555,2,2,1, 40557
1,40556,1,1,0, 40557
8,40556,1,1,1, 40557
24,40559,1,1,0, 40560
16,40559,2,2,1, 40561
17,40559,3,3,1, 40562
2,40563,2,2,1, 40565
1,40566,1,1,1, 40567
8,40566,1,1,0, 40567
24,40569,1,1,1, 40570
17,40569,3,3,1, 40572
25,40575,2,2,1, 40577
1,40576,1,1,0, 40577
8,40576,1,1,0, 40577
9,40577,2,2,1, 40579
24,40579,1,1,0, 40580
8,40586,1,1,0, 40587
24,40589,1,1,0, 40590
8,40596,1,1,1, 40597
24,40599,1,1,1, 40600
23,40598,3,3,1, 40601
16,40599,2,2,1, 40601
14,40599,3,3,1, 40602
6,40600,2,2,1, 40602
7,40602,1,1,1, 40603
15,40601,2,4,1, 40605
8,40606,1,1,0, 40607
31,40606,2,2,1, 40608
22,40606,4,4,1, 40610
5,40607,3,3,1, 40610
24,40609,1,1,0, 40610
16,40609,2,2,1, 40611
21,40607,5,5,1, 40612
29,40608,4,4,1, 40612
14,40609,3,3,1, 40612
6,40610,2,2,1, 40612
7,40612,1,1,0, 40613
30,40613,3,3,1, 40616
8,40616,1,1,1, 40617
31,40616,2,2,1, 40618
5,40617,3,3,1, 40620
24,40619,1,1,0, 40620
21,40617,5,5,1, 40622
7,40622,1,1,1, 40623
15,40621,2,4,1, 40625
8,40626,1,1,0, 40627
24,40629,1,1,1, 40630
8,40636,1,1,0, 40637
24,40639,1,1,0, 40640
16,40639,2,2,1, 40641
8,40646,1,1,1, 40647
24,40649,1,1,1, 40650
8,40656,1,1,0, 40657
24,40659,1,1,0, 40660
16,40659,2,2,1, 40661
8,40666,1,1,1, 40667
24,40669,1,1,1, 40670
8,40676,1,1,0, 40677
24,40679,1,1,1, 40680
1,40686,1,1,0, 40687
8,40686,1,1,0, 40687
24,40689,1,1,1, 40690
1,40696,1,1,0, 40697
8,40696,1,1,1, 40697
9,40697,2,2,1, 40699
24,40699,1,1,1, 40700
16,40699,2,2,1, 40701
17,40699,3,3,1, 40702
1,40706,1,1,0, 40707
8,40706,1,1,1, 40707
9,40707,2,2,1, 40709
24,40709,1,1,0, 40710
17,40709,3,3,1, 40712
1,40716,1,1,1, 40717
8,40716,1,1,1, 40717
24,40719,1,1,0, 40720
17,40719,3,3,1, 40722
25,40725,2,2,1, 40727
1,40726,1,1,0, 40727
8,40726,1,1,1, 40727
9,40727,2,2,1, 40729
24,40729,1,1,1, 40730
17,40729,3,3,1, 40732
1,40736,1,1,0, 40737
8,40736,1,1,1, 40737
9,40737,2,2,1, 40739
24,40739,1,1,0, 40740
17,40739,3,3,1, 40742
7,40742,1,1,0, 40743
1,40746,1,1,0, 40747
8,40746,1,1,1, 40747
9,40747,2,2,1, 40749
22,40746,4,4,1, 40750
24,40749,1,1,1, 40750
17,40749,3,3,1, 40752
7,40752,1,1,1, 40753
30,40753,3,3,1, 40756
1,40756,1,1,0, 40757
8,40756,1,1,1, 40757
31,40756,2,2,1, 40758
9,40757,2,2,1, 40759
22,40756,4,4,1, 40760
24,40759,1,1,1, 40760
7,40762,1,1,1, 40763
2,40763,2,2,1, 40765
30,40763,3,3,1, 40766
18,40763,4,4,1, 40767
1,40766,1,1,1, 40767
8,40766,1,1,0, 40767
31,40766,2,2,1, 40768
9,40767,2,2,1, 40769
26,40767,3,3,1, 40770
24,40769,1,1,1, 40770
23,40768,3,3,1, 40771
7,40772,1,1,1, 40773
15,40771,2,4,1, 40775
2,40773,2,2,1, 40775
8,40776,1,1,1, 40777
31,40776,2,2,1, 40778
22,40776,4,4,1, 40780
5,40777,3,3,1, 40780
24,40779,1,1,0, 40780
6,40780,2,2,1, 40782
7,40782,1,1,0, 40783
15,40781,2,4,1, 40785
8,40786,1,1,1, 40787
5,40787,3,3,1, 40790
24,40789,1,1,1, 40790
13,40789,4,4,1, 40793
7,40792,1,1,1, 40793
30,40793,3,3,1, 40796
8,40796,1,1,1, 40797
24,40799,1,1,0, 40800
16,40799,2,2,1, 40801
8,40806,1,1,0, 40807
24,40809,1,1,0, 40810
16,40809,2,2,1, 40811
8,40816,1,1,0, 40817
24,40819,1,1,0, 40820
16,40819,2,2,1, 40821
8,40826,1,1,0, 40827
24,40829,1,1,0, 40830
16,40829,2,2,1, 40831
8,40836,1,1,1, 40837
24,40839,1,1,0, 40840
16,40839,2,2,1, 40841
8,40846,1,1,0, 40847
24,40849,1,1,1, 40850
8,40856,1,1,1, 40857
24,40859,1,1,1, 40860
8,40866,1,1,0, 40867
24,40869,1,1,0, 40870
16,40869,2,2,1, 40871
25,40875,2,2,1, 40877
1,40876,1,1,0, 40877
8,40876,1,1,1, 40877
24,40879,1,1,1, 40880
16,40879,2,2,1, 40881
25,40885,2,2,1, 40887
1,40886,1,1,1, 40887
8,40886,1,1,1, 40887
24,40889,1,1,1, 40890
25,40895,2,2,1, 40897
1,40896,1,1,0, 40897
8,40896,1,1,0, 40897
24,40899,1,1,1, 40900
16,40899,2,2,1, 40901
7,40902,1,1,1, 40903
25,40905,2,2,1, 40907
1,40906,1,1,0, 40907
8,40906,1,1,0, 40907
24,40909,1,1,1, 40910
16,40909,2,2,1, 40911
7,40912,1,1,0, 40913
25,40915,2,2,1, 40917
1,40916,1,1,1, 40917
8,40916,1,1,1, 40917
24,40919,1,1,0, 40920
7,40922,1,1,1, 40923
25,40925,2,2,1, 40927
1,40926,1,1,0, 40927
8,40926,1,1,0, 40927
9,40927,2,2,1, 40929
24,40929,1,1,1, 40930
16,40929,2,2,1, 40931
17,40929,3,3,1, 40932
7,40932,1,1,0, 40933
2,40933,2,2,1, 40935
18,40933,4,4,1, 40937
1,40936,1,1,1, 40937
8,40936,1,1,0, 40937
5,40937,3,3,1, 40940
24,40939,1,1,0, 40940
16,40939,2,2,1, 40941
17,40939,3,3,1, 40942
6,40940,2,2,1, 40942
13,40939,4,4,1, 40943
7,40942,1,1,0, 40943
15,40941,2,4,1, 40945
2,40943,2,2,1, 40945
18,40943,4,4,1, 40947
1,40946,1,1,1, 40947
8,40946,1,1,0, 40947
31,40946,2,2,1, 40948
24,40949,1,1,1, 40950
21,40947,5,5,1, 40952
14,40949,3,3,1, 40952
13,40949,4,4,1, 40953
7,40952,1,1,0, 40953
2,40953,2,2,1, 40955
18,40953,4,4,1, 40957
25,40955,2,2,1, 40957
1,40956,1,1,1, 40957
8,40956,1,1,0, 40957
31,40956,2,2,1, 40958
5,40957,3,3,1, 40960
26,40957,3,3,1, 40960
24,40959,1,1,0, 40960
23,40958,3,3,1, 40961
29,40958,4,4,1, 40962
14,40959,3,3,1, 40962
6,40960,2,2,1, 40962
13,40959,4,4,1, 40963
7,40962,1,1,1, 40963
15,40961,2,4,1, 40965
2,40963,2,2,1, 40965
1,40966,1,1,1, 40967
8,40966,1,1,1, 40967
31,40966,2,2,1, 40968
9,40967,2,2,1, 40969
24,40969,1,1,0, 40970
7,40972,1,1,0, 40973
8,40976,1,1,0, 40977
5,40977,3,3,1, 40980
24,40979,1,1,1, 40980
29,40978,4,4,1, 40982
8,40986,1,1,0, 40987
24,40989,1,1,0, 40990
8,40996,1,1,0, 40997
24,40999,1,1,0, 41000
16,40999,2,2,1, 41001
8,41006,1,1,0, 41007
24,41009,1,1,1, 41010
16,41009,2,2,1, 41011
8,41016,1,1,1, 41017
24,41019,1,1,0, 41020
16,41019,2,2,1, 41021
8,41026,1,1,0, 41027
24,41029,1,1,1, 41030
16,41029,2,2,1, 41031
8,41036,1,1,1, 41037
24,41039,1,1,1, 41040
16,41039,2,2,1, 41041
8,41046,1,1,1, 41047
24,41049,1,1,1, 41050
8,41056,1,1,1, 41057
24,41059,1,1,1, 41060
8,41066,1,1,0, 41067
24,41069,1,1,1, 41070
16,41069,2,2,1, 41071
1,41076,1,1,1, 41077
8,41076,1,1,0, 41077
24,41079,1,1,0, 41080
16,41079,2,2,1, 41081
17,41079,3,3,1, 41082
25,41085,2,2,1, 41087
1,41086,1,1,1, 41087
8,41086,1,1,0, 41087
9,41087,2,2,1, 41089
24,41089,1,1,1, 41090
23,41088,3,3,1, 41091
16,41089,2,2,1, 41091
17,41089,3,3,1, 41092
7,41092,1,1,0, 41093
1,41096,1,1,0, 41097
8,41096,1,1,1, 41097
31,41096,2,2,1, 41098
24,41099,1,1,0, 41100
16,41099,2,2,1, 41101
17,41099,3,3,1, 41102
7,41102,1,1,1, 41103
15,41101,2,4,1, 41105
2,41103,2,2,1, 41105
1,41106,1,1,1, 41107
8,41106,1,1,1, 41107
31,41106,2,2,1, 41108
9,41107,2,2,1, 41109
22,41106,4,4,1, 41110
5,41107,3,3,1, 41110
19,41106,5,5,1, 41111
14,41109,3,3,1, 41112
17,41109,3,3,1, 41112
7,41112,1,1,1, 41113
30,41113,3,3,1, 41116
1,41116,1,1,1, 41117
8,41116,1,1,1, 41117
31,41116,2,2,1, 41118
3,41117,3,3,1, 41120
19,41116,5,5,1, 41121
23,41118,3,3,1, 41121
21,41117,5,5,1, 41122
29,41118,4,4,1, 41122
6,41120,2,2,1, 41122
7,41122,1,1,1, 41123
15,41121,2,4,1, 41125
2,41123,2,2,1, 41125
27,41122,4,4,1, 41126
30,41123,3,3,1, 41126
25,41125,2,2,1, 41127
1,41126,1,1,1, 41127
8,41126,1,1,0, 41127
11,41124,4,4,1, 41128
31,41126,2,2,1, 41128
9,41127,2,2,1, 41129
8,41136,1,1,0, 41137
8,41146,1,1,0, 41147
8,41156,1,1,1, 41157
8,41166,1,1,0, 41167
8,41176,1,1,0, 41177
8,41186,1,1,0, 41187
8,41196,1,1,1, 41197
8,41206,1,1,0, 41207
24,41209,1,1,0, 41210
8,41216,1,1,1, 41217
24,41219,1,1,1, 41220
8,41226,1,1,1, 41227
24,41229,1,1,0, 41230
16,41229,2,2,1, 41231
7,41232,1,1,1, 41233
1,41236,1,1,1, 41237
8,41236,1,1,1, 41237
9,41237,2,2,1, 41239
24,41239,1,1,0, 41240
7,41242,1,1,1, 41243
1,41246,1,1,0, 41247
8,41246,1,1,1, 41247
24,41249,1,1,0, 41250
16,41249,2,2,1, 41251
7,41252,1,1,1, 41253
1,41256,1,1,1, 41257
8,41256,1,1,0, 41257
31,41256,2,2,1, 41258
24,41259,1,1,0, 41260
16,41259,2,2,1, 41261
17,41259,3,3,1, 41262
7,41262,1,1,0, 41263
1,41266,1,1,0, 41267
8,41266,1,1,1, 41267
9,41267,2,2,1, 41269
22,41266,4,4,1, 41270
24,41269,1,1,1, 41270
16,41269,2,2,1, 41271
17,41269,3,3,1, 41272
7,41272,1,1,0, 41273
1,41276,1,1,0, 41277
8,41276,1,1,0, 41277
31,41276,2,2,1, 41278
9,41277,2,2,1, 41279
22,41276,4,4,1, 41280
5,41277,3,3,1, 41280
26,41277,3,3,1, 41280
24,41279,1,1,1, 41280
14,41279,3,3,1, 41282
17,41279,3,3,1, 41282
13,41279,4,4,1, 41283
7,41282,1,1,0, 41283
15,41281,2,4,1, 41285
25,41285,2,2,1, 41287
1,41286,1,1,1, 41287
8,41286,1,1,0, 41287
31,41286,2,2,1, 41288
5,41287,3,3,1, 41290
26,41287,3,3,1, 41290
24,41289,1,1,0, 41290
23,41288,3,3,1, 41291
29,41288,4,4,1, 41292
6,41290,2,2,1, 41292
7,41292,1,1,1, 41293
25,41295,2,2,1, 41297
1,41296,1,1,1, 41297
8,41296,1,1,1, 41297
9,41297,2,2,1, 41299
26,41297,3,3,1, 41300
24,41299,1,1,0, 41300
23,41298,3,3,1, 41301
29,41298,4,4,1, 41302
7,41302,1,1,1, 41303
25,41305,2,2,1, 41307
1,41306,1,1,1, 41307
8,41306,1,1,1, 41307
22,41306,4,4,1, 41310
5,41307,3,3,1, 41310
24,41309,1,1,0, 41310
23,41308,3,3,1, 41311
16,41309,2,2,1, 41311
18,41313,4,4,1, 41317
1,41316,1,1,0, 41317
8,41316,1,1,0, 41317
11,41314,4,4,1, 41318
20,41313,6,6,1, 41319
28,41314,5,5,1, 41319
9,41317,2,2,1, 41319
3,41317,3,3,1, 41320
24,41319,1,1,0, 41320
16,41319,2,2,1, 41321
8,41326,1,1,1, 41327
24,41329,1,1,1, 41330
8,41336,1,1,1, 41337
24,41339,1,1,0, 41340
8,41346,1,1,1, 41347
24,41349,1,1,0, 41350
8,41356,1,1,0, 41357
24,41359,1,1,0, 41360
16,41359,2,2,1, 41361
8,41366,1,1,0, 41367
24,41369,1,1,0, 41370
8,41376,1,1,0, 41377
24,41379,1,1,0, 41380
8,41386,1,1,1, 41387
24,41389,1,1,1, 41390
8,41396,1,1,1, 41397
24,41399,1,1,1, 41400
16,41399,2,2,1, 41401
8,41406,1,1,0, 41407
24,41409,1,1,0, 41410
8,41416,1,1,0, 41417
24,41419,1,1,0, 41420
7,41422,1,1,0, 41423
25,41425,2,2,1, 41427
1,41426,1,1,0, 41427
8,41426,1,1,1, 41427
24,41429,1,1,0, 41430
7,41432,1,1,0, 41433
15,41431,2,4,1, 41435
25,41435,2,2,1, 41437
1,41436,1,1,0, 41437
8,41436,1,1,1, 41437
9,41437,2,2,1, 41439
5,41437,3,3,1, 41440
24,41439,1,1,1, 41440
23,41438,3,3,1, 41441
16,41439,2,2,1, 41441
21,41437,5,5,1, 41442
29,41438,4,4,1, 41442
13,41439,4,4,1, 41443
7,41442,1,1,1, 41443
1,41446,1,1,1, 41447
8,41446,1,1,1, 41447
9,41447,2,2,1, 41449
22,41446,4,4,1, 41450
24,41449,1,1,0, 41450
23,41448,3,3,1, 41451
16,41449,2,2,1, 41451
21,41447,5,5,1, 41452
17,41449,3,3,1, 41452
13,41449,4,4,1, 41453
7,41452,1,1,1, 41453
15,41451,2,4,1, 41455
30,41453,3,3,1, 41456
1,41456,1,1,1, 41457
8,41456,1,1,1, 41457
9,41457,2,2,1, 41459
22,41456,4,4,1, 41460
5,41457,3,3,1, 41460
24,41459,1,1,1, 41460
16,41459,2,2,1, 41461
21,41457,5,5,1, 41462
29,41458,4,4,1, 41462
6,41460,2,2,1, 41462
1,41466,1,1,1, 41467
8,41466,1,1,0, 41467
9,41467,2,2,1, 41469
24,41469,1,1,0, 41470
2,41473,2,2,1, 41475
25,41475,2,2,1, 41477
1,41476,1,1,1, 41477
8,41476,1,1,1, 41477
9,41477,2,2,1, 41479
24,41479,1,1,1, 41480
16,41479,2,2,1, 41481
18,41483,4,4,1, 41487
25,41485,2,2,1, 41487
1,41486,1,1,0, 41487
8,41486,1,1,0, 41487
9,41487,2,2,1, 41489
24,41489,1,1,0, 41490
16,41489,2,2,1, 41491
25,41495,2,2,1, 41497
1,41496,1,1,0, 41497
8,41496,1,1,0, 41497
9,41497,2,2,1, 41499
24,41499,1,1,1, 41500
16,41499,2,2,1, 41501
18,41503,4,4,1, 41507
25,41505,2,2,1, 41507
1,41506,1,1,1, 41507
8,41506,1,1,1, 41507
26,41507,3,3,1, 41510
24,41509,1,1,1, 41510
8,41516,1,1,0, 41517
24,41519,1,1,1, 41520
16,41519,2,2,1, 41521
8,41526,1,1,0, 41527
24,41529,1,1,1, 41530
16,41529,2,2,1, 41531
8,41536,1,1,1, 41537
24,41539,1,1,0, 41540
8,41546,1,1,0, 41547
24,41549,1,1,0, 41550
16,41549,2,2,1, 41551
8,41556,1,1,1, 41557
24,41559,1,1,0, 41560
8,41566,1,1,1, 41567
24,41569,1,1,1, 41570
16,41569,2,2,1, 41571
7,41572,1,1,0, 41573
8,41576,1,1,0, 41577
31,41576,2,2,1, 41578
24,41579,1,1,1, 41580
21,41577,5,5,1, 41582
29,41578,4,4,1, 41582
13,41579,4,4,1, 41583
7,41582,1,1,1, 41583
8,41586,1,1,1, 41587
5,41587,3,3,1, 41590
24,41589,1,1,0, 41590
23,41588,3,3,1, 41591
21,41587,5,5,1, 41592
29,41588,4,4,1, 41592
14,41589,3,3,1, 41592
6,41590,2,2,1, 41592
13,41589,4,4,1, 41593
7,41592,1,1,1, 41593
30,41593,3,3,1, 41596
8,41596,1,1,1, 41597
31,41596,2,2,1, 41598
22,41596,4,4,1, 41600
5,41597,3,3,1, 41600
24,41599,1,1,1, 41600
29,41598,4,4,1, 41602
6,41600,2,2,1, 41602
8,41606,1,1,0, 41607
24,41609,1,1,1, 41610
16,41609,2,2,1, 41611
25,41615,2,2,1, 41617
1,41616,1,1,0, 41617
8,41616,1,1,1, 41617
24,41619,1,1,1, 41620
1,41626,1,1,0, 41627
8,41626,1,1,0, 41627
24,41629,1,1,0, 41630
16,41629,2,2,1, 41631
25,41635,2,2,1, 41637
1,41636,1,1,1, 41637
8,41636,1,1,1, 41637
9,41637,2,2,1, 41639
24,41639,1,1,1, 41640
16,41639,2,2,1, 41641
17,41639,3,3,1, 41642
1,41646,1,1,1, 41647
8,41646,1,1,0, 41647
24,41649,1,1,1, 41650
25,41655,2,2,1, 41657
1,41656,1,1,1, 41657
8,41656,1,1,0, 41657
24,41659,1,1,1, 41660
16,41659,2,2,1, 41661
1,41666,1,1,1, 41667
8,41666,1,1,1, 41667
24,41669,1,1,0, 41670
16,41669,2,2,1, 41671
25,41675,2,2,1, 41677
1,41676,1,1,0, 41677
8,41676,1,1,0, 41677
24,41679,1,1,0, 41680
1,41686,1,1,1, 41687
8,41686,1,1,0, 41687
26,41687,3,3,1, 41690
24,41689,1,1,0, 41690
2,41693,2,2,1, 41695
1,41696,1,1,0, 41697
8,41696,1,1,0, 41697
26,41697,3,3,1, 41700
24,41699,1,1,0, 41700
16,41699,2,2,1, 41701
1,41706,1,1,0, 41707
8,41706,1,1,0, 41707
24,41709,1,1,0, 41710
7,41712,1,1,0, 41713
18,41713,4,4,1, 41717
25,41715,2,2,1, 41717
1,41716,1,1,0, 41717
8,41716,1,1,1, 41717
5,41717,3,3,1, 41720
26,41717,3,3,1, 41720
24,41719,1,1,1, 41720
16,41719,2,2,1, 41721
13,41719,4,4,1, 41723
7,41722,1,1,1, 41723
2,41723,2,2,1, 41725
1,41726,1,1,0, 41727
8,41726,1,1,0, 41727
26,41727,3,3,1, 41730
24,41729,1,1,0, 41730
16,41729,2,2,1, 41731
7,41732,1,1,1, 41733
1,41736,1,1,0, 41737
8,41736,1,1,0, 41737
5,41737,3,3,1, 41740
24,41739,1,1,0, 41740
16,41739,2,2,1, 41741
6,41740,2,2,1, 41742
13,41739,4,4,1, 41743
7,41742,1,1,1, 41743
1,41746,1,1,0, 41747
8,41746,1,1,0, 41747
24,41749,1,1,0, 41750
16,41749,2,2,1, 41751
29,41748,4,4,1, 41752
13,41749,4,4,1, 41753
7,41752,1,1,1, 41753
1,41756,1,1,0, 41757
8,41756,1,1,1, 41757
9,41757,2,2,1, 41759
3,41757,3,3,1, 41760
5,41757,3,3,1, 41760
24,41759,1,1,1, 41760
16,41759,2,2,1, 41761
21,41757,5,5,1, 41762
14,41759,3,3,1, 41762
17,41759,3,3,1, 41762
13,41759,4,4,1, 41763
7,41762,1,1,0, 41763
25,41765,2,2,1, 41767
1,41766,1,1,0, 41767
8,41766,1,1,0, 41767
11,41764,4,4,1, 41768
28,41764,5,5,1, 41769
24,41769,1,1,1, 41770
29,41768,4,4,1, 41772
7,41772,1,1,1, 41773
8,41776,1,1,0, 41777
24,41779,1,1,0, 41780
16,41779,2,2,1, 41781
6,41780,2,2,1, 41782
7,41782,1,1,1, 41783
8,41786,1,1,0, 41787
5,41787,3,3,1, 41790
24,41789,1,1,0, 41790
16,41789,2,2,1, 41791
21,41787,5,5,1, 41792
29,41788,4,4,1, 41792
7,41792,1,1,0, 41793
8,41796,1,1,0, 41797
24,41799,1,1,0, 41800
21,41797,5,5,1, 41802
7,41802,1,1,0, 41803
8,41806,1,1,1, 41807
31,41806,2,2,1, 41808
22,41806,4,4,1, 41810
24,41809,1,1,1, 41810
21,41807,5,5,1, 41812
6,41810,2,2,1, 41812
8,41816,1,1,0, 41817
24,41819,1,1,1, 41820
8,41826,1,1,0, 41827
24,41829,1,1,1, 41830
8,41836,1,1,0, 41837
24,41839,1,1,1, 41840
8,41846,1,1,0, 41847
24,41849,1,1,0, 41850
8,41856,1,1,1, 41857
24,41859,1,1,1, 41860
16,41859,2,2,1, 41861
8,41866,1,1,1, 41867
24,41869,1,1,1, 41870
16,41869,2,2,1, 41871
25,41875,2,2,1, 41877
1,41876,1,1,1, 41877
8,41876,1,1,0, 41877
9,41877,2,2,1, 41879
24,41879,1,1,1, 41880
17,41879,3,3,1, 41882
2,41883,2,2,1, 41885
18,41883,4,4,1, 41887
25,41885,2,2,1, 41887
1,41886,1,1,0, 41887
8,41886,1,1,1, 41887
24,41889,1,1,0, 41890
16,41889,2,2,1, 41891
18,41893,4,4,1, 41897
25,41895,2,2,1, 41897
1,41896,1,1,1, 41897
8,41896,1,1,0, 41897
24,41899,1,1,1, 41900
16,41899,2,2,1, 41901
2,41903,2,2,1, 41905
18,41903,4,4,1, 41907
1,41906,1,1,0, 41907
8,41906,1,1,1, 41907
9,41907,2,2,1, 41909
26,41907,3,3,1, 41910
24,41909,1,1,0, 41910
2,41913,2,2,1, 41915
27,41912,4,4,1, 41916
25,41915,2,2,1, 41917
1,41916,1,1,0, 41917
8,41916,1,1,0, 41917
11,41914,4,4,1, 41918
24,41919,1,1,0, 41920
16,41919,2,2,1, 41921
7,41922,1,1,0, 41923
8,41926,1,1,1, 41927
31,41926,2,2,1, 41928
22,41926,4,4,1, 41930
24,41929,1,1,0, 41930
16,41929,2,2,1, 41931
14,41929,3,3,1, 41932
13,41929,4,4,1, 41933
7,41932,1,1,1, 41933
30,41933,3,3,1, 41936
8,41936,1,1,1, 41937
24,41939,1,1,0, 41940
6,41940,2,2,1, 41942
13,41939,4,4,1, 41943
7,41942,1,1,0, 41943
15,41941,2,4,1, 41945
30,41943,3,3,1, 41946
8,41946,1,1,0, 41947
22,41946,4,4,1, 41950
24,41949,1,1,1, 41950
14,41949,3,3,1, 41952
13,41949,4,4,1, 41953
7,41952,1,1,0, 41953
15,41951,2,4,1, 41955
30,41953,3,3,1, 41956
8,41956,1,1,1, 41957
22,41956,4,4,1, 41960
24,41959,1,1,1, 41960
23,41958,3,3,1, 41961
8,41966,1,1,0, 41967
24,41969,1,1,1, 41970
16,41969,2,2,1, 41971
8,41976,1,1,1, 41977
24,41979,1,1,1, 41980
8,41986,1,1,1, 41987
24,41989,1,1,1, 41990
8,41996,1,1,1, 41997
24,41999,1,1,0, 42000
8,42006,1,1,1, 42007
24,42009,1,1,1, 42010
16,42009,2,2,1, 42011
8,42016,1,1,1, 42017
24,42019,1,1,0, 42020
16,42019,2,2,1, 42021
1,42026,1,1,0, 42027
8,42026,1,1,0, 42027
24,42029,1,1,1, 42030
25,42035,2,2,1, 42037
1,42036,1,1,0, 42037
8,42036,1,1,1, 42037
24,42039,1,1,0, 42040
16,42039,2,2,1, 42041
17,42039,3,3,1, 42042
2,42043,2,2,1, 42045
25,42045,2,2,1, 42047
1,42046,1,1,0, 42047
8,42046,1,1,0, 42047
26,42047,3,3,1, 42050
24,42049,1,1,1, 42050
17,42049,3,3,1, 42052
25,42055,2,2,1, 42057
1,42056,1,1,0, 42057
8,42056,1,1,0, 42057
26,42057,3,3,1, 42060
24,42059,1,1,1, 42060
16,42059,2,2,1, 42061
2,42063,2,2,1, 42065
18,42063,4,4,1, 42067
25,42065,2,2,1, 42067
1,42066,1,1,0, 42067
8,42066,1,1,0, 42067
26,42067,3,3,1, 42070
24,42069,1,1,1, 42070
19,42066,5,5,1, 42071
17,42069,3,3,1, 42072
7,42072,1,1,0, 42073
2,42073,2,2,1, 42075
27,42072,4,4,1, 42076
1,42076,1,1,1, 42077
8,42076,1,1,1, 42077
22,42076,4,4,1, 42080
3,42077,3,3,1, 42080
5,42077,3,3,1, 42080
24,42079,1,1,0, 42080
16,42079,2,2,1, 42081
29,42078,4,4,1, 42082
7,42082,1,1,0, 42083
8,42086,1,1,1, 42087
22,42086,4,4,1, 42090
5,42087,3,3,1, 42090
24,42089,1,1,0, 42090
21,42087,5,5,1, 42092
7,42092,1,1,0, 42093
30,42093,3,3,1, 42096
8,42096,1,1,1, 42097
22,42096,4,4,1, 42100
5,42097,3,3,1, 42100
24,42099,1,1,0, 42100
16,42099,2,2,1, 42101
6,42100,2,2,1, 42102
7,42102,1,1,1, 42103
8,42106,1,1,0, 42107
24,42109,1,1,1, 42110
16,42109,2,2,1, 42111
29,42108,4,4,1, 42112
13,42109,4,4,1, 42113
7,42112,1,1,1, 42113
8,42116,1,1,1, 42117
24,42119,1,1,0, 42120
16,42119,2,2,1, 42121
29,42118,4,4,1, 42122
14,42119,3,3,1, 42122
13,42119,4,4,1, 42123
7,42122,1,1,0, 42123
8,42126,1,1,0, 42127
5,42127,3,3,1, 42130
24,42129,1,1,1, 42130
14,42129,3,3,1, 42132
6,42130,2,2,1, 42132
7,42132,1,1,1, 42133
8,42136,1,1,0, 42137
24,42139,1,1,1, 42140
16,42139,2,2,1, 42141
14,42139,3,3,1, 42142
8,42146,1,1,1, 42147
24,42149,1,1,1, 42150
16,42149,2,2,1, 42151
8,42156,1,1,1, 42157
24,42159,1,1,1, 42160
8,42166,1,1,0, 42167
24,42169,1,1,0, 42170
16,42169,2,2,1, 42171
8,42176,1,1,1, 42177
24,42179,1,1,0, 42180
25,42185,2,2,1, 42187
1,42186,1,1,0, 42187
8,42186,1,1,0, 42187
9,42187,2,2,1, 42189
24,42189,1,1,0, 42190
16,42189,2,2,1, 42191
17,42189,3,3,1, 42192
1,42196,1,1,0, 42197
8,42196,1,1,1, 42197
9,42197,2,2,1, 42199
24,42199,1,1,0, 42200
17,42199,3,3,1, 42202
1,42206,1,1,1, 42207
8,42206,1,1,0, 42207
24,42209,1,1,0, 42210
16,42209,2,2,1, 42211
2,42213,2,2,1, 42215
1,42216,1,1,0, 42217
8,42216,1,1,1, 42217
24,42219,1,1,1, 42220
2,42223,2,2,1, 42225
25,42225,2,2,1, 42227
1,42226,1,1,1, 42227
8,42226,1,1,1, 42227
20,42223,6,6,1, 42229
28,42224,5,5,1, 42229
3,42227,3,3,1, 42230
24,42229,1,1,0, 42230
17,42229,3,3,1, 42232
2,42233,2,2,1, 42235
18,42233,4,4,1, 42237
1,42236,1,1,1, 42237
8,42236,1,1,1, 42237
11,42234,4,4,1, 42238
26,42237,3,3,1, 42240
24,42239,1,1,0, 42240
17,42239,3,3,1, 42242
7,42242,1,1,1, 42243
8,42246,1,1,1, 42247
31,42246,2,2,1, 42248
24,42249,1,1,0, 42250
23,42248,3,3,1, 42251
6,42250,2,2,1, 42252
13,42249,4,4,1, 42253
7,42252,1,1,1, 42253
8,42256,1,1,1, 42257
31,42256,2,2,1, 42258
22,42256,4,4,1, 42260
24,42259,1,1,0, 42260
16,42259,2,2,1, 42261
14,42259,3,3,1, 42262
6,42260,2,2,1, 42262
7,42262,1,1,1, 42263
30,42263,3,3,1, 42266
8,42266,1,1,0, 42267
22,42266,4,4,1, 42270
24,42269,1,1,0, 42270
14,42269,3,3,1, 42272
6,42270,2,2,1, 42272
13,42269,4,4,1, 42273
7,42272,1,1,0, 42273
30,42273,3,3,1, 42276
8,42276,1,1,0, 42277
31,42276,2,2,1, 42278
22,42276,4,4,1, 42280
24,42279,1,1,0, 42280
16,42279,2,2,1, 42281
14,42279,3,3,1, 42282
8,42286,1,1,0, 42287
24,42289,1,1,0, 42290
16,42289,2,2,1, 42291
8,42296,1,1,1, 42297
24,42299,1,1,0, 42300
8,42306,1,1,0, 42307
24,42309,1,1,0, 42310
16,42309,2,2,1, 42311
8,42316,1,1,0, 42317
24,42319,1,1,0, 42320
8,42326,1,1,1, 42327
24,42329,1,1,0, 42330
16,42329,2,2,1, 42331
8,42336,1,1,1, 42337
24,42339,1,1,1, 42340
1,42346,1,1,0, 42347
8,42346,1,1,1, 42347
24,42349,1,1,1, 42350
25,42355,2,2,1, 42357
1,42356,1,1,0, 42357
8,42356,1,1,0, 42357
24,42359,1,1,0, 42360
1,42366,1,1,1, 42367
8,42366,1,1,1, 42367
24,42369,1,1,1, 42370
2,42373,2,2,1, 42375
18,42373,4,4,1, 42377
25,42375,2,2,1, 42377
1,42376,1,1,1, 42377
8,42376,1,1,1, 42377
24,42379,1,1,0, 42380
18,42383,4,4,1, 42387
1,42386,1,1,0, 42387
8,42386,1,1,0, 42387
31,42386,2,2,1, 42388
24,42389,1,1,1, 42390
16,42389,2,2,1, 42391
7,42392,1,1,0, 42393
2,42393,2,2,1, 42395
18,42393,4,4,1, 42397
25,42395,2,2,1, 42397
1,42396,1,1,0, 42397
8,42396,1,1,0, 42397
31,42396,2,2,1, 42398
24,42399,1,1,1, 42400
7,42402,1,1,0, 42403
2,42403,2,2,1, 42405
18,42403,4,4,1, 42407
1,42406,1,1,1, 42407
8,42406,1,1,1, 42407
9,42407,2,2,1, 42409
26,42407,3,3,1, 42410
24,42409,1,1,1, 42410
16,42409,2,2,1, 42411
17,42409,3,3,1, 42412
7,42412,1,1,1, 42413
15,42411,2,4,1, 42415
2,42413,2,2,1, 42415
30,42413,3,3,1, 42416
18,42413,4,4,1, 42417
25,42415,2,2,1, 42417
1,42416,1,1,1, 42417
8,42416,1,1,0, 42417
11,42414,4,4,1, 42418
31,42416,2,2,1, 42418
24,42419,1,1,0, 42420
23,42418,3,3,1, 42421
16,42419,2,2,1, 42421
7,42422,1,1,0, 42423
15,42421,2,4,1, 42425
30,42423,3,3,1, 42426
8,42426,1,1,1, 42427
5,42427,3,3,1, 42430
21,42427,5,5,1, 42432
29,42428,4,4,1, 42432
7,42432,1,1,0, 42433
15,42431,2,4,1, 42435
8,42436,1,1,1, 42437
29,42438,4,4,1, 42442
7,42442,1,1,1, 42443
15,42441,2,4,1, 42445
30,42443,3,3,1, 42446
8,42446,1,1,1, 42447
22,42446,4,4,1, 42450
23,42448,3,3,1, 42451
8,42456,1,1,1, 42457
8,42466,1,1,0, 42467
8,42476,1,1,0, 42477
8,42486,1,1,1, 42487
8,42496,1,1,0, 42497
8,42506,1,1,0, 42507
8,42516,1,1,0, 42517
17,42519,3,3,1, 42522
25,42525,2,2,1, 42527
1,42526,1,1,1, 42527
8,42526,1,1,1, 42527
24,42529,1,1,1, 42530
16,42529,2,2,1, 42531
25,42535,2,2,1, 42537
1,42536,1,1,1, 42537
8,42536,1,1,1, 42537
24,42539,1,1,0, 42540
1,42546,1,1,1, 42547
8,42546,1,1,0, 42547
24,42549,1,1,1, 42550
2,42553,2,2,1, 42555
18,42553,4,4,1, 42557
25,42555,2,2,1, 42557
1,42556,1,1,1, 42557
8,42556,1,1,0, 42557
9,42557,2,2,1, 42559
26,42557,3,3,1, 42560
24,42559,1,1,1, 42560
16,42559,2,2,1, 42561
7,42562,1,1,0, 42563
18,42563,4,4,1, 42567
25,42565,2,2,1, 42567
1,42566,1,1,0, 42567
8,42566,1,1,0, 42567
26,42567,3,3,1, 42570
24,42569,1,1,0, 42570
17,42569,3,3,1, 42572
7,42572,1,1,0, 42573
18,42573,4,4,1, 42577
1,42576,1,1,1, 42577
8,42576,1,1,1, 42577
9,42577,2,2,1, 42579
24,42579,1,1,1, 42580
17,42579,3,3,1, 42582
7,42582,1,1,0, 42583
2,42583,2,2,1, 42585
1,42586,1,1,1, 42587
8,42586,1,1,1, 42587
11,42584,4,4,1, 42588
28,42584,5,5,1, 42589
22,42586,4,4,1, 42590
24,42589,1,1,0, 42590
7,42592,1,1,0, 42593
8,42596,1,1,0, 42597
22,42596,4,4,1, 42600
24,42599,1,1,0, 42600
16,42599,2,2,1, 42601
21,42597,5,5,1, 42602
14,42599,3,3,1, 42602
6,42600,2,2,1, 42602
13,42599,4,4,1, 42603
7,42602,1,1,0, 42603
8,42606,1,1,1, 42607
5,42607,3,3,1, 42610
24,42609,1,1,0, 42610
7,42612,1,1,1, 42613
8,42616,1,1,1, 42617
31,42616,2,2,1, 42618
24,42619,1,1,1, 42620
16,42619,2,2,1, 42621
14,42619,3,3,1, 42622
6,42620,2,2,1, 42622
13,42619,4,4,1, 42623
7,42622,1,1,1, 42623
15,42621,2,4,1, 42625
8,42626,1,1,0, 42627
5,42627,3,3,1, 42630
24,42629,1,1,1, 42630
23,42628,3,3,1, 42631
14,42629,3,3,1, 42632
7,42632,1,1,0, 42633
8,42636,1,1,1, 42637
5,42637,3,3,1, 42640
24,42639,1,1,1, 42640
16,42639,2,2,1, 42641
14,42639,3,3,1, 42642
13,42639,4,4,1, 42643
7,42642,1,1,1, 42643
15,42641,2,4,1, 42645
8,42646,1,1,1, 42647
24,42649,1,1,1, 42650
16,42649,2,2,1, 42651
8,42656,1,1,1, 42657
24,42659,1,1,0, 42660
8,42666,1,1,0, 42667
24,42669,1,1,0, 42670
16,42669,2,2,1, 42671
8,42676,1,1,1, 42677
24,42679,1,1,0, 42680
8,42686,1,1,0, 42687
24,42689,1,1,0, 42690
16,42689,2,2,1, 42691
1,42696,1,1,1, 42697
8,42696,1,1,0, 42697
9,42697,2,2,1, 42699
24,42699,1,1,1, 42700
1,42706,1,1,1, 42707
8,42706,1,1,1, 42707
24,42709,1,1,1, 42710
16,42709,2,2,1, 42711
18,42713,4,4,1, 42717
1,42716,1,1,1, 42717
8,42716,1,1,1, 42717
24,42719,1,1,0, 42720
25,42725,2,2,1, 42727
1,42726,1,1,0, 42727
8,42726,1,1,1, 42727
24,42729,1,1,1, 42730
16,42729,2,2,1, 42731
2,42733,2,2,1, 42735
18,42733,4,4,1, 42737
1,42736,1,1,1, 42737
8,42736,1,1,1, 42737
24,42739,1,1,0, 42740
16,42739,2,2,1, 42741
2,42743,2,2,1, 42745
1,42746,1,1,0, 42747
8,42746,1,1,1, 42747
9,42747,2,2,1, 42749
24,42749,1,1,0, 42750
17,42749,3,3,1, 42752
7,42752,1,1,1, 42753
1,42756,1,1,1, 42757
8,42756,1,1,1, 42757
31,42756,2,2,1, 42758
9,42757,2,2,1, 42759
26,42757,3,3,1, 42760
24,42759,1,1,1, 42760
16,42759,2,2,1, 42761
17,42759,3,3,1, 42762
7,42762,1,1,0, 42763
2,42763,2,2,1, 42765
25,42765,2,2,1, 42767
1,42766,1,1,1, 42767
8,42766,1,1,1, 42767
31,42766,2,2,1, 42768
9,42767,2,2,1, 42769
22,42766,4,4,1, 42770
5,42767,3,3,1, 42770
26,42767,3,3,1, 42770
24,42769,1,1,1, 42770
16,42769,2,2,1, 42771
29,42768,4,4,1, 42772
6,42770,2,2,1, 42772
7,42772,1,1,1, 42773
1,42776,1,1,1, 42777
8,42776,1,1,1, 42777
9,42777,2,2,1, 42779
22,42776,4,4,1, 42780
24,42779,1,1,0, 42780
23,42778,3,3,1, 42781
16,42779,2,2,1, 42781
14,42779,3,3,1, 42782
7,42782,1,1,1, 42783
15,42781,2,4,1, 42785
30,42783,3,3,1, 42786
8,42786,1,1,0, 42787
31,42786,2,2,1, 42788
22,42786,4,4,1, 42790
5,42787,3,3,1, 42790
24,42789,1,1,1, 42790
14,42789,3,3,1, 42792
13,42789,4,4,1, 42793
8,42796,1,1,1, 42797
24,42799,1,1,1, 42800
8,42806,1,1,0, 42807
24,42809,1,1,1, 42810
8,42816,1,1,1, 42817
24,42819,1,1,1, 42820
8,42826,1,1,1, 42827
24,42829,1,1,0, 42830
16,42829,2,2,1, 42831
8,42836,1,1,0, 42837
24,42839,1,1,1, 42840
16,42839,2,2,1, 42841
8,42846,1,1,1, 42847
24,42849,1,1,0, 42850
16,42849,2,2,1, 42851
8,42856,1,1,1, 42857
24,42859,1,1,1, 42860
16,42859,2,2,1, 42861
8,42866,1,1,0, 42867
24,42869,1,1,0, 42870
8,42876,1,1,1, 42877
24,42879,1,1,0, 42880
16,42879,2,2,1, 42881
1,42886,1,1,1, 42887
8,42886,1,1,0, 42887
24,42889,1,1,1, 42890
16,42889,2,2,1, 42891
17,42889,3,3,1, 42892
1,42896,1,1,1, 42897
8,42896,1,1,0, 42897
9,42897,2,2,1, 42899
24,42899,1,1,0, 42900
23,42898,3,3,1, 42901
16,42899,2,2,1, 42901
17,42899,3,3,1, 42902
7,42902,1,1,1, 42903
15,42901,2,4,1, 42905
1,42906,1,1,0, 42907
8,42906,1,1,1, 42907
31,42906,2,2,1, 42908
24,42909,1,1,0, 42910
7,42912,1,1,0, 42913
15,42911,2,4,1, 42915
1,42916,1,1,1, 42917
8,42916,1,1,0, 42917
24,42919,1,1,1, 42920
16,42919,2,2,1, 42921
6,42920,2,2,1, 42922
7,42922,1,1,0, 42923
15,42921,2,4,1, 42925
1,42926,1,1,0, 42927
8,42926,1,1,0, 42927
31,42926,2,2,1, 42928
22,42926,4,4,1, 42930
24,42929,1,1,0, 42930
16,42929,2,2,1, 42931
17,42929,3,3,1, 42932
6,42930,2,2,1, 42932
7,42932,1,1,1, 42933
30,42933,3,3,1, 42936
1,42936,1,1,0, 42937
8,42936,1,1,0, 42937
9,42937,2,2,1, 42939
24,42939,1,1,1, 42940
14,42939,3,3,1, 42942
17,42939,3,3,1, 42942
13,42939,4,4,1, 42943
7,42942,1,1,0, 42943
1,42946,1,1,1, 42947
8,42946,1,1,1, 42947
11,42944,4,4,1, 42948
28,42944,5,5,1, 42949
9,42947,2,2,1, 42949
22,42946,4,4,1, 42950
3,42947,3,3,1, 42950
24,42949,1,1,0, 42950
19,42946,5,5,1, 42951
23,42948,3,3,1, 42951
16,42949,2,2,1, 42951
14,42949,3,3,1, 42952
17,42949,3,3,1, 42952
6,42950,2,2,1, 42952
7,42952,1,1,0, 42953
12,42950,5,5,1, 42955
2,42953,2,2,1, 42955
27,42952,4,4,1, 42956
25,42955,2,2,1, 42957
1,42956,1,1,0, 42957
8,42956,1,1,1, 42957
22,42956,4,4,1, 42960
24,42959,1,1,1, 42960
16,42959,2,2,1, 42961
17,42959,3,3,1, 42962
8,42966,1,1,0, 42967
24,42969,1,1,0, 42970
8,42976,1,1,1, 42977
24,42979,1,1,1, 42980
8,42986,1,1,0, 42987
24,42989,1,1,0, 42990
8,42996,1,1,0, 42997
24,42999,1,1,0, 43000
16,42999,2,2,1, 43001
8,43006,1,1,0, 43007
24,43009,1,1,1, 43010
8,43016,1,1,1, 43017
24,43019,1,1,1, 43020
16,43019,2,2,1, 43021
8,43026,1,1,0, 43027
24,43029,1,1,1, 43030
8,43036,1,1,0, 43037
24,43039,1,1,1, 43040
8,43046,1,1,1, 43047
24,43049,1,1,0, 43050
8,43056,1,1,0, 43057
24,43059,1,1,0, 43060
16,43059,2,2,1, 43061
7,43062,1,1,1, 43063
15,43061,2,4,1, 43065
27,43062,4,4,1, 43066
1,43066,1,1,1, 43067
8,43066,1,1,0, 43067
9,43067,2,2,1, 43069
3,43067,3,3,1, 43070
26,43067,3,3,1, 43070
24,43069,1,1,0, 43070
19,43066,5,5,1, 43071
23,43068,3,3,1, 43071
16,43069,2,2,1, 43071
7,43072,1,1,1, 43073
1,43076,1,1,1, 43077
8,43076,1,1,0, 43077
3,43077,3,3,1, 43080
24,43079,1,1,0, 43080
23,43078,3,3,1, 43081
16,43079,2,2,1, 43081
17,43079,3,3,1, 43082
7,43082,1,1,0, 43083
2,43083,2,2,1, 43085
18,43083,4,4,1, 43087
25,43085,2,2,1, 43087
1,43086,1,1,1, 43087
8,43086,1,1,1, 43087
3,43087,3,3,1, 43090
24,43089,1,1,1, 43090
19,43086,5,5,1, 43091
23,43088,3,3,1, 43091
16,43089,2,2,1, 43091
7,43092,1,1,0, 43093
18,43093,4,4,1, 43097
25,43095,2,2,1, 43097
1,43096,1,1,0, 43097
8,43096,1,1,0, 43097
24,43099,1,1,0, 43100
7,43102,1,1,1, 43103
1,43106,1,1,0, 43107
8,43106,1,1,1, 43107
24,43109,1,1,1, 43110
7,43112,1,1,1, 43113
1,43116,1,1,0, 43117
8,43116,1,1,0, 43117
24,43119,1,1,0, 43120
16,43119,2,2,1, 43121
7,43122,1,1,1, 43123
1,43126,1,1,0, 43127
8,43126,1,1,1, 43127
22,43126,4,4,1, 43130
24,43129,1,1,1, 43130
16,43129,2,2,1, 43131
29,43128,4,4,1, 43132
14,43129,3,3,1, 43132
6,43130,2,2,1, 43132
13,43129,4,4,1, 43133
7,43132,1,1,1, 43133
25,43135,2,2,1, 43137
1,43136,1,1,1, 43137
8,43136,1,1,1, 43137
22,43136,4,4,1, 43140
24,43139,1,1,0, 43140
21,43137,5,5,1, 43142
7,43142,1,1,1, 43143
1,43146,1,1,1, 43147
8,43146,1,1,0, 43147
22,43146,4,4,1, 43150
24,43149,1,1,1, 43150
16,43149,2,2,1, 43151
14,43149,3,3,1, 43152
6,43150,2,2,1, 43152
13,43149,4,4,1, 43153
7,43152,1,1,1, 43153
1,43156,1,1,1, 43157
8,43156,1,1,0, 43157
24,43159,1,1,0, 43160
16,43159,2,2,1, 43161
7,43162,1,1,1, 43163
25,43165,2,2,1, 43167
1,43166,1,1,0, 43167
8,43166,1,1,0, 43167
24,43169,1,1,1, 43170
16,43169,2,2,1, 43171
6,43170,2,2,1, 43172
13,43169,4,4,1, 43173
7,43172,1,1,1, 43173
30,43173,3,3,1, 43176
25,43175,2,2,1, 43177
1,43176,1,1,1, 43177
8,43176,1,1,1, 43177
24,43179,1,1,0, 43180
25,43185,2,2,1, 43187
1,43186,1,1,0, 43187
8,43186,1,1,1, 43187
24,43189,1,1,0, 43190
17,43189,3,3,1, 43192
25,43195,2,2,1, 43197
1,43196,1,1,0, 43197
8,43196,1,1,1, 43197
24,43199,1,1,1, 43200
16,43199,2,2,1, 43201
17,43199,3,3,1, 43202
8,43206,1,1,0, 43207
24,43209,1,1,0, 43210
8,43216,1,1,0, 43217
24,43219,1,1,0, 43220
16,43219,2,2,1, 43221
8,43226,1,1,1, 43227
24,43229,1,1,0, 43230
8,43236,1,1,1, 43237
24,43239,1,1,1, 43240
8,43246,1,1,0, 43247
24,43249,1,1,0, 43250
16,43249,2,2,1, 43251
8,43256,1,1,0, 43257
24,43259,1,1,0, 43260
16,43259,2,2,1, 43261
8,43266,1,1,0, 43267
24,43269,1,1,1, 43270
16,43269,2,2,1, 43271
8,43276,1,1,0, 43277
7,43282,1,1,0, 43283
8,43286,1,1,1, 43287
7,43292,1,1,0, 43293
8,43296,1,1,0, 43297
31,43296,2,2,1, 43298
7,43302,1,1,0, 43303
1,43306,1,1,1, 43307
8,43306,1,1,1, 43307
31,43306,2,2,1, 43308
9,43307,2,2,1, 43309
17,43309,3,3,1, 43312
7,43312,1,1,1, 43313
1,43316,1,1,0, 43317
8,43316,1,1,0, 43317
9,43317,2,2,1, 43319
21,43317,5,5,1, 43322
17,43319,3,3,1, 43322
13,43319,4,4,1, 43323
7,43322,1,1,0, 43323
1,43326,1,1,0, 43327
8,43326,1,1,1, 43327
31,43326,2,2,1, 43328
9,43327,2,2,1, 43329
22,43326,4,4,1, 43330
17,43329,3,3,1, 43332
7,43332,1,1,0, 43333
30,43333,3,3,1, 43336
25,43335,2,2,1, 43337
1,43336,1,1,1, 43337
8,43336,1,1,0, 43337
22,43336,4,4,1, 43340
5,43337,3,3,1, 43340
6,43340,2,2,1, 43342
7,43342,1,1,1, 43343
1,43346,1,1,1, 43347
8,43346,1,1,1, 43347
31,43346,2,2,1, 43348
22,43346,4,4,1, 43350
21,43347,5,5,1, 43352
6,43350,2,2,1, 43352
7,43352,1,1,1, 43353
30,43353,3,3,1, 43356
1,43356,1,1,0, 43357
8,43356,1,1,1, 43357
22,43356,4,4,1, 43360
21,43357,5,5,1, 43362
6,43360,2,2,1, 43362
7,43362,1,1,1, 43363
1,43366,1,1,0, 43367
8,43366,1,1,0, 43367
31,43366,2,2,1, 43368
17,43369,3,3,1, 43372
1,43376,1,1,0, 43377
8,43376,1,1,1, 43377
9,43377,2,2,1, 43379
24,43379,1,1,1, 43380
25,43385,2,2,1, 43387
1,43386,1,1,0, 43387
8,43386,1,1,0, 43387
24,43389,1,1,1, 43390
1,43396,1,1,1, 43397
8,43396,1,1,0, 43397
9,43397,2,2,1, 43399
24,43399,1,1,1, 43400
16,43399,2,2,1, 43401
2,43403,2,2,1, 43405
18,43403,4,4,1, 43407
1,43406,1,1,1, 43407
8,43406,1,1,0, 43407
24,43409,1,1,0, 43410
2,43413,2,2,1, 43415
1,43416,1,1,1, 43417
8,43416,1,1,0, 43417
24,43419,1,1,1, 43420
25,43425,2,2,1, 43427
1,43426,1,1,0, 43427
8,43426,1,1,0, 43427
9,43427,2,2,1, 43429
24,43429,1,1,0, 43430
16,43429,2,2,1, 43431
2,43433,2,2,1, 43435
25,43435,2,2,1, 43437
1,43436,1,1,0, 43437
8,43436,1,1,1, 43437
26,43437,3,3,1, 43440
24,43439,1,1,0, 43440
16,43439,2,2,1, 43441
8,43446,1,1,1, 43447
24,43449,1,1,0, 43450
16,43449,2,2,1, 43451
8,43456,1,1,1, 43457
24,43459,1,1,0, 43460
8,43466,1,1,1, 43467
24,43469,1,1,1, 43470
7,43472,1,1,0, 43473
8,43476,1,1,1, 43477
24,43479,1,1,0, 43480
23,43478,3,3,1, 43481
16,43479,2,2,1, 43481
7,43482,1,1,0, 43483
8,43486,1,1,0, 43487
31,43486,2,2,1, 43488
22,43486,4,4,1, 43490
24,43489,1,1,0, 43490
16,43489,2,2,1, 43491
14,43489,3,3,1, 43492
6,43490,2,2,1, 43492
7,43492,1,1,1, 43493
8,43496,1,1,0, 43497
24,43499,1,1,1, 43500
16,43499,2,2,1, 43501
6,43500,2,2,1, 43502
13,43499,4,4,1, 43503
7,43502,1,1,0, 43503
8,43506,1,1,0, 43507
24,43509,1,1,1, 43510
13,43509,4,4,1, 43513
7,43512,1,1,0, 43513
30,43513,3,3,1, 43516
8,43516,1,1,1, 43517
22,43516,4,4,1, 43520
24,43519,1,1,1, 43520
16,43519,2,2,1, 43521
6,43520,2,2,1, 43522
7,43522,1,1,0, 43523
8,43526,1,1,1, 43527
22,43526,4,4,1, 43530
24,43529,1,1,1, 43530
16,43529,2,2,1, 43531
6,43530,2,2,1, 43532
7,43532,1,1,0, 43533
8,43536,1,1,1, 43537
22,43536,4,4,1, 43540
24,43539,1,1,0, 43540
6,43540,2,2,1, 43542
7,43542,1,1,1, 43543
25,43545,2,2,1, 43547
1,43546,1,1,1, 43547
8,43546,1,1,0, 43547
9,43547,2,2,1, 43549
24,43549,1,1,1, 43550
14,43549,3,3,1, 43552
17,43549,3,3,1, 43552
7,43552,1,1,0, 43553
25,43555,2,2,1, 43557
1,43556,1,1,1, 43557
8,43556,1,1,0, 43557
9,43557,2,2,1, 43559
5,43557,3,3,1, 43560
24,43559,1,1,1, 43560
14,43559,3,3,1, 43562
25,43565,2,2,1, 43567
1,43566,1,1,0, 43567
8,43566,1,1,0, 43567
24,43569,1,1,1, 43570
17,43569,3,3,1, 43572
25,43575,2,2,1, 43577
1,43576,1,1,1, 43577
8,43576,1,1,0, 43577
9,43577,2,2,1, 43579
24,43579,1,1,0, 43580
17,43579,3,3,1, 43582
25,43585,2,2,1, 43587
1,43586,1,1,1, 43587
8,43586,1,1,0, 43587
24,43589,1,1,1, 43590
16,43589,2,2,1, 43591
17,43589,3,3,1, 43592
1,43596,1,1,1, 43597
8,43596,1,1,0, 43597
9,43597,2,2,1, 43599
24,43599,1,1,0, 43600
16,43599,2,2,1, 43601
18,43603,4,4,1, 43607
25,43605,2,2,1, 43607
1,43606,1,1,0, 43607
8,43606,1,1,0, 43607
24,43609,1,1,1, 43610
16,43609,2,2,1, 43611
17,43609,3,3,1, 43612
1,43616,1,1,1, 43617
8,43616,1,1,0, 43617
24,43619,1,1,0, 43620
16,43619,2,2,1, 43621
2,43623,2,2,1, 43625
18,43623,4,4,1, 43627
8,43626,1,1,1, 43627
24,43629,1,1,1, 43630
8,43636,1,1,1, 43637
24,43639,1,1,1, 43640
8,43646,1,1,1, 43647
24,43649,1,1,0, 43650
16,43649,2,2,1, 43651
8,43656,1,1,1, 43657
24,43659,1,1,1, 43660
16,43659,2,2,1, 43661
8,43666,1,1,0, 43667
31,43666,2,2,1, 43668
24,43669,1,1,0, 43670
16,43669,2,2,1, 43671
7,43672,1,1,0, 43673
8,43676,1,1,1, 43677
31,43676,2,2,1, 43678
24,43679,1,1,1, 43680
16,43679,2,2,1, 43681
7,43682,1,1,0, 43683
8,43686,1,1,0, 43687
24,43689,1,1,1, 43690
16,43689,2,2,1, 43691
7,43692,1,1,0, 43693
8,43696,1,1,0, 43697
31,43696,2,2,1, 43698
24,43699,1,1,0, 43700
16,43699,2,2,1, 43701
7,43702,1,1,1, 43703
8,43706,1,1,0, 43707
24,43709,1,1,0, 43710
16,43709,2,2,1, 43711
29,43708,4,4,1, 43712
6,43710,2,2,1, 43712
7,43712,1,1,0, 43713
8,43716,1,1,0, 43717
31,43716,2,2,1, 43718
22,43716,4,4,1, 43720
5,43717,3,3,1, 43720
24,43719,1,1,0, 43720
21,43717,5,5,1, 43722
13,43719,4,4,1, 43723
7,43722,1,1,0, 43723
8,43726,1,1,0, 43727
31,43726,2,2,1, 43728
22,43726,4,4,1, 43730
24,43729,1,1,0, 43730
21,43727,5,5,1, 43732
14,43729,3,3,1, 43732
7,43732,1,1,1, 43733
15,43731,2,4,1, 43735
1,43736,1,1,0, 43737
8,43736,1,1,1, 43737
9,43737,2,2,1, 43739
22,43736,4,4,1, 43740
24,43739,1,1,1, 43740
23,43738,3,3,1, 43741
16,43739,2,2,1, 43741
21,43737,5,5,1, 43742
29,43738,4,4,1, 43742
1,43746,1,1,0, 43747
8,43746,1,1,1, 43747
24,43749,1,1,1, 43750
25,43755,2,2,1, 43757
1,43756,1,1,1, 43757
8,43756,1,1,0, 43757
24,43759,1,1,1, 43760
16,43759,2,2,1, 43761
17,43759,3,3,1, 43762
1,43766,1,1,0, 43767
8,43766,1,1,1, 43767
24,43769,1,1,0, 43770
17,43769,3,3,1, 43772
1,43776,1,1,1, 43777
8,43776,1,1,1, 43777
9,43777,2,2,1, 43779
24,43779,1,1,1, 43780
17,43779,3,3,1, 43782
25,43785,2,2,1, 43787
1,43786,1,1,0, 43787
8,43786,1,1,0, 43787
9,43787,2,2,1, 43789
24,43789,1,1,0, 43790
25,43795,2,2,1, 43797
1,43796,1,1,0, 43797
8,43796,1,1,1, 43797
24,43799,1,1,0, 43800
17,43799,3,3,1, 43802
2,43803,2,2,1, 43805
1,43806,1,1,0, 43807
8,43806,1,1,0, 43807
24,43809,1,1,1, 43810
16,43809,2,2,1, 43811
25,43815,2,2,1, 43817
1,43816,1,1,0, 43817
8,43816,1,1,1, 43817
24,43819,1,1,1, 43820
16,43819,2,2,1, 43821
2,43823,2,2,1, 43825
1,43826,1,1,1, 43827
8,43826,1,1,1, 43827
24,43829,1,1,0, 43830
16,43829,2,2,1, 43831
2,43833,2,2,1, 43835
27,43832,4,4,1, 43836
25,43835,2,2,1, 43837
1,43836,1,1,1, 43837
8,43836,1,1,1, 43837
24,43839,1,1,0, 43840
19,43836,5,5,1, 43841
16,43839,2,2,1, 43841
27,43842,4,4,1, 43846
8,43846,1,1,0, 43847
24,43849,1,1,0, 43850
7,43852,1,1,0, 43853
15,43851,2,4,1, 43855
8,43856,1,1,0, 43857
31,43856,2,2,1, 43858
24,43859,1,1,1, 43860
16,43859,2,2,1, 43861
7,43862,1,1,1, 43863
8,43866,1,1,1, 43867
24,43869,1,1,0, 43870
23,43868,3,3,1, 43871
29,43868,4,4,1, 43872
13,43869,4,4,1, 43873
7,43872,1,1,0, 43873
30,43873,3,3,1, 43876
8,43876,1,1,0, 43877
5,43877,3,3,1, 43880
24,43879,1,1,0, 43880
16,43879,2,2,1, 43881
21,43877,5,5,1, 43882
29,43878,4,4,1, 43882
13,43879,4,4,1, 43883
7,43882,1,1,1, 43883
15,43881,2,4,1, 43885
8,43886,1,1,1, 43887
31,43886,2,2,1, 43888
22,43886,4,4,1, 43890
5,43887,3,3,1, 43890
24,43889,1,1,1, 43890
16,43889,2,2,1, 43891
14,43889,3,3,1, 43892
13,43889,4,4,1, 43893
7,43892,1,1,1, 43893
15,43891,2,4,1, 43895
8,43896,1,1,0, 43897
24,43899,1,1,1, 43900
8,43906,1,1,1, 43907
24,43909,1,1,1, 43910
16,43909,2,2,1, 43911
8,43916,1,1,1, 43917
24,43919,1,1,1, 43920
16,43919,2,2,1, 43921
8,43926,1,1,0, 43927
24,43929,1,1,1, 43930
16,43929,2,2,1, 43931
8,43936,1,1,1, 43937
24,43939,1,1,0, 43940
16,43939,2,2,1, 43941
1,43946,1,1,0, 43947
8,43946,1,1,1, 43947
24,43949,1,1,0, 43950
16,43949,2,2,1, 43951
17,43949,3,3,1, 43952
25,43955,2,2,1, 43957
1,43956,1,1,1, 43957
8,43956,1,1,0, 43957
24,43959,1,1,1, 43960
1,43966,1,1,0, 43967
8,43966,1,1,1, 43967
9,43967,2,2,1, 43969
24,43969,1,1,0, 43970
16,43969,2,2,1, 43971
1,43976,1,1,1, 43977
8,43976,1,1,1, 43977
24,43979,1,1,1, 43980
16,43979,2,2,1, 43981
17,43979,3,3,1, 43982
12,43980,5,5,1, 43985
1,43986,1,1,0, 43987
8,43986,1,1,0, 43987
9,43987,2,2,1, 43989
3,43987,3,3,1, 43990
24,43989,1,1,1, 43990
16,43989,2,2,1, 43991
12,43990,5,5,1, 43995
2,43993,2,2,1, 43995
18,43993,4,4,1, 43997
25,43995,2,2,1, 43997
1,43996,1,1,1, 43997
8,43996,1,1,0, 43997
11,43994,4,4,1, 43998
9,43997,2,2,1, 43999
4,43996,4,4,1, 44000
26,43997,3,3,1, 44000
24,43999,1,1,0, 44000
19,43996,5,5,1, 44001
12,44000,5,5,1, 44005
8,44006,1,1,0, 44007
24,44009,1,1,0, 44010
7,44012,1,1,1, 44013
8,44016,1,1,0, 44017
24,44019,1,1,1, 44020
7,44022,1,1,1, 44023
8,44026,1,1,1, 44027
31,44026,2,2,1, 44028
5,44027,3,3,1, 44030
24,44029,1,1,1, 44030
23,44028,3,3,1, 44031
29,44028,4,4,1, 44032
7,44032,1,1,1, 44033
8,44036,1,1,1, 44037
31,44036,2,2,1, 44038
5,44037,3,3,1, 44040
24,44039,1,1,1, 44040
21,44037,5,5,1, 44042
29,44038,4,4,1, 44042
7,44042,1,1,0, 44043
8,44046,1,1,1, 44047
5,44047,3,3,1, 44050
24,44049,1,1,1, 44050
16,44049,2,2,1, 44051
21,44047,5,5,1, 44052
14,44049,3,3,1, 44052
6,44050,2,2,1, 44052
13,44049,4,4,1, 44053
7,44052,1,1,1, 44053
15,44051,2,4,1, 44055
8,44056,1,1,0, 44057
31,44056,2,2,1, 44058
5,44057,3,3,1, 44060
24,44059,1,1,1, 44060
16,44059,2,2,1, 44061
7,44062,1,1,1, 44063
15,44061,2,4,1, 44065
8,44066,1,1,1, 44067
24,44069,1,1,1, 44070
8,44076,1,1,1, 44077
24,44079,1,1,0, 44080
16,44079,2,2,1, 44081
8,44086,1,1,0, 44087
24,44089,1,1,1, 44090
16,44089,2,2,1, 44091
8,44096,1,1,1, 44097
24,44099,1,1,0, 44100
8,44106,1,1,0, 44107
17,44109,3,3,1, 44112
1,44116,1,1,0, 44117
8,44116,1,1,1, 44117
9,44117,2,2,1, 44119
25,44125,2,2,1, 44127
1,44126,1,1,1, 44127
8,44126,1,1,1, 44127
26,44127,3,3,1, 44130
2,44133,2,2,1, 44135
18,44133,4,4,1, 44137
1,44136,1,1,1, 44137
8,44136,1,1,1, 44137
26,44137,3,3,1, 44140
17,44139,3,3,1, 44142
2,44143,2,2,1, 44145
25,44145,2,2,1, 44147
1,44146,1,1,1, 44147
8,44146,1,1,1, 44147
9,44147,2,2,1, 44149
4,44146,4,4,1, 44150
26,44147,3,3,1, 44150
12,44150,5,5,1, 44155
2,44153,2,2,1, 44155
18,44153,4,4,1, 44157
25,44155,2,2,1, 44157
1,44156,1,1,1, 44157
8,44156,1,1,0, 44157
11,44154,4,4,1, 44158
8,44166,1,1,1, 44167
7,44172,1,1,1, 44173
8,44176,1,1,1, 44177
31,44176,2,2,1, 44178
7,44182,1,1,0, 44183
8,44186,1,1,0, 44187
7,44192,1,1,1, 44193
8,44196,1,1,1, 44197
31,44196,2,2,1, 44198
14,44199,3,3,1, 44202
6,44200,2,2,1, 44202
13,44199,4,4,1, 44203
7,44202,1,1,1, 44203
8,44206,1,1,1, 44207
31,44206,2,2,1, 44208
24,44209,1,1,0, 44210
13,44209,4,4,1, 44213
7,44212,1,1,1, 44213
8,44216,1,1,1, 44217
31,44216,2,2,1, 44218
24,44219,1,1,0, 44220
16,44219,2,2,1, 44221
14,44219,3,3,1, 44222
7,44222,1,1,0, 44223
8,44226,1,1,1, 44227
31,44226,2,2,1, 44228
22,44226,4,4,1, 44230
24,44229,1,1,0, 44230
6,44230,2,2,1, 44232
7,44232,1,1,1, 44233
15,44231,2,4,1, 44235
8,44236,1,1,0, 44237
31,44236,2,2,1, 44238
5,44237,3,3,1, 44240
24,44239,1,1,0, 44240
23,44238,3,3,1, 44241
21,44237,5,5,1, 44242
29,44238,4,4,1, 44242
8,44246,1,1,0, 44247
24,44249,1,1,1, 44250
16,44249,2,2,1, 44251
8,44256,1,1,0, 44257
24,44259,1,1,1, 44260
16,44259,2,2,1, 44261
25,44265,2,2,1, 44267
1,44266,1,1,0, 44267
8,44266,1,1,0, 44267
9,44267,2,2,1, 44269
24,44269,1,1,1, 44270
16,44269,2,2,1, 44271
25,44275,2,2,1, 44277
1,44276,1,1,1, 44277
8,44276,1,1,1, 44277
24,44279,1,1,1, 44280
17,44279,3,3,1, 44282
18,44283,4,4,1, 44287
1,44286,1,1,0, 44287
8,44286,1,1,1, 44287
24,44289,1,1,1, 44290
2,44293,2,2,1, 44295
18,44293,4,4,1, 44297
25,44295,2,2,1, 44297
1,44296,1,1,0, 44297
8,44296,1,1,1, 44297
9,44297,2,2,1, 44299
24,44299,1,1,0, 44300
19,44296,5,5,1, 44301
18,44303,4,4,1, 44307
25,44305,2,2,1, 44307
1,44306,1,1,0, 44307
8,44306,1,1,0, 44307
9,44307,2,2,1, 44309
26,44307,3,3,1, 44310
24,44309,1,1,1, 44310
17,44309,3,3,1, 44312
18,44313,4,4,1, 44317
1,44316,1,1,0, 44317
8,44316,1,1,1, 44317
3,44317,3,3,1, 44320
24,44319,1,1,0, 44320
16,44319,2,2,1, 44321
8,44326,1,1,1, 44327
24,44329,1,1,0, 44330
8,44336,1,1,0, 44337
24,44339,1,1,1, 44340
8,44346,1,1,1, 44347
24,44349,1,1,1, 44350
23,44348,3,3,1, 44351
7,44352,1,1,0, 44353
8,44356,1,1,0, 44357
24,44359,1,1,0, 44360
23,44358,3,3,1, 44361
16,44359,2,2,1, 44361
7,44362,1,1,0, 44363
15,44361,2,4,1, 44365
8,44366,1,1,1, 44367
24,44369,1,1,0, 44370
23,44368,3,3,1, 44371
16,44369,2,2,1, 44371
7,44372,1,1,1, 44373
8,44376,1,1,1, 44377
24,44379,1,1,0, 44380
7,44382,1,1,0, 44383
30,44383,3,3,1, 44386
8,44386,1,1,0, 44387
24,44389,1,1,1, 44390
16,44389,2,2,1, 44391
13,44389,4,4,1, 44393
7,44392,1,1,1, 44393
30,44393,3,3,1, 44396
8,44396,1,1,0, 44397
22,44396,4,4,1, 44400
24,44399,1,1,1, 44400
23,44398,3,3,1, 44401
16,44399,2,2,1, 44401
14,44399,3,3,1, 44402
6,44400,2,2,1, 44402
13,44399,4,4,1, 44403
7,44402,1,1,0, 44403
8,44406,1,1,1, 44407
24,44409,1,1,0, 44410
16,44409,2,2,1, 44411
6,44410,2,2,1, 44412
13,44409,4,4,1, 44413
7,44412,1,1,1, 44413
30,44413,3,3,1, 44416
8,44416,1,1,0, 44417
24,44419,1,1,0, 44420
14,44419,3,3,1, 44422
13,44419,4,4,1, 44423
7,44422,1,1,0, 44423
30,44423,3,3,1, 44426
1,44426,1,1,1, 44427
8,44426,1,1,0, 44427
9,44427,2,2,1, 44429
24,44429,1,1,0, 44430
25,44435,2,2,1, 44437
1,44436,1,1,0, 44437
8,44436,1,1,1, 44437
24,44439,1,1,1, 44440
17,44439,3,3,1, 44442
25,44445,2,2,1, 44447
1,44446,1,1,0, 44447
8,44446,1,1,0, 44447
24,44449,1,1,1, 44450
17,44449,3,3,1, 44452
2,44453,2,2,1, 44455
18,44453,4,4,1, 44457
25,44455,2,2,1, 44457
1,44456,1,1,1, 44457
8,44456,1,1,0, 44457
9,44457,2,2,1, 44459
24,44459,1,1,0, 44460
16,44459,2,2,1, 44461
2,44463,2,2,1, 44465
1,44466,1,1,0, 44467
8,44466,1,1,0, 44467
9,44467,2,2,1, 44469
24,44469,1,1,0, 44470
17,44469,3,3,1, 44472
25,44475,2,2,1, 44477
1,44476,1,1,0, 44477
8,44476,1,1,1, 44477
24,44479,1,1,1, 44480
25,44485,2,2,1, 44487
1,44486,1,1,0, 44487
8,44486,1,1,1, 44487
9,44487,2,2,1, 44489
24,44489,1,1,1, 44490
1,44496,1,1,0, 44497
8,44496,1,1,0, 44497
24,44499,1,1,0, 44500
25,44505,2,2,1, 44507
1,44506,1,1,1, 44507
8,44506,1,1,1, 44507
24,44509,1,1,1, 44510
17,44509,3,3,1, 44512
25,44515,2,2,1, 44517
1,44516,1,1,1, 44517
8,44516,1,1,0, 44517
24,44519,1,1,1, 44520
16,44519,2,2,1, 44521
8,44526,1,1,1, 44527
24,44529,1,1,0, 44530
7,44532,1,1,1, 44533
8,44536,1,1,1, 44537
24,44539,1,1,1, 44540
23,44538,3,3,1, 44541
7,44542,1,1,0, 44543
15,44541,2,4,1, 44545
8,44546,1,1,1, 44547
31,44546,2,2,1, 44548
24,44549,1,1,0, 44550
16,44549,2,2,1, 44551
7,44552,1,1,1, 44553
8,44556,1,1,1, 44557
31,44556,2,2,1, 44558
24,44559,1,1,0, 44560
16,44559,2,2,1, 44561
7,44562,1,1,1, 44563
15,44561,2,4,1, 44565
8,44566,1,1,1, 44567
24,44569,1,1,1, 44570
16,44569,2,2,1, 44571
14,44569,3,3,1, 44572
7,44572,1,1,0, 44573
15,44571,2,4,1, 44575
8,44576,1,1,0, 44577
5,44577,3,3,1, 44580
24,44579,1,1,0, 44580
23,44578,3,3,1, 44581
16,44579,2,2,1, 44581
7,44582,1,1,1, 44583
8,44586,1,1,0, 44587
31,44586,2,2,1, 44588
24,44589,1,1,1, 44590
23,44588,3,3,1, 44591
13,44589,4,4,1, 44593
7,44592,1,1,1, 44593
15,44591,2,4,1, 44595
8,44596,1,1,0, 44597
31,44596,2,2,1, 44598
24,44599,1,1,0, 44600
21,44597,5,5,1, 44602
14,44599,3,3,1, 44602
7,44602,1,1,0, 44603
8,44606,1,1,1, 44607
24,44609,1,1,0, 44610
29,44608,4,4,1, 44612
6,44610,2,2,1, 44612
8,44616,1,1,1, 44617
24,44619,1,1,1, 44620
16,44619,2,2,1, 44621
25,44625,2,2,1, 44627
1,44626,1,1,0, 44627
8,44626,1,1,0, 44627
24,44629,1,1,1, 44630
1,44636,1,1,1, 44637
8,44636,1,1,0, 44637
24,44639,1,1,0, 44640
1,44646,1,1,1, 44647
8,44646,1,1,1, 44647
24,44649,1,1,1, 44650
16,44649,2,2,1, 44651
1,44656,1,1,0, 44657
8,44656,1,1,0, 44657
24,44659,1,1,0, 44660
16,44659,2,2,1, 44661
1,44666,1,1,1, 44667
8,44666,1,1,1, 44667
24,44669,1,1,1, 44670
25,44675,2,2,1, 44677
1,44676,1,1,0, 44677
8,44676,1,1,0, 44677
24,44679,1,1,1, 44680
18,44683,4,4,1, 44687
1,44686,1,1,1, 44687
8,44686,1,1,0, 44687
9,44687,2,2,1, 44689
24,44689,1,1,1, 44690
17,44689,3,3,1, 44692
12,44690,5,5,1, 44695
27,44692,4,4,1, 44696
1,44696,1,1,1, 44697
8,44696,1,1,0, 44697
20,44693,6,6,1, 44699
28,44694,5,5,1, 44699
9,44697,2,2,1, 44699
4,44696,4,4,1, 44700
24,44699,1,1,1, 44700
2,44703,2,2,1, 44705
27,44702,4,4,1, 44706
25,44705,2,2,1, 44707
1,44706,1,1,0, 44707
8,44706,1,1,0, 44707
11,44704,4,4,1, 44708
20,44703,6,6,1, 44709
28,44704,5,5,1, 44709
24,44709,1,1,1, 44710
16,44709,2,2,1, 44711
8,44716,1,1,1, 44717
31,44716,2,2,1, 44718
24,44719,1,1,0, 44720
16,44719,2,2,1, 44721
7,44722,1,1,1, 44723
8,44726,1,1,1, 44727
24,44729,1,1,0, 44730
7,44732,1,1,0, 44733
8,44736,1,1,0, 44737
24,44739,1,1,1, 44740
16,44739,2,2,1, 44741
7,44742,1,1,0, 44743
8,44746,1,1,1, 44747
24,44749,1,1,0, 44750
23,44748,3,3,1, 44751
16,44749,2,2,1, 44751
29,44748,4,4,1, 44752
6,44750,2,2,1, 44752
7,44752,1,1,0, 44753
30,44753,3,3,1, 44756
8,44756,1,1,1, 44757
24,44759,1,1,0, 44760
23,44758,3,3,1, 44761
21,44757,5,5,1, 44762
29,44758,4,4,1, 44762
14,44759,3,3,1, 44762
13,44759,4,4,1, 44763
7,44762,1,1,0, 44763
15,44761,2,4,1, 44765
30,44763,3,3,1, 44766
8,44766,1,1,0, 44767
31,44766,2,2,1, 44768
22,44766,4,4,1, 44770
5,44767,3,3,1, 44770
24,44769,1,1,1, 44770
14,44769,3,3,1, 44772
7,44772,1,1,0, 44773
15,44771,2,4,1, 44775
8,44776,1,1,1, 44777
24,44779,1,1,1, 44780
8,44786,1,1,0, 44787
24,44789,1,1,1, 44790
16,44789,2,2,1, 44791
8,44796,1,1,1, 44797
24,44799,1,1,0, 44800
16,44799,2,2,1, 44801
8,44806,1,1,0, 44807
24,44809,1,1,0, 44810
25,44815,2,2,1, 44817
1,44816,1,1,1, 44817
8,44816,1,1,1, 44817
24,44819,1,1,1, 44820
17,44819,3,3,1, 44822
1,44826,1,1,1, 44827
8,44826,1,1,1, 44827
9,44827,2,2,1, 44829
24,44829,1,1,1, 44830
16,44829,2,2,1, 44831
17,44829,3,3,1, 44832
18,44833,4,4,1, 44837
1,44836,1,1,1, 44837
8,44836,1,1,1, 44837
26,44837,3,3,1, 44840
24,44839,1,1,0, 44840
16,44839,2,2,1, 44841
17,44839,3,3,1, 44842
27,44842,4,4,1, 44846
25,44845,2,2,1, 44847
1,44846,1,1,1, 44847
8,44846,1,1,0, 44847
3,44847,3,3,1, 44850
24,44849,1,1,0, 44850
19,44846,5,5,1, 44851
16,44849,2,2,1, 44851
17,44849,3,3,1, 44852
2,44853,2,2,1, 44855
27,44852,4,4,1, 44856
18,44853,4,4,1, 44857
1,44856,1,1,1, 44857
8,44856,1,1,0, 44857
11,44854,4,4,1, 44858
24,44859,1,1,0, 44860
16,44859,2,2,1, 44861
8,44866,1,1,1, 44867
24,44869,1,1,0, 44870
16,44869,2,2,1, 44871
8,44876,1,1,0, 44877
24,44879,1,1,0, 44880
7,44882,1,1,1, 44883
8,44886,1,1,1, 44887
24,44889,1,1,0, 44890
7,44892,1,1,1, 44893
8,44896,1,1,1, 44897
24,44899,1,1,0, 44900
7,44902,1,1,0, 44903
8,44906,1,1,1, 44907
22,44906,4,4,1, 44910
24,44909,1,1,0, 44910
7,44912,1,1,1, 44913
8,44916,1,1,1, 44917
22,44916,4,4,1, 44920
24,44919,1,1,0, 44920
16,44919,2,2,1, 44921
7,44922,1,1,1, 44923
8,44926,1,1,1, 44927
24,44929,1,1,1, 44930
7,44932,1,1,0, 44933
30,44933,3,3,1, 44936
8,44936,1,1,1, 44937
24,44939,1,1,0, 44940
16,44939,2,2,1, 44941
6,44940,2,2,1, 44942
7,44942,1,1,0, 44943
30,44943,3,3,1, 44946
8,44946,1,1,0, 44947
22,44946,4,4,1, 44950
24,44949,1,1,1, 44950
14,44949,3,3,1, 44952
13,44949,4,4,1, 44953
7,44952,1,1,0, 44953
8,44956,1,1,1, 44957
24,44959,1,1,0, 44960
16,44959,2,2,1, 44961
21,44957,5,5,1, 44962
29,44958,4,4,1, 44962
6,44960,2,2,1, 44962
7,44962,1,1,0, 44963
30,44963,3,3,1, 44966
1,44966,1,1,0, 44967
8,44966,1,1,1, 44967
24,44969,1,1,0, 44970
21,44967,5,5,1, 44972
29,44968,4,4,1, 44972
14,44969,3,3,1, 44972
13,44969,4,4,1, 44973
7,44972,1,1,0, 44973
30,44973,3,3,1, 44976
25,44975,2,2,1, 44977
1,44976,1,1,0, 44977
8,44976,1,1,1, 44977
5,44977,3,3,1, 44980
24,44979,1,1,0, 44980
29,44978,4,4,1, 44982
17,44979,3,3,1, 44982
18,44983,4,4,1, 44987
25,44985,2,2,1, 44987
1,44986,1,1,1, 44987
8,44986,1,1,1, 44987
9,44987,2,2,1, 44989
26,44987,3,3,1, 44990
24,44989,1,1,0, 44990
16,44989,2,2,1, 44991
17,44989,3,3,1, 44992
2,44993,2,2,1, 44995
1,44996,1,1,0, 44997
8,44996,1,1,1, 44997
9,44997,2,2,1, 44999
24,44999,1,1,1, 45000
16,44999,2,2,1, 45001
17,44999,3,3,1, 45002
18,45003,4,4,1, 45007
25,45005,2,2,1, 45007
1,45006,1,1,1, 45007
8,45006,1,1,0, 45007
24,45009,1,1,1, 45010
2,45013,2,2,1, 45015
18,45013,4,4,1, 45017
25,45015,2,2,1, 45017
1,45016,1,1,0, 45017
8,45016,1,1,1, 45017
9,45017,2,2,1, 45019
24,45019,1,1,1, 45020
2,45023,2,2,1, 45025
8,45026,1,1,1, 45027
24,45029,1,1,1, 45030
8,45036,1,1,0, 45037
24,45039,1,1,0, 45040
8,45046,1,1,1, 45047
24,45049,1,1,1, 45050
8,45056,1,1,0, 45057
24,45059,1,1,0, 45060
8,45066,1,1,1, 45067
24,45069,1,1,1, 45070
16,45069,2,2,1, 45071
8,45076,1,1,1, 45077
24,45079,1,1,1, 45080
16,45079,2,2,1, 45081
8,45086,1,1,1, 45087
24,45089,1,1,1, 45090
16,45089,2,2,1, 45091
7,45092,1,1,1, 45093
15,45091,2,4,1, 45095
8,45096,1,1,0, 45097
31,45096,2,2,1, 45098
5,45097,3,3,1, 45100
24,45099,1,1,1, 45100
23,45098,3,3,1, 45101
16,45099,2,2,1, 45101
13,45099,4,4,1, 45103
7,45102,1,1,1, 45103
15,45101,2,4,1, 45105
30,45103,3,3,1, 45106
8,45106,1,1,1, 45107
24,45109,1,1,1, 45110
14,45109,3,3,1, 45112
13,45109,4,4,1, 45113
7,45112,1,1,0, 45113
8,45116,1,1,0, 45117
31,45116,2,2,1, 45118
22,45116,4,4,1, 45120
5,45117,3,3,1, 45120
24,45119,1,1,1, 45120
16,45119,2,2,1, 45121
6,45120,2,2,1, 45122
13,45119,4,4,1, 45123
7,45122,1,1,0, 45123
8,45126,1,1,1, 45127
31,45126,2,2,1, 45128
5,45127,3,3,1, 45130
24,45129,1,1,1, 45130
16,45129,2,2,1, 45131
1,45136,1,1,0, 45137
8,45136,1,1,0, 45137
9,45137,2,2,1, 45139
24,45139,1,1,0, 45140
16,45139,2,2,1, 45141
25,45145,2,2,1, 45147
1,45146,1,1,0, 45147
8,45146,1,1,1, 45147
26,45147,3,3,1, 45150
24,45149,1,1,1, 45150
16,45149,2,2,1, 45151
17,45149,3,3,1, 45152
2,45153,2,2,1, 45155
25,45155,2,2,1, 45157
1,45156,1,1,1, 45157
8,45156,1,1,1, 45157
24,45159,1,1,1, 45160
17,45159,3,3,1, 45162
2,45163,2,2,1, 45165
18,45163,4,4,1, 45167
25,45165,2,2,1, 45167
1,45166,1,1,0, 45167
8,45166,1,1,0, 45167
26,45167,3,3,1, 45170
24,45169,1,1,1, 45170
17,45169,3,3,1, 45172
25,45175,2,2,1, 45177
1,45176,1,1,0, 45177
8,45176,1,1,0, 45177
26,45177,3,3,1, 45180
24,45179,1,1,1, 45180
19,45176,5,5,1, 45181
17,45179,3,3,1, 45182
2,45183,2,2,1, 45185
8,45186,1,1,0, 45187
24,45189,1,1,0, 45190
16,45189,2,2,1, 45191
8,45196,1,1,0, 45197
24,45199,1,1,1, 45200
8,45206,1,1,0, 45207
24,45209,1,1,1, 45210
8,45216,1,1,0, 45217
24,45219,1,1,1, 45220
8,45226,1,1,0, 45227
24,45229,1,1,1, 45230
16,45229,2,2,1, 45231
8,45236,1,1,0, 45237
24,45239,1,1,1, 45240
16,45239,2,2,1, 45241
7,45242,1,1,1, 45243
15,45241,2,4,1, 45245
8,45246,1,1,0, 45247
31,45246,2,2,1, 45248
24,45249,1,1,0, 45250
7,45252,1,1,1, 45253
8,45256,1,1,1, 45257
31,45256,2,2,1, 45258
24,45259,1,1,0, 45260
7,45262,1,1,0, 45263
15,45261,2,4,1, 45265
8,45266,1,1,0, 45267
24,45269,1,1,0, 45270
7,45272,1,1,1, 45273
8,45276,1,1,0, 45277
31,45276,2,2,1, 45278
24,45279,1,1,0, 45280
16,45279,2,2,1, 45281
7,45282,1,1,0, 45283
1,45286,1,1,1, 45287
8,45286,1,1,0, 45287
31,45286,2,2,1, 45288
5,45287,3,3,1, 45290
24,45289,1,1,1, 45290
23,45288,3,3,1, 45291
16,45289,2,2,1, 45291
14,45289,3,3,1, 45292
6,45290,2,2,1, 45292
13,45289,4,4,1, 45293
7,45292,1,1,0, 45293
15,45291,2,4,1, 45295
30,45293,3,3,1, 45296
1,45296,1,1,1, 45297
8,45296,1,1,1, 45297
31,45296,2,2,1, 45298
22,45296,4,4,1, 45300
24,45299,1,1,0, 45300
16,45299,2,2,1, 45301
6,45300,2,2,1, 45302
25,45305,2,2,1, 45307
1,45306,1,1,0, 45307
8,45306,1,1,0, 45307
24,45309,1,1,0, 45310
16,45309,2,2,1, 45311
1,45316,1,1,1, 45317
8,45316,1,1,1, 45317
24,45319,1,1,1, 45320
16,45319,2,2,1, 45321
1,45326,1,1,0, 45327
8,45326,1,1,1, 45327
26,45327,3,3,1, 45330
24,45329,1,1,1, 45330
2,45333,2,2,1, 45335
1,45336,1,1,0, 45337
8,45336,1,1,1, 45337
26,45337,3,3,1, 45340
24,45339,1,1,0, 45340
1,45346,1,1,0, 45347
8,45346,1,1,1, 45347
24,45349,1,1,1, 45350
1,45356,1,1,1, 45357
8,45356,1,1,0, 45357
3,45357,3,3,1, 45360
24,45359,1,1,1, 45360
16,45359,2,2,1, 45361
12,45360,5,5,1, 45365
2,45363,2,2,1, 45365
27,45362,4,4,1, 45366
25,45365,2,2,1, 45367
1,45366,1,1,0, 45367
8,45366,1,1,0, 45367
28,45364,5,5,1, 45369
9,45367,2,2,1, 45369
4,45366,4,4,1, 45370
24,45369,1,1,0, 45370
17,45369,3,3,1, 45372
1,45376,1,1,0, 45377
8,45376,1,1,0, 45377
20,45373,6,6,1, 45379
28,45374,5,5,1, 45379
4,45376,4,4,1, 45380
3,45377,3,3,1, 45380
24,45379,1,1,0, 45380
16,45379,2,2,1, 45381
8,45386,1,1,1, 45387
24,45389,1,1,1, 45390
8,45396,1,1,1, 45397
24,45399,1,1,1, 45400
16,45399,2,2,1, 45401
8,45406,1,1,0, 45407
24,45409,1,1,1, 45410
16,45409,2,2,1, 45411
7,45412,1,1,1, 45413
8,45416,1,1,0, 45417
24,45419,1,1,0, 45420
7,45422,1,1,1, 45423
8,45426,1,1,0, 45427
24,45429,1,1,0, 45430
7,45432,1,1,1, 45433
8,45436,1,1,0, 45437
24,45439,1,1,1, 45440
7,45442,1,1,0, 45443
8,45446,1,1,1, 45447
24,45449,1,1,0, 45450
16,45449,2,2,1, 45451
7,45452,1,1,0, 45453
8,45456,1,1,0, 45457
24,45459,1,1,1, 45460
7,45462,1,1,1, 45463
15,45461,2,4,1, 45465
8,45466,1,1,0, 45467
31,45466,2,2,1, 45468
24,45469,1,1,0, 45470
16,45469,2,2,1, 45471
7,45472,1,1,0, 45473
15,45471,2,4,1, 45475
8,45476,1,1,0, 45477
22,45476,4,4,1, 45480
24,45479,1,1,0, 45480
23,45478,3,3,1, 45481
14,45479,3,3,1, 45482
6,45480,2,2,1, 45482
13,45479,4,4,1, 45483
7,45482,1,1,1, 45483
15,45481,2,4,1, 45485
25,45485,2,2,1, 45487
1,45486,1,1,1, 45487
8,45486,1,1,1, 45487
31,45486,2,2,1, 45488
9,45487,2,2,1, 45489
5,45487,3,3,1, 45490
24,45489,1,1,0, 45490
16,45489,2,2,1, 45491
17,45489,3,3,1, 45492
7,45492,1,1,1, 45493
15,45491,2,4,1, 45495
1,45496,1,1,0, 45497
8,45496,1,1,1, 45497
5,45497,3,3,1, 45500
24,45499,1,1,1, 45500
16,45499,2,2,1, 45501
21,45497,5,5,1, 45502
17,45499,3,3,1, 45502
7,45502,1,1,0, 45503
2,45503,2,2,1, 45505
30,45503,3,3,1, 45506
25,45505,2,2,1, 45507
1,45506,1,1,0, 45507
8,45506,1,1,0, 45507
31,45506,2,2,1, 45508
24,45509,1,1,0, 45510
23,45508,3,3,1, 45511
29,45508,4,4,1, 45512
25,45515,2,2,1, 45517
1,45516,1,1,0, 45517
8,45516,1,1,0, 45517
3,45517,3,3,1, 45520
24,45519,1,1,1, 45520
17,45519,3,3,1, 45522
2,45523,2,2,1, 45525
1,45526,1,1,0, 45527
8,45526,1,1,0, 45527
26,45527,3,3,1, 45530
24,45529,1,1,0, 45530
17,45529,3,3,1, 45532
27,45532,4,4,1, 45536
18,45533,4,4,1, 45537
25,45535,2,2,1, 45537
1,45536,1,1,1, 45537
8,45536,1,1,0, 45537
11,45534,4,4,1, 45538
28,45534,5,5,1, 45539
9,45537,2,2,1, 45539
4,45536,4,4,1, 45540
24,45539,1,1,0, 45540
16,45539,2,2,1, 45541
8,45546,1,1,1, 45547
24,45549,1,1,1, 45550
8,45556,1,1,1, 45557
24,45559,1,1,1, 45560
8,45566,1,1,0, 45567
24,45569,1,1,0, 45570
8,45576,1,1,0, 45577
24,45579,1,1,1, 45580
8,45586,1,1,0, 45587
24,45589,1,1,0, 45590
8,45596,1,1,0, 45597
24,45599,1,1,1, 45600
8,45606,1,1,1, 45607
24,45609,1,1,0, 45610
16,45609,2,2,1, 45611
8,45616,1,1,0, 45617
24,45619,1,1,1, 45620
7,45622,1,1,1, 45623
8,45626,1,1,1, 45627
31,45626,2,2,1, 45628
24,45629,1,1,0, 45630
23,45628,3,3,1, 45631
16,45629,2,2,1, 45631
7,45632,1,1,1, 45633
15,45631,2,4,1, 45635
8,45636,1,1,0, 45637
31,45636,2,2,1, 45638
22,45636,4,4,1, 45640
24,45639,1,1,0, 45640
23,45638,3,3,1, 45641
16,45639,2,2,1, 45641
6,45640,2,2,1, 45642
7,45642,1,1,0, 45643
1,45646,1,1,1, 45647
8,45646,1,1,1, 45647
9,45647,2,2,1, 45649
24,45649,1,1,1, 45650
16,45649,2,2,1, 45651
13,45649,4,4,1, 45653
7,45652,1,1,1, 45653
1,45656,1,1,1, 45657
8,45656,1,1,1, 45657
9,45657,2,2,1, 45659
22,45656,4,4,1, 45660
24,45659,1,1,0, 45660
23,45658,3,3,1, 45661
16,45659,2,2,1, 45661
17,45659,3,3,1, 45662
13,45659,4,4,1, 45663
7,45662,1,1,1, 45663
1,45666,1,1,1, 45667
8,45666,1,1,0, 45667
24,45669,1,1,0, 45670
6,45670,2,2,1, 45672
7,45672,1,1,0, 45673
1,45676,1,1,1, 45677
8,45676,1,1,0, 45677
31,45676,2,2,1, 45678
9,45677,2,2,1, 45679
24,45679,1,1,0, 45680
23,45678,3,3,1, 45681
14,45679,3,3,1, 45682
7,45682,1,1,0, 45683
30,45683,3,3,1, 45686
25,45685,2,2,1, 45687
1,45686,1,1,0, 45687
8,45686,1,1,1, 45687
24,45689,1,1,1, 45690
7,45692,1,1,0, 45693
15,45691,2,4,1, 45695
30,45693,3,3,1, 45696
25,45695,2,2,1, 45697
1,45696,1,1,0, 45697
8,45696,1,1,0, 45697
3,45697,3,3,1, 45700
26,45697,3,3,1, 45700
24,45699,1,1,1, 45700
16,45699,2,2,1, 45701
27,45702,4,4,1, 45706
1,45706,1,1,0, 45707
8,45706,1,1,0, 45707
11,45704,4,4,1, 45708
3,45707,3,3,1, 45710
24,45709,1,1,0, 45710
16,45709,2,2,1, 45711
17,45709,3,3,1, 45712
27,45712,4,4,1, 45716
18,45713,4,4,1, 45717
25,45715,2,2,1, 45717
1,45716,1,1,0, 45717
8,45716,1,1,1, 45717
24,45719,1,1,0, 45720
2,45723,2,2,1, 45725
8,45726,1,1,1, 45727
24,45729,1,1,1, 45730
8,45736,1,1,1, 45737
24,45739,1,1,0, 45740
16,45739,2,2,1, 45741
8,45746,1,1,0, 45747
24,45749,1,1,0, 45750
16,45749,2,2,1, 45751
8,45756,1,1,0, 45757
24,45759,1,1,0, 45760
8,45766,1,1,0, 45767
24,45769,1,1,0, 45770
8,45776,1,1,0, 45777
24,45779,1,1,1, 45780
8,45786,1,1,1, 45787
24,45789,1,1,1, 45790
16,45789,2,2,1, 45791
8,45796,1,1,1, 45797
24,45799,1,1,0, 45800
16,45799,2,2,1, 45801
7,45802,1,1,0, 45803
8,45806,1,1,0, 45807
24,45809,1,1,0, 45810
7,45812,1,1,0, 45813
8,45816,1,1,1, 45817
24,45819,1,1,0, 45820
7,45822,1,1,1, 45823
8,45826,1,1,0, 45827
22,45826,4,4,1, 45830
24,45829,1,1,1, 45830
21,45827,5,5,1, 45832
29,45828,4,4,1, 45832
17,45829,3,3,1, 45832
6,45830,2,2,1, 45832
13,45829,4,4,1, 45833
7,45832,1,1,1, 45833
1,45836,1,1,1, 45837
8,45836,1,1,1, 45837
5,45837,3,3,1, 45840
24,45839,1,1,1, 45840
21,45837,5,5,1, 45842
17,45839,3,3,1, 45842
6,45840,2,2,1, 45842
13,45839,4,4,1, 45843
7,45842,1,1,1, 45843
25,45845,2,2,1, 45847
1,45846,1,1,1, 45847
8,45846,1,1,0, 45847
9,45847,2,2,1, 45849
24,45849,1,1,0, 45850
14,45849,3,3,1, 45852
17,45849,3,3,1, 45852
6,45850,2,2,1, 45852
13,45849,4,4,1, 45853
7,45852,1,1,0, 45853
25,45855,2,2,1, 45857
1,45856,1,1,0, 45857
8,45856,1,1,1, 45857
24,45859,1,1,0, 45860
16,45859,2,2,1, 45861
7,45862,1,1,1, 45863
1,45866,1,1,1, 45867
8,45866,1,1,1, 45867
9,45867,2,2,1, 45869
24,45869,1,1,0, 45870
23,45868,3,3,1, 45871
16,45869,2,2,1, 45871
6,45870,2,2,1, 45872
13,45869,4,4,1, 45873
7,45872,1,1,1, 45873
1,45876,1,1,1, 45877
8,45876,1,1,1, 45877
31,45876,2,2,1, 45878
24,45879,1,1,0, 45880
13,45879,4,4,1, 45883
7,45882,1,1,0, 45883
15,45881,2,4,1, 45885
18,45883,4,4,1, 45887
1,45886,1,1,0, 45887
8,45886,1,1,0, 45887
26,45887,3,3,1, 45890
24,45889,1,1,0, 45890
16,45889,2,2,1, 45891
14,45889,3,3,1, 45892
17,45889,3,3,1, 45892
6,45890,2,2,1, 45892
1,45896,1,1,1, 45897
8,45896,1,1,0, 45897
9,45897,2,2,1, 45899
26,45897,3,3,1, 45900
24,45899,1,1,0, 45900
2,45903,2,2,1, 45905
18,45903,4,4,1, 45907
1,45906,1,1,0, 45907
8,45906,1,1,1, 45907
24,45909,1,1,1, 45910
18,45913,4,4,1, 45917
25,45915,2,2,1, 45917
1,45916,1,1,1, 45917
8,45916,1,1,0, 45917
24,45919,1,1,0, 45920
16,45919,2,2,1, 45921
17,45919,3,3,1, 45922
25,45925,2,2,1, 45927
8,45926,1,1,1, 45927
24,45929,1,1,1, 45930
8,45936,1,1,0, 45937
24,45939,1,1,1, 45940
8,45946,1,1,0, 45947
24,45949,1,1,1, 45950
8,45956,1,1,0, 45957
24,45959,1,1,0, 45960
16,45959,2,2,1, 45961
8,45966,1,1,1, 45967
24,45969,1,1,0, 45970
16,45969,2,2,1, 45971
8,45976,1,1,1, 45977
24,45979,1,1,1, 45980
16,45979,2,2,1, 45981
8,45986,1,1,1, 45987
24,45989,1,1,1, 45990
16,45989,2,2,1, 45991
7,45992,1,1,0, 45993
15,45991,2,4,1, 45995
8,45996,1,1,1, 45997
31,45996,2,2,1, 45998
24,45999,1,1,0, 46000
23,45998,3,3,1, 46001
7,46002,1,1,0, 46003
8,46006,1,1,0, 46007
24,46009,1,1,0, 46010
23,46008,3,3,1, 46011
16,46009,2,2,1, 46011
7,46012,1,1,0, 46013
8,46016,1,1,0, 46017
24,46019,1,1,0, 46020
7,46022,1,1,1, 46023
15,46021,2,4,1, 46025
8,46026,1,1,1, 46027
23,46028,3,3,1, 46031
7,46032,1,1,0, 46033
25,46035,2,2,1, 46037
1,46036,1,1,1, 46037
8,46036,1,1,0, 46037
31,46036,2,2,1, 46038
23,46038,3,3,1, 46041
7,46042,1,1,1, 46043
15,46041,2,4,1, 46045
1,46046,1,1,1, 46047
8,46046,1,1,0, 46047
31,46046,2,2,1, 46048
23,46048,3,3,1, 46051
7,46052,1,1,0, 46053
15,46051,2,4,1, 46055
25,46055,2,2,1, 46057
1,46056,1,1,1, 46057
8,46056,1,1,0, 46057
7,46062,1,1,1, 46063
2,46063,2,2,1, 46065
1,46066,1,1,0, 46067
8,46066,1,1,0, 46067
31,46066,2,2,1, 46068
23,46068,3,3,1, 46071
29,46068,4,4,1, 46072
14,46069,3,3,1, 46072
6,46070,2,2,1, 46072
1,46076,1,1,0, 46077
8,46076,1,1,0, 46077
26,46077,3,3,1, 46080
1,46086,1,1,1, 46087
8,46086,1,1,1, 46087
2,46093,2,2,1, 46095
25,46095,2,2,1, 46097
1,46096,1,1,1, 46097
8,46096,1,1,1, 46097
25,46105,2,2,1, 46107
1,46106,1,1,0, 46107
8,46106,1,1,1, 46107
25,46115,2,2,1, 46117
1,46116,1,1,0, 46117
8,46116,1,1,0, 46117
2,46123,2,2,1, 46125
25,46125,2,2,1, 46127
1,46126,1,1,1, 46127
8,46126,1,1,1, 46127
20,46123,6,6,1, 46129
9,46127,2,2,1, 46129
24,46129,1,1,1, 46130
19,46126,5,5,1, 46131
27,46132,4,4,1, 46136
25,46135,2,2,1, 46137
1,46136,1,1,1, 46137
8,46136,1,1,0, 46137
11,46134,4,4,1, 46138
9,46137,2,2,1, 46139
3,46137,3,3,1, 46140
24,46139,1,1,1, 46140
16,46139,2,2,1, 46141
17,46139,3,3,1, 46142
8,46146,1,1,0, 46147
24,46149,1,1,0, 46150
16,46149,2,2,1, 46151
8,46156,1,1,0, 46157
24,46159,1,1,0, 46160
16,46159,2,2,1, 46161
8,46166,1,1,1, 46167
24,46169,1,1,0, 46170
16,46169,2,2,1, 46171
8,46176,1,1,0, 46177
24,46179,1,1,1, 46180
7,46182,1,1,0, 46183
8,46186,1,1,0, 46187
24,46189,1,1,0, 46190
7,46192,1,1,1, 46193
8,46196,1,1,1, 46197
24,46199,1,1,1, 46200
7,46202,1,1,0, 46203
8,46206,1,1,0, 46207
24,46209,1,1,0, 46210
7,46212,1,1,1, 46213
8,46216,1,1,1, 46217
31,46216,2,2,1, 46218
24,46219,1,1,0, 46220
16,46219,2,2,1, 46221
7,46222,1,1,0, 46223
8,46226,1,1,1, 46227
24,46229,1,1,0, 46230
23,46228,3,3,1, 46231
7,46232,1,1,0, 46233
8,46236,1,1,0, 46237
31,46236,2,2,1, 46238
24,46239,1,1,1, 46240
7,46242,1,1,1, 46243
1,46246,1,1,0, 46247
8,46246,1,1,0, 46247
31,46246,2,2,1, 46248
9,46247,2,2,1, 46249
22,46246,4,4,1, 46250
24,46249,1,1,0, 46250
16,46249,2,2,1, 46251
7,46252,1,1,0, 46253
15,46251,2,4,1, 46255
30,46253,3,3,1, 46256
1,46256,1,1,0, 46257
8,46256,1,1,1, 46257
31,46256,2,2,1, 46258
9,46257,2,2,1, 46259
22,46256,4,4,1, 46260
24,46259,1,1,1, 46260
23,46258,3,3,1, 46261
16,46259,2,2,1, 46261
13,46259,4,4,1, 46263
7,46262,1,1,0, 46263
15,46261,2,4,1, 46265
25,46265,2,2,1, 46267
1,46266,1,1,0, 46267
8,46266,1,1,0, 46267
24,46269,1,1,0, 46270
23,46268,3,3,1, 46271
14,46269,3,3,1, 46272
7,46272,1,1,1, 46273
30,46273,3,3,1, 46276
1,46276,1,1,0, 46277
8,46276,1,1,0, 46277
9,46277,2,2,1, 46279
24,46279,1,1,0, 46280
16,46279,2,2,1, 46281
17,46279,3,3,1, 46282
6,46280,2,2,1, 46282
7,46282,1,1,1, 46283
2,46283,2,2,1, 46285
30,46283,3,3,1, 46286
25,46285,2,2,1, 46287
1,46286,1,1,0, 46287
8,46286,1,1,1, 46287
31,46286,2,2,1, 46288
9,46287,2,2,1, 46289
3,46287,3,3,1, 46290
24,46289,1,1,1, 46290
17,46289,3,3,1, 46292
2,46293,2,2,1, 46295
27,46292,4,4,1, 46296
25,46295,2,2,1, 46297
1,46296,1,1,1, 46297
8,46296,1,1,0, 46297
11,46294,4,4,1, 46298
9,46297,2,2,1, 46299
24,46299,1,1,0, 46300
17,46299,3,3,1, 46302
8,46306,1,1,1, 46307
24,46309,1,1,1, 46310
8,46316,1,1,0, 46317
24,46319,1,1,1, 46320
8,46326,1,1,1, 46327
24,46329,1,1,0, 46330
8,46336,1,1,0, 46337
24,46339,1,1,0, 46340
16,46339,2,2,1, 46341
8,46346,1,1,1, 46347
24,46349,1,1,1, 46350
8,46356,1,1,0, 46357
24,46359,1,1,1, 46360
16,46359,2,2,1, 46361
8,46366,1,1,0, 46367
24,46369,1,1,1, 46370
8,46376,1,1,1, 46377
24,46379,1,1,0, 46380
16,46379,2,2,1, 46381
8,46386,1,1,0, 46387
24,46389,1,1,0, 46390
16,46389,2,2,1, 46391
7,46392,1,1,1, 46393
8,46396,1,1,1, 46397
24,46399,1,1,1, 46400
16,46399,2,2,1, 46401
7,46402,1,1,0, 46403
1,46406,1,1,0, 46407
8,46406,1,1,0, 46407
31,46406,2,2,1, 46408
24,46409,1,1,1, 46410
17,46409,3,3,1, 46412
7,46412,1,1,0, 46413
25,46415,2,2,1, 46417
1,46416,1,1,1, 46417
8,46416,1,1,1, 46417
9,46417,2,2,1, 46419
24,46419,1,1,0, 46420
16,46419,2,2,1, 46421
7,46422,1,1,0, 46423
1,46426,1,1,1, 46427
8,46426,1,1,1, 46427
31,46426,2,2,1, 46428
26,46427,3,3,1, 46430
24,46429,1,1,0, 46430
7,46432,1,1,0, 46433
15,46431,2,4,1, 46435
18,46433,4,4,1, 46437
1,46436,1,1,1, 46437
8,46436,1,1,1, 46437
31,46436,2,2,1, 46438
24,46439,1,1,1, 46440
16,46439,2,2,1, 46441
7,46442,1,1,0, 46443
15,46441,2,4,1, 46445
18,46443,4,4,1, 46447
1,46446,1,1,1, 46447
8,46446,1,1,0, 46447
9,46447,2,2,1, 46449
24,46449,1,1,1, 46450
23,46448,3,3,1, 46451
7,46452,1,1,1, 46453
15,46451,2,4,1, 46455
30,46453,3,3,1, 46456
25,46455,2,2,1, 46457
1,46456,1,1,0, 46457
8,46456,1,1,1, 46457
31,46456,2,2,1, 46458
22,46456,4,4,1, 46460
3,46457,3,3,1, 46460
24,46459,1,1,1, 46460
23,46458,3,3,1, 46461
16,46459,2,2,1, 46461
21,46457,5,5,1, 46462
17,46459,3,3,1, 46462
7,46462,1,1,1, 46463
12,46460,5,5,1, 46465
30,46463,3,3,1, 46466
1,46466,1,1,0, 46467
8,46466,1,1,0, 46467
3,46467,3,3,1, 46470
5,46467,3,3,1, 46470
26,46467,3,3,1, 46470
24,46469,1,1,0, 46470
16,46469,2,2,1, 46471
29,46468,4,4,1, 46472
7,46472,1,1,1, 46473
2,46473,2,2,1, 46475
30,46473,3,3,1, 46476
18,46473,4,4,1, 46477
25,46475,2,2,1, 46477
1,46476,1,1,1, 46477
8,46476,1,1,0, 46477
3,46477,3,3,1, 46480
5,46477,3,3,1, 46480
24,46479,1,1,0, 46480
23,46478,3,3,1, 46481
16,46479,2,2,1, 46481
17,46479,3,3,1, 46482
8,46486,1,1,0, 46487
24,46489,1,1,0, 46490
16,46489,2,2,1, 46491
8,46496,1,1,1, 46497
24,46499,1,1,0, 46500
16,46499,2,2,1, 46501
8,46506,1,1,0, 46507
24,46509,1,1,0, 46510
8,46516,1,1,0, 46517
24,46519,1,1,0, 46520
16,46519,2,2,1, 46521
8,46526,1,1,1, 46527
24,46529,1,1,1, 46530
8,46536,1,1,0, 46537
24,46539,1,1,0, 46540
16,46539,2,2,1, 46541
8,46546,1,1,1, 46547
24,46549,1,1,1, 46550
16,46549,2,2,1, 46551
8,46556,1,1,1, 46557
24,46559,1,1,1, 46560
16,46559,2,2,1, 46561
8,46566,1,1,1, 46567
24,46569,1,1,0, 46570
8,46576,1,1,1, 46577
24,46579,1,1,0, 46580
16,46579,2,2,1, 46581
1,46586,1,1,0, 46587
8,46586,1,1,0, 46587
9,46587,2,2,1, 46589
24,46589,1,1,1, 46590
17,46589,3,3,1, 46592
7,46592,1,1,1, 46593
1,46596,1,1,0, 46597
8,46596,1,1,1, 46597
24,46599,1,1,0, 46600
7,46602,1,1,1, 46603
30,46603,3,3,1, 46606
25,46605,2,2,1, 46607
1,46606,1,1,0, 46607
8,46606,1,1,0, 46607
22,46606,4,4,1, 46610
24,46609,1,1,0, 46610
17,46609,3,3,1, 46612
7,46612,1,1,1, 46613
30,46613,3,3,1, 46616
1,46616,1,1,0, 46617
8,46616,1,1,0, 46617
9,46617,2,2,1, 46619
24,46619,1,1,1, 46620
7,46622,1,1,0, 46623
30,46623,3,3,1, 46626
1,46626,1,1,0, 46627
8,46626,1,1,1, 46627
24,46629,1,1,0, 46630
14,46629,3,3,1, 46632
6,46630,2,2,1, 46632
13,46629,4,4,1, 46633
7,46632,1,1,1, 46633
2,46633,2,2,1, 46635
30,46633,3,3,1, 46636
18,46633,4,4,1, 46637
25,46635,2,2,1, 46637
1,46636,1,1,0, 46637
8,46636,1,1,1, 46637
9,46637,2,2,1, 46639
24,46639,1,1,0, 46640
6,46640,2,2,1, 46642
13,46639,4,4,1, 46643
7,46642,1,1,0, 46643
15,46641,2,4,1, 46645
1,46646,1,1,0, 46647
8,46646,1,1,1, 46647
22,46646,4,4,1, 46650
26,46647,3,3,1, 46650
24,46649,1,1,1, 46650
17,46649,3,3,1, 46652
13,46649,4,4,1, 46653
7,46652,1,1,0, 46653
15,46651,2,4,1, 46655
2,46653,2,2,1, 46655
30,46653,3,3,1, 46656
18,46653,4,4,1, 46657
1,46656,1,1,0, 46657
8,46656,1,1,1, 46657
31,46656,2,2,1, 46658
9,46657,2,2,1, 46659
22,46656,4,4,1, 46660
26,46657,3,3,1, 46660
24,46659,1,1,1, 46660
23,46658,3,3,1, 46661
16,46659,2,2,1, 46661
2,46663,2,2,1, 46665
18,46663,4,4,1, 46667
1,46666,1,1,1, 46667
8,46666,1,1,0, 46667
9,46667,2,2,1, 46669
24,46669,1,1,1, 46670
16,46669,2,2,1, 46671
8,46676,1,1,1, 46677
24,46679,1,1,1, 46680
16,46679,2,2,1, 46681
8,46686,1,1,1, 46687
24,46689,1,1,1, 46690
8,46696,1,1,1, 46697
24,46699,1,1,1, 46700
8,46706,1,1,0, 46707
24,46709,1,1,1, 46710
8,46716,1,1,0, 46717
24,46719,1,1,0, 46720
16,46719,2,2,1, 46721
8,46726,1,1,0, 46727
24,46729,1,1,1, 46730
8,46736,1,1,0, 46737
24,46739,1,1,0, 46740
16,46739,2,2,1, 46741
8,46746,1,1,0, 46747
24,46749,1,1,1, 46750
8,46756,1,1,0, 46757
24,46759,1,1,0, 46760
8,46766,1,1,1, 46767
31,46766,2,2,1, 46768
24,46769,1,1,0, 46770
23,46768,3,3,1, 46771
7,46772,1,1,1, 46773
15,46771,2,4,1, 46775
8,46776,1,1,1, 46777
31,46776,2,2,1, 46778
3,46777,3,3,1, 46780
24,46779,1,1,1, 46780
16,46779,2,2,1, 46781
7,46782,1,1,1, 46783
15,46781,2,4,1, 46785
2,46783,2,2,1, 46785
27,46782,4,4,1, 46786
30,46783,3,3,1, 46786
18,46783,4,4,1, 46787
25,46785,2,2,1, 46787
1,46786,1,1,0, 46787
8,46786,1,1,0, 46787
11,46784,4,4,1, 46788
9,46787,2,2,1, 46789
5,46787,3,3,1, 46790
26,46787,3,3,1, 46790
24,46789,1,1,0, 46790
23,46788,3,3,1, 46791
6,46790,2,2,1, 46792
7,46792,1,1,1, 46793
30,46793,3,3,1, 46796
18,46793,4,4,1, 46797
1,46796,1,1,0, 46797
8,46796,1,1,1, 46797
9,46797,2,2,1, 46799
5,46797,3,3,1, 46800
24,46799,1,1,1, 46800
16,46799,2,2,1, 46801
29,46798,4,4,1, 46802
14,46799,3,3,1, 46802
6,46800,2,2,1, 46802
13,46799,4,4,1, 46803
7,46802,1,1,1, 46803
1,46806,1,1,0, 46807
8,46806,1,1,1, 46807
22,46806,4,4,1, 46810
24,46809,1,1,0, 46810
16,46809,2,2,1, 46811
17,46809,3,3,1, 46812
25,46815,2,2,1, 46817
1,46816,1,1,1, 46817
8,46816,1,1,1, 46817
9,46817,2,2,1, 46819
24,46819,1,1,1, 46820
17,46819,3,3,1, 46822
25,46825,2,2,1, 46827
1,46826,1,1,0, 46827
8,46826,1,1,1, 46827
24,46829,1,1,1, 46830
16,46829,2,2,1, 46831
17,46829,3,3,1, 46832
25,46835,2,2,1, 46837
1,46836,1,1,0, 46837
8,46836,1,1,1, 46837
24,46839,1,1,1, 46840
17,46839,3,3,1, 46842
25,46845,2,2,1, 46847
1,46846,1,1,0, 46847
8,46846,1,1,0, 46847
9,46847,2,2,1, 46849
24,46849,1,1,1, 46850
8,46856,1,1,0, 46857
24,46859,1,1,0, 46860
16,46859,2,2,1, 46861
8,46866,1,1,0, 46867
24,46869,1,1,0, 46870
16,46869,2,2,1, 46871
8,46876,1,1,0, 46877
24,46879,1,1,0, 46880
8,46886,1,1,0, 46887
24,46889,1,1,1, 46890
16,46889,2,2,1, 46891
8,46896,1,1,1, 46897
24,46899,1,1,1, 46900
16,46899,2,2,1, 46901
8,46906,1,1,0, 46907
24,46909,1,1,1, 46910
16,46909,2,2,1, 46911
7,46912,1,1,1, 46913
8,46916,1,1,0, 46917
24,46919,1,1,1, 46920
23,46918,3,3,1, 46921
7,46922,1,1,1, 46923
15,46921,2,4,1, 46925
8,46926,1,1,1, 46927
31,46926,2,2,1, 46928
24,46929,1,1,1, 46930
7,46932,1,1,0, 46933
8,46936,1,1,1, 46937
31,46936,2,2,1, 46938
24,46939,1,1,1, 46940
7,46942,1,1,0, 46943
8,46946,1,1,0, 46947
31,46946,2,2,1, 46948
24,46949,1,1,0, 46950
23,46948,3,3,1, 46951
16,46949,2,2,1, 46951
6,46950,2,2,1, 46952
7,46952,1,1,1, 46953
15,46951,2,4,1, 46955
8,46956,1,1,0, 46957
31,46956,2,2,1, 46958
5,46957,3,3,1, 46960
24,46959,1,1,1, 46960
23,46958,3,3,1, 46961
16,46959,2,2,1, 46961
14,46959,3,3,1, 46962
17,46959,3,3,1, 46962
7,46962,1,1,1, 46963
15,46961,2,4,1, 46965
30,46963,3,3,1, 46966
25,46965,2,2,1, 46967
1,46966,1,1,1, 46967
8,46966,1,1,0, 46967
9,46967,2,2,1, 46969
22,46966,4,4,1, 46970
5,46967,3,3,1, 46970
24,46969,1,1,1, 46970
17,46969,3,3,1, 46972
1,46976,1,1,1, 46977
8,46976,1,1,0, 46977
24,46979,1,1,0, 46980
16,46979,2,2,1, 46981
1,46986,1,1,1, 46987
8,46986,1,1,1, 46987
24,46989,1,1,1, 46990
17,46989,3,3,1, 46992
25,46995,2,2,1, 46997
1,46996,1,1,0, 46997
8,46996,1,1,1, 46997
9,46997,2,2,1, 46999
24,46999,1,1,1, 47000
16,46999,2,2,1, 47001
1,47006,1,1,0, 47007
8,47006,1,1,0, 47007
24,47009,1,1,0, 47010
16,47009,2,2,1, 47011
17,47009,3,3,1, 47012
1,47016,1,1,1, 47017
8,47016,1,1,0, 47017
9,47017,2,2,1, 47019
24,47019,1,1,0, 47020
1,47026,1,1,1, 47027
8,47026,1,1,1, 47027
24,47029,1,1,1, 47030
16,47029,2,2,1, 47031
1,47036,1,1,0, 47037
8,47036,1,1,0, 47037
24,47039,1,1,1, 47040
16,47039,2,2,1, 47041
25,47045,2,2,1, 47047
1,47046,1,1,1, 47047
8,47046,1,1,1, 47047
24,47049,1,1,0, 47050
1,47056,1,1,0, 47057
8,47056,1,1,0, 47057
9,47057,2,2,1, 47059
26,47057,3,3,1, 47060
24,47059,1,1,0, 47060
27,47062,4,4,1, 47066
1,47066,1,1,1, 47067
8,47066,1,1,0, 47067
11,47064,4,4,1, 47068
9,47067,2,2,1, 47069
26,47067,3,3,1, 47070
24,47069,1,1,0, 47070
16,47069,2,2,1, 47071
17,47069,3,3,1, 47072
7,47072,1,1,1, 47073
2,47073,2,2,1, 47075
25,47075,2,2,1, 47077
1,47076,1,1,1, 47077
8,47076,1,1,0, 47077
24,47079,1,1,0, 47080
23,47078,3,3,1, 47081
16,47079,2,2,1, 47081
7,47082,1,1,0, 47083
27,47082,4,4,1, 47086
8,47086,1,1,1, 47087
31,47086,2,2,1, 47088
24,47089,1,1,0, 47090
23,47088,3,3,1, 47091
16,47089,2,2,1, 47091
7,47092,1,1,0, 47093
15,47091,2,4,1, 47095
8,47096,1,1,1, 47097
24,47099,1,1,1, 47100
23,47098,3,3,1, 47101
7,47102,1,1,1, 47103
15,47101,2,4,1, 47105
8,47106,1,1,1, 47107
24,47109,1,1,1, 47110
7,47112,1,1,1, 47113
15,47111,2,4,1, 47115
8,47116,1,1,0, 47117
24,47119,1,1,0, 47120
6,47120,2,2,1, 47122
7,47122,1,1,0, 47123
15,47121,2,4,1, 47125
8,47126,1,1,0, 47127
31,47126,2,2,1, 47128
24,47129,1,1,1, 47130
16,47129,2,2,1, 47131
14,47129,3,3,1, 47132
7,47132,1,1,1, 47133
8,47136,1,1,1, 47137
31,47136,2,2,1, 47138
24,47139,1,1,0, 47140
23,47138,3,3,1, 47141
21,47137,5,5,1, 47142
13,47139,4,4,1, 47143
7,47142,1,1,0, 47143
8,47146,1,1,0, 47147
31,47146,2,2,1, 47148
5,47147,3,3,1, 47150
24,47149,1,1,1, 47150
8,47156,1,1,1, 47157
24,47159,1,1,0, 47160
16,47159,2,2,1, 47161
8,47166,1,1,0, 47167
24,47169,1,1,0, 47170
8,47176,1,1,1, 47177
24,47179,1,1,1, 47180
1,47186,1,1,0, 47187
8,47186,1,1,1, 47187
24,47189,1,1,1, 47190
16,47189,2,2,1, 47191
17,47189,3,3,1, 47192
1,47196,1,1,1, 47197
8,47196,1,1,0, 47197
24,47199,1,1,1, 47200
17,47199,3,3,1, 47202
1,47206,1,1,1, 47207
8,47206,1,1,0, 47207
24,47209,1,1,0, 47210
16,47209,2,2,1, 47211
17,47209,3,3,1, 47212
2,47213,2,2,1, 47215
18,47213,4,4,1, 47217
25,47215,2,2,1, 47217
1,47216,1,1,0, 47217
8,47216,1,1,1, 47217
9,47217,2,2,1, 47219
26,47217,3,3,1, 47220
24,47219,1,1,1, 47220
16,47219,2,2,1, 47221
2,47223,2,2,1, 47225
1,47226,1,1,1, 47227
8,47226,1,1,0, 47227
9,47227,2,2,1, 47229
26,47227,3,3,1, 47230
24,47229,1,1,1, 47230
16,47229,2,2,1, 47231
17,47229,3,3,1, 47232
2,47233,2,2,1, 47235
18,47233,4,4,1, 47237
1,47236,1,1,0, 47237
8,47236,1,1,1, 47237
26,47237,3,3,1, 47240
12,47240,5,5,1, 47245
27,47242,4,4,1, 47246
8,47246,1,1,1, 47247
8,47256,1,1,0, 47257
31,47256,2,2,1, 47258
7,47262,1,1,1, 47263
8,47266,1,1,1, 47267
7,47272,1,1,1, 47273
8,47276,1,1,1, 47277
31,47276,2,2,1, 47278
7,47282,1,1,0, 47283
8,47286,1,1,0, 47287
7,47292,1,1,0, 47293
8,47296,1,1,1, 47297
7,47302,1,1,0, 47303
8,47306,1,1,1, 47307
31,47306,2,2,1, 47308
5,47307,3,3,1, 47310
21,47307,5,5,1, 47312
14,47309,3,3,1, 47312
7,47312,1,1,1, 47313
8,47316,1,1,0, 47317
29,47318,4,4,1, 47322
14,47319,3,3,1, 47322
7,47322,1,1,1, 47323
8,47326,1,1,1, 47327
22,47326,4,4,1, 47330
23,47328,3,3,1, 47331
21,47327,5,5,1, 47332
14,47329,3,3,1, 47332
6,47330,2,2,1, 47332
13,47329,4,4,1, 47333
7,47332,1,1,1, 47333
15,47331,2,4,1, 47335
8,47336,1,1,0, 47337
31,47336,2,2,1, 47338
22,47336,4,4,1, 47340
24,47339,1,1,0, 47340
14,47339,3,3,1, 47342
8,47346,1,1,0, 47347
24,47349,1,1,1, 47350
16,47349,2,2,1, 47351
25,47355,2,2,1, 47357
1,47356,1,1,1, 47357
8,47356,1,1,0, 47357
24,47359,1,1,0, 47360
16,47359,2,2,1, 47361
1,47366,1,1,0, 47367
8,47366,1,1,1, 47367
24,47369,1,1,1, 47370
1,47376,1,1,0, 47377
8,47376,1,1,1, 47377
24,47379,1,1,1, 47380
17,47379,3,3,1, 47382
25,47385,2,2,1, 47387
1,47386,1,1,0, 47387
8,47386,1,1,0, 47387
11,47384,4,4,1, 47388
4,47386,4,4,1, 47390
24,47389,1,1,0, 47390
25,47395,2,2,1, 47397
1,47396,1,1,1, 47397
8,47396,1,1,1, 47397
9,47397,2,2,1, 47399
4,47396,4,4,1, 47400
24,47399,1,1,1, 47400
16,47399,2,2,1, 47401
17,47399,3,3,1, 47402
2,47403,2,2,1, 47405
25,47405,2,2,1, 47407
1,47406,1,1,0, 47407
8,47406,1,1,1, 47407
9,47407,2,2,1, 47409
24,47409,1,1,1, 47410
16,47409,2,2,1, 47411
1,47416,1,1,0, 47417
8,47416,1,1,0, 47417
24,47419,1,1,1, 47420
17,47419,3,3,1, 47422
2,47423,2,2,1, 47425
25,47425,2,2,1, 47427
1,47426,1,1,0, 47427
8,47426,1,1,0, 47427
9,47427,2,2,1, 47429
24,47429,1,1,0, 47430
17,47429,3,3,1, 47432
25,47435,2,2,1, 47437
1,47436,1,1,1, 47437
8,47436,1,1,0, 47437
24,47439,1,1,0, 47440
2,47443,2,2,1, 47445
18,47443,4,4,1, 47447
8,47446,1,1,1, 47447
24,47449,1,1,0, 47450
7,47452,1,1,0, 47453
8,47456,1,1,0, 47457
24,47459,1,1,1, 47460
16,47459,2,2,1, 47461
7,47462,1,1,1, 47463
8,47466,1,1,1, 47467
24,47469,1,1,0, 47470
16,47469,2,2,1, 47471
21,47467,5,5,1, 47472
7,47472,1,1,1, 47473
8,47476,1,1,1, 47477
5,47477,3,3,1, 47480
24,47479,1,1,0, 47480
16,47479,2,2,1, 47481
21,47477,5,5,1, 47482
7,47482,1,1,0, 47483
8,47486,1,1,1, 47487
24,47489,1,1,0, 47490
16,47489,2,2,1, 47491
6,47490,2,2,1, 47492
7,47492,1,1,0, 47493
8,47496,1,1,0, 47497
5,47497,3,3,1, 47500
24,47499,1,1,0, 47500
16,47499,2,2,1, 47501
21,47497,5,5,1, 47502
6,47500,2,2,1, 47502
7,47502,1,1,0, 47503
8,47506,1,1,1, 47507
5,47507,3,3,1, 47510
24,47509,1,1,1, 47510
7,47512,1,1,0, 47513
8,47516,1,1,1, 47517
5,47517,3,3,1, 47520
24,47519,1,1,0, 47520
16,47519,2,2,1, 47521
6,47520,2,2,1, 47522
7,47522,1,1,0, 47523
15,47521,2,4,1, 47525
8,47526,1,1,1, 47527
24,47529,1,1,0, 47530
23,47528,3,3,1, 47531
21,47527,5,5,1, 47532
7,47532,1,1,1, 47533
8,47536,1,1,1, 47537
5,47537,3,3,1, 47540
24,47539,1,1,1, 47540
21,47537,5,5,1, 47542
29,47538,4,4,1, 47542
7,47542,1,1,0, 47543
15,47541,2,4,1, 47545
8,47546,1,1,1, 47547
31,47546,2,2,1, 47548
24,47549,1,1,1, 47550
25,47555,2,2,1, 47557
1,47556,1,1,1, 47557
8,47556,1,1,0, 47557
9,47557,2,2,1, 47559
24,47559,1,1,1, 47560
25,47565,2,2,1, 47567
1,47566,1,1,1, 47567
8,47566,1,1,1, 47567
24,47569,1,1,1, 47570
25,47575,2,2,1, 47577
1,47576,1,1,1, 47577
8,47576,1,1,1, 47577
24,47579,1,1,0, 47580
16,47579,2,2,1, 47581
25,47585,2,2,1, 47587
1,47586,1,1,1, 47587
8,47586,1,1,0, 47587
9,47587,2,2,1, 47589
24,47589,1,1,1, 47590
16,47589,2,2,1, 47591
1,47596,1,1,0, 47597
8,47596,1,1,0, 47597
9,47597,2,2,1, 47599
24,47599,1,1,0, 47600
16,47599,2,2,1, 47601
17,47599,3,3,1, 47602
25,47605,2,2,1, 47607
1,47606,1,1,0, 47607
8,47606,1,1,0, 47607
24,47609,1,1,1, 47610
1,47616,1,1,0, 47617
8,47616,1,1,1, 47617
9,47617,2,2,1, 47619
24,47619,1,1,0, 47620
17,47619,3,3,1, 47622
1,47626,1,1,0, 47627
8,47626,1,1,0, 47627
9,47627,2,2,1, 47629
24,47629,1,1,1, 47630
2,47633,2,2,1, 47635
25,47635,2,2,1, 47637
1,47636,1,1,0, 47637
8,47636,1,1,0, 47637
26,47637,3,3,1, 47640
24,47639,1,1,1, 47640
1,47646,1,1,0, 47647
8,47646,1,1,1, 47647
24,47649,1,1,1, 47650
16,47649,2,2,1, 47651
17,47649,3,3,1, 47652
7,47652,1,1,0, 47653
2,47653,2,2,1, 47655
1,47656,1,1,0, 47657
8,47656,1,1,1, 47657
31,47656,2,2,1, 47658
26,47657,3,3,1, 47660
24,47659,1,1,1, 47660
16,47659,2,2,1, 47661
7,47662,1,1,1, 47663
8,47666,1,1,0, 47667
31,47666,2,2,1, 47668
24,47669,1,1,1, 47670
7,47672,1,1,1, 47673
8,47676,1,1,1, 47677
22,47676,4,4,1, 47680
24,47679,1,1,0, 47680
16,47679,2,2,1, 47681
14,47679,3,3,1, 47682
6,47680,2,2,1, 47682
7,47682,1,1,1, 47683
30,47683,3,3,1, 47686
8,47686,1,1,1, 47687
22,47686,4,4,1, 47690
5,47687,3,3,1, 47690
24,47689,1,1,1, 47690
29,47688,4,4,1, 47692
7,47692,1,1,0, 47693
30,47693,3,3,1, 47696
8,47696,1,1,0, 47697
31,47696,2,2,1, 47698
24,47699,1,1,0, 47700
16,47699,2,2,1, 47701
21,47697,5,5,1, 47702
6,47700,2,2,1, 47702
7,47702,1,1,0, 47703
30,47703,3,3,1, 47706
8,47706,1,1,0, 47707
22,47706,4,4,1, 47710
5,47707,3,3,1, 47710
24,47709,1,1,0, 47710
29,47708,4,4,1, 47712
8,47716,1,1,0, 47717
24,47719,1,1,0, 47720
8,47726,1,1,0, 47727
24,47729,1,1,0, 47730
8,47736,1,1,0, 47737
24,47739,1,1,0, 47740
8,47746,1,1,0, 47747
24,47749,1,1,0, 47750
16,47749,2,2,1, 47751
8,47756,1,1,1, 47757
24,47759,1,1,0, 47760
16,47759,2,2,1, 47761
1,47766,1,1,0, 47767
8,47766,1,1,1, 47767
24,47769,1,1,0, 47770
16,47769,2,2,1, 47771
25,47775,2,2,1, 47777
1,47776,1,1,0, 47777
8,47776,1,1,1, 47777
24,47779,1,1,1, 47780
16,47779,2,2,1, 47781
25,47785,2,2,1, 47787
1,47786,1,1,1, 47787
8,47786,1,1,0, 47787
9,47787,2,2,1, 47789
24,47789,1,1,0, 47790
25,47795,2,2,1, 47797
1,47796,1,1,1, 47797
8,47796,1,1,1, 47797
24,47799,1,1,0, 47800
17,47799,3,3,1, 47802
25,47805,2,2,1, 47807
1,47806,1,1,1, 47807
8,47806,1,1,0, 47807
24,47809,1,1,0, 47810
16,47809,2,2,1, 47811
2,47813,2,2,1, 47815
18,47813,4,4,1, 47817
25,47815,2,2,1, 47817
1,47816,1,1,1, 47817
8,47816,1,1,1, 47817
9,47817,2,2,1, 47819
24,47819,1,1,0, 47820
14,47819,3,3,1, 47822
17,47819,3,3,1, 47822
6,47820,2,2,1, 47822
13,47819,4,4,1, 47823
7,47822,1,1,0, 47823
2,47823,2,2,1, 47825
1,47826,1,1,1, 47827
8,47826,1,1,0, 47827
9,47827,2,2,1, 47829
22,47826,4,4,1, 47830
24,47829,1,1,0, 47830
16,47829,2,2,1, 47831
14,47829,3,3,1, 47832
17,47829,3,3,1, 47832
7,47832,1,1,0, 47833
30,47833,3,3,1, 47836
25,47835,2,2,1, 47837
1,47836,1,1,0, 47837
8,47836,1,1,0, 47837
9,47837,2,2,1, 47839
24,47839,1,1,0, 47840
14,47839,3,3,1, 47842
6,47840,2,2,1, 47842
7,47842,1,1,1, 47843
30,47843,3,3,1, 47846
25,47845,2,2,1, 47847
1,47846,1,1,1, 47847
8,47846,1,1,1, 47847
9,47847,2,2,1, 47849
24,47849,1,1,1, 47850
14,47849,3,3,1, 47852
13,47849,4,4,1, 47853
7,47852,1,1,0, 47853
30,47853,3,3,1, 47856
8,47856,1,1,0, 47857
22,47856,4,4,1, 47860
24,47859,1,1,1, 47860
14,47859,3,3,1, 47862
13,47859,4,4,1, 47863
7,47862,1,1,1, 47863
8,47866,1,1,1, 47867
24,47869,1,1,0, 47870
14,47869,3,3,1, 47872
6,47870,2,2,1, 47872
13,47869,4,4,1, 47873
8,47876,1,1,1, 47877
24,47879,1,1,0, 47880
8,47886,1,1,0, 47887
24,47889,1,1,0, 47890
8,47896,1,1,1, 47897
24,47899,1,1,1, 47900
16,47899,2,2,1, 47901
8,47906,1,1,0, 47907
24,47909,1,1,0, 47910
8,47916,1,1,1, 47917
24,47919,1,1,0, 47920
16,47919,2,2,1, 47921
8,47926,1,1,0, 47927
24,47929,1,1,1, 47930
8,47936,1,1,0, 47937
24,47939,1,1,0, 47940
16,47939,2,2,1, 47941
8,47946,1,1,1, 47947
24,47949,1,1,0, 47950
16,47949,2,2,1, 47951
25,47955,2,2,1, 47957
1,47956,1,1,0, 47957
8,47956,1,1,0, 47957
24,47959,1,1,0, 47960
17,47959,3,3,1, 47962
25,47965,2,2,1, 47967
1,47966,1,1,1, 47967
8,47966,1,1,1, 47967
24,47969,1,1,0, 47970
16,47969,2,2,1, 47971
1,47976,1,1,1, 47977
8,47976,1,1,1, 47977
9,47977,2,2,1, 47979
24,47979,1,1,0, 47980
23,47978,3,3,1, 47981
16,47979,2,2,1, 47981
17,47979,3,3,1, 47982
7,47982,1,1,0, 47983
15,47981,2,4,1, 47985
1,47986,1,1,0, 47987
8,47986,1,1,1, 47987
24,47989,1,1,0, 47990
21,47987,5,5,1, 47992
29,47988,4,4,1, 47992
14,47989,3,3,1, 47992
6,47990,2,2,1, 47992
13,47989,4,4,1, 47993
7,47992,1,1,1, 47993
1,47996,1,1,0, 47997
8,47996,1,1,0, 47997
9,47997,2,2,1, 47999
24,47999,1,1,0, 48000
23,47998,3,3,1, 48001
17,47999,3,3,1, 48002
6,48000,2,2,1, 48002
13,47999,4,4,1, 48003
7,48002,1,1,0, 48003
15,48001,2,4,1, 48005
18,48003,4,4,1, 48007
25,48005,2,2,1, 48007
1,48006,1,1,0, 48007
8,48006,1,1,0, 48007
24,48009,1,1,0, 48010
23,48008,3,3,1, 48011
29,48008,4,4,1, 48012
13,48009,4,4,1, 48013
7,48012,1,1,1, 48013
15,48011,2,4,1, 48015
18,48013,4,4,1, 48017
1,48016,1,1,0, 48017
8,48016,1,1,1, 48017
31,48016,2,2,1, 48018
24,48019,1,1,0, 48020
2,48023,2,2,1, 48025
1,48026,1,1,0, 48027
8,48026,1,1,1, 48027
24,48029,1,1,1, 48030
16,48029,2,2,1, 48031
2,48033,2,2,1, 48035
25,48035,2,2,1, 48037
1,48036,1,1,1, 48037
8,48036,1,1,1, 48037
24,48039,1,1,0, 48040
25,48045,2,2,1, 48047
1,48046,1,1,0, 48047
8,48046,1,1,0, 48047
24,48049,1,1,1, 48050
25,48055,2,2,1, 48057
1,48056,1,1,1, 48057
8,48056,1,1,1, 48057
24,48059,1,1,1, 48060
16,48059,2,2,1, 48061
25,48065,2,2,1, 48067
1,48066,1,1,0, 48067
8,48066,1,1,1, 48067
20,48063,6,6,1, 48069
28,48064,5,5,1, 48069
24,48069,1,1,0, 48070
2,48073,2,2,1, 48075
27,48072,4,4,1, 48076
8,48076,1,1,1, 48077
24,48079,1,1,1, 48080
16,48079,2,2,1, 48081
8,48086,1,1,1, 48087
24,48089,1,1,0, 48090
16,48089,2,2,1, 48091
8,48096,1,1,0, 48097
24,48099,1,1,0, 48100
16,48099,2,2,1, 48101
8,48106,1,1,0, 48107
24,48109,1,1,0, 48110
16,48109,2,2,1, 48111
8,48116,1,1,0, 48117
24,48119,1,1,1, 48120
16,48119,2,2,1, 48121
7,48122,1,1,0, 48123
8,48126,1,1,1, 48127
24,48129,1,1,0, 48130
16,48129,2,2,1, 48131
7,48132,1,1,1, 48133
8,48136,1,1,0, 48137
31,48136,2,2,1, 48138
24,48139,1,1,0, 48140
7,48142,1,1,0, 48143
8,48146,1,1,0, 48147
22,48146,4,4,1, 48150
24,48149,1,1,1, 48150
16,48149,2,2,1, 48151
7,48152,1,1,1, 48153
8,48156,1,1,0, 48157
24,48159,1,1,1, 48160
6,48160,2,2,1, 48162
7,48162,1,1,0, 48163
8,48166,1,1,0, 48167
24,48169,1,1,0, 48170
16,48169,2,2,1, 48171
14,48169,3,3,1, 48172
13,48169,4,4,1, 48173
7,48172,1,1,1, 48173
30,48173,3,3,1, 48176
8,48176,1,1,0, 48177
31,48176,2,2,1, 48178
24,48179,1,1,1, 48180
16,48179,2,2,1, 48181
14,48179,3,3,1, 48182
7,48182,1,1,0, 48183
1,48186,1,1,0, 48187
8,48186,1,1,0, 48187
31,48186,2,2,1, 48188
22,48186,4,4,1, 48190
5,48187,3,3,1, 48190
24,48189,1,1,1, 48190
29,48188,4,4,1, 48192
13,48189,4,4,1, 48193
7,48192,1,1,0, 48193
30,48193,3,3,1, 48196
25,48195,2,2,1, 48197
1,48196,1,1,0, 48197
8,48196,1,1,1, 48197
31,48196,2,2,1, 48198
9,48197,2,2,1, 48199
22,48196,4,4,1, 48200
5,48197,3,3,1, 48200
24,48199,1,1,1, 48200
6,48200,2,2,1, 48202
25,48205,2,2,1, 48207
1,48206,1,1,0, 48207
8,48206,1,1,1, 48207
9,48207,2,2,1, 48209
24,48209,1,1,1, 48210
25,48215,2,2,1, 48217
1,48216,1,1,0, 48217
8,48216,1,1,1, 48217
9,48217,2,2,1, 48219
24,48219,1,1,0, 48220
16,48219,2,2,1, 48221
1,48226,1,1,0, 48227
8,48226,1,1,1, 48227
24,48229,1,1,1, 48230
1,48236,1,1,0, 48237
8,48236,1,1,1, 48237
9,48237,2,2,1, 48239
26,48237,3,3,1, 48240
24,48239,1,1,0, 48240
16,48239,2,2,1, 48241
17,48239,3,3,1, 48242
18,48243,4,4,1, 48247
1,48246,1,1,1, 48247
8,48246,1,1,0, 48247
11,48244,4,4,1, 48248
26,48247,3,3,1, 48250
24,48249,1,1,1, 48250
19,48246,5,5,1, 48251
18,48253,4,4,1, 48257
1,48256,1,1,0, 48257
8,48256,1,1,0, 48257
11,48254,4,4,1, 48258
24,48259,1,1,0, 48260
19,48256,5,5,1, 48261
16,48259,2,2,1, 48261
17,48259,3,3,1, 48262
8,48266,1,1,0, 48267
24,48269,1,1,0, 48270
16,48269,2,2,1, 48271
8,48276,1,1,0, 48277
24,48279,1,1,1, 48280
8,48286,1,1,1, 48287
24,48289,1,1,0, 48290
16,48289,2,2,1, 48291
8,48296,1,1,0, 48297
24,48299,1,1,1, 48300
8,48306,1,1,0, 48307
24,48309,1,1,0, 48310
7,48312,1,1,1, 48313
8,48316,1,1,0, 48317
24,48319,1,1,0, 48320
16,48319,2,2,1, 48321
7,48322,1,1,1, 48323
30,48323,3,3,1, 48326
8,48326,1,1,1, 48327
22,48326,4,4,1, 48330
24,48329,1,1,0, 48330
16,48329,2,2,1, 48331
14,48329,3,3,1, 48332
6,48330,2,2,1, 48332
7,48332,1,1,1, 48333
8,48336,1,1,0, 48337
22,48336,4,4,1, 48340
5,48337,3,3,1, 48340
24,48339,1,1,1, 48340
16,48339,2,2,1, 48341
14,48339,3,3,1, 48342
7,48342,1,1,0, 48343
30,48343,3,3,1, 48346
8,48346,1,1,1, 48347
5,48347,3,3,1, 48350
24,48349,1,1,0, 48350
16,48349,2,2,1, 48351
14,48349,3,3,1, 48352
6,48350,2,2,1, 48352
7,48352,1,1,0, 48353
30,48353,3,3,1, 48356
8,48356,1,1,1, 48357
22,48356,4,4,1, 48360
5,48357,3,3,1, 48360
24,48359,1,1,0, 48360
23,48358,3,3,1, 48361
14,48359,3,3,1, 48362
13,48359,4,4,1, 48363
7,48362,1,1,1, 48363
25,48365,2,2,1, 48367
1,48366,1,1,0, 48367
8,48366,1,1,1, 48367
9,48367,2,2,1, 48369
24,48369,1,1,1, 48370
16,48369,2,2,1, 48371
7,48372,1,1,0, 48373
1,48376,1,1,1, 48377
8,48376,1,1,0, 48377
31,48376,2,2,1, 48378
9,48377,2,2,1, 48379
24,48379,1,1,0, 48380
16,48379,2,2,1, 48381
7,48382,1,1,1, 48383
15,48381,2,4,1, 48385
1,48386,1,1,1, 48387
8,48386,1,1,1, 48387
9,48387,2,2,1, 48389
24,48389,1,1,0, 48390
17,48389,3,3,1, 48392
1,48396,1,1,1, 48397
8,48396,1,1,1, 48397
9,48397,2,2,1, 48399
26,48397,3,3,1, 48400
24,48399,1,1,0, 48400
16,48399,2,2,1, 48401
17,48399,3,3,1, 48402
25,48405,2,2,1, 48407
1,48406,1,1,0, 48407
8,48406,1,1,1, 48407
24,48409,1,1,0, 48410
2,48413,2,2,1, 48415
18,48413,4,4,1, 48417
1,48416,1,1,0, 48417
8,48416,1,1,1, 48417
9,48417,2,2,1, 48419
26,48417,3,3,1, 48420
24,48419,1,1,1, 48420
17,48419,3,3,1, 48422
2,48423,2,2,1, 48425
25,48425,2,2,1, 48427
1,48426,1,1,0, 48427
8,48426,1,1,0, 48427
9,48427,2,2,1, 48429
24,48429,1,1,0, 48430
8,48436,1,1,1, 48437
24,48439,1,1,1, 48440
8,48446,1,1,1, 48447
24,48449,1,1,0, 48450
8,48456,1,1,1, 48457
24,48459,1,1,0, 48460
16,48459,2,2,1, 48461
8,48466,1,1,0, 48467
24,48469,1,1,0, 48470
8,48476,1,1,1, 48477
24,48479,1,1,0, 48480
16,48479,2,2,1, 48481
8,48486,1,1,0, 48487
24,48489,1,1,0, 48490
16,48489,2,2,1, 48491
7,48492,1,1,0, 48493
8,48496,1,1,0, 48497
31,48496,2,2,1, 48498
5,48497,3,3,1, 48500
24,48499,1,1,1, 48500
23,48498,3,3,1, 48501
14,48499,3,3,1, 48502
6,48500,2,2,1, 48502
13,48499,4,4,1, 48503
7,48502,1,1,0, 48503
15,48501,2,4,1, 48505
8,48506,1,1,1, 48507
24,48509,1,1,0, 48510
23,48508,3,3,1, 48511
16,48509,2,2,1, 48511
29,48508,4,4,1, 48512
6,48510,2,2,1, 48512
13,48509,4,4,1, 48513
7,48512,1,1,0, 48513
15,48511,2,4,1, 48515
8,48516,1,1,0, 48517
24,48519,1,1,0, 48520
16,48519,2,2,1, 48521
21,48517,5,5,1, 48522
14,48519,3,3,1, 48522
6,48520,2,2,1, 48522
7,48522,1,1,1, 48523
15,48521,2,4,1, 48525
8,48526,1,1,1, 48527
31,48526,2,2,1, 48528
24,48529,1,1,1, 48530
8,48536,1,1,1, 48537
24,48539,1,1,1, 48540
16,48539,2,2,1, 48541
17,48539,3,3,1, 48542
25,48545,2,2,1, 48547
1,48546,1,1,1, 48547
8,48546,1,1,0, 48547
25,48555,2,2,1, 48557
1,48556,1,1,0, 48557
8,48556,1,1,1, 48557
9,48557,2,2,1, 48559
25,48565,2,2,1, 48567
1,48566,1,1,1, 48567
8,48566,1,1,0, 48567
9,48567,2,2,1, 48569
17,48569,3,3,1, 48572
25,48575,2,2,1, 48577
1,48576,1,1,1, 48577
8,48576,1,1,0, 48577
18,48583,4,4,1, 48587
1,48586,1,1,1, 48587
8,48586,1,1,1, 48587
2,48593,2,2,1, 48595
1,48596,1,1,1, 48597
8,48596,1,1,1, 48597
17,48599,3,3,1, 48602
2,48603,2,2,1, 48605
1,48606,1,1,1, 48607
8,48606,1,1,0, 48607
11,48604,4,4,1, 48608
3,48607,3,3,1, 48610
1,48616,1,1,1, 48617
8,48616,1,1,0, 48617
26,48617,3,3,1, 48620
19,48616,5,5,1, 48621
2,48623,2,2,1, 48625
8,48626,1,1,0, 48627
7,48632,1,1,1, 48633
8,48636,1,1,0, 48637
7,48642,1,1,0, 48643
8,48646,1,1,0, 48647
5,48647,3,3,1, 48650
24,48649,1,1,0, 48650
7,48652,1,1,0, 48653
8,48656,1,1,1, 48657
22,48656,4,4,1, 48660
24,48659,1,1,1, 48660
16,48659,2,2,1, 48661
29,48658,4,4,1, 48662
14,48659,3,3,1, 48662
6,48660,2,2,1, 48662
13,48659,4,4,1, 48663
7,48662,1,1,1, 48663
30,48663,3,3,1, 48666
8,48666,1,1,0, 48667
22,48666,4,4,1, 48670
5,48667,3,3,1, 48670
24,48669,1,1,1, 48670
7,48672,1,1,1, 48673
8,48676,1,1,0, 48677
5,48677,3,3,1, 48680
24,48679,1,1,1, 48680
16,48679,2,2,1, 48681
29,48678,4,4,1, 48682
14,48679,3,3,1, 48682
7,48682,1,1,0, 48683
8,48686,1,1,0, 48687
22,48686,4,4,1, 48690
24,48689,1,1,1, 48690
21,48687,5,5,1, 48692
29,48688,4,4,1, 48692
13,48689,4,4,1, 48693
7,48692,1,1,0, 48693
8,48696,1,1,1, 48697
24,48699,1,1,1, 48700
7,48702,1,1,0, 48703
8,48706,1,1,1, 48707
24,48709,1,1,0, 48710
16,48709,2,2,1, 48711
7,48712,1,1,1, 48713
15,48711,2,4,1, 48715
8,48716,1,1,0, 48717
24,48719,1,1,1, 48720
23,48718,3,3,1, 48721
16,48719,2,2,1, 48721
7,48722,1,1,1, 48723
8,48726,1,1,1, 48727
31,48726,2,2,1, 48728
9,48727,2,2,1, 48729
24,48729,1,1,0, 48730
16,48729,2,2,1, 48731
25,48735,2,2,1, 48737
1,48736,1,1,1, 48737
8,48736,1,1,0, 48737
9,48737,2,2,1, 48739
24,48739,1,1,1, 48740
17,48739,3,3,1, 48742
1,48746,1,1,1, 48747
8,48746,1,1,1, 48747
24,48749,1,1,0, 48750
17,48749,3,3,1, 48752
2,48753,2,2,1, 48755
1,48756,1,1,0, 48757
8,48756,1,1,0, 48757
9,48757,2,2,1, 48759
24,48759,1,1,0, 48760
16,48759,2,2,1, 48761
17,48759,3,3,1, 48762
2,48763,2,2,1, 48765
1,48766,1,1,0, 48767
8,48766,1,1,0, 48767
11,48764,4,4,1, 48768
9,48767,2,2,1, 48769
26,48767,3,3,1, 48770
24,48769,1,1,1, 48770
16,48769,2,2,1, 48771
17,48769,3,3,1, 48772
2,48773,2,2,1, 48775
18,48773,4,4,1, 48777
25,48775,2,2,1, 48777
1,48776,1,1,1, 48777
8,48776,1,1,0, 48777
11,48774,4,4,1, 48778
9,48777,2,2,1, 48779
24,48779,1,1,0, 48780
8,48786,1,1,0, 48787
24,48789,1,1,0, 48790
8,48796,1,1,1, 48797
24,48799,1,1,1, 48800
16,48799,2,2,1, 48801
8,48806,1,1,1, 48807
24,48809,1,1,1, 48810
16,48809,2,2,1, 48811
8,48816,1,1,0, 48817
24,48819,1,1,0, 48820
16,48819,2,2,1, 48821
8,48826,1,1,1, 48827
24,48829,1,1,1, 48830
16,48829,2,2,1, 48831
30,48833,3,3,1, 48836
8,48836,1,1,0, 48837
31,48836,2,2,1, 48838
24,48839,1,1,1, 48840
16,48839,2,2,1, 48841
7,48842,1,1,0, 48843
8,48846,1,1,1, 48847
31,48846,2,2,1, 48848
24,48849,1,1,1, 48850
16,48849,2,2,1, 48851
7,48852,1,1,0, 48853
8,48856,1,1,1, 48857
24,48859,1,1,0, 48860
16,48859,2,2,1, 48861
7,48862,1,1,1, 48863
8,48866,1,1,0, 48867
24,48869,1,1,1, 48870
16,48869,2,2,1, 48871
7,48872,1,1,0, 48873
8,48876,1,1,0, 48877
31,48876,2,2,1, 48878
24,48879,1,1,0, 48880
16,48879,2,2,1, 48881
7,48882,1,1,0, 48883
1,48886,1,1,0, 48887
8,48886,1,1,0, 48887
24,48889,1,1,1, 48890
7,48892,1,1,1, 48893
25,48895,2,2,1, 48897
1,48896,1,1,0, 48897
8,48896,1,1,0, 48897
24,48899,1,1,0, 48900
16,48899,2,2,1, 48901
7,48902,1,1,1, 48903
25,48905,2,2,1, 48907
1,48906,1,1,0, 48907
8,48906,1,1,0, 48907
31,48906,2,2,1, 48908
24,48909,1,1,0, 48910
7,48912,1,1,0, 48913
25,48915,2,2,1, 48917
1,48916,1,1,1, 48917
8,48916,1,1,0, 48917
24,48919,1,1,1, 48920
7,48922,1,1,1, 48923
25,48925,2,2,1, 48927
1,48926,1,1,0, 48927
8,48926,1,1,0, 48927
31,48926,2,2,1, 48928
24,48929,1,1,1, 48930
17,48929,3,3,1, 48932
7,48932,1,1,1, 48933
25,48935,2,2,1, 48937
1,48936,1,1,0, 48937
8,48936,1,1,0, 48937
31,48936,2,2,1, 48938
9,48937,2,2,1, 48939
3,48937,3,3,1, 48940
24,48939,1,1,0, 48940
6,48940,2,2,1, 48942
7,48942,1,1,0, 48943
2,48943,2,2,1, 48945
27,48942,4,4,1, 48946
1,48946,1,1,0, 48947
8,48946,1,1,0, 48947
31,48946,2,2,1, 48948
9,48947,2,2,1, 48949
3,48947,3,3,1, 48950
24,48949,1,1,0, 48950
19,48946,5,5,1, 48951
23,48948,3,3,1, 48951
16,48949,2,2,1, 48951
6,48950,2,2,1, 48952
7,48952,1,1,0, 48953
12,48950,5,5,1, 48955
15,48951,2,4,1, 48955
25,48955,2,2,1, 48957
1,48956,1,1,0, 48957
8,48956,1,1,1, 48957
11,48954,4,4,1, 48958
20,48953,6,6,1, 48959
28,48954,5,5,1, 48959
24,48959,1,1,1, 48960
7,48962,1,1,0, 48963
30,48963,3,3,1, 48966
8,48966,1,1,1, 48967
31,48966,2,2,1, 48968
22,48966,4,4,1, 48970
24,48969,1,1,1, 48970
23,48968,3,3,1, 48971
7,48972,1,1,0, 48973
15,48971,2,4,1, 48975
8,48976,1,1,1, 48977
31,48976,2,2,1, 48978
22,48976,4,4,1, 48980
24,48979,1,1,1, 48980
23,48978,3,3,1, 48981
16,48979,2,2,1, 48981
8,48986,1,1,0, 48987
24,48989,1,1,0, 48990
8,48996,1,1,1, 48997
24,48999,1,1,1, 49000
16,48999,2,2,1, 49001
8,49006,1,1,1, 49007
24,49009,1,1,1, 49010
8,49016,1,1,0, 49017
24,49019,1,1,0, 49020
8,49026,1,1,0, 49027
24,49029,1,1,0, 49030
8,49036,1,1,1, 49037
24,49039,1,1,1, 49040
16,49039,2,2,1, 49041
8,49046,1,1,1, 49047
24,49049,1,1,1, 49050
8,49056,1,1,0, 49057
24,49059,1,1,1, 49060
1,49066,1,1,0, 49067
8,49066,1,1,1, 49067
24,49069,1,1,0, 49070
17,49069,3,3,1, 49072
25,49075,2,2,1, 49077
1,49076,1,1,0, 49077
8,49076,1,1,1, 49077
24,49079,1,1,0, 49080
16,49079,2,2,1, 49081
2,49083,2,2,1, 49085
18,49083,4,4,1, 49087
1,49086,1,1,1, 49087
8,49086,1,1,1, 49087
3,49087,3,3,1, 49090
24,49089,1,1,1, 49090
7,49092,1,1,0, 49093
2,49093,2,2,1, 49095
1,49096,1,1,1, 49097
8,49096,1,1,1, 49097
24,49099,1,1,0, 49100
19,49096,5,5,1, 49101
16,49099,2,2,1, 49101
7,49102,1,1,0, 49103
1,49106,1,1,1, 49107
8,49106,1,1,0, 49107
3,49107,3,3,1, 49110
24,49109,1,1,0, 49110
16,49109,2,2,1, 49111
7,49112,1,1,0, 49113
2,49113,2,2,1, 49115
25,49115,2,2,1, 49117
1,49116,1,1,1, 49117
8,49116,1,1,0, 49117
11,49114,4,4,1, 49118
3,49117,3,3,1, 49120
26,49117,3,3,1, 49120
24,49119,1,1,0, 49120
16,49119,2,2,1, 49121
7,49122,1,1,0, 49123
27,49122,4,4,1, 49126
1,49126,1,1,1, 49127
8,49126,1,1,1, 49127
9,49127,2,2,1, 49129
26,49127,3,3,1, 49130
24,49129,1,1,1, 49130
16,49129,2,2,1, 49131
17,49129,3,3,1, 49132
7,49132,1,1,0, 49133
8,49136,1,1,1, 49137
22,49136,4,4,1, 49140
24,49139,1,1,0, 49140
7,49142,1,1,0, 49143
15,49141,2,4,1, 49145
8,49146,1,1,0, 49147
22,49146,4,4,1, 49150
24,49149,1,1,1, 49150
16,49149,2,2,1, 49151
14,49149,3,3,1, 49152
7,49152,1,1,1, 49153
8,49156,1,1,0, 49157
31,49156,2,2,1, 49158
22,49156,4,4,1, 49160
5,49157,3,3,1, 49160
24,49159,1,1,1, 49160
16,49159,2,2,1, 49161
13,49159,4,4,1, 49163
7,49162,1,1,0, 49163
15,49161,2,4,1, 49165
8,49166,1,1,0, 49167
31,49166,2,2,1, 49168
24,49169,1,1,0, 49170
23,49168,3,3,1, 49171
14,49169,3,3,1, 49172
13,49169,4,4,1, 49173
7,49172,1,1,1, 49173
8,49176,1,1,0, 49177
5,49177,3,3,1, 49180
24,49179,1,1,1, 49180
23,49178,3,3,1, 49181
13,49179,4,4,1, 49183
7,49182,1,1,0, 49183
30,49183,3,3,1, 49186
8,49186,1,1,0, 49187
31,49186,2,2,1, 49188
22,49186,4,4,1, 49190
5,49187,3,3,1, 49190
24,49189,1,1,1, 49190
8,49196,1,1,1, 49197
24,49199,1,1,0, 49200
16,49199,2,2,1, 49201
8,49206,1,1,0, 49207
24,49209,1,1,0, 49210
16,49209,2,2,1, 49211
8,49216,1,1,0, 49217
24,49219,1,1,1, 49220
8,49226,1,1,0, 49227
24,49229,1,1,1, 49230
16,49229,2,2,1, 49231
1,49236,1,1,1, 49237
8,49236,1,1,1, 49237
9,49237,2,2,1, 49239
24,49239,1,1,0, 49240
16,49239,2,2,1, 49241
17,49239,3,3,1, 49242
25,49245,2,2,1, 49247
1,49246,1,1,1, 49247
8,49246,1,1,0, 49247
9,49247,2,2,1, 49249
24,49249,1,1,1, 49250
16,49249,2,2,1, 49251
1,49256,1,1,1, 49257
8,49256,1,1,0, 49257
26,49257,3,3,1, 49260
24,49259,1,1,1, 49260
1,49266,1,1,0, 49267
8,49266,1,1,0, 49267
9,49267,2,2,1, 49269
24,49269,1,1,0, 49270
27,49272,4,4,1, 49276
18,49273,4,4,1, 49277
25,49275,2,2,1, 49277
1,49276,1,1,1, 49277
8,49276,1,1,0, 49277
11,49274,4,4,1, 49278
26,49277,3,3,1, 49280
24,49279,1,1,0, 49280
19,49276,5,5,1, 49281
17,49279,3,3,1, 49282
2,49283,2,2,1, 49285
18,49283,4,4,1, 49287
25,49285,2,2,1, 49287
1,49286,1,1,0, 49287
8,49286,1,1,0, 49287
9,49287,2,2,1, 49289
24,49289,1,1,1, 49290
8,49296,1,1,1, 49297
31,49296,2,2,1, 49298
24,49299,1,1,0, 49300
14,49299,3,3,1, 49302
13,49299,4,4,1, 49303
7,49302,1,1,1, 49303
30,49303,3,3,1, 49306
8,49306,1,1,0, 49307
31,49306,2,2,1, 49308
24,49309,1,1,0, 49310
16,49309,2,2,1, 49311
6,49310,2,2,1, 49312
7,49312,1,1,1, 49313
8,49316,1,1,0, 49317
31,49316,2,2,1, 49318
22,49316,4,4,1, 49320
24,49319,1,1,1, 49320
16,49319,2,2,1, 49321
14,49319,3,3,1, 49322
6,49320,2,2,1, 49322
13,49319,4,4,1, 49323
7,49322,1,1,0, 49323
8,49326,1,1,1, 49327
31,49326,2,2,1, 49328
22,49326,4,4,1, 49330
24,49329,1,1,1, 49330
6,49330,2,2,1, 49332
7,49332,1,1,1, 49333
30,49333,3,3,1, 49336
8,49336,1,1,0, 49337
24,49339,1,1,0, 49340
16,49339,2,2,1, 49341
8,49346,1,1,1, 49347
24,49349,1,1,1, 49350
16,49349,2,2,1, 49351
8,49356,1,1,0, 49357
24,49359,1,1,0, 49360
8,49366,1,1,0, 49367
24,49369,1,1,1, 49370
16,49369,2,2,1, 49371
8,49376,1,1,1, 49377
24,49379,1,1,1, 49380
16,49379,2,2,1, 49381
8,49386,1,1,1, 49387
24,49389,1,1,0, 49390
8,49396,1,1,0, 49397
24,49399,1,1,0, 49400
16,49399,2,2,1, 49401
25,49405,2,2,1, 49407
1,49406,1,1,0, 49407
8,49406,1,1,0, 49407
24,49409,1,1,0, 49410
1,49416,1,1,0, 49417
8,49416,1,1,1, 49417
26,49417,3,3,1, 49420
24,49419,1,1,1, 49420
16,49419,2,2,1, 49421
2,49423,2,2,1, 49425
18,49423,4,4,1, 49427
25,49425,2,2,1, 49427
1,49426,1,1,1, 49427
8,49426,1,1,1, 49427
26,49427,3,3,1, 49430
24,49429,1,1,1, 49430
2,49433,2,2,1, 49435
18,49433,4,4,1, 49437
1,49436,1,1,0, 49437
8,49436,1,1,1, 49437
26,49437,3,3,1, 49440
24,49439,1,1,0, 49440
16,49439,2,2,1, 49441
7,49442,1,1,1, 49443
25,49445,2,2,1, 49447
1,49446,1,1,0, 49447
8,49446,1,1,0, 49447
31,49446,2,2,1, 49448
24,49449,1,1,0, 49450
16,49449,2,2,1, 49451
7,49452,1,1,0, 49453
2,49453,2,2,1, 49455
18,49453,4,4,1, 49457
1,49456,1,1,0, 49457
8,49456,1,1,1, 49457
31,49456,2,2,1, 49458
26,49457,3,3,1, 49460
24,49459,1,1,0, 49460
16,49459,2,2,1, 49461
7,49462,1,1,0, 49463
1,49466,1,1,0, 49467
8,49466,1,1,0, 49467
31,49466,2,2,1, 49468
3,49467,3,3,1, 49470
26,49467,3,3,1, 49470
24,49469,1,1,0, 49470
19,49466,5,5,1, 49471
16,49469,2,2,1, 49471
7,49472,1,1,1, 49473
18,49473,4,4,1, 49477
1,49476,1,1,0, 49477
8,49476,1,1,0, 49477
20,49473,6,6,1, 49479
28,49474,5,5,1, 49479
24,49479,1,1,0, 49480
16,49479,2,2,1, 49481
7,49482,1,1,1, 49483
8,49486,1,1,1, 49487
23,49488,3,3,1, 49491
7,49492,1,1,1, 49493
15,49491,2,4,1, 49495
8,49496,1,1,0, 49497
31,49496,2,2,1, 49498
7,49502,1,1,0, 49503
8,49506,1,1,0, 49507
31,49506,2,2,1, 49508
7,49512,1,1,1, 49513
15,49511,2,4,1, 49515
8,49516,1,1,1, 49517
31,49516,2,2,1, 49518
7,49522,1,1,1, 49523
8,49526,1,1,1, 49527
23,49528,3,3,1, 49531
7,49532,1,1,0, 49533
8,49536,1,1,1, 49537
23,49538,3,3,1, 49541
14,49539,3,3,1, 49542
13,49539,4,4,1, 49543
7,49542,1,1,1, 49543
30,49543,3,3,1, 49546
8,49546,1,1,0, 49547
22,49546,4,4,1, 49550
23,49548,3,3,1, 49551
14,49549,3,3,1, 49552
13,49549,4,4,1, 49553
7,49552,1,1,1, 49553
30,49553,3,3,1, 49556
8,49556,1,1,1, 49557
8,49566,1,1,1, 49567
8,49576,1,1,0, 49577
1,49586,1,1,0, 49587
8,49586,1,1,0, 49587
24,49589,1,1,0, 49590
2,49593,2,2,1, 49595
1,49596,1,1,0, 49597
8,49596,1,1,1, 49597
24,49599,1,1,0, 49600
16,49599,2,2,1, 49601
17,49599,3,3,1, 49602
2,49603,2,2,1, 49605
18,49603,4,4,1, 49607
25,49605,2,2,1, 49607
1,49606,1,1,1, 49607
8,49606,1,1,0, 49607
26,49607,3,3,1, 49610
24,49609,1,1,0, 49610
2,49613,2,2,1, 49615
18,49613,4,4,1, 49617
25,49615,2,2,1, 49617
1,49616,1,1,1, 49617
8,49616,1,1,0, 49617
9,49617,2,2,1, 49619
24,49619,1,1,0, 49620
2,49623,2,2,1, 49625
1,49626,1,1,0, 49627
8,49626,1,1,0, 49627
9,49627,2,2,1, 49629
24,49629,1,1,0, 49630
16,49629,2,2,1, 49631
17,49629,3,3,1, 49632
2,49633,2,2,1, 49635
18,49633,4,4,1, 49637
25,49635,2,2,1, 49637
1,49636,1,1,1, 49637
8,49636,1,1,0, 49637
24,49639,1,1,1, 49640
2,49643,2,2,1, 49645
8,49646,1,1,0, 49647
24,49649,1,1,0, 49650
8,49656,1,1,1, 49657
24,49659,1,1,0, 49660
7,49662,1,1,1, 49663
8,49666,1,1,0, 49667
24,49669,1,1,0, 49670
7,49672,1,1,0, 49673
8,49676,1,1,0, 49677
24,49679,1,1,0, 49680
7,49682,1,1,0, 49683
8,49686,1,1,1, 49687
24,49689,1,1,0, 49690
16,49689,2,2,1, 49691
7,49692,1,1,0, 49693
8,49696,1,1,1, 49697
24,49699,1,1,0, 49700
16,49699,2,2,1, 49701
7,49702,1,1,1, 49703
8,49706,1,1,1, 49707
24,49709,1,1,1, 49710
7,49712,1,1,0, 49713
8,49716,1,1,1, 49717
22,49716,4,4,1, 49720
5,49717,3,3,1, 49720
24,49719,1,1,0, 49720
16,49719,2,2,1, 49721
13,49719,4,4,1, 49723
7,49722,1,1,1, 49723
8,49726,1,1,1, 49727
5,49727,3,3,1, 49730
24,49729,1,1,0, 49730
6,49730,2,2,1, 49732
7,49732,1,1,1, 49733
15,49731,2,4,1, 49735
8,49736,1,1,0, 49737
24,49739,1,1,1, 49740
23,49738,3,3,1, 49741
16,49739,2,2,1, 49741
21,49737,5,5,1, 49742
7,49742,1,1,1, 49743
15,49741,2,4,1, 49745
30,49743,3,3,1, 49746
8,49746,1,1,0, 49747
22,49746,4,4,1, 49750
5,49747,3,3,1, 49750
24,49749,1,1,0, 49750
16,49749,2,2,1, 49751
21,49747,5,5,1, 49752
29,49748,4,4,1, 49752
17,49749,3,3,1, 49752
13,49749,4,4,1, 49753
7,49752,1,1,0, 49753
30,49753,3,3,1, 49756
1,49756,1,1,0, 49757
8,49756,1,1,0, 49757
9,49757,2,2,1, 49759
22,49756,4,4,1, 49760
24,49759,1,1,0, 49760
25,49765,2,2,1, 49767
1,49766,1,1,0, 49767
8,49766,1,1,1, 49767
9,49767,2,2,1, 49769
24,49769,1,1,0, 49770
16,49769,2,2,1, 49771
17,49769,3,3,1, 49772
25,49775,2,2,1, 49777
1,49776,1,1,0, 49777
8,49776,1,1,0, 49777
24,49779,1,1,0, 49780
17,49779,3,3,1, 49782
25,49785,2,2,1, 49787
1,49786,1,1,1, 49787
8,49786,1,1,0, 49787
26,49787,3,3,1, 49790
24,49789,1,1,1, 49790
16,49789,2,2,1, 49791
17,49789,3,3,1, 49792
2,49793,2,2,1, 49795
18,49793,4,4,1, 49797
25,49795,2,2,1, 49797
1,49796,1,1,0, 49797
8,49796,1,1,1, 49797
9,49797,2,2,1, 49799
26,49797,3,3,1, 49800
24,49799,1,1,1, 49800
16,49799,2,2,1, 49801
17,49799,3,3,1, 49802
2,49803,2,2,1, 49805
8,49806,1,1,1, 49807
24,49809,1,1,0, 49810
16,49809,2,2,1, 49811
8,49816,1,1,1, 49817
24,49819,1,1,1, 49820
8,49826,1,1,0, 49827
24,49829,1,1,1, 49830
8,49836,1,1,1, 49837
24,49839,1,1,0, 49840
8,49846,1,1,1, 49847
24,49849,1,1,1, 49850
16,49849,2,2,1, 49851
8,49856,1,1,1, 49857
24,49859,1,1,1, 49860
7,49862,1,1,1, 49863
8,49866,1,1,1, 49867
24,49869,1,1,0, 49870
16,49869,2,2,1, 49871
14,49869,3,3,1, 49872
6,49870,2,2,1, 49872
7,49872,1,1,0, 49873
30,49873,3,3,1, 49876
8,49876,1,1,0, 49877
24,49879,1,1,1, 49880
6,49880,2,2,1, 49882
7,49882,1,1,1, 49883
8,49886,1,1,1, 49887
31,49886,2,2,1, 49888
22,49886,4,4,1, 49890
24,49889,1,1,1, 49890
14,49889,3,3,1, 49892
6,49890,2,2,1, 49892
13,49889,4,4,1, 49893
7,49892,1,1,1, 49893
8,49896,1,1,1, 49897
31,49896,2,2,1, 49898
22,49896,4,4,1, 49900
24,49899,1,1,0, 49900
6,49900,2,2,1, 49902
13,49899,4,4,1, 49903
7,49902,1,1,0, 49903
30,49903,3,3,1, 49906
8,49906,1,1,0, 49907
31,49906,2,2,1, 49908
3,49907,3,3,1, 49910
24,49909,1,1,1, 49910
19,49906,5,5,1, 49911
21,49907,5,5,1, 49912
29,49908,4,4,1, 49912
14,49909,3,3,1, 49912
17,49909,3,3,1, 49912
1,49916,1,1,1, 49917
8,49916,1,1,1, 49917
24,49919,1,1,0, 49920
16,49919,2,2,1, 49921
25,49925,2,2,1, 49927
1,49926,1,1,0, 49927
8,49926,1,1,1, 49927
24,49929,1,1,0, 49930
16,49929,2,2,1, 49931
17,49929,3,3,1, 49932
1,49936,1,1,1, 49937
8,49936,1,1,0, 49937
24,49939,1,1,0, 49940
17,49939,3,3,1, 49942
1,49946,1,1,0, 49947
8,49946,1,1,1, 49947
24,49949,1,1,0, 49950
16,49949,2,2,1, 49951
17,49949,3,3,1, 49952
25,49955,2,2,1, 49957
1,49956,1,1,0, 49957
8,49956,1,1,1, 49957
9,49957,2,2,1, 49959
24,49959,1,1,0, 49960
16,49959,2,2,1, 49961
17,49959,3,3,1, 49962
25,49965,2,2,1, 49967
1,49966,1,1,0, 49967
8,49966,1,1,1, 49967
24,49969,1,1,1, 49970
16,49969,2,2,1, 49971
17,49969,3,3,1, 49972
1,49976,1,1,0, 49977
8,49976,1,1,1, 49977
9,49977,2,2,1, 49979
24,49979,1,1,1, 49980
16,49979,2,2,1, 49981
25,49985,2,2,1, 49987
1,49986,1,1,0, 49987
8,49986,1,1,0, 49987
9,49987,2,2,1, 49989
24,49989,1,1,0, 49990
1,49996,1,1,1, 49997
8,49996,1,1,1, 49997
24,49999,1,1,1, 50000
16,49999,2,2,1, 50001
1,50006,1,1,0, 50007
8,50006,1,1,1, 50007
9,50007,2,2,1, 50009
24,50009,1,1,1, 50010
16,50009,2,2,1, 50011
2,50013,2,2,1, 50015
18,50013,4,4,1, 50017
25,50015,2,2,1, 50017
1,50016,1,1,0, 50017
8,50016,1,1,0, 50017
9,50017,2,2,1, 50019
24,50019,1,1,0, 50020
7,50022,1,1,0, 50023
8,50026,1,1,1, 50027
24,50029,1,1,0, 50030
16,50029,2,2,1, 50031
7,50032,1,1,0, 50033
15,50031,2,4,1, 50035
8,50036,1,1,1, 50037
5,50037,3,3,1, 50040
24,50039,1,1,1, 50040
23,50038,3,3,1, 50041
29,50038,4,4,1, 50042
7,50042,1,1,0, 50043
8,50046,1,1,1, 50047
31,50046,2,2,1, 50048
24,50049,1,1,0, 50050
23,50048,3,3,1, 50051
21,50047,5,5,1, 50052
29,50048,4,4,1, 50052
6,50050,2,2,1, 50052
13,50049,4,4,1, 50053
7,50052,1,1,0, 50053
15,50051,2,4,1, 50055
8,50056,1,1,0, 50057
31,50056,2,2,1, 50058
22,50056,4,4,1, 50060
24,50059,1,1,0, 50060
16,50059,2,2,1, 50061
14,50059,3,3,1, 50062
13,50059,4,4,1, 50063
7,50062,1,1,0, 50063
30,50063,3,3,1, 50066
8,50066,1,1,0, 50067
31,50066,2,2,1, 50068
24,50069,1,1,0, 50070
8,50076,1,1,1, 50077
24,50079,1,1,0, 50080
16,50079,2,2,1, 50081
8,50086,1,1,1, 50087
24,50089,1,1,1, 50090
8,50096,1,1,0, 50097
24,50099,1,1,0, 50100
8,50106,1,1,0, 50107
24,50109,1,1,1, 50110
16,50109,2,2,1, 50111
8,50116,1,1,1, 50117
24,50119,1,1,1, 50120
16,50119,2,2,1, 50121
1,50126,1,1,0, 50127
8,50126,1,1,0, 50127
24,50129,1,1,1, 50130
25,50135,2,2,1, 50137
1,50136,1,1,1, 50137
8,50136,1,1,1, 50137
24,50139,1,1,1, 50140
16,50139,2,2,1, 50141
25,50145,2,2,1, 50147
1,50146,1,1,0, 50147
8,50146,1,1,1, 50147
9,50147,2,2,1, 50149
24,50149,1,1,1, 50150
25,50155,2,2,1, 50157
1,50156,1,1,0, 50157
8,50156,1,1,0, 50157
9,50157,2,2,1, 50159
24,50159,1,1,0, 50160
16,50159,2,2,1, 50161
25,50165,2,2,1, 50167
1,50166,1,1,1, 50167
8,50166,1,1,1, 50167
24,50169,1,1,0, 50170
7,50172,1,1,1, 50173
15,50171,2,4,1, 50175
25,50175,2,2,1, 50177
1,50176,1,1,0, 50177
8,50176,1,1,0, 50177
24,50179,1,1,1, 50180
23,50178,3,3,1, 50181
7,50182,1,1,1, 50183
1,50186,1,1,1, 50187
8,50186,1,1,0, 50187
31,50186,2,2,1, 50188
9,50187,2,2,1, 50189
24,50189,1,1,1, 50190
16,50189,2,2,1, 50191
17,50189,3,3,1, 50192
7,50192,1,1,1, 50193
2,50193,2,2,1, 50195
1,50196,1,1,1, 50197
8,50196,1,1,1, 50197
9,50197,2,2,1, 50199
24,50199,1,1,1, 50200
17,50199,3,3,1, 50202
7,50202,1,1,1, 50203
15,50201,2,4,1, 50205
18,50203,4,4,1, 50207
25,50205,2,2,1, 50207
1,50206,1,1,0, 50207
8,50206,1,1,0, 50207
31,50206,2,2,1, 50208
9,50207,2,2,1, 50209
26,50207,3,3,1, 50210
24,50209,1,1,0, 50210
23,50208,3,3,1, 50211
16,50209,2,2,1, 50211
17,50209,3,3,1, 50212
7,50212,1,1,1, 50213
15,50211,2,4,1, 50215
2,50213,2,2,1, 50215
1,50216,1,1,0, 50217
8,50216,1,1,0, 50217
31,50216,2,2,1, 50218
9,50217,2,2,1, 50219
24,50219,1,1,0, 50220
6,50220,2,2,1, 50222
7,50222,1,1,1, 50223
8,50226,1,1,1, 50227
31,50226,2,2,1, 50228
5,50227,3,3,1, 50230
24,50229,1,1,1, 50230
14,50229,3,3,1, 50232
6,50230,2,2,1, 50232
13,50229,4,4,1, 50233
7,50232,1,1,1, 50233
15,50231,2,4,1, 50235
30,50233,3,3,1, 50236
8,50236,1,1,0, 50237
24,50239,1,1,0, 50240
16,50239,2,2,1, 50241
8,50246,1,1,1, 50247
24,50249,1,1,0, 50250
16,50249,2,2,1, 50251
8,50256,1,1,1, 50257
24,50259,1,1,1, 50260
8,50266,1,1,0, 50267
24,50269,1,1,1, 50270
16,50269,2,2,1, 50271
8,50276,1,1,0, 50277
24,50279,1,1,0, 50280
16,50279,2,2,1, 50281
8,50286,1,1,1, 50287
24,50289,1,1,0, 50290
8,50296,1,1,1, 50297
24,50299,1,1,0, 50300
8,50306,1,1,0, 50307
24,50309,1,1,0, 50310
16,50309,2,2,1, 50311
8,50316,1,1,0, 50317
24,50319,1,1,0, 50320
16,50319,2,2,1, 50321
8,50326,1,1,0, 50327
24,50329,1,1,1, 50330
16,50329,2,2,1, 50331
17,50329,3,3,1, 50332
1,50336,1,1,1, 50337
8,50336,1,1,1, 50337
9,50337,2,2,1, 50339
24,50339,1,1,0, 50340
17,50339,3,3,1, 50342
7,50342,1,1,1, 50343
15,50341,2,4,1, 50345
1,50346,1,1,1, 50347
8,50346,1,1,0, 50347
24,50349,1,1,1, 50350
16,50349,2,2,1, 50351
17,50349,3,3,1, 50352
7,50352,1,1,1, 50353
1,50356,1,1,1, 50357
8,50356,1,1,1, 50357
9,50357,2,2,1, 50359
24,50359,1,1,1, 50360
16,50359,2,2,1, 50361
17,50359,3,3,1, 50362
7,50362,1,1,1, 50363
25,50365,2,2,1, 50367
1,50366,1,1,0, 50367
8,50366,1,1,0, 50367
9,50367,2,2,1, 50369
24,50369,1,1,1, 50370
7,50372,1,1,0, 50373
25,50375,2,2,1, 50377
1,50376,1,1,0, 50377
8,50376,1,1,0, 50377
24,50379,1,1,0, 50380
16,50379,2,2,1, 50381
17,50379,3,3,1, 50382
7,50382,1,1,1, 50383
1,50386,1,1,0, 50387
8,50386,1,1,0, 50387
24,50389,1,1,0, 50390
6,50390,2,2,1, 50392
7,50392,1,1,1, 50393
30,50393,3,3,1, 50396
18,50393,4,4,1, 50397
25,50395,2,2,1, 50397
1,50396,1,1,0, 50397
8,50396,1,1,1, 50397
22,50396,4,4,1, 50400
5,50397,3,3,1, 50400
24,50399,1,1,0, 50400
16,50399,2,2,1, 50401
29,50398,4,4,1, 50402
6,50400,2,2,1, 50402
7,50402,1,1,1, 50403
18,50403,4,4,1, 50407
25,50405,2,2,1, 50407
1,50406,1,1,1, 50407
8,50406,1,1,0, 50407
9,50407,2,2,1, 50409
22,50406,4,4,1, 50410
5,50407,3,3,1, 50410
26,50407,3,3,1, 50410
24,50409,1,1,0, 50410
16,50409,2,2,1, 50411
14,50409,3,3,1, 50412
7,50412,1,1,1, 50413
2,50413,2,2,1, 50415
1,50416,1,1,0, 50417
8,50416,1,1,1, 50417
22,50416,4,4,1, 50420
24,50419,1,1,1, 50420
17,50419,3,3,1, 50422
13,50419,4,4,1, 50423
7,50422,1,1,1, 50423
8,50426,1,1,1, 50427
5,50427,3,3,1, 50430
24,50429,1,1,1, 50430
16,50429,2,2,1, 50431
21,50427,5,5,1, 50432
13,50429,4,4,1, 50433
7,50432,1,1,1, 50433
8,50436,1,1,1, 50437
22,50436,4,4,1, 50440
5,50437,3,3,1, 50440
24,50439,1,1,1, 50440
16,50439,2,2,1, 50441
29,50438,4,4,1, 50442
14,50439,3,3,1, 50442
8,50446,1,1,0, 50447
24,50449,1,1,0, 50450
16,50449,2,2,1, 50451
8,50456,1,1,1, 50457
24,50459,1,1,0, 50460
8,50466,1,1,0, 50467
24,50469,1,1,0, 50470
16,50469,2,2,1, 50471
8,50476,1,1,0, 50477
24,50479,1,1,0, 50480
8,50486,1,1,1, 50487
24,50489,1,1,0, 50490
8,50496,1,1,1, 50497
24,50499,1,1,0, 50500
8,50506,1,1,0, 50507
24,50509,1,1,0, 50510
16,50509,2,2,1, 50511
8,50516,1,1,1, 50517
24,50519,1,1,1, 50520
16,50519,2,2,1, 50521
25,50525,2,2,1, 50527
1,50526,1,1,0, 50527
8,50526,1,1,0, 50527
24,50529,1,1,1, 50530
16,50529,2,2,1, 50531
1,50536,1,1,0, 50537
8,50536,1,1,0, 50537
9,50537,2,2,1, 50539
24,50539,1,1,0, 50540
25,50545,2,2,1, 50547
1,50546,1,1,0, 50547
8,50546,1,1,0, 50547
24,50549,1,1,0, 50550
23,50548,3,3,1, 50551
16,50549,2,2,1, 50551
7,50552,1,1,0, 50553
15,50551,2,4,1, 50555
25,50555,2,2,1, 50557
1,50556,1,1,1, 50557
8,50556,1,1,1, 50557
31,50556,2,2,1, 50558
5,50557,3,3,1, 50560
24,50559,1,1,1, 50560
23,50558,3,3,1, 50561
16,50559,2,2,1, 50561
21,50557,5,5,1, 50562
29,50558,4,4,1, 50562
6,50560,2,2,1, 50562
13,50559,4,4,1, 50563
7,50562,1,1,1, 50563
15,50561,2,4,1, 50565
30,50563,3,3,1, 50566
1,50566,1,1,0, 50567
8,50566,1,1,1, 50567
9,50567,2,2,1, 50569
5,50567,3,3,1, 50570
24,50569,1,1,0, 50570
16,50569,2,2,1, 50571
21,50567,5,5,1, 50572
14,50569,3,3,1, 50572
17,50569,3,3,1, 50572
13,50569,4,4,1, 50573
7,50572,1,1,0, 50573
15,50571,2,4,1, 50575
30,50573,3,3,1, 50576
25,50575,2,2,1, 50577
1,50576,1,1,0, 50577
8,50576,1,1,1, 50577
24,50579,1,1,1, 50580
16,50579,2,2,1, 50581
18,50583,4,4,1, 50587
25,50585,2,2,1, 50587
1,50586,1,1,1, 50587
8,50586,1,1,0, 50587
9,50587,2,2,1, 50589
1,50596,1,1,1, 50597
8,50596,1,1,1, 50597
9,50597,2,2,1, 50599
17,50599,3,3,1, 50602
2,50603,2,2,1, 50605
1,50606,1,1,1, 50607
8,50606,1,1,0, 50607
9,50607,2,2,1, 50609
3,50607,3,3,1, 50610
19,50606,5,5,1, 50611
17,50609,3,3,1, 50612
2,50613,2,2,1, 50615
27,50612,4,4,1, 50616
8,50616,1,1,1, 50617
8,50626,1,1,0, 50627
8,50636,1,1,0, 50637
8,50646,1,1,1, 50647
8,50656,1,1,0, 50657
8,50666,1,1,1, 50667
8,50676,1,1,0, 50677
7,50682,1,1,1, 50683
8,50686,1,1,1, 50687
24,50689,1,1,0, 50690
7,50692,1,1,1, 50693
8,50696,1,1,1, 50697
31,50696,2,2,1, 50698
22,50696,4,4,1, 50700
5,50697,3,3,1, 50700
24,50699,1,1,0, 50700
23,50698,3,3,1, 50701
16,50699,2,2,1, 50701
21,50697,5,5,1, 50702
13,50699,4,4,1, 50703
7,50702,1,1,0, 50703
8,50706,1,1,0, 50707
24,50709,1,1,0, 50710
16,50709,2,2,1, 50711
6,50710,2,2,1, 50712
7,50712,1,1,1, 50713
15,50711,2,4,1, 50715
8,50716,1,1,0, 50717
22,50716,4,4,1, 50720
24,50719,1,1,1, 50720
23,50718,3,3,1, 50721
16,50719,2,2,1, 50721
6,50720,2,2,1, 50722
7,50722,1,1,0, 50723
25,50725,2,2,1, 50727
1,50726,1,1,1, 50727
8,50726,1,1,0, 50727
24,50729,1,1,1, 50730
23,50728,3,3,1, 50731
16,50729,2,2,1, 50731
14,50729,3,3,1, 50732
17,50729,3,3,1, 50732
6,50730,2,2,1, 50732
7,50732,1,1,0, 50733
15,50731,2,4,1, 50735
25,50735,2,2,1, 50737
1,50736,1,1,0, 50737
8,50736,1,1,1, 50737
31,50736,2,2,1, 50738
9,50737,2,2,1, 50739
24,50739,1,1,1, 50740
16,50739,2,2,1, 50741
17,50739,3,3,1, 50742
25,50745,2,2,1, 50747
1,50746,1,1,0, 50747
8,50746,1,1,0, 50747
24,50749,1,1,0, 50750
16,50749,2,2,1, 50751
1,50756,1,1,1, 50757
8,50756,1,1,0, 50757
9,50757,2,2,1, 50759
24,50759,1,1,0, 50760
17,50759,3,3,1, 50762
1,50766,1,1,0, 50767
8,50766,1,1,0, 50767
24,50769,1,1,1, 50770
1,50776,1,1,0, 50777
8,50776,1,1,1, 50777
9,50777,2,2,1, 50779
24,50779,1,1,1, 50780
16,50779,2,2,1, 50781
1,50786,1,1,0, 50787
8,50786,1,1,1, 50787
24,50789,1,1,1, 50790
1,50796,1,1,0, 50797
8,50796,1,1,0, 50797
9,50797,2,2,1, 50799
26,50797,3,3,1, 50800
24,50799,1,1,1, 50800
17,50799,3,3,1, 50802
25,50805,2,2,1, 50807
1,50806,1,1,1, 50807
8,50806,1,1,1, 50807
11,50804,4,4,1, 50808
3,50807,3,3,1, 50810
26,50807,3,3,1, 50810
24,50809,1,1,0, 50810
19,50806,5,5,1, 50811
16,50809,2,2,1, 50811
27,50812,4,4,1, 50816
1,50816,1,1,1, 50817
8,50816,1,1,1, 50817
9,50817,2,2,1, 50819
24,50819,1,1,1, 50820
16,50819,2,2,1, 50821
8,50826,1,1,0, 50827
24,50829,1,1,0, 50830
8,50836,1,1,0, 50837
24,50839,1,1,1, 50840
16,50839,2,2,1, 50841
7,50842,1,1,0, 50843
8,50846,1,1,1, 50847
24,50849,1,1,0, 50850
7,50852,1,1,0, 50853
8,50856,1,1,1, 50857
24,50859,1,1,1, 50860
7,50862,1,1,1, 50863
8,50866,1,1,0, 50867
24,50869,1,1,1, 50870
16,50869,2,2,1, 50871
7,50872,1,1,1, 50873
15,50871,2,4,1, 50875
8,50876,1,1,1, 50877
24,50879,1,1,1, 50880
16,50879,2,2,1, 50881
14,50879,3,3,1, 50882
7,50882,1,1,0, 50883
8,50886,1,1,1, 50887
24,50889,1,1,0, 50890
16,50889,2,2,1, 50891
29,50888,4,4,1, 50892
14,50889,3,3,1, 50892
13,50889,4,4,1, 50893
7,50892,1,1,0, 50893
8,50896,1,1,1, 50897
31,50896,2,2,1, 50898
5,50897,3,3,1, 50900
24,50899,1,1,1, 50900
21,50897,5,5,1, 50902
14,50899,3,3,1, 50902
6,50900,2,2,1, 50902
7,50902,1,1,0, 50903
15,50901,2,4,1, 50905
8,50906,1,1,0, 50907
31,50906,2,2,1, 50908
5,50907,3,3,1, 50910
24,50909,1,1,0, 50910
23,50908,3,3,1, 50911
14,50909,3,3,1, 50912
7,50912,1,1,1, 50913
15,50911,2,4,1, 50915
8,50916,1,1,0, 50917
31,50916,2,2,1, 50918
5,50917,3,3,1, 50920
24,50919,1,1,0, 50920
25,50925,2,2,1, 50927
1,50926,1,1,0, 50927
8,50926,1,1,0, 50927
24,50929,1,1,1, 50930
25,50935,2,2,1, 50937
1,50936,1,1,0, 50937
8,50936,1,1,1, 50937
24,50939,1,1,0, 50940
1,50946,1,1,1, 50947
8,50946,1,1,1, 50947
24,50949,1,1,1, 50950
1,50956,1,1,0, 50957
8,50956,1,1,0, 50957
24,50959,1,1,1, 50960
25,50965,2,2,1, 50967
1,50966,1,1,0, 50967
8,50966,1,1,1, 50967
24,50969,1,1,0, 50970
25,50975,2,2,1, 50977
1,50976,1,1,0, 50977
8,50976,1,1,0, 50977
24,50979,1,1,1, 50980
16,50979,2,2,1, 50981
2,50983,2,2,1, 50985
18,50983,4,4,1, 50987
25,50985,2,2,1, 50987
1,50986,1,1,1, 50987
8,50986,1,1,0, 50987
26,50987,3,3,1, 50990
24,50989,1,1,0, 50990
16,50989,2,2,1, 50991
1,50996,1,1,1, 50997
8,50996,1,1,1, 50997
24,50999,1,1,0, 51000
16,50999,2,2,1, 51001
2,51003,2,2,1, 51005
25,51005,2,2,1, 51007
1,51006,1,1,0, 51007
8,51006,1,1,0, 51007
26,51007,3,3,1, 51010
24,51009,1,1,1, 51010
16,51009,2,2,1, 51011
2,51013,2,2,1, 51015
1,51016,1,1,0, 51017
8,51016,1,1,1, 51017
24,51019,1,1,1, 51020
7,51022,1,1,1, 51023
25,51025,2,2,1, 51027
1,51026,1,1,0, 51027
8,51026,1,1,1, 51027
31,51026,2,2,1, 51028
26,51027,3,3,1, 51030
24,51029,1,1,1, 51030
16,51029,2,2,1, 51031
7,51032,1,1,0, 51033
12,51030,5,5,1, 51035
27,51032,4,4,1, 51036
18,51033,4,4,1, 51037
1,51036,1,1,0, 51037
8,51036,1,1,1, 51037
4,51036,4,4,1, 51040
24,51039,1,1,1, 51040
19,51036,5,5,1, 51041
7,51042,1,1,0, 51043
12,51040,5,5,1, 51045
18,51043,4,4,1, 51047
8,51046,1,1,1, 51047
24,51049,1,1,0, 51050
7,51052,1,1,1, 51053
15,51051,2,4,1, 51055
30,51053,3,3,1, 51056
8,51056,1,1,0, 51057
31,51056,2,2,1, 51058
22,51056,4,4,1, 51060
24,51059,1,1,0, 51060
16,51059,2,2,1, 51061
6,51060,2,2,1, 51062
7,51062,1,1,1, 51063
8,51066,1,1,1, 51067
24,51069,1,1,1, 51070
16,51069,2,2,1, 51071
6,51070,2,2,1, 51072
7,51072,1,1,0, 51073
8,51076,1,1,0, 51077
24,51079,1,1,1, 51080
23,51078,3,3,1, 51081
16,51079,2,2,1, 51081
7,51082,1,1,0, 51083
8,51086,1,1,1, 51087
24,51089,1,1,1, 51090
23,51088,3,3,1, 51091
6,51090,2,2,1, 51092
7,51092,1,1,0, 51093
8,51096,1,1,0, 51097
31,51096,2,2,1, 51098
22,51096,4,4,1, 51100
24,51099,1,1,0, 51100
6,51100,2,2,1, 51102
7,51102,1,1,0, 51103
15,51101,2,4,1, 51105
8,51106,1,1,0, 51107
24,51109,1,1,0, 51110
23,51108,3,3,1, 51111
21,51107,5,5,1, 51112
14,51109,3,3,1, 51112
6,51110,2,2,1, 51112
8,51116,1,1,0, 51117
24,51119,1,1,1, 51120
16,51119,2,2,1, 51121
8,51126,1,1,1, 51127
24,51129,1,1,1, 51130
8,51136,1,1,1, 51137
24,51139,1,1,0, 51140
8,51146,1,1,0, 51147
24,51149,1,1,1, 51150
1,51156,1,1,0, 51157
8,51156,1,1,0, 51157
24,51159,1,1,1, 51160
1,51166,1,1,1, 51167
8,51166,1,1,0, 51167
24,51169,1,1,0, 51170
2,51173,2,2,1, 51175
18,51173,4,4,1, 51177
1,51176,1,1,0, 51177
8,51176,1,1,0, 51177
9,51177,2,2,1, 51179
26,51177,3,3,1, 51180
24,51179,1,1,0, 51180
16,51179,2,2,1, 51181
2,51183,2,2,1, 51185
18,51183,4,4,1, 51187
25,51185,2,2,1, 51187
1,51186,1,1,1, 51187
8,51186,1,1,0, 51187
26,51187,3,3,1, 51190
24,51189,1,1,0, 51190
17,51189,3,3,1, 51192
18,51193,4,4,1, 51197
25,51195,2,2,1, 51197
1,51196,1,1,1, 51197
8,51196,1,1,1, 51197
24,51199,1,1,0, 51200
18,51203,4,4,1, 51207
25,51205,2,2,1, 51207
1,51206,1,1,1, 51207
8,51206,1,1,1, 51207
26,51207,3,3,1, 51210
24,51209,1,1,0, 51210
16,51209,2,2,1, 51211
2,51213,2,2,1, 51215
18,51213,4,4,1, 51217
25,51215,2,2,1, 51217
1,51216,1,1,1, 51217
8,51216,1,1,0, 51217
31,51216,2,2,1, 51218
24,51219,1,1,0, 51220
23,51218,3,3,1, 51221
16,51219,2,2,1, 51221
7,51222,1,1,0, 51223
18,51223,4,4,1, 51227
25,51225,2,2,1, 51227
8,51226,1,1,1, 51227
31,51226,2,2,1, 51228
24,51229,1,1,1, 51230
7,51232,1,1,0, 51233
15,51231,2,4,1, 51235
8,51236,1,1,1, 51237
31,51236,2,2,1, 51238
24,51239,1,1,0, 51240
7,51242,1,1,0, 51243
15,51241,2,4,1, 51245
8,51246,1,1,0, 51247
31,51246,2,2,1, 51248
22,51246,4,4,1, 51250
24,51249,1,1,1, 51250
16,51249,2,2,1, 51251
14,51249,3,3,1, 51252
13,51249,4,4,1, 51253
7,51252,1,1,1, 51253
15,51251,2,4,1, 51255
8,51256,1,1,1, 51257
31,51256,2,2,1, 51258
22,51256,4,4,1, 51260
24,51259,1,1,1, 51260
14,51259,3,3,1, 51262
7,51262,1,1,0, 51263
30,51263,3,3,1, 51266
8,51266,1,1,1, 51267
24,51269,1,1,0, 51270
8,51276,1,1,0, 51277
24,51279,1,1,0, 51280
16,51279,2,2,1, 51281
8,51286,1,1,1, 51287
24,51289,1,1,0, 51290
8,51296,1,1,1, 51297
24,51299,1,1,0, 51300
16,51299,2,2,1, 51301
8,51306,1,1,0, 51307
24,51309,1,1,1, 51310
16,51309,2,2,1, 51311
8,51316,1,1,1, 51317
24,51319,1,1,1, 51320
16,51319,2,2,1, 51321
8,51326,1,1,0, 51327
24,51329,1,1,1, 51330
1,51336,1,1,0, 51337
8,51336,1,1,0, 51337
9,51337,2,2,1, 51339
24,51339,1,1,0, 51340
16,51339,2,2,1, 51341
25,51345,2,2,1, 51347
1,51346,1,1,1, 51347
8,51346,1,1,1, 51347
24,51349,1,1,0, 51350
16,51349,2,2,1, 51351
17,51349,3,3,1, 51352
18,51353,4,4,1, 51357
25,51355,2,2,1, 51357
1,51356,1,1,0, 51357
8,51356,1,1,1, 51357
9,51357,2,2,1, 51359
26,51357,3,3,1, 51360
24,51359,1,1,0, 51360
16,51359,2,2,1, 51361
2,51363,2,2,1, 51365
1,51366,1,1,0, 51367
8,51366,1,1,0, 51367
24,51369,1,1,0, 51370
16,51369,2,2,1, 51371
7,51372,1,1,0, 51373
2,51373,2,2,1, 51375
1,51376,1,1,0, 51377
8,51376,1,1,0, 51377
9,51377,2,2,1, 51379
24,51379,1,1,1, 51380
16,51379,2,2,1, 51381
17,51379,3,3,1, 51382
7,51382,1,1,1, 51383
25,51385,2,2,1, 51387
1,51386,1,1,1, 51387
8,51386,1,1,1, 51387
9,51387,2,2,1, 51389
24,51389,1,1,0, 51390
16,51389,2,2,1, 51391
17,51389,3,3,1, 51392
7,51392,1,1,1, 51393
2,51393,2,2,1, 51395
1,51396,1,1,0, 51397
8,51396,1,1,0, 51397
9,51397,2,2,1, 51399
24,51399,1,1,0, 51400
16,51399,2,2,1, 51401
7,51402,1,1,1, 51403
25,51405,2,2,1, 51407
1,51406,1,1,1, 51407
8,51406,1,1,1, 51407
11,51404,4,4,1, 51408
24,51409,1,1,1, 51410
7,51412,1,1,1, 51413
8,51416,1,1,1, 51417
24,51419,1,1,1, 51420
7,51422,1,1,1, 51423
8,51426,1,1,0, 51427
5,51427,3,3,1, 51430
24,51429,1,1,0, 51430
16,51429,2,2,1, 51431
14,51429,3,3,1, 51432
6,51430,2,2,1, 51432
7,51432,1,1,1, 51433
8,51436,1,1,1, 51437
22,51436,4,4,1, 51440
24,51439,1,1,1, 51440
29,51438,4,4,1, 51442
14,51439,3,3,1, 51442
6,51440,2,2,1, 51442
7,51442,1,1,1, 51443
30,51443,3,3,1, 51446
8,51446,1,1,1, 51447
24,51449,1,1,0, 51450
29,51448,4,4,1, 51452
14,51449,3,3,1, 51452
6,51450,2,2,1, 51452
13,51449,4,4,1, 51453
7,51452,1,1,1, 51453
8,51456,1,1,0, 51457
24,51459,1,1,0, 51460
21,51457,5,5,1, 51462
14,51459,3,3,1, 51462
6,51460,2,2,1, 51462
13,51459,4,4,1, 51463
7,51462,1,1,0, 51463
8,51466,1,1,0, 51467
5,51467,3,3,1, 51470
24,51469,1,1,0, 51470
23,51468,3,3,1, 51471
21,51467,5,5,1, 51472
14,51469,3,3,1, 51472
7,51472,1,1,1, 51473
15,51471,2,4,1, 51475
8,51476,1,1,0, 51477
24,51479,1,1,0, 51480
16,51479,2,2,1, 51481
8,51486,1,1,0, 51487
24,51489,1,1,1, 51490
8,51496,1,1,0, 51497
24,51499,1,1,1, 51500
8,51506,1,1,1, 51507
24,51509,1,1,1, 51510
8,51516,1,1,1, 51517
24,51519,1,1,1, 51520
25,51525,2,2,1, 51527
1,51526,1,1,1, 51527
8,51526,1,1,1, 51527
24,51529,1,1,0, 51530
16,51529,2,2,1, 51531
17,51529,3,3,1, 51532
25,51535,2,2,1, 51537
1,51536,1,1,0, 51537
8,51536,1,1,1, 51537
24,51539,1,1,0, 51540
17,51539,3,3,1, 51542
1,51546,1,1,1, 51547
8,51546,1,1,0, 51547
24,51549,1,1,0, 51550
16,51549,2,2,1, 51551
25,51555,2,2,1, 51557
1,51556,1,1,1, 51557
8,51556,1,1,0, 51557
9,51557,2,2,1, 51559
24,51559,1,1,0, 51560
16,51559,2,2,1, 51561
17,51559,3,3,1, 51562
25,51565,2,2,1, 51567
1,51566,1,1,1, 51567
8,51566,1,1,0, 51567
9,51567,2,2,1, 51569
24,51569,1,1,1, 51570
16,51569,2,2,1, 51571
25,51575,2,2,1, 51577
1,51576,1,1,1, 51577
8,51576,1,1,0, 51577
24,51579,1,1,1, 51580
16,51579,2,2,1, 51581
7,51582,1,1,0, 51583
1,51586,1,1,0, 51587
8,51586,1,1,0, 51587
31,51586,2,2,1, 51588
24,51589,1,1,1, 51590
6,51590,2,2,1, 51592
7,51592,1,1,1, 51593
15,51591,2,4,1, 51595
2,51593,2,2,1, 51595
30,51593,3,3,1, 51596
1,51596,1,1,0, 51597
8,51596,1,1,1, 51597
20,51593,6,6,1, 51599
28,51594,5,5,1, 51599
24,51599,1,1,1, 51600
16,51599,2,2,1, 51601
21,51597,5,5,1, 51602
6,51600,2,2,1, 51602
7,51602,1,1,0, 51603
2,51603,2,2,1, 51605
27,51602,4,4,1, 51606
18,51603,4,4,1, 51607
1,51606,1,1,0, 51607
8,51606,1,1,1, 51607
20,51603,6,6,1, 51609
28,51604,5,5,1, 51609
5,51607,3,3,1, 51610
24,51609,1,1,1, 51610
23,51608,3,3,1, 51611
16,51609,2,2,1, 51611
6,51610,2,2,1, 51612
7,51612,1,1,0, 51613
15,51611,2,4,1, 51615
30,51613,3,3,1, 51616
8,51616,1,1,1, 51617
31,51616,2,2,1, 51618
24,51619,1,1,0, 51620
21,51617,5,5,1, 51622
29,51618,4,4,1, 51622
14,51619,3,3,1, 51622
6,51620,2,2,1, 51622
8,51626,1,1,1, 51627
24,51629,1,1,0, 51630
16,51629,2,2,1, 51631
8,51636,1,1,0, 51637
24,51639,1,1,0, 51640
8,51646,1,1,1, 51647
24,51649,1,1,1, 51650
16,51649,2,2,1, 51651
8,51656,1,1,1, 51657
24,51659,1,1,1, 51660
16,51659,2,2,1, 51661
8,51666,1,1,0, 51667
8,51676,1,1,0, 51677
8,51686,1,1,1, 51687
8,51696,1,1,1, 51697
8,51706,1,1,1, 51707
25,51715,2,2,1, 51717
1,51716,1,1,1, 51717
8,51716,1,1,0, 51717
9,51717,2,2,1, 51719
1,51726,1,1,0, 51727
8,51726,1,1,0, 51727
7,51732,1,1,1, 51733
15,51731,2,4,1, 51735
1,51736,1,1,0, 51737
8,51736,1,1,1, 51737
17,51739,3,3,1, 51742
7,51742,1,1,1, 51743
15,51741,2,4,1, 51745
25,51745,2,2,1, 51747
1,51746,1,1,1, 51747
8,51746,1,1,0, 51747
23,51748,3,3,1, 51751
14,51749,3,3,1, 51752
17,51749,3,3,1, 51752
7,51752,1,1,0, 51753
15,51751,2,4,1, 51755
1,51756,1,1,1, 51757
8,51756,1,1,1, 51757
31,51756,2,2,1, 51758
23,51758,3,3,1, 51761
14,51759,3,3,1, 51762
6,51760,2,2,1, 51762
13,51759,4,4,1, 51763
7,51762,1,1,1, 51763
30,51763,3,3,1, 51766
1,51766,1,1,0, 51767
8,51766,1,1,0, 51767
9,51767,2,2,1, 51769
24,51769,1,1,1, 51770
23,51768,3,3,1, 51771
16,51769,2,2,1, 51771
21,51767,5,5,1, 51772
6,51770,2,2,1, 51772
7,51772,1,1,1, 51773
30,51773,3,3,1, 51776
25,51775,2,2,1, 51777
1,51776,1,1,1, 51777
8,51776,1,1,0, 51777
22,51776,4,4,1, 51780
24,51779,1,1,0, 51780
23,51778,3,3,1, 51781
21,51777,5,5,1, 51782
29,51778,4,4,1, 51782
17,51779,3,3,1, 51782
2,51783,2,2,1, 51785
25,51785,2,2,1, 51787
1,51786,1,1,1, 51787
8,51786,1,1,0, 51787
26,51787,3,3,1, 51790
24,51789,1,1,0, 51790
2,51793,2,2,1, 51795
18,51793,4,4,1, 51797
25,51795,2,2,1, 51797
1,51796,1,1,1, 51797
8,51796,1,1,1, 51797
4,51796,4,4,1, 51800
26,51797,3,3,1, 51800
24,51799,1,1,1, 51800
19,51796,5,5,1, 51801
8,51806,1,1,0, 51807
24,51809,1,1,1, 51810
16,51809,2,2,1, 51811
8,51816,1,1,0, 51817
24,51819,1,1,0, 51820
8,51826,1,1,0, 51827
24,51829,1,1,1, 51830
8,51836,1,1,1, 51837
24,51839,1,1,0, 51840
16,51839,2,2,1, 51841
8,51846,1,1,0, 51847
24,51849,1,1,1, 51850
16,51849,2,2,1, 51851
8,51856,1,1,1, 51857
24,51859,1,1,1, 51860
16,51859,2,2,1, 51861
8,51866,1,1,0, 51867
24,51869,1,1,0, 51870
8,51876,1,1,0, 51877
24,51879,1,1,0, 51880
8,51886,1,1,1, 51887
24,51889,1,1,0, 51890
7,51892,1,1,1, 51893
8,51896,1,1,1, 51897
24,51899,1,1,0, 51900
7,51902,1,1,1, 51903
25,51905,2,2,1, 51907
1,51906,1,1,1, 51907
8,51906,1,1,1, 51907
22,51906,4,4,1, 51910
24,51909,1,1,1, 51910
16,51909,2,2,1, 51911
17,51909,3,3,1, 51912
7,51912,1,1,1, 51913
30,51913,3,3,1, 51916
1,51916,1,1,1, 51917
8,51916,1,1,0, 51917
22,51916,4,4,1, 51920
24,51919,1,1,0, 51920
7,51922,1,1,0, 51923
30,51923,3,3,1, 51926
25,51925,2,2,1, 51927
1,51926,1,1,1, 51927
8,51926,1,1,0, 51927
22,51926,4,4,1, 51930
24,51929,1,1,0, 51930
16,51929,2,2,1, 51931
17,51929,3,3,1, 51932
7,51932,1,1,0, 51933
25,51935,2,2,1, 51937
1,51936,1,1,1, 51937
8,51936,1,1,0, 51937
9,51937,2,2,1, 51939
26,51937,3,3,1, 51940
24,51939,1,1,0, 51940
17,51939,3,3,1, 51942
7,51942,1,1,0, 51943
2,51943,2,2,1, 51945
18,51943,4,4,1, 51947
25,51945,2,2,1, 51947
1,51946,1,1,0, 51947
8,51946,1,1,0, 51947
31,51946,2,2,1, 51948
22,51946,4,4,1, 51950
3,51947,3,3,1, 51950
24,51949,1,1,0, 51950
16,51949,2,2,1, 51951
17,51949,3,3,1, 51952
7,51952,1,1,0, 51953
2,51953,2,2,1, 51955
27,51952,4,4,1, 51956
1,51956,1,1,1, 51957
8,51956,1,1,1, 51957
31,51956,2,2,1, 51958
26,51957,3,3,1, 51960
24,51959,1,1,0, 51960
23,51958,3,3,1, 51961
16,51959,2,2,1, 51961
6,51960,2,2,1, 51962
7,51962,1,1,0, 51963
2,51963,2,2,1, 51965
27,51962,4,4,1, 51966
8,51966,1,1,0, 51967
31,51966,2,2,1, 51968
5,51967,3,3,1, 51970
24,51969,1,1,1, 51970
21,51967,5,5,1, 51972
29,51968,4,4,1, 51972
7,51972,1,1,0, 51973
15,51971,2,4,1, 51975
30,51973,3,3,1, 51976
8,51976,1,1,0, 51977
22,51976,4,4,1, 51980
24,51979,1,1,0, 51980
8,51986,1,1,1, 51987
24,51989,1,1,1, 51990
8,51996,1,1,1, 51997
24,51999,1,1,0, 52000
8,52006,1,1,0, 52007
24,52009,1,1,1, 52010
8,52016,1,1,1, 52017
24,52019,1,1,0, 52020
16,52019,2,2,1, 52021
8,52026,1,1,0, 52027
24,52029,1,1,1, 52030
8,52036,1,1,0, 52037
24,52039,1,1,0, 52040
8,52046,1,1,1, 52047
24,52049,1,1,0, 52050
16,52049,2,2,1, 52051
8,52056,1,1,0, 52057
24,52059,1,1,0, 52060
16,52059,2,2,1, 52061
8,52066,1,1,0, 52067
24,52069,1,1,0, 52070
17,52069,3,3,1, 52072
1,52076,1,1,0, 52077
8,52076,1,1,0, 52077
24,52079,1,1,0, 52080
16,52079,2,2,1, 52081
7,52082,1,1,0, 52083
1,52086,1,1,1, 52087
8,52086,1,1,0, 52087
9,52087,2,2,1, 52089
24,52089,1,1,0, 52090
23,52088,3,3,1, 52091
16,52089,2,2,1, 52091
17,52089,3,3,1, 52092
7,52092,1,1,0, 52093
15,52091,2,4,1, 52095
25,52095,2,2,1, 52097
1,52096,1,1,0, 52097
8,52096,1,1,1, 52097
31,52096,2,2,1, 52098
9,52097,2,2,1, 52099
24,52099,1,1,1, 52100
16,52099,2,2,1, 52101
17,52099,3,3,1, 52102
7,52102,1,1,0, 52103
25,52105,2,2,1, 52107
1,52106,1,1,1, 52107
8,52106,1,1,1, 52107
31,52106,2,2,1, 52108
9,52107,2,2,1, 52109
24,52109,1,1,1, 52110
17,52109,3,3,1, 52112
7,52112,1,1,1, 52113
15,52111,2,4,1, 52115
18,52113,4,4,1, 52117
1,52116,1,1,1, 52117
8,52116,1,1,0, 52117
31,52116,2,2,1, 52118
9,52117,2,2,1, 52119
5,52117,3,3,1, 52120
26,52117,3,3,1, 52120
24,52119,1,1,0, 52120
16,52119,2,2,1, 52121
21,52117,5,5,1, 52122
29,52118,4,4,1, 52122
6,52120,2,2,1, 52122
7,52122,1,1,0, 52123
15,52121,2,4,1, 52125
2,52123,2,2,1, 52125
27,52122,4,4,1, 52126
18,52123,4,4,1, 52127
1,52126,1,1,0, 52127
8,52126,1,1,0, 52127
31,52126,2,2,1, 52128
3,52127,3,3,1, 52130
26,52127,3,3,1, 52130
24,52129,1,1,1, 52130
16,52129,2,2,1, 52131
29,52128,4,4,1, 52132
7,52132,1,1,1, 52133
15,52131,2,4,1, 52135
8,52136,1,1,0, 52137
24,52139,1,1,1, 52140
16,52139,2,2,1, 52141
14,52139,3,3,1, 52142
7,52142,1,1,0, 52143
8,52146,1,1,1, 52147
31,52146,2,2,1, 52148
24,52149,1,1,0, 52150
16,52149,2,2,1, 52151
8,52156,1,1,1, 52157
24,52159,1,1,0, 52160
8,52166,1,1,0, 52167
24,52169,1,1,0, 52170
8,52176,1,1,0, 52177
24,52179,1,1,1, 52180
16,52179,2,2,1, 52181
8,52186,1,1,1, 52187
24,52189,1,1,0, 52190
16,52189,2,2,1, 52191
8,52196,1,1,0, 52197
24,52199,1,1,0, 52200
16,52199,2,2,1, 52201
8,52206,1,1,0, 52207
24,52209,1,1,0, 52210
8,52216,1,1,0, 52217
24,52219,1,1,1, 52220
16,52219,2,2,1, 52221
8,52226,1,1,1, 52227
24,52229,1,1,0, 52230
1,52236,1,1,0, 52237
8,52236,1,1,0, 52237
24,52239,1,1,1, 52240
16,52239,2,2,1, 52241
1,52246,1,1,1, 52247
8,52246,1,1,1, 52247
24,52249,1,1,0, 52250
7,52252,1,1,1, 52253
15,52251,2,4,1, 52255
25,52255,2,2,1, 52257
1,52256,1,1,0, 52257
8,52256,1,1,1, 52257
24,52259,1,1,1, 52260
16,52259,2,2,1, 52261
17,52259,3,3,1, 52262
7,52262,1,1,1, 52263
25,52265,2,2,1, 52267
1,52266,1,1,1, 52267
8,52266,1,1,0, 52267
31,52266,2,2,1, 52268
24,52269,1,1,1, 52270
16,52269,2,2,1, 52271
17,52269,3,3,1, 52272
7,52272,1,1,1, 52273
15,52271,2,4,1, 52275
1,52276,1,1,1, 52277
8,52276,1,1,1, 52277
31,52276,2,2,1, 52278
26,52277,3,3,1, 52280
24,52279,1,1,0, 52280
16,52279,2,2,1, 52281
7,52282,1,1,0, 52283
18,52283,4,4,1, 52287
25,52285,2,2,1, 52287
1,52286,1,1,0, 52287
8,52286,1,1,1, 52287
31,52286,2,2,1, 52288
9,52287,2,2,1, 52289
24,52289,1,1,0, 52290
17,52289,3,3,1, 52292
7,52292,1,1,0, 52293
18,52293,4,4,1, 52297
25,52295,2,2,1, 52297
1,52296,1,1,1, 52297
8,52296,1,1,1, 52297
31,52296,2,2,1, 52298
9,52297,2,2,1, 52299
26,52297,3,3,1, 52300
24,52299,1,1,1, 52300
23,52298,3,3,1, 52301
16,52299,2,2,1, 52301
17,52299,3,3,1, 52302
7,52302,1,1,1, 52303
2,52303,2,2,1, 52305
18,52303,4,4,1, 52307
1,52306,1,1,1, 52307
8,52306,1,1,0, 52307
31,52306,2,2,1, 52308
22,52306,4,4,1, 52310
24,52309,1,1,1, 52310
23,52308,3,3,1, 52311
17,52309,3,3,1, 52312
6,52310,2,2,1, 52312
7,52312,1,1,1, 52313
15,52311,2,4,1, 52315
30,52313,3,3,1, 52316
1,52316,1,1,0, 52317
8,52316,1,1,0, 52317
31,52316,2,2,1, 52318
9,52317,2,2,1, 52319
22,52316,4,4,1, 52320
26,52317,3,3,1, 52320
24,52319,1,1,0, 52320
16,52319,2,2,1, 52321
21,52317,5,5,1, 52322
14,52319,3,3,1, 52322
6,52320,2,2,1, 52322
8,52326,1,1,1, 52327
24,52329,1,1,0, 52330
16,52329,2,2,1, 52331
8,52336,1,1,0, 52337
24,52339,1,1,0, 52340
16,52339,2,2,1, 52341
8,52346,1,1,0, 52347
24,52349,1,1,1, 52350
16,52349,2,2,1, 52351
8,52356,1,1,1, 52357
24,52359,1,1,0, 52360
8,52366,1,1,1, 52367
24,52369,1,1,1, 52370
16,52369,2,2,1, 52371
8,52376,1,1,1, 52377
24,52379,1,1,0, 52380
8,52386,1,1,0, 52387
24,52389,1,1,0, 52390
16,52389,2,2,1, 52391
8,52396,1,1,0, 52397
24,52399,1,1,0, 52400
16,52399,2,2,1, 52401
8,52406,1,1,0, 52407
24,52409,1,1,1, 52410
8,52416,1,1,0, 52417
24,52419,1,1,1, 52420
16,52419,2,2,1, 52421
1,52426,1,1,1, 52427
8,52426,1,1,0, 52427
9,52427,2,2,1, 52429
24,52429,1,1,0, 52430
16,52429,2,2,1, 52431
7,52432,1,1,1, 52433
25,52435,2,2,1, 52437
1,52436,1,1,0, 52437
8,52436,1,1,1, 52437
9,52437,2,2,1, 52439
24,52439,1,1,0, 52440
16,52439,2,2,1, 52441
7,52442,1,1,0, 52443
25,52445,2,2,1, 52447
1,52446,1,1,0, 52447
8,52446,1,1,1, 52447
24,52449,1,1,0, 52450
7,52452,1,1,0, 52453
27,52452,4,4,1, 52456
25,52455,2,2,1, 52457
1,52456,1,1,0, 52457
8,52456,1,1,1, 52457
20,52453,6,6,1, 52459
9,52457,2,2,1, 52459
26,52457,3,3,1, 52460
24,52459,1,1,1, 52460
17,52459,3,3,1, 52462
7,52462,1,1,1, 52463
2,52463,2,2,1, 52465
18,52463,4,4,1, 52467
1,52466,1,1,1, 52467
8,52466,1,1,0, 52467
9,52467,2,2,1, 52469
22,52466,4,4,1, 52470
24,52469,1,1,1, 52470
16,52469,2,2,1, 52471
14,52469,3,3,1, 52472
17,52469,3,3,1, 52472
7,52472,1,1,1, 52473
30,52473,3,3,1, 52476
25,52475,2,2,1, 52477
1,52476,1,1,1, 52477
8,52476,1,1,1, 52477
22,52476,4,4,1, 52480
26,52477,3,3,1, 52480
24,52479,1,1,1, 52480
17,52479,3,3,1, 52482
6,52480,2,2,1, 52482
13,52479,4,4,1, 52483
7,52482,1,1,0, 52483
30,52483,3,3,1, 52486
8,52486,1,1,0, 52487
31,52486,2,2,1, 52488
5,52487,3,3,1, 52490
24,52489,1,1,0, 52490
23,52488,3,3,1, 52491
21,52487,5,5,1, 52492
29,52488,4,4,1, 52492
6,52490,2,2,1, 52492
13,52489,4,4,1, 52493
7,52492,1,1,0, 52493
8,52496,1,1,1, 52497
24,52499,1,1,0, 52500
23,52498,3,3,1, 52501
21,52497,5,5,1, 52502
6,52500,2,2,1, 52502
8,52506,1,1,1, 52507
24,52509,1,1,1, 52510
16,52509,2,2,1, 52511
8,52516,1,1,0, 52517
24,52519,1,1,0, 52520
8,52526,1,1,1, 52527
24,52529,1,1,1, 52530
16,52529,2,2,1, 52531
8,52536,1,1,1, 52537
24,52539,1,1,1, 52540
16,52539,2,2,1, 52541
8,52546,1,1,1, 52547
24,52549,1,1,1, 52550
16,52549,2,2,1, 52551
8,52556,1,1,0, 52557
24,52559,1,1,1, 52560
8,52566,1,1,1, 52567
24,52569,1,1,1, 52570
16,52569,2,2,1, 52571
8,52576,1,1,0, 52577
24,52579,1,1,1, 52580
1,52586,1,1,0, 52587
8,52586,1,1,1, 52587
11,52584,4,4,1, 52588
24,52589,1,1,0, 52590
2,52593,2,2,1, 52595
25,52595,2,2,1, 52597
1,52596,1,1,1, 52597
8,52596,1,1,1, 52597
11,52594,4,4,1, 52598
9,52597,2,2,1, 52599
24,52599,1,1,0, 52600
17,52599,3,3,1, 52602
25,52605,2,2,1, 52607
1,52606,1,1,1, 52607
8,52606,1,1,0, 52607
11,52604,4,4,1, 52608
9,52607,2,2,1, 52609
3,52607,3,3,1, 52610
26,52607,3,3,1, 52610
24,52609,1,1,0, 52610
16,52609,2,2,1, 52611
7,52612,1,1,1, 52613
2,52613,2,2,1, 52615
25,52615,2,2,1, 52617
1,52616,1,1,0, 52617
8,52616,1,1,0, 52617
31,52616,2,2,1, 52618
22,52616,4,4,1, 52620
26,52617,3,3,1, 52620
24,52619,1,1,1, 52620
16,52619,2,2,1, 52621
29,52618,4,4,1, 52622
13,52619,4,4,1, 52623
7,52622,1,1,0, 52623
30,52623,3,3,1, 52626
1,52626,1,1,1, 52627
8,52626,1,1,0, 52627
9,52627,2,2,1, 52629
6,52630,2,2,1, 52632
7,52632,1,1,1, 52633
1,52636,1,1,0, 52637
8,52636,1,1,1, 52637
9,52637,2,2,1, 52639
22,52636,4,4,1, 52640
6,52640,2,2,1, 52642
13,52639,4,4,1, 52643
7,52642,1,1,1, 52643
8,52646,1,1,0, 52647
31,52646,2,2,1, 52648
6,52650,2,2,1, 52652
13,52649,4,4,1, 52653
7,52652,1,1,0, 52653
8,52656,1,1,0, 52657
7,52662,1,1,1, 52663
8,52666,1,1,1, 52667
31,52666,2,2,1, 52668
22,52666,4,4,1, 52670
23,52668,3,3,1, 52671
14,52669,3,3,1, 52672
6,52670,2,2,1, 52672
7,52672,1,1,0, 52673
30,52673,3,3,1, 52676
8,52676,1,1,0, 52677
8,52686,1,1,1, 52687
8,52696,1,1,0, 52697
8,52706,1,1,1, 52707
8,52716,1,1,0, 52717
8,52726,1,1,0, 52727
24,52729,1,1,0, 52730
8,52736,1,1,1, 52737
24,52739,1,1,0, 52740
2,52743,2,2,1, 52745
18,52743,4,4,1, 52747
25,52745,2,2,1, 52747
1,52746,1,1,1, 52747
8,52746,1,1,1, 52747
3,52747,3,3,1, 52750
26,52747,3,3,1, 52750
24,52749,1,1,0, 52750
19,52746,5,5,1, 52751
2,52753,2,2,1, 52755
1,52756,1,1,1, 52757
8,52756,1,1,0, 52757
4,52756,4,4,1, 52760
3,52757,3,3,1, 52760
26,52757,3,3,1, 52760
24,52759,1,1,1, 52760
2,52763,2,2,1, 52765
18,52763,4,4,1, 52767
1,52766,1,1,0, 52767
8,52766,1,1,1, 52767
11,52764,4,4,1, 52768
28,52764,5,5,1, 52769
3,52767,3,3,1, 52770
26,52767,3,3,1, 52770
24,52769,1,1,0, 52770
8,52776,1,1,0, 52777
24,52779,1,1,1, 52780
16,52779,2,2,1, 52781
7,52782,1,1,0, 52783
8,52786,1,1,0, 52787
31,52786,2,2,1, 52788
24,52789,1,1,1, 52790
23,52788,3,3,1, 52791
7,52792,1,1,1, 52793
15,52791,2,4,1, 52795
8,52796,1,1,1, 52797
31,52796,2,2,1, 52798
24,52799,1,1,0, 52800
23,52798,3,3,1, 52801
16,52799,2,2,1, 52801
7,52802,1,1,1, 52803
8,52806,1,1,1, 52807
31,52806,2,2,1, 52808
24,52809,1,1,0, 52810
23,52808,3,3,1, 52811
7,52812,1,1,0, 52813
15,52811,2,4,1, 52815
8,52816,1,1,0, 52817
31,52816,2,2,1, 52818
24,52819,1,1,1, 52820
23,52818,3,3,1, 52821
16,52819,2,2,1, 52821
7,52822,1,1,0, 52823
15,52821,2,4,1, 52825
8,52826,1,1,1, 52827
24,52829,1,1,1, 52830
16,52829,2,2,1, 52831
7,52832,1,1,1, 52833
8,52836,1,1,1, 52837
24,52839,1,1,1, 52840
23,52838,3,3,1, 52841
7,52842,1,1,1, 52843
15,52841,2,4,1, 52845
8,52846,1,1,1, 52847
22,52846,4,4,1, 52850
24,52849,1,1,0, 52850
7,52852,1,1,0, 52853
8,52856,1,1,1, 52857
22,52856,4,4,1, 52860
5,52857,3,3,1, 52860
24,52859,1,1,0, 52860
23,52858,3,3,1, 52861
8,52866,1,1,0, 52867
24,52869,1,1,0, 52870
16,52869,2,2,1, 52871
25,52875,2,2,1, 52877
1,52876,1,1,1, 52877
8,52876,1,1,0, 52877
24,52879,1,1,0, 52880
17,52879,3,3,1, 52882
1,52886,1,1,0, 52887
8,52886,1,1,1, 52887
9,52887,2,2,1, 52889
24,52889,1,1,1, 52890
1,52896,1,1,0, 52897
8,52896,1,1,0, 52897
24,52899,1,1,0, 52900
2,52903,2,2,1, 52905
1,52906,1,1,0, 52907
8,52906,1,1,0, 52907
26,52907,3,3,1, 52910
24,52909,1,1,0, 52910
16,52909,2,2,1, 52911
25,52915,2,2,1, 52917
1,52916,1,1,0, 52917
8,52916,1,1,0, 52917
24,52919,1,1,1, 52920
16,52919,2,2,1, 52921
17,52919,3,3,1, 52922
2,52923,2,2,1, 52925
27,52922,4,4,1, 52926
1,52926,1,1,1, 52927
8,52926,1,1,0, 52927
9,52927,2,2,1, 52929
24,52929,1,1,1, 52930
19,52926,5,5,1, 52931
2,52933,2,2,1, 52935
27,52932,4,4,1, 52936
18,52933,4,4,1, 52937
1,52936,1,1,1, 52937
8,52936,1,1,1, 52937
3,52937,3,3,1, 52940
26,52937,3,3,1, 52940
24,52939,1,1,0, 52940
17,52939,3,3,1, 52942
8,52946,1,1,0, 52947
24,52949,1,1,1, 52950
8,52956,1,1,1, 52957
24,52959,1,1,1, 52960
15,52961,2,4,1, 52965
8,52966,1,1,0, 52967
24,52969,1,1,0, 52970
16,52969,2,2,1, 52971
7,52972,1,1,1, 52973
8,52976,1,1,1, 52977
24,52979,1,1,1, 52980
7,52982,1,1,1, 52983
15,52981,2,4,1, 52985
8,52986,1,1,0, 52987
24,52989,1,1,0, 52990
16,52989,2,2,1, 52991
7,52992,1,1,1, 52993
8,52996,1,1,0, 52997
31,52996,2,2,1, 52998
24,52999,1,1,1, 53000
23,52998,3,3,1, 53001
7,53002,1,1,0, 53003
15,53001,2,4,1, 53005
8,53006,1,1,0, 53007
24,53009,1,1,0, 53010
16,53009,2,2,1, 53011
7,53012,1,1,1, 53013
15,53011,2,4,1, 53015
8,53016,1,1,0, 53017
24,53019,1,1,0, 53020
7,53022,1,1,0, 53023
15,53021,2,4,1, 53025
8,53026,1,1,0, 53027
31,53026,2,2,1, 53028
24,53029,1,1,0, 53030
14,53029,3,3,1, 53032
6,53030,2,2,1, 53032
7,53032,1,1,1, 53033
15,53031,2,4,1, 53035
30,53033,3,3,1, 53036
8,53036,1,1,0, 53037
31,53036,2,2,1, 53038
5,53037,3,3,1, 53040
24,53039,1,1,0, 53040
23,53038,3,3,1, 53041
21,53037,5,5,1, 53042
6,53040,2,2,1, 53042
25,53045,2,2,1, 53047
1,53046,1,1,1, 53047
8,53046,1,1,1, 53047
9,53047,2,2,1, 53049
24,53049,1,1,0, 53050
16,53049,2,2,1, 53051
25,53055,2,2,1, 53057
1,53056,1,1,0, 53057
8,53056,1,1,0, 53057
9,53057,2,2,1, 53059
24,53059,1,1,1, 53060
16,53059,2,2,1, 53061
25,53065,2,2,1, 53067
1,53066,1,1,0, 53067
8,53066,1,1,1, 53067
9,53067,2,2,1, 53069
24,53069,1,1,1, 53070
1,53076,1,1,0, 53077
8,53076,1,1,1, 53077
9,53077,2,2,1, 53079
24,53079,1,1,1, 53080
17,53079,3,3,1, 53082
2,53083,2,2,1, 53085
18,53083,4,4,1, 53087
25,53085,2,2,1, 53087
1,53086,1,1,0, 53087
8,53086,1,1,0, 53087
9,53087,2,2,1, 53089
24,53089,1,1,1, 53090
2,53093,2,2,1, 53095
25,53095,2,2,1, 53097
1,53096,1,1,1, 53097
8,53096,1,1,0, 53097
9,53097,2,2,1, 53099
26,53097,3,3,1, 53100
24,53099,1,1,0, 53100
16,53099,2,2,1, 53101
8,53106,1,1,1, 53107
24,53109,1,1,0, 53110
16,53109,2,2,1, 53111
8,53116,1,1,1, 53117
24,53119,1,1,0, 53120
8,53126,1,1,1, 53127
24,53129,1,1,0, 53130
8,53136,1,1,1, 53137
24,53139,1,1,1, 53140
8,53146,1,1,1, 53147
24,53149,1,1,1, 53150
16,53149,2,2,1, 53151
7,53152,1,1,0, 53153
8,53156,1,1,1, 53157
31,53156,2,2,1, 53158
24,53159,1,1,1, 53160
7,53162,1,1,1, 53163
8,53166,1,1,0, 53167
31,53166,2,2,1, 53168
24,53169,1,1,0, 53170
7,53172,1,1,0, 53173
15,53171,2,4,1, 53175
8,53176,1,1,1, 53177
24,53179,1,1,0, 53180
7,53182,1,1,0, 53183
8,53186,1,1,1, 53187
31,53186,2,2,1, 53188
24,53189,1,1,1, 53190
16,53189,2,2,1, 53191
13,53189,4,4,1, 53193
7,53192,1,1,0, 53193
8,53196,1,1,0, 53197
31,53196,2,2,1, 53198
24,53199,1,1,1, 53200
23,53198,3,3,1, 53201
16,53199,2,2,1, 53201
7,53202,1,1,1, 53203
30,53203,3,3,1, 53206
1,53206,1,1,1, 53207
8,53206,1,1,0, 53207
31,53206,2,2,1, 53208
9,53207,2,2,1, 53209
5,53207,3,3,1, 53210
24,53209,1,1,0, 53210
14,53209,3,3,1, 53212
6,53210,2,2,1, 53212
7,53212,1,1,0, 53213
15,53211,2,4,1, 53215
1,53216,1,1,1, 53217
8,53216,1,1,0, 53217
5,53217,3,3,1, 53220
24,53219,1,1,1, 53220
23,53218,3,3,1, 53221
21,53217,5,5,1, 53222
29,53218,4,4,1, 53222
17,53219,3,3,1, 53222
1,53226,1,1,1, 53227
8,53226,1,1,1, 53227
9,53227,2,2,1, 53229
24,53229,1,1,0, 53230
16,53229,2,2,1, 53231
17,53229,3,3,1, 53232
25,53235,2,2,1, 53237
1,53236,1,1,1, 53237
8,53236,1,1,1, 53237
9,53237,2,2,1, 53239
24,53239,1,1,0, 53240
25,53245,2,2,1, 53247
1,53246,1,1,0, 53247
8,53246,1,1,1, 53247
24,53249,1,1,0, 53250
16,53249,2,2,1, 53251
17,53249,3,3,1, 53252
1,53256,1,1,1, 53257
8,53256,1,1,1, 53257
9,53257,2,2,1, 53259
24,53259,1,1,1, 53260
16,53259,2,2,1, 53261
17,53259,3,3,1, 53262
18,53263,4,4,1, 53267
1,53266,1,1,0, 53267
8,53266,1,1,0, 53267
24,53269,1,1,0, 53270
18,53273,4,4,1, 53277
1,53276,1,1,1, 53277
8,53276,1,1,1, 53277
26,53277,3,3,1, 53280
24,53279,1,1,0, 53280
16,53279,2,2,1, 53281
2,53283,2,2,1, 53285
18,53283,4,4,1, 53287
25,53285,2,2,1, 53287
1,53286,1,1,1, 53287
8,53286,1,1,1, 53287
9,53287,2,2,1, 53289
24,53289,1,1,1, 53290
8,53296,1,1,0, 53297
24,53299,1,1,0, 53300
16,53299,2,2,1, 53301
8,53306,1,1,0, 53307
24,53309,1,1,0, 53310
16,53309,2,2,1, 53311
8,53316,1,1,1, 53317
24,53319,1,1,0, 53320
8,53326,1,1,1, 53327
31,53326,2,2,1, 53328
24,53329,1,1,0, 53330
23,53328,3,3,1, 53331
7,53332,1,1,0, 53333
8,53336,1,1,0, 53337
31,53336,2,2,1, 53338
24,53339,1,1,0, 53340
7,53342,1,1,1, 53343
15,53341,2,4,1, 53345
8,53346,1,1,1, 53347
24,53349,1,1,0, 53350
23,53348,3,3,1, 53351
7,53352,1,1,1, 53353
8,53356,1,1,1, 53357
31,53356,2,2,1, 53358
24,53359,1,1,1, 53360
16,53359,2,2,1, 53361
7,53362,1,1,0, 53363
8,53366,1,1,0, 53367
24,53369,1,1,0, 53370
21,53367,5,5,1, 53372
14,53369,3,3,1, 53372
6,53370,2,2,1, 53372
7,53372,1,1,0, 53373
15,53371,2,4,1, 53375
8,53376,1,1,0, 53377
5,53377,3,3,1, 53380
24,53379,1,1,0, 53380
21,53377,5,5,1, 53382
14,53379,3,3,1, 53382
6,53380,2,2,1, 53382
7,53382,1,1,0, 53383
8,53386,1,1,0, 53387
31,53386,2,2,1, 53388
22,53386,4,4,1, 53390
24,53389,1,1,0, 53390
23,53388,3,3,1, 53391
21,53387,5,5,1, 53392
25,53395,2,2,1, 53397
1,53396,1,1,1, 53397
8,53396,1,1,0, 53397
24,53399,1,1,1, 53400
1,53406,1,1,0, 53407
8,53406,1,1,1, 53407
9,53407,2,2,1, 53409
24,53409,1,1,0, 53410
16,53409,2,2,1, 53411
25,53415,2,2,1, 53417
1,53416,1,1,1, 53417
8,53416,1,1,0, 53417
24,53419,1,1,0, 53420
1,53426,1,1,0, 53427
8,53426,1,1,1, 53427
9,53427,2,2,1, 53429
24,53429,1,1,1, 53430
1,53436,1,1,0, 53437
8,53436,1,1,1, 53437
9,53437,2,2,1, 53439
24,53439,1,1,0, 53440
25,53445,2,2,1, 53447
1,53446,1,1,0, 53447
8,53446,1,1,1, 53447
24,53449,1,1,0, 53450
16,53449,2,2,1, 53451
2,53453,2,2,1, 53455
1,53456,1,1,1, 53457
8,53456,1,1,1, 53457
9,53457,2,2,1, 53459
24,53459,1,1,1, 53460
16,53459,2,2,1, 53461
1,53466,1,1,0, 53467
8,53466,1,1,1, 53467
11,53464,4,4,1, 53468
9,53467,2,2,1, 53469
3,53467,3,3,1, 53470
24,53469,1,1,1, 53470
19,53466,5,5,1, 53471
17,53469,3,3,1, 53472
25,53475,2,2,1, 53477
1,53476,1,1,1, 53477
8,53476,1,1,0, 53477
9,53477,2,2,1, 53479
3,53477,3,3,1, 53480
24,53479,1,1,0, 53480
8,53486,1,1,1, 53487
24,53489,1,1,0, 53490
8,53496,1,1,0, 53497
24,53499,1,1,1, 53500
7,53502,1,1,1, 53503
8,53506,1,1,0, 53507
24,53509,1,1,1, 53510
16,53509,2,2,1, 53511
7,53512,1,1,0, 53513
8,53516,1,1,0, 53517
31,53516,2,2,1, 53518
24,53519,1,1,0, 53520
16,53519,2,2,1, 53521
7,53522,1,1,1, 53523
8,53526,1,1,0, 53527
31,53526,2,2,1, 53528
24,53529,1,1,1, 53530
23,53528,3,3,1, 53531
16,53529,2,2,1, 53531
7,53532,1,1,1, 53533
8,53536,1,1,1, 53537
24,53539,1,1,0, 53540
7,53542,1,1,0, 53543
15,53541,2,4,1, 53545
8,53546,1,1,0, 53547
24,53549,1,1,1, 53550
16,53549,2,2,1, 53551
7,53552,1,1,1, 53553
8,53556,1,1,1, 53557
24,53559,1,1,1, 53560
7,53562,1,1,0, 53563
15,53561,2,4,1, 53565
30,53563,3,3,1, 53566
8,53566,1,1,1, 53567
31,53566,2,2,1, 53568
22,53566,4,4,1, 53570
24,53569,1,1,0, 53570
23,53568,3,3,1, 53571
14,53569,3,3,1, 53572
6,53570,2,2,1, 53572
7,53572,1,1,1, 53573
8,53576,1,1,0, 53577
5,53577,3,3,1, 53580
24,53579,1,1,1, 53580
23,53578,3,3,1, 53581
16,53579,2,2,1, 53581
21,53577,5,5,1, 53582
29,53578,4,4,1, 53582
14,53579,3,3,1, 53582
6,53580,2,2,1, 53582
1,53586,1,1,0, 53587
8,53586,1,1,0, 53587
24,53589,1,1,1, 53590
17,53589,3,3,1, 53592
25,53595,2,2,1, 53597
1,53596,1,1,0, 53597
8,53596,1,1,0, 53597
24,53599,1,1,1, 53600
17,53599,3,3,1, 53602
25,53605,2,2,1, 53607
1,53606,1,1,0, 53607
8,53606,1,1,0, 53607
24,53609,1,1,1, 53610
16,53609,2,2,1, 53611
25,53615,2,2,1, 53617
1,53616,1,1,1, 53617
8,53616,1,1,1, 53617
24,53619,1,1,1, 53620
17,53619,3,3,1, 53622
25,53625,2,2,1, 53627
1,53626,1,1,1, 53627
8,53626,1,1,0, 53627
24,53629,1,1,0, 53630
16,53629,2,2,1, 53631
17,53629,3,3,1, 53632
2,53633,2,2,1, 53635
25,53635,2,2,1, 53637
1,53636,1,1,1, 53637
8,53636,1,1,1, 53637
9,53637,2,2,1, 53639
24,53639,1,1,0, 53640
16,53639,2,2,1, 53641
17,53639,3,3,1, 53642
1,53646,1,1,0, 53647
8,53646,1,1,1, 53647
26,53647,3,3,1, 53650
24,53649,1,1,1, 53650
16,53649,2,2,1, 53651
18,53653,4,4,1, 53657
25,53655,2,2,1, 53657
1,53656,1,1,0, 53657
8,53656,1,1,1, 53657
24,53659,1,1,1, 53660
16,53659,2,2,1, 53661
18,53663,4,4,1, 53667
25,53665,2,2,1, 53667
1,53666,1,1,1, 53667
8,53666,1,1,0, 53667
26,53667,3,3,1, 53670
24,53669,1,1,1, 53670
25,53675,2,2,1, 53677
1,53676,1,1,1, 53677
8,53676,1,1,1, 53677
24,53679,1,1,0, 53680
2,53683,2,2,1, 53685
25,53685,2,2,1, 53687
1,53686,1,1,1, 53687
8,53686,1,1,1, 53687
24,53689,1,1,0, 53690
7,53692,1,1,1, 53693
1,53696,1,1,0, 53697
8,53696,1,1,1, 53697
24,53699,1,1,0, 53700
23,53698,3,3,1, 53701
7,53702,1,1,0, 53703
8,53706,1,1,1, 53707
24,53709,1,1,0, 53710
7,53712,1,1,0, 53713
8,53716,1,1,1, 53717
24,53719,1,1,1, 53720
16,53719,2,2,1, 53721
6,53720,2,2,1, 53722
13,53719,4,4,1, 53723
7,53722,1,1,1, 53723
8,53726,1,1,1, 53727
24,53729,1,1,0, 53730
16,53729,2,2,1, 53731
7,53732,1,1,0, 53733
8,53736,1,1,0, 53737
24,53739,1,1,0, 53740
14,53739,3,3,1, 53742
6,53740,2,2,1, 53742
13,53739,4,4,1, 53743
7,53742,1,1,0, 53743
8,53746,1,1,1, 53747
24,53749,1,1,0, 53750
14,53749,3,3,1, 53752
6,53750,2,2,1, 53752
7,53752,1,1,1, 53753
8,53756,1,1,1, 53757
24,53759,1,1,1, 53760
16,53759,2,2,1, 53761
7,53762,1,1,1, 53763
8,53766,1,1,1, 53767
31,53766,2,2,1, 53768
24,53769,1,1,1, 53770
16,53769,2,2,1, 53771
6,53770,2,2,1, 53772
7,53772,1,1,0, 53773
8,53776,1,1,0, 53777
24,53779,1,1,1, 53780
16,53779,2,2,1, 53781
7,53782,1,1,1, 53783
8,53786,1,1,1, 53787
31,53786,2,2,1, 53788
24,53789,1,1,0, 53790
7,53792,1,1,0, 53793
8,53796,1,1,1, 53797
24,53799,1,1,1, 53800
16,53799,2,2,1, 53801
7,53802,1,1,0, 53803
30,53803,3,3,1, 53806
25,53805,2,2,1, 53807
1,53806,1,1,1, 53807
8,53806,1,1,0, 53807
31,53806,2,2,1, 53808
5,53807,3,3,1, 53810
24,53809,1,1,1, 53810
23,53808,3,3,1, 53811
16,53809,2,2,1, 53811
21,53807,5,5,1, 53812
6,53810,2,2,1, 53812
7,53812,1,1,1, 53813
1,53816,1,1,1, 53817
8,53816,1,1,0, 53817
31,53816,2,2,1, 53818
22,53816,4,4,1, 53820
5,53817,3,3,1, 53820
24,53819,1,1,1, 53820
16,53819,2,2,1, 53821
21,53817,5,5,1, 53822
17,53819,3,3,1, 53822
1,53826,1,1,1, 53827
8,53826,1,1,0, 53827
9,53827,2,2,1, 53829
24,53829,1,1,0, 53830
17,53829,3,3,1, 53832
25,53835,2,2,1, 53837
1,53836,1,1,1, 53837
8,53836,1,1,1, 53837
24,53839,1,1,1, 53840
16,53839,2,2,1, 53841
17,53839,3,3,1, 53842
18,53843,4,4,1, 53847
1,53846,1,1,0, 53847
8,53846,1,1,1, 53847
24,53849,1,1,0, 53850
16,53849,2,2,1, 53851
17,53849,3,3,1, 53852
25,53855,2,2,1, 53857
1,53856,1,1,1, 53857
8,53856,1,1,0, 53857
26,53857,3,3,1, 53860
24,53859,1,1,0, 53860
17,53859,3,3,1, 53862
25,53865,2,2,1, 53867
1,53866,1,1,0, 53867
8,53866,1,1,0, 53867
9,53867,2,2,1, 53869
24,53869,1,1,1, 53870
17,53869,3,3,1, 53872
2,53873,2,2,1, 53875
18,53873,4,4,1, 53877
25,53875,2,2,1, 53877
1,53876,1,1,0, 53877
8,53876,1,1,1, 53877
24,53879,1,1,1, 53880
17,53879,3,3,1, 53882
8,53886,1,1,0, 53887
24,53889,1,1,0, 53890
8,53896,1,1,0, 53897
24,53899,1,1,0, 53900
16,53899,2,2,1, 53901
8,53906,1,1,1, 53907
24,53909,1,1,1, 53910
16,53909,2,2,1, 53911
8,53916,1,1,1, 53917
24,53919,1,1,0, 53920
8,53926,1,1,1, 53927
24,53929,1,1,0, 53930
7,53932,1,1,0, 53933
8,53936,1,1,0, 53937
24,53939,1,1,0, 53940
7,53942,1,1,1, 53943
8,53946,1,1,0, 53947
24,53949,1,1,1, 53950
16,53949,2,2,1, 53951
7,53952,1,1,1, 53953
8,53956,1,1,0, 53957
24,53959,1,1,1, 53960
16,53959,2,2,1, 53961
7,53962,1,1,1, 53963
8,53966,1,1,1, 53967
24,53969,1,1,0, 53970
7,53972,1,1,0, 53973
8,53976,1,1,1, 53977
24,53979,1,1,1, 53980
16,53979,2,2,1, 53981
7,53982,1,1,1, 53983
1,53986,1,1,0, 53987
8,53986,1,1,1, 53987
24,53989,1,1,1, 53990
16,53989,2,2,1, 53991
21,53987,5,5,1, 53992
6,53990,2,2,1, 53992
7,53992,1,1,0, 53993
1,53996,1,1,0, 53997
8,53996,1,1,0, 53997
5,53997,3,3,1, 54000
24,53999,1,1,1, 54000
16,53999,2,2,1, 54001
29,53998,4,4,1, 54002
17,53999,3,3,1, 54002
7,54002,1,1,0, 54003
1,54006,1,1,0, 54007
8,54006,1,1,0, 54007
9,54007,2,2,1, 54009
24,54009,1,1,1, 54010
16,54009,2,2,1, 54011
17,54009,3,3,1, 54012
6,54010,2,2,1, 54012
7,54012,1,1,1, 54013
30,54013,3,3,1, 54016
25,54015,2,2,1, 54017
1,54016,1,1,0, 54017
8,54016,1,1,1, 54017
9,54017,2,2,1, 54019
22,54016,4,4,1, 54020
24,54019,1,1,0, 54020
21,54017,5,5,1, 54022
14,54019,3,3,1, 54022
17,54019,3,3,1, 54022
6,54020,2,2,1, 54022
13,54019,4,4,1, 54023
7,54022,1,1,1, 54023
25,54025,2,2,1, 54027
1,54026,1,1,0, 54027
8,54026,1,1,0, 54027
9,54027,2,2,1, 54029
22,54026,4,4,1, 54030
24,54029,1,1,1, 54030
21,54027,5,5,1, 54032
14,54029,3,3,1, 54032
7,54032,1,1,0, 54033
30,54033,3,3,1, 54036
25,54035,2,2,1, 54037
1,54036,1,1,1, 54037
8,54036,1,1,0, 54037
24,54039,1,1,0, 54040
16,54039,2,2,1, 54041
21,54037,5,5,1, 54042
6,54040,2,2,1, 54042
13,54039,4,4,1, 54043
7,54042,1,1,1, 54043
30,54043,3,3,1, 54046
25,54045,2,2,1, 54047
1,54046,1,1,1, 54047
8,54046,1,1,0, 54047
31,54046,2,2,1, 54048
9,54047,2,2,1, 54049
24,54049,1,1,1, 54050
2,54053,2,2,1, 54055
1,54056,1,1,1, 54057
8,54056,1,1,1, 54057
24,54059,1,1,0, 54060
17,54059,3,3,1, 54062
18,54063,4,4,1, 54067
25,54065,2,2,1, 54067
1,54066,1,1,1, 54067
8,54066,1,1,1, 54067
9,54067,2,2,1, 54069
26,54067,3,3,1, 54070
24,54069,1,1,0, 54070
16,54069,2,2,1, 54071
8,54076,1,1,1, 54077
24,54079,1,1,1, 54080
16,54079,2,2,1, 54081
8,54086,1,1,0, 54087
24,54089,1,1,1, 54090
16,54089,2,2,1, 54091
8,54096,1,1,0, 54097
24,54099,1,1,1, 54100
8,54106,1,1,1, 54107
24,54109,1,1,1, 54110
8,54116,1,1,1, 54117
24,54119,1,1,1, 54120
8,54126,1,1,0, 54127
24,54129,1,1,0, 54130
8,54136,1,1,0, 54137
24,54139,1,1,0, 54140
16,54139,2,2,1, 54141
8,54146,1,1,1, 54147
24,54149,1,1,0, 54150
16,54149,2,2,1, 54151
7,54152,1,1,1, 54153
8,54156,1,1,1, 54157
31,54156,2,2,1, 54158
24,54159,1,1,1, 54160
23,54158,3,3,1, 54161
7,54162,1,1,1, 54163
8,54166,1,1,1, 54167
22,54166,4,4,1, 54170
24,54169,1,1,1, 54170
23,54168,3,3,1, 54171
16,54169,2,2,1, 54171
13,54169,4,4,1, 54173
7,54172,1,1,1, 54173
15,54171,2,4,1, 54175
1,54176,1,1,0, 54177
8,54176,1,1,1, 54177
22,54176,4,4,1, 54180
24,54179,1,1,0, 54180
16,54179,2,2,1, 54181
14,54179,3,3,1, 54182
17,54179,3,3,1, 54182
7,54182,1,1,0, 54183
1,54186,1,1,0, 54187
8,54186,1,1,1, 54187
31,54186,2,2,1, 54188
9,54187,2,2,1, 54189
24,54189,1,1,1, 54190
16,54189,2,2,1, 54191
17,54189,3,3,1, 54192
13,54189,4,4,1, 54193
7,54192,1,1,1, 54193
1,54196,1,1,1, 54197
8,54196,1,1,1, 54197
24,54199,1,1,0, 54200
16,54199,2,2,1, 54201
17,54199,3,3,1, 54202
6,54200,2,2,1, 54202
13,54199,4,4,1, 54203
7,54202,1,1,0, 54203
1,54206,1,1,1, 54207
8,54206,1,1,0, 54207
9,54207,2,2,1, 54209
24,54209,1,1,0, 54210
23,54208,3,3,1, 54211
16,54209,2,2,1, 54211
14,54209,3,3,1, 54212
13,54209,4,4,1, 54213
7,54212,1,1,1, 54213
15,54211,2,4,1, 54215
25,54215,2,2,1, 54217
1,54216,1,1,0, 54217
8,54216,1,1,1, 54217
24,54219,1,1,0, 54220
14,54219,3,3,1, 54222
7,54222,1,1,1, 54223
1,54226,1,1,1, 54227
8,54226,1,1,0, 54227
9,54227,2,2,1, 54229
24,54229,1,1,0, 54230
16,54229,2,2,1, 54231
21,54227,5,5,1, 54232
29,54228,4,4,1, 54232
17,54229,3,3,1, 54232
25,54235,2,2,1, 54237
1,54236,1,1,0, 54237
8,54236,1,1,0, 54237
24,54239,1,1,1, 54240
1,54246,1,1,0, 54247
8,54246,1,1,1, 54247
24,54249,1,1,1, 54250
1,54256,1,1,0, 54257
8,54256,1,1,0, 54257
24,54259,1,1,0, 54260
16,54259,2,2,1, 54261
25,54265,2,2,1, 54267
1,54266,1,1,1, 54267
8,54266,1,1,0, 54267
24,54269,1,1,0, 54270
2,54273,2,2,1, 54275
18,54273,4,4,1, 54277
1,54276,1,1,1, 54277
8,54276,1,1,1, 54277
26,54277,3,3,1, 54280
24,54279,1,1,1, 54280
2,54283,2,2,1, 54285
18,54283,4,4,1, 54287
1,54286,1,1,1, 54287
8,54286,1,1,0, 54287
26,54287,3,3,1, 54290
24,54289,1,1,0, 54290
2,54293,2,2,1, 54295
27,54292,4,4,1, 54296
18,54293,4,4,1, 54297
25,54295,2,2,1, 54297
8,54296,1,1,0, 54297
24,54299,1,1,0, 54300
16,54299,2,2,1, 54301
8,54306,1,1,1, 54307
24,54309,1,1,0, 54310
8,54316,1,1,1, 54317
24,54319,1,1,1, 54320
8,54326,1,1,0, 54327
24,54329,1,1,1, 54330
8,54336,1,1,0, 54337
24,54339,1,1,0, 54340
7,54342,1,1,0, 54343
8,54346,1,1,1, 54347
24,54349,1,1,0, 54350
7,54352,1,1,1, 54353
8,54356,1,1,1, 54357
31,54356,2,2,1, 54358
24,54359,1,1,1, 54360
16,54359,2,2,1, 54361
29,54358,4,4,1, 54362
6,54360,2,2,1, 54362
7,54362,1,1,0, 54363
8,54366,1,1,1, 54367
31,54366,2,2,1, 54368
5,54367,3,3,1, 54370
24,54369,1,1,1, 54370
16,54369,2,2,1, 54371
21,54367,5,5,1, 54372
6,54370,2,2,1, 54372
7,54372,1,1,1, 54373
8,54376,1,1,0, 54377
31,54376,2,2,1, 54378
24,54379,1,1,0, 54380
16,54379,2,2,1, 54381
7,54382,1,1,0, 54383
30,54383,3,3,1, 54386
8,54386,1,1,1, 54387
24,54389,1,1,0, 54390
14,54389,3,3,1, 54392
13,54389,4,4,1, 54393
7,54392,1,1,0, 54393
8,54396,1,1,0, 54397
24,54399,1,1,0, 54400
16,54399,2,2,1, 54401
14,54399,3,3,1, 54402
6,54400,2,2,1, 54402
7,54402,1,1,0, 54403
30,54403,3,3,1, 54406
1,54406,1,1,0, 54407
8,54406,1,1,0, 54407
9,54407,2,2,1, 54409
22,54406,4,4,1, 54410
24,54409,1,1,1, 54410
16,54409,2,2,1, 54411
14,54409,3,3,1, 54412
7,54412,1,1,0, 54413
30,54413,3,3,1, 54416
25,54415,2,2,1, 54417
1,54416,1,1,1, 54417
8,54416,1,1,0, 54417
31,54416,2,2,1, 54418
24,54419,1,1,1, 54420
16,54419,2,2,1, 54421
17,54419,3,3,1, 54422
6,54420,2,2,1, 54422
1,54426,1,1,0, 54427
8,54426,1,1,1, 54427
9,54427,2,2,1, 54429
1,54436,1,1,0, 54437
8,54436,1,1,0, 54437
9,54437,2,2,1, 54439
1,54446,1,1,0, 54447
8,54446,1,1,0, 54447
26,54447,3,3,1, 54450
1,54456,1,1,1, 54457
8,54456,1,1,0, 54457
26,54457,3,3,1, 54460
2,54463,2,2,1, 54465
1,54466,1,1,1, 54467
8,54466,1,1,1, 54467
9,54467,2,2,1, 54469
17,54469,3,3,1, 54472
1,54476,1,1,0, 54477
8,54476,1,1,1, 54477
11,54474,4,4,1, 54478
26,54477,3,3,1, 54480
2,54483,2,2,1, 54485
25,54485,2,2,1, 54487
1,54486,1,1,0, 54487
8,54486,1,1,1, 54487
2,54493,2,2,1, 54495
18,54493,4,4,1, 54497
25,54495,2,2,1, 54497
8,54496,1,1,1, 54497
8,54506,1,1,1, 54507
8,54516,1,1,1, 54517
8,54526,1,1,1, 54527
31,54526,2,2,1, 54528
24,54529,1,1,0, 54530
16,54529,2,2,1, 54531
7,54532,1,1,0, 54533
15,54531,2,4,1, 54535
8,54536,1,1,1, 54537
31,54536,2,2,1, 54538
24,54539,1,1,1, 54540
23,54538,3,3,1, 54541
16,54539,2,2,1, 54541
7,54542,1,1,0, 54543
8,54546,1,1,0, 54547
31,54546,2,2,1, 54548
24,54549,1,1,1, 54550
23,54548,3,3,1, 54551
7,54552,1,1,1, 54553
8,54556,1,1,0, 54557
31,54556,2,2,1, 54558
5,54557,3,3,1, 54560
24,54559,1,1,0, 54560
16,54559,2,2,1, 54561
21,54557,5,5,1, 54562
29,54558,4,4,1, 54562
14,54559,3,3,1, 54562
13,54559,4,4,1, 54563
7,54562,1,1,1, 54563
15,54561,2,4,1, 54565
30,54563,3,3,1, 54566
8,54566,1,1,1, 54567
22,54566,4,4,1, 54570
5,54567,3,3,1, 54570
24,54569,1,1,1, 54570
8,54576,1,1,1, 54577
24,54579,1,1,1, 54580
8,54586,1,1,0, 54587
24,54589,1,1,0, 54590
8,54596,1,1,0, 54597
24,54599,1,1,0, 54600
16,54599,2,2,1, 54601
25,54605,2,2,1, 54607
1,54606,1,1,1, 54607
8,54606,1,1,1, 54607
24,54609,1,1,1, 54610
25,54615,2,2,1, 54617
1,54616,1,1,0, 54617
8,54616,1,1,0, 54617
24,54619,1,1,0, 54620
17,54619,3,3,1, 54622
25,54625,2,2,1, 54627
1,54626,1,1,0, 54627
8,54626,1,1,0, 54627
9,54627,2,2,1, 54629
24,54629,1,1,1, 54630
18,54633,4,4,1, 54637
25,54635,2,2,1, 54637
1,54636,1,1,1, 54637
8,54636,1,1,1, 54637
9,54637,2,2,1, 54639
26,54637,3,3,1, 54640
24,54639,1,1,1, 54640
16,54639,2,2,1, 54641
17,54639,3,3,1, 54642
2,54643,2,2,1, 54645
1,54646,1,1,1, 54647
8,54646,1,1,0, 54647
26,54647,3,3,1, 54650
24,54649,1,1,1, 54650
16,54649,2,2,1, 54651
2,54653,2,2,1, 54655
18,54653,4,4,1, 54657
25,54655,2,2,1, 54657
1,54656,1,1,0, 54657
8,54656,1,1,1, 54657
9,54657,2,2,1, 54659
26,54657,3,3,1, 54660
24,54659,1,1,0, 54660
8,54666,1,1,1, 54667
24,54669,1,1,1, 54670
8,54676,1,1,1, 54677
31,54676,2,2,1, 54678
24,54679,1,1,0, 54680
23,54678,3,3,1, 54681
16,54679,2,2,1, 54681
7,54682,1,1,0, 54683
15,54681,2,4,1, 54685
8,54686,1,1,0, 54687
24,54689,1,1,0, 54690
7,54692,1,1,1, 54693
15,54691,2,4,1, 54695
8,54696,1,1,1, 54697
24,54699,1,1,0, 54700
7,54702,1,1,0, 54703
8,54706,1,1,0, 54707
24,54709,1,1,0, 54710
16,54709,2,2,1, 54711
14,54709,3,3,1, 54712
7,54712,1,1,0, 54713
8,54716,1,1,0, 54717
24,54719,1,1,1, 54720
16,54719,2,2,1, 54721
7,54722,1,1,0, 54723
30,54723,3,3,1, 54726
8,54726,1,1,1, 54727
22,54726,4,4,1, 54730
24,54729,1,1,1, 54730
16,54729,2,2,1, 54731
7,54732,1,1,0, 54733
30,54733,3,3,1, 54736
8,54736,1,1,1, 54737
22,54736,4,4,1, 54740
5,54737,3,3,1, 54740
24,54739,1,1,0, 54740
7,54742,1,1,1, 54743
8,54746,1,1,0, 54747
5,54747,3,3,1, 54750
24,54749,1,1,1, 54750
7,54752,1,1,0, 54753
30,54753,3,3,1, 54756
8,54756,1,1,0, 54757
22,54756,4,4,1, 54760
5,54757,3,3,1, 54760
24,54759,1,1,1, 54760
6,54760,2,2,1, 54762
7,54762,1,1,1, 54763
30,54763,3,3,1, 54766
1,54766,1,1,1, 54767
8,54766,1,1,0, 54767
9,54767,2,2,1, 54769
24,54769,1,1,1, 54770
16,54769,2,2,1, 54771
29,54768,4,4,1, 54772
17,54769,3,3,1, 54772
6,54770,2,2,1, 54772
7,54772,1,1,1, 54773
30,54773,3,3,1, 54776
1,54776,1,1,0, 54777
8,54776,1,1,0, 54777
24,54779,1,1,0, 54780
16,54779,2,2,1, 54781
29,54778,4,4,1, 54782
25,54785,2,2,1, 54787
1,54786,1,1,1, 54787
8,54786,1,1,1, 54787
9,54787,2,2,1, 54789
24,54789,1,1,1, 54790
25,54795,2,2,1, 54797
1,54796,1,1,0, 54797
8,54796,1,1,1, 54797
9,54797,2,2,1, 54799
24,54799,1,1,0, 54800
2,54803,2,2,1, 54805
25,54805,2,2,1, 54807
1,54806,1,1,1, 54807
8,54806,1,1,0, 54807
24,54809,1,1,1, 54810
16,54809,2,2,1, 54811
17,54809,3,3,1, 54812
18,54813,4,4,1, 54817
25,54815,2,2,1, 54817
1,54816,1,1,0, 54817
8,54816,1,1,0, 54817
24,54819,1,1,0, 54820
1,54826,1,1,0, 54827
8,54826,1,1,1, 54827
11,54824,4,4,1, 54828
20,54823,6,6,1, 54829
4,54826,4,4,1, 54830
26,54827,3,3,1, 54830
24,54829,1,1,1, 54830
17,54829,3,3,1, 54832
2,54833,2,2,1, 54835
18,54833,4,4,1, 54837
8,54836,1,1,1, 54837
24,54839,1,1,0, 54840
8,54846,1,1,1, 54847
24,54849,1,1,0, 54850
16,54849,2,2,1, 54851
8,54856,1,1,1, 54857
24,54859,1,1,0, 54860
8,54866,1,1,0, 54867
24,54869,1,1,1, 54870
16,54869,2,2,1, 54871
8,54876,1,1,1, 54877
24,54879,1,1,1, 54880
8,54886,1,1,1, 54887
5,54887,3,3,1, 54890
24,54889,1,1,1, 54890
23,54888,3,3,1, 54891
21,54887,5,5,1, 54892
13,54889,4,4,1, 54893
7,54892,1,1,1, 54893
8,54896,1,1,1, 54897
24,54899,1,1,1, 54900
23,54898,3,3,1, 54901
21,54897,5,5,1, 54902
29,54898,4,4,1, 54902
14,54899,3,3,1, 54902
7,54902,1,1,0, 54903
15,54901,2,4,1, 54905
8,54906,1,1,0, 54907
31,54906,2,2,1, 54908
24,54909,1,1,0, 54910
23,54908,3,3,1, 54911
13,54909,4,4,1, 54913
7,54912,1,1,0, 54913
8,54916,1,1,0, 54917
24,54919,1,1,0, 54920
16,54919,2,2,1, 54921
29,54918,4,4,1, 54922
14,54919,3,3,1, 54922
13,54919,4,4,1, 54923
7,54922,1,1,1, 54923
8,54926,1,1,1, 54927
31,54926,2,2,1, 54928
24,54929,1,1,1, 54930
8,54936,1,1,0, 54937
24,54939,1,1,1, 54940
1,54946,1,1,1, 54947
8,54946,1,1,0, 54947
24,54949,1,1,1, 54950
16,54949,2,2,1, 54951
25,54955,2,2,1, 54957
1,54956,1,1,1, 54957
8,54956,1,1,0, 54957
24,54959,1,1,1, 54960
2,54963,2,2,1, 54965
18,54963,4,4,1, 54967
1,54966,1,1,1, 54967
8,54966,1,1,0, 54967
24,54969,1,1,1, 54970
25,54975,2,2,1, 54977
1,54976,1,1,1, 54977
8,54976,1,1,1, 54977
24,54979,1,1,1, 54980
27,54982,4,4,1, 54986
1,54986,1,1,1, 54987
8,54986,1,1,0, 54987
24,54989,1,1,1, 54990
19,54986,5,5,1, 54991
2,54993,2,2,1, 54995
27,54992,4,4,1, 54996
1,54996,1,1,1, 54997
8,54996,1,1,0, 54997
3,54997,3,3,1, 55000
24,54999,1,1,0, 55000
19,54996,5,5,1, 55001
16,54999,2,2,1, 55001
27,55002,4,4,1, 55006
1,55006,1,1,0, 55007
8,55006,1,1,1, 55007
26,55007,3,3,1, 55010
24,55009,1,1,1, 55010
16,55009,2,2,1, 55011
25,55015,2,2,1, 55017
1,55016,1,1,0, 55017
8,55016,1,1,0, 55017
9,55017,2,2,1, 55019
26,55017,3,3,1, 55020
24,55019,1,1,0, 55020
27,55022,4,4,1, 55026
25,55025,2,2,1, 55027
8,55026,1,1,1, 55027
24,55029,1,1,0, 55030
23,55028,3,3,1, 55031
16,55029,2,2,1, 55031
7,55032,1,1,0, 55033
8,55036,1,1,1, 55037
24,55039,1,1,0, 55040
16,55039,2,2,1, 55041
7,55042,1,1,0, 55043
15,55041,2,4,1, 55045
8,55046,1,1,0, 55047
31,55046,2,2,1, 55048
24,55049,1,1,0, 55050
16,55049,2,2,1, 55051
7,55052,1,1,0, 55053
15,55051,2,4,1, 55055
8,55056,1,1,0, 55057
31,55056,2,2,1, 55058
22,55056,4,4,1, 55060
24,55059,1,1,1, 55060
16,55059,2,2,1, 55061
14,55059,3,3,1, 55062
6,55060,2,2,1, 55062
7,55062,1,1,0, 55063
30,55063,3,3,1, 55066
8,55066,1,1,1, 55067
24,55069,1,1,0, 55070
23,55068,3,3,1, 55071
7,55072,1,1,0, 55073
30,55073,3,3,1, 55076
8,55076,1,1,0, 55077
31,55076,2,2,1, 55078
22,55076,4,4,1, 55080
24,55079,1,1,1, 55080
16,55079,2,2,1, 55081
6,55080,2,2,1, 55082
7,55082,1,1,0, 55083
15,55081,2,4,1, 55085
30,55083,3,3,1, 55086
8,55086,1,1,0, 55087
24,55089,1,1,1, 55090
16,55089,2,2,1, 55091
8,55096,1,1,1, 55097
24,55099,1,1,0, 55100
8,55106,1,1,1, 55107
24,55109,1,1,0, 55110
16,55109,2,2,1, 55111
8,55116,1,1,1, 55117
24,55119,1,1,1, 55120
16,55119,2,2,1, 55121
8,55126,1,1,1, 55127
24,55129,1,1,1, 55130
2,55133,2,2,1, 55135
18,55133,4,4,1, 55137
1,55136,1,1,0, 55137
8,55136,1,1,1, 55137
9,55137,2,2,1, 55139
24,55139,1,1,0, 55140
17,55139,3,3,1, 55142
25,55145,2,2,1, 55147
1,55146,1,1,1, 55147
8,55146,1,1,0, 55147
9,55147,2,2,1, 55149
24,55149,1,1,0, 55150
16,55149,2,2,1, 55151
17,55149,3,3,1, 55152
2,55153,2,2,1, 55155
18,55153,4,4,1, 55157
1,55156,1,1,0, 55157
8,55156,1,1,0, 55157
9,55157,2,2,1, 55159
26,55157,3,3,1, 55160
24,55159,1,1,1, 55160
1,55166,1,1,1, 55167
8,55166,1,1,0, 55167
9,55167,2,2,1, 55169
24,55169,1,1,0, 55170
17,55169,3,3,1, 55172
18,55173,4,4,1, 55177
1,55176,1,1,1, 55177
8,55176,1,1,0, 55177
9,55177,2,2,1, 55179
26,55177,3,3,1, 55180
24,55179,1,1,1, 55180
8,55186,1,1,0, 55187
24,55189,1,1,1, 55190
7,55192,1,1,0, 55193
8,55196,1,1,0, 55197
24,55199,1,1,1, 55200
16,55199,2,2,1, 55201
7,55202,1,1,1, 55203
8,55206,1,1,0, 55207
5,55207,3,3,1, 55210
24,55209,1,1,0, 55210
16,55209,2,2,1, 55211
14,55209,3,3,1, 55212
6,55210,2,2,1, 55212
13,55209,4,4,1, 55213
7,55212,1,1,0, 55213
8,55216,1,1,1, 55217
5,55217,3,3,1, 55220
24,55219,1,1,0, 55220
6,55220,2,2,1, 55222
7,55222,1,1,0, 55223
8,55226,1,1,0, 55227
5,55227,3,3,1, 55230
24,55229,1,1,1, 55230
16,55229,2,2,1, 55231
6,55230,2,2,1, 55232
13,55229,4,4,1, 55233
7,55232,1,1,0, 55233
8,55236,1,1,0, 55237
5,55237,3,3,1, 55240
24,55239,1,1,1, 55240
21,55237,5,5,1, 55242
29,55238,4,4,1, 55242
6,55240,2,2,1, 55242
13,55239,4,4,1, 55243
7,55242,1,1,0, 55243
8,55246,1,1,0, 55247
5,55247,3,3,1, 55250
24,55249,1,1,0, 55250
16,55249,2,2,1, 55251
21,55247,5,5,1, 55252
6,55250,2,2,1, 55252
7,55252,1,1,0, 55253
8,55256,1,1,1, 55257
22,55256,4,4,1, 55260
24,55259,1,1,1, 55260
16,55259,2,2,1, 55261
8,55266,1,1,1, 55267
24,55269,1,1,1, 55270
8,55276,1,1,1, 55277
24,55279,1,1,1, 55280
16,55279,2,2,1, 55281
1,55286,1,1,0, 55287
8,55286,1,1,0, 55287
24,55289,1,1,0, 55290
16,55289,2,2,1, 55291
17,55289,3,3,1, 55292
1,55296,1,1,1, 55297
8,55296,1,1,1, 55297
24,55299,1,1,0, 55300
1,55306,1,1,1, 55307
8,55306,1,1,1, 55307
9,55307,2,2,1, 55309
24,55309,1,1,1, 55310
16,55309,2,2,1, 55311
17,55309,3,3,1, 55312
1,55316,1,1,1, 55317
8,55316,1,1,0, 55317
9,55317,2,2,1, 55319
24,55319,1,1,1, 55320
18,55323,4,4,1, 55327
25,55325,2,2,1, 55327
1,55326,1,1,0, 55327
8,55326,1,1,1, 55327
24,55329,1,1,0, 55330
16,55329,2,2,1, 55331
18,55333,4,4,1, 55337
1,55336,1,1,1, 55337
8,55336,1,1,1, 55337
24,55339,1,1,1, 55340
16,55339,2,2,1, 55341
17,55339,3,3,1, 55342
27,55342,4,4,1, 55346
18,55343,4,4,1, 55347
1,55346,1,1,0, 55347
8,55346,1,1,0, 55347
9,55347,2,2,1, 55349
3,55347,3,3,1, 55350
26,55347,3,3,1, 55350
24,55349,1,1,1, 55350
16,55349,2,2,1, 55351
17,55349,3,3,1, 55352
18,55353,4,4,1, 55357
1,55356,1,1,1, 55357
8,55356,1,1,0, 55357
11,55354,4,4,1, 55358
9,55357,2,2,1, 55359
3,55357,3,3,1, 55360
24,55359,1,1,0, 55360
8,55366,1,1,0, 55367
31,55366,2,2,1, 55368
22,55366,4,4,1, 55370
24,55369,1,1,1, 55370
21,55367,5,5,1, 55372
29,55368,4,4,1, 55372
6,55370,2,2,1, 55372
13,55369,4,4,1, 55373
7,55372,1,1,0, 55373
15,55371,2,4,1, 55375
8,55376,1,1,1, 55377
31,55376,2,2,1, 55378
22,55376,4,4,1, 55380
5,55377,3,3,1, 55380
24,55379,1,1,1, 55380
23,55378,3,3,1, 55381
16,55379,2,2,1, 55381
6,55380,2,2,1, 55382
13,55379,4,4,1, 55383
7,55382,1,1,1, 55383
8,55386,1,1,0, 55387
31,55386,2,2,1, 55388
24,55389,1,1,0, 55390
16,55389,2,2,1, 55391
7,55392,1,1,0, 55393
15,55391,2,4,1, 55395
8,55396,1,1,1, 55397
24,55399,1,1,1, 55400
8,55406,1,1,1, 55407
24,55409,1,1,1, 55410
8,55416,1,1,0, 55417
24,55419,1,1,0, 55420
16,55419,2,2,1, 55421
8,55426,1,1,0, 55427
24,55429,1,1,1, 55430
8,55436,1,1,0, 55437
24,55439,1,1,1, 55440
8,55446,1,1,1, 55447
24,55449,1,1,1, 55450
16,55449,2,2,1, 55451
8,55456,1,1,1, 55457
24,55459,1,1,0, 55460
16,55459,2,2,1, 55461
1,55466,1,1,1, 55467
8,55466,1,1,1, 55467
24,55469,1,1,0, 55470
16,55469,2,2,1, 55471
1,55476,1,1,0, 55477
8,55476,1,1,0, 55477
9,55477,2,2,1, 55479
24,55479,1,1,0, 55480
16,55479,2,2,1, 55481
25,55485,2,2,1, 55487
1,55486,1,1,0, 55487
8,55486,1,1,0, 55487
24,55489,1,1,0, 55490
1,55496,1,1,1, 55497
8,55496,1,1,0, 55497
26,55497,3,3,1, 55500
24,55499,1,1,0, 55500
23,55498,3,3,1, 55501
17,55499,3,3,1, 55502
7,55502,1,1,1, 55503
2,55503,2,2,1, 55505
18,55503,4,4,1, 55507
1,55506,1,1,1, 55507
8,55506,1,1,1, 55507
26,55507,3,3,1, 55510
24,55509,1,1,1, 55510
17,55509,3,3,1, 55512
7,55512,1,1,1, 55513
1,55516,1,1,1, 55517
8,55516,1,1,0, 55517
24,55519,1,1,0, 55520
17,55519,3,3,1, 55522
7,55522,1,1,1, 55523
2,55523,2,2,1, 55525
1,55526,1,1,0, 55527
8,55526,1,1,1, 55527
9,55527,2,2,1, 55529
26,55527,3,3,1, 55530
24,55529,1,1,1, 55530
17,55529,3,3,1, 55532
7,55532,1,1,0, 55533
25,55535,2,2,1, 55537
1,55536,1,1,0, 55537
8,55536,1,1,0, 55537
26,55537,3,3,1, 55540
24,55539,1,1,0, 55540
16,55539,2,2,1, 55541
7,55542,1,1,1, 55543
18,55543,4,4,1, 55547
25,55545,2,2,1, 55547
1,55546,1,1,1, 55547
8,55546,1,1,1, 55547
9,55547,2,2,1, 55549
24,55549,1,1,1, 55550
7,55552,1,1,0, 55553
8,55556,1,1,0, 55557
24,55559,1,1,0, 55560
16,55559,2,2,1, 55561
7,55562,1,1,1, 55563
8,55566,1,1,0, 55567
24,55569,1,1,0, 55570
16,55569,2,2,1, 55571
21,55567,5,5,1, 55572
29,55568,4,4,1, 55572
13,55569,4,4,1, 55573
7,55572,1,1,1, 55573
8,55576,1,1,1, 55577
5,55577,3,3,1, 55580
24,55579,1,1,0, 55580
21,55577,5,5,1, 55582
29,55578,4,4,1, 55582
14,55579,3,3,1, 55582
6,55580,2,2,1, 55582
13,55579,4,4,1, 55583
7,55582,1,1,1, 55583
8,55586,1,1,1, 55587
22,55586,4,4,1, 55590
5,55587,3,3,1, 55590
24,55589,1,1,0, 55590
14,55589,3,3,1, 55592
7,55592,1,1,0, 55593
8,55596,1,1,0, 55597
22,55596,4,4,1, 55600
24,55599,1,1,0, 55600
14,55599,3,3,1, 55602
6,55600,2,2,1, 55602
13,55599,4,4,1, 55603
7,55602,1,1,0, 55603
30,55603,3,3,1, 55606
8,55606,1,1,0, 55607
31,55606,2,2,1, 55608
22,55606,4,4,1, 55610
24,55609,1,1,1, 55610
16,55609,2,2,1, 55611
8,55616,1,1,1, 55617
24,55619,1,1,1, 55620
8,55626,1,1,0, 55627
24,55629,1,1,1, 55630
16,55629,2,2,1, 55631
8,55636,1,1,0, 55637
24,55639,1,1,1, 55640
16,55639,2,2,1, 55641
8,55646,1,1,1, 55647
24,55649,1,1,0, 55650
16,55649,2,2,1, 55651
1,55656,1,1,1, 55657
8,55656,1,1,0, 55657
24,55659,1,1,0, 55660
16,55659,2,2,1, 55661
25,55665,2,2,1, 55667
1,55666,1,1,0, 55667
8,55666,1,1,0, 55667
24,55669,1,1,0, 55670
1,55676,1,1,0, 55677
8,55676,1,1,1, 55677
24,55679,1,1,0, 55680
16,55679,2,2,1, 55681
1,55686,1,1,0, 55687
8,55686,1,1,0, 55687
9,55687,2,2,1, 55689
24,55689,1,1,1, 55690
17,55689,3,3,1, 55692
18,55693,4,4,1, 55697
25,55695,2,2,1, 55697
1,55696,1,1,0, 55697
8,55696,1,1,0, 55697
24,55699,1,1,1, 55700
16,55699,2,2,1, 55701
2,55703,2,2,1, 55705
25,55705,2,2,1, 55707
1,55706,1,1,0, 55707
8,55706,1,1,0, 55707
9,55707,2,2,1, 55709
24,55709,1,1,0, 55710
1,55716,1,1,0, 55717
8,55716,1,1,0, 55717
31,55716,2,2,1, 55718
9,55717,2,2,1, 55719
26,55717,3,3,1, 55720
24,55719,1,1,0, 55720
17,55719,3,3,1, 55722
7,55722,1,1,0, 55723
2,55723,2,2,1, 55725
18,55723,4,4,1, 55727
1,55726,1,1,0, 55727
8,55726,1,1,1, 55727
31,55726,2,2,1, 55728
9,55727,2,2,1, 55729
24,55729,1,1,1, 55730
23,55728,3,3,1, 55731
16,55729,2,2,1, 55731
7,55732,1,1,0, 55733
2,55733,2,2,1, 55735
30,55733,3,3,1, 55736
25,55735,2,2,1, 55737
1,55736,1,1,0, 55737
8,55736,1,1,0, 55737
24,55739,1,1,0, 55740
16,55739,2,2,1, 55741
6,55740,2,2,1, 55742
7,55742,1,1,0, 55743
30,55743,3,3,1, 55746
25,55745,2,2,1, 55747
8,55746,1,1,0, 55747
24,55749,1,1,1, 55750
23,55748,3,3,1, 55751
7,55752,1,1,0, 55753
15,55751,2,4,1, 55755
8,55756,1,1,1, 55757
22,55756,4,4,1, 55760
24,55759,1,1,1, 55760
14,55759,3,3,1, 55762
6,55760,2,2,1, 55762
7,55762,1,1,0, 55763
8,55766,1,1,1, 55767
24,55769,1,1,1, 55770
23,55768,3,3,1, 55771
6,55770,2,2,1, 55772
13,55769,4,4,1, 55773
7,55772,1,1,0, 55773
15,55771,2,4,1, 55775
8,55776,1,1,1, 55777
31,55776,2,2,1, 55778
24,55779,1,1,1, 55780
14,55779,3,3,1, 55782
8,55786,1,1,0, 55787
24,55789,1,1,0, 55790
16,55789,2,2,1, 55791
8,55796,1,1,0, 55797
24,55799,1,1,1, 55800
8,55806,1,1,0, 55807
24,55809,1,1,1, 55810
8,55816,1,1,1, 55817
24,55819,1,1,1, 55820
16,55819,2,2,1, 55821
8,55826,1,1,0, 55827
24,55829,1,1,1, 55830
16,55829,2,2,1, 55831
8,55836,1,1,1, 55837
24,55839,1,1,0, 55840
8,55846,1,1,1, 55847
24,55849,1,1,0, 55850
16,55849,2,2,1, 55851
17,55849,3,3,1, 55852
1,55856,1,1,0, 55857
8,55856,1,1,0, 55857
9,55857,2,2,1, 55859
24,55859,1,1,0, 55860
16,55859,2,2,1, 55861
25,55865,2,2,1, 55867
1,55866,1,1,1, 55867
8,55866,1,1,0, 55867
9,55867,2,2,1, 55869
17,55869,3,3,1, 55872
1,55876,1,1,0, 55877
8,55876,1,1,1, 55877
25,55885,2,2,1, 55887
1,55886,1,1,1, 55887
8,55886,1,1,1, 55887
31,55886,2,2,1, 55888
23,55888,3,3,1, 55891
7,55892,1,1,1, 55893
1,55896,1,1,1, 55897
8,55896,1,1,1, 55897
9,55897,2,2,1, 55899
17,55899,3,3,1, 55902
7,55902,1,1,0, 55903
1,55906,1,1,0, 55907
8,55906,1,1,0, 55907
9,55907,2,2,1, 55909
4,55906,4,4,1, 55910
3,55907,3,3,1, 55910
19,55906,5,5,1, 55911
17,55909,3,3,1, 55912
7,55912,1,1,0, 55913
12,55910,5,5,1, 55915
27,55912,4,4,1, 55916
18,55913,4,4,1, 55917
1,55916,1,1,1, 55917
8,55916,1,1,0, 55917
11,55914,4,4,1, 55918
9,55917,2,2,1, 55919
7,55922,1,1,0, 55923
8,55926,1,1,0, 55927
14,55929,3,3,1, 55932
13,55929,4,4,1, 55933
7,55932,1,1,1, 55933
8,55936,1,1,0, 55937
21,55937,5,5,1, 55942
13,55939,4,4,1, 55943
7,55942,1,1,0, 55943
8,55946,1,1,1, 55947
5,55947,3,3,1, 55950
21,55947,5,5,1, 55952
29,55948,4,4,1, 55952
6,55950,2,2,1, 55952
7,55952,1,1,0, 55953
8,55956,1,1,0, 55957
5,55957,3,3,1, 55960
14,55959,3,3,1, 55962
7,55962,1,1,1, 55963
8,55966,1,1,0, 55967
24,55969,1,1,0, 55970
29,55968,4,4,1, 55972
6,55970,2,2,1, 55972
7,55972,1,1,0, 55973
8,55976,1,1,0, 55977
24,55979,1,1,1, 55980
16,55979,2,2,1, 55981
21,55977,5,5,1, 55982
13,55979,4,4,1, 55983
7,55982,1,1,1, 55983
8,55986,1,1,1, 55987
24,55989,1,1,0, 55990
16,55989,2,2,1, 55991
14,55989,3,3,1, 55992
6,55990,2,2,1, 55992
7,55992,1,1,0, 55993
8,55996,1,1,1, 55997
31,55996,2,2,1, 55998
24,55999,1,1,0, 56000
14,55999,3,3,1, 56002
13,55999,4,4,1, 56003
7,56002,1,1,0, 56003
8,56006,1,1,0, 56007
31,56006,2,2,1, 56008
24,56009,1,1,0, 56010
8,56016,1,1,1, 56017
24,56019,1,1,1, 56020
1,56026,1,1,0, 56027
8,56026,1,1,1, 56027
24,56029,1,1,0, 56030
16,56029,2,2,1, 56031
17,56029,3,3,1, 56032
1,56036,1,1,1, 56037
8,56036,1,1,1, 56037
9,56037,2,2,1, 56039
24,56039,1,1,0, 56040
16,56039,2,2,1, 56041
17,56039,3,3,1, 56042
1,56046,1,1,0, 56047
8,56046,1,1,0, 56047
9,56047,2,2,1, 56049
24,56049,1,1,0, 56050
18,56053,4,4,1, 56057
1,56056,1,1,0, 56057
8,56056,1,1,0, 56057
9,56057,2,2,1, 56059
24,56059,1,1,0, 56060
25,56065,2,2,1, 56067
1,56066,1,1,1, 56067
8,56066,1,1,0, 56067
24,56069,1,1,0, 56070
18,56073,4,4,1, 56077
1,56076,1,1,1, 56077
8,56076,1,1,0, 56077
11,56074,4,4,1, 56078
28,56074,5,5,1, 56079
26,56077,3,3,1, 56080
24,56079,1,1,0, 56080
17,56079,3,3,1, 56082
2,56083,2,2,1, 56085
18,56083,4,4,1, 56087
25,56085,2,2,1, 56087
1,56086,1,1,1, 56087
8,56086,1,1,1, 56087
11,56084,4,4,1, 56088
28,56084,5,5,1, 56089
24,56089,1,1,0, 56090
16,56089,2,2,1, 56091
8,56096,1,1,0, 56097
24,56099,1,1,0, 56100
16,56099,2,2,1, 56101
8,56106,1,1,1, 56107
24,56109,1,1,0, 56110
16,56109,2,2,1, 56111
8,56116,1,1,0, 56117
24,56119,1,1,1, 56120
16,56119,2,2,1, 56121
7,56122,1,1,0, 56123
8,56126,1,1,0, 56127
24,56129,1,1,0, 56130
23,56128,3,3,1, 56131
16,56129,2,2,1, 56131
7,56132,1,1,0, 56133
8,56136,1,1,0, 56137
24,56139,1,1,0, 56140
23,56138,3,3,1, 56141
16,56139,2,2,1, 56141
7,56142,1,1,1, 56143
8,56146,1,1,1, 56147
31,56146,2,2,1, 56148
22,56146,4,4,1, 56150
24,56149,1,1,1, 56150
23,56148,3,3,1, 56151
6,56150,2,2,1, 56152
7,56152,1,1,0, 56153
15,56151,2,4,1, 56155
30,56153,3,3,1, 56156
8,56156,1,1,0, 56157
31,56156,2,2,1, 56158
22,56156,4,4,1, 56160
5,56157,3,3,1, 56160
24,56159,1,1,0, 56160
13,56159,4,4,1, 56163
7,56162,1,1,0, 56163
30,56163,3,3,1, 56166
8,56166,1,1,0, 56167
31,56166,2,2,1, 56168
22,56166,4,4,1, 56170
5,56167,3,3,1, 56170
24,56169,1,1,1, 56170
16,56169,2,2,1, 56171
7,56172,1,1,0, 56173
15,56171,2,4,1, 56175
8,56176,1,1,1, 56177
24,56179,1,1,1, 56180
8,56186,1,1,0, 56187
24,56189,1,1,0, 56190
16,56189,2,2,1, 56191
1,56196,1,1,1, 56197
8,56196,1,1,0, 56197
9,56197,2,2,1, 56199
24,56199,1,1,0, 56200
16,56199,2,2,1, 56201
17,56199,3,3,1, 56202
1,56206,1,1,0, 56207
8,56206,1,1,1, 56207
9,56207,2,2,1, 56209
24,56209,1,1,1, 56210
17,56209,3,3,1, 56212
18,56213,4,4,1, 56217
25,56215,2,2,1, 56217
1,56216,1,1,0, 56217
8,56216,1,1,1, 56217
9,56217,2,2,1, 56219
24,56219,1,1,1, 56220
16,56219,2,2,1, 56221
2,56223,2,2,1, 56225
25,56225,2,2,1, 56227
1,56226,1,1,1, 56227
8,56226,1,1,1, 56227
9,56227,2,2,1, 56229
24,56229,1,1,0, 56230
17,56229,3,3,1, 56232
1,56236,1,1,0, 56237
8,56236,1,1,0, 56237
24,56239,1,1,0, 56240
16,56239,2,2,1, 56241
1,56246,1,1,0, 56247
8,56246,1,1,1, 56247
24,56249,1,1,0, 56250
17,56249,3,3,1, 56252
1,56256,1,1,0, 56257
8,56256,1,1,0, 56257
24,56259,1,1,1, 56260
16,56259,2,2,1, 56261
27,56262,4,4,1, 56266
25,56265,2,2,1, 56267
1,56266,1,1,1, 56267
8,56266,1,1,1, 56267
9,56267,2,2,1, 56269
4,56266,4,4,1, 56270
24,56269,1,1,0, 56270
19,56266,5,5,1, 56271
16,56269,2,2,1, 56271
2,56273,2,2,1, 56275
8,56276,1,1,0, 56277
24,56279,1,1,0, 56280
8,56286,1,1,1, 56287
24,56289,1,1,0, 56290
23,56288,3,3,1, 56291
7,56292,1,1,1, 56293
8,56296,1,1,0, 56297
31,56296,2,2,1, 56298
24,56299,1,1,1, 56300
16,56299,2,2,1, 56301
7,56302,1,1,0, 56303
15,56301,2,4,1, 56305
8,56306,1,1,1, 56307
31,56306,2,2,1, 56308
24,56309,1,1,0, 56310
7,56312,1,1,0, 56313
15,56311,2,4,1, 56315
8,56316,1,1,1, 56317
31,56316,2,2,1, 56318
24,56319,1,1,1, 56320
16,56319,2,2,1, 56321
29,56318,4,4,1, 56322
6,56320,2,2,1, 56322
7,56322,1,1,0, 56323
15,56321,2,4,1, 56325
8,56326,1,1,1, 56327
22,56326,4,4,1, 56330
24,56329,1,1,1, 56330
16,56329,2,2,1, 56331
21,56327,5,5,1, 56332
29,56328,4,4,1, 56332
14,56329,3,3,1, 56332
7,56332,1,1,0, 56333
15,56331,2,4,1, 56335
8,56336,1,1,1, 56337
31,56336,2,2,1, 56338
22,56336,4,4,1, 56340
24,56339,1,1,1, 56340
23,56338,3,3,1, 56341
14,56339,3,3,1, 56342
8,56346,1,1,0, 56347
24,56349,1,1,1, 56350
8,56356,1,1,0, 56357
24,56359,1,1,0, 56360
16,56359,2,2,1, 56361
8,56366,1,1,0, 56367
24,56369,1,1,0, 56370
8,56376,1,1,0, 56377
24,56379,1,1,0, 56380
25,56385,2,2,1, 56387
1,56386,1,1,0, 56387
8,56386,1,1,0, 56387
24,56389,1,1,1, 56390
16,56389,2,2,1, 56391
25,56395,2,2,1, 56397
1,56396,1,1,1, 56397
8,56396,1,1,1, 56397
24,56399,1,1,0, 56400
16,56399,2,2,1, 56401
17,56399,3,3,1, 56402
18,56403,4,4,1, 56407
1,56406,1,1,0, 56407
8,56406,1,1,1, 56407
24,56409,1,1,0, 56410
16,56409,2,2,1, 56411
2,56413,2,2,1, 56415
27,56412,4,4,1, 56416
18,56413,4,4,1, 56417
1,56416,1,1,1, 56417
8,56416,1,1,0, 56417
3,56417,3,3,1, 56420
24,56419,1,1,0, 56420
16,56419,2,2,1, 56421
2,56423,2,2,1, 56425
27,56422,4,4,1, 56426
25,56425,2,2,1, 56427
1,56426,1,1,1, 56427
8,56426,1,1,0, 56427
24,56429,1,1,0, 56430
16,56429,2,2,1, 56431
2,56433,2,2,1, 56435
18,56433,4,4,1, 56437
1,56436,1,1,1, 56437
8,56436,1,1,1, 56437
26,56437,3,3,1, 56440
24,56439,1,1,1, 56440
16,56439,2,2,1, 56441
27,56442,4,4,1, 56446
25,56445,2,2,1, 56447
1,56446,1,1,0, 56447
8,56446,1,1,1, 56447
11,56444,4,4,1, 56448
3,56447,3,3,1, 56450
24,56449,1,1,1, 56450
23,56448,3,3,1, 56451
7,56452,1,1,0, 56453
15,56451,2,4,1, 56455
8,56456,1,1,1, 56457
24,56459,1,1,0, 56460
7,56462,1,1,0, 56463
8,56466,1,1,1, 56467
24,56469,1,1,1, 56470
6,56470,2,2,1, 56472
7,56472,1,1,0, 56473
8,56476,1,1,1, 56477
5,56477,3,3,1, 56480
24,56479,1,1,1, 56480
16,56479,2,2,1, 56481
21,56477,5,5,1, 56482
14,56479,3,3,1, 56482
6,56480,2,2,1, 56482
13,56479,4,4,1, 56483
7,56482,1,1,0, 56483
8,56486,1,1,0, 56487
24,56489,1,1,1, 56490
29,56488,4,4,1, 56492
14,56489,3,3,1, 56492
6,56490,2,2,1, 56492
7,56492,1,1,0, 56493
8,56496,1,1,1, 56497
5,56497,3,3,1, 56500
24,56499,1,1,0, 56500
7,56502,1,1,1, 56503
8,56506,1,1,1, 56507
5,56507,3,3,1, 56510
24,56509,1,1,1, 56510
16,56509,2,2,1, 56511
21,56507,5,5,1, 56512
6,56510,2,2,1, 56512
13,56509,4,4,1, 56513
7,56512,1,1,1, 56513
8,56516,1,1,0, 56517
5,56517,3,3,1, 56520
24,56519,1,1,0, 56520
16,56519,2,2,1, 56521
29,56518,4,4,1, 56522
8,56526,1,1,1, 56527
24,56529,1,1,1, 56530
16,56529,2,2,1, 56531
8,56536,1,1,0, 56537
24,56539,1,1,0, 56540
8,56546,1,1,0, 56547
24,56549,1,1,1, 56550
1,56556,1,1,1, 56557
8,56556,1,1,0, 56557
24,56559,1,1,0, 56560
16,56559,2,2,1, 56561
18,56563,4,4,1, 56567
25,56565,2,2,1, 56567
1,56566,1,1,1, 56567
8,56566,1,1,1, 56567
9,56567,2,2,1, 56569
26,56567,3,3,1, 56570
24,56569,1,1,1, 56570
18,56573,4,4,1, 56577
1,56576,1,1,0, 56577
8,56576,1,1,0, 56577
24,56579,1,1,0, 56580
17,56579,3,3,1, 56582
18,56583,4,4,1, 56587
25,56585,2,2,1, 56587
1,56586,1,1,0, 56587
8,56586,1,1,0, 56587
9,56587,2,2,1, 56589
24,56589,1,1,1, 56590
17,56589,3,3,1, 56592
1,56596,1,1,0, 56597
8,56596,1,1,1, 56597
11,56594,4,4,1, 56598
9,56597,2,2,1, 56599
4,56596,4,4,1, 56600
26,56597,3,3,1, 56600
24,56599,1,1,0, 56600
19,56596,5,5,1, 56601
16,56599,2,2,1, 56601
2,56603,2,2,1, 56605
18,56603,4,4,1, 56607
1,56606,1,1,0, 56607
8,56606,1,1,0, 56607
28,56604,5,5,1, 56609
24,56609,1,1,1, 56610
16,56609,2,2,1, 56611
8,56616,1,1,0, 56617
24,56619,1,1,1, 56620
16,56619,2,2,1, 56621
8,56626,1,1,1, 56627
24,56629,1,1,1, 56630
7,56632,1,1,1, 56633
8,56636,1,1,0, 56637
31,56636,2,2,1, 56638
24,56639,1,1,1, 56640
7,56642,1,1,0, 56643
15,56641,2,4,1, 56645
8,56646,1,1,1, 56647
31,56646,2,2,1, 56648
24,56649,1,1,1, 56650
16,56649,2,2,1, 56651
7,56652,1,1,1, 56653
8,56656,1,1,0, 56657
24,56659,1,1,0, 56660
7,56662,1,1,0, 56663
8,56666,1,1,0, 56667
22,56666,4,4,1, 56670
24,56669,1,1,1, 56670
16,56669,2,2,1, 56671
14,56669,3,3,1, 56672
7,56672,1,1,1, 56673
8,56676,1,1,1, 56677
22,56676,4,4,1, 56680
24,56679,1,1,1, 56680
16,56679,2,2,1, 56681
6,56680,2,2,1, 56682
7,56682,1,1,1, 56683
8,56686,1,1,0, 56687
22,56686,4,4,1, 56690
24,56689,1,1,0, 56690
6,56690,2,2,1, 56692
7,56692,1,1,0, 56693
30,56693,3,3,1, 56696
8,56696,1,1,0, 56697
31,56696,2,2,1, 56698
22,56696,4,4,1, 56700
24,56699,1,1,0, 56700
16,56699,2,2,1, 56701
14,56699,3,3,1, 56702
6,56700,2,2,1, 56702
13,56699,4,4,1, 56703
7,56702,1,1,1, 56703
8,56706,1,1,0, 56707
31,56706,2,2,1, 56708
24,56709,1,1,1, 56710
7,56712,1,1,0, 56713
8,56716,1,1,1, 56717
31,56716,2,2,1, 56718
24,56719,1,1,0, 56720
16,56719,2,2,1, 56721
2,56723,2,2,1, 56725
18,56723,4,4,1, 56727
1,56726,1,1,1, 56727
8,56726,1,1,1, 56727
9,56727,2,2,1, 56729
26,56727,3,3,1, 56730
24,56729,1,1,1, 56730
16,56729,2,2,1, 56731
17,56729,3,3,1, 56732
18,56733,4,4,1, 56737
1,56736,1,1,1, 56737
8,56736,1,1,1, 56737
26,56737,3,3,1, 56740
24,56739,1,1,0, 56740
18,56743,4,4,1, 56747
25,56745,2,2,1, 56747
1,56746,1,1,1, 56747
8,56746,1,1,0, 56747
9,56747,2,2,1, 56749
24,56749,1,1,0, 56750
16,56749,2,2,1, 56751
2,56753,2,2,1, 56755
18,56753,4,4,1, 56757
25,56755,2,2,1, 56757
1,56756,1,1,0, 56757
8,56756,1,1,0, 56757
9,56757,2,2,1, 56759
26,56757,3,3,1, 56760
24,56759,1,1,0, 56760
16,56759,2,2,1, 56761
2,56763,2,2,1, 56765
8,56766,1,1,0, 56767
8,56776,1,1,0, 56777
8,56786,1,1,1, 56787
8,56796,1,1,1, 56797
8,56806,1,1,0, 56807
8,56816,1,1,0, 56817
23,56818,3,3,1, 56821
7,56822,1,1,1, 56823
15,56821,2,4,1, 56825
8,56826,1,1,0, 56827
7,56832,1,1,1, 56833
8,56836,1,1,1, 56837
31,56836,2,2,1, 56838
7,56842,1,1,1, 56843
15,56841,2,4,1, 56845
8,56846,1,1,1, 56847
7,56852,1,1,0, 56853
8,56856,1,1,0, 56857
23,56858,3,3,1, 56861
7,56862,1,1,1, 56863
25,56865,2,2,1, 56867
1,56866,1,1,0, 56867
8,56866,1,1,0, 56867
9,56867,2,2,1, 56869
24,56869,1,1,1, 56870
23,56868,3,3,1, 56871
16,56869,2,2,1, 56871
7,56872,1,1,0, 56873
15,56871,2,4,1, 56875
1,56876,1,1,1, 56877
8,56876,1,1,1, 56877
9,56877,2,2,1, 56879
24,56879,1,1,0, 56880
23,56878,3,3,1, 56881
17,56879,3,3,1, 56882
7,56882,1,1,0, 56883
1,56886,1,1,0, 56887
8,56886,1,1,1, 56887
31,56886,2,2,1, 56888
5,56887,3,3,1, 56890
24,56889,1,1,0, 56890
16,56889,2,2,1, 56891
7,56892,1,1,0, 56893
25,56895,2,2,1, 56897
1,56896,1,1,0, 56897
8,56896,1,1,0, 56897
31,56896,2,2,1, 56898
9,56897,2,2,1, 56899
5,56897,3,3,1, 56900
26,56897,3,3,1, 56900
24,56899,1,1,1, 56900
21,56897,5,5,1, 56902
14,56899,3,3,1, 56902
17,56899,3,3,1, 56902
13,56899,4,4,1, 56903
7,56902,1,1,0, 56903
2,56903,2,2,1, 56905
1,56906,1,1,0, 56907
8,56906,1,1,1, 56907
26,56907,3,3,1, 56910
24,56909,1,1,1, 56910
23,56908,3,3,1, 56911
2,56913,2,2,1, 56915
25,56915,2,2,1, 56917
1,56916,1,1,1, 56917
8,56916,1,1,0, 56917
9,56917,2,2,1, 56919
24,56919,1,1,0, 56920
16,56919,2,2,1, 56921
17,56919,3,3,1, 56922
18,56923,4,4,1, 56927
1,56926,1,1,0, 56927
8,56926,1,1,0, 56927
9,56927,2,2,1, 56929
24,56929,1,1,0, 56930
8,56936,1,1,0, 56937
24,56939,1,1,0, 56940
8,56946,1,1,0, 56947
24,56949,1,1,0, 56950
16,56949,2,2,1, 56951
8,56956,1,1,0, 56957
24,56959,1,1,0, 56960
16,56959,2,2,1, 56961
8,56966,1,1,1, 56967
24,56969,1,1,1, 56970
8,56976,1,1,1, 56977
24,56979,1,1,0, 56980
16,56979,2,2,1, 56981
8,56986,1,1,1, 56987
24,56989,1,1,1, 56990
8,56996,1,1,1, 56997
24,56999,1,1,0, 57000
8,57006,1,1,1, 57007
24,57009,1,1,0, 57010
16,57009,2,2,1, 57011
8,57016,1,1,0, 57017
24,57019,1,1,0, 57020
16,57019,2,2,1, 57021
7,57022,1,1,0, 57023
8,57026,1,1,1, 57027
24,57029,1,1,1, 57030
7,57032,1,1,1, 57033
1,57036,1,1,0, 57037
8,57036,1,1,0, 57037
24,57039,1,1,0, 57040
16,57039,2,2,1, 57041
7,57042,1,1,1, 57043
1,57046,1,1,1, 57047
8,57046,1,1,1, 57047
24,57049,1,1,0, 57050
7,57052,1,1,0, 57053
1,57056,1,1,1, 57057
8,57056,1,1,1, 57057
24,57059,1,1,1, 57060
7,57062,1,1,1, 57063
25,57065,2,2,1, 57067
1,57066,1,1,0, 57067
8,57066,1,1,1, 57067
24,57069,1,1,1, 57070
16,57069,2,2,1, 57071
7,57072,1,1,0, 57073
30,57073,3,3,1, 57076
1,57076,1,1,0, 57077
8,57076,1,1,1, 57077
22,57076,4,4,1, 57080
5,57077,3,3,1, 57080
24,57079,1,1,1, 57080
6,57080,2,2,1, 57082
13,57079,4,4,1, 57083
7,57082,1,1,0, 57083
2,57083,2,2,1, 57085
30,57083,3,3,1, 57086
25,57085,2,2,1, 57087
1,57086,1,1,0, 57087
8,57086,1,1,0, 57087
31,57086,2,2,1, 57088
9,57087,2,2,1, 57089
22,57086,4,4,1, 57090
5,57087,3,3,1, 57090
24,57089,1,1,1, 57090
23,57088,3,3,1, 57091
21,57087,5,5,1, 57092
29,57088,4,4,1, 57092
14,57089,3,3,1, 57092
6,57090,2,2,1, 57092
7,57092,1,1,0, 57093
15,57091,2,4,1, 57095
18,57093,4,4,1, 57097
1,57096,1,1,1, 57097
8,57096,1,1,0, 57097
9,57097,2,2,1, 57099
5,57097,3,3,1, 57100
26,57097,3,3,1, 57100
24,57099,1,1,0, 57100
23,57098,3,3,1, 57101
16,57099,2,2,1, 57101
29,57098,4,4,1, 57102
14,57099,3,3,1, 57102
17,57099,3,3,1, 57102
7,57102,1,1,0, 57103
18,57103,4,4,1, 57107
1,57106,1,1,0, 57107
8,57106,1,1,1, 57107
9,57107,2,2,1, 57109
24,57109,1,1,1, 57110
23,57108,3,3,1, 57111
17,57109,3,3,1, 57112
2,57113,2,2,1, 57115
18,57113,4,4,1, 57117
25,57115,2,2,1, 57117
1,57116,1,1,0, 57117
8,57116,1,1,0, 57117
26,57117,3,3,1, 57120
24,57119,1,1,0, 57120
16,57119,2,2,1, 57121
2,57123,2,2,1, 57125
18,57123,4,4,1, 57127
1,57126,1,1,1, 57127
8,57126,1,1,0, 57127
26,57127,3,3,1, 57130
24,57129,1,1,1, 57130
16,57129,2,2,1, 57131
8,57136,1,1,1, 57137
24,57139,1,1,0, 57140
16,57139,2,2,1, 57141
8,57146,1,1,1, 57147
24,57149,1,1,1, 57150
16,57149,2,2,1, 57151
8,57156,1,1,1, 57157
24,57159,1,1,0, 57160
16,57159,2,2,1, 57161
8,57166,1,1,0, 57167
24,57169,1,1,1, 57170
8,57176,1,1,0, 57177
24,57179,1,1,0, 57180
8,57186,1,1,1, 57187
24,57189,1,1,1, 57190
16,57189,2,2,1, 57191
8,57196,1,1,0, 57197
24,57199,1,1,0, 57200
8,57206,1,1,1, 57207
24,57209,1,1,0, 57210
8,57216,1,1,0, 57217
24,57219,1,1,0, 57220
16,57219,2,2,1, 57221
7,57222,1,1,0, 57223
8,57226,1,1,0, 57227
31,57226,2,2,1, 57228
24,57229,1,1,0, 57230
16,57229,2,2,1, 57231
7,57232,1,1,1, 57233
8,57236,1,1,1, 57237
24,57239,1,1,1, 57240
16,57239,2,2,1, 57241
17,57239,3,3,1, 57242
7,57242,1,1,0, 57243
15,57241,2,4,1, 57245
25,57245,2,2,1, 57247
1,57246,1,1,1, 57247
8,57246,1,1,1, 57247
5,57247,3,3,1, 57250
24,57249,1,1,1, 57250
23,57248,3,3,1, 57251
16,57249,2,2,1, 57251
6,57250,2,2,1, 57252
13,57249,4,4,1, 57253
7,57252,1,1,0, 57253
30,57253,3,3,1, 57256
25,57255,2,2,1, 57257
1,57256,1,1,1, 57257
8,57256,1,1,0, 57257
31,57256,2,2,1, 57258
24,57259,1,1,1, 57260
23,57258,3,3,1, 57261
29,57258,4,4,1, 57262
17,57259,3,3,1, 57262
6,57260,2,2,1, 57262
13,57259,4,4,1, 57263
7,57262,1,1,1, 57263
18,57263,4,4,1, 57267
25,57265,2,2,1, 57267
1,57266,1,1,0, 57267
8,57266,1,1,0, 57267
26,57267,3,3,1, 57270
24,57269,1,1,1, 57270
23,57268,3,3,1, 57271
17,57269,3,3,1, 57272
6,57270,2,2,1, 57272
7,57272,1,1,1, 57273
30,57273,3,3,1, 57276
18,57273,4,4,1, 57277
1,57276,1,1,0, 57277
8,57276,1,1,0, 57277
31,57276,2,2,1, 57278
5,57277,3,3,1, 57280
24,57279,1,1,1, 57280
23,57278,3,3,1, 57281
16,57279,2,2,1, 57281
17,57279,3,3,1, 57282
2,57283,2,2,1, 57285
25,57285,2,2,1, 57287
1,57286,1,1,1, 57287
8,57286,1,1,0, 57287
28,57284,5,5,1, 57289
9,57287,2,2,1, 57289
4,57286,4,4,1, 57290
24,57289,1,1,0, 57290
16,57289,2,2,1, 57291
17,57289,3,3,1, 57292
12,57290,5,5,1, 57295
27,57292,4,4,1, 57296
8,57296,1,1,0, 57297
24,57299,1,1,0, 57300
8,57306,1,1,1, 57307
24,57309,1,1,1, 57310
8,57316,1,1,1, 57317
24,57319,1,1,0, 57320
16,57319,2,2,1, 57321
8,57326,1,1,1, 57327
24,57329,1,1,1, 57330
16,57329,2,2,1, 57331
8,57336,1,1,0, 57337
24,57339,1,1,0, 57340
16,57339,2,2,1, 57341
8,57346,1,1,1, 57347
24,57349,1,1,0, 57350
8,57356,1,1,0, 57357
24,57359,1,1,0, 57360
16,57359,2,2,1, 57361
8,57366,1,1,0, 57367
24,57369,1,1,0, 57370
16,57369,2,2,1, 57371
8,57376,1,1,1, 57377
24,57379,1,1,1, 57380
16,57379,2,2,1, 57381
8,57386,1,1,1, 57387
24,57389,1,1,1, 57390
23,57388,3,3,1, 57391
7,57392,1,1,0, 57393
15,57391,2,4,1, 57395
8,57396,1,1,1, 57397
31,57396,2,2,1, 57398
24,57399,1,1,0, 57400
7,57402,1,1,0, 57403
15,57401,2,4,1, 57405
1,57406,1,1,0, 57407
8,57406,1,1,0, 57407
24,57409,1,1,0, 57410
23,57408,3,3,1, 57411
6,57410,2,2,1, 57412
7,57412,1,1,1, 57413
15,57411,2,4,1, 57415
25,57415,2,2,1, 57417
1,57416,1,1,1, 57417
8,57416,1,1,0, 57417
24,57419,1,1,1, 57420
16,57419,2,2,1, 57421
17,57419,3,3,1, 57422
7,57422,1,1,1, 57423
1,57426,1,1,1, 57427
8,57426,1,1,1, 57427
9,57427,2,2,1, 57429
24,57429,1,1,1, 57430
16,57429,2,2,1, 57431
17,57429,3,3,1, 57432
6,57430,2,2,1, 57432
7,57432,1,1,0, 57433
2,57433,2,2,1, 57435
25,57435,2,2,1, 57437
1,57436,1,1,0, 57437
8,57436,1,1,1, 57437
9,57437,2,2,1, 57439
24,57439,1,1,1, 57440
6,57440,2,2,1, 57442
7,57442,1,1,0, 57443
2,57443,2,2,1, 57445
1,57446,1,1,1, 57447
8,57446,1,1,0, 57447
22,57446,4,4,1, 57450
24,57449,1,1,1, 57450
7,57452,1,1,0, 57453
2,57453,2,2,1, 57455
1,57456,1,1,1, 57457
8,57456,1,1,1, 57457
3,57457,3,3,1, 57460
24,57459,1,1,1, 57460
7,57462,1,1,0, 57463
2,57463,2,2,1, 57465
30,57463,3,3,1, 57466
25,57465,2,2,1, 57467
1,57466,1,1,0, 57467
8,57466,1,1,0, 57467
11,57464,4,4,1, 57468
24,57469,1,1,0, 57470
19,57466,5,5,1, 57471
17,57469,3,3,1, 57472
6,57470,2,2,1, 57472
7,57472,1,1,0, 57473
2,57473,2,2,1, 57475
27,57472,4,4,1, 57476
30,57473,3,3,1, 57476
1,57476,1,1,1, 57477
8,57476,1,1,0, 57477
11,57474,4,4,1, 57478
5,57477,3,3,1, 57480
24,57479,1,1,0, 57480
16,57479,2,2,1, 57481
14,57479,3,3,1, 57482
6,57480,2,2,1, 57482
7,57482,1,1,0, 57483
30,57483,3,3,1, 57486
8,57486,1,1,1, 57487
5,57487,3,3,1, 57490
24,57489,1,1,0, 57490
21,57487,5,5,1, 57492
8,57496,1,1,0, 57497
24,57499,1,1,0, 57500
8,57506,1,1,1, 57507
24,57509,1,1,0, 57510
16,57509,2,2,1, 57511
8,57516,1,1,0, 57517
24,57519,1,1,1, 57520
8,57526,1,1,0, 57527
24,57529,1,1,0, 57530
8,57536,1,1,0, 57537
24,57539,1,1,0, 57540
16,57539,2,2,1, 57541
8,57546,1,1,1, 57547
24,57549,1,1,1, 57550
16,57549,2,2,1, 57551
8,57556,1,1,1, 57557
24,57559,1,1,0, 57560
16,57559,2,2,1, 57561
8,57566,1,1,1, 57567
24,57569,1,1,0, 57570
8,57576,1,1,1, 57577
24,57579,1,1,0, 57580
16,57579,2,2,1, 57581
1,57586,1,1,1, 57587
8,57586,1,1,1, 57587
24,57589,1,1,0, 57590
1,57596,1,1,1, 57597
8,57596,1,1,1, 57597
9,57597,2,2,1, 57599
24,57599,1,1,1, 57600
23,57598,3,3,1, 57601
16,57599,2,2,1, 57601
7,57602,1,1,0, 57603
1,57606,1,1,0, 57607
8,57606,1,1,1, 57607
24,57609,1,1,1, 57610
7,57612,1,1,0, 57613
15,57611,2,4,1, 57615
1,57616,1,1,0, 57617
8,57616,1,1,0, 57617
31,57616,2,2,1, 57618
24,57619,1,1,0, 57620
23,57618,3,3,1, 57621
7,57622,1,1,0, 57623
15,57621,2,4,1, 57625
1,57626,1,1,1, 57627
8,57626,1,1,0, 57627
9,57627,2,2,1, 57629
22,57626,4,4,1, 57630
5,57627,3,3,1, 57630
24,57629,1,1,1, 57630
23,57628,3,3,1, 57631
16,57629,2,2,1, 57631
17,57629,3,3,1, 57632
7,57632,1,1,0, 57633
18,57633,4,4,1, 57637
1,57636,1,1,0, 57637
8,57636,1,1,1, 57637
31,57636,2,2,1, 57638
22,57636,4,4,1, 57640
3,57637,3,3,1, 57640
26,57637,3,3,1, 57640
24,57639,1,1,1, 57640
19,57636,5,5,1, 57641
23,57638,3,3,1, 57641
6,57640,2,2,1, 57642
13,57639,4,4,1, 57643
7,57642,1,1,1, 57643
2,57643,2,2,1, 57645
27,57642,4,4,1, 57646
25,57645,2,2,1, 57647
1,57646,1,1,1, 57647
8,57646,1,1,0, 57647
11,57644,4,4,1, 57648
31,57646,2,2,1, 57648
9,57647,2,2,1, 57649
22,57646,4,4,1, 57650
3,57647,3,3,1, 57650
24,57649,1,1,1, 57650
23,57648,3,3,1, 57651
16,57649,2,2,1, 57651
27,57652,4,4,1, 57656
18,57653,4,4,1, 57657
1,57656,1,1,1, 57657
8,57656,1,1,0, 57657
3,57657,3,3,1, 57660
24,57659,1,1,1, 57660
16,57659,2,2,1, 57661
17,57659,3,3,1, 57662
8,57666,1,1,0, 57667
24,57669,1,1,0, 57670
8,57676,1,1,1, 57677
24,57679,1,1,0, 57680
16,57679,2,2,1, 57681
8,57686,1,1,1, 57687
24,57689,1,1,0, 57690
16,57689,2,2,1, 57691
8,57696,1,1,1, 57697
24,57699,1,1,0, 57700
8,57706,1,1,0, 57707
24,57709,1,1,1, 57710
8,57716,1,1,0, 57717
24,57719,1,1,1, 57720
8,57726,1,1,1, 57727
24,57729,1,1,1, 57730
8,57736,1,1,1, 57737
24,57739,1,1,0, 57740
16,57739,2,2,1, 57741
8,57746,1,1,0, 57747
24,57749,1,1,1, 57750
8,57756,1,1,0, 57757
31,57756,2,2,1, 57758
24,57759,1,1,1, 57760
7,57762,1,1,1, 57763
1,57766,1,1,1, 57767
8,57766,1,1,1, 57767
31,57766,2,2,1, 57768
24,57769,1,1,0, 57770
16,57769,2,2,1, 57771
7,57772,1,1,0, 57773
1,57776,1,1,0, 57777
8,57776,1,1,0, 57777
24,57779,1,1,0, 57780
23,57778,3,3,1, 57781
7,57782,1,1,0, 57783
2,57783,2,2,1, 57785
1,57786,1,1,0, 57787
8,57786,1,1,0, 57787
24,57789,1,1,0, 57790
16,57789,2,2,1, 57791
7,57792,1,1,1, 57793
15,57791,2,4,1, 57795
1,57796,1,1,1, 57797
8,57796,1,1,0, 57797
31,57796,2,2,1, 57798
9,57797,2,2,1, 57799
26,57797,3,3,1, 57800
24,57799,1,1,0, 57800
16,57799,2,2,1, 57801
17,57799,3,3,1, 57802
7,57802,1,1,0, 57803
15,57801,2,4,1, 57805
18,57803,4,4,1, 57807
25,57805,2,2,1, 57807
1,57806,1,1,1, 57807
8,57806,1,1,1, 57807
31,57806,2,2,1, 57808
24,57809,1,1,0, 57810
23,57808,3,3,1, 57811
16,57809,2,2,1, 57811
17,57809,3,3,1, 57812
7,57812,1,1,0, 57813
15,57811,2,4,1, 57815
2,57813,2,2,1, 57815
1,57816,1,1,0, 57817
8,57816,1,1,1, 57817
31,57816,2,2,1, 57818
24,57819,1,1,1, 57820
7,57822,1,1,0, 57823
15,57821,2,4,1, 57825
2,57823,2,2,1, 57825
30,57823,3,3,1, 57826
1,57826,1,1,1, 57827
8,57826,1,1,1, 57827
31,57826,2,2,1, 57828
9,57827,2,2,1, 57829
3,57827,3,3,1, 57830
5,57827,3,3,1, 57830
24,57829,1,1,0, 57830
21,57827,5,5,1, 57832
17,57829,3,3,1, 57832
7,57832,1,1,0, 57833
12,57830,5,5,1, 57835
15,57831,2,4,1, 57835
30,57833,3,3,1, 57836
1,57836,1,1,0, 57837
8,57836,1,1,0, 57837
31,57836,2,2,1, 57838
28,57834,5,5,1, 57839
9,57837,2,2,1, 57839
3,57837,3,3,1, 57840
24,57839,1,1,1, 57840
16,57839,2,2,1, 57841
8,57846,1,1,0, 57847
24,57849,1,1,0, 57850
8,57856,1,1,1, 57857
24,57859,1,1,0, 57860
8,57866,1,1,0, 57867
24,57869,1,1,1, 57870
16,57869,2,2,1, 57871
8,57876,1,1,0, 57877
24,57879,1,1,1, 57880
16,57879,2,2,1, 57881
8,57886,1,1,1, 57887
24,57889,1,1,0, 57890
16,57889,2,2,1, 57891
8,57896,1,1,1, 57897
24,57899,1,1,1, 57900
16,57899,2,2,1, 57901
8,57906,1,1,0, 57907
8,57916,1,1,1, 57917
8,57926,1,1,0, 57927
8,57936,1,1,1, 57937
1,57946,1,1,0, 57947
8,57946,1,1,0, 57947
7,57952,1,1,1, 57953
25,57955,2,2,1, 57957
1,57956,1,1,0, 57957
8,57956,1,1,1, 57957
7,57962,1,1,1, 57963
1,57966,1,1,0, 57967
8,57966,1,1,0, 57967
17,57969,3,3,1, 57972
7,57972,1,1,1, 57973
1,57976,1,1,0, 57977
8,57976,1,1,0, 57977
17,57979,3,3,1, 57982
7,57982,1,1,1, 57983
25,57985,2,2,1, 57987
1,57986,1,1,0, 57987
8,57986,1,1,1, 57987
17,57989,3,3,1, 57992
7,57992,1,1,0, 57993
25,57995,2,2,1, 57997
1,57996,1,1,1, 57997
8,57996,1,1,0, 57997
7,58002,1,1,1, 58003
1,58006,1,1,0, 58007
8,58006,1,1,1, 58007
31,58006,2,2,1, 58008
24,58009,1,1,0, 58010
7,58012,1,1,1, 58013
2,58013,2,2,1, 58015
30,58013,3,3,1, 58016
18,58013,4,4,1, 58017
1,58016,1,1,1, 58017
8,58016,1,1,0, 58017
5,58017,3,3,1, 58020
24,58019,1,1,0, 58020
23,58018,3,3,1, 58021
29,58018,4,4,1, 58022
14,58019,3,3,1, 58022
6,58020,2,2,1, 58022
13,58019,4,4,1, 58023
7,58022,1,1,0, 58023
15,58021,2,4,1, 58025
25,58025,2,2,1, 58027
1,58026,1,1,0, 58027
8,58026,1,1,0, 58027
31,58026,2,2,1, 58028
5,58027,3,3,1, 58030
26,58027,3,3,1, 58030
24,58029,1,1,0, 58030
21,58027,5,5,1, 58032
6,58030,2,2,1, 58032
7,58032,1,1,1, 58033
2,58033,2,2,1, 58035
30,58033,3,3,1, 58036
1,58036,1,1,0, 58037
8,58036,1,1,0, 58037
31,58036,2,2,1, 58038
22,58036,4,4,1, 58040
26,58037,3,3,1, 58040
24,58039,1,1,1, 58040
23,58038,3,3,1, 58041
21,58037,5,5,1, 58042
2,58043,2,2,1, 58045
25,58045,2,2,1, 58047
1,58046,1,1,0, 58047
8,58046,1,1,1, 58047
24,58049,1,1,1, 58050
2,58053,2,2,1, 58055
1,58056,1,1,0, 58057
8,58056,1,1,0, 58057
26,58057,3,3,1, 58060
24,58059,1,1,0, 58060
16,58059,2,2,1, 58061
25,58065,2,2,1, 58067
1,58066,1,1,1, 58067
8,58066,1,1,1, 58067
24,58069,1,1,1, 58070
16,58069,2,2,1, 58071
27,58072,4,4,1, 58076
1,58076,1,1,1, 58077
8,58076,1,1,0, 58077
11,58074,4,4,1, 58078
28,58074,5,5,1, 58079
3,58077,3,3,1, 58080
24,58079,1,1,1, 58080
8,58086,1,1,0, 58087
24,58089,1,1,0, 58090
8,58096,1,1,1, 58097
24,58099,1,1,0, 58100
8,58106,1,1,1, 58107
24,58109,1,1,1, 58110
8,58116,1,1,1, 58117
24,58119,1,1,1, 58120
16,58119,2,2,1, 58121
8,58126,1,1,0, 58127
24,58129,1,1,1, 58130
8,58136,1,1,1, 58137
24,58139,1,1,1, 58140
16,58139,2,2,1, 58141
8,58146,1,1,1, 58147
24,58149,1,1,1, 58150
16,58149,2,2,1, 58151
7,58152,1,1,0, 58153
8,58156,1,1,1, 58157
24,58159,1,1,1, 58160
7,58162,1,1,0, 58163
8,58166,1,1,0, 58167
24,58169,1,1,0, 58170
6,58170,2,2,1, 58172
7,58172,1,1,0, 58173
8,58176,1,1,0, 58177
24,58179,1,1,0, 58180
7,58182,1,1,0, 58183
1,58186,1,1,0, 58187
8,58186,1,1,0, 58187
9,58187,2,2,1, 58189
22,58186,4,4,1, 58190
24,58189,1,1,1, 58190
21,58187,5,5,1, 58192
29,58188,4,4,1, 58192
6,58190,2,2,1, 58192
7,58192,1,1,0, 58193
1,58196,1,1,1, 58197
8,58196,1,1,0, 58197
9,58197,2,2,1, 58199
22,58196,4,4,1, 58200
5,58197,3,3,1, 58200
24,58199,1,1,1, 58200
6,58200,2,2,1, 58202
7,58202,1,1,0, 58203
1,58206,1,1,1, 58207
8,58206,1,1,1, 58207
22,58206,4,4,1, 58210
5,58207,3,3,1, 58210
24,58209,1,1,0, 58210
14,58209,3,3,1, 58212
17,58209,3,3,1, 58212
7,58212,1,1,1, 58213
25,58215,2,2,1, 58217
1,58216,1,1,0, 58217
8,58216,1,1,1, 58217
9,58217,2,2,1, 58219
22,58216,4,4,1, 58220
5,58217,3,3,1, 58220
26,58217,3,3,1, 58220
24,58219,1,1,1, 58220
16,58219,2,2,1, 58221
29,58218,4,4,1, 58222
14,58219,3,3,1, 58222
6,58220,2,2,1, 58222
13,58219,4,4,1, 58223
7,58222,1,1,0, 58223
30,58223,3,3,1, 58226
25,58225,2,2,1, 58227
1,58226,1,1,0, 58227
8,58226,1,1,0, 58227
31,58226,2,2,1, 58228
9,58227,2,2,1, 58229
24,58229,1,1,1, 58230
16,58229,2,2,1, 58231
2,58233,2,2,1, 58235
18,58233,4,4,1, 58237
25,58235,2,2,1, 58237
1,58236,1,1,0, 58237
8,58236,1,1,1, 58237
11,58234,4,4,1, 58238
3,58237,3,3,1, 58240
26,58237,3,3,1, 58240
24,58239,1,1,1, 58240
16,58239,2,2,1, 58241
17,58239,3,3,1, 58242
27,58242,4,4,1, 58246
18,58243,4,4,1, 58247
8,58246,1,1,0, 58247
24,58249,1,1,1, 58250
8,58256,1,1,0, 58257
24,58259,1,1,0, 58260
8,58266,1,1,1, 58267
24,58269,1,1,1, 58270
16,58269,2,2,1, 58271
8,58276,1,1,1, 58277
24,58279,1,1,0, 58280
8,58286,1,1,1, 58287
24,58289,1,1,1, 58290
16,58289,2,2,1, 58291
8,58296,1,1,0, 58297
24,58299,1,1,0, 58300
16,58299,2,2,1, 58301
8,58306,1,1,1, 58307
24,58309,1,1,1, 58310
8,58316,1,1,1, 58317
24,58319,1,1,1, 58320
8,58326,1,1,0, 58327
24,58329,1,1,0, 58330
16,58329,2,2,1, 58331
7,58332,1,1,1, 58333
8,58336,1,1,0, 58337
24,58339,1,1,0, 58340
7,58342,1,1,1, 58343
8,58346,1,1,1, 58347
24,58349,1,1,0, 58350
16,58349,2,2,1, 58351
17,58349,3,3,1, 58352
7,58352,1,1,1, 58353
30,58353,3,3,1, 58356
1,58356,1,1,1, 58357
8,58356,1,1,1, 58357
22,58356,4,4,1, 58360
24,58359,1,1,0, 58360
16,58359,2,2,1, 58361
14,58359,3,3,1, 58362
17,58359,3,3,1, 58362
13,58359,4,4,1, 58363
7,58362,1,1,0, 58363
30,58363,3,3,1, 58366
1,58366,1,1,1, 58367
8,58366,1,1,0, 58367
22,58366,4,4,1, 58370
24,58369,1,1,0, 58370
17,58369,3,3,1, 58372
7,58372,1,1,0, 58373
30,58373,3,3,1, 58376
1,58376,1,1,1, 58377
8,58376,1,1,1, 58377
9,58377,2,2,1, 58379
22,58376,4,4,1, 58380
5,58377,3,3,1, 58380
26,58377,3,3,1, 58380
24,58379,1,1,0, 58380
14,58379,3,3,1, 58382
17,58379,3,3,1, 58382
13,58379,4,4,1, 58383
7,58382,1,1,0, 58383
1,58386,1,1,0, 58387
8,58386,1,1,0, 58387
5,58387,3,3,1, 58390
24,58389,1,1,1, 58390
16,58389,2,2,1, 58391
21,58387,5,5,1, 58392
14,58389,3,3,1, 58392
17,58389,3,3,1, 58392
6,58390,2,2,1, 58392
7,58392,1,1,0, 58393
2,58393,2,2,1, 58395
30,58393,3,3,1, 58396
18,58393,4,4,1, 58397
25,58395,2,2,1, 58397
1,58396,1,1,0, 58397
8,58396,1,1,0, 58397
24,58399,1,1,1, 58400
16,58399,2,2,1, 58401
17,58399,3,3,1, 58402
7,58402,1,1,0, 58403
18,58403,4,4,1, 58407
1,58406,1,1,1, 58407
8,58406,1,1,0, 58407
24,58409,1,1,1, 58410
16,58409,2,2,1, 58411
7,58412,1,1,0, 58413
2,58413,2,2,1, 58415
25,58415,2,2,1, 58417
1,58416,1,1,0, 58417
8,58416,1,1,0, 58417
11,58414,4,4,1, 58418
3,58417,3,3,1, 58420
24,58419,1,1,0, 58420
19,58416,5,5,1, 58421
17,58419,3,3,1, 58422
7,58422,1,1,0, 58423
8,58426,1,1,0, 58427
31,58426,2,2,1, 58428
24,58429,1,1,0, 58430
23,58428,3,3,1, 58431
16,58429,2,2,1, 58431
7,58432,1,1,0, 58433
15,58431,2,4,1, 58435
8,58436,1,1,1, 58437
24,58439,1,1,0, 58440
8,58446,1,1,0, 58447
24,58449,1,1,1, 58450
16,58449,2,2,1, 58451
8,58456,1,1,1, 58457
24,58459,1,1,1, 58460
8,58466,1,1,1, 58467
24,58469,1,1,0, 58470
16,58469,2,2,1, 58471
8,58476,1,1,1, 58477
24,58479,1,1,1, 58480
16,58479,2,2,1, 58481
8,58486,1,1,0, 58487
24,58489,1,1,0, 58490
16,58489,2,2,1, 58491
8,58496,1,1,0, 58497
24,58499,1,1,1, 58500
16,58499,2,2,1, 58501
8,58506,1,1,1, 58507
24,58509,1,1,1, 58510
8,58516,1,1,0, 58517
24,58519,1,1,1, 58520
16,58519,2,2,1, 58521
1,58526,1,1,1, 58527
8,58526,1,1,1, 58527
9,58527,2,2,1, 58529
24,58529,1,1,1, 58530
1,58536,1,1,1, 58537
8,58536,1,1,0, 58537
9,58537,2,2,1, 58539
24,58539,1,1,1, 58540
23,58538,3,3,1, 58541
16,58539,2,2,1, 58541
13,58539,4,4,1, 58543
7,58542,1,1,0, 58543
25,58545,2,2,1, 58547
1,58546,1,1,1, 58547
8,58546,1,1,1, 58547
9,58547,2,2,1, 58549
24,58549,1,1,1, 58550
23,58548,3,3,1, 58551
14,58549,3,3,1, 58552
17,58549,3,3,1, 58552
7,58552,1,1,0, 58553
15,58551,2,4,1, 58555
2,58553,2,2,1, 58555
25,58555,2,2,1, 58557
1,58556,1,1,1, 58557
8,58556,1,1,0, 58557
31,58556,2,2,1, 58558
26,58557,3,3,1, 58560
24,58559,1,1,0, 58560
17,58559,3,3,1, 58562
6,58560,2,2,1, 58562
13,58559,4,4,1, 58563
7,58562,1,1,1, 58563
2,58563,2,2,1, 58565
30,58563,3,3,1, 58566
25,58565,2,2,1, 58567
1,58566,1,1,0, 58567
8,58566,1,1,1, 58567
31,58566,2,2,1, 58568
24,58569,1,1,0, 58570
6,58570,2,2,1, 58572
7,58572,1,1,0, 58573
1,58576,1,1,1, 58577
8,58576,1,1,0, 58577
31,58576,2,2,1, 58578
22,58576,4,4,1, 58580
24,58579,1,1,0, 58580
16,58579,2,2,1, 58581
14,58579,3,3,1, 58582
13,58579,4,4,1, 58583
7,58582,1,1,0, 58583
25,58585,2,2,1, 58587
1,58586,1,1,1, 58587
8,58586,1,1,0, 58587
31,58586,2,2,1, 58588
24,58589,1,1,1, 58590
16,58589,2,2,1, 58591
1,58596,1,1,1, 58597
8,58596,1,1,1, 58597
24,58599,1,1,0, 58600
25,58605,2,2,1, 58607
1,58606,1,1,1, 58607
8,58606,1,1,0, 58607
24,58609,1,1,0, 58610
16,58609,2,2,1, 58611
2,58613,2,2,1, 58615
27,58612,4,4,1, 58616
1,58616,1,1,0, 58617
8,58616,1,1,1, 58617
11,58614,4,4,1, 58618
24,58619,1,1,0, 58620
19,58616,5,5,1, 58621
16,58619,2,2,1, 58621
2,58623,2,2,1, 58625
8,58626,1,1,0, 58627
24,58629,1,1,1, 58630
8,58636,1,1,0, 58637
24,58639,1,1,1, 58640
8,58646,1,1,1, 58647
24,58649,1,1,1, 58650
16,58649,2,2,1, 58651
8,58656,1,1,0, 58657
24,58659,1,1,1, 58660
8,58666,1,1,1, 58667
24,58669,1,1,0, 58670
8,58676,1,1,0, 58677
24,58679,1,1,0, 58680
16,58679,2,2,1, 58681
8,58686,1,1,0, 58687
24,58689,1,1,1, 58690
16,58689,2,2,1, 58691
7,58692,1,1,0, 58693
8,58696,1,1,0, 58697
24,58699,1,1,0, 58700
16,58699,2,2,1, 58701
7,58702,1,1,1, 58703
8,58706,1,1,1, 58707
31,58706,2,2,1, 58708
24,58709,1,1,0, 58710
23,58708,3,3,1, 58711
16,58709,2,2,1, 58711
7,58712,1,1,0, 58713
15,58711,2,4,1, 58715
8,58716,1,1,1, 58717
24,58719,1,1,1, 58720
23,58718,3,3,1, 58721
7,58722,1,1,1, 58723
15,58721,2,4,1, 58725
8,58726,1,1,1, 58727
24,58729,1,1,1, 58730
16,58729,2,2,1, 58731
14,58729,3,3,1, 58732
17,58729,3,3,1, 58732
6,58730,2,2,1, 58732
7,58732,1,1,0, 58733
15,58731,2,4,1, 58735
25,58735,2,2,1, 58737
1,58736,1,1,0, 58737
8,58736,1,1,1, 58737
31,58736,2,2,1, 58738
5,58737,3,3,1, 58740
24,58739,1,1,0, 58740
29,58738,4,4,1, 58742
17,58739,3,3,1, 58742
6,58740,2,2,1, 58742
7,58742,1,1,0, 58743
25,58745,2,2,1, 58747
1,58746,1,1,0, 58747
8,58746,1,1,1, 58747
31,58746,2,2,1, 58748
5,58747,3,3,1, 58750
24,58749,1,1,1, 58750
16,58749,2,2,1, 58751
21,58747,5,5,1, 58752
29,58748,4,4,1, 58752
17,58749,3,3,1, 58752
25,58755,2,2,1, 58757
1,58756,1,1,0, 58757
8,58756,1,1,1, 58757
24,58759,1,1,0, 58760
16,58759,2,2,1, 58761
1,58766,1,1,1, 58767
8,58766,1,1,1, 58767
24,58769,1,1,1, 58770
16,58769,2,2,1, 58771
2,58773,2,2,1, 58775
25,58775,2,2,1, 58777
1,58776,1,1,0, 58777
8,58776,1,1,1, 58777
9,58777,2,2,1, 58779
26,58777,3,3,1, 58780
24,58779,1,1,1, 58780
19,58776,5,5,1, 58781
17,58779,3,3,1, 58782
27,58782,4,4,1, 58786
25,58785,2,2,1, 58787
1,58786,1,1,0, 58787
8,58786,1,1,0, 58787
11,58784,4,4,1, 58788
9,58787,2,2,1, 58789
3,58787,3,3,1, 58790
24,58789,1,1,0, 58790
19,58786,5,5,1, 58791
16,58789,2,2,1, 58791
8,58796,1,1,0, 58797
24,58799,1,1,1, 58800
16,58799,2,2,1, 58801
8,58806,1,1,0, 58807
24,58809,1,1,0, 58810
8,58816,1,1,0, 58817
24,58819,1,1,0, 58820
8,58826,1,1,0, 58827
24,58829,1,1,0, 58830
16,58829,2,2,1, 58831
8,58836,1,1,1, 58837
24,58839,1,1,1, 58840
16,58839,2,2,1, 58841
8,58846,1,1,1, 58847
24,58849,1,1,1, 58850
8,58856,1,1,1, 58857
24,58859,1,1,0, 58860
7,58862,1,1,0, 58863
8,58866,1,1,1, 58867
24,58869,1,1,1, 58870
16,58869,2,2,1, 58871
7,58872,1,1,0, 58873
8,58876,1,1,1, 58877
24,58879,1,1,1, 58880
16,58879,2,2,1, 58881
7,58882,1,1,0, 58883
8,58886,1,1,0, 58887
24,58889,1,1,0, 58890
16,58889,2,2,1, 58891
7,58892,1,1,0, 58893
8,58896,1,1,0, 58897
31,58896,2,2,1, 58898
24,58899,1,1,1, 58900
16,58899,2,2,1, 58901
17,58899,3,3,1, 58902
6,58900,2,2,1, 58902
7,58902,1,1,1, 58903
1,58906,1,1,0, 58907
8,58906,1,1,1, 58907
31,58906,2,2,1, 58908
9,58907,2,2,1, 58909
22,58906,4,4,1, 58910
24,58909,1,1,1, 58910
23,58908,3,3,1, 58911
16,58909,2,2,1, 58911
21,58907,5,5,1, 58912
17,58909,3,3,1, 58912
13,58909,4,4,1, 58913
7,58912,1,1,0, 58913
15,58911,2,4,1, 58915
30,58913,3,3,1, 58916
1,58916,1,1,1, 58917
8,58916,1,1,0, 58917
22,58916,4,4,1, 58920
24,58919,1,1,1, 58920
16,58919,2,2,1, 58921
29,58918,4,4,1, 58922
7,58922,1,1,0, 58923
15,58921,2,4,1, 58925
1,58926,1,1,1, 58927
8,58926,1,1,0, 58927
31,58926,2,2,1, 58928
5,58927,3,3,1, 58930
23,58928,3,3,1, 58931
21,58927,5,5,1, 58932
1,58936,1,1,0, 58937
8,58936,1,1,0, 58937
26,58937,3,3,1, 58940
2,58943,2,2,1, 58945
25,58945,2,2,1, 58947
1,58946,1,1,1, 58947
8,58946,1,1,1, 58947
26,58947,3,3,1, 58950
17,58949,3,3,1, 58952
2,58953,2,2,1, 58955
1,58956,1,1,0, 58957
8,58956,1,1,0, 58957
9,58957,2,2,1, 58959
17,58959,3,3,1, 58962
2,58963,2,2,1, 58965
18,58963,4,4,1, 58967
25,58965,2,2,1, 58967
1,58966,1,1,1, 58967
8,58966,1,1,1, 58967
9,58967,2,2,1, 58969
18,58973,4,4,1, 58977
1,58976,1,1,0, 58977
8,58976,1,1,1, 58977
2,58983,2,2,1, 58985
8,58986,1,1,0, 58987
8,58996,1,1,1, 58997
8,59006,1,1,1, 59007
8,59016,1,1,0, 59017
8,59026,1,1,1, 59027
24,59029,1,1,0, 59030
16,59029,2,2,1, 59031
8,59036,1,1,0, 59037
31,59036,2,2,1, 59038
24,59039,1,1,0, 59040
7,59042,1,1,1, 59043
8,59046,1,1,0, 59047
24,59049,1,1,0, 59050
7,59052,1,1,0, 59053
8,59056,1,1,0, 59057
31,59056,2,2,1, 59058
24,59059,1,1,1, 59060
16,59059,2,2,1, 59061
7,59062,1,1,1, 59063
8,59066,1,1,0, 59067
24,59069,1,1,0, 59070
29,59068,4,4,1, 59072
14,59069,3,3,1, 59072
6,59070,2,2,1, 59072
7,59072,1,1,0, 59073
8,59076,1,1,1, 59077
31,59076,2,2,1, 59078
22,59076,4,4,1, 59080
24,59079,1,1,0, 59080
29,59078,4,4,1, 59082
14,59079,3,3,1, 59082
6,59080,2,2,1, 59082
7,59082,1,1,1, 59083
30,59083,3,3,1, 59086
8,59086,1,1,0, 59087
31,59086,2,2,1, 59088
9,59087,2,2,1, 59089
5,59087,3,3,1, 59090
24,59089,1,1,1, 59090
16,59089,2,2,1, 59091
14,59089,3,3,1, 59092
17,59089,3,3,1, 59092
6,59090,2,2,1, 59092
13,59089,4,4,1, 59093
7,59092,1,1,0, 59093
1,59096,1,1,0, 59097
8,59096,1,1,0, 59097
31,59096,2,2,1, 59098
9,59097,2,2,1, 59099
24,59099,1,1,0, 59100
29,59098,4,4,1, 59102
1,59106,1,1,1, 59107
8,59106,1,1,1, 59107
9,59107,2,2,1, 59109
24,59109,1,1,1, 59110
1,59116,1,1,1, 59117
8,59116,1,1,0, 59117
24,59119,1,1,0, 59120
16,59119,2,2,1, 59121
17,59119,3,3,1, 59122
1,59126,1,1,0, 59127
8,59126,1,1,0, 59127
24,59129,1,1,1, 59130
17,59129,3,3,1, 59132
1,59136,1,1,0, 59137
8,59136,1,1,0, 59137
24,59139,1,1,1, 59140
16,59139,2,2,1, 59141
2,59143,2,2,1, 59145
1,59146,1,1,0, 59147
8,59146,1,1,1, 59147
26,59147,3,3,1, 59150
24,59149,1,1,1, 59150
2,59153,2,2,1, 59155
18,59153,4,4,1, 59157
25,59155,2,2,1, 59157
1,59156,1,1,0, 59157
8,59156,1,1,0, 59157
24,59159,1,1,0, 59160
16,59159,2,2,1, 59161
2,59163,2,2,1, 59165
18,59163,4,4,1, 59167
25,59165,2,2,1, 59167
1,59166,1,1,0, 59167
8,59166,1,1,0, 59167
24,59169,1,1,1, 59170
16,59169,2,2,1, 59171
25,59175,2,2,1, 59177
1,59176,1,1,1, 59177
8,59176,1,1,1, 59177
11,59174,4,4,1, 59178
4,59176,4,4,1, 59180
3,59177,3,3,1, 59180
24,59179,1,1,1, 59180
8,59186,1,1,1, 59187
24,59189,1,1,1, 59190
8,59196,1,1,0, 59197
24,59199,1,1,1, 59200
16,59199,2,2,1, 59201
8,59206,1,1,1, 59207
24,59209,1,1,0, 59210
23,59208,3,3,1, 59211
7,59212,1,1,0, 59213
8,59216,1,1,0, 59217
31,59216,2,2,1, 59218
24,59219,1,1,0, 59220
16,59219,2,2,1, 59221
7,59222,1,1,1, 59223
8,59226,1,1,1, 59227
24,59229,1,1,0, 59230
14,59229,3,3,1, 59232
6,59230,2,2,1, 59232
13,59229,4,4,1, 59233
7,59232,1,1,0, 59233
8,59236,1,1,1, 59237
31,59236,2,2,1, 59238
22,59236,4,4,1, 59240
5,59237,3,3,1, 59240
24,59239,1,1,0, 59240
23,59238,3,3,1, 59241
14,59239,3,3,1, 59242
6,59240,2,2,1, 59242
13,59239,4,4,1, 59243
7,59242,1,1,1, 59243
15,59241,2,4,1, 59245
8,59246,1,1,0, 59247
22,59246,4,4,1, 59250
24,59249,1,1,0, 59250
23,59248,3,3,1, 59251
14,59249,3,3,1, 59252
7,59252,1,1,0, 59253
15,59251,2,4,1, 59255
8,59256,1,1,1, 59257
24,59259,1,1,0, 59260
16,59259,2,2,1, 59261
8,59266,1,1,1, 59267
24,59269,1,1,1, 59270
16,59269,2,2,1, 59271
8,59276,1,1,1, 59277
24,59279,1,1,1, 59280
16,59279,2,2,1, 59281
1,59286,1,1,0, 59287
8,59286,1,1,1, 59287
24,59289,1,1,1, 59290
17,59289,3,3,1, 59292
1,59296,1,1,1, 59297
8,59296,1,1,1, 59297
9,59297,2,2,1, 59299
24,59299,1,1,0, 59300
16,59299,2,2,1, 59301
1,59306,1,1,1, 59307
8,59306,1,1,0, 59307
9,59307,2,2,1, 59309
24,59309,1,1,0, 59310
2,59313,2,2,1, 59315
1,59316,1,1,0, 59317
8,59316,1,1,0, 59317
9,59317,2,2,1, 59319
24,59319,1,1,1, 59320
2,59323,2,2,1, 59325
1,59326,1,1,0, 59327
8,59326,1,1,0, 59327
9,59327,2,2,1, 59329
24,59329,1,1,0, 59330
17,59329,3,3,1, 59332
2,59333,2,2,1, 59335
25,59335,2,2,1, 59337
1,59336,1,1,0, 59337
8,59336,1,1,0, 59337
9,59337,2,2,1, 59339
24,59339,1,1,1, 59340
16,59339,2,2,1, 59341
17,59339,3,3,1, 59342
2,59343,2,2,1, 59345
25,59345,2,2,1, 59347
1,59346,1,1,0, 59347
8,59346,1,1,0, 59347
24,59349,1,1,0, 59350
16,59349,2,2,1, 59351
2,59353,2,2,1, 59355
25,59355,2,2,1, 59357
1,59356,1,1,0, 59357
8,59356,1,1,1, 59357
9,59357,2,2,1, 59359
24,59359,1,1,1, 59360
7,59362,1,1,1, 59363
8,59366,1,1,0, 59367
24,59369,1,1,0, 59370
7,59372,1,1,1, 59373
8,59376,1,1,1, 59377
31,59376,2,2,1, 59378
22,59376,4,4,1, 59380
24,59379,1,1,0, 59380
23,59378,3,3,1, 59381
16,59379,2,2,1, 59381
7,59382,1,1,1, 59383
15,59381,2,4,1, 59385
8,59386,1,1,0, 59387
5,59387,3,3,1, 59390
24,59389,1,1,0, 59390
16,59389,2,2,1, 59391
6,59390,2,2,1, 59392
7,59392,1,1,1, 59393
8,59396,1,1,1, 59397
5,59397,3,3,1, 59400
24,59399,1,1,0, 59400
23,59398,3,3,1, 59401
16,59399,2,2,1, 59401
21,59397,5,5,1, 59402
29,59398,4,4,1, 59402
7,59402,1,1,1, 59403
8,59406,1,1,0, 59407
31,59406,2,2,1, 59408
5,59407,3,3,1, 59410
24,59409,1,1,0, 59410
16,59409,2,2,1, 59411
7,59412,1,1,0, 59413
8,59416,1,1,1, 59417
31,59416,2,2,1, 59418
24,59419,1,1,1, 59420
23,59418,3,3,1, 59421
7,59422,1,1,1, 59423
30,59423,3,3,1, 59426
8,59426,1,1,1, 59427
31,59426,2,2,1, 59428
22,59426,4,4,1, 59430
24,59429,1,1,0, 59430
8,59436,1,1,1, 59437
24,59439,1,1,0, 59440
8,59446,1,1,0, 59447
24,59449,1,1,1, 59450
8,59456,1,1,0, 59457
24,59459,1,1,0, 59460
8,59466,1,1,1, 59467
24,59469,1,1,0, 59470
16,59469,2,2,1, 59471
25,59475,2,2,1, 59477
1,59476,1,1,1, 59477
8,59476,1,1,0, 59477
24,59479,1,1,0, 59480
16,59479,2,2,1, 59481
1,59486,1,1,0, 59487
8,59486,1,1,1, 59487
24,59489,1,1,0, 59490
16,59489,2,2,1, 59491
17,59489,3,3,1, 59492
25,59495,2,2,1, 59497
1,59496,1,1,0, 59497
8,59496,1,1,0, 59497
9,59497,2,2,1, 59499
24,59499,1,1,1, 59500
16,59499,2,2,1, 59501
1,59506,1,1,1, 59507
8,59506,1,1,1, 59507
24,59509,1,1,0, 59510
2,59513,2,2,1, 59515
18,59513,4,4,1, 59517
25,59515,2,2,1, 59517
1,59516,1,1,1, 59517
8,59516,1,1,0, 59517
9,59517,2,2,1, 59519
24,59519,1,1,1, 59520
16,59519,2,2,1, 59521
18,59523,4,4,1, 59527
1,59526,1,1,0, 59527
8,59526,1,1,0, 59527
9,59527,2,2,1, 59529
26,59527,3,3,1, 59530
24,59529,1,1,0, 59530
2,59533,2,2,1, 59535
1,59536,1,1,0, 59537
8,59536,1,1,0, 59537
31,59536,2,2,1, 59538
9,59537,2,2,1, 59539
26,59537,3,3,1, 59540
24,59539,1,1,1, 59540
16,59539,2,2,1, 59541
17,59539,3,3,1, 59542
7,59542,1,1,1, 59543
15,59541,2,4,1, 59545
2,59543,2,2,1, 59545
25,59545,2,2,1, 59547
1,59546,1,1,0, 59547
8,59546,1,1,1, 59547
26,59547,3,3,1, 59550
24,59549,1,1,0, 59550
7,59552,1,1,0, 59553
8,59556,1,1,0, 59557
24,59559,1,1,0, 59560
16,59559,2,2,1, 59561
7,59562,1,1,1, 59563
8,59566,1,1,1, 59567
24,59569,1,1,1, 59570
6,59570,2,2,1, 59572
7,59572,1,1,1, 59573
8,59576,1,1,1, 59577
24,59579,1,1,0, 59580
6,59580,2,2,1, 59582
7,59582,1,1,0, 59583
8,59586,1,1,0, 59587
24,59589,1,1,1, 59590
14,59589,3,3,1, 59592
6,59590,2,2,1, 59592
7,59592,1,1,0, 59593
8,59596,1,1,1, 59597
24,59599,1,1,0, 59600
14,59599,3,3,1, 59602
6,59600,2,2,1, 59602
7,59602,1,1,1, 59603
8,59606,1,1,0, 59607
24,59609,1,1,1, 59610
14,59609,3,3,1, 59612
13,59609,4,4,1, 59613
7,59612,1,1,1, 59613
8,59616,1,1,0, 59617
24,59619,1,1,1, 59620
16,59619,2,2,1, 59621
14,59619,3,3,1, 59622
6,59620,2,2,1, 59622
7,59622,1,1,0, 59623
8,59626,1,1,1, 59627
24,59629,1,1,1, 59630
16,59629,2,2,1, 59631
7,59632,1,1,1, 59633
8,59636,1,1,0, 59637
22,59636,4,4,1, 59640
24,59639,1,1,1, 59640
16,59639,2,2,1, 59641
14,59639,3,3,1, 59642
7,59642,1,1,1, 59643
30,59643,3,3,1, 59646
8,59646,1,1,0, 59647
31,59646,2,2,1, 59648
22,59646,4,4,1, 59650
24,59649,1,1,0, 59650
14,59649,3,3,1, 59652
13,59649,4,4,1, 59653
7,59652,1,1,0, 59653
1,59656,1,1,1, 59657
8,59656,1,1,0, 59657
9,59657,2,2,1, 59659
22,59656,4,4,1, 59660
24,59659,1,1,0, 59660
16,59659,2,2,1, 59661
14,59659,3,3,1, 59662
17,59659,3,3,1, 59662
7,59662,1,1,0, 59663
1,59666,1,1,1, 59667
8,59666,1,1,1, 59667
9,59667,2,2,1, 59669
5,59667,3,3,1, 59670
24,59669,1,1,1, 59670
16,59669,2,2,1, 59671
17,59669,3,3,1, 59672
1,59676,1,1,0, 59677
8,59676,1,1,0, 59677
9,59677,2,2,1, 59679
24,59679,1,1,1, 59680
16,59679,2,2,1, 59681
17,59679,3,3,1, 59682
1,59686,1,1,1, 59687
8,59686,1,1,1, 59687
9,59687,2,2,1, 59689
24,59689,1,1,1, 59690
17,59689,3,3,1, 59692
1,59696,1,1,1, 59697
8,59696,1,1,1, 59697
24,59699,1,1,0, 59700
17,59699,3,3,1, 59702
2,59703,2,2,1, 59705
25,59705,2,2,1, 59707
1,59706,1,1,0, 59707
8,59706,1,1,1, 59707
9,59707,2,2,1, 59709
26,59707,3,3,1, 59710
24,59709,1,1,0, 59710
2,59713,2,2,1, 59715
25,59715,2,2,1, 59717
1,59716,1,1,0, 59717
8,59716,1,1,0, 59717
24,59719,1,1,1, 59720
16,59719,2,2,1, 59721
2,59723,2,2,1, 59725
18,59723,4,4,1, 59727
1,59726,1,1,1, 59727
8,59726,1,1,0, 59727
24,59729,1,1,1, 59730
17,59729,3,3,1, 59732
8,59736,1,1,1, 59737
24,59739,1,1,0, 59740
16,59739,2,2,1, 59741
8,59746,1,1,1, 59747
24,59749,1,1,1, 59750
16,59749,2,2,1, 59751
8,59756,1,1,1, 59757
24,59759,1,1,0, 59760
8,59766,1,1,0, 59767
24,59769,1,1,1, 59770
8,59776,1,1,1, 59777
24,59779,1,1,0, 59780
23,59778,3,3,1, 59781
16,59779,2,2,1, 59781
6,59780,2,2,1, 59782
7,59782,1,1,1, 59783
15,59781,2,4,1, 59785
8,59786,1,1,1, 59787
22,59786,4,4,1, 59790
24,59789,1,1,0, 59790
16,59789,2,2,1, 59791
21,59787,5,5,1, 59792
29,59788,4,4,1, 59792
14,59789,3,3,1, 59792
13,59789,4,4,1, 59793
7,59792,1,1,0, 59793
8,59796,1,1,0, 59797
24,59799,1,1,0, 59800
23,59798,3,3,1, 59801
29,59798,4,4,1, 59802
14,59799,3,3,1, 59802
13,59799,4,4,1, 59803
7,59802,1,1,1, 59803
15,59801,2,4,1, 59805
8,59806,1,1,1, 59807
31,59806,2,2,1, 59808
24,59809,1,1,0, 59810
16,59809,2,2,1, 59811
14,59809,3,3,1, 59812
7,59812,1,1,0, 59813
15,59811,2,4,1, 59815
8,59816,1,1,1, 59817
31,59816,2,2,1, 59818
24,59819,1,1,0, 59820
23,59818,3,3,1, 59821
8,59826,1,1,1, 59827
24,59829,1,1,1, 59830
16,59829,2,2,1, 59831
1,59836,1,1,0, 59837
8,59836,1,1,0, 59837
24,59839,1,1,1, 59840
1,59846,1,1,0, 59847
8,59846,1,1,0, 59847
24,59849,1,1,0, 59850
16,59849,2,2,1, 59851
25,59855,2,2,1, 59857
1,59856,1,1,0, 59857
8,59856,1,1,0, 59857
24,59859,1,1,0, 59860
16,59859,2,2,1, 59861
25,59865,2,2,1, 59867
1,59866,1,1,0, 59867
8,59866,1,1,1, 59867
24,59869,1,1,0, 59870
1,59876,1,1,1, 59877
8,59876,1,1,1, 59877
24,59879,1,1,0, 59880
16,59879,2,2,1, 59881
1,59886,1,1,1, 59887
8,59886,1,1,0, 59887
24,59889,1,1,1, 59890
16,59889,2,2,1, 59891
2,59893,2,2,1, 59895
25,59895,2,2,1, 59897
1,59896,1,1,0, 59897
8,59896,1,1,0, 59897
24,59899,1,1,1, 59900
2,59903,2,2,1, 59905
1,59906,1,1,1, 59907
8,59906,1,1,0, 59907
24,59909,1,1,0, 59910
16,59909,2,2,1, 59911
2,59913,2,2,1, 59915
25,59915,2,2,1, 59917
1,59916,1,1,1, 59917
8,59916,1,1,0, 59917
24,59919,1,1,1, 59920
7,59922,1,1,0, 59923
25,59925,2,2,1, 59927
1,59926,1,1,1, 59927
8,59926,1,1,1, 59927
9,59927,2,2,1, 59929
24,59929,1,1,0, 59930
16,59929,2,2,1, 59931
17,59929,3,3,1, 59932
7,59932,1,1,1, 59933
12,59930,5,5,1, 59935
2,59933,2,2,1, 59935
27,59932,4,4,1, 59936
1,59936,1,1,0, 59937
8,59936,1,1,0, 59937
28,59934,5,5,1, 59939
9,59937,2,2,1, 59939
3,59937,3,3,1, 59940
24,59939,1,1,1, 59940
7,59942,1,1,1, 59943
12,59940,5,5,1, 59945
25,59945,2,2,1, 59947
8,59946,1,1,1, 59947
24,59949,1,1,0, 59950
7,59952,1,1,1, 59953
8,59956,1,1,1, 59957
22,59956,4,4,1, 59960
5,59957,3,3,1, 59960
24,59959,1,1,1, 59960
13,59959,4,4,1, 59963
7,59962,1,1,0, 59963
30,59963,3,3,1, 59966
8,59966,1,1,1, 59967
22,59966,4,4,1, 59970
24,59969,1,1,1, 59970
14,59969,3,3,1, 59972
6,59970,2,2,1, 59972
7,59972,1,1,0, 59973
8,59976,1,1,0, 59977
22,59976,4,4,1, 59980
5,59977,3,3,1, 59980
24,59979,1,1,0, 59980
16,59979,2,2,1, 59981
21,59977,5,5,1, 59982
14,59979,3,3,1, 59982
13,59979,4,4,1, 59983
7,59982,1,1,1, 59983
8,59986,1,1,1, 59987
5,59987,3,3,1, 59990
24,59989,1,1,1, 59990
29,59988,4,4,1, 59992
14,59989,3,3,1, 59992
7,59992,1,1,0, 59993
8,59996,1,1,1, 59997
22,59996,4,4,1, 60000
24,59999,1,1,0, 60000
16,59999,2,2,1, 60001
21,59997,5,5,1, 60002
7,60002,1,1,0, 60003
8,60006,1,1,1, 60007
31,60006,2,2,1, 60008
24,60009,1,1,0, 60010
16,60009,2,2,1, 60011
8,60016,1,1,0, 60017
24,60019,1,1,0, 60020
16,60019,2,2,1, 60021
8,60026,1,1,0, 60027
24,60029,1,1,0, 60030
16,60029,2,2,1, 60031
8,60036,1,1,0, 60037
24,60039,1,1,0, 60040
8,60046,1,1,0, 60047
24,60049,1,1,0, 60050
25,60055,2,2,1, 60057
1,60056,1,1,0, 60057
8,60056,1,1,1, 60057
9,60057,2,2,1, 60059
24,60059,1,1,0, 60060
16,60059,2,2,1, 60061
1,60066,1,1,0, 60067
8,60066,1,1,1, 60067
24,60069,1,1,0, 60070
2,60073,2,2,1, 60075
1,60076,1,1,0, 60077
8,60076,1,1,1, 60077
9,60077,2,2,1, 60079
26,60077,3,3,1, 60080
24,60079,1,1,0, 60080
2,60083,2,2,1, 60085
25,60085,2,2,1, 60087
1,60086,1,1,0, 60087
8,60086,1,1,0, 60087
24,60089,1,1,0, 60090
16,60089,2,2,1, 60091
27,60092,4,4,1, 60096
25,60095,2,2,1, 60097
1,60096,1,1,1, 60097
8,60096,1,1,0, 60097
28,60094,5,5,1, 60099
9,60097,2,2,1, 60099
26,60097,3,3,1, 60100
24,60099,1,1,0, 60100
17,60099,3,3,1, 60102
18,60103,4,4,1, 60107
25,60105,2,2,1, 60107
1,60106,1,1,0, 60107
8,60106,1,1,0, 60107
9,60107,2,2,1, 60109
4,60106,4,4,1, 60110
24,60109,1,1,1, 60110
8,60116,1,1,1, 60117
31,60116,2,2,1, 60118
24,60119,1,1,1, 60120
14,60119,3,3,1, 60122
6,60120,2,2,1, 60122
7,60122,1,1,0, 60123
8,60126,1,1,0, 60127
31,60126,2,2,1, 60128
24,60129,1,1,1, 60130
16,60129,2,2,1, 60131
14,60129,3,3,1, 60132
6,60130,2,2,1, 60132
13,60129,4,4,1, 60133
7,60132,1,1,1, 60133
15,60131,2,4,1, 60135
8,60136,1,1,0, 60137
5,60137,3,3,1, 60140
24,60139,1,1,1, 60140
21,60137,5,5,1, 60142
29,60138,4,4,1, 60142
6,60140,2,2,1, 60142
13,60139,4,4,1, 60143
7,60142,1,1,0, 60143
8,60146,1,1,1, 60147
31,60146,2,2,1, 60148
5,60147,3,3,1, 60150
24,60149,1,1,1, 60150
23,60148,3,3,1, 60151
8,60156,1,1,1, 60157
24,60159,1,1,1, 60160
8,60166,1,1,0, 60167
24,60169,1,1,0, 60170
16,60169,2,2,1, 60171
8,60176,1,1,1, 60177
24,60179,1,1,0, 60180
8,60186,1,1,0, 60187
24,60189,1,1,1, 60190
8,60196,1,1,1, 60197
24,60199,1,1,1, 60200
8,60206,1,1,1, 60207
24,60209,1,1,1, 60210
25,60215,2,2,1, 60217
1,60216,1,1,1, 60217
8,60216,1,1,0, 60217
24,60219,1,1,0, 60220
16,60219,2,2,1, 60221
17,60219,3,3,1, 60222
1,60226,1,1,0, 60227
8,60226,1,1,1, 60227
24,60229,1,1,0, 60230
16,60229,2,2,1, 60231
25,60235,2,2,1, 60237
1,60236,1,1,0, 60237
8,60236,1,1,1, 60237
24,60239,1,1,0, 60240
25,60245,2,2,1, 60247
1,60246,1,1,1, 60247
8,60246,1,1,1, 60247
9,60247,2,2,1, 60249
24,60249,1,1,0, 60250
17,60249,3,3,1, 60252
15,60251,2,4,1, 60255
2,60253,2,2,1, 60255
1,60256,1,1,1, 60257
8,60256,1,1,1, 60257
26,60257,3,3,1, 60260
24,60259,1,1,1, 60260
16,60259,2,2,1, 60261
7,60262,1,1,0, 60263
2,60263,2,2,1, 60265
18,60263,4,4,1, 60267
25,60265,2,2,1, 60267
1,60266,1,1,1, 60267
8,60266,1,1,0, 60267
9,60267,2,2,1, 60269
26,60267,3,3,1, 60270
24,60269,1,1,1, 60270
16,60269,2,2,1, 60271
7,60272,1,1,1, 60273
1,60276,1,1,0, 60277
8,60276,1,1,0, 60277
11,60274,4,4,1, 60278
9,60277,2,2,1, 60279
4,60276,4,4,1, 60280
24,60279,1,1,1, 60280
19,60276,5,5,1, 60281
16,60279,2,2,1, 60281
7,60282,1,1,1, 60283
1,60286,1,1,0, 60287
8,60286,1,1,0, 60287
9,60287,2,2,1, 60289
24,60289,1,1,0, 60290
29,60288,4,4,1, 60292
6,60290,2,2,1, 60292
7,60292,1,1,1, 60293
30,60293,3,3,1, 60296
8,60296,1,1,0, 60297
5,60297,3,3,1, 60300
24,60299,1,1,1, 60300
16,60299,2,2,1, 60301
21,60297,5,5,1, 60302
14,60299,3,3,1, 60302
7,60302,1,1,0, 60303
8,60306,1,1,1, 60307
24,60309,1,1,1, 60310
16,60309,2,2,1, 60311
29,60308,4,4,1, 60312
6,60310,2,2,1, 60312
7,60312,1,1,1, 60313
30,60313,3,3,1, 60316
8,60316,1,1,1, 60317
5,60317,3,3,1, 60320
24,60319,1,1,1, 60320
21,60317,5,5,1, 60322
7,60322,1,1,1, 60323
30,60323,3,3,1, 60326
8,60326,1,1,1, 60327
22,60326,4,4,1, 60330
24,60329,1,1,0, 60330
16,60329,2,2,1, 60331
29,60328,4,4,1, 60332
14,60329,3,3,1, 60332
6,60330,2,2,1, 60332
13,60329,4,4,1, 60333
7,60332,1,1,0, 60333
30,60333,3,3,1, 60336
8,60336,1,1,0, 60337
24,60339,1,1,1, 60340
16,60339,2,2,1, 60341
8,60346,1,1,1, 60347
24,60349,1,1,0, 60350
8,60356,1,1,0, 60357
24,60359,1,1,1, 60360
8,60366,1,1,0, 60367
24,60369,1,1,1, 60370
16,60369,2,2,1, 60371
8,60376,1,1,0, 60377
24,60379,1,1,0, 60380
16,60379,2,2,1, 60381
8,60386,1,1,0, 60387
24,60389,1,1,1, 60390
25,60395,2,2,1, 60397
1,60396,1,1,1, 60397
8,60396,1,1,1, 60397
9,60397,2,2,1, 60399
24,60399,1,1,1, 60400
17,60399,3,3,1, 60402
1,60406,1,1,0, 60407
8,60406,1,1,0, 60407
24,60409,1,1,1, 60410
17,60409,3,3,1, 60412
25,60415,2,2,1, 60417
1,60416,1,1,0, 60417
8,60416,1,1,1, 60417
9,60417,2,2,1, 60419
24,60419,1,1,1, 60420
16,60419,2,2,1, 60421
17,60419,3,3,1, 60422
2,60423,2,2,1, 60425
18,60423,4,4,1, 60427
25,60425,2,2,1, 60427
1,60426,1,1,0, 60427
8,60426,1,1,0, 60427
9,60427,2,2,1, 60429
24,60429,1,1,0, 60430
17,60429,3,3,1, 60432
25,60435,2,2,1, 60437
1,60436,1,1,0, 60437
8,60436,1,1,1, 60437
5,60437,3,3,1, 60440
24,60439,1,1,1, 60440
14,60439,3,3,1, 60442
7,60442,1,1,0, 60443
2,60443,2,2,1, 60445
25,60445,2,2,1, 60447
1,60446,1,1,0, 60447
8,60446,1,1,1, 60447
22,60446,4,4,1, 60450
24,60449,1,1,1, 60450
23,60448,3,3,1, 60451
16,60449,2,2,1, 60451
14,60449,3,3,1, 60452
7,60452,1,1,1, 60453
18,60453,4,4,1, 60457
25,60455,2,2,1, 60457
1,60456,1,1,0, 60457
8,60456,1,1,0, 60457
9,60457,2,2,1, 60459
5,60457,3,3,1, 60460
24,60459,1,1,0, 60460
23,60458,3,3,1, 60461
14,60459,3,3,1, 60462
6,60460,2,2,1, 60462
13,60459,4,4,1, 60463
7,60462,1,1,0, 60463
8,60466,1,1,0, 60467
24,60469,1,1,0, 60470
29,60468,4,4,1, 60472
14,60469,3,3,1, 60472
6,60470,2,2,1, 60472
13,60469,4,4,1, 60473
7,60472,1,1,0, 60473
30,60473,3,3,1, 60476
8,60476,1,1,1, 60477
31,60476,2,2,1, 60478
5,60477,3,3,1, 60480
24,60479,1,1,1, 60480
6,60480,2,2,1, 60482
8,60486,1,1,0, 60487
24,60489,1,1,1, 60490
8,60496,1,1,1, 60497
24,60499,1,1,1, 60500
16,60499,2,2,1, 60501
8,60506,1,1,0, 60507
24,60509,1,1,0, 60510
8,60516,1,1,1, 60517
24,60519,1,1,0, 60520
16,60519,2,2,1, 60521
8,60526,1,1,0, 60527
24,60529,1,1,0, 60530
8,60536,1,1,0, 60537
24,60539,1,1,1, 60540
16,60539,2,2,1, 60541
8,60546,1,1,0, 60547
24,60549,1,1,0, 60550
8,60556,1,1,1, 60557
24,60559,1,1,0, 60560
8,60566,1,1,0, 60567
24,60569,1,1,0, 60570
16,60569,2,2,1, 60571
17,60569,3,3,1, 60572
1,60576,1,1,0, 60577
8,60576,1,1,1, 60577
9,60577,2,2,1, 60579
24,60579,1,1,0, 60580
17,60579,3,3,1, 60582
1,60586,1,1,1, 60587
8,60586,1,1,0, 60587
9,60587,2,2,1, 60589
26,60587,3,3,1, 60590
24,60589,1,1,1, 60590
23,60588,3,3,1, 60591
17,60589,3,3,1, 60592
7,60592,1,1,0, 60593
25,60595,2,2,1, 60597
1,60596,1,1,0, 60597
8,60596,1,1,1, 60597
26,60597,3,3,1, 60600
24,60599,1,1,1, 60600
13,60599,4,4,1, 60603
7,60602,1,1,1, 60603
30,60603,3,3,1, 60606
1,60606,1,1,1, 60607
8,60606,1,1,0, 60607
22,60606,4,4,1, 60610
24,60609,1,1,1, 60610
23,60608,3,3,1, 60611
16,60609,2,2,1, 60611
6,60610,2,2,1, 60612
7,60612,1,1,0, 60613
15,60611,2,4,1, 60615
30,60613,3,3,1, 60616
1,60616,1,1,0, 60617
8,60616,1,1,0, 60617
22,60616,4,4,1, 60620
3,60617,3,3,1, 60620
26,60617,3,3,1, 60620
24,60619,1,1,0, 60620
23,60618,3,3,1, 60621
16,60619,2,2,1, 60621
7,60622,1,1,0, 60623
15,60621,2,4,1, 60625
2,60623,2,2,1, 60625
27,60622,4,4,1, 60626
1,60626,1,1,1, 60627
8,60626,1,1,1, 60627
31,60626,2,2,1, 60628
24,60629,1,1,0, 60630
16,60629,2,2,1, 60631
13,60629,4,4,1, 60633
7,60632,1,1,0, 60633
15,60631,2,4,1, 60635
27,60632,4,4,1, 60636
18,60633,4,4,1, 60637
1,60636,1,1,1, 60637
8,60636,1,1,1, 60637
3,60637,3,3,1, 60640
26,60637,3,3,1, 60640
24,60639,1,1,0, 60640
16,60639,2,2,1, 60641
14,60639,3,3,1, 60642
13,60639,4,4,1, 60643
7,60642,1,1,0, 60643
15,60641,2,4,1, 60645
2,60643,2,2,1, 60645
27,60642,4,4,1, 60646
18,60643,4,4,1, 60647
8,60646,1,1,0, 60647
24,60649,1,1,1, 60650
16,60649,2,2,1, 60651
8,60656,1,1,0, 60657
8,60666,1,1,1, 60667
8,60676,1,1,1, 60677
8,60686,1,1,1, 60687
8,60696,1,1,1, 60697
8,60706,1,1,0, 60707
8,60716,1,1,0, 60717
8,60726,1,1,1, 60727
8,60736,1,1,1, 60737
8,60746,1,1,1, 60747
7,60752,1,1,1, 60753
25,60755,2,2,1, 60757
1,60756,1,1,0, 60757
8,60756,1,1,0, 60757
9,60757,2,2,1, 60759
24,60759,1,1,1, 60760
17,60759,3,3,1, 60762
7,60762,1,1,0, 60763
25,60765,2,2,1, 60767
1,60766,1,1,1, 60767
8,60766,1,1,1, 60767
24,60769,1,1,0, 60770
16,60769,2,2,1, 60771
17,60769,3,3,1, 60772
7,60772,1,1,0, 60773
2,60773,2,2,1, 60775
1,60776,1,1,1, 60777
8,60776,1,1,0, 60777
26,60777,3,3,1, 60780
24,60779,1,1,1, 60780
17,60779,3,3,1, 60782
7,60782,1,1,0, 60783
18,60783,4,4,1, 60787
25,60785,2,2,1, 60787
1,60786,1,1,1, 60787
8,60786,1,1,1, 60787
24,60789,1,1,0, 60790
17,60789,3,3,1, 60792
7,60792,1,1,0, 60793
1,60796,1,1,0, 60797
8,60796,1,1,0, 60797
9,60797,2,2,1, 60799
26,60797,3,3,1, 60800
24,60799,1,1,1, 60800
16,60799,2,2,1, 60801
17,60799,3,3,1, 60802
7,60802,1,1,0, 60803
1,60806,1,1,0, 60807
8,60806,1,1,0, 60807
24,60809,1,1,1, 60810
16,60809,2,2,1, 60811
13,60809,4,4,1, 60813
7,60812,1,1,0, 60813
25,60815,2,2,1, 60817
1,60816,1,1,0, 60817
8,60816,1,1,1, 60817
5,60817,3,3,1, 60820
26,60817,3,3,1, 60820
24,60819,1,1,1, 60820
21,60817,5,5,1, 60822
14,60819,3,3,1, 60822
6,60820,2,2,1, 60822
13,60819,4,4,1, 60823
7,60822,1,1,0, 60823
2,60823,2,2,1, 60825
30,60823,3,3,1, 60826
18,60823,4,4,1, 60827
1,60826,1,1,0, 60827
8,60826,1,1,1, 60827
31,60826,2,2,1, 60828
5,60827,3,3,1, 60830
26,60827,3,3,1, 60830
24,60829,1,1,0, 60830
16,60829,2,2,1, 60831
14,60829,3,3,1, 60832
13,60829,4,4,1, 60833
7,60832,1,1,1, 60833
8,60836,1,1,1, 60837
24,60839,1,1,0, 60840
14,60839,3,3,1, 60842
13,60839,4,4,1, 60843
7,60842,1,1,1, 60843
30,60843,3,3,1, 60846
8,60846,1,1,1, 60847
31,60846,2,2,1, 60848
22,60846,4,4,1, 60850
5,60847,3,3,1, 60850
24,60849,1,1,1, 60850
16,60849,2,2,1, 60851
21,60847,5,5,1, 60852
8,60856,1,1,1, 60857
24,60859,1,1,1, 60860
16,60859,2,2,1, 60861
8,60866,1,1,0, 60867
24,60869,1,1,1, 60870
8,60876,1,1,0, 60877
24,60879,1,1,1, 60880
8,60886,1,1,0, 60887
24,60889,1,1,0, 60890
16,60889,2,2,1, 60891
8,60896,1,1,0, 60897
24,60899,1,1,0, 60900
8,60906,1,1,1, 60907
24,60909,1,1,1, 60910
8,60916,1,1,0, 60917
24,60919,1,1,1, 60920
16,60919,2,2,1, 60921
8,60926,1,1,1, 60927
24,60929,1,1,0, 60930
16,60929,2,2,1, 60931
1,60936,1,1,0, 60937
8,60936,1,1,0, 60937
24,60939,1,1,1, 60940
25,60945,2,2,1, 60947
1,60946,1,1,1, 60947
8,60946,1,1,0, 60947
24,60949,1,1,0, 60950
17,60949,3,3,1, 60952
1,60956,1,1,1, 60957
8,60956,1,1,1, 60957
24,60959,1,1,0, 60960
16,60959,2,2,1, 60961
17,60959,3,3,1, 60962
7,60962,1,1,1, 60963
18,60963,4,4,1, 60967
1,60966,1,1,1, 60967
8,60966,1,1,1, 60967
31,60966,2,2,1, 60968
9,60967,2,2,1, 60969
22,60966,4,4,1, 60970
24,60969,1,1,1, 60970
23,60968,3,3,1, 60971
16,60969,2,2,1, 60971
14,60969,3,3,1, 60972
17,60969,3,3,1, 60972
7,60972,1,1,1, 60973
15,60971,2,4,1, 60975
30,60973,3,3,1, 60976
1,60976,1,1,1, 60977
8,60976,1,1,1, 60977
31,60976,2,2,1, 60978
22,60976,4,4,1, 60980
24,60979,1,1,0, 60980
7,60982,1,1,0, 60983
2,60983,2,2,1, 60985
1,60986,1,1,0, 60987
8,60986,1,1,0, 60987
9,60987,2,2,1, 60989
24,60989,1,1,1, 60990
23,60988,3,3,1, 60991
17,60989,3,3,1, 60992
7,60992,1,1,0, 60993
15,60991,2,4,1, 60995
2,60993,2,2,1, 60995
30,60993,3,3,1, 60996
25,60995,2,2,1, 60997
1,60996,1,1,0, 60997
8,60996,1,1,1, 60997
31,60996,2,2,1, 60998
9,60997,2,2,1, 60999
24,60999,1,1,1, 61000
17,60999,3,3,1, 61002
6,61000,2,2,1, 61002
7,61002,1,1,1, 61003
15,61001,2,4,1, 61005
2,61003,2,2,1, 61005
1,61006,1,1,1, 61007
8,61006,1,1,0, 61007
11,61004,4,4,1, 61008
31,61006,2,2,1, 61008
20,61003,6,6,1, 61009
28,61004,5,5,1, 61009
24,61009,1,1,1, 61010
23,61008,3,3,1, 61011
13,61009,4,4,1, 61013
8,61016,1,1,0, 61017
24,61019,1,1,1, 61020
16,61019,2,2,1, 61021
8,61026,1,1,1, 61027
24,61029,1,1,0, 61030
16,61029,2,2,1, 61031
8,61036,1,1,0, 61037
24,61039,1,1,1, 61040
16,61039,2,2,1, 61041
8,61046,1,1,0, 61047
24,61049,1,1,1, 61050
8,61056,1,1,1, 61057
24,61059,1,1,1, 61060
8,61066,1,1,0, 61067
24,61069,1,1,1, 61070
8,61076,1,1,1, 61077
24,61079,1,1,1, 61080
16,61079,2,2,1, 61081
8,61086,1,1,0, 61087
24,61089,1,1,1, 61090
8,61096,1,1,0, 61097
24,61099,1,1,0, 61100
16,61099,2,2,1, 61101
8,61106,1,1,0, 61107
24,61109,1,1,1, 61110
16,61109,2,2,1, 61111
2,61113,2,2,1, 61115
18,61113,4,4,1, 61117
1,61116,1,1,0, 61117
8,61116,1,1,0, 61117
9,61117,2,2,1, 61119
24,61119,1,1,0, 61120
16,61119,2,2,1, 61121
7,61122,1,1,0, 61123
1,61126,1,1,1, 61127
8,61126,1,1,1, 61127
24,61129,1,1,1, 61130
7,61132,1,1,0, 61133
1,61136,1,1,0, 61137
8,61136,1,1,0, 61137
9,61137,2,2,1, 61139
24,61139,1,1,1, 61140
17,61139,3,3,1, 61142
7,61142,1,1,1, 61143
25,61145,2,2,1, 61147
1,61146,1,1,0, 61147
8,61146,1,1,0, 61147
9,61147,2,2,1, 61149
24,61149,1,1,1, 61150
17,61149,3,3,1, 61152
7,61152,1,1,1, 61153
25,61155,2,2,1, 61157
1,61156,1,1,0, 61157
8,61156,1,1,1, 61157
24,61159,1,1,0, 61160
17,61159,3,3,1, 61162
7,61162,1,1,0, 61163
1,61166,1,1,1, 61167
8,61166,1,1,1, 61167
24,61169,1,1,1, 61170
17,61169,3,3,1, 61172
7,61172,1,1,1, 61173
1,61176,1,1,1, 61177
8,61176,1,1,1, 61177
24,61179,1,1,0, 61180
7,61182,1,1,0, 61183
25,61185,2,2,1, 61187
1,61186,1,1,1, 61187
8,61186,1,1,0, 61187
5,61187,3,3,1, 61190
24,61189,1,1,0, 61190
23,61188,3,3,1, 61191
14,61189,3,3,1, 61192
6,61190,2,2,1, 61192
7,61192,1,1,0, 61193
25,61195,2,2,1, 61197
1,61196,1,1,1, 61197
8,61196,1,1,1, 61197
24,61199,1,1,0, 61200
23,61198,3,3,1, 61201
16,61199,2,2,1, 61201
17,61199,3,3,1, 61202
13,61199,4,4,1, 61203
7,61202,1,1,0, 61203
25,61205,2,2,1, 61207
1,61206,1,1,1, 61207
8,61206,1,1,0, 61207
31,61206,2,2,1, 61208
22,61206,4,4,1, 61210
5,61207,3,3,1, 61210
24,61209,1,1,0, 61210
16,61209,2,2,1, 61211
6,61210,2,2,1, 61212
13,61209,4,4,1, 61213
7,61212,1,1,1, 61213
30,61213,3,3,1, 61216
25,61215,2,2,1, 61217
1,61216,1,1,1, 61217
8,61216,1,1,0, 61217
31,61216,2,2,1, 61218
5,61217,3,3,1, 61220
24,61219,1,1,1, 61220
13,61219,4,4,1, 61223
7,61222,1,1,1, 61223
12,61220,5,5,1, 61225
15,61221,2,4,1, 61225
2,61223,2,2,1, 61225
30,61223,3,3,1, 61226
25,61225,2,2,1, 61227
1,61226,1,1,1, 61227
8,61226,1,1,1, 61227
31,61226,2,2,1, 61228
20,61223,6,6,1, 61229
24,61229,1,1,0, 61230
8,61236,1,1,0, 61237
24,61239,1,1,0, 61240
16,61239,2,2,1, 61241
8,61246,1,1,1, 61247
24,61249,1,1,1, 61250
8,61256,1,1,0, 61257
24,61259,1,1,0, 61260
16,61259,2,2,1, 61261
8,61266,1,1,0, 61267
24,61269,1,1,0, 61270
8,61276,1,1,0, 61277
24,61279,1,1,1, 61280
8,61286,1,1,0, 61287
24,61289,1,1,0, 61290
16,61289,2,2,1, 61291
8,61296,1,1,1, 61297
24,61299,1,1,0, 61300
16,61299,2,2,1, 61301
8,61306,1,1,1, 61307
24,61309,1,1,1, 61310
16,61309,2,2,1, 61311
8,61316,1,1,0, 61317
24,61319,1,1,0, 61320
8,61326,1,1,0, 61327
24,61329,1,1,1, 61330
7,61332,1,1,0, 61333
1,61336,1,1,0, 61337
8,61336,1,1,0, 61337
9,61337,2,2,1, 61339
24,61339,1,1,0, 61340
7,61342,1,1,1, 61343
1,61346,1,1,1, 61347
8,61346,1,1,0, 61347
31,61346,2,2,1, 61348
9,61347,2,2,1, 61349
24,61349,1,1,0, 61350
16,61349,2,2,1, 61351
17,61349,3,3,1, 61352
7,61352,1,1,0, 61353
1,61356,1,1,0, 61357
8,61356,1,1,1, 61357
9,61357,2,2,1, 61359
24,61359,1,1,0, 61360
14,61359,3,3,1, 61362
6,61360,2,2,1, 61362
7,61362,1,1,0, 61363
1,61366,1,1,0, 61367
8,61366,1,1,1, 61367
31,61366,2,2,1, 61368
9,61367,2,2,1, 61369
24,61369,1,1,1, 61370
14,61369,3,3,1, 61372
6,61370,2,2,1, 61372
7,61372,1,1,0, 61373
25,61375,2,2,1, 61377
1,61376,1,1,0, 61377
8,61376,1,1,1, 61377
9,61377,2,2,1, 61379
24,61379,1,1,0, 61380
14,61379,3,3,1, 61382
6,61380,2,2,1, 61382
7,61382,1,1,1, 61383
1,61386,1,1,1, 61387
8,61386,1,1,0, 61387
31,61386,2,2,1, 61388
24,61389,1,1,0, 61390
16,61389,2,2,1, 61391
14,61389,3,3,1, 61392
13,61389,4,4,1, 61393
7,61392,1,1,0, 61393
25,61395,2,2,1, 61397
1,61396,1,1,0, 61397
8,61396,1,1,0, 61397
31,61396,2,2,1, 61398
24,61399,1,1,1, 61400
23,61398,3,3,1, 61401
17,61399,3,3,1, 61402
13,61399,4,4,1, 61403
7,61402,1,1,1, 61403
1,61406,1,1,0, 61407
8,61406,1,1,1, 61407
24,61409,1,1,0, 61410
14,61409,3,3,1, 61412
7,61412,1,1,0, 61413
15,61411,2,4,1, 61415
1,61416,1,1,1, 61417
8,61416,1,1,0, 61417
31,61416,2,2,1, 61418
24,61419,1,1,0, 61420
16,61419,2,2,1, 61421
13,61419,4,4,1, 61423
7,61422,1,1,1, 61423
15,61421,2,4,1, 61425
2,61423,2,2,1, 61425
18,61423,4,4,1, 61427
25,61425,2,2,1, 61427
1,61426,1,1,1, 61427
8,61426,1,1,1, 61427
9,61427,2,2,1, 61429
24,61429,1,1,1, 61430
16,61429,2,2,1, 61431
17,61429,3,3,1, 61432
2,61433,2,2,1, 61435
18,61433,4,4,1, 61437
25,61435,2,2,1, 61437
1,61436,1,1,1, 61437
8,61436,1,1,1, 61437
26,61437,3,3,1, 61440
24,61439,1,1,1, 61440
17,61439,3,3,1, 61442
8,61446,1,1,0, 61447
24,61449,1,1,1, 61450
16,61449,2,2,1, 61451
8,61456,1,1,1, 61457
24,61459,1,1,0, 61460
16,61459,2,2,1, 61461
8,61466,1,1,1, 61467
24,61469,1,1,0, 61470
8,61476,1,1,0, 61477
24,61479,1,1,0, 61480
8,61486,1,1,1, 61487
24,61489,1,1,1, 61490
8,61496,1,1,0, 61497
24,61499,1,1,1, 61500
16,61499,2,2,1, 61501
8,61506,1,1,0, 61507
24,61509,1,1,1, 61510
8,61516,1,1,0, 61517
24,61519,1,1,0, 61520
8,61526,1,1,0, 61527
24,61529,1,1,0, 61530
7,61532,1,1,0, 61533
15,61531,2,4,1, 61535
8,61536,1,1,0, 61537
31,61536,2,2,1, 61538
24,61539,1,1,0, 61540
16,61539,2,2,1, 61541
7,61542,1,1,1, 61543
1,61546,1,1,1, 61547
8,61546,1,1,1, 61547
11,61544,4,4,1, 61548
31,61546,2,2,1, 61548
24,61549,1,1,1, 61550
19,61546,5,5,1, 61551
16,61549,2,2,1, 61551
17,61549,3,3,1, 61552
7,61552,1,1,0, 61553
27,61552,4,4,1, 61556
30,61553,3,3,1, 61556
25,61555,2,2,1, 61557
1,61556,1,1,0, 61557
8,61556,1,1,1, 61557
9,61557,2,2,1, 61559
22,61556,4,4,1, 61560
24,61559,1,1,1, 61560
16,61559,2,2,1, 61561
14,61559,3,3,1, 61562
17,61559,3,3,1, 61562
6,61560,2,2,1, 61562
13,61559,4,4,1, 61563
7,61562,1,1,1, 61563
30,61563,3,3,1, 61566
25,61565,2,2,1, 61567
1,61566,1,1,0, 61567
8,61566,1,1,1, 61567
9,61567,2,2,1, 61569
24,61569,1,1,1, 61570
23,61568,3,3,1, 61571
16,61569,2,2,1, 61571
21,61567,5,5,1, 61572
29,61568,4,4,1, 61572
17,61569,3,3,1, 61572
7,61572,1,1,0, 61573
30,61573,3,3,1, 61576
25,61575,2,2,1, 61577
1,61576,1,1,1, 61577
8,61576,1,1,1, 61577
22,61576,4,4,1, 61580
5,61577,3,3,1, 61580
24,61579,1,1,1, 61580
16,61579,2,2,1, 61581
21,61577,5,5,1, 61582
7,61582,1,1,0, 61583
25,61585,2,2,1, 61587
1,61586,1,1,1, 61587
8,61586,1,1,0, 61587
9,61587,2,2,1, 61589
22,61586,4,4,1, 61590
24,61589,1,1,0, 61590
16,61589,2,2,1, 61591
17,61589,3,3,1, 61592
1,61596,1,1,0, 61597
8,61596,1,1,0, 61597
9,61597,2,2,1, 61599
24,61599,1,1,1, 61600
16,61599,2,2,1, 61601
25,61605,2,2,1, 61607
1,61606,1,1,1, 61607
8,61606,1,1,1, 61607
9,61607,2,2,1, 61609
24,61609,1,1,0, 61610
16,61609,2,2,1, 61611
8,61616,1,1,0, 61617
24,61619,1,1,1, 61620
8,61626,1,1,0, 61627
24,61629,1,1,1, 61630
8,61636,1,1,0, 61637
24,61639,1,1,0, 61640
16,61639,2,2,1, 61641
8,61646,1,1,0, 61647
24,61649,1,1,0, 61650
16,61649,2,2,1, 61651
8,61656,1,1,0, 61657
24,61659,1,1,1, 61660
16,61659,2,2,1, 61661
8,61666,1,1,0, 61667
24,61669,1,1,1, 61670
8,61676,1,1,1, 61677
24,61679,1,1,0, 61680
16,61679,2,2,1, 61681
8,61686,1,1,0, 61687
24,61689,1,1,1, 61690
16,61689,2,2,1, 61691
7,61692,1,1,0, 61693
8,61696,1,1,0, 61697
24,61699,1,1,1, 61700
7,61702,1,1,0, 61703
8,61706,1,1,0, 61707
31,61706,2,2,1, 61708
24,61709,1,1,0, 61710
16,61709,2,2,1, 61711
6,61710,2,2,1, 61712
7,61712,1,1,1, 61713
12,61710,5,5,1, 61715
2,61713,2,2,1, 61715
27,61712,4,4,1, 61716
18,61713,4,4,1, 61717
1,61716,1,1,0, 61717
8,61716,1,1,1, 61717
11,61714,4,4,1, 61718
28,61714,5,5,1, 61719
24,61719,1,1,1, 61720
16,61719,2,2,1, 61721
14,61719,3,3,1, 61722
6,61720,2,2,1, 61722
13,61719,4,4,1, 61723
7,61722,1,1,1, 61723
2,61723,2,2,1, 61725
25,61725,2,2,1, 61727
1,61726,1,1,1, 61727
8,61726,1,1,1, 61727
11,61724,4,4,1, 61728
31,61726,2,2,1, 61728
5,61727,3,3,1, 61730
24,61729,1,1,0, 61730
16,61729,2,2,1, 61731
21,61727,5,5,1, 61732
29,61728,4,4,1, 61732
14,61729,3,3,1, 61732
6,61730,2,2,1, 61732
13,61729,4,4,1, 61733
7,61732,1,1,0, 61733
1,61736,1,1,0, 61737
8,61736,1,1,0, 61737
9,61737,2,2,1, 61739
5,61737,3,3,1, 61740
24,61739,1,1,1, 61740
14,61739,3,3,1, 61742
6,61740,2,2,1, 61742
13,61739,4,4,1, 61743
7,61742,1,1,1, 61743
25,61745,2,2,1, 61747
1,61746,1,1,1, 61747
8,61746,1,1,0, 61747
9,61747,2,2,1, 61749
24,61749,1,1,1, 61750
16,61749,2,2,1, 61751
7,61752,1,1,1, 61753
25,61755,2,2,1, 61757
1,61756,1,1,0, 61757
8,61756,1,1,0, 61757
31,61756,2,2,1, 61758
9,61757,2,2,1, 61759
24,61759,1,1,0, 61760
21,61757,5,5,1, 61762
29,61758,4,4,1, 61762
25,61765,2,2,1, 61767
1,61766,1,1,0, 61767
8,61766,1,1,1, 61767
24,61769,1,1,0, 61770
16,61769,2,2,1, 61771
25,61775,2,2,1, 61777
1,61776,1,1,1, 61777
8,61776,1,1,0, 61777
24,61779,1,1,0, 61780
1,61786,1,1,0, 61787
8,61786,1,1,1, 61787
9,61787,2,2,1, 61789
24,61789,1,1,1, 61790
1,61796,1,1,1, 61797
8,61796,1,1,1, 61797
9,61797,2,2,1, 61799
24,61799,1,1,0, 61800
8,61806,1,1,0, 61807
24,61809,1,1,0, 61810
8,61816,1,1,1, 61817
24,61819,1,1,0, 61820
16,61819,2,2,1, 61821
8,61826,1,1,1, 61827
24,61829,1,1,0, 61830
8,61836,1,1,1, 61837
24,61839,1,1,0, 61840
8,61846,1,1,0, 61847
24,61849,1,1,0, 61850
16,61849,2,2,1, 61851
8,61856,1,1,1, 61857
24,61859,1,1,0, 61860
8,61866,1,1,1, 61867
24,61869,1,1,1, 61870
16,61869,2,2,1, 61871
7,61872,1,1,1, 61873
8,61876,1,1,0, 61877
24,61879,1,1,0, 61880
16,61879,2,2,1, 61881
7,61882,1,1,0, 61883
8,61886,1,1,0, 61887
24,61889,1,1,1, 61890
23,61888,3,3,1, 61891
16,61889,2,2,1, 61891
7,61892,1,1,1, 61893
8,61896,1,1,0, 61897
24,61899,1,1,1, 61900
7,61902,1,1,1, 61903
30,61903,3,3,1, 61906
1,61906,1,1,1, 61907
8,61906,1,1,0, 61907
31,61906,2,2,1, 61908
22,61906,4,4,1, 61910
5,61907,3,3,1, 61910
24,61909,1,1,1, 61910
23,61908,3,3,1, 61911
16,61909,2,2,1, 61911
6,61910,2,2,1, 61912
7,61912,1,1,0, 61913
1,61916,1,1,1, 61917
8,61916,1,1,1, 61917
5,61917,3,3,1, 61920
24,61919,1,1,0, 61920
23,61918,3,3,1, 61921
16,61919,2,2,1, 61921
29,61918,4,4,1, 61922
6,61920,2,2,1, 61922
7,61922,1,1,1, 61923
15,61921,2,4,1, 61925
30,61923,3,3,1, 61926
25,61925,2,2,1, 61927
1,61926,1,1,0, 61927
8,61926,1,1,1, 61927
31,61926,2,2,1, 61928
22,61926,4,4,1, 61930
29,61928,4,4,1, 61932
14,61929,3,3,1, 61932
25,61935,2,2,1, 61937
1,61936,1,1,1, 61937
8,61936,1,1,0, 61937
25,61945,2,2,1, 61947
1,61946,1,1,1, 61947
8,61946,1,1,1, 61947
1,61956,1,1,0, 61957
8,61956,1,1,0, 61957
25,61965,2,2,1, 61967
1,61966,1,1,0, 61967
8,61966,1,1,0, 61967
9,61967,2,2,1, 61969
17,61969,3,3,1, 61972
1,61976,1,1,0, 61977
8,61976,1,1,1, 61977
9,61977,2,2,1, 61979
26,61977,3,3,1, 61980
25,61985,2,2,1, 61987
1,61986,1,1,1, 61987
8,61986,1,1,1, 61987
9,61987,2,2,1, 61989
17,61989,3,3,1, 61992
2,61993,2,2,1, 61995
18,61993,4,4,1, 61997
1,61996,1,1,1, 61997
8,61996,1,1,1, 61997
9,61997,2,2,1, 61999
26,61997,3,3,1, 62000
17,61999,3,3,1, 62002
27,62002,4,4,1, 62006
1,62006,1,1,1, 62007
8,62006,1,1,1, 62007
17,62009,3,3,1, 62012
8,62016,1,1,1, 62017
8,62026,1,1,1, 62027
24,62029,1,1,0, 62030
8,62036,1,1,1, 62037
31,62036,2,2,1, 62038
24,62039,1,1,0, 62040
16,62039,2,2,1, 62041
7,62042,1,1,0, 62043
8,62046,1,1,1, 62047
24,62049,1,1,1, 62050
7,62052,1,1,0, 62053
8,62056,1,1,0, 62057
24,62059,1,1,1, 62060
16,62059,2,2,1, 62061
7,62062,1,1,0, 62063
8,62066,1,1,1, 62067
22,62066,4,4,1, 62070
24,62069,1,1,1, 62070
29,62068,4,4,1, 62072
14,62069,3,3,1, 62072
6,62070,2,2,1, 62072
13,62069,4,4,1, 62073
7,62072,1,1,0, 62073
8,62076,1,1,1, 62077
5,62077,3,3,1, 62080
24,62079,1,1,0, 62080
16,62079,2,2,1, 62081
21,62077,5,5,1, 62082
29,62078,4,4,1, 62082
14,62079,3,3,1, 62082
6,62080,2,2,1, 62082
7,62082,1,1,1, 62083
8,62086,1,1,0, 62087
24,62089,1,1,0, 62090
16,62089,2,2,1, 62091
6,62090,2,2,1, 62092
7,62092,1,1,0, 62093
8,62096,1,1,0, 62097
5,62097,3,3,1, 62100
24,62099,1,1,1, 62100
14,62099,3,3,1, 62102
7,62102,1,1,1, 62103
8,62106,1,1,1, 62107
5,62107,3,3,1, 62110
24,62109,1,1,0, 62110
16,62109,2,2,1, 62111
7,62112,1,1,0, 62113
1,62116,1,1,1, 62117
8,62116,1,1,1, 62117
9,62117,2,2,1, 62119
5,62117,3,3,1, 62120
24,62119,1,1,1, 62120
29,62118,4,4,1, 62122
17,62119,3,3,1, 62122
6,62120,2,2,1, 62122
7,62122,1,1,0, 62123
25,62125,2,2,1, 62127
1,62126,1,1,0, 62127
8,62126,1,1,1, 62127
5,62127,3,3,1, 62130
24,62129,1,1,0, 62130
16,62129,2,2,1, 62131
25,62135,2,2,1, 62137
1,62136,1,1,0, 62137
8,62136,1,1,1, 62137
9,62137,2,2,1, 62139
24,62139,1,1,0, 62140
16,62139,2,2,1, 62141
25,62145,2,2,1, 62147
1,62146,1,1,0, 62147
8,62146,1,1,0, 62147
9,62147,2,2,1, 62149
24,62149,1,1,1, 62150
1,62156,1,1,1, 62157
8,62156,1,1,1, 62157
24,62159,1,1,0, 62160
16,62159,2,2,1, 62161
1,62166,1,1,0, 62167
8,62166,1,1,1, 62167
24,62169,1,1,1, 62170
16,62169,2,2,1, 62171
18,62173,4,4,1, 62177
25,62175,2,2,1, 62177
1,62176,1,1,0, 62177
8,62176,1,1,0, 62177
9,62177,2,2,1, 62179
24,62179,1,1,0, 62180
16,62179,2,2,1, 62181
17,62179,3,3,1, 62182
18,62183,4,4,1, 62187
1,62186,1,1,1, 62187
8,62186,1,1,1, 62187
24,62189,1,1,0, 62190
16,62189,2,2,1, 62191
17,62189,3,3,1, 62192
2,62193,2,2,1, 62195
25,62195,2,2,1, 62197
1,62196,1,1,1, 62197
8,62196,1,1,0, 62197
9,62197,2,2,1, 62199
26,62197,3,3,1, 62200
24,62199,1,1,1, 62200
18,62203,4,4,1, 62207
25,62205,2,2,1, 62207
8,62206,1,1,0, 62207
24,62209,1,1,0, 62210
8,62216,1,1,1, 62217
24,62219,1,1,1, 62220
16,62219,2,2,1, 62221
8,62226,1,1,1, 62227
24,62229,1,1,0, 62230
7,62232,1,1,0, 62233
8,62236,1,1,1, 62237
31,62236,2,2,1, 62238
24,62239,1,1,1, 62240
16,62239,2,2,1, 62241
14,62239,3,3,1, 62242
13,62239,4,4,1, 62243
7,62242,1,1,1, 62243
30,62243,3,3,1, 62246
8,62246,1,1,0, 62247
5,62247,3,3,1, 62250
24,62249,1,1,0, 62250
16,62249,2,2,1, 62251
29,62248,4,4,1, 62252
6,62250,2,2,1, 62252
7,62252,1,1,1, 62253
30,62253,3,3,1, 62256
8,62256,1,1,0, 62257
31,62256,2,2,1, 62258
22,62256,4,4,1, 62260
5,62257,3,3,1, 62260
24,62259,1,1,0, 62260
16,62259,2,2,1, 62261
21,62257,5,5,1, 62262
29,62258,4,4,1, 62262
13,62259,4,4,1, 62263
7,62262,1,1,0, 62263
8,62266,1,1,0, 62267
5,62267,3,3,1, 62270
24,62269,1,1,0, 62270
6,62270,2,2,1, 62272
7,62272,1,1,0, 62273
8,62276,1,1,0, 62277
5,62277,3,3,1, 62280
24,62279,1,1,0, 62280
16,62279,2,2,1, 62281
21,62277,5,5,1, 62282
8,62286,1,1,0, 62287
24,62289,1,1,1, 62290
8,62296,1,1,1, 62297
24,62299,1,1,1, 62300
8,62306,1,1,1, 62307
9,62307,2,2,1, 62309
24,62309,1,1,1, 62310
16,62309,2,2,1, 62311
25,62315,2,2,1, 62317
1,62316,1,1,1, 62317
8,62316,1,1,0, 62317
9,62317,2,2,1, 62319
24,62319,1,1,1, 62320
16,62319,2,2,1, 62321
25,62325,2,2,1, 62327
1,62326,1,1,0, 62327
8,62326,1,1,1, 62327
24,62329,1,1,1, 62330
16,62329,2,2,1, 62331
17,62329,3,3,1, 62332
2,62333,2,2,1, 62335
1,62336,1,1,0, 62337
8,62336,1,1,1, 62337
24,62339,1,1,1, 62340
16,62339,2,2,1, 62341
17,62339,3,3,1, 62342
2,62343,2,2,1, 62345
1,62346,1,1,0, 62347
8,62346,1,1,0, 62347
9,62347,2,2,1, 62349
24,62349,1,1,1, 62350
16,62349,2,2,1, 62351
17,62349,3,3,1, 62352
2,62353,2,2,1, 62355
18,62353,4,4,1, 62357
1,62356,1,1,1, 62357
8,62356,1,1,0, 62357
26,62357,3,3,1, 62360
24,62359,1,1,0, 62360
25,62365,2,2,1, 62367
1,62366,1,1,0, 62367
8,62366,1,1,0, 62367
24,62369,1,1,0, 62370
16,62369,2,2,1, 62371
27,62372,4,4,1, 62376
18,62373,4,4,1, 62377
1,62376,1,1,0, 62377
8,62376,1,1,1, 62377
26,62377,3,3,1, 62380
24,62379,1,1,1, 62380
19,62376,5,5,1, 62381
8,62386,1,1,0, 62387
24,62389,1,1,1, 62390
16,62389,2,2,1, 62391
7,62392,1,1,0, 62393
8,62396,1,1,1, 62397
31,62396,2,2,1, 62398
22,62396,4,4,1, 62400
5,62397,3,3,1, 62400
24,62399,1,1,0, 62400
23,62398,3,3,1, 62401
7,62402,1,1,1, 62403
8,62406,1,1,1, 62407
22,62406,4,4,1, 62410
5,62407,3,3,1, 62410
24,62409,1,1,0, 62410
7,62412,1,1,1, 62413
15,62411,2,4,1, 62415
8,62416,1,1,0, 62417
24,62419,1,1,0, 62420
23,62418,3,3,1, 62421
7,62422,1,1,0, 62423
30,62423,3,3,1, 62426
8,62426,1,1,1, 62427
31,62426,2,2,1, 62428
24,62429,1,1,0, 62430
23,62428,3,3,1, 62431
16,62429,2,2,1, 62431
7,62432,1,1,0, 62433
8,62436,1,1,1, 62437
31,62436,2,2,1, 62438
22,62436,4,4,1, 62440
24,62439,1,1,0, 62440
23,62438,3,3,1, 62441
16,62439,2,2,1, 62441
7,62442,1,1,1, 62443
8,62446,1,1,0, 62447
24,62449,1,1,0, 62450
16,62449,2,2,1, 62451
6,62450,2,2,1, 62452
7,62452,1,1,0, 62453
8,62456,1,1,0, 62457
31,62456,2,2,1, 62458
24,62459,1,1,0, 62460
23,62458,3,3,1, 62461
16,62459,2,2,1, 62461
8,62466,1,1,0, 62467
24,62469,1,1,0, 62470
8,62476,1,1,0, 62477
24,62479,1,1,1, 62480
16,62479,2,2,1, 62481
25,62485,2,2,1, 62487
1,62486,1,1,1, 62487
8,62486,1,1,1, 62487
24,62489,1,1,0, 62490
16,62489,2,2,1, 62491
17,62489,3,3,1, 62492
1,62496,1,1,1, 62497
8,62496,1,1,1, 62497
24,62499,1,1,1, 62500
25,62505,2,2,1, 62507
1,62506,1,1,1, 62507
8,62506,1,1,1, 62507
9,62507,2,2,1, 62509
24,62509,1,1,0, 62510
16,62509,2,2,1, 62511
17,62509,3,3,1, 62512
2,62513,2,2,1, 62515
18,62513,4,4,1, 62517
25,62515,2,2,1, 62517
1,62516,1,1,0, 62517
8,62516,1,1,1, 62517
9,62517,2,2,1, 62519
24,62519,1,1,1, 62520
16,62519,2,2,1, 62521
17,62519,3,3,1, 62522
2,62523,2,2,1, 62525
18,62523,4,4,1, 62527
1,62526,1,1,0, 62527
8,62526,1,1,1, 62527
24,62529,1,1,1, 62530
16,62529,2,2,1, 62531
17,62529,3,3,1, 62532
2,62533,2,2,1, 62535
1,62536,1,1,0, 62537
8,62536,1,1,0, 62537
9,62537,2,2,1, 62539
24,62539,1,1,0, 62540
16,62539,2,2,1, 62541
2,62543,2,2,1, 62545
1,62546,1,1,1, 62547
8,62546,1,1,0, 62547
3,62547,3,3,1, 62550
24,62549,1,1,0, 62550
16,62549,2,2,1, 62551
8,62556,1,1,1, 62557
24,62559,1,1,1, 62560
8,62566,1,1,0, 62567
24,62569,1,1,1, 62570
7,62572,1,1,0, 62573
8,62576,1,1,0, 62577
24,62579,1,1,0, 62580
7,62582,1,1,1, 62583
8,62586,1,1,0, 62587
24,62589,1,1,0, 62590
7,62592,1,1,0, 62593
8,62596,1,1,1, 62597
5,62597,3,3,1, 62600
24,62599,1,1,0, 62600
21,62597,5,5,1, 62602
13,62599,4,4,1, 62603
7,62602,1,1,1, 62603
8,62606,1,1,1, 62607
24,62609,1,1,0, 62610
16,62609,2,2,1, 62611
21,62607,5,5,1, 62612
13,62609,4,4,1, 62613
7,62612,1,1,0, 62613
8,62616,1,1,1, 62617
5,62617,3,3,1, 62620
24,62619,1,1,0, 62620
13,62619,4,4,1, 62623
7,62622,1,1,0, 62623
8,62626,1,1,1, 62627
31,62626,2,2,1, 62628
5,62627,3,3,1, 62630
24,62629,1,1,1, 62630
16,62629,2,2,1, 62631
6,62630,2,2,1, 62632
7,62632,1,1,0, 62633
15,62631,2,4,1, 62635
8,62636,1,1,1, 62637
31,62636,2,2,1, 62638
5,62637,3,3,1, 62640
24,62639,1,1,0, 62640
23,62638,3,3,1, 62641
7,62642,1,1,0, 62643
8,62646,1,1,0, 62647
31,62646,2,2,1, 62648
24,62649,1,1,0, 62650
16,62649,2,2,1, 62651
7,62652,1,1,0, 62653
25,62655,2,2,1, 62657
1,62656,1,1,0, 62657
8,62656,1,1,0, 62657
31,62656,2,2,1, 62658
24,62659,1,1,1, 62660
23,62658,3,3,1, 62661
6,62660,2,2,1, 62662
1,62666,1,1,1, 62667
8,62666,1,1,1, 62667
24,62669,1,1,1, 62670
16,62669,2,2,1, 62671
25,62675,2,2,1, 62677
1,62676,1,1,0, 62677
8,62676,1,1,1, 62677
24,62679,1,1,0, 62680
17,62679,3,3,1, 62682
1,62686,1,1,0, 62687
8,62686,1,1,0, 62687
9,62687,2,2,1, 62689
24,62689,1,1,1, 62690
16,62689,2,2,1, 62691
25,62695,2,2,1, 62697
1,62696,1,1,1, 62697
8,62696,1,1,1, 62697
9,62697,2,2,1, 62699
24,62699,1,1,1, 62700
16,62699,2,2,1, 62701
1,62706,1,1,1, 62707
8,62706,1,1,0, 62707
17,62709,3,3,1, 62712
2,62713,2,2,1, 62715
1,62716,1,1,0, 62717
8,62716,1,1,0, 62717
1,62726,1,1,0, 62727
8,62726,1,1,0, 62727
26,62727,3,3,1, 62730
1,62736,1,1,1, 62737
8,62736,1,1,1, 62737
9,62737,2,2,1, 62739
17,62739,3,3,1, 62742
2,62743,2,2,1, 62745
25,62745,2,2,1, 62747
1,62746,1,1,0, 62747
8,62746,1,1,0, 62747
26,62747,3,3,1, 62750
17,62749,3,3,1, 62752
18,62753,4,4,1, 62757
1,62756,1,1,0, 62757
8,62756,1,1,0, 62757
4,62756,4,4,1, 62760
26,62757,3,3,1, 62760
8,62766,1,1,0, 62767
31,62766,2,2,1, 62768
7,62772,1,1,0, 62773
8,62776,1,1,0, 62777
7,62782,1,1,1, 62783
8,62786,1,1,0, 62787
7,62792,1,1,0, 62793
8,62796,1,1,1, 62797
31,62796,2,2,1, 62798
7,62802,1,1,0, 62803
8,62806,1,1,0, 62807
31,62806,2,2,1, 62808
24,62809,1,1,0, 62810
7,62812,1,1,1, 62813
8,62816,1,1,1, 62817
24,62819,1,1,1, 62820
16,62819,2,2,1, 62821
7,62822,1,1,0, 62823
30,62823,3,3,1, 62826
8,62826,1,1,1, 62827
22,62826,4,4,1, 62830
5,62827,3,3,1, 62830
24,62829,1,1,1, 62830
16,62829,2,2,1, 62831
21,62827,5,5,1, 62832
14,62829,3,3,1, 62832
7,62832,1,1,0, 62833
8,62836,1,1,0, 62837
31,62836,2,2,1, 62838
5,62837,3,3,1, 62840
24,62839,1,1,1, 62840
21,62837,5,5,1, 62842
7,62842,1,1,1, 62843
8,62846,1,1,0, 62847
5,62847,3,3,1, 62850
24,62849,1,1,0, 62850
16,62849,2,2,1, 62851
13,62849,4,4,1, 62853
7,62852,1,1,1, 62853
30,62853,3,3,1, 62856
8,62856,1,1,1, 62857
31,62856,2,2,1, 62858
5,62857,3,3,1, 62860
24,62859,1,1,1, 62860
14,62859,3,3,1, 62862
7,62862,1,1,0, 62863
1,62866,1,1,0, 62867
8,62866,1,1,0, 62867
24,62869,1,1,1, 62870
14,62869,3,3,1, 62872
17,62869,3,3,1, 62872
13,62869,4,4,1, 62873
7,62872,1,1,0, 62873
25,62875,2,2,1, 62877
1,62876,1,1,1, 62877
8,62876,1,1,0, 62877
31,62876,2,2,1, 62878
9,62877,2,2,1, 62879
24,62879,1,1,0, 62880
16,62879,2,2,1, 62881
17,62879,3,3,1, 62882
1,62886,1,1,1, 62887
8,62886,1,1,0, 62887
24,62889,1,1,0, 62890
1,62896,1,1,1, 62897
8,62896,1,1,0, 62897
24,62899,1,1,0, 62900
16,62899,2,2,1, 62901
17,62899,3,3,1, 62902
25,62905,2,2,1, 62907
1,62906,1,1,0, 62907
8,62906,1,1,0, 62907
9,62907,2,2,1, 62909
24,62909,1,1,0, 62910
16,62909,2,2,1, 62911
17,62909,3,3,1, 62912
25,62915,2,2,1, 62917
1,62916,1,1,0, 62917
8,62916,1,1,0, 62917
26,62917,3,3,1, 62920
24,62919,1,1,0, 62920
18,62923,4,4,1, 62927
25,62925,2,2,1, 62927
1,62926,1,1,0, 62927
8,62926,1,1,1, 62927
24,62929,1,1,1, 62930
17,62929,3,3,1, 62932
1,62936,1,1,0, 62937
8,62936,1,1,0, 62937
9,62937,2,2,1, 62939
24,62939,1,1,0, 62940
16,62939,2,2,1, 62941
17,62939,3,3,1, 62942
2,62943,2,2,1, 62945
18,62943,4,4,1, 62947
25,62945,2,2,1, 62947
8,62946,1,1,0, 62947
24,62949,1,1,0, 62950
16,62949,2,2,1, 62951
8,62956,1,1,0, 62957
24,62959,1,1,1, 62960
16,62959,2,2,1, 62961
8,62966,1,1,1, 62967
24,62969,1,1,0, 62970
16,62969,2,2,1, 62971
8,62976,1,1,0, 62977
24,62979,1,1,1, 62980
16,62979,2,2,1, 62981
7,62982,1,1,1, 62983
8,62986,1,1,1, 62987
31,62986,2,2,1, 62988
22,62986,4,4,1, 62990
5,62987,3,3,1, 62990
24,62989,1,1,0, 62990
23,62988,3,3,1, 62991
6,62990,2,2,1, 62992
7,62992,1,1,0, 62993
8,62996,1,1,0, 62997
24,62999,1,1,0, 63000
23,62998,3,3,1, 63001
16,62999,2,2,1, 63001
6,63000,2,2,1, 63002
7,63002,1,1,0, 63003
30,63003,3,3,1, 63006
8,63006,1,1,1, 63007
22,63006,4,4,1, 63010
5,63007,3,3,1, 63010
24,63009,1,1,0, 63010
6,63010,2,2,1, 63012
7,63012,1,1,0, 63013
8,63016,1,1,0, 63017
22,63016,4,4,1, 63020
24,63019,1,1,1, 63020
7,63022,1,1,0, 63023
8,63026,1,1,1, 63027
5,63027,3,3,1, 63030
24,63029,1,1,1, 63030
21,63027,5,5,1, 63032
6,63030,2,2,1, 63032
13,63029,4,4,1, 63033
7,63032,1,1,1, 63033
30,63033,3,3,1, 63036
8,63036,1,1,0, 63037
24,63039,1,1,1, 63040
16,63039,2,2,1, 63041
8,63046,1,1,1, 63047
24,63049,1,1,0, 63050
25,63055,2,2,1, 63057
1,63056,1,1,0, 63057
8,63056,1,1,1, 63057
9,63057,2,2,1, 63059
24,63059,1,1,0, 63060
16,63059,2,2,1, 63061
25,63065,2,2,1, 63067
1,63066,1,1,1, 63067
8,63066,1,1,1, 63067
24,63069,1,1,1, 63070
17,63069,3,3,1, 63072
1,63076,1,1,0, 63077
8,63076,1,1,1, 63077
24,63079,1,1,1, 63080
16,63079,2,2,1, 63081
25,63085,2,2,1, 63087
1,63086,1,1,0, 63087
8,63086,1,1,1, 63087
24,63089,1,1,1, 63090
16,63089,2,2,1, 63091
2,63093,2,2,1, 63095
25,63095,2,2,1, 63097
1,63096,1,1,0, 63097
8,63096,1,1,0, 63097
26,63097,3,3,1, 63100
24,63099,1,1,0, 63100
2,63103,2,2,1, 63105
25,63105,2,2,1, 63107
1,63106,1,1,0, 63107
8,63106,1,1,0, 63107
3,63107,3,3,1, 63110
24,63109,1,1,0, 63110
19,63106,5,5,1, 63111
16,63109,2,2,1, 63111
18,63113,4,4,1, 63117
1,63116,1,1,0, 63117
8,63116,1,1,1, 63117
11,63114,4,4,1, 63118
3,63117,3,3,1, 63120
24,63119,1,1,0, 63120
19,63116,5,5,1, 63121
8,63126,1,1,0, 63127
24,63129,1,1,1, 63130
8,63136,1,1,0, 63137
24,63139,1,1,1, 63140
7,63142,1,1,1, 63143
8,63146,1,1,0, 63147
31,63146,2,2,1, 63148
24,63149,1,1,0, 63150
23,63148,3,3,1, 63151
16,63149,2,2,1, 63151
7,63152,1,1,0, 63153
15,63151,2,4,1, 63155
8,63156,1,1,0, 63157
24,63159,1,1,0, 63160
23,63158,3,3,1, 63161
16,63159,2,2,1, 63161
7,63162,1,1,0, 63163
15,63161,2,4,1, 63165
8,63166,1,1,0, 63167
22,63166,4,4,1, 63170
24,63169,1,1,0, 63170
16,63169,2,2,1, 63171
21,63167,5,5,1, 63172
14,63169,3,3,1, 63172
6,63170,2,2,1, 63172
7,63172,1,1,1, 63173
8,63176,1,1,1, 63177
24,63179,1,1,0, 63180
23,63178,3,3,1, 63181
16,63179,2,2,1, 63181
21,63177,5,5,1, 63182
14,63179,3,3,1, 63182
13,63179,4,4,1, 63183
7,63182,1,1,1, 63183
8,63186,1,1,0, 63187
24,63189,1,1,1, 63190
23,63188,3,3,1, 63191
21,63187,5,5,1, 63192
13,63189,4,4,1, 63193
8,63196,1,1,0, 63197
24,63199,1,1,0, 63200
16,63199,2,2,1, 63201
8,63206,1,1,1, 63207
24,63209,1,1,0, 63210
8,63216,1,1,0, 63217
24,63219,1,1,0, 63220
16,63219,2,2,1, 63221
1,63226,1,1,0, 63227
8,63226,1,1,0, 63227
9,63227,2,2,1, 63229
24,63229,1,1,0, 63230
17,63229,3,3,1, 63232
25,63235,2,2,1, 63237
1,63236,1,1,0, 63237
8,63236,1,1,1, 63237
24,63239,1,1,0, 63240
16,63239,2,2,1, 63241
17,63239,3,3,1, 63242
25,63245,2,2,1, 63247
1,63246,1,1,1, 63247
8,63246,1,1,1, 63247
9,63247,2,2,1, 63249
24,63249,1,1,1, 63250
16,63249,2,2,1, 63251
25,63255,2,2,1, 63257
1,63256,1,1,1, 63257
8,63256,1,1,1, 63257
24,63259,1,1,0, 63260
16,63259,2,2,1, 63261
2,63263,2,2,1, 63265
25,63265,2,2,1, 63267
1,63266,1,1,0, 63267
8,63266,1,1,1, 63267
9,63267,2,2,1, 63269
24,63269,1,1,0, 63270
16,63269,2,2,1, 63271
2,63273,2,2,1, 63275
25,63275,2,2,1, 63277
1,63276,1,1,0, 63277
8,63276,1,1,0, 63277
9,63277,2,2,1, 63279
24,63279,1,1,0, 63280
16,63279,2,2,1, 63281
17,63279,3,3,1, 63282
25,63285,2,2,1, 63287
1,63286,1,1,0, 63287
8,63286,1,1,1, 63287
9,63287,2,2,1, 63289
24,63289,1,1,0, 63290
16,63289,2,2,1, 63291
17,63289,3,3,1, 63292
8,63296,1,1,0, 63297
31,63296,2,2,1, 63298
22,63296,4,4,1, 63300
5,63297,3,3,1, 63300
24,63299,1,1,0, 63300
16,63299,2,2,1, 63301
14,63299,3,3,1, 63302
7,63302,1,1,0, 63303
8,63306,1,1,1, 63307
31,63306,2,2,1, 63308
24,63309,1,1,0, 63310
23,63308,3,3,1, 63311
7,63312,1,1,1, 63313
8,63316,1,1,1, 63317
31,63316,2,2,1, 63318
24,63319,1,1,0, 63320
23,63318,3,3,1, 63321
17,63319,3,3,1, 63322
7,63322,1,1,0, 63323
15,63321,2,4,1, 63325
8,63326,1,1,0, 63327
24,63329,1,1,1, 63330
23,63328,3,3,1, 63331
16,63329,2,2,1, 63331
17,63329,3,3,1, 63332
7,63332,1,1,1, 63333
8,63336,1,1,0, 63337
24,63339,1,1,0, 63340
16,63339,2,2,1, 63341
7,63342,1,1,1, 63343
8,63346,1,1,1, 63347
24,63349,1,1,1, 63350
7,63352,1,1,0, 63353
8,63356,1,1,0, 63357
24,63359,1,1,0, 63360
16,63359,2,2,1, 63361
7,63362,1,1,0, 63363
8,63366,1,1,1, 63367
7,63372,1,1,0, 63373
8,63376,1,1,1, 63377
7,63382,1,1,0, 63383
8,63386,1,1,1, 63387
7,63392,1,1,0, 63393
25,63395,2,2,1, 63397
1,63396,1,1,1, 63397
8,63396,1,1,1, 63397
28,63394,5,5,1, 63399
26,63397,3,3,1, 63400
7,63402,1,1,0, 63403
1,63406,1,1,0, 63407
8,63406,1,1,0, 63407
22,63406,4,4,1, 63410
21,63407,5,5,1, 63412
7,63412,1,1,0, 63413
1,63416,1,1,0, 63417
8,63416,1,1,0, 63417
5,63417,3,3,1, 63420
21,63417,5,5,1, 63422
14,63419,3,3,1, 63422
13,63419,4,4,1, 63423
7,63422,1,1,1, 63423
30,63423,3,3,1, 63426
1,63426,1,1,1, 63427
8,63426,1,1,0, 63427
5,63427,3,3,1, 63430
21,63427,5,5,1, 63432
7,63432,1,1,0, 63433
25,63435,2,2,1, 63437
1,63436,1,1,0, 63437
8,63436,1,1,1, 63437
14,63439,3,3,1, 63442
6,63440,2,2,1, 63442
1,63446,1,1,1, 63447
8,63446,1,1,0, 63447
1,63456,1,1,0, 63457
8,63456,1,1,0, 63457
1,63466,1,1,1, 63467
8,63466,1,1,0, 63467
24,63469,1,1,1, 63470
16,63469,2,2,1, 63471
17,63469,3,3,1, 63472
1,63476,1,1,1, 63477
8,63476,1,1,0, 63477
24,63479,1,1,0, 63480
17,63479,3,3,1, 63482
1,63486,1,1,1, 63487
8,63486,1,1,1, 63487
24,63489,1,1,1, 63490
25,63495,2,2,1, 63497
1,63496,1,1,0, 63497
8,63496,1,1,1, 63497
24,63499,1,1,1, 63500
16,63499,2,2,1, 63501
17,63499,3,3,1, 63502
18,63503,4,4,1, 63507
1,63506,1,1,1, 63507
8,63506,1,1,0, 63507
26,63507,3,3,1, 63510
24,63509,1,1,0, 63510
1,63516,1,1,1, 63517
8,63516,1,1,1, 63517
26,63517,3,3,1, 63520
24,63519,1,1,0, 63520
17,63519,3,3,1, 63522
27,63522,4,4,1, 63526
25,63525,2,2,1, 63527
1,63526,1,1,0, 63527
8,63526,1,1,0, 63527
28,63524,5,5,1, 63529
24,63529,1,1,1, 63530
19,63526,5,5,1, 63531
17,63529,3,3,1, 63532
27,63532,4,4,1, 63536
1,63536,1,1,0, 63537
8,63536,1,1,0, 63537
28,63534,5,5,1, 63539
4,63536,4,4,1, 63540
24,63539,1,1,1, 63540
25,63545,2,2,1, 63547
1,63546,1,1,1, 63547
8,63546,1,1,0, 63547
20,63543,6,6,1, 63549
3,63547,3,3,1, 63550
26,63547,3,3,1, 63550
24,63549,1,1,0, 63550
17,63549,3,3,1, 63552
7,63552,1,1,1, 63553
2,63553,2,2,1, 63555
25,63555,2,2,1, 63557
8,63556,1,1,0, 63557
24,63559,1,1,1, 63560
16,63559,2,2,1, 63561
17,63559,3,3,1, 63562
7,63562,1,1,1, 63563
8,63566,1,1,1, 63567
31,63566,2,2,1, 63568
22,63566,4,4,1, 63570
24,63569,1,1,0, 63570
16,63569,2,2,1, 63571
7,63572,1,1,1, 63573
8,63576,1,1,1, 63577
31,63576,2,2,1, 63578
22,63576,4,4,1, 63580
24,63579,1,1,0, 63580
16,63579,2,2,1, 63581
21,63577,5,5,1, 63582
17,63579,3,3,1, 63582
13,63579,4,4,1, 63583
7,63582,1,1,0, 63583
8,63586,1,1,0, 63587
24,63589,1,1,1, 63590
13,63589,4,4,1, 63593
7,63592,1,1,0, 63593
8,63596,1,1,0, 63597
22,63596,4,4,1, 63600
5,63597,3,3,1, 63600
24,63599,1,1,0, 63600
23,63598,3,3,1, 63601
21,63597,5,5,1, 63602
17,63599,3,3,1, 63602
13,63599,4,4,1, 63603
7,63602,1,1,1, 63603
8,63606,1,1,0, 63607
23,63608,3,3,1, 63611
17,63609,3,3,1, 63612
6,63610,2,2,1, 63612
13,63609,4,4,1, 63613
7,63612,1,1,0, 63613
15,63611,2,4,1, 63615
8,63616,1,1,0, 63617
5,63617,3,3,1, 63620
16,63619,2,2,1, 63621
17,63619,3,3,1, 63622
6,63620,2,2,1, 63622
13,63619,4,4,1, 63623
8,63626,1,1,0, 63627
16,63629,2,2,0, 63631
17,63629,3,3,1, 63632
8,63636,1,1,1, 63637
16,63639,2,2,0, 63641
17,63639,3,3,0, 63642
8,63646,1,1,0, 63647
16,63649,2,2,0, 63651
17,63649,3,3,0, 63652
8,63656,1,1,1, 63657
16,63659,2,2,1, 63661
17,63659,3,3,0, 63662
25,63665,2,2,1, 63667
1,63666,1,1,0, 63667
8,63666,1,1,0, 63667
16,63669,2,2,0, 63671
17,63669,3,3,1, 63672
25,63675,2,2,1, 63677
1,63676,1,1,1, 63677
8,63676,1,1,1, 63677
28,63674,5,5,1, 63679
4,63676,4,4,1, 63680
3,63677,3,3,1, 63680
16,63679,2,2,1, 63681
17,63679,3,3,1, 63682
2,63683,2,2,1, 63685
25,63685,2,2,1, 63687
1,63686,1,1,1, 63687
8,63686,1,1,0, 63687
3,63687,3,3,1, 63690
16,63689,2,2,0, 63691
17,63689,3,3,1, 63692
18,63693,4,4,0, 63697
1,63696,1,1,0, 63697
8,63696,1,1,0, 63697
16,63699,2,2,0, 63701
17,63699,3,3,0, 63702
2,63703,2,2,1, 63705
27,63702,4,4,1, 63706
18,63703,4,4,0, 63707
25,63705,2,2,1, 63707
1,63706,1,1,0, 63707
8,63706,1,1,0, 63707
26,63707,3,3,1, 63710
16,63709,2,2,1, 63711
17,63709,3,3,1, 63712
12,63710,5,5,1, 63715
2,63713,2,2,1, 63715
25,63715,2,2,1, 63717
1,63716,1,1,0, 63717
8,63716,1,1,1, 63717
28,63714,5,5,1, 63719
4,63716,4,4,1, 63720
26,63717,3,3,1, 63720
16,63719,2,2,0, 63721
17,63719,3,3,1, 63722
8,63726,1,1,1, 63727
16,63729,2,2,1, 63731
17,63729,3,3,0, 63732
7,63732,1,1,0, 63733
8,63736,1,1,0, 63737
16,63739,2,2,0, 63741
17,63739,3,3,1, 63742
7,63742,1,1,1, 63743
15,63741,2,4,1, 63745
8,63746,1,1,1, 63747
16,63749,2,2,1, 63751
17,63749,3,3,1, 63752
7,63752,1,1,1, 63753
8,63756,1,1,1, 63757
23,63758,3,3,1, 63761
16,63759,2,2,0, 63761
17,63759,3,3,1, 63762
7,63762,1,1,0, 63763
15,63761,2,4,1, 63765
8,63766,1,1,0, 63767
31,63766,2,2,1, 63768
16,63769,2,2,1, 63771
21,63767,5,5,1, 63772
17,63769,3,3,1, 63772
6,63770,2,2,1, 63772
7,63772,1,1,1, 63773
15,63771,2,4,1, 63775
8,63776,1,1,1, 63777
31,63776,2,2,1, 63778
5,63777,3,3,1, 63780
16,63779,2,2,1, 63781
21,63777,5,5,1, 63782
17,63779,3,3,1, 63782
7,63782,1,1,0, 63783
15,63781,2,4,1, 63785
30,63783,3,3,1, 63786
8,63786,1,1,1, 63787
22,63786,4,4,1, 63790
5,63787,3,3,1, 63790
16,63789,2,2,1, 63791
21,63787,5,5,1, 63792
17,63789,3,3,0, 63792
6,63790,2,2,1, 63792
8,63796,1,1,1, 63797
16,63799,2,2,0, 63801
17,63799,3,3,1, 63802
8,63806,1,1,1, 63807
16,63809,2,2,1, 63811
17,63809,3,3,0, 63812
8,63816,1,1,0, 63817
16,63819,2,2,1, 63821
17,63819,3,3,0, 63822
1,63826,1,1,0, 63827
8,63826,1,1,0, 63827
20,63823,6,6,1, 63829
3,63827,3,3,1, 63830
19,63826,5,5,1, 63831
16,63829,2,2,1, 63831
17,63829,3,3,1, 63832
12,63830,5,5,1, 63835
27,63832,4,4,1, 63836
1,63836,1,1,1, 63837
8,63836,1,1,0, 63837
28,63834,5,5,1, 63839
16,63839,2,2,0, 63841
17,63839,3,3,0, 63842
1,63846,1,1,0, 63847
8,63846,1,1,1, 63847
3,63847,3,3,1, 63850
19,63846,5,5,1, 63851
16,63849,2,2,1, 63851
17,63849,3,3,1, 63852
27,63852,4,4,1, 63856
25,63855,2,2,1, 63857
1,63856,1,1,1, 63857
8,63856,1,1,0, 63857
16,63859,2,2,1, 63861
17,63859,3,3,1, 63862
1,63866,1,1,0, 63867
8,63866,1,1,1, 63867
16,63869,2,2,1, 63871
17,63869,3,3,0, 63872
25,63875,2,2,1, 63877
1,63876,1,1,0, 63877
8,63876,1,1,0, 63877
16,63879,2,2,1, 63881
17,63879,3,3,1, 63882
1,63886,1,1,0, 63887
8,63886,1,1,0, 63887
16,63889,2,2,0, 63891
17,63889,3,3,0, 63892
1,63896,1,1,1, 63897
8,63896,1,1,0, 63897
31,63896,2,2,1, 63898
16,63899,2,2,1, 63901
17,63899,3,3,1, 63902
7,63902,1,1,0, 63903
25,63905,2,2,1, 63907
1,63906,1,1,1, 63907
8,63906,1,1,1, 63907
31,63906,2,2,1, 63908
23,63908,3,3,1, 63911
16,63909,2,2,0, 63911
17,63909,3,3,0, 63912
7,63912,1,1,1, 63913
1,63916,1,1,1, 63917
8,63916,1,1,0, 63917
16,63919,2,2,0, 63921
17,63919,3,3,1, 63922
7,63922,1,1,1, 63923
25,63925,2,2,1, 63927
1,63926,1,1,0, 63927
8,63926,1,1,0, 63927
16,63929,2,2,1, 63931
17,63929,3,3,1, 63932
7,63932,1,1,1, 63933
25,63935,2,2,1, 63937
1,63936,1,1,0, 63937
8,63936,1,1,0, 63937
16,63939,2,2,1, 63941
17,63939,3,3,1, 63942
7,63942,1,1,1, 63943
25,63945,2,2,1, 63947
1,63946,1,1,1, 63947
8,63946,1,1,0, 63947
16,63949,2,2,1, 63951
17,63949,3,3,0, 63952
7,63952,1,1,0, 63953
25,63955,2,2,1, 63957
1,63956,1,1,0, 63957
8,63956,1,1,1, 63957
17,63959,3,3,1, 63962
7,63962,1,1,0, 63963
1,63966,1,1,0, 63967
8,63966,1,1,0, 63967
7,63972,1,1,0, 63973
1,63976,1,1,1, 63977
8,63976,1,1,0, 63977
16,63979,2,2,1, 63981
17,63979,3,3,1, 63982
7,63982,1,1,0, 63983
25,63985,2,2,1, 63987
1,63986,1,1,0, 63987
8,63986,1,1,0, 63987
5,63987,3,3,1, 63990
16,63989,2,2,1, 63991
17,63989,3,3,1, 63992
7,63992,1,1,0, 63993
2,63993,2,2,1, 63995
1,63996,1,1,0, 63997
8,63996,1,1,0, 63997
22,63996,4,4,1, 64000
5,63997,3,3,1, 64000
13,63999,4,4,1, 64003
7,64002,1,1,1, 64003
30,64003,3,3,1, 64006
25,64005,2,2,1, 64007
1,64006,1,1,0, 64007
8,64006,1,1,1, 64007
22,64006,4,4,1, 64010
16,64009,2,2,1, 64011
17,64009,3,3,1, 64012
13,64009,4,4,1, 64013
7,64012,1,1,1, 64013
15,64011,2,4,1, 64015
30,64013,3,3,1, 64016
25,64015,2,2,1, 64017
1,64016,1,1,1, 64017
8,64016,1,1,0, 64017
31,64016,2,2,1, 64018
5,64017,3,3,1, 64020
17,64019,3,3,1, 64022
6,64020,2,2,1, 64022
7,64022,1,1,1, 64023
2,64023,2,2,1, 64025
8,64026,1,1,0, 64027
5,64027,3,3,1, 64030
23,64028,3,3,1, 64031
16,64029,2,2,1, 64031
7,64032,1,1,1, 64033
15,64031,2,4,1, 64035
30,64033,3,3,1, 64036
8,64036,1,1,1, 64037
8,64046,1,1,0, 64047
17,64049,3,3,1, 64052
8,64056,1,1,1, 64057
16,64059,2,2,1, 64061
17,64059,3,3,1, 64062
8,64066,1,1,0, 64067
16,64069,2,2,1, 64071
8,64076,1,1,0, 64077
16,64079,2,2,1, 64081
8,64086,1,1,1, 64087
8,64096,1,1,0, 64097
8,64106,1,1,1, 64107
8,64116,1,1,1, 64117
16,64119,2,2,1, 64121
8,64126,1,1,1, 64127
2,64133,2,2,1, 64135
1,64136,1,1,1, 64137
8,64136,1,1,0, 64137
17,64139,3,3,1, 64142
7,64142,1,1,1, 64143
27,64142,4,4,1, 64146
1,64146,1,1,0, 64147
8,64146,1,1,1, 64147
31,64146,2,2,1, 64148
3,64147,3,3,1, 64150
23,64148,3,3,1, 64151
7,64152,1,1,0, 64153
2,64153,2,2,1, 64155
25,64155,2,2,1, 64157
1,64156,1,1,1, 64157
8,64156,1,1,0, 64157
5,64157,3,3,1, 64160
17,64159,3,3,1, 64162
6,64160,2,2,1, 64162
7,64162,1,1,0, 64163
15,64161,2,4,1, 64165
2,64163,2,2,1, 64165
30,64163,3,3,1, 64166
25,64165,2,2,1, 64167
1,64166,1,1,0, 64167
8,64166,1,1,0, 64167
3,64167,3,3,1, 64170
16,64169,2,2,1, 64171
13,64169,4,4,1, 64173
7,64172,1,1,1, 64173
15,64171,2,4,1, 64175
2,64173,2,2,1, 64175
1,64176,1,1,1, 64177
8,64176,1,1,0, 64177
17,64179,3,3,1, 64182
6,64180,2,2,1, 64182
13,64179,4,4,1, 64183
7,64182,1,1,0, 64183
15,64181,2,4,1, 64185
2,64183,2,2,1, 64185
27,64182,4,4,1, 64186
30,64183,3,3,1, 64186
25,64185,2,2,1, 64187
1,64186,1,1,0, 64187
8,64186,1,1,0, 64187
4,64186,4,4,1, 64190
22,64186,4,4,1, 64190
23,64188,3,3,1, 64191
16,64189,2,2,1, 64191
7,64192,1,1,0, 64193
12,64190,5,5,1, 64195
2,64193,2,2,1, 64195
1,64196,1,1,1, 64197
8,64196,1,1,0, 64197
28,64194,5,5,1, 64199
4,64196,4,4,1, 64200
3,64197,3,3,1, 64200
23,64198,3,3,1, 64201
13,64199,4,4,1, 64203
7,64202,1,1,0, 64203
8,64206,1,1,1, 64207
22,64206,4,4,1, 64210
16,64209,2,2,1, 64211
8,64216,1,1,1, 64217
16,64219,2,2,1, 64221
8,64226,1,1,0, 64227
16,64229,2,2,1, 64231
8,64236,1,1,1, 64237
16,64239,2,2,1, 64241
8,64246,1,1,0, 64247
8,64256,1,1,0, 64257
16,64259,2,2,1, 64261
8,64266,1,1,0, 64267
16,64269,2,2,1, 64271
8,64276,1,1,1, 64277
8,64286,1,1,1, 64287
8,64296,1,1,1, 64297
16,64299,2,2,1, 64301
1,64306,1,1,1, 64307
8,64306,1,1,1, 64307
2,64313,2,2,1, 64315
1,64316,1,1,0, 64317
8,64316,1,1,1, 64317
16,64319,2,2,1, 64321
7,64322,1,1,1, 64323
25,64325,2,2,1, 64327
1,64326,1,1,1, 64327
8,64326,1,1,1, 64327
16,64329,2,2,1, 64331
7,64332,1,1,0, 64333
2,64333,2,2,1, 64335
1,64336,1,1,1, 64337
8,64336,1,1,0, 64337
16,64339,2,2,1, 64341
7,64342,1,1,1, 64343
2,64343,2,2,1, 64345
1,64346,1,1,0, 64347
8,64346,1,1,1, 64347
22,64346,4,4,1, 64350
13,64349,4,4,1, 64353
7,64352,1,1,0, 64353
12,64350,5,5,1, 64355
2,64353,2,2,1, 64355
25,64355,2,2,1, 64357
1,64356,1,1,0, 64357
8,64356,1,1,0, 64357
22,64356,4,4,1, 64360
7,64362,1,1,0, 64363
12,64360,5,5,1, 64365
27,64362,4,4,1, 64366
25,64365,2,2,1, 64367
1,64366,1,1,0, 64367
8,64366,1,1,0, 64367
3,64367,3,3,1, 64370
5,64367,3,3,1, 64370
23,64368,3,3,1, 64371
16,64369,2,2,1, 64371
6,64370,2,2,1, 64372
13,64369,4,4,1, 64373
7,64372,1,1,1, 64373
27,64372,4,4,1, 64376
1,64376,1,1,0, 64377
8,64376,1,1,0, 64377
31,64376,2,2,1, 64378
3,64377,3,3,1, 64380
23,64378,3,3,1, 64381
16,64379,2,2,1, 64381
7,64382,1,1,0, 64383
15,64381,2,4,1, 64385
1,64386,1,1,1, 64387
8,64386,1,1,1, 64387
4,64386,4,4,1, 64390
3,64387,3,3,1, 64390
16,64389,2,2,1, 64391
6,64390,2,2,1, 64392
7,64392,1,1,1, 64393
15,64391,2,4,1, 64395
1,64396,1,1,1, 64397
8,64396,1,1,0, 64397
4,64396,4,4,1, 64400
5,64397,3,3,1, 64400
7,64402,1,1,1, 64403
12,64400,5,5,1, 64405
8,64406,1,1,1, 64407
5,64407,3,3,1, 64410
6,64410,2,2,1, 64412
13,64409,4,4,1, 64413
7,64412,1,1,1, 64413
8,64416,1,1,0, 64417
31,64416,2,2,1, 64418
5,64417,3,3,1, 64420
13,64419,4,4,1, 64423
8,64426,1,1,1, 64427
8,64436,1,1,1, 64437
8,64446,1,1,0, 64447
8,64456,1,1,1, 64457
8,64466,1,1,1, 64467
16,64469,2,2,1, 64471
8,64476,1,1,1, 64477
16,64479,2,2,1, 64481
8,64486,1,1,0, 64487
16,64489,2,2,1, 64491
8,64496,1,1,1, 64497
16,64499,2,2,1, 64501
1,64506,1,1,0, 64507
8,64506,1,1,1, 64507
16,64509,2,2,1, 64511
1,64516,1,1,0, 64517
8,64516,1,1,1, 64517
16,64519,2,2,1, 64521
25,64525,2,2,1, 64527
1,64526,1,1,0, 64527
8,64526,1,1,1, 64527
7,64532,1,1,1, 64533
15,64531,2,4,1, 64535
1,64536,1,1,1, 64537
8,64536,1,1,0, 64537
31,64536,2,2,1, 64538
16,64539,2,2,1, 64541
7,64542,1,1,0, 64543
1,64546,1,1,1, 64547
8,64546,1,1,0, 64547
31,64546,2,2,1, 64548
23,64548,3,3,1, 64551
7,64552,1,1,1, 64553
15,64551,2,4,1, 64555
25,64555,2,2,1, 64557
1,64556,1,1,0, 64557
8,64556,1,1,1, 64557
23,64558,3,3,1, 64561
7,64562,1,1,1, 64563
1,64566,1,1,0, 64567
8,64566,1,1,0, 64567
23,64568,3,3,1, 64571
16,64569,2,2,1, 64571
7,64572,1,1,0, 64573
2,64573,2,2,1, 64575
1,64576,1,1,1, 64577
8,64576,1,1,0, 64577
23,64578,3,3,1, 64581
16,64579,2,2,1, 64581
7,64582,1,1,0, 64583
15,64581,2,4,1, 64585
2,64583,2,2,1, 64585
25,64585,2,2,1, 64587
1,64586,1,1,1, 64587
23,64588,3,3,1, 64591
7,64592,1,1,1, 64593
15,64591,2,4,1, 64595
2,64593,2,2,1, 64595
25,64595,2,2,1, 64597
1,64596,1,1,0, 64597
5,64597,3,3,1, 64600
13,64599,4,4,1, 64603
7,64602,1,1,1, 64603
15,64601,2,4,1, 64605
2,64603,2,2,1, 64605
30,64603,3,3,1, 64606
1,64606,1,1,0, 64607
31,64606,2,2,1, 64608
22,64606,4,4,1, 64610
12,64610,5,5,1, 64615
1,64616,1,1,0, 64617
4,64616,4,4,1, 64620
12,64620,5,5,1, 64625
1,64626,1,1,0, 64627
3,64627,3,3,1, 64630
12,64630,5,5,1, 64635
2,64633,2,2,1, 64635
1,64636,1,1,0, 64637
4,64636,4,4,1, 64640
3,64637,3,3,1, 64640
12,64640,5,5,1, 64645
1,64646,1,1,0, 64647
12,64650,5,5,1, 64655
2,64653,2,2,1, 64655
1,64656,1,1,0, 64657
12,64660,5,5,1, 64665
1,64666,1,1,1, 64667
4,64666,4,4,1, 64670
8,64686,1,1,1, 64687
16,64689,2,2,1, 64691
8,64696,1,1,0, 64697
16,64699,2,2,1, 64701
8,64706,1,1,0, 64707
7,64712,1,1,1, 64713
8,64716,1,1,0, 64717
16,64719,2,2,1, 64721
7,64722,1,1,0, 64723
8,64726,1,1,0, 64727
16,64729,2,2,1, 64731
7,64732,1,1,0, 64733
8,64736,1,1,1, 64737
7,64742,1,1,0, 64743
8,64746,1,1,0, 64747
7,64752,1,1,1, 64753
8,64756,1,1,0, 64757
23,64758,3,3,1, 64761
7,64762,1,1,1, 64763
15,64761,2,4,1, 64765
8,64766,1,1,0, 64767
31,64766,2,2,1, 64768
23,64768,3,3,1, 64771
7,64772,1,1,1, 64773
8,64776,1,1,1, 64777
31,64776,2,2,1, 64778
7,64782,1,1,1, 64783
2,64783,2,2,1, 64785
30,64783,3,3,1, 64786
1,64786,1,1,0, 64787
8,64786,1,1,1, 64787
31,64786,2,2,1, 64788
5,64787,3,3,1, 64790
16,64789,2,2,1, 64791
6,64790,2,2,1, 64792
13,64789,4,4,1, 64793
7,64792,1,1,1, 64793
2,64793,2,2,1, 64795
1,64796,1,1,0, 64797
8,64796,1,1,0, 64797
31,64796,2,2,1, 64798
4,64796,4,4,1, 64800
3,64797,3,3,1, 64800
23,64798,3,3,1, 64801
6,64800,2,2,1, 64802
7,64802,1,1,1, 64803
12,64800,5,5,1, 64805
30,64803,3,3,1, 64806
1,64806,1,1,1, 64807
8,64806,1,1,0, 64807
22,64806,4,4,1, 64810
3,64807,3,3,1, 64810
23,64808,3,3,1, 64811
16,64809,2,2,1, 64811
7,64812,1,1,1, 64813
15,64811,2,4,1, 64815
1,64816,1,1,1, 64817
8,64816,1,1,0, 64817
16,64819,2,2,1, 64821
1,64826,1,1,1, 64827
8,64826,1,1,1, 64827
16,64829,2,2,1, 64831
1,64836,1,1,0, 64837
8,64836,1,1,1, 64837
1,64846,1,1,0, 64847
8,64846,1,1,1, 64847
16,64849,2,2,1, 64851
1,64856,1,1,0, 64857
8,64856,1,1,1, 64857
16,64859,2,2,1, 64861
1,64866,1,1,0, 64867
8,64866,1,1,0, 64867
16,64869,2,2,1, 64871
1,64876,1,1,0, 64877
8,64876,1,1,0, 64877
1,64886,1,1,1, 64887
8,64886,1,1,1, 64887
16,64889,2,2,1, 64891
1,64896,1,1,1, 64897
8,64896,1,1,1, 64897
16,64899,2,2,1, 64901
1,64906,1,1,1, 64907
8,64906,1,1,1, 64907
1,64916,1,1,1, 64917
8,64916,1,1,0, 64917
16,64919,2,2,1, 64921
1,64926,1,1,0, 64927
8,64926,1,1,0, 64927
31,64926,2,2,1, 64928
16,64929,2,2,1, 64931
7,64932,1,1,1, 64933
2,64933,2,2,1, 64935
1,64936,1,1,0, 64937
8,64936,1,1,0, 64937
31,64936,2,2,1, 64938
16,64939,2,2,1, 64941
7,64942,1,1,0, 64943
1,64946,1,1,1, 64947
8,64946,1,1,1, 64947
16,64949,2,2,1, 64951
7,64952,1,1,1, 64953
1,64956,1,1,0, 64957
8,64956,1,1,0, 64957
16,64959,2,2,1, 64961
7,64962,1,1,1, 64963
2,64963,2,2,1, 64965
1,64966,1,1,0, 64967
8,64966,1,1,1, 64967
31,64966,2,2,1, 64968
5,64967,3,3,1, 64970
16,64969,2,2,1, 64971
7,64972,1,1,1, 64973
1,64976,1,1,0, 64977
8,64976,1,1,0, 64977
5,64977,3,3,1, 64980
7,64982,1,1,1, 64983
2,64983,2,2,1, 64985
1,64986,1,1,0, 64987
8,64986,1,1,1, 64987
31,64986,2,2,1, 64988
23,64988,3,3,1, 64991
6,64990,2,2,1, 64992
7,64992,1,1,0, 64993
2,64993,2,2,1, 64995
1,64996,1,1,1, 64997
8,64996,1,1,1, 64997
5,64997,3,3,1, 65000
23,64998,3,3,1, 65001
7,65002,1,1,0, 65003
15,65001,2,4,1, 65005
1,65006,1,1,0, 65007
8,65006,1,1,0, 65007
5,65007,3,3,1, 65010
16,65009,2,2,1, 65011
7,65012,1,1,1, 65013
15,65011,2,4,1, 65015
2,65013,2,2,1, 65015
1,65016,1,1,1, 65017
8,65016,1,1,1, 65017
31,65016,2,2,1, 65018
3,65017,3,3,1, 65020
23,65018,3,3,1, 65021
16,65019,2,2,1, 65021
7,65022,1,1,1, 65023
15,65021,2,4,1, 65025
2,65023,2,2,1, 65025
30,65023,3,3,1, 65026
1,65026,1,1,0, 65027
8,65026,1,1,1, 65027
31,65026,2,2,1, 65028
16,65029,2,2,1, 65031
7,65032,1,1,0, 65033
12,65030,5,5,1, 65035
15,65031,2,4,1, 65035
2,65033,2,2,1, 65035
30,65033,3,3,1, 65036
1,65036,1,1,0, 65037
8,65036,1,1,1, 65037
4,65036,4,4,1, 65040
12,65040,5,5,1, 65045
1,65046,1,1,0, 65047
4,65046,4,4,1, 65050
1,65056,1,1,1, 65057
12,65060,5,5,1, 65065
1,65066,1,1,1, 65067
4,65066,4,4,1, 65070
3,65067,3,3,1, 65070
12,65070,5,5,1, 65075
1,65076,1,1,0, 65077
4,65076,4,4,1, 65080
2,65083,2,2,1, 65085
7,65142,1,1,0, 65143
8,65146,1,1,0, 65147
7,65152,1,1,0, 65153
8,65156,1,1,0, 65157
7,65162,1,1,0, 65163
8,65166,1,1,0, 65167
7,65172,1,1,1, 65173
8,65176,1,1,0, 65177
7,65182,1,1,1, 65183
1,65186,1,1,0, 65187
8,65186,1,1,0, 65187
7,65192,1,1,0, 65193
1,65196,1,1,0, 65197
8,65196,1,1,0, 65197
7,65202,1,1,0, 65203
30,65203,3,3,1, 65206
1,65206,1,1,1, 65207
8,65206,1,1,0, 65207
31,65206,2,2,1, 65208
5,65207,3,3,1, 65210
23,65208,3,3,1, 65211
7,65212,1,1,0, 65213
15,65211,2,4,1, 65215
30,65213,3,3,1, 65216
1,65216,1,1,1, 65217
8,65216,1,1,1, 65217
5,65217,3,3,1, 65220
7,65222,1,1,1, 65223
15,65221,2,4,1, 65225
1,65226,1,1,1, 65227
8,65226,1,1,1, 65227
31,65226,2,2,1, 65228
6,65230,2,2,1, 65232
7,65232,1,1,1, 65233
15,65231,2,4,1, 65235
1,65236,1,1,0, 65237
8,65236,1,1,0, 65237
5,65237,3,3,1, 65240
6,65240,2,2,1, 65242
7,65242,1,1,0, 65243
1,65246,1,1,0, 65247
8,65246,1,1,1, 65247
6,65250,2,2,1, 65252
7,65252,1,1,0, 65253
15,65251,2,4,1, 65255
30,65253,3,3,1, 65256
1,65256,1,1,0, 65257
8,65256,1,1,1, 65257
31,65256,2,2,1, 65258
1,65266,1,1,1, 65267
8,65266,1,1,0, 65267
2,65273,2,2,1, 65275
1,65276,1,1,0, 65277
8,65276,1,1,0, 65277
2,65283,2,2,1, 65285
1,65286,1,1,0, 65287
8,65286,1,1,1, 65287
1,65296,1,1,1, 65297
8,65296,1,1,1, 65297
2,65303,2,2,1, 65305
1,65306,1,1,1, 65307
8,65306,1,1,1, 65307
1,65316,1,1,1, 65317
8,65316,1,1,0, 65317
1,65326,1,1,1, 65327
8,65326,1,1,1, 65327
4,65326,4,4,1, 65330
3,65327,3,3,1, 65330
12,65330,5,5,1, 65335
2,65333,2,2,1, 65335
1,65336,1,1,1, 65337
8,65336,1,1,0, 65337
4,65336,4,4,1, 65340
1,65346,1,1,1, 65347
8,65346,1,1,0, 65347
3,65347,3,3,1, 65350
1,65356,1,1,1, 65357
8,65356,1,1,1, 65357
7,65362,1,1,0, 65363
1,65366,1,1,1, 65367
8,65366,1,1,1, 65367
31,65366,2,2,1, 65368
3,65367,3,3,1, 65370
7,65372,1,1,1, 65373
1,65376,1,1,1, 65377
8,65376,1,1,1, 65377
3,65377,3,3,1, 65380
7,65382,1,1,1, 65383
2,65383,2,2,1, 65385
1,65386,1,1,1, 65387
8,65386,1,1,1, 65387
31,65386,2,2,1, 65388
3,65387,3,3,1, 65390
7,65392,1,1,1, 65393
1,65396,1,1,1, 65397
8,65396,1,1,0, 65397
31,65396,2,2,1, 65398
3,65397,3,3,1, 65400
5,65397,3,3,1, 65400
7,65402,1,1,0, 65403
2,65403,2,2,1, 65405
30,65403,3,3,1, 65406
1,65406,1,1,0, 65407
8,65406,1,1,0, 65407
31,65406,2,2,1, 65408
7,65412,1,1,0, 65413
2,65413,2,2,1, 65415
1,65416,1,1,1, 65417
8,65416,1,1,0, 65417
22,65416,4,4,1, 65420
3,65417,3,3,1, 65420
6,65420,2,2,1, 65422
7,65422,1,1,0, 65423
2,65423,2,2,1, 65425
1,65426,1,1,1, 65427
8,65426,1,1,0, 65427
31,65426,2,2,1, 65428
5,65427,3,3,1, 65430
7,65432,1,1,1, 65433
2,65433,2,2,1, 65435
1,65436,1,1,0, 65437
8,65436,1,1,0, 65437
31,65436,2,2,1, 65438
7,65442,1,1,0, 65443
1,65446,1,1,0, 65447
8,65446,1,1,0, 65447
31,65446,2,2,1, 65448
3,65447,3,3,1, 65450
5,65447,3,3,1, 65450
23,65448,3,3,1, 65451
7,65452,1,1,1, 65453
15,65451,2,4,1, 65455
30,65453,3,3,1, 65456
1,65456,1,1,1, 65457
8,65456,1,1,1, 65457
4,65456,4,4,1, 65460
3,65457,3,3,1, 65460
5,65457,3,3,1, 65460
23,65458,3,3,1, 65461
6,65460,2,2,1, 65462
8,65466,1,1,0, 65467
8,65476,1,1,1, 65477
8,65486,1,1,0, 65487
8,65496,1,1,1, 65497
8,65506,1,1,0, 65507
8,65516,1,1,0, 65517
8,65526,1,1,0, 65527
8,65536,1,1,1, 65537
8,65546,1,1,1, 65547
8,65556,1,1,0, 65557
1,65566,1,1,1, 65567
8,65566,1,1,0, 65567
7,65572,1,1,1, 65573
1,65576,1,1,1, 65577
8,65576,1,1,1, 65577
7,65582,1,1,1, 65583
1,65586,1,1,0, 65587
8,65586,1,1,1, 65587
7,65592,1,1,0, 65593
1,65596,1,1,0, 65597
8,65596,1,1,1, 65597
7,65602,1,1,0, 65603
1,65606,1,1,1, 65607
8,65606,1,1,0, 65607
7,65612,1,1,0, 65613
1,65616,1,1,0, 65617
8,65616,1,1,1, 65617
7,65622,1,1,0, 65623
15,65621,2,4,1, 65625
1,65626,1,1,1, 65627
8,65626,1,1,0, 65627
23,65628,3,3,1, 65631
7,65632,1,1,0, 65633
30,65633,3,3,1, 65636
1,65636,1,1,0, 65637
8,65636,1,1,1, 65637
5,65637,3,3,1, 65640
23,65638,3,3,1, 65641
7,65642,1,1,0, 65643
15,65641,2,4,1, 65645
30,65643,3,3,1, 65646
1,65646,1,1,0, 65647
8,65646,1,1,1, 65647
5,65647,3,3,1, 65650
7,65652,1,1,0, 65653
30,65653,3,3,1, 65656
1,65656,1,1,1, 65657
8,65656,1,1,0, 65657
4,65656,4,4,1, 65660
3,65657,3,3,1, 65660
5,65657,3,3,1, 65660
6,65660,2,2,1, 65662
7,65662,1,1,1, 65663
1,65666,1,1,0, 65667
8,65666,1,1,0, 65667
23,65668,3,3,1, 65671
6,65670,2,2,1, 65672
7,65672,1,1,0, 65673
1,65676,1,1,1, 65677
8,65676,1,1,0, 65677
22,65676,4,4,1, 65680
5,65677,3,3,1, 65680
23,65678,3,3,1, 65681
6,65680,2,2,1, 65682
7,65682,1,1,1, 65683
12,65680,5,5,1, 65685
15,65681,2,4,1, 65685
1,65686,1,1,0, 65687
8,65686,1,1,1, 65687
3,65687,3,3,1, 65690
12,65690,5,5,1, 65695
1,65696,1,1,0, 65697
8,65696,1,1,0, 65697
3,65697,3,3,1, 65700
12,65700,5,5,1, 65705
2,65703,2,2,1, 65705
1,65706,1,1,1, 65707
8,65706,1,1,1, 65707
2,65713,2,2,1, 65715
1,65716,1,1,1, 65717
8,65716,1,1,1, 65717
2,65723,2,2,1, 65725
1,65726,1,1,1, 65727
8,65726,1,1,1, 65727
1,65736,1,1,0, 65737
8,65736,1,1,1, 65737
2,65743,2,2,1, 65745
1,65746,1,1,0, 65747
8,65746,1,1,0, 65747
1,65756,1,1,0, 65757
8,65756,1,1,0, 65757
2,65763,2,2,1, 65765
1,65766,1,1,0, 65767
8,65766,1,1,1, 65767
2,65773,2,2,1, 65775
1,65776,1,1,0, 65777
8,65776,1,1,0, 65777
1,65786,1,1,1, 65787
8,65786,1,1,0, 65787
7,65792,1,1,0, 65793
2,65793,2,2,1, 65795
1,65796,1,1,1, 65797
8,65796,1,1,0, 65797
7,65802,1,1,0, 65803
1,65806,1,1,1, 65807
8,65806,1,1,1, 65807
3,65807,3,3,1, 65810
7,65812,1,1,1, 65813
12,65810,5,5,1, 65815
1,65816,1,1,0, 65817
8,65816,1,1,0, 65817
31,65816,2,2,1, 65818
7,65822,1,1,1, 65823
2,65823,2,2,1, 65825
30,65823,3,3,1, 65826
1,65826,1,1,0, 65827
8,65826,1,1,0, 65827
31,65826,2,2,1, 65828
4,65826,4,4,1, 65830
5,65827,3,3,1, 65830
7,65832,1,1,1, 65833
30,65833,3,3,1, 65836
1,65836,1,1,1, 65837
8,65836,1,1,0, 65837
31,65836,2,2,1, 65838
3,65837,3,3,1, 65840
7,65842,1,1,1, 65843
2,65843,2,2,1, 65845
30,65843,3,3,1, 65846
1,65846,1,1,1, 65847
8,65846,1,1,0, 65847
31,65846,2,2,1, 65848
4,65846,4,4,1, 65850
3,65847,3,3,1, 65850
6,65850,2,2,1, 65852
7,65852,1,1,1, 65853
30,65853,3,3,1, 65856
8,65856,1,1,1, 65857
7,65862,1,1,1, 65863
8,65866,1,1,1, 65867
5,65867,3,3,1, 65870
6,65870,2,2,1, 65872
7,65872,1,1,1, 65873
8,65876,1,1,1, 65877
31,65876,2,2,1, 65878
7,65882,1,1,1, 65883
30,65883,3,3,1, 65886
8,65886,1,1,1, 65887
5,65887,3,3,1, 65890
23,65888,3,3,1, 65891
7,65892,1,1,1, 65893
30,65893,3,3,1, 65896
8,65896,1,1,0, 65897
8,65906,1,1,1, 65907
8,65916,1,1,1, 65917
8,65926,1,1,0, 65927
8,65936,1,1,0, 65937
8,65946,1,1,0, 65947
1,65956,1,1,0, 65957
8,65956,1,1,1, 65957
1,65966,1,1,1, 65967
8,65966,1,1,1, 65967
1,65976,1,1,1, 65977
8,65976,1,1,1, 65977
1,65986,1,1,1, 65987
8,65986,1,1,0, 65987
1,65996,1,1,1, 65997
8,65996,1,1,0, 65997
7,66002,1,1,1, 66003
1,66006,1,1,1, 66007
8,66006,1,1,0, 66007
7,66012,1,1,1, 66013
1,66016,1,1,0, 66017
8,66016,1,1,0, 66017
7,66022,1,1,0, 66023
1,66026,1,1,0, 66027
8,66026,1,1,1, 66027
7,66032,1,1,1, 66033
1,66036,1,1,0, 66037
8,66036,1,1,0, 66037
7,66042,1,1,1, 66043
1,66046,1,1,0, 66047
8,66046,1,1,0, 66047
31,66046,2,2,1, 66048
3,66047,3,3,1, 66050
7,66052,1,1,1, 66053
2,66053,2,2,1, 66055
1,66056,1,1,1, 66057
8,66056,1,1,0, 66057
31,66056,2,2,1, 66058
4,66056,4,4,1, 66060
7,66062,1,1,1, 66063
12,66060,5,5,1, 66065
2,66063,2,2,1, 66065
1,66066,1,1,0, 66067
8,66066,1,1,1, 66067
4,66066,4,4,1, 66070
5,66067,3,3,1, 66070
23,66068,3,3,1, 66071
7,66072,1,1,0, 66073
1,66076,1,1,0, 66077
8,66076,1,1,0, 66077
31,66076,2,2,1, 66078
3,66077,3,3,1, 66080
23,66078,3,3,1, 66081
7,66082,1,1,0, 66083
30,66083,3,3,1, 66086
1,66086,1,1,0, 66087
8,66086,1,1,1, 66087
31,66086,2,2,1, 66088
3,66087,3,3,1, 66090
5,66087,3,3,1, 66090
23,66088,3,3,1, 66091
7,66092,1,1,1, 66093
30,66093,3,3,1, 66096
1,66096,1,1,0, 66097
8,66096,1,1,1, 66097
31,66096,2,2,1, 66098
4,66096,4,4,1, 66100
3,66097,3,3,1, 66100
5,66097,3,3,1, 66100
7,66102,1,1,0, 66103
12,66100,5,5,1, 66105
2,66103,2,2,1, 66105
1,66106,1,1,0, 66107
8,66106,1,1,0, 66107
4,66106,4,4,1, 66110
23,66108,3,3,1, 66111
6,66110,2,2,1, 66112
7,66112,1,1,1, 66113
2,66113,2,2,1, 66115
1,66116,1,1,0, 66117
8,66116,1,1,0, 66117
31,66116,2,2,1, 66118
6,66120,2,2,1, 66122
12,66120,5,5,1, 66125
2,66123,2,2,1, 66125
1,66126,1,1,1, 66127
8,66126,1,1,1, 66127
12,66130,5,5,1, 66135
1,66136,1,1,1, 66137
8,66136,1,1,1, 66137
4,66136,4,4,1, 66140
2,66143,2,2,1, 66145
1,66146,1,1,1, 66147
8,66146,1,1,1, 66147
4,66146,4,4,1, 66150
12,66150,5,5,1, 66155
1,66156,1,1,1, 66157
8,66156,1,1,0, 66157
1,66166,1,1,1, 66167
8,66166,1,1,0, 66167
2,66173,2,2,1, 66175
1,66176,1,1,0, 66177
8,66176,1,1,1, 66177
8,66186,1,1,0, 66187
8,66196,1,1,1, 66197
8,66206,1,1,1, 66207
8,66216,1,1,0, 66217
8,66226,1,1,1, 66227
31,66226,2,2,1, 66228
23,66228,3,3,1, 66231
7,66232,1,1,0, 66233
8,66236,1,1,1, 66237
31,66236,2,2,1, 66238
7,66242,1,1,0, 66243
8,66246,1,1,0, 66247
23,66248,3,3,1, 66251
7,66252,1,1,1, 66253
8,66256,1,1,0, 66257
7,66262,1,1,1, 66263
8,66266,1,1,1, 66267
7,66272,1,1,1, 66273
8,66276,1,1,1, 66277
7,66282,1,1,1, 66283
1,66286,1,1,0, 66287
8,66286,1,1,0, 66287
3,66287,3,3,1, 66290
7,66292,1,1,0, 66293
12,66290,5,5,1, 66295
1,66296,1,1,1, 66297
8,66296,1,1,0, 66297
4,66296,4,4,1, 66300
5,66297,3,3,1, 66300
6,66300,2,2,1, 66302
7,66302,1,1,0, 66303
2,66303,2,2,1, 66305
30,66303,3,3,1, 66306
1,66306,1,1,0, 66307
8,66306,1,1,1, 66307
31,66306,2,2,1, 66308
4,66306,4,4,1, 66310
5,66307,3,3,1, 66310
6,66310,2,2,1, 66312
7,66312,1,1,1, 66313
12,66310,5,5,1, 66315
30,66313,3,3,1, 66316
1,66316,1,1,0, 66317
8,66316,1,1,1, 66317
31,66316,2,2,1, 66318
5,66317,3,3,1, 66320
6,66320,2,2,1, 66322
7,66322,1,1,0, 66323
30,66323,3,3,1, 66326
1,66326,1,1,1, 66327
8,66326,1,1,0, 66327
5,66327,3,3,1, 66330
7,66332,1,1,1, 66333
1,66336,1,1,0, 66337
8,66336,1,1,1, 66337
31,66336,2,2,1, 66338
1,66346,1,1,1, 66347
8,66346,1,1,0, 66347
1,66356,1,1,1, 66357
8,66356,1,1,0, 66357
1,66366,1,1,1, 66367
8,66366,1,1,0, 66367
1,66376,1,1,1, 66377
8,66376,1,1,0, 66377
1,66386,1,1,1, 66387
8,66386,1,1,1, 66387
1,66396,1,1,0, 66397
8,66396,1,1,1, 66397
1,66406,1,1,1, 66407
8,66406,1,1,0, 66407
1,66416,1,1,0, 66417
8,66416,1,1,0, 66417
2,66423,2,2,1, 66425
1,66426,1,1,1, 66427
8,66426,1,1,1, 66427
1,66436,1,1,1, 66437
8,66436,1,1,1, 66437
7,66442,1,1,1, 66443
1,66446,1,1,0, 66447
8,66446,1,1,0, 66447
31,66446,2,2,1, 66448
7,66452,1,1,1, 66453
2,66453,2,2,1, 66455
1,66456,1,1,1, 66457
8,66456,1,1,1, 66457
7,66462,1,1,1, 66463
2,66463,2,2,1, 66465
1,66466,1,1,1, 66467
8,66466,1,1,1, 66467
23,66468,3,3,1, 66471
7,66472,1,1,0, 66473
2,66473,2,2,1, 66475
1,66476,1,1,0, 66477
8,66476,1,1,1, 66477
31,66476,2,2,1, 66478
23,66478,3,3,1, 66481
7,66482,1,1,1, 66483
1,66486,1,1,1, 66487
8,66486,1,1,0, 66487
7,66492,1,1,0, 66493
2,66493,2,2,1, 66495
1,66496,1,1,1, 66497
8,66496,1,1,1, 66497
23,66498,3,3,1, 66501
7,66502,1,1,1, 66503
2,66503,2,2,1, 66505
1,66506,1,1,0, 66507
8,66506,1,1,0, 66507
7,66512,1,1,0, 66513
2,66513,2,2,1, 66515
1,66516,1,1,1, 66517
8,66516,1,1,1, 66517
31,66516,2,2,1, 66518
7,66522,1,1,0, 66523
30,66523,3,3,1, 66526
1,66526,1,1,0, 66527
8,66526,1,1,1, 66527
3,66527,3,3,1, 66530
6,66530,2,2,1, 66532
7,66532,1,1,1, 66533
12,66530,5,5,1, 66535
2,66533,2,2,1, 66535
1,66536,1,1,0, 66537
8,66536,1,1,1, 66537
3,66537,3,3,1, 66540
5,66537,3,3,1, 66540
6,66540,2,2,1, 66542
7,66542,1,1,0, 66543
2,66543,2,2,1, 66545
30,66543,3,3,1, 66546
1,66546,1,1,1, 66547
8,66546,1,1,1, 66547
3,66547,3,3,1, 66550
5,66547,3,3,1, 66550
23,66548,3,3,1, 66551
7,66552,1,1,1, 66553
1,66556,1,1,1, 66557
8,66556,1,1,1, 66557
31,66556,2,2,1, 66558
7,66562,1,1,0, 66563
2,66563,2,2,1, 66565
30,66563,3,3,1, 66566
1,66566,1,1,1, 66567
8,66566,1,1,1, 66567
31,66566,2,2,1, 66568
7,66572,1,1,0, 66573
2,66573,2,2,1, 66575
1,66576,1,1,1, 66577
8,66576,1,1,0, 66577
31,66576,2,2,1, 66578
4,66576,4,4,1, 66580
7,66582,1,1,1, 66583
8,66586,1,1,1, 66587
23,66588,3,3,1, 66591
7,66592,1,1,1, 66593
30,66593,3,3,1, 66596
8,66596,1,1,1, 66597
31,66596,2,2,1, 66598
8,66606,1,1,1, 66607
8,66616,1,1,1, 66617
8,66626,1,1,0, 66627
8,66636,1,1,1, 66637
8,66646,1,1,0, 66647
8,66656,1,1,1, 66657
8,66666,1,1,1, 66667
8,66676,1,1,1, 66677
12,66680,5,5,1, 66685
1,66686,1,1,1, 66687
8,66686,1,1,0, 66687
4,66686,4,4,1, 66690
1,66696,1,1,1, 66697
8,66696,1,1,1, 66697
4,66696,4,4,1, 66700
3,66697,3,3,1, 66700
7,66702,1,1,0, 66703
2,66703,2,2,1, 66705
1,66706,1,1,0, 66707
8,66706,1,1,0, 66707
31,66706,2,2,1, 66708
3,66707,3,3,1, 66710
7,66712,1,1,0, 66713
2,66713,2,2,1, 66715
1,66716,1,1,1, 66717
8,66716,1,1,1, 66717
31,66716,2,2,1, 66718
3,66717,3,3,1, 66720
7,66722,1,1,1, 66723
12,66720,5,5,1, 66725
1,66726,1,1,1, 66727
8,66726,1,1,1, 66727
31,66726,2,2,1, 66728
7,66732,1,1,0, 66733
1,66736,1,1,0, 66737
8,66736,1,1,0, 66737
31,66736,2,2,1, 66738
7,66742,1,1,0, 66743
1,66746,1,1,0, 66747
8,66746,1,1,1, 66747
31,66746,2,2,1, 66748
23,66748,3,3,1, 66751
7,66752,1,1,1, 66753
1,66756,1,1,0, 66757
8,66756,1,1,0, 66757
23,66758,3,3,1, 66761
7,66762,1,1,1, 66763
30,66763,3,3,1, 66766
1,66766,1,1,1, 66767
8,66766,1,1,1, 66767
5,66767,3,3,1, 66770
6,66770,2,2,1, 66772
7,66772,1,1,0, 66773
30,66773,3,3,1, 66776
1,66776,1,1,1, 66777
8,66776,1,1,1, 66777
31,66776,2,2,1, 66778
23,66778,3,3,1, 66781
7,66782,1,1,1, 66783
30,66783,3,3,1, 66786
1,66786,1,1,0, 66787
8,66786,1,1,1, 66787
31,66786,2,2,1, 66788
5,66787,3,3,1, 66790
7,66792,1,1,1, 66793
1,66796,1,1,0, 66797
8,66796,1,1,0, 66797
31,66796,2,2,1, 66798
1,66806,1,1,1, 66807
8,66806,1,1,1, 66807
1,66816,1,1,0, 66817
8,66816,1,1,0, 66817
1,66826,1,1,1, 66827
8,66826,1,1,1, 66827
2,66833,2,2,1, 66835
1,66836,1,1,1, 66837
8,66836,1,1,1, 66837
2,66843,2,2,1, 66845
1,66846,1,1,0, 66847
8,66846,1,1,0, 66847
2,66853,2,2,1, 66855
1,66856,1,1,1, 66857
8,66856,1,1,1, 66857
1,66866,1,1,0, 66867
8,66866,1,1,0, 66867
1,66876,1,1,0, 66877
8,66876,1,1,0, 66877
1,66886,1,1,0, 66887
8,66886,1,1,0, 66887
1,66896,1,1,0, 66897
8,66896,1,1,1, 66897
7,66902,1,1,1, 66903
2,66903,2,2,1, 66905
1,66906,1,1,0, 66907
8,66906,1,1,0, 66907
7,66912,1,1,0, 66913
2,66913,2,2,1, 66915
1,66916,1,1,0, 66917
8,66916,1,1,0, 66917
23,66918,3,3,1, 66921
7,66922,1,1,1, 66923
1,66926,1,1,1, 66927
8,66926,1,1,0, 66927
7,66932,1,1,1, 66933
2,66933,2,2,1, 66935
1,66936,1,1,0, 66937
8,66936,1,1,1, 66937
4,66936,4,4,1, 66940
3,66937,3,3,1, 66940
23,66938,3,3,1, 66941
7,66942,1,1,0, 66943
12,66940,5,5,1, 66945
1,66946,1,1,1, 66947
8,66946,1,1,1, 66947
31,66946,2,2,1, 66948
3,66947,3,3,1, 66950
7,66952,1,1,0, 66953
12,66950,5,5,1, 66955
2,66953,2,2,1, 66955
1,66956,1,1,1, 66957
8,66956,1,1,1, 66957
3,66957,3,3,1, 66960
23,66958,3,3,1, 66961
7,66962,1,1,1, 66963
8,66966,1,1,0, 66967
7,66972,1,1,0, 66973
30,66973,3,3,1, 66976
8,66976,1,1,1, 66977
5,66977,3,3,1, 66980
7,66982,1,1,0, 66983
30,66983,3,3,1, 66986
8,66986,1,1,1, 66987
5,66987,3,3,1, 66990
7,66992,1,1,0, 66993
8,66996,1,1,0, 66997
5,66997,3,3,1, 67000
6,67000,2,2,1, 67002
7,67002,1,1,0, 67003
8,67006,1,1,1, 67007
7,67012,1,1,1, 67013
8,67016,1,1,1, 67017
5,67017,3,3,1, 67020
6,67020,2,2,1, 67022
7,67022,1,1,0, 67023
8,67026,1,1,1, 67027
7,67032,1,1,0, 67033
30,67033,3,3,1, 67036
8,67036,1,1,0, 67037
7,67042,1,1,0, 67043
8,67046,1,1,1, 67047
5,67047,3,3,1, 67050
6,67050,2,2,1, 67052
7,67052,1,1,0, 67053
8,67056,1,1,0, 67057
7,67062,1,1,0, 67063
12,67060,5,5,1, 67065
1,67066,1,1,0, 67067
8,67066,1,1,0, 67067
31,67066,2,2,1, 67068
4,67066,4,4,1, 67070
3,67067,3,3,1, 67070
23,67068,3,3,1, 67071
7,67072,1,1,0, 67073
30,67073,3,3,1, 67076
1,67076,1,1,0, 67077
8,67076,1,1,1, 67077
4,67076,4,4,1, 67080
23,67078,3,3,1, 67081
6,67080,2,2,1, 67082
7,67082,1,1,0, 67083
30,67083,3,3,1, 67086
1,67086,1,1,0, 67087
8,67086,1,1,1, 67087
1,67096,1,1,1, 67097
8,67096,1,1,1, 67097
1,67106,1,1,1, 67107
8,67106,1,1,0, 67107
1,67116,1,1,0, 67117
8,67116,1,1,1, 67117
1,67126,1,1,0, 67127
8,67126,1,1,1, 67127
1,67136,1,1,0, 67137
8,67136,1,1,0, 67137
1,67146,1,1,0, 67147
8,67146,1,1,1, 67147
1,67156,1,1,1, 67157
8,67156,1,1,0, 67157
1,67166,1,1,1, 67167
8,67166,1,1,0, 67167
1,67176,1,1,1, 67177
8,67176,1,1,0, 67177
1,67186,1,1,0, 67187
8,67186,1,1,1, 67187
1,67196,1,1,1, 67197
8,67196,1,1,0, 67197
31,67196,2,2,1, 67198
7,67202,1,1,1, 67203
1,67206,1,1,0, 67207
8,67206,1,1,0, 67207
7,67212,1,1,0, 67213
1,67216,1,1,0, 67217
8,67216,1,1,1, 67217
31,67216,2,2,1, 67218
7,67222,1,1,1, 67223
1,67226,1,1,1, 67227
8,67226,1,1,0, 67227
7,67232,1,1,1, 67233
1,67236,1,1,0, 67237
8,67236,1,1,1, 67237
31,67236,2,2,1, 67238
7,67242,1,1,1, 67243
1,67246,1,1,0, 67247
8,67246,1,1,1, 67247
23,67248,3,3,1, 67251
7,67252,1,1,1, 67253
2,67253,2,2,1, 67255
1,67256,1,1,1, 67257
8,67256,1,1,1, 67257
4,67256,4,4,1, 67260
3,67257,3,3,1, 67260
7,67262,1,1,1, 67263
12,67260,5,5,1, 67265
1,67266,1,1,1, 67267
8,67266,1,1,1, 67267
4,67266,4,4,1, 67270
7,67272,1,1,1, 67273
2,67273,2,2,1, 67275
1,67276,1,1,1, 67277
8,67276,1,1,1, 67277
4,67276,4,4,1, 67280
3,67277,3,3,1, 67280
5,67277,3,3,1, 67280
23,67278,3,3,1, 67281
6,67280,2,2,1, 67282
7,67282,1,1,0, 67283
1,67286,1,1,0, 67287
8,67286,1,1,0, 67287
31,67286,2,2,1, 67288
4,67286,4,4,1, 67290
5,67287,3,3,1, 67290
6,67290,2,2,1, 67292
7,67292,1,1,0, 67293
2,67293,2,2,1, 67295
1,67296,1,1,0, 67297
8,67296,1,1,1, 67297
3,67297,3,3,1, 67300
5,67297,3,3,1, 67300
7,67302,1,1,1, 67303
12,67300,5,5,1, 67305
2,67303,2,2,1, 67305
1,67306,1,1,0, 67307
8,67306,1,1,1, 67307
3,67307,3,3,1, 67310
5,67307,3,3,1, 67310
23,67308,3,3,1, 67311
7,67312,1,1,0, 67313
12,67310,5,5,1, 67315
2,67313,2,2,1, 67315
1,67316,1,1,0, 67317
8,67316,1,1,0, 67317
31,67316,2,2,1, 67318
5,67317,3,3,1, 67320
23,67318,3,3,1, 67321
7,67322,1,1,0, 67323
12,67320,5,5,1, 67325
30,67323,3,3,1, 67326
1,67326,1,1,1, 67327
8,67326,1,1,0, 67327
1,67336,1,1,1, 67337
8,67336,1,1,0, 67337
4,67336,4,4,1, 67340
1,67346,1,1,1, 67347
8,67346,1,1,0, 67347
12,67350,5,5,1, 67355
