Time,  Packets Generated,  Packets Reached,High Priority Packets Generated, High Priority Packets reached, Packet Dropped, Packet Dropped due to Faulty Node, High Prio Packet Dropped due to Faulty Node, Low Prio Packet Dropped due to Faulty Node 
5,1,1,1,1,0,0,0,0
10,6,5,5,4,0,0,0,0
15,9,8,7,6,0,0,0,0
20,22,16,12,9,1,1,1,0
25,28,24,15,12,2,2,1,1
30,46,37,22,19,3,3,2,1
35,56,48,29,24,4,4,3,1
40,77,65,36,30,5,5,3,2
45,87,77,40,34,6,6,3,3
50,108,94,49,42,7,7,4,3
55,118,106,56,50,8,8,5,3
60,139,123,68,58,9,9,5,4
65,149,135,73,65,9,9,5,4
70,170,152,85,74,11,10,6,4
75,180,164,91,82,12,10,6,4
80,201,178,100,91,16,11,7,4
85,211,188,106,96,19,11,7,4
90,232,202,112,103,23,12,7,5
95,242,213,117,109,26,12,7,5
100,263,225,130,117,31,13,8,5
105,273,236,134,124,33,13,8,5
110,294,246,144,129,42,14,9,5
115,304,254,149,133,48,14,9,5
120,325,259,160,136,60,15,10,5
125,335,266,166,141,68,15,10,5
130,356,273,177,147,77,16,10,6
135,366,279,181,150,85,16,10,6
140,387,286,193,156,97,17,10,7
145,397,290,197,159,105,17,10,7
150,418,295,204,161,120,18,11,7
155,428,298,208,163,129,18,11,7
160,449,300,217,164,145,19,12,7
165,459,304,222,168,154,19,12,7
170,480,306,227,168,170,20,12,8
175,490,310,230,172,179,20,12,8
180,511,314,240,175,194,21,13,8
185,521,318,242,178,203,21,13,8
190,542,322,251,181,216,22,13,9
195,552,327,254,186,225,22,13,9
200,573,332,261,189,237,23,13,10
205,583,336,268,192,245,23,13,10
210,604,343,281,198,257,24,14,10
215,614,347,283,201,267,24,14,10
220,635,350,296,204,282,25,15,10
225,645,352,299,206,293,25,15,10
230,666,355,312,208,307,26,16,10
235,676,358,319,211,317,26,16,10
240,697,362,332,214,330,27,17,10
245,707,366,336,217,341,27,17,10
250,728,370,349,220,354,28,18,10
255,738,374,356,224,364,28,18,10
260,759,378,364,226,379,29,19,10
265,769,380,372,227,388,29,19,10
270,790,383,380,229,405,30,20,10
275,800,384,382,229,416,30,20,10
280,821,386,389,231,432,31,20,11
285,831,390,391,234,441,31,20,11
290,852,394,400,237,456,32,20,12
295,862,398,407,240,463,32,20,12
300,883,403,416,243,477,33,21,12
305,893,406,419,245,487,33,21,12
310,914,410,431,249,502,34,21,13
315,924,412,436,250,512,34,21,13
320,945,417,446,254,524,35,22,13
325,955,419,451,256,536,35,22,13
330,976,423,460,259,551,36,22,14
335,986,425,465,261,560,36,22,14
340,1007,429,477,264,576,37,22,15
345,1017,432,482,267,584,37,22,15
350,1038,436,492,270,600,38,22,16
355,1048,436,496,270,611,38,22,16
360,1069,439,509,272,626,39,23,16
365,1079,441,513,274,637,39,23,16
370,1100,442,520,274,657,40,24,16
375,1110,442,525,274,667,40,24,16
380,1131,443,539,275,686,41,24,17
385,1141,443,546,275,697,41,24,17
390,1162,444,556,276,717,42,24,18
395,1172,444,563,276,728,42,24,18
400,1193,445,571,276,746,43,25,18
405,1203,445,575,276,758,43,25,18
410,1224,446,585,276,777,44,26,18
415,1234,446,591,276,788,44,26,18
420,1255,448,597,276,806,45,26,19
425,1265,448,604,276,817,45,26,19
430,1286,451,615,278,832,46,27,19
435,1296,454,617,280,842,46,27,19
440,1317,458,627,282,857,47,28,19
445,1327,460,629,283,867,47,28,19
450,1348,463,638,285,884,48,28,20
455,1358,466,645,287,891,48,28,20
460,1379,470,656,291,906,49,29,20
465,1389,473,660,293,915,49,29,20
470,1410,480,671,298,927,50,30,20
475,1420,485,676,302,935,50,30,20
480,1441,492,686,307,948,51,30,21
485,1451,495,691,309,954,51,30,21
490,1472,503,701,314,966,52,30,22
495,1482,507,703,317,974,52,30,22
500,1503,516,716,324,987,53,31,22
505,1513,517,725,325,995,53,31,22
510,1534,518,732,325,1015,54,31,23
515,1544,519,738,326,1024,54,31,23
520,1565,521,747,327,1043,55,31,24
525,1575,522,751,328,1052,55,31,24
530,1596,523,760,328,1073,56,32,24
535,1606,524,765,329,1081,56,32,24
540,1627,525,774,329,1101,57,33,24
545,1637,526,778,330,1111,57,33,24
550,1658,528,792,332,1130,58,33,25
555,1668,529,796,333,1139,58,33,25
560,1689,531,808,334,1157,59,33,26
565,1699,532,812,334,1167,59,33,26
570,1720,533,822,334,1186,60,34,26
575,1730,535,826,335,1195,60,34,26
580,1751,536,837,336,1214,61,34,27
585,1761,538,841,337,1223,61,34,27
590,1782,540,845,338,1241,62,34,28
595,1792,541,850,338,1250,62,34,28
600,1813,543,860,339,1268,63,35,28
605,1823,546,868,342,1276,63,35,28
610,1844,552,876,347,1291,64,35,29
615,1854,554,882,348,1299,64,35,29
620,1875,559,895,351,1312,65,36,29
625,1885,565,897,356,1320,65,36,29
630,1906,571,911,361,1328,66,37,29
635,1916,577,916,367,1338,66,37,29
640,1937,583,929,371,1351,67,38,29
645,1947,587,935,375,1359,67,38,29
650,1968,595,946,382,1370,68,38,30
655,1978,597,951,384,1381,68,38,30
660,1999,601,956,385,1395,69,38,31
665,2009,603,959,387,1406,69,38,31
670,2030,606,971,389,1423,70,39,31
675,2040,606,976,389,1434,70,39,31
680,2061,607,988,389,1453,71,39,32
685,2071,607,994,389,1464,71,39,32
690,2092,608,1005,390,1482,72,40,32
695,2102,608,1012,390,1494,72,40,32
700,2123,609,1021,391,1513,73,40,33
705,2133,609,1026,391,1523,73,40,33
710,2154,610,1034,391,1543,74,40,34
715,2164,610,1039,391,1553,74,40,34
720,2185,611,1050,391,1574,75,41,34
725,2195,611,1056,391,1583,75,41,34
730,2216,612,1069,392,1604,76,42,34
735,2226,612,1073,392,1614,76,42,34
740,2247,613,1085,393,1633,77,42,35
745,2257,614,1092,394,1643,77,42,35
750,2278,615,1100,395,1663,78,42,36
755,2288,616,1104,396,1672,78,42,36
760,2309,618,1114,397,1691,79,42,37
765,2319,619,1117,397,1700,79,42,37
770,2340,622,1127,399,1717,80,43,37
775,2350,625,1133,402,1725,80,43,37
780,2371,629,1142,404,1741,81,44,37
785,2381,632,1149,407,1748,81,44,37
790,2402,636,1160,410,1763,82,45,37
795,2412,641,1166,415,1770,82,45,37
800,2433,647,1178,420,1784,83,46,37
805,2443,651,1181,424,1792,83,46,37
810,2464,656,1188,427,1806,84,46,38
815,2474,659,1191,430,1815,84,46,38
820,2495,664,1199,432,1828,85,46,39
825,2505,670,1205,438,1835,85,46,39
830,2526,677,1215,444,1849,86,47,39
835,2536,680,1220,446,1855,86,47,39
840,2557,687,1229,452,1867,87,47,40
845,2567,692,1237,456,1873,87,47,40
850,2588,699,1248,463,1887,88,47,41
855,2598,701,1251,465,1897,88,47,41
860,2619,702,1263,466,1916,89,47,42
865,2629,702,1268,466,1927,89,47,42
870,2650,703,1280,467,1946,90,47,43
875,2660,703,1282,467,1957,90,47,43
880,2681,704,1290,467,1977,91,48,43
885,2691,704,1294,467,1987,91,48,43
890,2712,705,1303,467,2007,92,49,43
895,2722,705,1308,467,2014,92,49,43
900,2743,706,1318,467,2037,93,49,44
905,2753,706,1323,467,2046,93,49,44
910,2774,707,1334,468,2066,94,49,45
915,2784,707,1340,468,2076,94,49,45
920,2805,708,1352,468,2097,95,50,45
925,2815,708,1355,468,2105,95,50,45
930,2836,709,1367,469,2126,96,51,45
935,2846,709,1372,469,2137,96,51,45
940,2867,710,1381,469,2157,97,51,46
945,2877,710,1388,469,2167,97,51,46
950,2898,712,1398,471,2185,98,51,47
955,2908,712,1403,471,2195,98,51,47
960,2929,717,1412,473,2210,99,52,47
965,2939,720,1415,476,2219,99,52,47
970,2960,724,1423,477,2235,100,53,47
975,2970,727,1430,480,2242,100,53,47
980,2991,733,1443,485,2254,101,53,48
985,3001,739,1448,491,2261,101,53,48
990,3022,746,1457,497,2274,102,53,49
995,3032,750,1459,500,2281,102,53,49
1000,3053,754,1466,503,2297,103,54,49
1005,3063,758,1472,507,2304,103,54,49
1010,3084,764,1478,510,2318,104,54,50
1015,3094,768,1485,514,2324,104,54,50
1020,3115,774,1496,518,2337,105,54,51
1025,3125,781,1501,525,2344,105,54,51
1030,3146,784,1509,526,2361,106,54,52
1035,3156,786,1511,528,2370,106,54,52
1040,3177,791,1518,530,2385,107,54,53
1045,3187,794,1524,533,2392,107,54,53
1050,3208,796,1531,533,2412,108,54,54
1055,3218,797,1538,534,2420,108,54,54
1060,3239,799,1551,536,2440,109,55,54
1065,3249,799,1557,536,2448,109,55,54
1070,3270,801,1569,537,2468,110,56,54
1075,3280,802,1574,538,2478,110,56,54
1080,3301,805,1583,540,2496,111,56,55
1085,3311,805,1591,540,2505,111,56,55
1090,3332,806,1604,541,2525,112,56,56
1095,3342,806,1609,541,2536,112,56,56
1100,3363,807,1623,542,2555,113,57,56
1105,3373,807,1629,542,2566,113,57,56
1110,3394,808,1646,543,2585,114,58,56
1115,3404,808,1651,543,2596,114,58,56
1120,3425,809,1662,543,2614,115,58,57
1125,3435,809,1668,543,2626,115,58,57
1130,3456,810,1675,544,2646,116,59,57
1135,3466,811,1678,544,2655,116,59,57
1140,3487,813,1688,545,2672,117,59,58
1145,3497,814,1692,545,2683,117,59,58
1150,3518,816,1701,547,2700,118,59,59
1155,3528,818,1705,549,2710,118,59,59
1160,3549,821,1712,550,2726,119,59,60
1165,3559,822,1714,551,2737,119,59,60
1170,3580,825,1722,553,2754,120,60,60
1175,3590,828,1727,555,2761,120,60,60
1180,3611,833,1736,559,2777,121,61,60
1185,3621,836,1739,561,2785,121,61,60
1190,3642,842,1751,567,2797,122,62,60
1195,3652,848,1756,573,2802,122,62,60
1200,3673,856,1767,580,2812,123,63,60
1205,3683,864,1773,588,2818,123,63,60
1210,3704,869,1781,592,2833,124,64,60
1215,3714,873,1786,596,2840,124,64,60
1220,3735,877,1797,598,2853,125,64,61
1225,3745,883,1800,604,2862,125,64,61
1230,3766,887,1809,607,2878,126,64,62
1235,3776,890,1813,609,2886,126,64,62
1240,3797,893,1823,611,2904,127,65,62
1245,3807,893,1829,611,2913,127,65,62
1250,3828,896,1841,614,2932,128,65,63
1255,3838,896,1846,614,2942,128,65,63
1260,3859,897,1861,615,2962,129,66,63
1265,3869,897,1867,615,2972,129,66,63
1270,3890,898,1880,616,2992,130,67,63
1275,3900,898,1883,616,3002,130,67,63
1280,3921,899,1893,617,3022,131,67,64
1285,3931,899,1894,617,3032,131,67,64
1290,3952,900,1905,618,3052,132,67,65
1295,3962,900,1912,618,3062,132,67,65
1300,3983,901,1920,619,3082,133,67,66
1305,3993,901,1925,619,3092,133,67,66
1310,4014,902,1938,619,3111,134,68,66
1315,4024,902,1943,619,3122,134,68,66
1320,4045,904,1956,620,3141,135,69,66
1325,4055,904,1961,620,3151,135,69,66
1330,4076,907,1971,621,3168,136,70,66
1335,4086,908,1976,622,3178,136,70,66
1340,4107,911,1982,623,3195,137,70,67
1345,4117,912,1988,624,3205,137,70,67
1350,4138,915,2000,627,3221,138,71,67
1355,4148,917,2005,628,3230,138,71,67
1360,4169,923,2012,632,3245,139,72,67
1365,4179,926,2017,635,3253,139,72,67
1370,4200,932,2030,639,3266,140,73,67
1375,4210,936,2035,642,3273,140,73,67
1380,4231,940,2043,644,3288,141,74,67
1385,4241,943,2048,647,3296,141,74,67
1390,4262,950,2059,654,3310,142,74,68
1395,4272,954,2063,658,3318,142,74,68
1400,4293,957,2073,660,3333,143,75,68
1405,4303,962,2079,664,3338,143,75,68
1410,4324,964,2092,666,3357,144,75,69
1415,4334,969,2099,671,3363,144,75,69
1420,4355,973,2109,673,3379,145,76,69
1425,4365,977,2113,676,3387,145,76,69
1430,4386,982,2125,681,3402,146,77,69
1435,4396,986,2128,684,3410,146,77,69
1440,4417,989,2141,686,3426,147,77,70
1445,4427,992,2144,689,3435,147,77,70
1450,4448,995,2153,691,3451,148,78,70
1455,4458,996,2160,692,3462,148,78,70
1460,4479,997,2170,692,3481,149,78,71
1465,4489,997,2174,692,3492,149,78,71
1470,4510,998,2188,693,3512,150,78,72
1475,4520,998,2192,693,3522,150,78,72
1480,4541,999,2202,693,3541,151,78,73
1485,4551,999,2208,693,3552,151,78,73
1490,4572,1000,2221,694,3572,152,78,74
1495,4582,1000,2225,694,3582,152,78,74
1500,4603,1002,2235,696,3600,153,78,75
1505,4613,1002,2238,696,3611,153,78,75
1510,4634,1005,2248,698,3628,154,78,76
1515,4644,1006,2255,699,3637,154,78,76
1520,4665,1009,2263,701,3655,155,79,76
1525,4675,1010,2266,702,3665,155,79,76
1530,4696,1012,2278,703,3683,156,80,76
1535,4706,1014,2280,705,3692,156,80,76
1540,4727,1017,2295,707,3708,157,81,76
1545,4737,1018,2297,708,3718,157,81,76
1550,4758,1024,2309,713,3734,158,81,77
1555,4768,1026,2312,714,3742,158,81,77
1560,4789,1033,2324,719,3755,159,82,77
1565,4799,1036,2328,722,3762,159,82,77
1570,4820,1039,2338,723,3780,160,83,77
1575,4830,1042,2343,725,3788,160,83,77
1580,4851,1045,2355,728,3804,161,84,77
1585,4861,1049,2358,731,3812,161,84,77
1590,4882,1053,2364,733,3829,162,84,78
1595,4892,1055,2371,735,3836,162,84,78
1600,4913,1059,2382,738,3852,163,84,79
1605,4923,1062,2387,740,3859,163,84,79
1610,4944,1065,2401,742,3875,164,85,79
1615,4954,1070,2403,746,3884,164,85,79
1620,4975,1072,2411,746,3901,165,86,79
1625,4985,1076,2416,749,3908,165,86,79
1630,5006,1079,2428,750,3925,166,86,80
1635,5016,1083,2436,754,3931,166,86,80
1640,5037,1088,2447,759,3948,167,86,81
1645,5047,1090,2450,761,3957,167,86,81
1650,5068,1093,2462,763,3974,168,87,81
1655,5078,1093,2469,763,3985,168,87,81
1660,5099,1096,2476,764,4003,169,87,82
1665,5109,1096,2481,764,4013,169,87,82
1670,5130,1100,2491,767,4029,170,88,82
1675,5140,1101,2498,768,4038,170,88,82
1680,5161,1106,2509,773,4054,171,88,83
1685,5171,1106,2515,773,4064,171,88,83
1690,5192,1109,2527,776,4082,172,89,83
1695,5202,1110,2534,777,4092,172,89,83
1700,5223,1113,2542,778,4110,173,89,84
1705,5233,1113,2546,778,4119,173,89,84
1710,5254,1117,2557,781,4135,174,90,84
1715,5264,1118,2563,782,4145,174,90,84
1720,5285,1122,2573,784,4163,175,91,84
1725,5295,1123,2579,785,4170,175,91,84
1730,5316,1128,2588,790,4187,176,91,85
1735,5326,1128,2595,790,4196,176,91,85
1740,5347,1134,2606,796,4212,177,91,86
1745,5357,1134,2609,796,4223,177,91,86
1750,5378,1135,2616,796,4242,178,92,86
1755,5388,1135,2620,796,4253,178,92,86
1760,5409,1137,2628,797,4271,179,92,87
1765,5419,1138,2634,797,4280,179,92,87
1770,5440,1139,2644,797,4301,180,92,88
1775,5450,1140,2650,798,4309,180,92,88
1780,5471,1141,2657,798,4329,181,92,89
1785,5481,1142,2660,798,4339,181,92,89
1790,5502,1145,2671,800,4355,182,92,90
1795,5512,1149,2675,804,4362,182,92,90
1800,5533,1151,2683,805,4381,183,93,90
1805,5543,1153,2689,807,4390,183,93,90
1810,5564,1155,2697,807,4407,184,94,90
1815,5574,1159,2703,811,4415,184,94,90
1820,5595,1163,2711,814,4431,185,94,91
1825,5605,1165,2716,816,4440,185,94,91
1830,5626,1169,2728,819,4454,186,95,91
1835,5636,1173,2733,823,4462,186,95,91
1840,5657,1175,2740,824,4480,187,96,91
1845,5667,1179,2745,827,4488,187,96,91
1850,5688,1183,2756,829,4501,188,96,92
1855,5698,1187,2757,832,4511,188,96,92
1860,5719,1191,2767,834,4524,189,96,93
1865,5729,1197,2771,839,4531,189,96,93
1870,5750,1201,2780,843,4547,190,97,93
1875,5760,1204,2784,846,4555,190,97,93
1880,5781,1211,2795,853,4570,191,98,93
1885,5791,1212,2801,854,4579,191,98,93
1890,5812,1217,2812,857,4591,192,99,93
1895,5822,1220,2817,860,4601,192,99,93
1900,5843,1223,2828,863,4619,193,99,94
1905,5853,1224,2834,864,4628,193,99,94
1910,5874,1228,2849,867,4643,194,100,94
1915,5884,1230,2855,869,4652,194,100,94
1920,5905,1235,2863,872,4669,195,101,94
1925,5915,1235,2870,872,4680,195,101,94
1930,5936,1236,2878,872,4699,196,102,94
1935,5946,1236,2883,872,4710,196,102,94
1940,5967,1237,2896,873,4730,197,102,95
1945,5977,1237,2901,873,4740,197,102,95
1950,5998,1238,2916,874,4760,198,103,95
1955,6008,1238,2919,874,4770,198,103,95
1960,6029,1239,2927,874,4790,199,104,95
1965,6039,1239,2932,874,4800,199,104,95
1970,6060,1240,2944,875,4820,200,105,95
1975,6070,1241,2947,875,4827,200,105,95
1980,6091,1243,2954,876,4848,201,105,96
1985,6101,1244,2958,876,4857,201,105,96
1990,6122,1246,2968,878,4876,202,105,97
1995,6132,1247,2973,879,4884,202,105,97
2000,6153,1249,2988,880,4904,203,106,97
2005,6163,1250,2993,880,4912,203,106,97
2010,6184,1254,3004,883,4930,204,106,98
2015,6194,1255,3008,883,4938,204,106,98
2020,6215,1259,3020,886,4955,205,106,99
2025,6225,1261,3027,888,4963,205,106,99
2030,6246,1265,3036,889,4978,206,106,100
2035,6256,1268,3039,891,4988,206,106,100
2040,6277,1274,3051,895,5002,207,106,101
2045,6287,1275,3053,896,5012,207,106,101
2050,6308,1280,3065,899,5024,208,107,101
2055,6318,1286,3072,905,5031,208,107,101
2060,6339,1293,3082,911,5044,209,107,102
2065,6349,1297,3087,915,5051,209,107,102
2070,6370,1304,3102,922,5063,210,107,103
2075,6380,1309,3106,926,5071,210,107,103
2080,6401,1314,3117,929,5085,211,108,103
2085,6411,1316,3121,931,5094,211,108,103
2090,6432,1323,3130,936,5109,212,109,103
2095,6442,1323,3134,936,5119,212,109,103
2100,6463,1328,3141,939,5134,213,110,103
2105,6473,1329,3146,940,5144,213,110,103
2110,6494,1332,3155,942,5161,214,110,104
2115,6504,1333,3163,943,5171,214,110,104
2120,6525,1338,3175,946,5185,215,110,105
2125,6535,1339,3176,947,5196,215,110,105
2130,6556,1340,3187,948,5216,216,111,105
2135,6566,1340,3191,948,5226,216,111,105
2140,6587,1341,3201,948,5245,217,111,106
2145,6597,1341,3206,948,5255,217,111,106
2150,6618,1342,3215,949,5276,218,112,106
2155,6628,1342,3219,949,5286,218,112,106
2160,6649,1343,3228,950,5306,219,113,106
2165,6659,1343,3231,950,5315,219,113,106
2170,6680,1344,3239,951,5335,220,113,107
2175,6690,1344,3246,951,5344,220,113,107
2180,6711,1345,3255,951,5366,221,113,108
2185,6721,1345,3260,951,5374,221,113,108
2190,6742,1346,3269,951,5395,222,114,108
2195,6752,1347,3275,951,5403,222,114,108
2200,6773,1348,3284,951,5425,223,115,108
2205,6783,1349,3291,952,5433,223,115,108
2210,6804,1353,3305,956,5450,224,116,108
2215,6814,1354,3308,956,5460,224,116,108
2220,6835,1356,3321,956,5476,225,117,108
2225,6845,1358,3325,958,5487,225,117,108
2230,6866,1362,3338,960,5500,226,118,108
2235,6876,1366,3342,964,5509,226,118,108
2240,6897,1370,3349,967,5525,227,119,108
2245,6907,1373,3353,969,5534,227,119,108
2250,6928,1377,3362,971,5548,228,120,108
2255,6938,1381,3369,975,5557,228,120,108
2260,6959,1384,3378,976,5573,229,120,109
2265,6969,1387,3382,978,5582,229,120,109
2270,6990,1391,3393,981,5597,230,121,109
2275,7000,1394,3399,983,5606,230,121,109
2280,7021,1398,3408,987,5622,231,122,109
2285,7031,1402,3414,990,5628,231,122,109
2290,7052,1409,3422,995,5641,232,122,110
2295,7062,1412,3426,998,5649,232,122,110
2300,7083,1417,3432,1000,5666,233,123,110
2305,7093,1420,3437,1002,5671,233,123,110
2310,7114,1429,3449,1010,5684,234,123,111
2315,7124,1432,3453,1012,5690,234,123,111
2320,7145,1436,3464,1016,5709,235,124,111
2325,7155,1438,3468,1018,5717,235,124,111
2330,7176,1441,3479,1021,5735,236,124,112
2335,7186,1443,3486,1023,5742,236,124,112
2340,7207,1449,3499,1027,5757,237,125,112
2345,7217,1451,3502,1028,5765,237,125,112
2350,7238,1455,3511,1030,5783,238,126,112
2355,7248,1457,3517,1032,5791,238,126,112
2360,7269,1462,3526,1036,5807,239,126,113
2365,7279,1464,3533,1038,5815,239,126,113
2370,7300,1465,3546,1038,5834,240,127,113
2375,7310,1465,3550,1038,5844,240,127,113
2380,7331,1466,3561,1039,5864,241,128,113
2385,7341,1466,3567,1039,5874,241,128,113
2390,7362,1467,3583,1040,5893,242,128,114
2395,7372,1467,3590,1040,5905,242,128,114
2400,7393,1468,3605,1041,5924,243,129,114
2405,7403,1468,3609,1041,5935,243,129,114
2410,7424,1469,3621,1042,5954,244,130,114
2415,7434,1469,3628,1042,5965,244,130,114
2420,7455,1470,3639,1043,5985,245,131,114
2425,7465,1470,3644,1043,5995,245,131,114
2430,7486,1473,3659,1045,6012,246,132,114
2435,7496,1473,3664,1045,6023,246,132,114
2440,7517,1475,3671,1046,6042,247,132,115
2445,7527,1475,3675,1046,6052,247,132,115
2450,7548,1477,3680,1047,6071,248,132,116
2455,7558,1477,3681,1047,6081,248,132,116
2460,7579,1480,3692,1048,6099,249,133,116
2465,7589,1481,3695,1049,6108,249,133,116
2470,7610,1485,3707,1051,6123,250,134,116
2475,7620,1490,3713,1056,6129,250,134,116
2480,7641,1494,3722,1060,6145,251,134,117
2485,7651,1499,3727,1065,6151,251,134,117
2490,7672,1504,3736,1067,6166,252,135,117
2495,7682,1509,3743,1072,6173,252,135,117
2500,7703,1514,3760,1075,6184,253,136,117
2505,7713,1523,3766,1083,6188,253,136,117
2510,7734,1530,3777,1089,6201,254,136,118
2515,7744,1535,3781,1093,6208,254,136,118
2520,7765,1537,3793,1094,6224,255,137,118
2525,7775,1542,3795,1098,6232,255,137,118
2530,7796,1544,3802,1099,6249,256,137,119
2535,7806,1548,3804,1102,6258,256,137,119
2540,7827,1552,3818,1106,6271,257,138,119
2545,7837,1557,3822,1111,6280,257,138,119
2550,7858,1560,3836,1114,6298,258,139,119
2555,7868,1560,3841,1114,6308,258,139,119
2560,7889,1562,3849,1115,6327,259,139,120
2565,7899,1562,3855,1115,6335,259,139,120
2570,7920,1564,3865,1115,6356,260,140,120
2575,7930,1564,3870,1115,6365,260,140,120
2580,7951,1566,3880,1115,6385,261,140,121
2585,7961,1566,3884,1115,6395,261,140,121
2590,7982,1568,3895,1117,6413,262,140,122
2595,7992,1568,3897,1117,6424,262,140,122
2600,8013,1570,3903,1118,6442,263,140,123
2605,8023,1570,3908,1118,6453,263,140,123
2610,8044,1573,3916,1119,6470,264,140,124
2615,8054,1573,3920,1119,6481,264,140,124
2620,8075,1577,3930,1120,6497,265,140,125
2625,8085,1578,3934,1121,6507,265,140,125
2630,8106,1581,3944,1122,6523,266,140,126
2635,8116,1583,3951,1124,6532,266,140,126
2640,8137,1588,3962,1127,6547,267,140,127
2645,8147,1590,3967,1129,6556,267,140,127
2650,8168,1594,3980,1133,6574,268,140,128
2655,8178,1595,3986,1134,6582,268,140,128
2660,8199,1598,3994,1136,6600,269,141,128
2665,8209,1601,4001,1138,6606,269,141,128
2670,8230,1607,4009,1142,6623,270,141,129
2675,8240,1608,4013,1143,6631,270,141,129
2680,8261,1611,4021,1144,6649,271,142,129
2685,8271,1613,4024,1145,6657,271,142,129
2690,8292,1619,4034,1149,6672,272,142,130
2695,8302,1622,4041,1152,6679,272,142,130
2700,8323,1624,4052,1153,6698,273,143,130
2705,8333,1626,4055,1155,6706,273,143,130
2710,8354,1629,4064,1157,6724,274,144,130
2715,8364,1631,4069,1158,6732,274,144,130
2720,8385,1633,4079,1160,6749,275,145,130
2725,8395,1636,4085,1163,6758,275,145,130
2730,8416,1637,4093,1163,6777,276,146,130
2735,8426,1640,4100,1166,6786,276,146,130
2740,8447,1643,4111,1168,6802,277,146,131
2745,8457,1646,4117,1170,6811,277,146,131
2750,8478,1649,4123,1173,6827,278,146,132
2755,8488,1654,4131,1178,6834,278,146,132
2760,8509,1658,4142,1181,6850,279,146,133
2765,8519,1660,4147,1183,6859,279,146,133
2770,8540,1662,4158,1185,6876,280,146,134
2775,8550,1665,4161,1188,6885,280,146,134
2780,8571,1669,4175,1192,6902,281,147,134
2785,8581,1669,4180,1192,6912,281,147,134
2790,8602,1673,4193,1195,6928,282,148,134
2795,8612,1674,4199,1196,6938,282,148,134
2800,8633,1677,4211,1198,6954,283,149,134
2805,8643,1678,4216,1199,6965,283,149,134
2810,8664,1680,4226,1200,6983,284,150,134
2815,8674,1681,4231,1201,6993,284,150,134
2820,8695,1684,4242,1202,7010,285,150,135
2825,8705,1685,4247,1203,7020,285,150,135
2830,8726,1687,4252,1205,7039,286,150,136
2835,8736,1687,4256,1205,7049,286,150,136
2840,8757,1689,4265,1206,7067,287,151,136
2845,8767,1691,4269,1208,7075,287,151,136
2850,8788,1698,4282,1214,7090,288,152,136
2855,8798,1698,4287,1214,7096,288,152,136
2860,8819,1706,4298,1221,7111,289,153,136
2865,8829,1708,4302,1222,7119,289,153,136
2870,8850,1709,4310,1223,7140,290,153,137
2875,8860,1710,4313,1223,7149,290,153,137
2880,8881,1711,4321,1224,7169,291,153,138
2885,8891,1712,4326,1224,7179,291,153,138
2890,8912,1713,4335,1225,7198,292,154,138
2895,8922,1714,4343,1226,7208,292,154,138
2900,8943,1716,4353,1227,7227,293,154,139
2905,8953,1717,4357,1227,7236,293,154,139
2910,8974,1719,4364,1228,7255,294,154,140
2915,8984,1721,4368,1229,7263,294,154,140
2920,9005,1723,4377,1230,7279,295,155,140
2925,9015,1728,4379,1234,7287,295,155,140
2930,9036,1732,4390,1238,7303,296,156,140
2935,9046,1736,4398,1242,7310,296,156,140
2940,9067,1742,4410,1246,7323,297,156,141
2945,9077,1745,4415,1248,7332,297,156,141
2950,9098,1750,4429,1252,7347,298,157,141
2955,9108,1754,4436,1256,7354,298,157,141
2960,9129,1757,4449,1259,7370,299,158,141
2965,9139,1761,4453,1263,7378,299,158,141
2970,9160,1766,4462,1266,7392,300,158,142
2975,9170,1770,4465,1270,7400,300,158,142
2980,9191,1773,4476,1272,7416,301,158,143
2985,9201,1777,4481,1275,7423,301,158,143
2990,9222,1784,4491,1280,7438,302,159,143
2995,9232,1785,4497,1281,7446,302,159,143
3000,9253,1788,4510,1283,7464,303,160,143
3005,9263,1789,4516,1284,7473,303,160,143
3010,9284,1793,4524,1286,7489,304,161,143
3015,9294,1793,4526,1286,7500,304,161,143
3020,9315,1796,4536,1288,7518,305,162,143
3025,9325,1796,4542,1288,7525,305,162,143
3030,9346,1802,4550,1292,7541,306,162,144
3035,9356,1804,4553,1294,7550,306,162,144
3040,9377,1805,4562,1294,7571,307,163,144
3045,9387,1805,4568,1294,7580,307,163,144
3050,9408,1806,4577,1295,7602,308,163,145
3055,9418,1806,4581,1295,7612,308,163,145
3060,9439,1807,4595,1296,7630,309,163,146
3065,9449,1807,4601,1296,7641,309,163,146
3070,9470,1808,4615,1296,7661,310,164,146
3075,9480,1808,4621,1296,7671,310,164,146
3080,9501,1811,4634,1299,7688,311,164,147
3085,9511,1812,4637,1300,7699,311,164,147
3090,9532,1816,4652,1304,7714,312,165,147
3095,9542,1817,4655,1305,7725,312,165,147
3100,9563,1819,4665,1306,7742,313,166,147
3105,9573,1821,4670,1308,7752,313,166,147
3110,9594,1826,4684,1312,7764,314,167,147
3115,9604,1831,4690,1317,7773,314,167,147
3120,9625,1837,4702,1323,7786,315,167,148
3125,9635,1841,4708,1326,7794,315,167,148
3130,9656,1843,4720,1328,7813,316,168,148
3135,9666,1845,4726,1330,7821,316,168,148
3140,9687,1849,4735,1332,7836,317,169,148
3145,9697,1852,4740,1335,7845,317,169,148
3150,9718,1855,4751,1337,7861,318,170,148
3155,9728,1859,4754,1340,7869,318,170,148
3160,9749,1865,4768,1346,7882,319,171,148
3165,9759,1870,4772,1351,7889,319,171,148
3170,9780,1874,4783,1354,7903,320,171,149
3175,9790,1878,4787,1358,7912,320,171,149
3180,9811,1881,4795,1359,7929,321,171,150
3185,9821,1882,4797,1360,7938,321,171,150
3190,9842,1887,4808,1364,7955,322,172,150
3195,9852,1889,4812,1366,7962,322,172,150
3200,9873,1894,4824,1370,7979,323,173,150
3205,9883,1897,4830,1373,7986,323,173,150
3210,9904,1901,4843,1376,8001,324,173,151
3215,9914,1904,4848,1379,8010,324,173,151
3220,9935,1906,4858,1380,8028,325,174,151
3225,9945,1908,4863,1382,8037,325,174,151
3230,9966,1911,4871,1384,8055,326,174,152
3235,9976,1911,4874,1384,8064,326,174,152
3240,9997,1912,4879,1384,8085,327,175,152
3245,10007,1912,4883,1384,8094,327,175,152
3250,10028,1913,4895,1385,8114,328,175,153
3255,10038,1913,4900,1385,8124,328,175,153
3260,10059,1914,4908,1385,8144,329,176,153
3265,10069,1914,4915,1385,8154,329,176,153
3270,10090,1915,4926,1385,8175,330,177,153
3275,10100,1915,4928,1385,8185,330,177,153
3280,10121,1916,4939,1386,8205,331,178,153
3285,10131,1917,4947,1387,8213,331,178,153
3290,10152,1919,4957,1389,8231,332,178,154
3295,10162,1920,4961,1389,8242,332,178,154
3300,10183,1921,4971,1389,8262,333,179,154
3305,10193,1922,4976,1390,8271,333,179,154
3310,10214,1924,4985,1392,8289,334,180,154
3315,10224,1925,4989,1392,8299,334,180,154
3320,10245,1928,5000,1394,8314,335,181,154
3325,10255,1930,5006,1396,8324,335,181,154
3330,10276,1933,5012,1397,8342,336,182,154
3335,10286,1935,5016,1398,8350,336,182,154
3340,10307,1941,5025,1402,8363,337,182,155
3345,10317,1947,5033,1407,8369,337,182,155
3350,10338,1952,5044,1410,8384,338,183,155
3355,10348,1957,5052,1415,8390,338,183,155
3360,10369,1963,5060,1419,8404,339,184,155
3365,10379,1966,5068,1422,8412,339,184,155
3370,10400,1973,5085,1428,8426,340,185,155
3375,10410,1976,5089,1430,8433,340,185,155
3380,10431,1983,5102,1436,8446,341,186,155
3385,10441,1986,5105,1439,8454,341,186,155
3390,10462,1990,5113,1440,8469,342,187,155
3395,10472,1994,5116,1443,8477,342,187,155
3400,10493,1999,5126,1447,8493,343,187,156
3405,10503,2000,5130,1448,8502,343,187,156
3410,10524,2006,5140,1453,8518,344,188,156
3415,10534,2006,5146,1453,8528,344,188,156
3420,10555,2008,5160,1454,8547,345,189,156
3425,10565,2009,5167,1455,8555,345,189,156
3430,10586,2011,5175,1455,8575,346,190,156
3435,10596,2012,5177,1456,8584,346,190,156
3440,10617,2014,5188,1456,8603,347,190,157
3445,10627,2014,5195,1456,8612,347,190,157
3450,10648,2016,5204,1458,8632,348,190,158
3455,10658,2016,5206,1458,8642,348,190,158
3460,10679,2018,5218,1459,8661,349,190,159
3465,10689,2018,5223,1459,8671,349,190,159
3470,10710,2023,5234,1463,8685,350,191,159
3475,10720,2025,5236,1465,8695,350,191,159
3480,10741,2028,5249,1468,8710,351,191,160
3485,10751,2031,5254,1471,8719,351,191,160
3490,10772,2032,5263,1471,8739,352,191,161
3495,10782,2032,5268,1471,8750,352,191,161
3500,10803,2033,5282,1472,8769,353,192,161
3505,10813,2034,5288,1473,8779,353,192,161
3510,10834,2035,5299,1474,8799,354,192,162
3515,10844,2036,5303,1474,8808,354,192,162
3520,10865,2038,5310,1474,8825,355,192,163
3525,10875,2040,5316,1475,8834,355,192,163
3530,10896,2044,5328,1479,8851,356,193,163
3535,10906,2045,5334,1480,8861,356,193,163
3540,10927,2048,5346,1481,8877,357,194,163
3545,10937,2049,5351,1481,8888,357,194,163
3550,10958,2052,5366,1482,8904,358,195,163
3555,10968,2054,5370,1484,8913,358,195,163
3560,10989,2058,5381,1487,8930,359,196,163
3565,10999,2060,5388,1489,8937,359,196,163
3570,11020,2066,5400,1495,8952,360,197,163
3575,11030,2068,5406,1496,8961,360,197,163
3580,11051,2071,5415,1498,8979,361,197,164
3585,11061,2073,5419,1499,8987,361,197,164
3590,11082,2079,5429,1503,8999,362,197,165
3595,11092,2085,5433,1509,9007,362,197,165
3600,11113,2090,5444,1513,9023,363,198,165
3605,11123,2092,5449,1515,9031,363,198,165
3610,11144,2097,5461,1520,9047,364,199,165
3615,11154,2099,5466,1522,9054,364,199,165
3620,11175,2103,5474,1524,9070,365,199,166
3625,11185,2106,5477,1526,9079,365,199,166
3630,11206,2108,5489,1527,9095,366,200,166
3635,11216,2112,5494,1531,9104,366,200,166
3640,11237,2117,5509,1536,9118,367,201,166
3645,11247,2121,5514,1539,9126,367,201,166
3650,11268,2126,5528,1543,9140,368,202,166
3655,11278,2128,5533,1545,9150,368,202,166
3660,11299,2133,5541,1548,9166,369,202,167
3665,11309,2133,5545,1548,9176,369,202,167
3670,11330,2135,5556,1549,9195,370,202,168
3675,11340,2135,5561,1549,9205,370,202,168
3680,11361,2137,5567,1550,9223,371,203,168
3685,11371,2137,5572,1550,9234,371,203,168
3690,11392,2139,5580,1550,9253,372,203,169
3695,11402,2139,5585,1550,9263,372,203,169
3700,11423,2141,5593,1550,9281,373,204,169
3705,11433,2142,5596,1551,9291,373,204,169
3710,11454,2146,5607,1553,9306,374,204,170
3715,11464,2148,5612,1555,9315,374,204,170
3720,11485,2152,5623,1558,9331,375,205,170
3725,11495,2154,5629,1560,9341,375,205,170
3730,11516,2157,5636,1560,9359,376,205,171
3735,11526,2157,5640,1560,9368,376,205,171
3740,11547,2162,5644,1562,9385,377,205,172
3745,11557,2162,5649,1562,9394,377,205,172
3750,11578,2167,5655,1565,9409,378,205,173
3755,11588,2170,5658,1568,9418,378,205,173
3760,11609,2175,5667,1571,9433,379,205,174
3765,11619,2179,5673,1575,9439,379,205,174
3770,11640,2186,5683,1581,9452,380,206,174
3775,11650,2189,5687,1583,9459,380,206,174
3780,11671,2195,5696,1587,9475,381,206,175
3785,11681,2196,5701,1587,9484,381,206,175
3790,11702,2197,5707,1588,9505,382,206,176
3795,11712,2198,5714,1588,9513,382,206,176
3800,11733,2199,5724,1588,9533,383,206,177
3805,11743,2200,5731,1589,9542,383,206,177
3810,11764,2202,5743,1590,9561,384,207,177
3815,11774,2203,5748,1590,9570,384,207,177
3820,11795,2205,5755,1591,9589,385,208,177
3825,11805,2206,5759,1592,9598,385,208,177
3830,11826,2209,5767,1595,9615,386,208,178
3835,11836,2211,5775,1597,9623,386,208,178
3840,11857,2213,5783,1599,9642,387,209,178
3845,11867,2216,5791,1602,9651,387,209,178
3850,11888,2217,5802,1602,9669,388,210,178
3855,11898,2218,5808,1602,9680,388,210,178
3860,11919,2219,5822,1603,9698,389,211,178
3865,11929,2221,5828,1604,9708,389,211,178
3870,11950,2223,5836,1606,9725,390,211,179
3875,11960,2225,5841,1607,9735,390,211,179
3880,11981,2227,5850,1608,9752,391,211,180
3885,11991,2231,5857,1611,9760,391,211,180
3890,12012,2238,5866,1615,9771,392,211,181
3895,12022,2242,5870,1618,9780,392,211,181
3900,12043,2250,5882,1625,9791,393,212,181
3905,12053,2253,5886,1628,9799,393,212,181
3910,12074,2261,5898,1633,9812,394,212,182
3915,12084,2264,5904,1636,9820,394,212,182
3920,12105,2270,5916,1639,9833,395,213,182
3925,12115,2272,5919,1641,9843,395,213,182
3930,12136,2275,5935,1643,9860,396,214,182
3935,12146,2276,5939,1644,9870,396,214,182
3940,12167,2279,5948,1646,9888,397,214,183
3945,12177,2280,5953,1647,9896,397,214,183
3950,12198,2284,5960,1650,9914,398,215,183
3955,12208,2284,5966,1650,9923,398,215,183
3960,12229,2285,5977,1651,9943,399,216,183
3965,12239,2285,5982,1651,9952,399,216,183
3970,12260,2286,5992,1652,9974,400,216,184
3975,12270,2286,5992,1652,9984,400,216,184
3980,12291,2287,6001,1653,10004,401,216,185
3985,12301,2287,6003,1653,10014,401,216,185
3990,12322,2288,6010,1654,10034,402,217,185
3995,12332,2288,6015,1654,10043,402,217,185
4000,12353,2289,6024,1654,10063,403,217,186
4005,12363,2290,6025,1654,10072,403,217,186
4010,12384,2291,6032,1654,10093,404,217,187
4015,12394,2292,6034,1654,10102,404,217,187
4020,12415,2293,6041,1654,10122,405,218,187
4025,12425,2294,6045,1655,10131,405,218,187
4030,12446,2297,6054,1657,10148,406,219,187
4035,12456,2298,6061,1657,10158,406,219,187
4040,12477,2301,6066,1659,10176,407,219,188
4045,12487,2302,6073,1660,10185,407,219,188
4050,12508,2306,6083,1662,10202,408,219,189
4055,12518,2307,6084,1662,10211,408,219,189
4060,12539,2312,6095,1666,10226,409,220,189
4065,12549,2313,6101,1666,10236,409,220,189
4070,12570,2319,6108,1670,10249,410,221,189
4075,12580,2323,6113,1673,10257,410,221,189
4080,12601,2328,6124,1677,10269,411,221,190
4085,12611,2334,6130,1683,10277,411,221,190
4090,12632,2339,6142,1688,10289,412,221,191
4095,12642,2345,6147,1694,10296,412,221,191
4100,12663,2351,6154,1698,10311,413,221,192
4105,12673,2356,6160,1703,10316,413,221,192
4110,12694,2362,6170,1708,10332,414,222,192
4115,12704,2365,6175,1711,10338,414,222,192
4120,12725,2372,6180,1715,10352,415,222,193
4125,12735,2377,6186,1720,10357,415,222,193
4130,12756,2382,6190,1724,10373,416,222,194
4135,12766,2386,6195,1727,10379,416,222,194
4140,12787,2388,6205,1727,10396,417,222,195
4145,12797,2392,6210,1731,10405,417,222,195
4150,12818,2394,6220,1732,10423,418,222,196
4155,12828,2395,6227,1733,10432,418,222,196
4160,12849,2396,6238,1734,10453,419,223,196
4165,12859,2396,6243,1734,10463,419,223,196
4170,12880,2397,6256,1734,10482,420,224,196
4175,12890,2397,6260,1734,10493,420,224,196
4180,12911,2398,6270,1734,10513,421,224,197
4185,12921,2398,6274,1734,10523,421,224,197
4190,12942,2399,6282,1735,10543,422,225,197
4195,12952,2399,6287,1735,10553,422,225,197
4200,12973,2400,6300,1736,10573,423,226,197
4205,12983,2400,6308,1736,10583,423,226,197
4210,13004,2401,6321,1736,10602,424,227,197
4215,13014,2401,6326,1736,10613,424,227,197
4220,13035,2402,6338,1736,10633,425,228,197
4225,13045,2402,6344,1736,10643,425,228,197
4230,13066,2403,6358,1736,10661,426,229,197
4235,13076,2403,6361,1736,10673,426,229,197
4240,13097,2404,6368,1736,10692,427,229,198
4245,13107,2404,6371,1736,10703,427,229,198
4250,13128,2407,6382,1738,10719,428,229,199
4255,13138,2408,6386,1739,10730,428,229,199
4260,13159,2414,6393,1743,10743,429,229,200
4265,13169,2418,6398,1747,10751,429,229,200
4270,13190,2425,6410,1752,10760,430,230,200
4275,13200,2430,6415,1757,10769,430,230,200
4280,13221,2438,6422,1762,10782,431,231,200
4285,13231,2442,6428,1766,10787,431,231,200
4290,13252,2450,6439,1774,10800,432,231,201
4295,13262,2452,6444,1775,10809,432,231,201
4300,13283,2455,6448,1777,10827,433,232,201
4305,13293,2458,6453,1780,10834,433,232,201
4310,13314,2464,6464,1785,10848,434,233,201
4315,13324,2467,6469,1788,10855,434,233,201
4320,13345,2476,6486,1797,10865,435,234,201
4325,13355,2481,6490,1802,10874,435,234,201
4330,13376,2482,6501,1802,10894,436,234,202
4335,13386,2482,6504,1802,10904,436,234,202
4340,13407,2483,6516,1802,10924,437,234,203
4345,13417,2483,6524,1802,10933,437,234,203
4350,13438,2484,6536,1803,10954,438,234,204
4355,13448,2484,6539,1803,10964,438,234,204
4360,13469,2485,6549,1803,10984,439,235,204
4365,13479,2485,6555,1803,10994,439,235,204
4370,13500,2486,6563,1804,11014,440,235,205
4375,13510,2486,6568,1804,11024,440,235,205
4380,13531,2487,6581,1805,11044,441,235,206
4385,13541,2487,6589,1805,11054,441,235,206
4390,13562,2488,6598,1806,11074,442,235,207
4395,13572,2488,6604,1806,11084,442,235,207
4400,13593,2489,6616,1807,11104,443,236,207
4405,13603,2489,6622,1807,11114,443,236,207
4410,13624,2491,6628,1807,11133,444,236,208
4415,13634,2491,6634,1807,11143,444,236,208
4420,13655,2493,6642,1808,11162,445,237,208
4425,13665,2493,6647,1808,11172,445,237,208
4430,13686,2497,6657,1809,11188,446,237,209
4435,13696,2499,6662,1810,11196,446,237,209
4440,13717,2503,6669,1813,11213,447,237,210
4445,13727,2506,6673,1815,11221,447,237,210
4450,13748,2511,6682,1817,11234,448,237,211
4455,13758,2515,6684,1820,11243,448,237,211
4460,13779,2521,6692,1824,11256,449,237,212
4465,13789,2526,6699,1829,11262,449,237,212
4470,13810,2531,6709,1831,11276,450,238,212
4475,13820,2537,6716,1837,11282,450,238,212
4480,13841,2544,6727,1843,11295,451,238,213
4485,13851,2547,6729,1845,11304,451,238,213
4490,13872,2550,6736,1846,11321,452,239,213
4495,13882,2553,6740,1848,11328,452,239,213
4500,13903,2557,6746,1850,11343,453,239,214
4505,13913,2562,6751,1855,11351,453,239,214
4510,13934,2564,6757,1857,11368,454,239,215
4515,13944,2567,6763,1860,11375,454,239,215
4520,13965,2573,6771,1865,11390,455,239,216
4525,13975,2577,6775,1869,11397,455,239,216
4530,13996,2582,6786,1873,11413,456,240,216
4535,14006,2582,6790,1873,11423,456,240,216
4540,14027,2586,6799,1876,11440,457,241,216
4545,14037,2586,6801,1876,11450,457,241,216
4550,14058,2587,6809,1877,11469,458,242,216
4555,14068,2587,6816,1877,11479,458,242,216
4560,14089,2588,6828,1877,11500,459,243,216
4565,14099,2588,6834,1877,11511,459,243,216
4570,14120,2589,6842,1878,11531,460,243,217
4575,14130,2589,6846,1878,11541,460,243,217
4580,14151,2590,6856,1878,11561,461,243,218
4585,14161,2590,6859,1878,11570,461,243,218
4590,14182,2591,6868,1878,11591,462,243,219
4595,14192,2591,6870,1878,11601,462,243,219
4600,14213,2593,6878,1879,11620,463,243,220
4605,14223,2593,6884,1879,11630,463,243,220
4610,14244,2595,6895,1880,11649,464,243,221
4615,14254,2595,6899,1880,11659,464,243,221
4620,14275,2597,6914,1882,11678,465,244,221
4625,14285,2597,6921,1882,11688,465,244,221
4630,14306,2599,6929,1883,11707,466,244,222
4635,14316,2601,6933,1885,11715,466,244,222
4640,14337,2603,6946,1887,11734,467,245,222
4645,14347,2605,6951,1889,11741,467,245,222
4650,14368,2609,6956,1891,11759,468,245,223
4655,14378,2610,6959,1892,11767,468,245,223
4660,14399,2616,6971,1898,11782,469,245,224
4665,14409,2619,6976,1901,11790,469,245,224
4670,14430,2624,6984,1904,11805,470,246,224
4675,14440,2627,6989,1906,11812,470,246,224
4680,14461,2633,7001,1910,11826,471,247,224
4685,14471,2636,7007,1913,11834,471,247,224
4690,14492,2641,7015,1918,11851,472,247,225
4695,14502,2642,7019,1919,11860,472,247,225
4700,14523,2647,7028,1922,11873,473,248,225
4705,14533,2651,7032,1926,11880,473,248,225
4710,14554,2660,7044,1933,11891,474,249,225
4715,14564,2665,7049,1938,11898,474,249,225
4720,14585,2673,7062,1945,11910,475,250,225
4725,14595,2677,7070,1949,11917,475,250,225
4730,14616,2683,7079,1953,11931,476,250,226
4735,14626,2685,7081,1954,11940,476,250,226
4740,14647,2686,7090,1954,11959,477,251,226
4745,14657,2689,7095,1956,11965,477,251,226
4750,14678,2691,7103,1957,11986,478,251,227
4755,14688,2693,7108,1959,11993,478,251,227
4760,14709,2694,7118,1960,12013,479,251,228
4765,14719,2698,7121,1963,12021,479,251,228
4770,14740,2700,7133,1964,12039,480,252,228
4775,14750,2701,7137,1964,12049,480,252,228
4780,14771,2704,7150,1966,12066,481,253,228
4785,14781,2704,7158,1966,12077,481,253,228
4790,14802,2705,7169,1966,12096,482,254,228
4795,14812,2705,7173,1966,12107,482,254,228
4800,14833,2706,7184,1966,12126,483,255,228
4805,14843,2706,7186,1966,12137,483,255,228
4810,14864,2707,7197,1967,12155,484,255,229
4815,14874,2707,7201,1967,12167,484,255,229
4820,14895,2708,7209,1968,12184,485,256,229
4825,14905,2710,7214,1970,12195,485,256,229
4830,14926,2712,7220,1971,12214,486,256,230
4835,14936,2712,7226,1971,12223,486,256,230
4840,14957,2716,7236,1973,12240,487,257,230
4845,14967,2716,7241,1973,12250,487,257,230
4850,14988,2720,7253,1976,12267,488,258,230
4855,14998,2721,7255,1977,12277,488,258,230
4860,15019,2725,7263,1979,12294,489,259,230
4865,15029,2726,7268,1980,12302,489,259,230
4870,15050,2732,7280,1986,12317,490,259,231
4875,15060,2734,7285,1988,12325,490,259,231
4880,15081,2739,7297,1991,12342,491,260,231
4885,15091,2741,7301,1992,12348,491,260,231
4890,15112,2748,7313,1998,12363,492,260,232
4895,15122,2750,7317,2000,12370,492,260,232
4900,15143,2756,7330,2005,12387,493,260,233
4905,15153,2757,7337,2006,12395,493,260,233
4910,15174,2761,7349,2008,12413,494,261,233
4915,15184,2763,7352,2009,12421,494,261,233
4920,15205,2766,7356,2011,12439,495,262,233
4925,15215,2767,7363,2012,12448,495,262,233
4930,15236,2771,7373,2015,12465,496,263,233
4935,15246,2773,7375,2016,12473,496,263,233
4940,15267,2777,7386,2020,12490,497,264,233
4945,15277,2779,7390,2021,12497,497,264,233
4950,15298,2781,7395,2022,12514,498,264,234
4955,15308,2785,7400,2026,12523,498,264,234
4960,15329,2790,7413,2029,12535,499,264,235
4965,15339,2794,7417,2033,12545,499,264,235
4970,15360,2800,7430,2038,12556,500,265,235
4975,15370,2805,7437,2043,12565,500,265,235
4980,15391,2807,7448,2044,12581,501,266,235
4985,15401,2810,7451,2046,12591,501,266,235
4990,15422,2814,7458,2049,12608,502,266,236
4995,15432,2815,7463,2050,12617,502,266,236
5000,15453,2818,7473,2052,12633,503,266,237
5005,15463,2819,7476,2053,12644,503,266,237
5010,15484,2821,7488,2053,12660,504,266,238
5015,15494,2822,7494,2054,12670,504,266,238
5020,15515,2828,7504,2059,12687,505,266,239
5025,15525,2829,7509,2060,12694,505,266,239
5030,15546,2834,7520,2064,12710,506,266,240
5035,15556,2836,7525,2066,12718,506,266,240
5040,15577,2841,7536,2069,12734,507,267,240
5045,15587,2842,7542,2070,12744,507,267,240
5050,15608,2844,7554,2072,12763,508,268,240
5055,15618,2844,7560,2072,12774,508,268,240
5060,15639,2845,7576,2073,12792,509,268,241
5065,15649,2845,7581,2073,12804,509,268,241
5070,15670,2846,7593,2074,12823,510,268,242
5075,15680,2846,7601,2074,12834,510,268,242
5080,15701,2847,7610,2074,12853,511,268,243
5085,15711,2847,7614,2074,12863,511,268,243
5090,15732,2848,7626,2075,12884,512,269,243
5095,15742,2848,7631,2075,12894,512,269,243
5100,15763,2850,7642,2077,12913,513,270,243
5105,15773,2851,7646,2078,12922,513,270,243
5110,15794,2853,7658,2080,12941,514,271,243
5115,15804,2854,7661,2081,12950,514,271,243
5120,15825,2856,7672,2082,12967,515,272,243
5125,15835,2860,7678,2085,12975,515,272,243
5130,15856,2862,7689,2086,12993,516,273,243
5135,15866,2864,7694,2088,13002,516,273,243
5140,15887,2866,7705,2090,13021,517,273,244
5145,15897,2867,7708,2090,13030,517,273,244
5150,15918,2871,7717,2092,13046,518,273,245
5155,15928,2875,7720,2095,13053,518,273,245
5160,15949,2879,7729,2096,13068,519,273,246
5165,15959,2883,7733,2099,13074,519,273,246
5170,15980,2888,7746,2103,13090,520,274,246
5175,15990,2893,7755,2108,13095,520,274,246
5180,16011,2897,7766,2111,13111,521,275,246
5185,16021,2903,7772,2117,13117,521,275,246
5190,16042,2908,7783,2121,13133,522,276,246
5195,16052,2911,7791,2124,13140,522,276,246
5200,16073,2918,7799,2128,13154,523,277,246
5205,16083,2921,7804,2131,13161,523,277,246
5210,16104,2929,7818,2138,13173,524,277,247
5215,16114,2931,7824,2140,13181,524,277,247
5220,16135,2936,7838,2144,13198,525,278,247
5225,16145,2937,7844,2145,13207,525,278,247
5230,16166,2941,7857,2149,13224,526,278,248
5235,16176,2942,7860,2150,13233,526,278,248
5240,16197,2946,7866,2153,13251,527,279,248
5245,16207,2946,7871,2153,13260,527,279,248
5250,16228,2950,7884,2157,13277,528,279,249
5255,16238,2951,7887,2158,13287,528,279,249
5260,16259,2952,7898,2158,13307,529,279,250
5265,16269,2952,7902,2158,13317,529,279,250
5270,16290,2953,7912,2159,13337,530,279,251
5275,16300,2953,7918,2159,13347,530,279,251
5280,16321,2954,7930,2160,13367,531,280,251
5285,16331,2954,7935,2160,13375,531,280,251
5290,16352,2955,7944,2160,13396,532,280,252
5295,16362,2955,7948,2160,13406,532,280,252
5300,16383,2956,7958,2160,13427,533,280,253
5305,16393,2956,7964,2160,13436,533,280,253
5310,16414,2957,7977,2161,13457,534,280,254
5315,16424,2957,7981,2161,13466,534,280,254
5320,16445,2962,7989,2166,13483,535,280,255
5325,16455,2963,7996,2167,13492,535,280,255
5330,16476,2968,8007,2172,13505,536,280,256
5335,16486,2972,8012,2175,13514,536,280,256
5340,16507,2974,8018,2176,13531,537,280,257
5345,16517,2978,8023,2179,13539,537,280,257
5350,16538,2981,8032,2181,13556,538,280,258
5355,16548,2984,8038,2183,13563,538,280,258
5360,16569,2991,8047,2188,13576,539,280,259
5365,16579,2995,8053,2192,13584,539,280,259
5370,16600,3000,8059,2196,13600,540,280,260
5375,16610,3003,8065,2198,13606,540,280,260
5380,16631,3008,8075,2203,13621,541,280,261
5385,16641,3011,8079,2206,13629,541,280,261
5390,16662,3016,8090,2210,13642,542,280,262
5395,16672,3022,8092,2215,13650,542,280,262
5400,16693,3026,8105,2219,13666,543,280,263
5405,16703,3027,8107,2220,13676,543,280,263
5410,16724,3030,8114,2221,13693,544,280,264
5415,16734,3030,8117,2221,13704,544,280,264
5420,16755,3034,8125,2223,13719,545,280,265
5425,16765,3036,8130,2225,13729,545,280,265
5430,16786,3039,8139,2227,13747,546,280,266
5435,16796,3040,8142,2228,13756,546,280,266
5440,16817,3047,8153,2234,13769,547,280,267
5445,16827,3051,8160,2238,13774,547,280,267
5450,16848,3057,8169,2243,13789,548,281,267
5455,16858,3059,8174,2245,13798,548,281,267
5460,16879,3063,8183,2248,13816,549,281,268
5465,16889,3063,8188,2248,13826,549,281,268
5470,16910,3064,8199,2249,13845,550,281,269
5475,16920,3064,8206,2249,13856,550,281,269
5480,16941,3065,8215,2250,13876,551,281,270
5485,16951,3065,8218,2250,13886,551,281,270
5490,16972,3066,8228,2250,13906,552,281,271
5495,16982,3066,8234,2250,13916,552,281,271
5500,17003,3067,8243,2251,13935,553,282,271
5505,17013,3068,8250,2251,13945,553,282,271
5510,17034,3070,8258,2253,13963,554,282,272
5515,17044,3072,8263,2254,13972,554,282,272
5520,17065,3075,8275,2257,13989,555,283,272
5525,17075,3077,8282,2258,13998,555,283,272
5530,17096,3079,8293,2259,14016,556,284,272
5535,17106,3080,8299,2260,14026,556,284,272
5540,17127,3082,8310,2261,14043,557,285,272
5545,17137,3083,8313,2261,14054,557,285,272
5550,17158,3084,8321,2262,14074,558,286,272
5555,17168,3085,8329,2263,14083,558,286,272
5560,17189,3088,8343,2266,14099,559,286,273
5565,17199,3089,8348,2267,14109,559,286,273
5570,17220,3094,8356,2271,14124,560,286,274
5575,17230,3097,8360,2273,14132,560,286,274
5580,17251,3102,8368,2276,14148,561,286,275
5585,17261,3105,8371,2279,14155,561,286,275
5590,17282,3112,8380,2283,14169,562,287,275
5595,17292,3114,8383,2285,14177,562,287,275
5600,17313,3120,8393,2290,14193,563,287,276
5605,17323,3123,8401,2293,14199,563,287,276
5610,17344,3130,8411,2298,14214,564,287,277
5615,17354,3131,8416,2298,14222,564,287,277
5620,17375,3136,8421,2301,14239,565,287,278
5625,17385,3138,8424,2302,14245,565,287,278
5630,17406,3146,8432,2309,14258,566,288,278
5635,17416,3151,8437,2313,14262,566,288,278
5640,17437,3160,8447,2320,14276,567,289,278
5645,17447,3164,8453,2324,14282,567,289,278
5650,17468,3165,8461,2324,14303,568,289,279
5655,17478,3166,8465,2324,14311,568,289,279
5660,17499,3169,8476,2326,14330,569,289,280
5665,17509,3170,8482,2327,14338,569,289,280
5670,17530,3172,8490,2328,14358,570,289,281
5675,17540,3172,8497,2328,14368,570,289,281
5680,17561,3173,8505,2329,14388,571,290,281
5685,17571,3173,8512,2329,14398,571,290,281
5690,17592,3174,8523,2329,14417,572,291,281
5695,17602,3174,8528,2329,14428,572,291,281
5700,17623,3175,8538,2329,14447,573,291,282
5705,17633,3175,8541,2329,14458,573,291,282
5710,17654,3176,8556,2330,14477,574,291,283
5715,17664,3176,8561,2330,14488,574,291,283
5720,17685,3177,8571,2330,14506,575,292,283
5725,17695,3177,8571,2330,14518,575,292,283
5730,17716,3178,8583,2331,14536,576,292,284
5735,17726,3178,8588,2331,14548,576,292,284
5740,17747,3179,8597,2332,14567,577,292,285
5745,17757,3179,8602,2332,14578,577,292,285
5750,17778,3182,8610,2333,14594,578,292,286
5755,17788,3185,8615,2336,14602,578,292,286
5760,17809,3190,8623,2339,14617,579,293,286
5765,17819,3194,8629,2343,14623,579,293,286
5770,17840,3200,8637,2347,14639,580,293,287
5775,17850,3204,8644,2351,14645,580,293,287
5780,17871,3209,8654,2355,14661,581,293,288
5785,17881,3213,8660,2358,14667,581,293,288
5790,17902,3221,8673,2365,14678,582,293,289
5795,17912,3226,8678,2369,14685,582,293,289
5800,17933,3231,8687,2373,14701,583,293,290
5805,17943,3234,8692,2375,14709,583,293,290
5810,17964,3236,8704,2376,14728,584,294,290
5815,17974,3237,8711,2377,14736,584,294,290
5820,17995,3239,8723,2378,14756,585,294,291
5825,18005,3240,8727,2379,14765,585,294,291
5830,18026,3242,8742,2381,14784,586,294,292
5835,18036,3243,8747,2381,14792,586,294,292
5840,18057,3244,8759,2382,14813,587,295,292
5845,18067,3245,8765,2383,14821,587,295,292
5850,18088,3247,8774,2384,14840,588,295,293
5855,18098,3249,8776,2385,14848,588,295,293
5860,18119,3251,8785,2386,14867,589,295,294
5865,18129,3253,8792,2388,14874,589,295,294
5870,18150,3254,8801,2389,14896,590,295,295
5875,18160,3256,8808,2391,14903,590,295,295
5880,18181,3257,8814,2391,14922,591,296,295
5885,18191,3260,8820,2394,14931,591,296,295
5890,18212,3262,8832,2395,14949,592,297,295
5895,18222,3265,8837,2397,14957,592,297,295
5900,18243,3267,8849,2399,14975,593,297,296
5905,18253,3269,8856,2401,14983,593,297,296
5910,18274,3274,8866,2406,14998,594,297,297
5915,18284,3278,8871,2410,15006,594,297,297
5920,18305,3282,8878,2412,15019,595,297,298
5925,18315,3287,8881,2416,15028,595,297,298
5930,18336,3294,8892,2421,15040,596,297,299
5935,18346,3299,8898,2426,15047,596,297,299
5940,18367,3305,8910,2431,15060,597,297,300
5945,18377,3306,8915,2432,15070,597,297,300
5950,18398,3312,8929,2437,15084,598,297,301
5955,18408,3314,8935,2439,15093,598,297,301
5960,18429,3320,8949,2444,15107,599,298,301
5965,18439,3322,8954,2446,15116,599,298,301
5970,18460,3326,8966,2449,15132,600,299,301
5975,18470,3326,8971,2449,15144,600,299,301
5980,18491,3328,8978,2449,15163,601,299,302
5985,18501,3329,8981,2450,15171,601,299,302
5990,18522,3335,8993,2456,15187,602,299,303
5995,18532,3336,8997,2457,15195,602,299,303
6000,18553,3337,9004,2457,15215,603,299,304
6005,18563,3337,9011,2457,15225,603,299,304
6010,18584,3338,9025,2457,15245,604,300,304
6015,18594,3338,9030,2457,15256,604,300,304
6020,18615,3339,9038,2457,15275,605,301,304
6025,18625,3339,9042,2457,15286,605,301,304
6030,18646,3340,9052,2458,15305,606,301,305
6035,18656,3340,9059,2458,15315,606,301,305
6040,18677,3341,9071,2459,15335,607,302,305
6045,18687,3341,9075,2459,15346,607,302,305
6050,18708,3342,9081,2460,15365,608,302,306
6055,18718,3343,9085,2460,15375,608,302,306
6060,18739,3345,9100,2462,15393,609,303,306
6065,18749,3346,9106,2463,15403,609,303,306
6070,18770,3348,9115,2465,15421,610,303,307
6075,18780,3350,9118,2467,15429,610,303,307
6080,18801,3356,9131,2472,15443,611,303,308
6085,18811,3360,9135,2475,15450,611,303,308
6090,18832,3362,9142,2476,15468,612,303,309
6095,18842,3365,9149,2478,15476,612,303,309
6100,18863,3373,9161,2485,15488,613,303,310
6105,18873,3377,9168,2489,15495,613,303,310
6110,18894,3384,9179,2495,15509,614,303,311
6115,18904,3386,9186,2496,15517,614,303,311
6120,18925,3390,9194,2499,15534,615,303,312
6125,18935,3393,9199,2502,15542,615,303,312
6130,18956,3397,9209,2504,15556,616,303,313
6135,18966,3400,9212,2507,15565,616,303,313
6140,18987,3405,9226,2511,15580,617,304,313
6145,18997,3408,9229,2513,15587,617,304,313
6150,19018,3413,9236,2516,15603,618,305,313
6155,19028,3418,9240,2521,15610,618,305,313
6160,19049,3422,9252,2525,15625,619,306,313
6165,19059,3426,9254,2528,15633,619,306,313
6170,19080,3429,9266,2531,15649,620,306,314
6175,19090,3432,9271,2533,15658,620,306,314
6180,19111,3434,9283,2535,15677,621,306,315
6185,19121,3435,9288,2535,15686,621,306,315
6190,19142,3437,9301,2537,15704,622,307,315
6195,19152,3438,9304,2537,15714,622,307,315
6200,19173,3439,9311,2538,15734,623,307,316
6205,19183,3440,9318,2539,15740,623,307,316
6210,19204,3442,9333,2541,15760,624,307,317
6215,19214,3444,9336,2542,15768,624,307,317
6220,19235,3447,9346,2544,15788,625,307,318
6225,19245,3447,9349,2544,15798,625,307,318
6230,19266,3449,9358,2544,15817,626,307,319
6235,19276,3449,9364,2544,15826,626,307,319
6240,19297,3451,9371,2545,15845,627,307,320
6245,19307,3451,9374,2545,15856,627,307,320
6250,19328,3453,9384,2545,15874,628,307,321
6255,19338,3454,9391,2546,15884,628,307,321
6260,19359,3456,9401,2546,15903,629,307,322
6265,19369,3457,9407,2547,15912,629,307,322
6270,19390,3459,9416,2548,15931,630,308,322
6275,19400,3460,9421,2549,15939,630,308,322
6280,19421,3466,9433,2554,15955,631,308,323
6285,19431,3466,9436,2554,15964,631,308,323
6290,19452,3472,9449,2559,15978,632,308,324
6295,19462,3474,9454,2561,15988,632,308,324
6300,19483,3478,9463,2563,16004,633,308,325
6305,19493,3480,9471,2565,16012,633,308,325
6310,19514,3486,9478,2568,16028,634,308,326
6315,19524,3486,9485,2568,16037,634,308,326
6320,19545,3491,9496,2571,16053,635,308,327
6325,19555,3493,9500,2573,16062,635,308,327
6330,19576,3498,9509,2575,16078,636,308,328
6335,19586,3501,9515,2578,16083,636,308,328
6340,19607,3508,9524,2584,16097,637,309,328
6345,19617,3514,9528,2589,16102,637,309,328
6350,19638,3521,9539,2594,16114,638,309,329
6355,19648,3526,9542,2599,16121,638,309,329
6360,19669,3530,9553,2602,16136,639,310,329
6365,19679,3533,9558,2605,16146,639,310,329
6370,19700,3535,9569,2606,16162,640,311,329
6375,19710,3539,9573,2609,16170,640,311,329
6380,19731,3541,9584,2610,16187,641,311,330
6385,19741,3543,9591,2612,16195,641,311,330
6390,19762,3544,9604,2612,16217,642,311,331
6395,19772,3544,9608,2612,16227,642,311,331
6400,19793,3545,9616,2613,16247,643,311,332
6405,19803,3545,9622,2613,16258,643,311,332
6410,19824,3546,9634,2614,16277,644,311,333
6415,19834,3546,9637,2614,16288,644,311,333
6420,19855,3547,9650,2614,16308,645,312,333
6425,19865,3547,9657,2614,16318,645,312,333
6430,19886,3548,9666,2615,16337,646,313,333
6435,19896,3548,9670,2615,16348,646,313,333
6440,19917,3549,9679,2616,16368,647,313,334
6445,19927,3549,9684,2616,16378,647,313,334
6450,19948,3550,9693,2617,16397,648,314,334
6455,19958,3550,9697,2617,16408,648,314,334
6460,19979,3553,9706,2619,16425,649,315,334
6465,19989,3554,9709,2620,16435,649,315,334
6470,20010,3558,9719,2623,16450,650,316,334
6475,20020,3560,9726,2625,16459,650,316,334
6480,20041,3566,9735,2630,16472,651,316,335
6485,20051,3568,9738,2632,16483,651,316,335
6490,20072,3573,9753,2637,16495,652,317,335
6495,20082,3580,9759,2644,16501,652,317,335
6500,20103,3584,9772,2647,16518,653,317,336
6505,20113,3586,9774,2649,16526,653,317,336
6510,20134,3592,9781,2653,16542,654,317,337
6515,20144,3594,9786,2655,16550,654,317,337
6520,20165,3598,9793,2657,16566,655,317,338
6525,20175,3602,9796,2660,16572,655,317,338
6530,20196,3610,9807,2668,16585,656,317,339
6535,20206,3614,9811,2672,16591,656,317,339
6540,20227,3621,9822,2677,16604,657,318,339
6545,20237,3624,9828,2679,16613,657,318,339
6550,20258,3625,9836,2680,16632,658,318,340
6555,20268,3628,9839,2682,16640,658,318,340
6560,20289,3630,9846,2684,16659,659,319,340
6565,20299,3632,9848,2685,16667,659,319,340
6570,20320,3635,9858,2687,16683,660,319,341
6575,20330,3638,9864,2690,16692,660,319,341
6580,20351,3640,9873,2692,16711,661,320,341
6585,20361,3641,9876,2692,16719,661,320,341
6590,20382,3643,9890,2694,16737,662,320,342
6595,20392,3643,9895,2694,16748,662,320,342
6600,20413,3644,9906,2695,16767,663,320,343
6605,20423,3644,9909,2695,16779,663,320,343
6610,20444,3645,9920,2695,16797,664,320,344
6615,20454,3645,9924,2695,16808,664,320,344
6620,20475,3646,9934,2695,16829,665,321,344
6625,20485,3646,9939,2695,16838,665,321,344
6630,20506,3647,9950,2696,16859,666,321,345
6635,20516,3647,9956,2696,16869,666,321,345
6640,20537,3649,9964,2697,16888,667,321,346
6645,20547,3649,9968,2697,16898,667,321,346
6650,20568,3652,9978,2700,16914,668,322,346
6655,20578,3654,9982,2702,16924,668,322,346
6660,20599,3659,9991,2706,16940,669,323,346
6665,20609,3660,10000,2707,16948,669,323,346
6670,20630,3668,10016,2715,16959,670,324,346
6675,20640,3671,10019,2718,16969,670,324,346
6680,20661,3674,10028,2720,16986,671,325,346
6685,20671,3676,10034,2722,16994,671,325,346
6690,20692,3682,10043,2727,17009,672,325,347
6695,20702,3684,10047,2728,17018,672,325,347
6700,20723,3688,10053,2731,17034,673,326,347
6705,20733,3691,10059,2733,17041,673,326,347
6710,20754,3697,10070,2738,17057,674,327,347
6715,20764,3700,10076,2741,17064,674,327,347
6720,20785,3703,10082,2743,17081,675,327,348
6725,20795,3705,10088,2745,17088,675,327,348
6730,20816,3713,10100,2752,17100,676,328,348
6735,20826,3718,10105,2756,17107,676,328,348
6740,20847,3721,10118,2758,17125,677,329,348
6745,20857,3724,10124,2761,17131,677,329,348
6750,20878,3726,10133,2762,17152,678,330,348
6755,20888,3727,10136,2763,17160,678,330,348
6760,20909,3728,10149,2764,17180,679,331,348
6765,20919,3730,10152,2766,17189,679,331,348
6770,20940,3731,10162,2766,17207,680,332,348
6775,20950,3733,10165,2767,17217,680,332,348
6780,20971,3734,10174,2768,17236,681,332,349
6785,20981,3737,10179,2770,17244,681,332,349
6790,21002,3738,10189,2770,17263,682,333,349
6795,21012,3740,10193,2772,17272,682,333,349
6800,21033,3742,10200,2774,17291,683,333,350
6805,21043,3742,10204,2774,17301,683,333,350
6810,21064,3745,10215,2776,17319,684,334,350
6815,21074,3745,10218,2776,17329,684,334,350
6820,21095,3749,10230,2779,17345,685,335,350
6825,21105,3750,10234,2780,17355,685,335,350
6830,21126,3753,10244,2782,17373,686,335,351
6835,21136,3753,10250,2782,17383,686,335,351
6840,21157,3757,10259,2786,17398,687,336,351
6845,21167,3759,10262,2788,17408,687,336,351
6850,21188,3765,10271,2792,17422,688,337,351
6855,21198,3767,10273,2794,17431,688,337,351
6860,21219,3772,10286,2799,17445,689,337,352
6865,21229,3775,10293,2802,17452,689,337,352
6870,21250,3783,10306,2808,17465,690,338,352
6875,21260,3786,10312,2811,17474,690,338,352
6880,21281,3789,10317,2812,17492,691,338,353
6885,21291,3790,10324,2813,17499,691,338,353
6890,21312,3795,10333,2817,17515,692,339,353
6895,21322,3797,10334,2819,17524,692,339,353
6900,21343,3803,10345,2823,17538,693,339,354
6905,21353,3804,10350,2824,17549,693,339,354
6910,21374,3806,10359,2825,17568,694,339,355
6915,21384,3807,10365,2825,17577,694,339,355
6920,21405,3809,10377,2826,17594,695,339,356
6925,21415,3810,10381,2826,17603,695,339,356
6930,21436,3811,10390,2827,17623,696,339,357
6935,21446,3812,10394,2827,17632,696,339,357
6940,21467,3815,10408,2829,17648,697,339,358
6945,21477,3819,10417,2832,17656,697,339,358
6950,21498,3821,10424,2833,17676,698,339,359
6955,21508,3822,10427,2833,17686,698,339,359
6960,21529,3823,10437,2834,17704,699,340,359
6965,21539,3826,10440,2836,17713,699,340,359
6970,21560,3828,10452,2838,17730,700,340,360
6975,21570,3832,10459,2841,17738,700,340,360
6980,21591,3834,10471,2842,17754,701,341,360
6985,21601,3838,10475,2845,17763,701,341,360
6990,21622,3839,10490,2845,17782,702,342,360
6995,21632,3839,10494,2845,17793,702,342,360
7000,21653,3840,10505,2846,17811,703,343,360
7005,21663,3840,10511,2846,17823,703,343,360
7010,21684,3843,10520,2848,17839,704,343,361
7015,21694,3845,10527,2850,17848,704,343,361
7020,21715,3851,10536,2854,17864,705,344,361
7025,21725,3852,10541,2855,17873,705,344,361
7030,21746,3858,10550,2860,17886,706,344,362
7035,21756,3860,10553,2862,17896,706,344,362
7040,21777,3864,10565,2865,17911,707,345,362
7045,21787,3865,10569,2866,17921,707,345,362
7050,21808,3870,10575,2869,17938,708,345,363
7055,21818,3870,10579,2869,17946,708,345,363
7060,21839,3877,10593,2875,17960,709,346,363
7065,21849,3881,10600,2879,17966,709,346,363
7070,21870,3890,10611,2886,17979,710,346,364
7075,21880,3892,10615,2888,17987,710,346,364
7080,21901,3896,10628,2891,18004,711,347,364
7085,21911,3897,10631,2892,18014,711,347,364
7090,21932,3899,10644,2893,18032,712,348,364
7095,21942,3902,10651,2896,18040,712,348,364
7100,21963,3905,10661,2899,18057,713,348,365
7105,21973,3907,10665,2901,18065,713,348,365
7110,21994,3909,10674,2902,18084,714,349,365
7115,22004,3911,10678,2903,18093,714,349,365
7120,22025,3912,10689,2904,18113,715,349,366
7125,22035,3913,10693,2905,18122,715,349,366
7130,22056,3914,10703,2905,18142,716,349,367
7135,22066,3915,10707,2906,18151,716,349,367
7140,22087,3916,10714,2906,18170,717,349,368
7145,22097,3917,10720,2907,18180,717,349,368
7150,22118,3919,10730,2909,18199,718,349,369
7155,22128,3920,10734,2910,18208,718,349,369
7160,22149,3921,10741,2911,18227,719,349,370
7165,22159,3922,10746,2912,18236,719,349,370
7170,22180,3923,10754,2912,18257,720,349,371
7175,22190,3924,10757,2913,18266,720,349,371
7180,22211,3927,10767,2915,18282,721,349,372
7185,22221,3929,10771,2916,18291,721,349,372
7190,22242,3936,10779,2921,18306,722,349,373
7195,22252,3937,10783,2922,18314,722,349,373
7200,22273,3943,10793,2927,18328,723,350,373
7205,22283,3945,10798,2928,18338,723,350,373
7210,22304,3949,10805,2929,18353,724,351,373
7215,22314,3952,10809,2932,18361,724,351,373
7220,22335,3961,10821,2940,18371,725,351,374
7225,22345,3966,10825,2944,18377,725,351,374
7230,22366,3974,10831,2950,18391,726,352,374
7235,22376,3979,10838,2954,18396,726,352,374
7240,22397,3987,10851,2961,18405,727,353,374
7245,22407,3995,10856,2969,18411,727,353,374
7250,22428,3999,10867,2972,18427,728,354,374
7255,22438,3999,10872,2972,18439,728,354,374
7260,22459,4000,10882,2973,18457,729,354,375
7265,22469,4000,10887,2973,18469,729,354,375
7270,22490,4001,10893,2973,18488,730,354,376
7275,22500,4001,10898,2973,18497,730,354,376
7280,22521,4002,10908,2974,18518,731,354,377
7285,22531,4002,10909,2974,18528,731,354,377
7290,22552,4003,10923,2975,18549,732,355,377
7295,22562,4003,10927,2975,18558,732,355,377
7300,22583,4004,10940,2975,18578,733,356,377
7305,22593,4004,10946,2975,18589,733,356,377
7310,22614,4005,10952,2975,18609,734,356,378
7315,22624,4005,10959,2975,18619,734,356,378
7320,22645,4006,10972,2976,18639,735,356,379
7325,22655,4006,10976,2976,18649,735,356,379
7330,22676,4007,10987,2977,18669,736,357,379
7335,22686,4007,10992,2977,18679,736,357,379
7340,22707,4008,11000,2977,18699,737,358,379
7345,22717,4008,11005,2977,18709,737,358,379
7350,22738,4009,11014,2977,18729,738,358,380
7355,22748,4010,11019,2978,18738,738,358,380
7360,22769,4014,11032,2981,18754,739,358,381
7365,22779,4016,11036,2982,18763,739,358,381
7370,22800,4021,11046,2984,18775,740,359,381
7375,22810,4026,11050,2989,18783,740,359,381
7380,22831,4031,11061,2993,18798,741,359,382
7385,22841,4035,11066,2997,18806,741,359,382
7390,22862,4039,11078,2999,18821,742,360,382
7395,22872,4042,11083,3001,18830,742,360,382
7400,22893,4046,11095,3004,18847,743,361,382
7405,22903,4048,11101,3006,18855,743,361,382
7410,22924,4052,11112,3007,18869,744,362,382
7415,22934,4056,11116,3011,18877,744,362,382
7420,22955,4063,11131,3017,18889,745,362,383
7425,22965,4067,11133,3021,18898,745,362,383
7430,22986,4075,11144,3027,18910,746,363,383
7435,22996,4077,11151,3029,18919,746,363,383
7440,23017,4080,11160,3030,18934,747,364,383
7445,23027,4082,11167,3032,18944,747,364,383
7450,23048,4087,11175,3036,18961,748,365,383
7455,23058,4089,11180,3038,18969,748,365,383
7460,23079,4092,11189,3039,18986,749,366,383
7465,23089,4094,11193,3040,18993,749,366,383
7470,23110,4101,11206,3046,19007,750,366,384
7475,23120,4105,11210,3049,19014,750,366,384
7480,23141,4108,11219,3052,19032,751,367,384
7485,23151,4111,11224,3054,19039,751,367,384
7490,23172,4112,11234,3054,19058,752,368,384
7495,23182,4114,11238,3055,19066,752,368,384
7500,23203,4116,11242,3057,19087,753,369,384
7505,23213,4117,11249,3058,19096,753,369,384
7510,23234,4118,11258,3058,19115,754,370,384
7515,23244,4119,11259,3058,19125,754,370,384
7520,23265,4121,11273,3060,19142,755,370,385
7525,23275,4123,11278,3061,19152,755,370,385
7530,23296,4124,11291,3061,19171,756,371,385
7535,23306,4126,11296,3063,19180,756,371,385
7540,23327,4129,11304,3064,19197,757,372,385
7545,23337,4130,11310,3065,19207,757,372,385
7550,23358,4133,11319,3068,19225,758,372,386
7555,23368,4133,11322,3068,19235,758,372,386
7560,23389,4136,11330,3070,19253,759,372,387
7565,23399,4136,11333,3070,19263,759,372,387
7570,23420,4139,11344,3073,19281,760,372,388
7575,23430,4139,11350,3073,19291,760,372,388
7580,23451,4141,11363,3074,19310,761,372,389
7585,23461,4141,11365,3074,19320,761,372,389
7590,23482,4144,11376,3076,19337,762,373,389
7595,23492,4145,11380,3077,19347,762,373,389
7600,23513,4149,11391,3080,19363,763,374,389
7605,23523,4150,11397,3081,19372,763,374,389
7610,23544,4154,11408,3085,19390,764,375,389
7615,23554,4154,11413,3085,19400,764,375,389
7620,23575,4159,11423,3090,19416,765,375,390
7625,23585,4159,11427,3090,19426,765,375,390
7630,23606,4164,11439,3092,19442,766,376,390
7635,23616,4165,11443,3093,19449,766,376,390
7640,23637,4173,11453,3099,19463,767,376,391
7645,23647,4176,11460,3102,19470,767,376,391
7650,23668,4182,11468,3107,19485,768,376,392
7655,23678,4184,11473,3109,19493,768,376,392
7660,23699,4190,11481,3113,19508,769,377,392
7665,23709,4193,11485,3115,19516,769,377,392
7670,23730,4198,11495,3119,19531,770,378,392
7675,23740,4200,11499,3120,19539,770,378,392
7680,23761,4205,11505,3122,19555,771,379,392
7685,23771,4208,11508,3124,19563,771,379,392
7690,23792,4210,11513,3125,19581,772,380,392
7695,23802,4213,11519,3128,19588,772,380,392
7700,23823,4215,11533,3130,19608,773,381,392
7705,23833,4216,11538,3131,19616,773,381,392
7710,23854,4218,11550,3133,19634,774,382,392
7715,23864,4219,11556,3133,19642,774,382,392
7720,23885,4222,11571,3136,19660,775,382,393
7725,23895,4225,11573,3138,19669,775,382,393
7730,23916,4228,11586,3141,19685,776,383,393
7735,23926,4232,11592,3145,19694,776,383,393
7740,23947,4235,11604,3148,19711,777,384,393
7745,23957,4237,11607,3149,19720,777,384,393
7750,23978,4238,11615,3150,19739,778,385,393
7755,23988,4241,11623,3152,19747,778,385,393
7760,24009,4242,11634,3152,19765,779,386,393
7765,24019,4242,11638,3152,19777,779,386,393
7770,24040,4243,11652,3152,19796,780,386,394
7775,24050,4243,11657,3152,19807,780,386,394
7780,24071,4244,11664,3153,19825,781,386,395
7785,24081,4245,11667,3154,19835,781,386,395
7790,24102,4248,11677,3155,19853,782,387,395
7795,24112,4248,11681,3155,19864,782,387,395
7800,24133,4251,11689,3158,19880,783,387,396
7805,24143,4254,11693,3161,19889,783,387,396
7810,24164,4257,11700,3161,19906,784,387,397
7815,24174,4258,11703,3162,19915,784,387,397
7820,24195,4262,11715,3165,19931,785,388,397
7825,24205,4264,11717,3167,19940,785,388,397
7830,24226,4269,11727,3171,19956,786,389,397
7835,24236,4271,11729,3173,19965,786,389,397
7840,24257,4275,11740,3177,19980,787,390,397
7845,24267,4279,11745,3181,19987,787,390,397
7850,24288,4285,11754,3187,20003,788,391,397
7855,24298,4285,11759,3187,20011,788,391,397
7860,24319,4294,11771,3195,20023,789,391,398
7865,24329,4297,11776,3198,20031,789,391,398
7870,24350,4301,11787,3201,20049,790,392,398
7875,24360,4303,11792,3202,20055,790,392,398
7880,24381,4308,11805,3205,20069,791,393,398
7885,24391,4311,11810,3208,20079,791,393,398
7890,24412,4313,11819,3209,20099,792,394,398
7895,24422,4314,11822,3210,20108,792,394,398
7900,24443,4315,11831,3211,20127,793,395,398
7905,24453,4317,11835,3212,20136,793,395,398
7910,24474,4319,11845,3213,20153,794,396,398
7915,24484,4321,11847,3214,20163,794,396,398
7920,24505,4324,11862,3216,20178,795,396,399
7925,24515,4328,11866,3219,20187,795,396,399
7930,24536,4330,11877,3220,20204,796,396,400
7935,24546,4333,11884,3223,20213,796,396,400
7940,24567,4335,11892,3224,20231,797,397,400
7945,24577,4337,11897,3226,20240,797,397,400
7950,24598,4339,11904,3227,20257,798,398,400
7955,24608,4340,11908,3228,20268,798,398,400
7960,24629,4341,11918,3228,20287,799,398,401
7965,24639,4341,11920,3228,20297,799,398,401
7970,24660,4345,11931,3231,20315,800,398,402
7975,24670,4345,11933,3231,20324,800,398,402
7980,24691,4348,11941,3234,20343,801,398,403
7985,24701,4348,11949,3234,20352,801,398,403
7990,24722,4351,11961,3237,20370,802,399,403
7995,24732,4351,11966,3237,20380,802,399,403
8000,24753,4355,11977,3239,20396,803,399,404
8005,24763,4357,11981,3241,20406,803,399,404
8010,24784,4361,11990,3244,20423,804,399,405
8015,24794,4362,11998,3245,20430,804,399,405
8020,24815,4368,12009,3249,20446,805,400,405
8025,24825,4370,12014,3251,20453,805,400,405
8030,24846,4376,12026,3255,20470,806,400,406
8035,24856,4376,12031,3255,20480,806,400,406
8040,24877,4378,12041,3255,20499,807,401,406
8045,24887,4378,12042,3255,20509,807,401,406
8050,24908,4380,12053,3256,20528,808,402,406
8055,24918,4381,12058,3257,20537,808,402,406
8060,24939,4384,12066,3259,20555,809,403,406
8065,24949,4385,12069,3259,20564,809,403,406
8070,24970,4388,12081,3262,20582,810,404,406
8075,24980,4389,12083,3262,20591,810,404,406
8080,25001,4392,12088,3263,20609,811,404,407
8085,25011,4394,12090,3265,20617,811,404,407
8090,25032,4398,12097,3267,20633,812,405,407
8095,25042,4402,12103,3271,20639,812,405,407
8100,25063,4405,12112,3273,20657,813,406,407
8105,25073,4408,12116,3275,20664,813,406,407
8110,25094,4413,12128,3279,20678,814,406,408
8115,25104,4417,12131,3282,20686,814,406,408
8120,25125,4420,12145,3284,20701,815,407,408
8125,25135,4426,12150,3289,20709,815,407,408
8130,25156,4429,12159,3291,20724,816,407,409
8135,25166,4433,12166,3295,20732,816,407,409
8140,25187,4438,12175,3297,20748,817,408,409
8145,25197,4440,12178,3299,20757,817,408,409
8150,25218,4444,12189,3301,20771,818,409,409
8155,25228,4446,12195,3303,20781,818,409,409
8160,25249,4450,12204,3306,20795,819,410,409
8165,25259,4454,12208,3310,20805,819,410,409
8170,25280,4459,12219,3313,20819,820,410,410
8175,25290,4460,12220,3314,20829,820,410,410
8180,25311,4463,12227,3315,20848,821,411,410
8185,25321,4463,12232,3315,20858,821,411,410
8190,25342,4465,12242,3316,20875,822,411,411
8195,25352,4465,12246,3316,20886,822,411,411
8200,25373,4468,12255,3318,20903,823,411,412
8205,25383,4468,12259,3318,20915,823,411,412
8210,25404,4470,12267,3319,20934,824,411,413
8215,25414,4471,12273,3320,20942,824,411,413
8220,25435,4474,12280,3322,20960,825,411,414
8225,25445,4474,12282,3322,20970,825,411,414
8230,25466,4478,12290,3325,20988,826,411,415
8235,25476,4480,12297,3327,20994,826,411,415
8240,25497,4485,12304,3332,21011,827,412,415
8245,25507,4486,12309,3333,21018,827,412,415
8250,25528,4491,12319,3337,21037,828,412,416
8255,25538,4492,12323,3338,21046,828,412,416
8260,25559,4493,12333,3338,21065,829,412,417
8265,25569,4494,12336,3338,21073,829,412,417
8270,25590,4495,12347,3338,21094,830,413,417
8275,25600,4496,12351,3339,21104,830,413,417
8280,25621,4502,12362,3344,21117,831,414,417
8285,25631,4505,12369,3346,21125,831,414,417
8290,25652,4510,12381,3350,21140,832,414,418
8295,25662,4513,12387,3352,21149,832,414,418
8300,25683,4518,12399,3356,21164,833,415,418
8305,25693,4521,12404,3358,21172,833,415,418
8310,25714,4524,12418,3361,21189,834,416,418
8315,25724,4526,12420,3362,21198,834,416,418
8320,25745,4529,12427,3364,21216,835,416,419
8325,25755,4532,12432,3366,21223,835,416,419
8330,25776,4535,12440,3367,21239,836,417,419
8335,25786,4539,12447,3370,21247,836,417,419
8340,25807,4540,12462,3371,21265,837,418,419
8345,25817,4542,12466,3372,21275,837,418,419
8350,25838,4543,12476,3372,21294,838,418,420
8355,25848,4545,12481,3373,21302,838,418,420
8360,25869,4548,12489,3374,21320,839,419,420
8365,25879,4550,12494,3376,21329,839,419,420
8370,25900,4553,12501,3378,21347,840,419,421
8375,25910,4554,12506,3379,21355,840,419,421
8380,25931,4559,12517,3383,21369,841,419,422
8385,25941,4565,12521,3388,21375,841,419,422
8390,25962,4570,12531,3392,21390,842,420,422
8395,25972,4574,12536,3396,21398,842,420,422
8400,25993,4579,12546,3399,21413,843,420,423
8405,26003,4582,12552,3402,21420,843,420,423
8410,26024,4586,12564,3405,21437,844,420,424
8415,26034,4586,12569,3405,21445,844,420,424
8420,26055,4587,12582,3406,21467,845,421,424
8425,26065,4587,12585,3406,21478,845,421,424
8430,26086,4588,12594,3406,21497,846,421,425
8435,26096,4588,12600,3406,21506,846,421,425
8440,26117,4592,12608,3409,21525,847,422,425
8445,26127,4592,12611,3409,21534,847,422,425
8450,26148,4594,12619,3410,21552,848,422,426
8455,26158,4596,12624,3412,21562,848,422,426
8460,26179,4598,12632,3413,21578,849,422,427
8465,26189,4601,12638,3416,21588,849,422,427
8470,26210,4604,12651,3418,21604,850,423,427
8475,26220,4607,12659,3421,21613,850,423,427
8480,26241,4612,12670,3425,21627,851,423,428
8485,26251,4614,12675,3427,21637,851,423,428
8490,26272,4615,12687,3427,21655,852,424,428
8495,26282,4615,12691,3427,21667,852,424,428
8500,26303,4616,12702,3427,21686,853,425,428
8505,26313,4617,12708,3427,21696,853,425,428
8510,26334,4619,12717,3429,21714,854,426,428
8515,26344,4620,12724,3429,21723,854,426,428
8520,26365,4624,12733,3431,21739,855,426,429
8525,26375,4625,12736,3432,21750,855,426,429
8530,26396,4628,12745,3434,21767,856,427,429
8535,26406,4630,12752,3436,21776,856,427,429
8540,26427,4633,12765,3439,21793,857,427,430
8545,26437,4635,12771,3441,21800,857,427,430
8550,26458,4640,12780,3445,21816,858,427,431
8555,26468,4642,12783,3446,21825,858,427,431
8560,26489,4646,12794,3448,21842,859,428,431
8565,26499,4649,12801,3451,21848,859,428,431
8570,26520,4657,12809,3458,21861,860,428,432
8575,26530,4661,12816,3462,21867,860,428,432
8580,26551,4664,12828,3465,21884,861,429,432
8585,26561,4667,12830,3467,21893,861,429,432
8590,26582,4670,12838,3469,21911,862,430,432
8595,26592,4673,12845,3472,21918,862,430,432
8600,26613,4678,12854,3475,21934,863,431,432
8605,26623,4680,12860,3477,21943,863,431,432
8610,26644,4685,12869,3481,21959,864,432,432
8615,26654,4687,12875,3482,21967,864,432,432
8620,26675,4691,12884,3484,21982,865,432,433
8625,26685,4695,12890,3488,21989,865,432,433
8630,26706,4699,12899,3490,22007,866,433,433
8635,26716,4699,12904,3490,22016,866,433,433
8640,26737,4702,12915,3492,22035,867,434,433
8645,26747,4702,12920,3492,22045,867,434,433
8650,26768,4706,12933,3496,22061,868,435,433
8655,26778,4706,12938,3496,22072,868,435,433
8660,26799,4711,12951,3501,22087,869,435,434
8665,26809,4711,12957,3501,22098,869,435,434
8670,26830,4715,12967,3504,22114,870,436,434
8675,26840,4715,12974,3504,22125,870,436,434
8680,26861,4717,12990,3506,22143,871,437,434
8685,26871,4717,12996,3506,22153,871,437,434
8690,26892,4722,13002,3508,22170,872,437,435
8695,26902,4722,13007,3508,22179,872,437,435
8700,26923,4726,13016,3510,22196,873,437,436
8705,26933,4728,13022,3512,22204,873,437,436
8710,26954,4732,13033,3514,22220,874,437,437
8715,26964,4735,13038,3517,22228,874,437,437
8720,26985,4739,13049,3519,22245,875,438,437
8725,26995,4741,13053,3521,22253,875,438,437
8730,27016,4747,13064,3524,22268,876,438,438
8735,27026,4750,13069,3527,22275,876,438,438
8740,27047,4755,13083,3532,22290,877,439,438
8745,27057,4757,13090,3534,22298,877,439,438
8750,27078,4758,13103,3534,22319,878,439,439
8755,27088,4759,13106,3534,22329,878,439,439
8760,27109,4761,13120,3536,22347,879,439,440
8765,27119,4762,13125,3537,22357,879,439,440
8770,27140,4764,13137,3539,22376,880,440,440
8775,27150,4765,13140,3539,22385,880,440,440
8780,27171,4766,13153,3539,22403,881,441,440
8785,27181,4769,13158,3542,22412,881,441,440
8790,27202,4771,13163,3544,22431,882,442,440
8795,27212,4772,13169,3545,22440,882,442,440
8800,27233,4773,13181,3546,22459,883,443,440
8805,27243,4775,13187,3547,22468,883,443,440
8810,27264,4776,13198,3548,22487,884,444,440
8815,27274,4777,13203,3549,22497,884,444,440
8820,27295,4779,13215,3550,22516,885,445,440
8825,27305,4780,13220,3551,22525,885,445,440
8830,27326,4781,13229,3551,22544,886,446,440
8835,27336,4782,13232,3552,22554,886,446,440
8840,27357,4785,13241,3554,22570,887,446,441
8845,27367,4790,13248,3558,22577,887,446,441
8850,27388,4795,13258,3562,22590,888,447,441
8855,27398,4800,13263,3567,22597,888,447,441
8860,27419,4805,13269,3569,22613,889,448,441
8865,27429,4807,13273,3571,22621,889,448,441
8870,27450,4813,13283,3575,22635,890,448,442
8875,27460,4816,13286,3577,22644,890,448,442
8880,27481,4821,13293,3580,22658,891,448,443
8885,27491,4824,13298,3583,22667,891,448,443
8890,27512,4829,13309,3587,22682,892,448,444
8895,27522,4831,13315,3589,22690,892,448,444
8900,27543,4837,13322,3592,22705,893,448,445
8905,27553,4838,13327,3593,22713,893,448,445
8910,27574,4844,13333,3597,22730,894,449,445
8915,27584,4845,13337,3598,22737,894,449,445
8920,27605,4853,13347,3606,22751,895,450,445
8925,27615,4853,13348,3606,22762,895,450,445
8930,27636,4855,13355,3607,22780,896,451,445
8935,27646,4855,13359,3607,22790,896,451,445
8940,27667,4859,13370,3610,22806,897,451,446
8945,27677,4862,13375,3613,22813,897,451,446
8950,27698,4864,13386,3615,22834,898,451,447
8955,27708,4864,13390,3615,22844,898,451,447
8960,27729,4865,13396,3615,22864,899,451,448
8965,27739,4865,13400,3615,22874,899,451,448
8970,27760,4866,13407,3615,22894,900,451,449
8975,27770,4866,13416,3615,22902,900,451,449
8980,27791,4867,13427,3615,22923,901,451,450
8985,27801,4867,13430,3615,22934,901,451,450
8990,27822,4869,13438,3616,22952,902,451,451
8995,27832,4870,13442,3616,22962,902,451,451
9000,27853,4871,13454,3616,22980,903,452,451
9005,27863,4872,13457,3616,22991,903,452,451
9010,27884,4874,13468,3617,23009,904,452,452
9015,27894,4875,13475,3617,23019,904,452,452
9020,27915,4876,13487,3618,23038,905,452,453
9025,27925,4877,13491,3618,23048,905,452,453
9030,27946,4879,13503,3619,23065,906,453,453
9035,27956,4881,13508,3621,23075,906,453,453
9040,27977,4885,13519,3625,23090,907,454,453
9045,27987,4887,13522,3626,23100,907,454,453
9050,28008,4891,13531,3629,23117,908,454,454
9055,28018,4892,13536,3630,23126,908,454,454
9060,28039,4895,13544,3630,23143,909,455,454
9065,28049,4896,13552,3631,23152,909,455,454
9070,28070,4902,13561,3636,23168,910,456,454
9075,28080,4904,13564,3637,23176,910,456,454
9080,28101,4908,13574,3639,23193,911,457,454
9085,28111,4910,13577,3641,23201,911,457,454
9090,28132,4913,13584,3642,23219,912,458,454
9095,28142,4915,13588,3644,23227,912,458,454
9100,28163,4919,13598,3646,23242,913,458,455
9105,28173,4922,13602,3648,23250,913,458,455
9110,28194,4928,13616,3653,23263,914,459,455
9115,28204,4933,13621,3658,23270,914,459,455
9120,28225,4937,13628,3661,23288,915,460,455
9125,28235,4939,13634,3662,23293,915,460,455
9130,28256,4948,13645,3669,23306,916,461,455
9135,28266,4951,13647,3671,23315,916,461,455
9140,28287,4954,13660,3674,23330,917,462,455
9145,28297,4959,13665,3678,23337,917,462,455
9150,28318,4963,13674,3680,23353,918,462,456
9155,28328,4966,13677,3683,23362,918,462,456
9160,28349,4968,13682,3683,23378,919,462,457
9165,28359,4974,13687,3688,23385,919,462,457
9170,28380,4976,13695,3688,23402,920,462,458
9175,28390,4979,13700,3691,23410,920,462,458
9180,28411,4981,13708,3691,23428,921,462,459
9185,28421,4982,13711,3692,23439,921,462,459
9190,28442,4985,13723,3694,23456,922,462,460
9195,28452,4985,13727,3694,23467,922,462,460
9200,28473,4988,13739,3695,23483,923,462,461
9205,28483,4991,13744,3698,23492,923,462,461
9210,28504,4993,13753,3699,23511,924,463,461
9215,28514,4994,13760,3700,23520,924,463,461
9220,28535,4995,13773,3701,23538,925,464,461
9225,28545,4995,13778,3701,23550,925,464,461
9230,28566,4996,13786,3701,23570,926,464,462
9235,28576,4996,13790,3701,23579,926,464,462
9240,28597,4999,13797,3703,23597,927,465,462
9245,28607,4999,13804,3703,23608,927,465,462
9250,28628,5001,13816,3704,23625,928,466,462
9255,28638,5001,13819,3704,23637,928,466,462
9260,28659,5005,13824,3707,23653,929,466,463
9265,28669,5006,13830,3708,23662,929,466,463
9270,28690,5011,13840,3712,23677,930,467,463
9275,28700,5013,13845,3714,23686,930,467,463
9280,28721,5017,13856,3716,23703,931,468,463
9285,28731,5020,13864,3719,23707,931,468,463
9290,28752,5027,13874,3726,23724,932,468,464
9295,28762,5029,13880,3728,23732,932,468,464
9300,28783,5032,13889,3731,23750,933,468,465
9305,28793,5035,13896,3734,23758,933,468,465
9310,28814,5037,13905,3735,23776,934,468,466
9315,28824,5039,13909,3737,23785,934,468,466
9320,28845,5041,13917,3739,23804,935,468,467
9325,28855,5044,13922,3741,23811,935,468,467
9330,28876,5050,13935,3746,23824,936,468,468
9335,28886,5054,13937,3749,23832,936,468,468
9340,28907,5058,13944,3752,23849,937,468,469
9345,28917,5061,13949,3754,23856,937,468,469
9350,28938,5065,13959,3756,23869,938,468,470
9355,28948,5072,13964,3762,23876,938,468,470
9360,28969,5076,13976,3766,23891,939,469,470
9365,28979,5078,13977,3768,23901,939,469,470
9370,29000,5080,13986,3770,23919,940,470,470
9375,29010,5081,13989,3771,23929,940,470,470
9380,29031,5082,13994,3771,23949,941,470,471
9385,29041,5082,13996,3771,23959,941,470,471
9390,29062,5083,14009,3772,23979,942,471,471
9395,29072,5083,14014,3772,23989,942,471,471
9400,29093,5085,14023,3773,24008,943,472,471
9405,29103,5085,14027,3773,24017,943,472,471
9410,29124,5088,14041,3775,24034,944,473,471
9415,29134,5089,14048,3776,24044,944,473,471
9420,29155,5092,14054,3777,24063,945,473,472
9425,29165,5092,14061,3777,24072,945,473,472
9430,29186,5096,14072,3781,24089,946,473,473
9435,29196,5097,14076,3782,24097,946,473,473
9440,29217,5102,14091,3787,24113,947,474,473
9445,29227,5103,14097,3788,24122,947,474,473
9450,29248,5108,14108,3792,24140,948,474,474
9455,29258,5109,14113,3793,24149,948,474,474
9460,29279,5111,14125,3795,24168,949,475,474
9465,29289,5113,14130,3796,24175,949,475,474
9470,29310,5119,14138,3800,24191,950,476,474
9475,29320,5120,14142,3801,24200,950,476,474
9480,29341,5123,14151,3803,24217,951,476,475
9485,29351,5125,14155,3805,24226,951,476,475
9490,29372,5127,14166,3807,24243,952,477,475
9495,29382,5130,14169,3809,24252,952,477,475
9500,29403,5132,14178,3809,24268,953,477,476
9505,29413,5136,14181,3812,24277,953,477,476
9510,29434,5138,14193,3813,24293,954,477,477
9515,29444,5142,14200,3816,24300,954,477,477
9520,29465,5148,14212,3821,24314,955,477,478
9525,29475,5154,14216,3826,24320,955,477,478
9530,29496,5160,14227,3831,24334,956,477,479
9535,29506,5163,14232,3834,24342,956,477,479
9540,29527,5164,14247,3835,24360,957,478,479
9545,29537,5168,14255,3839,24369,957,478,479
9550,29558,5169,14264,3840,24388,958,479,479
9555,29568,5171,14268,3841,24397,958,479,479
9560,29589,5173,14277,3842,24415,959,480,479
9565,29599,5176,14282,3844,24423,959,480,479
9570,29620,5178,14292,3845,24441,960,480,480
9575,29630,5179,14297,3846,24450,960,480,480
9580,29651,5182,14309,3847,24469,961,480,481
9585,29661,5182,14316,3847,24478,961,480,481
9590,29682,5185,14329,3849,24496,962,480,482
9595,29692,5186,14332,3850,24505,962,480,482
9600,29713,5189,14343,3852,24523,963,480,483
9605,29723,5190,14347,3853,24532,963,480,483
9610,29744,5194,14359,3856,24549,964,481,483
9615,29754,5195,14362,3857,24559,964,481,483
9620,29775,5197,14376,3859,24577,965,481,484
9625,29785,5198,14383,3860,24586,965,481,484
9630,29806,5201,14396,3863,24604,966,482,484
9635,29816,5202,14398,3864,24614,966,482,484
9640,29837,5208,14410,3869,24628,967,483,484
9645,29847,5212,14418,3873,24633,967,483,484
9650,29868,5219,14425,3877,24648,968,483,485
9655,29878,5220,14429,3878,24658,968,483,485
9660,29899,5224,14440,3880,24672,969,483,486
9665,29909,5227,14444,3883,24682,969,483,486
9670,29930,5230,14456,3884,24698,970,483,487
9675,29940,5231,14459,3885,24709,970,483,487
9680,29961,5235,14471,3889,24725,971,484,487
9685,29971,5238,14475,3892,24733,971,484,487
9690,29992,5240,14487,3893,24751,972,485,487
9695,30002,5241,14493,3894,24761,972,485,487
9700,30023,5242,14506,3895,24780,973,485,488
9705,30033,5243,14512,3896,24790,973,485,488
9710,30054,5244,14518,3896,24809,974,485,489
9715,30064,5245,14525,3897,24819,974,485,489
9720,30085,5247,14532,3898,24837,975,485,490
9725,30095,5248,14538,3898,24847,975,485,490
9730,30116,5250,14551,3899,24863,976,485,491
9735,30126,5253,14553,3901,24873,976,485,491
9740,30147,5255,14562,3902,24890,977,485,492
9745,30157,5257,14566,3903,24900,977,485,492
9750,30178,5258,14574,3904,24919,978,485,493
9755,30188,5259,14580,3905,24929,978,485,493
9760,30209,5264,14591,3910,24943,979,485,494
9765,30219,5267,14593,3912,24951,979,485,494
9770,30240,5272,14604,3916,24965,980,486,494
9775,30250,5277,14607,3920,24971,980,486,494
9780,30271,5282,14616,3924,24989,981,487,494
9785,30281,5283,14621,3925,24997,981,487,494
9790,30302,5289,14631,3928,25010,982,488,494
9795,30312,5293,14635,3931,25017,982,488,494
9800,30333,5300,14646,3936,25030,983,489,494
9805,30343,5305,14651,3941,25037,983,489,494
9810,30364,5311,14661,3946,25050,984,490,494
9815,30374,5316,14664,3950,25058,984,490,494
9820,30395,5320,14675,3953,25072,985,490,495
9825,30405,5326,14679,3958,25079,985,490,495
9830,30426,5328,14692,3960,25097,986,491,495
9835,30436,5330,14698,3962,25106,986,491,495
9840,30457,5332,14706,3963,25125,987,491,496
9845,30467,5333,14708,3964,25134,987,491,496
9850,30488,5335,14720,3964,25152,988,492,496
9855,30498,5336,14724,3965,25162,988,492,496
9860,30519,5338,14732,3966,25181,989,492,497
9865,30529,5339,14740,3967,25190,989,492,497
9870,30550,5341,14747,3967,25208,990,492,498
9875,30560,5342,14753,3968,25218,990,492,498
9880,30581,5343,14767,3969,25238,991,493,498
9885,30591,5343,14775,3969,25248,991,493,498
9890,30612,5344,14788,3969,25266,992,494,498
9895,30622,5344,14793,3969,25278,992,494,498
9900,30643,5345,14805,3970,25297,993,495,498
9905,30653,5345,14809,3970,25308,993,495,498
9910,30674,5346,14822,3970,25327,994,496,498
9915,30684,5346,14829,3970,25336,994,496,498
9920,30705,5350,14840,3973,25355,995,496,499
9925,30715,5351,14843,3974,25364,995,496,499
9930,30736,5353,14850,3974,25383,996,497,499
9935,30746,5354,14851,3974,25391,996,497,499
9940,30767,5358,14865,3977,25409,997,498,499
9945,30777,5360,14870,3979,25416,997,498,499
9950,30798,5367,14882,3985,25431,998,498,500
9955,30808,5370,14887,3987,25437,998,498,500
9960,30829,5376,14898,3991,25452,999,498,501
9965,30839,5378,14902,3992,25461,999,498,501
9970,30860,5380,14911,3994,25480,1000,498,502
9975,30870,5381,14916,3995,25489,1000,498,502
9980,30891,5382,14924,3996,25509,1001,499,502
9985,30901,5383,14929,3997,25518,1001,499,502
9990,30922,5388,14942,4002,25533,1002,500,502
9995,30932,5391,14947,4004,25541,1002,500,502
10000,30953,5396,14956,4008,25557,1003,501,502
10005,30963,5398,14961,4009,25565,1003,501,502
10010,30984,5401,14971,4012,25582,1004,501,503
10015,30994,5404,14979,4015,25588,1004,501,503
10020,31015,5410,14992,4020,25602,1005,502,503
10025,31025,5414,14998,4024,25611,1005,502,503
10030,31046,5418,15007,4027,25625,1006,503,503
10035,31056,5421,15010,4029,25635,1006,503,503
10040,31077,5423,15020,4029,25653,1007,504,503
10045,31087,5425,15025,4031,25662,1007,504,503
10050,31108,5428,15033,4034,25678,1008,504,504
10055,31118,5432,15038,4038,25686,1008,504,504
10060,31139,5435,15047,4040,25704,1009,505,504
10065,31149,5438,15052,4042,25711,1009,505,504
10070,31170,5443,15060,4046,25726,1010,505,505
10075,31180,5445,15063,4047,25734,1010,505,505
10080,31201,5449,15070,4048,25749,1011,506,505
10085,31211,5451,15073,4050,25760,1011,506,505
10090,31232,5453,15078,4051,25778,1012,506,506
10095,31242,5453,15084,4051,25787,1012,506,506
10100,31263,5459,15097,4056,25802,1013,507,506
10105,31273,5461,15102,4058,25811,1013,507,506
10110,31294,5465,15116,4062,25828,1014,508,506
10115,31304,5466,15120,4063,25838,1014,508,506
10120,31325,5469,15130,4064,25854,1015,509,506
10125,31335,5470,15135,4065,25865,1015,509,506
10130,31356,5472,15145,4066,25881,1016,509,507
10135,31366,5475,15149,4069,25889,1016,509,507
10140,31387,5479,15157,4073,25907,1017,509,508
10145,31397,5479,15163,4073,25917,1017,509,508
10150,31418,5480,15172,4074,25938,1018,509,509
10155,31428,5480,15175,4074,25947,1018,509,509
10160,31449,5481,15185,4075,25968,1019,510,509
10165,31459,5481,15188,4075,25978,1019,510,509
10170,31480,5482,15206,4075,25998,1020,511,509
10175,31490,5482,15208,4075,26008,1020,511,509
10180,31511,5483,15217,4075,26028,1021,512,509
10185,31521,5483,15222,4075,26038,1021,512,509
10190,31542,5485,15231,4077,26057,1022,513,509
10195,31552,5487,15236,4078,26065,1022,513,509
10200,31573,5489,15244,4079,26082,1023,513,510
10205,31583,5492,15248,4082,26091,1023,513,510
10210,31604,5497,15262,4085,26104,1024,514,510
10215,31614,5501,15266,4088,26113,1024,514,510
10220,31635,5504,15274,4090,26129,1025,514,511
10225,31645,5507,15277,4092,26138,1025,514,511
10230,31666,5509,15287,4093,26156,1026,514,512
10235,31676,5511,15292,4095,26165,1026,514,512
10240,31697,5514,15300,4098,26181,1027,514,513
10245,31707,5517,15303,4101,26190,1027,514,513
10250,31728,5520,15320,4104,26206,1028,515,513
10255,31738,5522,15325,4106,26215,1028,515,513
10260,31759,5527,15335,4109,26231,1029,516,513
10265,31769,5528,15342,4109,26240,1029,516,513
10270,31790,5533,15351,4113,26255,1030,517,513
10275,31800,5536,15354,4116,26263,1030,517,513
10280,31821,5541,15362,4120,26278,1031,517,514
10285,31831,5543,15369,4121,26286,1031,517,514
10290,31852,5550,15379,4128,26300,1032,517,515
10295,31862,5552,15381,4129,26310,1032,517,515
10300,31883,5558,15391,4134,26322,1033,517,516
10305,31893,5563,15396,4138,26328,1033,517,516
10310,31914,5568,15408,4143,26344,1034,518,516
10315,31924,5571,15412,4145,26352,1034,518,516
10320,31945,5574,15423,4148,26368,1035,518,517
10325,31955,5575,15430,4149,26380,1035,518,517
10330,31976,5576,15441,4150,26400,1036,518,518
10335,31986,5576,15445,4150,26410,1036,518,518
10340,32007,5577,15456,4151,26430,1037,518,519
10345,32017,5577,15458,4151,26440,1037,518,519
10350,32038,5578,15470,4151,26459,1038,518,520
10355,32048,5578,15476,4151,26468,1038,518,520
10360,32069,5579,15488,4152,26489,1039,518,521
10365,32079,5579,15495,4152,26498,1039,518,521
10370,32100,5582,15503,4153,26517,1040,518,522
10375,32110,5582,15509,4153,26527,1040,518,522
10380,32131,5584,15514,4154,26547,1041,518,523
10385,32141,5584,15519,4154,26557,1041,518,523
10390,32162,5586,15532,4155,26576,1042,518,524
10395,32172,5586,15536,4155,26586,1042,518,524
10400,32193,5588,15544,4156,26605,1043,518,525
10405,32203,5588,15550,4156,26615,1043,518,525
10410,32224,5591,15561,4157,26633,1044,519,525
10415,32234,5591,15564,4157,26643,1044,519,525
10420,32255,5594,15576,4160,26661,1045,519,526
10425,32265,5594,15582,4160,26671,1045,519,526
10430,32286,5598,15595,4163,26685,1046,520,526
10435,32296,5603,15599,4167,26693,1046,520,526
10440,32317,5607,15608,4168,26708,1047,521,526
10445,32327,5611,15612,4171,26715,1047,521,526
10450,32348,5616,15620,4173,26730,1048,522,526
10455,32358,5619,15624,4175,26738,1048,522,526
10460,32379,5625,15633,4178,26753,1049,523,526
10465,32389,5627,15637,4179,26761,1049,523,526
10470,32410,5632,15651,4183,26776,1050,524,526
10475,32420,5637,15657,4187,26783,1050,524,526
10480,32441,5641,15668,4190,26797,1051,524,527
10485,32451,5645,15673,4194,26805,1051,524,527
10490,32472,5652,15686,4201,26817,1052,524,528
10495,32482,5657,15693,4205,26823,1052,524,528
10500,32503,5668,15704,4214,26833,1053,525,528
10505,32513,5671,15711,4217,26842,1053,525,528
10510,32534,5673,15726,4219,26859,1054,526,528
10515,32544,5677,15731,4222,26867,1054,526,528
10520,32565,5680,15744,4225,26882,1055,526,529
10525,32575,5682,15746,4227,26893,1055,526,529
10530,32596,5683,15751,4228,26912,1056,526,530
10535,32606,5683,15755,4228,26921,1056,526,530
10540,32627,5684,15764,4228,26943,1057,526,531
10545,32637,5684,15768,4228,26952,1057,526,531
10550,32658,5685,15776,4229,26973,1058,527,531
10555,32668,5685,15782,4229,26981,1058,527,531
10560,32689,5686,15791,4230,27003,1059,528,531
10565,32699,5686,15794,4230,27012,1059,528,531
10570,32720,5687,15802,4231,27031,1060,529,531
10575,32730,5687,15809,4231,27041,1060,529,531
10580,32751,5688,15816,4231,27062,1061,529,532
10585,32761,5688,15821,4231,27073,1061,529,532
10590,32782,5689,15832,4231,27093,1062,529,533
10595,32792,5689,15836,4231,27103,1062,529,533
10600,32813,5690,15850,4232,27122,1063,530,533
10605,32823,5690,15854,4232,27133,1063,530,533
10610,32844,5694,15867,4236,27147,1064,531,533
10615,32854,5697,15871,4239,27157,1064,531,533
10620,32875,5703,15881,4243,27169,1065,531,534
10625,32885,5707,15886,4247,27178,1065,531,534
10630,32906,5711,15895,4249,27193,1066,531,535
10635,32916,5715,15898,4252,27200,1066,531,535
10640,32937,5719,15908,4255,27216,1067,531,536
10645,32947,5723,15913,4258,27224,1067,531,536
10650,32968,5726,15924,4261,27241,1068,532,536
10655,32978,5728,15933,4263,27249,1068,532,536
10660,32999,5732,15944,4266,27266,1069,533,536
10665,33009,5735,15949,4269,27274,1069,533,536
10670,33030,5737,15954,4270,27293,1070,534,536
10675,33040,5739,15959,4272,27300,1070,534,536
10680,33061,5744,15972,4276,27316,1071,535,536
10685,33071,5746,15977,4277,27323,1071,535,536
10690,33092,5753,15987,4283,27339,1072,536,536
10695,33102,5754,15991,4284,27347,1072,536,536
10700,33123,5756,16002,4286,27367,1073,536,537
10705,33133,5757,16007,4286,27376,1073,536,537
10710,33154,5760,16017,4289,27393,1074,536,538
10715,33164,5761,16021,4289,27403,1074,536,538
10720,33185,5762,16028,4289,27422,1075,537,538
10725,33195,5764,16034,4290,27430,1075,537,538
10730,33216,5767,16044,4293,27448,1076,537,539
10735,33226,5768,16049,4294,27458,1076,537,539
10740,33247,5771,16061,4296,27474,1077,537,540
10745,33257,5773,16063,4297,27484,1077,537,540
10750,33278,5775,16072,4298,27501,1078,537,541
10755,33288,5777,16079,4299,27511,1078,537,541
10760,33309,5781,16089,4303,27526,1079,537,542
10765,33319,5784,16094,4305,27535,1079,537,542
10770,33340,5787,16103,4308,27553,1080,537,543
10775,33350,5789,16111,4310,27561,1080,537,543
10780,33371,5792,16119,4311,27578,1081,537,544
10785,33381,5793,16124,4312,27588,1081,537,544
10790,33402,5796,16136,4314,27605,1082,537,545
10795,33412,5796,16143,4314,27616,1082,537,545
10800,33433,5799,16154,4317,27633,1083,537,546
10805,33443,5800,16159,4318,27642,1083,537,546
10810,33464,5806,16174,4323,27656,1084,538,546
10815,33474,5808,16183,4325,27665,1084,538,546
10820,33495,5814,16194,4330,27681,1085,539,546
10825,33505,5814,16198,4330,27691,1085,539,546
10830,33526,5819,16211,4335,27707,1086,540,546
10835,33536,5821,16218,4337,27714,1086,540,546
10840,33557,5826,16224,4339,27731,1087,541,546
10845,33567,5826,16229,4339,27739,1087,541,546
10850,33588,5832,16239,4343,27755,1088,541,547
10855,33598,5834,16246,4345,27763,1088,541,547
10860,33619,5838,16257,4348,27780,1089,542,547
10865,33629,5839,16262,4349,27789,1089,542,547
10870,33650,5842,16271,4350,27806,1090,542,548
10875,33660,5844,16277,4352,27815,1090,542,548
10880,33681,5846,16287,4353,27835,1091,543,548
10885,33691,5846,16293,4353,27845,1091,543,548
10890,33712,5849,16303,4355,27862,1092,543,549
10895,33722,5852,16308,4358,27870,1092,543,549
10900,33743,5856,16318,4361,27887,1093,544,549
10905,33753,5858,16323,4363,27894,1093,544,549
10910,33774,5864,16334,4367,27910,1094,545,549
10915,33784,5865,16337,4367,27919,1094,545,549
10920,33805,5866,16348,4368,27935,1095,545,550
10925,33815,5870,16353,4372,27945,1095,545,550
10930,33836,5872,16364,4374,27961,1096,545,551
10935,33846,5875,16370,4377,27971,1096,545,551
10940,33867,5878,16383,4380,27985,1097,545,552
10945,33877,5881,16387,4382,27996,1097,545,552
10950,33898,5883,16396,4384,28012,1098,545,553
10955,33908,5886,16398,4387,28022,1098,545,553
10960,33929,5890,16411,4390,28037,1099,545,554
10965,33939,5891,16416,4391,28048,1099,545,554
10970,33960,5894,16428,4393,28064,1100,546,554
10975,33970,5895,16433,4394,28075,1100,546,554
10980,33991,5898,16441,4396,28091,1101,547,554
10985,34001,5899,16447,4397,28102,1101,547,554
10990,34022,5901,16456,4397,28120,1102,548,554
10995,34032,5901,16459,4397,28131,1102,548,554
11000,34053,5903,16467,4398,28150,1103,548,555
11005,34063,5903,16472,4398,28160,1103,548,555
11010,34084,5905,16482,4400,28178,1104,548,556
11015,34094,5905,16484,4400,28189,1104,548,556
11020,34115,5911,16499,4405,28201,1105,548,557
11025,34125,5913,16503,4407,28211,1105,548,557
11030,34146,5921,16517,4413,28223,1106,549,557
11035,34156,5926,16525,4418,28226,1106,549,557
11040,34177,5935,16535,4425,28241,1107,549,558
11045,34187,5937,16541,4427,28248,1107,549,558
11050,34208,5941,16551,4429,28267,1108,550,558
11055,34218,5941,16556,4429,28277,1108,550,558
11060,34239,5943,16569,4431,28294,1109,551,558
11065,34249,5946,16574,4434,28303,1109,551,558
11070,34270,5949,16587,4436,28319,1110,552,558
11075,34280,5952,16591,4438,28328,1110,552,558
11080,34301,5953,16601,4439,28348,1111,553,558
11085,34311,5954,16605,4440,28357,1111,553,558
11090,34332,5955,16613,4441,28377,1112,553,559
11095,34342,5956,16618,4441,28386,1112,553,559
11100,34363,5957,16629,4442,28406,1113,554,559
11105,34373,5958,16633,4443,28415,1113,554,559
11110,34394,5960,16645,4445,28434,1114,555,559
11115,34404,5961,16648,4446,28443,1114,555,559
11120,34425,5962,16660,4446,28462,1115,556,559
11125,34435,5964,16666,4448,28471,1115,556,559
11130,34456,5965,16677,4449,28491,1116,556,560
11135,34466,5966,16682,4449,28500,1116,556,560
11140,34487,5967,16694,4449,28519,1117,557,560
11145,34497,5969,16700,4451,28527,1117,557,560
11150,34518,5971,16709,4453,28544,1118,558,560
11155,34528,5974,16713,4455,28553,1118,558,560
11160,34549,5978,16725,4457,28569,1119,559,560
11165,34559,5981,16729,4459,28577,1119,559,560
11170,34580,5985,16737,4462,28593,1120,559,561
11175,34590,5989,16743,4466,28601,1120,559,561
11180,34611,5992,16749,4468,28618,1121,559,562
11185,34621,5996,16755,4471,28624,1121,559,562
11190,34642,6000,16764,4474,28640,1122,559,563
11195,34652,6005,16771,4479,28646,1122,559,563
11200,34673,6011,16784,4484,28657,1123,559,564
11205,34683,6017,16786,4489,28665,1123,559,564
11210,34704,6025,16796,4495,28676,1124,559,565
11215,34714,6031,16801,4500,28682,1124,559,565
11220,34735,6037,16811,4503,28695,1125,559,566
11225,34745,6040,16813,4506,28705,1125,559,566
11230,34766,6043,16823,4509,28721,1126,559,567
11235,34776,6044,16829,4510,28732,1126,559,567
11240,34797,6047,16836,4511,28748,1127,560,567
11245,34807,6048,16840,4512,28759,1127,560,567
11250,34828,6051,16852,4514,28777,1128,561,567
11255,34838,6051,16859,4514,28787,1128,561,567
11260,34859,6052,16871,4515,28806,1129,561,568
11265,34869,6052,16877,4515,28816,1129,561,568
11270,34890,6053,16882,4515,28835,1130,561,569
11275,34900,6053,16886,4515,28845,1130,561,569
11280,34921,6054,16895,4515,28866,1131,562,569
11285,34931,6054,16901,4515,28877,1131,562,569
11290,34952,6055,16911,4515,28897,1132,563,569
11295,34962,6055,16916,4515,28907,1132,563,569
11300,34983,6056,16923,4515,28927,1133,563,570
11305,34993,6056,16929,4515,28937,1133,563,570
11310,35014,6057,16938,4515,28957,1134,563,571
11315,35024,6057,16944,4515,28967,1134,563,571
11320,35045,6058,16953,4516,28987,1135,564,571
11325,35055,6059,16955,4516,28996,1135,564,571
11330,35076,6063,16971,4519,29012,1136,565,571
11335,35086,6065,16978,4520,29020,1136,565,571
11340,35107,6069,16987,4523,29038,1137,566,571
11345,35117,6070,16990,4523,29046,1137,566,571
11350,35138,6073,16997,4525,29065,1138,566,572
11355,35148,6074,17003,4526,29074,1138,566,572
11360,35169,6081,17016,4532,29085,1139,567,572
11365,35179,6086,17022,4537,29092,1139,567,572
11370,35200,6093,17034,4542,29105,1140,567,573
11375,35210,6097,17038,4546,29113,1140,567,573
11380,35231,6102,17047,4551,29128,1141,568,573
11385,35241,6104,17051,4552,29136,1141,568,573
11390,35262,6112,17062,4558,29147,1142,569,573
11395,35272,6118,17068,4563,29153,1142,569,573
11400,35293,6125,17075,4567,29165,1143,569,574
11405,35303,6130,17079,4571,29173,1143,569,574
11410,35324,6133,17091,4573,29188,1144,569,575
11415,35334,6135,17094,4574,29199,1144,569,575
11420,35355,6137,17099,4575,29217,1145,569,576
11425,35365,6139,17105,4576,29226,1145,569,576
11430,35386,6141,17117,4578,29244,1146,570,576
11435,35396,6144,17123,4581,29252,1146,570,576
11440,35417,6147,17134,4584,29269,1147,571,576
11445,35427,6147,17139,4584,29280,1147,571,576
11450,35448,6148,17147,4584,29299,1148,571,577
11455,35458,6148,17152,4584,29307,1148,571,577
11460,35479,6149,17164,4585,29329,1149,572,577
11465,35489,6149,17168,4585,29339,1149,572,577
11470,35510,6150,17181,4586,29360,1150,573,577
11475,35520,6150,17186,4586,29370,1150,573,577
11480,35541,6151,17195,4587,29389,1151,574,577
11485,35551,6151,17200,4587,29399,1151,574,577
11490,35572,6152,17210,4587,29419,1152,575,577
11495,35582,6152,17214,4587,29428,1152,575,577
11500,35603,6153,17227,4587,29449,1153,575,578
11505,35613,6154,17230,4588,29459,1153,575,578
11510,35634,6160,17240,4594,29474,1154,575,579
11515,35644,6160,17245,4594,29483,1154,575,579
11520,35665,6166,17255,4598,29495,1155,575,580
11525,35675,6171,17260,4603,29503,1155,575,580
11530,35696,6177,17269,4607,29517,1156,576,580
11535,35706,6180,17272,4610,29525,1156,576,580
11540,35727,6186,17281,4615,29540,1157,577,580
11545,35737,6188,17287,4617,29548,1157,577,580
11550,35758,6196,17300,4624,29559,1158,578,580
11555,35768,6199,17303,4626,29569,1158,578,580
11560,35789,6202,17316,4629,29587,1159,579,580
11565,35799,6203,17324,4629,29595,1159,579,580
11570,35820,6206,17329,4631,29613,1160,579,581
11575,35830,6208,17335,4633,29622,1160,579,581
11580,35851,6212,17345,4637,29638,1161,579,582
11585,35861,6215,17351,4639,29646,1161,579,582
11590,35882,6218,17363,4641,29662,1162,579,583
11595,35892,6221,17369,4643,29671,1162,579,583
11600,35913,6223,17380,4644,29688,1163,579,584
11605,35923,6226,17382,4647,29697,1163,579,584
11610,35944,6228,17395,4649,29714,1164,579,585
11615,35954,6231,17401,4651,29723,1164,579,585
11620,35975,6234,17412,4653,29740,1165,580,585
11625,35985,6235,17418,4654,29749,1165,580,585
11630,36006,6236,17430,4654,29770,1166,581,585
11635,36016,6236,17435,4654,29780,1166,581,585
11640,36037,6237,17443,4654,29799,1167,582,585
11645,36047,6237,17448,4654,29808,1167,582,585
11650,36068,6238,17460,4654,29830,1168,583,585
11655,36078,6238,17466,4654,29839,1168,583,585
11660,36099,6240,17478,4655,29859,1169,583,586
11665,36109,6240,17485,4655,29867,1169,583,586
11670,36130,6242,17496,4655,29887,1170,583,587
11675,36140,6242,17502,4655,29898,1170,583,587
11680,36161,6244,17514,4656,29916,1171,584,587
11685,36171,6244,17516,4656,29927,1171,584,587
11690,36192,6247,17522,4657,29944,1172,585,587
11695,36202,6248,17527,4658,29954,1172,585,587
11700,36223,6252,17540,4661,29969,1173,586,587
11705,36233,6255,17546,4664,29977,1173,586,587
11710,36254,6259,17556,4667,29994,1174,586,588
11715,36264,6261,17562,4669,30002,1174,586,588
11720,36285,6266,17576,4673,30016,1175,587,588
11725,36295,6270,17581,4677,30025,1175,587,588
11730,36316,6274,17590,4679,30042,1176,588,588
11735,36326,6275,17594,4679,30050,1176,588,588
11740,36347,6279,17601,4683,30068,1177,588,589
11745,36357,6281,17606,4685,30076,1177,588,589
11750,36378,6286,17617,4689,30089,1178,589,589
11755,36388,6291,17624,4694,30097,1178,589,589
11760,36409,6295,17633,4698,30112,1179,589,590
11765,36419,6299,17639,4702,30120,1179,589,590
11770,36440,6305,17649,4706,30134,1180,589,591
11775,36450,6308,17651,4708,30142,1180,589,591
11780,36471,6311,17660,4710,30158,1181,590,591
11785,36481,6315,17663,4713,30165,1181,590,591
11790,36502,6316,17674,4713,30185,1182,591,591
11795,36512,6318,17678,4715,30194,1182,591,591
11800,36533,6320,17690,4717,30212,1183,591,592
11805,36543,6321,17695,4718,30222,1183,591,592
11810,36564,6324,17703,4721,30240,1184,591,593
11815,36574,6325,17707,4721,30248,1184,591,593
11820,36595,6326,17716,4721,30267,1185,592,593
11825,36605,6329,17722,4724,30276,1185,592,593
11830,36626,6331,17730,4725,30294,1186,592,594
11835,36636,6332,17732,4726,30304,1186,592,594
11840,36657,6334,17743,4727,30320,1187,593,594
11845,36667,6337,17748,4729,30330,1187,593,594
11850,36688,6340,17757,4732,30347,1188,593,595
11855,36698,6342,17763,4733,30356,1188,593,595
11860,36719,6345,17770,4735,30372,1189,593,596
11865,36729,6347,17774,4736,30382,1189,593,596
11870,36750,6350,17785,4738,30398,1190,594,596
11875,36760,6353,17790,4740,30407,1190,594,596
11880,36781,6356,17799,4742,30422,1191,594,597
11885,36791,6359,17807,4745,30431,1191,594,597
11890,36812,6361,17817,4745,30448,1192,594,598
11895,36822,6364,17822,4748,30457,1192,594,598
11900,36843,6367,17829,4750,30474,1193,594,599
11905,36853,6368,17833,4751,30483,1193,594,599
11910,36874,6374,17844,4757,30498,1194,594,600
11915,36884,6376,17848,4759,30506,1194,594,600
11920,36905,6381,17858,4763,30521,1195,594,601
11925,36915,6384,17863,4766,30530,1195,594,601
11930,36936,6391,17870,4771,30544,1196,594,602
11935,36946,6391,17875,4771,30554,1196,594,602
11940,36967,6395,17885,4774,30571,1197,595,602
11945,36977,6396,17889,4775,30581,1197,595,602
11950,36998,6398,17896,4776,30599,1198,596,602
11955,37008,6398,17903,4776,30609,1198,596,602
11960,37029,6402,17913,4780,30626,1199,597,602
11965,37039,6403,17919,4781,30635,1199,597,602
11970,37060,6408,17930,4785,30651,1200,597,603
11975,37070,6410,17936,4787,30659,1200,597,603
11980,37091,6413,17946,4789,30678,1201,597,604
11985,37101,6414,17951,4789,30686,1201,597,604
11990,37122,6417,17962,4791,30705,1202,598,604
11995,37132,6418,17964,4791,30713,1202,598,604
12000,37153,6423,17975,4795,30730,1203,598,605
12005,37163,6424,17979,4795,30739,1203,598,605
12010,37184,6426,17986,4797,30758,1204,599,605
12015,37194,6427,17990,4798,30767,1204,599,605
12020,37215,6429,17995,4799,30786,1205,599,606
12025,37225,6430,17999,4799,30795,1205,599,606
12030,37246,6432,18010,4800,30814,1206,600,606
12035,37256,6433,18013,4800,30823,1206,600,606
12040,37277,6435,18025,4801,30842,1207,600,607
12045,37287,6436,18032,4802,30851,1207,600,607
12050,37308,6440,18044,4805,30868,1208,601,607
12055,37318,6441,18050,4805,30876,1208,601,607
12060,37339,6446,18061,4809,30892,1209,601,608
12065,37349,6449,18067,4812,30900,1209,601,608
12070,37370,6453,18081,4816,30914,1210,602,608
12075,37380,6458,18087,4821,30922,1210,602,608
12080,37401,6462,18098,4825,30937,1211,603,608
12085,37411,6466,18103,4829,30945,1211,603,608
12090,37432,6470,18114,4832,30958,1212,604,608
12095,37442,6475,18119,4836,30966,1212,604,608
12100,37463,6480,18129,4839,30981,1213,605,608
12105,37473,6484,18132,4842,30988,1213,605,608
12110,37494,6486,18137,4843,31007,1214,605,609
12115,37504,6488,18139,4844,31016,1214,605,609
12120,37525,6492,18146,4846,31031,1215,605,610
12125,37535,6494,18151,4848,31040,1215,605,610
12130,37556,6496,18165,4850,31058,1216,606,610
12135,37566,6497,18170,4851,31069,1216,606,610
12140,37587,6499,18182,4852,31087,1217,607,610
12145,37597,6499,18188,4852,31098,1217,607,610
12150,37618,6501,18197,4852,31117,1218,608,610
12155,37628,6501,18201,4852,31126,1218,608,610
12160,37649,6504,18208,4855,31145,1219,609,610
12165,37659,6505,18215,4856,31153,1219,609,610
12170,37680,6508,18227,4857,31170,1220,610,610
12175,37690,6508,18232,4857,31181,1220,610,610
12180,37711,6511,18238,4860,31200,1221,610,611
12185,37721,6511,18243,4860,31209,1221,610,611
12190,37742,6514,18257,4863,31226,1222,610,612
12195,37752,6514,18262,4863,31237,1222,610,612
12200,37773,6517,18272,4865,31254,1223,611,612
12205,37783,6518,18279,4866,31264,1223,611,612
12210,37804,6521,18287,4868,31282,1224,611,613
12215,37814,6521,18292,4868,31293,1224,611,613
12220,37835,6526,18303,4871,31307,1225,612,613
12225,37845,6529,18307,4874,31316,1225,612,613
12230,37866,6534,18315,4877,31332,1226,612,614
12235,37876,6538,18322,4881,31335,1226,612,614
12240,37897,6548,18330,4888,31347,1227,612,615
12245,37907,6553,18335,4892,31353,1227,612,615
12250,37928,6556,18347,4895,31370,1228,612,616
12255,37938,6558,18351,4896,31380,1228,612,616
12260,37959,6562,18360,4900,31397,1229,612,617
12265,37969,6563,18366,4901,31405,1229,612,617
12270,37990,6566,18377,4903,31424,1230,612,618
12275,38000,6567,18381,4903,31432,1230,612,618
12280,38021,6570,18391,4905,31451,1231,613,618
12285,38031,6571,18400,4906,31460,1231,613,618
12290,38052,6575,18410,4908,31477,1232,614,618
12295,38062,6576,18417,4909,31486,1232,614,618
12300,38083,6577,18429,4910,31506,1233,615,618
12305,38093,6578,18434,4911,31515,1233,615,618
12310,38114,6579,18445,4911,31535,1234,616,618
12315,38124,6580,18451,4912,31544,1234,616,618
12320,38145,6581,18459,4912,31564,1235,616,619
12325,38155,6582,18463,4912,31573,1235,616,619
12330,38176,6584,18477,4914,31592,1236,616,620
12335,38186,6585,18481,4914,31601,1236,616,620
12340,38207,6586,18489,4915,31621,1237,616,621
12345,38217,6587,18492,4915,31630,1237,616,621
12350,38238,6591,18503,4919,31645,1238,617,621
12355,38248,6594,18507,4922,31654,1238,617,621
12360,38269,6599,18518,4927,31670,1239,618,621
12365,38279,6600,18524,4927,31678,1239,618,621
12370,38300,6604,18532,4930,31693,1240,618,622
12375,38310,6607,18536,4932,31702,1240,618,622
12380,38331,6611,18546,4935,31718,1241,619,622
12385,38341,6615,18552,4939,31725,1241,619,622
12390,38362,6621,18561,4945,31739,1242,619,623
12395,38372,6626,18566,4950,31745,1242,619,623
12400,38393,6635,18576,4957,31757,1243,619,624
12405,38403,6638,18581,4960,31763,1243,619,624
12410,38424,6643,18590,4962,31780,1244,620,624
12415,38434,6644,18595,4963,31789,1244,620,624
12420,38455,6646,18608,4963,31807,1245,621,624
12425,38465,6648,18609,4965,31816,1245,621,624
12430,38486,6650,18614,4965,31835,1246,621,625
12435,38496,6650,18617,4965,31845,1246,621,625
12440,38517,6652,18629,4966,31864,1247,621,626
12445,38527,6652,18635,4966,31874,1247,621,626
12450,38548,6654,18642,4966,31892,1248,622,626
12455,38558,6655,18647,4967,31902,1248,622,626
12460,38579,6657,18658,4967,31920,1249,623,626
12465,38589,6658,18662,4968,31931,1249,623,626
12470,38610,6660,18670,4969,31950,1250,624,626
12475,38620,6661,18676,4970,31959,1250,624,626
12480,38641,6663,18686,4972,31978,1251,624,627
12485,38651,6664,18689,4973,31987,1251,624,627
12490,38672,6667,18699,4975,32005,1252,624,628
12495,38682,6668,18704,4976,32014,1252,624,628
12500,38703,6671,18711,4978,32030,1253,625,628
12505,38713,6673,18715,4980,32040,1253,625,628
12510,38734,6678,18729,4984,32053,1254,626,628
12515,38744,6683,18736,4988,32061,1254,626,628
12520,38765,6686,18749,4991,32078,1255,627,628
12525,38775,6688,18754,4992,32086,1255,627,628
12530,38796,6691,18760,4993,32104,1256,628,628
12535,38806,6693,18763,4994,32113,1256,628,628
12540,38827,6698,18774,4998,32128,1257,628,629
12545,38837,6701,18780,5001,32135,1257,628,629
12550,38858,6705,18794,5005,32151,1258,629,629
12555,38868,6708,18801,5008,32158,1258,629,629
12560,38889,6713,18813,5012,32174,1259,630,629
12565,38899,6718,18820,5016,32178,1259,630,629
12570,38920,6723,18827,5019,32194,1260,630,630
12575,38930,6726,18831,5022,32202,1260,630,630
12580,38951,6729,18844,5024,32218,1261,630,631
12585,38961,6732,18849,5026,32227,1261,630,631
12590,38982,6734,18858,5027,32247,1262,631,631
12595,38992,6736,18865,5029,32254,1262,631,631
12600,39013,6738,18871,5030,32275,1263,632,631
12605,39023,6740,18878,5032,32282,1263,632,631
12610,39044,6741,18894,5033,32301,1264,633,631
12615,39054,6741,18896,5033,32313,1264,633,631
12620,39075,6743,18907,5035,32332,1265,634,631
12625,39085,6744,18913,5036,32341,1265,634,631
12630,39106,6747,18922,5038,32359,1266,635,631
12635,39116,6748,18927,5039,32368,1266,635,631
12640,39137,6751,18937,5042,32386,1267,636,631
12645,39147,6752,18942,5043,32395,1267,636,631
12650,39168,6754,18952,5044,32411,1268,636,632
12655,39178,6757,18958,5047,32421,1268,636,632
12660,39199,6760,18970,5048,32438,1269,637,632
12665,39209,6762,18976,5050,32447,1269,637,632
12670,39230,6767,18987,5053,32462,1270,637,633
12675,39240,6768,18992,5054,32471,1270,637,633
12680,39261,6771,19000,5056,32488,1271,637,634
12685,39271,6772,19004,5057,32499,1271,637,634
12690,39292,6774,19014,5057,32517,1272,637,635
12695,39302,6774,19021,5057,32527,1272,637,635
12700,39323,6777,19033,5059,32545,1273,638,635
12705,39333,6779,19038,5061,32553,1273,638,635
12710,39354,6783,19053,5064,32569,1274,639,635
12715,39364,6788,19061,5069,32574,1274,639,635
12720,39385,6794,19069,5074,32590,1275,639,636
12725,39395,6797,19074,5076,32597,1275,639,636
12730,39416,6800,19083,5078,32616,1276,639,637
12735,39426,6802,19087,5080,32624,1276,639,637
12740,39447,6803,19096,5080,32643,1277,640,637
12745,39457,6805,19099,5082,32652,1277,640,637
12750,39478,6808,19113,5084,32668,1278,641,637
12755,39488,6812,19118,5087,32676,1278,641,637
12760,39509,6815,19132,5090,32692,1279,642,637
12765,39519,6818,19137,5092,32701,1279,642,637
12770,39540,6821,19149,5095,32718,1280,643,637
12775,39550,6823,19155,5096,32727,1280,643,637
12780,39571,6826,19165,5098,32745,1281,644,637
12785,39581,6826,19169,5098,32755,1281,644,637
12790,39602,6828,19177,5099,32774,1282,645,637
12795,39612,6828,19182,5099,32784,1282,645,637
12800,39633,6830,19193,5100,32803,1283,646,637
12805,39643,6830,19201,5100,32813,1283,646,637
12810,39664,6833,19212,5102,32831,1284,646,638
12815,39674,6833,19216,5102,32841,1284,646,638
12820,39695,6836,19227,5105,32859,1285,646,639
12825,39705,6836,19231,5105,32869,1285,646,639
12830,39726,6840,19242,5108,32886,1286,646,640
12835,39736,6841,19249,5109,32894,1286,646,640
12840,39757,6847,19259,5114,32909,1287,646,641
12845,39767,6848,19261,5115,32918,1287,646,641
12850,39788,6853,19267,5118,32935,1288,647,641
12855,39798,6853,19271,5118,32945,1288,647,641
12860,39819,6858,19285,5123,32957,1289,648,641
12865,39829,6863,19291,5128,32964,1289,648,641
12870,39850,6871,19300,5135,32979,1290,648,642
12875,39860,6872,19304,5136,32987,1290,648,642
12880,39881,6877,19311,5140,33003,1291,649,642
12885,39891,6879,19316,5142,33010,1291,649,642
12890,39912,6888,19327,5150,33024,1292,649,643
12895,39922,6890,19329,5152,33032,1292,649,643
12900,39943,6894,19338,5155,33048,1293,649,644
12905,39953,6895,19342,5156,33057,1293,649,644
12910,39974,6896,19350,5156,33076,1294,649,645
12915,39984,6897,19354,5157,33086,1294,649,645
12920,40005,6899,19360,5158,33104,1295,649,646
12925,40015,6900,19366,5159,33114,1295,649,646
12930,40036,6901,19374,5160,33135,1296,650,646
12935,40046,6903,19380,5162,33142,1296,650,646
12940,40067,6906,19398,5164,33158,1297,651,646
12945,40077,6908,19403,5165,33169,1297,651,646
12950,40098,6909,19408,5165,33189,1298,651,647
12955,40108,6911,19413,5166,33197,1298,651,647
12960,40129,6912,19424,5167,33216,1299,651,648
12965,40139,6915,19432,5170,33224,1299,651,648
12970,40160,6917,19441,5172,33241,1300,652,648
12975,40170,6919,19444,5173,33251,1300,652,648
12980,40191,6920,19456,5173,33268,1301,653,648
12985,40201,6923,19457,5175,33278,1301,653,648
12990,40222,6925,19464,5176,33296,1302,653,649
12995,40232,6927,19468,5178,33305,1302,653,649
13000,40253,6930,19481,5181,33320,1303,654,649
13005,40263,6935,19484,5185,33328,1303,654,649
13010,40284,6939,19494,5189,33343,1304,654,650
13015,40294,6942,19496,5191,33352,1304,654,650
13020,40315,6948,19511,5196,33364,1305,655,650
13025,40325,6950,19514,5198,33375,1305,655,650
13030,40346,6953,19524,5200,33392,1306,655,651
13035,40356,6954,19531,5201,33402,1306,655,651
13040,40377,6957,19538,5202,33420,1307,655,652
13045,40387,6957,19541,5202,33430,1307,655,652
13050,40408,6960,19552,5204,33447,1308,655,653
13055,40418,6963,19556,5207,33455,1308,655,653
13060,40439,6967,19563,5208,33472,1309,655,654
13065,40449,6967,19567,5208,33479,1309,655,654
13070,40470,6977,19581,5216,33490,1310,656,654
13075,40480,6981,19587,5220,33497,1310,656,654
13080,40501,6987,19598,5224,33514,1311,656,655
13085,40511,6987,19601,5224,33523,1311,656,655
13090,40532,6990,19609,5225,33542,1312,656,656
13095,40542,6990,19611,5225,33552,1312,656,656
13100,40563,6993,19619,5226,33569,1313,656,657
13105,40573,6994,19625,5227,33579,1313,656,657
13110,40594,6997,19635,5228,33595,1314,657,657
13115,40604,6999,19639,5230,33605,1314,657,657
13120,40625,7003,19650,5233,33620,1315,657,658
13125,40635,7004,19654,5234,33631,1315,657,658
13130,40656,7005,19664,5235,33651,1316,658,658
13135,40666,7006,19665,5235,33660,1316,658,658
13140,40687,7007,19672,5236,33680,1317,658,659
13145,40697,7008,19677,5236,33689,1317,658,659
13150,40718,7010,19682,5238,33708,1318,658,660
13155,40728,7011,19689,5239,33717,1318,658,660
13160,40749,7012,19698,5239,33737,1319,659,660
13165,40759,7013,19703,5239,33746,1319,659,660
13170,40780,7014,19714,5239,33765,1320,660,660
13175,40790,7016,19721,5241,33772,1320,660,660
13180,40811,7018,19730,5242,33792,1321,660,661
13185,40821,7021,19733,5244,33800,1321,660,661
13190,40842,7023,19742,5245,33817,1322,661,661
13195,40852,7026,19749,5248,33825,1322,661,661
13200,40873,7030,19760,5252,33843,1323,661,662
13205,40883,7031,19765,5253,33852,1323,661,662
13210,40904,7035,19775,5255,33868,1324,661,663
13215,40914,7037,19781,5256,33877,1324,661,663
13220,40935,7040,19791,5258,33893,1325,661,664
13225,40945,7041,19800,5259,33903,1325,661,664
13230,40966,7046,19806,5262,33919,1326,661,665
13235,40976,7049,19811,5264,33927,1326,661,665
13240,40997,7055,19821,5267,33939,1327,662,665
13245,41007,7060,19828,5271,33945,1327,662,665
13250,41028,7068,19838,5276,33955,1328,662,666
13255,41038,7075,19847,5283,33961,1328,662,666
13260,41059,7082,19858,5288,33973,1329,663,666
13265,41069,7087,19864,5293,33981,1329,663,666
13270,41090,7092,19876,5297,33998,1330,664,666
13275,41100,7092,19881,5297,34008,1330,664,666
13280,41121,7096,19893,5300,34025,1331,665,666
13285,41131,7096,19900,5300,34035,1331,665,666
13290,41152,7099,19911,5302,34053,1332,666,666
13295,41162,7099,19916,5302,34063,1332,666,666
13300,41183,7102,19931,5304,34081,1333,667,666
13305,41193,7102,19939,5304,34090,1333,667,666
13310,41214,7106,19948,5307,34108,1334,668,666
13315,41224,7106,19954,5307,34117,1334,668,666
13320,41245,7109,19962,5308,34136,1335,669,666
13325,41255,7109,19967,5308,34145,1335,669,666
13330,41276,7110,19978,5308,34166,1336,669,667
13335,41286,7110,19983,5308,34176,1336,669,667
13340,41307,7111,19993,5308,34196,1337,669,668
13345,41317,7111,19997,5308,34206,1337,669,668
13350,41338,7112,20008,5308,34226,1338,670,668
13355,41348,7112,20014,5308,34236,1338,670,668
13360,41369,7113,20023,5308,34256,1339,671,668
13365,41379,7113,20028,5308,34265,1339,671,668
13370,41400,7114,20036,5309,34286,1340,672,668
13375,41410,7115,20039,5309,34293,1340,672,668
13380,41431,7120,20048,5313,34310,1341,672,669
13385,41441,7122,20051,5315,34319,1341,672,669
13390,41462,7125,20058,5317,34336,1342,672,670
13395,41472,7126,20060,5317,34346,1342,672,670
13400,41493,7128,20067,5317,34363,1343,673,670
13405,41503,7131,20072,5320,34372,1343,673,670
13410,41524,7134,20084,5322,34387,1344,673,671
13415,41534,7138,20089,5326,34396,1344,673,671
13420,41555,7142,20098,5329,34411,1345,674,671
13425,41565,7145,20106,5331,34419,1345,674,671
13430,41586,7152,20115,5336,34431,1346,675,671
13435,41596,7158,20123,5342,34436,1346,675,671
13440,41617,7168,20136,5350,34446,1347,676,671
13445,41627,7174,20142,5355,34453,1347,676,671
13450,41648,7179,20150,5358,34467,1348,677,671
13455,41658,7183,20154,5362,34475,1348,677,671
13460,41679,7189,20166,5366,34487,1349,677,672
13465,41689,7191,20172,5367,34498,1349,677,672
13470,41710,7193,20183,5368,34514,1350,678,672
13475,41720,7196,20188,5371,34524,1350,678,672
13480,41741,7199,20201,5374,34541,1351,679,672
13485,41751,7199,20207,5374,34552,1351,679,672
13490,41772,7200,20217,5374,34572,1352,679,673
13495,41782,7200,20221,5374,34582,1352,679,673
13500,41803,7201,20227,5374,34602,1353,679,674
13505,41813,7201,20234,5374,34611,1353,679,674
13510,41834,7202,20242,5374,34631,1354,679,675
13515,41844,7202,20249,5374,34641,1354,679,675
13520,41865,7203,20259,5375,34662,1355,680,675
13525,41875,7203,20264,5375,34672,1355,680,675
13530,41896,7204,20273,5376,34691,1356,681,675
13535,41906,7204,20277,5376,34702,1356,681,675
13540,41927,7205,20288,5376,34722,1357,682,675
13545,41937,7205,20291,5376,34732,1357,682,675
13550,41958,7206,20301,5376,34751,1358,683,675
13555,41968,7206,20303,5376,34762,1358,683,675
13560,41989,7207,20315,5376,34782,1359,684,675
13565,41999,7207,20322,5376,34791,1359,684,675
13570,42020,7213,20330,5380,34807,1360,684,676
13575,42030,7213,20334,5380,34816,1360,684,676
13580,42051,7219,20342,5384,34831,1361,685,676
13585,42061,7220,20347,5385,34839,1361,685,676
13590,42082,7225,20358,5388,34855,1362,686,676
13595,42092,7228,20362,5390,34863,1362,686,676
13600,42113,7232,20371,5391,34879,1363,687,676
13605,42123,7236,20376,5395,34887,1363,687,676
13610,42144,7242,20387,5400,34898,1364,688,676
13615,42154,7246,20390,5403,34908,1364,688,676
13620,42175,7253,20401,5410,34919,1365,688,677
13625,42185,7257,20409,5414,34927,1365,688,677
13630,42206,7264,20420,5420,34941,1366,689,677
13635,42216,7266,20427,5422,34949,1366,689,677
13640,42237,7272,20439,5427,34962,1367,690,677
13645,42247,7275,20445,5429,34971,1367,690,677
13650,42268,7280,20452,5432,34988,1368,690,678
13655,42278,7281,20459,5433,34997,1368,690,678
13660,42299,7282,20469,5434,35017,1369,691,678
13665,42309,7283,20472,5434,35026,1369,691,678
13670,42330,7284,20483,5434,35043,1370,691,679
13675,42340,7287,20490,5437,35053,1370,691,679
13680,42361,7289,20499,5438,35070,1371,692,679
13685,42371,7292,20503,5440,35079,1371,692,679
13690,42392,7293,20512,5440,35099,1372,692,680
13695,42402,7295,20516,5441,35107,1372,692,680
13700,42423,7297,20527,5442,35125,1373,692,681
13705,42433,7299,20530,5443,35133,1373,692,681
13710,42454,7300,20543,5444,35152,1374,692,682
13715,42464,7304,20546,5447,35160,1374,692,682
13720,42485,7306,20556,5448,35179,1375,693,682
13725,42495,7308,20559,5449,35186,1375,693,682
13730,42516,7310,20570,5451,35206,1376,694,682
13735,42526,7312,20575,5453,35214,1376,694,682
13740,42547,7314,20588,5455,35233,1377,695,682
13745,42557,7314,20594,5455,35243,1377,695,682
13750,42578,7316,20604,5455,35262,1378,695,683
13755,42588,7317,20611,5456,35271,1378,695,683
13760,42609,7320,20620,5457,35289,1379,696,683
13765,42619,7320,20622,5457,35299,1379,696,683
13770,42640,7323,20631,5458,35316,1380,696,684
13775,42650,7325,20636,5460,35324,1380,696,684
13780,42671,7331,20649,5464,35339,1381,697,684
13785,42681,7332,20651,5465,35349,1381,697,684
13790,42702,7337,20658,5468,35364,1382,697,685
13795,42712,7339,20665,5470,35372,1382,697,685
13800,42733,7346,20675,5475,35385,1383,697,686
13805,42743,7349,20682,5478,35392,1383,697,686
13810,42764,7354,20691,5482,35407,1384,697,687
13815,42774,7356,20694,5484,35418,1384,697,687
13820,42795,7360,20706,5488,35432,1385,698,687
13825,42805,7363,20710,5491,35441,1385,698,687
13830,42826,7366,20722,5492,35459,1386,699,687
13835,42836,7366,20727,5492,35469,1386,699,687
13840,42857,7370,20740,5495,35486,1387,700,687
13845,42867,7371,20746,5496,35495,1387,700,687
13850,42888,7375,20756,5499,35512,1388,701,687
13855,42898,7376,20759,5499,35522,1388,701,687
13860,42919,7379,20767,5501,35538,1389,701,688
13865,42929,7381,20771,5502,35548,1389,701,688
13870,42950,7384,20782,5505,35563,1390,702,688
13875,42960,7389,20788,5510,35570,1390,702,688
13880,42981,7393,20794,5512,35586,1391,702,689
13885,42991,7395,20795,5513,35595,1391,702,689
13890,43012,7400,20805,5517,35611,1392,702,690
13895,43022,7402,20809,5519,35620,1392,702,690
13900,43043,7403,20822,5519,35639,1393,702,691
13905,43053,7406,20825,5521,35647,1393,702,691
13910,43074,7408,20832,5522,35666,1394,703,691
13915,43084,7409,20838,5522,35675,1394,703,691
13920,43105,7412,20848,5525,35693,1395,703,692
13925,43115,7414,20853,5527,35700,1395,703,692
13930,43136,7416,20857,5528,35719,1396,703,693
13935,43146,7418,20861,5529,35727,1396,703,693
13940,43167,7422,20869,5532,35744,1397,704,693
13945,43177,7424,20875,5534,35753,1397,704,693
13950,43198,7428,20886,5537,35768,1398,705,693
13955,43208,7432,20891,5540,35775,1398,705,693
13960,43229,7436,20900,5542,35792,1399,706,693
13965,43239,7437,20902,5543,35802,1399,706,693
13970,43260,7440,20910,5545,35819,1400,706,694
13975,43270,7442,20915,5547,35828,1400,706,694
13980,43291,7444,20927,5549,35845,1401,706,695
13985,43301,7447,20934,5552,35852,1401,706,695
13990,43322,7451,20945,5556,35870,1402,706,696
13995,43332,7452,20948,5557,35880,1402,706,696
14000,43353,7455,20959,5559,35897,1403,706,697
14005,43363,7456,20964,5560,35906,1403,706,697
14010,43384,7460,20971,5563,35922,1404,706,698
14015,43394,7460,20974,5563,35933,1404,706,698
14020,43415,7463,20981,5565,35952,1405,706,699
14025,43425,7463,20986,5565,35962,1405,706,699
14030,43446,7466,21000,5568,35978,1406,706,700
14035,43456,7467,21006,5569,35988,1406,706,700
14040,43477,7470,21014,5571,36006,1407,707,700
14045,43487,7470,21016,5571,36017,1407,707,700
14050,43508,7473,21027,5574,36033,1408,708,700
14055,43518,7473,21034,5574,36044,1408,708,700
14060,43539,7476,21044,5575,36061,1409,708,701
14065,43549,7477,21048,5576,36071,1409,708,701
14070,43570,7482,21061,5580,36087,1410,708,702
14075,43580,7484,21066,5582,36095,1410,708,702
14080,43601,7488,21074,5585,36112,1411,709,702
14085,43611,7490,21079,5587,36121,1411,709,702
14090,43632,7494,21094,5591,36136,1412,709,703
14095,43642,7495,21100,5592,36147,1412,709,703
14100,43663,7497,21112,5593,36163,1413,710,703
14105,43673,7501,21116,5596,36172,1413,710,703
14110,43694,7504,21129,5598,36187,1414,711,703
14115,43704,7508,21133,5601,36196,1414,711,703
14120,43725,7511,21139,5603,36214,1415,711,704
14125,43735,7513,21143,5604,36222,1415,711,704
14130,43756,7517,21153,5607,36237,1416,711,705
14135,43766,7522,21161,5612,36244,1416,711,705
14140,43787,7525,21168,5613,36260,1417,711,706
14145,43797,7529,21175,5617,36268,1417,711,706
14150,43818,7533,21187,5620,36284,1418,712,706
14155,43828,7535,21193,5622,36293,1418,712,706
14160,43849,7537,21202,5624,36310,1419,712,707
14165,43859,7540,21207,5627,36319,1419,712,707
14170,43880,7542,21216,5628,36336,1420,712,708
14175,43890,7546,21219,5631,36344,1420,712,708
14180,43911,7548,21227,5633,36363,1421,712,709
14185,43921,7549,21229,5633,36372,1421,712,709
14190,43942,7550,21235,5633,36391,1422,713,709
14195,43952,7553,21238,5635,36399,1422,713,709
14200,43973,7557,21248,5637,36415,1423,714,709
14205,43983,7559,21253,5638,36422,1423,714,709
14210,44004,7562,21266,5640,36439,1424,715,709
14215,44014,7566,21268,5643,36448,1424,715,709
14220,44035,7570,21280,5647,36465,1425,716,709
14225,44045,7570,21285,5647,36474,1425,716,709
14230,44066,7572,21293,5647,36494,1426,716,710
14235,44076,7572,21300,5647,36504,1426,716,710
14240,44097,7574,21307,5647,36522,1427,717,710
14245,44107,7575,21313,5648,36532,1427,717,710
14250,44128,7578,21325,5651,36550,1428,717,711
14255,44138,7578,21330,5651,36559,1428,717,711
14260,44159,7585,21342,5656,36572,1429,717,712
14265,44169,7587,21350,5658,36581,1429,717,712
14270,44190,7594,21362,5664,36594,1430,718,712
14275,44200,7597,21368,5667,36602,1430,718,712
14280,44221,7604,21379,5671,36615,1431,719,712
14285,44231,7606,21382,5673,36625,1431,719,712
14290,44252,7608,21389,5675,36643,1432,719,713
14295,44262,7610,21397,5677,36652,1432,719,713
14300,44283,7612,21408,5677,36670,1433,719,714
14305,44293,7614,21414,5679,36679,1433,719,714
14310,44314,7616,21421,5679,36698,1434,719,715
14315,44324,7616,21427,5679,36708,1434,719,715
14320,44345,7618,21435,5679,36726,1435,719,716
14325,44355,7621,21442,5681,36734,1435,719,716
14330,44376,7623,21454,5681,36752,1436,720,716
14335,44386,7626,21461,5684,36760,1436,720,716
14340,44407,7628,21476,5686,36778,1437,721,716
14345,44417,7629,21482,5686,36787,1437,721,716
14350,44438,7631,21490,5687,36807,1438,722,716
14355,44448,7632,21497,5688,36815,1438,722,716
14360,44469,7634,21507,5689,36834,1439,723,716
14365,44479,7635,21512,5689,36843,1439,723,716
14370,44500,7637,21521,5690,36862,1440,724,716
14375,44510,7638,21527,5691,36871,1440,724,716
14380,44531,7640,21539,5693,36890,1441,725,716
14385,44541,7641,21543,5693,36899,1441,725,716
14390,44562,7644,21552,5694,36916,1442,725,717
14395,44572,7646,21554,5696,36925,1442,725,717
14400,44593,7651,21564,5701,36939,1443,725,718
14405,44603,7654,21572,5704,36948,1443,725,718
14410,44624,7658,21577,5707,36966,1444,725,719
14415,44634,7660,21585,5709,36973,1444,725,719
14420,44655,7666,21593,5715,36989,1445,725,720
14425,44665,7668,21598,5717,36996,1445,725,720
14430,44686,7673,21605,5720,37011,1446,726,720
14435,44696,7677,21610,5724,37019,1446,726,720
14440,44717,7682,21619,5728,37035,1447,726,721
14445,44727,7683,21624,5729,37043,1447,726,721
14450,44748,7688,21632,5732,37060,1448,726,722
14455,44758,7688,21634,5732,37070,1448,726,722
14460,44779,7693,21643,5735,37085,1449,726,723
14465,44789,7695,21648,5737,37092,1449,726,723
14470,44810,7702,21655,5742,37107,1450,726,724
14475,44820,7704,21659,5744,37115,1450,726,724
14480,44841,7707,21669,5747,37134,1451,726,725
14485,44851,7707,21673,5747,37144,1451,726,725
14490,44872,7710,21680,5749,37162,1452,726,726
14495,44882,7710,21686,5749,37172,1452,726,726
14500,44903,7713,21695,5752,37190,1453,726,727
14505,44913,7714,21699,5753,37199,1453,726,727
14510,44934,7718,21711,5755,37215,1454,726,728
14515,44944,7719,21718,5756,37223,1454,726,728
14520,44965,7722,21730,5759,37243,1455,726,729
14525,44975,7722,21736,5759,37251,1455,726,729
14530,44996,7726,21749,5761,37267,1456,726,730
14535,45006,7727,21756,5762,37277,1456,726,730
14540,45027,7728,21766,5763,37298,1457,726,731
14545,45037,7728,21768,5763,37309,1457,726,731
14550,45058,7729,21776,5763,37328,1458,726,732
14555,45068,7730,21778,5763,37338,1458,726,732
14560,45089,7731,21789,5764,37358,1459,727,732
14565,45099,7732,21792,5764,37367,1459,727,732
14570,45120,7733,21804,5764,37386,1460,728,732
14575,45130,7734,21809,5765,37396,1460,728,732
14580,45151,7736,21817,5766,37412,1461,728,733
14585,45161,7738,21820,5767,37422,1461,728,733
14590,45182,7743,21831,5771,37438,1462,729,733
14595,45192,7744,21836,5771,37448,1462,729,733
14600,45213,7746,21846,5772,37464,1463,729,734
14605,45223,7750,21852,5776,37472,1463,729,734
14610,45244,7754,21864,5779,37487,1464,730,734
14615,45254,7759,21868,5783,37494,1464,730,734
14620,45275,7763,21876,5785,37508,1465,730,735
14625,45285,7766,21881,5788,37518,1465,730,735
14630,45306,7769,21889,5790,37535,1466,730,736
14635,45316,7771,21891,5791,37543,1466,730,736
14640,45337,7777,21902,5797,37556,1467,731,736
14645,45347,7784,21910,5804,37559,1467,731,736
14650,45368,7793,21921,5812,37574,1468,732,736
14655,45378,7796,21928,5815,37579,1468,732,736
14660,45399,7800,21937,5819,37598,1469,733,736
14665,45409,7802,21943,5821,37606,1469,733,736
14670,45430,7805,21955,5822,37625,1470,734,736
14675,45440,7806,21959,5822,37634,1470,734,736
14680,45461,7809,21966,5824,37650,1471,734,737
14685,45471,7811,21971,5826,37660,1471,734,737
14690,45492,7813,21979,5827,37679,1472,734,738
14695,45502,7813,21986,5827,37689,1472,734,738
14700,45523,7815,21996,5828,37708,1473,734,739
14705,45533,7815,21999,5828,37718,1473,734,739
14710,45554,7817,22010,5828,37737,1474,735,739
14715,45564,7817,22015,5828,37747,1474,735,739
14720,45585,7819,22029,5830,37766,1475,735,740
14725,45595,7819,22034,5830,37776,1475,735,740
14730,45616,7821,22048,5831,37795,1476,736,740
14735,45626,7821,22055,5831,37805,1476,736,740
14740,45647,7823,22065,5833,37824,1477,736,741
14745,45657,7823,22067,5833,37834,1477,736,741
14750,45678,7825,22075,5834,37853,1478,736,742
14755,45688,7826,22080,5835,37861,1478,736,742
14760,45709,7830,22087,5836,37878,1479,736,743
14765,45719,7832,22094,5838,37887,1479,736,743
14770,45740,7837,22103,5842,37903,1480,736,744
14775,45750,7838,22108,5843,37910,1480,736,744
14780,45771,7844,22116,5846,37923,1481,736,745
14785,45781,7849,22123,5851,37930,1481,736,745
14790,45802,7856,22134,5855,37943,1482,737,745
14795,45812,7861,22139,5860,37949,1482,737,745
14800,45833,7869,22149,5866,37962,1483,737,746
14805,45843,7873,22155,5870,37967,1483,737,746
14810,45864,7877,22168,5873,37985,1484,738,746
14815,45874,7880,22176,5876,37991,1484,738,746
14820,45895,7883,22187,5879,38011,1485,738,747
14825,45905,7884,22193,5879,38020,1485,738,747
14830,45926,7886,22205,5880,38039,1486,739,747
14835,45936,7887,22211,5881,38048,1486,739,747
14840,45957,7889,22224,5882,38066,1487,740,747
14845,45967,7890,22227,5882,38077,1487,740,747
14850,45988,7891,22236,5883,38095,1488,740,748
14855,45998,7892,22241,5883,38106,1488,740,748
14860,46019,7893,22251,5883,38124,1489,741,748
14865,46029,7894,22257,5883,38135,1489,741,748
14870,46050,7895,22265,5883,38153,1490,741,749
14875,46060,7896,22270,5884,38164,1490,741,749
14880,46081,7897,22276,5885,38184,1491,741,750
14885,46091,7898,22281,5885,38193,1491,741,750
14890,46112,7899,22293,5886,38213,1492,742,750
14895,46122,7900,22298,5886,38222,1492,742,750
14900,46143,7902,22308,5888,38241,1493,742,751
14905,46153,7903,22313,5889,38250,1493,742,751
14910,46174,7906,22321,5891,38267,1494,742,752
14915,46184,7908,22327,5892,38276,1494,742,752
14920,46205,7914,22342,5896,38288,1495,742,753
14925,46215,7920,22347,5901,38295,1495,742,753
14930,46236,7926,22356,5905,38307,1496,743,753
14935,46246,7932,22363,5911,38313,1496,743,753
14940,46267,7939,22373,5917,38325,1497,743,754
14945,46277,7946,22378,5924,38331,1497,743,754
14950,46298,7951,22390,5927,38344,1498,744,754
14955,46308,7956,22396,5932,38349,1498,744,754
14960,46329,7962,22407,5937,38366,1499,744,755
14965,46339,7964,22413,5939,38375,1499,744,755
14970,46360,7965,22423,5939,38395,1500,745,755
14975,46370,7965,22428,5939,38404,1500,745,755
14980,46391,7966,22437,5939,38425,1501,746,755
14985,46401,7966,22443,5939,38433,1501,746,755
14990,46422,7967,22450,5939,38455,1502,746,756
14995,46432,7967,22457,5939,38463,1502,746,756
15000,46453,7968,22471,5940,38484,1503,747,756
15005,46463,7968,22475,5940,38495,1503,747,756
15010,46484,7969,22480,5940,38515,1504,748,756
15015,46494,7969,22486,5940,38525,1504,748,756
15020,46515,7970,22495,5940,38545,1505,749,756
15025,46525,7970,22501,5940,38555,1505,749,756
15030,46546,7971,22509,5941,38575,1506,749,757
15035,46556,7971,22512,5941,38585,1506,749,757
15040,46577,7972,22523,5942,38605,1507,750,757
15045,46587,7972,22529,5942,38615,1507,750,757
15050,46608,7973,22540,5942,38634,1508,751,757
15055,46618,7974,22544,5943,38644,1508,751,757
15060,46639,7977,22552,5945,38662,1509,751,758
15065,46649,7978,22559,5946,38671,1509,751,758
15070,46670,7982,22571,5949,38687,1510,752,758
15075,46680,7983,22574,5949,38696,1510,752,758
15080,46701,7989,22587,5953,38709,1511,753,758
15085,46711,7992,22591,5956,38718,1511,753,758
15090,46732,7997,22602,5960,38733,1512,753,759
15095,46742,8000,22607,5963,38741,1512,753,759
15100,46763,8004,22617,5965,38759,1513,753,760
15105,46773,8006,22624,5967,38763,1513,753,760
15110,46794,8015,22635,5975,38778,1514,753,761
15115,46804,8019,22639,5978,38784,1514,753,761
15120,46825,8025,22643,5981,38799,1515,753,762
15125,46835,8029,22648,5984,38804,1515,753,762
15130,46856,8033,22658,5987,38822,1516,754,762
15135,46866,8036,22664,5989,38830,1516,754,762
15140,46887,8039,22673,5992,38847,1517,754,763
15145,46897,8041,22677,5993,38856,1517,754,763
15150,46918,8044,22687,5995,38874,1518,755,763
15155,46928,8047,22694,5998,38881,1518,755,763
15160,46949,8051,22706,6001,38898,1519,756,763
15165,46959,8052,22712,6002,38907,1519,756,763
15170,46980,8055,22724,6004,38923,1520,756,764
15175,46990,8060,22730,6009,38930,1520,756,764
15180,47011,8064,22741,6012,38944,1521,757,764
15185,47021,8068,22744,6016,38953,1521,757,764
15190,47042,8070,22751,6016,38972,1522,758,764
15195,47052,8070,22755,6016,38982,1522,758,764
15200,47073,8072,22766,6017,39000,1523,758,765
15205,47083,8074,22769,6019,39009,1523,758,765
15210,47104,8076,22781,6021,39026,1524,758,766
15215,47114,8078,22787,6023,39036,1524,758,766
15220,47135,8080,22797,6024,39055,1525,758,767
15225,47145,8080,22799,6024,39065,1525,758,767
15230,47166,8082,22807,6026,39084,1526,758,768
15235,47176,8082,22812,6026,39093,1526,758,768
15240,47197,8087,22819,6028,39108,1527,758,769
15245,47207,8090,22826,6031,39116,1527,758,769
15250,47228,8095,22839,6036,39133,1528,758,770
15255,47238,8095,22844,6036,39142,1528,758,770
15260,47259,8098,22855,6038,39160,1529,758,771
15265,47269,8099,22857,6039,39170,1529,758,771
15270,47290,8102,22865,6040,39188,1530,758,772
15275,47300,8103,22870,6041,39195,1530,758,772
15280,47321,8110,22879,6047,39210,1531,758,773
15285,47331,8112,22882,6049,39219,1531,758,773
15290,47352,8113,22893,6049,39238,1532,758,774
15295,47362,8115,22898,6051,39246,1532,758,774
15300,47383,8116,22906,6051,39266,1533,759,774
15305,47393,8118,22912,6053,39273,1533,759,774
15310,47414,8119,22920,6054,39295,1534,759,775
15315,47424,8120,22923,6054,39302,1534,759,775
15320,47445,8121,22929,6055,39323,1535,759,776
15325,47455,8122,22931,6055,39333,1535,759,776
15330,47476,8124,22941,6056,39352,1536,760,776
15335,47486,8125,22946,6056,39360,1536,760,776
15340,47507,8127,22959,6058,39379,1537,761,776
15345,47517,8128,22961,6058,39389,1537,761,776
15350,47538,8129,22965,6058,39408,1538,762,776
15355,47548,8131,22968,6060,39417,1538,762,776
15360,47569,8134,22975,6062,39433,1539,763,776
15365,47579,8138,22982,6066,39441,1539,763,776
15370,47600,8141,22994,6068,39456,1540,764,776
15375,47610,8144,23000,6071,39466,1540,764,776
15380,47631,8149,23011,6075,39479,1541,764,777
15385,47641,8152,23017,6078,39489,1541,764,777
15390,47662,8156,23025,6081,39505,1542,765,777
15395,47672,8159,23030,6084,39512,1542,765,777
15400,47693,8165,23044,6090,39527,1543,766,777
15405,47703,8166,23049,6090,39535,1543,766,777
15410,47724,8173,23062,6095,39547,1544,766,778
15415,47734,8178,23069,6100,39554,1544,766,778
15420,47755,8184,23080,6105,39569,1545,767,778
15425,47765,8188,23087,6108,39576,1545,767,778
15430,47786,8194,23096,6112,39591,1546,768,778
15435,47796,8197,23102,6115,39599,1546,768,778
15440,47817,8200,23112,6117,39616,1547,769,778
15445,47827,8202,23118,6118,39625,1547,769,778
15450,47848,8204,23130,6119,39643,1548,770,778
15455,47858,8207,23134,6122,39650,1548,770,778
15460,47879,8209,23142,6124,39670,1549,770,779
15465,47889,8209,23144,6124,39680,1549,770,779
15470,47910,8210,23149,6124,39700,1550,770,780
15475,47920,8210,23154,6124,39710,1550,770,780
15480,47941,8211,23165,6125,39730,1551,771,780
15485,47951,8211,23171,6125,39740,1551,771,780
15490,47972,8212,23180,6126,39760,1552,771,781
15495,47982,8212,23184,6126,39770,1552,771,781
15500,48003,8213,23195,6126,39790,1553,772,781
15505,48013,8213,23200,6126,39800,1553,772,781
15510,48034,8215,23209,6127,39819,1554,772,782
15515,48044,8215,23216,6127,39829,1554,772,782
15520,48065,8217,23225,6127,39848,1555,773,782
15525,48075,8217,23232,6127,39858,1555,773,782
15530,48096,8221,23240,6129,39874,1556,773,783
15535,48106,8221,23246,6129,39884,1556,773,783
15540,48127,8226,23256,6132,39899,1557,774,783
15545,48137,8227,23263,6133,39909,1557,774,783
15550,48158,8232,23276,6137,39923,1558,775,783
15555,48168,8235,23282,6140,39932,1558,775,783
15560,48189,8242,23291,6146,39946,1559,776,783
15565,48199,8244,23295,6147,39955,1559,776,783
15570,48220,8248,23302,6149,39970,1560,776,784
15575,48230,8250,23305,6150,39979,1560,776,784
15580,48251,8258,23316,6155,39991,1561,777,784
15585,48261,8261,23323,6157,39999,1561,777,784
15590,48282,8266,23333,6160,40012,1562,777,785
15595,48292,8269,23337,6162,40023,1562,777,785
15600,48313,8272,23348,6163,40038,1563,777,786
15605,48323,8276,23352,6166,40047,1563,777,786
15610,48344,8279,23363,6168,40062,1564,777,787
15615,48354,8283,23370,6171,40070,1564,777,787
15620,48375,8286,23376,6174,40089,1565,778,787
15625,48385,8288,23380,6175,40097,1565,778,787
15630,48406,8291,23388,6178,40114,1566,779,787
15635,48416,8294,23391,6180,40121,1566,779,787
15640,48437,8299,23403,6185,40136,1567,779,788
15645,48447,8301,23409,6187,40145,1567,779,788
15650,48468,8307,23420,6192,40159,1568,779,789
15655,48478,8309,23424,6194,40168,1568,779,789
15660,48499,8312,23435,6196,40187,1569,780,789
15665,48509,8312,23440,6196,40197,1569,780,789
15670,48530,8313,23450,6196,40216,1570,781,789
15675,48540,8313,23456,6196,40226,1570,781,789
15680,48561,8314,23467,6196,40247,1571,782,789
15685,48571,8314,23471,6196,40257,1571,782,789
15690,48592,8315,23477,6196,40275,1572,782,790
15695,48602,8317,23482,6198,40284,1572,782,790
15700,48623,8319,23493,6198,40303,1573,783,790
15705,48633,8320,23497,6199,40312,1573,783,790
15710,48654,8323,23509,6202,40330,1574,784,790
15715,48664,8324,23513,6203,40340,1574,784,790
15720,48685,8327,23527,6205,40354,1575,785,790
15725,48695,8330,23530,6208,40364,1575,785,790
15730,48716,8334,23540,6211,40381,1576,785,791
15735,48726,8336,23546,6213,40390,1576,785,791
15740,48747,8340,23560,6216,40404,1577,786,791
15745,48757,8342,23563,6218,40415,1577,786,791
15750,48778,8343,23573,6218,40434,1578,787,791
15755,48788,8343,23578,6218,40444,1578,787,791
15760,48809,8346,23584,6219,40461,1579,787,792
15765,48819,8347,23590,6220,40471,1579,787,792
15770,48840,8352,23601,6225,40487,1580,788,792
15775,48850,8353,23605,6225,40497,1580,788,792
15780,48871,8356,23609,6228,40515,1581,788,793
15785,48881,8357,23614,6228,40523,1581,788,793
15790,48902,8361,23622,6230,40540,1582,788,794
15795,48912,8362,23624,6230,40550,1582,788,794
15800,48933,8365,23637,6232,40566,1583,789,794
15805,48943,8367,23642,6233,40575,1583,789,794
15810,48964,8371,23651,6235,40592,1584,790,794
15815,48974,8372,23655,6236,40601,1584,790,794
15820,48995,8375,23661,6237,40618,1585,790,795
15825,49005,8377,23666,6238,40627,1585,790,795
15830,49026,8383,23681,6244,40642,1586,791,795
15835,49036,8388,23685,6248,40648,1586,791,795
15840,49057,8392,23699,6251,40664,1587,792,795
15845,49067,8395,23705,6253,40672,1587,792,795
15850,49088,8396,23715,6254,40691,1588,793,795
15855,49098,8399,23721,6256,40698,1588,793,795
15860,49119,8402,23733,6258,40716,1589,793,796
15865,49129,8405,23738,6260,40723,1589,793,796
15870,49150,8408,23747,6261,40740,1590,793,797
15875,49160,8413,23754,6266,40747,1590,793,797
15880,49181,8417,23764,6269,40763,1591,793,798
15885,49191,8419,23770,6271,40772,1591,793,798
15890,49212,8422,23775,6272,40788,1592,794,798
15895,49222,8427,23782,6276,40795,1592,794,798
15900,49243,8432,23795,6280,40809,1593,795,798
15905,49253,8435,23797,6283,40818,1593,795,798
15910,49274,8438,23811,6285,40834,1594,796,798
15915,49284,8440,23815,6287,40844,1594,796,798
15920,49305,8442,23823,6288,40861,1595,796,799
15925,49315,8444,23827,6290,40871,1595,796,799
15930,49336,8447,23835,6291,40889,1596,796,800
15935,49346,8447,23839,6291,40899,1596,796,800
15940,49367,8448,23849,6291,40918,1597,796,801
15945,49377,8448,23856,6291,40928,1597,796,801
15950,49398,8451,23868,6294,40945,1598,797,801
15955,49408,8452,23873,6295,40956,1598,797,801
15960,49429,8455,23883,6297,40974,1599,797,802
15965,49439,8455,23888,6297,40984,1599,797,802
15970,49460,8457,23899,6299,41001,1600,797,803
15975,49470,8458,23902,6300,41012,1600,797,803
15980,49491,8461,23911,6302,41029,1601,797,804
15985,49501,8462,23917,6303,41038,1601,797,804
15990,49522,8465,23928,6306,41056,1602,798,804
15995,49532,8467,23930,6308,41065,1602,798,804
16000,49553,8471,23942,6310,41081,1603,798,805
16005,49563,8473,23946,6311,41089,1603,798,805
16010,49584,8478,23953,6315,41106,1604,799,805
16015,49594,8480,23960,6316,41112,1604,799,805
16020,49615,8486,23971,6321,41129,1605,800,805
16025,49625,8487,23976,6321,41138,1605,800,805
16030,49646,8489,23984,6322,41157,1606,800,806
16035,49656,8490,23991,6323,41166,1606,800,806
16040,49677,8493,24004,6324,41183,1607,801,806
16045,49687,8494,24008,6325,41192,1607,801,806
16050,49708,8498,24021,6329,41209,1608,802,806
16055,49718,8501,24024,6332,41216,1608,802,806
16060,49739,8505,24035,6334,41231,1609,802,807
16065,49749,8509,24038,6337,41239,1609,802,807
16070,49770,8513,24045,6340,41256,1610,802,808
16075,49780,8515,24051,6342,41263,1610,802,808
16080,49801,8521,24063,6347,41277,1611,803,808
16085,49811,8525,24067,6350,41286,1611,803,808
16090,49832,8530,24076,6353,41301,1612,804,808
16095,49842,8532,24081,6354,41310,1612,804,808
16100,49863,8535,24086,6355,41328,1613,804,809
16105,49873,8537,24092,6356,41336,1613,804,809
16110,49894,8542,24101,6359,41351,1614,804,810
16115,49904,8544,24104,6361,41360,1614,804,810
16120,49925,8547,24116,6363,41377,1615,805,810
16125,49935,8547,24121,6363,41387,1615,805,810
16130,49956,8551,24133,6367,41405,1616,806,810
16135,49966,8551,24140,6367,41415,1616,806,810
16140,49987,8554,24150,6368,41432,1617,806,811
16145,49997,8554,24152,6368,41443,1617,806,811
16150,50018,8557,24162,6369,41460,1618,806,812
16155,50028,8558,24166,6370,41470,1618,806,812
16160,50049,8560,24173,6372,41488,1619,806,813
16165,50059,8560,24177,6372,41499,1619,806,813
16170,50080,8563,24185,6373,41516,1620,806,814
16175,50090,8563,24188,6373,41526,1620,806,814
16180,50111,8566,24196,6375,41544,1621,807,814
16185,50121,8566,24199,6375,41555,1621,807,814
16190,50142,8570,24212,6378,41571,1622,808,814
16195,50152,8572,24216,6380,41580,1622,808,814
16200,50173,8575,24226,6382,41597,1623,809,814
16205,50183,8577,24229,6384,41606,1623,809,814
16210,50204,8580,24238,6386,41624,1624,810,814
16215,50214,8580,24241,6386,41634,1624,810,814
16220,50235,8582,24253,6387,41652,1625,811,814
16225,50245,8583,24260,6388,41660,1625,811,814
16230,50266,8585,24273,6389,41680,1626,812,814
16235,50276,8588,24280,6392,41687,1626,812,814
16240,50297,8590,24289,6392,41705,1627,812,815
16245,50307,8592,24293,6394,41713,1627,812,815
16250,50328,8595,24304,6397,41731,1628,813,815
16255,50338,8599,24310,6400,41738,1628,813,815
16260,50359,8602,24319,6401,41754,1629,814,815
16265,50369,8607,24325,6406,41762,1629,814,815
16270,50390,8610,24335,6407,41779,1630,815,815
16275,50400,8613,24341,6410,41787,1630,815,815
16280,50421,8617,24352,6412,41800,1631,816,815
16285,50431,8623,24357,6417,41808,1631,816,815
16290,50452,8626,24368,6418,41825,1632,816,816
16295,50462,8628,24373,6419,41834,1632,816,816
16300,50483,8630,24383,6420,41853,1633,816,817
16305,50493,8631,24386,6421,41862,1633,816,817
16310,50514,8633,24397,6422,41879,1634,817,817
16315,50524,8634,24399,6422,41890,1634,817,817
16320,50545,8636,24408,6424,41907,1635,817,818
16325,50555,8638,24411,6425,41917,1635,817,818
16330,50576,8642,24419,6427,41933,1636,818,818
16335,50586,8644,24424,6428,41941,1636,818,818
16340,50607,8649,24435,6432,41956,1637,818,819
16345,50617,8653,24443,6436,41963,1637,818,819
16350,50638,8657,24450,6439,41981,1638,818,820
16355,50648,8658,24455,6439,41988,1638,818,820
16360,50669,8664,24466,6444,42004,1639,819,820
16365,50679,8667,24470,6446,42010,1639,819,820
16370,50700,8675,24481,6454,42025,1640,819,821
16375,50710,8677,24486,6456,42033,1640,819,821
16380,50731,8680,24500,6459,42050,1641,819,822
16385,50741,8681,24505,6460,42060,1641,819,822
16390,50762,8682,24513,6461,42080,1642,820,822
16395,50772,8682,24516,6461,42090,1642,820,822
16400,50793,8684,24525,6462,42109,1643,821,822
16405,50803,8684,24531,6462,42119,1643,821,822
16410,50824,8687,24546,6463,42137,1644,821,823
16415,50834,8687,24552,6463,42147,1644,821,823
16420,50855,8690,24562,6465,42165,1645,821,824
16425,50865,8690,24567,6465,42175,1645,821,824
16430,50886,8692,24579,6465,42192,1646,822,824
16435,50896,8694,24583,6467,42202,1646,822,824
16440,50917,8696,24590,6469,42221,1647,822,825
16445,50927,8696,24594,6469,42231,1647,822,825
16450,50948,8699,24602,6471,42248,1648,822,826
16455,50958,8700,24606,6472,42257,1648,822,826
16460,50979,8702,24618,6472,42275,1649,823,826
16465,50989,8703,24623,6473,42285,1649,823,826
16470,51010,8705,24633,6474,42304,1650,824,826
16475,51020,8706,24638,6475,42311,1650,824,826
16480,51041,8711,24646,6478,42328,1651,824,827
16485,51051,8712,24652,6479,42338,1651,824,827
16490,51072,8717,24663,6482,42355,1652,825,827
16495,51082,8719,24668,6484,42362,1652,825,827
16500,51103,8723,24679,6487,42379,1653,825,828
16505,51113,8726,24684,6490,42387,1653,825,828
16510,51134,8730,24692,6493,42404,1654,825,829
16515,51144,8731,24696,6493,42412,1654,825,829
16520,51165,8739,24708,6500,42426,1655,825,830
16525,51175,8742,24717,6503,42432,1655,825,830
16530,51196,8746,24725,6506,42450,1656,826,830
16535,51206,8748,24730,6507,42457,1656,826,830
16540,51227,8751,24740,6510,42475,1657,827,830
16545,51237,8753,24743,6511,42483,1657,827,830
16550,51258,8758,24752,6515,42500,1658,827,831
16555,51268,8761,24760,6518,42506,1658,827,831
16560,51289,8767,24769,6522,42520,1659,827,832
16565,51299,8770,24774,6524,42527,1659,827,832
16570,51320,8776,24786,6529,42542,1660,828,832
16575,51330,8779,24791,6532,42551,1660,828,832
16580,51351,8781,24800,6533,42570,1661,829,832
16585,51361,8782,24805,6534,42579,1661,829,832
16590,51382,8784,24815,6536,42597,1662,829,833
16595,51392,8786,24818,6537,42604,1662,829,833
16600,51413,8788,24827,6539,42623,1663,830,833
16605,51423,8791,24834,6542,42629,1663,830,833
16610,51444,8794,24847,6545,42649,1664,830,834
16615,51454,8794,24850,6545,42659,1664,830,834
16620,51475,8795,24858,6545,42680,1665,831,834
16625,51485,8795,24863,6545,42689,1665,831,834
16630,51506,8796,24871,6545,42709,1666,831,835
16635,51516,8798,24874,6547,42717,1666,831,835
16640,51537,8800,24882,6547,42737,1667,832,835
16645,51547,8801,24887,6548,42746,1667,832,835
16650,51568,8803,24897,6549,42764,1668,833,835
16655,51578,8805,24902,6551,42773,1668,833,835
16660,51599,8807,24913,6553,42792,1669,834,835
16665,51609,8808,24917,6554,42801,1669,834,835
16670,51630,8811,24925,6556,42818,1670,834,836
16675,51640,8811,24929,6556,42828,1670,834,836
16680,51661,8816,24939,6559,42842,1671,835,836
16685,51671,8819,24943,6562,42851,1671,835,836
16690,51692,8825,24953,6566,42864,1672,835,837
16695,51702,8828,24957,6569,42874,1672,835,837
16700,51723,8834,24966,6573,42886,1673,835,838
16705,51733,8836,24971,6575,42897,1673,835,838
16710,51754,8839,24982,6576,42915,1674,836,838
16715,51764,8839,24989,6576,42924,1674,836,838
16720,51785,8843,24999,6578,42940,1675,836,839
16725,51795,8845,25006,6579,42948,1675,836,839
16730,51816,8850,25013,6582,42964,1676,837,839
16735,51826,8852,25020,6583,42972,1676,837,839
16740,51847,8858,25036,6589,42987,1677,837,840
16745,51857,8860,25041,6590,42997,1677,837,840
16750,51878,8861,25048,6591,43017,1678,837,841
16755,51888,8862,25052,6592,43026,1678,837,841
16760,51909,8864,25060,6593,43045,1679,837,842
16765,51919,8865,25066,6594,43053,1679,837,842
16770,51940,8866,25074,6594,43074,1680,837,843
16775,51950,8867,25079,6595,43083,1680,837,843
16780,51971,8869,25091,6596,43102,1681,838,843
16785,51981,8870,25097,6596,43110,1681,838,843
16790,52002,8871,25105,6597,43131,1682,839,843
16795,52012,8873,25109,6598,43138,1682,839,843
16800,52033,8875,25120,6599,43156,1683,839,844
16805,52043,8879,25127,6602,43164,1683,839,844
16810,52064,8883,25137,6604,43181,1684,840,844
16815,52074,8885,25144,6606,43189,1684,840,844
16820,52095,8888,25154,6609,43207,1685,840,845
16825,52105,8889,25156,6609,43216,1685,840,845
16830,52126,8891,25161,6610,43235,1686,840,846
16835,52136,8893,25165,6611,43242,1686,840,846
16840,52157,8896,25175,6612,43259,1687,840,847
16845,52167,8898,25179,6613,43267,1687,840,847
16850,52188,8902,25189,6615,43284,1688,841,847
16855,52198,8906,25194,6618,43290,1688,841,847
16860,52219,8912,25203,6623,43306,1689,842,847
16865,52229,8914,25211,6625,43314,1689,842,847
16870,52250,8918,25221,6628,43330,1690,843,847
16875,52260,8920,25227,6630,43339,1690,843,847
16880,52281,8924,25240,6634,43354,1691,844,847
16885,52291,8928,25246,6638,43362,1691,844,847
16890,52312,8933,25261,6642,43376,1692,845,847
16895,52322,8936,25264,6645,43386,1692,845,847
16900,52343,8939,25271,6647,43404,1693,845,848
16905,52353,8940,25277,6648,43412,1693,845,848
16910,52374,8945,25286,6652,43428,1694,845,849
16915,52384,8946,25289,6653,43437,1694,845,849
16920,52405,8951,25300,6656,43451,1695,845,850
16925,52415,8955,25306,6660,43458,1695,845,850
16930,52436,8961,25314,6665,43474,1696,846,850
16935,52446,8961,25315,6665,43484,1696,846,850
16940,52467,8965,25326,6668,43500,1697,847,850
16945,52477,8965,25331,6668,43512,1697,847,850
16950,52498,8968,25342,6669,43528,1698,848,850
16955,52508,8968,25346,6669,43540,1698,848,850
16960,52529,8972,25356,6673,43555,1699,848,851
16965,52539,8973,25358,6674,43566,1699,848,851
16970,52560,8975,25365,6676,43585,1700,848,852
16975,52570,8976,25370,6676,43592,1700,848,852
16980,52591,8977,25379,6677,43614,1701,849,852
16985,52601,8978,25384,6678,43622,1701,849,852
16990,52622,8980,25394,6679,43641,1702,850,852
16995,52632,8983,25401,6682,43648,1702,850,852
17000,52653,8984,25406,6682,43668,1703,850,853
17005,52663,8987,25410,6684,43675,1703,850,853
17010,52684,8988,25420,6684,43695,1704,851,853
17015,52694,8990,25424,6686,43704,1704,851,853
17020,52715,8991,25430,6686,43723,1705,851,854
17025,52725,8993,25434,6687,43732,1705,851,854
17030,52746,8995,25443,6689,43749,1706,851,855
17035,52756,8998,25450,6692,43758,1706,851,855
17040,52777,9002,25461,6695,43772,1707,851,856
17045,52787,9007,25464,6699,43780,1707,851,856
17050,52808,9011,25477,6703,43797,1708,852,856
17055,52818,9011,25482,6703,43807,1708,852,856
17060,52839,9014,25492,6705,43822,1709,853,856
17065,52849,9017,25498,6708,43832,1709,853,856
17070,52870,9020,25507,6708,43849,1710,854,856
17075,52880,9021,25512,6709,43859,1710,854,856
17080,52901,9028,25524,6715,43871,1711,855,856
17085,52911,9031,25530,6718,43880,1711,855,856
17090,52932,9035,25538,6720,43897,1712,855,857
17095,52942,9035,25543,6720,43905,1712,855,857
17100,52963,9040,25552,6723,43922,1713,855,858
17105,52973,9041,25554,6724,43932,1713,855,858
17110,52994,9044,25566,6725,43947,1714,856,858
17115,53004,9046,25573,6727,43957,1714,856,858
17120,53025,9050,25582,6729,43972,1715,857,858
17125,53035,9053,25589,6732,43982,1715,857,858
17130,53056,9055,25602,6733,44000,1716,858,858
17135,53066,9056,25607,6734,44010,1716,858,858
17140,53087,9058,25616,6736,44028,1717,859,858
17145,53097,9058,25622,6736,44037,1717,859,858
17150,53118,9064,25632,6741,44054,1718,860,858
17155,53128,9065,25636,6742,44062,1718,860,858
17160,53149,9069,25643,6745,44079,1719,860,859
17165,53159,9071,25648,6746,44087,1719,860,859
17170,53180,9074,25657,6748,44106,1720,861,859
17175,53190,9075,25658,6749,44115,1720,861,859
17180,53211,9078,25670,6752,44133,1721,862,859
17185,53221,9080,25678,6754,44140,1721,862,859
17190,53242,9083,25689,6756,44158,1722,863,859
17195,53252,9084,25694,6756,44168,1722,863,859
17200,53273,9085,25705,6757,44188,1723,863,860
17205,53283,9086,25709,6757,44197,1723,863,860
17210,53304,9087,25717,6758,44217,1724,863,861
17215,53314,9089,25725,6760,44224,1724,863,861
17220,53335,9091,25737,6762,44243,1725,864,861
17225,53345,9094,25743,6765,44249,1725,864,861
17230,53366,9097,25753,6768,44267,1726,864,862
17235,53376,9100,25758,6770,44275,1726,864,862
17240,53397,9103,25763,6771,44293,1727,864,863
17245,53407,9105,25767,6773,44301,1727,864,863
17250,53428,9108,25773,6775,44320,1728,864,864
17255,53438,9109,25777,6775,44328,1728,864,864
17260,53459,9112,25789,6777,44347,1729,864,865
17265,53469,9114,25795,6778,44355,1729,864,865
17270,53490,9118,25807,6781,44370,1730,864,866
17275,53500,9121,25815,6784,44379,1730,864,866
17280,53521,9125,25824,6787,44396,1731,865,866
17285,53531,9125,25828,6787,44406,1731,865,866
17290,53552,9127,25839,6788,44424,1732,866,866
17295,53562,9128,25846,6789,44434,1732,866,866
17300,53583,9133,25856,6792,44448,1733,866,867
17305,53593,9136,25859,6795,44457,1733,866,867
17310,53614,9140,25868,6797,44471,1734,867,867
17315,53624,9143,25869,6800,44481,1734,867,867
17320,53645,9148,25881,6803,44493,1735,868,867
17325,53655,9153,25890,6808,44501,1735,868,867
17330,53676,9159,25898,6811,44513,1736,868,868
17335,53686,9164,25903,6816,44522,1736,868,868
17340,53707,9170,25915,6821,44536,1737,868,869
17345,53717,9172,25922,6823,44544,1737,868,869
17350,53738,9176,25935,6826,44561,1738,868,870
17355,53748,9177,25941,6827,44569,1738,868,870
17360,53769,9182,25953,6831,44586,1739,869,870
17365,53779,9182,25960,6831,44596,1739,869,870
17370,53800,9183,25968,6831,44616,1740,869,871
17375,53810,9183,25975,6831,44626,1740,869,871
17380,53831,9184,25984,6831,44646,1741,869,872
17385,53841,9185,25986,6831,44655,1741,869,872
17390,53862,9186,25998,6832,44674,1742,869,873
17395,53872,9187,26003,6832,44683,1742,869,873
17400,53893,9188,26014,6833,44705,1743,870,873
17405,53903,9189,26017,6833,44713,1743,870,873
17410,53924,9191,26025,6835,44732,1744,870,874
17415,53934,9192,26028,6835,44741,1744,870,874
17420,53955,9193,26037,6836,44761,1745,870,875
17425,53965,9194,26041,6837,44771,1745,870,875
17430,53986,9195,26047,6838,44790,1746,871,875
17435,53996,9196,26052,6838,44800,1746,871,875
17440,54017,9198,26062,6840,44817,1747,871,876
17445,54027,9199,26066,6840,44828,1747,871,876
17450,54048,9203,26074,6842,44843,1748,871,877
17455,54058,9206,26079,6845,44852,1748,871,877
17460,54079,9211,26091,6849,44866,1749,872,877
17465,54089,9216,26098,6853,44872,1749,872,877
17470,54110,9223,26107,6859,44886,1750,872,878
17475,54120,9226,26113,6861,44893,1750,872,878
17480,54141,9232,26121,6866,44908,1751,873,878
17485,54151,9236,26126,6869,44915,1751,873,878
17490,54172,9242,26139,6875,44928,1752,874,878
17495,54182,9244,26141,6876,44938,1752,874,878
17500,54203,9248,26152,6879,44954,1753,875,878
17505,54213,9251,26158,6882,44962,1753,875,878
17510,54234,9256,26167,6885,44976,1754,875,879
17515,54244,9260,26169,6888,44984,1754,875,879
17520,54265,9263,26180,6890,45000,1755,876,879
17525,54275,9267,26184,6893,45007,1755,876,879
17530,54296,9275,26193,6899,45020,1756,876,880
17535,54306,9278,26198,6902,45026,1756,876,880
17540,54327,9284,26206,6906,45041,1757,876,881
17545,54337,9287,26210,6909,45050,1757,876,881
17550,54358,9289,26223,6911,45069,1758,877,881
17555,54368,9289,26224,6911,45079,1758,877,881
17560,54389,9291,26234,6912,45097,1759,877,882
17565,54399,9292,26237,6913,45106,1759,877,882
17570,54420,9294,26246,6915,45126,1760,877,883
17575,54430,9294,26247,6915,45136,1760,877,883
17580,54451,9296,26260,6916,45153,1761,878,883
17585,54461,9297,26264,6917,45164,1761,878,883
17590,54482,9298,26279,6918,45183,1762,879,883
17595,54492,9298,26281,6918,45194,1762,879,883
17600,54513,9299,26290,6918,45214,1763,879,884
17605,54523,9299,26297,6918,45224,1763,879,884
17610,54544,9300,26304,6919,45244,1764,879,885
17615,54554,9300,26307,6919,45254,1764,879,885
17620,54575,9301,26316,6920,45274,1765,880,885
17625,54585,9301,26320,6920,45284,1765,880,885
17630,54606,9302,26331,6920,45303,1766,880,886
17635,54616,9302,26334,6920,45313,1766,880,886
17640,54637,9303,26342,6920,45334,1767,881,886
17645,54647,9303,26347,6920,45343,1767,881,886
17650,54668,9308,26358,6924,45358,1768,882,886
17655,54678,9311,26364,6926,45367,1768,882,886
17660,54699,9316,26375,6931,45382,1769,882,887
17665,54709,9318,26380,6933,45390,1769,882,887
17670,54730,9321,26388,6935,45409,1770,883,887
17675,54740,9322,26392,6936,45417,1770,883,887
17680,54761,9326,26403,6939,45435,1771,883,888
17685,54771,9328,26406,6940,45442,1771,883,888
17690,54792,9335,26415,6945,45457,1772,883,889
17695,54802,9336,26416,6945,45466,1772,883,889
17700,54823,9341,26427,6948,45478,1773,884,889
17705,54833,9345,26431,6951,45486,1773,884,889
17710,54854,9353,26442,6958,45497,1774,884,890
17715,54864,9358,26447,6962,45505,1774,884,890
17720,54885,9366,26460,6968,45517,1775,885,890
17725,54895,9369,26466,6971,45526,1775,885,890
17730,54916,9376,26478,6976,45539,1776,885,891
17735,54926,9377,26479,6976,45549,1776,885,891
17740,54947,9380,26486,6978,45566,1777,885,892
17745,54957,9382,26493,6980,45574,1777,885,892
17750,54978,9385,26509,6982,45593,1778,885,893
17755,54988,9386,26512,6982,45602,1778,885,893
17760,55009,9388,26525,6983,45621,1779,885,894
17765,55019,9389,26531,6983,45630,1779,885,894
17770,55040,9390,26542,6983,45648,1780,886,894
17775,55050,9394,26547,6987,45656,1780,886,894
17780,55071,9397,26559,6990,45673,1781,887,894
17785,55081,9400,26564,6992,45681,1781,887,894
17790,55102,9402,26575,6994,45699,1782,887,895
17795,55112,9405,26580,6996,45707,1782,887,895
17800,55133,9406,26588,6996,45726,1783,887,896
17805,55143,9408,26593,6997,45735,1783,887,896
17810,55164,9410,26602,6998,45754,1784,888,896
17815,55174,9410,26605,6998,45764,1784,888,896
17820,55195,9411,26615,6999,45783,1785,888,897
17825,55205,9411,26619,6999,45794,1785,888,897
17830,55226,9412,26628,6999,45813,1786,888,898
17835,55236,9412,26631,6999,45824,1786,888,898
17840,55257,9414,26638,7000,45843,1787,888,899
17845,55267,9414,26640,7000,45853,1787,888,899
17850,55288,9416,26656,7002,45872,1788,889,899
17855,55298,9416,26664,7002,45880,1788,889,899
17860,55319,9421,26672,7005,45898,1789,890,899
17865,55329,9421,26676,7005,45907,1789,890,899
17870,55350,9426,26686,7008,45923,1790,890,900
17875,55360,9426,26689,7008,45933,1790,890,900
17880,55381,9430,26698,7011,45950,1791,890,901
17885,55391,9430,26701,7011,45961,1791,890,901
17890,55412,9435,26710,7014,45977,1792,890,902
17895,55422,9436,26716,7015,45984,1792,890,902
17900,55443,9442,26730,7021,46000,1793,890,903
17905,55453,9444,26735,7023,46009,1793,890,903
17910,55474,9448,26744,7024,46026,1794,891,903
17915,55484,9449,26749,7025,46034,1794,891,903
17920,55505,9455,26762,7030,46049,1795,892,903
17925,55515,9457,26765,7032,46058,1795,892,903
17930,55536,9464,26773,7037,46072,1796,892,904
17935,55546,9466,26779,7039,46080,1796,892,904
17940,55567,9470,26788,7041,46097,1797,892,905
17945,55577,9471,26792,7042,46106,1797,892,905
17950,55598,9474,26801,7043,46123,1798,893,905
17955,55608,9475,26808,7044,46133,1798,893,905
17960,55629,9480,26818,7047,46147,1799,894,905
17965,55639,9483,26820,7049,46156,1799,894,905
17970,55660,9487,26831,7051,46172,1800,895,905
17975,55670,9489,26835,7052,46180,1800,895,905
17980,55691,9494,26842,7055,46197,1801,896,905
17985,55701,9496,26845,7057,46205,1801,896,905
17990,55722,9501,26854,7060,46220,1802,896,906
17995,55732,9502,26856,7061,46230,1802,896,906
18000,55753,9505,26866,7062,46247,1803,896,907
18005,55763,9505,26873,7062,46256,1803,896,907
18010,55784,9508,26883,7063,46276,1804,897,907
18015,55794,9508,26888,7063,46285,1804,897,907
18020,55815,9511,26899,7065,46303,1805,897,908
18025,55825,9511,26904,7065,46314,1805,897,908
18030,55846,9514,26913,7067,46332,1806,898,908
18035,55856,9514,26916,7067,46342,1806,898,908
18040,55877,9518,26927,7071,46359,1807,898,909
18045,55887,9518,26933,7071,46369,1807,898,909
18050,55908,9522,26947,7073,46384,1808,899,909
18055,55918,9523,26950,7074,46394,1808,899,909
18060,55939,9528,26955,7076,46410,1809,899,910
18065,55949,9529,26960,7077,46419,1809,899,910
18070,55970,9535,26970,7082,46434,1810,899,911
18075,55980,9536,26972,7083,46443,1810,899,911
18080,56001,9542,26982,7088,46459,1811,899,912
18085,56011,9542,26986,7088,46469,1811,899,912
18090,56032,9546,26993,7089,46486,1812,900,912
18095,56042,9546,26996,7089,46496,1812,900,912
18100,56063,9550,27003,7090,46513,1813,901,912
18105,56073,9551,27008,7090,46522,1813,901,912
18110,56094,9557,27017,7093,46536,1814,901,913
18115,56104,9560,27023,7096,46544,1814,901,913
18120,56125,9567,27034,7102,46557,1815,901,914
18125,56135,9569,27037,7104,46565,1815,901,914
18130,56156,9575,27042,7107,46578,1816,901,915
18135,56166,9581,27047,7113,46584,1816,901,915
18140,56187,9588,27058,7119,46597,1817,902,915
18145,56197,9591,27065,7122,46605,1817,902,915
18150,56218,9596,27076,7124,46619,1818,902,916
18155,56228,9601,27080,7128,46626,1818,902,916
18160,56249,9604,27091,7131,46644,1819,902,917
18165,56259,9607,27098,7134,46652,1819,902,917
18170,56280,9610,27109,7136,46668,1820,902,918
18175,56290,9610,27113,7136,46679,1820,902,918
18180,56311,9613,27119,7137,46698,1821,902,919
18185,56321,9613,27124,7137,46707,1821,902,919
18190,56342,9616,27135,7139,46725,1822,902,920
18195,56352,9616,27140,7139,46734,1822,902,920
18200,56373,9619,27149,7141,46753,1823,902,921
18205,56383,9619,27153,7141,46764,1823,902,921
18210,56404,9622,27165,7143,46782,1824,903,921
18215,56414,9622,27169,7143,46792,1824,903,921
18220,56435,9625,27182,7146,46809,1825,903,922
18225,56445,9625,27189,7146,46820,1825,903,922
18230,56466,9628,27203,7148,46836,1826,904,922
18235,56476,9628,27207,7148,46848,1826,904,922
18240,56497,9631,27214,7149,46866,1827,905,922
18245,56507,9631,27220,7149,46876,1827,905,922
18250,56528,9634,27234,7151,46893,1828,906,922
18255,56538,9634,27239,7151,46903,1828,906,922
18260,56559,9639,27248,7154,46920,1829,906,923
18265,56569,9639,27252,7154,46930,1829,906,923
18270,56590,9643,27264,7156,46946,1830,907,923
18275,56600,9643,27269,7156,46956,1830,907,923
18280,56621,9649,27281,7161,46971,1831,907,924
18285,56631,9651,27286,7162,46978,1831,907,924
18290,56652,9659,27295,7169,46992,1832,907,925
18295,56662,9662,27299,7171,46998,1832,907,925
18300,56683,9672,27316,7181,47011,1833,908,925
18305,56693,9674,27321,7182,47018,1833,908,925
18310,56714,9682,27331,7189,47031,1834,909,925
18315,56724,9685,27334,7191,47038,1834,909,925
18320,56745,9691,27344,7196,47053,1835,909,926
18325,56755,9694,27349,7199,47060,1835,909,926
18330,56776,9699,27359,7202,47077,1836,909,927
18335,56786,9700,27363,7202,47085,1836,909,927
18340,56807,9705,27375,7205,47102,1837,910,927
18345,56817,9707,27379,7207,47110,1837,910,927
18350,56838,9712,27388,7211,47124,1838,911,927
18355,56848,9716,27394,7214,47132,1838,911,927
18360,56869,9719,27405,7215,47149,1839,912,927
18365,56879,9719,27409,7215,47160,1839,912,927
18370,56900,9722,27416,7217,47177,1840,912,928
18375,56910,9722,27422,7217,47188,1840,912,928
18380,56931,9725,27431,7218,47206,1841,912,929
18385,56941,9725,27432,7218,47216,1841,912,929
18390,56962,9728,27442,7219,47233,1842,913,929
18395,56972,9728,27448,7219,47242,1842,913,929
18400,56993,9731,27453,7219,47262,1843,913,930
18405,57003,9731,27458,7219,47272,1843,913,930
18410,57024,9734,27465,7220,47289,1844,914,930
18415,57034,9734,27468,7220,47300,1844,914,930
18420,57055,9737,27480,7222,47318,1845,915,930
18425,57065,9737,27484,7222,47328,1845,915,930
18430,57086,9740,27492,7223,47345,1846,916,930
18435,57096,9741,27498,7224,47354,1846,916,930
18440,57117,9747,27508,7227,47369,1847,916,931
18445,57127,9748,27513,7228,47378,1847,916,931
18450,57148,9753,27522,7232,47394,1848,916,932
18455,57158,9754,27526,7233,47403,1848,916,932
18460,57179,9759,27533,7235,47419,1849,916,933
18465,57189,9761,27536,7236,47427,1849,916,933
18470,57210,9769,27545,7242,47441,1850,916,934
18475,57220,9771,27550,7244,47447,1850,916,934
18480,57241,9778,27563,7250,47458,1851,917,934
18485,57251,9785,27570,7256,47464,1851,917,934
18490,57272,9792,27576,7260,47479,1852,918,934
18495,57282,9795,27581,7263,47487,1852,918,934
18500,57303,9798,27596,7266,47505,1853,919,934
18505,57313,9799,27599,7266,47512,1853,919,934
18510,57334,9803,27606,7269,47531,1854,919,935
18515,57344,9804,27609,7270,47540,1854,919,935
18520,57365,9809,27620,7273,47555,1855,920,935
18525,57375,9812,27626,7276,47561,1855,920,935
18530,57396,9817,27636,7279,47578,1856,920,936
18535,57406,9817,27641,7279,47589,1856,920,936
18540,57427,9820,27652,7282,47607,1857,921,936
18545,57437,9820,27656,7282,47616,1857,921,936
18550,57458,9823,27665,7284,47634,1858,922,936
18555,57468,9823,27672,7284,47645,1858,922,936
18560,57489,9826,27684,7285,47662,1859,922,937
18565,57499,9826,27686,7285,47673,1859,922,937
18570,57520,9829,27694,7286,47691,1860,922,938
18575,57530,9829,27696,7286,47701,1860,922,938
18580,57551,9832,27704,7288,47719,1861,923,938
18585,57561,9832,27709,7288,47729,1861,923,938
18590,57582,9835,27721,7289,47746,1862,924,938
18595,57592,9835,27725,7289,47757,1862,924,938
18600,57613,9839,27736,7291,47772,1863,924,939
18605,57623,9840,27739,7292,47783,1863,924,939
18610,57644,9844,27744,7293,47800,1864,924,940
18615,57654,9844,27748,7293,47810,1864,924,940
18620,57675,9848,27757,7294,47826,1865,925,940
18625,57685,9848,27763,7294,47836,1865,925,940
18630,57706,9853,27774,7298,47853,1866,925,941
18635,57716,9854,27780,7299,47860,1866,925,941
18640,57737,9860,27790,7303,47877,1867,926,941
18645,57747,9861,27795,7303,47885,1867,926,941
18650,57768,9867,27802,7305,47901,1868,926,942
18655,57778,9868,27806,7306,47910,1868,926,942
18660,57799,9874,27817,7310,47925,1869,927,942
18665,57809,9876,27822,7311,47932,1869,927,942
18670,57830,9883,27834,7316,47947,1870,927,943
18675,57840,9884,27836,7317,47955,1870,927,943
18680,57861,9891,27846,7323,47970,1871,927,944
18685,57871,9893,27852,7324,47975,1871,927,944
18690,57892,9902,27863,7331,47990,1872,928,944
18695,57902,9903,27867,7332,47998,1872,928,944
18700,57923,9908,27877,7335,48015,1873,928,945
18705,57933,9909,27881,7335,48024,1873,928,945
18710,57954,9914,27890,7338,48039,1874,928,946
18715,57964,9918,27894,7341,48046,1874,928,946
18720,57985,9924,27903,7345,48060,1875,928,947
18725,57995,9927,27909,7347,48068,1875,928,947
18730,58016,9933,27922,7351,48081,1876,929,947
18735,58026,9933,27930,7351,48091,1876,929,947
18740,58047,9936,27940,7352,48110,1877,929,948
18745,58057,9936,27945,7352,48121,1877,929,948
18750,58078,9939,27959,7354,48137,1878,929,949
18755,58088,9939,27964,7354,48149,1878,929,949
18760,58109,9942,27970,7355,48166,1879,929,950
18765,58119,9942,27977,7355,48177,1879,929,950
18770,58140,9945,27984,7357,48195,1880,930,950
18775,58150,9945,27988,7357,48205,1880,930,950
18780,58171,9948,27997,7358,48222,1881,931,950
18785,58181,9948,28002,7358,48233,1881,931,950
18790,58202,9951,28015,7360,48250,1882,932,950
18795,58212,9951,28019,7360,48261,1882,932,950
18800,58233,9954,28031,7361,48278,1883,932,951
18805,58243,9955,28035,7362,48288,1883,932,951
18810,58264,9960,28048,7364,48303,1884,933,951
18815,58274,9961,28053,7365,48312,1884,933,951
18820,58295,9966,28069,7369,48328,1885,934,951
18825,58305,9968,28073,7371,48336,1885,934,951
18830,58326,9973,28082,7373,48352,1886,934,952
18835,58336,9974,28088,7374,48361,1886,934,952
18840,58357,9982,28103,7380,48373,1887,935,952
18845,58367,9986,28109,7383,48379,1887,935,952
18850,58388,9995,28118,7390,48393,1888,936,952
18855,58398,9997,28122,7391,48400,1888,936,952
18860,58419,10001,28132,7393,48418,1889,936,953
18865,58429,10002,28137,7393,48425,1889,936,953
18870,58450,10005,28149,7395,48445,1890,937,953
18875,58460,10006,28154,7395,48453,1890,937,953
18880,58481,10009,28161,7396,48472,1891,937,954
18885,58491,10010,28168,7397,48480,1891,937,954
18890,58512,10015,28180,7402,48496,1892,938,954
18895,58522,10019,28186,7406,48503,1892,938,954
18900,58543,10023,28196,7408,48517,1893,939,954
18905,58553,10027,28200,7411,48526,1893,939,954
18910,58574,10032,28213,7415,48542,1894,939,955
18915,58584,10032,28217,7415,48552,1894,939,955
18920,58605,10035,28224,7415,48570,1895,939,956
18925,58615,10035,28229,7415,48580,1895,939,956
18930,58636,10038,28239,7415,48598,1896,939,957
18935,58646,10038,28243,7415,48608,1896,939,957
18940,58667,10041,28252,7415,48626,1897,939,958
18945,58677,10041,28253,7415,48636,1897,939,958
18950,58698,10044,28264,7416,48654,1898,940,958
18955,58708,10044,28269,7416,48664,1898,940,958
18960,58729,10049,28280,7420,48680,1899,940,959
18965,58739,10049,28286,7420,48690,1899,940,959
18970,58760,10052,28291,7421,48708,1900,941,959
18975,58770,10052,28294,7421,48718,1900,941,959
18980,58791,10056,28304,7423,48735,1901,941,960
18985,58801,10056,28310,7423,48744,1901,941,960
18990,58822,10062,28320,7427,48760,1902,942,960
18995,58832,10062,28323,7427,48770,1902,942,960
19000,58853,10066,28334,7429,48787,1903,943,960
19005,58863,10066,28339,7429,48795,1903,943,960
19010,58884,10072,28349,7435,48812,1904,944,960
19015,58894,10074,28356,7437,48819,1904,944,960
19020,58915,10080,28368,7440,48834,1905,944,961
19025,58925,10081,28372,7441,48843,1905,944,961
19030,58946,10088,28383,7445,48856,1906,945,961
19035,58956,10090,28386,7446,48865,1906,945,961
19040,58977,10095,28395,7450,48881,1907,945,962
19045,58987,10098,28400,7453,48888,1907,945,962
19050,59008,10103,28411,7456,48903,1908,946,962
19055,59018,10106,28416,7458,48911,1908,946,962
19060,59039,10109,28425,7461,48930,1909,947,962
19065,59049,10110,28429,7462,48939,1909,947,962
19070,59070,10113,28437,7465,48954,1910,947,963
19075,59080,10117,28442,7469,48961,1910,947,963
19080,59101,10123,28456,7473,48974,1911,948,963
19085,59111,10129,28460,7478,48981,1911,948,963
19090,59132,10133,28472,7481,48998,1912,949,963
19095,59142,10133,28476,7481,49009,1912,949,963
19100,59163,10135,28483,7481,49028,1913,950,963
19105,59173,10135,28486,7481,49038,1913,950,963
19110,59194,10137,28497,7483,49055,1914,950,964
19115,59204,10137,28503,7483,49067,1914,950,964
19120,59225,10140,28509,7484,49084,1915,951,964
19125,59235,10140,28514,7484,49095,1915,951,964
19130,59256,10142,28523,7485,49114,1916,952,964
19135,59266,10142,28528,7485,49124,1916,952,964
19140,59287,10144,28534,7487,49143,1917,952,965
19145,59297,10144,28539,7487,49153,1917,952,965
19150,59318,10147,28550,7489,49171,1918,953,965
19155,59328,10147,28557,7489,49180,1918,953,965
19160,59349,10153,28568,7492,49194,1919,954,965
19165,59359,10154,28571,7493,49205,1919,954,965
19170,59380,10158,28580,7494,49222,1920,954,966
19175,59390,10158,28583,7494,49231,1920,954,966
19180,59411,10165,28593,7499,49246,1921,955,966
19185,59421,10165,28596,7499,49255,1921,955,966
19190,59442,10172,28607,7503,49270,1922,955,967
19195,59452,10175,28613,7506,49276,1922,955,967
19200,59473,10180,28622,7509,49292,1923,956,967
19205,59483,10183,28628,7512,49298,1923,956,967
19210,59504,10189,28638,7518,49315,1924,956,968
19215,59514,10190,28645,7518,49324,1924,956,968
19220,59535,10194,28656,7522,49340,1925,956,969
19225,59545,10196,28660,7524,49349,1925,956,969
19230,59566,10199,28673,7526,49367,1926,957,969
19235,59576,10201,28680,7528,49375,1926,957,969
19240,59597,10204,28691,7530,49392,1927,958,969
19245,59607,10207,28696,7533,49400,1927,958,969
19250,59628,10212,28710,7537,49415,1928,959,969
19255,59638,10214,28717,7539,49424,1928,959,969
19260,59659,10218,28726,7542,49441,1929,959,970
19265,59669,10220,28732,7544,49449,1929,959,970
19270,59690,10223,28742,7546,49467,1930,960,970
19275,59700,10223,28747,7546,49476,1930,960,970
19280,59721,10226,28759,7548,49494,1931,961,970
19285,59731,10226,28766,7548,49504,1931,961,970
19290,59752,10228,28773,7548,49523,1932,961,971
19295,59762,10228,28778,7548,49534,1932,961,971
19300,59783,10230,28788,7549,49552,1933,961,972
19305,59793,10230,28793,7549,49563,1933,961,972
19310,59814,10232,28803,7551,49581,1934,962,972
19315,59824,10232,28808,7551,49591,1934,962,972
19320,59845,10236,28819,7553,49607,1935,963,972
19325,59855,10237,28823,7554,49618,1935,963,972
19330,59876,10240,28831,7555,49636,1936,964,972
19335,59886,10240,28834,7555,49646,1936,964,972
19340,59907,10243,28840,7555,49663,1937,964,973
19345,59917,10243,28844,7555,49674,1937,964,973
19350,59938,10248,28854,7558,49690,1938,965,973
19355,59948,10248,28859,7558,49699,1938,965,973
19360,59969,10253,28866,7560,49715,1939,966,973
19365,59979,10253,28872,7560,49725,1939,966,973
19370,60000,10260,28882,7567,49740,1940,966,974
19375,60010,10262,28886,7569,49748,1940,966,974
19380,60031,10267,28897,7574,49763,1941,966,975
19385,60041,10270,28903,7577,49770,1941,966,975
19390,60062,10278,28916,7585,49784,1942,967,975
19395,60072,10280,28921,7587,49791,1942,967,975
19400,60093,10283,28930,7588,49809,1943,968,975
19405,60103,10284,28937,7588,49818,1943,968,975
19410,60124,10288,28946,7592,49836,1944,968,976
19415,60134,10289,28950,7592,49845,1944,968,976
19420,60155,10293,28962,7596,49862,1945,968,977
19425,60165,10294,28968,7597,49871,1945,968,977
19430,60186,10297,28973,7599,49887,1946,968,978
19435,60196,10300,28977,7602,49896,1946,968,978
19440,60217,10304,28989,7605,49910,1947,969,978
19445,60227,10309,28996,7610,49918,1947,969,978
19450,60248,10311,29007,7610,49937,1948,970,978
19455,60258,10311,29011,7610,49947,1948,970,978
19460,60279,10313,29016,7610,49965,1949,971,978
19465,60289,10313,29021,7610,49976,1949,971,978
19470,60310,10316,29033,7612,49994,1950,972,978
19475,60320,10316,29040,7612,50004,1950,972,978
19480,60341,10318,29050,7613,50023,1951,973,978
19485,60351,10318,29056,7613,50033,1951,973,978
19490,60372,10321,29068,7615,50050,1952,974,978
19495,60382,10322,29071,7616,50060,1952,974,978
19500,60403,10326,29082,7619,50076,1953,974,979
19505,60413,10327,29086,7620,50086,1953,974,979
19510,60434,10330,29097,7622,50104,1954,974,980
19515,60444,10330,29103,7622,50113,1954,974,980
19520,60465,10335,29113,7626,50130,1955,974,981
19525,60475,10335,29118,7626,50139,1955,974,981
19530,60496,10341,29126,7630,50154,1956,974,982
19535,60506,10343,29132,7632,50162,1956,974,982
19540,60527,10349,29147,7637,50177,1957,974,983
19545,60537,10351,29151,7639,50186,1957,974,983
19550,60558,10355,29162,7641,50201,1958,975,983
19555,60568,10358,29166,7643,50210,1958,975,983
19560,60589,10362,29174,7647,50226,1959,976,983
19565,60599,10363,29177,7648,50236,1959,976,983
19570,60620,10369,29186,7652,50251,1960,976,984
19575,60630,10370,29190,7653,50260,1960,976,984
19580,60651,10373,29201,7655,50276,1961,976,985
19585,60661,10376,29210,7658,50285,1961,976,985
19590,60682,10380,29220,7661,50300,1962,977,985
19595,60692,10382,29226,7663,50310,1962,977,985
19600,60713,10386,29236,7666,50325,1963,977,986
19605,60723,10390,29242,7670,50333,1963,977,986
19610,60744,10396,29255,7675,50345,1964,978,986
19615,60754,10399,29259,7678,50355,1964,978,986
19620,60775,10401,29273,7679,50372,1965,978,987
19625,60785,10401,29280,7679,50383,1965,978,987
19630,60806,10404,29290,7682,50402,1966,979,987
19635,60816,10404,29298,7682,50410,1966,979,987
19640,60837,10406,29305,7682,50431,1967,979,988
19645,60847,10406,29310,7682,50439,1967,979,988
19650,60868,10408,29320,7683,50459,1968,980,988
19655,60878,10408,29324,7683,50470,1968,980,988
19660,60899,10410,29335,7685,50488,1969,981,988
19665,60909,10410,29340,7685,50498,1969,981,988
19670,60930,10413,29348,7686,50517,1970,982,988
19675,60940,10413,29349,7686,50527,1970,982,988
19680,60961,10417,29360,7688,50543,1971,983,988
19685,60971,10417,29366,7688,50554,1971,983,988
19690,60992,10421,29377,7692,50570,1972,983,989
19695,61002,10422,29382,7693,50580,1972,983,989
19700,61023,10426,29390,7694,50596,1973,983,990
19705,61033,10427,29393,7695,50606,1973,983,990
19710,61054,10431,29403,7697,50623,1974,983,991
19715,61064,10431,29406,7697,50632,1974,983,991
19720,61085,10436,29414,7700,50649,1975,983,992
19725,61095,10438,29421,7701,50656,1975,983,992
19730,61116,10442,29430,7704,50673,1976,984,992
19735,61126,10446,29435,7707,50679,1976,984,992
19740,61147,10453,29441,7711,50693,1977,984,993
19745,61157,10455,29446,7713,50701,1977,984,993
19750,61178,10463,29456,7720,50714,1978,984,994
19755,61188,10466,29461,7722,50722,1978,984,994
19760,61209,10471,29469,7724,50736,1979,985,994
19765,61219,10473,29472,7726,50745,1979,985,994
19770,61240,10477,29482,7729,50762,1980,985,995
19775,61250,10479,29486,7731,50770,1980,985,995
19780,61271,10486,29496,7735,50785,1981,985,996
19785,61281,10486,29499,7735,50793,1981,985,996
19790,61302,10495,29513,7743,50806,1982,986,996
19795,61312,10495,29518,7743,50814,1982,986,996
19800,61333,10498,29531,7744,50835,1983,986,997
19805,61343,10498,29537,7744,50843,1983,986,997
19810,61364,10500,29546,7744,50864,1984,987,997
19815,61374,10500,29550,7744,50874,1984,987,997
19820,61395,10503,29561,7746,50891,1985,987,998
19825,61405,10503,29567,7746,50902,1985,987,998
19830,61426,10506,29577,7748,50919,1986,988,998
19835,61436,10506,29580,7748,50930,1986,988,998
19840,61457,10509,29590,7749,50947,1987,988,999
19845,61467,10509,29595,7749,50958,1987,988,999
19850,61488,10511,29603,7751,50977,1988,988,1000
19855,61498,10511,29608,7751,50987,1988,988,1000
19860,61519,10513,29621,7752,51005,1989,988,1001
19865,61529,10513,29625,7752,51016,1989,988,1001
19870,61550,10516,29635,7755,51034,1990,988,1002
19875,61560,10518,29641,7757,51042,1990,988,1002
19880,61581,10522,29653,7761,51059,1991,989,1002
19885,61591,10525,29659,7763,51066,1991,989,1002
19890,61612,10529,29668,7765,51082,1992,990,1002
19895,61622,10533,29673,7768,51088,1992,990,1002
19900,61643,10539,29684,7771,51100,1993,991,1002
19905,61653,10545,29689,7776,51107,1993,991,1002
19910,61674,10551,29696,7781,51123,1994,991,1003
19915,61684,10551,29703,7781,51131,1994,991,1003
19920,61705,10559,29712,7787,51146,1995,992,1003
19925,61715,10559,29716,7787,51154,1995,992,1003
19930,61736,10568,29726,7793,51168,1996,993,1003
19935,61746,10569,29732,7794,51175,1996,993,1003
19940,61767,10575,29741,7798,51191,1997,993,1004
19945,61777,10575,29746,7798,51201,1997,993,1004
19950,61798,10577,29758,7799,51221,1998,994,1004
19955,61808,10577,29762,7799,51231,1998,994,1004
19960,61829,10579,29769,7799,51250,1999,994,1005
19965,61839,10579,29772,7799,51259,1999,994,1005
19970,61860,10581,29783,7801,51279,2000,995,1005
19975,61870,10581,29788,7801,51288,2000,995,1005
19980,61891,10584,29795,7802,51307,2001,995,1006
19985,61901,10584,29799,7802,51316,2001,995,1006
19990,61922,10586,29808,7804,51336,2002,996,1006
19995,61932,10586,29813,7804,51346,2002,996,1006
20000,61953,10588,29825,7805,51365,2003,996,1007
20005,61963,10588,29833,7805,51375,2003,996,1007
20010,61984,10590,29843,7807,51394,2004,997,1007
20015,61994,10590,29848,7807,51404,2004,997,1007
20020,62015,10594,29858,7809,51421,2005,998,1007
20025,62025,10596,29861,7811,51429,2005,998,1007
20030,62046,10601,29871,7814,51445,2006,998,1008
20035,62056,10603,29876,7815,51453,2006,998,1008
20040,62077,10607,29890,7818,51469,2007,999,1008
20045,62087,10608,29895,7818,51478,2007,999,1008
20050,62108,10614,29907,7823,51491,2008,999,1009
20055,62118,10619,29914,7828,51498,2008,999,1009
20060,62139,10626,29925,7834,51508,2009,1000,1009
20065,62149,10631,29929,7839,51517,2009,1000,1009
20070,62170,10636,29938,7842,51532,2010,1001,1009
20075,62180,10638,29941,7843,51542,2010,1001,1009
20080,62201,10644,29950,7846,51555,2011,1002,1009
20085,62211,10647,29955,7849,51563,2011,1002,1009
20090,62232,10652,29965,7853,51578,2012,1002,1010
20095,62242,10653,29969,7854,51588,2012,1002,1010
20100,62263,10659,29978,7859,51603,2013,1002,1011
20105,62273,10660,29981,7860,51611,2013,1002,1011
20110,62294,10664,29990,7861,51630,2014,1002,1012
20115,62304,10664,29995,7861,51638,2014,1002,1012
20120,62325,10667,30005,7862,51658,2015,1003,1012
20125,62335,10667,30010,7862,51666,2015,1003,1012
20130,62356,10670,30018,7864,51685,2016,1003,1013
20135,62366,10670,30023,7864,51696,2016,1003,1013
20140,62387,10672,30033,7865,51714,2017,1003,1014
20145,62397,10672,30035,7865,51725,2017,1003,1014
20150,62418,10674,30047,7866,51743,2018,1003,1015
20155,62428,10674,30048,7866,51754,2018,1003,1015
20160,62449,10677,30061,7868,51771,2019,1003,1016
20165,62459,10677,30064,7868,51782,2019,1003,1016
20170,62480,10679,30072,7868,51801,2020,1004,1016
20175,62490,10679,30078,7868,51811,2020,1004,1016
20180,62511,10682,30090,7870,51829,2021,1004,1017
20185,62521,10682,30093,7870,51839,2021,1004,1017
20190,62542,10686,30106,7872,51856,2022,1004,1018
20195,62552,10687,30111,7872,51865,2022,1004,1018
20200,62573,10691,30123,7875,51882,2023,1005,1018
20205,62583,10692,30129,7876,51891,2023,1005,1018
20210,62604,10695,30135,7877,51906,2024,1006,1018
20215,62614,10700,30141,7881,51914,2024,1006,1018
20220,62635,10704,30147,7883,51928,2025,1006,1019
20225,62645,10708,30152,7886,51936,2025,1006,1019
20230,62666,10713,30161,7889,51950,2026,1007,1019
20235,62676,10717,30165,7893,51958,2026,1007,1019
20240,62697,10724,30177,7897,51970,2027,1008,1019
20245,62707,10729,30183,7902,51977,2027,1008,1019
20250,62728,10735,30194,7907,51991,2028,1008,1020
20255,62738,10739,30198,7911,51997,2028,1008,1020
20260,62759,10746,30211,7917,52013,2029,1009,1020
20265,62769,10747,30213,7918,52022,2029,1009,1020
20270,62790,10751,30222,7921,52038,2030,1010,1020
20275,62800,10752,30226,7922,52046,2030,1010,1020
20280,62821,10759,30236,7929,52062,2031,1010,1021
20285,62831,10759,30239,7929,52071,2031,1010,1021
20290,62852,10762,30249,7931,52088,2032,1011,1021
20295,62862,10762,30255,7931,52100,2032,1011,1021
20300,62883,10765,30264,7933,52117,2033,1011,1022
20305,62893,10765,30265,7933,52128,2033,1011,1022
20310,62914,10768,30274,7935,52145,2034,1011,1023
20315,62924,10768,30277,7935,52156,2034,1011,1023
20320,62945,10771,30285,7937,52174,2035,1012,1023
20325,62955,10771,30289,7937,52183,2035,1012,1023
20330,62976,10774,30300,7938,52201,2036,1013,1023
20335,62986,10774,30306,7938,52210,2036,1013,1023
20340,63007,10776,30317,7938,52230,2037,1014,1023
20345,63017,10776,30321,7938,52241,2037,1014,1023
20350,63038,10779,30331,7940,52258,2038,1014,1024
20355,63048,10779,30335,7940,52269,2038,1014,1024
20360,63069,10781,30346,7940,52287,2039,1015,1024
20365,63079,10782,30351,7941,52297,2039,1015,1024
20370,63100,10786,30361,7944,52313,2040,1016,1024
20375,63110,10788,30367,7945,52322,2040,1016,1024
20380,63131,10790,30378,7946,52340,2041,1017,1024
20385,63141,10791,30381,7946,52350,2041,1017,1024
20390,63162,10797,30396,7951,52364,2042,1018,1024
20395,63172,10800,30403,7954,52372,2042,1018,1024
20400,63193,10805,30413,7958,52388,2043,1019,1024
20405,63203,10806,30417,7958,52396,2043,1019,1024
20410,63224,10813,30421,7962,52410,2044,1019,1025
20415,63234,10816,30425,7964,52417,2044,1019,1025
20420,63255,10821,30437,7968,52431,2045,1020,1025
20425,63265,10826,30440,7972,52439,2045,1020,1025
20430,63286,10832,30447,7976,52454,2046,1020,1026
20435,63296,10835,30452,7978,52460,2046,1020,1026
20440,63317,10840,30461,7981,52476,2047,1020,1027
20445,63327,10842,30467,7983,52484,2047,1020,1027
20450,63348,10848,30476,7987,52499,2048,1020,1028
20455,63358,10851,30482,7990,52506,2048,1020,1028
20460,63379,10855,30489,7992,52524,2049,1020,1029
20465,63389,10855,30493,7992,52534,2049,1020,1029
20470,63410,10858,30506,7995,52552,2050,1020,1030
20475,63420,10858,30510,7995,52561,2050,1020,1030
20480,63441,10860,30521,7995,52581,2051,1020,1031
20485,63451,10860,30526,7995,52589,2051,1020,1031
20490,63472,10862,30537,7997,52610,2052,1020,1032
20495,63482,10862,30541,7997,52618,2052,1020,1032
20500,63503,10865,30554,8000,52637,2053,1021,1032
20505,63513,10865,30560,8000,52648,2053,1021,1032
20510,63534,10867,30567,8002,52667,2054,1021,1033
20515,63544,10867,30571,8002,52677,2054,1021,1033
20520,63565,10869,30583,8003,52695,2055,1022,1033
20525,63575,10869,30586,8003,52706,2055,1022,1033
20530,63596,10872,30596,8005,52724,2056,1022,1034
20535,63606,10872,30602,8005,52734,2056,1022,1034
20540,63627,10874,30612,8006,52753,2057,1022,1035
20545,63637,10875,30616,8007,52762,2057,1022,1035
20550,63658,10877,30623,8007,52781,2058,1022,1036
20555,63668,10878,30627,8007,52790,2058,1022,1036
20560,63689,10881,30639,8008,52808,2059,1023,1036
20565,63699,10883,30642,8010,52816,2059,1023,1036
20570,63720,10887,30651,8013,52832,2060,1023,1037
20575,63730,10890,30657,8015,52839,2060,1023,1037
20580,63751,10897,30667,8020,52852,2061,1024,1037
20585,63761,10901,30674,8023,52860,2061,1024,1037
20590,63782,10907,30686,8028,52872,2062,1025,1037
20595,63792,10911,30692,8031,52880,2062,1025,1037
20600,63813,10916,30698,8033,52894,2063,1025,1038
20605,63823,10922,30705,8039,52899,2063,1025,1038
20610,63844,10930,30717,8045,52913,2064,1026,1038
20615,63854,10932,30722,8047,52920,2064,1026,1038
20620,63875,10940,30731,8052,52934,2065,1026,1039
20625,63885,10942,30737,8054,52942,2065,1026,1039
20630,63906,10944,30747,8055,52961,2066,1026,1040
20635,63916,10944,30751,8055,52971,2066,1026,1040
20640,63937,10946,30762,8056,52990,2067,1026,1041
20645,63947,10946,30767,8056,52999,2067,1026,1041
20650,63968,10949,30779,8058,53019,2068,1027,1041
20655,63978,10949,30786,8058,53028,2068,1027,1041
20660,63999,10951,30792,8059,53048,2069,1027,1042
20665,64009,10951,30799,8059,53058,2069,1027,1042
20670,64030,10954,30811,8061,53076,2070,1028,1042
20675,64040,10954,30818,8061,53086,2070,1028,1042
20680,64061,10957,30825,8062,53104,2071,1028,1043
20685,64071,10957,30831,8062,53114,2071,1028,1043
20690,64092,10959,30843,8063,53133,2072,1029,1043
20695,64102,10959,30848,8063,53143,2072,1029,1043
20700,64123,10962,30859,8065,53161,2073,1030,1043
20705,64133,10962,30866,8065,53171,2073,1030,1043
20710,64154,10965,30878,8068,53189,2074,1030,1044
20715,64164,10965,30882,8068,53199,2074,1030,1044
20720,64185,10969,30894,8071,53215,2075,1031,1044
20725,64195,10972,30899,8073,53223,2075,1031,1044
20730,64216,10975,30909,8076,53238,2076,1032,1044
20735,64226,10979,30912,8080,53247,2076,1032,1044
20740,64247,10985,30922,8083,53259,2077,1033,1044
20745,64257,10990,30926,8088,53267,2077,1033,1044
20750,64278,10995,30934,8091,53281,2078,1033,1045
20755,64288,10999,30938,8094,53289,2078,1033,1045
20760,64309,11006,30951,8099,53299,2079,1034,1045
20765,64319,11009,30957,8102,53309,2079,1034,1045
20770,64340,11016,30964,8107,53323,2080,1034,1046
20775,64350,11018,30971,8109,53329,2080,1034,1046
20780,64371,11025,30980,8114,53344,2081,1034,1047
20785,64381,11025,30985,8114,53355,2081,1034,1047
20790,64402,11027,30994,8115,53374,2082,1035,1047
20795,64412,11027,31001,8115,53383,2082,1035,1047
20800,64433,11030,31013,8116,53402,2083,1036,1047
20805,64443,11030,31016,8116,53412,2083,1036,1047
20810,64464,11032,31029,8118,53432,2084,1037,1047
20815,64474,11032,31034,8118,53442,2084,1037,1047
20820,64495,11034,31045,8119,53460,2085,1037,1048
20825,64505,11034,31048,8119,53471,2085,1037,1048
20830,64526,11037,31060,8122,53489,2086,1037,1049
20835,64536,11037,31068,8122,53499,2086,1037,1049
20840,64557,11039,31078,8124,53518,2087,1037,1050
20845,64567,11039,31083,8124,53528,2087,1037,1050
20850,64588,11041,31097,8126,53547,2088,1038,1050
20855,64598,11041,31100,8126,53557,2088,1038,1050
20860,64619,11044,31106,8127,53575,2089,1038,1051
20865,64629,11044,31110,8127,53585,2089,1038,1051
20870,64650,11048,31122,8131,53602,2090,1038,1052
20875,64660,11050,31127,8132,53610,2090,1038,1052
20880,64681,11053,31138,8135,53628,2091,1039,1052
20885,64691,11054,31146,8136,53636,2091,1039,1052
20890,64712,11059,31158,8141,53653,2092,1040,1052
20895,64722,11060,31163,8141,53661,2092,1040,1052
20900,64743,11066,31179,8146,53676,2093,1041,1052
20905,64753,11068,31183,8147,53685,2093,1041,1052
20910,64774,11075,31194,8152,53696,2094,1042,1052
20915,64784,11080,31198,8156,53703,2094,1042,1052
20920,64805,11085,31203,8158,53718,2095,1042,1053
20925,64815,11089,31209,8162,53726,2095,1042,1053
20930,64836,11097,31222,8169,53735,2096,1042,1054
20935,64846,11104,31228,8176,53740,2096,1042,1054
20940,64867,11111,31238,8180,53753,2097,1042,1055
20945,64877,11113,31243,8182,53763,2097,1042,1055
20950,64898,11116,31254,8184,53781,2098,1042,1056
20955,64908,11116,31261,8184,53789,2098,1042,1056
20960,64929,11119,31273,8185,53809,2099,1043,1056
20965,64939,11119,31278,8185,53818,2099,1043,1056
20970,64960,11121,31285,8185,53838,2100,1043,1057
20975,64970,11121,31290,8185,53849,2100,1043,1057
20980,64991,11123,31300,8186,53868,2101,1044,1057
20985,65001,11123,31304,8186,53878,2101,1044,1057
20990,65022,11125,31315,8187,53897,2102,1045,1057
20995,65032,11125,31319,8187,53907,2102,1045,1057
21000,65053,11127,31329,8188,53925,2103,1046,1057
21005,65063,11127,31333,8188,53936,2103,1046,1057
21010,65084,11129,31339,8188,53954,2104,1047,1057
21015,65094,11129,31343,8188,53965,2104,1047,1057
21020,65115,11131,31350,8188,53984,2105,1048,1057
21025,65125,11131,31357,8188,53994,2105,1048,1057
21030,65146,11134,31367,8190,54012,2106,1048,1058
21035,65156,11134,31372,8190,54022,2106,1048,1058
21040,65177,11137,31381,8191,54040,2107,1048,1059
21045,65187,11137,31385,8191,54050,2107,1048,1059
21050,65208,11143,31395,8196,54063,2108,1048,1060
21055,65218,11147,31403,8200,54070,2108,1048,1060
21060,65239,11152,31412,8203,54085,2109,1049,1060
21065,65249,11155,31420,8206,54093,2109,1049,1060
21070,65270,11160,31426,8209,54109,2110,1049,1061
21075,65280,11162,31429,8210,54118,2110,1049,1061
21080,65301,11169,31445,8216,54128,2111,1049,1062
21085,65311,11174,31452,8221,54136,2111,1049,1062
21090,65332,11181,31462,8226,54150,2112,1049,1063
21095,65342,11181,31464,8226,54161,2112,1049,1063
21100,65363,11185,31471,8228,54178,2113,1050,1063
21105,65373,11185,31477,8228,54188,2113,1050,1063
21110,65394,11189,31490,8229,54203,2114,1051,1063
21115,65404,11190,31496,8230,54211,2114,1051,1063
21120,65425,11200,31508,8237,54224,2115,1051,1064
21125,65435,11202,31514,8239,54231,2115,1051,1064
21130,65456,11205,31525,8241,54250,2116,1051,1065
21135,65466,11205,31529,8241,54260,2116,1051,1065
21140,65487,11208,31540,8243,54279,2117,1052,1065
21145,65497,11208,31543,8243,54289,2117,1052,1065
21150,65518,11211,31551,8244,54306,2118,1052,1066
21155,65528,11211,31558,8244,54317,2118,1052,1066
21160,65549,11213,31566,8245,54336,2119,1052,1067
21165,65559,11213,31572,8245,54345,2119,1052,1067
21170,65580,11215,31582,8245,54365,2120,1053,1067
21175,65590,11215,31588,8245,54373,2120,1053,1067
21180,65611,11218,31603,8248,54392,2121,1054,1067
21185,65621,11218,31605,8248,54403,2121,1054,1067
21190,65642,11220,31618,8250,54422,2122,1054,1068
21195,65652,11220,31622,8250,54432,2122,1054,1068
21200,65673,11224,31633,8253,54449,2123,1055,1068
21205,65683,11225,31638,8253,54458,2123,1055,1068
21210,65704,11229,31650,8256,54474,2124,1056,1068
21215,65714,11230,31656,8257,54484,2124,1056,1068
21220,65735,11234,31663,8259,54501,2125,1056,1069
21225,65745,11235,31665,8260,54510,2125,1056,1069
21230,65766,11241,31676,8264,54523,2126,1057,1069
21235,65776,11244,31680,8266,54531,2126,1057,1069
21240,65797,11251,31691,8271,54543,2127,1057,1070
21245,65807,11256,31697,8275,54549,2127,1057,1070
21250,65828,11264,31708,8283,54561,2128,1057,1071
21255,65838,11268,31713,8287,54569,2128,1057,1071
21260,65859,11273,31722,8291,54585,2129,1057,1072
21265,65869,11275,31730,8293,54593,2129,1057,1072
21270,65890,11279,31743,8297,54609,2130,1057,1073
21275,65900,11281,31749,8299,54619,2130,1057,1073
21280,65921,11282,31756,8300,54639,2131,1057,1074
21285,65931,11282,31757,8300,54649,2131,1057,1074
21290,65952,11283,31766,8300,54669,2132,1057,1075
21295,65962,11283,31772,8300,54678,2132,1057,1075
21300,65983,11284,31784,8300,54699,2133,1058,1075
21305,65993,11284,31790,8300,54708,2133,1058,1075
21310,66014,11285,31798,8301,54729,2134,1058,1076
21315,66024,11285,31802,8301,54739,2134,1058,1076
21320,66045,11286,31812,8301,54759,2135,1059,1076
21325,66055,11286,31820,8301,54769,2135,1059,1076
21330,66076,11287,31827,8301,54789,2136,1059,1077
21335,66086,11287,31832,8301,54799,2136,1059,1077
21340,66107,11288,31843,8301,54819,2137,1060,1077
21345,66117,11288,31849,8301,54829,2137,1060,1077
21350,66138,11291,31859,8304,54847,2138,1061,1077
21355,66148,11291,31863,8304,54857,2138,1061,1077
21360,66169,11293,31871,8306,54876,2139,1062,1077
21365,66179,11294,31874,8306,54885,2139,1062,1077
21370,66200,11296,31881,8306,54904,2140,1063,1077
21375,66210,11297,31886,8307,54913,2140,1063,1077
21380,66231,11299,31894,8308,54932,2141,1063,1078
21385,66241,11300,31900,8309,54940,2141,1063,1078
21390,66262,11305,31911,8313,54957,2142,1064,1078
21395,66272,11306,31916,8314,54966,2142,1064,1078
21400,66293,11313,31929,8320,54976,2143,1064,1079
21405,66303,11319,31935,8326,54983,2143,1064,1079
21410,66324,11327,31946,8331,54993,2144,1064,1080
21415,66334,11332,31948,8336,55002,2144,1064,1080
21420,66355,11336,31956,8338,55017,2145,1064,1081
21425,66365,11340,31959,8342,55024,2145,1064,1081
21430,66386,11344,31970,8346,55041,2146,1065,1081
21435,66396,11345,31974,8347,55051,2146,1065,1081
21440,66417,11348,31983,8349,55069,2147,1065,1082
21445,66427,11348,31986,8349,55078,2147,1065,1082
21450,66448,11353,31998,8352,55094,2148,1065,1083
21455,66458,11355,32003,8354,55102,2148,1065,1083
21460,66479,11360,32013,8357,55119,2149,1066,1083
21465,66489,11361,32019,8358,55127,2149,1066,1083
21470,66510,11365,32028,8360,55145,2150,1067,1083
21475,66520,11366,32035,8361,55154,2150,1067,1083
21480,66541,11370,32042,8363,55170,2151,1067,1084
21485,66551,11370,32045,8363,55181,2151,1067,1084
21490,66572,11372,32053,8364,55199,2152,1067,1085
21495,66582,11372,32058,8364,55210,2152,1067,1085
21500,66603,11375,32069,8366,55227,2153,1067,1086
21505,66613,11375,32073,8366,55236,2153,1067,1086
21510,66634,11377,32084,8368,55257,2154,1068,1086
21515,66644,11377,32090,8368,55265,2154,1068,1086
21520,66665,11380,32100,8369,55284,2155,1068,1087
21525,66675,11380,32103,8369,55294,2155,1068,1087
21530,66696,11384,32119,8372,55311,2156,1069,1087
21535,66706,11385,32124,8372,55318,2156,1069,1087
21540,66727,11388,32135,8373,55335,2157,1069,1088
21545,66737,11393,32138,8377,55344,2157,1069,1088
21550,66758,11397,32146,8379,55360,2158,1070,1088
21555,66768,11400,32151,8382,55368,2158,1070,1088
21560,66789,11404,32161,8386,55383,2159,1070,1089
21565,66799,11408,32167,8389,55391,2159,1070,1089
21570,66820,11410,32178,8390,55407,2160,1070,1090
21575,66830,11414,32182,8393,55416,2160,1070,1090
21580,66851,11416,32195,8393,55434,2161,1070,1091
21585,66861,11416,32201,8393,55444,2161,1070,1091
21590,66882,11420,32209,8397,55462,2162,1071,1091
21595,66892,11420,32215,8397,55471,2162,1071,1091
21600,66913,11425,32222,8401,55488,2163,1071,1092
21605,66923,11425,32226,8401,55498,2163,1071,1092
21610,66944,11428,32239,8403,55515,2164,1072,1092
21615,66954,11429,32243,8404,55525,2164,1072,1092
21620,66975,11434,32254,8407,55540,2165,1072,1093
21625,66985,11435,32260,8408,55550,2165,1072,1093
21630,67006,11439,32271,8411,55567,2166,1073,1093
21635,67016,11439,32274,8411,55577,2166,1073,1093
21640,67037,11443,32287,8414,55593,2167,1073,1094
21645,67047,11445,32294,8416,55600,2167,1073,1094
21650,67068,11452,32305,8422,55616,2168,1074,1094
21655,67078,11453,32312,8423,55622,2168,1074,1094
21660,67099,11462,32322,8429,55637,2169,1075,1094
21665,67109,11462,32327,8429,55646,2169,1075,1094
21670,67130,11465,32332,8430,55665,2170,1075,1095
21675,67140,11465,32338,8430,55674,2170,1075,1095
21680,67161,11468,32350,8432,55693,2171,1076,1095
21685,67171,11468,32358,8432,55702,2171,1076,1095
21690,67192,11472,32370,8436,55720,2172,1077,1095
21695,67202,11473,32375,8436,55728,2172,1077,1095
21700,67223,11475,32382,8437,55747,2173,1078,1095
21705,67233,11478,32386,8440,55755,2173,1078,1095
21710,67254,11483,32394,8444,55770,2174,1079,1095
21715,67264,11485,32402,8446,55779,2174,1079,1095
21720,67285,11487,32408,8447,55796,2175,1079,1096
21725,67295,11491,32415,8450,55804,2175,1079,1096
21730,67316,11496,32426,8455,55818,2176,1080,1096
21735,67326,11500,32430,8459,55826,2176,1080,1096
21740,67347,11503,32444,8461,55844,2177,1081,1096
21745,67357,11503,32449,8461,55854,2177,1081,1096
21750,67378,11505,32456,8462,55873,2178,1081,1097
21755,67388,11505,32461,8462,55883,2178,1081,1097
21760,67409,11508,32470,8463,55901,2179,1081,1098
21765,67419,11508,32476,8463,55911,2179,1081,1098
21770,67440,11512,32485,8464,55927,2180,1081,1099
21775,67450,11512,32489,8464,55937,2180,1081,1099
21780,67471,11518,32499,8470,55951,2181,1081,1100
21785,67481,11519,32504,8471,55961,2181,1081,1100
21790,67502,11524,32514,8474,55978,2182,1081,1101
21795,67512,11524,32516,8474,55987,2182,1081,1101
21800,67533,11528,32528,8478,56004,2183,1082,1101
21805,67543,11529,32532,8479,56012,2183,1082,1101
21810,67564,11537,32543,8486,56026,2184,1082,1102
21815,67574,11537,32550,8486,56036,2184,1082,1102
21820,67595,11542,32563,8489,56052,2185,1083,1102
21825,67605,11543,32568,8490,56060,2185,1083,1102
21830,67626,11550,32582,8496,56075,2186,1084,1102
21835,67636,11550,32589,8496,56085,2186,1084,1102
21840,67657,11552,32596,8497,56105,2187,1084,1103
21845,67667,11552,32598,8497,56114,2187,1084,1103
21850,67688,11554,32610,8498,56134,2188,1085,1103
21855,67698,11555,32612,8499,56143,2188,1085,1103
21860,67719,11557,32618,8499,56161,2189,1086,1103
21865,67729,11559,32623,8501,56169,2189,1086,1103
21870,67750,11563,32636,8504,56187,2190,1087,1103
21875,67760,11564,32640,8504,56196,2190,1087,1103
21880,67781,11567,32648,8505,56212,2191,1087,1104
21885,67791,11570,32654,8508,56221,2191,1087,1104
21890,67812,11575,32663,8512,56236,2192,1087,1105
21895,67822,11577,32667,8513,56245,2192,1087,1105
21900,67843,11582,32675,8517,56260,2193,1087,1106
21905,67853,11585,32681,8519,56268,2193,1087,1106
21910,67874,11587,32687,8519,56285,2194,1088,1106
21915,67884,11591,32694,8522,56293,2194,1088,1106
21920,67905,11597,32706,8528,56307,2195,1089,1106
21925,67915,11597,32711,8528,56318,2195,1089,1106
21930,67936,11599,32724,8530,56337,2196,1090,1106
21935,67946,11599,32726,8530,56347,2196,1090,1106
21940,67967,11603,32734,8532,56362,2197,1090,1107
21945,67977,11604,32739,8533,56372,2197,1090,1107
21950,67998,11609,32751,8538,56389,2198,1090,1108
21955,68008,11610,32757,8539,56398,2198,1090,1108
21960,68029,11615,32768,8542,56414,2199,1091,1108
21965,68039,11615,32773,8542,56423,2199,1091,1108
21970,68060,11619,32781,8545,56441,2200,1091,1109
21975,68070,11619,32786,8545,56451,2200,1091,1109
21980,68091,11623,32794,8548,56467,2201,1092,1109
21985,68101,11624,32798,8549,56476,2201,1092,1109
21990,68122,11631,32808,8554,56491,2202,1093,1109
21995,68132,11632,32812,8555,56499,2202,1093,1109
22000,68153,11638,32819,8559,56515,2203,1093,1110
22005,68163,11640,32825,8561,56521,2203,1093,1110
22010,68184,11646,32841,8565,56537,2204,1094,1110
22015,68194,11646,32843,8565,56548,2204,1094,1110
22020,68215,11648,32849,8566,56567,2205,1094,1111
22025,68225,11648,32856,8566,56575,2205,1094,1111
22030,68246,11650,32865,8567,56596,2206,1095,1111
22035,68256,11651,32871,8567,56603,2206,1095,1111
22040,68277,11653,32883,8568,56623,2207,1096,1111
22045,68287,11654,32886,8568,56633,2207,1096,1111
22050,68308,11657,32893,8570,56651,2208,1096,1112
22055,68318,11660,32898,8572,56658,2208,1096,1112
22060,68339,11664,32907,8575,56672,2209,1096,1113
22065,68349,11669,32913,8580,56680,2209,1096,1113
22070,68370,11672,32918,8581,56697,2210,1096,1114
22075,68380,11674,32923,8582,56706,2210,1096,1114
22080,68401,11680,32933,8586,56719,2211,1097,1114
22085,68411,11683,32938,8589,56728,2211,1097,1114
22090,68432,11687,32947,8593,56743,2212,1098,1114
22095,68442,11689,32954,8595,56753,2212,1098,1114
22100,68463,11691,32966,8596,56772,2213,1099,1114
22105,68473,11691,32972,8596,56782,2213,1099,1114
22110,68494,11693,32983,8597,56799,2214,1100,1114
22115,68504,11693,32986,8597,56811,2214,1100,1114
22120,68525,11696,32999,8600,56827,2215,1100,1115
22125,68535,11696,33003,8600,56839,2215,1100,1115
22130,68556,11700,33010,8601,56856,2216,1100,1116
22135,68566,11700,33015,8601,56865,2216,1100,1116
22140,68587,11704,33024,8604,56882,2217,1101,1116
22145,68597,11704,33025,8604,56892,2217,1101,1116
22150,68618,11711,33036,8610,56907,2218,1102,1116
22155,68628,11712,33040,8611,56914,2218,1102,1116
22160,68649,11720,33051,8617,56928,2219,1102,1117
22165,68659,11723,33056,8620,56935,2219,1102,1117
22170,68680,11730,33066,8625,56950,2220,1102,1118
22175,68690,11730,33070,8625,56958,2220,1102,1118
22180,68711,11737,33084,8630,56974,2221,1102,1119
22185,68721,11737,33089,8630,56984,2221,1102,1119
22190,68742,11740,33100,8631,57002,2222,1103,1119
22195,68752,11740,33106,8631,57012,2222,1103,1119
22200,68773,11743,33116,8633,57030,2223,1103,1120
22205,68783,11745,33121,8634,57038,2223,1103,1120
22210,68804,11749,33129,8637,57055,2224,1103,1121
22215,68814,11750,33133,8638,57064,2224,1103,1121
22220,68835,11755,33144,8643,57080,2225,1104,1121
22225,68845,11756,33149,8644,57087,2225,1104,1121
22230,68866,11758,33156,8645,57107,2226,1105,1121
22235,68876,11760,33160,8647,57115,2226,1105,1121
22240,68897,11763,33170,8648,57133,2227,1105,1122
22245,68907,11764,33176,8649,57142,2227,1105,1122
22250,68928,11768,33185,8651,57159,2228,1106,1122
22255,68938,11770,33188,8653,57168,2228,1106,1122
22260,68959,11774,33198,8655,57182,2229,1107,1122
22265,68969,11778,33201,8658,57191,2229,1107,1122
22270,68990,11781,33209,8660,57207,2230,1107,1123
22275,69000,11785,33214,8663,57215,2230,1107,1123
22280,69021,11790,33221,8667,57231,2231,1107,1124
22285,69031,11790,33223,8667,57241,2231,1107,1124
22290,69052,11793,33232,8669,57258,2232,1107,1125
22295,69062,11793,33237,8669,57269,2232,1107,1125
22300,69083,11797,33243,8671,57286,2233,1108,1125
22305,69093,11798,33247,8672,57295,2233,1108,1125
22310,69114,11801,33256,8673,57311,2234,1109,1125
22315,69124,11803,33259,8675,57321,2234,1109,1125
22320,69145,11807,33272,8676,57337,2235,1110,1125
22325,69155,11808,33280,8677,57346,2235,1110,1125
22330,69176,11813,33289,8681,57363,2236,1110,1126
22335,69186,11813,33292,8681,57372,2236,1110,1126
22340,69207,11817,33301,8683,57390,2237,1110,1127
22345,69217,11817,33306,8683,57399,2237,1110,1127
22350,69238,11822,33320,8686,57415,2238,1111,1127
22355,69248,11824,33325,8688,57424,2238,1111,1127
22360,69269,11829,33334,8692,57439,2239,1111,1128
22365,69279,11831,33339,8694,57445,2239,1111,1128
22370,69300,11838,33346,8698,57461,2240,1111,1129
22375,69310,11838,33348,8698,57472,2240,1111,1129
22380,69331,11840,33358,8700,57490,2241,1112,1129
22385,69341,11840,33364,8700,57500,2241,1112,1129
22390,69362,11842,33375,8702,57519,2242,1112,1130
22395,69372,11843,33381,8703,57527,2242,1112,1130
22400,69393,11845,33388,8703,57547,2243,1112,1131
22405,69403,11846,33394,8704,57557,2243,1112,1131
22410,69424,11848,33401,8704,57576,2244,1113,1131
22415,69434,11849,33406,8705,57585,2244,1113,1131
22420,69455,11851,33416,8705,57603,2245,1113,1132
22425,69465,11852,33417,8705,57613,2245,1113,1132
22430,69486,11857,33427,8710,57629,2246,1113,1133
22435,69496,11859,33434,8711,57637,2246,1113,1133
22440,69517,11862,33447,8714,57651,2247,1114,1133
22445,69527,11867,33452,8718,57660,2247,1114,1133
22450,69548,11869,33458,8718,57679,2248,1114,1134
22455,69558,11871,33463,8719,57687,2248,1114,1134
22460,69579,11875,33474,8723,57703,2249,1115,1134
22465,69589,11878,33479,8726,57711,2249,1115,1134
22470,69610,11881,33484,8729,57729,2250,1115,1135
22475,69620,11883,33488,8730,57737,2250,1115,1135
22480,69641,11890,33498,8735,57748,2251,1116,1135
22485,69651,11894,33503,8739,57756,2251,1116,1135
22490,69672,11900,33512,8744,57771,2252,1117,1135
22495,69682,11903,33519,8747,57778,2252,1117,1135
22500,69703,11908,33528,8750,57794,2253,1117,1136
22505,69713,11909,33535,8751,57802,2253,1117,1136
22510,69734,11916,33544,8757,57818,2254,1117,1137
22515,69744,11917,33547,8758,57827,2254,1117,1137
22520,69765,11922,33559,8763,57842,2255,1118,1137
22525,69775,11923,33562,8764,57850,2255,1118,1137
22530,69796,11929,33573,8770,57867,2256,1119,1137
22535,69806,11929,33578,8770,57877,2256,1119,1137
22540,69827,11931,33588,8772,57896,2257,1120,1137
22545,69837,11931,33591,8772,57906,2257,1120,1137
22550,69858,11934,33603,8773,57924,2258,1121,1137
22555,69868,11934,33604,8773,57934,2258,1121,1137
22560,69889,11936,33614,8774,57953,2259,1121,1138
22565,69899,11936,33621,8774,57961,2259,1121,1138
22570,69920,11939,33634,8776,57981,2260,1122,1138
22575,69930,11939,33638,8776,57991,2260,1122,1138
22580,69951,11941,33650,8777,58009,2261,1123,1138
22585,69961,11941,33654,8777,58019,2261,1123,1138
22590,69982,11943,33667,8777,58038,2262,1123,1139
22595,69992,11943,33674,8777,58049,2262,1123,1139
22600,70013,11945,33685,8779,58068,2263,1123,1140
22605,70023,11946,33688,8780,58077,2263,1123,1140
22610,70044,11949,33697,8782,58094,2264,1123,1141
22615,70054,11951,33705,8784,58103,2264,1123,1141
22620,70075,11955,33716,8788,58118,2265,1124,1141
22625,70085,11958,33719,8790,58127,2265,1124,1141
22630,70106,11963,33732,8794,58140,2266,1124,1142
22635,70116,11967,33736,8798,58149,2266,1124,1142
22640,70137,11971,33745,8799,58162,2267,1124,1143
22645,70147,11976,33751,8804,58170,2267,1124,1143
22650,70168,11982,33762,8809,58182,2268,1124,1144
22655,70178,11984,33767,8811,58194,2268,1124,1144
22660,70199,11987,33775,8813,58212,2269,1125,1144
22665,70209,11987,33779,8813,58221,2269,1125,1144
22670,70230,11993,33789,8818,58235,2270,1125,1145
22675,70240,11995,33794,8820,58244,2270,1125,1145
22680,70261,11999,33804,8822,58261,2271,1126,1145
22685,70271,12000,33806,8823,58271,2271,1126,1145
22690,70292,12003,33814,8824,58289,2272,1126,1146
22695,70302,12003,33817,8824,58299,2272,1126,1146
22700,70323,12007,33826,8826,58316,2273,1126,1147
22705,70333,12008,33830,8827,58325,2273,1126,1147
22710,70354,12012,33839,8831,58342,2274,1126,1148
22715,70364,12013,33844,8832,58349,2274,1126,1148
22720,70385,12020,33855,8836,58365,2275,1127,1148
22725,70395,12020,33860,8836,58375,2275,1127,1148
22730,70416,12023,33869,8838,58393,2276,1127,1149
22735,70426,12023,33873,8838,58403,2276,1127,1149
22740,70447,12025,33883,8838,58422,2277,1128,1149
22745,70457,12025,33890,8838,58432,2277,1128,1149
22750,70478,12028,33899,8840,58450,2278,1128,1150
22755,70488,12029,33902,8840,58459,2278,1128,1150
22760,70509,12031,33911,8842,58478,2279,1128,1151
22765,70519,12033,33917,8844,58486,2279,1128,1151
22770,70540,12037,33928,8847,58503,2280,1128,1152
22775,70550,12039,33934,8849,58511,2280,1128,1152
22780,70571,12042,33945,8850,58529,2281,1129,1152
22785,70581,12043,33950,8851,58538,2281,1129,1152
22790,70602,12047,33960,8854,58552,2282,1130,1152
22795,70612,12052,33966,8858,58559,2282,1130,1152
22800,70633,12055,33975,8860,58575,2283,1131,1152
22805,70643,12059,33977,8863,58583,2283,1131,1152
22810,70664,12063,33986,8866,58599,2284,1131,1153
22815,70674,12065,33989,8868,58608,2284,1131,1153
22820,70695,12067,33997,8868,58625,2285,1132,1153
22825,70705,12071,34003,8872,58633,2285,1132,1153
22830,70726,12076,34011,8875,58649,2286,1132,1154
22835,70736,12076,34015,8875,58660,2286,1132,1154
22840,70757,12079,34023,8877,58677,2287,1132,1155
22845,70767,12079,34028,8877,58688,2287,1132,1155
22850,70788,12084,34040,8881,58703,2288,1132,1156
22855,70798,12085,34043,8882,58712,2288,1132,1156
22860,70819,12090,34053,8885,58727,2289,1133,1156
22865,70829,12091,34059,8886,58736,2289,1133,1156
22870,70850,12098,34072,8892,58751,2290,1134,1156
22875,70860,12100,34078,8894,58760,2290,1134,1156
22880,70881,12104,34090,8897,58777,2291,1135,1156
22885,70891,12105,34095,8898,58784,2291,1135,1156
22890,70912,12111,34104,8902,58801,2292,1136,1156
22895,70922,12111,34108,8902,58811,2292,1136,1156
22900,70943,12114,34122,8903,58828,2293,1136,1157
22905,70953,12114,34124,8903,58839,2293,1136,1157
22910,70974,12116,34135,8903,58858,2294,1137,1157
22915,70984,12116,34142,8903,58868,2294,1137,1157
22920,71005,12118,34152,8904,58887,2295,1138,1157
22925,71015,12118,34155,8904,58897,2295,1138,1157
22930,71036,12120,34164,8905,58916,2296,1138,1158
22935,71046,12120,34170,8905,58924,2296,1138,1158
22940,71067,12123,34180,8907,58944,2297,1139,1158
22945,71077,12124,34185,8907,58952,2297,1139,1158
22950,71098,12126,34192,8908,58970,2298,1139,1159
22955,71108,12128,34196,8909,58980,2298,1139,1159
22960,71129,12132,34206,8911,58995,2299,1140,1159
22965,71139,12135,34213,8914,59002,2299,1140,1159
22970,71160,12140,34228,8918,59017,2300,1140,1160
22975,71170,12143,34232,8921,59026,2300,1140,1160
22980,71191,12149,34242,8926,59040,2301,1140,1161
22985,71201,12152,34247,8928,59049,2301,1140,1161
22990,71222,12156,34261,8931,59064,2302,1141,1161
22995,71232,12157,34265,8932,59074,2302,1141,1161
23000,71253,12162,34272,8935,59090,2303,1141,1162
23005,71263,12163,34280,8936,59099,2303,1141,1162
23010,71284,12169,34292,8941,59114,2304,1141,1163
23015,71294,12170,34297,8942,59124,2304,1141,1163
23020,71315,12173,34307,8944,59142,2305,1141,1164
23025,71325,12173,34311,8944,59151,2305,1141,1164
23030,71346,12178,34320,8947,59168,2306,1142,1164
23035,71356,12178,34327,8947,59178,2306,1142,1164
23040,71377,12183,34339,8952,59194,2307,1143,1164
23045,71387,12183,34343,8952,59203,2307,1143,1164
23050,71408,12187,34351,8955,59221,2308,1143,1165
23055,71418,12187,34352,8955,59231,2308,1143,1165
23060,71439,12190,34361,8956,59248,2309,1144,1165
23065,71449,12191,34364,8957,59257,2309,1144,1165
23070,71470,12194,34376,8960,59276,2310,1144,1166
23075,71480,12194,34379,8960,59285,2310,1144,1166
23080,71501,12199,34390,8964,59302,2311,1145,1166
23085,71511,12200,34394,8965,59309,2311,1145,1166
23090,71532,12204,34409,8968,59327,2312,1145,1167
23095,71542,12204,34412,8968,59338,2312,1145,1167
23100,71563,12206,34423,8969,59356,2313,1146,1167
23105,71573,12208,34427,8971,59364,2313,1146,1167
23110,71594,12209,34434,8971,59385,2314,1146,1168
23115,71604,12211,34440,8972,59392,2314,1146,1168
23120,71625,12213,34455,8974,59409,2315,1147,1168
23125,71635,12217,34458,8977,59418,2315,1147,1168
23130,71656,12219,34466,8978,59436,2316,1148,1168
23135,71666,12221,34471,8980,59445,2316,1148,1168
23140,71687,12223,34480,8981,59462,2317,1149,1168
23145,71697,12226,34485,8984,59471,2317,1149,1168
23150,71718,12229,34493,8986,59487,2318,1149,1169
23155,71728,12232,34498,8989,59496,2318,1149,1169
23160,71749,12234,34506,8991,59513,2319,1150,1169
23165,71759,12236,34508,8993,59523,2319,1150,1169
23170,71780,12239,34518,8995,59540,2320,1151,1169
23175,71790,12239,34524,8995,59551,2320,1151,1169
23180,71811,12241,34532,8997,59570,2321,1151,1170
23185,71821,12241,34537,8997,59580,2321,1151,1170
23190,71842,12244,34548,9000,59597,2322,1151,1171
23195,71852,12244,34551,9000,59608,2322,1151,1171
23200,71873,12247,34562,9001,59624,2323,1152,1171
23205,71883,12248,34568,9002,59634,2323,1152,1171
23210,71904,12254,34578,9005,59649,2324,1152,1172
23215,71914,12255,34583,9006,59658,2324,1152,1172
23220,71935,12259,34593,9007,59675,2325,1153,1172
23225,71945,12260,34596,9008,59684,2325,1153,1172
23230,71966,12266,34607,9011,59699,2326,1153,1173
23235,71976,12267,34614,9012,59706,2326,1153,1173
23240,71997,12275,34623,9019,59720,2327,1153,1174
23245,72007,12277,34626,9021,59728,2327,1153,1174
23250,72028,12280,34633,9023,59748,2328,1154,1174
23255,72038,12280,34638,9023,59757,2328,1154,1174
23260,72059,12282,34646,9025,59777,2329,1154,1175
23265,72069,12282,34650,9025,59787,2329,1154,1175
23270,72090,12285,34662,9027,59805,2330,1155,1175
23275,72100,12286,34667,9027,59814,2330,1155,1175
23280,72121,12290,34676,9031,59831,2331,1155,1176
23285,72131,12291,34682,9031,59840,2331,1155,1176
23290,72152,12294,34689,9032,59858,2332,1156,1176
23295,72162,12295,34695,9033,59867,2332,1156,1176
23300,72183,12297,34707,9034,59886,2333,1157,1176
23305,72193,12298,34711,9034,59895,2333,1157,1176
23310,72214,12301,34722,9036,59912,2334,1157,1177
23315,72224,12304,34726,9039,59920,2334,1157,1177
23320,72245,12306,34736,9041,59938,2335,1158,1177
23325,72255,12309,34741,9043,59946,2335,1158,1177
23330,72276,12314,34751,9047,59962,2336,1159,1177
23335,72286,12315,34757,9048,59971,2336,1159,1177
23340,72307,12320,34770,9052,59987,2337,1159,1178
23345,72317,12322,34778,9054,59995,2337,1159,1178
23350,72338,12327,34788,9058,60010,2338,1160,1178
23355,72348,12330,34792,9060,60017,2338,1160,1178
23360,72369,12335,34799,9062,60032,2339,1161,1178
23365,72379,12338,34807,9065,60040,2339,1161,1178
23370,72400,12346,34817,9071,60054,2340,1162,1178
23375,72410,12347,34823,9072,60061,2340,1162,1178
23380,72431,12354,34834,9078,60076,2341,1163,1178
23385,72441,12356,34837,9080,60084,2341,1163,1178
23390,72462,12362,34849,9085,60098,2342,1163,1179
23395,72472,12364,34855,9087,60107,2342,1163,1179
23400,72493,12369,34866,9091,60123,2343,1164,1179
23405,72503,12370,34872,9092,60133,2343,1164,1179
23410,72524,12373,34885,9095,60151,2344,1164,1180
23415,72534,12373,34891,9095,60160,2344,1164,1180
23420,72555,12375,34901,9096,60179,2345,1164,1181
23425,72565,12375,34906,9096,60189,2345,1164,1181
23430,72586,12378,34913,9097,60207,2346,1164,1182
23435,72596,12378,34917,9097,60217,2346,1164,1182
23440,72617,12380,34927,9097,60237,2347,1165,1182
23445,72627,12380,34929,9097,60246,2347,1165,1182
23450,72648,12382,34942,9098,60265,2348,1166,1182
23455,72658,12382,34946,9098,60275,2348,1166,1182
23460,72679,12384,34955,9099,60295,2349,1166,1183
23465,72689,12384,34962,9099,60304,2349,1166,1183
23470,72710,12387,34976,9102,60322,2350,1166,1184
23475,72720,12387,34982,9102,60333,2350,1166,1184
23480,72741,12391,34995,9106,60350,2351,1167,1184
23485,72751,12393,35001,9108,60358,2351,1167,1184
23490,72772,12395,35011,9109,60377,2352,1168,1184
23495,72782,12397,35020,9110,60385,2352,1168,1184
23500,72803,12402,35033,9114,60401,2353,1168,1185
23505,72813,12404,35037,9116,60409,2353,1168,1185
23510,72834,12407,35047,9118,60424,2354,1169,1185
23515,72844,12413,35053,9124,60431,2354,1169,1185
23520,72865,12420,35062,9129,60443,2355,1170,1185
23525,72875,12422,35069,9131,60452,2355,1170,1185
23530,72896,12427,35076,9135,60468,2356,1170,1186
23535,72906,12427,35082,9135,60479,2356,1170,1186
23540,72927,12431,35095,9137,60494,2357,1171,1186
23545,72937,12432,35100,9138,60505,2357,1171,1186
23550,72958,12437,35107,9140,60520,2358,1171,1187
23555,72968,12439,35110,9142,60529,2358,1171,1187
23560,72989,12444,35121,9145,60545,2359,1171,1188
23565,72999,12444,35126,9145,60554,2359,1171,1188
23570,73020,12449,35134,9149,60571,2360,1172,1188
23575,73030,12449,35136,9149,60581,2360,1172,1188
23580,73051,12455,35151,9155,60594,2361,1173,1188
23585,73061,12457,35158,9157,60603,2361,1173,1188
23590,73082,12463,35165,9161,60618,2362,1174,1188
23595,73092,12464,35168,9162,60626,2362,1174,1188
23600,73113,12466,35178,9163,60645,2363,1174,1189
23605,73123,12466,35184,9163,60655,2363,1174,1189
23610,73144,12469,35194,9165,60674,2364,1175,1189
23615,73154,12469,35198,9165,60683,2364,1175,1189
23620,73175,12471,35211,9166,60703,2365,1176,1189
23625,73185,12471,35215,9166,60713,2365,1176,1189
23630,73206,12476,35225,9170,60727,2366,1177,1189
23635,73216,12479,35228,9172,60737,2366,1177,1189
23640,73237,12482,35238,9175,60752,2367,1178,1189
23645,73247,12485,35244,9177,60762,2367,1178,1189
23650,73268,12488,35254,9179,60779,2368,1178,1190
23655,73278,12489,35260,9180,60789,2368,1178,1190
23660,73299,12492,35268,9182,60806,2369,1178,1191
23665,73309,12493,35272,9182,60816,2369,1178,1191
23670,73330,12495,35282,9183,60834,2370,1178,1192
23675,73340,12496,35288,9183,60844,2370,1178,1192
23680,73361,12500,35300,9185,60861,2371,1179,1192
23685,73371,12501,35305,9186,60870,2371,1179,1192
23690,73392,12505,35316,9189,60887,2372,1180,1192
23695,73402,12506,35320,9189,60896,2372,1180,1192
23700,73423,12510,35327,9193,60913,2373,1180,1193
23705,73433,12512,35330,9194,60921,2373,1180,1193
23710,73454,12519,35342,9200,60935,2374,1181,1193
23715,73464,12521,35347,9201,60943,2374,1181,1193
23720,73485,12527,35359,9206,60957,2375,1181,1194
23725,73495,12529,35365,9208,60965,2375,1181,1194
23730,73516,12534,35376,9211,60981,2376,1182,1194
23735,73526,12537,35381,9213,60988,2376,1182,1194
23740,73547,12543,35395,9218,61003,2377,1183,1194
23745,73557,12548,35401,9223,61009,2377,1183,1194
23750,73578,12552,35411,9226,61025,2378,1184,1194
23755,73588,12554,35416,9228,61033,2378,1184,1194
23760,73609,12560,35427,9232,61047,2379,1185,1194
23765,73619,12561,35434,9233,61058,2379,1185,1194
23770,73640,12563,35446,9234,61077,2380,1186,1194
23775,73650,12563,35450,9234,61087,2380,1186,1194
23780,73671,12565,35462,9235,61106,2381,1186,1195
23785,73681,12565,35469,9235,61113,2381,1186,1195
23790,73702,12568,35475,9237,61134,2382,1186,1196
23795,73712,12568,35478,9237,61143,2382,1186,1196
23800,73733,12570,35487,9237,61162,2383,1187,1196
23805,73743,12570,35492,9237,61172,2383,1187,1196
23810,73764,12572,35500,9237,61192,2384,1187,1197
23815,73774,12572,35503,9237,61202,2384,1187,1197
23820,73795,12574,35514,9238,61220,2385,1188,1197
23825,73805,12574,35520,9238,61231,2385,1188,1197
23830,73826,12576,35531,9238,61249,2386,1189,1197
23835,73836,12576,35537,9238,61260,2386,1189,1197
23840,73857,12578,35546,9240,61278,2387,1190,1197
23845,73867,12578,35548,9240,61289,2387,1190,1197
23850,73888,12581,35560,9241,61307,2388,1191,1197
23855,73898,12583,35565,9243,61315,2388,1191,1197
23860,73919,12586,35574,9244,61332,2389,1192,1197
23865,73929,12588,35579,9245,61341,2389,1192,1197
23870,73950,12593,35588,9248,61357,2390,1192,1198
23875,73960,12595,35593,9250,61364,2390,1192,1198
23880,73981,12602,35601,9256,61378,2391,1192,1199
23885,73991,12603,35606,9257,61388,2391,1192,1199
23890,74012,12609,35617,9262,61401,2392,1192,1200
23895,74022,12611,35621,9264,61410,2392,1192,1200
23900,74043,12618,35636,9270,61420,2393,1193,1200
23905,74053,12623,35638,9275,61430,2393,1193,1200
23910,74074,12627,35650,9278,61447,2394,1194,1200
23915,74084,12628,35657,9279,61454,2394,1194,1200
23920,74105,12634,35665,9284,61470,2395,1195,1200
23925,74115,12635,35668,9285,61480,2395,1195,1200
23930,74136,12641,35677,9290,61495,2396,1196,1200
23935,74146,12641,35679,9290,61505,2396,1196,1200
23940,74167,12647,35692,9296,61519,2397,1196,1201
23945,74177,12649,35698,9298,61527,2397,1196,1201
23950,74198,12651,35708,9298,61547,2398,1196,1202
23955,74208,12651,35711,9298,61557,2398,1196,1202
23960,74229,12654,35719,9299,61575,2399,1196,1203
23965,74239,12654,35722,9299,61585,2399,1196,1203
23970,74260,12657,35732,9301,61603,2400,1197,1203
23975,74270,12657,35737,9301,61613,2400,1197,1203
23980,74291,12660,35746,9303,61631,2401,1197,1204
23985,74301,12660,35748,9303,61641,2401,1197,1204
23990,74322,12663,35756,9304,61659,2402,1197,1205
23995,74332,12663,35759,9304,61669,2402,1197,1205
24000,74353,12665,35771,9305,61688,2403,1197,1206
24005,74363,12665,35776,9305,61698,2403,1197,1206
24010,74384,12668,35790,9308,61716,2404,1197,1207
24015,74394,12670,35796,9309,61723,2404,1197,1207
24020,74415,12673,35805,9310,61742,2405,1198,1207
24025,74425,12674,35810,9311,61751,2405,1198,1207
24030,74446,12678,35821,9313,61768,2406,1198,1208
24035,74456,12680,35829,9315,61776,2406,1198,1208
24040,74477,12684,35840,9318,61793,2407,1198,1209
24045,74487,12685,35848,9319,61802,2407,1198,1209
24050,74508,12688,35857,9322,61817,2408,1199,1209
24055,74518,12692,35863,9326,61825,2408,1199,1209
24060,74539,12698,35873,9331,61839,2409,1200,1209
24065,74549,12701,35879,9334,61847,2409,1200,1209
24070,74570,12707,35886,9338,61861,2410,1201,1209
24075,74580,12711,35890,9342,61868,2410,1201,1209
24080,74601,12717,35899,9347,61884,2411,1201,1210
24085,74611,12717,35903,9347,61893,2411,1201,1210
24090,74632,12722,35912,9351,61909,2412,1201,1211
24095,74642,12723,35916,9352,61918,2412,1201,1211
24100,74663,12727,35928,9355,61935,2413,1201,1212
24105,74673,12728,35933,9356,61944,2413,1201,1212
24110,74694,12733,35944,9360,61961,2414,1201,1213
24115,74704,12734,35952,9361,61968,2414,1201,1213
24120,74725,12741,35963,9367,61984,2415,1202,1213
24125,74735,12741,35967,9367,61993,2415,1202,1213
24130,74756,12743,35977,9369,62012,2416,1202,1214
24135,74766,12743,35982,9369,62021,2416,1202,1214
24140,74787,12745,35991,9369,62042,2417,1203,1214
24145,74797,12745,35995,9369,62051,2417,1203,1214
24150,74818,12747,36008,9371,62070,2418,1204,1214
24155,74828,12747,36012,9371,62081,2418,1204,1214
24160,74849,12749,36021,9372,62100,2419,1205,1214
24165,74859,12749,36026,9372,62109,2419,1205,1214
24170,74880,12752,36036,9374,62128,2420,1206,1214
24175,74890,12752,36041,9374,62138,2420,1206,1214
24180,74911,12754,36047,9374,62156,2421,1206,1215
24185,74921,12754,36055,9374,62167,2421,1206,1215
24190,74942,12757,36065,9376,62185,2422,1206,1216
24195,74952,12758,36072,9377,62194,2422,1206,1216
24200,74973,12760,36082,9379,62213,2423,1206,1217
24205,74983,12761,36087,9379,62222,2423,1206,1217
24210,75004,12764,36096,9382,62240,2424,1206,1218
24215,75014,12765,36100,9383,62249,2424,1206,1218
24220,75035,12769,36112,9387,62266,2425,1206,1219
24225,75045,12770,36115,9388,62274,2425,1206,1219
24230,75066,12777,36129,9394,62288,2426,1207,1219
24235,75076,12781,36131,9397,62295,2426,1207,1219
24240,75097,12786,36143,9401,62309,2427,1207,1220
24245,75107,12791,36150,9406,62315,2427,1207,1220
24250,75128,12797,36157,9410,62328,2428,1207,1221
24255,75138,12801,36161,9413,62336,2428,1207,1221
24260,75159,12810,36173,9420,62347,2429,1208,1221
24265,75169,12813,36177,9422,62356,2429,1208,1221
24270,75190,12817,36187,9423,62370,2430,1209,1221
24275,75200,12820,36193,9426,62378,2430,1209,1221
24280,75221,12826,36202,9430,62394,2431,1210,1221
24285,75231,12826,36207,9430,62404,2431,1210,1221
24290,75252,12832,36216,9433,62420,2432,1211,1221
24295,75262,12833,36220,9434,62427,2432,1211,1221
24300,75283,12839,36235,9439,62443,2433,1211,1222
24305,75293,12839,36243,9439,62452,2433,1211,1222
24310,75314,12841,36252,9441,62473,2434,1211,1223
24315,75324,12841,36258,9441,62482,2434,1211,1223
24320,75345,12843,36270,9443,62502,2435,1212,1223
24325,75355,12843,36276,9443,62512,2435,1212,1223
24330,75376,12846,36289,9446,62529,2436,1212,1224
24335,75386,12846,36294,9446,62539,2436,1212,1224
24340,75407,12849,36304,9448,62558,2437,1212,1225
24345,75417,12849,36308,9448,62568,2437,1212,1225
24350,75438,12852,36317,9451,62585,2438,1212,1226
24355,75448,12852,36322,9451,62596,2438,1212,1226
24360,75469,12854,36331,9451,62615,2439,1212,1227
24365,75479,12854,36336,9451,62625,2439,1212,1227
24370,75500,12857,36346,9453,62642,2440,1213,1227
24375,75510,12857,36350,9453,62653,2440,1213,1227
24380,75531,12859,36356,9453,62672,2441,1213,1228
24385,75541,12860,36362,9453,62681,2441,1213,1228
24390,75562,12863,36373,9455,62699,2442,1213,1229
24395,75572,12864,36381,9456,62708,2442,1213,1229
24400,75593,12867,36389,9458,62726,2443,1214,1229
24405,75603,12870,36395,9460,62733,2443,1214,1229
24410,75624,12874,36405,9464,62747,2444,1214,1230
24415,75634,12879,36409,9469,62755,2444,1214,1230
24420,75655,12887,36419,9476,62767,2445,1215,1230
24425,75665,12890,36422,9478,62774,2445,1215,1230
24430,75686,12899,36434,9485,62784,2446,1215,1231
24435,75696,12901,36439,9487,62794,2446,1215,1231
24440,75717,12904,36443,9489,62812,2447,1215,1232
24445,75727,12906,36449,9491,62819,2447,1215,1232
24450,75748,12912,36461,9496,62836,2448,1216,1232
24455,75758,12913,36466,9497,62843,2448,1216,1232
24460,75779,12917,36476,9500,62862,2449,1217,1232
24465,75789,12918,36483,9501,62869,2449,1217,1232
24470,75810,12921,36496,9504,62889,2450,1217,1233
24475,75820,12921,36500,9504,62899,2450,1217,1233
24480,75841,12922,36508,9505,62919,2451,1218,1233
24485,75851,12922,36512,9505,62929,2451,1218,1233
24490,75872,12923,36522,9506,62949,2452,1219,1233
24495,75882,12923,36525,9506,62959,2452,1219,1233
24500,75903,12924,36533,9507,62979,2453,1219,1234
24505,75913,12924,36538,9507,62989,2453,1219,1234
24510,75934,12925,36544,9507,63009,2454,1220,1234
24515,75944,12925,36548,9507,63019,2454,1220,1234
24520,75965,12926,36558,9508,63039,2455,1220,1235
24525,75975,12926,36562,9508,63048,2455,1220,1235
24530,75996,12927,36575,9509,63068,2456,1221,1235
24535,76006,12927,36580,9509,63077,2456,1221,1235
24540,76027,12930,36588,9511,63097,2457,1221,1236
24545,76037,12931,36590,9511,63106,2457,1221,1236
24550,76058,12934,36595,9513,63124,2458,1221,1237
24555,76068,12937,36599,9515,63131,2458,1221,1237
24560,76089,12939,36608,9517,63150,2459,1222,1237
24565,76099,12940,36612,9517,63159,2459,1222,1237
24570,76120,12945,36625,9521,63173,2460,1222,1238
24575,76130,12949,36630,9525,63180,2460,1222,1238
24580,76151,12956,36639,9529,63192,2461,1223,1238
24585,76161,12962,36644,9534,63199,2461,1223,1238
24590,76182,12967,36655,9537,63211,2462,1224,1238
24595,76192,12971,36660,9541,63219,2462,1224,1238
24600,76213,12977,36670,9546,63235,2463,1225,1238
24605,76223,12977,36672,9546,63246,2463,1225,1238
24610,76244,12983,36686,9550,63259,2464,1225,1239
24615,76254,12984,36690,9551,63269,2464,1225,1239
24620,76275,12990,36703,9555,63283,2465,1226,1239
24625,76285,12992,36706,9557,63293,2465,1226,1239
24630,76306,12996,36713,9558,63310,2466,1227,1239
24635,76316,12996,36716,9558,63320,2466,1227,1239
24640,76337,12998,36726,9560,63339,2467,1227,1240
24645,76347,12998,36732,9560,63348,2467,1227,1240
24650,76368,13001,36744,9563,63366,2468,1227,1241
24655,76378,13001,36750,9563,63374,2468,1227,1241
24660,76399,13003,36758,9563,63396,2469,1228,1241
24665,76409,13003,36763,9563,63405,2469,1228,1241
24670,76430,13006,36768,9564,63424,2470,1228,1242
24675,76440,13006,36773,9564,63432,2470,1228,1242
24680,76461,13009,36781,9566,63452,2471,1228,1243
24685,76471,13009,36785,9566,63462,2471,1228,1243
24690,76492,13011,36798,9567,63480,2472,1228,1244
24695,76502,13011,36803,9567,63491,2472,1228,1244
24700,76523,13014,36816,9569,63508,2473,1229,1244
24705,76533,13015,36822,9570,63518,2473,1229,1244
24710,76554,13018,36832,9572,63535,2474,1229,1245
24715,76564,13020,36836,9574,63544,2474,1229,1245
24720,76585,13023,36847,9576,63562,2475,1229,1246
24725,76595,13025,36852,9578,63570,2475,1229,1246
24730,76616,13027,36857,9579,63588,2476,1229,1247
24735,76626,13028,36860,9579,63598,2476,1229,1247
24740,76647,13034,36869,9583,63610,2477,1229,1248
24745,76657,13039,36875,9588,63617,2477,1229,1248
24750,76678,13046,36884,9594,63631,2478,1229,1249
24755,76688,13048,36891,9596,63639,2478,1229,1249
24760,76709,13053,36900,9600,63652,2479,1229,1250
24765,76719,13058,36904,9605,63660,2479,1229,1250
24770,76740,13067,36915,9612,63669,2480,1229,1251
24775,76750,13072,36920,9617,63677,2480,1229,1251
24780,76771,13077,36931,9620,63693,2481,1230,1251
24785,76781,13079,36935,9622,63701,2481,1230,1251
24790,76802,13085,36951,9626,63716,2482,1231,1251
24795,76812,13085,36957,9626,63727,2482,1231,1251
24800,76833,13087,36966,9627,63746,2483,1231,1252
24805,76843,13087,36972,9627,63756,2483,1231,1252
24810,76864,13090,36985,9630,63774,2484,1231,1253
24815,76874,13090,36990,9630,63783,2484,1231,1253
24820,76895,13093,37001,9633,63802,2485,1232,1253
24825,76905,13093,37006,9633,63811,2485,1232,1253
24830,76926,13095,37012,9634,63831,2486,1232,1254
24835,76936,13095,37018,9634,63840,2486,1232,1254
24840,76957,13097,37028,9635,63859,2487,1233,1254
24845,76967,13097,37033,9635,63869,2487,1233,1254
24850,76988,13099,37042,9637,63888,2488,1233,1255
24855,76998,13099,37049,9637,63899,2488,1233,1255
24860,77019,13102,37057,9638,63917,2489,1234,1255
24865,77029,13102,37063,9638,63927,2489,1234,1255
24870,77050,13104,37073,9640,63945,2490,1235,1255
24875,77060,13104,37075,9640,63955,2490,1235,1255
24880,77081,13106,37083,9641,63974,2491,1236,1255
24885,77091,13107,37086,9642,63983,2491,1236,1255
24890,77112,13109,37098,9642,64001,2492,1236,1256
24895,77122,13112,37104,9645,64009,2492,1236,1256
24900,77143,13117,37113,9647,64025,2493,1236,1257
24905,77153,13119,37118,9648,64033,2493,1236,1257
24910,77174,13125,37128,9652,64046,2494,1237,1257
24915,77184,13129,37133,9656,64055,2494,1237,1257
24920,77205,13133,37140,9658,64072,2495,1238,1257
24925,77215,13134,37143,9658,64081,2495,1238,1257
24930,77236,13139,37150,9661,64096,2496,1239,1257
24935,77246,13141,37154,9662,64104,2496,1239,1257
24940,77267,13145,37161,9665,64120,2497,1240,1257
24945,77277,13150,37164,9669,64126,2497,1240,1257
24950,77298,13156,37172,9673,64139,2498,1241,1257
24955,77308,13160,37176,9676,64148,2498,1241,1257
24960,77329,13166,37190,9682,64157,2499,1242,1257
24965,77339,13171,37194,9687,64167,2499,1242,1257
24970,77360,13175,37202,9690,64184,2500,1242,1258
24975,77370,13175,37208,9690,64194,2500,1242,1258
24980,77391,13180,37215,9692,64211,2501,1242,1259
24985,77401,13181,37220,9693,64219,2501,1242,1259
24990,77422,13185,37234,9697,64237,2502,1242,1260
24995,77432,13185,37239,9697,64246,2502,1242,1260
25000,77453,13187,37247,9698,64266,2503,1242,1261
25005,77463,13187,37254,9698,64275,2503,1242,1261
25010,77484,13189,37262,9699,64295,2504,1242,1262
25015,77494,13189,37265,9699,64305,2504,1242,1262
25020,77515,13191,37271,9699,64324,2505,1243,1262
25025,77525,13191,37276,9699,64334,2505,1243,1262
25030,77546,13194,37293,9702,64352,2506,1244,1262
25035,77556,13194,37297,9702,64362,2506,1244,1262
25040,77577,13197,37309,9705,64380,2507,1244,1263
25045,77587,13197,37313,9705,64390,2507,1244,1263
25050,77608,13200,37326,9708,64408,2508,1245,1263
25055,77618,13200,37334,9708,64418,2508,1245,1263
25060,77639,13203,37349,9710,64436,2509,1246,1263
25065,77649,13203,37356,9710,64446,2509,1246,1263
25070,77670,13207,37367,9713,64463,2510,1246,1264
25075,77680,13208,37369,9713,64472,2510,1246,1264
25080,77701,13212,37381,9716,64489,2511,1247,1264
25085,77711,13213,37384,9717,64498,2511,1247,1264
25090,77732,13216,37395,9719,64515,2512,1247,1265
25095,77742,13218,37400,9721,64523,2512,1247,1265
25100,77763,13225,37414,9728,64536,2513,1248,1265
25105,77773,13228,37420,9731,64544,2513,1248,1265
25110,77794,13235,37436,9738,64555,2514,1248,1266
25115,77804,13240,37441,9742,64563,2514,1248,1266
25120,77825,13246,37449,9745,64578,2515,1248,1267
25125,77835,13248,37454,9746,64586,2515,1248,1267
25130,77856,13254,37463,9750,64601,2516,1248,1268
25135,77866,13256,37467,9751,64610,2516,1248,1268
25140,77887,13260,37475,9753,64625,2517,1248,1269
25145,77897,13262,37477,9754,64633,2517,1248,1269
25150,77918,13271,37484,9761,64645,2518,1248,1270
25155,77928,13272,37487,9762,64655,2518,1248,1270
25160,77949,13276,37492,9763,64672,2519,1249,1270
25165,77959,13276,37497,9763,64682,2519,1249,1270
25170,77980,13280,37506,9766,64700,2520,1250,1270
25175,77990,13280,37510,9766,64709,2520,1250,1270
25180,78011,13285,37518,9768,64725,2521,1251,1270
25185,78021,13285,37523,9768,64736,2521,1251,1270
25190,78042,13288,37533,9770,64753,2522,1251,1271
25195,78052,13288,37536,9770,64763,2522,1251,1271
25200,78073,13290,37546,9771,64781,2523,1251,1272
25205,78083,13290,37549,9771,64791,2523,1251,1272
25210,78104,13293,37559,9772,64811,2524,1252,1272
25215,78114,13293,37563,9772,64819,2524,1252,1272
25220,78135,13296,37571,9774,64838,2525,1252,1273
25225,78145,13296,37576,9774,64849,2525,1252,1273
25230,78166,13298,37586,9775,64868,2526,1252,1274
25235,78176,13298,37592,9775,64876,2526,1252,1274
25240,78197,13300,37605,9776,64896,2527,1253,1274
25245,78207,13300,37609,9776,64907,2527,1253,1274
25250,78228,13303,37620,9778,64924,2528,1253,1275
25255,78238,13304,37627,9779,64934,2528,1253,1275
25260,78259,13308,37639,9782,64951,2529,1253,1276
25265,78269,13310,37644,9783,64959,2529,1253,1276
25270,78290,13312,37648,9784,64978,2530,1253,1277
25275,78300,13314,37655,9785,64986,2530,1253,1277
25280,78321,13317,37667,9787,65004,2531,1254,1277
25285,78331,13319,37676,9789,65012,2531,1254,1277
25290,78352,13323,37688,9793,65029,2532,1254,1278
25295,78362,13325,37695,9795,65036,2532,1254,1278
25300,78383,13331,37706,9799,65052,2533,1254,1279
25305,78393,13333,37712,9801,65060,2533,1254,1279
25310,78414,13338,37719,9804,65075,2534,1254,1280
25315,78424,13341,37721,9806,65083,2534,1254,1280
25320,78445,13347,37731,9812,65098,2535,1254,1281
25325,78455,13349,37734,9814,65106,2535,1254,1281
25330,78476,13352,37743,9817,65124,2536,1254,1282
25335,78486,13353,37748,9818,65132,2536,1254,1282
25340,78507,13358,37759,9820,65147,2537,1254,1283
25345,78517,13360,37764,9822,65156,2537,1254,1283
25350,78538,13366,37770,9825,65171,2538,1254,1284
25355,78548,13366,37774,9825,65180,2538,1254,1284
25360,78569,13373,37782,9830,65195,2539,1254,1285
25365,78579,13374,37786,9831,65202,2539,1254,1285
25370,78600,13379,37794,9835,65221,2540,1255,1285
25375,78610,13379,37801,9835,65228,2540,1255,1285
25380,78631,13382,37811,9838,65249,2541,1255,1286
25385,78641,13382,37816,9838,65258,2541,1255,1286
25390,78662,13384,37825,9839,65278,2542,1256,1286
25395,78672,13384,37831,9839,65287,2542,1256,1286
25400,78693,13386,37840,9840,65307,2543,1257,1286
25405,78703,13386,37843,9840,65316,2543,1257,1286
25410,78724,13389,37851,9841,65335,2544,1257,1287
25415,78734,13389,37856,9841,65345,2544,1257,1287
25420,78755,13392,37866,9843,65363,2545,1257,1288
25425,78765,13392,37874,9843,65373,2545,1257,1288
25430,78786,13395,37885,9844,65391,2546,1258,1288
25435,78796,13396,37891,9845,65400,2546,1258,1288
25440,78817,13400,37901,9847,65417,2547,1258,1289
25445,78827,13402,37906,9849,65425,2547,1258,1289
25450,78848,13406,37915,9851,65442,2548,1259,1289
25455,78858,13407,37919,9851,65451,2548,1259,1289
25460,78879,13410,37926,9853,65469,2549,1259,1290
25465,78889,13411,37931,9854,65478,2549,1259,1290
25470,78910,13415,37942,9856,65495,2550,1259,1291
25475,78920,13417,37946,9857,65503,2550,1259,1291
25480,78941,13421,37953,9859,65519,2551,1259,1292
25485,78951,13424,37958,9861,65525,2551,1259,1292
25490,78972,13435,37971,9870,65533,2552,1259,1293
25495,78982,13440,37977,9874,65540,2552,1259,1293
25500,79003,13450,37989,9883,65549,2553,1259,1294
25505,79013,13453,37995,9886,65559,2553,1259,1294
25510,79034,13457,38005,9889,65576,2554,1259,1295
25515,79044,13458,38010,9890,65584,2554,1259,1295
25520,79065,13461,38020,9891,65603,2555,1259,1296
25525,79075,13461,38024,9891,65613,2555,1259,1296
25530,79096,13463,38035,9892,65633,2556,1259,1297
25535,79106,13463,38040,9892,65640,2556,1259,1297
25540,79127,13466,38051,9894,65661,2557,1259,1298
25545,79137,13466,38057,9894,65671,2557,1259,1298
25550,79158,13468,38065,9896,65690,2558,1259,1299
25555,79168,13468,38071,9896,65698,2558,1259,1299
25560,79189,13471,38082,9897,65718,2559,1259,1300
25565,79199,13471,38090,9897,65728,2559,1259,1300
25570,79220,13473,38096,9897,65747,2560,1259,1301
25575,79230,13473,38102,9897,65757,2560,1259,1301
25580,79251,13475,38109,9897,65776,2561,1260,1301
25585,79261,13475,38116,9897,65786,2561,1260,1301
25590,79282,13478,38126,9900,65804,2562,1260,1302
25595,79292,13478,38132,9900,65814,2562,1260,1302
25600,79313,13481,38140,9902,65832,2563,1260,1303
25605,79323,13481,38144,9902,65842,2563,1260,1303
25610,79344,13483,38152,9903,65861,2564,1261,1303
25615,79354,13484,38158,9904,65870,2564,1261,1303
25620,79375,13486,38169,9906,65889,2565,1261,1304
25625,79385,13487,38177,9907,65897,2565,1261,1304
25630,79406,13492,38186,9909,65914,2566,1261,1305
25635,79416,13493,38190,9910,65923,2566,1261,1305
25640,79437,13499,38202,9914,65934,2567,1261,1306
25645,79447,13505,38207,9920,65942,2567,1261,1306
25650,79468,13508,38216,9923,65958,2568,1261,1307
25655,79478,13513,38221,9927,65964,2568,1261,1307
25660,79499,13520,38230,9933,65978,2569,1262,1307
25665,79509,13524,38235,9936,65984,2569,1262,1307
25670,79530,13531,38242,9940,65998,2570,1263,1307
25675,79540,13534,38247,9942,66002,2570,1263,1307
25680,79561,13546,38259,9953,66013,2571,1263,1308
25685,79571,13547,38259,9954,66024,2571,1263,1308
25690,79592,13549,38269,9955,66043,2572,1264,1308
25695,79602,13549,38273,9955,66052,2572,1264,1308
25700,79623,13552,38282,9957,66070,2573,1265,1308
25705,79633,13552,38285,9957,66081,2573,1265,1308
25710,79654,13555,38297,9959,66098,2574,1265,1309
25715,79664,13555,38301,9959,66108,2574,1265,1309
25720,79685,13557,38312,9960,66128,2575,1266,1309
25725,79695,13557,38317,9960,66137,2575,1266,1309
25730,79716,13560,38326,9962,66156,2576,1267,1309
25735,79726,13560,38331,9962,66165,2576,1267,1309
25740,79747,13563,38341,9964,66184,2577,1267,1310
25745,79757,13563,38349,9964,66194,2577,1267,1310
25750,79778,13565,38361,9965,66213,2578,1267,1311
25755,79788,13565,38370,9965,66223,2578,1267,1311
25760,79809,13568,38381,9966,66240,2579,1267,1312
25765,79819,13568,38386,9966,66251,2579,1267,1312
25770,79840,13571,38392,9968,66269,2580,1268,1312
25775,79850,13571,38396,9968,66279,2580,1268,1312
25780,79871,13573,38405,9968,66297,2581,1268,1313
25785,79881,13573,38409,9968,66307,2581,1268,1313
25790,79902,13580,38418,9973,66320,2582,1268,1314
25795,79912,13584,38423,9977,66328,2582,1268,1314
25800,79933,13590,38433,9981,66340,2583,1269,1314
25805,79943,13595,38438,9985,66348,2583,1269,1314
25810,79964,13599,38446,9987,66363,2584,1270,1314
25815,79974,13603,38451,9990,66371,2584,1270,1314
25820,79995,13610,38460,9994,66384,2585,1271,1314
25825,80005,13611,38464,9995,66393,2585,1271,1314
25830,80026,13616,38475,9998,66408,2586,1272,1314
25835,80036,13617,38478,9999,66418,2586,1272,1314
25840,80057,13621,38487,10002,66435,2587,1273,1314
25845,80067,13621,38491,10002,66445,2587,1273,1314
25850,80088,13628,38502,10007,66460,2588,1274,1314
25855,80098,13628,38507,10007,66468,2588,1274,1314
25860,80119,13634,38515,10011,66484,2589,1274,1315
25865,80129,13635,38519,10012,66493,2589,1274,1315
25870,80150,13637,38528,10013,66513,2590,1274,1316
25875,80160,13637,38534,10013,66523,2590,1274,1316
25880,80181,13639,38544,10015,66542,2591,1274,1317
25885,80191,13639,38551,10015,66551,2591,1274,1317
25890,80212,13642,38560,10016,66570,2592,1274,1318
25895,80222,13642,38565,10016,66580,2592,1274,1318
25900,80243,13645,38579,10017,66598,2593,1274,1319
25905,80253,13645,38582,10017,66608,2593,1274,1319
25910,80274,13648,38596,10019,66626,2594,1275,1319
25915,80284,13648,38599,10019,66636,2594,1275,1319
25920,80305,13651,38609,10021,66653,2595,1276,1319
25925,80315,13652,38616,10022,66662,2595,1276,1319
25930,80336,13655,38627,10025,66681,2596,1277,1319
25935,80346,13656,38629,10026,66690,2596,1277,1319
25940,80367,13659,38641,10027,66708,2597,1278,1319
25945,80377,13660,38645,10028,66717,2597,1278,1319
25950,80398,13663,38657,10029,66733,2598,1278,1320
25955,80408,13667,38663,10032,66741,2598,1278,1320
25960,80429,13671,38671,10035,66757,2599,1278,1321
25965,80439,13673,38675,10036,66766,2599,1278,1321
25970,80460,13677,38688,10039,66780,2600,1278,1322
25975,80470,13681,38693,10042,66788,2600,1278,1322
25980,80491,13686,38701,10046,66805,2601,1278,1323
25985,80501,13688,38708,10047,66812,2601,1278,1323
25990,80522,13692,38717,10051,66828,2602,1278,1324
25995,80532,13696,38720,10054,66836,2602,1278,1324
26000,80553,13699,38730,10056,66851,2603,1278,1325
26005,80563,13705,38736,10062,66857,2603,1278,1325
26010,80584,13709,38743,10064,66873,2604,1279,1325
26015,80594,13713,38747,10068,66880,2604,1279,1325
26020,80615,13718,38758,10073,66897,2605,1280,1325
26025,80625,13718,38759,10073,66907,2605,1280,1325
26030,80646,13720,38770,10074,66925,2606,1281,1325
26035,80656,13721,38776,10075,66933,2606,1281,1325
26040,80677,13726,38787,10079,66950,2607,1282,1325
26045,80687,13727,38793,10080,66959,2607,1282,1325
26050,80708,13728,38805,10080,66979,2608,1283,1325
26055,80718,13728,38807,10080,66990,2608,1283,1325
26060,80739,13729,38819,10080,67010,2609,1283,1326
26065,80749,13729,38825,10080,67018,2609,1283,1326
26070,80770,13730,38835,10080,67039,2610,1283,1327
26075,80780,13730,38839,10080,67050,2610,1283,1327
26080,80801,13731,38853,10080,67069,2611,1284,1327
26085,80811,13731,38857,10080,67080,2611,1284,1327
26090,80832,13734,38867,10081,67097,2612,1284,1328
26095,80842,13734,38872,10081,67107,2612,1284,1328
26100,80863,13736,38885,10082,67126,2613,1285,1328
26105,80873,13736,38889,10082,67137,2613,1285,1328
26110,80894,13739,38899,10084,67155,2614,1285,1329
26115,80904,13739,38903,10084,67165,2614,1285,1329
26120,80925,13741,38916,10084,67183,2615,1285,1330
26125,80935,13742,38922,10085,67193,2615,1285,1330
26130,80956,13747,38933,10089,67207,2616,1286,1330
26135,80966,13751,38940,10093,67215,2616,1286,1330
26140,80987,13754,38948,10095,67233,2617,1287,1330
26145,80997,13756,38951,10096,67241,2617,1287,1330
26150,81018,13761,38962,10098,67255,2618,1287,1331
26155,81028,13765,38969,10102,67263,2618,1287,1331
26160,81049,13770,38977,10106,67278,2619,1288,1331
26165,81059,13773,38984,10109,67285,2619,1288,1331
26170,81080,13780,38993,10115,67298,2620,1288,1332
26175,81090,13782,38996,10117,67308,2620,1288,1332
26180,81111,13786,39001,10118,67325,2621,1288,1333
26185,81121,13786,39009,10118,67333,2621,1288,1333
26190,81142,13793,39020,10123,67347,2622,1288,1334
26195,81152,13794,39024,10124,67357,2622,1288,1334
26200,81173,13798,39033,10127,67374,2623,1289,1334
26205,81183,13799,39036,10128,67384,2623,1289,1334
26210,81204,13805,39049,10133,67399,2624,1289,1335
26215,81214,13806,39054,10134,67407,2624,1289,1335
26220,81235,13811,39066,10137,67423,2625,1289,1336
26225,81245,13811,39072,10137,67433,2625,1289,1336
26230,81266,13813,39080,10138,67453,2626,1289,1337
26235,81276,13813,39086,10138,67462,2626,1289,1337
26240,81297,13815,39094,10138,67481,2627,1289,1338
26245,81307,13815,39095,10138,67491,2627,1289,1338
26250,81328,13818,39103,10139,67510,2628,1290,1338
26255,81338,13818,39110,10139,67517,2628,1290,1338
26260,81359,13821,39120,10140,67537,2629,1291,1338
26265,81369,13821,39125,10140,67547,2629,1291,1338
26270,81390,13823,39136,10142,67566,2630,1292,1338
26275,81400,13823,39142,10142,67575,2630,1292,1338
26280,81421,13826,39153,10144,67594,2631,1292,1339
26285,81431,13827,39157,10145,67604,2631,1292,1339
26290,81452,13830,39167,10147,67622,2632,1292,1340
26295,81462,13831,39172,10147,67631,2632,1292,1340
26300,81483,13834,39181,10150,67649,2633,1292,1341
26305,81493,13835,39186,10150,67658,2633,1292,1341
26310,81514,13838,39193,10151,67675,2634,1292,1342
26315,81524,13839,39197,10151,67685,2634,1292,1342
26320,81545,13841,39209,10153,67703,2635,1293,1342
26325,81555,13842,39216,10154,67712,2635,1293,1342
26330,81576,13848,39229,10160,67725,2636,1293,1343
26335,81586,13852,39234,10164,67733,2636,1293,1343
26340,81607,13859,39246,10171,67747,2637,1293,1344
26345,81617,13862,39251,10173,67754,2637,1293,1344
26350,81638,13868,39260,10178,67767,2638,1293,1345
26355,81648,13872,39266,10182,67775,2638,1293,1345
26360,81669,13877,39275,10184,67792,2639,1293,1346
26365,81679,13877,39282,10184,67800,2639,1293,1346
26370,81700,13883,39291,10189,67817,2640,1293,1347
26375,81710,13883,39297,10189,67825,2640,1293,1347
26380,81731,13890,39311,10195,67841,2641,1294,1347
26385,81741,13891,39321,10196,67848,2641,1294,1347
26390,81762,13898,39331,10202,67864,2642,1295,1347
26395,81772,13899,39336,10203,67872,2642,1295,1347
26400,81793,13906,39342,10207,67887,2643,1295,1348
26405,81803,13906,39347,10207,67897,2643,1295,1348
26410,81824,13908,39357,10209,67916,2644,1295,1349
26415,81834,13908,39360,10209,67925,2644,1295,1349
26420,81855,13910,39373,10210,67945,2645,1296,1349
26425,81865,13910,39378,10210,67955,2645,1296,1349
26430,81886,13912,39387,10211,67974,2646,1296,1350
26435,81896,13912,39390,10211,67983,2646,1296,1350
26440,81917,13914,39401,10213,68003,2647,1296,1351
26445,81927,13914,39407,10213,68011,2647,1296,1351
26450,81948,13917,39419,10216,68031,2648,1296,1352
26455,81958,13917,39427,10216,68041,2648,1296,1352
26460,81979,13919,39434,10218,68060,2649,1296,1353
26465,81989,13920,39439,10218,68069,2649,1296,1353
26470,82010,13923,39449,10221,68087,2650,1296,1354
26475,82020,13924,39453,10221,68096,2650,1296,1354
26480,82041,13926,39465,10222,68113,2651,1297,1354
26485,82051,13930,39469,10225,68121,2651,1297,1354
26490,82072,13934,39482,10228,68137,2652,1297,1355
26495,82082,13937,39489,10231,68145,2652,1297,1355
26500,82103,13940,39499,10233,68163,2653,1297,1356
26505,82113,13942,39505,10235,68171,2653,1297,1356
26510,82134,13947,39517,10238,68184,2654,1297,1357
26515,82144,13951,39521,10241,68193,2654,1297,1357
26520,82165,13956,39534,10243,68207,2655,1298,1357
26525,82175,13960,39538,10246,68214,2655,1298,1357
26530,82196,13964,39546,10250,68230,2656,1298,1358
26535,82206,13968,39551,10253,68237,2656,1298,1358
26540,82227,13975,39560,10258,68252,2657,1298,1359
26545,82237,13978,39565,10260,68259,2657,1298,1359
26550,82258,13981,39577,10262,68275,2658,1299,1359
26555,82268,13982,39582,10263,68286,2658,1299,1359
26560,82289,13987,39594,10267,68302,2659,1299,1360
26565,82299,13988,39601,10268,68311,2659,1299,1360
26570,82320,13994,39614,10272,68324,2660,1299,1361
26575,82330,13996,39619,10274,68332,2660,1299,1361
26580,82351,14003,39629,10279,68348,2661,1300,1361
26585,82361,14003,39633,10279,68357,2661,1300,1361
26590,82382,14005,39645,10281,68377,2662,1300,1362
26595,82392,14005,39648,10281,68385,2662,1300,1362
26600,82413,14007,39659,10282,68405,2663,1301,1362
26605,82423,14007,39662,10282,68416,2663,1301,1362
26610,82444,14010,39671,10284,68434,2664,1301,1363
26615,82454,14010,39678,10284,68443,2664,1301,1363
26620,82475,14013,39690,10286,68461,2665,1301,1364
26625,82485,14013,39696,10286,68472,2665,1301,1364
26630,82506,14015,39705,10287,68491,2666,1301,1365
26635,82516,14015,39709,10287,68501,2666,1301,1365
26640,82537,14017,39719,10288,68520,2667,1301,1366
26645,82547,14017,39723,10288,68530,2667,1301,1366
26650,82568,14019,39735,10289,68548,2668,1302,1366
26655,82578,14020,39741,10289,68558,2668,1302,1366
26660,82599,14023,39750,10290,68576,2669,1303,1366
26665,82609,14024,39753,10290,68585,2669,1303,1366
26670,82630,14028,39763,10292,68602,2670,1303,1367
26675,82640,14029,39768,10292,68611,2670,1303,1367
26680,82661,14032,39777,10293,68628,2671,1304,1367
26685,82671,14034,39785,10295,68636,2671,1304,1367
26690,82692,14039,39796,10298,68650,2672,1304,1368
26695,82702,14043,39800,10301,68659,2672,1304,1368
26700,82723,14048,39810,10305,68672,2673,1304,1369
26705,82733,14052,39815,10308,68679,2673,1304,1369
26710,82754,14058,39822,10314,68695,2674,1304,1370
26715,82764,14060,39828,10316,68703,2674,1304,1370
26720,82785,14066,39839,10321,68716,2675,1304,1371
26725,82795,14071,39843,10326,68723,2675,1304,1371
26730,82816,14078,39854,10331,68736,2676,1304,1372
26735,82826,14082,39861,10335,68744,2676,1304,1372
26740,82847,14084,39871,10336,68761,2677,1305,1372
26745,82857,14087,39875,10339,68770,2677,1305,1372
26750,82878,14091,39887,10342,68785,2678,1305,1373
26755,82888,14095,39894,10346,68793,2678,1305,1373
26760,82909,14099,39904,10350,68810,2679,1306,1373
26765,82919,14099,39908,10350,68819,2679,1306,1373
26770,82940,14101,39917,10351,68838,2680,1306,1374
26775,82950,14101,39924,10351,68849,2680,1306,1374
26780,82971,14104,39936,10354,68865,2681,1306,1375
26785,82981,14104,39941,10354,68876,2681,1306,1375
26790,83002,14107,39949,10356,68894,2682,1306,1376
26795,83012,14107,39954,10356,68904,2682,1306,1376
26800,83033,14110,39965,10358,68922,2683,1306,1377
26805,83043,14110,39969,10358,68933,2683,1306,1377
26810,83064,14113,39981,10360,68950,2684,1306,1378
26815,83074,14113,39986,10360,68960,2684,1306,1378
26820,83095,14116,39997,10362,68978,2685,1306,1379
26825,83105,14116,40003,10362,68989,2685,1306,1379
26830,83126,14119,40015,10364,69007,2686,1306,1380
26835,83136,14119,40017,10364,69017,2686,1306,1380
26840,83157,14123,40022,10367,69033,2687,1306,1381
26845,83167,14124,40026,10368,69042,2687,1306,1381
26850,83188,14129,40038,10371,69057,2688,1307,1381
26855,83198,14130,40043,10372,69067,2688,1307,1381
26860,83219,14134,40055,10376,69084,2689,1307,1382
26865,83229,14135,40060,10377,69094,2689,1307,1382
26870,83250,14139,40072,10380,69110,2690,1308,1382
26875,83260,14140,40077,10380,69119,2690,1308,1382
26880,83281,14146,40087,10384,69135,2691,1309,1382
26885,83291,14148,40090,10385,69143,2691,1309,1382
26890,83312,14153,40103,10389,69158,2692,1310,1382
26895,83322,14156,40108,10392,69165,2692,1310,1382
26900,83343,14161,40116,10395,69182,2693,1310,1383
26905,83353,14163,40123,10397,69189,2693,1310,1383
26910,83374,14167,40131,10399,69207,2694,1311,1383
26915,83384,14170,40135,10402,69214,2694,1311,1383
26920,83405,14175,40148,10407,69227,2695,1312,1383
26925,83415,14181,40153,10413,69233,2695,1312,1383
26930,83436,14188,40161,10417,69247,2696,1313,1383
26935,83446,14192,40167,10420,69253,2696,1313,1383
26940,83467,14194,40173,10420,69272,2697,1314,1383
26945,83477,14197,40179,10422,69280,2697,1314,1383
26950,83498,14199,40187,10422,69296,2698,1314,1384
26955,83508,14204,40190,10427,69304,2698,1314,1384
26960,83529,14207,40202,10428,69320,2699,1314,1385
26965,83539,14209,40207,10430,69329,2699,1314,1385
26970,83560,14212,40220,10432,69348,2700,1315,1385
26975,83570,14212,40224,10432,69358,2700,1315,1385
26980,83591,14214,40232,10432,69377,2701,1316,1385
26985,83601,14214,40237,10432,69387,2701,1316,1385
26990,83622,14217,40249,10433,69405,2702,1317,1385
26995,83632,14217,40256,10433,69415,2702,1317,1385
27000,83653,14219,40264,10433,69434,2703,1318,1385
27005,83663,14219,40267,10433,69444,2703,1318,1385
27010,83684,14222,40281,10436,69462,2704,1318,1386
27015,83694,14222,40284,10436,69472,2704,1318,1386
27020,83715,14225,40297,10437,69490,2705,1318,1387
27025,83725,14225,40304,10437,69500,2705,1318,1387
27030,83746,14228,40311,10439,69518,2706,1318,1388
27035,83756,14228,40315,10439,69528,2706,1318,1388
27040,83777,14232,40320,10441,69545,2707,1318,1389
27045,83787,14232,40326,10441,69554,2707,1318,1389
27050,83808,14238,40333,10445,69569,2708,1318,1390
27055,83818,14238,40337,10445,69579,2708,1318,1390
27060,83839,14243,40347,10448,69596,2709,1318,1391
27065,83849,14243,40349,10448,69606,2709,1318,1391
27070,83870,14248,40358,10452,69620,2710,1318,1392
27075,83880,14252,40365,10455,69628,2710,1318,1392
27080,83901,14259,40375,10461,69641,2711,1319,1392
27085,83911,14262,40380,10464,69649,2711,1319,1392
27090,83932,14269,40389,10470,69661,2712,1319,1393
27095,83942,14271,40392,10471,69670,2712,1319,1393
27100,83963,14280,40408,10477,69680,2713,1320,1393
27105,83973,14282,40412,10479,69690,2713,1320,1393
27110,83994,14287,40424,10481,69705,2714,1321,1393
27115,84004,14290,40428,10484,69712,2714,1321,1393
27120,84025,14297,40439,10490,69728,2715,1322,1393
27125,84035,14297,40445,10490,69736,2715,1322,1393
27130,84056,14298,40453,10491,69758,2716,1322,1394
27135,84066,14298,40456,10491,69766,2716,1322,1394
27140,84087,14299,40469,10492,69788,2717,1323,1394
27145,84097,14299,40476,10492,69796,2717,1323,1394
27150,84118,14300,40481,10492,69818,2718,1323,1395
27155,84128,14300,40487,10492,69828,2718,1323,1395
27160,84149,14301,40495,10492,69848,2719,1323,1396
27165,84159,14301,40501,10492,69857,2719,1323,1396
27170,84180,14302,40516,10493,69878,2720,1323,1397
27175,84190,14302,40521,10493,69888,2720,1323,1397
27180,84211,14303,40532,10494,69908,2721,1323,1398
27185,84221,14303,40539,10494,69918,2721,1323,1398
27190,84242,14304,40545,10494,69938,2722,1323,1399
27195,84252,14304,40551,10494,69948,2722,1323,1399
27200,84273,14305,40562,10494,69968,2723,1323,1400
27205,84283,14305,40567,10494,69978,2723,1323,1400
27210,84304,14307,40581,10496,69997,2724,1324,1400
27215,84314,14308,40585,10496,70006,2724,1324,1400
27220,84335,14309,40594,10497,70026,2725,1325,1400
27225,84345,14310,40599,10498,70035,2725,1325,1400
27230,84366,14314,40607,10500,70050,2726,1325,1401
27235,84376,14316,40611,10501,70060,2726,1325,1401
27240,84397,14320,40620,10503,70073,2727,1325,1402
27245,84407,14324,40623,10506,70083,2727,1325,1402
27250,84428,14329,40637,10509,70095,2728,1326,1402
27255,84438,14334,40642,10513,70102,2728,1326,1402
27260,84459,14341,40652,10518,70114,2729,1326,1403
27265,84469,14347,40660,10524,70121,2729,1326,1403
27270,84490,14353,40670,10530,70136,2730,1326,1404
27275,84500,14355,40674,10532,70144,2730,1326,1404
27280,84521,14360,40683,10535,70158,2731,1326,1405
27285,84531,14364,40685,10538,70167,2731,1326,1405
27290,84552,14369,40696,10541,70181,2732,1327,1405
27295,84562,14372,40699,10544,70189,2732,1327,1405
27300,84583,14379,40712,10548,70204,2733,1328,1405
27305,84593,14380,40717,10548,70213,2733,1328,1405
27310,84614,14383,40727,10551,70231,2734,1328,1406
27315,84624,14384,40735,10552,70240,2734,1328,1406
27320,84645,14387,40742,10554,70258,2735,1328,1407
27325,84655,14387,40744,10554,70268,2735,1328,1407
27330,84676,14389,40754,10556,70287,2736,1328,1408
27335,84686,14389,40759,10556,70297,2736,1328,1408
27340,84707,14392,40776,10559,70315,2737,1329,1408
27345,84717,14392,40781,10559,70323,2737,1329,1408
27350,84738,14395,40790,10561,70342,2738,1329,1409
27355,84748,14395,40796,10561,70351,2738,1329,1409
27360,84769,14398,40808,10563,70371,2739,1329,1410
27365,84779,14398,40816,10563,70379,2739,1329,1410
27370,84800,14401,40828,10564,70398,2740,1329,1411
27375,84810,14401,40832,10564,70409,2740,1329,1411
27380,84831,14403,40842,10565,70428,2741,1330,1411
27385,84841,14403,40845,10565,70438,2741,1330,1411
27390,84862,14405,40853,10565,70457,2742,1330,1412
27395,84872,14405,40855,10565,70467,2742,1330,1412
27400,84893,14407,40863,10566,70485,2743,1330,1413
27405,84903,14407,40867,10566,70495,2743,1330,1413
27410,84924,14411,40876,10569,70511,2744,1330,1414
27415,84934,14411,40881,10569,70522,2744,1330,1414
27420,84955,14417,40888,10574,70537,2745,1330,1415
27425,84965,14421,40892,10577,70544,2745,1330,1415
27430,84986,14425,40901,10580,70558,2746,1330,1416
27435,84996,14431,40906,10585,70565,2746,1330,1416
27440,85017,14436,40914,10588,70579,2747,1330,1417
27445,85027,14439,40920,10591,70587,2747,1330,1417
27450,85048,14446,40931,10596,70600,2748,1331,1417
27455,85058,14448,40935,10598,70609,2748,1331,1417
27460,85079,14455,40950,10603,70622,2749,1332,1417
27465,85089,14455,40956,10603,70633,2749,1332,1417
27470,85110,14460,40964,10607,70649,2750,1332,1418
27475,85120,14462,40967,10609,70656,2750,1332,1418
27480,85141,14470,40976,10614,70669,2751,1333,1418
27485,85151,14472,40982,10616,70677,2751,1333,1418
27490,85172,14475,40991,10617,70697,2752,1334,1418
27495,85182,14475,40997,10617,70706,2752,1334,1418
27500,85203,14478,41008,10619,70725,2753,1334,1419
27505,85213,14478,41012,10619,70735,2753,1334,1419
27510,85234,14481,41026,10621,70753,2754,1334,1420
27515,85244,14481,41033,10621,70763,2754,1334,1420
27520,85265,14484,41043,10623,70781,2755,1335,1420
27525,85275,14484,41047,10623,70791,2755,1335,1420
27530,85296,14486,41055,10624,70810,2756,1336,1420
27535,85306,14486,41060,10624,70820,2756,1336,1420
27540,85327,14488,41074,10626,70839,2757,1337,1420
27545,85337,14488,41079,10626,70849,2757,1337,1420
27550,85358,14490,41093,10628,70868,2758,1337,1421
27555,85368,14490,41097,10628,70878,2758,1337,1421
27560,85389,14492,41111,10629,70897,2759,1338,1421
27565,85399,14493,41116,10629,70906,2759,1338,1421
27570,85420,14496,41123,10630,70924,2760,1338,1422
27575,85430,14497,41126,10630,70933,2760,1338,1422
27580,85451,14499,41135,10631,70952,2761,1338,1423
27585,85461,14500,41141,10632,70961,2761,1338,1423
27590,85482,14503,41149,10635,70979,2762,1339,1423
27595,85492,14505,41153,10637,70987,2762,1339,1423
27600,85513,14510,41161,10639,71001,2763,1339,1424
27605,85523,14513,41166,10642,71010,2763,1339,1424
27610,85544,14516,41173,10643,71024,2764,1339,1425
27615,85554,14522,41176,10649,71032,2764,1339,1425
27620,85575,14525,41182,10650,71048,2765,1339,1426
27625,85585,14529,41187,10654,71055,2765,1339,1426
27630,85606,14537,41195,10661,71069,2766,1340,1426
27635,85616,14538,41196,10661,71078,2766,1340,1426
27640,85637,14545,41207,10666,71090,2767,1340,1427
27645,85647,14546,41212,10667,71099,2767,1340,1427
27650,85668,14554,41222,10673,71112,2768,1340,1428
27655,85678,14556,41229,10675,71121,2768,1340,1428
27660,85699,14560,41239,10677,71138,2769,1341,1428
27665,85709,14560,41244,10677,71147,2769,1341,1428
27670,85730,14566,41253,10683,71164,2770,1341,1429
27675,85740,14566,41258,10683,71173,2770,1341,1429
27680,85761,14573,41268,10689,71186,2771,1341,1430
27685,85771,14574,41271,10690,71196,2771,1341,1430
27690,85792,14577,41284,10693,71214,2772,1341,1431
27695,85802,14577,41287,10693,71225,2772,1341,1431
27700,85823,14579,41297,10693,71243,2773,1342,1431
27705,85833,14579,41299,10693,71254,2773,1342,1431
27710,85854,14582,41309,10694,71272,2774,1343,1431
27715,85864,14582,41313,10694,71282,2774,1343,1431
27720,85885,14584,41321,10695,71301,2775,1343,1432
27725,85895,14584,41326,10695,71311,2775,1343,1432
27730,85916,14586,41333,10695,71330,2776,1343,1433
27735,85926,14586,41338,10695,71338,2776,1343,1433
27740,85947,14589,41350,10696,71357,2777,1344,1433
27745,85957,14589,41352,10696,71368,2777,1344,1433
27750,85978,14591,41360,10696,71385,2778,1344,1434
27755,85988,14594,41364,10698,71394,2778,1344,1434
27760,86009,14600,41376,10702,71407,2779,1345,1434
27765,86019,14605,41381,10706,71414,2779,1345,1434
27770,86040,14610,41392,10709,71428,2780,1345,1435
27775,86050,14613,41397,10712,71437,2780,1345,1435
27780,86071,14619,41412,10717,71449,2781,1345,1436
27785,86081,14621,41417,10719,71460,2781,1345,1436
27790,86102,14624,41428,10719,71477,2782,1345,1437
27795,86112,14624,41434,10719,71488,2782,1345,1437
27800,86133,14627,41442,10720,71506,2783,1345,1438
27805,86143,14627,41447,10720,71514,2783,1345,1438
27810,86164,14632,41452,10724,71532,2784,1345,1439
27815,86174,14632,41455,10724,71541,2784,1345,1439
27820,86195,14636,41466,10727,71559,2785,1346,1439
27825,86205,14637,41469,10728,71568,2785,1346,1439
27830,86226,14642,41483,10730,71584,2786,1347,1439
27835,86236,14643,41489,10731,71591,2786,1347,1439
27840,86257,14649,41501,10735,71608,2787,1347,1440
27845,86267,14649,41505,10735,71616,2787,1347,1440
27850,86288,14657,41514,10740,71631,2788,1347,1441
27855,86298,14659,41521,10742,71636,2788,1347,1441
27860,86319,14666,41532,10748,71652,2789,1347,1442
27865,86329,14666,41536,10748,71662,2789,1347,1442
27870,86350,14668,41547,10749,71681,2790,1347,1443
27875,86360,14668,41551,10749,71690,2790,1347,1443
27880,86381,14670,41561,10751,71711,2791,1348,1443
27885,86391,14670,41566,10751,71719,2791,1348,1443
27890,86412,14674,41577,10753,71738,2792,1348,1444
27895,86422,14675,41583,10753,71747,2792,1348,1444
27900,86443,14679,41594,10756,71763,2793,1348,1445
27905,86453,14682,41598,10758,71771,2793,1348,1445
27910,86474,14684,41604,10759,71788,2794,1348,1446
27915,86484,14686,41606,10761,71798,2794,1348,1446
27920,86505,14689,41612,10762,71815,2795,1349,1446
27925,86515,14691,41617,10764,71824,2795,1349,1446
27930,86536,14695,41627,10767,71840,2796,1349,1447
27935,86546,14697,41632,10769,71849,2796,1349,1447
27940,86567,14700,41642,10770,71865,2797,1349,1448
27945,86577,14702,41648,10772,71875,2797,1349,1448
27950,86598,14705,41655,10773,71890,2798,1349,1449
27955,86608,14710,41662,10777,71898,2798,1349,1449
27960,86629,14713,41674,10779,71913,2799,1350,1449
27965,86639,14714,41681,10780,71925,2799,1350,1449
27970,86660,14718,41689,10782,71940,2800,1350,1450
27975,86670,14720,41694,10784,71948,2800,1350,1450
27980,86691,14725,41702,10787,71964,2801,1350,1451
27985,86701,14726,41707,10788,71974,2801,1350,1451
27990,86722,14733,41720,10794,71988,2802,1351,1451
27995,86732,14734,41720,10795,71998,2802,1351,1451
28000,86753,14739,41733,10799,72013,2803,1352,1451
28005,86763,14741,41739,10801,72021,2803,1352,1451
28010,86784,14748,41750,10807,72036,2804,1353,1451
28015,86794,14749,41756,10808,72043,2804,1353,1451
28020,86815,14753,41762,10811,72062,2805,1353,1452
28025,86825,14753,41767,10811,72071,2805,1353,1452
28030,86846,14756,41780,10813,72090,2806,1353,1453
28035,86856,14756,41784,10813,72100,2806,1353,1453
28040,86877,14759,41792,10815,72118,2807,1353,1454
28045,86887,14759,41799,10815,72128,2807,1353,1454
28050,86908,14762,41807,10816,72146,2808,1354,1454
28055,86918,14762,41811,10816,72156,2808,1354,1454
28060,86939,14765,41824,10819,72174,2809,1354,1455
28065,86949,14765,41829,10819,72183,2809,1354,1455
28070,86970,14768,41837,10822,72202,2810,1354,1456
28075,86980,14769,41842,10823,72211,2810,1354,1456
28080,87001,14773,41851,10826,72228,2811,1354,1457
28085,87011,14774,41855,10827,72236,2811,1354,1457
28090,87032,14776,41869,10827,72254,2812,1354,1458
28095,87042,14778,41874,10828,72264,2812,1354,1458
28100,87063,14781,41883,10829,72281,2813,1355,1458
28105,87073,14784,41887,10831,72289,2813,1355,1458
28110,87094,14787,41896,10832,72305,2814,1355,1459
28115,87104,14790,41902,10835,72314,2814,1355,1459
28120,87125,14792,41914,10837,72329,2815,1355,1460
28125,87135,14797,41920,10842,72338,2815,1355,1460
28130,87156,14802,41930,10845,72352,2816,1356,1460
28135,87166,14805,41937,10848,72361,2816,1356,1460
28140,87187,14809,41946,10850,72375,2817,1357,1460
28145,87197,14812,41952,10853,72384,2817,1357,1460
28150,87218,14818,41960,10858,72398,2818,1357,1461
28155,87228,14821,41963,10860,72407,2818,1357,1461
28160,87249,14826,41977,10863,72421,2819,1358,1461
28165,87259,14828,41981,10865,72430,2819,1358,1461
28170,87280,14834,41993,10869,72444,2820,1358,1462
28175,87290,14835,41999,10870,72454,2820,1358,1462
28180,87311,14839,42009,10873,72470,2821,1358,1463
28185,87321,14840,42014,10874,72480,2821,1358,1463
28190,87342,14846,42027,10878,72494,2822,1359,1463
28195,87352,14848,42032,10880,72504,2822,1359,1463
28200,87373,14853,42044,10885,72518,2823,1359,1464
28205,87383,14854,42048,10886,72527,2823,1359,1464
28210,87404,14856,42056,10888,72548,2824,1360,1464
28215,87414,14856,42061,10888,72558,2824,1360,1464
28220,87435,14859,42075,10891,72576,2825,1361,1464
28225,87445,14859,42079,10891,72586,2825,1361,1464
28230,87466,14862,42089,10892,72604,2826,1362,1464
28235,87476,14862,42092,10892,72614,2826,1362,1464
28240,87497,14864,42105,10893,72633,2827,1362,1465
28245,87507,14864,42110,10893,72643,2827,1362,1465
28250,87528,14867,42118,10894,72661,2828,1362,1466
28255,87538,14867,42126,10894,72671,2828,1362,1466
28260,87559,14869,42140,10895,72690,2829,1363,1466
28265,87569,14870,42146,10896,72698,2829,1363,1466
28270,87590,14873,42156,10897,72713,2830,1363,1467
28275,87600,14880,42161,10903,72719,2830,1363,1467
28280,87621,14885,42170,10907,72733,2831,1363,1468
28285,87631,14890,42176,10911,72741,2831,1363,1468
28290,87652,14892,42183,10912,72759,2832,1364,1468
28295,87662,14895,42188,10914,72767,2832,1364,1468
28300,87683,14897,42201,10916,72786,2833,1365,1468
28305,87693,14897,42206,10916,72796,2833,1365,1468
28310,87714,14901,42214,10918,72812,2834,1365,1469
28315,87724,14902,42219,10919,72821,2834,1365,1469
28320,87745,14905,42228,10920,72838,2835,1366,1469
28325,87755,14906,42234,10921,72849,2835,1366,1469
28330,87776,14911,42250,10925,72865,2836,1367,1469
28335,87786,14911,42253,10925,72875,2836,1367,1469
28340,87807,14916,42266,10930,72891,2837,1367,1470
28345,87817,14916,42273,10930,72901,2837,1367,1470
28350,87838,14920,42286,10934,72918,2838,1368,1470
28355,87848,14920,42291,10934,72927,2838,1368,1470
28360,87869,14924,42301,10937,72945,2839,1368,1471
28365,87879,14924,42307,10937,72955,2839,1368,1471
28370,87900,14929,42317,10940,72971,2840,1368,1472
28375,87910,14929,42320,10940,72980,2840,1368,1472
28380,87931,14934,42328,10943,72996,2841,1368,1473
28385,87941,14935,42332,10944,73005,2841,1368,1473
28390,87962,14939,42340,10947,73023,2842,1368,1474
28395,87972,14940,42347,10948,73031,2842,1368,1474
28400,87993,14947,42360,10953,73045,2843,1368,1475
28405,88003,14949,42366,10955,73053,2843,1368,1475
28410,88024,14953,42373,10959,73071,2844,1368,1476
28415,88034,14954,42377,10960,73079,2844,1368,1476
28420,88055,14960,42388,10965,73093,2845,1368,1477
28425,88065,14963,42391,10968,73100,2845,1368,1477
28430,88086,14968,42401,10973,73117,2846,1368,1478
28435,88096,14971,42405,10975,73123,2846,1368,1478
28440,88117,14973,42415,10977,73143,2847,1368,1479
28445,88127,14974,42423,10978,73150,2847,1368,1479
28450,88148,14977,42426,10979,73170,2848,1368,1480
28455,88158,14979,42430,10980,73178,2848,1368,1480
28460,88179,14983,42441,10983,73196,2849,1368,1481
28465,88189,14985,42446,10984,73204,2849,1368,1481
28470,88210,14988,42455,10986,73222,2850,1369,1481
28475,88220,14989,42458,10986,73231,2850,1369,1481
28480,88241,14992,42466,10988,73248,2851,1369,1482
28485,88251,14995,42473,10990,73256,2851,1369,1482
28490,88272,14998,42483,10992,73269,2852,1369,1483
28495,88282,15004,42484,10997,73278,2852,1369,1483
28500,88303,15007,42495,10998,73295,2853,1369,1484
28505,88313,15007,42500,10998,73306,2853,1369,1484
28510,88334,15010,42513,11001,73324,2854,1370,1484
28515,88344,15010,42519,11001,73334,2854,1370,1484
28520,88365,15012,42530,11003,73352,2855,1371,1484
28525,88375,15012,42536,11003,73363,2855,1371,1484
28530,88396,15014,42548,11005,73381,2856,1371,1485
28535,88406,15014,42551,11005,73392,2856,1371,1485
28540,88427,15017,42559,11006,73409,2857,1372,1485
28545,88437,15017,42564,11006,73420,2857,1372,1485
28550,88458,15020,42571,11006,73437,2858,1373,1485
28555,88468,15021,42576,11007,73445,2858,1373,1485
28560,88489,15027,42587,11012,73461,2859,1374,1485
28565,88499,15028,42592,11013,73470,2859,1374,1485
28570,88520,15034,42602,11018,73485,2860,1375,1485
28575,88530,15036,42609,11020,73492,2860,1375,1485
28580,88551,15042,42620,11024,73509,2861,1376,1485
28585,88561,15042,42625,11024,73517,2861,1376,1485
28590,88582,15048,42635,11028,73534,2862,1377,1485
28595,88592,15050,42638,11030,73542,2862,1377,1485
28600,88613,15054,42648,11034,73559,2863,1378,1485
28605,88623,15056,42652,11036,73566,2863,1378,1485
28610,88644,15062,42665,11041,73581,2864,1378,1486
28615,88654,15064,42668,11042,73589,2864,1378,1486
28620,88675,15070,42677,11046,73603,2865,1378,1487
28625,88685,15073,42679,11048,73612,2865,1378,1487
28630,88706,15079,42689,11054,73625,2866,1378,1488
28635,88716,15081,42696,11056,73635,2866,1378,1488
28640,88737,15084,42708,11058,73652,2867,1378,1489
28645,88747,15084,42711,11058,73663,2867,1378,1489
28650,88768,15086,42725,11059,73680,2868,1379,1489
28655,88778,15086,42729,11059,73692,2868,1379,1489
28660,88799,15088,42735,11060,73711,2869,1379,1490
28665,88809,15088,42737,11060,73721,2869,1379,1490
28670,88830,15090,42751,11062,73739,2870,1380,1490
28675,88840,15090,42756,11062,73749,2870,1380,1490
28680,88861,15092,42762,11063,73769,2871,1380,1491
28685,88871,15092,42768,11063,73779,2871,1380,1491
28690,88892,15094,42779,11063,73798,2872,1381,1491
28695,88902,15094,42783,11063,73808,2872,1381,1491
28700,88923,15096,42794,11063,73825,2873,1381,1492
28705,88933,15097,42797,11064,73836,2873,1381,1492
28710,88954,15101,42807,11068,73853,2874,1381,1493
28715,88964,15101,42811,11068,73863,2874,1381,1493
28720,88985,15104,42819,11070,73881,2875,1381,1494
28725,88995,15104,42825,11070,73890,2875,1381,1494
28730,89016,15109,42834,11073,73906,2876,1381,1495
28735,89026,15110,42837,11074,73916,2876,1381,1495
28740,89047,15116,42850,11077,73930,2877,1382,1495
28745,89057,15119,42855,11080,73937,2877,1382,1495
28750,89078,15124,42866,11083,73953,2878,1383,1495
28755,89088,15126,42869,11084,73961,2878,1383,1495
28760,89109,15130,42877,11086,73978,2879,1384,1495
28765,89119,15132,42881,11087,73987,2879,1384,1495
28770,89140,15136,42891,11090,74004,2880,1385,1495
28775,89150,15138,42897,11092,74012,2880,1385,1495
28780,89171,15141,42906,11093,74030,2881,1385,1496
28785,89181,15143,42913,11095,74035,2881,1385,1496
28790,89202,15154,42924,11104,74044,2882,1386,1496
28795,89212,15161,42930,11111,74048,2882,1386,1496
28800,89233,15169,42942,11117,74060,2883,1387,1496
28805,89243,15172,42949,11120,74071,2883,1387,1496
28810,89264,15174,42959,11120,74090,2884,1388,1496
28815,89274,15174,42963,11120,74100,2884,1388,1496
28820,89295,15176,42972,11120,74118,2885,1389,1496
28825,89305,15176,42976,11120,74129,2885,1389,1496
28830,89326,15179,42984,11121,74147,2886,1389,1497
28835,89336,15179,42989,11121,74157,2886,1389,1497
28840,89357,15181,42995,11121,74176,2887,1389,1498
28845,89367,15181,42999,11121,74186,2887,1389,1498
28850,89388,15183,43009,11121,74205,2888,1389,1499
28855,89398,15183,43013,11121,74215,2888,1389,1499
28860,89419,15186,43022,11123,74233,2889,1389,1500
28865,89429,15186,43026,11123,74243,2889,1389,1500
28870,89450,15189,43035,11125,74261,2890,1390,1500
28875,89460,15189,43039,11125,74271,2890,1390,1500
28880,89481,15192,43050,11126,74289,2891,1391,1500
28885,89491,15192,43054,11126,74299,2891,1391,1500
28890,89512,15195,43070,11129,74317,2892,1391,1501
28895,89522,15195,43078,11129,74327,2892,1391,1501
28900,89543,15198,43089,11131,74345,2893,1392,1501
28905,89553,15198,43099,11131,74355,2893,1392,1501
28910,89574,15201,43107,11133,74373,2894,1392,1502
28915,89584,15203,43112,11135,74380,2894,1392,1502
28920,89605,15210,43126,11140,74393,2895,1393,1502
28925,89615,15213,43131,11143,74401,2895,1393,1502
28930,89636,15219,43142,11148,74416,2896,1394,1502
28935,89646,15221,43146,11150,74424,2896,1394,1502
28940,89667,15228,43157,11155,74437,2897,1394,1503
28945,89677,15233,43163,11160,74444,2897,1394,1503
28950,89698,15238,43172,11164,74458,2898,1394,1504
28955,89708,15241,43175,11166,74466,2898,1394,1504
28960,89729,15247,43186,11171,74480,2899,1394,1505
28965,89739,15251,43189,11174,74487,2899,1394,1505
28970,89760,15255,43201,11177,74504,2900,1394,1506
28975,89770,15256,43205,11178,74512,2900,1394,1506
28980,89791,15262,43220,11183,74528,2901,1395,1506
28985,89801,15263,43226,11184,74537,2901,1395,1506
28990,89822,15267,43236,11187,74555,2902,1396,1506
28995,89832,15267,43242,11187,74565,2902,1396,1506
29000,89853,15268,43247,11187,74585,2903,1396,1507
29005,89863,15268,43253,11187,74595,2903,1396,1507
29010,89884,15269,43265,11188,74615,2904,1396,1508
29015,89894,15269,43267,11188,74625,2904,1396,1508
29020,89915,15270,43278,11188,74645,2905,1396,1509
29025,89925,15270,43283,11188,74654,2905,1396,1509
29030,89946,15271,43297,11189,74675,2906,1397,1509
29035,89956,15271,43303,11189,74682,2906,1397,1509
29040,89977,15272,43310,11189,74705,2907,1397,1510
29045,89987,15272,43313,11189,74714,2907,1397,1510
29050,90008,15273,43325,11189,74734,2908,1398,1510
29055,90018,15273,43329,11189,74745,2908,1398,1510
29060,90039,15274,43340,11190,74764,2909,1398,1511
29065,90049,15274,43345,11190,74774,2909,1398,1511
29070,90070,15275,43353,11190,74795,2910,1399,1511
29075,90080,15276,43356,11191,74804,2910,1399,1511
29080,90101,15278,43369,11193,74822,2911,1400,1511
29085,90111,15279,43375,11194,74832,2911,1400,1511
29090,90132,15282,43387,11196,74850,2912,1400,1512
29095,90142,15283,43392,11197,74859,2912,1400,1512
29100,90163,15287,43406,11200,74875,2913,1401,1512
29105,90173,15288,43409,11200,74884,2913,1401,1512
29110,90194,15294,43417,11203,74900,2914,1402,1512
29115,90204,15295,43420,11204,74909,2914,1402,1512
29120,90225,15299,43427,11206,74926,2915,1403,1512
29125,90235,15300,43431,11206,74935,2915,1403,1512
29130,90256,15303,43434,11206,74952,2916,1403,1513
29135,90266,15306,43439,11208,74959,2916,1403,1513
29140,90287,15314,43450,11214,74971,2917,1403,1514
29145,90297,15318,43454,11217,74978,2917,1403,1514
29150,90318,15325,43464,11223,74991,2918,1403,1515
29155,90328,15329,43470,11227,74997,2918,1403,1515
29160,90349,15336,43481,11232,75010,2919,1404,1515
29165,90359,15341,43484,11236,75018,2919,1404,1515
29170,90380,15345,43490,11238,75033,2920,1404,1516
29175,90390,15346,43492,11239,75044,2920,1404,1516
29180,90411,15351,43501,11243,75060,2921,1404,1517
29185,90421,15353,43508,11245,75066,2921,1404,1517
29190,90442,15358,43521,11249,75084,2922,1405,1517
29195,90452,15358,43526,11249,75094,2922,1405,1517
29200,90473,15361,43537,11251,75112,2923,1406,1517
29205,90483,15361,43544,11251,75119,2923,1406,1517
29210,90504,15363,43555,11252,75140,2924,1407,1517
29215,90514,15363,43560,11252,75150,2924,1407,1517
29220,90535,15365,43570,11253,75170,2925,1408,1517
29225,90545,15365,43578,11253,75178,2925,1408,1517
29230,90566,15367,43587,11254,75198,2926,1408,1518
29235,90576,15367,43591,11254,75209,2926,1408,1518
29240,90597,15369,43600,11255,75228,2927,1409,1518
29245,90607,15369,43601,11255,75238,2927,1409,1518
29250,90628,15371,43612,11257,75256,2928,1409,1519
29255,90638,15371,43614,11257,75267,2928,1409,1519
29260,90659,15374,43626,11259,75285,2929,1410,1519
29265,90669,15374,43633,11259,75295,2929,1410,1519
29270,90690,15377,43643,11261,75313,2930,1411,1519
29275,90700,15377,43647,11261,75323,2930,1411,1519
29280,90721,15380,43658,11263,75340,2931,1412,1519
29285,90731,15381,43663,11263,75350,2931,1412,1519
29290,90752,15384,43673,11265,75368,2932,1412,1520
29295,90762,15385,43677,11266,75377,2932,1412,1520
29300,90783,15387,43686,11266,75396,2933,1413,1520
29305,90793,15388,43689,11267,75405,2933,1413,1520
29310,90814,15393,43699,11270,75420,2934,1414,1520
29315,90824,15396,43704,11273,75427,2934,1414,1520
29320,90845,15402,43716,11279,75441,2935,1415,1520
29325,90855,15405,43718,11281,75450,2935,1415,1520
29330,90876,15411,43724,11284,75464,2936,1415,1521
29335,90886,15414,43728,11286,75470,2936,1415,1521
29340,90907,15423,43740,11294,75482,2937,1416,1521
29345,90917,15428,43743,11299,75489,2937,1416,1521
29350,90938,15435,43755,11305,75500,2938,1417,1521
29355,90948,15440,43758,11309,75507,2938,1417,1521
29360,90969,15448,43769,11315,75520,2939,1418,1521
29365,90979,15449,43775,11316,75529,2939,1418,1521
29370,91000,15452,43782,11318,75547,2940,1419,1521
29375,91010,15452,43786,11318,75558,2940,1419,1521
29380,91031,15454,43794,11319,75576,2941,1419,1522
29385,91041,15454,43801,11319,75587,2941,1419,1522
29390,91062,15456,43812,11321,75606,2942,1419,1523
29395,91072,15456,43818,11321,75616,2942,1419,1523
29400,91093,15458,43830,11321,75634,2943,1419,1524
29405,91103,15458,43834,11321,75645,2943,1419,1524
29410,91124,15461,43844,11323,75662,2944,1419,1525
29415,91134,15461,43850,11323,75672,2944,1419,1525
29420,91155,15463,43861,11323,75691,2945,1420,1525
29425,91165,15463,43865,11323,75702,2945,1420,1525
29430,91186,15466,43873,11324,75720,2946,1421,1525
29435,91196,15466,43879,11324,75729,2946,1421,1525
29440,91217,15469,43892,11326,75748,2947,1421,1526
29445,91227,15469,43895,11326,75758,2947,1421,1526
29450,91248,15472,43907,11327,75776,2948,1422,1526
29455,91258,15472,43913,11327,75786,2948,1422,1526
29460,91279,15474,43930,11327,75805,2949,1423,1526
29465,91289,15475,43936,11328,75813,2949,1423,1526
29470,91310,15480,43946,11332,75830,2950,1424,1526
29475,91320,15481,43951,11333,75839,2950,1424,1526
29480,91341,15487,43965,11338,75853,2951,1425,1526
29485,91351,15488,43967,11339,75863,2951,1425,1526
29490,91372,15493,43978,11343,75878,2952,1425,1527
29495,91382,15495,43983,11344,75886,2952,1425,1527
29500,91403,15501,43994,11349,75902,2953,1426,1527
29505,91413,15503,43998,11350,75910,2953,1426,1527
29510,91434,15508,44006,11354,75925,2954,1426,1528
29515,91444,15510,44011,11356,75933,2954,1426,1528
29520,91465,15515,44019,11359,75949,2955,1427,1528
29525,91475,15516,44025,11360,75958,2955,1427,1528
29530,91496,15523,44041,11366,75972,2956,1428,1528
29535,91506,15524,44044,11366,75982,2956,1428,1528
29540,91527,15528,44053,11368,75998,2957,1429,1528
29545,91537,15531,44059,11371,76005,2957,1429,1528
29550,91558,15537,44072,11375,76019,2958,1430,1528
29555,91568,15542,44076,11379,76026,2958,1430,1528
29560,91589,15546,44083,11382,76043,2959,1430,1529
29565,91599,15547,44089,11383,76052,2959,1430,1529
29570,91620,15551,44099,11386,76069,2960,1430,1530
29575,91630,15553,44103,11388,76077,2960,1430,1530
29580,91651,15556,44114,11391,76095,2961,1431,1530
29585,91661,15557,44119,11392,76103,2961,1431,1530
29590,91682,15560,44128,11394,76122,2962,1431,1531
29595,91692,15562,44132,11396,76130,2962,1431,1531
29600,91713,15564,44141,11397,76149,2963,1431,1532
29605,91723,15565,44144,11398,76157,2963,1431,1532
29610,91744,15568,44154,11400,76176,2964,1432,1532
29615,91754,15569,44159,11401,76185,2964,1432,1532
29620,91775,15573,44172,11403,76201,2965,1433,1532
29625,91785,15575,44176,11404,76210,2965,1433,1532
29630,91806,15580,44188,11408,76225,2966,1434,1532
29635,91816,15583,44194,11411,76233,2966,1434,1532
29640,91837,15588,44204,11416,76248,2967,1434,1533
29645,91847,15589,44210,11417,76257,2967,1434,1533
29650,91868,15592,44215,11419,76275,2968,1434,1534
29655,91878,15592,44219,11419,76286,2968,1434,1534
29660,91899,15594,44229,11420,76303,2969,1434,1535
29665,91909,15594,44237,11420,76315,2969,1434,1535
29670,91930,15597,44247,11422,76332,2970,1434,1536
29675,91940,15598,44250,11423,76342,2970,1434,1536
29680,91961,15603,44262,11427,76356,2971,1434,1537
29685,91971,15604,44266,11428,76366,2971,1434,1537
29690,91992,15609,44274,11431,76383,2972,1434,1538
29695,92002,15609,44279,11431,76393,2972,1434,1538
29700,92023,15612,44288,11432,76411,2973,1435,1538
29705,92033,15612,44291,11432,76421,2973,1435,1538
29710,92054,15615,44303,11433,76439,2974,1436,1538
29715,92064,15615,44307,11433,76449,2974,1436,1538
29720,92085,15619,44314,11434,76466,2975,1437,1538
29725,92095,15620,44321,11435,76474,2975,1437,1538
29730,92116,15625,44326,11438,76491,2976,1438,1538
29735,92126,15626,44332,11439,76500,2976,1438,1538
29740,92147,15630,44340,11440,76517,2977,1439,1538
29745,92157,15630,44341,11440,76526,2977,1439,1538
29750,92178,15636,44351,11444,76542,2978,1440,1538
29755,92188,15639,44357,11447,76548,2978,1440,1538
29760,92209,15645,44369,11452,76564,2979,1441,1538
29765,92219,15647,44373,11453,76571,2979,1441,1538
29770,92240,15653,44379,11457,76586,2980,1441,1539
29775,92250,15656,44382,11459,76593,2980,1441,1539
29780,92271,15662,44390,11463,76606,2981,1442,1539
29785,92281,15668,44394,11468,76611,2981,1442,1539
29790,92302,15675,44405,11474,76623,2982,1442,1540
29795,92312,15680,44412,11479,76631,2982,1442,1540
29800,92333,15684,44423,11483,76649,2983,1442,1541
29805,92343,15684,44427,11483,76657,2983,1442,1541
29810,92364,15686,44436,11483,76676,2984,1442,1542
29815,92374,15686,44441,11483,76687,2984,1442,1542
29820,92395,15688,44451,11484,76706,2985,1442,1543
29825,92405,15688,44457,11484,76716,2985,1442,1543
29830,92426,15691,44464,11485,76734,2986,1442,1544
29835,92436,15691,44467,11485,76745,2986,1442,1544
29840,92457,15694,44476,11487,76763,2987,1442,1545
29845,92467,15694,44480,11487,76773,2987,1442,1545
29850,92488,15697,44487,11490,76790,2988,1442,1546
29855,92498,15697,44495,11490,76801,2988,1442,1546
29860,92519,15700,44507,11492,76817,2989,1442,1547
29865,92529,15700,44513,11492,76829,2989,1442,1547
29870,92550,15703,44520,11493,76846,2990,1442,1548
29875,92560,15703,44526,11493,76857,2990,1442,1548
29880,92581,15706,44538,11494,76874,2991,1442,1549
29885,92591,15706,44542,11494,76885,2991,1442,1549
29890,92612,15708,44550,11495,76904,2992,1443,1549
29895,92622,15708,44555,11495,76913,2992,1443,1549
29900,92643,15712,44561,11498,76931,2993,1443,1550
29905,92653,15713,44563,11498,76939,2993,1443,1550
29910,92674,15720,44573,11502,76953,2994,1444,1550
29915,92684,15723,44576,11504,76961,2994,1444,1550
29920,92705,15727,44586,11506,76978,2995,1444,1551
29925,92715,15729,44591,11508,76986,2995,1444,1551
29930,92736,15733,44596,11509,77003,2996,1444,1552
29935,92746,15736,44603,11511,77008,2996,1444,1552
29940,92767,15745,44611,11517,77022,2997,1445,1552
29945,92777,15746,44613,11518,77031,2997,1445,1552
29950,92798,15752,44625,11524,77046,2998,1445,1553
29955,92808,15754,44627,11525,77054,2998,1445,1553
29960,92829,15759,44637,11529,77069,2999,1446,1553
29965,92839,15762,44643,11532,77075,2999,1446,1553
29970,92860,15766,44649,11535,77094,3000,1446,1554
29975,92870,15767,44652,11536,77103,3000,1446,1554
29980,92891,15771,44662,11539,77117,3001,1447,1554
29985,92901,15775,44668,11542,77126,3001,1447,1554
29990,92922,15779,44677,11544,77140,3002,1447,1555
29995,92932,15783,44681,11548,77148,3002,1447,1555
30000,92953,15787,44690,11551,77165,3003,1448,1555
30005,92963,15790,44699,11553,77171,3003,1448,1555
30010,92984,15791,44705,11554,77193,3004,1448,1556
30015,92994,15793,44710,11556,77201,3004,1448,1556
30020,93015,15794,44716,11556,77219,3005,1448,1557
30025,93025,15796,44719,11558,77229,3005,1448,1557
30030,93046,15797,44728,11558,77248,3006,1448,1558
30035,93056,15797,44732,11558,77259,3006,1448,1558
30040,93077,15798,44744,11559,77279,3007,1449,1558
30045,93087,15798,44749,11559,77289,3007,1449,1558
30050,93108,15799,44762,11559,77309,3008,1450,1558
30055,93118,15799,44766,11559,77319,3008,1450,1558
30060,93139,15800,44776,11560,77339,3009,1450,1559
30065,93149,15800,44779,11560,77349,3009,1450,1559
30070,93170,15801,44791,11560,77367,3010,1450,1560
30075,93180,15802,44796,11561,77378,3010,1450,1560
30080,93201,15804,44804,11562,77396,3011,1450,1561
30085,93211,15804,44811,11562,77406,3011,1450,1561
30090,93232,15807,44818,11563,77423,3012,1450,1562
30095,93242,15808,44823,11564,77433,3012,1450,1562
30100,93263,15812,44835,11567,77450,3013,1451,1562
30105,93273,15812,44841,11567,77461,3013,1451,1562
30110,93294,15817,44851,11570,77477,3014,1452,1562
30115,93304,15818,44857,11571,77484,3014,1452,1562
30120,93325,15826,44867,11577,77499,3015,1452,1563
30125,93335,15827,44872,11578,77508,3015,1452,1563
30130,93356,15831,44882,11581,77525,3016,1453,1563
30135,93366,15834,44887,11583,77531,3016,1453,1563
30140,93387,15841,44899,11588,77545,3017,1454,1563
30145,93397,15844,44905,11591,77552,3017,1454,1563
30150,93418,15847,44918,11592,77566,3018,1454,1564
30155,93428,15853,44921,11598,77575,3018,1454,1564
30160,93449,15857,44929,11601,77591,3019,1454,1565
30165,93459,15860,44935,11604,77598,3019,1454,1565
30170,93480,15863,44949,11606,77614,3020,1455,1565
30175,93490,15867,44955,11610,77623,3020,1455,1565
30180,93511,15871,44966,11613,77638,3021,1456,1565
30185,93521,15873,44972,11615,77648,3021,1456,1565
30190,93542,15875,44984,11616,77666,3022,1457,1565
30195,93552,15875,44991,11616,77677,3022,1457,1565
30200,93573,15877,45001,11618,77696,3023,1457,1566
30205,93583,15877,45007,11618,77706,3023,1457,1566
30210,93604,15880,45019,11619,77723,3024,1458,1566
30215,93614,15880,45023,11619,77734,3024,1458,1566
30220,93635,15882,45032,11619,77753,3025,1458,1567
30225,93645,15882,45035,11619,77763,3025,1458,1567
30230,93666,15885,45045,11621,77780,3026,1459,1567
30235,93676,15885,45050,11621,77791,3026,1459,1567
30240,93697,15887,45062,11622,77810,3027,1460,1567
30245,93707,15887,45067,11622,77819,3027,1460,1567
30250,93728,15891,45077,11624,77835,3028,1461,1567
30255,93738,15892,45083,11625,77846,3028,1461,1567
30260,93759,15895,45095,11625,77862,3029,1462,1567
30265,93769,15896,45098,11626,77872,3029,1462,1567
30270,93790,15900,45106,11628,77889,3030,1462,1568
30275,93800,15901,45113,11629,77898,3030,1462,1568
30280,93821,15907,45126,11633,77912,3031,1463,1568
30285,93831,15908,45130,11634,77922,3031,1463,1568
30290,93852,15912,45135,11635,77940,3032,1463,1569
30295,93862,15914,45139,11637,77948,3032,1463,1569
30300,93883,15922,45155,11643,77959,3033,1464,1569
30305,93893,15925,45161,11645,77967,3033,1464,1569
30310,93914,15932,45173,11651,77981,3034,1464,1570
30315,93924,15934,45176,11652,77988,3034,1464,1570
30320,93945,15940,45189,11656,78002,3035,1464,1571
30325,93955,15944,45194,11659,78009,3035,1464,1571
30330,93976,15950,45204,11663,78023,3036,1465,1571
30335,93986,15953,45208,11666,78032,3036,1465,1571
30340,94007,15957,45220,11670,78050,3037,1466,1571
30345,94017,15957,45226,11670,78059,3037,1466,1571
30350,94038,15959,45236,11671,78078,3038,1466,1572
30355,94048,15959,45241,11671,78088,3038,1466,1572
30360,94069,15962,45249,11674,78106,3039,1466,1573
30365,94079,15962,45256,11674,78116,3039,1466,1573
30370,94100,15964,45266,11676,78136,3040,1467,1573
30375,94110,15964,45273,11676,78146,3040,1467,1573
30380,94131,15966,45282,11677,78165,3041,1468,1573
30385,94141,15966,45286,11677,78175,3041,1468,1573
30390,94162,15968,45297,11678,78194,3042,1469,1573
30395,94172,15968,45303,11678,78204,3042,1469,1573
30400,94193,15971,45313,11680,78222,3043,1469,1574
30405,94203,15971,45318,11680,78232,3043,1469,1574
30410,94224,15973,45326,11680,78251,3044,1469,1575
30415,94234,15973,45331,11680,78261,3044,1469,1575
30420,94255,15975,45340,11681,78280,3045,1470,1575
30425,94265,15975,45346,11681,78290,3045,1470,1575
30430,94286,15978,45357,11683,78308,3046,1470,1576
30435,94296,15978,45362,11683,78318,3046,1470,1576
30440,94317,15982,45375,11685,78335,3047,1471,1576
30445,94327,15983,45382,11686,78343,3047,1471,1576
30450,94348,15988,45393,11690,78360,3048,1472,1576
30455,94358,15989,45397,11690,78368,3048,1472,1576
30460,94379,15993,45406,11692,78386,3049,1472,1577
30465,94389,15995,45411,11693,78393,3049,1472,1577
30470,94410,16002,45422,11700,78407,3050,1472,1578
30475,94420,16005,45426,11702,78413,3050,1472,1578
30480,94441,16012,45435,11707,78429,3051,1472,1579
30485,94451,16015,45443,11709,78435,3051,1472,1579
30490,94472,16023,45456,11716,78448,3052,1472,1580
30495,94482,16026,45460,11719,78455,3052,1472,1580
30500,94503,16032,45468,11723,78471,3053,1472,1581
30505,94513,16034,45472,11724,78479,3053,1472,1581
30510,94534,16038,45484,11727,78493,3054,1473,1581
30515,94544,16042,45490,11730,78502,3054,1473,1581
30520,94565,16046,45499,11733,78517,3055,1473,1582
30525,94575,16049,45502,11735,78526,3055,1473,1582
30530,94596,16054,45516,11740,78540,3056,1473,1583
30535,94606,16054,45520,11740,78552,3056,1473,1583
30540,94627,16056,45528,11740,78571,3057,1473,1584
30545,94637,16056,45532,11740,78580,3057,1473,1584
30550,94658,16059,45543,11742,78599,3058,1473,1585
30555,94668,16059,45550,11742,78609,3058,1473,1585
30560,94689,16062,45559,11744,78627,3059,1474,1585
30565,94699,16062,45563,11744,78637,3059,1474,1585
30570,94720,16064,45572,11746,78656,3060,1474,1586
30575,94730,16064,45578,11746,78665,3060,1474,1586
30580,94751,16067,45588,11748,78684,3061,1474,1587
30585,94761,16067,45595,11748,78694,3061,1474,1587
30590,94782,16069,45604,11749,78713,3062,1475,1587
30595,94792,16069,45609,11749,78722,3062,1475,1587
30600,94813,16072,45621,11751,78741,3063,1475,1588
30605,94823,16072,45626,11751,78751,3063,1475,1588
30610,94844,16076,45640,11754,78767,3064,1476,1588
30615,94854,16077,45644,11755,78777,3064,1476,1588
30620,94875,16082,45653,11759,78793,3065,1476,1589
30625,94885,16082,45656,11759,78803,3065,1476,1589
30630,94906,16086,45668,11761,78820,3066,1476,1590
30635,94916,16086,45674,11761,78829,3066,1476,1590
30640,94937,16093,45686,11767,78844,3067,1476,1591
30645,94947,16095,45694,11769,78850,3067,1476,1591
30650,94968,16104,45705,11775,78863,3068,1477,1591
30655,94978,16108,45710,11778,78870,3068,1477,1591
30660,94999,16116,45726,11784,78882,3069,1478,1591
30665,95009,16118,45729,11785,78890,3069,1478,1591
30670,95030,16123,45737,11789,78906,3070,1479,1591
30675,95040,16124,45742,11790,78916,3070,1479,1591
30680,95061,16128,45757,11794,78930,3071,1480,1591
30685,95071,16133,45761,11798,78938,3071,1480,1591
30690,95092,16139,45773,11804,78952,3072,1481,1591
30695,95102,16142,45778,11806,78960,3072,1481,1591
30700,95123,16145,45788,11807,78977,3073,1481,1592
30705,95133,16145,45792,11807,78988,3073,1481,1592
30710,95154,16147,45802,11807,79006,3074,1482,1592
30715,95164,16147,45806,11807,79016,3074,1482,1592
30720,95185,16150,45814,11808,79035,3075,1483,1592
30725,95195,16150,45817,11808,79045,3075,1483,1592
30730,95216,16152,45825,11810,79064,3076,1483,1593
30735,95226,16152,45827,11810,79074,3076,1483,1593
30740,95247,16155,45837,11812,79092,3077,1484,1593
30745,95257,16155,45842,11812,79101,3077,1484,1593
30750,95278,16158,45854,11815,79120,3078,1485,1593
30755,95288,16158,45860,11815,79130,3078,1485,1593
30760,95309,16160,45874,11816,79149,3079,1486,1593
30765,95319,16160,45879,11816,79159,3079,1486,1593
30770,95340,16162,45887,11816,79178,3080,1486,1594
30775,95350,16162,45889,11816,79188,3080,1486,1594
30780,95371,16166,45898,11818,79204,3081,1486,1595
30785,95381,16167,45902,11819,79213,3081,1486,1595
30790,95402,16171,45913,11822,79231,3082,1487,1595
30795,95412,16171,45919,11822,79241,3082,1487,1595
30800,95433,16175,45929,11824,79257,3083,1488,1595
30805,95443,16177,45935,11826,79266,3083,1488,1595
30810,95464,16182,45947,11830,79281,3084,1488,1596
30815,95474,16184,45956,11832,79289,3084,1488,1596
30820,95495,16189,45967,11836,79306,3085,1489,1596
30825,95505,16190,45970,11836,79314,3085,1489,1596
30830,95526,16196,45980,11840,79329,3086,1489,1597
30835,95536,16198,45985,11842,79337,3086,1489,1597
30840,95557,16203,45995,11846,79352,3087,1489,1598
30845,95567,16205,45998,11847,79362,3087,1489,1598
30850,95588,16210,46011,11852,79376,3088,1489,1599
30855,95598,16212,46015,11853,79385,3088,1489,1599
30860,95619,16218,46028,11859,79397,3089,1489,1600
30865,95629,16223,46033,11863,79406,3089,1489,1600
30870,95650,16227,46042,11867,79420,3090,1490,1600
30875,95660,16232,46048,11872,79427,3090,1490,1600
30880,95681,16239,46062,11878,79436,3091,1490,1601
30885,95691,16246,46067,11884,79445,3091,1490,1601
30890,95712,16248,46077,11884,79462,3092,1491,1601
30895,95722,16248,46083,11884,79474,3092,1491,1601
30900,95743,16251,46093,11887,79491,3093,1491,1602
30905,95753,16251,46099,11887,79502,3093,1491,1602
30910,95774,16254,46112,11889,79519,3094,1492,1602
30915,95784,16254,46117,11889,79530,3094,1492,1602
30920,95805,16257,46127,11890,79547,3095,1492,1603
30925,95815,16257,46133,11890,79558,3095,1492,1603
30930,95836,16260,46145,11893,79576,3096,1493,1603
30935,95846,16260,46149,11893,79586,3096,1493,1603
30940,95867,16262,46160,11893,79605,3097,1493,1604
30945,95877,16262,46164,11893,79615,3097,1493,1604
30950,95898,16265,46176,11896,79633,3098,1494,1604
30955,95908,16265,46184,11896,79643,3098,1494,1604
30960,95929,16268,46192,11898,79661,3099,1494,1605
30965,95939,16268,46198,11898,79671,3099,1494,1605
30970,95960,16270,46206,11899,79690,3100,1495,1605
30975,95970,16270,46212,11899,79700,3100,1495,1605
30980,95991,16272,46219,11899,79719,3101,1495,1606
30985,96001,16272,46221,11899,79729,3101,1495,1606
30990,96022,16275,46232,11902,79746,3102,1495,1607
30995,96032,16277,46234,11904,79755,3102,1495,1607
31000,96053,16282,46244,11907,79770,3103,1496,1607
31005,96063,16284,46251,11909,79777,3103,1496,1607
31010,96084,16291,46259,11915,79793,3104,1496,1608
31015,96094,16294,46264,11918,79800,3104,1496,1608
31020,96115,16302,46277,11925,79810,3105,1497,1608
31025,96125,16309,46282,11931,79814,3105,1497,1608
31030,96146,16317,46291,11937,79826,3106,1497,1609
31035,96156,16321,46294,11940,79834,3106,1497,1609
31040,96177,16326,46305,11943,79849,3107,1497,1610
31045,96187,16327,46309,11944,79859,3107,1497,1610
31050,96208,16329,46319,11946,79879,3108,1497,1611
31055,96218,16329,46325,11946,79888,3108,1497,1611
31060,96239,16332,46332,11947,79907,3109,1497,1612
31065,96249,16332,46336,11947,79917,3109,1497,1612
31070,96270,16335,46346,11949,79935,3110,1498,1612
31075,96280,16335,46350,11949,79944,3110,1498,1612
31080,96301,16338,46358,11951,79963,3111,1498,1613
31085,96311,16338,46362,11951,79973,3111,1498,1613
31090,96332,16339,46373,11952,79993,3112,1499,1613
31095,96342,16339,46378,11952,80003,3112,1499,1613
31100,96363,16340,46388,11953,80023,3113,1499,1614
31105,96373,16340,46391,11953,80033,3113,1499,1614
31110,96394,16341,46401,11954,80053,3114,1500,1614
31115,96404,16341,46406,11954,80063,3114,1500,1614
31120,96425,16342,46417,11954,80083,3115,1501,1614
31125,96435,16342,46421,11954,80093,3115,1501,1614
31130,96456,16343,46434,11954,80111,3116,1502,1614
31135,96466,16344,46441,11955,80122,3116,1502,1614
31140,96487,16347,46448,11957,80139,3117,1502,1615
31145,96497,16348,46454,11958,80149,3117,1502,1615
31150,96518,16350,46465,11959,80167,3118,1502,1616
31155,96528,16352,46469,11961,80176,3118,1502,1616
31160,96549,16356,46481,11963,80192,3119,1502,1617
31165,96559,16358,46486,11964,80200,3119,1502,1617
31170,96580,16363,46498,11967,80217,3120,1503,1617
31175,96590,16365,46502,11968,80224,3120,1503,1617
31180,96611,16371,46515,11973,80236,3121,1504,1617
31185,96621,16377,46520,11979,80242,3121,1504,1617
31190,96642,16387,46531,11988,80253,3122,1505,1617
31195,96652,16392,46538,11993,80257,3122,1505,1617
31200,96673,16399,46549,11999,80273,3123,1505,1618
31205,96683,16400,46557,12000,80280,3123,1505,1618
31210,96704,16402,46571,12000,80301,3124,1506,1618
31215,96714,16402,46574,12000,80311,3124,1506,1618
31220,96735,16405,46586,12003,80330,3125,1506,1619
31225,96745,16405,46587,12003,80340,3125,1506,1619
31230,96766,16407,46595,12004,80359,3126,1506,1620
31235,96776,16407,46599,12004,80369,3126,1506,1620
31240,96797,16410,46604,12005,80387,3127,1507,1620
31245,96807,16410,46610,12005,80397,3127,1507,1620
31250,96828,16412,46620,12007,80415,3128,1507,1621
31255,96838,16412,46625,12007,80426,3128,1507,1621
31260,96859,16414,46632,12007,80445,3129,1507,1622
31265,96869,16414,46639,12007,80455,3129,1507,1622
31270,96890,16416,46650,12007,80474,3130,1507,1623
31275,96900,16416,46655,12007,80484,3130,1507,1623
31280,96921,16419,46670,12010,80502,3131,1507,1624
31285,96931,16419,46677,12010,80512,3131,1507,1624
31290,96952,16421,46686,12010,80531,3132,1508,1624
31295,96962,16421,46692,12010,80541,3132,1508,1624
31300,96983,16423,46705,12012,80559,3133,1509,1624
31305,96993,16424,46709,12013,80568,3133,1509,1624
31310,97014,16428,46718,12016,80586,3134,1509,1625
31315,97024,16430,46723,12018,80594,3134,1509,1625
31320,97045,16435,46732,12021,80610,3135,1510,1625
31325,97055,16436,46738,12022,80617,3135,1510,1625
31330,97076,16444,46750,12030,80631,3136,1511,1625
31335,97086,16448,46754,12034,80637,3136,1511,1625
31340,97107,16455,46765,12039,80651,3137,1511,1626
31345,97117,16458,46768,12042,80658,3137,1511,1626
31350,97138,16465,46779,12046,80673,3138,1512,1626
31355,97148,16467,46786,12047,80680,3138,1512,1626
31360,97169,16473,46795,12052,80695,3139,1513,1626
31365,97179,16476,46801,12055,80702,3139,1513,1626
31370,97200,16481,46809,12059,80717,3140,1514,1626
31375,97210,16485,46813,12062,80725,3140,1514,1626
31380,97231,16489,46826,12065,80740,3141,1515,1626
31385,97241,16490,46833,12066,80750,3141,1515,1626
31390,97262,16492,46841,12067,80770,3142,1516,1626
31395,97272,16492,46845,12067,80779,3142,1516,1626
31400,97293,16495,46856,12069,80797,3143,1516,1627
31405,97303,16495,46859,12069,80807,3143,1516,1627
31410,97324,16497,46869,12071,80826,3144,1516,1628
31415,97334,16497,46875,12071,80837,3144,1516,1628
31420,97355,16499,46885,12073,80855,3145,1516,1629
31425,97365,16499,46891,12073,80866,3145,1516,1629
31430,97386,16502,46906,12076,80883,3146,1516,1630
31435,97396,16502,46914,12076,80894,3146,1516,1630
31440,97417,16505,46927,12078,80911,3147,1516,1631
31445,97427,16505,46933,12078,80922,3147,1516,1631
31450,97448,16508,46942,12080,80939,3148,1516,1632
31455,97458,16508,46947,12080,80950,3148,1516,1632
31460,97479,16511,46958,12083,80968,3149,1517,1632
31465,97489,16511,46961,12083,80978,3149,1517,1632
31470,97510,16516,46976,12088,80992,3150,1517,1633
31475,97520,16517,46978,12089,81003,3150,1517,1633
31480,97541,16520,46984,12090,81020,3151,1517,1634
31485,97551,16521,46987,12091,81030,3151,1517,1634
31490,97572,16527,46999,12096,81043,3152,1517,1635
31495,97582,16531,47006,12100,81050,3152,1517,1635
31500,97603,16537,47013,12105,81066,3153,1517,1636
31505,97613,16538,47018,12105,81074,3153,1517,1636
31510,97634,16544,47026,12108,81089,3154,1517,1637
31515,97644,16546,47033,12110,81097,3154,1517,1637
31520,97665,16554,47043,12115,81108,3155,1518,1637
31525,97675,16558,47048,12118,81115,3155,1518,1637
31530,97696,16566,47060,12125,81126,3156,1518,1638
31535,97706,16571,47064,12129,81134,3156,1518,1638
31540,97727,16574,47072,12131,81151,3157,1518,1639
31545,97737,16577,47074,12134,81160,3157,1518,1639
31550,97758,16579,47083,12136,81177,3158,1518,1640
31555,97768,16583,47089,12140,81185,3158,1518,1640
31560,97789,16586,47096,12141,81203,3159,1518,1641
31565,97799,16586,47099,12141,81213,3159,1518,1641
31570,97820,16588,47108,12142,81231,3160,1518,1642
31575,97830,16588,47116,12142,81242,3160,1518,1642
31580,97851,16590,47126,12144,81261,3161,1518,1643
31585,97861,16590,47132,12144,81271,3161,1518,1643
31590,97882,16592,47144,12146,81290,3162,1518,1644
31595,97892,16592,47153,12146,81300,3162,1518,1644
31600,97913,16594,47163,12147,81319,3163,1519,1644
31605,97923,16594,47167,12147,81329,3163,1519,1644
31610,97944,16596,47178,12147,81348,3164,1519,1645
31615,97954,16596,47183,12147,81357,3164,1519,1645
31620,97975,16599,47196,12150,81376,3165,1520,1645
31625,97985,16599,47203,12150,81386,3165,1520,1645
31630,98006,16602,47212,12151,81404,3166,1520,1646
31635,98016,16602,47216,12151,81413,3166,1520,1646
31640,98037,16606,47223,12154,81431,3167,1520,1647
31645,98047,16606,47228,12154,81441,3167,1520,1647
31650,98068,16611,47237,12157,81456,3168,1520,1648
31655,98078,16612,47244,12158,81466,3168,1520,1648
31660,98099,16617,47256,12160,81481,3169,1520,1649
31665,98109,16620,47260,12163,81489,3169,1520,1649
31670,98130,16628,47271,12169,81500,3170,1520,1650
31675,98140,16632,47276,12172,81506,3170,1520,1650
31680,98161,16638,47289,12177,81519,3171,1521,1650
31685,98171,16645,47296,12183,81524,3171,1521,1650
31690,98192,16652,47308,12190,81538,3172,1522,1650
31695,98202,16655,47314,12192,81545,3172,1522,1650
31700,98223,16661,47325,12196,81561,3173,1522,1651
31705,98233,16663,47328,12197,81570,3173,1522,1651
31710,98254,16667,47335,12200,81587,3174,1522,1652
31715,98264,16668,47339,12200,81596,3174,1522,1652
31720,98285,16671,47348,12201,81613,3175,1523,1652
31725,98295,16673,47353,12202,81622,3175,1523,1652
31730,98316,16678,47365,12206,81638,3176,1524,1652
31735,98326,16678,47366,12206,81647,3176,1524,1652
31740,98347,16681,47377,12208,81666,3177,1524,1653
31745,98357,16681,47383,12208,81674,3177,1524,1653
31750,98378,16683,47393,12209,81694,3178,1525,1653
31755,98388,16683,47402,12209,81704,3178,1525,1653
31760,98409,16685,47414,12209,81723,3179,1526,1653
31765,98419,16685,47421,12209,81734,3179,1526,1653
31770,98440,16688,47427,12211,81752,3180,1527,1653
31775,98450,16688,47433,12211,81762,3180,1527,1653
31780,98471,16690,47444,12213,81780,3181,1527,1654
31785,98481,16690,47450,12213,81791,3181,1527,1654
31790,98502,16693,47457,12215,81809,3182,1528,1654
31795,98512,16693,47464,12215,81819,3182,1528,1654
31800,98533,16696,47476,12217,81837,3183,1528,1655
31805,98543,16696,47478,12217,81847,3183,1528,1655
31810,98564,16698,47490,12219,81866,3184,1529,1655
31815,98574,16698,47496,12219,81875,3184,1529,1655
31820,98595,16702,47505,12221,81893,3185,1529,1656
31825,98605,16702,47508,12221,81902,3185,1529,1656
31830,98626,16707,47518,12223,81919,3186,1530,1656
31835,98636,16708,47522,12223,81928,3186,1530,1656
31840,98657,16714,47529,12227,81943,3187,1530,1657
31845,98667,16715,47533,12228,81952,3187,1530,1657
31850,98688,16720,47544,12232,81966,3188,1530,1658
31855,98698,16725,47552,12236,81971,3188,1530,1658
31860,98719,16733,47563,12242,81983,3189,1531,1658
31865,98729,16740,47568,12248,81989,3189,1531,1658
31870,98750,16746,47580,12253,82003,3190,1531,1659
31875,98760,16747,47584,12254,82012,3190,1531,1659
31880,98781,16752,47592,12258,82029,3191,1532,1659
31885,98791,16752,47595,12258,82038,3191,1532,1659
31890,98812,16758,47603,12262,82053,3192,1532,1660
31895,98822,16759,47608,12263,82062,3192,1532,1660
31900,98843,16765,47613,12267,82078,3193,1532,1661
31905,98853,16767,47618,12269,82085,3193,1532,1661
31910,98874,16771,47630,12271,82102,3194,1533,1661
31915,98884,16771,47634,12271,82113,3194,1533,1661
31920,98905,16773,47644,12272,82131,3195,1533,1662
31925,98915,16773,47650,12272,82141,3195,1533,1662
31930,98936,16775,47659,12273,82160,3196,1534,1662
31935,98946,16775,47664,12273,82169,3196,1534,1662
31940,98967,16778,47673,12275,82189,3197,1534,1663
31945,98977,16778,47676,12275,82199,3197,1534,1663
31950,98998,16780,47685,12275,82218,3198,1534,1664
31955,99008,16780,47690,12275,82228,3198,1534,1664
31960,99029,16783,47699,12278,82246,3199,1535,1664
31965,99039,16783,47707,12278,82256,3199,1535,1664
31970,99060,16786,47717,12279,82274,3200,1535,1665
31975,99070,16787,47720,12279,82283,3200,1535,1665
31980,99091,16791,47729,12283,82299,3201,1535,1666
31985,99101,16792,47732,12284,82309,3201,1535,1666
31990,99122,16796,47739,12287,82326,3202,1536,1666
31995,99132,16798,47743,12288,82334,3202,1536,1666
32000,99153,16802,47755,12291,82351,3203,1536,1667
32005,99163,16803,47762,12292,82360,3203,1536,1667
32010,99184,16806,47773,12294,82378,3204,1536,1668
32015,99194,16807,47777,12294,82386,3204,1536,1668
32020,99215,16813,47788,12298,82402,3205,1536,1669
32025,99225,16814,47795,12299,82409,3205,1536,1669
32030,99246,16824,47809,12309,82418,3206,1537,1669
32035,99256,16829,47813,12314,82427,3206,1537,1669
32040,99277,16835,47822,12318,82440,3207,1537,1670
32045,99287,16836,47828,12319,82449,3207,1537,1670
32050,99308,16844,47840,12324,82462,3208,1538,1670
32055,99318,16846,47846,12326,82469,3208,1538,1670
32060,99339,16853,47862,12332,82485,3209,1538,1671
32065,99349,16853,47864,12332,82496,3209,1538,1671
32070,99370,16856,47874,12333,82514,3210,1538,1672
32075,99380,16856,47878,12333,82524,3210,1538,1672
32080,99401,16859,47887,12335,82542,3211,1538,1673
32085,99411,16859,47892,12335,82551,3211,1538,1673
32090,99432,16862,47901,12338,82569,3212,1538,1674
32095,99442,16862,47907,12338,82580,3212,1538,1674
32100,99463,16865,47917,12341,82597,3213,1538,1675
32105,99473,16865,47925,12341,82607,3213,1538,1675
32110,99494,16868,47933,12342,82626,3214,1539,1675
32115,99504,16868,47937,12342,82635,3214,1539,1675
32120,99525,16870,47946,12343,82655,3215,1539,1676
32125,99535,16870,47951,12343,82664,3215,1539,1676
32130,99556,16872,47960,12344,82684,3216,1539,1677
32135,99566,16872,47964,12344,82694,3216,1539,1677
32140,99587,16875,47973,12346,82711,3217,1539,1678
32145,99597,16876,47979,12347,82721,3217,1539,1678
32150,99618,16878,47985,12348,82738,3218,1539,1679
32155,99628,16881,47989,12350,82747,3218,1539,1679
32160,99649,16885,48001,12354,82763,3219,1539,1680
32165,99659,16887,48003,12356,82772,3219,1539,1680
32170,99680,16891,48016,12358,82789,3220,1540,1680
32175,99690,16892,48022,12358,82797,3220,1540,1680
32180,99711,16896,48033,12360,82814,3221,1541,1680
32185,99721,16899,48040,12363,82820,3221,1541,1680
32190,99742,16904,48048,12367,82838,3222,1541,1681
32195,99752,16905,48051,12367,82846,3222,1541,1681
32200,99773,16911,48064,12371,82861,3223,1541,1682
32205,99783,16915,48071,12375,82867,3223,1541,1682
32210,99804,16919,48078,12379,82885,3224,1542,1682
32215,99814,16921,48084,12381,82892,3224,1542,1682
32220,99835,16926,48095,12385,82909,3225,1542,1683
32225,99845,16927,48099,12386,82918,3225,1542,1683
32230,99866,16929,48111,12388,82936,3226,1543,1683
32235,99876,16931,48117,12389,82945,3226,1543,1683
32240,99897,16933,48124,12391,82964,3227,1543,1684
32245,99907,16935,48128,12392,82972,3227,1543,1684
32250,99928,16937,48133,12393,82991,3228,1544,1684
32255,99938,16938,48134,12393,83000,3228,1544,1684
32260,99959,16939,48142,12393,83019,3229,1545,1684
32265,99969,16941,48148,12395,83027,3229,1545,1684
32270,99990,16942,48157,12395,83043,3230,1545,1685
32275,100000,16947,48161,12399,83053,3230,1545,1685
32280,100021,16950,48171,12401,83069,3231,1545,1686
32285,100031,16950,48176,12401,83080,3231,1545,1686
32290,100052,16952,48186,12403,83100,3232,1545,1687
32295,100062,16952,48188,12403,83110,3232,1545,1687
32300,100083,16954,48197,12405,83128,3233,1546,1687
32305,100093,16954,48203,12405,83139,3233,1546,1687
32310,100114,16957,48215,12407,83155,3234,1547,1687
32315,100124,16957,48220,12407,83167,3234,1547,1687
32320,100145,16960,48235,12409,83184,3235,1547,1688
32325,100155,16960,48238,12409,83195,3235,1547,1688
32330,100176,16965,48249,12414,83210,3236,1547,1689
32335,100186,16965,48257,12414,83220,3236,1547,1689
32340,100207,16971,48267,12418,83235,3237,1548,1689
32345,100217,16972,48270,12419,83245,3237,1548,1689
32350,100238,16975,48277,12419,83262,3238,1548,1690
32355,100248,16976,48282,12420,83271,3238,1548,1690
32360,100269,16982,48289,12424,83286,3239,1548,1691
32365,100279,16982,48294,12424,83296,3239,1548,1691
32370,100300,16987,48305,12427,83313,3240,1549,1691
32375,100310,16987,48311,12427,83323,3240,1549,1691
32380,100331,16993,48321,12432,83338,3241,1549,1692
32385,100341,16994,48327,12433,83346,3241,1549,1692
32390,100362,16998,48332,12435,83364,3242,1550,1692
32395,100372,16999,48337,12435,83371,3242,1550,1692
32400,100393,17006,48343,12440,83387,3243,1551,1692
32405,100403,17008,48347,12442,83395,3243,1551,1692
32410,100424,17016,48362,12449,83408,3244,1552,1692
32415,100434,17019,48367,12451,83414,3244,1552,1692
32420,100455,17023,48380,12455,83430,3245,1553,1692
32425,100465,17027,48383,12458,83438,3245,1553,1692
32430,100486,17031,48395,12461,83453,3246,1554,1692
32435,100496,17035,48398,12465,83461,3246,1554,1692
32440,100517,17041,48407,12469,83475,3247,1554,1693
32445,100527,17042,48412,12470,83485,3247,1554,1693
32450,100548,17045,48425,12473,83502,3248,1554,1694
32455,100558,17045,48432,12473,83512,3248,1554,1694
32460,100579,17047,48444,12473,83531,3249,1555,1694
32465,100589,17047,48449,12473,83542,3249,1555,1694
32470,100610,17049,48457,12473,83561,3250,1556,1694
32475,100620,17049,48461,12473,83571,3250,1556,1694
32480,100641,17051,48468,12474,83590,3251,1557,1694
32485,100651,17051,48471,12474,83600,3251,1557,1694
32490,100672,17054,48485,12475,83618,3252,1558,1694
32495,100682,17054,48490,12475,83627,3252,1558,1694
32500,100703,17057,48498,12476,83646,3253,1559,1694
32505,100713,17057,48502,12476,83656,3253,1559,1694
32510,100734,17059,48508,12477,83675,3254,1559,1695
32515,100744,17059,48514,12477,83685,3254,1559,1695
32520,100765,17062,48522,12479,83703,3255,1559,1696
32525,100775,17062,48528,12479,83712,3255,1559,1696
32530,100796,17067,48534,12482,83729,3256,1559,1697
32535,100806,17067,48540,12482,83739,3256,1559,1697
32540,100827,17070,48547,12483,83757,3257,1559,1698
32545,100837,17070,48550,12483,83767,3257,1559,1698
32550,100858,17074,48559,12485,83784,3258,1559,1699
32555,100868,17075,48565,12486,83793,3258,1559,1699
32560,100889,17078,48571,12487,83811,3259,1559,1700
32565,100899,17079,48574,12488,83820,3259,1559,1700
32570,100920,17084,48586,12491,83830,3260,1559,1701
32575,100930,17090,48589,12497,83839,3260,1559,1701
32580,100951,17095,48602,12502,83851,3261,1559,1702
32585,100961,17102,48609,12509,83858,3261,1559,1702
32590,100982,17107,48617,12512,83873,3262,1559,1703
32595,100992,17110,48620,12514,83880,3262,1559,1703
32600,101013,17119,48632,12522,83891,3263,1560,1703
32605,101023,17124,48637,12527,83898,3263,1560,1703
32610,101044,17134,48649,12535,83908,3264,1561,1703
32615,101054,17137,48654,12537,83916,3264,1561,1703
32620,101075,17140,48664,12539,83934,3265,1562,1703
32625,101085,17141,48667,12539,83943,3265,1562,1703
32630,101106,17144,48675,12541,83962,3266,1562,1704
32635,101116,17145,48680,12541,83971,3266,1562,1704
32640,101137,17148,48686,12543,83989,3267,1562,1705
32645,101147,17150,48692,12544,83996,3267,1562,1705
32650,101168,17152,48699,12545,84016,3268,1562,1706
32655,101178,17152,48701,12545,84026,3268,1562,1706
32660,101199,17155,48713,12547,84044,3269,1562,1707
32665,101209,17155,48718,12547,84053,3269,1562,1707
32670,101230,17157,48732,12549,84072,3270,1563,1707
32675,101240,17157,48738,12549,84083,3270,1563,1707
32680,101261,17159,48750,12550,84101,3271,1564,1707
32685,101271,17159,48755,12550,84112,3271,1564,1707
32690,101292,17161,48763,12551,84130,3272,1565,1707
32695,101302,17161,48769,12551,84141,3272,1565,1707
32700,101323,17164,48782,12553,84159,3273,1566,1707
32705,101333,17164,48788,12553,84169,3273,1566,1707
32710,101354,17167,48796,12554,84187,3274,1566,1708
32715,101364,17167,48802,12554,84197,3274,1566,1708
32720,101385,17169,48809,12555,84216,3275,1566,1709
32725,101395,17169,48815,12555,84226,3275,1566,1709
32730,101416,17174,48824,12559,84240,3276,1566,1710
32735,101426,17175,48828,12560,84251,3276,1566,1710
32740,101447,17178,48840,12563,84268,3277,1567,1710
32745,101457,17179,48843,12564,84277,3277,1567,1710
32750,101478,17184,48852,12567,84290,3278,1567,1711
32755,101488,17190,48857,12573,84297,3278,1567,1711
32760,101509,17196,48869,12577,84312,3279,1568,1711
32765,101519,17200,48874,12580,84318,3279,1568,1711
32770,101540,17208,48887,12587,84330,3280,1569,1711
32775,101550,17212,48892,12591,84337,3280,1569,1711
32780,101571,17220,48905,12597,84347,3281,1570,1711
32785,101581,17227,48912,12604,84353,3281,1570,1711
32790,101602,17230,48919,12607,84372,3282,1570,1712
32795,101612,17230,48922,12607,84381,3282,1570,1712
32800,101633,17232,48930,12608,84401,3283,1570,1713
32805,101643,17232,48933,12608,84410,3283,1570,1713
32810,101664,17235,48946,12611,84428,3284,1570,1714
32815,101674,17235,48950,12611,84437,3284,1570,1714
32820,101695,17237,48958,12611,84458,3285,1571,1714
32825,101705,17237,48963,12611,84468,3285,1571,1714
32830,101726,17240,48975,12613,84486,3286,1571,1715
32835,101736,17240,48983,12613,84494,3286,1571,1715
32840,101757,17242,48993,12614,84515,3287,1572,1715
32845,101767,17242,48995,12614,84524,3287,1572,1715
32850,101788,17245,49006,12617,84543,3288,1572,1716
32855,101798,17245,49012,12617,84553,3288,1572,1716
32860,101819,17248,49026,12620,84571,3289,1573,1716
32865,101829,17248,49031,12620,84581,3289,1573,1716
32870,101850,17250,49040,12621,84600,3290,1574,1716
32875,101860,17250,49046,12621,84610,3290,1574,1716
32880,101881,17252,49060,12622,84629,3291,1575,1716
32885,101891,17252,49062,12622,84639,3291,1575,1716
32890,101912,17254,49073,12622,84658,3292,1575,1717
32895,101922,17254,49079,12622,84667,3292,1575,1717
32900,101943,17260,49091,12628,84678,3293,1575,1718
32905,101953,17265,49094,12632,84688,3293,1575,1718
32910,101974,17269,49105,12635,84701,3294,1575,1719
32915,101984,17273,49110,12638,84710,3294,1575,1719
32920,102005,17279,49126,12644,84721,3295,1576,1719
32925,102015,17284,49131,12649,84731,3295,1576,1719
32930,102036,17287,49144,12652,84746,3296,1577,1719
32935,102046,17291,49148,12655,84755,3296,1577,1719
32940,102067,17294,49152,12655,84771,3297,1577,1720
32945,102077,17298,49157,12658,84779,3297,1577,1720
32950,102098,17301,49165,12659,84797,3298,1578,1720
32955,102108,17302,49167,12659,84806,3298,1578,1720
32960,102129,17307,49173,12661,84822,3299,1578,1721
32965,102139,17309,49179,12663,84828,3299,1578,1721
32970,102160,17316,49189,12668,84844,3300,1579,1721
32975,102170,17318,49193,12669,84852,3300,1579,1721
32980,102191,17322,49203,12671,84869,3301,1580,1721
32985,102201,17324,49207,12672,84875,3301,1580,1721
32990,102222,17331,49219,12679,84890,3302,1581,1721
32995,102232,17333,49223,12681,84899,3302,1581,1721
33000,102253,17340,49231,12686,84913,3303,1581,1722
33005,102263,17341,49233,12686,84921,3303,1581,1722
33010,102284,17346,49239,12688,84938,3304,1582,1722
33015,102294,17347,49243,12689,84946,3304,1582,1722
33020,102315,17349,49250,12689,84966,3305,1582,1723
33025,102325,17351,49253,12690,84973,3305,1582,1723
33030,102346,17355,49267,12694,84991,3306,1582,1724
33035,102356,17355,49272,12694,85000,3306,1582,1724
33040,102377,17357,49281,12695,85020,3307,1583,1724
33045,102387,17357,49285,12695,85029,3307,1583,1724
33050,102408,17359,49294,12696,85047,3308,1583,1725
33055,102418,17359,49300,12696,85059,3308,1583,1725
33060,102439,17361,49314,12697,85076,3309,1583,1726
33065,102449,17361,49319,12697,85088,3309,1583,1726
33070,102470,17363,49330,12699,85105,3310,1583,1727
33075,102480,17363,49335,12699,85117,3310,1583,1727
33080,102501,17366,49346,12702,85134,3311,1584,1727
33085,102511,17366,49349,12702,85145,3311,1584,1727
33090,102532,17369,49359,12704,85162,3312,1585,1727
33095,102542,17369,49366,12704,85173,3312,1585,1727
33100,102563,17371,49374,12704,85191,3313,1586,1727
33105,102573,17371,49380,12704,85202,3313,1586,1727
33110,102594,17373,49390,12706,85220,3314,1587,1727
33115,102604,17373,49395,12706,85231,3314,1587,1727
33120,102625,17376,49401,12708,85249,3315,1587,1728
33125,102635,17376,49406,12708,85258,3315,1587,1728
33130,102656,17380,49416,12709,85275,3316,1588,1728
33135,102666,17384,49422,12712,85281,3316,1588,1728
33140,102687,17391,49435,12718,85295,3317,1589,1728
33145,102697,17394,49440,12721,85302,3317,1589,1728
33150,102718,17398,49447,12723,85320,3318,1589,1729
33155,102728,17401,49452,12726,85327,3318,1589,1729
33160,102749,17407,49463,12732,85341,3319,1590,1729
33165,102759,17410,49468,12734,85346,3319,1590,1729
33170,102780,17420,49480,12741,85360,3320,1591,1729
33175,102790,17422,49488,12742,85367,3320,1591,1729
33180,102811,17427,49498,12747,85384,3321,1592,1729
33185,102821,17428,49503,12747,85393,3321,1592,1729
33190,102842,17431,49514,12749,85411,3322,1593,1729
33195,102852,17432,49520,12750,85419,3322,1593,1729
33200,102873,17435,49534,12752,85438,3323,1594,1729
33205,102883,17436,49540,12753,85447,3323,1594,1729
33210,102904,17438,49549,12753,85466,3324,1594,1730
33215,102914,17439,49555,12753,85475,3324,1594,1730
33220,102935,17441,49564,12755,85494,3325,1595,1730
33225,102945,17442,49570,12756,85501,3325,1595,1730
33230,102966,17446,49579,12759,85517,3326,1595,1731
33235,102976,17449,49584,12761,85527,3326,1595,1731
33240,102997,17451,49593,12762,85544,3327,1595,1732
33245,103007,17455,49595,12765,85552,3327,1595,1732
33250,103028,17458,49604,12767,85568,3328,1595,1733
33255,103038,17460,49606,12769,85578,3328,1595,1733
33260,103059,17463,49619,12771,85594,3329,1596,1733
33265,103069,17463,49624,12771,85606,3329,1596,1733
33270,103090,17465,49635,12772,85625,3330,1597,1733
33275,103100,17465,49638,12772,85635,3330,1597,1733
33280,103121,17468,49649,12773,85652,3331,1597,1734
33285,103131,17468,49654,12773,85663,3331,1597,1734
33290,103152,17472,49665,12775,85679,3332,1597,1735
33295,103162,17473,49668,12776,85689,3332,1597,1735
33300,103183,17478,49679,12779,85704,3333,1598,1735
33305,103193,17478,49684,12779,85714,3333,1598,1735
33310,103214,17484,49693,12783,85730,3334,1599,1735
33315,103224,17485,49695,12784,85739,3334,1599,1735
33320,103245,17490,49708,12787,85754,3335,1600,1735
33325,103255,17492,49712,12789,85763,3335,1600,1735
33330,103276,17497,49724,12792,85778,3336,1601,1735
33335,103286,17498,49729,12793,85787,3336,1601,1735
33340,103307,17503,49741,12796,85803,3337,1601,1736
33345,103317,17505,49746,12798,85810,3337,1601,1736
33350,103338,17508,49757,12799,85830,3338,1601,1737
33355,103348,17508,49763,12799,85838,3338,1601,1737
33360,103369,17512,49775,12803,85857,3339,1601,1738
33365,103379,17513,49780,12803,85866,3339,1601,1738
33370,103400,17516,49789,12805,85884,3340,1601,1739
33375,103410,17518,49793,12806,85892,3340,1601,1739
33380,103431,17522,49803,12809,85908,3341,1602,1739
33385,103441,17524,49806,12811,85917,3341,1602,1739
33390,103462,17529,49817,12815,85930,3342,1603,1739
33395,103472,17535,49823,12820,85936,3342,1603,1739
33400,103493,17540,49831,12823,85953,3343,1603,1740
33405,103503,17541,49837,12823,85961,3343,1603,1740
33410,103524,17545,49846,12826,85977,3344,1604,1740
33415,103534,17547,49853,12828,85985,3344,1604,1740
33420,103555,17549,49860,12828,86004,3345,1604,1741
33425,103565,17549,49865,12828,86015,3345,1604,1741
33430,103586,17552,49876,12830,86034,3346,1605,1741
33435,103596,17552,49883,12830,86044,3346,1605,1741
33440,103617,17555,49894,12832,86061,3347,1606,1741
33445,103627,17555,49899,12832,86072,3347,1606,1741
33450,103648,17557,49906,12832,86090,3348,1606,1742
33455,103658,17557,49912,12832,86101,3348,1606,1742
33460,103679,17561,49922,12834,86118,3349,1607,1742
33465,103689,17561,49925,12834,86128,3349,1607,1742
33470,103710,17565,49934,12836,86145,3350,1608,1742
33475,103720,17565,49938,12836,86155,3350,1608,1742
33480,103741,17568,49948,12838,86173,3351,1608,1743
33485,103751,17568,49953,12838,86182,3351,1608,1743
33490,103772,17571,49964,12840,86200,3352,1609,1743
33495,103782,17573,49967,12842,86209,3352,1609,1743
33500,103803,17576,49978,12844,86227,3353,1610,1743
33505,103813,17577,49981,12845,86236,3353,1610,1743
33510,103834,17579,49993,12845,86254,3354,1611,1743
33515,103844,17581,49997,12847,86263,3354,1611,1743
33520,103865,17585,50009,12851,86280,3355,1612,1743
33525,103875,17586,50012,12851,86288,3355,1612,1743
33530,103896,17590,50022,12854,86306,3356,1612,1744
33535,103906,17591,50025,12855,86315,3356,1612,1744
33540,103927,17595,50031,12857,86332,3357,1613,1744
33545,103937,17598,50034,12859,86338,3357,1613,1744
33550,103958,17605,50053,12865,86347,3358,1614,1744
33555,103968,17612,50057,12872,86356,3358,1614,1744
33560,103989,17613,50065,12873,86374,3359,1614,1745
33565,103999,17616,50070,12875,86382,3359,1614,1745
33570,104020,17618,50084,12877,86399,3360,1615,1745
33575,104030,17622,50090,12880,86407,3360,1615,1745
33580,104051,17623,50101,12881,86425,3361,1615,1746
33585,104061,17626,50104,12884,86435,3361,1615,1746
33590,104082,17629,50113,12885,86453,3362,1615,1747
33595,104092,17629,50118,12885,86461,3362,1615,1747
33600,104113,17632,50129,12886,86481,3363,1616,1747
33605,104123,17632,50134,12886,86491,3363,1616,1747
33610,104144,17635,50140,12888,86509,3364,1616,1748
33615,104154,17635,50146,12888,86519,3364,1616,1748
33620,104175,17637,50157,12890,86538,3365,1616,1749
33625,104185,17637,50163,12890,86548,3365,1616,1749
33630,104206,17639,50173,12891,86566,3366,1617,1749
33635,104216,17639,50176,12891,86577,3366,1617,1749
33640,104237,17641,50183,12891,86596,3367,1617,1750
33645,104247,17641,50188,12891,86606,3367,1617,1750
33650,104268,17643,50193,12891,86624,3368,1617,1751
33655,104278,17643,50197,12891,86635,3368,1617,1751
33660,104299,17646,50209,12893,86652,3369,1617,1752
33665,104309,17646,50213,12893,86663,3369,1617,1752
33670,104330,17650,50224,12897,86679,3370,1617,1753
33675,104340,17650,50231,12897,86690,3370,1617,1753
33680,104361,17654,50240,12899,86706,3371,1618,1753
33685,104371,17654,50245,12899,86716,3371,1618,1753
33690,104392,17659,50256,12902,86733,3372,1619,1753
33695,104402,17660,50261,12902,86741,3372,1619,1753
33700,104423,17665,50267,12904,86758,3373,1619,1754
33705,104433,17668,50271,12906,86763,3373,1619,1754
33710,104454,17675,50277,12911,86779,3374,1620,1754
33715,104464,17676,50280,12912,86786,3374,1620,1754
33720,104485,17683,50290,12917,86801,3375,1621,1754
33725,104495,17687,50295,12920,86807,3375,1621,1754
33730,104516,17693,50304,12925,86823,3376,1622,1754
33735,104526,17695,50311,12927,86829,3376,1622,1754
33740,104547,17699,50324,12930,86848,3377,1623,1754
33745,104557,17700,50330,12931,86856,3377,1623,1754
33750,104578,17702,50338,12932,86876,3378,1623,1755
33755,104588,17703,50343,12933,86885,3378,1623,1755
33760,104609,17705,50352,12934,86904,3379,1624,1755
33765,104619,17706,50356,12934,86912,3379,1624,1755
33770,104640,17708,50362,12935,86932,3380,1624,1756
33775,104650,17709,50367,12936,86941,3380,1624,1756
33780,104671,17712,50379,12938,86956,3381,1624,1757
33785,104681,17717,50384,12943,86964,3381,1624,1757
33790,104702,17720,50395,12944,86978,3382,1625,1757
33795,104712,17725,50400,12949,86987,3382,1625,1757
33800,104733,17729,50411,12953,87001,3383,1625,1758
33805,104743,17732,50417,12956,87011,3383,1625,1758
33810,104764,17736,50425,12959,87027,3384,1625,1759
33815,104774,17739,50431,12962,87035,3384,1625,1759
33820,104795,17742,50444,12963,87052,3385,1626,1759
33825,104805,17743,50447,12963,87062,3385,1626,1759
33830,104826,17745,50453,12963,87081,3386,1626,1760
33835,104836,17747,50459,12964,87089,3386,1626,1760
33840,104857,17750,50471,12967,87107,3387,1627,1760
33845,104867,17750,50474,12967,87117,3387,1627,1760
33850,104888,17754,50485,12970,87134,3388,1627,1761
33855,104898,17754,50488,12970,87144,3388,1627,1761
33860,104919,17757,50497,12971,87161,3389,1628,1761
33865,104929,17758,50499,12972,87171,3389,1628,1761
33870,104950,17761,50506,12973,87189,3390,1629,1761
33875,104960,17762,50509,12974,87197,3390,1629,1761
33880,104981,17767,50517,12977,87214,3391,1629,1762
33885,104991,17768,50522,12978,87222,3391,1629,1762
33890,105012,17772,50534,12980,87240,3392,1630,1762
33895,105022,17772,50538,12980,87249,3392,1630,1762
33900,105043,17776,50547,12983,87266,3393,1630,1763
33905,105053,17778,50551,12985,87274,3393,1630,1763
33910,105074,17784,50558,12990,87290,3394,1630,1764
33915,105084,17786,50563,12992,87297,3394,1630,1764
33920,105105,17792,50574,12996,87313,3395,1630,1765
33925,105115,17792,50578,12996,87323,3395,1630,1765
33930,105136,17794,50588,12997,87341,3396,1631,1765
33935,105146,17794,50594,12997,87352,3396,1631,1765
33940,105167,17796,50602,12998,87370,3397,1631,1766
33945,105177,17796,50605,12998,87379,3397,1631,1766
33950,105198,17800,50613,13001,87396,3398,1631,1767
33955,105208,17802,50616,13002,87406,3398,1631,1767
33960,105229,17805,50625,13004,87421,3399,1632,1767
33965,105239,17809,50630,13007,87430,3399,1632,1767
33970,105260,17813,50643,13010,87445,3400,1632,1768
33975,105270,17818,50647,13015,87452,3400,1632,1768
33980,105291,17821,50657,13018,87470,3401,1633,1768
33985,105301,17823,50661,13019,87478,3401,1633,1768
33990,105322,17826,50667,13021,87495,3402,1633,1769
33995,105332,17829,50670,13023,87503,3402,1633,1769
34000,105353,17832,50680,13025,87521,3403,1633,1770
34005,105363,17832,50686,13025,87531,3403,1633,1770
34010,105384,17834,50699,13026,87550,3404,1634,1770
34015,105394,17834,50704,13026,87560,3404,1634,1770
34020,105415,17836,50717,13028,87577,3405,1634,1771
34025,105425,17836,50723,13028,87589,3405,1634,1771
34030,105446,17840,50736,13031,87606,3406,1634,1772
34035,105456,17840,50742,13031,87616,3406,1634,1772
34040,105477,17843,50754,13032,87634,3407,1635,1772
34045,105487,17844,50761,13033,87642,3407,1635,1772
34050,105508,17850,50771,13039,87658,3408,1636,1772
34055,105518,17851,50775,13040,87666,3408,1636,1772
34060,105539,17857,50789,13045,87682,3409,1636,1773
34065,105549,17857,50791,13045,87691,3409,1636,1773
34070,105570,17862,50799,13048,87707,3410,1636,1774
34075,105580,17865,50803,13051,87714,3410,1636,1774
34080,105601,17870,50813,13054,87731,3411,1636,1775
34085,105611,17871,50816,13055,87739,3411,1636,1775
34090,105632,17878,50826,13061,87754,3412,1636,1776
34095,105642,17878,50830,13061,87763,3412,1636,1776
34100,105663,17881,50843,13064,87782,3413,1636,1777
34105,105673,17882,50852,13065,87791,3413,1636,1777
34110,105694,17884,50862,13067,87810,3414,1636,1778
34115,105704,17885,50866,13067,87818,3414,1636,1778
34120,105725,17888,50877,13069,87837,3415,1637,1778
34125,105735,17889,50882,13069,87845,3415,1637,1778
34130,105756,17892,50891,13072,87864,3416,1638,1778
34135,105766,17893,50894,13073,87872,3416,1638,1778
34140,105787,17897,50903,13075,87888,3417,1639,1778
34145,105797,17901,50910,13078,87896,3417,1639,1778
34150,105818,17907,50922,13082,87908,3418,1640,1778
34155,105828,17911,50928,13085,87917,3418,1640,1778
34160,105849,17915,50937,13089,87930,3419,1640,1779
34165,105859,17920,50941,13093,87939,3419,1640,1779
34170,105880,17923,50950,13096,87957,3420,1640,1780
34175,105890,17923,50957,13096,87967,3420,1640,1780
34180,105911,17925,50966,13097,87986,3421,1641,1780
34185,105921,17925,50970,13097,87996,3421,1641,1780
34190,105942,17927,50983,13098,88014,3422,1641,1781
34195,105952,17927,50987,13098,88025,3422,1641,1781
34200,105973,17930,51001,13099,88042,3423,1642,1781
34205,105983,17930,51003,13099,88053,3423,1642,1781
34210,106004,17933,51015,13102,88070,3424,1642,1782
34215,106014,17933,51019,13102,88081,3424,1642,1782
34220,106035,17938,51026,13106,88097,3425,1643,1782
34225,106045,17938,51030,13106,88107,3425,1643,1782
34230,106066,17942,51042,13109,88123,3426,1643,1783
34235,106076,17943,51046,13110,88132,3426,1643,1783
34240,106097,17948,51057,13113,88147,3427,1644,1783
34245,106107,17950,51063,13115,88154,3427,1644,1783
34250,106128,17959,51076,13123,88167,3428,1645,1783
34255,106138,17962,51080,13126,88174,3428,1645,1783
34260,106159,17969,51090,13132,88190,3429,1645,1784
34265,106169,17969,51093,13132,88200,3429,1645,1784
34270,106190,17972,51103,13134,88218,3430,1646,1784
34275,106200,17973,51109,13134,88226,3430,1646,1784
34280,106221,17977,51116,13137,88243,3431,1646,1785
34285,106231,17980,51123,13140,88251,3431,1646,1785
34290,106252,17985,51134,13145,88265,3432,1646,1786
34295,106262,17988,51138,13148,88274,3432,1646,1786
34300,106283,17991,51152,13151,88291,3433,1646,1787
34305,106293,17993,51157,13153,88300,3433,1646,1787
34310,106314,17997,51168,13155,88314,3434,1647,1787
34315,106324,18002,51173,13159,88322,3434,1647,1787
34320,106345,18005,51178,13160,88340,3435,1648,1787
34325,106355,18006,51184,13161,88349,3435,1648,1787
34330,106376,18010,51193,13163,88366,3436,1649,1787
34335,106386,18010,51195,13163,88376,3436,1649,1787
34340,106407,18012,51207,13165,88395,3437,1649,1788
34345,106417,18012,51209,13165,88405,3437,1649,1788
34350,106438,18015,51219,13167,88423,3438,1649,1789
34355,106448,18015,51223,13167,88433,3438,1649,1789
34360,106469,18017,51228,13168,88452,3439,1649,1790
34365,106479,18017,51233,13168,88461,3439,1649,1790
34370,106500,18021,51240,13169,88479,3440,1649,1791
34375,106510,18021,51243,13169,88489,3440,1649,1791
34380,106531,18026,51255,13172,88505,3441,1650,1791
34385,106541,18026,51260,13172,88514,3441,1650,1791
34390,106562,18030,51268,13174,88531,3442,1650,1792
34395,106572,18031,51273,13175,88541,3442,1650,1792
34400,106593,18036,51284,13178,88556,3443,1650,1793
34405,106603,18038,51290,13180,88564,3443,1650,1793
34410,106624,18042,51296,13181,88582,3444,1650,1794
34415,106634,18042,51302,13181,88590,3444,1650,1794
34420,106655,18049,51314,13186,88606,3445,1651,1794
34425,106665,18049,51317,13186,88615,3445,1651,1794
34430,106686,18055,51327,13190,88630,3446,1652,1794
34435,106696,18058,51332,13193,88638,3446,1652,1794
34440,106717,18064,51341,13197,88651,3447,1653,1794
34445,106727,18068,51348,13201,88658,3447,1653,1794
34450,106748,18072,51355,13204,88675,3448,1654,1794
34455,106758,18075,51358,13206,88683,3448,1654,1794
34460,106779,18078,51364,13209,88700,3449,1654,1795
34465,106789,18080,51369,13211,88707,3449,1654,1795
34470,106810,18084,51381,13214,88723,3450,1655,1795
34475,106820,18086,51384,13216,88733,3450,1655,1795
34480,106841,18089,51396,13219,88750,3451,1655,1796
34485,106851,18089,51400,13219,88761,3451,1655,1796
34490,106872,18092,51412,13221,88779,3452,1655,1797
34495,106882,18092,51414,13221,88789,3452,1655,1797
34500,106903,18094,51422,13221,88809,3453,1655,1798
34505,106913,18094,51429,13221,88818,3453,1655,1798
34510,106934,18097,51444,13224,88837,3454,1656,1798
34515,106944,18097,51447,13224,88847,3454,1656,1798
34520,106965,18100,51458,13226,88864,3455,1657,1798
34525,106975,18100,51466,13226,88875,3455,1657,1798
34530,106996,18103,51473,13228,88892,3456,1657,1799
34535,107006,18103,51477,13228,88903,3456,1657,1799
34540,107027,18106,51489,13230,88921,3457,1657,1800
34545,107037,18106,51497,13230,88931,3457,1657,1800
34550,107058,18108,51506,13231,88950,3458,1658,1800
34555,107068,18108,51512,13231,88959,3458,1658,1800
34560,107089,18113,51524,13235,88976,3459,1659,1800
34565,107099,18113,51529,13235,88985,3459,1659,1800
34570,107120,18119,51539,13239,89001,3460,1659,1801
34575,107130,18119,51545,13239,89010,3460,1659,1801
34580,107151,18124,51554,13243,89026,3461,1660,1801
34585,107161,18127,51560,13246,89033,3461,1660,1801
34590,107182,18135,51573,13252,89045,3462,1660,1802
34595,107192,18140,51577,13256,89052,3462,1660,1802
34600,107213,18147,51589,13262,89064,3463,1660,1803
34605,107223,18150,51595,13265,89071,3463,1660,1803
34610,107244,18155,51604,13269,89089,3464,1660,1804
34615,107254,18156,51608,13270,89098,3464,1660,1804
34620,107275,18159,51620,13271,89116,3465,1660,1805
34625,107285,18160,51622,13272,89125,3465,1660,1805
34630,107306,18162,51633,13272,89144,3466,1661,1805
34635,107316,18163,51634,13272,89153,3466,1661,1805
34640,107337,18166,51645,13274,89171,3467,1662,1805
34645,107347,18168,51650,13275,89177,3467,1662,1805
34650,107368,18172,51661,13279,89195,3468,1663,1805
34655,107378,18174,51667,13280,89204,3468,1663,1805
34660,107399,18179,51682,13285,89219,3469,1664,1805
34665,107409,18180,51689,13286,89227,3469,1664,1805
34670,107430,18183,51697,13288,89247,3470,1665,1805
34675,107440,18184,51703,13289,89254,3470,1665,1805
34680,107461,18187,51711,13290,89274,3471,1665,1806
34685,107471,18188,51715,13290,89283,3471,1665,1806
34690,107492,18192,51721,13293,89300,3472,1665,1807
34695,107502,18193,51724,13293,89309,3472,1665,1807
34700,107523,18195,51731,13294,89328,3473,1665,1808
34705,107533,18196,51736,13295,89337,3473,1665,1808
34710,107554,18199,51747,13297,89355,3474,1666,1808
34715,107564,18201,51752,13298,89362,3474,1666,1808
34720,107585,18209,51766,13304,89372,3475,1667,1808
34725,107595,18215,51773,13310,89379,3475,1667,1808
34730,107616,18219,51782,13313,89396,3476,1668,1808
34735,107626,18219,51785,13313,89406,3476,1668,1808
34740,107647,18225,51797,13318,89421,3477,1669,1808
34745,107657,18226,51800,13319,89431,3477,1669,1808
34750,107678,18230,51812,13322,89446,3478,1669,1809
34755,107688,18231,51816,13323,89457,3478,1669,1809
34760,107709,18234,51824,13325,89473,3479,1669,1810
34765,107719,18235,51827,13326,89483,3479,1669,1810
34770,107740,18240,51840,13331,89500,3480,1670,1810
34775,107750,18241,51845,13332,89507,3480,1670,1810
34780,107771,18248,51852,13337,89523,3481,1671,1810
34785,107781,18248,51856,13337,89531,3481,1671,1810
34790,107802,18254,51866,13342,89548,3482,1671,1811
34795,107812,18254,51870,13342,89557,3482,1671,1811
34800,107833,18256,51883,13344,89577,3483,1672,1811
34805,107843,18256,51886,13344,89586,3483,1672,1811
34810,107864,18259,51895,13345,89604,3484,1673,1811
34815,107874,18259,51899,13345,89612,3484,1673,1811
34820,107895,18262,51907,13347,89633,3485,1674,1811
34825,107905,18262,51913,13347,89642,3485,1674,1811
34830,107926,18264,51923,13348,89662,3486,1674,1812
34835,107936,18265,51927,13348,89671,3486,1674,1812
34840,107957,18269,51939,13351,89687,3487,1674,1813
34845,107967,18270,51944,13351,89697,3487,1674,1813
34850,107988,18275,51955,13354,89713,3488,1675,1813
34855,107998,18276,51957,13354,89722,3488,1675,1813
34860,108019,18278,51968,13355,89740,3489,1676,1813
34865,108029,18279,51970,13355,89750,3489,1676,1813
34870,108050,18282,51979,13356,89767,3490,1676,1814
34875,108060,18283,51983,13356,89777,3490,1676,1814
34880,108081,18288,51992,13359,89792,3491,1677,1814
34885,108091,18290,51994,13360,89801,3491,1677,1814
34890,108112,18294,52002,13363,89816,3492,1678,1814
34895,108122,18299,52007,13367,89823,3492,1678,1814
34900,108143,18307,52019,13374,89834,3493,1679,1814
34905,108153,18308,52022,13375,89845,3493,1679,1814
34910,108174,18311,52033,13376,89862,3494,1680,1814
34915,108184,18311,52036,13376,89873,3494,1680,1814
34920,108205,18315,52049,13380,89890,3495,1681,1814
34925,108215,18315,52055,13380,89900,3495,1681,1814
34930,108236,18318,52070,13383,89918,3496,1682,1814
34935,108246,18319,52075,13384,89927,3496,1682,1814
34940,108267,18324,52088,13387,89942,3497,1683,1814
34945,108277,18327,52093,13390,89948,3497,1683,1814
34950,108298,18332,52100,13394,89965,3498,1683,1815
34955,108308,18334,52105,13396,89973,3498,1683,1815
34960,108329,18340,52115,13401,89989,3499,1684,1815
34965,108339,18340,52120,13401,89998,3499,1684,1815
34970,108360,18341,52128,13401,90019,3500,1685,1815
34975,108370,18341,52132,13401,90027,3500,1685,1815
34980,108391,18342,52141,13401,90048,3501,1685,1816
34985,108401,18342,52145,13401,90059,3501,1685,1816
34990,108422,18343,52155,13401,90078,3502,1685,1817
34995,108432,18343,52159,13401,90089,3502,1685,1817
35000,108453,18344,52167,13401,90108,3503,1685,1818
35005,108463,18344,52174,13401,90119,3503,1685,1818
35010,108484,18346,52187,13402,90137,3504,1686,1818
35015,108494,18348,52193,13404,90146,3504,1686,1818
35020,108515,18349,52203,13405,90165,3505,1687,1818
35025,108525,18351,52206,13407,90174,3505,1687,1818
35030,108546,18353,52211,13407,90193,3506,1688,1818
35035,108556,18354,52214,13407,90202,3506,1688,1818
35040,108577,18359,52227,13411,90216,3507,1689,1818
35045,108587,18361,52234,13413,90226,3507,1689,1818
35050,108608,18364,52241,13414,90243,3508,1690,1818
35055,108618,18367,52249,13417,90251,3508,1690,1818
35060,108639,18369,52258,13419,90267,3509,1691,1818
35065,108649,18374,52264,13423,90275,3509,1691,1818
35070,108670,18379,52275,13426,90289,3510,1692,1818
35075,108680,18382,52279,13428,90297,3510,1692,1818
35080,108701,18389,52292,13434,90309,3511,1692,1819
35085,108711,18392,52296,13437,90319,3511,1692,1819
35090,108732,18397,52307,13441,90333,3512,1692,1820
35095,108742,18399,52314,13443,90342,3512,1692,1820
35100,108763,18405,52324,13448,90356,3513,1693,1820
35105,108773,18408,52330,13451,90363,3513,1693,1820
35110,108794,18415,52342,13456,90378,3514,1693,1821
35115,108804,18415,52346,13456,90389,3514,1693,1821
35120,108825,18417,52360,13457,90407,3515,1694,1821
35125,108835,18417,52365,13457,90418,3515,1694,1821
35130,108856,18419,52377,13457,90437,3516,1695,1821
35135,108866,18419,52382,13457,90447,3516,1695,1821
35140,108887,18421,52393,13457,90466,3517,1695,1822
35145,108897,18421,52397,13457,90476,3517,1695,1822
35150,108918,18423,52408,13458,90495,3518,1696,1822
35155,108928,18423,52412,13458,90505,3518,1696,1822
35160,108949,18425,52420,13458,90524,3519,1696,1823
35165,108959,18425,52426,13458,90534,3519,1696,1823
35170,108980,18427,52434,13459,90553,3520,1696,1824
35175,108990,18427,52438,13459,90563,3520,1696,1824
35180,109011,18430,52448,13461,90581,3521,1697,1824
35185,109021,18430,52448,13461,90591,3521,1697,1824
35190,109042,18433,52461,13464,90609,3522,1698,1824
35195,109052,18434,52465,13464,90618,3522,1698,1824
35200,109073,18437,52472,13465,90636,3523,1699,1824
35205,109083,18438,52477,13465,90644,3523,1699,1824
35210,109104,18440,52487,13465,90664,3524,1700,1824
35215,109114,18441,52493,13466,90671,3524,1700,1824
35220,109135,18447,52503,13470,90688,3525,1700,1825
35225,109145,18448,52508,13471,90697,3525,1700,1825
35230,109166,18454,52520,13475,90710,3526,1701,1825
35235,109176,18458,52526,13479,90718,3526,1701,1825
35240,109197,18464,52538,13482,90730,3527,1702,1825
35245,109207,18469,52544,13487,90738,3527,1702,1825
35250,109228,18476,52554,13491,90749,3528,1703,1825
35255,109238,18480,52559,13495,90757,3528,1703,1825
35260,109259,18486,52567,13500,90772,3529,1704,1825
35265,109269,18489,52571,13502,90779,3529,1704,1825
35270,109290,18494,52580,13505,90795,3530,1704,1826
35275,109300,18495,52586,13506,90803,3530,1704,1826
35280,109321,18501,52593,13511,90820,3531,1705,1826
35285,109331,18501,52595,13511,90830,3531,1705,1826
35290,109352,18505,52601,13513,90845,3532,1705,1827
35295,109362,18507,52606,13515,90854,3532,1705,1827
35300,109383,18511,52617,13517,90871,3533,1705,1828
35305,109393,18511,52621,13517,90882,3533,1705,1828
35310,109414,18513,52630,13518,90900,3534,1705,1829
35315,109424,18513,52636,13518,90911,3534,1705,1829
35320,109445,18515,52645,13519,90930,3535,1705,1830
35325,109455,18515,52648,13519,90940,3535,1705,1830
35330,109476,18518,52657,13521,90958,3536,1706,1830
35335,109486,18518,52660,13521,90968,3536,1706,1830
35340,109507,18520,52670,13521,90987,3537,1707,1830
35345,109517,18520,52677,13521,90995,3537,1707,1830
35350,109538,18523,52689,13523,91015,3538,1707,1831
35355,109548,18523,52691,13523,91024,3538,1707,1831
35360,109569,18525,52703,13524,91043,3539,1707,1832
35365,109579,18525,52711,13524,91052,3539,1707,1832
35370,109600,18528,52725,13526,91072,3540,1708,1832
35375,109610,18529,52729,13526,91080,3540,1708,1832
35380,109631,18531,52737,13527,91099,3541,1708,1833
35385,109641,18532,52740,13527,91109,3541,1708,1833
35390,109662,18535,52756,13530,91127,3542,1708,1834
35395,109672,18536,52759,13531,91136,3542,1708,1834
35400,109693,18539,52769,13533,91154,3543,1709,1834
35405,109703,18540,52775,13533,91163,3543,1709,1834
35410,109724,18543,52782,13533,91179,3544,1709,1835
35415,109734,18547,52787,13537,91187,3544,1709,1835
35420,109755,18551,52797,13539,91203,3545,1710,1835
35425,109765,18554,52803,13542,91211,3545,1710,1835
35430,109786,18559,52820,13547,91224,3546,1711,1835
35435,109796,18564,52826,13552,91231,3546,1711,1835
35440,109817,18571,52840,13559,91244,3547,1712,1835
35445,109827,18573,52848,13561,91253,3547,1712,1835
35450,109848,18578,52859,13565,91270,3548,1712,1836
35455,109858,18578,52863,13565,91280,3548,1712,1836
35460,109879,18582,52877,13569,91297,3549,1712,1837
35465,109889,18582,52881,13569,91307,3549,1712,1837
35470,109910,18585,52885,13570,91325,3550,1713,1837
35475,109920,18585,52890,13570,91334,3550,1713,1837
35480,109941,18589,52901,13573,91352,3551,1713,1838
35485,109951,18590,52906,13574,91360,3551,1713,1838
35490,109972,18595,52915,13577,91377,3552,1714,1838
35495,109982,18596,52922,13578,91382,3552,1714,1838
35500,110003,18605,52936,13586,91398,3553,1714,1839
35505,110013,18606,52943,13587,91403,3553,1714,1839
35510,110034,18615,52955,13595,91419,3554,1715,1839
35515,110044,18615,52959,13595,91428,3554,1715,1839
35520,110065,18617,52967,13597,91448,3555,1715,1840
35525,110075,18617,52970,13597,91457,3555,1715,1840
35530,110096,18620,52981,13599,91476,3556,1716,1840
35535,110106,18620,52985,13599,91485,3556,1716,1840
35540,110127,18623,53003,13601,91503,3557,1716,1841
35545,110137,18623,53007,13601,91514,3557,1716,1841
35550,110158,18627,53016,13603,91530,3558,1717,1841
35555,110168,18628,53021,13603,91540,3558,1717,1841
35560,110189,18634,53034,13607,91551,3559,1717,1842
35565,110199,18639,53038,13611,91560,3559,1717,1842
35570,110220,18642,53048,13613,91574,3560,1718,1842
35575,110230,18647,53054,13618,91583,3560,1718,1842
35580,110251,18653,53069,13624,91595,3561,1719,1842
35585,110261,18655,53073,13626,91606,3561,1719,1842
35590,110282,18658,53081,13628,91624,3562,1719,1843
35595,110292,18658,53086,13628,91634,3562,1719,1843
35600,110313,18661,53101,13629,91652,3563,1719,1844
35605,110323,18661,53106,13629,91662,3563,1719,1844
35610,110344,18663,53120,13630,91681,3564,1719,1845
35615,110354,18663,53125,13630,91690,3564,1719,1845
35620,110375,18667,53136,13632,91708,3565,1720,1845
35625,110385,18667,53144,13632,91717,3565,1720,1845
35630,110406,18671,53154,13634,91735,3566,1720,1846
35635,110416,18672,53160,13635,91742,3566,1720,1846
35640,110437,18679,53174,13641,91757,3567,1721,1846
35645,110447,18680,53178,13642,91766,3567,1721,1846
35650,110468,18687,53190,13647,91780,3568,1722,1846
35655,110478,18689,53195,13649,91788,3568,1722,1846
35660,110499,18695,53204,13653,91804,3569,1722,1847
35665,110509,18695,53209,13653,91813,3569,1722,1847
35670,110530,18697,53219,13655,91833,3570,1722,1848
35675,110540,18697,53221,13655,91843,3570,1722,1848
35680,110561,18699,53227,13656,91862,3571,1722,1849
35685,110571,18699,53230,13656,91872,3571,1722,1849
35690,110592,18701,53242,13658,91890,3572,1723,1849
35695,110602,18702,53244,13658,91899,3572,1723,1849
35700,110623,18704,53253,13659,91919,3573,1724,1849
35705,110633,18706,53257,13660,91927,3573,1724,1849
35710,110654,18709,53266,13663,91943,3574,1725,1849
35715,110664,18713,53269,13666,91951,3574,1725,1849
35720,110685,18717,53280,13670,91967,3575,1726,1849
35725,110695,18721,53285,13673,91973,3575,1726,1849
35730,110716,18726,53299,13677,91988,3576,1727,1849
35735,110726,18729,53304,13680,91997,3576,1727,1849
35740,110747,18731,53312,13681,92014,3577,1727,1850
35745,110757,18735,53315,13685,92022,3577,1727,1850
35750,110778,18737,53326,13686,92040,3578,1728,1850
35755,110788,18737,53332,13686,92051,3578,1728,1850
35760,110809,18740,53343,13688,92069,3579,1728,1851
35765,110819,18740,53348,13688,92079,3579,1728,1851
35770,110840,18743,53359,13691,92097,3580,1728,1852
35775,110850,18743,53364,13691,92106,3580,1728,1852
35780,110871,18748,53373,13693,92123,3581,1729,1852
35785,110881,18748,53378,13693,92132,3581,1729,1852
35790,110902,18753,53391,13696,92148,3582,1730,1852
35795,110912,18754,53399,13697,92157,3582,1730,1852
35800,110933,18758,53406,13700,92174,3583,1730,1853
35805,110943,18759,53407,13701,92184,3583,1730,1853
35810,110964,18764,53422,13705,92199,3584,1731,1853
35815,110974,18765,53428,13706,92208,3584,1731,1853
35820,110995,18770,53440,13711,92225,3585,1731,1854
35825,111005,18770,53445,13711,92235,3585,1731,1854
35830,111026,18775,53456,13714,92249,3586,1731,1855
35835,111036,18776,53459,13715,92259,3586,1731,1855
35840,111057,18784,53468,13720,92272,3587,1731,1856
35845,111067,18785,53473,13721,92282,3587,1731,1856
35850,111088,18787,53479,13721,92300,3588,1732,1856
35855,111098,18789,53483,13723,92308,3588,1732,1856
35860,111119,18792,53492,13725,92327,3589,1732,1857
35865,111129,18793,53494,13726,92335,3589,1732,1857
35870,111150,18796,53502,13729,92350,3590,1732,1858
35875,111160,18801,53510,13733,92359,3590,1732,1858
35880,111181,18806,53524,13738,92375,3591,1733,1858
35885,111191,18807,53530,13739,92384,3591,1733,1858
35890,111212,18811,53541,13743,92401,3592,1734,1858
35895,111222,18813,53545,13744,92409,3592,1734,1858
35900,111243,18818,53557,13748,92424,3593,1735,1858
35905,111253,18821,53561,13751,92432,3593,1735,1858
35910,111274,18824,53570,13752,92450,3594,1736,1858
35915,111284,18824,53576,13752,92460,3594,1736,1858
35920,111305,18826,53584,13753,92479,3595,1736,1859
35925,111315,18826,53591,13753,92489,3595,1736,1859
35930,111336,18829,53598,13756,92507,3596,1736,1860
35935,111346,18829,53603,13756,92517,3596,1736,1860
35940,111367,18832,53614,13758,92535,3597,1737,1860
35945,111377,18832,53620,13758,92545,3597,1737,1860
35950,111398,18835,53629,13760,92563,3598,1738,1860
35955,111408,18835,53634,13760,92573,3598,1738,1860
35960,111429,18839,53641,13762,92589,3599,1738,1861
35965,111439,18840,53645,13763,92598,3599,1738,1861
35970,111460,18846,53656,13767,92614,3600,1738,1862
35975,111470,18846,53657,13767,92624,3600,1738,1862
35980,111491,18850,53669,13769,92639,3601,1738,1863
35985,111501,18853,53673,13772,92647,3601,1738,1863
35990,111522,18859,53682,13777,92662,3602,1738,1864
35995,111532,18860,53682,13778,92672,3602,1738,1864
36000,111553,18867,53693,13783,92685,3603,1738,1865
36005,111563,18868,53699,13784,92695,3603,1738,1865
36010,111584,18871,53710,13785,92712,3604,1738,1866
36015,111594,18873,53714,13786,92721,3604,1738,1866
36020,111615,18876,53726,13787,92738,3605,1738,1867
36025,111625,18877,53729,13788,92748,3605,1738,1867
36030,111646,18881,53740,13791,92764,3606,1738,1868
36035,111656,18884,53744,13793,92772,3606,1738,1868
36040,111677,18887,53759,13796,92786,3607,1738,1869
36045,111687,18893,53766,13802,92794,3607,1738,1869
36050,111708,18899,53777,13806,92805,3608,1738,1870
36055,111718,18902,53782,13809,92816,3608,1738,1870
36060,111739,18905,53792,13812,92834,3609,1738,1871
36065,111749,18905,53795,13812,92844,3609,1738,1871
36070,111770,18907,53808,13814,92862,3610,1739,1871
36075,111780,18907,53813,13814,92873,3610,1739,1871
36080,111801,18909,53824,13815,92891,3611,1740,1871
36085,111811,18909,53830,13815,92902,3611,1740,1871
36090,111832,18911,53840,13817,92920,3612,1741,1871
36095,111842,18911,53847,13817,92931,3612,1741,1871
36100,111863,18914,53857,13820,92949,3613,1741,1872
36105,111873,18914,53862,13820,92955,3613,1741,1872
36110,111894,18922,53873,13826,92972,3614,1741,1873
36115,111904,18922,53876,13826,92981,3614,1741,1873
36120,111925,18926,53881,13828,92999,3615,1742,1873
36125,111935,18926,53886,13828,93008,3615,1742,1873
36130,111956,18930,53896,13830,93026,3616,1742,1874
36135,111966,18930,53900,13830,93035,3616,1742,1874
36140,111987,18934,53909,13832,93053,3617,1742,1875
36145,111997,18934,53915,13832,93063,3617,1742,1875
36150,112018,18938,53931,13836,93080,3618,1743,1875
36155,112028,18938,53935,13836,93090,3618,1743,1875
36160,112049,18942,53942,13838,93107,3619,1744,1875
36165,112059,18944,53948,13840,93115,3619,1744,1875
36170,112080,18949,53957,13843,93131,3620,1744,1876
36175,112090,18950,53961,13843,93140,3620,1744,1876
36180,112111,18957,53972,13849,93154,3621,1744,1877
36185,112121,18958,53979,13850,93162,3621,1744,1877
36190,112142,18963,53984,13854,93178,3622,1745,1877
36195,112152,18965,53987,13855,93187,3622,1745,1877
36200,112173,18970,53996,13859,93202,3623,1745,1878
36205,112183,18973,54002,13862,93210,3623,1745,1878
36210,112204,18977,54012,13865,93224,3624,1746,1878
36215,112214,18983,54019,13871,93227,3624,1746,1878
36220,112235,18994,54030,13882,93238,3625,1746,1879
36225,112245,18998,54037,13886,93247,3625,1746,1879
36230,112266,19001,54044,13887,93264,3626,1747,1879
36235,112276,19002,54049,13888,93274,3626,1747,1879
36240,112297,19005,54060,13889,93291,3627,1748,1879
36245,112307,19005,54062,13889,93302,3627,1748,1879
36250,112328,19008,54076,13892,93320,3628,1748,1880
36255,112338,19008,54080,13892,93330,3628,1748,1880
36260,112359,19011,54090,13894,93348,3629,1749,1880
36265,112369,19011,54094,13894,93358,3629,1749,1880
36270,112390,19013,54100,13895,93377,3630,1749,1881
36275,112400,19013,54105,13895,93387,3630,1749,1881
36280,112421,19015,54116,13896,93406,3631,1750,1881
36285,112431,19015,54122,13896,93416,3631,1750,1881
36290,112452,19018,54133,13898,93434,3632,1751,1881
36295,112462,19018,54139,13898,93444,3632,1751,1881
36300,112483,19021,54150,13900,93462,3633,1752,1881
36305,112493,19021,54155,13900,93472,3633,1752,1881
36310,112514,19023,54162,13900,93491,3634,1753,1881
36315,112524,19023,54167,13900,93501,3634,1753,1881
36320,112545,19025,54173,13901,93520,3635,1753,1882
36325,112555,19025,54179,13901,93530,3635,1753,1882
36330,112576,19028,54190,13902,93547,3636,1753,1883
36335,112586,19029,54194,13903,93556,3636,1753,1883
36340,112607,19035,54205,13907,93572,3637,1754,1883
36345,112617,19037,54211,13908,93578,3637,1754,1883
36350,112638,19043,54220,13912,93591,3638,1754,1884
36355,112648,19049,54225,13917,93598,3638,1754,1884
36360,112669,19054,54234,13921,93612,3639,1755,1884
36365,112679,19057,54239,13924,93620,3639,1755,1884
36370,112700,19064,54250,13929,93632,3640,1755,1885
36375,112710,19067,54254,13932,93642,3640,1755,1885
36380,112731,19072,54267,13937,93657,3641,1755,1886
36385,112741,19073,54273,13938,93667,3641,1755,1886
36390,112762,19079,54282,13942,93682,3642,1755,1887
36395,112772,19080,54286,13943,93692,3642,1755,1887
36400,112793,19084,54296,13945,93708,3643,1756,1887
36405,112803,19084,54299,13945,93719,3643,1756,1887
36410,112824,19088,54306,13948,93736,3644,1757,1887
36415,112834,19088,54313,13948,93746,3644,1757,1887
36420,112855,19093,54322,13952,93762,3645,1758,1887
36425,112865,19093,54326,13952,93771,3645,1758,1887
36430,112886,19099,54337,13956,93786,3646,1758,1888
36435,112896,19099,54340,13956,93796,3646,1758,1888
36440,112917,19104,54347,13960,93812,3647,1759,1888
36445,112927,19106,54351,13962,93821,3647,1759,1888
36450,112948,19109,54359,13964,93839,3648,1760,1888
36455,112958,19109,54361,13964,93849,3648,1760,1888
36460,112979,19112,54374,13966,93867,3649,1760,1889
36465,112989,19112,54381,13966,93877,3649,1760,1889
36470,113010,19114,54394,13967,93896,3650,1761,1889
36475,113020,19114,54398,13967,93906,3650,1761,1889
36480,113041,19117,54408,13968,93924,3651,1761,1890
36485,113051,19118,54411,13968,93932,3651,1761,1890
36490,113072,19121,54420,13970,93949,3652,1762,1890
36495,113082,19125,54426,13973,93957,3652,1762,1890
36500,113103,19128,54436,13976,93974,3653,1763,1890
36505,113113,19132,54440,13979,93980,3653,1763,1890
36510,113134,19136,54447,13982,93998,3654,1763,1891
36515,113144,19137,54451,13982,94007,3654,1763,1891
36520,113165,19144,54465,13987,94020,3655,1764,1891
36525,113175,19145,54468,13988,94030,3655,1764,1891
36530,113196,19148,54476,13989,94048,3656,1765,1891
36535,113206,19148,54479,13989,94056,3656,1765,1891
36540,113227,19150,54488,13989,94077,3657,1766,1891
36545,113237,19150,54494,13989,94085,3657,1766,1891
36550,113258,19153,54504,13992,94105,3658,1767,1891
36555,113268,19153,54511,13992,94114,3658,1767,1891
36560,113289,19159,54525,13996,94128,3659,1768,1891
36565,113299,19160,54532,13997,94138,3659,1768,1891
36570,113320,19165,54540,13999,94155,3660,1769,1891
36575,113330,19165,54546,13999,94165,3660,1769,1891
36580,113351,19170,54558,14002,94181,3661,1769,1892
36585,113361,19170,54563,14002,94190,3661,1769,1892
36590,113382,19175,54570,14005,94207,3662,1770,1892
36595,113392,19175,54577,14005,94217,3662,1770,1892
36600,113413,19179,54589,14007,94232,3663,1771,1892
36605,113423,19180,54595,14008,94242,3663,1771,1892
36610,113444,19185,54605,14010,94258,3664,1771,1893
36615,113454,19186,54609,14011,94267,3664,1771,1893
36620,113475,19192,54619,14016,94282,3665,1772,1893
36625,113485,19194,54624,14018,94289,3665,1772,1893
36630,113506,19200,54631,14023,94306,3666,1772,1894
36635,113516,19201,54635,14023,94314,3666,1772,1894
36640,113537,19207,54647,14028,94329,3667,1772,1895
36645,113547,19208,54653,14029,94339,3667,1772,1895
36650,113568,19210,54659,14030,94358,3668,1772,1896
36655,113578,19211,54666,14030,94365,3668,1772,1896
36660,113599,19214,54674,14031,94384,3669,1773,1896
36665,113609,19215,54681,14032,94394,3669,1773,1896
36670,113630,19217,54692,14034,94411,3670,1773,1897
36675,113640,19220,54695,14036,94420,3670,1773,1897
36680,113661,19221,54704,14036,94439,3671,1774,1897
36685,113671,19223,54706,14038,94448,3671,1774,1897
36690,113692,19224,54719,14039,94466,3672,1774,1898
36695,113702,19227,54725,14042,94475,3672,1774,1898
36700,113723,19228,54737,14043,94491,3673,1774,1899
36705,113733,19233,54741,14048,94500,3673,1774,1899
36710,113754,19234,54750,14049,94518,3674,1774,1900
36715,113764,19238,54754,14052,94525,3674,1774,1900
36720,113785,19239,54764,14052,94544,3675,1775,1900
36725,113795,19243,54772,14056,94552,3675,1775,1900
36730,113816,19246,54778,14058,94568,3676,1775,1901
36735,113826,19248,54783,14060,94578,3676,1775,1901
36740,113847,19249,54791,14060,94598,3677,1775,1902
36745,113857,19249,54797,14060,94607,3677,1775,1902
36750,113878,19253,54806,14063,94624,3678,1776,1902
36755,113888,19253,54811,14063,94634,3678,1776,1902
36760,113909,19256,54823,14065,94652,3679,1776,1903
36765,113919,19257,54828,14066,94662,3679,1776,1903
36770,113940,19262,54839,14069,94678,3680,1777,1903
36775,113950,19262,54844,14069,94688,3680,1777,1903
36780,113971,19266,54854,14073,94705,3681,1777,1904
36785,113981,19266,54859,14073,94714,3681,1777,1904
36790,114002,19270,54868,14076,94731,3682,1777,1905
36795,114012,19271,54872,14077,94741,3682,1777,1905
36800,114033,19275,54878,14080,94758,3683,1777,1906
36805,114043,19275,54884,14080,94767,3683,1777,1906
36810,114064,19281,54898,14086,94783,3684,1778,1906
36815,114074,19281,54902,14086,94793,3684,1778,1906
36820,114095,19286,54907,14089,94809,3685,1778,1907
36825,114105,19286,54910,14089,94819,3685,1778,1907
36830,114126,19289,54919,14091,94837,3686,1778,1908
36835,114136,19290,54924,14092,94846,3686,1778,1908
36840,114157,19294,54934,14094,94862,3687,1779,1908
36845,114167,19296,54938,14095,94870,3687,1779,1908
36850,114188,19301,54946,14099,94887,3688,1779,1909
36855,114198,19303,54950,14101,94894,3688,1779,1909
36860,114219,19308,54957,14105,94911,3689,1779,1910
36865,114229,19310,54964,14107,94919,3689,1779,1910
36870,114250,19314,54975,14111,94935,3690,1779,1911
36875,114260,19316,54979,14112,94943,3690,1779,1911
36880,114281,19321,54992,14117,94958,3691,1779,1912
36885,114291,19325,54995,14120,94966,3691,1779,1912
36890,114312,19327,55003,14121,94983,3692,1780,1912
36895,114322,19329,55008,14122,94990,3692,1780,1912
36900,114343,19333,55016,14125,95010,3693,1781,1912
36905,114353,19336,55019,14127,95017,3693,1781,1912
36910,114374,19341,55030,14131,95032,3694,1781,1913
36915,114384,19341,55036,14131,95042,3694,1781,1913
36920,114405,19343,55045,14131,95062,3695,1782,1913
36925,114415,19343,55053,14131,95070,3695,1782,1913
36930,114436,19346,55064,14132,95090,3696,1782,1914
36935,114446,19346,55070,14132,95100,3696,1782,1914
36940,114467,19348,55081,14132,95119,3697,1783,1914
36945,114477,19348,55085,14132,95129,3697,1783,1914
36950,114498,19351,55095,14134,95146,3698,1784,1914
36955,114508,19351,55100,14134,95157,3698,1784,1914
36960,114529,19354,55111,14137,95174,3699,1784,1915
36965,114539,19355,55115,14138,95184,3699,1784,1915
36970,114560,19359,55120,14140,95201,3700,1784,1916
36975,114570,19359,55127,14140,95210,3700,1784,1916
36980,114591,19364,55138,14144,95227,3701,1785,1916
36985,114601,19364,55145,14144,95236,3701,1785,1916
36990,114622,19368,55154,14146,95253,3702,1786,1916
36995,114632,19368,55161,14146,95263,3702,1786,1916
37000,114653,19372,55169,14147,95281,3703,1787,1916
37005,114663,19372,55176,14147,95290,3703,1787,1916
37010,114684,19377,55187,14151,95307,3704,1788,1916
37015,114694,19377,55191,14151,95316,3704,1788,1916
37020,114715,19384,55202,14157,95330,3705,1789,1916
37025,114725,19386,55204,14158,95338,3705,1789,1916
37030,114746,19393,55215,14164,95352,3706,1789,1917
37035,114756,19399,55221,14169,95356,3706,1789,1917
37040,114777,19405,55232,14175,95370,3707,1790,1917
37045,114787,19409,55237,14179,95376,3707,1790,1917
37050,114808,19418,55250,14186,95388,3708,1790,1918
37055,114818,19423,55254,14190,95394,3708,1790,1918
37060,114839,19428,55262,14193,95408,3709,1790,1919
37065,114849,19431,55269,14196,95418,3709,1790,1919
37070,114870,19433,55277,14197,95437,3710,1790,1920
37075,114880,19433,55282,14197,95447,3710,1790,1920
37080,114901,19435,55293,14198,95465,3711,1790,1921
37085,114911,19435,55296,14198,95476,3711,1790,1921
37090,114932,19438,55310,14201,95494,3712,1791,1921
37095,114942,19438,55316,14201,95504,3712,1791,1921
37100,114963,19441,55326,14203,95522,3713,1791,1922
37105,114973,19441,55330,14203,95532,3713,1791,1922
37110,114994,19443,55338,14204,95550,3714,1791,1923
37115,115004,19443,55341,14204,95561,3714,1791,1923
37120,115025,19446,55352,14206,95579,3715,1791,1924
37125,115035,19446,55359,14206,95587,3715,1791,1924
37130,115056,19448,55368,14206,95607,3716,1792,1924
37135,115066,19448,55371,14206,95618,3716,1792,1924
37140,115087,19450,55380,14208,95637,3717,1792,1925
37145,115097,19450,55385,14208,95647,3717,1792,1925
37150,115118,19452,55395,14209,95665,3718,1792,1926
37155,115128,19452,55401,14209,95676,3718,1792,1926
37160,115149,19455,55410,14211,95693,3719,1793,1926
37165,115159,19456,55414,14212,95702,3719,1793,1926
37170,115180,19461,55427,14215,95718,3720,1794,1926
37175,115190,19463,55432,14216,95725,3720,1794,1926
37180,115211,19471,55445,14223,95739,3721,1794,1927
37185,115221,19472,55448,14223,95749,3721,1794,1927
37190,115242,19477,55460,14227,95764,3722,1794,1928
37195,115252,19478,55464,14227,95772,3722,1794,1928
37200,115273,19485,55473,14232,95788,3723,1795,1928
37205,115283,19486,55474,14232,95797,3723,1795,1928
37210,115304,19493,55486,14238,95809,3724,1795,1929
37215,115314,19497,55489,14241,95816,3724,1795,1929
37220,115335,19504,55498,14247,95829,3725,1795,1930
37225,115345,19507,55502,14249,95836,3725,1795,1930
37230,115366,19514,55512,14254,95849,3726,1795,1931
37235,115376,19517,55514,14257,95859,3726,1795,1931
37240,115397,19521,55525,14259,95874,3727,1795,1932
37245,115407,19524,55529,14262,95882,3727,1795,1932
37250,115428,19528,55538,14264,95898,3728,1796,1932
37255,115438,19530,55544,14266,95907,3728,1796,1932
37260,115459,19534,55556,14270,95922,3729,1796,1933
37265,115469,19535,55559,14271,95934,3729,1796,1933
37270,115490,19538,55571,14273,95951,3730,1797,1933
37275,115500,19538,55575,14273,95960,3730,1797,1933
37280,115521,19540,55588,14275,95980,3731,1798,1933
37285,115531,19540,55592,14275,95991,3731,1798,1933
37290,115552,19542,55601,14276,96009,3732,1799,1933
37295,115562,19542,55603,14276,96020,3732,1799,1933
37300,115583,19544,55614,14277,96039,3733,1800,1933
37305,115593,19544,55620,14277,96049,3733,1800,1933
37310,115614,19547,55630,14278,96066,3734,1800,1934
37315,115624,19547,55634,14278,96077,3734,1800,1934
37320,115645,19550,55647,14281,96095,3735,1801,1934
37325,115655,19550,55652,14281,96105,3735,1801,1934
37330,115676,19552,55664,14282,96124,3736,1801,1935
37335,115686,19552,55668,14282,96134,3736,1801,1935
37340,115707,19556,55679,14284,96151,3737,1801,1936
37345,115717,19556,55682,14284,96160,3737,1801,1936
37350,115738,19562,55691,14287,96175,3738,1801,1937
37355,115748,19563,55695,14288,96185,3738,1801,1937
37360,115769,19568,55707,14292,96200,3739,1801,1938
37365,115779,19569,55711,14293,96209,3739,1801,1938
37370,115800,19574,55719,14296,96226,3740,1801,1939
37375,115810,19577,55722,14298,96233,3740,1801,1939
37380,115831,19584,55734,14303,96246,3741,1802,1939
37385,115841,19588,55741,14307,96252,3741,1802,1939
37390,115862,19594,55751,14311,96268,3742,1803,1939
37395,115872,19596,55755,14313,96276,3742,1803,1939
37400,115893,19602,55764,14318,96291,3743,1803,1940
37405,115903,19604,55771,14319,96298,3743,1803,1940
37410,115924,19608,55782,14322,96316,3744,1804,1940
37415,115934,19610,55786,14324,96322,3744,1804,1940
37420,115955,19614,55796,14327,96340,3745,1805,1940
37425,115965,19618,55803,14331,96346,3745,1805,1940
37430,115986,19622,55815,14334,96363,3746,1805,1941
37435,115996,19622,55823,14334,96373,3746,1805,1941
37440,116017,19625,55831,14335,96392,3747,1805,1942
37445,116027,19625,55834,14335,96402,3747,1805,1942
37450,116048,19626,55842,14335,96422,3748,1806,1942
37455,116058,19626,55849,14335,96432,3748,1806,1942
37460,116079,19627,55864,14336,96452,3749,1806,1943
37465,116089,19627,55869,14336,96462,3749,1806,1943
37470,116110,19628,55883,14337,96482,3750,1807,1943
37475,116120,19628,55886,14337,96492,3750,1807,1943
37480,116141,19629,55899,14337,96512,3751,1808,1943
37485,116151,19629,55903,14337,96522,3751,1808,1943
37490,116172,19630,55911,14337,96542,3752,1809,1943
37495,116182,19630,55917,14337,96552,3752,1809,1943
37500,116203,19631,55927,14338,96572,3753,1809,1944
37505,116213,19631,55933,14338,96581,3753,1809,1944
37510,116234,19635,55947,14341,96599,3754,1810,1944
37515,116244,19635,55951,14341,96608,3754,1810,1944
37520,116265,19639,55964,14345,96626,3755,1810,1945
37525,116275,19639,55969,14345,96636,3755,1810,1945
37530,116296,19642,55976,14347,96654,3756,1810,1946
37535,116306,19644,55983,14349,96662,3756,1810,1946
37540,116327,19646,55993,14351,96681,3757,1811,1946
37545,116337,19648,55999,14352,96687,3757,1811,1946
37550,116358,19654,56006,14357,96704,3758,1811,1947
37555,116368,19656,56011,14359,96710,3758,1811,1947
37560,116389,19665,56021,14367,96722,3759,1811,1948
37565,116399,19668,56027,14370,96728,3759,1811,1948
37570,116420,19673,56037,14373,96746,3760,1811,1949
37575,116430,19676,56044,14375,96752,3760,1811,1949
37580,116451,19679,56053,14377,96769,3761,1812,1949
37585,116461,19682,56060,14379,96779,3761,1812,1949
37590,116482,19684,56068,14379,96796,3762,1812,1950
37595,116492,19687,56073,14382,96805,3762,1812,1950
37600,116513,19690,56084,14383,96821,3763,1812,1951
37605,116523,19692,56089,14384,96831,3763,1812,1951
37610,116544,19696,56099,14386,96845,3764,1812,1952
37615,116554,19700,56104,14389,96854,3764,1812,1952
37620,116575,19704,56114,14392,96869,3765,1812,1953
37625,116585,19705,56117,14393,96880,3765,1812,1953
37630,116606,19708,56127,14394,96897,3766,1812,1954
37635,116616,19708,56131,14394,96908,3766,1812,1954
37640,116637,19711,56141,14395,96926,3767,1813,1954
37645,116647,19711,56145,14395,96936,3767,1813,1954
37650,116668,19713,56156,14397,96955,3768,1814,1954
37655,116678,19713,56159,14397,96965,3768,1814,1954
37660,116699,19715,56171,14398,96984,3769,1815,1954
37665,116709,19715,56175,14398,96994,3769,1815,1954
37670,116730,19718,56180,14398,97011,3770,1815,1955
37675,116740,19720,56185,14400,97020,3770,1815,1955
37680,116761,19725,56195,14403,97036,3771,1815,1956
37685,116771,19725,56199,14403,97046,3771,1815,1956
37690,116792,19728,56207,14405,97064,3772,1816,1956
37695,116802,19729,56212,14406,97071,3772,1816,1956
37700,116823,19736,56222,14413,97087,3773,1816,1957
37705,116833,19736,56226,14413,97094,3773,1816,1957
37710,116854,19745,56235,14421,97108,3774,1817,1957
37715,116864,19748,56238,14424,97116,3774,1817,1957
37720,116885,19750,56247,14425,97135,3775,1817,1958
37725,116895,19750,56250,14425,97145,3775,1817,1958
37730,116916,19754,56264,14429,97162,3776,1817,1959
37735,116926,19755,56267,14429,97171,3776,1817,1959
37740,116947,19759,56279,14431,97187,3777,1817,1960
37745,116957,19760,56282,14431,97196,3777,1817,1960
37750,116978,19764,56290,14434,97212,3778,1817,1961
37755,116988,19767,56294,14437,97221,3778,1817,1961
37760,117009,19770,56304,14440,97237,3779,1818,1961
37765,117019,19774,56308,14443,97245,3779,1818,1961
37770,117040,19777,56317,14444,97262,3780,1818,1962
37775,117050,19780,56322,14446,97270,3780,1818,1962
37780,117071,19785,56332,14450,97285,3781,1818,1963
37785,117081,19788,56339,14452,97293,3781,1818,1963
37790,117102,19791,56347,14454,97310,3782,1818,1964
37795,117112,19792,56353,14455,97320,3782,1818,1964
37800,117133,19795,56364,14457,97337,3783,1819,1964
37805,117143,19795,56369,14457,97348,3783,1819,1964
37810,117164,19797,56380,14458,97367,3784,1819,1965
37815,117174,19797,56386,14458,97377,3784,1819,1965
37820,117195,19800,56398,14461,97394,3785,1819,1966
37825,117205,19800,56405,14461,97405,3785,1819,1966
37830,117226,19804,56413,14463,97422,3786,1819,1967
37835,117236,19804,56418,14463,97432,3786,1819,1967
37840,117257,19807,56426,14464,97449,3787,1819,1968
37845,117267,19807,56430,14464,97460,3787,1819,1968
37850,117288,19811,56442,14467,97476,3788,1819,1969
37855,117298,19811,56448,14467,97486,3788,1819,1969
37860,117319,19815,56455,14470,97504,3789,1819,1970
37865,117329,19816,56460,14471,97513,3789,1819,1970
37870,117350,19820,56469,14475,97530,3790,1820,1970
37875,117360,19821,56476,14476,97538,3790,1820,1970
37880,117381,19827,56487,14481,97554,3791,1821,1970
37885,117391,19828,56492,14482,97562,3791,1821,1970
37890,117412,19835,56503,14488,97577,3792,1821,1971
37895,117422,19837,56509,14490,97584,3792,1821,1971
37900,117443,19844,56522,14496,97599,3793,1822,1971
37905,117453,19847,56529,14499,97605,3793,1822,1971
37910,117474,19852,56537,14503,97621,3794,1823,1971
37915,117484,19855,56541,14505,97629,3794,1823,1971
37920,117505,19861,56549,14510,97644,3795,1823,1972
37925,117515,19862,56553,14510,97653,3795,1823,1972
37930,117536,19865,56565,14513,97671,3796,1823,1973
37935,117546,19866,56569,14514,97679,3796,1823,1973
37940,117567,19869,56581,14515,97698,3797,1824,1973
37945,117577,19870,56586,14515,97706,3797,1824,1973
37950,117598,19872,56594,14516,97726,3798,1824,1974
37955,117608,19873,56600,14517,97733,3798,1824,1974
37960,117629,19876,56611,14519,97752,3799,1824,1975
37965,117639,19877,56616,14520,97761,3799,1824,1975
37970,117660,19880,56626,14521,97776,3800,1825,1975
37975,117670,19884,56630,14525,97786,3800,1825,1975
37980,117691,19888,56641,14528,97799,3801,1825,1976
37985,117701,19893,56645,14533,97808,3801,1825,1976
37990,117722,19896,56657,14535,97823,3802,1825,1977
37995,117732,19900,56662,14538,97832,3802,1825,1977
38000,117753,19904,56673,14541,97847,3803,1825,1978
38005,117763,19905,56676,14542,97858,3803,1825,1978
38010,117784,19908,56685,14544,97876,3804,1826,1978
38015,117794,19908,56686,14544,97886,3804,1826,1978
38020,117815,19910,56692,14545,97905,3805,1827,1978
38025,117825,19910,56696,14545,97915,3805,1827,1978
38030,117846,19913,56704,14545,97932,3806,1828,1978
38035,117856,19914,56710,14546,97941,3806,1828,1978
38040,117877,19919,56719,14548,97958,3807,1828,1979
38045,117887,19919,56725,14548,97967,3807,1828,1979
38050,117908,19925,56735,14552,97983,3808,1828,1980
38055,117918,19925,56738,14552,97993,3808,1828,1980
38060,117939,19929,56748,14554,98010,3809,1829,1980
38065,117949,19929,56755,14554,98019,3809,1829,1980
38070,117970,19934,56766,14556,98035,3810,1830,1980
38075,117980,19936,56772,14558,98042,3810,1830,1980
38080,118001,19942,56779,14564,98059,3811,1830,1981
38085,118011,19942,56782,14564,98068,3811,1830,1981
38090,118032,19948,56790,14568,98084,3812,1831,1981
38095,118042,19948,56792,14568,98093,3812,1831,1981
38100,118063,19956,56809,14576,98106,3813,1832,1981
38105,118073,19956,56812,14576,98116,3813,1832,1981
38110,118094,19958,56819,14577,98135,3814,1832,1982
38115,118104,19959,56825,14578,98142,3814,1832,1982
38120,118125,19962,56835,14580,98162,3815,1832,1983
38125,118135,19963,56838,14580,98172,3815,1832,1983
38130,118156,19967,56849,14582,98187,3816,1833,1983
38135,118166,19971,56856,14585,98195,3816,1833,1983
38140,118187,19976,56869,14590,98207,3817,1834,1983
38145,118197,19980,56873,14593,98217,3817,1834,1983
38150,118218,19984,56883,14596,98231,3818,1835,1983
38155,118228,19988,56890,14599,98240,3818,1835,1983
38160,118249,19993,56899,14602,98253,3819,1835,1984
38165,118259,19995,56905,14604,98264,3819,1835,1984
38170,118280,19997,56914,14606,98283,3820,1836,1984
38175,118290,19997,56918,14606,98293,3820,1836,1984
38180,118311,19999,56926,14607,98311,3821,1836,1985
38185,118321,19999,56931,14607,98322,3821,1836,1985
38190,118342,20001,56943,14607,98340,3822,1836,1986
38195,118352,20001,56948,14607,98351,3822,1836,1986
38200,118373,20003,56959,14609,98370,3823,1836,1987
38205,118383,20003,56966,14609,98379,3823,1836,1987
38210,118404,20009,56976,14614,98394,3824,1837,1987
38215,118414,20010,56981,14615,98404,3824,1837,1987
38220,118435,20013,56990,14615,98421,3825,1837,1988
38225,118445,20013,56993,14615,98432,3825,1837,1988
38230,118466,20019,57004,14619,98446,3826,1837,1989
38235,118476,20021,57008,14621,98453,3826,1837,1989
38240,118497,20031,57023,14630,98465,3827,1837,1990
38245,118507,20033,57029,14632,98473,3827,1837,1990
38250,118528,20035,57041,14633,98493,3828,1838,1990
38255,118538,20035,57045,14633,98502,3828,1838,1990
38260,118559,20037,57055,14634,98522,3829,1839,1990
38265,118569,20037,57061,14634,98531,3829,1839,1990
38270,118590,20040,57076,14637,98550,3830,1839,1991
38275,118600,20042,57083,14639,98557,3830,1839,1991
38280,118621,20046,57095,14643,98575,3831,1839,1992
38285,118631,20047,57101,14644,98582,3831,1839,1992
38290,118652,20049,57111,14645,98602,3832,1840,1992
38295,118662,20050,57117,14645,98611,3832,1840,1992
38300,118683,20054,57127,14647,98628,3833,1840,1993
38305,118693,20055,57132,14647,98638,3833,1840,1993
38310,118714,20057,57142,14648,98657,3834,1841,1993
38315,118724,20058,57147,14648,98666,3834,1841,1993
38320,118745,20062,57155,14650,98683,3835,1842,1993
38325,118755,20063,57159,14650,98692,3835,1842,1993
38330,118776,20067,57174,14653,98704,3836,1843,1993
38335,118786,20072,57179,14657,98714,3836,1843,1993
38340,118807,20076,57193,14661,98726,3837,1844,1993
38345,118817,20081,57195,14665,98736,3837,1844,1993
38350,118838,20086,57208,14670,98751,3838,1845,1993
38355,118848,20087,57214,14671,98760,3838,1845,1993
38360,118869,20091,57223,14674,98778,3839,1845,1994
38365,118879,20091,57225,14674,98788,3839,1845,1994
38370,118900,20096,57238,14679,98803,3840,1846,1994
38375,118910,20098,57245,14681,98811,3840,1846,1994
38380,118931,20104,57260,14685,98826,3841,1847,1994
38385,118941,20106,57265,14687,98834,3841,1847,1994
38390,118962,20113,57280,14692,98849,3842,1847,1995
38395,118972,20113,57284,14692,98858,3842,1847,1995
38400,118993,20119,57297,14696,98873,3843,1847,1996
38405,119003,20120,57302,14697,98882,3843,1847,1996
38410,119024,20124,57312,14699,98900,3844,1848,1996
38415,119034,20124,57317,14699,98909,3844,1848,1996
38420,119055,20125,57325,14700,98930,3845,1849,1996
38425,119065,20125,57330,14700,98940,3845,1849,1996
38430,119086,20126,57341,14701,98960,3846,1850,1996
38435,119096,20126,57345,14701,98969,3846,1850,1996
38440,119117,20127,57352,14701,98990,3847,1850,1997
38445,119127,20127,57357,14701,98999,3847,1850,1997
38450,119148,20128,57369,14701,99020,3848,1851,1997
38455,119158,20129,57374,14701,99027,3848,1851,1997
38460,119179,20130,57380,14701,99048,3849,1852,1997
38465,119189,20132,57385,14703,99057,3849,1852,1997
38470,119210,20133,57398,14703,99077,3850,1852,1998
38475,119220,20134,57405,14703,99086,3850,1852,1998
38480,119241,20135,57414,14704,99105,3851,1853,1998
38485,119251,20137,57418,14706,99114,3851,1853,1998
38490,119272,20138,57427,14707,99132,3852,1853,1999
38495,119282,20141,57431,14710,99141,3852,1853,1999
38500,119303,20142,57439,14710,99160,3853,1853,2000
38505,119313,20144,57443,14712,99169,3853,1853,2000
38510,119334,20147,57452,14713,99187,3854,1854,2000
38515,119344,20148,57456,14714,99196,3854,1854,2000
38520,119365,20152,57465,14715,99212,3855,1855,2000
38525,119375,20154,57470,14716,99220,3855,1855,2000
38530,119396,20159,57481,14721,99235,3856,1856,2000
38535,119406,20162,57481,14723,99244,3856,1856,2000
38540,119427,20167,57492,14726,99260,3857,1857,2000
38545,119437,20169,57498,14728,99267,3857,1857,2000
38550,119458,20175,57508,14732,99283,3858,1857,2001
38555,119468,20177,57517,14734,99290,3858,1857,2001
38560,119489,20181,57526,14736,99307,3859,1857,2002
38565,119499,20184,57531,14739,99314,3859,1857,2002
38570,119520,20192,57543,14747,99323,3860,1857,2003
38575,119530,20198,57546,14752,99329,3860,1857,2003
38580,119551,20210,57556,14761,99339,3861,1858,2003
38585,119561,20211,57561,14762,99349,3861,1858,2003
38590,119582,20214,57572,14763,99367,3862,1859,2003
38595,119592,20214,57573,14763,99378,3862,1859,2003
38600,119613,20216,57579,14764,99397,3863,1859,2004
38605,119623,20216,57584,14764,99405,3863,1859,2004
38610,119644,20218,57589,14764,99426,3864,1859,2005
38615,119654,20218,57593,14764,99436,3864,1859,2005
38620,119675,20221,57602,14766,99454,3865,1860,2005
38625,119685,20221,57606,14766,99462,3865,1860,2005
38630,119706,20223,57620,14767,99483,3866,1861,2005
38635,119716,20223,57624,14767,99493,3866,1861,2005
38640,119737,20226,57631,14769,99511,3867,1861,2006
38645,119747,20226,57636,14769,99521,3867,1861,2006
38650,119768,20228,57650,14771,99539,3868,1861,2007
38655,119778,20228,57654,14771,99550,3868,1861,2007
38660,119799,20230,57660,14771,99569,3869,1861,2008
38665,119809,20230,57667,14771,99579,3869,1861,2008
38670,119830,20233,57677,14773,99596,3870,1861,2009
38675,119840,20233,57684,14773,99607,3870,1861,2009
38680,119861,20236,57695,14775,99624,3871,1862,2009
38685,119871,20236,57699,14775,99635,3871,1862,2009
38690,119892,20239,57706,14778,99652,3872,1863,2009
38695,119902,20242,57711,14781,99660,3872,1863,2009
38700,119923,20246,57718,14783,99674,3873,1863,2010
38705,119933,20252,57724,14788,99680,3873,1863,2010
38710,119954,20259,57735,14795,99693,3874,1863,2011
38715,119964,20262,57737,14797,99701,3874,1863,2011
38720,119985,20272,57751,14806,99710,3875,1863,2012
38725,119995,20275,57756,14809,99720,3875,1863,2012
38730,120016,20279,57767,14812,99737,3876,1864,2012
38735,120026,20281,57772,14814,99744,3876,1864,2012
38740,120047,20286,57785,14819,99761,3877,1865,2012
38745,120057,20288,57790,14821,99768,3877,1865,2012
38750,120078,20295,57806,14828,99782,3878,1866,2012
38755,120088,20297,57811,14830,99790,3878,1866,2012
38760,120109,20302,57820,14832,99807,3879,1867,2012
38765,120119,20302,57823,14832,99817,3879,1867,2012
38770,120140,20304,57831,14833,99836,3880,1867,2013
38775,120150,20304,57836,14833,99846,3880,1867,2013
38780,120171,20306,57845,14833,99865,3881,1868,2013
38785,120181,20306,57849,14833,99875,3881,1868,2013
38790,120202,20309,57856,14834,99893,3882,1868,2014
38795,120212,20309,57864,14834,99902,3882,1868,2014
38800,120233,20311,57874,14835,99921,3883,1868,2015
38805,120243,20311,57876,14835,99931,3883,1868,2015
38810,120264,20314,57885,14837,99949,3884,1869,2015
38815,120274,20314,57891,14837,99959,3884,1869,2015
38820,120295,20317,57904,14839,99978,3885,1870,2015
38825,120305,20317,57906,14839,99988,3885,1870,2015
38830,120326,20319,57913,14839,100007,3886,1871,2015
38835,120336,20320,57919,14839,100016,3886,1871,2015
38840,120357,20322,57929,14840,100035,3887,1871,2016
38845,120367,20323,57934,14840,100044,3887,1871,2016
38850,120388,20326,57942,14843,100058,3888,1871,2017
38855,120398,20330,57946,14846,100068,3888,1871,2017
38860,120419,20333,57951,14848,100086,3889,1871,2018
38865,120429,20335,57959,14849,100094,3889,1871,2018
38870,120450,20341,57969,14854,100108,3890,1872,2018
38875,120460,20344,57974,14856,100115,3890,1872,2018
38880,120481,20352,57987,14862,100124,3891,1872,2019
38885,120491,20357,57990,14867,100133,3891,1872,2019
38890,120512,20363,58006,14871,100148,3892,1872,2020
38895,120522,20364,58010,14872,100158,3892,1872,2020
38900,120543,20368,58017,14873,100175,3893,1872,2021
38905,120553,20368,58019,14873,100185,3893,1872,2021
38910,120574,20373,58032,14877,100200,3894,1873,2021
38915,120584,20374,58037,14878,100209,3894,1873,2021
38920,120605,20380,58048,14882,100225,3895,1874,2021
38925,120615,20380,58050,14882,100235,3895,1874,2021
38930,120636,20384,58058,14883,100252,3896,1874,2022
38935,120646,20384,58061,14883,100261,3896,1874,2022
38940,120667,20391,58069,14887,100275,3897,1875,2022
38945,120677,20392,58071,14888,100285,3897,1875,2022
38950,120698,20395,58078,14890,100303,3898,1875,2023
38955,120708,20395,58083,14890,100312,3898,1875,2023
38960,120729,20397,58092,14891,100332,3899,1876,2023
38965,120739,20397,58094,14891,100341,3899,1876,2023
38970,120760,20399,58104,14892,100360,3900,1876,2024
38975,120770,20399,58108,14892,100371,3900,1876,2024
38980,120791,20401,58118,14894,100390,3901,1877,2024
38985,120801,20401,58122,14894,100398,3901,1877,2024
38990,120822,20404,58129,14897,100418,3902,1878,2024
38995,120832,20405,58131,14897,100427,3902,1878,2024
39000,120853,20410,58142,14901,100440,3903,1879,2024
39005,120863,20415,58148,14905,100448,3903,1879,2024
39010,120884,20419,58158,14908,100464,3904,1879,2025
39015,120894,20422,58164,14910,100472,3904,1879,2025
39020,120915,20425,58174,14911,100489,3905,1880,2025
39025,120925,20428,58179,14914,100497,3905,1880,2025
39030,120946,20431,58188,14916,100514,3906,1880,2026
39035,120956,20434,58191,14918,100522,3906,1880,2026
39040,120977,20436,58199,14919,100541,3907,1880,2027
39045,120987,20436,58204,14919,100551,3907,1880,2027
39050,121008,20441,58219,14924,100566,3908,1880,2028
39055,121018,20442,58221,14925,100576,3908,1880,2028
39060,121039,20445,58230,14927,100594,3909,1880,2029
39065,121049,20445,58235,14927,100603,3909,1880,2029
39070,121070,20449,58243,14931,100620,3910,1880,2030
39075,121080,20450,58247,14932,100629,3910,1880,2030
39080,121101,20455,58256,14934,100645,3911,1881,2030
39085,121111,20456,58263,14935,100654,3911,1881,2030
39090,121132,20461,58272,14937,100671,3912,1882,2030
39095,121142,20461,58274,14937,100681,3912,1882,2030
39100,121163,20465,58286,14940,100698,3913,1883,2030
39105,121173,20465,58289,14940,100706,3913,1883,2030
39110,121194,20472,58299,14946,100721,3914,1883,2031
39115,121204,20472,58302,14946,100731,3914,1883,2031
39120,121225,20477,58308,14948,100746,3915,1883,2032
39125,121235,20478,58316,14949,100757,3915,1883,2032
39130,121256,20481,58325,14950,100775,3916,1884,2032
39135,121266,20481,58330,14950,100785,3916,1884,2032
39140,121287,20484,58342,14952,100802,3917,1884,2033
39145,121297,20485,58349,14953,100812,3917,1884,2033
39150,121318,20488,58362,14956,100829,3918,1885,2033
39155,121328,20489,58365,14956,100838,3918,1885,2033
39160,121349,20492,58375,14957,100856,3919,1885,2034
39165,121359,20493,58380,14957,100864,3919,1885,2034
39170,121380,20496,58389,14959,100884,3920,1885,2035
39175,121390,20497,58394,14959,100891,3920,1885,2035
39180,121411,20500,58405,14960,100910,3921,1886,2035
39185,121421,20501,58410,14960,100919,3921,1886,2035
39190,121442,20503,58421,14961,100939,3922,1887,2035
39195,121452,20504,58422,14961,100948,3922,1887,2035
39200,121473,20507,58435,14962,100966,3923,1887,2036
39205,121483,20509,58440,14963,100974,3923,1887,2036
39210,121504,20511,58450,14964,100993,3924,1887,2037
39215,121514,20513,58456,14965,101001,3924,1887,2037
39220,121535,20517,58467,14968,101018,3925,1888,2037
39225,121545,20519,58474,14969,101025,3925,1888,2037
39230,121566,20525,58486,14973,101036,3926,1888,2038
39235,121576,20531,58487,14978,101045,3926,1888,2038
39240,121597,20537,58498,14982,101057,3927,1889,2038
39245,121607,20541,58504,14986,101065,3927,1889,2038
39250,121628,20548,58514,14992,101079,3928,1890,2038
39255,121638,20549,58520,14993,101088,3928,1890,2038
39260,121659,20554,58528,14997,101104,3929,1890,2039
39265,121669,20555,58532,14998,101114,3929,1890,2039
39270,121690,20559,58542,15000,101130,3930,1891,2039
39275,121700,20559,58547,15000,101140,3930,1891,2039
39280,121721,20563,58558,15003,101158,3931,1891,2040
39285,121731,20563,58563,15003,101166,3931,1891,2040
39290,121752,20570,58569,15008,101182,3932,1891,2041
39295,121762,20571,58573,15009,101191,3932,1891,2041
39300,121783,20576,58584,15012,101206,3933,1891,2042
39305,121793,20577,58588,15013,101216,3933,1891,2042
39310,121814,20581,58599,15015,101233,3934,1891,2043
39315,121824,20582,58605,15016,101241,3934,1891,2043
39320,121845,20585,58613,15017,101260,3935,1891,2044
39325,121855,20585,58619,15017,101270,3935,1891,2044
39330,121876,20587,58627,15018,101289,3936,1891,2045
39335,121886,20587,58632,15018,101299,3936,1891,2045
39340,121907,20589,58645,15019,101318,3937,1892,2045
39345,121917,20589,58651,15019,101327,3937,1892,2045
39350,121938,20591,58661,15019,101346,3938,1892,2046
39355,121948,20593,58668,15020,101353,3938,1892,2046
39360,121969,20598,58683,15025,101370,3939,1893,2046
39365,121979,20599,58689,15026,101379,3939,1893,2046
39370,122000,20602,58697,15027,101398,3940,1893,2047
39375,122010,20604,58701,15029,101406,3940,1893,2047
39380,122031,20608,58711,15032,101422,3941,1893,2048
39385,122041,20609,58714,15032,101431,3941,1893,2048
39390,122062,20612,58724,15034,101447,3942,1893,2049
39395,122072,20616,58730,15037,101454,3942,1893,2049
39400,122093,20620,58741,15040,101470,3943,1893,2050
39405,122103,20624,58745,15043,101479,3943,1893,2050
39410,122124,20627,58753,15045,101495,3944,1893,2051
39415,122134,20630,58759,15047,101504,3944,1893,2051
39420,122155,20633,58771,15049,101521,3945,1893,2052
39425,122165,20633,58777,15049,101532,3945,1893,2052
39430,122186,20637,58786,15052,101547,3946,1893,2053
39435,122196,20637,58790,15052,101559,3946,1893,2053
39440,122217,20641,58799,15054,101575,3947,1893,2054
39445,122227,20642,58805,15055,101584,3947,1893,2054
39450,122248,20647,58815,15057,101600,3948,1893,2055
39455,122258,20648,58824,15058,101609,3948,1893,2055
39460,122279,20653,58834,15060,101625,3949,1893,2056
39465,122289,20654,58837,15061,101634,3949,1893,2056
39470,122310,20659,58846,15065,101649,3950,1893,2057
39475,122320,20660,58850,15066,101659,3950,1893,2057
39480,122341,20665,58857,15070,101675,3951,1893,2058
39485,122351,20666,58861,15071,101685,3951,1893,2058
39490,122372,20669,58869,15072,101702,3952,1894,2058
39495,122382,20670,58873,15073,101710,3952,1894,2058
39500,122403,20676,58886,15078,101725,3953,1895,2058
39505,122413,20679,58891,15081,101733,3953,1895,2058
39510,122434,20681,58899,15082,101752,3954,1895,2059
39515,122444,20681,58907,15082,101762,3954,1895,2059
39520,122465,20683,58915,15082,101781,3955,1896,2059
39525,122475,20683,58920,15082,101792,3955,1896,2059
39530,122496,20688,58931,15086,101807,3956,1897,2059
39535,122506,20690,58934,15088,101816,3956,1897,2059
39540,122527,20694,58946,15090,101832,3957,1897,2060
39545,122537,20696,58951,15092,101840,3957,1897,2060
39550,122558,20699,58960,15094,101858,3958,1897,2061
39555,122568,20701,58965,15095,101866,3958,1897,2061
39560,122589,20703,58973,15096,101886,3959,1898,2061
39565,122599,20704,58977,15096,101895,3959,1898,2061
39570,122620,20709,58987,15101,101911,3960,1898,2062
39575,122630,20710,58991,15101,101920,3960,1898,2062
39580,122651,20714,59000,15105,101936,3961,1898,2063
39585,122661,20715,59004,15105,101946,3961,1898,2063
39590,122682,20719,59018,15108,101962,3962,1898,2064
39595,122692,20720,59022,15108,101972,3962,1898,2064
39600,122713,20723,59034,15110,101990,3963,1898,2065
39605,122723,20724,59040,15110,101999,3963,1898,2065
39610,122744,20726,59047,15110,102018,3964,1898,2066
39615,122754,20727,59053,15111,102026,3964,1898,2066
39620,122775,20732,59064,15115,102042,3965,1899,2066
39625,122785,20734,59068,15116,102050,3965,1899,2066
39630,122806,20740,59077,15120,102066,3966,1900,2066
39635,122816,20741,59082,15121,102074,3966,1900,2066
39640,122837,20746,59093,15125,102090,3967,1900,2067
39645,122847,20749,59098,15128,102097,3967,1900,2067
39650,122868,20757,59108,15134,102108,3968,1900,2068
39655,122878,20763,59114,15140,102114,3968,1900,2068
39660,122899,20770,59129,15145,102127,3969,1901,2068
39665,122909,20770,59133,15145,102138,3969,1901,2068
39670,122930,20777,59148,15152,102152,3970,1901,2069
39675,122940,20777,59152,15152,102163,3970,1901,2069
39680,122961,20780,59164,15154,102180,3971,1902,2069
39685,122971,20780,59166,15154,102191,3971,1902,2069
39690,122992,20782,59176,15156,102210,3972,1902,2070
39695,123002,20782,59181,15156,102220,3972,1902,2070
39700,123023,20784,59191,15156,102239,3973,1903,2070
39705,123033,20784,59197,15156,102248,3973,1903,2070
39710,123054,20787,59206,15157,102267,3974,1903,2071
39715,123064,20787,59209,15157,102277,3974,1903,2071
39720,123085,20790,59222,15159,102295,3975,1904,2071
39725,123095,20790,59226,15159,102305,3975,1904,2071
39730,123116,20793,59236,15162,102323,3976,1905,2071
39735,123126,20793,59243,15162,102333,3976,1905,2071
39740,123147,20795,59251,15163,102352,3977,1905,2072
39745,123157,20795,59255,15163,102362,3977,1905,2072
39750,123178,20798,59266,15166,102380,3978,1905,2073
39755,123188,20798,59271,15166,102390,3978,1905,2073
39760,123209,20800,59277,15166,102409,3979,1906,2073
39765,123219,20800,59282,15166,102419,3979,1906,2073
39770,123240,20803,59290,15168,102437,3980,1906,2074
39775,123250,20804,59298,15169,102445,3980,1906,2074
39780,123271,20809,59308,15173,102462,3981,1906,2075
39785,123281,20810,59314,15173,102471,3981,1906,2075
39790,123302,20813,59326,15175,102489,3982,1907,2075
39795,123312,20815,59333,15176,102496,3982,1907,2075
39800,123333,20820,59347,15180,102511,3983,1908,2075
39805,123343,20824,59356,15184,102518,3983,1908,2075
39810,123364,20832,59370,15190,102530,3984,1909,2075
39815,123374,20836,59374,15194,102537,3984,1909,2075
39820,123395,20842,59386,15200,102550,3985,1910,2075
39825,123405,20846,59389,15204,102559,3985,1910,2075
39830,123426,20851,59396,15206,102575,3986,1910,2076
39835,123436,20851,59401,15206,102584,3986,1910,2076
39840,123457,20856,59408,15209,102600,3987,1910,2077
39845,123467,20857,59412,15210,102609,3987,1910,2077
39850,123488,20862,59426,15214,102625,3988,1911,2077
39855,123498,20864,59432,15216,102633,3988,1911,2077
39860,123519,20869,59445,15220,102648,3989,1912,2077
39865,123529,20870,59448,15221,102658,3989,1912,2077
39870,123550,20874,59457,15223,102675,3990,1913,2077
39875,123560,20874,59462,15223,102685,3990,1913,2077
39880,123581,20879,59474,15227,102700,3991,1914,2077
39885,123591,20881,59479,15229,102708,3991,1914,2077
39890,123612,20887,59487,15232,102725,3992,1914,2078
39895,123622,20887,59495,15232,102734,3992,1914,2078
39900,123643,20889,59505,15233,102753,3993,1915,2078
39905,123653,20889,59508,15233,102764,3993,1915,2078
39910,123674,20891,59517,15235,102783,3994,1916,2078
39915,123684,20891,59521,15235,102792,3994,1916,2078
39920,123705,20893,59529,15236,102812,3995,1917,2078
39925,123715,20893,59533,15236,102822,3995,1917,2078
39930,123736,20896,59545,15238,102839,3996,1918,2078
39935,123746,20898,59552,15240,102845,3996,1918,2078
39940,123767,20901,59563,15242,102866,3997,1918,2079
39945,123777,20903,59570,15243,102873,3997,1918,2079
39950,123798,20907,59579,15247,102890,3998,1919,2079
39955,123808,20909,59583,15248,102899,3998,1919,2079
39960,123829,20914,59594,15252,102912,3999,1919,2080
39965,123839,20918,59599,15255,102921,3999,1919,2080
39970,123860,20922,59608,15257,102936,4000,1920,2080
39975,123870,20927,59613,15262,102943,4000,1920,2080
39980,123891,20930,59623,15265,102961,4001,1921,2080
39985,123901,20930,59625,15265,102971,4001,1921,2080
39990,123922,20932,59633,15267,102989,4002,1921,2081
39995,123932,20932,59637,15267,103000,4002,1921,2081
40000,123953,20935,59645,15269,103018,4003,1922,2081
40005,123963,20935,59647,15269,103027,4003,1922,2081
40010,123984,20939,59657,15272,103045,4004,1923,2081
40015,123994,20939,59662,15272,103054,4004,1923,2081
40020,124015,20945,59669,15275,103069,4005,1924,2081
40025,124025,20946,59672,15276,103078,4005,1924,2081
40030,124046,20950,59683,15279,103096,4006,1924,2082
40035,124056,20950,59688,15279,103105,4006,1924,2082
40040,124077,20954,59696,15281,103123,4007,1924,2083
40045,124087,20954,59700,15281,103133,4007,1924,2083
40050,124108,20956,59707,15281,103151,4008,1925,2083
40055,124118,20958,59712,15283,103158,4008,1925,2083
40060,124139,20963,59722,15288,103176,4009,1925,2084
40065,124149,20965,59727,15290,103183,4009,1925,2084
40070,124170,20970,59739,15294,103200,4010,1926,2084
40075,124180,20970,59746,15294,103209,4010,1926,2084
40080,124201,20971,59756,15295,103229,4011,1926,2085
40085,124211,20972,59759,15295,103238,4011,1926,2085
40090,124232,20973,59771,15296,103259,4012,1927,2085
40095,124242,20974,59778,15296,103267,4012,1927,2085
40100,124263,20975,59792,15297,103287,4013,1928,2085
40105,124273,20976,59796,15297,103297,4013,1928,2085
40110,124294,20977,59807,15297,103316,4014,1928,2086
40115,124304,20978,59812,15297,103326,4014,1928,2086
40120,124325,20979,59819,15297,103346,4015,1929,2086
40125,124335,20980,59823,15298,103355,4015,1929,2086
40130,124356,20983,59834,15300,103373,4016,1930,2086
40135,124366,20985,59839,15301,103381,4016,1930,2086
40140,124387,20991,59850,15305,103392,4017,1930,2087
40145,124397,20996,59857,15310,103401,4017,1930,2087
40150,124418,21002,59871,15315,103414,4018,1931,2087
40155,124428,21004,59875,15316,103424,4018,1931,2087
40160,124449,21008,59884,15319,103441,4019,1931,2088
40165,124459,21010,59888,15320,103449,4019,1931,2088
40170,124480,21012,59895,15321,103466,4020,1932,2088
40175,124490,21015,59897,15323,103475,4020,1932,2088
40180,124511,21022,59908,15327,103487,4021,1933,2088
40185,124521,21023,59912,15328,103498,4021,1933,2088
40190,124542,21028,59922,15330,103514,4022,1934,2088
40195,124552,21028,59928,15330,103523,4022,1934,2088
40200,124573,21033,59937,15333,103539,4023,1935,2088
40205,124583,21035,59945,15335,103546,4023,1935,2088
40210,124604,21043,59955,15341,103561,4024,1936,2088
40215,124614,21043,59961,15341,103569,4024,1936,2088
40220,124635,21051,59974,15347,103583,4025,1937,2088
40225,124645,21053,59978,15349,103592,4025,1937,2088
40230,124666,21055,59990,15350,103611,4026,1937,2089
40235,124676,21055,59996,15350,103620,4026,1937,2089
40240,124697,21057,60003,15350,103640,4027,1938,2089
40245,124707,21057,60009,15350,103649,4027,1938,2089
40250,124728,21059,60018,15351,103669,4028,1938,2090
40255,124738,21059,60023,15351,103679,4028,1938,2090
40260,124759,21061,60031,15352,103698,4029,1938,2091
40265,124769,21061,60036,15352,103708,4029,1938,2091
40270,124790,21064,60045,15353,103726,4030,1938,2092
40275,124800,21064,60051,15353,103736,4030,1938,2092
40280,124821,21066,60060,15353,103755,4031,1939,2092
40285,124831,21067,60063,15354,103764,4031,1939,2092
40290,124852,21073,60074,15359,103777,4032,1939,2093
40295,124862,21076,60079,15362,103786,4032,1939,2093
40300,124883,21081,60090,15365,103799,4033,1939,2094
40305,124893,21087,60096,15371,103805,4033,1939,2094
40310,124914,21089,60103,15371,103824,4034,1940,2094
40315,124924,21093,60107,15374,103831,4034,1940,2094
40320,124945,21097,60121,15378,103846,4035,1941,2094
40325,124955,21097,60127,15378,103858,4035,1941,2094
40330,124976,21100,60139,15380,103874,4036,1941,2095
40335,124986,21100,60143,15380,103885,4036,1941,2095
40340,125007,21105,60156,15384,103901,4037,1941,2096
40345,125017,21105,60161,15384,103911,4037,1941,2096
40350,125038,21110,60173,15388,103927,4038,1942,2096
40355,125048,21111,60174,15389,103937,4038,1942,2096
40360,125069,21114,60185,15390,103954,4039,1942,2097
40365,125079,21116,60193,15392,103961,4039,1942,2097
40370,125100,21122,60200,15397,103977,4040,1942,2098
40375,125110,21124,60207,15399,103986,4040,1942,2098
40380,125131,21129,60220,15402,104000,4041,1943,2098
40385,125141,21130,60228,15403,104009,4041,1943,2098
40390,125162,21137,60241,15408,104025,4042,1944,2098
40395,125172,21137,60246,15408,104035,4042,1944,2098
40400,125193,21139,60253,15408,104054,4043,1944,2099
40405,125203,21139,60259,15408,104064,4043,1944,2099
40410,125224,21142,60271,15411,104082,4044,1944,2100
40415,125234,21142,60276,15411,104092,4044,1944,2100
40420,125255,21144,60284,15411,104111,4045,1945,2100
40425,125265,21146,60288,15413,104118,4045,1945,2100
40430,125286,21150,60294,15416,104136,4046,1945,2101
40435,125296,21151,60297,15417,104145,4046,1945,2101
40440,125317,21154,60308,15420,104163,4047,1946,2101
40445,125327,21155,60313,15421,104171,4047,1946,2101
40450,125348,21158,60324,15423,104189,4048,1946,2102
40455,125358,21161,60329,15425,104197,4048,1946,2102
40460,125379,21165,60340,15428,104211,4049,1946,2103
40465,125389,21169,60345,15432,104219,4049,1946,2103
40470,125410,21174,60357,15437,104234,4050,1946,2104
40475,125420,21178,60360,15440,104242,4050,1946,2104
40480,125441,21181,60369,15441,104258,4051,1947,2104
40485,125451,21184,60375,15444,104267,4051,1947,2104
40490,125472,21188,60387,15447,104282,4052,1947,2105
40495,125482,21189,60390,15448,104292,4052,1947,2105
40500,125503,21194,60402,15452,104308,4053,1948,2105
40505,125513,21194,60405,15452,104318,4053,1948,2105
40510,125534,21200,60417,15457,104332,4054,1948,2106
40515,125544,21201,60419,15458,104342,4054,1948,2106
40520,125565,21206,60431,15462,104358,4055,1948,2107
40525,125575,21207,60437,15463,104368,4055,1948,2107
40530,125596,21212,60448,15466,104384,4056,1948,2108
40535,125606,21212,60453,15466,104394,4056,1948,2108
40540,125627,21216,60462,15467,104411,4057,1949,2108
40545,125637,21216,60470,15467,104420,4057,1949,2108
40550,125658,21221,60480,15471,104436,4058,1949,2109
40555,125668,21222,60486,15472,104445,4058,1949,2109
40560,125689,21227,60495,15475,104461,4059,1949,2110
40565,125699,21229,60500,15477,104470,4059,1949,2110
40570,125720,21232,60511,15479,104487,4060,1950,2110
40575,125730,21233,60515,15480,104496,4060,1950,2110
40580,125751,21238,60523,15482,104513,4061,1951,2110
40585,125761,21238,60528,15482,104523,4061,1951,2110
40590,125782,21240,60536,15482,104542,4062,1951,2111
40595,125792,21240,60543,15482,104551,4062,1951,2111
40600,125813,21244,60552,15486,104567,4063,1952,2111
40605,125823,21248,60560,15490,104574,4063,1952,2111
40610,125844,21254,60572,15494,104586,4064,1953,2111
40615,125854,21260,60575,15499,104593,4064,1953,2111
40620,125875,21264,60584,15502,104610,4065,1954,2111
40625,125885,21267,60592,15505,104618,4065,1954,2111
40630,125906,21269,60601,15506,104636,4066,1954,2112
40635,125916,21269,60608,15506,104646,4066,1954,2112
40640,125937,21272,60619,15507,104665,4067,1955,2112
40645,125947,21272,60623,15507,104675,4067,1955,2112
40650,125968,21274,60636,15509,104694,4068,1956,2112
40655,125978,21274,60643,15509,104704,4068,1956,2112
40660,125999,21277,60654,15510,104721,4069,1956,2113
40665,126009,21277,60659,15510,104731,4069,1956,2113
40670,126030,21279,60671,15512,104750,4070,1956,2114
40675,126040,21279,60675,15512,104761,4070,1956,2114
40680,126061,21281,60688,15513,104780,4071,1957,2114
40685,126071,21281,60692,15513,104790,4071,1957,2114
40690,126092,21284,60699,15514,104808,4072,1957,2115
40695,126102,21284,60703,15514,104818,4072,1957,2115
40700,126123,21289,60713,15518,104833,4073,1957,2116
40705,126133,21290,60717,15519,104843,4073,1957,2116
40710,126154,21294,60723,15521,104858,4074,1957,2117
40715,126164,21295,60729,15522,104869,4074,1957,2117
40720,126185,21298,60736,15524,104886,4075,1958,2117
40725,126195,21299,60738,15525,104895,4075,1958,2117
40730,126216,21304,60747,15529,104911,4076,1958,2118
40735,126226,21305,60752,15530,104921,4076,1958,2118
40740,126247,21309,60762,15532,104936,4077,1959,2118
40745,126257,21311,60766,15533,104946,4077,1959,2118
40750,126278,21316,60776,15537,104961,4078,1959,2119
40755,126288,21319,60780,15540,104969,4078,1959,2119
40760,126309,21325,60792,15545,104984,4079,1960,2119
40765,126319,21328,60798,15548,104990,4079,1960,2119
40770,126340,21336,60807,15555,105004,4080,1960,2120
40775,126350,21339,60812,15558,105011,4080,1960,2120
40780,126371,21344,60823,15562,105026,4081,1960,2121
40785,126381,21347,60829,15564,105033,4081,1960,2121
40790,126402,21350,60838,15567,105051,4082,1960,2122
40795,126412,21353,60842,15570,105058,4082,1960,2122
40800,126433,21356,60849,15572,105077,4083,1960,2123
40805,126443,21356,60856,15572,105085,4083,1960,2123
40810,126464,21359,60864,15573,105104,4084,1960,2124
40815,126474,21359,60867,15573,105115,4084,1960,2124
40820,126495,21362,60876,15574,105133,4085,1961,2124
40825,126505,21362,60881,15574,105143,4085,1961,2124
40830,126526,21365,60891,15575,105161,4086,1962,2124
40835,126536,21365,60895,15575,105170,4086,1962,2124
40840,126557,21368,60904,15577,105189,4087,1963,2124
40845,126567,21368,60910,15577,105198,4087,1963,2124
40850,126588,21370,60921,15578,105218,4088,1964,2124
40855,126598,21370,60925,15578,105227,4088,1964,2124
40860,126619,21372,60937,15580,105246,4089,1965,2124
40865,126629,21372,60942,15580,105257,4089,1965,2124
40870,126650,21375,60956,15581,105274,4090,1965,2125
40875,126660,21375,60962,15581,105284,4090,1965,2125
40880,126681,21380,60974,15585,105301,4091,1966,2125
40885,126691,21380,60979,15585,105310,4091,1966,2125
40890,126712,21384,60991,15589,105328,4092,1966,2126
40895,126722,21384,60996,15589,105337,4092,1966,2126
40900,126743,21389,61003,15592,105354,4093,1967,2126
40905,126753,21390,61010,15593,105362,4093,1967,2126
40910,126774,21395,61018,15596,105379,4094,1967,2127
40915,126784,21396,61021,15596,105387,4094,1967,2127
40920,126805,21400,61032,15599,105405,4095,1968,2127
40925,126815,21401,61040,15600,105413,4095,1968,2127
40930,126836,21407,61047,15604,105428,4096,1969,2127
40935,126846,21410,61054,15606,105435,4096,1969,2127
40940,126867,21416,61064,15610,105448,4097,1970,2127
40945,126877,21422,61070,15615,105454,4097,1970,2127
40950,126898,21427,61078,15619,105468,4098,1970,2128
40955,126908,21432,61083,15623,105474,4098,1970,2128
40960,126929,21441,61096,15630,105484,4099,1971,2128
40965,126939,21448,61101,15637,105491,4099,1971,2128
40970,126960,21453,61110,15641,105507,4100,1971,2129
40975,126970,21454,61114,15641,105515,4100,1971,2129
40980,126991,21457,61123,15643,105532,4101,1972,2129
40985,127001,21458,61127,15644,105542,4101,1972,2129
40990,127022,21460,61137,15644,105560,4102,1972,2130
40995,127032,21460,61143,15644,105571,4102,1972,2130
41000,127053,21463,61155,15645,105590,4103,1972,2131
41005,127063,21463,61161,15645,105598,4103,1972,2131
41010,127084,21466,61176,15647,105618,4104,1973,2131
41015,127094,21466,61180,15647,105628,4104,1973,2131
41020,127115,21469,61196,15649,105645,4105,1974,2131
41025,127125,21469,61199,15649,105656,4105,1974,2131
41030,127146,21472,61210,15651,105673,4106,1974,2132
41035,127156,21472,61212,15651,105684,4106,1974,2132
41040,127177,21475,61224,15654,105702,4107,1975,2132
41045,127187,21475,61227,15654,105712,4107,1975,2132
41050,127208,21477,61240,15656,105731,4108,1975,2133
41055,127218,21477,61244,15656,105741,4108,1975,2133
41060,127239,21479,61254,15658,105759,4109,1975,2134
41065,127249,21479,61259,15658,105770,4109,1975,2134
41070,127270,21482,61266,15660,105788,4110,1976,2134
41075,127280,21482,61272,15660,105798,4110,1976,2134
41080,127301,21486,61280,15662,105814,4111,1976,2135
41085,127311,21487,61286,15663,105823,4111,1976,2135
41090,127332,21494,61301,15669,105836,4112,1976,2136
41095,127342,21496,61306,15670,105846,4112,1976,2136
41100,127363,21501,61315,15673,105861,4113,1976,2137
41105,127373,21505,61319,15677,105868,4113,1976,2137
41110,127394,21512,61330,15684,105880,4114,1976,2138
41115,127404,21516,61332,15688,105888,4114,1976,2138
41120,127425,21522,61342,15694,105900,4115,1977,2138
41125,127435,21530,61350,15702,105903,4115,1977,2138
41130,127456,21536,61361,15707,105919,4116,1978,2138
41135,127466,21536,61365,15707,105930,4116,1978,2138
41140,127487,21537,61375,15707,105950,4117,1978,2139
41145,127497,21537,61380,15707,105959,4117,1978,2139
41150,127518,21538,61386,15707,105980,4118,1978,2140
41155,127528,21538,61390,15707,105989,4118,1978,2140
41160,127549,21539,61398,15708,106009,4119,1978,2141
41165,127559,21539,61399,15708,106020,4119,1978,2141
41170,127580,21540,61409,15708,106040,4120,1979,2141
41175,127590,21540,61417,15708,106050,4120,1979,2141
41180,127611,21541,61427,15708,106070,4121,1980,2141
41185,127621,21541,61436,15708,106080,4121,1980,2141
41190,127642,21542,61446,15708,106100,4122,1981,2141
41195,127652,21542,61451,15708,106110,4122,1981,2141
41200,127673,21543,61461,15709,106130,4123,1982,2141
41205,127683,21543,61467,15709,106139,4123,1982,2141
41210,127704,21545,61474,15709,106159,4124,1982,2142
41215,127714,21545,61478,15709,106169,4124,1982,2142
41220,127735,21547,61487,15711,106187,4125,1982,2143
41225,127745,21547,61492,15711,106198,4125,1982,2143
41230,127766,21550,61503,15713,106215,4126,1982,2144
41235,127776,21551,61508,15714,106225,4126,1982,2144
41240,127797,21555,61518,15717,106241,4127,1983,2144
41245,127807,21556,61522,15718,106251,4127,1983,2144
41250,127828,21560,61530,15720,106268,4128,1983,2145
41255,127838,21561,61538,15721,106277,4128,1983,2145
41260,127859,21566,61548,15724,106292,4129,1983,2146
41265,127869,21568,61551,15725,106301,4129,1983,2146
41270,127890,21574,61558,15730,106315,4130,1983,2147
41275,127900,21576,61559,15731,106324,4130,1983,2147
41280,127921,21584,61571,15737,106333,4131,1984,2147
41285,127931,21589,61575,15741,106341,4131,1984,2147
41290,127952,21597,61584,15747,106353,4132,1984,2148
41295,127962,21600,61589,15750,106361,4132,1984,2148
41300,127983,21607,61598,15756,106374,4133,1985,2148
41305,127993,21609,61602,15758,106383,4133,1985,2148
41310,128014,21617,61612,15765,106397,4134,1985,2149
41315,128024,21617,61619,15765,106403,4134,1985,2149
41320,128045,21627,61630,15772,106418,4135,1986,2149
41325,128055,21627,61635,15772,106428,4135,1986,2149
41330,128076,21629,61644,15774,106447,4136,1986,2150
41335,128086,21629,61649,15774,106457,4136,1986,2150
41340,128107,21631,61657,15775,106476,4137,1987,2150
41345,128117,21631,61663,15775,106485,4137,1987,2150
41350,128138,21633,61674,15776,106505,4138,1988,2150
41355,128148,21633,61678,15776,106515,4138,1988,2150
41360,128169,21636,61688,15777,106533,4139,1988,2151
41365,128179,21636,61695,15777,106543,4139,1988,2151
41370,128200,21638,61700,15777,106562,4140,1989,2151
41375,128210,21638,61704,15777,106572,4140,1989,2151
41380,128231,21640,61712,15777,106591,4141,1989,2152
41385,128241,21640,61717,15777,106601,4141,1989,2152
41390,128262,21642,61729,15779,106620,4142,1990,2152
41395,128272,21642,61735,15779,106630,4142,1990,2152
41400,128293,21645,61747,15782,106648,4143,1990,2153
41405,128303,21645,61751,15782,106658,4143,1990,2153
41410,128324,21647,61762,15782,106677,4144,1991,2153
41415,128334,21647,61768,15782,106687,4144,1991,2153
41420,128355,21649,61775,15782,106706,4145,1991,2154
41425,128365,21650,61780,15782,106713,4145,1991,2154
41430,128386,21654,61788,15784,106731,4146,1991,2155
41435,128396,21656,61793,15785,106739,4146,1991,2155
41440,128417,21664,61806,15792,106749,4147,1991,2156
41445,128427,21668,61809,15796,106759,4147,1991,2156
41450,128448,21675,61818,15802,106770,4148,1991,2157
41455,128458,21681,61824,15808,106777,4148,1991,2157
41460,128479,21688,61837,15815,106787,4149,1991,2158
41465,128489,21691,61840,15818,106798,4149,1991,2158
41470,128510,21695,61849,15820,106814,4150,1992,2158
41475,128520,21696,61852,15821,106823,4150,1992,2158
41480,128541,21702,61866,15827,106839,4151,1993,2158
41485,128551,21702,61870,15827,106847,4151,1993,2158
41490,128572,21709,61879,15831,106862,4152,1994,2158
41495,128582,21709,61885,15831,106872,4152,1994,2158
41500,128603,21715,61894,15835,106887,4153,1995,2158
41505,128613,21715,61902,15835,106896,4153,1995,2158
41510,128634,21721,61911,15841,106912,4154,1995,2159
41515,128644,21721,61914,15841,106923,4154,1995,2159
41520,128665,21724,61922,15843,106941,4155,1995,2160
41525,128675,21724,61926,15843,106951,4155,1995,2160
41530,128696,21727,61937,15845,106969,4156,1995,2161
41535,128706,21727,61941,15845,106978,4156,1995,2161
41540,128727,21729,61950,15846,106997,4157,1995,2162
41545,128737,21729,61954,15846,107007,4157,1995,2162
41550,128758,21732,61964,15847,107026,4158,1995,2163
41555,128768,21732,61969,15847,107035,4158,1995,2163
41560,128789,21734,61980,15848,107055,4159,1996,2163
41565,128799,21734,61985,15848,107065,4159,1996,2163
41570,128820,21737,61996,15851,107082,4160,1996,2164
41575,128830,21738,62000,15851,107091,4160,1996,2164
41580,128851,21741,62009,15853,107107,4161,1997,2164
41585,128861,21745,62013,15857,107116,4161,1997,2164
41590,128882,21749,62025,15860,107128,4162,1997,2165
41595,128892,21756,62032,15867,107136,4162,1997,2165
41600,128913,21761,62045,15872,107149,4163,1997,2166
41605,128923,21763,62046,15874,107160,4163,1997,2166
41610,128944,21766,62059,15876,107178,4164,1998,2166
41615,128954,21766,62065,15876,107187,4164,1998,2166
41620,128975,21770,62075,15879,107205,4165,1999,2166
41625,128985,21770,62079,15879,107215,4165,1999,2166
41630,129006,21774,62086,15880,107232,4166,2000,2166
41635,129016,21774,62090,15880,107241,4166,2000,2166
41640,129037,21780,62105,15886,107256,4167,2000,2167
41645,129047,21781,62108,15887,107266,4167,2000,2167
41650,129068,21784,62118,15889,107284,4168,2000,2168
41655,129078,21784,62125,15889,107293,4168,2000,2168
41660,129099,21789,62137,15893,107310,4169,2001,2168
41665,129109,21789,62142,15893,107320,4169,2001,2168
41670,129130,21793,62153,15896,107337,4170,2001,2169
41675,129140,21793,62158,15896,107346,4170,2001,2169
41680,129161,21797,62161,15897,107364,4171,2001,2170
41685,129171,21797,62165,15897,107374,4171,2001,2170
41690,129192,21801,62179,15899,107391,4172,2002,2170
41695,129202,21802,62182,15900,107400,4172,2002,2170
41700,129223,21807,62191,15902,107416,4173,2002,2171
41705,129233,21807,62194,15902,107426,4173,2002,2171
41710,129254,21810,62203,15902,107444,4174,2003,2171
41715,129264,21811,62207,15902,107451,4174,2003,2171
41720,129285,21819,62221,15909,107465,4175,2004,2171
41725,129295,21822,62227,15912,107473,4175,2004,2171
41730,129316,21827,62236,15914,107489,4176,2005,2171
41735,129326,21828,62238,15915,107498,4176,2005,2171
41740,129347,21833,62244,15917,107512,4177,2005,2172
41745,129357,21836,62248,15920,107521,4177,2005,2172
41750,129378,21840,62256,15921,107536,4178,2006,2172
41755,129388,21843,62259,15924,107545,4178,2006,2172
41760,129409,21850,62272,15930,107555,4179,2007,2172
41765,129419,21855,62277,15934,107561,4179,2007,2172
41770,129440,21861,62290,15938,107578,4180,2008,2172
41775,129450,21863,62296,15940,107585,4180,2008,2172
41780,129471,21866,62307,15941,107604,4181,2009,2172
41785,129481,21868,62311,15943,107612,4181,2009,2172
41790,129502,21872,62319,15945,107628,4182,2009,2173
41795,129512,21875,62321,15947,107637,4182,2009,2173
41800,129533,21877,62328,15947,107655,4183,2009,2174
41805,129543,21879,62334,15948,107663,4183,2009,2174
41810,129564,21883,62345,15952,107679,4184,2009,2175
41815,129574,21885,62349,15954,107689,4184,2009,2175
41820,129595,21887,62358,15955,107708,4185,2010,2175
41825,129605,21887,62365,15955,107718,4185,2010,2175
41830,129626,21889,62372,15956,107737,4186,2010,2176
41835,129636,21889,62377,15956,107747,4186,2010,2176
41840,129657,21891,62384,15957,107766,4187,2010,2177
41845,129667,21891,62392,15957,107776,4187,2010,2177
41850,129688,21893,62402,15957,107795,4188,2010,2178
41855,129698,21893,62410,15957,107805,4188,2010,2178
41860,129719,21896,62423,15960,107823,4189,2010,2179
41865,129729,21896,62425,15960,107833,4189,2010,2179
41870,129750,21899,62434,15963,107851,4190,2010,2180
41875,129760,21899,62439,15963,107860,4190,2010,2180
41880,129781,21904,62451,15967,107875,4191,2011,2180
41885,129791,21906,62457,15969,107883,4191,2011,2180
41890,129812,21912,62466,15973,107899,4192,2012,2180
41895,129822,21912,62469,15973,107908,4192,2012,2180
41900,129843,21918,62479,15978,107925,4193,2013,2180
41905,129853,21919,62485,15979,107933,4193,2013,2180
41910,129874,21925,62496,15983,107949,4194,2014,2180
41915,129884,21927,62503,15985,107953,4194,2014,2180
41920,129905,21933,62511,15988,107972,4195,2015,2180
41925,129915,21934,62515,15988,107980,4195,2015,2180
41930,129936,21939,62529,15992,107994,4196,2016,2180
41935,129946,21943,62536,15996,108003,4196,2016,2180
41940,129967,21945,62546,15997,108020,4197,2016,2181
41945,129977,21950,62552,16001,108026,4197,2016,2181
41950,129998,21953,62561,16003,108043,4198,2016,2182
41955,130008,21958,62570,16007,108049,4198,2016,2182
41960,130029,21962,62581,16011,108067,4199,2016,2183
41965,130039,21962,62591,16011,108077,4199,2016,2183
41970,130060,21965,62600,16013,108094,4200,2016,2184
41975,130070,21965,62604,16013,108105,4200,2016,2184
41980,130091,21967,62616,16015,108124,4201,2017,2184
41985,130101,21967,62622,16015,108134,4201,2017,2184
41990,130122,21969,62632,16017,108153,4202,2018,2184
41995,130132,21969,62634,16017,108163,4202,2018,2184
42000,130153,21971,62645,16018,108182,4203,2018,2185
42005,130163,21971,62649,16018,108192,4203,2018,2185
42010,130184,21974,62659,16021,108210,4204,2019,2185
42015,130194,21974,62663,16021,108220,4204,2019,2185
42020,130215,21977,62677,16023,108238,4205,2020,2185
42025,130225,21977,62684,16023,108248,4205,2020,2185
42030,130246,21980,62690,16024,108266,4206,2020,2186
42035,130256,21980,62694,16024,108275,4206,2020,2186
42040,130277,21985,62708,16027,108291,4207,2021,2186
42045,130287,21987,62716,16029,108299,4207,2021,2186
42050,130308,21992,62725,16032,108315,4208,2021,2187
42055,130318,21993,62728,16033,108324,4208,2021,2187
42060,130339,21999,62739,16037,108340,4209,2022,2187
42065,130349,22000,62745,16038,108347,4209,2022,2187
42070,130370,22007,62756,16043,108362,4210,2023,2187
42075,130380,22011,62758,16046,108369,4210,2023,2187
42080,130401,22018,62768,16052,108382,4211,2023,2188
42085,130411,22020,62770,16053,108391,4211,2023,2188
42090,130432,22024,62779,16056,108406,4212,2024,2188
42095,130442,22027,62784,16058,108413,4212,2024,2188
42100,130463,22032,62795,16062,108429,4213,2024,2189
42105,130473,22034,62801,16064,108438,4213,2024,2189
42110,130494,22037,62809,16066,108455,4214,2024,2190
42115,130504,22040,62816,16069,108462,4214,2024,2190
42120,130525,22043,62829,16071,108478,4215,2025,2190
42125,130535,22047,62832,16074,108488,4215,2025,2190
42130,130556,22050,62841,16076,108504,4216,2026,2190
42135,130566,22053,62843,16079,108513,4216,2026,2190
42140,130587,22056,62852,16081,108529,4217,2026,2191
42145,130597,22057,62859,16082,108540,4217,2026,2191
42150,130618,22060,62869,16085,108558,4218,2026,2192
42155,130628,22060,62874,16085,108568,4218,2026,2192
42160,130649,22062,62884,16087,108587,4219,2027,2192
42165,130659,22062,62888,16087,108597,4219,2027,2192
42170,130680,22065,62898,16088,108615,4220,2028,2192
42175,130690,22065,62902,16088,108625,4220,2028,2192
42180,130711,22067,62915,16089,108644,4221,2028,2193
42185,130721,22067,62924,16089,108653,4221,2028,2193
42190,130742,22073,62933,16092,108667,4222,2029,2193
42195,130752,22074,62938,16093,108678,4222,2029,2193
42200,130773,22078,62951,16095,108693,4223,2030,2193
42205,130783,22079,62954,16096,108704,4223,2030,2193
42210,130804,22083,62965,16098,108720,4224,2031,2193
42215,130814,22084,62970,16099,108730,4224,2031,2193
42220,130835,22087,62979,16101,108748,4225,2031,2194
42225,130845,22088,62986,16102,108754,4225,2031,2194
42230,130866,22095,62996,16108,108770,4226,2032,2194
42235,130876,22097,63002,16110,108777,4226,2032,2194
42240,130897,22103,63012,16115,108793,4227,2032,2195
42245,130907,22105,63019,16117,108801,4227,2032,2195
42250,130928,22109,63030,16120,108817,4228,2032,2196
42255,130938,22112,63036,16123,108826,4228,2032,2196
42260,130959,22117,63049,16127,108840,4229,2032,2197
42265,130969,22121,63056,16131,108848,4229,2032,2197
42270,130990,22124,63067,16132,108863,4230,2033,2197
42275,131000,22129,63071,16136,108871,4230,2033,2197
42280,131021,22134,63078,16139,108886,4231,2034,2197
42285,131031,22135,63084,16140,108896,4231,2034,2197
42290,131052,22138,63094,16141,108914,4232,2035,2197
42295,131062,22138,63096,16141,108924,4232,2035,2197
42300,131083,22140,63103,16142,108943,4233,2035,2198
42305,131093,22140,63108,16142,108953,4233,2035,2198
42310,131114,22143,63122,16143,108971,4234,2036,2198
42315,131124,22143,63128,16143,108981,4234,2036,2198
42320,131145,22145,63140,16143,109000,4235,2036,2199
42325,131155,22145,63145,16143,109010,4235,2036,2199
42330,131176,22148,63158,16145,109028,4236,2036,2200
42335,131186,22148,63163,16145,109038,4236,2036,2200
42340,131207,22150,63173,16147,109057,4237,2037,2200
42345,131217,22150,63178,16147,109067,4237,2037,2200
42350,131238,22153,63194,16149,109085,4238,2037,2201
42355,131248,22153,63200,16149,109094,4238,2037,2201
42360,131269,22157,63207,16150,109112,4239,2037,2202
42365,131279,22157,63212,16150,109122,4239,2037,2202
42370,131300,22160,63219,16153,109140,4240,2038,2202
42375,131310,22161,63226,16154,109147,4240,2038,2202
42380,131331,22166,63234,16158,109165,4241,2038,2203
42385,131341,22166,63239,16158,109174,4241,2038,2203
42390,131362,22172,63245,16162,109190,4242,2038,2204
42395,131372,22174,63252,16163,109196,4242,2038,2204
42400,131393,22180,63259,16167,109213,4243,2038,2205
42405,131403,22182,63263,16168,109220,4243,2038,2205
42410,131424,22189,63276,16175,109233,4244,2038,2206
42415,131434,22194,63284,16180,109237,4244,2038,2206
42420,131455,22203,63293,16187,109252,4245,2038,2207
42425,131465,22206,63295,16189,109259,4245,2038,2207
42430,131486,22208,63305,16191,109275,4246,2039,2207
42435,131496,22212,63308,16194,109283,4246,2039,2207
42440,131517,22213,63315,16195,109302,4247,2039,2208
42445,131527,22217,63320,16199,109310,4247,2039,2208
42450,131548,22220,63331,16202,109328,4248,2039,2209
42455,131558,22220,63334,16202,109337,4248,2039,2209
42460,131579,22221,63349,16203,109358,4249,2039,2210
42465,131589,22221,63352,16203,109367,4249,2039,2210
42470,131610,22222,63359,16203,109388,4250,2039,2211
42475,131620,22222,63363,16203,109397,4250,2039,2211
42480,131641,22223,63370,16203,109418,4251,2039,2212
42485,131651,22223,63377,16203,109428,4251,2039,2212
42490,131672,22224,63391,16204,109448,4252,2039,2213
42495,131682,22224,63394,16204,109458,4252,2039,2213
42500,131703,22225,63404,16204,109478,4253,2040,2213
42505,131713,22225,63407,16204,109488,4253,2040,2213
42510,131734,22226,63417,16204,109508,4254,2041,2213
42515,131744,22226,63421,16204,109518,4254,2041,2213
42520,131765,22227,63434,16204,109536,4255,2042,2213
42525,131775,22228,63439,16205,109546,4255,2042,2213
42530,131796,22233,63452,16210,109563,4256,2043,2213
42535,131806,22233,63457,16210,109572,4256,2043,2213
42540,131827,22237,63467,16213,109589,4257,2043,2214
42545,131837,22237,63470,16213,109600,4257,2043,2214
42550,131858,22240,63480,16215,109617,4258,2043,2215
42555,131868,22241,63487,16216,109625,4258,2043,2215
42560,131889,22249,63499,16223,109640,4259,2043,2216
42565,131899,22250,63502,16223,109647,4259,2043,2216
42570,131920,22256,63509,16226,109662,4260,2043,2217
42575,131930,22258,63514,16227,109671,4260,2043,2217
42580,131951,22263,63527,16232,109687,4261,2043,2218
42585,131961,22266,63531,16234,109693,4261,2043,2218
42590,131982,22272,63537,16239,109710,4262,2043,2219
42595,131992,22273,63543,16239,109717,4262,2043,2219
42600,132013,22277,63554,16241,109732,4263,2043,2220
42605,132023,22282,63561,16245,109741,4263,2043,2220
42610,132044,22285,63571,16247,109759,4264,2044,2220
42615,132054,22286,63576,16248,109768,4264,2044,2220
42620,132075,22290,63591,16252,109782,4265,2044,2221
42625,132085,22295,63599,16257,109790,4265,2044,2221
42630,132106,22299,63608,16260,109806,4266,2045,2221
42635,132116,22301,63612,16261,109815,4266,2045,2221
42640,132137,22305,63623,16265,109830,4267,2045,2222
42645,132147,22309,63630,16269,109838,4267,2045,2222
42650,132168,22312,63641,16272,109856,4268,2045,2223
42655,132178,22312,63645,16272,109866,4268,2045,2223
42660,132199,22314,63652,16273,109884,4269,2045,2224
42665,132209,22314,63657,16273,109895,4269,2045,2224
42670,132230,22317,63670,16274,109913,4270,2046,2224
42675,132240,22317,63676,16274,109923,4270,2046,2224
42680,132261,22319,63684,16275,109942,4271,2046,2225
42685,132271,22319,63688,16275,109952,4271,2046,2225
42690,132292,22322,63701,16276,109970,4272,2047,2225
42695,132302,22322,63706,16276,109980,4272,2047,2225
42700,132323,22326,63713,16279,109997,4273,2047,2226
42705,132333,22326,63717,16279,110006,4273,2047,2226
42710,132354,22330,63729,16283,110023,4274,2047,2227
42715,132364,22330,63733,16283,110033,4274,2047,2227
42720,132385,22334,63742,16286,110051,4275,2048,2227
42725,132395,22334,63748,16286,110060,4275,2048,2227
42730,132416,22339,63758,16290,110077,4276,2049,2227
42735,132426,22340,63764,16291,110085,4276,2049,2227
42740,132447,22345,63774,16295,110101,4277,2049,2228
42745,132457,22346,63776,16296,110111,4277,2049,2228
42750,132478,22350,63786,16298,110126,4278,2049,2229
42755,132488,22352,63790,16300,110136,4278,2049,2229
42760,132509,22359,63803,16307,110149,4279,2050,2229
42765,132519,22362,63806,16309,110156,4279,2050,2229
42770,132540,22372,63821,16319,110165,4280,2051,2229
42775,132550,22375,63824,16322,110175,4280,2051,2229
42780,132571,22382,63833,16328,110187,4281,2051,2230
42785,132581,22386,63838,16332,110195,4281,2051,2230
42790,132602,22391,63848,16336,110209,4282,2051,2231
42795,132612,22393,63854,16338,110219,4282,2051,2231
42800,132633,22395,63863,16340,110237,4283,2051,2232
42805,132643,22395,63870,16340,110248,4283,2051,2232
42810,132664,22397,63879,16341,110267,4284,2051,2233
42815,132674,22397,63883,16341,110276,4284,2051,2233
42820,132695,22399,63892,16343,110296,4285,2051,2234
42825,132705,22399,63899,16343,110305,4285,2051,2234
42830,132726,22402,63909,16345,110324,4286,2051,2235
42835,132736,22402,63913,16345,110334,4286,2051,2235
42840,132757,22405,63928,16347,110352,4287,2052,2235
42845,132767,22405,63932,16347,110362,4287,2052,2235
42850,132788,22408,63940,16349,110380,4288,2052,2236
42855,132798,22408,63945,16349,110390,4288,2052,2236
42860,132819,22411,63957,16352,110408,4289,2052,2237
42865,132829,22411,63963,16352,110418,4289,2052,2237
42870,132850,22413,63974,16352,110437,4290,2052,2238
42875,132860,22413,63980,16352,110447,4290,2052,2238
42880,132881,22416,63994,16354,110465,4291,2053,2238
42885,132891,22416,63997,16354,110475,4291,2053,2238
42890,132912,22420,64007,16357,110491,4292,2054,2238
42895,132922,22421,64012,16358,110501,4292,2054,2238
42900,132943,22427,64022,16362,110515,4293,2055,2238
42905,132953,22430,64029,16365,110523,4293,2055,2238
42910,132974,22434,64036,16367,110540,4294,2056,2238
42915,132984,22436,64040,16368,110547,4294,2056,2238
42920,133005,22440,64046,16371,110564,4295,2057,2238
42925,133015,22443,64049,16373,110572,4295,2057,2238
42930,133036,22449,64058,16376,110585,4296,2057,2239
42935,133046,22453,64064,16380,110592,4296,2057,2239
42940,133067,22457,64075,16382,110607,4297,2057,2240
42945,133077,22461,64079,16385,110614,4297,2057,2240
42950,133098,22472,64094,16395,110622,4298,2057,2241
42955,133108,22479,64099,16401,110628,4298,2057,2241
42960,133129,22485,64113,16406,110641,4299,2058,2241
42965,133139,22486,64118,16407,110653,4299,2058,2241
42970,133160,22488,64128,16407,110671,4300,2059,2241
42975,133170,22488,64134,16407,110682,4300,2059,2241
42980,133191,22490,64146,16409,110700,4301,2059,2242
42985,133201,22490,64151,16409,110711,4301,2059,2242
42990,133222,22492,64164,16409,110728,4302,2059,2243
42995,133232,22492,64168,16409,110740,4302,2059,2243
43000,133253,22495,64181,16410,110757,4303,2060,2243
43005,133263,22495,64185,16410,110768,4303,2060,2243
43010,133284,22497,64197,16411,110785,4304,2061,2243
43015,133294,22497,64199,16411,110797,4304,2061,2243
43020,133315,22500,64208,16414,110814,4305,2061,2244
43025,133325,22500,64213,16414,110825,4305,2061,2244
43030,133346,22502,64224,16415,110844,4306,2062,2244
43035,133356,22502,64231,16415,110854,4306,2062,2244
43040,133377,22504,64238,16416,110873,4307,2063,2244
43045,133387,22504,64242,16416,110883,4307,2063,2244
43050,133408,22506,64251,16417,110902,4308,2063,2245
43055,133418,22506,64255,16417,110912,4308,2063,2245
43060,133439,22509,64262,16418,110930,4309,2064,2245
43065,133449,22512,64267,16421,110937,4309,2064,2245
43070,133470,22521,64278,16428,110949,4310,2065,2245
43075,133480,22522,64281,16429,110958,4310,2065,2245
43080,133501,22528,64292,16433,110972,4311,2065,2246
43085,133511,22531,64297,16435,110978,4311,2065,2246
43090,133532,22540,64308,16444,110992,4312,2066,2246
43095,133542,22541,64313,16444,110999,4312,2066,2246
43100,133563,22546,64323,16446,111017,4313,2066,2247
43105,133573,22547,64328,16447,111026,4313,2066,2247
43110,133594,22550,64337,16449,111044,4314,2066,2248
43115,133604,22551,64342,16450,111053,4314,2066,2248
43120,133625,22555,64353,16451,111070,4315,2067,2248
43125,133635,22556,64357,16452,111079,4315,2067,2248
43130,133656,22561,64370,16456,111091,4316,2067,2249
43135,133666,22566,64376,16461,111099,4316,2067,2249
43140,133687,22571,64384,16465,111114,4317,2068,2249
43145,133697,22573,64386,16467,111124,4317,2068,2249
43150,133718,22578,64400,16471,111136,4318,2069,2249
43155,133728,22582,64405,16475,111144,4318,2069,2249
43160,133749,22586,64416,16477,111162,4319,2070,2249
43165,133759,22587,64421,16478,111171,4319,2070,2249
43170,133780,22592,64431,16481,111186,4320,2070,2250
43175,133790,22596,64435,16485,111193,4320,2070,2250
43180,133811,22600,64447,16488,111210,4321,2071,2250
43185,133821,22600,64451,16488,111220,4321,2071,2250
43190,133842,22604,64460,16490,111236,4322,2071,2251
43195,133852,22605,64463,16491,111246,4322,2071,2251
43200,133873,22610,64472,16495,111261,4323,2071,2252
43205,133883,22611,64481,16496,111272,4323,2071,2252
43210,133904,22613,64490,16496,111289,4324,2072,2252
43215,133914,22613,64493,16496,111301,4324,2072,2252
43220,133935,22616,64505,16497,111318,4325,2073,2252
43225,133945,22616,64510,16497,111329,4325,2073,2252
43230,133966,22618,64523,16498,111348,4326,2074,2252
43235,133976,22618,64525,16498,111358,4326,2074,2252
43240,133997,22620,64531,16500,111377,4327,2074,2253
43245,134007,22620,64538,16500,111387,4327,2074,2253
43250,134028,22623,64546,16501,111405,4328,2075,2253
43255,134038,22623,64551,16501,111415,4328,2075,2253
43260,134059,22626,64564,16502,111433,4329,2076,2253
43265,134069,22626,64567,16502,111442,4329,2076,2253
43270,134090,22629,64576,16504,111461,4330,2077,2253
43275,134100,22629,64580,16504,111470,4330,2077,2253
43280,134121,22630,64588,16504,111491,4331,2078,2253
43285,134131,22631,64592,16504,111499,4331,2078,2253
43290,134152,22632,64604,16505,111520,4332,2079,2253
43295,134162,22633,64609,16505,111529,4332,2079,2253
43300,134183,22635,64616,16506,111548,4333,2079,2254
43305,134193,22636,64622,16506,111557,4333,2079,2254
43310,134214,22640,64634,16510,111573,4334,2080,2254
43315,134224,22642,64639,16512,111582,4334,2080,2254
43320,134245,22645,64647,16513,111597,4335,2080,2255
43325,134255,22649,64652,16516,111606,4335,2080,2255
43330,134276,22654,64661,16520,111621,4336,2081,2255
43335,134286,22657,64667,16522,111628,4336,2081,2255
43340,134307,22662,64675,16526,111644,4337,2081,2256
43345,134317,22664,64679,16528,111653,4337,2081,2256
43350,134338,22668,64688,16532,111668,4338,2081,2257
43355,134348,22672,64694,16536,111676,4338,2081,2257
43360,134369,22675,64704,16538,111692,4339,2082,2257
43365,134379,22678,64707,16541,111701,4339,2082,2257
43370,134400,22681,64714,16542,111718,4340,2082,2258
43375,134410,22682,64719,16543,111728,4340,2082,2258
43380,134431,22686,64729,16546,111745,4341,2083,2258
43385,134441,22686,64736,16546,111754,4341,2083,2258
43390,134462,22690,64743,16548,111772,4342,2083,2259
43395,134472,22690,64747,16548,111782,4342,2083,2259
43400,134493,22695,64756,16552,111798,4343,2083,2260
43405,134503,22696,64762,16553,111806,4343,2083,2260
43410,134524,22700,64767,16555,111824,4344,2083,2261
43415,134534,22701,64771,16556,111833,4344,2083,2261
43420,134555,22704,64781,16558,111851,4345,2084,2261
43425,134565,22704,64787,16558,111860,4345,2084,2261
43430,134586,22710,64797,16561,111876,4346,2085,2261
43435,134596,22711,64802,16562,111884,4346,2085,2261
43440,134617,22717,64810,16566,111900,4347,2086,2261
43445,134627,22717,64814,16566,111910,4347,2086,2261
43450,134648,22720,64827,16568,111928,4348,2087,2261
43455,134658,22720,64832,16568,111938,4348,2087,2261
43460,134679,22722,64838,16569,111957,4349,2088,2261
43465,134689,22722,64841,16569,111967,4349,2088,2261
43470,134710,22724,64857,16571,111986,4350,2088,2262
43475,134720,22725,64861,16571,111995,4350,2088,2262
43480,134741,22729,64873,16574,112012,4351,2089,2262
43485,134751,22730,64876,16574,112021,4351,2089,2262
43490,134772,22735,64888,16577,112035,4352,2089,2263
43495,134782,22738,64893,16580,112042,4352,2089,2263
43500,134803,22741,64904,16582,112059,4353,2090,2263
43505,134813,22744,64909,16584,112067,4353,2090,2263
43510,134834,22746,64919,16585,112086,4354,2090,2264
43515,134844,22749,64922,16587,112094,4354,2090,2264
43520,134865,22753,64935,16591,112111,4355,2090,2265
43525,134875,22755,64938,16592,112119,4355,2090,2265
43530,134896,22759,64951,16596,112135,4356,2091,2265
43535,134906,22761,64955,16597,112145,4356,2091,2265
43540,134927,22764,64964,16599,112162,4357,2091,2266
43545,134937,22766,64970,16601,112170,4357,2091,2266
43550,134958,22771,64979,16605,112185,4358,2091,2267
43555,134968,22774,64985,16607,112193,4358,2091,2267
43560,134989,22780,64996,16612,112207,4359,2092,2267
43565,134999,22781,65003,16613,112217,4359,2092,2267
43570,135020,22785,65009,16615,112234,4360,2092,2268
43575,135030,22786,65017,16616,112243,4360,2092,2268
43580,135051,22791,65027,16619,112258,4361,2093,2268
43585,135061,22792,65031,16620,112268,4361,2093,2268
43590,135082,22797,65041,16624,112284,4362,2093,2269
43595,135092,22798,65047,16625,112294,4362,2093,2269
43600,135113,22803,65058,16628,112309,4363,2093,2270
43605,135123,22803,65064,16628,112318,4363,2093,2270
43610,135144,22809,65075,16632,112334,4364,2094,2270
43615,135154,22810,65078,16633,112344,4364,2094,2270
43620,135175,22814,65086,16635,112361,4365,2095,2270
43625,135185,22815,65093,16636,112369,4365,2095,2270
43630,135206,22818,65103,16639,112388,4366,2095,2271
43635,135216,22818,65106,16639,112398,4366,2095,2271
43640,135237,22820,65111,16641,112417,4367,2095,2272
43645,135247,22820,65118,16641,112427,4367,2095,2272
43650,135268,22823,65130,16643,112445,4368,2096,2272
43655,135278,22823,65132,16643,112455,4368,2096,2272
43660,135299,22826,65143,16646,112473,4369,2096,2273
43665,135309,22826,65148,16646,112483,4369,2096,2273
43670,135330,22830,65155,16648,112499,4370,2096,2274
43675,135340,22831,65162,16648,112507,4370,2096,2274
43680,135361,22835,65173,16652,112525,4371,2096,2275
43685,135371,22836,65175,16652,112534,4371,2096,2275
43690,135392,22839,65186,16654,112552,4372,2096,2276
43695,135402,22840,65190,16654,112561,4372,2096,2276
43700,135423,22844,65202,16656,112579,4373,2097,2276
43705,135433,22845,65208,16657,112586,4373,2097,2276
43710,135454,22848,65215,16658,112603,4374,2097,2277
43715,135464,22851,65218,16660,112612,4374,2097,2277
43720,135485,22856,65229,16663,112626,4375,2098,2277
43725,135495,22859,65234,16665,112635,4375,2098,2277
43730,135516,22863,65243,16667,112650,4376,2099,2277
43735,135526,22867,65247,16671,112659,4376,2099,2277
43740,135547,22874,65261,16677,112669,4377,2100,2277
43745,135557,22876,65264,16679,112681,4377,2100,2277
43750,135578,22879,65271,16681,112699,4378,2100,2278
43755,135588,22879,65275,16681,112708,4378,2100,2278
43760,135609,22884,65286,16685,112723,4379,2101,2278
43765,135619,22885,65288,16686,112734,4379,2101,2278
43770,135640,22888,65296,16687,112751,4380,2101,2279
43775,135650,22889,65302,16688,112761,4380,2101,2279
43780,135671,22893,65310,16692,112777,4381,2101,2280
43785,135681,22894,65316,16693,112786,4381,2101,2280
43790,135702,22899,65325,16695,112803,4382,2102,2280
43795,135712,22899,65333,16695,112812,4382,2102,2280
43800,135733,22903,65340,16697,112829,4383,2103,2280
43805,135743,22905,65347,16699,112838,4383,2103,2280
43810,135764,22909,65358,16701,112855,4384,2103,2281
43815,135774,22909,65362,16701,112864,4384,2103,2281
43820,135795,22914,65376,16705,112881,4385,2104,2281
43825,135805,22915,65380,16706,112890,4385,2104,2281
43830,135826,22919,65390,16709,112907,4386,2104,2282
43835,135836,22921,65398,16711,112914,4386,2104,2282
43840,135857,22927,65412,16716,112930,4387,2105,2282
43845,135867,22928,65417,16717,112937,4387,2105,2282
43850,135888,22930,65426,16717,112958,4388,2105,2283
43855,135898,22932,65431,16718,112965,4388,2105,2283
43860,135919,22936,65443,16721,112983,4389,2105,2284
43865,135929,22937,65447,16722,112992,4389,2105,2284
43870,135950,22940,65456,16724,113007,4390,2106,2284
43875,135960,22944,65460,16727,113015,4390,2106,2284
43880,135981,22948,65470,16729,113030,4391,2107,2284
43885,135991,22953,65476,16734,113038,4391,2107,2284
43890,136012,22959,65490,16740,113050,4392,2107,2285
43895,136022,22963,65494,16744,113059,4392,2107,2285
43900,136043,22965,65505,16745,113076,4393,2107,2286
43905,136053,22965,65513,16745,113088,4393,2107,2286
43910,136074,22968,65523,16748,113106,4394,2108,2286
43915,136084,22968,65526,16748,113116,4394,2108,2286
43920,136105,22971,65539,16751,113133,4395,2109,2286
43925,136115,22971,65544,16751,113144,4395,2109,2286
43930,136136,22974,65555,16753,113162,4396,2109,2287
43935,136146,22974,65560,16753,113172,4396,2109,2287
43940,136167,22977,65569,16755,113190,4397,2109,2288
43945,136177,22977,65573,16755,113200,4397,2109,2288
43950,136198,22981,65581,16757,113215,4398,2109,2289
43955,136208,22982,65585,16758,113225,4398,2109,2289
43960,136229,22986,65594,16761,113243,4399,2109,2290
43965,136239,22986,65599,16761,113253,4399,2109,2290
43970,136260,22991,65610,16764,113269,4400,2110,2290
43975,136270,22991,65613,16764,113279,4400,2110,2290
43980,136291,22995,65625,16768,113294,4401,2110,2291
43985,136301,22997,65626,16770,113304,4401,2110,2291
43990,136322,23003,65638,16774,113318,4402,2111,2291
43995,136332,23005,65645,16776,113324,4402,2111,2291
44000,136353,23015,65654,16784,113337,4403,2112,2291
44005,136363,23016,65658,16785,113346,4403,2112,2291
44010,136384,23018,65667,16785,113365,4404,2113,2291
44015,136394,23019,65673,16786,113374,4404,2113,2291
44020,136415,23021,65684,16787,113394,4405,2113,2292
44025,136425,23022,65686,16788,113403,4405,2113,2292
44030,136446,23027,65696,16793,113418,4406,2113,2293
44035,136456,23029,65700,16795,113427,4406,2113,2293
44040,136477,23033,65712,16799,113442,4407,2114,2293
44045,136487,23036,65715,16801,113451,4407,2114,2293
44050,136508,23040,65728,16805,113464,4408,2115,2293
44055,136518,23046,65733,16811,113472,4408,2115,2293
44060,136539,23051,65742,16815,113488,4409,2115,2294
44065,136549,23053,65751,16817,113496,4409,2115,2294
44070,136570,23055,65764,16819,113515,4410,2116,2294
44075,136580,23055,65769,16819,113525,4410,2116,2294
44080,136601,23058,65781,16821,113543,4411,2117,2294
44085,136611,23058,65786,16821,113553,4411,2117,2294
44090,136632,23061,65798,16823,113571,4412,2117,2295
44095,136642,23061,65805,16823,113581,4412,2117,2295
44100,136663,23063,65809,16824,113600,4413,2117,2296
44105,136673,23063,65811,16824,113610,4413,2117,2296
44110,136694,23064,65817,16824,113629,4414,2117,2297
44115,136704,23065,65823,16825,113639,4414,2117,2297
44120,136725,23068,65832,16827,113657,4415,2118,2297
44125,136735,23068,65839,16827,113666,4415,2118,2297
44130,136756,23072,65850,16831,113684,4416,2119,2297
44135,136766,23073,65855,16832,113692,4416,2119,2297
44140,136787,23077,65869,16836,113708,4417,2120,2297
44145,136797,23079,65874,16838,113717,4417,2120,2297
44150,136818,23085,65884,16844,113732,4418,2120,2298
44155,136828,23087,65891,16846,113738,4418,2120,2298
44160,136849,23092,65899,16850,113756,4419,2120,2299
44165,136859,23092,65905,16850,113767,4419,2120,2299
44170,136880,23093,65917,16851,113786,4420,2120,2300
44175,136890,23094,65921,16852,113795,4420,2120,2300
44180,136911,23096,65937,16854,113814,4421,2120,2301
44185,136921,23097,65942,16854,113823,4421,2120,2301
44190,136942,23098,65951,16854,113843,4422,2121,2301
44195,136952,23099,65955,16855,113853,4422,2121,2301
44200,136973,23101,65969,16857,113869,4423,2121,2302
44205,136983,23105,65971,16861,113878,4423,2121,2302
44210,137004,23108,65975,16863,113895,4424,2121,2303
44215,137014,23110,65977,16865,113904,4424,2121,2303
44220,137035,23114,65986,16868,113919,4425,2122,2303
44225,137045,23116,65988,16869,113929,4425,2122,2303
44230,137066,23120,65996,16872,113944,4426,2123,2303
44235,137076,23123,66002,16875,113953,4426,2123,2303
44240,137097,23128,66012,16878,113967,4427,2124,2303
44245,137107,23130,66018,16880,113977,4427,2124,2303
44250,137128,23133,66025,16882,113994,4428,2125,2303
44255,137138,23133,66030,16882,114005,4428,2125,2303
44260,137159,23136,66038,16884,114022,4429,2125,2304
44265,137169,23136,66044,16884,114032,4429,2125,2304
44270,137190,23142,66057,16888,114047,4430,2126,2304
44275,137200,23142,66062,16888,114057,4430,2126,2304
44280,137221,23146,66072,16892,114074,4431,2126,2305
44285,137231,23147,66073,16893,114083,4431,2126,2305
44290,137252,23151,66083,16896,114101,4432,2127,2305
44295,137262,23152,66089,16897,114108,4432,2127,2305
44300,137283,23159,66096,16902,114124,4433,2127,2306
44305,137293,23159,66101,16902,114132,4433,2127,2306
44310,137314,23166,66112,16907,114147,4434,2128,2306
44315,137324,23167,66116,16908,114156,4434,2128,2306
44320,137345,23173,66123,16912,114172,4435,2128,2307
44325,137355,23173,66128,16912,114182,4435,2128,2307
44330,137376,23175,66140,16913,114201,4436,2129,2307
44335,137386,23175,66146,16913,114211,4436,2129,2307
44340,137407,23177,66156,16914,114230,4437,2129,2308
44345,137417,23177,66161,16914,114240,4437,2129,2308
44350,137438,23180,66172,16917,114258,4438,2129,2309
44355,137448,23181,66176,16917,114267,4438,2129,2309
44360,137469,23185,66188,16919,114284,4439,2130,2309
44365,137479,23187,66195,16920,114292,4439,2130,2309
44370,137500,23191,66210,16923,114309,4440,2131,2309
44375,137510,23192,66215,16924,114318,4440,2131,2309
44380,137531,23194,66220,16925,114336,4441,2131,2310
44385,137541,23196,66225,16926,114344,4441,2131,2310
44390,137562,23199,66233,16928,114362,4442,2131,2311
44395,137572,23202,66238,16931,114369,4442,2131,2311
44400,137593,23207,66249,16935,114383,4443,2132,2311
44405,137603,23211,66252,16938,114392,4443,2132,2311
44410,137624,23214,66264,16940,114408,4444,2133,2311
44415,137634,23218,66268,16944,114416,4444,2133,2311
44420,137655,23220,66276,16944,114433,4445,2133,2312
44425,137665,23224,66280,16947,114440,4445,2133,2312
44430,137686,23228,66290,16949,114456,4446,2133,2313
44435,137696,23228,66295,16949,114467,4446,2133,2313
44440,137717,23232,66305,16952,114483,4447,2134,2313
44445,137727,23233,66310,16953,114493,4447,2134,2313
44450,137748,23237,66319,16955,114510,4448,2134,2314
44455,137758,23239,66324,16957,114517,4448,2134,2314
44460,137779,23246,66333,16962,114532,4449,2135,2314
44465,137789,23247,66340,16963,114542,4449,2135,2314
44470,137810,23251,66349,16964,114558,4450,2136,2314
44475,137820,23252,66352,16965,114567,4450,2136,2314
44480,137841,23256,66363,16968,114585,4451,2137,2314
44485,137851,23256,66365,16968,114594,4451,2137,2314
44490,137872,23261,66376,16972,114611,4452,2138,2314
44495,137882,23261,66379,16972,114621,4452,2138,2314
44500,137903,23264,66388,16972,114639,4453,2139,2314
44505,137913,23264,66394,16972,114648,4453,2139,2314
44510,137934,23268,66407,16976,114665,4454,2140,2314
44515,137944,23269,66412,16977,114674,4454,2140,2314
44520,137965,23274,66423,16981,114691,4455,2141,2314
44525,137975,23274,66430,16981,114701,4455,2141,2314
44530,137996,23276,66439,16982,114720,4456,2142,2314
44535,138006,23277,66444,16983,114728,4456,2142,2314
44540,138027,23280,66455,16986,114747,4457,2142,2315
44545,138037,23282,66460,16987,114755,4457,2142,2315
44550,138058,23286,66473,16990,114772,4458,2142,2316
44555,138068,23287,66480,16991,114779,4458,2142,2316
44560,138089,23291,66487,16994,114798,4459,2142,2317
44565,138099,23293,66494,16996,114804,4459,2142,2317
44570,138120,23296,66503,16999,114823,4460,2142,2318
44575,138130,23299,66508,17001,114830,4460,2142,2318
44580,138151,23304,66516,17004,114846,4461,2142,2319
44585,138161,23305,66522,17005,114855,4461,2142,2319
44590,138182,23309,66532,17008,114872,4462,2142,2320
44595,138192,23312,66537,17011,114880,4462,2142,2320
44600,138213,23315,66547,17012,114896,4463,2143,2320
44605,138223,23318,66550,17014,114905,4463,2143,2320
44610,138244,23320,66556,17015,114922,4464,2143,2321
44615,138254,23322,66563,17017,114932,4464,2143,2321
44620,138275,23325,66576,17020,114950,4465,2144,2321
44625,138285,23325,66581,17020,114959,4465,2144,2321
44630,138306,23329,66593,17022,114976,4466,2145,2321
44635,138316,23329,66600,17022,114987,4466,2145,2321
44640,138337,23332,66609,17023,115004,4467,2146,2321
44645,138347,23332,66612,17023,115015,4467,2146,2321
44650,138368,23336,66627,17027,115032,4468,2147,2321
44655,138378,23336,66634,17027,115042,4468,2147,2321
44660,138399,23340,66642,17028,115059,4469,2147,2322
44665,138409,23340,66645,17028,115069,4469,2147,2322
44670,138430,23343,66656,17031,115087,4470,2147,2323
44675,138440,23343,66661,17031,115096,4470,2147,2323
44680,138461,23347,66671,17033,115114,4471,2148,2323
44685,138471,23347,66675,17033,115123,4471,2148,2323
44690,138492,23352,66685,17037,115138,4472,2148,2324
44695,138502,23355,66689,17040,115145,4472,2148,2324
44700,138523,23362,66696,17046,115161,4473,2149,2324
44705,138533,23364,66704,17048,115165,4473,2149,2324
44710,138554,23372,66713,17054,115182,4474,2150,2324
44715,138564,23372,66717,17054,115191,4474,2150,2324
44720,138585,23376,66727,17057,115209,4475,2150,2325
44725,138595,23377,66733,17058,115215,4475,2150,2325
44730,138616,23379,66741,17059,115236,4476,2151,2325
44735,138626,23380,66744,17059,115246,4476,2151,2325
44740,138647,23383,66755,17061,115264,4477,2152,2325
44745,138657,23384,66759,17061,115273,4477,2152,2325
44750,138678,23388,66770,17064,115287,4478,2153,2325
44755,138688,23392,66773,17067,115296,4478,2153,2325
44760,138709,23395,66780,17069,115310,4479,2153,2326
44765,138719,23402,66787,17075,115317,4479,2153,2326
44770,138740,23407,66797,17079,115332,4480,2154,2326
44775,138750,23410,66804,17081,115340,4480,2154,2326
44780,138771,23412,66811,17083,115359,4481,2154,2327
44785,138781,23412,66814,17083,115369,4481,2154,2327
44790,138802,23415,66824,17085,115386,4482,2154,2328
44795,138812,23415,66827,17085,115397,4482,2154,2328
44800,138833,23418,66837,17087,115415,4483,2154,2329
44805,138843,23418,66843,17087,115425,4483,2154,2329
44810,138864,23420,66851,17087,115444,4484,2154,2330
44815,138874,23420,66855,17087,115453,4484,2154,2330
44820,138895,23424,66868,17091,115470,4485,2155,2330
44825,138905,23425,66873,17092,115480,4485,2155,2330
44830,138926,23430,66889,17097,115495,4486,2155,2331
44835,138936,23431,66893,17098,115504,4486,2155,2331
44840,138957,23437,66901,17103,115519,4487,2155,2332
44845,138967,23439,66907,17105,115527,4487,2155,2332
44850,138988,23446,66919,17110,115541,4488,2156,2332
44855,138998,23449,66926,17113,115547,4488,2156,2332
44860,139019,23455,66938,17117,115564,4489,2157,2332
44865,139029,23455,66944,17117,115573,4489,2157,2332
44870,139050,23458,66955,17119,115592,4490,2157,2333
44875,139060,23458,66961,17119,115601,4490,2157,2333
44880,139081,23460,66973,17119,115621,4491,2158,2333
44885,139091,23461,66978,17120,115630,4491,2158,2333
44890,139112,23463,66984,17121,115649,4492,2158,2334
44895,139122,23464,66991,17122,115658,4492,2158,2334
44900,139143,23466,66998,17123,115677,4493,2158,2335
44905,139153,23467,67001,17123,115686,4493,2158,2335
44910,139174,23470,67009,17125,115704,4494,2158,2336
44915,139184,23471,67014,17126,115713,4494,2158,2336
44920,139205,23475,67025,17129,115730,4495,2159,2336
44925,139215,23476,67032,17130,115739,4495,2159,2336
44930,139236,23478,67041,17132,115758,4496,2160,2336
44935,139246,23480,67046,17133,115766,4496,2160,2336
44940,139267,23483,67059,17135,115783,4497,2160,2337
44945,139277,23486,67063,17137,115791,4497,2160,2337
44950,139298,23489,67073,17139,115807,4498,2161,2337
44955,139308,23492,67078,17141,115816,4498,2161,2337
44960,139329,23495,67089,17143,115831,4499,2162,2337
44965,139339,23500,67095,17147,115839,4499,2162,2337
44970,139360,23503,67105,17148,115853,4500,2162,2338
44975,139370,23509,67112,17153,115860,4500,2162,2338
44980,139391,23514,67120,17156,115874,4501,2163,2338
44985,139401,23516,67128,17158,115883,4501,2163,2338
44990,139422,23524,67141,17165,115896,4502,2163,2339
44995,139432,23526,67144,17167,115906,4502,2163,2339
45000,139453,23531,67157,17171,115920,4503,2164,2339
45005,139463,23532,67163,17172,115929,4503,2164,2339
45010,139484,23537,67174,17176,115946,4504,2165,2339
45015,139494,23538,67179,17177,115954,4504,2165,2339
45020,139515,23544,67187,17182,115971,4505,2165,2340
45025,139525,23545,67194,17183,115978,4505,2165,2340
45030,139546,23547,67205,17185,115998,4506,2165,2341
45035,139556,23547,67210,17185,116009,4506,2165,2341
45040,139577,23549,67217,17185,116027,4507,2165,2342
45045,139587,23549,67219,17185,116038,4507,2165,2342
45050,139608,23551,67229,17187,116057,4508,2165,2343
45055,139618,23551,67234,17187,116066,4508,2165,2343
45060,139639,23553,67244,17187,116085,4509,2166,2343
45065,139649,23553,67250,17187,116095,4509,2166,2343
45070,139670,23556,67262,17190,116114,4510,2167,2343
45075,139680,23556,67264,17190,116124,4510,2167,2343
45080,139701,23559,67278,17193,116142,4511,2168,2343
45085,139711,23559,67283,17193,116152,4511,2168,2343
45090,139732,23562,67294,17196,116170,4512,2169,2343
45095,139742,23564,67300,17198,116178,4512,2169,2343
45100,139763,23570,67308,17203,116192,4513,2169,2344
45105,139773,23574,67312,17207,116199,4513,2169,2344
45110,139794,23576,67321,17209,116215,4514,2170,2344
45115,139804,23579,67326,17211,116225,4514,2170,2344
45120,139825,23585,67338,17216,116238,4515,2170,2345
45125,139835,23588,67342,17218,116247,4515,2170,2345
45130,139856,23593,67353,17223,116262,4516,2171,2345
45135,139866,23593,67357,17223,116273,4516,2171,2345
45140,139887,23598,67364,17225,116289,4517,2171,2346
45145,139897,23598,67369,17225,116298,4517,2171,2346
45150,139918,23604,67377,17230,116313,4518,2171,2347
45155,139928,23606,67383,17232,116321,4518,2171,2347
45160,139949,23610,67392,17236,116338,4519,2171,2348
45165,139959,23612,67399,17238,116345,4519,2171,2348
45170,139980,23618,67410,17242,116361,4520,2171,2349
45175,139990,23619,67413,17243,116370,4520,2171,2349
45180,140011,23625,67422,17247,116385,4521,2171,2350
45185,140021,23627,67429,17249,116394,4521,2171,2350
45190,140042,23630,67436,17250,116412,4522,2172,2350
45195,140052,23630,67442,17250,116421,4522,2172,2350
45200,140073,23632,67456,17251,116441,4523,2173,2350
45205,140083,23632,67461,17251,116450,4523,2173,2350
45210,140104,23634,67471,17252,116470,4524,2174,2350
45215,140114,23634,67472,17252,116480,4524,2174,2350
45220,140135,23636,67485,17253,116498,4525,2175,2350
45225,140145,23636,67490,17253,116507,4525,2175,2350
45230,140166,23639,67496,17255,116527,4526,2175,2351
45235,140176,23639,67498,17255,116536,4526,2175,2351
45240,140197,23642,67508,17257,116555,4527,2175,2352
45245,140207,23644,67515,17259,116563,4527,2175,2352
45250,140228,23647,67524,17260,116581,4528,2175,2353
45255,140238,23648,67530,17261,116590,4528,2175,2353
45260,140259,23651,67535,17263,116608,4529,2175,2354
45265,140269,23653,67541,17264,116616,4529,2175,2354
45270,140290,23655,67546,17264,116635,4530,2175,2355
45275,140300,23656,67552,17265,116644,4530,2175,2355
45280,140321,23660,67560,17267,116661,4531,2175,2356
45285,140331,23661,67562,17267,116670,4531,2175,2356
45290,140352,23668,67573,17273,116681,4532,2175,2357
45295,140362,23674,67577,17278,116688,4532,2175,2357
45300,140383,23680,67587,17283,116701,4533,2175,2358
45305,140393,23681,67595,17284,116711,4533,2175,2358
45310,140414,23686,67603,17286,116728,4534,2175,2359
45315,140424,23686,67611,17286,116738,4534,2175,2359
45320,140445,23690,67624,17290,116754,4535,2175,2360
45325,140455,23690,67626,17290,116765,4535,2175,2360
45330,140476,23694,67638,17293,116781,4536,2176,2360
45335,140486,23695,67642,17294,116791,4536,2176,2360
45340,140507,23699,67649,17296,116808,4537,2176,2361
45345,140517,23699,67652,17296,116818,4537,2176,2361
45350,140538,23702,67658,17298,116836,4538,2176,2362
45355,140548,23702,67662,17298,116846,4538,2176,2362
45360,140569,23707,67671,17302,116860,4539,2176,2363
45365,140579,23710,67676,17305,116867,4539,2176,2363
45370,140600,23717,67686,17309,116882,4540,2177,2363
45375,140610,23718,67688,17310,116890,4540,2177,2363
45380,140631,23726,67696,17315,116905,4541,2177,2364
45385,140641,23726,67699,17315,116914,4541,2177,2364
45390,140662,23728,67713,17317,116933,4542,2177,2365
45395,140672,23728,67717,17317,116944,4542,2177,2365
45400,140693,23731,67732,17320,116961,4543,2178,2365
45405,140703,23731,67736,17320,116972,4543,2178,2365
45410,140724,23734,67747,17322,116989,4544,2178,2366
45415,140734,23735,67751,17323,116999,4544,2178,2366
45420,140755,23737,67761,17323,117018,4545,2179,2366
45425,140765,23738,67767,17324,117027,4545,2179,2366
45430,140786,23740,67772,17324,117046,4546,2179,2367
45435,140796,23741,67778,17325,117055,4546,2179,2367
45440,140817,23743,67787,17326,117074,4547,2180,2367
45445,140827,23744,67791,17326,117083,4547,2180,2367
45450,140848,23747,67800,17328,117101,4548,2181,2367
45455,140858,23748,67806,17328,117110,4548,2181,2367
45460,140879,23750,67819,17329,117129,4549,2182,2367
45465,140889,23752,67827,17331,117137,4549,2182,2367
45470,140910,23756,67833,17333,117154,4550,2182,2368
45475,140920,23758,67836,17334,117162,4550,2182,2368
45480,140941,23762,67845,17336,117176,4551,2182,2369
45485,140951,23767,67849,17341,117183,4551,2182,2369
45490,140972,23775,67860,17348,117196,4552,2182,2370
45495,140982,23778,67866,17351,117204,4552,2182,2370
45500,141003,23783,67876,17355,117218,4553,2183,2370
45505,141013,23788,67882,17359,117224,4553,2183,2370
45510,141034,23794,67890,17362,117239,4554,2184,2370
45515,141044,23795,67894,17363,117248,4554,2184,2370
45520,141065,23800,67903,17366,117264,4555,2184,2371
45525,141075,23802,67907,17368,117273,4555,2184,2371
45530,141096,23806,67915,17369,117289,4556,2185,2371
45535,141106,23808,67922,17371,117294,4556,2185,2371
45540,141127,23818,67934,17379,117308,4557,2186,2371
45545,141137,23818,67937,17379,117319,4557,2186,2371
45550,141158,23820,67945,17381,117337,4558,2187,2371
45555,141168,23820,67949,17381,117347,4558,2187,2371
45560,141189,23822,67959,17383,117366,4559,2187,2372
45565,141199,23822,67962,17383,117375,4559,2187,2372
45570,141220,23824,67968,17383,117395,4560,2187,2373
45575,141230,23824,67973,17383,117405,4560,2187,2373
45580,141251,23826,67987,17384,117424,4561,2187,2374
45585,141261,23826,67992,17384,117435,4561,2187,2374
45590,141282,23828,68004,17384,117453,4562,2188,2374
45595,141292,23828,68008,17384,117464,4562,2188,2374
45600,141313,23830,68016,17385,117483,4563,2189,2374
45605,141323,23830,68019,17385,117493,4563,2189,2374
45610,141344,23833,68028,17387,117510,4564,2190,2374
45615,141354,23833,68033,17387,117521,4564,2190,2374
45620,141375,23835,68041,17388,117539,4565,2191,2374
45625,141385,23836,68046,17389,117549,4565,2191,2374
45630,141406,23841,68058,17393,117565,4566,2192,2374
45635,141416,23843,68066,17395,117573,4566,2192,2374
45640,141437,23849,68075,17399,117586,4567,2192,2375
45645,141447,23851,68077,17400,117596,4567,2192,2375
45650,141468,23856,68090,17405,117611,4568,2193,2375
45655,141478,23858,68095,17407,117620,4568,2193,2375
45660,141499,23865,68108,17413,117632,4569,2194,2375
45665,141509,23868,68112,17416,117641,4569,2194,2375
45670,141530,23871,68119,17417,117658,4570,2194,2376
45675,141540,23873,68120,17418,117667,4570,2194,2376
45680,141561,23879,68131,17422,117681,4571,2195,2376
45685,141571,23882,68135,17424,117688,4571,2195,2376
45690,141592,23886,68139,17427,117706,4572,2195,2377
45695,141602,23889,68145,17429,117712,4572,2195,2377
45700,141623,23896,68159,17434,117726,4573,2196,2377
45705,141633,23897,68163,17435,117735,4573,2196,2377
45710,141654,23903,68173,17438,117749,4574,2196,2378
45715,141664,23905,68178,17440,117757,4574,2196,2378
45720,141685,23910,68185,17443,117775,4575,2197,2378
45725,141695,23911,68189,17444,117784,4575,2197,2378
45730,141716,23913,68201,17446,117803,4576,2198,2378
45735,141726,23913,68207,17446,117813,4576,2198,2378
45740,141747,23916,68220,17448,117831,4577,2198,2379
45745,141757,23916,68224,17448,117841,4577,2198,2379
45750,141778,23919,68236,17449,117859,4578,2199,2379
45755,141788,23919,68239,17449,117869,4578,2199,2379
45760,141809,23921,68248,17449,117888,4579,2199,2380
45765,141819,23921,68254,17449,117898,4579,2199,2380
45770,141840,23923,68263,17449,117917,4580,2200,2380
45775,141850,23923,68266,17449,117926,4580,2200,2380
45780,141871,23925,68273,17450,117946,4581,2200,2381
45785,141881,23925,68277,17450,117956,4581,2200,2381
45790,141902,23928,68289,17453,117974,4582,2200,2382
45795,141912,23928,68294,17453,117983,4582,2200,2382
45800,141933,23931,68302,17455,118002,4583,2200,2383
45805,141943,23932,68310,17455,118010,4583,2200,2383
45810,141964,23934,68317,17455,118030,4584,2200,2384
45815,141974,23935,68319,17455,118039,4584,2200,2384
45820,141995,23937,68331,17456,118058,4585,2201,2384
45825,142005,23938,68337,17457,118067,4585,2201,2384
45830,142026,23941,68351,17459,118079,4586,2202,2384
45835,142036,23947,68356,17465,118089,4586,2202,2384
45840,142057,23951,68369,17469,118101,4587,2202,2385
45845,142067,23956,68372,17474,118110,4587,2202,2385
45850,142088,23961,68383,17477,118122,4588,2202,2386
45855,142098,23966,68390,17481,118131,4588,2202,2386
45860,142119,23971,68398,17484,118148,4589,2203,2386
45865,142129,23972,68405,17485,118157,4589,2203,2386
45870,142150,23978,68418,17490,118170,4590,2203,2387
45875,142160,23981,68422,17493,118179,4590,2203,2387
45880,142181,23985,68429,17496,118195,4591,2204,2387
45885,142191,23988,68436,17498,118202,4591,2204,2387
45890,142212,23994,68445,17501,118215,4592,2204,2388
45895,142222,23997,68447,17504,118225,4592,2204,2388
45900,142243,24002,68456,17507,118240,4593,2204,2389
45905,142253,24003,68459,17508,118249,4593,2204,2389
45910,142274,24007,68469,17511,118266,4594,2205,2389
45915,142284,24007,68471,17511,118275,4594,2205,2389
45920,142305,24013,68479,17515,118291,4595,2206,2389
45925,142315,24014,68484,17516,118300,4595,2206,2389
45930,142336,24017,68493,17519,118318,4596,2206,2390
45935,142346,24017,68500,17519,118327,4596,2206,2390
45940,142367,24019,68508,17520,118347,4597,2207,2390
45945,142377,24019,68512,17520,118356,4597,2207,2390
45950,142398,24021,68521,17521,118377,4598,2208,2390
45955,142408,24021,68524,17521,118387,4598,2208,2390
45960,142429,24024,68534,17522,118404,4599,2209,2390
45965,142439,24024,68537,17522,118415,4599,2209,2390
45970,142460,24027,68545,17524,118433,4600,2209,2391
45975,142470,24027,68549,17524,118443,4600,2209,2391
45980,142491,24030,68558,17527,118461,4601,2209,2392
45985,142501,24030,68561,17527,118471,4601,2209,2392
45990,142522,24033,68576,17530,118489,4602,2210,2392
45995,142532,24035,68581,17531,118497,4602,2210,2392
46000,142553,24039,68590,17534,118514,4603,2210,2393
46005,142563,24040,68594,17534,118523,4603,2210,2393
46010,142584,24044,68603,17536,118540,4604,2211,2393
46015,142594,24045,68606,17536,118549,4604,2211,2393
46020,142615,24047,68619,17536,118568,4605,2212,2393
46025,142625,24049,68627,17538,118576,4605,2212,2393
46030,142646,24051,68636,17540,118595,4606,2212,2394
46035,142656,24052,68640,17540,118603,4606,2212,2394
46040,142677,24057,68653,17544,118620,4607,2213,2394
46045,142687,24059,68660,17546,118628,4607,2213,2394
46050,142708,24063,68671,17549,118644,4608,2213,2395
46055,142718,24065,68677,17550,118652,4608,2213,2395
46060,142739,24068,68690,17552,118671,4609,2214,2395
46065,142749,24070,68696,17554,118679,4609,2214,2395
46070,142770,24074,68705,17556,118693,4610,2215,2395
46075,142780,24077,68707,17559,118703,4610,2215,2395
46080,142801,24080,68714,17560,118721,4611,2215,2396
46085,142811,24080,68716,17560,118731,4611,2215,2396
46090,142832,24082,68731,17562,118749,4612,2216,2396
46095,142842,24083,68737,17563,118758,4612,2216,2396
46100,142863,24086,68745,17566,118777,4613,2216,2397
46105,142873,24086,68749,17566,118786,4613,2216,2397
46110,142894,24089,68760,17568,118804,4614,2216,2398
46115,142904,24089,68765,17568,118814,4614,2216,2398
46120,142925,24092,68771,17569,118832,4615,2216,2399
46125,142935,24093,68776,17570,118840,4615,2216,2399
46130,142956,24100,68785,17577,118856,4616,2216,2400
46135,142966,24101,68790,17578,118863,4616,2216,2400
46140,142987,24109,68803,17585,118877,4617,2217,2400
46145,142997,24110,68808,17586,118885,4617,2217,2400
46150,143018,24113,68817,17587,118905,4618,2218,2400
46155,143028,24113,68823,17587,118913,4618,2218,2400
46160,143049,24116,68833,17588,118933,4619,2218,2401
46165,143059,24116,68835,17588,118942,4619,2218,2401
46170,143080,24119,68844,17590,118961,4620,2218,2402
46175,143090,24119,68848,17590,118970,4620,2218,2402
46180,143111,24121,68858,17591,118990,4621,2219,2402
46185,143121,24122,68861,17591,118999,4621,2219,2402
46190,143142,24124,68874,17591,119018,4622,2219,2403
46195,143152,24125,68879,17592,119027,4622,2219,2403
46200,143173,24127,68889,17594,119046,4623,2219,2404
46205,143183,24128,68896,17594,119055,4623,2219,2404
46210,143204,24130,68906,17594,119074,4624,2220,2404
46215,143214,24131,68912,17595,119083,4624,2220,2404
46220,143235,24135,68924,17598,119100,4625,2221,2404
46225,143245,24136,68925,17598,119109,4625,2221,2404
46230,143266,24139,68934,17600,119127,4626,2222,2404
46235,143276,24140,68938,17600,119136,4626,2222,2404
46240,143297,24143,68947,17602,119154,4627,2223,2404
46245,143307,24144,68951,17603,119163,4627,2223,2404
46250,143328,24151,68958,17607,119177,4628,2223,2405
46255,143338,24154,68963,17609,119184,4628,2223,2405
46260,143359,24162,68974,17616,119196,4629,2223,2406
46265,143369,24165,68979,17618,119203,4629,2223,2406
46270,143390,24170,68985,17620,119219,4630,2223,2407
46275,143400,24173,68990,17623,119227,4630,2223,2407
46280,143421,24178,69000,17625,119241,4631,2224,2407
46285,143431,24183,69004,17630,119247,4631,2224,2407
46290,143452,24190,69015,17636,119260,4632,2224,2408
46295,143462,24193,69020,17639,119267,4632,2224,2408
46300,143483,24199,69028,17643,119282,4633,2225,2408
46305,143493,24200,69032,17644,119291,4633,2225,2408
46310,143514,24202,69042,17646,119311,4634,2225,2409
46315,143524,24202,69046,17646,119320,4634,2225,2409
46320,143545,24204,69056,17647,119341,4635,2226,2409
46325,143555,24204,69060,17647,119351,4635,2226,2409
46330,143576,24206,69070,17648,119370,4636,2226,2410
46335,143586,24206,69072,17648,119380,4636,2226,2410
46340,143607,24209,69080,17649,119398,4637,2226,2411
46345,143617,24209,69084,17649,119407,4637,2226,2411
46350,143638,24211,69097,17651,119426,4638,2226,2412
46355,143648,24211,69100,17651,119437,4638,2226,2412
46360,143669,24214,69110,17653,119455,4639,2227,2412
46365,143679,24214,69112,17653,119465,4639,2227,2412
46370,143700,24216,69119,17654,119484,4640,2227,2413
46375,143710,24216,69123,17654,119494,4640,2227,2413
46380,143731,24219,69132,17656,119511,4641,2228,2413
46385,143741,24219,69134,17656,119522,4641,2228,2413
46390,143762,24222,69142,17657,119539,4642,2228,2414
46395,143772,24223,69146,17658,119549,4642,2228,2414
46400,143793,24226,69158,17661,119566,4643,2229,2414
46405,143803,24227,69161,17661,119576,4643,2229,2414
46410,143824,24231,69173,17663,119592,4644,2230,2414
46415,143834,24233,69177,17664,119600,4644,2230,2414
46420,143855,24239,69187,17669,119615,4645,2230,2415
46425,143865,24240,69190,17669,119625,4645,2230,2415
46430,143886,24245,69199,17673,119640,4646,2230,2416
46435,143896,24247,69203,17674,119648,4646,2230,2416
46440,143917,24253,69213,17680,119664,4647,2230,2417
46445,143927,24255,69217,17681,119671,4647,2230,2417
46450,143948,24261,69228,17686,119687,4648,2231,2417
46455,143958,24264,69235,17689,119693,4648,2231,2417
46460,143979,24273,69247,17697,119703,4649,2231,2418
46465,143989,24278,69252,17702,119711,4649,2231,2418
46470,144010,24285,69260,17706,119724,4650,2232,2418
46475,144020,24289,69266,17710,119729,4650,2232,2418
46480,144041,24298,69275,17717,119742,4651,2232,2419
46485,144051,24299,69278,17718,119752,4651,2232,2419
46490,144072,24302,69290,17719,119770,4652,2232,2420
46495,144082,24302,69293,17719,119780,4652,2232,2420
46500,144103,24305,69306,17721,119798,4653,2233,2420
46505,144113,24305,69309,17721,119808,4653,2233,2420
46510,144134,24307,69314,17721,119827,4654,2234,2420
46515,144144,24307,69319,17721,119837,4654,2234,2420
46520,144165,24310,69330,17722,119855,4655,2234,2421
46525,144175,24310,69336,17722,119865,4655,2234,2421
46530,144196,24312,69343,17724,119884,4656,2235,2421
46535,144206,24312,69350,17724,119894,4656,2235,2421
46540,144227,24315,69356,17725,119912,4657,2235,2422
46545,144237,24315,69358,17725,119922,4657,2235,2422
46550,144258,24318,69370,17728,119940,4658,2236,2422
46555,144268,24318,69374,17728,119950,4658,2236,2422
46560,144289,24321,69386,17731,119968,4659,2237,2422
46565,144299,24321,69393,17731,119976,4659,2237,2422
46570,144320,24323,69405,17732,119997,4660,2237,2423
46575,144330,24323,69409,17732,120007,4660,2237,2423
46580,144351,24326,69416,17734,120024,4661,2237,2424
46585,144361,24326,69420,17734,120034,4661,2237,2424
46590,144382,24330,69428,17736,120051,4662,2237,2425
46595,144392,24332,69432,17738,120060,4662,2237,2425
46600,144413,24335,69440,17739,120078,4663,2238,2425
46605,144423,24337,69446,17741,120083,4663,2238,2425
46610,144444,24342,69452,17743,120101,4664,2239,2425
46615,144454,24345,69456,17746,120108,4664,2239,2425
46620,144475,24349,69463,17748,120125,4665,2239,2426
46625,144485,24351,69466,17749,120134,4665,2239,2426
46630,144506,24354,69475,17750,120148,4666,2240,2426
46635,144516,24360,69482,17756,120154,4666,2240,2426
46640,144537,24366,69489,17760,120168,4667,2240,2427
46645,144547,24370,69493,17763,120177,4667,2240,2427
46650,144568,24375,69504,17767,120190,4668,2240,2428
46655,144578,24381,69509,17772,120196,4668,2240,2428
46660,144599,24391,69521,17781,120207,4669,2240,2429
46665,144609,24392,69528,17782,120216,4669,2240,2429
46670,144630,24398,69539,17787,120231,4670,2240,2430
46675,144640,24398,69544,17787,120242,4670,2240,2430
46680,144661,24401,69557,17790,120260,4671,2240,2431
46685,144671,24401,69564,17790,120270,4671,2240,2431
46690,144692,24403,69576,17792,120289,4672,2241,2431
46695,144702,24403,69579,17792,120299,4672,2241,2431
46700,144723,24405,69587,17794,120318,4673,2241,2432
46705,144733,24405,69590,17794,120328,4673,2241,2432
46710,144754,24407,69600,17795,120347,4674,2241,2433
46715,144764,24407,69605,17795,120357,4674,2241,2433
46720,144785,24410,69614,17796,120375,4675,2241,2434
46725,144795,24410,69618,17796,120385,4675,2241,2434
46730,144816,24412,69626,17797,120404,4676,2241,2435
46735,144826,24412,69632,17797,120414,4676,2241,2435
46740,144847,24415,69646,17798,120432,4677,2242,2435
46745,144857,24415,69653,17798,120441,4677,2242,2435
46750,144878,24417,69657,17799,120461,4678,2242,2436
46755,144888,24417,69663,17799,120471,4678,2242,2436
46760,144909,24419,69673,17799,120490,4679,2243,2436
46765,144919,24419,69677,17799,120499,4679,2243,2436
46770,144940,24423,69688,17802,120517,4680,2243,2437
46775,144950,24425,69692,17804,120525,4680,2243,2437
46780,144971,24430,69704,17809,120541,4681,2244,2437
46785,144981,24435,69712,17814,120543,4681,2244,2437
46790,145002,24445,69717,17821,120556,4682,2244,2438
46795,145012,24448,69721,17824,120563,4682,2244,2438
46800,145033,24455,69734,17830,120574,4683,2244,2439
46805,145043,24460,69741,17835,120582,4683,2244,2439
46810,145064,24465,69752,17838,120597,4684,2245,2439
46815,145074,24466,69759,17839,120607,4684,2245,2439
46820,145095,24471,69771,17844,120623,4685,2245,2440
46825,145105,24472,69776,17845,120632,4685,2245,2440
46830,145126,24477,69783,17849,120647,4686,2245,2441
46835,145136,24478,69785,17850,120657,4686,2245,2441
46840,145157,24482,69795,17853,120674,4687,2245,2442
46845,145167,24483,69798,17854,120683,4687,2245,2442
46850,145188,24488,69808,17857,120700,4688,2246,2442
46855,145198,24488,69814,17857,120710,4688,2246,2442
46860,145219,24491,69822,17858,120728,4689,2246,2443
46865,145229,24491,69827,17858,120738,4689,2246,2443
46870,145250,24494,69838,17859,120756,4690,2247,2443
46875,145260,24494,69843,17859,120766,4690,2247,2443
46880,145281,24496,69852,17859,120785,4691,2247,2444
46885,145291,24496,69856,17859,120795,4691,2247,2444
46890,145312,24499,69865,17861,120812,4692,2247,2445
46895,145322,24499,69872,17861,120823,4692,2247,2445
46900,145343,24502,69887,17864,120841,4693,2248,2445
46905,145353,24502,69890,17864,120851,4693,2248,2445
46910,145374,24505,69900,17866,120868,4694,2248,2446
46915,145384,24506,69904,17867,120876,4694,2248,2446
46920,145405,24509,69913,17869,120895,4695,2248,2447
46925,145415,24511,69918,17871,120903,4695,2248,2447
46930,145436,24514,69928,17874,120922,4696,2249,2447
46935,145446,24515,69932,17874,120929,4696,2249,2447
46940,145467,24518,69941,17877,120949,4697,2249,2448
46945,145477,24519,69946,17877,120956,4697,2249,2448
46950,145498,24524,69953,17880,120972,4698,2249,2449
46955,145508,24527,69958,17883,120981,4698,2249,2449
46960,145529,24533,69969,17888,120993,4699,2249,2450
46965,145539,24538,69976,17893,121000,4699,2249,2450
46970,145560,24545,69990,17899,121013,4700,2249,2451
46975,145570,24546,69995,17900,121024,4700,2249,2451
46980,145591,24550,70005,17902,121040,4701,2249,2452
46985,145601,24550,70010,17902,121051,4701,2249,2452
46990,145622,24553,70024,17905,121067,4702,2250,2452
46995,145632,24554,70032,17906,121077,4702,2250,2452
47000,145653,24560,70045,17911,121093,4703,2251,2452
47005,145663,24560,70051,17911,121103,4703,2251,2452
47010,145684,24564,70060,17912,121119,4704,2252,2452
47015,145694,24565,70062,17913,121129,4704,2252,2452
47020,145715,24569,70073,17915,121146,4705,2253,2452
47025,145725,24569,70074,17915,121156,4705,2253,2452
47030,145746,24573,70087,17919,121173,4706,2253,2453
47035,145756,24573,70092,17919,121183,4706,2253,2453
47040,145777,24577,70101,17921,121200,4707,2254,2453
47045,145787,24577,70106,17921,121209,4707,2254,2453
47050,145808,24581,70117,17924,121227,4708,2255,2453
47055,145818,24581,70123,17924,121237,4708,2255,2453
47060,145839,24586,70134,17926,121253,4709,2255,2454
47065,145849,24587,70140,17927,121261,4709,2255,2454
47070,145870,24594,70153,17932,121275,4710,2256,2454
47075,145880,24597,70157,17935,121282,4710,2256,2454
47080,145901,24603,70163,17939,121298,4711,2257,2454
47085,145911,24605,70166,17940,121306,4711,2257,2454
47090,145932,24610,70174,17944,121321,4712,2257,2455
47095,145942,24612,70180,17945,121328,4712,2257,2455
47100,145963,24615,70191,17948,121348,4713,2257,2456
47105,145973,24617,70198,17950,121355,4713,2257,2456
47110,145994,24619,70206,17952,121375,4714,2258,2456
47115,146004,24621,70210,17954,121383,4714,2258,2456
47120,146025,24623,70219,17954,121401,4715,2258,2457
47125,146035,24626,70224,17956,121408,4715,2258,2457
47130,146056,24630,70230,17959,121425,4716,2258,2458
47135,146066,24632,70236,17961,121434,4716,2258,2458
47140,146087,24636,70247,17964,121448,4717,2258,2459
47145,146097,24639,70251,17966,121458,4717,2258,2459
47150,146118,24643,70262,17969,121474,4718,2258,2460
47155,146128,24643,70269,17969,121485,4718,2258,2460
47160,146149,24646,70276,17971,121503,4719,2258,2461
47165,146159,24646,70279,17971,121513,4719,2258,2461
47170,146180,24648,70287,17971,121530,4720,2258,2462
47175,146190,24648,70292,17971,121542,4720,2258,2462
47180,146211,24650,70304,17973,121560,4721,2259,2462
47185,146221,24650,70308,17973,121571,4721,2259,2462
47190,146242,24654,70318,17976,121586,4722,2260,2462
47195,146252,24655,70321,17977,121597,4722,2260,2462
47200,146273,24658,70330,17979,121613,4723,2260,2463
47205,146283,24659,70335,17980,121624,4723,2260,2463
47210,146304,24663,70345,17982,121639,4724,2260,2464
47215,146314,24665,70350,17984,121647,4724,2260,2464
47220,146335,24673,70364,17991,121662,4725,2261,2464
47225,146345,24674,70367,17992,121671,4725,2261,2464
47230,146366,24680,70379,17997,121684,4726,2261,2465
47235,146376,24682,70383,17999,121693,4726,2261,2465
47240,146397,24686,70391,18002,121710,4727,2262,2465
47245,146407,24688,70394,18004,121718,4727,2262,2465
47250,146428,24689,70406,18005,121739,4728,2262,2466
47255,146438,24689,70411,18005,121749,4728,2262,2466
47260,146459,24691,70422,18006,121768,4729,2263,2466
47265,146469,24692,70426,18007,121777,4729,2263,2466
47270,146490,24693,70435,18008,121797,4730,2263,2467
47275,146500,24694,70443,18009,121806,4730,2263,2467
47280,146521,24696,70455,18011,121825,4731,2263,2468
47285,146531,24697,70460,18011,121834,4731,2263,2468
47290,146552,24698,70473,18011,121854,4732,2264,2468
47295,146562,24699,70479,18011,121863,4732,2264,2468
47300,146583,24700,70489,18012,121883,4733,2265,2468
47305,146593,24701,70494,18012,121892,4733,2265,2468
47310,146614,24704,70504,18015,121908,4734,2265,2469
47315,146624,24707,70510,18018,121917,4734,2265,2469
47320,146645,24708,70520,18018,121935,4735,2266,2469
47325,146655,24711,70525,18021,121944,4735,2266,2469
47330,146676,24714,70538,18024,121958,4736,2267,2469
47335,146686,24720,70545,18030,121966,4736,2267,2469
47340,146707,24724,70553,18032,121982,4737,2267,2470
47345,146717,24725,70559,18033,121992,4737,2267,2470
47350,146738,24728,70571,18035,122010,4738,2267,2471
47355,146748,24728,70580,18035,122019,4738,2267,2471
47360,146769,24733,70588,18038,122036,4739,2267,2472
47365,146779,24733,70591,18038,122046,4739,2267,2472
47370,146800,24736,70597,18040,122064,4740,2268,2472
47375,146810,24736,70601,18040,122074,4740,2268,2472
47380,146831,24739,70610,18042,122091,4741,2269,2472
47385,146841,24740,70615,18043,122099,4741,2269,2472
47390,146862,24746,70621,18046,122116,4742,2270,2472
47395,146872,24746,70624,18046,122125,4742,2270,2472
47400,146893,24753,70641,18053,122139,4743,2271,2472
47405,146903,24755,70647,18055,122147,4743,2271,2472
47410,146924,24761,70657,18060,122163,4744,2272,2472
47415,146934,24761,70661,18060,122173,4744,2272,2472
47420,146955,24764,70675,18061,122190,4745,2273,2472
47425,146965,24766,70681,18063,122198,4745,2273,2472
47430,146986,24771,70690,18065,122214,4746,2273,2473
47435,146996,24772,70696,18066,122223,4746,2273,2473
47440,147017,24776,70703,18068,122241,4747,2273,2474
47445,147027,24777,70709,18069,122249,4747,2273,2474
47450,147048,24780,70722,18071,122268,4748,2274,2474
47455,147058,24781,70726,18071,122277,4748,2274,2474
47460,147079,24784,70737,18073,122295,4749,2275,2474
47465,147089,24785,70742,18074,122304,4749,2275,2474
47470,147110,24788,70751,18076,122321,4750,2275,2475
47475,147120,24790,70761,18078,122330,4750,2275,2475
47480,147141,24794,70774,18081,122346,4751,2276,2475
47485,147151,24796,70780,18082,122355,4751,2276,2475
47490,147172,24799,70790,18084,122372,4752,2277,2475
47495,147182,24801,70793,18085,122381,4752,2277,2475
47500,147203,24805,70802,18087,122396,4753,2278,2475
47505,147213,24808,70805,18089,122403,4753,2278,2475
47510,147234,24811,70815,18092,122423,4754,2279,2475
47515,147244,24812,70817,18092,122431,4754,2279,2475
47520,147265,24816,70826,18095,122448,4755,2280,2475
47525,147275,24819,70831,18097,122455,4755,2280,2475
47530,147296,24822,70840,18099,122473,4756,2280,2476
47535,147306,24824,70843,18101,122482,4756,2280,2476
47540,147327,24827,70856,18104,122498,4757,2281,2476
47545,147337,24831,70861,18107,122505,4757,2281,2476
47550,147358,24834,70874,18110,122524,4758,2282,2476
47555,147368,24834,70877,18110,122533,4758,2282,2476
47560,147389,24839,70887,18114,122550,4759,2282,2477
47565,147399,24839,70894,18114,122558,4759,2282,2477
47570,147420,24843,70905,18118,122576,4760,2282,2478
47575,147430,24843,70910,18118,122586,4760,2282,2478
47580,147451,24848,70920,18122,122603,4761,2282,2479
47585,147461,24848,70925,18122,122612,4761,2282,2479
47590,147482,24854,70932,18127,122628,4762,2282,2480
47595,147492,24854,70937,18127,122638,4762,2282,2480
47600,147513,24859,70949,18129,122652,4763,2282,2481
47605,147523,24860,70955,18130,122662,4763,2282,2481
47610,147544,24864,70965,18132,122679,4764,2283,2481
47615,147554,24864,70969,18132,122690,4764,2283,2481
47620,147575,24868,70981,18134,122705,4765,2284,2481
47625,147585,24869,70984,18135,122716,4765,2284,2481
47630,147606,24873,70993,18137,122733,4766,2285,2481
47635,147616,24874,70996,18138,122741,4766,2285,2481
47640,147637,24879,71009,18141,122757,4767,2286,2481
47645,147647,24879,71010,18141,122768,4767,2286,2481
47650,147668,24883,71022,18144,122783,4768,2287,2481
47655,147678,24886,71025,18146,122792,4768,2287,2481
47660,147699,24892,71040,18151,122807,4769,2288,2481
47665,147709,24893,71044,18152,122816,4769,2288,2481
47670,147730,24896,71054,18154,122834,4770,2288,2482
47675,147740,24897,71058,18155,122843,4770,2288,2482
47680,147761,24901,71066,18158,122858,4771,2289,2482
47685,147771,24905,71070,18162,122866,4771,2289,2482
47690,147792,24909,71081,18166,122882,4772,2290,2482
47695,147802,24912,71086,18168,122890,4772,2290,2482
47700,147823,24916,71095,18170,122905,4773,2291,2482
47705,147833,24920,71100,18173,122913,4773,2291,2482
47710,147854,24924,71112,18175,122928,4774,2292,2482
47715,147864,24925,71117,18176,122939,4774,2292,2482
47720,147885,24927,71126,18176,122958,4775,2292,2483
47725,147895,24927,71131,18176,122968,4775,2292,2483
47730,147916,24929,71138,18176,122987,4776,2293,2483
47735,147926,24929,71141,18176,122997,4776,2293,2483
47740,147947,24931,71147,18176,123016,4777,2294,2483
47745,147957,24931,71154,18176,123026,4777,2294,2483
47750,147978,24934,71165,18177,123044,4778,2295,2483
47755,147988,24934,71168,18177,123053,4778,2295,2483
47760,148009,24937,71180,18179,123072,4779,2296,2483
47765,148019,24937,71185,18179,123082,4779,2296,2483
47770,148040,24941,71196,18181,123099,4780,2296,2484
47775,148050,24941,71201,18181,123108,4780,2296,2484
47780,148071,24946,71208,18185,123125,4781,2296,2485
47785,148081,24946,71211,18185,123134,4781,2296,2485
47790,148102,24951,71221,18188,123151,4782,2297,2485
47795,148112,24951,71226,18188,123160,4782,2297,2485
47800,148133,24955,71237,18191,123177,4783,2298,2485
47805,148143,24956,71239,18192,123186,4783,2298,2485
47810,148164,24961,71248,18195,123203,4784,2298,2486
47815,148174,24962,71255,18196,123210,4784,2298,2486
47820,148195,24968,71269,18201,123223,4785,2299,2486
47825,148205,24974,71275,18206,123231,4785,2299,2486
47830,148226,24980,71285,18210,123244,4786,2300,2486
47835,148236,24984,71290,18213,123251,4786,2300,2486
47840,148257,24989,71298,18215,123266,4787,2301,2486
47845,148267,24993,71304,18219,123273,4787,2301,2486
47850,148288,24998,71316,18224,123288,4788,2302,2486
47855,148298,25002,71320,18227,123296,4788,2302,2486
47860,148319,25005,71326,18229,123312,4789,2302,2487
47865,148329,25008,71332,18232,123321,4789,2302,2487
47870,148350,25010,71345,18233,123337,4790,2303,2487
47875,148360,25013,71350,18236,123346,4790,2303,2487
47880,148381,25015,71363,18237,123366,4791,2304,2487
47885,148391,25015,71369,18237,123374,4791,2304,2487
47890,148412,25017,71380,18237,123394,4792,2305,2487
47895,148422,25017,71386,18237,123404,4792,2305,2487
47900,148443,25020,71395,18240,123422,4793,2305,2488
47905,148453,25020,71399,18240,123433,4793,2305,2488
47910,148474,25022,71405,18240,123452,4794,2306,2488
47915,148484,25022,71411,18240,123460,4794,2306,2488
47920,148505,25025,71422,18242,123480,4795,2307,2488
47925,148515,25025,71426,18242,123489,4795,2307,2488
47930,148536,25027,71437,18243,123509,4796,2307,2489
47935,148546,25027,71443,18243,123519,4796,2307,2489
47940,148567,25030,71454,18244,123536,4797,2307,2490
47945,148577,25030,71460,18244,123547,4797,2307,2490
47950,148598,25033,71473,18246,123564,4798,2308,2490
47955,148608,25033,71479,18246,123574,4798,2308,2490
47960,148629,25037,71488,18247,123590,4799,2309,2490
47965,148639,25038,71496,18248,123600,4799,2309,2490
47970,148660,25043,71508,18252,123617,4800,2309,2491
47975,148670,25043,71511,18252,123627,4800,2309,2491
47980,148691,25049,71523,18257,123641,4801,2309,2492
47985,148701,25052,71527,18259,123649,4801,2309,2492
47990,148722,25055,71537,18260,123662,4802,2309,2493
47995,148732,25061,71540,18266,123671,4802,2309,2493
48000,148753,25066,71549,18268,123684,4803,2310,2493
48005,148763,25071,71552,18272,123690,4803,2310,2493
48010,148784,25077,71561,18275,123705,4804,2311,2493
48015,148794,25081,71565,18279,123712,4804,2311,2493
48020,148815,25086,71572,18282,123728,4805,2312,2493
48025,148825,25087,71577,18283,123738,4805,2312,2493
48030,148846,25091,71593,18286,123754,4806,2312,2494
48035,148856,25092,71599,18287,123763,4806,2312,2494
48040,148877,25096,71608,18290,123780,4807,2312,2495
48045,148887,25096,71613,18290,123790,4807,2312,2495
48050,148908,25100,71622,18292,123808,4808,2312,2496
48055,148918,25100,71627,18292,123817,4808,2312,2496
48060,148939,25105,71639,18297,123834,4809,2312,2497
48065,148949,25105,71644,18297,123841,4809,2312,2497
48070,148970,25111,71653,18301,123859,4810,2313,2497
48075,148980,25113,71657,18303,123867,4810,2313,2497
48080,149001,25116,71669,18306,123884,4811,2314,2497
48085,149011,25116,71673,18306,123894,4811,2314,2497
48090,149032,25119,71683,18308,123913,4812,2314,2498
48095,149042,25119,71686,18308,123922,4812,2314,2498
48100,149063,25122,71693,18309,123941,4813,2314,2499
48105,149073,25122,71699,18309,123950,4813,2314,2499
48110,149094,25125,71709,18310,123969,4814,2315,2499
48115,149104,25125,71714,18310,123978,4814,2315,2499
48120,149125,25128,71726,18312,123996,4815,2316,2499
48125,149135,25129,71731,18312,124004,4815,2316,2499
48130,149156,25132,71742,18314,124023,4816,2317,2499
48135,149166,25133,71749,18315,124033,4816,2317,2499
48140,149187,25136,71758,18316,124050,4817,2317,2500
48145,149197,25137,71763,18316,124060,4817,2317,2500
48150,149218,25141,71774,18319,124077,4818,2318,2500
48155,149228,25142,71779,18320,124086,4818,2318,2500
48160,149249,25144,71792,18321,124103,4819,2319,2500
48165,149259,25146,71794,18322,124113,4819,2319,2500
48170,149280,25149,71801,18323,124129,4820,2319,2501
48175,149290,25153,71806,18327,124137,4820,2319,2501
48180,149311,25157,71812,18330,124152,4821,2319,2502
48185,149321,25159,71812,18331,124162,4821,2319,2502
48190,149342,25165,71819,18335,124175,4822,2320,2502
48195,149352,25169,71824,18338,124182,4822,2320,2502
48200,149373,25177,71835,18345,124194,4823,2321,2502
48205,149383,25178,71840,18346,124204,4823,2321,2502
48210,149404,25183,71852,18350,124219,4824,2321,2503
48215,149414,25183,71857,18350,124230,4824,2321,2503
48220,149435,25189,71868,18354,124245,4825,2322,2503
48225,149445,25189,71872,18354,124256,4825,2322,2503
48230,149466,25192,71878,18356,124274,4826,2322,2504
48235,149476,25192,71882,18356,124284,4826,2322,2504
48240,149497,25198,71894,18360,124298,4827,2323,2504
48245,149507,25199,71899,18361,124306,4827,2323,2504
48250,149528,25206,71908,18367,124322,4828,2323,2505
48255,149538,25206,71912,18367,124330,4828,2323,2505
48260,149559,25213,71920,18371,124345,4829,2324,2505
48265,149569,25214,71925,18372,124355,4829,2324,2505
48270,149590,25217,71936,18373,124373,4830,2325,2505
48275,149600,25217,71940,18373,124383,4830,2325,2505
48280,149621,25219,71948,18374,124402,4831,2326,2505
48285,149631,25219,71952,18374,124412,4831,2326,2505
48290,149652,25222,71964,18376,124430,4832,2327,2505
48295,149662,25222,71965,18376,124440,4832,2327,2505
48300,149683,25224,71975,18377,124459,4833,2327,2506
48305,149693,25224,71977,18377,124469,4833,2327,2506
48310,149714,25226,71984,18377,124488,4834,2327,2507
48315,149724,25227,71987,18378,124497,4834,2327,2507
48320,149745,25230,71993,18379,124515,4835,2327,2508
48325,149755,25232,72000,18381,124523,4835,2327,2508
48330,149776,25236,72012,18384,124538,4836,2328,2508
48335,149786,25239,72016,18387,124546,4836,2328,2508
48340,149807,25244,72027,18391,124562,4837,2328,2509
48345,149817,25247,72031,18393,124570,4837,2328,2509
48350,149838,25251,72044,18396,124585,4838,2328,2510
48355,149848,25255,72049,18399,124593,4838,2328,2510
48360,149869,25260,72056,18403,124607,4839,2328,2511
48365,149879,25263,72062,18406,124615,4839,2328,2511
48370,149900,25269,72074,18411,124631,4840,2328,2512
48375,149910,25270,72077,18411,124640,4840,2328,2512
48380,149931,25276,72085,18415,124655,4841,2328,2513
48385,149941,25278,72091,18417,124663,4841,2328,2513
48390,149962,25282,72103,18420,124679,4842,2329,2513
48395,149972,25283,72106,18421,124689,4842,2329,2513
48400,149993,25289,72119,18426,124703,4843,2329,2514
48405,150003,25290,72123,18427,124712,4843,2329,2514
48410,150024,25294,72129,18429,124730,4844,2329,2515
48415,150034,25295,72133,18430,124738,4844,2329,2515
48420,150055,25301,72146,18435,124753,4845,2330,2515
48425,150065,25303,72152,18437,124761,4845,2330,2515
48430,150086,25308,72159,18439,124778,4846,2330,2516
48435,150096,25308,72165,18439,124788,4846,2330,2516
48440,150117,25310,72175,18441,124807,4847,2330,2517
48445,150127,25310,72182,18441,124817,4847,2330,2517
48450,150148,25312,72196,18442,124835,4848,2331,2517
48455,150158,25312,72200,18442,124846,4848,2331,2517
48460,150179,25315,72212,18444,124863,4849,2331,2518
48465,150189,25315,72216,18444,124872,4849,2331,2518
48470,150210,25317,72227,18444,124892,4850,2332,2518
48475,150220,25317,72229,18444,124902,4850,2332,2518
48480,150241,25320,72240,18446,124919,4851,2332,2519
48485,150251,25320,72243,18446,124930,4851,2332,2519
48490,150272,25323,72250,18447,124948,4852,2332,2520
48495,150282,25324,72254,18447,124956,4852,2332,2520
48500,150303,25329,72265,18451,124970,4853,2332,2521
48505,150313,25334,72273,18455,124979,4853,2332,2521
48510,150334,25338,72282,18458,124993,4854,2333,2521
48515,150344,25343,72287,18462,125001,4854,2333,2521
48520,150365,25346,72296,18463,125016,4855,2334,2521
48525,150375,25351,72306,18468,125024,4855,2334,2521
48530,150396,25354,72316,18471,125041,4856,2335,2521
48535,150406,25354,72322,18471,125052,4856,2335,2521
48540,150427,25357,72332,18474,125069,4857,2335,2522
48545,150437,25358,72339,18475,125078,4857,2335,2522
48550,150458,25361,72349,18477,125097,4858,2336,2522
48555,150468,25361,72352,18477,125106,4858,2336,2522
48560,150489,25365,72361,18480,125124,4859,2336,2523
48565,150499,25365,72366,18480,125133,4859,2336,2523
48570,150520,25369,72377,18483,125150,4860,2337,2523
48575,150530,25370,72384,18484,125159,4860,2337,2523
48580,150551,25373,72391,18486,125178,4861,2337,2524
48585,150561,25373,72396,18486,125187,4861,2337,2524
48590,150582,25376,72406,18489,125206,4862,2338,2524
48595,150592,25377,72408,18490,125215,4862,2338,2524
48600,150613,25379,72415,18492,125233,4863,2338,2525
48605,150623,25381,72420,18494,125241,4863,2338,2525
48610,150644,25385,72431,18497,125259,4864,2338,2526
48615,150654,25385,72431,18497,125269,4864,2338,2526
48620,150675,25389,72440,18500,125286,4865,2338,2527
48625,150685,25390,72444,18501,125294,4865,2338,2527
48630,150706,25391,72451,18501,125315,4866,2339,2527
48635,150716,25392,72456,18502,125322,4866,2339,2527
48640,150737,25393,72461,18502,125343,4867,2339,2528
48645,150747,25394,72465,18502,125353,4867,2339,2528
48650,150768,25397,72470,18503,125370,4868,2339,2529
48655,150778,25398,72473,18503,125378,4868,2339,2529
48660,150799,25402,72489,18507,125392,4869,2340,2529
48665,150809,25408,72494,18513,125401,4869,2340,2529
48670,150830,25412,72502,18516,125417,4870,2340,2530
48675,150840,25413,72506,18517,125427,4870,2340,2530
48680,150861,25417,72516,18520,125441,4871,2341,2530
48685,150871,25420,72517,18522,125451,4871,2341,2530
48690,150892,25423,72530,18524,125465,4872,2341,2531
48695,150902,25427,72535,18527,125475,4872,2341,2531
48700,150923,25429,72545,18529,125493,4873,2342,2531
48705,150933,25430,72549,18529,125503,4873,2342,2531
48710,150954,25433,72561,18531,125521,4874,2343,2531
48715,150964,25435,72567,18533,125529,4874,2343,2531
48720,150985,25439,72579,18536,125546,4875,2343,2532
48725,150995,25440,72583,18537,125555,4875,2343,2532
48730,151016,25445,72597,18541,125571,4876,2344,2532
48735,151026,25445,72601,18541,125580,4876,2344,2532
48740,151047,25450,72609,18545,125596,4877,2345,2532
48745,151057,25451,72612,18546,125606,4877,2345,2532
48750,151078,25454,72625,18548,125623,4878,2346,2532
48755,151088,25456,72628,18550,125632,4878,2346,2532
48760,151109,25461,72636,18552,125647,4879,2346,2533
48765,151119,25463,72639,18554,125655,4879,2346,2533
48770,151140,25470,72647,18559,125669,4880,2347,2533
48775,151150,25472,72653,18561,125675,4880,2347,2533
48780,151171,25479,72665,18566,125692,4881,2348,2533
48785,151181,25479,72671,18566,125701,4881,2348,2533
48790,151202,25481,72683,18566,125721,4882,2348,2534
48795,151212,25481,72687,18566,125731,4882,2348,2534
48800,151233,25484,72699,18569,125748,4883,2348,2535
48805,151243,25484,72706,18569,125758,4883,2348,2535
48810,151264,25487,72715,18572,125776,4884,2348,2536
48815,151274,25487,72717,18572,125787,4884,2348,2536
48820,151295,25490,72728,18573,125803,4885,2349,2536
48825,151305,25490,72735,18573,125814,4885,2349,2536
48830,151326,25493,72746,18576,125832,4886,2350,2536
48835,151336,25494,72750,18577,125841,4886,2350,2536
48840,151357,25498,72760,18580,125858,4887,2350,2537
48845,151367,25499,72765,18580,125868,4887,2350,2537
48850,151388,25503,72778,18584,125885,4888,2351,2537
48855,151398,25504,72783,18584,125894,4888,2351,2537
48860,151419,25507,72790,18586,125912,4889,2351,2538
48865,151429,25508,72795,18587,125921,4889,2351,2538
48870,151450,25511,72805,18589,125939,4890,2352,2538
48875,151460,25512,72809,18589,125948,4890,2352,2538
48880,151481,25516,72818,18591,125965,4891,2352,2539
48885,151491,25517,72823,18591,125974,4891,2352,2539
48890,151512,25520,72834,18592,125992,4892,2353,2539
48895,151522,25521,72840,18593,126000,4892,2353,2539
48900,151543,25526,72845,18595,126017,4893,2353,2540
48905,151553,25527,72848,18596,126025,4893,2353,2540
48910,151574,25532,72855,18598,126042,4894,2354,2540
48915,151584,25533,72859,18598,126050,4894,2354,2540
48920,151605,25537,72869,18601,126068,4895,2355,2540
48925,151615,25538,72875,18602,126076,4895,2355,2540
48930,151636,25543,72885,18605,126092,4896,2356,2540
48935,151646,25545,72892,18607,126100,4896,2356,2540
48940,151667,25552,72900,18611,126114,4897,2356,2541
48945,151677,25556,72903,18614,126121,4897,2356,2541
48950,151698,25565,72917,18620,126131,4898,2356,2542
48955,151708,25569,72922,18623,126135,4898,2356,2542
48960,151729,25576,72935,18629,126152,4899,2357,2542
48965,151739,25578,72939,18630,126160,4899,2357,2542
48970,151760,25583,72953,18635,126177,4900,2358,2542
48975,151770,25585,72958,18636,126184,4900,2358,2542
48980,151791,25591,72974,18642,126200,4901,2358,2543
48985,151801,25591,72978,18642,126210,4901,2358,2543
48990,151822,25593,72986,18642,126228,4902,2358,2544
48995,151832,25593,72992,18642,126239,4902,2358,2544
49000,151853,25596,73003,18645,126257,4903,2358,2545
49005,151863,25596,73011,18645,126267,4903,2358,2545
49010,151884,25598,73020,18647,126285,4904,2358,2546
49015,151894,25598,73023,18647,126296,4904,2358,2546
49020,151915,25600,73033,18647,126313,4905,2359,2546
49025,151925,25600,73040,18647,126325,4905,2359,2546
49030,151946,25602,73051,18647,126344,4906,2359,2547
49035,151956,25602,73056,18647,126354,4906,2359,2547
49040,151977,25605,73068,18650,126372,4907,2359,2548
49045,151987,25605,73077,18650,126382,4907,2359,2548
49050,152008,25607,73088,18652,126401,4908,2359,2549
49055,152018,25607,73093,18652,126411,4908,2359,2549
49060,152039,25609,73106,18653,126430,4909,2359,2550
49065,152049,25609,73111,18653,126440,4909,2359,2550
49070,152070,25612,73124,18654,126457,4910,2360,2550
49075,152080,25613,73130,18655,126466,4910,2360,2550
49080,152101,25618,73136,18658,126483,4911,2360,2551
49085,152111,25619,73140,18659,126491,4911,2360,2551
49090,152132,25624,73148,18664,126508,4912,2360,2552
49095,152142,25626,73151,18665,126516,4912,2360,2552
49100,152163,25631,73164,18669,126532,4913,2361,2552
49105,152173,25632,73164,18669,126541,4913,2361,2552
49110,152194,25637,73175,18672,126557,4914,2361,2553
49115,152204,25639,73181,18673,126563,4914,2361,2553
49120,152225,25647,73192,18679,126578,4915,2362,2553
49125,152235,25649,73195,18680,126586,4915,2362,2553
49130,152256,25655,73207,18686,126600,4916,2363,2553
49135,152266,25657,73210,18687,126607,4916,2363,2553
49140,152287,25660,73218,18689,126627,4917,2364,2553
49145,152297,25662,73223,18690,126634,4917,2364,2553
49150,152318,25666,73232,18693,126650,4918,2365,2553
49155,152328,25668,73238,18695,126659,4918,2365,2553
49160,152349,25674,73250,18700,126674,4919,2366,2553
49165,152359,25677,73256,18702,126680,4919,2366,2553
49170,152380,25681,73265,18704,126696,4920,2367,2553
49175,152390,25684,73267,18707,126706,4920,2367,2553
49180,152411,25688,73276,18710,126722,4921,2368,2553
49185,152421,25691,73280,18712,126730,4921,2368,2553
49190,152442,25696,73290,18716,126745,4922,2368,2554
49195,152452,25696,73294,18716,126756,4922,2368,2554
49200,152473,25699,73303,18718,126774,4923,2369,2554
49205,152483,25699,73310,18718,126784,4923,2369,2554
49210,152504,25702,73320,18719,126801,4924,2369,2555
49215,152514,25702,73323,18719,126812,4924,2369,2555
49220,152535,25704,73335,18720,126830,4925,2369,2556
49225,152545,25704,73341,18720,126841,4925,2369,2556
49230,152566,25707,73354,18722,126859,4926,2369,2557
49235,152576,25707,73358,18722,126869,4926,2369,2557
49240,152597,25712,73372,18726,126884,4927,2370,2557
49245,152607,25713,73374,18727,126893,4927,2370,2557
49250,152628,25719,73388,18732,126908,4928,2370,2558
49255,152638,25719,73390,18732,126919,4928,2370,2558
49260,152659,25723,73403,18735,126936,4929,2371,2558
49265,152669,25723,73409,18735,126946,4929,2371,2558
49270,152690,25727,73417,18736,126963,4930,2371,2559
49275,152700,25728,73424,18737,126969,4930,2371,2559
49280,152721,25736,73433,18743,126984,4931,2372,2559
49285,152731,25738,73438,18745,126991,4931,2372,2559
49290,152752,25744,73450,18749,127008,4932,2372,2560
49295,152762,25744,73455,18749,127018,4932,2372,2560
49300,152783,25747,73463,18751,127034,4933,2372,2561
49305,152793,25751,73469,18755,127041,4933,2372,2561
49310,152814,25755,73476,18757,127058,4934,2373,2561
49315,152824,25757,73481,18759,127067,4934,2373,2561
49320,152845,25762,73494,18763,127080,4935,2374,2561
49325,152855,25766,73497,18766,127089,4935,2374,2561
49330,152876,25770,73508,18770,127105,4936,2375,2561
49335,152886,25773,73512,18773,127113,4936,2375,2561
49340,152907,25776,73525,18774,127131,4937,2376,2561
49345,152917,25776,73529,18774,127141,4937,2376,2561
49350,152938,25779,73543,18777,127159,4938,2376,2562
49355,152948,25779,73547,18777,127169,4938,2376,2562
49360,152969,25781,73553,18777,127188,4939,2376,2563
49365,152979,25781,73556,18777,127198,4939,2376,2563
49370,153000,25784,73565,18779,127216,4940,2376,2564
49375,153010,25784,73570,18779,127226,4940,2376,2564
49380,153031,25787,73578,18782,127244,4941,2376,2565
49385,153041,25787,73584,18782,127254,4941,2376,2565
49390,153062,25789,73591,18783,127273,4942,2377,2565
49395,153072,25789,73599,18783,127283,4942,2377,2565
49400,153093,25792,73607,18784,127300,4943,2377,2566
49405,153103,25792,73615,18784,127310,4943,2377,2566
49410,153124,25796,73622,18785,127327,4944,2377,2567
49415,153134,25796,73625,18785,127338,4944,2377,2567
49420,153155,25801,73635,18789,127354,4945,2378,2567
49425,153165,25802,73640,18790,127361,4945,2378,2567
49430,153186,25808,73652,18796,127378,4946,2378,2568
49435,153196,25809,73656,18797,127386,4946,2378,2568
49440,153217,25815,73664,18801,127402,4947,2378,2569
49445,153227,25816,73671,18802,127410,4947,2378,2569
49450,153248,25822,73682,18805,127425,4948,2379,2569
49455,153258,25824,73685,18806,127433,4948,2379,2569
49460,153279,25831,73695,18811,127448,4949,2380,2569
49465,153289,25832,73697,18811,127457,4949,2380,2569
49470,153310,25840,73707,18816,127470,4950,2380,2570
49475,153320,25841,73711,18817,127476,4950,2380,2570
49480,153341,25848,73719,18821,127493,4951,2380,2571
49485,153351,25849,73722,18822,127500,4951,2380,2571
49490,153372,25851,73732,18824,127521,4952,2381,2571
49495,153382,25853,73735,18826,127529,4952,2381,2571
49500,153403,25855,73744,18827,127548,4953,2381,2572
49505,153413,25856,73749,18827,127555,4953,2381,2572
49510,153434,25858,73760,18828,127576,4954,2382,2572
49515,153444,25860,73766,18830,127583,4954,2382,2572
49520,153465,25862,73771,18832,127603,4955,2382,2573
49525,153475,25863,73775,18833,127612,4955,2382,2573
49530,153496,25865,73785,18835,127631,4956,2382,2574
49535,153506,25866,73787,18835,127639,4956,2382,2574
49540,153527,25868,73799,18837,127657,4957,2382,2575
49545,153537,25872,73804,18841,127665,4957,2382,2575
49550,153558,25875,73813,18843,127681,4958,2383,2575
49555,153568,25879,73818,18847,127689,4958,2383,2575
49560,153589,25880,73831,18848,127708,4959,2383,2576
49565,153599,25880,73839,18848,127719,4959,2383,2576
49570,153620,25881,73847,18849,127739,4960,2383,2577
49575,153630,25881,73851,18849,127749,4960,2383,2577
49580,153651,25882,73861,18849,127768,4961,2384,2577
49585,153661,25882,73867,18849,127779,4961,2384,2577
49590,153682,25885,73874,18849,127797,4962,2384,2578
49595,153692,25886,73878,18850,127806,4962,2384,2578
49600,153713,25890,73886,18852,127822,4963,2384,2579
49605,153723,25892,73894,18854,127829,4963,2384,2579
49610,153744,25898,73904,18858,127845,4964,2385,2579
49615,153754,25899,73913,18859,127853,4964,2385,2579
49620,153775,25905,73922,18863,127869,4965,2386,2579
49625,153785,25906,73925,18864,127879,4965,2386,2579
49630,153806,25911,73932,18866,127894,4966,2386,2580
49635,153816,25913,73939,18868,127901,4966,2386,2580
49640,153837,25918,73946,18872,127919,4967,2386,2581
49645,153847,25919,73950,18873,127928,4967,2386,2581
49650,153868,25921,73958,18873,127947,4968,2387,2581
49655,153878,25921,73965,18873,127956,4968,2387,2581
49660,153899,25923,73975,18874,127976,4969,2388,2581
49665,153909,25924,73981,18875,127985,4969,2388,2581
49670,153930,25926,73990,18875,128004,4970,2389,2581
49675,153940,25927,73992,18875,128013,4970,2389,2581
49680,153961,25929,73999,18875,128032,4971,2390,2581
49685,153971,25930,74001,18875,128041,4971,2390,2581
49690,153992,25933,74013,18877,128059,4972,2390,2582
49695,154002,25934,74017,18877,128068,4972,2390,2582
49700,154023,25937,74028,18879,128086,4973,2390,2583
49705,154033,25938,74033,18880,128095,4973,2390,2583
49710,154054,25940,74042,18882,128114,4974,2390,2584
49715,154064,25941,74046,18882,128123,4974,2390,2584
49720,154085,25946,74057,18886,128138,4975,2391,2584
49725,154095,25948,74062,18888,128147,4975,2391,2584
49730,154116,25951,74068,18890,128163,4976,2391,2585
49735,154126,25954,74074,18893,128170,4976,2391,2585
49740,154147,25958,74082,18896,128188,4977,2391,2586
49745,154157,25962,74088,18900,128194,4977,2391,2586
49750,154178,25967,74099,18903,128207,4978,2391,2587
49755,154188,25973,74102,18908,128215,4978,2391,2587
49760,154209,25978,74108,18910,128230,4979,2392,2587
49765,154219,25978,74115,18910,128238,4979,2392,2587
49770,154240,25984,74124,18914,128254,4980,2392,2588
49775,154250,25985,74129,18915,128264,4980,2392,2588
49780,154271,25989,74138,18916,128281,4981,2393,2588
49785,154281,25990,74143,18917,128290,4981,2393,2588
49790,154302,25996,74157,18922,128305,4982,2394,2588
49795,154312,25998,74163,18924,128312,4982,2394,2588
49800,154333,26006,74176,18931,128325,4983,2394,2589
49805,154343,26008,74181,18933,128335,4983,2394,2589
49810,154364,26011,74191,18935,128352,4984,2394,2590
49815,154374,26011,74195,18935,128363,4984,2394,2590
49820,154395,26013,74203,18937,128382,4985,2394,2591
49825,154405,26013,74209,18937,128392,4985,2394,2591
49830,154426,26015,74216,18938,128411,4986,2394,2592
49835,154436,26015,74221,18938,128421,4986,2394,2592
49840,154457,26017,74230,18939,128440,4987,2395,2592
49845,154467,26017,74234,18939,128450,4987,2395,2592
49850,154488,26020,74245,18942,128468,4988,2395,2593
49855,154498,26020,74251,18942,128478,4988,2395,2593
49860,154519,26022,74261,18944,128497,4989,2395,2594
49865,154529,26023,74265,18945,128506,4989,2395,2594
49870,154550,26026,74274,18947,128522,4990,2395,2595
49875,154560,26030,74278,18950,128530,4990,2395,2595
49880,154581,26032,74285,18951,128548,4991,2396,2595
49885,154591,26034,74291,18953,128556,4991,2396,2595
49890,154612,26038,74303,18957,128571,4992,2396,2596
49895,154622,26042,74310,18961,128579,4992,2396,2596
49900,154643,26046,74317,18964,128595,4993,2396,2597
49905,154653,26050,74322,18967,128602,4993,2396,2597
49910,154674,26055,74335,18971,128615,4994,2397,2597
49915,154684,26059,74340,18975,128625,4994,2397,2597
49920,154705,26063,74352,18978,128642,4995,2398,2597
49925,154715,26063,74358,18978,128651,4995,2398,2597
49930,154736,26068,74367,18981,128667,4996,2398,2598
49935,154746,26069,74369,18982,128677,4996,2398,2598
49940,154767,26072,74374,18983,128694,4997,2399,2598
49945,154777,26073,74377,18984,128704,4997,2399,2598
49950,154798,26077,74388,18986,128720,4998,2399,2599
49955,154808,26078,74392,18987,128728,4998,2399,2599
49960,154829,26084,74400,18991,128744,4999,2400,2599
49965,154839,26085,74406,18992,128752,4999,2400,2599
49970,154860,26090,74419,18996,128769,5000,2400,2600
49975,154870,26091,74423,18997,128779,5000,2400,2600
49980,154891,26096,74432,19001,128795,5001,2400,2601
49985,154901,26096,74438,19001,128804,5001,2400,2601
49990,154922,26101,74446,19003,128821,5002,2401,2601
49995,154932,26101,74450,19003,128831,5002,2401,2601
50000,154953,26105,74460,19007,128848,5003,2401,2602
50005,154963,26105,74464,19007,128858,5003,2401,2602
50010,154984,26110,74475,19011,128874,5004,2402,2602
50015,154994,26111,74479,19012,128881,5004,2402,2602
50020,155015,26117,74486,19015,128898,5005,2402,2603
50025,155025,26118,74492,19015,128907,5005,2402,2603
50030,155046,26121,74500,19017,128924,5006,2403,2603
50035,155056,26123,74505,19018,128933,5006,2403,2603
50040,155077,26127,74511,19022,128949,5007,2403,2604
50045,155087,26129,74514,19023,128958,5007,2403,2604
50050,155108,26133,74523,19026,128971,5008,2403,2605
50055,155118,26139,74531,19031,128979,5008,2403,2605
50060,155139,26144,74541,19034,128992,5009,2404,2605
50065,155149,26148,74546,19037,129001,5009,2404,2605
50070,155170,26151,74556,19038,129017,5010,2404,2606
50075,155180,26151,74560,19038,129026,5010,2404,2606
50080,155201,26154,74570,19040,129046,5011,2405,2606
50085,155211,26154,74575,19040,129055,5011,2405,2606
50090,155232,26156,74588,19042,129076,5012,2405,2607
50095,155242,26156,74592,19042,129086,5012,2405,2607
50100,155263,26158,74598,19042,129104,5013,2405,2608
50105,155273,26158,74602,19042,129115,5013,2405,2608
50110,155294,26161,74615,19044,129133,5014,2405,2609
50115,155304,26161,74620,19044,129143,5014,2405,2609
50120,155325,26164,74633,19047,129161,5015,2405,2610
50125,155335,26164,74636,19047,129171,5015,2405,2610
50130,155356,26167,74645,19048,129189,5016,2405,2611
50135,155366,26167,74651,19048,129198,5016,2405,2611
50140,155387,26172,74661,19053,129215,5017,2405,2612
50145,155397,26172,74667,19053,129224,5017,2405,2612
50150,155418,26177,74676,19057,129241,5018,2405,2613
50155,155428,26177,74683,19057,129250,5018,2405,2613
50160,155449,26183,74695,19060,129266,5019,2406,2613
50165,155459,26183,74703,19060,129275,5019,2406,2613
50170,155480,26187,74716,19063,129293,5020,2407,2613
50175,155490,26189,74722,19065,129300,5020,2407,2613
50180,155511,26194,74727,19068,129317,5021,2407,2614
50185,155521,26195,74731,19069,129326,5021,2407,2614
50190,155542,26201,74741,19074,129340,5022,2407,2615
50195,155552,26204,74746,19077,129348,5022,2407,2615
50200,155573,26208,74759,19081,129364,5023,2407,2616
50205,155583,26211,74765,19084,129370,5023,2407,2616
50210,155604,26221,74775,19091,129382,5024,2408,2616
50215,155614,26225,74781,19095,129389,5024,2408,2616
50220,155635,26230,74789,19097,129404,5025,2408,2617
50225,155645,26232,74793,19099,129413,5025,2408,2617
50230,155666,26236,74805,19103,129426,5026,2409,2617
50235,155676,26242,74810,19109,129434,5026,2409,2617
50240,155697,26245,74816,19110,129451,5027,2410,2617
50245,155707,26245,74819,19110,129462,5027,2410,2617
50250,155728,26248,74830,19112,129480,5028,2410,2618
50255,155738,26248,74835,19112,129490,5028,2410,2618
50260,155759,26250,74845,19114,129508,5029,2411,2618
50265,155769,26250,74848,19114,129519,5029,2411,2618
50270,155790,26253,74857,19116,129537,5030,2411,2619
50275,155800,26253,74863,19116,129545,5030,2411,2619
50280,155821,26256,74872,19117,129563,5031,2412,2619
50285,155831,26256,74874,19117,129574,5031,2412,2619
50290,155852,26258,74888,19118,129594,5032,2413,2619
50295,155862,26258,74893,19118,129602,5032,2413,2619
50300,155883,26260,74909,19119,129622,5033,2414,2619
50305,155893,26260,74912,19119,129633,5033,2414,2619
50310,155914,26263,74922,19120,129650,5034,2415,2619
50315,155924,26263,74927,19120,129660,5034,2415,2619
50320,155945,26266,74937,19121,129679,5035,2416,2619
50325,155955,26266,74942,19121,129689,5035,2416,2619
50330,155976,26269,74958,19123,129706,5036,2417,2619
50335,155986,26270,74962,19124,129716,5036,2417,2619
50340,156007,26274,74972,19127,129732,5037,2417,2620
50345,156017,26277,74978,19130,129740,5037,2417,2620
50350,156038,26281,74992,19133,129756,5038,2418,2620
50355,156048,26283,74995,19135,129765,5038,2418,2620
50360,156069,26288,75007,19140,129780,5039,2419,2620
50365,156079,26290,75013,19142,129788,5039,2419,2620
50370,156100,26295,75023,19145,129805,5040,2419,2621
50375,156110,26296,75029,19145,129813,5040,2419,2621
50380,156131,26301,75041,19147,129829,5041,2419,2622
50385,156141,26303,75045,19149,129838,5041,2419,2622
50390,156162,26306,75050,19149,129855,5042,2419,2623
50395,156172,26309,75056,19152,129861,5042,2419,2623
50400,156193,26317,75066,19158,129874,5043,2419,2624
50405,156203,26320,75072,19161,129881,5043,2419,2624
50410,156224,26330,75082,19169,129893,5044,2420,2624
50415,156234,26333,75086,19172,129901,5044,2420,2624
50420,156255,26337,75096,19175,129916,5045,2421,2624
50425,156265,26340,75099,19178,129924,5045,2421,2624
50430,156286,26344,75110,19182,129940,5046,2421,2625
50435,156296,26347,75114,19185,129949,5046,2421,2625
50440,156317,26352,75125,19190,129962,5047,2422,2625
50445,156327,26354,75130,19192,129972,5047,2422,2625
50450,156348,26357,75140,19193,129991,5048,2423,2625
50455,156358,26357,75142,19193,130000,5048,2423,2625
50460,156379,26359,75153,19194,130020,5049,2423,2626
50465,156389,26359,75156,19194,130029,5049,2423,2626
50470,156410,26362,75168,19195,130048,5050,2424,2626
50475,156420,26362,75172,19195,130058,5050,2424,2626
50480,156441,26364,75179,19195,130076,5051,2425,2626
50485,156451,26364,75182,19195,130086,5051,2425,2626
50490,156472,26366,75193,19196,130106,5052,2425,2627
50495,156482,26366,75200,19196,130114,5052,2425,2627
50500,156503,26368,75208,19197,130135,5053,2426,2627
50505,156513,26368,75211,19197,130145,5053,2426,2627
50510,156534,26371,75222,19198,130162,5054,2427,2627
50515,156544,26371,75225,19198,130173,5054,2427,2627
50520,156565,26374,75238,19201,130190,5055,2427,2628
50525,156575,26374,75246,19201,130200,5055,2427,2628
50530,156596,26379,75255,19204,130216,5056,2427,2629
50535,156606,26379,75260,19204,130227,5056,2427,2629
50540,156627,26383,75272,19205,130243,5057,2428,2629
50545,156637,26383,75276,19205,130253,5057,2428,2629
50550,156658,26389,75282,19208,130269,5058,2428,2630
50555,156668,26391,75287,19209,130276,5058,2428,2630
50560,156689,26399,75302,19217,130285,5059,2428,2631
50565,156699,26406,75308,19224,130293,5059,2428,2631
50570,156720,26412,75319,19228,130303,5060,2428,2632
50575,156730,26419,75326,19234,130310,5060,2428,2632
50580,156751,26424,75337,19238,130325,5061,2429,2632
50585,156761,26424,75342,19238,130335,5061,2429,2632
50590,156782,26429,75357,19242,130353,5062,2430,2632
50595,156792,26429,75360,19242,130363,5062,2430,2632
50600,156813,26432,75373,19245,130380,5063,2430,2633
50605,156823,26434,75380,19247,130389,5063,2430,2633
50610,156844,26439,75394,19251,130404,5064,2431,2633
50615,156854,26442,75403,19254,130411,5064,2431,2633
50620,156875,26443,75415,19255,130432,5065,2432,2633
50625,156885,26443,75419,19255,130441,5065,2432,2633
50630,156906,26444,75430,19255,130462,5066,2433,2633
50635,156916,26444,75434,19255,130472,5066,2433,2633
50640,156937,26445,75439,19255,130492,5067,2433,2634
50645,156947,26445,75443,19255,130502,5067,2433,2634
50650,156968,26446,75451,19256,130522,5068,2434,2634
50655,156978,26446,75454,19256,130531,5068,2434,2634
50660,156999,26447,75465,19256,130552,5069,2434,2635
50665,157009,26447,75468,19256,130562,5069,2434,2635
50670,157030,26448,75480,19257,130582,5070,2434,2636
50675,157040,26448,75486,19257,130592,5070,2434,2636
50680,157061,26449,75496,19257,130612,5071,2435,2636
50685,157071,26450,75502,19258,130620,5071,2435,2636
50690,157092,26452,75511,19259,130639,5072,2435,2637
50695,157102,26453,75516,19260,130648,5072,2435,2637
50700,157123,26460,75528,19266,130661,5073,2436,2637
50705,157133,26463,75533,19268,130670,5073,2436,2637
50710,157154,26466,75542,19269,130686,5074,2436,2638
50715,157164,26469,75547,19272,130695,5074,2436,2638
50720,157185,26474,75558,19276,130709,5075,2436,2639
50725,157195,26476,75562,19277,130718,5075,2436,2639
50730,157216,26482,75573,19282,130731,5076,2436,2640
50735,157226,26487,75580,19286,130738,5076,2436,2640
50740,157247,26494,75594,19292,130750,5077,2437,2640
50745,157257,26495,75597,19293,130761,5077,2437,2640
50750,157278,26500,75609,19295,130777,5078,2438,2640
50755,157288,26500,75615,19295,130788,5078,2438,2640
50760,157309,26504,75623,19297,130803,5079,2438,2641
50765,157319,26505,75627,19298,130814,5079,2438,2641
50770,157340,26508,75634,19299,130832,5080,2438,2642
50775,157350,26508,75638,19299,130842,5080,2438,2642
50780,157371,26513,75647,19303,130857,5081,2439,2642
50785,157381,26513,75651,19303,130868,5081,2439,2642
50790,157402,26516,75662,19305,130886,5082,2440,2642
50795,157412,26516,75667,19305,130896,5082,2440,2642
50800,157433,26521,75679,19308,130911,5083,2440,2643
50805,157443,26522,75684,19309,130919,5083,2440,2643
50810,157464,26531,75698,19317,130933,5084,2441,2643
50815,157474,26532,75703,19318,130942,5084,2441,2643
50820,157495,26537,75715,19323,130958,5085,2442,2643
50825,157505,26537,75721,19323,130968,5085,2442,2643
50830,157526,26539,75731,19323,130987,5086,2443,2643
50835,157536,26539,75738,19323,130997,5086,2443,2643
50840,157557,26542,75747,19325,131015,5087,2443,2644
50845,157567,26543,75752,19325,131024,5087,2443,2644
50850,157588,26545,75760,19326,131043,5088,2444,2644
50855,157598,26546,75763,19326,131052,5088,2444,2644
50860,157619,26548,75774,19328,131071,5089,2444,2645
50865,157629,26549,75777,19329,131080,5089,2444,2645
50870,157650,26552,75786,19331,131098,5090,2445,2645
50875,157660,26554,75792,19333,131106,5090,2445,2645
50880,157681,26557,75799,19336,131123,5091,2445,2646
50885,157691,26559,75804,19337,131132,5091,2445,2646
50890,157712,26562,75812,19339,131147,5092,2445,2647
50895,157722,26566,75817,19342,131155,5092,2445,2647
50900,157743,26570,75830,19346,131170,5093,2445,2648
50905,157753,26575,75838,19350,131177,5093,2445,2648
50910,157774,26580,75846,19353,131193,5094,2446,2648
50915,157784,26583,75853,19356,131200,5094,2446,2648
50920,157805,26587,75864,19358,131217,5095,2447,2648
50925,157815,26587,75869,19358,131227,5095,2447,2648
50930,157836,26591,75876,19360,131244,5096,2447,2649
50935,157846,26591,75880,19360,131254,5096,2447,2649
50940,157867,26595,75886,19362,131270,5097,2447,2650
50945,157877,26595,75889,19362,131282,5097,2447,2650
50950,157898,26598,75901,19365,131299,5098,2447,2651
50955,157908,26598,75905,19365,131310,5098,2447,2651
50960,157929,26601,75914,19366,131327,5099,2447,2652
50965,157939,26601,75919,19366,131337,5099,2447,2652
50970,157960,26605,75929,19368,131355,5100,2447,2653
50975,157970,26605,75933,19368,131364,5100,2447,2653
50980,157991,26610,75940,19371,131381,5101,2447,2654
50985,158001,26611,75946,19372,131388,5101,2447,2654
50990,158022,26618,75955,19377,131404,5102,2448,2654
50995,158032,26618,75957,19377,131414,5102,2448,2654
51000,158053,26622,75967,19380,131430,5103,2449,2654
51005,158063,26623,75970,19381,131439,5103,2449,2654
51010,158084,26629,75983,19385,131455,5104,2450,2654
51015,158094,26630,75990,19386,131464,5104,2450,2654
51020,158115,26633,75999,19388,131481,5105,2451,2654
51025,158125,26634,76005,19389,131490,5105,2451,2654
51030,158146,26641,76021,19395,131504,5106,2451,2655
51035,158156,26644,76024,19397,131511,5106,2451,2655
51040,158177,26650,76035,19402,131526,5107,2451,2656
51045,158187,26652,76038,19403,131533,5107,2451,2656
51050,158208,26655,76044,19405,131553,5108,2451,2657
51055,158218,26658,76049,19408,131558,5108,2451,2657
51060,158239,26663,76058,19411,131575,5109,2452,2657
51065,158249,26665,76062,19413,131584,5109,2452,2657
51070,158270,26668,76074,19416,131601,5110,2452,2658
51075,158280,26670,76078,19417,131610,5110,2452,2658
51080,158301,26674,76085,19420,131627,5111,2453,2658
51085,158311,26675,76087,19420,131636,5111,2453,2658
51090,158332,26678,76097,19423,131653,5112,2453,2659
51095,158342,26680,76100,19424,131662,5112,2453,2659
51100,158363,26684,76109,19426,131678,5113,2453,2660
51105,158373,26687,76115,19428,131686,5113,2453,2660
51110,158394,26690,76124,19429,131701,5114,2453,2661
51115,158404,26693,76129,19432,131711,5114,2453,2661
51120,158425,26696,76141,19434,131729,5115,2454,2661
51125,158435,26696,76145,19434,131739,5115,2454,2661
51130,158456,26698,76157,19436,131757,5116,2455,2661
51135,158466,26698,76163,19436,131768,5116,2455,2661
51140,158487,26700,76173,19437,131786,5117,2455,2662
51145,158497,26700,76178,19437,131797,5117,2455,2662
51150,158518,26702,76187,19438,131816,5118,2456,2662
51155,158528,26702,76193,19438,131826,5118,2456,2662
51160,158549,26705,76203,19439,131843,5119,2456,2663
51165,158559,26705,76208,19439,131854,5119,2456,2663
51170,158580,26708,76215,19440,131872,5120,2457,2663
51175,158590,26709,76218,19441,131880,5120,2457,2663
51180,158611,26716,76228,19445,131894,5121,2457,2664
51185,158621,26717,76235,19446,131902,5121,2457,2664
51190,158642,26723,76240,19450,131917,5122,2457,2665
51195,158652,26724,76244,19451,131926,5122,2457,2665
51200,158673,26729,76254,19455,131943,5123,2458,2665
51205,158683,26729,76258,19455,131952,5123,2458,2665
51210,158704,26736,76267,19461,131968,5124,2459,2665
51215,158714,26737,76274,19462,131975,5124,2459,2665
51220,158735,26745,76282,19468,131990,5125,2460,2665
51225,158745,26746,76286,19468,131997,5125,2460,2665
51230,158766,26751,76296,19473,132015,5126,2460,2666
51235,158776,26753,76301,19474,132022,5126,2460,2666
51240,158797,26756,76309,19476,132041,5127,2461,2666
51245,158807,26758,76313,19477,132048,5127,2461,2666
51250,158828,26763,76324,19481,132063,5128,2461,2667
51255,158838,26767,76329,19485,132071,5128,2461,2667
51260,158859,26771,76340,19489,132087,5129,2461,2668
51265,158869,26774,76345,19491,132095,5129,2461,2668
51270,158890,26776,76356,19492,132114,5130,2461,2669
51275,158900,26776,76360,19492,132123,5130,2461,2669
51280,158921,26779,76372,19493,132141,5131,2462,2669
51285,158931,26779,76376,19493,132152,5131,2462,2669
51290,158952,26781,76383,19494,132171,5132,2462,2670
51295,158962,26781,76388,19494,132180,5132,2462,2670
51300,158983,26784,76399,19496,132198,5133,2462,2671
51305,158993,26784,76403,19496,132209,5133,2462,2671
51310,159014,26787,76413,19498,132226,5134,2462,2672
51315,159024,26787,76420,19498,132237,5134,2462,2672
51320,159045,26790,76436,19501,132255,5135,2463,2672
51325,159055,26790,76444,19501,132265,5135,2463,2672
51330,159076,26792,76455,19502,132284,5136,2464,2672
51335,159086,26792,76457,19502,132294,5136,2464,2672
51340,159107,26797,76467,19504,132310,5137,2465,2672
51345,159117,26797,76471,19504,132319,5137,2465,2672
51350,159138,26802,76482,19508,132335,5138,2465,2673
51355,159148,26803,76488,19509,132343,5138,2465,2673
51360,159169,26811,76498,19515,132358,5139,2466,2673
51365,159179,26812,76504,19516,132367,5139,2466,2673
51370,159200,26816,76516,19517,132383,5140,2467,2673
51375,159210,26818,76520,19518,132392,5140,2467,2673
51380,159231,26823,76529,19521,132407,5141,2467,2674
51385,159241,26825,76534,19523,132415,5141,2467,2674
51390,159262,26831,76547,19528,132430,5142,2468,2674
51395,159272,26834,76554,19531,132438,5142,2468,2674
51400,159293,26839,76563,19533,132454,5143,2468,2675
51405,159303,26840,76569,19534,132461,5143,2468,2675
51410,159324,26845,76582,19539,132479,5144,2469,2675
51415,159334,26846,76588,19540,132487,5144,2469,2675
51420,159355,26848,76597,19542,132507,5145,2470,2675
51425,159365,26849,76602,19543,132515,5145,2470,2675
51430,159386,26853,76611,19545,132531,5146,2471,2675
51435,159396,26856,76617,19548,132539,5146,2471,2675
51440,159417,26859,76626,19551,132555,5147,2471,2676
51445,159427,26864,76631,19556,132563,5147,2471,2676
51450,159448,26866,76642,19557,132578,5148,2471,2677
51455,159458,26871,76648,19562,132586,5148,2471,2677
51460,159479,26873,76657,19562,132602,5149,2471,2678
51465,159489,26878,76662,19566,132611,5149,2471,2678
51470,159510,26882,76672,19568,132626,5150,2471,2679
51475,159520,26886,76679,19572,132633,5150,2471,2679
51480,159541,26889,76689,19573,132651,5151,2471,2680
51485,159551,26889,76693,19573,132661,5151,2471,2680
51490,159572,26891,76699,19574,132680,5152,2471,2681
51495,159582,26891,76705,19574,132691,5152,2471,2681
51500,159603,26893,76716,19575,132710,5153,2471,2682
51505,159613,26893,76720,19575,132720,5153,2471,2682
51510,159634,26895,76730,19577,132739,5154,2472,2682
51515,159644,26895,76732,19577,132749,5154,2472,2682
51520,159665,26897,76743,19579,132767,5155,2472,2683
51525,159675,26897,76747,19579,132777,5155,2472,2683
51530,159696,26902,76757,19583,132793,5156,2473,2683
51535,159706,26903,76761,19584,132802,5156,2473,2683
51540,159727,26907,76770,19586,132818,5157,2474,2683
51545,159737,26908,76774,19587,132829,5157,2474,2683
51550,159758,26912,76783,19589,132846,5158,2475,2683
51555,159768,26912,76786,19589,132855,5158,2475,2683
51560,159789,26918,76797,19593,132869,5159,2475,2684
51565,159799,26919,76802,19594,132879,5159,2475,2684
51570,159820,26925,76814,19599,132895,5160,2476,2684
51575,159830,26925,76820,19599,132904,5160,2476,2684
51580,159851,26930,76832,19603,132920,5161,2477,2684
51585,159861,26931,76834,19603,132930,5161,2477,2684
51590,159882,26935,76841,19605,132945,5162,2478,2684
51595,159892,26940,76848,19610,132950,5162,2478,2684
51600,159913,26946,76854,19615,132965,5163,2478,2685
51605,159923,26951,76859,19619,132969,5163,2478,2685
51610,159944,26960,76868,19627,132983,5164,2478,2686
51615,159954,26964,76875,19630,132989,5164,2478,2686
51620,159975,26967,76883,19632,133004,5165,2478,2687
51625,159985,26971,76884,19636,133014,5165,2478,2687
51630,160006,26974,76896,19638,133031,5166,2479,2687
51635,160016,26974,76902,19638,133042,5166,2479,2687
51640,160037,26976,76912,19638,133061,5167,2479,2688
51645,160047,26976,76918,19638,133070,5167,2479,2688
51650,160068,26979,76928,19641,133089,5168,2480,2688
51655,160078,26979,76932,19641,133099,5168,2480,2688
51660,160099,26982,76947,19644,133117,5169,2481,2688
51665,160109,26982,76952,19644,133127,5169,2481,2688
51670,160130,26983,76964,19644,133147,5170,2481,2689
51675,160140,26983,76969,19644,133157,5170,2481,2689
51680,160161,26984,76977,19644,133177,5171,2482,2689
51685,160171,26984,76983,19644,133187,5171,2482,2689
51690,160192,26985,76993,19645,133207,5172,2482,2690
51695,160202,26985,76999,19645,133217,5172,2482,2690
51700,160223,26986,77006,19646,133237,5173,2482,2691
51705,160233,26986,77011,19646,133247,5173,2482,2691
51710,160254,26987,77021,19647,133267,5174,2482,2692
51715,160264,26987,77024,19647,133276,5174,2482,2692
51720,160285,26991,77036,19650,133294,5175,2483,2692
51725,160295,26991,77043,19650,133304,5175,2483,2692
51730,160316,26993,77049,19650,133323,5176,2484,2692
51735,160326,26995,77053,19652,133331,5176,2484,2692
51740,160347,26997,77060,19653,133349,5177,2484,2693
51745,160357,27000,77067,19656,133356,5177,2484,2693
51750,160378,27004,77077,19659,133372,5178,2485,2693
51755,160388,27008,77080,19662,133380,5178,2485,2693
51760,160409,27012,77092,19666,133394,5179,2486,2693
51765,160419,27017,77095,19671,133402,5179,2486,2693
51770,160440,27023,77103,19675,133415,5180,2487,2693
51775,160450,27027,77107,19679,133422,5180,2487,2693
51780,160471,27033,77118,19683,133433,5181,2487,2694
51785,160481,27037,77125,19687,133443,5181,2487,2694
51790,160502,27042,77134,19690,133459,5182,2488,2694
51795,160512,27043,77142,19691,133467,5182,2488,2694
51800,160533,27051,77156,19699,133482,5183,2489,2694
51805,160543,27051,77165,19699,133489,5183,2489,2694
51810,160564,27054,77174,19701,133509,5184,2490,2694
51815,160574,27054,77176,19701,133519,5184,2490,2694
51820,160595,27056,77181,19701,133538,5185,2490,2695
51825,160605,27056,77186,19701,133548,5185,2490,2695
51830,160626,27058,77196,19702,133567,5186,2491,2695
51835,160636,27058,77202,19702,133577,5186,2491,2695
51840,160657,27061,77216,19704,133596,5187,2492,2695
51845,160667,27061,77218,19704,133606,5187,2492,2695
51850,160688,27064,77230,19706,133623,5188,2493,2695
51855,160698,27064,77236,19706,133634,5188,2493,2695
51860,160719,27067,77247,19709,133652,5189,2493,2696
51865,160729,27067,77252,19709,133662,5189,2493,2696
51870,160750,27069,77261,19709,133681,5190,2493,2697
51875,160760,27069,77265,19709,133691,5190,2493,2697
51880,160781,27071,77276,19709,133710,5191,2494,2697
51885,160791,27071,77282,19709,133720,5191,2494,2697
51890,160812,27073,77291,19710,133739,5192,2495,2697
51895,160822,27074,77298,19711,133748,5192,2495,2697
51900,160843,27076,77306,19712,133767,5193,2495,2698
51905,160853,27077,77313,19713,133775,5193,2495,2698
51910,160874,27083,77321,19719,133790,5194,2495,2699
51915,160884,27086,77327,19722,133798,5194,2495,2699
51920,160905,27090,77333,19724,133815,5195,2495,2700
51925,160915,27092,77336,19725,133822,5195,2495,2700
51930,160936,27098,77348,19729,133837,5196,2496,2700
51935,160946,27100,77351,19730,133845,5196,2496,2700
51940,160967,27106,77362,19734,133860,5197,2496,2701
51945,160977,27109,77369,19736,133866,5197,2496,2701
51950,160998,27118,77377,19742,133879,5198,2497,2701
51955,161008,27122,77379,19745,133886,5198,2497,2701
51960,161029,27129,77392,19751,133899,5199,2497,2702
51965,161039,27133,77396,19754,133906,5199,2497,2702
51970,161060,27137,77407,19757,133920,5200,2497,2703
51975,161070,27142,77411,19761,133927,5200,2497,2703
51980,161091,27145,77421,19762,133945,5201,2498,2703
51985,161101,27145,77425,19762,133955,5201,2498,2703
51990,161122,27147,77432,19764,133975,5202,2499,2703
51995,161132,27147,77434,19764,133983,5202,2499,2703
52000,161153,27149,77445,19765,134004,5203,2500,2703
52005,161163,27149,77449,19765,134013,5203,2500,2703
52010,161184,27151,77460,19766,134033,5204,2501,2703
52015,161194,27151,77467,19766,134041,5204,2501,2703
52020,161215,27154,77479,19768,134060,5205,2502,2703
52025,161225,27154,77484,19768,134071,5205,2502,2703
52030,161246,27156,77493,19769,134090,5206,2503,2703
52035,161256,27156,77498,19769,134100,5206,2503,2703
52040,161277,27158,77508,19769,134119,5207,2504,2703
52045,161287,27158,77514,19769,134129,5207,2504,2703
52050,161308,27161,77525,19771,134146,5208,2504,2704
52055,161318,27161,77532,19771,134157,5208,2504,2704
52060,161339,27164,77541,19772,134175,5209,2504,2705
52065,161349,27164,77550,19772,134185,5209,2504,2705
52070,161370,27166,77560,19772,134203,5210,2504,2706
52075,161380,27167,77563,19773,134213,5210,2504,2706
52080,161401,27171,77571,19774,134230,5211,2504,2707
52085,161411,27172,77574,19774,134239,5211,2504,2707
52090,161432,27178,77586,19778,134252,5212,2505,2707
52095,161442,27181,77593,19780,134260,5212,2505,2707
52100,161463,27188,77602,19786,134274,5213,2505,2708
52105,161473,27190,77606,19787,134282,5213,2505,2708
52110,161494,27196,77614,19793,134297,5214,2505,2709
52115,161504,27199,77618,19796,134304,5214,2505,2709
52120,161525,27208,77630,19803,134314,5215,2506,2709
52125,161535,27215,77635,19809,134319,5215,2506,2709
52130,161556,27223,77644,19815,134332,5216,2506,2710
52135,161566,27226,77651,19818,134339,5216,2506,2710
52140,161587,27229,77657,19820,134357,5217,2506,2711
52145,161597,27231,77659,19821,134365,5217,2506,2711
52150,161618,27235,77668,19824,134383,5218,2506,2712
52155,161628,27235,77671,19824,134393,5218,2506,2712
52160,161649,27237,77678,19825,134412,5219,2506,2713
52165,161659,27237,77684,19825,134422,5219,2506,2713
52170,161680,27239,77694,19825,134441,5220,2506,2714
52175,161690,27239,77699,19825,134451,5220,2506,2714
52180,161711,27242,77710,19827,134469,5221,2506,2715
52185,161721,27242,77715,19827,134479,5221,2506,2715
52190,161742,27245,77725,19829,134496,5222,2507,2715
52195,161752,27245,77730,19829,134507,5222,2507,2715
52200,161773,27248,77738,19830,134525,5223,2507,2716
52205,161783,27248,77744,19830,134535,5223,2507,2716
52210,161804,27250,77753,19830,134554,5224,2508,2716
52215,161814,27250,77758,19830,134564,5224,2508,2716
52220,161835,27253,77768,19832,134582,5225,2509,2716
52225,161845,27253,77773,19832,134592,5225,2509,2716
52230,161866,27255,77781,19833,134611,5226,2509,2717
52235,161876,27255,77785,19833,134621,5226,2509,2717
52240,161897,27259,77797,19835,134638,5227,2510,2717
52245,161907,27259,77800,19835,134648,5227,2510,2717
52250,161928,27262,77809,19837,134665,5228,2511,2717
52255,161938,27264,77817,19839,134673,5228,2511,2717
52260,161959,27269,77828,19843,134689,5229,2511,2718
52265,161969,27271,77835,19845,134697,5229,2511,2718
52270,161990,27277,77844,19850,134712,5230,2511,2719
52275,162000,27280,77849,19853,134720,5230,2511,2719
52280,162021,27286,77860,19858,134735,5231,2511,2720
52285,162031,27287,77864,19858,134742,5231,2511,2720
52290,162052,27294,77874,19863,134756,5232,2512,2720
52295,162062,27296,77876,19864,134764,5232,2512,2720
52300,162083,27306,77895,19874,134775,5233,2513,2720
52305,162093,27309,77901,19877,134783,5233,2513,2720
52310,162114,27316,77914,19883,134795,5234,2514,2720
52315,162124,27321,77921,19888,134803,5234,2514,2720
52320,162145,27329,77933,19893,134812,5235,2515,2720
52325,162155,27332,77939,19896,134823,5235,2515,2720
52330,162176,27335,77949,19898,134840,5236,2515,2721
52335,162186,27335,77952,19898,134849,5236,2515,2721
52340,162207,27338,77961,19899,134869,5237,2516,2721
52345,162217,27338,77967,19899,134877,5237,2516,2721
52350,162238,27341,77982,19901,134897,5238,2517,2721
52355,162248,27341,77986,19901,134907,5238,2517,2721
52360,162269,27343,77996,19902,134926,5239,2518,2721
52365,162279,27343,78002,19902,134936,5239,2518,2721
52370,162300,27346,78014,19905,134954,5240,2519,2721
52375,162310,27346,78020,19905,134964,5240,2519,2721
52380,162331,27348,78029,19906,134983,5241,2519,2722
52385,162341,27348,78033,19906,134993,5241,2519,2722
52390,162362,27351,78042,19907,135011,5242,2520,2722
52395,162372,27351,78047,19907,135021,5242,2520,2722
52400,162393,27354,78057,19908,135039,5243,2520,2723
52405,162403,27354,78062,19908,135049,5243,2520,2723
52410,162424,27356,78070,19909,135068,5244,2520,2724
52415,162434,27356,78073,19909,135078,5244,2520,2724
52420,162455,27359,78085,19911,135096,5245,2520,2725
52425,162465,27359,78090,19911,135106,5245,2520,2725
52430,162486,27364,78100,19914,135122,5246,2520,2726
52435,162496,27365,78107,19915,135130,5246,2520,2726
52440,162517,27371,78116,19919,135146,5247,2521,2726
52445,162527,27372,78121,19919,135154,5247,2521,2726
52450,162548,27376,78126,19921,135172,5248,2522,2726
52455,162558,27378,78131,19922,135178,5248,2522,2726
52460,162579,27385,78142,19928,135193,5249,2523,2726
52465,162589,27388,78148,19931,135200,5249,2523,2726
52470,162610,27395,78159,19937,135213,5250,2524,2726
52475,162620,27399,78166,19941,135220,5250,2524,2726
52480,162641,27405,78180,19947,135233,5251,2524,2727
52485,162651,27410,78187,19951,135241,5251,2524,2727
52490,162672,27415,78199,19954,135253,5252,2524,2728
52495,162682,27420,78203,19958,135262,5252,2524,2728
52500,162703,27423,78211,19960,135278,5253,2525,2728
52505,162713,27425,78218,19962,135288,5253,2525,2728
52510,162734,27428,78227,19965,135305,5254,2525,2729
52515,162744,27428,78235,19965,135316,5254,2525,2729
52520,162765,27430,78245,19965,135334,5255,2526,2729
52525,162775,27430,78248,19965,135345,5255,2526,2729
52530,162796,27433,78262,19968,135362,5256,2526,2730
52535,162806,27433,78268,19968,135373,5256,2526,2730
52540,162827,27436,78278,19971,135391,5257,2526,2731
52545,162837,27436,78283,19971,135401,5257,2526,2731
52550,162858,27439,78292,19974,135419,5258,2527,2731
52555,162868,27439,78296,19974,135429,5258,2527,2731
52560,162889,27441,78304,19975,135447,5259,2528,2731
52565,162899,27441,78311,19975,135456,5259,2528,2731
52570,162920,27444,78326,19978,135475,5260,2529,2731
52575,162930,27444,78328,19978,135486,5260,2529,2731
52580,162951,27446,78336,19979,135505,5261,2529,2732
52585,162961,27446,78341,19979,135514,5261,2529,2732
52590,162982,27450,78348,19981,135532,5262,2529,2733
52595,162992,27451,78355,19982,135539,5262,2529,2733
52600,163013,27457,78364,19987,135555,5263,2530,2733
52605,163023,27458,78369,19988,135563,5263,2530,2733
52610,163044,27467,78380,19995,135577,5264,2531,2733
52615,163054,27469,78386,19997,135584,5264,2531,2733
52620,163075,27477,78395,20003,135596,5265,2531,2734
52625,163085,27481,78399,20006,135604,5265,2531,2734
52630,163106,27484,78409,20008,135621,5266,2532,2734
52635,163116,27486,78416,20010,135630,5266,2532,2734
52640,163137,27490,78431,20013,135645,5267,2532,2735
52645,163147,27493,78435,20016,135654,5267,2532,2735
52650,163168,27495,78444,20017,135671,5268,2532,2736
52655,163178,27498,78447,20019,135680,5268,2532,2736
52660,163199,27499,78456,20019,135700,5269,2533,2736
52665,163209,27500,78461,20020,135709,5269,2533,2736
52670,163230,27504,78474,20024,135724,5270,2533,2737
52675,163240,27508,78477,20027,135732,5270,2533,2737
52680,163261,27509,78487,20027,135752,5271,2533,2738
52685,163271,27509,78491,20027,135762,5271,2533,2738
52690,163292,27510,78502,20028,135781,5272,2533,2739
52695,163302,27510,78506,20028,135792,5272,2533,2739
52700,163323,27511,78517,20028,135811,5273,2533,2740
52705,163333,27511,78522,20028,135822,5273,2533,2740
52710,163354,27512,78531,20029,135842,5274,2534,2740
52715,163364,27512,78534,20029,135852,5274,2534,2740
52720,163385,27513,78542,20029,135872,5275,2535,2740
52725,163395,27513,78548,20029,135882,5275,2535,2740
52730,163416,27515,78560,20029,135900,5276,2535,2741
52735,163426,27515,78562,20029,135911,5276,2535,2741
52740,163447,27517,78574,20030,135930,5277,2536,2741
52745,163457,27518,78580,20031,135937,5277,2536,2741
52750,163478,27526,78590,20038,135952,5278,2536,2742
52755,163488,27527,78593,20039,135961,5278,2536,2742
52760,163509,27533,78605,20044,135976,5279,2536,2743
52765,163519,27534,78611,20045,135982,5279,2536,2743
52770,163540,27542,78620,20051,135998,5280,2537,2743
52775,163550,27542,78625,20051,136007,5280,2537,2743
52780,163571,27545,78636,20053,136026,5281,2537,2744
52785,163581,27546,78641,20053,136034,5281,2537,2744
52790,163602,27550,78652,20056,136052,5282,2537,2745
52795,163612,27552,78661,20058,136058,5282,2537,2745
52800,163633,27557,78675,20062,136076,5283,2537,2746
52805,163643,27558,78682,20063,136083,5283,2537,2746
52810,163664,27562,78693,20066,136101,5284,2538,2746
52815,163674,27564,78700,20067,136110,5284,2538,2746
52820,163695,27569,78711,20071,136126,5285,2538,2747
52825,163705,27571,78719,20072,136134,5285,2538,2747
52830,163726,27574,78727,20075,136151,5286,2538,2748
52835,163736,27575,78730,20076,136161,5286,2538,2748
52840,163757,27578,78746,20079,136179,5287,2539,2748
52845,163767,27580,78752,20081,136187,5287,2539,2748
52850,163788,27583,78762,20083,136204,5288,2540,2748
52855,163798,27584,78766,20083,136214,5288,2540,2748
52860,163819,27589,78780,20087,136230,5289,2541,2748
52865,163829,27589,78785,20087,136240,5289,2541,2748
52870,163850,27592,78793,20088,136258,5290,2542,2748
52875,163860,27592,78799,20088,136267,5290,2542,2748
52880,163881,27596,78811,20090,136283,5291,2542,2749
52885,163891,27597,78816,20091,136294,5291,2542,2749
52890,163912,27601,78824,20094,136311,5292,2542,2750
52895,163922,27601,78825,20094,136321,5292,2542,2750
52900,163943,27604,78831,20094,136339,5293,2542,2751
52905,163953,27605,78837,20095,136348,5293,2542,2751
52910,163974,27610,78848,20097,136362,5294,2543,2751
52915,163984,27610,78854,20097,136373,5294,2543,2751
52920,164005,27615,78863,20100,136388,5295,2543,2752
52925,164015,27618,78867,20103,136397,5295,2543,2752
52930,164036,27623,78875,20107,136413,5296,2544,2752
52935,164046,27625,78881,20109,136420,5296,2544,2752
52940,164067,27631,78890,20114,136435,5297,2544,2753
52945,164077,27632,78892,20115,136445,5297,2544,2753
52950,164098,27634,78902,20116,136464,5298,2545,2753
52955,164108,27634,78906,20116,136474,5298,2545,2753
52960,164129,27636,78917,20118,136493,5299,2546,2753
52965,164139,27637,78925,20119,136501,5299,2546,2753
52970,164160,27640,78933,20120,136520,5300,2546,2754
52975,164170,27641,78938,20121,136529,5300,2546,2754
52980,164191,27643,78951,20123,136548,5301,2547,2754
52985,164201,27645,78959,20125,136556,5301,2547,2754
52990,164222,27648,78965,20126,136574,5302,2548,2754
52995,164232,27649,78971,20127,136583,5302,2548,2754
53000,164253,27653,78984,20130,136600,5303,2548,2755
53005,164263,27655,78988,20131,136608,5303,2548,2755
53010,164284,27658,78998,20132,136626,5304,2548,2756
53015,164294,27660,79005,20134,136633,5304,2548,2756
53020,164315,27662,79014,20134,136652,5305,2549,2756
53025,164325,27664,79022,20135,136661,5305,2549,2756
53030,164346,27667,79026,20136,136677,5306,2550,2756
53035,164356,27672,79033,20141,136684,5306,2550,2756
53040,164377,27677,79040,20144,136698,5307,2550,2757
53045,164387,27679,79044,20146,136707,5307,2550,2757
53050,164408,27685,79054,20151,136723,5308,2551,2757
53055,164418,27685,79061,20151,136732,5308,2551,2757
53060,164439,27691,79072,20155,136747,5309,2552,2757
53065,164449,27691,79077,20155,136757,5309,2552,2757
53070,164470,27696,79088,20159,136773,5310,2552,2758
53075,164480,27696,79093,20159,136784,5310,2552,2758
53080,164501,27700,79105,20162,136800,5311,2553,2758
53085,164511,27702,79113,20164,136807,5311,2553,2758
53090,164532,27708,79120,20168,136824,5312,2553,2759
53095,164542,27709,79126,20169,136832,5312,2553,2759
53100,164563,27716,79140,20174,136847,5313,2554,2759
53105,164573,27716,79145,20174,136857,5313,2554,2759
53110,164594,27719,79158,20176,136875,5314,2554,2760
53115,164604,27719,79163,20176,136885,5314,2554,2760
53120,164625,27721,79170,20177,136904,5315,2554,2761
53125,164635,27721,79175,20177,136914,5315,2554,2761
53130,164656,27723,79182,20178,136933,5316,2555,2761
53135,164666,27723,79186,20178,136941,5316,2555,2761
53140,164687,27725,79194,20180,136962,5317,2556,2761
53145,164697,27725,79198,20180,136970,5317,2556,2761
53150,164718,27728,79212,20183,136990,5318,2557,2761
53155,164728,27729,79217,20183,136998,5318,2557,2761
53160,164749,27732,79227,20186,137017,5319,2557,2762
53165,164759,27733,79233,20187,137025,5319,2557,2762
53170,164780,27736,79241,20188,137043,5320,2557,2763
53175,164790,27738,79245,20189,137051,5320,2557,2763
53180,164811,27740,79251,20190,137071,5321,2558,2763
53185,164821,27741,79252,20190,137080,5321,2558,2763
53190,164842,27745,79263,20194,137096,5322,2558,2764
53195,164852,27747,79269,20195,137104,5322,2558,2764
53200,164873,27752,79279,20199,137120,5323,2558,2765
53205,164883,27754,79283,20201,137129,5323,2558,2765
53210,164904,27760,79293,20205,137142,5324,2559,2765
53215,164914,27764,79297,20208,137150,5324,2559,2765
53220,164935,27769,79307,20212,137162,5325,2559,2766
53225,164945,27772,79310,20215,137173,5325,2559,2766
53230,164966,27777,79321,20219,137188,5326,2560,2766
53235,164976,27778,79326,20220,137197,5326,2560,2766
53240,164997,27783,79338,20224,137214,5327,2561,2766
53245,165007,27783,79343,20224,137223,5327,2561,2766
53250,165028,27788,79352,20227,137239,5328,2562,2766
53255,165038,27789,79354,20228,137249,5328,2562,2766
53260,165059,27794,79364,20233,137263,5329,2562,2767
53265,165069,27795,79369,20234,137273,5329,2562,2767
53270,165090,27799,79378,20235,137291,5330,2562,2768
53275,165100,27799,79381,20235,137300,5330,2562,2768
53280,165121,27805,79395,20240,137316,5331,2563,2768
53285,165131,27806,79402,20241,137323,5331,2563,2768
53290,165152,27812,79412,20247,137340,5332,2563,2769
53295,165162,27812,79419,20247,137350,5332,2563,2769
53300,165183,27815,79426,20248,137368,5333,2563,2770
53305,165193,27815,79432,20248,137378,5333,2563,2770
53310,165214,27818,79440,20249,137395,5334,2563,2771
53315,165224,27818,79447,20249,137404,5334,2563,2771
53320,165245,27820,79454,20250,137424,5335,2564,2771
53325,165255,27820,79459,20250,137434,5335,2564,2771
53330,165276,27824,79472,20253,137452,5336,2565,2771
53335,165286,27825,79476,20253,137461,5336,2565,2771
53340,165307,27828,79486,20254,137478,5337,2566,2771
53345,165317,27830,79492,20256,137485,5337,2566,2771
53350,165338,27833,79502,20258,137505,5338,2566,2772
53355,165348,27834,79507,20259,137513,5338,2566,2772
53360,165369,27838,79521,20263,137530,5339,2566,2773
53365,165379,27839,79526,20263,137540,5339,2566,2773
53370,165400,27841,79536,20263,137555,5340,2567,2773
53375,165410,27846,79540,20267,137564,5340,2567,2773
53380,165431,27849,79547,20268,137578,5341,2567,2774
53385,165441,27853,79548,20271,137588,5341,2567,2774
53390,165462,27858,79554,20274,137602,5342,2567,2775
53395,165472,27859,79559,20275,137612,5342,2567,2775
53400,165493,27863,79571,20278,137629,5343,2568,2775
53405,165503,27863,79576,20278,137640,5343,2568,2775
53410,165524,27868,79584,20281,137655,5344,2569,2775
53415,165534,27868,79588,20281,137665,5344,2569,2775
53420,165555,27872,79592,20283,137683,5345,2569,2776
53425,165565,27872,79597,20283,137693,5345,2569,2776
53430,165586,27876,79608,20286,137709,5346,2570,2776
53435,165596,27876,79611,20286,137720,5346,2570,2776
53440,165617,27880,79621,20288,137736,5347,2571,2776
53445,165627,27880,79625,20288,137746,5347,2571,2776
53450,165648,27885,79634,20291,137762,5348,2571,2777
53455,165658,27886,79637,20292,137772,5348,2571,2777
53460,165679,27891,79646,20297,137788,5349,2571,2778
53465,165689,27891,79650,20297,137797,5349,2571,2778
53470,165710,27898,79661,20303,137811,5350,2571,2779
53475,165720,27899,79665,20304,137820,5350,2571,2779
53480,165741,27905,79680,20308,137836,5351,2572,2779
53485,165751,27905,79688,20308,137846,5351,2572,2779
53490,165772,27907,79696,20309,137865,5352,2572,2780
53495,165782,27907,79701,20309,137875,5352,2572,2780
53500,165803,27909,79709,20310,137894,5353,2573,2780
53505,165813,27910,79715,20311,137903,5353,2573,2780
53510,165834,27913,79724,20313,137921,5354,2573,2781
53515,165844,27914,79729,20313,137929,5354,2573,2781
53520,165865,27918,79740,20315,137946,5355,2574,2781
53525,165875,27919,79744,20316,137955,5355,2574,2781
53530,165896,27924,79759,20320,137972,5356,2575,2781
53535,165906,27925,79764,20321,137980,5356,2575,2781
53540,165927,27927,79774,20322,138000,5357,2575,2782
53545,165937,27929,79780,20323,138008,5357,2575,2782
53550,165958,27932,79792,20325,138026,5358,2576,2782
53555,165968,27933,79799,20326,138035,5358,2576,2782
53560,165989,27935,79809,20328,138054,5359,2577,2782
53565,165999,27938,79815,20330,138061,5359,2577,2782
53570,166020,27943,79823,20334,138075,5360,2577,2783
53575,166030,27946,79829,20337,138083,5360,2577,2783
53580,166051,27951,79845,20341,138095,5361,2577,2784
53585,166061,27955,79848,20345,138105,5361,2577,2784
53590,166082,27958,79858,20346,138122,5362,2577,2785
53595,166092,27959,79862,20347,138131,5362,2577,2785
53600,166113,27963,79869,20349,138149,5363,2577,2786
53605,166123,27964,79874,20350,138157,5363,2577,2786
53610,166144,27969,79882,20353,138175,5364,2577,2787
53615,166154,27969,79890,20353,138184,5364,2577,2787
53620,166175,27973,79899,20357,138201,5365,2577,2788
53625,166185,27974,79903,20358,138210,5365,2577,2788
53630,166206,27979,79914,20361,138226,5366,2578,2788
53635,166216,27981,79921,20363,138234,5366,2578,2788
53640,166237,27987,79931,20368,138249,5367,2579,2788
53645,166247,27988,79935,20369,138259,5367,2579,2788
53650,166268,27993,79948,20373,138274,5368,2579,2789
53655,166278,27993,79953,20373,138283,5368,2579,2789
53660,166299,27999,79967,20378,138299,5369,2580,2789
53665,166309,27999,79972,20378,138308,5369,2580,2789
53670,166330,28005,79985,20383,138325,5370,2580,2790
53675,166340,28005,79989,20383,138334,5370,2580,2790
53680,166361,28009,79999,20386,138351,5371,2581,2790
53685,166371,28010,80005,20387,138360,5371,2581,2790
53690,166392,28014,80012,20390,138378,5372,2581,2791
53695,166402,28015,80017,20391,138387,5372,2581,2791
53700,166423,28019,80025,20393,138403,5373,2582,2791
53705,166433,28020,80031,20393,138413,5373,2582,2791
53710,166454,28022,80039,20394,138432,5374,2583,2791
53715,166464,28023,80046,20394,138440,5374,2583,2791
53720,166485,28026,80060,20397,138457,5375,2584,2791
53725,166495,28029,80062,20400,138466,5375,2584,2791
53730,166516,28032,80072,20402,138484,5376,2585,2791
53735,166526,28033,80076,20402,138492,5376,2585,2791
53740,166547,28035,80089,20402,138509,5377,2586,2791
53745,166557,28039,80091,20405,138518,5377,2586,2791
53750,166578,28041,80104,20406,138535,5378,2587,2791
53755,166588,28044,80108,20409,138544,5378,2587,2791
53760,166609,28047,80115,20412,138562,5379,2587,2792
53765,166619,28048,80120,20413,138571,5379,2587,2792
53770,166640,28052,80135,20417,138587,5380,2587,2793
53775,166650,28054,80138,20418,138596,5380,2587,2793
53780,166671,28057,80145,20420,138614,5381,2587,2794
53785,166681,28058,80149,20421,138623,5381,2587,2794
53790,166702,28061,80159,20423,138641,5382,2587,2795
53795,166712,28062,80163,20423,138650,5382,2587,2795
53800,166733,28065,80173,20426,138668,5383,2588,2795
53805,166743,28067,80181,20427,138674,5383,2588,2795
53810,166764,28075,80192,20434,138687,5384,2588,2796
53815,166774,28078,80198,20437,138696,5384,2588,2796
53820,166795,28085,80210,20443,138707,5385,2589,2796
53825,166805,28087,80214,20445,138718,5385,2589,2796
53830,166826,28091,80223,20447,138734,5386,2590,2796
53835,166836,28092,80227,20448,138743,5386,2590,2796
53840,166857,28097,80242,20453,138759,5387,2591,2796
53845,166867,28098,80244,20454,138768,5387,2591,2796
53850,166888,28103,80252,20457,138784,5388,2591,2797
53855,166898,28104,80256,20458,138793,5388,2591,2797
53860,166919,28109,80264,20461,138809,5389,2592,2797
53865,166929,28110,80267,20462,138818,5389,2592,2797
53870,166950,28115,80280,20465,138833,5390,2593,2797
53875,166960,28117,80288,20467,138841,5390,2593,2797
53880,166981,28122,80298,20471,138857,5391,2594,2797
53885,166991,28123,80302,20472,138868,5391,2594,2797
53890,167012,28125,80310,20472,138887,5392,2594,2798
53895,167022,28125,80315,20472,138897,5392,2594,2798
53900,167043,28128,80326,20473,138915,5393,2595,2798
53905,167053,28128,80330,20473,138925,5393,2595,2798
53910,167074,28131,80343,20476,138943,5394,2596,2798
53915,167084,28131,80352,20476,138951,5394,2596,2798
53920,167105,28133,80362,20477,138971,5395,2596,2799
53925,167115,28133,80365,20477,138981,5395,2596,2799
53930,167136,28135,80376,20478,139001,5396,2596,2800
53935,167146,28136,80380,20478,139009,5396,2596,2800
53940,167167,28138,80392,20478,139029,5397,2597,2800
53945,167177,28139,80398,20479,139038,5397,2597,2800
53950,167198,28142,80408,20481,139056,5398,2598,2800
53955,167208,28143,80413,20482,139065,5398,2598,2800
53960,167229,28146,80420,20484,139083,5399,2599,2800
53965,167239,28147,80426,20485,139092,5399,2599,2800
53970,167260,28149,80439,20486,139111,5400,2599,2801
53975,167270,28150,80445,20486,139120,5400,2599,2801
53980,167291,28153,80459,20489,139138,5401,2600,2801
53985,167301,28154,80462,20490,139147,5401,2600,2801
53990,167322,28158,80470,20493,139162,5402,2600,2802
53995,167332,28161,80473,20495,139171,5402,2600,2802
54000,167353,28166,80479,20498,139185,5403,2600,2803
54005,167363,28169,80482,20500,139194,5403,2600,2803
54010,167384,28174,80490,20503,139208,5404,2600,2804
54015,167394,28178,80497,20507,139215,5404,2600,2804
54020,167415,28184,80507,20511,139226,5405,2600,2805
54025,167425,28190,80512,20517,139234,5405,2600,2805
54030,167446,28196,80522,20521,139248,5406,2600,2806
54035,167456,28200,80526,20524,139255,5406,2600,2806
54040,167477,28205,80534,20527,139269,5407,2600,2807
54045,167487,28210,80537,20532,139276,5407,2600,2807
54050,167508,28216,80548,20537,139292,5408,2601,2807
54055,167518,28217,80552,20538,139301,5408,2601,2807
54060,167539,28220,80559,20540,139318,5409,2602,2807
54065,167549,28221,80564,20541,139326,5409,2602,2807
54070,167570,28229,80576,20548,139341,5410,2602,2808
54075,167580,28229,80582,20548,139351,5410,2602,2808
54080,167601,28232,80596,20551,139369,5411,2603,2808
54085,167611,28232,80600,20551,139379,5411,2603,2808
54090,167632,28235,80608,20553,139397,5412,2604,2808
54095,167642,28235,80615,20553,139407,5412,2604,2808
54100,167663,28237,80626,20554,139426,5413,2604,2809
54105,167673,28237,80628,20554,139436,5413,2604,2809
54110,167694,28239,80635,20556,139455,5414,2604,2810
54115,167704,28239,80639,20556,139465,5414,2604,2810
54120,167725,28241,80648,20558,139483,5415,2605,2810
54125,167735,28241,80654,20558,139494,5415,2605,2810
54130,167756,28243,80662,20558,139513,5416,2605,2811
54135,167766,28243,80668,20558,139522,5416,2605,2811
54140,167787,28246,80679,20559,139540,5417,2605,2812
54145,167797,28246,80681,20559,139550,5417,2605,2812
54150,167818,28249,80694,20561,139568,5418,2606,2812
54155,167828,28250,80697,20562,139576,5418,2606,2812
54160,167849,28254,80707,20566,139595,5419,2606,2813
54165,167859,28255,80713,20567,139603,5419,2606,2813
54170,167880,28260,80725,20572,139619,5420,2607,2813
54175,167890,28263,80728,20575,139627,5420,2607,2813
54180,167911,28268,80735,20578,139641,5421,2607,2814
54185,167921,28271,80740,20580,139648,5421,2607,2814
54190,167942,28277,80753,20585,139662,5422,2608,2814
54195,167952,28280,80758,20588,139672,5422,2608,2814
54200,167973,28284,80768,20591,139686,5423,2608,2815
54205,167983,28288,80770,20594,139695,5423,2608,2815
54210,168004,28294,80780,20598,139707,5424,2608,2816
54215,168014,28298,80787,20602,139715,5424,2608,2816
54220,168035,28302,80795,20604,139732,5425,2609,2816
54225,168045,28304,80801,20606,139741,5425,2609,2816
54230,168066,28309,80812,20609,139752,5426,2609,2817
54235,168076,28312,80814,20612,139763,5426,2609,2817
54240,168097,28316,80821,20614,139781,5427,2609,2818
54245,168107,28316,80824,20614,139791,5427,2609,2818
54250,168128,28319,80836,20616,139809,5428,2610,2818
54255,168138,28319,80839,20616,139819,5428,2610,2818
54260,168159,28323,80848,20617,139836,5429,2610,2819
54265,168169,28323,80853,20617,139845,5429,2610,2819
54270,168190,28327,80860,20619,139863,5430,2610,2820
54275,168200,28328,80864,20620,139871,5430,2610,2820
54280,168221,28333,80873,20625,139888,5431,2610,2821
54285,168231,28334,80880,20626,139896,5431,2610,2821
54290,168252,28339,80890,20629,139913,5432,2610,2822
54295,168262,28341,80895,20631,139919,5432,2610,2822
54300,168283,28346,80905,20634,139937,5433,2611,2822
54305,168293,28346,80909,20634,139946,5433,2611,2822
54310,168314,28348,80921,20635,139966,5434,2612,2822
54315,168324,28348,80926,20635,139976,5434,2612,2822
54320,168345,28350,80936,20637,139995,5435,2613,2822
54325,168355,28350,80938,20637,140005,5435,2613,2822
54330,168376,28352,80949,20638,140024,5436,2613,2823
54335,168386,28352,80954,20638,140033,5436,2613,2823
54340,168407,28354,80963,20638,140053,5437,2614,2823
54345,168417,28355,80968,20638,140062,5437,2614,2823
54350,168438,28357,80978,20639,140081,5438,2614,2824
54355,168448,28358,80985,20640,140089,5438,2614,2824
54360,168469,28362,80996,20644,140104,5439,2615,2824
54365,168479,28365,81002,20646,140113,5439,2615,2824
54370,168500,28370,81017,20651,140127,5440,2616,2824
54375,168510,28373,81020,20654,140137,5440,2616,2824
54380,168531,28377,81028,20656,140153,5441,2616,2825
54385,168541,28379,81033,20657,140162,5441,2616,2825
54390,168562,28381,81043,20658,140178,5442,2617,2825
54395,168572,28384,81048,20660,140188,5442,2617,2825
54400,168593,28387,81058,20661,140203,5443,2617,2826
54405,168603,28391,81062,20664,140212,5443,2617,2826
54410,168624,28397,81073,20668,140225,5444,2618,2826
54415,168634,28400,81079,20670,140233,5444,2618,2826
54420,168655,28406,81091,20675,140247,5445,2618,2827
54425,168665,28408,81097,20677,140257,5445,2618,2827
54430,168686,28411,81110,20679,140273,5446,2619,2827
54435,168696,28411,81114,20679,140285,5446,2619,2827
54440,168717,28414,81121,20680,140303,5447,2619,2828
54445,168727,28414,81122,20680,140313,5447,2619,2828
54450,168748,28417,81129,20681,140331,5448,2619,2829
54455,168758,28417,81136,20681,140341,5448,2619,2829
54460,168779,28420,81141,20683,140359,5449,2619,2830
54465,168789,28421,81145,20684,140368,5449,2619,2830
54470,168810,28424,81156,20687,140385,5450,2619,2831
54475,168820,28425,81163,20688,140394,5450,2619,2831
54480,168841,28429,81177,20691,140412,5451,2620,2831
54485,168851,28430,81182,20692,140420,5451,2620,2831
54490,168872,28433,81188,20694,140439,5452,2620,2832
54495,168882,28434,81194,20695,140445,5452,2620,2832
54500,168903,28437,81208,20698,140466,5453,2621,2832
54505,168913,28437,81214,20698,140475,5453,2621,2832
54510,168934,28438,81228,20699,140496,5454,2621,2833
54515,168944,28438,81231,20699,140506,5454,2621,2833
54520,168965,28439,81241,20700,140526,5455,2621,2834
54525,168975,28439,81243,20700,140535,5455,2621,2834
54530,168996,28443,81254,20703,140553,5456,2621,2835
54535,169006,28445,81258,20704,140561,5456,2621,2835
54540,169027,28450,81270,20709,140577,5457,2622,2835
54545,169037,28451,81274,20709,140585,5457,2622,2835
54550,169058,28455,81285,20712,140602,5458,2622,2836
54555,169068,28456,81288,20713,140612,5458,2622,2836
54560,169089,28461,81300,20716,140623,5459,2623,2836
54565,169099,28468,81305,20723,140631,5459,2623,2836
54570,169120,28472,81317,20727,140646,5460,2623,2837
54575,169130,28472,81321,20727,140658,5460,2623,2837
54580,169151,28474,81330,20729,140677,5461,2624,2837
54585,169161,28474,81335,20729,140687,5461,2624,2837
54590,169182,28476,81344,20729,140705,5462,2624,2838
54595,169192,28476,81349,20729,140716,5462,2624,2838
54600,169213,28479,81359,20730,140733,5463,2625,2838
54605,169223,28479,81367,20730,140743,5463,2625,2838
54610,169244,28483,81374,20734,140761,5464,2625,2839
54615,169254,28483,81381,20734,140770,5464,2625,2839
54620,169275,28487,81387,20735,140787,5465,2625,2840
54625,169285,28488,81394,20736,140796,5465,2625,2840
54630,169306,28493,81403,20739,140813,5466,2626,2840
54635,169316,28493,81406,20739,140821,5466,2626,2840
54640,169337,28501,81419,20747,140835,5467,2626,2841
54645,169347,28503,81421,20749,140844,5467,2626,2841
54650,169368,28508,81429,20753,140860,5468,2626,2842
54655,169378,28509,81434,20754,140867,5468,2626,2842
54660,169399,28516,81442,20759,140883,5469,2626,2843
54665,169409,28516,81448,20759,140891,5469,2626,2843
54670,169430,28518,81457,20761,140912,5470,2626,2844
54675,169440,28518,81463,20761,140921,5470,2626,2844
54680,169461,28523,81477,20765,140938,5471,2627,2844
54685,169471,28525,81484,20766,140945,5471,2627,2844
54690,169492,28527,81492,20766,140965,5472,2628,2844
54695,169502,28529,81497,20768,140971,5472,2628,2844
54700,169523,28531,81508,20769,140992,5473,2628,2845
54705,169533,28532,81515,20769,141000,5473,2628,2845
54710,169554,28535,81523,20770,141017,5474,2629,2845
54715,169564,28537,81527,20771,141026,5474,2629,2845
54720,169585,28540,81536,20773,141044,5475,2630,2845
54725,169595,28542,81539,20774,141053,5475,2630,2845
54730,169616,28546,81549,20778,141070,5476,2631,2845
54735,169626,28548,81556,20779,141078,5476,2631,2845
54740,169647,28552,81565,20782,141095,5477,2632,2845
54745,169657,28553,81571,20783,141104,5477,2632,2845
54750,169678,28556,81579,20785,141122,5478,2632,2846
54755,169688,28558,81584,20786,141130,5478,2632,2846
54760,169709,28562,81594,20789,141146,5479,2633,2846
54765,169719,28565,81599,20792,141154,5479,2633,2846
54770,169740,28570,81612,20796,141167,5480,2633,2847
54775,169750,28575,81617,20801,141175,5480,2633,2847
54780,169771,28579,81621,20802,141191,5481,2633,2848
54785,169781,28580,81628,20803,141200,5481,2633,2848
54790,169802,28585,81638,20808,141217,5482,2633,2849
54795,169812,28585,81644,20808,141226,5482,2633,2849
54800,169833,28590,81653,20811,141243,5483,2633,2850
54805,169843,28591,81659,20812,141251,5483,2633,2850
54810,169864,28596,81671,20816,141267,5484,2634,2850
54815,169874,28597,81676,20817,141275,5484,2634,2850
54820,169895,28602,81686,20819,141293,5485,2635,2850
54825,169905,28602,81689,20819,141301,5485,2635,2850
54830,169926,28609,81697,20825,141316,5486,2636,2850
54835,169936,28611,81702,20827,141324,5486,2636,2850
54840,169957,28614,81710,20829,141342,5487,2636,2851
54845,169967,28614,81716,20829,141351,5487,2636,2851
54850,169988,28617,81727,20831,141370,5488,2636,2852
54855,169998,28617,81730,20831,141381,5488,2636,2852
54860,170019,28619,81739,20832,141400,5489,2636,2853
54865,170029,28619,81744,20832,141408,5489,2636,2853
54870,170050,28622,81758,20834,141427,5490,2637,2853
54875,170060,28622,81763,20834,141437,5490,2637,2853
54880,170081,28624,81774,20836,141456,5491,2638,2853
54885,170091,28624,81781,20836,141467,5491,2638,2853
54890,170112,28628,81792,20840,141481,5492,2638,2854
54895,170122,28631,81796,20843,141491,5492,2638,2854
54900,170143,28634,81808,20846,141506,5493,2639,2854
54905,170153,28639,81813,20850,141514,5493,2639,2854
54910,170174,28643,81822,20852,141529,5494,2640,2854
54915,170184,28645,81824,20853,141539,5494,2640,2854
54920,170205,28648,81833,20854,141553,5495,2641,2854
54925,170215,28652,81838,20858,141563,5495,2641,2854
54930,170236,28655,81852,20861,141580,5496,2642,2854
54935,170246,28655,81857,20861,141591,5496,2642,2854
54940,170267,28657,81868,20862,141610,5497,2643,2854
54945,170277,28657,81876,20862,141620,5497,2643,2854
54950,170298,28661,81887,20865,141637,5498,2644,2854
54955,170308,28661,81894,20865,141646,5498,2644,2854
54960,170329,28665,81900,20868,141664,5499,2644,2855
54965,170339,28666,81908,20869,141672,5499,2644,2855
54970,170360,28670,81919,20872,141690,5500,2645,2855
54975,170370,28670,81921,20872,141699,5500,2645,2855
54980,170391,28674,81933,20876,141717,5501,2645,2856
54985,170401,28675,81937,20877,141726,5501,2645,2856
54990,170422,28679,81947,20880,141743,5502,2646,2856
54995,170432,28681,81952,20882,141751,5502,2646,2856
55000,170453,28687,81962,20886,141766,5503,2646,2857
55005,170463,28688,81965,20887,141775,5503,2646,2857
55010,170484,28693,81979,20891,141791,5504,2647,2857
55015,170494,28693,81983,20891,141800,5504,2647,2857
55020,170515,28699,81993,20894,141816,5505,2648,2857
55025,170525,28700,81999,20895,141823,5505,2648,2857
55030,170546,28705,82013,20899,141841,5506,2649,2857
55035,170556,28706,82017,20899,141850,5506,2649,2857
55040,170577,28709,82026,20901,141868,5507,2650,2857
55045,170587,28711,82028,20902,141876,5507,2650,2857
55050,170608,28715,82039,20904,141893,5508,2650,2858
55055,170618,28717,82043,20905,141901,5508,2650,2858
55060,170639,28722,82054,20909,141915,5509,2650,2859
55065,170649,28726,82057,20912,141922,5509,2650,2859
55070,170670,28729,82062,20914,141941,5510,2650,2860
55075,170680,28731,82070,20915,141948,5510,2650,2860
55080,170701,28736,82082,20919,141964,5511,2651,2860
55085,170711,28740,82088,20922,141971,5511,2651,2860
55090,170732,28743,82099,20924,141988,5512,2652,2860
55095,170742,28743,82103,20924,141999,5512,2652,2860
55100,170763,28745,82112,20925,142018,5513,2653,2860
55105,170773,28745,82119,20925,142028,5513,2653,2860
55110,170794,28748,82128,20927,142046,5514,2653,2861
55115,170804,28748,82132,20927,142056,5514,2653,2861
55120,170825,28751,82147,20930,142074,5515,2653,2862
55125,170835,28751,82154,20930,142084,5515,2653,2862
55130,170856,28753,82169,20932,142102,5516,2653,2863
55135,170866,28754,82173,20933,142111,5516,2653,2863
55140,170887,28759,82181,20936,142127,5517,2653,2864
55145,170897,28760,82186,20937,142136,5517,2653,2864
55150,170918,28766,82197,20941,142151,5518,2653,2865
55155,170928,28768,82203,20943,142159,5518,2653,2865
55160,170949,28774,82212,20947,142174,5519,2654,2865
55165,170959,28774,82214,20947,142185,5519,2654,2865
55170,170980,28778,82225,20949,142200,5520,2655,2865
55175,170990,28779,82230,20950,142210,5520,2655,2865
55180,171011,28785,82238,20955,142226,5521,2655,2866
55185,171021,28785,82243,20955,142234,5521,2655,2866
55190,171042,28787,82252,20956,142255,5522,2656,2866
55195,171052,28788,82258,20956,142262,5522,2656,2866
55200,171073,28791,82267,20958,142282,5523,2656,2867
55205,171083,28792,82271,20959,142291,5523,2656,2867
55210,171104,28796,82283,20961,142305,5524,2657,2867
55215,171114,28800,82285,20964,142313,5524,2657,2867
55220,171135,28803,82294,20966,142330,5525,2658,2867
55225,171145,28805,82300,20967,142338,5525,2658,2867
55230,171166,28809,82313,20970,142354,5526,2659,2867
55235,171176,28812,82319,20972,142364,5526,2659,2867
55240,171197,28815,82328,20974,142378,5527,2659,2868
55245,171207,28820,82332,20978,142387,5527,2659,2868
55250,171228,28824,82340,20980,142402,5528,2660,2868
55255,171238,28827,82343,20982,142411,5528,2660,2868
55260,171259,28831,82358,20986,142427,5529,2661,2868
55265,171269,28831,82363,20986,142438,5529,2661,2868
55270,171290,28833,82376,20988,142457,5530,2662,2868
55275,171300,28833,82381,20988,142467,5530,2662,2868
55280,171321,28836,82393,20991,142484,5531,2663,2868
55285,171331,28836,82397,20991,142495,5531,2663,2868
55290,171352,28840,82406,20992,142511,5532,2663,2869
55295,171362,28841,82409,20993,142521,5532,2663,2869
55300,171383,28844,82419,20995,142539,5533,2663,2870
55305,171393,28844,82423,20995,142549,5533,2663,2870
55310,171414,28849,82434,21000,142564,5534,2664,2870
55315,171424,28850,82436,21001,142574,5534,2664,2870
55320,171445,28854,82446,21004,142591,5535,2664,2871
55325,171455,28854,82449,21004,142599,5535,2664,2871
55330,171476,28860,82458,21008,142616,5536,2664,2872
55335,171486,28860,82463,21008,142625,5536,2664,2872
55340,171507,28865,82474,21013,142641,5537,2664,2873
55345,171517,28867,82478,21015,142649,5537,2664,2873
55350,171538,28875,82488,21021,142662,5538,2664,2874
55355,171548,28876,82492,21022,142670,5538,2664,2874
55360,171569,28883,82503,21027,142686,5539,2665,2874
55365,171579,28883,82509,21027,142696,5539,2665,2874
55370,171600,28887,82522,21030,142709,5540,2665,2875
55375,171610,28893,82526,21035,142717,5540,2665,2875
55380,171631,28900,82539,21042,142729,5541,2665,2876
55385,171641,28903,82545,21045,142738,5541,2665,2876
55390,171662,28907,82552,21047,142755,5542,2665,2877
55395,171672,28909,82558,21048,142763,5542,2665,2877
55400,171693,28911,82566,21050,142782,5543,2665,2878
55405,171703,28911,82569,21050,142791,5543,2665,2878
55410,171724,28913,82578,21052,142811,5544,2666,2878
55415,171734,28913,82582,21052,142820,5544,2666,2878
55420,171755,28916,82594,21053,142838,5545,2666,2879
55425,171765,28916,82597,21053,142849,5545,2666,2879
55430,171786,28918,82605,21054,142868,5546,2667,2879
55435,171796,28918,82610,21054,142878,5546,2667,2879
55440,171817,28920,82618,21055,142897,5547,2668,2879
55445,171827,28920,82624,21055,142906,5547,2668,2879
55450,171848,28923,82634,21058,142924,5548,2668,2880
55455,171858,28923,82639,21058,142934,5548,2668,2880
55460,171879,28926,82647,21060,142951,5549,2669,2880
55465,171889,28926,82652,21060,142963,5549,2669,2880
55470,171910,28930,82665,21063,142979,5550,2669,2881
55475,171920,28930,82671,21063,142990,5550,2669,2881
55480,171941,28935,82683,21065,143005,5551,2670,2881
55485,171951,28935,82687,21065,143015,5551,2670,2881
55490,171972,28939,82693,21066,143033,5552,2670,2882
55495,171982,28939,82700,21066,143043,5552,2670,2882
55500,172003,28944,82710,21069,143058,5553,2670,2883
55505,172013,28947,82717,21072,143065,5553,2670,2883
55510,172034,28952,82725,21077,143080,5554,2670,2884
55515,172044,28954,82729,21079,143090,5554,2670,2884
55520,172065,28957,82741,21080,143106,5555,2671,2884
55525,172075,28960,82746,21083,143115,5555,2671,2884
55530,172096,28965,82755,21087,143130,5556,2672,2884
55535,172106,28967,82757,21088,143138,5556,2672,2884
55540,172127,28973,82766,21091,143153,5557,2673,2884
55545,172137,28974,82771,21092,143161,5557,2673,2884
55550,172158,28980,82782,21098,143178,5558,2673,2885
55555,172168,28981,82789,21098,143187,5558,2673,2885
55560,172189,28984,82797,21099,143204,5559,2673,2886
55565,172199,28985,82805,21100,143213,5559,2673,2886
55570,172220,28988,82815,21101,143229,5560,2673,2887
55575,172230,28992,82823,21105,143237,5560,2673,2887
55580,172251,28995,82837,21107,143251,5561,2674,2887
55585,172261,29001,82842,21113,143260,5561,2674,2887
55590,172282,29005,82849,21116,143276,5562,2675,2887
55595,172292,29007,82852,21117,143285,5562,2675,2887
55600,172313,29010,82862,21118,143300,5563,2676,2887
55605,172323,29015,82867,21122,143308,5563,2676,2887
55610,172344,29020,82878,21126,143324,5564,2677,2887
55615,172354,29020,82882,21126,143334,5564,2677,2887
55620,172375,29022,82894,21128,143353,5565,2677,2888
55625,172385,29022,82901,21128,143363,5565,2677,2888
55630,172406,29025,82912,21130,143381,5566,2678,2888
55635,172416,29025,82916,21130,143391,5566,2678,2888
55640,172437,29028,82927,21132,143409,5567,2678,2889
55645,172447,29028,82933,21132,143419,5567,2678,2889
55650,172468,29031,82943,21134,143437,5568,2678,2890
55655,172478,29031,82948,21134,143447,5568,2678,2890
55660,172499,29035,82962,21136,143464,5569,2679,2890
55665,172509,29035,82967,21136,143473,5569,2679,2890
55670,172530,29039,82975,21137,143491,5570,2680,2890
55675,172540,29039,82979,21137,143501,5570,2680,2890
55680,172561,29043,82985,21139,143518,5571,2680,2891
55685,172571,29043,82988,21139,143528,5571,2680,2891
55690,172592,29047,82999,21141,143544,5572,2681,2891
55695,172602,29048,83005,21142,143552,5572,2681,2891
55700,172623,29054,83014,21146,143569,5573,2681,2892
55705,172633,29055,83019,21147,143577,5573,2681,2892
55710,172654,29060,83026,21149,143594,5574,2681,2893
55715,172664,29060,83030,21149,143604,5574,2681,2893
55720,172685,29066,83040,21152,143618,5575,2682,2893
55725,172695,29069,83044,21154,143625,5575,2682,2893
55730,172716,29077,83053,21161,143639,5576,2682,2894
55735,172726,29080,83059,21163,143645,5576,2682,2894
55740,172747,29085,83067,21165,143660,5577,2682,2895
55745,172757,29088,83072,21167,143668,5577,2682,2895
55750,172778,29092,83082,21170,143685,5578,2683,2895
55755,172788,29094,83088,21171,143694,5578,2683,2895
55760,172809,29097,83100,21174,143710,5579,2684,2895
55765,172819,29100,83103,21176,143719,5579,2684,2895
55770,172840,29103,83115,21179,143734,5580,2685,2895
55775,172850,29107,83121,21182,143740,5580,2685,2895
55780,172871,29110,83133,21185,143759,5581,2686,2895
55785,172881,29111,83138,21186,143769,5581,2686,2895
55790,172902,29114,83145,21187,143787,5582,2686,2896
55795,172912,29114,83149,21187,143797,5582,2686,2896
55800,172933,29116,83162,21188,143816,5583,2686,2897
55805,172943,29116,83170,21188,143827,5583,2686,2897
55810,172964,29118,83178,21189,143846,5584,2687,2897
55815,172974,29118,83185,21189,143856,5584,2687,2897
55820,172995,29121,83194,21192,143874,5585,2687,2898
55825,173005,29121,83201,21192,143884,5585,2687,2898
55830,173026,29124,83211,21194,143902,5586,2688,2898
55835,173036,29124,83215,21194,143912,5586,2688,2898
55840,173057,29126,83224,21195,143931,5587,2688,2899
55845,173067,29126,83229,21195,143941,5587,2688,2899
55850,173088,29129,83244,21197,143958,5588,2689,2899
55855,173098,29130,83248,21198,143968,5588,2689,2899
55860,173119,29135,83258,21200,143984,5589,2689,2900
55865,173129,29135,83262,21200,143993,5589,2689,2900
55870,173150,29139,83272,21203,144010,5590,2690,2900
55875,173160,29140,83275,21204,144020,5590,2690,2900
55880,173181,29142,83282,21205,144039,5591,2690,2901
55885,173191,29142,83287,21205,144048,5591,2690,2901
55890,173212,29147,83297,21210,144065,5592,2690,2902
55895,173222,29148,83303,21211,144074,5592,2690,2902
55900,173243,29151,83316,21214,144091,5593,2690,2903
55905,173253,29153,83318,21215,144100,5593,2690,2903
55910,173274,29159,83329,21219,144113,5594,2690,2904
55915,173284,29163,83333,21222,144119,5594,2690,2904
55920,173305,29168,83343,21226,144137,5595,2690,2905
55925,173315,29169,83347,21226,144145,5595,2690,2905
55930,173336,29170,83356,21226,144164,5596,2691,2905
55935,173346,29173,83362,21229,144172,5596,2691,2905
55940,173367,29174,83368,21229,144190,5597,2692,2905
55945,173377,29177,83374,21231,144199,5597,2692,2905
55950,173398,29179,83382,21233,144215,5598,2692,2906
55955,173408,29183,83384,21236,144224,5598,2692,2906
55960,173429,29185,83390,21237,144243,5599,2693,2906
55965,173439,29187,83395,21239,144251,5599,2693,2906
55970,173460,29189,83400,21239,144268,5600,2693,2907
55975,173470,29192,83404,21241,144278,5600,2693,2907
55980,173491,29195,83416,21243,144293,5601,2694,2907
55985,173501,29198,83421,21246,144303,5601,2694,2907
55990,173522,29201,83434,21248,144318,5602,2694,2908
55995,173532,29204,83437,21250,144328,5602,2694,2908
56000,173553,29207,83446,21252,144344,5603,2695,2908
56005,173563,29210,83450,21254,144353,5603,2695,2908
56010,173584,29213,83458,21255,144371,5604,2696,2908
56015,173594,29213,83465,21255,144381,5604,2696,2908
56020,173615,29215,83475,21257,144399,5605,2697,2908
56025,173625,29215,83479,21257,144410,5605,2697,2908
56030,173646,29219,83487,21259,144426,5606,2697,2909
56035,173656,29220,83494,21260,144436,5606,2697,2909
56040,173677,29225,83507,21264,144451,5607,2698,2909
56045,173687,29226,83511,21265,144461,5607,2698,2909
56050,173708,29230,83517,21266,144478,5608,2698,2910
56055,173718,29230,83523,21266,144487,5608,2698,2910
56060,173739,29235,83528,21268,144504,5609,2698,2911
56065,173749,29235,83533,21268,144513,5609,2698,2911
56070,173770,29239,83540,21270,144531,5610,2699,2911
56075,173780,29239,83544,21270,144538,5610,2699,2911
56080,173801,29246,83551,21275,144554,5611,2699,2912
56085,173811,29248,83559,21277,144559,5611,2699,2912
56090,173832,29256,83571,21284,144576,5612,2699,2913
56095,173842,29256,83577,21284,144584,5612,2699,2913
56100,173863,29259,83584,21285,144604,5613,2700,2913
56105,173873,29259,83588,21285,144614,5613,2700,2913
56110,173894,29262,83598,21287,144632,5614,2700,2914
56115,173904,29262,83601,21287,144642,5614,2700,2914
56120,173925,29265,83610,21289,144660,5615,2701,2914
56125,173935,29266,83615,21289,144669,5615,2701,2914
56130,173956,29270,83620,21291,144686,5616,2701,2915
56135,173966,29271,83623,21291,144695,5616,2701,2915
56140,173987,29275,83632,21293,144712,5617,2701,2916
56145,173997,29276,83637,21294,144721,5617,2701,2916
56150,174018,29281,83647,21299,144736,5618,2702,2916
56155,174028,29285,83650,21302,144743,5618,2702,2916
56160,174049,29290,83660,21305,144758,5619,2703,2916
56165,174059,29293,83664,21307,144766,5619,2703,2916
56170,174080,29299,83675,21312,144781,5620,2704,2916
56175,174090,29301,83681,21313,144789,5620,2704,2916
56180,174111,29303,83693,21315,144808,5621,2704,2917
56185,174121,29303,83694,21315,144818,5621,2704,2917
56190,174142,29306,83705,21316,144835,5622,2704,2918
56195,174152,29306,83709,21316,144846,5622,2704,2918
56200,174173,29311,83723,21319,144860,5623,2705,2918
56205,174183,29312,83725,21320,144871,5623,2705,2918
56210,174204,29316,83736,21323,144886,5624,2705,2919
56215,174214,29317,83739,21324,144895,5624,2705,2919
56220,174235,29324,83750,21330,144910,5625,2705,2920
56225,174245,29325,83757,21331,144919,5625,2705,2920
56230,174266,29330,83768,21335,144935,5626,2706,2920
56235,174276,29331,83772,21336,144945,5626,2706,2920
56240,174297,29335,83775,21337,144962,5627,2707,2920
56245,174307,29335,83780,21337,144972,5627,2707,2920
56250,174328,29338,83789,21338,144988,5628,2708,2920
56255,174338,29339,83792,21339,144999,5628,2708,2920
56260,174359,29343,83803,21341,145016,5629,2709,2920
56265,174369,29344,83807,21342,145024,5629,2709,2920
56270,174390,29352,83816,21349,145038,5630,2710,2920
56275,174400,29353,83822,21350,145046,5630,2710,2920
56280,174421,29355,83835,21350,145065,5631,2711,2920
56285,174431,29355,83840,21350,145074,5631,2711,2920
56290,174452,29358,83850,21352,145093,5632,2711,2921
56295,174462,29359,83857,21353,145101,5632,2711,2921
56300,174483,29363,83869,21356,145120,5633,2711,2922
56305,174493,29365,83873,21357,145128,5633,2711,2922
56310,174514,29368,83880,21359,145145,5634,2711,2923
56315,174524,29370,83884,21360,145154,5634,2711,2923
56320,174545,29374,83896,21364,145168,5635,2711,2924
56325,174555,29378,83901,21367,145177,5635,2711,2924
56330,174576,29382,83912,21371,145191,5636,2711,2925
56335,174586,29387,83917,21375,145199,5636,2711,2925
56340,174607,29392,83929,21380,145212,5637,2711,2926
56345,174617,29393,83933,21381,145224,5637,2711,2926
56350,174638,29395,83946,21382,145242,5638,2712,2926
56355,174648,29395,83947,21382,145253,5638,2712,2926
56360,174669,29398,83959,21383,145271,5639,2712,2927
56365,174679,29398,83960,21383,145281,5639,2712,2927
56370,174700,29400,83969,21383,145300,5640,2713,2927
56375,174710,29400,83976,21383,145310,5640,2713,2927
56380,174731,29402,83981,21383,145329,5641,2713,2928
56385,174741,29402,83986,21383,145338,5641,2713,2928
56390,174762,29407,83995,21386,145355,5642,2713,2929
56395,174772,29407,84000,21386,145364,5642,2713,2929
56400,174793,29412,84011,21390,145380,5643,2714,2929
56405,174803,29413,84015,21391,145389,5643,2714,2929
56410,174824,29418,84023,21394,145406,5644,2714,2930
56415,174834,29420,84030,21396,145413,5644,2714,2930
56420,174855,29426,84043,21400,145429,5645,2715,2930
56425,174865,29428,84049,21402,145436,5645,2715,2930
56430,174886,29433,84056,21405,145453,5646,2715,2931
56435,174896,29434,84061,21406,145461,5646,2715,2931
56440,174917,29440,84073,21412,145477,5647,2716,2931
56445,174927,29441,84078,21413,145484,5647,2716,2931
56450,174948,29448,84091,21419,145499,5648,2716,2932
56455,174958,29450,84095,21420,145507,5648,2716,2932
56460,174979,29452,84105,21421,145527,5649,2717,2932
56465,174989,29453,84109,21421,145535,5649,2717,2932
56470,175010,29455,84117,21423,145554,5650,2717,2933
56475,175020,29457,84120,21424,145563,5650,2717,2933
56480,175041,29461,84130,21428,145576,5651,2717,2934
56485,175051,29466,84137,21432,145583,5651,2717,2934
56490,175072,29468,84145,21433,145600,5652,2717,2935
56495,175082,29472,84149,21436,145610,5652,2717,2935
56500,175103,29475,84160,21438,145627,5653,2718,2935
56505,175113,29476,84165,21439,145637,5653,2718,2935
56510,175134,29480,84176,21443,145651,5654,2718,2936
56515,175144,29484,84180,21447,145660,5654,2718,2936
56520,175165,29488,84191,21449,145676,5655,2719,2936
56525,175175,29489,84195,21450,145686,5655,2719,2936
56530,175196,29492,84204,21453,145704,5656,2720,2936
56535,175206,29492,84206,21453,145714,5656,2720,2936
56540,175227,29494,84213,21453,145733,5657,2721,2936
56545,175237,29494,84218,21453,145743,5657,2721,2936
56550,175258,29496,84223,21454,145762,5658,2721,2937
56555,175268,29496,84228,21454,145772,5658,2721,2937
56560,175289,29500,84239,21456,145789,5659,2722,2937
56565,175299,29500,84246,21456,145797,5659,2722,2937
56570,175320,29507,84258,21463,145813,5660,2722,2938
56575,175330,29507,84260,21463,145822,5660,2722,2938
56580,175351,29511,84267,21464,145839,5661,2722,2939
56585,175361,29512,84272,21465,145847,5661,2722,2939
56590,175382,29518,84287,21469,145863,5662,2723,2939
56595,175392,29519,84290,21470,145872,5662,2723,2939
56600,175413,29528,84300,21477,145885,5663,2724,2939
56605,175423,29529,84305,21478,145892,5663,2724,2939
56610,175444,29535,84316,21482,145909,5664,2724,2940
56615,175454,29535,84322,21482,145916,5664,2724,2940
56620,175475,29538,84331,21484,145937,5665,2725,2940
56625,175485,29538,84333,21484,145947,5665,2725,2940
56630,175506,29540,84342,21486,145966,5666,2725,2941
56635,175516,29541,84346,21487,145975,5666,2725,2941
56640,175537,29544,84355,21489,145992,5667,2725,2942
56645,175547,29546,84358,21490,146001,5667,2725,2942
56650,175568,29550,84372,21494,146018,5668,2726,2942
56655,175578,29551,84375,21495,146027,5668,2726,2942
56660,175599,29553,84382,21495,146046,5669,2726,2943
56665,175609,29554,84386,21495,146054,5669,2726,2943
56670,175630,29558,84398,21498,146070,5670,2727,2943
56675,175640,29560,84402,21500,146080,5670,2727,2943
56680,175661,29564,84412,21504,146096,5671,2727,2944
56685,175671,29566,84416,21506,146105,5671,2727,2944
56690,175692,29569,84424,21507,146122,5672,2727,2945
56695,175702,29572,84427,21509,146130,5672,2727,2945
56700,175723,29577,84443,21512,146143,5673,2728,2945
56705,175733,29581,84447,21516,146152,5673,2728,2945
56710,175754,29584,84455,21518,146170,5674,2729,2945
56715,175764,29585,84458,21518,146179,5674,2729,2945
56720,175785,29589,84469,21521,146196,5675,2729,2946
56725,175795,29590,84474,21522,146204,5675,2729,2946
56730,175816,29597,84487,21529,146218,5676,2729,2947
56735,175826,29598,84491,21530,146227,5676,2729,2947
56740,175847,29603,84499,21534,146244,5677,2729,2948
56745,175857,29603,84504,21534,146252,5677,2729,2948
56750,175878,29610,84513,21539,146268,5678,2730,2948
56755,175888,29611,84520,21540,146275,5678,2730,2948
56760,175909,29619,84529,21545,146290,5679,2730,2949
56765,175919,29620,84534,21546,146299,5679,2730,2949
56770,175940,29621,84541,21546,146319,5680,2730,2950
56775,175950,29621,84545,21546,146329,5680,2730,2950
56780,175971,29622,84558,21546,146348,5681,2730,2951
56785,175981,29622,84566,21546,146357,5681,2730,2951
56790,176002,29623,84577,21547,146379,5682,2730,2952
56795,176012,29623,84581,21547,146388,5682,2730,2952
56800,176033,29624,84591,21548,146408,5683,2731,2952
56805,176043,29624,84596,21548,146418,5683,2731,2952
56810,176064,29625,84608,21548,146438,5684,2731,2953
56815,176074,29625,84612,21548,146448,5684,2731,2953
56820,176095,29627,84622,21549,146467,5685,2732,2953
56825,176105,29629,84628,21551,146476,5685,2732,2953
56830,176126,29630,84638,21551,146496,5686,2732,2954
56835,176136,29631,84643,21552,146505,5686,2732,2954
56840,176157,29633,84655,21554,146523,5687,2733,2954
56845,176167,29635,84661,21556,146532,5687,2733,2954
56850,176188,29636,84674,21557,146552,5688,2733,2955
56855,176198,29637,84676,21557,146561,5688,2733,2955
56860,176219,29639,84686,21558,146579,5689,2734,2955
56865,176229,29640,84691,21559,146588,5689,2734,2955
56870,176250,29647,84703,21564,146602,5690,2734,2956
56875,176260,29649,84706,21565,146611,5690,2734,2956
56880,176281,29654,84719,21569,146625,5691,2735,2956
56885,176291,29656,84720,21570,146635,5691,2735,2956
56890,176312,29662,84727,21574,146650,5692,2735,2957
56895,176322,29663,84732,21574,146658,5692,2735,2957
56900,176343,29671,84743,21580,146668,5693,2735,2958
56905,176353,29677,84744,21585,146676,5693,2735,2958
56910,176374,29682,84751,21589,146692,5694,2735,2959
56915,176384,29683,84756,21590,146700,5694,2735,2959
56920,176405,29689,84766,21594,146714,5695,2735,2960
56925,176415,29690,84770,21595,146724,5695,2735,2960
56930,176436,29695,84783,21597,146740,5696,2736,2960
56935,176446,29695,84788,21597,146751,5696,2736,2960
56940,176467,29697,84799,21597,146769,5697,2736,2961
56945,176477,29697,84803,21597,146779,5697,2736,2961
56950,176498,29700,84809,21598,146797,5698,2736,2962
56955,176508,29700,84813,21598,146808,5698,2736,2962
56960,176529,29703,84821,21599,146825,5699,2736,2963
56965,176539,29703,84823,21599,146836,5699,2736,2963
56970,176560,29705,84833,21601,146855,5700,2737,2963
56975,176570,29705,84836,21601,146865,5700,2737,2963
56980,176591,29708,84851,21603,146883,5701,2738,2963
56985,176601,29708,84858,21603,146893,5701,2738,2963
56990,176622,29710,84867,21605,146912,5702,2739,2963
56995,176632,29710,84871,21605,146921,5702,2739,2963
57000,176653,29712,84878,21606,146941,5703,2739,2964
57005,176663,29712,84882,21606,146950,5703,2739,2964
57010,176684,29715,84889,21608,146969,5704,2740,2964
57015,176694,29715,84895,21608,146978,5704,2740,2964
57020,176715,29718,84904,21609,146997,5705,2740,2965
57025,176725,29719,84911,21609,147005,5705,2740,2965
57030,176746,29721,84920,21611,147025,5706,2740,2966
57035,176756,29722,84927,21612,147034,5706,2740,2966
57040,176777,29726,84934,21613,147051,5707,2740,2967
57045,176787,29727,84941,21614,147060,5707,2740,2967
57050,176808,29730,84953,21616,147077,5708,2741,2967
57055,176818,29731,84958,21616,147087,5708,2741,2967
57060,176839,29734,84968,21619,147104,5709,2741,2968
57065,176849,29735,84974,21620,147113,5709,2741,2968
57070,176870,29740,84989,21624,147129,5710,2742,2968
57075,176880,29742,84992,21625,147138,5710,2742,2968
57080,176901,29747,85003,21629,147151,5711,2742,2969
57085,176911,29752,85006,21633,147158,5711,2742,2969
57090,176932,29761,85018,21640,147167,5712,2742,2970
57095,176942,29767,85021,21645,147174,5712,2742,2970
57100,176963,29776,85031,21652,147183,5713,2742,2971
57105,176973,29780,85033,21655,147192,5713,2742,2971
57110,176994,29786,85043,21660,147207,5714,2742,2972
57115,177004,29788,85049,21662,147214,5714,2742,2972
57120,177025,29795,85058,21666,147230,5715,2742,2973
57125,177035,29796,85064,21667,147238,5715,2742,2973
57130,177056,29802,85074,21672,147254,5716,2742,2974
57135,177066,29802,85080,21672,147262,5716,2742,2974
57140,177087,29805,85088,21674,147282,5717,2742,2975
57145,177097,29805,85093,21674,147292,5717,2742,2975
57150,177118,29808,85103,21677,147309,5718,2742,2976
57155,177128,29808,85109,21677,147319,5718,2742,2976
57160,177149,29811,85117,21679,147338,5719,2743,2976
57165,177159,29811,85122,21679,147346,5719,2743,2976
57170,177180,29813,85135,21680,147366,5720,2744,2976
57175,177190,29813,85139,21680,147375,5720,2744,2976
57180,177211,29815,85149,21680,147396,5721,2744,2977
57185,177221,29815,85155,21680,147406,5721,2744,2977
57190,177242,29818,85171,21683,147424,5722,2745,2977
57195,177252,29818,85177,21683,147434,5722,2745,2977
57200,177273,29820,85181,21683,147453,5723,2745,2978
57205,177283,29820,85186,21683,147463,5723,2745,2978
57210,177304,29822,85195,21684,147482,5724,2746,2978
57215,177314,29822,85199,21684,147492,5724,2746,2978
57220,177335,29825,85209,21685,147510,5725,2746,2979
57225,177345,29826,85212,21685,147519,5725,2746,2979
57230,177366,29830,85226,21687,147536,5726,2746,2980
57235,177376,29831,85231,21688,147545,5726,2746,2980
57240,177397,29834,85243,21691,147562,5727,2747,2980
57245,177407,29837,85247,21693,147569,5727,2747,2980
57250,177428,29844,85259,21700,147582,5728,2747,2981
57255,177438,29848,85263,21703,147589,5728,2747,2981
57260,177459,29854,85274,21708,147601,5729,2747,2982
57265,177469,29859,85279,21713,147608,5729,2747,2982
57270,177490,29866,85288,21718,147622,5730,2748,2982
57275,177500,29870,85293,21722,147629,5730,2748,2982
57280,177521,29878,85304,21728,147641,5731,2749,2982
57285,177531,29880,85311,21730,147649,5731,2749,2982
57290,177552,29888,85321,21736,147662,5732,2749,2983
57295,177562,29891,85325,21739,147671,5732,2749,2983
57300,177583,29893,85331,21739,147689,5733,2749,2984
57305,177593,29893,85335,21739,147699,5733,2749,2984
57310,177614,29895,85343,21741,147719,5734,2750,2984
57315,177624,29895,85346,21741,147728,5734,2750,2984
57320,177645,29898,85355,21743,147747,5735,2751,2984
57325,177655,29898,85359,21743,147756,5735,2751,2984
57330,177676,29901,85367,21746,147775,5736,2751,2985
57335,177686,29901,85377,21746,147785,5736,2751,2985
57340,177707,29904,85387,21747,147802,5737,2751,2986
57345,177717,29904,85392,21747,147813,5737,2751,2986
57350,177738,29906,85400,21748,147832,5738,2752,2986
57355,177748,29906,85402,21748,147842,5738,2752,2986
57360,177769,29909,85409,21749,147859,5739,2753,2986
57365,177779,29909,85416,21749,147870,5739,2753,2986
57370,177800,29912,85424,21750,147888,5740,2754,2986
57375,177810,29912,85428,21750,147898,5740,2754,2986
57380,177831,29915,85445,21753,147916,5741,2754,2987
57385,177841,29915,85449,21753,147926,5741,2754,2987
57390,177862,29918,85462,21756,147943,5742,2755,2987
57395,177872,29920,85466,21757,147952,5742,2755,2987
57400,177893,29923,85476,21759,147969,5743,2755,2988
57405,177903,29925,85479,21760,147978,5743,2755,2988
57410,177924,29929,85487,21761,147994,5744,2755,2989
57415,177934,29932,85494,21764,148001,5744,2755,2989
57420,177955,29937,85505,21768,148017,5745,2756,2989
57425,177965,29939,85509,21770,148026,5745,2756,2989
57430,177986,29944,85523,21775,148040,5746,2757,2989
57435,177996,29948,85527,21778,148047,5746,2757,2989
57440,178017,29953,85539,21782,148063,5747,2758,2989
57445,178027,29956,85542,21784,148071,5747,2758,2989
57450,178048,29960,85549,21787,148088,5748,2758,2990
57455,178058,29962,85551,21788,148096,5748,2758,2990
57460,178079,29966,85561,21792,148113,5749,2758,2991
57465,178089,29969,85568,21794,148118,5749,2758,2991
57470,178110,29975,85575,21797,148133,5750,2758,2992
57475,178120,29981,85580,21802,148138,5750,2758,2992
57480,178141,29987,85592,21806,148152,5751,2759,2992
57485,178151,29991,85598,21809,148160,5751,2759,2992
57490,178172,29994,85611,21811,148177,5752,2760,2992
57495,178182,29995,85616,21812,148187,5752,2760,2992
57500,178203,29997,85626,21812,148206,5753,2760,2993
57505,178213,29997,85630,21812,148216,5753,2760,2993
57510,178234,30000,85642,21814,148234,5754,2761,2993
57515,178244,30000,85643,21814,148244,5754,2761,2993
57520,178265,30002,85656,21815,148262,5755,2762,2993
57525,178275,30002,85661,21815,148273,5755,2762,2993
57530,178296,30004,85669,21815,148291,5756,2762,2994
57535,178306,30004,85672,21815,148302,5756,2762,2994
57540,178327,30007,85681,21816,148320,5757,2763,2994
57545,178337,30007,85686,21816,148330,5757,2763,2994
57550,178358,30010,85698,21819,148347,5758,2764,2994
57555,178368,30010,85702,21819,148358,5758,2764,2994
57560,178389,30013,85713,21821,148375,5759,2764,2995
57565,178399,30013,85715,21821,148386,5759,2764,2995
57570,178420,30015,85731,21822,148405,5760,2765,2995
57575,178430,30015,85734,21822,148415,5760,2765,2995
57580,178451,30018,85744,21824,148432,5761,2765,2996
57585,178461,30018,85750,21824,148443,5761,2765,2996
57590,178482,30021,85756,21826,148460,5762,2766,2996
57595,178492,30021,85759,21826,148471,5762,2766,2996
57600,178513,30027,85771,21832,148485,5763,2767,2996
57605,178523,30028,85775,21832,148495,5763,2767,2996
57610,178544,30031,85781,21834,148513,5764,2767,2997
57615,178554,30033,85788,21835,148521,5764,2767,2997
57620,178575,30038,85799,21837,148537,5765,2767,2998
57625,178585,30040,85804,21838,148545,5765,2767,2998
57630,178606,30048,85816,21845,148557,5766,2768,2998
57635,178616,30050,85819,21846,148565,5766,2768,2998
57640,178637,30060,85833,21855,148575,5767,2769,2998
57645,178647,30065,85840,21860,148580,5767,2769,2998
57650,178668,30076,85852,21870,148592,5768,2769,2999
57655,178678,30077,85857,21871,148600,5768,2769,2999
57660,178699,30083,85867,21876,148614,5769,2769,3000
57665,178709,30084,85870,21877,148625,5769,2769,3000
57670,178730,30086,85879,21877,148644,5770,2770,3000
57675,178740,30086,85884,21877,148653,5770,2770,3000
57680,178761,30089,85896,21879,148671,5771,2770,3001
57685,178771,30089,85902,21879,148682,5771,2770,3001
57690,178792,30092,85913,21881,148700,5772,2771,3001
57695,178802,30092,85918,21881,148710,5772,2771,3001
57700,178823,30094,85929,21882,148729,5773,2772,3001
57705,178833,30094,85933,21882,148739,5773,2772,3001
57710,178854,30096,85943,21883,148758,5774,2773,3001
57715,178864,30096,85950,21883,148768,5774,2773,3001
57720,178885,30098,85958,21884,148787,5775,2773,3002
57725,178895,30098,85960,21884,148797,5775,2773,3002
57730,178916,30100,85971,21886,148816,5776,2773,3003
57735,178926,30100,85976,21886,148826,5776,2773,3003
57740,178947,30103,85985,21888,148844,5777,2774,3003
57745,178957,30103,85990,21888,148854,5777,2774,3003
57750,178978,30105,85998,21889,148873,5778,2774,3004
57755,178988,30105,86004,21889,148883,5778,2774,3004
57760,179009,30108,86017,21891,148901,5779,2775,3004
57765,179019,30109,86023,21892,148910,5779,2775,3004
57770,179040,30114,86033,21896,148925,5780,2775,3005
57775,179050,30115,86037,21896,148935,5780,2775,3005
57780,179071,30119,86044,21897,148951,5781,2775,3006
57785,179081,30121,86049,21898,148960,5781,2775,3006
57790,179102,30125,86059,21899,148976,5782,2776,3006
57795,179112,30127,86064,21901,148985,5782,2776,3006
57800,179133,30134,86076,21906,148998,5783,2776,3007
57805,179143,30137,86083,21908,149004,5783,2776,3007
57810,179164,30145,86096,21915,149017,5784,2777,3007
57815,179174,30149,86100,21918,149025,5784,2777,3007
57820,179195,30153,86108,21921,149041,5785,2777,3008
57825,179205,30157,86113,21924,149048,5785,2777,3008
57830,179226,30164,86124,21930,149059,5786,2778,3008
57835,179236,30170,86127,21935,149065,5786,2778,3008
57840,179257,30178,86135,21941,149079,5787,2778,3009
57845,179267,30178,86139,21941,149089,5787,2778,3009
57850,179288,30180,86150,21941,149108,5788,2779,3009
57855,179298,30180,86154,21941,149118,5788,2779,3009
57860,179319,30182,86167,21942,149137,5789,2779,3010
57865,179329,30182,86170,21942,149147,5789,2779,3010
57870,179350,30185,86180,21944,149165,5790,2780,3010
57875,179360,30185,86185,21944,149175,5790,2780,3010
57880,179381,30188,86197,21946,149193,5791,2781,3010
57885,179391,30188,86202,21946,149203,5791,2781,3010
57890,179412,30191,86209,21948,149220,5792,2781,3011
57895,179422,30191,86213,21948,149231,5792,2781,3011
57900,179443,30194,86225,21951,149249,5793,2782,3011
57905,179453,30194,86231,21951,149259,5793,2782,3011
57910,179474,30195,86242,21951,149279,5794,2783,3011
57915,179484,30195,86248,21951,149289,5794,2783,3011
57920,179505,30196,86259,21952,149309,5795,2784,3011
57925,179515,30196,86263,21952,149319,5795,2784,3011
57930,179536,30197,86278,21952,149339,5796,2784,3012
57935,179546,30197,86282,21952,149349,5796,2784,3012
57940,179567,30198,86290,21953,149369,5797,2785,3012
57945,179577,30198,86295,21953,149378,5797,2785,3012
57950,179598,30200,86307,21953,149397,5798,2786,3012
57955,179608,30201,86310,21954,149406,5798,2786,3012
57960,179629,30204,86318,21956,149425,5799,2787,3012
57965,179639,30205,86323,21957,149434,5799,2787,3012
57970,179660,30207,86333,21957,149451,5800,2787,3013
57975,179670,30209,86336,21959,149461,5800,2787,3013
57980,179691,30211,86342,21959,149479,5801,2787,3014
57985,179701,30213,86346,21961,149487,5801,2787,3014
57990,179722,30216,86355,21963,149505,5802,2788,3014
57995,179732,30218,86357,21964,149513,5802,2788,3014
58000,179753,30221,86369,21966,149532,5803,2788,3015
58005,179763,30222,86372,21967,149541,5803,2788,3015
58010,179784,30226,86381,21969,149558,5804,2789,3015
58015,179794,30229,86387,21972,149564,5804,2789,3015
58020,179815,30235,86397,21976,149576,5805,2789,3016
58025,179825,30241,86400,21981,149583,5805,2789,3016
58030,179846,30248,86410,21985,149596,5806,2790,3016
58035,179856,30253,86416,21990,149603,5806,2790,3016
58040,179877,30260,86427,21995,149615,5807,2790,3017
58045,179887,30262,86434,21997,149624,5807,2790,3017
58050,179908,30266,86449,22000,149642,5808,2791,3017
58055,179918,30267,86453,22001,149651,5808,2791,3017
58060,179939,30272,86460,22003,149667,5809,2791,3018
58065,179949,30272,86464,22003,149676,5809,2791,3018
58070,179970,30277,86476,22008,149693,5810,2791,3019
58075,179980,30278,86481,22009,149700,5810,2791,3019
58080,180001,30284,86489,22014,149717,5811,2792,3019
58085,180011,30284,86493,22014,149726,5811,2792,3019
58090,180032,30286,86503,22014,149746,5812,2792,3020
58095,180042,30286,86507,22014,149755,5812,2792,3020
58100,180063,30288,86515,22015,149775,5813,2793,3020
58105,180073,30288,86520,22015,149784,5813,2793,3020
58110,180094,30290,86528,22017,149804,5814,2794,3020
58115,180104,30290,86533,22017,149812,5814,2794,3020
58120,180125,30293,86544,22020,149831,5815,2795,3020
58125,180135,30293,86548,22020,149842,5815,2795,3020
58130,180156,30295,86557,22021,149860,5816,2795,3021
58135,180166,30295,86564,22021,149871,5816,2795,3021
58140,180187,30298,86579,22024,149888,5817,2796,3021
58145,180197,30298,86584,22024,149899,5817,2796,3021
58150,180218,30301,86593,22027,149917,5818,2796,3022
58155,180228,30302,86596,22027,149926,5818,2796,3022
58160,180249,30304,86606,22029,149945,5819,2797,3022
58165,180259,30305,86610,22029,149954,5819,2797,3022
58170,180280,30307,86617,22029,149971,5820,2798,3022
58175,180290,30309,86619,22030,149981,5820,2798,3022
58180,180311,30311,86626,22030,150000,5821,2798,3023
58185,180321,30312,86631,22030,150009,5821,2798,3023
58190,180342,30317,86640,22033,150021,5822,2798,3024
58195,180352,30321,86641,22036,150031,5822,2798,3024
58200,180373,30327,86651,22041,150044,5823,2798,3025
58205,180383,30329,86657,22042,150054,5823,2798,3025
58210,180404,30334,86667,22046,150068,5824,2799,3025
58215,180414,30337,86672,22049,150076,5824,2799,3025
58220,180435,30346,86686,22057,150085,5825,2800,3025
58225,180445,30352,86691,22062,150092,5825,2800,3025
58230,180466,30359,86698,22067,150107,5826,2801,3025
58235,180476,30360,86704,22068,150113,5826,2801,3025
58240,180497,30369,86717,22076,150126,5827,2802,3025
58245,180507,30371,86722,22078,150134,5827,2802,3025
58250,180528,30374,86735,22080,150154,5828,2803,3025
58255,180538,30374,86742,22080,150164,5828,2803,3025
58260,180559,30376,86748,22080,150183,5829,2804,3025
58265,180569,30376,86755,22080,150192,5829,2804,3025
58270,180590,30379,86765,22083,150211,5830,2805,3025
58275,180600,30379,86772,22083,150221,5830,2805,3025
58280,180621,30381,86782,22084,150240,5831,2806,3025
58285,180631,30381,86788,22084,150250,5831,2806,3025
58290,180652,30384,86797,22087,150268,5832,2807,3025
58295,180662,30384,86804,22087,150278,5832,2807,3025
58300,180683,30387,86812,22088,150296,5833,2807,3026
58305,180693,30387,86818,22088,150306,5833,2807,3026
58310,180714,30389,86829,22090,150325,5834,2807,3027
58315,180724,30389,86832,22090,150335,5834,2807,3027
58320,180745,30391,86845,22092,150353,5835,2807,3028
58325,180755,30391,86850,22092,150364,5835,2807,3028
58330,180776,30394,86857,22093,150382,5836,2808,3028
58335,180786,30395,86863,22094,150391,5836,2808,3028
58340,180807,30397,86870,22094,150409,5837,2808,3029
58345,180817,30398,86875,22095,150419,5837,2808,3029
58350,180838,30401,86886,22097,150435,5838,2808,3030
58355,180848,30404,86893,22100,150444,5838,2808,3030
58360,180869,30409,86905,22104,150456,5839,2809,3030
58365,180879,30414,86909,22108,150465,5839,2809,3030
58370,180900,30418,86917,22110,150480,5840,2809,3031
58375,180910,30421,86920,22112,150489,5840,2809,3031
58380,180931,30428,86930,22118,150500,5841,2809,3032
58385,180941,30432,86934,22121,150509,5841,2809,3032
58390,180962,30437,86947,22124,150520,5842,2809,3033
58395,180972,30444,86954,22130,150526,5842,2809,3033
58400,180993,30450,86961,22134,150542,5843,2809,3034
58405,181003,30452,86964,22135,150550,5843,2809,3034
58410,181024,30457,86973,22139,150567,5844,2809,3035
58415,181034,30459,86980,22140,150573,5844,2809,3035
58420,181055,30466,86991,22144,150588,5845,2809,3036
58425,181065,30468,86994,22145,150596,5845,2809,3036
58430,181086,30473,87007,22148,150613,5846,2810,3036
58435,181096,30475,87011,22149,150621,5846,2810,3036
58440,181117,30477,87023,22150,150640,5847,2811,3036
58445,181127,30477,87030,22150,150649,5847,2811,3036
58450,181148,30480,87040,22152,150668,5848,2812,3036
58455,181158,30480,87045,22152,150678,5848,2812,3036
58460,181179,30482,87056,22154,150697,5849,2812,3037
58465,181189,30482,87062,22154,150707,5849,2812,3037
58470,181210,30485,87074,22156,150725,5850,2813,3037
58475,181220,30485,87076,22156,150735,5850,2813,3037
58480,181241,30488,87088,22159,150753,5851,2814,3037
58485,181251,30488,87092,22159,150763,5851,2814,3037
58490,181272,30491,87105,22160,150781,5852,2815,3037
58495,181282,30491,87111,22160,150791,5852,2815,3037
58500,181303,30494,87118,22162,150808,5853,2816,3037
58505,181313,30494,87123,22162,150818,5853,2816,3037
58510,181334,30496,87133,22164,150837,5854,2817,3037
58515,181344,30496,87140,22164,150848,5854,2817,3037
58520,181365,30499,87151,22166,150865,5855,2817,3038
58525,181375,30499,87154,22166,150876,5855,2817,3038
58530,181396,30503,87165,22170,150891,5856,2817,3039
58535,181406,30503,87170,22170,150903,5856,2817,3039
58540,181427,30509,87179,22175,150917,5857,2817,3040
58545,181437,30511,87185,22176,150925,5857,2817,3040
58550,181458,30517,87197,22182,150939,5858,2817,3041
58555,181468,30522,87202,22186,150945,5858,2817,3041
58560,181489,30528,87210,22190,150958,5859,2817,3042
58565,181499,30534,87219,22196,150964,5859,2817,3042
58570,181520,30539,87226,22199,150980,5860,2817,3043
58575,181530,30541,87228,22200,150989,5860,2817,3043
58580,181551,30547,87241,22204,151002,5861,2817,3044
58585,181561,30550,87244,22206,151010,5861,2817,3044
58590,181582,30556,87253,22211,151026,5862,2818,3044
58595,181592,30556,87257,22211,151036,5862,2818,3044
58600,181613,30559,87269,22213,151053,5863,2819,3044
58605,181623,30559,87272,22213,151063,5863,2819,3044
58610,181644,30564,87282,22216,151080,5864,2820,3044
58615,181654,30566,87287,22218,151087,5864,2820,3044
58620,181675,30572,87297,22222,151103,5865,2821,3044
58625,181685,30573,87300,22223,151112,5865,2821,3044
58630,181706,30575,87313,22224,151131,5866,2821,3045
58635,181716,30575,87319,22224,151140,5866,2821,3045
58640,181737,30577,87325,22225,151160,5867,2821,3046
58645,181747,30577,87329,22225,151169,5867,2821,3046
58650,181768,30580,87342,22228,151188,5868,2821,3047
58655,181778,30580,87345,22228,151197,5868,2821,3047
58660,181799,30582,87351,22229,151216,5869,2821,3048
58665,181809,30582,87357,22229,151225,5869,2821,3048
58670,181830,30584,87367,22230,151245,5870,2822,3048
58675,181840,30584,87377,22230,151256,5870,2822,3048
58680,181861,30587,87389,22231,151274,5871,2822,3049
58685,181871,30587,87393,22231,151284,5871,2822,3049
58690,181892,30590,87403,22233,151302,5872,2823,3049
58695,181902,30591,87407,22233,151311,5872,2823,3049
58700,181923,30594,87413,22234,151329,5873,2824,3049
58705,181933,30595,87418,22235,151338,5873,2824,3049
58710,181954,30600,87428,22239,151353,5874,2824,3050
58715,181964,30602,87435,22240,151362,5874,2824,3050
58720,181985,30605,87444,22243,151380,5875,2824,3051
58725,181995,30607,87450,22245,151388,5875,2824,3051
58730,182016,30610,87460,22248,151403,5876,2825,3051
58735,182026,30615,87466,22252,151410,5876,2825,3051
58740,182047,30621,87475,22256,151423,5877,2826,3051
58745,182057,30625,87478,22259,151431,5877,2826,3051
58750,182078,30632,87488,22265,151443,5878,2827,3051
58755,182088,30635,87493,22268,151452,5878,2827,3051
58760,182109,30640,87503,22271,151468,5879,2828,3051
58765,182119,30640,87507,22271,151479,5879,2828,3051
58770,182140,30644,87519,22275,151495,5880,2828,3052
58775,182150,30645,87524,22276,151504,5880,2828,3052
58780,182171,30652,87533,22282,151517,5881,2829,3052
58785,182181,30654,87539,22284,151525,5881,2829,3052
58790,182202,30663,87549,22290,151539,5882,2829,3053
58795,182212,30663,87553,22290,151549,5882,2829,3053
58800,182233,30666,87563,22292,151567,5883,2829,3054
58805,182243,30666,87569,22292,151577,5883,2829,3054
58810,182264,30668,87575,22292,151596,5884,2829,3055
58815,182274,30668,87578,22292,151606,5884,2829,3055
58820,182295,30670,87591,22292,151625,5885,2830,3055
58825,182305,30670,87595,22292,151635,5885,2830,3055
58830,182326,30673,87607,22293,151652,5886,2831,3055
58835,182336,30673,87610,22293,151662,5886,2831,3055
58840,182357,30676,87619,22296,151681,5887,2831,3056
58845,182367,30676,87622,22296,151691,5887,2831,3056
58850,182388,30678,87635,22298,151709,5888,2832,3056
58855,182398,30678,87641,22298,151719,5888,2832,3056
58860,182419,30680,87653,22299,151738,5889,2833,3056
58865,182429,30681,87657,22299,151747,5889,2833,3056
58870,182450,30684,87664,22302,151766,5890,2833,3057
58875,182460,30685,87668,22302,151774,5890,2833,3057
58880,182481,30688,87682,22305,151792,5891,2833,3058
58885,182491,30689,87688,22305,151801,5891,2833,3058
58890,182512,30692,87701,22306,151820,5892,2833,3059
58895,182522,30693,87706,22306,151829,5892,2833,3059
58900,182543,30697,87717,22309,151843,5893,2834,3059
58905,182553,30700,87721,22312,151853,5893,2834,3059
58910,182574,30708,87735,22319,151862,5894,2835,3059
58915,182584,30714,87739,22324,151870,5894,2835,3059
58920,182605,30719,87747,22328,151884,5895,2835,3060
58925,182615,30722,87751,22330,151893,5895,2835,3060
58930,182636,30727,87761,22334,151907,5896,2835,3061
58935,182646,30728,87767,22335,151918,5896,2835,3061
58940,182667,30731,87775,22336,151936,5897,2836,3061
58945,182677,30732,87780,22337,151944,5897,2836,3061
58950,182698,30736,87790,22341,151961,5898,2837,3061
58955,182708,30738,87795,22343,151970,5898,2837,3061
58960,182729,30741,87810,22344,151987,5899,2838,3061
58965,182739,30743,87816,22346,151994,5899,2838,3061
58970,182760,30748,87827,22351,152012,5900,2839,3061
58975,182770,30748,87833,22351,152021,5900,2839,3061
58980,182791,30751,87839,22353,152040,5901,2839,3062
58985,182801,30752,87843,22354,152049,5901,2839,3062
58990,182822,30753,87856,22354,152069,5902,2840,3062
58995,182832,30753,87861,22354,152078,5902,2840,3062
59000,182853,30754,87872,22355,152099,5903,2841,3062
59005,182863,30754,87879,22355,152108,5903,2841,3062
59010,182884,30755,87888,22356,152129,5904,2842,3062
59015,182894,30755,87895,22356,152138,5904,2842,3062
59020,182915,30756,87906,22356,152159,5905,2843,3062
59025,182925,30756,87911,22356,152169,5905,2843,3062
59030,182946,30759,87923,22358,152187,5906,2843,3063
59035,182956,30759,87931,22358,152196,5906,2843,3063
59040,182977,30762,87940,22359,152215,5907,2844,3063
59045,182987,30763,87944,22360,152224,5907,2844,3063
59050,183008,30765,87953,22360,152243,5908,2845,3063
59055,183018,30766,87956,22360,152252,5908,2845,3063
59060,183039,30770,87964,22363,152269,5909,2845,3064
59065,183049,30771,87971,22364,152278,5909,2845,3064
59070,183070,30773,87978,22364,152294,5910,2846,3064
59075,183080,30777,87980,22367,152303,5910,2846,3064
59080,183101,30781,87991,22370,152317,5911,2847,3064
59085,183111,30786,87997,22375,152325,5911,2847,3064
59090,183132,30792,88009,22380,152336,5912,2847,3065
59095,183142,30797,88013,22384,152345,5912,2847,3065
59100,183163,30802,88020,22386,152360,5913,2847,3066
59105,183173,30803,88023,22387,152370,5913,2847,3066
59110,183194,30807,88032,22391,152387,5914,2847,3067
59115,183204,30807,88037,22391,152397,5914,2847,3067
59120,183225,30811,88051,22393,152411,5915,2848,3067
59125,183235,30812,88057,22394,152423,5915,2848,3067
59130,183256,30815,88067,22395,152439,5916,2849,3067
59135,183266,30816,88071,22396,152450,5916,2849,3067
59140,183287,30820,88075,22398,152467,5917,2849,3068
59145,183297,30821,88080,22399,152476,5917,2849,3068
59150,183318,30825,88091,22402,152493,5918,2850,3068
59155,183328,30826,88099,22403,152500,5918,2850,3068
59160,183349,30832,88110,22406,152516,5919,2850,3069
59165,183359,30833,88116,22407,152524,5919,2850,3069
59170,183380,30839,88126,22411,152540,5920,2851,3069
59175,183390,30839,88131,22411,152549,5920,2851,3069
59180,183411,30846,88142,22418,152564,5921,2851,3070
59185,183421,30846,88146,22418,152573,5921,2851,3070
59190,183442,30848,88157,22420,152594,5922,2852,3070
59195,183452,30848,88161,22420,152604,5922,2852,3070
59200,183473,30851,88169,22422,152622,5923,2853,3070
59205,183483,30851,88171,22422,152631,5923,2853,3070
59210,183504,30854,88180,22424,152649,5924,2853,3071
59215,183514,30855,88186,22424,152659,5924,2853,3071
59220,183535,30859,88196,22426,152676,5925,2854,3071
59225,183545,30860,88201,22427,152685,5925,2854,3071
59230,183566,30862,88213,22428,152701,5926,2854,3072
59235,183576,30866,88217,22431,152710,5926,2854,3072
59240,183597,30872,88232,22436,152722,5927,2855,3072
59245,183607,30877,88236,22441,152730,5927,2855,3072
59250,183628,30881,88242,22443,152746,5928,2855,3073
59255,183638,30884,88247,22445,152754,5928,2855,3073
59260,183659,30887,88261,22447,152771,5929,2855,3074
59265,183669,30887,88265,22447,152782,5929,2855,3074
59270,183690,30890,88280,22450,152800,5930,2856,3074
59275,183700,30890,88285,22450,152810,5930,2856,3074
59280,183721,30893,88299,22453,152828,5931,2857,3074
59285,183731,30893,88303,22453,152838,5931,2857,3074
59290,183752,30896,88313,22455,152855,5932,2858,3074
59295,183762,30897,88319,22456,152865,5932,2858,3074
59300,183783,30902,88332,22460,152881,5933,2858,3075
59305,183793,30902,88335,22460,152891,5933,2858,3075
59310,183814,30906,88346,22462,152908,5934,2859,3075
59315,183824,30907,88351,22463,152917,5934,2859,3075
59320,183845,30911,88360,22465,152933,5935,2859,3076
59325,183855,30912,88366,22466,152943,5935,2859,3076
59330,183876,30916,88374,22467,152959,5936,2859,3077
59335,183886,30918,88379,22469,152967,5936,2859,3077
59340,183907,30924,88394,22473,152981,5937,2859,3078
59345,183917,30926,88400,22475,152990,5937,2859,3078
59350,183938,30931,88407,22477,153006,5938,2859,3079
59355,183948,30932,88412,22478,153015,5938,2859,3079
59360,183969,30937,88426,22482,153031,5939,2860,3079
59365,183979,30938,88431,22483,153039,5939,2860,3079
59370,184000,30940,88438,22483,153059,5940,2861,3079
59375,184010,30941,88443,22484,153068,5940,2861,3079
59380,184031,30947,88456,22489,153083,5941,2861,3080
59385,184041,30949,88460,22491,153091,5941,2861,3080
59390,184062,30953,88467,22493,153107,5942,2861,3081
59395,184072,30955,88472,22495,153115,5942,2861,3081
59400,184093,30960,88484,22499,153131,5943,2862,3081
59405,184103,30963,88488,22502,153140,5943,2862,3081
59410,184124,30968,88499,22505,153156,5944,2862,3082
59415,184134,30969,88501,22505,153165,5944,2862,3082
59420,184155,30973,88511,22509,153182,5945,2863,3082
59425,184165,30975,88516,22511,153190,5945,2863,3082
59430,184186,30979,88527,22514,153207,5946,2863,3083
59435,184196,30979,88534,22514,153217,5946,2863,3083
59440,184217,30981,88545,22515,153236,5947,2863,3084
59445,184227,30981,88550,22515,153246,5947,2863,3084
59450,184248,30983,88559,22516,153265,5948,2864,3084
59455,184258,30983,88566,22516,153275,5948,2864,3084
59460,184279,30985,88573,22516,153293,5949,2864,3085
59465,184289,30985,88578,22516,153304,5949,2864,3085
59470,184310,30988,88591,22518,153322,5950,2865,3085
59475,184320,30988,88596,22518,153331,5950,2865,3085
59480,184341,30993,88605,22521,153348,5951,2865,3086
59485,184351,30993,88609,22521,153358,5951,2865,3086
59490,184372,30997,88616,22523,153374,5952,2865,3087
59495,184382,30998,88621,22524,153383,5952,2865,3087
59500,184403,31004,88632,22528,153399,5953,2865,3088
59505,184413,31004,88635,22528,153409,5953,2865,3088
59510,184434,31007,88641,22530,153426,5954,2865,3089
59515,184444,31008,88646,22531,153434,5954,2865,3089
59520,184465,31015,88657,22537,153449,5955,2865,3090
59525,184475,31015,88661,22537,153459,5955,2865,3090
59530,184496,31021,88672,22540,153475,5956,2865,3091
59535,184506,31022,88677,22541,153484,5956,2865,3091
59540,184527,31029,88691,22546,153497,5957,2866,3091
59545,184537,31033,88698,22550,153503,5957,2866,3091
59550,184558,31038,88706,22553,153520,5958,2867,3091
59555,184568,31039,88710,22553,153529,5958,2867,3091
59560,184589,31042,88721,22554,153547,5959,2867,3092
59565,184599,31043,88726,22555,153556,5959,2867,3092
59570,184620,31045,88737,22557,153574,5960,2867,3093
59575,184630,31047,88743,22559,153582,5960,2867,3093
59580,184651,31049,88754,22560,153601,5961,2868,3093
59585,184661,31051,88757,22561,153609,5961,2868,3093
59590,184682,31053,88768,22562,153627,5962,2869,3093
59595,184692,31056,88771,22564,153635,5962,2869,3093
59600,184713,31058,88780,22565,153653,5963,2869,3094
59605,184723,31061,88788,22568,153661,5963,2869,3094
59610,184744,31063,88795,22569,153679,5964,2869,3095
59615,184754,31066,88800,22572,153687,5964,2869,3095
59620,184775,31069,88810,22574,153704,5965,2869,3096
59625,184785,31072,88813,22576,153713,5965,2869,3096
59630,184806,31075,88819,22579,153731,5966,2869,3097
59635,184816,31076,88824,22580,153740,5966,2869,3097
59640,184837,31080,88834,22583,153756,5967,2870,3097
59645,184847,31083,88838,22586,153764,5967,2870,3097
59650,184868,31087,88846,22588,153779,5968,2870,3098
59655,184878,31090,88849,22590,153788,5968,2870,3098
59660,184899,31096,88861,22594,153801,5969,2870,3099
59665,184909,31099,88864,22596,153810,5969,2870,3099
59670,184930,31105,88881,22602,153822,5970,2871,3099
59675,184940,31106,88884,22603,153834,5970,2871,3099
59680,184961,31111,88898,22606,153848,5971,2872,3099
59685,184971,31112,88903,22607,153859,5971,2872,3099
59690,184992,31116,88914,22611,153874,5972,2872,3100
59695,185002,31117,88920,22612,153885,5972,2872,3100
59700,185023,31120,88931,22614,153902,5973,2872,3101
59705,185033,31122,88937,22616,153910,5973,2872,3101
59710,185054,31128,88947,22620,153926,5974,2873,3101
59715,185064,31129,88952,22621,153934,5974,2873,3101
59720,185085,31134,88960,22624,153950,5975,2874,3101
59725,185095,31135,88964,22625,153959,5975,2874,3101
59730,185116,31139,88974,22628,153976,5976,2875,3101
59735,185126,31140,88976,22629,153986,5976,2875,3101
59740,185147,31143,88987,22631,154003,5977,2876,3101
59745,185157,31143,88990,22631,154014,5977,2876,3101
59750,185178,31146,89001,22634,154031,5978,2876,3102
59755,185188,31146,89008,22634,154039,5978,2876,3102
59760,185209,31148,89017,22635,154061,5979,2876,3103
59765,185219,31148,89021,22635,154070,5979,2876,3103
59770,185240,31150,89034,22636,154090,5980,2877,3103
59775,185250,31150,89037,22636,154100,5980,2877,3103
59780,185271,31154,89049,22639,154116,5981,2878,3103
59785,185281,31157,89055,22642,154124,5981,2878,3103
59790,185302,31161,89066,22645,154137,5982,2878,3104
59795,185312,31166,89069,22649,154146,5982,2878,3104
59800,185333,31169,89075,22650,154161,5983,2878,3105
59805,185343,31174,89080,22655,154169,5983,2878,3105
59810,185364,31178,89092,22658,154185,5984,2879,3105
59815,185374,31181,89096,22660,154193,5984,2879,3105
59820,185395,31185,89107,22663,154210,5985,2879,3106
59825,185405,31185,89113,22663,154220,5985,2879,3106
59830,185426,31188,89123,22666,154237,5986,2879,3107
59835,185436,31188,89131,22666,154248,5986,2879,3107
59840,185457,31191,89140,22667,154265,5987,2880,3107
59845,185467,31191,89146,22667,154276,5987,2880,3107
59850,185488,31195,89158,22668,154293,5988,2881,3107
59855,185498,31195,89162,22668,154302,5988,2881,3107
59860,185519,31200,89167,22670,154319,5989,2881,3108
59865,185529,31200,89173,22670,154328,5989,2881,3108
59870,185550,31204,89181,22672,154346,5990,2882,3108
59875,185560,31204,89184,22672,154356,5990,2882,3108
59880,185581,31208,89195,22675,154373,5991,2882,3109
59885,185591,31208,89200,22675,154383,5991,2882,3109
59890,185612,31212,89208,22678,154400,5992,2882,3110
59895,185622,31213,89214,22679,154408,5992,2882,3110
59900,185643,31217,89222,22681,154426,5993,2882,3111
59905,185653,31218,89229,22682,154435,5993,2882,3111
59910,185674,31222,89241,22684,154452,5994,2883,3111
59915,185684,31223,89248,22685,154460,5994,2883,3111
59920,185705,31227,89256,22688,154477,5995,2883,3112
59925,185715,31228,89261,22688,154486,5995,2883,3112
59930,185736,31234,89275,22693,154500,5996,2884,3112
59935,185746,31239,89281,22698,154506,5996,2884,3112
59940,185767,31245,89289,22702,154521,5997,2884,3113
59945,185777,31247,89294,22704,154528,5997,2884,3113
59950,185798,31250,89304,22706,154547,5998,2884,3114
59955,185808,31251,89309,22707,154555,5998,2884,3114
59960,185829,31255,89319,22711,154572,5999,2884,3115
59965,185839,31258,89325,22713,154579,5999,2884,3115
59970,185860,31261,89336,22716,154596,6000,2884,3116
59975,185870,31264,89342,22718,154606,6000,2884,3116
59980,185891,31269,89352,22721,154619,6001,2885,3116
59985,185901,31273,89355,22725,154628,6001,2885,3116
59990,185922,31276,89366,22728,154644,6002,2885,3117
59995,185932,31279,89371,22730,154653,6002,2885,3117
60000,185953,31283,89377,22733,154669,6003,2885,3118
60005,185963,31285,89381,22734,154678,6003,2885,3118
60010,185984,31289,89394,22737,154695,6004,2885,3119
60015,185994,31289,89399,22737,154705,6004,2885,3119
60020,186015,31292,89408,22738,154723,6005,2885,3120
60025,186025,31292,89411,22738,154733,6005,2885,3120
60030,186046,31295,89416,22739,154751,6006,2885,3121
60035,186056,31295,89422,22739,154761,6006,2885,3121
60040,186077,31297,89426,22739,154780,6007,2885,3122
60045,186087,31297,89430,22739,154790,6007,2885,3122
60050,186108,31299,89439,22739,154809,6008,2886,3122
60055,186118,31299,89446,22739,154818,6008,2886,3122
60060,186139,31305,89457,22743,154834,6009,2886,3123
60065,186149,31305,89461,22743,154844,6009,2886,3123
60070,186170,31308,89471,22744,154862,6010,2886,3124
60075,186180,31309,89478,22745,154871,6010,2886,3124
60080,186201,31314,89486,22748,154887,6011,2886,3125
60085,186211,31315,89489,22749,154895,6011,2886,3125
60090,186232,31320,89495,22751,154912,6012,2887,3125
60095,186242,31321,89501,22752,154919,6012,2887,3125
60100,186263,31328,89509,22757,154934,6013,2888,3125
60105,186273,31329,89512,22758,154942,6013,2888,3125
60110,186294,31336,89522,22763,154958,6014,2888,3126
60115,186304,31336,89522,22763,154968,6014,2888,3126
60120,186325,31339,89529,22766,154984,6015,2888,3127
60125,186335,31342,89533,22768,154991,6015,2888,3127
60130,186356,31346,89543,22771,155007,6016,2889,3127
60135,186366,31351,89547,22776,155014,6016,2889,3127
60140,186387,31354,89558,22778,155028,6017,2889,3128
60145,186397,31359,89562,22782,155037,6017,2889,3128
60150,186418,31364,89574,22787,155052,6018,2889,3129
60155,186428,31364,89578,22787,155062,6018,2889,3129
60160,186449,31366,89587,22789,155083,6019,2889,3130
60165,186459,31366,89593,22789,155093,6019,2889,3130
60170,186480,31369,89603,22790,155110,6020,2889,3131
60175,186490,31369,89608,22790,155121,6020,2889,3131
60180,186511,31371,89619,22791,155139,6021,2889,3132
60185,186521,31371,89621,22791,155150,6021,2889,3132
60190,186542,31373,89627,22792,155168,6022,2889,3133
60195,186552,31373,89634,22792,155179,6022,2889,3133
60200,186573,31375,89643,22794,155198,6023,2890,3133
60205,186583,31375,89648,22794,155208,6023,2890,3133
60210,186604,31377,89657,22796,155226,6024,2891,3133
60215,186614,31377,89662,22796,155236,6024,2891,3133
60220,186635,31382,89671,22799,155252,6025,2891,3134
60225,186645,31383,89677,22800,155262,6025,2891,3134
60230,186666,31387,89688,22802,155279,6026,2892,3134
60235,186676,31387,89692,22802,155288,6026,2892,3134
60240,186697,31391,89700,22804,155306,6027,2893,3134
60245,186707,31391,89705,22804,155315,6027,2893,3134
60250,186728,31396,89715,22808,155331,6028,2894,3134
60255,186738,31399,89719,22811,155339,6028,2894,3134
60260,186759,31404,89730,22816,155355,6029,2894,3135
60265,186769,31406,89735,22817,155361,6029,2894,3135
60270,186790,31414,89746,22824,155376,6030,2894,3136
60275,186800,31415,89750,22825,155384,6030,2894,3136
60280,186821,31423,89758,22831,155398,6031,2894,3137
60285,186831,31424,89760,22832,155407,6031,2894,3137
60290,186852,31428,89767,22833,155422,6032,2895,3137
60295,186862,31432,89771,22837,155429,6032,2895,3137
60300,186883,31436,89781,22840,155445,6033,2896,3137
60305,186893,31439,89783,22842,155453,6033,2896,3137
60310,186914,31442,89793,22845,155470,6034,2896,3138
60315,186924,31446,89799,22849,155477,6034,2896,3138
60320,186945,31449,89808,22852,155495,6035,2897,3138
60325,186955,31452,89813,22855,155503,6035,2897,3138
60330,186976,31456,89826,22858,155516,6036,2897,3139
60335,186986,31462,89831,22863,155523,6036,2897,3139
60340,187007,31465,89843,22865,155542,6037,2897,3140
60345,187017,31465,89846,22865,155552,6037,2897,3140
60350,187038,31467,89854,22866,155571,6038,2897,3141
60355,187048,31467,89859,22866,155581,6038,2897,3141
60360,187069,31469,89870,22867,155599,6039,2897,3142
60365,187079,31469,89874,22867,155610,6039,2897,3142
60370,187100,31472,89883,22869,155628,6040,2898,3142
60375,187110,31472,89889,22869,155638,6040,2898,3142
60380,187131,31475,89898,22870,155656,6041,2899,3142
60385,187141,31475,89903,22870,155666,6041,2899,3142
60390,187162,31477,89912,22871,155685,6042,2900,3142
60395,187172,31477,89917,22871,155694,6042,2900,3142
60400,187193,31482,89930,22876,155710,6043,2900,3143
60405,187203,31483,89934,22877,155720,6043,2900,3143
60410,187224,31486,89947,22878,155737,6044,2900,3144
60415,187234,31487,89953,22879,155746,6044,2900,3144
60420,187255,31493,89970,22884,155761,6045,2900,3145
60425,187265,31495,89978,22886,155768,6045,2900,3145
60430,187286,31501,89992,22889,155784,6046,2901,3145
60435,187296,31502,89996,22890,155793,6046,2901,3145
60440,187317,31507,90004,22894,155809,6047,2902,3145
60445,187327,31510,90009,22896,155816,6047,2902,3145
60450,187348,31517,90016,22902,155830,6048,2902,3146
60455,187358,31519,90021,22904,155837,6048,2902,3146
60460,187379,31527,90031,22909,155849,6049,2902,3147
60465,187389,31531,90034,22912,155858,6049,2902,3147
60470,187410,31533,90041,22912,155872,6050,2902,3148
60475,187420,31539,90047,22917,155878,6050,2902,3148
60480,187441,31543,90057,22921,155896,6051,2902,3149
60485,187451,31544,90062,22922,155907,6051,2902,3149
60490,187472,31546,90074,22923,155926,6052,2902,3150
60495,187482,31546,90077,22923,155935,6052,2902,3150
60500,187503,31549,90090,22926,155953,6053,2903,3150
60505,187513,31549,90094,22926,155964,6053,2903,3150
60510,187534,31551,90108,22926,155983,6054,2904,3150
60515,187544,31551,90110,22926,155993,6054,2904,3150
60520,187565,31554,90122,22928,156010,6055,2904,3151
60525,187575,31554,90130,22928,156021,6055,2904,3151
60530,187596,31556,90141,22928,156039,6056,2904,3152
60535,187606,31556,90147,22928,156050,6056,2904,3152
60540,187627,31559,90156,22930,156068,6057,2904,3153
60545,187637,31559,90162,22930,156078,6057,2904,3153
60550,187658,31561,90174,22930,156096,6058,2905,3153
60555,187668,31561,90180,22930,156107,6058,2905,3153
60560,187689,31563,90190,22931,156125,6059,2906,3153
60565,187699,31563,90193,22931,156136,6059,2906,3153
60570,187720,31566,90204,22932,156153,6060,2906,3154
60575,187730,31567,90209,22933,156163,6060,2906,3154
60580,187751,31571,90220,22935,156179,6061,2906,3155
60585,187761,31572,90225,22936,156189,6061,2906,3155
60590,187782,31578,90235,22941,156203,6062,2906,3156
60595,187792,31580,90239,22942,156211,6062,2906,3156
60600,187813,31585,90247,22946,156227,6063,2907,3156
60605,187823,31588,90252,22949,156235,6063,2907,3156
60610,187844,31594,90263,22954,156249,6064,2908,3156
60615,187854,31598,90268,22957,156256,6064,2908,3156
60620,187875,31606,90276,22962,156269,6065,2909,3156
60625,187885,31610,90279,22965,156275,6065,2909,3156
60630,187906,31615,90288,22969,156290,6066,2910,3156
60635,187916,31619,90293,22972,156296,6066,2910,3156
60640,187937,31626,90303,22978,156309,6067,2910,3157
60645,187947,31632,90310,22983,156314,6067,2910,3157
60650,187968,31636,90323,22986,156332,6068,2911,3157
60655,187978,31636,90328,22986,156342,6068,2911,3157
60660,187999,31637,90336,22986,156361,6069,2911,3158
60665,188009,31637,90339,22986,156372,6069,2911,3158
60670,188030,31638,90348,22987,156392,6070,2912,3158
60675,188040,31638,90351,22987,156402,6070,2912,3158
60680,188061,31639,90362,22988,156421,6071,2913,3158
60685,188071,31639,90369,22988,156432,6071,2913,3158
60690,188092,31640,90382,22989,156451,6072,2913,3159
60695,188102,31640,90387,22989,156462,6072,2913,3159
60700,188123,31641,90400,22990,156481,6073,2914,3159
60705,188133,31641,90404,22990,156492,6073,2914,3159
60710,188154,31642,90419,22990,156511,6074,2915,3159
60715,188164,31642,90427,22990,156520,6074,2915,3159
60720,188185,31643,90437,22990,156541,6075,2915,3160
60725,188195,31643,90443,22990,156551,6075,2915,3160
60730,188216,31644,90455,22991,156572,6076,2915,3161
60735,188226,31644,90456,22991,156582,6076,2915,3161
60740,188247,31645,90465,22992,156601,6077,2915,3162
60745,188257,31645,90471,22992,156612,6077,2915,3162
60750,188278,31646,90481,22993,156631,6078,2916,3162
60755,188288,31647,90489,22994,156640,6078,2916,3162
60760,188309,31652,90499,22997,156656,6079,2916,3163
60765,188319,31654,90504,22998,156664,6079,2916,3163
60770,188340,31659,90512,23002,156680,6080,2916,3164
60775,188350,31662,90518,23004,156688,6080,2916,3164
60780,188371,31666,90527,23007,156703,6081,2916,3165
60785,188381,31668,90532,23008,156711,6081,2916,3165
60790,188402,31673,90541,23012,156728,6082,2916,3166
60795,188412,31675,90544,23013,156737,6082,2916,3166
60800,188433,31681,90555,23017,156751,6083,2916,3167
60805,188443,31683,90559,23018,156760,6083,2916,3167
60810,188464,31687,90569,23020,156776,6084,2917,3167
60815,188474,31689,90571,23021,156784,6084,2917,3167
60820,188495,31695,90584,23026,156796,6085,2918,3167
60825,188505,31702,90591,23032,156802,6085,2918,3167
60830,188526,31710,90601,23038,156814,6086,2918,3168
60835,188536,31713,90603,23041,156823,6086,2918,3168
60840,188557,31715,90611,23042,156840,6087,2919,3168
60845,188567,31719,90618,23046,156847,6087,2919,3168
60850,188588,31725,90629,23052,156862,6088,2919,3169
60855,188598,31726,90638,23053,156870,6088,2919,3169
60860,188619,31729,90650,23056,156890,6089,2919,3170
60865,188629,31729,90653,23056,156900,6089,2919,3170
60870,188650,31731,90661,23057,156919,6090,2919,3171
60875,188660,31731,90665,23057,156929,6090,2919,3171
60880,188681,31733,90676,23058,156948,6091,2919,3172
60885,188691,31733,90681,23058,156957,6091,2919,3172
60890,188712,31736,90693,23059,156976,6092,2919,3173
60895,188722,31736,90700,23059,156985,6092,2919,3173
60900,188743,31738,90710,23059,157005,6093,2920,3173
60905,188753,31738,90715,23059,157015,6093,2920,3173
60910,188774,31740,90728,23061,157034,6094,2920,3174
60915,188784,31740,90730,23061,157044,6094,2920,3174
60920,188805,31743,90742,23063,157062,6095,2921,3174
60925,188815,31743,90749,23063,157072,6095,2921,3174
60930,188836,31746,90761,23065,157090,6096,2921,3175
60935,188846,31746,90766,23065,157100,6096,2921,3175
60940,188867,31749,90771,23066,157118,6097,2922,3175
60945,188877,31749,90776,23066,157127,6097,2922,3175
60950,188898,31753,90784,23068,157144,6098,2922,3176
60955,188908,31754,90787,23069,157154,6098,2922,3176
60960,188929,31758,90798,23072,157170,6099,2922,3177
60965,188939,31760,90802,23074,157178,6099,2922,3177
60970,188960,31769,90818,23083,157189,6100,2923,3177
60975,188970,31774,90823,23088,157196,6100,2923,3177
60980,188991,31779,90829,23092,157212,6101,2923,3178
60985,189001,31781,90832,23093,157220,6101,2923,3178
60990,189022,31786,90843,23096,157235,6102,2923,3179
60995,189032,31791,90848,23100,157240,6102,2923,3179
61000,189053,31797,90860,23105,157254,6103,2924,3179
61005,189063,31802,90867,23110,157258,6103,2924,3179
61010,189084,31810,90878,23117,157272,6104,2925,3179
61015,189094,31811,90886,23118,157280,6104,2925,3179
61020,189115,31814,90893,23120,157300,6105,2925,3180
61025,189125,31814,90896,23120,157310,6105,2925,3180
61030,189146,31817,90902,23122,157329,6106,2926,3180
61035,189156,31817,90907,23122,157338,6106,2926,3180
61040,189177,31820,90913,23124,157357,6107,2927,3180
61045,189187,31820,90919,23124,157366,6107,2927,3180
61050,189208,31822,90929,23125,157384,6108,2927,3181
61055,189218,31822,90935,23125,157396,6108,2927,3181
61060,189239,31824,90942,23127,157415,6109,2927,3182
61065,189249,31824,90945,23127,157425,6109,2927,3182
61070,189270,31826,90954,23128,157444,6110,2927,3183
61075,189280,31826,90960,23128,157454,6110,2927,3183
61080,189301,31829,90970,23131,157471,6111,2927,3184
61085,189311,31829,90975,23131,157482,6111,2927,3184
61090,189332,31831,90989,23132,157500,6112,2928,3184
61095,189342,31831,90994,23132,157511,6112,2928,3184
61100,189363,31834,91003,23133,157528,6113,2928,3185
61105,189373,31834,91009,23133,157539,6113,2928,3185
61110,189394,31837,91021,23135,157556,6114,2929,3185
61115,189404,31838,91027,23136,157565,6114,2929,3185
61120,189425,31844,91036,23139,157581,6115,2929,3186
61125,189435,31845,91040,23139,157590,6115,2929,3186
61130,189456,31848,91056,23142,157608,6116,2930,3186
61135,189466,31849,91061,23142,157617,6116,2930,3186
61140,189487,31853,91072,23144,157633,6117,2930,3187
61145,189497,31855,91079,23146,157641,6117,2930,3187
61150,189518,31860,91090,23149,157657,6118,2931,3187
61155,189528,31862,91095,23151,157665,6118,2931,3187
61160,189549,31866,91104,23153,157682,6119,2931,3188
61165,189559,31868,91109,23154,157691,6119,2931,3188
61170,189580,31871,91120,23157,157708,6120,2932,3188
61175,189590,31873,91125,23159,157717,6120,2932,3188
61180,189611,31876,91137,23161,157735,6121,2932,3189
61185,189621,31877,91140,23161,157743,6121,2932,3189
61190,189642,31883,91148,23165,157757,6122,2932,3190
61195,189652,31886,91152,23167,157765,6122,2932,3190
61200,189673,31892,91161,23172,157779,6123,2933,3190
61205,189683,31895,91166,23174,157787,6123,2933,3190
61210,189704,31903,91180,23180,157799,6124,2934,3190
61215,189714,31907,91185,23184,157805,6124,2934,3190
61220,189735,31913,91197,23189,157820,6125,2935,3190
61225,189745,31919,91204,23195,157823,6125,2935,3190
61230,189766,31925,91214,23200,157839,6126,2935,3191
61235,189776,31925,91218,23200,157850,6126,2935,3191
61240,189797,31928,91226,23201,157869,6127,2936,3191
61245,189807,31928,91231,23201,157878,6127,2936,3191
61250,189828,31930,91240,23203,157898,6128,2936,3192
61255,189838,31930,91246,23203,157908,6128,2936,3192
61260,189859,31933,91254,23204,157926,6129,2936,3193
61265,189869,31933,91258,23204,157936,6129,2936,3193
61270,189890,31935,91266,23204,157955,6130,2937,3193
61275,189900,31935,91270,23204,157965,6130,2937,3193
61280,189921,31937,91281,23205,157984,6131,2938,3193
61285,189931,31937,91286,23205,157994,6131,2938,3193
61290,189952,31940,91291,23206,158012,6132,2938,3194
61295,189962,31940,91296,23206,158022,6132,2938,3194
61300,189983,31943,91307,23208,158040,6133,2938,3195
61305,189993,31943,91311,23208,158050,6133,2938,3195
61310,190014,31946,91319,23211,158068,6134,2938,3196
61315,190024,31946,91322,23211,158078,6134,2938,3196
61320,190045,31948,91331,23211,158097,6135,2939,3196
61325,190055,31948,91338,23211,158107,6135,2939,3196
61330,190076,31950,91347,23212,158126,6136,2939,3197
61335,190086,31951,91354,23212,158135,6136,2939,3197
61340,190107,31955,91358,23213,158152,6137,2940,3197
61345,190117,31956,91359,23214,158161,6137,2940,3197
61350,190138,31962,91374,23218,158175,6138,2941,3197
61355,190148,31964,91376,23219,158184,6138,2941,3197
61360,190169,31968,91385,23221,158199,6139,2941,3198
61365,190179,31971,91388,23223,158207,6139,2941,3198
61370,190200,31976,91400,23227,158222,6140,2941,3199
61375,190210,31979,91407,23229,158228,6140,2941,3199
61380,190231,31984,91414,23232,158245,6141,2941,3200
61385,190241,31987,91418,23235,158253,6141,2941,3200
61390,190262,31992,91428,23238,158268,6142,2941,3201
61395,190272,31995,91433,23240,158276,6142,2941,3201
61400,190293,32001,91444,23244,158290,6143,2942,3201
61405,190303,32004,91447,23247,158299,6143,2942,3201
61410,190324,32007,91452,23248,158315,6144,2942,3202
61415,190334,32010,91458,23250,158324,6144,2942,3202
61420,190355,32015,91467,23253,158339,6145,2943,3202
61425,190365,32019,91474,23257,158344,6145,2943,3202
61430,190386,32026,91487,23264,158358,6146,2943,3203
61435,190396,32028,91494,23266,158366,6146,2943,3203
61440,190417,32034,91509,23272,158380,6147,2943,3204
61445,190427,32035,91516,23273,158392,6147,2943,3204
61450,190448,32038,91523,23275,158410,6148,2943,3205
61455,190458,32038,91527,23275,158420,6148,2943,3205
61460,190479,32041,91543,23277,158438,6149,2944,3205
61465,190489,32041,91550,23277,158448,6149,2944,3205
61470,190510,32043,91559,23278,158467,6150,2944,3206
61475,190520,32043,91564,23278,158477,6150,2944,3206
61480,190541,32045,91571,23278,158496,6151,2945,3206
61485,190551,32045,91577,23278,158506,6151,2945,3206
61490,190572,32047,91586,23280,158525,6152,2945,3207
61495,190582,32047,91588,23280,158535,6152,2945,3207
61500,190603,32050,91603,23282,158553,6153,2945,3208
61505,190613,32050,91609,23282,158563,6153,2945,3208
61510,190634,32052,91619,23283,158582,6154,2946,3208
61515,190644,32052,91625,23283,158592,6154,2946,3208
61520,190665,32054,91633,23283,158611,6155,2946,3209
61525,190675,32054,91641,23283,158621,6155,2946,3209
61530,190696,32056,91652,23283,158640,6156,2947,3209
61535,190706,32058,91657,23284,158648,6156,2947,3209
61540,190727,32062,91667,23286,158665,6157,2948,3209
61545,190737,32063,91673,23287,158673,6157,2948,3209
61550,190758,32070,91686,23294,158687,6158,2948,3210
61555,190768,32074,91690,23297,158692,6158,2948,3210
61560,190789,32081,91702,23303,158704,6159,2949,3210
61565,190799,32087,91706,23309,158710,6159,2949,3210
61570,190820,32094,91718,23315,158723,6160,2950,3210
61575,190830,32099,91724,23319,158728,6160,2950,3210
61580,190851,32106,91734,23326,158744,6161,2951,3210
61585,190861,32108,91739,23327,158750,6161,2951,3210
61590,190882,32115,91753,23332,158766,6162,2951,3211
61595,190892,32116,91756,23333,158776,6162,2951,3211
61600,190913,32121,91766,23336,158792,6163,2952,3211
61605,190923,32121,91770,23336,158801,6163,2952,3211
61610,190944,32127,91779,23341,158817,6164,2952,3212
61615,190954,32127,91783,23341,158827,6164,2952,3212
61620,190975,32129,91796,23342,158846,6165,2952,3213
61625,190985,32129,91800,23342,158856,6165,2952,3213
61630,191006,32131,91814,23343,158875,6166,2953,3213
61635,191016,32131,91817,23343,158885,6166,2953,3213
61640,191037,32134,91828,23344,158903,6167,2954,3213
61645,191047,32134,91830,23344,158913,6167,2954,3213
61650,191068,32137,91840,23345,158931,6168,2954,3214
61655,191078,32137,91844,23345,158941,6168,2954,3214
61660,191099,32140,91859,23347,158959,6169,2955,3214
61665,191109,32140,91862,23347,158969,6169,2955,3214
61670,191130,32142,91872,23348,158988,6170,2955,3215
61675,191140,32142,91877,23348,158998,6170,2955,3215
61680,191161,32145,91886,23350,159016,6171,2956,3215
61685,191171,32145,91892,23350,159026,6171,2956,3215
61690,191192,32148,91901,23352,159043,6172,2956,3216
61695,191202,32149,91906,23352,159051,6172,2956,3216
61700,191223,32151,91916,23353,159072,6173,2956,3217
61705,191233,32152,91920,23353,159079,6173,2956,3217
61710,191254,32156,91933,23355,159096,6174,2956,3218
61715,191264,32161,91939,23360,159100,6174,2956,3218
61720,191285,32168,91948,23366,159114,6175,2956,3219
61725,191295,32173,91955,23371,159118,6175,2956,3219
61730,191316,32181,91969,23378,159130,6176,2956,3220
61735,191326,32187,91973,23383,159138,6176,2956,3220
61740,191347,32192,91981,23386,159151,6177,2956,3221
61745,191357,32196,91987,23390,159160,6177,2956,3221
61750,191378,32202,91995,23395,159176,6178,2957,3221
61755,191388,32203,92001,23396,159184,6178,2957,3221
61760,191409,32209,92013,23399,159198,6179,2958,3221
61765,191419,32211,92021,23401,159207,6179,2958,3221
61770,191440,32216,92029,23404,159223,6180,2959,3221
61775,191450,32216,92033,23404,159233,6180,2959,3221
61780,191471,32220,92043,23406,159251,6181,2959,3222
61785,191481,32220,92047,23406,159261,6181,2959,3222
61790,191502,32224,92055,23409,159277,6182,2959,3223
61795,191512,32224,92058,23409,159288,6182,2959,3223
61800,191533,32228,92069,23412,159305,6183,2960,3223
61805,191543,32228,92075,23412,159315,6183,2960,3223
61810,191564,32230,92086,23412,159334,6184,2960,3224
61815,191574,32230,92090,23412,159344,6184,2960,3224
61820,191595,32233,92105,23414,159362,6185,2961,3224
61825,191605,32233,92108,23414,159372,6185,2961,3224
61830,191626,32235,92118,23415,159391,6186,2962,3224
61835,191636,32235,92124,23415,159401,6186,2962,3224
61840,191657,32237,92130,23416,159420,6187,2962,3225
61845,191667,32237,92133,23416,159430,6187,2962,3225
61850,191688,32240,92141,23417,159448,6188,2963,3225
61855,191698,32240,92147,23417,159456,6188,2963,3225
61860,191719,32242,92158,23418,159477,6189,2963,3226
61865,191729,32242,92164,23418,159486,6189,2963,3226
61870,191750,32245,92175,23421,159505,6190,2963,3227
61875,191760,32246,92182,23422,159512,6190,2963,3227
61880,191781,32249,92190,23423,159531,6191,2963,3228
61885,191791,32250,92192,23423,159541,6191,2963,3228
61890,191812,32254,92204,23426,159557,6192,2963,3229
61895,191822,32255,92212,23427,159567,6192,2963,3229
61900,191843,32257,92220,23428,159586,6193,2964,3229
61905,191853,32259,92226,23430,159594,6193,2964,3229
61910,191874,32267,92236,23437,159605,6194,2964,3230
61915,191884,32269,92239,23438,159615,6194,2964,3230
61920,191905,32275,92250,23443,159627,6195,2965,3230
61925,191915,32280,92255,23448,159634,6195,2965,3230
61930,191936,32285,92267,23452,159649,6196,2966,3230
61935,191946,32287,92272,23454,159658,6196,2966,3230
61940,191967,32290,92279,23456,159676,6197,2966,3231
61945,191977,32290,92285,23456,159686,6197,2966,3231
61950,191998,32293,92294,23459,159705,6198,2967,3231
61955,192008,32293,92296,23459,159715,6198,2967,3231
61960,192029,32295,92306,23459,159734,6199,2968,3231
61965,192039,32295,92314,23459,159743,6199,2968,3231
61970,192060,32299,92329,23461,159759,6200,2968,3232
61975,192070,32300,92333,23462,159770,6200,2968,3232
61980,192091,32304,92341,23465,159786,6201,2969,3232
61985,192101,32304,92343,23465,159796,6201,2969,3232
61990,192122,32308,92354,23469,159813,6202,2970,3232
61995,192132,32310,92359,23471,159821,6202,2970,3232
62000,192153,32315,92368,23476,159837,6203,2971,3232
62005,192163,32317,92371,23478,159846,6203,2971,3232
62010,192184,32319,92381,23480,159864,6204,2971,3233
62015,192194,32320,92385,23481,159874,6204,2971,3233
62020,192215,32321,92401,23482,159894,6205,2971,3234
62025,192225,32321,92405,23482,159904,6205,2971,3234
62030,192246,32323,92416,23483,159923,6206,2972,3234
62035,192256,32323,92419,23483,159933,6206,2972,3234
62040,192277,32327,92426,23486,159950,6207,2972,3235
62045,192287,32328,92428,23486,159959,6207,2972,3235
62050,192308,32330,92439,23488,159978,6208,2973,3235
62055,192318,32331,92444,23488,159986,6208,2973,3235
62060,192339,32334,92455,23490,160005,6209,2973,3236
62065,192349,32335,92459,23490,160014,6209,2973,3236
62070,192370,32338,92472,23493,160028,6210,2973,3237
62075,192380,32343,92476,23497,160037,6210,2973,3237
62080,192401,32347,92487,23500,160050,6211,2973,3238
62085,192411,32352,92490,23505,160059,6211,2973,3238
62090,192432,32355,92500,23506,160075,6212,2974,3238
62095,192442,32357,92505,23507,160083,6212,2974,3238
62100,192463,32360,92516,23509,160101,6213,2974,3239
62105,192473,32362,92525,23511,160111,6213,2974,3239
62110,192494,32366,92534,23514,160128,6214,2975,3239
62115,192504,32367,92537,23514,160137,6214,2975,3239
62120,192525,32372,92551,23519,160150,6215,2976,3239
62125,192535,32376,92553,23522,160158,6215,2976,3239
62130,192556,32382,92563,23526,160173,6216,2976,3240
62135,192566,32382,92567,23526,160183,6216,2976,3240
62140,192587,32388,92575,23530,160199,6217,2976,3241
62145,192597,32388,92579,23530,160208,6217,2976,3241
62150,192618,32393,92588,23533,160225,6218,2977,3241
62155,192628,32393,92593,23533,160235,6218,2977,3241
62160,192649,32397,92602,23536,160252,6219,2977,3242
62165,192659,32397,92606,23536,160262,6219,2977,3242
62170,192680,32401,92618,23539,160279,6220,2977,3243
62175,192690,32401,92626,23539,160287,6220,2977,3243
62180,192711,32408,92635,23543,160302,6221,2978,3243
62185,192721,32409,92638,23544,160311,6221,2978,3243
62190,192742,32414,92648,23548,160327,6222,2978,3244
62195,192752,32416,92653,23550,160335,6222,2978,3244
62200,192773,32422,92664,23555,160351,6223,2979,3244
62205,192783,32422,92667,23555,160359,6223,2979,3244
62210,192804,32426,92677,23557,160378,6224,2980,3244
62215,192814,32426,92681,23557,160387,6224,2980,3244
62220,192835,32429,92692,23560,160406,6225,2980,3245
62225,192845,32429,92698,23560,160414,6225,2980,3245
62230,192866,32431,92708,23561,160435,6226,2980,3246
62235,192876,32432,92713,23561,160443,6226,2980,3246
62240,192897,32436,92724,23565,160459,6227,2980,3247
62245,192907,32440,92731,23569,160465,6227,2980,3247
62250,192928,32444,92735,23571,160482,6228,2980,3248
62255,192938,32448,92742,23575,160489,6228,2980,3248
62260,192959,32454,92752,23579,160501,6229,2980,3249
62265,192969,32458,92758,23582,160511,6229,2980,3249
62270,192990,32461,92768,23583,160528,6230,2980,3250
62275,193000,32463,92773,23584,160537,6230,2980,3250
62280,193021,32467,92782,23586,160552,6231,2981,3250
62285,193031,32468,92790,23587,160563,6231,2981,3250
62290,193052,32470,92800,23588,160582,6232,2981,3251
62295,193062,32470,92804,23588,160592,6232,2981,3251
62300,193083,32472,92812,23590,160611,6233,2981,3252
62305,193093,32472,92820,23590,160621,6233,2981,3252
62310,193114,32476,92830,23594,160638,6234,2982,3252
62315,193124,32476,92836,23594,160647,6234,2982,3252
62320,193145,32482,92847,23599,160663,6235,2983,3252
62325,193155,32482,92851,23599,160672,6235,2983,3252
62330,193176,32487,92864,23603,160688,6236,2984,3252
62335,193186,32489,92870,23605,160697,6236,2984,3252
62340,193207,32493,92883,23608,160713,6237,2984,3253
62345,193217,32495,92890,23610,160722,6237,2984,3253
62350,193238,32500,92902,23613,160737,6238,2984,3254
62355,193248,32502,92906,23615,160745,6238,2984,3254
62360,193269,32507,92916,23618,160762,6239,2985,3254
62365,193279,32507,92921,23618,160771,6239,2985,3254
62370,193300,32512,92931,23620,160788,6240,2985,3255
62375,193310,32513,92937,23621,160796,6240,2985,3255
62380,193331,32519,92947,23626,160812,6241,2985,3256
62385,193341,32519,92951,23626,160822,6241,2985,3256
62390,193362,32522,92966,23628,160839,6242,2986,3256
62395,193372,32523,92967,23628,160848,6242,2986,3256
62400,193393,32529,92979,23633,160864,6243,2986,3257
62405,193403,32530,92986,23634,160871,6243,2986,3257
62410,193424,32534,92992,23637,160890,6244,2986,3258
62415,193434,32536,92997,23639,160897,6244,2986,3258
62420,193455,32539,93005,23640,160916,6245,2986,3259
62425,193465,32541,93009,23641,160922,6245,2986,3259
62430,193486,32546,93019,23645,160939,6246,2986,3260
62435,193496,32547,93023,23645,160949,6246,2986,3260
62440,193517,32553,93034,23650,160964,6247,2986,3261
62445,193527,32554,93039,23651,160973,6247,2986,3261
62450,193548,32557,93047,23652,160990,6248,2986,3262
62455,193558,32559,93049,23653,160999,6248,2986,3262
62460,193579,32564,93059,23656,161014,6249,2987,3262
62465,193589,32564,93065,23656,161025,6249,2987,3262
62470,193610,32566,93073,23656,161043,6250,2987,3263
62475,193620,32566,93076,23656,161054,6250,2987,3263
62480,193641,32569,93089,23658,161071,6251,2988,3263
62485,193651,32569,93094,23658,161081,6251,2988,3263
62490,193672,32574,93107,23662,161096,6252,2988,3264
62495,193682,32575,93112,23663,161107,6252,2988,3264
62500,193703,32578,93122,23666,161124,6253,2989,3264
62505,193713,32578,93126,23666,161134,6253,2989,3264
62510,193734,32584,93139,23671,161149,6254,2989,3265
62515,193744,32586,93145,23673,161156,6254,2989,3265
62520,193765,32593,93159,23679,161171,6255,2990,3265
62525,193775,32595,93165,23681,161179,6255,2990,3265
62530,193796,32600,93173,23685,161195,6256,2991,3265
62535,193806,32602,93178,23687,161204,6256,2991,3265
62540,193827,32607,93187,23689,161220,6257,2991,3266
62545,193837,32608,93189,23690,161229,6257,2991,3266
62550,193858,32613,93200,23693,161245,6258,2992,3266
62555,193868,32613,93205,23693,161255,6258,2992,3266
62560,193889,32615,93217,23695,161274,6259,2993,3266
62565,193899,32615,93221,23695,161283,6259,2993,3266
62570,193920,32617,93233,23696,161303,6260,2994,3266
62575,193930,32618,93239,23696,161312,6260,2994,3266
62580,193951,32620,93248,23696,161331,6261,2994,3267
62585,193961,32621,93251,23697,161339,6261,2994,3267
62590,193982,32623,93259,23697,161359,6262,2995,3267
62595,193992,32624,93263,23697,161368,6262,2995,3267
62600,194013,32627,93270,23699,161384,6263,2995,3268
62605,194023,32630,93275,23702,161393,6263,2995,3268
62610,194044,32633,93282,23704,161409,6264,2996,3268
62615,194054,32636,93286,23706,161417,6264,2996,3268
62620,194075,32639,93295,23708,161435,6265,2996,3269
62625,194085,32641,93302,23709,161444,6265,2996,3269
62630,194106,32646,93317,23714,161459,6266,2997,3269
62635,194116,32649,93321,23716,161467,6266,2997,3269
62640,194137,32654,93332,23720,161483,6267,2997,3270
62645,194147,32655,93334,23720,161491,6267,2997,3270
62650,194168,32659,93346,23722,161508,6268,2998,3270
62655,194178,32660,93351,23722,161517,6268,2998,3270
62660,194199,32666,93357,23726,161532,6269,2998,3271
62665,194209,32667,93358,23727,161542,6269,2998,3271
62670,194230,32671,93367,23731,161559,6270,2998,3272
62675,194240,32671,93373,23731,161568,6270,2998,3272
62680,194261,32675,93382,23733,161585,6271,2999,3272
62685,194271,32676,93387,23734,161595,6271,2999,3272
62690,194292,32681,93397,23737,161611,6272,3000,3272
62695,194302,32681,93403,23737,161620,6272,3000,3272
62700,194323,32687,93415,23743,161636,6273,3000,3273
62705,194333,32687,93420,23743,161646,6273,3000,3273
62710,194354,32689,93436,23744,161663,6274,3001,3273
62715,194364,32691,93439,23746,161673,6274,3001,3273
62720,194385,32693,93444,23746,161692,6275,3001,3274
62725,194395,32693,93448,23746,161702,6275,3001,3274
62730,194416,32696,93458,23747,161719,6276,3001,3275
62735,194426,32696,93462,23747,161730,6276,3001,3275
62740,194447,32699,93474,23750,161746,6277,3002,3275
62745,194457,32701,93480,23752,161755,6277,3002,3275
62750,194478,32705,93492,23754,161772,6278,3002,3276
62755,194488,32706,93498,23755,161781,6278,3002,3276
62760,194509,32711,93509,23758,161798,6279,3003,3276
62765,194519,32711,93514,23758,161808,6279,3003,3276
62770,194540,32713,93523,23759,161826,6280,3004,3276
62775,194550,32714,93527,23759,161836,6280,3004,3276
62780,194571,32715,93531,23759,161856,6281,3004,3277
62785,194581,32716,93537,23760,161864,6281,3004,3277
62790,194602,32717,93549,23760,161885,6282,3005,3277
62795,194612,32718,93554,23760,161894,6282,3005,3277
62800,194633,32720,93566,23762,161913,6283,3005,3278
62805,194643,32721,93569,23762,161921,6283,3005,3278
62810,194664,32724,93580,23763,161940,6284,3006,3278
62815,194674,32725,93585,23764,161947,6284,3006,3278
62820,194695,32728,93593,23767,161967,6285,3006,3279
62825,194705,32730,93599,23768,161975,6285,3006,3279
62830,194726,32735,93612,23773,161989,6286,3007,3279
62835,194736,32738,93618,23775,161998,6286,3007,3279
62840,194757,32742,93627,23778,162014,6287,3007,3280
62845,194767,32744,93634,23780,162023,6287,3007,3280
62850,194788,32748,93644,23782,162039,6288,3008,3280
62855,194798,32751,93651,23785,162047,6288,3008,3280
62860,194819,32755,93659,23789,162063,6289,3008,3281
62865,194829,32757,93663,23790,162072,6289,3008,3281
62870,194850,32760,93670,23791,162087,6290,3009,3281
62875,194860,32764,93674,23794,162095,6290,3009,3281
62880,194881,32771,93684,23799,162108,6291,3009,3282
62885,194891,32772,93686,23800,162119,6291,3009,3282
62890,194912,32775,93696,23801,162137,6292,3009,3283
62895,194922,32775,93699,23801,162147,6292,3009,3283
62900,194943,32779,93704,23803,162163,6293,3009,3284
62905,194953,32780,93706,23804,162172,6293,3009,3284
62910,194974,32786,93716,23807,162187,6294,3009,3285
62915,194984,32787,93719,23808,162196,6294,3009,3285
62920,195005,32792,93725,23810,162213,6295,3010,3285
62925,195015,32792,93729,23810,162221,6295,3010,3285
62930,195036,32797,93739,23814,162238,6296,3011,3285
62935,195046,32798,93743,23815,162248,6296,3011,3285
62940,195067,32803,93751,23817,162263,6297,3012,3285
62945,195077,32805,93755,23819,162270,6297,3012,3285
62950,195098,32810,93762,23822,162288,6298,3013,3285
62955,195108,32810,93766,23822,162298,6298,3013,3285
62960,195129,32813,93778,23824,162315,6299,3014,3285
62965,195139,32813,93784,23824,162323,6299,3014,3285
62970,195160,32816,93790,23826,162344,6300,3014,3286
62975,195170,32816,93794,23826,162352,6300,3014,3286
62980,195191,32819,93802,23828,162372,6301,3014,3287
62985,195201,32820,93806,23829,162379,6301,3014,3287
62990,195222,32826,93819,23834,162394,6302,3015,3287
62995,195232,32828,93824,23835,162403,6302,3015,3287
63000,195253,32832,93832,23837,162419,6303,3015,3288
63005,195263,32835,93837,23839,162428,6303,3015,3288
63010,195284,32839,93850,23842,162444,6304,3015,3289
63015,195294,32841,93857,23843,162453,6304,3015,3289
63020,195315,32844,93863,23845,162470,6305,3016,3289
63025,195325,32845,93867,23845,162480,6305,3016,3289
63030,195346,32848,93879,23848,162495,6306,3016,3290
63035,195356,32853,93885,23853,162503,6306,3016,3290
63040,195377,32856,93896,23855,162519,6307,3016,3291
63045,195387,32856,93900,23855,162531,6307,3016,3291
63050,195408,32858,93906,23856,162550,6308,3016,3292
63055,195418,32858,93910,23856,162559,6308,3016,3292
63060,195439,32864,93922,23860,162575,6309,3016,3293
63065,195449,32864,93924,23860,162584,6309,3016,3293
63070,195470,32868,93936,23864,162601,6310,3017,3293
63075,195480,32869,93941,23865,162611,6310,3017,3293
63080,195501,32873,93952,23868,162628,6311,3018,3293
63085,195511,32873,93959,23868,162637,6311,3018,3293
63090,195532,32878,93970,23872,162654,6312,3019,3293
63095,195542,32879,93977,23873,162662,6312,3019,3293
63100,195563,32884,93988,23875,162679,6313,3019,3294
63105,195573,32885,93993,23876,162687,6313,3019,3294
63110,195594,32892,94000,23880,162702,6314,3020,3294
63115,195604,32892,94005,23880,162710,6314,3020,3294
63120,195625,32899,94012,23885,162726,6315,3020,3295
63125,195635,32899,94017,23885,162735,6315,3020,3295
63130,195656,32901,94026,23886,162755,6316,3020,3296
63135,195666,32901,94030,23886,162764,6316,3020,3296
63140,195687,32903,94041,23887,162784,6317,3021,3296
63145,195697,32904,94046,23888,162793,6317,3021,3296
63150,195718,32909,94057,23891,162809,6318,3022,3296
63155,195728,32911,94060,23892,162816,6318,3022,3296
63160,195749,32915,94072,23894,162834,6319,3023,3296
63165,195759,32917,94077,23895,162841,6319,3023,3296
63170,195780,32921,94085,23897,162856,6320,3023,3297
63175,195790,32925,94091,23901,162865,6320,3023,3297
63180,195811,32929,94101,23904,162879,6321,3023,3298
63185,195821,32933,94107,23908,162887,6321,3023,3298
63190,195842,32936,94114,23910,162904,6322,3023,3299
63195,195852,32938,94122,23912,162914,6322,3023,3299
63200,195873,32941,94132,23913,162931,6323,3023,3300
63205,195883,32941,94138,23913,162942,6323,3023,3300
63210,195904,32943,94152,23914,162961,6324,3024,3300
63215,195914,32943,94157,23914,162971,6324,3024,3300
63220,195935,32946,94168,23915,162989,6325,3025,3300
63225,195945,32946,94174,23915,162999,6325,3025,3300
63230,195966,32950,94183,23916,163015,6326,3025,3301
63235,195976,32951,94188,23917,163024,6326,3025,3301
63240,195997,32956,94202,23920,163039,6327,3025,3302
63245,196007,32957,94211,23921,163049,6327,3025,3302
63250,196028,32963,94221,23927,163064,6328,3025,3303
63255,196038,32963,94224,23927,163074,6328,3025,3303
63260,196059,32968,94232,23931,163090,6329,3025,3304
63265,196069,32969,94237,23932,163099,6329,3025,3304
63270,196090,32975,94245,23936,163114,6330,3025,3305
63275,196100,32976,94250,23937,163123,6330,3025,3305
63280,196121,32982,94261,23940,163137,6331,3026,3305
63285,196131,32983,94264,23941,163147,6331,3026,3305
63290,196152,32989,94272,23945,163162,6332,3026,3306
63295,196162,32990,94279,23946,163171,6332,3026,3306
63300,196183,32996,94291,23950,163186,6333,3027,3306
63305,196193,32998,94296,23951,163195,6333,3027,3306
63310,196214,33002,94306,23954,163212,6334,3027,3307
63315,196224,33003,94311,23955,163221,6334,3027,3307
63320,196245,33007,94319,23958,163237,6335,3028,3307
63325,196255,33010,94323,23960,163245,6335,3028,3307
63330,196276,33014,94334,23963,163261,6336,3029,3307
63335,196286,33016,94339,23965,163270,6336,3029,3307
63340,196307,33019,94352,23966,163288,6337,3030,3307
63345,196317,33020,94358,23967,163297,6337,3030,3307
63350,196338,33022,94366,23969,163316,6338,3031,3307
63355,196348,33023,94373,23969,163325,6338,3031,3307
63360,196369,33026,94383,23970,163343,6339,3031,3308
63365,196379,33027,94386,23970,163352,6339,3031,3308
63370,196400,33028,94399,23971,163372,6340,3032,3308
63375,196410,33029,94402,23971,163381,6340,3032,3308
63380,196431,33030,94411,23972,163401,6341,3032,3309
63385,196441,33031,94416,23972,163410,6341,3032,3309
63390,196462,33032,94429,23973,163429,6342,3033,3309
63395,196472,33033,94432,23973,163437,6342,3033,3309
63400,196493,33038,94441,23978,163455,6343,3034,3309
63405,196503,33039,94447,23978,163462,6343,3034,3309
63410,196524,33042,94456,23979,163481,6344,3035,3309
63415,196534,33044,94458,23980,163489,6344,3035,3309
63420,196555,33047,94468,23981,163505,6345,3036,3309
63425,196565,33052,94472,23986,163513,6345,3036,3309
63430,196586,33055,94478,23988,163529,6346,3037,3309
63435,196596,33057,94481,23989,163538,6346,3037,3309
63440,196617,33060,94487,23991,163553,6347,3037,3310
63445,196627,33062,94489,23993,163565,6347,3037,3310
63450,196648,33064,94498,23994,163584,6348,3038,3310
63455,196658,33064,94503,23994,163594,6348,3038,3310
63460,196679,33066,94511,23994,163612,6349,3038,3311
63465,196689,33066,94517,23994,163623,6349,3038,3311
63470,196710,33070,94527,23997,163639,6350,3038,3312
63475,196720,33071,94530,23998,163649,6350,3038,3312
63480,196741,33074,94537,23999,163666,6351,3038,3313
63485,196751,33075,94543,24000,163676,6351,3038,3313
63490,196772,33078,94554,24003,163693,6352,3039,3313
63495,196782,33078,94562,24003,163703,6352,3039,3313
63500,196803,33083,94575,24007,163719,6353,3039,3314
63505,196813,33084,94579,24008,163728,6353,3039,3314
63510,196834,33089,94588,24011,163745,6354,3040,3314
63515,196844,33089,94591,24011,163755,6354,3040,3314
63520,196865,33093,94601,24014,163771,6355,3040,3315
63525,196875,33095,94606,24016,163778,6355,3040,3315
63530,196896,33101,94614,24020,163794,6356,3040,3316
63535,196906,33103,94618,24022,163802,6356,3040,3316
63540,196927,33108,94625,24025,163819,6357,3040,3317
63545,196937,33108,94629,24025,163827,6357,3040,3317
63550,196958,33115,94637,24030,163842,6358,3040,3318
63555,196968,33118,94642,24033,163849,6358,3040,3318
63560,196989,33122,94651,24036,163866,6359,3040,3319
63565,196999,33124,94659,24038,163875,6359,3040,3319
63570,197020,33129,94666,24042,163891,6360,3040,3320
63575,197030,33130,94670,24043,163900,6360,3040,3320
63580,197051,33135,94683,24047,163913,6361,3040,3321
63585,197061,33139,94689,24050,163922,6361,3040,3321
63590,197082,33141,94696,24051,163940,6362,3040,3322
63595,197092,33143,94699,24052,163949,6362,3040,3322
63600,197113,33148,94710,24055,163962,6363,3041,3322
63605,197123,33152,94713,24059,163971,6363,3041,3322
63610,197144,33154,94724,24060,163987,6364,3041,3323
63615,197154,33159,94727,24064,163995,6364,3041,3323
63620,197175,33162,94739,24066,164010,6365,3042,3323
63625,197185,33165,94744,24069,164020,6365,3042,3323
63630,197206,33167,94754,24069,164037,6366,3043,3323
63635,197216,33168,94758,24070,164048,6366,3043,3323
63640,197237,33170,94770,24071,164066,6367,3043,3324
63645,197247,33171,94774,24071,164076,6367,3043,3324
63650,197268,33173,94783,24071,164093,6368,3043,3325
63655,197278,33174,94785,24071,164104,6368,3043,3325
63660,197299,33176,94794,24073,164121,6369,3043,3326
63665,197309,33177,94800,24073,164130,6369,3043,3326
63670,197330,33181,94808,24074,164148,6370,3043,3327
63675,197340,33182,94813,24075,164156,6370,3043,3327
63680,197361,33189,94824,24082,164171,6371,3043,3328
63685,197371,33191,94829,24084,164179,6371,3043,3328
63690,197392,33196,94839,24087,164195,6372,3043,3329
63695,197402,33197,94842,24088,164204,6372,3043,3329
63700,197423,33201,94848,24088,164221,6373,3043,3330
63705,197433,33204,94853,24090,164227,6373,3043,3330
63710,197454,33210,94864,24093,164242,6374,3044,3330
63715,197464,33213,94870,24096,164249,6374,3044,3330
63720,197485,33220,94881,24101,164264,6375,3045,3330
63725,197495,33221,94884,24102,164274,6375,3045,3330
63730,197516,33223,94897,24104,164291,6376,3046,3330
63735,197526,33225,94898,24104,164301,6376,3046,3330
63740,197547,33227,94908,24104,164319,6377,3047,3330
63745,197557,33230,94914,24107,164327,6377,3047,3330
63750,197578,33232,94923,24109,164345,6378,3048,3330
63755,197588,33234,94929,24111,164354,6378,3048,3330
63760,197609,33237,94940,24113,164370,6379,3048,3331
63765,197619,33240,94946,24115,164379,6379,3048,3331
63770,197640,33243,94956,24117,164393,6380,3048,3332
63775,197650,33248,94962,24122,164402,6380,3048,3332
63780,197671,33252,94975,24126,164417,6381,3049,3332
63785,197681,33257,94979,24130,164424,6381,3049,3332
63790,197702,33261,94993,24134,164436,6382,3049,3333
63795,197712,33264,94999,24136,164448,6382,3049,3333
63800,197733,33266,95012,24137,164465,6383,3049,3334
63805,197743,33267,95017,24138,164476,6383,3049,3334
63810,197764,33269,95026,24140,164493,6384,3049,3335
63815,197774,33270,95032,24140,164504,6384,3049,3335
63820,197795,33272,95043,24141,164521,6385,3049,3336
63825,197805,33273,95051,24141,164531,6385,3049,3336
63830,197826,33279,95059,24145,164545,6386,3049,3337
63835,197836,33282,95065,24148,164553,6386,3049,3337
63840,197857,33286,95070,24150,164569,6387,3049,3338
63845,197867,33287,95071,24150,164580,6387,3049,3338
63850,197888,33292,95082,24154,164594,6388,3050,3338
63855,197898,33294,95087,24156,164603,6388,3050,3338
63860,197919,33298,95096,24159,164619,6389,3051,3338
63865,197929,33299,95102,24160,164630,6389,3051,3338
63870,197950,33302,95114,24162,164646,6390,3052,3338
63875,197960,33303,95118,24162,164656,6390,3052,3338
63880,197981,33307,95131,24164,164672,6391,3052,3339
63885,197991,33308,95134,24165,164683,6391,3052,3339
63890,198012,33311,95140,24165,164700,6392,3053,3339
63895,198022,33312,95146,24165,164710,6392,3053,3339
63900,198043,33316,95158,24168,164726,6393,3054,3339
63905,198053,33318,95161,24169,164734,6393,3054,3339
63910,198074,33324,95171,24174,164749,6394,3054,3340
63915,198084,33326,95174,24175,164758,6394,3054,3340
63920,198105,33329,95186,24176,164775,6395,3054,3341
63925,198115,33331,95193,24178,164783,6395,3054,3341
63930,198136,33335,95201,24180,164800,6396,3054,3342
63935,198146,33337,95206,24182,164808,6396,3054,3342
63940,198167,33341,95218,24184,164825,6397,3055,3342
63945,198177,33343,95222,24186,164833,6397,3055,3342
63950,198198,33347,95234,24189,164849,6398,3056,3342
63955,198208,33349,95238,24189,164856,6398,3056,3342
63960,198229,33352,95249,24191,164875,6399,3057,3342
63965,198239,33354,95253,24192,164885,6399,3057,3342
63970,198260,33356,95261,24192,164904,6400,3058,3342
63975,198270,33357,95262,24192,164913,6400,3058,3342
63980,198291,33360,95274,24194,164930,6401,3059,3342
63985,198301,33362,95279,24195,164938,6401,3059,3342
63990,198322,33367,95288,24198,164954,6402,3059,3343
63995,198332,33370,95293,24200,164962,6402,3059,3343
64000,198353,33374,95301,24202,164977,6403,3059,3344
64005,198363,33377,95306,24205,164985,6403,3059,3344
64010,198384,33382,95314,24209,164999,6404,3059,3345
64015,198394,33387,95322,24214,165006,6404,3059,3345
64020,198415,33392,95332,24218,165021,6405,3059,3346
64025,198425,33396,95338,24222,165029,6405,3059,3346
64030,198446,33400,95351,24225,165045,6406,3060,3346
64035,198456,33403,95358,24228,165053,6406,3060,3346
64040,198477,33404,95369,24229,165072,6407,3061,3346
64045,198487,33404,95373,24229,165083,6407,3061,3346
64050,198508,33405,95382,24229,165102,6408,3061,3347
64055,198518,33406,95385,24230,165112,6408,3061,3347
64060,198539,33408,95397,24232,165129,6409,3062,3347
64065,198549,33409,95406,24233,165140,6409,3062,3347
64070,198570,33411,95411,24234,165159,6410,3062,3348
64075,198580,33411,95415,24234,165169,6410,3062,3348
64080,198601,33413,95425,24235,165188,6411,3063,3348
64085,198611,33413,95428,24235,165198,6411,3063,3348
64090,198632,33414,95433,24236,165218,6412,3063,3349
64095,198642,33414,95438,24236,165228,6412,3063,3349
64100,198663,33415,95445,24236,165248,6413,3063,3350
64105,198673,33415,95450,24236,165258,6413,3063,3350
64110,198694,33416,95462,24237,165278,6414,3064,3350
64115,198704,33416,95468,24237,165288,6414,3064,3350
64120,198725,33418,95482,24239,165307,6415,3065,3350
64125,198735,33418,95489,24239,165317,6415,3065,3350
64130,198756,33419,95498,24240,165337,6416,3065,3351
64135,198766,33420,95501,24241,165346,6416,3065,3351
64140,198787,33422,95512,24242,165364,6417,3066,3351
64145,198797,33425,95516,24245,165372,6417,3066,3351
64150,198818,33430,95525,24249,165388,6418,3067,3351
64155,198828,33432,95528,24250,165395,6418,3067,3351
64160,198849,33436,95537,24253,165411,6419,3068,3351
64165,198859,33442,95544,24258,165416,6419,3068,3351
64170,198880,33447,95549,24261,165432,6420,3068,3352
64175,198890,33451,95555,24265,165439,6420,3068,3352
64180,198911,33453,95562,24266,165455,6421,3069,3352
64185,198921,33461,95569,24273,165459,6421,3069,3352
64190,198942,33468,95578,24278,165473,6422,3070,3352
64195,198952,33471,95580,24280,165480,6422,3070,3352
64200,198973,33477,95590,24285,165495,6423,3071,3352
64205,198983,33479,95593,24286,165503,6423,3071,3352
64210,199004,33482,95601,24289,165521,6424,3071,3353
64215,199014,33482,95607,24289,165532,6424,3071,3353
64220,199035,33484,95619,24291,165550,6425,3071,3354
64225,199045,33484,95625,24291,165560,6425,3071,3354
64230,199066,33486,95637,24292,165580,6426,3072,3354
64235,199076,33486,95642,24292,165590,6426,3072,3354
64240,199097,33488,95651,24294,165608,6427,3073,3354
64245,199107,33488,95657,24294,165619,6427,3073,3354
64250,199128,33489,95671,24294,165638,6428,3074,3354
64255,199138,33489,95678,24294,165649,6428,3074,3354
64260,199159,33491,95690,24295,165667,6429,3075,3354
64265,199169,33491,95694,24295,165678,6429,3075,3354
64270,199190,33493,95700,24296,165697,6430,3075,3355
64275,199200,33493,95707,24296,165707,6430,3075,3355
64280,199221,33494,95715,24297,165727,6431,3075,3356
64285,199231,33494,95721,24297,165737,6431,3075,3356
64290,199252,33495,95731,24298,165756,6432,3076,3356
64295,199262,33495,95738,24298,165767,6432,3076,3356
64300,199283,33497,95748,24300,165786,6433,3077,3356
64305,199293,33497,95755,24300,165796,6433,3077,3356
64310,199314,33499,95769,24302,165814,6434,3078,3356
64315,199324,33500,95773,24303,165824,6434,3078,3356
64320,199345,33503,95781,24305,165842,6435,3078,3357
64325,199355,33504,95786,24306,165850,6435,3078,3357
64330,199376,33508,95798,24310,165867,6436,3079,3357
64335,199386,33510,95802,24311,165876,6436,3079,3357
64340,199407,33513,95818,24313,165893,6437,3080,3357
64345,199417,33515,95826,24315,165902,6437,3080,3357
64350,199438,33518,95835,24317,165918,6438,3080,3358
64355,199448,33522,95840,24320,165925,6438,3080,3358
64360,199469,33526,95848,24322,165942,6439,3081,3358
64365,199479,33529,95854,24324,165949,6439,3081,3358
64370,199500,33536,95865,24329,165962,6440,3082,3358
64375,199510,33540,95869,24333,165970,6440,3082,3358
64380,199531,33546,95876,24337,165985,6441,3083,3358
64385,199541,33548,95880,24338,165993,6441,3083,3358
64390,199562,33553,95891,24343,166008,6442,3084,3358
64395,199572,33556,95896,24346,166016,6442,3084,3358
64400,199593,33560,95906,24349,166032,6443,3084,3359
64405,199603,33562,95910,24351,166041,6443,3084,3359
64410,199624,33564,95924,24353,166058,6444,3085,3359
64415,199634,33567,95930,24356,166067,6444,3085,3359
64420,199655,33570,95942,24358,166084,6445,3086,3359
64425,199665,33571,95947,24359,166094,6445,3086,3359
64430,199686,33572,95958,24360,166114,6446,3086,3360
64435,199696,33572,95963,24360,166124,6446,3086,3360
64440,199717,33573,95974,24361,166143,6447,3087,3360
64445,199727,33573,95978,24361,166154,6447,3087,3360
64450,199748,33574,95987,24361,166174,6448,3087,3361
64455,199758,33574,95991,24361,166184,6448,3087,3361
64460,199779,33575,96002,24362,166203,6449,3088,3361
64465,199789,33575,96007,24362,166214,6449,3088,3361
64470,199810,33577,96017,24364,166232,6450,3088,3362
64475,199820,33577,96022,24364,166243,6450,3088,3362
64480,199841,33579,96033,24366,166262,6451,3089,3362
64485,199851,33579,96038,24366,166272,6451,3089,3362
64490,199872,33581,96051,24367,166290,6452,3090,3362
64495,199882,33581,96056,24367,166301,6452,3090,3362
64500,199903,33583,96068,24369,166320,6453,3090,3363
64505,199913,33583,96071,24369,166330,6453,3090,3363
64510,199934,33586,96080,24371,166347,6454,3090,3364
64515,199944,33586,96085,24371,166358,6454,3090,3364
64520,199965,33589,96094,24373,166375,6455,3090,3365
64525,199975,33589,96098,24373,166385,6455,3090,3365
64530,199996,33592,96108,24375,166404,6456,3091,3365
64535,200006,33594,96115,24377,166412,6456,3091,3365
64540,200027,33598,96126,24380,166429,6457,3091,3366
64545,200037,33599,96131,24380,166438,6457,3091,3366
64550,200058,33603,96142,24383,166455,6458,3092,3366
64555,200068,33605,96148,24385,166462,6458,3092,3366
64560,200089,33609,96155,24388,166479,6459,3092,3367
64565,200099,33610,96158,24389,166489,6459,3092,3367
64570,200120,33614,96169,24391,166506,6460,3093,3367
64575,200130,33616,96173,24392,166514,6460,3093,3367
64580,200151,33620,96182,24395,166531,6461,3093,3368
64585,200161,33623,96189,24397,166537,6461,3093,3368
64590,200182,33626,96199,24400,166556,6462,3094,3368
64595,200192,33629,96207,24403,166562,6462,3094,3368
64600,200213,33632,96215,24405,166580,6463,3095,3368
64605,200223,33637,96223,24410,166586,6463,3095,3368
64610,200244,33640,96235,24412,166602,6464,3096,3368
64615,200254,33641,96239,24413,166613,6464,3096,3368
64620,200275,33643,96247,24414,166630,6465,3096,3369
64625,200285,33644,96252,24415,166641,6465,3096,3369
64630,200306,33646,96261,24416,166658,6466,3097,3369
64635,200316,33648,96264,24418,166668,6466,3097,3369
64640,200337,33651,96275,24420,166684,6467,3097,3370
64645,200347,33652,96280,24421,166695,6467,3097,3370
64650,200368,33653,96289,24421,166714,6468,3097,3371
64655,200378,33655,96294,24423,166723,6468,3097,3371
64660,200399,33656,96303,24423,166742,6469,3097,3372
64665,200409,33657,96306,24424,166752,6469,3097,3372
64670,200430,33659,96317,24426,166770,6470,3097,3373
64675,200440,33659,96318,24426,166781,6470,3097,3373
64680,200461,33659,96327,24426,166802,6471,3097,3374
64685,200471,33659,96333,24426,166812,6471,3097,3374
64690,200492,33661,96342,24428,166831,6471,3097,3374
64695,200502,33661,96345,24428,166841,6471,3097,3374
64700,200523,33663,96354,24429,166860,6471,3097,3374
64705,200533,33663,96357,24429,166870,6471,3097,3374
64710,200554,33664,96366,24429,166890,6471,3097,3374
64715,200564,33665,96369,24430,166899,6471,3097,3374
64720,200585,33667,96380,24431,166918,6471,3097,3374
64725,200595,33668,96385,24431,166927,6471,3097,3374
64730,200616,33670,96397,24432,166946,6471,3097,3374
64735,200626,33671,96403,24432,166955,6471,3097,3374
64740,200647,33672,96414,24433,166975,6471,3097,3374
64745,200657,33673,96419,24433,166984,6471,3097,3374
64750,200678,33674,96426,24433,167004,6471,3097,3374
64755,200688,33675,96431,24434,167013,6471,3097,3374
64760,200709,33677,96442,24435,167032,6471,3097,3374
64765,200719,33679,96447,24437,167040,6471,3097,3374
64770,200740,33682,96454,24439,167058,6471,3097,3374
64775,200750,33683,96459,24440,167067,6471,3097,3374
64780,200771,33685,96469,24442,167086,6471,3097,3374
64785,200781,33688,96477,24445,167093,6471,3097,3374
64790,200802,33693,96488,24449,167107,6471,3097,3374
64795,200812,33697,96494,24453,167115,6471,3097,3374
64800,200833,33703,96505,24457,167128,6471,3097,3374
64805,200843,33707,96510,24461,167136,6471,3097,3374
64810,200864,33713,96517,24466,167151,6471,3097,3374
64815,200874,33715,96523,24468,167159,6471,3097,3374
64820,200895,33718,96530,24470,167177,6471,3097,3374
64825,200905,33718,96538,24470,167187,6471,3097,3374
64830,200926,33721,96554,24473,167203,6471,3097,3374
64835,200936,33721,96559,24473,167215,6471,3097,3374
64840,200957,33723,96568,24474,167234,6471,3097,3374
64845,200967,33723,96569,24474,167244,6471,3097,3374
64850,200988,33726,96582,24476,167262,6471,3097,3374
64855,200998,33726,96586,24476,167272,6471,3097,3374
64860,201019,33729,96599,24478,167288,6471,3097,3374
64865,201029,33729,96607,24478,167300,6471,3097,3374
64870,201050,33732,96618,24479,167317,6471,3097,3374
64875,201060,33732,96623,24479,167328,6471,3097,3374
64880,201081,33734,96633,24479,167346,6471,3097,3374
64885,201091,33734,96639,24479,167357,6471,3097,3374
64890,201112,33737,96651,24482,167375,6471,3097,3374
64895,201122,33737,96655,24482,167385,6471,3097,3374
64900,201143,33740,96670,24485,167402,6471,3097,3374
64905,201153,33740,96677,24485,167413,6471,3097,3374
64910,201174,33742,96689,24487,167432,6471,3097,3374
64915,201184,33742,96695,24487,167442,6471,3097,3374
64920,201205,33745,96709,24489,167459,6471,3097,3374
64925,201215,33745,96714,24489,167470,6471,3097,3374
64930,201236,33749,96725,24491,167486,6471,3097,3374
64935,201246,33751,96732,24493,167495,6471,3097,3374
64940,201267,33755,96744,24495,167511,6471,3097,3374
64945,201277,33756,96748,24495,167521,6471,3097,3374
64950,201298,33759,96762,24498,167538,6471,3097,3374
64955,201308,33760,96765,24499,167548,6471,3097,3374
64960,201329,33763,96776,24500,167566,6471,3097,3374
64965,201339,33765,96781,24502,167574,6471,3097,3374
64970,201360,33770,96792,24506,167589,6471,3097,3374
64975,201370,33771,96794,24507,167599,6471,3097,3374
64980,201391,33774,96801,24508,167617,6471,3097,3374
64985,201401,33776,96805,24510,167625,6471,3097,3374
64990,201422,33780,96816,24513,167640,6471,3097,3374
64995,201432,33783,96822,24515,167649,6471,3097,3374
65000,201453,33787,96833,24519,167666,6471,3097,3374
65005,201463,33789,96839,24520,167674,6471,3097,3374
65010,201484,33793,96846,24522,167691,6471,3097,3374
65015,201494,33796,96853,24525,167698,6471,3097,3374
65020,201515,33802,96868,24531,167713,6471,3097,3374
65025,201525,33806,96877,24535,167719,6471,3097,3374
65030,201546,33810,96887,24538,167735,6471,3097,3374
65035,201556,33815,96893,24542,167741,6471,3097,3374
65040,201577,33818,96906,24544,167758,6471,3097,3374
65045,201587,33819,96909,24545,167768,6471,3097,3374
65050,201608,33821,96922,24546,167787,6471,3097,3374
65055,201618,33821,96926,24546,167797,6471,3097,3374
65060,201639,33822,96936,24547,167816,6471,3097,3374
65065,201649,33823,96941,24548,167826,6471,3097,3374
65070,201670,33826,96954,24551,167843,6471,3097,3374
65075,201680,33827,96959,24552,167853,6471,3097,3374
65080,201701,33829,96968,24553,167872,6471,3097,3374
65085,201711,33830,96972,24554,167881,6471,3097,3374
65090,201732,33830,96979,24554,167902,6471,3097,3374
65095,201742,33830,96982,24554,167912,6471,3097,3374
65100,201763,33830,96997,24554,167932,6471,3097,3374
65105,201773,33830,97001,24554,167943,6471,3097,3374
65110,201794,33830,97010,24554,167964,6471,3097,3374
65115,201804,33830,97018,24554,167974,6471,3097,3374
65120,201825,33830,97029,24554,167994,6471,3097,3374
65125,201835,33830,97034,24554,168005,6471,3097,3374
65130,201856,33830,97043,24554,168026,6471,3097,3374
65135,201866,33830,97048,24554,168036,6471,3097,3374
65140,201887,33830,97056,24554,168057,6471,3097,3374
65145,201897,33831,97060,24554,168066,6471,3097,3374
65150,201918,33832,97070,24554,168086,6471,3097,3374
65155,201928,33833,97074,24554,168095,6471,3097,3374
65160,201949,33834,97086,24554,168115,6471,3097,3374
65165,201959,33835,97091,24554,168124,6471,3097,3374
65170,201980,33836,97102,24554,168143,6471,3097,3374
65175,201990,33837,97106,24555,168153,6471,3097,3374
65180,202011,33838,97115,24555,168173,6471,3097,3374
65185,202021,33839,97121,24556,168182,6471,3097,3374
65190,202042,33841,97132,24556,168200,6471,3097,3374
65195,202052,33842,97137,24556,168210,6471,3097,3374
65200,202073,33844,97148,24556,168228,6471,3097,3374
65205,202083,33846,97150,24557,168237,6471,3097,3374
65210,202104,33851,97160,24561,168252,6471,3097,3374
65215,202114,33854,97166,24563,168260,6471,3097,3374
65220,202135,33857,97172,24566,168277,6471,3097,3374
65225,202145,33859,97178,24568,168286,6471,3097,3374
65230,202166,33862,97190,24571,168302,6471,3097,3374
65235,202176,33865,97198,24574,168311,6471,3097,3374
65240,202197,33868,97207,24575,168328,6471,3097,3374
65245,202207,33870,97211,24576,168337,6471,3097,3374
65250,202228,33872,97219,24577,168354,6471,3097,3374
65255,202238,33876,97224,24580,168362,6471,3097,3374
65260,202259,33879,97234,24582,168380,6471,3097,3374
65265,202269,33879,97240,24582,168390,6471,3097,3374
65270,202290,33881,97251,24583,168409,6471,3097,3374
65275,202300,33882,97253,24584,168418,6471,3097,3374
65280,202321,33884,97260,24584,168437,6471,3097,3374
65285,202331,33885,97264,24585,168446,6471,3097,3374
65290,202352,33887,97274,24586,168465,6471,3097,3374
65295,202362,33887,97279,24586,168475,6471,3097,3374
65300,202383,33889,97289,24588,168494,6471,3097,3374
65305,202393,33890,97295,24589,168503,6471,3097,3374
65310,202414,33892,97308,24591,168521,6471,3097,3374
65315,202424,33892,97310,24591,168532,6471,3097,3374
65320,202445,33894,97320,24592,168550,6471,3097,3374
65325,202455,33894,97321,24592,168561,6471,3097,3374
65330,202476,33898,97332,24596,168577,6471,3097,3374
65335,202486,33900,97339,24598,168586,6471,3097,3374
65340,202507,33903,97351,24600,168604,6471,3097,3374
65345,202517,33903,97356,24600,168614,6471,3097,3374
65350,202538,33906,97363,24602,168632,6471,3097,3374
65355,202548,33906,97369,24602,168642,6471,3097,3374
65360,202569,33908,97380,24604,168661,6471,3097,3374
65365,202579,33909,97386,24604,168670,6471,3097,3374
65370,202600,33913,97398,24608,168687,6471,3097,3374
65375,202610,33914,97402,24609,168696,6471,3097,3374
65380,202631,33917,97416,24612,168714,6471,3097,3374
65385,202641,33919,97421,24614,168722,6471,3097,3374
65390,202662,33923,97435,24618,168739,6471,3097,3374
65395,202672,33924,97440,24619,168748,6471,3097,3374
65400,202693,33929,97450,24623,168764,6471,3097,3374
65405,202703,33932,97456,24625,168771,6471,3097,3374
65410,202724,33935,97464,24626,168789,6471,3097,3374
65415,202734,33937,97467,24627,168797,6471,3097,3374
65420,202755,33941,97477,24630,168813,6471,3097,3374
65425,202765,33944,97481,24632,168821,6471,3097,3374
65430,202786,33948,97492,24635,168838,6471,3097,3374
65435,202796,33950,97500,24637,168846,6471,3097,3374
65440,202817,33953,97508,24638,168864,6471,3097,3374
65445,202827,33954,97513,24638,168873,6471,3097,3374
65450,202848,33960,97522,24642,168888,6471,3097,3374
65455,202858,33963,97528,24645,168895,6471,3097,3374
65460,202879,33969,97539,24651,168909,6471,3097,3374
65465,202889,33970,97543,24652,168919,6471,3097,3374
65470,202910,33971,97555,24652,168938,6471,3097,3374
65475,202920,33971,97560,24652,168949,6471,3097,3374
65480,202941,33972,97570,24653,168969,6471,3097,3374
65485,202951,33972,97576,24653,168979,6471,3097,3374
65490,202972,33973,97591,24653,168998,6471,3097,3374
65495,202982,33973,97594,24653,169009,6471,3097,3374
65500,203003,33974,97608,24654,169029,6471,3097,3374
65505,203013,33974,97612,24654,169039,6471,3097,3374
65510,203034,33975,97623,24654,169059,6471,3097,3374
65515,203044,33975,97626,24654,169069,6471,3097,3374
65520,203065,33976,97638,24654,169088,6471,3097,3374
65525,203075,33976,97641,24654,169099,6471,3097,3374
65530,203096,33977,97647,24654,169119,6471,3097,3374
65535,203106,33977,97651,24654,169129,6471,3097,3374
65540,203127,33978,97657,24655,169148,6471,3097,3374
65545,203137,33978,97661,24655,169159,6471,3097,3374
65550,203158,33979,97671,24656,169178,6471,3097,3374
65555,203168,33979,97677,24656,169189,6471,3097,3374
65560,203189,33980,97686,24656,169209,6471,3097,3374
65565,203199,33980,97692,24656,169219,6471,3097,3374
65570,203220,33982,97701,24657,169238,6471,3097,3374
65575,203230,33983,97705,24658,169247,6471,3097,3374
65580,203251,33985,97719,24660,169266,6471,3097,3374
65585,203261,33986,97723,24661,169275,6471,3097,3374
65590,203282,33988,97734,24662,169294,6471,3097,3374
65595,203292,33989,97737,24662,169303,6471,3097,3374
65600,203313,33991,97748,24663,169321,6471,3097,3374
65605,203323,33992,97751,24663,169331,6471,3097,3374
65610,203344,33994,97761,24664,169350,6471,3097,3374
65615,203354,33995,97765,24664,169359,6471,3097,3374
65620,203375,33997,97776,24665,169378,6471,3097,3374
65625,203385,33999,97779,24666,169386,6471,3097,3374
65630,203406,34002,97785,24668,169404,6471,3097,3374
65635,203416,34004,97790,24669,169412,6471,3097,3374
65640,203437,34008,97798,24672,169429,6471,3097,3374
65645,203447,34011,97805,24674,169436,6471,3097,3374
65650,203468,34014,97815,24676,169453,6471,3097,3374
65655,203478,34016,97820,24677,169462,6471,3097,3374
65660,203499,34021,97831,24681,169477,6471,3097,3374
65665,203509,34023,97836,24683,169486,6471,3097,3374
65670,203530,34026,97843,24684,169503,6471,3097,3374
65675,203540,34028,97846,24685,169512,6471,3097,3374
65680,203561,34033,97856,24689,169526,6471,3097,3374
65685,203571,34037,97862,24693,169534,6471,3097,3374
65690,203592,34040,97873,24695,169551,6471,3097,3374
65695,203602,34041,97876,24696,169561,6471,3097,3374
65700,203623,34044,97885,24697,169578,6471,3097,3374
65705,203633,34046,97892,24699,169587,6471,3097,3374
65710,203654,34048,97906,24701,169605,6471,3097,3374
65715,203664,34049,97911,24702,169615,6471,3097,3374
65720,203685,34051,97924,24704,169633,6471,3097,3374
65725,203695,34052,97928,24705,169643,6471,3097,3374
65730,203716,34054,97939,24707,169661,6471,3097,3374
65735,203726,34054,97945,24707,169672,6471,3097,3374
65740,203747,34056,97953,24708,169690,6471,3097,3374
65745,203757,34057,97959,24709,169700,6471,3097,3374
65750,203778,34059,97966,24709,169719,6471,3097,3374
65755,203788,34059,97970,24709,169729,6471,3097,3374
65760,203809,34061,97980,24709,169748,6471,3097,3374
65765,203819,34062,97986,24710,169757,6471,3097,3374
65770,203840,34064,97996,24711,169775,6471,3097,3374
65775,203850,34065,98003,24712,169785,6471,3097,3374
65780,203871,34067,98013,24712,169804,6471,3097,3374
65785,203881,34067,98018,24712,169814,6471,3097,3374
65790,203902,34069,98027,24713,169832,6471,3097,3374
65795,203912,34071,98031,24714,169841,6471,3097,3374
65800,203933,34073,98039,24715,169859,6471,3097,3374
65805,203943,34074,98041,24715,169869,6471,3097,3374
65810,203964,34077,98052,24718,169886,6471,3097,3374
65815,203974,34079,98058,24720,169895,6471,3097,3374
65820,203995,34082,98063,24721,169913,6471,3097,3374
65825,204005,34085,98069,24724,169920,6471,3097,3374
65830,204026,34090,98076,24727,169936,6471,3097,3374
65835,204036,34092,98080,24729,169944,6471,3097,3374
65840,204057,34096,98090,24732,169961,6471,3097,3374
65845,204067,34099,98097,24735,169968,6471,3097,3374
65850,204088,34104,98108,24739,169982,6471,3097,3374
65855,204098,34107,98117,24742,169991,6471,3097,3374
65860,204119,34108,98129,24743,170011,6471,3097,3374
65865,204129,34109,98135,24744,170020,6471,3097,3374
65870,204150,34111,98146,24746,170037,6471,3097,3374
65875,204160,34113,98153,24748,170047,6471,3097,3374
65880,204181,34115,98164,24750,170065,6471,3097,3374
65885,204191,34117,98171,24752,170074,6471,3097,3374
65890,204212,34120,98183,24755,170091,6471,3097,3374
65895,204222,34122,98189,24757,170100,6471,3097,3374
65900,204243,34123,98200,24757,170119,6471,3097,3374
65905,204253,34123,98206,24757,170130,6471,3097,3374
65910,204274,34124,98216,24758,170150,6471,3097,3374
65915,204284,34124,98221,24758,170160,6471,3097,3374
65920,204305,34125,98230,24759,170179,6471,3097,3374
65925,204315,34125,98234,24759,170190,6471,3097,3374
65930,204336,34126,98243,24759,170209,6471,3097,3374
65935,204346,34126,98247,24759,170220,6471,3097,3374
65940,204367,34127,98257,24759,170239,6471,3097,3374
65945,204377,34127,98263,24759,170250,6471,3097,3374
65950,204398,34128,98274,24759,170270,6471,3097,3374
65955,204408,34128,98281,24759,170280,6471,3097,3374
65960,204429,34130,98295,24760,170299,6471,3097,3374
65965,204439,34130,98296,24760,170309,6471,3097,3374
65970,204460,34132,98307,24762,170328,6471,3097,3374
65975,204470,34132,98314,24762,170338,6471,3097,3374
65980,204491,34134,98324,24764,170357,6471,3097,3374
65985,204501,34134,98327,24764,170367,6471,3097,3374
65990,204522,34136,98338,24765,170386,6471,3097,3374
65995,204532,34136,98339,24765,170396,6471,3097,3374
66000,204553,34138,98350,24766,170415,6471,3097,3374
66005,204563,34139,98357,24767,170424,6471,3097,3374
66010,204584,34141,98365,24768,170443,6471,3097,3374
66015,204594,34142,98368,24769,170452,6471,3097,3374
66020,204615,34144,98377,24769,170471,6471,3097,3374
66025,204625,34145,98381,24769,170480,6471,3097,3374
66030,204646,34147,98390,24770,170499,6471,3097,3374
66035,204656,34148,98394,24771,170508,6471,3097,3374
66040,204677,34150,98402,24771,170527,6471,3097,3374
66045,204687,34151,98406,24772,170536,6471,3097,3374
66050,204708,34155,98415,24774,170553,6471,3097,3374
66055,204718,34157,98422,24776,170561,6471,3097,3374
66060,204739,34161,98431,24779,170577,6471,3097,3374
66065,204749,34164,98436,24782,170585,6471,3097,3374
66070,204770,34169,98443,24786,170601,6471,3097,3374
66075,204780,34170,98449,24786,170610,6471,3097,3374
66080,204801,34175,98459,24789,170626,6471,3097,3374
66085,204811,34177,98464,24790,170634,6471,3097,3374
66090,204832,34183,98480,24795,170649,6471,3097,3374
66095,204842,34185,98485,24797,170657,6471,3097,3374
66100,204863,34191,98498,24802,170671,6471,3097,3374
66105,204873,34194,98503,24804,170679,6471,3097,3374
66110,204894,34198,98513,24806,170695,6471,3097,3374
66115,204904,34201,98519,24809,170703,6471,3097,3374
66120,204925,34204,98527,24810,170719,6471,3097,3374
66125,204935,34207,98531,24813,170728,6471,3097,3374
66130,204956,34209,98538,24815,170746,6471,3097,3374
66135,204966,34210,98542,24816,170756,6471,3097,3374
66140,204987,34213,98552,24819,170774,6471,3097,3374
66145,204997,34214,98557,24820,170783,6471,3097,3374
66150,205018,34217,98571,24823,170800,6471,3097,3374
66155,205028,34218,98576,24824,170810,6471,3097,3374
66160,205049,34220,98588,24825,170829,6471,3097,3374
66165,205059,34220,98592,24825,170839,6471,3097,3374
66170,205080,34222,98605,24826,170857,6471,3097,3374
66175,205090,34223,98608,24827,170867,6471,3097,3374
66180,205111,34225,98616,24828,170886,6471,3097,3374
66185,205121,34225,98622,24828,170896,6471,3097,3374
66190,205142,34226,98630,24828,170916,6471,3097,3374
66195,205152,34226,98632,24828,170926,6471,3097,3374
66200,205173,34227,98645,24829,170946,6471,3097,3374
66205,205183,34227,98648,24829,170956,6471,3097,3374
66210,205204,34228,98656,24830,170975,6471,3097,3374
66215,205214,34228,98659,24830,170986,6471,3097,3374
66220,205235,34229,98669,24830,171006,6471,3097,3374
66225,205245,34229,98676,24830,171016,6471,3097,3374
66230,205266,34232,98690,24833,171034,6471,3097,3374
66235,205276,34233,98697,24833,171043,6471,3097,3374
66240,205297,34235,98704,24835,171061,6471,3097,3374
66245,205307,34236,98709,24835,171071,6471,3097,3374
66250,205328,34238,98718,24836,171089,6471,3097,3374
66255,205338,34239,98725,24837,171099,6471,3097,3374
66260,205359,34240,98735,24837,171119,6471,3097,3374
66265,205369,34241,98740,24838,171128,6471,3097,3374
66270,205390,34242,98748,24839,171148,6471,3097,3374
66275,205400,34243,98753,24840,171157,6471,3097,3374
66280,205421,34244,98764,24841,171177,6471,3097,3374
66285,205431,34245,98768,24842,171186,6471,3097,3374
66290,205452,34248,98775,24843,171203,6471,3097,3374
66295,205462,34250,98777,24844,171212,6471,3097,3374
66300,205483,34254,98789,24847,171228,6471,3097,3374
66305,205493,34258,98795,24850,171235,6471,3097,3374
66310,205514,34263,98809,24854,171249,6471,3097,3374
66315,205524,34267,98815,24858,171257,6471,3097,3374
66320,205545,34271,98828,24861,171272,6471,3097,3374
66325,205555,34274,98831,24863,171281,6471,3097,3374
66330,205576,34277,98841,24865,171299,6471,3097,3374
66335,205586,34278,98846,24866,171308,6471,3097,3374
66340,205607,34281,98856,24868,171326,6471,3097,3374
66345,205617,34281,98860,24868,171336,6471,3097,3374
66350,205638,34283,98873,24869,171355,6471,3097,3374
66355,205648,34283,98880,24869,171365,6471,3097,3374
66360,205669,34285,98892,24870,171384,6471,3097,3374
66365,205679,34285,98898,24870,171394,6471,3097,3374
66370,205700,34287,98911,24871,171412,6471,3097,3374
66375,205710,34287,98914,24871,171423,6471,3097,3374
66380,205731,34289,98927,24872,171441,6471,3097,3374
66385,205741,34289,98931,24872,171452,6471,3097,3374
66390,205762,34291,98941,24874,171470,6471,3097,3374
66395,205772,34291,98944,24874,171481,6471,3097,3374
66400,205793,34293,98952,24875,171500,6471,3097,3374
66405,205803,34293,98958,24875,171510,6471,3097,3374
66410,205824,34295,98969,24876,171528,6471,3097,3374
66415,205834,34295,98978,24876,171539,6471,3097,3374
66420,205855,34297,98983,24876,171558,6471,3097,3374
66425,205865,34298,98987,24877,171567,6471,3097,3374
66430,205886,34300,99001,24879,171585,6471,3097,3374
66435,205896,34300,99008,24879,171596,6471,3097,3374
66440,205917,34302,99020,24881,171615,6471,3097,3374
66445,205927,34303,99026,24882,171624,6471,3097,3374
66450,205948,34306,99033,24883,171641,6471,3097,3374
66455,205958,34308,99038,24885,171650,6471,3097,3374
66460,205979,34310,99046,24887,171669,6471,3097,3374
66465,205989,34312,99051,24889,171677,6471,3097,3374
66470,206010,34315,99060,24892,171695,6471,3097,3374
66475,206020,34317,99065,24893,171703,6471,3097,3374
66480,206041,34321,99076,24896,171719,6471,3097,3374
66485,206051,34322,99083,24897,171729,6471,3097,3374
66490,206072,34324,99089,24898,171748,6471,3097,3374
66495,206082,34326,99094,24899,171756,6471,3097,3374
66500,206103,34329,99106,24902,171773,6471,3097,3374
66505,206113,34331,99113,24904,171782,6471,3097,3374
66510,206134,34333,99120,24904,171801,6471,3097,3374
66515,206144,34335,99127,24905,171809,6471,3097,3374
66520,206165,34338,99137,24908,171826,6471,3097,3374
66525,206175,34340,99139,24909,171835,6471,3097,3374
66530,206196,34343,99151,24911,171851,6471,3097,3374
66535,206206,34347,99157,24915,171859,6471,3097,3374
66540,206227,34351,99165,24918,171875,6471,3097,3374
66545,206237,34355,99170,24921,171882,6471,3097,3374
66550,206258,34360,99180,24926,171898,6471,3097,3374
66555,206268,34361,99183,24927,171907,6471,3097,3374
66560,206289,34364,99192,24930,171925,6471,3097,3374
66565,206299,34367,99196,24932,171932,6471,3097,3374
66570,206320,34370,99204,24935,171950,6471,3097,3374
66575,206330,34372,99208,24936,171958,6471,3097,3374
66580,206351,34376,99218,24939,171975,6471,3097,3374
66585,206361,34377,99223,24940,171984,6471,3097,3374
66590,206382,34379,99236,24942,172002,6471,3097,3374
66595,206392,34381,99242,24944,172011,6471,3097,3374
66600,206413,34383,99250,24946,172030,6471,3097,3374
66605,206423,34383,99254,24946,172040,6471,3097,3374
66610,206444,34384,99267,24947,172059,6471,3097,3374
66615,206454,34384,99271,24947,172070,6471,3097,3374
66620,206475,34385,99281,24948,172090,6471,3097,3374
66625,206485,34385,99286,24948,172100,6471,3097,3374
66630,206506,34386,99297,24948,172120,6471,3097,3374
66635,206516,34386,99301,24948,172130,6471,3097,3374
66640,206537,34387,99312,24949,172150,6471,3097,3374
66645,206547,34387,99318,24949,172160,6471,3097,3374
66650,206568,34388,99328,24949,172179,6471,3097,3374
66655,206578,34388,99331,24949,172190,6471,3097,3374
66660,206599,34389,99342,24950,172210,6471,3097,3374
66665,206609,34389,99349,24950,172220,6471,3097,3374
66670,206630,34390,99359,24951,172239,6471,3097,3374
66675,206640,34390,99364,24951,172250,6471,3097,3374
66680,206661,34391,99376,24952,172269,6471,3097,3374
66685,206671,34392,99378,24953,172279,6471,3097,3374
66690,206692,34395,99387,24955,172297,6471,3097,3374
66695,206702,34395,99393,24955,172307,6471,3097,3374
66700,206723,34399,99406,24959,172324,6471,3097,3374
66705,206733,34401,99409,24960,172332,6471,3097,3374
66710,206754,34405,99416,24962,172349,6471,3097,3374
66715,206764,34407,99419,24963,172357,6471,3097,3374
66720,206785,34411,99431,24967,172373,6471,3097,3374
66725,206795,34413,99437,24969,172382,6471,3097,3374
66730,206816,34416,99444,24972,172400,6471,3097,3374
66735,206826,34417,99450,24972,172409,6471,3097,3374
66740,206847,34420,99457,24973,172427,6471,3097,3374
66745,206857,34421,99464,24973,172436,6471,3097,3374
66750,206878,34425,99475,24976,172452,6471,3097,3374
66755,206888,34426,99480,24977,172462,6471,3097,3374
66760,206909,34429,99489,24978,172480,6471,3097,3374
66765,206919,34431,99494,24980,172488,6471,3097,3374
66770,206940,34434,99504,24983,172504,6471,3097,3374
66775,206950,34437,99508,24985,172513,6471,3097,3374
66780,206971,34441,99522,24989,172529,6471,3097,3374
66785,206981,34443,99526,24991,172538,6471,3097,3374
66790,207002,34447,99533,24994,172555,6471,3097,3374
66795,207012,34448,99538,24995,172564,6471,3097,3374
66800,207033,34451,99549,24996,172581,6471,3097,3374
66805,207043,34451,99552,24996,172592,6471,3097,3374
66810,207064,34453,99569,24998,172610,6471,3097,3374
66815,207074,34453,99576,24998,172621,6471,3097,3374
66820,207095,34455,99585,24998,172639,6471,3097,3374
66825,207105,34455,99588,24998,172650,6471,3097,3374
66830,207126,34457,99599,25000,172668,6471,3097,3374
66835,207136,34458,99607,25001,172678,6471,3097,3374
66840,207157,34460,99617,25003,172697,6471,3097,3374
66845,207167,34461,99626,25004,172706,6471,3097,3374
66850,207188,34463,99635,25004,172725,6471,3097,3374
66855,207198,34464,99640,25005,172734,6471,3097,3374
66860,207219,34466,99650,25007,172753,6471,3097,3374
66865,207229,34466,99655,25007,172763,6471,3097,3374
66870,207250,34468,99663,25007,172782,6471,3097,3374
66875,207260,34468,99667,25007,172792,6471,3097,3374
66880,207281,34470,99677,25007,172811,6471,3097,3374
66885,207291,34470,99682,25007,172821,6471,3097,3374
66890,207312,34472,99694,25007,172840,6471,3097,3374
66895,207322,34472,99700,25007,172850,6471,3097,3374
66900,207343,34474,99712,25008,172869,6471,3097,3374
66905,207353,34476,99718,25010,172877,6471,3097,3374
66910,207374,34478,99727,25010,172896,6471,3097,3374
66915,207384,34480,99731,25011,172904,6471,3097,3374
66920,207405,34483,99739,25012,172922,6471,3097,3374
66925,207415,34484,99743,25013,172931,6471,3097,3374
66930,207436,34486,99752,25014,172950,6471,3097,3374
66935,207446,34488,99758,25016,172958,6471,3097,3374
66940,207467,34493,99772,25020,172973,6471,3097,3374
66945,207477,34495,99778,25021,172982,6471,3097,3374
66950,207498,34499,99790,25025,172998,6471,3097,3374
66955,207508,34502,99794,25027,173006,6471,3097,3374
66960,207529,34506,99806,25031,173023,6471,3097,3374
66965,207539,34507,99814,25032,173032,6471,3097,3374
66970,207560,34508,99821,25032,173051,6471,3097,3374
66975,207570,34510,99826,25033,173060,6471,3097,3374
66980,207591,34512,99832,25035,173079,6471,3097,3374
66985,207601,34514,99836,25036,173087,6471,3097,3374
66990,207622,34516,99844,25038,173105,6471,3097,3374
66995,207632,34517,99848,25038,173115,6471,3097,3374
67000,207653,34519,99857,25039,173133,6471,3097,3374
67005,207663,34521,99863,25040,173142,6471,3097,3374
67010,207684,34522,99872,25041,173161,6471,3097,3374
67015,207694,34523,99878,25042,173171,6471,3097,3374
67020,207715,34525,99890,25044,173188,6471,3097,3374
67025,207725,34527,99894,25045,173198,6471,3097,3374
67030,207746,34528,99904,25046,173217,6471,3097,3374
67035,207756,34530,99908,25047,173226,6471,3097,3374
67040,207777,34531,99915,25047,173246,6471,3097,3374
67045,207787,34532,99919,25047,173255,6471,3097,3374
67050,207808,34534,99933,25049,173272,6471,3097,3374
67055,207818,34536,99936,25050,173282,6471,3097,3374
67060,207839,34537,99948,25050,173301,6471,3097,3374
67065,207849,34539,99953,25051,173310,6471,3097,3374
67070,207870,34545,99962,25055,173325,6471,3097,3374
67075,207880,34547,99968,25056,173333,6471,3097,3374
67080,207901,34551,99979,25059,173349,6471,3097,3374
67085,207911,34554,99985,25061,173357,6471,3097,3374
67090,207932,34556,99995,25062,173375,6471,3097,3374
67095,207942,34556,100000,25062,173386,6471,3097,3374
67100,207963,34558,100015,25064,173405,6471,3097,3374
67105,207973,34558,100021,25064,173415,6471,3097,3374
67110,207994,34560,100029,25065,173434,6471,3097,3374
67115,208004,34560,100032,25065,173444,6471,3097,3374
67120,208025,34562,100040,25066,173462,6471,3097,3374
67125,208035,34562,100045,25066,173473,6471,3097,3374
67130,208056,34564,100058,25067,173491,6471,3097,3374
67135,208066,34564,100062,25067,173502,6471,3097,3374
67140,208087,34566,100074,25067,173521,6471,3097,3374
67145,208097,34566,100080,25067,173531,6471,3097,3374
67150,208118,34568,100090,25068,173550,6471,3097,3374
67155,208128,34568,100094,25068,173560,6471,3097,3374
67160,208149,34570,100104,25069,173579,6471,3097,3374
67165,208159,34570,100110,25069,173589,6471,3097,3374
67170,208180,34572,100118,25070,173608,6471,3097,3374
67175,208190,34572,100121,25070,173618,6471,3097,3374
67180,208211,34574,100131,25071,173637,6471,3097,3374
67185,208221,34574,100135,25071,173647,6471,3097,3374
67190,208242,34576,100148,25072,173666,6471,3097,3374
67195,208252,34576,100151,25072,173676,6471,3097,3374
67200,208273,34579,100159,25074,173693,6471,3097,3374
67205,208283,34580,100166,25075,173703,6471,3097,3374
67210,208304,34582,100176,25075,173722,6471,3097,3374
67215,208314,34583,100181,25075,173731,6471,3097,3374
67220,208335,34586,100191,25077,173748,6471,3097,3374
67225,208345,34587,100195,25078,173758,6471,3097,3374
67230,208366,34589,100203,25079,173777,6471,3097,3374
67235,208376,34590,100209,25080,173786,6471,3097,3374
67240,208397,34593,100218,25082,173804,6471,3097,3374
67245,208407,34594,100223,25083,173813,6471,3097,3374
67250,208428,34597,100234,25085,173831,6471,3097,3374
67255,208438,34599,100238,25087,173839,6471,3097,3374
67260,208459,34603,100250,25091,173855,6471,3097,3374
67265,208469,34605,100255,25093,173864,6471,3097,3374
67270,208490,34608,100263,25096,173882,6471,3097,3374
67275,208500,34610,100268,25098,173890,6471,3097,3374
67280,208521,34616,100281,25104,173904,6471,3097,3374
67285,208531,34618,100283,25105,173913,6471,3097,3374
67290,208552,34623,100295,25108,173928,6471,3097,3374
67295,208562,34626,100298,25110,173936,6471,3097,3374
67300,208583,34630,100307,25113,173952,6471,3097,3374
67305,208593,34633,100314,25116,173960,6471,3097,3374
67310,208614,34638,100323,25120,173975,6471,3097,3374
67315,208624,34641,100328,25122,173983,6471,3097,3374
67320,208645,34646,100340,25125,173998,6471,3097,3374
67325,208655,34649,100343,25127,174006,6471,3097,3374
67330,208676,34651,100355,25128,174025,6471,3097,3374
67335,208686,34651,100358,25128,174035,6471,3097,3374
67340,208707,34654,100370,25130,174053,6471,3097,3374
67345,208717,34654,100375,25130,174063,6471,3097,3374
67350,208738,34656,100387,25131,174081,6471,3097,3374
67354,208747,34657,100393,25132,174090,6471,3097,3374
