source,gentime, athop, hopcount,priority, reachedTime
2,3,2,2,1, 5
1,6,1,1,0, 7
4,6,4,4,1, 10
3,7,3,3,1, 10
5,7,3,3,1, 10
6,10,2,2,1, 12
7,12,1,1,1, 13
8,16,1,1,1, 17
11,14,4,4,0, 18
9,17,2,2,0, 19
16,19,2,2,0, 21
14,19,3,3,0, 22
17,19,3,3,1, 22
13,19,4,4,0, 23
15,21,2,2,0, 23
12,20,5,5,1, 25
20,23,6,6,0, 29
22,26,4,4,0, 30
24,29,1,1,0, 30
19,26,5,5,0, 31
23,28,3,3,1, 31
27,32,4,4,0, 36
30,33,3,3,0, 36
25,35,2,2,1, 37
31,36,2,2,0, 38
28,34,5,5,1, 39
26,37,3,3,1, 40
29,38,4,4,0, 42
2,43,2,2,1, 45
1,46,1,1,1, 47
4,46,4,4,0, 50
3,47,3,3,0, 50
5,47,3,3,1, 50
6,50,2,2,0, 52
7,52,1,1,1, 53
8,56,1,1,0, 57
11,54,4,4,1, 58
9,57,2,2,0, 59
16,59,2,2,1, 61
14,59,3,3,0, 62
17,59,3,3,0, 62
13,59,4,4,0, 63
15,61,2,2,1, 63
12,60,5,5,1, 65
18,63,4,4,1, 67
20,63,6,6,1, 69
22,66,4,4,0, 70
24,69,1,1,1, 70
19,66,5,5,1, 71
23,68,3,3,1, 71
27,72,4,4,0, 76
30,73,3,3,0, 76
25,75,2,2,0, 77
31,76,2,2,0, 78
28,74,5,5,1, 79
26,77,3,3,0, 80
29,78,4,4,1, 82
2,83,2,2,0, 85
1,86,1,1,1, 87
4,86,4,4,0, 90
3,87,3,3,0, 90
5,87,3,3,0, 90
6,90,2,2,0, 92
7,92,1,1,1, 93
8,96,1,1,1, 97
11,94,4,4,1, 98
9,97,2,2,0, 99
16,99,2,2,0, 101
14,99,3,3,0, 102
17,99,3,3,0, 102
13,99,4,4,1, 103
15,101,2,2,0, 103
12,100,5,5,0, 105
18,103,4,4,0, 107
20,103,6,6,1, 109
22,106,4,4,0, 110
24,109,1,1,1, 110
19,106,5,5,0, 111
23,108,3,3,1, 111
27,112,4,4,1, 116
30,113,3,3,1, 116
25,115,2,2,0, 117
31,116,2,2,1, 118
28,114,5,5,0, 119
26,117,3,3,1, 120
29,118,4,4,0, 122
2,123,2,2,1, 125
1,126,1,1,0, 127
5,127,3,3,0, 130
6,130,2,2,1, 132
7,132,1,1,0, 133
8,136,1,1,0, 137
11,134,4,4,1, 138
9,137,2,2,1, 139
16,139,2,2,1, 141
14,139,3,3,0, 142
13,139,4,4,0, 143
15,141,2,2,1, 143
12,140,5,5,1, 145
18,143,4,4,1, 147
20,143,6,6,1, 149
22,146,4,4,1, 150
24,149,1,1,0, 150
19,146,5,5,1, 151
23,148,3,3,0, 151
30,153,3,3,0, 156
25,155,2,2,1, 157
31,156,2,2,1, 158
28,154,5,5,1, 159
29,158,4,4,1, 162
1,166,1,1,1, 167
3,167,3,3,1, 170
5,167,3,3,1, 170
6,170,2,2,0, 172
7,172,1,1,0, 173
8,176,1,1,0, 177
11,174,4,4,1, 178
9,177,2,2,1, 179
16,179,2,2,1, 181
14,179,3,3,0, 182
13,179,4,4,1, 183
15,181,2,2,0, 183
18,183,4,4,1, 187
20,183,6,6,1, 189
22,186,4,4,1, 190
24,189,1,1,0, 190
23,188,3,3,1, 191
27,192,4,4,1, 196
25,195,2,2,0, 197
31,196,2,2,1, 198
28,194,5,5,1, 199
26,197,3,3,0, 200
29,198,4,4,1, 202
6,210,2,2,1, 212
7,212,1,1,0, 213
8,216,1,1,1, 217
16,219,2,2,1, 221
17,219,3,3,1, 222
13,219,4,4,1, 223
18,223,4,4,1, 227
20,223,6,6,1, 229
22,226,4,4,1, 230
24,229,1,1,1, 230
19,226,5,5,1, 231
25,235,2,2,1, 237
31,236,2,2,1, 238
28,234,5,5,1, 239
26,237,3,3,0, 240
7,252,1,1,0, 253
8,256,1,1,0, 257
16,259,2,2,1, 261
15,261,2,2,1, 263
24,269,1,1,1, 270
23,268,3,3,1, 271
25,275,2,2,0, 277
26,277,3,3,1, 280
1,286,1,1,0, 287
4,286,4,6,1, 292
7,292,1,1,0, 293
8,296,1,1,0, 297
9,297,2,2,1, 299
24,309,1,1,0, 310
25,315,2,2,1, 317
1,326,1,1,0, 327
7,332,1,1,0, 333
8,336,1,1,1, 337
24,349,1,1,0, 350
30,353,3,3,1, 356
25,355,2,2,1, 357
27,352,4,6,1, 358
31,356,2,2,1, 358
1,366,1,1,0, 367
5,367,3,3,1, 370
6,370,2,2,1, 372
7,372,1,1,0, 373
9,377,2,2,1, 379
17,379,3,3,1, 382
24,389,1,1,1, 390
1,406,1,1,1, 407
5,407,3,3,1, 410
6,410,2,2,1, 412
7,412,1,1,0, 413
3,407,3,7,1, 414
9,417,2,2,1, 419
17,419,3,3,1, 422
12,420,5,5,1, 425
18,423,4,4,1, 427
24,429,1,1,1, 430
25,435,2,2,1, 437
31,436,2,2,1, 438
26,437,3,3,1, 440
7,452,1,1,1, 453
24,469,1,1,1, 470
23,468,3,3,1, 471
30,473,3,3,1, 476
26,477,3,3,1, 480
29,478,4,4,1, 482
8,496,1,1,0, 497
24,509,1,1,1, 510
25,515,2,2,1, 517
8,536,1,1,0, 537
24,549,1,1,1, 550
25,555,2,2,1, 557
7,572,1,1,0, 573
6,570,2,4,1, 574
8,576,1,1,0, 577
15,581,2,2,1, 583
24,589,1,1,1, 590
2,603,2,2,1, 605
1,606,1,1,0, 607
24,629,1,1,1, 630
1,646,1,1,1, 647
24,669,1,1,0, 670
25,675,2,2,1, 677
1,686,1,1,0, 687
24,709,1,1,0, 710
23,708,3,3,1, 711
30,713,3,3,1, 716
29,718,4,4,1, 722
1,726,1,1,0, 727
7,732,1,1,1, 733
8,736,1,1,0, 737
22,746,4,4,1, 750
24,749,1,1,1, 750
29,758,4,6,1, 764
1,766,1,1,1, 767
5,767,3,5,1, 772
7,772,1,1,1, 773
6,770,2,4,1, 774
8,776,1,1,1, 777
14,779,3,3,1, 782
24,789,1,1,0, 790
1,806,1,1,1, 807
6,810,2,2,1, 812
7,812,1,1,0, 813
8,816,1,1,1, 817
24,829,1,1,1, 830
30,833,3,3,1, 836
31,836,2,2,1, 838
26,837,3,3,1, 840
7,852,1,1,1, 853
15,861,2,2,1, 863
22,866,4,4,1, 870
23,868,3,3,1, 871
7,892,1,1,1, 893
30,913,3,3,1, 916
5,927,3,3,1, 930
6,930,2,2,1, 932
7,932,1,1,0, 933
13,939,4,4,1, 943
24,949,1,1,0, 950
31,956,2,2,1, 958
1,966,1,1,1, 967
8,976,1,1,1, 977
1,1006,1,1,0, 1007
8,1016,1,1,1, 1017
22,1026,4,4,1, 1030
1,1046,1,1,0, 1047
8,1056,1,1,0, 1057
16,1059,2,2,1, 1061
14,1059,3,3,1, 1062
24,1069,1,1,1, 1070
28,1074,5,5,1, 1079
29,1078,4,4,1, 1082
2,1083,2,2,1, 1085
7,1092,1,1,1, 1093
8,1096,1,1,1, 1097
24,1109,1,1,1, 1110
6,1130,2,2,1, 1132
7,1132,1,1,0, 1133
8,1136,1,1,1, 1137
24,1149,1,1,1, 1150
31,1156,2,2,1, 1158
7,1172,1,1,1, 1173
8,1176,1,1,0, 1177
22,1186,4,4,1, 1190
24,1189,1,1,0, 1190
23,1188,3,3,1, 1191
30,1193,3,3,1, 1196
27,1192,4,6,1, 1198
29,1198,4,4,1, 1202
1,1206,1,1,1, 1207
7,1212,1,1,1, 1213
8,1216,1,1,0, 1217
24,1229,1,1,0, 1230
1,1246,1,1,1, 1247
7,1252,1,1,1, 1253
8,1256,1,1,0, 1257
24,1269,1,1,0, 1270
1,1286,1,1,0, 1287
7,1292,1,1,1, 1293
8,1296,1,1,1, 1297
24,1309,1,1,0, 1310
27,1312,4,6,1, 1318
31,1316,2,2,1, 1318
29,1318,4,4,1, 1322
8,1336,1,1,0, 1337
24,1349,1,1,1, 1350
8,1376,1,1,1, 1377
24,1389,1,1,1, 1390
8,1416,1,1,1, 1417
22,1426,4,4,1, 1430
24,1429,1,1,0, 1430
28,1434,5,5,1, 1439
26,1437,3,3,1, 1440
29,1438,4,4,1, 1442
1,1446,1,1,1, 1447
7,1452,1,1,1, 1453
23,1468,3,3,1, 1471
1,1486,1,1,0, 1487
7,1492,1,1,0, 1493
22,1506,4,4,1, 1510
23,1508,3,3,1, 1511
1,1526,1,1,1, 1527
7,1532,1,1,0, 1533
22,1546,4,4,1, 1550
24,1549,1,1,0, 1550
30,1553,3,3,1, 1556
25,1555,2,2,1, 1557
26,1557,3,3,1, 1560
28,1554,5,7,1, 1561
1,1566,1,1,0, 1567
8,1576,1,1,0, 1577
15,1581,2,2,1, 1583
24,1589,1,1,1, 1590
1,1606,1,1,0, 1607
8,1616,1,1,1, 1617
15,1621,2,2,1, 1623
24,1629,1,1,1, 1630
1,1646,1,1,1, 1647
8,1656,1,1,1, 1657
24,1669,1,1,1, 1670
19,1666,5,7,1, 1673
25,1675,2,2,1, 1677
26,1677,3,3,1, 1680
1,1686,1,1,1, 1687
6,1690,2,2,1, 1692
7,1692,1,1,1, 1693
24,1709,1,1,0, 1710
1,1726,1,1,1, 1727
7,1732,1,1,1, 1733
24,1749,1,1,1, 1750
1,1766,1,1,0, 1767
6,1770,2,2,1, 1772
7,1772,1,1,1, 1773
24,1789,1,1,0, 1790
27,1792,4,4,1, 1796
30,1793,3,3,1, 1796
31,1796,2,2,1, 1798
29,1798,4,4,1, 1802
8,1816,1,1,1, 1817
24,1829,1,1,0, 1830
8,1856,1,1,1, 1857
24,1869,1,1,0, 1870
8,1896,1,1,1, 1897
22,1906,4,4,1, 1910
24,1909,1,1,0, 1910
27,1912,4,4,1, 1916
25,1915,2,2,1, 1917
28,1914,5,5,1, 1919
26,1917,3,3,1, 1920
29,1918,4,4,1, 1922
1,1926,1,1,1, 1927
7,1932,1,1,1, 1933
8,1936,1,1,0, 1937
24,1949,1,1,1, 1950
1,1966,1,1,0, 1967
7,1972,1,1,1, 1973
8,1976,1,1,1, 1977
24,1989,1,1,0, 1990
1,2006,1,1,0, 2007
7,2012,1,1,0, 2013
8,2016,1,1,1, 2017
24,2029,1,1,0, 2030
23,2028,3,3,1, 2031
28,2034,5,5,1, 2039
24,2069,1,1,0, 2070
24,2109,1,1,0, 2110
24,2149,1,1,0, 2150
19,2146,5,7,1, 2153
30,2153,3,3,1, 2156
31,2156,2,2,1, 2158
26,2157,3,3,1, 2160
29,2158,4,4,1, 2162
1,2166,1,1,0, 2167
7,2172,1,1,1, 2173
8,2176,1,1,1, 2177
24,2189,1,1,1, 2190
1,2206,1,1,1, 2207
7,2212,1,1,0, 2213
8,2216,1,1,1, 2217
24,2229,1,1,0, 2230
1,2246,1,1,0, 2247
7,2252,1,1,0, 2253
8,2256,1,1,0, 2257
24,2269,1,1,1, 2270
19,2266,5,5,1, 2271
27,2272,4,4,1, 2276
30,2273,3,3,1, 2276
28,2274,5,5,1, 2279
1,2286,1,1,1, 2287
7,2292,1,1,0, 2293
8,2296,1,1,1, 2297
24,2309,1,1,1, 2310
1,2326,1,1,0, 2327
7,2332,1,1,0, 2333
8,2336,1,1,1, 2337
24,2349,1,1,1, 2350
1,2366,1,1,0, 2367
7,2372,1,1,1, 2373
8,2376,1,1,0, 2377
22,2386,4,4,1, 2390
24,2389,1,1,0, 2390
19,2386,5,5,1, 2391
27,2392,4,4,1, 2396
30,2393,3,3,1, 2396
31,2396,2,2,1, 2398
28,2394,5,5,1, 2399
26,2397,3,3,1, 2400
6,2410,2,2,1, 2412
7,2412,1,1,1, 2413
24,2429,1,1,1, 2430
6,2450,2,2,1, 2452
7,2452,1,1,0, 2453
24,2469,1,1,1, 2470
6,2490,2,2,1, 2492
7,2492,1,1,0, 2493
24,2509,1,1,0, 2510
19,2506,5,5,1, 2511
30,2513,3,3,1, 2516
31,2516,2,2,1, 2518
1,2526,1,1,1, 2527
7,2532,1,1,1, 2533
8,2536,1,1,1, 2537
24,2549,1,1,1, 2550
1,2566,1,1,1, 2567
7,2572,1,1,0, 2573
8,2576,1,1,1, 2577
24,2589,1,1,0, 2590
1,2606,1,1,0, 2607
7,2612,1,1,1, 2613
8,2616,1,1,1, 2617
16,2619,2,2,1, 2621
24,2629,1,1,1, 2630
23,2628,3,3,1, 2631
27,2632,4,4,1, 2636
25,2635,2,2,1, 2637
31,2636,2,2,1, 2638
26,2637,3,3,1, 2640
28,2634,5,7,1, 2641
23,2748,3,3,1, 2751
26,2757,3,5,1, 2762
29,2758,4,4,1, 2762
1,2766,1,1,0, 2767
7,2772,1,1,1, 2773
24,2789,1,1,0, 2790
1,2806,1,1,1, 2807
7,2812,1,1,1, 2813
24,2829,1,1,1, 2830
1,2846,1,1,1, 2847
7,2852,1,1,0, 2853
24,2869,1,1,1, 2870
25,2875,2,2,1, 2877
31,2876,2,2,1, 2878
26,2877,3,3,1, 2880
28,2874,5,7,1, 2881
1,2886,1,1,0, 2887
24,2909,1,1,0, 2910
31,2916,2,2,1, 2918
1,2926,1,1,1, 2927
24,2949,1,1,1, 2950
31,2956,2,2,1, 2958
1,2966,1,1,0, 2967
24,2989,1,1,1, 2990
28,2994,5,5,1, 2999
29,2998,4,4,1, 3002
1,3006,1,1,1, 3007
7,3012,1,1,0, 3013
1,3046,1,1,0, 3047
7,3052,1,1,1, 3053
24,3069,1,1,0, 3070
25,3075,2,2,1, 3077
31,3076,2,2,1, 3078
1,3086,1,1,0, 3087
7,3092,1,1,1, 3093
24,3109,1,1,0, 3110
23,3108,3,3,1, 3111
27,3112,4,4,1, 3116
30,3113,3,3,1, 3116
28,3114,5,5,1, 3119
26,3117,3,3,1, 3120
7,3132,1,1,0, 3133
7,3172,1,1,0, 3173
7,3212,1,1,0, 3213
24,3229,1,1,0, 3230
23,3228,3,3,1, 3231
30,3233,3,3,1, 3236
25,3235,2,2,1, 3237
31,3236,2,2,1, 3238
28,3234,5,5,1, 3239
26,3237,3,3,1, 3240
1,3246,1,1,1, 3247
1,3286,1,1,1, 3287
1,3326,1,1,1, 3327
24,3349,1,1,1, 3350
25,3355,2,2,1, 3357
28,3354,5,7,1, 3361
1,3366,1,1,1, 3367
7,3372,1,1,0, 3373
8,3376,1,1,1, 3377
24,3389,1,1,0, 3390
31,3396,2,2,1, 3398
1,3406,1,1,0, 3407
7,3412,1,1,1, 3413
8,3416,1,1,1, 3417
24,3429,1,1,0, 3430
31,3436,2,2,1, 3438
1,3446,1,1,1, 3447
7,3452,1,1,1, 3453
8,3456,1,1,0, 3457
24,3469,1,1,0, 3470
27,3472,4,4,1, 3476
25,3475,2,2,1, 3477
31,3476,2,2,1, 3478
24,3509,1,1,1, 3510
25,3515,2,2,1, 3517
24,3549,1,1,1, 3550
17,3579,3,3,1, 3582
24,3589,1,1,0, 3590
27,3592,4,4,1, 3596
30,3593,3,3,1, 3596
25,3595,2,2,1, 3597
31,3596,2,2,1, 3598
29,3598,4,4,1, 3602
1,3606,1,1,1, 3607
7,3612,1,1,1, 3613
8,3616,1,1,1, 3617
9,3617,2,2,1, 3619
1,3646,1,1,0, 3647
7,3652,1,1,1, 3653
8,3656,1,1,0, 3657
9,3657,2,2,1, 3659
17,3659,3,3,1, 3662
15,3661,2,2,1, 3663
24,3669,1,1,0, 3670
1,3686,1,1,0, 3687
7,3692,1,1,1, 3693
8,3696,1,1,0, 3697
24,3709,1,1,1, 3710
23,3708,3,3,1, 3711
27,3712,4,4,1, 3716
30,3713,3,3,1, 3716
25,3715,2,2,1, 3717
1,3726,1,1,1, 3727
8,3736,1,1,0, 3737
1,3766,1,1,1, 3767
8,3776,1,1,1, 3777
17,3779,3,3,1, 3782
1,3806,1,1,1, 3807
8,3816,1,1,0, 3817
9,3817,2,2,1, 3819
17,3819,3,3,1, 3822
24,3829,1,1,0, 3830
19,3826,5,9,1, 3835
25,3835,2,2,1, 3837
31,3836,2,2,1, 3838
27,3832,4,8,1, 3840
26,3837,3,3,1, 3840
28,3834,5,7,1, 3841
1,3846,1,1,1, 3847
7,3852,1,1,0, 3853
8,3856,1,1,1, 3857
1,3886,1,1,1, 3887
7,3892,1,1,0, 3893
8,3896,1,1,0, 3897
1,3926,1,1,0, 3927
7,3932,1,1,0, 3933
8,3936,1,1,1, 3937
24,3949,1,1,1, 3950
27,3952,4,4,1, 3956
29,3958,4,4,1, 3962
7,3972,1,1,0, 3973
8,3976,1,1,1, 3977
24,3989,1,1,1, 3990
7,4012,1,1,0, 4013
8,4016,1,1,1, 4017
24,4029,1,1,0, 4030
7,4052,1,1,1, 4053
8,4056,1,1,0, 4057
24,4069,1,1,0, 4070
26,4077,3,3,1, 4080
29,4078,4,4,1, 4082
1,4086,1,1,1, 4087
7,4092,1,1,0, 4093
8,4096,1,1,0, 4097
15,4101,2,2,1, 4103
1,4126,1,1,0, 4127
7,4132,1,1,0, 4133
8,4136,1,1,0, 4137
15,4141,2,2,1, 4143
24,4149,1,1,0, 4150
1,4166,1,1,1, 4167
7,4172,1,1,1, 4173
8,4176,1,1,0, 4177
16,4179,2,2,1, 4181
17,4179,3,3,1, 4182
15,4181,2,2,1, 4183
24,4189,1,1,1, 4190
23,4188,3,3,1, 4191
30,4193,3,3,1, 4196
31,4196,2,2,1, 4198
28,4194,5,7,1, 4201
29,4198,4,4,1, 4202
1,4206,1,1,1, 4207
1,4246,1,1,1, 4247
24,4269,1,1,0, 4270
25,4275,2,2,1, 4277
1,4286,1,1,1, 4287
24,4309,1,1,1, 4310
25,4315,2,2,1, 4317
30,4313,3,5,1, 4318
26,4317,3,3,1, 4320
28,4314,5,7,1, 4321
7,4332,1,1,1, 4333
8,4336,1,1,0, 4337
15,4341,2,2,1, 4343
30,4353,3,3,1, 4356
31,4356,2,2,1, 4358
7,4372,1,1,0, 4373
8,4376,1,1,0, 4377
15,4381,2,2,1, 4383
30,4393,3,3,1, 4396
28,4394,5,7,1, 4401
29,4398,4,4,1, 4402
5,4407,3,5,1, 4412
7,4412,1,1,1, 4413
8,4416,1,1,1, 4417
15,4421,2,2,1, 4423
12,4420,5,7,1, 4427
25,4435,2,2,1, 4437
1,4446,1,1,1, 4447
24,4469,1,1,0, 4470
23,4468,3,3,1, 4471
2,4483,2,2,1, 4485
1,4486,1,1,1, 4487
17,4499,3,3,1, 4502
24,4509,1,1,0, 4510
2,4523,2,2,1, 4525
1,4526,1,1,0, 4527
24,4549,1,1,1, 4550
7,4572,1,1,1, 4573
8,4576,1,1,1, 4577
24,4589,1,1,0, 4590
31,4596,2,2,1, 4598
7,4612,1,1,0, 4613
8,4616,1,1,0, 4617
24,4629,1,1,0, 4630
7,4652,1,1,0, 4653
8,4656,1,1,0, 4657
24,4669,1,1,0, 4670
25,4675,2,2,1, 4677
30,4673,3,5,1, 4678
26,4677,3,3,1, 4680
28,4674,5,7,1, 4681
1,4686,1,1,0, 4687
8,4696,1,1,1, 4697
17,4699,3,3,1, 4702
1,4726,1,1,0, 4727
8,4736,1,1,0, 4737
16,4739,2,2,1, 4741
1,4766,1,1,1, 4767
8,4776,1,1,1, 4777
16,4779,2,2,1, 4781
17,4779,3,3,1, 4782
24,4789,1,1,1, 4790
23,4788,3,3,1, 4791
30,4793,3,5,1, 4798
31,4796,2,2,1, 4798
1,4806,1,1,1, 4807
7,4812,1,1,0, 4813
15,4821,2,2,1, 4823
24,4829,1,1,0, 4830
1,4846,1,1,1, 4847
7,4852,1,1,0, 4853
24,4869,1,1,0, 4870
1,4886,1,1,0, 4887
7,4892,1,1,1, 4893
24,4909,1,1,1, 4910
23,4908,3,3,1, 4911
27,4912,4,4,1, 4916
30,4913,3,3,1, 4916
25,4915,2,2,1, 4917
28,4914,5,5,1, 4919
29,4918,4,4,1, 4922
8,4936,1,1,0, 4937
24,4949,1,1,0, 4950
8,4976,1,1,0, 4977
24,4989,1,1,1, 4990
8,5016,1,1,1, 5017
24,5029,1,1,0, 5030
30,5033,3,3,1, 5036
31,5036,2,2,1, 5038
29,5038,4,4,1, 5042
1,5046,1,1,1, 5047
7,5052,1,1,1, 5053
8,5056,1,1,0, 5057
24,5069,1,1,0, 5070
1,5086,1,1,1, 5087
7,5092,1,1,0, 5093
8,5096,1,1,1, 5097
24,5109,1,1,0, 5110
1,5126,1,1,0, 5127
7,5132,1,1,1, 5133
8,5136,1,1,1, 5137
24,5149,1,1,0, 5150
30,5153,3,3,1, 5156
31,5156,2,2,1, 5158
26,5157,3,3,1, 5160
1,5166,1,1,1, 5167
7,5172,1,1,1, 5173
31,5196,2,2,1, 5198
1,5206,1,1,1, 5207
7,5212,1,1,1, 5213
31,5236,2,2,1, 5238
1,5246,1,1,0, 5247
7,5252,1,1,1, 5253
22,5266,4,4,1, 5270
24,5269,1,1,0, 5270
23,5268,3,3,1, 5271
1,5286,1,1,1, 5287
8,5296,1,1,0, 5297
24,5309,1,1,0, 5310
1,5326,1,1,0, 5327
8,5336,1,1,1, 5337
24,5349,1,1,0, 5350
1,5366,1,1,0, 5367
8,5376,1,1,0, 5377
22,5386,4,4,1, 5390
24,5389,1,1,1, 5390
25,5395,2,2,1, 5397
31,5396,2,2,1, 5398
28,5394,5,5,1, 5399
1,5406,1,1,1, 5407
6,5410,2,2,1, 5412
7,5412,1,1,1, 5413
24,5429,1,1,0, 5430
1,5446,1,1,0, 5447
6,5450,2,2,1, 5452
7,5452,1,1,1, 5453
24,5469,1,1,0, 5470
1,5486,1,1,0, 5487
7,5492,1,1,0, 5493
24,5509,1,1,0, 5510
30,5513,3,3,1, 5516
25,5515,2,2,1, 5517
27,5512,4,6,1, 5518
31,5516,2,2,1, 5518
28,5514,5,5,1, 5519
1,5526,1,1,1, 5527
6,5530,2,2,1, 5532
7,5532,1,1,0, 5533
24,5549,1,1,1, 5550
1,5566,1,1,0, 5567
7,5572,1,1,0, 5573
15,5581,2,2,1, 5583
24,5589,1,1,0, 5590
1,5606,1,1,1, 5607
6,5610,2,2,1, 5612
7,5612,1,1,0, 5613
24,5629,1,1,0, 5630
23,5628,3,3,1, 5631
30,5633,3,3,1, 5636
25,5635,2,2,1, 5637
26,5637,3,3,1, 5640
1,5646,1,1,0, 5647
8,5656,1,1,0, 5657
1,5686,1,1,1, 5687
8,5696,1,1,1, 5697
1,5726,1,1,0, 5727
8,5736,1,1,1, 5737
17,5739,3,3,1, 5742
24,5749,1,1,1, 5750
23,5748,3,3,1, 5751
30,5753,3,3,1, 5756
25,5755,2,2,1, 5757
7,5772,1,1,0, 5773
24,5789,1,1,0, 5790
7,5812,1,1,0, 5813
24,5829,1,1,1, 5830
7,5852,1,1,1, 5853
24,5869,1,1,1, 5870
30,5873,3,3,1, 5876
25,5875,2,2,1, 5877
28,5874,5,5,1, 5879
27,5872,4,8,1, 5880
26,5877,3,3,1, 5880
7,5892,1,1,0, 5893
24,5909,1,1,1, 5910
7,5932,1,1,0, 5933
24,5949,1,1,1, 5950
31,5956,2,2,1, 5958
7,5972,1,1,0, 5973
24,5989,1,1,1, 5990
23,5988,3,3,1, 5991
31,5996,2,2,1, 5998
1,6006,1,1,0, 6007
24,6029,1,1,1, 6030
1,6046,1,1,1, 6047
17,6059,3,3,1, 6062
24,6069,1,1,0, 6070
25,6075,2,2,1, 6077
1,6086,1,1,0, 6087
4,6086,4,4,1, 6090
3,6087,3,3,1, 6090
17,6099,3,3,1, 6102
24,6109,1,1,0, 6110
30,6113,3,3,1, 6116
25,6115,2,2,1, 6117
31,6116,2,2,1, 6118
26,6117,3,3,1, 6120
7,6132,1,1,1, 6133
8,6136,1,1,0, 6137
9,6137,2,2,1, 6139
17,6139,3,3,1, 6142
24,6149,1,1,1, 6150
31,6156,2,2,1, 6158
6,6170,2,2,1, 6172
7,6172,1,1,1, 6173
8,6176,1,1,0, 6177
9,6177,2,2,1, 6179
17,6179,3,3,1, 6182
24,6189,1,1,0, 6190
6,6210,2,2,1, 6212
7,6212,1,1,1, 6213
24,6229,1,1,1, 6230
25,6235,2,2,1, 6237
26,6237,3,3,1, 6240
1,6246,1,1,0, 6247
6,6250,2,2,1, 6252
7,6252,1,1,0, 6253
1,6286,1,1,0, 6287
7,6292,1,1,0, 6293
28,6314,5,5,1, 6319
26,6317,3,3,1, 6320
1,6326,1,1,1, 6327
3,6327,3,5,1, 6332
24,6349,1,1,1, 6350
19,6346,5,5,1, 6351
25,6355,2,2,1, 6357
26,6357,3,3,1, 6360
8,6376,1,1,1, 6377
9,6377,2,2,1, 6379
16,6379,2,2,1, 6381
17,6379,3,3,1, 6382
24,6389,1,1,0, 6390
6,6410,2,2,1, 6412
7,6412,1,1,0, 6413
8,6416,1,1,0, 6417
9,6417,2,2,1, 6419
16,6419,2,2,1, 6421
24,6429,1,1,0, 6430
31,6436,2,2,1, 6438
2,6443,2,2,1, 6445
1,6446,1,1,0, 6447
4,6446,4,4,1, 6450
3,6447,3,3,1, 6450
7,6452,1,1,1, 6453
11,6454,4,4,1, 6458
16,6459,2,2,1, 6461
15,6461,2,2,1, 6463
18,6463,4,4,1, 6467
24,6469,1,1,1, 6470
27,6472,4,4,1, 6476
25,6475,2,2,1, 6477
31,6476,2,2,1, 6478
26,6477,3,3,1, 6480
24,6509,1,1,0, 6510
6,6530,2,4,1, 6534
8,6536,1,1,1, 6537
17,6539,3,3,1, 6542
24,6549,1,1,1, 6550
2,6563,2,2,1, 6565
1,6566,1,1,0, 6567
7,6572,1,1,0, 6573
8,6576,1,1,0, 6577
24,6589,1,1,1, 6590
23,6588,3,3,1, 6591
25,6595,2,2,1, 6597
6,6610,2,2,1, 6612
7,6612,1,1,1, 6613
8,6616,1,1,0, 6617
7,6652,1,1,0, 6653
8,6656,1,1,0, 6657
17,6659,3,3,1, 6662
8,6696,1,1,0, 6697
2,6723,2,2,1, 6725
1,6726,1,1,1, 6727
3,6727,3,3,1, 6730
8,6736,1,1,0, 6737
11,6734,4,4,1, 6738
9,6737,2,2,1, 6739
18,6743,4,4,1, 6747
27,6752,4,4,1, 6756
1,6766,1,1,0, 6767
4,6766,4,4,1, 6770
6,6770,2,2,1, 6772
7,6772,1,1,1, 6773
8,6776,1,1,0, 6777
11,6774,4,4,1, 6778
16,6779,2,2,1, 6781
17,6779,3,3,1, 6782
13,6779,4,4,1, 6783
24,6789,1,1,1, 6790
31,6796,2,2,1, 6798
6,6810,2,2,1, 6812
7,6812,1,1,1, 6813
8,6816,1,1,0, 6817
24,6829,1,1,1, 6830
31,6836,2,2,1, 6838
8,6856,1,1,1, 6857
15,6861,2,2,1, 6863
24,6869,1,1,1, 6870
23,6868,3,3,1, 6871
1,6886,1,1,1, 6887
8,6896,1,1,1, 6897
14,6899,3,3,1, 6902
17,6899,3,3,1, 6902
24,6909,1,1,0, 6910
1,6926,1,1,1, 6927
24,6949,1,1,0, 6950
1,6966,1,1,0, 6967
7,6972,1,1,0, 6973
8,6976,1,1,1, 6977
24,6989,1,1,1, 6990
23,6988,3,3,1, 6991
31,6996,2,2,1, 6998
1,7006,1,1,1, 7007
7,7012,1,1,0, 7013
8,7016,1,1,0, 7017
17,7019,3,3,1, 7022
24,7029,1,1,1, 7030
26,7037,3,3,1, 7040
7,7052,1,1,0, 7053
8,7056,1,1,1, 7057
24,7069,1,1,0, 7070
25,7075,2,2,1, 7077
26,7077,3,3,1, 7080
1,7086,1,1,1, 7087
7,7092,1,1,0, 7093
8,7096,1,1,0, 7097
16,7099,2,2,1, 7101
17,7099,3,3,1, 7102
24,7109,1,1,0, 7110
2,7123,2,2,1, 7125
1,7126,1,1,0, 7127
4,7126,4,6,1, 7132
6,7130,2,2,1, 7132
7,7132,1,1,0, 7133
8,7136,1,1,0, 7137
11,7134,4,6,1, 7140
17,7139,3,3,1, 7142
15,7141,2,2,1, 7143
24,7149,1,1,1, 7150
6,7170,2,2,1, 7172
7,7172,1,1,1, 7173
15,7181,2,2,1, 7183
24,7189,1,1,1, 7190
25,7195,2,2,1, 7197
1,7206,1,1,1, 7207
8,7216,1,1,1, 7217
15,7221,2,2,1, 7223
1,7246,1,1,1, 7247
3,7247,3,5,1, 7252
6,7250,2,4,1, 7254
8,7256,1,1,0, 7257
9,7257,2,2,1, 7259
16,7259,2,2,1, 7261
14,7259,3,3,1, 7262
17,7259,3,3,1, 7262
24,7309,1,1,1, 7310
31,7316,2,2,1, 7318
7,7332,1,1,0, 7333
8,7336,1,1,0, 7337
16,7339,2,2,1, 7341
17,7339,3,3,1, 7342
24,7349,1,1,0, 7350
25,7355,2,2,1, 7357
1,7366,1,1,0, 7367
7,7372,1,1,1, 7373
8,7376,1,1,0, 7377
4,7366,4,12,1, 7378
9,7377,2,2,1, 7379
16,7379,2,2,1, 7381
6,7410,2,2,1, 7412
7,7412,1,1,0, 7413
6,7450,2,2,1, 7452
7,7452,1,1,0, 7453
15,7461,2,2,1, 7463
1,7486,1,1,1, 7487
6,7490,2,2,1, 7492
7,7492,1,1,0, 7493
8,7496,1,1,1, 7497
9,7497,2,2,1, 7499
16,7499,2,2,1, 7501
17,7499,3,3,1, 7502
24,7509,1,1,0, 7510
30,7513,3,3,1, 7516
31,7516,2,2,1, 7518
2,7523,2,2,1, 7525
1,7526,1,1,0, 7527
7,7532,1,1,1, 7533
8,7536,1,1,1, 7537
24,7549,1,1,0, 7550
2,7563,2,2,1, 7565
1,7566,1,1,0, 7567
6,7570,2,2,1, 7572
7,7572,1,1,1, 7573
8,7576,1,1,1, 7577
24,7589,1,1,0, 7590
1,7606,1,1,0, 7607
7,7612,1,1,0, 7613
8,7616,1,1,1, 7617
16,7619,2,2,1, 7621
15,7621,2,2,1, 7623
24,7629,1,1,0, 7630
1,7646,1,1,1, 7647
24,7669,1,1,1, 7670
25,7675,2,2,1, 7677
1,7686,1,1,0, 7687
24,7709,1,1,1, 7710
2,7723,2,2,1, 7725
1,7726,1,1,1, 7727
4,7726,4,4,1, 7730
7,7732,1,1,0, 7733
5,7727,3,7,1, 7734
6,7730,2,6,1, 7736
8,7736,1,1,1, 7737
11,7734,4,4,1, 7738
9,7737,2,2,1, 7739
16,7739,2,2,1, 7741
14,7739,3,5,1, 7744
24,7749,1,1,0, 7750
6,7770,2,2,1, 7772
7,7772,1,1,0, 7773
8,7776,1,1,0, 7777
24,7789,1,1,0, 7790
31,7796,2,2,1, 7798
6,7810,2,2,1, 7812
7,7812,1,1,1, 7813
8,7816,1,1,0, 7817
24,7829,1,1,1, 7830
1,7846,1,1,0, 7847
7,7852,1,1,0, 7853
8,7856,1,1,0, 7857
24,7869,1,1,0, 7870
30,7873,3,3,1, 7876
1,7886,1,1,0, 7887
8,7896,1,1,0, 7897
24,7909,1,1,1, 7910
30,7913,3,3,1, 7916
25,7915,2,2,1, 7917
31,7916,2,2,1, 7918
1,7926,1,1,1, 7927
8,7936,1,1,1, 7937
22,7946,4,4,1, 7950
23,7948,3,3,1, 7951
1,7966,1,1,0, 7967
3,7967,3,3,1, 7970
7,7972,1,1,1, 7973
8,7976,1,1,1, 7977
11,7974,4,4,1, 7978
17,7979,3,3,1, 7982
23,7988,3,3,1, 7991
30,7993,3,3,1, 7996
31,7996,2,2,1, 7998
1,8006,1,1,0, 8007
7,8012,1,1,1, 8013
17,8019,3,3,1, 8022
24,8029,1,1,1, 8030
31,8036,2,2,1, 8038
1,8046,1,1,0, 8047
7,8052,1,1,1, 8053
8,8056,1,1,1, 8057
16,8059,2,2,1, 8061
24,8069,1,1,1, 8070
1,8086,1,1,1, 8087
4,8086,4,4,1, 8090
3,8087,3,3,1, 8090
7,8092,1,1,0, 8093
8,8096,1,1,1, 8097
24,8109,1,1,0, 8110
25,8115,2,2,1, 8117
8,8136,1,1,0, 8137
24,8149,1,1,1, 8150
25,8155,2,2,1, 8157
1,8166,1,1,1, 8167
8,8176,1,1,1, 8177
24,8189,1,1,1, 8190
2,8203,2,2,1, 8205
1,8206,1,1,1, 8207
4,8206,4,4,1, 8210
3,8207,3,3,1, 8210
7,8212,1,1,1, 8213
8,8216,1,1,1, 8217
14,8219,3,3,1, 8222
24,8229,1,1,0, 8230
24,8269,1,1,0, 8270
1,8286,1,1,0, 8287
4,8286,4,4,1, 8290
8,8296,1,1,0, 8297
16,8299,2,2,1, 8301
15,8301,2,2,1, 8303
24,8309,1,1,1, 8310
28,8314,5,5,1, 8319
1,8326,1,1,0, 8327
4,8326,4,4,1, 8330
6,8330,2,2,1, 8332
7,8332,1,1,0, 8333
8,8336,1,1,0, 8337
13,8339,4,4,1, 8343
24,8349,1,1,1, 8350
30,8353,3,3,1, 8356
31,8356,2,2,1, 8358
7,8372,1,1,0, 8373
24,8389,1,1,1, 8390
30,8393,3,3,1, 8396
8,8416,1,1,1, 8417
24,8429,1,1,0, 8430
1,8446,1,1,0, 8447
8,8456,1,1,0, 8457
9,8457,2,2,1, 8459
16,8459,2,2,1, 8461
24,8469,1,1,0, 8470
8,8496,1,1,1, 8497
24,8509,1,1,1, 8510
23,8508,3,3,1, 8511
8,8536,1,1,0, 8537
15,8541,2,2,1, 8543
24,8549,1,1,0, 8550
25,8555,2,2,1, 8557
1,8566,1,1,0, 8567
8,8576,1,1,0, 8577
24,8589,1,1,1, 8590
31,8596,2,2,1, 8598
1,8606,1,1,0, 8607
8,8616,1,1,1, 8617
15,8621,2,2,1, 8623
24,8629,1,1,1, 8630
23,8628,3,3,1, 8631
30,8633,3,3,1, 8636
25,8635,2,2,1, 8637
31,8636,2,2,1, 8638
1,8646,1,1,1, 8647
7,8652,1,1,1, 8653
8,8656,1,1,0, 8657
16,8659,2,2,1, 8661
1,8686,1,1,0, 8687
6,8690,2,2,1, 8692
7,8692,1,1,0, 8693
8,8696,1,1,0, 8697
9,8697,2,2,1, 8699
16,8699,2,2,1, 8701
17,8699,3,3,1, 8702
25,8715,2,2,1, 8717
1,8726,1,1,1, 8727
6,8730,2,2,1, 8732
7,8732,1,1,0, 8733
27,8752,4,4,1, 8756
25,8755,2,2,1, 8757
31,8756,2,2,1, 8758
6,8770,2,2,1, 8772
7,8772,1,1,1, 8773
24,8789,1,1,1, 8790
6,8810,2,2,1, 8812
7,8812,1,1,1, 8813
24,8829,1,1,0, 8830
6,8850,2,2,1, 8852
7,8852,1,1,0, 8853
22,8866,4,4,1, 8870
24,8869,1,1,0, 8870
30,8873,3,5,1, 8878
1,8886,1,1,0, 8887
8,8896,1,1,1, 8897
24,8909,1,1,0, 8910
25,8915,2,2,1, 8917
1,8926,1,1,0, 8927
8,8936,1,1,1, 8937
24,8949,1,1,0, 8950
25,8955,2,2,1, 8957
1,8966,1,1,0, 8967
8,8976,1,1,0, 8977
24,8989,1,1,1, 8990
25,8995,2,2,1, 8997
2,9003,2,2,1, 9005
1,9006,1,1,1, 9007
6,9010,2,2,1, 9012
7,9012,1,1,0, 9013
8,9016,1,1,1, 9017
24,9029,1,1,1, 9030
2,9043,2,2,1, 9045
1,9046,1,1,0, 9047
6,9050,2,2,1, 9052
7,9052,1,1,0, 9053
8,9056,1,1,0, 9057
24,9069,1,1,1, 9070
2,9083,2,2,1, 9085
1,9086,1,1,0, 9087
7,9092,1,1,0, 9093
8,9096,1,1,0, 9097
24,9109,1,1,0, 9110
23,9108,3,3,1, 9111
31,9116,2,2,1, 9118
8,9136,1,1,1, 9137
8,9176,1,1,0, 9177
16,9179,2,2,1, 9181
8,9216,1,1,1, 9217
24,9229,1,1,0, 9230
22,9226,4,6,1, 9232
25,9235,2,2,1, 9237
30,9233,3,5,1, 9238
31,9236,2,4,1, 9240
1,9246,1,1,1, 9247
7,9252,1,1,0, 9253
24,9269,1,1,1, 9270
31,9276,2,2,1, 9278
1,9286,1,1,1, 9287
6,9290,2,2,1, 9292
7,9292,1,1,1, 9293
24,9309,1,1,0, 9310
1,9326,1,1,0, 9327
6,9330,2,2,1, 9332
7,9332,1,1,1, 9333
15,9341,2,2,1, 9343
24,9349,1,1,1, 9350
23,9348,3,3,1, 9351
25,9355,2,2,1, 9357
8,9376,1,1,1, 9377
8,9416,1,1,0, 9417
8,9456,1,1,0, 9457
24,9469,1,1,0, 9470
23,9468,3,5,1, 9473
30,9473,3,5,1, 9478
31,9476,2,4,1, 9480
2,9483,2,2,1, 9485
1,9486,1,1,1, 9487
7,9492,1,1,1, 9493
8,9496,1,1,1, 9497
16,9499,2,2,1, 9501
24,9509,1,1,0, 9510
2,9523,2,2,1, 9525
1,9526,1,1,1, 9527
6,9530,2,2,1, 9532
7,9532,1,1,1, 9533
8,9536,1,1,0, 9537
24,9549,1,1,0, 9550
23,9548,3,3,1, 9551
31,9556,2,2,1, 9558
1,9566,1,1,0, 9567
6,9570,2,2,1, 9572
7,9572,1,1,0, 9573
8,9576,1,1,1, 9577
16,9579,2,2,1, 9581
24,9589,1,1,1, 9590
23,9588,3,3,1, 9591
6,9610,2,2,1, 9612
7,9612,1,1,0, 9613
8,9616,1,1,0, 9617
16,9619,2,2,1, 9621
6,9650,2,2,1, 9652
7,9652,1,1,1, 9653
8,9656,1,1,1, 9657
16,9659,2,2,1, 9661
15,9661,2,2,1, 9663
7,9692,1,1,0, 9693
8,9696,1,1,0, 9697
15,9701,2,2,1, 9703
24,9709,1,1,0, 9710
30,9713,3,3,1, 9716
25,9715,2,2,1, 9717
1,9726,1,1,0, 9727
24,9749,1,1,0, 9750
1,9766,1,1,1, 9767
24,9789,1,1,0, 9790
1,9806,1,1,1, 9807
24,9829,1,1,0, 9830
30,9833,3,3,1, 9836
25,9835,2,2,1, 9837
2,9843,2,2,1, 9845
1,9846,1,1,0, 9847
7,9852,1,1,1, 9853
8,9856,1,1,1, 9857
16,9859,2,2,1, 9861
2,9883,2,2,1, 9885
1,9886,1,1,1, 9887
6,9890,2,2,1, 9892
7,9892,1,1,0, 9893
8,9896,1,1,0, 9897
2,9923,2,2,1, 9925
1,9926,1,1,1, 9927
6,9930,2,2,1, 9932
7,9932,1,1,1, 9933
8,9936,1,1,1, 9937
16,9939,2,2,1, 9941
24,9949,1,1,0, 9950
23,9948,3,3,1, 9951
25,9955,2,2,1, 9957
31,9956,2,2,1, 9958
8,9976,1,1,1, 9977
24,9989,1,1,0, 9990
8,10016,1,1,1, 10017
24,10029,1,1,0, 10030
31,10036,2,2,1, 10038
8,10056,1,1,1, 10057
24,10069,1,1,0, 10070
30,10073,3,3,1, 10076
25,10075,2,2,1, 10077
1,10086,1,1,1, 10087
6,10090,2,2,1, 10092
7,10092,1,1,1, 10093
25,10115,2,2,1, 10117
1,10126,1,1,0, 10127
6,10130,2,2,1, 10132
7,10132,1,1,1, 10133
1,10166,1,1,0, 10167
7,10172,1,1,0, 10173
24,10189,1,1,1, 10190
23,10188,3,3,1, 10191
30,10193,3,3,1, 10196
2,10203,2,2,1, 10205
1,10206,1,1,1, 10207
8,10216,1,1,0, 10217
24,10229,1,1,0, 10230
31,10236,2,2,1, 10238
2,10243,2,2,1, 10245
1,10246,1,1,1, 10247
8,10256,1,1,0, 10257
24,10269,1,1,0, 10270
25,10275,2,2,1, 10277
8,10296,1,1,0, 10297
24,10309,1,1,1, 10310
30,10313,3,3,1, 10316
25,10315,2,2,1, 10317
7,10332,1,1,0, 10333
7,10372,1,1,1, 10373
7,10412,1,1,0, 10413
24,10429,1,1,1, 10430
1,10446,1,1,0, 10447
7,10452,1,1,0, 10453
8,10456,1,1,1, 10457
24,10469,1,1,1, 10470
1,10486,1,1,0, 10487
7,10492,1,1,1, 10493
8,10496,1,1,0, 10497
24,10509,1,1,0, 10510
31,10516,2,2,1, 10518
1,10526,1,1,1, 10527
7,10532,1,1,1, 10533
8,10536,1,1,0, 10537
24,10549,1,1,0, 10550
23,10548,3,3,1, 10551
25,10555,2,2,1, 10557
31,10556,2,2,1, 10558
1,10566,1,1,0, 10567
25,10595,2,2,1, 10597
1,10606,1,1,0, 10607
2,10643,2,2,1, 10645
1,10646,1,1,0, 10647
24,10669,1,1,0, 10670
25,10675,2,2,1, 10677
31,10676,2,2,1, 10678
7,10692,1,1,1, 10693
8,10696,1,1,1, 10697
15,10701,2,2,1, 10703
24,10709,1,1,1, 10710
31,10716,2,2,1, 10718
6,10730,2,2,1, 10732
7,10732,1,1,1, 10733
8,10736,1,1,0, 10737
15,10741,2,2,1, 10743
24,10749,1,1,1, 10750
6,10770,2,2,1, 10772
7,10772,1,1,0, 10773
8,10776,1,1,0, 10777
24,10789,1,1,0, 10790
31,10796,2,2,1, 10798
2,10803,2,2,1, 10805
1,10806,1,1,0, 10807
8,10816,1,1,1, 10817
16,10819,2,2,1, 10821
1,10846,1,1,0, 10847
8,10856,1,1,0, 10857
16,10859,2,2,1, 10861
25,10875,2,2,1, 10877
1,10886,1,1,1, 10887
8,10896,1,1,1, 10897
16,10899,2,2,1, 10901
24,10909,1,1,1, 10910
25,10915,2,2,1, 10917
31,10916,2,2,1, 10918
7,10932,1,1,0, 10933
24,10949,1,1,1, 10950
7,10972,1,1,1, 10973
16,10979,2,2,1, 10981
24,10989,1,1,1, 10990
7,11012,1,1,0, 11013
24,11029,1,1,0, 11030
25,11035,2,2,1, 11037
31,11036,2,2,1, 11038
2,11043,2,2,1, 11045
1,11046,1,1,1, 11047
8,11056,1,1,1, 11057
24,11069,1,1,1, 11070
1,11086,1,1,1, 11087
8,11096,1,1,1, 11097
24,11109,1,1,1, 11110
2,11123,2,2,1, 11125
1,11126,1,1,0, 11127
8,11136,1,1,1, 11137
24,11149,1,1,1, 11150
23,11148,3,3,1, 11151
8,11176,1,1,1, 11177
24,11189,1,1,1, 11190
8,11216,1,1,1, 11217
24,11229,1,1,0, 11230
8,11256,1,1,0, 11257
15,11261,2,2,1, 11263
24,11269,1,1,1, 11270
23,11268,3,3,1, 11271
25,11275,2,2,1, 11277
1,11286,1,1,1, 11287
6,11290,2,2,1, 11292
7,11292,1,1,0, 11293
8,11296,1,1,0, 11297
16,11299,2,2,1, 11301
1,11326,1,1,1, 11327
6,11330,2,2,1, 11332
7,11332,1,1,1, 11333
8,11336,1,1,0, 11337
25,11355,2,2,1, 11357
2,11363,2,2,1, 11365
1,11366,1,1,0, 11367
6,11370,2,2,1, 11372
7,11372,1,1,1, 11373
8,11376,1,1,0, 11377
16,11379,2,2,1, 11381
24,11389,1,1,1, 11390
30,11393,3,3,1, 11396
25,11395,2,2,1, 11397
7,11412,1,1,0, 11413
24,11429,1,1,0, 11430
7,11452,1,1,0, 11453
24,11469,1,1,0, 11470
6,11490,2,2,1, 11492
7,11492,1,1,0, 11493
24,11509,1,1,1, 11510
31,11516,2,2,1, 11518
1,11526,1,1,1, 11527
8,11536,1,1,0, 11537
24,11549,1,1,0, 11550
25,11555,2,2,1, 11557
1,11566,1,1,0, 11567
8,11576,1,1,0, 11577
16,11579,2,2,1, 11581
24,11589,1,1,1, 11590
1,11606,1,1,0, 11607
8,11616,1,1,1, 11617
24,11629,1,1,0, 11630
25,11635,2,2,1, 11637
31,11636,2,2,1, 11638
2,11643,2,2,1, 11645
1,11646,1,1,0, 11647
8,11656,1,1,1, 11657
1,11686,1,1,1, 11687
8,11696,1,1,1, 11697
24,11709,1,1,0, 11710
2,11723,2,2,1, 11725
1,11726,1,1,1, 11727
8,11736,1,1,0, 11737
16,11739,2,2,1, 11741
24,11749,1,1,0, 11750
25,11755,2,2,1, 11757
6,11770,2,2,1, 11772
7,11772,1,1,1, 11773
8,11776,1,1,1, 11777
14,11779,3,3,1, 11782
15,11781,2,2,1, 11783
30,11793,3,3,1, 11796
7,11812,1,1,1, 11813
8,11816,1,1,1, 11817
16,11819,2,2,1, 11821
7,11852,1,1,0, 11853
8,11856,1,1,0, 11857
16,11859,2,2,1, 11861
24,11869,1,1,1, 11870
1,11886,1,1,1, 11887
6,11890,2,2,1, 11892
7,11892,1,1,0, 11893
16,11899,2,2,1, 11901
15,11901,2,2,1, 11903
24,11909,1,1,1, 11910
31,11916,2,2,1, 11918
1,11926,1,1,1, 11927
6,11930,2,2,1, 11932
7,11932,1,1,0, 11933
16,11939,2,2,1, 11941
14,11939,3,3,1, 11942
1,11966,1,1,0, 11967
8,11976,1,1,1, 11977
17,11979,3,3,1, 11982
6,12010,2,2,1, 12012
7,12012,1,1,0, 12013
8,12016,1,1,1, 12017
7,12052,1,1,0, 12053
8,12056,1,1,1, 12057
24,12069,1,1,0, 12070
25,12075,2,2,1, 12077
8,12096,1,1,1, 12097
24,12109,1,1,1, 12110
25,12115,2,2,1, 12117
1,12126,1,1,1, 12127
8,12136,1,1,0, 12137
24,12149,1,1,0, 12150
25,12155,2,2,1, 12157
2,12163,2,2,1, 12165
1,12166,1,1,1, 12167
7,12172,1,1,0, 12173
8,12176,1,1,1, 12177
16,12179,2,2,1, 12181
15,12181,2,2,1, 12183
1,12206,1,1,0, 12207
6,12210,2,2,1, 12212
7,12212,1,1,1, 12213
8,12216,1,1,1, 12217
15,12221,2,2,1, 12223
2,12243,2,2,1, 12245
1,12246,1,1,1, 12247
2,12283,2,2,1, 12285
1,12286,1,1,1, 12287
24,12309,1,1,0, 12310
2,12323,2,2,1, 12325
1,12326,1,1,0, 12327
24,12349,1,1,0, 12350
6,12370,2,2,1, 12372
7,12372,1,1,1, 12373
8,12376,1,1,1, 12377
17,12379,3,3,1, 12382
24,12389,1,1,1, 12390
23,12388,3,3,1, 12391
25,12395,2,2,1, 12397
31,12396,2,2,1, 12398
7,12412,1,1,0, 12413
8,12416,1,1,1, 12417
16,12419,2,2,1, 12421
14,12419,3,3,1, 12422
24,12429,1,1,1, 12430
25,12435,2,2,1, 12437
8,12456,1,1,1, 12457
9,12457,2,2,1, 12459
17,12459,3,3,1, 12462
24,12469,1,1,0, 12470
25,12475,2,2,1, 12477
1,12486,1,1,0, 12487
8,12496,1,1,0, 12497
24,12509,1,1,0, 12510
2,12523,2,2,1, 12525
1,12526,1,1,0, 12527
6,12530,2,2,1, 12532
7,12532,1,1,0, 12533
8,12536,1,1,1, 12537
16,12539,2,2,1, 12541
1,12566,1,1,1, 12567
8,12576,1,1,1, 12577
16,12579,2,2,1, 12581
15,12581,2,2,1, 12583
1,12606,1,1,0, 12607
1,12646,1,1,0, 12647
7,12652,1,1,0, 12653
24,12669,1,1,0, 12670
1,12686,1,1,0, 12687
6,12690,2,2,1, 12692
7,12692,1,1,1, 12693
16,12699,2,2,1, 12701
24,12709,1,1,0, 12710
25,12715,2,2,1, 12717
2,12723,2,2,1, 12725
1,12726,1,1,1, 12727
6,12730,2,2,1, 12732
7,12732,1,1,1, 12733
8,12736,1,1,0, 12737
24,12749,1,1,1, 12750
23,12748,3,3,1, 12751
25,12755,2,2,1, 12757
2,12763,2,2,1, 12765
1,12766,1,1,0, 12767
7,12772,1,1,1, 12773
8,12776,1,1,1, 12777
24,12789,1,1,1, 12790
30,12793,3,3,1, 12796
1,12806,1,1,0, 12807
8,12816,1,1,1, 12817
24,12829,1,1,0, 12830
31,12836,2,2,1, 12838
1,12846,1,1,1, 12847
8,12856,1,1,0, 12857
1,12886,1,1,0, 12887
6,12890,2,2,1, 12892
7,12892,1,1,0, 12893
8,12896,1,1,0, 12897
16,12899,2,2,1, 12901
31,12916,2,2,1, 12918
1,12926,1,1,1, 12927
7,12932,1,1,1, 12933
8,12936,1,1,1, 12937
24,12949,1,1,0, 12950
25,12955,2,2,1, 12957
1,12966,1,1,0, 12967
6,12970,2,2,1, 12972
7,12972,1,1,1, 12973
8,12976,1,1,0, 12977
24,12989,1,1,0, 12990
2,13003,2,2,1, 13005
1,13006,1,1,0, 13007
6,13010,2,2,1, 13012
7,13012,1,1,1, 13013
8,13016,1,1,0, 13017
24,13029,1,1,0, 13030
1,13046,1,1,1, 13047
6,13050,2,2,1, 13052
7,13052,1,1,1, 13053
8,13056,1,1,0, 13057
14,13059,3,3,1, 13062
15,13061,2,2,1, 13063
24,13069,1,1,1, 13070
23,13068,3,3,1, 13071
31,13076,2,2,1, 13078
1,13086,1,1,0, 13087
8,13096,1,1,1, 13097
24,13109,1,1,0, 13110
30,13113,3,3,1, 13116
31,13116,2,2,1, 13118
2,13123,2,2,1, 13125
1,13126,1,1,1, 13127
8,13136,1,1,0, 13137
15,13141,2,2,1, 13143
24,13149,1,1,0, 13150
30,13153,3,3,1, 13156
1,13166,1,1,0, 13167
8,13176,1,1,0, 13177
24,13189,1,1,1, 13190
30,13193,3,3,1, 13196
31,13196,2,2,1, 13198
6,13210,2,2,1, 13212
7,13212,1,1,1, 13213
6,13250,2,2,1, 13252
7,13252,1,1,1, 13253
7,13292,1,1,1, 13293
24,13309,1,1,1, 13310
25,13315,2,2,1, 13317
31,13316,2,2,1, 13318
2,13323,2,2,1, 13325
1,13326,1,1,0, 13327
8,13336,1,1,0, 13337
24,13349,1,1,1, 13350
1,13366,1,1,0, 13367
8,13376,1,1,1, 13377
24,13389,1,1,1, 13390
2,13403,2,2,1, 13405
1,13406,1,1,1, 13407
8,13416,1,1,1, 13417
24,13429,1,1,1, 13430
30,13433,3,3,1, 13436
6,13450,2,2,1, 13452
7,13452,1,1,1, 13453
6,13490,2,2,1, 13492
7,13492,1,1,0, 13493
7,13532,1,1,1, 13533
24,13549,1,1,0, 13550
25,13555,2,2,1, 13557
31,13556,2,2,1, 13558
2,13563,2,2,1, 13565
1,13566,1,1,0, 13567
24,13589,1,1,1, 13590
2,13603,2,2,1, 13605
1,13606,1,1,1, 13607
24,13629,1,1,0, 13630
1,13646,1,1,0, 13647
24,13669,1,1,1, 13670
7,13692,1,1,1, 13693
8,13696,1,1,1, 13697
16,13699,2,2,1, 13701
7,13732,1,1,0, 13733
8,13736,1,1,1, 13737
7,13772,1,1,1, 13773
8,13776,1,1,0, 13777
24,13789,1,1,1, 13790
23,13788,3,3,1, 13791
1,13806,1,1,1, 13807
8,13816,1,1,1, 13817
24,13829,1,1,0, 13830
31,13836,2,2,1, 13838
1,13846,1,1,1, 13847
8,13856,1,1,1, 13857
24,13869,1,1,1, 13870
31,13876,2,2,1, 13878
1,13886,1,1,1, 13887
8,13896,1,1,1, 13897
24,13909,1,1,1, 13910
30,13913,3,3,1, 13916
25,13915,2,2,1, 13917
31,13916,2,2,1, 13918
2,13923,2,2,1, 13925
1,13926,1,1,0, 13927
6,13930,2,2,1, 13932
7,13932,1,1,1, 13933
8,13936,1,1,0, 13937
16,13939,2,2,1, 13941
2,13963,2,2,1, 13965
1,13966,1,1,1, 13967
7,13972,1,1,0, 13973
8,13976,1,1,0, 13977
16,13979,2,2,1, 13981
1,14006,1,1,1, 14007
7,14012,1,1,1, 14013
8,14016,1,1,0, 14017
16,14019,2,2,1, 14021
24,14029,1,1,0, 14030
23,14028,3,3,1, 14031
30,14033,3,3,1, 14036
24,14069,1,1,0, 14070
25,14075,2,2,1, 14077
24,14109,1,1,1, 14110
25,14115,2,2,1, 14117
31,14116,2,2,1, 14118
24,14149,1,1,1, 14150
30,14153,3,3,1, 14156
25,14155,2,2,1, 14157
31,14156,2,2,1, 14158
2,14163,2,2,1, 14165
1,14166,1,1,1, 14167
6,14170,2,2,1, 14172
7,14172,1,1,1, 14173
8,14176,1,1,0, 14177
1,14206,1,1,1, 14207
6,14210,2,2,1, 14212
7,14212,1,1,1, 14213
8,14216,1,1,1, 14217
2,14243,2,2,1, 14245
1,14246,1,1,0, 14247
7,14252,1,1,1, 14253
8,14256,1,1,1, 14257
1,14286,1,1,0, 14287
7,14292,1,1,0, 14293
2,14323,2,2,1, 14325
1,14326,1,1,1, 14327
6,14330,2,2,1, 14332
7,14332,1,1,0, 14333
25,14355,2,2,1, 14357
2,14363,2,2,1, 14365
1,14366,1,1,0, 14367
6,14370,2,2,1, 14372
7,14372,1,1,0, 14373
24,14389,1,1,0, 14390
31,14396,2,2,1, 14398
24,14429,1,1,0, 14430
24,14469,1,1,1, 14470
24,14509,1,1,0, 14510
23,14508,3,3,1, 14511
30,14513,3,3,1, 14516
31,14516,2,2,1, 14518
1,14526,1,1,0, 14527
8,14536,1,1,0, 14537
16,14539,2,2,1, 14541
24,14549,1,1,1, 14550
1,14566,1,1,0, 14567
8,14576,1,1,1, 14577
24,14589,1,1,0, 14590
25,14595,2,2,1, 14597
1,14606,1,1,0, 14607
8,14616,1,1,1, 14617
24,14629,1,1,0, 14630
25,14635,2,2,1, 14637
1,14646,1,1,0, 14647
6,14650,2,2,1, 14652
7,14652,1,1,0, 14653
8,14656,1,1,0, 14657
1,14686,1,1,1, 14687
7,14692,1,1,0, 14693
8,14696,1,1,0, 14697
2,14723,2,2,1, 14725
1,14726,1,1,0, 14727
6,14730,2,2,1, 14732
7,14732,1,1,0, 14733
8,14736,1,1,1, 14737
24,14749,1,1,0, 14750
25,14755,2,2,1, 14757
31,14756,2,2,1, 14758
8,14776,1,1,1, 14777
24,14789,1,1,1, 14790
8,14816,1,1,1, 14817
16,14819,2,2,1, 14821
24,14829,1,1,1, 14830
8,14856,1,1,0, 14857
16,14859,2,2,1, 14861
24,14869,1,1,0, 14870
1,14886,1,1,0, 14887
7,14892,1,1,1, 14893
15,14901,2,2,1, 14903
24,14909,1,1,1, 14910
23,14908,3,3,1, 14911
25,14915,2,2,1, 14917
1,14926,1,1,0, 14927
7,14932,1,1,0, 14933
24,14949,1,1,0, 14950
23,14948,3,3,1, 14951
1,14966,1,1,1, 14967
7,14972,1,1,1, 14973
15,14981,2,2,1, 14983
24,14989,1,1,0, 14990
23,14988,3,3,1, 14991
25,14995,2,2,1, 14997
8,15016,1,1,1, 15017
24,15029,1,1,1, 15030
31,15036,2,2,1, 15038
8,15056,1,1,1, 15057
16,15059,2,2,1, 15061
24,15069,1,1,1, 15070
30,15073,3,3,1, 15076
31,15076,2,2,1, 15078
8,15096,1,1,0, 15097
24,15109,1,1,0, 15110
30,15113,3,3,1, 15116
25,15115,2,2,1, 15117
2,15123,2,2,1, 15125
1,15126,1,1,0, 15127
7,15132,1,1,0, 15133
25,15155,2,2,1, 15157
2,15163,2,2,1, 15165
1,15166,1,1,1, 15167
6,15170,2,2,1, 15172
7,15172,1,1,1, 15173
25,15195,2,2,1, 15197
1,15206,1,1,0, 15207
6,15210,2,2,1, 15212
7,15212,1,1,0, 15213
24,15229,1,1,0, 15230
24,15269,1,1,1, 15270
24,15309,1,1,1, 15310
25,15315,2,2,1, 15317
24,15349,1,1,1, 15350
30,15353,3,3,1, 15356
25,15355,2,2,1, 15357
31,15356,2,2,1, 15358
1,15366,1,1,0, 15367
8,15376,1,1,1, 15377
9,15377,2,2,1, 15379
2,15403,2,2,1, 15405
1,15406,1,1,1, 15407
8,15416,1,1,1, 15417
16,15419,2,2,1, 15421
2,15443,2,2,1, 15445
1,15446,1,1,0, 15447
8,15456,1,1,0, 15457
16,15459,2,2,1, 15461
23,15468,3,3,1, 15471
7,15492,1,1,1, 15493
24,15509,1,1,1, 15510
25,15515,2,2,1, 15517
6,15530,2,2,1, 15532
7,15532,1,1,1, 15533
24,15549,1,1,0, 15550
7,15572,1,1,1, 15573
24,15589,1,1,1, 15590
23,15588,3,3,1, 15591
31,15596,2,2,1, 15598
1,15606,1,1,1, 15607
8,15616,1,1,0, 15617
15,15621,2,2,1, 15623
24,15629,1,1,0, 15630
1,15646,1,1,1, 15647
8,15656,1,1,0, 15657
14,15659,3,3,1, 15662
24,15669,1,1,1, 15670
1,15686,1,1,1, 15687
8,15696,1,1,0, 15697
14,15699,3,3,1, 15702
15,15701,2,2,1, 15703
24,15709,1,1,1, 15710
30,15713,3,3,1, 15716
2,15723,2,2,1, 15725
1,15726,1,1,0, 15727
6,15730,2,2,1, 15732
7,15732,1,1,0, 15733
16,15739,2,2,1, 15741
24,15749,1,1,1, 15750
2,15763,2,2,1, 15765
1,15766,1,1,1, 15767
6,15770,2,2,1, 15772
7,15772,1,1,0, 15773
16,15779,2,2,1, 15781
24,15789,1,1,1, 15790
25,15795,2,2,1, 15797
2,15803,2,2,1, 15805
1,15806,1,1,0, 15807
7,15812,1,1,1, 15813
24,15829,1,1,0, 15830
31,15836,2,2,1, 15838
8,15856,1,1,1, 15857
8,15896,1,1,1, 15897
8,15936,1,1,0, 15937
24,15949,1,1,1, 15950
25,15955,2,2,1, 15957
31,15956,2,2,1, 15958
1,15966,1,1,1, 15967
8,15976,1,1,0, 15977
1,16006,1,1,0, 16007
8,16016,1,1,0, 16017
25,16035,2,2,1, 16037
1,16046,1,1,1, 16047
8,16056,1,1,0, 16057
16,16059,2,2,1, 16061
24,16069,1,1,1, 16070
23,16068,3,3,1, 16071
25,16075,2,2,1, 16077
7,16092,1,1,0, 16093
24,16109,1,1,1, 16110
7,16132,1,1,1, 16133
24,16149,1,1,0, 16150
6,16170,2,2,1, 16172
7,16172,1,1,1, 16173
24,16189,1,1,1, 16190
23,16188,3,3,1, 16191
25,16195,2,2,1, 16197
1,16206,1,1,0, 16207
6,16210,2,2,1, 16212
7,16212,1,1,1, 16213
8,16216,1,1,0, 16217
24,16229,1,1,1, 16230
25,16235,2,2,1, 16237
2,16243,2,2,1, 16245
1,16246,1,1,0, 16247
7,16252,1,1,0, 16253
8,16256,1,1,1, 16257
24,16269,1,1,1, 16270
25,16275,2,2,1, 16277
1,16286,1,1,0, 16287
7,16292,1,1,1, 16293
8,16296,1,1,0, 16297
24,16309,1,1,1, 16310
31,16316,2,2,1, 16318
1,16326,1,1,1, 16327
8,16336,1,1,1, 16337
15,16341,2,2,1, 16343
24,16349,1,1,0, 16350
2,16363,2,2,1, 16365
1,16366,1,1,1, 16367
8,16376,1,1,0, 16377
15,16381,2,2,1, 16383
24,16389,1,1,0, 16390
31,16396,2,2,1, 16398
1,16406,1,1,1, 16407
8,16416,1,1,0, 16417
16,16419,2,2,1, 16421
15,16421,2,2,1, 16423
24,16429,1,1,1, 16430
30,16433,3,3,1, 16436
25,16435,2,2,1, 16437
2,16443,2,2,1, 16445
1,16446,1,1,0, 16447
7,16452,1,1,0, 16453
24,16469,1,1,1, 16470
2,16483,2,2,1, 16485
1,16486,1,1,0, 16487
7,16492,1,1,0, 16493
9,16497,2,2,1, 16499
24,16509,1,1,0, 16510
25,16515,2,2,1, 16517
7,16532,1,1,0, 16533
24,16549,1,1,1, 16550
23,16548,3,3,1, 16551
25,16555,2,2,1, 16557
31,16556,2,2,1, 16558
1,16566,1,1,1, 16567
8,16576,1,1,0, 16577
16,16579,2,2,1, 16581
24,16589,1,1,1, 16590
1,16606,1,1,0, 16607
8,16616,1,1,1, 16617
9,16617,2,2,1, 16619
16,16619,2,2,1, 16621
24,16629,1,1,0, 16630
8,16656,1,1,0, 16657
24,16669,1,1,0, 16670
8,16696,1,1,0, 16697
1,16726,1,1,0, 16727
8,16736,1,1,0, 16737
9,16737,2,2,1, 16739
24,16749,1,1,1, 16750
25,16755,2,2,1, 16757
2,16763,2,2,1, 16765
1,16766,1,1,1, 16767
8,16776,1,1,0, 16777
24,16789,1,1,0, 16790
23,16788,3,3,1, 16791
30,16793,3,3,1, 16796
25,16795,2,2,1, 16797
2,16803,2,2,1, 16805
1,16806,1,1,1, 16807
8,16816,1,1,0, 16817
2,16843,2,2,1, 16845
1,16846,1,1,1, 16847
8,16856,1,1,1, 16857
9,16857,2,2,1, 16859
8,16896,1,1,0, 16897
24,16909,1,1,0, 16910
23,16908,3,3,1, 16911
25,16915,2,2,1, 16917
7,16932,1,1,1, 16933
8,16936,1,1,1, 16937
16,16939,2,2,1, 16941
24,16949,1,1,1, 16950
1,16966,1,1,1, 16967
7,16972,1,1,1, 16973
8,16976,1,1,1, 16977
16,16979,2,2,1, 16981
24,16989,1,1,1, 16990
1,17006,1,1,0, 17007
6,17010,2,2,1, 17012
7,17012,1,1,1, 17013
8,17016,1,1,1, 17017
9,17017,2,2,1, 17019
24,17029,1,1,1, 17030
1,17046,1,1,1, 17047
8,17056,1,1,0, 17057
24,17069,1,1,1, 17070
30,17073,3,3,1, 17076
31,17076,2,2,1, 17078
1,17086,1,1,0, 17087
8,17096,1,1,1, 17097
1,17126,1,1,0, 17127
8,17136,1,1,0, 17137
1,17166,1,1,1, 17167
6,17170,2,2,1, 17172
7,17172,1,1,0, 17173
8,17176,1,1,1, 17177
15,17181,2,2,1, 17183
30,17193,3,3,1, 17196
25,17195,2,2,1, 17197
31,17196,2,2,1, 17198
2,17203,2,2,1, 17205
1,17206,1,1,1, 17207
6,17210,2,2,1, 17212
7,17212,1,1,0, 17213
8,17216,1,1,1, 17217
9,17217,2,2,1, 17219
16,17219,2,2,1, 17221
14,17219,3,3,1, 17222
24,17229,1,1,1, 17230
2,17243,2,2,1, 17245
1,17246,1,1,1, 17247
8,17256,1,1,1, 17257
24,17269,1,1,0, 17270
1,17286,1,1,1, 17287
8,17296,1,1,0, 17297
24,17309,1,1,1, 17310
25,17315,2,2,1, 17317
2,17323,2,2,1, 17325
1,17326,1,1,0, 17327
7,17332,1,1,1, 17333
8,17336,1,1,0, 17337
9,17337,2,2,1, 17339
14,17339,3,3,1, 17342
1,17366,1,1,0, 17367
8,17376,1,1,1, 17377
1,17406,1,1,0, 17407
8,17416,1,1,0, 17417
25,17435,2,2,1, 17437
1,17446,1,1,0, 17447
7,17452,1,1,1, 17453
8,17456,1,1,0, 17457
9,17457,2,2,1, 17459
16,17459,2,2,1, 17461
14,17459,3,3,1, 17462
24,17469,1,1,0, 17470
1,17486,1,1,1, 17487
8,17496,1,1,0, 17497
9,17497,2,2,1, 17499
24,17509,1,1,0, 17510
2,17523,2,2,1, 17525
1,17526,1,1,1, 17527
8,17536,1,1,1, 17537
24,17549,1,1,0, 17550
1,17566,1,1,1, 17567
7,17572,1,1,1, 17573
8,17576,1,1,0, 17577
24,17589,1,1,0, 17590
1,17606,1,1,0, 17607
6,17610,2,2,1, 17612
7,17612,1,1,1, 17613
8,17616,1,1,0, 17617
16,17619,2,2,1, 17621
24,17629,1,1,0, 17630
31,17636,2,2,1, 17638
2,17643,2,2,1, 17645
1,17646,1,1,0, 17647
8,17656,1,1,0, 17657
16,17659,2,2,1, 17661
2,17683,2,2,1, 17685
1,17686,1,1,1, 17687
8,17696,1,1,1, 17697
14,17699,3,3,1, 17702
1,17726,1,1,1, 17727
8,17736,1,1,0, 17737
16,17739,2,2,1, 17741
24,17749,1,1,0, 17750
25,17755,2,2,1, 17757
8,17776,1,1,0, 17777
24,17789,1,1,1, 17790
31,17796,2,2,1, 17798
6,17810,2,2,1, 17812
7,17812,1,1,1, 17813
8,17816,1,1,1, 17817
15,17821,2,2,1, 17823
24,17829,1,1,1, 17830
7,17852,1,1,1, 17853
8,17856,1,1,1, 17857
14,17859,3,3,1, 17862
24,17869,1,1,0, 17870
1,17886,1,1,0, 17887
8,17896,1,1,0, 17897
9,17897,2,2,1, 17899
16,17899,2,2,1, 17901
24,17909,1,1,1, 17910
1,17926,1,1,0, 17927
8,17936,1,1,0, 17937
16,17939,2,2,1, 17941
24,17949,1,1,1, 17950
23,17948,3,3,1, 17951
30,17953,3,3,1, 17956
2,17963,2,2,1, 17965
1,17966,1,1,0, 17967
8,17976,1,1,1, 17977
24,17989,1,1,1, 17990
30,17993,3,3,1, 17996
25,17995,2,2,1, 17997
31,17996,2,2,1, 17998
2,18003,2,2,1, 18005
1,18006,1,1,0, 18007
7,18012,1,1,0, 18013
8,18016,1,1,0, 18017
15,18021,2,2,1, 18023
24,18029,1,1,0, 18030
1,18046,1,1,0, 18047
6,18050,2,2,1, 18052
7,18052,1,1,1, 18053
8,18056,1,1,1, 18057
9,18057,2,2,1, 18059
24,18069,1,1,0, 18070
6,18090,2,2,1, 18092
7,18092,1,1,1, 18093
8,18096,1,1,1, 18097
24,18109,1,1,1, 18110
25,18115,2,2,1, 18117
6,18130,2,2,1, 18132
7,18132,1,1,1, 18133
8,18136,1,1,1, 18137
31,18156,2,2,1, 18158
1,18166,1,1,0, 18167
6,18170,2,2,1, 18172
7,18172,1,1,1, 18173
8,18176,1,1,0, 18177
9,18177,2,2,1, 18179
16,18179,2,2,1, 18181
15,18181,2,2,1, 18183
2,18203,2,2,1, 18205
1,18206,1,1,0, 18207
24,18229,1,1,1, 18230
30,18233,3,3,1, 18236
2,18243,2,2,1, 18245
1,18246,1,1,1, 18247
8,18256,1,1,1, 18257
24,18269,1,1,1, 18270
23,18268,3,3,1, 18271
25,18275,2,2,1, 18277
1,18286,1,1,0, 18287
7,18292,1,1,0, 18293
8,18296,1,1,1, 18297
9,18297,2,2,1, 18299
24,18309,1,1,0, 18310
25,18315,2,2,1, 18317
7,18332,1,1,1, 18333
24,18349,1,1,1, 18350
7,18372,1,1,1, 18373
24,18389,1,1,1, 18390
25,18395,2,2,1, 18397
1,18406,1,1,1, 18407
6,18410,2,2,1, 18412
7,18412,1,1,1, 18413
8,18416,1,1,0, 18417
15,18421,2,2,1, 18423
24,18429,1,1,0, 18430
1,18446,1,1,0, 18447
8,18456,1,1,1, 18457
15,18461,2,2,1, 18463
24,18469,1,1,0, 18470
2,18483,2,2,1, 18485
1,18486,1,1,1, 18487
8,18496,1,1,0, 18497
15,18501,2,2,1, 18503
24,18509,1,1,0, 18510
1,18526,1,1,0, 18527
7,18532,1,1,0, 18533
8,18536,1,1,0, 18537
24,18549,1,1,0, 18550
2,18563,2,2,1, 18565
1,18566,1,1,0, 18567
8,18576,1,1,1, 18577
24,18589,1,1,0, 18590
2,18603,2,2,1, 18605
1,18606,1,1,0, 18607
8,18616,1,1,0, 18617
24,18629,1,1,0, 18630
25,18635,2,2,1, 18637
2,18643,2,2,1, 18645
1,18646,1,1,1, 18647
6,18650,2,2,1, 18652
7,18652,1,1,1, 18653
8,18656,1,1,1, 18657
25,18675,2,2,1, 18677
2,18683,2,2,1, 18685
1,18686,1,1,0, 18687
1,18726,1,1,0, 18727
1,18766,1,1,0, 18767
6,18770,2,2,1, 18772
7,18772,1,1,1, 18773
8,18776,1,1,1, 18777
16,18779,2,2,1, 18781
14,18779,3,3,1, 18782
24,18789,1,1,1, 18790
1,18806,1,1,0, 18807
9,18817,2,2,1, 18819
24,18829,1,1,1, 18830
31,18836,2,2,1, 18838
2,18843,2,2,1, 18845
1,18846,1,1,0, 18847
24,18869,1,1,0, 18870
2,18883,2,2,1, 18885
1,18886,1,1,0, 18887
6,18890,2,2,1, 18892
7,18892,1,1,0, 18893
8,18896,1,1,0, 18897
24,18909,1,1,1, 18910
1,18926,1,1,1, 18927
7,18932,1,1,1, 18933
8,18936,1,1,0, 18937
9,18937,2,2,1, 18939
24,18949,1,1,1, 18950
2,18963,2,2,1, 18965
1,18966,1,1,0, 18967
7,18972,1,1,1, 18973
8,18976,1,1,0, 18977
16,18979,2,2,1, 18981
24,18989,1,1,0, 18990
25,18995,2,2,1, 18997
1,19006,1,1,1, 19007
6,19010,2,2,1, 19012
7,19012,1,1,1, 19013
8,19016,1,1,1, 19017
1,19046,1,1,1, 19047
8,19056,1,1,0, 19057
2,19083,2,2,1, 19085
1,19086,1,1,0, 19087
8,19096,1,1,1, 19097
9,19097,2,2,1, 19099
25,19115,2,2,1, 19117
1,19126,1,1,0, 19127
6,19130,2,2,1, 19132
7,19132,1,1,1, 19133
8,19136,1,1,0, 19137
24,19149,1,1,0, 19150
7,19172,1,1,1, 19173
8,19176,1,1,1, 19177
24,19189,1,1,0, 19190
6,19210,2,2,1, 19212
7,19212,1,1,1, 19213
8,19216,1,1,1, 19217
24,19229,1,1,1, 19230
1,19246,1,1,0, 19247
7,19252,1,1,0, 19253
8,19256,1,1,1, 19257
24,19269,1,1,0, 19270
31,19276,2,2,1, 19278
2,19283,2,2,1, 19285
1,19286,1,1,0, 19287
8,19296,1,1,1, 19297
24,19309,1,1,0, 19310
2,19323,2,2,1, 19325
1,19326,1,1,1, 19327
8,19336,1,1,0, 19337
24,19349,1,1,1, 19350
2,19363,2,2,1, 19365
1,19366,1,1,0, 19367
6,19370,2,2,1, 19372
7,19372,1,1,1, 19373
8,19376,1,1,1, 19377
14,19379,3,3,1, 19382
24,19389,1,1,0, 19390
25,19395,2,2,1, 19397
7,19412,1,1,0, 19413
8,19416,1,1,1, 19417
24,19429,1,1,1, 19430
25,19435,2,2,1, 19437
6,19450,2,2,1, 19452
7,19452,1,1,1, 19453
8,19456,1,1,0, 19457
24,19469,1,1,0, 19470
25,19475,2,2,1, 19477
1,19486,1,1,1, 19487
7,19492,1,1,1, 19493
8,19496,1,1,1, 19497
16,19499,2,2,1, 19501
14,19499,3,3,1, 19502
24,19509,1,1,0, 19510
31,19516,2,2,1, 19518
1,19526,1,1,1, 19527
8,19536,1,1,1, 19537
24,19549,1,1,1, 19550
31,19556,2,2,1, 19558
1,19566,1,1,1, 19567
8,19576,1,1,1, 19577
24,19589,1,1,0, 19590
2,19603,2,2,1, 19605
1,19606,1,1,0, 19607
6,19610,2,2,1, 19612
7,19612,1,1,0, 19613
8,19616,1,1,0, 19617
24,19629,1,1,1, 19630
25,19635,2,2,1, 19637
2,19643,2,2,1, 19645
1,19646,1,1,0, 19647
6,19650,2,2,1, 19652
7,19652,1,1,1, 19653
8,19656,1,1,0, 19657
24,19669,1,1,0, 19670
25,19675,2,2,1, 19677
2,19683,2,2,1, 19685
1,19686,1,1,0, 19687
6,19690,2,2,1, 19692
7,19692,1,1,0, 19693
8,19696,1,1,0, 19697
24,19709,1,1,0, 19710
25,19715,2,2,1, 19717
1,19726,1,1,0, 19727
7,19732,1,1,0, 19733
8,19736,1,1,1, 19737
9,19737,2,2,1, 19739
24,19749,1,1,0, 19750
31,19756,2,2,1, 19758
8,19776,1,1,0, 19777
24,19789,1,1,1, 19790
31,19796,2,2,1, 19798
8,19816,1,1,0, 19817
24,19829,1,1,0, 19830
31,19836,2,2,1, 19838
1,19846,1,1,0, 19847
6,19850,2,2,1, 19852
7,19852,1,1,0, 19853
8,19856,1,1,1, 19857
16,19859,2,2,1, 19861
14,19859,3,3,1, 19862
24,19869,1,1,1, 19870
2,19883,2,2,1, 19885
1,19886,1,1,1, 19887
7,19892,1,1,0, 19893
24,19909,1,1,0, 19910
1,19926,1,1,1, 19927
7,19932,1,1,0, 19933
8,19936,1,1,1, 19937
16,19939,2,2,1, 19941
24,19949,1,1,0, 19950
2,19963,2,2,1, 19965
1,19966,1,1,1, 19967
7,19972,1,1,1, 19973
8,19976,1,1,1, 19977
9,19977,2,2,1, 19979
16,19979,2,2,1, 19981
24,19989,1,1,0, 19990
1,20006,1,1,0, 20007
24,20029,1,1,0, 20030
31,20036,2,2,1, 20038
2,20043,2,2,1, 20045
1,20046,1,1,0, 20047
24,20069,1,1,1, 20070
31,20076,2,2,1, 20078
2,20083,2,2,1, 20085
1,20086,1,1,0, 20087
6,20090,2,2,1, 20092
7,20092,1,1,0, 20093
8,20096,1,1,0, 20097
16,20099,2,2,1, 20101
2,20123,2,2,1, 20125
1,20126,1,1,1, 20127
6,20130,2,2,1, 20132
7,20132,1,1,1, 20133
9,20137,2,2,1, 20139
1,20166,1,1,1, 20167
1,20206,1,1,1, 20207
8,20216,1,1,1, 20217
16,20219,2,2,1, 20221
24,20229,1,1,1, 20230
2,20243,2,2,1, 20245
1,20246,1,1,1, 20247
7,20252,1,1,0, 20253
8,20256,1,1,1, 20257
16,20259,2,2,1, 20261
24,20269,1,1,1, 20270
31,20276,2,2,1, 20278
6,20290,2,2,1, 20292
7,20292,1,1,1, 20293
8,20296,1,1,0, 20297
15,20301,2,2,1, 20303
24,20309,1,1,0, 20310
25,20315,2,2,1, 20317
6,20330,2,2,1, 20332
7,20332,1,1,0, 20333
8,20336,1,1,0, 20337
24,20349,1,1,1, 20350
25,20355,2,2,1, 20357
6,20370,2,2,1, 20372
7,20372,1,1,0, 20373
8,20376,1,1,0, 20377
15,20381,2,2,1, 20383
24,20389,1,1,0, 20390
2,20403,2,2,1, 20405
1,20406,1,1,0, 20407
8,20416,1,1,1, 20417
16,20419,2,2,1, 20421
24,20429,1,1,1, 20430
25,20435,2,2,1, 20437
1,20446,1,1,1, 20447
8,20456,1,1,1, 20457
16,20459,2,2,1, 20461
15,20461,2,2,1, 20463
24,20469,1,1,1, 20470
25,20475,2,2,1, 20477
1,20486,1,1,0, 20487
8,20496,1,1,0, 20497
16,20499,2,2,1, 20501
24,20509,1,1,0, 20510
1,20526,1,1,1, 20527
7,20532,1,1,1, 20533
8,20536,1,1,0, 20537
9,20537,2,2,1, 20539
1,20566,1,1,1, 20567
7,20572,1,1,0, 20573
8,20576,1,1,0, 20577
2,20603,2,2,1, 20605
1,20606,1,1,1, 20607
6,20610,2,2,1, 20612
7,20612,1,1,1, 20613
8,20616,1,1,0, 20617
23,20628,3,3,1, 20631
31,20636,2,2,1, 20638
1,20646,1,1,0, 20647
6,20650,2,2,1, 20652
7,20652,1,1,1, 20653
8,20656,1,1,0, 20657
9,20657,2,2,1, 20659
16,20659,2,2,1, 20661
15,20661,2,2,1, 20663
24,20669,1,1,1, 20670
1,20686,1,1,0, 20687
6,20690,2,2,1, 20692
7,20692,1,1,0, 20693
8,20696,1,1,1, 20697
15,20701,2,2,1, 20703
24,20709,1,1,1, 20710
2,20723,2,2,1, 20725
1,20726,1,1,1, 20727
6,20730,2,2,1, 20732
7,20732,1,1,1, 20733
8,20736,1,1,0, 20737
15,20741,2,2,1, 20743
24,20749,1,1,1, 20750
25,20755,2,2,1, 20757
31,20756,2,2,1, 20758
1,20766,1,1,1, 20767
8,20776,1,1,1, 20777
15,20781,2,2,1, 20783
24,20789,1,1,1, 20790
2,20803,2,2,1, 20805
1,20806,1,1,0, 20807
8,20816,1,1,1, 20817
9,20817,2,2,1, 20819
15,20821,2,2,1, 20823
24,20829,1,1,1, 20830
25,20835,2,2,1, 20837
8,20856,1,1,0, 20857
24,20869,1,1,0, 20870
31,20876,2,2,1, 20878
6,20890,2,2,1, 20892
7,20892,1,1,0, 20893
8,20896,1,1,0, 20897
24,20909,1,1,0, 20910
25,20915,2,2,1, 20917
2,20923,2,2,1, 20925
1,20926,1,1,1, 20927
7,20932,1,1,1, 20933
8,20936,1,1,0, 20937
9,20937,2,2,1, 20939
24,20949,1,1,0, 20950
1,20966,1,1,1, 20967
7,20972,1,1,1, 20973
8,20976,1,1,0, 20977
24,20989,1,1,0, 20990
30,20993,3,3,1, 20996
2,21003,2,2,1, 21005
1,21006,1,1,0, 21007
7,21012,1,1,1, 21013
8,21016,1,1,1, 21017
15,21021,2,2,1, 21023
2,21043,2,2,1, 21045
1,21046,1,1,0, 21047
6,21050,2,2,1, 21052
7,21052,1,1,1, 21053
8,21056,1,1,0, 21057
9,21057,2,2,1, 21059
24,21069,1,1,1, 21070
8,21096,1,1,0, 21097
24,21109,1,1,0, 21110
30,21113,3,3,1, 21116
7,21132,1,1,1, 21133
8,21136,1,1,1, 21137
16,21139,2,2,1, 21141
15,21141,2,2,1, 21143
1,21166,1,1,1, 21167
7,21172,1,1,1, 21173
8,21176,1,1,1, 21177
9,21177,2,2,1, 21179
25,21195,2,2,1, 21197
1,21206,1,1,0, 21207
7,21212,1,1,1, 21213
8,21216,1,1,0, 21217
24,21229,1,1,0, 21230
25,21235,2,2,1, 21237
31,21236,2,2,1, 21238
2,21243,2,2,1, 21245
1,21246,1,1,1, 21247
7,21252,1,1,1, 21253
8,21256,1,1,1, 21257
16,21259,2,2,1, 21261
23,21268,3,3,1, 21271
1,21286,1,1,0, 21287
7,21292,1,1,0, 21293
8,21296,1,1,1, 21297
8,21336,1,1,0, 21337
24,21349,1,1,1, 21350
8,21376,1,1,0, 21377
24,21389,1,1,1, 21390
1,21406,1,1,1, 21407
7,21412,1,1,0, 21413
8,21416,1,1,0, 21417
24,21429,1,1,0, 21430
1,21446,1,1,0, 21447
7,21452,1,1,1, 21453
8,21456,1,1,0, 21457
16,21459,2,2,1, 21461
24,21469,1,1,0, 21470
1,21486,1,1,0, 21487
7,21492,1,1,0, 21493
8,21496,1,1,1, 21497
24,21509,1,1,0, 21510
2,21523,2,2,1, 21525
1,21526,1,1,0, 21527
7,21532,1,1,1, 21533
8,21536,1,1,1, 21537
24,21549,1,1,0, 21550
2,21563,2,2,1, 21565
1,21566,1,1,1, 21567
7,21572,1,1,0, 21573
8,21576,1,1,0, 21577
24,21589,1,1,1, 21590
1,21606,1,1,1, 21607
7,21612,1,1,0, 21613
8,21616,1,1,1, 21617
24,21629,1,1,0, 21630
2,21643,2,2,1, 21645
1,21646,1,1,1, 21647
7,21652,1,1,1, 21653
8,21656,1,1,0, 21657
16,21659,2,2,1, 21661
24,21669,1,1,0, 21670
31,21676,2,2,1, 21678
2,21683,2,2,1, 21685
1,21686,1,1,0, 21687
7,21692,1,1,1, 21693
8,21696,1,1,0, 21697
9,21697,2,2,1, 21699
16,21699,2,2,1, 21701
24,21709,1,1,1, 21710
2,21723,2,2,1, 21725
1,21726,1,1,0, 21727
8,21736,1,1,0, 21737
15,21741,2,2,1, 21743
24,21749,1,1,1, 21750
2,21763,2,2,1, 21765
1,21766,1,1,0, 21767
8,21776,1,1,0, 21777
16,21779,2,2,1, 21781
24,21789,1,1,1, 21790
25,21795,2,2,1, 21797
31,21796,2,2,1, 21798
1,21806,1,1,1, 21807
8,21816,1,1,1, 21817
24,21829,1,1,0, 21830
31,21836,2,2,1, 21838
1,21846,1,1,0, 21847
7,21852,1,1,0, 21853
8,21856,1,1,0, 21857
24,21869,1,1,0, 21870
2,21883,2,2,1, 21885
1,21886,1,1,1, 21887
7,21892,1,1,0, 21893
8,21896,1,1,0, 21897
9,21897,2,2,1, 21899
16,21899,2,2,1, 21901
24,21909,1,1,1, 21910
2,21923,2,2,1, 21925
1,21926,1,1,0, 21927
6,21930,2,2,1, 21932
7,21932,1,1,0, 21933
8,21936,1,1,1, 21937
24,21949,1,1,1, 21950
1,21966,1,1,1, 21967
7,21972,1,1,1, 21973
8,21976,1,1,1, 21977
30,21993,3,3,1, 21996
25,21995,2,2,1, 21997
1,22006,1,1,1, 22007
6,22010,2,2,1, 22012
7,22012,1,1,1, 22013
8,22016,1,1,0, 22017
1,22046,1,1,0, 22047
8,22056,1,1,1, 22057
16,22059,2,2,1, 22061
24,22069,1,1,1, 22070
1,22086,1,1,1, 22087
6,22090,2,2,1, 22092
7,22092,1,1,0, 22093
8,22096,1,1,1, 22097
24,22109,1,1,0, 22110
25,22115,2,2,1, 22117
1,22126,1,1,1, 22127
6,22130,2,2,1, 22132
7,22132,1,1,0, 22133
8,22136,1,1,0, 22137
15,22141,2,2,1, 22143
24,22149,1,1,0, 22150
25,22155,2,2,1, 22157
2,22163,2,2,1, 22165
1,22166,1,1,1, 22167
8,22176,1,1,1, 22177
15,22181,2,2,1, 22183
24,22189,1,1,0, 22190
30,22193,3,3,1, 22196
31,22196,2,2,1, 22198
2,22203,2,2,1, 22205
1,22206,1,1,0, 22207
8,22216,1,1,1, 22217
24,22229,1,1,1, 22230
31,22236,2,2,1, 22238
1,22246,1,1,0, 22247
7,22252,1,1,0, 22253
8,22256,1,1,1, 22257
16,22259,2,2,1, 22261
24,22269,1,1,0, 22270
2,22283,2,2,1, 22285
1,22286,1,1,0, 22287
6,22290,2,2,1, 22292
7,22292,1,1,1, 22293
8,22296,1,1,0, 22297
24,22309,1,1,0, 22310
25,22315,2,2,1, 22317
1,22326,1,1,1, 22327
7,22332,1,1,0, 22333
8,22336,1,1,0, 22337
24,22349,1,1,0, 22350
25,22355,2,2,1, 22357
2,22363,2,2,1, 22365
1,22366,1,1,1, 22367
7,22372,1,1,1, 22373
8,22376,1,1,0, 22377
16,22379,2,2,1, 22381
8,22416,1,1,1, 22417
8,22456,1,1,0, 22457
1,22486,1,1,0, 22487
6,22490,2,2,1, 22492
7,22492,1,1,1, 22493
8,22496,1,1,0, 22497
15,22501,2,2,1, 22503
24,22509,1,1,0, 22510
25,22515,2,2,1, 22517
1,22526,1,1,0, 22527
7,22532,1,1,1, 22533
8,22536,1,1,0, 22537
24,22549,1,1,1, 22550
2,22563,2,2,1, 22565
1,22566,1,1,1, 22567
7,22572,1,1,1, 22573
8,22576,1,1,1, 22577
24,22589,1,1,1, 22590
25,22595,2,2,1, 22597
1,22606,1,1,0, 22607
7,22612,1,1,0, 22613
8,22616,1,1,1, 22617
24,22629,1,1,0, 22630
23,22628,3,3,1, 22631
2,22643,2,2,1, 22645
1,22646,1,1,0, 22647
6,22650,2,2,1, 22652
7,22652,1,1,0, 22653
8,22656,1,1,0, 22657
24,22669,1,1,1, 22670
31,22676,2,2,1, 22678
1,22686,1,1,0, 22687
6,22690,2,2,1, 22692
7,22692,1,1,0, 22693
8,22696,1,1,1, 22697
15,22701,2,2,1, 22703
24,22709,1,1,0, 22710
2,22723,2,2,1, 22725
1,22726,1,1,1, 22727
7,22732,1,1,1, 22733
8,22736,1,1,0, 22737
24,22749,1,1,1, 22750
2,22763,2,2,1, 22765
1,22766,1,1,0, 22767
7,22772,1,1,1, 22773
8,22776,1,1,0, 22777
16,22779,2,2,1, 22781
24,22789,1,1,1, 22790
2,22803,2,2,1, 22805
1,22806,1,1,1, 22807
6,22810,2,2,1, 22812
7,22812,1,1,0, 22813
8,22816,1,1,1, 22817
24,22829,1,1,0, 22830
25,22835,2,2,1, 22837
31,22836,2,2,1, 22838
1,22846,1,1,0, 22847
7,22852,1,1,1, 22853
8,22856,1,1,1, 22857
24,22869,1,1,1, 22870
8,22896,1,1,0, 22897
24,22909,1,1,1, 22910
8,22936,1,1,0, 22937
24,22949,1,1,1, 22950
1,22966,1,1,0, 22967
6,22970,2,2,1, 22972
7,22972,1,1,0, 22973
8,22976,1,1,1, 22977
9,22977,2,2,1, 22979
16,22979,2,2,1, 22981
24,22989,1,1,0, 22990
2,23003,2,2,1, 23005
1,23006,1,1,0, 23007
7,23012,1,1,1, 23013
8,23016,1,1,0, 23017
24,23029,1,1,0, 23030
2,23043,2,2,1, 23045
1,23046,1,1,1, 23047
7,23052,1,1,0, 23053
8,23056,1,1,1, 23057
24,23069,1,1,1, 23070
25,23075,2,2,1, 23077
2,23083,2,2,1, 23085
1,23086,1,1,0, 23087
7,23092,1,1,0, 23093
8,23096,1,1,1, 23097
9,23097,2,2,1, 23099
8,23136,1,1,1, 23137
8,23176,1,1,1, 23177
15,23181,2,2,1, 23183
1,23206,1,1,1, 23207
7,23212,1,1,1, 23213
8,23216,1,1,1, 23217
16,23219,2,2,1, 23221
24,23229,1,1,1, 23230
25,23235,2,2,1, 23237
1,23246,1,1,0, 23247
7,23252,1,1,0, 23253
8,23256,1,1,1, 23257
24,23269,1,1,0, 23270
1,23286,1,1,1, 23287
6,23290,2,2,1, 23292
7,23292,1,1,0, 23293
8,23296,1,1,1, 23297
24,23309,1,1,0, 23310
25,23315,2,2,1, 23317
2,23323,2,2,1, 23325
1,23326,1,1,0, 23327
7,23332,1,1,0, 23333
8,23336,1,1,0, 23337
2,23363,2,2,1, 23365
1,23366,1,1,1, 23367
7,23372,1,1,1, 23373
8,23376,1,1,1, 23377
16,23379,2,2,1, 23381
2,23403,2,2,1, 23405
1,23406,1,1,1, 23407
8,23416,1,1,0, 23417
15,23421,2,2,1, 23423
1,23446,1,1,0, 23447
8,23456,1,1,0, 23457
9,23457,2,2,1, 23459
16,23459,2,2,1, 23461
15,23461,2,2,1, 23463
24,23469,1,1,1, 23470
25,23475,2,2,1, 23477
8,23496,1,1,0, 23497
24,23509,1,1,1, 23510
25,23515,2,2,1, 23517
7,23532,1,1,0, 23533
8,23536,1,1,1, 23537
24,23549,1,1,1, 23550
1,23566,1,1,0, 23567
7,23572,1,1,1, 23573
8,23576,1,1,0, 23577
9,23577,2,2,1, 23579
24,23589,1,1,1, 23590
1,23606,1,1,0, 23607
7,23612,1,1,0, 23613
8,23616,1,1,1, 23617
16,23619,2,2,1, 23621
24,23629,1,1,1, 23630
31,23636,2,2,1, 23638
1,23646,1,1,0, 23647
7,23652,1,1,1, 23653
8,23656,1,1,0, 23657
16,23659,2,2,1, 23661
15,23661,2,2,1, 23663
1,23686,1,1,0, 23687
7,23692,1,1,1, 23693
8,23696,1,1,0, 23697
16,23699,2,2,1, 23701
24,23709,1,1,0, 23710
25,23715,2,2,1, 23717
1,23726,1,1,0, 23727
7,23732,1,1,1, 23733
8,23736,1,1,0, 23737
24,23749,1,1,0, 23750
25,23755,2,2,1, 23757
1,23766,1,1,0, 23767
6,23770,2,2,1, 23772
7,23772,1,1,0, 23773
8,23776,1,1,1, 23777
16,23779,2,2,1, 23781
25,23795,2,2,1, 23797
1,23806,1,1,1, 23807
6,23810,2,2,1, 23812
7,23812,1,1,0, 23813
8,23816,1,1,1, 23817
15,23821,2,2,1, 23823
1,23846,1,1,1, 23847
7,23852,1,1,1, 23853
8,23856,1,1,0, 23857
16,23859,2,2,1, 23861
15,23861,2,2,1, 23863
24,23869,1,1,0, 23870
30,23873,3,3,1, 23876
25,23875,2,2,1, 23877
2,23883,2,2,1, 23885
1,23886,1,1,0, 23887
7,23892,1,1,1, 23893
8,23896,1,1,0, 23897
24,23909,1,1,1, 23910
2,23923,2,2,1, 23925
1,23926,1,1,1, 23927
7,23932,1,1,0, 23933
8,23936,1,1,1, 23937
9,23937,2,2,1, 23939
24,23949,1,1,1, 23950
2,23963,2,2,1, 23965
1,23966,1,1,1, 23967
6,23970,2,2,1, 23972
7,23972,1,1,0, 23973
8,23976,1,1,1, 23977
15,23981,2,2,1, 23983
24,23989,1,1,1, 23990
30,23993,3,3,1, 23996
2,24003,2,2,1, 24005
1,24006,1,1,1, 24007
8,24016,1,1,1, 24017
2,24043,2,2,1, 24045
1,24046,1,1,0, 24047
8,24056,1,1,1, 24057
16,24059,2,2,1, 24061
8,24096,1,1,1, 24097
16,24099,2,2,1, 24101
24,24109,1,1,1, 24110
25,24115,2,2,1, 24117
7,24132,1,1,0, 24133
8,24136,1,1,1, 24137
24,24149,1,1,0, 24150
25,24155,2,2,1, 24157
1,24166,1,1,1, 24167
6,24170,2,2,1, 24172
7,24172,1,1,1, 24173
8,24176,1,1,1, 24177
15,24181,2,2,1, 24183
24,24189,1,1,0, 24190
25,24195,2,2,1, 24197
1,24206,1,1,1, 24207
7,24212,1,1,0, 24213
8,24216,1,1,0, 24217
15,24221,2,2,1, 24223
24,24229,1,1,1, 24230
1,24246,1,1,0, 24247
7,24252,1,1,1, 24253
8,24256,1,1,1, 24257
24,24269,1,1,1, 24270
1,24286,1,1,0, 24287
7,24292,1,1,0, 24293
8,24296,1,1,1, 24297
24,24309,1,1,1, 24310
2,24323,2,2,1, 24325
1,24326,1,1,1, 24327
7,24332,1,1,1, 24333
8,24336,1,1,0, 24337
24,24349,1,1,1, 24350
23,24348,3,3,1, 24351
25,24355,2,2,1, 24357
31,24356,2,2,1, 24358
1,24366,1,1,1, 24367
8,24376,1,1,0, 24377
24,24389,1,1,1, 24390
25,24395,2,2,1, 24397
31,24396,2,2,1, 24398
1,24406,1,1,0, 24407
8,24416,1,1,0, 24417
15,24421,2,2,1, 24423
24,24429,1,1,0, 24430
25,24435,2,2,1, 24437
2,24443,2,2,1, 24445
1,24446,1,1,1, 24447
8,24456,1,1,1, 24457
15,24461,2,2,1, 24463
24,24469,1,1,1, 24470
30,24473,3,3,1, 24476
25,24475,2,2,1, 24477
31,24476,2,2,1, 24478
1,24486,1,1,1, 24487
6,24490,2,2,1, 24492
7,24492,1,1,1, 24493
8,24496,1,1,1, 24497
16,24499,2,2,1, 24501
1,24526,1,1,0, 24527
6,24530,2,2,1, 24532
7,24532,1,1,0, 24533
8,24536,1,1,0, 24537
9,24537,2,2,1, 24539
16,24539,2,2,1, 24541
15,24541,2,2,1, 24543
2,24563,2,2,1, 24565
1,24566,1,1,0, 24567
6,24570,2,2,1, 24572
7,24572,1,1,0, 24573
8,24576,1,1,0, 24577
16,24579,2,2,1, 24581
24,24589,1,1,0, 24590
30,24593,3,3,1, 24596
25,24595,2,2,1, 24597
2,24603,2,2,1, 24605
1,24606,1,1,0, 24607
8,24616,1,1,0, 24617
25,24635,2,2,1, 24637
2,24643,2,2,1, 24645
1,24646,1,1,1, 24647
8,24656,1,1,0, 24657
24,24669,1,1,1, 24670
23,24668,3,3,1, 24671
25,24675,2,2,1, 24677
31,24676,2,2,1, 24678
8,24696,1,1,1, 24697
9,24697,2,2,1, 24699
24,24709,1,1,1, 24710
7,24732,1,1,1, 24733
8,24736,1,1,0, 24737
15,24741,2,2,1, 24743
24,24749,1,1,1, 24750
1,24766,1,1,1, 24767
7,24772,1,1,1, 24773
8,24776,1,1,1, 24777
24,24789,1,1,0, 24790
1,24806,1,1,1, 24807
7,24812,1,1,0, 24813
8,24816,1,1,0, 24817
16,24819,2,2,1, 24821
24,24829,1,1,0, 24830
2,24843,2,2,1, 24845
1,24846,1,1,0, 24847
7,24852,1,1,1, 24853
8,24856,1,1,1, 24857
9,24857,2,2,1, 24859
25,24875,2,2,1, 24877
1,24886,1,1,0, 24887
7,24892,1,1,0, 24893
8,24896,1,1,1, 24897
1,24926,1,1,1, 24927
7,24932,1,1,0, 24933
8,24936,1,1,1, 24937
24,24949,1,1,1, 24950
31,24956,2,2,1, 24958
1,24966,1,1,1, 24967
7,24972,1,1,1, 24973
8,24976,1,1,1, 24977
16,24979,2,2,1, 24981
24,24989,1,1,1, 24990
25,24995,2,2,1, 24997
1,25006,1,1,0, 25007
6,25010,2,2,1, 25012
7,25012,1,1,1, 25013
8,25016,1,1,1, 25017
24,25029,1,1,0, 25030
2,25043,2,2,1, 25045
1,25046,1,1,0, 25047
7,25052,1,1,1, 25053
8,25056,1,1,1, 25057
24,25069,1,1,1, 25070
30,25073,3,3,1, 25076
1,25086,1,1,1, 25087
7,25092,1,1,1, 25093
8,25096,1,1,1, 25097
24,25109,1,1,0, 25110
2,25123,2,2,1, 25125
1,25126,1,1,1, 25127
7,25132,1,1,0, 25133
8,25136,1,1,0, 25137
9,25137,2,2,1, 25139
24,25149,1,1,0, 25150
31,25156,2,2,1, 25158
1,25166,1,1,0, 25167
8,25176,1,1,0, 25177
24,25189,1,1,0, 25190
25,25195,2,2,1, 25197
2,25203,2,2,1, 25205
1,25206,1,1,1, 25207
8,25216,1,1,1, 25217
16,25219,2,2,1, 25221
2,25243,2,2,1, 25245
1,25246,1,1,0, 25247
7,25252,1,1,1, 25253
8,25256,1,1,1, 25257
9,25257,2,2,1, 25259
15,25261,2,2,1, 25263
6,25290,2,2,1, 25292
7,25292,1,1,1, 25293
8,25296,1,1,0, 25297
16,25299,2,2,1, 25301
24,25309,1,1,0, 25310
7,25332,1,1,0, 25333
8,25336,1,1,1, 25337
16,25339,2,2,1, 25341
24,25349,1,1,1, 25350
25,25355,2,2,1, 25357
31,25356,2,2,1, 25358
1,25366,1,1,1, 25367
6,25370,2,2,1, 25372
7,25372,1,1,0, 25373
8,25376,1,1,1, 25377
16,25379,2,2,1, 25381
24,25389,1,1,0, 25390
2,25403,2,2,1, 25405
1,25406,1,1,0, 25407
8,25416,1,1,1, 25417
24,25429,1,1,0, 25430
31,25436,2,2,1, 25438
1,25446,1,1,1, 25447
8,25456,1,1,0, 25457
24,25469,1,1,1, 25470
31,25476,2,2,1, 25478
2,25483,2,2,1, 25485
1,25486,1,1,1, 25487
7,25492,1,1,1, 25493
8,25496,1,1,0, 25497
9,25497,2,2,1, 25499
16,25499,2,2,1, 25501
24,25509,1,1,0, 25510
2,25523,2,2,1, 25525
1,25526,1,1,0, 25527
7,25532,1,1,0, 25533
8,25536,1,1,0, 25537
24,25549,1,1,1, 25550
25,25555,2,2,1, 25557
1,25566,1,1,1, 25567
7,25572,1,1,1, 25573
8,25576,1,1,0, 25577
24,25589,1,1,0, 25590
25,25595,2,2,1, 25597
2,25603,2,2,1, 25605
1,25606,1,1,1, 25607
6,25610,2,2,1, 25612
7,25612,1,1,0, 25613
8,25616,1,1,0, 25617
9,25617,2,2,1, 25619
16,25619,2,2,1, 25621
24,25629,1,1,1, 25630
31,25636,2,2,1, 25638
6,25650,2,2,1, 25652
7,25652,1,1,0, 25653
8,25656,1,1,0, 25657
24,25669,1,1,0, 25670
31,25676,2,2,1, 25678
8,25696,1,1,0, 25697
15,25701,2,2,1, 25703
24,25709,1,1,0, 25710
1,25726,1,1,0, 25727
8,25736,1,1,1, 25737
24,25749,1,1,0, 25750
1,25766,1,1,0, 25767
8,25776,1,1,0, 25777
24,25789,1,1,0, 25790
2,25803,2,2,1, 25805
1,25806,1,1,0, 25807
6,25810,2,2,1, 25812
7,25812,1,1,1, 25813
8,25816,1,1,0, 25817
9,25817,2,2,1, 25819
15,25821,2,2,1, 25823
1,25846,1,1,0, 25847
7,25852,1,1,1, 25853
8,25856,1,1,1, 25857
2,25883,2,2,1, 25885
1,25886,1,1,1, 25887
6,25890,2,2,1, 25892
7,25892,1,1,0, 25893
8,25896,1,1,1, 25897
24,25909,1,1,1, 25910
7,25932,1,1,1, 25933
8,25936,1,1,1, 25937
16,25939,2,2,1, 25941
24,25949,1,1,0, 25950
7,25972,1,1,0, 25973
8,25976,1,1,0, 25977
16,25979,2,2,1, 25981
24,25989,1,1,1, 25990
7,26012,1,1,1, 26013
8,26016,1,1,1, 26017
24,26029,1,1,0, 26030
25,26035,2,2,1, 26037
31,26036,2,2,1, 26038
2,26043,2,2,1, 26045
1,26046,1,1,1, 26047
7,26052,1,1,1, 26053
8,26056,1,1,0, 26057
15,26061,2,2,1, 26063
24,26069,1,1,0, 26070
31,26076,2,2,1, 26078
2,26083,2,2,1, 26085
1,26086,1,1,0, 26087
6,26090,2,2,1, 26092
7,26092,1,1,1, 26093
8,26096,1,1,1, 26097
16,26099,2,2,1, 26101
24,26109,1,1,1, 26110
2,26123,2,2,1, 26125
1,26126,1,1,0, 26127
8,26136,1,1,0, 26137
24,26149,1,1,1, 26150
25,26155,2,2,1, 26157
2,26163,2,2,1, 26165
1,26166,1,1,0, 26167
8,26176,1,1,0, 26177
24,26189,1,1,0, 26190
25,26195,2,2,1, 26197
2,26203,2,2,1, 26205
1,26206,1,1,1, 26207
7,26212,1,1,0, 26213
8,26216,1,1,0, 26217
16,26219,2,2,1, 26221
15,26221,2,2,1, 26223
25,26235,2,2,1, 26237
31,26236,2,2,1, 26238
2,26243,2,2,1, 26245
1,26246,1,1,1, 26247
6,26250,2,2,1, 26252
7,26252,1,1,0, 26253
8,26256,1,1,0, 26257
25,26275,2,2,1, 26277
2,26283,2,2,1, 26285
1,26286,1,1,1, 26287
8,26296,1,1,1, 26297
25,26315,2,2,1, 26317
1,26326,1,1,1, 26327
8,26336,1,1,1, 26337
9,26337,2,2,1, 26339
16,26339,2,2,1, 26341
15,26341,2,2,1, 26343
24,26349,1,1,0, 26350
25,26355,2,2,1, 26357
31,26356,2,2,1, 26358
8,26376,1,1,1, 26377
24,26389,1,1,1, 26390
6,26410,2,2,1, 26412
7,26412,1,1,1, 26413
8,26416,1,1,0, 26417
24,26429,1,1,1, 26430
1,26446,1,1,1, 26447
7,26452,1,1,1, 26453
8,26456,1,1,0, 26457
9,26457,2,2,1, 26459
25,26475,2,2,1, 26477
2,26483,2,2,1, 26485
1,26486,1,1,1, 26487
7,26492,1,1,0, 26493
8,26496,1,1,0, 26497
25,26515,2,2,1, 26517
1,26526,1,1,1, 26527
6,26530,2,2,1, 26532
7,26532,1,1,0, 26533
8,26536,1,1,1, 26537
15,26541,2,2,1, 26543
25,26555,2,2,1, 26557
1,26566,1,1,0, 26567
6,26570,2,2,1, 26572
7,26572,1,1,1, 26573
8,26576,1,1,0, 26577
16,26579,2,2,1, 26581
15,26581,2,2,1, 26583
24,26589,1,1,1, 26590
31,26596,2,2,1, 26598
1,26606,1,1,1, 26607
6,26610,2,2,1, 26612
7,26612,1,1,1, 26613
8,26616,1,1,1, 26617
24,26629,1,1,0, 26630
1,26646,1,1,1, 26647
8,26656,1,1,1, 26657
24,26669,1,1,1, 26670
2,26683,2,2,1, 26685
1,26686,1,1,0, 26687
8,26696,1,1,1, 26697
24,26709,1,1,1, 26710
1,26726,1,1,0, 26727
8,26736,1,1,1, 26737
24,26749,1,1,1, 26750
25,26755,2,2,1, 26757
31,26756,2,2,1, 26758
2,26763,2,2,1, 26765
1,26766,1,1,1, 26767
6,26770,2,2,1, 26772
7,26772,1,1,0, 26773
8,26776,1,1,0, 26777
24,26789,1,1,1, 26790
1,26806,1,1,1, 26807
7,26812,1,1,0, 26813
8,26816,1,1,0, 26817
9,26817,2,2,1, 26819
24,26829,1,1,1, 26830
25,26835,2,2,1, 26837
6,26850,2,2,1, 26852
7,26852,1,1,0, 26853
8,26856,1,1,0, 26857
16,26859,2,2,1, 26861
24,26869,1,1,1, 26870
31,26876,2,2,1, 26878
6,26890,2,2,1, 26892
7,26892,1,1,0, 26893
8,26896,1,1,0, 26897
15,26901,2,2,1, 26903
24,26909,1,1,1, 26910
31,26916,2,2,1, 26918
1,26926,1,1,0, 26927
6,26930,2,2,1, 26932
7,26932,1,1,0, 26933
8,26936,1,1,0, 26937
15,26941,2,2,1, 26943
24,26949,1,1,0, 26950
2,26963,2,2,1, 26965
1,26966,1,1,0, 26967
6,26970,2,2,1, 26972
7,26972,1,1,1, 26973
8,26976,1,1,1, 26977
15,26981,2,2,1, 26983
24,26989,1,1,0, 26990
31,26996,2,2,1, 26998
2,27003,2,2,1, 27005
1,27006,1,1,0, 27007
8,27016,1,1,1, 27017
24,27029,1,1,0, 27030
1,27046,1,1,0, 27047
8,27056,1,1,1, 27057
9,27057,2,2,1, 27059
16,27059,2,2,1, 27061
24,27069,1,1,0, 27070
25,27075,2,2,1, 27077
2,27083,2,2,1, 27085
1,27086,1,1,0, 27087
8,27096,1,1,1, 27097
15,27101,2,2,1, 27103
24,27109,1,1,0, 27110
1,27126,1,1,1, 27127
7,27132,1,1,0, 27133
8,27136,1,1,0, 27137
1,27166,1,1,1, 27167
6,27170,2,2,1, 27172
7,27172,1,1,0, 27173
8,27176,1,1,0, 27177
1,27206,1,1,1, 27207
6,27210,2,2,1, 27212
7,27212,1,1,1, 27213
8,27216,1,1,1, 27217
1,27246,1,1,1, 27247
8,27256,1,1,1, 27257
16,27259,2,2,1, 27261
15,27261,2,2,1, 27263
24,27269,1,1,0, 27270
25,27275,2,2,1, 27277
1,27286,1,1,0, 27287
8,27296,1,1,1, 27297
16,27299,2,2,0, 27301
15,27301,2,2,1, 27303
24,27309,1,1,0, 27310
1,27326,1,1,1, 27327
8,27336,1,1,0, 27337
15,27341,2,2,0, 27343
24,27349,1,1,0, 27350
25,27355,2,2,1, 27357
1,27366,1,1,1, 27367
7,27372,1,1,1, 27373
8,27376,1,1,1, 27377
15,27381,2,2,1, 27383
24,27389,1,1,1, 27390
31,27396,2,2,1, 27398
2,27403,2,2,1, 27405
1,27406,1,1,0, 27407
6,27410,2,2,1, 27412
7,27412,1,1,1, 27413
8,27416,1,1,0, 27417
9,27417,2,2,1, 27419
24,27429,1,1,1, 27430
31,27436,2,2,1, 27438
1,27446,1,1,1, 27447
8,27456,1,1,0, 27457
24,27469,1,1,1, 27470
31,27476,2,2,1, 27478
1,27486,1,1,0, 27487
8,27496,1,1,1, 27497
16,27499,2,2,0, 27501
15,27501,2,2,0, 27503
24,27509,1,1,0, 27510
1,27526,1,1,0, 27527
7,27532,1,1,1, 27533
8,27536,1,1,1, 27537
16,27539,2,2,1, 27541
24,27549,1,1,1, 27550
31,27556,2,2,1, 27558
2,27563,2,2,1, 27565
1,27566,1,1,1, 27567
7,27572,1,1,1, 27573
8,27576,1,1,0, 27577
9,27577,2,2,1, 27579
24,27589,1,1,1, 27590
25,27595,2,2,1, 27597
7,27612,1,1,1, 27613
8,27616,1,1,1, 27617
9,27617,2,2,0, 27619
24,27629,1,1,0, 27630
7,27652,1,1,1, 27653
8,27656,1,1,1, 27657
16,27659,2,2,1, 27661
15,27661,2,2,0, 27663
24,27669,1,1,0, 27670
7,27692,1,1,1, 27693
8,27696,1,1,1, 27697
16,27699,2,2,1, 27701
15,27701,2,2,0, 27703
24,27709,1,1,1, 27710
25,27715,2,2,1, 27717
2,27723,2,2,1, 27725
1,27726,1,1,0, 27727
7,27732,1,1,1, 27733
8,27736,1,1,1, 27737
9,27737,2,2,0, 27739
24,27749,1,1,0, 27750
25,27755,2,2,1, 27757
1,27766,1,1,0, 27767
6,27770,2,2,1, 27772
7,27772,1,1,0, 27773
8,27776,1,1,0, 27777
9,27777,2,2,1, 27779
15,27781,2,2,0, 27783
7,27812,1,1,1, 27813
8,27816,1,1,0, 27817
16,27819,2,2,1, 27821
15,27821,2,2,0, 27823
31,27836,2,2,1, 27838
1,27846,1,1,0, 27847
6,27850,2,2,1, 27852
7,27852,1,1,1, 27853
8,27856,1,1,1, 27857
16,27859,2,2,1, 27861
1,27886,1,1,1, 27887
6,27890,2,2,1, 27892
7,27892,1,1,1, 27893
8,27896,1,1,1, 27897
16,27899,2,2,1, 27901
24,27909,1,1,0, 27910
1,27926,1,1,1, 27927
6,27930,2,2,1, 27932
7,27932,1,1,1, 27933
8,27936,1,1,1, 27937
24,27949,1,1,1, 27950
25,27955,2,2,1, 27957
31,27956,2,2,1, 27958
2,27963,2,2,1, 27965
1,27966,1,1,0, 27967
8,27976,1,1,0, 27977
15,27981,2,2,1, 27983
24,27989,1,1,1, 27990
31,27996,2,2,1, 27998
2,28003,2,2,1, 28005
1,28006,1,1,1, 28007
8,28016,1,1,0, 28017
16,28019,2,2,0, 28021
15,28021,2,2,1, 28023
24,28029,1,1,0, 28030
31,28036,2,2,1, 28038
1,28046,1,1,0, 28047
8,28056,1,1,1, 28057
16,28059,2,2,0, 28061
15,28061,2,2,0, 28063
24,28069,1,1,1, 28070
25,28075,2,2,1, 28077
31,28076,2,2,1, 28078
2,28083,2,2,1, 28085
1,28086,1,1,0, 28087
6,28090,2,2,1, 28092
7,28092,1,1,1, 28093
8,28096,1,1,1, 28097
16,28099,2,2,1, 28101
24,28109,1,1,0, 28110
1,28126,1,1,0, 28127
7,28132,1,1,0, 28133
8,28136,1,1,1, 28137
9,28137,2,2,1, 28139
16,28139,2,2,0, 28141
15,28141,2,2,0, 28143
24,28149,1,1,1, 28150
25,28155,2,2,1, 28157
1,28166,1,1,1, 28167
6,28170,2,2,1, 28172
7,28172,1,1,0, 28173
8,28176,1,1,1, 28177
15,28181,2,2,1, 28183
24,28189,1,1,1, 28190
1,28206,1,1,0, 28207
7,28212,1,1,0, 28213
8,28216,1,1,1, 28217
15,28221,2,2,0, 28223
24,28229,1,1,1, 28230
1,28246,1,1,1, 28247
6,28250,2,2,1, 28252
7,28252,1,1,1, 28253
8,28256,1,1,1, 28257
16,28259,2,2,1, 28261
24,28269,1,1,0, 28270
31,28276,2,2,1, 28278
2,28283,2,2,1, 28285
1,28286,1,1,0, 28287
6,28290,2,2,1, 28292
7,28292,1,1,0, 28293
8,28296,1,1,1, 28297
16,28299,2,2,1, 28301
24,28309,1,1,1, 28310
25,28315,2,2,1, 28317
1,28326,1,1,1, 28327
7,28332,1,1,0, 28333
8,28336,1,1,1, 28337
16,28339,2,2,0, 28341
1,28366,1,1,0, 28367
6,28370,2,2,1, 28372
7,28372,1,1,0, 28373
8,28376,1,1,0, 28377
16,28379,2,2,0, 28381
15,28381,2,2,0, 28383
1,28406,1,1,1, 28407
8,28416,1,1,0, 28417
15,28421,2,2,1, 28423
24,28429,1,1,1, 28430
25,28435,2,2,1, 28437
1,28446,1,1,0, 28447
8,28456,1,1,0, 28457
16,28459,2,2,1, 28461
15,28461,2,2,1, 28463
24,28469,1,1,1, 28470
25,28475,2,2,1, 28477
1,28486,1,1,0, 28487
7,28492,1,1,1, 28493
8,28496,1,1,1, 28497
9,28497,2,2,1, 28499
16,28499,2,2,0, 28501
24,28509,1,1,0, 28510
25,28515,2,2,1, 28517
2,28523,2,2,1, 28525
1,28526,1,1,0, 28527
7,28532,1,1,1, 28533
8,28536,1,1,0, 28537
16,28539,2,2,1, 28541
24,28549,1,1,0, 28550
2,28563,2,2,1, 28565
1,28566,1,1,0, 28567
7,28572,1,1,0, 28573
8,28576,1,1,1, 28577
16,28579,2,2,0, 28581
24,28589,1,1,1, 28590
1,28606,1,1,1, 28607
7,28612,1,1,0, 28613
8,28616,1,1,0, 28617
9,28617,2,2,1, 28619
16,28619,2,2,1, 28621
24,28629,1,1,1, 28630
7,28652,1,1,1, 28653
8,28656,1,1,1, 28657
24,28669,1,1,0, 28670
7,28692,1,1,0, 28693
8,28696,1,1,0, 28697
24,28709,1,1,1, 28710
1,28726,1,1,0, 28727
6,28730,2,2,1, 28732
7,28732,1,1,1, 28733
8,28736,1,1,0, 28737
24,28749,1,1,1, 28750
1,28766,1,1,0, 28767
6,28770,2,2,1, 28772
7,28772,1,1,0, 28773
8,28776,1,1,1, 28777
16,28779,2,2,1, 28781
15,28781,2,2,1, 28783
24,28789,1,1,0, 28790
2,28803,2,2,1, 28805
1,28806,1,1,1, 28807
7,28812,1,1,0, 28813
8,28816,1,1,1, 28817
24,28829,1,1,0, 28830
1,28846,1,1,0, 28847
6,28850,2,2,1, 28852
7,28852,1,1,0, 28853
8,28856,1,1,0, 28857
9,28857,2,2,1, 28859
24,28869,1,1,1, 28870
31,28876,2,2,1, 28878
1,28886,1,1,1, 28887
8,28896,1,1,0, 28897
15,28901,2,2,1, 28903
24,28909,1,1,0, 28910
2,28923,2,2,1, 28925
1,28926,1,1,0, 28927
8,28936,1,1,1, 28937
16,28939,2,2,1, 28941
24,28949,1,1,1, 28950
2,28963,2,2,1, 28965
1,28966,1,1,1, 28967
7,28972,1,1,1, 28973
8,28976,1,1,1, 28977
16,28979,2,2,1, 28981
24,28989,1,1,1, 28990
2,29003,2,2,1, 29005
1,29006,1,1,0, 29007
7,29012,1,1,0, 29013
8,29016,1,1,0, 29017
24,29029,1,1,1, 29030
2,29043,2,2,1, 29045
1,29046,1,1,1, 29047
7,29052,1,1,0, 29053
8,29056,1,1,0, 29057
24,29069,1,1,0, 29070
2,29083,2,2,1, 29085
1,29086,1,1,1, 29087
6,29090,2,2,1, 29092
7,29092,1,1,0, 29093
8,29096,1,1,1, 29097
9,29097,2,2,1, 29099
24,29109,1,1,1, 29110
25,29115,2,2,1, 29117
31,29116,2,2,1, 29118
6,29130,2,2,1, 29132
7,29132,1,1,0, 29133
8,29136,1,1,0, 29137
15,29141,2,2,1, 29143
24,29149,1,1,0, 29150
25,29155,2,2,1, 29157
7,29172,1,1,0, 29173
8,29176,1,1,0, 29177
24,29189,1,1,1, 29190
1,29206,1,1,0, 29207
7,29212,1,1,1, 29213
8,29216,1,1,0, 29217
9,29217,2,2,1, 29219
16,29219,2,2,1, 29221
15,29221,2,2,1, 29223
24,29229,1,1,1, 29230
1,29246,1,1,1, 29247
6,29250,2,2,1, 29252
7,29252,1,1,0, 29253
8,29256,1,1,1, 29257
16,29259,2,2,1, 29261
24,29269,1,1,1, 29270
1,29286,1,1,0, 29287
6,29290,2,2,1, 29292
7,29292,1,1,0, 29293
8,29296,1,1,1, 29297
24,29309,1,1,1, 29310
1,29326,1,1,0, 29327
7,29332,1,1,1, 29333
8,29336,1,1,0, 29337
9,29337,2,2,1, 29339
24,29349,1,1,1, 29350
1,29366,1,1,1, 29367
7,29372,1,1,0, 29373
8,29376,1,1,0, 29377
24,29389,1,1,1, 29390
31,29396,2,2,1, 29398
1,29406,1,1,1, 29407
8,29416,1,1,1, 29417
15,29421,2,2,1, 29423
24,29429,1,1,0, 29430
25,29435,2,2,1, 29437
1,29446,1,1,1, 29447
8,29456,1,1,0, 29457
9,29457,2,2,1, 29459
16,29459,2,2,1, 29461
15,29461,2,2,1, 29463
24,29469,1,1,0, 29470
2,29483,2,2,1, 29485
1,29486,1,1,1, 29487
8,29496,1,1,1, 29497
24,29509,1,1,0, 29510
31,29516,2,2,1, 29518
2,29523,2,2,1, 29525
1,29526,1,1,0, 29527
6,29530,2,2,1, 29532
7,29532,1,1,0, 29533
8,29536,1,1,0, 29537
24,29549,1,1,0, 29550
31,29556,2,2,1, 29558
2,29563,2,2,1, 29565
1,29566,1,1,1, 29567
6,29570,2,2,1, 29572
7,29572,1,1,0, 29573
8,29576,1,1,1, 29577
9,29577,2,2,1, 29579
16,29579,2,2,1, 29581
24,29589,1,1,0, 29590
2,29603,2,2,1, 29605
1,29606,1,1,0, 29607
7,29612,1,1,1, 29613
8,29616,1,1,0, 29617
16,29619,2,2,1, 29621
24,29629,1,1,0, 29630
1,29646,1,1,1, 29647
6,29650,2,2,1, 29652
7,29652,1,1,1, 29653
8,29656,1,1,0, 29657
15,29661,2,2,1, 29663
24,29669,1,1,1, 29670
1,29686,1,1,0, 29687
6,29690,2,2,1, 29692
7,29692,1,1,1, 29693
8,29696,1,1,1, 29697
9,29697,2,2,1, 29699
24,29709,1,1,1, 29710
8,29736,1,1,0, 29737
24,29749,1,1,1, 29750
8,29776,1,1,1, 29777
24,29789,1,1,1, 29790
1,29806,1,1,0, 29807
7,29812,1,1,1, 29813
8,29816,1,1,1, 29817
9,29817,2,2,1, 29819
16,29819,2,2,1, 29821
24,29829,1,1,0, 29830
25,29835,2,2,1, 29837
1,29846,1,1,1, 29847
6,29850,2,2,1, 29852
7,29852,1,1,1, 29853
8,29856,1,1,0, 29857
24,29869,1,1,0, 29870
1,29886,1,1,1, 29887
8,29896,1,1,1, 29897
24,29909,1,1,1, 29910
1,29926,1,1,0, 29927
8,29936,1,1,0, 29937
15,29941,2,2,1, 29943
24,29949,1,1,1, 29950
31,29956,2,2,1, 29958
2,29963,2,2,1, 29965
1,29966,1,1,1, 29967
8,29976,1,1,1, 29977
24,29989,1,1,0, 29990
2,30003,2,2,1, 30005
1,30006,1,1,1, 30007
7,30012,1,1,1, 30013
8,30016,1,1,1, 30017
24,30029,1,1,1, 30030
2,30043,2,2,1, 30045
1,30046,1,1,1, 30047
6,30050,2,2,1, 30052
7,30052,1,1,0, 30053
8,30056,1,1,1, 30057
9,30057,2,2,1, 30059
24,30069,1,1,1, 30070
1,30086,1,1,0, 30087
6,30090,2,2,1, 30092
7,30092,1,1,0, 30093
8,30096,1,1,1, 30097
24,30109,1,1,1, 30110
25,30115,2,2,1, 30117
2,30123,2,2,1, 30125
1,30126,1,1,1, 30127
7,30132,1,1,0, 30133
8,30136,1,1,1, 30137
24,30149,1,1,0, 30150
1,30166,1,1,0, 30167
7,30172,1,1,1, 30173
8,30176,1,1,0, 30177
16,30179,2,2,1, 30181
24,30189,1,1,0, 30190
2,30203,2,2,1, 30205
1,30206,1,1,1, 30207
7,30212,1,1,0, 30213
8,30216,1,1,1, 30217
24,30229,1,1,1, 30230
2,30243,2,2,1, 30245
1,30246,1,1,1, 30247
7,30252,1,1,1, 30253
8,30256,1,1,1, 30257
24,30269,1,1,0, 30270
1,30286,1,1,1, 30287
6,30290,2,2,1, 30292
7,30292,1,1,0, 30293
8,30296,1,1,0, 30297
9,30297,2,2,1, 30299
16,30299,2,2,1, 30301
24,30309,1,1,1, 30310
25,30315,2,2,1, 30317
6,30330,2,2,1, 30332
7,30332,1,1,0, 30333
8,30336,1,1,1, 30337
15,30341,2,2,1, 30343
24,30349,1,1,1, 30350
25,30355,2,2,1, 30357
8,30376,1,1,0, 30377
24,30389,1,1,1, 30390
25,30395,2,2,1, 30397
31,30396,2,2,1, 30398
1,30406,1,1,0, 30407
8,30416,1,1,0, 30417
16,30419,2,2,1, 30421
1,30446,1,1,1, 30447
8,30456,1,1,0, 30457
9,30457,2,2,1, 30459
16,30459,2,2,1, 30461
25,30475,2,2,1, 30477
2,30483,2,2,1, 30485
1,30486,1,1,1, 30487
7,30492,1,1,1, 30493
8,30496,1,1,0, 30497
25,30515,2,2,1, 30517
1,30526,1,1,0, 30527
7,30532,1,1,0, 30533
8,30536,1,1,0, 30537
16,30539,2,2,1, 30541
24,30549,1,1,1, 30550
2,30563,2,2,1, 30565
1,30566,1,1,0, 30567
6,30570,2,2,1, 30572
7,30572,1,1,0, 30573
8,30576,1,1,0, 30577
16,30579,2,2,1, 30581
24,30589,1,1,1, 30590
2,30603,2,2,1, 30605
1,30606,1,1,1, 30607
6,30610,2,2,1, 30612
7,30612,1,1,0, 30613
8,30616,1,1,0, 30617
24,30629,1,1,1, 30630
1,30646,1,1,1, 30647
6,30650,2,2,1, 30652
7,30652,1,1,0, 30653
8,30656,1,1,0, 30657
24,30669,1,1,0, 30670
1,30686,1,1,1, 30687
6,30690,2,2,1, 30692
7,30692,1,1,0, 30693
8,30696,1,1,1, 30697
15,30701,2,2,1, 30703
24,30709,1,1,0, 30710
25,30715,2,2,1, 30717
2,30723,2,2,1, 30725
1,30726,1,1,0, 30727
6,30730,2,2,1, 30732
7,30732,1,1,1, 30733
8,30736,1,1,0, 30737
16,30739,2,2,1, 30741
15,30741,2,2,1, 30743
24,30749,1,1,1, 30750
25,30755,2,2,1, 30757
1,30766,1,1,0, 30767
6,30770,2,2,1, 30772
7,30772,1,1,0, 30773
8,30776,1,1,1, 30777
16,30779,2,2,1, 30781
24,30789,1,1,1, 30790
25,30795,2,2,1, 30797
7,30812,1,1,1, 30813
8,30816,1,1,0, 30817
24,30829,1,1,0, 30830
6,30850,2,2,1, 30852
7,30852,1,1,1, 30853
8,30856,1,1,1, 30857
16,30859,2,2,1, 30861
15,30861,2,2,1, 30863
24,30869,1,1,1, 30870
31,30876,2,2,1, 30878
1,30886,1,1,1, 30887
6,30890,2,2,1, 30892
7,30892,1,1,1, 30893
8,30896,1,1,0, 30897
9,30897,2,2,1, 30899
24,30909,1,1,1, 30910
2,30923,2,2,1, 30925
1,30926,1,1,0, 30927
8,30936,1,1,0, 30937
24,30949,1,1,1, 30950
1,30966,1,1,1, 30967
8,30976,1,1,1, 30977
24,30989,1,1,0, 30990
1,31006,1,1,1, 31007
8,31016,1,1,1, 31017
9,31017,2,2,1, 31019
16,31019,2,2,1, 31021
24,31029,1,1,0, 31030
25,31035,2,2,1, 31037
1,31046,1,1,0, 31047
7,31052,1,1,1, 31053
8,31056,1,1,1, 31057
24,31069,1,1,1, 31070
25,31075,2,2,1, 31077
1,31086,1,1,0, 31087
6,31090,2,2,1, 31092
7,31092,1,1,1, 31093
8,31096,1,1,1, 31097
24,31109,1,1,1, 31110
1,31126,1,1,0, 31127
7,31132,1,1,1, 31133
8,31136,1,1,1, 31137
9,31137,2,2,1, 31139
24,31149,1,1,0, 31150
1,31166,1,1,0, 31167
7,31172,1,1,1, 31173
8,31176,1,1,0, 31177
24,31189,1,1,1, 31190
25,31195,2,2,1, 31197
31,31196,2,2,1, 31198
1,31206,1,1,0, 31207
8,31216,1,1,0, 31217
24,31229,1,1,0, 31230
31,31236,2,2,1, 31238
1,31246,1,1,0, 31247
8,31256,1,1,0, 31257
24,31269,1,1,0, 31270
2,31283,2,2,1, 31285
1,31286,1,1,1, 31287
8,31296,1,1,1, 31297
24,31309,1,1,1, 31310
25,31315,2,2,1, 31317
1,31326,1,1,1, 31327
6,31330,2,2,1, 31332
7,31332,1,1,0, 31333
8,31336,1,1,0, 31337
16,31339,2,2,0, 31341
15,31341,2,2,0, 31343
24,31349,1,1,1, 31350
2,31363,2,2,1, 31365
1,31366,1,1,1, 31367
7,31372,1,1,0, 31373
8,31376,1,1,0, 31377
16,31379,2,2,1, 31381
24,31389,1,1,0, 31390
25,31395,2,2,1, 31397
1,31406,1,1,0, 31407
6,31410,2,2,1, 31412
7,31412,1,1,0, 31413
8,31416,1,1,0, 31417
24,31429,1,1,0, 31430
31,31436,2,2,1, 31438
2,31443,2,2,1, 31445
1,31446,1,1,1, 31447
6,31450,2,2,1, 31452
7,31452,1,1,1, 31453
8,31456,1,1,1, 31457
16,31459,2,2,0, 31461
15,31461,2,2,1, 31463
24,31469,1,1,1, 31470
31,31476,2,2,1, 31478
2,31483,2,2,1, 31485
1,31486,1,1,0, 31487
6,31490,2,2,1, 31492
7,31492,1,1,0, 31493
8,31496,1,1,0, 31497
9,31497,2,2,1, 31499
16,31499,2,2,0, 31501
15,31501,2,2,1, 31503
24,31509,1,1,0, 31510
1,31526,1,1,1, 31527
8,31536,1,1,1, 31537
15,31541,2,2,0, 31543
24,31549,1,1,0, 31550
25,31555,2,2,1, 31557
2,31563,2,2,1, 31565
1,31566,1,1,0, 31567
8,31576,1,1,1, 31577
15,31581,2,2,0, 31583
24,31589,1,1,0, 31590
25,31595,2,2,1, 31597
2,31603,2,2,1, 31605
1,31606,1,1,1, 31607
7,31612,1,1,0, 31613
8,31616,1,1,1, 31617
9,31617,2,2,1, 31619
16,31619,2,2,1, 31621
24,31629,1,1,0, 31630
25,31635,2,2,1, 31637
7,31652,1,1,1, 31653
8,31656,1,1,0, 31657
24,31669,1,1,1, 31670
25,31675,2,2,1, 31677
6,31690,2,2,1, 31692
7,31692,1,1,0, 31693
8,31696,1,1,1, 31697
24,31709,1,1,1, 31710
25,31715,2,2,1, 31717
1,31726,1,1,1, 31727
6,31730,2,2,1, 31732
7,31732,1,1,0, 31733
8,31736,1,1,0, 31737
16,31739,2,2,0, 31741
15,31741,2,2,1, 31743
31,31756,2,2,1, 31758
1,31766,1,1,0, 31767
7,31772,1,1,1, 31773
8,31776,1,1,1, 31777
16,31779,2,2,0, 31781
15,31781,2,2,0, 31783
1,31806,1,1,1, 31807
8,31816,1,1,1, 31817
16,31819,2,2,0, 31821
15,31821,2,2,0, 31823
1,31846,1,1,0, 31847
8,31856,1,1,0, 31857
9,31857,2,2,1, 31859
16,31859,2,2,1, 31861
15,31861,2,2,1, 31863
24,31869,1,1,1, 31870
25,31875,2,2,1, 31877
1,31886,1,1,0, 31887
8,31896,1,1,1, 31897
15,31901,2,2,0, 31903
24,31909,1,1,1, 31910
1,31926,1,1,1, 31927
7,31932,1,1,1, 31933
8,31936,1,1,1, 31937
24,31949,1,1,0, 31950
1,31966,1,1,0, 31967
7,31972,1,1,1, 31973
8,31976,1,1,1, 31977
9,31977,2,2,1, 31979
16,31979,2,2,0, 31981
24,31989,1,1,0, 31990
25,31995,2,2,1, 31997
2,32003,2,2,1, 32005
1,32006,1,1,0, 32007
6,32010,2,2,1, 32012
7,32012,1,1,1, 32013
8,32016,1,1,1, 32017
16,32019,2,2,1, 32021
24,32029,1,1,0, 32030
1,32046,1,1,0, 32047
7,32052,1,1,1, 32053
8,32056,1,1,0, 32057
15,32061,2,2,1, 32063
24,32069,1,1,0, 32070
2,32083,2,2,1, 32085
1,32086,1,1,0, 32087
6,32090,2,2,1, 32092
7,32092,1,1,1, 32093
8,32096,1,1,0, 32097
24,32109,1,1,0, 32110
31,32116,2,2,1, 32118
1,32126,1,1,0, 32127
6,32130,2,2,1, 32132
7,32132,1,1,0, 32133
8,32136,1,1,1, 32137
24,32149,1,1,0, 32150
1,32166,1,1,0, 32167
6,32170,2,2,1, 32172
7,32172,1,1,0, 32173
8,32176,1,1,1, 32177
24,32189,1,1,0, 32190
25,32195,2,2,1, 32197
31,32196,2,2,1, 32198
1,32206,1,1,1, 32207
6,32210,2,2,1, 32212
7,32212,1,1,0, 32213
8,32216,1,1,0, 32217
16,32219,2,2,1, 32221
15,32221,2,2,0, 32223
2,32243,2,2,1, 32245
1,32246,1,1,0, 32247
8,32256,1,1,0, 32257
15,32261,2,2,1, 32263
1,32286,1,1,1, 32287
8,32296,1,1,0, 32297
15,32301,2,2,1, 32303
25,32315,2,2,1, 32317
1,32326,1,1,0, 32327
6,32330,2,2,1, 32332
7,32332,1,1,1, 32333
8,32336,1,1,0, 32337
16,32339,2,2,0, 32341
24,32349,1,1,1, 32350
31,32356,2,2,1, 32358
1,32366,1,1,1, 32367
8,32376,1,1,1, 32377
16,32379,2,2,1, 32381
24,32389,1,1,1, 32390
31,32396,2,2,1, 32398
2,32403,2,2,1, 32405
1,32406,1,1,0, 32407
8,32416,1,1,1, 32417
16,32419,2,2,1, 32421
24,32429,1,1,0, 32430
1,32446,1,1,1, 32447
7,32452,1,1,1, 32453
8,32456,1,1,0, 32457
9,32457,2,2,1, 32459
16,32459,2,2,1, 32461
15,32461,2,2,1, 32463
24,32469,1,1,1, 32470
1,32486,1,1,1, 32487
6,32490,2,2,1, 32492
7,32492,1,1,0, 32493
8,32496,1,1,0, 32497
15,32501,2,2,0, 32503
24,32509,1,1,0, 32510
25,32515,2,2,1, 32517
1,32526,1,1,0, 32527
6,32530,2,2,1, 32532
7,32532,1,1,0, 32533
8,32536,1,1,1, 32537
24,32549,1,1,0, 32550
1,32566,1,1,0, 32567
6,32570,2,2,1, 32572
7,32572,1,1,0, 32573
8,32576,1,1,1, 32577
16,32579,2,2,0, 32581
24,32589,1,1,0, 32590
31,32596,2,2,1, 32598
7,32612,1,1,1, 32613
8,32616,1,1,1, 32617
24,32629,1,1,0, 32630
8,32656,1,1,0, 32657
15,32661,2,2,1, 32663
24,32669,1,1,0, 32670
1,32686,1,1,0, 32687
8,32696,1,1,1, 32697
16,32699,2,2,1, 32701
24,32709,1,1,0, 32710
25,32715,2,2,1, 32717
31,32716,2,2,1, 32718
2,32723,2,2,1, 32725
1,32726,1,1,1, 32727
8,32736,1,1,1, 32737
24,32749,1,1,1, 32750
1,32766,1,1,0, 32767
7,32772,1,1,0, 32773
8,32776,1,1,0, 32777
24,32789,1,1,0, 32790
25,32795,2,2,1, 32797
1,32806,1,1,1, 32807
7,32812,1,1,1, 32813
8,32816,1,1,1, 32817
16,32819,2,2,0, 32821
15,32821,2,2,0, 32823
24,32829,1,1,0, 32830
7,32852,1,1,1, 32853
8,32856,1,1,0, 32857
15,32861,2,2,1, 32863
24,32869,1,1,0, 32870
6,32890,2,2,1, 32892
7,32892,1,1,0, 32893
8,32896,1,1,1, 32897
15,32901,2,2,1, 32903
24,32909,1,1,1, 32910
1,32926,1,1,0, 32927
7,32932,1,1,0, 32933
8,32936,1,1,0, 32937
9,32937,2,2,1, 32939
16,32939,2,2,1, 32941
24,32949,1,1,0, 32950
25,32955,2,2,1, 32957
2,32963,2,2,1, 32965
1,32966,1,1,1, 32967
7,32972,1,1,0, 32973
8,32976,1,1,1, 32977
16,32979,2,2,1, 32981
24,32989,1,1,1, 32990
25,32995,2,2,1, 32997
31,32996,2,2,1, 32998
2,33003,2,2,1, 33005
1,33006,1,1,0, 33007
6,33010,2,2,1, 33012
7,33012,1,1,1, 33013
8,33016,1,1,1, 33017
2,33043,2,2,1, 33045
1,33046,1,1,1, 33047
6,33050,2,2,1, 33052
7,33052,1,1,1, 33053
8,33056,1,1,1, 33057
15,33061,2,2,0, 33063
7,33092,1,1,1, 33093
8,33096,1,1,0, 33097
9,33097,2,2,1, 33099
15,33101,2,2,0, 33103
24,33109,1,1,1, 33110
6,33130,2,2,1, 33132
7,33132,1,1,1, 33133
8,33136,1,1,0, 33137
16,33139,2,2,1, 33141
24,33149,1,1,1, 33150
25,33155,2,2,1, 33157
1,33166,1,1,0, 33167
6,33170,2,2,1, 33172
7,33172,1,1,1, 33173
8,33176,1,1,1, 33177
16,33179,2,2,1, 33181
1,33206,1,1,0, 33207
7,33212,1,1,0, 33213
8,33216,1,1,0, 33217
9,33217,2,2,0, 33219
16,33219,2,2,0, 33221
2,33243,2,2,1, 33245
1,33246,1,1,1, 33247
8,33256,1,1,1, 33257
16,33259,2,2,1, 33261
15,33261,2,2,0, 33263
1,33286,1,1,0, 33287
8,33296,1,1,1, 33297
16,33299,2,2,1, 33301
15,33301,2,2,0, 33303
24,33309,1,1,1, 33310
1,33326,1,1,0, 33327
8,33336,1,1,1, 33337
16,33339,2,2,1, 33341
15,33341,2,2,0, 33343
24,33349,1,1,1, 33350
2,33363,2,2,1, 33365
1,33366,1,1,0, 33367
6,33370,2,2,1, 33372
7,33372,1,1,0, 33373
8,33376,1,1,1, 33377
24,33389,1,1,1, 33390
2,33403,2,2,1, 33405
1,33406,1,1,0, 33407
7,33412,1,1,1, 33413
8,33416,1,1,0, 33417
24,33429,1,1,1, 33430
2,33443,2,2,1, 33445
1,33446,1,1,1, 33447
7,33452,1,1,1, 33453
8,33456,1,1,0, 33457
24,33469,1,1,0, 33470
2,33483,2,2,1, 33485
1,33486,1,1,1, 33487
8,33496,1,1,0, 33497
15,33501,2,2,1, 33503
24,33509,1,1,0, 33510
1,33526,1,1,0, 33527
8,33536,1,1,1, 33537
15,33541,2,2,1, 33543
24,33549,1,1,0, 33550
1,33566,1,1,1, 33567
8,33576,1,1,1, 33577
24,33589,1,1,1, 33590
2,33603,2,2,1, 33605
1,33606,1,1,0, 33607
6,33610,2,2,1, 33612
7,33612,1,1,1, 33613
8,33616,1,1,0, 33617
9,33617,2,2,1, 33619
24,33629,1,1,0, 33630
2,33643,2,2,1, 33645
1,33646,1,1,1, 33647
7,33652,1,1,1, 33653
8,33656,1,1,1, 33657
24,33669,1,1,1, 33670
1,33686,1,1,0, 33687
6,33690,2,2,1, 33692
7,33692,1,1,1, 33693
8,33696,1,1,0, 33697
24,33709,1,1,1, 33710
1,33726,1,1,0, 33727
8,33736,1,1,1, 33737
16,33739,2,2,1, 33741
15,33741,2,2,1, 33743
24,33749,1,1,1, 33750
31,33756,2,2,1, 33758
1,33766,1,1,0, 33767
8,33776,1,1,0, 33777
9,33777,2,2,1, 33779
16,33779,2,2,1, 33781
24,33789,1,1,1, 33790
25,33795,2,2,1, 33797
2,33803,2,2,1, 33805
1,33806,1,1,0, 33807
8,33816,1,1,0, 33817
16,33819,2,2,1, 33821
15,33821,2,2,1, 33823
24,33829,1,1,1, 33830
2,33843,2,2,1, 33845
1,33846,1,1,0, 33847
7,33852,1,1,1, 33853
8,33856,1,1,0, 33857
24,33869,1,1,0, 33870
25,33875,2,2,1, 33877
1,33886,1,1,0, 33887
6,33890,2,2,1, 33892
7,33892,1,1,1, 33893
8,33896,1,1,1, 33897
9,33897,2,2,1, 33899
24,33909,1,1,1, 33910
25,33915,2,2,1, 33917
6,33930,2,2,1, 33932
7,33932,1,1,1, 33933
8,33936,1,1,1, 33937
9,33937,2,2,1, 33939
24,33949,1,1,1, 33950
6,33970,2,2,1, 33972
7,33972,1,1,1, 33973
8,33976,1,1,1, 33977
24,33989,1,1,1, 33990
1,34006,1,1,1, 34007
7,34012,1,1,1, 34013
8,34016,1,1,1, 34017
24,34029,1,1,0, 34030
1,34046,1,1,1, 34047
8,34056,1,1,0, 34057
24,34069,1,1,0, 34070
2,34083,2,2,1, 34085
1,34086,1,1,0, 34087
7,34092,1,1,1, 34093
8,34096,1,1,1, 34097
9,34097,2,2,1, 34099
15,34101,2,2,1, 34103
24,34109,1,1,0, 34110
1,34126,1,1,0, 34127
7,34132,1,1,1, 34133
8,34136,1,1,1, 34137
16,34139,2,2,1, 34141
24,34149,1,1,1, 34150
25,34155,2,2,1, 34157
2,34163,2,2,1, 34165
1,34166,1,1,1, 34167
6,34170,2,2,1, 34172
7,34172,1,1,0, 34173
8,34176,1,1,0, 34177
24,34189,1,1,1, 34190
2,34203,2,2,1, 34205
1,34206,1,1,1, 34207
7,34212,1,1,1, 34213
8,34216,1,1,1, 34217
24,34229,1,1,1, 34230
25,34235,2,2,1, 34237
1,34246,1,1,1, 34247
6,34250,2,2,1, 34252
7,34252,1,1,1, 34253
8,34256,1,1,1, 34257
9,34257,2,2,1, 34259
16,34259,2,2,1, 34261
24,34269,1,1,0, 34270
2,34283,2,2,1, 34285
1,34286,1,1,0, 34287
8,34296,1,1,0, 34297
15,34301,2,2,1, 34303
24,34309,1,1,1, 34310
1,34326,1,1,1, 34327
8,34336,1,1,1, 34337
15,34341,2,2,1, 34343
24,34349,1,1,1, 34350
1,34366,1,1,0, 34367
6,34370,2,2,1, 34372
7,34372,1,1,1, 34373
8,34376,1,1,1, 34377
9,34377,2,2,1, 34379
24,34389,1,1,1, 34390
1,34406,1,1,1, 34407
7,34412,1,1,0, 34413
8,34416,1,1,1, 34417
24,34429,1,1,0, 34430
1,34446,1,1,1, 34447
6,34450,2,2,1, 34452
7,34452,1,1,1, 34453
8,34456,1,1,1, 34457
24,34469,1,1,0, 34470
1,34486,1,1,0, 34487
6,34490,2,2,1, 34492
7,34492,1,1,0, 34493
8,34496,1,1,1, 34497
9,34497,2,2,1, 34499
16,34499,2,2,1, 34501
15,34501,2,2,1, 34503
24,34509,1,1,0, 34510
1,34526,1,1,1, 34527
8,34536,1,1,1, 34537
15,34541,2,2,1, 34543
24,34549,1,1,0, 34550
1,34566,1,1,0, 34567
8,34576,1,1,1, 34577
15,34581,2,2,1, 34583
24,34589,1,1,0, 34590
31,34596,2,2,1, 34598
1,34606,1,1,0, 34607
6,34610,2,2,1, 34612
7,34612,1,1,1, 34613
8,34616,1,1,0, 34617
9,34617,2,2,1, 34619
16,34619,2,2,1, 34621
24,34629,1,1,1, 34630
25,34635,2,2,1, 34637
2,34643,2,2,1, 34645
1,34646,1,1,1, 34647
6,34650,2,2,1, 34652
7,34652,1,1,1, 34653
8,34656,1,1,0, 34657
24,34669,1,1,1, 34670
1,34686,1,1,0, 34687
7,34692,1,1,0, 34693
8,34696,1,1,1, 34697
24,34709,1,1,1, 34710
1,34726,1,1,0, 34727
7,34732,1,1,0, 34733
8,34736,1,1,1, 34737
16,34739,2,2,1, 34741
24,34749,1,1,1, 34750
31,34756,2,2,1, 34758
1,34766,1,1,0, 34767
8,34776,1,1,1, 34777
15,34781,2,2,1, 34783
24,34789,1,1,0, 34790
31,34796,2,2,1, 34798
1,34806,1,1,1, 34807
8,34816,1,1,1, 34817
16,34819,2,2,1, 34821
15,34821,2,2,1, 34823
24,34829,1,1,0, 34830
31,34836,2,2,1, 34838
2,34843,2,2,1, 34845
1,34846,1,1,0, 34847
7,34852,1,1,0, 34853
8,34856,1,1,1, 34857
16,34859,2,2,1, 34861
24,34869,1,1,0, 34870
2,34883,2,2,1, 34885
1,34886,1,1,1, 34887
6,34890,2,2,1, 34892
7,34892,1,1,0, 34893
8,34896,1,1,1, 34897
24,34909,1,1,1, 34910
2,34923,2,2,1, 34925
1,34926,1,1,1, 34927
7,34932,1,1,1, 34933
8,34936,1,1,1, 34937
24,34949,1,1,0, 34950
25,34955,2,2,1, 34957
2,34963,2,2,1, 34965
1,34966,1,1,1, 34967
7,34972,1,1,1, 34973
8,34976,1,1,0, 34977
9,34977,2,2,1, 34979
24,34989,1,1,0, 34990
25,34995,2,2,1, 34997
8,35016,1,1,0, 35017
24,35029,1,1,1, 35030
25,35035,2,2,1, 35037
31,35036,2,2,1, 35038
8,35056,1,1,1, 35057
24,35069,1,1,0, 35070
1,35086,1,1,0, 35087
6,35090,2,2,1, 35092
7,35092,1,1,0, 35093
8,35096,1,1,0, 35097
25,35115,2,2,1, 35117
1,35126,1,1,0, 35127
6,35130,2,2,1, 35132
7,35132,1,1,1, 35133
8,35136,1,1,0, 35137
16,35139,2,2,1, 35141
1,35166,1,1,1, 35167
6,35170,2,2,1, 35172
7,35172,1,1,1, 35173
8,35176,1,1,1, 35177
25,35195,2,2,1, 35197
1,35206,1,1,1, 35207
6,35210,2,2,1, 35212
7,35212,1,1,0, 35213
8,35216,1,1,0, 35217
15,35221,2,2,1, 35223
24,35229,1,1,1, 35230
1,35246,1,1,0, 35247
6,35250,2,2,1, 35252
7,35252,1,1,1, 35253
8,35256,1,1,1, 35257
15,35261,2,2,1, 35263
24,35269,1,1,0, 35270
1,35286,1,1,0, 35287
7,35292,1,1,1, 35293
8,35296,1,1,1, 35297
24,35309,1,1,0, 35310
1,35326,1,1,1, 35327
6,35330,2,2,1, 35332
7,35332,1,1,0, 35333
8,35336,1,1,1, 35337
24,35349,1,1,1, 35350
31,35356,2,2,1, 35358
1,35366,1,1,0, 35367
6,35370,2,2,1, 35372
7,35372,1,1,0, 35373
8,35376,1,1,1, 35377
24,35389,1,1,0, 35390
2,35403,2,2,1, 35405
1,35406,1,1,1, 35407
8,35416,1,1,0, 35417
24,35429,1,1,1, 35430
2,35443,2,2,1, 35445
1,35446,1,1,0, 35447
8,35456,1,1,0, 35457
15,35461,2,2,1, 35463
24,35469,1,1,0, 35470
2,35483,2,2,1, 35485
1,35486,1,1,1, 35487
8,35496,1,1,0, 35497
24,35509,1,1,0, 35510
2,35523,2,2,1, 35525
1,35526,1,1,0, 35527
7,35532,1,1,0, 35533
8,35536,1,1,0, 35537
16,35539,2,2,1, 35541
15,35541,2,2,1, 35543
24,35549,1,1,1, 35550
1,35566,1,1,1, 35567
6,35570,2,2,1, 35572
7,35572,1,1,0, 35573
8,35576,1,1,0, 35577
24,35589,1,1,0, 35590
2,35603,2,2,1, 35605
1,35606,1,1,0, 35607
6,35610,2,2,1, 35612
7,35612,1,1,1, 35613
8,35616,1,1,1, 35617
24,35629,1,1,0, 35630
31,35636,2,2,1, 35638
2,35643,2,2,1, 35645
1,35646,1,1,0, 35647
8,35656,1,1,1, 35657
24,35669,1,1,0, 35670
31,35676,2,2,1, 35678
1,35686,1,1,0, 35687
8,35696,1,1,1, 35697
9,35697,2,2,1, 35699
24,35709,1,1,1, 35710
31,35716,2,2,1, 35718
8,35736,1,1,0, 35737
24,35749,1,1,0, 35750
25,35755,2,2,1, 35757
7,35772,1,1,0, 35773
8,35776,1,1,0, 35777
16,35779,2,2,1, 35781
15,35781,2,2,1, 35783
24,35789,1,1,0, 35790
1,35806,1,1,0, 35807
7,35812,1,1,0, 35813
8,35816,1,1,0, 35817
24,35829,1,1,1, 35830
25,35835,2,2,1, 35837
2,35843,2,2,1, 35845
1,35846,1,1,1, 35847
7,35852,1,1,1, 35853
8,35856,1,1,1, 35857
24,35869,1,1,0, 35870
1,35886,1,1,0, 35887
7,35892,1,1,1, 35893
8,35896,1,1,0, 35897
24,35909,1,1,0, 35910
31,35916,2,2,1, 35918
2,35923,2,2,1, 35925
1,35926,1,1,1, 35927
6,35930,2,2,1, 35932
7,35932,1,1,0, 35933
8,35936,1,1,1, 35937
16,35939,2,2,1, 35941
15,35941,2,2,0, 35943
24,35949,1,1,0, 35950
1,35966,1,1,0, 35967
8,35976,1,1,1, 35977
16,35979,2,2,0, 35981
15,35981,2,2,0, 35983
24,35989,1,1,1, 35990
25,35995,2,2,1, 35997
1,36006,1,1,0, 36007
8,36016,1,1,1, 36017
16,36019,2,2,1, 36021
15,36021,2,2,0, 36023
24,36029,1,1,0, 36030
25,36035,2,2,1, 36037
2,36043,2,2,1, 36045
1,36046,1,1,1, 36047
6,36050,2,2,1, 36052
7,36052,1,1,0, 36053
8,36056,1,1,0, 36057
9,36057,2,2,1, 36059
16,36059,2,2,1, 36061
24,36069,1,1,1, 36070
25,36075,2,2,1, 36077
31,36076,2,2,1, 36078
2,36083,2,2,1, 36085
1,36086,1,1,0, 36087
6,36090,2,2,1, 36092
7,36092,1,1,0, 36093
8,36096,1,1,0, 36097
24,36109,1,1,0, 36110
1,36126,1,1,0, 36127
7,36132,1,1,1, 36133
8,36136,1,1,1, 36137
24,36149,1,1,1, 36150
2,36163,2,2,1, 36165
1,36166,1,1,0, 36167
6,36170,2,2,1, 36172
7,36172,1,1,1, 36173
8,36176,1,1,0, 36177
16,36179,2,2,1, 36181
15,36181,2,2,1, 36183
24,36189,1,1,1, 36190
6,36210,2,2,1, 36212
7,36212,1,1,1, 36213
8,36216,1,1,0, 36217
16,36219,2,2,0, 36221
15,36221,2,2,0, 36223
24,36229,1,1,0, 36230
31,36236,2,2,1, 36238
6,36250,2,2,1, 36252
7,36252,1,1,1, 36253
8,36256,1,1,0, 36257
24,36269,1,1,0, 36270
1,36286,1,1,0, 36287
7,36292,1,1,0, 36293
8,36296,1,1,0, 36297
9,36297,2,2,1, 36299
24,36309,1,1,1, 36310
25,36315,2,2,1, 36317
2,36323,2,2,1, 36325
1,36326,1,1,0, 36327
8,36336,1,1,0, 36337
24,36349,1,1,1, 36350
25,36355,2,2,1, 36357
1,36366,1,1,0, 36367
6,36370,2,2,1, 36372
7,36372,1,1,1, 36373
8,36376,1,1,1, 36377
16,36379,2,2,1, 36381
15,36381,2,2,1, 36383
24,36389,1,1,1, 36390
1,36406,1,1,0, 36407
6,36410,2,2,1, 36412
7,36412,1,1,0, 36413
8,36416,1,1,0, 36417
16,36419,2,2,0, 36421
15,36421,2,2,0, 36423
24,36429,1,1,1, 36430
31,36436,2,2,1, 36438
2,36443,2,2,1, 36445
1,36446,1,1,0, 36447
8,36456,1,1,0, 36457
16,36459,2,2,1, 36461
15,36461,2,2,0, 36463
24,36469,1,1,1, 36470
25,36475,2,2,1, 36477
2,36483,2,2,1, 36485
1,36486,1,1,1, 36487
8,36496,1,1,1, 36497
15,36501,2,2,0, 36503
1,36526,1,1,1, 36527
7,36532,1,1,1, 36533
8,36536,1,1,1, 36537
9,36537,2,2,1, 36539
1,36566,1,1,0, 36567
7,36572,1,1,0, 36573
8,36576,1,1,1, 36577
24,36589,1,1,0, 36590
1,36606,1,1,1, 36607
7,36612,1,1,1, 36613
8,36616,1,1,1, 36617
16,36619,2,2,1, 36621
24,36629,1,1,0, 36630
1,36646,1,1,1, 36647
7,36652,1,1,1, 36653
8,36656,1,1,0, 36657
9,36657,2,2,1, 36659
16,36659,2,2,0, 36661
15,36661,2,2,0, 36663
24,36669,1,1,0, 36670
31,36676,2,2,1, 36678
1,36686,1,1,1, 36687
7,36692,1,1,1, 36693
8,36696,1,1,0, 36697
15,36701,2,2,0, 36703
24,36709,1,1,0, 36710
31,36716,2,2,1, 36718
2,36723,2,2,1, 36725
1,36726,1,1,1, 36727
7,36732,1,1,1, 36733
8,36736,1,1,1, 36737
15,36741,2,2,0, 36743
24,36749,1,1,0, 36750
31,36756,2,2,1, 36758
2,36763,2,2,1, 36765
1,36766,1,1,1, 36767
6,36770,2,2,1, 36772
7,36772,1,1,1, 36773
8,36776,1,1,0, 36777
16,36779,2,2,1, 36781
15,36781,2,2,1, 36783
25,36795,2,2,1, 36797
2,36803,2,2,1, 36805
1,36806,1,1,0, 36807
8,36816,1,1,1, 36817
15,36821,2,2,1, 36823
1,36846,1,1,0, 36847
8,36856,1,1,0, 36857
15,36861,2,2,0, 36863
1,36886,1,1,0, 36887
6,36890,2,2,1, 36892
7,36892,1,1,0, 36893
8,36896,1,1,1, 36897
16,36899,2,2,0, 36901
24,36909,1,1,1, 36910
6,36930,2,2,1, 36932
7,36932,1,1,1, 36933
8,36936,1,1,1, 36937
16,36939,2,2,0, 36941
24,36949,1,1,1, 36950
7,36972,1,1,0, 36973
8,36976,1,1,1, 36977
16,36979,2,2,0, 36981
1,37006,1,1,1, 37007
6,37010,2,2,1, 37012
7,37012,1,1,0, 37013
8,37016,1,1,1, 37017
9,37017,2,2,1, 37019
16,37019,2,2,0, 37021
15,37021,2,2,1, 37023
1,37046,1,1,1, 37047
8,37056,1,1,0, 37057
15,37061,2,2,1, 37063
24,37069,1,1,0, 37070
1,37086,1,1,1, 37087
8,37096,1,1,1, 37097
15,37101,2,2,1, 37103
24,37109,1,1,1, 37110
1,37126,1,1,1, 37127
7,37132,1,1,1, 37133
8,37136,1,1,0, 37137
24,37149,1,1,1, 37150
2,37163,2,2,1, 37165
1,37166,1,1,0, 37167
7,37172,1,1,0, 37173
8,37176,1,1,0, 37177
24,37189,1,1,1, 37190
25,37195,2,2,1, 37197
2,37203,2,2,1, 37205
1,37206,1,1,1, 37207
7,37212,1,1,0, 37213
8,37216,1,1,0, 37217
24,37229,1,1,0, 37230
2,37243,2,2,1, 37245
1,37246,1,1,1, 37247
7,37252,1,1,1, 37253
8,37256,1,1,1, 37257
16,37259,2,2,1, 37261
24,37269,1,1,1, 37270
1,37286,1,1,0, 37287
7,37292,1,1,1, 37293
8,37296,1,1,0, 37297
24,37309,1,1,0, 37310
31,37316,2,2,1, 37318
2,37323,2,2,1, 37325
1,37326,1,1,0, 37327
7,37332,1,1,1, 37333
8,37336,1,1,1, 37337
24,37349,1,1,0, 37350
31,37356,2,2,1, 37358
1,37366,1,1,0, 37367
6,37370,2,2,1, 37372
7,37372,1,1,0, 37373
8,37376,1,1,1, 37377
9,37377,2,2,1, 37379
16,37379,2,2,1, 37381
24,37389,1,1,0, 37390
25,37395,2,2,1, 37397
2,37403,2,2,1, 37405
1,37406,1,1,0, 37407
8,37416,1,1,0, 37417
24,37429,1,1,0, 37430
25,37435,2,2,1, 37437
1,37446,1,1,0, 37447
8,37456,1,1,0, 37457
24,37469,1,1,0, 37470
2,37483,2,2,1, 37485
1,37486,1,1,1, 37487
6,37490,2,2,1, 37492
7,37492,1,1,0, 37493
8,37496,1,1,1, 37497
9,37497,2,2,1, 37499
24,37509,1,1,0, 37510
25,37515,2,2,1, 37517
6,37530,2,2,1, 37532
7,37532,1,1,1, 37533
8,37536,1,1,0, 37537
24,37549,1,1,0, 37550
6,37570,2,2,1, 37572
7,37572,1,1,1, 37573
8,37576,1,1,1, 37577
24,37589,1,1,1, 37590
1,37606,1,1,0, 37607
7,37612,1,1,1, 37613
8,37616,1,1,1, 37617
15,37621,2,2,1, 37623
24,37629,1,1,0, 37630
2,37643,2,2,1, 37645
1,37646,1,1,1, 37647
7,37652,1,1,1, 37653
8,37656,1,1,0, 37657
24,37669,1,1,1, 37670
31,37676,2,2,1, 37678
1,37686,1,1,0, 37687
8,37696,1,1,1, 37697
9,37697,2,2,1, 37699
15,37701,2,2,1, 37703
24,37709,1,1,0, 37710
2,37723,2,2,1, 37725
1,37726,1,1,1, 37727
8,37736,1,1,1, 37737
15,37741,2,2,1, 37743
24,37749,1,1,0, 37750
2,37763,2,2,1, 37765
1,37766,1,1,0, 37767
8,37776,1,1,1, 37777
24,37789,1,1,1, 37790
25,37795,2,2,1, 37797
2,37803,2,2,1, 37805
6,37810,2,2,1, 37812
7,37812,1,1,0, 37813
8,37816,1,1,0, 37817
24,37829,1,1,0, 37830
25,37835,2,2,1, 37837
31,37836,2,2,1, 37838
7,37852,1,1,0, 37853
8,37856,1,1,0, 37857
24,37869,1,1,0, 37870
25,37875,2,2,1, 37877
6,37890,2,2,1, 37892
7,37892,1,1,0, 37893
8,37896,1,1,0, 37897
24,37909,1,1,0, 37910
31,37916,2,2,1, 37918
2,37923,2,2,1, 37925
1,37926,1,1,0, 37927
8,37936,1,1,1, 37937
9,37937,2,2,1, 37939
24,37949,1,1,0, 37950
2,37963,2,2,1, 37965
1,37966,1,1,0, 37967
8,37976,1,1,1, 37977
16,37979,2,2,1, 37981
24,37989,1,1,0, 37990
1,38006,1,1,1, 38007
8,38016,1,1,1, 38017
24,38029,1,1,1, 38030
1,38046,1,1,0, 38047
7,38052,1,1,1, 38053
8,38056,1,1,0, 38057
24,38069,1,1,0, 38070
25,38075,2,2,1, 38077
31,38076,2,2,1, 38078
1,38086,1,1,0, 38087
6,38090,2,2,1, 38092
7,38092,1,1,1, 38093
8,38096,1,1,1, 38097
9,38097,2,2,1, 38099
16,38099,2,2,1, 38101
24,38109,1,1,1, 38110
6,38130,2,2,1, 38132
7,38132,1,1,1, 38133
8,38136,1,1,0, 38137
24,38149,1,1,1, 38150
6,38170,2,2,1, 38172
7,38172,1,1,1, 38173
8,38176,1,1,0, 38177
16,38179,2,2,1, 38181
24,38189,1,1,0, 38190
1,38206,1,1,1, 38207
7,38212,1,1,0, 38213
8,38216,1,1,0, 38217
9,38217,2,2,1, 38219
16,38219,2,2,1, 38221
24,38229,1,1,1, 38230
25,38235,2,2,1, 38237
2,38243,2,2,1, 38245
1,38246,1,1,0, 38247
8,38256,1,1,1, 38257
24,38269,1,1,0, 38270
25,38275,2,2,1, 38277
31,38276,2,2,1, 38278
2,38283,2,2,1, 38285
1,38286,1,1,0, 38287
8,38296,1,1,0, 38297
24,38309,1,1,0, 38310
25,38315,2,2,1, 38317
31,38316,2,2,1, 38318
1,38326,1,1,1, 38327
7,38332,1,1,1, 38333
8,38336,1,1,1, 38337
15,38341,2,2,1, 38343
31,38356,2,2,1, 38358
6,38370,2,2,1, 38372
7,38372,1,1,1, 38373
8,38376,1,1,1, 38377
31,38396,2,2,1, 38398
7,38412,1,1,0, 38413
8,38416,1,1,0, 38417
15,38421,2,2,1, 38423
31,38436,2,2,1, 38438
1,38446,1,1,0, 38447
6,38450,2,2,1, 38452
7,38452,1,1,1, 38453
8,38456,1,1,1, 38457
16,38459,2,2,1, 38461
24,38469,1,1,1, 38470
1,38486,1,1,1, 38487
8,38496,1,1,1, 38497
15,38501,2,2,1, 38503
24,38509,1,1,0, 38510
1,38526,1,1,1, 38527
8,38536,1,1,0, 38537
15,38541,2,2,1, 38543
24,38549,1,1,0, 38550
1,38566,1,1,1, 38567
7,38572,1,1,1, 38573
8,38576,1,1,1, 38577
9,38577,2,2,1, 38579
16,38579,2,2,1, 38581
24,38589,1,1,1, 38590
31,38596,2,2,1, 38598
1,38606,1,1,1, 38607
7,38612,1,1,1, 38613
8,38616,1,1,0, 38617
24,38629,1,1,0, 38630
25,38635,2,2,1, 38637
31,38636,2,2,1, 38638
2,38643,2,2,1, 38645
1,38646,1,1,0, 38647
6,38650,2,2,1, 38652
7,38652,1,1,1, 38653
8,38656,1,1,1, 38657
24,38669,1,1,0, 38670
2,38683,2,2,1, 38685
1,38686,1,1,1, 38687
6,38690,2,2,1, 38692
7,38692,1,1,0, 38693
8,38696,1,1,1, 38697
16,38699,2,2,1, 38701
15,38701,2,2,1, 38703
24,38709,1,1,1, 38710
2,38723,2,2,1, 38725
1,38726,1,1,1, 38727
7,38732,1,1,0, 38733
8,38736,1,1,0, 38737
16,38739,2,2,1, 38741
15,38741,2,2,1, 38743
24,38749,1,1,1, 38750
2,38763,2,2,1, 38765
1,38766,1,1,0, 38767
8,38776,1,1,0, 38777
24,38789,1,1,0, 38790
1,38806,1,1,0, 38807
8,38816,1,1,0, 38817
24,38829,1,1,1, 38830
31,38836,2,2,1, 38838
2,38843,2,2,1, 38845
1,38846,1,1,1, 38847
8,38856,1,1,1, 38857
24,38869,1,1,0, 38870
25,38875,2,2,1, 38877
2,38883,2,2,1, 38885
1,38886,1,1,0, 38887
7,38892,1,1,0, 38893
8,38896,1,1,1, 38897
24,38909,1,1,0, 38910
1,38926,1,1,0, 38927
7,38932,1,1,1, 38933
8,38936,1,1,1, 38937
9,38937,2,2,1, 38939
24,38949,1,1,0, 38950
1,38966,1,1,1, 38967
8,38976,1,1,1, 38977
24,38989,1,1,1, 38990
1,39006,1,1,0, 39007
8,39016,1,1,0, 39017
24,39029,1,1,0, 39030
25,39035,2,2,1, 39037
2,39043,2,2,1, 39045
1,39046,1,1,1, 39047
6,39050,2,2,1, 39052
7,39052,1,1,1, 39053
8,39056,1,1,0, 39057
24,39069,1,1,0, 39070
31,39076,2,2,1, 39078
6,39090,2,2,1, 39092
7,39092,1,1,0, 39093
8,39096,1,1,0, 39097
24,39109,1,1,1, 39110
31,39116,2,2,1, 39118
6,39130,2,2,1, 39132
7,39132,1,1,0, 39133
8,39136,1,1,1, 39137
16,39139,2,2,1, 39141
24,39149,1,1,0, 39150
1,39166,1,1,0, 39167
6,39170,2,2,1, 39172
7,39172,1,1,1, 39173
8,39176,1,1,0, 39177
9,39177,2,2,1, 39179
16,39179,2,2,1, 39181
24,39189,1,1,0, 39190
1,39206,1,1,1, 39207
7,39212,1,1,1, 39213
8,39216,1,1,0, 39217
16,39219,2,2,1, 39221
24,39229,1,1,0, 39230
25,39235,2,2,1, 39237
1,39246,1,1,0, 39247
6,39250,2,2,1, 39252
7,39252,1,1,0, 39253
8,39256,1,1,0, 39257
15,39261,2,2,1, 39263
24,39269,1,1,1, 39270
31,39276,2,2,1, 39278
1,39286,1,1,0, 39287
7,39292,1,1,1, 39293
8,39296,1,1,0, 39297
24,39309,1,1,0, 39310
31,39316,2,2,1, 39318
1,39326,1,1,1, 39327
8,39336,1,1,1, 39337
24,39349,1,1,1, 39350
25,39355,2,2,1, 39357
1,39366,1,1,0, 39367
8,39376,1,1,0, 39377
15,39381,2,2,1, 39383
1,39406,1,1,0, 39407
7,39412,1,1,1, 39413
8,39416,1,1,1, 39417
1,39446,1,1,1, 39447
6,39450,2,2,1, 39452
7,39452,1,1,1, 39453
8,39456,1,1,0, 39457
16,39459,2,2,1, 39461
24,39469,1,1,1, 39470
25,39475,2,2,1, 39477
2,39483,2,2,1, 39485
1,39486,1,1,1, 39487
6,39490,2,2,1, 39492
7,39492,1,1,0, 39493
8,39496,1,1,1, 39497
16,39499,2,2,1, 39501
24,39509,1,1,0, 39510
25,39515,2,2,1, 39517
1,39526,1,1,1, 39527
6,39530,2,2,1, 39532
7,39532,1,1,1, 39533
8,39536,1,1,0, 39537
16,39539,2,2,1, 39541
24,39549,1,1,1, 39550
2,39563,2,2,1, 39565
1,39566,1,1,0, 39567
6,39570,2,2,1, 39572
7,39572,1,1,1, 39573
8,39576,1,1,1, 39577
15,39581,2,2,1, 39583
24,39589,1,1,0, 39590
1,39606,1,1,1, 39607
8,39616,1,1,0, 39617
24,39629,1,1,1, 39630
1,39646,1,1,1, 39647
8,39656,1,1,0, 39657
9,39657,2,2,1, 39659
24,39669,1,1,0, 39670
25,39675,2,2,1, 39677
1,39686,1,1,0, 39687
8,39696,1,1,0, 39697
24,39709,1,1,0, 39710
2,39723,2,2,1, 39725
1,39726,1,1,1, 39727
7,39732,1,1,1, 39733
8,39736,1,1,1, 39737
24,39749,1,1,1, 39750
25,39755,2,2,1, 39757
31,39756,2,2,1, 39758
2,39763,2,2,1, 39765
1,39766,1,1,1, 39767
7,39772,1,1,0, 39773
8,39776,1,1,1, 39777
16,39779,2,2,1, 39781
7,39812,1,1,0, 39813
8,39816,1,1,1, 39817
16,39819,2,2,0, 39821
6,39850,2,2,1, 39852
7,39852,1,1,0, 39853
8,39856,1,1,1, 39857
16,39859,2,2,0, 39861
1,39886,1,1,0, 39887
6,39890,2,2,1, 39892
7,39892,1,1,1, 39893
8,39896,1,1,1, 39897
9,39897,2,2,1, 39899
16,39899,2,2,0, 39901
24,39909,1,1,0, 39910
1,39926,1,1,0, 39927
6,39930,2,2,1, 39932
7,39932,1,1,0, 39933
8,39936,1,1,0, 39937
24,39949,1,1,0, 39950
2,39963,2,2,1, 39965
1,39966,1,1,1, 39967
7,39972,1,1,1, 39973
8,39976,1,1,1, 39977
24,39989,1,1,1, 39990
2,40003,2,2,1, 40005
1,40006,1,1,0, 40007
6,40010,2,2,1, 40012
7,40012,1,1,1, 40013
8,40016,1,1,1, 40017
16,40019,2,2,1, 40021
15,40021,2,2,1, 40023
24,40029,1,1,1, 40030
25,40035,2,2,1, 40037
1,40046,1,1,0, 40047
8,40056,1,1,0, 40057
15,40061,2,2,0, 40063
24,40069,1,1,0, 40070
31,40076,2,2,1, 40078
2,40083,2,2,1, 40085
1,40086,1,1,1, 40087
8,40096,1,1,0, 40097
15,40101,2,2,1, 40103
24,40109,1,1,0, 40110
25,40115,2,2,1, 40117
31,40116,2,2,1, 40118
1,40126,1,1,0, 40127
7,40132,1,1,1, 40133
8,40136,1,1,0, 40137
9,40137,2,2,1, 40139
16,40139,2,2,1, 40141
24,40149,1,1,0, 40150
2,40163,2,2,1, 40165
1,40166,1,1,0, 40167
6,40170,2,2,1, 40172
7,40172,1,1,1, 40173
8,40176,1,1,0, 40177
16,40179,2,2,0, 40181
24,40189,1,1,0, 40190
2,40203,2,2,1, 40205
1,40206,1,1,0, 40207
7,40212,1,1,0, 40213
8,40216,1,1,0, 40217
16,40219,2,2,0, 40221
24,40229,1,1,0, 40230
1,40246,1,1,0, 40247
6,40250,2,2,1, 40252
7,40252,1,1,1, 40253
8,40256,1,1,1, 40257
16,40259,2,2,0, 40261
15,40261,2,2,0, 40263
24,40269,1,1,0, 40270
7,40292,1,1,1, 40293
8,40296,1,1,0, 40297
15,40301,2,2,0, 40303
24,40309,1,1,1, 40310
25,40315,2,2,1, 40317
8,40336,1,1,0, 40337
24,40349,1,1,0, 40350
25,40355,2,2,1, 40357
31,40356,2,2,1, 40358
1,40366,1,1,0, 40367
8,40376,1,1,0, 40377
9,40377,2,2,1, 40379
16,40379,2,2,0, 40381
15,40381,2,2,1, 40383
1,40406,1,1,0, 40407
8,40416,1,1,0, 40417
15,40421,2,2,1, 40423
31,40436,2,2,1, 40438
1,40446,1,1,0, 40447
7,40452,1,1,0, 40453
8,40456,1,1,1, 40457
1,40486,1,1,1, 40487
7,40492,1,1,0, 40493
8,40496,1,1,0, 40497
16,40499,2,2,0, 40501
24,40509,1,1,1, 40510
31,40516,2,2,1, 40518
1,40526,1,1,1, 40527
7,40532,1,1,0, 40533
8,40536,1,1,0, 40537
16,40539,2,2,0, 40541
24,40549,1,1,0, 40550
1,40566,1,1,1, 40567
6,40570,2,2,1, 40572
7,40572,1,1,1, 40573
8,40576,1,1,0, 40577
16,40579,2,2,1, 40581
15,40581,2,2,0, 40583
24,40589,1,1,0, 40590
31,40596,2,2,1, 40598
2,40603,2,2,1, 40605
1,40606,1,1,1, 40607
6,40610,2,2,1, 40612
7,40612,1,1,1, 40613
8,40616,1,1,0, 40617
9,40617,2,2,1, 40619
16,40619,2,2,1, 40621
15,40621,2,2,0, 40623
24,40629,1,1,0, 40630
1,40646,1,1,1, 40647
8,40656,1,1,0, 40657
15,40661,2,2,1, 40663
24,40669,1,1,1, 40670
25,40675,2,2,1, 40677
31,40676,2,2,1, 40678
2,40683,2,2,1, 40685
1,40686,1,1,0, 40687
8,40696,1,1,0, 40697
15,40701,2,2,0, 40703
24,40709,1,1,0, 40710
25,40715,2,2,1, 40717
1,40726,1,1,0, 40727
7,40732,1,1,0, 40733
8,40736,1,1,1, 40737
24,40749,1,1,1, 40750
31,40756,2,2,1, 40758
1,40766,1,1,1, 40767
6,40770,2,2,1, 40772
7,40772,1,1,1, 40773
8,40776,1,1,1, 40777
24,40789,1,1,1, 40790
31,40796,2,2,1, 40798
1,40806,1,1,0, 40807
7,40812,1,1,1, 40813
8,40816,1,1,1, 40817
16,40819,2,2,0, 40821
24,40829,1,1,1, 40830
1,40846,1,1,0, 40847
7,40852,1,1,1, 40853
8,40856,1,1,1, 40857
16,40859,2,2,1, 40861
15,40861,2,2,1, 40863
24,40869,1,1,1, 40870
25,40875,2,2,1, 40877
1,40886,1,1,0, 40887
7,40892,1,1,0, 40893
8,40896,1,1,1, 40897
16,40899,2,2,0, 40901
15,40901,2,2,1, 40903
24,40909,1,1,0, 40910
25,40915,2,2,1, 40917
31,40916,2,2,1, 40918
1,40926,1,1,1, 40927
6,40930,2,2,1, 40932
7,40932,1,1,1, 40933
8,40936,1,1,1, 40937
24,40949,1,1,1, 40950
31,40956,2,2,1, 40958
2,40963,2,2,1, 40965
1,40966,1,1,0, 40967
6,40970,2,2,1, 40972
7,40972,1,1,0, 40973
8,40976,1,1,1, 40977
24,40989,1,1,1, 40990
2,41003,2,2,1, 41005
1,41006,1,1,1, 41007
6,41010,2,2,1, 41012
7,41012,1,1,0, 41013
8,41016,1,1,1, 41017
24,41029,1,1,0, 41030
1,41046,1,1,0, 41047
8,41056,1,1,0, 41057
16,41059,2,2,0, 41061
15,41061,2,2,0, 41063
24,41069,1,1,1, 41070
1,41086,1,1,1, 41087
8,41096,1,1,1, 41097
16,41099,2,2,0, 41101
15,41101,2,2,0, 41103
24,41109,1,1,0, 41110
1,41126,1,1,1, 41127
8,41136,1,1,0, 41137
16,41139,2,2,1, 41141
15,41141,2,2,0, 41143
24,41149,1,1,0, 41150
25,41155,2,2,1, 41157
2,41163,2,2,1, 41165
1,41166,1,1,0, 41167
6,41170,2,2,1, 41172
7,41172,1,1,1, 41173
8,41176,1,1,1, 41177
1,41206,1,1,1, 41207
7,41212,1,1,0, 41213
8,41216,1,1,1, 41217
1,41246,1,1,0, 41247
7,41252,1,1,1, 41253
8,41256,1,1,1, 41257
24,41269,1,1,1, 41270
25,41275,2,2,1, 41277
2,41283,2,2,1, 41285
1,41286,1,1,1, 41287
8,41296,1,1,1, 41297
9,41297,2,2,1, 41299
15,41301,2,2,0, 41303
24,41309,1,1,0, 41310
1,41326,1,1,0, 41327
8,41336,1,1,1, 41337
15,41341,2,2,1, 41343
24,41349,1,1,0, 41350
2,41363,2,2,1, 41365
1,41366,1,1,0, 41367
8,41376,1,1,0, 41377
15,41381,2,2,0, 41383
24,41389,1,1,0, 41390
2,41403,2,2,1, 41405
1,41406,1,1,1, 41407
7,41412,1,1,0, 41413
8,41416,1,1,0, 41417
9,41417,2,2,1, 41419
24,41429,1,1,1, 41430
25,41435,2,2,1, 41437
1,41446,1,1,0, 41447
7,41452,1,1,0, 41453
8,41456,1,1,1, 41457
9,41457,2,2,1, 41459
24,41469,1,1,0, 41470
25,41475,2,2,1, 41477
2,41483,2,2,1, 41485
1,41486,1,1,1, 41487
7,41492,1,1,0, 41493
8,41496,1,1,0, 41497
24,41509,1,1,0, 41510
2,41523,2,2,1, 41525
1,41526,1,1,1, 41527
7,41532,1,1,1, 41533
8,41536,1,1,0, 41537
16,41539,2,2,0, 41541
15,41541,2,2,0, 41543
1,41566,1,1,1, 41567
6,41570,2,2,1, 41572
7,41572,1,1,0, 41573
8,41576,1,1,1, 41577
9,41577,2,2,1, 41579
16,41579,2,2,1, 41581
2,41603,2,2,1, 41605
1,41606,1,1,1, 41607
8,41616,1,1,1, 41617
16,41619,2,2,1, 41621
24,41629,1,1,1, 41630
25,41635,2,2,1, 41637
1,41646,1,1,0, 41647
6,41650,2,2,1, 41652
7,41652,1,1,1, 41653
8,41656,1,1,1, 41657
15,41661,2,2,0, 41663
24,41669,1,1,0, 41670
31,41676,2,2,1, 41678
1,41686,1,1,1, 41687
6,41690,2,2,1, 41692
7,41692,1,1,0, 41693
8,41696,1,1,0, 41697
9,41697,2,2,1, 41699
15,41701,2,2,0, 41703
24,41709,1,1,1, 41710
8,41736,1,1,1, 41737
15,41741,2,2,0, 41743
24,41749,1,1,0, 41750
8,41776,1,1,0, 41777
16,41779,2,2,1, 41781
24,41789,1,1,1, 41790
25,41795,2,2,1, 41797
1,41806,1,1,0, 41807
6,41810,2,2,1, 41812
7,41812,1,1,0, 41813
8,41816,1,1,1, 41817
9,41817,2,2,1, 41819
16,41819,2,2,0, 41821
15,41821,2,2,0, 41823
31,41836,2,2,1, 41838
2,41843,2,2,1, 41845
1,41846,1,1,0, 41847
7,41852,1,1,0, 41853
8,41856,1,1,1, 41857
9,41857,2,2,0, 41859
16,41859,2,2,1, 41861
15,41861,2,2,1, 41863
31,41876,2,2,1, 41878
1,41886,1,1,0, 41887
7,41892,1,1,0, 41893
8,41896,1,1,1, 41897
16,41899,2,2,0, 41901
15,41901,2,2,0, 41903
1,41926,1,1,1, 41927
6,41930,2,2,1, 41932
7,41932,1,1,1, 41933
8,41936,1,1,1, 41937
16,41939,2,2,0, 41941
24,41949,1,1,1, 41950
25,41955,2,2,1, 41957
1,41966,1,1,0, 41967
8,41976,1,1,1, 41977
9,41977,2,2,1, 41979
16,41979,2,2,1, 41981
24,41989,1,1,1, 41990
25,41995,2,2,1, 41997
31,41996,2,2,1, 41998
1,42006,1,1,1, 42007
8,42016,1,1,0, 42017
1,42046,1,1,0, 42047
7,42052,1,1,0, 42053
8,42056,1,1,1, 42057
1,42086,1,1,0, 42087
7,42092,1,1,0, 42093
8,42096,1,1,1, 42097
24,42109,1,1,0, 42110
6,42130,2,2,1, 42132
7,42132,1,1,0, 42133
8,42136,1,1,0, 42137
24,42149,1,1,1, 42150
31,42156,2,2,1, 42158
6,42170,2,2,1, 42172
7,42172,1,1,0, 42173
8,42176,1,1,0, 42177
9,42177,2,2,1, 42179
15,42181,2,2,1, 42183
24,42189,1,1,0, 42190
6,42210,2,2,1, 42212
7,42212,1,1,0, 42213
8,42216,1,1,1, 42217
15,42221,2,2,1, 42223
24,42229,1,1,1, 42230
2,42243,2,2,1, 42245
1,42246,1,1,0, 42247
7,42252,1,1,1, 42253
8,42256,1,1,1, 42257
24,42269,1,1,0, 42270
25,42275,2,2,1, 42277
2,42283,2,2,1, 42285
1,42286,1,1,1, 42287
7,42292,1,1,1, 42293
8,42296,1,1,0, 42297
9,42297,2,2,1, 42299
15,42301,2,2,1, 42303
24,42309,1,1,0, 42310
25,42315,2,2,1, 42317
2,42323,2,2,1, 42325
1,42326,1,1,0, 42327
6,42330,2,2,1, 42332
7,42332,1,1,0, 42333
8,42336,1,1,1, 42337
9,42337,2,2,1, 42339
15,42341,2,2,1, 42343
24,42349,1,1,0, 42350
25,42355,2,2,1, 42357
31,42356,2,2,1, 42358
8,42376,1,1,1, 42377
24,42389,1,1,0, 42390
25,42395,2,2,1, 42397
8,42416,1,1,0, 42417
24,42429,1,1,0, 42430
2,42443,2,2,1, 42445
1,42446,1,1,1, 42447
8,42456,1,1,1, 42457
9,42457,2,2,1, 42459
24,42469,1,1,0, 42470
31,42476,2,2,1, 42478
1,42486,1,1,0, 42487
7,42492,1,1,1, 42493
8,42496,1,1,1, 42497
2,42523,2,2,1, 42525
1,42526,1,1,0, 42527
6,42530,2,2,1, 42532
7,42532,1,1,0, 42533
8,42536,1,1,1, 42537
1,42566,1,1,0, 42567
6,42570,2,2,1, 42572
7,42572,1,1,1, 42573
8,42576,1,1,0, 42577
24,42589,1,1,1, 42590
2,42603,2,2,1, 42605
1,42606,1,1,0, 42607
8,42616,1,1,0, 42617
15,42621,2,2,1, 42623
24,42629,1,1,0, 42630
25,42635,2,2,1, 42637
1,42646,1,1,1, 42647
8,42656,1,1,1, 42657
24,42669,1,1,1, 42670
1,42686,1,1,0, 42687
8,42696,1,1,0, 42697
15,42701,2,2,1, 42703
24,42709,1,1,1, 42710
25,42715,2,2,1, 42717
2,42723,2,2,1, 42725
1,42726,1,1,1, 42727
7,42732,1,1,1, 42733
8,42736,1,1,0, 42737
9,42737,2,2,1, 42739
24,42749,1,1,0, 42750
2,42763,2,2,1, 42765
1,42766,1,1,1, 42767
7,42772,1,1,0, 42773
8,42776,1,1,1, 42777
24,42789,1,1,0, 42790
31,42796,2,2,1, 42798
2,42803,2,2,1, 42805
1,42806,1,1,0, 42807
6,42810,2,2,1, 42812
7,42812,1,1,0, 42813
8,42816,1,1,0, 42817
16,42819,2,2,1, 42821
24,42829,1,1,1, 42830
25,42835,2,2,1, 42837
31,42836,2,2,1, 42838
2,42843,2,2,1, 42845
1,42846,1,1,1, 42847
7,42852,1,1,0, 42853
8,42856,1,1,0, 42857
15,42861,2,2,1, 42863
2,42883,2,2,1, 42885
1,42886,1,1,1, 42887
7,42892,1,1,1, 42893
8,42896,1,1,1, 42897
9,42897,2,2,1, 42899
7,42932,1,1,1, 42933
8,42936,1,1,1, 42937
24,42949,1,1,0, 42950
25,42955,2,2,1, 42957
7,42972,1,1,0, 42973
8,42976,1,1,1, 42977
16,42979,2,2,1, 42981
24,42989,1,1,1, 42990
25,42995,2,2,1, 42997
31,42996,2,2,1, 42998
1,43006,1,1,1, 43007
7,43012,1,1,1, 43013
8,43016,1,1,1, 43017
15,43021,2,2,1, 43023
1,43046,1,1,0, 43047
8,43056,1,1,1, 43057
25,43075,2,2,1, 43077
2,43083,2,2,1, 43085
1,43086,1,1,0, 43087
8,43096,1,1,0, 43097
15,43101,2,2,1, 43103
25,43115,2,2,1, 43117
1,43126,1,1,1, 43127
7,43132,1,1,1, 43133
8,43136,1,1,1, 43137
24,43149,1,1,0, 43150
6,43170,2,2,1, 43172
7,43172,1,1,0, 43173
8,43176,1,1,0, 43177
15,43181,2,2,1, 43183
24,43189,1,1,1, 43190
6,43210,2,2,1, 43212
7,43212,1,1,1, 43213
8,43216,1,1,1, 43217
24,43229,1,1,0, 43230
1,43246,1,1,1, 43247
6,43250,2,2,1, 43252
7,43252,1,1,1, 43253
8,43256,1,1,1, 43257
9,43257,2,2,1, 43259
24,43269,1,1,1, 43270
31,43276,2,2,1, 43278
1,43286,1,1,0, 43287
6,43290,2,2,1, 43292
7,43292,1,1,0, 43293
8,43296,1,1,0, 43297
24,43309,1,1,1, 43310
31,43316,2,2,1, 43318
2,43323,2,2,1, 43325
1,43326,1,1,0, 43327
8,43336,1,1,0, 43337
24,43349,1,1,1, 43350
1,43366,1,1,1, 43367
8,43376,1,1,1, 43377
24,43389,1,1,1, 43390
1,43406,1,1,1, 43407
8,43416,1,1,1, 43417
16,43419,2,2,1, 43421
24,43429,1,1,1, 43430
1,43446,1,1,0, 43447
6,43450,2,2,1, 43452
7,43452,1,1,0, 43453
8,43456,1,1,0, 43457
16,43459,2,2,1, 43461
24,43469,1,1,1, 43470
31,43476,2,2,1, 43478
1,43486,1,1,1, 43487
7,43492,1,1,0, 43493
8,43496,1,1,0, 43497
9,43497,2,2,1, 43499
16,43499,2,2,1, 43501
15,43501,2,2,1, 43503
24,43509,1,1,1, 43510
2,43523,2,2,1, 43525
1,43526,1,1,1, 43527
6,43530,2,2,1, 43532
7,43532,1,1,1, 43533
8,43536,1,1,0, 43537
15,43541,2,2,1, 43543
24,43549,1,1,0, 43550
1,43566,1,1,0, 43567
6,43570,2,2,1, 43572
7,43572,1,1,1, 43573
8,43576,1,1,0, 43577
24,43589,1,1,0, 43590
1,43606,1,1,0, 43607
7,43612,1,1,0, 43613
8,43616,1,1,1, 43617
9,43617,2,2,1, 43619
16,43619,2,2,1, 43621
24,43629,1,1,0, 43630
31,43636,2,2,1, 43638
1,43646,1,1,0, 43647
8,43656,1,1,1, 43657
16,43659,2,2,1, 43661
24,43669,1,1,0, 43670
31,43676,2,2,1, 43678
1,43686,1,1,1, 43687
8,43696,1,1,1, 43697
24,43709,1,1,1, 43710
25,43715,2,2,1, 43717
2,43723,2,2,1, 43725
1,43726,1,1,0, 43727
7,43732,1,1,0, 43733
8,43736,1,1,1, 43737
9,43737,2,2,1, 43739
7,43772,1,1,1, 43773
8,43776,1,1,0, 43777
6,43810,2,2,1, 43812
7,43812,1,1,0, 43813
8,43816,1,1,0, 43817
1,43846,1,1,0, 43847
6,43850,2,2,1, 43852
7,43852,1,1,1, 43853
8,43856,1,1,0, 43857
24,43869,1,1,1, 43870
31,43876,2,2,1, 43878
1,43886,1,1,0, 43887
8,43896,1,1,1, 43897
24,43909,1,1,0, 43910
1,43926,1,1,1, 43927
8,43936,1,1,0, 43937
15,43941,2,2,1, 43943
24,43949,1,1,0, 43950
1,43966,1,1,1, 43967
7,43972,1,1,0, 43973
8,43976,1,1,0, 43977
16,43979,2,2,1, 43981
24,43989,1,1,0, 43990
25,43995,2,2,1, 43997
2,44003,2,2,1, 44005
1,44006,1,1,1, 44007
7,44012,1,1,1, 44013
8,44016,1,1,1, 44017
24,44029,1,1,1, 44030
2,44043,2,2,1, 44045
1,44046,1,1,1, 44047
6,44050,2,2,1, 44052
7,44052,1,1,1, 44053
8,44056,1,1,0, 44057
24,44069,1,1,1, 44070
1,44086,1,1,0, 44087
7,44092,1,1,0, 44093
8,44096,1,1,1, 44097
16,44099,2,2,1, 44101
15,44101,2,2,1, 44103
24,44109,1,1,0, 44110
1,44126,1,1,1, 44127
8,44136,1,1,0, 44137
24,44149,1,1,1, 44150
31,44156,2,2,1, 44158
1,44166,1,1,1, 44167
8,44176,1,1,1, 44177
15,44181,2,2,1, 44183
24,44189,1,1,0, 44190
1,44206,1,1,0, 44207
6,44210,2,2,1, 44212
7,44212,1,1,0, 44213
8,44216,1,1,1, 44217
9,44217,2,2,1, 44219
16,44219,2,2,1, 44221
24,44229,1,1,0, 44230
25,44235,2,2,1, 44237
2,44243,2,2,1, 44245
1,44246,1,1,0, 44247
6,44250,2,2,1, 44252
7,44252,1,1,0, 44253
8,44256,1,1,0, 44257
24,44269,1,1,0, 44270
25,44275,2,2,1, 44277
2,44283,2,2,1, 44285
1,44286,1,1,0, 44287
7,44292,1,1,0, 44293
8,44296,1,1,0, 44297
24,44309,1,1,1, 44310
1,44326,1,1,1, 44327
6,44330,2,2,1, 44332
7,44332,1,1,0, 44333
8,44336,1,1,0, 44337
16,44339,2,2,1, 44341
15,44341,2,2,1, 44343
24,44349,1,1,0, 44350
1,44366,1,1,1, 44367
8,44376,1,1,0, 44377
15,44381,2,2,1, 44383
24,44389,1,1,0, 44390
31,44396,2,2,1, 44398
2,44403,2,2,1, 44405
1,44406,1,1,1, 44407
8,44416,1,1,1, 44417
15,44421,2,2,1, 44423
2,44443,2,2,1, 44445
1,44446,1,1,0, 44447
7,44452,1,1,1, 44453
8,44456,1,1,1, 44457
9,44457,2,2,1, 44459
24,44469,1,1,0, 44470
6,44490,2,2,1, 44492
7,44492,1,1,1, 44493
8,44496,1,1,0, 44497
9,44497,2,2,1, 44499
24,44509,1,1,0, 44510
1,44526,1,1,1, 44527
6,44530,2,2,1, 44532
7,44532,1,1,0, 44533
8,44536,1,1,0, 44537
16,44539,2,2,1, 44541
24,44549,1,1,1, 44550
25,44555,2,2,1, 44557
31,44556,2,2,1, 44558
2,44563,2,2,1, 44565
1,44566,1,1,1, 44567
6,44570,2,2,1, 44572
7,44572,1,1,1, 44573
8,44576,1,1,0, 44577
16,44579,2,2,1, 44581
24,44589,1,1,0, 44590
1,44606,1,1,0, 44607
7,44612,1,1,0, 44613
8,44616,1,1,0, 44617
9,44617,2,2,1, 44619
15,44621,2,2,1, 44623
24,44629,1,1,0, 44630
1,44646,1,1,0, 44647
7,44652,1,1,1, 44653
8,44656,1,1,1, 44657
24,44669,1,1,0, 44670
1,44686,1,1,0, 44687
7,44692,1,1,1, 44693
8,44696,1,1,0, 44697
16,44699,2,2,1, 44701
24,44709,1,1,1, 44710
25,44715,2,2,1, 44717
31,44716,2,2,1, 44718
2,44723,2,2,1, 44725
1,44726,1,1,1, 44727
7,44732,1,1,0, 44733
8,44736,1,1,1, 44737
24,44749,1,1,0, 44750
25,44755,2,2,1, 44757
1,44766,1,1,0, 44767
7,44772,1,1,0, 44773
8,44776,1,1,0, 44777
16,44779,2,2,0, 44781
15,44781,2,2,0, 44783
1,44806,1,1,1, 44807
7,44812,1,1,0, 44813
8,44816,1,1,1, 44817
9,44817,2,2,1, 44819
16,44819,2,2,1, 44821
25,44835,2,2,1, 44837
1,44846,1,1,1, 44847
7,44852,1,1,0, 44853
8,44856,1,1,0, 44857
16,44859,2,2,0, 44861
1,44886,1,1,1, 44887
6,44890,2,2,1, 44892
7,44892,1,1,1, 44893
8,44896,1,1,1, 44897
15,44901,2,2,0, 44903
24,44909,1,1,0, 44910
31,44916,2,2,1, 44918
1,44926,1,1,1, 44927
6,44930,2,2,1, 44932
7,44932,1,1,1, 44933
8,44936,1,1,0, 44937
24,44949,1,1,1, 44950
2,44963,2,2,1, 44965
1,44966,1,1,0, 44967
8,44976,1,1,1, 44977
24,44989,1,1,0, 44990
1,45006,1,1,0, 45007
8,45016,1,1,1, 45017
16,45019,2,2,0, 45021
24,45029,1,1,1, 45030
2,45043,2,2,1, 45045
1,45046,1,1,1, 45047
6,45050,2,2,1, 45052
7,45052,1,1,0, 45053
8,45056,1,1,1, 45057
16,45059,2,2,0, 45061
15,45061,2,2,0, 45063
24,45069,1,1,1, 45070
25,45075,2,2,1, 45077
1,45086,1,1,1, 45087
6,45090,2,2,1, 45092
7,45092,1,1,0, 45093
8,45096,1,1,0, 45097
16,45099,2,2,0, 45101
15,45101,2,2,1, 45103
24,45109,1,1,0, 45110
31,45116,2,2,1, 45118
2,45123,2,2,1, 45125
1,45126,1,1,0, 45127
8,45136,1,1,0, 45137
16,45139,2,2,1, 45141
24,45149,1,1,1, 45150
25,45155,2,2,1, 45157
1,45166,1,1,1, 45167
8,45176,1,1,0, 45177
16,45179,2,2,0, 45181
15,45181,2,2,0, 45183
24,45189,1,1,1, 45190
8,45216,1,1,1, 45217
15,45221,2,2,0, 45223
24,45229,1,1,0, 45230
31,45236,2,2,1, 45238
6,45250,2,2,1, 45252
7,45252,1,1,1, 45253
8,45256,1,1,1, 45257
24,45269,1,1,0, 45270
1,45286,1,1,1, 45287
6,45290,2,2,1, 45292
7,45292,1,1,1, 45293
8,45296,1,1,1, 45297
9,45297,2,2,1, 45299
16,45299,2,2,0, 45301
2,45323,2,2,1, 45325
1,45326,1,1,0, 45327
7,45332,1,1,0, 45333
8,45336,1,1,0, 45337
16,45339,2,2,1, 45341
25,45355,2,2,1, 45357
1,45366,1,1,1, 45367
6,45370,2,2,1, 45372
7,45372,1,1,1, 45373
8,45376,1,1,0, 45377
16,45379,2,2,1, 45381
15,45381,2,2,1, 45383
25,45395,2,2,1, 45397
1,45406,1,1,0, 45407
7,45412,1,1,1, 45413
8,45416,1,1,1, 45417
9,45417,2,2,1, 45419
16,45419,2,2,1, 45421
24,45429,1,1,0, 45430
25,45435,2,2,1, 45437
1,45446,1,1,0, 45447
8,45456,1,1,0, 45457
24,45469,1,1,1, 45470
25,45475,2,2,1, 45477
2,45483,2,2,1, 45485
1,45486,1,1,0, 45487
8,45496,1,1,1, 45497
24,45509,1,1,1, 45510
31,45516,2,2,1, 45518
1,45526,1,1,0, 45527
7,45532,1,1,1, 45533
8,45536,1,1,1, 45537
16,45539,2,2,0, 45541
24,45549,1,1,0, 45550
7,45572,1,1,1, 45573
8,45576,1,1,1, 45577
24,45589,1,1,1, 45590
2,45603,2,2,1, 45605
1,45606,1,1,0, 45607
7,45612,1,1,0, 45613
8,45616,1,1,0, 45617
24,45629,1,1,1, 45630
25,45635,2,2,1, 45637
2,45643,2,2,1, 45645
1,45646,1,1,0, 45647
6,45650,2,2,1, 45652
7,45652,1,1,0, 45653
8,45656,1,1,0, 45657
9,45657,2,2,1, 45659
16,45659,2,2,0, 45661
15,45661,2,2,1, 45663
24,45669,1,1,0, 45670
31,45676,2,2,1, 45678
8,45696,1,1,0, 45697
15,45701,2,2,1, 45703
24,45709,1,1,0, 45710
31,45716,2,2,1, 45718
8,45736,1,1,0, 45737
15,45741,2,2,0, 45743
24,45749,1,1,1, 45750
25,45755,2,2,1, 45757
1,45766,1,1,1, 45767
6,45770,2,2,1, 45772
7,45772,1,1,1, 45773
8,45776,1,1,1, 45777
9,45777,2,2,0, 45779
16,45779,2,2,1, 45781
24,45789,1,1,1, 45790
2,45803,2,2,1, 45805
1,45806,1,1,1, 45807
6,45810,2,2,1, 45812
7,45812,1,1,1, 45813
8,45816,1,1,0, 45817
16,45819,2,2,1, 45821
24,45829,1,1,0, 45830
25,45835,2,2,1, 45837
1,45846,1,1,1, 45847
6,45850,2,2,1, 45852
7,45852,1,1,1, 45853
8,45856,1,1,1, 45857
24,45869,1,1,0, 45870
1,45886,1,1,1, 45887
6,45890,2,2,1, 45892
7,45892,1,1,1, 45893
8,45896,1,1,0, 45897
9,45897,2,2,1, 45899
15,45901,2,2,0, 45903
24,45909,1,1,1, 45910
7,45932,1,1,1, 45933
8,45936,1,1,1, 45937
15,45941,2,2,0, 45943
24,45949,1,1,0, 45950
31,45956,2,2,1, 45958
8,45976,1,1,0, 45977
16,45979,2,2,0, 45981
24,45989,1,1,1, 45990
1,46006,1,1,0, 46007
8,46016,1,1,1, 46017
9,46017,2,2,1, 46019
16,46019,2,2,1, 46021
25,46035,2,2,1, 46037
1,46046,1,1,0, 46047
8,46056,1,1,0, 46057
16,46059,2,2,1, 46061
25,46075,2,2,1, 46077
1,46086,1,1,1, 46087
6,46090,2,2,1, 46092
7,46092,1,1,0, 46093
8,46096,1,1,1, 46097
16,46099,2,2,0, 46101
15,46101,2,2,1, 46103
1,46126,1,1,0, 46127
6,46130,2,2,1, 46132
7,46132,1,1,0, 46133
8,46136,1,1,1, 46137
9,46137,2,2,1, 46139
16,46139,2,2,0, 46141
15,46141,2,2,0, 46143
24,46149,1,1,1, 46150
31,46156,2,2,1, 46158
6,46170,2,2,1, 46172
7,46172,1,1,1, 46173
8,46176,1,1,0, 46177
9,46177,2,2,1, 46179
15,46181,2,2,0, 46183
24,46189,1,1,1, 46190
8,46216,1,1,0, 46217
24,46229,1,1,1, 46230
1,46246,1,1,0, 46247
8,46256,1,1,0, 46257
16,46259,2,2,1, 46261
15,46261,2,2,0, 46263
24,46269,1,1,1, 46270
2,46283,2,2,1, 46285
1,46286,1,1,1, 46287
8,46296,1,1,0, 46297
16,46299,2,2,1, 46301
15,46301,2,2,0, 46303
24,46309,1,1,1, 46310
25,46315,2,2,1, 46317
2,46323,2,2,1, 46325
1,46326,1,1,1, 46327
7,46332,1,1,0, 46333
8,46336,1,1,0, 46337
24,46349,1,1,0, 46350
2,46363,2,2,1, 46365
1,46366,1,1,1, 46367
7,46372,1,1,1, 46373
8,46376,1,1,0, 46377
24,46389,1,1,1, 46390
2,46403,2,2,1, 46405
1,46406,1,1,1, 46407
6,46410,2,2,1, 46412
7,46412,1,1,1, 46413
8,46416,1,1,1, 46417
24,46429,1,1,0, 46430
2,46443,2,2,1, 46445
1,46446,1,1,0, 46447
6,46450,2,2,1, 46452
7,46452,1,1,0, 46453
8,46456,1,1,1, 46457
9,46457,2,2,1, 46459
16,46459,2,2,1, 46461
24,46469,1,1,0, 46470
1,46486,1,1,1, 46487
6,46490,2,2,1, 46492
7,46492,1,1,0, 46493
8,46496,1,1,0, 46497
9,46497,2,2,1, 46499
24,46509,1,1,0, 46510
25,46515,2,2,1, 46517
1,46526,1,1,1, 46527
6,46530,2,2,1, 46532
7,46532,1,1,0, 46533
8,46536,1,1,1, 46537
16,46539,2,2,1, 46541
24,46549,1,1,1, 46550
31,46556,2,2,1, 46558
2,46563,2,2,1, 46565
1,46566,1,1,0, 46567
7,46572,1,1,1, 46573
8,46576,1,1,1, 46577
24,46589,1,1,1, 46590
31,46596,2,2,1, 46598
1,46606,1,1,1, 46607
7,46612,1,1,1, 46613
8,46616,1,1,0, 46617
9,46617,2,2,1, 46619
24,46629,1,1,1, 46630
8,46656,1,1,0, 46657
24,46669,1,1,1, 46670
8,46696,1,1,0, 46697
24,46709,1,1,0, 46710
1,46726,1,1,1, 46727
6,46730,2,2,1, 46732
7,46732,1,1,0, 46733
8,46736,1,1,0, 46737
9,46737,2,2,1, 46739
16,46739,2,2,1, 46741
24,46749,1,1,1, 46750
2,46763,2,2,1, 46765
1,46766,1,1,1, 46767
7,46772,1,1,0, 46773
8,46776,1,1,0, 46777
15,46781,2,2,1, 46783
24,46789,1,1,0, 46790
25,46795,2,2,1, 46797
31,46796,2,2,1, 46798
2,46803,2,2,1, 46805
1,46806,1,1,0, 46807
8,46816,1,1,1, 46817
16,46819,2,2,1, 46821
25,46835,2,2,1, 46837
2,46843,2,2,1, 46845
1,46846,1,1,1, 46847
8,46856,1,1,0, 46857
8,46896,1,1,0, 46897
15,46901,2,2,1, 46903
24,46909,1,1,1, 46910
6,46930,2,2,1, 46932
7,46932,1,1,0, 46933
8,46936,1,1,0, 46937
24,46949,1,1,0, 46950
25,46955,2,2,1, 46957
1,46966,1,1,0, 46967
7,46972,1,1,0, 46973
8,46976,1,1,1, 46977
16,46979,2,2,1, 46981
24,46989,1,1,1, 46990
1,47006,1,1,1, 47007
7,47012,1,1,0, 47013
8,47016,1,1,0, 47017
9,47017,2,2,1, 47019
24,47029,1,1,0, 47030
31,47036,2,2,1, 47038
1,47046,1,1,0, 47047
6,47050,2,2,1, 47052
7,47052,1,1,1, 47053
8,47056,1,1,1, 47057
24,47069,1,1,0, 47070
31,47076,2,2,1, 47078
2,47083,2,2,1, 47085
1,47086,1,1,1, 47087
6,47090,2,2,1, 47092
7,47092,1,1,1, 47093
8,47096,1,1,0, 47097
16,47099,2,2,1, 47101
24,47109,1,1,0, 47110
25,47115,2,2,1, 47117
2,47123,2,2,1, 47125
1,47126,1,1,0, 47127
7,47132,1,1,0, 47133
8,47136,1,1,1, 47137
9,47137,2,2,1, 47139
24,47149,1,1,1, 47150
25,47155,2,2,1, 47157
1,47166,1,1,1, 47167
7,47172,1,1,1, 47173
8,47176,1,1,0, 47177
24,47189,1,1,1, 47190
2,47203,2,2,1, 47205
1,47206,1,1,0, 47207
6,47210,2,2,1, 47212
7,47212,1,1,0, 47213
8,47216,1,1,0, 47217
15,47221,2,2,1, 47223
24,47229,1,1,1, 47230
31,47236,2,2,1, 47238
2,47243,2,2,1, 47245
1,47246,1,1,0, 47247
7,47252,1,1,0, 47253
8,47256,1,1,1, 47257
15,47261,2,2,1, 47263
24,47269,1,1,0, 47270
2,47283,2,2,1, 47285
1,47286,1,1,0, 47287
8,47296,1,1,1, 47297
16,47299,2,2,1, 47301
24,47309,1,1,1, 47310
2,47323,2,2,1, 47325
1,47326,1,1,1, 47327
8,47336,1,1,0, 47337
24,47349,1,1,1, 47350
1,47366,1,1,1, 47367
8,47376,1,1,1, 47377
16,47379,2,2,1, 47381
24,47389,1,1,0, 47390
25,47395,2,2,1, 47397
1,47406,1,1,1, 47407
6,47410,2,2,1, 47412
7,47412,1,1,1, 47413
8,47416,1,1,0, 47417
24,47429,1,1,0, 47430
25,47435,2,2,1, 47437
1,47446,1,1,0, 47447
7,47452,1,1,0, 47453
8,47456,1,1,1, 47457
9,47457,2,2,1, 47459
24,47469,1,1,0, 47470
1,47486,1,1,1, 47487
7,47492,1,1,0, 47493
8,47496,1,1,1, 47497
24,47509,1,1,0, 47510
1,47526,1,1,0, 47527
7,47532,1,1,0, 47533
8,47536,1,1,0, 47537
16,47539,2,2,1, 47541
24,47549,1,1,0, 47550
1,47566,1,1,1, 47567
7,47572,1,1,1, 47573
8,47576,1,1,0, 47577
9,47577,2,2,1, 47579
16,47579,2,2,1, 47581
24,47589,1,1,1, 47590
2,47603,2,2,1, 47605
1,47606,1,1,0, 47607
7,47612,1,1,1, 47613
8,47616,1,1,1, 47617
24,47629,1,1,1, 47630
31,47636,2,2,1, 47638
1,47646,1,1,0, 47647
7,47652,1,1,0, 47653
8,47656,1,1,0, 47657
24,47669,1,1,1, 47670
31,47676,2,2,1, 47678
2,47683,2,2,1, 47685
1,47686,1,1,0, 47687
6,47690,2,2,1, 47692
7,47692,1,1,1, 47693
8,47696,1,1,1, 47697
9,47697,2,2,1, 47699
16,47699,2,2,0, 47701
15,47701,2,2,1, 47703
24,47709,1,1,0, 47710
2,47723,2,2,1, 47725
1,47726,1,1,0, 47727
8,47736,1,1,1, 47737
15,47741,2,2,1, 47743
24,47749,1,1,1, 47750
1,47766,1,1,1, 47767
8,47776,1,1,1, 47777
15,47781,2,2,1, 47783
24,47789,1,1,0, 47790
1,47806,1,1,0, 47807
7,47812,1,1,1, 47813
8,47816,1,1,1, 47817
9,47817,2,2,1, 47819
16,47819,2,2,0, 47821
15,47821,2,2,1, 47823
24,47829,1,1,0, 47830
31,47836,2,2,1, 47838
7,47852,1,1,1, 47853
8,47856,1,1,0, 47857
16,47859,2,2,0, 47861
15,47861,2,2,0, 47863
24,47869,1,1,1, 47870
31,47876,2,2,1, 47878
8,47896,1,1,1, 47897
16,47899,2,2,0, 47901
24,47909,1,1,1, 47910
1,47926,1,1,1, 47927
8,47936,1,1,1, 47937
9,47937,2,2,1, 47939
16,47939,2,2,0, 47941
15,47941,2,2,0, 47943
24,47949,1,1,1, 47950
25,47955,2,2,1, 47957
1,47966,1,1,0, 47967
8,47976,1,1,0, 47977
15,47981,2,2,1, 47983
24,47989,1,1,0, 47990
31,47996,2,2,1, 47998
1,48006,1,1,0, 48007
7,48012,1,1,0, 48013
8,48016,1,1,0, 48017
15,48021,2,2,0, 48023
24,48029,1,1,1, 48030
2,48043,2,2,1, 48045
1,48046,1,1,0, 48047
6,48050,2,2,1, 48052
7,48052,1,1,0, 48053
8,48056,1,1,1, 48057
16,48059,2,2,1, 48061
7,48092,1,1,1, 48093
8,48096,1,1,0, 48097
16,48099,2,2,1, 48101
6,48130,2,2,1, 48132
7,48132,1,1,0, 48133
8,48136,1,1,0, 48137
16,48139,2,2,1, 48141
1,48166,1,1,0, 48167
7,48172,1,1,1, 48173
8,48176,1,1,0, 48177
9,48177,2,2,1, 48179
16,48179,2,2,1, 48181
15,48181,2,2,1, 48183
24,48189,1,1,0, 48190
25,48195,2,2,1, 48197
31,48196,2,2,1, 48198
1,48206,1,1,0, 48207
8,48216,1,1,1, 48217
15,48221,2,2,1, 48223
24,48229,1,1,0, 48230
25,48235,2,2,1, 48237
31,48236,2,2,1, 48238
1,48246,1,1,0, 48247
8,48256,1,1,0, 48257
15,48261,2,2,1, 48263
24,48269,1,1,0, 48270
1,48286,1,1,0, 48287
6,48290,2,2,1, 48292
7,48292,1,1,0, 48293
8,48296,1,1,0, 48297
9,48297,2,2,1, 48299
16,48299,2,2,1, 48301
15,48301,2,2,0, 48303
24,48309,1,1,1, 48310
1,48326,1,1,1, 48327
6,48330,2,2,1, 48332
7,48332,1,1,0, 48333
8,48336,1,1,0, 48337
9,48337,2,2,1, 48339
15,48341,2,2,0, 48343
24,48349,1,1,1, 48350
1,48366,1,1,0, 48367
7,48372,1,1,0, 48373
8,48376,1,1,1, 48377
24,48389,1,1,0, 48390
1,48406,1,1,1, 48407
7,48412,1,1,0, 48413
8,48416,1,1,0, 48417
16,48419,2,2,1, 48421
24,48429,1,1,1, 48430
1,48446,1,1,1, 48447
6,48450,2,2,1, 48452
7,48452,1,1,1, 48453
8,48456,1,1,1, 48457
16,48459,2,2,0, 48461
24,48469,1,1,0, 48470
31,48476,2,2,1, 48478
2,48483,2,2,1, 48485
1,48486,1,1,0, 48487
8,48496,1,1,1, 48497
15,48501,2,2,1, 48503
2,48523,2,2,1, 48525
1,48526,1,1,0, 48527
8,48536,1,1,0, 48537
15,48541,2,2,1, 48543
2,48563,2,2,1, 48565
1,48566,1,1,0, 48567
8,48576,1,1,0, 48577
15,48581,2,2,0, 48583
24,48589,1,1,0, 48590
25,48595,2,2,1, 48597
31,48596,2,2,1, 48598
1,48606,1,1,0, 48607
6,48610,2,2,1, 48612
7,48612,1,1,0, 48613
8,48616,1,1,1, 48617
9,48617,2,2,1, 48619
16,48619,2,2,1, 48621
1,48646,1,1,0, 48647
7,48652,1,1,0, 48653
8,48656,1,1,0, 48657
9,48657,2,2,1, 48659
16,48659,2,2,0, 48661
25,48675,2,2,1, 48677
1,48686,1,1,0, 48687
7,48692,1,1,1, 48693
8,48696,1,1,1, 48697
16,48699,2,2,1, 48701
24,48709,1,1,1, 48710
25,48715,2,2,1, 48717
2,48723,2,2,1, 48725
1,48726,1,1,0, 48727
6,48730,2,2,1, 48732
7,48732,1,1,0, 48733
8,48736,1,1,1, 48737
15,48741,2,2,1, 48743
24,48749,1,1,0, 48750
2,48763,2,2,1, 48765
1,48766,1,1,1, 48767
7,48772,1,1,0, 48773
8,48776,1,1,0, 48777
24,48789,1,1,1, 48790
2,48803,2,2,1, 48805
1,48806,1,1,0, 48807
6,48810,2,2,1, 48812
7,48812,1,1,1, 48813
8,48816,1,1,1, 48817
24,48829,1,1,1, 48830
31,48836,2,2,1, 48838
1,48846,1,1,0, 48847
7,48852,1,1,0, 48853
8,48856,1,1,0, 48857
16,48859,2,2,0, 48861
15,48861,2,2,1, 48863
24,48869,1,1,1, 48870
31,48876,2,2,1, 48878
1,48886,1,1,0, 48887
7,48892,1,1,0, 48893
8,48896,1,1,1, 48897
16,48899,2,2,0, 48901
24,48909,1,1,0, 48910
25,48915,2,2,1, 48917
8,48936,1,1,1, 48937
24,48949,1,1,1, 48950
25,48955,2,2,1, 48957
8,48976,1,1,0, 48977
24,48989,1,1,1, 48990
1,49006,1,1,0, 49007
7,49012,1,1,0, 49013
8,49016,1,1,1, 49017
9,49017,2,2,1, 49019
24,49029,1,1,1, 49030
31,49036,2,2,1, 49038
2,49043,2,2,1, 49045
1,49046,1,1,0, 49047
6,49050,2,2,1, 49052
7,49052,1,1,1, 49053
8,49056,1,1,1, 49057
15,49061,2,2,1, 49063
24,49069,1,1,1, 49070
31,49076,2,2,1, 49078
1,49086,1,1,1, 49087
8,49096,1,1,0, 49097
15,49101,2,2,1, 49103
24,49109,1,1,1, 49110
1,49126,1,1,0, 49127
8,49136,1,1,1, 49137
9,49137,2,2,1, 49139
16,49139,2,2,1, 49141
15,49141,2,2,1, 49143
24,49149,1,1,1, 49150
1,49166,1,1,0, 49167
8,49176,1,1,1, 49177
15,49181,2,2,1, 49183
24,49189,1,1,1, 49190
31,49196,2,2,1, 49198
1,49206,1,1,0, 49207
7,49212,1,1,1, 49213
8,49216,1,1,1, 49217
24,49229,1,1,0, 49230
2,49243,2,2,1, 49245
1,49246,1,1,1, 49247
7,49252,1,1,1, 49253
8,49256,1,1,1, 49257
16,49259,2,2,1, 49261
24,49269,1,1,1, 49270
2,49283,2,2,1, 49285
1,49286,1,1,0, 49287
7,49292,1,1,0, 49293
8,49296,1,1,1, 49297
24,49309,1,1,0, 49310
31,49316,2,2,1, 49318
1,49326,1,1,1, 49327
6,49330,2,2,1, 49332
7,49332,1,1,0, 49333
8,49336,1,1,1, 49337
16,49339,2,2,1, 49341
24,49349,1,1,0, 49350
31,49356,2,2,1, 49358
2,49363,2,2,1, 49365
1,49366,1,1,1, 49367
6,49370,2,2,1, 49372
7,49372,1,1,1, 49373
8,49376,1,1,0, 49377
9,49377,2,2,1, 49379
25,49395,2,2,1, 49397
1,49406,1,1,1, 49407
8,49416,1,1,0, 49417
25,49435,2,2,1, 49437
1,49446,1,1,0, 49447
8,49456,1,1,0, 49457
15,49461,2,2,1, 49463
1,49486,1,1,1, 49487
7,49492,1,1,0, 49493
8,49496,1,1,0, 49497
9,49497,2,2,1, 49499
16,49499,2,2,1, 49501
24,49509,1,1,0, 49510
31,49516,2,2,1, 49518
7,49532,1,1,0, 49533
8,49536,1,1,0, 49537
24,49549,1,1,1, 49550
31,49556,2,2,1, 49558
6,49570,2,2,1, 49572
7,49572,1,1,0, 49573
8,49576,1,1,0, 49577
24,49589,1,1,1, 49590
1,49606,1,1,1, 49607
6,49610,2,2,1, 49612
7,49612,1,1,1, 49613
8,49616,1,1,1, 49617
9,49617,2,2,1, 49619
16,49619,2,2,1, 49621
24,49629,1,1,1, 49630
1,49646,1,1,0, 49647
8,49656,1,1,0, 49657
24,49669,1,1,1, 49670
1,49686,1,1,1, 49687
8,49696,1,1,0, 49697
15,49701,2,2,1, 49703
24,49709,1,1,0, 49710
1,49726,1,1,0, 49727
6,49730,2,2,1, 49732
7,49732,1,1,0, 49733
8,49736,1,1,0, 49737
9,49737,2,2,1, 49739
16,49739,2,2,1, 49741
24,49749,1,1,1, 49750
31,49756,2,2,1, 49758
2,49763,2,2,1, 49765
1,49766,1,1,1, 49767
6,49770,2,2,1, 49772
7,49772,1,1,0, 49773
8,49776,1,1,0, 49777
24,49789,1,1,1, 49790
25,49795,2,2,1, 49797
31,49796,2,2,1, 49798
2,49803,2,2,1, 49805
1,49806,1,1,0, 49807
6,49810,2,2,1, 49812
7,49812,1,1,1, 49813
8,49816,1,1,0, 49817
24,49829,1,1,1, 49830
1,49846,1,1,1, 49847
7,49852,1,1,0, 49853
8,49856,1,1,0, 49857
16,49859,2,2,1, 49861
24,49869,1,1,1, 49870
2,49883,2,2,1, 49885
1,49886,1,1,1, 49887
8,49896,1,1,0, 49897
16,49899,2,2,1, 49901
15,49901,2,2,1, 49903
24,49909,1,1,0, 49910
1,49926,1,1,0, 49927
8,49936,1,1,1, 49937
24,49949,1,1,1, 49950
25,49955,2,2,1, 49957
2,49963,2,2,1, 49965
1,49966,1,1,1, 49967
6,49970,2,2,1, 49972
7,49972,1,1,1, 49973
8,49976,1,1,1, 49977
9,49977,2,2,1, 49979
24,49989,1,1,1, 49990
25,49995,2,2,1, 49997
6,50010,2,2,1, 50012
7,50012,1,1,1, 50013
8,50016,1,1,1, 50017
9,50017,2,2,1, 50019
24,50029,1,1,0, 50030
6,50050,2,2,1, 50052
7,50052,1,1,0, 50053
8,50056,1,1,0, 50057
1,50086,1,1,1, 50087
7,50092,1,1,1, 50093
8,50096,1,1,0, 50097
15,50101,2,2,1, 50103
25,50115,2,2,1, 50117
1,50126,1,1,0, 50127
6,50130,2,2,1, 50132
7,50132,1,1,1, 50133
8,50136,1,1,1, 50137
9,50137,2,2,1, 50139
15,50141,2,2,1, 50143
24,50149,1,1,1, 50150
25,50155,2,2,1, 50157
2,50163,2,2,1, 50165
1,50166,1,1,0, 50167
8,50176,1,1,0, 50177
9,50177,2,2,1, 50179
16,50179,2,2,1, 50181
24,50189,1,1,1, 50190
1,50206,1,1,0, 50207
8,50216,1,1,1, 50217
24,50229,1,1,1, 50230
1,50246,1,1,1, 50247
8,50256,1,1,1, 50257
24,50269,1,1,1, 50270
25,50275,2,2,1, 50277
2,50283,2,2,1, 50285
1,50286,1,1,0, 50287
6,50290,2,2,1, 50292
7,50292,1,1,0, 50293
8,50296,1,1,0, 50297
15,50301,2,2,1, 50303
24,50309,1,1,1, 50310
25,50315,2,2,1, 50317
1,50326,1,1,1, 50327
6,50330,2,2,1, 50332
7,50332,1,1,0, 50333
8,50336,1,1,0, 50337
15,50341,2,2,1, 50343
24,50349,1,1,1, 50350
2,50363,2,2,1, 50365
1,50366,1,1,0, 50367
6,50370,2,2,1, 50372
7,50372,1,1,0, 50373
8,50376,1,1,1, 50377
16,50379,2,2,1, 50381
15,50381,2,2,1, 50383
24,50389,1,1,0, 50390
31,50396,2,2,1, 50398
1,50406,1,1,1, 50407
6,50410,2,2,1, 50412
7,50412,1,1,1, 50413
8,50416,1,1,0, 50417
24,50429,1,1,1, 50430
2,50443,2,2,1, 50445
1,50446,1,1,1, 50447
6,50450,2,2,1, 50452
7,50452,1,1,0, 50453
8,50456,1,1,0, 50457
24,50469,1,1,0, 50470
25,50475,2,2,1, 50477
2,50483,2,2,1, 50485
1,50486,1,1,0, 50487
8,50496,1,1,0, 50497
24,50509,1,1,1, 50510
2,50523,2,2,1, 50525
1,50526,1,1,1, 50527
8,50536,1,1,1, 50537
15,50541,2,2,1, 50543
24,50549,1,1,0, 50550
2,50563,2,2,1, 50565
1,50566,1,1,0, 50567
8,50576,1,1,0, 50577
9,50577,2,2,1, 50579
15,50581,2,2,1, 50583
24,50589,1,1,0, 50590
8,50616,1,1,0, 50617
24,50629,1,1,0, 50630
25,50635,2,2,1, 50637
7,50652,1,1,0, 50653
8,50656,1,1,0, 50657
24,50669,1,1,1, 50670
25,50675,2,2,1, 50677
1,50686,1,1,0, 50687
7,50692,1,1,1, 50693
8,50696,1,1,1, 50697
9,50697,2,2,1, 50699
16,50699,2,2,1, 50701
24,50709,1,1,0, 50710
1,50726,1,1,1, 50727
6,50730,2,2,1, 50732
7,50732,1,1,1, 50733
8,50736,1,1,0, 50737
16,50739,2,2,1, 50741
24,50749,1,1,0, 50750
1,50766,1,1,1, 50767
6,50770,2,2,1, 50772
7,50772,1,1,1, 50773
8,50776,1,1,0, 50777
15,50781,2,2,1, 50783
24,50789,1,1,1, 50790
25,50795,2,2,1, 50797
1,50806,1,1,1, 50807
7,50812,1,1,0, 50813
8,50816,1,1,1, 50817
9,50817,2,2,1, 50819
24,50829,1,1,1, 50830
2,50843,2,2,1, 50845
1,50846,1,1,1, 50847
8,50856,1,1,1, 50857
24,50869,1,1,0, 50870
2,50883,2,2,1, 50885
1,50886,1,1,0, 50887
8,50896,1,1,1, 50897
16,50899,2,2,1, 50901
24,50909,1,1,1, 50910
31,50916,2,2,1, 50918
2,50923,2,2,1, 50925
1,50926,1,1,1, 50927
6,50930,2,2,1, 50932
7,50932,1,1,0, 50933
8,50936,1,1,0, 50937
9,50937,2,2,1, 50939
16,50939,2,2,1, 50941
24,50949,1,1,1, 50950
2,50963,2,2,1, 50965
1,50966,1,1,1, 50967
6,50970,2,2,1, 50972
7,50972,1,1,0, 50973
8,50976,1,1,1, 50977
16,50979,2,2,1, 50981
24,50989,1,1,0, 50990
25,50995,2,2,1, 50997
1,51006,1,1,1, 51007
6,51010,2,2,1, 51012
7,51012,1,1,1, 51013
8,51016,1,1,1, 51017
16,51019,2,2,1, 51021
24,51029,1,1,0, 51030
1,51046,1,1,1, 51047
6,51050,2,2,1, 51052
7,51052,1,1,0, 51053
8,51056,1,1,0, 51057
9,51057,2,2,1, 51059
16,51059,2,2,1, 51061
15,51061,2,2,1, 51063
31,51076,2,2,1, 51078
1,51086,1,1,1, 51087
6,51090,2,2,1, 51092
7,51092,1,1,0, 51093
8,51096,1,1,0, 51097
9,51097,2,2,1, 51099
15,51101,2,2,1, 51103
31,51116,2,2,1, 51118
2,51123,2,2,1, 51125
1,51126,1,1,1, 51127
8,51136,1,1,0, 51137
1,51166,1,1,0, 51167
8,51176,1,1,1, 51177
16,51179,2,2,1, 51181
24,51189,1,1,0, 51190
25,51195,2,2,1, 51197
2,51203,2,2,1, 51205
1,51206,1,1,0, 51207
8,51216,1,1,1, 51217
9,51217,2,2,1, 51219
24,51229,1,1,0, 51230
1,51246,1,1,0, 51247
7,51252,1,1,1, 51253
8,51256,1,1,0, 51257
31,51276,2,2,1, 51278
2,51283,2,2,1, 51285
1,51286,1,1,0, 51287
7,51292,1,1,0, 51293
8,51296,1,1,0, 51297
25,51315,2,2,1, 51317
1,51326,1,1,0, 51327
6,51330,2,2,1, 51332
7,51332,1,1,0, 51333
8,51336,1,1,0, 51337
24,51349,1,1,1, 51350
25,51355,2,2,1, 51357
6,51370,2,2,1, 51372
7,51372,1,1,0, 51373
8,51376,1,1,1, 51377
9,51377,2,2,1, 51379
16,51379,2,2,1, 51381
24,51389,1,1,1, 51390
25,51395,2,2,1, 51397
7,51412,1,1,1, 51413
8,51416,1,1,0, 51417
16,51419,2,2,1, 51421
15,51421,2,2,1, 51423
24,51429,1,1,1, 51430
25,51435,2,2,1, 51437
6,51450,2,2,1, 51452
7,51452,1,1,0, 51453
8,51456,1,1,1, 51457
15,51461,2,2,1, 51463
24,51469,1,1,0, 51470
2,51483,2,2,1, 51485
1,51486,1,1,1, 51487
8,51496,1,1,0, 51497
15,51501,2,2,1, 51503
24,51509,1,1,0, 51510
31,51516,2,2,1, 51518
1,51526,1,1,0, 51527
8,51536,1,1,1, 51537
16,51539,2,2,1, 51541
15,51541,2,2,1, 51543
24,51549,1,1,1, 51550
1,51566,1,1,1, 51567
8,51576,1,1,1, 51577
9,51577,2,2,1, 51579
15,51581,2,2,1, 51583
24,51589,1,1,0, 51590
1,51606,1,1,0, 51607
7,51612,1,1,0, 51613
8,51616,1,1,1, 51617
24,51629,1,1,0, 51630
25,51635,2,2,1, 51637
1,51646,1,1,0, 51647
6,51650,2,2,1, 51652
7,51652,1,1,0, 51653
8,51656,1,1,0, 51657
2,51683,2,2,1, 51685
1,51686,1,1,1, 51687
6,51690,2,2,1, 51692
7,51692,1,1,1, 51693
8,51696,1,1,1, 51697
1,51726,1,1,0, 51727
7,51732,1,1,0, 51733
8,51736,1,1,0, 51737
24,51749,1,1,0, 51750
2,51763,2,2,1, 51765
1,51766,1,1,0, 51767
7,51772,1,1,1, 51773
8,51776,1,1,0, 51777
9,51777,2,2,1, 51779
24,51789,1,1,1, 51790
1,51806,1,1,1, 51807
6,51810,2,2,1, 51812
7,51812,1,1,0, 51813
8,51816,1,1,1, 51817
24,51829,1,1,1, 51830
1,51846,1,1,0, 51847
6,51850,2,2,1, 51852
7,51852,1,1,0, 51853
8,51856,1,1,0, 51857
16,51859,2,2,1, 51861
25,51875,2,2,1, 51877
1,51886,1,1,0, 51887
7,51892,1,1,0, 51893
8,51896,1,1,0, 51897
16,51899,2,2,1, 51901
25,51915,2,2,1, 51917
2,51923,2,2,1, 51925
1,51926,1,1,1, 51927
8,51936,1,1,1, 51937
9,51937,2,2,1, 51939
24,51949,1,1,1, 51950
25,51955,2,2,1, 51957
7,51972,1,1,0, 51973
8,51976,1,1,1, 51977
24,51989,1,1,0, 51990
31,51996,2,2,1, 51998
6,52010,2,2,1, 52012
7,52012,1,1,1, 52013
8,52016,1,1,0, 52017
24,52029,1,1,0, 52030
7,52052,1,1,0, 52053
8,52056,1,1,0, 52057
24,52069,1,1,1, 52070
31,52076,2,2,1, 52078
1,52086,1,1,0, 52087
7,52092,1,1,0, 52093
8,52096,1,1,0, 52097
24,52109,1,1,1, 52110
25,52115,2,2,1, 52117
2,52123,2,2,1, 52125
1,52126,1,1,0, 52127
7,52132,1,1,1, 52133
8,52136,1,1,1, 52137
16,52139,2,2,1, 52141
24,52149,1,1,1, 52150
7,52172,1,1,0, 52173
8,52176,1,1,0, 52177
15,52181,2,2,1, 52183
24,52189,1,1,0, 52190
31,52196,2,2,1, 52198
6,52210,2,2,1, 52212
7,52212,1,1,0, 52213
8,52216,1,1,0, 52217
15,52221,2,2,1, 52223
24,52229,1,1,0, 52230
1,52246,1,1,1, 52247
7,52252,1,1,0, 52253
8,52256,1,1,0, 52257
24,52269,1,1,0, 52270
31,52276,2,2,1, 52278
1,52286,1,1,0, 52287
8,52296,1,1,0, 52297
24,52309,1,1,0, 52310
2,52323,2,2,1, 52325
1,52326,1,1,0, 52327
8,52336,1,1,0, 52337
16,52339,2,2,1, 52341
15,52341,2,2,1, 52343
24,52349,1,1,1, 52350
2,52363,2,2,1, 52365
1,52366,1,1,1, 52367
7,52372,1,1,0, 52373
8,52376,1,1,0, 52377
24,52389,1,1,1, 52390
31,52396,2,2,1, 52398
1,52406,1,1,1, 52407
7,52412,1,1,1, 52413
8,52416,1,1,1, 52417
9,52417,2,2,1, 52419
24,52429,1,1,0, 52430
2,52443,2,2,1, 52445
1,52446,1,1,0, 52447
6,52450,2,2,1, 52452
7,52452,1,1,1, 52453
8,52456,1,1,0, 52457
24,52469,1,1,0, 52470
1,52486,1,1,1, 52487
7,52492,1,1,0, 52493
8,52496,1,1,0, 52497
24,52509,1,1,1, 52510
7,52532,1,1,0, 52533
8,52536,1,1,0, 52537
15,52541,2,2,1, 52543
24,52549,1,1,1, 52550
6,52570,2,2,1, 52572
7,52572,1,1,1, 52573
8,52576,1,1,0, 52577
24,52589,1,1,0, 52590
1,52606,1,1,0, 52607
6,52610,2,2,1, 52612
7,52612,1,1,1, 52613
8,52616,1,1,1, 52617
9,52617,2,2,1, 52619
15,52621,2,2,1, 52623
24,52629,1,1,1, 52630
25,52635,2,2,1, 52637
1,52646,1,1,1, 52647
7,52652,1,1,1, 52653
8,52656,1,1,0, 52657
24,52669,1,1,0, 52670
25,52675,2,2,1, 52677
1,52686,1,1,0, 52687
6,52690,2,2,1, 52692
7,52692,1,1,0, 52693
8,52696,1,1,0, 52697
24,52709,1,1,1, 52710
2,52723,2,2,1, 52725
1,52726,1,1,0, 52727
7,52732,1,1,0, 52733
8,52736,1,1,0, 52737
24,52749,1,1,0, 52750
2,52763,2,2,1, 52765
1,52766,1,1,1, 52767
7,52772,1,1,1, 52773
8,52776,1,1,0, 52777
24,52789,1,1,0, 52790
25,52795,2,2,1, 52797
31,52796,2,2,1, 52798
8,52816,1,1,1, 52817
15,52821,2,2,1, 52823
24,52829,1,1,1, 52830
8,52856,1,1,0, 52857
24,52869,1,1,1, 52870
8,52896,1,1,0, 52897
24,52909,1,1,1, 52910
2,52923,2,2,1, 52925
1,52926,1,1,0, 52927
7,52932,1,1,1, 52933
8,52936,1,1,1, 52937
16,52939,2,2,1, 52941
24,52949,1,1,1, 52950
31,52956,2,2,1, 52958
2,52963,2,2,1, 52965
1,52966,1,1,1, 52967
6,52970,2,2,1, 52972
7,52972,1,1,0, 52973
8,52976,1,1,1, 52977
16,52979,2,2,1, 52981
25,52995,2,2,1, 52997
31,52996,2,2,1, 52998
1,53006,1,1,1, 53007
6,53010,2,2,1, 53012
7,53012,1,1,0, 53013
8,53016,1,1,0, 53017
16,53019,2,2,1, 53021
31,53036,2,2,1, 53038
2,53043,2,2,1, 53045
1,53046,1,1,1, 53047
8,53056,1,1,1, 53057
16,53059,2,2,1, 53061
15,53061,2,2,1, 53063
1,53086,1,1,1, 53087
8,53096,1,1,0, 53097
9,53097,2,2,1, 53099
16,53099,2,2,1, 53101
24,53109,1,1,1, 53110
6,53130,2,2,1, 53132
7,53132,1,1,1, 53133
8,53136,1,1,1, 53137
16,53139,2,2,1, 53141
15,53141,2,2,1, 53143
24,53149,1,1,1, 53150
31,53156,2,2,1, 53158
6,53170,2,2,1, 53172
7,53172,1,1,1, 53173
8,53176,1,1,0, 53177
24,53189,1,1,1, 53190
31,53196,2,2,1, 53198
1,53206,1,1,1, 53207
6,53210,2,2,1, 53212
7,53212,1,1,0, 53213
8,53216,1,1,1, 53217
24,53229,1,1,0, 53230
2,53243,2,2,1, 53245
1,53246,1,1,0, 53247
7,53252,1,1,1, 53253
8,53256,1,1,1, 53257
9,53257,2,2,1, 53259
24,53269,1,1,1, 53270
25,53275,2,2,1, 53277
1,53286,1,1,1, 53287
7,53292,1,1,0, 53293
8,53296,1,1,0, 53297
9,53297,2,2,1, 53299
24,53309,1,1,0, 53310
25,53315,2,2,1, 53317
1,53326,1,1,1, 53327
6,53330,2,2,1, 53332
7,53332,1,1,1, 53333
8,53336,1,1,1, 53337
9,53337,2,2,1, 53339
16,53339,2,2,1, 53341
8,53376,1,1,1, 53377
8,53416,1,1,0, 53417
1,53446,1,1,1, 53447
7,53452,1,1,1, 53453
8,53456,1,1,0, 53457
16,53459,2,2,1, 53461
15,53461,2,2,1, 53463
24,53469,1,1,0, 53470
25,53475,2,2,1, 53477
1,53486,1,1,1, 53487
7,53492,1,1,0, 53493
8,53496,1,1,1, 53497
24,53509,1,1,1, 53510
25,53515,2,2,1, 53517
2,53523,2,2,1, 53525
1,53526,1,1,1, 53527
6,53530,2,2,1, 53532
7,53532,1,1,0, 53533
8,53536,1,1,0, 53537
16,53539,2,2,1, 53541
15,53541,2,2,1, 53543
24,53549,1,1,1, 53550
1,53566,1,1,1, 53567
7,53572,1,1,1, 53573
8,53576,1,1,0, 53577
16,53579,2,2,1, 53581
15,53581,2,2,1, 53583
24,53589,1,1,1, 53590
1,53606,1,1,0, 53607
6,53610,2,2,1, 53612
7,53612,1,1,0, 53613
8,53616,1,1,0, 53617
24,53629,1,1,1, 53630
31,53636,2,2,1, 53638
1,53646,1,1,0, 53647
8,53656,1,1,1, 53657
24,53669,1,1,0, 53670
25,53675,2,2,1, 53677
31,53676,2,2,1, 53678
1,53686,1,1,1, 53687
8,53696,1,1,0, 53697
9,53697,2,2,1, 53699
24,53709,1,1,0, 53710
1,53726,1,1,0, 53727
8,53736,1,1,1, 53737
15,53741,2,2,1, 53743
24,53749,1,1,1, 53750
25,53755,2,2,1, 53757
1,53766,1,1,0, 53767
7,53772,1,1,1, 53773
8,53776,1,1,1, 53777
1,53806,1,1,0, 53807
6,53810,2,2,1, 53812
7,53812,1,1,1, 53813
8,53816,1,1,1, 53817
2,53843,2,2,1, 53845
1,53846,1,1,1, 53847
6,53850,2,2,1, 53852
7,53852,1,1,0, 53853
8,53856,1,1,1, 53857
2,53883,2,2,1, 53885
1,53886,1,1,1, 53887
7,53892,1,1,1, 53893
8,53896,1,1,0, 53897
9,53897,2,2,1, 53899
24,53909,1,1,1, 53910
2,53923,2,2,1, 53925
1,53926,1,1,0, 53927
7,53932,1,1,0, 53933
8,53936,1,1,0, 53937
24,53949,1,1,0, 53950
7,53972,1,1,1, 53973
8,53976,1,1,1, 53977
9,53977,2,2,1, 53979
24,53989,1,1,0, 53990
2,54003,2,2,1, 54005
1,54006,1,1,0, 54007
6,54010,2,2,1, 54012
7,54012,1,1,0, 54013
8,54016,1,1,0, 54017
16,54019,2,2,1, 54021
24,54029,1,1,0, 54030
2,54043,2,2,1, 54045
1,54046,1,1,0, 54047
6,54050,2,2,1, 54052
7,54052,1,1,0, 54053
8,54056,1,1,1, 54057
16,54059,2,2,1, 54061
24,54069,1,1,0, 54070
25,54075,2,2,1, 54077
1,54086,1,1,0, 54087
6,54090,2,2,1, 54092
7,54092,1,1,1, 54093
8,54096,1,1,0, 54097
24,54109,1,1,0, 54110
25,54115,2,2,1, 54117
6,54130,2,2,1, 54132
7,54132,1,1,0, 54133
8,54136,1,1,1, 54137
24,54149,1,1,0, 54150
6,54170,2,2,1, 54172
7,54172,1,1,0, 54173
8,54176,1,1,0, 54177
16,54179,2,2,1, 54181
24,54189,1,1,1, 54190
7,54212,1,1,0, 54213
8,54216,1,1,0, 54217
24,54229,1,1,0, 54230
25,54235,2,2,1, 54237
31,54236,2,2,1, 54238
1,54246,1,1,0, 54247
8,54256,1,1,0, 54257
25,54275,2,2,1, 54277
2,54283,2,2,1, 54285
1,54286,1,1,0, 54287
8,54296,1,1,1, 54297
9,54297,2,2,1, 54299
8,54336,1,1,1, 54337
16,54339,2,2,1, 54341
15,54341,2,2,1, 54343
24,54349,1,1,0, 54350
25,54355,2,2,1, 54357
8,54376,1,1,0, 54377
24,54389,1,1,0, 54390
25,54395,2,2,1, 54397
1,54406,1,1,0, 54407
8,54416,1,1,0, 54417
16,54419,2,2,1, 54421
15,54421,2,2,1, 54423
24,54429,1,1,1, 54430
25,54435,2,2,1, 54437
1,54446,1,1,1, 54447
8,54456,1,1,0, 54457
15,54461,2,2,1, 54463
24,54469,1,1,1, 54470
25,54475,2,2,1, 54477
31,54476,2,2,1, 54478
2,54483,2,2,1, 54485
1,54486,1,1,0, 54487
6,54490,2,2,1, 54492
7,54492,1,1,1, 54493
8,54496,1,1,1, 54497
1,54526,1,1,0, 54527
7,54532,1,1,0, 54533
8,54536,1,1,0, 54537
25,54555,2,2,1, 54557
2,54563,2,2,1, 54565
1,54566,1,1,0, 54567
6,54570,2,2,1, 54572
7,54572,1,1,1, 54573
8,54576,1,1,0, 54577
24,54589,1,1,0, 54590
7,54612,1,1,1, 54613
8,54616,1,1,1, 54617
16,54619,2,2,1, 54621
24,54629,1,1,0, 54630
6,54650,2,2,1, 54652
7,54652,1,1,0, 54653
8,54656,1,1,1, 54657
9,54657,2,2,1, 54659
24,54669,1,1,0, 54670
7,54692,1,1,1, 54693
8,54696,1,1,1, 54697
24,54709,1,1,0, 54710
31,54716,2,2,1, 54718
1,54726,1,1,1, 54727
8,54736,1,1,1, 54737
24,54749,1,1,1, 54750
1,54766,1,1,0, 54767
8,54776,1,1,1, 54777
9,54777,2,2,1, 54779
16,54779,2,2,1, 54781
24,54789,1,1,0, 54790
31,54796,2,2,1, 54798
1,54806,1,1,0, 54807
24,54829,1,1,0, 54830
25,54835,2,2,1, 54837
2,54843,2,2,1, 54845
1,54846,1,1,0, 54847
6,54850,2,2,1, 54852
7,54852,1,1,0, 54853
24,54869,1,1,0, 54870
25,54875,2,2,1, 54877
1,54886,1,1,1, 54887
6,54890,2,2,1, 54892
7,54892,1,1,0, 54893
8,54896,1,1,1, 54897
24,54909,1,1,1, 54910
1,54926,1,1,1, 54927
7,54932,1,1,0, 54933
8,54936,1,1,0, 54937
9,54937,2,2,1, 54939
24,54949,1,1,0, 54950
31,54956,2,2,1, 54958
6,54970,2,2,1, 54972
7,54972,1,1,0, 54973
8,54976,1,1,0, 54977
24,54989,1,1,0, 54990
7,55012,1,1,0, 55013
8,55016,1,1,1, 55017
9,55017,2,2,1, 55019
24,55029,1,1,0, 55030
6,55050,2,2,1, 55052
7,55052,1,1,1, 55053
8,55056,1,1,0, 55057
9,55057,2,2,1, 55059
24,55069,1,1,0, 55070
25,55075,2,2,1, 55077
2,55083,2,2,1, 55085
1,55086,1,1,0, 55087
7,55092,1,1,1, 55093
8,55096,1,1,0, 55097
24,55109,1,1,1, 55110
1,55126,1,1,0, 55127
7,55132,1,1,1, 55133
8,55136,1,1,1, 55137
15,55141,2,2,1, 55143
24,55149,1,1,1, 55150
2,55163,2,2,1, 55165
1,55166,1,1,0, 55167
7,55172,1,1,0, 55173
8,55176,1,1,0, 55177
15,55181,2,2,1, 55183
24,55189,1,1,0, 55190
25,55195,2,2,1, 55197
1,55206,1,1,0, 55207
6,55210,2,2,1, 55212
7,55212,1,1,1, 55213
8,55216,1,1,1, 55217
9,55217,2,2,1, 55219
24,55229,1,1,0, 55230
25,55235,2,2,1, 55237
2,55243,2,2,1, 55245
1,55246,1,1,1, 55247
6,55250,2,2,1, 55252
7,55252,1,1,0, 55253
8,55256,1,1,1, 55257
9,55257,2,2,1, 55259
24,55269,1,1,1, 55270
25,55275,2,2,1, 55277
16,55299,2,2,1, 55301
24,55309,1,1,1, 55310
31,55316,2,2,1, 55318
6,55330,2,2,1, 55332
7,55332,1,1,0, 55333
8,55336,1,1,0, 55337
16,55339,2,2,1, 55341
1,55366,1,1,0, 55367
7,55372,1,1,1, 55373
8,55376,1,1,0, 55377
9,55377,2,2,1, 55379
25,55395,2,2,1, 55397
1,55406,1,1,0, 55407
6,55410,2,2,1, 55412
7,55412,1,1,0, 55413
8,55416,1,1,1, 55417
16,55419,2,2,1, 55421
24,55429,1,1,1, 55430
25,55435,2,2,1, 55437
1,55446,1,1,0, 55447
7,55452,1,1,0, 55453
8,55456,1,1,0, 55457
16,55459,2,2,1, 55461
24,55469,1,1,0, 55470
2,55483,2,2,1, 55485
1,55486,1,1,1, 55487
7,55492,1,1,0, 55493
8,55496,1,1,0, 55497
9,55497,2,2,1, 55499
16,55499,2,2,1, 55501
24,55509,1,1,1, 55510
31,55516,2,2,1, 55518
2,55523,2,2,1, 55525
1,55526,1,1,0, 55527
24,55549,1,1,0, 55550
1,55566,1,1,1, 55567
24,55589,1,1,1, 55590
31,55596,2,2,1, 55598
2,55603,2,2,1, 55605
1,55606,1,1,1, 55607
7,55612,1,1,0, 55613
8,55616,1,1,0, 55617
15,55621,2,2,1, 55623
24,55629,1,1,0, 55630
7,55652,1,1,0, 55653
8,55656,1,1,1, 55657
24,55669,1,1,0, 55670
25,55675,2,2,1, 55677
6,55690,2,2,1, 55692
7,55692,1,1,0, 55693
8,55696,1,1,0, 55697
9,55697,2,2,1, 55699
24,55709,1,1,1, 55710
1,55726,1,1,1, 55727
6,55730,2,2,1, 55732
7,55732,1,1,0, 55733
8,55736,1,1,1, 55737
24,55749,1,1,1, 55750
2,55763,2,2,1, 55765
1,55766,1,1,1, 55767
6,55770,2,2,1, 55772
7,55772,1,1,0, 55773
8,55776,1,1,0, 55777
24,55789,1,1,0, 55790
1,55806,1,1,0, 55807
8,55816,1,1,1, 55817
16,55819,2,2,1, 55821
15,55821,2,2,1, 55823
24,55829,1,1,0, 55830
1,55846,1,1,1, 55847
8,55856,1,1,1, 55857
24,55869,1,1,1, 55870
1,55886,1,1,1, 55887
9,55897,2,2,1, 55899
16,55899,2,2,1, 55901
24,55909,1,1,0, 55910
25,55915,2,2,1, 55917
31,55916,2,2,1, 55918
1,55926,1,1,0, 55927
7,55932,1,1,0, 55933
9,55937,2,2,1, 55939
24,55949,1,1,0, 55950
1,55966,1,1,1, 55967
7,55972,1,1,1, 55973
8,55976,1,1,1, 55977
9,55977,2,2,1, 55979
1,56006,1,1,0, 56007
7,56012,1,1,0, 56013
8,56016,1,1,0, 56017
16,56019,2,2,1, 56021
15,56021,2,2,1, 56023
25,56035,2,2,1, 56037
2,56043,2,2,1, 56045
1,56046,1,1,1, 56047
8,56056,1,1,0, 56057
2,56083,2,2,1, 56085
1,56086,1,1,1, 56087
8,56096,1,1,1, 56097
24,56109,1,1,0, 56110
6,56130,2,2,1, 56132
7,56132,1,1,0, 56133
24,56149,1,1,1, 56150
7,56172,1,1,0, 56173
24,56189,1,1,0, 56190
1,56206,1,1,1, 56207
7,56212,1,1,1, 56213
16,56219,2,2,1, 56221
24,56229,1,1,0, 56230
1,56246,1,1,0, 56247
6,56250,2,2,1, 56252
7,56252,1,1,1, 56253
24,56269,1,1,0, 56270
25,56275,2,2,1, 56277
7,56292,1,1,1, 56293
16,56299,2,2,1, 56301
24,56309,1,1,1, 56310
31,56316,2,2,1, 56318
6,56330,2,2,1, 56332
7,56332,1,1,1, 56333
16,56339,2,2,1, 56341
24,56349,1,1,0, 56350
16,56379,2,2,1, 56381
24,56389,1,1,1, 56390
25,56395,2,2,1, 56397
1,56406,1,1,0, 56407
24,56429,1,1,1, 56430
25,56435,2,2,1, 56437
1,56446,1,1,1, 56447
7,56452,1,1,1, 56453
15,56461,2,2,1, 56463
1,56486,1,1,0, 56487
7,56492,1,1,0, 56493
15,56501,2,2,1, 56503
25,56515,2,2,1, 56517
2,56523,2,2,1, 56525
1,56526,1,1,0, 56527
6,56530,2,2,1, 56532
7,56532,1,1,1, 56533
9,56537,2,2,1, 56539
15,56541,2,2,1, 56543
25,56555,2,2,1, 56557
2,56563,2,2,1, 56565
1,56566,1,1,0, 56567
7,56572,1,1,1, 56573
9,56577,2,2,1, 56579
16,56579,2,2,1, 56581
15,56581,2,2,1, 56583
24,56589,1,1,1, 56590
7,56612,1,1,0, 56613
16,56619,2,2,1, 56621
24,56629,1,1,1, 56630
25,56635,2,2,1, 56637
31,56636,2,2,1, 56638
24,56669,1,1,0, 56670
25,56675,2,2,1, 56677
1,56686,1,1,0, 56687
1,56726,1,1,0, 56727
9,56737,2,2,1, 56739
1,56766,1,1,0, 56767
6,56770,2,2,1, 56772
7,56772,1,1,0, 56773
9,56777,2,2,1, 56779
1,56806,1,1,1, 56807
6,56810,2,2,1, 56812
7,56812,1,1,1, 56813
16,56819,2,2,1, 56821
24,56829,1,1,1, 56830
25,56835,2,2,1, 56837
2,56843,2,2,1, 56845
1,56846,1,1,0, 56847
7,56852,1,1,0, 56853
9,56857,2,2,1, 56859
16,56859,2,2,1, 56861
24,56869,1,1,1, 56870
2,56883,2,2,1, 56885
6,56890,2,2,1, 56892
7,56892,1,1,0, 56893
16,56899,2,2,1, 56901
15,56901,2,2,1, 56903
24,56909,1,1,0, 56910
7,56932,1,1,1, 56933
16,56939,2,2,1, 56941
24,56949,1,1,1, 56950
7,56972,1,1,1, 56973
15,56981,2,2,1, 56983
24,56989,1,1,0, 56990
1,57006,1,1,0, 57007
6,57010,2,2,1, 57012
7,57012,1,1,1, 57013
24,57029,1,1,1, 57030
1,57046,1,1,1, 57047
6,57050,2,2,1, 57052
7,57052,1,1,0, 57053
9,57057,2,2,1, 57059
24,57069,1,1,0, 57070
1,57086,1,1,1, 57087
7,57092,1,1,0, 57093
9,57097,2,2,1, 57099
16,57099,2,2,1, 57101
24,57109,1,1,0, 57110
2,57123,2,2,1, 57125
1,57126,1,1,0, 57127
16,57139,2,2,1, 57141
24,57149,1,1,0, 57150
2,57163,2,2,1, 57165
1,57166,1,1,0, 57167
16,57179,2,2,1, 57181
24,57189,1,1,1, 57190
1,57206,1,1,0, 57207
16,57219,2,2,1, 57221
24,57229,1,1,1, 57230
1,57246,1,1,1, 57247
6,57250,2,2,1, 57252
7,57252,1,1,1, 57253
25,57275,2,2,1, 57277
2,57283,2,2,1, 57285
1,57286,1,1,0, 57287
6,57290,2,2,1, 57292
7,57292,1,1,1, 57293
7,57332,1,1,0, 57333
24,57349,1,1,1, 57350
25,57355,2,2,1, 57357
31,57356,2,2,1, 57358
1,57366,1,1,1, 57367
7,57372,1,1,0, 57373
9,57377,2,2,1, 57379
24,57389,1,1,1, 57390
25,57395,2,2,1, 57397
2,57403,2,2,1, 57405
1,57406,1,1,0, 57407
7,57412,1,1,0, 57413
15,57421,2,2,1, 57423
24,57429,1,1,0, 57430
7,57452,1,1,0, 57453
24,57469,1,1,0, 57470
31,57476,2,2,1, 57478
7,57492,1,1,1, 57493
15,57501,2,2,1, 57503
24,57509,1,1,0, 57510
1,57526,1,1,0, 57527
7,57532,1,1,0, 57533
15,57541,2,2,1, 57543
24,57549,1,1,1, 57550
2,57563,2,2,1, 57565
1,57566,1,1,1, 57567
7,57572,1,1,0, 57573
15,57581,2,2,1, 57583
24,57589,1,1,1, 57590
25,57595,2,2,1, 57597
1,57606,1,1,1, 57607
7,57612,1,1,1, 57613
15,57621,2,2,1, 57623
24,57629,1,1,1, 57630
7,57652,1,1,0, 57653
16,57659,2,2,1, 57661
15,57661,2,2,1, 57663
24,57669,1,1,0, 57670
7,57692,1,1,1, 57693
16,57699,2,2,1, 57701
15,57701,2,2,1, 57703
24,57709,1,1,1, 57710
1,57726,1,1,1, 57727
7,57732,1,1,0, 57733
9,57737,2,2,1, 57739
24,57749,1,1,0, 57750
2,57763,2,2,1, 57765
1,57766,1,1,0, 57767
7,57772,1,1,0, 57773
16,57779,2,2,1, 57781
7,57812,1,1,1, 57813
7,57852,1,1,0, 57853
15,57861,2,2,1, 57863
1,57886,1,1,0, 57887
7,57892,1,1,0, 57893
9,57897,2,2,1, 57899
16,57899,2,2,1, 57901
15,57901,2,2,1, 57903
24,57909,1,1,0, 57910
25,57915,2,2,1, 57917
1,57926,1,1,0, 57927
7,57932,1,1,0, 57933
15,57941,2,2,1, 57943
24,57949,1,1,1, 57950
1,57966,1,1,0, 57967
7,57972,1,1,1, 57973
9,57977,2,2,1, 57979
15,57981,2,2,1, 57983
25,57995,2,2,1, 57997
1,58006,1,1,1, 58007
7,58012,1,1,1, 58013
1,58046,1,1,1, 58047
7,58052,1,1,1, 58053
9,58057,2,2,1, 58059
24,58069,1,1,1, 58070
31,58076,2,2,1, 58078
2,58083,2,2,1, 58085
1,58086,1,1,1, 58087
7,58092,1,1,0, 58093
16,58099,2,2,1, 58101
24,58109,1,1,1, 58110
1,58126,1,1,0, 58127
7,58132,1,1,0, 58133
24,58149,1,1,0, 58150
1,58166,1,1,1, 58167
7,58172,1,1,1, 58173
16,58179,2,2,1, 58181
24,58189,1,1,0, 58190
31,58196,2,2,1, 58198
1,58206,1,1,1, 58207
7,58212,1,1,0, 58213
9,58217,2,2,1, 58219
15,58221,2,2,1, 58223
25,58235,2,2,1, 58237
1,58246,1,1,0, 58247
7,58252,1,1,0, 58253
9,58257,2,2,1, 58259
7,58292,1,1,1, 58293
24,58309,1,1,0, 58310
31,58316,2,2,1, 58318
7,58332,1,1,1, 58333
15,58341,2,2,1, 58343
24,58349,1,1,0, 58350
25,58355,2,2,1, 58357
1,58366,1,1,0, 58367
7,58372,1,1,1, 58373
16,58379,2,2,1, 58381
1,58406,1,1,1, 58407
7,58412,1,1,1, 58413
1,58446,1,1,0, 58447
7,58452,1,1,1, 58453
1,58486,1,1,0, 58487
7,58492,1,1,0, 58493
16,58499,2,2,1, 58501
15,58501,2,2,1, 58503
24,58509,1,1,1, 58510
25,58515,2,2,1, 58517
31,58516,2,2,0, 58518
1,58526,1,1,1, 58527
7,58532,1,1,1, 58533
9,58537,2,2,1, 58539
15,58541,2,2,1, 58543
24,58549,1,1,1, 58550
25,58555,2,2,1, 58557
31,58556,2,2,0, 58558
1,58566,1,1,0, 58567
7,58572,1,1,1, 58573
15,58581,2,2,1, 58583
31,58596,2,2,1, 58598
1,58606,1,1,0, 58607
7,58612,1,1,1, 58613
9,58617,2,2,1, 58619
15,58621,2,2,0, 58623
25,58635,2,2,1, 58637
31,58636,2,2,1, 58638
1,58646,1,1,1, 58647
7,58652,1,1,0, 58653
15,58661,2,2,1, 58663
31,58676,2,2,0, 58678
1,58686,1,1,0, 58687
7,58692,1,1,1, 58693
15,58701,2,2,0, 58703
31,58716,2,2,1, 58718
1,58726,1,1,0, 58727
7,58732,1,1,1, 58733
15,58741,2,2,0, 58743
31,58756,2,2,0, 58758
1,58766,1,1,1, 58767
7,58772,1,1,0, 58773
9,58777,2,2,1, 58779
15,58781,2,2,1, 58783
25,58795,2,2,1, 58797
31,58796,2,2,1, 58798
1,58806,1,1,1, 58807
7,58812,1,1,0, 58813
9,58817,2,2,1, 58819
15,58821,2,2,0, 58823
25,58835,2,2,1, 58837
31,58836,2,2,1, 58838
1,58846,1,1,1, 58847
7,58852,1,1,0, 58853
9,58857,2,2,1, 58859
25,58875,2,2,1, 58877
31,58876,2,2,0, 58878
1,58886,1,1,0, 58887
7,58892,1,1,0, 58893
25,58915,2,2,1, 58917
31,58916,2,2,0, 58918
1,58926,1,1,1, 58927
7,58932,1,1,0, 58933
31,58956,2,2,0, 58958
1,58966,1,1,1, 58967
7,58972,1,1,0, 58973
9,58977,2,2,1, 58979
15,58981,2,2,1, 58983
25,58995,2,2,1, 58997
31,58996,2,2,0, 58998
1,59006,1,1,0, 59007
7,59012,1,1,0, 59013
15,59021,2,2,1, 59023
31,59036,2,2,0, 59038
1,59046,1,1,1, 59047
7,59052,1,1,1, 59053
9,59057,2,2,1, 59059
15,59061,2,2,1, 59063
31,59076,2,2,1, 59078
1,59086,1,1,1, 59087
7,59092,1,1,0, 59093
15,59101,2,2,1, 59103
25,59115,2,2,1, 59117
31,59116,2,2,0, 59118
1,59126,1,1,1, 59127
7,59132,1,1,0, 59133
15,59141,2,2,1, 59143
25,59155,2,2,1, 59157
31,59156,2,2,0, 59158
1,59166,1,1,1, 59167
7,59172,1,1,1, 59173
9,59177,2,2,1, 59179
15,59181,2,2,1, 59183
31,59196,2,2,0, 59198
1,59206,1,1,1, 59207
7,59212,1,1,1, 59213
15,59221,2,2,0, 59223
31,59236,2,2,1, 59238
1,59246,1,1,0, 59247
7,59252,1,1,0, 59253
9,59257,2,2,1, 59259
15,59261,2,2,1, 59263
31,59276,2,2,0, 59278
1,59286,1,1,1, 59287
7,59292,1,1,0, 59293
9,59297,2,2,1, 59299
15,59301,2,2,0, 59303
31,59316,2,2,1, 59318
1,59326,1,1,0, 59327
7,59332,1,1,1, 59333
25,59355,2,2,1, 59357
31,59356,2,2,1, 59358
1,59366,1,1,0, 59367
7,59372,1,1,0, 59373
31,59396,2,2,1, 59398
1,59406,1,1,0, 59407
7,59412,1,1,1, 59413
31,59436,2,2,0, 59438
1,59446,1,1,1, 59447
7,59452,1,1,0, 59453
15,59461,2,2,0, 59463
31,59476,2,2,0, 59478
1,59486,1,1,1, 59487
7,59492,1,1,1, 59493
9,59497,2,2,1, 59499
15,59501,2,2,0, 59503
25,59515,2,2,1, 59517
31,59516,2,2,0, 59518
1,59526,1,1,1, 59527
7,59532,1,1,0, 59533
9,59537,2,2,1, 59539
15,59541,2,2,1, 59543
25,59555,2,2,1, 59557
31,59556,2,2,1, 59558
1,59566,1,1,0, 59567
7,59572,1,1,1, 59573
9,59577,2,2,1, 59579
15,59581,2,2,0, 59583
25,59595,2,2,1, 59597
31,59596,2,2,1, 59598
1,59606,1,1,0, 59607
7,59612,1,1,1, 59613
9,59617,2,2,1, 59619
15,59621,2,2,0, 59623
25,59635,2,2,1, 59637
31,59636,2,2,0, 59638
1,59646,1,1,1, 59647
7,59652,1,1,1, 59653
9,59657,2,2,1, 59659
15,59661,2,2,1, 59663
25,59675,2,2,1, 59677
31,59676,2,2,1, 59678
1,59686,1,1,1, 59687
7,59692,1,1,0, 59693
9,59697,2,2,1, 59699
15,59701,2,2,1, 59703
31,59716,2,2,1, 59718
1,59726,1,1,1, 59727
7,59732,1,1,1, 59733
9,59737,2,2,1, 59739
15,59741,2,2,0, 59743
25,59755,2,2,1, 59757
31,59756,2,2,0, 59758
1,59766,1,1,0, 59767
7,59772,1,1,1, 59773
15,59781,2,2,0, 59783
25,59795,2,2,1, 59797
31,59796,2,2,1, 59798
1,59806,1,1,0, 59807
7,59812,1,1,1, 59813
9,59817,2,2,1, 59819
15,59821,2,2,1, 59823
25,59835,2,2,1, 59837
31,59836,2,2,0, 59838
1,59846,1,1,0, 59847
7,59852,1,1,0, 59853
15,59861,2,2,0, 59863
31,59876,2,2,0, 59878
1,59886,1,1,0, 59887
7,59892,1,1,0, 59893
9,59897,2,2,1, 59899
15,59901,2,2,0, 59903
31,59916,2,2,1, 59918
1,59926,1,1,1, 59927
7,59932,1,1,1, 59933
15,59941,2,2,0, 59943
31,59956,2,2,0, 59958
7,59972,1,1,0, 59973
15,59981,2,2,0, 59983
31,59996,2,2,1, 59998
7,60012,1,1,1, 60013
15,60021,2,2,0, 60023
31,60036,2,2,0, 60038
7,60052,1,1,0, 60053
15,60061,2,2,0, 60063
31,60076,2,2,1, 60078
7,60092,1,1,0, 60093
15,60101,2,2,0, 60103
31,60116,2,2,0, 60118
7,60132,1,1,0, 60133
15,60141,2,2,1, 60143
31,60156,2,2,0, 60158
7,60172,1,1,1, 60173
31,60196,2,2,0, 60198
7,60212,1,1,0, 60213
31,60236,2,2,1, 60238
7,60252,1,1,0, 60253
31,60276,2,2,1, 60278
7,60292,1,1,0, 60293
15,60301,2,2,1, 60303
31,60316,2,2,1, 60318
7,60332,1,1,1, 60333
15,60341,2,2,1, 60343
31,60356,2,2,1, 60358
7,60372,1,1,1, 60373
15,60381,2,2,0, 60383
31,60396,2,2,1, 60398
7,60412,1,1,0, 60413
15,60421,2,2,0, 60423
31,60436,2,2,1, 60438
7,60452,1,1,0, 60453
15,60461,2,2,0, 60463
31,60476,2,2,0, 60478
7,60492,1,1,1, 60493
31,60516,2,2,1, 60518
7,60532,1,1,0, 60533
31,60556,2,2,0, 60558
7,60572,1,1,0, 60573
31,60596,2,2,1, 60598
7,60612,1,1,1, 60613
15,60621,2,2,1, 60623
31,60636,2,2,0, 60638
7,60652,1,1,0, 60653
15,60661,2,2,0, 60663
31,60676,2,2,1, 60678
7,60692,1,1,0, 60693
15,60701,2,2,0, 60703
31,60716,2,2,1, 60718
7,60732,1,1,0, 60733
15,60741,2,2,1, 60743
31,60756,2,2,0, 60758
7,60772,1,1,1, 60773
31,60796,2,2,1, 60798
7,60812,1,1,1, 60813
31,60836,2,2,0, 60838
7,60852,1,1,0, 60853
31,60876,2,2,0, 60878
7,60892,1,1,1, 60893
15,60901,2,2,1, 60903
31,60916,2,2,0, 60918
7,60932,1,1,0, 60933
15,60941,2,2,1, 60943
31,60956,2,2,1, 60958
7,60972,1,1,0, 60973
15,60981,2,2,0, 60983
31,60996,2,2,0, 60998
7,61012,1,1,1, 61013
15,61021,2,2,0, 61023
31,61036,2,2,1, 61038
7,61052,1,1,1, 61053
15,61061,2,2,0, 61063
31,61076,2,2,1, 61078
7,61092,1,1,1, 61093
31,61116,2,2,1, 61118
7,61132,1,1,0, 61133
31,61156,2,2,0, 61158
7,61172,1,1,1, 61173
31,61196,2,2,0, 61198
7,61212,1,1,1, 61213
15,61221,2,2,0, 61223
31,61236,2,2,0, 61238
7,61252,1,1,0, 61253
15,61261,2,2,0, 61263
31,61276,2,2,1, 61278
7,61292,1,1,1, 61293
15,61301,2,2,0, 61303
31,61316,2,2,0, 61318
7,61332,1,1,0, 61333
15,61341,2,2,1, 61343
31,61356,2,2,0, 61358
7,61372,1,1,0, 61373
31,61396,2,2,1, 61398
7,61412,1,1,0, 61413
31,61436,2,2,1, 61438
7,61452,1,1,1, 61453
31,61476,2,2,1, 61478
7,61492,1,1,1, 61493
15,61501,2,2,1, 61503
31,61516,2,2,1, 61518
7,61532,1,1,0, 61533
15,61541,2,2,0, 61543
31,61556,2,2,0, 61558
7,61572,1,1,0, 61573
15,61581,2,2,1, 61583
31,61596,2,2,1, 61598
7,61612,1,1,1, 61613
15,61621,2,2,0, 61623
31,61636,2,2,0, 61638
7,61652,1,1,1, 61653
15,61661,2,2,1, 61663
31,61676,2,2,0, 61678
7,61692,1,1,1, 61693
31,61716,2,2,0, 61718
7,61732,1,1,1, 61733
31,61756,2,2,0, 61758
7,61772,1,1,0, 61773
31,61796,2,2,1, 61798
7,61812,1,1,1, 61813
15,61821,2,2,0, 61823
31,61836,2,2,0, 61838
7,61852,1,1,0, 61853
15,61861,2,2,0, 61863
31,61876,2,2,1, 61878
7,61892,1,1,0, 61893
15,61901,2,2,1, 61903
31,61916,2,2,1, 61918
7,61932,1,1,0, 61933
15,61941,2,2,1, 61943
31,61956,2,2,0, 61958
7,61972,1,1,0, 61973
31,61996,2,2,1, 61998
7,62012,1,1,1, 62013
31,62036,2,2,1, 62038
7,62052,1,1,0, 62053
31,62076,2,2,1, 62078
7,62092,1,1,1, 62093
15,62101,2,2,1, 62103
31,62116,2,2,0, 62118
7,62132,1,1,0, 62133
15,62141,2,2,0, 62143
31,62156,2,2,0, 62158
7,62172,1,1,1, 62173
15,62181,2,2,0, 62183
31,62196,2,2,0, 62198
7,62212,1,1,1, 62213
15,62221,2,2,0, 62223
31,62236,2,2,0, 62238
7,62252,1,1,1, 62253
15,62261,2,2,0, 62263
31,62276,2,2,0, 62278
7,62292,1,1,0, 62293
31,62316,2,2,1, 62318
7,62332,1,1,1, 62333
31,62356,2,2,1, 62358
7,62372,1,1,0, 62373
31,62396,2,2,1, 62398
7,62412,1,1,0, 62413
15,62421,2,2,0, 62423
31,62436,2,2,0, 62438
7,62452,1,1,0, 62453
15,62461,2,2,0, 62463
31,62476,2,2,1, 62478
7,62492,1,1,0, 62493
15,62501,2,2,1, 62503
